route1_FR76_s2p00_N1p0
100	0
0.000000	0.000000000e+00
0.005000	3.201469748e-02
0.010000	6.390048308e-02
0.015000	9.552896398e-02
0.020000	1.267727835e-01
0.025000	1.575061337e-01
0.030000	1.876052623e-01
0.035000	2.169489707e-01
0.040000	2.454191022e-01
0.045000	2.729010176e-01
0.050000	2.992840570e-01
0.055000	3.244619850e-01
0.060000	3.483334192e-01
0.065000	3.708022376e-01
0.070000	3.917779663e-01
0.075000	4.111761434e-01
0.080000	4.289186592e-01
0.085000	4.449340711e-01
0.090000	4.591578904e-01
0.095000	4.715328430e-01
0.100000	4.820090993e-01
0.105000	4.905444750e-01
0.110000	4.971046012e-01
0.115000	5.016630627e-01
0.120000	5.042015041e-01
0.125000	5.047097040e-01
0.130000	5.031856161e-01
0.135000	4.996353772e-01
0.140000	4.940732831e-01
0.145000	4.865217302e-01
0.150000	4.770111260e-01
0.155000	4.655797664e-01
0.160000	4.522736814e-01
0.165000	4.371464499e-01
0.170000	4.202589839e-01
0.175000	4.016792833e-01
0.180000	3.814821620e-01
0.185000	3.597489467e-01
0.190000	3.365671494e-01
0.195000	3.120301149e-01
0.200000	2.862366453e-01
0.205000	2.592906018e-01
0.210000	2.313004865e-01
0.215000	2.023790058e-01
0.220000	1.726426162e-01
0.225000	1.422110558e-01
0.230000	1.112068617e-01
0.235000	7.975487673e-02
0.240000	4.798174706e-02
0.245000	1.601541182e-02
0.250000	-1.601541182e-02
0.255000	-4.798174706e-02
0.260000	-7.975487673e-02
0.265000	-1.112068617e-01
0.270000	-1.422110558e-01
0.275000	-1.726426162e-01
0.280000	-2.023790058e-01
0.285000	-2.313004865e-01
0.290000	-2.592906018e-01
0.295000	-2.862366453e-01
0.300000	-3.120301149e-01
0.305000	-3.365671494e-01
0.310000	-3.597489467e-01
0.315000	-3.814821620e-01
0.320000	-4.016792833e-01
0.325000	-4.202589839e-01
0.330000	-4.371464499e-01
0.335000	-4.522736814e-01
0.340000	-4.655797664e-01
0.345000	-4.770111260e-01
0.350000	-4.865217302e-01
0.355000	-4.940732831e-01
0.360000	-4.996353772e-01
0.365000	-5.031856161e-01
0.370000	-5.047097040e-01
0.375000	-5.042015041e-01
0.380000	-5.016630627e-01
0.385000	-4.971046012e-01
0.390000	-4.905444750e-01
0.395000	-4.820090993e-01
0.400000	-4.715328430e-01
0.405000	-4.591578904e-01
0.410000	-4.449340711e-01
0.415000	-4.289186592e-01
0.420000	-4.111761434e-01
0.425000	-3.917779663e-01
0.430000	-3.708022376e-01
0.435000	-3.483334192e-01
0.440000	-3.244619850e-01
0.445000	-2.992840570e-01
0.450000	-2.729010176e-01
0.455000	-2.454191022e-01
0.460000	-2.169489707e-01
0.465000	-1.876052623e-01
0.470000	-1.575061337e-01
0.475000	-1.267727835e-01
0.480000	-9.552896398e-02
0.485000	-6.390048308e-02
0.490000	-3.201469748e-02
0.495000	-1.236337868e-16
