         time tilt_beam_... 
------------- ------------- 
 2.783869e-04  2.717490e-02 
 6.760826e-04  2.797372e-02 
 1.073778e-03  2.882315e-02 
 1.471474e-03  2.963426e-02 
 1.869169e-03  3.025173e-02 
 2.266865e-03  3.092433e-02 
 2.664561e-03  3.175501e-02 
 3.062256e-03  3.279947e-02 
 3.459952e-03  3.396459e-02 
 3.857648e-03  3.521244e-02 
 4.255343e-03  3.642631e-02 
 4.653039e-03  3.755805e-02 
 5.050734e-03  3.864595e-02 
 5.448430e-03  3.978844e-02 
 5.846126e-03  4.093044e-02 
 6.243821e-03  4.210080e-02 
 6.641517e-03  4.321182e-02 
 7.039213e-03  4.434730e-02 
 7.436908e-03  4.541745e-02 
 7.834604e-03  4.637705e-02 
 8.232299e-03  4.720682e-02 
 8.629995e-03  4.800403e-02 
 9.027691e-03  4.876882e-02 
 9.425386e-03  4.941489e-02 
 9.823082e-03  5.003572e-02 
 1.022078e-02  5.051061e-02 
 1.061847e-02  5.090387e-02 
 1.101617e-02  5.127581e-02 
 1.141386e-02  5.167348e-02 
 1.181156e-02  5.218997e-02 
 1.220926e-02  5.271015e-02 
 1.260695e-02  5.332755e-02 
 1.300465e-02  5.396397e-02 
 1.340234e-02  5.462089e-02 
 1.380004e-02  5.519239e-02 
 1.419773e-02  5.580944e-02 
 1.459543e-02  5.646836e-02 
 1.499313e-02  5.727135e-02 
 1.539082e-02  5.816126e-02 
 1.578852e-02  5.906987e-02 
 1.618621e-02  5.991425e-02 
 1.658391e-02  6.071735e-02 
 1.698160e-02  6.144503e-02 
 1.737930e-02  6.213015e-02 
 1.777699e-02  6.275635e-02 
 1.817469e-02  6.329064e-02 
 1.857239e-02  6.390956e-02 
 1.897008e-02  6.456295e-02 
 1.936778e-02  6.519676e-02 
 1.976547e-02  6.581155e-02 
 2.016317e-02  6.631382e-02 
 2.056086e-02  6.680980e-02 
 2.095856e-02  6.729971e-02 
 2.135626e-02  6.791919e-02 
 2.175395e-02  6.860247e-02 
 2.215165e-02  6.931071e-02 
 2.254934e-02  7.005612e-02 
 2.294704e-02  7.083888e-02 
 2.334473e-02  7.152571e-02 
 2.374243e-02  7.211179e-02 
 2.414012e-02  7.271283e-02 
 2.453782e-02  7.322655e-02 
 2.493552e-02  7.384673e-02 
 2.533321e-02  7.448475e-02 
 2.573091e-02  7.515868e-02 
 2.612860e-02  7.580287e-02 
 2.652630e-02  7.626294e-02 
 2.692399e-02  7.655045e-02 
 2.732169e-02  7.667530e-02 
 2.771939e-02  7.660334e-02 
 2.811708e-02  7.641845e-02 
 2.851478e-02  7.611498e-02 
 2.891247e-02  7.577107e-02 
 2.931017e-02  7.538575e-02 
 2.970786e-02  7.496839e-02 
 3.010556e-02  7.450033e-02 
 3.050325e-02  7.401022e-02 
 3.090095e-02  7.346731e-02 
 3.129865e-02  7.294943e-02 
 3.169634e-02  7.240571e-02 
 3.209404e-02  7.191895e-02 
 3.249173e-02  7.135753e-02 
 3.288943e-02  7.082306e-02 
 3.328712e-02  7.026156e-02 
 3.368482e-02  6.975330e-02 
 3.408252e-02  6.932047e-02 
 3.448021e-02  6.880763e-02 
 3.487791e-02  6.823776e-02 
 3.527560e-02  6.755407e-02 
 3.567330e-02  6.674330e-02 
 3.607099e-02  6.576722e-02 
 3.646869e-02  6.468124e-02 
 3.686638e-02  6.356644e-02 
 3.726408e-02  6.241488e-02 
 3.766178e-02  6.119511e-02 
 3.805947e-02  5.975148e-02 
 3.845717e-02  5.817692e-02 
 3.885486e-02  5.640185e-02 
 3.925256e-02  5.447136e-02 
 3.965025e-02  5.255512e-02 
 4.004795e-02  5.070033e-02 
 4.044565e-02  4.888693e-02 
 4.084334e-02  4.710552e-02 
 4.124104e-02  4.533161e-02 
 4.163873e-02  4.348280e-02 
 4.203643e-02  4.153609e-02 
 4.243412e-02  3.943692e-02 
 4.283182e-02  3.733309e-02 
 4.322951e-02  3.525775e-02 
 4.362721e-02  3.316967e-02 
 4.402491e-02  3.127507e-02 
 4.442260e-02  2.939632e-02 
 4.482030e-02  2.752488e-02 
 4.521799e-02  2.561592e-02 
 4.561569e-02  2.362054e-02 
 4.601338e-02  2.155695e-02 
 4.641108e-02  1.939754e-02 
 4.680878e-02  1.721322e-02 
 4.720647e-02  1.500008e-02 
 4.760417e-02  1.273866e-02 
 4.800186e-02  1.054970e-02 
 4.839956e-02  8.484976e-03 
 4.879725e-02  6.393935e-03 
 4.919495e-02  4.312139e-03 
 4.959264e-02  2.228331e-03 
 4.999034e-02  5.732825e-05 
 5.038804e-02 -2.060036e-03 
 5.078573e-02 -4.175207e-03 
 5.118343e-02 -6.158608e-03 
 5.158112e-02 -8.103397e-03 
 5.197882e-02 -1.003338e-02 
 5.237651e-02 -1.188631e-02 
 5.277421e-02 -1.372150e-02 
 5.317191e-02 -1.567734e-02 
 5.356960e-02 -1.771268e-02 
 5.396730e-02 -1.976604e-02 
 5.436499e-02 -2.184310e-02 
 5.476269e-02 -2.393634e-02 
 5.516038e-02 -2.593620e-02 
 5.555808e-02 -2.804212e-02 
 5.595577e-02 -3.038683e-02 
 5.635347e-02 -3.284676e-02 
 5.675117e-02 -3.535437e-02 
 5.714886e-02 -3.793132e-02 
 5.754656e-02 -4.043590e-02 
 5.794425e-02 -4.291013e-02 
 5.834195e-02 -4.535832e-02 
 5.873964e-02 -4.765989e-02 
 5.913734e-02 -5.002272e-02 
 5.953504e-02 -5.236074e-02 
 5.993273e-02 -5.483386e-02 
 6.033043e-02 -5.740268e-02 
 6.072812e-02 -6.001631e-02 
 6.112582e-02 -6.262860e-02 
 6.152351e-02 -6.531014e-02 
 6.192121e-02 -6.805768e-02 
 6.231890e-02 -7.087429e-02 
 6.271660e-02 -7.355704e-02 
 6.311430e-02 -7.621583e-02 
 6.351199e-02 -7.881816e-02 
 6.390969e-02 -8.134030e-02 
 6.430738e-02 -8.385958e-02 
 6.470508e-02 -8.644031e-02 
 6.510277e-02 -8.896002e-02 
 6.550047e-02 -9.149031e-02 
 6.589817e-02 -9.395562e-02 
 6.629586e-02 -9.641526e-02 
 6.669356e-02 -9.870803e-02 
 6.709125e-02 -1.009521e-01 
 6.748895e-02 -1.032391e-01 
 6.788664e-02 -1.055444e-01 
 6.828434e-02 -1.079206e-01 
 6.868203e-02 -1.102806e-01 
 6.907973e-02 -1.126124e-01 
 6.947743e-02 -1.149321e-01 
 6.987512e-02 -1.171494e-01 
 7.027282e-02 -1.193846e-01 
 7.067051e-02 -1.216177e-01 
 7.106821e-02 -1.238917e-01 
 7.146590e-02 -1.262348e-01 
 7.186360e-02 -1.285810e-01 
 7.226130e-02 -1.309482e-01 
 7.265899e-02 -1.331879e-01 
 7.305669e-02 -1.353629e-01 
 7.345438e-02 -1.373935e-01 
 7.385208e-02 -1.393512e-01 
 7.424977e-02 -1.413431e-01 
 7.464747e-02 -1.433792e-01 
 7.504516e-02 -1.453936e-01 
 7.544286e-02 -1.473568e-01 
 7.584056e-02 -1.494096e-01 
 7.623825e-02 -1.513892e-01 
 7.663595e-02 -1.531783e-01 
 7.703364e-02 -1.548812e-01 
 7.743134e-02 -1.563396e-01 
 7.782903e-02 -1.576677e-01 
 7.822673e-02 -1.590009e-01 
 7.862443e-02 -1.603701e-01 
 7.902212e-02 -1.617760e-01 
 7.941982e-02 -1.631649e-01 
 7.981751e-02 -1.645133e-01 
 8.021521e-02 -1.658612e-01 
 8.061290e-02 -1.671575e-01 
 8.101060e-02 -1.684281e-01 
 8.140830e-02 -1.696209e-01 
 8.180599e-02 -1.708128e-01 
 8.220369e-02 -1.719277e-01 
 8.260138e-02 -1.731028e-01 
 8.299908e-02 -1.741430e-01 
 8.339677e-02 -1.751661e-01 
 8.379447e-02 -1.760620e-01 
 8.419216e-02 -1.769136e-01 
 8.458986e-02 -1.777768e-01 
 8.498756e-02 -1.785984e-01 
 8.538525e-02 -1.793582e-01 
 8.578295e-02 -1.800640e-01 
 8.618064e-02 -1.806741e-01 
 8.657834e-02 -1.812373e-01 
 8.697603e-02 -1.818066e-01 
 8.737373e-02 -1.824819e-01 
 8.777143e-02 -1.830728e-01 
 8.816912e-02 -1.835740e-01 
 8.856682e-02 -1.839810e-01 
 8.896451e-02 -1.843565e-01 
 8.936221e-02 -1.846231e-01 
 8.975990e-02 -1.849979e-01 
 9.015760e-02 -1.854949e-01 
 9.055529e-02 -1.860085e-01 
 9.095299e-02 -1.864758e-01 
 9.135069e-02 -1.868512e-01 
 9.174838e-02 -1.870385e-01 
 9.214608e-02 -1.869276e-01 
 9.254377e-02 -1.866769e-01 
 9.294147e-02 -1.863151e-01 
 9.333916e-02 -1.860028e-01 
 9.373686e-02 -1.857054e-01 
 9.413456e-02 -1.853421e-01 
 9.453225e-02 -1.850050e-01 
 9.492995e-02 -1.844883e-01 
 9.532764e-02 -1.837855e-01 
 9.572534e-02 -1.829944e-01 
 9.612303e-02 -1.820451e-01 
 9.652073e-02 -1.809885e-01 
 9.691842e-02 -1.798700e-01 
 9.731612e-02 -1.787355e-01 
 9.771382e-02 -1.775263e-01 
 9.811151e-02 -1.762589e-01 
 9.850921e-02 -1.748743e-01 
 9.890690e-02 -1.733713e-01 
 9.930460e-02 -1.717936e-01 
 9.970229e-02 -1.701724e-01 
 1.001000e-01 -1.685425e-01 
 1.004977e-01 -1.667945e-01 
 1.008954e-01 -1.650173e-01 
 1.012931e-01 -1.631882e-01 
 1.016908e-01 -1.612974e-01 
 1.020885e-01 -1.594062e-01 
 1.024862e-01 -1.574555e-01 
 1.028839e-01 -1.554428e-01 
 1.032816e-01 -1.533223e-01 
 1.036793e-01 -1.511128e-01 
 1.040769e-01 -1.489524e-01 
 1.044746e-01 -1.467937e-01 
 1.048723e-01 -1.446261e-01 
 1.052700e-01 -1.424727e-01 
 1.056677e-01 -1.404338e-01 
 1.060654e-01 -1.383692e-01 
 1.064631e-01 -1.361032e-01 
 1.068608e-01 -1.337469e-01 
 1.072585e-01 -1.313130e-01 
 1.076562e-01 -1.287605e-01 
 1.080539e-01 -1.262226e-01 
 1.084516e-01 -1.236964e-01 
 1.088493e-01 -1.211544e-01 
 1.092470e-01 -1.185389e-01 
 1.096447e-01 -1.158444e-01 
 1.100424e-01 -1.130366e-01 
 1.104401e-01 -1.100699e-01 
 1.108378e-01 -1.070056e-01 
 1.112355e-01 -1.038533e-01 
 1.116332e-01 -1.008228e-01 
 1.120309e-01 -9.784955e-02 
 1.124286e-01 -9.488414e-02 
 1.128262e-01 -9.195343e-02 
 1.132239e-01 -8.897470e-02 
 1.136216e-01 -8.605081e-02 
 1.140193e-01 -8.309187e-02 
 1.144170e-01 -8.015063e-02 
 1.148147e-01 -7.721260e-02 
 1.152124e-01 -7.426596e-02 
 1.156101e-01 -7.141582e-02 
 1.160078e-01 -6.863733e-02 
 1.164055e-01 -6.593145e-02 
 1.168032e-01 -6.329521e-02 
 1.172009e-01 -6.058234e-02 
 1.175986e-01 -5.777530e-02 
 1.179963e-01 -5.489777e-02 
 1.183940e-01 -5.194047e-02 
 1.187917e-01 -4.894093e-02 
 1.191894e-01 -4.588145e-02 
 1.195871e-01 -4.283592e-02 
 1.199848e-01 -3.978648e-02 
 1.203825e-01 -3.667967e-02 
 1.207802e-01 -3.348712e-02 
 1.211779e-01 -3.031264e-02 
 1.215756e-01 -2.706561e-02 
 1.219732e-01 -2.391914e-02 
 1.223709e-01 -2.078726e-02 
 1.227686e-01 -1.774597e-02 
 1.231663e-01 -1.480491e-02 
 1.235640e-01 -1.197750e-02 
 1.239617e-01 -9.144919e-03 
 1.243594e-01 -6.393289e-03 
 1.247571e-01 -3.487770e-03 
 1.251548e-01 -4.555271e-04 
 1.255525e-01  2.622878e-03 
 1.259502e-01  5.615249e-03 
 1.263479e-01  8.644867e-03 
 1.267456e-01  1.169327e-02 
 1.271433e-01  1.483134e-02 
 1.275410e-01  1.811144e-02 
 1.279387e-01  2.146921e-02 
 1.283364e-01  2.496750e-02 
 1.287341e-01  2.854547e-02 
 1.291318e-01  3.229509e-02 
 1.295295e-01  3.596531e-02 
 1.299272e-01  3.962954e-02 
 1.303249e-01  4.318391e-02 
 1.307226e-01  4.661758e-02 
 1.311202e-01  4.998061e-02 
 1.315179e-01  5.335482e-02 
 1.319156e-01  5.667883e-02 
 1.323133e-01  5.989168e-02 
 1.327110e-01  6.302277e-02 
 1.331087e-01  6.602567e-02 
 1.335064e-01  6.896151e-02 
 1.339041e-01  7.169384e-02 
 1.343018e-01  7.428290e-02 
 1.346995e-01  7.672764e-02 
 1.350972e-01  7.908918e-02 
 1.354949e-01  8.134005e-02 
 1.358926e-01  8.358441e-02 
 1.362903e-01  8.584187e-02 
 1.366880e-01  8.802139e-02 
 1.370857e-01  9.015123e-02 
 1.374834e-01  9.234649e-02 
 1.378811e-01  9.454396e-02 
 1.382788e-01  9.669727e-02 
 1.386765e-01  9.879890e-02 
 1.390742e-01  1.009127e-01 
 1.394719e-01  1.030560e-01 
 1.398696e-01  1.051797e-01 
 1.402672e-01  1.073102e-01 
 1.406649e-01  1.093684e-01 
 1.410626e-01  1.113216e-01 
 1.414603e-01  1.131665e-01 
 1.418580e-01  1.148953e-01 
 1.422557e-01  1.165252e-01 
 1.426534e-01  1.180536e-01 
 1.430511e-01  1.195098e-01 
 1.434488e-01  1.208938e-01 
 1.438465e-01  1.223041e-01 
 1.442442e-01  1.236536e-01 
 1.446419e-01  1.249173e-01 
 1.450396e-01  1.259959e-01 
 1.454373e-01  1.269400e-01 
 1.458350e-01  1.278294e-01 
 1.462327e-01  1.287733e-01 
 1.466304e-01  1.298322e-01 
 1.470281e-01  1.310149e-01 
 1.474258e-01  1.323190e-01 
 1.478235e-01  1.336108e-01 
 1.482212e-01  1.348901e-01 
 1.486189e-01  1.361649e-01 
 1.490166e-01  1.373996e-01 
 1.494142e-01  1.384985e-01 
 1.498119e-01  1.395422e-01 
 1.502096e-01  1.405629e-01 
 1.506073e-01  1.416035e-01 
 1.510050e-01  1.425511e-01 
 1.514027e-01  1.434867e-01 
 1.518004e-01  1.443404e-01 
 1.521981e-01  1.451436e-01 
 1.525958e-01  1.458867e-01 
 1.529935e-01  1.466208e-01 
 1.533912e-01  1.472481e-01 
 1.537889e-01  1.478239e-01 
 1.541866e-01  1.483661e-01 
 1.545843e-01  1.489301e-01 
 1.549820e-01  1.494138e-01 
 1.553797e-01  1.498277e-01 
 1.557774e-01  1.503037e-01 
 1.561751e-01  1.507038e-01 
 1.565728e-01  1.511414e-01 
 1.569705e-01  1.515571e-01 
 1.573682e-01  1.519323e-01 
 1.577659e-01  1.522929e-01 
 1.581636e-01  1.526856e-01 
 1.585612e-01  1.531547e-01 
 1.589589e-01  1.535725e-01 
 1.593566e-01  1.539047e-01 
 1.597543e-01  1.541222e-01 
 1.601520e-01  1.541937e-01 
 1.605497e-01  1.541389e-01 
 1.609474e-01  1.540078e-01 
 1.613451e-01  1.538934e-01 
 1.617428e-01  1.537652e-01 
 1.621405e-01  1.535240e-01 
 1.625382e-01  1.532747e-01 
 1.629359e-01  1.528131e-01 
 1.633336e-01  1.521468e-01 
 1.637313e-01  1.513019e-01 
 1.641290e-01  1.501551e-01 
 1.645267e-01  1.488722e-01 
 1.649244e-01  1.474713e-01 
 1.653221e-01  1.460508e-01 
 1.657198e-01  1.445525e-01 
 1.661175e-01  1.429970e-01 
 1.665152e-01  1.413823e-01 
 1.669129e-01  1.395886e-01 
 1.673106e-01  1.376571e-01 
 1.677082e-01  1.355681e-01 
 1.681059e-01  1.333613e-01 
 1.685036e-01  1.310964e-01 
 1.689013e-01  1.288578e-01 
 1.692990e-01  1.266109e-01 
 1.696967e-01  1.243399e-01 
 1.700944e-01  1.219438e-01 
 1.704921e-01  1.194679e-01 
 1.708898e-01  1.169764e-01 
 1.712875e-01  1.143979e-01 
 1.716852e-01  1.118294e-01 
 1.720829e-01  1.092247e-01 
 1.724806e-01  1.066833e-01 
 1.728783e-01  1.040840e-01 
 1.732760e-01  1.014779e-01 
 1.736737e-01  9.879723e-02 
 1.740714e-01  9.603633e-02 
 1.744691e-01  9.314936e-02 
 1.748668e-01  9.025639e-02 
 1.752645e-01  8.744540e-02 
 1.756622e-01  8.454668e-02 
 1.760599e-01  8.168540e-02 
 1.764576e-01  7.889344e-02 
 1.768552e-01  7.610142e-02 
 1.772529e-01  7.339611e-02 
 1.776506e-01  7.073673e-02 
 1.780483e-01  6.807033e-02 
 1.784460e-01  6.534309e-02 
 1.788437e-01  6.263239e-02 
 1.792414e-01  5.993512e-02 
 1.796391e-01  5.731440e-02 
 1.800368e-01  5.479902e-02 
 1.804345e-01  5.242006e-02 
 1.808322e-01  5.018020e-02 
 1.812299e-01  4.795941e-02 
 1.816276e-01  4.574404e-02 
 1.820253e-01  4.347997e-02 
 1.824230e-01  4.112332e-02 
 1.828207e-01  3.869596e-02 
 1.832184e-01  3.627695e-02 
 1.836161e-01  3.392654e-02 
 1.840138e-01  3.153170e-02 
 1.844115e-01  2.916767e-02 
 1.848092e-01  2.677729e-02 
 1.852069e-01  2.433612e-02 
 1.856045e-01  2.181519e-02 
 1.860022e-01  1.932609e-02 
 1.863999e-01  1.679961e-02 
 1.867976e-01  1.437807e-02 
 1.871953e-01  1.211054e-02 
 1.875930e-01  9.976019e-03 
 1.879907e-01  7.951021e-03 
 1.883884e-01  5.905948e-03 
 1.887861e-01  3.938905e-03 
 1.891838e-01  1.908995e-03 
 1.895815e-01 -1.749338e-04 
 1.899792e-01 -2.185999e-03 
 1.903769e-01 -4.140601e-03 
 1.907746e-01 -6.115783e-03 
 1.911723e-01 -8.137302e-03 
 1.915700e-01 -1.019490e-02 
 1.919677e-01 -1.223738e-02 
 1.923654e-01 -1.447306e-02 
 1.927631e-01 -1.671376e-02 
 1.931608e-01 -1.902691e-02 
 1.935585e-01 -2.147763e-02 
 1.939562e-01 -2.392205e-02 
 1.943539e-01 -2.628598e-02 
 1.947515e-01 -2.855702e-02 
 1.951492e-01 -3.080804e-02 
 1.955469e-01 -3.305010e-02 
 1.959446e-01 -3.533922e-02 
 1.963423e-01 -3.766221e-02 
 1.967400e-01 -4.005608e-02 
 1.971377e-01 -4.252008e-02 
 1.975354e-01 -4.496946e-02 
 1.979331e-01 -4.736537e-02 
 1.983308e-01 -4.969640e-02 
 1.987285e-01 -5.202293e-02 
 1.991262e-01 -5.434818e-02 
 1.995239e-01 -5.661584e-02 
 1.999216e-01 -5.889161e-02 
 2.003193e-01 -6.117326e-02 
 2.007170e-01 -6.347184e-02 
 2.011147e-01 -6.584253e-02 
 2.015124e-01 -6.822763e-02 
 2.019101e-01 -7.060415e-02 
 2.023078e-01 -7.294893e-02 
 2.027055e-01 -7.524028e-02 
 2.031032e-01 -7.761088e-02 
 2.035009e-01 -7.990084e-02 
 2.038985e-01 -8.213675e-02 
 2.042962e-01 -8.435336e-02 
 2.046939e-01 -8.656960e-02 
 2.050916e-01 -8.877262e-02 
 2.054893e-01 -9.093957e-02 
 2.058870e-01 -9.291720e-02 
 2.062847e-01 -9.479121e-02 
 2.066824e-01 -9.662101e-02 
 2.070801e-01 -9.833299e-02 
 2.074778e-01 -1.000553e-01 
 2.078755e-01 -1.017260e-01 
 2.082732e-01 -1.034319e-01 
 2.086709e-01 -1.050030e-01 
 2.090686e-01 -1.064724e-01 
 2.094663e-01 -1.079420e-01 
 2.098640e-01 -1.093353e-01 
 2.102617e-01 -1.106947e-01 
 2.106594e-01 -1.121109e-01 
 2.110571e-01 -1.136659e-01 
 2.114548e-01 -1.153296e-01 
 2.118525e-01 -1.170643e-01 
 2.122502e-01 -1.187916e-01 
 2.126479e-01 -1.204805e-01 
 2.130455e-01 -1.220035e-01 
 2.134432e-01 -1.234262e-01 
 2.138409e-01 -1.247678e-01 
 2.142386e-01 -1.260760e-01 
 2.146363e-01 -1.272679e-01 
 2.150340e-01 -1.283941e-01 
 2.154317e-01 -1.294748e-01 
 2.158294e-01 -1.304561e-01 
 2.162271e-01 -1.313406e-01 
 2.166248e-01 -1.320854e-01 
 2.170225e-01 -1.327867e-01 
 2.174202e-01 -1.335005e-01 
 2.178179e-01 -1.341973e-01 
 2.182156e-01 -1.349438e-01 
 2.186133e-01 -1.356262e-01 
 2.190110e-01 -1.363742e-01 
 2.194087e-01 -1.372626e-01 
 2.198064e-01 -1.382068e-01 
 2.202041e-01 -1.391480e-01 
 2.206018e-01 -1.400430e-01 
 2.209995e-01 -1.409367e-01 
 2.213972e-01 -1.416925e-01 
 2.217949e-01 -1.424956e-01 
 2.221925e-01 -1.433230e-01 
 2.225902e-01 -1.441103e-01 
 2.229879e-01 -1.448077e-01 
 2.233856e-01 -1.454458e-01 
 2.237833e-01 -1.460346e-01 
 2.241810e-01 -1.465203e-01 
 2.245787e-01 -1.468375e-01 
 2.249764e-01 -1.470385e-01 
 2.253741e-01 -1.472473e-01 
 2.257718e-01 -1.473704e-01 
 2.261695e-01 -1.474820e-01 
 2.265672e-01 -1.475967e-01 
 2.269649e-01 -1.476452e-01 
 2.273626e-01 -1.476313e-01 
 2.277603e-01 -1.475610e-01 
 2.281580e-01 -1.475056e-01 
 2.285557e-01 -1.474100e-01 
 2.289534e-01 -1.473308e-01 
 2.293511e-01 -1.472139e-01 
 2.297488e-01 -1.472228e-01 
 2.301465e-01 -1.472430e-01 
 2.305442e-01 -1.473612e-01 
 2.309419e-01 -1.474476e-01 
 2.313395e-01 -1.474000e-01 
 2.317372e-01 -1.472650e-01 
 2.321349e-01 -1.469420e-01 
 2.325326e-01 -1.464659e-01 
 2.329303e-01 -1.458301e-01 
 2.333280e-01 -1.451793e-01 
 2.337257e-01 -1.444463e-01 
 2.341234e-01 -1.436430e-01 
 2.345211e-01 -1.427844e-01 
 2.349188e-01 -1.417540e-01 
 2.353165e-01 -1.404612e-01 
 2.357142e-01 -1.388473e-01 
 2.361119e-01 -1.371067e-01 
 2.365096e-01 -1.353356e-01 
 2.369073e-01 -1.335099e-01 
 2.373050e-01 -1.317176e-01 
 2.377027e-01 -1.300346e-01 
 2.381004e-01 -1.282410e-01 
 2.384981e-01 -1.263670e-01 
 2.388958e-01 -1.244019e-01 
 2.392935e-01 -1.224233e-01 
 2.396912e-01 -1.203420e-01 
 2.400889e-01 -1.182548e-01 
 2.404865e-01 -1.162214e-01 
 2.408842e-01 -1.142541e-01 
 2.412819e-01 -1.121509e-01 
 2.416796e-01 -1.099438e-01 
 2.420773e-01 -1.075996e-01 
 2.424750e-01 -1.051025e-01 
 2.428727e-01 -1.025559e-01 
 2.432704e-01 -9.998573e-02 
 2.436681e-01 -9.738293e-02 
 2.440658e-01 -9.470502e-02 
 2.444635e-01 -9.198968e-02 
 2.448612e-01 -8.924689e-02 
 2.452589e-01 -8.654445e-02 
 2.456566e-01 -8.374017e-02 
 2.460543e-01 -8.095571e-02 
 2.464520e-01 -7.816165e-02 
 2.468497e-01 -7.534299e-02 
 2.472474e-01 -7.258877e-02 
 2.476451e-01 -6.993770e-02 
 2.480428e-01 -6.726266e-02 
 2.484405e-01 -6.469353e-02 
 2.488382e-01 -6.224229e-02 
 2.492358e-01 -5.981807e-02 
 2.496335e-01 -5.742564e-02 
 2.500312e-01 -5.497350e-02 
 2.504289e-01 -5.255351e-02 
 2.508266e-01 -5.010522e-02 
 2.512243e-01 -4.768087e-02 
 2.516220e-01 -4.522646e-02 
 2.520197e-01 -4.285971e-02 
 2.524174e-01 -4.054319e-02 
 2.528151e-01 -3.827362e-02 
 2.532128e-01 -3.604480e-02 
 2.536105e-01 -3.380624e-02 
 2.540082e-01 -3.138500e-02 
 2.544059e-01 -2.889615e-02 
 2.548036e-01 -2.630968e-02 
 2.552013e-01 -2.372694e-02 
 2.555990e-01 -2.113962e-02 
 2.559967e-01 -1.854830e-02 
 2.563944e-01 -1.595544e-02 
 2.567921e-01 -1.340097e-02 
 2.571898e-01 -1.082147e-02 
 2.575875e-01 -8.259096e-03 
 2.579852e-01 -5.764114e-03 
 2.583828e-01 -3.176269e-03 
 2.587805e-01 -7.178062e-04 
 2.591782e-01  1.661926e-03 
 2.595759e-01  3.986091e-03 
 2.599736e-01  6.251681e-03 
 2.603713e-01  8.614112e-03 
 2.607690e-01  1.104030e-02 
 2.611667e-01  1.354018e-02 
 2.615644e-01  1.595410e-02 
 2.619621e-01  1.834046e-02 
 2.623598e-01  2.067389e-02 
 2.627575e-01  2.289293e-02 
 2.631552e-01  2.511922e-02 
 2.635529e-01  2.733589e-02 
 2.639506e-01  2.969291e-02 
 2.643483e-01  3.219007e-02 
 2.647460e-01  3.479358e-02 
 2.651437e-01  3.730548e-02 
 2.655414e-01  3.973570e-02 
 2.659391e-01  4.206889e-02 
 2.663368e-01  4.431421e-02 
 2.667345e-01  4.662112e-02 
 2.671322e-01  4.888346e-02 
 2.675298e-01  5.115068e-02 
 2.679275e-01  5.333946e-02 
 2.683252e-01  5.556748e-02 
 2.687229e-01  5.773685e-02 
 2.691206e-01  5.986721e-02 
 2.695183e-01  6.193814e-02 
 2.699160e-01  6.396948e-02 
 2.703137e-01  6.596134e-02 
 2.707114e-01  6.784563e-02 
 2.711091e-01  6.967588e-02 
 2.715068e-01  7.140102e-02 
 2.719045e-01  7.295671e-02 
 2.723022e-01  7.453337e-02 
 2.726999e-01  7.604687e-02 
 2.730976e-01  7.756355e-02 
 2.734953e-01  7.894626e-02 
 2.738930e-01  8.026824e-02 
 2.742907e-01  8.147758e-02 
 2.746884e-01  8.261540e-02 
 2.750861e-01  8.378457e-02 
 2.754838e-01  8.501552e-02 
 2.758815e-01  8.621972e-02 
 2.762792e-01  8.746803e-02 
 2.766768e-01  8.869614e-02 
 2.770745e-01  8.990391e-02 
 2.774722e-01  9.099354e-02 
 2.778699e-01  9.194527e-02 
 2.782676e-01  9.288484e-02 
 2.786653e-01  9.374762e-02 
 2.790630e-01  9.457252e-02 
 2.794607e-01  9.538481e-02 
 2.798584e-01  9.610247e-02 
 2.802561e-01  9.665072e-02 
 2.806538e-01  9.706773e-02 
 2.810515e-01  9.733235e-02 
 2.814492e-01  9.743870e-02 
 2.818469e-01  9.739259e-02 
 2.822446e-01  9.732745e-02 
 2.826423e-01  9.730669e-02 
 2.830400e-01  9.737569e-02 
 2.834377e-01  9.748948e-02 
 2.838354e-01  9.762791e-02 
 2.842331e-01  9.772893e-02 
 2.846308e-01  9.772728e-02 
 2.850285e-01  9.768996e-02 
 2.854262e-01  9.762101e-02 
 2.858238e-01  9.745341e-02 
 2.862215e-01  9.726949e-02 
 2.866192e-01  9.713700e-02 
 2.870169e-01  9.690909e-02 
 2.874146e-01  9.667857e-02 
 2.878123e-01  9.643760e-02 
 2.882100e-01  9.606560e-02 
 2.886077e-01  9.547085e-02 
 2.890054e-01  9.475308e-02 
 2.894031e-01  9.394352e-02 
 2.898008e-01  9.298710e-02 
 2.901985e-01  9.203324e-02 
 2.905962e-01  9.098129e-02 
 2.909939e-01  8.989726e-02 
 2.913916e-01  8.867176e-02 
 2.917893e-01  8.728698e-02 
 2.921870e-01  8.580759e-02 
 2.925847e-01  8.418586e-02 
 2.929824e-01  8.247931e-02 
 2.933801e-01  8.072587e-02 
 2.937778e-01  7.898227e-02 
 2.941755e-01  7.719345e-02 
 2.945732e-01  7.532554e-02 
 2.949708e-01  7.341759e-02 
 2.953685e-01  7.142036e-02 
 2.957662e-01  6.939987e-02 
 2.961639e-01  6.725789e-02 
 2.965616e-01  6.498454e-02 
 2.969593e-01  6.263872e-02 
 2.973570e-01  6.023381e-02 
 2.977547e-01  5.781477e-02 
 2.981524e-01  5.528435e-02 
 2.985501e-01  5.278396e-02 
 2.989478e-01  5.019194e-02 
 2.993455e-01  4.748906e-02 
 2.997432e-01  4.468684e-02 
 3.001409e-01  4.181312e-02 
 3.005386e-01  3.884647e-02 
 3.009363e-01  3.577778e-02 
 3.013340e-01  3.266026e-02 
 3.017317e-01  2.962442e-02 
 3.021294e-01  2.663235e-02 
 3.025271e-01  2.370819e-02 
 3.029248e-01  2.087755e-02 
 3.033225e-01  1.803345e-02 
 3.037202e-01  1.516986e-02 
 3.041178e-01  1.229153e-02 
 3.045155e-01  9.478619e-03 
 3.049132e-01  6.657224e-03 
 3.053109e-01  3.889694e-03 
 3.057086e-01  1.137715e-03 
 3.061063e-01 -1.587097e-03 
 3.065040e-01 -4.300379e-03 
 3.069017e-01 -7.049194e-03 
 3.072994e-01 -9.860076e-03 
 3.076971e-01 -1.272592e-02 
 3.080948e-01 -1.550930e-02 
 3.084925e-01 -1.826949e-02 
 3.088902e-01 -2.092520e-02 
 3.092879e-01 -2.348893e-02 
 3.096856e-01 -2.593889e-02 
 3.100833e-01 -2.830352e-02 
 3.104810e-01 -3.068377e-02 
 3.108787e-01 -3.313175e-02 
 3.112764e-01 -3.557776e-02 
 3.116741e-01 -3.791991e-02 
 3.120718e-01 -4.015936e-02 
 3.124695e-01 -4.218078e-02 
 3.128672e-01 -4.416355e-02 
 3.132648e-01 -4.621557e-02 
 3.136625e-01 -4.835752e-02 
 3.140602e-01 -5.059422e-02 
 3.144579e-01 -5.282982e-02 
 3.148556e-01 -5.514602e-02 
 3.152533e-01 -5.751103e-02 
 3.156510e-01 -5.972278e-02 
 3.160487e-01 -6.182399e-02 
 3.164464e-01 -6.382527e-02 
 3.168441e-01 -6.581825e-02 
 3.172418e-01 -6.795911e-02 
 3.176395e-01 -7.023323e-02 
 3.180372e-01 -7.249158e-02 
 3.184349e-01 -7.466589e-02 
 3.188326e-01 -7.667135e-02 
 3.192303e-01 -7.859011e-02 
 3.196280e-01 -8.053051e-02 
 3.200257e-01 -8.249089e-02 
 3.204234e-01 -8.450987e-02 
 3.208211e-01 -8.645336e-02 
 3.212188e-01 -8.840220e-02 
 3.216165e-01 -9.040528e-02 
 3.220141e-01 -9.232216e-02 
 3.224118e-01 -9.419631e-02 
 3.228095e-01 -9.603381e-02 
 3.232072e-01 -9.799006e-02 
 3.236049e-01 -9.991603e-02 
 3.240026e-01 -1.018661e-01 
 3.244003e-01 -1.038409e-01 
 3.247980e-01 -1.057637e-01 
 3.251957e-01 -1.076771e-01 
 3.255934e-01 -1.097186e-01 
 3.259911e-01 -1.119037e-01 
 3.263888e-01 -1.140766e-01 
 3.267865e-01 -1.161816e-01 
 3.271842e-01 -1.180874e-01 
 3.275819e-01 -1.198626e-01 
 3.279796e-01 -1.215187e-01 
 3.283773e-01 -1.230728e-01 
 3.287750e-01 -1.245147e-01 
 3.291727e-01 -1.259107e-01 
 3.295704e-01 -1.271906e-01 
 3.299681e-01 -1.283514e-01 
 3.303658e-01 -1.293068e-01 
 3.307635e-01 -1.300941e-01 
 3.311611e-01 -1.306384e-01 
 3.315588e-01 -1.309989e-01 
 3.319565e-01 -1.313550e-01 
 3.323542e-01 -1.317809e-01 
 3.327519e-01 -1.322551e-01 
 3.331496e-01 -1.327601e-01 
 3.335473e-01 -1.331375e-01 
 3.339450e-01 -1.334398e-01 
 3.343427e-01 -1.336149e-01 
 3.347404e-01 -1.336524e-01 
 3.351381e-01 -1.336351e-01 
 3.355358e-01 -1.335190e-01 
 3.359335e-01 -1.333461e-01 
 3.363312e-01 -1.331168e-01 
 3.367289e-01 -1.328468e-01 
 3.371266e-01 -1.324294e-01 
 3.375243e-01 -1.318533e-01 
 3.379220e-01 -1.309856e-01 
 3.383197e-01 -1.298942e-01 
 3.387174e-01 -1.286731e-01 
 3.391151e-01 -1.272779e-01 
 3.395128e-01 -1.258566e-01 
 3.399105e-01 -1.243753e-01 
 3.403081e-01 -1.229229e-01 
 3.407058e-01 -1.213997e-01 
 3.411035e-01 -1.198012e-01 
 3.415012e-01 -1.182441e-01 
 3.418989e-01 -1.166853e-01 
 3.422966e-01 -1.151607e-01 
 3.426943e-01 -1.136225e-01 
 3.430920e-01 -1.121446e-01 
 3.434897e-01 -1.105962e-01 
 3.438874e-01 -1.090783e-01 
 3.442851e-01 -1.075866e-01 
 3.446828e-01 -1.060952e-01 
 3.450805e-01 -1.045799e-01 
 3.454782e-01 -1.029975e-01 
 3.458759e-01 -1.014176e-01 
 3.462736e-01 -9.986157e-02 
 3.466713e-01 -9.825288e-02 
 3.470690e-01 -9.659404e-02 
 3.474667e-01 -9.484575e-02 
 3.478644e-01 -9.302635e-02 
 3.482621e-01 -9.122258e-02 
 3.486598e-01 -8.938049e-02 
 3.490575e-01 -8.755272e-02 
 3.494551e-01 -8.565933e-02 
 3.498528e-01 -8.365721e-02 
 3.502505e-01 -8.159218e-02 
 3.506482e-01 -7.954934e-02 
 3.510459e-01 -7.756616e-02 
 3.514436e-01 -7.568084e-02 
 3.518413e-01 -7.379913e-02 
 3.522390e-01 -7.185381e-02 
 3.526367e-01 -6.982999e-02 
 3.530344e-01 -6.777107e-02 
 3.534321e-01 -6.568331e-02 
 3.538298e-01 -6.347557e-02 
 3.542275e-01 -6.128175e-02 
 3.546252e-01 -5.915920e-02 
 3.550229e-01 -5.706370e-02 
 3.554206e-01 -5.496324e-02 
 3.558183e-01 -5.283732e-02 
 3.562160e-01 -5.059799e-02 
 3.566137e-01 -4.817150e-02 
 3.570114e-01 -4.567796e-02 
 3.574091e-01 -4.319929e-02 
 3.578068e-01 -4.059369e-02 
 3.582045e-01 -3.783485e-02 
 3.586021e-01 -3.505780e-02 
 3.589998e-01 -3.226297e-02 
 3.593975e-01 -2.942100e-02 
 3.597952e-01 -2.654116e-02 
 3.601929e-01 -2.364179e-02 
 3.605906e-01 -2.062005e-02 
 3.609883e-01 -1.754244e-02 
 3.613860e-01 -1.449283e-02 
 3.617837e-01 -1.140627e-02 
 3.621814e-01 -8.276337e-03 
 3.625791e-01 -5.113275e-03 
 3.629768e-01 -1.983012e-03 
 3.633745e-01  1.222493e-03 
 3.637722e-01  4.467654e-03 
 3.641699e-01  7.732586e-03 
 3.645676e-01  1.110070e-02 
 3.649653e-01  1.440959e-02 
 3.653630e-01  1.765914e-02 
 3.657607e-01  2.078021e-02 
 3.661584e-01  2.387183e-02 
 3.665561e-01  2.700798e-02 
 3.669538e-01  3.008545e-02 
 3.673515e-01  3.326970e-02 
 3.677491e-01  3.652716e-02 
 3.681468e-01  3.971100e-02 
 3.685445e-01  4.279640e-02 
 3.689422e-01  4.566843e-02 
 3.693399e-01  4.830589e-02 
 3.697376e-01  5.075932e-02 
 3.701353e-01  5.317934e-02 
 3.705330e-01  5.563421e-02 
 3.709307e-01  5.810515e-02 
 3.713284e-01  6.049324e-02 
 3.717261e-01  6.288831e-02 
 3.721238e-01  6.524018e-02 
 3.725215e-01  6.755107e-02 
 3.729192e-01  6.971637e-02 
 3.733169e-01  7.179145e-02 
 3.737146e-01  7.371764e-02 
 3.741123e-01  7.547607e-02 
 3.745100e-01  7.716285e-02 
 3.749077e-01  7.871984e-02 
 3.753054e-01  8.017448e-02 
 3.757031e-01  8.146403e-02 
 3.761008e-01  8.277996e-02 
 3.764985e-01  8.401287e-02 
 3.768961e-01  8.512323e-02 
 3.772938e-01  8.611256e-02 
 3.776915e-01  8.687799e-02 
 3.780892e-01  8.759127e-02 
 3.784869e-01  8.820091e-02 
 3.788846e-01  8.893506e-02 
 3.792823e-01  8.971525e-02 
 3.796800e-01  9.048562e-02 
 3.800777e-01  9.117387e-02 
 3.804754e-01  9.172410e-02 
 3.808731e-01  9.222036e-02 
 3.812708e-01  9.267938e-02 
 3.816685e-01  9.311518e-02 
 3.820662e-01  9.362728e-02 
 3.824639e-01  9.419514e-02 
 3.828616e-01  9.474082e-02 
 3.832593e-01  9.528095e-02 
 3.836570e-01  9.571633e-02 
 3.840547e-01  9.590852e-02 
 3.844524e-01  9.594805e-02 
 3.848501e-01  9.592689e-02 
 3.852478e-01  9.587930e-02 
 3.856455e-01  9.591865e-02 
 3.860431e-01  9.599488e-02 
 3.864408e-01  9.606843e-02 
 3.868385e-01  9.601451e-02 
 3.872362e-01  9.583838e-02 
 3.876339e-01  9.550012e-02 
 3.880316e-01  9.497858e-02 
 3.884293e-01  9.439071e-02 
 3.888270e-01  9.383808e-02 
 3.892247e-01  9.332040e-02 
 3.896224e-01  9.275697e-02 
 3.900201e-01  9.225752e-02 
 3.904178e-01  9.176729e-02 
 3.908155e-01  9.121913e-02 
 3.912132e-01  9.069928e-02 
 3.916109e-01  9.018787e-02 
 3.920086e-01  8.967380e-02 
 3.924063e-01  8.905124e-02 
 3.928040e-01  8.843495e-02 
 3.932017e-01  8.767782e-02 
 3.935994e-01  8.682038e-02 
 3.939971e-01  8.587145e-02 
 3.943948e-01  8.483425e-02 
 3.947924e-01  8.377023e-02 
 3.951901e-01  8.265236e-02 
 3.955878e-01  8.140853e-02 
 3.959855e-01  8.015895e-02 
 3.963832e-01  7.880952e-02 
 3.967809e-01  7.741457e-02 
 3.971786e-01  7.603522e-02 
 3.975763e-01  7.463606e-02 
 3.979740e-01  7.315172e-02 
 3.983717e-01  7.170898e-02 
 3.987694e-01  7.018600e-02 
 3.991671e-01  6.867181e-02 
 3.995648e-01  6.721734e-02 
 3.999625e-01  6.573704e-02 
 4.003602e-01  6.418555e-02 
 4.007579e-01  6.255308e-02 
 4.011556e-01  6.085029e-02 
 4.015533e-01  5.907951e-02 
 4.019510e-01  5.723890e-02 
 4.023487e-01  5.525188e-02 
 4.027464e-01  5.306468e-02 
 4.031441e-01  5.073989e-02 
 4.035418e-01  4.838316e-02 
 4.039394e-01  4.605033e-02 
 4.043371e-01  4.379068e-02 
 4.047348e-01  4.148293e-02 
 4.051325e-01  3.916186e-02 
 4.055302e-01  3.687374e-02 
 4.059279e-01  3.456334e-02 
 4.063256e-01  3.222499e-02 
 4.067233e-01  2.982865e-02 
 4.071210e-01  2.742754e-02 
 4.075187e-01  2.515202e-02 
 4.079164e-01  2.299578e-02 
 4.083141e-01  2.088167e-02 
 4.087118e-01  1.868789e-02 
 4.091095e-01  1.635345e-02 
 4.095072e-01  1.387896e-02 
 4.099049e-01  1.141320e-02 
 4.103026e-01  9.024782e-03 
 4.107003e-01  6.638994e-03 
 4.110980e-01  4.242859e-03 
 4.114957e-01  1.775998e-03 
 4.118934e-01 -6.795101e-04 
 4.122911e-01 -3.130531e-03 
 4.126888e-01 -5.561231e-03 
 4.130864e-01 -8.117745e-03 
 4.134841e-01 -1.068174e-02 
 4.138818e-01 -1.325804e-02 
 4.142795e-01 -1.578844e-02 
 4.146772e-01 -1.825625e-02 
 4.150749e-01 -2.070356e-02 
 4.154726e-01 -2.310605e-02 
 4.158703e-01 -2.552437e-02 
 4.162680e-01 -2.786625e-02 
 4.166657e-01 -3.023746e-02 
 4.170634e-01 -3.263925e-02 
 4.174611e-01 -3.517456e-02 
 4.178588e-01 -3.779767e-02 
 4.182565e-01 -4.046581e-02 
 4.186542e-01 -4.308316e-02 
 4.190519e-01 -4.577216e-02 
 4.194496e-01 -4.845371e-02 
 4.198473e-01 -5.117656e-02 
 4.202450e-01 -5.399425e-02 
 4.206427e-01 -5.695772e-02 
 4.210404e-01 -6.010488e-02 
 4.214381e-01 -6.333697e-02 
 4.218358e-01 -6.661805e-02 
 4.222334e-01 -6.984981e-02 
 4.226311e-01 -7.298697e-02 
 4.230288e-01 -7.594510e-02 
 4.234265e-01 -7.877880e-02 
 4.238242e-01 -8.162591e-02 
 4.242219e-01 -8.432337e-02 
 4.246196e-01 -8.703990e-02 
 4.250173e-01 -8.964810e-02 
 4.254150e-01 -9.229569e-02 
 4.258127e-01 -9.475917e-02 
 4.262104e-01 -9.707761e-02 
 4.266081e-01 -9.929782e-02 
 4.270058e-01 -1.014026e-01 
 4.274035e-01 -1.034312e-01 
 4.278012e-01 -1.054828e-01 
 4.281989e-01 -1.076178e-01 
 4.285966e-01 -1.097259e-01 
 4.289943e-01 -1.118509e-01 
 4.293920e-01 -1.139997e-01 
 4.297897e-01 -1.160854e-01 
 4.301874e-01 -1.181293e-01 
 4.305851e-01 -1.201034e-01 
 4.309828e-01 -1.219281e-01 
 4.313804e-01 -1.237351e-01 
 4.317781e-01 -1.255666e-01 
 4.321758e-01 -1.273405e-01 
 4.325735e-01 -1.290082e-01 
 4.329712e-01 -1.305868e-01 
 4.333689e-01 -1.319834e-01 
 4.337666e-01 -1.331629e-01 
 4.341643e-01 -1.341196e-01 
 4.345620e-01 -1.348847e-01 
 4.349597e-01 -1.354863e-01 
 4.353574e-01 -1.359679e-01 
 4.357551e-01 -1.364233e-01 
 4.361528e-01 -1.368213e-01 
 4.365505e-01 -1.372030e-01 
 4.369482e-01 -1.374751e-01 
 4.373459e-01 -1.376600e-01 
 4.377436e-01 -1.378094e-01 
 4.381413e-01 -1.378453e-01 
 4.385390e-01 -1.377953e-01 
 4.389367e-01 -1.377255e-01 
 4.393344e-01 -1.376359e-01 
 4.397321e-01 -1.374765e-01 
 4.401298e-01 -1.372081e-01 
 4.405274e-01 -1.368876e-01 
 4.409251e-01 -1.363729e-01 
 4.413228e-01 -1.356808e-01 
 4.417205e-01 -1.347641e-01 
 4.421182e-01 -1.337623e-01 
 4.425159e-01 -1.325829e-01 
 4.429136e-01 -1.313405e-01 
 4.433113e-01 -1.299503e-01 
 4.437090e-01 -1.284189e-01 
 4.441067e-01 -1.267344e-01 
 4.445044e-01 -1.249826e-01 
 4.449021e-01 -1.231760e-01 
 4.452998e-01 -1.212026e-01 
 4.456975e-01 -1.191726e-01 
 4.460952e-01 -1.171164e-01 
 4.464929e-01 -1.150341e-01 
 4.468906e-01 -1.130219e-01 
 4.472883e-01 -1.110261e-01 
 4.476860e-01 -1.090055e-01 
 4.480837e-01 -1.069206e-01 
 4.484814e-01 -1.048580e-01 
 4.488791e-01 -1.027358e-01 
 4.492768e-01 -1.006607e-01 
 4.496744e-01 -9.857192e-02 
 4.500721e-01 -9.650310e-02 
 4.504698e-01 -9.455485e-02 
 4.508675e-01 -9.249409e-02 
 4.512652e-01 -9.038445e-02 
 4.516629e-01 -8.821756e-02 
 4.520606e-01 -8.591552e-02 
 4.524583e-01 -8.356585e-02 
 4.528560e-01 -8.116070e-02 
 4.532537e-01 -7.866957e-02 
 4.536514e-01 -7.615459e-02 
 4.540491e-01 -7.361897e-02 
 4.544468e-01 -7.110745e-02 
 4.548445e-01 -6.851814e-02 
 4.552422e-01 -6.584910e-02 
 4.556399e-01 -6.304695e-02 
 4.560376e-01 -6.015568e-02 
 4.564353e-01 -5.725017e-02 
 4.568330e-01 -5.444591e-02 
 4.572307e-01 -5.172555e-02 
 4.576284e-01 -4.900712e-02 
 4.580261e-01 -4.629442e-02 
 4.584238e-01 -4.356877e-02 
 4.588214e-01 -4.077375e-02 
 4.592191e-01 -3.787021e-02 
 4.596168e-01 -3.490125e-02 
 4.600145e-01 -3.184596e-02 
 4.604122e-01 -2.875806e-02 
 4.608099e-01 -2.574554e-02 
 4.612076e-01 -2.277690e-02 
 4.616053e-01 -1.982006e-02 
 4.620030e-01 -1.677266e-02 
 4.624007e-01 -1.376286e-02 
 4.627984e-01 -1.081190e-02 
 4.631961e-01 -7.932772e-03 
 4.635938e-01 -5.160819e-03 
 4.639915e-01 -2.383954e-03 
 4.643892e-01  2.890289e-04 
 4.647869e-01  2.887752e-03 
 4.651846e-01  5.434719e-03 
 4.655823e-01  7.923524e-03 
 4.659800e-01  1.044927e-02 
 4.663777e-01  1.302069e-02 
 4.667754e-01  1.568111e-02 
 4.671731e-01  1.828066e-02 
 4.675707e-01  2.089272e-02 
 4.679684e-01  2.351952e-02 
 4.683661e-01  2.611910e-02 
 4.687638e-01  2.859771e-02 
 4.691615e-01  3.105198e-02 
 4.695592e-01  3.338256e-02 
 4.699569e-01  3.572175e-02 
 4.703546e-01  3.805285e-02 
 4.707523e-01  4.045307e-02 
 4.711500e-01  4.277184e-02 
 4.715477e-01  4.499878e-02 
 4.719454e-01  4.713286e-02 
 4.723431e-01  4.914336e-02 
 4.727408e-01  5.102429e-02 
 4.731385e-01  5.280132e-02 
 4.735362e-01  5.448672e-02 
 4.739339e-01  5.616250e-02 
 4.743316e-01  5.794885e-02 
 4.747293e-01  5.986570e-02 
 4.751270e-01  6.177446e-02 
 4.755247e-01  6.362321e-02 
 4.759224e-01  6.537651e-02 
 4.763201e-01  6.693776e-02 
 4.767177e-01  6.842398e-02 
 4.771154e-01  6.983618e-02 
 4.775131e-01  7.113788e-02 
 4.779108e-01  7.237919e-02 
 4.783085e-01  7.362011e-02 
 4.787062e-01  7.474920e-02 
 4.791039e-01  7.583863e-02 
 4.795016e-01  7.680733e-02 
 4.798993e-01  7.772002e-02 
 4.802970e-01  7.854520e-02 
 4.806947e-01  7.926783e-02 
 4.810924e-01  7.989277e-02 
 4.814901e-01  8.035418e-02 
 4.818878e-01  8.074877e-02 
 4.822855e-01  8.107312e-02 
 4.826832e-01  8.130757e-02 
 4.830809e-01  8.144955e-02 
 4.834786e-01  8.149813e-02 
 4.838763e-01  8.158581e-02 
 4.842740e-01  8.171070e-02 
 4.846717e-01  8.190095e-02 
 4.850694e-01  8.216496e-02 
 4.854671e-01  8.241960e-02 
 4.858647e-01  8.272140e-02 
 4.862624e-01  8.310561e-02 
 4.866601e-01  8.351735e-02 
 4.870578e-01  8.399575e-02 
 4.874555e-01  8.444635e-02 
 4.878532e-01  8.489873e-02 
 4.882509e-01  8.523457e-02 
 4.886486e-01  8.561115e-02 
 4.890463e-01  8.596558e-02 
 4.894440e-01  8.632198e-02 
 4.898417e-01  8.671208e-02 
 4.902394e-01  8.700486e-02 
 4.906371e-01  8.724820e-02 
 4.910348e-01  8.741510e-02 
 4.914325e-01  8.746411e-02 
 4.918302e-01  8.742031e-02 
 4.922279e-01  8.728115e-02 
 4.926256e-01  8.712842e-02 
 4.930233e-01  8.704211e-02 
 4.934210e-01  8.700723e-02 
 4.938187e-01  8.698108e-02 
 4.942164e-01  8.680367e-02 
 4.946141e-01  8.652337e-02 
 4.950117e-01  8.619363e-02 
 4.954094e-01  8.573090e-02 
 4.958071e-01  8.528650e-02 
 4.962048e-01  8.483955e-02 
 4.966025e-01  8.432884e-02 
 4.970002e-01  8.384684e-02 
 4.973979e-01  8.325977e-02 
 4.977956e-01  8.247292e-02 
 4.981933e-01  8.141268e-02 
 4.985910e-01  8.022470e-02 
 4.989887e-01  7.895963e-02 
 4.993864e-01  7.770289e-02 
 4.997841e-01  7.646937e-02 
 5.001818e-01  7.507535e-02 
 5.005795e-01  7.350811e-02 
 5.009772e-01  7.176069e-02 
 5.013749e-01  6.988990e-02 
 5.017726e-01  6.801798e-02 
 5.021703e-01  6.608576e-02 
 5.025680e-01  6.418737e-02 
 5.029657e-01  6.233759e-02 
 5.033634e-01  6.046842e-02 
 5.037611e-01  5.870908e-02 
 5.041587e-01  5.684264e-02 
 5.045564e-01  5.485409e-02 
 5.049541e-01  5.267274e-02 
 5.053518e-01  5.040328e-02 
 5.057495e-01  4.808622e-02 
 5.061472e-01  4.563165e-02 
 5.065449e-01  4.317499e-02 
 5.069426e-01  4.052237e-02 
 5.073403e-01  3.793145e-02 
 5.077380e-01  3.526829e-02 
 5.081357e-01  3.261119e-02 
 5.085334e-01  2.989781e-02 
 5.089311e-01  2.703718e-02 
 5.093288e-01  2.401241e-02 
 5.097265e-01  2.095340e-02 
 5.101242e-01  1.795370e-02 
 5.105219e-01  1.492059e-02 
 5.109196e-01  1.200597e-02 
 5.113173e-01  9.173322e-03 
 5.117150e-01  6.392087e-03 
 5.121127e-01  3.597056e-03 
 5.125104e-01  8.073486e-04 
 5.129081e-01 -1.973136e-03 
 5.133057e-01 -4.801512e-03 
 5.137034e-01 -7.576659e-03 
 5.141011e-01 -1.037610e-02 
 5.144988e-01 -1.312416e-02 
 5.148965e-01 -1.586846e-02 
 5.152942e-01 -1.853847e-02 
 5.156919e-01 -2.119660e-02 
 5.160896e-01 -2.385137e-02 
 5.164873e-01 -2.652305e-02 
 5.168850e-01 -2.920276e-02 
 5.172827e-01 -3.187534e-02 
 5.176804e-01 -3.443431e-02 
 5.180781e-01 -3.683911e-02 
 5.184758e-01 -3.904495e-02 
 5.188735e-01 -4.120896e-02 
 5.192712e-01 -4.330638e-02 
 5.196689e-01 -4.539844e-02 
 5.200666e-01 -4.754063e-02 
 5.204643e-01 -4.965136e-02 
 5.208620e-01 -5.168052e-02 
 5.212597e-01 -5.360605e-02 
 5.216574e-01 -5.550996e-02 
 5.220551e-01 -5.718861e-02 
 5.224527e-01 -5.875980e-02 
 5.228504e-01 -6.027814e-02 
 5.232481e-01 -6.190703e-02 
 5.236458e-01 -6.368706e-02 
 5.240435e-01 -6.553736e-02 
 5.244412e-01 -6.759408e-02 
 5.248389e-01 -6.979379e-02 
 5.252366e-01 -7.197020e-02 
 5.256343e-01 -7.424205e-02 
 5.260320e-01 -7.657165e-02 
 5.264297e-01 -7.882967e-02 
 5.268274e-01 -8.115903e-02 
 5.272251e-01 -8.354502e-02 
 5.276228e-01 -8.594217e-02 
 5.280205e-01 -8.830308e-02 
 5.284182e-01 -9.051331e-02 
 5.288159e-01 -9.271220e-02 
 5.292136e-01 -9.484525e-02 
 5.296113e-01 -9.683009e-02 
 5.300090e-01 -9.879053e-02 
 5.304067e-01 -1.006651e-01 
 5.308044e-01 -1.024634e-01 
 5.312021e-01 -1.042215e-01 
 5.315997e-01 -1.060174e-01 
 5.319974e-01 -1.077698e-01 
 5.323951e-01 -1.094560e-01 
 5.327928e-01 -1.111977e-01 
 5.331905e-01 -1.129237e-01 
 5.335882e-01 -1.146389e-01 
 5.339859e-01 -1.164635e-01 
 5.343836e-01 -1.181908e-01 
 5.347813e-01 -1.199374e-01 
 5.351790e-01 -1.215000e-01 
 5.355767e-01 -1.229858e-01 
 5.359744e-01 -1.243793e-01 
 5.363721e-01 -1.256066e-01 
 5.367698e-01 -1.266447e-01 
 5.371675e-01 -1.275899e-01 
 5.375652e-01 -1.283817e-01 
 5.379629e-01 -1.290940e-01 
 5.383606e-01 -1.297336e-01 
 5.387583e-01 -1.302745e-01 
 5.391560e-01 -1.306160e-01 
 5.395537e-01 -1.307994e-01 
 5.399514e-01 -1.308981e-01 
 5.403490e-01 -1.308568e-01 
 5.407467e-01 -1.306626e-01 
 5.411444e-01 -1.303450e-01 
 5.415421e-01 -1.299058e-01 
 5.419398e-01 -1.293258e-01 
 5.423375e-01 -1.286433e-01 
 5.427352e-01 -1.278437e-01 
 5.431329e-01 -1.269798e-01 
 5.435306e-01 -1.260398e-01 
 5.439283e-01 -1.250640e-01 
 5.443260e-01 -1.240827e-01 
 5.447237e-01 -1.229481e-01 
 5.451214e-01 -1.217554e-01 
 5.455191e-01 -1.204508e-01 
 5.459168e-01 -1.191269e-01 
 5.463145e-01 -1.176533e-01 
 5.467122e-01 -1.161287e-01 
 5.471099e-01 -1.144309e-01 
 5.475076e-01 -1.124974e-01 
 5.479053e-01 -1.103691e-01 
 5.483030e-01 -1.080500e-01 
 5.487007e-01 -1.055889e-01 
 5.490984e-01 -1.030143e-01 
 5.494960e-01 -1.004359e-01 
 5.498937e-01 -9.793969e-02 
 5.502914e-01 -9.550534e-02 
 5.506891e-01 -9.303847e-02 
 5.510868e-01 -9.047165e-02 
 5.514845e-01 -8.779952e-02 
 5.518822e-01 -8.507744e-02 
 5.522799e-01 -8.245743e-02 
 5.526776e-01 -8.002240e-02 
 5.530753e-01 -7.776631e-02 
 5.534730e-01 -7.552168e-02 
 5.538707e-01 -7.329791e-02 
 5.542684e-01 -7.109387e-02 
 5.546661e-01 -6.882692e-02 
 5.550638e-01 -6.650099e-02 
 5.554615e-01 -6.409055e-02 
 5.558592e-01 -6.179754e-02 
 5.562569e-01 -5.953542e-02 
 5.566546e-01 -5.739139e-02 
 5.570523e-01 -5.537782e-02 
 5.574500e-01 -5.336605e-02 
 5.578477e-01 -5.132251e-02 
 5.582454e-01 -4.934698e-02 
 5.586430e-01 -4.745003e-02 
 5.590407e-01 -4.556531e-02 
 5.594384e-01 -4.369865e-02 
 5.598361e-01 -4.179531e-02 
 5.602338e-01 -3.998068e-02 
 5.606315e-01 -3.817247e-02 
 5.610292e-01 -3.645740e-02 
 5.614269e-01 -3.473005e-02 
 5.618246e-01 -3.298790e-02 
 5.622223e-01 -3.117125e-02 
 5.626200e-01 -2.924244e-02 
 5.630177e-01 -2.728537e-02 
 5.634154e-01 -2.520924e-02 
 5.638131e-01 -2.301095e-02 
 5.642108e-01 -2.079340e-02 
 5.646085e-01 -1.856346e-02 
 5.650062e-01 -1.630429e-02 
 5.654039e-01 -1.404614e-02 
 5.658016e-01 -1.180319e-02 
 5.661993e-01 -9.333689e-03 
 5.665970e-01 -6.822222e-03 
 5.669947e-01 -4.322173e-03 
 5.673924e-01 -1.808312e-03 
 5.677900e-01  6.637910e-04 
 5.681877e-01  3.032116e-03 
 5.685854e-01  5.304969e-03 
 5.689831e-01  7.572155e-03 
 5.693808e-01  9.864758e-03 
 5.697785e-01  1.213858e-02 
 5.701762e-01  1.463356e-02 
 5.705739e-01  1.719366e-02 
 5.709716e-01  1.980006e-02 
 5.713693e-01  2.229515e-02 
 5.717670e-01  2.481763e-02 
 5.721647e-01  2.729360e-02 
 5.725624e-01  2.975668e-02 
 5.729601e-01  3.224081e-02 
 5.733578e-01  3.484766e-02 
 5.737555e-01  3.754318e-02 
 5.741532e-01  4.020228e-02 
 5.745509e-01  4.284583e-02 
 5.749486e-01  4.533090e-02 
 5.753463e-01  4.766048e-02 
 5.757440e-01  4.981296e-02 
 5.761417e-01  5.192281e-02 
 5.765394e-01  5.392691e-02 
 5.769370e-01  5.585158e-02 
 5.773347e-01  5.769713e-02 
 5.777324e-01  5.948595e-02 
 5.781301e-01  6.118123e-02 
 5.785278e-01  6.267163e-02 
 5.789255e-01  6.412124e-02 
 5.793232e-01  6.550080e-02 
 5.797209e-01  6.685366e-02 
 5.801186e-01  6.831804e-02 
 5.805163e-01  6.977462e-02 
 5.809140e-01  7.116416e-02 
 5.813117e-01  7.243455e-02 
 5.817094e-01  7.366646e-02 
 5.821071e-01  7.481066e-02 
 5.825048e-01  7.595198e-02 
 5.829025e-01  7.710662e-02 
 5.833002e-01  7.819662e-02 
 5.836979e-01  7.912062e-02 
 5.840956e-01  7.993093e-02 
 5.844933e-01  8.062168e-02 
 5.848910e-01  8.118919e-02 
 5.852887e-01  8.158130e-02 
 5.856864e-01  8.184869e-02 
 5.860840e-01  8.205929e-02 
 5.864817e-01  8.212707e-02 
 5.868794e-01  8.208543e-02 
 5.872771e-01  8.195566e-02 
 5.876748e-01  8.171051e-02 
 5.880725e-01  8.135383e-02 
 5.884702e-01  8.104963e-02 
 5.888679e-01  8.083869e-02 
 5.892656e-01  8.049198e-02 
 5.896633e-01  8.011714e-02 
 5.900610e-01  7.965695e-02 
 5.904587e-01  7.923373e-02 
 5.908564e-01  7.896241e-02 
 5.912541e-01  7.884927e-02 
 5.916518e-01  7.888170e-02 
 5.920495e-01  7.885557e-02 
 5.924472e-01  7.883649e-02 
 5.928449e-01  7.875136e-02 
 5.932426e-01  7.860653e-02 
 5.936403e-01  7.832034e-02 
 5.940380e-01  7.795096e-02 
 5.944357e-01  7.751620e-02 
 5.948334e-01  7.702031e-02 
 5.952310e-01  7.659764e-02 
 5.956287e-01  7.617441e-02 
 5.960264e-01  7.572148e-02 
 5.964241e-01  7.518350e-02 
 5.968218e-01  7.468100e-02 
 5.972195e-01  7.425027e-02 
 5.976172e-01  7.379813e-02 
 5.980149e-01  7.331634e-02 
 5.984126e-01  7.279917e-02 
 5.988103e-01  7.224941e-02 
 5.992080e-01  7.177936e-02 
 5.996057e-01  7.133468e-02 
 6.000034e-01  7.088501e-02 
 6.004011e-01  7.027099e-02 
 6.007988e-01  6.950478e-02 
 6.011965e-01  6.852764e-02 
 6.015942e-01  6.754621e-02 
 6.019919e-01  6.647203e-02 
 6.023896e-01  6.533781e-02 
 6.027873e-01  6.419908e-02 
 6.031850e-01  6.303422e-02 
 6.035827e-01  6.188440e-02 
 6.039804e-01  6.055231e-02 
 6.043780e-01  5.914147e-02 
 6.047757e-01  5.751531e-02 
 6.051734e-01  5.580558e-02 
 6.055711e-01  5.397942e-02 
 6.059688e-01  5.219987e-02 
 6.063665e-01  5.045387e-02 
 6.067642e-01  4.866400e-02 
 6.071619e-01  4.687389e-02 
 6.075596e-01  4.499640e-02 
 6.079573e-01  4.303247e-02 
 6.083550e-01  4.099475e-02 
 6.087527e-01  3.887733e-02 
 6.091504e-01  3.678255e-02 
 6.095481e-01  3.472076e-02 
 6.099458e-01  3.271781e-02 
 6.103435e-01  3.073585e-02 
 6.107412e-01  2.877560e-02 
 6.111389e-01  2.675607e-02 
 6.115366e-01  2.473057e-02 
 6.119343e-01  2.259594e-02 
 6.123320e-01  2.038559e-02 
 6.127297e-01  1.806963e-02 
 6.131273e-01  1.559756e-02 
 6.135250e-01  1.318274e-02 
 6.139227e-01  1.072615e-02 
 6.143204e-01  8.290358e-03 
 6.147181e-01  5.861142e-03 
 6.151158e-01  3.490297e-03 
 6.155135e-01  1.225628e-03 
 6.159112e-01 -8.518033e-04 
 6.163089e-01 -2.818887e-03 
 6.167066e-01 -4.835418e-03 
 6.171043e-01 -6.806767e-03 
 6.175020e-01 -8.806396e-03 
 6.178997e-01 -1.066951e-02 
 6.182974e-01 -1.256624e-02 
 6.186951e-01 -1.440742e-02 
 6.190928e-01 -1.629061e-02 
 6.194905e-01 -1.830559e-02 
 6.198882e-01 -2.041782e-02 
 6.202859e-01 -2.260502e-02 
 6.206836e-01 -2.497003e-02 
 6.210813e-01 -2.736032e-02 
 6.214790e-01 -2.969574e-02 
 6.218767e-01 -3.194516e-02 
 6.222743e-01 -3.413739e-02 
 6.226720e-01 -3.634711e-02 
 6.230697e-01 -3.853113e-02 
 6.234674e-01 -4.076097e-02 
 6.238651e-01 -4.299106e-02 
 6.242628e-01 -4.505432e-02 
 6.246605e-01 -4.707864e-02 
 6.250582e-01 -4.891142e-02 
 6.254559e-01 -5.063724e-02 
 6.258536e-01 -5.232425e-02 
 6.262513e-01 -5.403266e-02 
 6.266490e-01 -5.586938e-02 
 6.270467e-01 -5.781046e-02 
 6.274444e-01 -5.988020e-02 
 6.278421e-01 -6.195662e-02 
 6.282398e-01 -6.406954e-02 
 6.286375e-01 -6.618829e-02 
 6.290352e-01 -6.840117e-02 
 6.294329e-01 -7.068222e-02 
 6.298306e-01 -7.316063e-02 
 6.302283e-01 -7.574121e-02 
 6.306260e-01 -7.832121e-02 
 6.310237e-01 -8.091288e-02 
 6.314213e-01 -8.346951e-02 
 6.318190e-01 -8.592232e-02 
 6.322167e-01 -8.838976e-02 
 6.326144e-01 -9.083758e-02 
 6.330121e-01 -9.336627e-02 
 6.334098e-01 -9.589818e-02 
 6.338075e-01 -9.839169e-02 
 6.342052e-01 -1.008111e-01 
 6.346029e-01 -1.030406e-01 
 6.350006e-01 -1.050925e-01 
 6.353983e-01 -1.070979e-01 
 6.357960e-01 -1.090152e-01 
 6.361937e-01 -1.108410e-01 
 6.365914e-01 -1.126046e-01 
 6.369891e-01 -1.142868e-01 
 6.373868e-01 -1.159385e-01 
 6.377845e-01 -1.175420e-01 
 6.381822e-01 -1.191680e-01 
 6.385799e-01 -1.208075e-01 
 6.389776e-01 -1.224333e-01 
 6.393753e-01 -1.239893e-01 
 6.397730e-01 -1.254505e-01 
 6.401707e-01 -1.266776e-01 
 6.405683e-01 -1.277370e-01 
 6.409660e-01 -1.286936e-01 
 6.413637e-01 -1.296428e-01 
 6.417614e-01 -1.305338e-01 
 6.421591e-01 -1.312201e-01 
 6.425568e-01 -1.316667e-01 
 6.429545e-01 -1.316896e-01 
 6.433522e-01 -1.315353e-01 
 6.437499e-01 -1.311590e-01 
 6.441476e-01 -1.307534e-01 
 6.445453e-01 -1.302811e-01 
 6.449430e-01 -1.296709e-01 
 6.453407e-01 -1.291013e-01 
 6.457384e-01 -1.284574e-01 
 6.461361e-01 -1.277340e-01 
 6.465338e-01 -1.269172e-01 
 6.469315e-01 -1.258922e-01 
 6.473292e-01 -1.247515e-01 
 6.477269e-01 -1.235163e-01 
 6.481246e-01 -1.222912e-01 
 6.485223e-01 -1.211352e-01 
 6.489200e-01 -1.198315e-01 
 6.493177e-01 -1.184306e-01 
 6.497153e-01 -1.168671e-01 
 6.501130e-01 -1.152468e-01 
 6.505107e-01 -1.134920e-01 
 6.509084e-01 -1.116887e-01 
 6.513061e-01 -1.097668e-01 
 6.517038e-01 -1.076717e-01 
 6.521015e-01 -1.055286e-01 
 6.524992e-01 -1.033511e-01 
 6.528969e-01 -1.011913e-01 
 6.532946e-01 -9.892362e-02 
 6.536923e-01 -9.660739e-02 
 6.540900e-01 -9.420890e-02 
 6.544877e-01 -9.169985e-02 
 6.548854e-01 -8.916430e-02 
 6.552831e-01 -8.666525e-02 
 6.556808e-01 -8.410990e-02 
 6.560785e-01 -8.156849e-02 
 6.564762e-01 -7.921247e-02 
 6.568739e-01 -7.694505e-02 
 6.572716e-01 -7.463527e-02 
 6.576693e-01 -7.223659e-02 
 6.580670e-01 -6.975423e-02 
 6.584647e-01 -6.717466e-02 
 6.588623e-01 -6.450162e-02 
 6.592600e-01 -6.185408e-02 
 6.596577e-01 -5.922809e-02 
 6.600554e-01 -5.662830e-02 
 6.604531e-01 -5.398349e-02 
 6.608508e-01 -5.151004e-02 
 6.612485e-01 -4.894863e-02 
 6.616462e-01 -4.636206e-02 
 6.620439e-01 -4.380951e-02 
 6.624416e-01 -4.133572e-02 
 6.628393e-01 -3.897154e-02 
 6.632370e-01 -3.667137e-02 
 6.636347e-01 -3.439640e-02 
 6.640324e-01 -3.217089e-02 
 6.644301e-01 -3.009356e-02 
 6.648278e-01 -2.799730e-02 
 6.652255e-01 -2.591381e-02 
 6.656232e-01 -2.377725e-02 
 6.660209e-01 -2.159092e-02 
 6.664186e-01 -1.936188e-02 
 6.668163e-01 -1.717855e-02 
 6.672140e-01 -1.491108e-02 
 6.676117e-01 -1.255829e-02 
 6.680093e-01 -1.013568e-02 
 6.684070e-01 -7.671287e-03 
 6.688047e-01 -5.110914e-03 
 6.692024e-01 -2.576774e-03 
 6.696001e-01  1.418488e-05 
 6.699978e-01  2.667784e-03 
 6.703955e-01  5.198414e-03 
 6.707932e-01  7.653914e-03 
 6.711909e-01  1.011507e-02 
 6.715886e-01  1.258867e-02 
 6.719863e-01  1.500807e-02 
 6.723840e-01  1.732927e-02 
 6.727817e-01  1.962094e-02 
 6.731794e-01  2.181849e-02 
 6.735771e-01  2.399250e-02 
 6.739748e-01  2.619915e-02 
 6.743725e-01  2.846863e-02 
 6.747702e-01  3.058708e-02 
 6.751679e-01  3.257158e-02 
 6.755656e-01  3.455130e-02 
 6.759633e-01  3.656562e-02 
 6.763610e-01  3.860514e-02 
 6.767586e-01  4.078523e-02 
 6.771563e-01  4.297415e-02 
 6.775540e-01  4.519322e-02 
 6.779517e-01  4.746665e-02 
 6.783494e-01  4.972462e-02 
 6.787471e-01  5.195475e-02 
 6.791448e-01  5.405630e-02 
 6.795425e-01  5.608555e-02 
 6.799402e-01  5.807629e-02 
 6.803379e-01  6.004460e-02 
 6.807356e-01  6.185673e-02 
 6.811333e-01  6.342349e-02 
 6.815310e-01  6.472106e-02 
 6.819287e-01  6.566829e-02 
 6.823264e-01  6.650798e-02 
 6.827241e-01  6.734258e-02 
 6.831218e-01  6.811067e-02 
 6.835195e-01  6.887171e-02 
 6.839172e-01  6.964546e-02 
 6.843149e-01  7.028183e-02 
 6.847126e-01  7.091104e-02 
 6.851103e-01  7.146275e-02 
 6.855080e-01  7.208837e-02 
 6.859056e-01  7.276889e-02 
 6.863033e-01  7.346878e-02 
 6.867010e-01  7.429323e-02 
 6.870987e-01  7.511360e-02 
 6.874964e-01  7.587825e-02 
 6.878941e-01  7.652385e-02 
 6.882918e-01  7.705865e-02 
 6.886895e-01  7.754983e-02 
 6.890872e-01  7.783978e-02 
 6.894849e-01  7.796943e-02 
 6.898826e-01  7.796931e-02 
 6.902803e-01  7.778570e-02 
 6.906780e-01  7.755075e-02 
 6.910757e-01  7.724657e-02 
 6.914734e-01  7.697888e-02 
 6.918711e-01  7.671076e-02 
 6.922688e-01  7.643737e-02 
 6.926665e-01  7.612142e-02 
 6.930642e-01  7.585709e-02 
 6.934619e-01  7.552300e-02 
 6.938596e-01  7.520428e-02 
 6.942573e-01  7.491810e-02 
 6.946550e-01  7.472940e-02 
 6.950526e-01  7.454765e-02 
 6.954503e-01  7.445229e-02 
 6.958480e-01  7.426948e-02 
 6.962457e-01  7.402739e-02 
 6.966434e-01  7.374534e-02 
 6.970411e-01  7.337917e-02 
 6.974388e-01  7.298629e-02 
 6.978365e-01  7.266842e-02 
 6.982342e-01  7.242083e-02 
 6.986319e-01  7.226088e-02 
 6.990296e-01  7.211661e-02 
 6.994273e-01  7.203779e-02 
 6.998250e-01  7.177408e-02 
 7.002227e-01  7.147494e-02 
 7.006204e-01  7.097254e-02 
 7.010181e-01  7.048519e-02 
 7.014158e-01  7.002481e-02 
 7.018135e-01  6.951106e-02 
 7.022112e-01  6.900298e-02 
 7.026089e-01  6.854290e-02 
 7.030066e-01  6.810544e-02 
 7.034043e-01  6.764400e-02 
 7.038020e-01  6.727348e-02 
 7.041996e-01  6.684370e-02 
 7.045973e-01  6.639931e-02 
 7.049950e-01  6.593205e-02 
 7.053927e-01  6.548779e-02 
 7.057904e-01  6.507209e-02 
 7.061881e-01  6.447187e-02 
 7.065858e-01  6.381077e-02 
 7.069835e-01  6.308868e-02 
 7.073812e-01  6.228036e-02 
 7.077789e-01  6.128585e-02 
 7.081766e-01  6.017495e-02 
 7.085743e-01  5.882869e-02 
 7.089720e-01  5.731548e-02 
 7.093697e-01  5.581172e-02 
 7.097674e-01  5.433953e-02 
 7.101651e-01  5.284062e-02 
 7.105628e-01  5.121465e-02 
 7.109605e-01  4.954294e-02 
 7.113582e-01  4.776154e-02 
 7.117559e-01  4.588690e-02 
 7.121536e-01  4.397139e-02 
 7.125513e-01  4.206479e-02 
 7.129490e-01  4.004156e-02 
 7.133466e-01  3.802761e-02 
 7.137443e-01  3.596417e-02 
 7.141420e-01  3.375922e-02 
 7.145397e-01  3.133570e-02 
 7.149374e-01  2.873699e-02 
 7.153351e-01  2.593553e-02 
 7.157328e-01  2.299382e-02 
 7.161305e-01  1.994728e-02 
 7.165282e-01  1.691844e-02 
 7.169259e-01  1.386996e-02 
 7.173236e-01  1.079064e-02 
 7.177213e-01  7.620324e-03 
 7.181190e-01  4.408307e-03 
 7.185167e-01  1.072895e-03 
 7.189144e-01 -2.259332e-03 
 7.193121e-01 -5.513409e-03 
 7.197098e-01 -8.583681e-03 
 7.201075e-01 -1.155618e-02 
 7.205052e-01 -1.449829e-02 
 7.209029e-01 -1.739308e-02 
 7.213006e-01 -2.026979e-02 
 7.216983e-01 -2.315251e-02 
 7.220960e-01 -2.607249e-02 
 7.224936e-01 -2.890368e-02 
 7.228913e-01 -3.177055e-02 
 7.232890e-01 -3.457717e-02 
 7.236867e-01 -3.734277e-02 
 7.240844e-01 -4.014248e-02 
 7.244821e-01 -4.304944e-02 
 7.248798e-01 -4.604059e-02 
 7.252775e-01 -4.905191e-02 
 7.256752e-01 -5.204537e-02 
 7.260729e-01 -5.494688e-02 
 7.264706e-01 -5.785614e-02 
 7.268683e-01 -6.072571e-02 
 7.272660e-01 -6.359942e-02 
 7.276637e-01 -6.635320e-02 
 7.280614e-01 -6.896316e-02 
 7.284591e-01 -7.144982e-02 
 7.288568e-01 -7.384738e-02 
 7.292545e-01 -7.609599e-02 
 7.296522e-01 -7.823074e-02 
 7.300499e-01 -8.030624e-02 
 7.304476e-01 -8.224333e-02 
 7.308453e-01 -8.424088e-02 
 7.312430e-01 -8.607403e-02 
 7.316406e-01 -8.784854e-02 
 7.320383e-01 -8.946486e-02 
 7.324360e-01 -9.103538e-02 
 7.328337e-01 -9.263514e-02 
 7.332314e-01 -9.438880e-02 
 7.336291e-01 -9.629642e-02 
 7.340268e-01 -9.822516e-02 
 7.344245e-01 -1.001401e-01 
 7.348222e-01 -1.019692e-01 
 7.352199e-01 -1.037209e-01 
 7.356176e-01 -1.054653e-01 
 7.360153e-01 -1.071122e-01 
 7.364130e-01 -1.087326e-01 
 7.368107e-01 -1.102750e-01 
 7.372084e-01 -1.117759e-01 
 7.376061e-01 -1.131795e-01 
 7.380038e-01 -1.144098e-01 
 7.384015e-01 -1.154174e-01 
 7.387992e-01 -1.162319e-01 
 7.391969e-01 -1.169086e-01 
 7.395946e-01 -1.176160e-01 
 7.399923e-01 -1.183100e-01 
 7.403900e-01 -1.189766e-01 
 7.407876e-01 -1.196185e-01 
 7.411853e-01 -1.202165e-01 
 7.415830e-01 -1.208739e-01 
 7.419807e-01 -1.215464e-01 
 7.423784e-01 -1.222543e-01 
 7.427761e-01 -1.228670e-01 
 7.431738e-01 -1.234725e-01 
 7.435715e-01 -1.240201e-01 
 7.439692e-01 -1.246257e-01 
 7.443669e-01 -1.252410e-01 
 7.447646e-01 -1.258214e-01 
 7.451623e-01 -1.262367e-01 
 7.455600e-01 -1.265562e-01 
 7.459577e-01 -1.266975e-01 
 7.463554e-01 -1.266826e-01 
 7.467531e-01 -1.265596e-01 
 7.471508e-01 -1.262029e-01 
 7.475485e-01 -1.257143e-01 
 7.479462e-01 -1.250315e-01 
 7.483439e-01 -1.242793e-01 
 7.487416e-01 -1.234634e-01 
 7.491393e-01 -1.224897e-01 
 7.495369e-01 -1.214492e-01 
 7.499346e-01 -1.203785e-01 
 7.503323e-01 -1.192334e-01 
 7.507300e-01 -1.179995e-01 
 7.511277e-01 -1.168088e-01 
 7.515254e-01 -1.154678e-01 
 7.519231e-01 -1.141060e-01 
 7.523208e-01 -1.126921e-01 
 7.527185e-01 -1.111424e-01 
 7.531162e-01 -1.094730e-01 
 7.535139e-01 -1.075308e-01 
 7.539116e-01 -1.055008e-01 
 7.543093e-01 -1.032075e-01 
 7.547070e-01 -1.008619e-01 
 7.551047e-01 -9.831669e-02 
 7.555024e-01 -9.575423e-02 
 7.559001e-01 -9.325747e-02 
 7.562978e-01 -9.071371e-02 
 7.566955e-01 -8.806708e-02 
 7.570932e-01 -8.537215e-02 
 7.574909e-01 -8.260340e-02 
 7.578886e-01 -7.980105e-02 
 7.582863e-01 -7.706454e-02 
 7.586839e-01 -7.439578e-02 
 7.590816e-01 -7.175540e-02 
 7.594793e-01 -6.911295e-02 
 7.598770e-01 -6.652819e-02 
 7.602747e-01 -6.404046e-02 
 7.606724e-01 -6.147667e-02 
 7.610701e-01 -5.887983e-02 
 7.614678e-01 -5.625568e-02 
 7.618655e-01 -5.360388e-02 
 7.622632e-01 -5.104551e-02 
 7.626609e-01 -4.846464e-02 
 7.630586e-01 -4.592871e-02 
 7.634563e-01 -4.337663e-02 
 7.638540e-01 -4.081772e-02 
 7.642517e-01 -3.830578e-02 
 7.646494e-01 -3.579115e-02 
 7.650471e-01 -3.333912e-02 
 7.654448e-01 -3.084277e-02 
 7.658425e-01 -2.835607e-02 
 7.662402e-01 -2.591966e-02 
 7.666379e-01 -2.364278e-02 
 7.670356e-01 -2.142366e-02 
 7.674333e-01 -1.923795e-02 
 7.678309e-01 -1.708808e-02 
 7.682286e-01 -1.496909e-02 
 7.686263e-01 -1.289055e-02 
 7.690240e-01 -1.091177e-02 
 7.694217e-01 -9.040858e-03 
 7.698194e-01 -7.315119e-03 
 7.702171e-01 -5.722711e-03 
 7.706148e-01 -4.263025e-03 
 7.710125e-01 -2.764212e-03 
 7.714102e-01 -1.110575e-03 
 7.718079e-01  7.193655e-04 
 7.722056e-01  2.699778e-03 
 7.726033e-01  4.704108e-03 
 7.730010e-01  6.691406e-03 
 7.733987e-01  8.632467e-03 
 7.737964e-01  1.058639e-02 
 7.741941e-01  1.264112e-02 
 7.745918e-01  1.461543e-02 
 7.749895e-01  1.657972e-02 
 7.753872e-01  1.847159e-02 
 7.757849e-01  2.029046e-02 
 7.761826e-01  2.193218e-02 
 7.765803e-01  2.351735e-02 
 7.769779e-01  2.500657e-02 
 7.773756e-01  2.642379e-02 
 7.777733e-01  2.783604e-02 
 7.781710e-01  2.917248e-02 
 7.785687e-01  3.051611e-02 
 7.789664e-01  3.182935e-02 
 7.793641e-01  3.315888e-02 
 7.797618e-01  3.461169e-02 
 7.801595e-01  3.620488e-02 
 7.805572e-01  3.795140e-02 
 7.809549e-01  3.975313e-02 
 7.813526e-01  4.161353e-02 
 7.817503e-01  4.352485e-02 
 7.821480e-01  4.546783e-02 
 7.825457e-01  4.749287e-02 
 7.829434e-01  4.956718e-02 
 7.833411e-01  5.172820e-02 
 7.837388e-01  5.390105e-02 
 7.841365e-01  5.609428e-02 
 7.845342e-01  5.812673e-02 
 7.849319e-01  5.999049e-02 
 7.853296e-01  6.168811e-02 
 7.857273e-01  6.323355e-02 
 7.861249e-01  6.479974e-02 
 7.865226e-01  6.639374e-02 
 7.869203e-01  6.793387e-02 
 7.873180e-01  6.936968e-02 
 7.877157e-01  7.067408e-02 
 7.881134e-01  7.190427e-02 
 7.885111e-01  7.299169e-02 
 7.889088e-01  7.403880e-02 
 7.893065e-01  7.506208e-02 
 7.897042e-01  7.610744e-02 
 7.901019e-01  7.717633e-02 
 7.904996e-01  7.828289e-02 
 7.908973e-01  7.939163e-02 
 7.912950e-01  8.042579e-02 
 7.916927e-01  8.122309e-02 
 7.920904e-01  8.198159e-02 
 7.924881e-01  8.262414e-02 
 7.928858e-01  8.322885e-02 
 7.932835e-01  8.380557e-02 
 7.936812e-01  8.427584e-02 
 7.940789e-01  8.462415e-02 
 7.944766e-01  8.481390e-02 
 7.948743e-01  8.488308e-02 
 7.952719e-01  8.480638e-02 
 7.956696e-01  8.460817e-02 
 7.960673e-01  8.423088e-02 
 7.964650e-01  8.384477e-02 
 7.968627e-01  8.347604e-02 
 7.972604e-01  8.314951e-02 
 7.976581e-01  8.289830e-02 
 7.980558e-01  8.255303e-02 
 7.984535e-01  8.218448e-02 
 7.988512e-01  8.189154e-02 
 7.992489e-01  8.162561e-02 
 7.996466e-01  8.135791e-02 
 8.000443e-01  8.114043e-02 
 8.004420e-01  8.092574e-02 
 8.008397e-01  8.073712e-02 
 8.012374e-01  8.046780e-02 
 8.016351e-01  8.017093e-02 
 8.020328e-01  7.968532e-02 
 8.024305e-01  7.909879e-02 
 8.028282e-01  7.841656e-02 
 8.032259e-01  7.759949e-02 
 8.036236e-01  7.673699e-02 
 8.040213e-01  7.572431e-02 
 8.044189e-01  7.460415e-02 
 8.048166e-01  7.347716e-02 
 8.052143e-01  7.236035e-02 
 8.056120e-01  7.123126e-02 
 8.060097e-01  7.003137e-02 
 8.064074e-01  6.889823e-02 
 8.068051e-01  6.775853e-02 
 8.072028e-01  6.646399e-02 
 8.076005e-01  6.510542e-02 
 8.079982e-01  6.370392e-02 
 8.083959e-01  6.226147e-02 
 8.087936e-01  6.080216e-02 
 8.091913e-01  5.942604e-02 
 8.095890e-01  5.796911e-02 
 8.099867e-01  5.640929e-02 
 8.103844e-01  5.471699e-02 
 8.107821e-01  5.289981e-02 
 8.111798e-01  5.086656e-02 
 8.115775e-01  4.870460e-02 
 8.119752e-01  4.648421e-02 
 8.123729e-01  4.423293e-02 
 8.127706e-01  4.194007e-02 
 8.131683e-01  3.962111e-02 
 8.135659e-01  3.724954e-02 
 8.139636e-01  3.469978e-02 
 8.143613e-01  3.212842e-02 
 8.147590e-01  2.961372e-02 
 8.151567e-01  2.730091e-02 
 8.155544e-01  2.504970e-02 
 8.159521e-01  2.289917e-02 
 8.163498e-01  2.075754e-02 
 8.167475e-01  1.853095e-02 
 8.171452e-01  1.627400e-02 
 8.175429e-01  1.407297e-02 
 8.179406e-01  1.181095e-02 
 8.183383e-01  9.355551e-03 
 8.187360e-01  6.791785e-03 
 8.191337e-01  4.085809e-03 
 8.195314e-01  1.262948e-03 
 8.199291e-01 -1.646166e-03 
 8.203268e-01 -4.637499e-03 
 8.207245e-01 -7.658171e-03 
 8.211222e-01 -1.077029e-02 
 8.215199e-01 -1.384729e-02 
 8.219176e-01 -1.697292e-02 
 8.223152e-01 -2.017612e-02 
 8.227129e-01 -2.336737e-02 
 8.231106e-01 -2.651745e-02 
 8.235083e-01 -2.952919e-02 
 8.239060e-01 -3.232025e-02 
 8.243037e-01 -3.508200e-02 
 8.247014e-01 -3.773135e-02 
 8.250991e-01 -4.041238e-02 
 8.254968e-01 -4.307308e-02 
 8.258945e-01 -4.564435e-02 
 8.262922e-01 -4.809645e-02 
 8.266899e-01 -5.042637e-02 
 8.270876e-01 -5.268379e-02 
 8.274853e-01 -5.487298e-02 
 8.278830e-01 -5.697000e-02 
 8.282807e-01 -5.914488e-02 
 8.286784e-01 -6.129685e-02 
 8.290761e-01 -6.343660e-02 
 8.294738e-01 -6.557120e-02 
 8.298715e-01 -6.766529e-02 
 8.302692e-01 -6.967175e-02 
 8.306669e-01 -7.170119e-02 
 8.310646e-01 -7.379558e-02 
 8.314622e-01 -7.583319e-02 
 8.318599e-01 -7.777065e-02 
 8.322576e-01 -7.961775e-02 
 8.326553e-01 -8.139989e-02 
 8.330530e-01 -8.311696e-02 
 8.334507e-01 -8.467951e-02 
 8.338484e-01 -8.611709e-02 
 8.342461e-01 -8.737232e-02 
 8.346438e-01 -8.845402e-02 
 8.350415e-01 -8.945052e-02 
 8.354392e-01 -9.040449e-02 
 8.358369e-01 -9.131376e-02 
 8.362346e-01 -9.224951e-02 
 8.366323e-01 -9.320939e-02 
 8.370300e-01 -9.432461e-02 
 8.374277e-01 -9.546751e-02 
 8.378254e-01 -9.669737e-02 
 8.382231e-01 -9.802197e-02 
 8.386208e-01 -9.933738e-02 
 8.390185e-01 -1.006883e-01 
 8.394162e-01 -1.021224e-01 
 8.398139e-01 -1.036330e-01 
 8.402116e-01 -1.051140e-01 
 8.406092e-01 -1.065269e-01 
 8.410069e-01 -1.077523e-01 
 8.414046e-01 -1.087898e-01 
 8.418023e-01 -1.096223e-01 
 8.422000e-01 -1.102791e-01 
 8.425977e-01 -1.108774e-01 
 8.429954e-01 -1.113158e-01 
 8.433931e-01 -1.117310e-01 
 8.437908e-01 -1.121021e-01 
 8.441885e-01 -1.124561e-01 
 8.445862e-01 -1.127069e-01 
 8.449839e-01 -1.128830e-01 
 8.453816e-01 -1.130671e-01 
 8.457793e-01 -1.132348e-01 
 8.461770e-01 -1.133564e-01 
 8.465747e-01 -1.134521e-01 
 8.469724e-01 -1.135278e-01 
 8.473701e-01 -1.136375e-01 
 8.477678e-01 -1.137054e-01 
 8.481655e-01 -1.137546e-01 
 8.485632e-01 -1.135909e-01 
 8.489609e-01 -1.132015e-01 
 8.493586e-01 -1.127265e-01 
 8.497562e-01 -1.121676e-01 
 8.501539e-01 -1.116005e-01 
 8.505516e-01 -1.109769e-01 
 8.509493e-01 -1.103498e-01 
 8.513470e-01 -1.096309e-01 
 8.517447e-01 -1.088311e-01 
 8.521424e-01 -1.079760e-01 
 8.525401e-01 -1.069665e-01 
 8.529378e-01 -1.058330e-01 
 8.533355e-01 -1.046609e-01 
 8.537332e-01 -1.035460e-01 
 8.541309e-01 -1.024466e-01 
 8.545286e-01 -1.012922e-01 
 8.549263e-01 -1.001570e-01 
 8.553240e-01 -9.898926e-02 
 8.557217e-01 -9.775578e-02 
 8.561194e-01 -9.647557e-02 
 8.565171e-01 -9.515109e-02 
 8.569148e-01 -9.379364e-02 
 8.573125e-01 -9.230490e-02 
 8.577102e-01 -9.071914e-02 
 8.581079e-01 -8.917249e-02 
 8.585056e-01 -8.750663e-02 
 8.589032e-01 -8.576614e-02 
 8.593009e-01 -8.400102e-02 
 8.596986e-01 -8.210564e-02 
 8.600963e-01 -8.007626e-02 
 8.604940e-01 -7.783729e-02 
 8.608917e-01 -7.550004e-02 
 8.612894e-01 -7.298979e-02 
 8.616871e-01 -7.047218e-02 
 8.620848e-01 -6.808661e-02 
 8.624825e-01 -6.582438e-02 
 8.628802e-01 -6.362708e-02 
 8.632779e-01 -6.138158e-02 
 8.636756e-01 -5.925078e-02 
 8.640733e-01 -5.714038e-02 
 8.644710e-01 -5.513294e-02 
 8.648687e-01 -5.323735e-02 
 8.652664e-01 -5.136525e-02 
 8.656641e-01 -4.953449e-02 
 8.660618e-01 -4.765756e-02 
 8.664595e-01 -4.583035e-02 
 8.668572e-01 -4.380597e-02 
 8.672549e-01 -4.162238e-02 
 8.676526e-01 -3.932465e-02 
 8.680502e-01 -3.699101e-02 
 8.684479e-01 -3.468543e-02 
 8.688456e-01 -3.238921e-02 
 8.692433e-01 -3.016540e-02 
 8.696410e-01 -2.789742e-02 
 8.700387e-01 -2.557114e-02 
 8.704364e-01 -2.336624e-02 
 8.708341e-01 -2.127086e-02 
 8.712318e-01 -1.920995e-02 
 8.716295e-01 -1.727484e-02 
 8.720272e-01 -1.538937e-02 
 8.724249e-01 -1.349896e-02 
 8.728226e-01 -1.169853e-02 
 8.732203e-01 -9.809791e-03 
 8.736180e-01 -8.043953e-03 
 8.740157e-01 -6.202621e-03 
 8.744134e-01 -4.385335e-03 
 8.748111e-01 -2.588185e-03 
 8.752088e-01 -6.872520e-04 
 8.756065e-01  1.273492e-03 
 8.760042e-01  3.406170e-03 
 8.764019e-01  5.606716e-03 
 8.767996e-01  7.899068e-03 
 8.771972e-01  1.022713e-02 
 8.775949e-01  1.267702e-02 
 8.779926e-01  1.515020e-02 
 8.783903e-01  1.770924e-02 
 8.787880e-01  2.024132e-02 
 8.791857e-01  2.279933e-02 
 8.795834e-01  2.533264e-02 
 8.799811e-01  2.782260e-02 
 8.803788e-01  3.018950e-02 
 8.807765e-01  3.237714e-02 
 8.811742e-01  3.449630e-02 
 8.815719e-01  3.649222e-02 
 8.819696e-01  3.840656e-02 
 8.823673e-01  4.028078e-02 
 8.827650e-01  4.208270e-02 
 8.831627e-01  4.374316e-02 
 8.835604e-01  4.533000e-02 
 8.839581e-01  4.691897e-02 
 8.843558e-01  4.850946e-02 
 8.847535e-01  5.012599e-02 
 8.851512e-01  5.180804e-02 
 8.855489e-01  5.355008e-02 
 8.859466e-01  5.531005e-02 
 8.863442e-01  5.703912e-02 
 8.867419e-01  5.877161e-02 
 8.871396e-01  6.042126e-02 
 8.875373e-01  6.208492e-02 
 8.879350e-01  6.368175e-02 
 8.883327e-01  6.527960e-02 
 8.887304e-01  6.689204e-02 
 8.891281e-01  6.837498e-02 
 8.895258e-01  6.975278e-02 
 8.899235e-01  7.102388e-02 
 8.903212e-01  7.224372e-02 
 8.907189e-01  7.337352e-02 
 8.911166e-01  7.442614e-02 
 8.915143e-01  7.533302e-02 
 8.919120e-01  7.613488e-02 
 8.923097e-01  7.689761e-02 
 8.927074e-01  7.763406e-02 
 8.931051e-01  7.838324e-02 
 8.935028e-01  7.917877e-02 
 8.939005e-01  7.992633e-02 
 8.942982e-01  8.072310e-02 
 8.946959e-01  8.147859e-02 
 8.950935e-01  8.222231e-02 
 8.954912e-01  8.287463e-02 
 8.958889e-01  8.337549e-02 
 8.962866e-01  8.390955e-02 
 8.966843e-01  8.444746e-02 
 8.970820e-01  8.490175e-02 
 8.974797e-01  8.536611e-02 
 8.978774e-01  8.569454e-02 
 8.982751e-01  8.587588e-02 
 8.986728e-01  8.583146e-02 
 8.990705e-01  8.553177e-02 
 8.994682e-01  8.510080e-02 
 8.998659e-01  8.452481e-02 
 9.002636e-01  8.393189e-02 
 9.006613e-01  8.333383e-02 
 9.010590e-01  8.276676e-02 
 9.014567e-01  8.215293e-02 
 9.018544e-01  8.143676e-02 
 9.022521e-01  8.061422e-02 
 9.026498e-01  7.975866e-02 
 9.030475e-01  7.889355e-02 
 9.034452e-01  7.811436e-02 
 9.038429e-01  7.752304e-02 
 9.042405e-01  7.698446e-02 
 9.046382e-01  7.646480e-02 
 9.050359e-01  7.585358e-02 
 9.054336e-01  7.507219e-02 
 9.058313e-01  7.410177e-02 
 9.062290e-01  7.297962e-02 
 9.066267e-01  7.177058e-02 
 9.070244e-01  7.046902e-02 
 9.074221e-01  6.905914e-02 
 9.078198e-01  6.757132e-02 
 9.082175e-01  6.594721e-02 
 9.086152e-01  6.429324e-02 
 9.090129e-01  6.269746e-02 
 9.094106e-01  6.105161e-02 
 9.098083e-01  5.941530e-02 
 9.102060e-01  5.776746e-02 
 9.106037e-01  5.618802e-02 
 9.110014e-01  5.467279e-02 
 9.113991e-01  5.318167e-02 
 9.117968e-01  5.165867e-02 
 9.121945e-01  5.006517e-02 
 9.125922e-01  4.851648e-02 
 9.129899e-01  4.701801e-02 
 9.133875e-01  4.538938e-02 
 9.137852e-01  4.359111e-02 
 9.141829e-01  4.157086e-02 
 9.145806e-01  3.929382e-02 
 9.149783e-01  3.694685e-02 
 9.153760e-01  3.454861e-02 
 9.157737e-01  3.212258e-02 
 9.161714e-01  2.955177e-02 
 9.165691e-01  2.694778e-02 
 9.169668e-01  2.425792e-02 
 9.173645e-01  2.162317e-02 
 9.177622e-01  1.896427e-02 
 9.181599e-01  1.633363e-02 
 9.185576e-01  1.379870e-02 
 9.189553e-01  1.140214e-02 
 9.193530e-01  9.160813e-03 
 9.197507e-01  6.959153e-03 
 9.201484e-01  4.833381e-03 
 9.205461e-01  2.614113e-03 
 9.209438e-01  4.706151e-04 
 9.213415e-01 -1.560508e-03 
 9.217392e-01 -3.437852e-03 
 9.221369e-01 -5.193482e-03 
 9.225345e-01 -6.976746e-03 
 9.229322e-01 -8.732338e-03 
 9.233299e-01 -1.048491e-02 
 9.237276e-01 -1.222610e-02 
 9.241253e-01 -1.402338e-02 
 9.245230e-01 -1.594521e-02 
 9.249207e-01 -1.797814e-02 
 9.253184e-01 -2.012490e-02 
 9.257161e-01 -2.236919e-02 
 9.261138e-01 -2.460578e-02 
 9.265115e-01 -2.691886e-02 
 9.269092e-01 -2.925675e-02 
 9.273069e-01 -3.158195e-02 
 9.277046e-01 -3.379066e-02 
 9.281023e-01 -3.598633e-02 
 9.285000e-01 -3.803262e-02 
 9.288977e-01 -3.995839e-02 
 9.292954e-01 -4.177852e-02 
 9.296931e-01 -4.352268e-02 
 9.300908e-01 -4.516296e-02 
 9.304885e-01 -4.678378e-02 
 9.308862e-01 -4.845042e-02 
 9.312839e-01 -5.013138e-02 
 9.316815e-01 -5.195521e-02 
 9.320792e-01 -5.376436e-02 
 9.324769e-01 -5.570155e-02 
 9.328746e-01 -5.771885e-02 
 9.332723e-01 -5.982071e-02 
 9.336700e-01 -6.206689e-02 
 9.340677e-01 -6.437233e-02 
 9.344654e-01 -6.671177e-02 
 9.348631e-01 -6.903499e-02 
 9.352608e-01 -7.137728e-02 
 9.356585e-01 -7.367909e-02 
 9.360562e-01 -7.593020e-02 
 9.364539e-01 -7.798805e-02 
 9.368516e-01 -7.991373e-02 
 9.372493e-01 -8.165589e-02 
 9.376470e-01 -8.321971e-02 
 9.380447e-01 -8.476986e-02 
 9.384424e-01 -8.620429e-02 
 9.388401e-01 -8.770469e-02 
 9.392378e-01 -8.917100e-02 
 9.396355e-01 -9.059429e-02 
 9.400332e-01 -9.187141e-02 
 9.404309e-01 -9.306809e-02 
 9.408285e-01 -9.421457e-02 
 9.412262e-01 -9.535430e-02 
 9.416239e-01 -9.651369e-02 
 9.420216e-01 -9.770975e-02 
 9.424193e-01 -9.894559e-02 
 9.428170e-01 -1.001631e-01 
 9.432147e-01 -1.014699e-01 
 9.436124e-01 -1.027189e-01 
 9.440101e-01 -1.039391e-01 
 9.444078e-01 -1.050522e-01 
 9.448055e-01 -1.060999e-01 
 9.452032e-01 -1.071478e-01 
 9.456009e-01 -1.081085e-01 
 9.459986e-01 -1.089781e-01 
 9.463963e-01 -1.097086e-01 
 9.467940e-01 -1.102860e-01 
 9.471917e-01 -1.108250e-01 
 9.475894e-01 -1.112620e-01 
 9.479871e-01 -1.117069e-01 
 9.483848e-01 -1.119919e-01 
 9.487825e-01 -1.120852e-01 
 9.491802e-01 -1.120410e-01 
 9.495779e-01 -1.118703e-01 
 9.499755e-01 -1.116548e-01 
 9.503732e-01 -1.114489e-01 
 9.507709e-01 -1.113002e-01 
 9.511686e-01 -1.110826e-01 
 9.515663e-01 -1.108113e-01 
 9.519640e-01 -1.104511e-01 
 9.523617e-01 -1.099509e-01 
 9.527594e-01 -1.092514e-01 
 9.531571e-01 -1.085147e-01 
 9.535548e-01 -1.077527e-01 
 9.539525e-01 -1.069837e-01 
 9.543502e-01 -1.062131e-01 
 9.547479e-01 -1.053072e-01 
 9.551456e-01 -1.042198e-01 
 9.555433e-01 -1.028140e-01 
 9.559410e-01 -1.013576e-01 
 9.563387e-01 -9.973124e-02 
 9.567364e-01 -9.808846e-02 
 9.571341e-01 -9.643536e-02 
 9.575318e-01 -9.489006e-02 
 9.579295e-01 -9.343346e-02 
 9.583272e-01 -9.195616e-02 
 9.587249e-01 -9.050299e-02 
 9.591225e-01 -8.910344e-02 
 9.595202e-01 -8.776345e-02 
 9.599179e-01 -8.648028e-02 
 9.603156e-01 -8.529779e-02 
 9.607133e-01 -8.409408e-02 
 9.611110e-01 -8.279650e-02 
 9.615087e-01 -8.146777e-02 
 9.619064e-01 -8.017625e-02 
 9.623041e-01 -7.884324e-02 
 9.627018e-01 -7.743537e-02 
 9.630995e-01 -7.594249e-02 
 9.634972e-01 -7.438951e-02 
 9.638949e-01 -7.270982e-02 
 9.642926e-01 -7.090102e-02 
 9.646903e-01 -6.906980e-02 
 9.650880e-01 -6.702894e-02 
 9.654857e-01 -6.503671e-02 
 9.658834e-01 -6.306745e-02 
 9.662811e-01 -6.121352e-02 
 9.666788e-01 -5.936006e-02 
 9.670765e-01 -5.743109e-02 
 9.674742e-01 -5.548382e-02 
 9.678718e-01 -5.354232e-02 
 9.682695e-01 -5.163025e-02 
 9.686672e-01 -4.976666e-02 
 9.690649e-01 -4.794255e-02 
 9.694626e-01 -4.608922e-02 
 9.698603e-01 -4.419060e-02 
 9.702580e-01 -4.223491e-02 
 9.706557e-01 -4.017628e-02 
 9.710534e-01 -3.786706e-02 
 9.714511e-01 -3.550265e-02 
 9.718488e-01 -3.307897e-02 
 9.722465e-01 -3.063063e-02 
 9.726442e-01 -2.807322e-02 
 9.730419e-01 -2.536628e-02 
 9.734396e-01 -2.255167e-02 
 9.738373e-01 -1.954343e-02 
 9.742350e-01 -1.661971e-02 
 9.746327e-01 -1.374414e-02 
 9.750304e-01 -1.096639e-02 
 9.754281e-01 -8.335825e-03 
 9.758258e-01 -5.831756e-03 
 9.762235e-01 -3.509957e-03 
 9.766212e-01 -1.315834e-03 
 9.770188e-01  8.667951e-04 
 9.774165e-01  3.015509e-03 
 9.778142e-01  5.203009e-03 
 9.782119e-01  7.400018e-03 
 9.786096e-01  9.539456e-03 
 9.790073e-01  1.163057e-02 
 9.794050e-01  1.368706e-02 
 9.798027e-01  1.576874e-02 
 9.802004e-01  1.801404e-02 
 9.805981e-01  2.036781e-02 
 9.809958e-01  2.277742e-02 
 9.813935e-01  2.522345e-02 
 9.817912e-01  2.769270e-02 
 9.821889e-01  3.018246e-02 
 9.825866e-01  3.265802e-02 
 9.829843e-01  3.509485e-02 
 9.833820e-01  3.746557e-02 
 9.837797e-01  3.984072e-02 
 9.841774e-01  4.212602e-02 
 9.845751e-01  4.440051e-02 
 9.849728e-01  4.658369e-02 
 9.853705e-01  4.869700e-02 
 9.857682e-01  5.062931e-02 
 9.861658e-01  5.246561e-02 
 9.865635e-01  5.428646e-02 
 9.869612e-01  5.592128e-02 
 9.873589e-01  5.751981e-02 
 9.877566e-01  5.902485e-02 
 9.881543e-01  6.052695e-02 
 9.885520e-01  6.199656e-02 
 9.889497e-01  6.340594e-02 
 9.893474e-01  6.487508e-02 
 9.897451e-01  6.631797e-02 
 9.901428e-01  6.766363e-02 
 9.905405e-01  6.893534e-02 
 9.909382e-01  7.020343e-02 
 9.913359e-01  7.133928e-02 
 9.917336e-01  7.250604e-02 
 9.921313e-01  7.366153e-02 
 9.925290e-01  7.480918e-02 
 9.929267e-01  7.586102e-02 
 9.933244e-01  7.671937e-02 
 9.937221e-01  7.743486e-02 
 9.941198e-01  7.790087e-02 
 9.945175e-01  7.813632e-02 
 9.949152e-01  7.825503e-02 
 9.953128e-01  7.824455e-02 
 9.957105e-01  7.818648e-02 
 9.961082e-01  7.817992e-02 
 9.965059e-01  7.819524e-02 
 9.969036e-01  7.824602e-02 
 9.973013e-01  7.828339e-02 
 9.976990e-01  7.837605e-02 
 9.980967e-01  7.855380e-02 
 9.984944e-01  7.870949e-02 
 9.988921e-01  7.893302e-02 
 9.992898e-01  7.911253e-02 
 9.996875e-01  7.927410e-02 
 1.000085e+00  7.932762e-02 
 1.000483e+00  7.947787e-02 
 1.000881e+00  7.958841e-02 
 1.001278e+00  7.961949e-02 
 1.001676e+00  7.958178e-02 
 1.002074e+00  7.939260e-02 
 1.002471e+00  7.907149e-02 
 1.002869e+00  7.856711e-02 
 1.003267e+00  7.788418e-02 
 1.003664e+00  7.717153e-02 
 1.004062e+00  7.647078e-02 
 1.004460e+00  7.583385e-02 
 1.004858e+00  7.525613e-02 
 1.005255e+00  7.460371e-02 
 1.005653e+00  7.375193e-02 
 1.006051e+00  7.286064e-02 
 1.006448e+00  7.205456e-02 
 1.006846e+00  7.133170e-02 
 1.007244e+00  7.074088e-02 
 1.007641e+00  7.016254e-02 
 1.008039e+00  6.945116e-02 
 1.008437e+00  6.862710e-02 
 1.008834e+00  6.771113e-02 
 1.009232e+00  6.671389e-02 
 1.009630e+00  6.555402e-02 
 1.010028e+00  6.435407e-02 
 1.010425e+00  6.305904e-02 
 1.010823e+00  6.176044e-02 
 1.011221e+00  6.029569e-02 
 1.011618e+00  5.873598e-02 
 1.012016e+00  5.703144e-02 
 1.012414e+00  5.519526e-02 
 1.012811e+00  5.341935e-02 
 1.013209e+00  5.169468e-02 
 1.013607e+00  4.996814e-02 
 1.014005e+00  4.816481e-02 
 1.014402e+00  4.636177e-02 
 1.014800e+00  4.454246e-02 
 1.015198e+00  4.280601e-02 
 1.015595e+00  4.111380e-02 
 1.015993e+00  3.948831e-02 
 1.016391e+00  3.798874e-02 
 1.016788e+00  3.656373e-02 
 1.017186e+00  3.515402e-02 
 1.017584e+00  3.378296e-02 
 1.017981e+00  3.226996e-02 
 1.018379e+00  3.066383e-02 
 1.018777e+00  2.900875e-02 
 1.019175e+00  2.720732e-02 
 1.019572e+00  2.522632e-02 
 1.019970e+00  2.308722e-02 
 1.020368e+00  2.076244e-02 
 1.020765e+00  1.828660e-02 
 1.021163e+00  1.569411e-02 
 1.021561e+00  1.296911e-02 
 1.021958e+00  1.016345e-02 
 1.022356e+00  7.346702e-03 
 1.022754e+00  4.502085e-03 
 1.023152e+00  1.754420e-03 
 1.023549e+00 -9.656469e-04 
 1.023947e+00 -3.655361e-03 
 1.024345e+00 -6.232995e-03 
 1.024742e+00 -8.755168e-03 
 1.025140e+00 -1.110039e-02 
 1.025538e+00 -1.329659e-02 
 1.025935e+00 -1.538512e-02 
 1.026333e+00 -1.742527e-02 
 1.026731e+00 -1.954394e-02 
 1.027128e+00 -2.174682e-02 
 1.027526e+00 -2.413855e-02 
 1.027924e+00 -2.666767e-02 
 1.028322e+00 -2.923290e-02 
 1.028719e+00 -3.181347e-02 
 1.029117e+00 -3.441372e-02 
 1.029515e+00 -3.689913e-02 
 1.029912e+00 -3.945121e-02 
 1.030310e+00 -4.199228e-02 
 1.030708e+00 -4.463343e-02 
 1.031105e+00 -4.728065e-02 
 1.031503e+00 -4.990551e-02 
 1.031901e+00 -5.235744e-02 
 1.032299e+00 -5.469521e-02 
 1.032696e+00 -5.684858e-02 
 1.033094e+00 -5.881446e-02 
 1.033492e+00 -6.065982e-02 
 1.033889e+00 -6.250773e-02 
 1.034287e+00 -6.421466e-02 
 1.034685e+00 -6.592864e-02 
 1.035082e+00 -6.757549e-02 
 1.035480e+00 -6.915027e-02 
 1.035878e+00 -7.065851e-02 
 1.036275e+00 -7.217684e-02 
 1.036673e+00 -7.377622e-02 
 1.037071e+00 -7.548119e-02 
 1.037469e+00 -7.724444e-02 
 1.037866e+00 -7.900134e-02 
 1.038264e+00 -8.087873e-02 
 1.038662e+00 -8.272072e-02 
 1.039059e+00 -8.468346e-02 
 1.039457e+00 -8.664019e-02 
 1.039855e+00 -8.857643e-02 
 1.040252e+00 -9.033872e-02 
 1.040650e+00 -9.193201e-02 
 1.041048e+00 -9.339495e-02 
 1.041446e+00 -9.477200e-02 
 1.041843e+00 -9.608482e-02 
 1.042241e+00 -9.738015e-02 
 1.042639e+00 -9.861397e-02 
 1.043036e+00 -9.984032e-02 
 1.043434e+00 -1.009605e-01 
 1.043832e+00 -1.019207e-01 
 1.044229e+00 -1.027526e-01 
 1.044627e+00 -1.033933e-01 
 1.045025e+00 -1.039570e-01 
 1.045422e+00 -1.045872e-01 
 1.045820e+00 -1.052329e-01 
 1.046218e+00 -1.058996e-01 
 1.046616e+00 -1.065663e-01 
 1.047013e+00 -1.071573e-01 
 1.047411e+00 -1.076586e-01 
 1.047809e+00 -1.081212e-01 
 1.048206e+00 -1.085426e-01 
 1.048604e+00 -1.089381e-01 
 1.049002e+00 -1.093083e-01 
 1.049399e+00 -1.097161e-01 
 1.049797e+00 -1.099905e-01 
 1.050195e+00 -1.101588e-01 
 1.050593e+00 -1.102211e-01 
 1.050990e+00 -1.102465e-01 
 1.051388e+00 -1.102204e-01 
 1.051786e+00 -1.101491e-01 
 1.052183e+00 -1.099837e-01 
 1.052581e+00 -1.097241e-01 
 1.052979e+00 -1.093829e-01 
 1.053376e+00 -1.090607e-01 
 1.053774e+00 -1.087587e-01 
 1.054172e+00 -1.084225e-01 
 1.054569e+00 -1.080853e-01 
 1.054967e+00 -1.077957e-01 
 1.055365e+00 -1.075164e-01 
 1.055763e+00 -1.072223e-01 
 1.056160e+00 -1.068458e-01 
 1.056558e+00 -1.063828e-01 
 1.056956e+00 -1.058114e-01 
 1.057353e+00 -1.052138e-01 
 1.057751e+00 -1.045952e-01 
 1.058149e+00 -1.038217e-01 
 1.058546e+00 -1.028300e-01 
 1.058944e+00 -1.015956e-01 
 1.059342e+00 -1.002116e-01 
 1.059740e+00 -9.873803e-02 
 1.060137e+00 -9.717283e-02 
 1.060535e+00 -9.549395e-02 
 1.060933e+00 -9.367005e-02 
 1.061330e+00 -9.176630e-02 
 1.061728e+00 -8.979457e-02 
 1.062126e+00 -8.787911e-02 
 1.062523e+00 -8.591612e-02 
 1.062921e+00 -8.396256e-02 
 1.063319e+00 -8.211701e-02 
 1.063716e+00 -8.031695e-02 
 1.064114e+00 -7.858147e-02 
 1.064512e+00 -7.676464e-02 
 1.064910e+00 -7.486102e-02 
 1.065307e+00 -7.288335e-02 
 1.065705e+00 -7.082140e-02 
 1.066103e+00 -6.869381e-02 
 1.066500e+00 -6.655104e-02 
 1.066898e+00 -6.425153e-02 
 1.067296e+00 -6.191685e-02 
 1.067693e+00 -5.948787e-02 
 1.068091e+00 -5.699456e-02 
 1.068489e+00 -5.446767e-02 
 1.068887e+00 -5.184447e-02 
 1.069284e+00 -4.919616e-02 
 1.069682e+00 -4.654862e-02 
 1.070080e+00 -4.390759e-02 
 1.070477e+00 -4.135598e-02 
 1.070875e+00 -3.893842e-02 
 1.071273e+00 -3.660207e-02 
 1.071670e+00 -3.433394e-02 
 1.072068e+00 -3.214507e-02 
 1.072466e+00 -3.002906e-02 
 1.072863e+00 -2.794325e-02 
 1.073261e+00 -2.590029e-02 
 1.073659e+00 -2.376037e-02 
 1.074057e+00 -2.163590e-02 
 1.074454e+00 -1.952976e-02 
 1.074852e+00 -1.737514e-02 
 1.075250e+00 -1.525019e-02 
 1.075647e+00 -1.304806e-02 
 1.076045e+00 -1.072538e-02 
 1.076443e+00 -8.263710e-03 
 1.076840e+00 -5.684733e-03 
 1.077238e+00 -2.991130e-03 
 1.077636e+00 -2.705974e-04 
 1.078034e+00  2.518163e-03 
 1.078431e+00  5.333365e-03 
 1.078829e+00  8.049432e-03 
 1.079227e+00  1.072132e-02 
 1.079624e+00  1.326695e-02 
 1.080022e+00  1.569231e-02 
 1.080420e+00  1.804812e-02 
 1.080817e+00  2.039951e-02 
 1.081215e+00  2.272467e-02 
 1.081613e+00  2.497257e-02 
 1.082010e+00  2.703853e-02 
 1.082408e+00  2.894612e-02 
 1.082806e+00  3.068164e-02 
 1.083204e+00  3.230662e-02 
 1.083601e+00  3.390752e-02 
 1.083999e+00  3.556837e-02 
 1.084397e+00  3.735194e-02 
 1.084794e+00  3.932172e-02 
 1.085192e+00  4.138119e-02 
 1.085590e+00  4.350420e-02 
 1.085987e+00  4.562444e-02 
 1.086385e+00  4.765779e-02 
 1.086783e+00  4.970908e-02 
 1.087181e+00  5.176020e-02 
 1.087578e+00  5.387636e-02 
 1.087976e+00  5.591649e-02 
 1.088374e+00  5.779057e-02 
 1.088771e+00  5.947880e-02 
 1.089169e+00  6.096610e-02 
 1.089567e+00  6.236047e-02 
 1.089964e+00  6.367741e-02 
 1.090362e+00  6.494972e-02 
 1.090760e+00  6.614383e-02 
 1.091157e+00  6.721567e-02 
 1.091555e+00  6.822650e-02 
 1.091953e+00  6.929432e-02 
 1.092351e+00  7.039142e-02 
 1.092748e+00  7.155716e-02 
 1.093146e+00  7.277927e-02 
 1.093544e+00  7.397896e-02 
 1.093941e+00  7.524873e-02 
 1.094339e+00  7.640121e-02 
 1.094737e+00  7.752280e-02 
 1.095134e+00  7.846884e-02 
 1.095532e+00  7.939634e-02 
 1.095930e+00  8.032844e-02 
 1.096328e+00  8.127782e-02 
 1.096725e+00  8.204993e-02 
 1.097123e+00  8.265423e-02 
 1.097521e+00  8.296285e-02 
 1.097918e+00  8.305588e-02 
 1.098316e+00  8.302240e-02 
 1.098714e+00  8.287607e-02 
 1.099111e+00  8.261970e-02 
 1.099509e+00  8.224699e-02 
 1.099907e+00  8.180926e-02 
 1.100304e+00  8.133002e-02 
 1.100702e+00  8.077797e-02 
 1.101100e+00  8.014511e-02 
 1.101498e+00  7.950562e-02 
 1.101895e+00  7.896054e-02 
 1.102293e+00  7.847758e-02 
 1.102691e+00  7.804525e-02 
 1.103088e+00  7.757908e-02 
 1.103486e+00  7.709433e-02 
 1.103884e+00  7.650658e-02 
 1.104281e+00  7.597057e-02 
 1.104679e+00  7.548405e-02 
 1.105077e+00  7.493263e-02 
 1.105475e+00  7.422008e-02 
 1.105872e+00  7.343256e-02 
 1.106270e+00  7.250551e-02 
 1.106668e+00  7.147604e-02 
 1.107065e+00  7.037571e-02 
 1.107463e+00  6.919967e-02 
 1.107861e+00  6.800238e-02 
 1.108258e+00  6.678506e-02 
 1.108656e+00  6.556531e-02 
 1.109054e+00  6.434649e-02 
 1.109451e+00  6.307743e-02 
 1.109849e+00  6.183839e-02 
 1.110247e+00  6.075723e-02 
 1.110645e+00  5.974642e-02 
 1.111042e+00  5.875075e-02 
 1.111440e+00  5.774169e-02 
 1.111838e+00  5.667585e-02 
 1.112235e+00  5.558192e-02 
 1.112633e+00  5.454014e-02 
 1.113031e+00  5.350316e-02 
 1.113428e+00  5.246432e-02 
 1.113826e+00  5.134094e-02 
 1.114224e+00  5.020629e-02 
 1.114622e+00  4.894045e-02 
 1.115019e+00  4.746332e-02 
 1.115417e+00  4.579239e-02 
 1.115815e+00  4.393737e-02 
 1.116212e+00  4.193611e-02 
 1.116610e+00  3.985394e-02 
 1.117008e+00  3.772882e-02 
 1.117405e+00  3.559801e-02 
 1.117803e+00  3.340515e-02 
 1.118201e+00  3.117340e-02 
 1.118598e+00  2.892538e-02 
 1.118996e+00  2.674269e-02 
 1.119394e+00  2.450264e-02 
 1.119792e+00  2.238712e-02 
 1.120189e+00  2.035677e-02 
 1.120587e+00  1.843120e-02 
 1.120985e+00  1.664260e-02 
 1.121382e+00  1.498608e-02 
 1.121780e+00  1.336835e-02 
 1.122178e+00  1.160847e-02 
 1.122575e+00  9.664951e-03 
 1.122973e+00  7.719984e-03 
 1.123371e+00  5.631452e-03 
 1.123769e+00  3.495094e-03 
 1.124166e+00  1.289703e-03 
 1.124564e+00 -9.872770e-04 
 1.124962e+00 -3.403289e-03 
 1.125359e+00 -5.975028e-03 
 1.125757e+00 -8.620467e-03 
 1.126155e+00 -1.142685e-02 
 1.126552e+00 -1.436538e-02 
 1.126950e+00 -1.726170e-02 
 1.127348e+00 -2.009360e-02 
 1.127745e+00 -2.284917e-02 
 1.128143e+00 -2.542582e-02 
 1.128541e+00 -2.786391e-02 
 1.128939e+00 -3.015390e-02 
 1.129336e+00 -3.232978e-02 
 1.129734e+00 -3.445951e-02 
 1.130132e+00 -3.649439e-02 
 1.130529e+00 -3.860021e-02 
 1.130927e+00 -4.072609e-02 
 1.131325e+00 -4.286430e-02 
 1.131722e+00 -4.514167e-02 
 1.132120e+00 -4.744339e-02 
 1.132518e+00 -4.976411e-02 
 1.132916e+00 -5.205464e-02 
 1.133313e+00 -5.439462e-02 
 1.133711e+00 -5.670065e-02 
 1.134109e+00 -5.903810e-02 
 1.134506e+00 -6.146755e-02 
 1.134904e+00 -6.397073e-02 
 1.135302e+00 -6.643320e-02 
 1.135699e+00 -6.878144e-02 
 1.136097e+00 -7.101160e-02 
 1.136495e+00 -7.304309e-02 
 1.136892e+00 -7.490201e-02 
 1.137290e+00 -7.667615e-02 
 1.137688e+00 -7.841623e-02 
 1.138086e+00 -8.000048e-02 
 1.138483e+00 -8.150213e-02 
 1.138881e+00 -8.294999e-02 
 1.139279e+00 -8.425151e-02 
 1.139676e+00 -8.542508e-02 
 1.140074e+00 -8.654175e-02 
 1.140472e+00 -8.764962e-02 
 1.140869e+00 -8.875749e-02 
 1.141267e+00 -8.988412e-02 
 1.141665e+00 -9.103929e-02 
 1.142063e+00 -9.219371e-02 
 1.142460e+00 -9.334073e-02 
 1.142858e+00 -9.448446e-02 
 1.143256e+00 -9.568796e-02 
 1.143653e+00 -9.686616e-02 
 1.144051e+00 -9.798971e-02 
 1.144449e+00 -9.924136e-02 
 1.144846e+00 -1.004291e-01 
 1.145244e+00 -1.016446e-01 
 1.145642e+00 -1.027481e-01 
 1.146039e+00 -1.037996e-01 
 1.146437e+00 -1.047636e-01 
 1.146835e+00 -1.057253e-01 
 1.147233e+00 -1.065241e-01 
 1.147630e+00 -1.072731e-01 
 1.148028e+00 -1.077914e-01 
 1.148426e+00 -1.081562e-01 
 1.148823e+00 -1.085686e-01 
 1.149221e+00 -1.089908e-01 
 1.149619e+00 -1.095116e-01 
 1.150016e+00 -1.100711e-01 
 1.150414e+00 -1.106503e-01 
 1.150812e+00 -1.112816e-01 
 1.151210e+00 -1.118966e-01 
 1.151607e+00 -1.125236e-01 
 1.152005e+00 -1.131030e-01 
 1.152403e+00 -1.134727e-01 
 1.152800e+00 -1.137291e-01 
 1.153198e+00 -1.138842e-01 
 1.153596e+00 -1.138792e-01 
 1.153993e+00 -1.136434e-01 
 1.154391e+00 -1.131904e-01 
 1.154789e+00 -1.125845e-01 
 1.155186e+00 -1.118936e-01 
 1.155584e+00 -1.111484e-01 
 1.155982e+00 -1.103839e-01 
 1.156380e+00 -1.095095e-01 
 1.156777e+00 -1.085446e-01 
 1.157175e+00 -1.075822e-01 
 1.157573e+00 -1.065919e-01 
 1.157970e+00 -1.055695e-01 
 1.158368e+00 -1.045380e-01 
 1.158766e+00 -1.035145e-01 
 1.159163e+00 -1.025151e-01 
 1.159561e+00 -1.015461e-01 
 1.159959e+00 -1.005024e-01 
 1.160357e+00 -9.938370e-02 
 1.160754e+00 -9.814764e-02 
 1.161152e+00 -9.679449e-02 
 1.161550e+00 -9.525518e-02 
 1.161947e+00 -9.358676e-02 
 1.162345e+00 -9.176028e-02 
 1.162743e+00 -8.983524e-02 
 1.163140e+00 -8.788738e-02 
 1.163538e+00 -8.587377e-02 
 1.163936e+00 -8.373396e-02 
 1.164333e+00 -8.152617e-02 
 1.164731e+00 -7.915602e-02 
 1.165129e+00 -7.667053e-02 
 1.165527e+00 -7.414739e-02 
 1.165924e+00 -7.167469e-02 
 1.166322e+00 -6.920796e-02 
 1.166720e+00 -6.677024e-02 
 1.167117e+00 -6.434684e-02 
 1.167515e+00 -6.200651e-02 
 1.167913e+00 -5.967863e-02 
 1.168310e+00 -5.736570e-02 
 1.168708e+00 -5.505509e-02 
 1.169106e+00 -5.266336e-02 
 1.169504e+00 -5.018414e-02 
 1.169901e+00 -4.763632e-02 
 1.170299e+00 -4.514826e-02 
 1.170697e+00 -4.262965e-02 
 1.171094e+00 -4.006629e-02 
 1.171492e+00 -3.745735e-02 
 1.171890e+00 -3.475717e-02 
 1.172287e+00 -3.189895e-02 
 1.172685e+00 -2.888417e-02 
 1.173083e+00 -2.583412e-02 
 1.173480e+00 -2.273512e-02 
 1.173878e+00 -1.971531e-02 
 1.174276e+00 -1.682714e-02 
 1.174674e+00 -1.404266e-02 
 1.175071e+00 -1.139838e-02 
 1.175469e+00 -8.893432e-03 
 1.175867e+00 -6.526250e-03 
 1.176264e+00 -4.179806e-03 
 1.176662e+00 -1.997204e-03 
 1.177060e+00  1.294070e-04 
 1.177457e+00  2.032033e-03 
 1.177855e+00  3.824469e-03 
 1.178253e+00  5.434839e-03 
 1.178651e+00  6.979413e-03 
 1.179048e+00  8.570772e-03 
 1.179446e+00  1.022346e-02 
 1.179844e+00  1.193964e-02 
 1.180241e+00  1.375338e-02 
 1.180639e+00  1.569778e-02 
 1.181037e+00  1.776112e-02 
 1.181434e+00  1.989385e-02 
 1.181832e+00  2.207142e-02 
 1.182230e+00  2.430388e-02 
 1.182627e+00  2.644592e-02 
 1.183025e+00  2.850475e-02 
 1.183423e+00  3.057789e-02 
 1.183821e+00  3.255101e-02 
 1.184218e+00  3.442204e-02 
 1.184616e+00  3.623860e-02 
 1.185014e+00  3.795926e-02 
 1.185411e+00  3.963801e-02 
 1.185809e+00  4.118003e-02 
 1.186207e+00  4.255714e-02 
 1.186604e+00  4.382083e-02 
 1.187002e+00  4.496882e-02 
 1.187400e+00  4.618434e-02 
 1.187798e+00  4.753625e-02 
 1.188195e+00  4.900510e-02 
 1.188593e+00  5.047861e-02 
 1.188991e+00  5.197426e-02 
 1.189388e+00  5.344701e-02 
 1.189786e+00  5.489927e-02 
 1.190184e+00  5.640205e-02 
 1.190581e+00  5.794164e-02 
 1.190979e+00  5.951612e-02 
 1.191377e+00  6.107717e-02 
 1.191774e+00  6.266447e-02 
 1.192172e+00  6.414519e-02 
 1.192570e+00  6.541965e-02 
 1.192968e+00  6.655914e-02 
 1.193365e+00  6.755126e-02 
 1.193763e+00  6.843479e-02 
 1.194161e+00  6.913082e-02 
 1.194558e+00  6.972793e-02 
 1.194956e+00  7.014137e-02 
 1.195354e+00  7.041067e-02 
 1.195751e+00  7.064443e-02 
 1.196149e+00  7.088994e-02 
 1.196547e+00  7.113426e-02 
 1.196945e+00  7.138356e-02 
 1.197342e+00  7.176678e-02 
 1.197740e+00  7.219022e-02 
 1.198138e+00  7.277380e-02 
 1.198535e+00  7.342674e-02 
 1.198933e+00  7.403785e-02 
 1.199331e+00  7.449275e-02 
 1.199728e+00  7.492102e-02 
 1.200126e+00  7.527282e-02 
 1.200524e+00  7.557691e-02 
 1.200921e+00  7.580419e-02 
 1.201319e+00  7.597161e-02 
 1.201717e+00  7.597468e-02 
 1.202115e+00  7.590390e-02 
 1.202512e+00  7.568364e-02 
 1.202910e+00  7.526480e-02 
 1.203308e+00  7.472213e-02 
 1.203705e+00  7.410371e-02 
 1.204103e+00  7.349007e-02 
 1.204501e+00  7.292842e-02 
 1.204898e+00  7.225305e-02 
 1.205296e+00  7.153786e-02 
 1.205694e+00  7.085824e-02 
 1.206092e+00  7.013924e-02 
 1.206489e+00  6.946698e-02 
 1.206887e+00  6.884086e-02 
 1.207285e+00  6.822800e-02 
 1.207682e+00  6.761462e-02 
 1.208080e+00  6.701943e-02 
 1.208478e+00  6.641431e-02 
 1.208875e+00  6.574538e-02 
 1.209273e+00  6.501972e-02 
 1.209671e+00  6.425032e-02 
 1.210068e+00  6.345120e-02 
 1.210466e+00  6.250986e-02 
 1.210864e+00  6.151103e-02 
 1.211262e+00  6.025814e-02 
 1.211659e+00  5.887266e-02 
 1.212057e+00  5.730220e-02 
 1.212455e+00  5.574002e-02 
 1.212852e+00  5.421374e-02 
 1.213250e+00  5.267582e-02 
 1.213648e+00  5.117398e-02 
 1.214045e+00  4.963816e-02 
 1.214443e+00  4.811880e-02 
 1.214841e+00  4.667713e-02 
 1.215239e+00  4.526736e-02 
 1.215636e+00  4.393336e-02 
 1.216034e+00  4.277212e-02 
 1.216432e+00  4.173500e-02 
 1.216829e+00  4.083311e-02 
 1.217227e+00  3.997415e-02 
 1.217625e+00  3.903499e-02 
 1.218022e+00  3.799187e-02 
 1.218420e+00  3.677989e-02 
 1.218818e+00  3.545267e-02 
 1.219215e+00  3.392585e-02 
 1.219613e+00  3.218447e-02 
 1.220011e+00  3.023890e-02 
 1.220409e+00  2.819055e-02 
 1.220806e+00  2.608261e-02 
 1.221204e+00  2.390063e-02 
 1.221602e+00  2.165899e-02 
 1.221999e+00  1.938390e-02 
 1.222397e+00  1.707791e-02 
 1.222795e+00  1.469036e-02 
 1.223192e+00  1.230978e-02 
 1.223590e+00  9.966070e-03 
 1.223988e+00  7.702997e-03 
 1.224386e+00  5.530252e-03 
 1.224783e+00  3.451099e-03 
 1.225181e+00  1.455022e-03 
 1.225579e+00 -6.168898e-04 
 1.225976e+00 -2.744289e-03 
 1.226374e+00 -4.932654e-03 
 1.226772e+00 -7.235836e-03 
 1.227169e+00 -9.528998e-03 
 1.227567e+00 -1.188155e-02 
 1.227965e+00 -1.416067e-02 
 1.228362e+00 -1.647462e-02 
 1.228760e+00 -1.888548e-02 
 1.229158e+00 -2.139196e-02 
 1.229556e+00 -2.408441e-02 
 1.229953e+00 -2.686662e-02 
 1.230351e+00 -2.974110e-02 
 1.230749e+00 -3.257433e-02 
 1.231146e+00 -3.535149e-02 
 1.231544e+00 -3.806318e-02 
 1.231942e+00 -4.067953e-02 
 1.232339e+00 -4.327813e-02 
 1.232737e+00 -4.573882e-02 
 1.233135e+00 -4.815738e-02 
 1.233533e+00 -5.049833e-02 
 1.233930e+00 -5.267462e-02 
 1.234328e+00 -5.483638e-02 
 1.234726e+00 -5.693632e-02 
 1.235123e+00 -5.900213e-02 
 1.235521e+00 -6.103096e-02 
 1.235919e+00 -6.305926e-02 
 1.236316e+00 -6.506219e-02 
 1.236714e+00 -6.699696e-02 
 1.237112e+00 -6.893903e-02 
 1.237509e+00 -7.089052e-02 
 1.237907e+00 -7.295199e-02 
 1.238305e+00 -7.513489e-02 
 1.238703e+00 -7.739767e-02 
 1.239100e+00 -7.970402e-02 
 1.239498e+00 -8.187399e-02 
 1.239896e+00 -8.399945e-02 
 1.240293e+00 -8.612222e-02 
 1.240691e+00 -8.819379e-02 
 1.241089e+00 -9.019861e-02 
 1.241486e+00 -9.207968e-02 
 1.241884e+00 -9.371794e-02 
 1.242282e+00 -9.513604e-02 
 1.242680e+00 -9.636789e-02 
 1.243077e+00 -9.750426e-02 
 1.243475e+00 -9.846429e-02 
 1.243873e+00 -9.937167e-02 
 1.244270e+00 -1.002640e-01 
 1.244668e+00 -1.011974e-01 
 1.245066e+00 -1.021944e-01 
 1.245463e+00 -1.031055e-01 
 1.245861e+00 -1.040039e-01 
 1.246259e+00 -1.048018e-01 
 1.246656e+00 -1.056002e-01 
 1.247054e+00 -1.064206e-01 
 1.247452e+00 -1.072532e-01 
 1.247850e+00 -1.079583e-01 
 1.248247e+00 -1.085432e-01 
 1.248645e+00 -1.090157e-01 
 1.249043e+00 -1.093793e-01 
 1.249440e+00 -1.095841e-01 
 1.249838e+00 -1.095785e-01 
 1.250236e+00 -1.094586e-01 
 1.250633e+00 -1.092148e-01 
 1.251031e+00 -1.089659e-01 
 1.251429e+00 -1.087919e-01 
 1.251827e+00 -1.085932e-01 
 1.252224e+00 -1.083391e-01 
 1.252622e+00 -1.080317e-01 
 1.253020e+00 -1.077186e-01 
 1.253417e+00 -1.073010e-01 
 1.253815e+00 -1.069258e-01 
 1.254213e+00 -1.066104e-01 
 1.254610e+00 -1.063503e-01 
 1.255008e+00 -1.060796e-01 
 1.255406e+00 -1.058481e-01 
 1.255803e+00 -1.055688e-01 
 1.256201e+00 -1.052002e-01 
 1.256599e+00 -1.046498e-01 
 1.256997e+00 -1.040456e-01 
 1.257394e+00 -1.033361e-01 
 1.257792e+00 -1.024915e-01 
 1.258190e+00 -1.015205e-01 
 1.258587e+00 -1.004074e-01 
 1.258985e+00 -9.912039e-02 
 1.259383e+00 -9.773932e-02 
 1.259780e+00 -9.622137e-02 
 1.260178e+00 -9.463871e-02 
 1.260576e+00 -9.298356e-02 
 1.260974e+00 -9.119234e-02 
 1.261371e+00 -8.945173e-02 
 1.261769e+00 -8.764693e-02 
 1.262167e+00 -8.587439e-02 
 1.262564e+00 -8.418448e-02 
 1.262962e+00 -8.260551e-02 
 1.263360e+00 -8.113264e-02 
 1.263757e+00 -7.975312e-02 
 1.264155e+00 -7.832886e-02 
 1.264553e+00 -7.679770e-02 
 1.264950e+00 -7.513351e-02 
 1.265348e+00 -7.337084e-02 
 1.265746e+00 -7.152012e-02 
 1.266144e+00 -6.958184e-02 
 1.266541e+00 -6.764185e-02 
 1.266939e+00 -6.571994e-02 
 1.267337e+00 -6.374306e-02 
 1.267734e+00 -6.156313e-02 
 1.268132e+00 -5.924341e-02 
 1.268530e+00 -5.680279e-02 
 1.268927e+00 -5.423907e-02 
 1.269325e+00 -5.181547e-02 
 1.269723e+00 -4.942370e-02 
 1.270121e+00 -4.716210e-02 
 1.270518e+00 -4.484548e-02 
 1.270916e+00 -4.264211e-02 
 1.271314e+00 -4.059831e-02 
 1.271711e+00 -3.866740e-02 
 1.272109e+00 -3.678322e-02 
 1.272507e+00 -3.499678e-02 
 1.272904e+00 -3.336359e-02 
 1.273302e+00 -3.167565e-02 
 1.273700e+00 -3.003865e-02 
 1.274097e+00 -2.838755e-02 
 1.274495e+00 -2.662624e-02 
 1.274893e+00 -2.474892e-02 
 1.275291e+00 -2.286251e-02 
 1.275688e+00 -2.089851e-02 
 1.276086e+00 -1.879611e-02 
 1.276484e+00 -1.655010e-02 
 1.276881e+00 -1.419032e-02 
 1.277279e+00 -1.167236e-02 
 1.277677e+00 -9.117124e-03 
 1.278074e+00 -6.663224e-03 
 1.278472e+00 -4.196963e-03 
 1.278870e+00 -1.799551e-03 
 1.279268e+00  5.787090e-04 
 1.279665e+00  2.878086e-03 
 1.280063e+00  5.069259e-03 
 1.280461e+00  7.096880e-03 
 1.280858e+00  8.874030e-03 
 1.281256e+00  1.053972e-02 
 1.281654e+00  1.203258e-02 
 1.282051e+00  1.344981e-02 
 1.282449e+00  1.480009e-02 
 1.282847e+00  1.609257e-02 
 1.283244e+00  1.747372e-02 
 1.283642e+00  1.890115e-02 
 1.284040e+00  2.037931e-02 
 1.284438e+00  2.194606e-02 
 1.284835e+00  2.354697e-02 
 1.285233e+00  2.522797e-02 
 1.285631e+00  2.695854e-02 
 1.286028e+00  2.870031e-02 
 1.286426e+00  3.045394e-02 
 1.286824e+00  3.217464e-02 
 1.287221e+00  3.380230e-02 
 1.287619e+00  3.553441e-02 
 1.288017e+00  3.715374e-02 
 1.288415e+00  3.870381e-02 
 1.288812e+00  4.019678e-02 
 1.289210e+00  4.154568e-02 
 1.289608e+00  4.278575e-02 
 1.290005e+00  4.396689e-02 
 1.290403e+00  4.500132e-02 
 1.290801e+00  4.599705e-02 
 1.291198e+00  4.701218e-02 
 1.291596e+00  4.805983e-02 
 1.291994e+00  4.915379e-02 
 1.292391e+00  5.025700e-02 
 1.292789e+00  5.131379e-02 
 1.293187e+00  5.253734e-02 
 1.293585e+00  5.384990e-02 
 1.293982e+00  5.527962e-02 
 1.294380e+00  5.679611e-02 
 1.294778e+00  5.834549e-02 
 1.295175e+00  5.977832e-02 
 1.295573e+00  6.125555e-02 
 1.295971e+00  6.269133e-02 
 1.296368e+00  6.399386e-02 
 1.296766e+00  6.515765e-02 
 1.297164e+00  6.630164e-02 
 1.297562e+00  6.740791e-02 
 1.297959e+00  6.845088e-02 
 1.298357e+00  6.940230e-02 
 1.298755e+00  7.023254e-02 
 1.299152e+00  7.082295e-02 
 1.299550e+00  7.123131e-02 
 1.299948e+00  7.152570e-02 
 1.300345e+00  7.172133e-02 
 1.300743e+00  7.186342e-02 
 1.301141e+00  7.197006e-02 
 1.301538e+00  7.224047e-02 
 1.301936e+00  7.256189e-02 
 1.302334e+00  7.289823e-02 
 1.302732e+00  7.318829e-02 
 1.303129e+00  7.344389e-02 
 1.303527e+00  7.366167e-02 
 1.303925e+00  7.392018e-02 
 1.304322e+00  7.431055e-02 
 1.304720e+00  7.473678e-02 
 1.305118e+00  7.508926e-02 
 1.305515e+00  7.525555e-02 
 1.305913e+00  7.531463e-02 
 1.306311e+00  7.517511e-02 
 1.306709e+00  7.475364e-02 
 1.307106e+00  7.412694e-02 
 1.307504e+00  7.335347e-02 
 1.307902e+00  7.246539e-02 
 1.308299e+00  7.160241e-02 
 1.308697e+00  7.073523e-02 
 1.309095e+00  6.979915e-02 
 1.309492e+00  6.879773e-02 
 1.309890e+00  6.784913e-02 
 1.310288e+00  6.694435e-02 
 1.310685e+00  6.609002e-02 
 1.311083e+00  6.529626e-02 
 1.311481e+00  6.451958e-02 
 1.311879e+00  6.376711e-02 
 1.312276e+00  6.302151e-02 
 1.312674e+00  6.229973e-02 
 1.313072e+00  6.148306e-02 
 1.313469e+00  6.055203e-02 
 1.313867e+00  5.945125e-02 
 1.314265e+00  5.817208e-02 
 1.314662e+00  5.661193e-02 
 1.315060e+00  5.487990e-02 
 1.315458e+00  5.292227e-02 
 1.315856e+00  5.088913e-02 
 1.316253e+00  4.874585e-02 
 1.316651e+00  4.651221e-02 
 1.317049e+00  4.431098e-02 
 1.317446e+00  4.201433e-02 
 1.317844e+00  3.975083e-02 
 1.318242e+00  3.740810e-02 
 1.318639e+00  3.508992e-02 
 1.319037e+00  3.273519e-02 
 1.319435e+00  3.049536e-02 
 1.319832e+00  2.849771e-02 
 1.320230e+00  2.658810e-02 
 1.320628e+00  2.475883e-02 
 1.321026e+00  2.292645e-02 
 1.321423e+00  2.109433e-02 
 1.321821e+00  1.918504e-02 
 1.322219e+00  1.736632e-02 
 1.322616e+00  1.556030e-02 
 1.323014e+00  1.371995e-02 
 1.323412e+00  1.181520e-02 
 1.323809e+00  9.798197e-03 
 1.324207e+00  7.721307e-03 
 1.324605e+00  5.476109e-03 
 1.325003e+00  3.151821e-03 
 1.325400e+00  6.823710e-04 
 1.325798e+00 -1.737861e-03 
 1.326196e+00 -4.238455e-03 
 1.326593e+00 -6.702917e-03 
 1.326991e+00 -9.178760e-03 
 1.327389e+00 -1.159616e-02 
 1.327786e+00 -1.400963e-02 
 1.328184e+00 -1.626680e-02 
 1.328582e+00 -1.840500e-02 
 1.328979e+00 -2.047818e-02 
 1.329377e+00 -2.253682e-02 
 1.329775e+00 -2.455295e-02 
 1.330173e+00 -2.665364e-02 
 1.330570e+00 -2.877138e-02 
 1.330968e+00 -3.086483e-02 
 1.331366e+00 -3.290770e-02 
 1.331763e+00 -3.508363e-02 
 1.332161e+00 -3.727445e-02 
 1.332559e+00 -3.957062e-02 
 1.332956e+00 -4.197038e-02 
 1.333354e+00 -4.445086e-02 
 1.333752e+00 -4.693443e-02 
 1.334150e+00 -4.950289e-02 
 1.334547e+00 -5.207928e-02 
 1.334945e+00 -5.468166e-02 
 1.335343e+00 -5.716591e-02 
 1.335740e+00 -5.968939e-02 
 1.336138e+00 -6.216705e-02 
 1.336536e+00 -6.456583e-02 
 1.336933e+00 -6.690882e-02 
 1.337331e+00 -6.897772e-02 
 1.337729e+00 -7.091258e-02 
 1.338126e+00 -7.262702e-02 
 1.338524e+00 -7.432524e-02 
 1.338922e+00 -7.594097e-02 
 1.339320e+00 -7.744660e-02 
 1.339717e+00 -7.890357e-02 
 1.340115e+00 -8.028870e-02 
 1.340513e+00 -8.173348e-02 
 1.340910e+00 -8.323615e-02 
 1.341308e+00 -8.475515e-02 
 1.341706e+00 -8.623812e-02 
 1.342103e+00 -8.764876e-02 
 1.342501e+00 -8.906405e-02 
 1.342899e+00 -9.043368e-02 
 1.343297e+00 -9.180513e-02 
 1.343694e+00 -9.311506e-02 
 1.344092e+00 -9.436203e-02 
 1.344490e+00 -9.550681e-02 
 1.344887e+00 -9.650114e-02 
 1.345285e+00 -9.734774e-02 
 1.345683e+00 -9.805130e-02 
 1.346080e+00 -9.869428e-02 
 1.346478e+00 -9.927550e-02 
 1.346876e+00 -9.980535e-02 
 1.347273e+00 -1.003061e-01 
 1.347671e+00 -1.007344e-01 
 1.348069e+00 -1.010884e-01 
 1.348467e+00 -1.013916e-01 
 1.348864e+00 -1.016884e-01 
 1.349262e+00 -1.019826e-01 
 1.349660e+00 -1.022527e-01 
 1.350057e+00 -1.025233e-01 
 1.350455e+00 -1.029146e-01 
 1.350853e+00 -1.032373e-01 
 1.351250e+00 -1.035415e-01 
 1.351648e+00 -1.038165e-01 
 1.352046e+00 -1.039630e-01 
 1.352444e+00 -1.040109e-01 
 1.352841e+00 -1.039117e-01 
 1.353239e+00 -1.036031e-01 
 1.353637e+00 -1.030344e-01 
 1.354034e+00 -1.022902e-01 
 1.354432e+00 -1.014055e-01 
 1.354830e+00 -1.005617e-01 
 1.355227e+00 -9.970575e-02 
 1.355625e+00 -9.878225e-02 
 1.356023e+00 -9.768566e-02 
 1.356420e+00 -9.657768e-02 
 1.356818e+00 -9.545473e-02 
 1.357216e+00 -9.429870e-02 
 1.357614e+00 -9.319284e-02 
 1.358011e+00 -9.216730e-02 
 1.358409e+00 -9.130435e-02 
 1.358807e+00 -9.052813e-02 
 1.359204e+00 -8.985892e-02 
 1.359602e+00 -8.917406e-02 
 1.360000e+00 -8.841804e-02 
 1.360397e+00 -8.758758e-02 
 1.360795e+00 -8.673748e-02 
 1.361193e+00 -8.591567e-02 
 1.361591e+00 -8.509872e-02 
 1.361988e+00 -8.418283e-02 
 1.362386e+00 -8.323756e-02 
 1.362784e+00 -8.220942e-02 
 1.363181e+00 -8.105780e-02 
 1.363579e+00 -7.977509e-02 
 1.363977e+00 -7.834031e-02 
 1.364374e+00 -7.690242e-02 
 1.364772e+00 -7.539024e-02 
 1.365170e+00 -7.387397e-02 
 1.365567e+00 -7.240598e-02 
 1.365965e+00 -7.097401e-02 
 1.366363e+00 -6.956221e-02 
 1.366761e+00 -6.822272e-02 
 1.367158e+00 -6.702512e-02 
 1.367556e+00 -6.587262e-02 
 1.367954e+00 -6.478010e-02 
 1.368351e+00 -6.357367e-02 
 1.368749e+00 -6.241323e-02 
 1.369147e+00 -6.123759e-02 
 1.369544e+00 -6.007487e-02 
 1.369942e+00 -5.897499e-02 
 1.370340e+00 -5.779246e-02 
 1.370738e+00 -5.643526e-02 
 1.371135e+00 -5.479352e-02 
 1.371533e+00 -5.289176e-02 
 1.371931e+00 -5.070561e-02 
 1.372328e+00 -4.830298e-02 
 1.372726e+00 -4.580905e-02 
 1.373124e+00 -4.325601e-02 
 1.373521e+00 -4.060462e-02 
 1.373919e+00 -3.800108e-02 
 1.374317e+00 -3.538816e-02 
 1.374714e+00 -3.284836e-02 
 1.375112e+00 -3.043679e-02 
 1.375510e+00 -2.822578e-02 
 1.375908e+00 -2.617187e-02 
 1.376305e+00 -2.427170e-02 
 1.376703e+00 -2.254289e-02 
 1.377101e+00 -2.085261e-02 
 1.377498e+00 -1.919684e-02 
 1.377896e+00 -1.749472e-02 
 1.378294e+00 -1.577765e-02 
 1.378691e+00 -1.397719e-02 
 1.379089e+00 -1.210638e-02 
 1.379487e+00 -1.013778e-02 
 1.379885e+00 -8.098576e-03 
 1.380282e+00 -5.983348e-03 
 1.380680e+00 -3.810546e-03 
 1.381078e+00 -1.492922e-03 
 1.381475e+00  8.723216e-04 
 1.381873e+00  3.324842e-03 
 1.382271e+00  5.795894e-03 
 1.382668e+00  8.392065e-03 
 1.383066e+00  1.094404e-02 
 1.383464e+00  1.344958e-02 
 1.383861e+00  1.585989e-02 
 1.384259e+00  1.802132e-02 
 1.384657e+00  2.016788e-02 
 1.385055e+00  2.222052e-02 
 1.385452e+00  2.428053e-02 
 1.385850e+00  2.627518e-02 
 1.386248e+00  2.818784e-02 
 1.386645e+00  2.996884e-02 
 1.387043e+00  3.177583e-02 
 1.387441e+00  3.362852e-02 
 1.387838e+00  3.541721e-02 
 1.388236e+00  3.713913e-02 
 1.388634e+00  3.893577e-02 
 1.389032e+00  4.079193e-02 
 1.389429e+00  4.268457e-02 
 1.389827e+00  4.472536e-02 
 1.390225e+00  4.675343e-02 
 1.390622e+00  4.867059e-02 
 1.391020e+00  5.057049e-02 
 1.391418e+00  5.242511e-02 
 1.391815e+00  5.425925e-02 
 1.392213e+00  5.601177e-02 
 1.392611e+00  5.759664e-02 
 1.393008e+00  5.911431e-02 
 1.393406e+00  6.042515e-02 
 1.393804e+00  6.166960e-02 
 1.394202e+00  6.267001e-02 
 1.394599e+00  6.353574e-02 
 1.394997e+00  6.421363e-02 
 1.395395e+00  6.477925e-02 
 1.395792e+00  6.533142e-02 
 1.396190e+00  6.586865e-02 
 1.396588e+00  6.645201e-02 
 1.396985e+00  6.703793e-02 
 1.397383e+00  6.769362e-02 
 1.397781e+00  6.844901e-02 
 1.398179e+00  6.926004e-02 
 1.398576e+00  7.007600e-02 
 1.398974e+00  7.095320e-02 
 1.399372e+00  7.181989e-02 
 1.399769e+00  7.274775e-02 
 1.400167e+00  7.371740e-02 
 1.400565e+00  7.460526e-02 
 1.400962e+00  7.544613e-02 
 1.401360e+00  7.617193e-02 
 1.401758e+00  7.683556e-02 
 1.402155e+00  7.730983e-02 
 1.402553e+00  7.758171e-02 
 1.402951e+00  7.772276e-02 
 1.403349e+00  7.766854e-02 
 1.403746e+00  7.753082e-02 
 1.404144e+00  7.736476e-02 
 1.404542e+00  7.714613e-02 
 1.404939e+00  7.688878e-02 
 1.405337e+00  7.671622e-02 
 1.405735e+00  7.654139e-02 
 1.406132e+00  7.636724e-02 
 1.406530e+00  7.608334e-02 
 1.406928e+00  7.578268e-02 
 1.407326e+00  7.545001e-02 
 1.407723e+00  7.504997e-02 
 1.408121e+00  7.465745e-02 
 1.408519e+00  7.423841e-02 
 1.408916e+00  7.371938e-02 
 1.409314e+00  7.309609e-02 
 1.409712e+00  7.234750e-02 
 1.410109e+00  7.133478e-02 
 1.410507e+00  7.007426e-02 
 1.410905e+00  6.865858e-02 
 1.411302e+00  6.715119e-02 
 1.411700e+00  6.558831e-02 
 1.412098e+00  6.397979e-02 
 1.412496e+00  6.228569e-02 
 1.412893e+00  6.041580e-02 
 1.413291e+00  5.839000e-02 
 1.413689e+00  5.632236e-02 
 1.414086e+00  5.431049e-02 
 1.414484e+00  5.233854e-02 
 1.414882e+00  5.051618e-02 
 1.415279e+00  4.884355e-02 
 1.415677e+00  4.729935e-02 
 1.416075e+00  4.584408e-02 
 1.416473e+00  4.435352e-02 
 1.416870e+00  4.288576e-02 
 1.417268e+00  4.135846e-02 
 1.417666e+00  3.980738e-02 
 1.418063e+00  3.823856e-02 
 1.418461e+00  3.663210e-02 
 1.418859e+00  3.484251e-02 
 1.419256e+00  3.289371e-02 
 1.419654e+00  3.083431e-02 
 1.420052e+00  2.860908e-02 
 1.420449e+00  2.630384e-02 
 1.420847e+00  2.394010e-02 
 1.421245e+00  2.144247e-02 
 1.421643e+00  1.886649e-02 
 1.422040e+00  1.623778e-02 
 1.422438e+00  1.368942e-02 
 1.422836e+00  1.116961e-02 
 1.423233e+00  8.748472e-03 
 1.423631e+00  6.449604e-03 
 1.424029e+00  4.193986e-03 
 1.424426e+00  1.956964e-03 
 1.424824e+00 -1.994806e-04 
 1.425222e+00 -2.263019e-03 
 1.425620e+00 -4.314764e-03 
 1.426017e+00 -6.372364e-03 
 1.426415e+00 -8.365734e-03 
 1.426813e+00 -1.031681e-02 
 1.427210e+00 -1.232178e-02 
 1.427608e+00 -1.431077e-02 
 1.428006e+00 -1.641579e-02 
 1.428403e+00 -1.856027e-02 
 1.428801e+00 -2.073725e-02 
 1.429199e+00 -2.298518e-02 
 1.429596e+00 -2.518735e-02 
 1.429994e+00 -2.745760e-02 
 1.430392e+00 -2.969061e-02 
 1.430790e+00 -3.178072e-02 
 1.431187e+00 -3.376784e-02 
 1.431585e+00 -3.573769e-02 
 1.431983e+00 -3.771912e-02 
 1.432380e+00 -3.960248e-02 
 1.432778e+00 -4.141704e-02 
 1.433176e+00 -4.299463e-02 
 1.433573e+00 -4.435274e-02 
 1.433971e+00 -4.562237e-02 
 1.434369e+00 -4.682803e-02 
 1.434767e+00 -4.799541e-02 
 1.435164e+00 -4.921920e-02 
 1.435562e+00 -5.062624e-02 
 1.435960e+00 -5.211396e-02 
 1.436357e+00 -5.368593e-02 
 1.436755e+00 -5.532297e-02 
 1.437153e+00 -5.695347e-02 
 1.437550e+00 -5.864010e-02 
 1.437948e+00 -6.040530e-02 
 1.438346e+00 -6.228271e-02 
 1.438743e+00 -6.423898e-02 
 1.439141e+00 -6.616619e-02 
 1.439539e+00 -6.805819e-02 
 1.439937e+00 -6.984198e-02 
 1.440334e+00 -7.156505e-02 
 1.440732e+00 -7.314164e-02 
 1.441130e+00 -7.457258e-02 
 1.441527e+00 -7.591714e-02 
 1.441925e+00 -7.716398e-02 
 1.442323e+00 -7.835997e-02 
 1.442720e+00 -7.953187e-02 
 1.443118e+00 -8.071414e-02 
 1.443516e+00 -8.188440e-02 
 1.443914e+00 -8.304687e-02 
 1.444311e+00 -8.422523e-02 
 1.444709e+00 -8.548000e-02 
 1.445107e+00 -8.666044e-02 
 1.445504e+00 -8.781524e-02 
 1.445902e+00 -8.897175e-02 
 1.446300e+00 -9.005868e-02 
 1.446697e+00 -9.125925e-02 
 1.447095e+00 -9.230262e-02 
 1.447493e+00 -9.325109e-02 
 1.447890e+00 -9.404052e-02 
 1.448288e+00 -9.474379e-02 
 1.448686e+00 -9.530690e-02 
 1.449084e+00 -9.566191e-02 
 1.449481e+00 -9.597184e-02 
 1.449879e+00 -9.616400e-02 
 1.450277e+00 -9.636971e-02 
 1.450674e+00 -9.653643e-02 
 1.451072e+00 -9.668604e-02 
 1.451470e+00 -9.668850e-02 
 1.451867e+00 -9.660445e-02 
 1.452265e+00 -9.649401e-02 
 1.452663e+00 -9.646836e-02 
 1.453061e+00 -9.649979e-02 
 1.453458e+00 -9.656946e-02 
 1.453856e+00 -9.670315e-02 
 1.454254e+00 -9.696383e-02 
 1.454651e+00 -9.722683e-02 
 1.455049e+00 -9.744611e-02 
 1.455447e+00 -9.768755e-02 
 1.455844e+00 -9.784104e-02 
 1.456242e+00 -9.794612e-02 
 1.456640e+00 -9.790578e-02 
 1.457037e+00 -9.780212e-02 
 1.457435e+00 -9.760644e-02 
 1.457833e+00 -9.729140e-02 
 1.458231e+00 -9.687835e-02 
 1.458628e+00 -9.635244e-02 
 1.459026e+00 -9.567381e-02 
 1.459424e+00 -9.468662e-02 
 1.459821e+00 -9.352652e-02 
 1.460219e+00 -9.222824e-02 
 1.460617e+00 -9.088278e-02 
 1.461014e+00 -8.955194e-02 
 1.461412e+00 -8.827467e-02 
 1.461810e+00 -8.703079e-02 
 1.462208e+00 -8.579958e-02 
 1.462605e+00 -8.463274e-02 
 1.463003e+00 -8.351594e-02 
 1.463401e+00 -8.242226e-02 
 1.463798e+00 -8.141790e-02 
 1.464196e+00 -8.046005e-02 
 1.464594e+00 -7.963491e-02 
 1.464991e+00 -7.874611e-02 
 1.465389e+00 -7.785364e-02 
 1.465787e+00 -7.683236e-02 
 1.466184e+00 -7.555247e-02 
 1.466582e+00 -7.413834e-02 
 1.466980e+00 -7.257519e-02 
 1.467378e+00 -7.081616e-02 
 1.467775e+00 -6.892449e-02 
 1.468173e+00 -6.696264e-02 
 1.468571e+00 -6.489919e-02 
 1.468968e+00 -6.278839e-02 
 1.469366e+00 -6.063832e-02 
 1.469764e+00 -5.860524e-02 
 1.470161e+00 -5.663114e-02 
 1.470559e+00 -5.468387e-02 
 1.470957e+00 -5.291842e-02 
 1.471355e+00 -5.125667e-02 
 1.471752e+00 -4.966563e-02 
 1.472150e+00 -4.819348e-02 
 1.472548e+00 -4.681461e-02 
 1.472945e+00 -4.544397e-02 
 1.473343e+00 -4.407787e-02 
 1.473741e+00 -4.267668e-02 
 1.474138e+00 -4.117171e-02 
 1.474536e+00 -3.945328e-02 
 1.474934e+00 -3.761238e-02 
 1.475331e+00 -3.565648e-02 
 1.475729e+00 -3.358364e-02 
 1.476127e+00 -3.136825e-02 
 1.476525e+00 -2.900689e-02 
 1.476922e+00 -2.646281e-02 
 1.477320e+00 -2.379481e-02 
 1.477718e+00 -2.106623e-02 
 1.478115e+00 -1.831141e-02 
 1.478513e+00 -1.539429e-02 
 1.478911e+00 -1.240648e-02 
 1.479308e+00 -9.503958e-03 
 1.479706e+00 -6.699468e-03 
 1.480104e+00 -4.062889e-03 
 1.480502e+00 -1.532072e-03 
 1.480899e+00  8.274586e-04 
 1.481297e+00  3.087391e-03 
 1.481695e+00  5.244413e-03 
 1.482092e+00  7.229456e-03 
 1.482490e+00  9.233466e-03 
 1.482888e+00  1.124977e-02 
 1.483285e+00  1.328664e-02 
 1.483683e+00  1.529156e-02 
 1.484081e+00  1.725143e-02 
 1.484478e+00  1.929067e-02 
 1.484876e+00  2.149993e-02 
 1.485274e+00  2.386862e-02 
 1.485672e+00  2.637869e-02 
 1.486069e+00  2.892256e-02 
 1.486467e+00  3.135698e-02 
 1.486865e+00  3.359143e-02 
 1.487262e+00  3.577120e-02 
 1.487660e+00  3.780303e-02 
 1.488058e+00  3.978775e-02 
 1.488455e+00  4.172950e-02 
 1.488853e+00  4.362139e-02 
 1.489251e+00  4.536836e-02 
 1.489649e+00  4.706246e-02 
 1.490046e+00  4.852667e-02 
 1.490444e+00  4.973866e-02 
 1.490842e+00  5.083302e-02 
 1.491239e+00  5.190593e-02 
 1.491637e+00  5.294015e-02 
 1.492035e+00  5.400923e-02 
 1.492432e+00  5.509404e-02 
 1.492830e+00  5.622649e-02 
 1.493228e+00  5.734831e-02 
 1.493625e+00  5.860166e-02 
 1.494023e+00  5.986337e-02 
 1.494421e+00  6.119160e-02 
 1.494819e+00  6.254140e-02 
 1.495216e+00  6.392495e-02 
 1.495614e+00  6.528557e-02 
 1.496012e+00  6.650452e-02 
 1.496409e+00  6.753496e-02 
 1.496807e+00  6.842983e-02 
 1.497205e+00  6.918646e-02 
 1.497602e+00  6.983897e-02 
 1.498000e+00  7.029653e-02 
 1.498398e+00  7.054422e-02 
 1.498796e+00  7.064479e-02 
 1.499193e+00  7.063504e-02 
 1.499591e+00  7.054699e-02 
 1.499989e+00  7.043764e-02 
 1.500386e+00  7.035361e-02 
 1.500784e+00  7.029690e-02 
 1.501182e+00  7.018908e-02 
 1.501579e+00  7.012853e-02 
 1.501977e+00  6.996944e-02 
 1.502375e+00  6.979206e-02 
 1.502772e+00  6.970945e-02 
 1.503170e+00  6.974281e-02 
 1.503568e+00  6.990857e-02 
 1.503966e+00  7.009866e-02 
 1.504363e+00  7.020742e-02 
 1.504761e+00  7.019076e-02 
 1.505159e+00  6.997461e-02 
 1.505556e+00  6.959900e-02 
 1.505954e+00  6.905391e-02 
 1.506352e+00  6.847552e-02 
 1.506749e+00  6.773000e-02 
 1.507147e+00  6.701701e-02 
 1.507545e+00  6.628994e-02 
 1.507943e+00  6.549451e-02 
 1.508340e+00  6.462050e-02 
 1.508738e+00  6.374607e-02 
 1.509136e+00  6.282009e-02 
 1.509533e+00  6.196449e-02 
 1.509931e+00  6.120802e-02 
 1.510329e+00  6.046938e-02 
 1.510726e+00  5.976485e-02 
 1.511124e+00  5.910201e-02 
 1.511522e+00  5.852245e-02 
 1.511919e+00  5.796167e-02 
 1.512317e+00  5.740234e-02 
 1.512715e+00  5.670272e-02 
 1.513113e+00  5.588091e-02 
 1.513510e+00  5.493640e-02 
 1.513908e+00  5.387821e-02 
 1.514306e+00  5.278659e-02 
 1.514703e+00  5.158039e-02 
 1.515101e+00  5.027015e-02 
 1.515499e+00  4.875997e-02 
 1.515896e+00  4.707221e-02 
 1.516294e+00  4.522811e-02 
 1.516692e+00  4.321701e-02 
 1.517090e+00  4.118350e-02 
 1.517487e+00  3.907703e-02 
 1.517885e+00  3.701197e-02 
 1.518283e+00  3.497620e-02 
 1.518680e+00  3.295955e-02 
 1.519078e+00  3.102770e-02 
 1.519476e+00  2.912298e-02 
 1.519873e+00  2.728579e-02 
 1.520271e+00  2.556930e-02 
 1.520669e+00  2.388142e-02 
 1.521066e+00  2.224192e-02 
 1.521464e+00  2.068026e-02 
 1.521862e+00  1.906484e-02 
 1.522260e+00  1.749976e-02 
 1.522657e+00  1.593232e-02 
 1.523055e+00  1.438188e-02 
 1.523453e+00  1.270325e-02 
 1.523850e+00  1.091745e-02 
 1.524248e+00  8.993249e-03 
 1.524646e+00  6.913751e-03 
 1.525043e+00  4.760217e-03 
 1.525441e+00  2.522781e-03 
 1.525839e+00  3.950464e-04 
 1.526237e+00 -1.727165e-03 
 1.526634e+00 -3.800822e-03 
 1.527032e+00 -5.852598e-03 
 1.527430e+00 -7.974655e-03 
 1.527827e+00 -9.983069e-03 
 1.528225e+00 -1.190005e-02 
 1.528623e+00 -1.356176e-02 
 1.529020e+00 -1.511599e-02 
 1.529418e+00 -1.649329e-02 
 1.529816e+00 -1.786784e-02 
 1.530213e+00 -1.933603e-02 
 1.530611e+00 -2.083209e-02 
 1.531009e+00 -2.240458e-02 
 1.531407e+00 -2.405597e-02 
 1.531804e+00 -2.583788e-02 
 1.532202e+00 -2.759442e-02 
 1.532600e+00 -2.956662e-02 
 1.532997e+00 -3.159448e-02 
 1.533395e+00 -3.376187e-02 
 1.533793e+00 -3.595713e-02 
 1.534190e+00 -3.821000e-02 
 1.534588e+00 -4.040074e-02 
 1.534986e+00 -4.255707e-02 
 1.535384e+00 -4.462368e-02 
 1.535781e+00 -4.662435e-02 
 1.536179e+00 -4.853288e-02 
 1.536577e+00 -5.035480e-02 
 1.536974e+00 -5.202473e-02 
 1.537372e+00 -5.358324e-02 
 1.537770e+00 -5.505819e-02 
 1.538167e+00 -5.657992e-02 
 1.538565e+00 -5.814734e-02 
 1.538963e+00 -5.961671e-02 
 1.539360e+00 -6.116874e-02 
 1.539758e+00 -6.270501e-02 
 1.540156e+00 -6.426067e-02 
 1.540554e+00 -6.578006e-02 
 1.540951e+00 -6.735188e-02 
 1.541349e+00 -6.898508e-02 
 1.541747e+00 -7.065105e-02 
 1.542144e+00 -7.246186e-02 
 1.542542e+00 -7.432417e-02 
 1.542940e+00 -7.614291e-02 
 1.543337e+00 -7.784708e-02 
 1.543735e+00 -7.948150e-02 
 1.544133e+00 -8.114223e-02 
 1.544531e+00 -8.270817e-02 
 1.544928e+00 -8.416363e-02 
 1.545326e+00 -8.560512e-02 
 1.545724e+00 -8.695998e-02 
 1.546121e+00 -8.822725e-02 
 1.546519e+00 -8.947863e-02 
 1.546917e+00 -9.056914e-02 
 1.547314e+00 -9.162515e-02 
 1.547712e+00 -9.267445e-02 
 1.548110e+00 -9.370645e-02 
 1.548507e+00 -9.483488e-02 
 1.548905e+00 -9.595531e-02 
 1.549303e+00 -9.713847e-02 
 1.549701e+00 -9.835522e-02 
 1.550098e+00 -9.962571e-02 
 1.550496e+00 -1.009199e-01 
 1.550894e+00 -1.022058e-01 
 1.551291e+00 -1.033672e-01 
 1.551689e+00 -1.043879e-01 
 1.552087e+00 -1.052992e-01 
 1.552484e+00 -1.060645e-01 
 1.552882e+00 -1.066528e-01 
 1.553280e+00 -1.070451e-01 
 1.553678e+00 -1.073503e-01 
 1.554075e+00 -1.074400e-01 
 1.554473e+00 -1.073134e-01 
 1.554871e+00 -1.069229e-01 
 1.555268e+00 -1.063351e-01 
 1.555666e+00 -1.054922e-01 
 1.556064e+00 -1.045796e-01 
 1.556461e+00 -1.037754e-01 
 1.556859e+00 -1.030117e-01 
 1.557257e+00 -1.023107e-01 
 1.557654e+00 -1.015644e-01 
 1.558052e+00 -1.008662e-01 
 1.558450e+00 -1.001214e-01 
 1.558848e+00 -9.937087e-02 
 1.559245e+00 -9.865718e-02 
 1.559643e+00 -9.794696e-02 
 1.560041e+00 -9.724449e-02 
 1.560438e+00 -9.660927e-02 
 1.560836e+00 -9.599388e-02 
 1.561234e+00 -9.530154e-02 
 1.561631e+00 -9.439638e-02 
 1.562029e+00 -9.332575e-02 
 1.562427e+00 -9.197784e-02 
 1.562825e+00 -9.042177e-02 
 1.563222e+00 -8.870746e-02 
 1.563620e+00 -8.684168e-02 
 1.564018e+00 -8.490010e-02 
 1.564415e+00 -8.296845e-02 
 1.564813e+00 -8.106203e-02 
 1.565211e+00 -7.922269e-02 
 1.565608e+00 -7.736214e-02 
 1.566006e+00 -7.554539e-02 
 1.566404e+00 -7.379372e-02 
 1.566801e+00 -7.212374e-02 
 1.567199e+00 -7.054827e-02 
 1.567597e+00 -6.911845e-02 
 1.567995e+00 -6.774490e-02 
 1.568392e+00 -6.633452e-02 
 1.568790e+00 -6.498101e-02 
 1.569188e+00 -6.358498e-02 
 1.569585e+00 -6.216527e-02 
 1.569983e+00 -6.059398e-02 
 1.570381e+00 -5.887676e-02 
 1.570778e+00 -5.710787e-02 
 1.571176e+00 -5.516357e-02 
 1.571574e+00 -5.308888e-02 
 1.571972e+00 -5.086851e-02 
 1.572369e+00 -4.857994e-02 
 1.572767e+00 -4.607232e-02 
 1.573165e+00 -4.353578e-02 
 1.573562e+00 -4.098466e-02 
 1.573960e+00 -3.831524e-02 
 1.574358e+00 -3.571395e-02 
 1.574755e+00 -3.314000e-02 
 1.575153e+00 -3.080098e-02 
 1.575551e+00 -2.864523e-02 
 1.575948e+00 -2.670214e-02 
 1.576346e+00 -2.487861e-02 
 1.576744e+00 -2.313173e-02 
 1.577142e+00 -2.146196e-02 
 1.577539e+00 -1.979978e-02 
 1.577937e+00 -1.823165e-02 
 1.578335e+00 -1.667571e-02 
 1.578732e+00 -1.514991e-02 
 1.579130e+00 -1.360955e-02 
 1.579528e+00 -1.197778e-02 
 1.579925e+00 -1.029821e-02 
 1.580323e+00 -8.477721e-03 
 1.580721e+00 -6.488884e-03 
 1.581119e+00 -4.319627e-03 
 1.581516e+00 -2.069934e-03 
 1.581914e+00  2.124175e-04 
 1.582312e+00  2.461626e-03 
 1.582709e+00  4.786087e-03 
 1.583107e+00  7.145081e-03 
 1.583505e+00  9.578779e-03 
 1.583902e+00  1.200409e-02 
 1.584300e+00  1.432749e-02 
 1.584698e+00  1.653131e-02 
 1.585095e+00  1.858393e-02 
 1.585493e+00  2.048165e-02 
 1.585891e+00  2.229650e-02 
 1.586289e+00  2.394928e-02 
 1.586686e+00  2.554204e-02 
 1.587084e+00  2.718369e-02 
 1.587482e+00  2.883676e-02 
 1.587879e+00  3.046386e-02 
 1.588277e+00  3.214777e-02 
 1.588675e+00  3.394063e-02 
 1.589072e+00  3.576208e-02 
 1.589470e+00  3.768980e-02 
 1.589868e+00  3.957965e-02 
 1.590266e+00  4.157796e-02 
 1.590663e+00  4.351969e-02 
 1.591061e+00  4.543427e-02 
 1.591459e+00  4.734743e-02 
 1.591856e+00  4.912055e-02 
 1.592254e+00  5.080346e-02 
 1.592652e+00  5.233162e-02 
 1.593049e+00  5.367366e-02 
 1.593447e+00  5.475190e-02 
 1.593845e+00  5.551944e-02 
 1.594242e+00  5.605622e-02 
 1.594640e+00  5.647763e-02 
 1.595038e+00  5.684413e-02 
 1.595436e+00  5.721882e-02 
 1.595833e+00  5.760521e-02 
 1.596231e+00  5.798010e-02 
 1.596629e+00  5.835900e-02 
 1.597026e+00  5.874399e-02 
 1.597424e+00  5.910927e-02 
 1.597822e+00  5.953890e-02 
 1.598219e+00  6.006394e-02 
 1.598617e+00  6.071128e-02 
 1.599015e+00  6.138264e-02 
 1.599413e+00  6.213316e-02 
 1.599810e+00  6.277500e-02 
 1.600208e+00  6.324931e-02 
 1.600606e+00  6.356963e-02 
 1.601003e+00  6.381198e-02 
 1.601401e+00  6.400037e-02 
 1.601799e+00  6.401816e-02 
 1.602196e+00  6.396180e-02 
 1.602594e+00  6.390802e-02 
 1.602992e+00  6.383641e-02 
 1.603389e+00  6.372714e-02 
 1.603787e+00  6.365957e-02 
 1.604185e+00  6.346732e-02 
 1.604583e+00  6.317214e-02 
 1.604980e+00  6.286851e-02 
 1.605378e+00  6.265207e-02 
 1.605776e+00  6.248729e-02 
 1.606173e+00  6.237695e-02 
 1.606571e+00  6.239221e-02 
 1.606969e+00  6.242888e-02 
 1.607366e+00  6.245945e-02 
 1.607764e+00  6.242070e-02 
 1.608162e+00  6.236234e-02 
 1.608560e+00  6.214385e-02 
 1.608957e+00  6.182458e-02 
 1.609355e+00  6.152945e-02 
 1.609753e+00  6.113221e-02 
 1.610150e+00  6.058942e-02 
 1.610548e+00  5.992412e-02 
 1.610946e+00  5.914548e-02 
 1.611343e+00  5.823315e-02 
 1.611741e+00  5.720937e-02 
 1.612139e+00  5.618240e-02 
 1.612536e+00  5.502699e-02 
 1.612934e+00  5.371912e-02 
 1.613332e+00  5.244370e-02 
 1.613730e+00  5.118965e-02 
 1.614127e+00  5.010471e-02 
 1.614525e+00  4.916831e-02 
 1.614923e+00  4.840455e-02 
 1.615320e+00  4.771630e-02 
 1.615718e+00  4.702330e-02 
 1.616116e+00  4.629948e-02 
 1.616513e+00  4.555554e-02 
 1.616911e+00  4.482289e-02 
 1.617309e+00  4.409567e-02 
 1.617707e+00  4.336439e-02 
 1.618104e+00  4.264669e-02 
 1.618502e+00  4.166201e-02 
 1.618900e+00  4.049622e-02 
 1.619297e+00  3.917386e-02 
 1.619695e+00  3.767351e-02 
 1.620093e+00  3.606690e-02 
 1.620490e+00  3.427619e-02 
 1.620888e+00  3.239290e-02 
 1.621286e+00  3.039575e-02 
 1.621683e+00  2.828134e-02 
 1.622081e+00  2.619712e-02 
 1.622479e+00  2.406243e-02 
 1.622877e+00  2.191531e-02 
 1.623274e+00  1.982241e-02 
 1.623672e+00  1.777342e-02 
 1.624070e+00  1.582592e-02 
 1.624467e+00  1.388262e-02 
 1.624865e+00  1.196960e-02 
 1.625263e+00  1.001634e-02 
 1.625660e+00  8.010392e-03 
 1.626058e+00  5.945646e-03 
 1.626456e+00  3.846107e-03 
 1.626854e+00  1.581460e-03 
 1.627251e+00 -8.394141e-04 
 1.627649e+00 -3.344519e-03 
 1.628047e+00 -5.992414e-03 
 1.628444e+00 -8.704729e-03 
 1.628842e+00 -1.134638e-02 
 1.629240e+00 -1.400459e-02 
 1.629637e+00 -1.673187e-02 
 1.630035e+00 -1.944823e-02 
 1.630433e+00 -2.210236e-02 
 1.630830e+00 -2.472820e-02 
 1.631228e+00 -2.726239e-02 
 1.631626e+00 -2.971234e-02 
 1.632024e+00 -3.193943e-02 
 1.632421e+00 -3.403630e-02 
 1.632819e+00 -3.590283e-02 
 1.633217e+00 -3.767243e-02 
 1.633614e+00 -3.943190e-02 
 1.634012e+00 -4.124458e-02 
 1.634410e+00 -4.297428e-02 
 1.634807e+00 -4.460164e-02 
 1.635205e+00 -4.617862e-02 
 1.635603e+00 -4.767480e-02 
 1.636001e+00 -4.924527e-02 
 1.636398e+00 -5.084802e-02 
 1.636796e+00 -5.256236e-02 
 1.637194e+00 -5.433093e-02 
 1.637591e+00 -5.624353e-02 
 1.637989e+00 -5.825498e-02 
 1.638387e+00 -6.020936e-02 
 1.638784e+00 -6.214301e-02 
 1.639182e+00 -6.398168e-02 
 1.639580e+00 -6.568873e-02 
 1.639977e+00 -6.740195e-02 
 1.640375e+00 -6.901741e-02 
 1.640773e+00 -7.058218e-02 
 1.641171e+00 -7.206111e-02 
 1.641568e+00 -7.346206e-02 
 1.641966e+00 -7.482752e-02 
 1.642364e+00 -7.607213e-02 
 1.642761e+00 -7.718347e-02 
 1.643159e+00 -7.821937e-02 
 1.643557e+00 -7.918331e-02 
 1.643954e+00 -8.018204e-02 
 1.644352e+00 -8.123073e-02 
 1.644750e+00 -8.237815e-02 
 1.645148e+00 -8.362897e-02 
 1.645545e+00 -8.500485e-02 
 1.645943e+00 -8.639416e-02 
 1.646341e+00 -8.772529e-02 
 1.646738e+00 -8.897200e-02 
 1.647136e+00 -9.004158e-02 
 1.647534e+00 -9.104713e-02 
 1.647931e+00 -9.196931e-02 
 1.648329e+00 -9.285123e-02 
 1.648727e+00 -9.361315e-02 
 1.649124e+00 -9.420864e-02 
 1.649522e+00 -9.475110e-02 
 1.649920e+00 -9.510185e-02 
 1.650318e+00 -9.530001e-02 
 1.650715e+00 -9.523974e-02 
 1.651113e+00 -9.505411e-02 
 1.651511e+00 -9.486058e-02 
 1.651908e+00 -9.472641e-02 
 1.652306e+00 -9.472818e-02 
 1.652704e+00 -9.481305e-02 
 1.653101e+00 -9.491619e-02 
 1.653499e+00 -9.504958e-02 
 1.653897e+00 -9.528514e-02 
 1.654295e+00 -9.562403e-02 
 1.654692e+00 -9.601185e-02 
 1.655090e+00 -9.649075e-02 
 1.655488e+00 -9.698787e-02 
 1.655885e+00 -9.754188e-02 
 1.656283e+00 -9.811280e-02 
 1.656681e+00 -9.859229e-02 
 1.657078e+00 -9.892014e-02 
 1.657476e+00 -9.894465e-02 
 1.657874e+00 -9.872458e-02 
 1.658271e+00 -9.826766e-02 
 1.658669e+00 -9.763253e-02 
 1.659067e+00 -9.684200e-02 
 1.659465e+00 -9.587625e-02 
 1.659862e+00 -9.477528e-02 
 1.660260e+00 -9.359862e-02 
 1.660658e+00 -9.236426e-02 
 1.661055e+00 -9.118173e-02 
 1.661453e+00 -8.994960e-02 
 1.661851e+00 -8.879192e-02 
 1.662248e+00 -8.765989e-02 
 1.662646e+00 -8.660254e-02 
 1.663044e+00 -8.557837e-02 
 1.663442e+00 -8.454362e-02 
 1.663839e+00 -8.354544e-02 
 1.664237e+00 -8.255327e-02 
 1.664635e+00 -8.154360e-02 
 1.665032e+00 -8.045574e-02 
 1.665430e+00 -7.922185e-02 
 1.665828e+00 -7.775258e-02 
 1.666225e+00 -7.599174e-02 
 1.666623e+00 -7.408804e-02 
 1.667021e+00 -7.202991e-02 
 1.667418e+00 -6.984373e-02 
 1.667816e+00 -6.762593e-02 
 1.668214e+00 -6.533946e-02 
 1.668612e+00 -6.298615e-02 
 1.669009e+00 -6.055614e-02 
 1.669407e+00 -5.810426e-02 
 1.669805e+00 -5.570844e-02 
 1.670202e+00 -5.342317e-02 
 1.670600e+00 -5.129319e-02 
 1.670998e+00 -4.933045e-02 
 1.671395e+00 -4.755988e-02 
 1.671793e+00 -4.599789e-02 
 1.672191e+00 -4.443082e-02 
 1.672589e+00 -4.297101e-02 
 1.672986e+00 -4.153800e-02 
 1.673384e+00 -4.026005e-02 
 1.673782e+00 -3.908622e-02 
 1.674179e+00 -3.796379e-02 
 1.674577e+00 -3.683195e-02 
 1.674975e+00 -3.557700e-02 
 1.675372e+00 -3.408090e-02 
 1.675770e+00 -3.243920e-02 
 1.676168e+00 -3.062317e-02 
 1.676565e+00 -2.868647e-02 
 1.676963e+00 -2.663416e-02 
 1.677361e+00 -2.458114e-02 
 1.677759e+00 -2.248336e-02 
 1.678156e+00 -2.030422e-02 
 1.678554e+00 -1.806143e-02 
 1.678952e+00 -1.574734e-02 
 1.679349e+00 -1.351300e-02 
 1.679747e+00 -1.135092e-02 
 1.680145e+00 -9.239150e-03 
 1.680542e+00 -7.313011e-03 
 1.680940e+00 -5.525523e-03 
 1.681338e+00 -3.860796e-03 
 1.681736e+00 -2.300231e-03 
 1.682133e+00 -8.042163e-04 
 1.682531e+00  6.859189e-04 
 1.682929e+00  2.168488e-03 
 1.683326e+00  3.657868e-03 
 1.683724e+00  5.221905e-03 
 1.684122e+00  6.926731e-03 
 1.684519e+00  8.809655e-03 
 1.684917e+00  1.082949e-02 
 1.685315e+00  1.288301e-02 
 1.685712e+00  1.494225e-02 
 1.686110e+00  1.695911e-02 
 1.686508e+00  1.909023e-02 
 1.686906e+00  2.126792e-02 
 1.687303e+00  2.342082e-02 
 1.687701e+00  2.553620e-02 
 1.688099e+00  2.753259e-02 
 1.688496e+00  2.939840e-02 
 1.688894e+00  3.105477e-02 
 1.689292e+00  3.258752e-02 
 1.689689e+00  3.395299e-02 
 1.690087e+00  3.516750e-02 
 1.690485e+00  3.644881e-02 
 1.690883e+00  3.780321e-02 
 1.691280e+00  3.926004e-02 
 1.691678e+00  4.072199e-02 
 1.692076e+00  4.223978e-02 
 1.692473e+00  4.377799e-02 
 1.692871e+00  4.531571e-02 
 1.693269e+00  4.691596e-02 
 1.693666e+00  4.847835e-02 
 1.694064e+00  5.016943e-02 
 1.694462e+00  5.199571e-02 
 1.694859e+00  5.387167e-02 
 1.695257e+00  5.580371e-02 
 1.695655e+00  5.759964e-02 
 1.696053e+00  5.922084e-02 
 1.696450e+00  6.071002e-02 
 1.696848e+00  6.205354e-02 
 1.697246e+00  6.325923e-02 
 1.697643e+00  6.441631e-02 
 1.698041e+00  6.546709e-02 
 1.698439e+00  6.645224e-02 
 1.698836e+00  6.740999e-02 
 1.699234e+00  6.821821e-02 
 1.699632e+00  6.883813e-02 
 1.700030e+00  6.934547e-02 
 1.700427e+00  6.972215e-02 
 1.700825e+00  7.002035e-02 
 1.701223e+00  7.028362e-02 
 1.701620e+00  7.049985e-02 
 1.702018e+00  7.067152e-02 
 1.702416e+00  7.088216e-02 
 1.702813e+00  7.108188e-02 
 1.703211e+00  7.137003e-02 
 1.703609e+00  7.163045e-02 
 1.704006e+00  7.175448e-02 
 1.704404e+00  7.170978e-02 
 1.704802e+00  7.152425e-02 
 1.705200e+00  7.123182e-02 
 1.705597e+00  7.079427e-02 
 1.705995e+00  7.028403e-02 
 1.706393e+00  6.964392e-02 
 1.706790e+00  6.888332e-02 
 1.707188e+00  6.794949e-02 
 1.707586e+00  6.690736e-02 
 1.707983e+00  6.572063e-02 
 1.708381e+00  6.444870e-02 
 1.708779e+00  6.328600e-02 
 1.709176e+00  6.226043e-02 
 1.709574e+00  6.144174e-02 
 1.709972e+00  6.066099e-02 
 1.710370e+00  5.995663e-02 
 1.710767e+00  5.925005e-02 
 1.711165e+00  5.862096e-02 
 1.711563e+00  5.800344e-02 
 1.711960e+00  5.749661e-02 
 1.712358e+00  5.696333e-02 
 1.712756e+00  5.648398e-02 
 1.713153e+00  5.595961e-02 
 1.713551e+00  5.531322e-02 
 1.713949e+00  5.445863e-02 
 1.714347e+00  5.345981e-02 
 1.714744e+00  5.225836e-02 
 1.715142e+00  5.091325e-02 
 1.715540e+00  4.943757e-02 
 1.715937e+00  4.781287e-02 
 1.716335e+00  4.605025e-02 
 1.716733e+00  4.420450e-02 
 1.717130e+00  4.235504e-02 
 1.717528e+00  4.055268e-02 
 1.717926e+00  3.884928e-02 
 1.718323e+00  3.716306e-02 
 1.718721e+00  3.559031e-02 
 1.719119e+00  3.400601e-02 
 1.719517e+00  3.249467e-02 
 1.719914e+00  3.106292e-02 
 1.720312e+00  2.974150e-02 
 1.720710e+00  2.847627e-02 
 1.721107e+00  2.717902e-02 
 1.721505e+00  2.574748e-02 
 1.721903e+00  2.418719e-02 
 1.722300e+00  2.257896e-02 
 1.722698e+00  2.075990e-02 
 1.723096e+00  1.895508e-02 
 1.723494e+00  1.704772e-02 
 1.723891e+00  1.514905e-02 
 1.724289e+00  1.317264e-02 
 1.724687e+00  1.108022e-02 
 1.725084e+00  8.888157e-03 
 1.725482e+00  6.510673e-03 
 1.725880e+00  4.117420e-03 
 1.726277e+00  1.813708e-03 
 1.726675e+00 -3.398145e-04 
 1.727073e+00 -2.371618e-03 
 1.727470e+00 -4.226958e-03 
 1.727868e+00 -6.006074e-03 
 1.728266e+00 -7.725274e-03 
 1.728664e+00 -9.394483e-03 
 1.729061e+00 -1.115201e-02 
 1.729459e+00 -1.287206e-02 
 1.729857e+00 -1.460990e-02 
 1.730254e+00 -1.626898e-02 
 1.730652e+00 -1.796999e-02 
 1.731050e+00 -1.973745e-02 
 1.731447e+00 -2.156904e-02 
 1.731845e+00 -2.357799e-02 
 1.732243e+00 -2.571131e-02 
 1.732641e+00 -2.797328e-02 
 1.733038e+00 -3.032748e-02 
 1.733436e+00 -3.280817e-02 
 1.733834e+00 -3.528759e-02 
 1.734231e+00 -3.775513e-02 
 1.734629e+00 -4.014661e-02 
 1.735027e+00 -4.247118e-02 
 1.735424e+00 -4.477053e-02 
 1.735822e+00 -4.690628e-02 
 1.736220e+00 -4.890373e-02 
 1.736617e+00 -5.074138e-02 
 1.737015e+00 -5.254868e-02 
 1.737413e+00 -5.427517e-02 
 1.737811e+00 -5.595123e-02 
 1.738208e+00 -5.754606e-02 
 1.738606e+00 -5.895272e-02 
 1.739004e+00 -6.021395e-02 
 1.739401e+00 -6.146892e-02 
 1.739799e+00 -6.269062e-02 
 1.740197e+00 -6.395038e-02 
 1.740594e+00 -6.526204e-02 
 1.740992e+00 -6.668593e-02 
 1.741390e+00 -6.822869e-02 
 1.741788e+00 -6.977816e-02 
 1.742185e+00 -7.129081e-02 
 1.742583e+00 -7.267607e-02 
 1.742981e+00 -7.392527e-02 
 1.743378e+00 -7.509955e-02 
 1.743776e+00 -7.627251e-02 
 1.744174e+00 -7.741487e-02 
 1.744571e+00 -7.844434e-02 
 1.744969e+00 -7.941837e-02 
 1.745367e+00 -8.029042e-02 
 1.745764e+00 -8.092916e-02 
 1.746162e+00 -8.142734e-02 
 1.746560e+00 -8.172681e-02 
 1.746958e+00 -8.200073e-02 
 1.747355e+00 -8.229173e-02 
 1.747753e+00 -8.277495e-02 
 1.748151e+00 -8.341104e-02 
 1.748548e+00 -8.411183e-02 
 1.748946e+00 -8.482955e-02 
 1.749344e+00 -8.556692e-02 
 1.749741e+00 -8.634216e-02 
 1.750139e+00 -8.720421e-02 
 1.750537e+00 -8.823699e-02 
 1.750935e+00 -8.929831e-02 
 1.751332e+00 -9.041698e-02 
 1.751730e+00 -9.149588e-02 
 1.752128e+00 -9.253963e-02 
 1.752525e+00 -9.345341e-02 
 1.752923e+00 -9.417871e-02 
 1.753321e+00 -9.465311e-02 
 1.753718e+00 -9.505213e-02 
 1.754116e+00 -9.525729e-02 
 1.754514e+00 -9.525280e-02 
 1.754911e+00 -9.509155e-02 
 1.755309e+00 -9.467663e-02 
 1.755707e+00 -9.418498e-02 
 1.756105e+00 -9.368162e-02 
 1.756502e+00 -9.334902e-02 
 1.756900e+00 -9.312545e-02 
 1.757298e+00 -9.297219e-02 
 1.757695e+00 -9.284339e-02 
 1.758093e+00 -9.281039e-02 
 1.758491e+00 -9.273989e-02 
 1.758888e+00 -9.269227e-02 
 1.759286e+00 -9.277823e-02 
 1.759684e+00 -9.283838e-02 
 1.760082e+00 -9.289900e-02 
 1.760479e+00 -9.285204e-02 
 1.760877e+00 -9.263967e-02 
 1.761275e+00 -9.220386e-02 
 1.761672e+00 -9.158335e-02 
 1.762070e+00 -9.088281e-02 
 1.762468e+00 -9.010608e-02 
 1.762865e+00 -8.923559e-02 
 1.763263e+00 -8.831015e-02 
 1.763661e+00 -8.724361e-02 
 1.764058e+00 -8.590878e-02 
 1.764456e+00 -8.432937e-02 
 1.764854e+00 -8.272488e-02 
 1.765252e+00 -8.112638e-02 
 1.765649e+00 -7.957750e-02 
 1.766047e+00 -7.821301e-02 
 1.766445e+00 -7.691990e-02 
 1.766842e+00 -7.565867e-02 
 1.767240e+00 -7.441444e-02 
 1.767638e+00 -7.325005e-02 
 1.768035e+00 -7.209780e-02 
 1.768433e+00 -7.093411e-02 
 1.768831e+00 -6.988140e-02 
 1.769229e+00 -6.883473e-02 
 1.769626e+00 -6.772922e-02 
 1.770024e+00 -6.642970e-02 
 1.770422e+00 -6.494774e-02 
 1.770819e+00 -6.330831e-02 
 1.771217e+00 -6.134670e-02 
 1.771615e+00 -5.922891e-02 
 1.772012e+00 -5.689191e-02 
 1.772410e+00 -5.435921e-02 
 1.772808e+00 -5.170561e-02 
 1.773205e+00 -4.896053e-02 
 1.773603e+00 -4.620763e-02 
 1.774001e+00 -4.347463e-02 
 1.774399e+00 -4.076465e-02 
 1.774796e+00 -3.814169e-02 
 1.775194e+00 -3.562912e-02 
 1.775592e+00 -3.314136e-02 
 1.775989e+00 -3.081462e-02 
 1.776387e+00 -2.863197e-02 
 1.776785e+00 -2.671288e-02 
 1.777182e+00 -2.499692e-02 
 1.777580e+00 -2.343535e-02 
 1.777978e+00 -2.194209e-02 
 1.778376e+00 -2.031722e-02 
 1.778773e+00 -1.866434e-02 
 1.779171e+00 -1.680721e-02 
 1.779569e+00 -1.488672e-02 
 1.779966e+00 -1.283263e-02 
 1.780364e+00 -1.080559e-02 
 1.780762e+00 -8.755819e-03 
 1.781159e+00 -6.681970e-03 
 1.781557e+00 -4.636935e-03 
 1.781955e+00 -2.490169e-03 
 1.782352e+00 -2.359202e-04 
 1.782750e+00  2.023802e-03 
 1.783148e+00  4.154255e-03 
 1.783546e+00  6.198027e-03 
 1.783943e+00  8.112857e-03 
 1.784341e+00  9.845253e-03 
 1.784739e+00  1.150006e-02 
 1.785136e+00  1.291153e-02 
 1.785534e+00  1.431604e-02 
 1.785932e+00  1.563793e-02 
 1.786329e+00  1.697187e-02 
 1.786727e+00  1.844862e-02 
 1.787125e+00  2.001952e-02 
 1.787523e+00  2.164250e-02 
 1.787920e+00  2.334818e-02 
 1.788318e+00  2.509328e-02 
 1.788716e+00  2.684653e-02 
 1.789113e+00  2.859918e-02 
 1.789511e+00  3.040114e-02 
 1.789909e+00  3.235912e-02 
 1.790306e+00  3.438340e-02 
 1.790704e+00  3.644014e-02 
 1.791102e+00  3.843379e-02 
 1.791499e+00  4.031477e-02 
 1.791897e+00  4.208975e-02 
 1.792295e+00  4.378083e-02 
 1.792693e+00  4.537138e-02 
 1.793090e+00  4.686370e-02 
 1.793488e+00  4.821666e-02 
 1.793886e+00  4.945837e-02 
 1.794283e+00  5.067166e-02 
 1.794681e+00  5.174773e-02 
 1.795079e+00  5.277728e-02 
 1.795476e+00  5.363680e-02 
 1.795874e+00  5.442585e-02 
 1.796272e+00  5.512151e-02 
 1.796670e+00  5.583943e-02 
 1.797067e+00  5.659218e-02 
 1.797465e+00  5.739846e-02 
 1.797863e+00  5.828480e-02 
 1.798260e+00  5.923444e-02 
 1.798658e+00  6.021243e-02 
 1.799056e+00  6.111049e-02 
 1.799453e+00  6.196613e-02 
 1.799851e+00  6.270335e-02 
 1.800249e+00  6.330179e-02 
 1.800646e+00  6.391577e-02 
 1.801044e+00  6.453887e-02 
 1.801442e+00  6.504755e-02 
 1.801840e+00  6.534378e-02 
 1.802237e+00  6.547318e-02 
 1.802635e+00  6.545993e-02 
 1.803033e+00  6.533427e-02 
 1.803430e+00  6.514615e-02 
 1.803828e+00  6.499837e-02 
 1.804226e+00  6.485207e-02 
 1.804623e+00  6.470577e-02 
 1.805021e+00  6.457921e-02 
 1.805419e+00  6.442263e-02 
 1.805817e+00  6.427371e-02 
 1.806214e+00  6.411699e-02 
 1.806612e+00  6.407533e-02 
 1.807010e+00  6.411947e-02 
 1.807407e+00  6.423222e-02 
 1.807805e+00  6.420749e-02 
 1.808203e+00  6.407424e-02 
 1.808600e+00  6.380274e-02 
 1.808998e+00  6.341414e-02 
 1.809396e+00  6.289740e-02 
 1.809793e+00  6.223420e-02 
 1.810191e+00  6.140336e-02 
 1.810589e+00  6.036877e-02 
 1.810987e+00  5.916048e-02 
 1.811384e+00  5.771929e-02 
 1.811782e+00  5.620175e-02 
 1.812180e+00  5.462319e-02 
 1.812577e+00  5.298957e-02 
 1.812975e+00  5.145206e-02 
 1.813373e+00  4.986749e-02 
 1.813770e+00  4.850036e-02 
 1.814168e+00  4.705638e-02 
 1.814566e+00  4.564500e-02 
 1.814964e+00  4.428281e-02 
 1.815361e+00  4.311424e-02 
 1.815759e+00  4.213809e-02 
 1.816157e+00  4.138308e-02 
 1.816554e+00  4.068298e-02 
 1.816952e+00  3.997376e-02 
 1.817350e+00  3.905305e-02 
 1.817747e+00  3.796913e-02 
 1.818145e+00  3.683202e-02 
 1.818543e+00  3.558611e-02 
 1.818940e+00  3.427686e-02 
 1.819338e+00  3.299212e-02 
 1.819736e+00  3.167295e-02 
 1.820134e+00  3.026707e-02 
 1.820531e+00  2.870486e-02 
 1.820929e+00  2.697913e-02 
 1.821327e+00  2.519904e-02 
 1.821724e+00  2.347203e-02 
 1.822122e+00  2.183267e-02 
 1.822520e+00  2.032212e-02 
 1.822917e+00  1.896845e-02 
 1.823315e+00  1.772469e-02 
 1.823713e+00  1.652814e-02 
 1.824111e+00  1.535403e-02 
 1.824508e+00  1.419571e-02 
 1.824906e+00  1.304883e-02 
 1.825304e+00  1.181948e-02 
 1.825701e+00  1.059812e-02 
 1.826099e+00  9.373125e-03 
 1.826497e+00  8.015840e-03 
 1.826894e+00  6.491326e-03 
 1.827292e+00  4.890359e-03 
 1.827690e+00  3.198780e-03 
 1.828087e+00  1.367055e-03 
 1.828485e+00 -5.668050e-04 
 1.828883e+00 -2.650221e-03 
 1.829281e+00 -4.860082e-03 
 1.829678e+00 -7.208225e-03 
 1.830076e+00 -9.492104e-03 
 1.830474e+00 -1.168666e-02 
 1.830871e+00 -1.381170e-02 
 1.831269e+00 -1.584314e-02 
 1.831667e+00 -1.777619e-02 
 1.832064e+00 -1.962945e-02 
 1.832462e+00 -2.141691e-02 
 1.832860e+00 -2.316860e-02 
 1.833258e+00 -2.481909e-02 
 1.833655e+00 -2.637021e-02 
 1.834053e+00 -2.776316e-02 
 1.834451e+00 -2.897274e-02 
 1.834848e+00 -3.022789e-02 
 1.835246e+00 -3.154177e-02 
 1.835644e+00 -3.295181e-02 
 1.836041e+00 -3.456208e-02 
 1.836439e+00 -3.634903e-02 
 1.836837e+00 -3.826366e-02 
 1.837234e+00 -4.030421e-02 
 1.837632e+00 -4.240110e-02 
 1.838030e+00 -4.449978e-02 
 1.838428e+00 -4.650465e-02 
 1.838825e+00 -4.851276e-02 
 1.839223e+00 -5.055709e-02 
 1.839621e+00 -5.251600e-02 
 1.840018e+00 -5.443856e-02 
 1.840416e+00 -5.624264e-02 
 1.840814e+00 -5.792789e-02 
 1.841211e+00 -5.952887e-02 
 1.841609e+00 -6.102704e-02 
 1.842007e+00 -6.245505e-02 
 1.842405e+00 -6.389294e-02 
 1.842802e+00 -6.529874e-02 
 1.843200e+00 -6.680867e-02 
 1.843598e+00 -6.838782e-02 
 1.843995e+00 -7.000114e-02 
 1.844393e+00 -7.162791e-02 
 1.844791e+00 -7.324137e-02 
 1.845188e+00 -7.489512e-02 
 1.845586e+00 -7.663291e-02 
 1.845984e+00 -7.847186e-02 
 1.846381e+00 -8.033828e-02 
 1.846779e+00 -8.212265e-02 
 1.847177e+00 -8.380310e-02 
 1.847575e+00 -8.542085e-02 
 1.847972e+00 -8.687876e-02 
 1.848370e+00 -8.813642e-02 
 1.848768e+00 -8.917125e-02 
 1.849165e+00 -8.997049e-02 
 1.849563e+00 -9.052463e-02 
 1.849961e+00 -9.090785e-02 
 1.850358e+00 -9.118490e-02 
 1.850756e+00 -9.138316e-02 
 1.851154e+00 -9.152428e-02 
 1.851552e+00 -9.175156e-02 
 1.851949e+00 -9.193407e-02 
 1.852347e+00 -9.205963e-02 
 1.852745e+00 -9.215746e-02 
 1.853142e+00 -9.225611e-02 
 1.853540e+00 -9.244291e-02 
 1.853938e+00 -9.275735e-02 
 1.854335e+00 -9.314978e-02 
 1.854733e+00 -9.366410e-02 
 1.855131e+00 -9.413554e-02 
 1.855528e+00 -9.451704e-02 
 1.855926e+00 -9.481304e-02 
 1.856324e+00 -9.500306e-02 
 1.856722e+00 -9.506570e-02 
 1.857119e+00 -9.511082e-02 
 1.857517e+00 -9.514504e-02 
 1.857915e+00 -9.504228e-02 
 1.858312e+00 -9.478892e-02 
 1.858710e+00 -9.434709e-02 
 1.859108e+00 -9.375539e-02 
 1.859505e+00 -9.294914e-02 
 1.859903e+00 -9.205052e-02 
 1.860301e+00 -9.112438e-02 
 1.860699e+00 -9.017132e-02 
 1.861096e+00 -8.930699e-02 
 1.861494e+00 -8.848990e-02 
 1.861892e+00 -8.776439e-02 
 1.862289e+00 -8.705849e-02 
 1.862687e+00 -8.647886e-02 
 1.863085e+00 -8.592090e-02 
 1.863482e+00 -8.536865e-02 
 1.863880e+00 -8.483185e-02 
 1.864278e+00 -8.424859e-02 
 1.864675e+00 -8.361357e-02 
 1.865073e+00 -8.284228e-02 
 1.865471e+00 -8.202746e-02 
 1.865869e+00 -8.108107e-02 
 1.866266e+00 -7.994374e-02 
 1.866664e+00 -7.865652e-02 
 1.867062e+00 -7.699759e-02 
 1.867459e+00 -7.507631e-02 
 1.867857e+00 -7.292851e-02 
 1.868255e+00 -7.061439e-02 
 1.868652e+00 -6.832395e-02 
 1.869050e+00 -6.608867e-02 
 1.869448e+00 -6.385179e-02 
 1.869846e+00 -6.171076e-02 
 1.870243e+00 -5.963972e-02 
 1.870641e+00 -5.761321e-02 
 1.871039e+00 -5.555694e-02 
 1.871436e+00 -5.365888e-02 
 1.871834e+00 -5.184257e-02 
 1.872232e+00 -5.022895e-02 
 1.872629e+00 -4.877018e-02 
 1.873027e+00 -4.742922e-02 
 1.873425e+00 -4.611543e-02 
 1.873822e+00 -4.474734e-02 
 1.874220e+00 -4.329685e-02 
 1.874618e+00 -4.176520e-02 
 1.875016e+00 -4.011911e-02 
 1.875413e+00 -3.825441e-02 
 1.875811e+00 -3.626180e-02 
 1.876209e+00 -3.410788e-02 
 1.876606e+00 -3.184963e-02 
 1.877004e+00 -2.950105e-02 
 1.877402e+00 -2.706364e-02 
 1.877799e+00 -2.460781e-02 
 1.878197e+00 -2.201781e-02 
 1.878595e+00 -1.948999e-02 
 1.878993e+00 -1.703181e-02 
 1.879390e+00 -1.472446e-02 
 1.879788e+00 -1.255636e-02 
 1.880186e+00 -1.050102e-02 
 1.880583e+00 -8.606020e-03 
 1.880981e+00 -6.790828e-03 
 1.881379e+00 -5.061914e-03 
 1.881776e+00 -3.338833e-03 
 1.882174e+00 -1.660745e-03 
 1.882572e+00  2.724976e-05 
 1.882969e+00  1.760214e-03 
 1.883367e+00  3.495924e-03 
 1.883765e+00  5.358591e-03 
 1.884163e+00  7.249695e-03 
 1.884560e+00  9.244468e-03 
 1.884958e+00  1.125830e-02 
 1.885356e+00  1.330703e-02 
 1.885753e+00  1.538600e-02 
 1.886151e+00  1.749929e-02 
 1.886549e+00  1.964501e-02 
 1.886946e+00  2.170974e-02 
 1.887344e+00  2.357288e-02 
 1.887742e+00  2.525778e-02 
 1.888140e+00  2.676786e-02 
 1.888537e+00  2.801658e-02 
 1.888935e+00  2.908739e-02 
 1.889333e+00  3.012078e-02 
 1.889730e+00  3.110905e-02 
 1.890128e+00  3.200835e-02 
 1.890526e+00  3.292005e-02 
 1.890923e+00  3.377190e-02 
 1.891321e+00  3.442082e-02 
 1.891719e+00  3.498691e-02 
 1.892116e+00  3.564657e-02 
 1.892514e+00  3.640925e-02 
 1.892912e+00  3.727527e-02 
 1.893310e+00  3.822402e-02 
 1.893707e+00  3.919923e-02 
 1.894105e+00  4.020034e-02 
 1.894503e+00  4.121713e-02 
 1.894900e+00  4.227335e-02 
 1.895298e+00  4.336115e-02 
 1.895696e+00  4.447792e-02 
 1.896093e+00  4.564685e-02 
 1.896491e+00  4.688839e-02 
 1.896889e+00  4.796374e-02 
 1.897287e+00  4.886738e-02 
 1.897684e+00  4.954423e-02 
 1.898082e+00  5.003966e-02 
 1.898480e+00  5.051852e-02 
 1.898877e+00  5.096816e-02 
 1.899275e+00  5.146882e-02 
 1.899673e+00  5.186004e-02 
 1.900070e+00  5.223586e-02 
 1.900468e+00  5.276709e-02 
 1.900866e+00  5.333794e-02 
 1.901263e+00  5.391267e-02 
 1.901661e+00  5.457799e-02 
 1.902059e+00  5.525641e-02 
 1.902457e+00  5.590952e-02 
 1.902854e+00  5.647834e-02 
 1.903252e+00  5.713632e-02 
 1.903650e+00  5.770694e-02 
 1.904047e+00  5.826330e-02 
 1.904445e+00  5.880475e-02 
 1.904843e+00  5.927125e-02 
 1.905240e+00  5.962013e-02 
 1.905638e+00  5.969600e-02 
 1.906036e+00  5.952676e-02 
 1.906434e+00  5.909033e-02 
 1.906831e+00  5.855693e-02 
 1.907229e+00  5.798215e-02 
 1.907627e+00  5.738193e-02 
 1.908024e+00  5.689303e-02 
 1.908422e+00  5.638856e-02 
 1.908820e+00  5.584571e-02 
 1.909217e+00  5.534321e-02 
 1.909615e+00  5.489305e-02 
 1.910013e+00  5.451262e-02 
 1.910410e+00  5.425785e-02 
 1.910808e+00  5.418821e-02 
 1.911206e+00  5.420772e-02 
 1.911604e+00  5.438551e-02 
 1.912001e+00  5.451060e-02 
 1.912399e+00  5.445219e-02 
 1.912797e+00  5.431786e-02 
 1.913194e+00  5.397892e-02 
 1.913592e+00  5.353581e-02 
 1.913990e+00  5.297379e-02 
 1.914387e+00  5.241999e-02 
 1.914785e+00  5.179474e-02 
 1.915183e+00  5.102549e-02 
 1.915581e+00  5.004232e-02 
 1.915978e+00  4.901260e-02 
 1.916376e+00  4.782949e-02 
 1.916774e+00  4.658055e-02 
 1.917171e+00  4.529021e-02 
 1.917569e+00  4.400470e-02 
 1.917967e+00  4.266559e-02 
 1.918364e+00  4.134081e-02 
 1.918762e+00  4.012463e-02 
 1.919160e+00  3.901604e-02 
 1.919557e+00  3.799072e-02 
 1.919955e+00  3.690423e-02 
 1.920353e+00  3.583877e-02 
 1.920751e+00  3.467718e-02 
 1.921148e+00  3.343750e-02 
 1.921546e+00  3.212087e-02 
 1.921944e+00  3.072358e-02 
 1.922341e+00  2.927398e-02 
 1.922739e+00  2.777777e-02 
 1.923137e+00  2.624582e-02 
 1.923534e+00  2.468800e-02 
 1.923932e+00  2.294895e-02 
 1.924330e+00  2.101745e-02 
 1.924728e+00  1.891008e-02 
 1.925125e+00  1.660860e-02 
 1.925523e+00  1.439448e-02 
 1.925921e+00  1.215420e-02 
 1.926318e+00  9.930021e-03 
 1.926716e+00  7.815727e-03 
 1.927114e+00  5.776352e-03 
 1.927511e+00  3.873956e-03 
 1.927909e+00  2.076227e-03 
 1.928307e+00  4.438423e-04 
 1.928704e+00 -1.118959e-03 
 1.929102e+00 -2.610873e-03 
 1.929500e+00 -4.044127e-03 
 1.929898e+00 -5.360400e-03 
 1.930295e+00 -6.701601e-03 
 1.930693e+00 -8.204456e-03 
 1.931091e+00 -9.922739e-03 
 1.931488e+00 -1.187615e-02 
 1.931886e+00 -1.401123e-02 
 1.932284e+00 -1.631861e-02 
 1.932681e+00 -1.867740e-02 
 1.933079e+00 -2.109355e-02 
 1.933477e+00 -2.353666e-02 
 1.933875e+00 -2.604203e-02 
 1.934272e+00 -2.852970e-02 
 1.934670e+00 -3.108267e-02 
 1.935068e+00 -3.366234e-02 
 1.935465e+00 -3.621461e-02 
 1.935863e+00 -3.859153e-02 
 1.936261e+00 -4.072497e-02 
 1.936658e+00 -4.277713e-02 
 1.937056e+00 -4.473017e-02 
 1.937454e+00 -4.668382e-02 
 1.937851e+00 -4.863932e-02 
 1.938249e+00 -5.052955e-02 
 1.938647e+00 -5.233772e-02 
 1.939045e+00 -5.416416e-02 
 1.939442e+00 -5.602618e-02 
 1.939840e+00 -5.792102e-02 
 1.940238e+00 -5.991581e-02 
 1.940635e+00 -6.193361e-02 
 1.941033e+00 -6.404937e-02 
 1.941431e+00 -6.612813e-02 
 1.941828e+00 -6.821273e-02 
 1.942226e+00 -7.023232e-02 
 1.942624e+00 -7.213575e-02 
 1.943022e+00 -7.396204e-02 
 1.943419e+00 -7.580085e-02 
 1.943817e+00 -7.744956e-02 
 1.944215e+00 -7.889098e-02 
 1.944612e+00 -8.003726e-02 
 1.945010e+00 -8.104878e-02 
 1.945408e+00 -8.185224e-02 
 1.945805e+00 -8.255424e-02 
 1.946203e+00 -8.329305e-02 
 1.946601e+00 -8.399118e-02 
 1.946998e+00 -8.464303e-02 
 1.947396e+00 -8.522113e-02 
 1.947794e+00 -8.576489e-02 
 1.948192e+00 -8.623912e-02 
 1.948589e+00 -8.681256e-02 
 1.948987e+00 -8.755181e-02 
 1.949385e+00 -8.852022e-02 
 1.949782e+00 -8.961427e-02 
 1.950180e+00 -9.072999e-02 
 1.950578e+00 -9.185450e-02 
 1.950975e+00 -9.289572e-02 
 1.951373e+00 -9.383707e-02 
 1.951771e+00 -9.469449e-02 
 1.952169e+00 -9.539997e-02 
 1.952566e+00 -9.588054e-02 
 1.952964e+00 -9.630134e-02 
 1.953362e+00 -9.648620e-02 
 1.953759e+00 -9.660155e-02 
 1.954157e+00 -9.650159e-02 
 1.954555e+00 -9.628588e-02 
 1.954952e+00 -9.584614e-02 
 1.955350e+00 -9.528848e-02 
 1.955748e+00 -9.463459e-02 
 1.956145e+00 -9.393308e-02 
 1.956543e+00 -9.320308e-02 
 1.956941e+00 -9.250045e-02 
 1.957339e+00 -9.193517e-02 
 1.957736e+00 -9.152330e-02 
 1.958134e+00 -9.122901e-02 
 1.958532e+00 -9.098078e-02 
 1.958929e+00 -9.077786e-02 
 1.959327e+00 -9.048372e-02 
 1.959725e+00 -9.010594e-02 
 1.960122e+00 -8.972263e-02 
 1.960520e+00 -8.931174e-02 
 1.960918e+00 -8.882224e-02 
 1.961316e+00 -8.831196e-02 
 1.961713e+00 -8.765702e-02 
 1.962111e+00 -8.680396e-02 
 1.962509e+00 -8.572829e-02 
 1.962906e+00 -8.441136e-02 
 1.963304e+00 -8.296283e-02 
 1.963702e+00 -8.142419e-02 
 1.964099e+00 -7.982763e-02 
 1.964497e+00 -7.830402e-02 
 1.964895e+00 -7.679967e-02 
 1.965292e+00 -7.537401e-02 
 1.965690e+00 -7.399027e-02 
 1.966088e+00 -7.270874e-02 
 1.966486e+00 -7.150860e-02 
 1.966883e+00 -7.038309e-02 
 1.967281e+00 -6.942039e-02 
 1.967679e+00 -6.860712e-02 
 1.968076e+00 -6.790225e-02 
 1.968474e+00 -6.730243e-02 
 1.968872e+00 -6.673170e-02 
 1.969269e+00 -6.606435e-02 
 1.969667e+00 -6.530406e-02 
 1.970065e+00 -6.440999e-02 
 1.970463e+00 -6.332329e-02 
 1.970860e+00 -6.199348e-02 
 1.971258e+00 -6.049385e-02 
 1.971656e+00 -5.876724e-02 
 1.972053e+00 -5.689146e-02 
 1.972451e+00 -5.489554e-02 
 1.972849e+00 -5.277446e-02 
 1.973246e+00 -5.054435e-02 
 1.973644e+00 -4.824012e-02 
 1.974042e+00 -4.594931e-02 
 1.974439e+00 -4.365232e-02 
 1.974837e+00 -4.143299e-02 
 1.975235e+00 -3.930989e-02 
 1.975633e+00 -3.732365e-02 
 1.976030e+00 -3.551446e-02 
 1.976428e+00 -3.386791e-02 
 1.976826e+00 -3.240547e-02 
 1.977223e+00 -3.103923e-02 
 1.977621e+00 -2.966446e-02 
 1.978019e+00 -2.826622e-02 
 1.978416e+00 -2.675128e-02 
 1.978814e+00 -2.519203e-02 
 1.979212e+00 -2.351013e-02 
 1.979610e+00 -2.171875e-02 
 1.980007e+00 -1.996837e-02 
 1.980405e+00 -1.810062e-02 
 1.980803e+00 -1.615735e-02 
 1.981200e+00 -1.415462e-02 
 1.981598e+00 -1.199989e-02 
 1.981996e+00 -9.829154e-03 
 1.982393e+00 -7.761189e-03 
 1.982791e+00 -5.856611e-03 
 1.983189e+00 -4.191189e-03 
 1.983586e+00 -2.510533e-03 
 1.983984e+00 -7.661355e-04 
 1.984382e+00  9.614986e-04 
 1.984780e+00  2.687706e-03 
 1.985177e+00  4.266626e-03 
 1.985575e+00  5.696400e-03 
 1.985973e+00  6.940498e-03 
 1.986370e+00  8.100751e-03 
 1.986768e+00  9.118607e-03 
 1.987166e+00  1.017244e-02 
 1.987563e+00  1.136424e-02 
 1.987961e+00  1.272166e-02 
 1.988359e+00  1.422438e-02 
 1.988757e+00  1.581939e-02 
 1.989154e+00  1.740673e-02 
 1.989552e+00  1.905234e-02 
 1.989950e+00  2.083099e-02 
 1.990347e+00  2.273460e-02 
 1.990745e+00  2.475481e-02 
 1.991143e+00  2.668679e-02 
 1.991540e+00  2.859423e-02 
 1.991938e+00  3.042417e-02 
 1.992336e+00  3.211483e-02 
 1.992733e+00  3.367681e-02 
 1.993131e+00  3.510478e-02 
 1.993529e+00  3.645378e-02 
 1.993927e+00  3.761530e-02 
 1.994324e+00  3.866727e-02 
 1.994722e+00  3.959444e-02 
 1.995120e+00  4.038513e-02 
 1.995517e+00  4.116615e-02 
 1.995915e+00  4.198752e-02 
 1.996313e+00  4.292007e-02 
 1.996710e+00  4.398278e-02 
 1.997108e+00  4.513781e-02 
 1.997506e+00  4.628853e-02 
 1.997904e+00  4.747584e-02 
 1.998301e+00  4.869661e-02 
 1.998699e+00  4.994988e-02 
 1.999097e+00  5.121662e-02 
 1.999494e+00  5.256926e-02 
 1.999892e+00  5.388503e-02 
 2.000290e+00  5.513817e-02 
 2.000687e+00  5.622891e-02 
 2.001085e+00  5.705419e-02 
 2.001483e+00  5.765919e-02 
 2.001880e+00  5.809203e-02 
 2.002278e+00  5.842267e-02 
 2.002676e+00  5.887350e-02 
 2.003074e+00  5.934795e-02 
 2.003471e+00  5.991153e-02 
 2.003869e+00  6.043701e-02 
 2.004267e+00  6.096217e-02 
 2.004664e+00  6.145794e-02 
 2.005062e+00  6.190316e-02 
 2.005460e+00  6.239914e-02 
 2.005857e+00  6.304827e-02 
 2.006255e+00  6.376629e-02 
 2.006653e+00  6.455729e-02 
 2.007051e+00  6.537610e-02 
 2.007448e+00  6.613915e-02 
 2.007846e+00  6.687217e-02 
 2.008244e+00  6.739982e-02 
 2.008641e+00  6.777987e-02 
 2.009039e+00  6.800394e-02 
 2.009437e+00  6.797119e-02 
 2.009834e+00  6.774224e-02 
 2.010232e+00  6.736952e-02 
 2.010630e+00  6.679664e-02 
 2.011027e+00  6.609986e-02 
 2.011425e+00  6.525572e-02 
 2.011823e+00  6.432238e-02 
 2.012221e+00  6.334647e-02 
 2.012618e+00  6.230704e-02 
 2.013016e+00  6.126267e-02 
 2.013414e+00  6.015206e-02 
 2.013811e+00  5.907281e-02 
 2.014209e+00  5.793999e-02 
 2.014607e+00  5.685515e-02 
 2.015004e+00  5.585264e-02 
 2.015402e+00  5.492831e-02 
 2.015800e+00  5.402054e-02 
 2.016198e+00  5.302538e-02 
 2.016595e+00  5.201825e-02 
 2.016993e+00  5.099329e-02 
 2.017391e+00  4.993786e-02 
 2.017788e+00  4.876294e-02 
 2.018186e+00  4.756211e-02 
 2.018584e+00  4.621237e-02 
 2.018981e+00  4.473628e-02 
 2.019379e+00  4.309830e-02 
 2.019777e+00  4.131154e-02 
 2.020174e+00  3.938057e-02 
 2.020572e+00  3.727160e-02 
 2.020970e+00  3.513705e-02 
 2.021368e+00  3.311347e-02 
 2.021765e+00  3.123817e-02 
 2.022163e+00  2.948128e-02 
 2.022561e+00  2.784220e-02 
 2.022958e+00  2.622451e-02 
 2.023356e+00  2.469273e-02 
 2.023754e+00  2.317111e-02 
 2.024151e+00  2.172322e-02 
 2.024549e+00  2.040113e-02 
 2.024947e+00  1.905734e-02 
 2.025345e+00  1.775794e-02 
 2.025742e+00  1.642817e-02 
 2.026140e+00  1.502075e-02 
 2.026538e+00  1.341760e-02 
 2.026935e+00  1.164971e-02 
 2.027333e+00  9.804911e-03 
 2.027731e+00  7.862695e-03 
 2.028128e+00  5.843895e-03 
 2.028526e+00  3.657216e-03 
 2.028924e+00  1.300295e-03 
 2.029321e+00 -1.239823e-03 
 2.029719e+00 -3.722302e-03 
 2.030117e+00 -6.166769e-03 
 2.030515e+00 -8.533623e-03 
 2.030912e+00 -1.073757e-02 
 2.031310e+00 -1.282300e-02 
 2.031708e+00 -1.482466e-02 
 2.032105e+00 -1.673791e-02 
 2.032503e+00 -1.851936e-02 
 2.032901e+00 -2.028056e-02 
 2.033298e+00 -2.193550e-02 
 2.033696e+00 -2.345243e-02 
 2.034094e+00 -2.498403e-02 
 2.034492e+00 -2.666128e-02 
 2.034889e+00 -2.850777e-02 
 2.035287e+00 -3.043088e-02 
 2.035685e+00 -3.232543e-02 
 2.036082e+00 -3.419185e-02 
 2.036480e+00 -3.603532e-02 
 2.036878e+00 -3.793743e-02 
 2.037275e+00 -3.992728e-02 
 2.037673e+00 -4.217559e-02 
 2.038071e+00 -4.450460e-02 
 2.038468e+00 -4.694616e-02 
 2.038866e+00 -4.933531e-02 
 2.039264e+00 -5.153894e-02 
 2.039662e+00 -5.347247e-02 
 2.040059e+00 -5.515213e-02 
 2.040457e+00 -5.673904e-02 
 2.040855e+00 -5.824023e-02 
 2.041252e+00 -5.968827e-02 
 2.041650e+00 -6.108333e-02 
 2.042048e+00 -6.240120e-02 
 2.042445e+00 -6.364927e-02 
 2.042843e+00 -6.492114e-02 
 2.043241e+00 -6.624573e-02 
 2.043639e+00 -6.757876e-02 
 2.044036e+00 -6.902802e-02 
 2.044434e+00 -7.062927e-02 
 2.044832e+00 -7.229702e-02 
 2.045229e+00 -7.401995e-02 
 2.045627e+00 -7.577762e-02 
 2.046025e+00 -7.752202e-02 
 2.046422e+00 -7.925533e-02 
 2.046820e+00 -8.088515e-02 
 2.047218e+00 -8.250113e-02 
 2.047615e+00 -8.401338e-02 
 2.048013e+00 -8.527879e-02 
 2.048411e+00 -8.634552e-02 
 2.048809e+00 -8.729748e-02 
 2.049206e+00 -8.813625e-02 
 2.049604e+00 -8.878076e-02 
 2.050002e+00 -8.928232e-02 
 2.050399e+00 -8.960992e-02 
 2.050797e+00 -8.970926e-02 
 2.051195e+00 -8.957003e-02 
 2.051592e+00 -8.935270e-02 
 2.051990e+00 -8.914680e-02 
 2.052388e+00 -8.897436e-02 
 2.052786e+00 -8.892876e-02 
 2.053183e+00 -8.913421e-02 
 2.053581e+00 -8.933348e-02 
 2.053979e+00 -8.961257e-02 
 2.054376e+00 -8.984585e-02 
 2.054774e+00 -9.011949e-02 
 2.055172e+00 -9.036678e-02 
 2.055569e+00 -9.060909e-02 
 2.055967e+00 -9.091318e-02 
 2.056365e+00 -9.118992e-02 
 2.056762e+00 -9.139723e-02 
 2.057160e+00 -9.143847e-02 
 2.057558e+00 -9.131425e-02 
 2.057956e+00 -9.089879e-02 
 2.058353e+00 -9.026478e-02 
 2.058751e+00 -8.947054e-02 
 2.059149e+00 -8.854855e-02 
 2.059546e+00 -8.753296e-02 
 2.059944e+00 -8.649176e-02 
 2.060342e+00 -8.551022e-02 
 2.060739e+00 -8.452916e-02 
 2.061137e+00 -8.365132e-02 
 2.061535e+00 -8.295168e-02 
 2.061933e+00 -8.237392e-02 
 2.062330e+00 -8.195575e-02 
 2.062728e+00 -8.166611e-02 
 2.063126e+00 -8.153247e-02 
 2.063523e+00 -8.148214e-02 
 2.063921e+00 -8.145507e-02 
 2.064319e+00 -8.137305e-02 
 2.064716e+00 -8.119570e-02 
 2.065114e+00 -8.083825e-02 
 2.065512e+00 -8.044116e-02 
 2.065909e+00 -7.992294e-02 
 2.066307e+00 -7.919259e-02 
 2.066705e+00 -7.827999e-02 
 2.067103e+00 -7.709805e-02 
 2.067500e+00 -7.582077e-02 
 2.067898e+00 -7.434309e-02 
 2.068296e+00 -7.282518e-02 
 2.068693e+00 -7.125613e-02 
 2.069091e+00 -6.957292e-02 
 2.069489e+00 -6.786373e-02 
 2.069886e+00 -6.617402e-02 
 2.070284e+00 -6.462621e-02 
 2.070682e+00 -6.313552e-02 
 2.071080e+00 -6.183402e-02 
 2.071477e+00 -6.071645e-02 
 2.071875e+00 -5.970626e-02 
 2.072273e+00 -5.876066e-02 
 2.072670e+00 -5.787810e-02 
 2.073068e+00 -5.693703e-02 
 2.073466e+00 -5.580021e-02 
 2.073863e+00 -5.456942e-02 
 2.074261e+00 -5.329971e-02 
 2.074659e+00 -5.201196e-02 
 2.075056e+00 -5.062550e-02 
 2.075454e+00 -4.907459e-02 
 2.075852e+00 -4.734006e-02 
 2.076250e+00 -4.540623e-02 
 2.076647e+00 -4.335592e-02 
 2.077045e+00 -4.121329e-02 
 2.077443e+00 -3.897433e-02 
 2.077840e+00 -3.667342e-02 
 2.078238e+00 -3.448911e-02 
 2.078636e+00 -3.232897e-02 
 2.079033e+00 -3.018808e-02 
 2.079431e+00 -2.795327e-02 
 2.079829e+00 -2.571175e-02 
 2.080227e+00 -2.357197e-02 
 2.080624e+00 -2.156159e-02 
 2.081022e+00 -1.975256e-02 
 2.081420e+00 -1.802393e-02 
 2.081817e+00 -1.629966e-02 
 2.082215e+00 -1.448547e-02 
 2.082613e+00 -1.274242e-02 
 2.083010e+00 -1.096281e-02 
 2.083408e+00 -9.054829e-03 
 2.083806e+00 -7.074896e-03 
 2.084203e+00 -5.062744e-03 
 2.084601e+00 -2.873705e-03 
 2.084999e+00 -5.607418e-04 
 2.085397e+00  1.868778e-03 
 2.085794e+00  4.361434e-03 
 2.086192e+00  6.904987e-03 
 2.086590e+00  9.367796e-03 
 2.086987e+00  1.167930e-02 
 2.087385e+00  1.395397e-02 
 2.087783e+00  1.610587e-02 
 2.088180e+00  1.818627e-02 
 2.088578e+00  2.010717e-02 
 2.088976e+00  2.184774e-02 
 2.089374e+00  2.331513e-02 
 2.089771e+00  2.459086e-02 
 2.090169e+00  2.567120e-02 
 2.090567e+00  2.673667e-02 
 2.090964e+00  2.785672e-02 
 2.091362e+00  2.909480e-02 
 2.091760e+00  3.043853e-02 
 2.092157e+00  3.181642e-02 
 2.092555e+00  3.318731e-02 
 2.092953e+00  3.442600e-02 
 2.093350e+00  3.568407e-02 
 2.093748e+00  3.687923e-02 
 2.094146e+00  3.816221e-02 
 2.094544e+00  3.953590e-02 
 2.094941e+00  4.092242e-02 
 2.095339e+00  4.230027e-02 
 2.095737e+00  4.363888e-02 
 2.096134e+00  4.490543e-02 
 2.096532e+00  4.596590e-02 
 2.096930e+00  4.692505e-02 
 2.097327e+00  4.771628e-02 
 2.097725e+00  4.846716e-02 
 2.098123e+00  4.914946e-02 
 2.098521e+00  4.969591e-02 
 2.098918e+00  5.023732e-02 
 2.099316e+00  5.074238e-02 
 2.099714e+00  5.123553e-02 
 2.100111e+00  5.183252e-02 
 2.100509e+00  5.257909e-02 
 2.100907e+00  5.342558e-02 
 2.101304e+00  5.435164e-02 
 2.101702e+00  5.530491e-02 
 2.102100e+00  5.633535e-02 
 2.102497e+00  5.735592e-02 
 2.102895e+00  5.829601e-02 
 2.103293e+00  5.929954e-02 
 2.103691e+00  6.024803e-02 
 2.104088e+00  6.104129e-02 
 2.104486e+00  6.162301e-02 
 2.104884e+00  6.204019e-02 
 2.105281e+00  6.228893e-02 
 2.105679e+00  6.240189e-02 
 2.106077e+00  6.245484e-02 
 2.106474e+00  6.241806e-02 
 2.106872e+00  6.227535e-02 
 2.107270e+00  6.197151e-02 
 2.107668e+00  6.155808e-02 
 2.108065e+00  6.102932e-02 
 2.108463e+00  6.049551e-02 
 2.108861e+00  6.007361e-02 
 2.109258e+00  5.964691e-02 
 2.109656e+00  5.943059e-02 
 2.110054e+00  5.939440e-02 
 2.110451e+00  5.942519e-02 
 2.110849e+00  5.955587e-02 
 2.111247e+00  5.964265e-02 
 2.111644e+00  5.962759e-02 
 2.112042e+00  5.950335e-02 
 2.112440e+00  5.929713e-02 
 2.112838e+00  5.900357e-02 
 2.113235e+00  5.864998e-02 
 2.113633e+00  5.812029e-02 
 2.114031e+00  5.745575e-02 
 2.114428e+00  5.664161e-02 
 2.114826e+00  5.568296e-02 
 2.115224e+00  5.452256e-02 
 2.115621e+00  5.323081e-02 
 2.116019e+00  5.193030e-02 
 2.116417e+00  5.051914e-02 
 2.116815e+00  4.917031e-02 
 2.117212e+00  4.777489e-02 
 2.117610e+00  4.641549e-02 
 2.118008e+00  4.501165e-02 
 2.118405e+00  4.359293e-02 
 2.118803e+00  4.222696e-02 
 2.119201e+00  4.103440e-02 
 2.119598e+00  3.998648e-02 
 2.119996e+00  3.901511e-02 
 2.120394e+00  3.811047e-02 
 2.120791e+00  3.717650e-02 
 2.121189e+00  3.614993e-02 
 2.121587e+00  3.498465e-02 
 2.121985e+00  3.366386e-02 
 2.122382e+00  3.208448e-02 
 2.122780e+00  3.028495e-02 
 2.123178e+00  2.830420e-02 
 2.123575e+00  2.612214e-02 
 2.123973e+00  2.379442e-02 
 2.124371e+00  2.144128e-02 
 2.124768e+00  1.903324e-02 
 2.125166e+00  1.674267e-02 
 2.125564e+00  1.457456e-02 
 2.125962e+00  1.239792e-02 
 2.126359e+00  1.017883e-02 
 2.126757e+00  8.045046e-03 
 2.127155e+00  6.110203e-03 
 2.127552e+00  4.360866e-03 
 2.127950e+00  2.844061e-03 
 2.128348e+00  1.444278e-03 
 2.128745e+00  1.746838e-04 
 2.129143e+00 -1.094438e-03 
 2.129541e+00 -2.367566e-03 
 2.129938e+00 -3.652737e-03 
 2.130336e+00 -5.018255e-03 
 2.130734e+00 -6.414401e-03 
 2.131132e+00 -7.896026e-03 
 2.131529e+00 -9.448643e-03 
 2.131927e+00 -1.115035e-02 
 2.132325e+00 -1.303384e-02 
 2.132722e+00 -1.509459e-02 
 2.133120e+00 -1.725853e-02 
 2.133518e+00 -1.937192e-02 
 2.133915e+00 -2.145551e-02 
 2.134313e+00 -2.345121e-02 
 2.134711e+00 -2.530932e-02 
 2.135109e+00 -2.710100e-02 
 2.135506e+00 -2.881584e-02 
 2.135904e+00 -3.044807e-02 
 2.136302e+00 -3.199124e-02 
 2.136699e+00 -3.339997e-02 
 2.137097e+00 -3.475981e-02 
 2.137495e+00 -3.613531e-02 
 2.137892e+00 -3.753118e-02 
 2.138290e+00 -3.891579e-02 
 2.138688e+00 -4.041873e-02 
 2.139085e+00 -4.192050e-02 
 2.139483e+00 -4.341210e-02 
 2.139881e+00 -4.488676e-02 
 2.140279e+00 -4.656711e-02 
 2.140676e+00 -4.836108e-02 
 2.141074e+00 -5.031101e-02 
 2.141472e+00 -5.240899e-02 
 2.141869e+00 -5.452595e-02 
 2.142267e+00 -5.661226e-02 
 2.142665e+00 -5.868953e-02 
 2.143062e+00 -6.067682e-02 
 2.143460e+00 -6.252905e-02 
 2.143858e+00 -6.423964e-02 
 2.144256e+00 -6.578883e-02 
 2.144653e+00 -6.727185e-02 
 2.145051e+00 -6.869533e-02 
 2.145449e+00 -6.996061e-02 
 2.145846e+00 -7.107185e-02 
 2.146244e+00 -7.197307e-02 
 2.146642e+00 -7.274780e-02 
 2.147039e+00 -7.342546e-02 
 2.147437e+00 -7.411688e-02 
 2.147835e+00 -7.484373e-02 
 2.148232e+00 -7.571611e-02 
 2.148630e+00 -7.667553e-02 
 2.149028e+00 -7.777864e-02 
 2.149426e+00 -7.895701e-02 
 2.149823e+00 -8.026831e-02 
 2.150221e+00 -8.169588e-02 
 2.150619e+00 -8.318579e-02 
 2.151016e+00 -8.476899e-02 
 2.151414e+00 -8.638931e-02 
 2.151812e+00 -8.795122e-02 
 2.152209e+00 -8.928541e-02 
 2.152607e+00 -9.049767e-02 
 2.153005e+00 -9.141053e-02 
 2.153403e+00 -9.201958e-02 
 2.153800e+00 -9.240750e-02 
 2.154198e+00 -9.262572e-02 
 2.154596e+00 -9.264821e-02 
 2.154993e+00 -9.255369e-02 
 2.155391e+00 -9.247750e-02 
 2.155789e+00 -9.231499e-02 
 2.156186e+00 -9.213130e-02 
 2.156584e+00 -9.197401e-02 
 2.156982e+00 -9.188813e-02 
 2.157379e+00 -9.188707e-02 
 2.157777e+00 -9.190852e-02 
 2.158175e+00 -9.200040e-02 
 2.158573e+00 -9.210109e-02 
 2.158970e+00 -9.222542e-02 
 2.159368e+00 -9.238208e-02 
 2.159766e+00 -9.252096e-02 
 2.160163e+00 -9.257442e-02 
 2.160561e+00 -9.254156e-02 
 2.160959e+00 -9.238591e-02 
 2.161356e+00 -9.202440e-02 
 2.161754e+00 -9.144216e-02 
 2.162152e+00 -9.054401e-02 
 2.162550e+00 -8.939679e-02 
 2.162947e+00 -8.811901e-02 
 2.163345e+00 -8.670191e-02 
 2.163743e+00 -8.525891e-02 
 2.164140e+00 -8.374693e-02 
 2.164538e+00 -8.214652e-02 
 2.164936e+00 -8.044008e-02 
 2.165333e+00 -7.869982e-02 
 2.165731e+00 -7.709807e-02 
 2.166129e+00 -7.565062e-02 
 2.166526e+00 -7.440387e-02 
 2.166924e+00 -7.343655e-02 
 2.167322e+00 -7.260499e-02 
 2.167720e+00 -7.182823e-02 
 2.168117e+00 -7.113126e-02 
 2.168515e+00 -7.034957e-02 
 2.168913e+00 -6.950855e-02 
 2.169310e+00 -6.870794e-02 
 2.169708e+00 -6.791767e-02 
 2.170106e+00 -6.720449e-02 
 2.170503e+00 -6.629227e-02 
 2.170901e+00 -6.517924e-02 
 2.171299e+00 -6.381028e-02 
 2.171697e+00 -6.219816e-02 
 2.172094e+00 -6.047571e-02 
 2.172492e+00 -5.871065e-02 
 2.172890e+00 -5.688670e-02 
 2.173287e+00 -5.498428e-02 
 2.173685e+00 -5.309055e-02 
 2.174083e+00 -5.127714e-02 
 2.174480e+00 -4.950548e-02 
 2.174878e+00 -4.779425e-02 
 2.175276e+00 -4.615479e-02 
 2.175673e+00 -4.460604e-02 
 2.176071e+00 -4.317534e-02 
 2.176469e+00 -4.185186e-02 
 2.176867e+00 -4.060011e-02 
 2.177264e+00 -3.932140e-02 
 2.177662e+00 -3.805219e-02 
 2.178060e+00 -3.678181e-02 
 2.178457e+00 -3.552057e-02 
 2.178855e+00 -3.417694e-02 
 2.179253e+00 -3.269769e-02 
 2.179650e+00 -3.103993e-02 
 2.180048e+00 -2.915694e-02 
 2.180446e+00 -2.710554e-02 
 2.180844e+00 -2.497300e-02 
 2.181241e+00 -2.282482e-02 
 2.181639e+00 -2.060538e-02 
 2.182037e+00 -1.847212e-02 
 2.182434e+00 -1.629958e-02 
 2.182832e+00 -1.416925e-02 
 2.183230e+00 -1.205619e-02 
 2.183627e+00 -1.001725e-02 
 2.184025e+00 -8.161798e-03 
 2.184423e+00 -6.345149e-03 
 2.184820e+00 -4.718848e-03 
 2.185218e+00 -3.192675e-03 
 2.185616e+00 -1.734834e-03 
 2.186014e+00 -2.222893e-04 
 2.186411e+00  1.342432e-03 
 2.186809e+00  2.903829e-03 
 2.187207e+00  4.558674e-03 
 2.187604e+00  6.267791e-03 
 2.188002e+00  7.972374e-03 
 2.188400e+00  9.720750e-03 
 2.188797e+00  1.158173e-02 
 2.189195e+00  1.355499e-02 
 2.189593e+00  1.559759e-02 
 2.189991e+00  1.773267e-02 
 2.190388e+00  1.985234e-02 
 2.190786e+00  2.194874e-02 
 2.191184e+00  2.397197e-02 
 2.191581e+00  2.593159e-02 
 2.191979e+00  2.775650e-02 
 2.192377e+00  2.941979e-02 
 2.192774e+00  3.078604e-02 
 2.193172e+00  3.213941e-02 
 2.193570e+00  3.333511e-02 
 2.193967e+00  3.450331e-02 
 2.194365e+00  3.570112e-02 
 2.194763e+00  3.683944e-02 
 2.195161e+00  3.796411e-02 
 2.195558e+00  3.913289e-02 
 2.195956e+00  4.022875e-02 
 2.196354e+00  4.127515e-02 
 2.196751e+00  4.234714e-02 
 2.197149e+00  4.345668e-02 
 2.197547e+00  4.463903e-02 
 2.197944e+00  4.592209e-02 
 2.198342e+00  4.720064e-02 
 2.198740e+00  4.836135e-02 
 2.199138e+00  4.936553e-02 
 2.199535e+00  5.018233e-02 
 2.199933e+00  5.094793e-02 
 2.200331e+00  5.158222e-02 
 2.200728e+00  5.208403e-02 
 2.201126e+00  5.242248e-02 
 2.201524e+00  5.265160e-02 
 2.201921e+00  5.271474e-02 
 2.202319e+00  5.270242e-02 
 2.202717e+00  5.263259e-02 
 2.203114e+00  5.257995e-02 
 2.203512e+00  5.249312e-02 
 2.203910e+00  5.251359e-02 
 2.204308e+00  5.263116e-02 
 2.204705e+00  5.285593e-02 
 2.205103e+00  5.312728e-02 
 2.205501e+00  5.343757e-02 
 2.205898e+00  5.390416e-02 
 2.206296e+00  5.439497e-02 
 2.206694e+00  5.484997e-02 
 2.207091e+00  5.533087e-02 
 2.207489e+00  5.582057e-02 
 2.207887e+00  5.618993e-02 
 2.208285e+00  5.659871e-02 
 2.208682e+00  5.704078e-02 
 2.209080e+00  5.734634e-02 
 2.209478e+00  5.755861e-02 
 2.209875e+00  5.763861e-02 
 2.210273e+00  5.748005e-02 
 2.210671e+00  5.711743e-02 
 2.211068e+00  5.669795e-02 
 2.211466e+00  5.609797e-02 
 2.211864e+00  5.540232e-02 
 2.212261e+00  5.466918e-02 
 2.212659e+00  5.391689e-02 
 2.213057e+00  5.325001e-02 
 2.213455e+00  5.270322e-02 
 2.213852e+00  5.237261e-02 
 2.214250e+00  5.220048e-02 
 2.214648e+00  5.209651e-02 
 2.215045e+00  5.205797e-02 
 2.215443e+00  5.207191e-02 
 2.215841e+00  5.208319e-02 
 2.216238e+00  5.207284e-02 
 2.216636e+00  5.214655e-02 
 2.217034e+00  5.214686e-02 
 2.217432e+00  5.198431e-02 
 2.217829e+00  5.157474e-02 
 2.218227e+00  5.088383e-02 
 2.218625e+00  4.992763e-02 
 2.219022e+00  4.872607e-02 
 2.219420e+00  4.741576e-02 
 2.219818e+00  4.597843e-02 
 2.220215e+00  4.448173e-02 
 2.220613e+00  4.298028e-02 
 2.221011e+00  4.142752e-02 
 2.221408e+00  3.984875e-02 
 2.221806e+00  3.826348e-02 
 2.222204e+00  3.677186e-02 
 2.222602e+00  3.544030e-02 
 2.222999e+00  3.434538e-02 
 2.223397e+00  3.337046e-02 
 2.223795e+00  3.244835e-02 
 2.224192e+00  3.148187e-02 
 2.224590e+00  3.041868e-02 
 2.224988e+00  2.931669e-02 
 2.225385e+00  2.810850e-02 
 2.225783e+00  2.678112e-02 
 2.226181e+00  2.529495e-02 
 2.226579e+00  2.363667e-02 
 2.226976e+00  2.183285e-02 
 2.227374e+00  1.981302e-02 
 2.227772e+00  1.760108e-02 
 2.228169e+00  1.521661e-02 
 2.228567e+00  1.266658e-02 
 2.228965e+00  1.005131e-02 
 2.229362e+00  7.352801e-03 
 2.229760e+00  4.699075e-03 
 2.230158e+00  2.030774e-03 
 2.230555e+00 -6.618695e-04 
 2.230953e+00 -3.182077e-03 
 2.231351e+00 -5.551465e-03 
 2.231749e+00 -7.767177e-03 
 2.232146e+00 -9.807635e-03 
 2.232544e+00 -1.165904e-02 
 2.232942e+00 -1.346772e-02 
 2.233339e+00 -1.524142e-02 
 2.233737e+00 -1.700926e-02 
 2.234135e+00 -1.873375e-02 
 2.234532e+00 -2.053133e-02 
 2.234930e+00 -2.234512e-02 
 2.235328e+00 -2.416890e-02 
 2.235726e+00 -2.606883e-02 
 2.236123e+00 -2.813696e-02 
 2.236521e+00 -3.031274e-02 
 2.236919e+00 -3.259479e-02 
 2.237316e+00 -3.493142e-02 
 2.237714e+00 -3.720615e-02 
 2.238112e+00 -3.949283e-02 
 2.238509e+00 -4.167814e-02 
 2.238907e+00 -4.378853e-02 
 2.239305e+00 -4.589472e-02 
 2.239702e+00 -4.786224e-02 
 2.240100e+00 -4.980646e-02 
 2.240498e+00 -5.159424e-02 
 2.240896e+00 -5.318757e-02 
 2.241293e+00 -5.456491e-02 
 2.241691e+00 -5.563515e-02 
 2.242089e+00 -5.658643e-02 
 2.242486e+00 -5.747049e-02 
 2.242884e+00 -5.842024e-02 
 2.243282e+00 -5.947021e-02 
 2.243679e+00 -6.067659e-02 
 2.244077e+00 -6.206975e-02 
 2.244475e+00 -6.361386e-02 
 2.244873e+00 -6.526734e-02 
 2.245270e+00 -6.694280e-02 
 2.245668e+00 -6.864556e-02 
 2.246066e+00 -7.039593e-02 
 2.246463e+00 -7.219044e-02 
 2.246861e+00 -7.397306e-02 
 2.247259e+00 -7.570180e-02 
 2.247656e+00 -7.733525e-02 
 2.248054e+00 -7.872467e-02 
 2.248452e+00 -7.998497e-02 
 2.248849e+00 -8.111628e-02 
 2.249247e+00 -8.196286e-02 
 2.249645e+00 -8.261109e-02 
 2.250043e+00 -8.311015e-02 
 2.250440e+00 -8.353359e-02 
 2.250838e+00 -8.383089e-02 
 2.251236e+00 -8.414416e-02 
 2.251633e+00 -8.435190e-02 
 2.252031e+00 -8.456476e-02 
 2.252429e+00 -8.486727e-02 
 2.252826e+00 -8.534501e-02 
 2.253224e+00 -8.592453e-02 
 2.253622e+00 -8.659660e-02 
 2.254020e+00 -8.730055e-02 
 2.254417e+00 -8.803620e-02 
 2.254815e+00 -8.887469e-02 
 2.255213e+00 -8.974520e-02 
 2.255610e+00 -9.061705e-02 
 2.256008e+00 -9.135460e-02 
 2.256406e+00 -9.195688e-02 
 2.256803e+00 -9.232038e-02 
 2.257201e+00 -9.259029e-02 
 2.257599e+00 -9.262157e-02 
 2.257996e+00 -9.253713e-02 
 2.258394e+00 -9.228720e-02 
 2.258792e+00 -9.192159e-02 
 2.259190e+00 -9.144721e-02 
 2.259587e+00 -9.091794e-02 
 2.259985e+00 -9.021921e-02 
 2.260383e+00 -8.944349e-02 
 2.260780e+00 -8.851666e-02 
 2.261178e+00 -8.764804e-02 
 2.261576e+00 -8.697194e-02 
 2.261973e+00 -8.641630e-02 
 2.262371e+00 -8.608729e-02 
 2.262769e+00 -8.578912e-02 
 2.263167e+00 -8.553455e-02 
 2.263564e+00 -8.525257e-02 
 2.263962e+00 -8.493007e-02 
 2.264360e+00 -8.458332e-02 
 2.264757e+00 -8.406087e-02 
 2.265155e+00 -8.342910e-02 
 2.265553e+00 -8.264232e-02 
 2.265950e+00 -8.163007e-02 
 2.266348e+00 -8.043948e-02 
 2.266746e+00 -7.900426e-02 
 2.267143e+00 -7.739202e-02 
 2.267541e+00 -7.564246e-02 
 2.267939e+00 -7.383283e-02 
 2.268337e+00 -7.192693e-02 
 2.268734e+00 -6.992214e-02 
 2.269132e+00 -6.786914e-02 
 2.269530e+00 -6.581145e-02 
 2.269927e+00 -6.391590e-02 
 2.270325e+00 -6.207248e-02 
 2.270723e+00 -6.037812e-02 
 2.271120e+00 -5.883434e-02 
 2.271518e+00 -5.736126e-02 
 2.271916e+00 -5.607943e-02 
 2.272314e+00 -5.493551e-02 
 2.272711e+00 -5.388956e-02 
 2.273109e+00 -5.291480e-02 
 2.273507e+00 -5.193379e-02 
 2.273904e+00 -5.097925e-02 
 2.274302e+00 -4.996917e-02 
 2.274700e+00 -4.883873e-02 
 2.275097e+00 -4.761394e-02 
 2.275495e+00 -4.621839e-02 
 2.275893e+00 -4.473191e-02 
 2.276290e+00 -4.316541e-02 
 2.276688e+00 -4.156072e-02 
 2.277086e+00 -3.990600e-02 
 2.277484e+00 -3.817854e-02 
 2.277881e+00 -3.644482e-02 
 2.278279e+00 -3.471557e-02 
 2.278677e+00 -3.305535e-02 
 2.279074e+00 -3.154656e-02 
 2.279472e+00 -3.012273e-02 
 2.279870e+00 -2.891201e-02 
 2.280267e+00 -2.781160e-02 
 2.280665e+00 -2.684228e-02 
 2.281063e+00 -2.588173e-02 
 2.281461e+00 -2.495361e-02 
 2.281858e+00 -2.400831e-02 
 2.282256e+00 -2.294368e-02 
 2.282654e+00 -2.178517e-02 
 2.283051e+00 -2.046140e-02 
 2.283449e+00 -1.894319e-02 
 2.283847e+00 -1.728712e-02 
 2.284244e+00 -1.552965e-02 
 2.284642e+00 -1.369695e-02 
 2.285040e+00 -1.171670e-02 
 2.285437e+00 -9.688120e-03 
 2.285835e+00 -7.621278e-03 
 2.286233e+00 -5.578347e-03 
 2.286631e+00 -3.636072e-03 
 2.287028e+00 -1.687081e-03 
 2.287426e+00  1.229101e-04 
 2.287824e+00  1.784624e-03 
 2.288221e+00  3.332629e-03 
 2.288619e+00  4.742428e-03 
 2.289017e+00  6.120395e-03 
 2.289414e+00  7.475750e-03 
 2.289812e+00  8.911054e-03 
 2.290210e+00  1.027542e-02 
 2.290608e+00  1.165152e-02 
 2.291005e+00  1.296767e-02 
 2.291403e+00  1.446433e-02 
 2.291801e+00  1.597149e-02 
 2.292198e+00  1.759734e-02 
 2.292596e+00  1.935125e-02 
 2.292994e+00  2.122678e-02 
 2.293391e+00  2.318261e-02 
 2.293789e+00  2.521977e-02 
 2.294187e+00  2.729850e-02 
 2.294584e+00  2.927332e-02 
 2.294982e+00  3.117348e-02 
 2.295380e+00  3.294285e-02 
 2.295778e+00  3.457612e-02 
 2.296175e+00  3.604812e-02 
 2.296573e+00  3.741148e-02 
 2.296971e+00  3.882830e-02 
 2.297368e+00  4.021575e-02 
 2.297766e+00  4.165114e-02 
 2.298164e+00  4.295760e-02 
 2.298561e+00  4.413996e-02 
 2.298959e+00  4.525884e-02 
 2.299357e+00  4.630861e-02 
 2.299755e+00  4.744516e-02 
 2.300152e+00  4.859501e-02 
 2.300550e+00  4.985798e-02 
 2.300948e+00  5.122933e-02 
 2.301345e+00  5.257909e-02 
 2.301743e+00  5.402401e-02 
 2.302141e+00  5.539410e-02 
 2.302538e+00  5.674716e-02 
 2.302936e+00  5.810123e-02 
 2.303334e+00  5.934150e-02 
 2.303731e+00  6.049510e-02 
 2.304129e+00  6.145832e-02 
 2.304527e+00  6.216197e-02 
 2.304925e+00  6.270154e-02 
 2.305322e+00  6.301662e-02 
 2.305720e+00  6.313989e-02 
 2.306118e+00  6.311247e-02 
 2.306515e+00  6.283712e-02 
 2.306913e+00  6.241961e-02 
 2.307311e+00  6.181600e-02 
 2.307708e+00  6.114045e-02 
 2.308106e+00  6.049568e-02 
 2.308504e+00  5.999121e-02 
 2.308902e+00  5.956997e-02 
 2.309299e+00  5.928681e-02 
 2.309697e+00  5.918114e-02 
 2.310095e+00  5.908866e-02 
 2.310492e+00  5.909191e-02 
 2.310890e+00  5.921086e-02 
 2.311288e+00  5.930059e-02 
 2.311685e+00  5.954681e-02 
 2.312083e+00  5.983982e-02 
 2.312481e+00  6.006156e-02 
 2.312878e+00  6.004310e-02 
 2.313276e+00  5.972851e-02 
 2.313674e+00  5.917413e-02 
 2.314072e+00  5.836156e-02 
 2.314469e+00  5.745758e-02 
 2.314867e+00  5.655403e-02 
 2.315265e+00  5.548979e-02 
 2.315662e+00  5.435876e-02 
 2.316060e+00  5.314775e-02 
 2.316458e+00  5.192269e-02 
 2.316855e+00  5.070597e-02 
 2.317253e+00  4.958659e-02 
 2.317651e+00  4.849966e-02 
 2.318049e+00  4.757346e-02 
 2.318446e+00  4.674452e-02 
 2.318844e+00  4.598197e-02 
 2.319242e+00  4.534526e-02 
 2.319639e+00  4.466690e-02 
 2.320037e+00  4.397404e-02 
 2.320435e+00  4.326681e-02 
 2.320832e+00  4.260778e-02 
 2.321230e+00  4.187448e-02 
 2.321628e+00  4.105278e-02 
 2.322025e+00  3.994039e-02 
 2.322423e+00  3.860530e-02 
 2.322821e+00  3.704204e-02 
 2.323219e+00  3.521167e-02 
 2.323616e+00  3.323018e-02 
 2.324014e+00  3.107464e-02 
 2.324412e+00  2.874925e-02 
 2.324809e+00  2.635435e-02 
 2.325207e+00  2.401073e-02 
 2.325605e+00  2.166279e-02 
 2.326002e+00  1.938277e-02 
 2.326400e+00  1.725549e-02 
 2.326798e+00  1.526989e-02 
 2.327196e+00  1.340133e-02 
 2.327593e+00  1.175161e-02 
 2.327991e+00  1.014273e-02 
 2.328389e+00  8.589800e-03 
 2.328786e+00  7.082065e-03 
 2.329184e+00  5.672299e-03 
 2.329582e+00  4.302488e-03 
 2.329979e+00  2.899682e-03 
 2.330377e+00  1.504957e-03 
 2.330775e+00  3.305290e-05 
 2.331172e+00 -1.673364e-03 
 2.331570e+00 -3.626142e-03 
 2.331968e+00 -5.777902e-03 
 2.332366e+00 -8.189506e-03 
 2.332763e+00 -1.069461e-02 
 2.333161e+00 -1.322490e-02 
 2.333559e+00 -1.570300e-02 
 2.333956e+00 -1.823626e-02 
 2.334354e+00 -2.079424e-02 
 2.334752e+00 -2.322272e-02 
 2.335149e+00 -2.562055e-02 
 2.335547e+00 -2.792446e-02 
 2.335945e+00 -3.006850e-02 
 2.336343e+00 -3.205057e-02 
 2.336740e+00 -3.386968e-02 
 2.337138e+00 -3.551352e-02 
 2.337536e+00 -3.706081e-02 
 2.337933e+00 -3.854698e-02 
 2.338331e+00 -4.004862e-02 
 2.338729e+00 -4.157661e-02 
 2.339126e+00 -4.315799e-02 
 2.339524e+00 -4.476806e-02 
 2.339922e+00 -4.650862e-02 
 2.340319e+00 -4.840402e-02 
 2.340717e+00 -5.030443e-02 
 2.341115e+00 -5.222243e-02 
 2.341513e+00 -5.415139e-02 
 2.341910e+00 -5.616609e-02 
 2.342308e+00 -5.819732e-02 
 2.342706e+00 -6.019150e-02 
 2.343103e+00 -6.204474e-02 
 2.343501e+00 -6.364112e-02 
 2.343899e+00 -6.502874e-02 
 2.344296e+00 -6.621102e-02 
 2.344694e+00 -6.720403e-02 
 2.345092e+00 -6.784843e-02 
 2.345490e+00 -6.830569e-02 
 2.345887e+00 -6.855653e-02 
 2.346285e+00 -6.870844e-02 
 2.346683e+00 -6.888586e-02 
 2.347080e+00 -6.910636e-02 
 2.347478e+00 -6.949001e-02 
 2.347876e+00 -6.987699e-02 
 2.348273e+00 -7.042132e-02 
 2.348671e+00 -7.102939e-02 
 2.349069e+00 -7.168881e-02 
 2.349466e+00 -7.239969e-02 
 2.349864e+00 -7.325946e-02 
 2.350262e+00 -7.413564e-02 
 2.350660e+00 -7.513457e-02 
 2.351057e+00 -7.622138e-02 
 2.351455e+00 -7.732972e-02 
 2.351853e+00 -7.828087e-02 
 2.352250e+00 -7.905171e-02 
 2.352648e+00 -7.971018e-02 
 2.353046e+00 -8.017050e-02 
 2.353443e+00 -8.058450e-02 
 2.353841e+00 -8.091401e-02 
 2.354239e+00 -8.111069e-02 
 2.354637e+00 -8.116212e-02 
 2.355034e+00 -8.114694e-02 
 2.355432e+00 -8.117516e-02 
 2.355830e+00 -8.120188e-02 
 2.356227e+00 -8.131360e-02 
 2.356625e+00 -8.150781e-02 
 2.357023e+00 -8.184033e-02 
 2.357420e+00 -8.222000e-02 
 2.357818e+00 -8.270073e-02 
 2.358216e+00 -8.319913e-02 
 2.358613e+00 -8.381142e-02 
 2.359011e+00 -8.442257e-02 
 2.359409e+00 -8.503957e-02 
 2.359807e+00 -8.567535e-02 
 2.360204e+00 -8.612585e-02 
 2.360602e+00 -8.644930e-02 
 2.361000e+00 -8.662222e-02 
 2.361397e+00 -8.660443e-02 
 2.361795e+00 -8.645102e-02 
 2.362193e+00 -8.612220e-02 
 2.362590e+00 -8.571374e-02 
 2.362988e+00 -8.510657e-02 
 2.363386e+00 -8.433893e-02 
 2.363784e+00 -8.350815e-02 
 2.364181e+00 -8.260950e-02 
 2.364579e+00 -8.166835e-02 
 2.364977e+00 -8.077545e-02 
 2.365374e+00 -8.008478e-02 
 2.365772e+00 -7.943298e-02 
 2.366170e+00 -7.884489e-02 
 2.366567e+00 -7.833987e-02 
 2.366965e+00 -7.786575e-02 
 2.367363e+00 -7.740856e-02 
 2.367760e+00 -7.709311e-02 
 2.368158e+00 -7.689258e-02 
 2.368556e+00 -7.670925e-02 
 2.368954e+00 -7.649392e-02 
 2.369351e+00 -7.619101e-02 
 2.369749e+00 -7.580978e-02 
 2.370147e+00 -7.518707e-02 
 2.370544e+00 -7.431841e-02 
 2.370942e+00 -7.325594e-02 
 2.371340e+00 -7.194891e-02 
 2.371737e+00 -7.049761e-02 
 2.372135e+00 -6.887273e-02 
 2.372533e+00 -6.708435e-02 
 2.372931e+00 -6.514190e-02 
 2.373328e+00 -6.315036e-02 
 2.373726e+00 -6.122315e-02 
 2.374124e+00 -5.932386e-02 
 2.374521e+00 -5.757728e-02 
 2.374919e+00 -5.595265e-02 
 2.375317e+00 -5.444589e-02 
 2.375714e+00 -5.306641e-02 
 2.376112e+00 -5.176932e-02 
 2.376510e+00 -5.050220e-02 
 2.376907e+00 -4.915321e-02 
 2.377305e+00 -4.775411e-02 
 2.377703e+00 -4.626176e-02 
 2.378101e+00 -4.462511e-02 
 2.378498e+00 -4.285989e-02 
 2.378896e+00 -4.101523e-02 
 2.379294e+00 -3.910546e-02 
 2.379691e+00 -3.716978e-02 
 2.380089e+00 -3.515379e-02 
 2.380487e+00 -3.315182e-02 
 2.380884e+00 -3.102668e-02 
 2.381282e+00 -2.882749e-02 
 2.381680e+00 -2.657543e-02 
 2.382078e+00 -2.438859e-02 
 2.382475e+00 -2.227013e-02 
 2.382873e+00 -2.024840e-02 
 2.383271e+00 -1.842010e-02 
 2.383668e+00 -1.682937e-02 
 2.384066e+00 -1.544397e-02 
 2.384464e+00 -1.412804e-02 
 2.384861e+00 -1.284755e-02 
 2.385259e+00 -1.159151e-02 
 2.385657e+00 -1.027168e-02 
 2.386054e+00 -8.893608e-03 
 2.386452e+00 -7.553322e-03 
 2.386850e+00 -6.141129e-03 
 2.387248e+00 -4.629854e-03 
 2.387645e+00 -3.061800e-03 
 2.388043e+00 -1.454617e-03 
 2.388441e+00  4.221693e-04 
 2.388838e+00  2.442147e-03 
 2.389236e+00  4.663082e-03 
 2.389634e+00  6.947225e-03 
 2.390031e+00  9.146226e-03 
 2.390429e+00  1.132568e-02 
 2.390827e+00  1.345788e-02 
 2.391225e+00  1.560716e-02 
 2.391622e+00  1.762894e-02 
 2.392020e+00  1.960594e-02 
 2.392418e+00  2.148202e-02 
 2.392815e+00  2.327212e-02 
 2.393213e+00  2.492269e-02 
 2.393611e+00  2.640962e-02 
 2.394008e+00  2.784663e-02 
 2.394406e+00  2.924250e-02 
 2.394804e+00  3.073146e-02 
 2.395201e+00  3.229938e-02 
 2.395599e+00  3.395652e-02 
 2.395997e+00  3.566117e-02 
 2.396395e+00  3.737537e-02 
 2.396792e+00  3.919430e-02 
 2.397190e+00  4.110175e-02 
 2.397588e+00  4.310152e-02 
 2.397985e+00  4.512549e-02 
 2.398383e+00  4.710928e-02 
 2.398781e+00  4.890439e-02 
 2.399178e+00  5.052141e-02 
 2.399576e+00  5.195722e-02 
 2.399974e+00  5.329154e-02 
 2.400372e+00  5.452202e-02 
 2.400769e+00  5.556715e-02 
 2.401167e+00  5.643894e-02 
 2.401565e+00  5.708829e-02 
 2.401962e+00  5.754586e-02 
 2.402360e+00  5.779412e-02 
 2.402758e+00  5.793557e-02 
 2.403155e+00  5.801888e-02 
 2.403553e+00  5.809208e-02 
 2.403951e+00  5.835109e-02 
 2.404348e+00  5.870409e-02 
 2.404746e+00  5.916634e-02 
 2.405144e+00  5.979138e-02 
 2.405542e+00  6.049243e-02 
 2.405939e+00  6.128732e-02 
 2.406337e+00  6.216777e-02 
 2.406735e+00  6.304631e-02 
 2.407132e+00  6.385158e-02 
 2.407530e+00  6.451608e-02 
 2.407928e+00  6.499547e-02 
 2.408325e+00  6.533681e-02 
 2.408723e+00  6.541100e-02 
 2.409121e+00  6.532301e-02 
 2.409519e+00  6.502191e-02 
 2.409916e+00  6.451750e-02 
 2.410314e+00  6.376817e-02 
 2.410712e+00  6.289386e-02 
 2.411109e+00  6.181781e-02 
 2.411507e+00  6.055278e-02 
 2.411905e+00  5.922939e-02 
 2.412302e+00  5.782405e-02 
 2.412700e+00  5.647570e-02 
 2.413098e+00  5.521340e-02 
 2.413495e+00  5.404785e-02 
 2.413893e+00  5.307718e-02 
 2.414291e+00  5.228236e-02 
 2.414689e+00  5.161852e-02 
 2.415086e+00  5.101609e-02 
 2.415484e+00  5.040232e-02 
 2.415882e+00  4.973614e-02 
 2.416279e+00  4.900271e-02 
 2.416677e+00  4.820357e-02 
 2.417075e+00  4.731299e-02 
 2.417472e+00  4.626063e-02 
 2.417870e+00  4.503998e-02 
 2.418268e+00  4.370046e-02 
 2.418666e+00  4.221963e-02 
 2.419063e+00  4.064710e-02 
 2.419461e+00  3.894380e-02 
 2.419859e+00  3.714435e-02 
 2.420256e+00  3.530791e-02 
 2.420654e+00  3.350015e-02 
 2.421052e+00  3.173280e-02 
 2.421449e+00  3.006603e-02 
 2.421847e+00  2.853497e-02 
 2.422245e+00  2.722881e-02 
 2.422642e+00  2.611712e-02 
 2.423040e+00  2.512619e-02 
 2.423438e+00  2.435662e-02 
 2.423836e+00  2.366644e-02 
 2.424233e+00  2.304709e-02 
 2.424631e+00  2.250445e-02 
 2.425029e+00  2.193848e-02 
 2.425426e+00  2.130979e-02 
 2.425824e+00  2.051207e-02 
 2.426222e+00  1.963418e-02 
 2.426619e+00  1.858330e-02 
 2.427017e+00  1.727759e-02 
 2.427415e+00  1.577720e-02 
 2.427812e+00  1.403641e-02 
 2.428210e+00  1.214626e-02 
 2.428608e+00  1.015198e-02 
 2.429006e+00  8.165544e-03 
 2.429403e+00  6.158609e-03 
 2.429801e+00  4.073265e-03 
 2.430199e+00  2.011841e-03 
 2.430596e+00 -2.607573e-05 
 2.430994e+00 -2.025094e-03 
 2.431392e+00 -3.974355e-03 
 2.431789e+00 -5.814267e-03 
 2.432187e+00 -7.494490e-03 
 2.432585e+00 -8.992852e-03 
 2.432983e+00 -1.027338e-02 
 2.433380e+00 -1.140927e-02 
 2.433778e+00 -1.251590e-02 
 2.434176e+00 -1.367766e-02 
 2.434573e+00 -1.484228e-02 
 2.434971e+00 -1.618586e-02 
 2.435369e+00 -1.771314e-02 
 2.435766e+00 -1.947311e-02 
 2.436164e+00 -2.140798e-02 
 2.436562e+00 -2.345689e-02 
 2.436959e+00 -2.554584e-02 
 2.437357e+00 -2.764805e-02 
 2.437755e+00 -2.981472e-02 
 2.438153e+00 -3.197475e-02 
 2.438550e+00 -3.409929e-02 
 2.438948e+00 -3.609258e-02 
 2.439346e+00 -3.802699e-02 
 2.439743e+00 -3.985590e-02 
 2.440141e+00 -4.147840e-02 
 2.440539e+00 -4.282663e-02 
 2.440936e+00 -4.398030e-02 
 2.441334e+00 -4.498011e-02 
 2.441732e+00 -4.590519e-02 
 2.442130e+00 -4.692926e-02 
 2.442527e+00 -4.807794e-02 
 2.442925e+00 -4.930488e-02 
 2.443323e+00 -5.056627e-02 
 2.443720e+00 -5.191305e-02 
 2.444118e+00 -5.337389e-02 
 2.444516e+00 -5.496224e-02 
 2.444913e+00 -5.671935e-02 
 2.445311e+00 -5.862452e-02 
 2.445709e+00 -6.053127e-02 
 2.446106e+00 -6.241383e-02 
 2.446504e+00 -6.425127e-02 
 2.446902e+00 -6.606281e-02 
 2.447300e+00 -6.770328e-02 
 2.447697e+00 -6.922319e-02 
 2.448095e+00 -7.061047e-02 
 2.448493e+00 -7.185319e-02 
 2.448890e+00 -7.289237e-02 
 2.449288e+00 -7.373561e-02 
 2.449686e+00 -7.436828e-02 
 2.450083e+00 -7.476869e-02 
 2.450481e+00 -7.512829e-02 
 2.450879e+00 -7.547208e-02 
 2.451277e+00 -7.581798e-02 
 2.451674e+00 -7.609722e-02 
 2.452072e+00 -7.640205e-02 
 2.452470e+00 -7.666527e-02 
 2.452867e+00 -7.701323e-02 
 2.453265e+00 -7.748959e-02 
 2.453663e+00 -7.816058e-02 
 2.454060e+00 -7.896915e-02 
 2.454458e+00 -7.984298e-02 
 2.454856e+00 -8.070189e-02 
 2.455253e+00 -8.149246e-02 
 2.455651e+00 -8.216081e-02 
 2.456049e+00 -8.276828e-02 
 2.456447e+00 -8.331027e-02 
 2.456844e+00 -8.375212e-02 
 2.457242e+00 -8.409018e-02 
 2.457640e+00 -8.428976e-02 
 2.458037e+00 -8.431375e-02 
 2.458435e+00 -8.419638e-02 
 2.458833e+00 -8.400996e-02 
 2.459230e+00 -8.381699e-02 
 2.459628e+00 -8.368656e-02 
 2.460026e+00 -8.359086e-02 
 2.460424e+00 -8.353527e-02 
 2.460821e+00 -8.348313e-02 
 2.461219e+00 -8.349008e-02 
 2.461617e+00 -8.357013e-02 
 2.462014e+00 -8.373357e-02 
 2.462412e+00 -8.399800e-02 
 2.462810e+00 -8.443079e-02 
 2.463207e+00 -8.501673e-02 
 2.463605e+00 -8.565212e-02 
 2.464003e+00 -8.630039e-02 
 2.464400e+00 -8.683231e-02 
 2.464798e+00 -8.714096e-02 
 2.465196e+00 -8.723368e-02 
 2.465594e+00 -8.701520e-02 
 2.465991e+00 -8.658521e-02 
 2.466389e+00 -8.585909e-02 
 2.466787e+00 -8.488450e-02 
 2.467184e+00 -8.371672e-02 
 2.467582e+00 -8.245117e-02 
 2.467980e+00 -8.107716e-02 
 2.468377e+00 -7.960662e-02 
 2.468775e+00 -7.814230e-02 
 2.469173e+00 -7.669552e-02 
 2.469571e+00 -7.521426e-02 
 2.469968e+00 -7.378443e-02 
 2.470366e+00 -7.240707e-02 
 2.470764e+00 -7.114480e-02 
 2.471161e+00 -6.998806e-02 
 2.471559e+00 -6.894879e-02 
 2.471957e+00 -6.793361e-02 
 2.472354e+00 -6.691190e-02 
 2.472752e+00 -6.582977e-02 
 2.473150e+00 -6.463133e-02 
 2.473547e+00 -6.342627e-02 
 2.473945e+00 -6.208902e-02 
 2.474343e+00 -6.057863e-02 
 2.474741e+00 -5.891659e-02 
 2.475138e+00 -5.711374e-02 
 2.475536e+00 -5.516664e-02 
 2.475934e+00 -5.318654e-02 
 2.476331e+00 -5.109844e-02 
 2.476729e+00 -4.897347e-02 
 2.477127e+00 -4.677929e-02 
 2.477524e+00 -4.458862e-02 
 2.477922e+00 -4.238541e-02 
 2.478320e+00 -4.027679e-02 
 2.478718e+00 -3.822752e-02 
 2.479115e+00 -3.630792e-02 
 2.479513e+00 -3.454259e-02 
 2.479911e+00 -3.288763e-02 
 2.480308e+00 -3.123026e-02 
 2.480706e+00 -2.957287e-02 
 2.481104e+00 -2.784121e-02 
 2.481501e+00 -2.606442e-02 
 2.481899e+00 -2.421557e-02 
 2.482297e+00 -2.235487e-02 
 2.482694e+00 -2.039023e-02 
 2.483092e+00 -1.839167e-02 
 2.483490e+00 -1.631276e-02 
 2.483888e+00 -1.400642e-02 
 2.484285e+00 -1.151330e-02 
 2.484683e+00 -8.881975e-03 
 2.485081e+00 -6.168111e-03 
 2.485478e+00 -3.501422e-03 
 2.485876e+00 -9.231935e-04 
 2.486274e+00  1.568752e-03 
 2.486671e+00  3.944669e-03 
 2.487069e+00  6.186961e-03 
 2.487467e+00  8.098891e-03 
 2.487865e+00  9.825803e-03 
 2.488262e+00  1.132448e-02 
 2.488660e+00  1.275469e-02 
 2.489058e+00  1.410765e-02 
 2.489455e+00  1.536082e-02 
 2.489853e+00  1.658979e-02 
 2.490251e+00  1.772466e-02 
 2.490648e+00  1.879924e-02 
 2.491046e+00  1.987520e-02 
 2.491444e+00  2.097756e-02 
 2.491841e+00  2.210891e-02 
 2.492239e+00  2.335071e-02 
 2.492637e+00  2.467853e-02 
 2.493035e+00  2.617164e-02 
 2.493432e+00  2.771502e-02 
 2.493830e+00  2.929336e-02 
 2.494228e+00  3.076791e-02 
 2.494625e+00  3.218878e-02 
 2.495023e+00  3.357142e-02 
 2.495421e+00  3.487127e-02 
 2.495818e+00  3.610432e-02 
 2.496216e+00  3.710955e-02 
 2.496614e+00  3.799737e-02 
 2.497012e+00  3.870703e-02 
 2.497409e+00  3.931890e-02 
 2.497807e+00  3.990959e-02 
 2.498205e+00  4.043090e-02 
 2.498602e+00  4.095918e-02 
 2.499000e+00  4.149796e-02 
 2.499398e+00  4.219319e-02 
 2.499795e+00  4.301338e-02 
 2.500193e+00  4.386781e-02 
 2.500591e+00  4.488979e-02 
 2.500988e+00  4.608696e-02 
 2.501386e+00  4.746316e-02 
 2.501784e+00  4.894372e-02 
 2.502182e+00  5.050309e-02 
 2.502579e+00  5.209940e-02 
 2.502977e+00  5.352932e-02 
 2.503375e+00  5.492817e-02 
 2.503772e+00  5.614243e-02 
 2.504170e+00  5.709979e-02 
 2.504568e+00  5.780577e-02 
 2.504965e+00  5.819063e-02 
 2.505363e+00  5.831413e-02 
 2.505761e+00  5.816365e-02 
 2.506159e+00  5.786770e-02 
 2.506556e+00  5.748010e-02 
 2.506954e+00  5.691414e-02 
 2.507352e+00  5.633125e-02 
 2.507749e+00  5.580571e-02 
 2.508147e+00  5.535797e-02 
 2.508545e+00  5.500147e-02 
 2.508942e+00  5.483063e-02 
 2.509340e+00  5.481775e-02 
 2.509738e+00  5.482639e-02 
 2.510135e+00  5.497735e-02 
 2.510533e+00  5.528066e-02 
 2.510931e+00  5.559021e-02 
 2.511329e+00  5.591028e-02 
 2.511726e+00  5.615842e-02 
 2.512124e+00  5.640575e-02 
 2.512522e+00  5.645270e-02 
 2.512919e+00  5.639166e-02 
 2.513317e+00  5.621280e-02 
 2.513715e+00  5.585147e-02 
 2.514112e+00  5.526314e-02 
 2.514510e+00  5.452548e-02 
 2.514908e+00  5.353251e-02 
 2.515306e+00  5.236535e-02 
 2.515703e+00  5.103175e-02 
 2.516101e+00  4.967773e-02 
 2.516499e+00  4.836019e-02 
 2.516896e+00  4.714620e-02 
 2.517294e+00  4.609274e-02 
 2.517692e+00  4.522666e-02 
 2.518089e+00  4.455972e-02 
 2.518487e+00  4.395994e-02 
 2.518885e+00  4.339117e-02 
 2.519282e+00  4.279042e-02 
 2.519680e+00  4.213257e-02 
 2.520078e+00  4.151813e-02 
 2.520476e+00  4.083025e-02 
 2.520873e+00  4.012092e-02 
 2.521271e+00  3.934954e-02 
 2.521669e+00  3.841197e-02 
 2.522066e+00  3.729311e-02 
 2.522464e+00  3.600371e-02 
 2.522862e+00  3.441469e-02 
 2.523259e+00  3.251913e-02 
 2.523657e+00  3.043799e-02 
 2.524055e+00  2.823484e-02 
 2.524453e+00  2.599461e-02 
 2.524850e+00  2.380060e-02 
 2.525248e+00  2.157116e-02 
 2.525646e+00  1.935973e-02 
 2.526043e+00  1.728548e-02 
 2.526441e+00  1.540112e-02 
 2.526839e+00  1.378364e-02 
 2.527236e+00  1.235933e-02 
 2.527634e+00  1.117334e-02 
 2.528032e+00  1.011325e-02 
 2.528429e+00  9.184986e-03 
 2.528827e+00  8.374174e-03 
 2.529225e+00  7.599718e-03 
 2.529623e+00  6.832883e-03 
 2.530020e+00  6.072376e-03 
 2.530418e+00  5.258750e-03 
 2.530816e+00  4.299731e-03 
 2.531213e+00  3.115055e-03 
 2.531611e+00  1.672315e-03 
 2.532009e+00  5.652141e-05 
 2.532406e+00 -1.670461e-03 
 2.532804e+00 -3.452568e-03 
 2.533202e+00 -5.246902e-03 
 2.533600e+00 -7.116404e-03 
 2.533997e+00 -9.085706e-03 
 2.534395e+00 -1.101790e-02 
 2.534793e+00 -1.289878e-02 
 2.535190e+00 -1.465774e-02 
 2.535588e+00 -1.623243e-02 
 2.535986e+00 -1.760543e-02 
 2.536383e+00 -1.892310e-02 
 2.536781e+00 -2.017518e-02 
 2.537179e+00 -2.143295e-02 
 2.537576e+00 -2.275086e-02 
 2.537974e+00 -2.416200e-02 
 2.538372e+00 -2.571018e-02 
 2.538770e+00 -2.737811e-02 
 2.539167e+00 -2.909517e-02 
 2.539565e+00 -3.099310e-02 
 2.539963e+00 -3.301933e-02 
 2.540360e+00 -3.514558e-02 
 2.540758e+00 -3.737344e-02 
 2.541156e+00 -3.959060e-02 
 2.541553e+00 -4.188749e-02 
 2.541951e+00 -4.414460e-02 
 2.542349e+00 -4.651470e-02 
 2.542747e+00 -4.887604e-02 
 2.543144e+00 -5.117076e-02 
 2.543542e+00 -5.335787e-02 
 2.543940e+00 -5.534643e-02 
 2.544337e+00 -5.717138e-02 
 2.544735e+00 -5.871534e-02 
 2.545133e+00 -6.006145e-02 
 2.545530e+00 -6.127286e-02 
 2.545928e+00 -6.229893e-02 
 2.546326e+00 -6.325351e-02 
 2.546723e+00 -6.423051e-02 
 2.547121e+00 -6.522816e-02 
 2.547519e+00 -6.629690e-02 
 2.547917e+00 -6.751466e-02 
 2.548314e+00 -6.883699e-02 
 2.548712e+00 -7.026246e-02 
 2.549110e+00 -7.173242e-02 
 2.549507e+00 -7.324551e-02 
 2.549905e+00 -7.488352e-02 
 2.550303e+00 -7.644365e-02 
 2.550700e+00 -7.807941e-02 
 2.551098e+00 -7.966428e-02 
 2.551496e+00 -8.120486e-02 
 2.551894e+00 -8.261891e-02 
 2.552291e+00 -8.398472e-02 
 2.552689e+00 -8.515626e-02 
 2.553087e+00 -8.617342e-02 
 2.553484e+00 -8.695581e-02 
 2.553882e+00 -8.762825e-02 
 2.554280e+00 -8.805624e-02 
 2.554677e+00 -8.835129e-02 
 2.555075e+00 -8.859113e-02 
 2.555473e+00 -8.867214e-02 
 2.555870e+00 -8.882399e-02 
 2.556268e+00 -8.900519e-02 
 2.556666e+00 -8.925696e-02 
 2.557064e+00 -8.963775e-02 
 2.557461e+00 -9.008136e-02 
 2.557859e+00 -9.051947e-02 
 2.558257e+00 -9.100868e-02 
 2.558654e+00 -9.139505e-02 
 2.559052e+00 -9.183470e-02 
 2.559450e+00 -9.218790e-02 
 2.559847e+00 -9.245153e-02 
 2.560245e+00 -9.253903e-02 
 2.560643e+00 -9.242511e-02 
 2.561041e+00 -9.210766e-02 
 2.561438e+00 -9.153000e-02 
 2.561836e+00 -9.074249e-02 
 2.562234e+00 -8.978197e-02 
 2.562631e+00 -8.863809e-02 
 2.563029e+00 -8.734984e-02 
 2.563427e+00 -8.603533e-02 
 2.563824e+00 -8.465397e-02 
 2.564222e+00 -8.326381e-02 
 2.564620e+00 -8.185478e-02 
 2.565017e+00 -8.061594e-02 
 2.565415e+00 -7.948354e-02 
 2.565813e+00 -7.848596e-02 
 2.566211e+00 -7.771658e-02 
 2.566608e+00 -7.711874e-02 
 2.567006e+00 -7.672446e-02 
 2.567404e+00 -7.638690e-02 
 2.567801e+00 -7.619626e-02 
 2.568199e+00 -7.597616e-02 
 2.568597e+00 -7.566147e-02 
 2.568994e+00 -7.522546e-02 
 2.569392e+00 -7.457859e-02 
 2.569790e+00 -7.374959e-02 
 2.570188e+00 -7.271274e-02 
 2.570585e+00 -7.159311e-02 
 2.570983e+00 -7.038977e-02 
 2.571381e+00 -6.918717e-02 
 2.571778e+00 -6.788873e-02 
 2.572176e+00 -6.642595e-02 
 2.572574e+00 -6.486546e-02 
 2.572971e+00 -6.321666e-02 
 2.573369e+00 -6.158747e-02 
 2.573767e+00 -5.997976e-02 
 2.574164e+00 -5.848462e-02 
 2.574562e+00 -5.713014e-02 
 2.574960e+00 -5.595350e-02 
 2.575358e+00 -5.479572e-02 
 2.575755e+00 -5.367533e-02 
 2.576153e+00 -5.257000e-02 
 2.576551e+00 -5.131409e-02 
 2.576948e+00 -5.010443e-02 
 2.577346e+00 -4.882595e-02 
 2.577744e+00 -4.746317e-02 
 2.578141e+00 -4.586975e-02 
 2.578539e+00 -4.407307e-02 
 2.578937e+00 -4.212477e-02 
 2.579335e+00 -4.004995e-02 
 2.579732e+00 -3.791339e-02 
 2.580130e+00 -3.564089e-02 
 2.580528e+00 -3.329379e-02 
 2.580925e+00 -3.093492e-02 
 2.581323e+00 -2.855867e-02 
 2.581721e+00 -2.622690e-02 
 2.582118e+00 -2.395381e-02 
 2.582516e+00 -2.186324e-02 
 2.582914e+00 -1.987482e-02 
 2.583311e+00 -1.815169e-02 
 2.583709e+00 -1.657887e-02 
 2.584107e+00 -1.513295e-02 
 2.584505e+00 -1.368289e-02 
 2.584902e+00 -1.222215e-02 
 2.585300e+00 -1.087723e-02 
 2.585698e+00 -9.563827e-03 
 2.586095e+00 -8.297578e-03 
 2.586493e+00 -6.892735e-03 
 2.586891e+00 -5.314422e-03 
 2.587288e+00 -3.559011e-03 
 2.587686e+00 -1.683745e-03 
 2.588084e+00  3.475672e-04 
 2.588482e+00  2.414275e-03 
 2.588879e+00  4.703217e-03 
 2.589277e+00  7.008458e-03 
 2.589675e+00  9.298685e-03 
 2.590072e+00  1.155047e-02 
 2.590470e+00  1.363679e-02 
 2.590868e+00  1.574776e-02 
 2.591265e+00  1.774101e-02 
 2.591663e+00  1.958838e-02 
 2.592061e+00  2.124448e-02 
 2.592458e+00  2.270750e-02 
 2.592856e+00  2.397575e-02 
 2.593254e+00  2.512198e-02 
 2.593652e+00  2.615010e-02 
 2.594049e+00  2.717747e-02 
 2.594447e+00  2.812520e-02 
 2.594845e+00  2.912424e-02 
 2.595242e+00  3.012715e-02 
 2.595640e+00  3.131336e-02 
 2.596038e+00  3.261360e-02 
 2.596435e+00  3.405106e-02 
 2.596833e+00  3.564661e-02 
 2.597231e+00  3.727663e-02 
 2.597629e+00  3.897025e-02 
 2.598026e+00  4.058746e-02 
 2.598424e+00  4.206529e-02 
 2.598822e+00  4.339877e-02 
 2.599219e+00  4.449047e-02 
 2.599617e+00  4.535417e-02 
 2.600015e+00  4.602939e-02 
 2.600412e+00  4.651393e-02 
 2.600810e+00  4.679411e-02 
 2.601208e+00  4.687710e-02 
 2.601605e+00  4.687181e-02 
 2.602003e+00  4.678681e-02 
 2.602401e+00  4.668457e-02 
 2.602799e+00  4.655756e-02 
 2.603196e+00  4.646665e-02 
 2.603594e+00  4.645226e-02 
 2.603992e+00  4.650274e-02 
 2.604389e+00  4.675119e-02 
 2.604787e+00  4.720404e-02 
 2.605185e+00  4.783479e-02 
 2.605582e+00  4.874083e-02 
 2.605980e+00  4.973807e-02 
 2.606378e+00  5.090434e-02 
 2.606776e+00  5.211483e-02 
 2.607173e+00  5.327811e-02 
 2.607571e+00  5.436826e-02 
 2.607969e+00  5.534826e-02 
 2.608366e+00  5.621250e-02 
 2.608764e+00  5.687382e-02 
 2.609162e+00  5.735758e-02 
 2.609559e+00  5.758503e-02 
 2.609957e+00  5.768384e-02 
 2.610355e+00  5.757117e-02 
 2.610752e+00  5.724400e-02 
 2.611150e+00  5.680058e-02 
 2.611548e+00  5.627965e-02 
 2.611946e+00  5.572258e-02 
 2.612343e+00  5.515729e-02 
 2.612741e+00  5.467691e-02 
 2.613139e+00  5.432123e-02 
 2.613536e+00  5.406176e-02 
 2.613934e+00  5.394643e-02 
 2.614332e+00  5.404029e-02 
 2.614729e+00  5.407246e-02 
 2.615127e+00  5.415581e-02 
 2.615525e+00  5.429838e-02 
 2.615923e+00  5.444880e-02 
 2.616320e+00  5.454460e-02 
 2.616718e+00  5.441110e-02 
 2.617116e+00  5.407244e-02 
 2.617513e+00  5.341362e-02 
 2.617911e+00  5.261567e-02 
 2.618309e+00  5.161073e-02 
 2.618706e+00  5.038215e-02 
 2.619104e+00  4.894355e-02 
 2.619502e+00  4.725095e-02 
 2.619899e+00  4.545336e-02 
 2.620297e+00  4.364936e-02 
 2.620695e+00  4.186002e-02 
 2.621093e+00  4.011202e-02 
 2.621490e+00  3.851554e-02 
 2.621888e+00  3.710317e-02 
 2.622286e+00  3.577255e-02 
 2.622683e+00  3.455013e-02 
 2.623081e+00  3.343498e-02 
 2.623479e+00  3.239540e-02 
 2.623876e+00  3.144349e-02 
 2.624274e+00  3.068913e-02 
 2.624672e+00  3.007764e-02 
 2.625070e+00  2.940474e-02 
 2.625467e+00  2.860169e-02 
 2.625865e+00  2.758126e-02 
 2.626263e+00  2.618843e-02 
 2.626660e+00  2.450032e-02 
 2.627058e+00  2.257839e-02 
 2.627456e+00  2.048599e-02 
 2.627853e+00  1.827107e-02 
 2.628251e+00  1.597804e-02 
 2.628649e+00  1.363703e-02 
 2.629046e+00  1.114789e-02 
 2.629444e+00  8.634552e-03 
 2.629842e+00  6.191101e-03 
 2.630240e+00  3.845135e-03 
 2.630637e+00  1.718690e-03 
 2.631035e+00 -3.351348e-04 
 2.631433e+00 -2.277826e-03 
 2.631830e+00 -4.085125e-03 
 2.632228e+00 -5.776083e-03 
 2.632626e+00 -7.360472e-03 
 2.633023e+00 -8.731769e-03 
 2.633421e+00 -1.010945e-02 
 2.633819e+00 -1.147329e-02 
 2.634217e+00 -1.278049e-02 
 2.634614e+00 -1.419370e-02 
 2.635012e+00 -1.568274e-02 
 2.635410e+00 -1.735419e-02 
 2.635807e+00 -1.917929e-02 
 2.636205e+00 -2.105862e-02 
 2.636603e+00 -2.297393e-02 
 2.637000e+00 -2.493334e-02 
 2.637398e+00 -2.686151e-02 
 2.637796e+00 -2.883868e-02 
 2.638193e+00 -3.068834e-02 
 2.638591e+00 -3.247146e-02 
 2.638989e+00 -3.406801e-02 
 2.639387e+00 -3.558039e-02 
 2.639784e+00 -3.691029e-02 
 2.640182e+00 -3.807936e-02 
 2.640580e+00 -3.918463e-02 
 2.640977e+00 -4.018574e-02 
 2.641375e+00 -4.122185e-02 
 2.641773e+00 -4.226117e-02 
 2.642170e+00 -4.331611e-02 
 2.642568e+00 -4.437196e-02 
 2.642966e+00 -4.539230e-02 
 2.643364e+00 -4.648716e-02 
 2.643761e+00 -4.774006e-02 
 2.644159e+00 -4.908941e-02 
 2.644557e+00 -5.071267e-02 
 2.644954e+00 -5.251001e-02 
 2.645352e+00 -5.445905e-02 
 2.645750e+00 -5.647330e-02 
 2.646147e+00 -5.848696e-02 
 2.646545e+00 -6.048016e-02 
 2.646943e+00 -6.235313e-02 
 2.647340e+00 -6.410485e-02 
 2.647738e+00 -6.577507e-02 
 2.648136e+00 -6.726327e-02 
 2.648534e+00 -6.862427e-02 
 2.648931e+00 -6.980468e-02 
 2.649329e+00 -7.081320e-02 
 2.649727e+00 -7.159547e-02 
 2.650124e+00 -7.229289e-02 
 2.650522e+00 -7.301055e-02 
 2.650920e+00 -7.381081e-02 
 2.651317e+00 -7.461540e-02 
 2.651715e+00 -7.546880e-02 
 2.652113e+00 -7.623830e-02 
 2.652511e+00 -7.697587e-02 
 2.652908e+00 -7.769117e-02 
 2.653306e+00 -7.852575e-02 
 2.653704e+00 -7.944634e-02 
 2.654101e+00 -8.039765e-02 
 2.654499e+00 -8.137187e-02 
 2.654897e+00 -8.249199e-02 
 2.655294e+00 -8.355173e-02 
 2.655692e+00 -8.450117e-02 
 2.656090e+00 -8.530114e-02 
 2.656487e+00 -8.585530e-02 
 2.656885e+00 -8.618956e-02 
 2.657283e+00 -8.632345e-02 
 2.657681e+00 -8.621216e-02 
 2.658078e+00 -8.593104e-02 
 2.658476e+00 -8.542721e-02 
 2.658874e+00 -8.483006e-02 
 2.659271e+00 -8.424983e-02 
 2.659669e+00 -8.371527e-02 
 2.660067e+00 -8.334490e-02 
 2.660464e+00 -8.308140e-02 
 2.660862e+00 -8.299106e-02 
 2.661260e+00 -8.293461e-02 
 2.661658e+00 -8.293874e-02 
 2.662055e+00 -8.304896e-02 
 2.662453e+00 -8.322103e-02 
 2.662851e+00 -8.348280e-02 
 2.663248e+00 -8.375978e-02 
 2.663646e+00 -8.395999e-02 
 2.664044e+00 -8.393749e-02 
 2.664441e+00 -8.382497e-02 
 2.664839e+00 -8.361402e-02 
 2.665237e+00 -8.307434e-02 
 2.665634e+00 -8.234772e-02 
 2.666032e+00 -8.141992e-02 
 2.666430e+00 -8.030756e-02 
 2.666828e+00 -7.902646e-02 
 2.667225e+00 -7.762244e-02 
 2.667623e+00 -7.614038e-02 
 2.668021e+00 -7.451639e-02 
 2.668418e+00 -7.288701e-02 
 2.668816e+00 -7.145341e-02 
 2.669214e+00 -7.002305e-02 
 2.669611e+00 -6.878108e-02 
 2.670009e+00 -6.755607e-02 
 2.670407e+00 -6.649475e-02 
 2.670805e+00 -6.558362e-02 
 2.671202e+00 -6.474668e-02 
 2.671600e+00 -6.403531e-02 
 2.671998e+00 -6.327121e-02 
 2.672395e+00 -6.251190e-02 
 2.672793e+00 -6.169392e-02 
 2.673191e+00 -6.080695e-02 
 2.673588e+00 -5.989879e-02 
 2.673986e+00 -5.889749e-02 
 2.674384e+00 -5.776073e-02 
 2.674781e+00 -5.657517e-02 
 2.675179e+00 -5.525414e-02 
 2.675577e+00 -5.376956e-02 
 2.675975e+00 -5.214057e-02 
 2.676372e+00 -5.026950e-02 
 2.676770e+00 -4.840582e-02 
 2.677168e+00 -4.660908e-02 
 2.677565e+00 -4.497508e-02 
 2.677963e+00 -4.347561e-02 
 2.678361e+00 -4.208191e-02 
 2.678758e+00 -4.089072e-02 
 2.679156e+00 -3.977087e-02 
 2.679554e+00 -3.880618e-02 
 2.679952e+00 -3.789312e-02 
 2.680349e+00 -3.698073e-02 
 2.680747e+00 -3.599913e-02 
 2.681145e+00 -3.499273e-02 
 2.681542e+00 -3.391202e-02 
 2.681940e+00 -3.264537e-02 
 2.682338e+00 -3.114982e-02 
 2.682735e+00 -2.941305e-02 
 2.683133e+00 -2.756121e-02 
 2.683531e+00 -2.554310e-02 
 2.683928e+00 -2.333274e-02 
 2.684326e+00 -2.094279e-02 
 2.684724e+00 -1.844458e-02 
 2.685122e+00 -1.584799e-02 
 2.685519e+00 -1.316911e-02 
 2.685917e+00 -1.058907e-02 
 2.686315e+00 -8.079685e-03 
 2.686712e+00 -5.725648e-03 
 2.687110e+00 -3.574818e-03 
 2.687508e+00 -1.676360e-03 
 2.687905e+00  1.072525e-04 
 2.688303e+00  1.710439e-03 
 2.688701e+00  3.133992e-03 
 2.689099e+00  4.511045e-03 
 2.689496e+00  5.800946e-03 
 2.689894e+00  7.061494e-03 
 2.690292e+00  8.452283e-03 
 2.690689e+00  9.993135e-03 
 2.691087e+00  1.163522e-02 
 2.691485e+00  1.346762e-02 
 2.691882e+00  1.546607e-02 
 2.692280e+00  1.759165e-02 
 2.692678e+00  1.971895e-02 
 2.693075e+00  2.182886e-02 
 2.693473e+00  2.392421e-02 
 2.693871e+00  2.586828e-02 
 2.694269e+00  2.780106e-02 
 2.694666e+00  2.966355e-02 
 2.695064e+00  3.142035e-02 
 2.695462e+00  3.304869e-02 
 2.695859e+00  3.446312e-02 
 2.696257e+00  3.563334e-02 
 2.696655e+00  3.664627e-02 
 2.697052e+00  3.749786e-02 
 2.697450e+00  3.823554e-02 
 2.697848e+00  3.894868e-02 
 2.698246e+00  3.971145e-02 
 2.698643e+00  4.044304e-02 
 2.699041e+00  4.116697e-02 
 2.699439e+00  4.200206e-02 
 2.699836e+00  4.289766e-02 
 2.700234e+00  4.391305e-02 
 2.700632e+00  4.508052e-02 
 2.701029e+00  4.644115e-02 
 2.701427e+00  4.790198e-02 
 2.701825e+00  4.942952e-02 
 2.702222e+00  5.094730e-02 
 2.702620e+00  5.233552e-02 
 2.703018e+00  5.357467e-02 
 2.703416e+00  5.460067e-02 
 2.703813e+00  5.553882e-02 
 2.704211e+00  5.624004e-02 
 2.704609e+00  5.672445e-02 
 2.705006e+00  5.694122e-02 
 2.705404e+00  5.694367e-02 
 2.705802e+00  5.668124e-02 
 2.706199e+00  5.620020e-02 
 2.706597e+00  5.552614e-02 
 2.706995e+00  5.472518e-02 
 2.707393e+00  5.397498e-02 
 2.707790e+00  5.335141e-02 
 2.708188e+00  5.280844e-02 
 2.708586e+00  5.239138e-02 
 2.708983e+00  5.209999e-02 
 2.709381e+00  5.198824e-02 
 2.709779e+00  5.204519e-02 
 2.710176e+00  5.224138e-02 
 2.710574e+00  5.260278e-02 
 2.710972e+00  5.292032e-02 
 2.711369e+00  5.328478e-02 
 2.711767e+00  5.356605e-02 
 2.712165e+00  5.377387e-02 
 2.712563e+00  5.381861e-02 
 2.712960e+00  5.377605e-02 
 2.713358e+00  5.365800e-02 
 2.713756e+00  5.339102e-02 
 2.714153e+00  5.290525e-02 
 2.714551e+00  5.212813e-02 
 2.714949e+00  5.110349e-02 
 2.715346e+00  4.999172e-02 
 2.715744e+00  4.882299e-02 
 2.716142e+00  4.781300e-02 
 2.716540e+00  4.688149e-02 
 2.716937e+00  4.601349e-02 
 2.717335e+00  4.527853e-02 
 2.717733e+00  4.454887e-02 
 2.718130e+00  4.397205e-02 
 2.718528e+00  4.348410e-02 
 2.718926e+00  4.312716e-02 
 2.719323e+00  4.292197e-02 
 2.719721e+00  4.275582e-02 
 2.720119e+00  4.259647e-02 
 2.720516e+00  4.233246e-02 
 2.720914e+00  4.185941e-02 
 2.721312e+00  4.117667e-02 
 2.721710e+00  4.038174e-02 
 2.722107e+00  3.934023e-02 
 2.722505e+00  3.810604e-02 
 2.722903e+00  3.665470e-02 
 2.723300e+00  3.493143e-02 
 2.723698e+00  3.299534e-02 
 2.724096e+00  3.090675e-02 
 2.724493e+00  2.883727e-02 
 2.724891e+00  2.663220e-02 
 2.725289e+00  2.447614e-02 
 2.725687e+00  2.242815e-02 
 2.726084e+00  2.052678e-02 
 2.726482e+00  1.879980e-02 
 2.726880e+00  1.729399e-02 
 2.727277e+00  1.600787e-02 
 2.727675e+00  1.491861e-02 
 2.728073e+00  1.400863e-02 
 2.728470e+00  1.315656e-02 
 2.728868e+00  1.226530e-02 
 2.729266e+00  1.119979e-02 
 2.729663e+00  1.010171e-02 
 2.730061e+00  8.852821e-03 
 2.730459e+00  7.551062e-03 
 2.730857e+00  6.086130e-03 
 2.731254e+00  4.448146e-03 
 2.731652e+00  2.805007e-03 
 2.732050e+00  9.874313e-04 
 2.732447e+00 -8.606490e-04 
 2.732845e+00 -2.752954e-03 
 2.733243e+00 -4.760491e-03 
 2.733640e+00 -6.817266e-03 
 2.734038e+00 -8.850537e-03 
 2.734436e+00 -1.088898e-02 
 2.734834e+00 -1.288414e-02 
 2.735231e+00 -1.473549e-02 
 2.735629e+00 -1.645034e-02 
 2.736027e+00 -1.802980e-02 
 2.736424e+00 -1.947375e-02 
 2.736822e+00 -2.082065e-02 
 2.737220e+00 -2.214290e-02 
 2.737617e+00 -2.345071e-02 
 2.738015e+00 -2.483376e-02 
 2.738413e+00 -2.629296e-02 
 2.738810e+00 -2.790018e-02 
 2.739208e+00 -2.964010e-02 
 2.739606e+00 -3.152018e-02 
 2.740004e+00 -3.352393e-02 
 2.740401e+00 -3.564119e-02 
 2.740799e+00 -3.776021e-02 
 2.741197e+00 -3.992990e-02 
 2.741594e+00 -4.199346e-02 
 2.741992e+00 -4.402722e-02 
 2.742390e+00 -4.594093e-02 
 2.742787e+00 -4.773103e-02 
 2.743185e+00 -4.944402e-02 
 2.743583e+00 -5.093654e-02 
 2.743981e+00 -5.232914e-02 
 2.744378e+00 -5.350974e-02 
 2.744776e+00 -5.452648e-02 
 2.745174e+00 -5.542408e-02 
 2.745571e+00 -5.612759e-02 
 2.745969e+00 -5.672884e-02 
 2.746367e+00 -5.728449e-02 
 2.746764e+00 -5.777366e-02 
 2.747162e+00 -5.835962e-02 
 2.747560e+00 -5.901172e-02 
 2.747957e+00 -5.984053e-02 
 2.748355e+00 -6.082225e-02 
 2.748753e+00 -6.204563e-02 
 2.749151e+00 -6.344476e-02 
 2.749548e+00 -6.486912e-02 
 2.749946e+00 -6.637105e-02 
 2.750344e+00 -6.784712e-02 
 2.750741e+00 -6.924808e-02 
 2.751139e+00 -7.063268e-02 
 2.751537e+00 -7.193588e-02 
 2.751934e+00 -7.306448e-02 
 2.752332e+00 -7.403856e-02 
 2.752730e+00 -7.483739e-02 
 2.753128e+00 -7.549536e-02 
 2.753525e+00 -7.598475e-02 
 2.753923e+00 -7.640024e-02 
 2.754321e+00 -7.680792e-02 
 2.754718e+00 -7.718837e-02 
 2.755116e+00 -7.760753e-02 
 2.755514e+00 -7.807154e-02 
 2.755911e+00 -7.863673e-02 
 2.756309e+00 -7.926433e-02 
 2.756707e+00 -7.999339e-02 
 2.757104e+00 -8.075482e-02 
 2.757502e+00 -8.169722e-02 
 2.757900e+00 -8.278577e-02 
 2.758298e+00 -8.390412e-02 
 2.758695e+00 -8.507974e-02 
 2.759093e+00 -8.597835e-02 
 2.759491e+00 -8.664810e-02 
 2.759888e+00 -8.710135e-02 
 2.760286e+00 -8.732702e-02 
 2.760684e+00 -8.740119e-02 
 2.761081e+00 -8.724659e-02 
 2.761479e+00 -8.686544e-02 
 2.761877e+00 -8.632372e-02 
 2.762275e+00 -8.567656e-02 
 2.762672e+00 -8.495425e-02 
 2.763070e+00 -8.415309e-02 
 2.763468e+00 -8.329835e-02 
 2.763865e+00 -8.241878e-02 
 2.764263e+00 -8.155243e-02 
 2.764661e+00 -8.071122e-02 
 2.765058e+00 -7.988817e-02 
 2.765456e+00 -7.916543e-02 
 2.765854e+00 -7.853428e-02 
 2.766251e+00 -7.809239e-02 
 2.766649e+00 -7.787390e-02 
 2.767047e+00 -7.779799e-02 
 2.767445e+00 -7.779438e-02 
 2.767842e+00 -7.769417e-02 
 2.768240e+00 -7.748165e-02 
 2.768638e+00 -7.718558e-02 
 2.769035e+00 -7.674527e-02 
 2.769433e+00 -7.609681e-02 
 2.769831e+00 -7.529104e-02 
 2.770228e+00 -7.425745e-02 
 2.770626e+00 -7.303927e-02 
 2.771024e+00 -7.162455e-02 
 2.771422e+00 -7.001404e-02 
 2.771819e+00 -6.823057e-02 
 2.772217e+00 -6.632798e-02 
 2.772615e+00 -6.451585e-02 
 2.773012e+00 -6.282376e-02 
 2.773410e+00 -6.124964e-02 
 2.773808e+00 -5.967752e-02 
 2.774205e+00 -5.815591e-02 
 2.774603e+00 -5.675365e-02 
 2.775001e+00 -5.535631e-02 
 2.775398e+00 -5.407769e-02 
 2.775796e+00 -5.280035e-02 
 2.776194e+00 -5.154157e-02 
 2.776592e+00 -5.030359e-02 
 2.776989e+00 -4.909766e-02 
 2.777387e+00 -4.782458e-02 
 2.777785e+00 -4.635932e-02 
 2.778182e+00 -4.460802e-02 
 2.778580e+00 -4.263683e-02 
 2.778978e+00 -4.045903e-02 
 2.779375e+00 -3.805878e-02 
 2.779773e+00 -3.559147e-02 
 2.780171e+00 -3.305970e-02 
 2.780569e+00 -3.045163e-02 
 2.780966e+00 -2.794824e-02 
 2.781364e+00 -2.556444e-02 
 2.781762e+00 -2.334535e-02 
 2.782159e+00 -2.131694e-02 
 2.782557e+00 -1.954304e-02 
 2.782955e+00 -1.791195e-02 
 2.783352e+00 -1.645125e-02 
 2.783750e+00 -1.513485e-02 
 2.784148e+00 -1.400162e-02 
 2.784545e+00 -1.298313e-02 
 2.784943e+00 -1.203001e-02 
 2.785341e+00 -1.114039e-02 
 2.785739e+00 -1.021423e-02 
 2.786136e+00 -9.201386e-03 
 2.786534e+00 -8.062019e-03 
 2.786932e+00 -6.747568e-03 
 2.787329e+00 -5.305108e-03 
 2.787727e+00 -3.639527e-03 
 2.788125e+00 -1.795452e-03 
 2.788522e+00  1.591087e-04 
 2.788920e+00  2.216325e-03 
 2.789318e+00  4.377903e-03 
 2.789716e+00  6.469538e-03 
 2.790113e+00  8.513026e-03 
 2.790511e+00  1.048568e-02 
 2.790909e+00  1.227762e-02 
 2.791306e+00  1.384331e-02 
 2.791704e+00  1.521516e-02 
 2.792102e+00  1.644328e-02 
 2.792499e+00  1.747540e-02 
 2.792897e+00  1.850811e-02 
 2.793295e+00  1.954432e-02 
 2.793692e+00  2.059213e-02 
 2.794090e+00  2.164400e-02 
 2.794488e+00  2.270083e-02 
 2.794886e+00  2.381209e-02 
 2.795283e+00  2.498668e-02 
 2.795681e+00  2.626024e-02 
 2.796079e+00  2.773445e-02 
 2.796476e+00  2.928930e-02 
 2.796874e+00  3.094457e-02 
 2.797272e+00  3.271080e-02 
 2.797669e+00  3.448709e-02 
 2.798067e+00  3.616794e-02 
 2.798465e+00  3.777677e-02 
 2.798863e+00  3.928281e-02 
 2.799260e+00  4.068583e-02 
 2.799658e+00  4.187851e-02 
 2.800056e+00  4.283900e-02 
 2.800453e+00  4.353213e-02 
 2.800851e+00  4.392826e-02 
 2.801249e+00  4.401584e-02 
 2.801646e+00  4.403038e-02 
 2.802044e+00  4.397811e-02 
 2.802442e+00  4.387273e-02 
 2.802839e+00  4.384000e-02 
 2.803237e+00  4.392210e-02 
 2.803635e+00  4.399235e-02 
 2.804033e+00  4.415005e-02 
 2.804430e+00  4.448650e-02 
 2.804828e+00  4.506324e-02 
 2.805226e+00  4.589193e-02 
 2.805623e+00  4.684970e-02 
 2.806021e+00  4.790016e-02 
 2.806419e+00  4.894453e-02 
 2.806816e+00  4.999224e-02 
 2.807214e+00  5.103929e-02 
 2.807612e+00  5.206761e-02 
 2.808010e+00  5.300296e-02 
 2.808407e+00  5.378355e-02 
 2.808805e+00  5.437738e-02 
 2.809203e+00  5.468138e-02 
 2.809600e+00  5.475200e-02 
 2.809998e+00  5.450351e-02 
 2.810396e+00  5.408692e-02 
 2.810793e+00  5.353678e-02 
 2.811191e+00  5.297811e-02 
 2.811589e+00  5.246183e-02 
 2.811986e+00  5.194992e-02 
 2.812384e+00  5.145193e-02 
 2.812782e+00  5.098853e-02 
 2.813180e+00  5.060180e-02 
 2.813577e+00  5.027051e-02 
 2.813975e+00  5.007381e-02 
 2.814373e+00  5.002998e-02 
 2.814770e+00  5.003942e-02 
 2.815168e+00  5.008974e-02 
 2.815566e+00  5.017423e-02 
 2.815963e+00  5.021980e-02 
 2.816361e+00  5.021071e-02 
 2.816759e+00  4.994795e-02 
 2.817157e+00  4.957266e-02 
 2.817554e+00  4.895114e-02 
 2.817952e+00  4.801275e-02 
 2.818350e+00  4.687357e-02 
 2.818747e+00  4.543643e-02 
 2.819145e+00  4.390610e-02 
 2.819543e+00  4.228444e-02 
 2.819940e+00  4.069451e-02 
 2.820338e+00  3.916173e-02 
 2.820736e+00  3.762858e-02 
 2.821133e+00  3.623399e-02 
 2.821531e+00  3.500296e-02 
 2.821929e+00  3.399921e-02 
 2.822327e+00  3.304472e-02 
 2.822724e+00  3.230323e-02 
 2.823122e+00  3.166073e-02 
 2.823520e+00  3.112695e-02 
 2.823917e+00  3.070162e-02 
 2.824315e+00  3.029134e-02 
 2.824713e+00  2.976046e-02 
 2.825110e+00  2.908314e-02 
 2.825508e+00  2.832149e-02 
 2.825906e+00  2.742051e-02 
 2.826304e+00  2.639679e-02 
 2.826701e+00  2.529126e-02 
 2.827099e+00  2.405117e-02 
 2.827497e+00  2.267373e-02 
 2.827894e+00  2.116047e-02 
 2.828292e+00  1.941412e-02 
 2.828690e+00  1.750525e-02 
 2.829087e+00  1.547065e-02 
 2.829485e+00  1.345033e-02 
 2.829883e+00  1.155139e-02 
 2.830280e+00  9.810331e-03 
 2.830678e+00  8.174237e-03 
 2.831076e+00  6.654212e-03 
 2.831474e+00  5.253084e-03 
 2.831871e+00  3.869998e-03 
 2.832269e+00  2.544988e-03 
 2.832667e+00  1.259756e-03 
 2.833064e+00  1.728088e-05 
 2.833462e+00 -1.265197e-03 
 2.833860e+00 -2.544711e-03 
 2.834257e+00 -3.868986e-03 
 2.834655e+00 -5.315234e-03 
 2.835053e+00 -6.920176e-03 
 2.835451e+00 -8.673451e-03 
 2.835848e+00 -1.056540e-02 
 2.836246e+00 -1.257647e-02 
 2.836644e+00 -1.469738e-02 
 2.837041e+00 -1.685794e-02 
 2.837439e+00 -1.903677e-02 
 2.837837e+00 -2.117966e-02 
 2.838234e+00 -2.325818e-02 
 2.838632e+00 -2.516531e-02 
 2.839030e+00 -2.691782e-02 
 2.839427e+00 -2.843379e-02 
 2.839825e+00 -2.979582e-02 
 2.840223e+00 -3.101741e-02 
 2.840621e+00 -3.215306e-02 
 2.841018e+00 -3.326601e-02 
 2.841416e+00 -3.427898e-02 
 2.841814e+00 -3.539775e-02 
 2.842211e+00 -3.655445e-02 
 2.842609e+00 -3.783472e-02 
 2.843007e+00 -3.924671e-02 
 2.843404e+00 -4.085117e-02 
 2.843802e+00 -4.258957e-02 
 2.844200e+00 -4.446420e-02 
 2.844598e+00 -4.651651e-02 
 2.844995e+00 -4.868154e-02 
 2.845393e+00 -5.090339e-02 
 2.845791e+00 -5.314305e-02 
 2.846188e+00 -5.547843e-02 
 2.846586e+00 -5.774813e-02 
 2.846984e+00 -5.989268e-02 
 2.847381e+00 -6.191790e-02 
 2.847779e+00 -6.374669e-02 
 2.848177e+00 -6.524884e-02 
 2.848574e+00 -6.646926e-02 
 2.848972e+00 -6.750505e-02 
 2.849370e+00 -6.844722e-02 
 2.849768e+00 -6.934126e-02 
 2.850165e+00 -7.023330e-02 
 2.850563e+00 -7.109248e-02 
 2.850961e+00 -7.198479e-02 
 2.851358e+00 -7.296041e-02 
 2.851756e+00 -7.399277e-02 
 2.852154e+00 -7.522988e-02 
 2.852551e+00 -7.647181e-02 
 2.852949e+00 -7.778914e-02 
 2.853347e+00 -7.912889e-02 
 2.853745e+00 -8.049631e-02 
 2.854142e+00 -8.179362e-02 
 2.854540e+00 -8.295404e-02 
 2.854938e+00 -8.400073e-02 
 2.855335e+00 -8.489038e-02 
 2.855733e+00 -8.561458e-02 
 2.856131e+00 -8.621849e-02 
 2.856528e+00 -8.662672e-02 
 2.856926e+00 -8.673594e-02 
 2.857324e+00 -8.664243e-02 
 2.857721e+00 -8.638984e-02 
 2.858119e+00 -8.597164e-02 
 2.858517e+00 -8.555731e-02 
 2.858915e+00 -8.508203e-02 
 2.859312e+00 -8.451112e-02 
 2.859710e+00 -8.397024e-02 
 2.860108e+00 -8.351860e-02 
 2.860505e+00 -8.328683e-02 
 2.860903e+00 -8.317660e-02 
 2.861301e+00 -8.332654e-02 
 2.861698e+00 -8.362673e-02 
 2.862096e+00 -8.405587e-02 
 2.862494e+00 -8.448463e-02 
 2.862892e+00 -8.490221e-02 
 2.863289e+00 -8.515757e-02 
 2.863687e+00 -8.520823e-02 
 2.864085e+00 -8.517518e-02 
 2.864482e+00 -8.513415e-02 
 2.864880e+00 -8.505497e-02 
 2.865278e+00 -8.480319e-02 
 2.865675e+00 -8.430796e-02 
 2.866073e+00 -8.350163e-02 
 2.866471e+00 -8.245395e-02 
 2.866868e+00 -8.118439e-02 
 2.867266e+00 -7.972315e-02 
 2.867664e+00 -7.816708e-02 
 2.868062e+00 -7.653853e-02 
 2.868459e+00 -7.504432e-02 
 2.868857e+00 -7.359799e-02 
 2.869255e+00 -7.237600e-02 
 2.869652e+00 -7.122977e-02 
 2.870050e+00 -7.025475e-02 
 2.870448e+00 -6.944240e-02 
 2.870845e+00 -6.875983e-02 
 2.871243e+00 -6.818678e-02 
 2.871641e+00 -6.761529e-02 
 2.872039e+00 -6.692431e-02 
 2.872436e+00 -6.613528e-02 
 2.872834e+00 -6.524330e-02 
 2.873232e+00 -6.417052e-02 
 2.873629e+00 -6.296651e-02 
 2.874027e+00 -6.167145e-02 
 2.874425e+00 -6.026153e-02 
 2.874822e+00 -5.869866e-02 
 2.875220e+00 -5.694884e-02 
 2.875618e+00 -5.504030e-02 
 2.876015e+00 -5.299830e-02 
 2.876413e+00 -5.096957e-02 
 2.876811e+00 -4.898959e-02 
 2.877209e+00 -4.708387e-02 
 2.877606e+00 -4.532284e-02 
 2.878004e+00 -4.364219e-02 
 2.878402e+00 -4.214608e-02 
 2.878799e+00 -4.075279e-02 
 2.879197e+00 -3.951245e-02 
 2.879595e+00 -3.844695e-02 
 2.879992e+00 -3.749406e-02 
 2.880390e+00 -3.676618e-02 
 2.880788e+00 -3.602288e-02 
 2.881186e+00 -3.522023e-02 
 2.881583e+00 -3.414207e-02 
 2.881981e+00 -3.275831e-02 
 2.882379e+00 -3.111043e-02 
 2.882776e+00 -2.920639e-02 
 2.883174e+00 -2.723437e-02 
 2.883572e+00 -2.509231e-02 
 2.883969e+00 -2.287561e-02 
 2.884367e+00 -2.057796e-02 
 2.884765e+00 -1.823538e-02 
 2.885162e+00 -1.585097e-02 
 2.885560e+00 -1.350626e-02 
 2.885958e+00 -1.122231e-02 
 2.886356e+00 -9.032089e-03 
 2.886753e+00 -7.042501e-03 
 2.887151e+00 -5.260463e-03 
 2.887549e+00 -3.642028e-03 
 2.887946e+00 -2.146635e-03 
 2.888344e+00 -7.902679e-04 
 2.888742e+00  5.443600e-04 
 2.889139e+00  1.744842e-03 
 2.889537e+00  2.836706e-03 
 2.889935e+00  3.792924e-03 
 2.890333e+00  4.866475e-03 
 2.890730e+00  6.045580e-03 
 2.891128e+00  7.416829e-03 
 2.891526e+00  8.983117e-03 
 2.891923e+00  1.065736e-02 
 2.892321e+00  1.237396e-02 
 2.892719e+00  1.410574e-02 
 2.893116e+00  1.584567e-02 
 2.893514e+00  1.759457e-02 
 2.893912e+00  1.928892e-02 
 2.894309e+00  2.097864e-02 
 2.894707e+00  2.254953e-02 
 2.895105e+00  2.402695e-02 
 2.895503e+00  2.532896e-02 
 2.895900e+00  2.646943e-02 
 2.896298e+00  2.737358e-02 
 2.896696e+00  2.818574e-02 
 2.897093e+00  2.883409e-02 
 2.897491e+00  2.939527e-02 
 2.897889e+00  2.984654e-02 
 2.898286e+00  3.023508e-02 
 2.898684e+00  3.060388e-02 
 2.899082e+00  3.097047e-02 
 2.899480e+00  3.158772e-02 
 2.899877e+00  3.248174e-02 
 2.900275e+00  3.368326e-02 
 2.900673e+00  3.509800e-02 
 2.901070e+00  3.668125e-02 
 2.901468e+00  3.833269e-02 
 2.901866e+00  3.994575e-02 
 2.902263e+00  4.157971e-02 
 2.902661e+00  4.312614e-02 
 2.903059e+00  4.463807e-02 
 2.903456e+00  4.599495e-02 
 2.903854e+00  4.717743e-02 
 2.904252e+00  4.823167e-02 
 2.904650e+00  4.895724e-02 
 2.905047e+00  4.947412e-02 
 2.905445e+00  4.972291e-02 
 2.905843e+00  4.976922e-02 
 2.906240e+00  4.962415e-02 
 2.906638e+00  4.941563e-02 
 2.907036e+00  4.927447e-02 
 2.907433e+00  4.914902e-02 
 2.907831e+00  4.910975e-02 
 2.908229e+00  4.907728e-02 
 2.908627e+00  4.917988e-02 
 2.909024e+00  4.943052e-02 
 2.909422e+00  4.983948e-02 
 2.909820e+00  5.041906e-02 
 2.910217e+00  5.115647e-02 
 2.910615e+00  5.202027e-02 
 2.911013e+00  5.293334e-02 
 2.911410e+00  5.386036e-02 
 2.911808e+00  5.468462e-02 
 2.912206e+00  5.521911e-02 
 2.912603e+00  5.550365e-02 
 2.913001e+00  5.557210e-02 
 2.913399e+00  5.548844e-02 
 2.913797e+00  5.516341e-02 
 2.914194e+00  5.467995e-02 
 2.914592e+00  5.413942e-02 
 2.914990e+00  5.348014e-02 
 2.915387e+00  5.293826e-02 
 2.915785e+00  5.243345e-02 
 2.916183e+00  5.188158e-02 
 2.916580e+00  5.128267e-02 
 2.916978e+00  5.075961e-02 
 2.917376e+00  5.027436e-02 
 2.917774e+00  4.995693e-02 
 2.918171e+00  4.980320e-02 
 2.918569e+00  4.976630e-02 
 2.918967e+00  4.975448e-02 
 2.919364e+00  4.983809e-02 
 2.919762e+00  4.988690e-02 
 2.920160e+00  4.977899e-02 
 2.920557e+00  4.947828e-02 
 2.920955e+00  4.892972e-02 
 2.921353e+00  4.822907e-02 
 2.921750e+00  4.733116e-02 
 2.922148e+00  4.624804e-02 
 2.922546e+00  4.496754e-02 
 2.922944e+00  4.338140e-02 
 2.923341e+00  4.162891e-02 
 2.923739e+00  3.972468e-02 
 2.924137e+00  3.777726e-02 
 2.924534e+00  3.583634e-02 
 2.924932e+00  3.387093e-02 
 2.925330e+00  3.190824e-02 
 2.925727e+00  2.993833e-02 
 2.926125e+00  2.800522e-02 
 2.926523e+00  2.620800e-02 
 2.926921e+00  2.459264e-02 
 2.927318e+00  2.319024e-02 
 2.927716e+00  2.195797e-02 
 2.928114e+00  2.078518e-02 
 2.928511e+00  1.961635e-02 
 2.928909e+00  1.842910e-02 
 2.929307e+00  1.714675e-02 
 2.929704e+00  1.583250e-02 
 2.930102e+00  1.427406e-02 
 2.930500e+00  1.262995e-02 
 2.930897e+00  1.083124e-02 
 2.931295e+00  8.883116e-03 
 2.931693e+00  6.727335e-03 
 2.932091e+00  4.445091e-03 
 2.932488e+00  2.072417e-03 
 2.932886e+00 -3.579051e-04 
 2.933284e+00 -2.630709e-03 
 2.933681e+00 -4.698283e-03 
 2.934079e+00 -6.616897e-03 
 2.934477e+00 -8.501413e-03 
 2.934874e+00 -1.031647e-02 
 2.935272e+00 -1.206853e-02 
 2.935670e+00 -1.370456e-02 
 2.936068e+00 -1.524666e-02 
 2.936465e+00 -1.662701e-02 
 2.936863e+00 -1.794437e-02 
 2.937261e+00 -1.926017e-02 
 2.937658e+00 -2.067338e-02 
 2.938056e+00 -2.212550e-02 
 2.938454e+00 -2.374706e-02 
 2.938851e+00 -2.558019e-02 
 2.939249e+00 -2.750085e-02 
 2.939647e+00 -2.951863e-02 
 2.940044e+00 -3.158257e-02 
 2.940442e+00 -3.371455e-02 
 2.940840e+00 -3.601742e-02 
 2.941238e+00 -3.838165e-02 
 2.941635e+00 -4.077227e-02 
 2.942033e+00 -4.305685e-02 
 2.942431e+00 -4.512661e-02 
 2.942828e+00 -4.695652e-02 
 2.943226e+00 -4.846999e-02 
 2.943624e+00 -4.976795e-02 
 2.944021e+00 -5.089185e-02 
 2.944419e+00 -5.193609e-02 
 2.944817e+00 -5.286941e-02 
 2.945215e+00 -5.377212e-02 
 2.945612e+00 -5.459687e-02 
 2.946010e+00 -5.531630e-02 
 2.946408e+00 -5.598742e-02 
 2.946805e+00 -5.668352e-02 
 2.947203e+00 -5.760588e-02 
 2.947601e+00 -5.862165e-02 
 2.947998e+00 -5.982335e-02 
 2.948396e+00 -6.114785e-02 
 2.948794e+00 -6.258510e-02 
 2.949191e+00 -6.406497e-02 
 2.949589e+00 -6.566675e-02 
 2.949987e+00 -6.735530e-02 
 2.950385e+00 -6.908035e-02 
 2.950782e+00 -7.068931e-02 
 2.951180e+00 -7.199878e-02 
 2.951578e+00 -7.310010e-02 
 2.951975e+00 -7.397788e-02 
 2.952373e+00 -7.458348e-02 
 2.952771e+00 -7.509283e-02 
 2.953168e+00 -7.556027e-02 
 2.953566e+00 -7.597224e-02 
 2.953964e+00 -7.645786e-02 
 2.954362e+00 -7.692348e-02 
 2.954759e+00 -7.738094e-02 
 2.955157e+00 -7.776481e-02 
 2.955555e+00 -7.810113e-02 
 2.955952e+00 -7.855493e-02 
 2.956350e+00 -7.914162e-02 
 2.956748e+00 -7.988297e-02 
 2.957145e+00 -8.073613e-02 
 2.957543e+00 -8.171918e-02 
 2.957941e+00 -8.272281e-02 
 2.958338e+00 -8.377373e-02 
 2.958736e+00 -8.471322e-02 
 2.959134e+00 -8.547411e-02 
 2.959532e+00 -8.614073e-02 
 2.959929e+00 -8.667761e-02 
 2.960327e+00 -8.702053e-02 
 2.960725e+00 -8.713417e-02 
 2.961122e+00 -8.692314e-02 
 2.961520e+00 -8.639863e-02 
 2.961918e+00 -8.560053e-02 
 2.962315e+00 -8.459380e-02 
 2.962713e+00 -8.346411e-02 
 2.963111e+00 -8.218414e-02 
 2.963509e+00 -8.092657e-02 
 2.963906e+00 -7.977777e-02 
 2.964304e+00 -7.878628e-02 
 2.964702e+00 -7.801016e-02 
 2.965099e+00 -7.728398e-02 
 2.965497e+00 -7.670967e-02 
 2.965895e+00 -7.630374e-02 
 2.966292e+00 -7.601556e-02 
 2.966690e+00 -7.585240e-02 
 2.967088e+00 -7.568480e-02 
 2.967485e+00 -7.551814e-02 
 2.967883e+00 -7.529741e-02 
 2.968281e+00 -7.507295e-02 
 2.968679e+00 -7.480419e-02 
 2.969076e+00 -7.443799e-02 
 2.969474e+00 -7.379711e-02 
 2.969872e+00 -7.295095e-02 
 2.970269e+00 -7.178223e-02 
 2.970667e+00 -7.039296e-02 
 2.971065e+00 -6.883186e-02 
 2.971462e+00 -6.711478e-02 
 2.971860e+00 -6.542189e-02 
 2.972258e+00 -6.375938e-02 
 2.972656e+00 -6.230718e-02 
 2.973053e+00 -6.089396e-02 
 2.973451e+00 -5.958720e-02 
 2.973849e+00 -5.848557e-02 
 2.974246e+00 -5.743947e-02 
 2.974644e+00 -5.652994e-02 
 2.975042e+00 -5.578371e-02 
 2.975439e+00 -5.512748e-02 
 2.975837e+00 -5.455698e-02 
 2.976235e+00 -5.393921e-02 
 2.976632e+00 -5.325882e-02 
 2.977030e+00 -5.241691e-02 
 2.977428e+00 -5.138194e-02 
 2.977826e+00 -5.015337e-02 
 2.978223e+00 -4.878038e-02 
 2.978621e+00 -4.726768e-02 
 2.979019e+00 -4.548748e-02 
 2.979416e+00 -4.354426e-02 
 2.979814e+00 -4.139656e-02 
 2.980212e+00 -3.918200e-02 
 2.980609e+00 -3.691484e-02 
 2.981007e+00 -3.480462e-02 
 2.981405e+00 -3.289087e-02 
 2.981803e+00 -3.120568e-02 
 2.982200e+00 -2.970110e-02 
 2.982598e+00 -2.835408e-02 
 2.982996e+00 -2.706822e-02 
 2.983393e+00 -2.592604e-02 
 2.983791e+00 -2.486693e-02 
 2.984189e+00 -2.390708e-02 
 2.984586e+00 -2.300157e-02 
 2.984984e+00 -2.206149e-02 
 2.985382e+00 -2.111144e-02 
 2.985779e+00 -2.008591e-02 
 2.986177e+00 -1.902245e-02 
 2.986575e+00 -1.789260e-02 
 2.986973e+00 -1.665662e-02 
 2.987370e+00 -1.524556e-02 
 2.987768e+00 -1.360645e-02 
 2.988166e+00 -1.179236e-02 
 2.988563e+00 -9.687689e-03 
 2.988961e+00 -7.520347e-03 
 2.989359e+00 -5.218779e-03 
 2.989756e+00 -2.926207e-03 
 2.990154e+00 -7.327984e-04 
 2.990552e+00  1.313655e-03 
 2.990950e+00  3.260672e-03 
 2.991347e+00  5.114111e-03 
 2.991745e+00  6.918073e-03 
 2.992143e+00  8.504245e-03 
 2.992540e+00  9.968704e-03 
 2.992938e+00  1.118062e-02 
 2.993336e+00  1.230543e-02 
 2.993733e+00  1.344803e-02 
 2.994131e+00  1.465305e-02 
 2.994529e+00  1.606983e-02 
 2.994926e+00  1.764456e-02 
 2.995324e+00  1.941029e-02 
 2.995722e+00  2.132447e-02 
 2.996120e+00  2.327565e-02 
 2.996517e+00  2.529396e-02 
 2.996915e+00  2.735738e-02 
 2.997313e+00  2.947422e-02 
 2.997710e+00  3.165318e-02 
 2.998108e+00  3.382406e-02 
 2.998506e+00  3.596895e-02 
 2.998903e+00  3.802153e-02 
 2.999301e+00  3.987225e-02 
 2.999699e+00  4.140463e-02 
 3.000097e+00  4.264278e-02 
 3.000494e+00  4.358811e-02 
 3.000892e+00  4.422889e-02 
 3.001290e+00  4.463518e-02 
 3.001687e+00  4.487441e-02 
 3.002085e+00  4.494558e-02 
 3.002483e+00  4.503400e-02 
 3.002880e+00  4.522415e-02 
 3.003278e+00  4.562440e-02 
 3.003676e+00  4.612865e-02 
 3.004073e+00  4.677605e-02 
 3.004471e+00  4.759167e-02 
 3.004869e+00  4.849587e-02 
 3.005267e+00  4.943326e-02 
 3.005664e+00  5.036178e-02 
 3.006062e+00  5.132371e-02 
 3.006460e+00  5.231249e-02 
 3.006857e+00  5.338285e-02 
 3.007255e+00  5.451878e-02 
 3.007653e+00  5.554946e-02 
 3.008050e+00  5.638554e-02 
 3.008448e+00  5.698084e-02 
 3.008846e+00  5.731858e-02 
 3.009244e+00  5.740231e-02 
 3.009641e+00  5.726566e-02 
 3.010039e+00  5.693271e-02 
 3.010437e+00  5.646016e-02 
 3.010834e+00  5.594389e-02 
 3.011232e+00  5.546293e-02 
 3.011630e+00  5.488107e-02 
 3.012027e+00  5.435611e-02 
 3.012425e+00  5.383849e-02 
 3.012823e+00  5.350371e-02 
 3.013220e+00  5.336669e-02 
 3.013618e+00  5.339629e-02 
 3.014016e+00  5.352714e-02 
 3.014414e+00  5.369228e-02 
 3.014811e+00  5.378896e-02 
 3.015209e+00  5.382498e-02 
 3.015607e+00  5.378841e-02 
 3.016004e+00  5.361662e-02 
 3.016402e+00  5.329502e-02 
 3.016800e+00  5.285716e-02 
 3.017197e+00  5.226944e-02 
 3.017595e+00  5.150626e-02 
 3.017993e+00  5.056568e-02 
 3.018391e+00  4.939494e-02 
 3.018788e+00  4.813517e-02 
 3.019186e+00  4.677334e-02 
 3.019584e+00  4.526826e-02 
 3.019981e+00  4.371311e-02 
 3.020379e+00  4.215037e-02 
 3.020777e+00  4.059816e-02 
 3.021174e+00  3.923570e-02 
 3.021572e+00  3.801938e-02 
 3.021970e+00  3.698200e-02 
 3.022367e+00  3.618534e-02 
 3.022765e+00  3.564662e-02 
 3.023163e+00  3.522951e-02 
 3.023561e+00  3.485411e-02 
 3.023958e+00  3.448011e-02 
 3.024356e+00  3.392664e-02 
 3.024754e+00  3.328139e-02 
 3.025151e+00  3.254760e-02 
 3.025549e+00  3.166306e-02 
 3.025947e+00  3.057162e-02 
 3.026344e+00  2.924536e-02 
 3.026742e+00  2.777010e-02 
 3.027140e+00  2.609115e-02 
 3.027538e+00  2.425094e-02 
 3.027935e+00  2.228713e-02 
 3.028333e+00  2.023448e-02 
 3.028731e+00  1.823666e-02 
 3.029128e+00  1.616848e-02 
 3.029526e+00  1.424019e-02 
 3.029924e+00  1.232749e-02 
 3.030321e+00  1.042909e-02 
 3.030719e+00  8.636624e-03 
 3.031117e+00  6.993433e-03 
 3.031514e+00  5.509898e-03 
 3.031912e+00  4.194041e-03 
 3.032310e+00  2.918752e-03 
 3.032708e+00  1.555440e-03 
 3.033105e+00  6.918234e-05 
 3.033503e+00 -1.580268e-03 
 3.033901e+00 -3.411920e-03 
 3.034298e+00 -5.385322e-03 
 3.034696e+00 -7.402196e-03 
 3.035094e+00 -9.541759e-03 
 3.035491e+00 -1.171946e-02 
 3.035889e+00 -1.387437e-02 
 3.036287e+00 -1.616325e-02 
 3.036685e+00 -1.848267e-02 
 3.037082e+00 -2.088381e-02 
 3.037480e+00 -2.319149e-02 
 3.037878e+00 -2.531147e-02 
 3.038275e+00 -2.731247e-02 
 3.038673e+00 -2.910971e-02 
 3.039071e+00 -3.070109e-02 
 3.039468e+00 -3.205794e-02 
 3.039866e+00 -3.323647e-02 
 3.040264e+00 -3.423917e-02 
 3.040661e+00 -3.506926e-02 
 3.041059e+00 -3.580272e-02 
 3.041457e+00 -3.655261e-02 
 3.041855e+00 -3.743062e-02 
 3.042252e+00 -3.845537e-02 
 3.042650e+00 -3.958834e-02 
 3.043048e+00 -4.092270e-02 
 3.043445e+00 -4.237646e-02 
 3.043843e+00 -4.389941e-02 
 3.044241e+00 -4.558639e-02 
 3.044638e+00 -4.738899e-02 
 3.045036e+00 -4.929263e-02 
 3.045434e+00 -5.122574e-02 
 3.045832e+00 -5.316095e-02 
 3.046229e+00 -5.494531e-02 
 3.046627e+00 -5.647636e-02 
 3.047025e+00 -5.776205e-02 
 3.047422e+00 -5.886963e-02 
 3.047820e+00 -5.990602e-02 
 3.048218e+00 -6.092872e-02 
 3.048615e+00 -6.185610e-02 
 3.049013e+00 -6.269369e-02 
 3.049411e+00 -6.349508e-02 
 3.049808e+00 -6.418931e-02 
 3.050206e+00 -6.473494e-02 
 3.050604e+00 -6.517851e-02 
 3.051002e+00 -6.567562e-02 
 3.051399e+00 -6.629005e-02 
 3.051797e+00 -6.708566e-02 
 3.052195e+00 -6.808083e-02 
 3.052592e+00 -6.930535e-02 
 3.052990e+00 -7.055953e-02 
 3.053388e+00 -7.193594e-02 
 3.053785e+00 -7.335765e-02 
 3.054183e+00 -7.473548e-02 
 3.054581e+00 -7.600311e-02 
 3.054979e+00 -7.713360e-02 
 3.055376e+00 -7.812841e-02 
 3.055774e+00 -7.896937e-02 
 3.056172e+00 -7.967128e-02 
 3.056569e+00 -8.013881e-02 
 3.056967e+00 -8.038301e-02 
 3.057365e+00 -8.044976e-02 
 3.057762e+00 -8.039840e-02 
 3.058160e+00 -8.027258e-02 
 3.058558e+00 -7.998101e-02 
 3.058955e+00 -7.967245e-02 
 3.059353e+00 -7.938413e-02 
 3.059751e+00 -7.916506e-02 
 3.060149e+00 -7.918610e-02 
 3.060546e+00 -7.946025e-02 
 3.060944e+00 -7.993770e-02 
 3.061342e+00 -8.059782e-02 
 3.061739e+00 -8.145560e-02 
 3.062137e+00 -8.241191e-02 
 3.062535e+00 -8.340611e-02 
 3.062932e+00 -8.432859e-02 
 3.063330e+00 -8.515164e-02 
 3.063728e+00 -8.590113e-02 
 3.064126e+00 -8.652420e-02 
 3.064523e+00 -8.694096e-02 
 3.064921e+00 -8.708916e-02 
 3.065319e+00 -8.690371e-02 
 3.065716e+00 -8.645282e-02 
 3.066114e+00 -8.573619e-02 
 3.066512e+00 -8.489315e-02 
 3.066909e+00 -8.390338e-02 
 3.067307e+00 -8.281995e-02 
 3.067705e+00 -8.159727e-02 
 3.068102e+00 -8.035487e-02 
 3.068500e+00 -7.905700e-02 
 3.068898e+00 -7.781853e-02 
 3.069296e+00 -7.670846e-02 
 3.069693e+00 -7.581948e-02 
 3.070091e+00 -7.513864e-02 
 3.070489e+00 -7.452848e-02 
 3.070886e+00 -7.400287e-02 
 3.071284e+00 -7.357248e-02 
 3.071682e+00 -7.304838e-02 
 3.072079e+00 -7.245885e-02 
 3.072477e+00 -7.167911e-02 
 3.072875e+00 -7.072973e-02 
 3.073273e+00 -6.953377e-02 
 3.073670e+00 -6.817395e-02 
 3.074068e+00 -6.655509e-02 
 3.074466e+00 -6.470800e-02 
 3.074863e+00 -6.274971e-02 
 3.075261e+00 -6.060530e-02 
 3.075659e+00 -5.845423e-02 
 3.076056e+00 -5.639220e-02 
 3.076454e+00 -5.439243e-02 
 3.076852e+00 -5.239888e-02 
 3.077249e+00 -5.047792e-02 
 3.077647e+00 -4.865611e-02 
 3.078045e+00 -4.696995e-02 
 3.078443e+00 -4.542763e-02 
 3.078840e+00 -4.406733e-02 
 3.079238e+00 -4.288960e-02 
 3.079636e+00 -4.178668e-02 
 3.080033e+00 -4.077686e-02 
 3.080431e+00 -3.984614e-02 
 3.080829e+00 -3.892919e-02 
 3.081226e+00 -3.794219e-02 
 3.081624e+00 -3.681389e-02 
 3.082022e+00 -3.560271e-02 
 3.082420e+00 -3.417993e-02 
 3.082817e+00 -3.246692e-02 
 3.083215e+00 -3.045954e-02 
 3.083613e+00 -2.819530e-02 
 3.084010e+00 -2.580608e-02 
 3.084408e+00 -2.337983e-02 
 3.084806e+00 -2.097700e-02 
 3.085203e+00 -1.869860e-02 
 3.085601e+00 -1.645611e-02 
 3.085999e+00 -1.431002e-02 
 3.086396e+00 -1.231513e-02 
 3.086794e+00 -1.037462e-02 
 3.087192e+00 -8.536488e-03 
 3.087590e+00 -6.809589e-03 
 3.087987e+00 -5.363176e-03 
 3.088385e+00 -4.065752e-03 
 3.088783e+00 -2.951316e-03 
 3.089180e+00 -1.965742e-03 
 3.089578e+00 -1.019303e-03 
 3.089976e+00  4.870547e-05 
 3.090373e+00  1.181991e-03 
 3.090771e+00  2.474140e-03 
 3.091169e+00  3.977115e-03 
 3.091567e+00  5.690306e-03 
 3.091964e+00  7.569504e-03 
 3.092362e+00  9.672432e-03 
 3.092760e+00  1.185646e-02 
 3.093157e+00  1.403651e-02 
 3.093555e+00  1.606944e-02 
 3.093953e+00  1.800754e-02 
 3.094350e+00  1.984522e-02 
 3.094748e+00  2.150894e-02 
 3.095146e+00  2.304071e-02 
 3.095543e+00  2.434243e-02 
 3.095941e+00  2.550721e-02 
 3.096339e+00  2.651188e-02 
 3.096737e+00  2.740924e-02 
 3.097134e+00  2.816977e-02 
 3.097532e+00  2.887143e-02 
 3.097930e+00  2.957752e-02 
 3.098327e+00  3.042806e-02 
 3.098725e+00  3.145074e-02 
 3.099123e+00  3.258997e-02 
 3.099520e+00  3.382062e-02 
 3.099918e+00  3.513833e-02 
 3.100316e+00  3.654998e-02 
 3.100714e+00  3.802199e-02 
 3.101111e+00  3.968312e-02 
 3.101509e+00  4.150384e-02 
 3.101907e+00  4.338393e-02 
 3.102304e+00  4.544618e-02 
 3.102702e+00  4.739626e-02 
 3.103100e+00  4.914693e-02 
 3.103497e+00  5.056684e-02 
 3.103895e+00  5.163300e-02 
 3.104293e+00  5.242008e-02 
 3.104690e+00  5.294013e-02 
 3.105088e+00  5.327748e-02 
 3.105486e+00  5.349181e-02 
 3.105884e+00  5.354960e-02 
 3.106281e+00  5.350798e-02 
 3.106679e+00  5.345665e-02 
 3.107077e+00  5.339920e-02 
 3.107474e+00  5.327479e-02 
 3.107872e+00  5.317793e-02 
 3.108270e+00  5.321783e-02 
 3.108667e+00  5.331174e-02 
 3.109065e+00  5.349321e-02 
 3.109463e+00  5.377901e-02 
 3.109861e+00  5.409066e-02 
 3.110258e+00  5.436026e-02 
 3.110656e+00  5.474677e-02 
 3.111054e+00  5.516532e-02 
 3.111451e+00  5.549061e-02 
 3.111849e+00  5.569937e-02 
 3.112247e+00  5.569357e-02 
 3.112644e+00  5.542454e-02 
 3.113042e+00  5.493564e-02 
 3.113440e+00  5.427730e-02 
 3.113837e+00  5.351303e-02 
 3.114235e+00  5.259210e-02 
 3.114633e+00  5.160966e-02 
 3.115031e+00  5.057202e-02 
 3.115428e+00  4.952252e-02 
 3.115826e+00  4.841213e-02 
 3.116224e+00  4.741595e-02 
 3.116621e+00  4.653879e-02 
 3.117019e+00  4.573488e-02 
 3.117417e+00  4.509697e-02 
 3.117814e+00  4.460252e-02 
 3.118212e+00  4.426475e-02 
 3.118610e+00  4.402871e-02 
 3.119008e+00  4.387114e-02 
 3.119405e+00  4.372774e-02 
 3.119803e+00  4.361746e-02 
 3.120201e+00  4.343502e-02 
 3.120598e+00  4.327017e-02 
 3.120996e+00  4.291948e-02 
 3.121394e+00  4.240305e-02 
 3.121791e+00  4.152797e-02 
 3.122189e+00  4.027484e-02 
 3.122587e+00  3.881092e-02 
 3.122984e+00  3.717304e-02 
 3.123382e+00  3.548601e-02 
 3.123780e+00  3.388561e-02 
 3.124178e+00  3.231904e-02 
 3.124575e+00  3.084071e-02 
 3.124973e+00  2.948933e-02 
 3.125371e+00  2.819861e-02 
 3.125768e+00  2.698579e-02 
 3.126166e+00  2.590516e-02 
 3.126564e+00  2.502737e-02 
 3.126961e+00  2.437886e-02 
 3.127359e+00  2.385561e-02 
 3.127757e+00  2.342454e-02 
 3.128155e+00  2.288743e-02 
 3.128552e+00  2.219415e-02 
 3.128950e+00  2.139933e-02 
 3.129348e+00  2.062429e-02 
 3.129745e+00  1.978791e-02 
 3.130143e+00  1.872571e-02 
 3.130541e+00  1.755988e-02 
 3.130938e+00  1.620409e-02 
 3.131336e+00  1.461180e-02 
 3.131734e+00  1.279933e-02 
 3.132131e+00  1.088420e-02 
 3.132529e+00  8.895996e-03 
 3.132927e+00  6.906543e-03 
 3.133325e+00  4.977139e-03 
 3.133722e+00  3.214703e-03 
 3.134120e+00  1.558209e-03 
 3.134518e+00  4.385931e-05 
 3.134915e+00 -1.314251e-03 
 3.135313e+00 -2.512850e-03 
 3.135711e+00 -3.603155e-03 
 3.136108e+00 -4.728076e-03 
 3.136506e+00 -5.940793e-03 
 3.136904e+00 -7.288756e-03 
 3.137301e+00 -8.841659e-03 
 3.137699e+00 -1.056309e-02 
 3.138097e+00 -1.236367e-02 
 3.138495e+00 -1.428552e-02 
 3.138892e+00 -1.632718e-02 
 3.139290e+00 -1.858242e-02 
 3.139688e+00 -2.096482e-02 
 3.140085e+00 -2.348894e-02 
 3.140483e+00 -2.614454e-02 
 3.140881e+00 -2.887079e-02 
 3.141278e+00 -3.170199e-02 
 3.141676e+00 -3.443567e-02 
 3.142074e+00 -3.698067e-02 
 3.142472e+00 -3.931757e-02 
 3.142869e+00 -4.139144e-02 
 3.143267e+00 -4.323193e-02 
 3.143665e+00 -4.496495e-02 
 3.144062e+00 -4.647206e-02 
 3.144460e+00 -4.789947e-02 
 3.144858e+00 -4.914359e-02 
 3.145255e+00 -5.031745e-02 
 3.145653e+00 -5.148069e-02 
 3.146051e+00 -5.261339e-02 
 3.146448e+00 -5.372248e-02 
 3.146846e+00 -5.501196e-02 
 3.147244e+00 -5.638216e-02 
 3.147642e+00 -5.786637e-02 
 3.148039e+00 -5.948776e-02 
 3.148437e+00 -6.114286e-02 
 3.148835e+00 -6.297159e-02 
 3.149232e+00 -6.480964e-02 
 3.149630e+00 -6.670474e-02 
 3.150028e+00 -6.853883e-02 
 3.150425e+00 -7.028762e-02 
 3.150823e+00 -7.187817e-02 
 3.151221e+00 -7.328976e-02 
 3.151619e+00 -7.452888e-02 
 3.152016e+00 -7.549234e-02 
 3.152414e+00 -7.622470e-02 
 3.152812e+00 -7.664549e-02 
 3.153209e+00 -7.688528e-02 
 3.153607e+00 -7.698902e-02 
 3.154005e+00 -7.693696e-02 
 3.154402e+00 -7.684392e-02 
 3.154800e+00 -7.682390e-02 
 3.155198e+00 -7.696309e-02 
 3.155595e+00 -7.741458e-02 
 3.155993e+00 -7.800711e-02 
 3.156391e+00 -7.876898e-02 
 3.156789e+00 -7.964813e-02 
 3.157186e+00 -8.053568e-02 
 3.157584e+00 -8.150478e-02 
 3.157982e+00 -8.245734e-02 
 3.158379e+00 -8.350161e-02 
 3.158777e+00 -8.443839e-02 
 3.159175e+00 -8.527950e-02 
 3.159572e+00 -8.601804e-02 
 3.159970e+00 -8.659393e-02 
 3.160368e+00 -8.686111e-02 
 3.160766e+00 -8.686337e-02 
 3.161163e+00 -8.661081e-02 
 3.161561e+00 -8.614195e-02 
 3.161959e+00 -8.544686e-02 
 3.162356e+00 -8.462112e-02 
 3.162754e+00 -8.371721e-02 
 3.163152e+00 -8.273041e-02 
 3.163549e+00 -8.179084e-02 
 3.163947e+00 -8.097500e-02 
 3.164345e+00 -8.036063e-02 
 3.164742e+00 -7.999865e-02 
 3.165140e+00 -7.977368e-02 
 3.165538e+00 -7.975218e-02 
 3.165936e+00 -7.988466e-02 
 3.166333e+00 -8.007716e-02 
 3.166731e+00 -8.032936e-02 
 3.167129e+00 -8.059521e-02 
 3.167526e+00 -8.080138e-02 
 3.167924e+00 -8.096179e-02 
 3.168322e+00 -8.098612e-02 
 3.168719e+00 -8.079935e-02 
 3.169117e+00 -8.044203e-02 
 3.169515e+00 -7.982494e-02 
 3.169913e+00 -7.900561e-02 
 3.170310e+00 -7.799503e-02 
 3.170708e+00 -7.679761e-02 
 3.171106e+00 -7.546058e-02 
 3.171503e+00 -7.389076e-02 
 3.171901e+00 -7.222310e-02 
 3.172299e+00 -7.047741e-02 
 3.172696e+00 -6.874975e-02 
 3.173094e+00 -6.717079e-02 
 3.173492e+00 -6.582942e-02 
 3.173889e+00 -6.476299e-02 
 3.174287e+00 -6.383940e-02 
 3.174685e+00 -6.293722e-02 
 3.175083e+00 -6.206004e-02 
 3.175480e+00 -6.112971e-02 
 3.175878e+00 -6.010889e-02 
 3.176276e+00 -5.904264e-02 
 3.176673e+00 -5.786538e-02 
 3.177071e+00 -5.663781e-02 
 3.177469e+00 -5.528525e-02 
 3.177866e+00 -5.377709e-02 
 3.178264e+00 -5.212930e-02 
 3.178662e+00 -5.010497e-02 
 3.179060e+00 -4.783550e-02 
 3.179457e+00 -4.538507e-02 
 3.179855e+00 -4.293018e-02 
 3.180253e+00 -4.045615e-02 
 3.180650e+00 -3.799497e-02 
 3.181048e+00 -3.552107e-02 
 3.181446e+00 -3.306150e-02 
 3.181843e+00 -3.073619e-02 
 3.182241e+00 -2.858368e-02 
 3.182639e+00 -2.672207e-02 
 3.183036e+00 -2.512265e-02 
 3.183434e+00 -2.384003e-02 
 3.183832e+00 -2.272687e-02 
 3.184230e+00 -2.183781e-02 
 3.184627e+00 -2.099071e-02 
 3.185025e+00 -2.012278e-02 
 3.185423e+00 -1.915516e-02 
 3.185820e+00 -1.797888e-02 
 3.186218e+00 -1.669849e-02 
 3.186616e+00 -1.527153e-02 
 3.187013e+00 -1.366609e-02 
 3.187411e+00 -1.190155e-02 
 3.187809e+00 -1.001100e-02 
 3.188207e+00 -7.961899e-03 
 3.188604e+00 -5.933490e-03 
 3.189002e+00 -3.940657e-03 
 3.189400e+00 -2.028394e-03 
 3.189797e+00 -1.703107e-04 
 3.190195e+00  1.673638e-03 
 3.190593e+00  3.426572e-03 
 3.190990e+00  5.013997e-03 
 3.191388e+00  6.410653e-03 
 3.191786e+00  7.538629e-03 
 3.192183e+00  8.447139e-03 
 3.192581e+00  9.169183e-03 
 3.192979e+00  9.743851e-03 
 3.193377e+00  1.030892e-02 
 3.193774e+00  1.096652e-02 
 3.194172e+00  1.187215e-02 
 3.194570e+00  1.287367e-02 
 3.194967e+00  1.408145e-02 
 3.195365e+00  1.534377e-02 
 3.195763e+00  1.666322e-02 
 3.196160e+00  1.812696e-02 
 3.196558e+00  1.972944e-02 
 3.196956e+00  2.148438e-02 
 3.197354e+00  2.328092e-02 
 3.197751e+00  2.508778e-02 
 3.198149e+00  2.673128e-02 
 3.198547e+00  2.831055e-02 
 3.198944e+00  2.959377e-02 
 3.199342e+00  3.072219e-02 
 3.199740e+00  3.166840e-02 
 3.200137e+00  3.255251e-02 
 3.200535e+00  3.320941e-02 
 3.200933e+00  3.377463e-02 
 3.201330e+00  3.419640e-02 
 3.201728e+00  3.449695e-02 
 3.202126e+00  3.474265e-02 
 3.202524e+00  3.508262e-02 
 3.202921e+00  3.557203e-02 
 3.203319e+00  3.617381e-02 
 3.203717e+00  3.705983e-02 
 3.204114e+00  3.811017e-02 
 3.204512e+00  3.934747e-02 
 3.204910e+00  4.072390e-02 
 3.205307e+00  4.218189e-02 
 3.205705e+00  4.367798e-02 
 3.206103e+00  4.522036e-02 
 3.206501e+00  4.672424e-02 
 3.206898e+00  4.815422e-02 
 3.207296e+00  4.942536e-02 
 3.207694e+00  5.053710e-02 
 3.208091e+00  5.153711e-02 
 3.208489e+00  5.240482e-02 
 3.208887e+00  5.312859e-02 
 3.209284e+00  5.376803e-02 
 3.209682e+00  5.424453e-02 
 3.210080e+00  5.452724e-02 
 3.210477e+00  5.464841e-02 
 3.210875e+00  5.464197e-02 
 3.211273e+00  5.441179e-02 
 3.211671e+00  5.418948e-02 
 3.212068e+00  5.403199e-02 
 3.212466e+00  5.402755e-02 
 3.212864e+00  5.420164e-02 
 3.213261e+00  5.447330e-02 
 3.213659e+00  5.482559e-02 
 3.214057e+00  5.518851e-02 
 3.214454e+00  5.557041e-02 
 3.214852e+00  5.605357e-02 
 3.215250e+00  5.643715e-02 
 3.215648e+00  5.666794e-02 
 3.216045e+00  5.667916e-02 
 3.216443e+00  5.647826e-02 
 3.216841e+00  5.596413e-02 
 3.217238e+00  5.515208e-02 
 3.217636e+00  5.413836e-02 
 3.218034e+00  5.288535e-02 
 3.218431e+00  5.159207e-02 
 3.218829e+00  5.024886e-02 
 3.219227e+00  4.887634e-02 
 3.219624e+00  4.743910e-02 
 3.220022e+00  4.586798e-02 
 3.220420e+00  4.442674e-02 
 3.220818e+00  4.310206e-02 
 3.221215e+00  4.197240e-02 
 3.221613e+00  4.099023e-02 
 3.222011e+00  4.015748e-02 
 3.222408e+00  3.947398e-02 
 3.222806e+00  3.891414e-02 
 3.223204e+00  3.843442e-02 
 3.223601e+00  3.807557e-02 
 3.223999e+00  3.771132e-02 
 3.224397e+00  3.719155e-02 
 3.224795e+00  3.652744e-02 
 3.225192e+00  3.561380e-02 
 3.225590e+00  3.439001e-02 
 3.225988e+00  3.289233e-02 
 3.226385e+00  3.126874e-02 
 3.226783e+00  2.957185e-02 
 3.227181e+00  2.780388e-02 
 3.227578e+00  2.603422e-02 
 3.227976e+00  2.420844e-02 
 3.228374e+00  2.238046e-02 
 3.228771e+00  2.049503e-02 
 3.229169e+00  1.868841e-02 
 3.229567e+00  1.692882e-02 
 3.229965e+00  1.530632e-02 
 3.230362e+00  1.387862e-02 
 3.230760e+00  1.262294e-02 
 3.231158e+00  1.141437e-02 
 3.231555e+00  1.028730e-02 
 3.231953e+00  9.221483e-03 
 3.232351e+00  8.067775e-03 
 3.232748e+00  6.897205e-03 
 3.233146e+00  5.735305e-03 
 3.233544e+00  4.495814e-03 
 3.233942e+00  3.046292e-03 
 3.234339e+00  1.408968e-03 
 3.234737e+00 -3.925376e-04 
