route1_extract
329	0
0.000000	0.000000000e+00
0.005000	6.964252253e-03
0.010000	1.032390915e-02
0.015001	1.299421866e-02
0.020001	1.491587726e-02
0.025001	1.612351678e-02
0.030002	1.673569374e-02
0.035002	1.693716039e-02
0.040002	1.695495537e-02
0.045002	1.703010751e-02
0.050003	1.737493440e-02
0.055003	1.811568459e-02
0.060003	1.924945696e-02
0.065004	2.064451393e-02
0.070004	2.209040876e-02
0.075004	2.337765958e-02
0.080005	2.436794324e-02
0.085005	2.502575989e-02
0.090005	2.541441236e-02
0.095005	2.567700236e-02
0.100006	2.601784032e-02
0.105006	2.668028031e-02
0.110006	2.790352125e-02
0.115007	2.985188149e-02
0.120007	3.256283907e-02
0.125007	3.597430173e-02
0.130007	3.999360723e-02
0.135008	4.450249584e-02
0.140008	4.930115094e-02
0.145008	5.410885757e-02
0.150009	5.865028557e-02
0.155009	6.272974289e-02
0.160009	6.623064168e-02
0.165009	6.908972447e-02
0.170010	7.131446909e-02
0.175010	7.302536221e-02
0.180010	7.444974363e-02
0.185011	7.584103968e-02
0.190011	7.738202707e-02
0.195011	7.914654588e-02
0.200011	8.113411640e-02
0.205012	8.332752478e-02
0.210012	8.571099245e-02
0.215012	8.824011279e-02
0.220013	9.080998244e-02
0.225013	9.326865384e-02
0.230013	9.547430169e-02
0.235013	9.735104161e-02
0.240014	9.890216919e-02
0.245014	1.001812743e-01
0.250014	1.012604758e-01
0.255015	1.022213562e-01
0.260015	1.031587876e-01
0.265015	1.041839147e-01
0.270015	1.054238258e-01
0.275016	1.070049713e-01
0.280016	1.090096021e-01
0.285016	1.114408581e-01
0.290017	1.142441434e-01
0.295017	1.173754619e-01
0.300017	1.208508378e-01
0.305018	1.247217562e-01
0.310018	1.289847975e-01
0.315018	1.334948469e-01
0.320018	1.379628286e-01
0.325019	1.420638416e-01
0.330019	1.455992638e-01
0.335019	1.486121737e-01
0.340020	1.513643572e-01
0.345020	1.541658191e-01
0.350020	1.571731848e-01
0.355020	1.603133470e-01
0.360021	1.633781983e-01
0.365021	1.661925148e-01
0.370021	1.687226584e-01
0.375022	1.710631192e-01
0.380022	1.733344879e-01
0.385022	1.755578178e-01
0.390022	1.775321528e-01
0.395023	1.787767851e-01
0.400023	1.787200780e-01
0.405023	1.771760790e-01
0.410024	1.746610045e-01
0.415024	1.720334142e-01
0.420024	1.697055939e-01
0.425024	1.672953053e-01
0.430025	1.641112081e-01
0.435025	1.598631123e-01
0.440025	1.547952469e-01
0.445026	1.492347082e-01
0.450026	1.431820046e-01
0.455026	1.363782407e-01
0.460026	1.286980815e-01
0.465027	1.203725222e-01
0.470027	1.117993469e-01
0.475027	1.032326577e-01
0.480028	9.469575745e-02
0.485028	8.608953427e-02
0.490028	7.733651305e-02
0.495028	6.853721811e-02
0.500029	6.009560041e-02
0.505029	5.263709244e-02
0.510029	4.667221883e-02
0.515030	4.227256443e-02
0.520030	3.904810999e-02
0.525030	3.639650375e-02
0.530031	3.380831401e-02
0.535031	3.108048559e-02
0.540031	2.833998211e-02
0.545031	2.584475245e-02
0.550032	2.371505662e-02
0.555032	2.180888265e-02
0.560032	1.979670014e-02
0.565033	1.734697427e-02
0.570033	1.429933534e-02
0.575033	1.069978888e-02
0.580033	6.647490645e-03
0.585034	2.094415695e-03
0.590034	-3.153904753e-03
0.595034	-9.188542924e-03
0.600035	-1.577655745e-02
0.605035	-2.244543972e-02
0.610035	-2.878504739e-02
0.615035	-3.463589347e-02
0.620036	-4.000727062e-02
0.625036	-4.489161803e-02
0.630036	-4.920130243e-02
0.635037	-5.284944424e-02
0.640037	-5.583711612e-02
0.645037	-5.825970208e-02
0.650037	-6.025876766e-02
0.655038	-6.196394598e-02
0.660038	-6.344370809e-02
0.665038	-6.468346361e-02
0.670039	-6.560760855e-02
0.675039	-6.613776564e-02
0.680039	-6.625408867e-02
0.685039	-6.602155801e-02
0.690040	-6.556416794e-02
0.695040	-6.500802899e-02
0.700040	-6.443964680e-02
0.705041	-6.390340345e-02
0.710041	-6.341728598e-02
0.715041	-6.298194913e-02
0.720041	-6.257928248e-02
0.725042	-6.216624888e-02
0.730042	-6.168170963e-02
0.735042	-6.108022775e-02
0.740043	-6.036949963e-02
0.745043	-5.960741616e-02
0.750043	-5.885177585e-02
0.755043	-5.810883758e-02
0.760044	-5.733162841e-02
0.765044	-5.646813179e-02
0.770044	-5.550937615e-02
0.775045	-5.449228008e-02
0.780045	-5.345832186e-02
0.785045	-5.240167922e-02
0.790046	-5.123558863e-02
0.795046	-4.979150462e-02
0.800046	-4.785627713e-02
0.805046	-4.523045497e-02
0.810047	-4.177886031e-02
0.815047	-3.747324567e-02
0.820047	-3.244387021e-02
0.825048	-2.701543524e-02
0.830048	-2.166761062e-02
0.835048	-1.691126938e-02
0.840048	-1.316459586e-02
0.845049	-1.072039961e-02
0.850049	-9.804342110e-03
0.855049	-1.066063073e-02
0.860050	-1.359360458e-02
0.865050	-1.889662315e-02
0.870050	-2.669915484e-02
0.875050	-3.693342065e-02
0.880051	-4.950401750e-02
0.885051	-6.432278247e-02
0.890051	-8.096628489e-02
0.895052	-9.843823778e-02
0.900052	-1.155542645e-01
0.905052	-1.315576765e-01
0.910052	-1.462388272e-01
0.915053	-1.595822714e-01
0.920053	-1.715315763e-01
0.925053	-1.820691240e-01
0.930054	-1.912935704e-01
0.935054	-1.993259002e-01
0.940054	-2.062160299e-01
0.945054	-2.119785514e-01
0.950055	-2.166801777e-01
0.955055	-2.204622115e-01
0.960055	-2.234620258e-01
0.965056	-2.257035798e-01
0.970056	-2.270932459e-01
0.975056	-2.275523996e-01
0.980056	-2.271327954e-01
0.985057	-2.259583474e-01
0.990057	-2.240365368e-01
0.995057	-2.211540389e-01
1.000058	-2.169872386e-01
1.005058	-2.113003168e-01
1.010058	-2.040387974e-01
1.015059	-1.953116017e-01
1.020059	-1.853573138e-01
1.025059	-1.745276484e-01
1.030059	-1.632658029e-01
1.035060	-1.520457782e-01
1.040060	-1.412558691e-01
1.045060	-1.310748805e-01
1.050061	-1.214388505e-01
1.055061	-1.121502164e-01
1.060061	-1.030452813e-01
1.065061	-9.405788924e-02
1.070062	-8.513963209e-02
1.075062	-7.616447065e-02
1.080062	-6.692311693e-02
1.085063	-5.718443211e-02
1.090063	-4.676407279e-02
1.095063	-3.556385001e-02
1.100063	-2.356740387e-02
1.105064	-1.082878497e-02
1.110064	2.495476449e-03
1.115064	1.610216123e-02
1.120065	2.955898228e-02
1.125065	4.237755192e-02
1.130065	5.409474343e-02
1.135065	6.436226028e-02
1.140066	7.303181774e-02
1.145066	8.017382743e-02
1.150066	8.600052895e-02
1.155067	9.074396208e-02
1.160067	9.456263740e-02
1.165067	9.751395549e-02
1.170067	9.957776143e-02
1.175068	1.006932355e-01
1.180068	1.007904308e-01
1.185068	9.981413662e-02
1.190069	9.773143033e-02
1.195069	9.452415270e-02
1.200069	9.019783248e-02
1.205069	8.481217225e-02
1.210070	7.848421183e-02
1.215070	7.135120021e-02
1.220070	6.354762572e-02
1.225071	5.522792550e-02
1.230071	4.659423819e-02
1.235071	3.789036812e-02
1.240072	2.938536896e-02
1.245072	2.137790711e-02
1.250072	1.419932247e-02
1.255072	8.182774455e-03
1.260073	3.602088838e-03
1.265073	5.987378551e-04
1.270073	-8.739309304e-04
1.275074	-1.032865323e-03
1.280074	-1.547974092e-04
1.285074	1.549070019e-03
1.290074	3.957781082e-03
1.295075	6.942797508e-03
1.300075	1.027290631e-02
1.305075	1.365703269e-02
1.310076	1.689014178e-02
1.315076	1.992881809e-02
1.320076	2.281459194e-02
1.325076	2.555780209e-02
1.330077	2.812039818e-02
1.335077	3.048373409e-02
1.340077	3.268467047e-02
1.345078	3.477732936e-02
1.350078	3.679209307e-02
1.355078	3.875552605e-02
1.360078	4.073389990e-02
1.365079	4.281584654e-02
1.370079	4.501642431e-02
1.375079	4.718096420e-02
1.380080	4.899252269e-02
1.385080	5.010194107e-02
1.390080	5.028068484e-02
1.395080	4.947124739e-02
1.400081	4.771768818e-02
1.405081	4.507712551e-02
1.410081	4.159145575e-02
1.415082	3.729539222e-02
1.420082	3.220545491e-02
1.425082	2.629655228e-02
1.430082	1.950732903e-02
1.435083	1.178145173e-02
1.440083	3.129236704e-03
1.445083	-6.332106917e-03
1.450084	-1.644171354e-02
1.455084	-2.715573619e-02
1.460084	-3.858997248e-02
1.465085	-5.077733415e-02
1.470085	-6.336782688e-02
1.475085	-7.566218790e-02
1.480085	-8.699610512e-02
1.485086	-9.709814574e-02
1.490086	-1.061042279e-01
1.495086	-1.142764024e-01
1.500087	-1.217181749e-01
1.505087	-1.282931816e-01
1.510087	-1.337140822e-01
1.515087	-1.376761727e-01
1.520088	-1.399634641e-01
1.525088	-1.404566196e-01
1.530088	-1.390076271e-01
1.535089	-1.353643227e-01
1.540089	-1.293856819e-01
1.545089	-1.214023623e-01
1.550089	-1.123007158e-01
1.555090	-1.031945610e-01
1.560090	-9.496552036e-02
1.565090	-8.801697595e-02
1.570091	-8.233746950e-02
1.575091	-7.772062775e-02
1.580091	-7.392987359e-02
1.585091	-7.070725019e-02
1.590092	-6.769369654e-02
1.595092	-6.440376849e-02
1.600092	-6.032799381e-02
1.605093	-5.511504865e-02
1.610093	-4.872069509e-02
1.615093	-4.141516883e-02
1.620093	-3.362722811e-02
1.625094	-2.573717369e-02
1.630094	-1.797673449e-02
1.635094	-1.048667313e-02
1.640095	0.000000000e+00
