StratD_run22_T0.4977
650	0
0.000000	0.000000000e+00
0.005000	2.714279879e-02
0.010000	5.417747666e-02
0.015000	8.099634335e-02
0.020000	1.074925683e-01
0.025000	1.335606061e-01
0.030000	1.590966171e-01
0.035000	1.839988809e-01
0.040000	2.081682014e-01
0.045000	2.315083023e-01
0.050000	2.539262105e-01
0.055000	2.753326261e-01
0.060000	2.956422786e-01
0.065000	3.147742664e-01
0.070000	3.326523787e-01
0.075000	3.492053998e-01
0.080000	3.643673922e-01
0.085000	3.780779594e-01
0.090000	3.902824866e-01
0.095000	4.009323581e-01
0.100000	4.099851511e-01
0.105000	4.174048046e-01
0.110000	4.231617631e-01
0.115000	4.272330943e-01
0.120000	4.296025803e-01
0.125000	4.302607825e-01
0.130000	4.292050791e-01
0.135000	4.264396753e-01
0.140000	4.219755869e-01
0.145000	4.158305962e-01
0.150000	4.080291812e-01
0.155000	3.986024181e-01
0.160000	3.875878576e-01
0.165000	3.750293753e-01
0.170000	3.609769967e-01
0.175000	3.454866983e-01
0.180000	3.286201843e-01
0.185000	3.104446409e-01
0.190000	2.910324688e-01
0.195000	2.704609947e-01
0.200000	2.488121632e-01
0.205000	2.261722105e-01
0.210000	2.026313209e-01
0.215000	1.782832674e-01
0.220000	1.532250383e-01
0.225000	1.275564508e-01
0.230000	1.013797536e-01
0.235000	7.479921906e-02
0.240000	4.792072849e-02
0.245000	2.085134995e-02
0.250000	-6.301088087e-03
0.255000	-3.342842630e-02
0.260000	-6.042260535e-02
0.265000	-8.717609630e-02
0.270000	-1.135823290e-01
0.275000	-1.395361166e-01
0.280000	-1.649340744e-01
0.285000	-1.896750320e-01
0.290000	-2.136604359e-01
0.295000	-2.367947424e-01
0.300000	-2.589857981e-01
0.305000	-2.801452068e-01
0.310000	-3.001886819e-01
0.315000	-3.190363820e-01
0.320000	-3.366132290e-01
0.325000	-3.528492071e-01
0.330000	-3.676796416e-01
0.335000	-3.810454569e-01
0.340000	-3.928934114e-01
0.345000	-4.031763099e-01
0.350000	-4.118531913e-01
0.355000	-4.188894920e-01
0.360000	-4.242571836e-01
0.365000	-4.279348843e-01
0.370000	-4.299079444e-01
0.375000	-4.301685043e-01
0.380000	-4.287155261e-01
0.385000	-4.255547977e-01
0.390000	-4.206989094e-01
0.395000	-4.141672044e-01
0.400000	-4.059857010e-01
0.405000	-3.961869896e-01
0.410000	-3.848101025e-01
0.415000	-3.719003585e-01
0.420000	-3.575091824e-01
0.425000	-3.416939001e-01
0.430000	-3.245175105e-01
0.435000	-3.060484342e-01
0.440000	-2.863602411e-01
0.445000	-2.655313574e-01
0.450000	-2.436447530e-01
0.455000	-2.207876114e-01
0.460000	-1.970509820e-01
0.465000	-1.725294174e-01
0.470000	-1.473205972e-01
0.475000	-1.215249384e-01
0.480000	-9.524519589e-02
0.485000	-6.858605255e-02
0.490000	-4.165370275e-02
0.495000	-1.455542912e-02
0.500000	1.260082478e-02
0.505000	3.970688440e-02
0.510000	6.665477517e-02
0.515000	9.333715256e-02
0.520000	1.196477297e-01
0.525000	1.454817007e-01
0.530000	1.707361582e-01
0.535000	1.953105034e-01
0.540000	2.191068466e-01
0.545000	2.420303970e-01
0.550000	2.639898409e-01
0.555000	2.848977046e-01
0.560000	3.046707035e-01
0.565000	3.232300738e-01
0.570000	3.405018857e-01
0.575000	3.564173386e-01
0.580000	3.709130346e-01
0.585000	3.839312314e-01
0.590000	3.954200722e-01
0.595000	4.053337923e-01
0.600000	4.136329011e-01
0.605000	4.202843399e-01
0.610000	4.252616134e-01
0.615000	4.285448949e-01
0.620000	4.301211059e-01
0.625000	4.299839676e-01
0.630000	4.281340263e-01
0.635000	4.245786510e-01
0.640000	4.193320044e-01
0.645000	4.124149859e-01
0.650000	4.038551489e-01
0.655000	3.936865908e-01
0.660000	3.819498170e-01
0.665000	3.686915800e-01
0.670000	3.539646928e-01
0.675000	3.378278186e-01
0.680000	3.203452373e-01
0.685000	3.015865892e-01
0.690000	2.816265976e-01
0.695000	2.605447714e-01
0.700000	2.384250883e-01
0.705000	2.153556599e-01
0.710000	1.914283814e-01
0.715000	1.667385649e-01
0.720000	1.413845602e-01
0.725000	1.154673626e-01
0.730000	8.909021093e-02
0.735000	6.235817635e-02
0.740000	3.537774351e-02
0.745000	8.256386567e-03
0.750000	8.256386567e-03
0.755000	8.247904751e-03
0.760000	8.222494157e-03
0.765000	8.180259203e-03
0.770000	8.121373440e-03
0.775000	8.046078844e-03
0.780000	7.954684815e-03
0.785000	7.847566912e-03
0.790000	7.725165305e-03
0.795000	7.587982969e-03
0.800000	7.436583614e-03
0.805000	7.271589374e-03
0.810000	7.093678246e-03
0.815000	6.903581303e-03
0.820000	6.702079696e-03
0.825000	6.490001437e-03
0.830000	6.268218002e-03
0.835000	6.037640746e-03
0.840000	5.799217162e-03
0.845000	5.553926981e-03
0.850000	5.302778155e-03
0.855000	5.046802708e-03
0.860000	4.787052498e-03
0.865000	4.524594894e-03
0.870000	4.260508391e-03
0.875000	3.995878176e-03
0.880000	3.731791673e-03
0.885000	3.469334069e-03
0.890000	3.209583858e-03
0.895000	2.953608411e-03
0.900000	2.702459585e-03
0.905000	2.457169405e-03
0.910000	2.218745820e-03
0.915000	1.988168565e-03
0.920000	1.766385130e-03
0.925000	1.554306871e-03
0.930000	1.352805264e-03
0.935000	1.162708321e-03
0.940000	9.847971924e-04
0.945000	8.198029524e-04
0.950000	6.684035979e-04
0.955000	5.312212613e-04
0.960000	4.088196544e-04
0.965000	3.017017515e-04
0.970000	2.103077230e-04
0.975000	1.350131267e-04
0.980000	7.612736425e-05
0.985000	3.389240979e-05
0.990000	8.481815848e-06
0.995000	0.000000000e+00
1.000000	0.000000000e+00
1.005000	0.000000000e+00
1.010000	0.000000000e+00
1.015000	0.000000000e+00
1.020000	0.000000000e+00
1.025000	0.000000000e+00
1.030000	0.000000000e+00
1.035000	0.000000000e+00
1.040000	0.000000000e+00
1.045000	0.000000000e+00
1.050000	0.000000000e+00
1.055000	0.000000000e+00
1.060000	0.000000000e+00
1.065000	0.000000000e+00
1.070000	0.000000000e+00
1.075000	0.000000000e+00
1.080000	0.000000000e+00
1.085000	0.000000000e+00
1.090000	0.000000000e+00
1.095000	0.000000000e+00
1.100000	0.000000000e+00
1.105000	0.000000000e+00
1.110000	0.000000000e+00
1.115000	0.000000000e+00
1.120000	0.000000000e+00
1.125000	0.000000000e+00
1.130000	0.000000000e+00
1.135000	0.000000000e+00
1.140000	0.000000000e+00
1.145000	0.000000000e+00
1.150000	0.000000000e+00
1.155000	0.000000000e+00
1.160000	0.000000000e+00
1.165000	0.000000000e+00
1.170000	0.000000000e+00
1.175000	0.000000000e+00
1.180000	0.000000000e+00
1.185000	0.000000000e+00
1.190000	0.000000000e+00
1.195000	0.000000000e+00
1.200000	0.000000000e+00
1.205000	0.000000000e+00
1.210000	0.000000000e+00
1.215000	0.000000000e+00
1.220000	0.000000000e+00
1.225000	0.000000000e+00
1.230000	0.000000000e+00
1.235000	0.000000000e+00
1.240000	0.000000000e+00
1.245000	0.000000000e+00
1.250000	0.000000000e+00
1.255000	0.000000000e+00
1.260000	0.000000000e+00
1.265000	0.000000000e+00
1.270000	0.000000000e+00
1.275000	0.000000000e+00
1.280000	0.000000000e+00
1.285000	0.000000000e+00
1.290000	0.000000000e+00
1.295000	0.000000000e+00
1.300000	0.000000000e+00
1.305000	0.000000000e+00
1.310000	0.000000000e+00
1.315000	0.000000000e+00
1.320000	0.000000000e+00
1.325000	0.000000000e+00
1.330000	0.000000000e+00
1.335000	0.000000000e+00
1.340000	0.000000000e+00
1.345000	0.000000000e+00
1.350000	0.000000000e+00
1.355000	0.000000000e+00
1.360000	0.000000000e+00
1.365000	0.000000000e+00
1.370000	0.000000000e+00
1.375000	0.000000000e+00
1.380000	0.000000000e+00
1.385000	0.000000000e+00
1.390000	0.000000000e+00
1.395000	0.000000000e+00
1.400000	0.000000000e+00
1.405000	0.000000000e+00
1.410000	0.000000000e+00
1.415000	0.000000000e+00
1.420000	0.000000000e+00
1.425000	0.000000000e+00
1.430000	0.000000000e+00
1.435000	0.000000000e+00
1.440000	0.000000000e+00
1.445000	0.000000000e+00
1.450000	0.000000000e+00
1.455000	0.000000000e+00
1.460000	0.000000000e+00
1.465000	0.000000000e+00
1.470000	0.000000000e+00
1.475000	0.000000000e+00
1.480000	0.000000000e+00
1.485000	0.000000000e+00
1.490000	0.000000000e+00
1.495000	0.000000000e+00
1.500000	0.000000000e+00
1.505000	0.000000000e+00
1.510000	0.000000000e+00
1.515000	0.000000000e+00
1.520000	0.000000000e+00
1.525000	0.000000000e+00
1.530000	0.000000000e+00
1.535000	0.000000000e+00
1.540000	0.000000000e+00
1.545000	0.000000000e+00
1.550000	0.000000000e+00
1.555000	0.000000000e+00
1.560000	0.000000000e+00
1.565000	0.000000000e+00
1.570000	0.000000000e+00
1.575000	0.000000000e+00
1.580000	0.000000000e+00
1.585000	0.000000000e+00
1.590000	0.000000000e+00
1.595000	0.000000000e+00
1.600000	0.000000000e+00
1.605000	0.000000000e+00
1.610000	0.000000000e+00
1.615000	0.000000000e+00
1.620000	0.000000000e+00
1.625000	0.000000000e+00
1.630000	0.000000000e+00
1.635000	0.000000000e+00
1.640000	0.000000000e+00
1.645000	0.000000000e+00
1.650000	0.000000000e+00
1.655000	0.000000000e+00
1.660000	0.000000000e+00
1.665000	0.000000000e+00
1.670000	0.000000000e+00
1.675000	0.000000000e+00
1.680000	0.000000000e+00
1.685000	0.000000000e+00
1.690000	0.000000000e+00
1.695000	0.000000000e+00
1.700000	0.000000000e+00
1.705000	0.000000000e+00
1.710000	0.000000000e+00
1.715000	0.000000000e+00
1.720000	0.000000000e+00
1.725000	0.000000000e+00
1.730000	0.000000000e+00
1.735000	0.000000000e+00
1.740000	0.000000000e+00
1.745000	0.000000000e+00
1.750000	0.000000000e+00
1.755000	0.000000000e+00
1.760000	0.000000000e+00
1.765000	0.000000000e+00
1.770000	0.000000000e+00
1.775000	0.000000000e+00
1.780000	0.000000000e+00
1.785000	0.000000000e+00
1.790000	0.000000000e+00
1.795000	0.000000000e+00
1.800000	0.000000000e+00
1.805000	0.000000000e+00
1.810000	0.000000000e+00
1.815000	0.000000000e+00
1.820000	0.000000000e+00
1.825000	0.000000000e+00
1.830000	0.000000000e+00
1.835000	0.000000000e+00
1.840000	0.000000000e+00
1.845000	0.000000000e+00
1.850000	0.000000000e+00
1.855000	0.000000000e+00
1.860000	0.000000000e+00
1.865000	0.000000000e+00
1.870000	0.000000000e+00
1.875000	0.000000000e+00
1.880000	0.000000000e+00
1.885000	0.000000000e+00
1.890000	0.000000000e+00
1.895000	0.000000000e+00
1.900000	0.000000000e+00
1.905000	0.000000000e+00
1.910000	0.000000000e+00
1.915000	0.000000000e+00
1.920000	0.000000000e+00
1.925000	0.000000000e+00
1.930000	0.000000000e+00
1.935000	0.000000000e+00
1.940000	0.000000000e+00
1.945000	0.000000000e+00
1.950000	0.000000000e+00
1.955000	0.000000000e+00
1.960000	0.000000000e+00
1.965000	0.000000000e+00
1.970000	0.000000000e+00
1.975000	0.000000000e+00
1.980000	0.000000000e+00
1.985000	0.000000000e+00
1.990000	0.000000000e+00
1.995000	0.000000000e+00
2.000000	0.000000000e+00
2.005000	0.000000000e+00
2.010000	0.000000000e+00
2.015000	0.000000000e+00
2.020000	0.000000000e+00
2.025000	0.000000000e+00
2.030000	0.000000000e+00
2.035000	0.000000000e+00
2.040000	0.000000000e+00
2.045000	0.000000000e+00
2.050000	0.000000000e+00
2.055000	0.000000000e+00
2.060000	0.000000000e+00
2.065000	0.000000000e+00
2.070000	0.000000000e+00
2.075000	0.000000000e+00
2.080000	0.000000000e+00
2.085000	0.000000000e+00
2.090000	0.000000000e+00
2.095000	0.000000000e+00
2.100000	0.000000000e+00
2.105000	0.000000000e+00
2.110000	0.000000000e+00
2.115000	0.000000000e+00
2.120000	0.000000000e+00
2.125000	0.000000000e+00
2.130000	0.000000000e+00
2.135000	0.000000000e+00
2.140000	0.000000000e+00
2.145000	0.000000000e+00
2.150000	0.000000000e+00
2.155000	0.000000000e+00
2.160000	0.000000000e+00
2.165000	0.000000000e+00
2.170000	0.000000000e+00
2.175000	0.000000000e+00
2.180000	0.000000000e+00
2.185000	0.000000000e+00
2.190000	0.000000000e+00
2.195000	0.000000000e+00
2.200000	0.000000000e+00
2.205000	0.000000000e+00
2.210000	0.000000000e+00
2.215000	0.000000000e+00
2.220000	0.000000000e+00
2.225000	0.000000000e+00
2.230000	0.000000000e+00
2.235000	0.000000000e+00
2.240000	0.000000000e+00
2.245000	0.000000000e+00
2.250000	0.000000000e+00
2.255000	0.000000000e+00
2.260000	0.000000000e+00
2.265000	0.000000000e+00
2.270000	0.000000000e+00
2.275000	0.000000000e+00
2.280000	0.000000000e+00
2.285000	0.000000000e+00
2.290000	0.000000000e+00
2.295000	0.000000000e+00
2.300000	0.000000000e+00
2.305000	0.000000000e+00
2.310000	0.000000000e+00
2.315000	0.000000000e+00
2.320000	0.000000000e+00
2.325000	0.000000000e+00
2.330000	0.000000000e+00
2.335000	0.000000000e+00
2.340000	0.000000000e+00
2.345000	0.000000000e+00
2.350000	0.000000000e+00
2.355000	0.000000000e+00
2.360000	0.000000000e+00
2.365000	0.000000000e+00
2.370000	0.000000000e+00
2.375000	0.000000000e+00
2.380000	0.000000000e+00
2.385000	0.000000000e+00
2.390000	0.000000000e+00
2.395000	0.000000000e+00
2.400000	0.000000000e+00
2.405000	0.000000000e+00
2.410000	0.000000000e+00
2.415000	0.000000000e+00
2.420000	0.000000000e+00
2.425000	0.000000000e+00
2.430000	0.000000000e+00
2.435000	0.000000000e+00
2.440000	0.000000000e+00
2.445000	0.000000000e+00
2.450000	0.000000000e+00
2.455000	0.000000000e+00
2.460000	0.000000000e+00
2.465000	0.000000000e+00
2.470000	0.000000000e+00
2.475000	0.000000000e+00
2.480000	0.000000000e+00
2.485000	0.000000000e+00
2.490000	0.000000000e+00
2.495000	0.000000000e+00
2.500000	0.000000000e+00
2.505000	0.000000000e+00
2.510000	0.000000000e+00
2.515000	0.000000000e+00
2.520000	0.000000000e+00
2.525000	0.000000000e+00
2.530000	0.000000000e+00
2.535000	0.000000000e+00
2.540000	0.000000000e+00
2.545000	0.000000000e+00
2.550000	0.000000000e+00
2.555000	0.000000000e+00
2.560000	0.000000000e+00
2.565000	0.000000000e+00
2.570000	0.000000000e+00
2.575000	0.000000000e+00
2.580000	0.000000000e+00
2.585000	0.000000000e+00
2.590000	0.000000000e+00
2.595000	0.000000000e+00
2.600000	0.000000000e+00
2.605000	0.000000000e+00
2.610000	0.000000000e+00
2.615000	0.000000000e+00
2.620000	0.000000000e+00
2.625000	0.000000000e+00
2.630000	0.000000000e+00
2.635000	0.000000000e+00
2.640000	0.000000000e+00
2.645000	0.000000000e+00
2.650000	0.000000000e+00
2.655000	0.000000000e+00
2.660000	0.000000000e+00
2.665000	0.000000000e+00
2.670000	0.000000000e+00
2.675000	0.000000000e+00
2.680000	0.000000000e+00
2.685000	0.000000000e+00
2.690000	0.000000000e+00
2.695000	0.000000000e+00
2.700000	0.000000000e+00
2.705000	0.000000000e+00
2.710000	0.000000000e+00
2.715000	0.000000000e+00
2.720000	0.000000000e+00
2.725000	0.000000000e+00
2.730000	0.000000000e+00
2.735000	0.000000000e+00
2.740000	0.000000000e+00
2.745000	0.000000000e+00
2.750000	0.000000000e+00
2.755000	0.000000000e+00
2.760000	0.000000000e+00
2.765000	0.000000000e+00
2.770000	0.000000000e+00
2.775000	0.000000000e+00
2.780000	0.000000000e+00
2.785000	0.000000000e+00
2.790000	0.000000000e+00
2.795000	0.000000000e+00
2.800000	0.000000000e+00
2.805000	0.000000000e+00
2.810000	0.000000000e+00
2.815000	0.000000000e+00
2.820000	0.000000000e+00
2.825000	0.000000000e+00
2.830000	0.000000000e+00
2.835000	0.000000000e+00
2.840000	0.000000000e+00
2.845000	0.000000000e+00
2.850000	0.000000000e+00
2.855000	0.000000000e+00
2.860000	0.000000000e+00
2.865000	0.000000000e+00
2.870000	0.000000000e+00
2.875000	0.000000000e+00
2.880000	0.000000000e+00
2.885000	0.000000000e+00
2.890000	0.000000000e+00
2.895000	0.000000000e+00
2.900000	0.000000000e+00
2.905000	0.000000000e+00
2.910000	0.000000000e+00
2.915000	0.000000000e+00
2.920000	0.000000000e+00
2.925000	0.000000000e+00
2.930000	0.000000000e+00
2.935000	0.000000000e+00
2.940000	0.000000000e+00
2.945000	0.000000000e+00
2.950000	0.000000000e+00
2.955000	0.000000000e+00
2.960000	0.000000000e+00
2.965000	0.000000000e+00
2.970000	0.000000000e+00
2.975000	0.000000000e+00
2.980000	0.000000000e+00
2.985000	0.000000000e+00
2.990000	0.000000000e+00
2.995000	0.000000000e+00
3.000000	0.000000000e+00
3.005000	0.000000000e+00
3.010000	0.000000000e+00
3.015000	0.000000000e+00
3.020000	0.000000000e+00
3.025000	0.000000000e+00
3.030000	0.000000000e+00
3.035000	0.000000000e+00
3.040000	0.000000000e+00
3.045000	0.000000000e+00
3.050000	0.000000000e+00
3.055000	0.000000000e+00
3.060000	0.000000000e+00
3.065000	0.000000000e+00
3.070000	0.000000000e+00
3.075000	0.000000000e+00
3.080000	0.000000000e+00
3.085000	0.000000000e+00
3.090000	0.000000000e+00
3.095000	0.000000000e+00
3.100000	0.000000000e+00
3.105000	0.000000000e+00
3.110000	0.000000000e+00
3.115000	0.000000000e+00
3.120000	0.000000000e+00
3.125000	0.000000000e+00
3.130000	0.000000000e+00
3.135000	0.000000000e+00
3.140000	0.000000000e+00
3.145000	0.000000000e+00
3.150000	0.000000000e+00
3.155000	0.000000000e+00
3.160000	0.000000000e+00
3.165000	0.000000000e+00
3.170000	0.000000000e+00
3.175000	0.000000000e+00
3.180000	0.000000000e+00
3.185000	0.000000000e+00
3.190000	0.000000000e+00
3.195000	0.000000000e+00
3.200000	0.000000000e+00
3.205000	0.000000000e+00
3.210000	0.000000000e+00
3.215000	0.000000000e+00
3.220000	0.000000000e+00
3.225000	0.000000000e+00
3.230000	0.000000000e+00
3.235000	0.000000000e+00
3.240000	0.000000000e+00
3.245000	0.000000000e+00
