StratD_run23_T0.4907
648	0
0.000000	0.000000000e+00
0.005000	4.202478450e-02
0.010000	8.387738636e-02
0.015000	1.253863284e-01
0.020000	1.663815414e-01
0.025000	2.066950611e-01
0.030000	2.461617162e-01
0.035000	2.846198051e-01
0.040000	3.219117585e-01
0.045000	3.578847850e-01
0.050000	3.923914971e-01
0.055000	4.252905148e-01
0.060000	4.564470453e-01
0.065000	4.857334351e-01
0.070000	5.130296929e-01
0.075000	5.382239812e-01
0.080000	5.612130749e-01
0.085000	5.819027837e-01
0.090000	6.002083383e-01
0.095000	6.160547379e-01
0.100000	6.293770571e-01
0.105000	6.401207120e-01
0.110000	6.482416841e-01
0.115000	6.537067004e-01
0.120000	6.564933698e-01
0.125000	6.565902748e-01
0.130000	6.539970184e-01
0.135000	6.487242256e-01
0.140000	6.407935000e-01
0.145000	6.302373350e-01
0.150000	6.170989811e-01
0.155000	6.014322683e-01
0.160000	5.833013857e-01
0.165000	5.627806188e-01
0.170000	5.399540445e-01
0.175000	5.149151871e-01
0.180000	4.877666351e-01
0.185000	4.586196208e-01
0.190000	4.275935642e-01
0.195000	3.948155846e-01
0.200000	3.604199787e-01
0.205000	3.245476712e-01
0.210000	2.873456370e-01
0.215000	2.489662991e-01
0.220000	2.095669042e-01
0.225000	1.693088783e-01
0.230000	1.283571653e-01
0.235000	8.687955119e-02
0.240000	4.504597691e-02
0.245000	3.027841648e-03
0.250000	-3.900269919e-02
0.255000	-8.087343938e-02
0.260000	-1.224128274e-01
0.265000	-1.634506694e-01
0.270000	-2.038188263e-01
0.275000	-2.433519031e-01
0.280000	-2.818879259e-01
0.285000	-3.192690062e-01
0.290000	-3.553419874e-01
0.295000	-3.899590724e-01
0.300000	-4.229784292e-01
0.305000	-4.542647717e-01
0.310000	-4.836899147e-01
0.315000	-5.111332983e-01
0.320000	-5.364824823e-01
0.325000	-5.596336069e-01
0.330000	-5.804918179e-01
0.335000	-5.989716558e-01
0.340000	-6.149974055e-01
0.345000	-6.285034068e-01
0.350000	-6.394343234e-01
0.355000	-6.477453694e-01
0.360000	-6.534024931e-01
0.365000	-6.563825163e-01
0.370000	-6.566732293e-01
0.375000	-6.542734410e-01
0.380000	-6.491929838e-01
0.385000	-6.414526731e-01
0.390000	-6.310842223e-01
0.395000	-6.181301128e-01
0.400000	-6.026434196e-01
0.405000	-5.846875945e-01
0.410000	-5.643362053e-01
0.415000	-5.416726354e-01
0.420000	-5.167897410e-01
0.425000	-4.897894716e-01
0.430000	-4.607824519e-01
0.435000	-4.298875287e-01
0.440000	-3.972312835e-01
0.445000	-3.629475145e-01
0.450000	-3.271766882e-01
0.455000	-2.900653637e-01
0.460000	-2.517655923e-01
0.465000	-2.124342947e-01
0.470000	-1.722326179e-01
0.475000	-1.313252749e-01
0.480000	-8.987987010e-02
0.485000	-4.806621223e-02
0.490000	-6.055618965e-03
0.495000	3.597978520e-02
0.500000	7.786777410e-02
0.505000	1.194367256e-01
0.510000	1.605163246e-01
0.515000	2.009382610e-01
0.520000	2.405369194e-01
0.525000	2.791500574e-01
0.530000	3.166194704e-01
0.535000	3.527916399e-01
0.540000	3.875183624e-01
0.545000	4.206573566e-01
0.550000	4.520728464e-01
0.555000	4.816361174e-01
0.560000	5.092260437e-01
0.565000	5.347295848e-01
0.570000	5.580422484e-01
0.575000	5.790685185e-01
0.580000	5.977222469e-01
0.585000	6.139270062e-01
0.590000	6.276164028e-01
0.595000	6.387343488e-01
0.600000	6.472352921e-01
0.605000	6.530844030e-01
0.610000	6.562577167e-01
0.615000	6.567422314e-01
0.620000	6.545359622e-01
0.625000	6.496479485e-01
0.630000	6.420982173e-01
0.635000	6.319177010e-01
0.640000	6.191481111e-01
0.645000	6.038417667e-01
0.650000	5.860613804e-01
0.655000	5.658798015e-01
0.660000	5.433797174e-01
0.665000	5.186533146e-01
0.670000	4.918019016e-01
0.675000	4.629354929e-01
0.680000	4.321723593e-01
0.685000	3.996385424e-01
0.690000	3.654673388e-01
0.695000	3.297987537e-01
0.700000	2.927789274e-01
0.705000	2.545595362e-01
0.710000	2.152971716e-01
0.715000	1.751526981e-01
0.720000	1.342905944e-01
0.725000	9.287827934e-02
0.730000	5.108542629e-02
0.735000	9.083267617e-03
0.740000	9.083267617e-03
0.745000	9.073543631e-03
0.750000	9.044413310e-03
0.755000	8.996001397e-03
0.760000	8.928515198e-03
0.765000	8.842243699e-03
0.770000	8.737556329e-03
0.775000	8.614901374e-03
0.780000	8.474804062e-03
0.785000	8.317864311e-03
0.790000	8.144754161e-03
0.795000	7.956214897e-03
0.800000	7.753053872e-03
0.805000	7.536141054e-03
0.810000	7.306405296e-03
0.815000	7.064830362e-03
0.820000	6.812450713e-03
0.825000	6.550347077e-03
0.830000	6.279641823e-03
0.835000	6.001494152e-03
0.840000	5.717095134e-03
0.845000	5.427662611e-03
0.850000	5.134435976e-03
0.855000	4.838670872e-03
0.860000	4.541633809e-03
0.865000	4.244596746e-03
0.870000	3.948831641e-03
0.875000	3.655605006e-03
0.880000	3.366172483e-03
0.885000	3.081773466e-03
0.890000	2.803625794e-03
0.895000	2.532920540e-03
0.900000	2.270816904e-03
0.905000	2.018437255e-03
0.910000	1.776862321e-03
0.915000	1.547126563e-03
0.920000	1.330213745e-03
0.925000	1.127052720e-03
0.930000	9.385134562e-04
0.935000	7.654033066e-04
0.940000	6.084635557e-04
0.945000	4.683662436e-04
0.950000	3.457112887e-04
0.955000	2.410239181e-04
0.960000	1.547524193e-04
0.965000	8.726622014e-05
0.970000	3.885430682e-05
0.975000	9.723986606e-06
0.980000	0.000000000e+00
0.985000	0.000000000e+00
0.990000	0.000000000e+00
0.995000	0.000000000e+00
1.000000	0.000000000e+00
1.005000	0.000000000e+00
1.010000	0.000000000e+00
1.015000	0.000000000e+00
1.020000	0.000000000e+00
1.025000	0.000000000e+00
1.030000	0.000000000e+00
1.035000	0.000000000e+00
1.040000	0.000000000e+00
1.045000	0.000000000e+00
1.050000	0.000000000e+00
1.055000	0.000000000e+00
1.060000	0.000000000e+00
1.065000	0.000000000e+00
1.070000	0.000000000e+00
1.075000	0.000000000e+00
1.080000	0.000000000e+00
1.085000	0.000000000e+00
1.090000	0.000000000e+00
1.095000	0.000000000e+00
1.100000	0.000000000e+00
1.105000	0.000000000e+00
1.110000	0.000000000e+00
1.115000	0.000000000e+00
1.120000	0.000000000e+00
1.125000	0.000000000e+00
1.130000	0.000000000e+00
1.135000	0.000000000e+00
1.140000	0.000000000e+00
1.145000	0.000000000e+00
1.150000	0.000000000e+00
1.155000	0.000000000e+00
1.160000	0.000000000e+00
1.165000	0.000000000e+00
1.170000	0.000000000e+00
1.175000	0.000000000e+00
1.180000	0.000000000e+00
1.185000	0.000000000e+00
1.190000	0.000000000e+00
1.195000	0.000000000e+00
1.200000	0.000000000e+00
1.205000	0.000000000e+00
1.210000	0.000000000e+00
1.215000	0.000000000e+00
1.220000	0.000000000e+00
1.225000	0.000000000e+00
1.230000	0.000000000e+00
1.235000	0.000000000e+00
1.240000	0.000000000e+00
1.245000	0.000000000e+00
1.250000	0.000000000e+00
1.255000	0.000000000e+00
1.260000	0.000000000e+00
1.265000	0.000000000e+00
1.270000	0.000000000e+00
1.275000	0.000000000e+00
1.280000	0.000000000e+00
1.285000	0.000000000e+00
1.290000	0.000000000e+00
1.295000	0.000000000e+00
1.300000	0.000000000e+00
1.305000	0.000000000e+00
1.310000	0.000000000e+00
1.315000	0.000000000e+00
1.320000	0.000000000e+00
1.325000	0.000000000e+00
1.330000	0.000000000e+00
1.335000	0.000000000e+00
1.340000	0.000000000e+00
1.345000	0.000000000e+00
1.350000	0.000000000e+00
1.355000	0.000000000e+00
1.360000	0.000000000e+00
1.365000	0.000000000e+00
1.370000	0.000000000e+00
1.375000	0.000000000e+00
1.380000	0.000000000e+00
1.385000	0.000000000e+00
1.390000	0.000000000e+00
1.395000	0.000000000e+00
1.400000	0.000000000e+00
1.405000	0.000000000e+00
1.410000	0.000000000e+00
1.415000	0.000000000e+00
1.420000	0.000000000e+00
1.425000	0.000000000e+00
1.430000	0.000000000e+00
1.435000	0.000000000e+00
1.440000	0.000000000e+00
1.445000	0.000000000e+00
1.450000	0.000000000e+00
1.455000	0.000000000e+00
1.460000	0.000000000e+00
1.465000	0.000000000e+00
1.470000	0.000000000e+00
1.475000	0.000000000e+00
1.480000	0.000000000e+00
1.485000	0.000000000e+00
1.490000	0.000000000e+00
1.495000	0.000000000e+00
1.500000	0.000000000e+00
1.505000	0.000000000e+00
1.510000	0.000000000e+00
1.515000	0.000000000e+00
1.520000	0.000000000e+00
1.525000	0.000000000e+00
1.530000	0.000000000e+00
1.535000	0.000000000e+00
1.540000	0.000000000e+00
1.545000	0.000000000e+00
1.550000	0.000000000e+00
1.555000	0.000000000e+00
1.560000	0.000000000e+00
1.565000	0.000000000e+00
1.570000	0.000000000e+00
1.575000	0.000000000e+00
1.580000	0.000000000e+00
1.585000	0.000000000e+00
1.590000	0.000000000e+00
1.595000	0.000000000e+00
1.600000	0.000000000e+00
1.605000	0.000000000e+00
1.610000	0.000000000e+00
1.615000	0.000000000e+00
1.620000	0.000000000e+00
1.625000	0.000000000e+00
1.630000	0.000000000e+00
1.635000	0.000000000e+00
1.640000	0.000000000e+00
1.645000	0.000000000e+00
1.650000	0.000000000e+00
1.655000	0.000000000e+00
1.660000	0.000000000e+00
1.665000	0.000000000e+00
1.670000	0.000000000e+00
1.675000	0.000000000e+00
1.680000	0.000000000e+00
1.685000	0.000000000e+00
1.690000	0.000000000e+00
1.695000	0.000000000e+00
1.700000	0.000000000e+00
1.705000	0.000000000e+00
1.710000	0.000000000e+00
1.715000	0.000000000e+00
1.720000	0.000000000e+00
1.725000	0.000000000e+00
1.730000	0.000000000e+00
1.735000	0.000000000e+00
1.740000	0.000000000e+00
1.745000	0.000000000e+00
1.750000	0.000000000e+00
1.755000	0.000000000e+00
1.760000	0.000000000e+00
1.765000	0.000000000e+00
1.770000	0.000000000e+00
1.775000	0.000000000e+00
1.780000	0.000000000e+00
1.785000	0.000000000e+00
1.790000	0.000000000e+00
1.795000	0.000000000e+00
1.800000	0.000000000e+00
1.805000	0.000000000e+00
1.810000	0.000000000e+00
1.815000	0.000000000e+00
1.820000	0.000000000e+00
1.825000	0.000000000e+00
1.830000	0.000000000e+00
1.835000	0.000000000e+00
1.840000	0.000000000e+00
1.845000	0.000000000e+00
1.850000	0.000000000e+00
1.855000	0.000000000e+00
1.860000	0.000000000e+00
1.865000	0.000000000e+00
1.870000	0.000000000e+00
1.875000	0.000000000e+00
1.880000	0.000000000e+00
1.885000	0.000000000e+00
1.890000	0.000000000e+00
1.895000	0.000000000e+00
1.900000	0.000000000e+00
1.905000	0.000000000e+00
1.910000	0.000000000e+00
1.915000	0.000000000e+00
1.920000	0.000000000e+00
1.925000	0.000000000e+00
1.930000	0.000000000e+00
1.935000	0.000000000e+00
1.940000	0.000000000e+00
1.945000	0.000000000e+00
1.950000	0.000000000e+00
1.955000	0.000000000e+00
1.960000	0.000000000e+00
1.965000	0.000000000e+00
1.970000	0.000000000e+00
1.975000	0.000000000e+00
1.980000	0.000000000e+00
1.985000	0.000000000e+00
1.990000	0.000000000e+00
1.995000	0.000000000e+00
2.000000	0.000000000e+00
2.005000	0.000000000e+00
2.010000	0.000000000e+00
2.015000	0.000000000e+00
2.020000	0.000000000e+00
2.025000	0.000000000e+00
2.030000	0.000000000e+00
2.035000	0.000000000e+00
2.040000	0.000000000e+00
2.045000	0.000000000e+00
2.050000	0.000000000e+00
2.055000	0.000000000e+00
2.060000	0.000000000e+00
2.065000	0.000000000e+00
2.070000	0.000000000e+00
2.075000	0.000000000e+00
2.080000	0.000000000e+00
2.085000	0.000000000e+00
2.090000	0.000000000e+00
2.095000	0.000000000e+00
2.100000	0.000000000e+00
2.105000	0.000000000e+00
2.110000	0.000000000e+00
2.115000	0.000000000e+00
2.120000	0.000000000e+00
2.125000	0.000000000e+00
2.130000	0.000000000e+00
2.135000	0.000000000e+00
2.140000	0.000000000e+00
2.145000	0.000000000e+00
2.150000	0.000000000e+00
2.155000	0.000000000e+00
2.160000	0.000000000e+00
2.165000	0.000000000e+00
2.170000	0.000000000e+00
2.175000	0.000000000e+00
2.180000	0.000000000e+00
2.185000	0.000000000e+00
2.190000	0.000000000e+00
2.195000	0.000000000e+00
2.200000	0.000000000e+00
2.205000	0.000000000e+00
2.210000	0.000000000e+00
2.215000	0.000000000e+00
2.220000	0.000000000e+00
2.225000	0.000000000e+00
2.230000	0.000000000e+00
2.235000	0.000000000e+00
2.240000	0.000000000e+00
2.245000	0.000000000e+00
2.250000	0.000000000e+00
2.255000	0.000000000e+00
2.260000	0.000000000e+00
2.265000	0.000000000e+00
2.270000	0.000000000e+00
2.275000	0.000000000e+00
2.280000	0.000000000e+00
2.285000	0.000000000e+00
2.290000	0.000000000e+00
2.295000	0.000000000e+00
2.300000	0.000000000e+00
2.305000	0.000000000e+00
2.310000	0.000000000e+00
2.315000	0.000000000e+00
2.320000	0.000000000e+00
2.325000	0.000000000e+00
2.330000	0.000000000e+00
2.335000	0.000000000e+00
2.340000	0.000000000e+00
2.345000	0.000000000e+00
2.350000	0.000000000e+00
2.355000	0.000000000e+00
2.360000	0.000000000e+00
2.365000	0.000000000e+00
2.370000	0.000000000e+00
2.375000	0.000000000e+00
2.380000	0.000000000e+00
2.385000	0.000000000e+00
2.390000	0.000000000e+00
2.395000	0.000000000e+00
2.400000	0.000000000e+00
2.405000	0.000000000e+00
2.410000	0.000000000e+00
2.415000	0.000000000e+00
2.420000	0.000000000e+00
2.425000	0.000000000e+00
2.430000	0.000000000e+00
2.435000	0.000000000e+00
2.440000	0.000000000e+00
2.445000	0.000000000e+00
2.450000	0.000000000e+00
2.455000	0.000000000e+00
2.460000	0.000000000e+00
2.465000	0.000000000e+00
2.470000	0.000000000e+00
2.475000	0.000000000e+00
2.480000	0.000000000e+00
2.485000	0.000000000e+00
2.490000	0.000000000e+00
2.495000	0.000000000e+00
2.500000	0.000000000e+00
2.505000	0.000000000e+00
2.510000	0.000000000e+00
2.515000	0.000000000e+00
2.520000	0.000000000e+00
2.525000	0.000000000e+00
2.530000	0.000000000e+00
2.535000	0.000000000e+00
2.540000	0.000000000e+00
2.545000	0.000000000e+00
2.550000	0.000000000e+00
2.555000	0.000000000e+00
2.560000	0.000000000e+00
2.565000	0.000000000e+00
2.570000	0.000000000e+00
2.575000	0.000000000e+00
2.580000	0.000000000e+00
2.585000	0.000000000e+00
2.590000	0.000000000e+00
2.595000	0.000000000e+00
2.600000	0.000000000e+00
2.605000	0.000000000e+00
2.610000	0.000000000e+00
2.615000	0.000000000e+00
2.620000	0.000000000e+00
2.625000	0.000000000e+00
2.630000	0.000000000e+00
2.635000	0.000000000e+00
2.640000	0.000000000e+00
2.645000	0.000000000e+00
2.650000	0.000000000e+00
2.655000	0.000000000e+00
2.660000	0.000000000e+00
2.665000	0.000000000e+00
2.670000	0.000000000e+00
2.675000	0.000000000e+00
2.680000	0.000000000e+00
2.685000	0.000000000e+00
2.690000	0.000000000e+00
2.695000	0.000000000e+00
2.700000	0.000000000e+00
2.705000	0.000000000e+00
2.710000	0.000000000e+00
2.715000	0.000000000e+00
2.720000	0.000000000e+00
2.725000	0.000000000e+00
2.730000	0.000000000e+00
2.735000	0.000000000e+00
2.740000	0.000000000e+00
2.745000	0.000000000e+00
2.750000	0.000000000e+00
2.755000	0.000000000e+00
2.760000	0.000000000e+00
2.765000	0.000000000e+00
2.770000	0.000000000e+00
2.775000	0.000000000e+00
2.780000	0.000000000e+00
2.785000	0.000000000e+00
2.790000	0.000000000e+00
2.795000	0.000000000e+00
2.800000	0.000000000e+00
2.805000	0.000000000e+00
2.810000	0.000000000e+00
2.815000	0.000000000e+00
2.820000	0.000000000e+00
2.825000	0.000000000e+00
2.830000	0.000000000e+00
2.835000	0.000000000e+00
2.840000	0.000000000e+00
2.845000	0.000000000e+00
2.850000	0.000000000e+00
2.855000	0.000000000e+00
2.860000	0.000000000e+00
2.865000	0.000000000e+00
2.870000	0.000000000e+00
2.875000	0.000000000e+00
2.880000	0.000000000e+00
2.885000	0.000000000e+00
2.890000	0.000000000e+00
2.895000	0.000000000e+00
2.900000	0.000000000e+00
2.905000	0.000000000e+00
2.910000	0.000000000e+00
2.915000	0.000000000e+00
2.920000	0.000000000e+00
2.925000	0.000000000e+00
2.930000	0.000000000e+00
2.935000	0.000000000e+00
2.940000	0.000000000e+00
2.945000	0.000000000e+00
2.950000	0.000000000e+00
2.955000	0.000000000e+00
2.960000	0.000000000e+00
2.965000	0.000000000e+00
2.970000	0.000000000e+00
2.975000	0.000000000e+00
2.980000	0.000000000e+00
2.985000	0.000000000e+00
2.990000	0.000000000e+00
2.995000	0.000000000e+00
3.000000	0.000000000e+00
3.005000	0.000000000e+00
3.010000	0.000000000e+00
3.015000	0.000000000e+00
3.020000	0.000000000e+00
3.025000	0.000000000e+00
3.030000	0.000000000e+00
3.035000	0.000000000e+00
3.040000	0.000000000e+00
3.045000	0.000000000e+00
3.050000	0.000000000e+00
3.055000	0.000000000e+00
3.060000	0.000000000e+00
3.065000	0.000000000e+00
3.070000	0.000000000e+00
3.075000	0.000000000e+00
3.080000	0.000000000e+00
3.085000	0.000000000e+00
3.090000	0.000000000e+00
3.095000	0.000000000e+00
3.100000	0.000000000e+00
3.105000	0.000000000e+00
3.110000	0.000000000e+00
3.115000	0.000000000e+00
3.120000	0.000000000e+00
3.125000	0.000000000e+00
3.130000	0.000000000e+00
3.135000	0.000000000e+00
3.140000	0.000000000e+00
3.145000	0.000000000e+00
3.150000	0.000000000e+00
3.155000	0.000000000e+00
3.160000	0.000000000e+00
3.165000	0.000000000e+00
3.170000	0.000000000e+00
3.175000	0.000000000e+00
3.180000	0.000000000e+00
3.185000	0.000000000e+00
3.190000	0.000000000e+00
3.195000	0.000000000e+00
3.200000	0.000000000e+00
3.205000	0.000000000e+00
3.210000	0.000000000e+00
3.215000	0.000000000e+00
3.220000	0.000000000e+00
3.225000	0.000000000e+00
3.230000	0.000000000e+00
3.235000	0.000000000e+00
