StratD_run24_T0.5182
656	0
0.000000	0.000000000e+00
0.005000	4.346453085e-02
0.010000	8.676935481e-02
0.015000	1.297553518e-01
0.020000	1.722645733e-01
0.025000	2.141408226e-01
0.030000	2.552302288e-01
0.035000	2.953818123e-01
0.040000	3.344480392e-01
0.045000	3.722853639e-01
0.050000	4.087547563e-01
0.055000	4.437222125e-01
0.060000	4.770592474e-01
0.065000	5.086433668e-01
0.070000	5.383585174e-01
0.075000	5.660955134e-01
0.080000	5.917524372e-01
0.085000	6.152350148e-01
0.090000	6.364569612e-01
0.095000	6.553402981e-01
0.100000	6.718156403e-01
0.105000	6.858224504e-01
0.110000	6.973092615e-01
0.115000	7.062338664e-01
0.120000	7.125634722e-01
0.125000	7.162748213e-01
0.130000	7.173542767e-01
0.135000	7.157978719e-01
0.140000	7.116113260e-01
0.145000	7.048100220e-01
0.150000	6.954189508e-01
0.155000	6.834726190e-01
0.160000	6.690149225e-01
0.165000	6.520989850e-01
0.170000	6.327869626e-01
0.175000	6.111498159e-01
0.180000	5.872670488e-01
0.185000	5.612264165e-01
0.190000	5.331236033e-01
0.195000	5.030618707e-01
0.200000	4.711516780e-01
0.205000	4.375102768e-01
0.210000	4.022612795e-01
0.215000	3.655342057e-01
0.220000	3.274640062e-01
0.225000	2.881905668e-01
0.230000	2.478581944e-01
0.235000	2.066150873e-01
0.240000	1.646127898e-01
0.245000	1.220056359e-01
0.250000	7.895018228e-02
0.255000	3.560463257e-02
0.260000	-7.871743471e-03
0.265000	-5.131919543e-02
0.270000	-9.457807917e-02
0.275000	-1.374894434e-01
0.280000	-1.798956139e-01
0.285000	-2.216407725e-01
0.290000	-2.625715301e-01
0.295000	-3.025374898e-01
0.300000	-3.413918002e-01
0.305000	-3.789916940e-01
0.310000	-4.151990136e-01
0.315000	-4.498807182e-01
0.320000	-4.829093725e-01
0.325000	-5.141636155e-01
0.330000	-5.435286060e-01
0.335000	-5.708964447e-01
0.340000	-5.961665708e-01
0.345000	-6.192461312e-01
0.350000	-6.400503219e-01
0.355000	-6.585026996e-01
0.360000	-6.745354626e-01
0.365000	-6.880896997e-01
0.370000	-6.991156070e-01
0.375000	-7.075726708e-01
0.380000	-7.134298162e-01
0.385000	-7.166655216e-01
0.390000	-7.172678977e-01
0.395000	-7.152347310e-01
0.400000	-7.105734924e-01
0.405000	-7.033013091e-01
0.410000	-6.934449023e-01
0.415000	-6.810404884e-01
0.420000	-6.661336464e-01
0.425000	-6.487791504e-01
0.430000	-6.290407681e-01
0.435000	-6.069910265e-01
0.440000	-5.827109456e-01
0.445000	-5.562897406e-01
0.450000	-5.278244941e-01
0.455000	-4.974197993e-01
0.460000	-4.651873758e-01
0.465000	-4.312456590e-01
0.470000	-3.957193650e-01
0.475000	-3.587390323e-01
0.480000	-3.204405422e-01
0.485000	-2.809646193e-01
0.490000	-2.404563147e-01
0.495000	-1.990644728e-01
0.500000	-1.569411847e-01
0.505000	-1.142412290e-01
0.510000	-7.112150308e-02
0.515000	-2.774044701e-02
0.520000	1.574253908e-02
0.525000	5.916768049e-02
0.530000	1.023754151e-01
0.535000	1.452069795e-01
0.540000	1.875049926e-01
0.545000	2.291140339e-01
0.550000	2.698812142e-01
0.555000	3.096567379e-01
0.560000	3.482944530e-01
0.565000	3.856523885e-01
0.570000	4.215932755e-01
0.575000	4.559850522e-01
0.580000	4.887013488e-01
0.585000	5.196219520e-01
0.590000	5.486332465e-01
0.595000	5.756286326e-01
0.600000	6.005089180e-01
0.605000	6.231826821e-01
0.610000	6.435666120e-01
0.615000	6.615858086e-01
0.620000	6.771740618e-01
0.625000	6.902740938e-01
0.630000	7.008377697e-01
0.635000	7.088262740e-01
0.640000	7.142102537e-01
0.645000	7.169699258e-01
0.650000	7.170951501e-01
0.655000	7.145854663e-01
0.660000	7.094500963e-01
0.665000	7.017079094e-01
0.670000	6.913873538e-01
0.675000	6.785263514e-01
0.680000	6.631721590e-01
0.685000	6.453811942e-01
0.690000	6.252188287e-01
0.695000	6.027591472e-01
0.700000	5.780846762e-01
0.705000	5.512860799e-01
0.710000	5.224618277e-01
0.715000	4.917178318e-01
0.720000	4.591670587e-01
0.725000	4.249291135e-01
0.730000	3.891298007e-01
0.735000	3.519006620e-01
0.740000	3.133784929e-01
0.745000	2.737048399e-01
0.750000	2.330254807e-01
0.755000	1.914898883e-01
0.760000	1.492506818e-01
0.765000	1.064630658e-01
0.770000	6.328425992e-02
0.775000	1.987292114e-02
0.780000	1.987292114e-02
0.785000	1.985407494e-02
0.790000	1.979760783e-02
0.795000	1.970373402e-02
0.800000	1.957280958e-02
0.805000	1.940533118e-02
0.810000	1.920193411e-02
0.815000	1.896338992e-02
0.820000	1.869060350e-02
0.825000	1.838460961e-02
0.830000	1.804656901e-02
0.835000	1.767776398e-02
0.840000	1.727959354e-02
0.845000	1.685356807e-02
0.850000	1.640130366e-02
0.855000	1.592451587e-02
0.860000	1.542501334e-02
0.865000	1.490469085e-02
0.870000	1.436552217e-02
0.875000	1.380955253e-02
0.880000	1.323889093e-02
0.885000	1.265570208e-02
0.890000	1.206219822e-02
0.895000	1.146063070e-02
0.900000	1.085328149e-02
0.905000	1.024245445e-02
0.910000	9.630466684e-03
0.915000	9.019639654e-03
0.920000	8.412290439e-03
0.925000	7.810722924e-03
0.930000	7.217219059e-03
0.935000	6.634030209e-03
0.940000	6.063368609e-03
0.945000	5.507398973e-03
0.950000	4.968230285e-03
0.955000	4.447907796e-03
0.960000	3.948405267e-03
0.965000	3.471617484e-03
0.970000	3.019353064e-03
0.975000	2.593327603e-03
0.980000	2.195157160e-03
0.985000	1.826352133e-03
0.990000	1.488311525e-03
0.995000	1.182317640e-03
1.000000	9.095312173e-04
1.005000	6.709870299e-04
1.010000	4.675899572e-04
1.015000	3.001115542e-04
1.020000	1.691871236e-04
1.025000	7.531330678e-05
1.030000	1.884619922e-05
1.035000	0.000000000e+00
1.040000	0.000000000e+00
1.045000	0.000000000e+00
1.050000	0.000000000e+00
1.055000	0.000000000e+00
1.060000	0.000000000e+00
1.065000	0.000000000e+00
1.070000	0.000000000e+00
1.075000	0.000000000e+00
1.080000	0.000000000e+00
1.085000	0.000000000e+00
1.090000	0.000000000e+00
1.095000	0.000000000e+00
1.100000	0.000000000e+00
1.105000	0.000000000e+00
1.110000	0.000000000e+00
1.115000	0.000000000e+00
1.120000	0.000000000e+00
1.125000	0.000000000e+00
1.130000	0.000000000e+00
1.135000	0.000000000e+00
1.140000	0.000000000e+00
1.145000	0.000000000e+00
1.150000	0.000000000e+00
1.155000	0.000000000e+00
1.160000	0.000000000e+00
1.165000	0.000000000e+00
1.170000	0.000000000e+00
1.175000	0.000000000e+00
1.180000	0.000000000e+00
1.185000	0.000000000e+00
1.190000	0.000000000e+00
1.195000	0.000000000e+00
1.200000	0.000000000e+00
1.205000	0.000000000e+00
1.210000	0.000000000e+00
1.215000	0.000000000e+00
1.220000	0.000000000e+00
1.225000	0.000000000e+00
1.230000	0.000000000e+00
1.235000	0.000000000e+00
1.240000	0.000000000e+00
1.245000	0.000000000e+00
1.250000	0.000000000e+00
1.255000	0.000000000e+00
1.260000	0.000000000e+00
1.265000	0.000000000e+00
1.270000	0.000000000e+00
1.275000	0.000000000e+00
1.280000	0.000000000e+00
1.285000	0.000000000e+00
1.290000	0.000000000e+00
1.295000	0.000000000e+00
1.300000	0.000000000e+00
1.305000	0.000000000e+00
1.310000	0.000000000e+00
1.315000	0.000000000e+00
1.320000	0.000000000e+00
1.325000	0.000000000e+00
1.330000	0.000000000e+00
1.335000	0.000000000e+00
1.340000	0.000000000e+00
1.345000	0.000000000e+00
1.350000	0.000000000e+00
1.355000	0.000000000e+00
1.360000	0.000000000e+00
1.365000	0.000000000e+00
1.370000	0.000000000e+00
1.375000	0.000000000e+00
1.380000	0.000000000e+00
1.385000	0.000000000e+00
1.390000	0.000000000e+00
1.395000	0.000000000e+00
1.400000	0.000000000e+00
1.405000	0.000000000e+00
1.410000	0.000000000e+00
1.415000	0.000000000e+00
1.420000	0.000000000e+00
1.425000	0.000000000e+00
1.430000	0.000000000e+00
1.435000	0.000000000e+00
1.440000	0.000000000e+00
1.445000	0.000000000e+00
1.450000	0.000000000e+00
1.455000	0.000000000e+00
1.460000	0.000000000e+00
1.465000	0.000000000e+00
1.470000	0.000000000e+00
1.475000	0.000000000e+00
1.480000	0.000000000e+00
1.485000	0.000000000e+00
1.490000	0.000000000e+00
1.495000	0.000000000e+00
1.500000	0.000000000e+00
1.505000	0.000000000e+00
1.510000	0.000000000e+00
1.515000	0.000000000e+00
1.520000	0.000000000e+00
1.525000	0.000000000e+00
1.530000	0.000000000e+00
1.535000	0.000000000e+00
1.540000	0.000000000e+00
1.545000	0.000000000e+00
1.550000	0.000000000e+00
1.555000	0.000000000e+00
1.560000	0.000000000e+00
1.565000	0.000000000e+00
1.570000	0.000000000e+00
1.575000	0.000000000e+00
1.580000	0.000000000e+00
1.585000	0.000000000e+00
1.590000	0.000000000e+00
1.595000	0.000000000e+00
1.600000	0.000000000e+00
1.605000	0.000000000e+00
1.610000	0.000000000e+00
1.615000	0.000000000e+00
1.620000	0.000000000e+00
1.625000	0.000000000e+00
1.630000	0.000000000e+00
1.635000	0.000000000e+00
1.640000	0.000000000e+00
1.645000	0.000000000e+00
1.650000	0.000000000e+00
1.655000	0.000000000e+00
1.660000	0.000000000e+00
1.665000	0.000000000e+00
1.670000	0.000000000e+00
1.675000	0.000000000e+00
1.680000	0.000000000e+00
1.685000	0.000000000e+00
1.690000	0.000000000e+00
1.695000	0.000000000e+00
1.700000	0.000000000e+00
1.705000	0.000000000e+00
1.710000	0.000000000e+00
1.715000	0.000000000e+00
1.720000	0.000000000e+00
1.725000	0.000000000e+00
1.730000	0.000000000e+00
1.735000	0.000000000e+00
1.740000	0.000000000e+00
1.745000	0.000000000e+00
1.750000	0.000000000e+00
1.755000	0.000000000e+00
1.760000	0.000000000e+00
1.765000	0.000000000e+00
1.770000	0.000000000e+00
1.775000	0.000000000e+00
1.780000	0.000000000e+00
1.785000	0.000000000e+00
1.790000	0.000000000e+00
1.795000	0.000000000e+00
1.800000	0.000000000e+00
1.805000	0.000000000e+00
1.810000	0.000000000e+00
1.815000	0.000000000e+00
1.820000	0.000000000e+00
1.825000	0.000000000e+00
1.830000	0.000000000e+00
1.835000	0.000000000e+00
1.840000	0.000000000e+00
1.845000	0.000000000e+00
1.850000	0.000000000e+00
1.855000	0.000000000e+00
1.860000	0.000000000e+00
1.865000	0.000000000e+00
1.870000	0.000000000e+00
1.875000	0.000000000e+00
1.880000	0.000000000e+00
1.885000	0.000000000e+00
1.890000	0.000000000e+00
1.895000	0.000000000e+00
1.900000	0.000000000e+00
1.905000	0.000000000e+00
1.910000	0.000000000e+00
1.915000	0.000000000e+00
1.920000	0.000000000e+00
1.925000	0.000000000e+00
1.930000	0.000000000e+00
1.935000	0.000000000e+00
1.940000	0.000000000e+00
1.945000	0.000000000e+00
1.950000	0.000000000e+00
1.955000	0.000000000e+00
1.960000	0.000000000e+00
1.965000	0.000000000e+00
1.970000	0.000000000e+00
1.975000	0.000000000e+00
1.980000	0.000000000e+00
1.985000	0.000000000e+00
1.990000	0.000000000e+00
1.995000	0.000000000e+00
2.000000	0.000000000e+00
2.005000	0.000000000e+00
2.010000	0.000000000e+00
2.015000	0.000000000e+00
2.020000	0.000000000e+00
2.025000	0.000000000e+00
2.030000	0.000000000e+00
2.035000	0.000000000e+00
2.040000	0.000000000e+00
2.045000	0.000000000e+00
2.050000	0.000000000e+00
2.055000	0.000000000e+00
2.060000	0.000000000e+00
2.065000	0.000000000e+00
2.070000	0.000000000e+00
2.075000	0.000000000e+00
2.080000	0.000000000e+00
2.085000	0.000000000e+00
2.090000	0.000000000e+00
2.095000	0.000000000e+00
2.100000	0.000000000e+00
2.105000	0.000000000e+00
2.110000	0.000000000e+00
2.115000	0.000000000e+00
2.120000	0.000000000e+00
2.125000	0.000000000e+00
2.130000	0.000000000e+00
2.135000	0.000000000e+00
2.140000	0.000000000e+00
2.145000	0.000000000e+00
2.150000	0.000000000e+00
2.155000	0.000000000e+00
2.160000	0.000000000e+00
2.165000	0.000000000e+00
2.170000	0.000000000e+00
2.175000	0.000000000e+00
2.180000	0.000000000e+00
2.185000	0.000000000e+00
2.190000	0.000000000e+00
2.195000	0.000000000e+00
2.200000	0.000000000e+00
2.205000	0.000000000e+00
2.210000	0.000000000e+00
2.215000	0.000000000e+00
2.220000	0.000000000e+00
2.225000	0.000000000e+00
2.230000	0.000000000e+00
2.235000	0.000000000e+00
2.240000	0.000000000e+00
2.245000	0.000000000e+00
2.250000	0.000000000e+00
2.255000	0.000000000e+00
2.260000	0.000000000e+00
2.265000	0.000000000e+00
2.270000	0.000000000e+00
2.275000	0.000000000e+00
2.280000	0.000000000e+00
2.285000	0.000000000e+00
2.290000	0.000000000e+00
2.295000	0.000000000e+00
2.300000	0.000000000e+00
2.305000	0.000000000e+00
2.310000	0.000000000e+00
2.315000	0.000000000e+00
2.320000	0.000000000e+00
2.325000	0.000000000e+00
2.330000	0.000000000e+00
2.335000	0.000000000e+00
2.340000	0.000000000e+00
2.345000	0.000000000e+00
2.350000	0.000000000e+00
2.355000	0.000000000e+00
2.360000	0.000000000e+00
2.365000	0.000000000e+00
2.370000	0.000000000e+00
2.375000	0.000000000e+00
2.380000	0.000000000e+00
2.385000	0.000000000e+00
2.390000	0.000000000e+00
2.395000	0.000000000e+00
2.400000	0.000000000e+00
2.405000	0.000000000e+00
2.410000	0.000000000e+00
2.415000	0.000000000e+00
2.420000	0.000000000e+00
2.425000	0.000000000e+00
2.430000	0.000000000e+00
2.435000	0.000000000e+00
2.440000	0.000000000e+00
2.445000	0.000000000e+00
2.450000	0.000000000e+00
2.455000	0.000000000e+00
2.460000	0.000000000e+00
2.465000	0.000000000e+00
2.470000	0.000000000e+00
2.475000	0.000000000e+00
2.480000	0.000000000e+00
2.485000	0.000000000e+00
2.490000	0.000000000e+00
2.495000	0.000000000e+00
2.500000	0.000000000e+00
2.505000	0.000000000e+00
2.510000	0.000000000e+00
2.515000	0.000000000e+00
2.520000	0.000000000e+00
2.525000	0.000000000e+00
2.530000	0.000000000e+00
2.535000	0.000000000e+00
2.540000	0.000000000e+00
2.545000	0.000000000e+00
2.550000	0.000000000e+00
2.555000	0.000000000e+00
2.560000	0.000000000e+00
2.565000	0.000000000e+00
2.570000	0.000000000e+00
2.575000	0.000000000e+00
2.580000	0.000000000e+00
2.585000	0.000000000e+00
2.590000	0.000000000e+00
2.595000	0.000000000e+00
2.600000	0.000000000e+00
2.605000	0.000000000e+00
2.610000	0.000000000e+00
2.615000	0.000000000e+00
2.620000	0.000000000e+00
2.625000	0.000000000e+00
2.630000	0.000000000e+00
2.635000	0.000000000e+00
2.640000	0.000000000e+00
2.645000	0.000000000e+00
2.650000	0.000000000e+00
2.655000	0.000000000e+00
2.660000	0.000000000e+00
2.665000	0.000000000e+00
2.670000	0.000000000e+00
2.675000	0.000000000e+00
2.680000	0.000000000e+00
2.685000	0.000000000e+00
2.690000	0.000000000e+00
2.695000	0.000000000e+00
2.700000	0.000000000e+00
2.705000	0.000000000e+00
2.710000	0.000000000e+00
2.715000	0.000000000e+00
2.720000	0.000000000e+00
2.725000	0.000000000e+00
2.730000	0.000000000e+00
2.735000	0.000000000e+00
2.740000	0.000000000e+00
2.745000	0.000000000e+00
2.750000	0.000000000e+00
2.755000	0.000000000e+00
2.760000	0.000000000e+00
2.765000	0.000000000e+00
2.770000	0.000000000e+00
2.775000	0.000000000e+00
2.780000	0.000000000e+00
2.785000	0.000000000e+00
2.790000	0.000000000e+00
2.795000	0.000000000e+00
2.800000	0.000000000e+00
2.805000	0.000000000e+00
2.810000	0.000000000e+00
2.815000	0.000000000e+00
2.820000	0.000000000e+00
2.825000	0.000000000e+00
2.830000	0.000000000e+00
2.835000	0.000000000e+00
2.840000	0.000000000e+00
2.845000	0.000000000e+00
2.850000	0.000000000e+00
2.855000	0.000000000e+00
2.860000	0.000000000e+00
2.865000	0.000000000e+00
2.870000	0.000000000e+00
2.875000	0.000000000e+00
2.880000	0.000000000e+00
2.885000	0.000000000e+00
2.890000	0.000000000e+00
2.895000	0.000000000e+00
2.900000	0.000000000e+00
2.905000	0.000000000e+00
2.910000	0.000000000e+00
2.915000	0.000000000e+00
2.920000	0.000000000e+00
2.925000	0.000000000e+00
2.930000	0.000000000e+00
2.935000	0.000000000e+00
2.940000	0.000000000e+00
2.945000	0.000000000e+00
2.950000	0.000000000e+00
2.955000	0.000000000e+00
2.960000	0.000000000e+00
2.965000	0.000000000e+00
2.970000	0.000000000e+00
2.975000	0.000000000e+00
2.980000	0.000000000e+00
2.985000	0.000000000e+00
2.990000	0.000000000e+00
2.995000	0.000000000e+00
3.000000	0.000000000e+00
3.005000	0.000000000e+00
3.010000	0.000000000e+00
3.015000	0.000000000e+00
3.020000	0.000000000e+00
3.025000	0.000000000e+00
3.030000	0.000000000e+00
3.035000	0.000000000e+00
3.040000	0.000000000e+00
3.045000	0.000000000e+00
3.050000	0.000000000e+00
3.055000	0.000000000e+00
3.060000	0.000000000e+00
3.065000	0.000000000e+00
3.070000	0.000000000e+00
3.075000	0.000000000e+00
3.080000	0.000000000e+00
3.085000	0.000000000e+00
3.090000	0.000000000e+00
3.095000	0.000000000e+00
3.100000	0.000000000e+00
3.105000	0.000000000e+00
3.110000	0.000000000e+00
3.115000	0.000000000e+00
3.120000	0.000000000e+00
3.125000	0.000000000e+00
3.130000	0.000000000e+00
3.135000	0.000000000e+00
3.140000	0.000000000e+00
3.145000	0.000000000e+00
3.150000	0.000000000e+00
3.155000	0.000000000e+00
3.160000	0.000000000e+00
3.165000	0.000000000e+00
3.170000	0.000000000e+00
3.175000	0.000000000e+00
3.180000	0.000000000e+00
3.185000	0.000000000e+00
3.190000	0.000000000e+00
3.195000	0.000000000e+00
3.200000	0.000000000e+00
3.205000	0.000000000e+00
3.210000	0.000000000e+00
3.215000	0.000000000e+00
3.220000	0.000000000e+00
3.225000	0.000000000e+00
3.230000	0.000000000e+00
3.235000	0.000000000e+00
3.240000	0.000000000e+00
3.245000	0.000000000e+00
3.250000	0.000000000e+00
3.255000	0.000000000e+00
3.260000	0.000000000e+00
3.265000	0.000000000e+00
3.270000	0.000000000e+00
3.275000	0.000000000e+00
