vel_FR
3470	0
0.000000	0.000000000e+00
0.005000	-1.542306519e-06
0.010001	-1.302460354e-06
0.015001	-8.956622271e-07
0.020001	-4.658429583e-07
0.025001	-1.852368286e-07
0.030002	-7.635490268e-08
0.035002	-9.621103263e-09
0.040002	1.244497151e-07
0.045003	2.862325306e-07
0.050003	3.463642056e-07
0.055003	2.150533793e-07
0.060003	-1.028740328e-07
0.065004	-4.962879116e-07
0.070004	-7.833043338e-07
0.075004	-8.555384870e-07
0.080005	-7.927908598e-07
0.085005	-7.526705880e-07
0.090005	-7.488021855e-07
0.095005	-6.212503201e-07
0.100006	-2.734294284e-07
0.105006	1.034165476e-07
0.110006	1.517748756e-07
0.115007	-2.716397111e-07
0.120007	-9.587941599e-07
0.125007	-1.646035315e-06
0.130008	-2.290204330e-06
0.135008	-2.956682515e-06
0.140008	-3.576680815e-06
0.145008	-3.934303483e-06
0.150009	-3.825557108e-06
0.155009	-3.214963171e-06
0.160009	-2.344209477e-06
0.165010	-1.668582877e-06
0.170010	-1.541636586e-06
0.175010	-1.903289412e-06
0.180010	-2.306061266e-06
0.185011	-2.295976529e-06
0.190011	-1.842097809e-06
0.195011	-1.395555526e-06
0.200012	-1.434891437e-06
0.205012	-1.974338382e-06
0.210012	-2.627761214e-06
0.215012	-3.072280569e-06
0.220013	-3.285158039e-06
0.225013	-3.397575104e-06
0.230013	-3.489795588e-06
0.235014	-3.524676861e-06
0.240014	-3.394444022e-06
0.245014	-3.046186491e-06
0.250014	-2.606630434e-06
0.255015	-2.350644035e-06
0.260015	-2.464638023e-06
0.265015	-2.797623539e-06
0.270016	-2.910972430e-06
0.275016	-2.494507238e-06
0.280016	-1.749648673e-06
0.285016	-1.264933472e-06
0.290017	-1.474975939e-06
0.295017	-2.289012292e-06
0.300017	-3.229664476e-06
0.305018	-3.852112440e-06
0.310018	-4.048380969e-06
0.315018	-4.029343484e-06
0.320018	-4.027761370e-06
0.325019	-4.056816288e-06
0.330019	-4.022497463e-06
0.335019	-3.982448331e-06
0.340020	-4.148486748e-06
0.345020	-4.645086414e-06
0.350020	-5.339342586e-06
0.355021	-5.912044388e-06
0.360021	-6.097534824e-06
0.365021	-5.898400433e-06
0.370021	-5.584434232e-06
0.375022	-5.456066923e-06
0.380022	-5.593834690e-06
0.385022	-5.838281307e-06
0.390023	-5.977855137e-06
0.395023	-5.926679925e-06
0.400023	-5.756587344e-06
0.405023	-5.589363028e-06
0.410024	-5.456002128e-06
0.415024	-5.274803208e-06
0.420024	-4.972095919e-06
0.425025	-4.601015631e-06
0.430025	-4.319435478e-06
0.435025	-4.224690069e-06
0.440025	-4.185551874e-06
0.445026	-3.869191233e-06
0.450026	-3.028376216e-06
0.455026	-1.817914034e-06
0.460027	-7.942735913e-07
0.465027	-5.464186350e-07
0.470027	-1.240496196e-06
0.475027	-2.427439519e-06
0.480028	-3.332494978e-06
0.485028	-3.466743499e-06
0.490028	-3.004909074e-06
0.495029	-2.546638288e-06
0.500029	-2.523860563e-06
0.505029	-2.877348544e-06
0.510029	-3.277359938e-06
0.515030	-3.533169194e-06
0.520030	-3.716892539e-06
0.525030	-3.967181985e-06
0.530031	-4.261659718e-06
0.535031	-4.388063203e-06
0.540031	-4.147983305e-06
0.545031	-3.608606273e-06
0.550032	-3.106035347e-06
0.555032	-2.929595459e-06
0.560032	-3.010091113e-06
0.565033	-2.987412507e-06
0.570033	-2.603259480e-06
0.575033	-1.963520399e-06
0.580033	-1.382083715e-06
0.585034	-1.044397841e-06
0.590034	-9.024525486e-07
0.595034	-8.373247919e-07
0.600035	-7.844701387e-07
0.605035	-6.808536192e-07
0.610035	-4.214197226e-07
0.615036	3.482427448e-08
0.620036	5.549517598e-07
0.625036	8.975797041e-07
0.630036	8.692159286e-07
0.635037	3.932267183e-07
0.640037	-4.540388658e-07
0.645037	-1.370748733e-06
0.650038	-1.942206460e-06
0.655038	-2.018760589e-06
0.660038	-1.922572078e-06
0.665038	-2.130210907e-06
0.670039	-2.768750489e-06
0.675039	-3.516329566e-06
0.680039	-3.980092760e-06
0.685040	-4.090833193e-06
0.690040	-4.118635592e-06
0.695040	-4.340078341e-06
0.700040	-4.692817085e-06
0.705041	-4.796966117e-06
0.710041	-4.391806030e-06
0.715041	-3.689489594e-06
0.720042	-3.176763922e-06
0.725042	-3.114633258e-06
0.730042	-3.344902345e-06
0.735042	-3.540734375e-06
0.740043	-3.513695956e-06
0.745043	-3.270438017e-06
0.750043	-2.879194690e-06
0.755044	-2.357136273e-06
0.760044	-1.702170341e-06
0.765044	-1.001625846e-06
0.770044	-4.533396737e-07
0.775045	-2.638933541e-07
0.780045	-5.089499586e-07
0.785045	-1.030089332e-06
0.790046	-1.481572539e-06
0.795046	-1.593192094e-06
0.800046	-1.405827306e-06
0.805046	-1.166804472e-06
0.810047	-1.048433425e-06
0.815047	-1.090803012e-06
0.820047	-1.340366497e-06
0.825048	-1.875938182e-06
0.830048	-2.670138503e-06
0.835048	-3.475065141e-06
0.840049	-3.908963291e-06
0.845049	-3.736152232e-06
0.850049	-3.072961923e-06
0.855049	-2.286120398e-06
0.860050	-1.704031436e-06
0.865050	-1.408929686e-06
0.870050	-1.215456488e-06
0.875051	-8.396192141e-07
0.880051	-1.842130263e-07
0.885051	5.403558066e-07
0.890051	1.039044009e-06
0.895052	1.221156732e-06
0.900052	1.226763097e-06
0.905052	1.243193968e-06
0.910053	1.335119082e-06
0.915053	1.422598004e-06
0.920053	1.387689138e-06
0.925053	1.158247178e-06
0.930054	7.079766706e-07
0.935054	6.877847800e-08
0.940054	-6.597634462e-07
0.945055	-1.381115500e-06
0.950055	-2.036327194e-06
0.955055	-2.525731481e-06
0.960055	-2.697785579e-06
0.965056	-2.503977214e-06
0.970056	-2.109043015e-06
0.975056	-1.758941079e-06
0.980057	-1.544464547e-06
0.985057	-1.349706484e-06
0.990057	-1.038502387e-06
0.995057	-6.406491958e-07
1.000058	-3.160590926e-07
1.005058	-1.589318771e-07
1.010058	-9.642976192e-08
1.015059	-6.621198221e-09
1.020059	1.164223662e-07
1.025059	1.749209699e-07
1.030059	9.535654400e-08
1.035060	-1.149481173e-07
1.040060	-3.856685389e-07
1.045060	-6.406971261e-07
1.050061	-9.128696889e-07
1.055061	-1.361314144e-06
1.060061	-2.033184530e-06
1.065062	-2.633044109e-06
1.070062	-2.697730342e-06
1.075062	-2.045767525e-06
1.080062	-9.722666648e-07
1.085063	2.352151505e-08
1.090063	6.550863968e-07
1.095063	9.845811339e-07
1.100064	1.212529069e-06
1.105064	1.422656006e-06
1.110064	1.547331661e-06
1.115064	1.514254228e-06
1.120065	1.381619977e-06
1.125065	1.318311507e-06
1.130065	1.428231142e-06
1.135066	1.625687804e-06
1.140066	1.746816576e-06
1.145066	1.742621725e-06
1.150066	1.672482445e-06
1.155067	1.547045399e-06
1.160067	1.316105031e-06
1.165067	1.029917580e-06
1.170068	8.693436005e-07
1.175068	9.247214108e-07
1.180068	1.031847019e-06
1.185068	9.516178075e-07
1.190069	6.827641438e-07
1.195069	4.756536075e-07
1.200069	5.220461908e-07
1.205070	7.206222823e-07
1.210070	7.929160563e-07
1.215070	5.842831331e-07
1.220070	2.140059572e-07
1.225071	-4.267432931e-08
1.230071	3.863286938e-10
1.235071	2.887544184e-07
1.240072	5.935289767e-07
1.245072	7.350445025e-07
1.250072	7.583992450e-07
1.255072	8.549811714e-07
1.260073	1.084167887e-06
1.265073	1.261597074e-06
1.270073	1.217810123e-06
1.275074	1.083513468e-06
1.280074	1.157491920e-06
1.285074	1.504442961e-06
1.290075	1.838973461e-06
1.295075	1.844426921e-06
1.300075	1.501446544e-06
1.305075	1.074685989e-06
1.310076	8.363692923e-07
1.315076	8.096275364e-07
1.320076	7.773937486e-07
1.325077	5.643149272e-07
1.330077	2.751818278e-07
1.335077	2.117942016e-07
1.340077	5.759219835e-07
1.345078	1.252412415e-06
1.350078	1.857916899e-06
1.355078	2.044451884e-06
1.360079	1.784896156e-06
1.365079	1.327912147e-06
1.370079	9.065323699e-07
1.375079	5.650526934e-07
1.380080	2.189765918e-07
1.385080	-2.261689452e-07
1.390080	-7.879527180e-07
1.395081	-1.349766713e-06
1.400081	-1.725499353e-06
1.405081	-1.843273850e-06
1.410081	-1.817727319e-06
1.415082	-1.806442468e-06
1.420082	-1.866201903e-06
1.425082	-1.983932513e-06
1.430083	-2.167113377e-06
1.435083	-2.461164125e-06
1.440083	-2.934421977e-06
1.445083	-3.629778063e-06
1.450084	-4.436797414e-06
1.455084	-5.063782540e-06
1.460084	-5.286818003e-06
1.465085	-5.206281169e-06
1.470085	-5.141639985e-06
1.475085	-5.296558831e-06
1.480085	-5.598203185e-06
1.485086	-5.847880698e-06
1.490086	-5.986658869e-06
1.495086	-6.165221336e-06
1.500087	-6.525877921e-06
1.505087	-6.987051669e-06
1.510087	-7.306251155e-06
1.515087	-7.302311309e-06
1.520088	-6.988240545e-06
1.525088	-6.559951416e-06
1.530088	-6.261038839e-06
1.535089	-6.167596237e-06
1.540089	-6.111124441e-06
1.545089	-5.921546178e-06
1.550090	-5.721925468e-06
1.555090	-5.788806220e-06
1.560090	-6.093582840e-06
1.565090	-6.245047914e-06
1.570091	-5.984270963e-06
1.575091	-5.506301728e-06
1.580091	-5.226347180e-06
1.585092	-5.392237615e-06
1.590092	-5.908435358e-06
1.595092	-6.422472064e-06
1.600092	-6.623133609e-06
1.605093	-6.525688775e-06
1.610093	-6.477242425e-06
1.615093	-6.857718624e-06
1.620094	-7.690603800e-06
1.625094	-8.536632067e-06
1.630094	-8.901920620e-06
1.635094	-8.782397777e-06
1.640095	-8.673419776e-06
1.645095	-9.013978242e-06
1.650095	-9.742358606e-06
1.655096	-1.041738688e-05
1.660096	-1.065605371e-05
1.665096	-1.042563935e-05
1.670096	-1.000118192e-05
1.675097	-9.673192691e-06
1.680097	-9.497629863e-06
1.685097	-9.357726044e-06
1.690098	-9.204984434e-06
1.695098	-9.130664913e-06
1.700098	-9.214323977e-06
1.705098	-9.366798161e-06
1.710099	-9.349105953e-06
1.715099	-8.999851001e-06
1.720099	-8.495463967e-06
1.725100	-8.331249031e-06
1.730100	-8.921979077e-06
1.735100	-1.015480890e-05
1.740100	-1.137954049e-05
1.745101	-1.192617876e-05
1.750101	-1.166159412e-05
1.755101	-1.103008803e-05
1.760102	-1.060344197e-05
1.765102	-1.066174431e-05
1.770102	-1.113898093e-05
1.775103	-1.178789215e-05
1.780103	-1.232668981e-05
1.785103	-1.254710070e-05
1.790103	-1.240919043e-05
1.795104	-1.206819173e-05
1.800104	-1.181242360e-05
1.805104	-1.191507461e-05
1.810105	-1.244596786e-05
1.815105	-1.321920992e-05
1.820105	-1.393248318e-05
1.825105	-1.431595184e-05
1.830106	-1.421634792e-05
1.835106	-1.368799435e-05
1.840106	-1.302856943e-05
1.845107	-1.263162525e-05
1.850107	-1.270710352e-05
1.855107	-1.310619971e-05
1.860107	-1.344885624e-05
1.865108	-1.347447420e-05
1.870108	-1.327443023e-05
1.875108	-1.315040276e-05
1.880109	-1.325573580e-05
1.885109	-1.342948867e-05
1.890109	-1.339193290e-05
1.895109	-1.306285036e-05
1.900110	-1.267170482e-05
1.905110	-1.259184451e-05
1.910110	-1.308640566e-05
1.915111	-1.412440084e-05
1.920111	-1.533591096e-05
1.925111	-1.619507112e-05
1.930111	-1.636821890e-05
1.935112	-1.592043893e-05
1.940112	-1.519400019e-05
1.945112	-1.453507379e-05
1.950113	-1.413132702e-05
1.955113	-1.401818937e-05
1.960113	-1.415564745e-05
1.965113	-1.446182334e-05
1.970114	-1.478982522e-05
1.975114	-1.495775668e-05
1.980114	-1.487939604e-05
1.985115	-1.466096737e-05
1.990115	-1.451784325e-05
1.995115	-1.458653293e-05
2.000116	-1.484182320e-05
2.005116	-1.515692487e-05
2.010116	-1.539649838e-05
2.015116	-1.549541953e-05
2.020117	-1.549581098e-05
2.025117	-1.550650925e-05
2.030117	-1.561593918e-05
2.035118	-1.581095681e-05
2.040118	-1.595621293e-05
2.045118	-1.588121455e-05
2.050118	-1.551716677e-05
2.055119	-1.495781826e-05
2.060119	-1.439894302e-05
2.065119	-1.400889235e-05
2.070120	-1.383243183e-05
2.075120	-1.382444847e-05
2.080120	-1.394196447e-05
2.085120	-1.410871074e-05
2.090121	-1.413410505e-05
2.095121	-1.383997899e-05
2.100121	-1.327578558e-05
2.105122	-1.269130945e-05
2.110122	-1.230113155e-05
2.115122	-1.209851384e-05
2.120122	-1.184318994e-05
2.125123	-1.127480932e-05
2.130123	-1.042389853e-05
2.135123	-9.642816313e-06
2.140124	-9.252500483e-06
2.145124	-9.215109831e-06
2.150124	-9.211824857e-06
2.155124	-9.026764514e-06
2.160125	-8.806983570e-06
2.165125	-8.904293031e-06
2.170125	-9.475236804e-06
2.175126	-1.028710198e-05
2.180126	-1.092388177e-05
2.185126	-1.115026037e-05
2.190126	-1.107411554e-05
2.195127	-1.097461238e-05
2.200127	-1.098287995e-05
2.205127	-1.097625511e-05
2.210128	-1.081804196e-05
2.215128	-1.061043652e-05
2.220128	-1.057764759e-05
2.225129	-1.070993618e-05
2.230129	-1.068908218e-05
2.235129	-1.027345488e-05
2.240129	-9.652655388e-06
2.245130	-9.278662263e-06
2.250130	-9.391540031e-06
2.255130	-9.823629245e-06
2.260131	-1.021311648e-05
2.265131	-1.029035115e-05
2.270131	-1.002843241e-05
2.275131	-9.658007201e-06
2.280132	-9.485688208e-06
2.285132	-9.602931446e-06
2.290132	-9.841745150e-06
2.295133	-1.005753154e-05
2.300133	-1.032590958e-05
2.305133	-1.077315478e-05
2.310133	-1.130940954e-05
2.315134	-1.167361705e-05
2.320134	-1.174919349e-05
2.325134	-1.168670926e-05
2.330135	-1.163347487e-05
2.335135	-1.150519689e-05
2.340135	-1.116951228e-05
2.345135	-1.069388251e-05
2.350136	-1.024048764e-05
2.355136	-9.849451134e-06
2.360136	-9.463583253e-06
2.365137	-9.047404332e-06
2.370137	-8.578620131e-06
2.375137	-8.026576236e-06
2.380137	-7.455991175e-06
2.385138	-7.119304518e-06
2.390138	-7.315460888e-06
2.395138	-8.086068167e-06
2.400139	-9.116198778e-06
2.405139	-9.981150543e-06
2.410139	-1.042021818e-05
2.415139	-1.037926532e-05
2.420140	-9.955145760e-06
2.425140	-9.368371240e-06
2.430140	-8.867617255e-06
2.435141	-8.586980435e-06
2.440141	-8.546851552e-06
2.445141	-8.765204443e-06
2.450141	-9.233776596e-06
2.455142	-9.771206222e-06
2.460142	-1.005527951e-05
2.465142	-9.925499442e-06
2.470143	-9.612290741e-06
2.475143	-9.521998858e-06
2.480143	-9.753551791e-06
2.485144	-9.964427575e-06
2.490144	-9.785894875e-06
2.495144	-9.247604725e-06
2.500144	-8.717960185e-06
2.505145	-8.518990810e-06
2.510145	-8.664251923e-06
2.515145	-8.902422249e-06
2.520146	-8.918913982e-06
2.525146	-8.514422349e-06
2.530146	-7.734653327e-06
2.535146	-6.907958324e-06
2.540147	-6.445589853e-06
2.545147	-6.489745833e-06
2.550147	-6.790182974e-06
2.555148	-6.950294180e-06
2.560148	-6.722522647e-06
2.565148	-6.083922556e-06
2.570148	-5.180440120e-06
2.575149	-4.253518470e-06
2.580149	-3.514389629e-06
2.585149	-3.021441080e-06
2.590150	-2.732583779e-06
2.595150	-2.695770879e-06
2.600150	-3.047513605e-06
2.605150	-3.726899376e-06
2.610151	-4.348352083e-06
2.615151	-4.519246219e-06
2.620151	-4.212934682e-06
2.625152	-3.734115743e-06
2.630152	-3.363283547e-06
2.635152	-3.107020382e-06
2.640152	-2.798957270e-06
2.645153	-2.373211446e-06
2.650153	-1.962507193e-06
2.655153	-1.739322403e-06
2.660154	-1.701681269e-06
2.665154	-1.620347951e-06
2.670154	-1.244571423e-06
2.675154	-6.223599324e-07
2.680155	-1.570494933e-07
2.685155	-2.298767414e-07
2.690155	-7.748711458e-07
2.695156	-1.325079318e-06
2.700156	-1.498159978e-06
2.705156	-1.375102762e-06
2.710157	-1.353401726e-06
2.715157	-1.646250979e-06
2.720157	-2.019390819e-06
2.725157	-2.087005444e-06
2.730158	-1.803075983e-06
2.735158	-1.529217957e-06
2.740158	-1.588580770e-06
2.745159	-1.871664387e-06
2.750159	-1.965756427e-06
2.755159	-1.631075694e-06
2.760159	-1.074771554e-06
2.765160	-7.072514374e-07
2.770160	-6.808646045e-07
2.775160	-7.888847195e-07
2.780161	-7.868545212e-07
2.785161	-6.617544396e-07
2.790161	-6.002781086e-07
2.795161	-8.236828985e-07
2.800162	-1.415914570e-06
2.805162	-2.204680117e-06
2.810162	-2.865543195e-06
2.815163	-3.210309979e-06
2.820163	-3.316955551e-06
2.825163	-3.377564340e-06
2.830163	-3.484761957e-06
2.835164	-3.536663126e-06
2.840164	-3.340117730e-06
2.845164	-2.859658972e-06
2.850165	-2.284614461e-06
2.855165	-1.788422581e-06
2.860165	-1.371964420e-06
2.865165	-9.833944886e-07
2.870166	-6.016560160e-07
2.875166	-1.813365729e-07
2.880166	3.084744438e-07
2.885167	7.977229864e-07
2.890167	1.194444022e-06
2.895167	1.478843895e-06
2.900167	1.617326570e-06
2.905168	1.511460036e-06
2.910168	1.166378853e-06
2.915168	8.455717502e-07
2.920169	9.368898497e-07
2.925169	1.608258838e-06
2.930169	2.623960560e-06
2.935170	3.558392162e-06
2.940170	4.175359798e-06
2.945170	4.553214384e-06
2.950170	4.871273247e-06
2.955171	5.173806047e-06
2.960171	5.400661311e-06
2.965171	5.571083032e-06
2.970172	5.816539901e-06
2.975172	6.219789202e-06
2.980172	6.660213326e-06
2.985172	6.815036616e-06
2.990173	6.364030734e-06
2.995173	5.339616790e-06
3.000173	4.305145082e-06
3.005174	3.993612891e-06
3.010174	4.625673530e-06
3.015174	5.671235954e-06
3.020174	6.359506191e-06
3.025175	6.364005693e-06
3.030175	5.997655568e-06
3.035175	5.823154650e-06
3.040176	6.096451725e-06
3.045176	6.608154948e-06
3.050176	7.038679827e-06
3.055176	7.312669442e-06
3.060177	7.561647683e-06
3.065177	7.914144907e-06
3.070177	8.403345525e-06
3.075178	8.957648177e-06
3.080178	9.431402916e-06
3.085178	9.718931846e-06
3.090178	9.832240041e-06
3.095179	9.821186243e-06
3.100179	9.663423158e-06
3.105179	9.279427922e-06
3.110180	8.636084067e-06
3.115180	7.801260058e-06
3.120180	6.885373643e-06
3.125180	5.968660730e-06
3.130181	5.110402903e-06
3.135181	4.363974744e-06
3.140181	3.744400639e-06
3.145182	3.253798308e-06
3.150182	2.967196600e-06
3.155182	2.996055930e-06
3.160183	3.308179463e-06
3.165183	3.644825944e-06
3.170183	3.697978431e-06
3.175183	3.413972421e-06
3.180184	3.088541048e-06
3.185184	3.062642907e-06
3.190184	3.332758908e-06
3.195185	3.573990502e-06
3.200185	3.521807052e-06
3.205185	3.218389359e-06
3.210185	2.905452283e-06
3.215186	2.742992619e-06
3.220186	2.663487355e-06
3.225186	2.556215006e-06
3.230187	2.524702318e-06
3.235187	2.764756732e-06
3.240187	3.206909271e-06
3.245187	3.481831700e-06
3.250188	3.269026657e-06
3.255188	2.608381932e-06
3.260188	1.896259323e-06
3.265189	1.560625491e-06
3.270189	1.644881279e-06
3.275189	1.726711319e-06
3.280189	1.340729202e-06
3.285190	4.726241057e-07
3.290190	-4.347573111e-07
3.295190	-9.396187080e-07
3.300191	-9.817089399e-07
3.305191	-8.184019530e-07
3.310191	-6.713003975e-07
3.315191	-4.906552432e-07
3.320192	-8.062799216e-08
3.325192	5.688544761e-07
3.330192	1.155766588e-06
3.335193	1.340941625e-06
3.340193	1.132340139e-06
3.345193	9.544379971e-07
3.350193	1.331411953e-06
3.355194	2.424279254e-06
3.360194	3.790533671e-06
3.365194	4.721410353e-06
3.370195	4.938889030e-06
3.375195	4.834554387e-06
3.380195	4.984503460e-06
3.385195	5.608132392e-06
3.390196	6.496333107e-06
3.395196	7.271982942e-06
3.400196	7.672990820e-06
3.405197	7.672863316e-06
3.410197	7.403419719e-06
3.415197	7.015475771e-06
3.420198	6.604388541e-06
3.425198	6.205697460e-06
3.430198	5.863263294e-06
3.435198	5.699234990e-06
3.440199	5.821766766e-06
3.445199	6.146217532e-06
3.450199	6.406929384e-06
3.455200	6.376922910e-06
3.460200	6.037865569e-06
3.465200	5.543904603e-06
3.470200	5.068923699e-06
3.475201	4.711155357e-06
3.480201	4.524371279e-06
3.485201	4.585886127e-06
3.490202	4.957908756e-06
3.495202	5.544665558e-06
3.500202	6.027160423e-06
3.505202	6.040829112e-06
3.510203	5.536505505e-06
3.515203	4.966707990e-06
3.520203	4.955036252e-06
3.525204	5.672417888e-06
3.530204	6.619252288e-06
3.535204	7.122151791e-06
3.540204	6.985727835e-06
3.545205	6.558772043e-06
3.550205	6.247911324e-06
3.555205	6.141413960e-06
3.560206	6.092884930e-06
3.565206	5.989505894e-06
3.570206	5.850866505e-06
3.575206	5.748953172e-06
3.580207	5.719389408e-06
3.585207	5.710869972e-06
3.590207	5.556086339e-06
3.595208	5.078130550e-06
3.600208	4.348666117e-06
3.605208	3.753558233e-06
3.610208	3.627922104e-06
3.615209	3.861615385e-06
3.620209	4.019482900e-06
3.625209	3.825884966e-06
3.630210	3.379980741e-06
3.635210	2.912593049e-06
3.640210	2.528942997e-06
3.645211	2.259182670e-06
3.650211	2.172423190e-06
3.655211	2.283334243e-06
3.660211	2.451650514e-06
3.665212	2.510906813e-06
3.670212	2.436604989e-06
3.675212	2.293202437e-06
3.680213	2.066373203e-06
3.685213	1.675722520e-06
3.690213	1.177883617e-06
3.695213	8.129093647e-07
3.700214	7.378887482e-07
3.705214	8.119163988e-07
3.710214	7.721429957e-07
3.715215	5.566164423e-07
3.720215	3.269197863e-07
3.725215	2.188693230e-07
3.730215	2.017898771e-07
3.735216	1.913069967e-07
3.740216	2.130458442e-07
3.745216	3.899178019e-07
3.750217	7.633763970e-07
3.755217	1.181397111e-06
3.760217	1.409818701e-06
3.765217	1.338061931e-06
3.770218	1.086387134e-06
3.775218	9.832113408e-07
3.780218	1.394805288e-06
3.785219	2.413710903e-06
3.790219	3.687230290e-06
3.795219	4.668664038e-06
3.800219	5.057829922e-06
3.805220	4.952982425e-06
3.810220	4.650788038e-06
3.815220	4.403820268e-06
3.820221	4.341237863e-06
3.825221	4.502160041e-06
3.830221	4.843688045e-06
3.835221	5.212523367e-06
3.840222	5.385519377e-06
3.845222	5.196019442e-06
3.850222	4.658767782e-06
3.855223	4.008607134e-06
3.860223	3.573128705e-06
3.865223	3.501774542e-06
3.870224	3.602799147e-06
3.875224	3.528823999e-06
3.880224	3.141026116e-06
3.885224	2.608737209e-06
3.890225	2.152547010e-06
3.895225	1.811354429e-06
3.900225	1.482346345e-06
3.905226	1.079799437e-06
3.910226	6.287130483e-07
3.915226	2.630592189e-07
3.920226	1.109360045e-07
3.925227	1.175801783e-07
3.930227	1.886608880e-08
3.935227	-4.199457849e-07
3.940228	-1.130192646e-06
3.945228	-1.741177932e-06
3.950228	-1.861227340e-06
3.955228	-1.405462704e-06
3.960229	-7.220418580e-07
3.965229	-3.619536817e-07
3.970229	-6.356919862e-07
3.975230	-1.359898635e-06
3.980230	-2.011546245e-06
3.985230	-2.136090688e-06
3.990230	-1.694352778e-06
3.995231	-1.061178507e-06
4.000231	-6.503631881e-07
4.005231	-5.603684524e-07
4.010232	-6.358642381e-07
4.015232	-7.867675163e-07
4.020232	-1.092729996e-06
4.025232	-1.594772486e-06
4.030233	-2.116477005e-06
4.035233	-2.369681098e-06
4.040233	-2.234306069e-06
4.045234	-1.904705734e-06
4.050234	-1.715868630e-06
4.055234	-1.820464925e-06
4.060234	-2.082517342e-06
4.065235	-2.277749283e-06
4.070235	-2.305231853e-06
4.075235	-2.189724156e-06
4.080236	-1.999945379e-06
4.085236	-1.825974709e-06
4.090236	-1.783120954e-06
4.095237	-2.017899275e-06
4.100237	-2.689720067e-06
4.105237	-3.824023004e-06
4.110237	-5.092679931e-06
4.115238	-5.860167716e-06
4.120238	-5.671283096e-06
4.125238	-4.749342384e-06
4.130239	-3.879408689e-06
4.135239	-3.710738788e-06
4.140239	-4.208453083e-06
4.145239	-4.799621435e-06
4.150240	-4.992289136e-06
4.155240	-4.808051828e-06
4.160240	-4.625184598e-06
4.165241	-4.681520758e-06
4.170241	-4.847301167e-06
4.175241	-4.882579072e-06
4.180241	-4.765574100e-06
4.185242	-4.693610039e-06
4.190242	-4.855363469e-06
4.195242	-5.258970316e-06
4.200243	-5.726539726e-06
4.205243	-6.031248898e-06
4.210243	-6.067365977e-06
4.215243	-5.899910101e-06
4.220244	-5.668157799e-06
4.225244	-5.468112977e-06
4.230244	-5.325608599e-06
4.235245	-5.249212380e-06
4.240245	-5.260225362e-06
4.245245	-5.344587385e-06
4.250245	-5.401315975e-06
4.255246	-5.276591582e-06
4.260246	-4.870453244e-06
4.265246	-4.243195812e-06
4.270247	-3.632017504e-06
4.275247	-3.309733996e-06
4.280247	-3.348409744e-06
4.285247	-3.496646623e-06
4.290248	-3.353908884e-06
4.295248	-2.752206275e-06
4.300248	-1.968762514e-06
4.305249	-1.526404372e-06
4.310249	-1.782883769e-06
4.315249	-2.677176139e-06
4.320249	-3.793918739e-06
4.325250	-4.671832296e-06
4.330250	-5.118621174e-06
4.335250	-5.240909729e-06
4.340251	-5.176812152e-06
4.345251	-4.912296792e-06
4.350251	-4.427631153e-06
4.355252	-3.923288518e-06
4.360252	-3.790725527e-06
4.365252	-4.320263136e-06
4.370252	-5.407803414e-06
4.375253	-6.566678036e-06
4.380253	-7.300627582e-06
4.385253	-7.503840295e-06
4.390254	-7.486344792e-06
4.395254	-7.619938493e-06
4.400254	-7.991738606e-06
4.405254	-8.386178659e-06
4.410255	-8.560975199e-06
4.415255	-8.502369758e-06
4.420255	-8.345085510e-06
4.425256	-8.080664098e-06
4.430256	-7.547022896e-06
4.435256	-6.767819713e-06
4.440256	-6.112058366e-06
4.445257	-5.967784481e-06
4.450257	-6.284295046e-06
4.455257	-6.524505167e-06
4.460258	-6.122099745e-06
4.465258	-4.980464535e-06
4.470258	-3.513787480e-06
4.475258	-2.240200578e-06
4.480259	-1.370018684e-06
4.485259	-7.683537767e-07
4.490259	-2.606267961e-07
4.495260	1.050521257e-07
4.500260	1.527639615e-07
4.505260	-1.113659809e-07
4.510260	-4.147822262e-07
4.515261	-5.215394640e-07
4.520261	-5.341692616e-07
4.525261	-7.638562067e-07
4.530262	-1.328568296e-06
4.535262	-1.985784644e-06
4.540262	-2.347399208e-06
4.545262	-2.198785293e-06
4.550263	-1.647357849e-06
4.555263	-1.007541148e-06
4.560263	-5.199479731e-07
4.565264	-1.883243291e-07
4.570264	7.918320420e-08
4.575264	2.184607211e-07
4.580265	8.693809824e-09
4.585265	-6.216978254e-07
4.590265	-1.360183450e-06
4.595265	-1.717724708e-06
4.600266	-1.499221341e-06
4.605266	-9.792945341e-07
4.610266	-6.206143319e-07
4.615267	-7.150323874e-07
4.620267	-1.252537517e-06
4.625267	-2.010293168e-06
4.630267	-2.749787777e-06
4.635268	-3.352510931e-06
4.640268	-3.800791076e-06
4.645268	-4.136628620e-06
4.650269	-4.467695409e-06
4.655269	-4.908886104e-06
4.660269	-5.519682444e-06
4.665269	-6.348209706e-06
4.670270	-7.392690915e-06
4.675270	-8.440209127e-06
4.680270	-9.148618140e-06
4.685271	-9.381535974e-06
4.690271	-9.316265142e-06
4.695271	-9.248010667e-06
4.700271	-9.448323815e-06
4.705272	-1.009849288e-05
4.710272	-1.110862176e-05
4.715272	-1.203276399e-05
4.720273	-1.236312917e-05
4.725273	-1.195420598e-05
4.730273	-1.112318226e-05
4.735273	-1.034924090e-05
4.740274	-9.881750421e-06
4.745274	-9.673017759e-06
4.750274	-9.698434654e-06
4.755275	-1.014079777e-05
4.760275	-1.104350135e-05
4.765275	-1.193620211e-05
4.770275	-1.214065872e-05
4.775276	-1.147098628e-05
4.780276	-1.043807172e-05
4.785276	-9.756747203e-06
4.790277	-9.758259175e-06
4.795277	-1.023840328e-05
4.800277	-1.074174103e-05
4.805278	-1.094188413e-05
4.810278	-1.080234417e-05
4.815278	-1.047109270e-05
4.820278	-1.009844920e-05
4.825279	-9.771875389e-06
4.830279	-9.568254968e-06
4.835279	-9.579741240e-06
4.840280	-9.858120240e-06
4.845280	-1.034100626e-05
4.850280	-1.082799127e-05
4.855280	-1.110215558e-05
4.860281	-1.116715610e-05
4.865281	-1.129374539e-05
4.870281	-1.171934529e-05
4.875282	-1.233202463e-05
4.880282	-1.272679223e-05
4.885282	-1.259897599e-05
4.890282	-1.206742583e-05
4.895283	-1.153285725e-05
4.900283	-1.119603548e-05
4.905283	-1.086634613e-05
4.910284	-1.031579504e-05
4.915284	-9.638880967e-06
4.920284	-9.131782195e-06
4.925284	-8.927422591e-06
4.930285	-8.870512038e-06
4.935285	-8.709672146e-06
4.940285	-8.318263862e-06
4.945286	-7.740684755e-06
4.950286	-7.135705260e-06
4.955286	-6.705527381e-06
4.960286	-6.570443628e-06
4.965287	-6.665373644e-06
4.970287	-6.839527040e-06
4.975287	-7.055100182e-06
4.980288	-7.361086893e-06
4.985288	-7.661925254e-06
4.990288	-7.697037999e-06
4.995288	-7.357500618e-06
5.000289	-6.890317016e-06
5.005289	-6.653824939e-06
5.010289	-6.754364491e-06
5.015290	-7.047570384e-06
5.020290	-7.390150584e-06
5.025290	-7.684415531e-06
5.030290	-7.738923687e-06
5.035291	-7.379429400e-06
5.040291	-6.763891021e-06
5.045291	-6.324680082e-06
5.050292	-6.275983485e-06
5.055292	-6.380320948e-06
5.060292	-6.295385001e-06
5.065293	-5.955002050e-06
5.070293	-5.516378760e-06
5.075293	-5.116171585e-06
5.080293	-4.809306784e-06
5.085294	-4.653841490e-06
5.090294	-4.745568243e-06
5.095294	-5.158900135e-06
5.100295	-5.854463667e-06
5.105295	-6.638563376e-06
5.110295	-7.252411769e-06
5.115295	-7.559331330e-06
5.120296	-7.661627843e-06
5.125296	-7.807956081e-06
5.130296	-8.163326420e-06
5.135297	-8.679729283e-06
5.140297	-9.189610870e-06
5.145297	-9.570018129e-06
5.150297	-9.771486359e-06
5.155298	-9.744808517e-06
5.160298	-9.458634236e-06
5.165298	-9.008153963e-06
5.170299	-8.618844769e-06
5.175299	-8.518505047e-06
5.180299	-8.817225058e-06
5.185299	-9.418979869e-06
5.190300	-9.980559426e-06
5.195300	-1.009976160e-05
5.200300	-9.730655870e-06
5.205301	-9.347605023e-06
5.210301	-9.486680108e-06
5.215301	-1.012982107e-05
5.220301	-1.073222888e-05
5.225302	-1.084258715e-05
5.230302	-1.049439902e-05
5.235302	-1.000752858e-05
5.240303	-9.623164188e-06
5.245303	-9.385872735e-06
5.250303	-9.258631023e-06
5.255303	-9.246447418e-06
5.260304	-9.363719264e-06
5.265304	-9.504654473e-06
5.270304	-9.435637202e-06
5.275305	-8.980729770e-06
5.280305	-8.202851895e-06
5.285305	-7.380994586e-06
5.290306	-6.800341852e-06
5.295306	-6.523857900e-06
5.300306	-6.356236508e-06
5.305306	-6.066964870e-06
5.310307	-5.627797891e-06
5.315307	-5.208302581e-06
5.320307	-5.011899004e-06
5.325308	-5.126400431e-06
5.330308	-5.433505984e-06
5.335308	-5.685009451e-06
5.340308	-5.757194015e-06
5.345309	-5.754157918e-06
5.350309	-5.799940684e-06
5.355309	-5.857518526e-06
5.360310	-5.810360038e-06
5.365310	-5.609631272e-06
5.370310	-5.286965683e-06
5.375310	-4.885404047e-06
5.380311	-4.454370801e-06
5.385311	-4.118123307e-06
5.390311	-4.044571278e-06
5.395312	-4.271208250e-06
5.400312	-4.632805557e-06
5.405312	-4.930222653e-06
5.410312	-5.121035364e-06
5.415313	-5.283663646e-06
5.420313	-5.441962604e-06
5.425313	-5.535699611e-06
5.430314	-5.573222311e-06
5.435314	-5.692591890e-06
5.440314	-6.004868646e-06
5.445314	-6.429080858e-06
5.450315	-6.715869888e-06
5.455315	-6.633919064e-06
5.460315	-6.181263949e-06
5.465316	-5.640900156e-06
5.470316	-5.370331899e-06
5.475316	-5.479109947e-06
5.480316	-5.712637490e-06
5.485317	-5.686468351e-06
5.490317	-5.274447684e-06
5.495317	-4.758484640e-06
5.500318	-4.556892767e-06
5.505318	-4.815035401e-06
5.510318	-5.291526111e-06
5.515319	-5.637459337e-06
5.520319	-5.738445869e-06
5.525319	-5.707857471e-06
5.530319	-5.584250916e-06
5.535320	-5.222811498e-06
5.540320	-4.542564729e-06
5.545320	-3.735658966e-06
5.550321	-3.150816085e-06
5.555321	-3.003890604e-06
5.560321	-3.191484937e-06
5.565321	-3.368457373e-06
5.570322	-3.256896404e-06
5.575322	-2.892967625e-06
5.580322	-2.538344685e-06
5.585323	-2.386477829e-06
5.590323	-2.418614454e-06
5.595323	-2.528106890e-06
5.600323	-2.720932851e-06
5.605324	-3.144587471e-06
5.610324	-3.891378029e-06
5.615324	-4.798069619e-06
5.620325	-5.495425446e-06
5.625325	-5.678405396e-06
5.630325	-5.349959544e-06
5.635325	-4.840698528e-06
5.640326	-4.580074883e-06
5.645326	-4.763307414e-06
5.650326	-5.172378876e-06
5.655327	-5.348051602e-06
5.660327	-4.987853374e-06
5.665327	-4.178333020e-06
5.670327	-3.244425137e-06
5.675328	-2.422925104e-06
5.680328	-1.751673996e-06
5.685328	-1.273205989e-06
5.690329	-1.169905503e-06
5.695329	-1.506493295e-06
5.700329	-1.919697036e-06
5.705329	-1.814156558e-06
5.710330	-9.345433269e-07
5.715330	3.714121923e-07
5.720330	1.465298636e-06
5.725331	1.885987724e-06
5.730331	1.577779191e-06
5.735331	8.836073191e-07
5.740332	3.376621479e-07
5.745332	2.514167725e-07
5.750332	4.293618082e-07
5.755332	4.441720744e-07
5.760333	2.153315388e-07
5.765333	1.058674521e-07
5.770333	3.830616114e-07
5.775334	8.341183434e-07
5.780334	1.081426281e-06
5.785334	1.085278847e-06
5.790334	1.122192058e-06
5.795335	1.361232961e-06
5.800335	1.649196101e-06
5.805335	1.706703744e-06
5.810336	1.438487315e-06
5.815336	1.041229009e-06
5.820336	8.220144780e-07
5.825336	8.956186047e-07
5.830337	1.065924809e-06
5.835337	1.010665123e-06
5.840337	5.747323817e-07
5.845338	-1.179041582e-07
5.850338	-8.396594171e-07
5.855338	-1.501175784e-06
5.860338	-2.155388678e-06
5.865339	-2.795365629e-06
5.870339	-3.249767573e-06
5.875339	-3.323809669e-06
5.880340	-3.012311463e-06
5.885340	-2.524153528e-06
5.890340	-2.093466924e-06
5.895340	-1.796541724e-06
5.900341	-1.560576179e-06
5.905341	-1.350735868e-06
5.910341	-1.311672727e-06
5.915342	-1.615944410e-06
5.920342	-2.146961208e-06
5.925342	-2.470640949e-06
5.930342	-2.219232386e-06
5.935343	-1.455699583e-06
5.940343	-6.351146573e-07
5.945343	-2.616789665e-07
5.950344	-5.458398946e-07
5.955344	-1.255109632e-06
5.960344	-1.853927673e-06
5.965344	-1.894854390e-06
5.970345	-1.377262683e-06
5.975345	-7.332906221e-07
5.980345	-4.386213372e-07
5.985346	-6.189366479e-07
5.990346	-1.004398776e-06
5.995346	-1.221825477e-06
6.000347	-1.097427233e-06
6.005347	-7.136263179e-07
6.010347	-2.646053373e-07
6.015347	1.161949517e-07
6.020348	4.260496145e-07
6.025348	7.150209583e-07
6.030348	9.688727989e-07
6.035349	1.122599886e-06
6.040349	1.190526084e-06
6.045349	1.312748134e-06
6.050349	1.613870082e-06
6.055350	2.023141912e-06
6.060350	2.265742078e-06
6.065350	2.057899635e-06
6.070351	1.367327168e-06
6.075351	5.155902203e-07
6.080351	-4.877085658e-08
6.085351	-1.344646283e-07
6.090352	1.060543372e-07
6.095352	4.858264913e-07
6.100352	1.012028656e-06
6.105353	1.706072555e-06
6.110353	2.349032793e-06
6.115353	2.610603466e-06
6.120353	2.438457894e-06
6.125354	2.186520490e-06
6.130354	2.284932344e-06
6.135354	2.831484098e-06
6.140355	3.553259917e-06
6.145355	4.088676616e-06
6.150355	4.240901273e-06
6.155355	4.078810639e-06
6.160356	3.879110728e-06
6.165356	3.836635896e-06
6.170356	3.776001136e-06
6.175357	3.323979908e-06
6.180357	2.438589986e-06
6.185357	1.599355123e-06
6.190357	1.347509829e-06
6.195358	1.699592483e-06
6.200358	2.130112160e-06
6.205358	2.145747742e-06
6.210359	1.759793385e-06
6.215359	1.342566037e-06
6.220359	1.151157861e-06
6.225360	1.150010505e-06
6.230360	1.230467946e-06
6.235360	1.444019253e-06
6.240360	1.923200145e-06
6.245361	2.616501236e-06
6.250361	3.231756209e-06
6.255361	3.473975050e-06
6.260362	3.272013461e-06
6.265362	2.808810523e-06
6.270362	2.409559866e-06
6.275362	2.322586503e-06
6.280363	2.532956435e-06
6.285363	2.858144240e-06
6.290363	3.219295923e-06
6.295364	3.706983644e-06
6.300364	4.398949470e-06
6.305364	5.221667124e-06
6.310364	5.995504956e-06
6.315365	6.566652664e-06
6.320365	6.911791683e-06
6.325365	7.146952322e-06
6.330366	7.427328646e-06
6.335366	7.841177001e-06
6.340366	8.405967347e-06
6.345366	9.099079552e-06
6.350367	9.814962610e-06
6.355367	1.032929038e-05
6.360367	1.040059096e-05
6.365368	9.965117021e-06
6.370368	9.251172076e-06
6.375368	8.661362207e-06
6.380368	8.464894013e-06
6.385369	8.599536943e-06
6.390369	8.801456034e-06
6.395369	8.849397698e-06
6.400370	8.640343966e-06
6.405370	8.210974340e-06
6.410370	7.812713509e-06
6.415370	7.785436604e-06
6.420371	8.189994994e-06
6.425371	8.669035318e-06
6.430371	8.790195792e-06
6.435372	8.449776707e-06
6.440372	7.875737558e-06
6.445372	7.348599442e-06
6.450373	6.988620228e-06
6.455373	6.725950480e-06
6.460373	6.445278968e-06
6.465373	6.204639864e-06
6.470374	6.240440564e-06
6.475374	6.646188374e-06
6.480374	7.109668691e-06
6.485375	7.124142382e-06
6.490375	6.482229572e-06
6.495375	5.461401803e-06
6.500375	4.506223596e-06
6.505376	3.831863202e-06
6.510376	3.379751777e-06
6.515376	3.064500706e-06
6.520377	2.964501316e-06
6.525377	3.268906378e-06
6.530377	4.047000335e-06
6.535377	5.030939802e-06
6.540378	5.677804457e-06
6.545378	5.601454866e-06
6.550378	4.972750998e-06
6.555379	4.380397558e-06
6.560379	4.269677807e-06
6.565379	4.595873977e-06
6.570379	5.033765095e-06
6.575380	5.398795478e-06
6.580380	5.739019648e-06
6.585380	6.077511526e-06
6.590381	6.255404479e-06
6.595381	6.097010078e-06
6.600381	5.632601482e-06
6.605381	5.090943665e-06
6.610382	4.723569659e-06
6.615382	4.650972295e-06
6.620382	4.807228587e-06
6.625383	5.037196689e-06
6.630383	5.288941920e-06
6.635383	5.656396541e-06
6.640383	6.200948676e-06
6.645384	6.788366573e-06
6.650384	7.120278700e-06
6.655384	6.915352885e-06
6.660385	6.125963427e-06
6.665385	5.058502438e-06
6.670385	4.248067168e-06
6.675386	4.107851861e-06
6.680386	4.662347543e-06
6.685386	5.631522387e-06
6.690386	6.701956151e-06
6.695387	7.645541754e-06
6.700387	8.283637811e-06
6.705387	8.515837343e-06
6.710388	8.404578719e-06
6.715388	8.153719720e-06
6.720388	8.005727964e-06
6.725388	8.162179539e-06
6.730389	8.689970101e-06
6.735389	9.405848200e-06
6.740389	9.930533940e-06
6.745390	1.002063220e-05
6.750390	9.856706614e-06
6.755390	9.853532154e-06
6.760390	1.015962368e-05
6.765391	1.050266967e-05
6.770391	1.057462560e-05
6.775391	1.041611304e-05
6.780392	1.033616736e-05
6.785392	1.051221820e-05
6.790392	1.071623331e-05
6.795392	1.048422901e-05
6.800393	9.628881402e-06
6.805393	8.543323682e-06
6.810393	7.883645951e-06
6.815394	7.961870568e-06
6.820394	8.532323886e-06
6.825394	9.124871440e-06
6.830394	9.469346755e-06
6.835395	9.584691936e-06
6.840395	9.546994820e-06
6.845395	9.286569932e-06
6.850396	8.681104428e-06
6.855396	7.815554858e-06
6.860396	7.054486813e-06
6.865396	6.765786416e-06
6.870397	6.916811382e-06
6.875397	6.990834918e-06
6.880397	6.453054414e-06
6.885398	5.347478543e-06
6.890398	4.300213577e-06
6.895398	3.878460937e-06
6.900398	4.073888816e-06
6.905399	4.457670934e-06
6.910399	4.679915112e-06
6.915399	4.709886666e-06
6.920400	4.701372136e-06
6.925400	4.766892337e-06
6.930400	4.882262902e-06
6.935401	4.960678735e-06
6.940401	5.000978681e-06
6.945401	5.109103459e-06
6.950401	5.332546153e-06
6.955402	5.555754772e-06
6.960402	5.635937831e-06
6.965402	5.564111296e-06
6.970403	5.421852721e-06
6.975403	5.267488522e-06
6.980403	5.123629359e-06
6.985403	4.985174844e-06
6.990404	4.797093164e-06
6.995404	4.517676379e-06
7.000404	4.251857238e-06
7.005405	4.233050740e-06
7.010405	4.577087107e-06
7.015405	5.085603499e-06
7.020405	5.386484352e-06
7.025406	5.268624982e-06
7.030406	4.825253961e-06
7.035406	4.315862588e-06
7.040407	3.986197548e-06
7.045407	3.997290921e-06
7.050407	4.389998857e-06
7.055407	5.042760975e-06
7.060408	5.729008529e-06
7.065408	6.295484470e-06
7.070408	6.756651357e-06
7.075409	7.185845515e-06
7.080409	7.590218104e-06
7.085409	7.929363886e-06
7.090409	8.187731177e-06
7.095410	8.395649157e-06
7.100410	8.606906014e-06
7.105410	8.873722696e-06
7.110411	9.253110957e-06
7.115411	9.831068536e-06
7.120411	1.068442933e-05
7.125411	1.173699518e-05
7.130412	1.264497924e-05
7.135412	1.294667781e-05
7.140412	1.244690886e-05
7.145413	1.143237641e-05
7.150413	1.045802620e-05
7.155413	9.962932589e-06
7.160414	1.008010172e-05
7.165414	1.067416806e-05
7.170414	1.147976535e-05
7.175414	1.226004540e-05
7.180415	1.287090564e-05
7.185415	1.320060345e-05
7.190415	1.318410980e-05
7.195416	1.293658608e-05
7.200416	1.274890768e-05
7.205416	1.288571002e-05
7.210416	1.339686867e-05
7.215417	1.407659863e-05
7.220417	1.460415571e-05
7.225417	1.480784008e-05
7.230418	1.481189285e-05
7.235418	1.487064563e-05
7.240418	1.506297049e-05
7.245418	1.520711038e-05
7.250419	1.508225683e-05
7.255419	1.470488161e-05
7.260419	1.436039030e-05
7.265420	1.433282611e-05
7.270420	1.461078696e-05
7.275420	1.490104282e-05
7.280420	1.493248446e-05
7.285421	1.471831247e-05
7.290421	1.453586228e-05
7.295421	1.467845007e-05
7.300422	1.518400687e-05
7.305422	1.574633405e-05
7.310422	1.593265900e-05
7.315422	1.554987373e-05
7.320423	1.476940998e-05
7.325423	1.391854070e-05
7.330423	1.325794070e-05
7.335424	1.292000435e-05
7.340424	1.291381235e-05
7.345424	1.315233513e-05
7.350424	1.348071845e-05
7.355425	1.366958051e-05
7.360425	1.346460227e-05
7.365425	1.277272789e-05
7.370426	1.183583366e-05
7.375426	1.114488142e-05
7.380426	1.108296957e-05
7.385427	1.161090211e-05
7.390427	1.230762671e-05
7.395427	1.273431199e-05
7.400427	1.278373321e-05
7.405428	1.270297206e-05
7.410428	1.281057633e-05
7.415428	1.321393368e-05
7.420429	1.376873151e-05
7.425429	1.424497793e-05
7.430429	1.450417451e-05
7.435429	1.455911142e-05
7.440430	1.451615562e-05
7.445430	1.446356917e-05
7.450430	1.441874915e-05
7.455431	1.440427799e-05
7.460431	1.451539164e-05
7.465431	1.481912671e-05
7.470431	1.522254740e-05
7.475432	1.553874427e-05
7.480432	1.568195947e-05
7.485432	1.573770154e-05
7.490433	1.583806437e-05
7.495433	1.600599817e-05
7.500433	1.611214641e-05
7.505433	1.596222494e-05
7.510434	1.548286668e-05
7.515434	1.487470521e-05
7.520434	1.450781619e-05
7.525435	1.456499202e-05
7.530435	1.482108114e-05
7.535435	1.484853372e-05
7.540435	1.441785222e-05
7.545436	1.367103119e-05
7.550436	1.294903914e-05
7.555436	1.250636833e-05
7.560437	1.241528246e-05
7.565437	1.265440075e-05
7.570437	1.312419410e-05
7.575437	1.358892238e-05
7.580438	1.379094294e-05
7.585438	1.368991971e-05
7.590438	1.351213345e-05
7.595439	1.354170570e-05
7.600439	1.388048651e-05
7.605439	1.436769728e-05
7.610440	1.469819663e-05
7.615440	1.466352467e-05
7.620440	1.434333922e-05
7.625440	1.408815664e-05
7.630441	1.427498328e-05
7.635441	1.498702668e-05
7.640441	1.589879432e-05
7.645442	1.652295661e-05
7.650442	1.658634322e-05
7.655442	1.616090762e-05
7.660442	1.550938396e-05
7.665443	1.492506609e-05
7.670443	1.468894443e-05
7.675443	1.497511288e-05
7.680444	1.567609442e-05
7.685444	1.638258605e-05
7.690444	1.661562249e-05
7.695444	1.613904512e-05
7.700445	1.513646681e-05
7.705445	1.413661335e-05
7.710445	1.370092847e-05
7.715446	1.404265773e-05
7.720446	1.484915645e-05
7.725446	1.548152408e-05
7.730446	1.542519735e-05
7.735447	1.463447134e-05
7.740447	1.350563131e-05
7.745447	1.253955708e-05
7.750448	1.201224346e-05
7.755448	1.189694662e-05
7.760448	1.199572028e-05
7.765448	1.213606809e-05
7.770449	1.230986510e-05
7.775449	1.259761211e-05
7.780449	1.292512123e-05
7.785450	1.301703572e-05
7.790450	1.271406273e-05
7.795450	1.226980429e-05
7.800450	1.216370569e-05
7.805451	1.257856965e-05
7.810451	1.320831383e-05
7.815451	1.364967125e-05
7.820452	1.381407361e-05
7.825452	1.386183177e-05
7.830452	1.391316362e-05
7.835452	1.393642602e-05
7.840453	1.380283739e-05
7.845453	1.341444272e-05
7.850453	1.288489613e-05
7.855454	1.258681022e-05
7.860454	1.288211009e-05
7.865454	1.371811425e-05
7.870455	1.455106945e-05
7.875455	1.482252498e-05
7.880455	1.454040736e-05
7.885455	1.424233082e-05
7.890456	1.435303857e-05
7.895456	1.474582853e-05
7.900456	1.498593374e-05
7.905457	1.484154138e-05
7.910457	1.445862259e-05
7.915457	1.410481821e-05
7.920457	1.384205461e-05
7.925458	1.349626348e-05
7.930458	1.288564744e-05
7.935458	1.193521447e-05
7.940459	1.044567088e-05
7.945459	7.545163914e-06
7.950459	9.512476303e-07
7.955459	-1.374431889e-05
7.960460	-4.364845067e-05
7.965460	-9.865832989e-05
7.970460	-1.898923528e-04
7.975461	-3.261461742e-04
7.980461	-5.104448569e-04
7.985461	-7.382602286e-04
7.990461	-9.967941307e-04
7.995462	-1.265823485e-03
8.000462	-1.522215012e-03
8.005462	-1.747276392e-03
8.010463	-1.932275158e-03
8.015463	-2.078960994e-03
8.020463	-2.196446558e-03
8.025463	-2.297269391e-03
8.030464	-2.393918372e-03
8.035464	-2.496214137e-03
8.040464	-2.610231222e-03
8.045465	-2.739021471e-03
8.050465	-2.884555330e-03
8.055465	-3.050663430e-03
8.060465	-3.246116318e-03
8.065466	-3.483476849e-03
8.070466	-3.769455777e-03
8.075466	-4.091402661e-03
8.080467	-4.412422293e-03
8.085467	-4.682108024e-03
8.090467	-4.856335318e-03
8.095468	-4.912904036e-03
8.100468	-4.855163638e-03
8.105468	-4.705718208e-03
8.110468	-4.497044135e-03
8.115469	-4.263516792e-03
8.120469	-4.035952438e-03
8.125469	-3.838470134e-03
8.130470	-3.686226066e-03
8.135470	-3.582372844e-03
8.140470	-3.515923801e-03
8.145470	-3.464891001e-03
8.150471	-3.405754542e-03
8.155471	-3.324147444e-03
8.160471	-3.219639743e-03
8.165472	-3.101573190e-03
8.170472	-2.979765693e-03
8.175472	-2.858125644e-03
8.180472	-2.736190520e-03
8.185473	-2.615581431e-03
8.190473	-2.503844603e-03
8.195473	-2.411892721e-03
8.200474	-2.348639596e-03
8.205474	-2.318686244e-03
8.210474	-2.323766613e-03
8.215474	-2.363591412e-03
8.220475	-2.433448120e-03
8.225475	-2.520853506e-03
8.230475	-2.604760470e-03
8.235476	-2.658747697e-03
8.240476	-2.658212236e-03
8.245476	-2.589994981e-03
8.250476	-2.459801082e-03
8.255477	-2.291957512e-03
8.260477	-2.120144907e-03
8.265477	-1.973536148e-03
8.270478	-1.865840739e-03
8.275478	-1.793157643e-03
8.280478	-1.740833283e-03
8.285478	-1.693902115e-03
8.290479	-1.644773723e-03
8.295479	-1.594700512e-03
8.300479	-1.549210643e-03
8.305480	-1.511605971e-03
8.310480	-1.480255085e-03
8.315480	-1.451309054e-03
8.320481	-1.422648491e-03
8.325481	-1.394760501e-03
8.330481	-1.368840977e-03
8.335481	-1.344965109e-03
8.340482	-1.322091641e-03
8.345482	-1.299481368e-03
8.350482	-1.277467905e-03
8.355483	-1.256099304e-03
8.360483	-1.232645608e-03
8.365483	-1.200544223e-03
8.370483	-1.151896543e-03
8.375484	-1.082927753e-03
8.380484	-9.980275969e-04
8.385484	-9.080258933e-04
8.390485	-8.238161172e-04
8.395485	-7.508900341e-04
8.400485	-6.888253551e-04
8.405485	-6.350805456e-04
8.410486	-5.892547483e-04
8.415486	-5.540356682e-04
8.420486	-5.321484781e-04
8.425487	-5.224003744e-04
8.430487	-5.186040195e-04
8.435487	-5.122629919e-04
8.440487	-4.971118800e-04
8.445488	-4.727990724e-04
8.450488	-4.450717245e-04
8.455488	-4.215205774e-04
8.460489	-4.056252853e-04
8.465489	-3.935694472e-04
8.470489	-3.759197248e-04
8.475489	-3.428363909e-04
8.480490	-2.895868683e-04
8.485490	-2.190701907e-04
8.490490	-1.400571260e-04
8.495491	-6.297039156e-05
8.500491	3.688875744e-06
8.505491	5.489685383e-05
8.510491	8.927035712e-05
8.515492	1.088041327e-04
8.520492	1.186085770e-04
8.525492	1.259071276e-04
8.530493	1.371003288e-04
8.535493	1.539954465e-04
8.540493	1.727241743e-04
8.545494	1.873175936e-04
8.550494	1.953630062e-04
8.555494	2.004985640e-04
8.560494	2.092511131e-04
8.565495	2.254282613e-04
8.570495	2.473682145e-04
8.575495	2.700308297e-04
8.580496	2.897789759e-04
8.585496	3.080847891e-04
8.590496	3.312457522e-04
8.595496	3.662602890e-04
8.600497	4.162702602e-04
8.605497	4.787648113e-04
8.610497	5.467038082e-04
8.615498	6.111267577e-04
8.620498	6.642853027e-04
8.625498	7.022455791e-04
8.630498	7.255220208e-04
8.635499	7.376389457e-04
8.640499	7.431321790e-04
8.645499	7.460477888e-04
8.650500	7.489681093e-04
8.655500	7.527170121e-04
8.660500	7.567944488e-04
8.665500	7.600734879e-04
8.670501	7.617155571e-04
8.675501	7.625841282e-04
8.680501	7.664099188e-04
8.685502	7.790620637e-04
8.690502	8.053982946e-04
8.695502	8.456203502e-04
8.700502	8.942117350e-04
8.705503	9.429214242e-04
8.710503	9.857934011e-04
8.715503	1.022003349e-03
8.720504	1.054243504e-03
8.725504	1.084686567e-03
8.730504	1.112250882e-03
8.735504	1.132997396e-03
8.740505	1.142976461e-03
8.745505	1.141695700e-03
8.750505	1.133886564e-03
8.755506	1.127520474e-03
8.760506	1.128947936e-03
8.765506	1.139308857e-03
8.770506	1.155018701e-03
8.775507	1.171003702e-03
8.780507	1.184104937e-03
8.785507	1.195208218e-03
8.790508	1.209033628e-03
8.795508	1.231257625e-03
8.800508	1.264559347e-03
8.805509	1.306060143e-03
8.810509	1.347980381e-03
8.815509	1.381691841e-03
8.820509	1.402550279e-03
8.825510	1.411816024e-03
8.830510	1.415003193e-03
8.835510	1.419062966e-03
8.840511	1.430056203e-03
8.845511	1.451147140e-03
8.850511	1.481164047e-03
8.855511	1.514969216e-03
8.860512	1.545743819e-03
8.865512	1.567704011e-03
8.870512	1.578117051e-03
8.875513	1.578035847e-03
8.880513	1.571068232e-03
8.885513	1.560825680e-03
8.890513	1.549398741e-03
8.895514	1.538106094e-03
8.900514	1.529137792e-03
8.905514	1.526184069e-03
8.910515	1.533464446e-03
8.915515	1.553641653e-03
8.920515	1.585955708e-03
8.925515	1.626206722e-03
8.930516	1.668605534e-03
8.935516	1.707710677e-03
8.940516	1.739407055e-03
8.945517	1.761591677e-03
8.950517	1.774971576e-03
8.955517	1.782996926e-03
8.960517	1.790012759e-03
8.965518	1.798231301e-03
8.970518	1.805547283e-03
8.975518	1.806676283e-03
8.980519	1.798124969e-03
8.985519	1.783104293e-03
8.990519	1.770875220e-03
8.995519	1.770180081e-03
9.000520	1.782940210e-03
9.005520	1.803921012e-03
9.010520	1.825567473e-03
9.015521	1.842855351e-03
9.020521	1.854544040e-03
9.025521	1.861525307e-03
9.030522	1.865409718e-03
9.035522	1.868816909e-03
9.040522	1.875527743e-03
9.045522	1.888759875e-03
9.050523	1.908890431e-03
9.055523	1.932764009e-03
9.060523	1.954938804e-03
9.065524	1.970212814e-03
9.070524	1.976293547e-03
9.075524	1.974647520e-03
9.080524	1.968634419e-03
9.085525	1.960792914e-03
9.090525	1.951843190e-03
9.095525	1.941884986e-03
9.100526	1.932073354e-03
9.105526	1.924860950e-03
9.110526	1.922696323e-03
9.115526	1.926550263e-03
9.120527	1.935367777e-03
9.125527	1.946724070e-03
9.130527	1.958183199e-03
9.135528	1.968213494e-03
9.140528	1.976251959e-03
9.145528	1.982811269e-03
9.150528	1.989878937e-03
9.155529	2.000261292e-03
9.160529	2.015256538e-03
9.165529	2.032614355e-03
9.170530	2.047411612e-03
9.175530	2.056122809e-03
9.180530	2.060992544e-03
9.185530	2.070633511e-03
9.190531	2.095827523e-03
9.195531	2.144514662e-03
9.200531	2.220251827e-03
9.205532	2.323505470e-03
9.210532	2.452475064e-03
9.215532	2.602693277e-03
9.220532	2.767349536e-03
9.225533	2.939223346e-03
9.230533	3.112724819e-03
9.235533	3.284677964e-03
9.240534	3.454000442e-03
9.245534	3.620864942e-03
9.250534	3.786273004e-03
9.255535	3.952995735e-03
9.260535	4.126945345e-03
9.265535	4.316391630e-03
9.270535	4.527913540e-03
9.275536	4.761254724e-03
9.280536	5.006684225e-03
9.285536	5.247052020e-03
9.290537	5.464060605e-03
9.295537	5.645423335e-03
9.300537	5.788451397e-03
9.305537	5.898048492e-03
9.310538	5.981117859e-03
9.315538	6.041467835e-03
9.320538	6.078232496e-03
9.325539	6.088207357e-03
9.330539	6.070578148e-03
9.335539	6.031468352e-03
9.340539	5.985223166e-03
9.345540	5.950786022e-03
9.350540	5.944874604e-03
9.355540	5.975791932e-03
9.360541	6.040849878e-03
9.365541	6.127953647e-03
9.370541	6.219915385e-03
9.375541	6.299572218e-03
9.380542	6.354114132e-03
9.385542	6.377379227e-03
9.390542	6.369856750e-03
9.395543	6.337560885e-03
9.400543	6.290969134e-03
9.405543	6.243371694e-03
9.410543	6.207240471e-03
9.415544	6.189792634e-03
9.420544	6.191134230e-03
9.425544	6.206134820e-03
9.430545	6.227263948e-03
9.435545	6.245656161e-03
9.440545	6.251415210e-03
9.445545	6.235640903e-03
9.450546	6.194027632e-03
9.455546	6.129814014e-03
9.460546	6.054226504e-03
9.465547	5.983156996e-03
9.470547	5.930271694e-03
9.475547	5.900019807e-03
9.480548	5.885642535e-03
9.485548	5.874473534e-03
9.490548	5.857530581e-03
9.495548	5.836410827e-03
9.500549	5.821317976e-03
9.505549	5.821148526e-03
9.510549	5.834397876e-03
9.515550	5.848865463e-03
9.520550	5.849177093e-03
9.525550	5.824821064e-03
9.530550	5.773583990e-03
9.535551	5.700468520e-03
9.540551	5.614126442e-03
9.545551	5.522896620e-03
9.550552	5.432578094e-03
9.555552	5.346585217e-03
9.560552	5.267206994e-03
9.565552	5.196357308e-03
9.570553	5.135009874e-03
9.575553	5.082145609e-03
9.580553	5.035278022e-03
9.585554	4.992938478e-03
9.590554	4.956363574e-03
9.595554	4.927870619e-03
9.600554	4.907344126e-03
9.605555	4.890735518e-03
9.610555	4.872462749e-03
9.615555	4.849569833e-03
9.620556	4.823761269e-03
9.625556	4.799458960e-03
9.630556	4.779265595e-03
9.635556	4.759968249e-03
9.640557	4.732294858e-03
9.645557	4.685533824e-03
9.650557	4.614076951e-03
9.655558	4.520918026e-03
9.660558	4.415553607e-03
9.665558	4.307796366e-03
9.670558	4.201851269e-03
9.675559	4.095109142e-03
9.680559	3.982298847e-03
9.685559	3.861088942e-03
9.690560	3.735007760e-03
9.695560	3.612648834e-03
9.700560	3.504101410e-03
9.705560	3.416090475e-03
9.710561	3.348600590e-03
9.715561	3.296133213e-03
9.720561	3.253161408e-03
9.725562	3.219003193e-03
9.730562	3.198172529e-03
9.735562	3.196932705e-03
9.740563	3.219113058e-03
9.745563	3.263447622e-03
9.750563	3.324032601e-03
9.755563	3.394378524e-03
9.760564	3.472312731e-03
9.765564	3.561208056e-03
9.770564	3.666017095e-03
9.775565	3.787117429e-03
9.780565	3.916197207e-03
9.785565	4.036348817e-03
9.790565	4.125771215e-03
9.795566	4.162673437e-03
9.800566	4.129240032e-03
9.805566	4.014574929e-03
9.810567	3.817668370e-03
9.815567	3.549721918e-03
9.820567	3.233067303e-03
9.825567	2.895071159e-03
9.830568	2.559208996e-03
9.835568	2.238231343e-03
9.840568	1.933462020e-03
9.845569	1.640208308e-03
9.850569	1.355160759e-03
9.855569	1.080797416e-03
9.860569	8.250036867e-04
9.865570	5.979450348e-04
9.870570	4.085191121e-04
9.875570	2.615197358e-04
9.880571	1.570639674e-04
9.885571	9.293219941e-05
9.890571	6.744455146e-05
9.895571	7.990837036e-05
9.900572	1.283388691e-04
9.905572	2.064880065e-04
9.910572	3.028586771e-04
9.915573	4.035041155e-04
9.920573	4.970880221e-04
9.925573	5.777385021e-04
9.930573	6.435629499e-04
9.935574	6.931333677e-04
9.940574	7.229431643e-04
9.945574	7.270738847e-04
9.950575	6.988938169e-04
9.955575	6.338006213e-04
9.960575	5.315753513e-04
9.965576	3.966436008e-04
9.970576	2.356882787e-04
9.975576	5.468998872e-05
9.980576	-1.418299850e-04
9.985577	-3.493433353e-04
9.990577	-5.623008269e-04
9.995577	-7.751435403e-04
10.000578	-9.834982310e-04
10.005578	-1.182898510e-03
10.010578	-1.365560844e-03
10.015578	-1.519028495e-03
10.020579	-1.629587631e-03
10.025579	-1.688558436e-03
10.030579	-1.696154600e-03
10.035580	-1.659898781e-03
10.040580	-1.589865798e-03
10.045580	-1.495242162e-03
10.050580	-1.384323142e-03
10.055581	-1.266597623e-03
10.060581	-1.154589109e-03
10.065581	-1.064419529e-03
10.070582	-1.014615920e-03
10.075582	-1.022490608e-03
10.080582	-1.099215565e-03
10.085582	-1.246962006e-03
10.090583	-1.460067333e-03
10.095583	-1.728329166e-03
10.100583	-2.039401291e-03
10.105584	-2.379775323e-03
10.110584	-2.736025872e-03
10.115584	-3.097141372e-03
10.120584	-3.456088932e-03
10.125585	-3.808291785e-03
10.130585	-4.147913951e-03
10.135585	-4.465547723e-03
10.140586	-4.749224885e-03
10.145586	-4.986757087e-03
10.150586	-5.166838662e-03
10.155586	-5.279973750e-03
10.160587	-5.321643103e-03
10.165587	-5.295947678e-03
10.170587	-5.214872068e-03
10.175588	-5.092483481e-03
10.180588	-4.939862383e-03
10.185588	-4.765723492e-03
10.190589	-4.580413809e-03
10.195589	-4.397443262e-03
10.200589	-4.230316286e-03
10.205589	-4.087333430e-03
10.210590	-3.968685445e-03
10.215590	-3.868555103e-03
10.220590	-3.781545399e-03
10.225591	-3.709477431e-03
10.230591	-3.663683576e-03
10.235591	-3.660557264e-03
10.240591	-3.712948065e-03
10.245592	-3.823245528e-03
10.250592	-3.982326097e-03
10.255592	-4.173121736e-03
10.260593	-4.374010206e-03
10.265593	-4.559273635e-03
10.270593	-4.698681674e-03
10.275593	-4.759881990e-03
10.280594	-4.714129174e-03
10.285594	-4.542369156e-03
10.290594	-4.238646915e-03
10.295595	-3.809958144e-03
10.300595	-3.273389650e-03
10.305595	-2.652047540e-03
10.310595	-1.971153377e-03
10.315596	-1.254970994e-03
10.320596	-5.247342946e-04
10.325596	2.010538119e-04
10.330597	9.014163802e-04
10.335597	1.543459979e-03
10.340597	2.075609350e-03
10.345597	2.431844519e-03
10.350598	2.547547780e-03
10.355598	2.376952893e-03
10.360598	1.900502235e-03
10.365599	1.121385324e-03
10.370599	6.037134533e-05
10.375599	-1.246844895e-03
10.380599	-2.754568967e-03
10.385600	-4.418030433e-03
10.390600	-6.205359269e-03
10.395600	-8.095210732e-03
10.400601	-1.004816213e-02
10.405601	-1.196831468e-02
10.410601	-1.369435998e-02
10.415602	-1.504125904e-02
10.420602	-1.586940570e-02
10.425602	-1.613480488e-02
10.430602	-1.588896998e-02
10.435603	-1.523319236e-02
10.440603	-1.426805182e-02
10.445603	-1.308187740e-02
10.450604	-1.177584966e-02
10.455604	-1.048008091e-02
10.460604	-9.328056020e-03
10.465604	-8.405983218e-03
10.470605	-7.717679271e-03
10.475605	-7.188769178e-03
10.480605	-6.710355272e-03
10.485606	-6.202257317e-03
10.490606	-5.656068071e-03
10.495606	-5.126885098e-03
10.500606	-4.685330072e-03
10.505607	-4.371810159e-03
10.510607	-4.185719258e-03
10.515607	-4.111394646e-03
10.520608	-4.151330102e-03
10.525608	-4.327826729e-03
10.530608	-4.645677782e-03
10.535608	-5.052795376e-03
10.540609	-5.443278254e-03
10.545609	-5.711608162e-03
10.550609	-5.819453754e-03
10.555610	-5.819685779e-03
10.560610	-5.818722295e-03
10.565610	-5.912416184e-03
10.570610	-6.144727846e-03
10.575611	-6.509395708e-03
10.580611	-6.978947294e-03
10.585611	-7.529735970e-03
10.590612	-8.143332605e-03
10.595612	-8.788101905e-03
10.600612	-9.398213207e-03
10.605612	-9.867626044e-03
10.610613	-1.007213507e-02
10.615613	-9.919569696e-03
10.620613	-9.402258411e-03
10.625614	-8.611014535e-03
10.630614	-7.694072872e-03
10.635614	-6.789615721e-03
10.640614	-5.979128264e-03
10.645615	-5.285349829e-03
10.650615	-4.702284729e-03
10.655615	-4.225848596e-03
10.660616	-3.861405412e-03
10.665616	-3.609835554e-03
10.670616	-3.451999463e-03
10.675617	-3.348039794e-03
10.680617	-3.253645857e-03
10.685617	-3.141421845e-03
10.690617	-3.007371331e-03
10.695618	-2.851021268e-03
10.700618	-2.643718341e-03
10.705618	-2.316261773e-03
10.710619	-1.777859080e-03
10.715619	-9.479925822e-04
10.720619	2.153680391e-04
10.725619	1.691493240e-03
10.730620	3.384753045e-03
10.735620	5.142640957e-03
10.740620	6.800268970e-03
10.745621	8.219608679e-03
10.750621	9.300263773e-03
10.755621	9.973535803e-03
10.760621	1.020497136e-02
10.765622	1.000967716e-02
10.770622	9.461043618e-03
10.775622	8.671968007e-03
10.780623	7.750239202e-03
10.785623	6.756702210e-03
10.790623	5.691446294e-03
10.795623	4.502854070e-03
10.800624	3.106494778e-03
10.805624	1.423416580e-03
10.810624	-5.586687083e-04
10.815625	-2.746081720e-03
10.820625	-4.972074929e-03
10.825625	-7.077179420e-03
10.830625	-8.957628996e-03
10.835626	-1.054766360e-02
10.840626	-1.178078357e-02
10.845626	-1.258893724e-02
10.850627	-1.294286921e-02
10.855627	-1.288697073e-02
10.860627	-1.253151296e-02
10.865627	-1.200875153e-02
10.870628	-1.142503830e-02
10.875628	-1.083742381e-02
10.880628	-1.026471750e-02
10.885629	-9.719332246e-03
10.890629	-9.233206696e-03
10.895629	-8.859461357e-03
10.900630	-8.650139461e-03
10.905630	-8.627656534e-03
10.910630	-8.776711523e-03
10.915630	-9.072538256e-03
10.920631	-9.529530797e-03
10.925631	-1.022514978e-02
10.930631	-1.126160724e-02
10.935632	-1.268009800e-02
10.940632	-1.439333602e-02
10.945632	-1.619408961e-02
10.950632	-1.783533136e-02
10.955633	-1.912419760e-02
10.960633	-1.997215708e-02
10.965633	-2.038492097e-02
10.970634	-2.041882943e-02
10.975634	-2.014529257e-02
10.980634	-1.964155190e-02
10.985634	-1.899196407e-02
10.990635	-1.827903791e-02
10.995635	-1.756277419e-02
11.000635	-1.685727751e-02
11.005636	-1.611418010e-02
11.010636	-1.522753641e-02
11.015636	-1.407118829e-02
11.020636	-1.255752352e-02
11.025637	-1.068692316e-02
11.030637	-8.559751895e-03
11.035637	-6.346307389e-03
11.040638	-4.237133004e-03
11.045638	-2.403914190e-03
11.050638	-9.827519884e-04
11.055638	-6.712649730e-05
11.060639	2.997500223e-04
11.065639	1.188078712e-04
11.070639	-5.962694926e-04
11.075640	-1.852741553e-03
11.080640	-3.681125281e-03
11.085640	-6.095384765e-03
11.090640	-9.025397847e-03
11.095641	-1.225959094e-02
11.100641	-1.544871688e-02
11.105641	-1.819143932e-02
11.110642	-2.015929320e-02
11.115642	-2.118933956e-02
11.120642	-2.130592040e-02
11.125643	-2.067651018e-02
11.130643	-1.952177450e-02
11.135643	-1.801707473e-02
11.140643	-1.624658788e-02
11.145644	-1.424001231e-02
11.150644	-1.204218619e-02
11.155644	-9.740720962e-03
11.160645	-7.435473838e-03
11.165645	-5.192811644e-03
11.170645	-3.031056996e-03
11.175645	-9.545928370e-04
11.180646	9.837764166e-04
11.185646	2.649262238e-03
11.190646	3.864410335e-03
11.195647	4.494712102e-03
11.200647	4.514209776e-03
11.205647	4.013406010e-03
11.210647	3.155048895e-03
11.215648	2.115454825e-03
11.220648	1.052731212e-03
11.225648	1.019864872e-04
11.230649	-6.319295065e-04
11.235649	-1.090475100e-03
11.240649	-1.267815177e-03
11.245649	-1.198203875e-03
11.250650	-9.319158104e-04
11.255650	-5.110467193e-04
11.260650	5.228227578e-05
11.265651	7.968414883e-04
11.270651	1.811403281e-03
11.275651	3.178039909e-03
11.280651	4.877167694e-03
11.285652	6.738254676e-03
11.290652	8.496508954e-03
11.295652	9.912989190e-03
11.300653	1.086147972e-02
11.305653	1.133616516e-02
11.310653	1.140313682e-02
11.315653	1.113888719e-02
11.320654	1.059250785e-02
11.325654	9.789644149e-03
11.330654	8.760135348e-03
11.335655	7.550520306e-03
11.340655	6.206909832e-03
11.345655	4.745288576e-03
11.350656	3.131358035e-03
11.355656	1.291530289e-03
11.360656	-8.358893935e-04
11.365656	-3.234964176e-03
11.370657	-5.774738432e-03
11.375657	-8.231968402e-03
11.380657	-1.037402513e-02
11.385658	-1.205296064e-02
11.390658	-1.324689954e-02
11.395658	-1.403037418e-02
11.400658	-1.450876863e-02
11.405659	-1.476627973e-02
11.410659	-1.485015538e-02
11.415659	-1.477702608e-02
11.420660	-1.453405829e-02
11.425660	-1.407061491e-02
11.430660	-1.330815156e-02
11.435660	-1.218674359e-02
11.440661	-1.072387547e-02
11.445661	-9.040771342e-03
11.450661	-7.329139512e-03
11.455662	-5.774054981e-03
11.460662	-4.487541505e-03
11.465662	-3.495145852e-03
11.470662	-2.765822534e-03
11.475663	-2.248376469e-03
11.480663	-1.891459026e-03
11.485663	-1.646221931e-03
11.490664	-1.462254783e-03
11.495664	-1.286486786e-03
11.500664	-1.069729092e-03
11.505664	-7.849409425e-04
11.510665	-4.540663428e-04
11.515665	-1.619457925e-04
11.520665	-3.237600040e-05
11.525666	-1.692813715e-04
11.530666	-5.967374343e-04
11.535666	-1.233441905e-03
11.540666	-1.916969869e-03
11.545667	-2.465142222e-03
11.550667	-2.734874625e-03
11.555667	-2.638168581e-03
11.560668	-2.116297609e-03
11.565668	-1.121664779e-03
11.570668	3.516942654e-04
11.575668	2.213620772e-03
11.580669	4.260983822e-03
11.585669	6.222219550e-03
11.590669	7.831454253e-03
11.595670	8.889900295e-03
11.600670	9.298380522e-03
11.605670	9.063197277e-03
11.610671	8.275379107e-03
11.615671	7.068818214e-03
11.620671	5.582912310e-03
11.625671	3.954121563e-03
11.630672	2.328621627e-03
11.635672	8.649819306e-04
11.640672	-2.929991443e-04
11.645673	-1.060507088e-03
11.650673	-1.434019574e-03
11.655673	-1.464941295e-03
11.660673	-1.205362304e-03
11.665674	-6.705410435e-04
11.670674	1.667137123e-04
11.675674	1.362792516e-03
11.680675	2.975147031e-03
11.685675	5.018195160e-03
11.690675	7.425211631e-03
11.695675	1.005376435e-02
11.700676	1.274152755e-02
11.705676	1.536095209e-02
11.710676	1.782316829e-02
11.715677	2.005328234e-02
11.720677	2.198035630e-02
11.725677	2.353587418e-02
11.730677	2.464353678e-02
11.735678	2.522156925e-02
11.740678	2.522015104e-02
11.745678	2.466595224e-02
11.750679	2.365694764e-02
11.755679	2.229435234e-02
11.760679	2.061496243e-02
11.765679	1.859712509e-02
11.770680	1.622423919e-02
11.775680	1.352908110e-02
11.780680	1.060117561e-02
11.785681	7.590309476e-03
11.790681	4.695028685e-03
11.795681	2.104459196e-03
11.800681	-7.890853897e-05
11.805682	-1.872668151e-03
11.810682	-3.379902748e-03
11.815682	-4.716031953e-03
11.820683	-5.945270495e-03
11.825683	-7.058033839e-03
11.830683	-7.990086224e-03
11.835684	-8.656261874e-03
11.840684	-8.963685495e-03
11.845684	-8.804098135e-03
11.850684	-8.070503263e-03
11.855685	-6.725515891e-03
11.860685	-4.877450119e-03
11.865685	-2.788828493e-03
11.870686	-7.925816126e-04
11.875686	8.278948767e-04
11.880686	1.912519728e-03
11.885686	2.424882442e-03
11.890687	2.416611897e-03
11.895687	1.998354294e-03
11.900687	1.322926109e-03
11.905688	5.602842392e-04
11.910688	-1.428211005e-04
11.915688	-6.969948337e-04
11.920688	-1.083815233e-03
11.925689	-1.363980060e-03
11.930689	-1.685309276e-03
11.935689	-2.259285450e-03
11.940690	-3.278362115e-03
11.945690	-4.801825248e-03
11.950690	-6.687675925e-03
11.955690	-8.632200637e-03
11.960691	-1.030101102e-02
11.965691	-1.146543565e-02
11.970691	-1.206203691e-02
11.975692	-1.215819319e-02
11.980692	-1.186554436e-02
11.985692	-1.126247906e-02
11.990692	-1.037538668e-02
11.995693	-9.223841639e-03
12.000693	-7.876429348e-03
12.005693	-6.454469288e-03
12.010694	-5.076317754e-03
12.015694	-3.793738133e-03
12.020694	-2.575770121e-03
12.025694	-1.348298921e-03
12.030695	-5.495989689e-05
12.035695	1.298474626e-03
12.040695	2.637822095e-03
12.045696	3.851923724e-03
12.050696	4.837131496e-03
12.055696	5.527262959e-03
12.060697	5.900804353e-03
12.065697	5.968068137e-03
12.070697	5.745943375e-03
12.075697	5.245134384e-03
12.080698	4.490175721e-03
12.085698	3.546750087e-03
12.090698	2.511812677e-03
12.095699	1.467935635e-03
12.100699	4.461203553e-04
12.105699	-5.714407599e-04
12.110699	-1.615540163e-03
12.115700	-2.692345160e-03
12.120700	-3.771964112e-03
12.125700	-4.805129349e-03
12.130701	-5.747009681e-03
12.135701	-6.566397058e-03
12.140701	-7.233117861e-03
12.145701	-7.692188543e-03
12.150702	-7.844986175e-03
12.155702	-7.564256328e-03
12.160702	-6.754526826e-03
12.165703	-5.426998771e-03
12.170703	-3.728611339e-03
12.175703	-1.890075988e-03
12.180703	-1.245421770e-04
12.185704	1.447300868e-03
12.190704	2.800099959e-03
12.195704	3.958252982e-03
12.200705	4.956435971e-03
12.205705	5.836304556e-03
12.210705	6.667147720e-03
12.215705	7.554246060e-03
12.220706	8.609069593e-03
12.225706	9.892088986e-03
12.230706	1.136869030e-02
12.235707	1.291302334e-02
12.240707	1.436070876e-02
12.245707	1.557767755e-02
12.250707	1.650250337e-02
12.255708	1.714086036e-02
12.260708	1.752607298e-02
12.265708	1.768127747e-02
12.270709	1.761200616e-02
12.275709	1.732602115e-02
12.280709	1.684670115e-02
12.285710	1.619303467e-02
12.290710	1.533943567e-02
12.295710	1.420014043e-02
12.300710	1.267279113e-02
12.305711	1.072300433e-02
12.310711	8.441159079e-03
12.315711	6.018373544e-03
12.320712	3.663303515e-03
12.325712	1.528064230e-03
12.330712	-3.140452914e-04
12.335712	-1.847786132e-03
12.340713	-3.085925615e-03
12.345713	-4.055266892e-03
12.350713	-4.801879633e-03
12.355714	-5.401062919e-03
12.360714	-5.952069502e-03
12.365714	-6.549821010e-03
12.370714	-7.249946521e-03
12.375715	-8.053228173e-03
12.380715	-8.919646611e-03
12.385715	-9.799988981e-03
12.390716	-1.066255765e-02
12.395716	-1.149739630e-02
12.400716	-1.229857173e-02
12.405716	-1.304372941e-02
12.410717	-1.368963507e-02
12.415717	-1.418299521e-02
12.420717	-1.447188006e-02
12.425718	-1.450770696e-02
12.430718	-1.423470748e-02
12.435718	-1.356698679e-02
12.440718	-1.237306566e-02
12.445719	-1.050571292e-02
12.450719	-7.882888885e-03
12.455719	-4.569551183e-03
12.460720	-7.996267044e-04
12.465720	3.080764808e-03
12.470720	6.715523148e-03
12.475720	9.826473756e-03
12.480721	1.224807288e-02
12.485721	1.392113927e-02
12.490721	1.488027783e-02
12.495722	1.524401820e-02
12.500722	1.519723477e-02
12.505722	1.496693928e-02
12.510722	1.479418330e-02
12.515723	1.489125765e-02
12.520723	1.538453268e-02
12.525723	1.627108041e-02
12.530724	1.741913658e-02
12.535724	1.861837589e-02
12.540724	1.965928966e-02
12.545725	2.040352818e-02
12.550725	2.081571258e-02
12.555725	2.095911897e-02
12.560725	2.097687156e-02
12.565726	2.107325440e-02
12.570726	2.149174176e-02
12.575726	2.247150599e-02
12.580727	2.417683924e-02
12.585727	2.664533904e-02
12.590727	2.981488671e-02
12.595727	3.359284221e-02
12.600728	3.786091985e-02
12.605728	4.241942141e-02
12.610728	4.698760573e-02
12.615729	5.129011694e-02
12.620729	5.513138043e-02
12.625729	5.839478237e-02
12.630729	6.101708707e-02
12.635730	6.300574695e-02
12.640730	6.448136475e-02
12.645730	6.567125456e-02
12.650731	6.682881758e-02
12.655731	6.813694542e-02
12.660731	6.966945271e-02
12.665731	7.142588102e-02
12.670732	7.338899174e-02
12.675732	7.554311952e-02
12.680732	7.784383264e-02
12.685733	8.018620330e-02
12.690733	8.241839579e-02
12.695733	8.439855999e-02
12.700733	8.605083221e-02
12.705734	8.737848404e-02
12.710734	8.843521525e-02
12.715734	8.929312029e-02
12.720735	9.003375798e-02
12.725735	9.075210882e-02
12.730735	9.155929331e-02
12.735735	9.258241985e-02
12.740736	9.394791569e-02
12.745736	9.573813777e-02
12.750736	9.795620248e-02
12.755737	1.005474911e-01
12.760737	1.034681117e-01
12.765737	1.067340655e-01
12.770738	1.103968151e-01
12.775738	1.144530434e-01
12.780738	1.187576127e-01
12.785738	1.230214662e-01
12.790739	1.269196810e-01
12.795739	1.302537349e-01
12.800739	1.330666841e-01
12.805740	1.356202933e-01
12.810740	1.382246649e-01
12.815740	1.410364025e-01
12.820740	1.439824168e-01
12.825741	1.468545798e-01
12.830741	1.494777624e-01
12.835741	1.518183053e-01
12.840742	1.539706785e-01
12.845742	1.560555652e-01
12.850742	1.580939980e-01
12.855742	1.598850379e-01
12.860743	1.609479576e-01
12.865743	1.607112098e-01
12.870743	1.589888220e-01
12.875744	1.562969918e-01
12.880744	1.534943658e-01
12.885744	1.509932103e-01
12.890744	1.484113030e-01
12.895745	1.450572854e-01
12.900745	1.406410511e-01
12.905745	1.354068105e-01
12.910746	1.296816422e-01
12.915746	1.234661357e-01
12.920746	1.165013774e-01
12.925746	1.086620470e-01
12.930747	1.001791231e-01
12.935747	9.145046713e-02
12.940747	8.273016385e-02
12.945748	7.404149992e-02
12.950748	6.528543819e-02
12.955748	5.638448672e-02
12.960748	4.743918341e-02
12.965749	3.885346397e-02
12.970749	3.125283177e-02
12.975749	2.514779544e-02
12.980750	2.060992525e-02
12.985750	1.724926992e-02
12.990750	1.446346233e-02
12.995751	1.174305687e-02
13.000751	8.885063351e-03
13.005751	6.016430704e-03
13.010751	3.395119550e-03
13.015752	1.141376870e-03
13.020752	-8.867483211e-04
13.025752	-3.018800241e-03
13.030753	-5.586326054e-03
13.035753	-8.749637567e-03
13.040753	-1.246274238e-02
13.045753	-1.662647434e-02
13.050754	-2.128886980e-02
13.055754	-2.664434380e-02
13.060754	-3.278398081e-02
13.065755	-3.947485018e-02
13.070755	-4.624439273e-02
13.075755	-5.268247767e-02
13.080755	-5.862960897e-02
13.085756	-6.409508906e-02
13.090756	-6.907131086e-02
13.095756	-7.347065172e-02
13.100757	-7.720624109e-02
13.105757	-8.027910863e-02
13.110757	-8.278464826e-02
13.115757	-8.486441791e-02
13.120758	-8.664805874e-02
13.125758	-8.820400325e-02
13.130758	-8.951766997e-02
13.135759	-9.051346224e-02
13.140759	-9.111296756e-02
13.145759	-9.129634791e-02
13.150759	-9.112857751e-02
13.155760	-9.073365697e-02
13.160760	-9.023766609e-02
13.165760	-8.972711773e-02
13.170761	-8.924639953e-02
13.175761	-8.881347123e-02
13.180761	-8.842899403e-02
13.185761	-8.807485284e-02
13.190762	-8.770801506e-02
13.195762	-8.726731929e-02
13.200762	-8.670733399e-02
13.205763	-8.603575934e-02
13.210763	-8.531046698e-02
13.215763	-8.458926011e-02
13.220763	-8.387839445e-02
13.225764	-8.313089982e-02
13.230764	-8.229474507e-02
13.235764	-8.136096229e-02
13.240765	-8.036647207e-02
13.245765	-7.935274158e-02
13.250765	-7.831395144e-02
13.255766	-7.716333935e-02
13.260766	-7.573235222e-02
13.265766	-7.380784213e-02
13.270766	-7.119035691e-02
13.275767	-6.774471890e-02
13.280767	-6.344267771e-02
13.285767	-5.841449360e-02
13.290768	-5.298486728e-02
13.295768	-4.763346921e-02
13.300768	-4.287117275e-02
13.305768	-3.911616277e-02
13.310769	-3.666124721e-02
13.315769	-3.573209283e-02
13.320769	-3.657290629e-02
13.325770	-3.948802430e-02
13.330770	-4.477081514e-02
13.335770	-5.255074574e-02
13.340770	-6.276003916e-02
13.345771	-7.530328891e-02
13.350771	-9.009234551e-02
13.355771	-1.067037758e-01
13.360772	-1.241412886e-01
13.365772	-1.412205242e-01
13.370772	-1.571847908e-01
13.375772	-1.718244454e-01
13.380773	-1.851240376e-01
13.385773	-1.970271561e-01
13.390773	-2.075161788e-01
13.395774	-2.166897556e-01
13.400774	-2.246688963e-01
13.405774	-2.315035122e-01
13.410774	-2.372082003e-01
13.415775	-2.418496667e-01
13.420775	-2.455692437e-01
13.425775	-2.485042982e-01
13.430776	-2.506787817e-01
13.435776	-2.519990996e-01
13.440776	-2.523866205e-01
13.445776	-2.518931056e-01
13.450777	-2.506424602e-01
13.455777	-2.486422030e-01
13.460777	-2.456790014e-01
13.465778	-2.414292311e-01
13.470778	-2.356571136e-01
13.475778	-2.283081644e-01
13.480779	-2.194912945e-01
13.485779	-2.094451322e-01
13.490779	-1.985213829e-01
13.495779	-1.871632527e-01
13.500780	-1.758447312e-01
13.505780	-1.649541618e-01
13.510780	-1.546703392e-01
13.515781	-1.449292895e-01
13.520781	-1.355335019e-01
13.525781	-1.263192684e-01
13.530781	-1.172204430e-01
13.535782	-1.081886050e-01
13.540782	-9.909777098e-02
13.545782	-8.973864107e-02
13.550783	-7.988006308e-02
13.555783	-6.933775254e-02
13.560783	-5.801350793e-02
13.565783	-4.589098070e-02
13.570784	-3.302420721e-02
13.575784	-1.956978069e-02
13.580784	-5.830906827e-03
13.585785	7.760142212e-03
13.590785	2.071491274e-02
13.595785	3.257029220e-02
13.600785	4.297797138e-02
13.605786	5.178968130e-02
13.610786	5.907576372e-02
13.615786	6.504847323e-02
13.620787	6.993986600e-02
13.625787	7.390837987e-02
13.630787	7.701143107e-02
13.635787	7.922885076e-02
13.640788	8.049983639e-02
13.645788	8.075436467e-02
13.650788	7.993724130e-02
13.655789	7.801556145e-02
13.660789	7.497108673e-02
13.665789	7.080936297e-02
13.670789	6.559007765e-02
13.675790	5.943028913e-02
13.680790	5.246716373e-02
13.685790	4.483520763e-02
13.690791	3.668887708e-02
13.695791	2.823022549e-02
13.700791	1.970307561e-02
13.705792	1.137650076e-02
13.710792	3.549079600e-03
13.715792	-3.447828947e-03
13.720792	-9.281082147e-03
13.725793	-1.367683390e-02
13.730793	-1.649370289e-02
13.735793	-1.777832184e-02
13.740794	-1.774761773e-02
13.745794	-1.667841588e-02
13.750794	-1.478189885e-02
13.755794	-1.217904019e-02
13.760795	-8.998356708e-03
13.765795	-5.471157594e-03
13.770795	-1.888496732e-03
13.775796	1.544612914e-03
13.780796	4.784657532e-03
13.785796	7.873188829e-03
13.790796	1.082052696e-02
13.795797	1.358864407e-02
13.800797	1.615879299e-02
13.805797	1.856785637e-02
13.810798	2.086997917e-02
13.815798	2.309544072e-02
13.820798	2.527082790e-02
13.825798	2.746239286e-02
13.830799	2.975879097e-02
13.835799	3.217497514e-02
13.840799	3.455629933e-02
13.845800	3.658584386e-02
13.850800	3.791434284e-02
13.855800	3.831328514e-02
13.860800	3.772514395e-02
13.865801	3.619400303e-02
13.870801	3.377687132e-02
13.875801	3.051566905e-02
13.880802	2.644513417e-02
13.885802	2.158167577e-02
13.890802	1.590022654e-02
13.895802	9.339410322e-03
13.900803	1.842918686e-03
13.905803	-6.579044817e-03
13.910803	-1.580924640e-02
13.915804	-2.568679519e-02
13.920804	-3.616795829e-02
13.925804	-4.736850836e-02
13.930805	-5.932133161e-02
13.935805	-7.167654902e-02
13.940805	-8.373487258e-02
13.945805	-9.483201186e-02
13.950806	-1.046965082e-01
13.955806	-1.134643965e-01
13.960806	-1.213977021e-01
13.965807	-1.285999044e-01
13.970807	-1.349347576e-01
13.975807	-1.401148954e-01
13.980807	-1.438356360e-01
13.985808	-1.458809641e-01
13.990808	-1.461316618e-01
13.995808	-1.444396910e-01
14.000809	-1.405528613e-01
14.005809	-1.343302678e-01
14.010809	-1.261025420e-01
14.015809	-1.167560582e-01
14.020810	-1.074046083e-01
14.025810	-9.892993542e-02
14.030810	-9.173539511e-02
14.035811	-8.580950237e-02
14.040811	-8.094600510e-02
14.045811	-7.690829955e-02
14.050811	-7.343845157e-02
14.055812	-7.017737329e-02
14.060812	-6.663974226e-02
14.065812	-6.231605950e-02
14.070813	-5.685497427e-02
14.075813	-5.021237063e-02
14.080813	-4.265845747e-02
14.085813	-3.462201581e-02
14.090814	-2.648331947e-02
14.095814	-1.847421962e-02
14.100814	-1.073545198e-02
14.105815	-3.429609726e-03
14.110815	3.224063205e-03
14.115815	9.028909749e-03
14.120815	1.392772783e-02
14.125816	1.805249216e-02
14.130816	2.167220820e-02
14.135816	2.508689849e-02
14.140817	2.851957904e-02
14.145817	3.202943955e-02
14.150817	3.548832903e-02
14.155817	3.866088227e-02
14.160818	4.133799223e-02
14.165818	4.341045311e-02
14.170818	4.483983095e-02
14.175819	4.559465412e-02
14.180819	4.564140500e-02
14.185819	4.500758475e-02
14.190820	4.385044608e-02
14.195820	4.244648611e-02
14.200820	4.108497338e-02
14.205820	3.994303698e-02
14.210821	3.903830891e-02
14.215821	3.828104893e-02
14.220821	3.757127441e-02
14.225822	3.687251382e-02
14.230822	3.622753994e-02
14.235822	3.572219972e-02
14.240822	3.542102749e-02
14.245823	3.530116668e-02
14.250823	3.522236262e-02
14.255823	3.496279180e-02
14.260824	3.429851546e-02
14.265824	3.306612901e-02
14.270824	3.117929165e-02
14.275824	2.862093947e-02
14.280825	2.543641406e-02
14.285825	2.173959848e-02
14.290825	1.774592643e-02
14.295826	1.381104307e-02
14.300826	1.040536285e-02
14.305826	8.001379726e-03
14.310826	6.954701287e-03
14.315827	7.467573842e-03
14.320827	9.619363111e-03
14.325827	1.337719350e-02
14.330828	1.855156699e-02
14.335828	2.476092625e-02
14.340828	3.149323427e-02
14.345828	3.825679310e-02
14.350829	4.469951062e-02
14.355829	5.061280384e-02
14.360829	5.586874096e-02
14.365830	6.036619800e-02
14.370830	6.400248974e-02
14.375830	6.667178412e-02
14.380830	6.829473716e-02
14.385831	6.885524264e-02
14.390831	6.841263389e-02
14.395831	6.708756565e-02
14.400832	6.502944302e-02
14.405832	6.235914863e-02
14.410832	5.909865351e-02
14.415833	5.513932952e-02
14.420833	5.028514536e-02
14.425833	4.434666835e-02
14.430833	3.724091492e-02
14.435834	2.905525043e-02
14.440834	2.003121174e-02
14.445834	1.047313822e-02
14.450835	6.684660687e-04
14.455835	-9.095579014e-03
14.460835	-1.844753304e-02
14.465835	-2.691335235e-02
14.470836	-3.405519984e-02
14.475836	-3.968350763e-02
14.480836	-4.394314488e-02
14.485837	-4.715685076e-02
14.490837	-4.953114318e-02
14.495837	-5.099660855e-02
14.500837	-5.133781346e-02
14.505838	-5.042833079e-02
14.510838	-4.828240713e-02
14.515838	-4.493372777e-02
14.520839	-4.037514654e-02
14.525839	-3.462790738e-02
14.530839	-2.778474116e-02
14.535839	-1.993675198e-02
14.540840	-1.111894452e-02
14.545840	-1.435626951e-03
14.550840	8.727303979e-03
14.555841	1.868304674e-02
14.560841	2.772131236e-02
14.565841	3.546470741e-02
14.570841	4.202042384e-02
14.575842	4.786023980e-02
14.580842	5.357024731e-02
14.585842	5.964075812e-02
14.590843	6.638011602e-02
14.595843	7.392679039e-02
14.600843	8.228250984e-02
14.605843	9.133439306e-02
14.610844	1.008778115e-01
14.615844	1.106317596e-01
14.620844	1.202373238e-01
14.625845	1.292775068e-01
14.630845	1.373591577e-01
14.635845	1.442096948e-01
14.640846	1.496839219e-01
14.645846	1.536832911e-01
14.650846	1.561360934e-01
14.655846	1.571063989e-01
14.660847	1.568668818e-01
14.665847	1.557525278e-01
14.670847	1.538607667e-01
14.675848	1.508598919e-01
14.680848	1.461032905e-01
14.685848	1.390035400e-01
14.690848	1.294108579e-01
14.695849	1.177153407e-01
14.700849	1.046060698e-01
14.705849	9.075548229e-02
14.710850	7.673559852e-02
14.715850	6.308779576e-02
14.720850	5.027073285e-02
14.725850	3.849472575e-02
14.730851	2.765075829e-02
14.735851	1.739030437e-02
14.740851	7.273449236e-03
14.745852	-3.083174373e-03
14.750852	-1.389149812e-02
14.755852	-2.510363158e-02
14.760852	-3.634107598e-02
14.765853	-4.691145901e-02
14.770853	-5.599586399e-02
14.775853	-6.294339228e-02
14.780854	-6.748526678e-02
14.785854	-6.972841938e-02
14.790854	-6.992243455e-02
14.795854	-6.816356920e-02
14.800855	-6.434790836e-02
14.805855	-5.851563162e-02
14.810855	-5.126611481e-02
14.815856	-4.378581373e-02
14.820856	-3.742798721e-02
14.825856	-3.317580586e-02
14.830856	-3.133009176e-02
14.835857	-3.154255203e-02
14.840857	-3.311075181e-02
14.845857	-3.533760803e-02
14.850858	-3.774945635e-02
14.855858	-4.008147131e-02
14.860858	-4.211472975e-02
14.865859	-4.355722448e-02
14.870859	-4.410470059e-02
14.875859	-4.362834082e-02
14.880859	-4.230638204e-02
14.885860	-4.058161036e-02
14.890860	-3.897400471e-02
14.895860	-3.784942490e-02
14.900861	-3.726204983e-02
14.905861	-3.696926870e-02
14.910861	-3.660017694e-02
14.915861	-3.584613217e-02
14.920862	-3.457148031e-02
14.925862	-3.280972160e-02
14.930862	-3.064379041e-02
14.935863	-2.805449529e-02
14.940863	-2.488524668e-02
14.945863	-2.098243343e-02
14.950863	-1.641514020e-02
14.955864	-1.160546498e-02
14.960864	-7.254412041e-03
14.965864	-4.089674940e-03
14.970865	-2.599492179e-03
14.975865	-2.931187579e-03
14.980865	-4.972494806e-03
14.985865	-8.465849801e-03
14.990866	-1.305164969e-02
14.995866	-1.828933057e-02
15.000866	-2.371100504e-02
15.005867	-2.887651535e-02
15.010867	-3.341341830e-02
15.015867	-3.708288485e-02
15.020867	-3.986373912e-02
15.025868	-4.196159311e-02
15.030868	-4.368724870e-02
15.035868	-4.527964457e-02
15.040869	-4.681003809e-02
15.045869	-4.822476731e-02
15.050869	-4.945171850e-02
15.055869	-5.044997783e-02
15.060870	-5.116382538e-02
15.065870	-5.144537942e-02
15.070870	-5.102203719e-02
15.075871	-4.953746944e-02
15.080871	-4.666999988e-02
15.085871	-4.230288553e-02
15.090871	-3.665624556e-02
15.095872	-3.026450281e-02
15.100872	-2.376292224e-02
15.105872	-1.760045070e-02
15.110873	-1.188769698e-02
15.115873	-6.482994102e-03
15.120873	-1.200211445e-03
15.125874	4.063727293e-03
15.130874	9.358255718e-03
15.135874	1.477820132e-02
15.140874	2.051325320e-02
15.145875	2.680713770e-02
15.150875	3.386247671e-02
15.155875	4.175487890e-02
15.160876	5.040290231e-02
15.165876	5.960579099e-02
15.170876	6.912348653e-02
15.175876	7.872862179e-02
15.180877	8.817947484e-02
15.185877	9.717552471e-02
15.190877	1.053978509e-01
15.195878	1.126205885e-01
15.200878	1.187773012e-01
15.205878	1.239162500e-01
15.210878	1.281036205e-01
15.215879	1.313812023e-01
15.220879	1.338082262e-01
15.225879	1.355120458e-01
15.230880	1.366664676e-01
15.235880	1.374161894e-01
15.240880	1.378339140e-01
15.245880	1.379441572e-01
15.250881	1.377668792e-01
15.255881	1.373332621e-01
15.260881	1.366734766e-01
15.265882	1.357973886e-01
15.270882	1.346816727e-01
15.275882	1.332714911e-01
15.280882	1.315008906e-01
15.285883	1.293236320e-01
15.290883	1.267338143e-01
15.295883	1.237584025e-01
15.300884	1.204248980e-01
15.305884	1.167243222e-01
15.310884	1.125949419e-01
15.315884	1.079543923e-01
15.320885	1.027732823e-01
15.325885	9.711891994e-02
15.330885	9.110720784e-02
15.335886	8.480528689e-02
15.340886	7.818664867e-02
15.345886	7.117227336e-02
15.350887	6.370372173e-02
15.355887	5.578926477e-02
15.360887	4.750180430e-02
15.365887	3.893861609e-02
15.370888	3.017874111e-02
15.375888	2.126858267e-02
15.380888	1.223137354e-02
15.385889	3.089418097e-03
15.390889	-6.100423598e-03
15.395889	-1.521720150e-02
15.400889	-2.408180316e-02
15.405890	-3.248791524e-02
15.410890	-4.022252827e-02
15.415890	-4.707351585e-02
15.420891	-5.284967095e-02
15.425891	-5.741393784e-02
15.430891	-6.069556734e-02
15.435891	-6.267215629e-02
15.440892	-6.337511318e-02
15.445892	-6.293562361e-02
15.450892	-6.158393975e-02
15.455893	-5.955986634e-02
15.460893	-5.702947120e-02
15.465893	-5.408837324e-02
15.470893	-5.081865667e-02
15.475894	-4.733460574e-02
15.480894	-4.378665206e-02
15.485894	-4.033073427e-02
15.490895	-3.709987005e-02
15.495895	-3.420283943e-02
15.500895	-3.173165240e-02
15.505895	-2.974725728e-02
15.510896	-2.824169609e-02
15.515896	-2.710934640e-02
15.520896	-2.616655251e-02
15.525897	-2.522211017e-02
15.530897	-2.415484926e-02
15.535897	-2.295566754e-02
15.540897	-2.173147055e-02
15.545898	-2.068573121e-02
15.550898	-2.007323524e-02
15.555898	-2.012012550e-02
15.560899	-2.093714246e-02
15.565899	-2.250233590e-02
15.570899	-2.474500882e-02
15.575900	-2.762318104e-02
15.580900	-3.106261339e-02
15.585900	-3.480670121e-02
15.590900	-3.836882610e-02
15.595901	-4.118236252e-02
15.600901	-4.284102435e-02
15.605901	-4.323940197e-02
15.610902	-4.251016377e-02
15.615902	-4.081548775e-02
15.620902	-3.816839823e-02
15.625902	-3.442735474e-02
15.630903	-2.943033015e-02
15.635903	-2.311738347e-02
15.640903	-1.556575185e-02
15.645904	-6.973574361e-03
15.650904	2.371464038e-03
15.655904	1.214048370e-02
15.660904	2.201775514e-02
15.665905	3.171886745e-02
15.670905	4.095786873e-02
15.675905	4.943888644e-02
15.680906	5.695709535e-02
15.685906	6.352894615e-02
15.690906	6.936480000e-02
15.695906	7.467736109e-02
15.700907	7.953507818e-02
15.705907	8.388930379e-02
15.710907	8.768225892e-02
15.715908	9.089849271e-02
15.720908	9.354624142e-02
15.725908	9.563993383e-02
15.730908	9.721849178e-02
15.735909	9.836253911e-02
15.740909	9.917819836e-02
15.745909	9.978252148e-02
15.750910	1.003305747e-01
15.755910	1.010442132e-01
15.760910	1.021693578e-01
15.765910	1.038579583e-01
15.770911	1.060514671e-01
15.775911	1.084565990e-01
15.780911	1.106525452e-01
15.785912	1.122818973e-01
15.790912	1.132061229e-01
15.795912	1.135223032e-01
15.800913	1.134424075e-01
15.805913	1.131304679e-01
15.810913	1.126084213e-01
15.815913	1.117796510e-01
15.820914	1.105190809e-01
15.825914	1.087385957e-01
15.830914	1.063915713e-01
15.835915	1.034357144e-01
15.840915	9.979050600e-02
15.845915	9.533628751e-02
15.850915	8.997758602e-02
15.855916	8.373065371e-02
15.860916	7.677101572e-02
15.865916	6.941078711e-02
15.870917	6.202059401e-02
15.875917	5.494750514e-02
15.880917	4.848087950e-02
15.885917	4.284917719e-02
15.890918	3.817874671e-02
15.895918	3.441939102e-02
15.900918	3.133470294e-02
15.905919	2.860027149e-02
15.910919	2.593003007e-02
15.915919	2.313478160e-02
15.920919	2.010206497e-02
15.925920	1.676489698e-02
15.930920	1.311868060e-02
15.935920	9.257390160e-03
15.940921	5.362380020e-03
15.945921	1.648953736e-03
15.950921	-1.683926158e-03
15.955921	-4.504654983e-03
15.960922	-6.807673969e-03
15.965922	-8.725726920e-03
15.970922	-1.045570107e-02
15.975923	-1.215528428e-02
15.980923	-1.390659708e-02
15.985923	-1.576269431e-02
15.990923	-1.779606439e-02
15.995924	-2.007952234e-02
16.000924	-2.262813216e-02
16.005924	-2.538098259e-02
16.010925	-2.824533083e-02
16.015925	-3.115164306e-02
16.020925	-3.407114152e-02
16.025925	-3.700171524e-02
16.030926	-3.994856253e-02
16.035926	-4.290046056e-02
16.040926	-4.579532086e-02
16.045927	-4.850304356e-02
16.050927	-5.086720109e-02
16.055927	-5.279210280e-02
16.060928	-5.429493341e-02
16.065928	-5.546148391e-02
16.070928	-5.634289908e-02
16.075928	-5.689309864e-02
16.080929	-5.699854275e-02
16.085929	-5.655406929e-02
16.090929	-5.550596095e-02
16.095930	-5.384314051e-02
16.100930	-5.157712660e-02
16.105930	-4.873997786e-02
16.110930	-4.538980633e-02
16.115931	-4.161333438e-02
16.120931	-3.753947542e-02
16.125931	-3.336391810e-02
16.130932	-2.934597912e-02
16.135932	-2.575006929e-02
16.140932	-2.275821063e-02
16.145932	-2.040832719e-02
16.150933	-1.859635210e-02
16.155933	-1.713636935e-02
16.160933	-1.582953445e-02
16.165934	-1.449475257e-02
16.170934	-1.296655734e-02
16.175934	-1.110057992e-02
16.180934	-8.796738262e-03
16.185935	-6.003756890e-03
16.190935	-2.681520134e-03
16.195935	1.242657009e-03
16.200936	5.867076695e-03
16.205936	1.126257687e-02
16.210936	1.744679382e-02
16.215936	2.441461509e-02
16.220937	3.214398649e-02
16.225937	4.051983464e-02
16.230937	4.926151583e-02
16.235938	5.796404121e-02
16.240938	6.622996471e-02
16.245938	7.377474093e-02
16.250938	8.043118761e-02
16.255939	8.607807025e-02
16.260939	9.057594271e-02
16.265939	9.377102955e-02
16.270940	9.555389150e-02
16.275940	9.591377598e-02
16.280940	9.495332706e-02
16.285941	9.287062321e-02
16.290941	8.991970024e-02
16.295941	8.634983480e-02
16.300941	8.234479328e-02
16.305942	7.801201441e-02
16.310942	7.343735135e-02
16.315942	6.874448814e-02
16.320943	6.409699884e-02
16.325943	5.965795147e-02
16.330943	5.554691973e-02
16.335943	5.179448053e-02
16.340944	4.830058200e-02
16.345944	4.485448252e-02
16.350944	4.125034595e-02
16.355945	3.742010057e-02
16.360945	3.346156888e-02
16.365945	2.953788637e-02
16.370945	2.573377560e-02
16.375946	2.198466440e-02
16.380946	1.814630748e-02
16.385946	1.414934764e-02
16.390947	1.009026560e-02
16.395947	6.166091886e-03
16.400947	2.509769620e-03
16.405947	-9.193551726e-04
16.410948	-4.283451997e-03
16.415948	-7.708420179e-03
16.420948	-1.117980962e-02
16.425949	-1.457246508e-02
16.430949	-1.775413175e-02
16.435949	-2.067655083e-02
16.440949	-2.341095797e-02
16.445950	-2.610503310e-02
16.450950	-2.887702923e-02
16.455950	-3.172973257e-02
16.460951	-3.456604161e-02
16.465951	-3.729437261e-02
16.470951	-3.992522623e-02
16.475951	-4.257189344e-02
16.480952	-4.536124641e-02
16.485952	-4.833381455e-02
16.490952	-5.140676385e-02
16.495953	-5.442115931e-02
16.500953	-5.723556746e-02
16.505953	-5.979058186e-02
16.510954	-6.209173807e-02
16.515954	-6.413253958e-02
16.520954	-6.583579082e-02
16.525954	-6.707224895e-02
16.530955	-6.773981369e-02
16.535955	-6.783204309e-02
16.540955	-6.743324774e-02
16.545956	-6.663435792e-02
16.550956	-6.543868065e-02
16.555956	-6.375136483e-02
16.560956	-6.147176208e-02
16.565957	-5.860399189e-02
16.570957	-5.528005645e-02
16.575957	-5.168113918e-02
16.580958	-4.795148587e-02
16.585958	-4.418755482e-02
16.590958	-4.047743269e-02
16.595958	-3.692172035e-02
16.600959	-3.361738450e-02
16.605959	-3.062959745e-02
16.610959	-2.797257060e-02
16.615960	-2.560260444e-02
16.620960	-2.342338719e-02
16.625960	-2.130850513e-02
16.630960	-1.913892240e-02
16.635961	-1.683995409e-02
16.640961	-1.439754041e-02
16.645961	-1.183960778e-02
16.650962	-9.193292934e-03
16.655962	-6.458984256e-03
16.660962	-3.635065735e-03
16.665962	-7.706575977e-04
16.670963	2.032676927e-03
16.675963	4.713502281e-03
16.680963	7.349160095e-03
16.685964	1.011991000e-02
16.690964	1.314129717e-02
16.695964	1.633585956e-02
16.700964	1.947674329e-02
16.705965	2.233910408e-02
16.710965	2.479672727e-02
16.715965	2.679985289e-02
16.720966	2.830627499e-02
16.725966	2.925648466e-02
16.730966	2.960647151e-02
16.735967	2.936833307e-02
16.740967	2.861675346e-02
16.745967	2.746012200e-02
16.750967	2.599239585e-02
16.755968	2.424105201e-02
16.760968	2.213363507e-02
16.765968	1.950934247e-02
16.770969	1.618099377e-02
16.775969	1.201979073e-02
16.780969	7.026274577e-03
16.785969	1.361511330e-03
16.790970	-4.689304798e-03
16.795970	-1.082238805e-02
16.800970	-1.681014296e-02
16.805971	-2.250059283e-02
16.810971	-2.776614373e-02
16.815971	-3.250984367e-02
16.820971	-3.672606954e-02
16.825972	-4.051596059e-02
16.830972	-4.402089036e-02
16.835972	-4.733775486e-02
16.840973	-5.047627655e-02
16.845973	-5.336018344e-02
16.850973	-5.585743496e-02
16.855973	-5.783448653e-02
16.860974	-5.921824496e-02
16.865974	-6.003122459e-02
16.870974	-6.037209117e-02
16.875975	-6.035179095e-02
16.880975	-6.004169175e-02
16.885975	-5.948478682e-02
16.890975	-5.874885103e-02
16.895976	-5.794894515e-02
16.900976	-5.720233252e-02
16.905976	-5.655374383e-02
16.910977	-5.593872993e-02
16.915977	-5.521571813e-02
16.920977	-5.423973450e-02
16.925977	-5.292382791e-02
16.930978	-5.125223545e-02
16.935978	-4.925008956e-02
16.940978	-4.694031589e-02
16.945979	-4.431667881e-02
16.950979	-4.134868874e-02
16.955979	-3.801650405e-02
16.960979	-3.435149546e-02
16.965980	-3.044882153e-02
16.970980	-2.643886655e-02
16.975980	-2.243774930e-02
16.980981	-1.851379126e-02
16.985981	-1.469505939e-02
16.990981	-1.100892610e-02
16.995982	-7.511210137e-03
17.000982	-4.265378252e-03
17.005982	-1.284891329e-03
17.010982	1.495816638e-03
17.015983	4.177813548e-03
17.020983	6.818564692e-03
17.025983	9.390934392e-03
17.030984	1.180774631e-02
17.035984	1.398900999e-02
17.040984	1.593359047e-02
17.045984	1.773848200e-02
17.050985	1.952915018e-02
17.055985	2.136224861e-02
17.060985	2.320508593e-02
17.065986	2.500057154e-02
17.070986	2.673320303e-02
17.075986	2.843907893e-02
17.080986	3.017265383e-02
17.085987	3.196131110e-02
17.090987	3.377162331e-02
17.095987	3.551254596e-02
17.100988	3.708401331e-02
17.105988	3.843942268e-02
17.110988	3.961157060e-02
17.115988	4.068020867e-02
17.120989	4.171058792e-02
17.125989	4.271815159e-02
17.130989	4.368934863e-02
17.135990	4.463361530e-02
17.140990	4.560847124e-02
17.145990	4.668583143e-02
17.150990	4.789081944e-02
17.155991	4.917381978e-02
17.160991	5.044014198e-02
17.165991	5.160676526e-02
17.170992	5.263813486e-02
17.175992	5.353782649e-02
17.180992	5.431227822e-02
17.185992	5.494402577e-02
17.190993	5.539613078e-02
17.195993	5.563649639e-02
17.200993	5.565870755e-02
17.205994	5.548787847e-02
17.210994	5.516998929e-02
17.215994	5.474683454e-02
17.220995	5.422871990e-02
17.225995	5.358545037e-02
17.230995	5.276611112e-02
17.235995	5.173586309e-02
17.240996	5.050204509e-02
17.245996	4.910436813e-02
17.250996	4.757079690e-02
17.255997	4.587637607e-02
17.260997	4.394613906e-02
17.265997	4.170399242e-02
17.270997	3.913101930e-02
17.275998	3.629417115e-02
17.280998	3.332883215e-02
17.285998	3.038584333e-02
17.290999	2.757388451e-02
17.295999	2.493108406e-02
17.300999	2.244093524e-02
17.305999	2.007568514e-02
17.311000	1.782939404e-02
17.316000	1.571464727e-02
17.321000	1.372955910e-02
17.326001	1.182300203e-02
17.331001	9.883441867e-03
17.336001	7.761294990e-03
17.341001	5.320457081e-03
17.346002	0.000000000e+00
