         time Z Displace... 
------------- ------------- 
 1.193087e-04  3.552872e-03 
 5.170043e-04  3.556478e-03 
 9.146999e-04  3.560829e-03 
 1.312396e-03  3.565928e-03 
 1.710091e-03  3.571777e-03 
 2.107787e-03  3.578369e-03 
 2.505482e-03  3.585701e-03 
 2.903178e-03  3.593775e-03 
 3.300874e-03  3.602588e-03 
 3.698569e-03  3.612130e-03 
 4.096265e-03  3.622380e-03 
 4.493961e-03  3.633329e-03 
 4.891656e-03  3.644968e-03 
 5.289352e-03  3.657276e-03 
 5.687047e-03  3.670231e-03 
 6.084743e-03  3.683825e-03 
 6.482439e-03  3.698048e-03 
 6.880134e-03  3.712887e-03 
 7.277830e-03  3.728353e-03 
 7.675526e-03  3.744444e-03 
 8.073221e-03  3.761157e-03 
 8.470917e-03  3.778487e-03 
 8.868613e-03  3.796425e-03 
 9.266308e-03  3.814979e-03 
 9.664004e-03  3.834141e-03 
 1.006170e-02  3.853880e-03 
 1.045940e-02  3.874192e-03 
 1.085709e-02  3.895062e-03 
 1.125479e-02  3.916470e-03 
 1.165248e-02  3.938408e-03 
 1.205018e-02  3.960851e-03 
 1.244787e-02  3.983778e-03 
 1.284557e-02  4.007171e-03 
 1.324326e-02  4.031000e-03 
 1.364096e-02  4.055244e-03 
 1.403866e-02  4.079873e-03 
 1.443635e-02  4.104858e-03 
 1.483405e-02  4.130172e-03 
 1.523174e-02  4.155792e-03 
 1.562944e-02  4.181694e-03 
 1.602713e-02  4.207851e-03 
 1.642483e-02  4.234249e-03 
 1.682253e-02  4.260855e-03 
 1.722022e-02  4.287651e-03 
 1.761792e-02  4.314627e-03 
 1.801561e-02  4.341767e-03 
 1.841331e-02  4.369061e-03 
 1.881100e-02  4.396498e-03 
 1.920870e-02  4.424072e-03 
 1.960639e-02  4.451772e-03 
 2.000409e-02  4.479593e-03 
 2.040179e-02  4.507528e-03 
 2.079948e-02  4.535556e-03 
 2.119718e-02  4.563664e-03 
 2.159487e-02  4.591837e-03 
 2.199257e-02  4.620061e-03 
 2.239026e-02  4.648315e-03 
 2.278796e-02  4.676575e-03 
 2.318566e-02  4.704813e-03 
 2.358335e-02  4.733006e-03 
 2.398105e-02  4.761121e-03 
 2.437874e-02  4.789125e-03 
 2.477644e-02  4.816993e-03 
 2.517413e-02  4.844703e-03 
 2.557183e-02  4.872228e-03 
 2.596952e-02  4.899545e-03 
 2.636722e-02  4.926629e-03 
 2.676492e-02  4.953464e-03 
 2.716261e-02  4.980036e-03 
 2.756031e-02  5.006319e-03 
 2.795800e-02  5.032300e-03 
 2.835570e-02  5.057955e-03 
 2.875339e-02  5.083264e-03 
 2.915109e-02  5.108208e-03 
 2.954879e-02  5.132783e-03 
 2.994648e-02  5.156967e-03 
 3.034418e-02  5.180735e-03 
 3.074187e-02  5.204069e-03 
 3.113957e-02  5.226959e-03 
 3.153726e-02  5.249391e-03 
 3.193496e-02  5.271344e-03 
 3.233265e-02  5.292808e-03 
 3.273035e-02  5.313775e-03 
 3.312805e-02  5.334229e-03 
 3.352574e-02  5.354182e-03 
 3.392344e-02  5.373627e-03 
 3.432113e-02  5.392568e-03 
 3.471883e-02  5.411008e-03 
 3.511652e-02  5.428947e-03 
 3.551422e-02  5.446408e-03 
 3.591192e-02  5.463407e-03 
 3.630961e-02  5.479944e-03 
 3.670731e-02  5.496021e-03 
 3.710500e-02  5.511632e-03 
 3.750270e-02  5.526772e-03 
 3.790039e-02  5.541425e-03 
 3.829809e-02  5.555588e-03 
 3.869578e-02  5.569236e-03 
 3.909348e-02  5.582358e-03 
 3.949118e-02  5.594931e-03 
 3.988887e-02  5.606944e-03 
 4.028657e-02  5.618389e-03 
 4.068426e-02  5.629232e-03 
 4.108196e-02  5.639465e-03 
 4.147965e-02  5.649064e-03 
 4.187735e-02  5.658019e-03 
 4.227505e-02  5.666320e-03 
 4.267274e-02  5.673951e-03 
 4.307044e-02  5.680906e-03 
 4.346813e-02  5.687181e-03 
 4.386583e-02  5.692758e-03 
 4.426352e-02  5.697654e-03 
 4.466122e-02  5.701855e-03 
 4.505891e-02  5.705359e-03 
 4.545661e-02  5.708168e-03 
 4.585431e-02  5.710276e-03 
 4.625200e-02  5.711693e-03 
 4.664970e-02  5.712429e-03 
 4.704739e-02  5.712493e-03 
 4.744509e-02  5.711900e-03 
 4.784278e-02  5.710654e-03 
 4.824048e-02  5.708766e-03 
 4.863818e-02  5.706248e-03 
 4.903587e-02  5.703105e-03 
 4.943357e-02  5.699344e-03 
 4.983126e-02  5.694966e-03 
 5.022896e-02  5.689986e-03 
 5.062665e-02  5.684411e-03 
 5.102435e-02  5.678243e-03 
 5.142204e-02  5.671491e-03 
 5.181974e-02  5.664159e-03 
 5.221744e-02  5.656248e-03 
 5.261513e-02  5.647757e-03 
 5.301283e-02  5.638699e-03 
 5.341052e-02  5.629076e-03 
 5.380822e-02  5.618900e-03 
 5.420591e-02  5.608184e-03 
 5.460361e-02  5.596944e-03 
 5.500131e-02  5.585190e-03 
 5.539900e-02  5.572934e-03 
 5.579670e-02  5.560172e-03 
 5.619439e-02  5.546909e-03 
 5.659209e-02  5.533152e-03 
 5.698978e-02  5.518889e-03 
 5.738748e-02  5.504115e-03 
 5.778517e-02  5.488821e-03 
 5.818287e-02  5.473005e-03 
 5.858057e-02  5.456657e-03 
 5.897826e-02  5.439774e-03 
 5.937596e-02  5.422358e-03 
 5.977365e-02  5.404406e-03 
 6.017135e-02  5.385927e-03 
 6.056904e-02  5.366932e-03 
 6.096674e-02  5.347443e-03 
 6.136444e-02  5.327466e-03 
 6.176213e-02  5.307026e-03 
 6.215983e-02  5.286147e-03 
 6.255752e-02  5.264854e-03 
 6.295522e-02  5.243177e-03 
 6.335291e-02  5.221136e-03 
 6.375061e-02  5.198756e-03 
 6.414830e-02  5.176053e-03 
 6.454600e-02  5.153037e-03 
 6.494370e-02  5.129703e-03 
 6.534139e-02  5.106056e-03 
 6.573909e-02  5.082095e-03 
 6.613678e-02  5.057823e-03 
 6.653448e-02  5.033247e-03 
 6.693217e-02  5.008372e-03 
 6.732987e-02  4.983207e-03 
 6.772757e-02  4.957760e-03 
 6.812526e-02  4.932038e-03 
 6.852296e-02  4.906059e-03 
 6.892065e-02  4.879842e-03 
 6.931835e-02  4.853408e-03 
 6.971604e-02  4.826772e-03 
 7.011374e-02  4.799958e-03 
 7.051143e-02  4.772991e-03 
 7.090913e-02  4.745895e-03 
 7.130683e-02  4.718690e-03 
 7.170452e-02  4.691392e-03 
 7.210222e-02  4.664012e-03 
 7.249991e-02  4.636564e-03 
 7.289761e-02  4.609068e-03 
 7.329530e-02  4.581552e-03 
 7.369300e-02  4.554025e-03 
 7.409070e-02  4.526509e-03 
 7.448839e-02  4.499019e-03 
 7.488609e-02  4.471581e-03 
 7.528378e-02  4.444219e-03 
 7.568148e-02  4.416953e-03 
 7.607917e-02  4.389800e-03 
 7.647687e-02  4.362780e-03 
 7.687456e-02  4.335908e-03 
 7.727226e-02  4.309214e-03 
 7.766996e-02  4.282718e-03 
 7.806765e-02  4.256438e-03 
 7.846535e-02  4.230397e-03 
 7.886304e-02  4.204616e-03 
 7.926074e-02  4.179118e-03 
 7.965843e-02  4.153922e-03 
 8.005613e-02  4.129043e-03 
 8.045383e-02  4.104507e-03 
 8.085152e-02  4.080326e-03 
 8.124922e-02  4.056519e-03 
 8.164691e-02  4.033108e-03 
 8.204461e-02  4.010103e-03 
 8.244230e-02  3.987520e-03 
 8.284000e-02  3.965357e-03 
 8.323769e-02  3.943633e-03 
 8.363539e-02  3.922348e-03 
 8.403309e-02  3.901491e-03 
 8.443078e-02  3.881062e-03 
 8.482848e-02  3.861086e-03 
 8.522617e-02  3.841553e-03 
 8.562387e-02  3.822479e-03 
 8.602156e-02  3.803879e-03 
 8.641926e-02  3.785762e-03 
 8.681696e-02  3.768158e-03 
 8.721465e-02  3.751074e-03 
 8.761235e-02  3.734548e-03 
 8.801004e-02  3.718608e-03 
 8.840774e-02  3.703278e-03 
 8.880543e-02  3.688591e-03 
 8.920313e-02  3.674580e-03 
 8.960082e-02  3.661262e-03 
 8.999852e-02  3.648650e-03 
 9.039622e-02  3.636768e-03 
 9.079391e-02  3.625616e-03 
 9.119161e-02  3.615207e-03 
 9.158930e-02  3.605537e-03 
 9.198700e-02  3.596618e-03 
 9.238469e-02  3.588446e-03 
 9.278239e-02  3.581022e-03 
 9.318009e-02  3.574339e-03 
 9.357778e-02  3.568403e-03 
 9.397548e-02  3.563207e-03 
 9.437317e-02  3.558751e-03 
 9.477087e-02  3.555052e-03 
 9.516856e-02  3.552107e-03 
 9.556626e-02  3.549927e-03 
 9.596396e-02  3.548516e-03 
 9.636165e-02  3.547878e-03 
 9.675935e-02  3.548020e-03 
 9.715704e-02  3.548930e-03 
 9.755474e-02  3.550607e-03 
 9.795243e-02  3.553041e-03 
 9.835013e-02  3.556225e-03 
 9.874782e-02  3.560145e-03 
 9.914552e-02  3.564798e-03 
 9.954322e-02  3.570167e-03 
 9.994091e-02  3.576226e-03 
 1.003386e-01  3.582959e-03 
 1.007363e-01  3.590351e-03 
 1.011340e-01  3.598398e-03 
 1.015317e-01  3.607083e-03 
 1.019294e-01  3.616402e-03 
 1.023271e-01  3.626361e-03 
 1.027248e-01  3.636954e-03 
 1.031225e-01  3.648184e-03 
 1.035202e-01  3.660051e-03 
 1.039179e-01  3.672552e-03 
 1.043156e-01  3.685689e-03 
 1.047133e-01  3.699454e-03 
 1.051110e-01  3.713842e-03 
 1.055087e-01  3.728864e-03 
 1.059063e-01  3.744514e-03 
 1.063040e-01  3.760782e-03 
 1.067017e-01  3.777676e-03 
 1.070994e-01  3.795171e-03 
 1.074971e-01  3.813257e-03 
 1.078948e-01  3.831925e-03 
 1.082925e-01  3.851169e-03 
 1.086902e-01  3.870970e-03 
 1.090879e-01  3.891319e-03 
 1.094856e-01  3.912192e-03 
 1.098833e-01  3.933578e-03 
 1.102810e-01  3.955463e-03 
 1.106787e-01  3.977826e-03 
 1.110764e-01  4.000644e-03 
 1.114741e-01  4.023896e-03 
 1.118718e-01  4.047544e-03 
 1.122695e-01  4.071586e-03 
 1.126672e-01  4.095983e-03 
 1.130649e-01  4.120728e-03 
 1.134626e-01  4.145795e-03 
 1.138603e-01  4.171162e-03 
 1.142580e-01  4.196821e-03 
 1.146556e-01  4.222756e-03 
 1.150533e-01  4.248955e-03 
 1.154510e-01  4.275405e-03 
 1.158487e-01  4.302078e-03 
 1.162464e-01  4.328953e-03 
 1.166441e-01  4.356014e-03 
 1.170418e-01  4.383242e-03 
 1.174395e-01  4.410608e-03 
 1.178372e-01  4.438082e-03 
 1.182349e-01  4.465643e-03 
 1.186326e-01  4.493257e-03 
 1.190303e-01  4.520900e-03 
 1.194280e-01  4.548545e-03 
 1.198257e-01  4.576165e-03 
 1.202234e-01  4.603740e-03 
 1.206211e-01  4.631241e-03 
 1.210188e-01  4.658659e-03 
 1.214165e-01  4.685980e-03 
 1.218142e-01  4.713183e-03 
 1.222119e-01  4.740254e-03 
 1.226096e-01  4.767187e-03 
 1.230073e-01  4.793970e-03 
 1.234050e-01  4.820594e-03 
 1.238026e-01  4.847057e-03 
 1.242003e-01  4.873348e-03 
 1.245980e-01  4.899455e-03 
 1.249957e-01  4.925362e-03 
 1.253934e-01  4.951062e-03 
 1.257911e-01  4.976528e-03 
 1.261888e-01  5.001742e-03 
 1.265865e-01  5.026693e-03 
 1.269842e-01  5.051361e-03 
 1.273819e-01  5.075735e-03 
 1.277796e-01  5.099803e-03 
 1.281773e-01  5.123546e-03 
 1.285750e-01  5.146963e-03 
 1.289727e-01  5.170040e-03 
 1.293704e-01  5.192769e-03 
 1.297681e-01  5.215148e-03 
 1.301658e-01  5.237174e-03 
 1.305635e-01  5.258838e-03 
 1.309612e-01  5.280150e-03 
 1.313589e-01  5.301098e-03 
 1.317566e-01  5.321670e-03 
 1.321543e-01  5.341861e-03 
 1.325520e-01  5.361659e-03 
 1.329496e-01  5.381052e-03 
 1.333473e-01  5.400023e-03 
 1.337450e-01  5.418563e-03 
 1.341427e-01  5.436649e-03 
 1.345404e-01  5.454275e-03 
 1.349381e-01  5.471403e-03 
 1.353358e-01  5.488016e-03 
 1.357335e-01  5.504089e-03 
 1.361312e-01  5.519603e-03 
 1.365289e-01  5.534552e-03 
 1.369266e-01  5.548918e-03 
 1.373243e-01  5.562697e-03 
 1.377220e-01  5.575876e-03 
 1.381197e-01  5.588426e-03 
 1.385174e-01  5.600354e-03 
 1.389151e-01  5.611649e-03 
 1.393128e-01  5.622296e-03 
 1.397105e-01  5.632293e-03 
 1.401082e-01  5.641640e-03 
 1.405059e-01  5.650346e-03 
 1.409036e-01  5.658412e-03 
 1.413013e-01  5.665847e-03 
 1.416990e-01  5.672655e-03 
 1.420966e-01  5.678844e-03 
 1.424943e-01  5.684423e-03 
 1.428920e-01  5.689399e-03 
 1.432897e-01  5.693783e-03 
 1.436874e-01  5.697581e-03 
 1.440851e-01  5.700788e-03 
 1.444828e-01  5.703408e-03 
 1.448805e-01  5.705429e-03 
 1.452782e-01  5.706850e-03 
 1.456759e-01  5.707663e-03 
 1.460736e-01  5.707863e-03 
 1.464713e-01  5.707448e-03 
 1.468690e-01  5.706415e-03 
 1.472667e-01  5.704774e-03 
 1.476644e-01  5.702531e-03 
 1.480621e-01  5.699675e-03 
 1.484598e-01  5.696221e-03 
 1.488575e-01  5.692164e-03 
 1.492552e-01  5.687503e-03 
 1.496529e-01  5.682248e-03 
 1.500506e-01  5.676403e-03 
 1.504483e-01  5.669973e-03 
 1.508460e-01  5.662955e-03 
 1.512436e-01  5.655336e-03 
 1.516413e-01  5.647113e-03 
 1.520390e-01  5.638281e-03 
 1.524367e-01  5.628828e-03 
 1.528344e-01  5.618744e-03 
 1.532321e-01  5.608015e-03 
 1.536298e-01  5.596635e-03 
 1.540275e-01  5.584594e-03 
 1.544252e-01  5.571898e-03 
 1.548229e-01  5.558554e-03 
 1.552206e-01  5.544565e-03 
 1.556183e-01  5.529938e-03 
 1.560160e-01  5.514685e-03 
 1.564137e-01  5.498838e-03 
 1.568114e-01  5.482414e-03 
 1.572091e-01  5.465444e-03 
 1.576068e-01  5.447940e-03 
 1.580045e-01  5.429926e-03 
 1.584022e-01  5.411430e-03 
 1.587999e-01  5.392461e-03 
 1.591976e-01  5.373042e-03 
 1.595953e-01  5.353179e-03 
 1.599930e-01  5.332871e-03 
 1.603906e-01  5.312129e-03 
 1.607883e-01  5.290956e-03 
 1.611860e-01  5.269358e-03 
 1.615837e-01  5.247339e-03 
 1.619814e-01  5.224906e-03 
 1.623791e-01  5.202061e-03 
 1.627768e-01  5.178813e-03 
 1.631745e-01  5.155164e-03 
 1.635722e-01  5.131134e-03 
 1.639699e-01  5.106735e-03 
 1.643676e-01  5.081976e-03 
 1.647653e-01  5.056885e-03 
 1.651630e-01  5.031487e-03 
 1.655607e-01  5.005799e-03 
 1.659584e-01  4.979849e-03 
 1.663561e-01  4.953653e-03 
 1.667538e-01  4.927224e-03 
 1.671515e-01  4.900577e-03 
 1.675492e-01  4.873729e-03 
 1.679469e-01  4.846694e-03 
 1.683446e-01  4.819487e-03 
 1.687423e-01  4.792126e-03 
 1.691400e-01  4.764638e-03 
 1.695376e-01  4.737040e-03 
 1.699353e-01  4.709346e-03 
 1.703330e-01  4.681576e-03 
 1.707307e-01  4.653748e-03 
 1.711284e-01  4.625880e-03 
 1.715261e-01  4.597993e-03 
 1.719238e-01  4.570110e-03 
 1.723215e-01  4.542247e-03 
 1.727192e-01  4.514428e-03 
 1.731169e-01  4.486672e-03 
 1.735146e-01  4.459002e-03 
 1.739123e-01  4.431432e-03 
 1.743100e-01  4.403984e-03 
 1.747077e-01  4.376678e-03 
 1.751054e-01  4.349531e-03 
 1.755031e-01  4.322564e-03 
 1.759008e-01  4.295807e-03 
 1.762985e-01  4.269275e-03 
 1.766962e-01  4.242981e-03 
 1.770939e-01  4.216935e-03 
 1.774916e-01  4.191146e-03 
 1.778893e-01  4.165628e-03 
 1.782869e-01  4.140386e-03 
 1.786846e-01  4.115440e-03 
 1.790823e-01  4.090798e-03 
 1.794800e-01  4.066465e-03 
 1.798777e-01  4.042454e-03 
 1.802754e-01  4.018786e-03 
 1.806731e-01  3.995472e-03 
 1.810708e-01  3.972520e-03 
 1.814685e-01  3.949959e-03 
 1.818662e-01  3.927806e-03 
 1.822639e-01  3.906085e-03 
 1.826616e-01  3.884834e-03 
 1.830593e-01  3.864079e-03 
 1.834570e-01  3.843868e-03 
 1.838547e-01  3.824219e-03 
 1.842524e-01  3.805168e-03 
 1.846501e-01  3.786738e-03 
 1.850478e-01  3.768964e-03 
 1.854455e-01  3.751852e-03 
 1.858432e-01  3.735420e-03 
 1.862409e-01  3.719673e-03 
 1.866386e-01  3.704624e-03 
 1.870363e-01  3.690277e-03 
 1.874339e-01  3.676638e-03 
 1.878316e-01  3.663714e-03 
 1.882293e-01  3.651492e-03 
 1.886270e-01  3.639971e-03 
 1.890247e-01  3.629161e-03 
 1.894224e-01  3.619059e-03 
 1.898201e-01  3.609670e-03 
 1.902178e-01  3.600986e-03 
 1.906155e-01  3.593008e-03 
 1.910132e-01  3.585745e-03 
 1.914109e-01  3.579198e-03 
 1.918086e-01  3.573369e-03 
 1.922063e-01  3.568266e-03 
 1.926040e-01  3.563888e-03 
 1.930017e-01  3.560229e-03 
 1.933994e-01  3.557280e-03 
 1.937971e-01  3.555046e-03 
 1.941948e-01  3.553513e-03 
 1.945925e-01  3.552672e-03 
 1.949902e-01  3.552517e-03 
 1.953879e-01  3.553041e-03 
 1.957856e-01  3.554238e-03 
 1.961833e-01  3.556110e-03 
 1.965809e-01  3.558667e-03 
 1.969786e-01  3.561905e-03 
 1.973763e-01  3.565831e-03 
 1.977740e-01  3.570458e-03 
 1.981717e-01  3.575791e-03 
 1.985694e-01  3.581836e-03 
 1.989671e-01  3.588606e-03 
 1.993648e-01  3.596102e-03 
 1.997625e-01  3.604333e-03 
 2.001602e-01  3.613293e-03 
 2.005579e-01  3.622988e-03 
 2.009556e-01  3.633423e-03 
 2.013533e-01  3.644590e-03 
 2.017510e-01  3.656475e-03 
 2.021487e-01  3.669078e-03 
 2.025464e-01  3.682394e-03 
 2.029441e-01  3.696407e-03 
 2.033418e-01  3.711105e-03 
 2.037395e-01  3.726479e-03 
 2.041372e-01  3.742510e-03 
 2.045349e-01  3.759175e-03 
 2.049326e-01  3.776457e-03 
 2.053303e-01  3.794325e-03 
 2.057279e-01  3.812754e-03 
 2.061256e-01  3.831709e-03 
 2.065233e-01  3.851167e-03 
 2.069210e-01  3.871106e-03 
 2.073187e-01  3.891500e-03 
 2.077164e-01  3.912319e-03 
 2.081141e-01  3.933531e-03 
 2.085118e-01  3.955120e-03 
 2.089095e-01  3.977068e-03 
 2.093072e-01  3.999357e-03 
 2.097049e-01  4.021984e-03 
 2.101026e-01  4.044933e-03 
 2.105003e-01  4.068202e-03 
 2.108980e-01  4.091778e-03 
 2.112957e-01  4.115669e-03 
 2.116934e-01  4.139852e-03 
 2.120911e-01  4.164314e-03 
 2.124888e-01  4.189037e-03 
 2.128865e-01  4.214012e-03 
 2.132842e-01  4.239221e-03 
 2.136819e-01  4.264642e-03 
 2.140796e-01  4.290254e-03 
 2.144773e-01  4.316035e-03 
 2.148749e-01  4.341964e-03 
 2.152726e-01  4.368024e-03 
 2.156703e-01  4.394200e-03 
 2.160680e-01  4.420484e-03 
 2.164657e-01  4.446863e-03 
 2.168634e-01  4.473327e-03 
 2.172611e-01  4.499875e-03 
 2.176588e-01  4.526495e-03 
 2.180565e-01  4.553182e-03 
 2.184542e-01  4.579926e-03 
 2.188519e-01  4.606709e-03 
 2.192496e-01  4.633512e-03 
 2.196473e-01  4.660327e-03 
 2.200450e-01  4.687137e-03 
 2.204427e-01  4.713922e-03 
 2.208404e-01  4.740663e-03 
 2.212381e-01  4.767330e-03 
 2.216358e-01  4.793901e-03 
 2.220335e-01  4.820346e-03 
 2.224312e-01  4.846643e-03 
 2.228289e-01  4.872766e-03 
 2.232266e-01  4.898687e-03 
 2.236243e-01  4.924387e-03 
 2.240219e-01  4.949849e-03 
 2.244196e-01  4.975075e-03 
 2.248173e-01  5.000051e-03 
 2.252150e-01  5.024771e-03 
 2.256127e-01  5.049226e-03 
 2.260104e-01  5.073409e-03 
 2.264081e-01  5.097319e-03 
 2.268058e-01  5.120938e-03 
 2.272035e-01  5.144271e-03 
 2.276012e-01  5.167306e-03 
 2.279989e-01  5.190028e-03 
 2.283966e-01  5.212422e-03 
 2.287943e-01  5.234480e-03 
 2.291920e-01  5.256184e-03 
 2.295897e-01  5.277526e-03 
 2.299874e-01  5.298471e-03 
 2.303851e-01  5.319016e-03 
 2.307828e-01  5.339142e-03 
 2.311805e-01  5.358835e-03 
 2.315782e-01  5.378091e-03 
 2.319759e-01  5.396885e-03 
 2.323736e-01  5.415206e-03 
 2.327713e-01  5.433024e-03 
 2.331689e-01  5.450343e-03 
 2.335666e-01  5.467139e-03 
 2.339643e-01  5.483404e-03 
 2.343620e-01  5.499131e-03 
 2.347597e-01  5.514326e-03 
 2.351574e-01  5.528987e-03 
 2.355551e-01  5.543112e-03 
 2.359528e-01  5.556712e-03 
 2.363505e-01  5.569771e-03 
 2.367482e-01  5.582288e-03 
 2.371459e-01  5.594262e-03 
 2.375436e-01  5.605692e-03 
 2.379413e-01  5.616583e-03 
 2.383390e-01  5.626922e-03 
 2.387367e-01  5.636727e-03 
 2.391344e-01  5.645970e-03 
 2.395321e-01  5.654664e-03 
 2.399298e-01  5.662793e-03 
 2.403275e-01  5.670345e-03 
 2.407252e-01  5.677309e-03 
 2.411229e-01  5.683677e-03 
 2.415206e-01  5.689438e-03 
 2.419183e-01  5.694594e-03 
 2.423159e-01  5.699144e-03 
 2.427136e-01  5.703077e-03 
 2.431113e-01  5.706393e-03 
 2.435090e-01  5.709091e-03 
 2.439067e-01  5.711181e-03 
 2.443044e-01  5.712658e-03 
 2.447021e-01  5.713533e-03 
 2.450998e-01  5.713800e-03 
 2.454975e-01  5.713452e-03 
 2.458952e-01  5.712482e-03 
 2.462929e-01  5.710892e-03 
 2.466906e-01  5.708656e-03 
 2.470883e-01  5.705761e-03 
 2.474860e-01  5.702189e-03 
 2.478837e-01  5.697930e-03 
 2.482814e-01  5.692973e-03 
 2.486791e-01  5.687310e-03 
 2.490768e-01  5.680939e-03 
 2.494745e-01  5.673858e-03 
 2.498722e-01  5.666057e-03 
 2.502699e-01  5.657543e-03 
 2.506676e-01  5.648328e-03 
 2.510652e-01  5.638425e-03 
 2.514629e-01  5.627842e-03 
 2.518606e-01  5.616586e-03 
 2.522583e-01  5.604687e-03 
 2.526560e-01  5.592158e-03 
 2.530537e-01  5.579022e-03 
 2.534514e-01  5.565306e-03 
 2.538491e-01  5.551024e-03 
 2.542468e-01  5.536181e-03 
 2.546445e-01  5.520782e-03 
 2.550422e-01  5.504843e-03 
 2.554399e-01  5.488356e-03 
 2.558376e-01  5.471332e-03 
 2.562353e-01  5.453766e-03 
 2.566330e-01  5.435662e-03 
 2.570307e-01  5.417029e-03 
 2.574284e-01  5.397876e-03 
 2.578261e-01  5.378201e-03 
 2.582238e-01  5.358021e-03 
 2.586215e-01  5.337342e-03 
 2.590192e-01  5.316174e-03 
 2.594169e-01  5.294532e-03 
 2.598146e-01  5.272431e-03 
 2.602122e-01  5.249892e-03 
 2.606099e-01  5.226930e-03 
 2.610076e-01  5.203558e-03 
 2.614053e-01  5.179788e-03 
 2.618030e-01  5.155623e-03 
 2.622007e-01  5.131077e-03 
 2.625984e-01  5.106166e-03 
 2.629961e-01  5.080898e-03 
 2.633938e-01  5.055288e-03 
 2.637915e-01  5.029350e-03 
 2.641892e-01  5.003101e-03 
 2.645869e-01  4.976556e-03 
 2.649846e-01  4.949721e-03 
 2.653823e-01  4.922615e-03 
 2.657800e-01  4.895253e-03 
 2.661777e-01  4.867654e-03 
 2.665754e-01  4.839840e-03 
 2.669731e-01  4.811836e-03 
 2.673708e-01  4.783668e-03 
 2.677685e-01  4.755347e-03 
 2.681662e-01  4.726907e-03 
 2.685639e-01  4.698372e-03 
 2.689616e-01  4.669763e-03 
 2.693592e-01  4.641097e-03 
 2.697569e-01  4.612406e-03 
 2.701546e-01  4.583705e-03 
 2.705523e-01  4.555019e-03 
 2.709500e-01  4.526373e-03 
 2.713477e-01  4.497791e-03 
 2.717454e-01  4.469288e-03 
 2.721431e-01  4.440893e-03 
 2.725408e-01  4.412631e-03 
 2.729385e-01  4.384525e-03 
 2.733362e-01  4.356599e-03 
 2.737339e-01  4.328861e-03 
 2.741316e-01  4.301326e-03 
 2.745293e-01  4.274005e-03 
 2.749270e-01  4.246916e-03 
 2.753247e-01  4.220073e-03 
 2.757224e-01  4.193484e-03 
 2.761201e-01  4.167176e-03 
 2.765178e-01  4.141170e-03 
 2.769155e-01  4.115501e-03 
 2.773132e-01  4.090194e-03 
 2.777109e-01  4.065270e-03 
 2.781086e-01  4.040748e-03 
 2.785062e-01  4.016663e-03 
 2.789039e-01  3.993051e-03 
 2.793016e-01  3.969939e-03 
 2.796993e-01  3.947361e-03 
 2.800970e-01  3.925329e-03 
 2.804947e-01  3.903859e-03 
 2.808924e-01  3.882973e-03 
 2.812901e-01  3.862688e-03 
 2.816878e-01  3.843005e-03 
 2.820855e-01  3.823938e-03 
 2.824832e-01  3.805487e-03 
 2.828809e-01  3.787664e-03 
 2.832786e-01  3.770462e-03 
 2.836763e-01  3.753897e-03 
 2.840740e-01  3.737952e-03 
 2.844717e-01  3.722633e-03 
 2.848694e-01  3.707945e-03 
 2.852671e-01  3.693888e-03 
 2.856648e-01  3.680482e-03 
 2.860625e-01  3.667737e-03 
 2.864602e-01  3.655660e-03 
 2.868579e-01  3.644262e-03 
 2.872556e-01  3.633547e-03 
 2.876532e-01  3.623527e-03 
 2.880509e-01  3.614196e-03 
 2.884486e-01  3.605556e-03 
 2.888463e-01  3.597607e-03 
 2.892440e-01  3.590350e-03 
 2.896417e-01  3.583785e-03 
 2.900394e-01  3.577917e-03 
 2.904371e-01  3.572746e-03 
 2.908348e-01  3.568280e-03 
 2.912325e-01  3.564513e-03 
 2.916302e-01  3.561445e-03 
 2.920279e-01  3.559090e-03 
 2.924256e-01  3.557448e-03 
 2.928233e-01  3.556531e-03 
 2.932210e-01  3.556336e-03 
 2.936187e-01  3.556871e-03 
 2.940164e-01  3.558137e-03 
 2.944141e-01  3.560142e-03 
 2.948118e-01  3.562893e-03 
 2.952095e-01  3.566404e-03 
 2.956072e-01  3.570670e-03 
 2.960049e-01  3.575688e-03 
 2.964026e-01  3.581448e-03 
 2.968002e-01  3.587947e-03 
 2.971979e-01  3.595189e-03 
 2.975956e-01  3.603164e-03 
 2.979933e-01  3.611854e-03 
 2.983910e-01  3.621250e-03 
 2.987887e-01  3.631344e-03 
 2.991864e-01  3.642114e-03 
 2.995841e-01  3.653542e-03 
 2.999818e-01  3.665611e-03 
 3.003795e-01  3.678298e-03 
 3.007772e-01  3.691580e-03 
 3.011749e-01  3.705434e-03 
 3.015726e-01  3.719840e-03 
 3.019703e-01  3.734781e-03 
 3.023680e-01  3.750215e-03 
 3.027657e-01  3.766120e-03 
 3.031634e-01  3.782482e-03 
 3.035611e-01  3.799282e-03 
 3.039588e-01  3.816518e-03 
 3.043565e-01  3.834187e-03 
 3.047542e-01  3.852294e-03 
 3.051519e-01  3.870843e-03 
 3.055496e-01  3.889830e-03 
 3.059472e-01  3.909246e-03 
 3.063449e-01  3.929088e-03 
 3.067426e-01  3.949338e-03 
 3.071403e-01  3.969987e-03 
 3.075380e-01  3.991031e-03 
 3.079357e-01  4.012457e-03 
 3.083334e-01  4.034254e-03 
 3.087311e-01  4.056408e-03 
 3.091288e-01  4.078888e-03 
 3.095265e-01  4.101684e-03 
 3.099242e-01  4.124774e-03 
 3.103219e-01  4.148141e-03 
 3.107196e-01  4.171767e-03 
 3.111173e-01  4.195652e-03 
 3.115150e-01  4.219785e-03 
 3.119127e-01  4.244168e-03 
 3.123104e-01  4.268798e-03 
 3.127081e-01  4.293659e-03 
 3.131058e-01  4.318740e-03 
 3.135035e-01  4.344025e-03 
 3.139012e-01  4.369499e-03 
 3.142989e-01  4.395154e-03 
 3.146966e-01  4.420972e-03 
 3.150942e-01  4.446927e-03 
 3.154919e-01  4.472988e-03 
 3.158896e-01  4.499130e-03 
 3.162873e-01  4.525321e-03 
 3.166850e-01  4.551535e-03 
 3.170827e-01  4.577747e-03 
 3.174804e-01  4.603933e-03 
 3.178781e-01  4.630069e-03 
 3.182758e-01  4.656144e-03 
 3.186735e-01  4.682148e-03 
 3.190712e-01  4.708070e-03 
 3.194689e-01  4.733901e-03 
 3.198666e-01  4.759625e-03 
 3.202643e-01  4.785237e-03 
 3.206620e-01  4.810734e-03 
 3.210597e-01  4.836115e-03 
 3.214574e-01  4.861369e-03 
 3.218551e-01  4.886491e-03 
 3.222528e-01  4.911474e-03 
 3.226505e-01  4.936316e-03 
 3.230482e-01  4.961013e-03 
 3.234459e-01  4.985557e-03 
 3.238435e-01  5.009945e-03 
 3.242412e-01  5.034160e-03 
 3.246389e-01  5.058186e-03 
 3.250366e-01  5.082016e-03 
 3.254343e-01  5.105620e-03 
 3.258320e-01  5.128986e-03 
 3.262297e-01  5.152096e-03 
 3.266274e-01  5.174932e-03 
 3.270251e-01  5.197482e-03 
 3.274228e-01  5.219732e-03 
 3.278205e-01  5.241662e-03 
 3.282182e-01  5.263264e-03 
 3.286159e-01  5.284531e-03 
 3.290136e-01  5.305431e-03 
 3.294113e-01  5.325959e-03 
 3.298090e-01  5.346109e-03 
 3.302067e-01  5.365866e-03 
 3.306044e-01  5.385226e-03 
 3.310021e-01  5.404174e-03 
 3.313998e-01  5.422711e-03 
 3.317975e-01  5.440818e-03 
 3.321952e-01  5.458485e-03 
 3.325929e-01  5.475707e-03 
 3.329905e-01  5.492483e-03 
 3.333882e-01  5.508811e-03 
 3.337859e-01  5.524682e-03 
 3.341836e-01  5.540082e-03 
 3.345813e-01  5.554997e-03 
 3.349790e-01  5.569412e-03 
 3.353767e-01  5.583304e-03 
 3.357744e-01  5.596652e-03 
 3.361721e-01  5.609451e-03 
 3.365698e-01  5.621686e-03 
 3.369675e-01  5.633354e-03 
 3.373652e-01  5.644449e-03 
 3.377629e-01  5.654969e-03 
 3.381606e-01  5.664904e-03 
 3.385583e-01  5.674248e-03 
 3.389560e-01  5.682997e-03 
 3.393537e-01  5.691143e-03 
 3.397514e-01  5.698673e-03 
 3.401491e-01  5.705575e-03 
 3.405468e-01  5.711844e-03 
 3.409445e-01  5.717468e-03 
 3.413422e-01  5.722436e-03 
 3.417399e-01  5.726723e-03 
 3.421375e-01  5.730305e-03 
 3.425352e-01  5.733170e-03 
 3.429329e-01  5.735293e-03 
 3.433306e-01  5.736665e-03 
 3.437283e-01  5.737274e-03 
 3.441260e-01  5.737100e-03 
 3.445237e-01  5.736135e-03 
 3.449214e-01  5.734382e-03 
 3.453191e-01  5.731838e-03 
 3.457168e-01  5.728518e-03 
 3.461145e-01  5.724428e-03 
 3.465122e-01  5.719577e-03 
 3.469099e-01  5.713988e-03 
 3.473076e-01  5.707676e-03 
 3.477053e-01  5.700652e-03 
 3.481030e-01  5.692926e-03 
 3.485007e-01  5.684508e-03 
 3.488984e-01  5.675409e-03 
 3.492961e-01  5.665636e-03 
 3.496938e-01  5.655202e-03 
 3.500915e-01  5.644112e-03 
 3.504892e-01  5.632362e-03 
 3.508869e-01  5.619962e-03 
 3.512845e-01  5.606925e-03 
 3.516822e-01  5.593263e-03 
 3.520799e-01  5.578982e-03 
 3.524776e-01  5.564085e-03 
 3.528753e-01  5.548576e-03 
 3.532730e-01  5.532468e-03 
 3.536707e-01  5.515768e-03 
 3.540684e-01  5.498479e-03 
 3.544661e-01  5.480597e-03 
 3.548638e-01  5.462125e-03 
 3.552615e-01  5.443081e-03 
 3.556592e-01  5.423474e-03 
 3.560569e-01  5.403319e-03 
 3.564546e-01  5.382622e-03 
 3.568523e-01  5.361394e-03 
 3.572500e-01  5.339635e-03 
 3.576477e-01  5.317350e-03 
 3.580454e-01  5.294551e-03 
 3.584431e-01  5.271242e-03 
 3.588408e-01  5.247435e-03 
 3.592385e-01  5.223139e-03 
 3.596362e-01  5.198378e-03 
 3.600339e-01  5.173178e-03 
 3.604315e-01  5.147552e-03 
 3.608292e-01  5.121522e-03 
 3.612269e-01  5.095112e-03 
 3.616246e-01  5.068332e-03 
 3.620223e-01  5.041211e-03 
 3.624200e-01  5.013778e-03 
 3.628177e-01  4.986058e-03 
 3.632154e-01  4.958078e-03 
 3.636131e-01  4.929869e-03 
 3.640108e-01  4.901455e-03 
 3.644085e-01  4.872866e-03 
 3.648062e-01  4.844134e-03 
 3.652039e-01  4.815292e-03 
 3.656016e-01  4.786375e-03 
 3.659993e-01  4.757408e-03 
 3.663970e-01  4.728427e-03 
 3.667947e-01  4.699454e-03 
 3.671924e-01  4.670514e-03 
 3.675901e-01  4.641629e-03 
 3.679878e-01  4.612814e-03 
 3.683855e-01  4.584080e-03 
 3.687832e-01  4.555436e-03 
 3.691809e-01  4.526892e-03 
 3.695785e-01  4.498458e-03 
 3.699762e-01  4.470145e-03 
 3.703739e-01  4.441965e-03 
 3.707716e-01  4.413927e-03 
 3.711693e-01  4.386041e-03 
 3.715670e-01  4.358323e-03 
 3.719647e-01  4.330792e-03 
 3.723624e-01  4.303468e-03 
 3.727601e-01  4.276372e-03 
 3.731578e-01  4.249529e-03 
 3.735555e-01  4.222965e-03 
 3.739532e-01  4.196711e-03 
 3.743509e-01  4.170795e-03 
 3.747486e-01  4.145245e-03 
 3.751463e-01  4.120098e-03 
 3.755440e-01  4.095363e-03 
 3.759417e-01  4.071068e-03 
 3.763394e-01  4.047224e-03 
 3.767371e-01  4.023849e-03 
 3.771348e-01  4.000953e-03 
 3.775325e-01  3.978556e-03 
 3.779302e-01  3.956673e-03 
 3.783279e-01  3.935313e-03 
 3.787255e-01  3.914500e-03 
 3.791232e-01  3.894236e-03 
 3.795209e-01  3.874546e-03 
 3.799186e-01  3.855435e-03 
 3.803163e-01  3.836924e-03 
 3.807140e-01  3.819016e-03 
 3.811117e-01  3.801734e-03 
 3.815094e-01  3.785072e-03 
 3.819071e-01  3.769055e-03 
 3.823048e-01  3.753675e-03 
 3.827025e-01  3.738942e-03 
 3.831002e-01  3.724855e-03 
 3.834979e-01  3.711407e-03 
 3.838956e-01  3.698606e-03 
 3.842933e-01  3.686455e-03 
 3.846910e-01  3.674956e-03 
 3.850887e-01  3.664118e-03 
 3.854864e-01  3.653926e-03 
 3.858841e-01  3.644383e-03 
 3.862818e-01  3.635477e-03 
 3.866795e-01  3.627208e-03 
 3.870772e-01  3.619579e-03 
 3.874749e-01  3.612594e-03 
 3.878725e-01  3.606249e-03 
 3.882702e-01  3.600556e-03 
 3.886679e-01  3.595530e-03 
 3.890656e-01  3.591176e-03 
 3.894633e-01  3.587506e-03 
 3.898610e-01  3.584520e-03 
 3.902587e-01  3.582219e-03 
 3.906564e-01  3.580614e-03 
 3.910541e-01  3.579714e-03 
 3.914518e-01  3.579524e-03 
 3.918495e-01  3.580051e-03 
 3.922472e-01  3.581292e-03 
 3.926449e-01  3.583244e-03 
 3.930426e-01  3.585908e-03 
 3.934403e-01  3.589281e-03 
 3.938380e-01  3.593358e-03 
 3.942357e-01  3.598120e-03 
 3.946334e-01  3.603546e-03 
 3.950311e-01  3.609627e-03 
 3.954288e-01  3.616345e-03 
 3.958265e-01  3.623683e-03 
 3.962242e-01  3.631611e-03 
 3.966218e-01  3.640108e-03 
 3.970195e-01  3.649161e-03 
 3.974172e-01  3.658750e-03 
 3.978149e-01  3.668858e-03 
 3.982126e-01  3.679468e-03 
 3.986103e-01  3.690571e-03 
 3.990080e-01  3.702152e-03 
 3.994057e-01  3.714204e-03 
 3.998034e-01  3.726730e-03 
 4.002011e-01  3.739731e-03 
 4.005988e-01  3.753200e-03 
 4.009965e-01  3.767133e-03 
 4.013942e-01  3.781533e-03 
 4.017919e-01  3.796392e-03 
 4.021896e-01  3.811703e-03 
 4.025873e-01  3.827462e-03 
 4.029850e-01  3.843667e-03 
 4.033827e-01  3.860311e-03 
 4.037804e-01  3.877392e-03 
 4.041781e-01  3.894892e-03 
 4.045758e-01  3.912802e-03 
 4.049735e-01  3.931117e-03 
 4.053712e-01  3.949830e-03 
 4.057688e-01  3.968943e-03 
 4.061665e-01  3.988464e-03 
 4.065642e-01  4.008396e-03 
 4.069619e-01  4.028752e-03 
 4.073596e-01  4.049537e-03 
 4.077573e-01  4.070761e-03 
 4.081550e-01  4.092414e-03 
 4.085527e-01  4.114486e-03 
 4.089504e-01  4.136962e-03 
 4.093481e-01  4.159833e-03 
 4.097458e-01  4.183074e-03 
 4.101435e-01  4.206663e-03 
 4.105412e-01  4.230575e-03 
 4.109389e-01  4.254781e-03 
 4.113366e-01  4.279253e-03 
 4.117343e-01  4.303964e-03 
 4.121320e-01  4.328881e-03 
 4.125297e-01  4.353979e-03 
 4.129274e-01  4.379230e-03 
 4.133251e-01  4.404613e-03 
 4.137228e-01  4.430111e-03 
 4.141205e-01  4.455708e-03 
 4.145182e-01  4.481388e-03 
 4.149158e-01  4.507143e-03 
 4.153135e-01  4.532956e-03 
 4.157112e-01  4.558829e-03 
 4.161089e-01  4.584750e-03 
 4.165066e-01  4.610712e-03 
 4.169043e-01  4.636710e-03 
 4.173020e-01  4.662731e-03 
 4.176997e-01  4.688773e-03 
 4.180974e-01  4.714819e-03 
 4.184951e-01  4.740868e-03 
 4.188928e-01  4.766907e-03 
 4.192905e-01  4.792925e-03 
 4.196882e-01  4.818915e-03 
 4.200859e-01  4.844866e-03 
 4.204836e-01  4.870769e-03 
 4.208813e-01  4.896613e-03 
 4.212790e-01  4.922387e-03 
 4.216767e-01  4.948081e-03 
 4.220744e-01  4.973686e-03 
 4.224721e-01  4.999185e-03 
 4.228698e-01  5.024556e-03 
 4.232675e-01  5.049780e-03 
 4.236652e-01  5.074843e-03 
 4.240628e-01  5.099723e-03 
 4.244605e-01  5.124397e-03 
 4.248582e-01  5.148845e-03 
 4.252559e-01  5.173048e-03 
 4.256536e-01  5.196985e-03 
 4.260513e-01  5.220639e-03 
 4.264490e-01  5.244001e-03 
 4.268467e-01  5.267048e-03 
 4.272444e-01  5.289756e-03 
 4.276421e-01  5.312110e-03 
 4.280398e-01  5.334090e-03 
 4.284375e-01  5.355685e-03 
 4.288352e-01  5.376878e-03 
 4.292329e-01  5.397641e-03 
 4.296306e-01  5.417963e-03 
 4.300283e-01  5.437828e-03 
 4.304260e-01  5.457202e-03 
 4.308237e-01  5.476086e-03 
 4.312214e-01  5.494464e-03 
 4.316191e-01  5.512305e-03 
 4.320168e-01  5.529602e-03 
 4.324145e-01  5.546338e-03 
 4.328122e-01  5.562500e-03 
 4.332098e-01  5.578091e-03 
 4.336075e-01  5.593095e-03 
 4.340052e-01  5.607499e-03 
 4.344029e-01  5.621298e-03 
 4.348006e-01  5.634492e-03 
 4.351983e-01  5.647077e-03 
 4.355960e-01  5.659042e-03 
 4.359937e-01  5.670381e-03 
 4.363914e-01  5.681078e-03 
 4.367891e-01  5.691106e-03 
 4.371868e-01  5.700445e-03 
 4.375845e-01  5.709072e-03 
 4.379822e-01  5.716963e-03 
 4.383799e-01  5.724100e-03 
 4.387776e-01  5.730476e-03 
 4.391753e-01  5.736078e-03 
 4.395730e-01  5.740902e-03 
 4.399707e-01  5.744947e-03 
 4.403684e-01  5.748213e-03 
 4.407661e-01  5.750706e-03 
 4.411638e-01  5.752433e-03 
 4.415615e-01  5.753394e-03 
 4.419592e-01  5.753599e-03 
 4.423568e-01  5.753055e-03 
 4.427545e-01  5.751767e-03 
 4.431522e-01  5.749743e-03 
 4.435499e-01  5.746976e-03 
 4.439476e-01  5.743469e-03 
 4.443453e-01  5.739223e-03 
 4.447430e-01  5.734239e-03 
 4.451407e-01  5.728523e-03 
 4.455384e-01  5.722075e-03 
 4.459361e-01  5.714894e-03 
 4.463338e-01  5.706986e-03 
 4.467315e-01  5.698361e-03 
 4.471292e-01  5.689030e-03 
 4.475269e-01  5.678992e-03 
 4.479246e-01  5.668244e-03 
 4.483223e-01  5.656797e-03 
 4.487200e-01  5.644661e-03 
 4.491177e-01  5.631838e-03 
 4.495154e-01  5.618342e-03 
 4.499131e-01  5.604173e-03 
 4.503108e-01  5.589329e-03 
 4.507085e-01  5.573821e-03 
 4.511062e-01  5.557667e-03 
 4.515038e-01  5.540857e-03 
 4.519015e-01  5.523400e-03 
 4.522992e-01  5.505291e-03 
 4.526969e-01  5.486543e-03 
 4.530946e-01  5.467180e-03 
 4.534923e-01  5.447212e-03 
 4.538900e-01  5.426652e-03 
 4.542877e-01  5.405522e-03 
 4.546854e-01  5.383837e-03 
 4.550831e-01  5.361628e-03 
 4.554808e-01  5.338911e-03 
 4.558785e-01  5.315682e-03 
 4.562762e-01  5.291964e-03 
 4.566739e-01  5.267775e-03 
 4.570716e-01  5.243139e-03 
 4.574693e-01  5.218096e-03 
 4.578670e-01  5.192663e-03 
 4.582647e-01  5.166870e-03 
 4.586624e-01  5.140745e-03 
 4.590601e-01  5.114321e-03 
 4.594578e-01  5.087616e-03 
 4.598555e-01  5.060664e-03 
 4.602532e-01  5.033491e-03 
 4.606508e-01  5.006127e-03 
 4.610485e-01  4.978602e-03 
 4.614462e-01  4.950952e-03 
 4.618439e-01  4.923209e-03 
 4.622416e-01  4.895391e-03 
 4.626393e-01  4.867513e-03 
 4.630370e-01  4.839596e-03 
 4.634347e-01  4.811651e-03 
 4.638324e-01  4.783692e-03 
 4.642301e-01  4.755724e-03 
 4.646278e-01  4.727758e-03 
 4.650255e-01  4.699796e-03 
 4.654232e-01  4.671842e-03 
 4.658209e-01  4.643914e-03 
 4.662186e-01  4.616019e-03 
 4.666163e-01  4.588165e-03 
 4.670140e-01  4.560369e-03 
 4.674117e-01  4.532657e-03 
 4.678094e-01  4.505050e-03 
 4.682071e-01  4.477570e-03 
 4.686048e-01  4.450243e-03 
 4.690025e-01  4.423091e-03 
 4.694001e-01  4.396135e-03 
 4.697978e-01  4.369409e-03 
 4.701955e-01  4.342929e-03 
 4.705932e-01  4.316719e-03 
 4.709909e-01  4.290792e-03 
 4.713886e-01  4.265161e-03 
 4.717863e-01  4.239834e-03 
 4.721840e-01  4.214822e-03 
 4.725817e-01  4.190150e-03 
 4.729794e-01  4.165839e-03 
 4.733771e-01  4.141903e-03 
 4.737748e-01  4.118366e-03 
 4.741725e-01  4.095235e-03 
 4.745702e-01  4.072529e-03 
 4.749679e-01  4.050260e-03 
 4.753656e-01  4.028454e-03 
 4.757633e-01  4.007116e-03 
 4.761610e-01  3.986254e-03 
 4.765587e-01  3.965889e-03 
 4.769564e-01  3.946035e-03 
 4.773541e-01  3.926702e-03 
 4.777518e-01  3.907894e-03 
 4.781495e-01  3.889606e-03 
 4.785471e-01  3.871843e-03 
 4.789448e-01  3.854611e-03 
 4.793425e-01  3.837894e-03 
 4.797402e-01  3.821711e-03 
 4.801379e-01  3.806054e-03 
 4.805356e-01  3.790926e-03 
 4.809333e-01  3.776331e-03 
 4.813310e-01  3.762275e-03 
 4.817287e-01  3.748757e-03 
 4.821264e-01  3.735789e-03 
 4.825241e-01  3.723377e-03 
 4.829218e-01  3.711528e-03 
 4.833195e-01  3.700251e-03 
 4.837172e-01  3.689555e-03 
 4.841149e-01  3.679450e-03 
 4.845126e-01  3.669945e-03 
 4.849103e-01  3.661042e-03 
 4.853080e-01  3.652753e-03 
 4.857057e-01  3.645089e-03 
 4.861034e-01  3.638056e-03 
 4.865011e-01  3.631666e-03 
 4.868988e-01  3.625917e-03 
 4.872965e-01  3.620812e-03 
 4.876941e-01  3.616347e-03 
 4.880918e-01  3.612521e-03 
 4.884895e-01  3.609325e-03 
 4.888872e-01  3.606760e-03 
 4.892849e-01  3.604818e-03 
 4.896826e-01  3.603492e-03 
 4.900803e-01  3.602775e-03 
 4.904780e-01  3.602665e-03 
 4.908757e-01  3.603148e-03 
 4.912734e-01  3.604213e-03 
 4.916711e-01  3.605849e-03 
 4.920688e-01  3.608040e-03 
 4.924665e-01  3.610783e-03 
 4.928642e-01  3.614076e-03 
 4.932619e-01  3.617907e-03 
 4.936596e-01  3.622270e-03 
 4.940573e-01  3.627159e-03 
 4.944550e-01  3.632593e-03 
 4.948527e-01  3.638565e-03 
 4.952504e-01  3.645077e-03 
 4.956481e-01  3.652131e-03 
 4.960458e-01  3.659735e-03 
 4.964435e-01  3.667900e-03 
 4.968411e-01  3.676635e-03 
 4.972388e-01  3.685946e-03 
 4.976365e-01  3.695832e-03 
 4.980342e-01  3.706282e-03 
 4.984319e-01  3.717306e-03 
 4.988296e-01  3.728907e-03 
 4.992273e-01  3.741084e-03 
 4.996250e-01  3.753823e-03 
 5.000227e-01  3.767117e-03 
 5.004204e-01  3.780975e-03 
 5.008181e-01  3.795406e-03 
 5.012158e-01  3.810416e-03 
 5.016135e-01  3.826003e-03 
 5.020112e-01  3.842176e-03 
 5.024089e-01  3.858932e-03 
 5.028066e-01  3.876266e-03 
 5.032043e-01  3.894176e-03 
 5.036020e-01  3.912650e-03 
 5.039997e-01  3.931669e-03 
 5.043974e-01  3.951223e-03 
 5.047951e-01  3.971285e-03 
 5.051928e-01  3.991839e-03 
 5.055905e-01  4.012864e-03 
 5.059881e-01  4.034322e-03 
 5.063858e-01  4.056182e-03 
 5.067835e-01  4.078406e-03 
 5.071812e-01  4.100963e-03 
 5.075789e-01  4.123833e-03 
 5.079766e-01  4.146990e-03 
 5.083743e-01  4.170421e-03 
 5.087720e-01  4.194119e-03 
 5.091697e-01  4.218081e-03 
 5.095674e-01  4.242300e-03 
 5.099651e-01  4.266769e-03 
 5.103628e-01  4.291476e-03 
 5.107605e-01  4.316410e-03 
 5.111582e-01  4.341567e-03 
 5.115559e-01  4.366936e-03 
 5.119536e-01  4.392512e-03 
 5.123513e-01  4.418294e-03 
 5.127490e-01  4.444271e-03 
 5.131467e-01  4.470442e-03 
 5.135444e-01  4.496803e-03 
 5.139421e-01  4.523344e-03 
 5.143398e-01  4.550063e-03 
 5.147375e-01  4.576947e-03 
 5.151351e-01  4.603991e-03 
 5.155328e-01  4.631185e-03 
 5.159305e-01  4.658515e-03 
 5.163282e-01  4.685974e-03 
 5.167259e-01  4.713553e-03 
 5.171236e-01  4.741230e-03 
 5.175213e-01  4.768987e-03 
 5.179190e-01  4.796804e-03 
 5.183167e-01  4.824651e-03 
 5.187144e-01  4.852504e-03 
 5.191121e-01  4.880332e-03 
 5.195098e-01  4.908102e-03 
 5.199075e-01  4.935779e-03 
 5.203052e-01  4.963326e-03 
 5.207029e-01  4.990724e-03 
 5.211006e-01  5.017940e-03 
 5.214983e-01  5.044945e-03 
 5.218960e-01  5.071713e-03 
 5.222937e-01  5.098217e-03 
 5.226914e-01  5.124431e-03 
 5.230891e-01  5.150333e-03 
 5.234868e-01  5.175902e-03 
 5.238845e-01  5.201115e-03 
 5.242821e-01  5.225956e-03 
 5.246798e-01  5.250403e-03 
 5.250775e-01  5.274431e-03 
 5.254752e-01  5.298033e-03 
 5.258729e-01  5.321181e-03 
 5.262706e-01  5.343850e-03 
 5.266683e-01  5.366030e-03 
 5.270660e-01  5.387709e-03 
 5.274637e-01  5.408866e-03 
 5.278614e-01  5.429501e-03 
 5.282591e-01  5.449620e-03 
 5.286568e-01  5.469198e-03 
 5.290545e-01  5.488246e-03 
 5.294522e-01  5.506751e-03 
 5.298499e-01  5.524709e-03 
 5.302476e-01  5.542101e-03 
 5.306453e-01  5.558938e-03 
 5.310430e-01  5.575198e-03 
 5.314407e-01  5.590866e-03 
 5.318384e-01  5.605924e-03 
 5.322361e-01  5.620353e-03 
 5.326338e-01  5.634134e-03 
 5.330315e-01  5.647244e-03 
 5.334291e-01  5.659663e-03 
 5.338268e-01  5.671385e-03 
 5.342245e-01  5.682385e-03 
 5.346222e-01  5.692651e-03 
 5.350199e-01  5.702174e-03 
 5.354176e-01  5.710939e-03 
 5.358153e-01  5.718951e-03 
 5.362130e-01  5.726203e-03 
 5.366107e-01  5.732708e-03 
 5.370084e-01  5.738456e-03 
 5.374061e-01  5.743448e-03 
 5.378038e-01  5.747687e-03 
 5.382015e-01  5.751173e-03 
 5.385992e-01  5.753898e-03 
 5.389969e-01  5.755859e-03 
 5.393946e-01  5.757036e-03 
 5.397923e-01  5.757435e-03 
 5.401900e-01  5.757056e-03 
 5.405877e-01  5.755901e-03 
 5.409854e-01  5.753975e-03 
 5.413831e-01  5.751268e-03 
 5.417808e-01  5.747796e-03 
 5.421784e-01  5.743565e-03 
 5.425761e-01  5.738584e-03 
 5.429738e-01  5.732869e-03 
 5.433715e-01  5.726419e-03 
 5.437692e-01  5.719242e-03 
 5.441669e-01  5.711340e-03 
 5.445646e-01  5.702729e-03 
 5.449623e-01  5.693411e-03 
 5.453600e-01  5.683394e-03 
 5.457577e-01  5.672681e-03 
 5.461554e-01  5.661271e-03 
 5.465531e-01  5.649178e-03 
 5.469508e-01  5.636413e-03 
 5.473485e-01  5.622977e-03 
 5.477462e-01  5.608875e-03 
 5.481439e-01  5.594126e-03 
 5.485416e-01  5.578741e-03 
 5.489393e-01  5.562726e-03 
 5.493370e-01  5.546089e-03 
 5.497347e-01  5.528850e-03 
 5.501324e-01  5.511024e-03 
 5.505301e-01  5.492627e-03 
 5.509278e-01  5.473675e-03 
 5.513254e-01  5.454183e-03 
 5.517231e-01  5.434165e-03 
 5.521208e-01  5.413645e-03 
 5.525185e-01  5.392643e-03 
 5.529162e-01  5.371185e-03 
 5.533139e-01  5.349287e-03 
 5.537116e-01  5.326973e-03 
 5.541093e-01  5.304260e-03 
 5.545070e-01  5.281182e-03 
 5.549047e-01  5.257775e-03 
 5.553024e-01  5.234046e-03 
 5.557001e-01  5.210033e-03 
 5.560978e-01  5.185759e-03 
 5.564955e-01  5.161251e-03 
 5.568932e-01  5.136539e-03 
 5.572909e-01  5.111629e-03 
 5.576886e-01  5.086545e-03 
 5.580863e-01  5.061291e-03 
 5.584840e-01  5.035877e-03 
 5.588817e-01  5.010309e-03 
 5.592794e-01  4.984597e-03 
 5.596771e-01  4.958742e-03 
 5.600748e-01  4.932758e-03 
 5.604724e-01  4.906640e-03 
 5.608701e-01  4.880408e-03 
 5.612678e-01  4.854060e-03 
 5.616655e-01  4.827600e-03 
 5.620632e-01  4.801045e-03 
 5.624609e-01  4.774405e-03 
 5.628586e-01  4.747692e-03 
 5.632563e-01  4.720931e-03 
 5.636540e-01  4.694134e-03 
 5.640517e-01  4.667325e-03 
 5.644494e-01  4.640526e-03 
 5.648471e-01  4.613756e-03 
 5.652448e-01  4.587031e-03 
 5.656425e-01  4.560371e-03 
 5.660402e-01  4.533789e-03 
 5.664379e-01  4.507284e-03 
 5.668356e-01  4.480886e-03 
 5.672333e-01  4.454597e-03 
 5.676310e-01  4.428439e-03 
 5.680287e-01  4.402431e-03 
 5.684264e-01  4.376592e-03 
 5.688241e-01  4.350943e-03 
 5.692218e-01  4.325511e-03 
 5.696194e-01  4.300317e-03 
 5.700171e-01  4.275387e-03 
 5.704148e-01  4.250748e-03 
 5.708125e-01  4.226422e-03 
 5.712102e-01  4.202428e-03 
 5.716079e-01  4.178786e-03 
 5.720056e-01  4.155516e-03 
 5.724033e-01  4.132622e-03 
 5.728010e-01  4.110123e-03 
 5.731987e-01  4.088023e-03 
 5.735964e-01  4.066326e-03 
 5.739941e-01  4.045035e-03 
 5.743918e-01  4.024151e-03 
 5.747895e-01  4.003689e-03 
 5.751872e-01  3.983640e-03 
 5.755849e-01  3.964014e-03 
 5.759826e-01  3.944811e-03 
 5.763803e-01  3.926038e-03 
 5.767780e-01  3.907694e-03 
 5.771757e-01  3.889788e-03 
 5.775734e-01  3.872327e-03 
 5.779711e-01  3.855304e-03 
 5.783688e-01  3.838753e-03 
 5.787664e-01  3.822673e-03 
 5.791641e-01  3.807075e-03 
 5.795618e-01  3.791963e-03 
 5.799595e-01  3.777346e-03 
 5.803572e-01  3.763232e-03 
 5.807549e-01  3.749617e-03 
 5.811526e-01  3.736518e-03 
 5.815503e-01  3.723936e-03 
 5.819480e-01  3.711884e-03 
 5.823457e-01  3.700366e-03 
 5.827434e-01  3.689394e-03 
 5.831411e-01  3.678970e-03 
 5.835388e-01  3.669100e-03 
 5.839365e-01  3.659793e-03 
 5.843342e-01  3.651048e-03 
 5.847319e-01  3.642876e-03 
 5.851296e-01  3.635277e-03 
 5.855273e-01  3.628259e-03 
 5.859250e-01  3.621825e-03 
 5.863227e-01  3.615985e-03 
 5.867204e-01  3.610738e-03 
 5.871181e-01  3.606084e-03 
 5.875158e-01  3.602035e-03 
 5.879134e-01  3.598591e-03 
 5.883111e-01  3.595761e-03 
 5.887088e-01  3.593549e-03 
 5.891065e-01  3.591966e-03 
 5.895042e-01  3.591015e-03 
 5.899019e-01  3.590695e-03 
 5.902996e-01  3.591015e-03 
 5.906973e-01  3.591975e-03 
 5.910950e-01  3.593581e-03 
 5.914927e-01  3.595838e-03 
 5.918904e-01  3.598748e-03 
 5.922881e-01  3.602313e-03 
 5.926858e-01  3.606533e-03 
 5.930835e-01  3.611397e-03 
 5.934812e-01  3.616909e-03 
 5.938789e-01  3.623076e-03 
 5.942766e-01  3.629891e-03 
 5.946743e-01  3.637353e-03 
 5.950720e-01  3.645458e-03 
 5.954697e-01  3.654202e-03 
 5.958674e-01  3.663589e-03 
 5.962651e-01  3.673620e-03 
 5.966628e-01  3.684306e-03 
 5.970604e-01  3.695644e-03 
 5.974581e-01  3.707634e-03 
 5.978558e-01  3.720276e-03 
 5.982535e-01  3.733572e-03 
 5.986512e-01  3.747517e-03 
 5.990489e-01  3.762090e-03 
 5.994466e-01  3.777276e-03 
 5.998443e-01  3.793068e-03 
 6.002420e-01  3.809447e-03 
 6.006397e-01  3.826392e-03 
 6.010374e-01  3.843892e-03 
 6.014351e-01  3.861922e-03 
 6.018328e-01  3.880462e-03 
 6.022305e-01  3.899502e-03 
 6.026282e-01  3.919026e-03 
 6.030259e-01  3.939024e-03 
 6.034236e-01  3.959487e-03 
 6.038213e-01  3.980413e-03 
 6.042190e-01  4.001791e-03 
 6.046167e-01  4.023618e-03 
 6.050144e-01  4.045882e-03 
 6.054121e-01  4.068579e-03 
 6.058097e-01  4.091696e-03 
 6.062074e-01  4.115228e-03 
 6.066051e-01  4.139176e-03 
 6.070028e-01  4.163529e-03 
 6.074005e-01  4.188271e-03 
 6.077982e-01  4.213394e-03 
 6.081959e-01  4.238890e-03 
 6.085936e-01  4.264735e-03 
 6.089913e-01  4.290920e-03 
 6.093890e-01  4.317433e-03 
 6.097867e-01  4.344255e-03 
 6.101844e-01  4.371367e-03 
 6.105821e-01  4.398758e-03 
 6.109798e-01  4.426414e-03 
 6.113775e-01  4.454311e-03 
 6.117752e-01  4.482430e-03 
 6.121729e-01  4.510746e-03 
 6.125706e-01  4.539237e-03 
 6.129683e-01  4.567876e-03 
 6.133660e-01  4.596630e-03 
 6.137637e-01  4.625475e-03 
 6.141614e-01  4.654375e-03 
 6.145591e-01  4.683295e-03 
 6.149567e-01  4.712205e-03 
 6.153544e-01  4.741077e-03 
 6.157521e-01  4.769886e-03 
 6.161498e-01  4.798607e-03 
 6.165475e-01  4.827211e-03 
 6.169452e-01  4.855672e-03 
 6.173429e-01  4.883963e-03 
 6.177406e-01  4.912056e-03 
 6.181383e-01  4.939933e-03 
 6.185360e-01  4.967569e-03 
 6.189337e-01  4.994939e-03 
 6.193314e-01  5.022032e-03 
 6.197291e-01  5.048828e-03 
 6.201268e-01  5.075319e-03 
 6.205245e-01  5.101492e-03 
 6.209222e-01  5.127329e-03 
 6.213199e-01  5.152816e-03 
 6.217176e-01  5.177932e-03 
 6.221153e-01  5.202673e-03 
 6.225130e-01  5.227024e-03 
 6.229107e-01  5.250963e-03 
 6.233084e-01  5.274497e-03 
 6.237061e-01  5.297606e-03 
 6.241037e-01  5.320294e-03 
 6.245014e-01  5.342552e-03 
 6.248991e-01  5.364371e-03 
 6.252968e-01  5.385730e-03 
 6.256945e-01  5.406635e-03 
 6.260922e-01  5.427064e-03 
 6.264899e-01  5.446998e-03 
 6.268876e-01  5.466432e-03 
 6.272853e-01  5.485341e-03 
 6.276830e-01  5.503686e-03 
 6.280807e-01  5.521457e-03 
 6.284784e-01  5.538639e-03 
 6.288761e-01  5.555201e-03 
 6.292738e-01  5.571134e-03 
 6.296715e-01  5.586414e-03 
 6.300692e-01  5.601040e-03 
 6.304669e-01  5.614990e-03 
 6.308646e-01  5.628269e-03 
 6.312623e-01  5.640861e-03 
 6.316600e-01  5.652774e-03 
 6.320577e-01  5.663984e-03 
 6.324554e-01  5.674493e-03 
 6.328531e-01  5.684300e-03 
 6.332507e-01  5.693395e-03 
 6.336484e-01  5.701775e-03 
 6.340461e-01  5.709429e-03 
 6.344438e-01  5.716350e-03 
 6.348415e-01  5.722543e-03 
 6.352392e-01  5.727990e-03 
 6.356369e-01  5.732693e-03 
 6.360346e-01  5.736646e-03 
 6.364323e-01  5.739840e-03 
 6.368300e-01  5.742280e-03 
 6.372277e-01  5.743972e-03 
 6.376254e-01  5.744917e-03 
 6.380231e-01  5.745135e-03 
 6.384208e-01  5.744627e-03 
 6.388185e-01  5.743399e-03 
 6.392162e-01  5.741455e-03 
 6.396139e-01  5.738809e-03 
 6.400116e-01  5.735461e-03 
 6.404093e-01  5.731413e-03 
 6.408070e-01  5.726666e-03 
 6.412047e-01  5.721217e-03 
 6.416024e-01  5.715068e-03 
 6.420001e-01  5.708226e-03 
 6.423977e-01  5.700689e-03 
 6.427954e-01  5.692462e-03 
 6.431931e-01  5.683552e-03 
 6.435908e-01  5.673956e-03 
 6.439885e-01  5.663676e-03 
 6.443862e-01  5.652739e-03 
 6.447839e-01  5.641151e-03 
 6.451816e-01  5.628914e-03 
 6.455793e-01  5.616051e-03 
 6.459770e-01  5.602581e-03 
 6.463747e-01  5.588504e-03 
 6.467724e-01  5.573835e-03 
 6.471701e-01  5.558600e-03 
 6.475678e-01  5.542810e-03 
 6.479655e-01  5.526483e-03 
 6.483632e-01  5.509644e-03 
 6.487609e-01  5.492316e-03 
 6.491586e-01  5.474520e-03 
 6.495563e-01  5.456264e-03 
 6.499540e-01  5.437574e-03 
 6.503517e-01  5.418469e-03 
 6.507494e-01  5.398970e-03 
 6.511471e-01  5.379086e-03 
 6.515447e-01  5.358837e-03 
 6.519424e-01  5.338229e-03 
 6.523401e-01  5.317290e-03 
 6.527378e-01  5.296018e-03 
 6.531355e-01  5.274420e-03 
 6.535332e-01  5.252503e-03 
 6.539309e-01  5.230259e-03 
 6.543286e-01  5.207695e-03 
 6.547263e-01  5.184817e-03 
 6.551240e-01  5.161623e-03 
 6.555217e-01  5.138115e-03 
 6.559194e-01  5.114288e-03 
 6.563171e-01  5.090145e-03 
 6.567148e-01  5.065702e-03 
 6.571125e-01  5.040980e-03 
 6.575102e-01  5.015991e-03 
 6.579079e-01  4.990753e-03 
 6.583056e-01  4.965285e-03 
 6.587033e-01  4.939612e-03 
 6.591010e-01  4.913756e-03 
 6.594987e-01  4.887732e-03 
 6.598964e-01  4.861565e-03 
 6.602941e-01  4.835259e-03 
 6.606917e-01  4.808837e-03 
 6.610894e-01  4.782320e-03 
 6.614871e-01  4.755720e-03 
 6.618848e-01  4.729064e-03 
 6.622825e-01  4.702369e-03 
 6.626802e-01  4.675652e-03 
 6.630779e-01  4.648939e-03 
 6.634756e-01  4.622265e-03 
 6.638733e-01  4.595655e-03 
 6.642710e-01  4.569128e-03 
 6.646687e-01  4.542711e-03 
 6.650664e-01  4.516424e-03 
 6.654641e-01  4.490293e-03 
 6.658618e-01  4.464335e-03 
 6.662595e-01  4.438576e-03 
 6.666572e-01  4.413028e-03 
 6.670549e-01  4.387705e-03 
 6.674526e-01  4.362607e-03 
 6.678503e-01  4.337746e-03 
 6.682480e-01  4.313123e-03 
 6.686457e-01  4.288733e-03 
 6.690434e-01  4.264569e-03 
 6.694411e-01  4.240637e-03 
 6.698387e-01  4.216939e-03 
 6.702364e-01  4.193467e-03 
 6.706341e-01  4.170237e-03 
 6.710318e-01  4.147255e-03 
 6.714295e-01  4.124530e-03 
 6.718272e-01  4.102064e-03 
 6.722249e-01  4.079875e-03 
 6.726226e-01  4.057982e-03 
 6.730203e-01  4.036389e-03 
 6.734180e-01  4.015110e-03 
 6.738157e-01  3.994161e-03 
 6.742134e-01  3.973551e-03 
 6.746111e-01  3.953285e-03 
 6.750088e-01  3.933391e-03 
 6.754065e-01  3.913875e-03 
 6.758042e-01  3.894753e-03 
 6.762019e-01  3.876053e-03 
 6.765996e-01  3.857783e-03 
 6.769973e-01  3.839985e-03 
 6.773950e-01  3.822662e-03 
 6.777927e-01  3.805832e-03 
 6.781904e-01  3.789518e-03 
 6.785880e-01  3.773724e-03 
 6.789857e-01  3.758467e-03 
 6.793834e-01  3.743755e-03 
 6.797811e-01  3.729604e-03 
 6.801788e-01  3.716018e-03 
 6.805765e-01  3.703019e-03 
 6.809742e-01  3.690618e-03 
 6.813719e-01  3.678821e-03 
 6.817696e-01  3.667638e-03 
 6.821673e-01  3.657060e-03 
 6.825650e-01  3.647108e-03 
 6.829627e-01  3.637770e-03 
 6.833604e-01  3.629061e-03 
 6.837581e-01  3.620982e-03 
 6.841558e-01  3.613538e-03 
 6.845535e-01  3.606721e-03 
 6.849512e-01  3.600538e-03 
 6.853489e-01  3.594997e-03 
 6.857466e-01  3.590105e-03 
 6.861443e-01  3.585862e-03 
 6.865420e-01  3.582270e-03 
 6.869397e-01  3.579333e-03 
 6.873374e-01  3.577048e-03 
 6.877350e-01  3.575413e-03 
 6.881327e-01  3.574435e-03 
 6.885304e-01  3.574113e-03 
 6.889281e-01  3.574452e-03 
 6.893258e-01  3.575457e-03 
 6.897235e-01  3.577146e-03 
 6.901212e-01  3.579526e-03 
 6.905189e-01  3.582602e-03 
 6.909166e-01  3.586383e-03 
 6.913143e-01  3.590874e-03 
 6.917120e-01  3.596076e-03 
 6.921097e-01  3.601993e-03 
 6.925074e-01  3.608641e-03 
 6.929051e-01  3.616022e-03 
 6.933028e-01  3.624127e-03 
 6.937005e-01  3.632953e-03 
 6.940982e-01  3.642502e-03 
 6.944959e-01  3.652767e-03 
 6.948936e-01  3.663728e-03 
 6.952913e-01  3.675366e-03 
 6.956890e-01  3.687667e-03 
 6.960867e-01  3.700616e-03 
 6.964844e-01  3.714198e-03 
 6.968820e-01  3.728400e-03 
 6.972797e-01  3.743203e-03 
 6.976774e-01  3.758585e-03 
 6.980751e-01  3.774530e-03 
 6.984728e-01  3.791037e-03 
 6.988705e-01  3.808102e-03 
 6.992682e-01  3.825717e-03 
 6.996659e-01  3.843871e-03 
 7.000636e-01  3.862561e-03 
 7.004613e-01  3.881782e-03 
 7.008590e-01  3.901529e-03 
 7.012567e-01  3.921795e-03 
 7.016544e-01  3.942565e-03 
 7.020521e-01  3.963831e-03 
 7.024498e-01  3.985583e-03 
 7.028475e-01  4.007817e-03 
 7.032452e-01  4.030521e-03 
 7.036429e-01  4.053680e-03 
 7.040406e-01  4.077293e-03 
 7.044383e-01  4.101342e-03 
 7.048360e-01  4.125826e-03 
 7.052337e-01  4.150729e-03 
 7.056314e-01  4.176045e-03 
 7.060290e-01  4.201752e-03 
 7.064267e-01  4.227831e-03 
 7.068244e-01  4.254256e-03 
 7.072221e-01  4.281013e-03 
 7.076198e-01  4.308079e-03 
 7.080175e-01  4.335428e-03 
 7.084152e-01  4.363033e-03 
 7.088129e-01  4.390878e-03 
 7.092106e-01  4.418921e-03 
 7.096083e-01  4.447145e-03 
 7.100060e-01  4.475508e-03 
 7.104037e-01  4.503988e-03 
 7.108014e-01  4.532551e-03 
 7.111991e-01  4.561166e-03 
 7.115968e-01  4.589813e-03 
 7.119945e-01  4.618467e-03 
 7.123922e-01  4.647096e-03 
 7.127899e-01  4.675678e-03 
 7.131876e-01  4.704188e-03 
 7.135853e-01  4.732610e-03 
 7.139830e-01  4.760911e-03 
 7.143807e-01  4.789088e-03 
 7.147784e-01  4.817124e-03 
 7.151760e-01  4.844997e-03 
 7.155737e-01  4.872689e-03 
 7.159714e-01  4.900188e-03 
 7.163691e-01  4.927473e-03 
 7.167668e-01  4.954533e-03 
 7.171645e-01  4.981358e-03 
 7.175622e-01  5.007939e-03 
 7.179599e-01  5.034275e-03 
 7.183576e-01  5.060359e-03 
 7.187553e-01  5.086187e-03 
 7.191530e-01  5.111752e-03 
 7.195507e-01  5.137037e-03 
 7.199484e-01  5.162027e-03 
 7.203461e-01  5.186716e-03 
 7.207438e-01  5.211084e-03 
 7.211415e-01  5.235115e-03 
 7.215392e-01  5.258789e-03 
 7.219369e-01  5.282076e-03 
 7.223346e-01  5.304973e-03 
 7.227323e-01  5.327449e-03 
 7.231300e-01  5.349483e-03 
 7.235277e-01  5.371048e-03 
 7.239254e-01  5.392112e-03 
 7.243230e-01  5.412654e-03 
 7.247207e-01  5.432657e-03 
 7.251184e-01  5.452098e-03 
 7.255161e-01  5.470962e-03 
 7.259138e-01  5.489240e-03 
 7.263115e-01  5.506909e-03 
 7.267092e-01  5.523963e-03 
 7.271069e-01  5.540396e-03 
 7.275046e-01  5.556206e-03 
 7.279023e-01  5.571369e-03 
 7.283000e-01  5.585895e-03 
 7.286977e-01  5.599753e-03 
 7.290954e-01  5.612931e-03 
 7.294931e-01  5.625415e-03 
 7.298908e-01  5.637194e-03 
 7.302885e-01  5.648247e-03 
 7.306862e-01  5.658572e-03 
 7.310839e-01  5.668165e-03 
 7.314816e-01  5.677035e-03 
 7.318793e-01  5.685175e-03 
 7.322770e-01  5.692600e-03 
 7.326747e-01  5.699313e-03 
 7.330724e-01  5.705321e-03 
 7.334700e-01  5.710631e-03 
 7.338677e-01  5.715259e-03 
 7.342654e-01  5.719203e-03 
 7.346631e-01  5.722471e-03 
 7.350608e-01  5.725062e-03 
 7.354585e-01  5.726974e-03 
 7.358562e-01  5.728215e-03 
 7.362539e-01  5.728783e-03 
 7.366516e-01  5.728675e-03 
 7.370493e-01  5.727887e-03 
 7.374470e-01  5.726423e-03 
 7.378447e-01  5.724278e-03 
 7.382424e-01  5.721454e-03 
 7.386401e-01  5.717954e-03 
 7.390378e-01  5.713778e-03 
 7.394355e-01  5.708924e-03 
 7.398332e-01  5.703398e-03 
 7.402309e-01  5.697213e-03 
 7.406286e-01  5.690369e-03 
 7.410263e-01  5.682880e-03 
 7.414240e-01  5.674750e-03 
 7.418217e-01  5.665991e-03 
 7.422194e-01  5.656617e-03 
 7.426170e-01  5.646622e-03 
 7.430147e-01  5.636021e-03 
 7.434124e-01  5.624829e-03 
 7.438101e-01  5.613060e-03 
 7.442078e-01  5.600725e-03 
 7.446055e-01  5.587844e-03 
 7.450032e-01  5.574431e-03 
 7.454009e-01  5.560489e-03 
 7.457986e-01  5.546040e-03 
 7.461963e-01  5.531106e-03 
 7.465940e-01  5.515688e-03 
 7.469917e-01  5.499795e-03 
 7.473894e-01  5.483430e-03 
 7.477871e-01  5.466600e-03 
 7.481848e-01  5.449306e-03 
 7.485825e-01  5.431550e-03 
 7.489802e-01  5.413324e-03 
 7.493779e-01  5.394632e-03 
 7.497756e-01  5.375475e-03 
 7.501733e-01  5.355867e-03 
 7.505710e-01  5.335817e-03 
 7.509687e-01  5.315326e-03 
 7.513663e-01  5.294409e-03 
 7.517640e-01  5.273066e-03 
 7.521617e-01  5.251321e-03 
 7.525594e-01  5.229189e-03 
 7.529571e-01  5.206680e-03 
 7.533548e-01  5.183822e-03 
 7.537525e-01  5.160627e-03 
 7.541502e-01  5.137114e-03 
 7.545479e-01  5.113299e-03 
 7.549456e-01  5.089200e-03 
 7.553433e-01  5.064833e-03 
 7.557410e-01  5.040211e-03 
 7.561387e-01  5.015359e-03 
 7.565364e-01  4.990295e-03 
 7.569341e-01  4.965034e-03 
 7.573318e-01  4.939578e-03 
 7.577295e-01  4.913955e-03 
 7.581272e-01  4.888183e-03 
 7.585249e-01  4.862280e-03 
 7.589226e-01  4.836273e-03 
 7.593203e-01  4.810186e-03 
 7.597180e-01  4.784054e-03 
 7.601157e-01  4.757896e-03 
 7.605133e-01  4.731733e-03 
 7.609110e-01  4.705583e-03 
 7.613087e-01  4.679463e-03 
 7.617064e-01  4.653378e-03 
 7.621041e-01  4.627338e-03 
 7.625018e-01  4.601355e-03 
 7.628995e-01  4.575432e-03 
 7.632972e-01  4.549565e-03 
 7.636949e-01  4.523751e-03 
 7.640926e-01  4.497997e-03 
 7.644903e-01  4.472297e-03 
 7.648880e-01  4.446663e-03 
 7.652857e-01  4.421093e-03 
 7.656834e-01  4.395603e-03 
 7.660811e-01  4.370204e-03 
 7.664788e-01  4.344905e-03 
 7.668765e-01  4.319730e-03 
 7.672742e-01  4.294682e-03 
 7.676719e-01  4.269778e-03 
 7.680696e-01  4.245031e-03 
 7.684673e-01  4.220463e-03 
 7.688650e-01  4.196098e-03 
 7.692627e-01  4.171949e-03 
 7.696603e-01  4.148036e-03 
 7.700580e-01  4.124386e-03 
 7.704557e-01  4.101017e-03 
 7.708534e-01  4.077944e-03 
 7.712511e-01  4.055194e-03 
 7.716488e-01  4.032779e-03 
 7.720465e-01  4.010726e-03 
 7.724442e-01  3.989054e-03 
 7.728419e-01  3.967792e-03 
 7.732396e-01  3.946953e-03 
 7.736373e-01  3.926557e-03 
 7.740350e-01  3.906621e-03 
 7.744327e-01  3.887165e-03 
 7.748304e-01  3.868202e-03 
 7.752281e-01  3.849741e-03 
 7.756258e-01  3.831802e-03 
 7.760235e-01  3.814376e-03 
 7.764212e-01  3.797486e-03 
 7.768189e-01  3.781126e-03 
 7.772166e-01  3.765315e-03 
 7.776143e-01  3.750056e-03 
 7.780120e-01  3.735355e-03 
 7.784097e-01  3.721222e-03 
 7.788073e-01  3.707670e-03 
 7.792050e-01  3.694705e-03 
 7.796027e-01  3.682329e-03 
 7.800004e-01  3.670557e-03 
 7.803981e-01  3.659384e-03 
 7.807958e-01  3.648812e-03 
 7.811935e-01  3.638848e-03 
 7.815912e-01  3.629493e-03 
 7.819889e-01  3.620752e-03 
 7.823866e-01  3.612628e-03 
 7.827843e-01  3.605129e-03 
 7.831820e-01  3.598260e-03 
 7.835797e-01  3.592025e-03 
 7.839774e-01  3.586438e-03 
 7.843751e-01  3.581503e-03 
 7.847728e-01  3.577231e-03 
 7.851705e-01  3.573629e-03 
 7.855682e-01  3.570713e-03 
 7.859659e-01  3.568493e-03 
 7.863636e-01  3.566979e-03 
 7.867613e-01  3.566184e-03 
 7.871590e-01  3.566118e-03 
 7.875567e-01  3.566789e-03 
 7.879543e-01  3.568215e-03 
 7.883520e-01  3.570392e-03 
 7.887497e-01  3.573325e-03 
 7.891474e-01  3.577007e-03 
 7.895451e-01  3.581431e-03 
 7.899428e-01  3.586582e-03 
 7.903405e-01  3.592451e-03 
 7.907382e-01  3.599028e-03 
 7.911359e-01  3.606304e-03 
 7.915336e-01  3.614267e-03 
 7.919313e-01  3.622905e-03 
 7.923290e-01  3.632206e-03 
 7.927267e-01  3.642164e-03 
 7.931244e-01  3.652770e-03 
 7.935221e-01  3.664019e-03 
 7.939198e-01  3.675912e-03 
 7.943175e-01  3.688451e-03 
 7.947152e-01  3.701633e-03 
 7.951129e-01  3.715461e-03 
 7.955106e-01  3.729937e-03 
 7.959083e-01  3.745056e-03 
 7.963060e-01  3.760817e-03 
 7.967037e-01  3.777202e-03 
 7.971013e-01  3.794216e-03 
 7.974990e-01  3.811859e-03 
 7.978967e-01  3.830115e-03 
 7.982944e-01  3.848976e-03 
 7.986921e-01  3.868434e-03 
 7.990898e-01  3.888476e-03 
 7.994875e-01  3.909083e-03 
 7.998852e-01  3.930247e-03 
 8.002829e-01  3.951962e-03 
 8.006806e-01  3.974217e-03 
 8.010783e-01  3.996994e-03 
 8.014760e-01  4.020280e-03 
 8.018737e-01  4.044061e-03 
 8.022714e-01  4.068315e-03 
 8.026691e-01  4.093008e-03 
 8.030668e-01  4.118120e-03 
 8.034645e-01  4.143622e-03 
 8.038622e-01  4.169486e-03 
 8.042599e-01  4.195682e-03 
 8.046576e-01  4.222191e-03 
 8.050553e-01  4.248976e-03 
 8.054530e-01  4.276013e-03 
 8.058507e-01  4.303265e-03 
 8.062483e-01  4.330714e-03 
 8.066460e-01  4.358336e-03 
 8.070437e-01  4.386102e-03 
 8.074414e-01  4.413988e-03 
 8.078391e-01  4.441975e-03 
 8.082368e-01  4.470039e-03 
 8.086345e-01  4.498150e-03 
 8.090322e-01  4.526291e-03 
 8.094299e-01  4.554442e-03 
 8.098276e-01  4.582576e-03 
 8.102253e-01  4.610683e-03 
 8.106230e-01  4.638751e-03 
 8.110207e-01  4.666774e-03 
 8.114184e-01  4.694736e-03 
 8.118161e-01  4.722633e-03 
 8.122138e-01  4.750455e-03 
 8.126115e-01  4.778197e-03 
 8.130092e-01  4.805854e-03 
 8.134069e-01  4.833421e-03 
 8.138046e-01  4.860893e-03 
 8.142023e-01  4.888252e-03 
 8.146000e-01  4.915492e-03 
 8.149977e-01  4.942602e-03 
 8.153953e-01  4.969562e-03 
 8.157930e-01  4.996351e-03 
 8.161907e-01  5.022954e-03 
 8.165884e-01  5.049343e-03 
 8.169861e-01  5.075491e-03 
 8.173838e-01  5.101368e-03 
 8.177815e-01  5.126946e-03 
 8.181792e-01  5.152191e-03 
 8.185769e-01  5.177079e-03 
 8.189746e-01  5.201576e-03 
 8.193723e-01  5.225665e-03 
 8.197700e-01  5.249316e-03 
 8.201677e-01  5.272505e-03 
 8.205654e-01  5.295217e-03 
 8.209631e-01  5.317439e-03 
 8.213608e-01  5.339142e-03 
 8.217585e-01  5.360321e-03 
 8.221562e-01  5.380965e-03 
 8.225539e-01  5.401058e-03 
 8.229516e-01  5.420578e-03 
 8.233493e-01  5.439524e-03 
 8.237470e-01  5.457873e-03 
 8.241446e-01  5.475609e-03 
 8.245423e-01  5.492729e-03 
 8.249400e-01  5.509213e-03 
 8.253377e-01  5.525049e-03 
 8.257354e-01  5.540234e-03 
 8.261331e-01  5.554780e-03 
 8.265308e-01  5.568670e-03 
 8.269285e-01  5.581909e-03 
 8.273262e-01  5.594501e-03 
 8.277239e-01  5.606444e-03 
 8.281216e-01  5.617753e-03 
 8.285193e-01  5.628440e-03 
 8.289170e-01  5.638511e-03 
 8.293147e-01  5.647978e-03 
 8.297124e-01  5.656841e-03 
 8.301101e-01  5.665112e-03 
 8.305078e-01  5.672794e-03 
 8.309055e-01  5.679873e-03 
 8.313032e-01  5.686353e-03 
 8.317009e-01  5.692223e-03 
 8.320986e-01  5.697471e-03 
 8.324963e-01  5.702092e-03 
 8.328940e-01  5.706073e-03 
 8.332916e-01  5.709410e-03 
 8.336893e-01  5.712096e-03 
 8.340870e-01  5.714118e-03 
 8.344847e-01  5.715480e-03 
 8.348824e-01  5.716176e-03 
 8.352801e-01  5.716207e-03 
 8.356778e-01  5.715567e-03 
 8.360755e-01  5.714258e-03 
 8.364732e-01  5.712277e-03 
 8.368709e-01  5.709626e-03 
 8.372686e-01  5.706307e-03 
 8.376663e-01  5.702325e-03 
 8.380640e-01  5.697679e-03 
 8.384617e-01  5.692383e-03 
 8.388594e-01  5.686440e-03 
 8.392571e-01  5.679858e-03 
 8.396548e-01  5.672656e-03 
 8.400525e-01  5.664839e-03 
 8.404502e-01  5.656412e-03 
 8.408479e-01  5.647389e-03 
 8.412456e-01  5.637766e-03 
 8.416433e-01  5.627555e-03 
 8.420410e-01  5.616769e-03 
 8.424386e-01  5.605419e-03 
 8.428363e-01  5.593505e-03 
 8.432340e-01  5.581034e-03 
 8.436317e-01  5.568022e-03 
 8.440294e-01  5.554467e-03 
 8.444271e-01  5.540373e-03 
 8.448248e-01  5.525741e-03 
 8.452225e-01  5.510577e-03 
 8.456202e-01  5.494888e-03 
 8.460179e-01  5.478686e-03 
 8.464156e-01  5.461979e-03 
 8.468133e-01  5.444776e-03 
 8.472110e-01  5.427096e-03 
 8.476087e-01  5.408949e-03 
 8.480064e-01  5.390356e-03 
 8.484041e-01  5.371330e-03 
 8.488018e-01  5.351880e-03 
 8.491995e-01  5.332022e-03 
 8.495972e-01  5.311769e-03 
 8.499949e-01  5.291144e-03 
 8.503926e-01  5.270157e-03 
 8.507903e-01  5.248813e-03 
 8.511880e-01  5.227122e-03 
 8.515856e-01  5.205091e-03 
 8.519833e-01  5.182732e-03 
 8.523810e-01  5.160057e-03 
 8.527787e-01  5.137075e-03 
 8.531764e-01  5.113788e-03 
 8.535741e-01  5.090226e-03 
 8.539718e-01  5.066409e-03 
 8.543695e-01  5.042354e-03 
 8.547672e-01  5.018085e-03 
 8.551649e-01  4.993621e-03 
 8.555626e-01  4.968976e-03 
 8.559603e-01  4.944169e-03 
 8.563580e-01  4.919217e-03 
 8.567557e-01  4.894139e-03 
 8.571534e-01  4.868940e-03 
 8.575511e-01  4.843629e-03 
 8.579488e-01  4.818205e-03 
 8.583465e-01  4.792679e-03 
 8.587442e-01  4.767052e-03 
 8.591419e-01  4.741312e-03 
 8.595396e-01  4.715462e-03 
 8.599373e-01  4.689501e-03 
 8.603350e-01  4.663426e-03 
 8.607326e-01  4.637248e-03 
 8.611303e-01  4.610979e-03 
 8.615280e-01  4.584624e-03 
 8.619257e-01  4.558192e-03 
 8.623234e-01  4.531708e-03 
 8.627211e-01  4.505191e-03 
 8.631188e-01  4.478661e-03 
 8.635165e-01  4.452136e-03 
 8.639142e-01  4.425637e-03 
 8.643119e-01  4.399178e-03 
 8.647096e-01  4.372776e-03 
 8.651073e-01  4.346453e-03 
 8.655050e-01  4.320227e-03 
 8.659027e-01  4.294125e-03 
 8.663004e-01  4.268171e-03 
 8.666981e-01  4.242387e-03 
 8.670958e-01  4.216800e-03 
 8.674935e-01  4.191444e-03 
 8.678912e-01  4.166342e-03 
 8.682889e-01  4.141524e-03 
 8.686866e-01  4.117020e-03 
 8.690843e-01  4.092848e-03 
 8.694820e-01  4.069025e-03 
 8.698796e-01  4.045593e-03 
 8.702773e-01  4.022567e-03 
 8.706750e-01  3.999960e-03 
 8.710727e-01  3.977791e-03 
 8.714704e-01  3.956067e-03 
 8.718681e-01  3.934793e-03 
 8.722658e-01  3.913994e-03 
 8.726635e-01  3.893683e-03 
 8.730612e-01  3.873861e-03 
 8.734589e-01  3.854545e-03 
 8.738566e-01  3.835734e-03 
 8.742543e-01  3.817462e-03 
 8.746520e-01  3.799723e-03 
 8.750497e-01  3.782535e-03 
 8.754474e-01  3.765897e-03 
 8.758451e-01  3.749805e-03 
 8.762428e-01  3.734269e-03 
 8.766405e-01  3.719295e-03 
 8.770382e-01  3.704888e-03 
 8.774359e-01  3.691051e-03 
 8.778336e-01  3.677786e-03 
 8.782313e-01  3.665096e-03 
 8.786290e-01  3.652989e-03 
 8.790266e-01  3.641464e-03 
 8.794243e-01  3.630530e-03 
 8.798220e-01  3.620199e-03 
 8.802197e-01  3.610481e-03 
 8.806174e-01  3.601405e-03 
 8.810151e-01  3.592983e-03 
 8.814128e-01  3.585238e-03 
 8.818105e-01  3.578197e-03 
 8.822082e-01  3.571872e-03 
 8.826059e-01  3.566290e-03 
 8.830036e-01  3.561461e-03 
 8.834013e-01  3.557397e-03 
 8.837990e-01  3.554112e-03 
 8.841967e-01  3.551604e-03 
 8.845944e-01  3.549886e-03 
 8.849921e-01  3.548956e-03 
 8.853898e-01  3.548808e-03 
 8.857875e-01  3.549444e-03 
 8.861852e-01  3.550860e-03 
 8.865829e-01  3.553047e-03 
 8.869806e-01  3.555995e-03 
 8.873783e-01  3.559699e-03 
 8.877760e-01  3.564162e-03 
 8.881736e-01  3.569366e-03 
 8.885713e-01  3.575315e-03 
 8.889690e-01  3.582007e-03 
 8.893667e-01  3.589439e-03 
 8.897644e-01  3.597619e-03 
 8.901621e-01  3.606544e-03 
 8.905598e-01  3.616212e-03 
 8.909575e-01  3.626609e-03 
 8.913552e-01  3.637725e-03 
 8.917529e-01  3.649559e-03 
 8.921506e-01  3.662096e-03 
 8.925483e-01  3.675313e-03 
 8.929460e-01  3.689201e-03 
 8.933437e-01  3.703744e-03 
 8.937414e-01  3.718937e-03 
 8.941391e-01  3.734763e-03 
 8.945368e-01  3.751212e-03 
 8.949345e-01  3.768276e-03 
 8.953322e-01  3.785931e-03 
 8.957299e-01  3.804165e-03 
 8.961276e-01  3.822981e-03 
 8.965253e-01  3.842360e-03 
 8.969229e-01  3.862278e-03 
 8.973206e-01  3.882731e-03 
 8.977183e-01  3.903699e-03 
 8.981160e-01  3.925174e-03 
 8.985137e-01  3.947146e-03 
 8.989114e-01  3.969590e-03 
 8.993091e-01  3.992494e-03 
 8.997068e-01  4.015838e-03 
 9.001045e-01  4.039602e-03 
 9.005022e-01  4.063774e-03 
 9.008999e-01  4.088328e-03 
 9.012976e-01  4.113247e-03 
 9.016953e-01  4.138514e-03 
 9.020930e-01  4.164113e-03 
 9.024907e-01  4.190024e-03 
 9.028884e-01  4.216225e-03 
 9.032861e-01  4.242689e-03 
 9.036838e-01  4.269396e-03 
 9.040815e-01  4.296314e-03 
 9.044792e-01  4.323421e-03 
 9.048769e-01  4.350701e-03 
 9.052746e-01  4.378131e-03 
 9.056723e-01  4.405697e-03 
 9.060699e-01  4.433386e-03 
 9.064676e-01  4.461180e-03 
 9.068653e-01  4.489063e-03 
 9.072630e-01  4.517015e-03 
 9.076607e-01  4.545027e-03 
 9.080584e-01  4.573089e-03 
 9.084561e-01  4.601184e-03 
 9.088538e-01  4.629303e-03 
 9.092515e-01  4.657434e-03 
 9.096492e-01  4.685559e-03 
 9.100469e-01  4.713662e-03 
 9.104446e-01  4.741716e-03 
 9.108423e-01  4.769697e-03 
 9.112400e-01  4.797579e-03 
 9.116377e-01  4.825334e-03 
 9.120354e-01  4.852944e-03 
 9.124331e-01  4.880387e-03 
 9.128308e-01  4.907628e-03 
 9.132285e-01  4.934636e-03 
 9.136262e-01  4.961386e-03 
 9.140239e-01  4.987860e-03 
 9.144216e-01  5.014029e-03 
 9.148193e-01  5.039863e-03 
 9.152169e-01  5.065341e-03 
 9.156146e-01  5.090443e-03 
 9.160123e-01  5.115160e-03 
 9.164100e-01  5.139474e-03 
 9.168077e-01  5.163373e-03 
 9.172054e-01  5.186844e-03 
 9.176031e-01  5.209874e-03 
 9.180008e-01  5.232450e-03 
 9.183985e-01  5.254569e-03 
 9.187962e-01  5.276213e-03 
 9.191939e-01  5.297365e-03 
 9.195916e-01  5.318020e-03 
 9.199893e-01  5.338174e-03 
 9.203870e-01  5.357805e-03 
 9.207847e-01  5.376901e-03 
 9.211824e-01  5.395465e-03 
 9.215801e-01  5.413490e-03 
 9.219778e-01  5.430968e-03 
 9.223755e-01  5.447917e-03 
 9.227732e-01  5.464337e-03 
 9.231709e-01  5.480217e-03 
 9.235686e-01  5.495584e-03 
 9.239663e-01  5.510447e-03 
 9.243639e-01  5.524811e-03 
 9.247616e-01  5.538683e-03 
 9.251593e-01  5.552058e-03 
 9.255570e-01  5.564944e-03 
 9.259547e-01  5.577326e-03 
 9.263524e-01  5.589204e-03 
 9.267501e-01  5.600579e-03 
 9.271478e-01  5.611426e-03 
 9.275455e-01  5.621734e-03 
 9.279432e-01  5.631494e-03 
 9.283409e-01  5.640686e-03 
 9.287386e-01  5.649302e-03 
 9.291363e-01  5.657325e-03 
 9.295340e-01  5.664743e-03 
 9.299317e-01  5.671556e-03 
 9.303294e-01  5.677751e-03 
 9.307271e-01  5.683317e-03 
 9.311248e-01  5.688256e-03 
 9.315225e-01  5.692561e-03 
 9.319202e-01  5.696220e-03 
 9.323179e-01  5.699237e-03 
 9.327156e-01  5.701603e-03 
 9.331133e-01  5.703318e-03 
 9.335109e-01  5.704387e-03 
 9.339086e-01  5.704811e-03 
 9.343063e-01  5.704589e-03 
 9.347040e-01  5.703722e-03 
 9.351017e-01  5.702210e-03 
 9.354994e-01  5.700067e-03 
 9.358971e-01  5.697297e-03 
 9.362948e-01  5.693909e-03 
 9.366925e-01  5.689903e-03 
 9.370902e-01  5.685283e-03 
 9.374879e-01  5.680058e-03 
 9.378856e-01  5.674227e-03 
 9.382833e-01  5.667795e-03 
 9.386810e-01  5.660769e-03 
 9.390787e-01  5.653143e-03 
 9.394764e-01  5.644916e-03 
 9.398741e-01  5.636104e-03 
 9.402718e-01  5.626713e-03 
 9.406695e-01  5.616743e-03 
 9.410672e-01  5.606201e-03 
 9.414649e-01  5.595103e-03 
 9.418626e-01  5.583453e-03 
 9.422603e-01  5.571258e-03 
 9.426579e-01  5.558535e-03 
 9.430556e-01  5.545283e-03 
 9.434533e-01  5.531526e-03 
 9.438510e-01  5.517264e-03 
 9.442487e-01  5.502520e-03 
 9.446464e-01  5.487298e-03 
 9.450441e-01  5.471597e-03 
 9.454418e-01  5.455435e-03 
 9.458395e-01  5.438805e-03 
 9.462372e-01  5.421711e-03 
 9.466349e-01  5.404151e-03 
 9.470326e-01  5.386118e-03 
 9.474303e-01  5.367617e-03 
 9.478280e-01  5.348660e-03 
 9.482257e-01  5.329243e-03 
 9.486234e-01  5.309374e-03 
 9.490211e-01  5.289064e-03 
 9.494188e-01  5.268310e-03 
 9.498165e-01  5.247137e-03 
 9.502142e-01  5.225558e-03 
 9.506119e-01  5.203584e-03 
 9.510096e-01  5.181233e-03 
 9.514073e-01  5.158512e-03 
 9.518049e-01  5.135432e-03 
 9.522026e-01  5.112013e-03 
 9.526003e-01  5.088259e-03 
 9.529980e-01  5.064178e-03 
 9.533957e-01  5.039772e-03 
 9.537934e-01  5.015048e-03 
 9.541911e-01  4.990006e-03 
 9.545888e-01  4.964650e-03 
 9.549865e-01  4.938992e-03 
 9.553842e-01  4.913033e-03 
 9.557819e-01  4.886780e-03 
 9.561796e-01  4.860259e-03 
 9.565773e-01  4.833481e-03 
 9.569750e-01  4.806463e-03 
 9.573727e-01  4.779236e-03 
 9.577704e-01  4.751825e-03 
 9.581681e-01  4.724253e-03 
 9.585658e-01  4.696542e-03 
 9.589635e-01  4.668717e-03 
 9.593612e-01  4.640801e-03 
 9.597589e-01  4.612818e-03 
 9.601566e-01  4.584796e-03 
 9.605543e-01  4.556754e-03 
 9.609519e-01  4.528720e-03 
 9.613496e-01  4.500719e-03 
 9.617473e-01  4.472778e-03 
 9.621450e-01  4.444924e-03 
 9.625427e-01  4.417179e-03 
 9.629404e-01  4.389565e-03 
 9.633381e-01  4.362108e-03 
 9.637358e-01  4.334831e-03 
 9.641335e-01  4.307774e-03 
 9.645312e-01  4.280941e-03 
 9.649289e-01  4.254358e-03 
 9.653266e-01  4.228048e-03 
 9.657243e-01  4.202015e-03 
 9.661220e-01  4.176282e-03 
 9.665197e-01  4.150859e-03 
 9.669174e-01  4.125749e-03 
 9.673151e-01  4.100971e-03 
 9.677128e-01  4.076538e-03 
 9.681105e-01  4.052468e-03 
 9.685082e-01  4.028781e-03 
 9.689059e-01  4.005483e-03 
 9.693036e-01  3.982592e-03 
 9.697012e-01  3.960108e-03 
 9.700989e-01  3.938052e-03 
 9.704966e-01  3.916440e-03 
 9.708943e-01  3.895271e-03 
 9.712920e-01  3.874564e-03 
 9.716897e-01  3.854330e-03 
 9.720874e-01  3.834597e-03 
 9.724851e-01  3.815354e-03 
 9.728828e-01  3.796620e-03 
 9.732805e-01  3.778396e-03 
 9.736782e-01  3.760703e-03 
 9.740759e-01  3.743543e-03 
 9.744736e-01  3.726937e-03 
 9.748713e-01  3.710907e-03 
 9.752690e-01  3.695478e-03 
 9.756667e-01  3.680677e-03 
 9.760644e-01  3.666539e-03 
 9.764621e-01  3.653076e-03 
 9.768598e-01  3.640313e-03 
 9.772575e-01  3.628273e-03 
 9.776552e-01  3.616977e-03 
 9.780529e-01  3.606447e-03 
 9.784506e-01  3.596701e-03 
 9.788482e-01  3.587751e-03 
 9.792459e-01  3.579608e-03 
 9.796436e-01  3.572282e-03 
 9.800413e-01  3.565771e-03 
 9.804390e-01  3.560077e-03 
 9.808367e-01  3.555184e-03 
 9.812344e-01  3.551089e-03 
 9.816321e-01  3.547790e-03 
 9.820298e-01  3.545271e-03 
 9.824275e-01  3.543530e-03 
 9.828252e-01  3.542558e-03 
 9.832229e-01  3.542352e-03 
 9.836206e-01  3.542912e-03 
 9.840183e-01  3.544230e-03 
 9.844160e-01  3.546309e-03 
 9.848137e-01  3.549144e-03 
 9.852114e-01  3.552732e-03 
 9.856091e-01  3.557074e-03 
 9.860068e-01  3.562172e-03 
 9.864045e-01  3.568018e-03 
 9.868022e-01  3.574601e-03 
 9.871999e-01  3.581912e-03 
 9.875976e-01  3.589948e-03 
 9.879952e-01  3.598703e-03 
 9.883929e-01  3.608162e-03 
 9.887906e-01  3.618302e-03 
 9.891883e-01  3.629117e-03 
 9.895860e-01  3.640601e-03 
 9.899837e-01  3.652742e-03 
 9.903814e-01  3.665533e-03 
 9.907791e-01  3.678961e-03 
 9.911768e-01  3.693021e-03 
 9.915745e-01  3.707709e-03 
 9.919722e-01  3.723012e-03 
 9.923699e-01  3.738936e-03 
 9.927676e-01  3.755469e-03 
 9.931653e-01  3.772583e-03 
 9.935630e-01  3.790285e-03 
 9.939607e-01  3.808551e-03 
 9.943584e-01  3.827370e-03 
 9.947561e-01  3.846723e-03 
 9.951538e-01  3.866590e-03 
 9.955515e-01  3.886960e-03 
 9.959492e-01  3.907819e-03 
 9.963469e-01  3.929151e-03 
 9.967446e-01  3.950946e-03 
 9.971422e-01  3.973181e-03 
 9.975399e-01  3.995832e-03 
 9.979376e-01  4.018873e-03 
 9.983353e-01  4.042288e-03 
 9.987330e-01  4.066039e-03 
 9.991307e-01  4.090123e-03 
 9.995284e-01  4.114507e-03 
 9.999261e-01  4.139177e-03 
 1.000324e+00  4.164116e-03 
 1.000722e+00  4.189296e-03 
 1.001119e+00  4.214701e-03 
 1.001517e+00  4.240314e-03 
 1.001915e+00  4.266115e-03 
 1.002312e+00  4.292092e-03 
 1.002710e+00  4.318230e-03 
 1.003108e+00  4.344521e-03 
 1.003505e+00  4.370957e-03 
 1.003903e+00  4.397528e-03 
 1.004301e+00  4.424221e-03 
 1.004698e+00  4.451016e-03 
 1.005096e+00  4.477897e-03 
 1.005494e+00  4.504845e-03 
 1.005892e+00  4.531846e-03 
 1.006289e+00  4.558874e-03 
 1.006687e+00  4.585910e-03 
 1.007085e+00  4.612928e-03 
 1.007482e+00  4.639905e-03 
 1.007880e+00  4.666820e-03 
 1.008278e+00  4.693651e-03 
 1.008675e+00  4.720370e-03 
 1.009073e+00  4.746959e-03 
 1.009471e+00  4.773397e-03 
 1.009869e+00  4.799668e-03 
 1.010266e+00  4.825757e-03 
 1.010664e+00  4.851644e-03 
 1.011062e+00  4.877321e-03 
 1.011459e+00  4.902772e-03 
 1.011857e+00  4.927989e-03 
 1.012255e+00  4.952962e-03 
 1.012652e+00  4.977675e-03 
 1.013050e+00  5.002124e-03 
 1.013448e+00  5.026291e-03 
 1.013845e+00  5.050169e-03 
 1.014243e+00  5.073746e-03 
 1.014641e+00  5.097014e-03 
 1.015039e+00  5.119954e-03 
 1.015436e+00  5.142561e-03 
 1.015834e+00  5.164822e-03 
 1.016232e+00  5.186731e-03 
 1.016629e+00  5.208277e-03 
 1.017027e+00  5.229459e-03 
 1.017425e+00  5.250267e-03 
 1.017822e+00  5.270711e-03 
 1.018220e+00  5.290786e-03 
 1.018618e+00  5.310498e-03 
 1.019016e+00  5.329854e-03 
 1.019413e+00  5.348854e-03 
 1.019811e+00  5.367497e-03 
 1.020209e+00  5.385787e-03 
 1.020606e+00  5.403721e-03 
 1.021004e+00  5.421282e-03 
 1.021402e+00  5.438464e-03 
 1.021799e+00  5.455245e-03 
 1.022197e+00  5.471612e-03 
 1.022595e+00  5.487546e-03 
 1.022992e+00  5.503029e-03 
 1.023390e+00  5.518046e-03 
 1.023788e+00  5.532582e-03 
 1.024186e+00  5.546620e-03 
 1.024583e+00  5.560144e-03 
 1.024981e+00  5.573127e-03 
 1.025379e+00  5.585559e-03 
 1.025776e+00  5.597424e-03 
 1.026174e+00  5.608700e-03 
 1.026572e+00  5.619376e-03 
 1.026969e+00  5.629446e-03 
 1.027367e+00  5.638907e-03 
 1.027765e+00  5.647748e-03 
 1.028163e+00  5.655960e-03 
 1.028560e+00  5.663544e-03 
 1.028958e+00  5.670488e-03 
 1.029356e+00  5.676794e-03 
 1.029753e+00  5.682467e-03 
 1.030151e+00  5.687503e-03 
 1.030549e+00  5.691900e-03 
 1.030946e+00  5.695667e-03 
 1.031344e+00  5.698807e-03 
 1.031742e+00  5.701330e-03 
 1.032139e+00  5.703234e-03 
 1.032537e+00  5.704512e-03 
 1.032935e+00  5.705164e-03 
 1.033333e+00  5.705193e-03 
 1.033730e+00  5.704600e-03 
 1.034128e+00  5.703386e-03 
 1.034526e+00  5.701561e-03 
 1.034923e+00  5.699116e-03 
 1.035321e+00  5.696056e-03 
 1.035719e+00  5.692384e-03 
 1.036116e+00  5.688098e-03 
 1.036514e+00  5.683197e-03 
 1.036912e+00  5.677681e-03 
 1.037310e+00  5.671566e-03 
 1.037707e+00  5.664854e-03 
 1.038105e+00  5.657552e-03 
 1.038503e+00  5.649664e-03 
 1.038900e+00  5.641196e-03 
 1.039298e+00  5.632152e-03 
 1.039696e+00  5.622528e-03 
 1.040093e+00  5.612318e-03 
 1.040491e+00  5.601522e-03 
 1.040889e+00  5.590126e-03 
 1.041286e+00  5.578129e-03 
 1.041684e+00  5.565529e-03 
 1.042082e+00  5.552326e-03 
 1.042480e+00  5.538508e-03 
 1.042877e+00  5.524062e-03 
 1.043275e+00  5.508990e-03 
 1.043673e+00  5.493296e-03 
 1.044070e+00  5.476976e-03 
 1.044468e+00  5.460038e-03 
 1.044866e+00  5.442480e-03 
 1.045263e+00  5.424323e-03 
 1.045661e+00  5.405578e-03 
 1.046059e+00  5.386267e-03 
 1.046457e+00  5.366397e-03 
 1.046854e+00  5.345988e-03 
 1.047252e+00  5.325060e-03 
 1.047650e+00  5.303627e-03 
 1.048047e+00  5.281711e-03 
 1.048445e+00  5.259319e-03 
 1.048843e+00  5.236457e-03 
 1.049240e+00  5.213137e-03 
 1.049638e+00  5.189363e-03 
 1.050036e+00  5.165139e-03 
 1.050433e+00  5.140484e-03 
 1.050831e+00  5.115411e-03 
 1.051229e+00  5.089939e-03 
 1.051627e+00  5.064097e-03 
 1.052024e+00  5.037908e-03 
 1.052422e+00  5.011393e-03 
 1.052820e+00  4.984573e-03 
 1.053217e+00  4.957471e-03 
 1.053615e+00  4.930117e-03 
 1.054013e+00  4.902531e-03 
 1.054410e+00  4.874736e-03 
 1.054808e+00  4.846756e-03 
 1.055206e+00  4.818623e-03 
 1.055604e+00  4.790356e-03 
 1.056001e+00  4.761983e-03 
 1.056399e+00  4.733515e-03 
 1.056797e+00  4.704969e-03 
 1.057194e+00  4.676369e-03 
 1.057592e+00  4.647727e-03 
 1.057990e+00  4.619071e-03 
 1.058387e+00  4.590423e-03 
 1.058785e+00  4.561791e-03 
 1.059183e+00  4.533199e-03 
 1.059580e+00  4.504667e-03 
 1.059978e+00  4.476216e-03 
 1.060376e+00  4.447869e-03 
 1.060774e+00  4.419634e-03 
 1.061171e+00  4.391529e-03 
 1.061569e+00  4.363576e-03 
 1.061967e+00  4.335787e-03 
 1.062364e+00  4.308184e-03 
 1.062762e+00  4.280792e-03 
 1.063160e+00  4.253628e-03 
 1.063557e+00  4.226713e-03 
 1.063955e+00  4.200076e-03 
 1.064353e+00  4.173735e-03 
 1.064751e+00  4.147703e-03 
 1.065148e+00  4.122009e-03 
 1.065546e+00  4.096672e-03 
 1.065944e+00  4.071726e-03 
 1.066341e+00  4.047186e-03 
 1.066739e+00  4.023068e-03 
 1.067137e+00  3.999403e-03 
 1.067534e+00  3.976196e-03 
 1.067932e+00  3.953468e-03 
 1.068330e+00  3.931212e-03 
 1.068727e+00  3.909446e-03 
 1.069125e+00  3.888197e-03 
 1.069523e+00  3.867486e-03 
 1.069921e+00  3.847327e-03 
 1.070318e+00  3.827744e-03 
 1.070716e+00  3.808749e-03 
 1.071114e+00  3.790370e-03 
 1.071511e+00  3.772625e-03 
 1.071909e+00  3.755523e-03 
 1.072307e+00  3.739086e-03 
 1.072704e+00  3.723342e-03 
 1.073102e+00  3.708297e-03 
 1.073500e+00  3.693983e-03 
 1.073898e+00  3.680406e-03 
 1.074295e+00  3.667570e-03 
 1.074693e+00  3.655476e-03 
 1.075091e+00  3.644126e-03 
 1.075488e+00  3.633522e-03 
 1.075886e+00  3.623654e-03 
 1.076284e+00  3.614520e-03 
 1.076681e+00  3.606112e-03 
 1.077079e+00  3.598426e-03 
 1.077477e+00  3.591452e-03 
 1.077874e+00  3.585194e-03 
 1.078272e+00  3.579646e-03 
 1.078670e+00  3.574807e-03 
 1.079068e+00  3.570692e-03 
 1.079465e+00  3.567300e-03 
 1.079863e+00  3.564639e-03 
 1.080261e+00  3.562713e-03 
 1.080658e+00  3.561522e-03 
 1.081056e+00  3.561069e-03 
 1.081454e+00  3.561355e-03 
 1.081851e+00  3.562375e-03 
 1.082249e+00  3.564122e-03 
 1.082647e+00  3.566591e-03 
 1.083045e+00  3.569773e-03 
 1.083442e+00  3.573667e-03 
 1.083840e+00  3.578262e-03 
 1.084238e+00  3.583540e-03 
 1.084635e+00  3.589482e-03 
 1.085033e+00  3.596080e-03 
 1.085431e+00  3.603339e-03 
 1.085828e+00  3.611251e-03 
 1.086226e+00  3.619799e-03 
 1.086624e+00  3.628981e-03 
 1.087021e+00  3.638789e-03 
 1.087419e+00  3.649217e-03 
 1.087817e+00  3.660257e-03 
 1.088215e+00  3.671900e-03 
 1.088612e+00  3.684133e-03 
 1.089010e+00  3.696944e-03 
 1.089408e+00  3.710325e-03 
 1.089805e+00  3.724279e-03 
 1.090203e+00  3.738793e-03 
 1.090601e+00  3.753853e-03 
 1.090998e+00  3.769455e-03 
 1.091396e+00  3.785581e-03 
 1.091794e+00  3.802224e-03 
 1.092192e+00  3.819370e-03 
 1.092589e+00  3.837007e-03 
 1.092987e+00  3.855129e-03 
 1.093385e+00  3.873731e-03 
 1.093782e+00  3.892792e-03 
 1.094180e+00  3.912298e-03 
 1.094578e+00  3.932232e-03 
 1.094975e+00  3.952578e-03 
 1.095373e+00  3.973318e-03 
 1.095771e+00  3.994434e-03 
 1.096168e+00  4.015903e-03 
 1.096566e+00  4.037717e-03 
 1.096964e+00  4.059860e-03 
 1.097362e+00  4.082329e-03 
 1.097759e+00  4.105118e-03 
 1.098157e+00  4.128210e-03 
 1.098555e+00  4.151601e-03 
 1.098952e+00  4.175275e-03 
 1.099350e+00  4.199224e-03 
 1.099748e+00  4.223441e-03 
 1.100145e+00  4.247902e-03 
 1.100543e+00  4.272590e-03 
 1.100941e+00  4.297479e-03 
 1.101339e+00  4.322551e-03 
 1.101736e+00  4.347791e-03 
 1.102134e+00  4.373168e-03 
 1.102532e+00  4.398662e-03 
 1.102929e+00  4.424245e-03 
 1.103327e+00  4.449896e-03 
 1.103725e+00  4.475593e-03 
 1.104122e+00  4.501320e-03 
 1.104520e+00  4.527058e-03 
 1.104918e+00  4.552792e-03 
 1.105315e+00  4.578509e-03 
 1.105713e+00  4.604197e-03 
 1.106111e+00  4.629851e-03 
 1.106509e+00  4.655470e-03 
 1.106906e+00  4.681039e-03 
 1.107304e+00  4.706555e-03 
 1.107702e+00  4.732016e-03 
 1.108099e+00  4.757417e-03 
 1.108497e+00  4.782744e-03 
 1.108895e+00  4.807986e-03 
 1.109292e+00  4.833136e-03 
 1.109690e+00  4.858183e-03 
 1.110088e+00  4.883106e-03 
 1.110486e+00  4.907896e-03 
 1.110883e+00  4.932547e-03 
 1.111281e+00  4.957048e-03 
 1.111679e+00  4.981396e-03 
 1.112076e+00  5.005583e-03 
 1.112474e+00  5.029597e-03 
 1.112872e+00  5.053433e-03 
 1.113269e+00  5.077080e-03 
 1.113667e+00  5.100529e-03 
 1.114065e+00  5.123780e-03 
 1.114462e+00  5.146825e-03 
 1.114860e+00  5.169652e-03 
 1.115258e+00  5.192255e-03 
 1.115656e+00  5.214615e-03 
 1.116053e+00  5.236714e-03 
 1.116451e+00  5.258536e-03 
 1.116849e+00  5.280059e-03 
 1.117246e+00  5.301266e-03 
 1.117644e+00  5.322145e-03 
 1.118042e+00  5.342662e-03 
 1.118439e+00  5.362811e-03 
 1.118837e+00  5.382562e-03 
 1.119235e+00  5.401886e-03 
 1.119633e+00  5.420757e-03 
 1.120030e+00  5.439158e-03 
 1.120428e+00  5.457057e-03 
 1.120826e+00  5.474459e-03 
 1.121223e+00  5.491341e-03 
 1.121621e+00  5.507706e-03 
 1.122019e+00  5.523535e-03 
 1.122416e+00  5.538816e-03 
 1.122814e+00  5.553529e-03 
 1.123212e+00  5.567667e-03 
 1.123609e+00  5.581225e-03 
 1.124007e+00  5.594192e-03 
 1.124405e+00  5.606571e-03 
 1.124803e+00  5.618359e-03 
 1.125200e+00  5.629567e-03 
 1.125598e+00  5.640192e-03 
 1.125996e+00  5.650247e-03 
 1.126393e+00  5.659709e-03 
 1.126791e+00  5.668587e-03 
 1.127189e+00  5.676875e-03 
 1.127586e+00  5.684560e-03 
 1.127984e+00  5.691642e-03 
 1.128382e+00  5.698111e-03 
 1.128780e+00  5.703964e-03 
 1.129177e+00  5.709195e-03 
 1.129575e+00  5.713801e-03 
 1.129973e+00  5.717770e-03 
 1.130370e+00  5.721088e-03 
 1.130768e+00  5.723750e-03 
 1.131166e+00  5.725748e-03 
 1.131563e+00  5.727088e-03 
 1.131961e+00  5.727766e-03 
 1.132359e+00  5.727773e-03 
 1.132756e+00  5.727117e-03 
 1.133154e+00  5.725790e-03 
 1.133552e+00  5.723793e-03 
 1.133950e+00  5.721118e-03 
 1.134347e+00  5.717748e-03 
 1.134745e+00  5.713691e-03 
 1.135143e+00  5.708938e-03 
 1.135540e+00  5.703477e-03 
 1.135938e+00  5.697306e-03 
 1.136336e+00  5.690415e-03 
 1.136733e+00  5.682798e-03 
 1.137131e+00  5.674447e-03 
 1.137529e+00  5.665344e-03 
 1.137927e+00  5.655483e-03 
 1.138324e+00  5.644849e-03 
 1.138722e+00  5.633449e-03 
 1.139120e+00  5.621294e-03 
 1.139517e+00  5.608397e-03 
 1.139915e+00  5.594768e-03 
 1.140313e+00  5.580412e-03 
 1.140710e+00  5.565353e-03 
 1.141108e+00  5.549611e-03 
 1.141506e+00  5.533209e-03 
 1.141903e+00  5.516165e-03 
 1.142301e+00  5.498493e-03 
 1.142699e+00  5.480209e-03 
 1.143097e+00  5.461331e-03 
 1.143494e+00  5.441888e-03 
 1.143892e+00  5.421885e-03 
 1.144290e+00  5.401337e-03 
 1.144687e+00  5.380250e-03 
 1.145085e+00  5.358639e-03 
 1.145483e+00  5.336529e-03 
 1.145880e+00  5.313932e-03 
 1.146278e+00  5.290854e-03 
 1.146676e+00  5.267312e-03 
 1.147073e+00  5.243318e-03 
 1.147471e+00  5.218888e-03 
 1.147869e+00  5.194057e-03 
 1.148267e+00  5.168837e-03 
 1.148664e+00  5.143250e-03 
 1.149062e+00  5.117320e-03 
 1.149460e+00  5.091078e-03 
 1.149857e+00  5.064548e-03 
 1.150255e+00  5.037748e-03 
 1.150653e+00  5.010690e-03 
 1.151050e+00  4.983399e-03 
 1.151448e+00  4.955892e-03 
 1.151846e+00  4.928183e-03 
 1.152244e+00  4.900291e-03 
 1.152641e+00  4.872236e-03 
 1.153039e+00  4.844030e-03 
 1.153437e+00  4.815707e-03 
 1.153834e+00  4.787283e-03 
 1.154232e+00  4.758776e-03 
 1.154630e+00  4.730207e-03 
 1.155027e+00  4.701595e-03 
 1.155425e+00  4.672961e-03 
 1.155823e+00  4.644324e-03 
 1.156220e+00  4.615700e-03 
 1.156618e+00  4.587106e-03 
 1.157016e+00  4.558557e-03 
 1.157414e+00  4.530076e-03 
 1.157811e+00  4.501674e-03 
 1.158209e+00  4.473383e-03 
 1.158607e+00  4.445215e-03 
 1.159004e+00  4.417198e-03 
 1.159402e+00  4.389351e-03 
 1.159800e+00  4.361702e-03 
 1.160197e+00  4.334279e-03 
 1.160595e+00  4.307096e-03 
 1.160993e+00  4.280185e-03 
 1.161391e+00  4.253559e-03 
 1.161788e+00  4.227222e-03 
 1.162186e+00  4.201194e-03 
 1.162584e+00  4.175491e-03 
 1.162981e+00  4.150129e-03 
 1.163379e+00  4.125130e-03 
 1.163777e+00  4.100505e-03 
 1.164174e+00  4.076270e-03 
 1.164572e+00  4.052436e-03 
 1.164970e+00  4.029019e-03 
 1.165367e+00  4.006043e-03 
 1.165765e+00  3.983525e-03 
 1.166163e+00  3.961488e-03 
 1.166561e+00  3.939954e-03 
 1.166958e+00  3.918945e-03 
 1.167356e+00  3.898500e-03 
 1.167754e+00  3.878635e-03 
 1.168151e+00  3.859371e-03 
 1.168549e+00  3.840730e-03 
 1.168947e+00  3.822715e-03 
 1.169344e+00  3.805353e-03 
 1.169742e+00  3.788632e-03 
 1.170140e+00  3.772570e-03 
 1.170538e+00  3.757169e-03 
 1.170935e+00  3.742413e-03 
 1.171333e+00  3.728305e-03 
 1.171731e+00  3.714836e-03 
 1.172128e+00  3.702013e-03 
 1.172526e+00  3.689840e-03 
 1.172924e+00  3.678310e-03 
 1.173321e+00  3.667431e-03 
 1.173719e+00  3.657202e-03 
 1.174117e+00  3.647627e-03 
 1.174514e+00  3.638701e-03 
 1.174912e+00  3.630437e-03 
 1.175310e+00  3.622832e-03 
 1.175708e+00  3.615885e-03 
 1.176105e+00  3.609599e-03 
 1.176503e+00  3.603980e-03 
 1.176901e+00  3.599031e-03 
 1.177298e+00  3.594751e-03 
 1.177696e+00  3.591131e-03 
 1.178094e+00  3.588164e-03 
 1.178491e+00  3.585844e-03 
 1.178889e+00  3.584167e-03 
 1.179287e+00  3.583122e-03 
 1.179685e+00  3.582706e-03 
 1.180082e+00  3.582916e-03 
 1.180480e+00  3.583752e-03 
 1.180878e+00  3.585219e-03 
 1.181275e+00  3.587316e-03 
 1.181673e+00  3.590046e-03 
 1.182071e+00  3.593408e-03 
 1.182468e+00  3.597402e-03 
 1.182866e+00  3.602028e-03 
 1.183264e+00  3.607295e-03 
 1.183661e+00  3.613198e-03 
 1.184059e+00  3.619739e-03 
 1.184457e+00  3.626914e-03 
 1.184855e+00  3.634727e-03 
 1.185252e+00  3.643180e-03 
 1.185650e+00  3.652264e-03 
 1.186048e+00  3.661966e-03 
 1.186445e+00  3.672287e-03 
 1.186843e+00  3.683224e-03 
 1.187241e+00  3.694774e-03 
 1.187638e+00  3.706933e-03 
 1.188036e+00  3.719690e-03 
 1.188434e+00  3.733035e-03 
 1.188832e+00  3.746947e-03 
 1.189229e+00  3.761410e-03 
 1.189627e+00  3.776398e-03 
 1.190025e+00  3.791897e-03 
 1.190422e+00  3.807884e-03 
 1.190820e+00  3.824336e-03 
 1.191218e+00  3.841252e-03 
 1.191615e+00  3.858613e-03 
 1.192013e+00  3.876400e-03 
 1.192411e+00  3.894601e-03 
 1.192808e+00  3.913198e-03 
 1.193206e+00  3.932183e-03 
 1.193604e+00  3.951550e-03 
 1.194002e+00  3.971293e-03 
 1.194399e+00  3.991408e-03 
 1.194797e+00  4.011897e-03 
 1.195195e+00  4.032751e-03 
 1.195592e+00  4.053970e-03 
 1.195990e+00  4.075542e-03 
 1.196388e+00  4.097449e-03 
 1.196785e+00  4.119674e-03 
 1.197183e+00  4.142205e-03 
 1.197581e+00  4.165021e-03 
 1.197979e+00  4.188104e-03 
 1.198376e+00  4.211438e-03 
 1.198774e+00  4.235009e-03 
 1.199172e+00  4.258811e-03 
 1.199569e+00  4.282830e-03 
 1.199967e+00  4.307053e-03 
 1.200365e+00  4.331479e-03 
 1.200762e+00  4.356103e-03 
 1.201160e+00  4.380920e-03 
 1.201558e+00  4.405927e-03 
 1.201955e+00  4.431127e-03 
 1.202353e+00  4.456504e-03 
 1.202751e+00  4.482052e-03 
 1.203149e+00  4.507761e-03 
 1.203546e+00  4.533619e-03 
 1.203944e+00  4.559605e-03 
 1.204342e+00  4.585707e-03 
 1.204739e+00  4.611907e-03 
 1.205137e+00  4.638191e-03 
 1.205535e+00  4.664537e-03 
 1.205932e+00  4.690927e-03 
 1.206330e+00  4.717339e-03 
 1.206728e+00  4.743755e-03 
 1.207126e+00  4.770161e-03 
 1.207523e+00  4.796538e-03 
 1.207921e+00  4.822866e-03 
 1.208319e+00  4.849134e-03 
 1.208716e+00  4.875330e-03 
 1.209114e+00  4.901446e-03 
 1.209512e+00  4.927470e-03 
 1.209909e+00  4.953384e-03 
 1.210307e+00  4.979176e-03 
 1.210705e+00  5.004826e-03 
 1.211102e+00  5.030312e-03 
 1.211500e+00  5.055625e-03 
 1.211898e+00  5.080744e-03 
 1.212296e+00  5.105650e-03 
 1.212693e+00  5.130310e-03 
 1.213091e+00  5.154701e-03 
 1.213489e+00  5.178807e-03 
 1.213886e+00  5.202603e-03 
 1.214284e+00  5.226066e-03 
 1.214682e+00  5.249174e-03 
 1.215079e+00  5.271909e-03 
 1.215477e+00  5.294266e-03 
 1.215875e+00  5.316216e-03 
 1.216273e+00  5.337747e-03 
 1.216670e+00  5.358846e-03 
 1.217068e+00  5.379492e-03 
 1.217466e+00  5.399665e-03 
 1.217863e+00  5.419346e-03 
 1.218261e+00  5.438552e-03 
 1.218659e+00  5.457254e-03 
 1.219056e+00  5.475453e-03 
 1.219454e+00  5.493149e-03 
 1.219852e+00  5.510333e-03 
 1.220249e+00  5.526996e-03 
 1.220647e+00  5.543136e-03 
 1.221045e+00  5.558756e-03 
 1.221443e+00  5.573834e-03 
 1.221840e+00  5.588370e-03 
 1.222238e+00  5.602343e-03 
 1.222636e+00  5.615762e-03 
 1.223033e+00  5.628605e-03 
 1.223431e+00  5.640867e-03 
 1.223829e+00  5.652536e-03 
 1.224226e+00  5.663598e-03 
 1.224624e+00  5.674033e-03 
 1.225022e+00  5.683826e-03 
 1.225420e+00  5.692968e-03 
 1.225817e+00  5.701434e-03 
 1.226215e+00  5.709220e-03 
 1.226613e+00  5.716320e-03 
 1.227010e+00  5.722724e-03 
 1.227408e+00  5.728429e-03 
 1.227806e+00  5.733423e-03 
 1.228203e+00  5.737715e-03 
 1.228601e+00  5.741296e-03 
 1.228999e+00  5.744170e-03 
 1.229396e+00  5.746329e-03 
 1.229794e+00  5.747763e-03 
 1.230192e+00  5.748458e-03 
 1.230590e+00  5.748406e-03 
 1.230987e+00  5.747601e-03 
 1.231385e+00  5.746020e-03 
 1.231783e+00  5.743653e-03 
 1.232180e+00  5.740490e-03 
 1.232578e+00  5.736520e-03 
 1.232976e+00  5.731738e-03 
 1.233373e+00  5.726141e-03 
 1.233771e+00  5.719730e-03 
 1.234169e+00  5.712501e-03 
 1.234567e+00  5.704474e-03 
 1.234964e+00  5.695654e-03 
 1.235362e+00  5.686063e-03 
 1.235760e+00  5.675722e-03 
 1.236157e+00  5.664645e-03 
 1.236555e+00  5.652861e-03 
 1.236953e+00  5.640385e-03 
 1.237350e+00  5.627240e-03 
 1.237748e+00  5.613438e-03 
 1.238146e+00  5.599007e-03 
 1.238543e+00  5.583969e-03 
 1.238941e+00  5.568326e-03 
 1.239339e+00  5.552097e-03 
 1.239737e+00  5.535287e-03 
 1.240134e+00  5.517904e-03 
 1.240532e+00  5.499961e-03 
 1.240930e+00  5.481469e-03 
 1.241327e+00  5.462437e-03 
 1.241725e+00  5.442875e-03 
 1.242123e+00  5.422794e-03 
 1.242520e+00  5.402217e-03 
 1.242918e+00  5.381169e-03 
 1.243316e+00  5.359662e-03 
 1.243714e+00  5.337707e-03 
 1.244111e+00  5.315314e-03 
 1.244509e+00  5.292501e-03 
 1.244907e+00  5.269294e-03 
 1.245304e+00  5.245698e-03 
 1.245702e+00  5.221720e-03 
 1.246100e+00  5.197381e-03 
 1.246497e+00  5.172689e-03 
 1.246895e+00  5.147672e-03 
 1.247293e+00  5.122337e-03 
 1.247690e+00  5.096692e-03 
 1.248088e+00  5.070756e-03 
 1.248486e+00  5.044533e-03 
 1.248884e+00  5.018038e-03 
 1.249281e+00  4.991295e-03 
 1.249679e+00  4.964316e-03 
 1.250077e+00  4.937116e-03 
 1.250474e+00  4.909709e-03 
 1.250872e+00  4.882125e-03 
 1.251270e+00  4.854375e-03 
 1.251667e+00  4.826471e-03 
 1.252065e+00  4.798435e-03 
 1.252463e+00  4.770292e-03 
 1.252861e+00  4.742061e-03 
 1.253258e+00  4.713771e-03 
 1.253656e+00  4.685446e-03 
 1.254054e+00  4.657112e-03 
 1.254451e+00  4.628796e-03 
 1.254849e+00  4.600524e-03 
 1.255247e+00  4.572323e-03 
 1.255644e+00  4.544218e-03 
 1.256042e+00  4.516240e-03 
 1.256440e+00  4.488397e-03 
 1.256837e+00  4.460710e-03 
 1.257235e+00  4.433206e-03 
 1.257633e+00  4.405906e-03 
 1.258031e+00  4.378828e-03 
 1.258428e+00  4.351979e-03 
 1.258826e+00  4.325378e-03 
 1.259224e+00  4.299036e-03 
 1.259621e+00  4.272957e-03 
 1.260019e+00  4.247163e-03 
 1.260417e+00  4.221674e-03 
 1.260814e+00  4.196515e-03 
 1.261212e+00  4.171706e-03 
 1.261610e+00  4.147271e-03 
 1.262008e+00  4.123246e-03 
 1.262405e+00  4.099647e-03 
 1.262803e+00  4.076498e-03 
 1.263201e+00  4.053820e-03 
 1.263598e+00  4.031626e-03 
 1.263996e+00  4.009931e-03 
 1.264394e+00  3.988743e-03 
 1.264791e+00  3.968076e-03 
 1.265189e+00  3.947932e-03 
 1.265587e+00  3.928307e-03 
 1.265984e+00  3.909199e-03 
 1.266382e+00  3.890601e-03 
 1.266780e+00  3.872506e-03 
 1.267178e+00  3.854928e-03 
 1.267575e+00  3.837859e-03 
 1.267973e+00  3.821299e-03 
 1.268371e+00  3.805260e-03 
 1.268768e+00  3.789746e-03 
 1.269166e+00  3.774752e-03 
 1.269564e+00  3.760296e-03 
 1.269961e+00  3.746378e-03 
 1.270359e+00  3.733012e-03 
 1.270757e+00  3.720214e-03 
 1.271155e+00  3.708001e-03 
 1.271552e+00  3.696383e-03 
 1.271950e+00  3.685364e-03 
 1.272348e+00  3.674945e-03 
 1.272745e+00  3.665127e-03 
 1.273143e+00  3.655914e-03 
 1.273541e+00  3.647299e-03 
 1.273938e+00  3.639287e-03 
 1.274336e+00  3.631885e-03 
 1.274734e+00  3.625090e-03 
 1.275131e+00  3.618912e-03 
 1.275529e+00  3.613355e-03 
 1.275927e+00  3.608418e-03 
 1.276325e+00  3.604109e-03 
 1.276722e+00  3.600434e-03 
 1.277120e+00  3.597395e-03 
 1.277518e+00  3.595004e-03 
 1.277915e+00  3.593268e-03 
 1.278313e+00  3.592195e-03 
 1.278711e+00  3.591786e-03 
 1.279108e+00  3.592047e-03 
 1.279506e+00  3.592979e-03 
 1.279904e+00  3.594585e-03 
 1.280302e+00  3.596855e-03 
 1.280699e+00  3.599794e-03 
 1.281097e+00  3.603401e-03 
 1.281495e+00  3.607665e-03 
 1.281892e+00  3.612578e-03 
 1.282290e+00  3.618138e-03 
 1.282688e+00  3.624340e-03 
 1.283085e+00  3.631172e-03 
 1.283483e+00  3.638616e-03 
 1.283881e+00  3.646658e-03 
 1.284278e+00  3.655293e-03 
 1.284676e+00  3.664507e-03 
 1.285074e+00  3.674279e-03 
 1.285472e+00  3.684593e-03 
 1.285869e+00  3.695439e-03 
 1.286267e+00  3.706799e-03 
 1.286665e+00  3.718664e-03 
 1.287062e+00  3.731035e-03 
 1.287460e+00  3.743897e-03 
 1.287858e+00  3.757244e-03 
 1.288255e+00  3.771071e-03 
 1.288653e+00  3.785386e-03 
 1.289051e+00  3.800202e-03 
 1.289449e+00  3.815522e-03 
 1.289846e+00  3.831342e-03 
 1.290244e+00  3.847675e-03 
 1.290642e+00  3.864524e-03 
 1.291039e+00  3.881879e-03 
 1.291437e+00  3.899737e-03 
 1.291835e+00  3.918076e-03 
 1.292232e+00  3.936895e-03 
 1.292630e+00  3.956181e-03 
 1.293028e+00  3.975926e-03 
 1.293425e+00  3.996113e-03 
 1.293823e+00  4.016731e-03 
 1.294221e+00  4.037769e-03 
 1.294619e+00  4.059218e-03 
 1.295016e+00  4.081068e-03 
 1.295414e+00  4.103311e-03 
 1.295812e+00  4.125934e-03 
 1.296209e+00  4.148937e-03 
 1.296607e+00  4.172311e-03 
 1.297005e+00  4.196060e-03 
 1.297402e+00  4.220173e-03 
 1.297800e+00  4.244634e-03 
 1.298198e+00  4.269432e-03 
 1.298596e+00  4.294546e-03 
 1.298993e+00  4.319957e-03 
 1.299391e+00  4.345641e-03 
 1.299789e+00  4.371573e-03 
 1.300186e+00  4.397719e-03 
 1.300584e+00  4.424049e-03 
 1.300982e+00  4.450540e-03 
 1.301379e+00  4.477167e-03 
 1.301777e+00  4.503909e-03 
 1.302175e+00  4.530746e-03 
 1.302572e+00  4.557655e-03 
 1.302970e+00  4.584622e-03 
 1.303368e+00  4.611636e-03 
 1.303766e+00  4.638686e-03 
 1.304163e+00  4.665756e-03 
 1.304561e+00  4.692830e-03 
 1.304959e+00  4.719903e-03 
 1.305356e+00  4.746963e-03 
 1.305754e+00  4.773996e-03 
 1.306152e+00  4.800991e-03 
 1.306549e+00  4.827934e-03 
 1.306947e+00  4.854809e-03 
 1.307345e+00  4.881590e-03 
 1.307743e+00  4.908258e-03 
 1.308140e+00  4.934792e-03 
 1.308538e+00  4.961176e-03 
 1.308936e+00  4.987392e-03 
 1.309333e+00  5.013428e-03 
 1.309731e+00  5.039262e-03 
 1.310129e+00  5.064875e-03 
 1.310526e+00  5.090245e-03 
 1.310924e+00  5.115364e-03 
 1.311322e+00  5.140204e-03 
 1.311719e+00  5.164745e-03 
 1.312117e+00  5.188969e-03 
 1.312515e+00  5.212874e-03 
 1.312913e+00  5.236435e-03 
 1.313310e+00  5.259648e-03 
 1.313708e+00  5.282500e-03 
 1.314106e+00  5.304966e-03 
 1.314503e+00  5.327035e-03 
 1.314901e+00  5.348700e-03 
 1.315299e+00  5.369949e-03 
 1.315696e+00  5.390763e-03 
 1.316094e+00  5.411149e-03 
 1.316492e+00  5.431094e-03 
 1.316890e+00  5.450586e-03 
 1.317287e+00  5.469613e-03 
 1.317685e+00  5.488158e-03 
 1.318083e+00  5.506194e-03 
 1.318480e+00  5.523702e-03 
 1.318878e+00  5.540681e-03 
 1.319276e+00  5.557099e-03 
 1.319673e+00  5.572944e-03 
 1.320071e+00  5.588188e-03 
 1.320469e+00  5.602807e-03 
 1.320866e+00  5.616785e-03 
 1.321264e+00  5.630110e-03 
 1.321662e+00  5.642770e-03 
 1.322060e+00  5.654761e-03 
 1.322457e+00  5.666077e-03 
 1.322855e+00  5.676721e-03 
 1.323253e+00  5.686693e-03 
 1.323650e+00  5.695976e-03 
 1.324048e+00  5.704575e-03 
 1.324446e+00  5.712471e-03 
 1.324843e+00  5.719659e-03 
 1.325241e+00  5.726129e-03 
 1.325639e+00  5.731866e-03 
 1.326037e+00  5.736859e-03 
 1.326434e+00  5.741087e-03 
 1.326832e+00  5.744530e-03 
 1.327230e+00  5.747171e-03 
 1.327627e+00  5.748995e-03 
 1.328025e+00  5.749995e-03 
 1.328423e+00  5.750174e-03 
 1.328820e+00  5.749527e-03 
 1.329218e+00  5.748058e-03 
 1.329616e+00  5.745767e-03 
 1.330013e+00  5.742678e-03 
 1.330411e+00  5.738803e-03 
 1.330809e+00  5.734162e-03 
 1.331207e+00  5.728774e-03 
 1.331604e+00  5.722655e-03 
 1.332002e+00  5.715820e-03 
 1.332400e+00  5.708290e-03 
 1.332797e+00  5.700080e-03 
 1.333195e+00  5.691201e-03 
 1.333593e+00  5.681661e-03 
 1.333990e+00  5.671458e-03 
 1.334388e+00  5.660614e-03 
 1.334786e+00  5.649143e-03 
 1.335184e+00  5.637047e-03 
 1.335581e+00  5.624324e-03 
 1.335979e+00  5.610981e-03 
 1.336377e+00  5.597029e-03 
 1.336774e+00  5.582469e-03 
 1.337172e+00  5.567320e-03 
 1.337570e+00  5.551592e-03 
 1.337967e+00  5.535289e-03 
 1.338365e+00  5.518423e-03 
 1.338763e+00  5.501010e-03 
 1.339160e+00  5.483054e-03 
 1.339558e+00  5.464555e-03 
 1.339956e+00  5.445531e-03 
 1.340354e+00  5.425990e-03 
 1.340751e+00  5.405949e-03 
 1.341149e+00  5.385425e-03 
 1.341547e+00  5.364423e-03 
 1.341944e+00  5.342957e-03 
 1.342342e+00  5.321024e-03 
 1.342740e+00  5.298632e-03 
 1.343137e+00  5.275794e-03 
 1.343535e+00  5.252522e-03 
 1.343933e+00  5.228827e-03 
 1.344331e+00  5.204737e-03 
 1.344728e+00  5.180270e-03 
 1.345126e+00  5.155443e-03 
 1.345524e+00  5.130270e-03 
 1.345921e+00  5.104769e-03 
 1.346319e+00  5.078959e-03 
 1.346717e+00  5.052851e-03 
 1.347114e+00  5.026473e-03 
 1.347512e+00  4.999852e-03 
 1.347910e+00  4.973022e-03 
 1.348307e+00  4.946012e-03 
 1.348705e+00  4.918852e-03 
 1.349103e+00  4.891578e-03 
 1.349501e+00  4.864208e-03 
 1.349898e+00  4.836770e-03 
 1.350296e+00  4.809299e-03 
 1.350694e+00  4.781817e-03 
 1.351091e+00  4.754350e-03 
 1.351489e+00  4.726915e-03 
 1.351887e+00  4.699529e-03 
 1.352284e+00  4.672213e-03 
 1.352682e+00  4.644977e-03 
 1.353080e+00  4.617825e-03 
 1.353478e+00  4.590768e-03 
 1.353875e+00  4.563807e-03 
 1.354273e+00  4.536947e-03 
 1.354671e+00  4.510198e-03 
 1.355068e+00  4.483570e-03 
 1.355466e+00  4.457074e-03 
 1.355864e+00  4.430716e-03 
 1.356261e+00  4.404514e-03 
 1.356659e+00  4.378490e-03 
 1.357057e+00  4.352672e-03 
 1.357454e+00  4.327067e-03 
 1.357852e+00  4.301696e-03 
 1.358250e+00  4.276586e-03 
 1.358648e+00  4.251752e-03 
 1.359045e+00  4.227205e-03 
 1.359443e+00  4.202957e-03 
 1.359841e+00  4.179022e-03 
 1.360238e+00  4.155415e-03 
 1.360636e+00  4.132142e-03 
 1.361034e+00  4.109210e-03 
 1.361431e+00  4.086625e-03 
 1.361829e+00  4.064398e-03 
 1.362227e+00  4.042526e-03 
 1.362625e+00  4.021029e-03 
 1.363022e+00  3.999922e-03 
 1.363420e+00  3.979205e-03 
 1.363818e+00  3.958907e-03 
 1.364215e+00  3.939046e-03 
 1.364613e+00  3.919637e-03 
 1.365011e+00  3.900704e-03 
 1.365408e+00  3.882269e-03 
 1.365806e+00  3.864358e-03 
 1.366204e+00  3.846969e-03 
 1.366601e+00  3.830141e-03 
 1.366999e+00  3.813873e-03 
 1.367397e+00  3.798175e-03 
 1.367795e+00  3.783053e-03 
 1.368192e+00  3.768511e-03 
 1.368590e+00  3.754541e-03 
 1.368988e+00  3.741146e-03 
 1.369385e+00  3.728332e-03 
 1.369783e+00  3.716098e-03 
 1.370181e+00  3.704445e-03 
 1.370578e+00  3.693373e-03 
 1.370976e+00  3.682868e-03 
 1.371374e+00  3.672949e-03 
 1.371772e+00  3.663602e-03 
 1.372169e+00  3.654843e-03 
 1.372567e+00  3.646675e-03 
 1.372965e+00  3.639101e-03 
 1.373362e+00  3.632126e-03 
 1.373760e+00  3.625764e-03 
 1.374158e+00  3.620024e-03 
 1.374555e+00  3.614910e-03 
 1.374953e+00  3.610422e-03 
 1.375351e+00  3.606560e-03 
 1.375748e+00  3.603327e-03 
 1.376146e+00  3.600733e-03 
 1.376544e+00  3.598784e-03 
 1.376942e+00  3.597485e-03 
 1.377339e+00  3.596831e-03 
 1.377737e+00  3.596824e-03 
 1.378135e+00  3.597452e-03 
 1.378532e+00  3.598722e-03 
 1.378930e+00  3.600631e-03 
 1.379328e+00  3.603168e-03 
 1.379725e+00  3.606325e-03 
 1.380123e+00  3.610092e-03 
 1.380521e+00  3.614468e-03 
 1.380919e+00  3.619430e-03 
 1.381316e+00  3.624972e-03 
 1.381714e+00  3.631095e-03 
 1.382112e+00  3.637788e-03 
 1.382509e+00  3.645049e-03 
 1.382907e+00  3.652887e-03 
 1.383305e+00  3.661304e-03 
 1.383702e+00  3.670301e-03 
 1.384100e+00  3.679880e-03 
 1.384498e+00  3.690049e-03 
 1.384895e+00  3.700810e-03 
 1.385293e+00  3.712171e-03 
 1.385691e+00  3.724131e-03 
 1.386089e+00  3.736689e-03 
 1.386486e+00  3.749846e-03 
 1.386884e+00  3.763577e-03 
 1.387282e+00  3.777875e-03 
 1.387679e+00  3.792724e-03 
 1.388077e+00  3.808118e-03 
 1.388475e+00  3.824039e-03 
 1.388872e+00  3.840481e-03 
 1.389270e+00  3.857442e-03 
 1.389668e+00  3.874909e-03 
 1.390066e+00  3.892888e-03 
 1.390463e+00  3.911358e-03 
 1.390861e+00  3.930322e-03 
 1.391259e+00  3.949786e-03 
 1.391656e+00  3.969751e-03 
 1.392054e+00  3.990227e-03 
 1.392452e+00  4.011209e-03 
 1.392849e+00  4.032698e-03 
 1.393247e+00  4.054672e-03 
 1.393645e+00  4.077119e-03 
 1.394042e+00  4.100015e-03 
 1.394440e+00  4.123339e-03 
 1.394838e+00  4.147066e-03 
 1.395236e+00  4.171169e-03 
 1.395633e+00  4.195626e-03 
 1.396031e+00  4.220407e-03 
 1.396429e+00  4.245497e-03 
 1.396826e+00  4.270864e-03 
 1.397224e+00  4.296484e-03 
 1.397622e+00  4.322336e-03 
 1.398019e+00  4.348398e-03 
 1.398417e+00  4.374663e-03 
 1.398815e+00  4.401112e-03 
 1.399213e+00  4.427732e-03 
 1.399610e+00  4.454510e-03 
 1.400008e+00  4.481435e-03 
 1.400406e+00  4.508503e-03 
 1.400803e+00  4.535710e-03 
 1.401201e+00  4.563033e-03 
 1.401599e+00  4.590452e-03 
 1.401996e+00  4.617952e-03 
 1.402394e+00  4.645521e-03 
 1.402792e+00  4.673138e-03 
 1.403189e+00  4.700780e-03 
 1.403587e+00  4.728433e-03 
 1.403985e+00  4.756084e-03 
 1.404383e+00  4.783711e-03 
 1.404780e+00  4.811307e-03 
 1.405178e+00  4.838844e-03 
 1.405576e+00  4.866301e-03 
 1.405973e+00  4.893656e-03 
 1.406371e+00  4.920888e-03 
 1.406769e+00  4.947983e-03 
 1.407166e+00  4.974921e-03 
 1.407564e+00  5.001684e-03 
 1.407962e+00  5.028252e-03 
 1.408360e+00  5.054613e-03 
 1.408757e+00  5.080749e-03 
 1.409155e+00  5.106640e-03 
 1.409553e+00  5.132268e-03 
 1.409950e+00  5.157618e-03 
 1.410348e+00  5.182669e-03 
 1.410746e+00  5.207407e-03 
 1.411143e+00  5.231812e-03 
 1.411541e+00  5.255867e-03 
 1.411939e+00  5.279561e-03 
 1.412336e+00  5.302865e-03 
 1.412734e+00  5.325754e-03 
 1.413132e+00  5.348208e-03 
 1.413530e+00  5.370204e-03 
 1.413927e+00  5.391717e-03 
 1.414325e+00  5.412719e-03 
 1.414723e+00  5.433194e-03 
 1.415120e+00  5.453102e-03 
 1.415518e+00  5.472433e-03 
 1.415916e+00  5.491174e-03 
 1.416313e+00  5.509307e-03 
 1.416711e+00  5.526825e-03 
 1.417109e+00  5.543716e-03 
 1.417507e+00  5.559984e-03 
 1.417904e+00  5.575625e-03 
 1.418302e+00  5.590656e-03 
 1.418700e+00  5.605056e-03 
 1.419097e+00  5.618812e-03 
 1.419495e+00  5.631920e-03 
 1.419893e+00  5.644375e-03 
 1.420290e+00  5.656166e-03 
 1.420688e+00  5.667284e-03 
 1.421086e+00  5.677721e-03 
 1.421483e+00  5.687460e-03 
 1.421881e+00  5.696475e-03 
 1.422279e+00  5.704742e-03 
 1.422677e+00  5.712261e-03 
 1.423074e+00  5.719002e-03 
 1.423472e+00  5.724957e-03 
 1.423870e+00  5.730131e-03 
 1.424267e+00  5.734525e-03 
 1.424665e+00  5.738150e-03 
 1.425063e+00  5.741010e-03 
 1.425460e+00  5.743110e-03 
 1.425858e+00  5.744467e-03 
 1.426256e+00  5.745092e-03 
 1.426654e+00  5.744986e-03 
 1.427051e+00  5.744168e-03 
 1.427449e+00  5.742648e-03 
 1.427847e+00  5.740432e-03 
 1.428244e+00  5.737530e-03 
 1.428642e+00  5.733948e-03 
 1.429040e+00  5.729688e-03 
 1.429437e+00  5.724736e-03 
 1.429835e+00  5.719096e-03 
 1.430233e+00  5.712767e-03 
 1.430630e+00  5.705745e-03 
 1.431028e+00  5.698033e-03 
 1.431426e+00  5.689630e-03 
 1.431824e+00  5.680545e-03 
 1.432221e+00  5.670782e-03 
 1.432619e+00  5.660341e-03 
 1.433017e+00  5.649238e-03 
 1.433414e+00  5.637481e-03 
 1.433812e+00  5.625082e-03 
 1.434210e+00  5.612040e-03 
 1.434607e+00  5.598362e-03 
 1.435005e+00  5.584064e-03 
 1.435403e+00  5.569149e-03 
 1.435801e+00  5.553638e-03 
 1.436198e+00  5.537545e-03 
 1.436596e+00  5.520865e-03 
 1.436994e+00  5.503606e-03 
 1.437391e+00  5.485781e-03 
 1.437789e+00  5.467409e-03 
 1.438187e+00  5.448491e-03 
 1.438584e+00  5.429043e-03 
 1.438982e+00  5.409069e-03 
 1.439380e+00  5.388587e-03 
 1.439777e+00  5.367618e-03 
 1.440175e+00  5.346185e-03 
 1.440573e+00  5.324305e-03 
 1.440971e+00  5.301979e-03 
 1.441368e+00  5.279231e-03 
 1.441766e+00  5.256072e-03 
 1.442164e+00  5.232537e-03 
 1.442561e+00  5.208653e-03 
 1.442959e+00  5.184437e-03 
 1.443357e+00  5.159920e-03 
 1.443754e+00  5.135129e-03 
 1.444152e+00  5.110085e-03 
 1.444550e+00  5.084825e-03 
 1.444948e+00  5.059367e-03 
 1.445345e+00  5.033729e-03 
 1.445743e+00  5.007939e-03 
 1.446141e+00  4.982025e-03 
 1.446538e+00  4.956013e-03 
 1.446936e+00  4.929919e-03 
 1.447334e+00  4.903746e-03 
 1.447731e+00  4.877507e-03 
 1.448129e+00  4.851204e-03 
 1.448527e+00  4.824844e-03 
 1.448924e+00  4.798429e-03 
 1.449322e+00  4.771961e-03 
 1.449720e+00  4.745449e-03 
 1.450118e+00  4.718893e-03 
 1.450515e+00  4.692305e-03 
 1.450913e+00  4.665703e-03 
 1.451311e+00  4.639106e-03 
 1.451708e+00  4.612531e-03 
 1.452106e+00  4.586009e-03 
 1.452504e+00  4.559564e-03 
 1.452901e+00  4.533213e-03 
 1.453299e+00  4.506974e-03 
 1.453697e+00  4.480864e-03 
 1.454095e+00  4.454898e-03 
 1.454492e+00  4.429087e-03 
 1.454890e+00  4.403449e-03 
 1.455288e+00  4.377999e-03 
 1.455685e+00  4.352753e-03 
 1.456083e+00  4.327716e-03 
 1.456481e+00  4.302890e-03 
 1.456878e+00  4.278286e-03 
 1.457276e+00  4.253912e-03 
 1.457674e+00  4.229775e-03 
 1.458071e+00  4.205886e-03 
 1.458469e+00  4.182264e-03 
 1.458867e+00  4.158935e-03 
 1.459265e+00  4.135914e-03 
 1.459662e+00  4.113224e-03 
 1.460060e+00  4.090899e-03 
 1.460458e+00  4.068944e-03 
 1.460855e+00  4.047374e-03 
 1.461253e+00  4.026212e-03 
 1.461651e+00  4.005469e-03 
 1.462048e+00  3.985161e-03 
 1.462446e+00  3.965300e-03 
 1.462844e+00  3.945889e-03 
 1.463242e+00  3.926939e-03 
 1.463639e+00  3.908437e-03 
 1.464037e+00  3.890396e-03 
 1.464435e+00  3.872813e-03 
 1.464832e+00  3.855692e-03 
 1.465230e+00  3.839032e-03 
 1.465628e+00  3.822843e-03 
 1.466025e+00  3.807127e-03 
 1.466423e+00  3.791889e-03 
 1.466821e+00  3.777134e-03 
 1.467218e+00  3.762873e-03 
 1.467616e+00  3.749108e-03 
 1.468014e+00  3.735843e-03 
 1.468412e+00  3.723101e-03 
 1.468809e+00  3.710893e-03 
 1.469207e+00  3.699235e-03 
 1.469605e+00  3.688132e-03 
 1.470002e+00  3.677601e-03 
 1.470400e+00  3.667653e-03 
 1.470798e+00  3.658288e-03 
 1.471195e+00  3.649522e-03 
 1.471593e+00  3.641360e-03 
 1.471991e+00  3.633811e-03 
 1.472389e+00  3.626885e-03 
 1.472786e+00  3.620587e-03 
 1.473184e+00  3.614920e-03 
 1.473582e+00  3.609878e-03 
 1.473979e+00  3.605458e-03 
 1.474377e+00  3.601654e-03 
 1.474775e+00  3.598460e-03 
 1.475172e+00  3.595875e-03 
 1.475570e+00  3.593887e-03 
 1.475968e+00  3.592495e-03 
 1.476365e+00  3.591702e-03 
 1.476763e+00  3.591497e-03 
 1.477161e+00  3.591890e-03 
 1.477559e+00  3.592888e-03 
 1.477956e+00  3.594496e-03 
 1.478354e+00  3.596719e-03 
 1.478752e+00  3.599572e-03 
 1.479149e+00  3.603067e-03 
 1.479547e+00  3.607219e-03 
 1.479945e+00  3.612033e-03 
 1.480342e+00  3.617514e-03 
 1.480740e+00  3.623672e-03 
 1.481138e+00  3.630501e-03 
 1.481536e+00  3.638003e-03 
 1.481933e+00  3.646181e-03 
 1.482331e+00  3.655014e-03 
 1.482729e+00  3.664495e-03 
 1.483126e+00  3.674622e-03 
 1.483524e+00  3.685388e-03 
 1.483922e+00  3.696786e-03 
 1.484319e+00  3.708817e-03 
 1.484717e+00  3.721473e-03 
 1.485115e+00  3.734748e-03 
 1.485512e+00  3.748647e-03 
 1.485910e+00  3.763167e-03 
 1.486308e+00  3.778316e-03 
 1.486706e+00  3.794102e-03 
 1.487103e+00  3.810522e-03 
 1.487501e+00  3.827586e-03 
 1.487899e+00  3.845291e-03 
 1.488296e+00  3.863617e-03 
 1.488694e+00  3.882551e-03 
 1.489092e+00  3.902065e-03 
 1.489489e+00  3.922124e-03 
 1.489887e+00  3.942713e-03 
 1.490285e+00  3.963804e-03 
 1.490683e+00  3.985382e-03 
 1.491080e+00  4.007414e-03 
 1.491478e+00  4.029869e-03 
 1.491876e+00  4.052724e-03 
 1.492273e+00  4.075957e-03 
 1.492671e+00  4.099549e-03 
 1.493069e+00  4.123476e-03 
 1.493466e+00  4.147737e-03 
 1.493864e+00  4.172328e-03 
 1.494262e+00  4.197244e-03 
 1.494659e+00  4.222487e-03 
 1.495057e+00  4.248044e-03 
 1.495455e+00  4.273904e-03 
 1.495853e+00  4.300052e-03 
 1.496250e+00  4.326475e-03 
 1.496648e+00  4.353161e-03 
 1.497046e+00  4.380092e-03 
 1.497443e+00  4.407256e-03 
 1.497841e+00  4.434640e-03 
 1.498239e+00  4.462227e-03 
 1.498636e+00  4.490001e-03 
 1.499034e+00  4.517945e-03 
 1.499432e+00  4.546044e-03 
 1.499830e+00  4.574273e-03 
 1.500227e+00  4.602614e-03 
 1.500625e+00  4.631044e-03 
 1.501023e+00  4.659549e-03 
 1.501420e+00  4.688102e-03 
 1.501818e+00  4.716682e-03 
 1.502216e+00  4.745270e-03 
 1.502613e+00  4.773842e-03 
 1.503011e+00  4.802374e-03 
 1.503409e+00  4.830845e-03 
 1.503806e+00  4.859231e-03 
 1.504204e+00  4.887500e-03 
 1.504602e+00  4.915623e-03 
 1.505000e+00  4.943581e-03 
 1.505397e+00  4.971357e-03 
 1.505795e+00  4.998927e-03 
 1.506193e+00  5.026276e-03 
 1.506590e+00  5.053387e-03 
 1.506988e+00  5.080230e-03 
 1.507386e+00  5.106782e-03 
 1.507783e+00  5.133014e-03 
 1.508181e+00  5.158897e-03 
 1.508579e+00  5.184416e-03 
 1.508977e+00  5.209527e-03 
 1.509374e+00  5.234209e-03 
 1.509772e+00  5.258442e-03 
 1.510170e+00  5.282202e-03 
 1.510567e+00  5.305464e-03 
 1.510965e+00  5.328224e-03 
 1.511363e+00  5.350454e-03 
 1.511760e+00  5.372152e-03 
 1.512158e+00  5.393313e-03 
 1.512556e+00  5.413936e-03 
 1.512953e+00  5.434010e-03 
 1.513351e+00  5.453545e-03 
 1.513749e+00  5.472530e-03 
 1.514147e+00  5.490956e-03 
 1.514544e+00  5.508832e-03 
 1.514942e+00  5.526141e-03 
 1.515340e+00  5.542855e-03 
 1.515737e+00  5.558983e-03 
 1.516135e+00  5.574512e-03 
 1.516533e+00  5.589406e-03 
 1.516930e+00  5.603654e-03 
 1.517328e+00  5.617223e-03 
 1.517726e+00  5.630094e-03 
 1.518124e+00  5.642249e-03 
 1.518521e+00  5.653679e-03 
 1.518919e+00  5.664391e-03 
 1.519317e+00  5.674363e-03 
 1.519714e+00  5.683603e-03 
 1.520112e+00  5.692115e-03 
 1.520510e+00  5.699896e-03 
 1.520907e+00  5.706956e-03 
 1.521305e+00  5.713306e-03 
 1.521703e+00  5.718947e-03 
 1.522100e+00  5.723879e-03 
 1.522498e+00  5.728118e-03 
 1.522896e+00  5.731659e-03 
 1.523294e+00  5.734506e-03 
 1.523691e+00  5.736654e-03 
 1.524089e+00  5.738087e-03 
 1.524487e+00  5.738805e-03 
 1.524884e+00  5.738802e-03 
 1.525282e+00  5.738067e-03 
 1.525680e+00  5.736609e-03 
 1.526077e+00  5.734421e-03 
 1.526475e+00  5.731505e-03 
 1.526873e+00  5.727858e-03 
 1.527271e+00  5.723500e-03 
 1.527668e+00  5.718436e-03 
 1.528066e+00  5.712669e-03 
 1.528464e+00  5.706217e-03 
 1.528861e+00  5.699080e-03 
 1.529259e+00  5.691266e-03 
 1.529657e+00  5.682789e-03 
 1.530054e+00  5.673648e-03 
 1.530452e+00  5.663853e-03 
 1.530850e+00  5.653416e-03 
 1.531247e+00  5.642325e-03 
 1.531645e+00  5.630599e-03 
 1.532043e+00  5.618258e-03 
 1.532441e+00  5.605312e-03 
 1.532838e+00  5.591757e-03 
 1.533236e+00  5.577611e-03 
 1.533634e+00  5.562901e-03 
 1.534031e+00  5.547620e-03 
 1.534429e+00  5.531789e-03 
 1.534827e+00  5.515430e-03 
 1.535224e+00  5.498549e-03 
 1.535622e+00  5.481168e-03 
 1.536020e+00  5.463295e-03 
 1.536418e+00  5.444949e-03 
 1.536815e+00  5.426137e-03 
 1.537213e+00  5.406868e-03 
 1.537611e+00  5.387169e-03 
 1.538008e+00  5.367061e-03 
 1.538406e+00  5.346560e-03 
 1.538804e+00  5.325692e-03 
 1.539201e+00  5.304475e-03 
 1.539599e+00  5.282947e-03 
 1.539997e+00  5.261135e-03 
 1.540394e+00  5.239053e-03 
 1.540792e+00  5.216715e-03 
 1.541190e+00  5.194145e-03 
 1.541588e+00  5.171356e-03 
 1.541985e+00  5.148358e-03 
 1.542383e+00  5.125166e-03 
 1.542781e+00  5.101775e-03 
 1.543178e+00  5.078179e-03 
 1.543576e+00  5.054378e-03 
 1.543974e+00  5.030376e-03 
 1.544371e+00  5.006168e-03 
 1.544769e+00  4.981753e-03 
 1.545167e+00  4.957142e-03 
 1.545565e+00  4.932337e-03 
 1.545962e+00  4.907356e-03 
 1.546360e+00  4.882208e-03 
 1.546758e+00  4.856911e-03 
 1.547155e+00  4.831484e-03 
 1.547553e+00  4.805939e-03 
 1.547951e+00  4.780296e-03 
 1.548348e+00  4.754574e-03 
 1.548746e+00  4.728797e-03 
 1.549144e+00  4.702966e-03 
 1.549541e+00  4.677107e-03 
 1.549939e+00  4.651240e-03 
 1.550337e+00  4.625367e-03 
 1.550735e+00  4.599494e-03 
 1.551132e+00  4.573639e-03 
 1.551530e+00  4.547798e-03 
 1.551928e+00  4.521967e-03 
 1.552325e+00  4.496168e-03 
 1.552723e+00  4.470412e-03 
 1.553121e+00  4.444714e-03 
 1.553518e+00  4.419097e-03 
 1.553916e+00  4.393590e-03 
 1.554314e+00  4.368227e-03 
 1.554712e+00  4.343023e-03 
 1.555109e+00  4.317993e-03 
 1.555507e+00  4.293170e-03 
 1.555905e+00  4.268575e-03 
 1.556302e+00  4.244227e-03 
 1.556700e+00  4.220147e-03 
 1.557098e+00  4.196356e-03 
 1.557495e+00  4.172868e-03 
 1.557893e+00  4.149696e-03 
 1.558291e+00  4.126849e-03 
 1.558688e+00  4.104336e-03 
 1.559086e+00  4.082154e-03 
 1.559484e+00  4.060305e-03 
 1.559882e+00  4.038811e-03 
 1.560279e+00  4.017688e-03 
 1.560677e+00  3.996926e-03 
 1.561075e+00  3.976542e-03 
 1.561472e+00  3.956538e-03 
 1.561870e+00  3.936910e-03 
 1.562268e+00  3.917675e-03 
 1.562665e+00  3.898845e-03 
 1.563063e+00  3.880422e-03 
 1.563461e+00  3.862432e-03 
 1.563859e+00  3.844871e-03 
 1.564256e+00  3.827753e-03 
 1.564654e+00  3.811107e-03 
 1.565052e+00  3.794918e-03 
 1.565449e+00  3.779207e-03 
 1.565847e+00  3.763977e-03 
 1.566245e+00  3.749234e-03 
 1.566642e+00  3.735002e-03 
 1.567040e+00  3.721296e-03 
 1.567438e+00  3.708129e-03 
 1.567835e+00  3.695520e-03 
 1.568233e+00  3.683466e-03 
 1.568631e+00  3.671986e-03 
 1.569029e+00  3.661070e-03 
 1.569426e+00  3.650723e-03 
 1.569824e+00  3.640950e-03 
 1.570222e+00  3.631756e-03 
 1.570619e+00  3.623146e-03 
 1.571017e+00  3.615129e-03 
 1.571415e+00  3.607710e-03 
 1.571812e+00  3.600896e-03 
 1.572210e+00  3.594706e-03 
 1.572608e+00  3.589146e-03 
 1.573006e+00  3.584241e-03 
 1.573403e+00  3.580004e-03 
 1.573801e+00  3.576458e-03 
 1.574199e+00  3.573618e-03 
 1.574596e+00  3.571501e-03 
 1.574994e+00  3.570120e-03 
 1.575392e+00  3.569485e-03 
 1.575789e+00  3.569606e-03 
 1.576187e+00  3.570488e-03 
 1.576585e+00  3.572127e-03 
 1.576982e+00  3.574523e-03 
 1.577380e+00  3.577663e-03 
 1.577778e+00  3.581543e-03 
 1.578176e+00  3.586147e-03 
 1.578573e+00  3.591466e-03 
 1.578971e+00  3.597490e-03 
 1.579369e+00  3.604218e-03 
 1.579766e+00  3.611650e-03 
 1.580164e+00  3.619779e-03 
 1.580562e+00  3.628599e-03 
 1.580959e+00  3.638109e-03 
 1.581357e+00  3.648313e-03 
 1.581755e+00  3.659212e-03 
 1.582153e+00  3.670819e-03 
 1.582550e+00  3.683123e-03 
 1.582948e+00  3.696119e-03 
 1.583346e+00  3.709810e-03 
 1.583743e+00  3.724184e-03 
 1.584141e+00  3.739218e-03 
 1.584539e+00  3.754893e-03 
 1.584936e+00  3.771193e-03 
 1.585334e+00  3.788086e-03 
 1.585732e+00  3.805557e-03 
 1.586129e+00  3.823597e-03 
 1.586527e+00  3.842187e-03 
 1.586925e+00  3.861298e-03 
 1.587323e+00  3.880926e-03 
 1.587720e+00  3.901061e-03 
 1.588118e+00  3.921699e-03 
 1.588516e+00  3.942844e-03 
 1.588913e+00  3.964486e-03 
 1.589311e+00  3.986633e-03 
 1.589709e+00  4.009278e-03 
 1.590106e+00  4.032412e-03 
 1.590504e+00  4.056029e-03 
 1.590902e+00  4.080114e-03 
 1.591300e+00  4.104657e-03 
 1.591697e+00  4.129650e-03 
 1.592095e+00  4.155073e-03 
 1.592493e+00  4.180907e-03 
 1.592890e+00  4.207132e-03 
 1.593288e+00  4.233725e-03 
 1.593686e+00  4.260660e-03 
 1.594083e+00  4.287918e-03 
 1.594481e+00  4.315471e-03 
 1.594879e+00  4.343298e-03 
 1.595276e+00  4.371379e-03 
 1.595674e+00  4.399691e-03 
 1.596072e+00  4.428213e-03 
 1.596470e+00  4.456911e-03 
 1.596867e+00  4.485752e-03 
 1.597265e+00  4.514699e-03 
 1.597663e+00  4.543716e-03 
 1.598060e+00  4.572789e-03 
 1.598458e+00  4.601878e-03 
 1.598856e+00  4.630949e-03 
 1.599253e+00  4.659984e-03 
 1.599651e+00  4.688958e-03 
 1.600049e+00  4.717845e-03 
 1.600447e+00  4.746635e-03 
 1.600844e+00  4.775299e-03 
 1.601242e+00  4.803826e-03 
 1.601640e+00  4.832194e-03 
 1.602037e+00  4.860396e-03 
 1.602435e+00  4.888410e-03 
 1.602833e+00  4.916203e-03 
 1.603230e+00  4.943752e-03 
 1.603628e+00  4.971034e-03 
 1.604026e+00  4.998026e-03 
 1.604423e+00  5.024706e-03 
 1.604821e+00  5.051055e-03 
 1.605219e+00  5.077048e-03 
 1.605617e+00  5.102674e-03 
 1.606014e+00  5.127916e-03 
 1.606412e+00  5.152759e-03 
 1.606810e+00  5.177189e-03 
 1.607207e+00  5.201200e-03 
 1.607605e+00  5.224785e-03 
 1.608003e+00  5.247946e-03 
 1.608400e+00  5.270687e-03 
 1.608798e+00  5.292998e-03 
 1.609196e+00  5.314876e-03 
 1.609594e+00  5.336321e-03 
 1.609991e+00  5.357315e-03 
 1.610389e+00  5.377846e-03 
 1.610787e+00  5.397894e-03 
 1.611184e+00  5.417447e-03 
 1.611582e+00  5.436476e-03 
 1.611980e+00  5.454964e-03 
 1.612377e+00  5.472886e-03 
 1.612775e+00  5.490219e-03 
 1.613173e+00  5.506943e-03 
 1.613570e+00  5.523053e-03 
 1.613968e+00  5.538526e-03 
 1.614366e+00  5.553362e-03 
 1.614764e+00  5.567560e-03 
 1.615161e+00  5.581117e-03 
 1.615559e+00  5.594027e-03 
 1.615957e+00  5.606297e-03 
 1.616354e+00  5.617932e-03 
 1.616752e+00  5.628924e-03 
 1.617150e+00  5.639278e-03 
 1.617547e+00  5.648996e-03 
 1.617945e+00  5.658067e-03 
 1.618343e+00  5.666489e-03 
 1.618741e+00  5.674257e-03 
 1.619138e+00  5.681357e-03 
 1.619536e+00  5.687789e-03 
 1.619934e+00  5.693546e-03 
 1.620331e+00  5.698621e-03 
 1.620729e+00  5.703005e-03 
 1.621127e+00  5.706698e-03 
 1.621524e+00  5.709701e-03 
 1.621922e+00  5.712011e-03 
 1.622320e+00  5.713643e-03 
 1.622717e+00  5.714594e-03 
 1.623115e+00  5.714869e-03 
 1.623513e+00  5.714488e-03 
 1.623911e+00  5.713449e-03 
 1.624308e+00  5.711747e-03 
 1.624706e+00  5.709388e-03 
 1.625104e+00  5.706370e-03 
 1.625501e+00  5.702693e-03 
 1.625899e+00  5.698362e-03 
 1.626297e+00  5.693381e-03 
 1.626694e+00  5.687756e-03 
 1.627092e+00  5.681499e-03 
 1.627490e+00  5.674615e-03 
 1.627888e+00  5.667121e-03 
 1.628285e+00  5.659028e-03 
 1.628683e+00  5.650339e-03 
 1.629081e+00  5.641063e-03 
 1.629478e+00  5.631211e-03 
 1.629876e+00  5.620802e-03 
 1.630274e+00  5.609834e-03 
 1.630671e+00  5.598322e-03 
 1.631069e+00  5.586284e-03 
 1.631467e+00  5.573714e-03 
 1.631864e+00  5.560606e-03 
 1.632262e+00  5.546988e-03 
 1.632660e+00  5.532856e-03 
 1.633058e+00  5.518235e-03 
 1.633455e+00  5.503140e-03 
 1.633853e+00  5.487587e-03 
 1.634251e+00  5.471592e-03 
 1.634648e+00  5.455173e-03 
 1.635046e+00  5.438357e-03 
 1.635444e+00  5.421149e-03 
 1.635841e+00  5.403565e-03 
 1.636239e+00  5.385611e-03 
 1.636637e+00  5.367290e-03 
 1.637035e+00  5.348616e-03 
 1.637432e+00  5.329592e-03 
 1.637830e+00  5.310219e-03 
 1.638228e+00  5.290475e-03 
 1.638625e+00  5.270355e-03 
 1.639023e+00  5.249844e-03 
 1.639421e+00  5.228943e-03 
 1.639818e+00  5.207657e-03 
 1.640216e+00  5.185980e-03 
 1.640614e+00  5.163910e-03 
 1.641011e+00  5.141461e-03 
 1.641409e+00  5.118640e-03 
 1.641807e+00  5.095466e-03 
 1.642205e+00  5.071964e-03 
 1.642602e+00  5.048148e-03 
 1.643000e+00  5.024040e-03 
 1.643398e+00  4.999668e-03 
 1.643795e+00  4.975057e-03 
 1.644193e+00  4.950221e-03 
 1.644591e+00  4.925182e-03 
 1.644988e+00  4.899944e-03 
 1.645386e+00  4.874524e-03 
 1.645784e+00  4.848938e-03 
 1.646182e+00  4.823201e-03 
 1.646579e+00  4.797322e-03 
 1.646977e+00  4.771319e-03 
 1.647375e+00  4.745207e-03 
 1.647772e+00  4.719008e-03 
 1.648170e+00  4.692738e-03 
 1.648568e+00  4.666419e-03 
 1.648965e+00  4.640069e-03 
 1.649363e+00  4.613710e-03 
 1.649761e+00  4.587364e-03 
 1.650158e+00  4.561054e-03 
 1.650556e+00  4.534804e-03 
 1.650954e+00  4.508633e-03 
 1.651352e+00  4.482548e-03 
 1.651749e+00  4.456576e-03 
 1.652147e+00  4.430736e-03 
 1.652545e+00  4.405029e-03 
 1.652942e+00  4.379461e-03 
 1.653340e+00  4.354041e-03 
 1.653738e+00  4.328766e-03 
 1.654135e+00  4.303641e-03 
 1.654533e+00  4.278671e-03 
 1.654931e+00  4.253862e-03 
 1.655329e+00  4.229221e-03 
 1.655726e+00  4.204759e-03 
 1.656124e+00  4.180492e-03 
 1.656522e+00  4.156431e-03 
 1.656919e+00  4.132583e-03 
 1.657317e+00  4.108961e-03 
 1.657715e+00  4.085585e-03 
 1.658112e+00  4.062458e-03 
 1.658510e+00  4.039607e-03 
 1.658908e+00  4.017044e-03 
 1.659305e+00  3.994776e-03 
 1.659703e+00  3.972833e-03 
 1.660101e+00  3.951224e-03 
 1.660499e+00  3.929969e-03 
 1.660896e+00  3.909104e-03 
 1.661294e+00  3.888648e-03 
 1.661692e+00  3.868630e-03 
 1.662089e+00  3.849080e-03 
 1.662487e+00  3.830034e-03 
 1.662885e+00  3.811499e-03 
 1.663282e+00  3.793504e-03 
 1.663680e+00  3.776066e-03 
 1.664078e+00  3.759199e-03 
 1.664476e+00  3.742907e-03 
 1.664873e+00  3.727212e-03 
 1.665271e+00  3.712114e-03 
 1.665669e+00  3.697645e-03 
 1.666066e+00  3.683805e-03 
 1.666464e+00  3.670601e-03 
 1.666862e+00  3.658044e-03 
 1.667259e+00  3.646128e-03 
 1.667657e+00  3.634878e-03 
 1.668055e+00  3.624310e-03 
 1.668452e+00  3.614431e-03 
 1.668850e+00  3.605262e-03 
 1.669248e+00  3.596812e-03 
 1.669646e+00  3.589091e-03 
 1.670043e+00  3.582112e-03 
 1.670441e+00  3.575887e-03 
 1.670839e+00  3.570415e-03 
 1.671236e+00  3.565701e-03 
 1.671634e+00  3.561743e-03 
 1.672032e+00  3.558544e-03 
 1.672429e+00  3.556082e-03 
 1.672827e+00  3.554362e-03 
 1.673225e+00  3.553368e-03 
 1.673623e+00  3.553090e-03 
 1.674020e+00  3.553527e-03 
 1.674418e+00  3.554681e-03 
 1.674816e+00  3.556558e-03 
 1.675213e+00  3.559155e-03 
 1.675611e+00  3.562478e-03 
 1.676009e+00  3.566536e-03 
 1.676406e+00  3.571334e-03 
 1.676804e+00  3.576878e-03 
 1.677202e+00  3.583177e-03 
 1.677599e+00  3.590229e-03 
 1.677997e+00  3.598036e-03 
 1.678395e+00  3.606603e-03 
 1.678793e+00  3.615932e-03 
 1.679190e+00  3.626003e-03 
 1.679588e+00  3.636811e-03 
 1.679986e+00  3.648338e-03 
 1.680383e+00  3.660559e-03 
 1.680781e+00  3.673467e-03 
 1.681179e+00  3.687048e-03 
 1.681576e+00  3.701287e-03 
 1.681974e+00  3.716176e-03 
 1.682372e+00  3.731698e-03 
 1.682770e+00  3.747847e-03 
 1.683167e+00  3.764616e-03 
 1.683565e+00  3.781994e-03 
 1.683963e+00  3.799980e-03 
 1.684360e+00  3.818564e-03 
 1.684758e+00  3.837741e-03 
 1.685156e+00  3.857497e-03 
 1.685553e+00  3.877831e-03 
 1.685951e+00  3.898725e-03 
 1.686349e+00  3.920168e-03 
 1.686746e+00  3.942137e-03 
 1.687144e+00  3.964614e-03 
 1.687542e+00  3.987580e-03 
 1.687940e+00  4.011013e-03 
 1.688337e+00  4.034893e-03 
 1.688735e+00  4.059202e-03 
 1.689133e+00  4.083921e-03 
 1.689530e+00  4.109040e-03 
 1.689928e+00  4.134532e-03 
 1.690326e+00  4.160379e-03 
 1.690723e+00  4.186557e-03 
 1.691121e+00  4.213044e-03 
 1.691519e+00  4.239798e-03 
 1.691917e+00  4.266803e-03 
 1.692314e+00  4.294020e-03 
 1.692712e+00  4.321421e-03 
 1.693110e+00  4.348976e-03 
 1.693507e+00  4.376662e-03 
 1.693905e+00  4.404459e-03 
 1.694303e+00  4.432336e-03 
 1.694700e+00  4.460269e-03 
 1.695098e+00  4.488238e-03 
 1.695496e+00  4.516224e-03 
 1.695893e+00  4.544222e-03 
 1.696291e+00  4.572208e-03 
 1.696689e+00  4.600171e-03 
 1.697087e+00  4.628099e-03 
 1.697484e+00  4.655977e-03 
 1.697882e+00  4.683782e-03 
 1.698280e+00  4.711508e-03 
 1.698677e+00  4.739126e-03 
 1.699075e+00  4.766613e-03 
 1.699473e+00  4.793956e-03 
 1.699870e+00  4.821134e-03 
 1.700268e+00  4.848123e-03 
 1.700666e+00  4.874905e-03 
 1.701064e+00  4.901464e-03 
 1.701461e+00  4.927780e-03 
 1.701859e+00  4.953834e-03 
 1.702257e+00  4.979627e-03 
 1.702654e+00  5.005150e-03 
 1.703052e+00  5.030399e-03 
 1.703450e+00  5.055379e-03 
 1.703847e+00  5.080081e-03 
 1.704245e+00  5.104501e-03 
 1.704643e+00  5.128631e-03 
 1.705040e+00  5.152457e-03 
 1.705438e+00  5.175967e-03 
 1.705836e+00  5.199140e-03 
 1.706234e+00  5.221953e-03 
 1.706631e+00  5.244383e-03 
 1.707029e+00  5.266414e-03 
 1.707427e+00  5.288022e-03 
 1.707824e+00  5.309181e-03 
 1.708222e+00  5.329878e-03 
 1.708620e+00  5.350087e-03 
 1.709017e+00  5.369779e-03 
 1.709415e+00  5.388945e-03 
 1.709813e+00  5.407579e-03 
 1.710211e+00  5.425678e-03 
 1.710608e+00  5.443221e-03 
 1.711006e+00  5.460226e-03 
 1.711404e+00  5.476673e-03 
 1.711801e+00  5.492567e-03 
 1.712199e+00  5.507902e-03 
 1.712597e+00  5.522685e-03 
 1.712994e+00  5.536904e-03 
 1.713392e+00  5.550545e-03 
 1.713790e+00  5.563611e-03 
 1.714187e+00  5.576081e-03 
 1.714585e+00  5.587948e-03 
 1.714983e+00  5.599203e-03 
 1.715381e+00  5.609840e-03 
 1.715778e+00  5.619853e-03 
 1.716176e+00  5.629241e-03 
 1.716574e+00  5.638012e-03 
 1.716971e+00  5.646163e-03 
 1.717369e+00  5.653702e-03 
 1.717767e+00  5.660641e-03 
 1.718164e+00  5.666978e-03 
 1.718562e+00  5.672711e-03 
 1.718960e+00  5.677843e-03 
 1.719358e+00  5.682373e-03 
 1.719755e+00  5.686298e-03 
 1.720153e+00  5.689616e-03 
 1.720551e+00  5.692322e-03 
 1.720948e+00  5.694418e-03 
 1.721346e+00  5.695901e-03 
 1.721744e+00  5.696767e-03 
 1.722141e+00  5.697024e-03 
 1.722539e+00  5.696673e-03 
 1.722937e+00  5.695724e-03 
 1.723334e+00  5.694177e-03 
 1.723732e+00  5.692043e-03 
 1.724130e+00  5.689325e-03 
 1.724528e+00  5.686028e-03 
 1.724925e+00  5.682152e-03 
 1.725323e+00  5.677695e-03 
 1.725721e+00  5.672654e-03 
 1.726118e+00  5.667027e-03 
 1.726516e+00  5.660804e-03 
 1.726914e+00  5.653994e-03 
 1.727311e+00  5.646594e-03 
 1.727709e+00  5.638595e-03 
 1.728107e+00  5.630005e-03 
 1.728505e+00  5.620829e-03 
 1.728902e+00  5.611082e-03 
 1.729300e+00  5.600770e-03 
 1.729698e+00  5.589902e-03 
 1.730095e+00  5.578506e-03 
 1.730493e+00  5.566577e-03 
 1.730891e+00  5.554132e-03 
 1.731288e+00  5.541184e-03 
 1.731686e+00  5.527736e-03 
 1.732084e+00  5.513788e-03 
 1.732481e+00  5.499344e-03 
 1.732879e+00  5.484399e-03 
 1.733277e+00  5.468938e-03 
 1.733675e+00  5.452956e-03 
 1.734072e+00  5.436446e-03 
 1.734470e+00  5.419400e-03 
 1.734868e+00  5.401822e-03 
 1.735265e+00  5.383709e-03 
 1.735663e+00  5.365070e-03 
 1.736061e+00  5.345913e-03 
 1.736458e+00  5.326255e-03 
 1.736856e+00  5.306104e-03 
 1.737254e+00  5.285487e-03 
 1.737652e+00  5.264422e-03 
 1.738049e+00  5.242926e-03 
 1.738447e+00  5.221028e-03 
 1.738845e+00  5.198748e-03 
 1.739242e+00  5.176105e-03 
 1.739640e+00  5.153114e-03 
 1.740038e+00  5.129786e-03 
 1.740435e+00  5.106129e-03 
 1.740833e+00  5.082162e-03 
 1.741231e+00  5.057904e-03 
 1.741628e+00  5.033358e-03 
 1.742026e+00  5.008533e-03 
 1.742424e+00  4.983437e-03 
 1.742822e+00  4.958082e-03 
 1.743219e+00  4.932491e-03 
 1.743617e+00  4.906673e-03 
 1.744015e+00  4.880647e-03 
 1.744412e+00  4.854433e-03 
 1.744810e+00  4.828055e-03 
 1.745208e+00  4.801535e-03 
 1.745605e+00  4.774886e-03 
 1.746003e+00  4.748120e-03 
 1.746401e+00  4.721262e-03 
 1.746799e+00  4.694310e-03 
 1.747196e+00  4.667275e-03 
 1.747594e+00  4.640175e-03 
 1.747992e+00  4.613011e-03 
 1.748389e+00  4.585791e-03 
 1.748787e+00  4.558524e-03 
 1.749185e+00  4.531227e-03 
 1.749582e+00  4.503917e-03 
 1.749980e+00  4.476598e-03 
 1.750378e+00  4.449294e-03 
 1.750775e+00  4.422026e-03 
 1.751173e+00  4.394810e-03 
 1.751571e+00  4.367658e-03 
 1.751969e+00  4.340604e-03 
 1.752366e+00  4.313667e-03 
 1.752764e+00  4.286856e-03 
 1.753162e+00  4.260195e-03 
 1.753559e+00  4.233713e-03 
 1.753957e+00  4.207424e-03 
 1.754355e+00  4.181352e-03 
 1.754752e+00  4.155522e-03 
 1.755150e+00  4.129964e-03 
 1.755548e+00  4.104708e-03 
 1.755946e+00  4.079777e-03 
 1.756343e+00  4.055213e-03 
 1.756741e+00  4.031037e-03 
 1.757139e+00  4.007278e-03 
 1.757536e+00  3.983965e-03 
 1.757934e+00  3.961127e-03 
 1.758332e+00  3.938787e-03 
 1.758729e+00  3.916961e-03 
 1.759127e+00  3.895671e-03 
 1.759525e+00  3.874937e-03 
 1.759922e+00  3.854757e-03 
 1.760320e+00  3.835162e-03 
 1.760718e+00  3.816129e-03 
 1.761116e+00  3.797674e-03 
 1.761513e+00  3.779808e-03 
 1.761911e+00  3.762527e-03 
 1.762309e+00  3.745842e-03 
 1.762706e+00  3.729761e-03 
 1.763104e+00  3.714301e-03 
 1.763502e+00  3.699474e-03 
 1.763899e+00  3.685299e-03 
 1.764297e+00  3.671789e-03 
 1.764695e+00  3.658957e-03 
 1.765093e+00  3.646813e-03 
 1.765490e+00  3.635360e-03 
 1.765888e+00  3.624612e-03 
 1.766286e+00  3.614567e-03 
 1.766683e+00  3.605240e-03 
 1.767081e+00  3.596632e-03 
 1.767479e+00  3.588737e-03 
 1.767876e+00  3.581556e-03 
 1.768274e+00  3.575093e-03 
 1.768672e+00  3.569344e-03 
 1.769069e+00  3.564315e-03 
 1.769467e+00  3.560010e-03 
 1.769865e+00  3.556429e-03 
 1.770263e+00  3.553580e-03 
 1.770660e+00  3.551471e-03 
 1.771058e+00  3.550113e-03 
 1.771456e+00  3.549517e-03 
 1.771853e+00  3.549686e-03 
 1.772251e+00  3.550628e-03 
 1.772649e+00  3.552344e-03 
 1.773046e+00  3.554839e-03 
 1.773444e+00  3.558109e-03 
 1.773842e+00  3.562156e-03 
 1.774240e+00  3.566978e-03 
 1.774637e+00  3.572548e-03 
 1.775035e+00  3.578859e-03 
 1.775433e+00  3.585899e-03 
 1.775830e+00  3.593667e-03 
 1.776228e+00  3.602153e-03 
 1.776626e+00  3.611339e-03 
 1.777023e+00  3.621210e-03 
 1.777421e+00  3.631758e-03 
 1.777819e+00  3.642976e-03 
 1.778216e+00  3.654857e-03 
 1.778614e+00  3.667395e-03 
 1.779012e+00  3.680582e-03 
 1.779410e+00  3.694408e-03 
 1.779807e+00  3.708868e-03 
 1.780205e+00  3.723961e-03 
 1.780603e+00  3.739671e-03 
 1.781000e+00  3.755990e-03 
 1.781398e+00  3.772894e-03 
 1.781796e+00  3.790373e-03 
 1.782193e+00  3.808417e-03 
 1.782591e+00  3.827015e-03 
 1.782989e+00  3.846149e-03 
 1.783387e+00  3.865807e-03 
 1.783784e+00  3.885978e-03 
 1.784182e+00  3.906650e-03 
 1.784580e+00  3.927807e-03 
 1.784977e+00  3.949437e-03 
 1.785375e+00  3.971529e-03 
 1.785773e+00  3.994057e-03 
 1.786170e+00  4.016997e-03 
 1.786568e+00  4.040331e-03 
 1.786966e+00  4.064034e-03 
 1.787363e+00  4.088081e-03 
 1.787761e+00  4.112438e-03 
 1.788159e+00  4.137080e-03 
 1.788557e+00  4.161985e-03 
 1.788954e+00  4.187124e-03 
 1.789352e+00  4.212465e-03 
 1.789750e+00  4.237990e-03 
 1.790147e+00  4.263684e-03 
 1.790545e+00  4.289531e-03 
 1.790943e+00  4.315521e-03 
 1.791340e+00  4.341653e-03 
 1.791738e+00  4.367914e-03 
 1.792136e+00  4.394296e-03 
 1.792534e+00  4.420791e-03 
 1.792931e+00  4.447398e-03 
 1.793329e+00  4.474092e-03 
 1.793727e+00  4.500858e-03 
 1.794124e+00  4.527672e-03 
 1.794522e+00  4.554517e-03 
 1.794920e+00  4.581370e-03 
 1.795317e+00  4.608205e-03 
 1.795715e+00  4.635002e-03 
 1.796113e+00  4.661744e-03 
 1.796510e+00  4.688405e-03 
 1.796908e+00  4.714979e-03 
 1.797306e+00  4.741457e-03 
 1.797704e+00  4.767835e-03 
 1.798101e+00  4.794110e-03 
 1.798499e+00  4.820279e-03 
 1.798897e+00  4.846333e-03 
 1.799294e+00  4.872265e-03 
 1.799692e+00  4.898071e-03 
 1.800090e+00  4.923738e-03 
 1.800487e+00  4.949250e-03 
 1.800885e+00  4.974586e-03 
 1.801283e+00  4.999724e-03 
 1.801681e+00  5.024639e-03 
 1.802078e+00  5.049305e-03 
 1.802476e+00  5.073693e-03 
 1.802874e+00  5.097774e-03 
 1.803271e+00  5.121522e-03 
 1.803669e+00  5.144907e-03 
 1.804067e+00  5.167921e-03 
 1.804464e+00  5.190543e-03 
 1.804862e+00  5.212761e-03 
 1.805260e+00  5.234568e-03 
 1.805657e+00  5.255958e-03 
 1.806055e+00  5.276918e-03 
 1.806453e+00  5.297453e-03 
 1.806851e+00  5.317553e-03 
 1.807248e+00  5.337216e-03 
 1.807646e+00  5.356430e-03 
 1.808044e+00  5.375191e-03 
 1.808441e+00  5.393486e-03 
 1.808839e+00  5.411315e-03 
 1.809237e+00  5.428670e-03 
 1.809634e+00  5.445532e-03 
 1.810032e+00  5.461914e-03 
 1.810430e+00  5.477797e-03 
 1.810828e+00  5.493187e-03 
 1.811225e+00  5.508082e-03 
 1.811623e+00  5.522478e-03 
 1.812021e+00  5.536377e-03 
 1.812418e+00  5.549777e-03 
 1.812816e+00  5.562683e-03 
 1.813214e+00  5.575083e-03 
 1.813611e+00  5.586981e-03 
 1.814009e+00  5.598361e-03 
 1.814407e+00  5.609223e-03 
 1.814804e+00  5.619551e-03 
 1.815202e+00  5.629341e-03 
 1.815600e+00  5.638589e-03 
 1.815998e+00  5.647276e-03 
 1.816395e+00  5.655393e-03 
 1.816793e+00  5.662937e-03 
 1.817191e+00  5.669896e-03 
 1.817588e+00  5.676268e-03 
 1.817986e+00  5.682054e-03 
 1.818384e+00  5.687250e-03 
 1.818781e+00  5.691847e-03 
 1.819179e+00  5.695853e-03 
 1.819577e+00  5.699259e-03 
 1.819975e+00  5.702061e-03 
 1.820372e+00  5.704246e-03 
 1.820770e+00  5.705800e-03 
 1.821168e+00  5.706709e-03 
 1.821565e+00  5.706974e-03 
 1.821963e+00  5.706579e-03 
 1.822361e+00  5.705520e-03 
 1.822758e+00  5.703784e-03 
 1.823156e+00  5.701369e-03 
 1.823554e+00  5.698273e-03 
 1.823951e+00  5.694496e-03 
 1.824349e+00  5.690042e-03 
 1.824747e+00  5.684920e-03 
 1.825145e+00  5.679136e-03 
 1.825542e+00  5.672712e-03 
 1.825940e+00  5.665660e-03 
 1.826338e+00  5.657998e-03 
 1.826735e+00  5.649724e-03 
 1.827133e+00  5.640838e-03 
 1.827531e+00  5.631351e-03 
 1.827928e+00  5.621260e-03 
 1.828326e+00  5.610553e-03 
 1.828724e+00  5.599223e-03 
 1.829122e+00  5.587270e-03 
 1.829519e+00  5.574678e-03 
 1.829917e+00  5.561448e-03 
 1.830315e+00  5.547588e-03 
 1.830712e+00  5.533095e-03 
 1.831110e+00  5.517967e-03 
 1.831508e+00  5.502222e-03 
 1.831905e+00  5.485878e-03 
 1.832303e+00  5.468951e-03 
 1.832701e+00  5.451467e-03 
 1.833098e+00  5.433437e-03 
 1.833496e+00  5.414882e-03 
 1.833894e+00  5.395820e-03 
 1.834292e+00  5.376271e-03 
 1.834689e+00  5.356246e-03 
 1.835087e+00  5.335760e-03 
 1.835485e+00  5.314821e-03 
 1.835882e+00  5.293429e-03 
 1.836280e+00  5.271600e-03 
 1.836678e+00  5.249342e-03 
 1.837075e+00  5.226657e-03 
 1.837473e+00  5.203562e-03 
 1.837871e+00  5.180063e-03 
 1.838269e+00  5.156179e-03 
 1.838666e+00  5.131925e-03 
 1.839064e+00  5.107331e-03 
 1.839462e+00  5.082408e-03 
 1.839859e+00  5.057172e-03 
 1.840257e+00  5.031644e-03 
 1.840655e+00  5.005841e-03 
 1.841052e+00  4.979770e-03 
 1.841450e+00  4.953455e-03 
 1.841848e+00  4.926911e-03 
 1.842245e+00  4.900146e-03 
 1.842643e+00  4.873169e-03 
 1.843041e+00  4.845992e-03 
 1.843439e+00  4.818632e-03 
 1.843836e+00  4.791104e-03 
 1.844234e+00  4.763432e-03 
 1.844632e+00  4.735617e-03 
 1.845029e+00  4.707686e-03 
 1.845427e+00  4.679660e-03 
 1.845825e+00  4.651554e-03 
 1.846222e+00  4.623396e-03 
 1.846620e+00  4.595205e-03 
 1.847018e+00  4.566991e-03 
 1.847416e+00  4.538773e-03 
 1.847813e+00  4.510566e-03 
 1.848211e+00  4.482397e-03 
 1.848609e+00  4.454276e-03 
 1.849006e+00  4.426222e-03 
 1.849404e+00  4.398252e-03 
 1.849802e+00  4.370387e-03 
 1.850199e+00  4.342657e-03 
 1.850597e+00  4.315078e-03 
 1.850995e+00  4.287686e-03 
 1.851392e+00  4.260508e-03 
 1.851790e+00  4.233572e-03 
 1.852188e+00  4.206918e-03 
 1.852586e+00  4.180576e-03 
 1.852983e+00  4.154577e-03 
 1.853381e+00  4.128957e-03 
 1.853779e+00  4.103739e-03 
 1.854176e+00  4.078947e-03 
 1.854574e+00  4.054606e-03 
 1.854972e+00  4.030726e-03 
 1.855369e+00  4.007316e-03 
 1.855767e+00  3.984388e-03 
 1.856165e+00  3.961946e-03 
 1.856562e+00  3.939998e-03 
 1.856960e+00  3.918555e-03 
 1.857358e+00  3.897626e-03 
 1.857756e+00  3.877212e-03 
 1.858153e+00  3.857340e-03 
 1.858551e+00  3.838023e-03 
 1.858949e+00  3.819272e-03 
 1.859346e+00  3.801112e-03 
 1.859744e+00  3.783559e-03 
 1.860142e+00  3.766631e-03 
 1.860539e+00  3.750329e-03 
 1.860937e+00  3.734682e-03 
 1.861335e+00  3.719691e-03 
 1.861733e+00  3.705360e-03 
 1.862130e+00  3.691694e-03 
 1.862528e+00  3.678692e-03 
 1.862926e+00  3.666358e-03 
 1.863323e+00  3.654681e-03 
 1.863721e+00  3.643657e-03 
 1.864119e+00  3.633295e-03 
 1.864516e+00  3.623580e-03 
 1.864914e+00  3.614527e-03 
 1.865312e+00  3.606134e-03 
 1.865709e+00  3.598415e-03 
 1.866107e+00  3.591380e-03 
 1.866505e+00  3.585041e-03 
 1.866903e+00  3.579410e-03 
 1.867300e+00  3.574507e-03 
 1.867698e+00  3.570333e-03 
 1.868096e+00  3.566902e-03 
 1.868493e+00  3.564212e-03 
 1.868891e+00  3.562269e-03 
 1.869289e+00  3.561072e-03 
 1.869686e+00  3.560629e-03 
 1.870084e+00  3.560937e-03 
 1.870482e+00  3.561988e-03 
 1.870880e+00  3.563783e-03 
 1.871277e+00  3.566312e-03 
 1.871675e+00  3.569568e-03 
 1.872073e+00  3.573554e-03 
 1.872470e+00  3.578264e-03 
 1.872868e+00  3.583690e-03 
 1.873266e+00  3.589824e-03 
 1.873663e+00  3.596665e-03 
 1.874061e+00  3.604210e-03 
 1.874459e+00  3.612454e-03 
 1.874856e+00  3.621384e-03 
 1.875254e+00  3.630979e-03 
 1.875652e+00  3.641233e-03 
 1.876050e+00  3.652137e-03 
 1.876447e+00  3.663667e-03 
 1.876845e+00  3.675813e-03 
 1.877243e+00  3.688568e-03 
 1.877640e+00  3.701919e-03 
 1.878038e+00  3.715856e-03 
 1.878436e+00  3.730368e-03 
 1.878833e+00  3.745445e-03 
 1.879231e+00  3.761082e-03 
 1.879629e+00  3.777250e-03 
 1.880027e+00  3.793943e-03 
 1.880424e+00  3.811151e-03 
 1.880822e+00  3.828854e-03 
 1.881220e+00  3.847038e-03 
 1.881617e+00  3.865687e-03 
 1.882015e+00  3.884786e-03 
 1.882413e+00  3.904305e-03 
 1.882810e+00  3.924235e-03 
 1.883208e+00  3.944546e-03 
 1.883606e+00  3.965213e-03 
 1.884003e+00  3.986221e-03 
 1.884401e+00  4.007553e-03 
 1.884799e+00  4.029204e-03 
 1.885197e+00  4.051171e-03 
 1.885594e+00  4.073453e-03 
 1.885992e+00  4.096056e-03 
 1.886390e+00  4.118979e-03 
 1.886787e+00  4.142223e-03 
 1.887185e+00  4.165784e-03 
 1.887583e+00  4.189658e-03 
 1.887980e+00  4.213843e-03 
 1.888378e+00  4.238323e-03 
 1.888776e+00  4.263078e-03 
 1.889174e+00  4.288096e-03 
 1.889571e+00  4.313349e-03 
 1.889969e+00  4.338820e-03 
 1.890367e+00  4.364477e-03 
 1.890764e+00  4.390294e-03 
 1.891162e+00  4.416247e-03 
 1.891560e+00  4.442310e-03 
 1.891957e+00  4.468468e-03 
 1.892355e+00  4.494703e-03 
 1.892753e+00  4.521003e-03 
 1.893150e+00  4.547356e-03 
 1.893548e+00  4.573756e-03 
 1.893946e+00  4.600194e-03 
 1.894344e+00  4.626659e-03 
 1.894741e+00  4.653143e-03 
 1.895139e+00  4.679627e-03 
 1.895537e+00  4.706095e-03 
 1.895934e+00  4.732529e-03 
 1.896332e+00  4.758907e-03 
 1.896730e+00  4.785207e-03 
 1.897127e+00  4.811397e-03 
 1.897525e+00  4.837455e-03 
 1.897923e+00  4.863356e-03 
 1.898321e+00  4.889072e-03 
 1.898718e+00  4.914583e-03 
 1.899116e+00  4.939868e-03 
 1.899514e+00  4.964912e-03 
 1.899911e+00  4.989702e-03 
 1.900309e+00  5.014231e-03 
 1.900707e+00  5.038490e-03 
 1.901104e+00  5.062474e-03 
 1.901502e+00  5.086176e-03 
 1.901900e+00  5.109586e-03 
 1.902297e+00  5.132706e-03 
 1.902695e+00  5.155531e-03 
 1.903093e+00  5.178050e-03 
 1.903491e+00  5.200253e-03 
 1.903888e+00  5.222127e-03 
 1.904286e+00  5.243662e-03 
 1.904684e+00  5.264864e-03 
 1.905081e+00  5.285714e-03 
 1.905479e+00  5.306199e-03 
 1.905877e+00  5.326319e-03 
 1.906274e+00  5.346065e-03 
 1.906672e+00  5.365425e-03 
 1.907070e+00  5.384391e-03 
 1.907468e+00  5.402954e-03 
 1.907865e+00  5.421104e-03 
 1.908263e+00  5.438825e-03 
 1.908661e+00  5.456120e-03 
 1.909058e+00  5.472974e-03 
 1.909456e+00  5.489370e-03 
 1.909854e+00  5.505308e-03 
 1.910251e+00  5.520766e-03 
 1.910649e+00  5.535733e-03 
 1.911047e+00  5.550195e-03 
 1.911444e+00  5.564138e-03 
 1.911842e+00  5.577544e-03 
 1.912240e+00  5.590400e-03 
 1.912638e+00  5.602703e-03 
 1.913035e+00  5.614445e-03 
 1.913433e+00  5.625617e-03 
 1.913831e+00  5.636224e-03 
 1.914228e+00  5.646259e-03 
 1.914626e+00  5.655711e-03 
 1.915024e+00  5.664568e-03 
 1.915421e+00  5.672816e-03 
 1.915819e+00  5.680446e-03 
 1.916217e+00  5.687446e-03 
 1.916615e+00  5.693800e-03 
 1.917012e+00  5.699491e-03 
 1.917410e+00  5.704505e-03 
 1.917808e+00  5.708836e-03 
 1.918205e+00  5.712465e-03 
 1.918603e+00  5.715382e-03 
 1.919001e+00  5.717591e-03 
 1.919398e+00  5.719086e-03 
 1.919796e+00  5.719876e-03 
 1.920194e+00  5.719972e-03 
 1.920591e+00  5.719385e-03 
 1.920989e+00  5.718135e-03 
 1.921387e+00  5.716228e-03 
 1.921785e+00  5.713674e-03 
 1.922182e+00  5.710473e-03 
 1.922580e+00  5.706622e-03 
 1.922978e+00  5.702117e-03 
 1.923375e+00  5.696953e-03 
 1.923773e+00  5.691123e-03 
 1.924171e+00  5.684617e-03 
 1.924568e+00  5.677429e-03 
 1.924966e+00  5.669553e-03 
 1.925364e+00  5.660978e-03 
 1.925762e+00  5.651706e-03 
 1.926159e+00  5.641743e-03 
 1.926557e+00  5.631096e-03 
 1.926955e+00  5.619772e-03 
 1.927352e+00  5.607784e-03 
 1.927750e+00  5.595152e-03 
 1.928148e+00  5.581891e-03 
 1.928545e+00  5.568029e-03 
 1.928943e+00  5.553589e-03 
 1.929341e+00  5.538580e-03 
 1.929738e+00  5.523008e-03 
 1.930136e+00  5.506884e-03 
 1.930534e+00  5.490219e-03 
 1.930932e+00  5.473005e-03 
 1.931329e+00  5.455243e-03 
 1.931727e+00  5.436939e-03 
 1.932125e+00  5.418090e-03 
 1.932522e+00  5.398707e-03 
 1.932920e+00  5.378804e-03 
 1.933318e+00  5.358392e-03 
 1.933715e+00  5.337479e-03 
 1.934113e+00  5.316075e-03 
 1.934511e+00  5.294188e-03 
 1.934909e+00  5.271827e-03 
 1.935306e+00  5.249010e-03 
 1.935704e+00  5.225745e-03 
 1.936102e+00  5.202044e-03 
 1.936499e+00  5.177925e-03 
 1.936897e+00  5.153393e-03 
 1.937295e+00  5.128464e-03 
 1.937692e+00  5.103156e-03 
 1.938090e+00  5.077480e-03 
 1.938488e+00  5.051444e-03 
 1.938885e+00  5.025065e-03 
 1.939283e+00  4.998366e-03 
 1.939681e+00  4.971372e-03 
 1.940079e+00  4.944100e-03 
 1.940476e+00  4.916574e-03 
 1.940874e+00  4.888823e-03 
 1.941272e+00  4.860869e-03 
 1.941669e+00  4.832743e-03 
 1.942067e+00  4.804467e-03 
 1.942465e+00  4.776061e-03 
 1.942862e+00  4.747551e-03 
 1.943260e+00  4.718947e-03 
 1.943658e+00  4.690274e-03 
 1.944056e+00  4.661550e-03 
 1.944453e+00  4.632795e-03 
 1.944851e+00  4.604030e-03 
 1.945249e+00  4.575279e-03 
 1.945646e+00  4.546572e-03 
 1.946044e+00  4.517930e-03 
 1.946442e+00  4.489384e-03 
 1.946839e+00  4.460972e-03 
 1.947237e+00  4.432731e-03 
 1.947635e+00  4.404689e-03 
 1.948032e+00  4.376887e-03 
 1.948430e+00  4.349363e-03 
 1.948828e+00  4.322138e-03 
 1.949226e+00  4.295227e-03 
 1.949623e+00  4.268651e-03 
 1.950021e+00  4.242424e-03 
 1.950419e+00  4.216546e-03 
 1.950816e+00  4.191025e-03 
 1.951214e+00  4.165858e-03 
 1.951612e+00  4.141059e-03 
 1.952009e+00  4.116621e-03 
 1.952407e+00  4.092550e-03 
 1.952805e+00  4.068865e-03 
 1.953203e+00  4.045560e-03 
 1.953600e+00  4.022662e-03 
 1.953998e+00  4.000189e-03 
 1.954396e+00  3.978162e-03 
 1.954793e+00  3.956603e-03 
 1.955191e+00  3.935526e-03 
 1.955589e+00  3.914953e-03 
 1.955986e+00  3.894893e-03 
 1.956384e+00  3.875366e-03 
 1.956782e+00  3.856389e-03 
 1.957179e+00  3.837954e-03 
 1.957577e+00  3.820072e-03 
 1.957975e+00  3.802738e-03 
 1.958373e+00  3.785956e-03 
 1.958770e+00  3.769726e-03 
 1.959168e+00  3.754038e-03 
 1.959566e+00  3.738917e-03 
 1.959963e+00  3.724375e-03 
 1.960361e+00  3.710419e-03 
 1.960759e+00  3.697079e-03 
 1.961156e+00  3.684364e-03 
 1.961554e+00  3.672296e-03 
 1.961952e+00  3.660893e-03 
 1.962350e+00  3.650164e-03 
 1.962747e+00  3.640138e-03 
 1.963145e+00  3.630820e-03 
 1.963543e+00  3.622228e-03 
 1.963940e+00  3.614361e-03 
 1.964338e+00  3.607231e-03 
 1.964736e+00  3.600844e-03 
 1.965133e+00  3.595198e-03 
 1.965531e+00  3.590297e-03 
 1.965929e+00  3.586143e-03 
 1.966326e+00  3.582727e-03 
 1.966724e+00  3.580044e-03 
 1.967122e+00  3.578086e-03 
 1.967520e+00  3.576851e-03 
 1.967917e+00  3.576332e-03 
 1.968315e+00  3.576522e-03 
 1.968713e+00  3.577415e-03 
 1.969110e+00  3.579001e-03 
 1.969508e+00  3.581272e-03 
 1.969906e+00  3.584213e-03 
 1.970303e+00  3.587822e-03 
 1.970701e+00  3.592089e-03 
 1.971099e+00  3.596992e-03 
 1.971497e+00  3.602522e-03 
 1.971894e+00  3.608675e-03 
 1.972292e+00  3.615460e-03 
 1.972690e+00  3.622870e-03 
 1.973087e+00  3.630890e-03 
 1.973485e+00  3.639515e-03 
 1.973883e+00  3.648738e-03 
 1.974280e+00  3.658551e-03 
 1.974678e+00  3.668957e-03 
 1.975076e+00  3.679954e-03 
 1.975473e+00  3.691532e-03 
 1.975871e+00  3.703684e-03 
 1.976269e+00  3.716410e-03 
 1.976667e+00  3.729696e-03 
 1.977064e+00  3.743531e-03 
 1.977462e+00  3.757896e-03 
 1.977860e+00  3.772766e-03 
 1.978257e+00  3.788137e-03 
 1.978655e+00  3.803985e-03 
 1.979053e+00  3.820308e-03 
 1.979450e+00  3.837092e-03 
 1.979848e+00  3.854341e-03 
 1.980246e+00  3.872047e-03 
 1.980644e+00  3.890223e-03 
 1.981041e+00  3.908865e-03 
 1.981439e+00  3.927967e-03 
 1.981837e+00  3.947540e-03 
 1.982234e+00  3.967579e-03 
 1.982632e+00  3.988078e-03 
 1.983030e+00  4.009036e-03 
 1.983427e+00  4.030438e-03 
 1.983825e+00  4.052275e-03 
 1.984223e+00  4.074515e-03 
 1.984620e+00  4.097148e-03 
 1.985018e+00  4.120138e-03 
 1.985416e+00  4.143457e-03 
 1.985814e+00  4.167057e-03 
 1.986211e+00  4.190919e-03 
 1.986609e+00  4.215016e-03 
 1.987007e+00  4.239328e-03 
 1.987404e+00  4.263838e-03 
 1.987802e+00  4.288530e-03 
 1.988200e+00  4.313397e-03 
 1.988597e+00  4.338431e-03 
 1.988995e+00  4.363623e-03 
 1.989393e+00  4.388973e-03 
 1.989791e+00  4.414467e-03 
 1.990188e+00  4.440088e-03 
 1.990586e+00  4.465823e-03 
 1.990984e+00  4.491661e-03 
 1.991381e+00  4.517583e-03 
 1.991779e+00  4.543564e-03 
 1.992177e+00  4.569587e-03 
 1.992574e+00  4.595630e-03 
 1.992972e+00  4.621665e-03 
 1.993370e+00  4.647680e-03 
 1.993767e+00  4.673658e-03 
 1.994165e+00  4.699587e-03 
 1.994563e+00  4.725451e-03 
 1.994961e+00  4.751240e-03 
 1.995358e+00  4.776947e-03 
 1.995756e+00  4.802565e-03 
 1.996154e+00  4.828088e-03 
 1.996551e+00  4.853509e-03 
 1.996949e+00  4.878825e-03 
 1.997347e+00  4.904024e-03 
 1.997744e+00  4.929099e-03 
 1.998142e+00  4.954045e-03 
 1.998540e+00  4.978857e-03 
 1.998938e+00  5.003519e-03 
 1.999335e+00  5.028020e-03 
 1.999733e+00  5.052345e-03 
 2.000131e+00  5.076481e-03 
 2.000528e+00  5.100411e-03 
 2.000926e+00  5.124123e-03 
 2.001324e+00  5.147603e-03 
 2.001721e+00  5.170837e-03 
 2.002119e+00  5.193812e-03 
 2.002517e+00  5.216509e-03 
 2.002914e+00  5.238917e-03 
 2.003312e+00  5.261027e-03 
 2.003710e+00  5.282827e-03 
 2.004108e+00  5.304293e-03 
 2.004505e+00  5.325413e-03 
 2.004903e+00  5.346172e-03 
 2.005301e+00  5.366544e-03 
 2.005698e+00  5.386517e-03 
 2.006096e+00  5.406069e-03 
 2.006494e+00  5.425176e-03 
 2.006891e+00  5.443823e-03 
 2.007289e+00  5.462006e-03 
 2.007687e+00  5.479703e-03 
 2.008085e+00  5.496909e-03 
 2.008482e+00  5.513620e-03 
 2.008880e+00  5.529822e-03 
 2.009278e+00  5.545498e-03 
 2.009675e+00  5.560648e-03 
 2.010073e+00  5.575251e-03 
 2.010471e+00  5.589297e-03 
 2.010868e+00  5.602755e-03 
 2.011266e+00  5.615623e-03 
 2.011664e+00  5.627872e-03 
 2.012061e+00  5.639490e-03 
 2.012459e+00  5.650443e-03 
 2.012857e+00  5.660725e-03 
 2.013255e+00  5.670315e-03 
 2.013652e+00  5.679201e-03 
 2.014050e+00  5.687374e-03 
 2.014448e+00  5.694833e-03 
 2.014845e+00  5.701583e-03 
 2.015243e+00  5.707629e-03 
 2.015641e+00  5.712981e-03 
 2.016038e+00  5.717658e-03 
 2.016436e+00  5.721665e-03 
 2.016834e+00  5.725013e-03 
 2.017232e+00  5.727701e-03 
 2.017629e+00  5.729732e-03 
 2.018027e+00  5.731098e-03 
 2.018425e+00  5.731796e-03 
 2.018822e+00  5.731814e-03 
 2.019220e+00  5.731138e-03 
 2.019618e+00  5.729750e-03 
 2.020015e+00  5.727651e-03 
 2.020413e+00  5.724823e-03 
 2.020811e+00  5.721258e-03 
 2.021208e+00  5.716951e-03 
 2.021606e+00  5.711907e-03 
 2.022004e+00  5.706132e-03 
 2.022402e+00  5.699641e-03 
 2.022799e+00  5.692449e-03 
 2.023197e+00  5.684576e-03 
 2.023595e+00  5.676035e-03 
 2.023992e+00  5.666832e-03 
 2.024390e+00  5.656981e-03 
 2.024788e+00  5.646482e-03 
 2.025185e+00  5.635336e-03 
 2.025583e+00  5.623540e-03 
 2.025981e+00  5.611097e-03 
 2.026379e+00  5.598011e-03 
 2.026776e+00  5.584281e-03 
 2.027174e+00  5.569911e-03 
 2.027572e+00  5.554897e-03 
 2.027969e+00  5.539241e-03 
 2.028367e+00  5.522942e-03 
 2.028765e+00  5.506001e-03 
 2.029162e+00  5.488424e-03 
 2.029560e+00  5.470218e-03 
 2.029958e+00  5.451396e-03 
 2.030355e+00  5.431975e-03 
 2.030753e+00  5.411963e-03 
 2.031151e+00  5.391385e-03 
 2.031549e+00  5.370248e-03 
 2.031946e+00  5.348576e-03 
 2.032344e+00  5.326383e-03 
 2.032742e+00  5.303686e-03 
 2.033139e+00  5.280499e-03 
 2.033537e+00  5.256839e-03 
 2.033935e+00  5.232730e-03 
 2.034332e+00  5.208192e-03 
 2.034730e+00  5.183259e-03 
 2.035128e+00  5.157953e-03 
 2.035526e+00  5.132301e-03 
 2.035923e+00  5.106336e-03 
 2.036321e+00  5.080083e-03 
 2.036719e+00  5.053569e-03 
 2.037116e+00  5.026807e-03 
 2.037514e+00  4.999827e-03 
 2.037912e+00  4.972641e-03 
 2.038309e+00  4.945270e-03 
 2.038707e+00  4.917735e-03 
 2.039105e+00  4.890043e-03 
 2.039502e+00  4.862213e-03 
 2.039900e+00  4.834254e-03 
 2.040298e+00  4.806190e-03 
 2.040696e+00  4.778043e-03 
 2.041093e+00  4.749832e-03 
 2.041491e+00  4.721577e-03 
 2.041889e+00  4.693313e-03 
 2.042286e+00  4.665063e-03 
 2.042684e+00  4.636862e-03 
 2.043082e+00  4.608728e-03 
 2.043479e+00  4.580687e-03 
 2.043877e+00  4.552752e-03 
 2.044275e+00  4.524935e-03 
 2.044673e+00  4.497258e-03 
 2.045070e+00  4.469729e-03 
 2.045468e+00  4.442351e-03 
 2.045866e+00  4.415130e-03 
 2.046263e+00  4.388072e-03 
 2.046661e+00  4.361176e-03 
 2.047059e+00  4.334444e-03 
 2.047456e+00  4.307893e-03 
 2.047854e+00  4.281528e-03 
 2.048252e+00  4.255369e-03 
 2.048649e+00  4.229441e-03 
 2.049047e+00  4.203774e-03 
 2.049445e+00  4.178394e-03 
 2.049843e+00  4.153337e-03 
 2.050240e+00  4.128642e-03 
 2.050638e+00  4.104338e-03 
 2.051036e+00  4.080448e-03 
 2.051433e+00  4.056991e-03 
 2.051831e+00  4.033994e-03 
 2.052229e+00  4.011470e-03 
 2.052626e+00  3.989435e-03 
 2.053024e+00  3.967898e-03 
 2.053422e+00  3.946857e-03 
 2.053820e+00  3.926321e-03 
 2.054217e+00  3.906295e-03 
 2.054615e+00  3.886795e-03 
 2.055013e+00  3.867842e-03 
 2.055410e+00  3.849430e-03 
 2.055808e+00  3.831585e-03 
 2.056206e+00  3.814321e-03 
 2.056603e+00  3.797645e-03 
 2.057001e+00  3.781585e-03 
 2.057399e+00  3.766145e-03 
 2.057796e+00  3.751341e-03 
 2.058194e+00  3.737193e-03 
 2.058592e+00  3.723703e-03 
 2.058990e+00  3.710889e-03 
 2.059387e+00  3.698747e-03 
 2.059785e+00  3.687282e-03 
 2.060183e+00  3.676485e-03 
 2.060580e+00  3.666355e-03 
 2.060978e+00  3.656889e-03 
 2.061376e+00  3.648083e-03 
 2.061773e+00  3.639934e-03 
 2.062171e+00  3.632437e-03 
 2.062569e+00  3.625591e-03 
 2.062967e+00  3.619387e-03 
 2.063364e+00  3.613820e-03 
 2.063762e+00  3.608889e-03 
 2.064160e+00  3.604598e-03 
 2.064557e+00  3.600939e-03 
 2.064955e+00  3.597910e-03 
 2.065353e+00  3.595508e-03 
 2.065750e+00  3.593730e-03 
 2.066148e+00  3.592579e-03 
 2.066546e+00  3.592054e-03 
 2.066943e+00  3.592157e-03 
 2.067341e+00  3.592882e-03 
 2.067739e+00  3.594231e-03 
 2.068137e+00  3.596214e-03 
 2.068534e+00  3.598829e-03 
 2.068932e+00  3.602080e-03 
 2.069330e+00  3.605969e-03 
 2.069727e+00  3.610489e-03 
 2.070125e+00  3.615642e-03 
 2.070523e+00  3.621436e-03 
 2.070920e+00  3.627865e-03 
 2.071318e+00  3.634918e-03 
 2.071716e+00  3.642577e-03 
 2.072114e+00  3.650836e-03 
 2.072511e+00  3.659675e-03 
 2.072909e+00  3.669076e-03 
 2.073307e+00  3.679026e-03 
 2.073704e+00  3.689522e-03 
 2.074102e+00  3.700554e-03 
 2.074500e+00  3.712114e-03 
 2.074897e+00  3.724206e-03 
 2.075295e+00  3.736834e-03 
 2.075693e+00  3.749994e-03 
 2.076090e+00  3.763690e-03 
 2.076488e+00  3.777929e-03 
 2.076886e+00  3.792718e-03 
 2.077284e+00  3.808058e-03 
 2.077681e+00  3.823949e-03 
 2.078079e+00  3.840403e-03 
 2.078477e+00  3.857404e-03 
 2.078874e+00  3.874939e-03 
 2.079272e+00  3.892987e-03 
 2.079670e+00  3.911519e-03 
 2.080067e+00  3.930515e-03 
 2.080465e+00  3.949940e-03 
 2.080863e+00  3.969771e-03 
 2.081261e+00  3.989989e-03 
 2.081658e+00  4.010574e-03 
 2.082056e+00  4.031508e-03 
 2.082454e+00  4.052786e-03 
 2.082851e+00  4.074403e-03 
 2.083249e+00  4.096345e-03 
 2.083647e+00  4.118610e-03 
 2.084044e+00  4.141187e-03 
 2.084442e+00  4.164079e-03 
 2.084840e+00  4.187271e-03 
 2.085237e+00  4.210754e-03 
 2.085635e+00  4.234519e-03 
 2.086033e+00  4.258553e-03 
 2.086431e+00  4.282840e-03 
 2.086828e+00  4.307359e-03 
 2.087226e+00  4.332093e-03 
 2.087624e+00  4.357016e-03 
 2.088021e+00  4.382112e-03 
 2.088419e+00  4.407364e-03 
 2.088817e+00  4.432751e-03 
 2.089214e+00  4.458259e-03 
 2.089612e+00  4.483875e-03 
 2.090010e+00  4.509596e-03 
 2.090408e+00  4.535406e-03 
 2.090805e+00  4.561312e-03 
 2.091203e+00  4.587296e-03 
 2.091601e+00  4.613358e-03 
 2.091998e+00  4.639486e-03 
 2.092396e+00  4.665678e-03 
 2.092794e+00  4.691930e-03 
 2.093191e+00  4.718225e-03 
 2.093589e+00  4.744552e-03 
 2.093987e+00  4.770901e-03 
 2.094384e+00  4.797255e-03 
 2.094782e+00  4.823595e-03 
 2.095180e+00  4.849898e-03 
 2.095578e+00  4.876154e-03 
 2.095975e+00  4.902349e-03 
 2.096373e+00  4.928462e-03 
 2.096771e+00  4.954482e-03 
 2.097168e+00  4.980394e-03 
 2.097566e+00  5.006178e-03 
 2.097964e+00  5.031810e-03 
 2.098361e+00  5.057266e-03 
 2.098759e+00  5.082529e-03 
 2.099157e+00  5.107568e-03 
 2.099555e+00  5.132357e-03 
 2.099952e+00  5.156878e-03 
 2.100350e+00  5.181107e-03 
 2.100748e+00  5.205018e-03 
 2.101145e+00  5.228585e-03 
 2.101543e+00  5.251799e-03 
 2.101941e+00  5.274639e-03 
 2.102338e+00  5.297094e-03 
 2.102736e+00  5.319144e-03 
 2.103134e+00  5.340783e-03 
 2.103531e+00  5.362003e-03 
 2.103929e+00  5.382786e-03 
 2.104327e+00  5.403132e-03 
 2.104725e+00  5.423019e-03 
 2.105122e+00  5.442446e-03 
 2.105520e+00  5.461384e-03 
 2.105918e+00  5.479825e-03 
 2.106315e+00  5.497759e-03 
 2.106713e+00  5.515151e-03 
 2.107111e+00  5.531983e-03 
 2.107508e+00  5.548233e-03 
 2.107906e+00  5.563880e-03 
 2.108304e+00  5.578914e-03 
 2.108702e+00  5.593324e-03 
 2.109099e+00  5.607095e-03 
 2.109497e+00  5.620227e-03 
 2.109895e+00  5.632729e-03 
 2.110292e+00  5.644610e-03 
 2.110690e+00  5.655864e-03 
 2.111088e+00  5.666508e-03 
 2.111485e+00  5.676544e-03 
 2.111883e+00  5.685964e-03 
 2.112281e+00  5.694777e-03 
 2.112678e+00  5.702967e-03 
 2.113076e+00  5.710523e-03 
 2.113474e+00  5.717432e-03 
 2.113872e+00  5.723669e-03 
 2.114269e+00  5.729218e-03 
 2.114667e+00  5.734055e-03 
 2.115065e+00  5.738164e-03 
 2.115462e+00  5.741519e-03 
 2.115860e+00  5.744105e-03 
 2.116258e+00  5.745936e-03 
 2.116655e+00  5.746988e-03 
 2.117053e+00  5.747269e-03 
 2.117451e+00  5.746783e-03 
 2.117849e+00  5.745545e-03 
 2.118246e+00  5.743552e-03 
 2.118644e+00  5.740808e-03 
 2.119042e+00  5.737320e-03 
 2.119439e+00  5.733095e-03 
 2.119837e+00  5.728129e-03 
 2.120235e+00  5.722428e-03 
 2.120632e+00  5.715988e-03 
 2.121030e+00  5.708813e-03 
 2.121428e+00  5.700904e-03 
 2.121825e+00  5.692256e-03 
 2.122223e+00  5.682871e-03 
 2.122621e+00  5.672741e-03 
 2.123019e+00  5.661851e-03 
 2.123416e+00  5.650213e-03 
 2.123814e+00  5.637827e-03 
 2.124212e+00  5.624707e-03 
 2.124609e+00  5.610859e-03 
 2.125007e+00  5.596313e-03 
 2.125405e+00  5.581081e-03 
 2.125802e+00  5.565175e-03 
 2.126200e+00  5.548628e-03 
 2.126598e+00  5.531440e-03 
 2.126996e+00  5.513627e-03 
 2.127393e+00  5.495206e-03 
 2.127791e+00  5.476193e-03 
 2.128189e+00  5.456618e-03 
 2.128586e+00  5.436497e-03 
 2.128984e+00  5.415850e-03 
 2.129382e+00  5.394697e-03 
 2.129779e+00  5.373076e-03 
 2.130177e+00  5.351003e-03 
 2.130575e+00  5.328507e-03 
 2.130972e+00  5.305604e-03 
 2.131370e+00  5.282302e-03 
 2.131768e+00  5.258631e-03 
 2.132166e+00  5.234605e-03 
 2.132563e+00  5.210244e-03 
 2.132961e+00  5.185559e-03 
 2.133359e+00  5.160563e-03 
 2.133756e+00  5.135273e-03 
 2.134154e+00  5.109699e-03 
 2.134552e+00  5.083846e-03 
 2.134949e+00  5.057735e-03 
 2.135347e+00  5.031365e-03 
 2.135745e+00  5.004750e-03 
 2.136143e+00  4.977914e-03 
 2.136540e+00  4.950889e-03 
 2.136938e+00  4.923695e-03 
 2.137336e+00  4.896357e-03 
 2.137733e+00  4.868905e-03 
 2.138131e+00  4.841362e-03 
 2.138529e+00  4.813750e-03 
 2.138926e+00  4.786093e-03 
 2.139324e+00  4.758409e-03 
 2.139722e+00  4.730718e-03 
 2.140119e+00  4.703031e-03 
 2.140517e+00  4.675357e-03 
 2.140915e+00  4.647700e-03 
 2.141313e+00  4.620069e-03 
 2.141710e+00  4.592463e-03 
 2.142108e+00  4.564887e-03 
 2.142506e+00  4.537356e-03 
 2.142903e+00  4.509892e-03 
 2.143301e+00  4.482513e-03 
 2.143699e+00  4.455250e-03 
 2.144096e+00  4.428131e-03 
 2.144494e+00  4.401190e-03 
 2.144892e+00  4.374468e-03 
 2.145290e+00  4.347987e-03 
 2.145687e+00  4.321788e-03 
 2.146085e+00  4.295892e-03 
 2.146483e+00  4.270316e-03 
 2.146880e+00  4.245077e-03 
 2.147278e+00  4.220182e-03 
 2.147676e+00  4.195647e-03 
 2.148073e+00  4.171475e-03 
 2.148471e+00  4.147674e-03 
 2.148869e+00  4.124258e-03 
 2.149266e+00  4.101219e-03 
 2.149664e+00  4.078568e-03 
 2.150062e+00  4.056312e-03 
 2.150460e+00  4.034463e-03 
 2.150857e+00  4.013034e-03 
 2.151255e+00  3.992034e-03 
 2.151653e+00  3.971498e-03 
 2.152050e+00  3.951439e-03 
 2.152448e+00  3.931881e-03 
 2.152846e+00  3.912850e-03 
 2.153243e+00  3.894346e-03 
 2.153641e+00  3.876379e-03 
 2.154039e+00  3.858956e-03 
 2.154437e+00  3.842077e-03 
 2.154834e+00  3.825750e-03 
 2.155232e+00  3.809982e-03 
 2.155630e+00  3.794773e-03 
 2.156027e+00  3.780125e-03 
 2.156425e+00  3.766043e-03 
 2.156823e+00  3.752520e-03 
 2.157220e+00  3.739562e-03 
 2.157618e+00  3.727174e-03 
 2.158016e+00  3.715352e-03 
 2.158413e+00  3.704117e-03 
 2.158811e+00  3.693463e-03 
 2.159209e+00  3.683404e-03 
 2.159607e+00  3.673934e-03 
 2.160004e+00  3.665059e-03 
 2.160402e+00  3.656779e-03 
 2.160800e+00  3.649091e-03 
 2.161197e+00  3.641997e-03 
 2.161595e+00  3.635496e-03 
 2.161993e+00  3.629585e-03 
 2.162390e+00  3.624265e-03 
 2.162788e+00  3.619537e-03 
 2.163186e+00  3.615404e-03 
 2.163584e+00  3.611875e-03 
 2.163981e+00  3.608948e-03 
 2.164379e+00  3.606635e-03 
 2.164777e+00  3.604942e-03 
 2.165174e+00  3.603878e-03 
 2.165572e+00  3.603445e-03 
 2.165970e+00  3.603637e-03 
 2.166367e+00  3.604454e-03 
 2.166765e+00  3.605886e-03 
 2.167163e+00  3.607923e-03 
 2.167560e+00  3.610559e-03 
 2.167958e+00  3.613787e-03 
 2.168356e+00  3.617595e-03 
 2.168754e+00  3.621978e-03 
 2.169151e+00  3.626932e-03 
 2.169549e+00  3.632461e-03 
 2.169947e+00  3.638564e-03 
 2.170344e+00  3.645245e-03 
 2.170742e+00  3.652509e-03 
 2.171140e+00  3.660368e-03 
 2.171537e+00  3.668835e-03 
 2.171935e+00  3.677927e-03 
 2.172333e+00  3.687655e-03 
 2.172731e+00  3.698019e-03 
 2.173128e+00  3.709018e-03 
 2.173526e+00  3.720644e-03 
 2.173924e+00  3.732889e-03 
 2.174321e+00  3.745736e-03 
 2.174719e+00  3.759154e-03 
 2.175117e+00  3.773116e-03 
 2.175514e+00  3.787602e-03 
 2.175912e+00  3.802587e-03 
 2.176310e+00  3.818063e-03 
 2.176707e+00  3.834014e-03 
 2.177105e+00  3.850425e-03 
 2.177503e+00  3.867285e-03 
 2.177901e+00  3.884585e-03 
 2.178298e+00  3.902324e-03 
 2.178696e+00  3.920495e-03 
 2.179094e+00  3.939100e-03 
 2.179491e+00  3.958131e-03 
 2.179889e+00  3.977599e-03 
 2.180287e+00  3.997504e-03 
 2.180684e+00  4.017841e-03 
 2.181082e+00  4.038608e-03 
 2.181480e+00  4.059785e-03 
 2.181878e+00  4.081359e-03 
 2.182275e+00  4.103315e-03 
 2.182673e+00  4.125629e-03 
 2.183071e+00  4.148290e-03 
 2.183468e+00  4.171286e-03 
 2.183866e+00  4.194610e-03 
 2.184264e+00  4.218259e-03 
 2.184661e+00  4.242230e-03 
 2.185059e+00  4.266516e-03 
 2.185457e+00  4.291115e-03 
 2.185854e+00  4.316016e-03 
 2.186252e+00  4.341211e-03 
 2.186650e+00  4.366696e-03 
 2.187048e+00  4.392457e-03 
 2.187445e+00  4.418486e-03 
 2.187843e+00  4.444768e-03 
 2.188241e+00  4.471291e-03 
 2.188638e+00  4.498039e-03 
 2.189036e+00  4.524984e-03 
 2.189434e+00  4.552112e-03 
 2.189831e+00  4.579397e-03 
 2.190229e+00  4.606819e-03 
 2.190627e+00  4.634354e-03 
 2.191025e+00  4.661987e-03 
 2.191422e+00  4.689694e-03 
 2.191820e+00  4.717454e-03 
 2.192218e+00  4.745247e-03 
 2.192615e+00  4.773046e-03 
 2.193013e+00  4.800822e-03 
 2.193411e+00  4.828548e-03 
 2.193808e+00  4.856202e-03 
 2.194206e+00  4.883754e-03 
 2.194604e+00  4.911178e-03 
 2.195001e+00  4.938441e-03 
 2.195399e+00  4.965522e-03 
 2.195797e+00  4.992395e-03 
 2.196195e+00  5.019038e-03 
 2.196592e+00  5.045433e-03 
 2.196990e+00  5.071560e-03 
 2.197388e+00  5.097404e-03 
 2.197785e+00  5.122962e-03 
 2.198183e+00  5.148220e-03 
 2.198581e+00  5.173171e-03 
 2.198978e+00  5.197808e-03 
 2.199376e+00  5.222117e-03 
 2.199774e+00  5.246090e-03 
 2.200172e+00  5.269710e-03 
 2.200569e+00  5.292965e-03 
 2.200967e+00  5.315842e-03 
 2.201365e+00  5.338300e-03 
 2.201762e+00  5.360326e-03 
 2.202160e+00  5.381895e-03 
 2.202558e+00  5.402979e-03 
 2.202955e+00  5.423551e-03 
 2.203353e+00  5.443609e-03 
 2.203751e+00  5.463136e-03 
 2.204148e+00  5.482111e-03 
 2.204546e+00  5.500545e-03 
 2.204944e+00  5.518420e-03 
 2.205342e+00  5.535728e-03 
 2.205739e+00  5.552466e-03 
 2.206137e+00  5.568642e-03 
 2.206535e+00  5.584245e-03 
 2.206932e+00  5.599274e-03 
 2.207330e+00  5.613713e-03 
 2.207728e+00  5.627551e-03 
 2.208125e+00  5.640767e-03 
 2.208523e+00  5.653340e-03 
 2.208921e+00  5.665247e-03 
 2.209319e+00  5.676471e-03 
 2.209716e+00  5.686975e-03 
 2.210114e+00  5.696744e-03 
 2.210512e+00  5.705755e-03 
 2.210909e+00  5.713992e-03 
 2.211307e+00  5.721451e-03 
 2.211705e+00  5.728126e-03 
 2.212102e+00  5.734016e-03 
 2.212500e+00  5.739121e-03 
 2.212898e+00  5.743441e-03 
 2.213295e+00  5.746987e-03 
 2.213693e+00  5.749767e-03 
 2.214091e+00  5.751779e-03 
 2.214489e+00  5.753033e-03 
 2.214886e+00  5.753522e-03 
 2.215284e+00  5.753249e-03 
 2.215682e+00  5.752216e-03 
 2.216079e+00  5.750424e-03 
 2.216477e+00  5.747859e-03 
 2.216875e+00  5.744513e-03 
 2.217272e+00  5.740390e-03 
 2.217670e+00  5.735488e-03 
 2.218068e+00  5.729807e-03 
 2.218466e+00  5.723347e-03 
 2.218863e+00  5.716119e-03 
 2.219261e+00  5.708120e-03 
 2.219659e+00  5.699376e-03 
 2.220056e+00  5.689896e-03 
 2.220454e+00  5.679697e-03 
 2.220852e+00  5.668793e-03 
 2.221249e+00  5.657190e-03 
 2.221647e+00  5.644908e-03 
 2.222045e+00  5.631968e-03 
 2.222442e+00  5.618382e-03 
 2.222840e+00  5.604160e-03 
 2.223238e+00  5.589313e-03 
 2.223636e+00  5.573874e-03 
 2.224033e+00  5.557851e-03 
 2.224431e+00  5.541267e-03 
 2.224829e+00  5.524138e-03 
 2.225226e+00  5.506480e-03 
 2.225624e+00  5.488322e-03 
 2.226022e+00  5.469677e-03 
 2.226419e+00  5.450569e-03 
 2.226817e+00  5.431012e-03 
 2.227215e+00  5.411017e-03 
 2.227613e+00  5.390607e-03 
 2.228010e+00  5.369790e-03 
 2.228408e+00  5.348587e-03 
 2.228806e+00  5.326995e-03 
 2.229203e+00  5.305016e-03 
 2.229601e+00  5.282654e-03 
 2.229999e+00  5.259925e-03 
 2.230396e+00  5.236832e-03 
 2.230794e+00  5.213379e-03 
 2.231192e+00  5.189588e-03 
 2.231589e+00  5.165473e-03 
 2.231987e+00  5.141062e-03 
 2.232385e+00  5.116381e-03 
 2.232783e+00  5.091448e-03 
 2.233180e+00  5.066285e-03 
 2.233578e+00  5.040911e-03 
 2.233976e+00  5.015346e-03 
 2.234373e+00  4.989603e-03 
 2.234771e+00  4.963696e-03 
 2.235169e+00  4.937638e-03 
 2.235566e+00  4.911433e-03 
 2.235964e+00  4.885094e-03 
 2.236362e+00  4.858630e-03 
 2.236760e+00  4.832038e-03 
 2.237157e+00  4.805331e-03 
 2.237555e+00  4.778516e-03 
 2.237953e+00  4.751612e-03 
 2.238350e+00  4.724638e-03 
 2.238748e+00  4.697620e-03 
 2.239146e+00  4.670584e-03 
 2.239543e+00  4.643577e-03 
 2.239941e+00  4.616626e-03 
 2.240339e+00  4.589767e-03 
 2.240736e+00  4.563025e-03 
 2.241134e+00  4.536430e-03 
 2.241532e+00  4.509994e-03 
 2.241930e+00  4.483734e-03 
 2.242327e+00  4.457668e-03 
 2.242725e+00  4.431807e-03 
 2.243123e+00  4.406156e-03 
 2.243520e+00  4.380726e-03 
 2.243918e+00  4.355517e-03 
 2.244316e+00  4.330536e-03 
 2.244713e+00  4.305793e-03 
 2.245111e+00  4.281284e-03 
 2.245509e+00  4.257035e-03 
 2.245907e+00  4.233072e-03 
 2.246304e+00  4.209411e-03 
 2.246702e+00  4.186069e-03 
 2.247100e+00  4.163073e-03 
 2.247497e+00  4.140436e-03 
 2.247895e+00  4.118163e-03 
 2.248293e+00  4.096282e-03 
 2.248690e+00  4.074799e-03 
 2.249088e+00  4.053714e-03 
 2.249486e+00  4.033034e-03 
 2.249883e+00  4.012769e-03 
 2.250281e+00  3.992923e-03 
 2.250679e+00  3.973490e-03 
 2.251077e+00  3.954477e-03 
 2.251474e+00  3.935881e-03 
 2.251872e+00  3.917706e-03 
 2.252270e+00  3.899958e-03 
 2.252667e+00  3.882648e-03 
 2.253065e+00  3.865781e-03 
 2.253463e+00  3.849382e-03 
 2.253860e+00  3.833440e-03 
 2.254258e+00  3.817970e-03 
 2.254656e+00  3.802982e-03 
 2.255054e+00  3.788476e-03 
 2.255451e+00  3.774456e-03 
 2.255849e+00  3.760925e-03 
 2.256247e+00  3.747875e-03 
 2.256644e+00  3.735321e-03 
 2.257042e+00  3.723260e-03 
 2.257440e+00  3.711712e-03 
 2.257837e+00  3.700678e-03 
 2.258235e+00  3.690175e-03 
 2.258633e+00  3.680210e-03 
 2.259030e+00  3.670802e-03 
 2.259428e+00  3.661961e-03 
 2.259826e+00  3.653706e-03 
 2.260224e+00  3.646041e-03 
 2.260621e+00  3.638980e-03 
 2.261019e+00  3.632527e-03 
 2.261417e+00  3.626694e-03 
 2.261814e+00  3.621489e-03 
 2.262212e+00  3.616899e-03 
 2.262610e+00  3.612928e-03 
 2.263007e+00  3.609567e-03 
 2.263405e+00  3.606815e-03 
 2.263803e+00  3.604670e-03 
 2.264201e+00  3.603126e-03 
 2.264598e+00  3.602193e-03 
 2.264996e+00  3.601867e-03 
 2.265394e+00  3.602158e-03 
 2.265791e+00  3.603077e-03 
 2.266189e+00  3.604632e-03 
 2.266587e+00  3.606835e-03 
 2.266984e+00  3.609699e-03 
 2.267382e+00  3.613237e-03 
 2.267780e+00  3.617457e-03 
 2.268177e+00  3.622350e-03 
 2.268575e+00  3.627921e-03 
 2.268973e+00  3.634160e-03 
 2.269371e+00  3.641059e-03 
 2.269768e+00  3.648596e-03 
 2.270166e+00  3.656748e-03 
 2.270564e+00  3.665500e-03 
 2.270961e+00  3.674838e-03 
 2.271359e+00  3.684746e-03 
 2.271757e+00  3.695213e-03 
 2.272154e+00  3.706238e-03 
 2.272552e+00  3.717815e-03 
 2.272950e+00  3.729938e-03 
 2.273348e+00  3.742621e-03 
 2.273745e+00  3.755874e-03 
 2.274143e+00  3.769694e-03 
 2.274541e+00  3.784089e-03 
 2.274938e+00  3.799072e-03 
 2.275336e+00  3.814656e-03 
 2.275734e+00  3.830833e-03 
 2.276131e+00  3.847598e-03 
 2.276529e+00  3.864953e-03 
 2.276927e+00  3.882870e-03 
 2.277324e+00  3.901347e-03 
 2.277722e+00  3.920369e-03 
 2.278120e+00  3.939926e-03 
 2.278518e+00  3.960009e-03 
 2.278915e+00  3.980610e-03 
 2.279313e+00  4.001725e-03 
 2.279711e+00  4.023348e-03 
 2.280108e+00  4.045475e-03 
 2.280506e+00  4.068090e-03 
 2.280904e+00  4.091191e-03 
 2.281301e+00  4.114764e-03 
 2.281699e+00  4.138807e-03 
 2.282097e+00  4.163301e-03 
 2.282495e+00  4.188231e-03 
 2.282892e+00  4.213567e-03 
 2.283290e+00  4.239290e-03 
 2.283688e+00  4.265380e-03 
 2.284085e+00  4.291801e-03 
 2.284483e+00  4.318531e-03 
 2.284881e+00  4.345543e-03 
 2.285278e+00  4.372805e-03 
 2.285676e+00  4.400291e-03 
 2.286074e+00  4.427984e-03 
 2.286471e+00  4.455862e-03 
 2.286869e+00  4.483897e-03 
 2.287267e+00  4.512077e-03 
 2.287665e+00  4.540376e-03 
 2.288062e+00  4.568775e-03 
 2.288460e+00  4.597246e-03 
 2.288858e+00  4.625757e-03 
 2.289255e+00  4.654283e-03 
 2.289653e+00  4.682800e-03 
 2.290051e+00  4.711272e-03 
 2.290448e+00  4.739679e-03 
 2.290846e+00  4.768007e-03 
 2.291244e+00  4.796231e-03 
 2.291642e+00  4.824332e-03 
 2.292039e+00  4.852299e-03 
 2.292437e+00  4.880120e-03 
 2.292835e+00  4.907781e-03 
 2.293232e+00  4.935272e-03 
 2.293630e+00  4.962584e-03 
 2.294028e+00  4.989710e-03 
 2.294425e+00  5.016644e-03 
 2.294823e+00  5.043372e-03 
 2.295221e+00  5.069876e-03 
 2.295618e+00  5.096145e-03 
 2.296016e+00  5.122148e-03 
 2.296414e+00  5.147866e-03 
 2.296812e+00  5.173270e-03 
 2.297209e+00  5.198335e-03 
 2.297607e+00  5.223030e-03 
 2.298005e+00  5.247322e-03 
 2.298402e+00  5.271190e-03 
 2.298800e+00  5.294623e-03 
 2.299198e+00  5.317594e-03 
 2.299595e+00  5.340090e-03 
 2.299993e+00  5.362107e-03 
 2.300391e+00  5.383629e-03 
 2.300789e+00  5.404642e-03 
 2.301186e+00  5.425159e-03 
 2.301584e+00  5.445160e-03 
 2.301982e+00  5.464638e-03 
 2.302379e+00  5.483596e-03 
 2.302777e+00  5.501996e-03 
 2.303175e+00  5.519822e-03 
 2.303572e+00  5.537062e-03 
 2.303970e+00  5.553693e-03 
 2.304368e+00  5.569676e-03 
 2.304765e+00  5.584997e-03 
 2.305163e+00  5.599632e-03 
 2.305561e+00  5.613558e-03 
 2.305959e+00  5.626775e-03 
 2.306356e+00  5.639260e-03 
 2.306754e+00  5.651005e-03 
 2.307152e+00  5.662017e-03 
 2.307549e+00  5.672279e-03 
 2.307947e+00  5.681810e-03 
 2.308345e+00  5.690604e-03 
 2.308742e+00  5.698669e-03 
 2.309140e+00  5.706015e-03 
 2.309538e+00  5.712642e-03 
 2.309936e+00  5.718549e-03 
 2.310333e+00  5.723735e-03 
 2.310731e+00  5.728182e-03 
 2.311129e+00  5.731889e-03 
 2.311526e+00  5.734844e-03 
 2.311924e+00  5.737030e-03 
 2.312322e+00  5.738451e-03 
 2.312719e+00  5.739110e-03 
 2.313117e+00  5.739005e-03 
 2.313515e+00  5.738142e-03 
 2.313912e+00  5.736524e-03 
 2.314310e+00  5.734162e-03 
 2.314708e+00  5.731067e-03 
 2.315106e+00  5.727260e-03 
 2.315503e+00  5.722750e-03 
 2.315901e+00  5.717545e-03 
 2.316299e+00  5.711658e-03 
 2.316696e+00  5.705095e-03 
 2.317094e+00  5.697860e-03 
 2.317492e+00  5.689968e-03 
 2.317889e+00  5.681421e-03 
 2.318287e+00  5.672232e-03 
 2.318685e+00  5.662418e-03 
 2.319083e+00  5.651979e-03 
 2.319480e+00  5.640941e-03 
 2.319878e+00  5.629319e-03 
 2.320276e+00  5.617133e-03 
 2.320673e+00  5.604391e-03 
 2.321071e+00  5.591120e-03 
 2.321469e+00  5.577339e-03 
 2.321866e+00  5.563044e-03 
 2.322264e+00  5.548256e-03 
 2.322662e+00  5.532979e-03 
 2.323059e+00  5.517218e-03 
 2.323457e+00  5.500983e-03 
 2.323855e+00  5.484274e-03 
 2.324253e+00  5.467081e-03 
 2.324650e+00  5.449399e-03 
 2.325048e+00  5.431227e-03 
 2.325446e+00  5.412572e-03 
 2.325843e+00  5.393442e-03 
 2.326241e+00  5.373827e-03 
 2.326639e+00  5.353756e-03 
 2.327036e+00  5.333240e-03 
 2.327434e+00  5.312297e-03 
 2.327832e+00  5.290966e-03 
 2.328230e+00  5.269250e-03 
 2.328627e+00  5.247171e-03 
 2.329025e+00  5.224741e-03 
 2.329423e+00  5.201983e-03 
 2.329820e+00  5.178916e-03 
 2.330218e+00  5.155558e-03 
 2.330616e+00  5.131912e-03 
 2.331013e+00  5.107979e-03 
 2.331411e+00  5.083781e-03 
 2.331809e+00  5.059322e-03 
 2.332206e+00  5.034616e-03 
 2.332604e+00  5.009669e-03 
 2.333002e+00  4.984507e-03 
 2.333400e+00  4.959152e-03 
 2.333797e+00  4.933627e-03 
 2.334195e+00  4.907975e-03 
 2.334593e+00  4.882218e-03 
 2.334990e+00  4.856394e-03 
 2.335388e+00  4.830525e-03 
 2.335786e+00  4.804637e-03 
 2.336183e+00  4.778762e-03 
 2.336581e+00  4.752918e-03 
 2.336979e+00  4.727114e-03 
 2.337377e+00  4.701369e-03 
 2.337774e+00  4.675685e-03 
 2.338172e+00  4.650060e-03 
 2.338570e+00  4.624504e-03 
 2.338967e+00  4.599024e-03 
 2.339365e+00  4.573605e-03 
 2.339763e+00  4.548248e-03 
 2.340160e+00  4.522959e-03 
 2.340558e+00  4.497743e-03 
 2.340956e+00  4.472608e-03 
 2.341353e+00  4.447567e-03 
 2.341751e+00  4.422633e-03 
 2.342149e+00  4.397817e-03 
 2.342547e+00  4.373135e-03 
 2.342944e+00  4.348600e-03 
 2.343342e+00  4.324227e-03 
 2.343740e+00  4.300025e-03 
 2.344137e+00  4.275995e-03 
 2.344535e+00  4.252148e-03 
 2.344933e+00  4.228489e-03 
 2.345330e+00  4.205027e-03 
 2.345728e+00  4.181773e-03 
 2.346126e+00  4.158735e-03 
 2.346524e+00  4.135928e-03 
 2.346921e+00  4.113362e-03 
 2.347319e+00  4.091054e-03 
 2.347717e+00  4.069038e-03 
 2.348114e+00  4.047328e-03 
 2.348512e+00  4.025941e-03 
 2.348910e+00  4.004908e-03 
 2.349307e+00  3.984239e-03 
 2.349705e+00  3.963948e-03 
 2.350103e+00  3.944062e-03 
 2.350500e+00  3.924593e-03 
 2.350898e+00  3.905544e-03 
 2.351296e+00  3.886929e-03 
 2.351694e+00  3.868759e-03 
 2.352091e+00  3.851049e-03 
 2.352489e+00  3.833809e-03 
 2.352887e+00  3.817046e-03 
 2.353284e+00  3.800782e-03 
 2.353682e+00  3.785018e-03 
 2.354080e+00  3.769776e-03 
 2.354477e+00  3.755062e-03 
 2.354875e+00  3.740901e-03 
 2.355273e+00  3.727295e-03 
 2.355671e+00  3.714259e-03 
 2.356068e+00  3.701807e-03 
 2.356466e+00  3.689952e-03 
 2.356864e+00  3.678696e-03 
 2.357261e+00  3.668034e-03 
 2.357659e+00  3.657961e-03 
 2.358057e+00  3.648473e-03 
 2.358454e+00  3.639564e-03 
 2.358852e+00  3.631230e-03 
 2.359250e+00  3.623472e-03 
 2.359647e+00  3.616295e-03 
 2.360045e+00  3.609699e-03 
 2.360443e+00  3.603707e-03 
 2.360841e+00  3.598334e-03 
 2.361238e+00  3.593596e-03 
 2.361636e+00  3.589510e-03 
 2.362034e+00  3.586101e-03 
 2.362431e+00  3.583378e-03 
 2.362829e+00  3.581360e-03 
 2.363227e+00  3.580055e-03 
 2.363624e+00  3.579471e-03 
 2.364022e+00  3.579607e-03 
 2.364420e+00  3.580467e-03 
 2.364818e+00  3.582049e-03 
 2.365215e+00  3.584337e-03 
 2.365613e+00  3.587323e-03 
 2.366011e+00  3.590994e-03 
 2.366408e+00  3.595334e-03 
 2.366806e+00  3.600341e-03 
 2.367204e+00  3.606010e-03 
 2.367601e+00  3.612347e-03 
 2.367999e+00  3.619357e-03 
 2.368397e+00  3.627041e-03 
 2.368794e+00  3.635406e-03 
 2.369192e+00  3.644468e-03 
 2.369590e+00  3.654235e-03 
 2.369988e+00  3.664707e-03 
 2.370385e+00  3.675878e-03 
 2.370783e+00  3.687748e-03 
 2.371181e+00  3.700310e-03 
 2.371578e+00  3.713554e-03 
 2.371976e+00  3.727468e-03 
 2.372374e+00  3.742039e-03 
 2.372771e+00  3.757246e-03 
 2.373169e+00  3.773076e-03 
 2.373567e+00  3.789518e-03 
 2.373965e+00  3.806578e-03 
 2.374362e+00  3.824248e-03 
 2.374760e+00  3.842518e-03 
 2.375158e+00  3.861391e-03 
 2.375555e+00  3.880868e-03 
 2.375953e+00  3.900941e-03 
 2.376351e+00  3.921598e-03 
 2.376748e+00  3.942827e-03 
 2.377146e+00  3.964615e-03 
 2.377544e+00  3.986938e-03 
 2.377941e+00  4.009783e-03 
 2.378339e+00  4.033132e-03 
 2.378737e+00  4.056949e-03 
 2.379135e+00  4.081218e-03 
 2.379532e+00  4.105911e-03 
 2.379930e+00  4.131002e-03 
 2.380328e+00  4.156462e-03 
 2.380725e+00  4.182272e-03 
 2.381123e+00  4.208415e-03 
 2.381521e+00  4.234874e-03 
 2.381918e+00  4.261623e-03 
 2.382316e+00  4.288655e-03 
 2.382714e+00  4.315942e-03 
 2.383112e+00  4.343468e-03 
 2.383509e+00  4.371198e-03 
 2.383907e+00  4.399111e-03 
 2.384305e+00  4.427177e-03 
 2.384702e+00  4.455369e-03 
 2.385100e+00  4.483653e-03 
 2.385498e+00  4.512009e-03 
 2.385895e+00  4.540411e-03 
 2.386293e+00  4.568833e-03 
 2.386691e+00  4.597256e-03 
 2.387088e+00  4.625671e-03 
 2.387486e+00  4.654059e-03 
 2.387884e+00  4.682408e-03 
 2.388282e+00  4.710714e-03 
 2.388679e+00  4.738971e-03 
 2.389077e+00  4.767168e-03 
 2.389475e+00  4.795297e-03 
 2.389872e+00  4.823357e-03 
 2.390270e+00  4.851334e-03 
 2.390668e+00  4.879201e-03 
 2.391065e+00  4.906942e-03 
 2.391463e+00  4.934531e-03 
 2.391861e+00  4.961939e-03 
 2.392259e+00  4.989137e-03 
 2.392656e+00  5.016100e-03 
 2.393054e+00  5.042799e-03 
 2.393452e+00  5.069209e-03 
 2.393849e+00  5.095314e-03 
 2.394247e+00  5.121088e-03 
 2.394645e+00  5.146509e-03 
 2.395042e+00  5.171556e-03 
 2.395440e+00  5.196218e-03 
 2.395838e+00  5.220488e-03 
 2.396235e+00  5.244348e-03 
 2.396633e+00  5.267777e-03 
 2.397031e+00  5.290778e-03 
 2.397429e+00  5.313328e-03 
 2.397826e+00  5.335411e-03 
 2.398224e+00  5.357007e-03 
 2.398622e+00  5.378089e-03 
 2.399019e+00  5.398626e-03 
 2.399417e+00  5.418588e-03 
 2.399815e+00  5.437971e-03 
 2.400212e+00  5.456737e-03 
 2.400610e+00  5.474878e-03 
 2.401008e+00  5.492381e-03 
 2.401406e+00  5.509217e-03 
 2.401803e+00  5.525392e-03 
 2.402201e+00  5.540907e-03 
 2.402599e+00  5.555767e-03 
 2.402996e+00  5.569973e-03 
 2.403394e+00  5.583529e-03 
 2.403792e+00  5.596434e-03 
 2.404189e+00  5.608696e-03 
 2.404587e+00  5.620316e-03 
 2.404985e+00  5.631281e-03 
 2.405382e+00  5.641588e-03 
 2.405780e+00  5.651225e-03 
 2.406178e+00  5.660195e-03 
 2.406576e+00  5.668493e-03 
 2.406973e+00  5.676111e-03 
 2.407371e+00  5.683058e-03 
 2.407769e+00  5.689333e-03 
 2.408166e+00  5.694942e-03 
 2.408564e+00  5.699888e-03 
 2.408962e+00  5.704172e-03 
 2.409359e+00  5.707807e-03 
 2.409757e+00  5.710789e-03 
 2.410155e+00  5.713125e-03 
 2.410553e+00  5.714815e-03 
 2.410950e+00  5.715868e-03 
 2.411348e+00  5.716278e-03 
 2.411746e+00  5.716043e-03 
 2.412143e+00  5.715167e-03 
 2.412541e+00  5.713638e-03 
 2.412939e+00  5.711451e-03 
 2.413336e+00  5.708622e-03 
 2.413734e+00  5.705153e-03 
 2.414132e+00  5.701039e-03 
 2.414529e+00  5.696289e-03 
 2.414927e+00  5.690914e-03 
 2.415325e+00  5.684924e-03 
 2.415723e+00  5.678332e-03 
 2.416120e+00  5.671156e-03 
 2.416518e+00  5.663400e-03 
 2.416916e+00  5.655076e-03 
 2.417313e+00  5.646185e-03 
 2.417711e+00  5.636729e-03 
 2.418109e+00  5.626708e-03 
 2.418506e+00  5.616115e-03 
 2.418904e+00  5.604944e-03 
 2.419302e+00  5.593188e-03 
 2.419700e+00  5.580854e-03 
 2.420097e+00  5.567944e-03 
 2.420495e+00  5.554451e-03 
 2.420893e+00  5.540385e-03 
 2.421290e+00  5.525753e-03 
 2.421688e+00  5.510571e-03 
 2.422086e+00  5.494851e-03 
 2.422483e+00  5.478610e-03 
 2.422881e+00  5.461867e-03 
 2.423279e+00  5.444640e-03 
 2.423676e+00  5.426955e-03 
 2.424074e+00  5.408822e-03 
 2.424472e+00  5.390259e-03 
 2.424870e+00  5.371277e-03 
 2.425267e+00  5.351893e-03 
 2.425665e+00  5.332114e-03 
 2.426063e+00  5.311958e-03 
 2.426460e+00  5.291443e-03 
 2.426858e+00  5.270557e-03 
 2.427256e+00  5.249313e-03 
 2.427653e+00  5.227718e-03 
 2.428051e+00  5.205781e-03 
 2.428449e+00  5.183520e-03 
 2.428847e+00  5.160948e-03 
 2.429244e+00  5.138089e-03 
 2.429642e+00  5.114969e-03 
 2.430040e+00  5.091612e-03 
 2.430437e+00  5.068030e-03 
 2.430835e+00  5.044253e-03 
 2.431233e+00  5.020293e-03 
 2.431630e+00  4.996167e-03 
 2.432028e+00  4.971878e-03 
 2.432426e+00  4.947445e-03 
 2.432823e+00  4.922860e-03 
 2.433221e+00  4.898123e-03 
 2.433619e+00  4.873245e-03 
 2.434017e+00  4.848212e-03 
 2.434414e+00  4.823024e-03 
 2.434812e+00  4.797684e-03 
 2.435210e+00  4.772192e-03 
 2.435607e+00  4.746562e-03 
 2.436005e+00  4.720807e-03 
 2.436403e+00  4.694935e-03 
 2.436800e+00  4.668963e-03 
 2.437198e+00  4.642908e-03 
 2.437596e+00  4.616799e-03 
 2.437994e+00  4.590636e-03 
 2.438391e+00  4.564438e-03 
 2.438789e+00  4.538223e-03 
 2.439187e+00  4.512002e-03 
 2.439584e+00  4.485793e-03 
 2.439982e+00  4.459603e-03 
 2.440380e+00  4.433451e-03 
 2.440777e+00  4.407353e-03 
 2.441175e+00  4.381326e-03 
 2.441573e+00  4.355406e-03 
 2.441970e+00  4.329620e-03 
 2.442368e+00  4.303992e-03 
 2.442766e+00  4.278538e-03 
 2.443164e+00  4.253281e-03 
 2.443561e+00  4.228259e-03 
 2.443959e+00  4.203490e-03 
 2.444357e+00  4.178999e-03 
 2.444754e+00  4.154812e-03 
 2.445152e+00  4.130947e-03 
 2.445550e+00  4.107412e-03 
 2.445947e+00  4.084219e-03 
 2.446345e+00  4.061377e-03 
 2.446743e+00  4.038885e-03 
 2.447141e+00  4.016754e-03 
 2.447538e+00  3.994991e-03 
 2.447936e+00  3.973610e-03 
 2.448334e+00  3.952628e-03 
 2.448731e+00  3.932059e-03 
 2.449129e+00  3.911910e-03 
 2.449527e+00  3.892203e-03 
 2.449924e+00  3.872955e-03 
 2.450322e+00  3.854175e-03 
 2.450720e+00  3.835876e-03 
 2.451117e+00  3.818072e-03 
 2.451515e+00  3.800774e-03 
 2.451913e+00  3.784002e-03 
 2.452311e+00  3.767749e-03 
 2.452708e+00  3.752021e-03 
 2.453106e+00  3.736814e-03 
 2.453504e+00  3.722141e-03 
 2.453901e+00  3.707997e-03 
 2.454299e+00  3.694398e-03 
 2.454697e+00  3.681357e-03 
 2.455094e+00  3.668885e-03 
 2.455492e+00  3.656999e-03 
 2.455890e+00  3.645719e-03 
 2.456288e+00  3.635060e-03 
 2.456685e+00  3.625045e-03 
 2.457083e+00  3.615697e-03 
 2.457481e+00  3.607048e-03 
 2.457878e+00  3.599109e-03 
 2.458276e+00  3.591904e-03 
 2.458674e+00  3.585438e-03 
 2.459071e+00  3.579722e-03 
 2.459469e+00  3.574766e-03 
 2.459867e+00  3.570564e-03 
 2.460264e+00  3.567113e-03 
 2.460662e+00  3.564402e-03 
 2.461060e+00  3.562427e-03 
 2.461458e+00  3.561178e-03 
 2.461855e+00  3.560648e-03 
 2.462253e+00  3.560835e-03 
 2.462651e+00  3.561746e-03 
 2.463048e+00  3.563377e-03 
 2.463446e+00  3.565738e-03 
 2.463844e+00  3.568842e-03 
 2.464241e+00  3.572683e-03 
 2.464639e+00  3.577268e-03 
 2.465037e+00  3.582590e-03 
 2.465435e+00  3.588652e-03 
 2.465832e+00  3.595451e-03 
 2.466230e+00  3.602982e-03 
 2.466628e+00  3.611236e-03 
 2.467025e+00  3.620213e-03 
 2.467423e+00  3.629904e-03 
 2.467821e+00  3.640298e-03 
 2.468218e+00  3.651394e-03 
 2.468616e+00  3.663180e-03 
 2.469014e+00  3.675646e-03 
 2.469411e+00  3.688793e-03 
 2.469809e+00  3.702626e-03 
 2.470207e+00  3.717141e-03 
 2.470605e+00  3.732337e-03 
 2.471002e+00  3.748215e-03 
 2.471400e+00  3.764770e-03 
 2.471798e+00  3.781985e-03 
 2.472195e+00  3.799849e-03 
 2.472593e+00  3.818347e-03 
 2.472991e+00  3.837454e-03 
 2.473388e+00  3.857157e-03 
 2.473786e+00  3.877430e-03 
 2.474184e+00  3.898244e-03 
 2.474582e+00  3.919569e-03 
 2.474979e+00  3.941382e-03 
 2.475377e+00  3.963666e-03 
 2.475775e+00  3.986399e-03 
 2.476172e+00  4.009563e-03 
 2.476570e+00  4.033145e-03 
 2.476968e+00  4.057135e-03 
 2.477365e+00  4.081511e-03 
 2.477763e+00  4.106261e-03 
 2.478161e+00  4.131360e-03 
 2.478558e+00  4.156781e-03 
 2.478956e+00  4.182502e-03 
 2.479354e+00  4.208491e-03 
 2.479752e+00  4.234734e-03 
 2.480149e+00  4.261202e-03 
 2.480547e+00  4.287862e-03 
 2.480945e+00  4.314693e-03 
 2.481342e+00  4.341679e-03 
 2.481740e+00  4.368798e-03 
 2.482138e+00  4.396032e-03 
 2.482535e+00  4.423377e-03 
 2.482933e+00  4.450822e-03 
 2.483331e+00  4.478365e-03 
 2.483729e+00  4.505999e-03 
 2.484126e+00  4.533720e-03 
 2.484524e+00  4.561525e-03 
 2.484922e+00  4.589397e-03 
 2.485319e+00  4.617333e-03 
 2.485717e+00  4.645317e-03 
 2.486115e+00  4.673334e-03 
 2.486512e+00  4.701358e-03 
 2.486910e+00  4.729364e-03 
 2.487308e+00  4.757320e-03 
 2.487705e+00  4.785197e-03 
 2.488103e+00  4.812955e-03 
 2.488501e+00  4.840576e-03 
 2.488899e+00  4.868024e-03 
 2.489296e+00  4.895279e-03 
 2.489694e+00  4.922313e-03 
 2.490092e+00  4.949110e-03 
 2.490489e+00  4.975649e-03 
 2.490887e+00  5.001915e-03 
 2.491285e+00  5.027889e-03 
 2.491682e+00  5.053556e-03 
 2.492080e+00  5.078896e-03 
 2.492478e+00  5.103896e-03 
 2.492876e+00  5.128535e-03 
 2.493273e+00  5.152791e-03 
 2.493671e+00  5.176646e-03 
 2.494069e+00  5.200072e-03 
 2.494466e+00  5.223048e-03 
 2.494864e+00  5.245554e-03 
 2.495262e+00  5.267576e-03 
 2.495659e+00  5.289100e-03 
 2.496057e+00  5.310123e-03 
 2.496455e+00  5.330632e-03 
 2.496852e+00  5.350618e-03 
 2.497250e+00  5.370092e-03 
 2.497648e+00  5.389050e-03 
 2.498046e+00  5.407491e-03 
 2.498443e+00  5.425413e-03 
 2.498841e+00  5.442832e-03 
 2.499239e+00  5.459740e-03 
 2.499636e+00  5.476146e-03 
 2.500034e+00  5.492047e-03 
 2.500432e+00  5.507424e-03 
 2.500829e+00  5.522279e-03 
 2.501227e+00  5.536617e-03 
 2.501625e+00  5.550418e-03 
 2.502023e+00  5.563684e-03 
 2.502420e+00  5.576398e-03 
 2.502818e+00  5.588558e-03 
 2.503216e+00  5.600170e-03 
 2.503613e+00  5.611226e-03 
 2.504011e+00  5.621727e-03 
 2.504409e+00  5.631662e-03 
 2.504806e+00  5.641029e-03 
 2.505204e+00  5.649824e-03 
 2.505602e+00  5.658033e-03 
 2.505999e+00  5.665644e-03 
 2.506397e+00  5.672648e-03 
 2.506795e+00  5.679022e-03 
 2.507193e+00  5.684755e-03 
 2.507590e+00  5.689838e-03 
 2.507988e+00  5.694261e-03 
 2.508386e+00  5.698016e-03 
 2.508783e+00  5.701093e-03 
 2.509181e+00  5.703492e-03 
 2.509579e+00  5.705217e-03 
 2.509976e+00  5.706269e-03 
 2.510374e+00  5.706663e-03 
 2.510772e+00  5.706401e-03 
 2.511170e+00  5.705499e-03 
 2.511567e+00  5.703963e-03 
 2.511965e+00  5.701795e-03 
 2.512363e+00  5.699001e-03 
 2.512760e+00  5.695579e-03 
 2.513158e+00  5.691521e-03 
 2.513556e+00  5.686832e-03 
 2.513953e+00  5.681513e-03 
 2.514351e+00  5.675566e-03 
 2.514749e+00  5.668995e-03 
 2.515146e+00  5.661802e-03 
 2.515544e+00  5.653980e-03 
 2.515942e+00  5.645532e-03 
 2.516340e+00  5.636461e-03 
 2.516737e+00  5.626769e-03 
 2.517135e+00  5.616479e-03 
 2.517533e+00  5.605606e-03 
 2.517930e+00  5.594165e-03 
 2.518328e+00  5.582179e-03 
 2.518726e+00  5.569671e-03 
 2.519123e+00  5.556650e-03 
 2.519521e+00  5.543131e-03 
 2.519919e+00  5.529118e-03 
 2.520317e+00  5.514604e-03 
 2.520714e+00  5.499604e-03 
 2.521112e+00  5.484118e-03 
 2.521510e+00  5.468152e-03 
 2.521907e+00  5.451707e-03 
 2.522305e+00  5.434774e-03 
 2.522703e+00  5.417370e-03 
 2.523100e+00  5.399496e-03 
 2.523498e+00  5.381162e-03 
 2.523896e+00  5.362383e-03 
 2.524293e+00  5.343166e-03 
 2.524691e+00  5.323519e-03 
 2.525089e+00  5.303472e-03 
 2.525487e+00  5.283037e-03 
 2.525884e+00  5.262226e-03 
 2.526282e+00  5.241056e-03 
 2.526680e+00  5.219538e-03 
 2.527077e+00  5.197680e-03 
 2.527475e+00  5.175499e-03 
 2.527873e+00  5.152999e-03 
 2.528270e+00  5.130175e-03 
 2.528668e+00  5.107032e-03 
 2.529066e+00  5.083574e-03 
 2.529464e+00  5.059800e-03 
 2.529861e+00  5.035719e-03 
 2.530259e+00  5.011351e-03 
 2.530657e+00  4.986696e-03 
 2.531054e+00  4.961764e-03 
 2.531452e+00  4.936572e-03 
 2.531850e+00  4.911136e-03 
 2.532247e+00  4.885472e-03 
 2.532645e+00  4.859596e-03 
 2.533043e+00  4.833527e-03 
 2.533440e+00  4.807275e-03 
 2.533838e+00  4.780853e-03 
 2.534236e+00  4.754276e-03 
 2.534634e+00  4.727559e-03 
 2.535031e+00  4.700711e-03 
 2.535429e+00  4.673741e-03 
 2.535827e+00  4.646675e-03 
 2.536224e+00  4.619531e-03 
 2.536622e+00  4.592330e-03 
 2.537020e+00  4.565097e-03 
 2.537417e+00  4.537860e-03 
 2.537815e+00  4.510633e-03 
 2.538213e+00  4.483450e-03 
 2.538611e+00  4.456344e-03 
 2.539008e+00  4.429333e-03 
 2.539406e+00  4.402439e-03 
 2.539804e+00  4.375686e-03 
 2.540201e+00  4.349084e-03 
 2.540599e+00  4.322655e-03 
 2.540997e+00  4.296409e-03 
 2.541394e+00  4.270358e-03 
 2.541792e+00  4.244519e-03 
 2.542190e+00  4.218898e-03 
 2.542587e+00  4.193516e-03 
 2.542985e+00  4.168397e-03 
 2.543383e+00  4.143557e-03 
 2.543781e+00  4.119016e-03 
 2.544178e+00  4.094790e-03 
 2.544576e+00  4.070904e-03 
 2.544974e+00  4.047388e-03 
 2.545371e+00  4.024266e-03 
 2.545769e+00  4.001555e-03 
 2.546167e+00  3.979274e-03 
 2.546564e+00  3.957435e-03 
 2.546962e+00  3.936051e-03 
 2.547360e+00  3.915138e-03 
 2.547758e+00  3.894706e-03 
 2.548155e+00  3.874749e-03 
 2.548553e+00  3.855275e-03 
 2.548951e+00  3.836311e-03 
 2.549348e+00  3.817858e-03 
 2.549746e+00  3.799938e-03 
 2.550144e+00  3.782542e-03 
 2.550541e+00  3.765697e-03 
 2.550939e+00  3.749403e-03 
 2.551337e+00  3.733683e-03 
 2.551734e+00  3.718557e-03 
 2.552132e+00  3.704043e-03 
 2.552530e+00  3.690174e-03 
 2.552928e+00  3.676961e-03 
 2.553325e+00  3.664426e-03 
 2.553723e+00  3.652579e-03 
 2.554121e+00  3.641440e-03 
 2.554518e+00  3.631007e-03 
 2.554916e+00  3.621279e-03 
 2.555314e+00  3.612266e-03 
 2.555711e+00  3.603961e-03 
 2.556109e+00  3.596373e-03 
 2.556507e+00  3.589502e-03 
 2.556905e+00  3.583350e-03 
 2.557302e+00  3.577906e-03 
 2.557700e+00  3.573181e-03 
 2.558098e+00  3.569185e-03 
 2.558495e+00  3.565918e-03 
 2.558893e+00  3.563389e-03 
 2.559291e+00  3.561609e-03 
 2.559688e+00  3.560578e-03 
 2.560086e+00  3.560298e-03 
 2.560484e+00  3.560778e-03 
 2.560881e+00  3.562018e-03 
 2.561279e+00  3.564014e-03 
 2.561677e+00  3.566760e-03 
 2.562075e+00  3.570250e-03 
 2.562472e+00  3.574485e-03 
 2.562870e+00  3.579457e-03 
 2.563268e+00  3.585159e-03 
 2.563665e+00  3.591580e-03 
 2.564063e+00  3.598710e-03 
 2.564461e+00  3.606543e-03 
 2.564858e+00  3.615087e-03 
 2.565256e+00  3.624349e-03 
 2.565654e+00  3.634322e-03 
 2.566051e+00  3.644992e-03 
 2.566449e+00  3.656367e-03 
 2.566847e+00  3.668429e-03 
 2.567245e+00  3.681164e-03 
 2.567642e+00  3.694556e-03 
 2.568040e+00  3.708585e-03 
 2.568438e+00  3.723226e-03 
 2.568835e+00  3.738467e-03 
 2.569233e+00  3.754286e-03 
 2.569631e+00  3.770684e-03 
 2.570028e+00  3.787632e-03 
 2.570426e+00  3.805115e-03 
 2.570824e+00  3.823127e-03 
 2.571222e+00  3.841664e-03 
 2.571619e+00  3.860716e-03 
 2.572017e+00  3.880270e-03 
 2.572415e+00  3.900321e-03 
 2.572812e+00  3.920858e-03 
 2.573210e+00  3.941880e-03 
 2.573608e+00  3.963368e-03 
 2.574005e+00  3.985313e-03 
 2.574403e+00  4.007703e-03 
 2.574801e+00  4.030503e-03 
 2.575198e+00  4.053695e-03 
 2.575596e+00  4.077263e-03 
 2.575994e+00  4.101174e-03 
 2.576392e+00  4.125409e-03 
 2.576789e+00  4.149949e-03 
 2.577187e+00  4.174781e-03 
 2.577585e+00  4.199900e-03 
 2.577982e+00  4.225302e-03 
 2.578380e+00  4.250976e-03 
 2.578778e+00  4.276919e-03 
 2.579175e+00  4.303109e-03 
 2.579573e+00  4.329543e-03 
 2.579971e+00  4.356205e-03 
 2.580369e+00  4.383090e-03 
 2.580766e+00  4.410173e-03 
 2.581164e+00  4.437433e-03 
 2.581562e+00  4.464837e-03 
 2.581959e+00  4.492361e-03 
 2.582357e+00  4.519968e-03 
 2.582755e+00  4.547624e-03 
 2.583152e+00  4.575293e-03 
 2.583550e+00  4.602945e-03 
 2.583948e+00  4.630549e-03 
 2.584345e+00  4.658092e-03 
 2.584743e+00  4.685542e-03 
 2.585141e+00  4.712889e-03 
 2.585539e+00  4.740098e-03 
 2.585936e+00  4.767161e-03 
 2.586334e+00  4.794061e-03 
 2.586732e+00  4.820783e-03 
 2.587129e+00  4.847324e-03 
 2.587527e+00  4.873671e-03 
 2.587925e+00  4.899802e-03 
 2.588322e+00  4.925700e-03 
 2.588720e+00  4.951351e-03 
 2.589118e+00  4.976737e-03 
 2.589516e+00  5.001831e-03 
 2.589913e+00  5.026617e-03 
 2.590311e+00  5.051078e-03 
 2.590709e+00  5.075208e-03 
 2.591106e+00  5.098999e-03 
 2.591504e+00  5.122448e-03 
 2.591902e+00  5.145551e-03 
 2.592299e+00  5.168296e-03 
 2.592697e+00  5.190682e-03 
 2.593095e+00  5.212721e-03 
 2.593492e+00  5.234402e-03 
 2.593890e+00  5.255720e-03 
 2.594288e+00  5.276684e-03 
 2.594686e+00  5.297275e-03 
 2.595083e+00  5.317495e-03 
 2.595481e+00  5.337322e-03 
 2.595879e+00  5.356748e-03 
 2.596276e+00  5.375760e-03 
 2.596674e+00  5.394335e-03 
 2.597072e+00  5.412472e-03 
 2.597469e+00  5.430160e-03 
 2.597867e+00  5.447393e-03 
 2.598265e+00  5.464162e-03 
 2.598663e+00  5.480452e-03 
 2.599060e+00  5.496260e-03 
 2.599458e+00  5.511574e-03 
 2.599856e+00  5.526395e-03 
 2.600253e+00  5.540711e-03 
 2.600651e+00  5.554511e-03 
 2.601049e+00  5.567777e-03 
 2.601446e+00  5.580484e-03 
 2.601844e+00  5.592622e-03 
 2.602242e+00  5.604173e-03 
 2.602639e+00  5.615111e-03 
 2.603037e+00  5.625423e-03 
 2.603435e+00  5.635092e-03 
 2.603833e+00  5.644110e-03 
 2.604230e+00  5.652479e-03 
 2.604628e+00  5.660205e-03 
 2.605026e+00  5.667279e-03 
 2.605423e+00  5.673713e-03 
 2.605821e+00  5.679514e-03 
 2.606219e+00  5.684693e-03 
 2.606616e+00  5.689255e-03 
 2.607014e+00  5.693210e-03 
 2.607412e+00  5.696551e-03 
 2.607810e+00  5.699277e-03 
 2.608207e+00  5.701388e-03 
 2.608605e+00  5.702879e-03 
 2.609003e+00  5.703744e-03 
 2.609400e+00  5.703980e-03 
 2.609798e+00  5.703575e-03 
 2.610196e+00  5.702520e-03 
 2.610593e+00  5.700821e-03 
 2.610991e+00  5.698482e-03 
 2.611389e+00  5.695503e-03 
 2.611786e+00  5.691883e-03 
 2.612184e+00  5.687634e-03 
 2.612582e+00  5.682762e-03 
 2.612980e+00  5.677282e-03 
 2.613377e+00  5.671210e-03 
 2.613775e+00  5.664555e-03 
 2.614173e+00  5.657323e-03 
 2.614570e+00  5.649503e-03 
 2.614968e+00  5.641106e-03 
 2.615366e+00  5.632139e-03 
 2.615763e+00  5.622599e-03 
 2.616161e+00  5.612482e-03 
 2.616559e+00  5.601785e-03 
 2.616957e+00  5.590513e-03 
 2.617354e+00  5.578664e-03 
 2.617752e+00  5.566234e-03 
 2.618150e+00  5.553236e-03 
 2.618547e+00  5.539664e-03 
 2.618945e+00  5.525531e-03 
 2.619343e+00  5.510843e-03 
 2.619740e+00  5.495618e-03 
 2.620138e+00  5.479860e-03 
 2.620536e+00  5.463579e-03 
 2.620933e+00  5.446787e-03 
 2.621331e+00  5.429489e-03 
 2.621729e+00  5.411702e-03 
 2.622127e+00  5.393430e-03 
 2.622524e+00  5.374683e-03 
 2.622922e+00  5.355456e-03 
 2.623320e+00  5.335748e-03 
 2.623717e+00  5.315565e-03 
 2.624115e+00  5.294903e-03 
 2.624513e+00  5.273775e-03 
 2.624910e+00  5.252181e-03 
 2.625308e+00  5.230142e-03 
 2.625706e+00  5.207673e-03 
 2.626104e+00  5.184789e-03 
 2.626501e+00  5.161502e-03 
 2.626899e+00  5.137828e-03 
 2.627297e+00  5.113773e-03 
 2.627694e+00  5.089348e-03 
 2.628092e+00  5.064578e-03 
 2.628490e+00  5.039477e-03 
 2.628887e+00  5.014061e-03 
 2.629285e+00  4.988342e-03 
 2.629683e+00  4.962338e-03 
 2.630080e+00  4.936066e-03 
 2.630478e+00  4.909533e-03 
 2.630876e+00  4.882763e-03 
 2.631274e+00  4.855775e-03 
 2.631671e+00  4.828599e-03 
 2.632069e+00  4.801255e-03 
 2.632467e+00  4.773777e-03 
 2.632864e+00  4.746198e-03 
 2.633262e+00  4.718551e-03 
 2.633660e+00  4.690858e-03 
 2.634057e+00  4.663133e-03 
 2.634455e+00  4.635411e-03 
 2.634853e+00  4.607709e-03 
 2.635251e+00  4.580044e-03 
 2.635648e+00  4.552428e-03 
 2.636046e+00  4.524871e-03 
 2.636444e+00  4.497382e-03 
 2.636841e+00  4.469971e-03 
 2.637239e+00  4.442649e-03 
 2.637637e+00  4.415438e-03 
 2.638034e+00  4.388344e-03 
 2.638432e+00  4.361380e-03 
 2.638830e+00  4.334577e-03 
 2.639227e+00  4.307956e-03 
 2.639625e+00  4.281538e-03 
 2.640023e+00  4.255349e-03 
 2.640421e+00  4.229397e-03 
 2.640818e+00  4.203711e-03 
 2.641216e+00  4.178309e-03 
 2.641614e+00  4.153203e-03 
 2.642011e+00  4.128417e-03 
 2.642409e+00  4.103963e-03 
 2.642807e+00  4.079844e-03 
 2.643204e+00  4.056079e-03 
 2.643602e+00  4.032675e-03 
 2.644000e+00  4.009643e-03 
 2.644398e+00  3.986988e-03 
 2.644795e+00  3.964720e-03 
 2.645193e+00  3.942857e-03 
 2.645591e+00  3.921406e-03 
 2.645988e+00  3.900392e-03 
 2.646386e+00  3.879843e-03 
 2.646784e+00  3.859802e-03 
 2.647181e+00  3.840270e-03 
 2.647579e+00  3.821298e-03 
 2.647977e+00  3.802899e-03 
 2.648374e+00  3.785101e-03 
 2.648772e+00  3.767915e-03 
 2.649170e+00  3.751359e-03 
 2.649568e+00  3.735439e-03 
 2.649965e+00  3.720181e-03 
 2.650363e+00  3.705600e-03 
 2.650761e+00  3.691705e-03 
 2.651158e+00  3.678508e-03 
 2.651556e+00  3.665996e-03 
 2.651954e+00  3.654188e-03 
 2.652351e+00  3.643085e-03 
 2.652749e+00  3.632686e-03 
 2.653147e+00  3.623004e-03 
 2.653545e+00  3.614047e-03 
 2.653942e+00  3.605813e-03 
 2.654340e+00  3.598312e-03 
 2.654738e+00  3.591549e-03 
 2.655135e+00  3.585537e-03 
 2.655533e+00  3.580257e-03 
 2.655931e+00  3.575718e-03 
 2.656328e+00  3.571910e-03 
 2.656726e+00  3.568833e-03 
 2.657124e+00  3.566493e-03 
 2.657521e+00  3.564879e-03 
 2.657919e+00  3.563985e-03 
 2.658317e+00  3.563803e-03 
 2.658715e+00  3.564334e-03 
 2.659112e+00  3.565577e-03 
 2.659510e+00  3.567532e-03 
 2.659908e+00  3.570204e-03 
 2.660305e+00  3.573593e-03 
 2.660703e+00  3.577703e-03 
 2.661101e+00  3.582543e-03 
 2.661498e+00  3.588105e-03 
 2.661896e+00  3.594377e-03 
 2.662294e+00  3.601354e-03 
 2.662692e+00  3.609032e-03 
 2.663089e+00  3.617403e-03 
 2.663487e+00  3.626445e-03 
 2.663885e+00  3.636150e-03 
 2.664282e+00  3.646511e-03 
 2.664680e+00  3.657513e-03 
 2.665078e+00  3.669147e-03 
 2.665475e+00  3.681412e-03 
 2.665873e+00  3.694300e-03 
 2.666271e+00  3.707812e-03 
 2.666668e+00  3.721936e-03 
 2.667066e+00  3.736676e-03 
 2.667464e+00  3.752034e-03 
 2.667862e+00  3.767988e-03 
 2.668259e+00  3.784542e-03 
 2.668657e+00  3.801679e-03 
 2.669055e+00  3.819376e-03 
 2.669452e+00  3.837618e-03 
 2.669850e+00  3.856386e-03 
 2.670248e+00  3.875658e-03 
 2.670645e+00  3.895414e-03 
 2.671043e+00  3.915633e-03 
 2.671441e+00  3.936290e-03 
 2.671839e+00  3.957371e-03 
 2.672236e+00  3.978860e-03 
 2.672634e+00  4.000744e-03 
 2.673032e+00  4.023016e-03 
 2.673429e+00  4.045660e-03 
 2.673827e+00  4.068679e-03 
 2.674225e+00  4.092055e-03 
 2.674622e+00  4.115785e-03 
 2.675020e+00  4.139861e-03 
 2.675418e+00  4.164265e-03 
 2.675815e+00  4.188979e-03 
 2.676213e+00  4.213977e-03 
 2.676611e+00  4.239239e-03 
 2.677009e+00  4.264744e-03 
 2.677406e+00  4.290465e-03 
 2.677804e+00  4.316368e-03 
 2.678202e+00  4.342422e-03 
 2.678599e+00  4.368606e-03 
 2.678997e+00  4.394896e-03 
 2.679395e+00  4.421268e-03 
 2.679792e+00  4.447701e-03 
 2.680190e+00  4.474177e-03 
 2.680588e+00  4.500682e-03 
 2.680986e+00  4.527206e-03 
 2.681383e+00  4.553747e-03 
 2.681781e+00  4.580289e-03 
 2.682179e+00  4.606812e-03 
 2.682576e+00  4.633307e-03 
 2.682974e+00  4.659768e-03 
 2.683372e+00  4.686175e-03 
 2.683769e+00  4.712510e-03 
 2.684167e+00  4.738759e-03 
 2.684565e+00  4.764900e-03 
 2.684962e+00  4.790924e-03 
 2.685360e+00  4.816817e-03 
 2.685758e+00  4.842567e-03 
 2.686156e+00  4.868161e-03 
 2.686553e+00  4.893582e-03 
 2.686951e+00  4.918826e-03 
 2.687349e+00  4.943880e-03 
 2.687746e+00  4.968741e-03 
 2.688144e+00  4.993404e-03 
 2.688542e+00  5.017862e-03 
 2.688939e+00  5.042109e-03 
 2.689337e+00  5.066139e-03 
 2.689735e+00  5.089940e-03 
 2.690133e+00  5.113499e-03 
 2.690530e+00  5.136794e-03 
 2.690928e+00  5.159811e-03 
 2.691326e+00  5.182530e-03 
 2.691723e+00  5.204939e-03 
 2.692121e+00  5.227015e-03 
 2.692519e+00  5.248748e-03 
 2.692916e+00  5.270123e-03 
 2.693314e+00  5.291128e-03 
 2.693712e+00  5.311754e-03 
 2.694109e+00  5.331989e-03 
 2.694507e+00  5.351833e-03 
 2.694905e+00  5.371281e-03 
 2.695303e+00  5.390307e-03 
 2.695700e+00  5.408909e-03 
 2.696098e+00  5.427060e-03 
 2.696496e+00  5.444725e-03 
 2.696893e+00  5.461902e-03 
 2.697291e+00  5.478551e-03 
 2.697689e+00  5.494657e-03 
 2.698086e+00  5.510204e-03 
 2.698484e+00  5.525185e-03 
 2.698882e+00  5.539589e-03 
 2.699280e+00  5.553419e-03 
 2.699677e+00  5.566655e-03 
 2.700075e+00  5.579287e-03 
 2.700473e+00  5.591325e-03 
 2.700870e+00  5.602761e-03 
 2.701268e+00  5.613616e-03 
 2.701666e+00  5.623886e-03 
 2.702063e+00  5.633591e-03 
 2.702461e+00  5.642734e-03 
 2.702859e+00  5.651315e-03 
 2.703256e+00  5.659334e-03 
 2.703654e+00  5.666777e-03 
 2.704052e+00  5.673629e-03 
 2.704450e+00  5.679890e-03 
 2.704847e+00  5.685543e-03 
 2.705245e+00  5.690593e-03 
 2.705643e+00  5.695031e-03 
 2.706040e+00  5.698855e-03 
 2.706438e+00  5.702059e-03 
 2.706836e+00  5.704644e-03 
 2.707233e+00  5.706617e-03 
 2.707631e+00  5.707977e-03 
 2.708029e+00  5.708726e-03 
 2.708427e+00  5.708872e-03 
 2.708824e+00  5.708421e-03 
 2.709222e+00  5.707370e-03 
 2.709620e+00  5.705724e-03 
 2.710017e+00  5.703472e-03 
 2.710415e+00  5.700604e-03 
 2.710813e+00  5.697110e-03 
 2.711210e+00  5.692985e-03 
 2.711608e+00  5.688214e-03 
 2.712006e+00  5.682793e-03 
 2.712403e+00  5.676721e-03 
 2.712801e+00  5.669992e-03 
 2.713199e+00  5.662603e-03 
 2.713597e+00  5.654552e-03 
 2.713994e+00  5.645837e-03 
 2.714392e+00  5.636466e-03 
 2.714790e+00  5.626442e-03 
 2.715187e+00  5.615763e-03 
 2.715585e+00  5.604439e-03 
 2.715983e+00  5.592475e-03 
 2.716380e+00  5.579878e-03 
 2.716778e+00  5.566668e-03 
 2.717176e+00  5.552845e-03 
 2.717574e+00  5.538415e-03 
 2.717971e+00  5.523367e-03 
 2.718369e+00  5.507711e-03 
 2.718767e+00  5.491451e-03 
 2.719164e+00  5.474596e-03 
 2.719562e+00  5.457152e-03 
 2.719960e+00  5.439128e-03 
 2.720357e+00  5.420539e-03 
 2.720755e+00  5.401402e-03 
 2.721153e+00  5.381738e-03 
 2.721550e+00  5.361561e-03 
 2.721948e+00  5.340881e-03 
 2.722346e+00  5.319718e-03 
 2.722744e+00  5.298087e-03 
 2.723141e+00  5.276004e-03 
 2.723539e+00  5.253490e-03 
 2.723937e+00  5.230551e-03 
 2.724334e+00  5.207200e-03 
 2.724732e+00  5.183448e-03 
 2.725130e+00  5.159304e-03 
 2.725527e+00  5.134773e-03 
 2.725925e+00  5.109877e-03 
 2.726323e+00  5.084635e-03 
 2.726721e+00  5.059071e-03 
 2.727118e+00  5.033209e-03 
 2.727516e+00  5.007085e-03 
 2.727914e+00  4.980714e-03 
 2.728311e+00  4.954123e-03 
 2.728709e+00  4.927334e-03 
 2.729107e+00  4.900366e-03 
 2.729504e+00  4.873239e-03 
 2.729902e+00  4.845966e-03 
 2.730300e+00  4.818558e-03 
 2.730697e+00  4.791027e-03 
 2.731095e+00  4.763381e-03 
 2.731493e+00  4.735620e-03 
 2.731891e+00  4.707752e-03 
 2.732288e+00  4.679787e-03 
 2.732686e+00  4.651726e-03 
 2.733084e+00  4.623594e-03 
 2.733481e+00  4.595409e-03 
 2.733879e+00  4.567188e-03 
 2.734277e+00  4.538961e-03 
 2.734674e+00  4.510751e-03 
 2.735072e+00  4.482589e-03 
 2.735470e+00  4.454500e-03 
 2.735868e+00  4.426507e-03 
 2.736265e+00  4.398641e-03 
 2.736663e+00  4.370925e-03 
 2.737061e+00  4.343381e-03 
 2.737458e+00  4.316032e-03 
 2.737856e+00  4.288886e-03 
 2.738254e+00  4.261963e-03 
 2.738651e+00  4.235285e-03 
 2.739049e+00  4.208855e-03 
 2.739447e+00  4.182692e-03 
 2.739844e+00  4.156827e-03 
 2.740242e+00  4.131277e-03 
 2.740640e+00  4.106076e-03 
 2.741038e+00  4.081255e-03 
 2.741435e+00  4.056828e-03 
 2.741833e+00  4.032832e-03 
 2.742231e+00  4.009290e-03 
 2.742628e+00  3.986239e-03 
 2.743026e+00  3.963697e-03 
 2.743424e+00  3.941688e-03 
 2.743821e+00  3.920224e-03 
 2.744219e+00  3.899330e-03 
 2.744617e+00  3.879020e-03 
 2.745015e+00  3.859317e-03 
 2.745412e+00  3.840209e-03 
 2.745810e+00  3.821719e-03 
 2.746208e+00  3.803851e-03 
 2.746605e+00  3.786600e-03 
 2.747003e+00  3.769980e-03 
 2.747401e+00  3.753992e-03 
 2.747798e+00  3.738631e-03 
 2.748196e+00  3.723909e-03 
 2.748594e+00  3.709831e-03 
 2.748991e+00  3.696403e-03 
 2.749389e+00  3.683636e-03 
 2.749787e+00  3.671537e-03 
 2.750185e+00  3.660106e-03 
 2.750582e+00  3.649353e-03 
 2.750980e+00  3.639273e-03 
 2.751378e+00  3.629874e-03 
 2.751775e+00  3.621143e-03 
 2.752173e+00  3.613080e-03 
 2.752571e+00  3.605696e-03 
 2.752968e+00  3.598988e-03 
 2.753366e+00  3.592960e-03 
 2.753764e+00  3.587620e-03 
 2.754162e+00  3.582977e-03 
 2.754559e+00  3.579038e-03 
 2.754957e+00  3.575808e-03 
 2.755355e+00  3.573299e-03 
 2.755752e+00  3.571514e-03 
 2.756150e+00  3.570468e-03 
 2.756548e+00  3.570155e-03 
 2.756945e+00  3.570576e-03 
 2.757343e+00  3.571733e-03 
 2.757741e+00  3.573612e-03 
 2.758138e+00  3.576222e-03 
 2.758536e+00  3.579554e-03 
 2.758934e+00  3.583603e-03 
 2.759332e+00  3.588348e-03 
 2.759729e+00  3.593778e-03 
 2.760127e+00  3.599890e-03 
 2.760525e+00  3.606689e-03 
 2.760922e+00  3.614165e-03 
 2.761320e+00  3.622305e-03 
 2.761718e+00  3.631104e-03 
 2.762115e+00  3.640565e-03 
 2.762513e+00  3.650686e-03 
 2.762911e+00  3.661456e-03 
 2.763309e+00  3.672869e-03 
 2.763706e+00  3.684911e-03 
 2.764104e+00  3.697569e-03 
 2.764502e+00  3.710835e-03 
 2.764899e+00  3.724695e-03 
 2.765297e+00  3.739131e-03 
 2.765695e+00  3.754112e-03 
 2.766092e+00  3.769615e-03 
 2.766490e+00  3.785628e-03 
 2.766888e+00  3.802140e-03 
 2.767285e+00  3.819129e-03 
 2.767683e+00  3.836593e-03 
 2.768081e+00  3.854528e-03 
 2.768479e+00  3.872926e-03 
 2.768876e+00  3.891790e-03 
 2.769274e+00  3.911105e-03 
 2.769672e+00  3.930868e-03 
 2.770069e+00  3.951063e-03 
 2.770467e+00  3.971679e-03 
 2.770865e+00  3.992709e-03 
 2.771262e+00  4.014141e-03 
 2.771660e+00  4.035961e-03 
 2.772058e+00  4.058145e-03 
 2.772456e+00  4.080672e-03 
 2.772853e+00  4.103519e-03 
 2.773251e+00  4.126666e-03 
 2.773649e+00  4.150081e-03 
 2.774046e+00  4.173741e-03 
 2.774444e+00  4.197630e-03 
 2.774842e+00  4.221735e-03 
 2.775239e+00  4.246043e-03 
 2.775637e+00  4.270541e-03 
 2.776035e+00  4.295224e-03 
 2.776432e+00  4.320073e-03 
 2.776830e+00  4.345074e-03 
 2.777228e+00  4.370219e-03 
 2.777626e+00  4.395496e-03 
 2.778023e+00  4.420896e-03 
 2.778421e+00  4.446408e-03 
 2.778819e+00  4.472015e-03 
 2.779216e+00  4.497706e-03 
 2.779614e+00  4.523461e-03 
 2.780012e+00  4.549264e-03 
 2.780409e+00  4.575101e-03 
 2.780807e+00  4.600957e-03 
 2.781205e+00  4.626816e-03 
 2.781603e+00  4.652670e-03 
 2.782000e+00  4.678512e-03 
 2.782398e+00  4.704345e-03 
 2.782796e+00  4.730164e-03 
 2.783193e+00  4.755955e-03 
 2.783591e+00  4.781710e-03 
 2.783989e+00  4.807415e-03 
 2.784386e+00  4.833066e-03 
 2.784784e+00  4.858645e-03 
 2.785182e+00  4.884129e-03 
 2.785579e+00  4.909497e-03 
 2.785977e+00  4.934732e-03 
 2.786375e+00  4.959814e-03 
 2.786773e+00  4.984730e-03 
 2.787170e+00  5.009457e-03 
 2.787568e+00  5.033975e-03 
 2.787966e+00  5.058267e-03 
 2.788363e+00  5.082320e-03 
 2.788761e+00  5.106119e-03 
 2.789159e+00  5.129656e-03 
 2.789556e+00  5.152911e-03 
 2.789954e+00  5.175874e-03 
 2.790352e+00  5.198531e-03 
 2.790750e+00  5.220862e-03 
 2.791147e+00  5.242857e-03 
 2.791545e+00  5.264493e-03 
 2.791943e+00  5.285749e-03 
 2.792340e+00  5.306612e-03 
 2.792738e+00  5.327048e-03 
 2.793136e+00  5.347051e-03 
 2.793533e+00  5.366602e-03 
 2.793931e+00  5.385683e-03 
 2.794329e+00  5.404283e-03 
 2.794726e+00  5.422390e-03 
 2.795124e+00  5.440012e-03 
 2.795522e+00  5.457144e-03 
 2.795920e+00  5.473795e-03 
 2.796317e+00  5.489976e-03 
 2.796715e+00  5.505698e-03 
 2.797113e+00  5.520965e-03 
 2.797510e+00  5.535769e-03 
 2.797908e+00  5.550121e-03 
 2.798306e+00  5.564004e-03 
 2.798703e+00  5.577411e-03 
 2.799101e+00  5.590322e-03 
 2.799499e+00  5.602726e-03 
 2.799897e+00  5.614619e-03 
 2.800294e+00  5.625984e-03 
 2.800692e+00  5.636809e-03 
 2.801090e+00  5.647081e-03 
 2.801487e+00  5.656785e-03 
 2.801885e+00  5.665911e-03 
 2.802283e+00  5.674456e-03 
 2.802680e+00  5.682405e-03 
 2.803078e+00  5.689753e-03 
 2.803476e+00  5.696490e-03 
 2.803873e+00  5.702616e-03 
 2.804271e+00  5.708125e-03 
 2.804669e+00  5.713009e-03 
 2.805067e+00  5.717249e-03 
 2.805464e+00  5.720819e-03 
 2.805862e+00  5.723716e-03 
 2.806260e+00  5.725930e-03 
 2.806657e+00  5.727442e-03 
 2.807055e+00  5.728245e-03 
 2.807453e+00  5.728321e-03 
 2.807850e+00  5.727657e-03 
 2.808248e+00  5.726243e-03 
 2.808646e+00  5.724076e-03 
 2.809044e+00  5.721155e-03 
 2.809441e+00  5.717476e-03 
 2.809839e+00  5.713043e-03 
 2.810237e+00  5.707875e-03 
 2.810634e+00  5.701971e-03 
 2.811032e+00  5.695351e-03 
 2.811430e+00  5.688019e-03 
 2.811827e+00  5.679972e-03 
 2.812225e+00  5.671226e-03 
 2.812623e+00  5.661777e-03 
 2.813020e+00  5.651630e-03 
 2.813418e+00  5.640795e-03 
 2.813816e+00  5.629267e-03 
 2.814214e+00  5.617065e-03 
 2.814611e+00  5.604194e-03 
 2.815009e+00  5.590677e-03 
 2.815407e+00  5.576516e-03 
 2.815804e+00  5.561732e-03 
 2.816202e+00  5.546340e-03 
 2.816600e+00  5.530345e-03 
 2.816997e+00  5.513765e-03 
 2.817395e+00  5.496605e-03 
 2.817793e+00  5.478879e-03 
 2.818191e+00  5.460592e-03 
 2.818588e+00  5.441756e-03 
 2.818986e+00  5.422377e-03 
 2.819384e+00  5.402457e-03 
 2.819781e+00  5.382014e-03 
 2.820179e+00  5.361052e-03 
 2.820577e+00  5.339576e-03 
 2.820974e+00  5.317591e-03 
 2.821372e+00  5.295106e-03 
 2.821770e+00  5.272137e-03 
 2.822167e+00  5.248711e-03 
 2.822565e+00  5.224843e-03 
 2.822963e+00  5.200557e-03 
 2.823361e+00  5.175883e-03 
 2.823758e+00  5.150835e-03 
 2.824156e+00  5.125442e-03 
 2.824554e+00  5.099730e-03 
 2.824951e+00  5.073706e-03 
 2.825349e+00  5.047377e-03 
 2.825747e+00  5.020761e-03 
 2.826144e+00  4.993876e-03 
 2.826542e+00  4.966733e-03 
 2.826940e+00  4.939345e-03 
 2.827338e+00  4.911721e-03 
 2.827735e+00  4.883877e-03 
 2.828133e+00  4.855834e-03 
 2.828531e+00  4.827619e-03 
 2.828928e+00  4.799255e-03 
 2.829326e+00  4.770768e-03 
 2.829724e+00  4.742186e-03 
 2.830121e+00  4.713547e-03 
 2.830519e+00  4.684881e-03 
 2.830917e+00  4.656217e-03 
 2.831314e+00  4.627579e-03 
 2.831712e+00  4.598987e-03 
 2.832110e+00  4.570453e-03 
 2.832508e+00  4.541999e-03 
 2.832905e+00  4.513644e-03 
 2.833303e+00  4.485399e-03 
 2.833701e+00  4.457273e-03 
 2.834098e+00  4.429284e-03 
 2.834496e+00  4.401460e-03 
 2.834894e+00  4.373816e-03 
 2.835291e+00  4.346370e-03 
 2.835689e+00  4.319145e-03 
 2.836087e+00  4.292159e-03 
 2.836485e+00  4.265432e-03 
 2.836882e+00  4.238991e-03 
 2.837280e+00  4.212861e-03 
 2.837678e+00  4.187071e-03 
 2.838075e+00  4.161647e-03 
 2.838473e+00  4.136617e-03 
 2.838871e+00  4.112008e-03 
 2.839268e+00  4.087835e-03 
 2.839666e+00  4.064108e-03 
 2.840064e+00  4.040844e-03 
 2.840461e+00  4.018064e-03 
 2.840859e+00  3.995774e-03 
 2.841257e+00  3.973983e-03 
 2.841655e+00  3.952709e-03 
 2.842052e+00  3.931965e-03 
 2.842450e+00  3.911761e-03 
 2.842848e+00  3.892110e-03 
 2.843245e+00  3.873012e-03 
 2.843643e+00  3.854481e-03 
 2.844041e+00  3.836532e-03 
 2.844438e+00  3.819170e-03 
 2.844836e+00  3.802417e-03 
 2.845234e+00  3.786267e-03 
 2.845632e+00  3.770730e-03 
 2.846029e+00  3.755805e-03 
 2.846427e+00  3.741504e-03 
 2.846825e+00  3.727814e-03 
 2.847222e+00  3.714742e-03 
 2.847620e+00  3.702293e-03 
 2.848018e+00  3.690478e-03 
 2.848415e+00  3.679302e-03 
 2.848813e+00  3.668762e-03 
 2.849211e+00  3.658871e-03 
 2.849608e+00  3.649623e-03 
 2.850006e+00  3.641029e-03 
 2.850404e+00  3.633105e-03 
 2.850802e+00  3.625848e-03 
 2.851199e+00  3.619270e-03 
 2.851597e+00  3.613374e-03 
 2.851995e+00  3.608176e-03 
 2.852392e+00  3.603681e-03 
 2.852790e+00  3.599883e-03 
 2.853188e+00  3.596776e-03 
 2.853585e+00  3.594357e-03 
 2.853983e+00  3.592614e-03 
 2.854381e+00  3.591546e-03 
 2.854779e+00  3.591157e-03 
 2.855176e+00  3.591445e-03 
 2.855574e+00  3.592403e-03 
 2.855972e+00  3.594032e-03 
 2.856369e+00  3.596333e-03 
 2.856767e+00  3.599311e-03 
 2.857165e+00  3.602960e-03 
 2.857562e+00  3.607282e-03 
 2.857960e+00  3.612276e-03 
 2.858358e+00  3.617933e-03 
 2.858755e+00  3.624243e-03 
 2.859153e+00  3.631207e-03 
 2.859551e+00  3.638807e-03 
 2.859949e+00  3.647028e-03 
 2.860346e+00  3.655845e-03 
 2.860744e+00  3.665242e-03 
 2.861142e+00  3.675200e-03 
 2.861539e+00  3.685709e-03 
 2.861937e+00  3.696753e-03 
 2.862335e+00  3.708321e-03 
 2.862732e+00  3.720405e-03 
 2.863130e+00  3.732994e-03 
 2.863528e+00  3.746086e-03 
 2.863926e+00  3.759682e-03 
 2.864323e+00  3.773766e-03 
 2.864721e+00  3.788329e-03 
 2.865119e+00  3.803359e-03 
 2.865516e+00  3.818862e-03 
 2.865914e+00  3.834834e-03 
 2.866312e+00  3.851272e-03 
 2.866709e+00  3.868162e-03 
 2.867107e+00  3.885499e-03 
 2.867505e+00  3.903262e-03 
 2.867902e+00  3.921442e-03 
 2.868300e+00  3.940029e-03 
 2.868698e+00  3.959001e-03 
 2.869096e+00  3.978349e-03 
 2.869493e+00  3.998072e-03 
 2.869891e+00  4.018165e-03 
 2.870289e+00  4.038628e-03 
 2.870686e+00  4.059452e-03 
 2.871084e+00  4.080639e-03 
 2.871482e+00  4.102171e-03 
 2.871879e+00  4.124045e-03 
 2.872277e+00  4.146255e-03 
 2.872675e+00  4.168791e-03 
 2.873073e+00  4.191635e-03 
 2.873470e+00  4.214783e-03 
 2.873868e+00  4.238228e-03 
 2.874266e+00  4.261952e-03 
 2.874663e+00  4.285945e-03 
 2.875061e+00  4.310187e-03 
 2.875459e+00  4.334661e-03 
 2.875856e+00  4.359352e-03 
 2.876254e+00  4.384245e-03 
 2.876652e+00  4.409333e-03 
 2.877049e+00  4.434590e-03 
 2.877447e+00  4.460008e-03 
 2.877845e+00  4.485567e-03 
 2.878243e+00  4.511255e-03 
 2.878640e+00  4.537061e-03 
 2.879038e+00  4.562963e-03 
 2.879436e+00  4.588949e-03 
 2.879833e+00  4.614996e-03 
 2.880231e+00  4.641090e-03 
 2.880629e+00  4.667211e-03 
 2.881026e+00  4.693337e-03 
 2.881424e+00  4.719456e-03 
 2.881822e+00  4.745548e-03 
 2.882220e+00  4.771600e-03 
 2.882617e+00  4.797593e-03 
 2.883015e+00  4.823513e-03 
 2.883413e+00  4.849351e-03 
 2.883810e+00  4.875097e-03 
 2.884208e+00  4.900744e-03 
 2.884606e+00  4.926277e-03 
 2.885003e+00  4.951685e-03 
 2.885401e+00  4.976958e-03 
 2.885799e+00  5.002085e-03 
 2.886196e+00  5.027049e-03 
 2.886594e+00  5.051828e-03 
 2.886992e+00  5.076404e-03 
 2.887390e+00  5.100752e-03 
 2.887787e+00  5.124854e-03 
 2.888185e+00  5.148687e-03 
 2.888583e+00  5.172229e-03 
 2.888980e+00  5.195469e-03 
 2.889378e+00  5.218384e-03 
 2.889776e+00  5.240974e-03 
 2.890173e+00  5.263230e-03 
 2.890571e+00  5.285152e-03 
 2.890969e+00  5.306732e-03 
 2.891367e+00  5.327956e-03 
 2.891764e+00  5.348831e-03 
 2.892162e+00  5.369348e-03 
 2.892560e+00  5.389498e-03 
 2.892957e+00  5.409270e-03 
 2.893355e+00  5.428649e-03 
 2.893753e+00  5.447627e-03 
 2.894150e+00  5.466181e-03 
 2.894548e+00  5.484304e-03 
 2.894946e+00  5.501961e-03 
 2.895343e+00  5.519125e-03 
 2.895741e+00  5.535783e-03 
 2.896139e+00  5.551924e-03 
 2.896537e+00  5.567527e-03 
 2.896934e+00  5.582574e-03 
 2.897332e+00  5.597052e-03 
 2.897730e+00  5.610946e-03 
 2.898127e+00  5.624235e-03 
 2.898525e+00  5.636928e-03 
 2.898923e+00  5.649000e-03 
 2.899320e+00  5.660443e-03 
 2.899718e+00  5.671249e-03 
 2.900116e+00  5.681411e-03 
 2.900514e+00  5.690901e-03 
 2.900911e+00  5.699706e-03 
 2.901309e+00  5.707810e-03 
 2.901707e+00  5.715192e-03 
 2.902104e+00  5.721839e-03 
 2.902502e+00  5.727735e-03 
 2.902900e+00  5.732871e-03 
 2.903297e+00  5.737249e-03 
 2.903695e+00  5.740854e-03 
 2.904093e+00  5.743688e-03 
 2.904490e+00  5.745737e-03 
 2.904888e+00  5.747012e-03 
 2.905286e+00  5.747510e-03 
 2.905684e+00  5.747235e-03 
 2.906081e+00  5.746195e-03 
 2.906479e+00  5.744390e-03 
 2.906877e+00  5.741822e-03 
 2.907274e+00  5.738503e-03 
 2.907672e+00  5.734443e-03 
 2.908070e+00  5.729637e-03 
 2.908467e+00  5.724086e-03 
 2.908865e+00  5.717795e-03 
 2.909263e+00  5.710768e-03 
 2.909661e+00  5.703015e-03 
 2.910058e+00  5.694546e-03 
 2.910456e+00  5.685367e-03 
 2.910854e+00  5.675487e-03 
 2.911251e+00  5.664909e-03 
 2.911649e+00  5.653652e-03 
 2.912047e+00  5.641728e-03 
 2.912444e+00  5.629143e-03 
 2.912842e+00  5.615902e-03 
 2.913240e+00  5.602007e-03 
 2.913637e+00  5.587480e-03 
 2.914035e+00  5.572327e-03 
 2.914433e+00  5.556556e-03 
 2.914831e+00  5.540172e-03 
 2.915228e+00  5.523172e-03 
 2.915626e+00  5.505558e-03 
 2.916024e+00  5.487344e-03 
 2.916421e+00  5.468539e-03 
 2.916819e+00  5.449146e-03 
 2.917217e+00  5.429188e-03 
 2.917614e+00  5.408685e-03 
 2.918012e+00  5.387665e-03 
 2.918410e+00  5.366153e-03 
 2.918808e+00  5.344164e-03 
 2.919205e+00  5.321712e-03 
 2.919603e+00  5.298810e-03 
 2.920001e+00  5.275474e-03 
 2.920398e+00  5.251718e-03 
 2.920796e+00  5.227558e-03 
 2.921194e+00  5.203005e-03 
 2.921591e+00  5.178069e-03 
 2.921989e+00  5.152772e-03 
 2.922387e+00  5.127118e-03 
 2.922784e+00  5.101126e-03 
 2.923182e+00  5.074816e-03 
 2.923580e+00  5.048202e-03 
 2.923978e+00  5.021304e-03 
 2.924375e+00  4.994153e-03 
 2.924773e+00  4.966778e-03 
 2.925171e+00  4.939219e-03 
 2.925568e+00  4.911495e-03 
 2.925966e+00  4.883645e-03 
 2.926364e+00  4.855686e-03 
 2.926761e+00  4.827639e-03 
 2.927159e+00  4.799527e-03 
 2.927557e+00  4.771376e-03 
 2.927955e+00  4.743198e-03 
 2.928352e+00  4.715010e-03 
 2.928750e+00  4.686828e-03 
 2.929148e+00  4.658671e-03 
 2.929545e+00  4.630559e-03 
 2.929943e+00  4.602502e-03 
 2.930341e+00  4.574522e-03 
 2.930738e+00  4.546627e-03 
 2.931136e+00  4.518848e-03 
 2.931534e+00  4.491210e-03 
 2.931931e+00  4.463738e-03 
 2.932329e+00  4.436461e-03 
 2.932727e+00  4.409403e-03 
 2.933125e+00  4.382590e-03 
 2.933522e+00  4.356042e-03 
 2.933920e+00  4.329784e-03 
 2.934318e+00  4.303830e-03 
 2.934715e+00  4.278194e-03 
 2.935113e+00  4.252890e-03 
 2.935511e+00  4.227939e-03 
 2.935908e+00  4.203361e-03 
 2.936306e+00  4.179166e-03 
 2.936704e+00  4.155363e-03 
 2.937102e+00  4.131968e-03 
 2.937499e+00  4.108991e-03 
 2.937897e+00  4.086440e-03 
 2.938295e+00  4.064333e-03 
 2.938692e+00  4.042678e-03 
 2.939090e+00  4.021486e-03 
 2.939488e+00  4.000764e-03 
 2.939885e+00  3.980521e-03 
 2.940283e+00  3.960767e-03 
 2.940681e+00  3.941499e-03 
 2.941078e+00  3.922719e-03 
 2.941476e+00  3.904427e-03 
 2.941874e+00  3.886615e-03 
 2.942272e+00  3.869312e-03 
 2.942669e+00  3.852498e-03 
 2.943067e+00  3.836185e-03 
 2.943465e+00  3.820382e-03 
 2.943862e+00  3.805084e-03 
 2.944260e+00  3.790300e-03 
 2.944658e+00  3.776049e-03 
 2.945055e+00  3.762342e-03 
 2.945453e+00  3.749190e-03 
 2.945851e+00  3.736607e-03 
 2.946249e+00  3.724605e-03 
 2.946646e+00  3.713202e-03 
 2.947044e+00  3.702400e-03 
 2.947442e+00  3.692209e-03 
 2.947839e+00  3.682630e-03 
 2.948237e+00  3.673659e-03 
 2.948635e+00  3.665302e-03 
 2.949032e+00  3.657562e-03 
 2.949430e+00  3.650441e-03 
 2.949828e+00  3.643939e-03 
 2.950225e+00  3.638052e-03 
 2.950623e+00  3.632787e-03 
 2.951021e+00  3.628151e-03 
 2.951419e+00  3.624154e-03 
 2.951816e+00  3.620794e-03 
 2.952214e+00  3.618074e-03 
 2.952612e+00  3.615988e-03 
 2.953009e+00  3.614539e-03 
 2.953407e+00  3.613734e-03 
 2.953805e+00  3.613565e-03 
 2.954202e+00  3.614031e-03 
 2.954600e+00  3.615115e-03 
 2.954998e+00  3.616802e-03 
 2.955396e+00  3.619079e-03 
 2.955793e+00  3.621938e-03 
 2.956191e+00  3.625368e-03 
 2.956589e+00  3.629348e-03 
 2.956986e+00  3.633863e-03 
 2.957384e+00  3.638911e-03 
 2.957782e+00  3.644501e-03 
 2.958179e+00  3.650629e-03 
 2.958577e+00  3.657288e-03 
 2.958975e+00  3.664478e-03 
 2.959372e+00  3.672202e-03 
 2.959770e+00  3.680470e-03 
 2.960168e+00  3.689287e-03 
 2.960566e+00  3.698654e-03 
 2.960963e+00  3.708577e-03 
 2.961361e+00  3.719048e-03 
 2.961759e+00  3.730074e-03 
 2.962156e+00  3.741662e-03 
 2.962554e+00  3.753808e-03 
 2.962952e+00  3.766506e-03 
 2.963349e+00  3.779747e-03 
 2.963747e+00  3.793531e-03 
 2.964145e+00  3.807860e-03 
 2.964543e+00  3.822729e-03 
 2.964940e+00  3.838126e-03 
 2.965338e+00  3.854058e-03 
 2.965736e+00  3.870519e-03 
 2.966133e+00  3.887501e-03 
 2.966531e+00  3.905010e-03 
 2.966929e+00  3.923030e-03 
 2.967326e+00  3.941554e-03 
 2.967724e+00  3.960574e-03 
 2.968122e+00  3.980075e-03 
 2.968519e+00  4.000053e-03 
 2.968917e+00  4.020493e-03 
 2.969315e+00  4.041380e-03 
 2.969713e+00  4.062700e-03 
 2.970110e+00  4.084436e-03 
 2.970508e+00  4.106569e-03 
 2.970906e+00  4.129078e-03 
 2.971303e+00  4.151946e-03 
 2.971701e+00  4.175155e-03 
 2.972099e+00  4.198687e-03 
 2.972496e+00  4.222525e-03 
 2.972894e+00  4.246659e-03 
 2.973292e+00  4.271077e-03 
 2.973690e+00  4.295761e-03 
 2.974087e+00  4.320696e-03 
 2.974485e+00  4.345860e-03 
 2.974883e+00  4.371237e-03 
 2.975280e+00  4.396811e-03 
 2.975678e+00  4.422567e-03 
 2.976076e+00  4.448493e-03 
 2.976473e+00  4.474568e-03 
 2.976871e+00  4.500787e-03 
 2.977269e+00  4.527141e-03 
 2.977666e+00  4.553624e-03 
 2.978064e+00  4.580223e-03 
 2.978462e+00  4.606923e-03 
 2.978860e+00  4.633717e-03 
 2.979257e+00  4.660588e-03 
 2.979655e+00  4.687544e-03 
 2.980053e+00  4.714570e-03 
 2.980450e+00  4.741652e-03 
 2.980848e+00  4.768771e-03 
 2.981246e+00  4.795909e-03 
 2.981643e+00  4.823044e-03 
 2.982041e+00  4.850156e-03 
 2.982439e+00  4.877214e-03 
 2.982837e+00  4.904188e-03 
 2.983234e+00  4.931052e-03 
 2.983632e+00  4.957781e-03 
 2.984030e+00  4.984361e-03 
 2.984427e+00  5.010775e-03 
 2.984825e+00  5.036995e-03 
 2.985223e+00  5.063002e-03 
 2.985620e+00  5.088778e-03 
 2.986018e+00  5.114317e-03 
 2.986416e+00  5.139603e-03 
 2.986813e+00  5.164619e-03 
 2.987211e+00  5.189362e-03 
 2.987609e+00  5.213811e-03 
 2.988007e+00  5.237954e-03 
 2.988404e+00  5.261767e-03 
 2.988802e+00  5.285242e-03 
 2.989200e+00  5.308357e-03 
 2.989597e+00  5.331078e-03 
 2.989995e+00  5.353389e-03 
 2.990393e+00  5.375271e-03 
 2.990790e+00  5.396714e-03 
 2.991188e+00  5.417686e-03 
 2.991586e+00  5.438176e-03 
 2.991984e+00  5.458173e-03 
 2.992381e+00  5.477646e-03 
 2.992779e+00  5.496595e-03 
 2.993177e+00  5.514998e-03 
 2.993574e+00  5.532846e-03 
 2.993972e+00  5.550120e-03 
 2.994370e+00  5.566807e-03 
 2.994767e+00  5.582906e-03 
 2.995165e+00  5.598391e-03 
 2.995563e+00  5.613244e-03 
 2.995960e+00  5.627435e-03 
 2.996358e+00  5.640950e-03 
 2.996756e+00  5.653767e-03 
 2.997154e+00  5.665867e-03 
 2.997551e+00  5.677242e-03 
 2.997949e+00  5.687884e-03 
 2.998347e+00  5.697771e-03 
 2.998744e+00  5.706885e-03 
 2.999142e+00  5.715225e-03 
 2.999540e+00  5.722783e-03 
 2.999937e+00  5.729549e-03 
 3.000335e+00  5.735521e-03 
 3.000733e+00  5.740697e-03 
 3.001131e+00  5.745080e-03 
 3.001528e+00  5.748677e-03 
 3.001926e+00  5.751492e-03 
 3.002324e+00  5.753528e-03 
 3.002721e+00  5.754780e-03 
 3.003119e+00  5.755258e-03 
 3.003517e+00  5.754962e-03 
 3.003914e+00  5.753897e-03 
 3.004312e+00  5.752073e-03 
 3.004710e+00  5.749490e-03 
 3.005107e+00  5.746161e-03 
 3.005505e+00  5.742102e-03 
 3.005903e+00  5.737328e-03 
 3.006301e+00  5.731844e-03 
 3.006698e+00  5.725659e-03 
 3.007096e+00  5.718780e-03 
 3.007494e+00  5.711205e-03 
 3.007891e+00  5.702957e-03 
 3.008289e+00  5.694041e-03 
 3.008687e+00  5.684456e-03 
 3.009084e+00  5.674212e-03 
 3.009482e+00  5.663306e-03 
 3.009880e+00  5.651744e-03 
 3.010278e+00  5.639531e-03 
 3.010675e+00  5.626661e-03 
 3.011073e+00  5.613138e-03 
 3.011471e+00  5.598959e-03 
 3.011868e+00  5.584138e-03 
 3.012266e+00  5.568689e-03 
 3.012664e+00  5.552634e-03 
 3.013061e+00  5.535971e-03 
 3.013459e+00  5.518714e-03 
 3.013857e+00  5.500878e-03 
 3.014254e+00  5.482480e-03 
 3.014652e+00  5.463538e-03 
 3.015050e+00  5.444057e-03 
 3.015448e+00  5.424058e-03 
 3.015845e+00  5.403545e-03 
 3.016243e+00  5.382538e-03 
 3.016641e+00  5.361045e-03 
 3.017038e+00  5.339085e-03 
 3.017436e+00  5.316665e-03 
 3.017834e+00  5.293797e-03 
 3.018231e+00  5.270503e-03 
 3.018629e+00  5.246811e-03 
 3.019027e+00  5.222750e-03 
 3.019425e+00  5.198351e-03 
 3.019822e+00  5.173643e-03 
 3.020220e+00  5.148656e-03 
 3.020618e+00  5.123415e-03 
 3.021015e+00  5.097956e-03 
 3.021413e+00  5.072303e-03 
 3.021811e+00  5.046490e-03 
 3.022208e+00  5.020526e-03 
 3.022606e+00  4.994437e-03 
 3.023004e+00  4.968241e-03 
 3.023401e+00  4.941961e-03 
 3.023799e+00  4.915602e-03 
 3.024197e+00  4.889180e-03 
 3.024595e+00  4.862702e-03 
 3.024992e+00  4.836178e-03 
 3.025390e+00  4.809617e-03 
 3.025788e+00  4.783042e-03 
 3.026185e+00  4.756463e-03 
 3.026583e+00  4.729894e-03 
 3.026981e+00  4.703343e-03 
 3.027378e+00  4.676824e-03 
 3.027776e+00  4.650348e-03 
 3.028174e+00  4.623941e-03 
 3.028572e+00  4.597602e-03 
 3.028969e+00  4.571341e-03 
 3.029367e+00  4.545179e-03 
 3.029765e+00  4.519113e-03 
 3.030162e+00  4.493166e-03 
 3.030560e+00  4.467338e-03 
 3.030958e+00  4.441651e-03 
 3.031355e+00  4.416110e-03 
 3.031753e+00  4.390735e-03 
 3.032151e+00  4.365546e-03 
 3.032548e+00  4.340553e-03 
 3.032946e+00  4.315765e-03 
 3.033344e+00  4.291200e-03 
 3.033742e+00  4.266871e-03 
 3.034139e+00  4.242795e-03 
 3.034537e+00  4.218989e-03 
 3.034935e+00  4.195463e-03 
 3.035332e+00  4.172233e-03 
 3.035730e+00  4.149319e-03 
 3.036128e+00  4.126719e-03 
 3.036525e+00  4.104458e-03 
 3.036923e+00  4.082546e-03 
 3.037321e+00  4.060992e-03 
 3.037719e+00  4.039806e-03 
 3.038116e+00  4.019006e-03 
 3.038514e+00  3.998608e-03 
 3.038912e+00  3.978623e-03 
 3.039309e+00  3.959068e-03 
 3.039707e+00  3.939960e-03 
 3.040105e+00  3.921317e-03 
 3.040502e+00  3.903145e-03 
 3.040900e+00  3.885462e-03 
 3.041298e+00  3.868293e-03 
 3.041695e+00  3.851635e-03 
 3.042093e+00  3.835505e-03 
 3.042491e+00  3.819900e-03 
 3.042889e+00  3.804821e-03 
 3.043286e+00  3.790281e-03 
 3.043684e+00  3.776274e-03 
 3.044082e+00  3.762795e-03 
 3.044479e+00  3.749845e-03 
 3.044877e+00  3.737427e-03 
 3.045275e+00  3.725543e-03 
 3.045672e+00  3.714198e-03 
 3.046070e+00  3.703402e-03 
 3.046468e+00  3.693157e-03 
 3.046866e+00  3.683478e-03 
 3.047263e+00  3.674363e-03 
 3.047661e+00  3.665833e-03 
 3.048059e+00  3.657890e-03 
 3.048456e+00  3.650524e-03 
 3.048854e+00  3.643748e-03 
 3.049252e+00  3.637563e-03 
 3.049649e+00  3.631971e-03 
 3.050047e+00  3.626973e-03 
 3.050445e+00  3.622562e-03 
 3.050842e+00  3.618726e-03 
 3.051240e+00  3.615462e-03 
 3.051638e+00  3.612773e-03 
 3.052036e+00  3.610655e-03 
 3.052433e+00  3.609113e-03 
 3.052831e+00  3.608145e-03 
 3.053229e+00  3.607758e-03 
 3.053626e+00  3.607968e-03 
 3.054024e+00  3.608778e-03 
 3.054422e+00  3.610206e-03 
 3.054819e+00  3.612253e-03 
 3.055217e+00  3.614919e-03 
 3.055615e+00  3.618213e-03 
 3.056013e+00  3.622145e-03 
 3.056410e+00  3.626723e-03 
 3.056808e+00  3.631947e-03 
 3.057206e+00  3.637820e-03 
 3.057603e+00  3.644336e-03 
 3.058001e+00  3.651498e-03 
 3.058399e+00  3.659303e-03 
 3.058796e+00  3.667749e-03 
 3.059194e+00  3.676828e-03 
 3.059592e+00  3.686537e-03 
 3.059989e+00  3.696875e-03 
 3.060387e+00  3.707846e-03 
 3.060785e+00  3.719451e-03 
 3.061183e+00  3.731694e-03 
 3.061580e+00  3.744561e-03 
 3.061978e+00  3.758045e-03 
 3.062376e+00  3.772136e-03 
 3.062773e+00  3.786830e-03 
 3.063171e+00  3.802125e-03 
 3.063569e+00  3.818016e-03 
 3.063966e+00  3.834492e-03 
 3.064364e+00  3.851542e-03 
 3.064762e+00  3.869162e-03 
 3.065160e+00  3.887337e-03 
 3.065557e+00  3.906051e-03 
 3.065955e+00  3.925291e-03 
 3.066353e+00  3.945035e-03 
 3.066750e+00  3.965279e-03 
 3.067148e+00  3.986013e-03 
 3.067546e+00  4.007226e-03 
 3.067943e+00  4.028907e-03 
 3.068341e+00  4.051041e-03 
 3.068739e+00  4.073609e-03 
 3.069136e+00  4.096587e-03 
 3.069534e+00  4.119960e-03 
 3.069932e+00  4.143718e-03 
 3.070330e+00  4.167848e-03 
 3.070727e+00  4.192332e-03 
 3.071125e+00  4.217153e-03 
 3.071523e+00  4.242300e-03 
 3.071920e+00  4.267760e-03 
 3.072318e+00  4.293518e-03 
 3.072716e+00  4.319555e-03 
 3.073113e+00  4.345860e-03 
 3.073511e+00  4.372427e-03 
 3.073909e+00  4.399237e-03 
 3.074307e+00  4.426282e-03 
 3.074704e+00  4.453553e-03 
 3.075102e+00  4.481034e-03 
 3.075500e+00  4.508705e-03 
 3.075897e+00  4.536557e-03 
 3.076295e+00  4.564561e-03 
 3.076693e+00  4.592686e-03 
 3.077090e+00  4.620909e-03 
 3.077488e+00  4.649203e-03 
 3.077886e+00  4.677545e-03 
 3.078283e+00  4.705898e-03 
 3.078681e+00  4.734247e-03 
 3.079079e+00  4.762569e-03 
 3.079477e+00  4.790840e-03 
 3.079874e+00  4.819035e-03 
 3.080272e+00  4.847135e-03 
 3.080670e+00  4.875129e-03 
 3.081067e+00  4.902987e-03 
 3.081465e+00  4.930697e-03 
 3.081863e+00  4.958243e-03 
 3.082260e+00  4.985611e-03 
 3.082658e+00  5.012789e-03 
 3.083056e+00  5.039758e-03 
 3.083454e+00  5.066502e-03 
 3.083851e+00  5.092991e-03 
 3.084249e+00  5.119202e-03 
 3.084647e+00  5.145112e-03 
 3.085044e+00  5.170703e-03 
 3.085442e+00  5.195948e-03 
 3.085840e+00  5.220813e-03 
 3.086237e+00  5.245279e-03 
 3.086635e+00  5.269327e-03 
 3.087033e+00  5.292952e-03 
 3.087430e+00  5.316123e-03 
 3.087828e+00  5.338824e-03 
 3.088226e+00  5.361044e-03 
 3.088624e+00  5.382768e-03 
 3.089021e+00  5.403968e-03 
 3.089419e+00  5.424632e-03 
 3.089817e+00  5.444764e-03 
 3.090214e+00  5.464324e-03 
 3.090612e+00  5.483305e-03 
 3.091010e+00  5.501689e-03 
 3.091407e+00  5.519456e-03 
 3.091805e+00  5.536605e-03 
 3.092203e+00  5.553112e-03 
 3.092601e+00  5.568966e-03 
 3.092998e+00  5.584149e-03 
 3.093396e+00  5.598656e-03 
 3.093794e+00  5.612472e-03 
 3.094191e+00  5.625593e-03 
 3.094589e+00  5.638010e-03 
 3.094987e+00  5.649719e-03 
 3.095384e+00  5.660720e-03 
 3.095782e+00  5.671017e-03 
 3.096180e+00  5.680606e-03 
 3.096577e+00  5.689491e-03 
 3.096975e+00  5.697669e-03 
 3.097373e+00  5.705134e-03 
 3.097771e+00  5.711892e-03 
 3.098168e+00  5.717947e-03 
 3.098566e+00  5.723300e-03 
 3.098964e+00  5.727945e-03 
 3.099361e+00  5.731889e-03 
 3.099759e+00  5.735138e-03 
 3.100157e+00  5.737692e-03 
 3.100554e+00  5.739549e-03 
 3.100952e+00  5.740723e-03 
 3.101350e+00  5.741210e-03 
 3.101748e+00  5.741010e-03 
 3.102145e+00  5.740126e-03 
 3.102543e+00  5.738570e-03 
 3.102941e+00  5.736329e-03 
 3.103338e+00  5.733412e-03 
 3.103736e+00  5.729808e-03 
 3.104134e+00  5.725515e-03 
 3.104531e+00  5.720525e-03 
 3.104929e+00  5.714830e-03 
 3.105327e+00  5.708425e-03 
 3.105724e+00  5.701310e-03 
 3.106122e+00  5.693479e-03 
 3.106520e+00  5.684934e-03 
 3.106918e+00  5.675685e-03 
 3.107315e+00  5.665741e-03 
 3.107713e+00  5.655105e-03 
 3.108111e+00  5.643787e-03 
 3.108508e+00  5.631806e-03 
 3.108906e+00  5.619178e-03 
 3.109304e+00  5.605911e-03 
 3.109701e+00  5.592035e-03 
 3.110099e+00  5.577561e-03 
 3.110497e+00  5.562493e-03 
 3.110895e+00  5.546850e-03 
 3.111292e+00  5.530641e-03 
 3.111690e+00  5.513892e-03 
 3.112088e+00  5.496615e-03 
 3.112485e+00  5.478822e-03 
 3.112883e+00  5.460527e-03 
 3.113281e+00  5.441752e-03 
 3.113678e+00  5.422514e-03 
 3.114076e+00  5.402841e-03 
 3.114474e+00  5.382747e-03 
 3.114871e+00  5.362257e-03 
 3.115269e+00  5.341401e-03 
 3.115667e+00  5.320207e-03 
 3.116065e+00  5.298707e-03 
 3.116462e+00  5.276927e-03 
 3.116860e+00  5.254869e-03 
 3.117258e+00  5.232548e-03 
 3.117655e+00  5.209978e-03 
 3.118053e+00  5.187165e-03 
 3.118451e+00  5.164118e-03 
 3.118848e+00  5.140842e-03 
 3.119246e+00  5.117342e-03 
 3.119644e+00  5.093625e-03 
 3.120042e+00  5.069690e-03 
 3.120439e+00  5.045535e-03 
 3.120837e+00  5.021162e-03 
 3.121235e+00  4.996576e-03 
 3.121632e+00  4.971782e-03 
 3.122030e+00  4.946791e-03 
 3.122428e+00  4.921626e-03 
 3.122825e+00  4.896289e-03 
 3.123223e+00  4.870797e-03 
 3.123621e+00  4.845165e-03 
 3.124018e+00  4.819402e-03 
 3.124416e+00  4.793518e-03 
 3.124814e+00  4.767540e-03 
 3.125212e+00  4.741473e-03 
 3.125609e+00  4.715339e-03 
 3.126007e+00  4.689160e-03 
 3.126405e+00  4.662960e-03 
 3.126802e+00  4.636751e-03 
 3.127200e+00  4.610565e-03 
 3.127598e+00  4.584412e-03 
 3.127995e+00  4.558305e-03 
 3.128393e+00  4.532263e-03 
 3.128791e+00  4.506314e-03 
 3.129189e+00  4.480473e-03 
 3.129586e+00  4.454761e-03 
 3.129984e+00  4.429189e-03 
 3.130382e+00  4.403786e-03 
 3.130779e+00  4.378566e-03 
 3.131177e+00  4.353542e-03 
 3.131575e+00  4.328727e-03 
 3.131972e+00  4.304135e-03 
 3.132370e+00  4.279768e-03 
 3.132768e+00  4.255630e-03 
 3.133165e+00  4.231731e-03 
 3.133563e+00  4.208105e-03 
 3.133961e+00  4.184753e-03 
 3.134359e+00  4.161695e-03 
 3.134756e+00  4.138940e-03 
 3.135154e+00  4.116508e-03 
 3.135552e+00  4.094411e-03 
 3.135949e+00  4.072651e-03 
 3.136347e+00  4.051249e-03 
 3.136745e+00  4.030199e-03 
 3.137142e+00  4.009519e-03 
 3.137540e+00  3.989231e-03 
 3.137938e+00  3.969328e-03 
 3.138336e+00  3.949824e-03 
 3.138733e+00  3.930714e-03 
 3.139131e+00  3.911999e-03 
 3.139529e+00  3.893687e-03 
 3.139926e+00  3.875787e-03 
 3.140324e+00  3.858306e-03 
 3.140722e+00  3.841253e-03 
 3.141119e+00  3.824637e-03 
 3.141517e+00  3.808498e-03 
 3.141915e+00  3.792851e-03 
 3.142312e+00  3.777701e-03 
 3.142710e+00  3.763069e-03 
 3.143108e+00  3.748975e-03 
 3.143506e+00  3.735428e-03 
 3.143903e+00  3.722445e-03 
 3.144301e+00  3.710044e-03 
 3.144699e+00  3.698232e-03 
 3.145096e+00  3.687014e-03 
 3.145494e+00  3.676381e-03 
 3.145892e+00  3.666342e-03 
 3.146289e+00  3.656888e-03 
 3.146687e+00  3.648023e-03 
 3.147085e+00  3.639749e-03 
 3.147483e+00  3.632079e-03 
 3.147880e+00  3.625016e-03 
 3.148278e+00  3.618577e-03 
 3.148676e+00  3.612757e-03 
 3.149073e+00  3.607571e-03 
 3.149471e+00  3.603036e-03 
 3.149869e+00  3.599149e-03 
 3.150266e+00  3.595925e-03 
 3.150664e+00  3.593374e-03 
 3.151062e+00  3.591509e-03 
 3.151459e+00  3.590335e-03 
 3.151857e+00  3.589849e-03 
 3.152255e+00  3.590055e-03 
 3.152653e+00  3.590950e-03 
 3.153050e+00  3.592539e-03 
 3.153448e+00  3.594819e-03 
 3.153846e+00  3.597797e-03 
 3.154243e+00  3.601472e-03 
 3.154641e+00  3.605836e-03 
 3.155039e+00  3.610893e-03 
 3.155436e+00  3.616650e-03 
 3.155834e+00  3.623107e-03 
 3.156232e+00  3.630262e-03 
 3.156630e+00  3.638108e-03 
 3.157027e+00  3.646651e-03 
 3.157425e+00  3.655895e-03 
 3.157823e+00  3.665834e-03 
 3.158220e+00  3.676462e-03 
 3.158618e+00  3.687763e-03 
 3.159016e+00  3.699732e-03 
 3.159413e+00  3.712361e-03 
 3.159811e+00  3.725638e-03 
 3.160209e+00  3.739558e-03 
 3.160606e+00  3.754102e-03 
 3.161004e+00  3.769258e-03 
 3.161402e+00  3.785013e-03 
 3.161800e+00  3.801358e-03 
 3.162197e+00  3.818279e-03 
 3.162595e+00  3.835757e-03 
 3.162993e+00  3.853783e-03 
 3.163390e+00  3.872349e-03 
 3.163788e+00  3.891448e-03 
 3.164186e+00  3.911054e-03 
 3.164583e+00  3.931156e-03 
 3.164981e+00  3.951743e-03 
 3.165379e+00  3.972798e-03 
 3.165777e+00  3.994312e-03 
 3.166174e+00  4.016269e-03 
 3.166572e+00  4.038660e-03 
 3.166970e+00  4.061475e-03 
 3.167367e+00  4.084705e-03 
 3.167765e+00  4.108341e-03 
 3.168163e+00  4.132378e-03 
 3.168560e+00  4.156804e-03 
 3.168958e+00  4.181613e-03 
 3.169356e+00  4.206796e-03 
 3.169753e+00  4.232346e-03 
 3.170151e+00  4.258260e-03 
 3.170549e+00  4.284521e-03 
 3.170947e+00  4.311111e-03 
 3.171344e+00  4.338016e-03 
 3.171742e+00  4.365207e-03 
 3.172140e+00  4.392655e-03 
 3.172537e+00  4.420342e-03 
 3.172935e+00  4.448240e-03 
 3.173333e+00  4.476320e-03 
 3.173730e+00  4.504542e-03 
 3.174128e+00  4.532885e-03 
 3.174526e+00  4.561321e-03 
 3.174924e+00  4.589820e-03 
 3.175321e+00  4.618361e-03 
 3.175719e+00  4.646920e-03 
 3.176117e+00  4.675474e-03 
 3.176514e+00  4.704010e-03 
 3.176912e+00  4.732506e-03 
 3.177310e+00  4.760948e-03 
 3.177707e+00  4.789311e-03 
 3.178105e+00  4.817569e-03 
 3.178503e+00  4.845702e-03 
 3.178900e+00  4.873681e-03 
 3.179298e+00  4.901488e-03 
 3.179696e+00  4.929100e-03 
 3.180094e+00  4.956485e-03 
 3.180491e+00  4.983618e-03 
 3.180889e+00  5.010481e-03 
 3.181287e+00  5.037058e-03 
 3.181684e+00  5.063322e-03 
 3.182082e+00  5.089266e-03 
 3.182480e+00  5.114865e-03 
 3.182877e+00  5.140107e-03 
 3.183275e+00  5.164971e-03 
 3.183673e+00  5.189454e-03 
 3.184071e+00  5.213536e-03 
 3.184468e+00  5.237200e-03 
 3.184866e+00  5.260438e-03 
 3.185264e+00  5.283240e-03 
 3.185661e+00  5.305603e-03 
 3.186059e+00  5.327510e-03 
 3.186457e+00  5.348947e-03 
 3.186854e+00  5.369904e-03 
 3.187252e+00  5.390367e-03 
 3.187650e+00  5.410303e-03 
 3.188047e+00  5.429709e-03 
 3.188445e+00  5.448580e-03 
 3.188843e+00  5.466902e-03 
 3.189241e+00  5.484668e-03 
 3.189638e+00  5.501873e-03 
 3.190036e+00  5.518501e-03 
 3.190434e+00  5.534534e-03 
 3.190831e+00  5.549973e-03 
 3.191229e+00  5.564810e-03 
 3.191627e+00  5.579018e-03 
 3.192024e+00  5.592605e-03 
 3.192422e+00  5.605558e-03 
 3.192820e+00  5.617879e-03 
 3.193218e+00  5.629559e-03 
 3.193615e+00  5.640595e-03 
 3.194013e+00  5.650975e-03 
 3.194411e+00  5.660689e-03 
 3.194808e+00  5.669741e-03 
 3.195206e+00  5.678129e-03 
 3.195604e+00  5.685851e-03 
 3.196001e+00  5.692912e-03 
 3.196399e+00  5.699309e-03 
 3.196797e+00  5.705039e-03 
 3.197194e+00  5.710101e-03 
 3.197592e+00  5.714492e-03 
 3.197990e+00  5.718201e-03 
 3.198388e+00  5.721222e-03 
 3.198785e+00  5.723558e-03 
 3.199183e+00  5.725201e-03 
 3.199581e+00  5.726157e-03 
 3.199978e+00  5.726410e-03 
 3.200376e+00  5.725951e-03 
 3.200774e+00  5.724784e-03 
 3.201171e+00  5.722907e-03 
 3.201569e+00  5.720315e-03 
 3.201967e+00  5.717012e-03 
 3.202365e+00  5.713002e-03 
 3.202762e+00  5.708297e-03 
 3.203160e+00  5.702909e-03 
 3.203558e+00  5.696851e-03 
 3.203955e+00  5.690139e-03 
 3.204353e+00  5.682778e-03 
 3.204751e+00  5.674783e-03 
 3.205148e+00  5.666160e-03 
 3.205546e+00  5.656930e-03 
 3.205944e+00  5.647100e-03 
 3.206341e+00  5.636667e-03 
 3.206739e+00  5.625639e-03 
 3.207137e+00  5.614034e-03 
 3.207535e+00  5.601857e-03 
 3.207932e+00  5.589118e-03 
 3.208330e+00  5.575834e-03 
 3.208728e+00  5.562015e-03 
 3.209125e+00  5.547663e-03 
 3.209523e+00  5.532800e-03 
 3.209921e+00  5.517442e-03 
 3.210318e+00  5.501607e-03 
 3.210716e+00  5.485319e-03 
 3.211114e+00  5.468586e-03 
 3.211512e+00  5.451430e-03 
 3.211909e+00  5.433860e-03 
 3.212307e+00  5.415894e-03 
 3.212705e+00  5.397534e-03 
 3.213102e+00  5.378780e-03 
 3.213500e+00  5.359638e-03 
 3.213898e+00  5.340104e-03 
 3.214295e+00  5.320183e-03 
 3.214693e+00  5.299889e-03 
 3.215091e+00  5.279219e-03 
 3.215488e+00  5.258168e-03 
 3.215886e+00  5.236731e-03 
 3.216284e+00  5.214924e-03 
 3.216682e+00  5.192750e-03 
 3.217079e+00  5.170223e-03 
 3.217477e+00  5.147351e-03 
 3.217875e+00  5.124146e-03 
 3.218272e+00  5.100619e-03 
 3.218670e+00  5.076788e-03 
 3.219068e+00  5.052672e-03 
 3.219465e+00  5.028287e-03 
 3.219863e+00  5.003650e-03 
 3.220261e+00  4.978781e-03 
 3.220659e+00  4.953697e-03 
 3.221056e+00  4.928424e-03 
 3.221454e+00  4.902970e-03 
 3.221852e+00  4.877360e-03 
 3.222249e+00  4.851611e-03 
 3.222647e+00  4.825737e-03 
 3.223045e+00  4.799757e-03 
 3.223442e+00  4.773693e-03 
 3.223840e+00  4.747564e-03 
 3.224238e+00  4.721388e-03 
 3.224635e+00  4.695188e-03 
 3.225033e+00  4.668981e-03 
 3.225431e+00  4.642778e-03 
 3.225829e+00  4.616597e-03 
 3.226226e+00  4.590449e-03 
 3.226624e+00  4.564337e-03 
 3.227022e+00  4.538271e-03 
 3.227419e+00  4.512264e-03 
 3.227817e+00  4.486333e-03 
 3.228215e+00  4.460493e-03 
 3.228612e+00  4.434752e-03 
 3.229010e+00  4.409122e-03 
 3.229408e+00  4.383622e-03 
 3.229806e+00  4.358259e-03 
 3.230203e+00  4.333047e-03 
 3.230601e+00  4.308013e-03 
 3.230999e+00  4.283165e-03 
 3.231396e+00  4.258524e-03 
 3.231794e+00  4.234111e-03 
 3.232192e+00  4.209939e-03 
 3.232589e+00  4.186029e-03 
 3.232987e+00  4.162386e-03 
 3.233385e+00  4.139024e-03 
 3.233782e+00  4.115956e-03 
 3.234180e+00  4.093184e-03 
 3.234578e+00  4.070723e-03 
 3.234976e+00  4.048595e-03 
 3.235373e+00  4.026799e-03 
 3.235771e+00  4.005359e-03 
 3.236169e+00  3.984295e-03 
 3.236566e+00  3.963622e-03 
 3.236964e+00  3.943363e-03 
 3.237362e+00  3.923534e-03 
 3.237759e+00  3.904161e-03 
 3.238157e+00  3.885257e-03 
 3.238555e+00  3.866846e-03 
 3.238953e+00  3.848929e-03 
 3.239350e+00  3.831538e-03 
 3.239748e+00  3.814669e-03 
 3.240146e+00  3.798335e-03 
 3.240543e+00  3.782549e-03 
 3.240941e+00  3.767304e-03 
 3.241339e+00  3.752600e-03 
 3.241736e+00  3.738441e-03 
 3.242134e+00  3.724824e-03 
 3.242532e+00  3.711760e-03 
 3.242929e+00  3.699260e-03 
 3.243327e+00  3.687334e-03 
 3.243725e+00  3.675993e-03 
 3.244123e+00  3.665244e-03 
 3.244520e+00  3.655096e-03 
 3.244918e+00  3.645570e-03 
 3.245316e+00  3.636669e-03 
 3.245713e+00  3.628412e-03 
 3.246111e+00  3.620801e-03 
 3.246509e+00  3.613850e-03 
 3.246906e+00  3.607558e-03 
 3.247304e+00  3.601952e-03 
 3.247702e+00  3.597033e-03 
 3.248100e+00  3.592806e-03 
 3.248497e+00  3.589280e-03 
 3.248895e+00  3.586451e-03 
 3.249293e+00  3.584332e-03 
 3.249690e+00  3.582924e-03 
 3.250088e+00  3.582229e-03 
 3.250486e+00  3.582256e-03 
 3.250883e+00  3.583004e-03 
 3.251281e+00  3.584476e-03 
 3.251679e+00  3.586680e-03 
 3.252076e+00  3.589613e-03 
 3.252474e+00  3.593274e-03 
 3.252872e+00  3.597651e-03 
 3.253270e+00  3.602743e-03 
 3.253667e+00  3.608542e-03 
 3.254065e+00  3.615041e-03 
 3.254463e+00  3.622238e-03 
 3.254860e+00  3.630131e-03 
 3.255258e+00  3.638710e-03 
 3.255656e+00  3.647959e-03 
 3.256053e+00  3.657873e-03 
 3.256451e+00  3.668446e-03 
 3.256849e+00  3.679669e-03 
 3.257247e+00  3.691532e-03 
 3.257644e+00  3.704022e-03 
 3.258042e+00  3.717135e-03 
 3.258440e+00  3.730872e-03 
 3.258837e+00  3.745225e-03 
 3.259235e+00  3.760190e-03 
 3.259633e+00  3.775760e-03 
 3.260030e+00  3.791926e-03 
 3.260428e+00  3.808670e-03 
 3.260826e+00  3.825992e-03 
 3.261223e+00  3.843888e-03 
 3.261621e+00  3.862342e-03 
 3.262019e+00  3.881346e-03 
 3.262417e+00  3.900899e-03 
 3.262814e+00  3.920994e-03 
 3.263212e+00  3.941628e-03 
 3.263610e+00  3.962795e-03 
 3.264007e+00  3.984484e-03 
 3.264405e+00  4.006695e-03 
 3.264803e+00  4.029417e-03 
 3.265200e+00  4.052636e-03 
 3.265598e+00  4.076345e-03 
 3.265996e+00  4.100523e-03 
 3.266394e+00  4.125155e-03 
 3.266791e+00  4.150220e-03 
 3.267189e+00  4.175682e-03 
 3.267587e+00  4.201514e-03 
 3.267984e+00  4.227691e-03 
 3.268382e+00  4.254173e-03 
 3.268780e+00  4.280922e-03 
 3.269177e+00  4.307912e-03 
 3.269575e+00  4.335113e-03 
 3.269973e+00  4.362488e-03 
 3.270370e+00  4.390014e-03 
 3.270768e+00  4.417667e-03 
 3.271166e+00  4.445426e-03 
 3.271564e+00  4.473270e-03 
 3.271961e+00  4.501184e-03 
 3.272359e+00  4.529147e-03 
 3.272757e+00  4.557142e-03 
 3.273154e+00  4.585158e-03 
 3.273552e+00  4.613174e-03 
 3.273950e+00  4.641171e-03 
 3.274347e+00  4.669134e-03 
 3.274745e+00  4.697037e-03 
 3.275143e+00  4.724862e-03 
 3.275540e+00  4.752598e-03 
 3.275938e+00  4.780229e-03 
 3.276336e+00  4.807730e-03 
 3.276734e+00  4.835095e-03 
 3.277131e+00  4.862314e-03 
 3.277529e+00  4.889362e-03 
 3.277927e+00  4.916225e-03 
 3.278324e+00  4.942893e-03 
 3.278722e+00  4.969353e-03 
 3.279120e+00  4.995589e-03 
 3.279517e+00  5.021591e-03 
 3.279915e+00  5.047352e-03 
 3.280313e+00  5.072855e-03 
 3.280711e+00  5.098086e-03 
 3.281108e+00  5.123030e-03 
 3.281506e+00  5.147664e-03 
 3.281904e+00  5.171971e-03 
 3.282301e+00  5.195932e-03 
 3.282699e+00  5.219533e-03 
 3.283097e+00  5.242759e-03 
 3.283494e+00  5.265583e-03 
 3.283892e+00  5.287985e-03 
 3.284290e+00  5.309954e-03 
 3.284687e+00  5.331459e-03 
 3.285085e+00  5.352489e-03 
 3.285483e+00  5.373028e-03 
 3.285881e+00  5.393045e-03 
 3.286278e+00  5.412524e-03 
 3.286676e+00  5.431468e-03 
 3.287074e+00  5.449864e-03 
 3.287471e+00  5.467696e-03 
 3.287869e+00  5.484967e-03 
 3.288267e+00  5.501663e-03 
 3.288664e+00  5.517765e-03 
 3.289062e+00  5.533277e-03 
 3.289460e+00  5.548202e-03 
 3.289858e+00  5.562531e-03 
 3.290255e+00  5.576257e-03 
 3.290653e+00  5.589371e-03 
 3.291051e+00  5.601885e-03 
 3.291448e+00  5.613791e-03 
 3.291846e+00  5.625089e-03 
 3.292244e+00  5.635777e-03 
 3.292641e+00  5.645844e-03 
 3.293039e+00  5.655289e-03 
 3.293437e+00  5.664107e-03 
 3.293834e+00  5.672291e-03 
 3.294232e+00  5.679837e-03 
 3.294630e+00  5.686737e-03 
 3.295028e+00  5.692984e-03 
 3.295425e+00  5.698570e-03 
 3.295823e+00  5.703490e-03 
 3.296221e+00  5.707738e-03 
 3.296618e+00  5.711297e-03 
 3.297016e+00  5.714167e-03 
 3.297414e+00  5.716344e-03 
 3.297811e+00  5.717828e-03 
 3.298209e+00  5.718617e-03 
 3.298607e+00  5.718723e-03 
 3.299005e+00  5.718156e-03 
 3.299402e+00  5.716915e-03 
 3.299800e+00  5.715006e-03 
 3.300198e+00  5.712433e-03 
 3.300595e+00  5.709214e-03 
 3.300993e+00  5.705350e-03 
 3.301391e+00  5.700837e-03 
 3.301788e+00  5.695692e-03 
 3.302186e+00  5.689919e-03 
 3.302584e+00  5.683514e-03 
 3.302981e+00  5.676492e-03 
 3.303379e+00  5.668854e-03 
 3.303777e+00  5.660608e-03 
 3.304175e+00  5.651766e-03 
 3.304572e+00  5.642329e-03 
 3.304970e+00  5.632319e-03 
 3.305368e+00  5.621750e-03 
 3.305765e+00  5.610640e-03 
 3.306163e+00  5.599003e-03 
 3.306561e+00  5.586854e-03 
 3.306958e+00  5.574208e-03 
 3.307356e+00  5.561066e-03 
 3.307754e+00  5.547432e-03 
 3.308152e+00  5.533315e-03 
 3.308549e+00  5.518719e-03 
 3.308947e+00  5.503643e-03 
 3.309345e+00  5.488083e-03 
 3.309742e+00  5.472045e-03 
 3.310140e+00  5.455517e-03 
 3.310538e+00  5.438496e-03 
 3.310935e+00  5.420989e-03 
 3.311333e+00  5.402993e-03 
 3.311731e+00  5.384512e-03 
 3.312128e+00  5.365550e-03 
 3.312526e+00  5.346106e-03 
 3.312924e+00  5.326190e-03 
 3.313322e+00  5.305825e-03 
 3.313719e+00  5.285013e-03 
 3.314117e+00  5.263767e-03 
 3.314515e+00  5.242101e-03 
 3.314912e+00  5.220038e-03 
 3.315310e+00  5.197597e-03 
 3.315708e+00  5.174794e-03 
 3.316105e+00  5.151645e-03 
 3.316503e+00  5.128167e-03 
 3.316901e+00  5.104375e-03 
 3.317299e+00  5.080290e-03 
 3.317696e+00  5.055941e-03 
 3.318094e+00  5.031355e-03 
 3.318492e+00  5.006552e-03 
 3.318889e+00  4.981542e-03 
 3.319287e+00  4.956357e-03 
 3.319685e+00  4.931010e-03 
 3.320082e+00  4.905514e-03 
 3.320480e+00  4.879894e-03 
 3.320878e+00  4.854163e-03 
 3.321275e+00  4.828335e-03 
 3.321673e+00  4.802419e-03 
 3.322071e+00  4.776436e-03 
 3.322469e+00  4.750394e-03 
 3.322866e+00  4.724302e-03 
 3.323264e+00  4.698163e-03 
 3.323662e+00  4.671984e-03 
 3.324059e+00  4.645780e-03 
 3.324457e+00  4.619568e-03 
 3.324855e+00  4.593355e-03 
 3.325252e+00  4.567142e-03 
 3.325650e+00  4.540947e-03 
 3.326048e+00  4.514781e-03 
 3.326446e+00  4.488655e-03 
 3.326843e+00  4.462588e-03 
 3.327241e+00  4.436600e-03 
 3.327639e+00  4.410695e-03 
 3.328036e+00  4.384892e-03 
 3.328434e+00  4.359198e-03 
 3.328832e+00  4.333633e-03 
 3.329229e+00  4.308206e-03 
 3.329627e+00  4.282918e-03 
 3.330025e+00  4.257785e-03 
 3.330422e+00  4.232823e-03 
 3.330820e+00  4.208052e-03 
 3.331218e+00  4.183491e-03 
 3.331616e+00  4.159164e-03 
 3.332013e+00  4.135096e-03 
 3.332411e+00  4.111311e-03 
 3.332809e+00  4.087826e-03 
 3.333206e+00  4.064686e-03 
 3.333604e+00  4.041912e-03 
 3.334002e+00  4.019522e-03 
 3.334399e+00  3.997540e-03 
 3.334797e+00  3.975986e-03 
 3.335195e+00  3.954871e-03 
 3.335593e+00  3.934209e-03 
 3.335990e+00  3.914018e-03 
 3.336388e+00  3.894290e-03 
 3.336786e+00  3.875047e-03 
 3.337183e+00  3.856294e-03 
 3.337581e+00  3.838058e-03 
 3.337979e+00  3.820320e-03 
 3.338376e+00  3.803105e-03 
 3.338774e+00  3.786421e-03 
 3.339172e+00  3.770262e-03 
 3.339569e+00  3.754649e-03 
 3.339967e+00  3.739594e-03 
 3.340365e+00  3.725106e-03 
 3.340763e+00  3.711204e-03 
 3.341160e+00  3.697897e-03 
 3.341558e+00  3.685207e-03 
 3.341956e+00  3.673137e-03 
 3.342353e+00  3.661696e-03 
 3.342751e+00  3.650894e-03 
 3.343149e+00  3.640738e-03 
 3.343546e+00  3.631231e-03 
 3.343944e+00  3.622397e-03 
 3.344342e+00  3.614236e-03 
 3.344740e+00  3.606759e-03 
 3.345137e+00  3.599971e-03 
 3.345535e+00  3.593879e-03 
 3.345933e+00  3.588496e-03 
 3.346330e+00  3.583826e-03 
 3.346728e+00  3.579887e-03 
 3.347126e+00  3.576673e-03 
 3.347523e+00  3.574190e-03 
 3.347921e+00  3.572443e-03 
 3.348319e+00  3.571429e-03 
 3.348716e+00  3.571151e-03 
 3.349114e+00  3.571610e-03 
 3.349512e+00  3.572808e-03 
 3.349910e+00  3.574748e-03 
 3.350307e+00  3.577424e-03 
 3.350705e+00  3.580841e-03 
 3.351103e+00  3.584997e-03 
 3.351500e+00  3.589878e-03 
 3.351898e+00  3.595476e-03 
 3.352296e+00  3.601793e-03 
 3.352693e+00  3.608822e-03 
 3.353091e+00  3.616569e-03 
 3.353489e+00  3.625033e-03 
 3.353887e+00  3.634200e-03 
 3.354284e+00  3.644061e-03 
 3.354682e+00  3.654607e-03 
 3.355080e+00  3.665831e-03 
 3.355477e+00  3.677733e-03 
 3.355875e+00  3.690294e-03 
 3.356273e+00  3.703508e-03 
 3.356670e+00  3.717368e-03 
 3.357068e+00  3.731879e-03 
 3.357466e+00  3.747027e-03 
 3.357863e+00  3.762805e-03 
 3.358261e+00  3.779202e-03 
 3.358659e+00  3.796200e-03 
 3.359057e+00  3.813805e-03 
 3.359454e+00  3.832020e-03 
 3.359852e+00  3.850844e-03 
 3.360250e+00  3.870262e-03 
 3.360647e+00  3.890272e-03 
 3.361045e+00  3.910854e-03 
 3.361443e+00  3.932002e-03 
 3.361840e+00  3.953693e-03 
 3.362238e+00  3.975904e-03 
 3.362636e+00  3.998614e-03 
 3.363034e+00  4.021791e-03 
 3.363431e+00  4.045408e-03 
 3.363829e+00  4.069439e-03 
 3.364227e+00  4.093846e-03 
 3.364624e+00  4.118611e-03 
 3.365022e+00  4.143696e-03 
 3.365420e+00  4.169081e-03 
 3.365817e+00  4.194754e-03 
 3.366215e+00  4.220695e-03 
 3.366613e+00  4.246875e-03 
 3.367010e+00  4.273279e-03 
 3.367408e+00  4.299888e-03 
 3.367806e+00  4.326681e-03 
 3.368204e+00  4.353644e-03 
 3.368601e+00  4.380770e-03 
 3.368999e+00  4.408031e-03 
 3.369397e+00  4.435416e-03 
 3.369794e+00  4.462899e-03 
 3.370192e+00  4.490469e-03 
 3.370590e+00  4.518095e-03 
 3.370987e+00  4.545760e-03 
 3.371385e+00  4.573446e-03 
 3.371783e+00  4.601129e-03 
 3.372181e+00  4.628800e-03 
 3.372578e+00  4.656450e-03 
 3.372976e+00  4.684061e-03 
 3.373374e+00  4.711622e-03 
 3.373771e+00  4.739109e-03 
 3.374169e+00  4.766516e-03 
 3.374567e+00  4.793824e-03 
 3.374964e+00  4.821020e-03 
 3.375362e+00  4.848097e-03 
 3.375760e+00  4.875036e-03 
 3.376157e+00  4.901818e-03 
 3.376555e+00  4.928424e-03 
 3.376953e+00  4.954836e-03 
 3.377351e+00  4.981035e-03 
 3.377748e+00  5.006993e-03 
 3.378146e+00  5.032692e-03 
 3.378544e+00  5.058116e-03 
 3.378941e+00  5.083243e-03 
 3.379339e+00  5.108059e-03 
 3.379737e+00  5.132544e-03 
 3.380134e+00  5.156669e-03 
 3.380532e+00  5.180418e-03 
 3.380930e+00  5.203770e-03 
 3.381328e+00  5.226708e-03 
 3.381725e+00  5.249217e-03 
 3.382123e+00  5.271268e-03 
 3.382521e+00  5.292859e-03 
 3.382918e+00  5.313975e-03 
 3.383316e+00  5.334607e-03 
 3.383714e+00  5.354744e-03 
 3.384111e+00  5.374379e-03 
 3.384509e+00  5.393503e-03 
 3.384907e+00  5.412104e-03 
 3.385304e+00  5.430194e-03 
 3.385702e+00  5.447757e-03 
 3.386100e+00  5.464798e-03 
 3.386498e+00  5.481307e-03 
 3.386895e+00  5.497276e-03 
 3.387293e+00  5.512705e-03 
 3.387691e+00  5.527593e-03 
 3.388088e+00  5.541952e-03 
 3.388486e+00  5.555768e-03 
 3.388884e+00  5.569037e-03 
 3.389281e+00  5.581751e-03 
 3.389679e+00  5.593890e-03 
 3.390077e+00  5.605445e-03 
 3.390475e+00  5.616415e-03 
 3.390872e+00  5.626774e-03 
 3.391270e+00  5.636524e-03 
 3.391668e+00  5.645653e-03 
 3.392065e+00  5.654157e-03 
 3.392463e+00  5.662038e-03 
 3.392861e+00  5.669291e-03 
 3.393258e+00  5.675914e-03 
 3.393656e+00  5.681908e-03 
 3.394054e+00  5.687270e-03 
 3.394451e+00  5.692007e-03 
 3.394849e+00  5.696120e-03 
 3.395247e+00  5.699611e-03 
 3.395645e+00  5.702478e-03 
 3.396042e+00  5.704717e-03 
 3.396440e+00  5.706337e-03 
 3.396838e+00  5.707333e-03 
 3.397235e+00  5.707711e-03 
 3.397633e+00  5.707470e-03 
 3.398031e+00  5.706605e-03 
 3.398428e+00  5.705119e-03 
 3.398826e+00  5.703021e-03 
 3.399224e+00  5.700318e-03 
 3.399622e+00  5.697009e-03 
 3.400019e+00  5.693086e-03 
 3.400417e+00  5.688566e-03 
 3.400815e+00  5.683453e-03 
 3.401212e+00  5.677757e-03 
 3.401610e+00  5.671495e-03 
 3.402008e+00  5.664669e-03 
 3.402405e+00  5.657275e-03 
 3.402803e+00  5.649312e-03 
 3.403201e+00  5.640778e-03 
 3.403598e+00  5.631689e-03 
 3.403996e+00  5.622043e-03 
 3.404394e+00  5.611828e-03 
 3.404792e+00  5.601048e-03 
 3.405189e+00  5.589710e-03 
 3.405587e+00  5.577804e-03 
 3.405985e+00  5.565331e-03 
 3.406382e+00  5.552293e-03 
 3.406780e+00  5.538681e-03 
 3.407178e+00  5.524496e-03 
 3.407575e+00  5.509747e-03 
 3.407973e+00  5.494453e-03 
 3.408371e+00  5.478611e-03 
 3.408769e+00  5.462223e-03 
 3.409166e+00  5.445304e-03 
 3.409564e+00  5.427857e-03 
 3.409962e+00  5.409910e-03 
 3.410359e+00  5.391463e-03 
 3.410757e+00  5.372540e-03 
 3.411155e+00  5.353161e-03 
 3.411552e+00  5.333341e-03 
 3.411950e+00  5.313105e-03 
 3.412348e+00  5.292476e-03 
 3.412745e+00  5.271464e-03 
 3.413143e+00  5.250082e-03 
 3.413541e+00  5.228349e-03 
 3.413939e+00  5.206286e-03 
 3.414336e+00  5.183910e-03 
 3.414734e+00  5.161229e-03 
 3.415132e+00  5.138247e-03 
 3.415529e+00  5.114970e-03 
 3.415927e+00  5.091419e-03 
 3.416325e+00  5.067608e-03 
 3.416722e+00  5.043536e-03 
 3.417120e+00  5.019216e-03 
 3.417518e+00  4.994650e-03 
 3.417916e+00  4.969842e-03 
 3.418313e+00  4.944794e-03 
 3.418711e+00  4.919511e-03 
 3.419109e+00  4.893998e-03 
 3.419506e+00  4.868258e-03 
 3.419904e+00  4.842305e-03 
 3.420302e+00  4.816160e-03 
 3.420699e+00  4.789828e-03 
 3.421097e+00  4.763332e-03 
 3.421495e+00  4.736677e-03 
 3.421892e+00  4.709873e-03 
 3.422290e+00  4.682933e-03 
 3.422688e+00  4.655881e-03 
 3.423086e+00  4.628731e-03 
 3.423483e+00  4.601500e-03 
 3.423881e+00  4.574207e-03 
 3.424279e+00  4.546860e-03 
 3.424676e+00  4.519480e-03 
 3.425074e+00  4.492087e-03 
 3.425472e+00  4.464703e-03 
 3.425869e+00  4.437356e-03 
 3.426267e+00  4.410059e-03 
 3.426665e+00  4.382843e-03 
 3.427063e+00  4.355750e-03 
 3.427460e+00  4.328805e-03 
 3.427858e+00  4.302043e-03 
 3.428256e+00  4.275488e-03 
 3.428653e+00  4.249174e-03 
 3.429051e+00  4.223132e-03 
 3.429449e+00  4.197385e-03 
 3.429846e+00  4.171969e-03 
 3.430244e+00  4.146912e-03 
 3.430642e+00  4.122223e-03 
 3.431039e+00  4.097914e-03 
 3.431437e+00  4.073997e-03 
 3.431835e+00  4.050494e-03 
 3.432233e+00  4.027405e-03 
 3.432630e+00  4.004740e-03 
 3.433028e+00  3.982507e-03 
 3.433426e+00  3.960702e-03 
 3.433823e+00  3.939332e-03 
 3.434221e+00  3.918411e-03 
 3.434619e+00  3.897955e-03 
 3.435016e+00  3.877968e-03 
 3.435414e+00  3.858462e-03 
 3.435812e+00  3.839465e-03 
 3.436210e+00  3.820977e-03 
 3.436607e+00  3.803032e-03 
 3.437005e+00  3.785629e-03 
 3.437403e+00  3.768771e-03 
 3.437800e+00  3.752473e-03 
 3.438198e+00  3.736751e-03 
 3.438596e+00  3.721622e-03 
 3.438993e+00  3.707104e-03 
 3.439391e+00  3.693222e-03 
 3.439789e+00  3.679986e-03 
 3.440186e+00  3.667410e-03 
 3.440584e+00  3.655507e-03 
 3.440982e+00  3.644294e-03 
 3.441380e+00  3.633775e-03 
 3.441777e+00  3.623958e-03 
 3.442175e+00  3.614858e-03 
 3.442573e+00  3.606487e-03 
 3.442970e+00  3.598861e-03 
 3.443368e+00  3.591983e-03 
 3.443766e+00  3.585857e-03 
 3.444163e+00  3.580492e-03 
 3.444561e+00  3.575891e-03 
 3.444959e+00  3.572060e-03 
 3.445357e+00  3.569004e-03 
 3.445754e+00  3.566722e-03 
 3.446152e+00  3.565209e-03 
 3.446550e+00  3.564464e-03 
 3.446947e+00  3.564492e-03 
 3.447345e+00  3.565285e-03 
 3.447743e+00  3.566847e-03 
 3.448140e+00  3.569169e-03 
 3.448538e+00  3.572240e-03 
 3.448936e+00  3.576073e-03 
 3.449333e+00  3.580660e-03 
 3.449731e+00  3.585989e-03 
 3.450129e+00  3.592043e-03 
 3.450527e+00  3.598816e-03 
 3.450924e+00  3.606297e-03 
 3.451322e+00  3.614485e-03 
 3.451720e+00  3.623381e-03 
 3.452117e+00  3.632965e-03 
 3.452515e+00  3.643228e-03 
 3.452913e+00  3.654177e-03 
 3.453310e+00  3.665804e-03 
 3.453708e+00  3.678109e-03 
 3.454106e+00  3.691085e-03 
 3.454504e+00  3.704731e-03 
 3.454901e+00  3.719037e-03 
 3.455299e+00  3.734007e-03 
 3.455697e+00  3.749640e-03 
 3.456094e+00  3.765922e-03 
 3.456492e+00  3.782844e-03 
 3.456890e+00  3.800378e-03 
 3.457287e+00  3.818515e-03 
 3.457685e+00  3.837238e-03 
 3.458083e+00  3.856524e-03 
 3.458480e+00  3.876344e-03 
 3.458878e+00  3.896673e-03 
 3.459276e+00  3.917480e-03 
 3.459674e+00  3.938731e-03 
 3.460071e+00  3.960415e-03 
 3.460469e+00  3.982502e-03 
 3.460867e+00  4.004967e-03 
 3.461264e+00  4.027792e-03 
 3.461662e+00  4.050960e-03 
 3.462060e+00  4.074452e-03 
 3.462457e+00  4.098255e-03 
 3.462855e+00  4.122354e-03 
 3.463253e+00  4.146735e-03 
 3.463651e+00  4.171376e-03 
 3.464048e+00  4.196270e-03 
 3.464446e+00  4.221397e-03 
 3.464844e+00  4.246740e-03 
 3.465241e+00  4.272279e-03 
 3.465639e+00  4.298000e-03 
 3.466037e+00  4.323873e-03 
 3.466434e+00  4.349889e-03 
 3.466832e+00  4.376039e-03 
 3.467230e+00  4.402308e-03 
 3.467627e+00  4.428691e-03 
 3.468025e+00  4.455180e-03 
 3.468423e+00  4.481754e-03 
 3.468821e+00  4.508404e-03 
 3.469218e+00  4.535119e-03 
 3.469616e+00  4.561887e-03 
 3.470014e+00  4.588679e-03 
 3.470411e+00  4.615487e-03 
 3.470809e+00  4.642295e-03 
 3.471207e+00  4.669104e-03 
 3.471604e+00  4.695889e-03 
 3.472002e+00  4.722633e-03 
 3.472400e+00  4.749318e-03 
 3.472798e+00  4.775914e-03 
 3.473195e+00  4.802404e-03 
 3.473593e+00  4.828773e-03 
 3.473991e+00  4.855001e-03 
 3.474388e+00  4.881059e-03 
 3.474786e+00  4.906925e-03 
 3.475184e+00  4.932581e-03 
 3.475581e+00  4.958001e-03 
 3.475979e+00  4.983163e-03 
 3.476377e+00  5.008046e-03 
 3.476774e+00  5.032627e-03 
 3.477172e+00  5.056885e-03 
 3.477570e+00  5.080800e-03 
 3.477968e+00  5.104367e-03 
 3.478365e+00  5.127567e-03 
 3.478763e+00  5.150390e-03 
 3.479161e+00  5.172819e-03 
 3.479558e+00  5.194856e-03 
 3.479956e+00  5.216494e-03 
 3.480354e+00  5.237731e-03 
 3.480751e+00  5.258567e-03 
 3.481149e+00  5.278995e-03 
 3.481547e+00  5.299028e-03 
 3.481945e+00  5.318667e-03 
 3.482342e+00  5.337910e-03 
 3.482740e+00  5.356760e-03 
 3.483138e+00  5.375216e-03 
 3.483535e+00  5.393269e-03 
 3.483933e+00  5.410915e-03 
 3.484331e+00  5.428153e-03 
 3.484728e+00  5.444976e-03 
 3.485126e+00  5.461370e-03 
 3.485524e+00  5.477319e-03 
 3.485921e+00  5.492808e-03 
 3.486319e+00  5.507843e-03 
 3.486717e+00  5.522403e-03 
 3.487115e+00  5.536480e-03 
 3.487512e+00  5.550069e-03 
 3.487910e+00  5.563147e-03 
 3.488308e+00  5.575708e-03 
 3.488705e+00  5.587734e-03 
 3.489103e+00  5.599224e-03 
 3.489501e+00  5.610170e-03 
 3.489898e+00  5.620560e-03 
 3.490296e+00  5.630392e-03 
 3.490694e+00  5.639668e-03 
 3.491092e+00  5.648381e-03 
 3.491489e+00  5.656524e-03 
 3.491887e+00  5.664079e-03 
 3.492285e+00  5.671028e-03 
 3.492682e+00  5.677372e-03 
 3.493080e+00  5.683107e-03 
 3.493478e+00  5.688220e-03 
 3.493875e+00  5.692706e-03 
 3.494273e+00  5.696559e-03 
 3.494671e+00  5.699776e-03 
 3.495068e+00  5.702361e-03 
 3.495466e+00  5.704315e-03 
 3.495864e+00  5.705639e-03 
 3.496262e+00  5.706336e-03 
 3.496659e+00  5.706411e-03 
 3.497057e+00  5.705878e-03 
 3.497455e+00  5.704730e-03 
 3.497852e+00  5.702970e-03 
 3.498250e+00  5.700605e-03 
 3.498648e+00  5.697625e-03 
 3.499045e+00  5.694039e-03 
 3.499443e+00  5.689846e-03 
 3.499841e+00  5.685043e-03 
 3.500239e+00  5.679636e-03 
 3.500636e+00  5.673621e-03 
 3.501034e+00  5.666992e-03 
 3.501432e+00  5.659739e-03 
 3.501829e+00  5.651859e-03 
 3.502227e+00  5.643351e-03 
 3.502625e+00  5.634219e-03 
 3.503022e+00  5.624465e-03 
 3.503420e+00  5.614087e-03 
 3.503818e+00  5.603080e-03 
 3.504215e+00  5.591454e-03 
 3.504613e+00  5.579209e-03 
 3.505011e+00  5.566351e-03 
 3.505409e+00  5.552898e-03 
 3.505806e+00  5.538842e-03 
 3.506204e+00  5.524199e-03 
 3.506602e+00  5.508976e-03 
 3.506999e+00  5.493187e-03 
 3.507397e+00  5.476843e-03 
 3.507795e+00  5.459950e-03 
 3.508192e+00  5.442526e-03 
 3.508590e+00  5.424573e-03 
 3.508988e+00  5.406116e-03 
 3.509386e+00  5.387168e-03 
 3.509783e+00  5.367736e-03 
 3.510181e+00  5.347831e-03 
 3.510579e+00  5.327456e-03 
 3.510976e+00  5.306618e-03 
 3.511374e+00  5.285328e-03 
 3.511772e+00  5.263598e-03 
 3.512169e+00  5.241426e-03 
 3.512567e+00  5.218826e-03 
 3.512965e+00  5.195814e-03 
 3.513362e+00  5.172389e-03 
 3.513760e+00  5.148555e-03 
 3.514158e+00  5.124334e-03 
 3.514556e+00  5.099735e-03 
 3.514953e+00  5.074776e-03 
 3.515351e+00  5.049473e-03 
 3.515749e+00  5.023850e-03 
 3.516146e+00  4.997915e-03 
 3.516544e+00  4.971688e-03 
 3.516942e+00  4.945187e-03 
 3.517339e+00  4.918431e-03 
 3.517737e+00  4.891427e-03 
 3.518135e+00  4.864195e-03 
 3.518533e+00  4.836757e-03 
 3.518930e+00  4.809134e-03 
 3.519328e+00  4.781341e-03 
 3.519726e+00  4.753389e-03 
 3.520123e+00  4.725297e-03 
 3.520521e+00  4.697083e-03 
 3.520919e+00  4.668756e-03 
 3.521316e+00  4.640345e-03 
 3.521714e+00  4.611871e-03 
 3.522112e+00  4.583368e-03 
 3.522509e+00  4.554861e-03 
 3.522907e+00  4.526386e-03 
 3.523305e+00  4.497966e-03 
 3.523703e+00  4.469642e-03 
 3.524100e+00  4.441440e-03 
 3.524498e+00  4.413386e-03 
 3.524896e+00  4.385506e-03 
 3.525293e+00  4.357828e-03 
 3.525691e+00  4.330369e-03 
 3.526089e+00  4.303151e-03 
 3.526486e+00  4.276191e-03 
 3.526884e+00  4.249505e-03 
 3.527282e+00  4.223100e-03 
 3.527680e+00  4.196986e-03 
 3.528077e+00  4.171190e-03 
 3.528475e+00  4.145723e-03 
 3.528873e+00  4.120595e-03 
 3.529270e+00  4.095820e-03 
 3.529668e+00  4.071418e-03 
 3.530066e+00  4.047405e-03 
 3.530463e+00  4.023802e-03 
 3.530861e+00  4.000630e-03 
 3.531259e+00  3.977906e-03 
 3.531656e+00  3.955643e-03 
 3.532054e+00  3.933855e-03 
 3.532452e+00  3.912565e-03 
 3.532850e+00  3.891787e-03 
 3.533247e+00  3.871543e-03 
 3.533645e+00  3.851865e-03 
 3.534043e+00  3.832744e-03 
 3.534440e+00  3.814220e-03 
 3.534838e+00  3.796312e-03 
 3.535236e+00  3.779019e-03 
 3.535633e+00  3.762356e-03 
 3.536031e+00  3.746334e-03 
 3.536429e+00  3.730973e-03 
 3.536827e+00  3.716286e-03 
 3.537224e+00  3.702288e-03 
 3.537622e+00  3.689005e-03 
 3.538020e+00  3.676435e-03 
 3.538417e+00  3.664585e-03 
 3.538815e+00  3.653471e-03 
 3.539213e+00  3.643090e-03 
 3.539610e+00  3.633449e-03 
 3.540008e+00  3.624548e-03 
 3.540406e+00  3.616396e-03 
 3.540803e+00  3.608994e-03 
 3.541201e+00  3.602347e-03 
 3.541599e+00  3.596459e-03 
 3.541997e+00  3.591339e-03 
 3.542394e+00  3.586983e-03 
 3.542792e+00  3.583393e-03 
 3.543190e+00  3.580562e-03 
 3.543587e+00  3.578481e-03 
 3.543985e+00  3.577159e-03 
 3.544383e+00  3.576592e-03 
 3.544780e+00  3.576771e-03 
 3.545178e+00  3.577683e-03 
 3.545576e+00  3.579323e-03 
 3.545974e+00  3.581685e-03 
 3.546371e+00  3.584755e-03 
 3.546769e+00  3.588525e-03 
 3.547167e+00  3.592998e-03 
 3.547564e+00  3.598157e-03 
 3.547962e+00  3.603985e-03 
 3.548360e+00  3.610480e-03 
 3.548757e+00  3.617644e-03 
 3.549155e+00  3.625468e-03 
 3.549553e+00  3.633948e-03 
 3.549950e+00  3.643072e-03 
 3.550348e+00  3.652839e-03 
 3.550746e+00  3.663253e-03 
 3.551144e+00  3.674303e-03 
 3.551541e+00  3.685985e-03 
 3.551939e+00  3.698291e-03 
 3.552337e+00  3.711206e-03 
 3.552734e+00  3.724708e-03 
 3.553132e+00  3.738782e-03 
 3.553530e+00  3.753416e-03 
 3.553927e+00  3.768586e-03 
 3.554325e+00  3.784262e-03 
 3.554723e+00  3.800430e-03 
 3.555121e+00  3.817084e-03 
 3.555518e+00  3.834198e-03 
 3.555916e+00  3.851758e-03 
 3.556314e+00  3.869757e-03 
 3.556711e+00  3.888197e-03 
 3.557109e+00  3.907058e-03 
 3.557507e+00  3.926341e-03 
 3.557904e+00  3.946033e-03 
 3.558302e+00  3.966127e-03 
 3.558700e+00  3.986614e-03 
 3.559097e+00  4.007480e-03 
 3.559495e+00  4.028729e-03 
 3.559893e+00  4.050339e-03 
 3.560291e+00  4.072298e-03 
 3.560688e+00  4.094603e-03 
 3.561086e+00  4.117231e-03 
 3.561484e+00  4.140179e-03 
 3.561881e+00  4.163418e-03 
 3.562279e+00  4.186942e-03 
 3.562677e+00  4.210725e-03 
 3.563074e+00  4.234768e-03 
 3.563472e+00  4.259051e-03 
 3.563870e+00  4.283568e-03 
 3.564268e+00  4.308300e-03 
 3.564665e+00  4.333230e-03 
 3.565063e+00  4.358339e-03 
 3.565461e+00  4.383617e-03 
 3.565858e+00  4.409046e-03 
 3.566256e+00  4.434612e-03 
 3.566654e+00  4.460285e-03 
 3.567051e+00  4.486046e-03 
 3.567449e+00  4.511871e-03 
 3.567847e+00  4.537746e-03 
 3.568244e+00  4.563650e-03 
 3.568642e+00  4.589568e-03 
 3.569040e+00  4.615472e-03 
 3.569438e+00  4.641358e-03 
 3.569835e+00  4.667203e-03 
 3.570233e+00  4.692999e-03 
 3.570631e+00  4.718726e-03 
 3.571028e+00  4.744365e-03 
 3.571426e+00  4.769895e-03 
 3.571824e+00  4.795302e-03 
 3.572221e+00  4.820574e-03 
 3.572619e+00  4.845697e-03 
 3.573017e+00  4.870656e-03 
 3.573415e+00  4.895439e-03 
 3.573812e+00  4.920040e-03 
 3.574210e+00  4.944449e-03 
 3.574608e+00  4.968657e-03 
 3.575005e+00  4.992666e-03 
 3.575403e+00  5.016475e-03 
 3.575801e+00  5.040075e-03 
 3.576198e+00  5.063465e-03 
 3.576596e+00  5.086644e-03 
 3.576994e+00  5.109616e-03 
 3.577391e+00  5.132374e-03 
 3.577789e+00  5.154916e-03 
 3.578187e+00  5.177234e-03 
 3.578585e+00  5.199328e-03 
 3.578982e+00  5.221178e-03 
 3.579380e+00  5.242777e-03 
 3.579778e+00  5.264105e-03 
 3.580175e+00  5.285149e-03 
 3.580573e+00  5.305890e-03 
 3.580971e+00  5.326290e-03 
 3.581368e+00  5.346346e-03 
 3.581766e+00  5.366034e-03 
 3.582164e+00  5.385326e-03 
 3.582562e+00  5.404205e-03 
 3.582959e+00  5.422659e-03 
 3.583357e+00  5.440661e-03 
 3.583755e+00  5.458204e-03 
 3.584152e+00  5.475279e-03 
 3.584550e+00  5.491875e-03 
 3.584948e+00  5.507987e-03 
 3.585345e+00  5.523605e-03 
 3.585743e+00  5.538726e-03 
 3.586141e+00  5.553334e-03 
 3.586538e+00  5.567422e-03 
 3.586936e+00  5.580966e-03 
 3.587334e+00  5.593955e-03 
 3.587732e+00  5.606375e-03 
 3.588129e+00  5.618215e-03 
 3.588527e+00  5.629478e-03 
 3.588925e+00  5.640147e-03 
 3.589322e+00  5.650222e-03 
 3.589720e+00  5.659703e-03 
 3.590118e+00  5.668581e-03 
 3.590515e+00  5.676852e-03 
 3.590913e+00  5.684520e-03 
 3.591311e+00  5.691574e-03 
 3.591709e+00  5.698020e-03 
 3.592106e+00  5.703864e-03 
 3.592504e+00  5.709111e-03 
 3.592902e+00  5.713761e-03 
 3.593299e+00  5.717803e-03 
 3.593697e+00  5.721229e-03 
 3.594095e+00  5.724036e-03 
 3.594492e+00  5.726208e-03 
 3.594890e+00  5.727734e-03 
 3.595288e+00  5.728605e-03 
 3.595685e+00  5.728815e-03 
 3.596083e+00  5.728361e-03 
 3.596481e+00  5.727226e-03 
 3.596879e+00  5.725412e-03 
 3.597276e+00  5.722905e-03 
 3.597674e+00  5.719696e-03 
 3.598072e+00  5.715772e-03 
 3.598469e+00  5.711130e-03 
 3.598867e+00  5.705767e-03 
 3.599265e+00  5.699677e-03 
 3.599662e+00  5.692855e-03 
 3.600060e+00  5.685303e-03 
 3.600458e+00  5.677026e-03 
 3.600856e+00  5.668022e-03 
 3.601253e+00  5.658295e-03 
 3.601651e+00  5.647850e-03 
 3.602049e+00  5.636697e-03 
 3.602446e+00  5.624845e-03 
 3.602844e+00  5.612310e-03 
 3.603242e+00  5.599115e-03 
 3.603639e+00  5.585276e-03 
 3.604037e+00  5.570794e-03 
 3.604435e+00  5.555683e-03 
 3.604832e+00  5.539960e-03 
 3.605230e+00  5.523633e-03 
 3.605628e+00  5.506708e-03 
 3.606026e+00  5.489194e-03 
 3.606423e+00  5.471097e-03 
 3.606821e+00  5.452427e-03 
 3.607219e+00  5.433197e-03 
 3.607616e+00  5.413417e-03 
 3.608014e+00  5.393094e-03 
 3.608412e+00  5.372239e-03 
 3.608809e+00  5.350856e-03 
 3.609207e+00  5.328961e-03 
 3.609605e+00  5.306567e-03 
 3.610003e+00  5.283686e-03 
 3.610400e+00  5.260333e-03 
 3.610798e+00  5.236524e-03 
 3.611196e+00  5.212273e-03 
 3.611593e+00  5.187606e-03 
 3.611991e+00  5.162536e-03 
 3.612389e+00  5.137079e-03 
 3.612786e+00  5.111249e-03 
 3.613184e+00  5.085063e-03 
 3.613582e+00  5.058536e-03 
 3.613979e+00  5.031689e-03 
 3.614377e+00  5.004544e-03 
 3.614775e+00  4.977113e-03 
 3.615173e+00  4.949412e-03 
 3.615570e+00  4.921469e-03 
 3.615968e+00  4.893300e-03 
 3.616366e+00  4.864933e-03 
 3.616763e+00  4.836394e-03 
 3.617161e+00  4.807713e-03 
 3.617559e+00  4.778925e-03 
 3.617956e+00  4.750059e-03 
 3.618354e+00  4.721149e-03 
 3.618752e+00  4.692221e-03 
 3.619150e+00  4.663313e-03 
 3.619547e+00  4.634450e-03 
 3.619945e+00  4.605667e-03 
 3.620343e+00  4.576983e-03 
 3.620740e+00  4.548422e-03 
 3.621138e+00  4.520011e-03 
 3.621536e+00  4.491764e-03 
 3.621933e+00  4.463693e-03 
 3.622331e+00  4.435811e-03 
 3.622729e+00  4.408131e-03 
 3.623126e+00  4.380668e-03 
 3.623524e+00  4.353429e-03 
 3.623922e+00  4.326432e-03 
 3.624320e+00  4.299696e-03 
 3.624717e+00  4.273227e-03 
 3.625115e+00  4.247043e-03 
 3.625513e+00  4.221166e-03 
 3.625910e+00  4.195601e-03 
 3.626308e+00  4.170369e-03 
 3.626706e+00  4.145480e-03 
 3.627103e+00  4.120961e-03 
 3.627501e+00  4.096822e-03 
 3.627899e+00  4.073077e-03 
 3.628297e+00  4.049744e-03 
 3.628694e+00  4.026846e-03 
 3.629092e+00  4.004403e-03 
 3.629490e+00  3.982430e-03 
 3.629887e+00  3.960946e-03 
 3.630285e+00  3.939965e-03 
 3.630683e+00  3.919505e-03 
 3.631080e+00  3.899577e-03 
 3.631478e+00  3.880214e-03 
 3.631876e+00  3.861445e-03 
 3.632273e+00  3.843254e-03 
 3.632671e+00  3.825682e-03 
 3.633069e+00  3.808729e-03 
 3.633467e+00  3.792404e-03 
 3.633864e+00  3.776726e-03 
 3.634262e+00  3.761695e-03 
 3.634660e+00  3.747318e-03 
 3.635057e+00  3.733603e-03 
 3.635455e+00  3.720560e-03 
 3.635853e+00  3.708200e-03 
 3.636250e+00  3.696533e-03 
 3.636648e+00  3.685559e-03 
 3.637046e+00  3.675271e-03 
 3.637444e+00  3.665681e-03 
 3.637841e+00  3.656780e-03 
 3.638239e+00  3.648582e-03 
 3.638637e+00  3.641075e-03 
 3.639034e+00  3.634254e-03 
 3.639432e+00  3.628116e-03 
 3.639830e+00  3.622656e-03 
 3.640227e+00  3.617869e-03 
 3.640625e+00  3.613753e-03 
 3.641023e+00  3.610301e-03 
 3.641420e+00  3.607500e-03 
 3.641818e+00  3.605341e-03 
 3.642216e+00  3.603820e-03 
 3.642614e+00  3.602927e-03 
 3.643011e+00  3.602667e-03 
 3.643409e+00  3.603030e-03 
 3.643807e+00  3.604017e-03 
 3.644204e+00  3.605629e-03 
 3.644602e+00  3.607862e-03 
 3.645000e+00  3.610728e-03 
 3.645397e+00  3.614227e-03 
 3.645795e+00  3.618352e-03 
 3.646193e+00  3.623109e-03 
 3.646591e+00  3.628498e-03 
 3.646988e+00  3.634527e-03 
 3.647386e+00  3.641192e-03 
 3.647784e+00  3.648493e-03 
 3.648181e+00  3.656411e-03 
 3.648579e+00  3.664940e-03 
 3.648977e+00  3.674074e-03 
 3.649374e+00  3.683803e-03 
 3.649772e+00  3.694107e-03 
 3.650170e+00  3.704975e-03 
 3.650567e+00  3.716396e-03 
 3.650965e+00  3.728361e-03 
 3.651363e+00  3.740865e-03 
 3.651761e+00  3.753906e-03 
 3.652158e+00  3.767467e-03 
 3.652556e+00  3.781543e-03 
 3.652954e+00  3.796123e-03 
 3.653351e+00  3.811206e-03 
 3.653749e+00  3.826786e-03 
 3.654147e+00  3.842851e-03 
 3.654544e+00  3.859387e-03 
 3.654942e+00  3.876393e-03 
 3.655340e+00  3.893857e-03 
 3.655738e+00  3.911760e-03 
 3.656135e+00  3.930094e-03 
 3.656533e+00  3.948835e-03 
 3.656931e+00  3.967970e-03 
 3.657328e+00  3.987493e-03 
 3.657726e+00  4.007388e-03 
 3.658124e+00  4.027653e-03 
 3.658521e+00  4.048274e-03 
 3.658919e+00  4.069237e-03 
 3.659317e+00  4.090545e-03 
 3.659714e+00  4.112183e-03 
 3.660112e+00  4.134144e-03 
 3.660510e+00  4.156412e-03 
 3.660908e+00  4.178974e-03 
 3.661305e+00  4.201822e-03 
 3.661703e+00  4.224945e-03 
 3.662101e+00  4.248329e-03 
 3.662498e+00  4.271965e-03 
 3.662896e+00  4.295842e-03 
 3.663294e+00  4.319946e-03 
 3.663691e+00  4.344258e-03 
 3.664089e+00  4.368775e-03 
 3.664487e+00  4.393479e-03 
 3.664885e+00  4.418360e-03 
 3.665282e+00  4.443406e-03 
 3.665680e+00  4.468606e-03 
 3.666078e+00  4.493942e-03 
 3.666475e+00  4.519406e-03 
 3.666873e+00  4.544979e-03 
 3.667271e+00  4.570649e-03 
 3.667668e+00  4.596396e-03 
 3.668066e+00  4.622203e-03 
 3.668464e+00  4.648053e-03 
 3.668861e+00  4.673931e-03 
 3.669259e+00  4.699832e-03 
 3.669657e+00  4.725737e-03 
 3.670055e+00  4.751632e-03 
 3.670452e+00  4.777508e-03 
 3.670850e+00  4.803359e-03 
 3.671248e+00  4.829179e-03 
 3.671645e+00  4.854954e-03 
 3.672043e+00  4.880673e-03 
 3.672441e+00  4.906333e-03 
 3.672838e+00  4.931922e-03 
 3.673236e+00  4.957432e-03 
 3.673634e+00  4.982850e-03 
 3.674032e+00  5.008155e-03 
 3.674429e+00  5.033327e-03 
 3.674827e+00  5.058349e-03 
 3.675225e+00  5.083196e-03 
 3.675622e+00  5.107854e-03 
 3.676020e+00  5.132291e-03 
 3.676418e+00  5.156475e-03 
 3.676815e+00  5.180391e-03 
 3.677213e+00  5.204015e-03 
 3.677611e+00  5.227327e-03 
 3.678008e+00  5.250305e-03 
 3.678406e+00  5.272929e-03 
 3.678804e+00  5.295181e-03 
 3.679202e+00  5.317054e-03 
 3.679599e+00  5.338532e-03 
 3.679997e+00  5.359608e-03 
 3.680395e+00  5.380278e-03 
 3.680792e+00  5.400522e-03 
 3.681190e+00  5.420323e-03 
 3.681588e+00  5.439667e-03 
 3.681985e+00  5.458552e-03 
 3.682383e+00  5.476937e-03 
 3.682781e+00  5.494824e-03 
 3.683179e+00  5.512203e-03 
 3.683576e+00  5.529047e-03 
 3.683974e+00  5.545354e-03 
 3.684372e+00  5.561114e-03 
 3.684769e+00  5.576317e-03 
 3.685167e+00  5.590944e-03 
 3.685565e+00  5.604988e-03 
 3.685962e+00  5.618437e-03 
 3.686360e+00  5.631288e-03 
 3.686758e+00  5.643538e-03 
 3.687155e+00  5.655195e-03 
 3.687553e+00  5.666239e-03 
 3.687951e+00  5.676673e-03 
 3.688349e+00  5.686484e-03 
 3.688746e+00  5.695657e-03 
 3.689144e+00  5.704191e-03 
 3.689542e+00  5.712061e-03 
 3.689939e+00  5.719263e-03 
 3.690337e+00  5.725792e-03 
 3.690735e+00  5.731636e-03 
 3.691132e+00  5.736780e-03 
 3.691530e+00  5.741210e-03 
 3.691928e+00  5.744925e-03 
 3.692326e+00  5.747899e-03 
 3.692723e+00  5.750133e-03 
 3.693121e+00  5.751628e-03 
 3.693519e+00  5.752375e-03 
 3.693916e+00  5.752354e-03 
 3.694314e+00  5.751572e-03 
 3.694712e+00  5.750023e-03 
 3.695109e+00  5.747704e-03 
 3.695507e+00  5.744612e-03 
 3.695905e+00  5.740751e-03 
 3.696302e+00  5.736121e-03 
 3.696700e+00  5.730720e-03 
 3.697098e+00  5.724569e-03 
 3.697496e+00  5.717660e-03 
 3.697893e+00  5.710011e-03 
 3.698291e+00  5.701636e-03 
 3.698689e+00  5.692540e-03 
 3.699086e+00  5.682748e-03 
 3.699484e+00  5.672259e-03 
 3.699882e+00  5.661082e-03 
 3.700279e+00  5.649228e-03 
 3.700677e+00  5.636707e-03 
 3.701075e+00  5.623526e-03 
 3.701473e+00  5.609680e-03 
 3.701870e+00  5.595204e-03 
 3.702268e+00  5.580093e-03 
 3.702666e+00  5.564355e-03 
 3.703063e+00  5.548003e-03 
 3.703461e+00  5.531035e-03 
 3.703859e+00  5.513458e-03 
 3.704256e+00  5.495280e-03 
 3.704654e+00  5.476517e-03 
 3.705052e+00  5.457183e-03 
 3.705449e+00  5.437289e-03 
 3.705847e+00  5.416852e-03 
 3.706245e+00  5.395890e-03 
 3.706643e+00  5.374432e-03 
 3.707040e+00  5.352479e-03 
 3.707438e+00  5.330044e-03 
 3.707836e+00  5.307152e-03 
 3.708233e+00  5.283813e-03 
 3.708631e+00  5.260058e-03 
 3.709029e+00  5.235902e-03 
 3.709426e+00  5.211366e-03 
 3.709824e+00  5.186462e-03 
 3.710222e+00  5.161201e-03 
 3.710620e+00  5.135605e-03 
 3.711017e+00  5.109704e-03 
 3.711415e+00  5.083502e-03 
 3.711813e+00  5.057026e-03 
 3.712210e+00  5.030303e-03 
 3.712608e+00  5.003366e-03 
 3.713006e+00  4.976241e-03 
 3.713403e+00  4.948958e-03 
 3.713801e+00  4.921537e-03 
 3.714199e+00  4.894010e-03 
 3.714596e+00  4.866394e-03 
 3.714994e+00  4.838720e-03 
 3.715392e+00  4.811005e-03 
 3.715790e+00  4.783267e-03 
 3.716187e+00  4.755521e-03 
 3.716585e+00  4.727781e-03 
 3.716983e+00  4.700068e-03 
 3.717380e+00  4.672386e-03 
 3.717778e+00  4.644740e-03 
 3.718176e+00  4.617148e-03 
 3.718573e+00  4.589618e-03 
 3.718971e+00  4.562162e-03 
 3.719369e+00  4.534797e-03 
 3.719767e+00  4.507537e-03 
 3.720164e+00  4.480381e-03 
 3.720562e+00  4.453350e-03 
 3.720960e+00  4.426463e-03 
 3.721357e+00  4.399746e-03 
 3.721755e+00  4.373211e-03 
 3.722153e+00  4.346877e-03 
 3.722550e+00  4.320769e-03 
 3.722948e+00  4.294900e-03 
 3.723346e+00  4.269285e-03 
 3.723743e+00  4.243952e-03 
 3.724141e+00  4.218923e-03 
 3.724539e+00  4.194219e-03 
 3.724937e+00  4.169866e-03 
 3.725334e+00  4.145890e-03 
 3.725732e+00  4.122321e-03 
 3.726130e+00  4.099172e-03 
 3.726527e+00  4.076463e-03 
 3.726925e+00  4.054226e-03 
 3.727323e+00  4.032478e-03 
 3.727720e+00  4.011231e-03 
 3.728118e+00  3.990497e-03 
 3.728516e+00  3.970302e-03 
 3.728914e+00  3.950639e-03 
 3.729311e+00  3.931514e-03 
 3.729709e+00  3.912942e-03 
 3.730107e+00  3.894911e-03 
 3.730504e+00  3.877434e-03 
 3.730902e+00  3.860518e-03 
 3.731300e+00  3.844167e-03 
 3.731697e+00  3.828388e-03 
 3.732095e+00  3.813179e-03 
 3.732493e+00  3.798539e-03 
 3.732890e+00  3.784474e-03 
 3.733288e+00  3.770972e-03 
 3.733686e+00  3.758034e-03 
 3.734084e+00  3.745662e-03 
 3.734481e+00  3.733856e-03 
 3.734879e+00  3.722624e-03 
 3.735277e+00  3.711960e-03 
 3.735674e+00  3.701864e-03 
 3.736072e+00  3.692333e-03 
 3.736470e+00  3.683355e-03 
 3.736867e+00  3.674934e-03 
 3.737265e+00  3.667071e-03 
 3.737663e+00  3.659761e-03 
 3.738061e+00  3.653010e-03 
 3.738458e+00  3.646823e-03 
 3.738856e+00  3.641208e-03 
 3.739254e+00  3.636172e-03 
 3.739651e+00  3.631722e-03 
 3.740049e+00  3.627875e-03 
 3.740447e+00  3.624635e-03 
 3.740844e+00  3.622019e-03 
 3.741242e+00  3.620039e-03 
 3.741640e+00  3.618708e-03 
 3.742037e+00  3.618034e-03 
 3.742435e+00  3.618018e-03 
 3.742833e+00  3.618661e-03 
 3.743231e+00  3.619962e-03 
 3.743628e+00  3.621920e-03 
 3.744026e+00  3.624531e-03 
 3.744424e+00  3.627791e-03 
 3.744821e+00  3.631688e-03 
 3.745219e+00  3.636208e-03 
 3.745617e+00  3.641351e-03 
 3.746014e+00  3.647113e-03 
 3.746412e+00  3.653485e-03 
 3.746810e+00  3.660451e-03 
 3.747208e+00  3.668007e-03 
 3.747605e+00  3.676152e-03 
 3.748003e+00  3.684879e-03 
 3.748401e+00  3.694187e-03 
 3.748798e+00  3.704065e-03 
 3.749196e+00  3.714507e-03 
 3.749594e+00  3.725508e-03 
 3.749991e+00  3.737061e-03 
 3.750389e+00  3.749175e-03 
 3.750787e+00  3.761839e-03 
 3.751184e+00  3.775032e-03 
 3.751582e+00  3.788748e-03 
 3.751980e+00  3.802971e-03 
 3.752378e+00  3.817708e-03 
 3.752775e+00  3.832949e-03 
 3.753173e+00  3.848692e-03 
 3.753571e+00  3.864940e-03 
 3.753968e+00  3.881692e-03 
 3.754366e+00  3.898941e-03 
 3.754764e+00  3.916685e-03 
 3.755161e+00  3.934913e-03 
 3.755559e+00  3.953609e-03 
 3.755957e+00  3.972770e-03 
 3.756355e+00  3.992390e-03 
 3.756752e+00  4.012464e-03 
 3.757150e+00  4.032987e-03 
 3.757548e+00  4.053941e-03 
 3.757945e+00  4.075319e-03 
 3.758343e+00  4.097106e-03 
 3.758741e+00  4.119283e-03 
 3.759138e+00  4.141839e-03 
 3.759536e+00  4.164760e-03 
 3.759934e+00  4.188034e-03 
 3.760331e+00  4.211652e-03 
 3.760729e+00  4.235600e-03 
 3.761127e+00  4.259859e-03 
 3.761525e+00  4.284405e-03 
 3.761922e+00  4.309215e-03 
 3.762320e+00  4.334269e-03 
 3.762718e+00  4.359550e-03 
 3.763115e+00  4.385032e-03 
 3.763513e+00  4.410705e-03 
 3.763911e+00  4.436546e-03 
 3.764308e+00  4.462536e-03 
 3.764706e+00  4.488659e-03 
 3.765104e+00  4.514901e-03 
 3.765502e+00  4.541250e-03 
 3.765899e+00  4.567696e-03 
 3.766297e+00  4.594226e-03 
 3.766695e+00  4.620839e-03 
 3.767092e+00  4.647524e-03 
 3.767490e+00  4.674274e-03 
 3.767888e+00  4.701083e-03 
 3.768285e+00  4.727940e-03 
 3.768683e+00  4.754829e-03 
 3.769081e+00  4.781738e-03 
 3.769478e+00  4.808651e-03 
 3.769876e+00  4.835550e-03 
 3.770274e+00  4.862414e-03 
 3.770672e+00  4.889226e-03 
 3.771069e+00  4.915953e-03 
 3.771467e+00  4.942564e-03 
 3.771865e+00  4.969039e-03 
 3.772262e+00  4.995353e-03 
 3.772660e+00  5.021489e-03 
 3.773058e+00  5.047421e-03 
 3.773455e+00  5.073129e-03 
 3.773853e+00  5.098593e-03 
 3.774251e+00  5.123796e-03 
 3.774649e+00  5.148724e-03 
 3.775046e+00  5.173353e-03 
 3.775444e+00  5.197667e-03 
 3.775842e+00  5.221641e-03 
 3.776239e+00  5.245266e-03 
 3.776637e+00  5.268529e-03 
 3.777035e+00  5.291417e-03 
 3.777432e+00  5.313902e-03 
 3.777830e+00  5.335967e-03 
 3.778228e+00  5.357589e-03 
 3.778625e+00  5.378763e-03 
 3.779023e+00  5.399472e-03 
 3.779421e+00  5.419685e-03 
 3.779819e+00  5.439414e-03 
 3.780216e+00  5.458626e-03 
 3.780614e+00  5.477319e-03 
 3.781012e+00  5.495489e-03 
 3.781409e+00  5.513125e-03 
 3.781807e+00  5.530226e-03 
 3.782205e+00  5.546782e-03 
 3.782602e+00  5.562809e-03 
 3.783000e+00  5.578281e-03 
 3.783398e+00  5.593206e-03 
 3.783796e+00  5.607550e-03 
 3.784193e+00  5.621304e-03 
 3.784591e+00  5.634456e-03 
 3.784989e+00  5.646992e-03 
 3.785386e+00  5.658901e-03 
 3.785784e+00  5.670176e-03 
 3.786182e+00  5.680808e-03 
 3.786579e+00  5.690776e-03 
 3.786977e+00  5.700070e-03 
 3.787375e+00  5.708678e-03 
 3.787772e+00  5.716587e-03 
 3.788170e+00  5.723782e-03 
 3.788568e+00  5.730248e-03 
 3.788966e+00  5.735974e-03 
 3.789363e+00  5.740951e-03 
 3.789761e+00  5.745169e-03 
 3.790159e+00  5.748617e-03 
 3.790556e+00  5.751279e-03 
 3.790954e+00  5.753146e-03 
 3.791352e+00  5.754220e-03 
 3.791749e+00  5.754500e-03 
 3.792147e+00  5.753991e-03 
 3.792545e+00  5.752688e-03 
 3.792943e+00  5.750602e-03 
 3.793340e+00  5.747730e-03 
 3.793738e+00  5.744088e-03 
 3.794136e+00  5.739689e-03 
 3.794533e+00  5.734537e-03 
 3.794931e+00  5.728650e-03 
 3.795329e+00  5.722038e-03 
 3.795726e+00  5.714712e-03 
 3.796124e+00  5.706693e-03 
 3.796522e+00  5.697986e-03 
 3.796919e+00  5.688596e-03 
 3.797317e+00  5.678531e-03 
 3.797715e+00  5.667793e-03 
 3.798113e+00  5.656405e-03 
 3.798510e+00  5.644368e-03 
 3.798908e+00  5.631694e-03 
 3.799306e+00  5.618383e-03 
 3.799703e+00  5.604455e-03 
 3.800101e+00  5.589924e-03 
 3.800499e+00  5.574800e-03 
 3.800896e+00  5.559106e-03 
 3.801294e+00  5.542839e-03 
 3.801692e+00  5.526020e-03 
 3.802090e+00  5.508670e-03 
 3.802487e+00  5.490800e-03 
 3.802885e+00  5.472413e-03 
 3.803283e+00  5.453515e-03 
 3.803680e+00  5.434111e-03 
 3.804078e+00  5.414218e-03 
 3.804476e+00  5.393851e-03 
 3.804873e+00  5.373014e-03 
 3.805271e+00  5.351721e-03 
 3.805669e+00  5.329983e-03 
 3.806066e+00  5.307798e-03 
 3.806464e+00  5.285197e-03 
 3.806862e+00  5.262183e-03 
 3.807260e+00  5.238770e-03 
 3.807657e+00  5.214978e-03 
 3.808055e+00  5.190833e-03 
 3.808453e+00  5.166359e-03 
 3.808850e+00  5.141580e-03 
 3.809248e+00  5.116515e-03 
 3.809646e+00  5.091199e-03 
 3.810043e+00  5.065641e-03 
 3.810441e+00  5.039858e-03 
 3.810839e+00  5.013880e-03 
 3.811237e+00  4.987728e-03 
 3.811634e+00  4.961415e-03 
 3.812032e+00  4.934964e-03 
 3.812430e+00  4.908387e-03 
 3.812827e+00  4.881700e-03 
 3.813225e+00  4.854908e-03 
 3.813623e+00  4.828032e-03 
 3.814020e+00  4.801097e-03 
 3.814418e+00  4.774111e-03 
 3.814816e+00  4.747094e-03 
 3.815213e+00  4.720060e-03 
 3.815611e+00  4.693027e-03 
 3.816009e+00  4.666010e-03 
 3.816407e+00  4.639023e-03 
 3.816804e+00  4.612082e-03 
 3.817202e+00  4.585197e-03 
 3.817600e+00  4.558382e-03 
 3.817997e+00  4.531659e-03 
 3.818395e+00  4.505044e-03 
 3.818793e+00  4.478553e-03 
 3.819190e+00  4.452202e-03 
 3.819588e+00  4.426014e-03 
 3.819986e+00  4.400009e-03 
 3.820384e+00  4.374213e-03 
 3.820781e+00  4.348646e-03 
 3.821179e+00  4.323327e-03 
 3.821577e+00  4.298272e-03 
 3.821974e+00  4.273503e-03 
 3.822372e+00  4.249038e-03 
 3.822770e+00  4.224896e-03 
 3.823167e+00  4.201080e-03 
 3.823565e+00  4.177611e-03 
 3.823963e+00  4.154501e-03 
 3.824360e+00  4.131756e-03 
 3.824758e+00  4.109397e-03 
 3.825156e+00  4.087428e-03 
 3.825554e+00  4.065853e-03 
 3.825951e+00  4.044681e-03 
 3.826349e+00  4.023929e-03 
 3.826747e+00  4.003596e-03 
 3.827144e+00  3.983700e-03 
 3.827542e+00  3.964246e-03 
 3.827940e+00  3.945244e-03 
 3.828337e+00  3.926703e-03 
 3.828735e+00  3.908633e-03 
 3.829133e+00  3.891039e-03 
 3.829531e+00  3.873935e-03 
 3.829928e+00  3.857322e-03 
 3.830326e+00  3.841211e-03 
 3.830724e+00  3.825596e-03 
 3.831121e+00  3.810486e-03 
 3.831519e+00  3.795878e-03 
 3.831917e+00  3.781770e-03 
 3.832314e+00  3.768153e-03 
 3.832712e+00  3.755047e-03 
 3.833110e+00  3.742460e-03 
 3.833507e+00  3.730402e-03 
 3.833905e+00  3.718887e-03 
 3.834303e+00  3.707911e-03 
 3.834701e+00  3.697501e-03 
 3.835098e+00  3.687658e-03 
 3.835496e+00  3.678396e-03 
 3.835894e+00  3.669733e-03 
 3.836291e+00  3.661677e-03 
 3.836689e+00  3.654243e-03 
 3.837087e+00  3.647445e-03 
 3.837484e+00  3.641304e-03 
 3.837882e+00  3.635826e-03 
 3.838280e+00  3.631013e-03 
 3.838678e+00  3.626866e-03 
 3.839075e+00  3.623383e-03 
 3.839473e+00  3.620566e-03 
 3.839871e+00  3.618415e-03 
 3.840268e+00  3.616930e-03 
 3.840666e+00  3.616109e-03 
 3.841064e+00  3.615943e-03 
 3.841461e+00  3.616426e-03 
 3.841859e+00  3.617556e-03 
 3.842257e+00  3.619330e-03 
 3.842654e+00  3.621748e-03 
 3.843052e+00  3.624803e-03 
 3.843450e+00  3.628493e-03 
 3.843848e+00  3.632816e-03 
 3.844245e+00  3.637763e-03 
 3.844643e+00  3.643327e-03 
 3.845041e+00  3.649507e-03 
 3.845438e+00  3.656289e-03 
 3.845836e+00  3.663669e-03 
 3.846234e+00  3.671641e-03 
 3.846631e+00  3.680206e-03 
 3.847029e+00  3.689355e-03 
 3.847427e+00  3.699085e-03 
 3.847825e+00  3.709390e-03 
 3.848222e+00  3.720269e-03 
 3.848620e+00  3.731717e-03 
 3.849018e+00  3.743729e-03 
 3.849415e+00  3.756308e-03 
 3.849813e+00  3.769443e-03 
 3.850211e+00  3.783130e-03 
 3.850608e+00  3.797358e-03 
 3.851006e+00  3.812125e-03 
 3.851404e+00  3.827437e-03 
 3.851801e+00  3.843288e-03 
 3.852199e+00  3.859672e-03 
 3.852597e+00  3.876593e-03 
 3.852995e+00  3.894043e-03 
 3.853392e+00  3.912016e-03 
 3.853790e+00  3.930510e-03 
 3.854188e+00  3.949511e-03 
 3.854585e+00  3.969016e-03 
 3.854983e+00  3.989018e-03 
 3.855381e+00  4.009512e-03 
 3.855778e+00  4.030491e-03 
 3.856176e+00  4.051939e-03 
 3.856574e+00  4.073844e-03 
 3.856972e+00  4.096187e-03 
 3.857369e+00  4.118943e-03 
 3.857767e+00  4.142097e-03 
 3.858165e+00  4.165631e-03 
 3.858562e+00  4.189526e-03 
 3.858960e+00  4.213752e-03 
 3.859358e+00  4.238295e-03 
 3.859755e+00  4.263137e-03 
 3.860153e+00  4.288261e-03 
 3.860551e+00  4.313653e-03 
 3.860948e+00  4.339301e-03 
 3.861346e+00  4.365185e-03 
 3.861744e+00  4.391298e-03 
 3.862142e+00  4.417626e-03 
 3.862539e+00  4.444151e-03 
 3.862937e+00  4.470861e-03 
 3.863335e+00  4.497738e-03 
 3.863732e+00  4.524766e-03 
 3.864130e+00  4.551936e-03 
 3.864528e+00  4.579228e-03 
 3.864925e+00  4.606622e-03 
 3.865323e+00  4.634095e-03 
 3.865721e+00  4.661631e-03 
 3.866119e+00  4.689201e-03 
 3.866516e+00  4.716783e-03 
 3.866914e+00  4.744356e-03 
 3.867312e+00  4.771899e-03 
 3.867709e+00  4.799389e-03 
 3.868107e+00  4.826801e-03 
 3.868505e+00  4.854122e-03 
 3.868902e+00  4.881331e-03 
 3.869300e+00  4.908405e-03 
 3.869698e+00  4.935329e-03 
 3.870095e+00  4.962091e-03 
 3.870493e+00  4.988674e-03 
 3.870891e+00  5.015064e-03 
 3.871289e+00  5.041248e-03 
 3.871686e+00  5.067209e-03 
 3.872084e+00  5.092927e-03 
 3.872482e+00  5.118387e-03 
 3.872879e+00  5.143566e-03 
 3.873277e+00  5.168450e-03 
 3.873675e+00  5.193009e-03 
 3.874072e+00  5.217225e-03 
 3.874470e+00  5.241081e-03 
 3.874868e+00  5.264558e-03 
 3.875266e+00  5.287654e-03 
 3.875663e+00  5.310358e-03 
 3.876061e+00  5.332646e-03 
 3.876459e+00  5.354519e-03 
 3.876856e+00  5.375963e-03 
 3.877254e+00  5.396968e-03 
 3.877652e+00  5.417514e-03 
 3.878049e+00  5.437579e-03 
 3.878447e+00  5.457172e-03 
 3.878845e+00  5.476258e-03 
 3.879242e+00  5.494832e-03 
 3.879640e+00  5.512886e-03 
 3.880038e+00  5.530393e-03 
 3.880436e+00  5.547334e-03 
 3.880833e+00  5.563699e-03 
 3.881231e+00  5.579481e-03 
 3.881629e+00  5.594651e-03 
 3.882026e+00  5.609204e-03 
 3.882424e+00  5.623115e-03 
 3.882822e+00  5.636367e-03 
 3.883219e+00  5.648951e-03 
 3.883617e+00  5.660845e-03 
 3.884015e+00  5.672043e-03 
 3.884413e+00  5.682535e-03 
 3.884810e+00  5.692306e-03 
 3.885208e+00  5.701343e-03 
 3.885606e+00  5.709629e-03 
 3.886003e+00  5.717159e-03 
 3.886401e+00  5.723923e-03 
 3.886799e+00  5.729910e-03 
 3.887196e+00  5.735118e-03 
 3.887594e+00  5.739551e-03 
 3.887992e+00  5.743206e-03 
 3.888389e+00  5.746102e-03 
 3.888787e+00  5.748240e-03 
 3.889185e+00  5.749636e-03 
 3.889583e+00  5.750300e-03 
 3.889980e+00  5.750236e-03 
 3.890378e+00  5.749455e-03 
 3.890776e+00  5.747975e-03 
 3.891173e+00  5.745798e-03 
 3.891571e+00  5.742926e-03 
 3.891969e+00  5.739365e-03 
 3.892366e+00  5.735122e-03 
 3.892764e+00  5.730196e-03 
 3.893162e+00  5.724584e-03 
 3.893560e+00  5.718299e-03 
 3.893957e+00  5.711339e-03 
 3.894355e+00  5.703708e-03 
 3.894753e+00  5.695421e-03 
 3.895150e+00  5.686477e-03 
 3.895548e+00  5.676884e-03 
 3.895946e+00  5.666648e-03 
 3.896343e+00  5.655776e-03 
 3.896741e+00  5.644275e-03 
 3.897139e+00  5.632156e-03 
 3.897536e+00  5.619428e-03 
 3.897934e+00  5.606083e-03 
 3.898332e+00  5.592144e-03 
 3.898730e+00  5.577618e-03 
 3.899127e+00  5.562501e-03 
 3.899525e+00  5.546808e-03 
 3.899923e+00  5.530536e-03 
 3.900320e+00  5.513689e-03 
 3.900718e+00  5.496274e-03 
 3.901116e+00  5.478303e-03 
 3.901513e+00  5.459770e-03 
 3.901911e+00  5.440698e-03 
 3.902309e+00  5.421096e-03 
 3.902707e+00  5.400983e-03 
 3.903104e+00  5.380389e-03 
 3.903502e+00  5.359336e-03 
 3.903900e+00  5.337847e-03 
 3.904297e+00  5.315940e-03 
 3.904695e+00  5.293641e-03 
 3.905093e+00  5.270972e-03 
 3.905490e+00  5.247951e-03 
 3.905888e+00  5.224606e-03 
 3.906286e+00  5.200950e-03 
 3.906683e+00  5.177009e-03 
 3.907081e+00  5.152799e-03 
 3.907479e+00  5.128343e-03 
 3.907877e+00  5.103652e-03 
 3.908274e+00  5.078748e-03 
 3.908672e+00  5.053636e-03 
 3.909070e+00  5.028332e-03 
 3.909467e+00  5.002855e-03 
 3.909865e+00  4.977217e-03 
 3.910263e+00  4.951436e-03 
 3.910660e+00  4.925520e-03 
 3.911058e+00  4.899489e-03 
 3.911456e+00  4.873345e-03 
 3.911854e+00  4.847100e-03 
 3.912251e+00  4.820773e-03 
 3.912649e+00  4.794378e-03 
 3.913047e+00  4.767920e-03 
 3.913444e+00  4.741411e-03 
 3.913842e+00  4.714866e-03 
 3.914240e+00  4.688299e-03 
 3.914637e+00  4.661726e-03 
 3.915035e+00  4.635177e-03 
 3.915433e+00  4.608659e-03 
 3.915830e+00  4.582199e-03 
 3.916228e+00  4.555823e-03 
 3.916626e+00  4.529545e-03 
 3.917024e+00  4.503380e-03 
 3.917421e+00  4.477350e-03 
 3.917819e+00  4.451470e-03 
 3.918217e+00  4.425758e-03 
 3.918614e+00  4.400225e-03 
 3.919012e+00  4.374891e-03 
 3.919410e+00  4.349770e-03 
 3.919807e+00  4.324866e-03 
 3.920205e+00  4.300191e-03 
 3.920603e+00  4.275763e-03 
 3.921001e+00  4.251595e-03 
 3.921398e+00  4.227701e-03 
 3.921796e+00  4.204101e-03 
 3.922194e+00  4.180820e-03 
 3.922591e+00  4.157863e-03 
 3.922989e+00  4.135249e-03 
 3.923387e+00  4.113001e-03 
 3.923784e+00  4.091123e-03 
 3.924182e+00  4.069620e-03 
 3.924580e+00  4.048502e-03 
 3.924977e+00  4.027782e-03 
 3.925375e+00  4.007455e-03 
 3.925773e+00  3.987534e-03 
 3.926171e+00  3.968020e-03 
 3.926568e+00  3.948918e-03 
 3.926966e+00  3.930232e-03 
 3.927364e+00  3.911963e-03 
 3.927761e+00  3.894126e-03 
 3.928159e+00  3.876717e-03 
 3.928557e+00  3.859741e-03 
 3.928954e+00  3.843226e-03 
 3.929352e+00  3.827163e-03 
 3.929750e+00  3.811579e-03 
 3.930148e+00  3.796493e-03 
 3.930545e+00  3.781924e-03 
 3.930943e+00  3.767886e-03 
 3.931341e+00  3.754404e-03 
 3.931738e+00  3.741487e-03 
 3.932136e+00  3.729150e-03 
 3.932534e+00  3.717413e-03 
 3.932931e+00  3.706284e-03 
 3.933329e+00  3.695772e-03 
 3.933727e+00  3.685886e-03 
 3.934124e+00  3.676635e-03 
 3.934522e+00  3.668020e-03 
 3.934920e+00  3.660044e-03 
 3.935318e+00  3.652703e-03 
 3.935715e+00  3.646000e-03 
 3.936113e+00  3.639934e-03 
 3.936511e+00  3.634513e-03 
 3.936908e+00  3.629724e-03 
 3.937306e+00  3.625568e-03 
 3.937704e+00  3.622047e-03 
 3.938101e+00  3.619152e-03 
 3.938499e+00  3.616893e-03 
 3.938897e+00  3.615264e-03 
 3.939295e+00  3.614257e-03 
 3.939692e+00  3.613878e-03 
 3.940090e+00  3.614120e-03 
 3.940488e+00  3.614976e-03 
 3.940885e+00  3.616450e-03 
 3.941283e+00  3.618532e-03 
 3.941681e+00  3.621218e-03 
 3.942078e+00  3.624506e-03 
 3.942476e+00  3.628393e-03 
 3.942874e+00  3.632881e-03 
 3.943271e+00  3.637964e-03 
 3.943669e+00  3.643652e-03 
 3.944067e+00  3.649945e-03 
 3.944465e+00  3.656847e-03 
 3.944862e+00  3.664365e-03 
 3.945260e+00  3.672509e-03 
 3.945658e+00  3.681280e-03 
 3.946055e+00  3.690673e-03 
 3.946453e+00  3.700697e-03 
 3.946851e+00  3.711360e-03 
 3.947248e+00  3.722654e-03 
 3.947646e+00  3.734584e-03 
 3.948044e+00  3.747148e-03 
 3.948442e+00  3.760342e-03 
 3.948839e+00  3.774170e-03 
 3.949237e+00  3.788624e-03 
 3.949635e+00  3.803714e-03 
 3.950032e+00  3.819440e-03 
 3.950430e+00  3.835789e-03 
 3.950828e+00  3.852761e-03 
 3.951225e+00  3.870351e-03 
 3.951623e+00  3.888539e-03 
 3.952021e+00  3.907299e-03 
 3.952418e+00  3.926616e-03 
 3.952816e+00  3.946464e-03 
 3.953214e+00  3.966817e-03 
 3.953612e+00  3.987662e-03 
 3.954009e+00  4.008974e-03 
 3.954407e+00  4.030743e-03 
 3.954805e+00  4.052937e-03 
 3.955202e+00  4.075534e-03 
 3.955600e+00  4.098511e-03 
 3.955998e+00  4.121857e-03 
 3.956395e+00  4.145555e-03 
 3.956793e+00  4.169587e-03 
 3.957191e+00  4.193947e-03 
 3.957589e+00  4.218620e-03 
 3.957986e+00  4.243600e-03 
 3.958384e+00  4.268885e-03 
 3.958782e+00  4.294461e-03 
 3.959179e+00  4.320309e-03 
 3.959577e+00  4.346415e-03 
 3.959975e+00  4.372764e-03 
 3.960372e+00  4.399339e-03 
 3.960770e+00  4.426120e-03 
 3.961168e+00  4.453091e-03 
 3.961565e+00  4.480239e-03 
 3.961963e+00  4.507543e-03 
 3.962361e+00  4.534993e-03 
 3.962759e+00  4.562568e-03 
 3.963156e+00  4.590261e-03 
 3.963554e+00  4.618049e-03 
 3.963952e+00  4.645915e-03 
 3.964349e+00  4.673848e-03 
 3.964747e+00  4.701820e-03 
 3.965145e+00  4.729818e-03 
 3.965542e+00  4.757832e-03 
 3.965940e+00  4.785843e-03 
 3.966338e+00  4.813824e-03 
 3.966736e+00  4.841758e-03 
 3.967133e+00  4.869623e-03 
 3.967531e+00  4.897395e-03 
 3.967929e+00  4.925036e-03 
 3.968326e+00  4.952530e-03 
 3.968724e+00  4.979853e-03 
 3.969122e+00  5.006977e-03 
 3.969519e+00  5.033878e-03 
 3.969917e+00  5.060532e-03 
 3.970315e+00  5.086915e-03 
 3.970712e+00  5.113001e-03 
 3.971110e+00  5.138771e-03 
 3.971508e+00  5.164201e-03 
 3.971906e+00  5.189280e-03 
 3.972303e+00  5.213989e-03 
 3.972701e+00  5.238309e-03 
 3.973099e+00  5.262233e-03 
 3.973496e+00  5.285745e-03 
 3.973894e+00  5.308823e-03 
 3.974292e+00  5.331455e-03 
 3.974689e+00  5.353626e-03 
 3.975087e+00  5.375317e-03 
 3.975485e+00  5.396516e-03 
 3.975883e+00  5.417213e-03 
 3.976280e+00  5.437384e-03 
 3.976678e+00  5.457022e-03 
 3.977076e+00  5.476121e-03 
 3.977473e+00  5.494659e-03 
 3.977871e+00  5.512633e-03 
 3.978269e+00  5.530036e-03 
 3.978666e+00  5.546840e-03 
 3.979064e+00  5.563029e-03 
 3.979462e+00  5.578597e-03 
 3.979859e+00  5.593529e-03 
 3.980257e+00  5.607805e-03 
 3.980655e+00  5.621407e-03 
 3.981053e+00  5.634317e-03 
 3.981450e+00  5.646535e-03 
 3.981848e+00  5.658036e-03 
 3.982246e+00  5.668829e-03 
 3.982643e+00  5.678910e-03 
 3.983041e+00  5.688269e-03 
 3.983439e+00  5.696912e-03 
 3.983836e+00  5.704840e-03 
 3.984234e+00  5.712050e-03 
 3.984632e+00  5.718552e-03 
 3.985030e+00  5.724351e-03 
 3.985427e+00  5.729445e-03 
 3.985825e+00  5.733843e-03 
 3.986223e+00  5.737544e-03 
 3.986620e+00  5.740552e-03 
 3.987018e+00  5.742865e-03 
 3.987416e+00  5.744479e-03 
 3.987813e+00  5.745393e-03 
 3.988211e+00  5.745601e-03 
 3.988609e+00  5.745102e-03 
 3.989006e+00  5.743902e-03 
 3.989404e+00  5.742005e-03 
 3.989802e+00  5.739404e-03 
 3.990200e+00  5.736099e-03 
 3.990597e+00  5.732104e-03 
 3.990995e+00  5.727423e-03 
 3.991393e+00  5.722067e-03 
 3.991790e+00  5.716042e-03 
 3.992188e+00  5.709359e-03 
 3.992586e+00  5.702026e-03 
 3.992983e+00  5.694036e-03 
 3.993381e+00  5.685401e-03 
 3.993779e+00  5.676121e-03 
 3.994176e+00  5.666203e-03 
 3.994574e+00  5.655642e-03 
 3.994972e+00  5.644441e-03 
 3.995370e+00  5.632602e-03 
 3.995767e+00  5.620133e-03 
 3.996165e+00  5.607039e-03 
 3.996563e+00  5.593324e-03 
 3.996960e+00  5.579002e-03 
 3.997358e+00  5.564078e-03 
 3.997756e+00  5.548560e-03 
 3.998153e+00  5.532465e-03 
 3.998551e+00  5.515820e-03 
 3.998949e+00  5.498639e-03 
 3.999347e+00  5.480932e-03 
 3.999744e+00  5.462724e-03 
 4.000142e+00  5.444046e-03 
 4.000540e+00  5.424909e-03 
 4.000937e+00  5.405344e-03 
 4.001335e+00  5.385374e-03 
 4.001733e+00  5.365006e-03 
 4.002130e+00  5.344270e-03 
 4.002528e+00  5.323171e-03 
 4.002926e+00  5.301730e-03 
 4.003323e+00  5.279966e-03 
 4.003721e+00  5.257887e-03 
 4.004119e+00  5.235504e-03 
 4.004517e+00  5.212837e-03 
 4.004914e+00  5.189907e-03 
 4.005312e+00  5.166725e-03 
 4.005710e+00  5.143310e-03 
 4.006107e+00  5.119660e-03 
 4.006505e+00  5.095799e-03 
 4.006903e+00  5.071731e-03 
 4.007300e+00  5.047471e-03 
 4.007698e+00  5.023027e-03 
 4.008096e+00  4.998404e-03 
 4.008494e+00  4.973622e-03 
 4.008891e+00  4.948687e-03 
 4.009289e+00  4.923613e-03 
 4.009687e+00  4.898414e-03 
 4.010084e+00  4.873100e-03 
 4.010482e+00  4.847685e-03 
 4.010880e+00  4.822187e-03 
 4.011277e+00  4.796618e-03 
 4.011675e+00  4.770984e-03 
 4.012073e+00  4.745300e-03 
 4.012470e+00  4.719577e-03 
 4.012868e+00  4.693827e-03 
 4.013266e+00  4.668067e-03 
 4.013664e+00  4.642302e-03 
 4.014061e+00  4.616551e-03 
 4.014459e+00  4.590822e-03 
 4.014857e+00  4.565129e-03 
 4.015254e+00  4.539473e-03 
 4.015652e+00  4.513870e-03 
 4.016050e+00  4.488329e-03 
 4.016447e+00  4.462868e-03 
 4.016845e+00  4.437508e-03 
 4.017243e+00  4.412270e-03 
 4.017641e+00  4.387176e-03 
 4.018038e+00  4.362244e-03 
 4.018436e+00  4.337489e-03 
 4.018834e+00  4.312930e-03 
 4.019231e+00  4.288588e-03 
 4.019629e+00  4.264477e-03 
 4.020027e+00  4.240610e-03 
 4.020424e+00  4.217003e-03 
 4.020822e+00  4.193666e-03 
 4.021220e+00  4.170609e-03 
 4.021617e+00  4.147836e-03 
 4.022015e+00  4.125359e-03 
 4.022413e+00  4.103185e-03 
 4.022811e+00  4.081321e-03 
 4.023208e+00  4.059785e-03 
 4.023606e+00  4.038596e-03 
 4.024004e+00  4.017765e-03 
 4.024401e+00  3.997309e-03 
 4.024799e+00  3.977246e-03 
 4.025197e+00  3.957581e-03 
 4.025594e+00  3.938336e-03 
 4.025992e+00  3.919526e-03 
 4.026390e+00  3.901169e-03 
 4.026788e+00  3.883287e-03 
 4.027185e+00  3.865895e-03 
 4.027583e+00  3.848999e-03 
 4.027981e+00  3.832616e-03 
 4.028378e+00  3.816769e-03 
 4.028776e+00  3.801446e-03 
 4.029174e+00  3.786671e-03 
 4.029571e+00  3.772427e-03 
 4.029969e+00  3.758724e-03 
 4.030367e+00  3.745565e-03 
 4.030764e+00  3.732958e-03 
 4.031162e+00  3.720904e-03 
 4.031560e+00  3.709418e-03 
 4.031958e+00  3.698498e-03 
 4.032355e+00  3.688144e-03 
 4.032753e+00  3.678377e-03 
 4.033151e+00  3.669188e-03 
 4.033548e+00  3.660580e-03 
 4.033946e+00  3.652571e-03 
 4.034344e+00  3.645150e-03 
 4.034741e+00  3.638332e-03 
 4.035139e+00  3.632117e-03 
 4.035537e+00  3.626509e-03 
 4.035935e+00  3.621518e-03 
 4.036332e+00  3.617142e-03 
 4.036730e+00  3.613391e-03 
 4.037128e+00  3.610269e-03 
 4.037525e+00  3.607784e-03 
 4.037923e+00  3.605945e-03 
 4.038321e+00  3.604758e-03 
 4.038718e+00  3.604228e-03 
 4.039116e+00  3.604360e-03 
 4.039514e+00  3.605166e-03 
 4.039911e+00  3.606649e-03 
 4.040309e+00  3.608819e-03 
 4.040707e+00  3.611679e-03 
 4.041105e+00  3.615232e-03 
 4.041502e+00  3.619474e-03 
 4.041900e+00  3.624411e-03 
 4.042298e+00  3.630045e-03 
 4.042695e+00  3.636381e-03 
 4.043093e+00  3.643419e-03 
 4.043491e+00  3.651164e-03 
 4.043888e+00  3.659616e-03 
 4.044286e+00  3.668772e-03 
 4.044684e+00  3.678629e-03 
 4.045082e+00  3.689185e-03 
 4.045479e+00  3.700436e-03 
 4.045877e+00  3.712383e-03 
 4.046275e+00  3.725015e-03 
 4.046672e+00  3.738330e-03 
 4.047070e+00  3.752320e-03 
 4.047468e+00  3.766961e-03 
 4.047865e+00  3.782242e-03 
 4.048263e+00  3.798140e-03 
 4.048661e+00  3.814633e-03 
 4.049058e+00  3.831706e-03 
 4.049456e+00  3.849339e-03 
 4.049854e+00  3.867527e-03 
 4.050252e+00  3.886255e-03 
 4.050649e+00  3.905507e-03 
 4.051047e+00  3.925270e-03 
 4.051445e+00  3.945539e-03 
 4.051842e+00  3.966298e-03 
 4.052240e+00  3.987546e-03 
 4.052638e+00  4.009287e-03 
 4.053035e+00  4.031500e-03 
 4.053433e+00  4.054184e-03 
 4.053831e+00  4.077321e-03 
 4.054229e+00  4.100896e-03 
 4.054626e+00  4.124905e-03 
 4.055024e+00  4.149329e-03 
 4.055422e+00  4.174159e-03 
 4.055819e+00  4.199375e-03 
 4.056217e+00  4.224969e-03 
 4.056615e+00  4.250920e-03 
 4.057012e+00  4.277211e-03 
 4.057410e+00  4.303811e-03 
 4.057808e+00  4.330705e-03 
 4.058205e+00  4.357869e-03 
 4.058603e+00  4.385278e-03 
 4.059001e+00  4.412923e-03 
 4.059399e+00  4.440778e-03 
 4.059796e+00  4.468823e-03 
 4.060194e+00  4.497037e-03 
 4.060592e+00  4.525390e-03 
 4.060989e+00  4.553864e-03 
 4.061387e+00  4.582437e-03 
 4.061785e+00  4.611089e-03 
 4.062182e+00  4.639787e-03 
 4.062580e+00  4.668511e-03 
 4.062978e+00  4.697227e-03 
 4.063376e+00  4.725917e-03 
 4.063773e+00  4.754548e-03 
 4.064171e+00  4.783098e-03 
 4.064569e+00  4.811537e-03 
 4.064966e+00  4.839841e-03 
 4.065364e+00  4.867990e-03 
 4.065762e+00  4.895966e-03 
 4.066159e+00  4.923741e-03 
 4.066557e+00  4.951290e-03 
 4.066955e+00  4.978587e-03 
 4.067352e+00  5.005617e-03 
 4.067750e+00  5.032359e-03 
 4.068148e+00  5.058799e-03 
 4.068546e+00  5.084924e-03 
 4.068943e+00  5.110717e-03 
 4.069341e+00  5.136164e-03 
 4.069739e+00  5.161247e-03 
 4.070136e+00  5.185957e-03 
 4.070534e+00  5.210274e-03 
 4.070932e+00  5.234190e-03 
 4.071329e+00  5.257690e-03 
 4.071727e+00  5.280755e-03 
 4.072125e+00  5.303378e-03 
 4.072523e+00  5.325534e-03 
 4.072920e+00  5.347217e-03 
 4.073318e+00  5.368412e-03 
 4.073716e+00  5.389095e-03 
 4.074113e+00  5.409246e-03 
 4.074511e+00  5.428860e-03 
 4.074909e+00  5.447927e-03 
 4.075306e+00  5.466414e-03 
 4.075704e+00  5.484316e-03 
 4.076102e+00  5.501613e-03 
 4.076499e+00  5.518283e-03 
 4.076897e+00  5.534329e-03 
 4.077295e+00  5.549732e-03 
 4.077693e+00  5.564495e-03 
 4.078090e+00  5.578615e-03 
 4.078488e+00  5.592086e-03 
 4.078886e+00  5.604933e-03 
 4.079283e+00  5.617135e-03 
 4.079681e+00  5.628700e-03 
 4.080079e+00  5.639640e-03 
 4.080476e+00  5.649937e-03 
 4.080874e+00  5.659607e-03 
 4.081272e+00  5.668644e-03 
 4.081670e+00  5.677037e-03 
 4.082067e+00  5.684793e-03 
 4.082465e+00  5.691903e-03 
 4.082863e+00  5.698358e-03 
 4.083260e+00  5.704166e-03 
 4.083658e+00  5.709316e-03 
 4.084056e+00  5.713807e-03 
 4.084453e+00  5.717636e-03 
 4.084851e+00  5.720803e-03 
 4.085249e+00  5.723308e-03 
 4.085646e+00  5.725152e-03 
 4.086044e+00  5.726337e-03 
 4.086442e+00  5.726860e-03 
 4.086840e+00  5.726723e-03 
 4.087237e+00  5.725940e-03 
 4.087635e+00  5.724499e-03 
 4.088033e+00  5.722407e-03 
 4.088430e+00  5.719661e-03 
 4.088828e+00  5.716260e-03 
 4.089226e+00  5.712207e-03 
 4.089623e+00  5.707491e-03 
 4.090021e+00  5.702118e-03 
 4.090419e+00  5.696086e-03 
 4.090817e+00  5.689390e-03 
 4.091214e+00  5.682025e-03 
 4.091612e+00  5.674004e-03 
 4.092010e+00  5.665334e-03 
 4.092407e+00  5.656019e-03 
 4.092805e+00  5.646059e-03 
 4.093203e+00  5.635475e-03 
 4.093600e+00  5.624278e-03 
 4.093998e+00  5.612488e-03 
 4.094396e+00  5.600138e-03 
 4.094793e+00  5.587246e-03 
 4.095191e+00  5.573828e-03 
 4.095589e+00  5.559887e-03 
 4.095987e+00  5.545461e-03 
 4.096384e+00  5.530567e-03 
 4.096782e+00  5.515228e-03 
 4.097180e+00  5.499450e-03 
 4.097577e+00  5.483252e-03 
 4.097975e+00  5.466643e-03 
 4.098373e+00  5.449646e-03 
 4.098770e+00  5.432277e-03 
 4.099168e+00  5.414526e-03 
 4.099566e+00  5.396409e-03 
 4.099964e+00  5.377922e-03 
 4.100361e+00  5.359078e-03 
 4.100759e+00  5.339892e-03 
 4.101157e+00  5.320364e-03 
 4.101554e+00  5.300504e-03 
 4.101952e+00  5.280298e-03 
 4.102350e+00  5.259762e-03 
 4.102747e+00  5.238888e-03 
 4.103145e+00  5.217689e-03 
 4.103543e+00  5.196155e-03 
 4.103940e+00  5.174294e-03 
 4.104338e+00  5.152108e-03 
 4.104736e+00  5.129600e-03 
 4.105134e+00  5.106786e-03 
 4.105531e+00  5.083662e-03 
 4.105929e+00  5.060245e-03 
 4.106327e+00  5.036546e-03 
 4.106724e+00  5.012575e-03 
 4.107122e+00  4.988356e-03 
 4.107520e+00  4.963894e-03 
 4.107917e+00  4.939217e-03 
 4.108315e+00  4.914328e-03 
 4.108713e+00  4.889243e-03 
 4.109111e+00  4.863974e-03 
 4.109508e+00  4.838544e-03 
 4.109906e+00  4.812955e-03 
 4.110304e+00  4.787233e-03 
 4.110701e+00  4.761395e-03 
 4.111099e+00  4.735465e-03 
 4.111497e+00  4.709458e-03 
 4.111894e+00  4.683399e-03 
 4.112292e+00  4.657318e-03 
 4.112690e+00  4.631231e-03 
 4.113087e+00  4.605157e-03 
 4.113485e+00  4.579124e-03 
 4.113883e+00  4.553153e-03 
 4.114281e+00  4.527258e-03 
 4.114678e+00  4.501456e-03 
 4.115076e+00  4.475760e-03 
 4.115474e+00  4.450182e-03 
 4.115871e+00  4.424727e-03 
 4.116269e+00  4.399408e-03 
 4.116667e+00  4.374234e-03 
 4.117064e+00  4.349213e-03 
 4.117462e+00  4.324348e-03 
 4.117860e+00  4.299643e-03 
 4.118258e+00  4.275117e-03 
 4.118655e+00  4.250768e-03 
 4.119053e+00  4.226615e-03 
 4.119451e+00  4.202666e-03 
 4.119848e+00  4.178937e-03 
 4.120246e+00  4.155454e-03 
 4.120644e+00  4.132229e-03 
 4.121041e+00  4.109287e-03 
 4.121439e+00  4.086641e-03 
 4.121837e+00  4.064306e-03 
 4.122234e+00  4.042304e-03 
 4.122632e+00  4.020648e-03 
 4.123030e+00  3.999353e-03 
 4.123428e+00  3.978432e-03 
 4.123825e+00  3.957896e-03 
 4.124223e+00  3.937757e-03 
 4.124621e+00  3.918044e-03 
 4.125018e+00  3.898764e-03 
 4.125416e+00  3.879929e-03 
 4.125814e+00  3.861556e-03 
 4.126211e+00  3.843673e-03 
 4.126609e+00  3.826271e-03 
 4.127007e+00  3.809386e-03 
 4.127405e+00  3.793022e-03 
 4.127802e+00  3.777175e-03 
 4.128200e+00  3.761864e-03 
 4.128598e+00  3.747094e-03 
 4.128995e+00  3.732880e-03 
 4.129393e+00  3.719249e-03 
 4.129791e+00  3.706205e-03 
 4.130188e+00  3.693761e-03 
 4.130586e+00  3.681932e-03 
 4.130984e+00  3.670712e-03 
 4.131381e+00  3.660124e-03 
 4.131779e+00  3.650168e-03 
 4.132177e+00  3.640854e-03 
 4.132575e+00  3.632192e-03 
 4.132972e+00  3.624193e-03 
 4.133370e+00  3.616865e-03 
 4.133768e+00  3.610226e-03 
 4.134165e+00  3.604282e-03 
 4.134563e+00  3.599038e-03 
 4.134961e+00  3.594500e-03 
 4.135358e+00  3.590679e-03 
 4.135756e+00  3.587583e-03 
 4.136154e+00  3.585220e-03 
 4.136552e+00  3.583592e-03 
 4.136949e+00  3.582705e-03 
 4.137347e+00  3.582559e-03 
 4.137745e+00  3.583166e-03 
 4.138142e+00  3.584541e-03 
 4.138540e+00  3.586681e-03 
 4.138938e+00  3.589594e-03 
 4.139335e+00  3.593285e-03 
 4.139733e+00  3.597760e-03 
 4.140131e+00  3.603028e-03 
 4.140528e+00  3.609088e-03 
 4.140926e+00  3.615935e-03 
 4.141324e+00  3.623556e-03 
 4.141722e+00  3.631951e-03 
 4.142119e+00  3.641123e-03 
 4.142517e+00  3.651053e-03 
 4.142915e+00  3.661716e-03 
 4.143312e+00  3.673108e-03 
 4.143710e+00  3.685204e-03 
 4.144108e+00  3.697982e-03 
 4.144505e+00  3.711430e-03 
 4.144903e+00  3.725534e-03 
 4.145301e+00  3.740268e-03 
 4.145699e+00  3.755628e-03 
 4.146096e+00  3.771588e-03 
 4.146494e+00  3.788145e-03 
 4.146892e+00  3.805283e-03 
 4.147289e+00  3.822981e-03 
 4.147687e+00  3.841238e-03 
 4.148085e+00  3.860056e-03 
 4.148482e+00  3.879420e-03 
 4.148880e+00  3.899324e-03 
 4.149278e+00  3.919766e-03 
 4.149675e+00  3.940725e-03 
 4.150073e+00  3.962202e-03 
 4.150471e+00  3.984171e-03 
 4.150869e+00  4.006615e-03 
 4.151266e+00  4.029527e-03 
 4.151664e+00  4.052883e-03 
 4.152062e+00  4.076673e-03 
 4.152459e+00  4.100883e-03 
 4.152857e+00  4.125497e-03 
 4.153255e+00  4.150500e-03 
 4.153652e+00  4.175871e-03 
 4.154050e+00  4.201600e-03 
 4.154448e+00  4.227663e-03 
 4.154846e+00  4.254048e-03 
 4.155243e+00  4.280713e-03 
 4.155641e+00  4.307658e-03 
 4.156039e+00  4.334849e-03 
 4.156436e+00  4.362265e-03 
 4.156834e+00  4.389884e-03 
 4.157232e+00  4.417682e-03 
 4.157629e+00  4.445634e-03 
 4.158027e+00  4.473718e-03 
 4.158425e+00  4.501901e-03 
 4.158822e+00  4.530161e-03 
 4.159220e+00  4.558459e-03 
 4.159618e+00  4.586773e-03 
 4.160016e+00  4.615075e-03 
 4.160413e+00  4.643335e-03 
 4.160811e+00  4.671522e-03 
 4.161209e+00  4.699622e-03 
 4.161606e+00  4.727603e-03 
 4.162004e+00  4.755456e-03 
 4.162402e+00  4.783153e-03 
 4.162799e+00  4.810682e-03 
 4.163197e+00  4.838016e-03 
 4.163595e+00  4.865140e-03 
 4.163993e+00  4.892046e-03 
 4.164390e+00  4.918722e-03 
 4.164788e+00  4.945151e-03 
 4.165186e+00  4.971316e-03 
 4.165583e+00  4.997203e-03 
 4.165981e+00  5.022808e-03 
 4.166379e+00  5.048117e-03 
 4.166776e+00  5.073124e-03 
 4.167174e+00  5.097815e-03 
 4.167572e+00  5.122179e-03 
 4.167969e+00  5.146204e-03 
 4.168367e+00  5.169881e-03 
 4.168765e+00  5.193203e-03 
 4.169163e+00  5.216145e-03 
 4.169560e+00  5.238685e-03 
 4.169958e+00  5.260810e-03 
 4.170356e+00  5.282501e-03 
 4.170753e+00  5.303744e-03 
 4.171151e+00  5.324528e-03 
 4.171549e+00  5.344844e-03 
 4.171946e+00  5.364687e-03 
 4.172344e+00  5.384036e-03 
 4.172742e+00  5.402891e-03 
 4.173140e+00  5.421242e-03 
 4.173537e+00  5.439095e-03 
 4.173935e+00  5.456431e-03 
 4.174333e+00  5.473251e-03 
 4.174730e+00  5.489553e-03 
 4.175128e+00  5.505327e-03 
 4.175526e+00  5.520574e-03 
 4.175923e+00  5.535289e-03 
 4.176321e+00  5.549466e-03 
 4.176719e+00  5.563095e-03 
 4.177116e+00  5.576164e-03 
 4.177514e+00  5.588666e-03 
 4.177912e+00  5.600588e-03 
 4.178310e+00  5.611916e-03 
 4.178707e+00  5.622644e-03 
 4.179105e+00  5.632757e-03 
 4.179503e+00  5.642245e-03 
 4.179900e+00  5.651113e-03 
 4.180298e+00  5.659355e-03 
 4.180696e+00  5.666970e-03 
 4.181093e+00  5.673960e-03 
 4.181491e+00  5.680332e-03 
 4.181889e+00  5.686095e-03 
 4.182287e+00  5.691239e-03 
 4.182684e+00  5.695762e-03 
 4.183082e+00  5.699658e-03 
 4.183480e+00  5.702925e-03 
 4.183877e+00  5.705560e-03 
 4.184275e+00  5.707558e-03 
 4.184673e+00  5.708922e-03 
 4.185070e+00  5.709648e-03 
 4.185468e+00  5.709733e-03 
 4.185866e+00  5.709187e-03 
 4.186263e+00  5.708001e-03 
 4.186661e+00  5.706178e-03 
 4.187059e+00  5.703722e-03 
 4.187457e+00  5.700641e-03 
 4.187854e+00  5.696937e-03 
 4.188252e+00  5.692627e-03 
 4.188650e+00  5.687713e-03 
 4.189047e+00  5.682196e-03 
 4.189445e+00  5.676103e-03 
 4.189843e+00  5.669440e-03 
 4.190240e+00  5.662220e-03 
 4.190638e+00  5.654468e-03 
 4.191036e+00  5.646177e-03 
 4.191434e+00  5.637363e-03 
 4.191831e+00  5.628040e-03 
 4.192229e+00  5.618221e-03 
 4.192627e+00  5.607909e-03 
 4.193024e+00  5.597100e-03 
 4.193422e+00  5.585810e-03 
 4.193820e+00  5.574041e-03 
 4.194217e+00  5.561793e-03 
 4.194615e+00  5.549071e-03 
 4.195013e+00  5.535875e-03 
 4.195410e+00  5.522196e-03 
 4.195808e+00  5.508029e-03 
 4.196206e+00  5.493382e-03 
 4.196604e+00  5.478242e-03 
 4.197001e+00  5.462608e-03 
 4.197399e+00  5.446475e-03 
 4.197797e+00  5.429834e-03 
 4.198194e+00  5.412690e-03 
 4.198592e+00  5.395039e-03 
 4.198990e+00  5.376873e-03 
 4.199387e+00  5.358206e-03 
 4.199785e+00  5.339049e-03 
 4.200183e+00  5.319402e-03 
 4.200581e+00  5.299278e-03 
 4.200978e+00  5.278691e-03 
 4.201376e+00  5.257649e-03 
 4.201774e+00  5.236166e-03 
 4.202171e+00  5.214260e-03 
 4.202569e+00  5.191940e-03 
 4.202967e+00  5.169225e-03 
 4.203364e+00  5.146128e-03 
 4.203762e+00  5.122671e-03 
 4.204160e+00  5.098877e-03 
 4.204557e+00  5.074764e-03 
 4.204955e+00  5.050350e-03 
 4.205353e+00  5.025653e-03 
 4.205751e+00  5.000693e-03 
 4.206148e+00  4.975489e-03 
 4.206546e+00  4.950060e-03 
 4.206944e+00  4.924428e-03 
 4.207341e+00  4.898609e-03 
 4.207739e+00  4.872626e-03 
 4.208137e+00  4.846500e-03 
 4.208534e+00  4.820262e-03 
 4.208932e+00  4.793923e-03 
 4.209330e+00  4.767490e-03 
 4.209728e+00  4.740989e-03 
 4.210125e+00  4.714425e-03 
 4.210523e+00  4.687807e-03 
 4.210921e+00  4.661145e-03 
 4.211318e+00  4.634442e-03 
 4.211716e+00  4.607702e-03 
 4.212114e+00  4.580925e-03 
 4.212511e+00  4.554128e-03 
 4.212909e+00  4.527318e-03 
 4.213307e+00  4.500499e-03 
 4.213704e+00  4.473690e-03 
 4.214102e+00  4.446907e-03 
 4.214500e+00  4.420164e-03 
 4.214898e+00  4.393472e-03 
 4.215295e+00  4.366855e-03 
 4.215693e+00  4.340343e-03 
 4.216091e+00  4.313951e-03 
 4.216488e+00  4.287697e-03 
 4.216886e+00  4.261616e-03 
 4.217284e+00  4.235739e-03 
 4.217681e+00  4.210079e-03 
 4.218079e+00  4.184669e-03 
 4.218477e+00  4.159537e-03 
 4.218875e+00  4.134712e-03 
 4.219272e+00  4.110207e-03 
 4.219670e+00  4.086054e-03 
 4.220068e+00  4.062273e-03 
 4.220465e+00  4.038895e-03 
 4.220863e+00  4.015922e-03 
 4.221261e+00  3.993383e-03 
 4.221658e+00  3.971296e-03 
 4.222056e+00  3.949659e-03 
 4.222454e+00  3.928496e-03 
 4.222851e+00  3.907822e-03 
 4.223249e+00  3.887661e-03 
 4.223647e+00  3.868034e-03 
 4.224045e+00  3.848937e-03 
 4.224442e+00  3.830387e-03 
 4.224840e+00  3.812404e-03 
 4.225238e+00  3.794983e-03 
 4.225635e+00  3.778134e-03 
 4.226033e+00  3.761867e-03 
 4.226431e+00  3.746193e-03 
 4.226828e+00  3.731121e-03 
 4.227226e+00  3.716672e-03 
 4.227624e+00  3.702864e-03 
 4.228022e+00  3.689700e-03 
 4.228419e+00  3.677189e-03 
 4.228817e+00  3.665342e-03 
 4.229215e+00  3.654165e-03 
 4.229612e+00  3.643668e-03 
 4.230010e+00  3.633861e-03 
 4.230408e+00  3.624756e-03 
 4.230805e+00  3.616364e-03 
 4.231203e+00  3.608695e-03 
 4.231601e+00  3.601753e-03 
 4.231998e+00  3.595557e-03 
 4.232396e+00  3.590113e-03 
 4.232794e+00  3.585428e-03 
 4.233192e+00  3.581512e-03 
 4.233589e+00  3.578381e-03 
 4.233987e+00  3.576035e-03 
 4.234385e+00  3.574482e-03 
 4.234782e+00  3.573732e-03 
 4.235180e+00  3.573785e-03 
 4.235578e+00  3.574647e-03 
 4.235975e+00  3.576317e-03 
 4.236373e+00  3.578798e-03 
 4.236771e+00  3.582084e-03 
 4.237169e+00  3.586167e-03 
 4.237566e+00  3.591045e-03 
 4.237964e+00  3.596686e-03 
 4.238362e+00  3.603070e-03 
 4.238759e+00  3.610176e-03 
 4.239157e+00  3.617997e-03 
 4.239555e+00  3.626512e-03 
 4.239952e+00  3.635695e-03 
 4.240350e+00  3.645524e-03 
 4.240748e+00  3.655996e-03 
 4.241145e+00  3.667091e-03 
 4.241543e+00  3.678802e-03 
 4.241941e+00  3.691131e-03 
 4.242339e+00  3.704073e-03 
 4.242736e+00  3.717614e-03 
 4.243134e+00  3.731761e-03 
 4.243532e+00  3.746518e-03 
 4.243929e+00  3.761878e-03 
 4.244327e+00  3.777825e-03 
 4.244725e+00  3.794360e-03 
 4.245122e+00  3.811479e-03 
 4.245520e+00  3.829182e-03 
 4.245918e+00  3.847454e-03 
 4.246316e+00  3.866293e-03 
 4.246713e+00  3.885691e-03 
 4.247111e+00  3.905626e-03 
 4.247509e+00  3.926088e-03 
 4.247906e+00  3.947062e-03 
 4.248304e+00  3.968537e-03 
 4.248702e+00  3.990506e-03 
 4.249099e+00  4.012946e-03 
 4.249497e+00  4.035844e-03 
 4.249895e+00  4.059178e-03 
 4.250292e+00  4.082930e-03 
 4.250690e+00  4.107072e-03 
 4.251088e+00  4.131585e-03 
 4.251486e+00  4.156440e-03 
 4.251883e+00  4.181613e-03 
 4.252281e+00  4.207084e-03 
 4.252679e+00  4.232818e-03 
 4.253076e+00  4.258779e-03 
 4.253474e+00  4.284937e-03 
 4.253872e+00  4.311254e-03 
 4.254269e+00  4.337707e-03 
 4.254667e+00  4.364265e-03 
 4.255065e+00  4.390906e-03 
 4.255463e+00  4.417603e-03 
 4.255860e+00  4.444337e-03 
 4.256258e+00  4.471091e-03 
 4.256656e+00  4.497835e-03 
 4.257053e+00  4.524553e-03 
 4.257451e+00  4.551224e-03 
 4.257849e+00  4.577838e-03 
 4.258246e+00  4.604382e-03 
 4.258644e+00  4.630847e-03 
 4.259042e+00  4.657229e-03 
 4.259439e+00  4.683528e-03 
 4.259837e+00  4.709734e-03 
 4.260235e+00  4.735847e-03 
 4.260633e+00  4.761861e-03 
 4.261030e+00  4.787773e-03 
 4.261428e+00  4.813583e-03 
 4.261826e+00  4.839286e-03 
 4.262223e+00  4.864875e-03 
 4.262621e+00  4.890343e-03 
 4.263019e+00  4.915679e-03 
 4.263416e+00  4.940867e-03 
 4.263814e+00  4.965900e-03 
 4.264212e+00  4.990764e-03 
 4.264610e+00  5.015439e-03 
 4.265007e+00  5.039910e-03 
 4.265405e+00  5.064159e-03 
 4.265803e+00  5.088162e-03 
 4.266200e+00  5.111901e-03 
 4.266598e+00  5.135352e-03 
 4.266996e+00  5.158498e-03 
 4.267393e+00  5.181320e-03 
 4.267791e+00  5.203792e-03 
 4.268189e+00  5.225902e-03 
 4.268586e+00  5.247639e-03 
 4.268984e+00  5.268986e-03 
 4.269382e+00  5.289932e-03 
 4.269780e+00  5.310467e-03 
 4.270177e+00  5.330589e-03 
 4.270575e+00  5.350280e-03 
 4.270973e+00  5.369538e-03 
 4.271370e+00  5.388345e-03 
 4.271768e+00  5.406687e-03 
 4.272166e+00  5.424558e-03 
 4.272563e+00  5.441938e-03 
 4.272961e+00  5.458817e-03 
 4.273359e+00  5.475183e-03 
 4.273757e+00  5.491032e-03 
 4.274154e+00  5.506360e-03 
 4.274552e+00  5.521166e-03 
 4.274950e+00  5.535452e-03 
 4.275347e+00  5.549214e-03 
 4.275745e+00  5.562446e-03 
 4.276143e+00  5.575154e-03 
 4.276540e+00  5.587337e-03 
 4.276938e+00  5.598991e-03 
 4.277336e+00  5.610105e-03 
 4.277733e+00  5.620688e-03 
 4.278131e+00  5.630740e-03 
 4.278529e+00  5.640257e-03 
 4.278927e+00  5.649241e-03 
 4.279324e+00  5.657685e-03 
 4.279722e+00  5.665577e-03 
 4.280120e+00  5.672906e-03 
 4.280517e+00  5.679659e-03 
 4.280915e+00  5.685826e-03 
 4.281313e+00  5.691401e-03 
 4.281710e+00  5.696379e-03 
 4.282108e+00  5.700740e-03 
 4.282506e+00  5.704489e-03 
 4.282904e+00  5.707625e-03 
 4.283301e+00  5.710138e-03 
 4.283699e+00  5.712028e-03 
 4.284097e+00  5.713291e-03 
 4.284494e+00  5.713929e-03 
 4.284892e+00  5.713945e-03 
 4.285290e+00  5.713342e-03 
 4.285687e+00  5.712125e-03 
 4.286085e+00  5.710289e-03 
 4.286483e+00  5.707831e-03 
 4.286880e+00  5.704764e-03 
 4.287278e+00  5.701085e-03 
 4.287676e+00  5.696798e-03 
 4.288074e+00  5.691910e-03 
 4.288471e+00  5.686421e-03 
 4.288869e+00  5.680335e-03 
 4.289267e+00  5.673652e-03 
 4.289664e+00  5.666372e-03 
 4.290062e+00  5.658497e-03 
 4.290460e+00  5.650016e-03 
 4.290857e+00  5.640934e-03 
 4.291255e+00  5.631251e-03 
 4.291653e+00  5.620961e-03 
 4.292051e+00  5.610056e-03 
 4.292448e+00  5.598535e-03 
 4.292846e+00  5.586400e-03 
 4.293244e+00  5.573644e-03 
 4.293641e+00  5.560276e-03 
 4.294039e+00  5.546295e-03 
 4.294437e+00  5.531697e-03 
 4.294834e+00  5.516487e-03 
 4.295232e+00  5.500660e-03 
 4.295630e+00  5.484232e-03 
 4.296027e+00  5.467212e-03 
 4.296425e+00  5.449606e-03 
 4.296823e+00  5.431432e-03 
 4.297221e+00  5.412701e-03 
 4.297618e+00  5.393436e-03 
 4.298016e+00  5.373661e-03 
 4.298414e+00  5.353387e-03 
 4.298811e+00  5.332623e-03 
 4.299209e+00  5.311380e-03 
 4.299607e+00  5.289668e-03 
 4.300004e+00  5.267516e-03 
 4.300402e+00  5.244936e-03 
 4.300800e+00  5.221945e-03 
 4.301198e+00  5.198560e-03 
 4.301595e+00  5.174797e-03 
 4.301993e+00  5.150676e-03 
 4.302391e+00  5.126220e-03 
 4.302788e+00  5.101458e-03 
 4.303186e+00  5.076408e-03 
 4.303584e+00  5.051085e-03 
 4.303981e+00  5.025522e-03 
 4.304379e+00  4.999739e-03 
 4.304777e+00  4.973747e-03 
 4.305174e+00  4.947561e-03 
 4.305572e+00  4.921189e-03 
 4.305970e+00  4.894643e-03 
 4.306368e+00  4.867927e-03 
 4.306765e+00  4.841054e-03 
 4.307163e+00  4.814040e-03 
 4.307561e+00  4.786890e-03 
 4.307958e+00  4.759603e-03 
 4.308356e+00  4.732185e-03 
 4.308754e+00  4.704640e-03 
 4.309151e+00  4.676982e-03 
 4.309549e+00  4.649220e-03 
 4.309947e+00  4.621372e-03 
 4.310345e+00  4.593459e-03 
 4.310742e+00  4.565501e-03 
 4.311140e+00  4.537523e-03 
 4.311538e+00  4.509551e-03 
 4.311935e+00  4.481606e-03 
 4.312333e+00  4.453716e-03 
 4.312731e+00  4.425902e-03 
 4.313128e+00  4.398195e-03 
 4.313526e+00  4.370623e-03 
 4.313924e+00  4.343215e-03 
 4.314321e+00  4.315994e-03 
 4.314719e+00  4.288984e-03 
 4.315117e+00  4.262207e-03 
 4.315515e+00  4.235693e-03 
 4.315912e+00  4.209464e-03 
 4.316310e+00  4.183554e-03 
 4.316708e+00  4.157987e-03 
 4.317105e+00  4.132777e-03 
 4.317503e+00  4.107951e-03 
 4.317901e+00  4.083531e-03 
 4.318298e+00  4.059539e-03 
 4.318696e+00  4.035993e-03 
 4.319094e+00  4.012914e-03 
 4.319492e+00  3.990312e-03 
 4.319889e+00  3.968204e-03 
 4.320287e+00  3.946615e-03 
 4.320685e+00  3.925546e-03 
 4.321082e+00  3.905021e-03 
 4.321480e+00  3.885042e-03 
 4.321878e+00  3.865624e-03 
 4.322275e+00  3.846788e-03 
 4.322673e+00  3.828547e-03 
 4.323071e+00  3.810905e-03 
 4.323468e+00  3.793878e-03 
 4.323866e+00  3.777458e-03 
 4.324264e+00  3.761658e-03 
 4.324662e+00  3.746489e-03 
 4.325059e+00  3.731960e-03 
 4.325457e+00  3.718076e-03 
 4.325855e+00  3.704853e-03 
 4.326252e+00  3.692306e-03 
 4.326650e+00  3.680439e-03 
 4.327048e+00  3.669254e-03 
 4.327445e+00  3.658755e-03 
 4.327843e+00  3.648946e-03 
 4.328241e+00  3.639840e-03 
 4.328639e+00  3.631440e-03 
 4.329036e+00  3.623771e-03 
 4.329434e+00  3.616843e-03 
 4.329832e+00  3.610658e-03 
 4.330229e+00  3.605231e-03 
 4.330627e+00  3.600574e-03 
 4.331025e+00  3.596691e-03 
 4.331422e+00  3.593574e-03 
 4.331820e+00  3.591226e-03 
 4.332218e+00  3.589644e-03 
 4.332615e+00  3.588818e-03 
 4.333013e+00  3.588747e-03 
 4.333411e+00  3.589414e-03 
 4.333809e+00  3.590810e-03 
 4.334206e+00  3.592919e-03 
 4.334604e+00  3.595721e-03 
 4.335002e+00  3.599211e-03 
 4.335399e+00  3.603382e-03 
 4.335797e+00  3.608220e-03 
 4.336195e+00  3.613710e-03 
 4.336592e+00  3.619846e-03 
 4.336990e+00  3.626622e-03 
 4.337388e+00  3.634037e-03 
 4.337786e+00  3.642096e-03 
 4.338183e+00  3.650791e-03 
 4.338581e+00  3.660120e-03 
 4.338979e+00  3.670077e-03 
 4.339376e+00  3.680668e-03 
 4.339774e+00  3.691893e-03 
 4.340172e+00  3.703738e-03 
 4.340569e+00  3.716195e-03 
 4.340967e+00  3.729256e-03 
 4.341365e+00  3.742910e-03 
 4.341762e+00  3.757157e-03 
 4.342160e+00  3.771991e-03 
 4.342558e+00  3.787397e-03 
 4.342956e+00  3.803358e-03 
 4.343353e+00  3.819859e-03 
 4.343751e+00  3.836899e-03 
 4.344149e+00  3.854470e-03 
 4.344546e+00  3.872553e-03 
 4.344944e+00  3.891139e-03 
 4.345342e+00  3.910210e-03 
 4.345739e+00  3.929753e-03 
 4.346137e+00  3.949744e-03 
 4.346535e+00  3.970173e-03 
 4.346933e+00  3.991016e-03 
 4.347330e+00  4.012242e-03 
 4.347728e+00  4.033842e-03 
 4.348126e+00  4.055799e-03 
 4.348523e+00  4.078089e-03 
 4.348921e+00  4.100693e-03 
 4.349319e+00  4.123588e-03 
 4.349716e+00  4.146757e-03 
 4.350114e+00  4.170171e-03 
 4.350512e+00  4.193811e-03 
 4.350909e+00  4.217657e-03 
 4.351307e+00  4.241697e-03 
 4.351705e+00  4.265914e-03 
 4.352103e+00  4.290296e-03 
 4.352500e+00  4.314834e-03 
 4.352898e+00  4.339518e-03 
 4.353296e+00  4.364336e-03 
 4.353693e+00  4.389283e-03 
 4.354091e+00  4.414352e-03 
 4.354489e+00  4.439545e-03 
 4.354886e+00  4.464848e-03 
 4.355284e+00  4.490260e-03 
 4.355682e+00  4.515776e-03 
 4.356080e+00  4.541385e-03 
 4.356477e+00  4.567079e-03 
 4.356875e+00  4.592848e-03 
 4.357273e+00  4.618691e-03 
 4.357670e+00  4.644602e-03 
 4.358068e+00  4.670557e-03 
 4.358466e+00  4.696555e-03 
 4.358863e+00  4.722574e-03 
 4.359261e+00  4.748597e-03 
 4.359659e+00  4.774604e-03 
 4.360056e+00  4.800575e-03 
 4.360454e+00  4.826487e-03 
 4.360852e+00  4.852309e-03 
 4.361250e+00  4.878022e-03 
 4.361647e+00  4.903614e-03 
 4.362045e+00  4.929055e-03 
 4.362443e+00  4.954322e-03 
 4.362840e+00  4.979389e-03 
 4.363238e+00  5.004236e-03 
 4.363636e+00  5.028844e-03 
 4.364033e+00  5.053199e-03 
 4.364431e+00  5.077282e-03 
 4.364829e+00  5.101070e-03 
 4.365227e+00  5.124553e-03 
 4.365624e+00  5.147722e-03 
 4.366022e+00  5.170567e-03 
 4.366420e+00  5.193076e-03 
 4.366817e+00  5.215236e-03 
 4.367215e+00  5.237034e-03 
 4.367613e+00  5.258461e-03 
 4.368010e+00  5.279507e-03 
 4.368408e+00  5.300171e-03 
 4.368806e+00  5.320447e-03 
 4.369203e+00  5.340311e-03 
 4.369601e+00  5.359757e-03 
 4.369999e+00  5.378789e-03 
 4.370397e+00  5.397414e-03 
 4.370794e+00  5.415613e-03 
 4.371192e+00  5.433383e-03 
 4.371590e+00  5.450739e-03 
 4.371987e+00  5.467662e-03 
 4.372385e+00  5.484154e-03 
 4.372783e+00  5.500222e-03 
 4.373180e+00  5.515855e-03 
 4.373578e+00  5.531038e-03 
 4.373976e+00  5.545772e-03 
 4.374374e+00  5.560054e-03 
 4.374771e+00  5.573860e-03 
 4.375169e+00  5.587176e-03 
 4.375567e+00  5.599978e-03 
 4.375964e+00  5.612248e-03 
 4.376362e+00  5.623981e-03 
 4.376760e+00  5.635158e-03 
 4.377157e+00  5.645775e-03 
 4.377555e+00  5.655816e-03 
 4.377953e+00  5.665271e-03 
 4.378350e+00  5.674112e-03 
 4.378748e+00  5.682333e-03 
 4.379146e+00  5.689920e-03 
 4.379544e+00  5.696866e-03 
 4.379941e+00  5.703167e-03 
 4.380339e+00  5.708814e-03 
 4.380737e+00  5.713806e-03 
 4.381134e+00  5.718152e-03 
 4.381532e+00  5.721847e-03 
 4.381930e+00  5.724885e-03 
 4.382327e+00  5.727261e-03 
 4.382725e+00  5.728980e-03 
 4.383123e+00  5.730043e-03 
 4.383521e+00  5.730443e-03 
 4.383918e+00  5.730190e-03 
 4.384316e+00  5.729275e-03 
 4.384714e+00  5.727696e-03 
 4.385111e+00  5.725454e-03 
 4.385509e+00  5.722554e-03 
 4.385907e+00  5.718989e-03 
 4.386304e+00  5.714754e-03 
 4.386702e+00  5.709841e-03 
 4.387100e+00  5.704247e-03 
 4.387497e+00  5.697967e-03 
 4.387895e+00  5.691001e-03 
 4.388293e+00  5.683341e-03 
 4.388691e+00  5.674986e-03 
 4.389088e+00  5.665933e-03 
 4.389486e+00  5.656182e-03 
 4.389884e+00  5.645738e-03 
 4.390281e+00  5.634610e-03 
 4.390679e+00  5.622793e-03 
 4.391077e+00  5.610291e-03 
 4.391474e+00  5.597123e-03 
 4.391872e+00  5.583306e-03 
 4.392270e+00  5.568845e-03 
 4.392668e+00  5.553756e-03 
 4.393065e+00  5.538046e-03 
 4.393463e+00  5.521730e-03 
 4.393861e+00  5.504829e-03 
 4.394258e+00  5.487351e-03 
 4.394656e+00  5.469304e-03 
 4.395054e+00  5.450710e-03 
 4.395451e+00  5.431578e-03 
 4.395849e+00  5.411929e-03 
 4.396247e+00  5.391785e-03 
 4.396644e+00  5.371153e-03 
 4.397042e+00  5.350053e-03 
 4.397440e+00  5.328499e-03 
 4.397838e+00  5.306512e-03 
 4.398235e+00  5.284122e-03 
 4.398633e+00  5.261337e-03 
 4.399031e+00  5.238180e-03 
 4.399428e+00  5.214675e-03 
 4.399826e+00  5.190829e-03 
 4.400224e+00  5.166654e-03 
 4.400621e+00  5.142164e-03 
 4.401019e+00  5.117370e-03 
 4.401417e+00  5.092282e-03 
 4.401815e+00  5.066896e-03 
 4.402212e+00  5.041219e-03 
 4.402610e+00  5.015254e-03 
 4.403008e+00  4.989008e-03 
 4.403405e+00  4.962485e-03 
 4.403803e+00  4.935692e-03 
 4.404201e+00  4.908636e-03 
 4.404598e+00  4.881330e-03 
 4.404996e+00  4.853791e-03 
 4.405394e+00  4.826043e-03 
 4.405791e+00  4.798111e-03 
 4.406189e+00  4.770010e-03 
 4.406587e+00  4.741769e-03 
 4.406985e+00  4.713409e-03 
 4.407382e+00  4.684960e-03 
 4.407780e+00  4.656452e-03 
 4.408178e+00  4.627918e-03 
 4.408575e+00  4.599375e-03 
 4.408973e+00  4.570862e-03 
 4.409371e+00  4.542409e-03 
 4.409768e+00  4.514041e-03 
 4.410166e+00  4.485794e-03 
 4.410564e+00  4.457689e-03 
 4.410962e+00  4.429757e-03 
 4.411359e+00  4.402021e-03 
 4.411757e+00  4.374510e-03 
 4.412155e+00  4.347255e-03 
 4.412552e+00  4.320274e-03 
 4.412950e+00  4.293582e-03 
 4.413348e+00  4.267212e-03 
 4.413745e+00  4.241190e-03 
 4.414143e+00  4.215538e-03 
 4.414541e+00  4.190270e-03 
 4.414938e+00  4.165401e-03 
 4.415336e+00  4.140955e-03 
 4.415734e+00  4.116927e-03 
 4.416132e+00  4.093343e-03 
 4.416529e+00  4.070214e-03 
 4.416927e+00  4.047549e-03 
 4.417325e+00  4.025356e-03 
 4.417722e+00  4.003642e-03 
 4.418120e+00  3.982421e-03 
 4.418518e+00  3.961689e-03 
 4.418915e+00  3.941458e-03 
 4.419313e+00  3.921726e-03 
 4.419711e+00  3.902505e-03 
 4.420109e+00  3.883789e-03 
 4.420506e+00  3.865605e-03 
 4.420904e+00  3.847951e-03 
 4.421302e+00  3.830833e-03 
 4.421699e+00  3.814269e-03 
 4.422097e+00  3.798260e-03 
 4.422495e+00  3.782811e-03 
 4.422892e+00  3.767949e-03 
 4.423290e+00  3.753676e-03 
 4.423688e+00  3.740011e-03 
 4.424085e+00  3.726968e-03 
 4.424483e+00  3.714570e-03 
 4.424881e+00  3.702833e-03 
 4.425279e+00  3.691767e-03 
 4.425676e+00  3.681385e-03 
 4.426074e+00  3.671697e-03 
 4.426472e+00  3.662707e-03 
 4.426869e+00  3.654431e-03 
 4.427267e+00  3.646866e-03 
 4.427665e+00  3.640016e-03 
 4.428062e+00  3.633882e-03 
 4.428460e+00  3.628461e-03 
 4.428858e+00  3.623750e-03 
 4.429256e+00  3.619749e-03 
 4.429653e+00  3.616448e-03 
 4.430051e+00  3.613835e-03 
 4.430449e+00  3.611894e-03 
 4.430846e+00  3.610620e-03 
 4.431244e+00  3.610009e-03 
 4.431642e+00  3.610050e-03 
 4.432039e+00  3.610750e-03 
 4.432437e+00  3.612105e-03 
 4.432835e+00  3.614106e-03 
 4.433232e+00  3.616749e-03 
 4.433630e+00  3.620039e-03 
 4.434028e+00  3.623975e-03 
 4.434426e+00  3.628548e-03 
 4.434823e+00  3.633751e-03 
 4.435221e+00  3.639586e-03 
 4.435619e+00  3.646050e-03 
 4.436016e+00  3.653147e-03 
 4.436414e+00  3.660872e-03 
 4.436812e+00  3.669216e-03 
 4.437209e+00  3.678172e-03 
 4.437607e+00  3.687741e-03 
 4.438005e+00  3.697915e-03 
 4.438403e+00  3.708687e-03 
 4.438800e+00  3.720051e-03 
 4.439198e+00  3.732000e-03 
 4.439596e+00  3.744530e-03 
 4.439993e+00  3.757638e-03 
 4.440391e+00  3.771318e-03 
 4.440789e+00  3.785568e-03 
 4.441186e+00  3.800372e-03 
 4.441584e+00  3.815717e-03 
 4.441982e+00  3.831589e-03 
 4.442379e+00  3.847978e-03 
 4.442777e+00  3.864867e-03 
 4.443175e+00  3.882240e-03 
 4.443573e+00  3.900084e-03 
 4.443970e+00  3.918372e-03 
 4.444368e+00  3.937094e-03 
 4.444766e+00  3.956230e-03 
 4.445163e+00  3.975755e-03 
 4.445561e+00  3.995661e-03 
 4.445959e+00  4.015926e-03 
 4.446356e+00  4.036542e-03 
 4.446754e+00  4.057498e-03 
 4.447152e+00  4.078783e-03 
 4.447550e+00  4.100389e-03 
 4.447947e+00  4.122301e-03 
 4.448345e+00  4.144505e-03 
 4.448743e+00  4.166999e-03 
 4.449140e+00  4.189767e-03 
 4.449538e+00  4.212808e-03 
 4.449936e+00  4.236122e-03 
 4.450333e+00  4.259702e-03 
 4.450731e+00  4.283535e-03 
 4.451129e+00  4.307619e-03 
 4.451526e+00  4.331946e-03 
 4.451924e+00  4.356506e-03 
 4.452322e+00  4.381289e-03 
 4.452720e+00  4.406286e-03 
 4.453117e+00  4.431492e-03 
 4.453515e+00  4.456884e-03 
 4.453913e+00  4.482456e-03 
 4.454310e+00  4.508192e-03 
 4.454708e+00  4.534069e-03 
 4.455106e+00  4.560070e-03 
 4.455503e+00  4.586173e-03 
 4.455901e+00  4.612365e-03 
 4.456299e+00  4.638613e-03 
 4.456697e+00  4.664894e-03 
 4.457094e+00  4.691190e-03 
 4.457492e+00  4.717472e-03 
 4.457890e+00  4.743714e-03 
 4.458287e+00  4.769898e-03 
 4.458685e+00  4.796009e-03 
 4.459083e+00  4.822018e-03 
 4.459480e+00  4.847910e-03 
 4.459878e+00  4.873666e-03 
 4.460276e+00  4.899276e-03 
 4.460673e+00  4.924721e-03 
 4.461071e+00  4.949985e-03 
 4.461469e+00  4.975056e-03 
 4.461867e+00  4.999922e-03 
 4.462264e+00  5.024568e-03 
 4.462662e+00  5.048985e-03 
 4.463060e+00  5.073158e-03 
 4.463457e+00  5.097075e-03 
 4.463855e+00  5.120720e-03 
 4.464253e+00  5.144090e-03 
 4.464650e+00  5.167177e-03 
 4.465048e+00  5.189972e-03 
 4.465446e+00  5.212472e-03 
 4.465844e+00  5.234671e-03 
 4.466241e+00  5.256555e-03 
 4.466639e+00  5.278122e-03 
 4.467037e+00  5.299370e-03 
 4.467434e+00  5.320286e-03 
 4.467832e+00  5.340869e-03 
 4.468230e+00  5.361117e-03 
 4.468627e+00  5.381026e-03 
 4.469025e+00  5.400584e-03 
 4.469423e+00  5.419770e-03 
 4.469820e+00  5.438586e-03 
 4.470218e+00  5.456997e-03 
 4.470616e+00  5.474994e-03 
 4.471014e+00  5.492557e-03 
 4.471411e+00  5.509653e-03 
 4.471809e+00  5.526277e-03 
 4.472207e+00  5.542398e-03 
 4.472604e+00  5.558002e-03 
 4.473002e+00  5.573076e-03 
 4.473400e+00  5.587591e-03 
 4.473797e+00  5.601525e-03 
 4.474195e+00  5.614859e-03 
 4.474593e+00  5.627581e-03 
 4.474991e+00  5.639681e-03 
 4.475388e+00  5.651144e-03 
 4.475786e+00  5.661964e-03 
 4.476184e+00  5.672134e-03 
 4.476581e+00  5.681651e-03 
 4.476979e+00  5.690500e-03 
 4.477377e+00  5.698680e-03 
 4.477774e+00  5.706183e-03 
 4.478172e+00  5.713012e-03 
 4.478570e+00  5.719168e-03 
 4.478967e+00  5.724635e-03 
 4.479365e+00  5.729426e-03 
 4.479763e+00  5.733526e-03 
 4.480161e+00  5.736934e-03 
 4.480558e+00  5.739648e-03 
 4.480956e+00  5.741661e-03 
 4.481354e+00  5.742967e-03 
 4.481751e+00  5.743564e-03 
 4.482149e+00  5.743456e-03 
 4.482547e+00  5.742638e-03 
 4.482944e+00  5.741100e-03 
 4.483342e+00  5.738847e-03 
 4.483740e+00  5.735885e-03 
 4.484138e+00  5.732210e-03 
 4.484535e+00  5.727819e-03 
 4.484933e+00  5.722719e-03 
 4.485331e+00  5.716902e-03 
 4.485728e+00  5.710369e-03 
 4.486126e+00  5.703131e-03 
 4.486524e+00  5.695195e-03 
 4.486921e+00  5.686570e-03 
 4.487319e+00  5.677255e-03 
 4.487717e+00  5.667264e-03 
 4.488114e+00  5.656614e-03 
 4.488512e+00  5.645302e-03 
 4.488910e+00  5.633341e-03 
 4.489308e+00  5.620731e-03 
 4.489705e+00  5.607483e-03 
 4.490103e+00  5.593601e-03 
 4.490501e+00  5.579100e-03 
 4.490898e+00  5.563997e-03 
 4.491296e+00  5.548295e-03 
 4.491694e+00  5.532011e-03 
 4.492091e+00  5.515148e-03 
 4.492489e+00  5.497724e-03 
 4.492887e+00  5.479746e-03 
 4.493285e+00  5.461225e-03 
 4.493682e+00  5.442182e-03 
 4.494080e+00  5.422627e-03 
 4.494478e+00  5.402582e-03 
 4.494875e+00  5.382056e-03 
 4.495273e+00  5.361058e-03 
 4.495671e+00  5.339599e-03 
 4.496068e+00  5.317684e-03 
 4.496466e+00  5.295323e-03 
 4.496864e+00  5.272521e-03 
 4.497261e+00  5.249289e-03 
 4.497659e+00  5.225633e-03 
 4.498057e+00  5.201563e-03 
 4.498455e+00  5.177092e-03 
 4.498852e+00  5.152221e-03 
 4.499250e+00  5.126961e-03 
 4.499648e+00  5.101329e-03 
 4.500045e+00  5.075346e-03 
 4.500443e+00  5.049027e-03 
 4.500841e+00  5.022405e-03 
 4.501238e+00  4.995507e-03 
 4.501636e+00  4.968351e-03 
 4.502034e+00  4.940972e-03 
 4.502432e+00  4.913400e-03 
 4.502829e+00  4.885656e-03 
 4.503227e+00  4.857764e-03 
 4.503625e+00  4.829757e-03 
 4.504022e+00  4.801667e-03 
 4.504420e+00  4.773518e-03 
 4.504818e+00  4.745334e-03 
 4.505215e+00  4.717133e-03 
 4.505613e+00  4.688952e-03 
 4.506011e+00  4.660803e-03 
 4.506408e+00  4.632718e-03 
 4.506806e+00  4.604715e-03 
 4.507204e+00  4.576813e-03 
 4.507602e+00  4.549038e-03 
 4.507999e+00  4.521398e-03 
 4.508397e+00  4.493919e-03 
 4.508795e+00  4.466619e-03 
 4.509192e+00  4.439513e-03 
 4.509590e+00  4.412620e-03 
 4.509988e+00  4.385957e-03 
 4.510385e+00  4.359548e-03 
 4.510783e+00  4.333402e-03 
 4.511181e+00  4.307526e-03 
 4.511579e+00  4.281935e-03 
 4.511976e+00  4.256642e-03 
 4.512374e+00  4.231657e-03 
 4.512772e+00  4.206982e-03 
 4.513169e+00  4.182633e-03 
 4.513567e+00  4.158627e-03 
 4.513965e+00  4.134963e-03 
 4.514362e+00  4.111659e-03 
 4.514760e+00  4.088732e-03 
 4.515158e+00  4.066181e-03 
 4.515555e+00  4.044027e-03 
 4.515953e+00  4.022276e-03 
 4.516351e+00  4.000960e-03 
 4.516749e+00  3.980084e-03 
 4.517146e+00  3.959659e-03 
 4.517544e+00  3.939698e-03 
 4.517942e+00  3.920237e-03 
 4.518339e+00  3.901280e-03 
 4.518737e+00  3.882845e-03 
 4.519135e+00  3.864955e-03 
 4.519532e+00  3.847632e-03 
 4.519930e+00  3.830889e-03 
 4.520328e+00  3.814742e-03 
 4.520726e+00  3.799191e-03 
 4.521123e+00  3.784259e-03 
 4.521521e+00  3.769960e-03 
 4.521919e+00  3.756304e-03 
 4.522316e+00  3.743302e-03 
 4.522714e+00  3.730956e-03 
 4.523112e+00  3.719275e-03 
 4.523509e+00  3.708249e-03 
 4.523907e+00  3.697885e-03 
 4.524305e+00  3.688181e-03 
 4.524702e+00  3.679132e-03 
 4.525100e+00  3.670726e-03 
 4.525498e+00  3.662960e-03 
 4.525896e+00  3.655838e-03 
 4.526293e+00  3.649355e-03 
 4.526691e+00  3.643506e-03 
 4.527089e+00  3.638293e-03 
 4.527486e+00  3.633715e-03 
 4.527884e+00  3.629778e-03 
 4.528282e+00  3.626468e-03 
 4.528679e+00  3.623801e-03 
 4.529077e+00  3.621767e-03 
 4.529475e+00  3.620371e-03 
 4.529873e+00  3.619621e-03 
 4.530270e+00  3.619515e-03 
 4.530668e+00  3.620057e-03 
 4.531066e+00  3.621241e-03 
 4.531463e+00  3.623065e-03 
 4.531861e+00  3.625534e-03 
 4.532259e+00  3.628640e-03 
 4.532656e+00  3.632392e-03 
 4.533054e+00  3.636778e-03 
 4.533452e+00  3.641789e-03 
 4.533849e+00  3.647437e-03 
 4.534247e+00  3.653723e-03 
 4.534645e+00  3.660629e-03 
 4.535043e+00  3.668152e-03 
 4.535440e+00  3.676298e-03 
 4.535838e+00  3.685058e-03 
 4.536236e+00  3.694413e-03 
 4.536633e+00  3.704362e-03 
 4.537031e+00  3.714890e-03 
 4.537429e+00  3.725985e-03 
 4.537826e+00  3.737637e-03 
 4.538224e+00  3.749836e-03 
 4.538622e+00  3.762584e-03 
 4.539020e+00  3.775865e-03 
 4.539417e+00  3.789657e-03 
 4.539815e+00  3.803963e-03 
 4.540213e+00  3.818759e-03 
 4.540610e+00  3.834034e-03 
 4.541008e+00  3.849773e-03 
 4.541406e+00  3.865972e-03 
 4.541803e+00  3.882630e-03 
 4.542201e+00  3.899743e-03 
 4.542599e+00  3.917303e-03 
 4.542996e+00  3.935307e-03 
 4.543394e+00  3.953751e-03 
 4.543792e+00  3.972619e-03 
 4.544190e+00  3.991906e-03 
 4.544587e+00  4.011612e-03 
 4.544985e+00  4.031732e-03 
 4.545383e+00  4.052274e-03 
 4.545780e+00  4.073223e-03 
 4.546178e+00  4.094586e-03 
 4.546576e+00  4.116352e-03 
 4.546973e+00  4.138507e-03 
 4.547371e+00  4.161041e-03 
 4.547769e+00  4.183948e-03 
 4.548167e+00  4.207210e-03 
 4.548564e+00  4.230816e-03 
 4.548962e+00  4.254745e-03 
 4.549360e+00  4.278985e-03 
 4.549757e+00  4.303510e-03 
 4.550155e+00  4.328302e-03 
 4.550553e+00  4.353331e-03 
 4.550950e+00  4.378577e-03 
 4.551348e+00  4.404017e-03 
 4.551746e+00  4.429625e-03 
 4.552143e+00  4.455376e-03 
 4.552541e+00  4.481255e-03 
 4.552939e+00  4.507232e-03 
 4.553337e+00  4.533287e-03 
 4.553734e+00  4.559404e-03 
 4.554132e+00  4.585570e-03 
 4.554530e+00  4.611763e-03 
 4.554927e+00  4.637970e-03 
 4.555325e+00  4.664170e-03 
 4.555723e+00  4.690353e-03 
 4.556120e+00  4.716505e-03 
 4.556518e+00  4.742616e-03 
 4.556916e+00  4.768676e-03 
 4.557314e+00  4.794678e-03 
 4.557711e+00  4.820611e-03 
 4.558109e+00  4.846463e-03 
 4.558507e+00  4.872231e-03 
 4.558904e+00  4.897894e-03 
 4.559302e+00  4.923448e-03 
 4.559700e+00  4.948877e-03 
 4.560097e+00  4.974171e-03 
 4.560495e+00  4.999329e-03 
 4.560893e+00  5.024350e-03 
 4.561290e+00  5.049224e-03 
 4.561688e+00  5.073944e-03 
 4.562086e+00  5.098503e-03 
 4.562484e+00  5.122883e-03 
 4.562881e+00  5.147075e-03 
 4.563279e+00  5.171066e-03 
 4.563677e+00  5.194842e-03 
 4.564074e+00  5.218386e-03 
 4.564472e+00  5.241672e-03 
 4.564870e+00  5.264690e-03 
 4.565267e+00  5.287414e-03 
 4.565665e+00  5.309820e-03 
 4.566063e+00  5.331878e-03 
 4.566461e+00  5.353568e-03 
 4.566858e+00  5.374863e-03 
 4.567256e+00  5.395733e-03 
 4.567654e+00  5.416151e-03 
 4.568051e+00  5.436100e-03 
 4.568449e+00  5.455541e-03 
 4.568847e+00  5.474453e-03 
 4.569244e+00  5.492825e-03 
 4.569642e+00  5.510634e-03 
 4.570040e+00  5.527875e-03 
 4.570437e+00  5.544532e-03 
 4.570835e+00  5.560602e-03 
 4.571233e+00  5.576060e-03 
 4.571631e+00  5.590917e-03 
 4.572028e+00  5.605156e-03 
 4.572426e+00  5.618764e-03 
 4.572824e+00  5.631731e-03 
 4.573221e+00  5.644061e-03 
 4.573619e+00  5.655760e-03 
 4.574017e+00  5.666825e-03 
 4.574414e+00  5.677252e-03 
 4.574812e+00  5.687045e-03 
 4.575210e+00  5.696189e-03 
 4.575608e+00  5.704672e-03 
 4.576005e+00  5.712505e-03 
 4.576403e+00  5.719661e-03 
 4.576801e+00  5.726146e-03 
 4.577198e+00  5.731958e-03 
 4.577596e+00  5.737091e-03 
 4.577994e+00  5.741546e-03 
 4.578391e+00  5.745312e-03 
 4.578789e+00  5.748378e-03 
 4.579187e+00  5.750746e-03 
 4.579584e+00  5.752405e-03 
 4.579982e+00  5.753356e-03 
 4.580380e+00  5.753591e-03 
 4.580778e+00  5.753114e-03 
 4.581175e+00  5.751921e-03 
 4.581573e+00  5.750009e-03 
 4.581971e+00  5.747371e-03 
 4.582368e+00  5.744005e-03 
 4.582766e+00  5.739903e-03 
 4.583164e+00  5.735068e-03 
 4.583561e+00  5.729496e-03 
 4.583959e+00  5.723195e-03 
 4.584357e+00  5.716162e-03 
 4.584755e+00  5.708405e-03 
 4.585152e+00  5.699935e-03 
 4.585550e+00  5.690758e-03 
 4.585948e+00  5.680869e-03 
 4.586345e+00  5.670274e-03 
 4.586743e+00  5.658988e-03 
 4.587141e+00  5.647021e-03 
 4.587538e+00  5.634381e-03 
 4.587936e+00  5.621081e-03 
 4.588334e+00  5.607132e-03 
 4.588731e+00  5.592544e-03 
 4.589129e+00  5.577334e-03 
 4.589527e+00  5.561521e-03 
 4.589925e+00  5.545115e-03 
 4.590322e+00  5.528124e-03 
 4.590720e+00  5.510549e-03 
 4.591118e+00  5.492404e-03 
 4.591515e+00  5.473704e-03 
 4.591913e+00  5.454447e-03 
 4.592311e+00  5.434639e-03 
 4.592708e+00  5.414291e-03 
 4.593106e+00  5.393415e-03 
 4.593504e+00  5.372033e-03 
 4.593902e+00  5.350153e-03 
 4.594299e+00  5.327784e-03 
 4.594697e+00  5.304945e-03 
 4.595095e+00  5.281637e-03 
 4.595492e+00  5.257885e-03 
 4.595890e+00  5.233720e-03 
 4.596288e+00  5.209154e-03 
 4.596685e+00  5.184216e-03 
 4.597083e+00  5.158932e-03 
 4.597481e+00  5.133333e-03 
 4.597878e+00  5.107437e-03 
 4.598276e+00  5.081267e-03 
 4.598674e+00  5.054848e-03 
 4.599072e+00  5.028208e-03 
 4.599469e+00  5.001368e-03 
 4.599867e+00  4.974359e-03 
 4.600265e+00  4.947207e-03 
 4.600662e+00  4.919934e-03 
 4.601060e+00  4.892551e-03 
 4.601458e+00  4.865094e-03 
 4.601855e+00  4.837576e-03 
 4.602253e+00  4.810023e-03 
 4.602651e+00  4.782453e-03 
 4.603049e+00  4.754892e-03 
 4.603446e+00  4.727362e-03 
 4.603844e+00  4.699871e-03 
 4.604242e+00  4.672443e-03 
 4.604639e+00  4.645099e-03 
 4.605037e+00  4.617847e-03 
 4.605435e+00  4.590702e-03 
 4.605832e+00  4.563676e-03 
 4.606230e+00  4.536782e-03 
 4.606628e+00  4.510025e-03 
 4.607025e+00  4.483411e-03 
 4.607423e+00  4.456954e-03 
 4.607821e+00  4.430660e-03 
 4.608219e+00  4.404541e-03 
 4.608616e+00  4.378618e-03 
 4.609014e+00  4.352904e-03 
 4.609412e+00  4.327406e-03 
 4.609809e+00  4.302133e-03 
 4.610207e+00  4.277095e-03 
 4.610605e+00  4.252299e-03 
 4.611002e+00  4.227760e-03 
 4.611400e+00  4.203503e-03 
 4.611798e+00  4.179542e-03 
 4.612196e+00  4.155905e-03 
 4.612593e+00  4.132607e-03 
 4.612991e+00  4.109668e-03 
 4.613389e+00  4.087113e-03 
 4.613786e+00  4.064963e-03 
 4.614184e+00  4.043229e-03 
 4.614582e+00  4.021932e-03 
 4.614979e+00  4.001093e-03 
 4.615377e+00  3.980747e-03 
 4.615775e+00  3.960910e-03 
 4.616172e+00  3.941597e-03 
 4.616570e+00  3.922831e-03 
 4.616968e+00  3.904611e-03 
 4.617366e+00  3.886950e-03 
 4.617763e+00  3.869861e-03 
 4.618161e+00  3.853357e-03 
 4.618559e+00  3.837440e-03 
 4.618956e+00  3.822101e-03 
 4.619354e+00  3.807355e-03 
 4.619752e+00  3.793196e-03 
 4.620149e+00  3.779631e-03 
 4.620547e+00  3.766639e-03 
 4.620945e+00  3.754232e-03 
 4.621343e+00  3.742403e-03 
 4.621740e+00  3.731146e-03 
 4.622138e+00  3.720476e-03 
 4.622536e+00  3.710390e-03 
 4.622933e+00  3.700888e-03 
 4.623331e+00  3.691963e-03 
 4.623729e+00  3.683622e-03 
 4.624126e+00  3.675863e-03 
 4.624524e+00  3.668684e-03 
 4.624922e+00  3.662090e-03 
 4.625319e+00  3.656088e-03 
 4.625717e+00  3.650684e-03 
 4.626115e+00  3.645878e-03 
 4.626513e+00  3.641675e-03 
 4.626910e+00  3.638077e-03 
 4.627308e+00  3.635086e-03 
 4.627706e+00  3.632701e-03 
 4.628103e+00  3.630926e-03 
 4.628501e+00  3.629772e-03 
 4.628899e+00  3.629241e-03 
 4.629296e+00  3.629331e-03 
 4.629694e+00  3.630054e-03 
 4.630092e+00  3.631408e-03 
 4.630490e+00  3.633391e-03 
 4.630887e+00  3.636003e-03 
 4.631285e+00  3.639248e-03 
 4.631683e+00  3.643124e-03 
 4.632080e+00  3.647627e-03 
 4.632478e+00  3.652757e-03 
 4.632876e+00  3.658514e-03 
 4.633273e+00  3.664887e-03 
 4.633671e+00  3.671872e-03 
 4.634069e+00  3.679461e-03 
 4.634466e+00  3.687643e-03 
 4.634864e+00  3.696408e-03 
 4.635262e+00  3.705757e-03 
 4.635660e+00  3.715685e-03 
 4.636057e+00  3.726178e-03 
 4.636455e+00  3.737229e-03 
 4.636853e+00  3.748838e-03 
 4.637250e+00  3.760996e-03 
 4.637648e+00  3.773697e-03 
 4.638046e+00  3.786930e-03 
 4.638443e+00  3.800688e-03 
 4.638841e+00  3.814963e-03 
 4.639239e+00  3.829751e-03 
 4.639637e+00  3.845054e-03 
 4.640034e+00  3.860873e-03 
 4.640432e+00  3.877199e-03 
 4.640830e+00  3.894028e-03 
 4.641227e+00  3.911354e-03 
 4.641625e+00  3.929171e-03 
 4.642023e+00  3.947469e-03 
 4.642420e+00  3.966234e-03 
 4.642818e+00  3.985461e-03 
 4.643216e+00  4.005144e-03 
 4.643613e+00  4.025274e-03 
 4.644011e+00  4.045848e-03 
 4.644409e+00  4.066854e-03 
 4.644807e+00  4.088273e-03 
 4.645204e+00  4.110091e-03 
 4.645602e+00  4.132286e-03 
 4.646000e+00  4.154836e-03 
 4.646397e+00  4.177728e-03 
 4.646795e+00  4.200939e-03 
 4.647193e+00  4.224459e-03 
 4.647590e+00  4.248277e-03 
 4.647988e+00  4.272378e-03 
 4.648386e+00  4.296742e-03 
 4.648784e+00  4.321353e-03 
 4.649181e+00  4.346198e-03 
 4.649579e+00  4.371263e-03 
 4.649977e+00  4.396531e-03 
 4.650374e+00  4.421996e-03 
 4.650772e+00  4.447650e-03 
 4.651170e+00  4.473477e-03 
 4.651567e+00  4.499471e-03 
 4.651965e+00  4.525617e-03 
 4.652363e+00  4.551897e-03 
 4.652760e+00  4.578299e-03 
 4.653158e+00  4.604805e-03 
 4.653556e+00  4.631401e-03 
 4.653954e+00  4.658079e-03 
 4.654351e+00  4.684821e-03 
 4.654749e+00  4.711619e-03 
 4.655147e+00  4.738463e-03 
 4.655544e+00  4.765338e-03 
 4.655942e+00  4.792229e-03 
 4.656340e+00  4.819126e-03 
 4.656737e+00  4.846014e-03 
 4.657135e+00  4.872881e-03 
 4.657533e+00  4.899720e-03 
 4.657931e+00  4.926511e-03 
 4.658328e+00  4.953228e-03 
 4.658726e+00  4.979857e-03 
 4.659124e+00  5.006385e-03 
 4.659521e+00  5.032779e-03 
 4.659919e+00  5.059019e-03 
 4.660317e+00  5.085081e-03 
 4.660714e+00  5.110932e-03 
 4.661112e+00  5.136539e-03 
 4.661510e+00  5.161877e-03 
 4.661907e+00  5.186918e-03 
 4.662305e+00  5.211626e-03 
 4.662703e+00  5.235973e-03 
 4.663101e+00  5.259931e-03 
 4.663498e+00  5.283483e-03 
 4.663896e+00  5.306608e-03 
 4.664294e+00  5.329284e-03 
 4.664691e+00  5.351502e-03 
 4.665089e+00  5.373234e-03 
 4.665487e+00  5.394462e-03 
 4.665884e+00  5.415183e-03 
 4.666282e+00  5.435382e-03 
 4.666680e+00  5.455038e-03 
 4.667078e+00  5.474153e-03 
 4.667475e+00  5.492730e-03 
 4.667873e+00  5.510752e-03 
 4.668271e+00  5.528220e-03 
 4.668668e+00  5.545124e-03 
 4.669066e+00  5.561460e-03 
 4.669464e+00  5.577212e-03 
 4.669861e+00  5.592387e-03 
 4.670259e+00  5.606967e-03 
 4.670657e+00  5.620952e-03 
 4.671054e+00  5.634315e-03 
 4.671452e+00  5.647070e-03 
 4.671850e+00  5.659201e-03 
 4.672248e+00  5.670700e-03 
 4.672645e+00  5.681558e-03 
 4.673043e+00  5.691766e-03 
 4.673441e+00  5.701310e-03 
 4.673838e+00  5.710190e-03 
 4.674236e+00  5.718391e-03 
 4.674634e+00  5.725902e-03 
 4.675031e+00  5.732715e-03 
 4.675429e+00  5.738813e-03 
 4.675827e+00  5.744193e-03 
 4.676225e+00  5.748834e-03 
 4.676622e+00  5.752734e-03 
 4.677020e+00  5.755890e-03 
 4.677418e+00  5.758287e-03 
 4.677815e+00  5.759926e-03 
 4.678213e+00  5.760795e-03 
 4.678611e+00  5.760891e-03 
 4.679008e+00  5.760218e-03 
 4.679406e+00  5.758765e-03 
 4.679804e+00  5.756541e-03 
 4.680201e+00  5.753540e-03 
 4.680599e+00  5.749765e-03 
 4.680997e+00  5.745227e-03 
 4.681395e+00  5.739935e-03 
 4.681792e+00  5.733891e-03 
 4.682190e+00  5.727101e-03 
 4.682588e+00  5.719570e-03 
 4.682985e+00  5.711309e-03 
 4.683383e+00  5.702333e-03 
 4.683781e+00  5.692659e-03 
 4.684178e+00  5.682295e-03 
 4.684576e+00  5.671258e-03 
 4.684974e+00  5.659553e-03 
 4.685372e+00  5.647193e-03 
 4.685769e+00  5.634187e-03 
 4.686167e+00  5.620553e-03 
 4.686565e+00  5.606294e-03 
 4.686962e+00  5.591423e-03 
 4.687360e+00  5.575948e-03 
 4.687758e+00  5.559878e-03 
 4.688155e+00  5.543222e-03 
 4.688553e+00  5.525987e-03 
 4.688951e+00  5.508191e-03 
 4.689348e+00  5.489833e-03 
 4.689746e+00  5.470929e-03 
 4.690144e+00  5.451497e-03 
 4.690542e+00  5.431554e-03 
 4.690939e+00  5.411118e-03 
 4.691337e+00  5.390221e-03 
 4.691735e+00  5.368870e-03 
 4.692132e+00  5.347090e-03 
 4.692530e+00  5.324893e-03 
 4.692928e+00  5.302315e-03 
 4.693325e+00  5.279376e-03 
 4.693723e+00  5.256089e-03 
 4.694121e+00  5.232471e-03 
 4.694519e+00  5.208544e-03 
 4.694916e+00  5.184331e-03 
 4.695314e+00  5.159856e-03 
 4.695712e+00  5.135143e-03 
 4.696109e+00  5.110209e-03 
 4.696507e+00  5.085071e-03 
 4.696905e+00  5.059743e-03 
 4.697302e+00  5.034254e-03 
 4.697700e+00  5.008614e-03 
 4.698098e+00  4.982828e-03 
 4.698495e+00  4.956916e-03 
 4.698893e+00  4.930906e-03 
 4.699291e+00  4.904803e-03 
 4.699689e+00  4.878626e-03 
 4.700086e+00  4.852382e-03 
 4.700484e+00  4.826078e-03 
 4.700882e+00  4.799722e-03 
 4.701279e+00  4.773323e-03 
 4.701677e+00  4.746888e-03 
 4.702075e+00  4.720434e-03 
 4.702472e+00  4.693967e-03 
 4.702870e+00  4.667502e-03 
 4.703268e+00  4.641055e-03 
 4.703665e+00  4.614638e-03 
 4.704063e+00  4.588252e-03 
 4.704461e+00  4.561907e-03 
 4.704859e+00  4.535616e-03 
 4.705256e+00  4.509396e-03 
 4.705654e+00  4.483262e-03 
 4.706052e+00  4.457235e-03 
 4.706449e+00  4.431337e-03 
 4.706847e+00  4.405591e-03 
 4.707245e+00  4.380015e-03 
 4.707642e+00  4.354631e-03 
 4.708040e+00  4.329460e-03 
 4.708438e+00  4.304528e-03 
 4.708836e+00  4.279850e-03 
 4.709233e+00  4.255467e-03 
 4.709631e+00  4.231403e-03 
 4.710029e+00  4.207682e-03 
 4.710426e+00  4.184327e-03 
 4.710824e+00  4.161362e-03 
 4.711222e+00  4.138819e-03 
 4.711619e+00  4.116704e-03 
 4.712017e+00  4.095040e-03 
 4.712415e+00  4.073836e-03 
 4.712812e+00  4.053106e-03 
 4.713210e+00  4.032857e-03 
 4.713608e+00  4.013101e-03 
 4.714006e+00  3.993833e-03 
 4.714403e+00  3.975045e-03 
 4.714801e+00  3.956734e-03 
 4.715199e+00  3.938910e-03 
 4.715596e+00  3.921563e-03 
 4.715994e+00  3.904680e-03 
 4.716392e+00  3.888265e-03 
 4.716789e+00  3.872308e-03 
 4.717187e+00  3.856803e-03 
 4.717585e+00  3.841763e-03 
 4.717983e+00  3.827189e-03 
 4.718380e+00  3.813075e-03 
 4.718778e+00  3.799421e-03 
 4.719176e+00  3.786249e-03 
 4.719573e+00  3.773548e-03 
 4.719971e+00  3.761335e-03 
 4.720369e+00  3.749613e-03 
 4.720766e+00  3.738389e-03 
 4.721164e+00  3.727678e-03 
 4.721562e+00  3.717475e-03 
 4.721959e+00  3.707805e-03 
 4.722357e+00  3.698663e-03 
 4.722755e+00  3.690064e-03 
 4.723153e+00  3.682021e-03 
 4.723550e+00  3.674542e-03 
 4.723948e+00  3.667640e-03 
 4.724346e+00  3.661328e-03 
 4.724743e+00  3.655615e-03 
 4.725141e+00  3.650517e-03 
 4.725539e+00  3.646051e-03 
 4.725936e+00  3.642217e-03 
 4.726334e+00  3.639026e-03 
 4.726732e+00  3.636485e-03 
 4.727130e+00  3.634601e-03 
 4.727527e+00  3.633381e-03 
 4.727925e+00  3.632826e-03 
 4.728323e+00  3.632933e-03 
 4.728720e+00  3.633695e-03 
 4.729118e+00  3.635107e-03 
 4.729516e+00  3.637163e-03 
 4.729913e+00  3.639854e-03 
 4.730311e+00  3.643179e-03 
 4.730709e+00  3.647124e-03 
 4.731106e+00  3.651675e-03 
 4.731504e+00  3.656829e-03 
 4.731902e+00  3.662578e-03 
 4.732300e+00  3.668921e-03 
 4.732697e+00  3.675855e-03 
 4.733095e+00  3.683375e-03 
 4.733493e+00  3.691477e-03 
 4.733890e+00  3.700155e-03 
 4.734288e+00  3.709410e-03 
 4.734686e+00  3.719243e-03 
 4.735083e+00  3.729655e-03 
 4.735481e+00  3.740641e-03 
 4.735879e+00  3.752199e-03 
 4.736277e+00  3.764329e-03 
 4.736674e+00  3.777030e-03 
 4.737072e+00  3.790308e-03 
 4.737470e+00  3.804159e-03 
 4.737867e+00  3.818576e-03 
 4.738265e+00  3.833565e-03 
 4.738663e+00  3.849127e-03 
 4.739060e+00  3.865268e-03 
 4.739458e+00  3.881988e-03 
 4.739856e+00  3.899274e-03 
 4.740253e+00  3.917117e-03 
 4.740651e+00  3.935509e-03 
 4.741049e+00  3.954442e-03 
 4.741447e+00  3.973906e-03 
 4.741844e+00  3.993887e-03 
 4.742242e+00  4.014367e-03 
 4.742640e+00  4.035340e-03 
 4.743037e+00  4.056786e-03 
 4.743435e+00  4.078686e-03 
 4.743833e+00  4.101022e-03 
 4.744230e+00  4.123776e-03 
 4.744628e+00  4.146939e-03 
 4.745026e+00  4.170494e-03 
 4.745424e+00  4.194424e-03 
 4.745821e+00  4.218716e-03 
 4.746219e+00  4.243354e-03 
 4.746617e+00  4.268325e-03 
 4.747014e+00  4.293607e-03 
 4.747412e+00  4.319194e-03 
 4.747810e+00  4.345057e-03 
 4.748207e+00  4.371172e-03 
 4.748605e+00  4.397525e-03 
 4.749003e+00  4.424099e-03 
 4.749400e+00  4.450864e-03 
 4.749798e+00  4.477806e-03 
 4.750196e+00  4.504910e-03 
 4.750594e+00  4.532160e-03 
 4.750991e+00  4.559544e-03 
 4.751389e+00  4.587050e-03 
 4.751787e+00  4.614674e-03 
 4.752184e+00  4.642395e-03 
 4.752582e+00  4.670201e-03 
 4.752980e+00  4.698078e-03 
 4.753377e+00  4.726010e-03 
 4.753775e+00  4.753987e-03 
 4.754173e+00  4.781987e-03 
 4.754571e+00  4.809999e-03 
 4.754968e+00  4.837991e-03 
 4.755366e+00  4.865938e-03 
 4.755764e+00  4.893808e-03 
 4.756161e+00  4.921568e-03 
 4.756559e+00  4.949185e-03 
 4.756957e+00  4.976637e-03 
 4.757354e+00  5.003891e-03 
 4.757752e+00  5.030917e-03 
 4.758150e+00  5.057684e-03 
 4.758547e+00  5.084172e-03 
 4.758945e+00  5.110357e-03 
 4.759343e+00  5.136214e-03 
 4.759741e+00  5.161709e-03 
 4.760138e+00  5.186833e-03 
 4.760536e+00  5.211566e-03 
 4.760934e+00  5.235894e-03 
 4.761331e+00  5.259810e-03 
 4.761729e+00  5.283296e-03 
 4.762127e+00  5.306330e-03 
 4.762524e+00  5.328910e-03 
 4.762922e+00  5.351022e-03 
 4.763320e+00  5.372664e-03 
 4.763718e+00  5.393830e-03 
 4.764115e+00  5.414490e-03 
 4.764513e+00  5.434643e-03 
 4.764911e+00  5.454286e-03 
 4.765308e+00  5.473414e-03 
 4.765706e+00  5.492013e-03 
 4.766104e+00  5.510080e-03 
 4.766501e+00  5.527608e-03 
 4.766899e+00  5.544577e-03 
 4.767297e+00  5.560989e-03 
 4.767694e+00  5.576837e-03 
 4.768092e+00  5.592106e-03 
 4.768490e+00  5.606769e-03 
 4.768888e+00  5.620834e-03 
 4.769285e+00  5.634275e-03 
 4.769683e+00  5.647080e-03 
 4.770081e+00  5.659236e-03 
 4.770478e+00  5.670723e-03 
 4.770876e+00  5.681522e-03 
 4.771274e+00  5.691620e-03 
 4.771671e+00  5.701012e-03 
 4.772069e+00  5.709673e-03 
 4.772467e+00  5.717601e-03 
 4.772865e+00  5.724786e-03 
 4.773262e+00  5.731217e-03 
 4.773660e+00  5.736885e-03 
 4.774058e+00  5.741794e-03 
 4.774455e+00  5.745929e-03 
 4.774853e+00  5.749284e-03 
 4.775251e+00  5.751861e-03 
 4.775648e+00  5.753653e-03 
 4.776046e+00  5.754660e-03 
 4.776444e+00  5.754887e-03 
 4.776841e+00  5.754327e-03 
 4.777239e+00  5.752986e-03 
 4.777637e+00  5.750862e-03 
 4.778035e+00  5.747969e-03 
 4.778432e+00  5.744311e-03 
 4.778830e+00  5.739907e-03 
 4.779228e+00  5.734778e-03 
 4.779625e+00  5.728929e-03 
 4.780023e+00  5.722386e-03 
 4.780421e+00  5.715163e-03 
 4.780818e+00  5.707271e-03 
 4.781216e+00  5.698727e-03 
 4.781614e+00  5.689537e-03 
 4.782012e+00  5.679716e-03 
 4.782409e+00  5.669282e-03 
 4.782807e+00  5.658237e-03 
 4.783205e+00  5.646581e-03 
 4.783602e+00  5.634336e-03 
 4.784000e+00  5.621512e-03 
 4.784398e+00  5.608119e-03 
 4.784795e+00  5.594162e-03 
 4.785193e+00  5.579655e-03 
 4.785591e+00  5.564601e-03 
 4.785988e+00  5.549008e-03 
 4.786386e+00  5.532914e-03 
 4.786784e+00  5.516325e-03 
 4.787182e+00  5.499247e-03 
 4.787579e+00  5.481697e-03 
 4.787977e+00  5.463695e-03 
 4.788375e+00  5.445243e-03 
 4.788772e+00  5.426366e-03 
 4.789170e+00  5.407071e-03 
 4.789568e+00  5.387361e-03 
 4.789965e+00  5.367251e-03 
 4.790363e+00  5.346762e-03 
 4.790761e+00  5.325908e-03 
 4.791159e+00  5.304697e-03 
 4.791556e+00  5.283139e-03 
 4.791954e+00  5.261234e-03 
 4.792352e+00  5.238999e-03 
 4.792749e+00  5.216455e-03 
 4.793147e+00  5.193610e-03 
 4.793545e+00  5.170482e-03 
 4.793942e+00  5.147086e-03 
 4.794340e+00  5.123433e-03 
 4.794738e+00  5.099545e-03 
 4.795135e+00  5.075435e-03 
 4.795533e+00  5.051106e-03 
 4.795931e+00  5.026580e-03 
 4.796329e+00  5.001872e-03 
 4.796726e+00  4.976993e-03 
 4.797124e+00  4.951963e-03 
 4.797522e+00  4.926788e-03 
 4.797919e+00  4.901489e-03 
 4.798317e+00  4.876071e-03 
 4.798715e+00  4.850556e-03 
 4.799112e+00  4.824947e-03 
 4.799510e+00  4.799259e-03 
 4.799908e+00  4.773505e-03 
 4.800306e+00  4.747703e-03 
 4.800703e+00  4.721869e-03 
 4.801101e+00  4.696020e-03 
 4.801499e+00  4.670165e-03 
 4.801896e+00  4.644325e-03 
 4.802294e+00  4.618515e-03 
 4.802692e+00  4.592761e-03 
 4.803089e+00  4.567071e-03 
 4.803487e+00  4.541456e-03 
 4.803885e+00  4.515934e-03 
 4.804282e+00  4.490524e-03 
 4.804680e+00  4.465243e-03 
 4.805078e+00  4.440113e-03 
 4.805476e+00  4.415146e-03 
 4.805873e+00  4.390366e-03 
 4.806271e+00  4.365792e-03 
 4.806669e+00  4.341445e-03 
 4.807066e+00  4.317350e-03 
 4.807464e+00  4.293520e-03 
 4.807862e+00  4.269966e-03 
 4.808259e+00  4.246694e-03 
 4.808657e+00  4.223722e-03 
 4.809055e+00  4.201057e-03 
 4.809453e+00  4.178691e-03 
 4.809850e+00  4.156630e-03 
 4.810248e+00  4.134878e-03 
 4.810646e+00  4.113428e-03 
 4.811043e+00  4.092287e-03 
 4.811441e+00  4.071451e-03 
 4.811839e+00  4.050918e-03 
 4.812236e+00  4.030691e-03 
 4.812634e+00  4.010782e-03 
 4.813032e+00  3.991205e-03 
 4.813429e+00  3.971973e-03 
 4.813827e+00  3.953100e-03 
 4.814225e+00  3.934591e-03 
 4.814623e+00  3.916474e-03 
 4.815020e+00  3.898757e-03 
 4.815418e+00  3.881451e-03 
 4.815816e+00  3.864597e-03 
 4.816213e+00  3.848173e-03 
 4.816611e+00  3.832213e-03 
 4.817009e+00  3.816723e-03 
 4.817406e+00  3.801713e-03 
 4.817804e+00  3.787197e-03 
 4.818202e+00  3.773181e-03 
 4.818600e+00  3.759671e-03 
 4.818997e+00  3.746691e-03 
 4.819395e+00  3.734258e-03 
 4.819793e+00  3.722387e-03 
 4.820190e+00  3.711099e-03 
 4.820588e+00  3.700408e-03 
 4.820986e+00  3.690318e-03 
 4.821383e+00  3.680850e-03 
 4.821781e+00  3.672003e-03 
 4.822179e+00  3.663799e-03 
 4.822576e+00  3.656240e-03 
 4.822974e+00  3.649339e-03 
 4.823372e+00  3.643092e-03 
 4.823770e+00  3.637505e-03 
 4.824167e+00  3.632584e-03 
 4.824565e+00  3.628322e-03 
 4.824963e+00  3.624719e-03 
 4.825360e+00  3.621770e-03 
 4.825758e+00  3.619482e-03 
 4.826156e+00  3.617846e-03 
 4.826553e+00  3.616851e-03 
 4.826951e+00  3.616506e-03 
 4.827349e+00  3.616804e-03 
 4.827747e+00  3.617740e-03 
 4.828144e+00  3.619319e-03 
 4.828542e+00  3.621540e-03 
 4.828940e+00  3.624406e-03 
 4.829337e+00  3.627913e-03 
 4.829735e+00  3.632071e-03 
 4.830133e+00  3.636879e-03 
 4.830530e+00  3.642334e-03 
 4.830928e+00  3.648443e-03 
 4.831326e+00  3.655214e-03 
 4.831723e+00  3.662649e-03 
 4.832121e+00  3.670743e-03 
 4.832519e+00  3.679502e-03 
 4.832917e+00  3.688924e-03 
 4.833314e+00  3.699006e-03 
 4.833712e+00  3.709747e-03 
 4.834110e+00  3.721152e-03 
 4.834507e+00  3.733218e-03 
 4.834905e+00  3.745951e-03 
 4.835303e+00  3.759351e-03 
 4.835700e+00  3.773421e-03 
 4.836098e+00  3.788149e-03 
 4.836496e+00  3.803528e-03 
 4.836894e+00  3.819541e-03 
 4.837291e+00  3.836181e-03 
 4.837689e+00  3.853444e-03 
 4.838087e+00  3.871312e-03 
 4.838484e+00  3.889777e-03 
 4.838882e+00  3.908830e-03 
 4.839280e+00  3.928451e-03 
 4.839677e+00  3.948617e-03 
 4.840075e+00  3.969318e-03 
 4.840473e+00  3.990544e-03 
 4.840870e+00  4.012270e-03 
 4.841268e+00  4.034498e-03 
 4.841666e+00  4.057208e-03 
 4.842064e+00  4.080390e-03 
 4.842461e+00  4.104030e-03 
 4.842859e+00  4.128106e-03 
 4.843257e+00  4.152597e-03 
 4.843654e+00  4.177474e-03 
 4.844052e+00  4.202723e-03 
 4.844450e+00  4.228324e-03 
 4.844847e+00  4.254255e-03 
 4.845245e+00  4.280489e-03 
 4.845643e+00  4.307005e-03 
 4.846041e+00  4.333788e-03 
 4.846438e+00  4.360811e-03 
 4.846836e+00  4.388062e-03 
 4.847234e+00  4.415519e-03 
 4.847631e+00  4.443165e-03 
 4.848029e+00  4.470987e-03 
 4.848427e+00  4.498973e-03 
 4.848824e+00  4.527111e-03 
 4.849222e+00  4.555388e-03 
 4.849620e+00  4.583784e-03 
 4.850017e+00  4.612270e-03 
 4.850415e+00  4.640829e-03 
 4.850813e+00  4.669428e-03 
 4.851211e+00  4.698040e-03 
 4.851608e+00  4.726636e-03 
 4.852006e+00  4.755182e-03 
 4.852404e+00  4.783657e-03 
 4.852801e+00  4.812024e-03 
 4.853199e+00  4.840265e-03 
 4.853597e+00  4.868352e-03 
 4.853994e+00  4.896259e-03 
 4.854392e+00  4.923958e-03 
 4.854790e+00  4.951426e-03 
 4.855188e+00  4.978647e-03 
 4.855585e+00  5.005589e-03 
 4.855983e+00  5.032243e-03 
 4.856381e+00  5.058594e-03 
 4.856778e+00  5.084630e-03 
 4.857176e+00  5.110334e-03 
 4.857574e+00  5.135701e-03 
 4.857971e+00  5.160711e-03 
 4.858369e+00  5.185358e-03 
 4.858767e+00  5.209634e-03 
 4.859164e+00  5.233529e-03 
 4.859562e+00  5.257029e-03 
 4.859960e+00  5.280111e-03 
 4.860358e+00  5.302773e-03 
 4.860755e+00  5.324999e-03 
 4.861153e+00  5.346784e-03 
 4.861551e+00  5.368115e-03 
 4.861948e+00  5.388976e-03 
 4.862346e+00  5.409354e-03 
 4.862744e+00  5.429231e-03 
 4.863141e+00  5.448613e-03 
 4.863539e+00  5.467463e-03 
 4.863937e+00  5.485779e-03 
 4.864335e+00  5.503542e-03 
 4.864732e+00  5.520734e-03 
 4.865130e+00  5.537330e-03 
 4.865528e+00  5.553327e-03 
 4.865925e+00  5.568715e-03 
 4.866323e+00  5.583459e-03 
 4.866721e+00  5.597556e-03 
 4.867118e+00  5.610987e-03 
 4.867516e+00  5.623742e-03 
 4.867914e+00  5.635824e-03 
 4.868311e+00  5.647214e-03 
 4.868709e+00  5.657901e-03 
 4.869107e+00  5.667884e-03 
 4.869505e+00  5.677153e-03 
 4.869902e+00  5.685706e-03 
 4.870300e+00  5.693539e-03 
 4.870698e+00  5.700651e-03 
 4.871095e+00  5.707048e-03 
 4.871493e+00  5.712728e-03 
 4.871891e+00  5.717679e-03 
 4.872288e+00  5.721906e-03 
 4.872686e+00  5.725409e-03 
 4.873084e+00  5.728191e-03 
 4.873482e+00  5.730260e-03 
 4.873879e+00  5.731625e-03 
 4.874277e+00  5.732295e-03 
 4.874675e+00  5.732286e-03 
 4.875072e+00  5.731613e-03 
 4.875470e+00  5.730296e-03 
 4.875868e+00  5.728342e-03 
 4.876265e+00  5.725762e-03 
 4.876663e+00  5.722578e-03 
 4.877061e+00  5.718809e-03 
 4.877458e+00  5.714455e-03 
 4.877856e+00  5.709518e-03 
 4.878254e+00  5.704001e-03 
 4.878652e+00  5.697897e-03 
 4.879049e+00  5.691205e-03 
 4.879447e+00  5.683934e-03 
 4.879845e+00  5.676081e-03 
 4.880242e+00  5.667651e-03 
 4.880640e+00  5.658643e-03 
 4.881038e+00  5.649059e-03 
 4.881435e+00  5.638901e-03 
 4.881833e+00  5.628183e-03 
 4.882231e+00  5.616906e-03 
 4.882629e+00  5.605072e-03 
 4.883026e+00  5.592701e-03 
 4.883424e+00  5.579799e-03 
 4.883822e+00  5.566372e-03 
 4.884219e+00  5.552422e-03 
 4.884617e+00  5.537955e-03 
 4.885015e+00  5.522980e-03 
 4.885412e+00  5.507501e-03 
 4.885810e+00  5.491534e-03 
 4.886208e+00  5.475078e-03 
 4.886605e+00  5.458144e-03 
 4.887003e+00  5.440745e-03 
 4.887401e+00  5.422882e-03 
 4.887799e+00  5.404574e-03 
 4.888196e+00  5.385819e-03 
 4.888594e+00  5.366632e-03 
 4.888992e+00  5.347021e-03 
 4.889389e+00  5.327006e-03 
 4.889787e+00  5.306619e-03 
 4.890185e+00  5.285864e-03 
 4.890582e+00  5.264759e-03 
 4.890980e+00  5.243312e-03 
 4.891378e+00  5.221547e-03 
 4.891776e+00  5.199475e-03 
 4.892173e+00  5.177111e-03 
 4.892571e+00  5.154469e-03 
 4.892969e+00  5.131559e-03 
 4.893366e+00  5.108394e-03 
 4.893764e+00  5.084987e-03 
 4.894162e+00  5.061358e-03 
 4.894559e+00  5.037515e-03 
 4.894957e+00  5.013458e-03 
 4.895355e+00  4.989205e-03 
 4.895752e+00  4.964760e-03 
 4.896150e+00  4.940140e-03 
 4.896548e+00  4.915350e-03 
 4.896946e+00  4.890411e-03 
 4.897343e+00  4.865332e-03 
 4.897741e+00  4.840119e-03 
 4.898139e+00  4.814784e-03 
 4.898536e+00  4.789345e-03 
 4.898934e+00  4.763803e-03 
 4.899332e+00  4.738179e-03 
 4.899729e+00  4.712479e-03 
 4.900127e+00  4.686729e-03 
 4.900525e+00  4.660942e-03 
 4.900923e+00  4.635149e-03 
 4.901320e+00  4.609354e-03 
 4.901718e+00  4.583577e-03 
 4.902116e+00  4.557832e-03 
 4.902513e+00  4.532143e-03 
 4.902911e+00  4.506525e-03 
 4.903309e+00  4.480996e-03 
 4.903706e+00  4.455574e-03 
 4.904104e+00  4.430272e-03 
 4.904502e+00  4.405100e-03 
 4.904899e+00  4.380070e-03 
 4.905297e+00  4.355190e-03 
 4.905695e+00  4.330459e-03 
 4.906093e+00  4.305881e-03 
 4.906490e+00  4.281459e-03 
 4.906888e+00  4.257201e-03 
 4.907286e+00  4.233116e-03 
 4.907683e+00  4.209215e-03 
 4.908081e+00  4.185518e-03 
 4.908479e+00  4.162048e-03 
 4.908876e+00  4.138812e-03 
 4.909274e+00  4.115832e-03 
 4.909672e+00  4.093140e-03 
 4.910070e+00  4.070750e-03 
 4.910467e+00  4.048687e-03 
 4.910865e+00  4.026969e-03 
 4.911263e+00  4.005605e-03 
 4.911660e+00  3.984617e-03 
 4.912058e+00  3.964014e-03 
 4.912456e+00  3.943827e-03 
 4.912853e+00  3.924060e-03 
 4.913251e+00  3.904739e-03 
 4.913649e+00  3.885874e-03 
 4.914046e+00  3.867469e-03 
 4.914444e+00  3.849540e-03 
 4.914842e+00  3.832126e-03 
 4.915240e+00  3.815225e-03 
 4.915637e+00  3.798848e-03 
 4.916035e+00  3.783021e-03 
 4.916433e+00  3.767754e-03 
 4.916830e+00  3.753064e-03 
 4.917228e+00  3.738980e-03 
 4.917626e+00  3.725502e-03 
 4.918023e+00  3.712645e-03 
 4.918421e+00  3.700423e-03 
 4.918819e+00  3.688853e-03 
 4.919217e+00  3.677944e-03 
 4.919614e+00  3.667704e-03 
 4.920012e+00  3.658134e-03 
 4.920410e+00  3.649237e-03 
 4.920807e+00  3.641009e-03 
 4.921205e+00  3.633456e-03 
 4.921603e+00  3.626572e-03 
 4.922000e+00  3.620367e-03 
 4.922398e+00  3.614838e-03 
 4.922796e+00  3.609990e-03 
 4.923193e+00  3.605820e-03 
 4.923591e+00  3.602328e-03 
 4.923989e+00  3.599513e-03 
 4.924387e+00  3.597375e-03 
 4.924784e+00  3.595916e-03 
 4.925182e+00  3.595139e-03 
 4.925580e+00  3.595051e-03 
 4.925977e+00  3.595660e-03 
 4.926375e+00  3.596970e-03 
 4.926773e+00  3.598989e-03 
 4.927170e+00  3.601724e-03 
 4.927568e+00  3.605174e-03 
 4.927966e+00  3.609335e-03 
 4.928364e+00  3.614215e-03 
 4.928761e+00  3.619822e-03 
 4.929159e+00  3.626163e-03 
 4.929557e+00  3.633243e-03 
 4.929954e+00  3.641061e-03 
 4.930352e+00  3.649609e-03 
 4.930750e+00  3.658893e-03 
 4.931147e+00  3.668912e-03 
 4.931545e+00  3.679667e-03 
 4.931943e+00  3.691152e-03 
 4.932340e+00  3.703364e-03 
 4.932738e+00  3.716285e-03 
 4.933136e+00  3.729911e-03 
 4.933534e+00  3.744230e-03 
 4.933931e+00  3.759228e-03 
 4.934329e+00  3.774881e-03 
 4.934727e+00  3.791180e-03 
 4.935124e+00  3.808111e-03 
 4.935522e+00  3.825658e-03 
 4.935920e+00  3.843819e-03 
 4.936317e+00  3.862581e-03 
 4.936715e+00  3.881930e-03 
 4.937113e+00  3.901858e-03 
 4.937511e+00  3.922332e-03 
 4.937908e+00  3.943347e-03 
 4.938306e+00  3.964889e-03 
 4.938704e+00  3.986922e-03 
 4.939101e+00  4.009427e-03 
 4.939499e+00  4.032379e-03 
 4.939897e+00  4.055748e-03 
 4.940294e+00  4.079505e-03 
 4.940692e+00  4.103631e-03 
 4.941090e+00  4.128103e-03 
 4.941487e+00  4.152906e-03 
 4.941885e+00  4.178022e-03 
 4.942283e+00  4.203429e-03 
 4.942681e+00  4.229119e-03 
 4.943078e+00  4.255076e-03 
 4.943476e+00  4.281286e-03 
 4.943874e+00  4.307742e-03 
 4.944271e+00  4.334428e-03 
 4.944669e+00  4.361329e-03 
 4.945067e+00  4.388431e-03 
 4.945464e+00  4.415722e-03 
 4.945862e+00  4.443186e-03 
 4.946260e+00  4.470799e-03 
 4.946658e+00  4.498541e-03 
 4.947055e+00  4.526376e-03 
 4.947453e+00  4.554286e-03 
 4.947851e+00  4.582248e-03 
 4.948248e+00  4.610235e-03 
 4.948646e+00  4.638219e-03 
 4.949044e+00  4.666180e-03 
 4.949441e+00  4.694092e-03 
 4.949839e+00  4.721932e-03 
 4.950237e+00  4.749685e-03 
 4.950634e+00  4.777327e-03 
 4.951032e+00  4.804841e-03 
 4.951430e+00  4.832209e-03 
 4.951828e+00  4.859419e-03 
 4.952225e+00  4.886458e-03 
 4.952623e+00  4.913310e-03 
 4.953021e+00  4.939951e-03 
 4.953418e+00  4.966370e-03 
 4.953816e+00  4.992550e-03 
 4.954214e+00  5.018483e-03 
 4.954611e+00  5.044155e-03 
 4.955009e+00  5.069548e-03 
 4.955407e+00  5.094646e-03 
 4.955805e+00  5.119437e-03 
 4.956202e+00  5.143905e-03 
 4.956600e+00  5.168032e-03 
 4.956998e+00  5.191804e-03 
 4.957395e+00  5.215193e-03 
 4.957793e+00  5.238188e-03 
 4.958191e+00  5.260772e-03 
 4.958588e+00  5.282928e-03 
 4.958986e+00  5.304636e-03 
 4.959384e+00  5.325883e-03 
 4.959781e+00  5.346653e-03 
 4.960179e+00  5.366935e-03 
 4.960577e+00  5.386726e-03 
 4.960975e+00  5.406004e-03 
 4.961372e+00  5.424761e-03 
 4.961770e+00  5.442978e-03 
 4.962168e+00  5.460641e-03 
 4.962565e+00  5.477746e-03 
 4.962963e+00  5.494283e-03 
 4.963361e+00  5.510245e-03 
 4.963758e+00  5.525620e-03 
 4.964156e+00  5.540423e-03 
 4.964554e+00  5.554632e-03 
 4.964952e+00  5.568262e-03 
 4.965349e+00  5.581309e-03 
 4.965747e+00  5.593752e-03 
 4.966145e+00  5.605585e-03 
 4.966542e+00  5.616804e-03 
 4.966940e+00  5.627392e-03 
 4.967338e+00  5.637361e-03 
 4.967735e+00  5.646692e-03 
 4.968133e+00  5.655390e-03 
 4.968531e+00  5.663452e-03 
 4.968928e+00  5.670874e-03 
 4.969326e+00  5.677672e-03 
 4.969724e+00  5.683855e-03 
 4.970122e+00  5.689427e-03 
 4.970519e+00  5.694406e-03 
 4.970917e+00  5.698811e-03 
 4.971315e+00  5.702645e-03 
 4.971712e+00  5.705908e-03 
 4.972110e+00  5.708608e-03 
 4.972508e+00  5.710743e-03 
 4.972905e+00  5.712307e-03 
 4.973303e+00  5.713302e-03 
 4.973701e+00  5.713723e-03 
 4.974099e+00  5.713562e-03 
 4.974496e+00  5.712810e-03 
 4.974894e+00  5.711462e-03 
 4.975292e+00  5.709505e-03 
 4.975689e+00  5.706929e-03 
 4.976087e+00  5.703728e-03 
 4.976485e+00  5.699900e-03 
 4.976882e+00  5.695443e-03 
 4.977280e+00  5.690362e-03 
 4.977678e+00  5.684661e-03 
 4.978075e+00  5.678341e-03 
 4.978473e+00  5.671414e-03 
 4.978871e+00  5.663878e-03 
 4.979269e+00  5.655733e-03 
 4.979666e+00  5.646978e-03 
 4.980064e+00  5.637623e-03 
 4.980462e+00  5.627673e-03 
 4.980859e+00  5.617137e-03 
 4.981257e+00  5.606017e-03 
 4.981655e+00  5.594316e-03 
 4.982052e+00  5.582038e-03 
 4.982450e+00  5.569193e-03 
 4.982848e+00  5.555796e-03 
 4.983246e+00  5.541858e-03 
 4.983643e+00  5.527379e-03 
 4.984041e+00  5.512370e-03 
 4.984439e+00  5.496838e-03 
 4.984836e+00  5.480809e-03 
 4.985234e+00  5.464293e-03 
 4.985632e+00  5.447293e-03 
 4.986029e+00  5.429821e-03 
 4.986427e+00  5.411889e-03 
 4.986825e+00  5.393516e-03 
 4.987222e+00  5.374728e-03 
 4.987620e+00  5.355530e-03 
 4.988018e+00  5.335939e-03 
 4.988416e+00  5.315960e-03 
 4.988813e+00  5.295606e-03 
 4.989211e+00  5.274896e-03 
 4.989609e+00  5.253841e-03 
 4.990006e+00  5.232445e-03 
 4.990404e+00  5.210705e-03 
 4.990802e+00  5.188640e-03 
 4.991199e+00  5.166254e-03 
 4.991597e+00  5.143547e-03 
 4.991995e+00  5.120532e-03 
 4.992393e+00  5.097209e-03 
 4.992790e+00  5.073600e-03 
 4.993188e+00  5.049714e-03 
 4.993586e+00  5.025559e-03 
 4.993983e+00  5.001148e-03 
 4.994381e+00  4.976491e-03 
 4.994779e+00  4.951588e-03 
 4.995176e+00  4.926451e-03 
 4.995574e+00  4.901101e-03 
 4.995972e+00  4.875550e-03 
 4.996369e+00  4.849819e-03 
 4.996767e+00  4.823923e-03 
 4.997165e+00  4.797893e-03 
 4.997563e+00  4.771739e-03 
 4.997960e+00  4.745484e-03 
 4.998358e+00  4.719141e-03 
 4.998756e+00  4.692723e-03 
 4.999153e+00  4.666248e-03 
 4.999551e+00  4.639730e-03 
 4.999949e+00  4.613184e-03 
 5.000346e+00  4.586619e-03 
 5.000744e+00  4.560035e-03 
 5.001142e+00  4.533432e-03 
 5.001540e+00  4.506828e-03 
 5.001937e+00  4.480234e-03 
 5.002335e+00  4.453663e-03 
 5.002733e+00  4.427133e-03 
 5.003130e+00  4.400661e-03 
 5.003528e+00  4.374265e-03 
 5.003926e+00  4.347978e-03 
 5.004323e+00  4.321817e-03 
 5.004721e+00  4.295815e-03 
 5.005119e+00  4.270002e-03 
 5.005516e+00  4.244399e-03 
 5.005914e+00  4.219040e-03 
 5.006312e+00  4.193956e-03 
 5.006710e+00  4.169169e-03 
 5.007107e+00  4.144707e-03 
 5.007505e+00  4.120584e-03 
 5.007903e+00  4.096807e-03 
 5.008300e+00  4.073402e-03 
 5.008698e+00  4.050392e-03 
 5.009096e+00  4.027794e-03 
 5.009493e+00  4.005621e-03 
 5.009891e+00  3.983884e-03 
 5.010289e+00  3.962595e-03 
 5.010687e+00  3.941768e-03 
 5.011084e+00  3.921426e-03 
 5.011482e+00  3.901587e-03 
 5.011880e+00  3.882271e-03 
 5.012277e+00  3.863474e-03 
 5.012675e+00  3.845230e-03 
 5.013073e+00  3.827557e-03 
 5.013470e+00  3.810460e-03 
 5.013868e+00  3.793947e-03 
 5.014266e+00  3.778019e-03 
 5.014663e+00  3.762684e-03 
 5.015061e+00  3.747951e-03 
 5.015459e+00  3.733841e-03 
 5.015857e+00  3.720358e-03 
 5.016254e+00  3.707516e-03 
 5.016652e+00  3.695313e-03 
 5.017050e+00  3.683750e-03 
 5.017447e+00  3.672824e-03 
 5.017845e+00  3.662542e-03 
 5.018243e+00  3.652901e-03 
 5.018640e+00  3.643906e-03 
 5.019038e+00  3.635562e-03 
 5.019436e+00  3.627878e-03 
 5.019834e+00  3.620863e-03 
 5.020231e+00  3.614519e-03 
 5.020629e+00  3.608856e-03 
 5.021027e+00  3.603882e-03 
 5.021424e+00  3.599606e-03 
 5.021822e+00  3.596044e-03 
 5.022220e+00  3.593211e-03 
 5.022617e+00  3.591123e-03 
 5.023015e+00  3.589786e-03 
 5.023413e+00  3.589202e-03 
 5.023810e+00  3.589393e-03 
 5.024208e+00  3.590361e-03 
 5.024606e+00  3.592110e-03 
 5.025004e+00  3.594653e-03 
 5.025401e+00  3.597987e-03 
 5.025799e+00  3.602114e-03 
 5.026197e+00  3.607031e-03 
 5.026594e+00  3.612730e-03 
 5.026992e+00  3.619202e-03 
 5.027390e+00  3.626422e-03 
 5.027787e+00  3.634377e-03 
 5.028185e+00  3.643063e-03 
 5.028583e+00  3.652471e-03 
 5.028981e+00  3.662583e-03 
 5.029378e+00  3.673384e-03 
 5.029776e+00  3.684856e-03 
 5.030174e+00  3.696982e-03 
 5.030571e+00  3.709760e-03 
 5.030969e+00  3.723184e-03 
 5.031367e+00  3.737236e-03 
 5.031764e+00  3.751907e-03 
 5.032162e+00  3.767182e-03 
 5.032560e+00  3.783055e-03 
 5.032957e+00  3.799516e-03 
 5.033355e+00  3.816541e-03 
 5.033753e+00  3.834105e-03 
 5.034151e+00  3.852193e-03 
 5.034548e+00  3.870794e-03 
 5.034946e+00  3.889894e-03 
 5.035344e+00  3.909473e-03 
 5.035741e+00  3.929509e-03 
 5.036139e+00  3.949981e-03 
 5.036537e+00  3.970874e-03 
 5.036934e+00  3.992176e-03 
 5.037332e+00  4.013885e-03 
 5.037730e+00  4.035991e-03 
 5.038128e+00  4.058492e-03 
 5.038525e+00  4.081382e-03 
 5.038923e+00  4.104660e-03 
 5.039321e+00  4.128313e-03 
 5.039718e+00  4.152339e-03 
 5.040116e+00  4.176723e-03 
 5.040514e+00  4.201444e-03 
 5.040911e+00  4.226497e-03 
 5.041309e+00  4.251867e-03 
 5.041707e+00  4.277527e-03 
 5.042104e+00  4.303449e-03 
 5.042502e+00  4.329611e-03 
 5.042900e+00  4.355977e-03 
 5.043298e+00  4.382521e-03 
 5.043695e+00  4.409233e-03 
 5.044093e+00  4.436085e-03 
 5.044491e+00  4.463055e-03 
 5.044888e+00  4.490119e-03 
 5.045286e+00  4.517241e-03 
 5.045684e+00  4.544404e-03 
 5.046081e+00  4.571572e-03 
 5.046479e+00  4.598723e-03 
 5.046877e+00  4.625833e-03 
 5.047275e+00  4.652892e-03 
 5.047672e+00  4.679888e-03 
 5.048070e+00  4.706818e-03 
 5.048468e+00  4.733660e-03 
 5.048865e+00  4.760412e-03 
 5.049263e+00  4.787041e-03 
 5.049661e+00  4.813542e-03 
 5.050058e+00  4.839900e-03 
 5.050456e+00  4.866117e-03 
 5.050854e+00  4.892184e-03 
 5.051251e+00  4.918074e-03 
 5.051649e+00  4.943774e-03 
 5.052047e+00  4.969266e-03 
 5.052445e+00  4.994527e-03 
 5.052842e+00  5.019547e-03 
 5.053240e+00  5.044301e-03 
 5.053638e+00  5.068772e-03 
 5.054035e+00  5.092942e-03 
 5.054433e+00  5.116801e-03 
 5.054831e+00  5.140339e-03 
 5.055228e+00  5.163537e-03 
 5.055626e+00  5.186377e-03 
 5.056024e+00  5.208840e-03 
 5.056422e+00  5.230918e-03 
 5.056819e+00  5.252602e-03 
 5.057217e+00  5.273882e-03 
 5.057615e+00  5.294750e-03 
 5.058012e+00  5.315201e-03 
 5.058410e+00  5.335230e-03 
 5.058808e+00  5.354825e-03 
 5.059205e+00  5.373977e-03 
 5.059603e+00  5.392684e-03 
 5.060001e+00  5.410936e-03 
 5.060398e+00  5.428703e-03 
 5.060796e+00  5.445992e-03 
 5.061194e+00  5.462791e-03 
 5.061592e+00  5.479081e-03 
 5.061989e+00  5.494856e-03 
 5.062387e+00  5.510100e-03 
 5.062785e+00  5.524800e-03 
 5.063182e+00  5.538964e-03 
 5.063580e+00  5.552596e-03 
 5.063978e+00  5.565680e-03 
 5.064375e+00  5.578231e-03 
 5.064773e+00  5.590233e-03 
 5.065171e+00  5.601691e-03 
 5.065569e+00  5.612611e-03 
 5.065966e+00  5.623006e-03 
 5.066364e+00  5.632873e-03 
 5.066762e+00  5.642227e-03 
 5.067159e+00  5.651066e-03 
 5.067557e+00  5.659394e-03 
 5.067955e+00  5.667205e-03 
 5.068352e+00  5.674476e-03 
 5.068750e+00  5.681198e-03 
 5.069148e+00  5.687349e-03 
 5.069545e+00  5.692920e-03 
 5.069943e+00  5.697893e-03 
 5.070341e+00  5.702263e-03 
 5.070739e+00  5.706014e-03 
 5.071136e+00  5.709128e-03 
 5.071534e+00  5.711593e-03 
 5.071932e+00  5.713407e-03 
 5.072329e+00  5.714566e-03 
 5.072727e+00  5.715069e-03 
 5.073125e+00  5.714908e-03 
 5.073522e+00  5.714087e-03 
 5.073920e+00  5.712601e-03 
 5.074318e+00  5.710454e-03 
 5.074716e+00  5.707646e-03 
 5.075113e+00  5.704181e-03 
 5.075511e+00  5.700049e-03 
 5.075909e+00  5.695256e-03 
 5.076306e+00  5.689812e-03 
 5.076704e+00  5.683724e-03 
 5.077102e+00  5.677002e-03 
 5.077499e+00  5.669649e-03 
 5.077897e+00  5.661664e-03 
 5.078295e+00  5.653056e-03 
 5.078692e+00  5.643830e-03 
 5.079090e+00  5.634005e-03 
 5.079488e+00  5.623589e-03 
 5.079886e+00  5.612593e-03 
 5.080283e+00  5.601019e-03 
 5.080681e+00  5.588881e-03 
 5.081079e+00  5.576194e-03 
 5.081476e+00  5.562968e-03 
 5.081874e+00  5.549212e-03 
 5.082272e+00  5.534938e-03 
 5.082669e+00  5.520151e-03 
 5.083067e+00  5.504871e-03 
 5.083465e+00  5.489110e-03 
 5.083863e+00  5.472868e-03 
 5.084260e+00  5.456147e-03 
 5.084658e+00  5.438951e-03 
 5.085056e+00  5.421284e-03 
 5.085453e+00  5.403157e-03 
 5.085851e+00  5.384569e-03 
 5.086249e+00  5.365520e-03 
 5.086646e+00  5.346020e-03 
 5.087044e+00  5.326059e-03 
 5.087442e+00  5.305642e-03 
 5.087839e+00  5.284772e-03 
 5.088237e+00  5.263439e-03 
 5.088635e+00  5.241651e-03 
 5.089033e+00  5.219410e-03 
 5.089430e+00  5.196734e-03 
 5.089828e+00  5.173626e-03 
 5.090226e+00  5.150100e-03 
 5.090623e+00  5.126170e-03 
 5.091021e+00  5.101856e-03 
 5.091419e+00  5.077175e-03 
 5.091816e+00  5.052160e-03 
 5.092214e+00  5.026837e-03 
 5.092612e+00  5.001229e-03 
 5.093010e+00  4.975362e-03 
 5.093407e+00  4.949260e-03 
 5.093805e+00  4.922948e-03 
 5.094203e+00  4.896446e-03 
 5.094600e+00  4.869768e-03 
 5.094998e+00  4.842944e-03 
 5.095396e+00  4.815982e-03 
 5.095793e+00  4.788902e-03 
 5.096191e+00  4.761725e-03 
 5.096589e+00  4.734451e-03 
 5.096986e+00  4.707093e-03 
 5.097384e+00  4.679657e-03 
 5.097782e+00  4.652155e-03 
 5.098180e+00  4.624607e-03 
 5.098577e+00  4.597047e-03 
 5.098975e+00  4.569495e-03 
 5.099373e+00  4.541977e-03 
 5.099770e+00  4.514521e-03 
 5.100168e+00  4.487155e-03 
 5.100566e+00  4.459902e-03 
 5.100963e+00  4.432781e-03 
 5.101361e+00  4.405814e-03 
 5.101759e+00  4.379020e-03 
 5.102157e+00  4.352415e-03 
 5.102554e+00  4.326018e-03 
 5.102952e+00  4.299851e-03 
 5.103350e+00  4.273922e-03 
 5.103747e+00  4.248245e-03 
 5.104145e+00  4.222822e-03 
 5.104543e+00  4.197671e-03 
 5.104940e+00  4.172819e-03 
 5.105338e+00  4.148277e-03 
 5.105736e+00  4.124072e-03 
 5.106133e+00  4.100217e-03 
 5.106531e+00  4.076736e-03 
 5.106929e+00  4.053640e-03 
 5.107327e+00  4.030954e-03 
 5.107724e+00  4.008687e-03 
 5.108122e+00  3.986853e-03 
 5.108520e+00  3.965469e-03 
 5.108917e+00  3.944552e-03 
 5.109315e+00  3.924116e-03 
 5.109713e+00  3.904176e-03 
 5.110110e+00  3.884753e-03 
 5.110508e+00  3.865881e-03 
 5.110906e+00  3.847546e-03 
 5.111304e+00  3.829796e-03 
 5.111701e+00  3.812622e-03 
 5.112099e+00  3.796028e-03 
 5.112497e+00  3.780024e-03 
 5.112894e+00  3.764613e-03 
 5.113292e+00  3.749796e-03 
 5.113690e+00  3.735589e-03 
 5.114087e+00  3.722004e-03 
 5.114485e+00  3.709048e-03 
 5.114883e+00  3.696727e-03 
 5.115280e+00  3.685040e-03 
 5.115678e+00  3.673993e-03 
 5.116076e+00  3.663602e-03 
 5.116474e+00  3.653864e-03 
 5.116871e+00  3.644798e-03 
 5.117269e+00  3.636416e-03 
 5.117667e+00  3.628733e-03 
 5.118064e+00  3.621771e-03 
 5.118462e+00  3.615552e-03 
 5.118860e+00  3.610085e-03 
 5.119257e+00  3.605377e-03 
 5.119655e+00  3.601435e-03 
 5.120053e+00  3.598258e-03 
 5.120451e+00  3.595851e-03 
 5.120848e+00  3.594223e-03 
 5.121246e+00  3.593372e-03 
 5.121644e+00  3.593294e-03 
 5.122041e+00  3.593982e-03 
 5.122439e+00  3.595435e-03 
 5.122837e+00  3.597642e-03 
 5.123234e+00  3.600590e-03 
 5.123632e+00  3.604266e-03 
 5.124030e+00  3.608663e-03 
 5.124427e+00  3.613771e-03 
 5.124825e+00  3.619575e-03 
 5.125223e+00  3.626069e-03 
 5.125621e+00  3.633241e-03 
 5.126018e+00  3.641081e-03 
 5.126416e+00  3.649591e-03 
 5.126814e+00  3.658763e-03 
 5.127211e+00  3.668592e-03 
 5.127609e+00  3.679083e-03 
 5.128007e+00  3.690227e-03 
 5.128404e+00  3.702010e-03 
 5.128802e+00  3.714420e-03 
 5.129200e+00  3.727445e-03 
 5.129598e+00  3.741056e-03 
 5.129995e+00  3.755238e-03 
 5.130393e+00  3.769971e-03 
 5.130791e+00  3.785237e-03 
 5.131188e+00  3.801026e-03 
 5.131586e+00  3.817307e-03 
 5.131984e+00  3.834076e-03 
 5.132381e+00  3.851330e-03 
 5.132779e+00  3.869063e-03 
 5.133177e+00  3.887271e-03 
 5.133574e+00  3.905967e-03 
 5.133972e+00  3.925144e-03 
 5.134370e+00  3.944804e-03 
 5.134768e+00  3.964951e-03 
 5.135165e+00  3.985568e-03 
 5.135563e+00  4.006658e-03 
 5.135961e+00  4.028202e-03 
 5.136358e+00  4.050183e-03 
 5.136756e+00  4.072593e-03 
 5.137154e+00  4.095402e-03 
 5.137551e+00  4.118592e-03 
 5.137949e+00  4.142138e-03 
 5.138347e+00  4.166018e-03 
 5.138745e+00  4.190201e-03 
 5.139142e+00  4.214671e-03 
 5.139540e+00  4.239398e-03 
 5.139938e+00  4.264362e-03 
 5.140335e+00  4.289542e-03 
 5.140733e+00  4.314910e-03 
 5.141131e+00  4.340448e-03 
 5.141528e+00  4.366129e-03 
 5.141926e+00  4.391936e-03 
 5.142324e+00  4.417856e-03 
 5.142721e+00  4.443866e-03 
 5.143119e+00  4.469958e-03 
 5.143517e+00  4.496104e-03 
 5.143915e+00  4.522290e-03 
 5.144312e+00  4.548506e-03 
 5.144710e+00  4.574733e-03 
 5.145108e+00  4.600964e-03 
 5.145505e+00  4.627193e-03 
 5.145903e+00  4.653405e-03 
 5.146301e+00  4.679596e-03 
 5.146698e+00  4.705759e-03 
 5.147096e+00  4.731884e-03 
 5.147494e+00  4.757946e-03 
 5.147892e+00  4.783929e-03 
 5.148289e+00  4.809815e-03 
 5.148687e+00  4.835583e-03 
 5.149085e+00  4.861214e-03 
 5.149482e+00  4.886701e-03 
 5.149880e+00  4.912032e-03 
 5.150278e+00  4.937190e-03 
 5.150675e+00  4.962170e-03 
 5.151073e+00  4.986957e-03 
 5.151471e+00  5.011538e-03 
 5.151868e+00  5.035897e-03 
 5.152266e+00  5.060022e-03 
 5.152664e+00  5.083898e-03 
 5.153062e+00  5.107516e-03 
 5.153459e+00  5.130869e-03 
 5.153857e+00  5.153942e-03 
 5.154255e+00  5.176732e-03 
 5.154652e+00  5.199225e-03 
 5.155050e+00  5.221402e-03 
 5.155448e+00  5.243248e-03 
 5.155845e+00  5.264747e-03 
 5.156243e+00  5.285885e-03 
 5.156641e+00  5.306654e-03 
 5.157039e+00  5.327032e-03 
 5.157436e+00  5.347004e-03 
 5.157834e+00  5.366553e-03 
 5.158232e+00  5.385661e-03 
 5.158629e+00  5.404313e-03 
 5.159027e+00  5.422491e-03 
 5.159425e+00  5.440199e-03 
 5.159822e+00  5.457429e-03 
 5.160220e+00  5.474182e-03 
 5.160618e+00  5.490470e-03 
 5.161015e+00  5.506292e-03 
 5.161413e+00  5.521642e-03 
 5.161811e+00  5.536526e-03 
 5.162209e+00  5.550955e-03 
 5.162606e+00  5.564919e-03 
 5.163004e+00  5.578404e-03 
 5.163402e+00  5.591395e-03 
 5.163799e+00  5.603864e-03 
 5.164197e+00  5.615791e-03 
 5.164595e+00  5.627163e-03 
 5.164992e+00  5.637952e-03 
 5.165390e+00  5.648140e-03 
 5.165788e+00  5.657724e-03 
 5.166186e+00  5.666694e-03 
 5.166583e+00  5.675034e-03 
 5.166981e+00  5.682732e-03 
 5.167379e+00  5.689781e-03 
 5.167776e+00  5.696167e-03 
 5.168174e+00  5.701891e-03 
 5.168572e+00  5.706948e-03 
 5.168969e+00  5.711340e-03 
 5.169367e+00  5.715076e-03 
 5.169765e+00  5.718152e-03 
 5.170162e+00  5.720566e-03 
 5.170560e+00  5.722318e-03 
 5.170958e+00  5.723400e-03 
 5.171356e+00  5.723802e-03 
 5.171753e+00  5.723533e-03 
 5.172151e+00  5.722591e-03 
 5.172549e+00  5.720977e-03 
 5.172946e+00  5.718704e-03 
 5.173344e+00  5.715783e-03 
 5.173742e+00  5.712223e-03 
 5.174139e+00  5.708031e-03 
 5.174537e+00  5.703210e-03 
 5.174935e+00  5.697774e-03 
 5.175333e+00  5.691724e-03 
 5.175730e+00  5.685068e-03 
 5.176128e+00  5.677817e-03 
 5.176526e+00  5.669969e-03 
 5.176923e+00  5.661529e-03 
 5.177321e+00  5.652500e-03 
 5.177719e+00  5.642887e-03 
 5.178116e+00  5.632706e-03 
 5.178514e+00  5.621956e-03 
 5.178912e+00  5.610631e-03 
 5.179309e+00  5.598739e-03 
 5.179707e+00  5.586283e-03 
 5.180105e+00  5.573263e-03 
 5.180503e+00  5.559686e-03 
 5.180900e+00  5.545542e-03 
 5.181298e+00  5.530815e-03 
 5.181696e+00  5.515505e-03 
 5.182093e+00  5.499617e-03 
 5.182491e+00  5.483154e-03 
 5.182889e+00  5.466108e-03 
 5.183286e+00  5.448477e-03 
 5.183684e+00  5.430256e-03 
 5.184082e+00  5.411458e-03 
 5.184480e+00  5.392091e-03 
 5.184877e+00  5.372156e-03 
 5.185275e+00  5.351662e-03 
 5.185673e+00  5.330618e-03 
 5.186070e+00  5.309048e-03 
 5.186468e+00  5.286972e-03 
 5.186866e+00  5.264418e-03 
 5.187263e+00  5.241412e-03 
 5.187661e+00  5.217975e-03 
 5.188059e+00  5.194136e-03 
 5.188456e+00  5.169928e-03 
 5.188854e+00  5.145380e-03 
 5.189252e+00  5.120522e-03 
 5.189650e+00  5.095376e-03 
 5.190047e+00  5.069962e-03 
 5.190445e+00  5.044303e-03 
 5.190843e+00  5.018417e-03 
 5.191240e+00  4.992315e-03 
 5.191638e+00  4.966010e-03 
 5.192036e+00  4.939501e-03 
 5.192433e+00  4.912797e-03 
 5.192831e+00  4.885905e-03 
 5.193229e+00  4.858843e-03 
 5.193627e+00  4.831634e-03 
 5.194024e+00  4.804296e-03 
 5.194422e+00  4.776853e-03 
 5.194820e+00  4.749321e-03 
 5.195217e+00  4.721722e-03 
 5.195615e+00  4.694076e-03 
 5.196013e+00  4.666396e-03 
 5.196410e+00  4.638693e-03 
 5.196808e+00  4.610991e-03 
 5.197206e+00  4.583302e-03 
 5.197603e+00  4.555644e-03 
 5.198001e+00  4.528032e-03 
 5.198399e+00  4.500483e-03 
 5.198797e+00  4.473005e-03 
 5.199194e+00  4.445605e-03 
 5.199592e+00  4.418294e-03 
 5.199990e+00  4.391097e-03 
 5.200387e+00  4.364035e-03 
 5.200785e+00  4.337125e-03 
 5.201183e+00  4.310400e-03 
 5.201580e+00  4.283896e-03 
 5.201978e+00  4.257638e-03 
 5.202376e+00  4.231654e-03 
 5.202774e+00  4.205966e-03 
 5.203171e+00  4.180599e-03 
 5.203569e+00  4.155579e-03 
 5.203967e+00  4.130919e-03 
 5.204364e+00  4.106656e-03 
 5.204762e+00  4.082808e-03 
 5.205160e+00  4.059398e-03 
 5.205557e+00  4.036438e-03 
 5.205955e+00  4.013957e-03 
 5.206353e+00  3.991974e-03 
 5.206750e+00  3.970490e-03 
 5.207148e+00  3.949525e-03 
 5.207546e+00  3.929084e-03 
 5.207944e+00  3.909193e-03 
 5.208341e+00  3.889855e-03 
 5.208739e+00  3.871073e-03 
 5.209137e+00  3.852862e-03 
 5.209534e+00  3.835225e-03 
 5.209932e+00  3.818151e-03 
 5.210330e+00  3.801644e-03 
 5.210727e+00  3.785713e-03 
 5.211125e+00  3.770359e-03 
 5.211523e+00  3.755593e-03 
 5.211921e+00  3.741419e-03 
 5.212318e+00  3.727860e-03 
 5.212716e+00  3.714924e-03 
 5.213114e+00  3.702626e-03 
 5.213511e+00  3.690988e-03 
 5.213909e+00  3.680018e-03 
 5.214307e+00  3.669724e-03 
 5.214704e+00  3.660125e-03 
 5.215102e+00  3.651231e-03 
 5.215500e+00  3.643049e-03 
 5.215897e+00  3.635600e-03 
 5.216295e+00  3.628879e-03 
 5.216693e+00  3.622903e-03 
 5.217091e+00  3.617676e-03 
 5.217488e+00  3.613206e-03 
 5.217886e+00  3.609485e-03 
 5.218284e+00  3.606500e-03 
 5.218681e+00  3.604243e-03 
 5.219079e+00  3.602709e-03 
 5.219477e+00  3.601888e-03 
 5.219874e+00  3.601779e-03 
 5.220272e+00  3.602373e-03 
 5.220670e+00  3.603667e-03 
 5.221068e+00  3.605659e-03 
 5.221465e+00  3.608341e-03 
 5.221863e+00  3.611721e-03 
 5.222261e+00  3.615801e-03 
 5.222658e+00  3.620557e-03 
 5.223056e+00  3.625982e-03 
 5.223454e+00  3.632078e-03 
 5.223851e+00  3.638845e-03 
 5.224249e+00  3.646263e-03 
 5.224647e+00  3.654310e-03 
 5.225044e+00  3.662969e-03 
 5.225442e+00  3.672224e-03 
 5.225840e+00  3.682060e-03 
 5.226238e+00  3.692465e-03 
 5.226635e+00  3.703434e-03 
 5.227033e+00  3.714948e-03 
 5.227431e+00  3.726993e-03 
 5.227828e+00  3.739578e-03 
 5.228226e+00  3.752706e-03 
 5.228624e+00  3.766391e-03 
 5.229021e+00  3.780624e-03 
 5.229419e+00  3.795417e-03 
 5.229817e+00  3.810785e-03 
 5.230215e+00  3.826734e-03 
 5.230612e+00  3.843256e-03 
 5.231010e+00  3.860349e-03 
 5.231408e+00  3.877998e-03 
 5.231805e+00  3.896189e-03 
 5.232203e+00  3.914904e-03 
 5.232601e+00  3.934130e-03 
 5.232998e+00  3.953855e-03 
 5.233396e+00  3.974058e-03 
 5.233794e+00  3.994713e-03 
 5.234191e+00  4.015810e-03 
 5.234589e+00  4.037330e-03 
 5.234987e+00  4.059250e-03 
 5.235385e+00  4.081547e-03 
 5.235782e+00  4.104192e-03 
 5.236180e+00  4.127164e-03 
 5.236578e+00  4.150430e-03 
 5.236975e+00  4.173971e-03 
 5.237373e+00  4.197754e-03 
 5.237771e+00  4.221765e-03 
 5.238168e+00  4.245979e-03 
 5.238566e+00  4.270379e-03 
 5.238964e+00  4.294946e-03 
 5.239362e+00  4.319669e-03 
 5.239759e+00  4.344533e-03 
 5.240157e+00  4.369519e-03 
 5.240555e+00  4.394615e-03 
 5.240952e+00  4.419816e-03 
 5.241350e+00  4.445102e-03 
 5.241748e+00  4.470469e-03 
 5.242145e+00  4.495910e-03 
 5.242543e+00  4.521407e-03 
 5.242941e+00  4.546955e-03 
 5.243338e+00  4.572545e-03 
 5.243736e+00  4.598159e-03 
 5.244134e+00  4.623798e-03 
 5.244532e+00  4.649442e-03 
 5.244929e+00  4.675087e-03 
 5.245327e+00  4.700720e-03 
 5.245725e+00  4.726343e-03 
 5.246122e+00  4.751947e-03 
 5.246520e+00  4.777518e-03 
 5.246918e+00  4.803046e-03 
 5.247315e+00  4.828517e-03 
 5.247713e+00  4.853917e-03 
 5.248111e+00  4.879237e-03 
 5.248509e+00  4.904463e-03 
 5.248906e+00  4.929583e-03 
 5.249304e+00  4.954579e-03 
 5.249702e+00  4.979439e-03 
 5.250099e+00  5.004158e-03 
 5.250497e+00  5.028716e-03 
 5.250895e+00  5.053089e-03 
 5.251292e+00  5.077248e-03 
 5.251690e+00  5.101175e-03 
 5.252088e+00  5.124842e-03 
 5.252485e+00  5.148230e-03 
 5.252883e+00  5.171317e-03 
 5.253281e+00  5.194081e-03 
 5.253679e+00  5.216502e-03 
 5.254076e+00  5.238558e-03 
 5.254474e+00  5.260233e-03 
 5.254872e+00  5.281523e-03 
 5.255269e+00  5.302416e-03 
 5.255667e+00  5.322903e-03 
 5.256065e+00  5.342981e-03 
 5.256462e+00  5.362665e-03 
 5.256860e+00  5.381961e-03 
 5.257258e+00  5.400858e-03 
 5.257656e+00  5.419363e-03 
 5.258053e+00  5.437466e-03 
 5.258451e+00  5.455144e-03 
 5.258849e+00  5.472394e-03 
 5.259246e+00  5.489201e-03 
 5.259644e+00  5.505553e-03 
 5.260042e+00  5.521420e-03 
 5.260439e+00  5.536795e-03 
 5.260837e+00  5.551660e-03 
 5.261235e+00  5.566002e-03 
 5.261632e+00  5.579816e-03 
 5.262030e+00  5.593082e-03 
 5.262428e+00  5.605790e-03 
 5.262826e+00  5.617931e-03 
 5.263223e+00  5.629508e-03 
 5.263621e+00  5.640513e-03 
 5.264019e+00  5.650945e-03 
 5.264416e+00  5.660786e-03 
 5.264814e+00  5.670032e-03 
 5.265212e+00  5.678667e-03 
 5.265609e+00  5.686679e-03 
 5.266007e+00  5.694060e-03 
 5.266405e+00  5.700786e-03 
 5.266803e+00  5.706859e-03 
 5.267200e+00  5.712280e-03 
 5.267598e+00  5.717053e-03 
 5.267996e+00  5.721176e-03 
 5.268393e+00  5.724647e-03 
 5.268791e+00  5.727457e-03 
 5.269189e+00  5.729610e-03 
 5.269586e+00  5.731108e-03 
 5.269984e+00  5.731946e-03 
 5.270382e+00  5.732133e-03 
 5.270779e+00  5.731664e-03 
 5.271177e+00  5.730535e-03 
 5.271575e+00  5.728746e-03 
 5.271973e+00  5.726299e-03 
 5.272370e+00  5.723191e-03 
 5.272768e+00  5.719415e-03 
 5.273166e+00  5.714971e-03 
 5.273563e+00  5.709859e-03 
 5.273961e+00  5.704084e-03 
 5.274359e+00  5.697650e-03 
 5.274756e+00  5.690557e-03 
 5.275154e+00  5.682804e-03 
 5.275552e+00  5.674384e-03 
 5.275950e+00  5.665295e-03 
 5.276347e+00  5.655533e-03 
 5.276745e+00  5.645101e-03 
 5.277143e+00  5.634002e-03 
 5.277540e+00  5.622228e-03 
 5.277938e+00  5.609787e-03 
 5.278336e+00  5.596682e-03 
 5.278733e+00  5.582907e-03 
 5.279131e+00  5.568463e-03 
 5.279529e+00  5.553358e-03 
 5.279926e+00  5.537588e-03 
 5.280324e+00  5.521160e-03 
 5.280722e+00  5.504073e-03 
 5.281120e+00  5.486351e-03 
 5.281517e+00  5.468009e-03 
 5.281915e+00  5.449067e-03 
 5.282313e+00  5.429539e-03 
 5.282710e+00  5.409454e-03 
 5.283108e+00  5.388838e-03 
 5.283506e+00  5.367718e-03 
 5.283903e+00  5.346124e-03 
 5.284301e+00  5.324078e-03 
 5.284699e+00  5.301610e-03 
 5.285097e+00  5.278738e-03 
 5.285494e+00  5.255493e-03 
 5.285892e+00  5.231900e-03 
 5.286290e+00  5.207965e-03 
 5.286687e+00  5.183698e-03 
 5.287085e+00  5.159110e-03 
 5.287483e+00  5.134203e-03 
 5.287880e+00  5.108987e-03 
 5.288278e+00  5.083465e-03 
 5.288676e+00  5.057655e-03 
 5.289073e+00  5.031574e-03 
 5.289471e+00  5.005245e-03 
 5.289869e+00  4.978691e-03 
 5.290267e+00  4.951933e-03 
 5.290664e+00  4.924991e-03 
 5.291062e+00  4.897877e-03 
 5.291460e+00  4.870603e-03 
 5.291857e+00  4.843198e-03 
 5.292255e+00  4.815672e-03 
 5.292653e+00  4.788040e-03 
 5.293050e+00  4.760311e-03 
 5.293448e+00  4.732494e-03 
 5.293846e+00  4.704602e-03 
 5.294244e+00  4.676649e-03 
 5.294641e+00  4.648650e-03 
 5.295039e+00  4.620610e-03 
 5.295437e+00  4.592545e-03 
 5.295834e+00  4.564481e-03 
 5.296232e+00  4.536451e-03 
 5.296630e+00  4.508480e-03 
 5.297027e+00  4.480588e-03 
 5.297425e+00  4.452802e-03 
 5.297823e+00  4.425153e-03 
 5.298220e+00  4.397666e-03 
 5.298618e+00  4.370372e-03 
 5.299016e+00  4.343297e-03 
 5.299414e+00  4.316463e-03 
 5.299811e+00  4.289889e-03 
 5.300209e+00  4.263599e-03 
 5.300607e+00  4.237621e-03 
 5.301004e+00  4.211977e-03 
 5.301402e+00  4.186691e-03 
 5.301800e+00  4.161790e-03 
 5.302197e+00  4.137299e-03 
 5.302595e+00  4.113238e-03 
 5.302993e+00  4.089619e-03 
 5.303391e+00  4.066470e-03 
 5.303788e+00  4.043799e-03 
 5.304186e+00  4.021612e-03 
 5.304584e+00  3.999924e-03 
 5.304981e+00  3.978739e-03 
 5.305379e+00  3.958070e-03 
 5.305777e+00  3.937917e-03 
 5.306174e+00  3.918287e-03 
 5.306572e+00  3.899184e-03 
 5.306970e+00  3.880627e-03 
 5.307367e+00  3.862617e-03 
 5.307765e+00  3.845167e-03 
 5.308163e+00  3.828298e-03 
 5.308561e+00  3.812020e-03 
 5.308958e+00  3.796335e-03 
 5.309356e+00  3.781270e-03 
 5.309754e+00  3.766831e-03 
 5.310151e+00  3.753029e-03 
 5.310549e+00  3.739882e-03 
 5.310947e+00  3.727408e-03 
 5.311344e+00  3.715614e-03 
 5.311742e+00  3.704497e-03 
 5.312140e+00  3.694080e-03 
 5.312538e+00  3.684356e-03 
 5.312935e+00  3.675318e-03 
 5.313333e+00  3.666967e-03 
 5.313731e+00  3.659301e-03 
 5.314128e+00  3.652313e-03 
 5.314526e+00  3.645995e-03 
 5.314924e+00  3.640342e-03 
 5.315321e+00  3.635351e-03 
 5.315719e+00  3.631026e-03 
 5.316117e+00  3.627366e-03 
 5.316514e+00  3.624368e-03 
 5.316912e+00  3.622035e-03 
 5.317310e+00  3.620365e-03 
 5.317708e+00  3.619357e-03 
 5.318105e+00  3.619019e-03 
 5.318503e+00  3.619359e-03 
 5.318901e+00  3.620363e-03 
 5.319298e+00  3.622029e-03 
 5.319696e+00  3.624352e-03 
 5.320094e+00  3.627325e-03 
 5.320491e+00  3.630935e-03 
 5.320889e+00  3.635165e-03 
 5.321287e+00  3.640002e-03 
 5.321685e+00  3.645428e-03 
 5.322082e+00  3.651443e-03 
 5.322480e+00  3.658049e-03 
 5.322878e+00  3.665246e-03 
 5.323275e+00  3.673030e-03 
 5.323673e+00  3.681401e-03 
 5.324071e+00  3.690369e-03 
 5.324468e+00  3.699933e-03 
 5.324866e+00  3.710096e-03 
 5.325264e+00  3.720862e-03 
 5.325661e+00  3.732236e-03 
 5.326059e+00  3.744209e-03 
 5.326457e+00  3.756776e-03 
 5.326855e+00  3.769931e-03 
 5.327252e+00  3.783668e-03 
 5.327650e+00  3.797962e-03 
 5.328048e+00  3.812793e-03 
 5.328445e+00  3.828148e-03 
 5.328843e+00  3.844010e-03 
 5.329241e+00  3.860368e-03 
 5.329638e+00  3.877207e-03 
 5.330036e+00  3.894518e-03 
 5.330434e+00  3.912278e-03 
 5.330832e+00  3.930478e-03 
 5.331229e+00  3.949098e-03 
 5.331627e+00  3.968114e-03 
 5.332025e+00  3.987514e-03 
 5.332422e+00  4.007267e-03 
 5.332820e+00  4.027359e-03 
 5.333218e+00  4.047776e-03 
 5.333615e+00  4.068505e-03 
 5.334013e+00  4.089537e-03 
 5.334411e+00  4.110865e-03 
 5.334808e+00  4.132466e-03 
 5.335206e+00  4.154332e-03 
 5.335604e+00  4.176457e-03 
 5.336002e+00  4.198845e-03 
 5.336399e+00  4.221486e-03 
 5.336797e+00  4.244376e-03 
 5.337195e+00  4.267519e-03 
 5.337592e+00  4.290911e-03 
 5.337990e+00  4.314554e-03 
 5.338388e+00  4.338440e-03 
 5.338785e+00  4.362549e-03 
 5.339183e+00  4.386872e-03 
 5.339581e+00  4.411398e-03 
 5.339979e+00  4.436120e-03 
 5.340376e+00  4.461035e-03 
 5.340774e+00  4.486128e-03 
 5.341172e+00  4.511381e-03 
 5.341569e+00  4.536784e-03 
 5.341967e+00  4.562326e-03 
 5.342365e+00  4.587992e-03 
 5.342762e+00  4.613761e-03 
 5.343160e+00  4.639620e-03 
 5.343558e+00  4.665550e-03 
 5.343955e+00  4.691536e-03 
 5.344353e+00  4.717564e-03 
 5.344751e+00  4.743626e-03 
 5.345149e+00  4.769697e-03 
 5.345546e+00  4.795759e-03 
 5.345944e+00  4.821794e-03 
 5.346342e+00  4.847777e-03 
 5.346739e+00  4.873686e-03 
 5.347137e+00  4.899494e-03 
 5.347535e+00  4.925178e-03 
 5.347932e+00  4.950705e-03 
 5.348330e+00  4.976047e-03 
 5.348728e+00  5.001178e-03 
 5.349126e+00  5.026078e-03 
 5.349523e+00  5.050729e-03 
 5.349921e+00  5.075113e-03 
 5.350319e+00  5.099222e-03 
 5.350716e+00  5.123053e-03 
 5.351114e+00  5.146593e-03 
 5.351512e+00  5.169844e-03 
 5.351909e+00  5.192805e-03 
 5.352307e+00  5.215470e-03 
 5.352705e+00  5.237829e-03 
 5.353102e+00  5.259884e-03 
 5.353500e+00  5.281629e-03 
 5.353898e+00  5.303054e-03 
 5.354296e+00  5.324153e-03 
 5.354693e+00  5.344908e-03 
 5.355091e+00  5.365303e-03 
 5.355489e+00  5.385328e-03 
 5.355886e+00  5.404966e-03 
 5.356284e+00  5.424199e-03 
 5.356682e+00  5.443008e-03 
 5.357079e+00  5.461377e-03 
 5.357477e+00  5.479296e-03 
 5.357875e+00  5.496760e-03 
 5.358273e+00  5.513754e-03 
 5.358670e+00  5.530266e-03 
 5.359068e+00  5.546283e-03 
 5.359466e+00  5.561791e-03 
 5.359863e+00  5.576774e-03 
 5.360261e+00  5.591215e-03 
 5.360659e+00  5.605099e-03 
 5.361056e+00  5.618399e-03 
 5.361454e+00  5.631094e-03 
 5.361852e+00  5.643189e-03 
 5.362249e+00  5.654680e-03 
 5.362647e+00  5.665550e-03 
 5.363045e+00  5.675795e-03 
 5.363443e+00  5.685411e-03 
 5.363840e+00  5.694390e-03 
 5.364238e+00  5.702713e-03 
 5.364636e+00  5.710388e-03 
 5.365033e+00  5.717389e-03 
 5.365431e+00  5.723724e-03 
 5.365829e+00  5.729378e-03 
 5.366226e+00  5.734346e-03 
 5.366624e+00  5.738623e-03 
 5.367022e+00  5.742202e-03 
 5.367420e+00  5.745070e-03 
 5.367817e+00  5.747210e-03 
 5.368215e+00  5.748630e-03 
 5.368613e+00  5.749318e-03 
 5.369010e+00  5.749269e-03 
 5.369408e+00  5.748489e-03 
 5.369806e+00  5.746984e-03 
 5.370203e+00  5.744745e-03 
 5.370601e+00  5.741774e-03 
 5.370999e+00  5.738083e-03 
 5.371396e+00  5.733662e-03 
 5.371794e+00  5.728510e-03 
 5.372192e+00  5.722623e-03 
 5.372590e+00  5.715998e-03 
 5.372987e+00  5.708639e-03 
 5.373385e+00  5.700548e-03 
 5.373783e+00  5.691729e-03 
 5.374180e+00  5.682179e-03 
 5.374578e+00  5.671897e-03 
 5.374976e+00  5.660874e-03 
 5.375373e+00  5.649117e-03 
 5.375771e+00  5.636634e-03 
 5.376169e+00  5.623423e-03 
 5.376567e+00  5.609494e-03 
 5.376964e+00  5.594872e-03 
 5.377362e+00  5.579575e-03 
 5.377760e+00  5.563632e-03 
 5.378157e+00  5.547072e-03 
 5.378555e+00  5.529911e-03 
 5.378953e+00  5.512169e-03 
 5.379350e+00  5.493877e-03 
 5.379748e+00  5.475069e-03 
 5.380146e+00  5.455760e-03 
 5.380543e+00  5.435959e-03 
 5.380941e+00  5.415686e-03 
 5.381339e+00  5.394952e-03 
 5.381737e+00  5.373778e-03 
 5.382134e+00  5.352170e-03 
 5.382532e+00  5.330128e-03 
 5.382930e+00  5.307651e-03 
 5.383327e+00  5.284743e-03 
 5.383725e+00  5.261420e-03 
 5.384123e+00  5.237693e-03 
 5.384520e+00  5.213575e-03 
 5.384918e+00  5.189078e-03 
 5.385316e+00  5.164218e-03 
 5.385714e+00  5.139028e-03 
 5.386111e+00  5.113528e-03 
 5.386509e+00  5.087725e-03 
 5.386907e+00  5.061642e-03 
 5.387304e+00  5.035287e-03 
 5.387702e+00  5.008674e-03 
 5.388100e+00  4.981819e-03 
 5.388497e+00  4.954743e-03 
 5.388895e+00  4.927457e-03 
 5.389293e+00  4.899975e-03 
 5.389690e+00  4.872316e-03 
 5.390088e+00  4.844497e-03 
 5.390486e+00  4.816537e-03 
 5.390884e+00  4.788462e-03 
 5.391281e+00  4.760295e-03 
 5.391679e+00  4.732074e-03 
 5.392077e+00  4.703824e-03 
 5.392474e+00  4.675581e-03 
 5.392872e+00  4.647369e-03 
 5.393270e+00  4.619225e-03 
 5.393667e+00  4.591169e-03 
 5.394065e+00  4.563226e-03 
 5.394463e+00  4.535416e-03 
 5.394861e+00  4.507764e-03 
 5.395258e+00  4.480292e-03 
 5.395656e+00  4.453027e-03 
 5.396054e+00  4.425991e-03 
 5.396451e+00  4.399218e-03 
 5.396849e+00  4.372727e-03 
 5.397247e+00  4.346543e-03 
 5.397644e+00  4.320692e-03 
 5.398042e+00  4.295194e-03 
 5.398440e+00  4.270053e-03 
 5.398837e+00  4.245280e-03 
 5.399235e+00  4.220887e-03 
 5.399633e+00  4.196888e-03 
 5.400031e+00  4.173291e-03 
 5.400428e+00  4.150086e-03 
 5.400826e+00  4.127283e-03 
 5.401224e+00  4.104889e-03 
 5.401621e+00  4.082895e-03 
 5.402019e+00  4.061315e-03 
 5.402417e+00  4.040163e-03 
 5.402814e+00  4.019436e-03 
 5.403212e+00  3.999144e-03 
 5.403610e+00  3.979311e-03 
 5.404008e+00  3.959939e-03 
 5.404405e+00  3.941045e-03 
 5.404803e+00  3.922629e-03 
 5.405201e+00  3.904714e-03 
 5.405598e+00  3.887327e-03 
 5.405996e+00  3.870462e-03 
 5.406394e+00  3.854152e-03 
 5.406791e+00  3.838398e-03 
 5.407189e+00  3.823201e-03 
 5.407587e+00  3.808573e-03 
 5.407984e+00  3.794520e-03 
 5.408382e+00  3.781038e-03 
 5.408780e+00  3.768136e-03 
 5.409178e+00  3.755810e-03 
 5.409575e+00  3.744070e-03 
 5.409973e+00  3.732922e-03 
 5.410371e+00  3.722374e-03 
 5.410768e+00  3.712427e-03 
 5.411166e+00  3.703080e-03 
 5.411564e+00  3.694328e-03 
 5.411961e+00  3.686177e-03 
 5.412359e+00  3.678640e-03 
 5.412757e+00  3.671721e-03 
 5.413154e+00  3.665431e-03 
 5.413552e+00  3.659775e-03 
 5.413950e+00  3.654756e-03 
 5.414348e+00  3.650380e-03 
 5.414745e+00  3.646647e-03 
 5.415143e+00  3.643552e-03 
 5.415541e+00  3.641084e-03 
 5.415938e+00  3.639229e-03 
 5.416336e+00  3.637977e-03 
 5.416734e+00  3.637322e-03 
 5.417131e+00  3.637270e-03 
 5.417529e+00  3.637815e-03 
 5.417927e+00  3.638955e-03 
 5.418325e+00  3.640689e-03 
 5.418722e+00  3.643024e-03 
 5.419120e+00  3.645960e-03 
 5.419518e+00  3.649498e-03 
 5.419915e+00  3.653644e-03 
 5.420313e+00  3.658391e-03 
 5.420711e+00  3.663745e-03 
 5.421108e+00  3.669713e-03 
 5.421506e+00  3.676298e-03 
 5.421904e+00  3.683485e-03 
 5.422301e+00  3.691259e-03 
 5.422699e+00  3.699613e-03 
 5.423097e+00  3.708542e-03 
 5.423495e+00  3.718037e-03 
 5.423892e+00  3.728094e-03 
 5.424290e+00  3.738713e-03 
 5.424688e+00  3.749885e-03 
 5.425085e+00  3.761616e-03 
 5.425483e+00  3.773909e-03 
 5.425881e+00  3.786752e-03 
 5.426278e+00  3.800125e-03 
 5.426676e+00  3.814009e-03 
 5.427074e+00  3.828393e-03 
 5.427472e+00  3.843261e-03 
 5.427869e+00  3.858594e-03 
 5.428267e+00  3.874376e-03 
 5.428665e+00  3.890589e-03 
 5.429062e+00  3.907224e-03 
 5.429460e+00  3.924265e-03 
 5.429858e+00  3.941708e-03 
 5.430255e+00  3.959546e-03 
 5.430653e+00  3.977782e-03 
 5.431051e+00  3.996422e-03 
 5.431448e+00  4.015473e-03 
 5.431846e+00  4.034941e-03 
 5.432244e+00  4.054834e-03 
 5.432642e+00  4.075154e-03 
 5.433039e+00  4.095907e-03 
 5.433437e+00  4.117079e-03 
 5.433835e+00  4.138662e-03 
 5.434232e+00  4.160646e-03 
 5.434630e+00  4.183014e-03 
 5.435028e+00  4.205745e-03 
 5.435425e+00  4.228827e-03 
 5.435823e+00  4.252240e-03 
 5.436221e+00  4.275971e-03 
 5.436619e+00  4.300002e-03 
 5.437016e+00  4.324319e-03 
 5.437414e+00  4.348912e-03 
 5.437812e+00  4.373770e-03 
 5.438209e+00  4.398869e-03 
 5.438607e+00  4.424204e-03 
 5.439005e+00  4.449762e-03 
 5.439402e+00  4.475526e-03 
 5.439800e+00  4.501481e-03 
 5.440198e+00  4.527611e-03 
 5.440595e+00  4.553895e-03 
 5.440993e+00  4.580310e-03 
 5.441391e+00  4.606838e-03 
 5.441789e+00  4.633458e-03 
 5.442186e+00  4.660138e-03 
 5.442584e+00  4.686849e-03 
 5.442982e+00  4.713578e-03 
 5.443379e+00  4.740306e-03 
 5.443777e+00  4.767001e-03 
 5.444175e+00  4.793642e-03 
 5.444572e+00  4.820205e-03 
 5.444970e+00  4.846676e-03 
 5.445368e+00  4.873034e-03 
 5.445766e+00  4.899270e-03 
 5.446163e+00  4.925375e-03 
 5.446561e+00  4.951340e-03 
 5.446959e+00  4.977160e-03 
 5.447356e+00  5.002841e-03 
 5.447754e+00  5.028385e-03 
 5.448152e+00  5.053780e-03 
 5.448549e+00  5.079016e-03 
 5.448947e+00  5.104080e-03 
 5.449345e+00  5.128967e-03 
 5.449742e+00  5.153647e-03 
 5.450140e+00  5.178108e-03 
 5.450538e+00  5.202327e-03 
 5.450936e+00  5.226282e-03 
 5.451333e+00  5.249949e-03 
 5.451731e+00  5.273314e-03 
 5.452129e+00  5.296356e-03 
 5.452526e+00  5.319055e-03 
 5.452924e+00  5.341390e-03 
 5.453322e+00  5.363332e-03 
 5.453719e+00  5.384873e-03 
 5.454117e+00  5.405998e-03 
 5.454515e+00  5.426681e-03 
 5.454913e+00  5.446905e-03 
 5.455310e+00  5.466631e-03 
 5.455708e+00  5.485856e-03 
 5.456106e+00  5.504542e-03 
 5.456503e+00  5.522687e-03 
 5.456901e+00  5.540271e-03 
 5.457299e+00  5.557271e-03 
 5.457696e+00  5.573676e-03 
 5.458094e+00  5.589488e-03 
 5.458492e+00  5.604689e-03 
 5.458889e+00  5.619268e-03 
 5.459287e+00  5.633222e-03 
 5.459685e+00  5.646524e-03 
 5.460083e+00  5.659160e-03 
 5.460480e+00  5.671125e-03 
 5.460878e+00  5.682419e-03 
 5.461276e+00  5.693018e-03 
 5.461673e+00  5.702901e-03 
 5.462071e+00  5.712063e-03 
 5.462469e+00  5.720488e-03 
 5.462866e+00  5.728159e-03 
 5.463264e+00  5.735068e-03 
 5.463662e+00  5.741206e-03 
 5.464060e+00  5.746575e-03 
 5.464457e+00  5.751168e-03 
 5.464855e+00  5.754990e-03 
 5.465253e+00  5.758058e-03 
 5.465650e+00  5.760381e-03 
 5.466048e+00  5.761949e-03 
 5.466446e+00  5.762777e-03 
 5.466843e+00  5.762878e-03 
 5.467241e+00  5.762234e-03 
 5.467639e+00  5.760845e-03 
 5.468036e+00  5.758711e-03 
 5.468434e+00  5.755820e-03 
 5.468832e+00  5.752166e-03 
 5.469230e+00  5.747752e-03 
 5.469627e+00  5.742575e-03 
 5.470025e+00  5.736629e-03 
 5.470423e+00  5.729907e-03 
 5.470820e+00  5.722409e-03 
 5.471218e+00  5.714145e-03 
 5.471616e+00  5.705125e-03 
 5.472013e+00  5.695368e-03 
 5.472411e+00  5.684888e-03 
 5.472809e+00  5.673712e-03 
 5.473207e+00  5.661863e-03 
 5.473604e+00  5.649359e-03 
 5.474002e+00  5.636223e-03 
 5.474400e+00  5.622476e-03 
 5.474797e+00  5.608136e-03 
 5.475195e+00  5.593220e-03 
 5.475593e+00  5.577761e-03 
 5.475990e+00  5.561763e-03 
 5.476388e+00  5.545233e-03 
 5.476786e+00  5.528179e-03 
 5.477183e+00  5.510590e-03 
 5.477581e+00  5.492469e-03 
 5.477979e+00  5.473818e-03 
 5.478377e+00  5.454646e-03 
 5.478774e+00  5.434952e-03 
 5.479172e+00  5.414749e-03 
 5.479570e+00  5.394054e-03 
 5.479967e+00  5.372880e-03 
 5.480365e+00  5.351245e-03 
 5.480763e+00  5.329154e-03 
 5.481160e+00  5.306625e-03 
 5.481558e+00  5.283672e-03 
 5.481956e+00  5.260321e-03 
 5.482354e+00  5.236584e-03 
 5.482751e+00  5.212481e-03 
 5.483149e+00  5.188035e-03 
 5.483547e+00  5.163249e-03 
 5.483944e+00  5.138147e-03 
 5.484342e+00  5.112744e-03 
 5.484740e+00  5.087060e-03 
 5.485137e+00  5.061113e-03 
 5.485535e+00  5.034936e-03 
 5.485933e+00  5.008545e-03 
 5.486330e+00  4.981975e-03 
 5.486728e+00  4.955259e-03 
 5.487126e+00  4.928423e-03 
 5.487524e+00  4.901504e-03 
 5.487921e+00  4.874525e-03 
 5.488319e+00  4.847509e-03 
 5.488717e+00  4.820473e-03 
 5.489114e+00  4.793441e-03 
 5.489512e+00  4.766439e-03 
 5.489910e+00  4.739480e-03 
 5.490307e+00  4.712580e-03 
 5.490705e+00  4.685766e-03 
 5.491103e+00  4.659050e-03 
 5.491501e+00  4.632451e-03 
 5.491898e+00  4.605984e-03 
 5.492296e+00  4.579664e-03 
 5.492694e+00  4.553492e-03 
 5.493091e+00  4.527489e-03 
 5.493489e+00  4.501678e-03 
 5.493887e+00  4.476058e-03 
 5.494284e+00  4.450643e-03 
 5.494682e+00  4.425439e-03 
 5.495080e+00  4.400451e-03 
 5.495477e+00  4.375678e-03 
 5.495875e+00  4.351112e-03 
 5.496273e+00  4.326754e-03 
 5.496671e+00  4.302602e-03 
 5.497068e+00  4.278651e-03 
 5.497466e+00  4.254917e-03 
 5.497864e+00  4.231417e-03 
 5.498261e+00  4.208170e-03 
 5.498659e+00  4.185186e-03 
 5.499057e+00  4.162489e-03 
 5.499454e+00  4.140106e-03 
 5.499852e+00  4.118058e-03 
 5.500250e+00  4.096373e-03 
 5.500648e+00  4.075073e-03 
 5.501045e+00  4.054183e-03 
 5.501443e+00  4.033724e-03 
 5.501841e+00  4.013710e-03 
 5.502238e+00  3.994172e-03 
 5.502636e+00  3.975104e-03 
 5.503034e+00  3.956519e-03 
 5.503431e+00  3.938419e-03 
 5.503829e+00  3.920802e-03 
 5.504227e+00  3.903680e-03 
 5.504624e+00  3.887055e-03 
 5.505022e+00  3.870924e-03 
 5.505420e+00  3.855302e-03 
 5.505818e+00  3.840178e-03 
 5.506215e+00  3.825569e-03 
 5.506613e+00  3.811470e-03 
 5.507011e+00  3.797897e-03 
 5.507408e+00  3.784844e-03 
 5.507806e+00  3.772325e-03 
 5.508204e+00  3.760346e-03 
 5.508601e+00  3.748917e-03 
 5.508999e+00  3.738040e-03 
 5.509397e+00  3.727724e-03 
 5.509795e+00  3.717962e-03 
 5.510192e+00  3.708751e-03 
 5.510590e+00  3.700103e-03 
 5.510988e+00  3.692004e-03 
 5.511385e+00  3.684453e-03 
 5.511783e+00  3.677454e-03 
 5.512181e+00  3.670993e-03 
 5.512578e+00  3.665077e-03 
 5.512976e+00  3.659715e-03 
 5.513374e+00  3.654911e-03 
 5.513771e+00  3.650674e-03 
 5.514169e+00  3.647012e-03 
 5.514567e+00  3.643934e-03 
 5.514965e+00  3.641454e-03 
 5.515362e+00  3.639586e-03 
 5.515760e+00  3.638341e-03 
 5.516158e+00  3.637717e-03 
 5.516555e+00  3.637721e-03 
 5.516953e+00  3.638363e-03 
 5.517351e+00  3.639644e-03 
 5.517748e+00  3.641562e-03 
 5.518146e+00  3.644120e-03 
 5.518544e+00  3.647313e-03 
 5.518942e+00  3.651134e-03 
 5.519339e+00  3.655585e-03 
 5.519737e+00  3.660673e-03 
 5.520135e+00  3.666398e-03 
 5.520532e+00  3.672747e-03 
 5.520930e+00  3.679718e-03 
 5.521328e+00  3.687312e-03 
 5.521725e+00  3.695517e-03 
 5.522123e+00  3.704320e-03 
 5.522521e+00  3.713702e-03 
 5.522918e+00  3.723648e-03 
 5.523316e+00  3.734137e-03 
 5.523714e+00  3.745157e-03 
 5.524112e+00  3.756703e-03 
 5.524509e+00  3.768767e-03 
 5.524907e+00  3.781332e-03 
 5.525305e+00  3.794393e-03 
 5.525702e+00  3.807953e-03 
 5.526100e+00  3.822035e-03 
 5.526498e+00  3.836642e-03 
 5.526895e+00  3.851804e-03 
 5.527293e+00  3.867536e-03 
 5.527691e+00  3.883851e-03 
 5.528089e+00  3.900757e-03 
 5.528486e+00  3.918252e-03 
 5.528884e+00  3.936337e-03 
 5.529282e+00  3.955003e-03 
 5.529679e+00  3.974234e-03 
 5.530077e+00  3.994024e-03 
 5.530475e+00  4.014353e-03 
 5.530872e+00  4.035205e-03 
 5.531270e+00  4.056564e-03 
 5.531668e+00  4.078412e-03 
 5.532065e+00  4.100717e-03 
 5.532463e+00  4.123459e-03 
 5.532861e+00  4.146616e-03 
 5.533259e+00  4.170182e-03 
 5.533656e+00  4.194145e-03 
 5.534054e+00  4.218491e-03 
 5.534452e+00  4.243210e-03 
 5.534849e+00  4.268284e-03 
 5.535247e+00  4.293698e-03 
 5.535645e+00  4.319428e-03 
 5.536042e+00  4.345451e-03 
 5.536440e+00  4.371730e-03 
 5.536838e+00  4.398240e-03 
 5.537236e+00  4.424949e-03 
 5.537633e+00  4.451827e-03 
 5.538031e+00  4.478840e-03 
 5.538429e+00  4.505955e-03 
 5.538826e+00  4.533157e-03 
 5.539224e+00  4.560414e-03 
 5.539622e+00  4.587703e-03 
 5.540019e+00  4.615005e-03 
 5.540417e+00  4.642311e-03 
 5.540815e+00  4.669606e-03 
 5.541212e+00  4.696886e-03 
 5.541610e+00  4.724161e-03 
 5.542008e+00  4.751434e-03 
 5.542406e+00  4.778709e-03 
 5.542803e+00  4.805983e-03 
 5.543201e+00  4.833256e-03 
 5.543599e+00  4.860520e-03 
 5.543996e+00  4.887764e-03 
 5.544394e+00  4.914971e-03 
 5.544792e+00  4.942123e-03 
 5.545189e+00  4.969195e-03 
 5.545587e+00  4.996171e-03 
 5.545985e+00  5.023026e-03 
 5.546383e+00  5.049742e-03 
 5.546780e+00  5.076289e-03 
 5.547178e+00  5.102632e-03 
 5.547576e+00  5.128744e-03 
 5.547973e+00  5.154605e-03 
 5.548371e+00  5.180180e-03 
 5.548769e+00  5.205439e-03 
 5.549166e+00  5.230358e-03 
 5.549564e+00  5.254907e-03 
 5.549962e+00  5.279062e-03 
 5.550359e+00  5.302799e-03 
 5.550757e+00  5.326097e-03 
 5.551155e+00  5.348918e-03 
 5.551553e+00  5.371240e-03 
 5.551950e+00  5.393037e-03 
 5.552348e+00  5.414294e-03 
 5.552746e+00  5.434983e-03 
 5.553143e+00  5.455093e-03 
 5.553541e+00  5.474624e-03 
 5.553939e+00  5.493557e-03 
 5.554336e+00  5.511891e-03 
 5.554734e+00  5.529610e-03 
 5.555132e+00  5.546718e-03 
 5.555530e+00  5.563190e-03 
 5.555927e+00  5.579034e-03 
 5.556325e+00  5.594225e-03 
 5.556723e+00  5.608756e-03 
 5.557120e+00  5.622599e-03 
 5.557518e+00  5.635753e-03 
 5.557916e+00  5.648203e-03 
 5.558313e+00  5.659937e-03 
 5.558711e+00  5.670946e-03 
 5.559109e+00  5.681245e-03 
 5.559506e+00  5.690834e-03 
 5.559904e+00  5.699720e-03 
 5.560302e+00  5.707915e-03 
 5.560700e+00  5.715433e-03 
 5.561097e+00  5.722270e-03 
 5.561495e+00  5.728440e-03 
 5.561893e+00  5.733932e-03 
 5.562290e+00  5.738751e-03 
 5.562688e+00  5.742892e-03 
 5.563086e+00  5.746347e-03 
 5.563483e+00  5.749105e-03 
 5.563881e+00  5.751158e-03 
 5.564279e+00  5.752485e-03 
 5.564677e+00  5.753060e-03 
 5.565074e+00  5.752878e-03 
 5.565472e+00  5.751923e-03 
 5.565870e+00  5.750193e-03 
 5.566267e+00  5.747679e-03 
 5.566665e+00  5.744397e-03 
 5.567063e+00  5.740354e-03 
 5.567460e+00  5.735555e-03 
 5.567858e+00  5.730021e-03 
 5.568256e+00  5.723765e-03 
 5.568653e+00  5.716807e-03 
 5.569051e+00  5.709159e-03 
 5.569449e+00  5.700840e-03 
 5.569847e+00  5.691878e-03 
 5.570244e+00  5.682285e-03 
 5.570642e+00  5.672082e-03 
 5.571040e+00  5.661278e-03 
 5.571437e+00  5.649877e-03 
 5.571835e+00  5.637884e-03 
 5.572233e+00  5.625302e-03 
 5.572630e+00  5.612131e-03 
 5.573028e+00  5.598383e-03 
 5.573426e+00  5.584062e-03 
 5.573824e+00  5.569165e-03 
 5.574221e+00  5.553708e-03 
 5.574619e+00  5.537692e-03 
 5.575017e+00  5.521147e-03 
 5.575414e+00  5.504080e-03 
 5.575812e+00  5.486504e-03 
 5.576210e+00  5.468430e-03 
 5.576607e+00  5.449866e-03 
 5.577005e+00  5.430830e-03 
 5.577403e+00  5.411337e-03 
 5.577800e+00  5.391402e-03 
 5.578198e+00  5.371037e-03 
 5.578596e+00  5.350253e-03 
 5.578994e+00  5.329079e-03 
 5.579391e+00  5.307528e-03 
 5.579789e+00  5.285609e-03 
 5.580187e+00  5.263323e-03 
 5.580584e+00  5.240684e-03 
 5.580982e+00  5.217707e-03 
 5.581380e+00  5.194422e-03 
 5.581777e+00  5.170851e-03 
 5.582175e+00  5.147016e-03 
 5.582573e+00  5.122950e-03 
 5.582971e+00  5.098675e-03 
 5.583368e+00  5.074222e-03 
 5.583766e+00  5.049598e-03 
 5.584164e+00  5.024807e-03 
 5.584561e+00  4.999866e-03 
 5.584959e+00  4.974796e-03 
 5.585357e+00  4.949606e-03 
 5.585754e+00  4.924323e-03 
 5.586152e+00  4.898956e-03 
 5.586550e+00  4.873527e-03 
 5.586947e+00  4.848041e-03 
 5.587345e+00  4.822527e-03 
 5.587743e+00  4.797000e-03 
 5.588141e+00  4.771476e-03 
 5.588538e+00  4.745965e-03 
 5.588936e+00  4.720485e-03 
 5.589334e+00  4.695042e-03 
 5.589731e+00  4.669646e-03 
 5.590129e+00  4.644295e-03 
 5.590527e+00  4.618993e-03 
 5.590924e+00  4.593730e-03 
 5.591322e+00  4.568503e-03 
 5.591720e+00  4.543305e-03 
 5.592118e+00  4.518139e-03 
 5.592515e+00  4.493003e-03 
 5.592913e+00  4.467907e-03 
 5.593311e+00  4.442859e-03 
 5.593708e+00  4.417881e-03 
 5.594106e+00  4.392998e-03 
 5.594504e+00  4.368236e-03 
 5.594901e+00  4.343618e-03 
 5.595299e+00  4.319190e-03 
 5.595697e+00  4.294972e-03 
 5.596094e+00  4.270988e-03 
 5.596492e+00  4.247258e-03 
 5.596890e+00  4.223814e-03 
 5.597288e+00  4.200678e-03 
 5.597685e+00  4.177864e-03 
 5.598083e+00  4.155385e-03 
 5.598481e+00  4.133245e-03 
 5.598878e+00  4.111455e-03 
 5.599276e+00  4.090018e-03 
 5.599674e+00  4.068940e-03 
 5.600071e+00  4.048226e-03 
 5.600469e+00  4.027870e-03 
 5.600867e+00  4.007884e-03 
 5.601265e+00  3.988298e-03 
 5.601662e+00  3.969111e-03 
 5.602060e+00  3.950344e-03 
 5.602458e+00  3.932011e-03 
 5.602855e+00  3.914123e-03 
 5.603253e+00  3.896694e-03 
 5.603651e+00  3.879742e-03 
 5.604048e+00  3.863271e-03 
 5.604446e+00  3.847305e-03 
 5.604844e+00  3.831844e-03 
 5.605241e+00  3.816902e-03 
 5.605639e+00  3.802470e-03 
 5.606037e+00  3.788548e-03 
 5.606435e+00  3.775148e-03 
 5.606832e+00  3.762259e-03 
 5.607230e+00  3.749885e-03 
 5.607628e+00  3.738022e-03 
 5.608025e+00  3.726681e-03 
 5.608423e+00  3.715858e-03 
 5.608821e+00  3.705556e-03 
 5.609218e+00  3.695793e-03 
 5.609616e+00  3.686563e-03 
 5.610014e+00  3.677892e-03 
 5.610412e+00  3.669791e-03 
 5.610809e+00  3.662277e-03 
 5.611207e+00  3.655370e-03 
 5.611605e+00  3.649088e-03 
 5.612002e+00  3.643443e-03 
 5.612400e+00  3.638437e-03 
 5.612798e+00  3.634081e-03 
 5.613195e+00  3.630375e-03 
 5.613593e+00  3.627322e-03 
 5.613991e+00  3.624944e-03 
 5.614388e+00  3.623249e-03 
 5.614786e+00  3.622246e-03 
 5.615184e+00  3.621930e-03 
 5.615582e+00  3.622307e-03 
 5.615979e+00  3.623370e-03 
 5.616377e+00  3.625117e-03 
 5.616775e+00  3.627540e-03 
 5.617172e+00  3.630634e-03 
 5.617570e+00  3.634387e-03 
 5.617968e+00  3.638784e-03 
 5.618365e+00  3.643822e-03 
 5.618763e+00  3.649497e-03 
 5.619161e+00  3.655798e-03 
 5.619559e+00  3.662716e-03 
 5.619956e+00  3.670246e-03 
 5.620354e+00  3.678385e-03 
 5.620752e+00  3.687147e-03 
 5.621149e+00  3.696546e-03 
 5.621547e+00  3.706589e-03 
 5.621945e+00  3.717290e-03 
 5.622342e+00  3.728663e-03 
 5.622740e+00  3.740721e-03 
 5.623138e+00  3.753477e-03 
 5.623535e+00  3.766931e-03 
 5.623933e+00  3.781078e-03 
 5.624331e+00  3.795907e-03 
 5.624729e+00  3.811401e-03 
 5.625126e+00  3.827541e-03 
 5.625524e+00  3.844306e-03 
 5.625922e+00  3.861668e-03 
 5.626319e+00  3.879614e-03 
 5.626717e+00  3.898129e-03 
 5.627115e+00  3.917194e-03 
 5.627512e+00  3.936793e-03 
 5.627910e+00  3.956910e-03 
 5.628308e+00  3.977525e-03 
 5.628706e+00  3.998635e-03 
 5.629103e+00  4.020235e-03 
 5.629501e+00  4.042309e-03 
 5.629899e+00  4.064857e-03 
 5.630296e+00  4.087860e-03 
 5.630694e+00  4.111316e-03 
 5.631092e+00  4.135192e-03 
 5.631489e+00  4.159466e-03 
 5.631887e+00  4.184105e-03 
 5.632285e+00  4.209075e-03 
 5.632682e+00  4.234347e-03 
 5.633080e+00  4.259897e-03 
 5.633478e+00  4.285706e-03 
 5.633876e+00  4.311743e-03 
 5.634273e+00  4.337985e-03 
 5.634671e+00  4.364410e-03 
 5.635069e+00  4.390995e-03 
 5.635466e+00  4.417727e-03 
 5.635864e+00  4.444593e-03 
 5.636262e+00  4.471598e-03 
 5.636659e+00  4.498730e-03 
 5.637057e+00  4.525996e-03 
 5.637455e+00  4.553402e-03 
 5.637853e+00  4.580949e-03 
 5.638250e+00  4.608626e-03 
 5.638648e+00  4.636423e-03 
 5.639046e+00  4.664334e-03 
 5.639443e+00  4.692342e-03 
 5.639841e+00  4.720424e-03 
 5.640239e+00  4.748560e-03 
 5.640636e+00  4.776724e-03 
 5.641034e+00  4.804891e-03 
 5.641432e+00  4.833023e-03 
 5.641829e+00  4.861091e-03 
 5.642227e+00  4.889063e-03 
 5.642625e+00  4.916904e-03 
 5.643023e+00  4.944594e-03 
 5.643420e+00  4.972100e-03 
 5.643818e+00  4.999395e-03 
 5.644216e+00  5.026443e-03 
 5.644613e+00  5.053218e-03 
 5.645011e+00  5.079692e-03 
 5.645409e+00  5.105837e-03 
 5.645806e+00  5.131625e-03 
 5.646204e+00  5.157031e-03 
 5.646602e+00  5.182027e-03 
 5.647000e+00  5.206596e-03 
 5.647397e+00  5.230722e-03 
 5.647795e+00  5.254385e-03 
 5.648193e+00  5.277566e-03 
 5.648590e+00  5.300254e-03 
 5.648988e+00  5.322449e-03 
 5.649386e+00  5.344134e-03 
 5.649783e+00  5.365308e-03 
 5.650181e+00  5.385968e-03 
 5.650579e+00  5.406104e-03 
 5.650976e+00  5.425694e-03 
 5.651374e+00  5.444732e-03 
 5.651772e+00  5.463225e-03 
 5.652170e+00  5.481137e-03 
 5.652567e+00  5.498479e-03 
 5.652965e+00  5.515229e-03 
 5.653363e+00  5.531383e-03 
 5.653760e+00  5.546933e-03 
 5.654158e+00  5.561886e-03 
 5.654556e+00  5.576248e-03 
 5.654953e+00  5.590011e-03 
 5.655351e+00  5.603190e-03 
 5.655749e+00  5.615791e-03 
 5.656147e+00  5.627816e-03 
 5.656544e+00  5.639276e-03 
 5.656942e+00  5.650160e-03 
 5.657340e+00  5.660456e-03 
 5.657737e+00  5.670165e-03 
 5.658135e+00  5.679270e-03 
 5.658533e+00  5.687761e-03 
 5.658930e+00  5.695605e-03 
 5.659328e+00  5.702790e-03 
 5.659726e+00  5.709295e-03 
 5.660123e+00  5.715093e-03 
 5.660521e+00  5.720158e-03 
 5.660919e+00  5.724476e-03 
 5.661317e+00  5.728036e-03 
 5.661714e+00  5.730823e-03 
 5.662112e+00  5.732848e-03 
 5.662510e+00  5.734117e-03 
 5.662907e+00  5.734641e-03 
 5.663305e+00  5.734436e-03 
 5.663703e+00  5.733504e-03 
 5.664100e+00  5.731861e-03 
 5.664498e+00  5.729531e-03 
 5.664896e+00  5.726517e-03 
 5.665294e+00  5.722839e-03 
 5.665691e+00  5.718512e-03 
 5.666089e+00  5.713548e-03 
 5.666487e+00  5.707953e-03 
 5.666884e+00  5.701736e-03 
 5.667282e+00  5.694901e-03 
 5.667680e+00  5.687442e-03 
 5.668077e+00  5.679366e-03 
 5.668475e+00  5.670674e-03 
 5.668873e+00  5.661372e-03 
 5.669270e+00  5.651461e-03 
 5.669668e+00  5.640948e-03 
 5.670066e+00  5.629845e-03 
 5.670464e+00  5.618161e-03 
 5.670861e+00  5.605912e-03 
 5.671259e+00  5.593107e-03 
 5.671657e+00  5.579756e-03 
 5.672054e+00  5.565875e-03 
 5.672452e+00  5.551476e-03 
 5.672850e+00  5.536569e-03 
 5.673247e+00  5.521154e-03 
 5.673645e+00  5.505247e-03 
 5.674043e+00  5.488857e-03 
 5.674441e+00  5.472000e-03 
 5.674838e+00  5.454685e-03 
 5.675236e+00  5.436912e-03 
 5.675634e+00  5.418707e-03 
 5.676031e+00  5.400073e-03 
 5.676429e+00  5.381024e-03 
 5.676827e+00  5.361569e-03 
 5.677224e+00  5.341728e-03 
 5.677622e+00  5.321508e-03 
 5.678020e+00  5.300919e-03 
 5.678417e+00  5.279996e-03 
 5.678815e+00  5.258735e-03 
 5.679213e+00  5.237153e-03 
 5.679611e+00  5.215253e-03 
 5.680008e+00  5.193045e-03 
 5.680406e+00  5.170551e-03 
 5.680804e+00  5.147774e-03 
 5.681201e+00  5.124735e-03 
 5.681599e+00  5.101448e-03 
 5.681997e+00  5.077932e-03 
 5.682394e+00  5.054216e-03 
 5.682792e+00  5.030314e-03 
 5.683190e+00  5.006246e-03 
 5.683588e+00  4.982022e-03 
 5.683985e+00  4.957649e-03 
 5.684383e+00  4.933136e-03 
 5.684781e+00  4.908494e-03 
 5.685178e+00  4.883728e-03 
 5.685576e+00  4.858829e-03 
 5.685974e+00  4.833793e-03 
 5.686371e+00  4.808612e-03 
 5.686769e+00  4.783288e-03 
 5.687167e+00  4.757818e-03 
 5.687564e+00  4.732203e-03 
 5.687962e+00  4.706446e-03 
 5.688360e+00  4.680559e-03 
 5.688758e+00  4.654569e-03 
 5.689155e+00  4.628501e-03 
 5.689553e+00  4.602382e-03 
 5.689951e+00  4.576234e-03 
 5.690348e+00  4.550092e-03 
 5.690746e+00  4.523987e-03 
 5.691144e+00  4.497960e-03 
 5.691541e+00  4.472043e-03 
 5.691939e+00  4.446265e-03 
 5.692337e+00  4.420639e-03 
 5.692735e+00  4.395181e-03 
 5.693132e+00  4.369910e-03 
 5.693530e+00  4.344834e-03 
 5.693928e+00  4.319961e-03 
 5.694325e+00  4.295310e-03 
 5.694723e+00  4.270888e-03 
 5.695121e+00  4.246709e-03 
 5.695518e+00  4.222789e-03 
 5.695916e+00  4.199136e-03 
 5.696314e+00  4.175763e-03 
 5.696711e+00  4.152694e-03 
 5.697109e+00  4.129943e-03 
 5.697507e+00  4.107518e-03 
 5.697905e+00  4.085453e-03 
 5.698302e+00  4.063770e-03 
 5.698700e+00  4.042479e-03 
 5.699098e+00  4.021616e-03 
 5.699495e+00  4.001182e-03 
 5.699893e+00  3.981183e-03 
 5.700291e+00  3.961624e-03 
 5.700688e+00  3.942512e-03 
 5.701086e+00  3.923848e-03 
 5.701484e+00  3.905637e-03 
 5.701882e+00  3.887865e-03 
 5.702279e+00  3.870546e-03 
 5.702677e+00  3.853675e-03 
 5.703075e+00  3.837241e-03 
 5.703472e+00  3.821260e-03 
 5.703870e+00  3.805731e-03 
 5.704268e+00  3.790647e-03 
 5.704665e+00  3.776036e-03 
 5.705063e+00  3.761900e-03 
 5.705461e+00  3.748262e-03 
 5.705858e+00  3.735148e-03 
 5.706256e+00  3.722574e-03 
 5.706654e+00  3.710573e-03 
 5.707052e+00  3.699164e-03 
 5.707449e+00  3.688369e-03 
 5.707847e+00  3.678203e-03 
 5.708245e+00  3.668685e-03 
 5.708642e+00  3.659827e-03 
 5.709040e+00  3.651647e-03 
 5.709438e+00  3.644158e-03 
 5.709835e+00  3.637362e-03 
 5.710233e+00  3.631281e-03 
 5.710631e+00  3.625915e-03 
 5.711029e+00  3.621280e-03 
 5.711426e+00  3.617367e-03 
 5.711824e+00  3.614169e-03 
 5.712222e+00  3.611684e-03 
 5.712619e+00  3.609898e-03 
 5.713017e+00  3.608805e-03 
 5.713415e+00  3.608398e-03 
 5.713812e+00  3.608670e-03 
 5.714210e+00  3.609620e-03 
 5.714608e+00  3.611244e-03 
 5.715005e+00  3.613533e-03 
 5.715403e+00  3.616497e-03 
 5.715801e+00  3.620133e-03 
 5.716199e+00  3.624446e-03 
 5.716596e+00  3.629441e-03 
 5.716994e+00  3.635131e-03 
 5.717392e+00  3.641524e-03 
 5.717789e+00  3.648638e-03 
 5.718187e+00  3.656484e-03 
 5.718585e+00  3.665050e-03 
 5.718982e+00  3.674327e-03 
 5.719380e+00  3.684303e-03 
 5.719778e+00  3.694963e-03 
 5.720176e+00  3.706299e-03 
 5.720573e+00  3.718290e-03 
 5.720971e+00  3.730914e-03 
 5.721369e+00  3.744156e-03 
 5.721766e+00  3.757998e-03 
 5.722164e+00  3.772445e-03 
 5.722562e+00  3.787484e-03 
 5.722959e+00  3.803102e-03 
 5.723357e+00  3.819299e-03 
 5.723755e+00  3.836073e-03 
 5.724152e+00  3.853430e-03 
 5.724550e+00  3.871379e-03 
 5.724948e+00  3.889900e-03 
 5.725346e+00  3.908998e-03 
 5.725743e+00  3.928653e-03 
 5.726141e+00  3.948860e-03 
 5.726539e+00  3.969609e-03 
 5.726936e+00  3.990877e-03 
 5.727334e+00  4.012647e-03 
 5.727732e+00  4.034884e-03 
 5.728129e+00  4.057570e-03 
 5.728527e+00  4.080673e-03 
 5.728925e+00  4.104167e-03 
 5.729323e+00  4.128023e-03 
 5.729720e+00  4.152220e-03 
 5.730118e+00  4.176740e-03 
 5.730516e+00  4.201577e-03 
 5.730913e+00  4.226721e-03 
 5.731311e+00  4.252163e-03 
 5.731709e+00  4.277884e-03 
 5.732106e+00  4.303877e-03 
 5.732504e+00  4.330134e-03 
 5.732902e+00  4.356649e-03 
 5.733299e+00  4.383416e-03 
 5.733697e+00  4.410426e-03 
 5.734095e+00  4.437662e-03 
 5.734493e+00  4.465113e-03 
 5.734890e+00  4.492761e-03 
 5.735288e+00  4.520576e-03 
 5.735686e+00  4.548527e-03 
 5.736083e+00  4.576590e-03 
 5.736481e+00  4.604731e-03 
 5.736879e+00  4.632925e-03 
 5.737276e+00  4.661142e-03 
 5.737674e+00  4.689351e-03 
 5.738072e+00  4.717525e-03 
 5.738470e+00  4.745633e-03 
 5.738867e+00  4.773654e-03 
 5.739265e+00  4.801557e-03 
 5.739663e+00  4.829315e-03 
 5.740060e+00  4.856913e-03 
 5.740458e+00  4.884327e-03 
 5.740856e+00  4.911531e-03 
 5.741253e+00  4.938495e-03 
 5.741651e+00  4.965192e-03 
 5.742049e+00  4.991610e-03 
 5.742446e+00  5.017724e-03 
 5.742844e+00  5.043529e-03 
 5.743242e+00  5.069005e-03 
 5.743640e+00  5.094140e-03 
 5.744037e+00  5.118927e-03 
 5.744435e+00  5.143363e-03 
 5.744833e+00  5.167438e-03 
 5.745230e+00  5.191139e-03 
 5.745628e+00  5.214462e-03 
 5.746026e+00  5.237405e-03 
 5.746423e+00  5.259947e-03 
 5.746821e+00  5.282079e-03 
 5.747219e+00  5.303783e-03 
 5.747617e+00  5.325033e-03 
 5.748014e+00  5.345809e-03 
 5.748412e+00  5.366111e-03 
 5.748810e+00  5.385922e-03 
 5.749207e+00  5.405241e-03 
 5.749605e+00  5.424066e-03 
 5.750003e+00  5.442403e-03 
 5.750400e+00  5.460259e-03 
 5.750798e+00  5.477630e-03 
 5.751196e+00  5.494536e-03 
 5.751593e+00  5.510964e-03 
 5.751991e+00  5.526906e-03 
 5.752389e+00  5.542364e-03 
 5.752787e+00  5.557333e-03 
 5.753184e+00  5.571789e-03 
 5.753582e+00  5.585719e-03 
 5.753980e+00  5.599095e-03 
 5.754377e+00  5.611882e-03 
 5.754775e+00  5.624050e-03 
 5.755173e+00  5.635574e-03 
 5.755570e+00  5.646425e-03 
 5.755968e+00  5.656584e-03 
 5.756366e+00  5.666016e-03 
 5.756764e+00  5.674729e-03 
 5.757161e+00  5.682709e-03 
 5.757559e+00  5.689950e-03 
 5.757957e+00  5.696464e-03 
 5.758354e+00  5.702254e-03 
 5.758752e+00  5.707332e-03 
 5.759150e+00  5.711723e-03 
 5.759547e+00  5.715435e-03 
 5.759945e+00  5.718477e-03 
 5.760343e+00  5.720859e-03 
 5.760740e+00  5.722581e-03 
 5.761138e+00  5.723655e-03 
 5.761536e+00  5.724086e-03 
 5.761934e+00  5.723885e-03 
 5.762331e+00  5.723054e-03 
 5.762729e+00  5.721594e-03 
 5.763127e+00  5.719498e-03 
 5.763524e+00  5.716769e-03 
 5.763922e+00  5.713407e-03 
 5.764320e+00  5.709413e-03 
 5.764717e+00  5.704786e-03 
 5.765115e+00  5.699529e-03 
 5.765513e+00  5.693652e-03 
 5.765911e+00  5.687171e-03 
 5.766308e+00  5.680087e-03 
 5.766706e+00  5.672409e-03 
 5.767104e+00  5.664147e-03 
 5.767501e+00  5.655301e-03 
 5.767899e+00  5.645883e-03 
 5.768297e+00  5.635894e-03 
 5.768694e+00  5.625351e-03 
 5.769092e+00  5.614269e-03 
 5.769490e+00  5.602649e-03 
 5.769887e+00  5.590497e-03 
 5.770285e+00  5.577823e-03 
 5.770683e+00  5.564618e-03 
 5.771081e+00  5.550892e-03 
 5.771478e+00  5.536659e-03 
 5.771876e+00  5.521926e-03 
 5.772274e+00  5.506689e-03 
 5.772671e+00  5.490956e-03 
 5.773069e+00  5.474726e-03 
 5.773467e+00  5.458004e-03 
 5.773864e+00  5.440796e-03 
 5.774262e+00  5.423097e-03 
 5.774660e+00  5.404912e-03 
 5.775058e+00  5.386259e-03 
 5.775455e+00  5.367144e-03 
 5.775853e+00  5.347585e-03 
 5.776251e+00  5.327592e-03 
 5.776648e+00  5.307189e-03 
 5.777046e+00  5.286387e-03 
 5.777444e+00  5.265213e-03 
 5.777841e+00  5.243693e-03 
 5.778239e+00  5.221854e-03 
 5.778637e+00  5.199715e-03 
 5.779034e+00  5.177292e-03 
 5.779432e+00  5.154592e-03 
 5.779830e+00  5.131614e-03 
 5.780228e+00  5.108361e-03 
 5.780625e+00  5.084837e-03 
 5.781023e+00  5.061034e-03 
 5.781421e+00  5.036963e-03 
 5.781818e+00  5.012621e-03 
 5.782216e+00  4.988019e-03 
 5.782614e+00  4.963152e-03 
 5.783011e+00  4.938034e-03 
 5.783409e+00  4.912674e-03 
 5.783807e+00  4.887092e-03 
 5.784205e+00  4.861316e-03 
 5.784602e+00  4.835379e-03 
 5.785000e+00  4.809313e-03 
 5.785398e+00  4.783154e-03 
 5.785795e+00  4.756934e-03 
 5.786193e+00  4.730691e-03 
 5.786591e+00  4.704437e-03 
 5.786988e+00  4.678198e-03 
 5.787386e+00  4.651983e-03 
 5.787784e+00  4.625816e-03 
 5.788181e+00  4.599708e-03 
 5.788579e+00  4.573656e-03 
 5.788977e+00  4.547662e-03 
 5.789375e+00  4.521727e-03 
 5.789772e+00  4.495851e-03 
 5.790170e+00  4.470046e-03 
 5.790568e+00  4.444320e-03 
 5.790965e+00  4.418687e-03 
 5.791363e+00  4.393162e-03 
 5.791761e+00  4.367752e-03 
 5.792158e+00  4.342490e-03 
 5.792556e+00  4.317392e-03 
 5.792954e+00  4.292475e-03 
 5.793352e+00  4.267764e-03 
 5.793749e+00  4.243281e-03 
 5.794147e+00  4.219051e-03 
 5.794545e+00  4.195091e-03 
 5.794942e+00  4.171421e-03 
 5.795340e+00  4.148048e-03 
 5.795738e+00  4.124981e-03 
 5.796135e+00  4.102229e-03 
 5.796533e+00  4.079801e-03 
 5.796931e+00  4.057699e-03 
 5.797328e+00  4.035940e-03 
 5.797726e+00  4.014524e-03 
 5.798124e+00  3.993454e-03 
 5.798522e+00  3.972743e-03 
 5.798919e+00  3.952393e-03 
 5.799317e+00  3.932424e-03 
 5.799715e+00  3.912841e-03 
 5.800112e+00  3.893672e-03 
 5.800510e+00  3.874963e-03 
 5.800908e+00  3.856716e-03 
 5.801305e+00  3.838963e-03 
 5.801703e+00  3.821727e-03 
 5.802101e+00  3.805026e-03 
 5.802499e+00  3.788872e-03 
 5.802896e+00  3.773295e-03 
 5.803294e+00  3.758313e-03 
 5.803692e+00  3.743956e-03 
 5.804089e+00  3.730246e-03 
 5.804487e+00  3.717195e-03 
 5.804885e+00  3.704823e-03 
 5.805282e+00  3.693130e-03 
 5.805680e+00  3.682119e-03 
 5.806078e+00  3.671795e-03 
 5.806475e+00  3.662152e-03 
 5.806873e+00  3.653197e-03 
 5.807271e+00  3.644921e-03 
 5.807669e+00  3.637331e-03 
 5.808066e+00  3.630419e-03 
 5.808464e+00  3.624183e-03 
 5.808862e+00  3.618609e-03 
 5.809259e+00  3.613697e-03 
 5.809657e+00  3.609457e-03 
 5.810055e+00  3.605881e-03 
 5.810452e+00  3.602983e-03 
 5.810850e+00  3.600770e-03 
 5.811248e+00  3.599258e-03 
 5.811646e+00  3.598453e-03 
 5.812043e+00  3.598368e-03 
 5.812441e+00  3.599015e-03 
 5.812839e+00  3.600404e-03 
 5.813236e+00  3.602547e-03 
 5.813634e+00  3.605446e-03 
 5.814032e+00  3.609103e-03 
 5.814429e+00  3.613510e-03 
 5.814827e+00  3.618651e-03 
 5.815225e+00  3.624510e-03 
 5.815622e+00  3.631072e-03 
 5.816020e+00  3.638324e-03 
 5.816418e+00  3.646250e-03 
 5.816816e+00  3.654833e-03 
 5.817213e+00  3.664070e-03 
 5.817611e+00  3.673952e-03 
 5.818009e+00  3.684481e-03 
 5.818406e+00  3.695652e-03 
 5.818804e+00  3.707464e-03 
 5.819202e+00  3.719927e-03 
 5.819599e+00  3.733047e-03 
 5.819997e+00  3.746822e-03 
 5.820395e+00  3.761261e-03 
 5.820793e+00  3.776356e-03 
 5.821190e+00  3.792090e-03 
 5.821588e+00  3.808449e-03 
 5.821986e+00  3.825414e-03 
 5.822383e+00  3.842978e-03 
 5.822781e+00  3.861119e-03 
 5.823179e+00  3.879817e-03 
 5.823576e+00  3.899054e-03 
 5.823974e+00  3.918812e-03 
 5.824372e+00  3.939066e-03 
 5.824769e+00  3.959791e-03 
 5.825167e+00  3.980978e-03 
 5.825565e+00  4.002613e-03 
 5.825963e+00  4.024686e-03 
 5.826360e+00  4.047193e-03 
 5.826758e+00  4.070117e-03 
 5.827156e+00  4.093463e-03 
 5.827553e+00  4.117212e-03 
 5.827951e+00  4.141355e-03 
 5.828349e+00  4.165886e-03 
 5.828746e+00  4.190783e-03 
 5.829144e+00  4.216044e-03 
 5.829542e+00  4.241651e-03 
 5.829940e+00  4.267590e-03 
 5.830337e+00  4.293832e-03 
 5.830735e+00  4.320345e-03 
 5.831133e+00  4.347097e-03 
 5.831530e+00  4.374070e-03 
 5.831928e+00  4.401238e-03 
 5.832326e+00  4.428571e-03 
 5.832723e+00  4.456047e-03 
 5.833121e+00  4.483636e-03 
 5.833519e+00  4.511301e-03 
 5.833916e+00  4.539019e-03 
 5.834314e+00  4.566757e-03 
 5.834712e+00  4.594489e-03 
 5.835110e+00  4.622183e-03 
 5.835507e+00  4.649817e-03 
 5.835905e+00  4.677372e-03 
 5.836303e+00  4.704838e-03 
 5.836700e+00  4.732191e-03 
 5.837098e+00  4.759413e-03 
 5.837496e+00  4.786485e-03 
 5.837893e+00  4.813398e-03 
 5.838291e+00  4.840151e-03 
 5.838689e+00  4.866738e-03 
 5.839087e+00  4.893156e-03 
 5.839484e+00  4.919403e-03 
 5.839882e+00  4.945465e-03 
 5.840280e+00  4.971332e-03 
 5.840677e+00  4.996985e-03 
 5.841075e+00  5.022413e-03 
 5.841473e+00  5.047602e-03 
 5.841870e+00  5.072525e-03 
 5.842268e+00  5.097174e-03 
 5.842666e+00  5.121531e-03 
 5.843063e+00  5.145573e-03 
 5.843461e+00  5.169273e-03 
 5.843859e+00  5.192618e-03 
 5.844257e+00  5.215596e-03 
 5.844654e+00  5.238193e-03 
 5.845052e+00  5.260397e-03 
 5.845450e+00  5.282201e-03 
 5.845847e+00  5.303611e-03 
 5.846245e+00  5.324635e-03 
 5.846643e+00  5.345256e-03 
 5.847040e+00  5.365482e-03 
 5.847438e+00  5.385303e-03 
 5.847836e+00  5.404704e-03 
 5.848234e+00  5.423667e-03 
 5.848631e+00  5.442167e-03 
 5.849029e+00  5.460175e-03 
 5.849427e+00  5.477656e-03 
 5.849824e+00  5.494577e-03 
 5.850222e+00  5.510901e-03 
 5.850620e+00  5.526603e-03 
 5.851017e+00  5.541655e-03 
 5.851415e+00  5.556050e-03 
 5.851813e+00  5.569769e-03 
 5.852210e+00  5.582821e-03 
 5.852608e+00  5.595186e-03 
 5.853006e+00  5.606871e-03 
 5.853404e+00  5.617869e-03 
 5.853801e+00  5.628205e-03 
 5.854199e+00  5.637885e-03 
 5.854597e+00  5.646929e-03 
 5.854994e+00  5.655360e-03 
 5.855392e+00  5.663194e-03 
 5.855790e+00  5.670442e-03 
 5.856187e+00  5.677122e-03 
 5.856585e+00  5.683224e-03 
 5.856983e+00  5.688751e-03 
 5.857381e+00  5.693696e-03 
 5.857778e+00  5.698062e-03 
 5.858176e+00  5.701839e-03 
 5.858574e+00  5.705028e-03 
 5.858971e+00  5.707629e-03 
 5.859369e+00  5.709632e-03 
 5.859767e+00  5.711031e-03 
 5.860164e+00  5.711834e-03 
 5.860562e+00  5.712030e-03 
 5.860960e+00  5.711623e-03 
 5.861357e+00  5.710615e-03 
 5.861755e+00  5.709017e-03 
 5.862153e+00  5.706831e-03 
 5.862551e+00  5.704056e-03 
 5.862948e+00  5.700707e-03 
 5.863346e+00  5.696772e-03 
 5.863744e+00  5.692254e-03 
 5.864141e+00  5.687153e-03 
 5.864539e+00  5.681461e-03 
 5.864937e+00  5.675192e-03 
 5.865334e+00  5.668341e-03 
 5.865732e+00  5.660904e-03 
 5.866130e+00  5.652877e-03 
 5.866528e+00  5.644258e-03 
 5.866925e+00  5.635051e-03 
 5.867323e+00  5.625253e-03 
 5.867721e+00  5.614864e-03 
 5.868118e+00  5.603887e-03 
 5.868516e+00  5.592311e-03 
 5.868914e+00  5.580142e-03 
 5.869311e+00  5.567387e-03 
 5.869709e+00  5.554046e-03 
 5.870107e+00  5.540123e-03 
 5.870504e+00  5.525625e-03 
 5.870902e+00  5.510568e-03 
 5.871300e+00  5.494971e-03 
 5.871698e+00  5.478863e-03 
 5.872095e+00  5.462249e-03 
 5.872493e+00  5.445147e-03 
 5.872891e+00  5.427580e-03 
 5.873288e+00  5.409564e-03 
 5.873686e+00  5.391126e-03 
 5.874084e+00  5.372284e-03 
 5.874481e+00  5.353049e-03 
 5.874879e+00  5.333420e-03 
 5.875277e+00  5.313417e-03 
 5.875675e+00  5.293039e-03 
 5.876072e+00  5.272272e-03 
 5.876470e+00  5.251116e-03 
 5.876868e+00  5.229552e-03 
 5.877265e+00  5.207583e-03 
 5.877663e+00  5.185212e-03 
 5.878061e+00  5.162446e-03 
 5.878458e+00  5.139283e-03 
 5.878856e+00  5.115750e-03 
 5.879254e+00  5.091869e-03 
 5.879651e+00  5.067671e-03 
 5.880049e+00  5.043187e-03 
 5.880447e+00  5.018453e-03 
 5.880845e+00  4.993499e-03 
 5.881242e+00  4.968349e-03 
 5.881640e+00  4.943027e-03 
 5.882038e+00  4.917553e-03 
 5.882435e+00  4.891930e-03 
 5.882833e+00  4.866175e-03 
 5.883231e+00  4.840294e-03 
 5.883628e+00  4.814299e-03 
 5.884026e+00  4.788198e-03 
 5.884424e+00  4.761987e-03 
 5.884822e+00  4.735666e-03 
 5.885219e+00  4.709245e-03 
 5.885617e+00  4.682725e-03 
 5.886015e+00  4.656123e-03 
 5.886412e+00  4.629455e-03 
 5.886810e+00  4.602753e-03 
 5.887208e+00  4.576031e-03 
 5.887605e+00  4.549314e-03 
 5.888003e+00  4.522635e-03 
 5.888401e+00  4.496015e-03 
 5.888798e+00  4.469470e-03 
 5.889196e+00  4.443026e-03 
 5.889594e+00  4.416695e-03 
 5.889992e+00  4.390505e-03 
 5.890389e+00  4.364475e-03 
 5.890787e+00  4.338616e-03 
 5.891185e+00  4.312934e-03 
 5.891582e+00  4.287447e-03 
 5.891980e+00  4.262155e-03 
 5.892378e+00  4.237062e-03 
 5.892775e+00  4.212187e-03 
 5.893173e+00  4.187542e-03 
 5.893571e+00  4.163149e-03 
 5.893969e+00  4.139029e-03 
 5.894366e+00  4.115192e-03 
 5.894764e+00  4.091659e-03 
 5.895162e+00  4.068451e-03 
 5.895559e+00  4.045591e-03 
 5.895957e+00  4.023099e-03 
 5.896355e+00  4.000994e-03 
 5.896752e+00  3.979288e-03 
 5.897150e+00  3.958005e-03 
 5.897548e+00  3.937175e-03 
 5.897945e+00  3.916829e-03 
 5.898343e+00  3.896990e-03 
 5.898741e+00  3.877675e-03 
 5.899139e+00  3.858916e-03 
 5.899536e+00  3.840735e-03 
 5.899934e+00  3.823149e-03 
 5.900332e+00  3.806174e-03 
 5.900729e+00  3.789809e-03 
 5.901127e+00  3.774058e-03 
 5.901525e+00  3.758931e-03 
 5.901922e+00  3.744434e-03 
 5.902320e+00  3.730583e-03 
 5.902718e+00  3.717374e-03 
 5.903116e+00  3.704806e-03 
 5.903513e+00  3.692880e-03 
 5.903911e+00  3.681584e-03 
 5.904309e+00  3.670924e-03 
 5.904706e+00  3.660890e-03 
 5.905104e+00  3.651487e-03 
 5.905502e+00  3.642721e-03 
 5.905899e+00  3.634610e-03 
 5.906297e+00  3.627172e-03 
 5.906695e+00  3.620425e-03 
 5.907092e+00  3.614396e-03 
 5.907490e+00  3.609096e-03 
 5.907888e+00  3.604535e-03 
 5.908286e+00  3.600723e-03 
 5.908683e+00  3.597673e-03 
 5.909081e+00  3.595389e-03 
 5.909479e+00  3.593865e-03 
 5.909876e+00  3.593094e-03 
 5.910274e+00  3.593073e-03 
 5.910672e+00  3.593799e-03 
 5.911069e+00  3.595250e-03 
 5.911467e+00  3.597425e-03 
 5.911865e+00  3.600316e-03 
 5.912263e+00  3.603917e-03 
 5.912660e+00  3.608220e-03 
 5.913058e+00  3.613222e-03 
 5.913456e+00  3.618926e-03 
 5.913853e+00  3.625326e-03 
 5.914251e+00  3.632436e-03 
 5.914649e+00  3.640268e-03 
 5.915046e+00  3.648831e-03 
 5.915444e+00  3.658126e-03 
 5.915842e+00  3.668161e-03 
 5.916239e+00  3.678935e-03 
 5.916637e+00  3.690440e-03 
 5.917035e+00  3.702668e-03 
 5.917433e+00  3.715607e-03 
 5.917830e+00  3.729236e-03 
 5.918228e+00  3.743534e-03 
 5.918626e+00  3.758483e-03 
 5.919023e+00  3.774065e-03 
 5.919421e+00  3.790259e-03 
 5.919819e+00  3.807039e-03 
 5.920216e+00  3.824378e-03 
 5.920614e+00  3.842263e-03 
 5.921012e+00  3.860676e-03 
 5.921410e+00  3.879610e-03 
 5.921807e+00  3.899051e-03 
 5.922205e+00  3.918987e-03 
 5.922603e+00  3.939404e-03 
 5.923000e+00  3.960292e-03 
 5.923398e+00  3.981647e-03 
 5.923796e+00  4.003452e-03 
 5.924193e+00  4.025694e-03 
 5.924591e+00  4.048360e-03 
 5.924989e+00  4.071432e-03 
 5.925386e+00  4.094891e-03 
 5.925784e+00  4.118722e-03 
 5.926182e+00  4.142898e-03 
 5.926580e+00  4.167400e-03 
 5.926977e+00  4.192199e-03 
 5.927375e+00  4.217271e-03 
 5.927773e+00  4.242594e-03 
 5.928170e+00  4.268138e-03 
 5.928568e+00  4.293871e-03 
 5.928966e+00  4.319764e-03 
 5.929363e+00  4.345796e-03 
 5.929761e+00  4.371943e-03 
 5.930159e+00  4.398184e-03 
 5.930557e+00  4.424510e-03 
 5.930954e+00  4.450901e-03 
 5.931352e+00  4.477348e-03 
 5.931750e+00  4.503830e-03 
 5.932147e+00  4.530334e-03 
 5.932545e+00  4.556849e-03 
 5.932943e+00  4.583364e-03 
 5.933340e+00  4.609868e-03 
 5.933738e+00  4.636358e-03 
 5.934136e+00  4.662836e-03 
 5.934533e+00  4.689298e-03 
 5.934931e+00  4.715741e-03 
 5.935329e+00  4.742164e-03 
 5.935727e+00  4.768546e-03 
 5.936124e+00  4.794869e-03 
 5.936522e+00  4.821110e-03 
 5.936920e+00  4.847244e-03 
 5.937317e+00  4.873245e-03 
 5.937715e+00  4.899086e-03 
 5.938113e+00  4.924740e-03 
 5.938510e+00  4.950180e-03 
 5.938908e+00  4.975387e-03 
 5.939306e+00  5.000348e-03 
 5.939704e+00  5.025055e-03 
 5.940101e+00  5.049490e-03 
 5.940499e+00  5.073647e-03 
 5.940897e+00  5.097518e-03 
 5.941294e+00  5.121104e-03 
 5.941692e+00  5.144403e-03 
 5.942090e+00  5.167411e-03 
 5.942487e+00  5.190118e-03 
 5.942885e+00  5.212510e-03 
 5.943283e+00  5.234573e-03 
 5.943680e+00  5.256283e-03 
 5.944078e+00  5.277623e-03 
 5.944476e+00  5.298550e-03 
 5.944874e+00  5.319043e-03 
 5.945271e+00  5.339074e-03 
 5.945669e+00  5.358614e-03 
 5.946067e+00  5.377641e-03 
 5.946464e+00  5.396131e-03 
 5.946862e+00  5.414064e-03 
 5.947260e+00  5.431421e-03 
 5.947657e+00  5.448219e-03 
 5.948055e+00  5.464452e-03 
 5.948453e+00  5.480132e-03 
 5.948851e+00  5.495273e-03 
 5.949248e+00  5.509887e-03 
 5.949646e+00  5.524000e-03 
 5.950044e+00  5.537621e-03 
 5.950441e+00  5.550769e-03 
 5.950839e+00  5.563450e-03 
 5.951237e+00  5.575659e-03 
 5.951634e+00  5.587396e-03 
 5.952032e+00  5.598644e-03 
 5.952430e+00  5.609405e-03 
 5.952827e+00  5.619669e-03 
 5.953225e+00  5.629412e-03 
 5.953623e+00  5.638632e-03 
 5.954021e+00  5.647327e-03 
 5.954418e+00  5.655469e-03 
 5.954816e+00  5.663066e-03 
 5.955214e+00  5.670094e-03 
 5.955611e+00  5.676545e-03 
 5.956009e+00  5.682421e-03 
 5.956407e+00  5.687722e-03 
 5.956804e+00  5.692436e-03 
 5.957202e+00  5.696561e-03 
 5.957600e+00  5.700096e-03 
 5.957998e+00  5.703034e-03 
 5.958395e+00  5.705377e-03 
 5.958793e+00  5.707121e-03 
 5.959191e+00  5.708258e-03 
 5.959588e+00  5.708784e-03 
 5.959986e+00  5.708695e-03 
 5.960384e+00  5.707980e-03 
 5.960781e+00  5.706634e-03 
 5.961179e+00  5.704648e-03 
 5.961577e+00  5.702021e-03 
 5.961974e+00  5.698745e-03 
 5.962372e+00  5.694825e-03 
 5.962770e+00  5.690261e-03 
 5.963168e+00  5.685052e-03 
 5.963565e+00  5.679194e-03 
 5.963963e+00  5.672694e-03 
 5.964361e+00  5.665543e-03 
 5.964758e+00  5.657734e-03 
 5.965156e+00  5.649270e-03 
 5.965554e+00  5.640156e-03 
 5.965951e+00  5.630413e-03 
 5.966349e+00  5.620055e-03 
 5.966747e+00  5.609094e-03 
 5.967145e+00  5.597549e-03 
 5.967542e+00  5.585438e-03 
 5.967940e+00  5.572779e-03 
 5.968338e+00  5.559599e-03 
 5.968735e+00  5.545915e-03 
 5.969133e+00  5.531728e-03 
 5.969531e+00  5.517041e-03 
 5.969928e+00  5.501863e-03 
 5.970326e+00  5.486199e-03 
 5.970724e+00  5.470046e-03 
 5.971121e+00  5.453394e-03 
 5.971519e+00  5.436235e-03 
 5.971917e+00  5.418559e-03 
 5.972315e+00  5.400363e-03 
 5.972712e+00  5.381649e-03 
 5.973110e+00  5.362410e-03 
 5.973508e+00  5.342650e-03 
 5.973905e+00  5.322377e-03 
 5.974303e+00  5.301607e-03 
 5.974701e+00  5.280367e-03 
 5.975098e+00  5.258683e-03 
 5.975496e+00  5.236569e-03 
 5.975894e+00  5.214056e-03 
 5.976292e+00  5.191161e-03 
 5.976689e+00  5.167907e-03 
 5.977087e+00  5.144318e-03 
 5.977485e+00  5.120409e-03 
 5.977882e+00  5.096192e-03 
 5.978280e+00  5.071687e-03 
 5.978678e+00  5.046898e-03 
 5.979075e+00  5.021834e-03 
 5.979473e+00  4.996497e-03 
 5.979871e+00  4.970884e-03 
 5.980268e+00  4.944999e-03 
 5.980666e+00  4.918849e-03 
 5.981064e+00  4.892445e-03 
 5.981462e+00  4.865813e-03 
 5.981859e+00  4.838971e-03 
 5.982257e+00  4.811939e-03 
 5.982655e+00  4.784749e-03 
 5.983052e+00  4.757418e-03 
 5.983450e+00  4.729972e-03 
 5.983848e+00  4.702435e-03 
 5.984245e+00  4.674823e-03 
 5.984643e+00  4.647153e-03 
 5.985041e+00  4.619453e-03 
 5.985439e+00  4.591738e-03 
 5.985836e+00  4.564023e-03 
 5.986234e+00  4.536322e-03 
 5.986632e+00  4.508656e-03 
 5.987029e+00  4.481038e-03 
 5.987427e+00  4.453487e-03 
 5.987825e+00  4.426021e-03 
 5.988222e+00  4.398653e-03 
 5.988620e+00  4.371392e-03 
 5.989018e+00  4.344261e-03 
 5.989415e+00  4.317282e-03 
 5.989813e+00  4.290480e-03 
 5.990211e+00  4.263885e-03 
 5.990609e+00  4.237515e-03 
 5.991006e+00  4.211406e-03 
 5.991404e+00  4.185592e-03 
 5.991802e+00  4.160092e-03 
 5.992199e+00  4.134939e-03 
 5.992597e+00  4.110155e-03 
 5.992995e+00  4.085778e-03 
 5.993392e+00  4.061831e-03 
 5.993790e+00  4.038352e-03 
 5.994188e+00  4.015361e-03 
 5.994586e+00  3.992887e-03 
 5.994983e+00  3.970953e-03 
 5.995381e+00  3.949576e-03 
 5.995779e+00  3.928775e-03 
 5.996176e+00  3.908559e-03 
 5.996574e+00  3.888940e-03 
 5.996972e+00  3.869936e-03 
 5.997369e+00  3.851540e-03 
 5.997767e+00  3.833760e-03 
 5.998165e+00  3.816586e-03 
 5.998562e+00  3.799996e-03 
 5.998960e+00  3.783998e-03 
 5.999358e+00  3.768569e-03 
 5.999756e+00  3.753720e-03 
 6.000153e+00  3.739460e-03 
 6.000551e+00  3.725790e-03 
 6.000949e+00  3.712730e-03 
 6.001346e+00  3.700283e-03 
 6.001744e+00  3.688477e-03 
 6.002142e+00  3.677320e-03 
 6.002539e+00  3.666829e-03 
 6.002937e+00  3.657025e-03 
 6.003335e+00  3.647922e-03 
 6.003733e+00  3.639541e-03 
 6.004130e+00  3.631890e-03 
 6.004528e+00  3.624977e-03 
 6.004926e+00  3.618810e-03 
 6.005323e+00  3.613385e-03 
 6.005721e+00  3.608700e-03 
 6.006119e+00  3.604751e-03 
 6.006516e+00  3.601524e-03 
 6.006914e+00  3.599012e-03 
 6.007312e+00  3.597217e-03 
 6.007709e+00  3.596144e-03 
 6.008107e+00  3.595787e-03 
 6.008505e+00  3.596153e-03 
 6.008903e+00  3.597256e-03 
 6.009300e+00  3.599102e-03 
 6.009698e+00  3.601708e-03 
 6.010096e+00  3.605090e-03 
 6.010493e+00  3.609254e-03 
 6.010891e+00  3.614201e-03 
 6.011289e+00  3.619925e-03 
 6.011686e+00  3.626423e-03 
 6.012084e+00  3.633686e-03 
 6.012482e+00  3.641699e-03 
 6.012880e+00  3.650443e-03 
 6.013277e+00  3.659894e-03 
 6.013675e+00  3.670030e-03 
 6.014073e+00  3.680831e-03 
 6.014470e+00  3.692272e-03 
 6.014868e+00  3.704322e-03 
 6.015266e+00  3.716957e-03 
 6.015663e+00  3.730152e-03 
 6.016061e+00  3.743887e-03 
 6.016459e+00  3.758149e-03 
 6.016856e+00  3.772923e-03 
 6.017254e+00  3.788200e-03 
 6.017652e+00  3.803972e-03 
 6.018050e+00  3.820227e-03 
 6.018447e+00  3.836970e-03 
 6.018845e+00  3.854196e-03 
 6.019243e+00  3.871899e-03 
 6.019640e+00  3.890074e-03 
 6.020038e+00  3.908716e-03 
 6.020436e+00  3.927817e-03 
 6.020833e+00  3.947371e-03 
 6.021231e+00  3.967357e-03 
 6.021629e+00  3.987763e-03 
 6.022027e+00  4.008578e-03 
 6.022424e+00  4.029790e-03 
 6.022822e+00  4.051383e-03 
 6.023220e+00  4.073343e-03 
 6.023617e+00  4.095645e-03 
 6.024015e+00  4.118271e-03 
 6.024413e+00  4.141196e-03 
 6.024810e+00  4.164405e-03 
 6.025208e+00  4.187876e-03 
 6.025606e+00  4.211589e-03 
 6.026003e+00  4.235527e-03 
 6.026401e+00  4.259685e-03 
 6.026799e+00  4.284041e-03 
 6.027197e+00  4.308587e-03 
 6.027594e+00  4.333313e-03 
 6.027992e+00  4.358200e-03 
 6.028390e+00  4.383246e-03 
 6.028787e+00  4.408446e-03 
 6.029185e+00  4.433788e-03 
 6.029583e+00  4.459269e-03 
 6.029980e+00  4.484864e-03 
 6.030378e+00  4.510553e-03 
 6.030776e+00  4.536318e-03 
 6.031174e+00  4.562137e-03 
 6.031571e+00  4.587986e-03 
 6.031969e+00  4.613844e-03 
 6.032367e+00  4.639683e-03 
 6.032764e+00  4.665483e-03 
 6.033162e+00  4.691218e-03 
 6.033560e+00  4.716878e-03 
 6.033957e+00  4.742433e-03 
 6.034355e+00  4.767865e-03 
 6.034753e+00  4.793169e-03 
 6.035150e+00  4.818340e-03 
 6.035548e+00  4.843375e-03 
 6.035946e+00  4.868274e-03 
 6.036344e+00  4.893044e-03 
 6.036741e+00  4.917681e-03 
 6.037139e+00  4.942185e-03 
 6.037537e+00  4.966549e-03 
 6.037934e+00  4.990767e-03 
 6.038332e+00  5.014830e-03 
 6.038730e+00  5.038718e-03 
 6.039127e+00  5.062413e-03 
 6.039525e+00  5.085886e-03 
 6.039923e+00  5.109107e-03 
 6.040321e+00  5.132044e-03 
 6.040718e+00  5.154677e-03 
 6.041116e+00  5.176977e-03 
 6.041514e+00  5.198929e-03 
 6.041911e+00  5.220508e-03 
 6.042309e+00  5.241713e-03 
 6.042707e+00  5.262533e-03 
 6.043104e+00  5.282963e-03 
 6.043502e+00  5.303013e-03 
 6.043900e+00  5.322678e-03 
 6.044297e+00  5.341957e-03 
 6.044695e+00  5.360865e-03 
 6.045093e+00  5.379405e-03 
 6.045491e+00  5.397578e-03 
 6.045888e+00  5.415385e-03 
 6.046286e+00  5.432832e-03 
 6.046684e+00  5.449904e-03 
 6.047081e+00  5.466596e-03 
 6.047479e+00  5.482906e-03 
 6.047877e+00  5.498812e-03 
 6.048274e+00  5.514304e-03 
 6.048672e+00  5.529370e-03 
 6.049070e+00  5.543989e-03 
 6.049468e+00  5.558145e-03 
 6.049865e+00  5.571818e-03 
 6.050263e+00  5.584990e-03 
 6.050661e+00  5.597642e-03 
 6.051058e+00  5.609772e-03 
 6.051456e+00  5.621368e-03 
 6.051854e+00  5.632434e-03 
 6.052251e+00  5.642949e-03 
 6.052649e+00  5.652916e-03 
 6.053047e+00  5.662322e-03 
 6.053444e+00  5.671150e-03 
 6.053842e+00  5.679391e-03 
 6.054240e+00  5.687034e-03 
 6.054638e+00  5.694065e-03 
 6.055035e+00  5.700470e-03 
 6.055433e+00  5.706244e-03 
 6.055831e+00  5.711385e-03 
 6.056228e+00  5.715871e-03 
 6.056626e+00  5.719697e-03 
 6.057024e+00  5.722849e-03 
 6.057421e+00  5.725317e-03 
 6.057819e+00  5.727087e-03 
 6.058217e+00  5.728147e-03 
 6.058615e+00  5.728500e-03 
 6.059012e+00  5.728134e-03 
 6.059410e+00  5.727041e-03 
 6.059808e+00  5.725225e-03 
 6.060205e+00  5.722690e-03 
 6.060603e+00  5.719440e-03 
 6.061001e+00  5.715474e-03 
 6.061398e+00  5.710801e-03 
 6.061796e+00  5.705434e-03 
 6.062194e+00  5.699375e-03 
 6.062591e+00  5.692648e-03 
 6.062989e+00  5.685262e-03 
 6.063387e+00  5.677236e-03 
 6.063785e+00  5.668592e-03 
 6.064182e+00  5.659341e-03 
 6.064580e+00  5.649504e-03 
 6.064978e+00  5.639084e-03 
 6.065375e+00  5.628080e-03 
 6.065773e+00  5.616489e-03 
 6.066171e+00  5.604309e-03 
 6.066568e+00  5.591538e-03 
 6.066966e+00  5.578166e-03 
 6.067364e+00  5.564186e-03 
 6.067762e+00  5.549584e-03 
 6.068159e+00  5.534363e-03 
 6.068557e+00  5.518518e-03 
 6.068955e+00  5.502052e-03 
 6.069352e+00  5.484963e-03 
 6.069750e+00  5.467254e-03 
 6.070148e+00  5.448956e-03 
 6.070545e+00  5.430080e-03 
 6.070943e+00  5.410653e-03 
 6.071341e+00  5.390695e-03 
 6.071738e+00  5.370220e-03 
 6.072136e+00  5.349246e-03 
 6.072534e+00  5.327783e-03 
 6.072932e+00  5.305854e-03 
 6.073329e+00  5.283457e-03 
 6.073727e+00  5.260605e-03 
 6.074125e+00  5.237302e-03 
 6.074522e+00  5.213558e-03 
 6.074920e+00  5.189383e-03 
 6.075318e+00  5.164783e-03 
 6.075715e+00  5.139769e-03 
 6.076113e+00  5.114349e-03 
 6.076511e+00  5.088539e-03 
 6.076909e+00  5.062361e-03 
 6.077306e+00  5.035842e-03 
 6.077704e+00  5.009013e-03 
 6.078102e+00  4.981893e-03 
 6.078499e+00  4.954518e-03 
 6.078897e+00  4.926923e-03 
 6.079295e+00  4.899140e-03 
 6.079692e+00  4.871192e-03 
 6.080090e+00  4.843116e-03 
 6.080488e+00  4.814936e-03 
 6.080885e+00  4.786680e-03 
 6.081283e+00  4.758363e-03 
 6.081681e+00  4.730001e-03 
 6.082079e+00  4.701607e-03 
 6.082476e+00  4.673203e-03 
 6.082874e+00  4.644808e-03 
 6.083272e+00  4.616436e-03 
 6.083669e+00  4.588106e-03 
 6.084067e+00  4.559838e-03 
 6.084465e+00  4.531643e-03 
 6.084862e+00  4.503550e-03 
 6.085260e+00  4.475569e-03 
 6.085658e+00  4.447722e-03 
 6.086056e+00  4.420018e-03 
 6.086453e+00  4.392484e-03 
 6.086851e+00  4.365145e-03 
 6.087249e+00  4.338026e-03 
 6.087646e+00  4.311149e-03 
 6.088044e+00  4.284539e-03 
 6.088442e+00  4.258225e-03 
 6.088839e+00  4.232234e-03 
 6.089237e+00  4.206586e-03 
 6.089635e+00  4.181311e-03 
 6.090032e+00  4.156445e-03 
 6.090430e+00  4.131997e-03 
 6.090828e+00  4.108003e-03 
 6.091226e+00  4.084474e-03 
 6.091623e+00  4.061424e-03 
 6.092021e+00  4.038863e-03 
 6.092419e+00  4.016795e-03 
 6.092816e+00  3.995229e-03 
 6.093214e+00  3.974152e-03 
 6.093612e+00  3.953567e-03 
 6.094009e+00  3.933465e-03 
 6.094407e+00  3.913857e-03 
 6.094805e+00  3.894752e-03 
 6.095203e+00  3.876153e-03 
 6.095600e+00  3.858078e-03 
 6.095998e+00  3.840543e-03 
 6.096396e+00  3.823556e-03 
 6.096793e+00  3.807150e-03 
 6.097191e+00  3.791331e-03 
 6.097589e+00  3.776139e-03 
 6.097986e+00  3.761587e-03 
 6.098384e+00  3.747699e-03 
 6.098782e+00  3.734499e-03 
 6.099179e+00  3.721998e-03 
 6.099577e+00  3.710210e-03 
 6.099975e+00  3.699128e-03 
 6.100373e+00  3.688754e-03 
 6.100770e+00  3.679079e-03 
 6.101168e+00  3.670093e-03 
 6.101566e+00  3.661790e-03 
 6.101963e+00  3.654159e-03 
 6.102361e+00  3.647202e-03 
 6.102759e+00  3.640914e-03 
 6.103156e+00  3.635300e-03 
 6.103554e+00  3.630369e-03 
 6.103952e+00  3.626126e-03 
 6.104350e+00  3.622588e-03 
 6.104747e+00  3.619752e-03 
 6.105145e+00  3.617633e-03 
 6.105543e+00  3.616236e-03 
 6.105940e+00  3.615575e-03 
 6.106338e+00  3.615652e-03 
 6.106736e+00  3.616472e-03 
 6.107133e+00  3.618026e-03 
 6.107531e+00  3.620300e-03 
 6.107929e+00  3.623280e-03 
 6.108326e+00  3.626950e-03 
 6.108724e+00  3.631291e-03 
 6.109122e+00  3.636273e-03 
 6.109520e+00  3.641870e-03 
 6.109917e+00  3.648059e-03 
 6.110315e+00  3.654831e-03 
 6.110713e+00  3.662171e-03 
 6.111110e+00  3.670053e-03 
 6.111508e+00  3.678467e-03 
 6.111906e+00  3.687415e-03 
 6.112303e+00  3.696889e-03 
 6.112701e+00  3.706883e-03 
 6.113099e+00  3.717397e-03 
 6.113497e+00  3.728422e-03 
 6.113894e+00  3.739958e-03 
 6.114292e+00  3.752003e-03 
 6.114690e+00  3.764564e-03 
 6.115087e+00  3.777648e-03 
 6.115485e+00  3.791252e-03 
 6.115883e+00  3.805369e-03 
 6.116280e+00  3.820008e-03 
 6.116678e+00  3.835156e-03 
 6.117076e+00  3.850801e-03 
 6.117473e+00  3.866924e-03 
 6.117871e+00  3.883522e-03 
 6.118269e+00  3.900586e-03 
 6.118667e+00  3.918111e-03 
 6.119064e+00  3.936080e-03 
 6.119462e+00  3.954486e-03 
 6.119860e+00  3.973309e-03 
 6.120257e+00  3.992536e-03 
 6.120655e+00  4.012150e-03 
 6.121053e+00  4.032142e-03 
 6.121450e+00  4.052493e-03 
 6.121848e+00  4.073204e-03 
 6.122246e+00  4.094260e-03 
 6.122643e+00  4.115672e-03 
 6.123041e+00  4.137425e-03 
 6.123439e+00  4.159509e-03 
 6.123837e+00  4.181907e-03 
 6.124234e+00  4.204619e-03 
 6.124632e+00  4.227627e-03 
 6.125030e+00  4.250926e-03 
 6.125427e+00  4.274488e-03 
 6.125825e+00  4.298300e-03 
 6.126223e+00  4.322346e-03 
 6.126620e+00  4.346605e-03 
 6.127018e+00  4.371047e-03 
 6.127416e+00  4.395654e-03 
 6.127814e+00  4.420390e-03 
 6.128211e+00  4.445238e-03 
 6.128609e+00  4.470173e-03 
 6.129007e+00  4.495184e-03 
 6.129404e+00  4.520252e-03 
 6.129802e+00  4.545367e-03 
 6.130200e+00  4.570524e-03 
 6.130597e+00  4.595730e-03 
 6.130995e+00  4.620980e-03 
 6.131393e+00  4.646282e-03 
 6.131790e+00  4.671625e-03 
 6.132188e+00  4.697013e-03 
 6.132586e+00  4.722447e-03 
 6.132984e+00  4.747909e-03 
 6.133381e+00  4.773396e-03 
 6.133779e+00  4.798891e-03 
 6.134177e+00  4.824380e-03 
 6.134574e+00  4.849839e-03 
 6.134972e+00  4.875249e-03 
 6.135370e+00  4.900579e-03 
 6.135767e+00  4.925803e-03 
 6.136165e+00  4.950896e-03 
 6.136563e+00  4.975831e-03 
 6.136961e+00  5.000590e-03 
 6.137358e+00  5.025156e-03 
 6.137756e+00  5.049509e-03 
 6.138154e+00  5.073643e-03 
 6.138551e+00  5.097550e-03 
 6.138949e+00  5.121228e-03 
 6.139347e+00  5.144665e-03 
 6.139744e+00  5.167864e-03 
 6.140142e+00  5.190819e-03 
 6.140540e+00  5.213532e-03 
 6.140937e+00  5.235982e-03 
 6.141335e+00  5.258170e-03 
 6.141733e+00  5.280080e-03 
 6.142131e+00  5.301690e-03 
 6.142528e+00  5.322994e-03 
 6.142926e+00  5.343973e-03 
 6.143324e+00  5.364609e-03 
 6.143721e+00  5.384883e-03 
 6.144119e+00  5.404776e-03 
 6.144517e+00  5.424264e-03 
 6.144914e+00  5.443324e-03 
 6.145312e+00  5.461941e-03 
 6.145710e+00  5.480081e-03 
 6.146108e+00  5.497738e-03 
 6.146505e+00  5.514908e-03 
 6.146903e+00  5.531566e-03 
 6.147301e+00  5.547709e-03 
 6.147698e+00  5.563318e-03 
 6.148096e+00  5.578381e-03 
 6.148494e+00  5.592881e-03 
 6.148891e+00  5.606808e-03 
 6.149289e+00  5.620143e-03 
 6.149687e+00  5.632882e-03 
 6.150084e+00  5.645009e-03 
 6.150482e+00  5.656514e-03 
 6.150880e+00  5.667394e-03 
 6.151278e+00  5.677645e-03 
 6.151675e+00  5.687245e-03 
 6.152073e+00  5.696180e-03 
 6.152471e+00  5.704440e-03 
 6.152868e+00  5.712001e-03 
 6.153266e+00  5.718864e-03 
 6.153664e+00  5.725010e-03 
 6.154061e+00  5.730440e-03 
 6.154459e+00  5.735145e-03 
 6.154857e+00  5.739117e-03 
 6.155255e+00  5.742346e-03 
 6.155652e+00  5.744826e-03 
 6.156050e+00  5.746559e-03 
 6.156448e+00  5.747541e-03 
 6.156845e+00  5.747777e-03 
 6.157243e+00  5.747280e-03 
 6.157641e+00  5.746061e-03 
 6.158038e+00  5.744148e-03 
 6.158436e+00  5.741555e-03 
 6.158834e+00  5.738290e-03 
 6.159231e+00  5.734365e-03 
 6.159629e+00  5.729793e-03 
 6.160027e+00  5.724570e-03 
 6.160425e+00  5.718707e-03 
 6.160822e+00  5.712196e-03 
 6.161220e+00  5.705025e-03 
 6.161618e+00  5.697190e-03 
 6.162015e+00  5.688683e-03 
 6.162413e+00  5.679497e-03 
 6.162811e+00  5.669611e-03 
 6.163208e+00  5.659010e-03 
 6.163606e+00  5.647686e-03 
 6.164004e+00  5.635642e-03 
 6.164402e+00  5.622883e-03 
 6.164799e+00  5.609415e-03 
 6.165197e+00  5.595244e-03 
 6.165595e+00  5.580381e-03 
 6.165992e+00  5.564853e-03 
 6.166390e+00  5.548689e-03 
 6.166788e+00  5.531897e-03 
 6.167185e+00  5.514495e-03 
 6.167583e+00  5.496489e-03 
 6.167981e+00  5.477903e-03 
 6.168378e+00  5.458751e-03 
 6.168776e+00  5.439040e-03 
 6.169174e+00  5.418773e-03 
 6.169572e+00  5.397954e-03 
 6.169969e+00  5.376597e-03 
 6.170367e+00  5.354718e-03 
 6.170765e+00  5.332334e-03 
 6.171162e+00  5.309451e-03 
 6.171560e+00  5.286080e-03 
 6.171958e+00  5.262249e-03 
 6.172355e+00  5.237982e-03 
 6.172753e+00  5.213317e-03 
 6.173151e+00  5.188276e-03 
 6.173549e+00  5.162893e-03 
 6.173946e+00  5.137187e-03 
 6.174344e+00  5.111208e-03 
 6.174742e+00  5.084983e-03 
 6.175139e+00  5.058543e-03 
 6.175537e+00  5.031906e-03 
 6.175935e+00  5.005098e-03 
 6.176332e+00  4.978147e-03 
 6.176730e+00  4.951075e-03 
 6.177128e+00  4.923898e-03 
 6.177525e+00  4.896620e-03 
 6.177923e+00  4.869262e-03 
 6.178321e+00  4.841830e-03 
 6.178719e+00  4.814339e-03 
 6.179116e+00  4.786795e-03 
 6.179514e+00  4.759206e-03 
 6.179912e+00  4.731581e-03 
 6.180309e+00  4.703932e-03 
 6.180707e+00  4.676267e-03 
 6.181105e+00  4.648604e-03 
 6.181502e+00  4.620952e-03 
 6.181900e+00  4.593335e-03 
 6.182298e+00  4.565772e-03 
 6.182696e+00  4.538292e-03 
 6.183093e+00  4.510914e-03 
 6.183491e+00  4.483656e-03 
 6.183889e+00  4.456551e-03 
 6.184286e+00  4.429621e-03 
 6.184684e+00  4.402894e-03 
 6.185082e+00  4.376404e-03 
 6.185479e+00  4.350170e-03 
 6.185877e+00  4.324220e-03 
 6.186275e+00  4.298581e-03 
 6.186672e+00  4.273270e-03 
 6.187070e+00  4.248289e-03 
 6.187468e+00  4.223647e-03 
 6.187866e+00  4.199358e-03 
 6.188263e+00  4.175436e-03 
 6.188661e+00  4.151887e-03 
 6.189059e+00  4.128717e-03 
 6.189456e+00  4.105930e-03 
 6.189854e+00  4.083533e-03 
 6.190252e+00  4.061542e-03 
 6.190649e+00  4.039973e-03 
 6.191047e+00  4.018856e-03 
 6.191445e+00  3.998195e-03 
 6.191843e+00  3.978020e-03 
 6.192240e+00  3.958354e-03 
 6.192638e+00  3.939227e-03 
 6.193036e+00  3.920656e-03 
 6.193433e+00  3.902660e-03 
 6.193831e+00  3.885236e-03 
 6.194229e+00  3.868408e-03 
 6.194626e+00  3.852173e-03 
 6.195024e+00  3.836537e-03 
 6.195422e+00  3.821495e-03 
 6.195819e+00  3.807045e-03 
 6.196217e+00  3.793174e-03 
 6.196615e+00  3.779869e-03 
 6.197013e+00  3.767127e-03 
 6.197410e+00  3.754944e-03 
 6.197808e+00  3.743316e-03 
 6.198206e+00  3.732243e-03 
 6.198603e+00  3.721742e-03 
 6.199001e+00  3.711823e-03 
 6.199399e+00  3.702500e-03 
 6.199796e+00  3.693785e-03 
 6.200194e+00  3.685695e-03 
 6.200592e+00  3.678240e-03 
 6.200990e+00  3.671432e-03 
 6.201387e+00  3.665282e-03 
 6.201785e+00  3.659798e-03 
 6.202183e+00  3.654984e-03 
 6.202580e+00  3.650837e-03 
 6.202978e+00  3.647347e-03 
 6.203376e+00  3.644511e-03 
 6.203773e+00  3.642314e-03 
 6.204171e+00  3.640744e-03 
 6.204569e+00  3.639788e-03 
 6.204966e+00  3.639433e-03 
 6.205364e+00  3.639665e-03 
 6.205762e+00  3.640481e-03 
 6.206160e+00  3.641875e-03 
 6.206557e+00  3.643835e-03 
 6.206955e+00  3.646358e-03 
 6.207353e+00  3.649442e-03 
 6.207750e+00  3.653084e-03 
 6.208148e+00  3.657285e-03 
 6.208546e+00  3.662053e-03 
 6.208943e+00  3.667388e-03 
 6.209341e+00  3.673287e-03 
 6.209739e+00  3.679759e-03 
 6.210137e+00  3.686807e-03 
 6.210534e+00  3.694435e-03 
 6.210932e+00  3.702632e-03 
 6.211330e+00  3.711389e-03 
 6.211727e+00  3.720718e-03 
 6.212125e+00  3.730624e-03 
 6.212523e+00  3.741091e-03 
 6.212920e+00  3.752128e-03 
 6.213318e+00  3.763734e-03 
 6.213716e+00  3.775906e-03 
 6.214113e+00  3.788640e-03 
 6.214511e+00  3.801933e-03 
 6.214909e+00  3.815770e-03 
 6.215307e+00  3.830133e-03 
 6.215704e+00  3.845008e-03 
 6.216102e+00  3.860391e-03 
 6.216500e+00  3.876281e-03 
 6.216897e+00  3.892663e-03 
 6.217295e+00  3.909531e-03 
 6.217693e+00  3.926879e-03 
 6.218090e+00  3.944697e-03 
 6.218488e+00  3.962982e-03 
 6.218886e+00  3.981724e-03 
 6.219284e+00  4.000922e-03 
 6.219681e+00  4.020567e-03 
 6.220079e+00  4.040658e-03 
 6.220477e+00  4.061185e-03 
 6.220874e+00  4.082144e-03 
 6.221272e+00  4.103507e-03 
 6.221670e+00  4.125253e-03 
 6.222067e+00  4.147356e-03 
 6.222465e+00  4.169789e-03 
 6.222863e+00  4.192526e-03 
 6.223260e+00  4.215536e-03 
 6.223658e+00  4.238804e-03 
 6.224056e+00  4.262313e-03 
 6.224454e+00  4.286049e-03 
 6.224851e+00  4.309993e-03 
 6.225249e+00  4.334131e-03 
 6.225647e+00  4.358463e-03 
 6.226044e+00  4.382988e-03 
 6.226442e+00  4.407706e-03 
 6.226840e+00  4.432626e-03 
 6.227237e+00  4.457751e-03 
 6.227635e+00  4.483079e-03 
 6.228033e+00  4.508613e-03 
 6.228431e+00  4.534348e-03 
 6.228828e+00  4.560267e-03 
 6.229226e+00  4.586346e-03 
 6.229624e+00  4.612563e-03 
 6.230021e+00  4.638901e-03 
 6.230419e+00  4.665332e-03 
 6.230817e+00  4.691832e-03 
 6.231214e+00  4.718376e-03 
 6.231612e+00  4.744936e-03 
 6.232010e+00  4.771499e-03 
 6.232407e+00  4.798044e-03 
 6.232805e+00  4.824549e-03 
 6.233203e+00  4.850995e-03 
 6.233601e+00  4.877366e-03 
 6.233998e+00  4.903657e-03 
 6.234396e+00  4.929854e-03 
 6.234794e+00  4.955939e-03 
 6.235191e+00  4.981905e-03 
 6.235589e+00  5.007733e-03 
 6.235987e+00  5.033407e-03 
 6.236384e+00  5.058917e-03 
 6.236782e+00  5.084251e-03 
 6.237180e+00  5.109389e-03 
 6.237578e+00  5.134302e-03 
 6.237975e+00  5.158971e-03 
 6.238373e+00  5.183380e-03 
 6.238771e+00  5.207499e-03 
 6.239168e+00  5.231296e-03 
 6.239566e+00  5.254748e-03 
 6.239964e+00  5.277838e-03 
 6.240361e+00  5.300538e-03 
 6.240759e+00  5.322836e-03 
 6.241157e+00  5.344705e-03 
 6.241554e+00  5.366126e-03 
 6.241952e+00  5.387086e-03 
 6.242350e+00  5.407567e-03 
 6.242748e+00  5.427564e-03 
 6.243145e+00  5.447053e-03 
 6.243543e+00  5.466039e-03 
 6.243941e+00  5.484502e-03 
 6.244338e+00  5.502440e-03 
 6.244736e+00  5.519851e-03 
 6.245134e+00  5.536719e-03 
 6.245531e+00  5.553037e-03 
 6.245929e+00  5.568806e-03 
 6.246327e+00  5.584008e-03 
 6.246725e+00  5.598640e-03 
 6.247122e+00  5.612686e-03 
 6.247520e+00  5.626136e-03 
 6.247918e+00  5.638957e-03 
 6.248315e+00  5.651149e-03 
 6.248713e+00  5.662689e-03 
 6.249111e+00  5.673563e-03 
 6.249508e+00  5.683749e-03 
 6.249906e+00  5.693245e-03 
 6.250304e+00  5.702022e-03 
 6.250701e+00  5.710079e-03 
 6.251099e+00  5.717403e-03 
 6.251497e+00  5.723988e-03 
 6.251895e+00  5.729844e-03 
 6.252292e+00  5.734980e-03 
 6.252690e+00  5.739393e-03 
 6.253088e+00  5.743096e-03 
 6.253485e+00  5.746105e-03 
 6.253883e+00  5.748426e-03 
 6.254281e+00  5.750065e-03 
 6.254678e+00  5.751035e-03 
 6.255076e+00  5.751327e-03 
 6.255474e+00  5.750951e-03 
 6.255872e+00  5.749909e-03 
 6.256269e+00  5.748186e-03 
 6.256667e+00  5.745765e-03 
 6.257065e+00  5.742629e-03 
 6.257462e+00  5.738760e-03 
 6.257860e+00  5.734140e-03 
 6.258258e+00  5.728752e-03 
 6.258655e+00  5.722595e-03 
 6.259053e+00  5.715655e-03 
 6.259451e+00  5.707933e-03 
 6.259848e+00  5.699453e-03 
 6.260246e+00  5.690219e-03 
 6.260644e+00  5.680245e-03 
 6.261042e+00  5.669550e-03 
 6.261439e+00  5.658143e-03 
 6.261837e+00  5.646053e-03 
 6.262235e+00  5.633294e-03 
 6.262632e+00  5.619877e-03 
 6.263030e+00  5.605820e-03 
 6.263428e+00  5.591145e-03 
 6.263825e+00  5.575858e-03 
 6.264223e+00  5.559963e-03 
 6.264621e+00  5.543474e-03 
 6.265019e+00  5.526384e-03 
 6.265416e+00  5.508709e-03 
 6.265814e+00  5.490460e-03 
 6.266212e+00  5.471646e-03 
 6.266609e+00  5.452271e-03 
 6.267007e+00  5.432343e-03 
 6.267405e+00  5.411887e-03 
 6.267802e+00  5.390935e-03 
 6.268200e+00  5.369522e-03 
 6.268598e+00  5.347668e-03 
 6.268995e+00  5.325403e-03 
 6.269393e+00  5.302757e-03 
 6.269791e+00  5.279768e-03 
 6.270189e+00  5.256454e-03 
 6.270586e+00  5.232834e-03 
 6.270984e+00  5.208933e-03 
 6.271382e+00  5.184759e-03 
 6.271779e+00  5.160340e-03 
 6.272177e+00  5.135696e-03 
 6.272575e+00  5.110837e-03 
 6.272972e+00  5.085757e-03 
 6.273370e+00  5.060470e-03 
 6.273768e+00  5.034976e-03 
 6.274166e+00  5.009292e-03 
 6.274563e+00  4.983424e-03 
 6.274961e+00  4.957372e-03 
 6.275359e+00  4.931162e-03 
 6.275756e+00  4.904803e-03 
 6.276154e+00  4.878318e-03 
 6.276552e+00  4.851711e-03 
 6.276949e+00  4.824990e-03 
 6.277347e+00  4.798182e-03 
 6.277745e+00  4.771304e-03 
 6.278142e+00  4.744378e-03 
 6.278540e+00  4.717433e-03 
 6.278938e+00  4.690485e-03 
 6.279336e+00  4.663557e-03 
 6.279733e+00  4.636671e-03 
 6.280131e+00  4.609857e-03 
 6.280529e+00  4.583130e-03 
 6.280926e+00  4.556512e-03 
 6.281324e+00  4.530025e-03 
 6.281722e+00  4.503676e-03 
 6.282119e+00  4.477493e-03 
 6.282517e+00  4.451491e-03 
 6.282915e+00  4.425679e-03 
 6.283313e+00  4.400062e-03 
 6.283710e+00  4.374654e-03 
 6.284108e+00  4.349463e-03 
 6.284506e+00  4.324497e-03 
 6.284903e+00  4.299753e-03 
 6.285301e+00  4.275253e-03 
 6.285699e+00  4.251001e-03 
 6.286096e+00  4.227023e-03 
 6.286494e+00  4.203346e-03 
 6.286892e+00  4.179986e-03 
 6.287289e+00  4.156984e-03 
 6.287687e+00  4.134359e-03 
 6.288085e+00  4.112148e-03 
 6.288483e+00  4.090377e-03 
 6.288880e+00  4.069059e-03 
 6.289278e+00  4.048213e-03 
 6.289676e+00  4.027844e-03 
 6.290073e+00  4.007965e-03 
 6.290471e+00  3.988570e-03 
 6.290869e+00  3.969650e-03 
 6.291266e+00  3.951206e-03 
 6.291664e+00  3.933228e-03 
 6.292062e+00  3.915706e-03 
 6.292460e+00  3.898633e-03 
 6.292857e+00  3.882020e-03 
 6.293255e+00  3.865863e-03 
 6.293653e+00  3.850177e-03 
 6.294050e+00  3.834977e-03 
 6.294448e+00  3.820273e-03 
 6.294846e+00  3.806082e-03 
 6.295243e+00  3.792416e-03 
 6.295641e+00  3.779291e-03 
 6.296039e+00  3.766736e-03 
 6.296436e+00  3.754759e-03 
 6.296834e+00  3.743370e-03 
 6.297232e+00  3.732582e-03 
 6.297630e+00  3.722397e-03 
 6.298027e+00  3.712808e-03 
 6.298425e+00  3.703815e-03 
 6.298823e+00  3.695404e-03 
 6.299220e+00  3.687568e-03 
 6.299618e+00  3.680306e-03 
 6.300016e+00  3.673608e-03 
 6.300413e+00  3.667481e-03 
 6.300811e+00  3.661925e-03 
 6.301209e+00  3.656938e-03 
 6.301607e+00  3.652523e-03 
 6.302004e+00  3.648680e-03 
 6.302402e+00  3.645412e-03 
 6.302800e+00  3.642720e-03 
 6.303197e+00  3.640618e-03 
 6.303595e+00  3.639121e-03 
 6.303993e+00  3.638235e-03 
 6.304390e+00  3.637974e-03 
 6.304788e+00  3.638339e-03 
 6.305186e+00  3.639342e-03 
 6.305583e+00  3.640979e-03 
 6.305981e+00  3.643259e-03 
 6.306379e+00  3.646192e-03 
 6.306777e+00  3.649775e-03 
 6.307174e+00  3.654016e-03 
 6.307572e+00  3.658921e-03 
 6.307970e+00  3.664491e-03 
 6.308367e+00  3.670718e-03 
 6.308765e+00  3.677596e-03 
 6.309163e+00  3.685117e-03 
 6.309560e+00  3.693274e-03 
 6.309958e+00  3.702063e-03 
 6.310356e+00  3.711473e-03 
 6.310754e+00  3.721485e-03 
 6.311151e+00  3.732094e-03 
 6.311549e+00  3.743291e-03 
 6.311947e+00  3.755062e-03 
 6.312344e+00  3.767395e-03 
 6.312742e+00  3.780279e-03 
 6.313140e+00  3.793700e-03 
 6.313537e+00  3.807653e-03 
 6.313935e+00  3.822128e-03 
 6.314333e+00  3.837126e-03 
 6.314730e+00  3.852649e-03 
 6.315128e+00  3.868693e-03 
 6.315526e+00  3.885260e-03 
 6.315924e+00  3.902360e-03 
 6.316321e+00  3.919975e-03 
 6.316719e+00  3.938095e-03 
 6.317117e+00  3.956702e-03 
 6.317514e+00  3.975780e-03 
 6.317912e+00  3.995307e-03 
 6.318310e+00  4.015261e-03 
 6.318707e+00  4.035616e-03 
 6.319105e+00  4.056357e-03 
 6.319503e+00  4.077481e-03 
 6.319901e+00  4.098975e-03 
 6.320298e+00  4.120833e-03 
 6.320696e+00  4.143041e-03 
 6.321094e+00  4.165603e-03 
 6.321491e+00  4.188518e-03 
 6.321889e+00  4.211793e-03 
 6.322287e+00  4.235437e-03 
 6.322684e+00  4.259447e-03 
 6.323082e+00  4.283821e-03 
 6.323480e+00  4.308556e-03 
 6.323877e+00  4.333648e-03 
 6.324275e+00  4.359078e-03 
 6.324673e+00  4.384819e-03 
 6.325071e+00  4.410845e-03 
 6.325468e+00  4.437123e-03 
 6.325866e+00  4.463619e-03 
 6.326264e+00  4.490301e-03 
 6.326661e+00  4.517137e-03 
 6.327059e+00  4.544090e-03 
 6.327457e+00  4.571131e-03 
 6.327854e+00  4.598231e-03 
 6.328252e+00  4.625379e-03 
 6.328650e+00  4.652553e-03 
 6.329048e+00  4.679744e-03 
 6.329445e+00  4.706938e-03 
 6.329843e+00  4.734128e-03 
 6.330241e+00  4.761305e-03 
 6.330638e+00  4.788459e-03 
 6.331036e+00  4.815577e-03 
 6.331434e+00  4.842644e-03 
 6.331831e+00  4.869643e-03 
 6.332229e+00  4.896564e-03 
 6.332627e+00  4.923388e-03 
 6.333024e+00  4.950087e-03 
 6.333422e+00  4.976644e-03 
 6.333820e+00  5.003034e-03 
 6.334218e+00  5.029231e-03 
 6.334615e+00  5.055212e-03 
 6.335013e+00  5.080952e-03 
 6.335411e+00  5.106429e-03 
 6.335808e+00  5.131625e-03 
 6.336206e+00  5.156516e-03 
 6.336604e+00  5.181084e-03 
 6.337001e+00  5.205304e-03 
 6.337399e+00  5.229154e-03 
 6.337797e+00  5.252626e-03 
 6.338195e+00  5.275709e-03 
 6.338592e+00  5.298398e-03 
 6.338990e+00  5.320687e-03 
 6.339388e+00  5.342566e-03 
 6.339785e+00  5.364034e-03 
 6.340183e+00  5.385078e-03 
 6.340581e+00  5.405691e-03 
 6.340978e+00  5.425844e-03 
 6.341376e+00  5.445530e-03 
 6.341774e+00  5.464734e-03 
 6.342171e+00  5.483436e-03 
 6.342569e+00  5.501622e-03 
 6.342967e+00  5.519269e-03 
 6.343365e+00  5.536353e-03 
 6.343762e+00  5.552850e-03 
 6.344160e+00  5.568757e-03 
 6.344558e+00  5.584052e-03 
 6.344955e+00  5.598707e-03 
 6.345353e+00  5.612710e-03 
 6.345751e+00  5.626039e-03 
 6.346148e+00  5.638685e-03 
 6.346546e+00  5.650640e-03 
 6.346944e+00  5.661893e-03 
 6.347342e+00  5.672462e-03 
 6.347739e+00  5.682338e-03 
 6.348137e+00  5.691538e-03 
 6.348535e+00  5.700077e-03 
 6.348932e+00  5.707954e-03 
 6.349330e+00  5.715188e-03 
 6.349728e+00  5.721770e-03 
 6.350125e+00  5.727705e-03 
 6.350523e+00  5.732988e-03 
 6.350921e+00  5.737611e-03 
 6.351318e+00  5.741562e-03 
 6.351716e+00  5.744836e-03 
 6.352114e+00  5.747407e-03 
 6.352512e+00  5.749257e-03 
 6.352909e+00  5.750368e-03 
 6.353307e+00  5.750717e-03 
 6.353705e+00  5.750289e-03 
 6.354102e+00  5.749077e-03 
 6.354500e+00  5.747069e-03 
 6.354898e+00  5.744268e-03 
 6.355295e+00  5.740684e-03 
 6.355693e+00  5.736332e-03 
 6.356091e+00  5.731224e-03 
 6.356489e+00  5.725375e-03 
 6.356886e+00  5.718804e-03 
 6.357284e+00  5.711527e-03 
 6.357682e+00  5.703562e-03 
 6.358079e+00  5.694927e-03 
 6.358477e+00  5.685623e-03 
 6.358875e+00  5.675662e-03 
 6.359272e+00  5.665045e-03 
 6.359670e+00  5.653782e-03 
 6.360068e+00  5.641877e-03 
 6.360465e+00  5.629329e-03 
 6.360863e+00  5.616140e-03 
 6.361261e+00  5.602315e-03 
 6.361659e+00  5.587879e-03 
 6.362056e+00  5.572851e-03 
 6.362454e+00  5.557237e-03 
 6.362852e+00  5.541064e-03 
 6.363249e+00  5.524353e-03 
 6.363647e+00  5.507136e-03 
 6.364045e+00  5.489439e-03 
 6.364442e+00  5.471280e-03 
 6.364840e+00  5.452665e-03 
 6.365238e+00  5.433622e-03 
 6.365636e+00  5.414160e-03 
 6.366033e+00  5.394310e-03 
 6.366431e+00  5.374081e-03 
 6.366829e+00  5.353480e-03 
 6.367226e+00  5.332527e-03 
 6.367624e+00  5.311213e-03 
 6.368022e+00  5.289559e-03 
 6.368419e+00  5.267555e-03 
 6.368817e+00  5.245190e-03 
 6.369215e+00  5.222470e-03 
 6.369612e+00  5.199387e-03 
 6.370010e+00  5.175956e-03 
 6.370408e+00  5.152182e-03 
 6.370806e+00  5.128077e-03 
 6.371203e+00  5.103646e-03 
 6.371601e+00  5.078910e-03 
 6.371999e+00  5.053886e-03 
 6.372396e+00  5.028588e-03 
 6.372794e+00  5.003030e-03 
 6.373192e+00  4.977235e-03 
 6.373589e+00  4.951231e-03 
 6.373987e+00  4.925036e-03 
 6.374385e+00  4.898689e-03 
 6.374783e+00  4.872205e-03 
 6.375180e+00  4.845609e-03 
 6.375578e+00  4.818938e-03 
 6.375976e+00  4.792221e-03 
 6.376373e+00  4.765481e-03 
 6.376771e+00  4.738747e-03 
 6.377169e+00  4.712036e-03 
 6.377566e+00  4.685371e-03 
 6.377964e+00  4.658772e-03 
 6.378362e+00  4.632252e-03 
 6.378759e+00  4.605814e-03 
 6.379157e+00  4.579474e-03 
 6.379555e+00  4.553240e-03 
 6.379953e+00  4.527122e-03 
 6.380350e+00  4.501130e-03 
 6.380748e+00  4.475283e-03 
 6.381146e+00  4.449589e-03 
 6.381543e+00  4.424072e-03 
 6.381941e+00  4.398752e-03 
 6.382339e+00  4.373653e-03 
 6.382736e+00  4.348788e-03 
 6.383134e+00  4.324184e-03 
 6.383532e+00  4.299870e-03 
 6.383930e+00  4.275871e-03 
 6.384327e+00  4.252204e-03 
 6.384725e+00  4.228879e-03 
 6.385123e+00  4.205900e-03 
 6.385520e+00  4.183271e-03 
 6.385918e+00  4.160986e-03 
 6.386316e+00  4.139048e-03 
 6.386713e+00  4.117441e-03 
 6.387111e+00  4.096164e-03 
 6.387509e+00  4.075205e-03 
 6.387906e+00  4.054570e-03 
 6.388304e+00  4.034271e-03 
 6.388702e+00  4.014297e-03 
 6.389100e+00  3.994658e-03 
 6.389497e+00  3.975377e-03 
 6.389895e+00  3.956475e-03 
 6.390293e+00  3.937970e-03 
 6.390690e+00  3.919896e-03 
 6.391088e+00  3.902269e-03 
 6.391486e+00  3.885114e-03 
 6.391883e+00  3.868455e-03 
 6.392281e+00  3.852320e-03 
 6.392679e+00  3.836715e-03 
 6.393077e+00  3.821638e-03 
 6.393474e+00  3.807113e-03 
 6.393872e+00  3.793130e-03 
 6.394270e+00  3.779702e-03 
 6.394667e+00  3.766825e-03 
 6.395065e+00  3.754502e-03 
 6.395463e+00  3.742729e-03 
 6.395860e+00  3.731510e-03 
 6.396258e+00  3.720842e-03 
 6.396656e+00  3.710729e-03 
 6.397053e+00  3.701170e-03 
 6.397451e+00  3.692167e-03 
 6.397849e+00  3.683730e-03 
 6.398247e+00  3.675861e-03 
 6.398644e+00  3.668570e-03 
 6.399042e+00  3.661879e-03 
 6.399440e+00  3.655791e-03 
 6.399837e+00  3.650326e-03 
 6.400235e+00  3.645492e-03 
 6.400633e+00  3.641295e-03 
 6.401030e+00  3.637744e-03 
 6.401428e+00  3.634852e-03 
 6.401826e+00  3.632623e-03 
 6.402224e+00  3.631063e-03 
 6.402621e+00  3.630175e-03 
 6.403019e+00  3.629968e-03 
 6.403417e+00  3.630438e-03 
 6.403814e+00  3.631577e-03 
 6.404212e+00  3.633379e-03 
 6.404610e+00  3.635842e-03 
 6.405007e+00  3.638950e-03 
 6.405405e+00  3.642696e-03 
 6.405803e+00  3.647077e-03 
 6.406200e+00  3.652074e-03 
 6.406598e+00  3.657679e-03 
 6.406996e+00  3.663892e-03 
 6.407394e+00  3.670706e-03 
 6.407791e+00  3.678119e-03 
 6.408189e+00  3.686123e-03 
 6.408587e+00  3.694723e-03 
 6.408984e+00  3.703928e-03 
 6.409382e+00  3.713743e-03 
 6.409780e+00  3.724175e-03 
 6.410177e+00  3.735229e-03 
 6.410575e+00  3.746905e-03 
 6.410973e+00  3.759197e-03 
 6.411371e+00  3.772106e-03 
 6.411768e+00  3.785629e-03 
 6.412166e+00  3.799747e-03 
 6.412564e+00  3.814435e-03 
 6.412961e+00  3.829687e-03 
 6.413359e+00  3.845492e-03 
 6.413757e+00  3.861823e-03 
 6.414154e+00  3.878664e-03 
 6.414552e+00  3.895999e-03 
 6.414950e+00  3.913818e-03 
 6.415347e+00  3.932108e-03 
 6.415745e+00  3.950871e-03 
 6.416143e+00  3.970106e-03 
 6.416541e+00  3.989817e-03 
 6.416938e+00  4.010012e-03 
 6.417336e+00  4.030702e-03 
 6.417734e+00  4.051900e-03 
 6.418131e+00  4.073605e-03 
 6.418529e+00  4.095817e-03 
 6.418927e+00  4.118523e-03 
 6.419324e+00  4.141707e-03 
 6.419722e+00  4.165351e-03 
 6.420120e+00  4.189422e-03 
 6.420518e+00  4.213887e-03 
 6.420915e+00  4.238712e-03 
 6.421313e+00  4.263863e-03 
 6.421711e+00  4.289309e-03 
 6.422108e+00  4.315016e-03 
 6.422506e+00  4.340953e-03 
 6.422904e+00  4.367094e-03 
 6.423301e+00  4.393418e-03 
 6.423699e+00  4.419910e-03 
 6.424097e+00  4.446550e-03 
 6.424494e+00  4.473321e-03 
 6.424892e+00  4.500223e-03 
 6.425290e+00  4.527242e-03 
 6.425688e+00  4.554376e-03 
 6.426085e+00  4.581615e-03 
 6.426483e+00  4.608946e-03 
 6.426881e+00  4.636360e-03 
 6.427278e+00  4.663840e-03 
 6.427676e+00  4.691373e-03 
 6.428074e+00  4.718931e-03 
 6.428471e+00  4.746492e-03 
 6.428869e+00  4.774035e-03 
 6.429267e+00  4.801532e-03 
 6.429665e+00  4.828963e-03 
 6.430062e+00  4.856299e-03 
 6.430460e+00  4.883516e-03 
 6.430858e+00  4.910590e-03 
 6.431255e+00  4.937499e-03 
 6.431653e+00  4.964227e-03 
 6.432051e+00  4.990761e-03 
 6.432448e+00  5.017083e-03 
 6.432846e+00  5.043182e-03 
 6.433244e+00  5.069044e-03 
 6.433641e+00  5.094665e-03 
 6.434039e+00  5.120026e-03 
 6.434437e+00  5.145120e-03 
 6.434835e+00  5.169928e-03 
 6.435232e+00  5.194446e-03 
 6.435630e+00  5.218664e-03 
 6.436028e+00  5.242565e-03 
 6.436425e+00  5.266137e-03 
 6.436823e+00  5.289359e-03 
 6.437221e+00  5.312206e-03 
 6.437618e+00  5.334661e-03 
 6.438016e+00  5.356696e-03 
 6.438414e+00  5.378289e-03 
 6.438812e+00  5.399409e-03 
 6.439209e+00  5.420024e-03 
 6.439607e+00  5.440116e-03 
 6.440005e+00  5.459655e-03 
 6.440402e+00  5.478624e-03 
 6.440800e+00  5.497005e-03 
 6.441198e+00  5.514778e-03 
 6.441595e+00  5.531932e-03 
 6.441993e+00  5.548459e-03 
 6.442391e+00  5.564356e-03 
 6.442788e+00  5.579614e-03 
 6.443186e+00  5.594246e-03 
 6.443584e+00  5.608260e-03 
 6.443982e+00  5.621651e-03 
 6.444379e+00  5.634418e-03 
 6.444777e+00  5.646560e-03 
 6.445175e+00  5.658084e-03 
 6.445572e+00  5.668970e-03 
 6.445970e+00  5.679223e-03 
 6.446368e+00  5.688827e-03 
 6.446765e+00  5.697764e-03 
 6.447163e+00  5.706016e-03 
 6.447561e+00  5.713553e-03 
 6.447959e+00  5.720355e-03 
 6.448356e+00  5.726401e-03 
 6.448754e+00  5.731668e-03 
 6.449152e+00  5.736154e-03 
 6.449549e+00  5.739840e-03 
 6.449947e+00  5.742733e-03 
 6.450345e+00  5.744834e-03 
 6.450742e+00  5.746155e-03 
 6.451140e+00  5.746715e-03 
 6.451538e+00  5.746523e-03 
 6.451935e+00  5.745591e-03 
 6.452333e+00  5.743946e-03 
 6.452731e+00  5.741594e-03 
 6.453129e+00  5.738556e-03 
 6.453526e+00  5.734832e-03 
 6.453924e+00  5.730434e-03 
 6.454322e+00  5.725367e-03 
 6.454719e+00  5.719629e-03 
 6.455117e+00  5.713224e-03 
 6.455515e+00  5.706157e-03 
 6.455912e+00  5.698429e-03 
 6.456310e+00  5.690035e-03 
 6.456708e+00  5.680995e-03 
 6.457106e+00  5.671321e-03 
 6.457503e+00  5.661015e-03 
 6.457901e+00  5.650086e-03 
 6.458299e+00  5.638545e-03 
 6.458696e+00  5.626418e-03 
 6.459094e+00  5.613721e-03 
 6.459492e+00  5.600472e-03 
 6.459889e+00  5.586684e-03 
 6.460287e+00  5.572371e-03 
 6.460685e+00  5.557551e-03 
 6.461082e+00  5.542243e-03 
 6.461480e+00  5.526462e-03 
 6.461878e+00  5.510201e-03 
 6.462276e+00  5.493466e-03 
 6.462673e+00  5.476252e-03 
 6.463071e+00  5.458572e-03 
 6.463469e+00  5.440428e-03 
 6.463866e+00  5.421819e-03 
 6.464264e+00  5.402742e-03 
 6.464662e+00  5.383199e-03 
 6.465059e+00  5.363201e-03 
 6.465457e+00  5.342759e-03 
 6.465855e+00  5.321866e-03 
 6.466253e+00  5.300526e-03 
 6.466650e+00  5.278746e-03 
 6.467048e+00  5.256540e-03 
 6.467446e+00  5.233935e-03 
 6.467843e+00  5.210953e-03 
 6.468241e+00  5.187613e-03 
 6.468639e+00  5.163944e-03 
 6.469036e+00  5.139980e-03 
 6.469434e+00  5.115750e-03 
 6.469832e+00  5.091284e-03 
 6.470229e+00  5.066613e-03 
 6.470627e+00  5.041760e-03 
 6.471025e+00  5.016758e-03 
 6.471423e+00  4.991635e-03 
 6.471820e+00  4.966424e-03 
 6.472218e+00  4.941142e-03 
 6.472616e+00  4.915799e-03 
 6.473013e+00  4.890418e-03 
 6.473411e+00  4.865005e-03 
 6.473809e+00  4.839565e-03 
 6.474206e+00  4.814101e-03 
 6.474604e+00  4.788619e-03 
 6.475002e+00  4.763125e-03 
 6.475400e+00  4.737620e-03 
 6.475797e+00  4.712100e-03 
 6.476195e+00  4.686577e-03 
 6.476593e+00  4.661049e-03 
 6.476990e+00  4.635532e-03 
 6.477388e+00  4.610042e-03 
 6.477786e+00  4.584601e-03 
 6.478183e+00  4.559229e-03 
 6.478581e+00  4.533941e-03 
 6.478979e+00  4.508764e-03 
 6.479376e+00  4.483708e-03 
 6.479774e+00  4.458789e-03 
 6.480172e+00  4.434015e-03 
 6.480570e+00  4.409386e-03 
 6.480967e+00  4.384911e-03 
 6.481365e+00  4.360585e-03 
 6.481763e+00  4.336398e-03 
 6.482160e+00  4.312351e-03 
 6.482558e+00  4.288445e-03 
 6.482956e+00  4.264683e-03 
 6.483353e+00  4.241070e-03 
 6.483751e+00  4.217626e-03 
 6.484149e+00  4.194376e-03 
 6.484547e+00  4.171334e-03 
 6.484944e+00  4.148537e-03 
 6.485342e+00  4.126017e-03 
 6.485740e+00  4.103814e-03 
 6.486137e+00  4.081959e-03 
 6.486535e+00  4.060479e-03 
 6.486933e+00  4.039421e-03 
 6.487330e+00  4.018818e-03 
 6.487728e+00  3.998684e-03 
 6.488126e+00  3.979045e-03 
 6.488523e+00  3.959905e-03 
 6.488921e+00  3.941268e-03 
 6.489319e+00  3.923138e-03 
 6.489717e+00  3.905517e-03 
 6.490114e+00  3.888407e-03 
 6.490512e+00  3.871800e-03 
 6.490910e+00  3.855697e-03 
 6.491307e+00  3.840092e-03 
 6.491705e+00  3.824978e-03 
 6.492103e+00  3.810345e-03 
 6.492500e+00  3.796200e-03 
 6.492898e+00  3.782534e-03 
 6.493296e+00  3.769352e-03 
 6.493694e+00  3.756665e-03 
 6.494091e+00  3.744490e-03 
 6.494489e+00  3.732839e-03 
 6.494887e+00  3.721724e-03 
 6.495284e+00  3.711157e-03 
 6.495682e+00  3.701151e-03 
 6.496080e+00  3.691723e-03 
 6.496477e+00  3.682891e-03 
 6.496875e+00  3.674663e-03 
 6.497273e+00  3.667051e-03 
 6.497670e+00  3.660064e-03 
 6.498068e+00  3.653705e-03 
 6.498466e+00  3.647984e-03 
 6.498864e+00  3.642899e-03 
 6.499261e+00  3.638450e-03 
 6.499659e+00  3.634629e-03 
 6.500057e+00  3.631441e-03 
 6.500454e+00  3.628883e-03 
 6.500852e+00  3.626965e-03 
 6.501250e+00  3.625673e-03 
 6.501647e+00  3.625011e-03 
 6.502045e+00  3.624983e-03 
 6.502443e+00  3.625586e-03 
 6.502841e+00  3.626834e-03 
 6.503238e+00  3.628736e-03 
 6.503636e+00  3.631295e-03 
 6.504034e+00  3.634522e-03 
 6.504431e+00  3.638428e-03 
 6.504829e+00  3.643022e-03 
 6.505227e+00  3.648301e-03 
 6.505624e+00  3.654274e-03 
 6.506022e+00  3.660945e-03 
 6.506420e+00  3.668310e-03 
 6.506817e+00  3.676365e-03 
 6.507215e+00  3.685103e-03 
 6.507613e+00  3.694501e-03 
 6.508011e+00  3.704543e-03 
 6.508408e+00  3.715205e-03 
 6.508806e+00  3.726472e-03 
 6.509204e+00  3.738333e-03 
 6.509601e+00  3.750771e-03 
 6.509999e+00  3.763779e-03 
 6.510397e+00  3.777362e-03 
 6.510794e+00  3.791518e-03 
 6.511192e+00  3.806248e-03 
 6.511590e+00  3.821558e-03 
 6.511988e+00  3.837465e-03 
 6.512385e+00  3.853984e-03 
 6.512783e+00  3.871132e-03 
 6.513181e+00  3.888916e-03 
 6.513578e+00  3.907343e-03 
 6.513976e+00  3.926400e-03 
 6.514374e+00  3.946075e-03 
 6.514771e+00  3.966351e-03 
 6.515169e+00  3.987212e-03 
 6.515567e+00  4.008630e-03 
 6.515964e+00  4.030584e-03 
 6.516362e+00  4.053041e-03 
 6.516760e+00  4.075967e-03 
 6.517158e+00  4.099327e-03 
 6.517555e+00  4.123088e-03 
 6.517953e+00  4.147218e-03 
 6.518351e+00  4.171688e-03 
 6.518748e+00  4.196484e-03 
 6.519146e+00  4.221600e-03 
 6.519544e+00  4.247025e-03 
 6.519941e+00  4.272742e-03 
 6.520339e+00  4.298740e-03 
 6.520737e+00  4.325011e-03 
 6.521135e+00  4.351530e-03 
 6.521532e+00  4.378288e-03 
 6.521930e+00  4.405262e-03 
 6.522328e+00  4.432439e-03 
 6.522725e+00  4.459798e-03 
 6.523123e+00  4.487317e-03 
 6.523521e+00  4.514970e-03 
 6.523918e+00  4.542733e-03 
 6.524316e+00  4.570582e-03 
 6.524714e+00  4.598493e-03 
 6.525111e+00  4.626448e-03 
 6.525509e+00  4.654420e-03 
 6.525907e+00  4.682392e-03 
 6.526305e+00  4.710348e-03 
 6.526702e+00  4.738268e-03 
 6.527100e+00  4.766130e-03 
 6.527498e+00  4.793914e-03 
 6.527895e+00  4.821614e-03 
 6.528293e+00  4.849213e-03 
 6.528691e+00  4.876700e-03 
 6.529088e+00  4.904070e-03 
 6.529486e+00  4.931312e-03 
 6.529884e+00  4.958412e-03 
 6.530282e+00  4.985352e-03 
 6.530679e+00  5.012122e-03 
 6.531077e+00  5.038699e-03 
 6.531475e+00  5.065067e-03 
 6.531872e+00  5.091205e-03 
 6.532270e+00  5.117085e-03 
 6.532668e+00  5.142681e-03 
 6.533065e+00  5.167958e-03 
 6.533463e+00  5.192895e-03 
 6.533861e+00  5.217461e-03 
 6.534258e+00  5.241618e-03 
 6.534656e+00  5.265330e-03 
 6.535054e+00  5.288565e-03 
 6.535452e+00  5.311295e-03 
 6.535849e+00  5.333497e-03 
 6.536247e+00  5.355144e-03 
 6.536645e+00  5.376220e-03 
 6.537042e+00  5.396709e-03 
 6.537440e+00  5.416608e-03 
 6.537838e+00  5.435915e-03 
 6.538235e+00  5.454633e-03 
 6.538633e+00  5.472772e-03 
 6.539031e+00  5.490328e-03 
 6.539429e+00  5.507319e-03 
 6.539826e+00  5.523740e-03 
 6.540224e+00  5.539594e-03 
 6.540622e+00  5.554876e-03 
 6.541019e+00  5.569594e-03 
 6.541417e+00  5.583732e-03 
 6.541815e+00  5.597282e-03 
 6.542212e+00  5.610232e-03 
 6.542610e+00  5.622556e-03 
 6.543008e+00  5.634222e-03 
 6.543405e+00  5.645229e-03 
 6.543803e+00  5.655540e-03 
 6.544201e+00  5.665161e-03 
 6.544599e+00  5.674066e-03 
 6.544996e+00  5.682262e-03 
 6.545394e+00  5.689746e-03 
 6.545792e+00  5.696526e-03 
 6.546189e+00  5.702607e-03 
 6.546587e+00  5.708003e-03 
 6.546985e+00  5.712719e-03 
 6.547382e+00  5.716770e-03 
 6.547780e+00  5.720167e-03 
 6.548178e+00  5.722920e-03 
 6.548576e+00  5.725045e-03 
 6.548973e+00  5.726530e-03 
 6.549371e+00  5.727372e-03 
 6.549769e+00  5.727572e-03 
 6.550166e+00  5.727113e-03 
 6.550564e+00  5.725994e-03 
 6.550962e+00  5.724204e-03 
 6.551359e+00  5.721738e-03 
 6.551757e+00  5.718598e-03 
 6.552155e+00  5.714784e-03 
 6.552552e+00  5.710303e-03 
 6.552950e+00  5.705158e-03 
 6.553348e+00  5.699351e-03 
 6.553746e+00  5.692895e-03 
 6.554143e+00  5.685791e-03 
 6.554541e+00  5.678062e-03 
 6.554939e+00  5.669723e-03 
 6.555336e+00  5.660781e-03 
 6.555734e+00  5.651258e-03 
 6.556132e+00  5.641156e-03 
 6.556529e+00  5.630487e-03 
 6.556927e+00  5.619274e-03 
 6.557325e+00  5.607525e-03 
 6.557723e+00  5.595245e-03 
 6.558120e+00  5.582443e-03 
 6.558518e+00  5.569128e-03 
 6.558916e+00  5.555301e-03 
 6.559313e+00  5.540961e-03 
 6.559711e+00  5.526110e-03 
 6.560109e+00  5.510744e-03 
 6.560506e+00  5.494862e-03 
 6.560904e+00  5.478476e-03 
 6.561302e+00  5.461587e-03 
 6.561699e+00  5.444195e-03 
 6.562097e+00  5.426312e-03 
 6.562495e+00  5.407937e-03 
 6.562893e+00  5.389101e-03 
 6.563290e+00  5.369817e-03 
 6.563688e+00  5.350101e-03 
 6.564086e+00  5.329984e-03 
 6.564483e+00  5.309490e-03 
 6.564881e+00  5.288658e-03 
 6.565279e+00  5.267512e-03 
 6.565676e+00  5.246071e-03 
 6.566074e+00  5.224362e-03 
 6.566472e+00  5.202401e-03 
 6.566870e+00  5.180214e-03 
 6.567267e+00  5.157819e-03 
 6.567665e+00  5.135224e-03 
 6.568063e+00  5.112426e-03 
 6.568460e+00  5.089442e-03 
 6.568858e+00  5.066266e-03 
 6.569256e+00  5.042894e-03 
 6.569653e+00  5.019326e-03 
 6.570051e+00  4.995558e-03 
 6.570449e+00  4.971590e-03 
 6.570846e+00  4.947424e-03 
 6.571244e+00  4.923076e-03 
 6.571642e+00  4.898552e-03 
 6.572040e+00  4.873864e-03 
 6.572437e+00  4.849034e-03 
 6.572835e+00  4.824084e-03 
 6.573233e+00  4.799033e-03 
 6.573630e+00  4.773912e-03 
 6.574028e+00  4.748736e-03 
 6.574426e+00  4.723515e-03 
 6.574823e+00  4.698272e-03 
 6.575221e+00  4.673010e-03 
 6.575619e+00  4.647736e-03 
 6.576017e+00  4.622458e-03 
 6.576414e+00  4.597174e-03 
 6.576812e+00  4.571871e-03 
 6.577210e+00  4.546553e-03 
 6.577607e+00  4.521222e-03 
 6.578005e+00  4.495875e-03 
 6.578403e+00  4.470513e-03 
 6.578800e+00  4.445149e-03 
 6.579198e+00  4.419806e-03 
 6.579596e+00  4.394509e-03 
 6.579993e+00  4.369283e-03 
 6.580391e+00  4.344171e-03 
 6.580789e+00  4.319205e-03 
 6.581187e+00  4.294432e-03 
 6.581584e+00  4.269884e-03 
 6.581982e+00  4.245589e-03 
 6.582380e+00  4.221583e-03 
 6.582777e+00  4.197886e-03 
 6.583175e+00  4.174526e-03 
 6.583573e+00  4.151519e-03 
 6.583970e+00  4.128872e-03 
 6.584368e+00  4.106587e-03 
 6.584766e+00  4.084680e-03 
 6.585164e+00  4.063161e-03 
 6.585561e+00  4.042014e-03 
 6.585959e+00  4.021245e-03 
 6.586357e+00  4.000844e-03 
 6.586754e+00  3.980806e-03 
 6.587152e+00  3.961136e-03 
 6.587550e+00  3.941851e-03 
 6.587947e+00  3.922951e-03 
 6.588345e+00  3.904449e-03 
 6.588743e+00  3.886344e-03 
 6.589140e+00  3.868668e-03 
 6.589538e+00  3.851441e-03 
 6.589936e+00  3.834669e-03 
 6.590334e+00  3.818382e-03 
 6.590731e+00  3.802585e-03 
 6.591129e+00  3.787298e-03 
 6.591527e+00  3.772548e-03 
 6.591924e+00  3.758355e-03 
 6.592322e+00  3.744733e-03 
 6.592720e+00  3.731703e-03 
 6.593117e+00  3.719266e-03 
 6.593515e+00  3.707446e-03 
 6.593913e+00  3.696242e-03 
 6.594311e+00  3.685654e-03 
 6.594708e+00  3.675686e-03 
 6.595106e+00  3.666330e-03 
 6.595504e+00  3.657592e-03 
 6.595901e+00  3.649484e-03 
 6.596299e+00  3.642008e-03 
 6.596697e+00  3.635173e-03 
 6.597094e+00  3.628990e-03 
 6.597492e+00  3.623465e-03 
 6.597890e+00  3.618609e-03 
 6.598287e+00  3.614430e-03 
 6.598685e+00  3.610947e-03 
 6.599083e+00  3.608172e-03 
 6.599481e+00  3.606120e-03 
 6.599878e+00  3.604813e-03 
 6.600276e+00  3.604263e-03 
 6.600674e+00  3.604476e-03 
 6.601071e+00  3.605466e-03 
 6.601469e+00  3.607228e-03 
 6.601867e+00  3.609753e-03 
 6.602264e+00  3.613031e-03 
 6.602662e+00  3.617060e-03 
 6.603060e+00  3.621822e-03 
 6.603458e+00  3.627300e-03 
 6.603855e+00  3.633480e-03 
 6.604253e+00  3.640342e-03 
 6.604651e+00  3.647880e-03 
 6.605048e+00  3.656089e-03 
 6.605446e+00  3.664952e-03 
 6.605844e+00  3.674465e-03 
 6.606241e+00  3.684635e-03 
 6.606639e+00  3.695479e-03 
 6.607037e+00  3.707009e-03 
 6.607434e+00  3.719228e-03 
 6.607832e+00  3.732151e-03 
 6.608230e+00  3.745787e-03 
 6.608628e+00  3.760131e-03 
 6.609025e+00  3.775198e-03 
 6.609423e+00  3.790968e-03 
 6.609821e+00  3.807427e-03 
 6.610218e+00  3.824550e-03 
 6.610616e+00  3.842305e-03 
 6.611014e+00  3.860677e-03 
 6.611411e+00  3.879637e-03 
 6.611809e+00  3.899143e-03 
 6.612207e+00  3.919172e-03 
 6.612605e+00  3.939704e-03 
 6.613002e+00  3.960713e-03 
 6.613400e+00  3.982186e-03 
 6.613798e+00  4.004102e-03 
 6.614195e+00  4.026450e-03 
 6.614593e+00  4.049217e-03 
 6.614991e+00  4.072395e-03 
 6.615388e+00  4.095977e-03 
 6.615786e+00  4.119952e-03 
 6.616184e+00  4.144309e-03 
 6.616581e+00  4.169043e-03 
 6.616979e+00  4.194136e-03 
 6.617377e+00  4.219571e-03 
 6.617775e+00  4.245327e-03 
 6.618172e+00  4.271388e-03 
 6.618570e+00  4.297717e-03 
 6.618968e+00  4.324301e-03 
 6.619365e+00  4.351112e-03 
 6.619763e+00  4.378132e-03 
 6.620161e+00  4.405342e-03 
 6.620558e+00  4.432720e-03 
 6.620956e+00  4.460249e-03 
 6.621354e+00  4.487903e-03 
 6.621752e+00  4.515663e-03 
 6.622149e+00  4.543498e-03 
 6.622547e+00  4.571388e-03 
 6.622945e+00  4.599317e-03 
 6.623342e+00  4.627264e-03 
 6.623740e+00  4.655212e-03 
 6.624138e+00  4.683141e-03 
 6.624535e+00  4.711046e-03 
 6.624933e+00  4.738905e-03 
 6.625331e+00  4.766712e-03 
 6.625728e+00  4.794441e-03 
 6.626126e+00  4.822078e-03 
 6.626524e+00  4.849606e-03 
 6.626922e+00  4.877016e-03 
 6.627319e+00  4.904292e-03 
 6.627717e+00  4.931401e-03 
 6.628115e+00  4.958311e-03 
 6.628512e+00  4.984994e-03 
 6.628910e+00  5.011421e-03 
 6.629308e+00  5.037553e-03 
 6.629705e+00  5.063356e-03 
 6.630103e+00  5.088789e-03 
 6.630501e+00  5.113822e-03 
 6.630899e+00  5.138434e-03 
 6.631296e+00  5.162604e-03 
 6.631694e+00  5.186315e-03 
 6.632092e+00  5.209547e-03 
 6.632489e+00  5.232298e-03 
 6.632887e+00  5.254564e-03 
 6.633285e+00  5.276347e-03 
 6.633682e+00  5.297648e-03 
 6.634080e+00  5.318469e-03 
 6.634478e+00  5.338820e-03 
 6.634875e+00  5.358710e-03 
 6.635273e+00  5.378150e-03 
 6.635671e+00  5.397144e-03 
 6.636069e+00  5.415688e-03 
 6.636466e+00  5.433772e-03 
 6.636864e+00  5.451390e-03 
 6.637262e+00  5.468517e-03 
 6.637659e+00  5.485141e-03 
 6.638057e+00  5.501232e-03 
 6.638455e+00  5.516757e-03 
 6.638852e+00  5.531703e-03 
 6.639250e+00  5.546046e-03 
 6.639648e+00  5.559793e-03 
 6.640046e+00  5.572925e-03 
 6.640443e+00  5.585438e-03 
 6.640841e+00  5.597325e-03 
 6.641239e+00  5.608597e-03 
 6.641636e+00  5.619264e-03 
 6.642034e+00  5.629340e-03 
 6.642432e+00  5.638815e-03 
 6.642829e+00  5.647715e-03 
 6.643227e+00  5.656041e-03 
 6.643625e+00  5.663793e-03 
 6.644022e+00  5.670975e-03 
 6.644420e+00  5.677575e-03 
 6.644818e+00  5.683587e-03 
 6.645216e+00  5.689008e-03 
 6.645613e+00  5.693805e-03 
 6.646011e+00  5.697979e-03 
 6.646409e+00  5.701511e-03 
 6.646806e+00  5.704389e-03 
 6.647204e+00  5.706609e-03 
 6.647602e+00  5.708160e-03 
 6.647999e+00  5.709052e-03 
 6.648397e+00  5.709290e-03 
 6.648795e+00  5.708885e-03 
 6.649193e+00  5.707847e-03 
 6.649590e+00  5.706180e-03 
 6.649988e+00  5.703892e-03 
 6.650386e+00  5.700996e-03 
 6.650783e+00  5.697508e-03 
 6.651181e+00  5.693433e-03 
 6.651579e+00  5.688780e-03 
 6.651976e+00  5.683557e-03 
 6.652374e+00  5.677766e-03 
 6.652772e+00  5.671421e-03 
 6.653169e+00  5.664524e-03 
 6.653567e+00  5.657076e-03 
 6.653965e+00  5.649079e-03 
 6.654363e+00  5.640519e-03 
 6.654760e+00  5.631408e-03 
 6.655158e+00  5.621750e-03 
 6.655556e+00  5.611540e-03 
 6.655953e+00  5.600774e-03 
 6.656351e+00  5.589449e-03 
 6.656749e+00  5.577562e-03 
 6.657146e+00  5.565112e-03 
 6.657544e+00  5.552110e-03 
 6.657942e+00  5.538559e-03 
 6.658340e+00  5.524469e-03 
 6.658737e+00  5.509853e-03 
 6.659135e+00  5.494736e-03 
 6.659533e+00  5.479147e-03 
 6.659930e+00  5.463100e-03 
 6.660328e+00  5.446619e-03 
 6.660726e+00  5.429721e-03 
 6.661123e+00  5.412423e-03 
 6.661521e+00  5.394742e-03 
 6.661919e+00  5.376688e-03 
 6.662316e+00  5.358264e-03 
 6.662714e+00  5.339477e-03 
 6.663112e+00  5.320323e-03 
 6.663510e+00  5.300812e-03 
 6.663907e+00  5.280936e-03 
 6.664305e+00  5.260691e-03 
 6.664703e+00  5.240068e-03 
 6.665100e+00  5.219065e-03 
 6.665498e+00  5.197678e-03 
 6.665896e+00  5.175902e-03 
 6.666293e+00  5.153737e-03 
 6.666691e+00  5.131189e-03 
 6.667089e+00  5.108272e-03 
 6.667487e+00  5.085013e-03 
 6.667884e+00  5.061437e-03 
 6.668282e+00  5.037567e-03 
 6.668680e+00  5.013439e-03 
 6.669077e+00  4.989073e-03 
 6.669475e+00  4.964479e-03 
 6.669873e+00  4.939674e-03 
 6.670270e+00  4.914671e-03 
 6.670668e+00  4.889478e-03 
 6.671066e+00  4.864101e-03 
 6.671463e+00  4.838543e-03 
 6.671861e+00  4.812807e-03 
 6.672259e+00  4.786886e-03 
 6.672657e+00  4.760788e-03 
 6.673054e+00  4.734516e-03 
 6.673452e+00  4.708069e-03 
 6.673850e+00  4.681459e-03 
 6.674247e+00  4.654715e-03 
 6.674645e+00  4.627870e-03 
 6.675043e+00  4.600952e-03 
 6.675440e+00  4.573994e-03 
 6.675838e+00  4.547036e-03 
 6.676236e+00  4.520114e-03 
 6.676634e+00  4.493265e-03 
 6.677031e+00  4.466533e-03 
 6.677429e+00  4.439946e-03 
 6.677827e+00  4.413524e-03 
 6.678224e+00  4.387289e-03 
 6.678622e+00  4.361260e-03 
 6.679020e+00  4.335459e-03 
 6.679417e+00  4.309888e-03 
 6.679815e+00  4.284548e-03 
 6.680213e+00  4.259451e-03 
 6.680610e+00  4.234604e-03 
 6.681008e+00  4.210010e-03 
 6.681406e+00  4.185681e-03 
 6.681804e+00  4.161632e-03 
 6.682201e+00  4.137865e-03 
 6.682599e+00  4.114382e-03 
 6.682997e+00  4.091197e-03 
 6.683394e+00  4.068334e-03 
 6.683792e+00  4.045804e-03 
 6.684190e+00  4.023619e-03 
 6.684587e+00  4.001787e-03 
 6.684985e+00  3.980332e-03 
 6.685383e+00  3.959260e-03 
 6.685781e+00  3.938591e-03 
 6.686178e+00  3.918350e-03 
 6.686576e+00  3.898561e-03 
 6.686974e+00  3.879263e-03 
 6.687371e+00  3.860464e-03 
 6.687769e+00  3.842193e-03 
 6.688167e+00  3.824472e-03 
 6.688564e+00  3.807298e-03 
 6.688962e+00  3.790682e-03 
 6.689360e+00  3.774629e-03 
 6.689757e+00  3.759154e-03 
 6.690155e+00  3.744267e-03 
 6.690553e+00  3.729978e-03 
 6.690951e+00  3.716311e-03 
 6.691348e+00  3.703261e-03 
 6.691746e+00  3.690835e-03 
 6.692144e+00  3.679036e-03 
 6.692541e+00  3.667887e-03 
 6.692939e+00  3.657389e-03 
 6.693337e+00  3.647568e-03 
 6.693734e+00  3.638443e-03 
 6.694132e+00  3.630038e-03 
 6.694530e+00  3.622368e-03 
 6.694928e+00  3.615458e-03 
 6.695325e+00  3.609328e-03 
 6.695723e+00  3.603982e-03 
 6.696121e+00  3.599441e-03 
 6.696518e+00  3.595711e-03 
 6.696916e+00  3.592799e-03 
 6.697314e+00  3.590696e-03 
 6.697711e+00  3.589396e-03 
 6.698109e+00  3.588886e-03 
 6.698507e+00  3.589144e-03 
 6.698904e+00  3.590160e-03 
 6.699302e+00  3.591923e-03 
 6.699700e+00  3.594421e-03 
 6.700098e+00  3.597645e-03 
 6.700495e+00  3.601588e-03 
 6.700893e+00  3.606255e-03 
 6.701291e+00  3.611630e-03 
 6.701688e+00  3.617709e-03 
 6.702086e+00  3.624491e-03 
 6.702484e+00  3.631985e-03 
 6.702881e+00  3.640209e-03 
 6.703279e+00  3.649166e-03 
 6.703677e+00  3.658853e-03 
 6.704075e+00  3.669283e-03 
 6.704472e+00  3.680448e-03 
 6.704870e+00  3.692330e-03 
 6.705268e+00  3.704921e-03 
 6.705665e+00  3.718208e-03 
 6.706063e+00  3.732157e-03 
 6.706461e+00  3.746749e-03 
 6.706858e+00  3.761959e-03 
 6.707256e+00  3.777772e-03 
 6.707654e+00  3.794156e-03 
 6.708051e+00  3.811075e-03 
 6.708449e+00  3.828522e-03 
 6.708847e+00  3.846483e-03 
 6.709245e+00  3.864944e-03 
 6.709642e+00  3.883903e-03 
 6.710040e+00  3.903363e-03 
 6.710438e+00  3.923309e-03 
 6.710835e+00  3.943736e-03 
 6.711233e+00  3.964641e-03 
 6.711631e+00  3.986016e-03 
 6.712028e+00  4.007856e-03 
 6.712426e+00  4.030147e-03 
 6.712824e+00  4.052869e-03 
 6.713222e+00  4.076018e-03 
 6.713619e+00  4.099563e-03 
 6.714017e+00  4.123486e-03 
 6.714415e+00  4.147763e-03 
 6.714812e+00  4.172374e-03 
 6.715210e+00  4.197299e-03 
 6.715608e+00  4.222523e-03 
 6.716005e+00  4.248017e-03 
 6.716403e+00  4.273759e-03 
 6.716801e+00  4.299718e-03 
 6.717198e+00  4.325871e-03 
 6.717596e+00  4.352178e-03 
 6.717994e+00  4.378622e-03 
 6.718392e+00  4.405187e-03 
 6.718789e+00  4.431866e-03 
 6.719187e+00  4.458634e-03 
 6.719585e+00  4.485484e-03 
 6.719982e+00  4.512395e-03 
 6.720380e+00  4.539346e-03 
 6.720778e+00  4.566325e-03 
 6.721175e+00  4.593320e-03 
 6.721573e+00  4.620310e-03 
 6.721971e+00  4.647285e-03 
 6.722369e+00  4.674236e-03 
 6.722766e+00  4.701154e-03 
 6.723164e+00  4.728011e-03 
 6.723562e+00  4.754787e-03 
 6.723959e+00  4.781442e-03 
 6.724357e+00  4.807954e-03 
 6.724755e+00  4.834286e-03 
 6.725152e+00  4.860417e-03 
 6.725550e+00  4.886318e-03 
 6.725948e+00  4.911962e-03 
 6.726345e+00  4.937323e-03 
 6.726743e+00  4.962376e-03 
 6.727141e+00  4.987116e-03 
 6.727539e+00  5.011534e-03 
 6.727936e+00  5.035633e-03 
 6.728334e+00  5.059415e-03 
 6.728732e+00  5.082888e-03 
 6.729129e+00  5.106069e-03 
 6.729527e+00  5.128960e-03 
 6.729925e+00  5.151567e-03 
 6.730322e+00  5.173889e-03 
 6.730720e+00  5.195931e-03 
 6.731118e+00  5.217679e-03 
 6.731516e+00  5.239131e-03 
 6.731913e+00  5.260270e-03 
 6.732311e+00  5.281080e-03 
 6.732709e+00  5.301535e-03 
 6.733106e+00  5.321613e-03 
 6.733504e+00  5.341288e-03 
 6.733902e+00  5.360535e-03 
 6.734299e+00  5.379328e-03 
 6.734697e+00  5.397651e-03 
 6.735095e+00  5.415491e-03 
 6.735492e+00  5.432840e-03 
 6.735890e+00  5.449692e-03 
 6.736288e+00  5.466030e-03 
 6.736686e+00  5.481877e-03 
 6.737083e+00  5.497226e-03 
 6.737481e+00  5.512089e-03 
 6.737879e+00  5.526475e-03 
 6.738276e+00  5.540392e-03 
 6.738674e+00  5.553837e-03 
 6.739072e+00  5.566795e-03 
 6.739469e+00  5.579270e-03 
 6.739867e+00  5.591217e-03 
 6.740265e+00  5.602638e-03 
 6.740663e+00  5.613502e-03 
 6.741060e+00  5.623793e-03 
 6.741458e+00  5.633496e-03 
 6.741856e+00  5.642602e-03 
 6.742253e+00  5.651099e-03 
 6.742651e+00  5.658975e-03 
 6.743049e+00  5.666231e-03 
 6.743446e+00  5.672865e-03 
 6.743844e+00  5.678872e-03 
 6.744242e+00  5.684257e-03 
 6.744639e+00  5.689036e-03 
 6.745037e+00  5.693207e-03 
 6.745435e+00  5.696772e-03 
 6.745833e+00  5.699740e-03 
 6.746230e+00  5.702117e-03 
 6.746628e+00  5.703908e-03 
 6.747026e+00  5.705112e-03 
 6.747423e+00  5.705737e-03 
 6.747821e+00  5.705788e-03 
 6.748219e+00  5.705265e-03 
 6.748616e+00  5.704164e-03 
 6.749014e+00  5.702489e-03 
 6.749412e+00  5.700238e-03 
 6.749810e+00  5.697404e-03 
 6.750207e+00  5.693978e-03 
 6.750605e+00  5.689957e-03 
 6.751003e+00  5.685340e-03 
 6.751400e+00  5.680114e-03 
 6.751798e+00  5.674278e-03 
 6.752196e+00  5.667826e-03 
 6.752593e+00  5.660753e-03 
 6.752991e+00  5.653055e-03 
 6.753389e+00  5.644732e-03 
 6.753786e+00  5.635794e-03 
 6.754184e+00  5.626252e-03 
 6.754582e+00  5.616123e-03 
 6.754980e+00  5.605417e-03 
 6.755377e+00  5.594144e-03 
 6.755775e+00  5.582328e-03 
 6.756173e+00  5.569968e-03 
 6.756570e+00  5.557084e-03 
 6.756968e+00  5.543686e-03 
 6.757366e+00  5.529779e-03 
 6.757763e+00  5.515355e-03 
 6.758161e+00  5.500411e-03 
 6.758559e+00  5.484940e-03 
 6.758957e+00  5.468931e-03 
 6.759354e+00  5.452380e-03 
 6.759752e+00  5.435264e-03 
 6.760150e+00  5.417589e-03 
 6.760547e+00  5.399350e-03 
 6.760945e+00  5.380553e-03 
 6.761343e+00  5.361209e-03 
 6.761740e+00  5.341320e-03 
 6.762138e+00  5.320907e-03 
 6.762536e+00  5.299979e-03 
 6.762933e+00  5.278563e-03 
 6.763331e+00  5.256681e-03 
 6.763729e+00  5.234359e-03 
 6.764127e+00  5.211626e-03 
 6.764524e+00  5.188504e-03 
 6.764922e+00  5.165010e-03 
 6.765320e+00  5.141159e-03 
 6.765717e+00  5.116977e-03 
 6.766115e+00  5.092468e-03 
 6.766513e+00  5.067652e-03 
 6.766910e+00  5.042540e-03 
 6.767308e+00  5.017137e-03 
 6.767706e+00  4.991451e-03 
 6.768104e+00  4.965489e-03 
 6.768501e+00  4.939262e-03 
 6.768899e+00  4.912775e-03 
 6.769297e+00  4.886050e-03 
 6.769694e+00  4.859112e-03 
 6.770092e+00  4.831996e-03 
 6.770490e+00  4.804734e-03 
 6.770887e+00  4.777365e-03 
 6.771285e+00  4.749918e-03 
 6.771683e+00  4.722417e-03 
 6.772080e+00  4.694893e-03 
 6.772478e+00  4.667367e-03 
 6.772876e+00  4.639864e-03 
 6.773274e+00  4.612403e-03 
 6.773671e+00  4.584995e-03 
 6.774069e+00  4.557657e-03 
 6.774467e+00  4.530397e-03 
 6.774864e+00  4.503227e-03 
 6.775262e+00  4.476142e-03 
 6.775660e+00  4.449155e-03 
 6.776057e+00  4.422267e-03 
 6.776455e+00  4.395487e-03 
 6.776853e+00  4.368833e-03 
 6.777251e+00  4.342313e-03 
 6.777648e+00  4.315935e-03 
 6.778046e+00  4.289714e-03 
 6.778444e+00  4.263661e-03 
 6.778841e+00  4.237794e-03 
 6.779239e+00  4.212136e-03 
 6.779637e+00  4.186701e-03 
 6.780034e+00  4.161521e-03 
 6.780432e+00  4.136622e-03 
 6.780830e+00  4.112033e-03 
 6.781227e+00  4.087792e-03 
 6.781625e+00  4.063916e-03 
 6.782023e+00  4.040451e-03 
 6.782421e+00  4.017420e-03 
 6.782818e+00  3.994856e-03 
 6.783216e+00  3.972787e-03 
 6.783614e+00  3.951224e-03 
 6.784011e+00  3.930200e-03 
 6.784409e+00  3.909729e-03 
 6.784807e+00  3.889831e-03 
 6.785204e+00  3.870526e-03 
 6.785602e+00  3.851804e-03 
 6.786000e+00  3.833690e-03 
 6.786398e+00  3.816185e-03 
 6.786795e+00  3.799280e-03 
 6.787193e+00  3.782987e-03 
 6.787591e+00  3.767306e-03 
 6.787988e+00  3.752254e-03 
 6.788386e+00  3.737847e-03 
 6.788784e+00  3.724101e-03 
 6.789181e+00  3.711044e-03 
 6.789579e+00  3.698684e-03 
 6.789977e+00  3.687041e-03 
 6.790374e+00  3.676122e-03 
 6.790772e+00  3.665938e-03 
 6.791170e+00  3.656499e-03 
 6.791568e+00  3.647817e-03 
 6.791965e+00  3.639889e-03 
 6.792363e+00  3.632715e-03 
 6.792761e+00  3.626301e-03 
 6.793158e+00  3.620633e-03 
 6.793556e+00  3.615697e-03 
 6.793954e+00  3.611486e-03 
 6.794351e+00  3.607988e-03 
 6.794749e+00  3.605180e-03 
 6.795147e+00  3.603051e-03 
 6.795545e+00  3.601598e-03 
 6.795942e+00  3.600815e-03 
 6.796340e+00  3.600705e-03 
 6.796738e+00  3.601271e-03 
 6.797135e+00  3.602526e-03 
 6.797533e+00  3.604473e-03 
 6.797931e+00  3.607131e-03 
 6.798328e+00  3.610519e-03 
 6.798726e+00  3.614641e-03 
 6.799124e+00  3.619508e-03 
 6.799521e+00  3.625112e-03 
 6.799919e+00  3.631447e-03 
 6.800317e+00  3.638508e-03 
 6.800715e+00  3.646293e-03 
 6.801112e+00  3.654786e-03 
 6.801510e+00  3.663951e-03 
 6.801908e+00  3.673768e-03 
 6.802305e+00  3.684225e-03 
 6.802703e+00  3.695298e-03 
 6.803101e+00  3.706969e-03 
 6.803498e+00  3.719215e-03 
 6.803896e+00  3.732027e-03 
 6.804294e+00  3.745391e-03 
 6.804692e+00  3.759302e-03 
 6.805089e+00  3.773763e-03 
 6.805487e+00  3.788770e-03 
 6.805885e+00  3.804315e-03 
 6.806282e+00  3.820395e-03 
 6.806680e+00  3.837008e-03 
 6.807078e+00  3.854153e-03 
 6.807475e+00  3.871817e-03 
 6.807873e+00  3.889988e-03 
 6.808271e+00  3.908662e-03 
 6.808668e+00  3.927823e-03 
 6.809066e+00  3.947462e-03 
 6.809464e+00  3.967560e-03 
 6.809862e+00  3.988100e-03 
 6.810259e+00  4.009070e-03 
 6.810657e+00  4.030443e-03 
 6.811055e+00  4.052201e-03 
 6.811452e+00  4.074323e-03 
 6.811850e+00  4.096793e-03 
 6.812248e+00  4.119585e-03 
 6.812645e+00  4.142684e-03 
 6.813043e+00  4.166073e-03 
 6.813441e+00  4.189729e-03 
 6.813839e+00  4.213632e-03 
 6.814236e+00  4.237753e-03 
 6.814634e+00  4.262086e-03 
 6.815032e+00  4.286610e-03 
 6.815429e+00  4.311313e-03 
 6.815827e+00  4.336188e-03 
 6.816225e+00  4.361231e-03 
 6.816622e+00  4.386431e-03 
 6.817020e+00  4.411774e-03 
 6.817418e+00  4.437250e-03 
 6.817815e+00  4.462848e-03 
 6.818213e+00  4.488541e-03 
 6.818611e+00  4.514306e-03 
 6.819009e+00  4.540119e-03 
 6.819406e+00  4.565949e-03 
 6.819804e+00  4.591768e-03 
 6.820202e+00  4.617552e-03 
 6.820599e+00  4.643274e-03 
 6.820997e+00  4.668917e-03 
 6.821395e+00  4.694455e-03 
 6.821792e+00  4.719883e-03 
 6.822190e+00  4.745190e-03 
 6.822588e+00  4.770377e-03 
 6.822986e+00  4.795449e-03 
 6.823383e+00  4.820399e-03 
 6.823781e+00  4.845234e-03 
 6.824179e+00  4.869966e-03 
 6.824576e+00  4.894605e-03 
 6.824974e+00  4.919157e-03 
 6.825372e+00  4.943620e-03 
 6.825769e+00  4.967992e-03 
 6.826167e+00  4.992268e-03 
 6.826565e+00  5.016437e-03 
 6.826962e+00  5.040481e-03 
 6.827360e+00  5.064372e-03 
 6.827758e+00  5.088082e-03 
 6.828156e+00  5.111582e-03 
 6.828553e+00  5.134838e-03 
 6.828951e+00  5.157827e-03 
 6.829349e+00  5.180519e-03 
 6.829746e+00  5.202879e-03 
 6.830144e+00  5.224887e-03 
 6.830542e+00  5.246533e-03 
 6.830939e+00  5.267794e-03 
 6.831337e+00  5.288657e-03 
 6.831735e+00  5.309133e-03 
 6.832133e+00  5.329215e-03 
 6.832530e+00  5.348892e-03 
 6.832928e+00  5.368161e-03 
 6.833326e+00  5.387026e-03 
 6.833723e+00  5.405476e-03 
 6.834121e+00  5.423493e-03 
 6.834519e+00  5.441074e-03 
 6.834916e+00  5.458194e-03 
 6.835314e+00  5.474842e-03 
 6.835712e+00  5.491008e-03 
 6.836109e+00  5.506669e-03 
 6.836507e+00  5.521819e-03 
 6.836905e+00  5.536443e-03 
 6.837303e+00  5.550532e-03 
 6.837700e+00  5.564063e-03 
 6.838098e+00  5.577045e-03 
 6.838496e+00  5.589463e-03 
 6.838893e+00  5.601313e-03 
 6.839291e+00  5.612599e-03 
 6.839689e+00  5.623321e-03 
 6.840086e+00  5.633494e-03 
 6.840484e+00  5.643120e-03 
 6.840882e+00  5.652202e-03 
 6.841279e+00  5.660749e-03 
 6.841677e+00  5.668748e-03 
 6.842075e+00  5.676196e-03 
 6.842473e+00  5.683086e-03 
 6.842870e+00  5.689409e-03 
 6.843268e+00  5.695162e-03 
 6.843666e+00  5.700335e-03 
 6.844063e+00  5.704937e-03 
 6.844461e+00  5.708965e-03 
 6.844859e+00  5.712406e-03 
 6.845256e+00  5.715241e-03 
 6.845654e+00  5.717455e-03 
 6.846052e+00  5.719031e-03 
 6.846450e+00  5.719957e-03 
 6.846847e+00  5.720214e-03 
 6.847245e+00  5.719785e-03 
 6.847643e+00  5.718657e-03 
 6.848040e+00  5.716827e-03 
 6.848438e+00  5.714295e-03 
 6.848836e+00  5.711055e-03 
 6.849233e+00  5.707108e-03 
 6.849631e+00  5.702457e-03 
 6.850029e+00  5.697109e-03 
 6.850426e+00  5.691071e-03 
 6.850824e+00  5.684361e-03 
 6.851222e+00  5.676991e-03 
 6.851620e+00  5.668972e-03 
 6.852017e+00  5.660321e-03 
 6.852415e+00  5.651038e-03 
 6.852813e+00  5.641132e-03 
 6.853210e+00  5.630597e-03 
 6.853608e+00  5.619433e-03 
 6.854006e+00  5.607642e-03 
 6.854403e+00  5.595219e-03 
 6.854801e+00  5.582161e-03 
 6.855199e+00  5.568468e-03 
 6.855597e+00  5.554145e-03 
 6.855994e+00  5.539189e-03 
 6.856392e+00  5.523606e-03 
 6.856790e+00  5.507401e-03 
 6.857187e+00  5.490585e-03 
 6.857585e+00  5.473171e-03 
 6.857983e+00  5.455183e-03 
 6.858380e+00  5.436647e-03 
 6.858778e+00  5.417584e-03 
 6.859176e+00  5.398015e-03 
 6.859573e+00  5.377958e-03 
 6.859971e+00  5.357445e-03 
 6.860369e+00  5.336488e-03 
 6.860767e+00  5.315102e-03 
 6.861164e+00  5.293290e-03 
 6.861562e+00  5.271060e-03 
 6.861960e+00  5.248421e-03 
 6.862357e+00  5.225370e-03 
 6.862755e+00  5.201910e-03 
 6.863153e+00  5.178039e-03 
 6.863550e+00  5.153769e-03 
 6.863948e+00  5.129114e-03 
 6.864346e+00  5.104087e-03 
 6.864744e+00  5.078714e-03 
 6.865141e+00  5.053007e-03 
 6.865539e+00  5.026993e-03 
 6.865937e+00  5.000694e-03 
 6.866334e+00  4.974144e-03 
 6.866732e+00  4.947368e-03 
 6.867130e+00  4.920398e-03 
 6.867527e+00  4.893259e-03 
 6.867925e+00  4.865984e-03 
 6.868323e+00  4.838598e-03 
 6.868720e+00  4.811127e-03 
 6.869118e+00  4.783581e-03 
 6.869516e+00  4.755970e-03 
 6.869914e+00  4.728311e-03 
 6.870311e+00  4.700610e-03 
 6.870709e+00  4.672883e-03 
 6.871107e+00  4.645140e-03 
 6.871504e+00  4.617391e-03 
 6.871902e+00  4.589648e-03 
 6.872300e+00  4.561919e-03 
 6.872697e+00  4.534231e-03 
 6.873095e+00  4.506596e-03 
 6.873493e+00  4.479029e-03 
 6.873891e+00  4.451551e-03 
 6.874288e+00  4.424178e-03 
 6.874686e+00  4.396935e-03 
 6.875084e+00  4.369838e-03 
 6.875481e+00  4.342911e-03 
 6.875879e+00  4.316188e-03 
 6.876277e+00  4.289693e-03 
 6.876674e+00  4.263459e-03 
 6.877072e+00  4.237520e-03 
 6.877470e+00  4.211909e-03 
 6.877867e+00  4.186657e-03 
 6.878265e+00  4.161789e-03 
 6.878663e+00  4.137340e-03 
 6.879061e+00  4.113325e-03 
 6.879458e+00  4.089769e-03 
 6.879856e+00  4.066681e-03 
 6.880254e+00  4.044084e-03 
 6.880651e+00  4.021987e-03 
 6.881049e+00  4.000384e-03 
 6.881447e+00  3.979273e-03 
 6.881844e+00  3.958659e-03 
 6.882242e+00  3.938546e-03 
 6.882640e+00  3.918934e-03 
 6.883038e+00  3.899841e-03 
 6.883435e+00  3.881296e-03 
 6.883833e+00  3.863301e-03 
 6.884231e+00  3.845880e-03 
 6.884628e+00  3.829053e-03 
 6.885026e+00  3.812838e-03 
 6.885424e+00  3.797241e-03 
 6.885821e+00  3.782282e-03 
 6.886219e+00  3.767978e-03 
 6.886617e+00  3.754344e-03 
 6.887014e+00  3.741384e-03 
 6.887412e+00  3.729107e-03 
 6.887810e+00  3.717504e-03 
 6.888208e+00  3.706571e-03 
 6.888605e+00  3.696293e-03 
 6.889003e+00  3.686655e-03 
 6.889401e+00  3.677654e-03 
 6.889798e+00  3.669275e-03 
 6.890196e+00  3.661508e-03 
 6.890594e+00  3.654359e-03 
 6.890991e+00  3.647815e-03 
 6.891389e+00  3.641889e-03 
 6.891787e+00  3.636585e-03 
 6.892185e+00  3.631929e-03 
 6.892582e+00  3.627934e-03 
 6.892980e+00  3.624616e-03 
 6.893378e+00  3.621988e-03 
 6.893775e+00  3.620060e-03 
 6.894173e+00  3.618838e-03 
 6.894571e+00  3.618326e-03 
 6.894968e+00  3.618534e-03 
 6.895366e+00  3.619465e-03 
 6.895764e+00  3.621108e-03 
 6.896161e+00  3.623465e-03 
 6.896559e+00  3.626524e-03 
 6.896957e+00  3.630272e-03 
 6.897355e+00  3.634685e-03 
 6.897752e+00  3.639746e-03 
 6.898150e+00  3.645437e-03 
 6.898548e+00  3.651740e-03 
 6.898945e+00  3.658657e-03 
 6.899343e+00  3.666196e-03 
 6.899741e+00  3.674351e-03 
 6.900138e+00  3.683112e-03 
 6.900536e+00  3.692481e-03 
 6.900934e+00  3.702455e-03 
 6.901332e+00  3.713024e-03 
 6.901729e+00  3.724182e-03 
 6.902127e+00  3.735939e-03 
 6.902525e+00  3.748284e-03 
 6.902922e+00  3.761207e-03 
 6.903320e+00  3.774708e-03 
 6.903718e+00  3.788782e-03 
 6.904115e+00  3.803421e-03 
 6.904513e+00  3.818598e-03 
 6.904911e+00  3.834308e-03 
 6.905308e+00  3.850537e-03 
 6.905706e+00  3.867270e-03 
 6.906104e+00  3.884490e-03 
 6.906502e+00  3.902182e-03 
 6.906899e+00  3.920326e-03 
 6.907297e+00  3.938904e-03 
 6.907695e+00  3.957897e-03 
 6.908092e+00  3.977280e-03 
 6.908490e+00  3.997041e-03 
 6.908888e+00  4.017159e-03 
 6.909285e+00  4.037619e-03 
 6.909683e+00  4.058415e-03 
 6.910081e+00  4.079538e-03 
 6.910479e+00  4.100987e-03 
 6.910876e+00  4.122753e-03 
 6.911274e+00  4.144841e-03 
 6.911672e+00  4.167247e-03 
 6.912069e+00  4.189963e-03 
 6.912467e+00  4.212978e-03 
 6.912865e+00  4.236285e-03 
 6.913262e+00  4.259862e-03 
 6.913660e+00  4.283692e-03 
 6.914058e+00  4.307757e-03 
 6.914455e+00  4.332039e-03 
 6.914853e+00  4.356511e-03 
 6.915251e+00  4.381145e-03 
 6.915649e+00  4.405916e-03 
 6.916046e+00  4.430802e-03 
 6.916444e+00  4.455777e-03 
 6.916842e+00  4.480832e-03 
 6.917239e+00  4.505947e-03 
 6.917637e+00  4.531118e-03 
 6.918035e+00  4.556347e-03 
 6.918432e+00  4.581636e-03 
 6.918830e+00  4.606984e-03 
 6.919228e+00  4.632401e-03 
 6.919626e+00  4.657877e-03 
 6.920023e+00  4.683419e-03 
 6.920421e+00  4.709016e-03 
 6.920819e+00  4.734664e-03 
 6.921216e+00  4.760354e-03 
 6.921614e+00  4.786073e-03 
 6.922012e+00  4.811797e-03 
 6.922409e+00  4.837501e-03 
 6.922807e+00  4.863152e-03 
 6.923205e+00  4.888721e-03 
 6.923602e+00  4.914176e-03 
 6.924000e+00  4.939492e-03 
 6.924398e+00  4.964643e-03 
 6.924796e+00  4.989597e-03 
 6.925193e+00  5.014334e-03 
 6.925591e+00  5.038833e-03 
 6.925989e+00  5.063078e-03 
 6.926386e+00  5.087048e-03 
 6.926784e+00  5.110732e-03 
 6.927182e+00  5.134128e-03 
 6.927579e+00  5.157232e-03 
 6.927977e+00  5.180044e-03 
 6.928375e+00  5.202565e-03 
 6.928773e+00  5.224792e-03 
 6.929170e+00  5.246706e-03 
 6.929568e+00  5.268288e-03 
 6.929966e+00  5.289537e-03 
 6.930363e+00  5.310434e-03 
 6.930761e+00  5.330952e-03 
 6.931159e+00  5.351091e-03 
 6.931556e+00  5.370833e-03 
 6.931954e+00  5.390163e-03 
 6.932352e+00  5.409067e-03 
 6.932749e+00  5.427533e-03 
 6.933147e+00  5.445549e-03 
 6.933545e+00  5.463092e-03 
 6.933943e+00  5.480172e-03 
 6.934340e+00  5.496783e-03 
 6.934738e+00  5.512920e-03 
 6.935136e+00  5.528591e-03 
 6.935533e+00  5.543782e-03 
 6.935931e+00  5.558482e-03 
 6.936329e+00  5.572680e-03 
 6.936726e+00  5.586377e-03 
 6.937124e+00  5.599552e-03 
 6.937522e+00  5.612200e-03 
 6.937920e+00  5.624305e-03 
 6.938317e+00  5.635877e-03 
 6.938715e+00  5.646904e-03 
 6.939113e+00  5.657369e-03 
 6.939510e+00  5.667265e-03 
 6.939908e+00  5.676574e-03 
 6.940306e+00  5.685278e-03 
 6.940703e+00  5.693356e-03 
 6.941101e+00  5.700789e-03 
 6.941499e+00  5.707569e-03 
 6.941896e+00  5.713662e-03 
 6.942294e+00  5.719054e-03 
 6.942692e+00  5.723724e-03 
 6.943090e+00  5.727659e-03 
 6.943487e+00  5.730842e-03 
 6.943885e+00  5.733272e-03 
 6.944283e+00  5.734940e-03 
 6.944680e+00  5.735853e-03 
 6.945078e+00  5.736010e-03 
 6.945476e+00  5.735429e-03 
 6.945873e+00  5.734118e-03 
 6.946271e+00  5.732097e-03 
 6.946669e+00  5.729379e-03 
 6.947067e+00  5.725982e-03 
 6.947464e+00  5.721915e-03 
 6.947862e+00  5.717186e-03 
 6.948260e+00  5.711793e-03 
 6.948657e+00  5.705724e-03 
 6.949055e+00  5.698975e-03 
 6.949453e+00  5.691543e-03 
 6.949850e+00  5.683416e-03 
 6.950248e+00  5.674600e-03 
 6.950646e+00  5.665090e-03 
 6.951043e+00  5.654886e-03 
 6.951441e+00  5.643988e-03 
 6.951839e+00  5.632408e-03 
 6.952237e+00  5.620154e-03 
 6.952634e+00  5.607238e-03 
 6.953032e+00  5.593684e-03 
 6.953430e+00  5.579510e-03 
 6.953827e+00  5.564740e-03 
 6.954225e+00  5.549395e-03 
 6.954623e+00  5.533496e-03 
 6.955020e+00  5.517049e-03 
 6.955418e+00  5.500064e-03 
 6.955816e+00  5.482552e-03 
 6.956214e+00  5.464521e-03 
 6.956611e+00  5.445984e-03 
 6.957009e+00  5.426942e-03 
 6.957407e+00  5.407393e-03 
 6.957804e+00  5.387330e-03 
 6.958202e+00  5.366759e-03 
 6.958600e+00  5.345680e-03 
 6.958997e+00  5.324100e-03 
 6.959395e+00  5.302024e-03 
 6.959793e+00  5.279460e-03 
 6.960190e+00  5.256433e-03 
 6.960588e+00  5.232973e-03 
 6.960986e+00  5.209104e-03 
 6.961384e+00  5.184844e-03 
 6.961781e+00  5.160224e-03 
 6.962179e+00  5.135276e-03 
 6.962577e+00  5.110022e-03 
 6.962974e+00  5.084497e-03 
 6.963372e+00  5.058716e-03 
 6.963770e+00  5.032705e-03 
 6.964167e+00  5.006475e-03 
 6.964565e+00  4.980041e-03 
 6.964963e+00  4.953420e-03 
 6.965361e+00  4.926631e-03 
 6.965758e+00  4.899688e-03 
 6.966156e+00  4.872602e-03 
 6.966554e+00  4.845391e-03 
 6.966951e+00  4.818065e-03 
 6.967349e+00  4.790635e-03 
 6.967747e+00  4.763116e-03 
 6.968144e+00  4.735514e-03 
 6.968542e+00  4.707840e-03 
 6.968940e+00  4.680112e-03 
 6.969337e+00  4.652352e-03 
 6.969735e+00  4.624579e-03 
 6.970133e+00  4.596807e-03 
 6.970531e+00  4.569059e-03 
 6.970928e+00  4.541354e-03 
 6.971326e+00  4.513718e-03 
 6.971724e+00  4.486184e-03 
 6.972121e+00  4.458784e-03 
 6.972519e+00  4.431553e-03 
 6.972917e+00  4.404522e-03 
 6.973314e+00  4.377725e-03 
 6.973712e+00  4.351185e-03 
 6.974110e+00  4.324929e-03 
 6.974508e+00  4.298969e-03 
 6.974905e+00  4.273320e-03 
 6.975303e+00  4.247993e-03 
 6.975701e+00  4.222996e-03 
 6.976098e+00  4.198343e-03 
 6.976496e+00  4.174042e-03 
 6.976894e+00  4.150106e-03 
 6.977291e+00  4.126533e-03 
 6.977689e+00  4.103342e-03 
 6.978087e+00  4.080546e-03 
 6.978484e+00  4.058163e-03 
 6.978882e+00  4.036225e-03 
 6.979280e+00  4.014749e-03 
 6.979678e+00  3.993768e-03 
 6.980075e+00  3.973293e-03 
 6.980473e+00  3.953360e-03 
 6.980871e+00  3.933987e-03 
 6.981268e+00  3.915199e-03 
 6.981666e+00  3.896988e-03 
 6.982064e+00  3.879377e-03 
 6.982461e+00  3.862357e-03 
 6.982859e+00  3.845925e-03 
 6.983257e+00  3.830078e-03 
 6.983655e+00  3.814807e-03 
 6.984052e+00  3.800088e-03 
 6.984450e+00  3.785929e-03 
 6.984848e+00  3.772318e-03 
 6.985245e+00  3.759259e-03 
 6.985643e+00  3.746743e-03 
 6.986041e+00  3.734773e-03 
 6.986438e+00  3.723353e-03 
 6.986836e+00  3.712498e-03 
 6.987234e+00  3.702214e-03 
 6.987631e+00  3.692529e-03 
 6.988029e+00  3.683450e-03 
 6.988427e+00  3.674991e-03 
 6.988825e+00  3.667177e-03 
 6.989222e+00  3.660016e-03 
 6.989620e+00  3.653532e-03 
 6.990018e+00  3.647731e-03 
 6.990415e+00  3.642615e-03 
 6.990813e+00  3.638195e-03 
 6.991211e+00  3.634468e-03 
 6.991608e+00  3.631429e-03 
 6.992006e+00  3.629073e-03 
 6.992404e+00  3.627387e-03 
 6.992802e+00  3.626366e-03 
 6.993199e+00  3.626007e-03 
 6.993597e+00  3.626308e-03 
 6.993995e+00  3.627265e-03 
 6.994392e+00  3.628877e-03 
 6.994790e+00  3.631140e-03 
 6.995188e+00  3.634059e-03 
 6.995585e+00  3.637632e-03 
 6.995983e+00  3.641858e-03 
 6.996381e+00  3.646729e-03 
 6.996778e+00  3.652244e-03 
 6.997176e+00  3.658409e-03 
 6.997574e+00  3.665220e-03 
 6.997972e+00  3.672667e-03 
 6.998369e+00  3.680745e-03 
 6.998767e+00  3.689441e-03 
 6.999165e+00  3.698734e-03 
 6.999562e+00  3.708607e-03 
 6.999960e+00  3.719054e-03 
 7.000358e+00  3.730063e-03 
 7.000755e+00  3.741620e-03 
 7.001153e+00  3.753711e-03 
 7.001551e+00  3.766328e-03 
 7.001949e+00  3.779470e-03 
 7.002346e+00  3.793119e-03 
 7.002744e+00  3.807260e-03 
 7.003142e+00  3.821871e-03 
 7.003539e+00  3.836929e-03 
 7.003937e+00  3.852423e-03 
 7.004335e+00  3.868352e-03 
 7.004732e+00  3.884709e-03 
 7.005130e+00  3.901498e-03 
 7.005528e+00  3.918715e-03 
 7.005925e+00  3.936369e-03 
 7.006323e+00  3.954456e-03 
 7.006721e+00  3.972988e-03 
 7.007119e+00  3.991965e-03 
 7.007516e+00  4.011385e-03 
 7.007914e+00  4.031252e-03 
 7.008312e+00  4.051573e-03 
 7.008709e+00  4.072336e-03 
 7.009107e+00  4.093528e-03 
 7.009505e+00  4.115136e-03 
 7.009902e+00  4.137132e-03 
 7.010300e+00  4.159478e-03 
 7.010698e+00  4.182150e-03 
 7.011096e+00  4.205125e-03 
 7.011493e+00  4.228378e-03 
 7.011891e+00  4.251890e-03 
 7.012289e+00  4.275646e-03 
 7.012686e+00  4.299629e-03 
 7.013084e+00  4.323836e-03 
 7.013482e+00  4.348253e-03 
 7.013879e+00  4.372875e-03 
 7.014277e+00  4.397698e-03 
 7.014675e+00  4.422722e-03 
 7.015072e+00  4.447938e-03 
 7.015470e+00  4.473339e-03 
 7.015868e+00  4.498922e-03 
 7.016266e+00  4.524668e-03 
 7.016663e+00  4.550556e-03 
 7.017061e+00  4.576572e-03 
 7.017459e+00  4.602684e-03 
 7.017856e+00  4.628867e-03 
 7.018254e+00  4.655090e-03 
 7.018652e+00  4.681324e-03 
 7.019049e+00  4.707534e-03 
 7.019447e+00  4.733698e-03 
 7.019845e+00  4.759796e-03 
 7.020243e+00  4.785813e-03 
 7.020640e+00  4.811733e-03 
 7.021038e+00  4.837544e-03 
 7.021436e+00  4.863240e-03 
 7.021833e+00  4.888807e-03 
 7.022231e+00  4.914244e-03 
 7.022629e+00  4.939547e-03 
 7.023026e+00  4.964705e-03 
 7.023424e+00  4.989710e-03 
 7.023822e+00  5.014569e-03 
 7.024219e+00  5.039279e-03 
 7.024617e+00  5.063824e-03 
 7.025015e+00  5.088194e-03 
 7.025413e+00  5.112363e-03 
 7.025810e+00  5.136315e-03 
 7.026208e+00  5.160031e-03 
 7.026606e+00  5.183488e-03 
 7.027003e+00  5.206668e-03 
 7.027401e+00  5.229548e-03 
 7.027799e+00  5.252100e-03 
 7.028196e+00  5.274315e-03 
 7.028594e+00  5.296182e-03 
 7.028992e+00  5.317678e-03 
 7.029390e+00  5.338799e-03 
 7.029787e+00  5.359526e-03 
 7.030185e+00  5.379851e-03 
 7.030583e+00  5.399762e-03 
 7.030980e+00  5.419239e-03 
 7.031378e+00  5.438287e-03 
 7.031776e+00  5.456880e-03 
 7.032173e+00  5.474998e-03 
 7.032571e+00  5.492651e-03 
 7.032969e+00  5.509827e-03 
 7.033366e+00  5.526519e-03 
 7.033764e+00  5.542721e-03 
 7.034162e+00  5.558409e-03 
 7.034560e+00  5.573563e-03 
 7.034957e+00  5.588197e-03 
 7.035355e+00  5.602273e-03 
 7.035753e+00  5.615772e-03 
 7.036150e+00  5.628684e-03 
 7.036548e+00  5.640978e-03 
 7.036946e+00  5.652640e-03 
 7.037343e+00  5.663648e-03 
 7.037741e+00  5.673981e-03 
 7.038139e+00  5.683623e-03 
 7.038537e+00  5.692545e-03 
 7.038934e+00  5.700739e-03 
 7.039332e+00  5.708200e-03 
 7.039730e+00  5.714921e-03 
 7.040127e+00  5.720919e-03 
 7.040525e+00  5.726199e-03 
 7.040923e+00  5.730771e-03 
 7.041320e+00  5.734648e-03 
 7.041718e+00  5.737841e-03 
 7.042116e+00  5.740355e-03 
 7.042513e+00  5.742194e-03 
 7.042911e+00  5.743351e-03 
 7.043309e+00  5.743829e-03 
 7.043707e+00  5.743622e-03 
 7.044104e+00  5.742722e-03 
 7.044502e+00  5.741118e-03 
 7.044900e+00  5.738802e-03 
 7.045297e+00  5.735747e-03 
 7.045695e+00  5.731954e-03 
 7.046093e+00  5.727413e-03 
 7.046490e+00  5.722127e-03 
 7.046888e+00  5.716093e-03 
 7.047286e+00  5.709319e-03 
 7.047684e+00  5.701826e-03 
 7.048081e+00  5.693627e-03 
 7.048479e+00  5.684748e-03 
 7.048877e+00  5.675211e-03 
 7.049274e+00  5.665022e-03 
 7.049672e+00  5.654199e-03 
 7.050070e+00  5.642754e-03 
 7.050467e+00  5.630700e-03 
 7.050865e+00  5.618044e-03 
 7.051263e+00  5.604789e-03 
 7.051660e+00  5.590933e-03 
 7.052058e+00  5.576469e-03 
 7.052456e+00  5.561409e-03 
 7.052854e+00  5.545751e-03 
 7.053251e+00  5.529493e-03 
 7.053649e+00  5.512635e-03 
 7.054047e+00  5.495169e-03 
 7.054444e+00  5.477101e-03 
 7.054842e+00  5.458440e-03 
 7.055240e+00  5.439198e-03 
 7.055637e+00  5.419373e-03 
 7.056035e+00  5.399001e-03 
 7.056433e+00  5.378095e-03 
 7.056831e+00  5.356700e-03 
 7.057228e+00  5.334836e-03 
 7.057626e+00  5.312516e-03 
 7.058024e+00  5.289772e-03 
 7.058421e+00  5.266609e-03 
 7.058819e+00  5.243057e-03 
 7.059217e+00  5.219133e-03 
 7.059614e+00  5.194855e-03 
 7.060012e+00  5.170249e-03 
 7.060410e+00  5.145320e-03 
 7.060807e+00  5.120093e-03 
 7.061205e+00  5.094573e-03 
 7.061603e+00  5.068773e-03 
 7.062001e+00  5.042705e-03 
 7.062398e+00  5.016380e-03 
 7.062796e+00  4.989819e-03 
 7.063194e+00  4.963046e-03 
 7.063591e+00  4.936085e-03 
 7.063989e+00  4.908960e-03 
 7.064387e+00  4.881689e-03 
 7.064784e+00  4.854291e-03 
 7.065182e+00  4.826789e-03 
 7.065580e+00  4.799208e-03 
 7.065978e+00  4.771571e-03 
 7.066375e+00  4.743912e-03 
 7.066773e+00  4.716253e-03 
 7.067171e+00  4.688622e-03 
 7.067568e+00  4.661051e-03 
 7.067966e+00  4.633563e-03 
 7.068364e+00  4.606191e-03 
 7.068761e+00  4.578953e-03 
 7.069159e+00  4.551865e-03 
 7.069557e+00  4.524944e-03 
 7.069954e+00  4.498207e-03 
 7.070352e+00  4.471659e-03 
 7.070750e+00  4.445309e-03 
 7.071148e+00  4.419155e-03 
 7.071545e+00  4.393199e-03 
 7.071943e+00  4.367451e-03 
 7.072341e+00  4.341917e-03 
 7.072738e+00  4.316609e-03 
 7.073136e+00  4.291529e-03 
 7.073534e+00  4.266687e-03 
 7.073931e+00  4.242105e-03 
 7.074329e+00  4.217803e-03 
 7.074727e+00  4.193817e-03 
 7.075125e+00  4.170181e-03 
 7.075522e+00  4.146914e-03 
 7.075920e+00  4.124041e-03 
 7.076318e+00  4.101583e-03 
 7.076715e+00  4.079557e-03 
 7.077113e+00  4.057977e-03 
 7.077511e+00  4.036853e-03 
 7.077908e+00  4.016186e-03 
 7.078306e+00  3.995976e-03 
 7.078704e+00  3.976233e-03 
 7.079101e+00  3.956953e-03 
 7.079499e+00  3.938132e-03 
 7.079897e+00  3.919765e-03 
 7.080295e+00  3.901855e-03 
 7.080692e+00  3.884408e-03 
 7.081090e+00  3.867425e-03 
 7.081488e+00  3.850937e-03 
 7.081885e+00  3.834954e-03 
 7.082283e+00  3.819489e-03 
 7.082681e+00  3.804567e-03 
 7.083078e+00  3.790209e-03 
 7.083476e+00  3.776430e-03 
 7.083874e+00  3.763256e-03 
 7.084272e+00  3.750709e-03 
 7.084669e+00  3.738800e-03 
 7.085067e+00  3.727547e-03 
 7.085465e+00  3.716968e-03 
 7.085862e+00  3.707056e-03 
 7.086260e+00  3.697815e-03 
 7.086658e+00  3.689232e-03 
 7.087055e+00  3.681303e-03 
 7.087453e+00  3.674026e-03 
 7.087851e+00  3.667391e-03 
 7.088248e+00  3.661398e-03 
 7.088646e+00  3.656046e-03 
 7.089044e+00  3.651326e-03 
 7.089442e+00  3.647246e-03 
 7.089839e+00  3.643797e-03 
 7.090237e+00  3.640978e-03 
 7.090635e+00  3.638790e-03 
 7.091032e+00  3.637230e-03 
 7.091430e+00  3.636303e-03 
 7.091828e+00  3.636014e-03 
 7.092225e+00  3.636362e-03 
 7.092623e+00  3.637354e-03 
 7.093021e+00  3.638977e-03 
 7.093419e+00  3.641220e-03 
 7.093816e+00  3.644081e-03 
 7.094214e+00  3.647548e-03 
 7.094612e+00  3.651612e-03 
 7.095009e+00  3.656262e-03 
 7.095407e+00  3.661495e-03 
 7.095805e+00  3.667310e-03 
 7.096202e+00  3.673702e-03 
 7.096600e+00  3.680664e-03 
 7.096998e+00  3.688177e-03 
 7.097395e+00  3.696232e-03 
 7.097793e+00  3.704817e-03 
 7.098191e+00  3.713928e-03 
 7.098589e+00  3.723559e-03 
 7.098986e+00  3.733700e-03 
 7.099384e+00  3.744350e-03 
 7.099782e+00  3.755506e-03 
 7.100179e+00  3.767172e-03 
 7.100577e+00  3.779354e-03 
 7.100975e+00  3.792051e-03 
 7.101372e+00  3.805272e-03 
 7.101770e+00  3.819024e-03 
 7.102168e+00  3.833320e-03 
 7.102566e+00  3.848169e-03 
 7.102963e+00  3.863573e-03 
 7.103361e+00  3.879535e-03 
 7.103759e+00  3.896055e-03 
 7.104156e+00  3.913129e-03 
 7.104554e+00  3.930734e-03 
 7.104952e+00  3.948857e-03 
 7.105349e+00  3.967470e-03 
 7.105747e+00  3.986549e-03 
 7.106145e+00  4.006073e-03 
 7.106542e+00  4.026011e-03 
 7.106940e+00  4.046346e-03 
 7.107338e+00  4.067066e-03 
 7.107736e+00  4.088158e-03 
 7.108133e+00  4.109612e-03 
 7.108531e+00  4.131423e-03 
 7.108929e+00  4.153583e-03 
 7.109326e+00  4.176082e-03 
 7.109724e+00  4.198919e-03 
 7.110122e+00  4.222088e-03 
 7.110519e+00  4.245587e-03 
 7.110917e+00  4.269409e-03 
 7.111315e+00  4.293540e-03 
 7.111713e+00  4.317960e-03 
 7.112110e+00  4.342651e-03 
 7.112508e+00  4.367589e-03 
 7.112906e+00  4.392747e-03 
 7.113303e+00  4.418091e-03 
 7.113701e+00  4.443602e-03 
 7.114099e+00  4.469253e-03 
 7.114496e+00  4.495021e-03 
 7.114894e+00  4.520885e-03 
 7.115292e+00  4.546824e-03 
 7.115689e+00  4.572818e-03 
 7.116087e+00  4.598863e-03 
 7.116485e+00  4.624947e-03 
 7.116883e+00  4.651070e-03 
 7.117280e+00  4.677226e-03 
 7.117678e+00  4.703418e-03 
 7.118076e+00  4.729647e-03 
 7.118473e+00  4.755912e-03 
 7.118871e+00  4.782206e-03 
 7.119269e+00  4.808520e-03 
 7.119666e+00  4.834839e-03 
 7.120064e+00  4.861156e-03 
 7.120462e+00  4.887453e-03 
 7.120860e+00  4.913710e-03 
 7.121257e+00  4.939903e-03 
 7.121655e+00  4.966011e-03 
 7.122053e+00  4.992002e-03 
 7.122450e+00  5.017856e-03 
 7.122848e+00  5.043544e-03 
 7.123246e+00  5.069043e-03 
 7.123643e+00  5.094331e-03 
 7.124041e+00  5.119388e-03 
 7.124439e+00  5.144192e-03 
 7.124836e+00  5.168716e-03 
 7.125234e+00  5.192943e-03 
 7.125632e+00  5.216853e-03 
 7.126030e+00  5.240429e-03 
 7.126427e+00  5.263656e-03 
 7.126825e+00  5.286519e-03 
 7.127223e+00  5.309005e-03 
 7.127620e+00  5.331109e-03 
 7.128018e+00  5.352807e-03 
 7.128416e+00  5.374079e-03 
 7.128813e+00  5.394915e-03 
 7.129211e+00  5.415303e-03 
 7.129609e+00  5.435226e-03 
 7.130007e+00  5.454656e-03 
 7.130404e+00  5.473587e-03 
 7.130802e+00  5.491999e-03 
 7.131200e+00  5.509868e-03 
 7.131597e+00  5.527182e-03 
 7.131995e+00  5.543906e-03 
 7.132393e+00  5.560021e-03 
 7.132790e+00  5.575500e-03 
 7.133188e+00  5.590344e-03 
 7.133586e+00  5.604531e-03 
 7.133983e+00  5.618041e-03 
 7.134381e+00  5.630877e-03 
 7.134779e+00  5.643031e-03 
 7.135177e+00  5.654506e-03 
 7.135574e+00  5.665305e-03 
 7.135972e+00  5.675444e-03 
 7.136370e+00  5.684938e-03 
 7.136767e+00  5.693785e-03 
 7.137165e+00  5.701993e-03 
 7.137563e+00  5.709570e-03 
 7.137960e+00  5.716504e-03 
 7.138358e+00  5.722789e-03 
 7.138756e+00  5.728414e-03 
 7.139154e+00  5.733358e-03 
 7.139551e+00  5.737607e-03 
 7.139949e+00  5.741147e-03 
 7.140347e+00  5.743967e-03 
 7.140744e+00  5.746045e-03 
 7.141142e+00  5.747373e-03 
 7.141540e+00  5.747944e-03 
 7.141937e+00  5.747752e-03 
 7.142335e+00  5.746795e-03 
 7.142733e+00  5.745082e-03 
 7.143130e+00  5.742623e-03 
 7.143528e+00  5.739430e-03 
 7.143926e+00  5.735513e-03 
 7.144324e+00  5.730890e-03 
 7.144721e+00  5.725570e-03 
 7.145119e+00  5.719555e-03 
 7.145517e+00  5.712861e-03 
 7.145914e+00  5.705479e-03 
 7.146312e+00  5.697418e-03 
 7.146710e+00  5.688681e-03 
 7.147107e+00  5.679262e-03 
 7.147505e+00  5.669165e-03 
 7.147903e+00  5.658383e-03 
 7.148301e+00  5.646901e-03 
 7.148698e+00  5.634720e-03 
 7.149096e+00  5.621835e-03 
 7.149494e+00  5.608260e-03 
 7.149891e+00  5.593992e-03 
 7.150289e+00  5.579045e-03 
 7.150687e+00  5.563447e-03 
 7.151084e+00  5.547213e-03 
 7.151482e+00  5.530364e-03 
 7.151880e+00  5.512915e-03 
 7.152277e+00  5.494896e-03 
 7.152675e+00  5.476328e-03 
 7.153073e+00  5.457233e-03 
 7.153471e+00  5.437637e-03 
 7.153868e+00  5.417553e-03 
 7.154266e+00  5.397008e-03 
 7.154664e+00  5.376019e-03 
 7.155061e+00  5.354607e-03 
 7.155459e+00  5.332788e-03 
 7.155857e+00  5.310570e-03 
 7.156254e+00  5.287965e-03 
 7.156652e+00  5.264989e-03 
 7.157050e+00  5.241656e-03 
 7.157448e+00  5.217978e-03 
 7.157845e+00  5.193971e-03 
 7.158243e+00  5.169651e-03 
 7.158641e+00  5.145043e-03 
 7.159038e+00  5.120161e-03 
 7.159436e+00  5.095021e-03 
 7.159834e+00  5.069645e-03 
 7.160231e+00  5.044049e-03 
 7.160629e+00  5.018255e-03 
 7.161027e+00  4.992278e-03 
 7.161424e+00  4.966148e-03 
 7.161822e+00  4.939894e-03 
 7.162220e+00  4.913535e-03 
 7.162618e+00  4.887094e-03 
 7.163015e+00  4.860590e-03 
 7.163413e+00  4.834044e-03 
 7.163811e+00  4.807465e-03 
 7.164208e+00  4.780872e-03 
 7.164606e+00  4.754286e-03 
 7.165004e+00  4.727723e-03 
 7.165401e+00  4.701193e-03 
 7.165799e+00  4.674708e-03 
 7.166197e+00  4.648264e-03 
 7.166595e+00  4.621863e-03 
 7.166992e+00  4.595508e-03 
 7.167390e+00  4.569201e-03 
 7.167788e+00  4.542949e-03 
 7.168185e+00  4.516761e-03 
 7.168583e+00  4.490658e-03 
 7.168981e+00  4.464660e-03 
 7.169378e+00  4.438788e-03 
 7.169776e+00  4.413087e-03 
 7.170174e+00  4.387580e-03 
 7.170571e+00  4.362289e-03 
 7.170969e+00  4.337250e-03 
 7.171367e+00  4.312489e-03 
 7.171765e+00  4.288029e-03 
 7.172162e+00  4.263880e-03 
 7.172560e+00  4.240068e-03 
 7.172958e+00  4.216609e-03 
 7.173355e+00  4.193505e-03 
 7.173753e+00  4.170758e-03 
 7.174151e+00  4.148379e-03 
 7.174548e+00  4.126365e-03 
 7.174946e+00  4.104717e-03 
 7.175344e+00  4.083447e-03 
 7.175742e+00  4.062556e-03 
 7.176139e+00  4.042059e-03 
 7.176537e+00  4.021968e-03 
 7.176935e+00  4.002298e-03 
 7.177332e+00  3.983075e-03 
 7.177730e+00  3.964299e-03 
 7.178128e+00  3.946005e-03 
 7.178525e+00  3.928196e-03 
 7.178923e+00  3.910898e-03 
 7.179321e+00  3.894118e-03 
 7.179718e+00  3.877872e-03 
 7.180116e+00  3.862173e-03 
 7.180514e+00  3.847032e-03 
 7.180912e+00  3.832452e-03 
 7.181309e+00  3.818433e-03 
 7.181707e+00  3.804963e-03 
 7.182105e+00  3.792047e-03 
 7.182502e+00  3.779676e-03 
 7.182900e+00  3.767838e-03 
 7.183298e+00  3.756535e-03 
 7.183695e+00  3.745766e-03 
 7.184093e+00  3.735513e-03 
 7.184491e+00  3.725792e-03 
 7.184889e+00  3.716585e-03 
 7.185286e+00  3.707904e-03 
 7.185684e+00  3.699752e-03 
 7.186082e+00  3.692133e-03 
 7.186479e+00  3.685054e-03 
 7.186877e+00  3.678529e-03 
 7.187275e+00  3.672562e-03 
 7.187672e+00  3.667166e-03 
 7.188070e+00  3.662341e-03 
 7.188468e+00  3.658101e-03 
 7.188865e+00  3.654450e-03 
 7.189263e+00  3.651396e-03 
 7.189661e+00  3.648940e-03 
 7.190059e+00  3.647081e-03 
 7.190456e+00  3.645827e-03 
 7.190854e+00  3.645175e-03 
 7.191252e+00  3.645125e-03 
 7.191649e+00  3.645676e-03 
 7.192047e+00  3.646822e-03 
 7.192445e+00  3.648557e-03 
 7.192842e+00  3.650881e-03 
 7.193240e+00  3.653798e-03 
 7.193638e+00  3.657303e-03 
 7.194036e+00  3.661390e-03 
 7.194433e+00  3.666057e-03 
 7.194831e+00  3.671314e-03 
 7.195229e+00  3.677154e-03 
 7.195626e+00  3.683590e-03 
 7.196024e+00  3.690626e-03 
 7.196422e+00  3.698273e-03 
 7.196819e+00  3.706545e-03 
 7.197217e+00  3.715450e-03 
 7.197615e+00  3.724997e-03 
 7.198012e+00  3.735192e-03 
 7.198410e+00  3.746035e-03 
 7.198808e+00  3.757529e-03 
 7.199206e+00  3.769661e-03 
 7.199603e+00  3.782421e-03 
 7.200001e+00  3.795791e-03 
 7.200399e+00  3.809750e-03 
 7.200796e+00  3.824277e-03 
 7.201194e+00  3.839349e-03 
 7.201592e+00  3.854948e-03 
 7.201989e+00  3.871061e-03 
 7.202387e+00  3.887673e-03 
 7.202785e+00  3.904770e-03 
 7.203183e+00  3.922338e-03 
 7.203580e+00  3.940375e-03 
 7.203978e+00  3.958871e-03 
 7.204376e+00  3.977832e-03 
 7.204773e+00  3.997259e-03 
 7.205171e+00  4.017154e-03 
 7.205569e+00  4.037519e-03 
 7.205966e+00  4.058345e-03 
 7.206364e+00  4.079633e-03 
 7.206762e+00  4.101367e-03 
 7.207159e+00  4.123529e-03 
 7.207557e+00  4.146100e-03 
 7.207955e+00  4.169051e-03 
 7.208353e+00  4.192363e-03 
 7.208750e+00  4.216019e-03 
 7.209148e+00  4.240001e-03 
 7.209546e+00  4.264283e-03 
 7.209943e+00  4.288846e-03 
 7.210341e+00  4.313669e-03 
 7.210739e+00  4.338745e-03 
 7.211136e+00  4.364058e-03 
 7.211534e+00  4.389596e-03 
 7.211932e+00  4.415353e-03 
 7.212330e+00  4.441327e-03 
 7.212727e+00  4.467510e-03 
 7.213125e+00  4.493908e-03 
 7.213523e+00  4.520518e-03 
 7.213920e+00  4.547330e-03 
 7.214318e+00  4.574330e-03 
 7.214716e+00  4.601506e-03 
 7.215113e+00  4.628843e-03 
 7.215511e+00  4.656319e-03 
 7.215909e+00  4.683907e-03 
 7.216306e+00  4.711583e-03 
 7.216704e+00  4.739319e-03 
 7.217102e+00  4.767086e-03 
 7.217500e+00  4.794856e-03 
 7.217897e+00  4.822598e-03 
 7.218295e+00  4.850279e-03 
 7.218693e+00  4.877863e-03 
 7.219090e+00  4.905325e-03 
 7.219488e+00  4.932639e-03 
 7.219886e+00  4.959779e-03 
 7.220283e+00  4.986726e-03 
 7.220681e+00  5.013457e-03 
 7.221079e+00  5.039955e-03 
 7.221477e+00  5.066207e-03 
 7.221874e+00  5.092191e-03 
 7.222272e+00  5.117891e-03 
 7.222670e+00  5.143285e-03 
 7.223067e+00  5.168358e-03 
 7.223465e+00  5.193097e-03 
 7.223863e+00  5.217482e-03 
 7.224260e+00  5.241506e-03 
 7.224658e+00  5.265156e-03 
 7.225056e+00  5.288411e-03 
 7.225453e+00  5.311254e-03 
 7.225851e+00  5.333668e-03 
 7.226249e+00  5.355627e-03 
 7.226647e+00  5.377110e-03 
 7.227044e+00  5.398095e-03 
 7.227442e+00  5.418562e-03 
 7.227840e+00  5.438478e-03 
 7.228237e+00  5.457848e-03 
 7.228635e+00  5.476657e-03 
 7.229033e+00  5.494884e-03 
 7.229430e+00  5.512531e-03 
 7.229828e+00  5.529582e-03 
 7.230226e+00  5.546033e-03 
 7.230624e+00  5.561886e-03 
 7.231021e+00  5.577160e-03 
 7.231419e+00  5.591847e-03 
 7.231817e+00  5.605953e-03 
 7.232214e+00  5.619468e-03 
 7.232612e+00  5.632396e-03 
 7.233010e+00  5.644723e-03 
 7.233407e+00  5.656433e-03 
 7.233805e+00  5.667507e-03 
 7.234203e+00  5.677942e-03 
 7.234600e+00  5.687701e-03 
 7.234998e+00  5.696767e-03 
 7.235396e+00  5.705119e-03 
 7.235794e+00  5.712730e-03 
 7.236191e+00  5.719584e-03 
 7.236589e+00  5.725659e-03 
 7.236987e+00  5.730963e-03 
 7.237384e+00  5.735487e-03 
 7.237782e+00  5.739232e-03 
 7.238180e+00  5.742202e-03 
 7.238577e+00  5.744407e-03 
 7.238975e+00  5.745852e-03 
 7.239373e+00  5.746554e-03 
 7.239771e+00  5.746513e-03 
 7.240168e+00  5.745743e-03 
 7.240566e+00  5.744250e-03 
 7.240964e+00  5.742040e-03 
 7.241361e+00  5.739119e-03 
 7.241759e+00  5.735481e-03 
 7.242157e+00  5.731129e-03 
 7.242554e+00  5.726063e-03 
 7.242952e+00  5.720274e-03 
 7.243350e+00  5.713769e-03 
 7.243747e+00  5.706545e-03 
 7.244145e+00  5.698599e-03 
 7.244543e+00  5.689947e-03 
 7.244941e+00  5.680587e-03 
 7.245338e+00  5.670534e-03 
 7.245736e+00  5.659802e-03 
 7.246134e+00  5.648391e-03 
 7.246531e+00  5.636334e-03 
 7.246929e+00  5.623650e-03 
 7.247327e+00  5.610359e-03 
 7.247724e+00  5.596476e-03 
 7.248122e+00  5.582026e-03 
 7.248520e+00  5.567036e-03 
 7.248918e+00  5.551521e-03 
 7.249315e+00  5.535495e-03 
 7.249713e+00  5.518973e-03 
 7.250111e+00  5.501973e-03 
 7.250508e+00  5.484507e-03 
 7.250906e+00  5.466588e-03 
 7.251304e+00  5.448222e-03 
 7.251701e+00  5.429410e-03 
 7.252099e+00  5.410163e-03 
 7.252497e+00  5.390491e-03 
 7.252894e+00  5.370414e-03 
 7.253292e+00  5.349940e-03 
 7.253690e+00  5.329073e-03 
 7.254088e+00  5.307824e-03 
 7.254485e+00  5.286200e-03 
 7.254883e+00  5.264224e-03 
 7.255281e+00  5.241904e-03 
 7.255678e+00  5.219249e-03 
 7.256076e+00  5.196282e-03 
 7.256474e+00  5.173021e-03 
 7.256871e+00  5.149494e-03 
 7.257269e+00  5.125719e-03 
 7.257667e+00  5.101720e-03 
 7.258065e+00  5.077518e-03 
 7.258462e+00  5.053120e-03 
 7.258860e+00  5.028554e-03 
 7.259258e+00  5.003842e-03 
 7.259655e+00  4.978998e-03 
 7.260053e+00  4.954034e-03 
 7.260451e+00  4.928955e-03 
 7.260848e+00  4.903769e-03 
 7.261246e+00  4.878488e-03 
 7.261644e+00  4.853108e-03 
 7.262041e+00  4.827629e-03 
 7.262439e+00  4.802062e-03 
 7.262837e+00  4.776409e-03 
 7.263235e+00  4.750694e-03 
 7.263632e+00  4.724932e-03 
 7.264030e+00  4.699138e-03 
 7.264428e+00  4.673332e-03 
 7.264825e+00  4.647541e-03 
 7.265223e+00  4.621792e-03 
 7.265621e+00  4.596115e-03 
 7.266018e+00  4.570535e-03 
 7.266416e+00  4.545076e-03 
 7.266814e+00  4.519754e-03 
 7.267212e+00  4.494582e-03 
 7.267609e+00  4.469581e-03 
 7.268007e+00  4.444764e-03 
 7.268405e+00  4.420128e-03 
 7.268802e+00  4.395685e-03 
 7.269200e+00  4.371435e-03 
 7.269598e+00  4.347383e-03 
 7.269995e+00  4.323522e-03 
 7.270393e+00  4.299867e-03 
 7.270791e+00  4.276424e-03 
 7.271188e+00  4.253188e-03 
 7.271586e+00  4.230182e-03 
 7.271984e+00  4.207418e-03 
 7.272382e+00  4.184925e-03 
 7.272779e+00  4.162710e-03 
 7.273177e+00  4.140800e-03 
 7.273575e+00  4.119225e-03 
 7.273972e+00  4.097999e-03 
 7.274370e+00  4.077136e-03 
 7.274768e+00  4.056658e-03 
 7.275165e+00  4.036578e-03 
 7.275563e+00  4.016903e-03 
 7.275961e+00  3.997653e-03 
 7.276359e+00  3.978829e-03 
 7.276756e+00  3.960442e-03 
 7.277154e+00  3.942481e-03 
 7.277552e+00  3.924952e-03 
 7.277949e+00  3.907850e-03 
 7.278347e+00  3.891187e-03 
 7.278745e+00  3.874956e-03 
 7.279142e+00  3.859152e-03 
 7.279540e+00  3.843785e-03 
 7.279938e+00  3.828850e-03 
 7.280335e+00  3.814353e-03 
 7.280733e+00  3.800297e-03 
 7.281131e+00  3.786695e-03 
 7.281529e+00  3.773559e-03 
 7.281926e+00  3.760899e-03 
 7.282324e+00  3.748744e-03 
 7.282722e+00  3.737100e-03 
 7.283119e+00  3.725993e-03 
 7.283517e+00  3.715430e-03 
 7.283915e+00  3.705420e-03 
 7.284312e+00  3.695971e-03 
 7.284710e+00  3.687090e-03 
 7.285108e+00  3.678788e-03 
 7.285506e+00  3.671079e-03 
 7.285903e+00  3.663962e-03 
 7.286301e+00  3.657452e-03 
 7.286699e+00  3.651548e-03 
 7.287096e+00  3.646253e-03 
 7.287494e+00  3.641568e-03 
 7.287892e+00  3.637493e-03 
 7.288289e+00  3.634033e-03 
 7.288687e+00  3.631192e-03 
 7.289085e+00  3.628970e-03 
 7.289482e+00  3.627380e-03 
 7.289880e+00  3.626425e-03 
 7.290278e+00  3.626117e-03 
 7.290676e+00  3.626464e-03 
 7.291073e+00  3.627472e-03 
 7.291471e+00  3.629156e-03 
 7.291869e+00  3.631533e-03 
 7.292266e+00  3.634626e-03 
 7.292664e+00  3.638441e-03 
 7.293062e+00  3.642973e-03 
 7.293459e+00  3.648225e-03 
 7.293857e+00  3.654198e-03 
 7.294255e+00  3.660895e-03 
 7.294653e+00  3.668310e-03 
 7.295050e+00  3.676421e-03 
 7.295448e+00  3.685206e-03 
 7.295846e+00  3.694652e-03 
 7.296243e+00  3.704733e-03 
 7.296641e+00  3.715435e-03 
 7.297039e+00  3.726742e-03 
 7.297436e+00  3.738632e-03 
 7.297834e+00  3.751102e-03 
 7.298232e+00  3.764149e-03 
 7.298629e+00  3.777778e-03 
 7.299027e+00  3.791990e-03 
 7.299425e+00  3.806771e-03 
 7.299823e+00  3.822130e-03 
 7.300220e+00  3.838070e-03 
 7.300618e+00  3.854602e-03 
 7.301016e+00  3.871721e-03 
 7.301413e+00  3.889441e-03 
 7.301811e+00  3.907753e-03 
 7.302209e+00  3.926644e-03 
 7.302606e+00  3.946103e-03 
 7.303004e+00  3.966108e-03 
 7.303402e+00  3.986643e-03 
 7.303800e+00  4.007690e-03 
 7.304197e+00  4.029232e-03 
 7.304595e+00  4.051257e-03 
 7.304993e+00  4.073746e-03 
 7.305390e+00  4.096686e-03 
 7.305788e+00  4.120056e-03 
 7.306186e+00  4.143835e-03 
 7.306583e+00  4.168016e-03 
 7.306981e+00  4.192595e-03 
 7.307379e+00  4.217557e-03 
 7.307776e+00  4.242890e-03 
 7.308174e+00  4.268582e-03 
 7.308572e+00  4.294625e-03 
 7.308970e+00  4.320999e-03 
 7.309367e+00  4.347690e-03 
 7.309765e+00  4.374679e-03 
 7.310163e+00  4.401941e-03 
 7.310560e+00  4.429445e-03 
 7.310958e+00  4.457173e-03 
 7.311356e+00  4.485091e-03 
 7.311753e+00  4.513166e-03 
 7.312151e+00  4.541365e-03 
 7.312549e+00  4.569648e-03 
 7.312947e+00  4.597987e-03 
 7.313344e+00  4.626347e-03 
 7.313742e+00  4.654702e-03 
 7.314140e+00  4.683031e-03 
 7.314537e+00  4.711305e-03 
 7.314935e+00  4.739499e-03 
 7.315333e+00  4.767591e-03 
 7.315730e+00  4.795569e-03 
 7.316128e+00  4.823415e-03 
 7.316526e+00  4.851115e-03 
 7.316923e+00  4.878661e-03 
 7.317321e+00  4.906042e-03 
 7.317719e+00  4.933241e-03 
 7.318117e+00  4.960250e-03 
 7.318514e+00  4.987056e-03 
 7.318912e+00  5.013642e-03 
 7.319310e+00  5.039994e-03 
 7.319707e+00  5.066099e-03 
 7.320105e+00  5.091947e-03 
 7.320503e+00  5.117523e-03 
 7.320900e+00  5.142805e-03 
 7.321298e+00  5.167778e-03 
 7.321696e+00  5.192413e-03 
 7.322094e+00  5.216686e-03 
 7.322491e+00  5.240567e-03 
 7.322889e+00  5.264030e-03 
 7.323287e+00  5.287052e-03 
 7.323684e+00  5.309621e-03 
 7.324082e+00  5.331713e-03 
 7.324480e+00  5.353315e-03 
 7.324877e+00  5.374418e-03 
 7.325275e+00  5.395011e-03 
 7.325673e+00  5.415084e-03 
 7.326070e+00  5.434635e-03 
 7.326468e+00  5.453658e-03 
 7.326866e+00  5.472149e-03 
 7.327264e+00  5.490116e-03 
 7.327661e+00  5.507539e-03 
 7.328059e+00  5.524412e-03 
 7.328457e+00  5.540715e-03 
 7.328854e+00  5.556430e-03 
 7.329252e+00  5.571552e-03 
 7.329650e+00  5.586043e-03 
 7.330047e+00  5.599890e-03 
 7.330445e+00  5.613066e-03 
 7.330843e+00  5.625550e-03 
 7.331241e+00  5.637323e-03 
 7.331638e+00  5.648374e-03 
 7.332036e+00  5.658689e-03 
 7.332434e+00  5.668275e-03 
 7.332831e+00  5.677119e-03 
 7.333229e+00  5.685232e-03 
 7.333627e+00  5.692637e-03 
 7.334024e+00  5.699330e-03 
 7.334422e+00  5.705332e-03 
 7.334820e+00  5.710644e-03 
 7.335217e+00  5.715270e-03 
 7.335615e+00  5.719217e-03 
 7.336013e+00  5.722492e-03 
 7.336411e+00  5.725090e-03 
 7.336808e+00  5.727012e-03 
 7.337206e+00  5.728258e-03 
 7.337604e+00  5.728828e-03 
 7.338001e+00  5.728714e-03 
 7.338399e+00  5.727915e-03 
 7.338797e+00  5.726421e-03 
 7.339194e+00  5.724225e-03 
 7.339592e+00  5.721327e-03 
 7.339990e+00  5.717737e-03 
 7.340388e+00  5.713461e-03 
 7.340785e+00  5.708506e-03 
 7.341183e+00  5.702874e-03 
 7.341581e+00  5.696574e-03 
 7.341978e+00  5.689618e-03 
 7.342376e+00  5.682028e-03 
 7.342774e+00  5.673816e-03 
 7.343171e+00  5.665006e-03 
 7.343569e+00  5.655610e-03 
 7.343967e+00  5.645632e-03 
 7.344364e+00  5.635095e-03 
 7.344762e+00  5.624027e-03 
 7.345160e+00  5.612430e-03 
 7.345558e+00  5.600321e-03 
 7.345955e+00  5.587713e-03 
 7.346353e+00  5.574625e-03 
 7.346751e+00  5.561050e-03 
 7.347148e+00  5.547007e-03 
 7.347546e+00  5.532495e-03 
 7.347944e+00  5.517504e-03 
 7.348341e+00  5.502051e-03 
 7.348739e+00  5.486135e-03 
 7.349137e+00  5.469774e-03 
 7.349535e+00  5.452967e-03 
 7.349932e+00  5.435722e-03 
 7.350330e+00  5.418042e-03 
 7.350728e+00  5.399939e-03 
 7.351125e+00  5.381422e-03 
 7.351523e+00  5.362498e-03 
 7.351921e+00  5.343174e-03 
 7.352318e+00  5.323471e-03 
 7.352716e+00  5.303404e-03 
 7.353114e+00  5.283000e-03 
 7.353511e+00  5.262273e-03 
 7.353909e+00  5.241227e-03 
 7.354307e+00  5.219869e-03 
 7.354705e+00  5.198208e-03 
 7.355102e+00  5.176254e-03 
 7.355500e+00  5.154014e-03 
 7.355898e+00  5.131491e-03 
 7.356295e+00  5.108683e-03 
 7.356693e+00  5.085593e-03 
 7.357091e+00  5.062232e-03 
 7.357488e+00  5.038600e-03 
 7.357886e+00  5.014700e-03 
 7.358284e+00  4.990543e-03 
 7.358682e+00  4.966141e-03 
 7.359079e+00  4.941518e-03 
 7.359477e+00  4.916697e-03 
 7.359875e+00  4.891707e-03 
 7.360272e+00  4.866570e-03 
 7.360670e+00  4.841326e-03 
 7.361068e+00  4.816004e-03 
 7.361465e+00  4.790628e-03 
 7.361863e+00  4.765224e-03 
 7.362261e+00  4.739820e-03 
 7.362658e+00  4.714427e-03 
 7.363056e+00  4.689051e-03 
 7.363454e+00  4.663703e-03 
 7.363852e+00  4.638389e-03 
 7.364249e+00  4.613108e-03 
 7.364647e+00  4.587866e-03 
 7.365045e+00  4.562658e-03 
 7.365442e+00  4.537493e-03 
 7.365840e+00  4.512372e-03 
 7.366238e+00  4.487296e-03 
 7.366635e+00  4.462284e-03 
 7.367033e+00  4.437355e-03 
 7.367431e+00  4.412510e-03 
 7.367829e+00  4.387770e-03 
 7.368226e+00  4.363164e-03 
 7.368624e+00  4.338710e-03 
 7.369022e+00  4.314421e-03 
 7.369419e+00  4.290322e-03 
 7.369817e+00  4.266434e-03 
 7.370215e+00  4.242760e-03 
 7.370612e+00  4.219317e-03 
 7.371010e+00  4.196125e-03 
 7.371408e+00  4.173200e-03 
 7.371805e+00  4.150547e-03 
 7.372203e+00  4.128166e-03 
 7.372601e+00  4.106071e-03 
 7.372999e+00  4.084273e-03 
 7.373396e+00  4.062770e-03 
 7.373794e+00  4.041574e-03 
 7.374192e+00  4.020687e-03 
 7.374589e+00  4.000115e-03 
 7.374987e+00  3.979868e-03 
 7.375385e+00  3.959960e-03 
 7.375782e+00  3.940415e-03 
 7.376180e+00  3.921253e-03 
 7.376578e+00  3.902482e-03 
 7.376976e+00  3.884126e-03 
 7.377373e+00  3.866213e-03 
 7.377771e+00  3.848768e-03 
 7.378169e+00  3.831813e-03 
 7.378566e+00  3.815360e-03 
 7.378964e+00  3.799423e-03 
 7.379362e+00  3.784029e-03 
 7.379759e+00  3.769196e-03 
 7.380157e+00  3.754940e-03 
 7.380555e+00  3.741272e-03 
 7.380952e+00  3.728202e-03 
 7.381350e+00  3.715739e-03 
 7.381748e+00  3.703887e-03 
 7.382146e+00  3.692656e-03 
 7.382543e+00  3.682048e-03 
 7.382941e+00  3.672064e-03 
 7.383339e+00  3.662700e-03 
 7.383736e+00  3.653962e-03 
 7.384134e+00  3.645863e-03 
 7.384532e+00  3.638407e-03 
 7.384929e+00  3.631601e-03 
 7.385327e+00  3.625455e-03 
 7.385725e+00  3.619991e-03 
 7.386123e+00  3.615225e-03 
 7.386520e+00  3.611162e-03 
 7.386918e+00  3.607823e-03 
 7.387316e+00  3.605219e-03 
 7.387713e+00  3.603360e-03 
 7.388111e+00  3.602257e-03 
 7.388509e+00  3.601924e-03 
 7.388906e+00  3.602365e-03 
 7.389304e+00  3.603573e-03 
 7.389702e+00  3.605547e-03 
 7.390099e+00  3.608275e-03 
 7.390497e+00  3.611746e-03 
 7.390895e+00  3.615936e-03 
 7.391293e+00  3.620820e-03 
 7.391690e+00  3.626385e-03 
 7.392088e+00  3.632622e-03 
 7.392486e+00  3.639521e-03 
 7.392883e+00  3.647079e-03 
 7.393281e+00  3.655285e-03 
 7.393679e+00  3.664140e-03 
 7.394076e+00  3.673650e-03 
 7.394474e+00  3.683818e-03 
 7.394872e+00  3.694652e-03 
 7.395270e+00  3.706160e-03 
 7.395667e+00  3.718340e-03 
 7.396065e+00  3.731198e-03 
 7.396463e+00  3.744731e-03 
 7.396860e+00  3.758944e-03 
 7.397258e+00  3.773831e-03 
 7.397656e+00  3.789373e-03 
 7.398053e+00  3.805560e-03 
 7.398451e+00  3.822377e-03 
 7.398849e+00  3.839802e-03 
 7.399246e+00  3.857825e-03 
 7.399644e+00  3.876432e-03 
 7.400042e+00  3.895609e-03 
 7.400440e+00  3.915333e-03 
 7.400837e+00  3.935596e-03 
 7.401235e+00  3.956391e-03 
 7.401633e+00  3.977700e-03 
 7.402030e+00  3.999512e-03 
 7.402428e+00  4.021810e-03 
 7.402826e+00  4.044587e-03 
 7.403223e+00  4.067830e-03 
 7.403621e+00  4.091522e-03 
 7.404019e+00  4.115656e-03 
 7.404417e+00  4.140219e-03 
 7.404814e+00  4.165200e-03 
 7.405212e+00  4.190562e-03 
 7.405610e+00  4.216281e-03 
 7.406007e+00  4.242335e-03 
 7.406405e+00  4.268694e-03 
 7.406803e+00  4.295323e-03 
 7.407200e+00  4.322193e-03 
 7.407598e+00  4.349272e-03 
 7.407996e+00  4.376534e-03 
 7.408393e+00  4.403949e-03 
 7.408791e+00  4.431490e-03 
 7.409189e+00  4.459129e-03 
 7.409587e+00  4.486841e-03 
 7.409984e+00  4.514587e-03 
 7.410382e+00  4.542359e-03 
 7.410780e+00  4.570141e-03 
 7.411177e+00  4.597910e-03 
 7.411575e+00  4.625647e-03 
 7.411973e+00  4.653350e-03 
 7.412370e+00  4.681004e-03 
 7.412768e+00  4.708599e-03 
 7.413166e+00  4.736130e-03 
 7.413564e+00  4.763582e-03 
 7.413961e+00  4.790949e-03 
 7.414359e+00  4.818207e-03 
 7.414757e+00  4.845356e-03 
 7.415154e+00  4.872385e-03 
 7.415552e+00  4.899267e-03 
 7.415950e+00  4.925985e-03 
 7.416347e+00  4.952508e-03 
 7.416745e+00  4.978818e-03 
 7.417143e+00  5.004893e-03 
 7.417540e+00  5.030713e-03 
 7.417938e+00  5.056249e-03 
 7.418336e+00  5.081471e-03 
 7.418734e+00  5.106364e-03 
 7.419131e+00  5.130910e-03 
 7.419529e+00  5.155090e-03 
 7.419927e+00  5.178884e-03 
 7.420324e+00  5.202284e-03 
 7.420722e+00  5.225279e-03 
 7.421120e+00  5.247865e-03 
 7.421517e+00  5.270040e-03 
 7.421915e+00  5.291799e-03 
 7.422313e+00  5.313131e-03 
 7.422711e+00  5.334026e-03 
 7.423108e+00  5.354479e-03 
 7.423506e+00  5.374481e-03 
 7.423904e+00  5.394010e-03 
 7.424301e+00  5.413044e-03 
 7.424699e+00  5.431564e-03 
 7.425097e+00  5.449537e-03 
 7.425494e+00  5.466946e-03 
 7.425892e+00  5.483776e-03 
 7.426290e+00  5.500001e-03 
 7.426687e+00  5.515606e-03 
 7.427085e+00  5.530585e-03 
 7.427483e+00  5.544923e-03 
 7.427881e+00  5.558627e-03 
 7.428278e+00  5.571716e-03 
 7.428676e+00  5.584173e-03 
 7.429074e+00  5.596002e-03 
 7.429471e+00  5.607210e-03 
 7.429869e+00  5.617804e-03 
 7.430267e+00  5.627799e-03 
 7.430664e+00  5.637192e-03 
 7.431062e+00  5.645983e-03 
 7.431460e+00  5.654186e-03 
 7.431858e+00  5.661789e-03 
 7.432255e+00  5.668790e-03 
 7.432653e+00  5.675192e-03 
 7.433051e+00  5.680978e-03 
 7.433448e+00  5.686145e-03 
 7.433846e+00  5.690689e-03 
 7.434244e+00  5.694599e-03 
 7.434641e+00  5.697869e-03 
 7.435039e+00  5.700495e-03 
 7.435437e+00  5.702464e-03 
 7.435834e+00  5.703786e-03 
 7.436232e+00  5.704462e-03 
 7.436630e+00  5.704497e-03 
 7.437028e+00  5.703904e-03 
 7.437425e+00  5.702700e-03 
 7.437823e+00  5.700883e-03 
 7.438221e+00  5.698466e-03 
 7.438618e+00  5.695462e-03 
 7.439016e+00  5.691874e-03 
 7.439414e+00  5.687719e-03 
 7.439811e+00  5.683005e-03 
 7.440209e+00  5.677740e-03 
 7.440607e+00  5.671934e-03 
 7.441005e+00  5.665585e-03 
 7.441402e+00  5.658706e-03 
 7.441800e+00  5.651292e-03 
 7.442198e+00  5.643339e-03 
 7.442595e+00  5.634834e-03 
 7.442993e+00  5.625776e-03 
 7.443391e+00  5.616170e-03 
 7.443788e+00  5.606014e-03 
 7.444186e+00  5.595310e-03 
 7.444584e+00  5.584053e-03 
 7.444981e+00  5.572235e-03 
 7.445379e+00  5.559858e-03 
 7.445777e+00  5.546931e-03 
 7.446175e+00  5.533464e-03 
 7.446572e+00  5.519464e-03 
 7.446970e+00  5.504928e-03 
 7.447368e+00  5.489860e-03 
 7.447765e+00  5.474286e-03 
 7.448163e+00  5.458223e-03 
 7.448561e+00  5.441680e-03 
 7.448958e+00  5.424662e-03 
 7.449356e+00  5.407177e-03 
 7.449754e+00  5.389243e-03 
 7.450152e+00  5.370878e-03 
 7.450549e+00  5.352084e-03 
 7.450947e+00  5.332864e-03 
 7.451345e+00  5.313223e-03 
 7.451742e+00  5.293149e-03 
 7.452140e+00  5.272666e-03 
 7.452538e+00  5.251782e-03 
 7.452935e+00  5.230499e-03 
 7.453333e+00  5.208827e-03 
 7.453731e+00  5.186778e-03 
 7.454128e+00  5.164378e-03 
 7.454526e+00  5.141646e-03 
 7.454924e+00  5.118603e-03 
 7.455322e+00  5.095274e-03 
 7.455719e+00  5.071694e-03 
 7.456117e+00  5.047901e-03 
 7.456515e+00  5.023918e-03 
 7.456912e+00  4.999777e-03 
 7.457310e+00  4.975492e-03 
 7.457708e+00  4.951070e-03 
 7.458105e+00  4.926515e-03 
 7.458503e+00  4.901836e-03 
 7.458901e+00  4.877036e-03 
 7.459299e+00  4.852108e-03 
 7.459696e+00  4.827053e-03 
 7.460094e+00  4.801862e-03 
 7.460492e+00  4.776535e-03 
 7.460889e+00  4.751071e-03 
 7.461287e+00  4.725466e-03 
 7.461685e+00  4.699727e-03 
 7.462082e+00  4.673861e-03 
 7.462480e+00  4.647880e-03 
 7.462878e+00  4.621814e-03 
 7.463275e+00  4.595680e-03 
 7.463673e+00  4.569491e-03 
 7.464071e+00  4.543259e-03 
 7.464469e+00  4.517007e-03 
 7.464866e+00  4.490760e-03 
 7.465264e+00  4.464538e-03 
 7.465662e+00  4.438364e-03 
 7.466059e+00  4.412255e-03 
 7.466457e+00  4.386225e-03 
 7.466855e+00  4.360293e-03 
 7.467252e+00  4.334481e-03 
 7.467650e+00  4.308799e-03 
 7.468048e+00  4.283264e-03 
 7.468446e+00  4.257895e-03 
 7.468843e+00  4.232716e-03 
 7.469241e+00  4.207745e-03 
 7.469639e+00  4.183007e-03 
 7.470036e+00  4.158527e-03 
 7.470434e+00  4.134331e-03 
 7.470832e+00  4.110428e-03 
 7.471229e+00  4.086847e-03 
 7.471627e+00  4.063622e-03 
 7.472025e+00  4.040784e-03 
 7.472422e+00  4.018363e-03 
 7.472820e+00  3.996382e-03 
 7.473218e+00  3.974863e-03 
 7.473616e+00  3.953829e-03 
 7.474013e+00  3.933307e-03 
 7.474411e+00  3.913312e-03 
 7.474809e+00  3.893875e-03 
 7.475206e+00  3.874996e-03 
 7.475604e+00  3.856681e-03 
 7.476002e+00  3.838957e-03 
 7.476399e+00  3.821816e-03 
 7.476797e+00  3.805272e-03 
 7.477195e+00  3.789312e-03 
 7.477593e+00  3.773936e-03 
 7.477990e+00  3.759147e-03 
 7.478388e+00  3.744947e-03 
 7.478786e+00  3.731337e-03 
 7.479183e+00  3.718328e-03 
 7.479581e+00  3.705920e-03 
 7.479979e+00  3.694112e-03 
 7.480376e+00  3.682918e-03 
 7.480774e+00  3.672343e-03 
 7.481172e+00  3.662409e-03 
 7.481569e+00  3.653127e-03 
 7.481967e+00  3.644512e-03 
 7.482365e+00  3.636587e-03 
 7.482763e+00  3.629367e-03 
 7.483160e+00  3.622868e-03 
 7.483558e+00  3.617097e-03 
 7.483956e+00  3.612068e-03 
 7.484353e+00  3.607780e-03 
 7.484751e+00  3.604238e-03 
 7.485149e+00  3.601451e-03 
 7.485546e+00  3.599410e-03 
 7.485944e+00  3.598102e-03 
 7.486342e+00  3.597514e-03 
 7.486740e+00  3.597632e-03 
 7.487137e+00  3.598456e-03 
 7.487535e+00  3.599981e-03 
 7.487933e+00  3.602204e-03 
 7.488330e+00  3.605128e-03 
 7.488728e+00  3.608749e-03 
 7.489126e+00  3.613072e-03 
 7.489523e+00  3.618108e-03 
 7.489921e+00  3.623859e-03 
 7.490319e+00  3.630326e-03 
 7.490716e+00  3.637510e-03 
 7.491114e+00  3.645415e-03 
 7.491512e+00  3.654058e-03 
 7.491910e+00  3.663441e-03 
 7.492307e+00  3.673544e-03 
 7.492705e+00  3.684359e-03 
 7.493103e+00  3.695867e-03 
 7.493500e+00  3.708055e-03 
 7.493898e+00  3.720914e-03 
 7.494296e+00  3.734432e-03 
 7.494693e+00  3.748591e-03 
 7.495091e+00  3.763369e-03 
 7.495489e+00  3.778755e-03 
 7.495887e+00  3.794748e-03 
 7.496284e+00  3.811331e-03 
 7.496682e+00  3.828485e-03 
 7.497080e+00  3.846190e-03 
 7.497477e+00  3.864446e-03 
 7.497875e+00  3.883253e-03 
 7.498273e+00  3.902601e-03 
 7.498670e+00  3.922477e-03 
 7.499068e+00  3.942865e-03 
 7.499466e+00  3.963746e-03 
 7.499863e+00  3.985110e-03 
 7.500261e+00  4.006947e-03 
 7.500659e+00  4.029240e-03 
 7.501057e+00  4.051968e-03 
 7.501454e+00  4.075108e-03 
 7.501852e+00  4.098636e-03 
 7.502250e+00  4.122528e-03 
 7.502647e+00  4.146753e-03 
 7.503045e+00  4.171283e-03 
 7.503443e+00  4.196084e-03 
 7.503840e+00  4.221132e-03 
 7.504238e+00  4.246409e-03 
 7.504636e+00  4.271891e-03 
 7.505034e+00  4.297556e-03 
 7.505431e+00  4.323374e-03 
 7.505829e+00  4.349327e-03 
 7.506227e+00  4.375398e-03 
 7.506624e+00  4.401577e-03 
 7.507022e+00  4.427864e-03 
 7.507420e+00  4.454251e-03 
 7.507817e+00  4.480726e-03 
 7.508215e+00  4.507280e-03 
 7.508613e+00  4.533904e-03 
 7.509010e+00  4.560582e-03 
 7.509408e+00  4.587310e-03 
 7.509806e+00  4.614072e-03 
 7.510204e+00  4.640852e-03 
 7.510601e+00  4.667648e-03 
 7.510999e+00  4.694442e-03 
 7.511397e+00  4.721220e-03 
 7.511794e+00  4.747958e-03 
 7.512192e+00  4.774634e-03 
 7.512590e+00  4.801217e-03 
 7.512987e+00  4.827678e-03 
 7.513385e+00  4.854006e-03 
 7.513783e+00  4.880187e-03 
 7.514181e+00  4.906196e-03 
 7.514578e+00  4.932009e-03 
 7.514976e+00  4.957602e-03 
 7.515374e+00  4.982963e-03 
 7.515771e+00  5.008078e-03 
 7.516169e+00  5.032935e-03 
 7.516567e+00  5.057526e-03 
 7.516964e+00  5.081842e-03 
 7.517362e+00  5.105863e-03 
 7.517760e+00  5.129584e-03 
 7.518157e+00  5.152998e-03 
 7.518555e+00  5.176077e-03 
 7.518953e+00  5.198801e-03 
 7.519351e+00  5.221141e-03 
 7.519748e+00  5.243082e-03 
 7.520146e+00  5.264604e-03 
 7.520544e+00  5.285673e-03 
 7.520941e+00  5.306281e-03 
 7.521339e+00  5.326396e-03 
 7.521737e+00  5.345990e-03 
 7.522134e+00  5.365064e-03 
 7.522532e+00  5.383605e-03 
 7.522930e+00  5.401607e-03 
 7.523328e+00  5.419075e-03 
 7.523725e+00  5.436001e-03 
 7.524123e+00  5.452403e-03 
 7.524521e+00  5.468293e-03 
 7.524918e+00  5.483676e-03 
 7.525316e+00  5.498560e-03 
 7.525714e+00  5.512953e-03 
 7.526111e+00  5.526867e-03 
 7.526509e+00  5.540302e-03 
 7.526907e+00  5.553264e-03 
 7.527304e+00  5.565752e-03 
 7.527702e+00  5.577752e-03 
 7.528100e+00  5.589252e-03 
 7.528498e+00  5.600235e-03 
 7.528895e+00  5.610699e-03 
 7.529293e+00  5.620639e-03 
 7.529691e+00  5.630036e-03 
 7.530088e+00  5.638880e-03 
 7.530486e+00  5.647160e-03 
 7.530884e+00  5.654873e-03 
 7.531281e+00  5.662008e-03 
 7.531679e+00  5.668561e-03 
 7.532077e+00  5.674517e-03 
 7.532475e+00  5.679882e-03 
 7.532872e+00  5.684659e-03 
 7.533270e+00  5.688854e-03 
 7.533668e+00  5.692466e-03 
 7.534065e+00  5.695492e-03 
 7.534463e+00  5.697922e-03 
 7.534861e+00  5.699758e-03 
 7.535258e+00  5.701000e-03 
 7.535656e+00  5.701647e-03 
 7.536054e+00  5.701697e-03 
 7.536451e+00  5.701137e-03 
 7.536849e+00  5.699965e-03 
 7.537247e+00  5.698170e-03 
 7.537645e+00  5.695746e-03 
 7.538042e+00  5.692684e-03 
 7.538440e+00  5.688975e-03 
 7.538838e+00  5.684611e-03 
 7.539235e+00  5.679592e-03 
 7.539633e+00  5.673918e-03 
 7.540031e+00  5.667595e-03 
 7.540428e+00  5.660621e-03 
 7.540826e+00  5.652997e-03 
 7.541224e+00  5.644722e-03 
 7.541622e+00  5.635802e-03 
 7.542019e+00  5.626257e-03 
 7.542417e+00  5.616100e-03 
 7.542815e+00  5.605346e-03 
 7.543212e+00  5.594019e-03 
 7.543610e+00  5.582123e-03 
 7.544008e+00  5.569675e-03 
 7.544405e+00  5.556684e-03 
 7.544803e+00  5.543162e-03 
 7.545201e+00  5.529124e-03 
 7.545598e+00  5.514571e-03 
 7.545996e+00  5.499512e-03 
 7.546394e+00  5.483946e-03 
 7.546792e+00  5.467878e-03 
 7.547189e+00  5.451304e-03 
 7.547587e+00  5.434225e-03 
 7.547985e+00  5.416641e-03 
 7.548382e+00  5.398555e-03 
 7.548780e+00  5.379977e-03 
 7.549178e+00  5.360922e-03 
 7.549575e+00  5.341408e-03 
 7.549973e+00  5.321450e-03 
 7.550371e+00  5.301061e-03 
 7.550768e+00  5.280263e-03 
 7.551166e+00  5.259078e-03 
 7.551564e+00  5.237525e-03 
 7.551962e+00  5.215619e-03 
 7.552359e+00  5.193377e-03 
 7.552757e+00  5.170807e-03 
 7.553155e+00  5.147922e-03 
 7.553552e+00  5.124723e-03 
 7.553950e+00  5.101209e-03 
 7.554348e+00  5.077379e-03 
 7.554745e+00  5.053233e-03 
 7.555143e+00  5.028779e-03 
 7.555541e+00  5.004012e-03 
 7.555939e+00  4.978945e-03 
 7.556336e+00  4.953576e-03 
 7.556734e+00  4.927915e-03 
 7.557132e+00  4.901980e-03 
 7.557529e+00  4.875790e-03 
 7.557927e+00  4.849370e-03 
 7.558325e+00  4.822744e-03 
 7.558722e+00  4.795935e-03 
 7.559120e+00  4.768974e-03 
 7.559518e+00  4.741888e-03 
 7.559915e+00  4.714700e-03 
 7.560313e+00  4.687436e-03 
 7.560711e+00  4.660118e-03 
 7.561109e+00  4.632762e-03 
 7.561506e+00  4.605396e-03 
 7.561904e+00  4.578047e-03 
 7.562302e+00  4.550740e-03 
 7.562699e+00  4.523480e-03 
 7.563097e+00  4.496286e-03 
 7.563495e+00  4.469177e-03 
 7.563892e+00  4.442172e-03 
 7.564290e+00  4.415281e-03 
 7.564688e+00  4.388530e-03 
 7.565086e+00  4.361935e-03 
 7.565483e+00  4.335511e-03 
 7.565881e+00  4.309289e-03 
 7.566279e+00  4.283292e-03 
 7.566676e+00  4.257547e-03 
 7.567074e+00  4.232066e-03 
 7.567472e+00  4.206874e-03 
 7.567869e+00  4.182002e-03 
 7.568267e+00  4.157470e-03 
 7.568665e+00  4.133300e-03 
 7.569062e+00  4.109518e-03 
 7.569460e+00  4.086140e-03 
 7.569858e+00  4.063190e-03 
 7.570256e+00  4.040675e-03 
 7.570653e+00  4.018613e-03 
 7.571051e+00  3.997011e-03 
 7.571449e+00  3.975873e-03 
 7.571846e+00  3.955208e-03 
 7.572244e+00  3.935017e-03 
 7.572642e+00  3.915303e-03 
 7.573039e+00  3.896065e-03 
 7.573437e+00  3.877330e-03 
 7.573835e+00  3.859084e-03 
 7.574233e+00  3.841349e-03 
 7.574630e+00  3.824128e-03 
 7.575028e+00  3.807434e-03 
 7.575426e+00  3.791265e-03 
 7.575823e+00  3.775642e-03 
 7.576221e+00  3.760572e-03 
 7.576619e+00  3.746082e-03 
 7.577016e+00  3.732197e-03 
 7.577414e+00  3.718938e-03 
 7.577812e+00  3.706335e-03 
 7.578209e+00  3.694393e-03 
 7.578607e+00  3.683137e-03 
 7.579005e+00  3.672584e-03 
 7.579403e+00  3.662734e-03 
 7.579800e+00  3.653598e-03 
 7.580198e+00  3.645177e-03 
 7.580596e+00  3.637467e-03 
 7.580993e+00  3.630477e-03 
 7.581391e+00  3.624202e-03 
 7.581789e+00  3.618644e-03 
 7.582186e+00  3.613792e-03 
 7.582584e+00  3.609646e-03 
 7.582982e+00  3.606199e-03 
 7.583380e+00  3.603443e-03 
 7.583777e+00  3.601391e-03 
 7.584175e+00  3.600052e-03 
 7.584573e+00  3.599429e-03 
 7.584970e+00  3.599533e-03 
 7.585368e+00  3.600371e-03 
 7.585766e+00  3.601958e-03 
 7.586163e+00  3.604296e-03 
 7.586561e+00  3.607386e-03 
 7.586959e+00  3.611227e-03 
 7.587356e+00  3.615822e-03 
 7.587754e+00  3.621157e-03 
 7.588152e+00  3.627226e-03 
 7.588550e+00  3.634018e-03 
 7.588947e+00  3.641516e-03 
 7.589345e+00  3.649710e-03 
 7.589743e+00  3.658580e-03 
 7.590140e+00  3.668114e-03 
 7.590538e+00  3.678295e-03 
 7.590936e+00  3.689114e-03 
 7.591333e+00  3.700557e-03 
 7.591731e+00  3.712611e-03 
 7.592129e+00  3.725267e-03 
 7.592527e+00  3.738513e-03 
 7.592924e+00  3.752342e-03 
 7.593322e+00  3.766749e-03 
 7.593720e+00  3.781729e-03 
 7.594117e+00  3.797278e-03 
 7.594515e+00  3.813381e-03 
 7.594913e+00  3.830036e-03 
 7.595310e+00  3.847227e-03 
 7.595708e+00  3.864935e-03 
 7.596106e+00  3.883149e-03 
 7.596503e+00  3.901853e-03 
 7.596901e+00  3.921039e-03 
 7.597299e+00  3.940693e-03 
 7.597697e+00  3.960800e-03 
 7.598094e+00  3.981334e-03 
 7.598492e+00  4.002275e-03 
 7.598890e+00  4.023603e-03 
 7.599287e+00  4.045303e-03 
 7.599685e+00  4.067353e-03 
 7.600083e+00  4.089736e-03 
 7.600480e+00  4.112438e-03 
 7.600878e+00  4.135448e-03 
 7.601276e+00  4.158760e-03 
 7.601674e+00  4.182369e-03 
 7.602071e+00  4.206256e-03 
 7.602469e+00  4.230418e-03 
 7.602867e+00  4.254839e-03 
 7.603264e+00  4.279516e-03 
 7.603662e+00  4.304440e-03 
 7.604060e+00  4.329607e-03 
 7.604457e+00  4.354997e-03 
 7.604855e+00  4.380596e-03 
 7.605253e+00  4.406393e-03 
 7.605650e+00  4.432375e-03 
 7.606048e+00  4.458521e-03 
 7.606446e+00  4.484809e-03 
 7.606844e+00  4.511207e-03 
 7.607241e+00  4.537685e-03 
 7.607639e+00  4.564218e-03 
 7.608037e+00  4.590780e-03 
 7.608434e+00  4.617346e-03 
 7.608832e+00  4.643890e-03 
 7.609230e+00  4.670380e-03 
 7.609627e+00  4.696809e-03 
 7.610025e+00  4.723157e-03 
 7.610423e+00  4.749405e-03 
 7.610821e+00  4.775543e-03 
 7.611218e+00  4.801552e-03 
 7.611616e+00  4.827424e-03 
 7.612014e+00  4.853149e-03 
 7.612411e+00  4.878722e-03 
 7.612809e+00  4.904134e-03 
 7.613207e+00  4.929368e-03 
 7.613604e+00  4.954418e-03 
 7.614002e+00  4.979261e-03 
 7.614400e+00  5.003879e-03 
 7.614797e+00  5.028252e-03 
 7.615195e+00  5.052357e-03 
 7.615593e+00  5.076167e-03 
 7.615991e+00  5.099663e-03 
 7.616388e+00  5.122829e-03 
 7.616786e+00  5.145644e-03 
 7.617184e+00  5.168104e-03 
 7.617581e+00  5.190197e-03 
 7.617979e+00  5.211921e-03 
 7.618377e+00  5.233270e-03 
 7.618774e+00  5.254241e-03 
 7.619172e+00  5.274836e-03 
 7.619570e+00  5.295066e-03 
 7.619968e+00  5.314924e-03 
 7.620365e+00  5.334422e-03 
 7.620763e+00  5.353557e-03 
 7.621161e+00  5.372335e-03 
 7.621558e+00  5.390756e-03 
 7.621956e+00  5.408799e-03 
 7.622354e+00  5.426470e-03 
 7.622751e+00  5.443736e-03 
 7.623149e+00  5.460590e-03 
 7.623547e+00  5.477022e-03 
 7.623944e+00  5.493003e-03 
 7.624342e+00  5.508515e-03 
 7.624740e+00  5.523543e-03 
 7.625138e+00  5.538074e-03 
 7.625535e+00  5.552087e-03 
 7.625933e+00  5.565581e-03 
 7.626331e+00  5.578530e-03 
 7.626728e+00  5.590915e-03 
 7.627126e+00  5.602725e-03 
 7.627524e+00  5.613952e-03 
 7.627921e+00  5.624590e-03 
 7.628319e+00  5.634632e-03 
 7.628717e+00  5.644085e-03 
 7.629115e+00  5.652940e-03 
 7.629512e+00  5.661202e-03 
 7.629910e+00  5.668876e-03 
 7.630308e+00  5.675954e-03 
 7.630705e+00  5.682427e-03 
 7.631103e+00  5.688289e-03 
 7.631501e+00  5.693523e-03 
 7.631898e+00  5.698129e-03 
 7.632296e+00  5.702104e-03 
 7.632694e+00  5.705439e-03 
 7.633091e+00  5.708123e-03 
 7.633489e+00  5.710148e-03 
 7.633887e+00  5.711512e-03 
 7.634285e+00  5.712204e-03 
 7.634682e+00  5.712213e-03 
 7.635080e+00  5.711544e-03 
 7.635478e+00  5.710199e-03 
 7.635875e+00  5.708175e-03 
 7.636273e+00  5.705490e-03 
 7.636671e+00  5.702149e-03 
 7.637068e+00  5.698166e-03 
 7.637466e+00  5.693542e-03 
 7.637864e+00  5.688283e-03 
 7.638262e+00  5.682397e-03 
 7.638659e+00  5.675898e-03 
 7.639057e+00  5.668795e-03 
 7.639455e+00  5.661101e-03 
 7.639852e+00  5.652821e-03 
 7.640250e+00  5.643951e-03 
 7.640648e+00  5.634503e-03 
 7.641045e+00  5.624481e-03 
 7.641443e+00  5.613882e-03 
 7.641841e+00  5.602699e-03 
 7.642238e+00  5.590931e-03 
 7.642636e+00  5.578576e-03 
 7.643034e+00  5.565630e-03 
 7.643432e+00  5.552114e-03 
 7.643829e+00  5.538024e-03 
 7.644227e+00  5.523358e-03 
 7.644625e+00  5.508121e-03 
 7.645022e+00  5.492327e-03 
 7.645420e+00  5.475983e-03 
 7.645818e+00  5.459110e-03 
 7.646215e+00  5.441719e-03 
 7.646613e+00  5.423820e-03 
 7.647011e+00  5.405428e-03 
 7.647409e+00  5.386558e-03 
 7.647806e+00  5.367221e-03 
 7.648204e+00  5.347425e-03 
 7.648602e+00  5.327172e-03 
 7.648999e+00  5.306464e-03 
 7.649397e+00  5.285303e-03 
 7.649795e+00  5.263689e-03 
 7.650192e+00  5.241629e-03 
 7.650590e+00  5.219123e-03 
 7.650988e+00  5.196167e-03 
 7.651385e+00  5.172771e-03 
 7.651783e+00  5.148947e-03 
 7.652181e+00  5.124711e-03 
 7.652579e+00  5.100086e-03 
 7.652976e+00  5.075088e-03 
 7.653374e+00  5.049747e-03 
 7.653772e+00  5.024086e-03 
 7.654169e+00  4.998138e-03 
 7.654567e+00  4.971929e-03 
 7.654965e+00  4.945481e-03 
 7.655362e+00  4.918821e-03 
 7.655760e+00  4.891975e-03 
 7.656158e+00  4.864970e-03 
 7.656556e+00  4.837825e-03 
 7.656953e+00  4.810566e-03 
 7.657351e+00  4.783214e-03 
 7.657749e+00  4.755784e-03 
 7.658146e+00  4.728289e-03 
 7.658544e+00  4.700751e-03 
 7.658942e+00  4.673181e-03 
 7.659339e+00  4.645595e-03 
 7.659737e+00  4.618008e-03 
 7.660135e+00  4.590436e-03 
 7.660532e+00  4.562893e-03 
 7.660930e+00  4.535406e-03 
 7.661328e+00  4.507995e-03 
 7.661726e+00  4.480683e-03 
 7.662123e+00  4.453489e-03 
 7.662521e+00  4.426433e-03 
 7.662919e+00  4.399537e-03 
 7.663316e+00  4.372833e-03 
 7.663714e+00  4.346333e-03 
 7.664112e+00  4.320064e-03 
 7.664509e+00  4.294039e-03 
 7.664907e+00  4.268293e-03 
 7.665305e+00  4.242840e-03 
 7.665703e+00  4.217692e-03 
 7.666100e+00  4.192862e-03 
 7.666498e+00  4.168359e-03 
 7.666896e+00  4.144199e-03 
 7.667293e+00  4.120395e-03 
 7.667691e+00  4.096959e-03 
 7.668089e+00  4.073894e-03 
 7.668486e+00  4.051214e-03 
 7.668884e+00  4.028927e-03 
 7.669282e+00  4.007043e-03 
 7.669679e+00  3.985585e-03 
 7.670077e+00  3.964547e-03 
 7.670475e+00  3.943939e-03 
 7.670873e+00  3.923784e-03 
 7.671270e+00  3.904117e-03 
 7.671668e+00  3.884944e-03 
 7.672066e+00  3.866305e-03 
 7.672463e+00  3.848217e-03 
 7.672861e+00  3.830702e-03 
 7.673259e+00  3.813766e-03 
 7.673656e+00  3.797438e-03 
 7.674054e+00  3.781731e-03 
 7.674452e+00  3.766661e-03 
 7.674850e+00  3.752239e-03 
 7.675247e+00  3.738471e-03 
 7.675645e+00  3.725365e-03 
 7.676043e+00  3.712920e-03 
 7.676440e+00  3.701132e-03 
 7.676838e+00  3.690000e-03 
 7.677236e+00  3.679514e-03 
 7.677633e+00  3.669684e-03 
 7.678031e+00  3.660507e-03 
 7.678429e+00  3.651983e-03 
 7.678826e+00  3.644121e-03 
 7.679224e+00  3.636930e-03 
 7.679622e+00  3.630420e-03 
 7.680020e+00  3.624600e-03 
 7.680417e+00  3.619493e-03 
 7.680815e+00  3.615115e-03 
 7.681213e+00  3.611477e-03 
 7.681610e+00  3.608582e-03 
 7.682008e+00  3.606438e-03 
 7.682406e+00  3.605043e-03 
 7.682803e+00  3.604403e-03 
 7.683201e+00  3.604509e-03 
 7.683599e+00  3.605359e-03 
 7.683997e+00  3.606937e-03 
 7.684394e+00  3.609236e-03 
 7.684792e+00  3.612250e-03 
 7.685190e+00  3.615977e-03 
 7.685587e+00  3.620400e-03 
 7.685985e+00  3.625499e-03 
 7.686383e+00  3.631257e-03 
 7.686780e+00  3.637672e-03 
 7.687178e+00  3.644752e-03 
 7.687576e+00  3.652486e-03 
 7.687973e+00  3.660854e-03 
 7.688371e+00  3.669854e-03 
 7.688769e+00  3.679483e-03 
 7.689167e+00  3.689730e-03 
 7.689564e+00  3.700592e-03 
 7.689962e+00  3.712065e-03 
 7.690360e+00  3.724134e-03 
 7.690757e+00  3.736796e-03 
 7.691155e+00  3.750047e-03 
 7.691553e+00  3.763881e-03 
 7.691950e+00  3.778294e-03 
 7.692348e+00  3.793251e-03 
 7.692746e+00  3.808745e-03 
 7.693144e+00  3.824761e-03 
 7.693541e+00  3.841287e-03 
 7.693939e+00  3.858305e-03 
 7.694337e+00  3.875804e-03 
 7.694734e+00  3.893768e-03 
 7.695132e+00  3.912187e-03 
 7.695530e+00  3.931052e-03 
 7.695927e+00  3.950352e-03 
 7.696325e+00  3.970076e-03 
 7.696723e+00  3.990209e-03 
 7.697120e+00  4.010741e-03 
 7.697518e+00  4.031676e-03 
 7.697916e+00  4.053004e-03 
 7.698314e+00  4.074735e-03 
 7.698711e+00  4.096847e-03 
 7.699109e+00  4.119332e-03 
 7.699507e+00  4.142185e-03 
 7.699904e+00  4.165392e-03 
 7.700302e+00  4.188931e-03 
 7.700700e+00  4.212782e-03 
 7.701097e+00  4.236924e-03 
 7.701495e+00  4.261328e-03 
 7.701893e+00  4.285967e-03 
 7.702291e+00  4.310819e-03 
 7.702688e+00  4.335857e-03 
 7.703086e+00  4.361056e-03 
 7.703484e+00  4.386386e-03 
 7.703881e+00  4.411819e-03 
 7.704279e+00  4.437336e-03 
 7.704677e+00  4.462918e-03 
 7.705074e+00  4.488548e-03 
 7.705472e+00  4.514204e-03 
 7.705870e+00  4.539885e-03 
 7.706267e+00  4.565572e-03 
 7.706665e+00  4.591263e-03 
 7.707063e+00  4.616964e-03 
 7.707461e+00  4.642659e-03 
 7.707858e+00  4.668336e-03 
 7.708256e+00  4.693983e-03 
 7.708654e+00  4.719589e-03 
 7.709051e+00  4.745146e-03 
 7.709449e+00  4.770646e-03 
 7.709847e+00  4.796068e-03 
 7.710244e+00  4.821392e-03 
 7.710642e+00  4.846596e-03 
 7.711040e+00  4.871671e-03 
 7.711438e+00  4.896592e-03 
 7.711835e+00  4.921340e-03 
 7.712233e+00  4.945902e-03 
 7.712631e+00  4.970263e-03 
 7.713028e+00  4.994424e-03 
 7.713426e+00  5.018388e-03 
 7.713824e+00  5.042153e-03 
 7.714221e+00  5.065706e-03 
 7.714619e+00  5.089043e-03 
 7.715017e+00  5.112156e-03 
 7.715414e+00  5.135045e-03 
 7.715812e+00  5.157709e-03 
 7.716210e+00  5.180140e-03 
 7.716608e+00  5.202329e-03 
 7.717005e+00  5.224258e-03 
 7.717403e+00  5.245914e-03 
 7.717801e+00  5.267276e-03 
 7.718198e+00  5.288332e-03 
 7.718596e+00  5.309054e-03 
 7.718994e+00  5.329415e-03 
 7.719391e+00  5.349403e-03 
 7.719789e+00  5.369004e-03 
 7.720187e+00  5.388191e-03 
 7.720585e+00  5.406942e-03 
 7.720982e+00  5.425238e-03 
 7.721380e+00  5.443055e-03 
 7.721778e+00  5.460368e-03 
 7.722175e+00  5.477183e-03 
 7.722573e+00  5.493483e-03 
 7.722971e+00  5.509265e-03 
 7.723368e+00  5.524530e-03 
 7.723766e+00  5.539272e-03 
 7.724164e+00  5.553478e-03 
 7.724561e+00  5.567142e-03 
 7.724959e+00  5.580272e-03 
 7.725357e+00  5.592843e-03 
 7.725755e+00  5.604859e-03 
 7.726152e+00  5.616303e-03 
 7.726550e+00  5.627182e-03 
 7.726948e+00  5.637490e-03 
 7.727345e+00  5.647216e-03 
 7.727743e+00  5.656338e-03 
 7.728141e+00  5.664857e-03 
 7.728538e+00  5.672748e-03 
 7.728936e+00  5.680008e-03 
 7.729334e+00  5.686627e-03 
 7.729732e+00  5.692590e-03 
 7.730129e+00  5.697898e-03 
 7.730527e+00  5.702550e-03 
 7.730925e+00  5.706549e-03 
 7.731322e+00  5.709893e-03 
 7.731720e+00  5.712577e-03 
 7.732118e+00  5.714604e-03 
 7.732515e+00  5.715979e-03 
 7.732913e+00  5.716706e-03 
 7.733311e+00  5.716806e-03 
 7.733708e+00  5.716276e-03 
 7.734106e+00  5.715119e-03 
 7.734504e+00  5.713339e-03 
 7.734902e+00  5.710944e-03 
 7.735299e+00  5.707932e-03 
 7.735697e+00  5.704297e-03 
 7.736095e+00  5.700037e-03 
 7.736492e+00  5.695145e-03 
 7.736890e+00  5.689610e-03 
 7.737288e+00  5.683447e-03 
 7.737685e+00  5.676641e-03 
 7.738083e+00  5.669188e-03 
 7.738481e+00  5.661089e-03 
 7.738879e+00  5.652334e-03 
 7.739276e+00  5.642921e-03 
 7.739674e+00  5.632852e-03 
 7.740072e+00  5.622130e-03 
 7.740469e+00  5.610754e-03 
 7.740867e+00  5.598735e-03 
 7.741265e+00  5.586093e-03 
 7.741662e+00  5.572835e-03 
 7.742060e+00  5.558979e-03 
 7.742458e+00  5.544526e-03 
 7.742855e+00  5.529488e-03 
 7.743253e+00  5.513860e-03 
 7.743651e+00  5.497643e-03 
 7.744049e+00  5.480831e-03 
 7.744446e+00  5.463429e-03 
 7.744844e+00  5.445447e-03 
 7.745242e+00  5.426874e-03 
 7.745639e+00  5.407721e-03 
 7.746037e+00  5.387993e-03 
 7.746435e+00  5.367699e-03 
 7.746832e+00  5.346859e-03 
 7.747230e+00  5.325482e-03 
 7.747628e+00  5.303579e-03 
 7.748026e+00  5.281168e-03 
 7.748423e+00  5.258273e-03 
 7.748821e+00  5.234927e-03 
 7.749219e+00  5.211167e-03 
 7.749616e+00  5.187007e-03 
 7.750014e+00  5.162478e-03 
 7.750412e+00  5.137609e-03 
 7.750809e+00  5.112430e-03 
 7.751207e+00  5.086977e-03 
 7.751605e+00  5.061252e-03 
 7.752002e+00  5.035286e-03 
 7.752400e+00  5.009103e-03 
 7.752798e+00  4.982718e-03 
 7.753196e+00  4.956154e-03 
 7.753593e+00  4.929429e-03 
 7.753991e+00  4.902552e-03 
 7.754389e+00  4.875533e-03 
 7.754786e+00  4.848390e-03 
 7.755184e+00  4.821152e-03 
 7.755582e+00  4.793822e-03 
 7.755979e+00  4.766409e-03 
 7.756377e+00  4.738929e-03 
 7.756775e+00  4.711391e-03 
 7.757173e+00  4.683819e-03 
 7.757570e+00  4.656235e-03 
 7.757968e+00  4.628648e-03 
 7.758366e+00  4.601080e-03 
 7.758763e+00  4.573547e-03 
 7.759161e+00  4.546066e-03 
 7.759559e+00  4.518664e-03 
 7.759956e+00  4.491356e-03 
 7.760354e+00  4.464158e-03 
 7.760752e+00  4.437082e-03 
 7.761149e+00  4.410152e-03 
 7.761547e+00  4.383388e-03 
 7.761945e+00  4.356805e-03 
 7.762343e+00  4.330412e-03 
 7.762740e+00  4.304220e-03 
 7.763138e+00  4.278235e-03 
 7.763536e+00  4.252470e-03 
 7.763933e+00  4.226941e-03 
 7.764331e+00  4.201667e-03 
 7.764729e+00  4.176671e-03 
 7.765126e+00  4.151983e-03 
 7.765524e+00  4.127621e-03 
 7.765922e+00  4.103615e-03 
 7.766320e+00  4.079987e-03 
 7.766717e+00  4.056772e-03 
 7.767115e+00  4.033998e-03 
 7.767513e+00  4.011695e-03 
 7.767910e+00  3.989894e-03 
 7.768308e+00  3.968612e-03 
 7.768706e+00  3.947891e-03 
 7.769103e+00  3.927744e-03 
 7.769501e+00  3.908183e-03 
 7.769899e+00  3.889239e-03 
 7.770296e+00  3.870900e-03 
 7.770694e+00  3.853184e-03 
 7.771092e+00  3.836098e-03 
 7.771490e+00  3.819635e-03 
 7.771887e+00  3.803795e-03 
 7.772285e+00  3.788566e-03 
 7.772683e+00  3.773958e-03 
 7.773080e+00  3.759964e-03 
 7.773478e+00  3.746585e-03 
 7.773876e+00  3.733833e-03 
 7.774273e+00  3.721711e-03 
 7.774671e+00  3.710239e-03 
 7.775069e+00  3.699424e-03 
 7.775467e+00  3.689285e-03 
 7.775864e+00  3.679823e-03 
 7.776262e+00  3.671046e-03 
 7.776660e+00  3.662959e-03 
 7.777057e+00  3.655577e-03 
 7.777455e+00  3.648899e-03 
 7.777853e+00  3.642924e-03 
 7.778250e+00  3.637653e-03 
 7.778648e+00  3.633087e-03 
 7.779046e+00  3.629219e-03 
 7.779443e+00  3.626040e-03 
 7.779841e+00  3.623537e-03 
 7.780239e+00  3.621702e-03 
 7.780637e+00  3.620526e-03 
 7.781034e+00  3.620007e-03 
 7.781432e+00  3.620136e-03 
 7.781830e+00  3.620921e-03 
 7.782227e+00  3.622345e-03 
 7.782625e+00  3.624412e-03 
 7.783023e+00  3.627120e-03 
 7.783420e+00  3.630468e-03 
 7.783818e+00  3.634462e-03 
 7.784216e+00  3.639087e-03 
 7.784614e+00  3.644339e-03 
 7.785011e+00  3.650221e-03 
 7.785409e+00  3.656734e-03 
 7.785807e+00  3.663878e-03 
 7.786204e+00  3.671643e-03 
 7.786602e+00  3.680024e-03 
 7.787000e+00  3.689013e-03 
 7.787397e+00  3.698599e-03 
 7.787795e+00  3.708769e-03 
 7.788193e+00  3.719521e-03 
 7.788590e+00  3.730846e-03 
 7.788988e+00  3.742731e-03 
 7.789386e+00  3.755165e-03 
 7.789784e+00  3.768144e-03 
 7.790181e+00  3.781659e-03 
 7.790579e+00  3.795702e-03 
 7.790977e+00  3.810260e-03 
 7.791374e+00  3.825320e-03 
 7.791772e+00  3.840875e-03 
 7.792170e+00  3.856918e-03 
 7.792567e+00  3.873451e-03 
 7.792965e+00  3.890484e-03 
 7.793363e+00  3.908005e-03 
 7.793761e+00  3.926011e-03 
 7.794158e+00  3.944495e-03 
 7.794556e+00  3.963444e-03 
 7.794954e+00  3.982851e-03 
 7.795351e+00  4.002691e-03 
 7.795749e+00  4.022944e-03 
 7.796147e+00  4.043600e-03 
 7.796544e+00  4.064639e-03 
 7.796942e+00  4.086050e-03 
 7.797340e+00  4.107812e-03 
 7.797737e+00  4.129899e-03 
 7.798135e+00  4.152281e-03 
 7.798533e+00  4.174929e-03 
 7.798931e+00  4.197820e-03 
 7.799328e+00  4.220937e-03 
 7.799726e+00  4.244251e-03 
 7.800124e+00  4.267743e-03 
 7.800521e+00  4.291411e-03 
 7.800919e+00  4.315245e-03 
 7.801317e+00  4.339235e-03 
 7.801714e+00  4.363372e-03 
 7.802112e+00  4.387642e-03 
 7.802510e+00  4.412049e-03 
 7.802908e+00  4.436581e-03 
 7.803305e+00  4.461239e-03 
 7.803703e+00  4.486016e-03 
 7.804101e+00  4.510896e-03 
 7.804498e+00  4.535868e-03 
 7.804896e+00  4.560915e-03 
 7.805294e+00  4.586025e-03 
 7.805691e+00  4.611182e-03 
 7.806089e+00  4.636368e-03 
 7.806487e+00  4.661574e-03 
 7.806884e+00  4.686781e-03 
 7.807282e+00  4.711980e-03 
 7.807680e+00  4.737165e-03 
 7.808078e+00  4.762325e-03 
 7.808475e+00  4.787452e-03 
 7.808873e+00  4.812546e-03 
 7.809271e+00  4.837603e-03 
 7.809668e+00  4.862623e-03 
 7.810066e+00  4.887601e-03 
 7.810464e+00  4.912536e-03 
 7.810861e+00  4.937418e-03 
 7.811259e+00  4.962229e-03 
 7.811657e+00  4.986955e-03 
 7.812055e+00  5.011579e-03 
 7.812452e+00  5.036080e-03 
 7.812850e+00  5.060437e-03 
 7.813248e+00  5.084623e-03 
 7.813645e+00  5.108620e-03 
 7.814043e+00  5.132391e-03 
 7.814441e+00  5.155914e-03 
 7.814838e+00  5.179163e-03 
 7.815236e+00  5.202112e-03 
 7.815634e+00  5.224729e-03 
 7.816031e+00  5.246988e-03 
 7.816429e+00  5.268880e-03 
 7.816827e+00  5.290388e-03 
 7.817225e+00  5.311492e-03 
 7.817622e+00  5.332176e-03 
 7.818020e+00  5.352424e-03 
 7.818418e+00  5.372236e-03 
 7.818815e+00  5.391599e-03 
 7.819213e+00  5.410509e-03 
 7.819611e+00  5.428959e-03 
 7.820008e+00  5.446945e-03 
 7.820406e+00  5.464453e-03 
 7.820804e+00  5.481491e-03 
 7.821202e+00  5.498059e-03 
 7.821599e+00  5.514152e-03 
 7.821997e+00  5.529747e-03 
 7.822395e+00  5.544853e-03 
 7.822792e+00  5.559450e-03 
 7.823190e+00  5.573523e-03 
 7.823588e+00  5.587070e-03 
 7.823985e+00  5.600066e-03 
 7.824383e+00  5.612503e-03 
 7.824781e+00  5.624361e-03 
 7.825178e+00  5.635643e-03 
 7.825576e+00  5.646344e-03 
 7.825974e+00  5.656451e-03 
 7.826372e+00  5.665968e-03 
 7.826769e+00  5.674879e-03 
 7.827167e+00  5.683182e-03 
 7.827565e+00  5.690869e-03 
 7.827962e+00  5.697939e-03 
 7.828360e+00  5.704377e-03 
 7.828758e+00  5.710193e-03 
 7.829155e+00  5.715382e-03 
 7.829553e+00  5.719942e-03 
 7.829951e+00  5.723868e-03 
 7.830349e+00  5.727148e-03 
 7.830746e+00  5.729767e-03 
 7.831144e+00  5.731716e-03 
 7.831542e+00  5.732979e-03 
 7.831939e+00  5.733544e-03 
 7.832337e+00  5.733398e-03 
 7.832735e+00  5.732529e-03 
 7.833132e+00  5.730924e-03 
 7.833530e+00  5.728563e-03 
 7.833928e+00  5.725441e-03 
 7.834325e+00  5.721562e-03 
 7.834723e+00  5.716913e-03 
 7.835121e+00  5.711499e-03 
 7.835519e+00  5.705324e-03 
 7.835916e+00  5.698389e-03 
 7.836314e+00  5.690712e-03 
 7.836712e+00  5.682299e-03 
 7.837109e+00  5.673169e-03 
 7.837507e+00  5.663332e-03 
 7.837905e+00  5.652784e-03 
 7.838302e+00  5.641538e-03 
 7.838700e+00  5.629611e-03 
 7.839098e+00  5.617014e-03 
 7.839496e+00  5.603740e-03 
 7.839893e+00  5.589802e-03 
 7.840291e+00  5.575205e-03 
 7.840689e+00  5.559951e-03 
 7.841086e+00  5.544065e-03 
 7.841484e+00  5.527552e-03 
 7.841882e+00  5.510414e-03 
 7.842279e+00  5.492669e-03 
 7.842677e+00  5.474322e-03 
 7.843075e+00  5.455411e-03 
 7.843472e+00  5.435944e-03 
 7.843870e+00  5.415939e-03 
 7.844268e+00  5.395422e-03 
 7.844666e+00  5.374424e-03 
 7.845063e+00  5.352972e-03 
 7.845461e+00  5.331095e-03 
 7.845859e+00  5.308799e-03 
 7.846256e+00  5.286102e-03 
 7.846654e+00  5.263019e-03 
 7.847052e+00  5.239560e-03 
 7.847449e+00  5.215754e-03 
 7.847847e+00  5.191617e-03 
 7.848245e+00  5.167152e-03 
 7.848643e+00  5.142377e-03 
 7.849040e+00  5.117300e-03 
 7.849438e+00  5.091944e-03 
 7.849836e+00  5.066301e-03 
 7.850233e+00  5.040376e-03 
 7.850631e+00  5.014180e-03 
 7.851029e+00  4.987730e-03 
 7.851426e+00  4.961038e-03 
 7.851824e+00  4.934129e-03 
 7.852222e+00  4.907023e-03 
 7.852619e+00  4.879740e-03 
 7.853017e+00  4.852296e-03 
 7.853415e+00  4.824715e-03 
 7.853813e+00  4.797024e-03 
 7.854210e+00  4.769242e-03 
 7.854608e+00  4.741396e-03 
 7.855006e+00  4.713511e-03 
 7.855403e+00  4.685609e-03 
 7.855801e+00  4.657706e-03 
 7.856199e+00  4.629828e-03 
 7.856596e+00  4.601989e-03 
 7.856994e+00  4.574208e-03 
 7.857392e+00  4.546498e-03 
 7.857790e+00  4.518883e-03 
 7.858187e+00  4.491380e-03 
 7.858585e+00  4.464013e-03 
 7.858983e+00  4.436797e-03 
 7.859380e+00  4.409751e-03 
 7.859778e+00  4.382895e-03 
 7.860176e+00  4.356250e-03 
 7.860573e+00  4.329844e-03 
 7.860971e+00  4.303711e-03 
 7.861369e+00  4.277869e-03 
 7.861766e+00  4.252341e-03 
 7.862164e+00  4.227156e-03 
 7.862562e+00  4.202342e-03 
 7.862960e+00  4.177932e-03 
 7.863357e+00  4.153958e-03 
 7.863755e+00  4.130431e-03 
 7.864153e+00  4.107384e-03 
 7.864550e+00  4.084825e-03 
 7.864948e+00  4.062773e-03 
 7.865346e+00  4.041243e-03 
 7.865743e+00  4.020243e-03 
 7.866141e+00  3.999767e-03 
 7.866539e+00  3.979815e-03 
 7.866937e+00  3.960392e-03 
 7.867334e+00  3.941488e-03 
 7.867732e+00  3.923102e-03 
 7.868130e+00  3.905219e-03 
 7.868527e+00  3.887861e-03 
 7.868925e+00  3.871016e-03 
 7.869323e+00  3.854695e-03 
 7.869720e+00  3.838914e-03 
 7.870118e+00  3.823682e-03 
 7.870516e+00  3.809006e-03 
 7.870913e+00  3.794908e-03 
 7.871311e+00  3.781393e-03 
 7.871709e+00  3.768471e-03 
 7.872107e+00  3.756148e-03 
 7.872504e+00  3.744439e-03 
 7.872902e+00  3.733350e-03 
 7.873300e+00  3.722881e-03 
 7.873697e+00  3.713037e-03 
 7.874095e+00  3.703814e-03 
 7.874493e+00  3.695201e-03 
 7.874890e+00  3.687196e-03 
 7.875288e+00  3.679784e-03 
 7.875686e+00  3.672970e-03 
 7.876084e+00  3.666745e-03 
 7.876481e+00  3.661119e-03 
 7.876879e+00  3.656090e-03 
 7.877277e+00  3.651664e-03 
 7.877674e+00  3.647846e-03 
 7.878072e+00  3.644640e-03 
 7.878470e+00  3.642052e-03 
 7.878867e+00  3.640080e-03 
 7.879265e+00  3.638729e-03 
 7.879663e+00  3.638002e-03 
 7.880060e+00  3.637905e-03 
 7.880458e+00  3.638453e-03 
 7.880856e+00  3.639642e-03 
 7.881254e+00  3.641472e-03 
 7.881651e+00  3.643937e-03 
 7.882049e+00  3.647039e-03 
 7.882447e+00  3.650777e-03 
 7.882844e+00  3.655142e-03 
 7.883242e+00  3.660131e-03 
 7.883640e+00  3.665727e-03 
 7.884037e+00  3.671928e-03 
 7.884435e+00  3.678729e-03 
 7.884833e+00  3.686123e-03 
 7.885231e+00  3.694088e-03 
 7.885628e+00  3.702610e-03 
 7.886026e+00  3.711684e-03 
 7.886424e+00  3.721303e-03 
 7.886821e+00  3.731471e-03 
 7.887219e+00  3.742184e-03 
 7.887617e+00  3.753433e-03 
 7.888014e+00  3.765212e-03 
 7.888412e+00  3.777521e-03 
 7.888810e+00  3.790360e-03 
 7.889207e+00  3.803721e-03 
 7.889605e+00  3.817587e-03 
 7.890003e+00  3.831947e-03 
 7.890401e+00  3.846799e-03 
 7.890798e+00  3.862130e-03 
 7.891196e+00  3.877928e-03 
 7.891594e+00  3.894182e-03 
 7.891991e+00  3.910868e-03 
 7.892389e+00  3.927979e-03 
 7.892787e+00  3.945500e-03 
 7.893184e+00  3.963414e-03 
 7.893582e+00  3.981713e-03 
 7.893980e+00  4.000379e-03 
 7.894378e+00  4.019402e-03 
 7.894775e+00  4.038778e-03 
 7.895173e+00  4.058491e-03 
 7.895571e+00  4.078545e-03 
 7.895968e+00  4.098940e-03 
 7.896366e+00  4.119672e-03 
 7.896764e+00  4.140745e-03 
 7.897161e+00  4.162155e-03 
 7.897559e+00  4.183901e-03 
 7.897957e+00  4.205975e-03 
 7.898354e+00  4.228378e-03 
 7.898752e+00  4.251107e-03 
 7.899150e+00  4.274162e-03 
 7.899548e+00  4.297537e-03 
 7.899945e+00  4.321222e-03 
 7.900343e+00  4.345206e-03 
 7.900741e+00  4.369469e-03 
 7.901138e+00  4.393995e-03 
 7.901536e+00  4.418756e-03 
 7.901934e+00  4.443735e-03 
 7.902331e+00  4.468918e-03 
 7.902729e+00  4.494284e-03 
 7.903127e+00  4.519821e-03 
 7.903525e+00  4.545517e-03 
 7.903922e+00  4.571356e-03 
 7.904320e+00  4.597324e-03 
 7.904718e+00  4.623417e-03 
 7.905115e+00  4.649618e-03 
 7.905513e+00  4.675912e-03 
 7.905911e+00  4.702282e-03 
 7.906308e+00  4.728722e-03 
 7.906706e+00  4.755215e-03 
 7.907104e+00  4.781737e-03 
 7.907501e+00  4.808260e-03 
 7.907899e+00  4.834754e-03 
 7.908297e+00  4.861196e-03 
 7.908695e+00  4.887558e-03 
 7.909092e+00  4.913817e-03 
 7.909490e+00  4.939941e-03 
 7.909888e+00  4.965903e-03 
 7.910285e+00  4.991683e-03 
 7.910683e+00  5.017252e-03 
 7.911081e+00  5.042599e-03 
 7.911478e+00  5.067697e-03 
 7.911876e+00  5.092530e-03 
 7.912274e+00  5.117086e-03 
 7.912672e+00  5.141353e-03 
 7.913069e+00  5.165314e-03 
 7.913467e+00  5.188961e-03 
 7.913865e+00  5.212287e-03 
 7.914262e+00  5.235284e-03 
 7.914660e+00  5.257953e-03 
 7.915058e+00  5.280287e-03 
 7.915455e+00  5.302285e-03 
 7.915853e+00  5.323948e-03 
 7.916251e+00  5.345261e-03 
 7.916648e+00  5.366211e-03 
 7.917046e+00  5.386796e-03 
 7.917444e+00  5.407001e-03 
 7.917842e+00  5.426805e-03 
 7.918239e+00  5.446195e-03 
 7.918637e+00  5.465145e-03 
 7.919035e+00  5.483640e-03 
 7.919432e+00  5.501652e-03 
 7.919830e+00  5.519172e-03 
 7.920228e+00  5.536174e-03 
 7.920625e+00  5.552636e-03 
 7.921023e+00  5.568542e-03 
 7.921421e+00  5.583889e-03 
 7.921819e+00  5.598659e-03 
 7.922216e+00  5.612838e-03 
 7.922614e+00  5.626413e-03 
 7.923012e+00  5.639358e-03 
 7.923409e+00  5.651667e-03 
 7.923807e+00  5.663328e-03 
 7.924205e+00  5.674336e-03 
 7.924602e+00  5.684690e-03 
 7.925000e+00  5.694368e-03 
 7.925398e+00  5.703360e-03 
 7.925795e+00  5.711646e-03 
 7.926193e+00  5.719220e-03 
 7.926591e+00  5.726060e-03 
 7.926989e+00  5.732155e-03 
 7.927386e+00  5.737492e-03 
 7.927784e+00  5.742051e-03 
 7.928182e+00  5.745830e-03 
 7.928579e+00  5.748824e-03 
 7.928977e+00  5.751023e-03 
 7.929375e+00  5.752410e-03 
 7.929772e+00  5.752993e-03 
 7.930170e+00  5.752768e-03 
 7.930568e+00  5.751740e-03 
 7.930966e+00  5.749913e-03 
 7.931363e+00  5.747299e-03 
 7.931761e+00  5.743908e-03 
 7.932159e+00  5.739748e-03 
 7.932556e+00  5.734844e-03 
 7.932954e+00  5.729204e-03 
 7.933352e+00  5.722839e-03 
 7.933749e+00  5.715753e-03 
 7.934147e+00  5.707953e-03 
 7.934545e+00  5.699452e-03 
 7.934942e+00  5.690254e-03 
 7.935340e+00  5.680365e-03 
 7.935738e+00  5.669787e-03 
 7.936136e+00  5.658525e-03 
 7.936533e+00  5.646578e-03 
 7.936931e+00  5.633952e-03 
 7.937329e+00  5.620661e-03 
 7.937726e+00  5.606710e-03 
 7.938124e+00  5.592114e-03 
 7.938522e+00  5.576891e-03 
 7.938919e+00  5.561067e-03 
 7.939317e+00  5.544655e-03 
 7.939715e+00  5.527682e-03 
 7.940113e+00  5.510155e-03 
 7.940510e+00  5.492088e-03 
 7.940908e+00  5.473497e-03 
 7.941306e+00  5.454404e-03 
 7.941703e+00  5.434826e-03 
 7.942101e+00  5.414773e-03 
 7.942499e+00  5.394265e-03 
 7.942896e+00  5.373310e-03 
 7.943294e+00  5.351924e-03 
 7.943692e+00  5.330119e-03 
 7.944089e+00  5.307897e-03 
 7.944487e+00  5.285262e-03 
 7.944885e+00  5.262222e-03 
 7.945283e+00  5.238791e-03 
 7.945680e+00  5.214985e-03 
 7.946078e+00  5.190823e-03 
 7.946476e+00  5.166321e-03 
 7.946873e+00  5.141491e-03 
 7.947271e+00  5.116354e-03 
 7.947669e+00  5.090932e-03 
 7.948066e+00  5.065246e-03 
 7.948464e+00  5.039325e-03 
 7.948862e+00  5.013182e-03 
 7.949260e+00  4.986850e-03 
 7.949657e+00  4.960350e-03 
 7.950055e+00  4.933710e-03 
 7.950453e+00  4.906964e-03 
 7.950850e+00  4.880129e-03 
 7.951248e+00  4.853225e-03 
 7.951646e+00  4.826267e-03 
 7.952043e+00  4.799272e-03 
 7.952441e+00  4.772261e-03 
 7.952839e+00  4.745242e-03 
 7.953236e+00  4.718233e-03 
 7.953634e+00  4.691247e-03 
 7.954032e+00  4.664301e-03 
 7.954430e+00  4.637411e-03 
 7.954827e+00  4.610596e-03 
 7.955225e+00  4.583878e-03 
 7.955623e+00  4.557268e-03 
 7.956020e+00  4.530780e-03 
 7.956418e+00  4.504443e-03 
 7.956816e+00  4.478276e-03 
 7.957213e+00  4.452300e-03 
 7.957611e+00  4.426538e-03 
 7.958009e+00  4.401014e-03 
 7.958407e+00  4.375756e-03 
 7.958804e+00  4.350771e-03 
 7.959202e+00  4.326083e-03 
 7.959600e+00  4.301706e-03 
 7.959997e+00  4.277651e-03 
 7.960395e+00  4.253926e-03 
 7.960793e+00  4.230545e-03 
 7.961190e+00  4.207515e-03 
 7.961588e+00  4.184845e-03 
 7.961986e+00  4.162529e-03 
 7.962383e+00  4.140573e-03 
 7.962781e+00  4.118975e-03 
 7.963179e+00  4.097736e-03 
 7.963577e+00  4.076867e-03 
 7.963974e+00  4.056383e-03 
 7.964372e+00  4.036286e-03 
 7.964770e+00  4.016577e-03 
 7.965167e+00  3.997279e-03 
 7.965565e+00  3.978404e-03 
 7.965963e+00  3.959965e-03 
 7.966360e+00  3.941988e-03 
 7.966758e+00  3.924477e-03 
 7.967156e+00  3.907452e-03 
 7.967554e+00  3.890934e-03 
 7.967951e+00  3.874914e-03 
 7.968349e+00  3.859428e-03 
 7.968747e+00  3.844449e-03 
 7.969144e+00  3.829991e-03 
 7.969542e+00  3.816048e-03 
 7.969940e+00  3.802622e-03 
 7.970337e+00  3.789715e-03 
 7.970735e+00  3.777330e-03 
 7.971133e+00  3.765460e-03 
 7.971530e+00  3.754108e-03 
 7.971928e+00  3.743277e-03 
 7.972326e+00  3.732970e-03 
 7.972724e+00  3.723202e-03 
 7.973121e+00  3.713969e-03 
 7.973519e+00  3.705277e-03 
 7.973917e+00  3.697151e-03 
 7.974314e+00  3.689586e-03 
 7.974712e+00  3.682599e-03 
 7.975110e+00  3.676189e-03 
 7.975507e+00  3.670366e-03 
 7.975905e+00  3.665143e-03 
 7.976303e+00  3.660525e-03 
 7.976701e+00  3.656525e-03 
 7.977098e+00  3.653143e-03 
 7.977496e+00  3.650379e-03 
 7.977894e+00  3.648228e-03 
 7.978291e+00  3.646695e-03 
 7.978689e+00  3.645778e-03 
 7.979087e+00  3.645479e-03 
 7.979484e+00  3.645786e-03 
 7.979882e+00  3.646693e-03 
 7.980280e+00  3.648204e-03 
 7.980677e+00  3.650305e-03 
 7.981075e+00  3.652992e-03 
 7.981473e+00  3.656263e-03 
 7.981871e+00  3.660108e-03 
 7.982268e+00  3.664525e-03 
 7.982666e+00  3.669519e-03 
 7.983064e+00  3.675099e-03 
 7.983461e+00  3.681256e-03 
 7.983859e+00  3.687985e-03 
 7.984257e+00  3.695286e-03 
 7.984654e+00  3.703164e-03 
 7.985052e+00  3.711618e-03 
 7.985450e+00  3.720641e-03 
 7.985848e+00  3.730232e-03 
 7.986245e+00  3.740388e-03 
 7.986643e+00  3.751095e-03 
 7.987041e+00  3.762357e-03 
 7.987438e+00  3.774173e-03 
 7.987836e+00  3.786531e-03 
 7.988234e+00  3.799417e-03 
 7.988631e+00  3.812819e-03 
 7.989029e+00  3.826741e-03 
 7.989427e+00  3.841184e-03 
 7.989824e+00  3.856140e-03 
 7.990222e+00  3.871613e-03 
 7.990620e+00  3.887609e-03 
 7.991018e+00  3.904122e-03 
 7.991415e+00  3.921147e-03 
 7.991813e+00  3.938693e-03 
 7.992211e+00  3.956756e-03 
 7.992608e+00  3.975336e-03 
 7.993006e+00  3.994439e-03 
 7.993404e+00  4.014062e-03 
 7.993801e+00  4.034208e-03 
 7.994199e+00  4.054876e-03 
 7.994597e+00  4.076062e-03 
 7.994995e+00  4.097750e-03 
 7.995392e+00  4.119913e-03 
 7.995790e+00  4.142531e-03 
 7.996188e+00  4.165577e-03 
 7.996585e+00  4.189032e-03 
 7.996983e+00  4.212868e-03 
 7.997381e+00  4.237067e-03 
 7.997778e+00  4.261603e-03 
 7.998176e+00  4.286453e-03 
 7.998574e+00  4.311598e-03 
 7.998971e+00  4.337022e-03 
 7.999369e+00  4.362699e-03 
 7.999767e+00  4.388614e-03 
 8.000165e+00  4.414744e-03 
 8.000562e+00  4.441076e-03 
 8.000960e+00  4.467597e-03 
 8.001358e+00  4.494290e-03 
 8.001755e+00  4.521141e-03 
 8.002153e+00  4.548140e-03 
 8.002551e+00  4.575262e-03 
 8.002948e+00  4.602487e-03 
 8.003346e+00  4.629794e-03 
 8.003744e+00  4.657159e-03 
 8.004142e+00  4.684555e-03 
 8.004539e+00  4.711958e-03 
 8.004937e+00  4.739355e-03 
 8.005335e+00  4.766730e-03 
 8.005732e+00  4.794063e-03 
 8.006130e+00  4.821336e-03 
 8.006528e+00  4.848527e-03 
 8.006925e+00  4.875621e-03 
 8.007323e+00  4.902602e-03 
 8.007721e+00  4.929451e-03 
 8.008118e+00  4.956155e-03 
 8.008516e+00  4.982698e-03 
 8.008914e+00  5.009070e-03 
 8.009312e+00  5.035266e-03 
 8.009709e+00  5.061280e-03 
 8.010107e+00  5.087097e-03 
 8.010505e+00  5.112702e-03 
 8.010902e+00  5.138078e-03 
 8.011300e+00  5.163216e-03 
 8.011698e+00  5.188093e-03 
 8.012095e+00  5.212690e-03 
 8.012493e+00  5.236979e-03 
 8.012891e+00  5.260937e-03 
 8.013289e+00  5.284528e-03 
 8.013686e+00  5.307734e-03 
 8.014084e+00  5.330525e-03 
 8.014482e+00  5.352870e-03 
 8.014879e+00  5.374736e-03 
 8.015277e+00  5.396102e-03 
 8.015675e+00  5.416952e-03 
 8.016072e+00  5.437251e-03 
 8.016470e+00  5.457003e-03 
 8.016868e+00  5.476174e-03 
 8.017265e+00  5.494755e-03 
 8.017663e+00  5.512737e-03 
 8.018061e+00  5.530110e-03 
 8.018459e+00  5.546875e-03 
 8.018856e+00  5.563015e-03 
 8.019254e+00  5.578537e-03 
 8.019652e+00  5.593423e-03 
 8.020049e+00  5.607666e-03 
 8.020447e+00  5.621256e-03 
 8.020845e+00  5.634182e-03 
 8.021242e+00  5.646427e-03 
 8.021640e+00  5.657996e-03 
 8.022038e+00  5.668866e-03 
 8.022436e+00  5.679047e-03 
 8.022833e+00  5.688513e-03 
 8.023231e+00  5.697260e-03 
 8.023629e+00  5.705274e-03 
 8.024026e+00  5.712544e-03 
 8.024424e+00  5.719060e-03 
 8.024822e+00  5.724821e-03 
 8.025219e+00  5.729820e-03 
 8.025617e+00  5.734055e-03 
 8.026015e+00  5.737526e-03 
 8.026412e+00  5.740239e-03 
 8.026810e+00  5.742201e-03 
 8.027208e+00  5.743422e-03 
 8.027606e+00  5.743905e-03 
 8.028003e+00  5.743659e-03 
 8.028401e+00  5.742693e-03 
 8.028799e+00  5.741010e-03 
 8.029196e+00  5.738615e-03 
 8.029594e+00  5.735507e-03 
 8.029992e+00  5.731693e-03 
 8.030389e+00  5.727175e-03 
 8.030787e+00  5.721955e-03 
 8.031185e+00  5.716026e-03 
 8.031583e+00  5.709399e-03 
 8.031980e+00  5.702068e-03 
 8.032378e+00  5.694035e-03 
 8.032776e+00  5.685322e-03 
 8.033173e+00  5.675934e-03 
 8.033571e+00  5.665887e-03 
 8.033969e+00  5.655194e-03 
 8.034366e+00  5.643877e-03 
 8.034764e+00  5.631953e-03 
 8.035162e+00  5.619437e-03 
 8.035559e+00  5.606345e-03 
 8.035957e+00  5.592686e-03 
 8.036355e+00  5.578488e-03 
 8.036753e+00  5.563762e-03 
 8.037150e+00  5.548523e-03 
 8.037548e+00  5.532783e-03 
 8.037946e+00  5.516540e-03 
 8.038343e+00  5.499811e-03 
 8.038741e+00  5.482596e-03 
 8.039139e+00  5.464910e-03 
 8.039536e+00  5.446747e-03 
 8.039934e+00  5.428106e-03 
 8.040332e+00  5.408993e-03 
 8.040730e+00  5.389416e-03 
 8.041127e+00  5.369391e-03 
 8.041525e+00  5.348918e-03 
 8.041923e+00  5.328000e-03 
 8.042320e+00  5.306662e-03 
 8.042718e+00  5.284904e-03 
 8.043116e+00  5.262763e-03 
 8.043513e+00  5.240243e-03 
 8.043911e+00  5.217368e-03 
 8.044309e+00  5.194153e-03 
 8.044706e+00  5.170626e-03 
 8.045104e+00  5.146806e-03 
 8.045502e+00  5.122722e-03 
 8.045900e+00  5.098401e-03 
 8.046297e+00  5.073856e-03 
 8.046695e+00  5.049110e-03 
 8.047093e+00  5.024184e-03 
 8.047490e+00  4.999092e-03 
 8.047888e+00  4.973853e-03 
 8.048286e+00  4.948477e-03 
 8.048683e+00  4.922985e-03 
 8.049081e+00  4.897398e-03 
 8.049479e+00  4.871737e-03 
 8.049877e+00  4.846016e-03 
 8.050274e+00  4.820249e-03 
 8.050672e+00  4.794463e-03 
 8.051070e+00  4.768678e-03 
 8.051467e+00  4.742906e-03 
 8.051865e+00  4.717174e-03 
 8.052263e+00  4.691489e-03 
 8.052660e+00  4.665873e-03 
 8.053058e+00  4.640347e-03 
 8.053456e+00  4.614928e-03 
 8.053853e+00  4.589629e-03 
 8.054251e+00  4.564466e-03 
 8.054649e+00  4.539438e-03 
 8.055047e+00  4.514557e-03 
 8.055444e+00  4.489826e-03 
 8.055842e+00  4.465255e-03 
 8.056240e+00  4.440839e-03 
 8.056637e+00  4.416579e-03 
 8.057035e+00  4.392490e-03 
 8.057433e+00  4.368562e-03 
 8.057830e+00  4.344796e-03 
 8.058228e+00  4.321197e-03 
 8.058626e+00  4.297770e-03 
 8.059024e+00  4.274514e-03 
 8.059421e+00  4.251433e-03 
 8.059819e+00  4.228549e-03 
 8.060217e+00  4.205874e-03 
 8.060614e+00  4.183424e-03 
 8.061012e+00  4.161222e-03 
 8.061410e+00  4.139302e-03 
 8.061807e+00  4.117672e-03 
 8.062205e+00  4.096363e-03 
 8.062603e+00  4.075391e-03 
 8.063000e+00  4.054781e-03 
 8.063398e+00  4.034547e-03 
 8.063796e+00  4.014700e-03 
 8.064194e+00  3.995255e-03 
 8.064591e+00  3.976220e-03 
 8.064989e+00  3.957600e-03 
 8.065387e+00  3.939403e-03 
 8.065784e+00  3.921646e-03 
 8.066182e+00  3.904318e-03 
 8.066580e+00  3.887432e-03 
 8.066977e+00  3.871005e-03 
 8.067375e+00  3.855043e-03 
 8.067773e+00  3.839560e-03 
 8.068171e+00  3.824557e-03 
 8.068568e+00  3.810043e-03 
 8.068966e+00  3.796027e-03 
 8.069364e+00  3.782523e-03 
 8.069761e+00  3.769550e-03 
 8.070159e+00  3.757110e-03 
 8.070557e+00  3.745226e-03 
 8.070954e+00  3.733901e-03 
 8.071352e+00  3.723151e-03 
 8.071750e+00  3.712981e-03 
 8.072147e+00  3.703397e-03 
 8.072545e+00  3.694397e-03 
 8.072943e+00  3.685989e-03 
 8.073341e+00  3.678174e-03 
 8.073738e+00  3.670961e-03 
 8.074136e+00  3.664350e-03 
 8.074534e+00  3.658350e-03 
 8.074931e+00  3.652961e-03 
 8.075329e+00  3.648174e-03 
 8.075727e+00  3.643992e-03 
 8.076124e+00  3.640416e-03 
 8.076522e+00  3.637442e-03 
 8.076920e+00  3.635065e-03 
 8.077318e+00  3.633297e-03 
 8.077715e+00  3.632144e-03 
 8.078113e+00  3.631612e-03 
 8.078511e+00  3.631712e-03 
 8.078908e+00  3.632450e-03 
 8.079306e+00  3.633833e-03 
 8.079704e+00  3.635862e-03 
 8.080101e+00  3.638548e-03 
 8.080499e+00  3.641897e-03 
 8.080897e+00  3.645905e-03 
 8.081294e+00  3.650569e-03 
 8.081692e+00  3.655884e-03 
 8.082090e+00  3.661862e-03 
 8.082488e+00  3.668496e-03 
 8.082885e+00  3.675788e-03 
 8.083283e+00  3.683724e-03 
 8.083681e+00  3.692293e-03 
 8.084078e+00  3.701491e-03 
 8.084476e+00  3.711317e-03 
 8.084874e+00  3.721770e-03 
 8.085271e+00  3.732847e-03 
 8.085669e+00  3.744538e-03 
 8.086067e+00  3.756850e-03 
 8.086465e+00  3.769786e-03 
 8.086862e+00  3.783349e-03 
 8.087260e+00  3.797537e-03 
 8.087658e+00  3.812346e-03 
 8.088055e+00  3.827774e-03 
 8.088453e+00  3.843827e-03 
 8.088851e+00  3.860506e-03 
 8.089248e+00  3.877812e-03 
 8.089646e+00  3.895738e-03 
 8.090044e+00  3.914264e-03 
 8.090441e+00  3.933384e-03 
 8.090839e+00  3.953078e-03 
 8.091237e+00  3.973322e-03 
 8.091635e+00  3.994098e-03 
 8.092032e+00  4.015378e-03 
 8.092430e+00  4.037148e-03 
 8.092828e+00  4.059382e-03 
 8.093225e+00  4.082062e-03 
 8.093623e+00  4.105166e-03 
 8.094021e+00  4.128671e-03 
 8.094418e+00  4.152553e-03 
 8.094816e+00  4.176802e-03 
 8.095214e+00  4.201406e-03 
 8.095612e+00  4.226344e-03 
 8.096009e+00  4.251602e-03 
 8.096407e+00  4.277172e-03 
 8.096805e+00  4.303031e-03 
 8.097202e+00  4.329167e-03 
 8.097600e+00  4.355552e-03 
 8.097998e+00  4.382173e-03 
 8.098395e+00  4.409001e-03 
 8.098793e+00  4.436010e-03 
 8.099191e+00  4.463184e-03 
 8.099588e+00  4.490498e-03 
 8.099986e+00  4.517929e-03 
 8.100384e+00  4.545457e-03 
 8.100782e+00  4.573061e-03 
 8.101179e+00  4.600720e-03 
 8.101577e+00  4.628416e-03 
 8.101975e+00  4.656134e-03 
 8.102372e+00  4.683858e-03 
 8.102770e+00  4.711573e-03 
 8.103168e+00  4.739258e-03 
 8.103565e+00  4.766900e-03 
 8.103963e+00  4.794487e-03 
 8.104361e+00  4.822008e-03 
 8.104759e+00  4.849455e-03 
 8.105156e+00  4.876816e-03 
 8.105554e+00  4.904073e-03 
 8.105952e+00  4.931211e-03 
 8.106349e+00  4.958217e-03 
 8.106747e+00  4.985075e-03 
 8.107145e+00  5.011759e-03 
 8.107542e+00  5.038249e-03 
 8.107940e+00  5.064514e-03 
 8.108338e+00  5.090532e-03 
 8.108735e+00  5.116273e-03 
 8.109133e+00  5.141713e-03 
 8.109531e+00  5.166813e-03 
 8.109929e+00  5.191548e-03 
 8.110326e+00  5.215882e-03 
 8.110724e+00  5.239798e-03 
 8.111122e+00  5.263274e-03 
 8.111519e+00  5.286281e-03 
 8.111917e+00  5.308810e-03 
 8.112315e+00  5.330841e-03 
 8.112712e+00  5.352359e-03 
 8.113110e+00  5.373363e-03 
 8.113508e+00  5.393839e-03 
 8.113906e+00  5.413784e-03 
 8.114303e+00  5.433175e-03 
 8.114701e+00  5.452022e-03 
 8.115099e+00  5.470302e-03 
 8.115496e+00  5.488019e-03 
 8.115894e+00  5.505161e-03 
 8.116292e+00  5.521710e-03 
 8.116689e+00  5.537657e-03 
 8.117087e+00  5.552990e-03 
 8.117485e+00  5.567708e-03 
 8.117882e+00  5.581797e-03 
 8.118280e+00  5.595243e-03 
 8.118678e+00  5.608027e-03 
 8.119076e+00  5.620142e-03 
 8.119473e+00  5.631576e-03 
 8.119871e+00  5.642329e-03 
 8.120269e+00  5.652393e-03 
 8.120666e+00  5.661772e-03 
 8.121064e+00  5.670456e-03 
 8.121462e+00  5.678457e-03 
 8.121859e+00  5.685783e-03 
 8.122257e+00  5.692437e-03 
 8.122655e+00  5.698424e-03 
 8.123053e+00  5.703749e-03 
 8.123450e+00  5.708422e-03 
 8.123848e+00  5.712432e-03 
 8.124246e+00  5.715796e-03 
 8.124643e+00  5.718500e-03 
 8.125041e+00  5.720541e-03 
 8.125439e+00  5.721917e-03 
 8.125836e+00  5.722628e-03 
 8.126234e+00  5.722677e-03 
 8.126632e+00  5.722058e-03 
 8.127029e+00  5.720766e-03 
 8.127427e+00  5.718796e-03 
 8.127825e+00  5.716145e-03 
 8.128223e+00  5.712827e-03 
 8.128620e+00  5.708850e-03 
 8.129018e+00  5.704215e-03 
 8.129416e+00  5.698929e-03 
 8.129813e+00  5.693006e-03 
 8.130211e+00  5.686450e-03 
 8.130609e+00  5.679276e-03 
 8.131006e+00  5.671492e-03 
 8.131404e+00  5.663104e-03 
 8.131802e+00  5.654117e-03 
 8.132200e+00  5.644527e-03 
 8.132597e+00  5.634351e-03 
 8.132995e+00  5.623596e-03 
 8.133393e+00  5.612263e-03 
 8.133790e+00  5.600359e-03 
 8.134188e+00  5.587888e-03 
 8.134586e+00  5.574859e-03 
 8.134983e+00  5.561267e-03 
 8.135381e+00  5.547132e-03 
 8.135779e+00  5.532447e-03 
 8.136176e+00  5.517213e-03 
 8.136574e+00  5.501440e-03 
 8.136972e+00  5.485134e-03 
 8.137370e+00  5.468316e-03 
 8.137767e+00  5.450993e-03 
 8.138165e+00  5.433179e-03 
 8.138563e+00  5.414889e-03 
 8.138960e+00  5.396141e-03 
 8.139358e+00  5.376959e-03 
 8.139756e+00  5.357365e-03 
 8.140153e+00  5.337370e-03 
 8.140551e+00  5.317009e-03 
 8.140949e+00  5.296292e-03 
 8.141347e+00  5.275252e-03 
 8.141744e+00  5.253902e-03 
 8.142142e+00  5.232257e-03 
 8.142540e+00  5.210323e-03 
 8.142937e+00  5.188113e-03 
 8.143335e+00  5.165646e-03 
 8.143733e+00  5.142930e-03 
 8.144130e+00  5.119982e-03 
 8.144528e+00  5.096802e-03 
 8.144926e+00  5.073407e-03 
 8.145323e+00  5.049810e-03 
 8.145721e+00  5.026022e-03 
 8.146119e+00  5.002050e-03 
 8.146517e+00  4.977908e-03 
 8.146914e+00  4.953606e-03 
 8.147312e+00  4.929160e-03 
 8.147710e+00  4.904582e-03 
 8.148107e+00  4.879886e-03 
 8.148505e+00  4.855089e-03 
 8.148903e+00  4.830195e-03 
 8.149300e+00  4.805211e-03 
 8.149698e+00  4.780153e-03 
 8.150096e+00  4.755027e-03 
 8.150494e+00  4.729846e-03 
 8.150891e+00  4.704609e-03 
 8.151289e+00  4.679329e-03 
 8.151687e+00  4.654004e-03 
 8.152084e+00  4.628645e-03 
 8.152482e+00  4.603256e-03 
 8.152880e+00  4.577849e-03 
 8.153277e+00  4.552416e-03 
 8.153675e+00  4.526963e-03 
 8.154073e+00  4.501511e-03 
 8.154470e+00  4.476075e-03 
 8.154868e+00  4.450673e-03 
 8.155266e+00  4.425332e-03 
 8.155664e+00  4.400074e-03 
 8.156061e+00  4.374922e-03 
 8.156459e+00  4.349907e-03 
 8.156857e+00  4.325067e-03 
 8.157254e+00  4.300422e-03 
 8.157652e+00  4.276001e-03 
 8.158050e+00  4.251830e-03 
 8.158447e+00  4.227933e-03 
 8.158845e+00  4.204327e-03 
 8.159243e+00  4.181038e-03 
 8.159641e+00  4.158084e-03 
 8.160038e+00  4.135476e-03 
 8.160436e+00  4.113213e-03 
 8.160834e+00  4.091312e-03 
 8.161231e+00  4.069791e-03 
 8.161629e+00  4.048655e-03 
 8.162027e+00  4.027910e-03 
 8.162424e+00  4.007565e-03 
 8.162822e+00  3.987623e-03 
 8.163220e+00  3.968092e-03 
 8.163617e+00  3.948978e-03 
 8.164015e+00  3.930302e-03 
 8.164413e+00  3.912069e-03 
 8.164811e+00  3.894276e-03 
 8.165208e+00  3.876942e-03 
 8.165606e+00  3.860083e-03 
 8.166004e+00  3.843713e-03 
 8.166401e+00  3.827836e-03 
 8.166799e+00  3.812453e-03 
 8.167197e+00  3.797571e-03 
 8.167594e+00  3.783205e-03 
 8.167992e+00  3.769364e-03 
 8.168390e+00  3.756050e-03 
 8.168788e+00  3.743276e-03 
 8.169185e+00  3.731047e-03 
 8.169583e+00  3.719364e-03 
 8.169981e+00  3.708237e-03 
 8.170378e+00  3.697669e-03 
 8.170776e+00  3.687661e-03 
 8.171174e+00  3.678207e-03 
 8.171571e+00  3.669322e-03 
 8.171969e+00  3.661020e-03 
 8.172367e+00  3.653310e-03 
 8.172764e+00  3.646204e-03 
 8.173162e+00  3.639715e-03 
 8.173560e+00  3.633865e-03 
 8.173958e+00  3.628662e-03 
 8.174355e+00  3.624131e-03 
 8.174753e+00  3.620285e-03 
 8.175151e+00  3.617137e-03 
 8.175548e+00  3.614693e-03 
 8.175946e+00  3.612963e-03 
 8.176344e+00  3.611959e-03 
 8.176741e+00  3.611686e-03 
 8.177139e+00  3.612147e-03 
 8.177537e+00  3.613344e-03 
 8.177935e+00  3.615276e-03 
 8.178332e+00  3.617937e-03 
 8.178730e+00  3.621331e-03 
 8.179128e+00  3.625451e-03 
 8.179525e+00  3.630283e-03 
 8.179923e+00  3.635825e-03 
 8.180321e+00  3.642071e-03 
 8.180718e+00  3.649020e-03 
 8.181116e+00  3.656676e-03 
 8.181514e+00  3.665032e-03 
 8.181911e+00  3.674078e-03 
 8.182309e+00  3.683813e-03 
 8.182707e+00  3.694236e-03 
 8.183105e+00  3.705352e-03 
 8.183502e+00  3.717160e-03 
 8.183900e+00  3.729657e-03 
 8.184298e+00  3.742835e-03 
 8.184695e+00  3.756687e-03 
 8.185093e+00  3.771207e-03 
 8.185491e+00  3.786384e-03 
 8.185888e+00  3.802199e-03 
 8.186286e+00  3.818624e-03 
 8.186684e+00  3.835640e-03 
 8.187082e+00  3.853221e-03 
 8.187479e+00  3.871352e-03 
 8.187877e+00  3.890017e-03 
 8.188275e+00  3.909178e-03 
 8.188672e+00  3.928824e-03 
 8.189070e+00  3.948940e-03 
 8.189468e+00  3.969516e-03 
 8.189865e+00  3.990544e-03 
 8.190263e+00  4.012013e-03 
 8.190661e+00  4.033917e-03 
 8.191058e+00  4.056242e-03 
 8.191456e+00  4.078982e-03 
 8.191854e+00  4.102122e-03 
 8.192252e+00  4.125652e-03 
 8.192649e+00  4.149558e-03 
 8.193047e+00  4.173819e-03 
 8.193445e+00  4.198421e-03 
 8.193842e+00  4.223337e-03 
 8.194240e+00  4.248557e-03 
 8.194638e+00  4.274060e-03 
 8.195035e+00  4.299820e-03 
 8.195433e+00  4.325822e-03 
 8.195831e+00  4.352042e-03 
 8.196229e+00  4.378471e-03 
 8.196626e+00  4.405094e-03 
 8.197024e+00  4.431895e-03 
 8.197422e+00  4.458855e-03 
 8.197819e+00  4.485958e-03 
 8.198217e+00  4.513187e-03 
 8.198615e+00  4.540529e-03 
 8.199012e+00  4.567974e-03 
 8.199410e+00  4.595498e-03 
 8.199808e+00  4.623082e-03 
 8.200205e+00  4.650714e-03 
 8.200603e+00  4.678375e-03 
 8.201001e+00  4.706051e-03 
 8.201399e+00  4.733723e-03 
 8.201796e+00  4.761371e-03 
 8.202194e+00  4.788973e-03 
 8.202592e+00  4.816503e-03 
 8.202989e+00  4.843949e-03 
 8.203387e+00  4.871290e-03 
 8.203785e+00  4.898488e-03 
 8.204182e+00  4.925509e-03 
 8.204580e+00  4.952316e-03 
 8.204978e+00  4.978884e-03 
 8.205376e+00  5.005183e-03 
 8.205773e+00  5.031184e-03 
 8.206171e+00  5.056860e-03 
 8.206569e+00  5.082194e-03 
 8.206966e+00  5.107170e-03 
 8.207364e+00  5.131778e-03 
 8.207762e+00  5.156008e-03 
 8.208159e+00  5.179844e-03 
 8.208557e+00  5.203272e-03 
 8.208955e+00  5.226287e-03 
 8.209352e+00  5.248881e-03 
 8.209750e+00  5.271053e-03 
 8.210148e+00  5.292786e-03 
 8.210546e+00  5.314073e-03 
 8.210943e+00  5.334905e-03 
 8.211341e+00  5.355281e-03 
 8.211739e+00  5.375194e-03 
 8.212136e+00  5.394629e-03 
 8.212534e+00  5.413578e-03 
 8.212932e+00  5.432022e-03 
 8.213329e+00  5.449954e-03 
 8.213727e+00  5.467362e-03 
 8.214125e+00  5.484244e-03 
 8.214523e+00  5.500586e-03 
 8.214920e+00  5.516367e-03 
 8.215318e+00  5.531584e-03 
 8.215716e+00  5.546239e-03 
 8.216113e+00  5.560318e-03 
 8.216511e+00  5.573826e-03 
 8.216909e+00  5.586763e-03 
 8.217306e+00  5.599119e-03 
 8.217704e+00  5.610886e-03 
 8.218102e+00  5.622066e-03 
 8.218499e+00  5.632657e-03 
 8.218897e+00  5.642658e-03 
 8.219295e+00  5.652052e-03 
 8.219693e+00  5.660836e-03 
 8.220090e+00  5.669009e-03 
 8.220488e+00  5.676552e-03 
 8.220886e+00  5.683457e-03 
 8.221283e+00  5.689714e-03 
 8.221681e+00  5.695300e-03 
 8.222079e+00  5.700210e-03 
 8.222476e+00  5.704444e-03 
 8.222874e+00  5.707988e-03 
 8.223272e+00  5.710843e-03 
 8.223670e+00  5.713004e-03 
 8.224067e+00  5.714470e-03 
 8.224465e+00  5.715252e-03 
 8.224863e+00  5.715351e-03 
 8.225260e+00  5.714778e-03 
 8.225658e+00  5.713543e-03 
 8.226056e+00  5.711644e-03 
 8.226453e+00  5.709089e-03 
 8.226851e+00  5.705889e-03 
 8.227249e+00  5.702051e-03 
 8.227646e+00  5.697577e-03 
 8.228044e+00  5.692469e-03 
 8.228442e+00  5.686735e-03 
 8.228840e+00  5.680385e-03 
 8.229237e+00  5.673419e-03 
 8.229635e+00  5.665848e-03 
 8.230033e+00  5.657678e-03 
 8.230430e+00  5.648910e-03 
 8.230828e+00  5.639547e-03 
 8.231226e+00  5.629591e-03 
 8.231623e+00  5.619050e-03 
 8.232021e+00  5.607938e-03 
 8.232419e+00  5.596262e-03 
 8.232817e+00  5.584025e-03 
 8.233214e+00  5.571236e-03 
 8.233612e+00  5.557904e-03 
 8.234010e+00  5.544039e-03 
 8.234407e+00  5.529662e-03 
 8.234805e+00  5.514791e-03 
 8.235203e+00  5.499431e-03 
 8.235600e+00  5.483600e-03 
 8.235998e+00  5.467310e-03 
 8.236396e+00  5.450582e-03 
 8.236793e+00  5.433428e-03 
 8.237191e+00  5.415850e-03 
 8.237589e+00  5.397850e-03 
 8.237987e+00  5.379441e-03 
 8.238384e+00  5.360635e-03 
 8.238782e+00  5.341443e-03 
 8.239180e+00  5.321860e-03 
 8.239577e+00  5.301893e-03 
 8.239975e+00  5.281543e-03 
 8.240373e+00  5.260816e-03 
 8.240770e+00  5.239731e-03 
 8.241168e+00  5.218287e-03 
 8.241566e+00  5.196496e-03 
 8.241964e+00  5.174369e-03 
 8.242361e+00  5.151922e-03 
 8.242759e+00  5.129173e-03 
 8.243157e+00  5.106119e-03 
 8.243554e+00  5.082781e-03 
 8.243952e+00  5.059168e-03 
 8.244350e+00  5.035300e-03 
 8.244747e+00  5.011195e-03 
 8.245145e+00  4.986874e-03 
 8.245543e+00  4.962345e-03 
 8.245940e+00  4.937613e-03 
 8.246338e+00  4.912694e-03 
 8.246736e+00  4.887599e-03 
 8.247134e+00  4.862339e-03 
 8.247531e+00  4.836918e-03 
 8.247929e+00  4.811345e-03 
 8.248327e+00  4.785636e-03 
 8.248724e+00  4.759800e-03 
 8.249122e+00  4.733855e-03 
 8.249520e+00  4.707812e-03 
 8.249917e+00  4.681681e-03 
 8.250315e+00  4.655484e-03 
 8.250713e+00  4.629242e-03 
 8.251111e+00  4.602990e-03 
 8.251508e+00  4.576752e-03 
 8.251906e+00  4.550548e-03 
 8.252304e+00  4.524403e-03 
 8.252701e+00  4.498342e-03 
 8.253099e+00  4.472391e-03 
 8.253497e+00  4.446576e-03 
 8.253894e+00  4.420911e-03 
 8.254292e+00  4.395417e-03 
 8.254690e+00  4.370103e-03 
 8.255087e+00  4.344978e-03 
 8.255485e+00  4.320057e-03 
 8.255883e+00  4.295347e-03 
 8.256281e+00  4.270854e-03 
 8.256678e+00  4.246580e-03 
 8.257076e+00  4.222542e-03 
 8.257474e+00  4.198754e-03 
 8.257871e+00  4.175228e-03 
 8.258269e+00  4.151981e-03 
 8.258667e+00  4.129027e-03 
 8.259064e+00  4.106379e-03 
 8.259462e+00  4.084053e-03 
 8.259860e+00  4.062058e-03 
 8.260257e+00  4.040418e-03 
 8.260655e+00  4.019150e-03 
 8.261053e+00  3.998261e-03 
 8.261451e+00  3.977762e-03 
 8.261848e+00  3.957672e-03 
 8.262246e+00  3.938000e-03 
 8.262644e+00  3.918766e-03 
 8.263041e+00  3.899975e-03 
 8.263439e+00  3.881654e-03 
 8.263837e+00  3.863823e-03 
 8.264234e+00  3.846477e-03 
 8.264632e+00  3.829640e-03 
 8.265030e+00  3.813318e-03 
 8.265428e+00  3.797510e-03 
 8.265825e+00  3.782219e-03 
 8.266223e+00  3.767465e-03 
 8.266621e+00  3.753255e-03 
 8.267018e+00  3.739615e-03 
 8.267416e+00  3.726551e-03 
 8.267814e+00  3.714083e-03 
 8.268211e+00  3.702224e-03 
 8.268609e+00  3.690984e-03 
 8.269007e+00  3.680382e-03 
 8.269404e+00  3.670433e-03 
 8.269802e+00  3.661145e-03 
 8.270200e+00  3.652543e-03 
 8.270598e+00  3.644638e-03 
 8.270995e+00  3.637446e-03 
 8.271393e+00  3.630977e-03 
 8.271791e+00  3.625235e-03 
 8.272188e+00  3.620224e-03 
 8.272586e+00  3.615941e-03 
 8.272984e+00  3.612388e-03 
 8.273381e+00  3.609564e-03 
 8.273779e+00  3.607468e-03 
 8.274177e+00  3.606091e-03 
 8.274575e+00  3.605431e-03 
 8.274972e+00  3.605485e-03 
 8.275370e+00  3.606246e-03 
 8.275768e+00  3.607711e-03 
 8.276165e+00  3.609881e-03 
 8.276563e+00  3.612749e-03 
 8.276961e+00  3.616317e-03 
 8.277358e+00  3.620579e-03 
 8.277756e+00  3.625539e-03 
 8.278154e+00  3.631192e-03 
 8.278551e+00  3.637530e-03 
 8.278949e+00  3.644553e-03 
 8.279347e+00  3.652264e-03 
 8.279745e+00  3.660662e-03 
 8.280142e+00  3.669744e-03 
 8.280540e+00  3.679498e-03 
 8.280938e+00  3.689916e-03 
 8.281335e+00  3.700986e-03 
 8.281733e+00  3.712688e-03 
 8.282131e+00  3.725009e-03 
 8.282528e+00  3.737943e-03 
 8.282926e+00  3.751473e-03 
 8.283324e+00  3.765586e-03 
 8.283722e+00  3.780280e-03 
 8.284119e+00  3.795551e-03 
 8.284517e+00  3.811387e-03 
 8.284915e+00  3.827775e-03 
 8.285312e+00  3.844713e-03 
 8.285710e+00  3.862209e-03 
 8.286108e+00  3.880263e-03 
 8.286505e+00  3.898867e-03 
 8.286903e+00  3.918032e-03 
 8.287301e+00  3.937739e-03 
 8.287698e+00  3.957971e-03 
 8.288096e+00  3.978721e-03 
 8.288494e+00  3.999979e-03 
 8.288892e+00  4.021732e-03 
 8.289289e+00  4.043957e-03 
 8.289687e+00  4.066639e-03 
 8.290085e+00  4.089757e-03 
 8.290482e+00  4.113304e-03 
 8.290880e+00  4.137247e-03 
 8.291278e+00  4.161569e-03 
 8.291675e+00  4.186241e-03 
 8.292073e+00  4.211249e-03 
 8.292471e+00  4.236576e-03 
 8.292869e+00  4.262210e-03 
 8.293266e+00  4.288123e-03 
 8.293664e+00  4.314289e-03 
 8.294062e+00  4.340678e-03 
 8.294459e+00  4.367265e-03 
 8.294857e+00  4.394036e-03 
 8.295255e+00  4.420973e-03 
 8.295652e+00  4.448050e-03 
 8.296050e+00  4.475254e-03 
 8.296448e+00  4.502555e-03 
 8.296845e+00  4.529934e-03 
 8.297243e+00  4.557369e-03 
 8.297641e+00  4.584837e-03 
 8.298039e+00  4.612310e-03 
 8.298436e+00  4.639768e-03 
 8.298834e+00  4.667185e-03 
 8.299232e+00  4.694545e-03 
 8.299629e+00  4.721829e-03 
 8.300027e+00  4.749015e-03 
 8.300425e+00  4.776075e-03 
 8.300822e+00  4.802984e-03 
 8.301220e+00  4.829734e-03 
 8.301618e+00  4.856305e-03 
 8.302016e+00  4.882686e-03 
 8.302413e+00  4.908864e-03 
 8.302811e+00  4.934829e-03 
 8.303209e+00  4.960567e-03 
 8.303606e+00  4.986070e-03 
 8.304004e+00  5.011328e-03 
 8.304402e+00  5.036339e-03 
 8.304799e+00  5.061093e-03 
 8.305197e+00  5.085577e-03 
 8.305595e+00  5.109785e-03 
 8.305992e+00  5.133712e-03 
 8.306390e+00  5.157337e-03 
 8.306788e+00  5.180652e-03 
 8.307186e+00  5.203642e-03 
 8.307583e+00  5.226291e-03 
 8.307981e+00  5.248576e-03 
 8.308379e+00  5.270483e-03 
 8.308776e+00  5.291987e-03 
 8.309174e+00  5.313077e-03 
 8.309572e+00  5.333723e-03 
 8.309969e+00  5.353910e-03 
 8.310367e+00  5.373625e-03 
 8.310765e+00  5.392856e-03 
 8.311163e+00  5.411589e-03 
 8.311560e+00  5.429799e-03 
 8.311958e+00  5.447494e-03 
 8.312356e+00  5.464658e-03 
 8.312753e+00  5.481288e-03 
 8.313151e+00  5.497374e-03 
 8.313549e+00  5.512909e-03 
 8.313946e+00  5.527893e-03 
 8.314344e+00  5.542314e-03 
 8.314742e+00  5.556182e-03 
 8.315139e+00  5.569491e-03 
 8.315537e+00  5.582226e-03 
 8.315935e+00  5.594371e-03 
 8.316333e+00  5.605903e-03 
 8.316730e+00  5.616816e-03 
 8.317128e+00  5.627103e-03 
 8.317526e+00  5.636754e-03 
 8.317923e+00  5.645759e-03 
 8.318321e+00  5.654124e-03 
 8.318719e+00  5.661848e-03 
 8.319116e+00  5.668938e-03 
 8.319514e+00  5.675400e-03 
 8.319912e+00  5.681227e-03 
 8.320310e+00  5.686427e-03 
 8.320707e+00  5.690998e-03 
 8.321105e+00  5.694939e-03 
 8.321503e+00  5.698255e-03 
 8.321900e+00  5.700955e-03 
 8.322298e+00  5.703027e-03 
 8.322696e+00  5.704473e-03 
 8.323093e+00  5.705295e-03 
 8.323491e+00  5.705498e-03 
 8.323889e+00  5.705078e-03 
 8.324286e+00  5.704030e-03 
 8.324684e+00  5.702361e-03 
 8.325082e+00  5.700075e-03 
 8.325480e+00  5.697163e-03 
 8.325877e+00  5.693634e-03 
 8.326275e+00  5.689486e-03 
 8.326673e+00  5.684720e-03 
 8.327070e+00  5.679331e-03 
 8.327468e+00  5.673315e-03 
 8.327866e+00  5.666688e-03 
 8.328263e+00  5.659456e-03 
 8.328661e+00  5.651618e-03 
 8.329059e+00  5.643182e-03 
 8.329457e+00  5.634152e-03 
 8.329854e+00  5.624532e-03 
 8.330252e+00  5.614346e-03 
 8.330650e+00  5.603612e-03 
 8.331047e+00  5.592343e-03 
 8.331445e+00  5.580548e-03 
 8.331843e+00  5.568239e-03 
 8.332240e+00  5.555430e-03 
 8.332638e+00  5.542130e-03 
 8.333036e+00  5.528351e-03 
 8.333433e+00  5.514082e-03 
 8.333831e+00  5.499331e-03 
 8.334229e+00  5.484099e-03 
 8.334627e+00  5.468397e-03 
 8.335024e+00  5.452233e-03 
 8.335422e+00  5.435593e-03 
 8.335820e+00  5.418480e-03 
 8.336217e+00  5.400899e-03 
 8.336615e+00  5.382860e-03 
 8.337013e+00  5.364373e-03 
 8.337410e+00  5.345444e-03 
 8.337808e+00  5.326080e-03 
 8.338206e+00  5.306286e-03 
 8.338604e+00  5.286078e-03 
 8.339001e+00  5.265473e-03 
 8.339399e+00  5.244483e-03 
 8.339797e+00  5.223110e-03 
 8.340194e+00  5.201362e-03 
 8.340592e+00  5.179252e-03 
 8.340990e+00  5.156794e-03 
 8.341387e+00  5.133995e-03 
 8.341785e+00  5.110866e-03 
 8.342183e+00  5.087410e-03 
 8.342580e+00  5.063642e-03 
 8.342978e+00  5.039578e-03 
 8.343376e+00  5.015237e-03 
 8.343774e+00  4.990628e-03 
 8.344171e+00  4.965764e-03 
 8.344569e+00  4.940661e-03 
 8.344967e+00  4.915331e-03 
 8.345364e+00  4.889796e-03 
 8.345762e+00  4.864076e-03 
 8.346160e+00  4.838196e-03 
 8.346557e+00  4.812185e-03 
 8.346955e+00  4.786073e-03 
 8.347353e+00  4.759891e-03 
 8.347751e+00  4.733654e-03 
 8.348148e+00  4.707385e-03 
 8.348546e+00  4.681104e-03 
 8.348944e+00  4.654818e-03 
 8.349341e+00  4.628546e-03 
 8.349739e+00  4.602300e-03 
 8.350137e+00  4.576090e-03 
 8.350534e+00  4.549927e-03 
 8.350932e+00  4.523813e-03 
 8.351330e+00  4.497765e-03 
 8.351727e+00  4.471786e-03 
 8.352125e+00  4.445883e-03 
 8.352523e+00  4.420071e-03 
 8.352921e+00  4.394357e-03 
 8.353318e+00  4.368746e-03 
 8.353716e+00  4.343259e-03 
 8.354114e+00  4.317913e-03 
 8.354511e+00  4.292725e-03 
 8.354909e+00  4.267712e-03 
 8.355307e+00  4.242886e-03 
 8.355704e+00  4.218267e-03 
 8.356102e+00  4.193874e-03 
 8.356500e+00  4.169725e-03 
 8.356898e+00  4.145845e-03 
 8.357295e+00  4.122254e-03 
 8.357693e+00  4.098964e-03 
 8.358091e+00  4.076000e-03 
 8.358488e+00  4.053390e-03 
 8.358886e+00  4.031149e-03 
 8.359284e+00  4.009296e-03 
 8.359681e+00  3.987847e-03 
 8.360079e+00  3.966806e-03 
 8.360477e+00  3.946198e-03 
 8.360874e+00  3.926043e-03 
 8.361272e+00  3.906361e-03 
 8.361670e+00  3.887166e-03 
 8.362068e+00  3.868472e-03 
 8.362465e+00  3.850315e-03 
 8.362863e+00  3.832687e-03 
 8.363261e+00  3.815630e-03 
 8.363658e+00  3.799146e-03 
 8.364056e+00  3.783243e-03 
 8.364454e+00  3.767940e-03 
 8.364851e+00  3.753256e-03 
 8.365249e+00  3.739217e-03 
 8.365647e+00  3.725837e-03 
 8.366045e+00  3.713127e-03 
 8.366442e+00  3.701096e-03 
 8.366840e+00  3.689749e-03 
 8.367238e+00  3.679088e-03 
 8.367635e+00  3.669112e-03 
 8.368033e+00  3.659826e-03 
 8.368431e+00  3.651222e-03 
 8.368828e+00  3.643305e-03 
 8.369226e+00  3.636075e-03 
 8.369624e+00  3.629533e-03 
 8.370021e+00  3.623695e-03 
 8.370419e+00  3.618554e-03 
 8.370817e+00  3.614108e-03 
 8.371215e+00  3.610356e-03 
 8.371612e+00  3.607301e-03 
 8.372010e+00  3.604943e-03 
 8.372408e+00  3.603284e-03 
 8.372805e+00  3.602328e-03 
 8.373203e+00  3.602081e-03 
 8.373601e+00  3.602543e-03 
 8.373998e+00  3.603727e-03 
 8.374396e+00  3.605641e-03 
 8.374794e+00  3.608284e-03 
 8.375192e+00  3.611648e-03 
 8.375589e+00  3.615738e-03 
 8.375987e+00  3.620555e-03 
 8.376385e+00  3.626094e-03 
 8.376782e+00  3.632349e-03 
 8.377180e+00  3.639308e-03 
 8.377578e+00  3.646962e-03 
 8.377975e+00  3.655307e-03 
 8.378373e+00  3.664342e-03 
 8.378771e+00  3.674053e-03 
 8.379168e+00  3.684423e-03 
 8.379566e+00  3.695453e-03 
 8.379964e+00  3.707131e-03 
 8.380362e+00  3.719457e-03 
 8.380759e+00  3.732431e-03 
 8.381157e+00  3.746044e-03 
 8.381555e+00  3.760288e-03 
 8.381952e+00  3.775160e-03 
 8.382350e+00  3.790655e-03 
 8.382748e+00  3.806775e-03 
 8.383145e+00  3.823498e-03 
 8.383543e+00  3.840805e-03 
 8.383941e+00  3.858684e-03 
 8.384339e+00  3.877121e-03 
 8.384736e+00  3.896096e-03 
 8.385134e+00  3.915594e-03 
 8.385532e+00  3.935599e-03 
 8.385929e+00  3.956084e-03 
 8.386327e+00  3.977045e-03 
 8.386725e+00  3.998457e-03 
 8.387122e+00  4.020309e-03 
 8.387520e+00  4.042587e-03 
 8.387918e+00  4.065267e-03 
 8.388315e+00  4.088335e-03 
 8.388713e+00  4.111779e-03 
 8.389111e+00  4.135573e-03 
 8.389509e+00  4.159703e-03 
 8.389906e+00  4.184144e-03 
 8.390304e+00  4.208886e-03 
 8.390702e+00  4.233907e-03 
 8.391099e+00  4.259188e-03 
 8.391497e+00  4.284704e-03 
 8.391895e+00  4.310441e-03 
 8.392292e+00  4.336377e-03 
 8.392690e+00  4.362491e-03 
 8.393088e+00  4.388766e-03 
 8.393486e+00  4.415186e-03 
 8.393883e+00  4.441731e-03 
 8.394281e+00  4.468384e-03 
 8.394679e+00  4.495122e-03 
 8.395076e+00  4.521923e-03 
 8.395474e+00  4.548755e-03 
 8.395872e+00  4.575602e-03 
 8.396269e+00  4.602440e-03 
 8.396667e+00  4.629247e-03 
 8.397065e+00  4.656000e-03 
 8.397462e+00  4.682688e-03 
 8.397860e+00  4.709304e-03 
 8.398258e+00  4.735834e-03 
 8.398656e+00  4.762265e-03 
 8.399053e+00  4.788586e-03 
 8.399451e+00  4.814781e-03 
 8.399849e+00  4.840837e-03 
 8.400246e+00  4.866749e-03 
 8.400644e+00  4.892508e-03 
 8.401042e+00  4.918098e-03 
 8.401439e+00  4.943498e-03 
 8.401837e+00  4.968701e-03 
 8.402235e+00  4.993687e-03 
 8.402633e+00  5.018445e-03 
 8.403030e+00  5.042956e-03 
 8.403428e+00  5.067194e-03 
 8.403826e+00  5.091138e-03 
 8.404223e+00  5.114770e-03 
 8.404621e+00  5.138077e-03 
 8.405019e+00  5.161034e-03 
 8.405416e+00  5.183631e-03 
 8.405814e+00  5.205847e-03 
 8.406212e+00  5.227672e-03 
 8.406609e+00  5.249098e-03 
 8.407007e+00  5.270110e-03 
 8.407405e+00  5.290709e-03 
 8.407803e+00  5.310879e-03 
 8.408200e+00  5.330614e-03 
 8.408598e+00  5.349914e-03 
 8.408996e+00  5.368776e-03 
 8.409393e+00  5.387189e-03 
 8.409791e+00  5.405146e-03 
 8.410189e+00  5.422635e-03 
 8.410586e+00  5.439642e-03 
 8.410984e+00  5.456159e-03 
 8.411382e+00  5.472169e-03 
 8.411780e+00  5.487666e-03 
 8.412177e+00  5.502635e-03 
 8.412575e+00  5.517076e-03 
 8.412973e+00  5.530973e-03 
 8.413370e+00  5.544327e-03 
 8.413768e+00  5.557143e-03 
 8.414166e+00  5.569403e-03 
 8.414563e+00  5.581103e-03 
 8.414961e+00  5.592238e-03 
 8.415359e+00  5.602807e-03 
 8.415756e+00  5.612811e-03 
 8.416154e+00  5.622253e-03 
 8.416552e+00  5.631131e-03 
 8.416950e+00  5.639443e-03 
 8.417347e+00  5.647201e-03 
 8.417745e+00  5.654386e-03 
 8.418143e+00  5.661011e-03 
 8.418540e+00  5.667060e-03 
 8.418938e+00  5.672532e-03 
 8.419336e+00  5.677423e-03 
 8.419733e+00  5.681733e-03 
 8.420131e+00  5.685470e-03 
 8.420529e+00  5.688625e-03 
 8.420927e+00  5.691189e-03 
 8.421324e+00  5.693172e-03 
 8.421722e+00  5.694565e-03 
 8.422120e+00  5.695365e-03 
 8.422517e+00  5.695575e-03 
 8.422915e+00  5.695184e-03 
 8.423313e+00  5.694187e-03 
 8.423710e+00  5.692585e-03 
 8.424108e+00  5.690387e-03 
 8.424506e+00  5.687591e-03 
 8.424903e+00  5.684201e-03 
 8.425301e+00  5.680218e-03 
 8.425699e+00  5.675646e-03 
 8.426097e+00  5.670487e-03 
 8.426494e+00  5.664755e-03 
 8.426892e+00  5.658450e-03 
 8.427290e+00  5.651572e-03 
 8.427687e+00  5.644120e-03 
 8.428085e+00  5.636086e-03 
 8.428483e+00  5.627478e-03 
 8.428880e+00  5.618289e-03 
 8.429278e+00  5.608521e-03 
 8.429676e+00  5.598168e-03 
 8.430074e+00  5.587228e-03 
 8.430471e+00  5.575688e-03 
 8.430869e+00  5.563554e-03 
 8.431267e+00  5.550829e-03 
 8.431664e+00  5.537518e-03 
 8.432062e+00  5.523630e-03 
 8.432460e+00  5.509168e-03 
 8.432857e+00  5.494131e-03 
 8.433255e+00  5.478529e-03 
 8.433653e+00  5.462376e-03 
 8.434050e+00  5.445683e-03 
 8.434448e+00  5.428459e-03 
 8.434846e+00  5.410713e-03 
 8.435244e+00  5.392455e-03 
 8.435641e+00  5.373709e-03 
 8.436039e+00  5.354486e-03 
 8.436437e+00  5.334796e-03 
 8.436834e+00  5.314650e-03 
 8.437232e+00  5.294056e-03 
 8.437630e+00  5.273020e-03 
 8.438027e+00  5.251567e-03 
 8.438425e+00  5.229712e-03 
 8.438823e+00  5.207460e-03 
 8.439221e+00  5.184827e-03 
 8.439618e+00  5.161820e-03 
 8.440016e+00  5.138463e-03 
 8.440414e+00  5.114773e-03 
 8.440811e+00  5.090767e-03 
 8.441209e+00  5.066458e-03 
 8.441607e+00  5.041880e-03 
 8.442004e+00  5.017050e-03 
 8.442402e+00  4.991986e-03 
 8.442800e+00  4.966709e-03 
 8.443197e+00  4.941230e-03 
 8.443595e+00  4.915557e-03 
 8.443993e+00  4.889708e-03 
 8.444391e+00  4.863697e-03 
 8.444788e+00  4.837531e-03 
 8.445186e+00  4.811222e-03 
 8.445584e+00  4.784773e-03 
 8.445981e+00  4.758195e-03 
 8.446379e+00  4.731495e-03 
 8.446777e+00  4.704676e-03 
 8.447174e+00  4.677752e-03 
 8.447572e+00  4.650720e-03 
 8.447970e+00  4.623602e-03 
 8.448368e+00  4.596418e-03 
 8.448765e+00  4.569182e-03 
 8.449163e+00  4.541914e-03 
 8.449561e+00  4.514624e-03 
 8.449958e+00  4.487348e-03 
 8.450356e+00  4.460100e-03 
 8.450754e+00  4.432907e-03 
 8.451151e+00  4.405791e-03 
 8.451549e+00  4.378775e-03 
 8.451947e+00  4.351885e-03 
 8.452344e+00  4.325146e-03 
 8.452742e+00  4.298591e-03 
 8.453140e+00  4.272251e-03 
 8.453538e+00  4.246138e-03 
 8.453935e+00  4.220291e-03 
 8.454333e+00  4.194740e-03 
 8.454731e+00  4.169506e-03 
 8.455128e+00  4.144613e-03 
 8.455526e+00  4.120093e-03 
 8.455924e+00  4.095961e-03 
 8.456321e+00  4.072247e-03 
 8.456719e+00  4.048965e-03 
 8.457117e+00  4.026136e-03 
 8.457515e+00  4.003774e-03 
 8.457912e+00  3.981906e-03 
 8.458310e+00  3.960534e-03 
 8.458708e+00  3.939675e-03 
 8.459105e+00  3.919344e-03 
 8.459503e+00  3.899566e-03 
 8.459901e+00  3.880361e-03 
 8.460298e+00  3.861745e-03 
 8.460696e+00  3.843731e-03 
 8.461094e+00  3.826323e-03 
 8.461491e+00  3.809525e-03 
 8.461889e+00  3.793343e-03 
 8.462287e+00  3.777772e-03 
 8.462685e+00  3.762818e-03 
 8.463082e+00  3.748493e-03 
 8.463480e+00  3.734799e-03 
 8.463878e+00  3.721749e-03 
 8.464275e+00  3.709336e-03 
 8.464673e+00  3.697568e-03 
 8.465071e+00  3.686442e-03 
 8.465468e+00  3.675958e-03 
 8.465866e+00  3.666117e-03 
 8.466264e+00  3.656921e-03 
 8.466662e+00  3.648382e-03 
 8.467059e+00  3.640496e-03 
 8.467457e+00  3.633284e-03 
 8.467855e+00  3.626758e-03 
 8.468252e+00  3.620929e-03 
 8.468650e+00  3.615810e-03 
 8.469048e+00  3.611403e-03 
 8.469445e+00  3.607721e-03 
 8.469843e+00  3.604765e-03 
 8.470241e+00  3.602542e-03 
 8.470638e+00  3.601068e-03 
 8.471036e+00  3.600338e-03 
 8.471434e+00  3.600358e-03 
 8.471832e+00  3.601129e-03 
 8.472229e+00  3.602650e-03 
 8.472627e+00  3.604915e-03 
 8.473025e+00  3.607925e-03 
 8.473422e+00  3.611673e-03 
 8.473820e+00  3.616153e-03 
 8.474218e+00  3.621357e-03 
 8.474615e+00  3.627273e-03 
 8.475013e+00  3.633899e-03 
 8.475411e+00  3.641237e-03 
 8.475809e+00  3.649285e-03 
 8.476206e+00  3.658037e-03 
 8.476604e+00  3.667478e-03 
 8.477002e+00  3.677605e-03 
 8.477399e+00  3.688409e-03 
 8.477797e+00  3.699880e-03 
 8.478195e+00  3.712006e-03 
 8.478592e+00  3.724772e-03 
 8.478990e+00  3.738161e-03 
 8.479388e+00  3.752162e-03 
 8.479785e+00  3.766761e-03 
 8.480183e+00  3.781952e-03 
 8.480581e+00  3.797708e-03 
 8.480979e+00  3.814012e-03 
 8.481376e+00  3.830853e-03 
 8.481774e+00  3.848212e-03 
 8.482172e+00  3.866078e-03 
 8.482569e+00  3.884428e-03 
 8.482967e+00  3.903249e-03 
 8.483365e+00  3.922528e-03 
 8.483762e+00  3.942259e-03 
 8.484160e+00  3.962418e-03 
 8.484558e+00  3.982987e-03 
 8.484956e+00  4.003948e-03 
 8.485353e+00  4.025282e-03 
 8.485751e+00  4.046972e-03 
 8.486149e+00  4.069012e-03 
 8.486546e+00  4.091382e-03 
 8.486944e+00  4.114071e-03 
 8.487342e+00  4.137061e-03 
 8.487739e+00  4.160342e-03 
 8.488137e+00  4.183904e-03 
 8.488535e+00  4.207720e-03 
 8.488932e+00  4.231774e-03 
 8.489330e+00  4.256046e-03 
 8.489728e+00  4.280516e-03 
 8.490126e+00  4.305166e-03 
 8.490523e+00  4.329981e-03 
 8.490921e+00  4.354934e-03 
 8.491319e+00  4.380003e-03 
 8.491716e+00  4.405175e-03 
 8.492114e+00  4.430437e-03 
 8.492512e+00  4.455776e-03 
 8.492909e+00  4.481181e-03 
 8.493307e+00  4.506638e-03 
 8.493705e+00  4.532131e-03 
 8.494103e+00  4.557657e-03 
 8.494500e+00  4.583209e-03 
 8.494898e+00  4.608778e-03 
 8.495296e+00  4.634358e-03 
 8.495693e+00  4.659938e-03 
 8.496091e+00  4.685510e-03 
 8.496489e+00  4.711066e-03 
 8.496886e+00  4.736594e-03 
 8.497284e+00  4.762074e-03 
 8.497682e+00  4.787487e-03 
 8.498079e+00  4.812822e-03 
 8.498477e+00  4.838057e-03 
 8.498875e+00  4.863178e-03 
 8.499273e+00  4.888169e-03 
 8.499670e+00  4.913014e-03 
 8.500068e+00  4.937692e-03 
 8.500466e+00  4.962181e-03 
 8.500863e+00  4.986462e-03 
 8.501261e+00  5.010524e-03 
 8.501659e+00  5.034352e-03 
 8.502056e+00  5.057936e-03 
 8.502454e+00  5.081263e-03 
 8.502852e+00  5.104318e-03 
 8.503250e+00  5.127087e-03 
 8.503647e+00  5.149561e-03 
 8.504045e+00  5.171731e-03 
 8.504443e+00  5.193592e-03 
 8.504840e+00  5.215122e-03 
 8.505238e+00  5.236310e-03 
 8.505636e+00  5.257146e-03 
 8.506033e+00  5.277614e-03 
 8.506431e+00  5.297703e-03 
 8.506829e+00  5.317395e-03 
 8.507226e+00  5.336672e-03 
 8.507624e+00  5.355529e-03 
 8.508022e+00  5.373962e-03 
 8.508420e+00  5.391962e-03 
 8.508817e+00  5.409521e-03 
 8.509215e+00  5.426641e-03 
 8.509613e+00  5.443310e-03 
 8.510010e+00  5.459529e-03 
 8.510408e+00  5.475297e-03 
 8.510806e+00  5.490613e-03 
 8.511203e+00  5.505484e-03 
 8.511601e+00  5.519912e-03 
 8.511999e+00  5.533895e-03 
 8.512397e+00  5.547427e-03 
 8.512794e+00  5.560498e-03 
 8.513192e+00  5.573088e-03 
 8.513590e+00  5.585199e-03 
 8.513987e+00  5.596815e-03 
 8.514385e+00  5.607939e-03 
 8.514783e+00  5.618554e-03 
 8.515180e+00  5.628668e-03 
 8.515578e+00  5.638264e-03 
 8.515976e+00  5.647342e-03 
 8.516373e+00  5.655878e-03 
 8.516771e+00  5.663864e-03 
 8.517169e+00  5.671282e-03 
 8.517567e+00  5.678120e-03 
 8.517964e+00  5.684360e-03 
 8.518362e+00  5.689985e-03 
 8.518760e+00  5.694997e-03 
 8.519157e+00  5.699384e-03 
 8.519555e+00  5.703139e-03 
 8.519953e+00  5.706251e-03 
 8.520350e+00  5.708712e-03 
 8.520748e+00  5.710514e-03 
 8.521146e+00  5.711645e-03 
 8.521544e+00  5.712113e-03 
 8.521941e+00  5.711919e-03 
 8.522339e+00  5.711051e-03 
 8.522737e+00  5.709512e-03 
 8.523134e+00  5.707311e-03 
 8.523532e+00  5.704445e-03 
 8.523930e+00  5.700909e-03 
 8.524327e+00  5.696694e-03 
 8.524725e+00  5.691798e-03 
 8.525123e+00  5.686216e-03 
 8.525520e+00  5.679952e-03 
 8.525918e+00  5.673011e-03 
 8.526316e+00  5.665390e-03 
 8.526714e+00  5.657099e-03 
 8.527111e+00  5.648145e-03 
 8.527509e+00  5.638544e-03 
 8.527907e+00  5.628305e-03 
 8.528304e+00  5.617434e-03 
 8.528702e+00  5.605934e-03 
 8.529100e+00  5.593819e-03 
 8.529497e+00  5.581110e-03 
 8.529895e+00  5.567817e-03 
 8.530293e+00  5.553949e-03 
 8.530691e+00  5.539506e-03 
 8.531088e+00  5.524488e-03 
 8.531486e+00  5.508915e-03 
 8.531884e+00  5.492788e-03 
 8.532281e+00  5.476111e-03 
 8.532679e+00  5.458878e-03 
 8.533077e+00  5.441094e-03 
 8.533474e+00  5.422771e-03 
 8.533872e+00  5.403911e-03 
 8.534270e+00  5.384523e-03 
 8.534667e+00  5.364611e-03 
 8.535065e+00  5.344181e-03 
 8.535463e+00  5.323242e-03 
 8.535861e+00  5.301820e-03 
 8.536258e+00  5.279916e-03 
 8.536656e+00  5.257545e-03 
 8.537054e+00  5.234718e-03 
 8.537451e+00  5.211445e-03 
 8.537849e+00  5.187753e-03 
 8.538247e+00  5.163653e-03 
 8.538644e+00  5.139164e-03 
 8.539042e+00  5.114302e-03 
 8.539440e+00  5.089081e-03 
 8.539838e+00  5.063512e-03 
 8.540235e+00  5.037615e-03 
 8.540633e+00  5.011410e-03 
 8.541031e+00  4.984908e-03 
 8.541428e+00  4.958126e-03 
 8.541826e+00  4.931084e-03 
 8.542224e+00  4.903807e-03 
 8.542621e+00  4.876314e-03 
 8.543019e+00  4.848633e-03 
 8.543417e+00  4.820790e-03 
 8.543814e+00  4.792812e-03 
 8.544212e+00  4.764722e-03 
 8.544610e+00  4.736541e-03 
 8.545008e+00  4.708294e-03 
 8.545405e+00  4.680002e-03 
 8.545803e+00  4.651699e-03 
 8.546201e+00  4.623398e-03 
 8.546598e+00  4.595127e-03 
 8.546996e+00  4.566906e-03 
 8.547394e+00  4.538761e-03 
 8.547791e+00  4.510721e-03 
 8.548189e+00  4.482811e-03 
 8.548587e+00  4.455055e-03 
 8.548985e+00  4.427472e-03 
 8.549382e+00  4.400084e-03 
 8.549780e+00  4.372915e-03 
 8.550178e+00  4.345990e-03 
 8.550575e+00  4.319325e-03 
 8.550973e+00  4.292938e-03 
 8.551371e+00  4.266844e-03 
 8.551768e+00  4.241064e-03 
 8.552166e+00  4.215604e-03 
 8.552564e+00  4.190475e-03 
 8.552961e+00  4.165702e-03 
 8.553359e+00  4.141295e-03 
 8.553757e+00  4.117275e-03 
 8.554155e+00  4.093662e-03 
 8.554552e+00  4.070465e-03 
 8.554950e+00  4.047712e-03 
 8.555348e+00  4.025413e-03 
 8.555745e+00  4.003596e-03 
 8.556143e+00  3.982273e-03 
 8.556541e+00  3.961454e-03 
 8.556938e+00  3.941147e-03 
 8.557336e+00  3.921370e-03 
 8.557734e+00  3.902142e-03 
 8.558132e+00  3.883456e-03 
 8.558529e+00  3.865331e-03 
 8.558927e+00  3.847763e-03 
 8.559325e+00  3.830760e-03 
 8.559722e+00  3.814325e-03 
 8.560120e+00  3.798464e-03 
 8.560518e+00  3.783190e-03 
 8.560915e+00  3.768504e-03 
 8.561313e+00  3.754419e-03 
 8.561711e+00  3.740945e-03 
 8.562108e+00  3.728096e-03 
 8.562506e+00  3.715888e-03 
 8.562904e+00  3.704329e-03 
 8.563302e+00  3.693432e-03 
 8.563699e+00  3.683199e-03 
 8.564097e+00  3.673650e-03 
 8.564495e+00  3.664789e-03 
 8.564892e+00  3.656629e-03 
 8.565290e+00  3.649170e-03 
 8.565688e+00  3.642431e-03 
 8.566085e+00  3.636404e-03 
 8.566483e+00  3.631103e-03 
 8.566881e+00  3.626536e-03 
 8.567279e+00  3.622710e-03 
 8.567676e+00  3.619618e-03 
 8.568074e+00  3.617257e-03 
 8.568472e+00  3.615621e-03 
 8.568869e+00  3.614712e-03 
 8.569267e+00  3.614528e-03 
 8.569665e+00  3.615065e-03 
 8.570062e+00  3.616314e-03 
 8.570460e+00  3.618272e-03 
 8.570858e+00  3.620935e-03 
 8.571255e+00  3.624306e-03 
 8.571653e+00  3.628382e-03 
 8.572051e+00  3.633155e-03 
 8.572449e+00  3.638601e-03 
 8.572846e+00  3.644706e-03 
 8.573244e+00  3.651465e-03 
 8.573642e+00  3.658879e-03 
 8.574039e+00  3.666923e-03 
 8.574437e+00  3.675575e-03 
 8.574835e+00  3.684829e-03 
 8.575232e+00  3.694672e-03 
 8.575630e+00  3.705081e-03 
 8.576028e+00  3.716046e-03 
 8.576426e+00  3.727546e-03 
 8.576823e+00  3.739559e-03 
 8.577221e+00  3.752077e-03 
 8.577619e+00  3.765097e-03 
 8.578016e+00  3.778613e-03 
 8.578414e+00  3.792615e-03 
 8.578812e+00  3.807077e-03 
 8.579209e+00  3.822004e-03 
 8.579607e+00  3.837381e-03 
 8.580005e+00  3.853199e-03 
 8.580402e+00  3.869444e-03 
 8.580800e+00  3.886113e-03 
 8.581198e+00  3.903195e-03 
 8.581596e+00  3.920696e-03 
 8.581993e+00  3.938609e-03 
 8.582391e+00  3.956928e-03 
 8.582789e+00  3.975651e-03 
 8.583186e+00  3.994771e-03 
 8.583584e+00  4.014280e-03 
 8.583982e+00  4.034183e-03 
 8.584379e+00  4.054459e-03 
 8.584777e+00  4.075113e-03 
 8.585175e+00  4.096120e-03 
 8.585573e+00  4.117478e-03 
 8.585970e+00  4.139175e-03 
 8.586368e+00  4.161193e-03 
 8.586766e+00  4.183514e-03 
 8.587163e+00  4.206124e-03 
 8.587561e+00  4.229009e-03 
 8.587959e+00  4.252153e-03 
 8.588356e+00  4.275542e-03 
 8.588754e+00  4.299161e-03 
 8.589152e+00  4.323001e-03 
 8.589549e+00  4.347054e-03 
 8.589947e+00  4.371304e-03 
 8.590345e+00  4.395741e-03 
 8.590743e+00  4.420345e-03 
 8.591140e+00  4.445105e-03 
 8.591538e+00  4.470001e-03 
 8.591936e+00  4.495013e-03 
 8.592333e+00  4.520128e-03 
 8.592731e+00  4.545321e-03 
 8.593129e+00  4.570570e-03 
 8.593526e+00  4.595860e-03 
 8.593924e+00  4.621171e-03 
 8.594322e+00  4.646482e-03 
 8.594720e+00  4.671769e-03 
 8.595117e+00  4.697021e-03 
 8.595515e+00  4.722225e-03 
 8.595913e+00  4.747373e-03 
 8.596310e+00  4.772449e-03 
 8.596708e+00  4.797447e-03 
 8.597106e+00  4.822362e-03 
 8.597503e+00  4.847183e-03 
 8.597901e+00  4.871904e-03 
 8.598299e+00  4.896514e-03 
 8.598696e+00  4.921005e-03 
 8.599094e+00  4.945371e-03 
 8.599492e+00  4.969609e-03 
 8.599890e+00  4.993714e-03 
 8.600287e+00  5.017676e-03 
 8.600685e+00  5.041476e-03 
 8.601083e+00  5.065101e-03 
 8.601480e+00  5.088540e-03 
 8.601878e+00  5.111784e-03 
 8.602276e+00  5.134811e-03 
 8.602673e+00  5.157613e-03 
 8.603071e+00  5.180172e-03 
 8.603469e+00  5.202478e-03 
 8.603867e+00  5.224511e-03 
 8.604264e+00  5.246270e-03 
 8.604662e+00  5.267743e-03 
 8.605060e+00  5.288912e-03 
 8.605457e+00  5.309769e-03 
 8.605855e+00  5.330310e-03 
 8.606253e+00  5.350523e-03 
 8.606650e+00  5.370396e-03 
 8.607048e+00  5.389909e-03 
 8.607446e+00  5.409046e-03 
 8.607843e+00  5.427780e-03 
 8.608241e+00  5.446100e-03 
 8.608639e+00  5.463988e-03 
 8.609037e+00  5.481423e-03 
 8.609434e+00  5.498406e-03 
 8.609832e+00  5.514912e-03 
 8.610230e+00  5.530929e-03 
 8.610627e+00  5.546442e-03 
 8.611025e+00  5.561430e-03 
 8.611423e+00  5.575876e-03 
 8.611820e+00  5.589772e-03 
 8.612218e+00  5.603095e-03 
 8.612616e+00  5.615833e-03 
 8.613014e+00  5.627972e-03 
 8.613411e+00  5.639498e-03 
 8.613809e+00  5.650405e-03 
 8.614207e+00  5.660669e-03 
 8.614604e+00  5.670284e-03 
 8.615002e+00  5.679239e-03 
 8.615400e+00  5.687527e-03 
 8.615797e+00  5.695133e-03 
 8.616195e+00  5.702062e-03 
 8.616593e+00  5.708296e-03 
 8.616990e+00  5.713857e-03 
 8.617388e+00  5.718730e-03 
 8.617786e+00  5.722920e-03 
 8.618184e+00  5.726425e-03 
 8.618581e+00  5.729237e-03 
 8.618979e+00  5.731355e-03 
 8.619377e+00  5.732778e-03 
 8.619774e+00  5.733493e-03 
 8.620172e+00  5.733501e-03 
 8.620570e+00  5.732792e-03 
 8.620967e+00  5.731368e-03 
 8.621365e+00  5.729234e-03 
 8.621763e+00  5.726386e-03 
 8.622161e+00  5.722821e-03 
 8.622558e+00  5.718543e-03 
 8.622956e+00  5.713556e-03 
 8.623354e+00  5.707863e-03 
 8.623751e+00  5.701478e-03 
 8.624149e+00  5.694398e-03 
 8.624547e+00  5.686629e-03 
 8.624944e+00  5.678184e-03 
 8.625342e+00  5.669078e-03 
 8.625740e+00  5.659311e-03 
 8.626137e+00  5.648881e-03 
 8.626535e+00  5.637785e-03 
 8.626933e+00  5.626026e-03 
 8.627331e+00  5.613611e-03 
 8.627728e+00  5.600544e-03 
 8.628126e+00  5.586824e-03 
 8.628524e+00  5.572451e-03 
 8.628921e+00  5.557433e-03 
 8.629319e+00  5.541783e-03 
 8.629717e+00  5.525512e-03 
 8.630114e+00  5.508616e-03 
 8.630512e+00  5.491101e-03 
 8.630910e+00  5.472978e-03 
 8.631308e+00  5.454270e-03 
 8.631705e+00  5.434986e-03 
 8.632103e+00  5.415140e-03 
 8.632501e+00  5.394748e-03 
 8.632898e+00  5.373825e-03 
 8.633296e+00  5.352399e-03 
 8.633694e+00  5.330490e-03 
 8.634091e+00  5.308104e-03 
 8.634489e+00  5.285261e-03 
 8.634887e+00  5.261967e-03 
 8.635284e+00  5.238245e-03 
 8.635682e+00  5.214122e-03 
 8.636080e+00  5.189604e-03 
 8.636478e+00  5.164716e-03 
 8.636875e+00  5.139465e-03 
 8.637273e+00  5.113888e-03 
 8.637671e+00  5.088013e-03 
 8.638068e+00  5.061852e-03 
 8.638466e+00  5.035430e-03 
 8.638864e+00  5.008771e-03 
 8.639261e+00  4.981900e-03 
 8.639659e+00  4.954836e-03 
 8.640057e+00  4.927612e-03 
 8.640455e+00  4.900243e-03 
 8.640852e+00  4.872749e-03 
 8.641250e+00  4.845153e-03 
 8.641648e+00  4.817480e-03 
 8.642045e+00  4.789750e-03 
 8.642443e+00  4.761977e-03 
 8.642841e+00  4.734179e-03 
 8.643238e+00  4.706383e-03 
 8.643636e+00  4.678613e-03 
 8.644034e+00  4.650883e-03 
 8.644431e+00  4.623221e-03 
 8.644829e+00  4.595639e-03 
 8.645227e+00  4.568156e-03 
 8.645625e+00  4.540793e-03 
 8.646022e+00  4.513566e-03 
 8.646420e+00  4.486483e-03 
 8.646818e+00  4.459555e-03 
 8.647215e+00  4.432799e-03 
 8.647613e+00  4.406235e-03 
 8.648011e+00  4.379881e-03 
 8.648408e+00  4.353751e-03 
 8.648806e+00  4.327863e-03 
 8.649204e+00  4.302233e-03 
 8.649602e+00  4.276882e-03 
 8.649999e+00  4.251821e-03 
 8.650397e+00  4.227071e-03 
 8.650795e+00  4.202656e-03 
 8.651192e+00  4.178603e-03 
 8.651590e+00  4.154941e-03 
 8.651988e+00  4.131688e-03 
 8.652385e+00  4.108851e-03 
 8.652783e+00  4.086445e-03 
 8.653181e+00  4.064484e-03 
 8.653578e+00  4.042979e-03 
 8.653976e+00  4.021946e-03 
 8.654374e+00  4.001389e-03 
 8.654772e+00  3.981310e-03 
 8.655169e+00  3.961726e-03 
 8.655567e+00  3.942645e-03 
 8.655965e+00  3.924075e-03 
 8.656362e+00  3.906014e-03 
 8.656760e+00  3.888485e-03 
 8.657158e+00  3.871495e-03 
 8.657555e+00  3.855055e-03 
 8.657953e+00  3.839181e-03 
 8.658351e+00  3.823886e-03 
 8.658749e+00  3.809174e-03 
 8.659146e+00  3.795055e-03 
 8.659544e+00  3.781538e-03 
 8.659942e+00  3.768623e-03 
 8.660339e+00  3.756328e-03 
 8.660737e+00  3.744660e-03 
 8.661135e+00  3.733626e-03 
 8.661532e+00  3.723226e-03 
 8.661930e+00  3.713465e-03 
 8.662328e+00  3.704342e-03 
 8.662725e+00  3.695850e-03 
 8.663123e+00  3.687987e-03 
 8.663521e+00  3.680757e-03 
 8.663919e+00  3.674159e-03 
 8.664316e+00  3.668189e-03 
 8.664714e+00  3.662852e-03 
 8.665112e+00  3.658153e-03 
 8.665509e+00  3.654089e-03 
 8.665907e+00  3.650653e-03 
 8.666305e+00  3.647852e-03 
 8.666702e+00  3.645679e-03 
 8.667100e+00  3.644139e-03 
 8.667498e+00  3.643229e-03 
 8.667896e+00  3.642943e-03 
 8.668293e+00  3.643278e-03 
 8.668691e+00  3.644229e-03 
 8.669089e+00  3.645796e-03 
 8.669486e+00  3.647971e-03 
 8.669884e+00  3.650741e-03 
 8.670282e+00  3.654101e-03 
 8.670679e+00  3.658037e-03 
 8.671077e+00  3.662539e-03 
 8.671475e+00  3.667601e-03 
 8.671872e+00  3.673219e-03 
 8.672270e+00  3.679383e-03 
 8.672668e+00  3.686098e-03 
 8.673066e+00  3.693369e-03 
 8.673463e+00  3.701184e-03 
 8.673861e+00  3.709538e-03 
 8.674259e+00  3.718420e-03 
 8.674656e+00  3.727833e-03 
 8.675054e+00  3.737776e-03 
 8.675452e+00  3.748246e-03 
 8.675849e+00  3.759243e-03 
 8.676247e+00  3.770762e-03 
 8.676645e+00  3.782816e-03 
 8.677043e+00  3.795404e-03 
 8.677440e+00  3.808524e-03 
 8.677838e+00  3.822167e-03 
 8.678236e+00  3.836325e-03 
 8.678633e+00  3.851001e-03 
 8.679031e+00  3.866196e-03 
 8.679429e+00  3.881909e-03 
 8.679826e+00  3.898137e-03 
 8.680224e+00  3.914867e-03 
 8.680622e+00  3.932089e-03 
 8.681019e+00  3.949793e-03 
 8.681417e+00  3.967965e-03 
 8.681815e+00  3.986584e-03 
 8.682213e+00  4.005638e-03 
 8.682610e+00  4.025113e-03 
 8.683008e+00  4.044996e-03 
 8.683406e+00  4.065277e-03 
 8.683803e+00  4.085952e-03 
 8.684201e+00  4.107002e-03 
 8.684599e+00  4.128409e-03 
 8.684996e+00  4.150167e-03 
 8.685394e+00  4.172263e-03 
 8.685792e+00  4.194684e-03 
 8.686190e+00  4.217406e-03 
 8.686587e+00  4.240413e-03 
 8.686985e+00  4.263692e-03 
 8.687383e+00  4.287227e-03 
 8.687780e+00  4.311001e-03 
 8.688178e+00  4.334989e-03 
 8.688576e+00  4.359180e-03 
 8.688973e+00  4.383559e-03 
 8.689371e+00  4.408112e-03 
 8.689769e+00  4.432825e-03 
 8.690166e+00  4.457685e-03 
 8.690564e+00  4.482676e-03 
 8.690962e+00  4.507789e-03 
 8.691360e+00  4.533022e-03 
 8.691757e+00  4.558365e-03 
 8.692155e+00  4.583809e-03 
 8.692553e+00  4.609345e-03 
 8.692950e+00  4.634972e-03 
 8.693348e+00  4.660682e-03 
 8.693746e+00  4.686466e-03 
 8.694143e+00  4.712313e-03 
 8.694541e+00  4.738216e-03 
 8.694939e+00  4.764166e-03 
 8.695337e+00  4.790153e-03 
 8.695734e+00  4.816158e-03 
 8.696132e+00  4.842168e-03 
 8.696530e+00  4.868157e-03 
 8.696927e+00  4.894110e-03 
 8.697325e+00  4.920006e-03 
 8.697723e+00  4.945820e-03 
 8.698120e+00  4.971530e-03 
 8.698518e+00  4.997109e-03 
 8.698916e+00  5.022544e-03 
 8.699313e+00  5.047812e-03 
 8.699711e+00  5.072896e-03 
 8.700109e+00  5.097778e-03 
 8.700507e+00  5.122435e-03 
 8.700904e+00  5.146848e-03 
 8.701302e+00  5.170998e-03 
 8.701700e+00  5.194864e-03 
 8.702097e+00  5.218425e-03 
 8.702495e+00  5.241662e-03 
 8.702893e+00  5.264558e-03 
 8.703290e+00  5.287088e-03 
 8.703688e+00  5.309244e-03 
 8.704086e+00  5.331004e-03 
 8.704484e+00  5.352345e-03 
 8.704881e+00  5.373248e-03 
 8.705279e+00  5.393703e-03 
 8.705677e+00  5.413694e-03 
 8.706074e+00  5.433202e-03 
 8.706472e+00  5.452218e-03 
 8.706870e+00  5.470731e-03 
 8.707267e+00  5.488726e-03 
 8.707665e+00  5.506204e-03 
 8.708063e+00  5.523141e-03 
 8.708460e+00  5.539532e-03 
 8.708858e+00  5.555353e-03 
 8.709256e+00  5.570607e-03 
 8.709654e+00  5.585277e-03 
 8.710051e+00  5.599342e-03 
 8.710449e+00  5.612792e-03 
 8.710847e+00  5.625607e-03 
 8.711244e+00  5.637795e-03 
 8.711642e+00  5.649340e-03 
 8.712040e+00  5.660230e-03 
 8.712437e+00  5.670492e-03 
 8.712835e+00  5.680095e-03 
 8.713233e+00  5.689035e-03 
 8.713631e+00  5.697302e-03 
 8.714028e+00  5.704888e-03 
 8.714426e+00  5.711783e-03 
 8.714824e+00  5.717978e-03 
 8.715221e+00  5.723468e-03 
 8.715619e+00  5.728234e-03 
 8.716017e+00  5.732276e-03 
 8.716414e+00  5.735584e-03 
 8.716812e+00  5.738159e-03 
 8.717210e+00  5.739988e-03 
 8.717607e+00  5.741080e-03 
 8.718005e+00  5.741427e-03 
 8.718403e+00  5.741037e-03 
 8.718801e+00  5.739914e-03 
 8.719198e+00  5.738060e-03 
 8.719596e+00  5.735476e-03 
 8.719994e+00  5.732166e-03 
 8.720391e+00  5.728144e-03 
 8.720789e+00  5.723413e-03 
 8.721187e+00  5.717979e-03 
 8.721584e+00  5.711848e-03 
 8.721982e+00  5.705013e-03 
 8.722380e+00  5.697470e-03 
 8.722778e+00  5.689232e-03 
 8.723175e+00  5.680301e-03 
 8.723573e+00  5.670678e-03 
 8.723971e+00  5.660364e-03 
 8.724368e+00  5.649367e-03 
 8.724766e+00  5.637695e-03 
 8.725164e+00  5.625353e-03 
 8.725561e+00  5.612344e-03 
 8.725959e+00  5.598669e-03 
 8.726357e+00  5.584342e-03 
 8.726754e+00  5.569376e-03 
 8.727152e+00  5.553793e-03 
 8.727550e+00  5.537610e-03 
 8.727948e+00  5.520835e-03 
 8.728345e+00  5.503479e-03 
 8.728743e+00  5.485559e-03 
 8.729141e+00  5.467095e-03 
 8.729538e+00  5.448091e-03 
 8.729936e+00  5.428560e-03 
 8.730334e+00  5.408514e-03 
 8.730731e+00  5.387970e-03 
 8.731129e+00  5.366965e-03 
 8.731527e+00  5.345505e-03 
 8.731925e+00  5.323608e-03 
 8.732322e+00  5.301289e-03 
 8.732720e+00  5.278560e-03 
 8.733118e+00  5.255453e-03 
 8.733515e+00  5.231986e-03 
 8.733913e+00  5.208179e-03 
 8.734311e+00  5.184050e-03 
 8.734708e+00  5.159621e-03 
 8.735106e+00  5.134927e-03 
 8.735504e+00  5.109985e-03 
 8.735901e+00  5.084809e-03 
 8.736299e+00  5.059420e-03 
 8.736697e+00  5.033839e-03 
 8.737095e+00  5.008078e-03 
 8.737492e+00  4.982159e-03 
 8.737890e+00  4.956097e-03 
 8.738288e+00  4.929913e-03 
 8.738685e+00  4.903619e-03 
 8.739083e+00  4.877235e-03 
 8.739481e+00  4.850783e-03 
 8.739878e+00  4.824272e-03 
 8.740276e+00  4.797715e-03 
 8.740674e+00  4.771133e-03 
 8.741072e+00  4.744536e-03 
 8.741469e+00  4.717937e-03 
 8.741867e+00  4.691340e-03 
 8.742265e+00  4.664758e-03 
 8.742662e+00  4.638204e-03 
 8.743060e+00  4.611684e-03 
 8.743458e+00  4.585216e-03 
 8.743855e+00  4.558810e-03 
 8.744253e+00  4.532483e-03 
 8.744651e+00  4.506248e-03 
 8.745048e+00  4.480127e-03 
 8.745446e+00  4.454143e-03 
 8.745844e+00  4.428315e-03 
 8.746242e+00  4.402666e-03 
 8.746639e+00  4.377221e-03 
 8.747037e+00  4.351998e-03 
 8.747435e+00  4.327015e-03 
 8.747832e+00  4.302288e-03 
 8.748230e+00  4.277827e-03 
 8.748628e+00  4.253656e-03 
 8.749025e+00  4.229783e-03 
 8.749423e+00  4.206233e-03 
 8.749821e+00  4.183010e-03 
 8.750219e+00  4.160129e-03 
 8.750616e+00  4.137605e-03 
 8.751014e+00  4.115445e-03 
 8.751412e+00  4.093685e-03 
 8.751809e+00  4.072333e-03 
 8.752207e+00  4.051401e-03 
 8.752605e+00  4.030906e-03 
 8.753002e+00  4.010861e-03 
 8.753400e+00  3.991286e-03 
 8.753798e+00  3.972191e-03 
 8.754195e+00  3.953587e-03 
 8.754593e+00  3.935483e-03 
 8.754991e+00  3.917888e-03 
 8.755389e+00  3.900815e-03 
 8.755786e+00  3.884281e-03 
 8.756184e+00  3.868285e-03 
 8.756582e+00  3.852828e-03 
 8.756979e+00  3.837921e-03 
 8.757377e+00  3.823547e-03 
 8.757775e+00  3.809718e-03 
 8.758172e+00  3.796434e-03 
 8.758570e+00  3.783696e-03 
 8.758968e+00  3.771510e-03 
 8.759366e+00  3.759876e-03 
 8.759763e+00  3.748805e-03 
 8.760161e+00  3.738294e-03 
 8.760559e+00  3.728356e-03 
 8.760956e+00  3.718981e-03 
 8.761354e+00  3.710172e-03 
 8.761752e+00  3.701938e-03 
 8.762149e+00  3.694276e-03 
 8.762547e+00  3.687196e-03 
 8.762945e+00  3.680692e-03 
 8.763342e+00  3.674771e-03 
 8.763740e+00  3.669437e-03 
 8.764138e+00  3.664689e-03 
 8.764536e+00  3.660527e-03 
 8.764933e+00  3.656953e-03 
 8.765331e+00  3.653960e-03 
 8.765729e+00  3.651537e-03 
 8.766126e+00  3.649690e-03 
 8.766524e+00  3.648424e-03 
 8.766922e+00  3.647740e-03 
 8.767319e+00  3.647638e-03 
 8.767717e+00  3.648116e-03 
 8.768115e+00  3.649184e-03 
 8.768513e+00  3.650832e-03 
 8.768910e+00  3.653068e-03 
 8.769308e+00  3.655897e-03 
 8.769706e+00  3.659312e-03 
 8.770103e+00  3.663318e-03 
 8.770501e+00  3.667920e-03 
 8.770899e+00  3.673126e-03 
 8.771296e+00  3.678940e-03 
 8.771694e+00  3.685361e-03 
 8.772092e+00  3.692385e-03 
 8.772489e+00  3.700019e-03 
 8.772887e+00  3.708273e-03 
 8.773285e+00  3.717143e-03 
 8.773683e+00  3.726624e-03 
 8.774080e+00  3.736716e-03 
 8.774478e+00  3.747420e-03 
 8.774876e+00  3.758732e-03 
 8.775273e+00  3.770655e-03 
 8.775671e+00  3.783177e-03 
 8.776069e+00  3.796293e-03 
 8.776466e+00  3.809981e-03 
 8.776864e+00  3.824235e-03 
 8.777262e+00  3.839049e-03 
 8.777660e+00  3.854406e-03 
 8.778057e+00  3.870294e-03 
 8.778455e+00  3.886703e-03 
 8.778853e+00  3.903633e-03 
 8.779250e+00  3.921069e-03 
 8.779648e+00  3.939007e-03 
 8.780046e+00  3.957427e-03 
 8.780443e+00  3.976320e-03 
 8.780841e+00  3.995673e-03 
 8.781239e+00  4.015467e-03 
 8.781636e+00  4.035700e-03 
 8.782034e+00  4.056347e-03 
 8.782432e+00  4.077405e-03 
 8.782830e+00  4.098865e-03 
 8.783227e+00  4.120704e-03 
 8.783625e+00  4.142909e-03 
 8.784023e+00  4.165463e-03 
 8.784420e+00  4.188349e-03 
 8.784818e+00  4.211552e-03 
 8.785216e+00  4.235064e-03 
 8.785613e+00  4.258868e-03 
 8.786011e+00  4.282954e-03 
 8.786409e+00  4.307312e-03 
 8.786807e+00  4.331939e-03 
 8.787204e+00  4.356823e-03 
 8.787602e+00  4.381950e-03 
 8.788000e+00  4.407313e-03 
 8.788397e+00  4.432899e-03 
 8.788795e+00  4.458695e-03 
 8.789193e+00  4.484691e-03 
 8.789590e+00  4.510873e-03 
 8.789988e+00  4.537229e-03 
 8.790386e+00  4.563745e-03 
 8.790783e+00  4.590409e-03 
 8.791181e+00  4.617200e-03 
 8.791579e+00  4.644104e-03 
 8.791977e+00  4.671096e-03 
 8.792374e+00  4.698156e-03 
 8.792772e+00  4.725256e-03 
 8.793170e+00  4.752380e-03 
 8.793567e+00  4.779503e-03 
 8.793965e+00  4.806600e-03 
 8.794363e+00  4.833649e-03 
 8.794760e+00  4.860626e-03 
 8.795158e+00  4.887518e-03 
 8.795556e+00  4.914299e-03 
 8.795954e+00  4.940941e-03 
 8.796351e+00  4.967424e-03 
 8.796749e+00  4.993731e-03 
 8.797147e+00  5.019841e-03 
 8.797544e+00  5.045736e-03 
 8.797942e+00  5.071401e-03 
 8.798340e+00  5.096808e-03 
 8.798737e+00  5.121935e-03 
 8.799135e+00  5.146766e-03 
 8.799533e+00  5.171283e-03 
 8.799930e+00  5.195464e-03 
 8.800328e+00  5.219284e-03 
 8.800726e+00  5.242731e-03 
 8.801124e+00  5.265790e-03 
 8.801521e+00  5.288460e-03 
 8.801919e+00  5.310716e-03 
 8.802317e+00  5.332547e-03 
 8.802714e+00  5.353937e-03 
 8.803112e+00  5.374872e-03 
 8.803510e+00  5.395341e-03 
 8.803907e+00  5.415326e-03 
 8.804305e+00  5.434829e-03 
 8.804703e+00  5.453811e-03 
 8.805101e+00  5.472282e-03 
 8.805498e+00  5.490221e-03 
 8.805896e+00  5.507622e-03 
 8.806294e+00  5.524471e-03 
 8.806691e+00  5.540761e-03 
 8.807089e+00  5.556488e-03 
 8.807487e+00  5.571638e-03 
 8.807884e+00  5.586225e-03 
 8.808282e+00  5.600222e-03 
 8.808680e+00  5.613618e-03 
 8.809077e+00  5.626396e-03 
 8.809475e+00  5.638548e-03 
 8.809873e+00  5.650059e-03 
 8.810271e+00  5.660927e-03 
 8.810668e+00  5.671139e-03 
 8.811066e+00  5.680688e-03 
 8.811464e+00  5.689561e-03 
 8.811861e+00  5.697747e-03 
 8.812259e+00  5.705237e-03 
 8.812657e+00  5.712020e-03 
 8.813054e+00  5.718097e-03 
 8.813452e+00  5.723458e-03 
 8.813850e+00  5.728098e-03 
 8.814248e+00  5.732023e-03 
 8.814645e+00  5.735232e-03 
 8.815043e+00  5.737728e-03 
 8.815441e+00  5.739503e-03 
 8.815838e+00  5.740560e-03 
 8.816236e+00  5.740894e-03 
 8.816634e+00  5.740505e-03 
 8.817031e+00  5.739392e-03 
 8.817429e+00  5.737545e-03 
 8.817827e+00  5.734966e-03 
 8.818224e+00  5.731654e-03 
 8.818622e+00  5.727610e-03 
 8.819020e+00  5.722834e-03 
 8.819418e+00  5.717331e-03 
 8.819815e+00  5.711091e-03 
 8.820213e+00  5.704118e-03 
 8.820611e+00  5.696421e-03 
 8.821008e+00  5.688002e-03 
 8.821406e+00  5.678878e-03 
 8.821804e+00  5.669057e-03 
 8.822201e+00  5.658545e-03 
 8.822599e+00  5.647359e-03 
 8.822997e+00  5.635522e-03 
 8.823395e+00  5.623050e-03 
 8.823792e+00  5.609953e-03 
 8.824190e+00  5.596249e-03 
 8.824588e+00  5.581948e-03 
 8.824985e+00  5.567068e-03 
 8.825383e+00  5.551634e-03 
 8.825781e+00  5.535665e-03 
 8.826178e+00  5.519167e-03 
 8.826576e+00  5.502151e-03 
 8.826974e+00  5.484631e-03 
 8.827371e+00  5.466619e-03 
 8.827769e+00  5.448132e-03 
 8.828167e+00  5.429188e-03 
 8.828565e+00  5.409791e-03 
 8.828962e+00  5.389965e-03 
 8.829360e+00  5.369730e-03 
 8.829758e+00  5.349101e-03 
 8.830155e+00  5.328095e-03 
 8.830553e+00  5.306722e-03 
 8.830951e+00  5.284998e-03 
 8.831348e+00  5.262922e-03 
 8.831746e+00  5.240510e-03 
 8.832144e+00  5.217784e-03 
 8.832542e+00  5.194745e-03 
 8.832939e+00  5.171412e-03 
 8.833337e+00  5.147785e-03 
 8.833735e+00  5.123880e-03 
 8.834132e+00  5.099712e-03 
 8.834530e+00  5.075297e-03 
 8.834928e+00  5.050645e-03 
 8.835325e+00  5.025766e-03 
 8.835723e+00  5.000673e-03 
 8.836121e+00  4.975376e-03 
 8.836518e+00  4.949899e-03 
 8.836916e+00  4.924250e-03 
 8.837314e+00  4.898442e-03 
 8.837712e+00  4.872487e-03 
 8.838109e+00  4.846398e-03 
 8.838507e+00  4.820196e-03 
 8.838905e+00  4.793902e-03 
 8.839302e+00  4.767539e-03 
 8.839700e+00  4.741120e-03 
 8.840098e+00  4.714670e-03 
 8.840495e+00  4.688214e-03 
 8.840893e+00  4.661774e-03 
 8.841291e+00  4.635379e-03 
 8.841689e+00  4.609050e-03 
 8.842086e+00  4.582805e-03 
 8.842484e+00  4.556668e-03 
 8.842882e+00  4.530659e-03 
 8.843279e+00  4.504796e-03 
 8.843677e+00  4.479093e-03 
 8.844075e+00  4.453564e-03 
 8.844472e+00  4.428218e-03 
 8.844870e+00  4.403071e-03 
 8.845268e+00  4.378144e-03 
 8.845665e+00  4.353442e-03 
 8.846063e+00  4.328974e-03 
 8.846461e+00  4.304752e-03 
 8.846859e+00  4.280799e-03 
 8.847256e+00  4.257123e-03 
 8.847654e+00  4.233738e-03 
 8.848052e+00  4.210661e-03 
 8.848449e+00  4.187901e-03 
 8.848847e+00  4.165477e-03 
 8.849245e+00  4.143401e-03 
 8.849642e+00  4.121682e-03 
 8.850040e+00  4.100336e-03 
 8.850438e+00  4.079364e-03 
 8.850836e+00  4.058778e-03 
 8.851233e+00  4.038583e-03 
 8.851631e+00  4.018791e-03 
 8.852029e+00  3.999400e-03 
 8.852426e+00  3.980424e-03 
 8.852824e+00  3.961869e-03 
 8.853222e+00  3.943740e-03 
 8.853619e+00  3.926043e-03 
 8.854017e+00  3.908783e-03 
 8.854415e+00  3.891976e-03 
 8.854812e+00  3.875629e-03 
 8.855210e+00  3.859750e-03 
 8.855608e+00  3.844343e-03 
 8.856006e+00  3.829416e-03 
 8.856403e+00  3.814983e-03 
 8.856801e+00  3.801048e-03 
 8.857199e+00  3.787623e-03 
 8.857596e+00  3.774708e-03 
 8.857994e+00  3.762321e-03 
 8.858392e+00  3.750468e-03 
 8.858789e+00  3.739152e-03 
 8.859187e+00  3.728388e-03 
 8.859585e+00  3.718175e-03 
 8.859983e+00  3.708519e-03 
 8.860380e+00  3.699421e-03 
 8.860778e+00  3.690890e-03 
 8.861176e+00  3.682930e-03 
 8.861573e+00  3.675541e-03 
 8.861971e+00  3.668738e-03 
 8.862369e+00  3.662527e-03 
 8.862766e+00  3.656924e-03 
 8.863164e+00  3.651929e-03 
 8.863562e+00  3.647551e-03 
 8.863959e+00  3.643795e-03 
 8.864357e+00  3.640671e-03 
 8.864755e+00  3.638189e-03 
 8.865153e+00  3.636353e-03 
 8.865550e+00  3.635174e-03 
 8.865948e+00  3.634657e-03 
 8.866346e+00  3.634802e-03 
 8.866743e+00  3.635619e-03 
 8.867141e+00  3.637118e-03 
 8.867539e+00  3.639307e-03 
 8.867936e+00  3.642181e-03 
 8.868334e+00  3.645731e-03 
 8.868732e+00  3.649967e-03 
 8.869130e+00  3.654888e-03 
 8.869527e+00  3.660488e-03 
 8.869925e+00  3.666762e-03 
 8.870323e+00  3.673702e-03 
 8.870720e+00  3.681294e-03 
 8.871118e+00  3.689527e-03 
 8.871516e+00  3.698393e-03 
 8.871913e+00  3.707881e-03 
 8.872311e+00  3.717969e-03 
 8.872709e+00  3.728643e-03 
 8.873106e+00  3.739894e-03 
 8.873504e+00  3.751711e-03 
 8.873902e+00  3.764091e-03 
 8.874300e+00  3.777024e-03 
 8.874697e+00  3.790497e-03 
 8.875095e+00  3.804496e-03 
 8.875493e+00  3.819015e-03 
 8.875890e+00  3.834045e-03 
 8.876288e+00  3.849587e-03 
 8.876686e+00  3.865631e-03 
 8.877083e+00  3.882174e-03 
 8.877481e+00  3.899207e-03 
 8.877879e+00  3.916725e-03 
 8.878277e+00  3.934724e-03 
 8.878674e+00  3.953189e-03 
 8.879072e+00  3.972114e-03 
 8.879470e+00  3.991492e-03 
 8.879867e+00  4.011320e-03 
 8.880265e+00  4.031610e-03 
 8.880663e+00  4.052354e-03 
 8.881060e+00  4.073550e-03 
 8.881458e+00  4.095195e-03 
 8.881856e+00  4.117286e-03 
 8.882253e+00  4.139809e-03 
 8.882651e+00  4.162757e-03 
 8.883049e+00  4.186122e-03 
 8.883447e+00  4.209899e-03 
 8.883844e+00  4.234071e-03 
 8.884242e+00  4.258631e-03 
 8.884640e+00  4.283561e-03 
 8.885037e+00  4.308847e-03 
 8.885435e+00  4.334472e-03 
 8.885833e+00  4.360411e-03 
 8.886230e+00  4.386643e-03 
 8.886628e+00  4.413148e-03 
 8.887026e+00  4.439896e-03 
 8.887424e+00  4.466857e-03 
 8.887821e+00  4.494008e-03 
 8.888219e+00  4.521316e-03 
 8.888617e+00  4.548757e-03 
 8.889014e+00  4.576307e-03 
 8.889412e+00  4.603934e-03 
 8.889810e+00  4.631606e-03 
 8.890207e+00  4.659291e-03 
 8.890605e+00  4.686967e-03 
 8.891003e+00  4.714610e-03 
 8.891400e+00  4.742197e-03 
 8.891798e+00  4.769705e-03 
 8.892196e+00  4.797116e-03 
 8.892594e+00  4.824417e-03 
 8.892991e+00  4.851586e-03 
 8.893389e+00  4.878607e-03 
 8.893787e+00  4.905467e-03 
 8.894184e+00  4.932146e-03 
 8.894582e+00  4.958626e-03 
 8.894980e+00  4.984896e-03 
 8.895377e+00  5.010946e-03 
 8.895775e+00  5.036763e-03 
 8.896173e+00  5.062339e-03 
 8.896571e+00  5.087657e-03 
 8.896968e+00  5.112702e-03 
 8.897366e+00  5.137461e-03 
 8.897764e+00  5.161923e-03 
 8.898161e+00  5.186083e-03 
 8.898559e+00  5.209922e-03 
 8.898957e+00  5.233430e-03 
 8.899354e+00  5.256586e-03 
 8.899752e+00  5.279376e-03 
 8.900150e+00  5.301786e-03 
 8.900547e+00  5.323810e-03 
 8.900945e+00  5.345424e-03 
 8.901343e+00  5.366611e-03 
 8.901741e+00  5.387365e-03 
 8.902138e+00  5.407664e-03 
 8.902536e+00  5.427493e-03 
 8.902934e+00  5.446840e-03 
 8.903331e+00  5.465679e-03 
 8.903729e+00  5.483990e-03 
 8.904127e+00  5.501761e-03 
 8.904524e+00  5.518975e-03 
 8.904922e+00  5.535617e-03 
 8.905320e+00  5.551670e-03 
 8.905718e+00  5.567103e-03 
 8.906115e+00  5.581913e-03 
 8.906513e+00  5.596075e-03 
 8.906911e+00  5.609584e-03 
 8.907308e+00  5.622416e-03 
 8.907706e+00  5.634563e-03 
 8.908104e+00  5.646004e-03 
 8.908501e+00  5.656756e-03 
 8.908899e+00  5.666804e-03 
 8.909297e+00  5.676158e-03 
 8.909694e+00  5.684811e-03 
 8.910092e+00  5.692759e-03 
 8.910490e+00  5.700004e-03 
 8.910888e+00  5.706541e-03 
 8.911285e+00  5.712370e-03 
 8.911683e+00  5.717500e-03 
 8.912081e+00  5.721909e-03 
 8.912478e+00  5.725616e-03 
 8.912876e+00  5.728607e-03 
 8.913274e+00  5.730890e-03 
 8.913671e+00  5.732460e-03 
 8.914069e+00  5.733314e-03 
 8.914467e+00  5.733449e-03 
 8.914865e+00  5.732868e-03 
 8.915262e+00  5.731572e-03 
 8.915660e+00  5.729569e-03 
 8.916058e+00  5.726866e-03 
 8.916455e+00  5.723463e-03 
 8.916853e+00  5.719372e-03 
 8.917251e+00  5.714597e-03 
 8.917648e+00  5.709156e-03 
 8.918046e+00  5.703049e-03 
 8.918444e+00  5.696280e-03 
 8.918841e+00  5.688864e-03 
 8.919239e+00  5.680804e-03 
 8.919637e+00  5.672120e-03 
 8.920035e+00  5.662815e-03 
 8.920432e+00  5.652899e-03 
 8.920830e+00  5.642379e-03 
 8.921228e+00  5.631259e-03 
 8.921625e+00  5.619552e-03 
 8.922023e+00  5.607266e-03 
 8.922421e+00  5.594409e-03 
 8.922818e+00  5.580985e-03 
 8.923216e+00  5.567000e-03 
 8.923614e+00  5.552470e-03 
 8.924012e+00  5.537414e-03 
 8.924409e+00  5.521836e-03 
 8.924807e+00  5.505741e-03 
 8.925205e+00  5.489144e-03 
 8.925602e+00  5.472048e-03 
 8.926000e+00  5.454472e-03 
 8.926398e+00  5.436425e-03 
 8.926795e+00  5.417908e-03 
 8.927193e+00  5.398938e-03 
 8.927591e+00  5.379513e-03 
 8.927988e+00  5.359653e-03 
 8.928386e+00  5.339380e-03 
 8.928784e+00  5.318691e-03 
 8.929182e+00  5.297607e-03 
 8.929579e+00  5.276131e-03 
 8.929977e+00  5.254281e-03 
 8.930375e+00  5.232073e-03 
 8.930772e+00  5.209519e-03 
 8.931170e+00  5.186632e-03 
 8.931568e+00  5.163425e-03 
 8.931965e+00  5.139919e-03 
 8.932363e+00  5.116135e-03 
 8.932761e+00  5.092091e-03 
 8.933159e+00  5.067793e-03 
 8.933556e+00  5.043260e-03 
 8.933954e+00  5.018515e-03 
 8.934352e+00  4.993570e-03 
 8.934749e+00  4.968451e-03 
 8.935147e+00  4.943183e-03 
 8.935545e+00  4.917789e-03 
 8.935942e+00  4.892290e-03 
 8.936340e+00  4.866710e-03 
 8.936738e+00  4.841076e-03 
 8.937135e+00  4.815394e-03 
 8.937533e+00  4.789692e-03 
 8.937931e+00  4.763992e-03 
 8.938329e+00  4.738302e-03 
 8.938726e+00  4.712628e-03 
 8.939124e+00  4.686991e-03 
 8.939522e+00  4.661393e-03 
 8.939919e+00  4.635852e-03 
 8.940317e+00  4.610380e-03 
 8.940715e+00  4.584980e-03 
 8.941112e+00  4.559662e-03 
 8.941510e+00  4.534435e-03 
 8.941908e+00  4.509311e-03 
 8.942306e+00  4.484292e-03 
 8.942703e+00  4.459393e-03 
 8.943101e+00  4.434620e-03 
 8.943499e+00  4.409989e-03 
 8.943896e+00  4.385518e-03 
 8.944294e+00  4.361224e-03 
 8.944692e+00  4.337117e-03 
 8.945089e+00  4.313202e-03 
 8.945487e+00  4.289483e-03 
 8.945885e+00  4.265976e-03 
 8.946282e+00  4.242698e-03 
 8.946680e+00  4.219654e-03 
 8.947078e+00  4.196863e-03 
 8.947476e+00  4.174334e-03 
 8.947873e+00  4.152083e-03 
 8.948271e+00  4.130126e-03 
 8.948669e+00  4.108477e-03 
 8.949066e+00  4.087150e-03 
 8.949464e+00  4.066147e-03 
 8.949862e+00  4.045500e-03 
 8.950259e+00  4.025226e-03 
 8.950657e+00  4.005341e-03 
 8.951055e+00  3.985862e-03 
 8.951453e+00  3.966786e-03 
 8.951850e+00  3.948140e-03 
 8.952248e+00  3.929927e-03 
 8.952646e+00  3.912170e-03 
 8.953043e+00  3.894876e-03 
 8.953441e+00  3.878047e-03 
 8.953839e+00  3.861694e-03 
 8.954236e+00  3.845840e-03 
 8.954634e+00  3.830484e-03 
 8.955032e+00  3.815640e-03 
 8.955429e+00  3.801303e-03 
 8.955827e+00  3.787486e-03 
 8.956225e+00  3.774202e-03 
 8.956623e+00  3.761457e-03 
 8.957020e+00  3.749272e-03 
 8.957418e+00  3.737647e-03 
 8.957816e+00  3.726590e-03 
 8.958213e+00  3.716102e-03 
 8.958611e+00  3.706191e-03 
 8.959009e+00  3.696871e-03 
 8.959406e+00  3.688141e-03 
 8.959804e+00  3.680011e-03 
 8.960202e+00  3.672487e-03 
 8.960600e+00  3.665574e-03 
 8.960997e+00  3.659283e-03 
 8.961395e+00  3.653623e-03 
 8.961793e+00  3.648599e-03 
 8.962190e+00  3.644214e-03 
 8.962588e+00  3.640475e-03 
 8.962986e+00  3.637389e-03 
 8.963383e+00  3.634964e-03 
 8.963781e+00  3.633208e-03 
 8.964179e+00  3.632121e-03 
 8.964576e+00  3.631704e-03 
 8.964974e+00  3.631961e-03 
 8.965372e+00  3.632883e-03 
 8.965770e+00  3.634467e-03 
 8.966167e+00  3.636712e-03 
 8.966565e+00  3.639609e-03 
 8.966963e+00  3.643147e-03 
 8.967360e+00  3.647320e-03 
 8.967758e+00  3.652122e-03 
 8.968156e+00  3.657544e-03 
 8.968553e+00  3.663582e-03 
 8.968951e+00  3.670239e-03 
 8.969349e+00  3.677508e-03 
 8.969746e+00  3.685386e-03 
 8.970144e+00  3.693875e-03 
 8.970542e+00  3.702977e-03 
 8.970940e+00  3.712691e-03 
 8.971337e+00  3.723013e-03 
 8.971735e+00  3.733951e-03 
 8.972133e+00  3.745511e-03 
 8.972530e+00  3.757686e-03 
 8.972928e+00  3.770479e-03 
 8.973326e+00  3.783887e-03 
 8.973723e+00  3.797903e-03 
 8.974121e+00  3.812526e-03 
 8.974519e+00  3.827747e-03 
 8.974917e+00  3.843563e-03 
 8.975314e+00  3.859980e-03 
 8.975712e+00  3.876985e-03 
 8.976110e+00  3.894586e-03 
 8.976507e+00  3.912782e-03 
 8.976905e+00  3.931556e-03 
 8.977303e+00  3.950897e-03 
 8.977700e+00  3.970798e-03 
 8.978098e+00  3.991252e-03 
 8.978496e+00  4.012248e-03 
 8.978893e+00  4.033777e-03 
 8.979291e+00  4.055823e-03 
 8.979689e+00  4.078372e-03 
 8.980087e+00  4.101398e-03 
 8.980484e+00  4.124875e-03 
 8.980882e+00  4.148780e-03 
 8.981280e+00  4.173084e-03 
 8.981677e+00  4.197756e-03 
 8.982075e+00  4.222773e-03 
 8.982473e+00  4.248108e-03 
 8.982870e+00  4.273729e-03 
 8.983268e+00  4.299615e-03 
 8.983666e+00  4.325740e-03 
 8.984064e+00  4.352069e-03 
 8.984461e+00  4.378574e-03 
 8.984859e+00  4.405232e-03 
 8.985257e+00  4.432026e-03 
 8.985654e+00  4.458937e-03 
 8.986052e+00  4.485946e-03 
 8.986450e+00  4.513030e-03 
 8.986847e+00  4.540172e-03 
 8.987245e+00  4.567361e-03 
 8.987643e+00  4.594582e-03 
 8.988040e+00  4.621825e-03 
 8.988438e+00  4.649081e-03 
 8.988836e+00  4.676336e-03 
 8.989234e+00  4.703579e-03 
 8.989631e+00  4.730808e-03 
 8.990029e+00  4.758015e-03 
 8.990427e+00  4.785182e-03 
 8.990824e+00  4.812307e-03 
 8.991222e+00  4.839379e-03 
 8.991620e+00  4.866387e-03 
 8.992017e+00  4.893320e-03 
 8.992415e+00  4.920166e-03 
 8.992813e+00  4.946908e-03 
 8.993211e+00  4.973513e-03 
 8.993608e+00  4.999965e-03 
 8.994006e+00  5.026246e-03 
 8.994404e+00  5.052334e-03 
 8.994801e+00  5.078202e-03 
 8.995199e+00  5.103825e-03 
 8.995597e+00  5.129182e-03 
 8.995994e+00  5.154249e-03 
 8.996392e+00  5.179000e-03 
 8.996790e+00  5.203409e-03 
 8.997187e+00  5.227443e-03 
 8.997585e+00  5.251078e-03 
 8.997983e+00  5.274288e-03 
 8.998381e+00  5.297060e-03 
 8.998778e+00  5.319369e-03 
 8.999176e+00  5.341186e-03 
 8.999574e+00  5.362482e-03 
 8.999971e+00  5.383249e-03 
 9.000369e+00  5.403463e-03 
 9.000767e+00  5.423107e-03 
 9.001164e+00  5.442149e-03 
 9.001562e+00  5.460595e-03 
 9.001960e+00  5.478427e-03 
 9.002358e+00  5.495632e-03 
 9.002755e+00  5.512215e-03 
 9.003153e+00  5.528163e-03 
 9.003551e+00  5.543466e-03 
 9.003948e+00  5.558133e-03 
 9.004346e+00  5.572177e-03 
 9.004744e+00  5.585590e-03 
 9.005141e+00  5.598381e-03 
 9.005539e+00  5.610547e-03 
 9.005937e+00  5.622090e-03 
 9.006334e+00  5.633004e-03 
 9.006732e+00  5.643279e-03 
 9.007130e+00  5.652938e-03 
 9.007528e+00  5.661959e-03 
 9.007925e+00  5.670340e-03 
 9.008323e+00  5.678087e-03 
 9.008721e+00  5.685179e-03 
 9.009118e+00  5.691619e-03 
 9.009516e+00  5.697398e-03 
 9.009914e+00  5.702506e-03 
 9.010311e+00  5.706945e-03 
 9.010709e+00  5.710710e-03 
 9.011107e+00  5.713798e-03 
 9.011505e+00  5.716206e-03 
 9.011902e+00  5.717937e-03 
 9.012300e+00  5.718986e-03 
 9.012698e+00  5.719355e-03 
 9.013095e+00  5.719042e-03 
 9.013493e+00  5.718047e-03 
 9.013891e+00  5.716379e-03 
 9.014288e+00  5.714034e-03 
 9.014686e+00  5.711022e-03 
 9.015084e+00  5.707341e-03 
 9.015481e+00  5.702995e-03 
 9.015879e+00  5.697993e-03 
 9.016277e+00  5.692340e-03 
 9.016675e+00  5.686049e-03 
 9.017072e+00  5.679123e-03 
 9.017470e+00  5.671570e-03 
 9.017868e+00  5.663402e-03 
 9.018265e+00  5.654625e-03 
 9.018663e+00  5.645251e-03 
 9.019061e+00  5.635290e-03 
 9.019458e+00  5.624749e-03 
 9.019856e+00  5.613641e-03 
 9.020254e+00  5.601980e-03 
 9.020652e+00  5.589781e-03 
 9.021049e+00  5.577052e-03 
 9.021447e+00  5.563796e-03 
 9.021845e+00  5.550038e-03 
 9.022242e+00  5.535767e-03 
 9.022640e+00  5.520988e-03 
 9.023038e+00  5.505716e-03 
 9.023435e+00  5.489959e-03 
 9.023833e+00  5.473729e-03 
 9.024231e+00  5.457024e-03 
 9.024628e+00  5.439858e-03 
 9.025026e+00  5.422236e-03 
 9.025424e+00  5.404161e-03 
 9.025822e+00  5.385650e-03 
 9.026219e+00  5.366706e-03 
 9.026617e+00  5.347336e-03 
 9.027015e+00  5.327557e-03 
 9.027412e+00  5.307379e-03 
 9.027810e+00  5.286821e-03 
 9.028208e+00  5.265895e-03 
 9.028605e+00  5.244605e-03 
 9.029003e+00  5.222965e-03 
 9.029401e+00  5.200992e-03 
 9.029799e+00  5.178710e-03 
 9.030196e+00  5.156129e-03 
 9.030594e+00  5.133266e-03 
 9.030992e+00  5.110143e-03 
 9.031389e+00  5.086783e-03 
 9.031787e+00  5.063205e-03 
 9.032185e+00  5.039426e-03 
 9.032582e+00  5.015470e-03 
 9.032980e+00  4.991356e-03 
 9.033378e+00  4.967105e-03 
 9.033775e+00  4.942728e-03 
 9.034173e+00  4.918247e-03 
 9.034571e+00  4.893669e-03 
 9.034969e+00  4.868996e-03 
 9.035366e+00  4.844242e-03 
 9.035764e+00  4.819416e-03 
 9.036162e+00  4.794525e-03 
 9.036559e+00  4.769573e-03 
 9.036957e+00  4.744573e-03 
 9.037355e+00  4.719523e-03 
 9.037752e+00  4.694436e-03 
 9.038150e+00  4.669325e-03 
 9.038548e+00  4.644196e-03 
 9.038946e+00  4.619056e-03 
 9.039343e+00  4.593921e-03 
 9.039741e+00  4.568799e-03 
 9.040139e+00  4.543694e-03 
 9.040536e+00  4.518617e-03 
 9.040934e+00  4.493582e-03 
 9.041332e+00  4.468594e-03 
 9.041729e+00  4.443667e-03 
 9.042127e+00  4.418816e-03 
 9.042525e+00  4.394054e-03 
 9.042922e+00  4.369391e-03 
 9.043320e+00  4.344842e-03 
 9.043718e+00  4.320428e-03 
 9.044116e+00  4.296170e-03 
 9.044513e+00  4.272085e-03 
 9.044911e+00  4.248194e-03 
 9.045309e+00  4.224516e-03 
 9.045706e+00  4.201085e-03 
 9.046104e+00  4.177917e-03 
 9.046502e+00  4.155035e-03 
 9.046899e+00  4.132459e-03 
 9.047297e+00  4.110210e-03 
 9.047695e+00  4.088311e-03 
 9.048093e+00  4.066778e-03 
 9.048490e+00  4.045629e-03 
 9.048888e+00  4.024870e-03 
 9.049286e+00  4.004516e-03 
 9.049683e+00  3.984569e-03 
 9.050081e+00  3.965045e-03 
 9.050479e+00  3.945948e-03 
 9.050876e+00  3.927304e-03 
 9.051274e+00  3.909107e-03 
 9.051672e+00  3.891378e-03 
 9.052069e+00  3.874131e-03 
 9.052467e+00  3.857383e-03 
 9.052865e+00  3.841123e-03 
 9.053263e+00  3.825374e-03 
 9.053660e+00  3.810134e-03 
 9.054058e+00  3.795398e-03 
 9.054456e+00  3.781181e-03 
 9.054853e+00  3.767489e-03 
 9.055251e+00  3.754324e-03 
 9.055649e+00  3.741702e-03 
 9.056046e+00  3.729622e-03 
 9.056444e+00  3.718115e-03 
 9.056842e+00  3.707175e-03 
 9.057240e+00  3.696803e-03 
 9.057637e+00  3.687020e-03 
 9.058035e+00  3.677828e-03 
 9.058433e+00  3.669245e-03 
 9.058830e+00  3.661286e-03 
 9.059228e+00  3.653958e-03 
 9.059626e+00  3.647277e-03 
 9.060023e+00  3.641256e-03 
 9.060421e+00  3.635899e-03 
 9.060819e+00  3.631217e-03 
 9.061216e+00  3.627205e-03 
 9.061614e+00  3.623868e-03 
 9.062012e+00  3.621208e-03 
 9.062410e+00  3.619230e-03 
 9.062807e+00  3.617931e-03 
 9.063205e+00  3.617317e-03 
 9.063603e+00  3.617384e-03 
 9.064000e+00  3.618145e-03 
 9.064398e+00  3.619599e-03 
 9.064796e+00  3.621752e-03 
 9.065193e+00  3.624613e-03 
 9.065591e+00  3.628178e-03 
 9.065989e+00  3.632452e-03 
 9.066387e+00  3.637438e-03 
 9.066784e+00  3.643131e-03 
 9.067182e+00  3.649531e-03 
 9.067580e+00  3.656635e-03 
 9.067977e+00  3.664454e-03 
 9.068375e+00  3.672983e-03 
 9.068773e+00  3.682211e-03 
 9.069170e+00  3.692130e-03 
 9.069568e+00  3.702743e-03 
 9.069966e+00  3.714037e-03 
 9.070363e+00  3.726004e-03 
 9.070761e+00  3.738638e-03 
 9.071159e+00  3.751942e-03 
 9.071557e+00  3.765903e-03 
 9.071954e+00  3.780522e-03 
 9.072352e+00  3.795791e-03 
 9.072750e+00  3.811706e-03 
 9.073147e+00  3.828254e-03 
 9.073545e+00  3.845422e-03 
 9.073943e+00  3.863203e-03 
 9.074340e+00  3.881592e-03 
 9.074738e+00  3.900570e-03 
 9.075136e+00  3.920122e-03 
 9.075534e+00  3.940238e-03 
 9.075931e+00  3.960891e-03 
 9.076329e+00  3.982065e-03 
 9.076727e+00  4.003733e-03 
 9.077124e+00  4.025872e-03 
 9.077522e+00  4.048466e-03 
 9.077920e+00  4.071485e-03 
 9.078317e+00  4.094911e-03 
 9.078715e+00  4.118727e-03 
 9.079113e+00  4.142899e-03 
 9.079510e+00  4.167421e-03 
 9.079908e+00  4.192269e-03 
 9.080306e+00  4.217425e-03 
 9.080704e+00  4.242869e-03 
 9.081101e+00  4.268582e-03 
 9.081499e+00  4.294537e-03 
 9.081897e+00  4.320719e-03 
 9.082294e+00  4.347105e-03 
 9.082692e+00  4.373683e-03 
 9.083090e+00  4.400435e-03 
 9.083487e+00  4.427344e-03 
 9.083885e+00  4.454398e-03 
 9.084283e+00  4.481587e-03 
 9.084681e+00  4.508888e-03 
 9.085078e+00  4.536291e-03 
 9.085476e+00  4.563776e-03 
 9.085874e+00  4.591327e-03 
 9.086271e+00  4.618931e-03 
 9.086669e+00  4.646572e-03 
 9.087067e+00  4.674231e-03 
 9.087464e+00  4.701899e-03 
 9.087862e+00  4.729552e-03 
 9.088260e+00  4.757175e-03 
 9.088657e+00  4.784740e-03 
 9.089055e+00  4.812227e-03 
 9.089453e+00  4.839609e-03 
 9.089851e+00  4.866863e-03 
 9.090248e+00  4.893973e-03 
 9.090646e+00  4.920910e-03 
 9.091044e+00  4.947642e-03 
 9.091441e+00  4.974154e-03 
 9.091839e+00  5.000420e-03 
 9.092237e+00  5.026413e-03 
 9.092634e+00  5.052110e-03 
 9.093032e+00  5.077491e-03 
 9.093430e+00  5.102534e-03 
 9.093828e+00  5.127217e-03 
 9.094225e+00  5.151523e-03 
 9.094623e+00  5.175429e-03 
 9.095021e+00  5.198909e-03 
 9.095418e+00  5.221948e-03 
 9.095816e+00  5.244536e-03 
 9.096214e+00  5.266658e-03 
 9.096611e+00  5.288302e-03 
 9.097009e+00  5.309452e-03 
 9.097407e+00  5.330106e-03 
 9.097804e+00  5.350259e-03 
 9.098202e+00  5.369908e-03 
 9.098600e+00  5.389040e-03 
 9.098998e+00  5.407646e-03 
 9.099395e+00  5.425743e-03 
 9.099793e+00  5.443318e-03 
 9.100191e+00  5.460371e-03 
 9.100588e+00  5.476912e-03 
 9.100986e+00  5.492921e-03 
 9.101384e+00  5.508393e-03 
 9.101781e+00  5.523327e-03 
 9.102179e+00  5.537732e-03 
 9.102577e+00  5.551591e-03 
 9.102975e+00  5.564906e-03 
 9.103372e+00  5.577657e-03 
 9.103770e+00  5.589842e-03 
 9.104168e+00  5.601445e-03 
 9.104565e+00  5.612466e-03 
 9.104963e+00  5.622886e-03 
 9.105361e+00  5.632698e-03 
 9.105758e+00  5.641894e-03 
 9.106156e+00  5.650473e-03 
 9.106554e+00  5.658430e-03 
 9.106951e+00  5.665753e-03 
 9.107349e+00  5.672448e-03 
 9.107747e+00  5.678510e-03 
 9.108145e+00  5.683944e-03 
 9.108542e+00  5.688745e-03 
 9.108940e+00  5.692908e-03 
 9.109338e+00  5.696432e-03 
 9.109735e+00  5.699312e-03 
 9.110133e+00  5.701543e-03 
 9.110531e+00  5.703136e-03 
 9.110928e+00  5.704080e-03 
 9.111326e+00  5.704384e-03 
 9.111724e+00  5.704057e-03 
 9.112122e+00  5.703103e-03 
 9.112519e+00  5.701520e-03 
 9.112917e+00  5.699306e-03 
 9.113315e+00  5.696475e-03 
 9.113712e+00  5.693032e-03 
 9.114110e+00  5.688976e-03 
 9.114508e+00  5.684324e-03 
 9.114905e+00  5.679079e-03 
 9.115303e+00  5.673247e-03 
 9.115701e+00  5.666841e-03 
 9.116098e+00  5.659860e-03 
 9.116496e+00  5.652311e-03 
 9.116894e+00  5.644198e-03 
 9.117292e+00  5.635507e-03 
 9.117689e+00  5.626247e-03 
 9.118087e+00  5.616428e-03 
 9.118485e+00  5.606048e-03 
 9.118882e+00  5.595108e-03 
 9.119280e+00  5.583624e-03 
 9.119678e+00  5.571604e-03 
 9.120075e+00  5.559047e-03 
 9.120473e+00  5.545961e-03 
 9.120871e+00  5.532360e-03 
 9.121269e+00  5.518251e-03 
 9.121666e+00  5.503639e-03 
 9.122064e+00  5.488541e-03 
 9.122462e+00  5.472965e-03 
 9.122859e+00  5.456920e-03 
 9.123257e+00  5.440409e-03 
 9.123655e+00  5.423447e-03 
 9.124052e+00  5.406044e-03 
 9.124450e+00  5.388215e-03 
 9.124848e+00  5.369967e-03 
 9.125245e+00  5.351309e-03 
 9.125643e+00  5.332258e-03 
 9.126041e+00  5.312830e-03 
 9.126439e+00  5.293033e-03 
 9.126836e+00  5.272887e-03 
 9.127234e+00  5.252406e-03 
 9.127632e+00  5.231596e-03 
 9.128029e+00  5.210483e-03 
 9.128427e+00  5.189077e-03 
 9.128825e+00  5.167383e-03 
 9.129222e+00  5.145412e-03 
 9.129620e+00  5.123168e-03 
 9.130018e+00  5.100653e-03 
 9.130416e+00  5.077871e-03 
 9.130813e+00  5.054831e-03 
 9.131211e+00  5.031543e-03 
 9.131609e+00  5.008001e-03 
 9.132006e+00  4.984216e-03 
 9.132404e+00  4.960189e-03 
 9.132802e+00  4.935925e-03 
 9.133199e+00  4.911426e-03 
 9.133597e+00  4.886708e-03 
 9.133995e+00  4.861774e-03 
 9.134392e+00  4.836644e-03 
 9.134790e+00  4.811326e-03 
 9.135188e+00  4.785834e-03 
 9.135586e+00  4.760185e-03 
 9.135983e+00  4.734391e-03 
 9.136381e+00  4.708457e-03 
 9.136779e+00  4.682403e-03 
 9.137176e+00  4.656247e-03 
 9.137574e+00  4.630008e-03 
 9.137972e+00  4.603700e-03 
 9.138369e+00  4.577339e-03 
 9.138767e+00  4.550955e-03 
 9.139165e+00  4.524566e-03 
 9.139563e+00  4.498195e-03 
 9.139960e+00  4.471878e-03 
 9.140358e+00  4.445633e-03 
 9.140756e+00  4.419486e-03 
 9.141153e+00  4.393463e-03 
 9.141551e+00  4.367597e-03 
 9.141949e+00  4.341918e-03 
 9.142346e+00  4.316434e-03 
 9.142744e+00  4.291170e-03 
 9.143142e+00  4.266153e-03 
 9.143539e+00  4.241400e-03 
 9.143937e+00  4.216919e-03 
 9.144335e+00  4.192733e-03 
 9.144733e+00  4.168851e-03 
 9.145130e+00  4.145289e-03 
 9.145528e+00  4.122053e-03 
 9.145926e+00  4.099165e-03 
 9.146323e+00  4.076636e-03 
 9.146721e+00  4.054464e-03 
 9.147119e+00  4.032669e-03 
 9.147516e+00  4.011257e-03 
 9.147914e+00  3.990240e-03 
 9.148312e+00  3.969622e-03 
 9.148710e+00  3.949424e-03 
 9.149107e+00  3.929645e-03 
 9.149505e+00  3.910297e-03 
 9.149903e+00  3.891408e-03 
 9.150300e+00  3.872996e-03 
 9.150698e+00  3.855053e-03 
 9.151096e+00  3.837600e-03 
 9.151493e+00  3.820653e-03 
 9.151891e+00  3.804206e-03 
 9.152289e+00  3.788277e-03 
 9.152686e+00  3.772882e-03 
 9.153084e+00  3.758037e-03 
 9.153482e+00  3.743764e-03 
 9.153880e+00  3.730077e-03 
 9.154277e+00  3.717010e-03 
 9.154675e+00  3.704561e-03 
 9.155073e+00  3.692748e-03 
 9.155470e+00  3.681582e-03 
 9.155868e+00  3.671076e-03 
 9.156266e+00  3.661238e-03 
 9.156663e+00  3.652087e-03 
 9.157061e+00  3.643626e-03 
 9.157459e+00  3.635866e-03 
 9.157857e+00  3.628820e-03 
 9.158254e+00  3.622485e-03 
 9.158652e+00  3.616870e-03 
 9.159050e+00  3.611980e-03 
 9.159447e+00  3.607825e-03 
 9.159845e+00  3.604416e-03 
 9.160243e+00  3.601749e-03 
 9.160640e+00  3.599839e-03 
 9.161038e+00  3.598690e-03 
 9.161436e+00  3.598300e-03 
 9.161833e+00  3.598677e-03 
 9.162231e+00  3.599819e-03 
 9.162629e+00  3.601731e-03 
 9.163027e+00  3.604408e-03 
 9.163424e+00  3.607854e-03 
 9.163822e+00  3.612076e-03 
 9.164220e+00  3.617055e-03 
 9.164617e+00  3.622778e-03 
 9.165015e+00  3.629238e-03 
 9.165413e+00  3.636430e-03 
 9.165810e+00  3.644352e-03 
 9.166208e+00  3.653004e-03 
 9.166606e+00  3.662373e-03 
 9.167004e+00  3.672452e-03 
 9.167401e+00  3.683236e-03 
 9.167799e+00  3.694717e-03 
 9.168197e+00  3.706891e-03 
 9.168594e+00  3.719749e-03 
 9.168992e+00  3.733276e-03 
 9.169390e+00  3.747458e-03 
 9.169787e+00  3.762299e-03 
 9.170185e+00  3.777776e-03 
 9.170583e+00  3.793875e-03 
 9.170980e+00  3.810571e-03 
 9.171378e+00  3.827833e-03 
 9.171776e+00  3.845652e-03 
 9.172174e+00  3.864012e-03 
 9.172571e+00  3.882894e-03 
 9.172969e+00  3.902278e-03 
 9.173367e+00  3.922146e-03 
 9.173764e+00  3.942482e-03 
 9.174162e+00  3.963266e-03 
 9.174560e+00  3.984483e-03 
 9.174957e+00  4.006122e-03 
 9.175355e+00  4.028166e-03 
 9.175753e+00  4.050598e-03 
 9.176151e+00  4.073410e-03 
 9.176548e+00  4.096588e-03 
 9.176946e+00  4.120112e-03 
 9.177344e+00  4.143967e-03 
 9.177741e+00  4.168129e-03 
 9.178139e+00  4.192590e-03 
 9.178537e+00  4.217334e-03 
 9.178934e+00  4.242351e-03 
 9.179332e+00  4.267616e-03 
 9.179730e+00  4.293117e-03 
 9.180127e+00  4.318836e-03 
 9.180525e+00  4.344756e-03 
 9.180923e+00  4.370864e-03 
 9.181321e+00  4.397151e-03 
 9.181718e+00  4.423607e-03 
 9.182116e+00  4.450213e-03 
 9.182514e+00  4.476956e-03 
 9.182911e+00  4.503825e-03 
 9.183309e+00  4.530787e-03 
 9.183707e+00  4.557824e-03 
 9.184104e+00  4.584912e-03 
 9.184502e+00  4.612026e-03 
 9.184900e+00  4.639143e-03 
 9.185298e+00  4.666252e-03 
 9.185695e+00  4.693324e-03 
 9.186093e+00  4.720341e-03 
 9.186491e+00  4.747261e-03 
 9.186888e+00  4.774071e-03 
 9.187286e+00  4.800740e-03 
 9.187684e+00  4.827245e-03 
 9.188081e+00  4.853572e-03 
 9.188479e+00  4.879697e-03 
 9.188877e+00  4.905598e-03 
 9.189274e+00  4.931258e-03 
 9.189672e+00  4.956654e-03 
 9.190070e+00  4.981768e-03 
 9.190468e+00  5.006582e-03 
 9.190865e+00  5.031076e-03 
 9.191263e+00  5.055242e-03 
 9.191661e+00  5.079072e-03 
 9.192058e+00  5.102561e-03 
 9.192456e+00  5.125699e-03 
 9.192854e+00  5.148468e-03 
 9.193251e+00  5.170870e-03 
 9.193649e+00  5.192896e-03 
 9.194047e+00  5.214545e-03 
 9.194445e+00  5.235810e-03 
 9.194842e+00  5.256693e-03 
 9.195240e+00  5.277187e-03 
 9.195638e+00  5.297292e-03 
 9.196035e+00  5.317004e-03 
 9.196433e+00  5.336323e-03 
 9.196831e+00  5.355242e-03 
 9.197228e+00  5.373755e-03 
 9.197626e+00  5.391856e-03 
 9.198024e+00  5.409535e-03 
 9.198421e+00  5.426790e-03 
 9.198819e+00  5.443600e-03 
 9.199217e+00  5.459955e-03 
 9.199615e+00  5.475836e-03 
 9.200012e+00  5.491242e-03 
 9.200410e+00  5.506155e-03 
 9.200808e+00  5.520576e-03 
 9.201205e+00  5.534495e-03 
 9.201603e+00  5.547907e-03 
 9.202001e+00  5.560807e-03 
 9.202398e+00  5.573171e-03 
 9.202796e+00  5.584995e-03 
 9.203194e+00  5.596265e-03 
 9.203592e+00  5.606971e-03 
 9.203989e+00  5.617099e-03 
 9.204387e+00  5.626644e-03 
 9.204785e+00  5.635605e-03 
 9.205182e+00  5.643981e-03 
 9.205580e+00  5.651760e-03 
 9.205978e+00  5.658936e-03 
 9.206375e+00  5.665501e-03 
 9.206773e+00  5.671445e-03 
 9.207171e+00  5.676764e-03 
 9.207568e+00  5.681461e-03 
 9.207966e+00  5.685543e-03 
 9.208364e+00  5.689005e-03 
 9.208762e+00  5.691852e-03 
 9.209159e+00  5.694090e-03 
 9.209557e+00  5.695724e-03 
 9.209955e+00  5.696749e-03 
 9.210352e+00  5.697167e-03 
 9.210750e+00  5.696980e-03 
 9.211148e+00  5.696188e-03 
 9.211545e+00  5.694795e-03 
 9.211943e+00  5.692806e-03 
 9.212341e+00  5.690227e-03 
 9.212739e+00  5.687045e-03 
 9.213136e+00  5.683266e-03 
 9.213534e+00  5.678893e-03 
 9.213932e+00  5.673932e-03 
 9.214329e+00  5.668383e-03 
 9.214727e+00  5.662255e-03 
 9.215125e+00  5.655549e-03 
 9.215522e+00  5.648271e-03 
 9.215920e+00  5.640422e-03 
 9.216318e+00  5.632004e-03 
 9.216715e+00  5.623024e-03 
 9.217113e+00  5.613488e-03 
 9.217511e+00  5.603399e-03 
 9.217909e+00  5.592767e-03 
 9.218306e+00  5.581593e-03 
 9.218704e+00  5.569883e-03 
 9.219102e+00  5.557632e-03 
 9.219499e+00  5.544847e-03 
 9.219897e+00  5.531534e-03 
 9.220295e+00  5.517702e-03 
 9.220692e+00  5.503355e-03 
 9.221090e+00  5.488495e-03 
 9.221488e+00  5.473129e-03 
 9.221886e+00  5.457252e-03 
 9.222283e+00  5.440878e-03 
 9.222681e+00  5.424009e-03 
 9.223079e+00  5.406649e-03 
 9.223476e+00  5.388809e-03 
 9.223874e+00  5.370494e-03 
 9.224272e+00  5.351714e-03 
 9.224669e+00  5.332474e-03 
 9.225067e+00  5.312781e-03 
 9.225465e+00  5.292632e-03 
 9.225862e+00  5.272024e-03 
 9.226260e+00  5.250970e-03 
 9.226658e+00  5.229470e-03 
 9.227056e+00  5.207549e-03 
 9.227453e+00  5.185217e-03 
 9.227851e+00  5.162470e-03 
 9.228249e+00  5.139320e-03 
 9.228646e+00  5.115782e-03 
 9.229044e+00  5.091878e-03 
 9.229442e+00  5.067619e-03 
 9.229839e+00  5.043024e-03 
 9.230237e+00  5.018112e-03 
 9.230635e+00  4.992899e-03 
 9.231033e+00  4.967406e-03 
 9.231430e+00  4.941655e-03 
 9.231828e+00  4.915660e-03 
 9.232226e+00  4.889435e-03 
 9.232623e+00  4.863003e-03 
 9.233021e+00  4.836393e-03 
 9.233419e+00  4.809631e-03 
 9.233816e+00  4.782735e-03 
 9.234214e+00  4.755733e-03 
 9.234612e+00  4.728631e-03 
 9.235009e+00  4.701453e-03 
 9.235407e+00  4.674221e-03 
 9.235805e+00  4.646966e-03 
 9.236203e+00  4.619710e-03 
 9.236600e+00  4.592478e-03 
 9.236998e+00  4.565289e-03 
 9.237396e+00  4.538169e-03 
 9.237793e+00  4.511135e-03 
 9.238191e+00  4.484199e-03 
 9.238589e+00  4.457375e-03 
 9.238986e+00  4.430675e-03 
 9.239384e+00  4.404111e-03 
 9.239782e+00  4.377699e-03 
 9.240180e+00  4.351459e-03 
 9.240577e+00  4.325399e-03 
 9.240975e+00  4.299526e-03 
 9.241373e+00  4.273849e-03 
 9.241770e+00  4.248380e-03 
 9.242168e+00  4.223137e-03 
 9.242566e+00  4.198128e-03 
 9.242963e+00  4.173377e-03 
 9.243361e+00  4.148913e-03 
 9.243759e+00  4.124745e-03 
 9.244156e+00  4.100899e-03 
 9.244554e+00  4.077387e-03 
 9.244952e+00  4.054238e-03 
 9.245350e+00  4.031473e-03 
 9.245747e+00  4.009106e-03 
 9.246145e+00  3.987158e-03 
 9.246543e+00  3.965643e-03 
 9.246940e+00  3.944583e-03 
 9.247338e+00  3.923995e-03 
 9.247736e+00  3.903904e-03 
 9.248133e+00  3.884343e-03 
 9.248531e+00  3.865315e-03 
 9.248929e+00  3.846845e-03 
 9.249327e+00  3.828974e-03 
 9.249724e+00  3.811704e-03 
 9.250122e+00  3.795040e-03 
 9.250520e+00  3.779003e-03 
 9.250917e+00  3.763610e-03 
 9.251315e+00  3.748878e-03 
 9.251713e+00  3.734822e-03 
 9.252110e+00  3.721457e-03 
 9.252508e+00  3.708805e-03 
 9.252906e+00  3.696861e-03 
 9.253303e+00  3.685640e-03 
 9.253701e+00  3.675146e-03 
 9.254099e+00  3.665374e-03 
 9.254497e+00  3.656330e-03 
 9.254894e+00  3.648020e-03 
 9.255292e+00  3.640448e-03 
 9.255690e+00  3.633629e-03 
 9.256087e+00  3.627564e-03 
 9.256485e+00  3.622252e-03 
 9.256883e+00  3.617695e-03 
 9.257280e+00  3.613892e-03 
 9.257678e+00  3.610840e-03 
 9.258076e+00  3.608532e-03 
 9.258474e+00  3.606963e-03 
 9.258871e+00  3.606125e-03 
 9.259269e+00  3.606018e-03 
 9.259667e+00  3.606637e-03 
 9.260064e+00  3.607980e-03 
 9.260462e+00  3.610034e-03 
 9.260860e+00  3.612797e-03 
 9.261257e+00  3.616262e-03 
 9.261655e+00  3.620430e-03 
 9.262053e+00  3.625298e-03 
 9.262450e+00  3.630855e-03 
 9.262848e+00  3.637091e-03 
 9.263246e+00  3.643993e-03 
 9.263644e+00  3.651569e-03 
 9.264041e+00  3.659818e-03 
 9.264439e+00  3.668721e-03 
 9.264837e+00  3.678263e-03 
 9.265234e+00  3.688439e-03 
 9.265632e+00  3.699243e-03 
 9.266030e+00  3.710656e-03 
 9.266427e+00  3.722666e-03 
 9.266825e+00  3.735263e-03 
 9.267223e+00  3.748430e-03 
 9.267621e+00  3.762154e-03 
 9.268018e+00  3.776431e-03 
 9.268416e+00  3.791258e-03 
 9.268814e+00  3.806628e-03 
 9.269211e+00  3.822525e-03 
 9.269609e+00  3.838944e-03 
 9.270007e+00  3.855883e-03 
 9.270404e+00  3.873330e-03 
 9.270802e+00  3.891273e-03 
 9.271200e+00  3.909718e-03 
 9.271597e+00  3.928649e-03 
 9.271995e+00  3.948053e-03 
 9.272393e+00  3.967919e-03 
 9.272791e+00  3.988232e-03 
 9.273188e+00  4.008980e-03 
 9.273586e+00  4.030139e-03 
 9.273984e+00  4.051696e-03 
 9.274381e+00  4.073633e-03 
 9.274779e+00  4.095942e-03 
 9.275177e+00  4.118610e-03 
 9.275574e+00  4.141626e-03 
 9.275972e+00  4.164973e-03 
 9.276370e+00  4.188634e-03 
 9.276768e+00  4.212595e-03 
 9.277165e+00  4.236833e-03 
 9.277563e+00  4.261332e-03 
 9.277961e+00  4.286078e-03 
 9.278358e+00  4.311045e-03 
 9.278756e+00  4.336208e-03 
 9.279154e+00  4.361549e-03 
 9.279551e+00  4.387041e-03 
 9.279949e+00  4.412657e-03 
 9.280347e+00  4.438368e-03 
 9.280744e+00  4.464156e-03 
 9.281142e+00  4.489996e-03 
 9.281540e+00  4.515861e-03 
 9.281938e+00  4.541734e-03 
 9.282335e+00  4.567593e-03 
 9.282733e+00  4.593417e-03 
 9.283131e+00  4.619187e-03 
 9.283528e+00  4.644890e-03 
 9.283926e+00  4.670515e-03 
 9.284324e+00  4.696051e-03 
 9.284721e+00  4.721485e-03 
 9.285119e+00  4.746804e-03 
 9.285517e+00  4.771998e-03 
 9.285915e+00  4.797063e-03 
 9.286312e+00  4.821984e-03 
 9.286710e+00  4.846747e-03 
 9.287108e+00  4.871359e-03 
 9.287505e+00  4.895814e-03 
 9.287903e+00  4.920108e-03 
 9.288301e+00  4.944238e-03 
 9.288698e+00  4.968207e-03 
 9.289096e+00  4.992004e-03 
 9.289494e+00  5.015622e-03 
 9.289891e+00  5.039059e-03 
 9.290289e+00  5.062302e-03 
 9.290687e+00  5.085349e-03 
 9.291085e+00  5.108187e-03 
 9.291482e+00  5.130811e-03 
 9.291880e+00  5.153204e-03 
 9.292278e+00  5.175357e-03 
 9.292675e+00  5.197249e-03 
 9.293073e+00  5.218864e-03 
 9.293471e+00  5.240188e-03 
 9.293868e+00  5.261194e-03 
 9.294266e+00  5.281857e-03 
 9.294664e+00  5.302175e-03 
 9.295062e+00  5.322130e-03 
 9.295459e+00  5.341700e-03 
 9.295857e+00  5.360863e-03 
 9.296255e+00  5.379606e-03 
 9.296652e+00  5.397919e-03 
 9.297050e+00  5.415782e-03 
 9.297448e+00  5.433182e-03 
 9.297845e+00  5.450114e-03 
 9.298243e+00  5.466541e-03 
 9.298641e+00  5.482470e-03 
 9.299038e+00  5.497890e-03 
 9.299436e+00  5.512795e-03 
 9.299834e+00  5.527180e-03 
 9.300232e+00  5.541028e-03 
 9.300629e+00  5.554339e-03 
 9.301027e+00  5.567098e-03 
 9.301425e+00  5.579306e-03 
 9.301822e+00  5.590956e-03 
 9.302220e+00  5.602047e-03 
 9.302618e+00  5.612565e-03 
 9.303015e+00  5.622521e-03 
 9.303413e+00  5.631923e-03 
 9.303811e+00  5.640774e-03 
 9.304209e+00  5.649074e-03 
 9.304606e+00  5.656830e-03 
 9.305004e+00  5.664028e-03 
 9.305402e+00  5.670665e-03 
 9.305799e+00  5.676746e-03 
 9.306197e+00  5.682262e-03 
 9.306595e+00  5.687209e-03 
 9.306992e+00  5.691585e-03 
 9.307390e+00  5.695393e-03 
 9.307788e+00  5.698624e-03 
 9.308185e+00  5.701269e-03 
 9.308583e+00  5.703313e-03 
 9.308981e+00  5.704747e-03 
 9.309379e+00  5.705572e-03 
 9.309776e+00  5.705778e-03 
 9.310174e+00  5.705361e-03 
 9.310572e+00  5.704323e-03 
 9.310969e+00  5.702654e-03 
 9.311367e+00  5.700354e-03 
 9.311765e+00  5.697414e-03 
 9.312162e+00  5.693831e-03 
 9.312560e+00  5.689597e-03 
 9.312958e+00  5.684712e-03 
 9.313356e+00  5.679168e-03 
 9.313753e+00  5.672967e-03 
 9.314151e+00  5.666108e-03 
 9.314549e+00  5.658586e-03 
 9.314946e+00  5.650405e-03 
 9.315344e+00  5.641567e-03 
 9.315742e+00  5.632074e-03 
 9.316139e+00  5.621926e-03 
 9.316537e+00  5.611131e-03 
 9.316935e+00  5.599702e-03 
 9.317332e+00  5.587643e-03 
 9.317730e+00  5.574961e-03 
 9.318128e+00  5.561663e-03 
 9.318526e+00  5.547757e-03 
 9.318923e+00  5.533251e-03 
 9.319321e+00  5.518150e-03 
 9.319719e+00  5.502461e-03 
 9.320116e+00  5.486186e-03 
 9.320514e+00  5.469333e-03 
 9.320912e+00  5.451910e-03 
 9.321309e+00  5.433929e-03 
 9.321707e+00  5.415399e-03 
 9.322105e+00  5.396321e-03 
 9.322503e+00  5.376714e-03 
 9.322900e+00  5.356583e-03 
 9.323298e+00  5.335951e-03 
 9.323696e+00  5.314829e-03 
 9.324093e+00  5.293227e-03 
 9.324491e+00  5.271162e-03 
 9.324889e+00  5.248645e-03 
 9.325286e+00  5.225700e-03 
 9.325684e+00  5.202344e-03 
 9.326082e+00  5.178590e-03 
 9.326479e+00  5.154454e-03 
 9.326877e+00  5.129956e-03 
 9.327275e+00  5.105110e-03 
 9.327673e+00  5.079936e-03 
 9.328070e+00  5.054456e-03 
 9.328468e+00  5.028682e-03 
 9.328866e+00  5.002639e-03 
 9.329263e+00  4.976349e-03 
 9.329661e+00  4.949838e-03 
 9.330059e+00  4.923128e-03 
 9.330456e+00  4.896250e-03 
 9.330854e+00  4.869217e-03 
 9.331252e+00  4.842058e-03 
 9.331650e+00  4.814798e-03 
 9.332047e+00  4.787461e-03 
 9.332445e+00  4.760062e-03 
 9.332843e+00  4.732622e-03 
 9.333240e+00  4.705154e-03 
 9.333638e+00  4.677673e-03 
 9.334036e+00  4.650188e-03 
 9.334433e+00  4.622715e-03 
 9.334831e+00  4.595261e-03 
 9.335229e+00  4.567836e-03 
 9.335626e+00  4.540449e-03 
 9.336024e+00  4.513116e-03 
 9.336422e+00  4.485853e-03 
 9.336820e+00  4.458677e-03 
 9.337217e+00  4.431599e-03 
 9.337615e+00  4.404636e-03 
 9.338013e+00  4.377810e-03 
 9.338410e+00  4.351139e-03 
 9.338808e+00  4.324650e-03 
 9.339206e+00  4.298371e-03 
 9.339603e+00  4.272320e-03 
 9.340001e+00  4.246511e-03 
 9.340399e+00  4.220978e-03 
 9.340797e+00  4.195736e-03 
 9.341194e+00  4.170817e-03 
 9.341592e+00  4.146241e-03 
 9.341990e+00  4.122026e-03 
 9.342387e+00  4.098201e-03 
 9.342785e+00  4.074790e-03 
 9.343183e+00  4.051816e-03 
 9.343580e+00  4.029317e-03 
 9.343978e+00  4.007305e-03 
 9.344376e+00  3.985795e-03 
 9.344773e+00  3.964812e-03 
 9.345171e+00  3.944376e-03 
 9.345569e+00  3.924505e-03 
 9.345967e+00  3.905214e-03 
 9.346364e+00  3.886526e-03 
 9.346762e+00  3.868445e-03 
 9.347160e+00  3.850985e-03 
 9.347557e+00  3.834151e-03 
 9.347955e+00  3.817966e-03 
 9.348353e+00  3.802413e-03 
 9.348750e+00  3.787503e-03 
 9.349148e+00  3.773240e-03 
 9.349546e+00  3.759627e-03 
 9.349944e+00  3.746679e-03 
 9.350341e+00  3.734388e-03 
 9.350739e+00  3.722762e-03 
 9.351137e+00  3.711797e-03 
 9.351534e+00  3.701491e-03 
 9.351932e+00  3.691844e-03 
 9.352330e+00  3.682854e-03 
 9.352727e+00  3.674522e-03 
 9.353125e+00  3.666837e-03 
 9.353523e+00  3.659804e-03 
 9.353920e+00  3.653417e-03 
 9.354318e+00  3.647677e-03 
 9.354716e+00  3.642581e-03 
 9.355114e+00  3.638137e-03 
 9.355511e+00  3.634353e-03 
 9.355909e+00  3.631228e-03 
 9.356307e+00  3.628762e-03 
 9.356704e+00  3.626961e-03 
 9.357102e+00  3.625826e-03 
 9.357500e+00  3.625360e-03 
 9.357897e+00  3.625565e-03 
 9.358295e+00  3.626451e-03 
 9.358693e+00  3.628020e-03 
 9.359091e+00  3.630271e-03 
 9.359488e+00  3.633210e-03 
 9.359886e+00  3.636830e-03 
 9.360284e+00  3.641131e-03 
 9.360681e+00  3.646106e-03 
 9.361079e+00  3.651749e-03 
 9.361477e+00  3.658053e-03 
 9.361874e+00  3.665008e-03 
 9.362272e+00  3.672616e-03 
 9.362670e+00  3.680869e-03 
 9.363067e+00  3.689748e-03 
 9.363465e+00  3.699241e-03 
 9.363863e+00  3.709345e-03 
 9.364261e+00  3.720046e-03 
 9.364658e+00  3.731337e-03 
 9.365056e+00  3.743217e-03 
 9.365454e+00  3.755687e-03 
 9.365851e+00  3.768730e-03 
 9.366249e+00  3.782336e-03 
 9.366647e+00  3.796490e-03 
 9.367044e+00  3.811183e-03 
 9.367442e+00  3.826389e-03 
 9.367840e+00  3.842094e-03 
 9.368238e+00  3.858282e-03 
 9.368635e+00  3.874930e-03 
 9.369033e+00  3.892024e-03 
 9.369431e+00  3.909550e-03 
 9.369828e+00  3.927499e-03 
 9.370226e+00  3.945853e-03 
 9.370624e+00  3.964611e-03 
 9.371021e+00  3.983759e-03 
 9.371419e+00  4.003296e-03 
 9.371817e+00  4.023225e-03 
 9.372214e+00  4.043530e-03 
 9.372612e+00  4.064209e-03 
 9.373010e+00  4.085245e-03 
 9.373408e+00  4.106632e-03 
 9.373805e+00  4.128355e-03 
 9.374203e+00  4.150402e-03 
 9.374601e+00  4.172757e-03 
 9.374998e+00  4.195398e-03 
 9.375396e+00  4.218301e-03 
 9.375794e+00  4.241449e-03 
 9.376191e+00  4.264829e-03 
 9.376589e+00  4.288417e-03 
 9.376987e+00  4.312205e-03 
 9.377385e+00  4.336180e-03 
 9.377782e+00  4.360334e-03 
 9.378180e+00  4.384654e-03 
 9.378578e+00  4.409125e-03 
 9.378975e+00  4.433740e-03 
 9.379373e+00  4.458479e-03 
 9.379771e+00  4.483325e-03 
 9.380168e+00  4.508272e-03 
 9.380566e+00  4.533304e-03 
 9.380964e+00  4.558407e-03 
 9.381361e+00  4.583569e-03 
 9.381759e+00  4.608780e-03 
 9.382157e+00  4.634018e-03 
 9.382555e+00  4.659275e-03 
 9.382952e+00  4.684540e-03 
 9.383350e+00  4.709804e-03 
 9.383748e+00  4.735055e-03 
 9.384145e+00  4.760289e-03 
 9.384543e+00  4.785509e-03 
 9.384941e+00  4.810704e-03 
 9.385338e+00  4.835866e-03 
 9.385736e+00  4.860977e-03 
 9.386134e+00  4.886025e-03 
 9.386532e+00  4.910991e-03 
 9.386929e+00  4.935857e-03 
 9.387327e+00  4.960615e-03 
 9.387725e+00  4.985242e-03 
 9.388122e+00  5.009718e-03 
 9.388520e+00  5.034022e-03 
 9.388918e+00  5.058139e-03 
 9.389315e+00  5.082046e-03 
 9.389713e+00  5.105718e-03 
 9.390111e+00  5.129139e-03 
 9.390508e+00  5.152288e-03 
 9.390906e+00  5.175146e-03 
 9.391304e+00  5.197697e-03 
 9.391702e+00  5.219928e-03 
 9.392099e+00  5.241819e-03 
 9.392497e+00  5.263349e-03 
 9.392895e+00  5.284507e-03 
 9.393292e+00  5.305295e-03 
 9.393690e+00  5.325693e-03 
 9.394088e+00  5.345689e-03 
 9.394485e+00  5.365278e-03 
 9.394883e+00  5.384446e-03 
 9.395281e+00  5.403179e-03 
 9.395679e+00  5.421463e-03 
 9.396076e+00  5.439286e-03 
 9.396474e+00  5.456631e-03 
 9.396872e+00  5.473493e-03 
 9.397269e+00  5.489872e-03 
 9.397667e+00  5.505759e-03 
 9.398065e+00  5.521161e-03 
 9.398462e+00  5.536063e-03 
 9.398860e+00  5.550471e-03 
 9.399258e+00  5.564383e-03 
 9.399655e+00  5.577789e-03 
 9.400053e+00  5.590680e-03 
 9.400451e+00  5.603054e-03 
 9.400849e+00  5.614900e-03 
 9.401246e+00  5.626213e-03 
 9.401644e+00  5.636985e-03 
 9.402042e+00  5.647205e-03 
 9.402439e+00  5.656868e-03 
 9.402837e+00  5.665953e-03 
 9.403235e+00  5.674445e-03 
 9.403632e+00  5.682332e-03 
 9.404030e+00  5.689610e-03 
 9.404428e+00  5.696265e-03 
 9.404826e+00  5.702289e-03 
 9.405223e+00  5.707683e-03 
 9.405621e+00  5.712435e-03 
 9.406019e+00  5.716537e-03 
 9.406416e+00  5.719976e-03 
 9.406814e+00  5.722750e-03 
 9.407212e+00  5.724851e-03 
 9.407609e+00  5.726269e-03 
 9.408007e+00  5.726994e-03 
 9.408405e+00  5.727017e-03 
 9.408802e+00  5.726327e-03 
 9.409200e+00  5.724925e-03 
 9.409598e+00  5.722804e-03 
 9.409996e+00  5.719954e-03 
 9.410393e+00  5.716381e-03 
 9.410791e+00  5.712078e-03 
 9.411189e+00  5.707055e-03 
 9.411586e+00  5.701318e-03 
 9.411984e+00  5.694860e-03 
 9.412382e+00  5.687699e-03 
 9.412779e+00  5.679840e-03 
 9.413177e+00  5.671296e-03 
 9.413575e+00  5.662074e-03 
 9.413973e+00  5.652172e-03 
 9.414370e+00  5.641596e-03 
 9.414768e+00  5.630339e-03 
 9.415166e+00  5.618414e-03 
 9.415563e+00  5.605823e-03 
 9.415961e+00  5.592569e-03 
 9.416359e+00  5.578675e-03 
 9.416756e+00  5.564154e-03 
 9.417154e+00  5.549020e-03 
 9.417552e+00  5.533287e-03 
 9.417949e+00  5.516963e-03 
 9.418347e+00  5.500052e-03 
 9.418745e+00  5.482568e-03 
 9.419143e+00  5.464532e-03 
 9.419540e+00  5.445953e-03 
 9.419938e+00  5.426849e-03 
 9.420336e+00  5.407232e-03 
 9.420733e+00  5.387114e-03 
 9.421131e+00  5.366512e-03 
 9.421529e+00  5.345442e-03 
 9.421926e+00  5.323907e-03 
 9.422324e+00  5.301918e-03 
 9.422722e+00  5.279492e-03 
 9.423120e+00  5.256639e-03 
 9.423517e+00  5.233384e-03 
 9.423915e+00  5.209745e-03 
 9.424313e+00  5.185728e-03 
 9.424710e+00  5.161357e-03 
 9.425108e+00  5.136652e-03 
 9.425506e+00  5.111643e-03 
 9.425903e+00  5.086346e-03 
 9.426301e+00  5.060781e-03 
 9.426699e+00  5.034968e-03 
 9.427096e+00  5.008925e-03 
 9.427494e+00  4.982668e-03 
 9.427892e+00  4.956214e-03 
 9.428290e+00  4.929581e-03 
 9.428687e+00  4.902783e-03 
 9.429085e+00  4.875838e-03 
 9.429483e+00  4.848758e-03 
 9.429880e+00  4.821554e-03 
 9.430278e+00  4.794237e-03 
 9.430676e+00  4.766820e-03 
 9.431073e+00  4.739312e-03 
 9.431471e+00  4.711733e-03 
 9.431869e+00  4.684098e-03 
 9.432267e+00  4.656432e-03 
 9.432664e+00  4.628762e-03 
 9.433062e+00  4.601110e-03 
 9.433460e+00  4.573494e-03 
 9.433857e+00  4.545941e-03 
 9.434255e+00  4.518466e-03 
 9.434653e+00  4.491098e-03 
 9.435050e+00  4.463855e-03 
 9.435448e+00  4.436771e-03 
 9.435846e+00  4.409866e-03 
 9.436243e+00  4.383164e-03 
 9.436641e+00  4.356688e-03 
 9.437039e+00  4.330463e-03 
 9.437437e+00  4.304507e-03 
 9.437834e+00  4.278839e-03 
 9.438232e+00  4.253484e-03 
 9.438630e+00  4.228469e-03 
 9.439027e+00  4.203813e-03 
 9.439425e+00  4.179546e-03 
 9.439823e+00  4.155699e-03 
 9.440220e+00  4.132282e-03 
 9.440618e+00  4.109315e-03 
 9.441016e+00  4.086815e-03 
 9.441414e+00  4.064799e-03 
 9.441811e+00  4.043282e-03 
 9.442209e+00  4.022260e-03 
 9.442607e+00  4.001746e-03 
 9.443004e+00  3.981739e-03 
 9.443402e+00  3.962246e-03 
 9.443800e+00  3.943260e-03 
 9.444197e+00  3.924794e-03 
 9.444595e+00  3.906863e-03 
 9.444993e+00  3.889460e-03 
 9.445390e+00  3.872598e-03 
 9.445788e+00  3.856281e-03 
 9.446186e+00  3.840509e-03 
 9.446584e+00  3.825281e-03 
 9.446981e+00  3.810602e-03 
 9.447379e+00  3.796472e-03 
 9.447777e+00  3.782891e-03 
 9.448174e+00  3.769874e-03 
 9.448572e+00  3.757424e-03 
 9.448970e+00  3.745548e-03 
 9.449367e+00  3.734247e-03 
 9.449765e+00  3.723523e-03 
 9.450163e+00  3.713380e-03 
 9.450561e+00  3.703821e-03 
 9.450958e+00  3.694857e-03 
 9.451356e+00  3.686490e-03 
 9.451754e+00  3.678732e-03 
 9.452151e+00  3.671587e-03 
 9.452549e+00  3.665071e-03 
 9.452947e+00  3.659195e-03 
 9.453344e+00  3.653968e-03 
 9.453742e+00  3.649399e-03 
 9.454140e+00  3.645495e-03 
 9.454537e+00  3.642262e-03 
 9.454935e+00  3.639703e-03 
 9.455333e+00  3.637821e-03 
 9.455731e+00  3.636615e-03 
 9.456128e+00  3.636088e-03 
 9.456526e+00  3.636241e-03 
 9.456924e+00  3.637071e-03 
 9.457321e+00  3.638576e-03 
 9.457719e+00  3.640749e-03 
 9.458117e+00  3.643588e-03 
 9.458514e+00  3.647091e-03 
 9.458912e+00  3.651243e-03 
 9.459310e+00  3.656037e-03 
 9.459708e+00  3.661462e-03 
 9.460105e+00  3.667516e-03 
 9.460503e+00  3.674205e-03 
 9.460901e+00  3.681517e-03 
 9.461298e+00  3.689442e-03 
 9.461696e+00  3.697971e-03 
 9.462094e+00  3.707092e-03 
 9.462491e+00  3.716788e-03 
 9.462889e+00  3.727049e-03 
 9.463287e+00  3.737867e-03 
 9.463684e+00  3.749223e-03 
 9.464082e+00  3.761108e-03 
 9.464480e+00  3.773521e-03 
 9.464878e+00  3.786462e-03 
 9.465275e+00  3.799928e-03 
 9.465673e+00  3.813894e-03 
 9.466071e+00  3.828354e-03 
 9.466468e+00  3.843301e-03 
 9.466866e+00  3.858731e-03 
 9.467264e+00  3.874645e-03 
 9.467661e+00  3.891045e-03 
 9.468059e+00  3.907926e-03 
 9.468457e+00  3.925285e-03 
 9.468855e+00  3.943118e-03 
 9.469252e+00  3.961407e-03 
 9.469650e+00  3.980135e-03 
 9.470048e+00  3.999280e-03 
 9.470445e+00  4.018825e-03 
 9.470843e+00  4.038762e-03 
 9.471241e+00  4.059079e-03 
 9.471638e+00  4.079774e-03 
 9.472036e+00  4.100827e-03 
 9.472434e+00  4.122234e-03 
 9.472831e+00  4.143982e-03 
 9.473229e+00  4.166058e-03 
 9.473627e+00  4.188440e-03 
 9.474025e+00  4.211117e-03 
 9.474422e+00  4.234077e-03 
 9.474820e+00  4.257307e-03 
 9.475218e+00  4.280791e-03 
 9.475615e+00  4.304511e-03 
 9.476013e+00  4.328453e-03 
 9.476411e+00  4.352600e-03 
 9.476808e+00  4.376937e-03 
 9.477206e+00  4.401450e-03 
 9.477604e+00  4.426125e-03 
 9.478002e+00  4.450949e-03 
 9.478399e+00  4.475903e-03 
 9.478797e+00  4.500979e-03 
 9.479195e+00  4.526171e-03 
 9.479592e+00  4.551472e-03 
 9.479990e+00  4.576877e-03 
 9.480388e+00  4.602383e-03 
 9.480785e+00  4.627980e-03 
 9.481183e+00  4.653659e-03 
 9.481581e+00  4.679404e-03 
 9.481978e+00  4.705206e-03 
 9.482376e+00  4.731042e-03 
 9.482774e+00  4.756897e-03 
 9.483172e+00  4.782754e-03 
 9.483569e+00  4.808594e-03 
 9.483967e+00  4.834400e-03 
 9.484365e+00  4.860145e-03 
 9.484762e+00  4.885811e-03 
 9.485160e+00  4.911371e-03 
 9.485558e+00  4.936803e-03 
 9.485955e+00  4.962083e-03 
 9.486353e+00  4.987195e-03 
 9.486751e+00  5.012127e-03 
 9.487149e+00  5.036869e-03 
 9.487546e+00  5.061402e-03 
 9.487944e+00  5.085716e-03 
 9.488342e+00  5.109791e-03 
 9.488739e+00  5.133614e-03 
 9.489137e+00  5.157169e-03 
 9.489535e+00  5.180438e-03 
 9.489932e+00  5.203405e-03 
 9.490330e+00  5.226048e-03 
 9.490728e+00  5.248348e-03 
 9.491125e+00  5.270295e-03 
 9.491523e+00  5.291877e-03 
 9.491921e+00  5.313075e-03 
 9.492319e+00  5.333881e-03 
 9.492716e+00  5.354290e-03 
 9.493114e+00  5.374295e-03 
 9.493512e+00  5.393883e-03 
 9.493909e+00  5.413048e-03 
 9.494307e+00  5.431790e-03 
 9.494705e+00  5.450092e-03 
 9.495102e+00  5.467952e-03 
 9.495500e+00  5.485363e-03 
 9.495898e+00  5.502328e-03 
 9.496296e+00  5.518831e-03 
 9.496693e+00  5.534873e-03 
 9.497091e+00  5.550435e-03 
 9.497489e+00  5.565489e-03 
 9.497886e+00  5.580027e-03 
 9.498284e+00  5.594028e-03 
 9.498682e+00  5.607479e-03 
 9.499079e+00  5.620349e-03 
 9.499477e+00  5.632638e-03 
 9.499875e+00  5.644337e-03 
 9.500272e+00  5.655428e-03 
 9.500670e+00  5.665914e-03 
 9.501068e+00  5.675768e-03 
 9.501466e+00  5.684980e-03 
 9.501863e+00  5.693535e-03 
 9.502261e+00  5.701415e-03 
 9.502659e+00  5.708598e-03 
 9.503056e+00  5.715068e-03 
 9.503454e+00  5.720809e-03 
 9.503852e+00  5.725817e-03 
 9.504249e+00  5.730073e-03 
 9.504647e+00  5.733574e-03 
 9.505045e+00  5.736303e-03 
 9.505443e+00  5.738261e-03 
 9.505840e+00  5.739446e-03 
 9.506238e+00  5.739860e-03 
 9.506636e+00  5.739510e-03 
 9.507033e+00  5.738403e-03 
 9.507431e+00  5.736537e-03 
 9.507829e+00  5.733924e-03 
 9.508226e+00  5.730573e-03 
 9.508624e+00  5.726495e-03 
 9.509022e+00  5.721698e-03 
 9.509419e+00  5.716179e-03 
 9.509817e+00  5.709950e-03 
 9.510215e+00  5.703015e-03 
 9.510613e+00  5.695390e-03 
 9.511010e+00  5.687085e-03 
 9.511408e+00  5.678112e-03 
 9.511806e+00  5.668488e-03 
 9.512203e+00  5.658219e-03 
 9.512601e+00  5.647324e-03 
 9.512999e+00  5.635815e-03 
 9.513396e+00  5.623695e-03 
 9.513794e+00  5.610975e-03 
 9.514192e+00  5.597664e-03 
 9.514590e+00  5.583791e-03 
 9.514987e+00  5.569348e-03 
 9.515385e+00  5.554351e-03 
 9.515783e+00  5.538812e-03 
 9.516180e+00  5.522732e-03 
 9.516578e+00  5.506120e-03 
 9.516976e+00  5.488971e-03 
 9.517373e+00  5.471276e-03 
 9.517771e+00  5.453039e-03 
 9.518169e+00  5.434273e-03 
 9.518566e+00  5.414980e-03 
 9.518964e+00  5.395170e-03 
 9.519362e+00  5.374854e-03 
 9.519760e+00  5.354046e-03 
 9.520157e+00  5.332766e-03 
 9.520555e+00  5.311019e-03 
 9.520953e+00  5.288820e-03 
 9.521350e+00  5.266180e-03 
 9.521748e+00  5.243103e-03 
 9.522146e+00  5.219614e-03 
 9.522543e+00  5.195735e-03 
 9.522941e+00  5.171482e-03 
 9.523339e+00  5.146881e-03 
 9.523737e+00  5.121951e-03 
 9.524134e+00  5.096709e-03 
 9.524532e+00  5.071175e-03 
 9.524930e+00  5.045356e-03 
 9.525327e+00  5.019280e-03 
 9.525725e+00  4.992962e-03 
 9.526123e+00  4.966423e-03 
 9.526520e+00  4.939686e-03 
 9.526918e+00  4.912790e-03 
 9.527316e+00  4.885750e-03 
 9.527713e+00  4.858597e-03 
 9.528111e+00  4.831353e-03 
 9.528509e+00  4.804046e-03 
 9.528907e+00  4.776706e-03 
 9.529304e+00  4.749345e-03 
 9.529702e+00  4.721991e-03 
 9.530100e+00  4.694663e-03 
 9.530497e+00  4.667384e-03 
 9.530895e+00  4.640172e-03 
 9.531293e+00  4.613041e-03 
 9.531690e+00  4.586002e-03 
 9.532088e+00  4.559076e-03 
 9.532486e+00  4.532270e-03 
 9.532884e+00  4.505616e-03 
 9.533281e+00  4.479126e-03 
 9.533679e+00  4.452816e-03 
 9.534077e+00  4.426710e-03 
 9.534474e+00  4.400822e-03 
 9.534872e+00  4.375179e-03 
 9.535270e+00  4.349795e-03 
 9.535667e+00  4.324684e-03 
 9.536065e+00  4.299856e-03 
 9.536463e+00  4.275320e-03 
 9.536860e+00  4.251085e-03 
 9.537258e+00  4.227157e-03 
 9.537656e+00  4.203545e-03 
 9.538054e+00  4.180260e-03 
 9.538451e+00  4.157318e-03 
 9.538849e+00  4.134729e-03 
 9.539247e+00  4.112505e-03 
 9.539644e+00  4.090654e-03 
 9.540042e+00  4.069200e-03 
 9.540440e+00  4.048148e-03 
 9.540837e+00  4.027513e-03 
 9.541235e+00  4.007311e-03 
 9.541633e+00  3.987556e-03 
 9.542031e+00  3.968266e-03 
 9.542428e+00  3.949452e-03 
 9.542826e+00  3.931121e-03 
 9.543224e+00  3.913287e-03 
 9.543621e+00  3.895966e-03 
 9.544019e+00  3.879141e-03 
 9.544417e+00  3.862844e-03 
 9.544814e+00  3.847073e-03 
 9.545212e+00  3.831835e-03 
 9.545610e+00  3.817134e-03 
 9.546007e+00  3.802977e-03 
 9.546405e+00  3.789377e-03 
 9.546803e+00  3.776335e-03 
 9.547201e+00  3.763868e-03 
 9.547598e+00  3.751987e-03 
 9.547996e+00  3.740700e-03 
 9.548394e+00  3.730018e-03 
 9.548791e+00  3.719954e-03 
 9.549189e+00  3.710518e-03 
 9.549587e+00  3.701710e-03 
 9.549984e+00  3.693540e-03 
 9.550382e+00  3.686012e-03 
 9.550780e+00  3.679131e-03 
 9.551178e+00  3.672902e-03 
 9.551575e+00  3.667332e-03 
 9.551973e+00  3.662432e-03 
 9.552371e+00  3.658200e-03 
 9.552768e+00  3.654631e-03 
 9.553166e+00  3.651721e-03 
 9.553564e+00  3.649459e-03 
 9.553961e+00  3.647845e-03 
 9.554359e+00  3.646869e-03 
 9.554757e+00  3.646539e-03 
 9.555154e+00  3.646849e-03 
 9.555552e+00  3.647792e-03 
 9.555950e+00  3.649369e-03 
 9.556348e+00  3.651577e-03 
 9.556745e+00  3.654408e-03 
 9.557143e+00  3.657854e-03 
 9.557541e+00  3.661904e-03 
 9.557938e+00  3.666548e-03 
 9.558336e+00  3.671778e-03 
 9.558734e+00  3.677587e-03 
 9.559131e+00  3.683971e-03 
 9.559529e+00  3.690918e-03 
 9.559927e+00  3.698414e-03 
 9.560325e+00  3.706453e-03 
 9.560722e+00  3.715033e-03 
 9.561120e+00  3.724144e-03 
 9.561518e+00  3.733777e-03 
 9.561915e+00  3.743943e-03 
 9.562313e+00  3.754636e-03 
 9.562711e+00  3.765853e-03 
 9.563108e+00  3.777594e-03 
 9.563506e+00  3.789856e-03 
 9.563904e+00  3.802639e-03 
 9.564301e+00  3.815935e-03 
 9.564699e+00  3.829731e-03 
 9.565097e+00  3.844028e-03 
 9.565495e+00  3.858822e-03 
 9.565892e+00  3.874104e-03 
 9.566290e+00  3.889876e-03 
 9.566688e+00  3.906142e-03 
 9.567085e+00  3.922897e-03 
 9.567483e+00  3.940141e-03 
 9.567881e+00  3.957869e-03 
 9.568278e+00  3.976080e-03 
 9.568676e+00  3.994762e-03 
 9.569074e+00  4.013910e-03 
 9.569472e+00  4.033515e-03 
 9.569869e+00  4.053571e-03 
 9.570267e+00  4.074067e-03 
 9.570665e+00  4.094993e-03 
 9.571062e+00  4.116332e-03 
 9.571460e+00  4.138058e-03 
 9.571858e+00  4.160158e-03 
 9.572255e+00  4.182609e-03 
 9.572653e+00  4.205393e-03 
 9.573051e+00  4.228493e-03 
 9.573448e+00  4.251894e-03 
 9.573846e+00  4.275592e-03 
 9.574244e+00  4.299575e-03 
 9.574642e+00  4.323841e-03 
 9.575039e+00  4.348370e-03 
 9.575437e+00  4.373145e-03 
 9.575835e+00  4.398156e-03 
 9.576232e+00  4.423376e-03 
 9.576630e+00  4.448789e-03 
 9.577028e+00  4.474380e-03 
 9.577425e+00  4.500119e-03 
 9.577823e+00  4.525983e-03 
 9.578221e+00  4.551963e-03 
 9.578619e+00  4.578026e-03 
 9.579016e+00  4.604156e-03 
 9.579414e+00  4.630328e-03 
 9.579812e+00  4.656525e-03 
 9.580209e+00  4.682728e-03 
 9.580607e+00  4.708921e-03 
 9.581005e+00  4.735094e-03 
 9.581402e+00  4.761242e-03 
 9.581800e+00  4.787349e-03 
 9.582198e+00  4.813404e-03 
 9.582595e+00  4.839394e-03 
 9.582993e+00  4.865307e-03 
 9.583391e+00  4.891126e-03 
 9.583789e+00  4.916843e-03 
 9.584186e+00  4.942450e-03 
 9.584584e+00  4.967928e-03 
 9.584982e+00  4.993259e-03 
 9.585379e+00  5.018435e-03 
 9.585777e+00  5.043439e-03 
 9.586175e+00  5.068252e-03 
 9.586572e+00  5.092860e-03 
 9.586970e+00  5.117252e-03 
 9.587368e+00  5.141409e-03 
 9.587766e+00  5.165318e-03 
 9.588163e+00  5.188963e-03 
 9.588561e+00  5.212337e-03 
 9.588959e+00  5.235421e-03 
 9.589356e+00  5.258199e-03 
 9.589754e+00  5.280662e-03 
 9.590152e+00  5.302804e-03 
 9.590549e+00  5.324611e-03 
 9.590947e+00  5.346060e-03 
 9.591345e+00  5.367136e-03 
 9.591742e+00  5.387816e-03 
 9.592140e+00  5.408074e-03 
 9.592538e+00  5.427894e-03 
 9.592936e+00  5.447257e-03 
 9.593333e+00  5.466134e-03 
 9.593731e+00  5.484511e-03 
 9.594129e+00  5.502383e-03 
 9.594526e+00  5.519718e-03 
 9.594924e+00  5.536502e-03 
 9.595322e+00  5.552717e-03 
 9.595719e+00  5.568355e-03 
 9.596117e+00  5.583386e-03 
 9.596515e+00  5.597814e-03 
 9.596913e+00  5.611614e-03 
 9.597310e+00  5.624767e-03 
 9.597708e+00  5.637257e-03 
 9.598106e+00  5.649066e-03 
 9.598503e+00  5.660181e-03 
 9.598901e+00  5.670589e-03 
 9.599299e+00  5.680279e-03 
 9.599696e+00  5.689249e-03 
 9.600094e+00  5.697484e-03 
 9.600492e+00  5.704987e-03 
 9.600889e+00  5.711743e-03 
 9.601287e+00  5.717756e-03 
 9.601685e+00  5.723032e-03 
 9.602083e+00  5.727572e-03 
 9.602480e+00  5.731386e-03 
 9.602878e+00  5.734486e-03 
 9.603276e+00  5.736885e-03 
 9.603673e+00  5.738580e-03 
 9.604071e+00  5.739580e-03 
 9.604469e+00  5.739882e-03 
 9.604866e+00  5.739489e-03 
 9.605264e+00  5.738396e-03 
 9.605662e+00  5.736607e-03 
 9.606060e+00  5.734132e-03 
 9.606457e+00  5.730971e-03 
 9.606855e+00  5.727129e-03 
 9.607253e+00  5.722603e-03 
 9.607650e+00  5.717405e-03 
 9.608048e+00  5.711538e-03 
 9.608446e+00  5.705006e-03 
 9.608843e+00  5.697812e-03 
 9.609241e+00  5.689957e-03 
 9.609639e+00  5.681456e-03 
 9.610036e+00  5.672308e-03 
 9.610434e+00  5.662521e-03 
 9.610832e+00  5.652083e-03 
 9.611230e+00  5.640990e-03 
 9.611627e+00  5.629240e-03 
 9.612025e+00  5.616838e-03 
 9.612423e+00  5.603784e-03 
 9.612820e+00  5.590077e-03 
 9.613218e+00  5.575718e-03 
 9.613616e+00  5.560716e-03 
 9.614013e+00  5.545082e-03 
 9.614411e+00  5.528831e-03 
 9.614809e+00  5.511962e-03 
 9.615207e+00  5.494481e-03 
 9.615604e+00  5.476409e-03 
 9.616002e+00  5.457764e-03 
 9.616400e+00  5.438565e-03 
 9.616797e+00  5.418828e-03 
 9.617195e+00  5.398566e-03 
 9.617593e+00  5.377810e-03 
 9.617990e+00  5.356579e-03 
 9.618388e+00  5.334905e-03 
 9.618786e+00  5.312806e-03 
 9.619183e+00  5.290294e-03 
 9.619581e+00  5.267393e-03 
 9.619979e+00  5.244109e-03 
 9.620377e+00  5.220480e-03 
 9.620774e+00  5.196529e-03 
 9.621172e+00  5.172273e-03 
 9.621570e+00  5.147741e-03 
 9.621967e+00  5.122958e-03 
 9.622365e+00  5.097950e-03 
 9.622763e+00  5.072734e-03 
 9.623160e+00  5.047335e-03 
 9.623558e+00  5.021761e-03 
 9.623956e+00  4.996030e-03 
 9.624354e+00  4.970161e-03 
 9.624751e+00  4.944181e-03 
 9.625149e+00  4.918099e-03 
 9.625547e+00  4.891934e-03 
 9.625944e+00  4.865698e-03 
 9.626342e+00  4.839395e-03 
 9.626740e+00  4.813047e-03 
 9.627137e+00  4.786659e-03 
 9.627535e+00  4.760246e-03 
 9.627933e+00  4.733827e-03 
 9.628330e+00  4.707420e-03 
 9.628728e+00  4.681041e-03 
 9.629126e+00  4.654704e-03 
 9.629524e+00  4.628426e-03 
 9.629921e+00  4.602222e-03 
 9.630319e+00  4.576104e-03 
 9.630717e+00  4.550080e-03 
 9.631114e+00  4.524159e-03 
 9.631512e+00  4.498355e-03 
 9.631910e+00  4.472684e-03 
 9.632307e+00  4.447151e-03 
 9.632705e+00  4.421769e-03 
 9.633103e+00  4.396557e-03 
 9.633501e+00  4.371519e-03 
 9.633898e+00  4.346672e-03 
 9.634296e+00  4.322041e-03 
 9.634694e+00  4.297632e-03 
 9.635091e+00  4.273468e-03 
 9.635489e+00  4.249571e-03 
 9.635887e+00  4.225968e-03 
 9.636284e+00  4.202684e-03 
 9.636682e+00  4.179741e-03 
 9.637080e+00  4.157158e-03 
 9.637477e+00  4.134949e-03 
 9.637875e+00  4.113133e-03 
 9.638273e+00  4.091719e-03 
 9.638671e+00  4.070717e-03 
 9.639068e+00  4.050141e-03 
 9.639466e+00  4.029998e-03 
 9.639864e+00  4.010286e-03 
 9.640261e+00  3.991023e-03 
 9.640659e+00  3.972220e-03 
 9.641057e+00  3.953878e-03 
 9.641454e+00  3.936019e-03 
 9.641852e+00  3.918643e-03 
 9.642250e+00  3.901762e-03 
 9.642648e+00  3.885394e-03 
 9.643045e+00  3.869545e-03 
 9.643443e+00  3.854234e-03 
 9.643841e+00  3.839456e-03 
 9.644238e+00  3.825229e-03 
 9.644636e+00  3.811558e-03 
 9.645034e+00  3.798453e-03 
 9.645431e+00  3.785920e-03 
 9.645829e+00  3.773957e-03 
 9.646227e+00  3.762570e-03 
 9.646624e+00  3.751767e-03 
 9.647022e+00  3.741546e-03 
 9.647420e+00  3.731905e-03 
 9.647818e+00  3.722851e-03 
 9.648215e+00  3.714372e-03 
 9.648613e+00  3.706478e-03 
 9.649011e+00  3.699159e-03 
 9.649408e+00  3.692418e-03 
 9.649806e+00  3.686255e-03 
 9.650204e+00  3.680665e-03 
 9.650601e+00  3.675655e-03 
 9.650999e+00  3.671221e-03 
 9.651397e+00  3.667366e-03 
 9.651795e+00  3.664092e-03 
 9.652192e+00  3.661396e-03 
 9.652590e+00  3.659270e-03 
 9.652988e+00  3.657715e-03 
 9.653385e+00  3.656732e-03 
 9.653783e+00  3.656327e-03 
 9.654181e+00  3.656500e-03 
 9.654578e+00  3.657244e-03 
 9.654976e+00  3.658558e-03 
 9.655374e+00  3.660445e-03 
 9.655771e+00  3.662905e-03 
 9.656169e+00  3.665942e-03 
 9.656567e+00  3.669553e-03 
 9.656965e+00  3.673743e-03 
 9.657362e+00  3.678515e-03 
 9.657760e+00  3.683885e-03 
 9.658158e+00  3.689861e-03 
 9.658555e+00  3.696439e-03 
 9.658953e+00  3.703608e-03 
 9.659351e+00  3.711375e-03 
 9.659748e+00  3.719744e-03 
 9.660146e+00  3.728721e-03 
 9.660544e+00  3.738300e-03 
 9.660942e+00  3.748485e-03 
 9.661339e+00  3.759278e-03 
 9.661737e+00  3.770680e-03 
 9.662135e+00  3.782690e-03 
 9.662532e+00  3.795317e-03 
 9.662930e+00  3.808547e-03 
 9.663328e+00  3.822368e-03 
 9.663725e+00  3.836773e-03 
 9.664123e+00  3.851764e-03 
 9.664521e+00  3.867332e-03 
 9.664918e+00  3.883460e-03 
 9.665316e+00  3.900129e-03 
 9.665714e+00  3.917327e-03 
 9.666112e+00  3.935031e-03 
 9.666509e+00  3.953215e-03 
 9.666907e+00  3.971862e-03 
 9.667305e+00  3.990946e-03 
 9.667702e+00  4.010452e-03 
 9.668100e+00  4.030372e-03 
 9.668498e+00  4.050702e-03 
 9.668895e+00  4.071435e-03 
 9.669293e+00  4.092566e-03 
 9.669691e+00  4.114091e-03 
 9.670089e+00  4.136004e-03 
 9.670486e+00  4.158290e-03 
 9.670884e+00  4.180931e-03 
 9.671282e+00  4.203913e-03 
 9.671679e+00  4.227225e-03 
 9.672077e+00  4.250854e-03 
 9.672475e+00  4.274793e-03 
 9.672872e+00  4.299023e-03 
 9.673270e+00  4.323522e-03 
 9.673668e+00  4.348280e-03 
 9.674065e+00  4.373279e-03 
 9.674463e+00  4.398498e-03 
 9.674861e+00  4.423924e-03 
 9.675259e+00  4.449548e-03 
 9.675656e+00  4.475360e-03 
 9.676054e+00  4.501359e-03 
 9.676452e+00  4.527537e-03 
 9.676849e+00  4.553882e-03 
 9.677247e+00  4.580383e-03 
 9.677645e+00  4.607023e-03 
 9.678042e+00  4.633791e-03 
 9.678440e+00  4.660663e-03 
 9.678838e+00  4.687626e-03 
 9.679235e+00  4.714655e-03 
 9.679633e+00  4.741732e-03 
 9.680031e+00  4.768845e-03 
 9.680429e+00  4.795969e-03 
 9.680826e+00  4.823079e-03 
 9.681224e+00  4.850149e-03 
 9.681622e+00  4.877157e-03 
 9.682019e+00  4.904086e-03 
 9.682417e+00  4.930906e-03 
 9.682815e+00  4.957596e-03 
 9.683212e+00  4.984135e-03 
 9.683610e+00  5.010502e-03 
 9.684008e+00  5.036680e-03 
 9.684406e+00  5.062656e-03 
 9.684803e+00  5.088409e-03 
 9.685201e+00  5.113909e-03 
 9.685599e+00  5.139143e-03 
 9.685996e+00  5.164085e-03 
 9.686394e+00  5.188720e-03 
 9.686792e+00  5.213021e-03 
 9.687189e+00  5.236959e-03 
 9.687587e+00  5.260518e-03 
 9.687985e+00  5.283680e-03 
 9.688382e+00  5.306423e-03 
 9.688780e+00  5.328743e-03 
 9.689178e+00  5.350621e-03 
 9.689576e+00  5.372028e-03 
 9.689973e+00  5.392952e-03 
 9.690371e+00  5.413383e-03 
 9.690769e+00  5.433307e-03 
 9.691166e+00  5.452708e-03 
 9.691564e+00  5.471581e-03 
 9.691962e+00  5.489916e-03 
 9.692359e+00  5.507692e-03 
 9.692757e+00  5.524916e-03 
 9.693155e+00  5.541559e-03 
 9.693553e+00  5.557606e-03 
 9.693950e+00  5.573025e-03 
 9.694348e+00  5.587820e-03 
 9.694746e+00  5.601967e-03 
 9.695143e+00  5.615447e-03 
 9.695541e+00  5.628263e-03 
 9.695939e+00  5.640400e-03 
 9.696336e+00  5.651853e-03 
 9.696734e+00  5.662628e-03 
 9.697132e+00  5.672725e-03 
 9.697529e+00  5.682155e-03 
 9.697927e+00  5.690906e-03 
 9.698325e+00  5.698977e-03 
 9.698723e+00  5.706362e-03 
 9.699120e+00  5.713061e-03 
 9.699518e+00  5.719063e-03 
 9.699916e+00  5.724370e-03 
 9.700313e+00  5.728975e-03 
 9.700711e+00  5.732869e-03 
 9.701109e+00  5.736050e-03 
 9.701506e+00  5.738515e-03 
 9.701904e+00  5.740268e-03 
 9.702302e+00  5.741299e-03 
 9.702700e+00  5.741605e-03 
 9.703097e+00  5.741193e-03 
 9.703495e+00  5.740068e-03 
 9.703893e+00  5.738241e-03 
 9.704290e+00  5.735722e-03 
 9.704688e+00  5.732513e-03 
 9.705086e+00  5.728622e-03 
 9.705483e+00  5.724052e-03 
 9.705881e+00  5.718804e-03 
 9.706279e+00  5.712868e-03 
 9.706676e+00  5.706240e-03 
 9.707074e+00  5.698904e-03 
 9.707472e+00  5.690854e-03 
 9.707870e+00  5.682099e-03 
 9.708267e+00  5.672642e-03 
 9.708665e+00  5.662477e-03 
 9.709063e+00  5.651615e-03 
 9.709460e+00  5.640062e-03 
 9.709858e+00  5.627833e-03 
 9.710256e+00  5.614945e-03 
 9.710653e+00  5.601406e-03 
 9.711051e+00  5.587227e-03 
 9.711449e+00  5.572426e-03 
 9.711847e+00  5.557028e-03 
 9.712244e+00  5.541057e-03 
 9.712642e+00  5.524530e-03 
 9.713040e+00  5.507460e-03 
 9.713437e+00  5.489862e-03 
 9.713835e+00  5.471757e-03 
 9.714233e+00  5.453171e-03 
 9.714630e+00  5.434119e-03 
 9.715028e+00  5.414613e-03 
 9.715426e+00  5.394676e-03 
 9.715823e+00  5.374324e-03 
 9.716221e+00  5.353590e-03 
 9.716619e+00  5.332499e-03 
 9.717017e+00  5.311059e-03 
 9.717414e+00  5.289293e-03 
 9.717812e+00  5.267213e-03 
 9.718210e+00  5.244836e-03 
 9.718607e+00  5.222181e-03 
 9.719005e+00  5.199256e-03 
 9.719403e+00  5.176083e-03 
 9.719800e+00  5.152673e-03 
 9.720198e+00  5.129046e-03 
 9.720596e+00  5.105214e-03 
 9.720994e+00  5.081183e-03 
 9.721391e+00  5.056960e-03 
 9.721789e+00  5.032553e-03 
 9.722187e+00  5.007964e-03 
 9.722584e+00  4.983211e-03 
 9.722982e+00  4.958304e-03 
 9.723380e+00  4.933265e-03 
 9.723777e+00  4.908109e-03 
 9.724175e+00  4.882859e-03 
 9.724573e+00  4.857525e-03 
 9.724970e+00  4.832110e-03 
 9.725368e+00  4.806625e-03 
 9.725766e+00  4.781081e-03 
 9.726164e+00  4.755491e-03 
 9.726561e+00  4.729861e-03 
 9.726959e+00  4.704200e-03 
 9.727357e+00  4.678519e-03 
 9.727754e+00  4.652826e-03 
 9.728152e+00  4.627146e-03 
 9.728550e+00  4.601486e-03 
 9.728947e+00  4.575858e-03 
 9.729345e+00  4.550284e-03 
 9.729743e+00  4.524783e-03 
 9.730141e+00  4.499381e-03 
 9.730538e+00  4.474098e-03 
 9.730936e+00  4.448967e-03 
 9.731334e+00  4.424008e-03 
 9.731731e+00  4.399247e-03 
 9.732129e+00  4.374714e-03 
 9.732527e+00  4.350425e-03 
 9.732924e+00  4.326387e-03 
 9.733322e+00  4.302610e-03 
 9.733720e+00  4.279098e-03 
 9.734117e+00  4.255859e-03 
 9.734515e+00  4.232902e-03 
 9.734913e+00  4.210230e-03 
 9.735311e+00  4.187855e-03 
 9.735708e+00  4.165793e-03 
 9.736106e+00  4.144057e-03 
 9.736504e+00  4.122669e-03 
 9.736901e+00  4.101648e-03 
 9.737299e+00  4.081009e-03 
 9.737697e+00  4.060752e-03 
 9.738094e+00  4.040907e-03 
 9.738492e+00  4.021485e-03 
 9.738890e+00  4.002486e-03 
 9.739288e+00  3.983929e-03 
 9.739685e+00  3.965810e-03 
 9.740083e+00  3.948132e-03 
 9.740481e+00  3.930906e-03 
 9.740878e+00  3.914121e-03 
 9.741276e+00  3.897781e-03 
 9.741674e+00  3.881892e-03 
 9.742071e+00  3.866449e-03 
 9.742469e+00  3.851467e-03 
 9.742867e+00  3.836940e-03 
 9.743264e+00  3.822884e-03 
 9.743662e+00  3.809303e-03 
 9.744060e+00  3.796199e-03 
 9.744458e+00  3.783585e-03 
 9.744855e+00  3.771476e-03 
 9.745253e+00  3.759882e-03 
 9.745651e+00  3.748809e-03 
 9.746048e+00  3.738271e-03 
 9.746446e+00  3.728260e-03 
 9.746844e+00  3.718790e-03 
 9.747241e+00  3.709860e-03 
 9.747639e+00  3.701472e-03 
 9.748037e+00  3.693636e-03 
 9.748435e+00  3.686357e-03 
 9.748832e+00  3.679638e-03 
 9.749230e+00  3.673493e-03 
 9.749628e+00  3.667923e-03 
 9.750025e+00  3.662936e-03 
 9.750423e+00  3.658528e-03 
 9.750821e+00  3.654708e-03 
 9.751218e+00  3.651481e-03 
 9.751616e+00  3.648867e-03 
 9.752014e+00  3.646874e-03 
 9.752411e+00  3.645511e-03 
 9.752809e+00  3.644786e-03 
 9.753207e+00  3.644709e-03 
 9.753605e+00  3.645278e-03 
 9.754002e+00  3.646498e-03 
 9.754400e+00  3.648375e-03 
 9.754798e+00  3.650914e-03 
 9.755195e+00  3.654115e-03 
 9.755593e+00  3.657991e-03 
 9.755991e+00  3.662541e-03 
 9.756388e+00  3.667762e-03 
 9.756786e+00  3.673646e-03 
 9.757184e+00  3.680201e-03 
 9.757582e+00  3.687422e-03 
 9.757979e+00  3.695308e-03 
 9.758377e+00  3.703854e-03 
 9.758775e+00  3.713061e-03 
 9.759172e+00  3.722923e-03 
 9.759570e+00  3.733428e-03 
 9.759968e+00  3.744569e-03 
 9.760365e+00  3.756342e-03 
 9.760763e+00  3.768727e-03 
 9.761161e+00  3.781715e-03 
 9.761558e+00  3.795292e-03 
 9.761956e+00  3.809442e-03 
 9.762354e+00  3.824146e-03 
 9.762752e+00  3.839387e-03 
 9.763149e+00  3.855158e-03 
 9.763547e+00  3.871465e-03 
 9.763945e+00  3.888303e-03 
 9.764342e+00  3.905667e-03 
 9.764740e+00  3.923567e-03 
 9.765138e+00  3.941999e-03 
 9.765535e+00  3.960957e-03 
 9.765933e+00  3.980439e-03 
 9.766331e+00  4.000428e-03 
 9.766729e+00  4.020921e-03 
 9.767126e+00  4.041903e-03 
 9.767524e+00  4.063371e-03 
 9.767922e+00  4.085310e-03 
 9.768319e+00  4.107706e-03 
 9.768717e+00  4.130539e-03 
 9.769115e+00  4.153789e-03 
 9.769512e+00  4.177432e-03 
 9.769910e+00  4.201461e-03 
 9.770308e+00  4.225866e-03 
 9.770705e+00  4.250633e-03 
 9.771103e+00  4.275743e-03 
 9.771501e+00  4.301199e-03 
 9.771899e+00  4.326987e-03 
 9.772296e+00  4.353090e-03 
 9.772694e+00  4.379488e-03 
 9.773092e+00  4.406162e-03 
 9.773489e+00  4.433087e-03 
 9.773887e+00  4.460241e-03 
 9.774285e+00  4.487597e-03 
 9.774682e+00  4.515126e-03 
 9.775080e+00  4.542802e-03 
 9.775478e+00  4.570594e-03 
 9.775876e+00  4.598473e-03 
 9.776273e+00  4.626417e-03 
 9.776671e+00  4.654391e-03 
 9.777069e+00  4.682381e-03 
 9.777466e+00  4.710361e-03 
 9.777864e+00  4.738319e-03 
 9.778262e+00  4.766230e-03 
 9.778659e+00  4.794072e-03 
 9.779057e+00  4.821832e-03 
 9.779455e+00  4.849492e-03 
 9.779852e+00  4.877033e-03 
 9.780250e+00  4.904434e-03 
 9.780648e+00  4.931676e-03 
 9.781046e+00  4.958740e-03 
 9.781443e+00  4.985595e-03 
 9.781841e+00  5.012221e-03 
 9.782239e+00  5.038600e-03 
 9.782636e+00  5.064714e-03 
 9.783034e+00  5.090538e-03 
 9.783432e+00  5.116062e-03 
 9.783829e+00  5.141269e-03 
 9.784227e+00  5.166140e-03 
 9.784625e+00  5.190663e-03 
 9.785023e+00  5.214814e-03 
 9.785420e+00  5.238582e-03 
 9.785818e+00  5.261950e-03 
 9.786216e+00  5.284898e-03 
 9.786613e+00  5.307427e-03 
 9.787011e+00  5.329516e-03 
 9.787409e+00  5.351151e-03 
 9.787806e+00  5.372312e-03 
 9.788204e+00  5.392978e-03 
 9.788602e+00  5.413133e-03 
 9.788999e+00  5.432739e-03 
 9.789397e+00  5.451802e-03 
 9.789795e+00  5.470291e-03 
 9.790193e+00  5.488197e-03 
 9.790590e+00  5.505513e-03 
 9.790988e+00  5.522222e-03 
 9.791386e+00  5.538310e-03 
 9.791783e+00  5.553787e-03 
 9.792181e+00  5.568656e-03 
 9.792579e+00  5.582902e-03 
 9.792976e+00  5.596535e-03 
 9.793374e+00  5.609544e-03 
 9.793772e+00  5.621926e-03 
 9.794170e+00  5.633677e-03 
 9.794567e+00  5.644775e-03 
 9.794965e+00  5.655217e-03 
 9.795363e+00  5.664995e-03 
 9.795760e+00  5.674094e-03 
 9.796158e+00  5.682517e-03 
 9.796556e+00  5.690249e-03 
 9.796953e+00  5.697301e-03 
 9.797351e+00  5.703668e-03 
 9.797749e+00  5.709344e-03 
 9.798146e+00  5.714338e-03 
 9.798544e+00  5.718653e-03 
 9.798942e+00  5.722294e-03 
 9.799340e+00  5.725266e-03 
 9.799737e+00  5.727573e-03 
 9.800135e+00  5.729213e-03 
 9.800533e+00  5.730186e-03 
 9.800930e+00  5.730487e-03 
 9.801328e+00  5.730105e-03 
 9.801726e+00  5.729026e-03 
 9.802123e+00  5.727235e-03 
 9.802521e+00  5.724726e-03 
 9.802919e+00  5.721492e-03 
 9.803317e+00  5.717533e-03 
 9.803714e+00  5.712846e-03 
 9.804112e+00  5.707436e-03 
 9.804510e+00  5.701308e-03 
 9.804907e+00  5.694471e-03 
 9.805305e+00  5.686934e-03 
 9.805703e+00  5.678716e-03 
 9.806100e+00  5.669836e-03 
 9.806498e+00  5.660309e-03 
 9.806896e+00  5.650159e-03 
 9.807293e+00  5.639396e-03 
 9.807691e+00  5.628045e-03 
 9.808089e+00  5.616128e-03 
 9.808487e+00  5.603659e-03 
 9.808884e+00  5.590649e-03 
 9.809282e+00  5.577128e-03 
 9.809680e+00  5.563114e-03 
 9.810077e+00  5.548609e-03 
 9.810475e+00  5.533635e-03 
 9.810873e+00  5.518203e-03 
 9.811270e+00  5.502327e-03 
 9.811668e+00  5.486030e-03 
 9.812066e+00  5.469333e-03 
 9.812464e+00  5.452240e-03 
 9.812861e+00  5.434769e-03 
 9.813259e+00  5.416924e-03 
 9.813657e+00  5.398715e-03 
 9.814054e+00  5.380158e-03 
 9.814452e+00  5.361241e-03 
 9.814850e+00  5.341973e-03 
 9.815247e+00  5.322357e-03 
 9.815645e+00  5.302404e-03 
 9.816043e+00  5.282130e-03 
 9.816440e+00  5.261526e-03 
 9.816838e+00  5.240595e-03 
 9.817236e+00  5.219335e-03 
 9.817634e+00  5.197751e-03 
 9.818031e+00  5.175848e-03 
 9.818429e+00  5.153634e-03 
 9.818827e+00  5.131107e-03 
 9.819224e+00  5.108280e-03 
 9.819622e+00  5.085173e-03 
 9.820020e+00  5.061794e-03 
 9.820417e+00  5.038154e-03 
 9.820815e+00  5.014266e-03 
 9.821213e+00  4.990142e-03 
 9.821611e+00  4.965795e-03 
 9.822008e+00  4.941241e-03 
 9.822406e+00  4.916506e-03 
 9.822804e+00  4.891598e-03 
 9.823201e+00  4.866538e-03 
 9.823599e+00  4.841346e-03 
 9.823997e+00  4.816047e-03 
 9.824394e+00  4.790659e-03 
 9.824792e+00  4.765216e-03 
 9.825190e+00  4.739741e-03 
 9.825587e+00  4.714261e-03 
 9.825985e+00  4.688806e-03 
 9.826383e+00  4.663397e-03 
 9.826781e+00  4.638062e-03 
 9.827178e+00  4.612816e-03 
 9.827576e+00  4.587667e-03 
 9.827974e+00  4.562623e-03 
 9.828371e+00  4.537698e-03 
 9.828769e+00  4.512896e-03 
 9.829167e+00  4.488217e-03 
 9.829564e+00  4.463666e-03 
 9.829962e+00  4.439241e-03 
 9.830360e+00  4.414945e-03 
 9.830758e+00  4.390782e-03 
 9.831155e+00  4.366763e-03 
 9.831553e+00  4.342904e-03 
 9.831951e+00  4.319223e-03 
 9.832348e+00  4.295727e-03 
 9.832746e+00  4.272433e-03 
 9.833144e+00  4.249356e-03 
 9.833541e+00  4.226502e-03 
 9.833939e+00  4.203892e-03 
 9.834337e+00  4.181533e-03 
 9.834734e+00  4.159435e-03 
 9.835132e+00  4.137599e-03 
 9.835530e+00  4.116032e-03 
 9.835928e+00  4.094756e-03 
 9.836325e+00  4.073763e-03 
 9.836723e+00  4.053050e-03 
 9.837121e+00  4.032630e-03 
 9.837518e+00  4.012516e-03 
 9.837916e+00  3.992719e-03 
 9.838314e+00  3.973267e-03 
 9.838711e+00  3.954185e-03 
 9.839109e+00  3.935486e-03 
 9.839507e+00  3.917197e-03 
 9.839905e+00  3.899339e-03 
 9.840302e+00  3.881927e-03 
 9.840700e+00  3.864983e-03 
 9.841098e+00  3.848531e-03 
 9.841495e+00  3.832579e-03 
 9.841893e+00  3.817135e-03 
 9.842291e+00  3.802212e-03 
 9.842688e+00  3.787819e-03 
 9.843086e+00  3.773960e-03 
 9.843484e+00  3.760648e-03 
 9.843881e+00  3.747885e-03 
 9.844279e+00  3.735685e-03 
 9.844677e+00  3.724057e-03 
 9.845075e+00  3.713015e-03 
 9.845472e+00  3.702549e-03 
 9.845870e+00  3.692675e-03 
 9.846268e+00  3.683396e-03 
 9.846665e+00  3.674724e-03 
 9.847063e+00  3.666667e-03 
 9.847461e+00  3.659251e-03 
 9.847858e+00  3.652483e-03 
 9.848256e+00  3.646377e-03 
 9.848654e+00  3.640950e-03 
 9.849052e+00  3.636213e-03 
 9.849449e+00  3.632165e-03 
 9.849847e+00  3.628821e-03 
 9.850245e+00  3.626186e-03 
 9.850642e+00  3.624265e-03 
 9.851040e+00  3.623066e-03 
 9.851438e+00  3.622587e-03 
 9.851835e+00  3.622840e-03 
 9.852233e+00  3.623828e-03 
 9.852631e+00  3.625545e-03 
 9.853028e+00  3.628005e-03 
 9.853426e+00  3.631198e-03 
 9.853824e+00  3.635127e-03 
 9.854222e+00  3.639777e-03 
 9.854619e+00  3.645147e-03 
 9.855017e+00  3.651232e-03 
 9.855415e+00  3.658019e-03 
 9.855812e+00  3.665508e-03 
 9.856210e+00  3.673686e-03 
 9.856608e+00  3.682538e-03 
 9.857005e+00  3.692045e-03 
 9.857403e+00  3.702199e-03 
 9.857801e+00  3.712995e-03 
 9.858199e+00  3.724418e-03 
 9.858596e+00  3.736453e-03 
 9.858994e+00  3.749098e-03 
 9.859392e+00  3.762355e-03 
 9.859789e+00  3.776227e-03 
 9.860187e+00  3.790703e-03 
 9.860585e+00  3.805788e-03 
 9.860982e+00  3.821477e-03 
 9.861380e+00  3.837757e-03 
 9.861778e+00  3.854620e-03 
 9.862175e+00  3.872067e-03 
 9.862573e+00  3.890088e-03 
 9.862971e+00  3.908663e-03 
 9.863369e+00  3.927787e-03 
 9.863766e+00  3.947445e-03 
 9.864164e+00  3.967632e-03 
 9.864562e+00  3.988329e-03 
 9.864959e+00  4.009522e-03 
 9.865357e+00  4.031210e-03 
 9.865755e+00  4.053383e-03 
 9.866152e+00  4.076033e-03 
 9.866550e+00  4.099159e-03 
 9.866948e+00  4.122749e-03 
 9.867346e+00  4.146798e-03 
 9.867743e+00  4.171290e-03 
 9.868141e+00  4.196213e-03 
 9.868539e+00  4.221536e-03 
 9.868936e+00  4.247231e-03 
 9.869334e+00  4.273274e-03 
 9.869732e+00  4.299635e-03 
 9.870129e+00  4.326274e-03 
 9.870527e+00  4.353171e-03 
 9.870925e+00  4.380293e-03 
 9.871322e+00  4.407605e-03 
 9.871720e+00  4.435081e-03 
 9.872118e+00  4.462694e-03 
 9.872516e+00  4.490413e-03 
 9.872913e+00  4.518216e-03 
 9.873311e+00  4.546072e-03 
 9.873709e+00  4.573959e-03 
 9.874106e+00  4.601861e-03 
 9.874504e+00  4.629747e-03 
 9.874902e+00  4.657596e-03 
 9.875299e+00  4.685393e-03 
 9.875697e+00  4.713113e-03 
 9.876095e+00  4.740738e-03 
 9.876493e+00  4.768255e-03 
 9.876890e+00  4.795644e-03 
 9.877288e+00  4.822886e-03 
 9.877686e+00  4.849962e-03 
 9.878083e+00  4.876868e-03 
 9.878481e+00  4.903585e-03 
 9.878879e+00  4.930091e-03 
 9.879276e+00  4.956372e-03 
 9.879674e+00  4.982422e-03 
 9.880072e+00  5.008232e-03 
 9.880469e+00  5.033785e-03 
 9.880867e+00  5.059069e-03 
 9.881265e+00  5.084076e-03 
 9.881663e+00  5.108787e-03 
 9.882060e+00  5.133194e-03 
 9.882458e+00  5.157278e-03 
 9.882856e+00  5.181023e-03 
 9.883253e+00  5.204406e-03 
 9.883651e+00  5.227412e-03 
 9.884049e+00  5.250033e-03 
 9.884446e+00  5.272246e-03 
 9.884844e+00  5.294036e-03 
 9.885242e+00  5.315385e-03 
 9.885640e+00  5.336280e-03 
 9.886037e+00  5.356706e-03 
 9.886435e+00  5.376662e-03 
 9.886833e+00  5.396126e-03 
 9.887230e+00  5.415079e-03 
 9.887628e+00  5.433516e-03 
 9.888026e+00  5.451428e-03 
 9.888423e+00  5.468791e-03 
 9.888821e+00  5.485610e-03 
 9.889219e+00  5.501863e-03 
 9.889616e+00  5.517539e-03 
 9.890014e+00  5.532620e-03 
 9.890412e+00  5.547113e-03 
 9.890810e+00  5.560998e-03 
 9.891207e+00  5.574261e-03 
 9.891605e+00  5.586898e-03 
 9.892003e+00  5.598895e-03 
 9.892400e+00  5.610250e-03 
 9.892798e+00  5.620977e-03 
 9.893196e+00  5.631064e-03 
 9.893593e+00  5.640523e-03 
 9.893991e+00  5.649365e-03 
 9.894389e+00  5.657592e-03 
 9.894787e+00  5.665205e-03 
 9.895184e+00  5.672208e-03 
 9.895582e+00  5.678601e-03 
 9.895980e+00  5.684379e-03 
 9.896377e+00  5.689535e-03 
 9.896775e+00  5.694053e-03 
 9.897173e+00  5.697929e-03 
 9.897570e+00  5.701145e-03 
 9.897968e+00  5.703688e-03 
 9.898366e+00  5.705553e-03 
 9.898763e+00  5.706737e-03 
 9.899161e+00  5.707246e-03 
 9.899559e+00  5.707083e-03 
 9.899957e+00  5.706263e-03 
 9.900354e+00  5.704799e-03 
 9.900752e+00  5.702697e-03 
 9.901150e+00  5.699968e-03 
 9.901547e+00  5.696641e-03 
 9.901945e+00  5.692728e-03 
 9.902343e+00  5.688232e-03 
 9.902740e+00  5.683164e-03 
 9.903138e+00  5.677541e-03 
 9.903536e+00  5.671367e-03 
 9.903934e+00  5.664651e-03 
 9.904331e+00  5.657400e-03 
 9.904729e+00  5.649618e-03 
 9.905127e+00  5.641301e-03 
 9.905524e+00  5.632448e-03 
 9.905922e+00  5.623072e-03 
 9.906320e+00  5.613172e-03 
 9.906717e+00  5.602751e-03 
 9.907115e+00  5.591816e-03 
 9.907513e+00  5.580373e-03 
 9.907910e+00  5.568435e-03 
 9.908308e+00  5.556000e-03 
 9.908706e+00  5.543075e-03 
 9.909104e+00  5.529667e-03 
 9.909501e+00  5.515781e-03 
 9.909899e+00  5.501416e-03 
 9.910297e+00  5.486573e-03 
 9.910694e+00  5.471254e-03 
 9.911092e+00  5.455456e-03 
 9.911490e+00  5.439183e-03 
 9.911887e+00  5.422434e-03 
 9.912285e+00  5.405208e-03 
 9.912683e+00  5.387505e-03 
 9.913081e+00  5.369334e-03 
 9.913478e+00  5.350707e-03 
 9.913876e+00  5.331619e-03 
 9.914274e+00  5.312087e-03 
 9.914671e+00  5.292117e-03 
 9.915069e+00  5.271720e-03 
 9.915467e+00  5.250910e-03 
 9.915864e+00  5.229707e-03 
 9.916262e+00  5.208125e-03 
 9.916660e+00  5.186177e-03 
 9.917057e+00  5.163878e-03 
 9.917455e+00  5.141247e-03 
 9.917853e+00  5.118300e-03 
 9.918251e+00  5.095058e-03 
 9.918648e+00  5.071540e-03 
 9.919046e+00  5.047773e-03 
 9.919444e+00  5.023787e-03 
 9.919841e+00  4.999605e-03 
 9.920239e+00  4.975248e-03 
 9.920637e+00  4.950734e-03 
 9.921034e+00  4.926078e-03 
 9.921432e+00  4.901305e-03 
 9.921830e+00  4.876434e-03 
 9.922228e+00  4.851484e-03 
 9.922625e+00  4.826457e-03 
 9.923023e+00  4.801367e-03 
 9.923421e+00  4.776213e-03 
 9.923818e+00  4.751000e-03 
 9.924216e+00  4.725728e-03 
 9.924614e+00  4.700386e-03 
 9.925011e+00  4.674974e-03 
 9.925409e+00  4.649510e-03 
 9.925807e+00  4.623997e-03 
 9.926204e+00  4.598445e-03 
 9.926602e+00  4.572856e-03 
 9.927000e+00  4.547249e-03 
 9.927398e+00  4.521633e-03 
 9.927795e+00  4.496033e-03 
 9.928193e+00  4.470475e-03 
 9.928591e+00  4.444972e-03 
 9.928988e+00  4.419538e-03 
 9.929386e+00  4.394187e-03 
 9.929784e+00  4.368939e-03 
 9.930181e+00  4.343806e-03 
 9.930579e+00  4.318787e-03 
 9.930977e+00  4.293898e-03 
 9.931375e+00  4.269155e-03 
 9.931772e+00  4.244576e-03 
 9.932170e+00  4.220176e-03 
 9.932568e+00  4.195985e-03 
 9.932965e+00  4.172026e-03 
 9.933363e+00  4.148326e-03 
 9.933761e+00  4.124903e-03 
 9.934158e+00  4.101797e-03 
 9.934556e+00  4.079040e-03 
 9.934954e+00  4.056662e-03 
 9.935351e+00  4.034690e-03 
 9.935749e+00  4.013148e-03 
 9.936147e+00  3.992054e-03 
 9.936545e+00  3.971421e-03 
 9.936942e+00  3.951272e-03 
 9.937340e+00  3.931621e-03 
 9.937738e+00  3.912470e-03 
 9.938135e+00  3.893838e-03 
 9.938533e+00  3.875726e-03 
 9.938931e+00  3.858156e-03 
 9.939328e+00  3.841114e-03 
 9.939726e+00  3.824617e-03 
 9.940124e+00  3.808666e-03 
 9.940522e+00  3.793259e-03 
 9.940919e+00  3.778413e-03 
 9.941317e+00  3.764142e-03 
 9.941715e+00  3.750458e-03 
 9.942112e+00  3.737379e-03 
 9.942510e+00  3.724906e-03 
 9.942908e+00  3.713053e-03 
 9.943305e+00  3.701824e-03 
 9.943703e+00  3.691223e-03 
 9.944101e+00  3.681270e-03 
 9.944498e+00  3.671963e-03 
 9.944896e+00  3.663318e-03 
 9.945294e+00  3.655355e-03 
 9.945692e+00  3.648079e-03 
 9.946089e+00  3.641493e-03 
 9.946487e+00  3.635614e-03 
 9.946885e+00  3.630440e-03 
 9.947282e+00  3.625978e-03 
 9.947680e+00  3.622243e-03 
 9.948078e+00  3.619243e-03 
 9.948475e+00  3.616972e-03 
 9.948873e+00  3.615436e-03 
 9.949271e+00  3.614628e-03 
 9.949669e+00  3.614553e-03 
 9.950066e+00  3.615203e-03 
 9.950464e+00  3.616577e-03 
 9.950862e+00  3.618671e-03 
 9.951259e+00  3.621475e-03 
 9.951657e+00  3.624987e-03 
 9.952055e+00  3.629196e-03 
 9.952452e+00  3.634096e-03 
 9.952850e+00  3.639682e-03 
 9.953248e+00  3.645947e-03 
 9.953645e+00  3.652899e-03 
 9.954043e+00  3.660536e-03 
 9.954441e+00  3.668863e-03 
 9.954839e+00  3.677888e-03 
 9.955236e+00  3.687612e-03 
 9.955634e+00  3.698021e-03 
 9.956032e+00  3.709116e-03 
 9.956429e+00  3.720893e-03 
 9.956827e+00  3.733351e-03 
 9.957225e+00  3.746479e-03 
 9.957622e+00  3.760271e-03 
 9.958020e+00  3.774712e-03 
 9.958418e+00  3.789788e-03 
 9.958816e+00  3.805481e-03 
 9.959213e+00  3.821787e-03 
 9.959611e+00  3.838687e-03 
 9.960009e+00  3.856166e-03 
 9.960406e+00  3.874219e-03 
 9.960804e+00  3.892853e-03 
 9.961202e+00  3.912058e-03 
 9.961599e+00  3.931823e-03 
 9.961997e+00  3.952139e-03 
 9.962395e+00  3.972983e-03 
 9.962792e+00  3.994353e-03 
 9.963190e+00  4.016225e-03 
 9.963588e+00  4.038580e-03 
 9.963986e+00  4.061397e-03 
 9.964383e+00  4.084639e-03 
 9.964781e+00  4.108281e-03 
 9.965179e+00  4.132294e-03 
 9.965576e+00  4.156637e-03 
 9.965974e+00  4.181286e-03 
 9.966372e+00  4.206200e-03 
 9.966769e+00  4.231355e-03 
 9.967167e+00  4.256728e-03 
 9.967565e+00  4.282298e-03 
 9.967963e+00  4.308031e-03 
 9.968360e+00  4.333905e-03 
 9.968758e+00  4.359892e-03 
 9.969156e+00  4.385979e-03 
 9.969553e+00  4.412157e-03 
 9.969951e+00  4.438418e-03 
 9.970349e+00  4.464747e-03 
 9.970746e+00  4.491128e-03 
 9.971144e+00  4.517547e-03 
 9.971542e+00  4.543998e-03 
 9.971939e+00  4.570461e-03 
 9.972337e+00  4.596927e-03 
 9.972735e+00  4.623379e-03 
 9.973133e+00  4.649817e-03 
 9.973530e+00  4.676240e-03 
 9.973928e+00  4.702649e-03 
 9.974326e+00  4.729030e-03 
 9.974723e+00  4.755373e-03 
 9.975121e+00  4.781658e-03 
 9.975519e+00  4.807872e-03 
 9.975916e+00  4.833995e-03 
 9.976314e+00  4.860022e-03 
 9.976712e+00  4.885941e-03 
 9.977110e+00  4.911737e-03 
 9.977507e+00  4.937391e-03 
 9.977905e+00  4.962883e-03 
 9.978303e+00  4.988194e-03 
 9.978700e+00  5.013304e-03 
 9.979098e+00  5.038191e-03 
 9.979496e+00  5.062834e-03 
 9.979893e+00  5.087211e-03 
 9.980291e+00  5.111303e-03 
 9.980689e+00  5.135091e-03 
 9.981086e+00  5.158556e-03 
 9.981484e+00  5.181676e-03 
 9.981882e+00  5.204427e-03 
 9.982280e+00  5.226787e-03 
 9.982677e+00  5.248742e-03 
 9.983075e+00  5.270277e-03 
 9.983473e+00  5.291366e-03 
 9.983870e+00  5.311997e-03 
 9.984268e+00  5.332144e-03 
 9.984666e+00  5.351798e-03 
 9.985063e+00  5.370939e-03 
 9.985461e+00  5.389566e-03 
 9.985859e+00  5.407667e-03 
 9.986257e+00  5.425229e-03 
 9.986654e+00  5.442259e-03 
 9.987052e+00  5.458745e-03 
 9.987450e+00  5.474697e-03 
 9.987847e+00  5.490116e-03 
 9.988245e+00  5.505009e-03 
 9.988643e+00  5.519385e-03 
 9.989040e+00  5.533264e-03 
 9.989438e+00  5.546659e-03 
 9.989836e+00  5.559561e-03 
 9.990233e+00  5.571976e-03 
 9.990631e+00  5.583893e-03 
 9.991029e+00  5.595289e-03 
 9.991427e+00  5.606161e-03 
 9.991824e+00  5.616494e-03 
 9.992222e+00  5.626267e-03 
 9.992620e+00  5.635470e-03 
 9.993017e+00  5.644101e-03 
 9.993415e+00  5.652138e-03 
 9.993813e+00  5.659579e-03 
 9.994210e+00  5.666410e-03 
 9.994608e+00  5.672628e-03 
 9.995006e+00  5.678229e-03 
 9.995404e+00  5.683215e-03 
 9.995801e+00  5.687594e-03 
 9.996199e+00  5.691379e-03 
 9.996597e+00  5.694565e-03 
 9.996994e+00  5.697167e-03 
 9.997392e+00  5.699175e-03 
 9.997790e+00  5.700596e-03 
 9.998187e+00  5.701423e-03 
 9.998585e+00  5.701650e-03 
 9.998983e+00  5.701281e-03 
 9.999380e+00  5.700303e-03 
 9.999778e+00  5.698705e-03 
 1.000018e+01  5.696494e-03 
 1.000057e+01  5.693665e-03 
 1.000097e+01  5.690217e-03 
 1.000137e+01  5.686151e-03 
 1.000177e+01  5.681475e-03 
 1.000216e+01  5.676196e-03 
 1.000256e+01  5.670316e-03 
 1.000296e+01  5.663849e-03 
 1.000336e+01  5.656799e-03 
 1.000376e+01  5.649156e-03 
 1.000415e+01  5.640930e-03 
 1.000455e+01  5.632120e-03 
 1.000495e+01  5.622742e-03 
 1.000535e+01  5.612801e-03 
 1.000574e+01  5.602296e-03 
 1.000614e+01  5.591235e-03 
 1.000654e+01  5.579622e-03 
 1.000694e+01  5.567455e-03 
 1.000733e+01  5.554725e-03 
 1.000773e+01  5.541445e-03 
 1.000813e+01  5.527609e-03 
 1.000853e+01  5.513224e-03 
 1.000893e+01  5.498305e-03 
 1.000932e+01  5.482858e-03 
 1.000972e+01  5.466876e-03 
 1.001012e+01  5.450356e-03 
 1.001052e+01  5.433310e-03 
 1.001091e+01  5.415748e-03 
 1.001131e+01  5.397685e-03 
 1.001171e+01  5.379124e-03 
 1.001211e+01  5.360090e-03 
 1.001250e+01  5.340593e-03 
 1.001290e+01  5.320646e-03 
 1.001330e+01  5.300278e-03 
 1.001370e+01  5.279490e-03 
 1.001410e+01  5.258302e-03 
 1.001449e+01  5.236726e-03 
 1.001489e+01  5.214787e-03 
 1.001529e+01  5.192514e-03 
 1.001569e+01  5.169928e-03 
 1.001608e+01  5.147040e-03 
 1.001648e+01  5.123863e-03 
 1.001688e+01  5.100412e-03 
 1.001728e+01  5.076705e-03 
 1.001767e+01  5.052756e-03 
 1.001807e+01  5.028574e-03 
 1.001847e+01  5.004166e-03 
 1.001887e+01  4.979527e-03 
 1.001927e+01  4.954662e-03 
 1.001966e+01  4.929577e-03 
 1.002006e+01  4.904268e-03 
 1.002046e+01  4.878746e-03 
 1.002086e+01  4.853020e-03 
 1.002125e+01  4.827109e-03 
 1.002165e+01  4.801031e-03 
 1.002205e+01  4.774806e-03 
 1.002245e+01  4.748441e-03 
 1.002284e+01  4.721960e-03 
 1.002324e+01  4.695373e-03 
 1.002364e+01  4.668696e-03 
 1.002404e+01  4.641952e-03 
 1.002444e+01  4.615162e-03 
 1.002483e+01  4.588343e-03 
 1.002523e+01  4.561512e-03 
 1.002563e+01  4.534688e-03 
 1.002603e+01  4.507876e-03 
 1.002642e+01  4.481089e-03 
 1.002682e+01  4.454346e-03 
 1.002722e+01  4.427665e-03 
 1.002762e+01  4.401066e-03 
 1.002801e+01  4.374572e-03 
 1.002841e+01  4.348226e-03 
 1.002881e+01  4.322053e-03 
 1.002921e+01  4.296083e-03 
 1.002961e+01  4.270354e-03 
 1.003000e+01  4.244895e-03 
 1.003040e+01  4.219732e-03 
 1.003080e+01  4.194896e-03 
 1.003120e+01  4.170412e-03 
 1.003159e+01  4.146306e-03 
 1.003199e+01  4.122589e-03 
 1.003239e+01  4.099276e-03 
 1.003279e+01  4.076390e-03 
 1.003318e+01  4.053940e-03 
 1.003358e+01  4.031935e-03 
 1.003398e+01  4.010382e-03 
 1.003438e+01  3.989296e-03 
 1.003478e+01  3.968682e-03 
 1.003517e+01  3.948545e-03 
 1.003557e+01  3.928893e-03 
 1.003597e+01  3.909738e-03 
 1.003637e+01  3.891095e-03 
 1.003676e+01  3.872968e-03 
 1.003716e+01  3.855382e-03 
 1.003756e+01  3.838339e-03 
 1.003796e+01  3.821846e-03 
 1.003835e+01  3.805897e-03 
 1.003875e+01  3.790505e-03 
 1.003915e+01  3.775671e-03 
 1.003955e+01  3.761418e-03 
 1.003995e+01  3.747763e-03 
 1.004034e+01  3.734717e-03 
 1.004074e+01  3.722303e-03 
 1.004114e+01  3.710522e-03 
 1.004154e+01  3.699388e-03 
 1.004193e+01  3.688919e-03 
 1.004233e+01  3.679114e-03 
 1.004273e+01  3.669982e-03 
 1.004313e+01  3.661534e-03 
 1.004352e+01  3.653776e-03 
 1.004392e+01  3.646728e-03 
 1.004432e+01  3.640396e-03 
 1.004472e+01  3.634780e-03 
 1.004512e+01  3.629878e-03 
 1.004551e+01  3.625685e-03 
 1.004591e+01  3.622202e-03 
 1.004631e+01  3.619422e-03 
 1.004671e+01  3.617349e-03 
 1.004710e+01  3.615985e-03 
 1.004750e+01  3.615329e-03 
 1.004790e+01  3.615385e-03 
 1.004830e+01  3.616161e-03 
 1.004869e+01  3.617661e-03 
 1.004909e+01  3.619893e-03 
 1.004949e+01  3.622856e-03 
 1.004989e+01  3.626551e-03 
 1.005029e+01  3.630994e-03 
 1.005068e+01  3.636180e-03 
 1.005108e+01  3.642096e-03 
 1.005148e+01  3.648734e-03 
 1.005188e+01  3.656084e-03 
 1.005227e+01  3.664143e-03 
 1.005267e+01  3.672898e-03 
 1.005307e+01  3.682332e-03 
 1.005347e+01  3.692430e-03 
 1.005386e+01  3.703174e-03 
 1.005426e+01  3.714545e-03 
 1.005466e+01  3.726531e-03 
 1.005506e+01  3.739129e-03 
 1.005546e+01  3.752318e-03 
 1.005585e+01  3.766086e-03 
 1.005625e+01  3.780437e-03 
 1.005665e+01  3.795376e-03 
 1.005705e+01  3.810905e-03 
 1.005744e+01  3.827011e-03 
 1.005784e+01  3.843693e-03 
 1.005824e+01  3.860937e-03 
 1.005864e+01  3.878722e-03 
 1.005903e+01  3.897038e-03 
 1.005943e+01  3.915862e-03 
 1.005983e+01  3.935170e-03 
 1.006023e+01  3.954938e-03 
 1.006063e+01  3.975143e-03 
 1.006102e+01  3.995757e-03 
 1.006142e+01  4.016761e-03 
 1.006182e+01  4.038129e-03 
 1.006222e+01  4.059841e-03 
 1.006261e+01  4.081887e-03 
 1.006301e+01  4.104246e-03 
 1.006341e+01  4.126916e-03 
 1.006381e+01  4.149883e-03 
 1.006420e+01  4.173137e-03 
 1.006460e+01  4.196670e-03 
 1.006500e+01  4.220470e-03 
 1.006540e+01  4.244529e-03 
 1.006580e+01  4.268831e-03 
 1.006619e+01  4.293364e-03 
 1.006659e+01  4.318117e-03 
 1.006699e+01  4.343079e-03 
 1.006739e+01  4.368233e-03 
 1.006778e+01  4.393570e-03 
 1.006818e+01  4.419072e-03 
 1.006858e+01  4.444727e-03 
 1.006898e+01  4.470531e-03 
 1.006937e+01  4.496464e-03 
 1.006977e+01  4.522509e-03 
 1.007017e+01  4.548646e-03 
 1.007057e+01  4.574856e-03 
 1.007097e+01  4.601123e-03 
 1.007136e+01  4.627423e-03 
 1.007176e+01  4.653739e-03 
 1.007216e+01  4.680053e-03 
 1.007256e+01  4.706348e-03 
 1.007295e+01  4.732602e-03 
 1.007335e+01  4.758790e-03 
 1.007375e+01  4.784894e-03 
 1.007415e+01  4.810888e-03 
 1.007454e+01  4.836758e-03 
 1.007494e+01  4.862487e-03 
 1.007534e+01  4.888058e-03 
 1.007574e+01  4.913456e-03 
 1.007614e+01  4.938665e-03 
 1.007653e+01  4.963673e-03 
 1.007693e+01  4.988460e-03 
 1.007733e+01  5.013003e-03 
 1.007773e+01  5.037280e-03 
 1.007812e+01  5.061271e-03 
 1.007852e+01  5.084963e-03 
 1.007892e+01  5.108337e-03 
 1.007932e+01  5.131385e-03 
 1.007971e+01  5.154082e-03 
 1.008011e+01  5.176424e-03 
 1.008051e+01  5.198400e-03 
 1.008091e+01  5.220002e-03 
 1.008131e+01  5.241230e-03 
 1.008170e+01  5.262077e-03 
 1.008210e+01  5.282540e-03 
 1.008250e+01  5.302619e-03 
 1.008290e+01  5.322314e-03 
 1.008329e+01  5.341629e-03 
 1.008369e+01  5.360568e-03 
 1.008409e+01  5.379132e-03 
 1.008449e+01  5.397324e-03 
 1.008489e+01  5.415130e-03 
 1.008528e+01  5.432558e-03 
 1.008568e+01  5.449590e-03 
 1.008608e+01  5.466207e-03 
 1.008648e+01  5.482395e-03 
 1.008687e+01  5.498128e-03 
 1.008727e+01  5.513378e-03 
 1.008767e+01  5.528137e-03 
 1.008807e+01  5.542389e-03 
 1.008846e+01  5.556106e-03 
 1.008886e+01  5.569287e-03 
 1.008926e+01  5.581917e-03 
 1.008966e+01  5.593977e-03 
 1.009006e+01  5.605465e-03 
 1.009045e+01  5.616373e-03 
 1.009085e+01  5.626706e-03 
 1.009125e+01  5.636459e-03 
 1.009165e+01  5.645648e-03 
 1.009204e+01  5.654264e-03 
 1.009244e+01  5.662311e-03 
 1.009284e+01  5.669781e-03 
 1.009324e+01  5.676665e-03 
 1.009363e+01  5.682946e-03 
 1.009403e+01  5.688621e-03 
 1.009443e+01  5.693678e-03 
 1.009483e+01  5.698112e-03 
 1.009523e+01  5.701914e-03 
 1.009562e+01  5.705085e-03 
 1.009602e+01  5.707613e-03 
 1.009642e+01  5.709503e-03 
 1.009682e+01  5.710754e-03 
 1.009721e+01  5.711359e-03 
 1.009761e+01  5.711322e-03 
 1.009801e+01  5.710650e-03 
 1.009841e+01  5.709347e-03 
 1.009880e+01  5.707419e-03 
 1.009920e+01  5.704866e-03 
 1.009960e+01  5.701688e-03 
 1.010000e+01  5.697887e-03 
 1.010040e+01  5.693456e-03 
 1.010079e+01  5.688400e-03 
 1.010119e+01  5.682711e-03 
 1.010159e+01  5.676388e-03 
 1.010199e+01  5.669428e-03 
 1.010238e+01  5.661832e-03 
 1.010278e+01  5.653606e-03 
 1.010318e+01  5.644747e-03 
 1.010358e+01  5.635254e-03 
 1.010397e+01  5.625138e-03 
 1.010437e+01  5.614401e-03 
 1.010477e+01  5.603050e-03 
 1.010517e+01  5.591093e-03 
 1.010557e+01  5.578540e-03 
 1.010596e+01  5.565383e-03 
 1.010636e+01  5.551646e-03 
 1.010676e+01  5.537343e-03 
 1.010716e+01  5.522468e-03 
 1.010755e+01  5.507033e-03 
 1.010795e+01  5.491049e-03 
 1.010835e+01  5.474527e-03 
 1.010875e+01  5.457487e-03 
 1.010914e+01  5.439952e-03 
 1.010954e+01  5.421931e-03 
 1.010994e+01  5.403440e-03 
 1.011034e+01  5.384492e-03 
 1.011074e+01  5.365109e-03 
 1.011113e+01  5.345313e-03 
 1.011153e+01  5.325107e-03 
 1.011193e+01  5.304501e-03 
 1.011233e+01  5.283511e-03 
 1.011272e+01  5.262143e-03 
 1.011312e+01  5.240410e-03 
 1.011352e+01  5.218311e-03 
 1.011392e+01  5.195842e-03 
 1.011431e+01  5.172999e-03 
 1.011471e+01  5.149781e-03 
 1.011511e+01  5.126191e-03 
 1.011551e+01  5.102238e-03 
 1.011591e+01  5.077915e-03 
 1.011630e+01  5.053239e-03 
 1.011670e+01  5.028226e-03 
 1.011710e+01  5.002894e-03 
 1.011750e+01  4.977261e-03 
 1.011789e+01  4.951350e-03 
 1.011829e+01  4.925188e-03 
 1.011869e+01  4.898796e-03 
 1.011909e+01  4.872195e-03 
 1.011948e+01  4.845410e-03 
 1.011988e+01  4.818466e-03 
 1.012028e+01  4.791382e-03 
 1.012068e+01  4.764175e-03 
 1.012108e+01  4.736863e-03 
 1.012147e+01  4.709463e-03 
 1.012187e+01  4.681990e-03 
 1.012227e+01  4.654460e-03 
 1.012267e+01  4.626905e-03 
 1.012306e+01  4.599346e-03 
 1.012346e+01  4.571801e-03 
 1.012386e+01  4.544310e-03 
 1.012426e+01  4.516905e-03 
 1.012465e+01  4.489619e-03 
 1.012505e+01  4.462479e-03 
 1.012545e+01  4.435521e-03 
 1.012585e+01  4.408761e-03 
 1.012625e+01  4.382226e-03 
 1.012664e+01  4.355944e-03 
 1.012704e+01  4.329933e-03 
 1.012744e+01  4.304203e-03 
 1.012784e+01  4.278771e-03 
 1.012823e+01  4.253646e-03 
 1.012863e+01  4.228829e-03 
 1.012903e+01  4.204331e-03 
 1.012943e+01  4.180160e-03 
 1.012982e+01  4.156325e-03 
 1.013022e+01  4.132834e-03 
 1.013062e+01  4.109705e-03 
 1.013102e+01  4.086945e-03 
 1.013142e+01  4.064570e-03 
 1.013181e+01  4.042595e-03 
 1.013221e+01  4.021017e-03 
 1.013261e+01  3.999852e-03 
 1.013301e+01  3.979116e-03 
 1.013340e+01  3.958806e-03 
 1.013380e+01  3.938945e-03 
 1.013420e+01  3.919543e-03 
 1.013460e+01  3.900623e-03 
 1.013499e+01  3.882205e-03 
 1.013539e+01  3.864290e-03 
 1.013579e+01  3.846920e-03 
 1.013619e+01  3.830105e-03 
 1.013659e+01  3.813857e-03 
 1.013698e+01  3.798193e-03 
 1.013738e+01  3.783142e-03 
 1.013778e+01  3.768715e-03 
 1.013818e+01  3.754924e-03 
 1.013857e+01  3.741785e-03 
 1.013897e+01  3.729312e-03 
 1.013937e+01  3.717511e-03 
 1.013977e+01  3.706381e-03 
 1.014016e+01  3.695934e-03 
 1.014056e+01  3.686171e-03 
 1.014096e+01  3.677084e-03 
 1.014136e+01  3.668681e-03 
 1.014176e+01  3.660957e-03 
 1.014215e+01  3.653918e-03 
 1.014255e+01  3.647570e-03 
 1.014295e+01  3.641911e-03 
 1.014335e+01  3.636959e-03 
 1.014374e+01  3.632718e-03 
 1.014414e+01  3.629203e-03 
 1.014454e+01  3.626417e-03 
 1.014494e+01  3.624368e-03 
 1.014533e+01  3.623057e-03 
 1.014573e+01  3.622485e-03 
 1.014613e+01  3.622656e-03 
 1.014653e+01  3.623564e-03 
 1.014693e+01  3.625204e-03 
 1.014732e+01  3.627561e-03 
 1.014772e+01  3.630625e-03 
 1.014812e+01  3.634386e-03 
 1.014852e+01  3.638833e-03 
 1.014891e+01  3.643944e-03 
 1.014931e+01  3.649699e-03 
 1.014971e+01  3.656088e-03 
 1.015011e+01  3.663111e-03 
 1.015050e+01  3.670773e-03 
 1.015090e+01  3.679065e-03 
 1.015130e+01  3.687983e-03 
 1.015170e+01  3.697526e-03 
 1.015210e+01  3.707702e-03 
 1.015249e+01  3.718513e-03 
 1.015289e+01  3.729955e-03 
 1.015329e+01  3.742023e-03 
 1.015369e+01  3.754711e-03 
 1.015408e+01  3.768001e-03 
 1.015448e+01  3.781882e-03 
 1.015488e+01  3.796336e-03 
 1.015528e+01  3.811340e-03 
 1.015567e+01  3.826855e-03 
 1.015607e+01  3.842862e-03 
 1.015647e+01  3.859354e-03 
 1.015687e+01  3.876308e-03 
 1.015727e+01  3.893703e-03 
 1.015766e+01  3.911534e-03 
 1.015806e+01  3.929792e-03 
 1.015846e+01  3.948468e-03 
 1.015886e+01  3.967556e-03 
 1.015925e+01  3.987059e-03 
 1.015965e+01  4.006960e-03 
 1.016005e+01  4.027254e-03 
 1.016045e+01  4.047941e-03 
 1.016084e+01  4.069018e-03 
 1.016124e+01  4.090472e-03 
 1.016164e+01  4.112291e-03 
 1.016204e+01  4.134463e-03 
 1.016244e+01  4.156980e-03 
 1.016283e+01  4.179831e-03 
 1.016323e+01  4.203002e-03 
 1.016363e+01  4.226476e-03 
 1.016403e+01  4.250242e-03 
 1.016442e+01  4.274290e-03 
 1.016482e+01  4.298601e-03 
 1.016522e+01  4.323161e-03 
 1.016562e+01  4.347956e-03 
 1.016601e+01  4.372963e-03 
 1.016641e+01  4.398163e-03 
 1.016681e+01  4.423538e-03 
 1.016721e+01  4.449063e-03 
 1.016761e+01  4.474712e-03 
 1.016800e+01  4.500463e-03 
 1.016840e+01  4.526295e-03 
 1.016880e+01  4.552191e-03 
 1.016920e+01  4.578130e-03 
 1.016959e+01  4.604090e-03 
 1.016999e+01  4.630056e-03 
 1.017039e+01  4.656013e-03 
 1.017079e+01  4.681935e-03 
 1.017118e+01  4.707804e-03 
 1.017158e+01  4.733605e-03 
 1.017198e+01  4.759318e-03 
 1.017238e+01  4.784935e-03 
 1.017278e+01  4.810439e-03 
 1.017317e+01  4.835808e-03 
 1.017357e+01  4.861025e-03 
 1.017397e+01  4.886078e-03 
 1.017437e+01  4.910947e-03 
 1.017476e+01  4.935613e-03 
 1.017516e+01  4.960069e-03 
 1.017556e+01  4.984301e-03 
 1.017596e+01  5.008300e-03 
 1.017636e+01  5.032066e-03 
 1.017675e+01  5.055598e-03 
 1.017715e+01  5.078888e-03 
 1.017755e+01  5.101930e-03 
 1.017795e+01  5.124726e-03 
 1.017834e+01  5.147271e-03 
 1.017874e+01  5.169573e-03 
 1.017914e+01  5.191628e-03 
 1.017954e+01  5.213427e-03 
 1.017993e+01  5.234965e-03 
 1.018033e+01  5.256228e-03 
 1.018073e+01  5.277196e-03 
 1.018113e+01  5.297863e-03 
 1.018153e+01  5.318215e-03 
 1.018192e+01  5.338222e-03 
 1.018232e+01  5.357861e-03 
 1.018272e+01  5.377115e-03 
 1.018312e+01  5.395965e-03 
 1.018351e+01  5.414380e-03 
 1.018391e+01  5.432338e-03 
 1.018431e+01  5.449815e-03 
 1.018471e+01  5.466795e-03 
 1.018510e+01  5.483281e-03 
 1.018550e+01  5.499257e-03 
 1.018590e+01  5.514724e-03 
 1.018630e+01  5.529682e-03 
 1.018670e+01  5.544129e-03 
 1.018709e+01  5.558048e-03 
 1.018749e+01  5.571445e-03 
 1.018789e+01  5.584302e-03 
 1.018829e+01  5.596607e-03 
 1.018868e+01  5.608345e-03 
 1.018908e+01  5.619510e-03 
 1.018948e+01  5.630093e-03 
 1.018988e+01  5.640085e-03 
 1.019027e+01  5.649475e-03 
 1.019067e+01  5.658256e-03 
 1.019107e+01  5.666427e-03 
 1.019147e+01  5.673971e-03 
 1.019187e+01  5.680900e-03 
 1.019226e+01  5.687205e-03 
 1.019266e+01  5.692898e-03 
 1.019306e+01  5.697972e-03 
 1.019346e+01  5.702426e-03 
 1.019385e+01  5.706270e-03 
 1.019425e+01  5.709500e-03 
 1.019465e+01  5.712106e-03 
 1.019505e+01  5.714081e-03 
 1.019544e+01  5.715426e-03 
 1.019584e+01  5.716136e-03 
 1.019624e+01  5.716212e-03 
 1.019664e+01  5.715647e-03 
 1.019704e+01  5.714443e-03 
 1.019743e+01  5.712594e-03 
 1.019783e+01  5.710107e-03 
 1.019823e+01  5.706986e-03 
 1.019863e+01  5.703224e-03 
 1.019902e+01  5.698818e-03 
 1.019942e+01  5.693767e-03 
 1.019982e+01  5.688065e-03 
 1.020022e+01  5.681718e-03 
 1.020061e+01  5.674723e-03 
 1.020101e+01  5.667082e-03 
 1.020141e+01  5.658790e-03 
 1.020181e+01  5.649847e-03 
 1.020221e+01  5.640261e-03 
 1.020260e+01  5.630032e-03 
 1.020300e+01  5.619161e-03 
 1.020340e+01  5.607653e-03 
 1.020380e+01  5.595515e-03 
 1.020419e+01  5.582763e-03 
 1.020459e+01  5.569413e-03 
 1.020499e+01  5.555489e-03 
 1.020539e+01  5.540998e-03 
 1.020578e+01  5.525949e-03 
 1.020618e+01  5.510353e-03 
 1.020658e+01  5.494218e-03 
 1.020698e+01  5.477554e-03 
 1.020738e+01  5.460366e-03 
 1.020777e+01  5.442656e-03 
 1.020817e+01  5.424432e-03 
 1.020857e+01  5.405696e-03 
 1.020897e+01  5.386454e-03 
 1.020936e+01  5.366698e-03 
 1.020976e+01  5.346435e-03 
 1.021016e+01  5.325663e-03 
 1.021056e+01  5.304389e-03 
 1.021095e+01  5.282611e-03 
 1.021135e+01  5.260349e-03 
 1.021175e+01  5.237621e-03 
 1.021215e+01  5.214442e-03 
 1.021255e+01  5.190834e-03 
 1.021294e+01  5.166820e-03 
 1.021334e+01  5.142422e-03 
 1.021374e+01  5.117669e-03 
 1.021414e+01  5.092589e-03 
 1.021453e+01  5.067211e-03 
 1.021493e+01  5.041548e-03 
 1.021533e+01  5.015628e-03 
 1.021573e+01  4.989467e-03 
 1.021612e+01  4.963089e-03 
 1.021652e+01  4.936509e-03 
 1.021692e+01  4.909743e-03 
 1.021732e+01  4.882802e-03 
 1.021772e+01  4.855713e-03 
 1.021811e+01  4.828495e-03 
 1.021851e+01  4.801171e-03 
 1.021891e+01  4.773758e-03 
 1.021931e+01  4.746273e-03 
 1.021970e+01  4.718751e-03 
 1.022010e+01  4.691217e-03 
 1.022050e+01  4.663705e-03 
 1.022090e+01  4.636242e-03 
 1.022129e+01  4.608849e-03 
 1.022169e+01  4.581545e-03 
 1.022209e+01  4.554343e-03 
 1.022249e+01  4.527261e-03 
 1.022289e+01  4.500309e-03 
 1.022328e+01  4.473490e-03 
 1.022368e+01  4.446817e-03 
 1.022408e+01  4.420301e-03 
 1.022448e+01  4.393956e-03 
 1.022487e+01  4.367793e-03 
 1.022527e+01  4.341822e-03 
 1.022567e+01  4.316042e-03 
 1.022607e+01  4.290470e-03 
 1.022646e+01  4.265119e-03 
 1.022686e+01  4.240010e-03 
 1.022726e+01  4.215149e-03 
 1.022766e+01  4.190559e-03 
 1.022806e+01  4.166263e-03 
 1.022845e+01  4.142281e-03 
 1.022885e+01  4.118632e-03 
 1.022925e+01  4.095343e-03 
 1.022965e+01  4.072429e-03 
 1.023004e+01  4.049924e-03 
 1.023044e+01  4.027851e-03 
 1.023084e+01  4.006233e-03 
 1.023124e+01  3.985095e-03 
 1.023163e+01  3.964452e-03 
 1.023203e+01  3.944331e-03 
 1.023243e+01  3.924750e-03 
 1.023283e+01  3.905738e-03 
 1.023323e+01  3.887317e-03 
 1.023362e+01  3.869502e-03 
 1.023402e+01  3.852314e-03 
 1.023442e+01  3.835762e-03 
 1.023482e+01  3.819844e-03 
 1.023521e+01  3.804567e-03 
 1.023561e+01  3.789918e-03 
 1.023601e+01  3.775914e-03 
 1.023641e+01  3.762554e-03 
 1.023680e+01  3.749843e-03 
 1.023720e+01  3.737795e-03 
 1.023760e+01  3.726414e-03 
 1.023800e+01  3.715708e-03 
 1.023840e+01  3.705679e-03 
 1.023879e+01  3.696328e-03 
 1.023919e+01  3.687664e-03 
 1.023959e+01  3.679692e-03 
 1.023999e+01  3.672416e-03 
 1.024038e+01  3.665840e-03 
 1.024078e+01  3.659964e-03 
 1.024118e+01  3.654786e-03 
 1.024158e+01  3.650307e-03 
 1.024197e+01  3.646519e-03 
 1.024237e+01  3.643419e-03 
 1.024277e+01  3.640986e-03 
 1.024317e+01  3.639213e-03 
 1.024357e+01  3.638091e-03 
 1.024396e+01  3.637606e-03 
 1.024436e+01  3.637753e-03 
 1.024476e+01  3.638520e-03 
 1.024516e+01  3.639908e-03 
 1.024555e+01  3.641908e-03 
 1.024595e+01  3.644532e-03 
 1.024635e+01  3.647788e-03 
 1.024675e+01  3.651682e-03 
 1.024714e+01  3.656216e-03 
 1.024754e+01  3.661389e-03 
 1.024794e+01  3.667206e-03 
 1.024834e+01  3.673664e-03 
 1.024874e+01  3.680773e-03 
 1.024913e+01  3.688534e-03 
 1.024953e+01  3.696922e-03 
 1.024993e+01  3.705930e-03 
 1.025033e+01  3.715546e-03 
 1.025072e+01  3.725754e-03 
 1.025112e+01  3.736528e-03 
 1.025152e+01  3.747856e-03 
 1.025192e+01  3.759730e-03 
 1.025231e+01  3.772141e-03 
 1.025271e+01  3.785084e-03 
 1.025311e+01  3.798557e-03 
 1.025351e+01  3.812560e-03 
 1.025391e+01  3.827083e-03 
 1.025430e+01  3.842111e-03 
 1.025470e+01  3.857647e-03 
 1.025510e+01  3.873688e-03 
 1.025550e+01  3.890231e-03 
 1.025589e+01  3.907272e-03 
 1.025629e+01  3.924814e-03 
 1.025669e+01  3.942837e-03 
 1.025709e+01  3.961337e-03 
 1.025748e+01  3.980297e-03 
 1.025788e+01  3.999695e-03 
 1.025828e+01  4.019520e-03 
 1.025868e+01  4.039752e-03 
 1.025908e+01  4.060380e-03 
 1.025947e+01  4.081396e-03 
 1.025987e+01  4.102787e-03 
 1.026027e+01  4.124541e-03 
 1.026067e+01  4.146631e-03 
 1.026106e+01  4.169049e-03 
 1.026146e+01  4.191770e-03 
 1.026186e+01  4.214775e-03 
 1.026226e+01  4.238038e-03 
 1.026265e+01  4.261542e-03 
 1.026305e+01  4.285257e-03 
 1.026345e+01  4.309163e-03 
 1.026385e+01  4.333243e-03 
 1.026425e+01  4.357480e-03 
 1.026464e+01  4.381849e-03 
 1.026504e+01  4.406343e-03 
 1.026544e+01  4.430942e-03 
 1.026584e+01  4.455643e-03 
 1.026623e+01  4.480425e-03 
 1.026663e+01  4.505280e-03 
 1.026703e+01  4.530189e-03 
 1.026743e+01  4.555142e-03 
 1.026783e+01  4.580133e-03 
 1.026822e+01  4.605150e-03 
 1.026862e+01  4.630189e-03 
 1.026902e+01  4.655237e-03 
 1.026942e+01  4.680277e-03 
 1.026981e+01  4.705306e-03 
 1.027021e+01  4.730313e-03 
 1.027061e+01  4.755285e-03 
 1.027101e+01  4.780213e-03 
 1.027140e+01  4.805091e-03 
 1.027180e+01  4.829915e-03 
 1.027220e+01  4.854681e-03 
 1.027260e+01  4.879387e-03 
 1.027300e+01  4.904024e-03 
 1.027339e+01  4.928586e-03 
 1.027379e+01  4.953065e-03 
 1.027419e+01  4.977458e-03 
 1.027459e+01  5.001755e-03 
 1.027498e+01  5.025946e-03 
 1.027538e+01  5.050019e-03 
 1.027578e+01  5.073960e-03 
 1.027618e+01  5.097745e-03 
 1.027657e+01  5.121353e-03 
 1.027697e+01  5.144752e-03 
 1.027737e+01  5.167914e-03 
 1.027777e+01  5.190808e-03 
 1.027817e+01  5.213406e-03 
 1.027856e+01  5.235678e-03 
 1.027896e+01  5.257596e-03 
 1.027936e+01  5.279134e-03 
 1.027976e+01  5.300283e-03 
 1.028015e+01  5.321022e-03 
 1.028055e+01  5.341336e-03 
 1.028095e+01  5.361218e-03 
 1.028135e+01  5.380666e-03 
 1.028174e+01  5.399671e-03 
 1.028214e+01  5.418225e-03 
 1.028254e+01  5.436328e-03 
 1.028294e+01  5.453961e-03 
 1.028334e+01  5.471108e-03 
 1.028373e+01  5.487781e-03 
 1.028413e+01  5.503958e-03 
 1.028453e+01  5.519643e-03 
 1.028493e+01  5.534827e-03 
 1.028532e+01  5.549512e-03 
 1.028572e+01  5.563681e-03 
 1.028612e+01  5.577329e-03 
 1.028652e+01  5.590445e-03 
 1.028691e+01  5.603015e-03 
 1.028731e+01  5.615038e-03 
 1.028771e+01  5.626512e-03 
 1.028811e+01  5.637434e-03 
 1.028851e+01  5.647810e-03 
 1.028890e+01  5.657631e-03 
 1.028930e+01  5.666898e-03 
 1.028970e+01  5.675589e-03 
 1.029010e+01  5.683708e-03 
 1.029049e+01  5.691238e-03 
 1.029089e+01  5.698170e-03 
 1.029129e+01  5.704491e-03 
 1.029169e+01  5.710188e-03 
 1.029208e+01  5.715251e-03 
 1.029248e+01  5.719683e-03 
 1.029288e+01  5.723459e-03 
 1.029328e+01  5.726580e-03 
 1.029368e+01  5.729038e-03 
 1.029407e+01  5.730822e-03 
 1.029447e+01  5.731920e-03 
 1.029487e+01  5.732320e-03 
 1.029527e+01  5.732014e-03 
 1.029566e+01  5.730986e-03 
 1.029606e+01  5.729226e-03 
 1.029646e+01  5.726728e-03 
 1.029686e+01  5.723492e-03 
 1.029725e+01  5.719510e-03 
 1.029765e+01  5.714786e-03 
 1.029805e+01  5.709321e-03 
 1.029845e+01  5.703112e-03 
 1.029885e+01  5.696174e-03 
 1.029924e+01  5.688512e-03 
 1.029964e+01  5.680139e-03 
 1.030004e+01  5.671076e-03 
 1.030044e+01  5.661332e-03 
 1.030083e+01  5.650927e-03 
 1.030123e+01  5.639874e-03 
 1.030163e+01  5.628187e-03 
 1.030203e+01  5.615867e-03 
 1.030242e+01  5.602922e-03 
 1.030282e+01  5.589366e-03 
 1.030322e+01  5.575203e-03 
 1.030362e+01  5.560444e-03 
 1.030402e+01  5.545084e-03 
 1.030441e+01  5.529121e-03 
 1.030481e+01  5.512560e-03 
 1.030521e+01  5.495402e-03 
 1.030561e+01  5.477643e-03 
 1.030600e+01  5.459284e-03 
 1.030640e+01  5.440335e-03 
 1.030680e+01  5.420813e-03 
 1.030720e+01  5.400735e-03 
 1.030759e+01  5.380124e-03 
 1.030799e+01  5.359003e-03 
 1.030839e+01  5.337393e-03 
 1.030879e+01  5.315311e-03 
 1.030919e+01  5.292785e-03 
 1.030958e+01  5.269832e-03 
 1.030998e+01  5.246474e-03 
 1.031038e+01  5.222718e-03 
 1.031078e+01  5.198584e-03 
 1.031117e+01  5.174095e-03 
 1.031157e+01  5.149267e-03 
 1.031197e+01  5.124117e-03 
 1.031237e+01  5.098652e-03 
 1.031276e+01  5.072888e-03 
 1.031316e+01  5.046841e-03 
 1.031356e+01  5.020531e-03 
 1.031396e+01  4.993989e-03 
 1.031436e+01  4.967228e-03 
 1.031475e+01  4.940282e-03 
 1.031515e+01  4.913184e-03 
 1.031555e+01  4.885963e-03 
 1.031595e+01  4.858652e-03 
 1.031634e+01  4.831271e-03 
 1.031674e+01  4.803849e-03 
 1.031714e+01  4.776407e-03 
 1.031754e+01  4.748960e-03 
 1.031793e+01  4.721520e-03 
 1.031833e+01  4.694095e-03 
 1.031873e+01  4.666701e-03 
 1.031913e+01  4.639348e-03 
 1.031953e+01  4.612045e-03 
 1.031992e+01  4.584805e-03 
 1.032032e+01  4.557640e-03 
 1.032072e+01  4.530552e-03 
 1.032112e+01  4.503562e-03 
 1.032151e+01  4.476678e-03 
 1.032191e+01  4.449920e-03 
 1.032231e+01  4.423302e-03 
 1.032271e+01  4.396843e-03 
 1.032310e+01  4.370566e-03 
 1.032350e+01  4.344493e-03 
 1.032390e+01  4.318646e-03 
 1.032430e+01  4.293042e-03 
 1.032470e+01  4.267710e-03 
 1.032509e+01  4.242666e-03 
 1.032549e+01  4.217936e-03 
 1.032589e+01  4.193547e-03 
 1.032629e+01  4.169530e-03 
 1.032668e+01  4.145904e-03 
 1.032708e+01  4.122699e-03 
 1.032748e+01  4.099946e-03 
 1.032788e+01  4.077662e-03 
 1.032827e+01  4.055873e-03 
 1.032867e+01  4.034590e-03 
 1.032907e+01  4.013830e-03 
 1.032947e+01  3.993603e-03 
 1.032987e+01  3.973917e-03 
 1.033026e+01  3.954787e-03 
 1.033066e+01  3.936209e-03 
 1.033106e+01  3.918186e-03 
 1.033146e+01  3.900744e-03 
 1.033185e+01  3.883869e-03 
 1.033225e+01  3.867578e-03 
 1.033265e+01  3.851872e-03 
 1.033305e+01  3.836757e-03 
 1.033344e+01  3.822228e-03 
 1.033384e+01  3.808294e-03 
 1.033424e+01  3.794956e-03 
 1.033464e+01  3.782218e-03 
 1.033504e+01  3.770085e-03 
 1.033543e+01  3.758558e-03 
 1.033583e+01  3.747640e-03 
 1.033623e+01  3.737330e-03 
 1.033663e+01  3.727629e-03 
 1.033702e+01  3.718529e-03 
 1.033742e+01  3.710026e-03 
 1.033782e+01  3.702113e-03 
 1.033822e+01  3.694779e-03 
 1.033861e+01  3.688020e-03 
 1.033901e+01  3.681827e-03 
 1.033941e+01  3.676205e-03 
 1.033981e+01  3.671150e-03 
 1.034021e+01  3.666669e-03 
 1.034060e+01  3.662779e-03 
 1.034100e+01  3.659481e-03 
 1.034140e+01  3.656783e-03 
 1.034180e+01  3.654701e-03 
 1.034219e+01  3.653243e-03 
 1.034259e+01  3.652424e-03 
 1.034299e+01  3.652255e-03 
 1.034339e+01  3.652750e-03 
 1.034378e+01  3.653909e-03 
 1.034418e+01  3.655743e-03 
 1.034458e+01  3.658247e-03 
 1.034498e+01  3.661423e-03 
 1.034538e+01  3.665266e-03 
 1.034577e+01  3.669762e-03 
 1.034617e+01  3.674898e-03 
 1.034657e+01  3.680664e-03 
 1.034697e+01  3.687055e-03 
 1.034736e+01  3.694055e-03 
 1.034776e+01  3.701652e-03 
 1.034816e+01  3.709835e-03 
 1.034856e+01  3.718603e-03 
 1.034895e+01  3.727950e-03 
 1.034935e+01  3.737863e-03 
 1.034975e+01  3.748337e-03 
 1.035015e+01  3.759367e-03 
 1.035055e+01  3.770940e-03 
 1.035094e+01  3.783042e-03 
 1.035134e+01  3.795674e-03 
 1.035174e+01  3.808818e-03 
 1.035214e+01  3.822462e-03 
 1.035253e+01  3.836586e-03 
 1.035293e+01  3.851186e-03 
 1.035333e+01  3.866242e-03 
 1.035373e+01  3.881750e-03 
 1.035412e+01  3.897694e-03 
 1.035452e+01  3.914075e-03 
 1.035492e+01  3.930889e-03 
 1.035532e+01  3.948135e-03 
 1.035572e+01  3.965802e-03 
 1.035611e+01  3.983874e-03 
 1.035651e+01  4.002341e-03 
 1.035691e+01  4.021192e-03 
 1.035731e+01  4.040409e-03 
 1.035770e+01  4.059988e-03 
 1.035810e+01  4.079911e-03 
 1.035850e+01  4.100178e-03 
 1.035890e+01  4.120775e-03 
 1.035930e+01  4.141709e-03 
 1.035969e+01  4.162967e-03 
 1.036009e+01  4.184538e-03 
 1.036049e+01  4.206415e-03 
 1.036089e+01  4.228595e-03 
 1.036128e+01  4.251073e-03 
 1.036168e+01  4.273844e-03 
 1.036208e+01  4.296900e-03 
 1.036248e+01  4.320241e-03 
 1.036287e+01  4.343861e-03 
 1.036327e+01  4.367747e-03 
 1.036367e+01  4.391884e-03 
 1.036407e+01  4.416255e-03 
 1.036447e+01  4.440834e-03 
 1.036486e+01  4.465602e-03 
 1.036526e+01  4.490540e-03 
 1.036566e+01  4.515630e-03 
 1.036606e+01  4.540855e-03 
 1.036645e+01  4.566204e-03 
 1.036685e+01  4.591658e-03 
 1.036725e+01  4.617217e-03 
 1.036765e+01  4.642860e-03 
 1.036804e+01  4.668583e-03 
 1.036844e+01  4.694372e-03 
 1.036884e+01  4.720214e-03 
 1.036924e+01  4.746100e-03 
 1.036964e+01  4.772018e-03 
 1.037003e+01  4.797955e-03 
 1.037043e+01  4.823896e-03 
 1.037083e+01  4.849820e-03 
 1.037123e+01  4.875713e-03 
 1.037162e+01  4.901544e-03 
 1.037202e+01  4.927292e-03 
 1.037242e+01  4.952929e-03 
 1.037282e+01  4.978427e-03 
 1.037321e+01  5.003759e-03 
 1.037361e+01  5.028906e-03 
 1.037401e+01  5.053847e-03 
 1.037441e+01  5.078559e-03 
 1.037481e+01  5.103020e-03 
 1.037520e+01  5.127218e-03 
 1.037560e+01  5.151138e-03 
 1.037600e+01  5.174765e-03 
 1.037640e+01  5.198087e-03 
 1.037679e+01  5.221103e-03 
 1.037719e+01  5.243800e-03 
 1.037759e+01  5.266178e-03 
 1.037799e+01  5.288230e-03 
 1.037838e+01  5.309949e-03 
 1.037878e+01  5.331323e-03 
 1.037918e+01  5.352335e-03 
 1.037958e+01  5.372974e-03 
 1.037998e+01  5.393225e-03 
 1.038037e+01  5.413063e-03 
 1.038077e+01  5.432474e-03 
 1.038117e+01  5.451442e-03 
 1.038157e+01  5.469960e-03 
 1.038196e+01  5.487999e-03 
 1.038236e+01  5.505558e-03 
 1.038276e+01  5.522628e-03 
 1.038316e+01  5.539190e-03 
 1.038355e+01  5.555240e-03 
 1.038395e+01  5.570771e-03 
 1.038435e+01  5.585751e-03 
 1.038475e+01  5.600175e-03 
 1.038515e+01  5.614037e-03 
 1.038554e+01  5.627298e-03 
 1.038594e+01  5.639958e-03 
 1.038634e+01  5.652002e-03 
 1.038674e+01  5.663426e-03 
 1.038713e+01  5.674212e-03 
 1.038753e+01  5.684355e-03 
 1.038793e+01  5.693849e-03 
 1.038833e+01  5.702673e-03 
 1.038872e+01  5.710810e-03 
 1.038912e+01  5.718253e-03 
 1.038952e+01  5.724981e-03 
 1.038992e+01  5.730980e-03 
 1.039032e+01  5.736246e-03 
 1.039071e+01  5.740767e-03 
 1.039111e+01  5.744528e-03 
 1.039151e+01  5.747524e-03 
 1.039191e+01  5.749743e-03 
 1.039230e+01  5.751180e-03 
 1.039270e+01  5.751836e-03 
 1.039310e+01  5.751702e-03 
 1.039350e+01  5.750786e-03 
 1.039389e+01  5.749095e-03 
 1.039429e+01  5.746639e-03 
 1.039469e+01  5.743430e-03 
 1.039509e+01  5.739484e-03 
 1.039549e+01  5.734810e-03 
 1.039588e+01  5.729422e-03 
 1.039628e+01  5.723333e-03 
 1.039668e+01  5.716555e-03 
 1.039708e+01  5.709086e-03 
 1.039747e+01  5.700938e-03 
 1.039787e+01  5.692110e-03 
 1.039827e+01  5.682604e-03 
 1.039867e+01  5.672427e-03 
 1.039906e+01  5.661570e-03 
 1.039946e+01  5.650026e-03 
 1.039986e+01  5.637798e-03 
 1.040026e+01  5.624891e-03 
 1.040066e+01  5.611313e-03 
 1.040105e+01  5.597075e-03 
 1.040145e+01  5.582196e-03 
 1.040185e+01  5.566678e-03 
 1.040225e+01  5.550540e-03 
 1.040264e+01  5.533815e-03 
 1.040304e+01  5.516512e-03 
 1.040344e+01  5.498644e-03 
 1.040384e+01  5.480227e-03 
 1.040423e+01  5.461272e-03 
 1.040463e+01  5.441810e-03 
 1.040503e+01  5.421864e-03 
 1.040543e+01  5.401447e-03 
 1.040583e+01  5.380565e-03 
 1.040622e+01  5.359239e-03 
 1.040662e+01  5.337481e-03 
 1.040702e+01  5.315312e-03 
 1.040742e+01  5.292733e-03 
 1.040781e+01  5.269749e-03 
 1.040821e+01  5.246374e-03 
 1.040861e+01  5.222620e-03 
 1.040901e+01  5.198523e-03 
 1.040940e+01  5.174104e-03 
 1.040980e+01  5.149383e-03 
 1.041020e+01  5.124390e-03 
 1.041060e+01  5.099146e-03 
 1.041100e+01  5.073679e-03 
 1.041139e+01  5.048015e-03 
 1.041179e+01  5.022162e-03 
 1.041219e+01  4.996135e-03 
 1.041259e+01  4.969955e-03 
 1.041298e+01  4.943639e-03 
 1.041338e+01  4.917203e-03 
 1.041378e+01  4.890667e-03 
 1.041418e+01  4.864037e-03 
 1.041457e+01  4.837324e-03 
 1.041497e+01  4.810544e-03 
 1.041537e+01  4.783711e-03 
 1.041577e+01  4.756836e-03 
 1.041617e+01  4.729929e-03 
 1.041656e+01  4.703008e-03 
 1.041696e+01  4.676089e-03 
 1.041736e+01  4.649195e-03 
 1.041776e+01  4.622351e-03 
 1.041815e+01  4.595569e-03 
 1.041855e+01  4.568876e-03 
 1.041895e+01  4.542293e-03 
 1.041935e+01  4.515836e-03 
 1.041974e+01  4.489526e-03 
 1.042014e+01  4.463387e-03 
 1.042054e+01  4.437438e-03 
 1.042094e+01  4.411701e-03 
 1.042134e+01  4.386207e-03 
 1.042173e+01  4.360982e-03 
 1.042213e+01  4.336049e-03 
 1.042253e+01  4.311433e-03 
 1.042293e+01  4.287154e-03 
 1.042332e+01  4.263228e-03 
 1.042372e+01  4.239666e-03 
 1.042412e+01  4.216481e-03 
 1.042452e+01  4.193687e-03 
 1.042491e+01  4.171298e-03 
 1.042531e+01  4.149326e-03 
 1.042571e+01  4.127772e-03 
 1.042611e+01  4.106633e-03 
 1.042651e+01  4.085914e-03 
 1.042690e+01  4.065626e-03 
 1.042730e+01  4.045775e-03 
 1.042770e+01  4.026355e-03 
 1.042810e+01  4.007370e-03 
 1.042849e+01  3.988833e-03 
 1.042889e+01  3.970748e-03 
 1.042929e+01  3.953137e-03 
 1.042969e+01  3.935994e-03 
 1.043008e+01  3.919322e-03 
 1.043048e+01  3.903133e-03 
 1.043088e+01  3.887424e-03 
 1.043128e+01  3.872201e-03 
 1.043168e+01  3.857471e-03 
 1.043207e+01  3.843224e-03 
 1.043247e+01  3.829468e-03 
 1.043287e+01  3.816195e-03 
 1.043327e+01  3.803410e-03 
 1.043366e+01  3.791112e-03 
 1.043406e+01  3.779307e-03 
 1.043446e+01  3.767997e-03 
 1.043486e+01  3.757190e-03 
 1.043525e+01  3.746896e-03 
 1.043565e+01  3.737129e-03 
 1.043605e+01  3.727900e-03 
 1.043645e+01  3.719216e-03 
 1.043685e+01  3.711096e-03 
 1.043724e+01  3.703560e-03 
 1.043764e+01  3.696618e-03 
 1.043804e+01  3.690291e-03 
 1.043844e+01  3.684591e-03 
 1.043883e+01  3.679534e-03 
 1.043923e+01  3.675121e-03 
 1.043963e+01  3.671364e-03 
 1.044003e+01  3.668260e-03 
 1.044042e+01  3.665809e-03 
 1.044082e+01  3.664005e-03 
 1.044122e+01  3.662841e-03 
 1.044162e+01  3.662315e-03 
 1.044202e+01  3.662421e-03 
 1.044241e+01  3.663147e-03 
 1.044281e+01  3.664489e-03 
 1.044321e+01  3.666436e-03 
 1.044361e+01  3.668982e-03 
 1.044400e+01  3.672125e-03 
 1.044440e+01  3.675858e-03 
 1.044480e+01  3.680177e-03 
 1.044520e+01  3.685067e-03 
 1.044559e+01  3.690528e-03 
 1.044599e+01  3.696561e-03 
 1.044639e+01  3.703161e-03 
 1.044679e+01  3.710325e-03 
 1.044719e+01  3.718040e-03 
 1.044758e+01  3.726298e-03 
 1.044798e+01  3.735097e-03 
 1.044838e+01  3.744439e-03 
 1.044878e+01  3.754321e-03 
 1.044917e+01  3.764741e-03 
 1.044957e+01  3.775695e-03 
 1.044997e+01  3.787187e-03 
 1.045037e+01  3.799222e-03 
 1.045077e+01  3.811798e-03 
 1.045116e+01  3.824907e-03 
 1.045156e+01  3.838536e-03 
 1.045196e+01  3.852677e-03 
 1.045236e+01  3.867336e-03 
 1.045275e+01  3.882509e-03 
 1.045315e+01  3.898192e-03 
 1.045355e+01  3.914373e-03 
 1.045395e+01  3.931052e-03 
 1.045434e+01  3.948219e-03 
 1.045474e+01  3.965864e-03 
 1.045514e+01  3.983988e-03 
 1.045554e+01  4.002582e-03 
 1.045594e+01  4.021644e-03 
 1.045633e+01  4.041179e-03 
 1.045673e+01  4.061189e-03 
 1.045713e+01  4.081679e-03 
 1.045753e+01  4.102643e-03 
 1.045792e+01  4.124064e-03 
 1.045832e+01  4.145922e-03 
 1.045872e+01  4.168200e-03 
 1.045912e+01  4.190876e-03 
 1.045951e+01  4.213926e-03 
 1.045991e+01  4.237322e-03 
 1.046031e+01  4.261046e-03 
 1.046071e+01  4.285082e-03 
 1.046111e+01  4.309408e-03 
 1.046150e+01  4.334000e-03 
 1.046190e+01  4.358844e-03 
 1.046230e+01  4.383918e-03 
 1.046270e+01  4.409210e-03 
 1.046309e+01  4.434708e-03 
 1.046349e+01  4.460397e-03 
 1.046389e+01  4.486279e-03 
 1.046429e+01  4.512339e-03 
 1.046468e+01  4.538570e-03 
 1.046508e+01  4.564972e-03 
 1.046548e+01  4.591521e-03 
 1.046588e+01  4.618208e-03 
 1.046628e+01  4.645008e-03 
 1.046667e+01  4.671898e-03 
 1.046707e+01  4.698850e-03 
 1.046747e+01  4.725837e-03 
 1.046787e+01  4.752831e-03 
 1.046826e+01  4.779809e-03 
 1.046866e+01  4.806753e-03 
 1.046906e+01  4.833636e-03 
 1.046946e+01  4.860439e-03 
 1.046985e+01  4.887143e-03 
 1.047025e+01  4.913737e-03 
 1.047065e+01  4.940205e-03 
 1.047105e+01  4.966531e-03 
 1.047145e+01  4.992701e-03 
 1.047184e+01  5.018707e-03 
 1.047224e+01  5.044534e-03 
 1.047264e+01  5.070177e-03 
 1.047304e+01  5.095620e-03 
 1.047343e+01  5.120853e-03 
 1.047383e+01  5.145852e-03 
 1.047423e+01  5.170596e-03 
 1.047463e+01  5.195063e-03 
 1.047502e+01  5.219238e-03 
 1.047542e+01  5.243085e-03 
 1.047582e+01  5.266580e-03 
 1.047622e+01  5.289698e-03 
 1.047662e+01  5.312431e-03 
 1.047701e+01  5.334756e-03 
 1.047741e+01  5.356655e-03 
 1.047781e+01  5.378114e-03 
 1.047821e+01  5.399114e-03 
 1.047860e+01  5.419640e-03 
 1.047900e+01  5.439681e-03 
 1.047940e+01  5.459217e-03 
 1.047980e+01  5.478247e-03 
 1.048019e+01  5.496744e-03 
 1.048059e+01  5.514702e-03 
 1.048099e+01  5.532112e-03 
 1.048139e+01  5.548954e-03 
 1.048179e+01  5.565209e-03 
 1.048218e+01  5.580871e-03 
 1.048258e+01  5.595922e-03 
 1.048298e+01  5.610337e-03 
 1.048338e+01  5.624117e-03 
 1.048377e+01  5.637237e-03 
 1.048417e+01  5.649684e-03 
 1.048457e+01  5.661453e-03 
 1.048497e+01  5.672521e-03 
 1.048536e+01  5.682885e-03 
 1.048576e+01  5.692526e-03 
 1.048616e+01  5.701434e-03 
 1.048656e+01  5.709592e-03 
 1.048696e+01  5.716979e-03 
 1.048735e+01  5.723591e-03 
 1.048775e+01  5.729421e-03 
 1.048815e+01  5.734466e-03 
 1.048855e+01  5.738729e-03 
 1.048894e+01  5.742209e-03 
 1.048934e+01  5.744917e-03 
 1.048974e+01  5.746863e-03 
 1.049014e+01  5.748061e-03 
 1.049053e+01  5.748518e-03 
 1.049093e+01  5.748248e-03 
 1.049133e+01  5.747256e-03 
 1.049173e+01  5.745554e-03 
 1.049213e+01  5.743156e-03 
 1.049252e+01  5.740063e-03 
 1.049292e+01  5.736282e-03 
 1.049332e+01  5.731809e-03 
 1.049372e+01  5.726653e-03 
 1.049411e+01  5.720810e-03 
 1.049451e+01  5.714277e-03 
 1.049491e+01  5.707061e-03 
 1.049531e+01  5.699156e-03 
 1.049570e+01  5.690572e-03 
 1.049610e+01  5.681321e-03 
 1.049650e+01  5.671405e-03 
 1.049690e+01  5.660843e-03 
 1.049730e+01  5.649647e-03 
 1.049769e+01  5.637832e-03 
 1.049809e+01  5.625419e-03 
 1.049849e+01  5.612423e-03 
 1.049889e+01  5.598857e-03 
 1.049928e+01  5.584726e-03 
 1.049968e+01  5.570059e-03 
 1.050008e+01  5.554864e-03 
 1.050048e+01  5.539146e-03 
 1.050087e+01  5.522911e-03 
 1.050127e+01  5.506167e-03 
 1.050167e+01  5.488910e-03 
 1.050207e+01  5.471155e-03 
 1.050247e+01  5.452911e-03 
 1.050286e+01  5.434169e-03 
 1.050326e+01  5.414945e-03 
 1.050366e+01  5.395238e-03 
 1.050406e+01  5.375075e-03 
 1.050445e+01  5.354483e-03 
 1.050485e+01  5.333465e-03 
 1.050525e+01  5.312051e-03 
 1.050565e+01  5.290251e-03 
 1.050604e+01  5.268089e-03 
 1.050644e+01  5.245594e-03 
 1.050684e+01  5.222770e-03 
 1.050724e+01  5.199642e-03 
 1.050764e+01  5.176226e-03 
 1.050803e+01  5.152545e-03 
 1.050843e+01  5.128617e-03 
 1.050883e+01  5.104466e-03 
 1.050923e+01  5.080097e-03 
 1.050962e+01  5.055528e-03 
 1.051002e+01  5.030761e-03 
 1.051042e+01  5.005820e-03 
 1.051082e+01  4.980717e-03 
 1.051121e+01  4.955467e-03 
 1.051161e+01  4.930094e-03 
 1.051201e+01  4.904621e-03 
 1.051241e+01  4.879070e-03 
 1.051281e+01  4.853459e-03 
 1.051320e+01  4.827796e-03 
 1.051360e+01  4.802103e-03 
 1.051400e+01  4.776393e-03 
 1.051440e+01  4.750676e-03 
 1.051479e+01  4.724963e-03 
 1.051519e+01  4.699274e-03 
 1.051559e+01  4.673613e-03 
 1.051599e+01  4.648009e-03 
 1.051638e+01  4.622473e-03 
 1.051678e+01  4.597028e-03 
 1.051718e+01  4.571695e-03 
 1.051758e+01  4.546489e-03 
 1.051798e+01  4.521418e-03 
 1.051837e+01  4.496497e-03 
 1.051877e+01  4.471747e-03 
 1.051917e+01  4.447174e-03 
 1.051957e+01  4.422782e-03 
 1.051996e+01  4.398586e-03 
 1.052036e+01  4.374593e-03 
 1.052076e+01  4.350810e-03 
 1.052116e+01  4.327233e-03 
 1.052155e+01  4.303871e-03 
 1.052195e+01  4.280725e-03 
 1.052235e+01  4.257798e-03 
 1.052275e+01  4.235104e-03 
 1.052315e+01  4.212651e-03 
 1.052354e+01  4.190458e-03 
 1.052394e+01  4.168538e-03 
 1.052434e+01  4.146918e-03 
 1.052474e+01  4.125619e-03 
 1.052513e+01  4.104660e-03 
 1.052553e+01  4.084052e-03 
 1.052593e+01  4.063814e-03 
 1.052633e+01  4.043965e-03 
 1.052672e+01  4.024513e-03 
 1.052712e+01  4.005460e-03 
 1.052752e+01  3.986814e-03 
 1.052792e+01  3.968580e-03 
 1.052832e+01  3.950754e-03 
 1.052871e+01  3.933351e-03 
 1.052911e+01  3.916370e-03 
 1.052951e+01  3.899812e-03 
 1.052991e+01  3.883696e-03 
 1.053030e+01  3.868039e-03 
 1.053070e+01  3.852845e-03 
 1.053110e+01  3.838132e-03 
 1.053150e+01  3.823917e-03 
 1.053189e+01  3.810211e-03 
 1.053229e+01  3.797032e-03 
 1.053269e+01  3.784409e-03 
 1.053309e+01  3.772353e-03 
 1.053349e+01  3.760888e-03 
 1.053388e+01  3.750027e-03 
 1.053428e+01  3.739773e-03 
 1.053468e+01  3.730134e-03 
 1.053508e+01  3.721115e-03 
 1.053547e+01  3.712707e-03 
 1.053587e+01  3.704915e-03 
 1.053627e+01  3.697732e-03 
 1.053667e+01  3.691153e-03 
 1.053706e+01  3.685180e-03 
 1.053746e+01  3.679807e-03 
 1.053786e+01  3.675029e-03 
 1.053826e+01  3.670835e-03 
 1.053866e+01  3.667221e-03 
 1.053905e+01  3.664189e-03 
 1.053945e+01  3.661739e-03 
 1.053985e+01  3.659875e-03 
 1.054025e+01  3.658599e-03 
 1.054064e+01  3.657915e-03 
 1.054104e+01  3.657830e-03 
 1.054144e+01  3.658341e-03 
 1.054184e+01  3.659450e-03 
 1.054224e+01  3.661155e-03 
 1.054263e+01  3.663462e-03 
 1.054303e+01  3.666368e-03 
 1.054343e+01  3.669882e-03 
 1.054383e+01  3.674005e-03 
 1.054422e+01  3.678742e-03 
 1.054462e+01  3.684081e-03 
 1.054502e+01  3.690035e-03 
 1.054542e+01  3.696608e-03 
 1.054581e+01  3.703800e-03 
 1.054621e+01  3.711611e-03 
 1.054661e+01  3.720039e-03 
 1.054701e+01  3.729084e-03 
 1.054741e+01  3.738740e-03 
 1.054780e+01  3.749013e-03 
 1.054820e+01  3.759904e-03 
 1.054860e+01  3.771405e-03 
 1.054900e+01  3.783519e-03 
 1.054939e+01  3.796244e-03 
 1.054979e+01  3.809586e-03 
 1.055019e+01  3.823545e-03 
 1.055059e+01  3.838113e-03 
 1.055098e+01  3.853295e-03 
 1.055138e+01  3.869092e-03 
 1.055178e+01  3.885511e-03 
 1.055218e+01  3.902553e-03 
 1.055258e+01  3.920213e-03 
 1.055297e+01  3.938479e-03 
 1.055337e+01  3.957337e-03 
 1.055377e+01  3.976776e-03 
 1.055417e+01  3.996763e-03 
 1.055456e+01  4.017280e-03 
 1.055496e+01  4.038297e-03 
 1.055536e+01  4.059788e-03 
 1.055576e+01  4.081741e-03 
 1.055615e+01  4.104119e-03 
 1.055655e+01  4.126907e-03 
 1.055695e+01  4.150079e-03 
 1.055735e+01  4.173613e-03 
 1.055775e+01  4.197500e-03 
 1.055814e+01  4.221728e-03 
 1.055854e+01  4.246289e-03 
 1.055894e+01  4.271171e-03 
 1.055934e+01  4.296368e-03 
 1.055973e+01  4.321865e-03 
 1.056013e+01  4.347650e-03 
 1.056053e+01  4.373702e-03 
 1.056093e+01  4.400003e-03 
 1.056132e+01  4.426530e-03 
 1.056172e+01  4.453249e-03 
 1.056212e+01  4.480141e-03 
 1.056252e+01  4.507178e-03 
 1.056292e+01  4.534331e-03 
 1.056331e+01  4.561581e-03 
 1.056371e+01  4.588898e-03 
 1.056411e+01  4.616261e-03 
 1.056451e+01  4.643654e-03 
 1.056490e+01  4.671062e-03 
 1.056530e+01  4.698470e-03 
 1.056570e+01  4.725869e-03 
 1.056610e+01  4.753242e-03 
 1.056649e+01  4.780581e-03 
 1.056689e+01  4.807875e-03 
 1.056729e+01  4.835116e-03 
 1.056769e+01  4.862297e-03 
 1.056809e+01  4.889401e-03 
 1.056848e+01  4.916416e-03 
 1.056888e+01  4.943316e-03 
 1.056928e+01  4.970077e-03 
 1.056968e+01  4.996675e-03 
 1.057007e+01  5.023078e-03 
 1.057047e+01  5.049264e-03 
 1.057087e+01  5.075205e-03 
 1.057127e+01  5.100877e-03 
 1.057166e+01  5.126263e-03 
 1.057206e+01  5.151345e-03 
 1.057246e+01  5.176102e-03 
 1.057286e+01  5.200508e-03 
 1.057326e+01  5.224543e-03 
 1.057365e+01  5.248190e-03 
 1.057405e+01  5.271428e-03 
 1.057445e+01  5.294243e-03 
 1.057485e+01  5.316627e-03 
 1.057524e+01  5.338556e-03 
 1.057564e+01  5.360019e-03 
 1.057604e+01  5.381003e-03 
 1.057644e+01  5.401492e-03 
 1.057683e+01  5.421456e-03 
 1.057723e+01  5.440895e-03 
 1.057763e+01  5.459797e-03 
 1.057803e+01  5.478132e-03 
 1.057843e+01  5.495907e-03 
 1.057882e+01  5.513101e-03 
 1.057922e+01  5.529692e-03 
 1.057962e+01  5.545669e-03 
 1.058002e+01  5.561034e-03 
 1.058041e+01  5.575768e-03 
 1.058081e+01  5.589859e-03 
 1.058121e+01  5.603305e-03 
 1.058161e+01  5.616080e-03 
 1.058200e+01  5.628180e-03 
 1.058240e+01  5.639594e-03 
 1.058280e+01  5.650312e-03 
 1.058320e+01  5.660333e-03 
 1.058360e+01  5.669649e-03 
 1.058399e+01  5.678260e-03 
 1.058439e+01  5.686184e-03 
 1.058479e+01  5.693416e-03 
 1.058519e+01  5.699979e-03 
 1.058558e+01  5.705879e-03 
 1.058598e+01  5.711123e-03 
 1.058638e+01  5.715722e-03 
 1.058678e+01  5.719680e-03 
 1.058717e+01  5.723009e-03 
 1.058757e+01  5.725705e-03 
 1.058797e+01  5.727762e-03 
 1.058837e+01  5.729180e-03 
 1.058877e+01  5.729948e-03 
 1.058916e+01  5.730060e-03 
 1.058956e+01  5.729515e-03 
 1.058996e+01  5.728298e-03 
 1.059036e+01  5.726406e-03 
 1.059075e+01  5.723831e-03 
 1.059115e+01  5.720581e-03 
 1.059155e+01  5.716662e-03 
 1.059195e+01  5.712072e-03 
 1.059234e+01  5.706820e-03 
 1.059274e+01  5.700912e-03 
 1.059314e+01  5.694354e-03 
 1.059354e+01  5.687163e-03 
 1.059394e+01  5.679350e-03 
 1.059433e+01  5.670922e-03 
 1.059473e+01  5.661889e-03 
 1.059513e+01  5.652248e-03 
 1.059553e+01  5.642008e-03 
 1.059592e+01  5.631168e-03 
 1.059632e+01  5.619737e-03 
 1.059672e+01  5.607707e-03 
 1.059712e+01  5.595084e-03 
 1.059751e+01  5.581883e-03 
 1.059791e+01  5.568093e-03 
 1.059831e+01  5.553732e-03 
 1.059871e+01  5.538804e-03 
 1.059911e+01  5.523317e-03 
 1.059950e+01  5.507297e-03 
 1.059990e+01  5.490760e-03 
 1.060030e+01  5.473730e-03 
 1.060070e+01  5.456216e-03 
 1.060109e+01  5.438242e-03 
 1.060149e+01  5.419828e-03 
 1.060189e+01  5.400996e-03 
 1.060229e+01  5.381758e-03 
 1.060268e+01  5.362133e-03 
 1.060308e+01  5.342145e-03 
 1.060348e+01  5.321804e-03 
 1.060388e+01  5.301133e-03 
 1.060428e+01  5.280146e-03 
 1.060467e+01  5.258856e-03 
 1.060507e+01  5.237263e-03 
 1.060547e+01  5.215378e-03 
 1.060587e+01  5.193217e-03 
 1.060626e+01  5.170793e-03 
 1.060666e+01  5.148117e-03 
 1.060706e+01  5.125201e-03 
 1.060746e+01  5.102054e-03 
 1.060785e+01  5.078687e-03 
 1.060825e+01  5.055099e-03 
 1.060865e+01  5.031307e-03 
 1.060905e+01  5.007323e-03 
 1.060945e+01  4.983150e-03 
 1.060984e+01  4.958800e-03 
 1.061024e+01  4.934288e-03 
 1.061064e+01  4.909630e-03 
 1.061104e+01  4.884833e-03 
 1.061143e+01  4.859921e-03 
 1.061183e+01  4.834903e-03 
 1.061223e+01  4.809796e-03 
 1.061263e+01  4.784624e-03 
 1.061302e+01  4.759400e-03 
 1.061342e+01  4.734145e-03 
 1.061382e+01  4.708874e-03 
 1.061422e+01  4.683593e-03 
 1.061462e+01  4.658315e-03 
 1.061501e+01  4.633053e-03 
 1.061541e+01  4.607812e-03 
 1.061581e+01  4.582590e-03 
 1.061621e+01  4.557400e-03 
 1.061660e+01  4.532246e-03 
 1.061700e+01  4.507136e-03 
 1.061740e+01  4.482082e-03 
 1.061780e+01  4.457102e-03 
 1.061819e+01  4.432210e-03 
 1.061859e+01  4.407422e-03 
 1.061899e+01  4.382764e-03 
 1.061939e+01  4.358269e-03 
 1.061979e+01  4.333960e-03 
 1.062018e+01  4.309855e-03 
 1.062058e+01  4.285981e-03 
 1.062098e+01  4.262354e-03 
 1.062138e+01  4.238990e-03 
 1.062177e+01  4.215903e-03 
 1.062217e+01  4.193110e-03 
 1.062257e+01  4.170615e-03 
 1.062297e+01  4.148432e-03 
 1.062336e+01  4.126558e-03 
 1.062376e+01  4.105007e-03 
 1.062416e+01  4.083785e-03 
 1.062456e+01  4.062895e-03 
 1.062496e+01  4.042348e-03 
 1.062535e+01  4.022153e-03 
 1.062575e+01  4.002321e-03 
 1.062615e+01  3.982869e-03 
 1.062655e+01  3.963827e-03 
 1.062694e+01  3.945218e-03 
 1.062734e+01  3.927052e-03 
 1.062774e+01  3.909366e-03 
 1.062814e+01  3.892166e-03 
 1.062853e+01  3.875494e-03 
 1.062893e+01  3.859356e-03 
 1.062933e+01  3.843766e-03 
 1.062973e+01  3.828736e-03 
 1.063013e+01  3.814259e-03 
 1.063052e+01  3.800344e-03 
 1.063092e+01  3.786994e-03 
 1.063132e+01  3.774208e-03 
 1.063172e+01  3.761974e-03 
 1.063211e+01  3.750297e-03 
 1.063251e+01  3.739178e-03 
 1.063291e+01  3.728613e-03 
 1.063331e+01  3.718602e-03 
 1.063371e+01  3.709140e-03 
 1.063410e+01  3.700228e-03 
 1.063450e+01  3.691871e-03 
 1.063490e+01  3.684084e-03 
 1.063530e+01  3.676874e-03 
 1.063569e+01  3.670256e-03 
 1.063609e+01  3.664229e-03 
 1.063649e+01  3.658812e-03 
 1.063689e+01  3.654011e-03 
 1.063728e+01  3.649838e-03 
 1.063768e+01  3.646302e-03 
 1.063808e+01  3.643411e-03 
 1.063848e+01  3.641176e-03 
 1.063888e+01  3.639599e-03 
 1.063927e+01  3.638689e-03 
 1.063967e+01  3.638450e-03 
 1.064007e+01  3.638886e-03 
 1.064047e+01  3.640005e-03 
 1.064086e+01  3.641814e-03 
 1.064126e+01  3.644316e-03 
 1.064166e+01  3.647527e-03 
 1.064206e+01  3.651440e-03 
 1.064245e+01  3.656061e-03 
 1.064285e+01  3.661385e-03 
 1.064325e+01  3.667411e-03 
 1.064365e+01  3.674141e-03 
 1.064405e+01  3.681575e-03 
 1.064444e+01  3.689719e-03 
 1.064484e+01  3.698568e-03 
 1.064524e+01  3.708117e-03 
 1.064564e+01  3.718374e-03 
 1.064603e+01  3.729340e-03 
 1.064643e+01  3.741009e-03 
 1.064683e+01  3.753371e-03 
 1.064723e+01  3.766420e-03 
 1.064762e+01  3.780150e-03 
 1.064802e+01  3.794546e-03 
 1.064842e+01  3.809602e-03 
 1.064882e+01  3.825287e-03 
 1.064922e+01  3.841574e-03 
 1.064961e+01  3.858432e-03 
 1.065001e+01  3.875838e-03 
 1.065041e+01  3.893776e-03 
 1.065081e+01  3.912217e-03 
 1.065120e+01  3.931135e-03 
 1.065160e+01  3.950514e-03 
 1.065200e+01  3.970331e-03 
 1.065240e+01  3.990577e-03 
 1.065279e+01  4.011246e-03 
 1.065319e+01  4.032326e-03 
 1.065359e+01  4.053813e-03 
 1.065399e+01  4.075707e-03 
 1.065439e+01  4.098010e-03 
 1.065478e+01  4.120722e-03 
 1.065518e+01  4.143832e-03 
 1.065558e+01  4.167333e-03 
 1.065598e+01  4.191217e-03 
 1.065637e+01  4.215459e-03 
 1.065677e+01  4.240047e-03 
 1.065717e+01  4.264966e-03 
 1.065757e+01  4.290192e-03 
 1.065796e+01  4.315700e-03 
 1.065836e+01  4.341473e-03 
 1.065876e+01  4.367490e-03 
 1.065916e+01  4.393732e-03 
 1.065956e+01  4.420178e-03 
 1.065995e+01  4.446817e-03 
 1.066035e+01  4.473634e-03 
 1.066075e+01  4.500611e-03 
 1.066115e+01  4.527738e-03 
 1.066154e+01  4.554998e-03 
 1.066194e+01  4.582379e-03 
 1.066234e+01  4.609865e-03 
 1.066274e+01  4.637434e-03 
 1.066313e+01  4.665074e-03 
 1.066353e+01  4.692756e-03 
 1.066393e+01  4.720460e-03 
 1.066433e+01  4.748158e-03 
 1.066473e+01  4.775821e-03 
 1.066512e+01  4.803418e-03 
 1.066552e+01  4.830912e-03 
 1.066592e+01  4.858281e-03 
 1.066632e+01  4.885504e-03 
 1.066671e+01  4.912548e-03 
 1.066711e+01  4.939383e-03 
 1.066751e+01  4.965985e-03 
 1.066791e+01  4.992333e-03 
 1.066830e+01  5.018409e-03 
 1.066870e+01  5.044194e-03 
 1.066910e+01  5.069668e-03 
 1.066950e+01  5.094819e-03 
 1.066990e+01  5.119638e-03 
 1.067029e+01  5.144117e-03 
 1.067069e+01  5.168245e-03 
 1.067109e+01  5.192000e-03 
 1.067149e+01  5.215368e-03 
 1.067188e+01  5.238341e-03 
 1.067228e+01  5.260905e-03 
 1.067268e+01  5.283048e-03 
 1.067308e+01  5.304758e-03 
 1.067347e+01  5.326026e-03 
 1.067387e+01  5.346839e-03 
 1.067427e+01  5.367198e-03 
 1.067467e+01  5.387094e-03 
 1.067507e+01  5.406513e-03 
 1.067546e+01  5.425434e-03 
 1.067586e+01  5.443844e-03 
 1.067626e+01  5.461735e-03 
 1.067666e+01  5.479090e-03 
 1.067705e+01  5.495894e-03 
 1.067745e+01  5.512132e-03 
 1.067785e+01  5.527784e-03 
 1.067825e+01  5.542847e-03 
 1.067864e+01  5.557312e-03 
 1.067904e+01  5.571178e-03 
 1.067944e+01  5.584453e-03 
 1.067984e+01  5.597127e-03 
 1.068024e+01  5.609208e-03 
 1.068063e+01  5.620692e-03 
 1.068103e+01  5.631589e-03 
 1.068143e+01  5.641897e-03 
 1.068183e+01  5.651615e-03 
 1.068222e+01  5.660751e-03 
 1.068262e+01  5.669300e-03 
 1.068302e+01  5.677257e-03 
 1.068342e+01  5.684614e-03 
 1.068381e+01  5.691357e-03 
 1.068421e+01  5.697475e-03 
 1.068461e+01  5.702944e-03 
 1.068501e+01  5.707754e-03 
 1.068541e+01  5.711893e-03 
 1.068580e+01  5.715360e-03 
 1.068620e+01  5.718141e-03 
 1.068660e+01  5.720242e-03 
 1.068700e+01  5.721657e-03 
 1.068739e+01  5.722391e-03 
 1.068779e+01  5.722455e-03 
 1.068819e+01  5.721859e-03 
 1.068859e+01  5.720605e-03 
 1.068898e+01  5.718707e-03 
 1.068938e+01  5.716165e-03 
 1.068978e+01  5.712994e-03 
 1.069018e+01  5.709197e-03 
 1.069058e+01  5.704765e-03 
 1.069097e+01  5.699696e-03 
 1.069137e+01  5.693988e-03 
 1.069177e+01  5.687643e-03 
 1.069217e+01  5.680662e-03 
 1.069256e+01  5.673038e-03 
 1.069296e+01  5.664780e-03 
 1.069336e+01  5.655886e-03 
 1.069376e+01  5.646357e-03 
 1.069415e+01  5.636199e-03 
 1.069455e+01  5.625425e-03 
 1.069495e+01  5.614050e-03 
 1.069535e+01  5.602085e-03 
 1.069575e+01  5.589552e-03 
 1.069614e+01  5.576475e-03 
 1.069654e+01  5.562868e-03 
 1.069694e+01  5.548746e-03 
 1.069734e+01  5.534131e-03 
 1.069773e+01  5.519043e-03 
 1.069813e+01  5.503502e-03 
 1.069853e+01  5.487520e-03 
 1.069893e+01  5.471110e-03 
 1.069932e+01  5.454279e-03 
 1.069972e+01  5.437036e-03 
 1.070012e+01  5.419394e-03 
 1.070052e+01  5.401351e-03 
 1.070092e+01  5.382920e-03 
 1.070131e+01  5.364102e-03 
 1.070171e+01  5.344905e-03 
 1.070211e+01  5.325343e-03 
 1.070251e+01  5.305412e-03 
 1.070290e+01  5.285116e-03 
 1.070330e+01  5.264451e-03 
 1.070370e+01  5.243427e-03 
 1.070410e+01  5.222045e-03 
 1.070449e+01  5.200317e-03 
 1.070489e+01  5.178259e-03 
 1.070529e+01  5.155876e-03 
 1.070569e+01  5.133176e-03 
 1.070609e+01  5.110172e-03 
 1.070648e+01  5.086879e-03 
 1.070688e+01  5.063318e-03 
 1.070728e+01  5.039501e-03 
 1.070768e+01  5.015453e-03 
 1.070807e+01  4.991196e-03 
 1.070847e+01  4.966741e-03 
 1.070887e+01  4.942098e-03 
 1.070927e+01  4.917280e-03 
 1.070966e+01  4.892297e-03 
 1.071006e+01  4.867160e-03 
 1.071046e+01  4.841875e-03 
 1.071086e+01  4.816458e-03 
 1.071126e+01  4.790918e-03 
 1.071165e+01  4.765264e-03 
 1.071205e+01  4.739518e-03 
 1.071245e+01  4.713687e-03 
 1.071285e+01  4.687784e-03 
 1.071324e+01  4.661829e-03 
 1.071364e+01  4.635855e-03 
 1.071404e+01  4.609897e-03 
 1.071444e+01  4.583975e-03 
 1.071483e+01  4.558116e-03 
 1.071523e+01  4.532347e-03 
 1.071563e+01  4.506691e-03 
 1.071603e+01  4.481166e-03 
 1.071643e+01  4.455792e-03 
 1.071682e+01  4.430587e-03 
 1.071722e+01  4.405557e-03 
 1.071762e+01  4.380708e-03 
 1.071802e+01  4.356051e-03 
 1.071841e+01  4.331594e-03 
 1.071881e+01  4.307330e-03 
 1.071921e+01  4.283261e-03 
 1.071961e+01  4.259391e-03 
 1.072000e+01  4.235732e-03 
 1.072040e+01  4.212300e-03 
 1.072080e+01  4.189108e-03 
 1.072120e+01  4.166182e-03 
 1.072160e+01  4.143540e-03 
 1.072199e+01  4.121202e-03 
 1.072239e+01  4.099192e-03 
 1.072279e+01  4.077542e-03 
 1.072319e+01  4.056272e-03 
 1.072358e+01  4.035395e-03 
 1.072398e+01  4.014933e-03 
 1.072438e+01  3.994900e-03 
 1.072478e+01  3.975300e-03 
 1.072518e+01  3.956153e-03 
 1.072557e+01  3.937458e-03 
 1.072597e+01  3.919228e-03 
 1.072637e+01  3.901460e-03 
 1.072677e+01  3.884170e-03 
 1.072716e+01  3.867360e-03 
 1.072756e+01  3.851025e-03 
 1.072796e+01  3.835173e-03 
 1.072836e+01  3.819806e-03 
 1.072875e+01  3.804923e-03 
 1.072915e+01  3.790537e-03 
 1.072955e+01  3.776665e-03 
 1.072995e+01  3.763326e-03 
 1.073035e+01  3.750540e-03 
 1.073074e+01  3.738315e-03 
 1.073114e+01  3.726679e-03 
 1.073154e+01  3.715636e-03 
 1.073194e+01  3.705199e-03 
 1.073233e+01  3.695376e-03 
 1.073273e+01  3.686181e-03 
 1.073313e+01  3.677627e-03 
 1.073353e+01  3.669730e-03 
 1.073392e+01  3.662506e-03 
 1.073432e+01  3.655958e-03 
 1.073472e+01  3.650102e-03 
 1.073512e+01  3.644938e-03 
 1.073552e+01  3.640480e-03 
 1.073591e+01  3.636731e-03 
 1.073631e+01  3.633692e-03 
 1.073671e+01  3.631367e-03 
 1.073711e+01  3.629754e-03 
 1.073750e+01  3.628858e-03 
 1.073790e+01  3.628680e-03 
 1.073830e+01  3.629220e-03 
 1.073870e+01  3.630477e-03 
 1.073909e+01  3.632460e-03 
 1.073949e+01  3.635166e-03 
 1.073989e+01  3.638601e-03 
 1.074029e+01  3.642769e-03 
 1.074069e+01  3.647666e-03 
 1.074108e+01  3.653287e-03 
 1.074148e+01  3.659633e-03 
 1.074188e+01  3.666702e-03 
 1.074228e+01  3.674493e-03 
 1.074267e+01  3.683004e-03 
 1.074307e+01  3.692217e-03 
 1.074347e+01  3.702116e-03 
 1.074387e+01  3.712690e-03 
 1.074426e+01  3.723916e-03 
 1.074466e+01  3.735773e-03 
 1.074506e+01  3.748235e-03 
 1.074546e+01  3.761286e-03 
 1.074586e+01  3.774908e-03 
 1.074625e+01  3.789085e-03 
 1.074665e+01  3.803807e-03 
 1.074705e+01  3.819062e-03 
 1.074745e+01  3.834839e-03 
 1.074784e+01  3.851129e-03 
 1.074824e+01  3.867932e-03 
 1.074864e+01  3.885260e-03 
 1.074904e+01  3.903119e-03 
 1.074943e+01  3.921505e-03 
 1.074983e+01  3.940433e-03 
 1.075023e+01  3.959894e-03 
 1.075063e+01  3.979882e-03 
 1.075103e+01  4.000386e-03 
 1.075142e+01  4.021396e-03 
 1.075182e+01  4.042907e-03 
 1.075222e+01  4.064893e-03 
 1.075262e+01  4.087340e-03 
 1.075301e+01  4.110228e-03 
 1.075341e+01  4.133540e-03 
 1.075381e+01  4.157248e-03 
 1.075421e+01  4.181335e-03 
 1.075460e+01  4.205773e-03 
 1.075500e+01  4.230545e-03 
 1.075540e+01  4.255637e-03 
 1.075580e+01  4.281035e-03 
 1.075620e+01  4.306722e-03 
 1.075659e+01  4.332677e-03 
 1.075699e+01  4.358873e-03 
 1.075739e+01  4.385294e-03 
 1.075779e+01  4.411922e-03 
 1.075818e+01  4.438743e-03 
 1.075858e+01  4.465724e-03 
 1.075898e+01  4.492847e-03 
 1.075938e+01  4.520082e-03 
 1.075977e+01  4.547396e-03 
 1.076017e+01  4.574755e-03 
 1.076057e+01  4.602140e-03 
 1.076097e+01  4.629512e-03 
 1.076137e+01  4.656846e-03 
 1.076176e+01  4.684123e-03 
 1.076216e+01  4.711330e-03 
 1.076256e+01  4.738446e-03 
 1.076296e+01  4.765446e-03 
 1.076335e+01  4.792316e-03 
 1.076375e+01  4.819034e-03 
 1.076415e+01  4.845581e-03 
 1.076455e+01  4.871959e-03 
 1.076494e+01  4.898150e-03 
 1.076534e+01  4.924146e-03 
 1.076574e+01  4.949935e-03 
 1.076614e+01  4.975510e-03 
 1.076654e+01  5.000864e-03 
 1.076693e+01  5.025982e-03 
 1.076733e+01  5.050858e-03 
 1.076773e+01  5.075482e-03 
 1.076813e+01  5.099849e-03 
 1.076852e+01  5.123944e-03 
 1.076892e+01  5.147765e-03 
 1.076932e+01  5.171293e-03 
 1.076972e+01  5.194511e-03 
 1.077011e+01  5.217401e-03 
 1.077051e+01  5.239948e-03 
 1.077091e+01  5.262128e-03 
 1.077131e+01  5.283910e-03 
 1.077171e+01  5.305274e-03 
 1.077210e+01  5.326204e-03 
 1.077250e+01  5.346672e-03 
 1.077290e+01  5.366663e-03 
 1.077330e+01  5.386166e-03 
 1.077369e+01  5.405161e-03 
 1.077409e+01  5.423644e-03 
 1.077449e+01  5.441606e-03 
 1.077489e+01  5.459037e-03 
 1.077528e+01  5.475943e-03 
 1.077568e+01  5.492327e-03 
 1.077608e+01  5.508178e-03 
 1.077648e+01  5.523497e-03 
 1.077688e+01  5.538298e-03 
 1.077727e+01  5.552576e-03 
 1.077767e+01  5.566318e-03 
 1.077807e+01  5.579526e-03 
 1.077847e+01  5.592185e-03 
 1.077886e+01  5.604267e-03 
 1.077926e+01  5.615748e-03 
 1.077966e+01  5.626615e-03 
 1.078006e+01  5.636853e-03 
 1.078045e+01  5.646448e-03 
 1.078085e+01  5.655394e-03 
 1.078125e+01  5.663689e-03 
 1.078165e+01  5.671341e-03 
 1.078205e+01  5.678345e-03 
 1.078244e+01  5.684709e-03 
 1.078284e+01  5.690425e-03 
 1.078324e+01  5.695500e-03 
 1.078364e+01  5.699937e-03 
 1.078403e+01  5.703750e-03 
 1.078443e+01  5.706935e-03 
 1.078483e+01  5.709506e-03 
 1.078523e+01  5.711454e-03 
 1.078562e+01  5.712778e-03 
 1.078602e+01  5.713477e-03 
 1.078642e+01  5.713544e-03 
 1.078682e+01  5.712967e-03 
 1.078722e+01  5.711738e-03 
 1.078761e+01  5.709851e-03 
 1.078801e+01  5.707302e-03 
 1.078841e+01  5.704090e-03 
 1.078881e+01  5.700216e-03 
 1.078920e+01  5.695681e-03 
 1.078960e+01  5.690499e-03 
 1.079000e+01  5.684678e-03 
 1.079040e+01  5.678235e-03 
 1.079079e+01  5.671185e-03 
 1.079119e+01  5.663548e-03 
 1.079159e+01  5.655346e-03 
 1.079199e+01  5.646585e-03 
 1.079239e+01  5.637278e-03 
 1.079278e+01  5.627434e-03 
 1.079318e+01  5.617076e-03 
 1.079358e+01  5.606223e-03 
 1.079398e+01  5.594885e-03 
 1.079437e+01  5.583069e-03 
 1.079477e+01  5.570779e-03 
 1.079517e+01  5.558011e-03 
 1.079557e+01  5.544777e-03 
 1.079596e+01  5.531078e-03 
 1.079636e+01  5.516912e-03 
 1.079676e+01  5.502275e-03 
 1.079716e+01  5.487161e-03 
 1.079756e+01  5.471575e-03 
 1.079795e+01  5.455521e-03 
 1.079835e+01  5.438990e-03 
 1.079875e+01  5.421976e-03 
 1.079915e+01  5.404471e-03 
 1.079954e+01  5.386484e-03 
 1.079994e+01  5.368026e-03 
 1.080034e+01  5.349103e-03 
 1.080074e+01  5.329721e-03 
 1.080113e+01  5.309890e-03 
 1.080153e+01  5.289618e-03 
 1.080193e+01  5.268919e-03 
 1.080233e+01  5.247814e-03 
 1.080273e+01  5.226319e-03 
 1.080312e+01  5.204444e-03 
 1.080352e+01  5.182210e-03 
 1.080392e+01  5.159631e-03 
 1.080432e+01  5.136726e-03 
 1.080471e+01  5.113509e-03 
 1.080511e+01  5.089982e-03 
 1.080551e+01  5.066166e-03 
 1.080591e+01  5.042075e-03 
 1.080630e+01  5.017722e-03 
 1.080670e+01  4.993117e-03 
 1.080710e+01  4.968282e-03 
 1.080750e+01  4.943230e-03 
 1.080790e+01  4.917984e-03 
 1.080829e+01  4.892572e-03 
 1.080869e+01  4.867021e-03 
 1.080909e+01  4.841362e-03 
 1.080949e+01  4.815623e-03 
 1.080988e+01  4.789839e-03 
 1.081028e+01  4.764035e-03 
 1.081068e+01  4.738230e-03 
 1.081108e+01  4.712438e-03 
 1.081147e+01  4.686669e-03 
 1.081187e+01  4.660929e-03 
 1.081227e+01  4.635227e-03 
 1.081267e+01  4.609563e-03 
 1.081307e+01  4.583939e-03 
 1.081346e+01  4.558354e-03 
 1.081386e+01  4.532804e-03 
 1.081426e+01  4.507288e-03 
 1.081466e+01  4.481808e-03 
 1.081505e+01  4.456367e-03 
 1.081545e+01  4.430973e-03 
 1.081585e+01  4.405644e-03 
 1.081625e+01  4.380392e-03 
 1.081664e+01  4.355235e-03 
 1.081704e+01  4.330204e-03 
 1.081744e+01  4.305325e-03 
 1.081784e+01  4.280617e-03 
 1.081824e+01  4.256101e-03 
 1.081863e+01  4.231810e-03 
 1.081903e+01  4.207765e-03 
 1.081943e+01  4.183985e-03 
 1.081983e+01  4.160494e-03 
 1.082022e+01  4.137314e-03 
 1.082062e+01  4.114455e-03 
 1.082102e+01  4.091934e-03 
 1.082142e+01  4.069767e-03 
 1.082182e+01  4.047965e-03 
 1.082221e+01  4.026554e-03 
 1.082261e+01  4.005531e-03 
 1.082301e+01  3.984915e-03 
 1.082341e+01  3.964729e-03 
 1.082380e+01  3.944980e-03 
 1.082420e+01  3.925686e-03 
 1.082460e+01  3.906871e-03 
 1.082500e+01  3.888556e-03 
 1.082539e+01  3.870760e-03 
 1.082579e+01  3.853489e-03 
 1.082619e+01  3.836768e-03 
 1.082659e+01  3.820611e-03 
 1.082699e+01  3.805011e-03 
 1.082738e+01  3.789989e-03 
 1.082778e+01  3.775562e-03 
 1.082818e+01  3.761744e-03 
 1.082858e+01  3.748555e-03 
 1.082897e+01  3.736009e-03 
 1.082937e+01  3.724116e-03 
 1.082977e+01  3.712874e-03 
 1.083017e+01  3.702290e-03 
 1.083056e+01  3.692357e-03 
 1.083096e+01  3.683086e-03 
 1.083136e+01  3.674476e-03 
 1.083176e+01  3.666533e-03 
 1.083216e+01  3.659269e-03 
 1.083255e+01  3.652684e-03 
 1.083295e+01  3.646794e-03 
 1.083335e+01  3.641598e-03 
 1.083375e+01  3.637098e-03 
 1.083414e+01  3.633295e-03 
 1.083454e+01  3.630194e-03 
 1.083494e+01  3.627805e-03 
 1.083534e+01  3.626135e-03 
 1.083573e+01  3.625197e-03 
 1.083613e+01  3.624999e-03 
 1.083653e+01  3.625546e-03 
 1.083693e+01  3.626848e-03 
 1.083733e+01  3.628914e-03 
 1.083772e+01  3.631742e-03 
 1.083812e+01  3.635319e-03 
 1.083852e+01  3.639639e-03 
 1.083892e+01  3.644691e-03 
 1.083931e+01  3.650464e-03 
 1.083971e+01  3.656939e-03 
 1.084011e+01  3.664094e-03 
 1.084051e+01  3.671910e-03 
 1.084090e+01  3.680376e-03 
 1.084130e+01  3.689484e-03 
 1.084170e+01  3.699213e-03 
 1.084210e+01  3.709552e-03 
 1.084250e+01  3.720495e-03 
 1.084289e+01  3.732033e-03 
 1.084329e+01  3.744165e-03 
 1.084369e+01  3.756894e-03 
 1.084409e+01  3.770230e-03 
 1.084448e+01  3.784173e-03 
 1.084488e+01  3.798731e-03 
 1.084528e+01  3.813907e-03 
 1.084568e+01  3.829707e-03 
 1.084607e+01  3.846118e-03 
 1.084647e+01  3.863127e-03 
 1.084687e+01  3.880724e-03 
 1.084727e+01  3.898894e-03 
 1.084767e+01  3.917626e-03 
 1.084806e+01  3.936893e-03 
 1.084846e+01  3.956687e-03 
 1.084886e+01  3.976979e-03 
 1.084926e+01  3.997757e-03 
 1.084965e+01  4.019005e-03 
 1.085005e+01  4.040705e-03 
 1.085045e+01  4.062851e-03 
 1.085085e+01  4.085422e-03 
 1.085124e+01  4.108409e-03 
 1.085164e+01  4.131794e-03 
 1.085204e+01  4.155563e-03 
 1.085244e+01  4.179699e-03 
 1.085284e+01  4.204173e-03 
 1.085323e+01  4.228970e-03 
 1.085363e+01  4.254069e-03 
 1.085403e+01  4.279446e-03 
 1.085443e+01  4.305068e-03 
 1.085482e+01  4.330914e-03 
 1.085522e+01  4.356947e-03 
 1.085562e+01  4.383140e-03 
 1.085602e+01  4.409463e-03 
 1.085641e+01  4.435895e-03 
 1.085681e+01  4.462409e-03 
 1.085721e+01  4.488981e-03 
 1.085761e+01  4.515590e-03 
 1.085801e+01  4.542215e-03 
 1.085840e+01  4.568824e-03 
 1.085880e+01  4.595405e-03 
 1.085920e+01  4.621942e-03 
 1.085960e+01  4.648419e-03 
 1.085999e+01  4.674825e-03 
 1.086039e+01  4.701150e-03 
 1.086079e+01  4.727393e-03 
 1.086119e+01  4.753549e-03 
 1.086158e+01  4.779607e-03 
 1.086198e+01  4.805565e-03 
 1.086238e+01  4.831414e-03 
 1.086278e+01  4.857150e-03 
 1.086318e+01  4.882769e-03 
 1.086357e+01  4.908267e-03 
 1.086397e+01  4.933638e-03 
 1.086437e+01  4.958865e-03 
 1.086477e+01  4.983930e-03 
 1.086516e+01  5.008815e-03 
 1.086556e+01  5.033498e-03 
 1.086596e+01  5.057960e-03 
 1.086636e+01  5.082172e-03 
 1.086675e+01  5.106112e-03 
 1.086715e+01  5.129758e-03 
 1.086755e+01  5.153083e-03 
 1.086795e+01  5.176068e-03 
 1.086835e+01  5.198697e-03 
 1.086874e+01  5.220951e-03 
 1.086914e+01  5.242813e-03 
 1.086954e+01  5.264272e-03 
 1.086994e+01  5.285313e-03 
 1.087033e+01  5.305943e-03 
 1.087073e+01  5.326149e-03 
 1.087113e+01  5.345929e-03 
 1.087153e+01  5.365277e-03 
 1.087192e+01  5.384185e-03 
 1.087232e+01  5.402653e-03 
 1.087272e+01  5.420657e-03 
 1.087312e+01  5.438193e-03 
 1.087352e+01  5.455238e-03 
 1.087391e+01  5.471778e-03 
 1.087431e+01  5.487793e-03 
 1.087471e+01  5.503267e-03 
 1.087511e+01  5.518183e-03 
 1.087550e+01  5.532526e-03 
 1.087590e+01  5.546295e-03 
 1.087630e+01  5.559479e-03 
 1.087670e+01  5.572079e-03 
 1.087709e+01  5.584092e-03 
 1.087749e+01  5.595511e-03 
 1.087789e+01  5.606345e-03 
 1.087829e+01  5.616603e-03 
 1.087869e+01  5.626292e-03 
 1.087908e+01  5.635424e-03 
 1.087948e+01  5.644004e-03 
 1.087988e+01  5.652037e-03 
 1.088028e+01  5.659525e-03 
 1.088067e+01  5.666461e-03 
 1.088107e+01  5.672842e-03 
 1.088147e+01  5.678652e-03 
 1.088187e+01  5.683874e-03 
 1.088226e+01  5.688494e-03 
 1.088266e+01  5.692508e-03 
 1.088306e+01  5.695911e-03 
 1.088346e+01  5.698697e-03 
 1.088386e+01  5.700857e-03 
 1.088425e+01  5.702395e-03 
 1.088465e+01  5.703323e-03 
 1.088505e+01  5.703639e-03 
 1.088545e+01  5.703352e-03 
 1.088584e+01  5.702471e-03 
 1.088624e+01  5.700996e-03 
 1.088664e+01  5.698941e-03 
 1.088704e+01  5.696317e-03 
 1.088743e+01  5.693126e-03 
 1.088783e+01  5.689374e-03 
 1.088823e+01  5.685069e-03 
 1.088863e+01  5.680208e-03 
 1.088903e+01  5.674795e-03 
 1.088942e+01  5.668832e-03 
 1.088982e+01  5.662322e-03 
 1.089022e+01  5.655258e-03 
 1.089062e+01  5.647628e-03 
 1.089101e+01  5.639435e-03 
 1.089141e+01  5.630681e-03 
 1.089181e+01  5.621358e-03 
 1.089221e+01  5.611469e-03 
 1.089260e+01  5.601004e-03 
 1.089300e+01  5.589961e-03 
 1.089340e+01  5.578330e-03 
 1.089380e+01  5.566108e-03 
 1.089420e+01  5.553298e-03 
 1.089459e+01  5.539896e-03 
 1.089499e+01  5.525903e-03 
 1.089539e+01  5.511319e-03 
 1.089579e+01  5.496165e-03 
 1.089618e+01  5.480444e-03 
 1.089658e+01  5.464173e-03 
 1.089698e+01  5.447367e-03 
 1.089738e+01  5.430037e-03 
 1.089777e+01  5.412204e-03 
 1.089817e+01  5.393888e-03 
 1.089857e+01  5.375109e-03 
 1.089897e+01  5.355881e-03 
 1.089937e+01  5.336211e-03 
 1.089976e+01  5.316113e-03 
 1.090016e+01  5.295596e-03 
 1.090056e+01  5.274670e-03 
 1.090096e+01  5.253344e-03 
 1.090135e+01  5.231633e-03 
 1.090175e+01  5.209540e-03 
 1.090215e+01  5.187078e-03 
 1.090255e+01  5.164259e-03 
 1.090294e+01  5.141107e-03 
 1.090334e+01  5.117642e-03 
 1.090374e+01  5.093876e-03 
 1.090414e+01  5.069837e-03 
 1.090454e+01  5.045548e-03 
 1.090493e+01  5.021041e-03 
 1.090533e+01  4.996326e-03 
 1.090573e+01  4.971429e-03 
 1.090613e+01  4.946361e-03 
 1.090652e+01  4.921127e-03 
 1.090692e+01  4.895736e-03 
 1.090732e+01  4.870197e-03 
 1.090772e+01  4.844512e-03 
 1.090811e+01  4.818681e-03 
 1.090851e+01  4.792703e-03 
 1.090891e+01  4.766572e-03 
 1.090931e+01  4.740296e-03 
 1.090971e+01  4.713873e-03 
 1.091010e+01  4.687309e-03 
 1.091050e+01  4.660614e-03 
 1.091090e+01  4.633807e-03 
 1.091130e+01  4.606908e-03 
 1.091169e+01  4.579937e-03 
 1.091209e+01  4.552923e-03 
 1.091249e+01  4.525899e-03 
 1.091289e+01  4.498889e-03 
 1.091329e+01  4.471928e-03 
 1.091368e+01  4.445050e-03 
 1.091408e+01  4.418278e-03 
 1.091448e+01  4.391638e-03 
 1.091488e+01  4.365162e-03 
 1.091527e+01  4.338872e-03 
 1.091567e+01  4.312790e-03 
 1.091607e+01  4.286937e-03 
 1.091647e+01  4.261336e-03 
 1.091686e+01  4.236008e-03 
 1.091726e+01  4.210972e-03 
 1.091766e+01  4.186248e-03 
 1.091806e+01  4.161861e-03 
 1.091846e+01  4.137829e-03 
 1.091885e+01  4.114167e-03 
 1.091925e+01  4.090901e-03 
 1.091965e+01  4.068048e-03 
 1.092005e+01  4.045627e-03 
 1.092044e+01  4.023652e-03 
 1.092084e+01  4.002138e-03 
 1.092124e+01  3.981093e-03 
 1.092164e+01  3.960532e-03 
 1.092203e+01  3.940468e-03 
 1.092243e+01  3.920919e-03 
 1.092283e+01  3.901898e-03 
 1.092323e+01  3.883432e-03 
 1.092363e+01  3.865526e-03 
 1.092402e+01  3.848190e-03 
 1.092442e+01  3.831435e-03 
 1.092482e+01  3.815272e-03 
 1.092522e+01  3.799707e-03 
 1.092561e+01  3.784743e-03 
 1.092601e+01  3.770388e-03 
 1.092641e+01  3.756660e-03 
 1.092681e+01  3.743565e-03 
 1.092720e+01  3.731112e-03 
 1.092760e+01  3.719298e-03 
 1.092800e+01  3.708123e-03 
 1.092840e+01  3.697589e-03 
 1.092880e+01  3.687699e-03 
 1.092919e+01  3.678464e-03 
 1.092959e+01  3.669895e-03 
 1.092999e+01  3.661997e-03 
 1.093039e+01  3.654791e-03 
 1.093078e+01  3.648292e-03 
 1.093118e+01  3.642519e-03 
 1.093158e+01  3.637482e-03 
 1.093198e+01  3.633198e-03 
 1.093237e+01  3.629666e-03 
 1.093277e+01  3.626892e-03 
 1.093317e+01  3.624874e-03 
 1.093357e+01  3.623612e-03 
 1.093397e+01  3.623097e-03 
 1.093436e+01  3.623319e-03 
 1.093476e+01  3.624272e-03 
 1.093516e+01  3.625938e-03 
 1.093556e+01  3.628305e-03 
 1.093595e+01  3.631368e-03 
 1.093635e+01  3.635105e-03 
 1.093675e+01  3.639509e-03 
 1.093715e+01  3.644574e-03 
 1.093754e+01  3.650292e-03 
 1.093794e+01  3.656663e-03 
 1.093834e+01  3.663692e-03 
 1.093874e+01  3.671388e-03 
 1.093914e+01  3.679763e-03 
 1.093953e+01  3.688821e-03 
 1.093993e+01  3.698562e-03 
 1.094033e+01  3.708996e-03 
 1.094073e+01  3.720122e-03 
 1.094112e+01  3.731931e-03 
 1.094152e+01  3.744419e-03 
 1.094192e+01  3.757577e-03 
 1.094232e+01  3.771393e-03 
 1.094271e+01  3.785846e-03 
 1.094311e+01  3.800922e-03 
 1.094351e+01  3.816608e-03 
 1.094391e+01  3.832882e-03 
 1.094431e+01  3.849716e-03 
 1.094470e+01  3.867102e-03 
 1.094510e+01  3.885016e-03 
 1.094550e+01  3.903441e-03 
 1.094590e+01  3.922355e-03 
 1.094629e+01  3.941750e-03 
 1.094669e+01  3.961605e-03 
 1.094709e+01  3.981917e-03 
 1.094749e+01  4.002656e-03 
 1.094788e+01  4.023808e-03 
 1.094828e+01  4.045360e-03 
 1.094868e+01  4.067283e-03 
 1.094908e+01  4.089563e-03 
 1.094948e+01  4.112177e-03 
 1.094987e+01  4.135092e-03 
 1.095027e+01  4.158292e-03 
 1.095067e+01  4.181747e-03 
 1.095107e+01  4.205441e-03 
 1.095146e+01  4.229349e-03 
 1.095186e+01  4.253452e-03 
 1.095226e+01  4.277719e-03 
 1.095266e+01  4.302137e-03 
 1.095305e+01  4.326688e-03 
 1.095345e+01  4.351355e-03 
 1.095385e+01  4.376126e-03 
 1.095425e+01  4.400988e-03 
 1.095465e+01  4.425935e-03 
 1.095504e+01  4.450962e-03 
 1.095544e+01  4.476061e-03 
 1.095584e+01  4.501238e-03 
 1.095624e+01  4.526476e-03 
 1.095663e+01  4.551777e-03 
 1.095703e+01  4.577136e-03 
 1.095743e+01  4.602556e-03 
 1.095783e+01  4.628033e-03 
 1.095822e+01  4.653561e-03 
 1.095862e+01  4.679134e-03 
 1.095902e+01  4.704744e-03 
 1.095942e+01  4.730377e-03 
 1.095982e+01  4.756019e-03 
 1.096021e+01  4.781645e-03 
 1.096061e+01  4.807236e-03 
 1.096101e+01  4.832766e-03 
 1.096141e+01  4.858213e-03 
 1.096180e+01  4.883551e-03 
 1.096220e+01  4.908750e-03 
 1.096260e+01  4.933780e-03 
 1.096300e+01  4.958613e-03 
 1.096339e+01  4.983220e-03 
 1.096379e+01  5.007581e-03 
 1.096419e+01  5.031679e-03 
 1.096459e+01  5.055502e-03 
 1.096499e+01  5.079035e-03 
 1.096538e+01  5.102268e-03 
 1.096578e+01  5.125203e-03 
 1.096618e+01  5.147822e-03 
 1.096658e+01  5.170122e-03 
 1.096697e+01  5.192102e-03 
 1.096737e+01  5.213748e-03 
 1.096777e+01  5.235043e-03 
 1.096817e+01  5.255983e-03 
 1.096856e+01  5.276556e-03 
 1.096896e+01  5.296744e-03 
 1.096936e+01  5.316534e-03 
 1.096976e+01  5.335902e-03 
 1.097016e+01  5.354846e-03 
 1.097055e+01  5.373346e-03 
 1.097095e+01  5.391402e-03 
 1.097135e+01  5.409006e-03 
 1.097175e+01  5.426155e-03 
 1.097214e+01  5.442848e-03 
 1.097254e+01  5.459088e-03 
 1.097294e+01  5.474880e-03 
 1.097334e+01  5.490237e-03 
 1.097373e+01  5.505160e-03 
 1.097413e+01  5.519651e-03 
 1.097453e+01  5.533720e-03 
 1.097493e+01  5.547370e-03 
 1.097533e+01  5.560585e-03 
 1.097572e+01  5.573363e-03 
 1.097612e+01  5.585682e-03 
 1.097652e+01  5.597519e-03 
 1.097692e+01  5.608866e-03 
 1.097731e+01  5.619697e-03 
 1.097771e+01  5.629999e-03 
 1.097811e+01  5.639761e-03 
 1.097851e+01  5.648972e-03 
 1.097890e+01  5.657611e-03 
 1.097930e+01  5.665673e-03 
 1.097970e+01  5.673150e-03 
 1.098010e+01  5.680022e-03 
 1.098050e+01  5.686292e-03 
 1.098089e+01  5.691962e-03 
 1.098129e+01  5.697019e-03 
 1.098169e+01  5.701463e-03 
 1.098209e+01  5.705302e-03 
 1.098248e+01  5.708529e-03 
 1.098288e+01  5.711149e-03 
 1.098328e+01  5.713154e-03 
 1.098368e+01  5.714539e-03 
 1.098407e+01  5.715302e-03 
 1.098447e+01  5.715441e-03 
 1.098487e+01  5.714946e-03 
 1.098527e+01  5.713818e-03 
 1.098567e+01  5.712056e-03 
 1.098606e+01  5.709661e-03 
 1.098646e+01  5.706629e-03 
 1.098686e+01  5.702958e-03 
 1.098726e+01  5.698635e-03 
 1.098765e+01  5.693655e-03 
 1.098805e+01  5.688009e-03 
 1.098845e+01  5.681690e-03 
 1.098885e+01  5.674697e-03 
 1.098924e+01  5.667028e-03 
 1.098964e+01  5.658683e-03 
 1.099004e+01  5.649664e-03 
 1.099044e+01  5.639989e-03 
 1.099084e+01  5.629668e-03 
 1.099123e+01  5.618699e-03 
 1.099163e+01  5.607093e-03 
 1.099203e+01  5.594864e-03 
 1.099243e+01  5.582024e-03 
 1.099282e+01  5.568592e-03 
 1.099322e+01  5.554592e-03 
 1.099362e+01  5.540029e-03 
 1.099402e+01  5.524910e-03 
 1.099441e+01  5.509248e-03 
 1.099481e+01  5.493061e-03 
 1.099521e+01  5.476347e-03 
 1.099561e+01  5.459119e-03 
 1.099601e+01  5.441368e-03 
 1.099640e+01  5.423096e-03 
 1.099680e+01  5.404323e-03 
 1.099720e+01  5.385047e-03 
 1.099760e+01  5.365281e-03 
 1.099799e+01  5.345033e-03 
 1.099839e+01  5.324317e-03 
 1.099879e+01  5.303147e-03 
 1.099919e+01  5.281544e-03 
 1.099958e+01  5.259527e-03 
 1.099998e+01  5.237113e-03 
 1.100038e+01  5.214317e-03 
 1.100078e+01  5.191154e-03 
 1.100118e+01  5.167645e-03 
 1.100157e+01  5.143802e-03 
 1.100197e+01  5.119645e-03 
 1.100237e+01  5.095169e-03 
 1.100277e+01  5.070388e-03 
 1.100316e+01  5.045309e-03 
 1.100356e+01  5.019927e-03 
 1.100396e+01  4.994249e-03 
 1.100436e+01  4.968271e-03 
 1.100476e+01  4.942003e-03 
 1.100515e+01  4.915451e-03 
 1.100555e+01  4.888626e-03 
 1.100595e+01  4.861546e-03 
 1.100635e+01  4.834235e-03 
 1.100674e+01  4.806720e-03 
 1.100714e+01  4.779027e-03 
 1.100754e+01  4.751184e-03 
 1.100794e+01  4.723227e-03 
 1.100833e+01  4.695187e-03 
 1.100873e+01  4.667094e-03 
 1.100913e+01  4.638984e-03 
 1.100953e+01  4.610893e-03 
 1.100993e+01  4.582845e-03 
 1.101032e+01  4.554865e-03 
 1.101072e+01  4.526985e-03 
 1.101112e+01  4.499229e-03 
 1.101152e+01  4.471613e-03 
 1.101191e+01  4.444161e-03 
 1.101231e+01  4.416891e-03 
 1.101271e+01  4.389831e-03 
 1.101311e+01  4.363001e-03 
 1.101350e+01  4.336418e-03 
 1.101390e+01  4.310108e-03 
 1.101430e+01  4.284087e-03 
 1.101470e+01  4.258370e-03 
 1.101510e+01  4.232983e-03 
 1.101549e+01  4.207931e-03 
 1.101589e+01  4.183238e-03 
 1.101629e+01  4.158916e-03 
 1.101669e+01  4.134982e-03 
 1.101708e+01  4.111467e-03 
 1.101748e+01  4.088373e-03 
 1.101788e+01  4.065722e-03 
 1.101828e+01  4.043532e-03 
 1.101867e+01  4.021816e-03 
 1.101907e+01  4.000591e-03 
 1.101947e+01  3.979869e-03 
 1.101987e+01  3.959661e-03 
 1.102027e+01  3.939976e-03 
 1.102066e+01  3.920823e-03 
 1.102106e+01  3.902231e-03 
 1.102146e+01  3.884186e-03 
 1.102186e+01  3.866708e-03 
 1.102225e+01  3.849803e-03 
 1.102265e+01  3.833469e-03 
 1.102305e+01  3.817704e-03 
 1.102345e+01  3.802516e-03 
 1.102384e+01  3.787915e-03 
 1.102424e+01  3.773902e-03 
 1.102464e+01  3.760502e-03 
 1.102504e+01  3.747732e-03 
 1.102544e+01  3.735604e-03 
 1.102583e+01  3.724142e-03 
 1.102623e+01  3.713362e-03 
 1.102663e+01  3.703276e-03 
 1.102703e+01  3.693897e-03 
 1.102742e+01  3.685239e-03 
 1.102782e+01  3.677308e-03 
 1.102822e+01  3.670108e-03 
 1.102862e+01  3.663641e-03 
 1.102901e+01  3.657911e-03 
 1.102941e+01  3.652908e-03 
 1.102981e+01  3.648627e-03 
 1.103021e+01  3.645061e-03 
 1.103061e+01  3.642198e-03 
 1.103100e+01  3.640019e-03 
 1.103140e+01  3.638513e-03 
 1.103180e+01  3.637677e-03 
 1.103220e+01  3.637502e-03 
 1.103259e+01  3.637988e-03 
 1.103299e+01  3.639139e-03 
 1.103339e+01  3.640949e-03 
 1.103379e+01  3.643430e-03 
 1.103418e+01  3.646584e-03 
 1.103458e+01  3.650422e-03 
 1.103498e+01  3.654954e-03 
 1.103538e+01  3.660162e-03 
 1.103578e+01  3.666051e-03 
 1.103617e+01  3.672614e-03 
 1.103657e+01  3.679851e-03 
 1.103697e+01  3.687760e-03 
 1.103737e+01  3.696320e-03 
 1.103776e+01  3.705511e-03 
 1.103816e+01  3.715321e-03 
 1.103856e+01  3.725735e-03 
 1.103896e+01  3.736731e-03 
 1.103935e+01  3.748290e-03 
 1.103975e+01  3.760386e-03 
 1.104015e+01  3.773003e-03 
 1.104055e+01  3.786133e-03 
 1.104095e+01  3.799771e-03 
 1.104134e+01  3.813912e-03 
 1.104174e+01  3.828550e-03 
 1.104214e+01  3.843664e-03 
 1.104254e+01  3.859255e-03 
 1.104293e+01  3.875312e-03 
 1.104333e+01  3.891823e-03 
 1.104373e+01  3.908774e-03 
 1.104413e+01  3.926151e-03 
 1.104452e+01  3.943950e-03 
 1.104492e+01  3.962160e-03 
 1.104532e+01  3.980767e-03 
 1.104572e+01  3.999761e-03 
 1.104612e+01  4.019129e-03 
 1.104651e+01  4.038853e-03 
 1.104691e+01  4.058922e-03 
 1.104731e+01  4.079330e-03 
 1.104771e+01  4.100055e-03 
 1.104810e+01  4.121098e-03 
 1.104850e+01  4.142440e-03 
 1.104890e+01  4.164079e-03 
 1.104930e+01  4.186008e-03 
 1.104969e+01  4.208214e-03 
 1.105009e+01  4.230685e-03 
 1.105049e+01  4.253417e-03 
 1.105089e+01  4.276400e-03 
 1.105129e+01  4.299628e-03 
 1.105168e+01  4.323095e-03 
 1.105208e+01  4.346799e-03 
 1.105248e+01  4.370733e-03 
 1.105288e+01  4.394896e-03 
 1.105327e+01  4.419282e-03 
 1.105367e+01  4.443881e-03 
 1.105407e+01  4.468677e-03 
 1.105447e+01  4.493659e-03 
 1.105486e+01  4.518801e-03 
 1.105526e+01  4.544079e-03 
 1.105566e+01  4.569471e-03 
 1.105606e+01  4.594945e-03 
 1.105646e+01  4.620471e-03 
 1.105685e+01  4.646022e-03 
 1.105725e+01  4.671564e-03 
 1.105765e+01  4.697066e-03 
 1.105805e+01  4.722505e-03 
 1.105844e+01  4.747855e-03 
 1.105884e+01  4.773103e-03 
 1.105924e+01  4.798237e-03 
 1.105964e+01  4.823239e-03 
 1.106003e+01  4.848103e-03 
 1.106043e+01  4.872826e-03 
 1.106083e+01  4.897403e-03 
 1.106123e+01  4.921829e-03 
 1.106163e+01  4.946093e-03 
 1.106202e+01  4.970194e-03 
 1.106242e+01  4.994121e-03 
 1.106282e+01  5.017870e-03 
 1.106322e+01  5.041431e-03 
 1.106361e+01  5.064796e-03 
 1.106401e+01  5.087943e-03 
 1.106441e+01  5.110859e-03 
 1.106481e+01  5.133536e-03 
 1.106520e+01  5.155962e-03 
 1.106560e+01  5.178127e-03 
 1.106600e+01  5.200017e-03 
 1.106640e+01  5.221628e-03 
 1.106680e+01  5.242948e-03 
 1.106719e+01  5.263970e-03 
 1.106759e+01  5.284690e-03 
 1.106799e+01  5.305110e-03 
 1.106839e+01  5.325228e-03 
 1.106878e+01  5.345032e-03 
 1.106918e+01  5.364526e-03 
 1.106958e+01  5.383710e-03 
 1.106998e+01  5.402568e-03 
 1.107037e+01  5.421084e-03 
 1.107077e+01  5.439243e-03 
 1.107117e+01  5.457031e-03 
 1.107157e+01  5.474421e-03 
 1.107197e+01  5.491385e-03 
 1.107236e+01  5.507915e-03 
 1.107276e+01  5.523983e-03 
 1.107316e+01  5.539568e-03 
 1.107356e+01  5.554655e-03 
 1.107395e+01  5.569216e-03 
 1.107435e+01  5.583236e-03 
 1.107475e+01  5.596690e-03 
 1.107515e+01  5.609568e-03 
 1.107554e+01  5.621849e-03 
 1.107594e+01  5.633532e-03 
 1.107634e+01  5.644611e-03 
 1.107674e+01  5.655076e-03 
 1.107714e+01  5.664931e-03 
 1.107753e+01  5.674167e-03 
 1.107793e+01  5.682786e-03 
 1.107833e+01  5.690771e-03 
 1.107873e+01  5.698130e-03 
 1.107912e+01  5.704844e-03 
 1.107952e+01  5.710912e-03 
 1.107992e+01  5.716331e-03 
 1.108032e+01  5.721103e-03 
 1.108071e+01  5.725220e-03 
 1.108111e+01  5.728685e-03 
 1.108151e+01  5.731481e-03 
 1.108191e+01  5.733594e-03 
 1.108231e+01  5.735021e-03 
 1.108270e+01  5.735753e-03 
 1.108310e+01  5.735782e-03 
 1.108350e+01  5.735098e-03 
 1.108390e+01  5.733697e-03 
 1.108429e+01  5.731575e-03 
 1.108469e+01  5.728734e-03 
 1.108509e+01  5.725165e-03 
 1.108549e+01  5.720871e-03 
 1.108588e+01  5.715847e-03 
 1.108628e+01  5.710098e-03 
 1.108668e+01  5.703633e-03 
 1.108708e+01  5.696468e-03 
 1.108748e+01  5.688615e-03 
 1.108787e+01  5.680085e-03 
 1.108827e+01  5.670900e-03 
 1.108867e+01  5.661071e-03 
 1.108907e+01  5.650605e-03 
 1.108946e+01  5.639505e-03 
 1.108986e+01  5.627780e-03 
 1.109026e+01  5.615428e-03 
 1.109066e+01  5.602450e-03 
 1.109105e+01  5.588856e-03 
 1.109145e+01  5.574646e-03 
 1.109185e+01  5.559813e-03 
 1.109225e+01  5.544364e-03 
 1.109265e+01  5.528305e-03 
 1.109304e+01  5.511649e-03 
 1.109344e+01  5.494402e-03 
 1.109384e+01  5.476576e-03 
 1.109424e+01  5.458179e-03 
 1.109463e+01  5.439236e-03 
 1.109503e+01  5.419773e-03 
 1.109543e+01  5.399796e-03 
 1.109583e+01  5.379329e-03 
 1.109623e+01  5.358389e-03 
 1.109662e+01  5.336995e-03 
 1.109702e+01  5.315159e-03 
 1.109742e+01  5.292891e-03 
 1.109782e+01  5.270198e-03 
 1.109821e+01  5.247077e-03 
 1.109861e+01  5.223534e-03 
 1.109901e+01  5.199566e-03 
 1.109941e+01  5.175181e-03 
 1.109980e+01  5.150398e-03 
 1.110020e+01  5.125220e-03 
 1.110060e+01  5.099662e-03 
 1.110100e+01  5.073746e-03 
 1.110140e+01  5.047497e-03 
 1.110179e+01  5.020937e-03 
 1.110219e+01  4.994096e-03 
 1.110259e+01  4.967008e-03 
 1.110299e+01  4.939709e-03 
 1.110338e+01  4.912232e-03 
 1.110378e+01  4.884612e-03 
 1.110418e+01  4.856887e-03 
 1.110458e+01  4.829093e-03 
 1.110497e+01  4.801259e-03 
 1.110537e+01  4.773412e-03 
 1.110577e+01  4.745576e-03 
 1.110617e+01  4.717777e-03 
 1.110657e+01  4.690034e-03 
 1.110696e+01  4.662370e-03 
 1.110736e+01  4.634815e-03 
 1.110776e+01  4.607375e-03 
 1.110816e+01  4.580064e-03 
 1.110855e+01  4.552902e-03 
 1.110895e+01  4.525902e-03 
 1.110935e+01  4.499072e-03 
 1.110975e+01  4.472430e-03 
 1.111014e+01  4.445981e-03 
 1.111054e+01  4.419747e-03 
 1.111094e+01  4.393732e-03 
 1.111134e+01  4.367949e-03 
 1.111174e+01  4.342420e-03 
 1.111213e+01  4.317150e-03 
 1.111253e+01  4.292151e-03 
 1.111293e+01  4.267440e-03 
 1.111333e+01  4.243024e-03 
 1.111372e+01  4.218920e-03 
 1.111412e+01  4.195148e-03 
 1.111452e+01  4.171721e-03 
 1.111492e+01  4.148662e-03 
 1.111531e+01  4.125981e-03 
 1.111571e+01  4.103702e-03 
 1.111611e+01  4.081833e-03 
 1.111651e+01  4.060388e-03 
 1.111691e+01  4.039376e-03 
 1.111730e+01  4.018794e-03 
 1.111770e+01  3.998661e-03 
 1.111810e+01  3.978974e-03 
 1.111850e+01  3.959748e-03 
 1.111889e+01  3.941003e-03 
 1.111929e+01  3.922751e-03 
 1.111969e+01  3.905022e-03 
 1.112009e+01  3.887828e-03 
 1.112048e+01  3.871200e-03 
 1.112088e+01  3.855151e-03 
 1.112128e+01  3.839701e-03 
 1.112168e+01  3.824873e-03 
 1.112208e+01  3.810688e-03 
 1.112247e+01  3.797152e-03 
 1.112287e+01  3.784284e-03 
 1.112327e+01  3.772096e-03 
 1.112367e+01  3.760588e-03 
 1.112406e+01  3.749762e-03 
 1.112446e+01  3.739609e-03 
 1.112486e+01  3.730116e-03 
 1.112526e+01  3.721281e-03 
 1.112565e+01  3.713076e-03 
 1.112605e+01  3.705500e-03 
 1.112645e+01  3.698541e-03 
 1.112685e+01  3.692189e-03 
 1.112725e+01  3.686432e-03 
 1.112764e+01  3.681269e-03 
 1.112804e+01  3.676712e-03 
 1.112844e+01  3.672762e-03 
 1.112884e+01  3.669427e-03 
 1.112923e+01  3.666714e-03 
 1.112963e+01  3.664628e-03 
 1.113003e+01  3.663170e-03 
 1.113043e+01  3.662350e-03 
 1.113082e+01  3.662169e-03 
 1.113122e+01  3.662629e-03 
 1.113162e+01  3.663735e-03 
 1.113202e+01  3.665478e-03 
 1.113242e+01  3.667861e-03 
 1.113281e+01  3.670870e-03 
 1.113321e+01  3.674493e-03 
 1.113361e+01  3.678716e-03 
 1.113401e+01  3.683529e-03 
 1.113440e+01  3.688921e-03 
 1.113480e+01  3.694880e-03 
 1.113520e+01  3.701409e-03 
 1.113560e+01  3.708508e-03 
 1.113599e+01  3.716165e-03 
 1.113639e+01  3.724376e-03 
 1.113679e+01  3.733144e-03 
 1.113719e+01  3.742462e-03 
 1.113759e+01  3.752317e-03 
 1.113798e+01  3.762706e-03 
 1.113838e+01  3.773632e-03 
 1.113878e+01  3.785088e-03 
 1.113918e+01  3.797071e-03 
 1.113957e+01  3.809576e-03 
 1.113997e+01  3.822594e-03 
 1.114037e+01  3.836121e-03 
 1.114077e+01  3.850136e-03 
 1.114116e+01  3.864636e-03 
 1.114156e+01  3.879610e-03 
 1.114196e+01  3.895047e-03 
 1.114236e+01  3.910939e-03 
 1.114276e+01  3.927281e-03 
 1.114315e+01  3.944068e-03 
 1.114355e+01  3.961284e-03 
 1.114395e+01  3.978932e-03 
 1.114435e+01  3.996986e-03 
 1.114474e+01  4.015442e-03 
 1.114514e+01  4.034290e-03 
 1.114554e+01  4.053521e-03 
 1.114594e+01  4.073129e-03 
 1.114633e+01  4.093114e-03 
 1.114673e+01  4.113479e-03 
 1.114713e+01  4.134230e-03 
 1.114753e+01  4.155366e-03 
 1.114793e+01  4.176888e-03 
 1.114832e+01  4.198790e-03 
 1.114872e+01  4.221070e-03 
 1.114912e+01  4.243712e-03 
 1.114952e+01  4.266702e-03 
 1.114991e+01  4.290019e-03 
 1.115031e+01  4.313646e-03 
 1.115071e+01  4.337560e-03 
 1.115111e+01  4.361741e-03 
 1.115150e+01  4.386157e-03 
 1.115190e+01  4.410772e-03 
 1.115230e+01  4.435560e-03 
 1.115270e+01  4.460489e-03 
 1.115310e+01  4.485530e-03 
 1.115349e+01  4.510665e-03 
 1.115389e+01  4.535869e-03 
 1.115429e+01  4.561132e-03 
 1.115469e+01  4.586447e-03 
 1.115508e+01  4.611805e-03 
 1.115548e+01  4.637191e-03 
 1.115588e+01  4.662607e-03 
 1.115628e+01  4.688041e-03 
 1.115667e+01  4.713490e-03 
 1.115707e+01  4.738940e-03 
 1.115747e+01  4.764390e-03 
 1.115787e+01  4.789830e-03 
 1.115827e+01  4.815252e-03 
 1.115866e+01  4.840643e-03 
 1.115906e+01  4.865985e-03 
 1.115946e+01  4.891265e-03 
 1.115986e+01  4.916461e-03 
 1.116025e+01  4.941563e-03 
 1.116065e+01  4.966557e-03 
 1.116105e+01  4.991429e-03 
 1.116145e+01  5.016160e-03 
 1.116184e+01  5.040743e-03 
 1.116224e+01  5.065170e-03 
 1.116264e+01  5.089426e-03 
 1.116304e+01  5.113509e-03 
 1.116344e+01  5.137408e-03 
 1.116383e+01  5.161117e-03 
 1.116423e+01  5.184623e-03 
 1.116463e+01  5.207907e-03 
 1.116503e+01  5.230962e-03 
 1.116542e+01  5.253762e-03 
 1.116582e+01  5.276287e-03 
 1.116622e+01  5.298515e-03 
 1.116662e+01  5.320434e-03 
 1.116701e+01  5.342007e-03 
 1.116741e+01  5.363213e-03 
 1.116781e+01  5.384020e-03 
 1.116821e+01  5.404401e-03 
 1.116861e+01  5.424319e-03 
 1.116900e+01  5.443749e-03 
 1.116940e+01  5.462663e-03 
 1.116980e+01  5.481033e-03 
 1.117020e+01  5.498863e-03 
 1.117059e+01  5.516137e-03 
 1.117099e+01  5.532840e-03 
 1.117139e+01  5.548969e-03 
 1.117179e+01  5.564510e-03 
 1.117218e+01  5.579455e-03 
 1.117258e+01  5.593800e-03 
 1.117298e+01  5.607526e-03 
 1.117338e+01  5.620636e-03 
 1.117378e+01  5.633104e-03 
 1.117417e+01  5.644942e-03 
 1.117457e+01  5.656158e-03 
 1.117497e+01  5.666746e-03 
 1.117537e+01  5.676697e-03 
 1.117576e+01  5.686027e-03 
 1.117616e+01  5.694712e-03 
 1.117656e+01  5.702749e-03 
 1.117696e+01  5.710130e-03 
 1.117735e+01  5.716837e-03 
 1.117775e+01  5.722874e-03 
 1.117815e+01  5.728224e-03 
 1.117855e+01  5.732881e-03 
 1.117895e+01  5.736829e-03 
 1.117934e+01  5.740069e-03 
 1.117974e+01  5.742586e-03 
 1.118014e+01  5.744373e-03 
 1.118054e+01  5.745435e-03 
 1.118093e+01  5.745769e-03 
 1.118133e+01  5.745372e-03 
 1.118173e+01  5.744257e-03 
 1.118213e+01  5.742440e-03 
 1.118252e+01  5.739926e-03 
 1.118292e+01  5.736740e-03 
 1.118332e+01  5.732875e-03 
 1.118372e+01  5.728343e-03 
 1.118412e+01  5.723143e-03 
 1.118451e+01  5.717278e-03 
 1.118491e+01  5.710737e-03 
 1.118531e+01  5.703510e-03 
 1.118571e+01  5.695599e-03 
 1.118610e+01  5.686998e-03 
 1.118650e+01  5.677703e-03 
 1.118690e+01  5.667711e-03 
 1.118730e+01  5.657012e-03 
 1.118770e+01  5.645611e-03 
 1.118809e+01  5.633513e-03 
 1.118849e+01  5.620730e-03 
 1.118889e+01  5.607270e-03 
 1.118929e+01  5.593150e-03 
 1.118968e+01  5.578385e-03 
 1.119008e+01  5.563001e-03 
 1.119048e+01  5.547024e-03 
 1.119088e+01  5.530470e-03 
 1.119127e+01  5.513353e-03 
 1.119167e+01  5.495673e-03 
 1.119207e+01  5.477455e-03 
 1.119247e+01  5.458712e-03 
 1.119287e+01  5.439443e-03 
 1.119326e+01  5.419658e-03 
 1.119366e+01  5.399361e-03 
 1.119406e+01  5.378561e-03 
 1.119446e+01  5.357279e-03 
 1.119485e+01  5.335526e-03 
 1.119525e+01  5.313304e-03 
 1.119565e+01  5.290631e-03 
 1.119605e+01  5.267513e-03 
 1.119644e+01  5.243967e-03 
 1.119684e+01  5.220037e-03 
 1.119724e+01  5.195733e-03 
 1.119764e+01  5.171085e-03 
 1.119804e+01  5.146122e-03 
 1.119843e+01  5.120889e-03 
 1.119883e+01  5.095414e-03 
 1.119923e+01  5.069733e-03 
 1.119963e+01  5.043868e-03 
 1.120002e+01  5.017847e-03 
 1.120042e+01  4.991695e-03 
 1.120082e+01  4.965430e-03 
 1.120122e+01  4.939073e-03 
 1.120161e+01  4.912645e-03 
 1.120201e+01  4.886162e-03 
 1.120241e+01  4.859638e-03 
 1.120281e+01  4.833086e-03 
 1.120321e+01  4.806523e-03 
 1.120360e+01  4.779954e-03 
 1.120400e+01  4.753389e-03 
 1.120440e+01  4.726836e-03 
 1.120480e+01  4.700306e-03 
 1.120519e+01  4.673797e-03 
 1.120559e+01  4.647335e-03 
 1.120599e+01  4.620928e-03 
 1.120639e+01  4.594592e-03 
 1.120678e+01  4.568329e-03 
 1.120718e+01  4.542162e-03 
 1.120758e+01  4.516095e-03 
 1.120798e+01  4.490141e-03 
 1.120838e+01  4.464321e-03 
 1.120877e+01  4.438657e-03 
 1.120917e+01  4.413166e-03 
 1.120957e+01  4.387875e-03 
 1.120997e+01  4.362804e-03 
 1.121036e+01  4.337976e-03 
 1.121076e+01  4.313398e-03 
 1.121116e+01  4.289087e-03 
 1.121156e+01  4.265051e-03 
 1.121195e+01  4.241308e-03 
 1.121235e+01  4.217870e-03 
 1.121275e+01  4.194745e-03 
 1.121315e+01  4.171953e-03 
 1.121355e+01  4.149502e-03 
 1.121394e+01  4.127407e-03 
 1.121434e+01  4.105692e-03 
 1.121474e+01  4.084379e-03 
 1.121514e+01  4.063492e-03 
 1.121553e+01  4.043054e-03 
 1.121593e+01  4.023081e-03 
 1.121633e+01  4.003602e-03 
 1.121673e+01  3.984640e-03 
 1.121712e+01  3.966209e-03 
 1.121752e+01  3.948334e-03 
 1.121792e+01  3.931023e-03 
 1.121832e+01  3.914284e-03 
 1.121872e+01  3.898124e-03 
 1.121911e+01  3.882531e-03 
 1.121951e+01  3.867516e-03 
 1.121991e+01  3.853049e-03 
 1.122031e+01  3.839116e-03 
 1.122070e+01  3.825712e-03 
 1.122110e+01  3.812825e-03 
 1.122150e+01  3.800448e-03 
 1.122190e+01  3.788586e-03 
 1.122229e+01  3.777242e-03 
 1.122269e+01  3.766417e-03 
 1.122309e+01  3.756113e-03 
 1.122349e+01  3.746339e-03 
 1.122389e+01  3.737110e-03 
 1.122428e+01  3.728429e-03 
 1.122468e+01  3.720303e-03 
 1.122508e+01  3.712746e-03 
 1.122548e+01  3.705765e-03 
 1.122587e+01  3.699375e-03 
 1.122627e+01  3.693583e-03 
 1.122667e+01  3.688393e-03 
 1.122707e+01  3.683816e-03 
 1.122746e+01  3.679845e-03 
 1.122786e+01  3.676480e-03 
 1.122826e+01  3.673717e-03 
 1.122866e+01  3.671547e-03 
 1.122906e+01  3.669966e-03 
 1.122945e+01  3.668976e-03 
 1.122985e+01  3.668578e-03 
 1.123025e+01  3.668771e-03 
 1.123065e+01  3.669556e-03 
 1.123104e+01  3.670936e-03 
 1.123144e+01  3.672909e-03 
 1.123184e+01  3.675479e-03 
 1.123224e+01  3.678656e-03 
 1.123263e+01  3.682435e-03 
 1.123303e+01  3.686814e-03 
 1.123343e+01  3.691802e-03 
 1.123383e+01  3.697408e-03 
 1.123423e+01  3.703642e-03 
 1.123462e+01  3.710495e-03 
 1.123502e+01  3.717950e-03 
 1.123542e+01  3.726006e-03 
 1.123582e+01  3.734663e-03 
 1.123621e+01  3.743911e-03 
 1.123661e+01  3.753749e-03 
 1.123701e+01  3.764167e-03 
 1.123741e+01  3.775163e-03 
 1.123780e+01  3.786726e-03 
 1.123820e+01  3.798859e-03 
 1.123860e+01  3.811555e-03 
 1.123900e+01  3.824799e-03 
 1.123940e+01  3.838572e-03 
 1.123979e+01  3.852857e-03 
 1.124019e+01  3.867664e-03 
 1.124059e+01  3.882982e-03 
 1.124099e+01  3.898805e-03 
 1.124138e+01  3.915133e-03 
 1.124178e+01  3.931965e-03 
 1.124218e+01  3.949297e-03 
 1.124258e+01  3.967132e-03 
 1.124297e+01  3.985461e-03 
 1.124337e+01  4.004280e-03 
 1.124377e+01  4.023587e-03 
 1.124417e+01  4.043370e-03 
 1.124457e+01  4.063631e-03 
 1.124496e+01  4.084354e-03 
 1.124536e+01  4.105522e-03 
 1.124576e+01  4.127118e-03 
 1.124616e+01  4.149115e-03 
 1.124655e+01  4.171479e-03 
 1.124695e+01  4.194176e-03 
 1.124735e+01  4.217176e-03 
 1.124775e+01  4.240451e-03 
 1.124814e+01  4.263977e-03 
 1.124854e+01  4.287730e-03 
 1.124894e+01  4.311691e-03 
 1.124934e+01  4.335851e-03 
 1.124974e+01  4.360198e-03 
 1.125013e+01  4.384729e-03 
 1.125053e+01  4.409446e-03 
 1.125093e+01  4.434342e-03 
 1.125133e+01  4.459420e-03 
 1.125172e+01  4.484669e-03 
 1.125212e+01  4.510086e-03 
 1.125252e+01  4.535666e-03 
 1.125292e+01  4.561399e-03 
 1.125331e+01  4.587274e-03 
 1.125371e+01  4.613279e-03 
 1.125411e+01  4.639399e-03 
 1.125451e+01  4.665616e-03 
 1.125491e+01  4.691911e-03 
 1.125530e+01  4.718264e-03 
 1.125570e+01  4.744658e-03 
 1.125610e+01  4.771078e-03 
 1.125650e+01  4.797507e-03 
 1.125689e+01  4.823933e-03 
 1.125729e+01  4.850347e-03 
 1.125769e+01  4.876730e-03 
 1.125809e+01  4.903079e-03 
 1.125848e+01  4.929380e-03 
 1.125888e+01  4.955611e-03 
 1.125928e+01  4.981754e-03 
 1.125968e+01  5.007791e-03 
 1.126008e+01  5.033702e-03 
 1.126047e+01  5.059469e-03 
 1.126087e+01  5.085065e-03 
 1.126127e+01  5.110464e-03 
 1.126167e+01  5.135631e-03 
 1.126206e+01  5.160538e-03 
 1.126246e+01  5.185154e-03 
 1.126286e+01  5.209445e-03 
 1.126326e+01  5.233379e-03 
 1.126365e+01  5.256922e-03 
 1.126405e+01  5.280045e-03 
 1.126445e+01  5.302743e-03 
 1.126485e+01  5.324989e-03 
 1.126525e+01  5.346759e-03 
 1.126564e+01  5.368048e-03 
 1.126604e+01  5.388836e-03 
 1.126644e+01  5.409106e-03 
 1.126684e+01  5.428855e-03 
 1.126723e+01  5.448071e-03 
 1.126763e+01  5.466748e-03 
 1.126803e+01  5.484881e-03 
 1.126843e+01  5.502467e-03 
 1.126882e+01  5.519509e-03 
 1.126922e+01  5.536005e-03 
 1.126962e+01  5.551961e-03 
 1.127002e+01  5.567370e-03 
 1.127042e+01  5.582225e-03 
 1.127081e+01  5.596532e-03 
 1.127121e+01  5.610272e-03 
 1.127161e+01  5.623441e-03 
 1.127201e+01  5.636017e-03 
 1.127240e+01  5.647996e-03 
 1.127280e+01  5.659365e-03 
 1.127320e+01  5.670112e-03 
 1.127360e+01  5.680223e-03 
 1.127399e+01  5.689681e-03 
 1.127439e+01  5.698469e-03 
 1.127479e+01  5.706573e-03 
 1.127519e+01  5.713974e-03 
 1.127559e+01  5.720671e-03 
 1.127598e+01  5.726661e-03 
 1.127638e+01  5.731947e-03 
 1.127678e+01  5.736518e-03 
 1.127718e+01  5.740385e-03 
 1.127757e+01  5.743561e-03 
 1.127797e+01  5.746041e-03 
 1.127837e+01  5.747832e-03 
 1.127877e+01  5.748928e-03 
 1.127917e+01  5.749322e-03 
 1.127956e+01  5.749013e-03 
 1.127996e+01  5.747990e-03 
 1.128036e+01  5.746243e-03 
 1.128076e+01  5.743761e-03 
 1.128115e+01  5.740529e-03 
 1.128155e+01  5.736543e-03 
 1.128195e+01  5.731798e-03 
 1.128235e+01  5.726292e-03 
 1.128274e+01  5.720023e-03 
 1.128314e+01  5.712991e-03 
 1.128354e+01  5.705212e-03 
 1.128394e+01  5.696704e-03 
 1.128434e+01  5.687485e-03 
 1.128473e+01  5.677575e-03 
 1.128513e+01  5.666993e-03 
 1.128553e+01  5.655762e-03 
 1.128593e+01  5.643904e-03 
 1.128632e+01  5.631442e-03 
 1.128672e+01  5.618388e-03 
 1.128712e+01  5.604749e-03 
 1.128752e+01  5.590542e-03 
 1.128791e+01  5.575775e-03 
 1.128831e+01  5.560463e-03 
 1.128871e+01  5.544617e-03 
 1.128911e+01  5.528228e-03 
 1.128951e+01  5.511300e-03 
 1.128990e+01  5.493844e-03 
 1.129030e+01  5.475867e-03 
 1.129070e+01  5.457376e-03 
 1.129110e+01  5.438374e-03 
 1.129149e+01  5.418873e-03 
 1.129189e+01  5.398893e-03 
 1.129229e+01  5.378461e-03 
 1.129269e+01  5.357601e-03 
 1.129308e+01  5.336338e-03 
 1.129348e+01  5.314691e-03 
 1.129388e+01  5.292683e-03 
 1.129428e+01  5.270332e-03 
 1.129468e+01  5.247671e-03 
 1.129507e+01  5.224713e-03 
 1.129547e+01  5.201472e-03 
 1.129587e+01  5.177968e-03 
 1.129627e+01  5.154220e-03 
 1.129666e+01  5.130242e-03 
 1.129706e+01  5.106047e-03 
 1.129746e+01  5.081651e-03 
 1.129786e+01  5.057053e-03 
 1.129825e+01  5.032258e-03 
 1.129865e+01  5.007280e-03 
 1.129905e+01  4.982128e-03 
 1.129945e+01  4.956819e-03 
 1.129985e+01  4.931362e-03 
 1.130024e+01  4.905771e-03 
 1.130064e+01  4.880058e-03 
 1.130104e+01  4.854231e-03 
 1.130144e+01  4.828308e-03 
 1.130183e+01  4.802304e-03 
 1.130223e+01  4.776234e-03 
 1.130263e+01  4.750117e-03 
 1.130303e+01  4.723967e-03 
 1.130342e+01  4.697805e-03 
 1.130382e+01  4.671651e-03 
 1.130422e+01  4.645523e-03 
 1.130462e+01  4.619445e-03 
 1.130502e+01  4.593431e-03 
 1.130541e+01  4.567503e-03 
 1.130581e+01  4.541672e-03 
 1.130621e+01  4.515963e-03 
 1.130661e+01  4.490384e-03 
 1.130700e+01  4.464952e-03 
 1.130740e+01  4.439674e-03 
 1.130780e+01  4.414560e-03 
 1.130820e+01  4.389628e-03 
 1.130859e+01  4.364887e-03 
 1.130899e+01  4.340348e-03 
 1.130939e+01  4.316036e-03 
 1.130979e+01  4.291966e-03 
 1.131019e+01  4.268161e-03 
 1.131058e+01  4.244645e-03 
 1.131098e+01  4.221445e-03 
 1.131138e+01  4.198594e-03 
 1.131178e+01  4.176116e-03 
 1.131217e+01  4.154031e-03 
 1.131257e+01  4.132369e-03 
 1.131297e+01  4.111142e-03 
 1.131337e+01  4.090359e-03 
 1.131376e+01  4.070029e-03 
 1.131416e+01  4.050150e-03 
 1.131456e+01  4.030721e-03 
 1.131496e+01  4.011735e-03 
 1.131536e+01  3.993190e-03 
 1.131575e+01  3.975084e-03 
 1.131615e+01  3.957401e-03 
 1.131655e+01  3.940150e-03 
 1.131695e+01  3.923321e-03 
 1.131734e+01  3.906922e-03 
 1.131774e+01  3.890952e-03 
 1.131814e+01  3.875436e-03 
 1.131854e+01  3.860371e-03 
 1.131893e+01  3.845772e-03 
 1.131933e+01  3.831645e-03 
 1.131973e+01  3.818018e-03 
 1.132013e+01  3.804898e-03 
 1.132053e+01  3.792297e-03 
 1.132092e+01  3.780236e-03 
 1.132132e+01  3.768728e-03 
 1.132172e+01  3.757781e-03 
 1.132212e+01  3.747393e-03 
 1.132251e+01  3.737575e-03 
 1.132291e+01  3.728326e-03 
 1.132331e+01  3.719641e-03 
 1.132371e+01  3.711531e-03 
 1.132410e+01  3.703986e-03 
 1.132450e+01  3.697012e-03 
 1.132490e+01  3.690617e-03 
 1.132530e+01  3.684810e-03 
 1.132570e+01  3.679602e-03 
 1.132609e+01  3.674995e-03 
 1.132649e+01  3.670988e-03 
 1.132689e+01  3.667594e-03 
 1.132729e+01  3.664830e-03 
 1.132768e+01  3.662707e-03 
 1.132808e+01  3.661235e-03 
 1.132848e+01  3.660427e-03 
 1.132888e+01  3.660292e-03 
 1.132927e+01  3.660832e-03 
 1.132967e+01  3.662046e-03 
 1.133007e+01  3.663942e-03 
 1.133047e+01  3.666517e-03 
 1.133087e+01  3.669753e-03 
 1.133126e+01  3.673653e-03 
 1.133166e+01  3.678213e-03 
 1.133206e+01  3.683427e-03 
 1.133246e+01  3.689278e-03 
 1.133285e+01  3.695757e-03 
 1.133325e+01  3.702858e-03 
 1.133365e+01  3.710565e-03 
 1.133405e+01  3.718867e-03 
 1.133444e+01  3.727764e-03 
 1.133484e+01  3.737237e-03 
 1.133524e+01  3.747275e-03 
 1.133564e+01  3.757874e-03 
 1.133604e+01  3.769027e-03 
 1.133643e+01  3.780733e-03 
 1.133683e+01  3.792984e-03 
 1.133723e+01  3.805782e-03 
 1.133763e+01  3.819129e-03 
 1.133802e+01  3.833025e-03 
 1.133842e+01  3.847473e-03 
 1.133882e+01  3.862474e-03 
 1.133922e+01  3.878026e-03 
 1.133961e+01  3.894131e-03 
 1.134001e+01  3.910788e-03 
 1.134041e+01  3.927985e-03 
 1.134081e+01  3.945707e-03 
 1.134121e+01  3.963943e-03 
 1.134160e+01  3.982659e-03 
 1.134200e+01  4.001838e-03 
 1.134240e+01  4.021454e-03 
 1.134280e+01  4.041486e-03 
 1.134319e+01  4.061927e-03 
 1.134359e+01  4.082759e-03 
 1.134399e+01  4.103970e-03 
 1.134439e+01  4.125564e-03 
 1.134478e+01  4.147532e-03 
 1.134518e+01  4.169869e-03 
 1.134558e+01  4.192572e-03 
 1.134598e+01  4.215637e-03 
 1.134638e+01  4.239068e-03 
 1.134677e+01  4.262864e-03 
 1.134717e+01  4.287016e-03 
 1.134757e+01  4.311512e-03 
 1.134797e+01  4.336346e-03 
 1.134836e+01  4.361497e-03 
 1.134876e+01  4.386944e-03 
 1.134916e+01  4.412670e-03 
 1.134956e+01  4.438638e-03 
 1.134995e+01  4.464827e-03 
 1.135035e+01  4.491210e-03 
 1.135075e+01  4.517764e-03 
 1.135115e+01  4.544466e-03 
 1.135155e+01  4.571292e-03 
 1.135194e+01  4.598225e-03 
 1.135234e+01  4.625243e-03 
 1.135274e+01  4.652330e-03 
 1.135314e+01  4.679469e-03 
 1.135353e+01  4.706644e-03 
 1.135393e+01  4.733840e-03 
 1.135433e+01  4.761034e-03 
 1.135473e+01  4.788211e-03 
 1.135512e+01  4.815356e-03 
 1.135552e+01  4.842449e-03 
 1.135592e+01  4.869469e-03 
 1.135632e+01  4.896392e-03 
 1.135672e+01  4.923194e-03 
 1.135711e+01  4.949849e-03 
 1.135751e+01  4.976334e-03 
 1.135791e+01  5.002619e-03 
 1.135831e+01  5.028680e-03 
 1.135870e+01  5.054488e-03 
 1.135910e+01  5.080020e-03 
 1.135950e+01  5.105250e-03 
 1.135990e+01  5.130161e-03 
 1.136029e+01  5.154731e-03 
 1.136069e+01  5.178948e-03 
 1.136109e+01  5.202802e-03 
 1.136149e+01  5.226277e-03 
 1.136189e+01  5.249364e-03 
 1.136228e+01  5.272061e-03 
 1.136268e+01  5.294353e-03 
 1.136308e+01  5.316249e-03 
 1.136348e+01  5.337742e-03 
 1.136387e+01  5.358822e-03 
 1.136427e+01  5.379490e-03 
 1.136467e+01  5.399736e-03 
 1.136507e+01  5.419554e-03 
 1.136546e+01  5.438918e-03 
 1.136586e+01  5.457823e-03 
 1.136626e+01  5.476263e-03 
 1.136666e+01  5.494217e-03 
 1.136706e+01  5.511673e-03 
 1.136745e+01  5.528620e-03 
 1.136785e+01  5.545024e-03 
 1.136825e+01  5.560864e-03 
 1.136865e+01  5.576132e-03 
 1.136904e+01  5.590801e-03 
 1.136944e+01  5.604861e-03 
 1.136984e+01  5.618286e-03 
 1.137024e+01  5.631060e-03 
 1.137064e+01  5.643169e-03 
 1.137103e+01  5.654613e-03 
 1.137143e+01  5.665381e-03 
 1.137183e+01  5.675476e-03 
 1.137223e+01  5.684900e-03 
 1.137262e+01  5.693651e-03 
 1.137302e+01  5.701734e-03 
 1.137342e+01  5.709141e-03 
 1.137382e+01  5.715874e-03 
 1.137421e+01  5.721916e-03 
 1.137461e+01  5.727263e-03 
 1.137501e+01  5.731898e-03 
 1.137541e+01  5.735819e-03 
 1.137581e+01  5.739006e-03 
 1.137620e+01  5.741449e-03 
 1.137660e+01  5.743137e-03 
 1.137700e+01  5.744061e-03 
 1.137740e+01  5.744221e-03 
 1.137779e+01  5.743599e-03 
 1.137819e+01  5.742208e-03 
 1.137859e+01  5.740056e-03 
 1.137899e+01  5.737158e-03 
 1.137938e+01  5.733528e-03 
 1.137978e+01  5.729192e-03 
 1.138018e+01  5.724175e-03 
 1.138058e+01  5.718487e-03 
 1.138098e+01  5.712152e-03 
 1.138137e+01  5.705180e-03 
 1.138177e+01  5.697582e-03 
 1.138217e+01  5.689378e-03 
 1.138257e+01  5.680568e-03 
 1.138296e+01  5.671162e-03 
 1.138336e+01  5.661163e-03 
 1.138376e+01  5.650568e-03 
 1.138416e+01  5.639377e-03 
 1.138455e+01  5.627597e-03 
 1.138495e+01  5.615229e-03 
 1.138535e+01  5.602266e-03 
 1.138575e+01  5.588715e-03 
 1.138615e+01  5.574593e-03 
 1.138654e+01  5.559897e-03 
 1.138694e+01  5.544650e-03 
 1.138734e+01  5.528867e-03 
 1.138774e+01  5.512557e-03 
 1.138813e+01  5.495742e-03 
 1.138853e+01  5.478440e-03 
 1.138893e+01  5.460674e-03 
 1.138933e+01  5.442458e-03 
 1.138972e+01  5.423805e-03 
 1.139012e+01  5.404735e-03 
 1.139052e+01  5.385266e-03 
 1.139092e+01  5.365411e-03 
 1.139132e+01  5.345185e-03 
 1.139171e+01  5.324596e-03 
 1.139211e+01  5.303653e-03 
 1.139251e+01  5.282363e-03 
 1.139291e+01  5.260729e-03 
 1.139330e+01  5.238755e-03 
 1.139370e+01  5.216449e-03 
 1.139410e+01  5.193816e-03 
 1.139450e+01  5.170865e-03 
 1.139489e+01  5.147616e-03 
 1.139529e+01  5.124072e-03 
 1.139569e+01  5.100243e-03 
 1.139609e+01  5.076154e-03 
 1.139649e+01  5.051804e-03 
 1.139688e+01  5.027215e-03 
 1.139728e+01  5.002403e-03 
 1.139768e+01  4.977397e-03 
 1.139808e+01  4.952211e-03 
 1.139847e+01  4.926871e-03 
 1.139887e+01  4.901403e-03 
 1.139927e+01  4.875827e-03 
 1.139967e+01  4.850160e-03 
 1.140006e+01  4.824424e-03 
 1.140046e+01  4.798639e-03 
 1.140086e+01  4.772833e-03 
 1.140126e+01  4.747013e-03 
 1.140166e+01  4.721190e-03 
 1.140205e+01  4.695385e-03 
 1.140245e+01  4.669607e-03 
 1.140285e+01  4.643865e-03 
 1.140325e+01  4.618168e-03 
 1.140364e+01  4.592534e-03 
 1.140404e+01  4.566975e-03 
 1.140444e+01  4.541501e-03 
 1.140484e+01  4.516135e-03 
 1.140523e+01  4.490896e-03 
 1.140563e+01  4.465810e-03 
 1.140603e+01  4.440896e-03 
 1.140643e+01  4.416183e-03 
 1.140683e+01  4.391697e-03 
 1.140722e+01  4.367458e-03 
 1.140762e+01  4.343475e-03 
 1.140802e+01  4.319773e-03 
 1.140842e+01  4.296371e-03 
 1.140881e+01  4.273263e-03 
 1.140921e+01  4.250453e-03 
 1.140961e+01  4.227944e-03 
 1.141001e+01  4.205739e-03 
 1.141040e+01  4.183824e-03 
 1.141080e+01  4.162206e-03 
 1.141120e+01  4.140883e-03 
 1.141160e+01  4.119848e-03 
 1.141200e+01  4.099103e-03 
 1.141239e+01  4.078671e-03 
 1.141279e+01  4.058553e-03 
 1.141319e+01  4.038758e-03 
 1.141359e+01  4.019313e-03 
 1.141398e+01  4.000221e-03 
 1.141438e+01  3.981509e-03 
 1.141478e+01  3.963194e-03 
 1.141518e+01  3.945302e-03 
 1.141557e+01  3.927854e-03 
 1.141597e+01  3.910865e-03 
 1.141637e+01  3.894350e-03 
 1.141677e+01  3.878331e-03 
 1.141717e+01  3.862813e-03 
 1.141756e+01  3.847807e-03 
 1.141796e+01  3.833323e-03 
 1.141836e+01  3.819365e-03 
 1.141876e+01  3.805933e-03 
 1.141915e+01  3.793045e-03 
 1.141955e+01  3.780695e-03 
 1.141995e+01  3.768897e-03 
 1.142035e+01  3.757659e-03 
 1.142074e+01  3.746987e-03 
 1.142114e+01  3.736891e-03 
 1.142154e+01  3.727375e-03 
 1.142194e+01  3.718451e-03 
 1.142234e+01  3.710127e-03 
 1.142273e+01  3.702414e-03 
 1.142313e+01  3.695334e-03 
 1.142353e+01  3.688884e-03 
 1.142393e+01  3.683082e-03 
 1.142432e+01  3.677936e-03 
 1.142472e+01  3.673448e-03 
 1.142512e+01  3.669610e-03 
 1.142552e+01  3.666430e-03 
 1.142591e+01  3.663904e-03 
 1.142631e+01  3.662026e-03 
 1.142671e+01  3.660795e-03 
 1.142711e+01  3.660201e-03 
 1.142751e+01  3.660244e-03 
 1.142790e+01  3.660911e-03 
 1.142830e+01  3.662196e-03 
 1.142870e+01  3.664094e-03 
 1.142910e+01  3.666586e-03 
 1.142949e+01  3.669666e-03 
 1.142989e+01  3.673329e-03 
 1.143029e+01  3.677580e-03 
 1.143069e+01  3.682411e-03 
 1.143108e+01  3.687822e-03 
 1.143148e+01  3.693821e-03 
 1.143188e+01  3.700413e-03 
 1.143228e+01  3.707613e-03 
 1.143268e+01  3.715430e-03 
 1.143307e+01  3.723866e-03 
 1.143347e+01  3.732938e-03 
 1.143387e+01  3.742646e-03 
 1.143427e+01  3.753005e-03 
 1.143466e+01  3.764019e-03 
 1.143506e+01  3.775679e-03 
 1.143546e+01  3.787986e-03 
 1.143586e+01  3.800929e-03 
 1.143625e+01  3.814500e-03 
 1.143665e+01  3.828686e-03 
 1.143705e+01  3.843461e-03 
 1.143745e+01  3.858807e-03 
 1.143785e+01  3.874705e-03 
 1.143824e+01  3.891140e-03 
 1.143864e+01  3.908107e-03 
 1.143904e+01  3.925600e-03 
 1.143944e+01  3.943604e-03 
 1.143983e+01  3.962122e-03 
 1.144023e+01  3.981146e-03 
 1.144063e+01  4.000674e-03 
 1.144103e+01  4.020710e-03 
 1.144142e+01  4.041247e-03 
 1.144182e+01  4.062285e-03 
 1.144222e+01  4.083821e-03 
 1.144262e+01  4.105845e-03 
 1.144302e+01  4.128339e-03 
 1.144341e+01  4.151288e-03 
 1.144381e+01  4.174665e-03 
 1.144421e+01  4.198448e-03 
 1.144461e+01  4.222609e-03 
 1.144500e+01  4.247122e-03 
 1.144540e+01  4.271964e-03 
 1.144580e+01  4.297107e-03 
 1.144620e+01  4.322527e-03 
 1.144659e+01  4.348203e-03 
 1.144699e+01  4.374109e-03 
 1.144739e+01  4.400226e-03 
 1.144779e+01  4.426539e-03 
 1.144819e+01  4.453032e-03 
 1.144858e+01  4.479686e-03 
 1.144898e+01  4.506491e-03 
 1.144938e+01  4.533435e-03 
 1.144978e+01  4.560499e-03 
 1.145017e+01  4.587675e-03 
 1.145057e+01  4.614949e-03 
 1.145097e+01  4.642297e-03 
 1.145137e+01  4.669697e-03 
 1.145176e+01  4.697130e-03 
 1.145216e+01  4.724580e-03 
 1.145256e+01  4.752017e-03 
 1.145296e+01  4.779412e-03 
 1.145336e+01  4.806740e-03 
 1.145375e+01  4.833974e-03 
 1.145415e+01  4.861090e-03 
 1.145455e+01  4.888069e-03 
 1.145495e+01  4.914887e-03 
 1.145534e+01  4.941517e-03 
 1.145574e+01  4.967946e-03 
 1.145614e+01  4.994159e-03 
 1.145654e+01  5.020144e-03 
 1.145693e+01  5.045886e-03 
 1.145733e+01  5.071378e-03 
 1.145773e+01  5.096606e-03 
 1.145813e+01  5.121562e-03 
 1.145853e+01  5.146234e-03 
 1.145892e+01  5.170618e-03 
 1.145932e+01  5.194696e-03 
 1.145972e+01  5.218461e-03 
 1.146012e+01  5.241895e-03 
 1.146051e+01  5.264991e-03 
 1.146091e+01  5.287724e-03 
 1.146131e+01  5.310077e-03 
 1.146171e+01  5.332037e-03 
 1.146210e+01  5.353571e-03 
 1.146250e+01  5.374666e-03 
 1.146290e+01  5.395301e-03 
 1.146330e+01  5.415453e-03 
 1.146370e+01  5.435094e-03 
 1.146409e+01  5.454192e-03 
 1.146449e+01  5.472751e-03 
 1.146489e+01  5.490727e-03 
 1.146529e+01  5.508114e-03 
 1.146568e+01  5.524906e-03 
 1.146608e+01  5.541083e-03 
 1.146648e+01  5.556643e-03 
 1.146688e+01  5.571580e-03 
 1.146728e+01  5.585910e-03 
 1.146767e+01  5.599618e-03 
 1.146807e+01  5.612711e-03 
 1.146847e+01  5.625179e-03 
 1.146887e+01  5.637011e-03 
 1.146926e+01  5.648193e-03 
 1.146966e+01  5.658730e-03 
 1.147006e+01  5.668598e-03 
 1.147046e+01  5.677784e-03 
 1.147085e+01  5.686271e-03 
 1.147125e+01  5.694052e-03 
 1.147165e+01  5.701107e-03 
 1.147205e+01  5.707423e-03 
 1.147245e+01  5.712999e-03 
 1.147284e+01  5.717824e-03 
 1.147324e+01  5.721904e-03 
 1.147364e+01  5.725243e-03 
 1.147404e+01  5.727865e-03 
 1.147443e+01  5.729782e-03 
 1.147483e+01  5.731008e-03 
 1.147523e+01  5.731554e-03 
 1.147563e+01  5.731448e-03 
 1.147602e+01  5.730702e-03 
 1.147642e+01  5.729319e-03 
 1.147682e+01  5.727317e-03 
 1.147722e+01  5.724694e-03 
 1.147762e+01  5.721457e-03 
 1.147801e+01  5.717615e-03 
 1.147841e+01  5.713169e-03 
 1.147881e+01  5.708113e-03 
 1.147921e+01  5.702443e-03 
 1.147960e+01  5.696160e-03 
 1.148000e+01  5.689256e-03 
 1.148040e+01  5.681728e-03 
 1.148080e+01  5.673576e-03 
 1.148119e+01  5.664804e-03 
 1.148159e+01  5.655416e-03 
 1.148199e+01  5.645410e-03 
 1.148239e+01  5.634797e-03 
 1.148279e+01  5.623587e-03 
 1.148318e+01  5.611795e-03 
 1.148358e+01  5.599443e-03 
 1.148398e+01  5.586532e-03 
 1.148438e+01  5.573087e-03 
 1.148477e+01  5.559113e-03 
 1.148517e+01  5.544623e-03 
 1.148557e+01  5.529636e-03 
 1.148597e+01  5.514167e-03 
 1.148636e+01  5.498221e-03 
 1.148676e+01  5.481799e-03 
 1.148716e+01  5.464925e-03 
 1.148756e+01  5.447598e-03 
 1.148796e+01  5.429825e-03 
 1.148835e+01  5.411605e-03 
 1.148875e+01  5.392934e-03 
 1.148915e+01  5.373832e-03 
 1.148955e+01  5.354301e-03 
 1.148994e+01  5.334353e-03 
 1.149034e+01  5.314003e-03 
 1.149074e+01  5.293259e-03 
 1.149114e+01  5.272137e-03 
 1.149153e+01  5.250650e-03 
 1.149193e+01  5.228825e-03 
 1.149233e+01  5.206674e-03 
 1.149273e+01  5.184223e-03 
 1.149313e+01  5.161483e-03 
 1.149352e+01  5.138487e-03 
 1.149392e+01  5.115258e-03 
 1.149432e+01  5.091812e-03 
 1.149472e+01  5.068168e-03 
 1.149511e+01  5.044337e-03 
 1.149551e+01  5.020348e-03 
 1.149591e+01  4.996221e-03 
 1.149631e+01  4.971966e-03 
 1.149670e+01  4.947590e-03 
 1.149710e+01  4.923099e-03 
 1.149750e+01  4.898496e-03 
 1.149790e+01  4.873788e-03 
 1.149830e+01  4.848986e-03 
 1.149869e+01  4.824090e-03 
 1.149909e+01  4.799102e-03 
 1.149949e+01  4.774041e-03 
 1.149989e+01  4.748925e-03 
 1.150028e+01  4.723763e-03 
 1.150068e+01  4.698573e-03 
 1.150108e+01  4.673375e-03 
 1.150148e+01  4.648186e-03 
 1.150187e+01  4.623027e-03 
 1.150227e+01  4.597930e-03 
 1.150267e+01  4.572905e-03 
 1.150307e+01  4.547967e-03 
 1.150347e+01  4.523125e-03 
 1.150386e+01  4.498394e-03 
 1.150426e+01  4.473775e-03 
 1.150466e+01  4.449270e-03 
 1.150506e+01  4.424892e-03 
 1.150545e+01  4.400634e-03 
 1.150585e+01  4.376497e-03 
 1.150625e+01  4.352486e-03 
 1.150665e+01  4.328616e-03 
 1.150704e+01  4.304888e-03 
 1.150744e+01  4.281310e-03 
 1.150784e+01  4.257907e-03 
 1.150824e+01  4.234700e-03 
 1.150864e+01  4.211706e-03 
 1.150903e+01  4.188951e-03 
 1.150943e+01  4.166463e-03 
 1.150983e+01  4.144271e-03 
 1.151023e+01  4.122391e-03 
 1.151062e+01  4.100844e-03 
 1.151102e+01  4.079667e-03 
 1.151142e+01  4.058872e-03 
 1.151182e+01  4.038475e-03 
 1.151221e+01  4.018497e-03 
 1.151261e+01  3.998942e-03 
 1.151301e+01  3.979821e-03 
 1.151341e+01  3.961144e-03 
 1.151381e+01  3.942919e-03 
 1.151420e+01  3.925156e-03 
 1.151460e+01  3.907858e-03 
 1.151500e+01  3.891050e-03 
 1.151540e+01  3.874718e-03 
 1.151579e+01  3.858874e-03 
 1.151619e+01  3.843530e-03 
 1.151659e+01  3.828680e-03 
 1.151699e+01  3.814328e-03 
 1.151738e+01  3.800498e-03 
 1.151778e+01  3.787202e-03 
 1.151818e+01  3.774452e-03 
 1.151858e+01  3.762271e-03 
 1.151898e+01  3.750672e-03 
 1.151937e+01  3.739670e-03 
 1.151977e+01  3.729269e-03 
 1.152017e+01  3.719476e-03 
 1.152057e+01  3.710301e-03 
 1.152096e+01  3.701732e-03 
 1.152136e+01  3.693782e-03 
 1.152176e+01  3.686450e-03 
 1.152216e+01  3.679739e-03 
 1.152255e+01  3.673645e-03 
 1.152295e+01  3.668163e-03 
 1.152335e+01  3.663291e-03 
 1.152375e+01  3.659021e-03 
 1.152415e+01  3.655354e-03 
 1.152454e+01  3.652284e-03 
 1.152494e+01  3.649817e-03 
 1.152534e+01  3.647959e-03 
 1.152574e+01  3.646719e-03 
 1.152613e+01  3.646102e-03 
 1.152653e+01  3.646120e-03 
 1.152693e+01  3.646790e-03 
 1.152733e+01  3.648127e-03 
 1.152772e+01  3.650138e-03 
 1.152812e+01  3.652833e-03 
 1.152852e+01  3.656236e-03 
 1.152892e+01  3.660361e-03 
 1.152932e+01  3.665210e-03 
 1.152971e+01  3.670795e-03 
 1.153011e+01  3.677113e-03 
 1.153051e+01  3.684164e-03 
 1.153091e+01  3.691950e-03 
 1.153130e+01  3.700461e-03 
 1.153170e+01  3.709679e-03 
 1.153210e+01  3.719588e-03 
 1.153250e+01  3.730170e-03 
 1.153289e+01  3.741412e-03 
 1.153329e+01  3.753302e-03 
 1.153369e+01  3.765836e-03 
 1.153409e+01  3.778992e-03 
 1.153449e+01  3.792771e-03 
 1.153488e+01  3.807174e-03 
 1.153528e+01  3.822200e-03 
 1.153568e+01  3.837851e-03 
 1.153608e+01  3.854119e-03 
 1.153647e+01  3.870999e-03 
 1.153687e+01  3.888499e-03 
 1.153727e+01  3.906613e-03 
 1.153767e+01  3.925330e-03 
 1.153806e+01  3.944649e-03 
 1.153846e+01  3.964542e-03 
 1.153886e+01  3.984983e-03 
 1.153926e+01  4.005953e-03 
 1.153966e+01  4.027421e-03 
 1.154005e+01  4.049366e-03 
 1.154045e+01  4.071760e-03 
 1.154085e+01  4.094573e-03 
 1.154125e+01  4.117789e-03 
 1.154164e+01  4.141386e-03 
 1.154204e+01  4.165339e-03 
 1.154244e+01  4.189632e-03 
 1.154284e+01  4.214244e-03 
 1.154323e+01  4.239161e-03 
 1.154363e+01  4.264381e-03 
 1.154403e+01  4.289883e-03 
 1.154443e+01  4.315659e-03 
 1.154483e+01  4.341689e-03 
 1.154522e+01  4.367957e-03 
 1.154562e+01  4.394443e-03 
 1.154602e+01  4.421140e-03 
 1.154642e+01  4.448022e-03 
 1.154681e+01  4.475076e-03 
 1.154721e+01  4.502281e-03 
 1.154761e+01  4.529619e-03 
 1.154801e+01  4.557060e-03 
 1.154840e+01  4.584575e-03 
 1.154880e+01  4.612141e-03 
 1.154920e+01  4.639729e-03 
 1.154960e+01  4.667313e-03 
 1.155000e+01  4.694873e-03 
 1.155039e+01  4.722388e-03 
 1.155079e+01  4.749847e-03 
 1.155119e+01  4.777221e-03 
 1.155159e+01  4.804499e-03 
 1.155198e+01  4.831658e-03 
 1.155238e+01  4.858683e-03 
 1.155278e+01  4.885565e-03 
 1.155318e+01  4.912297e-03 
 1.155357e+01  4.938869e-03 
 1.155397e+01  4.965264e-03 
 1.155437e+01  4.991466e-03 
 1.155477e+01  5.017467e-03 
 1.155517e+01  5.043244e-03 
 1.155556e+01  5.068785e-03 
 1.155596e+01  5.094066e-03 
 1.155636e+01  5.119064e-03 
 1.155676e+01  5.143762e-03 
 1.155715e+01  5.168136e-03 
 1.155755e+01  5.192161e-03 
 1.155795e+01  5.215807e-03 
 1.155835e+01  5.239054e-03 
 1.155875e+01  5.261873e-03 
 1.155914e+01  5.284234e-03 
 1.155954e+01  5.306123e-03 
 1.155994e+01  5.327526e-03 
 1.156034e+01  5.348423e-03 
 1.156073e+01  5.368800e-03 
 1.156113e+01  5.388649e-03 
 1.156153e+01  5.407966e-03 
 1.156193e+01  5.426741e-03 
 1.156232e+01  5.444982e-03 
 1.156272e+01  5.462686e-03 
 1.156312e+01  5.479850e-03 
 1.156352e+01  5.496477e-03 
 1.156392e+01  5.512553e-03 
 1.156431e+01  5.528074e-03 
 1.156471e+01  5.543029e-03 
 1.156511e+01  5.557405e-03 
 1.156551e+01  5.571197e-03 
 1.156590e+01  5.584387e-03 
 1.156630e+01  5.596964e-03 
 1.156670e+01  5.608905e-03 
 1.156710e+01  5.620197e-03 
 1.156749e+01  5.630836e-03 
 1.156789e+01  5.640812e-03 
 1.156829e+01  5.650127e-03 
 1.156869e+01  5.658786e-03 
 1.156909e+01  5.666797e-03 
 1.156948e+01  5.674169e-03 
 1.156988e+01  5.680919e-03 
 1.157028e+01  5.687061e-03 
 1.157068e+01  5.692606e-03 
 1.157107e+01  5.697570e-03 
 1.157147e+01  5.701951e-03 
 1.157187e+01  5.705752e-03 
 1.157227e+01  5.708981e-03 
 1.157266e+01  5.711636e-03 
 1.157306e+01  5.713711e-03 
 1.157346e+01  5.715200e-03 
 1.157386e+01  5.716095e-03 
 1.157426e+01  5.716382e-03 
 1.157465e+01  5.716057e-03 
 1.157505e+01  5.715114e-03 
 1.157545e+01  5.713533e-03 
 1.157585e+01  5.711310e-03 
 1.157624e+01  5.708448e-03 
 1.157664e+01  5.704939e-03 
 1.157704e+01  5.700790e-03 
 1.157744e+01  5.696005e-03 
 1.157783e+01  5.690579e-03 
 1.157823e+01  5.684511e-03 
 1.157863e+01  5.677821e-03 
 1.157903e+01  5.670519e-03 
 1.157943e+01  5.662615e-03 
 1.157982e+01  5.654119e-03 
 1.158022e+01  5.645034e-03 
 1.158062e+01  5.635374e-03 
 1.158102e+01  5.625156e-03 
 1.158141e+01  5.614389e-03 
 1.158181e+01  5.603081e-03 
 1.158221e+01  5.591241e-03 
 1.158261e+01  5.578873e-03 
 1.158300e+01  5.565979e-03 
 1.158340e+01  5.552571e-03 
 1.158380e+01  5.538656e-03 
 1.158420e+01  5.524231e-03 
 1.158460e+01  5.509297e-03 
 1.158499e+01  5.493869e-03 
 1.158539e+01  5.477959e-03 
 1.158579e+01  5.461569e-03 
 1.158619e+01  5.444721e-03 
 1.158658e+01  5.427410e-03 
 1.158698e+01  5.409661e-03 
 1.158738e+01  5.391490e-03 
 1.158778e+01  5.372907e-03 
 1.158817e+01  5.353934e-03 
 1.158857e+01  5.334594e-03 
 1.158897e+01  5.314897e-03 
 1.158937e+01  5.294869e-03 
 1.158977e+01  5.274530e-03 
 1.159016e+01  5.253889e-03 
 1.159056e+01  5.232956e-03 
 1.159096e+01  5.211740e-03 
 1.159136e+01  5.190250e-03 
 1.159175e+01  5.168482e-03 
 1.159215e+01  5.146442e-03 
 1.159255e+01  5.124132e-03 
 1.159295e+01  5.101548e-03 
 1.159334e+01  5.078685e-03 
 1.159374e+01  5.055552e-03 
 1.159414e+01  5.032153e-03 
 1.159454e+01  5.008493e-03 
 1.159494e+01  4.984583e-03 
 1.159533e+01  4.960440e-03 
 1.159573e+01  4.936076e-03 
 1.159613e+01  4.911515e-03 
 1.159653e+01  4.886778e-03 
 1.159692e+01  4.861883e-03 
 1.159732e+01  4.836863e-03 
 1.159772e+01  4.811736e-03 
 1.159812e+01  4.786519e-03 
 1.159851e+01  4.761234e-03 
 1.159891e+01  4.735898e-03 
 1.159931e+01  4.710517e-03 
 1.159971e+01  4.685090e-03 
 1.160011e+01  4.659627e-03 
 1.160050e+01  4.634131e-03 
 1.160090e+01  4.608600e-03 
 1.160130e+01  4.583038e-03 
 1.160170e+01  4.557462e-03 
 1.160209e+01  4.531882e-03 
 1.160249e+01  4.506305e-03 
 1.160289e+01  4.480757e-03 
 1.160329e+01  4.455259e-03 
 1.160368e+01  4.429826e-03 
 1.160408e+01  4.404477e-03 
 1.160448e+01  4.379247e-03 
 1.160488e+01  4.354162e-03 
 1.160528e+01  4.329246e-03 
 1.160567e+01  4.304521e-03 
 1.160607e+01  4.280017e-03 
 1.160647e+01  4.255748e-03 
 1.160687e+01  4.231732e-03 
 1.160726e+01  4.207989e-03 
 1.160766e+01  4.184537e-03 
 1.160806e+01  4.161392e-03 
 1.160846e+01  4.138558e-03 
 1.160885e+01  4.116052e-03 
 1.160925e+01  4.093893e-03 
 1.160965e+01  4.072078e-03 
 1.161005e+01  4.050622e-03 
 1.161045e+01  4.029534e-03 
 1.161084e+01  4.008820e-03 
 1.161124e+01  3.988483e-03 
 1.161164e+01  3.968548e-03 
 1.161204e+01  3.949038e-03 
 1.161243e+01  3.929962e-03 
 1.161283e+01  3.911347e-03 
 1.161323e+01  3.893198e-03 
 1.161363e+01  3.875548e-03 
 1.161402e+01  3.858416e-03 
 1.161442e+01  3.841813e-03 
 1.161482e+01  3.825755e-03 
 1.161522e+01  3.810250e-03 
 1.161562e+01  3.795305e-03 
 1.161601e+01  3.780942e-03 
 1.161641e+01  3.767169e-03 
 1.161681e+01  3.753990e-03 
 1.161721e+01  3.741414e-03 
 1.161760e+01  3.729440e-03 
 1.161800e+01  3.718069e-03 
 1.161840e+01  3.707301e-03 
 1.161880e+01  3.697134e-03 
 1.161919e+01  3.687572e-03 
 1.161959e+01  3.678610e-03 
 1.161999e+01  3.670259e-03 
 1.162039e+01  3.662530e-03 
 1.162079e+01  3.655443e-03 
 1.162118e+01  3.649008e-03 
 1.162158e+01  3.643241e-03 
 1.162198e+01  3.638152e-03 
 1.162238e+01  3.633772e-03 
 1.162277e+01  3.630115e-03 
 1.162317e+01  3.627201e-03 
 1.162357e+01  3.625048e-03 
 1.162397e+01  3.623672e-03 
 1.162436e+01  3.623090e-03 
 1.162476e+01  3.623312e-03 
 1.162516e+01  3.624353e-03 
 1.162556e+01  3.626213e-03 
 1.162596e+01  3.628882e-03 
 1.162635e+01  3.632348e-03 
 1.162675e+01  3.636611e-03 
 1.162715e+01  3.641651e-03 
 1.162755e+01  3.647446e-03 
 1.162794e+01  3.653978e-03 
 1.162834e+01  3.661235e-03 
 1.162874e+01  3.669202e-03 
 1.162914e+01  3.677873e-03 
 1.162953e+01  3.687237e-03 
 1.162993e+01  3.697289e-03 
 1.163033e+01  3.708019e-03 
 1.163073e+01  3.719430e-03 
 1.163113e+01  3.731523e-03 
 1.163152e+01  3.744298e-03 
 1.163192e+01  3.757742e-03 
 1.163232e+01  3.771850e-03 
 1.163272e+01  3.786608e-03 
 1.163311e+01  3.802002e-03 
 1.163351e+01  3.818018e-03 
 1.163391e+01  3.834631e-03 
 1.163431e+01  3.851817e-03 
 1.163470e+01  3.869546e-03 
 1.163510e+01  3.887795e-03 
 1.163550e+01  3.906550e-03 
 1.163590e+01  3.925785e-03 
 1.163630e+01  3.945480e-03 
 1.163669e+01  3.965625e-03 
 1.163709e+01  3.986195e-03 
 1.163749e+01  4.007187e-03 
 1.163789e+01  4.028592e-03 
 1.163828e+01  4.050398e-03 
 1.163868e+01  4.072598e-03 
 1.163908e+01  4.095182e-03 
 1.163948e+01  4.118148e-03 
 1.163987e+01  4.141491e-03 
 1.164027e+01  4.165197e-03 
 1.164067e+01  4.189267e-03 
 1.164107e+01  4.213693e-03 
 1.164147e+01  4.238453e-03 
 1.164186e+01  4.263537e-03 
 1.164226e+01  4.288925e-03 
 1.164266e+01  4.314598e-03 
 1.164306e+01  4.340530e-03 
 1.164345e+01  4.366695e-03 
 1.164385e+01  4.393066e-03 
 1.164425e+01  4.419617e-03 
 1.164465e+01  4.446327e-03 
 1.164504e+01  4.473166e-03 
 1.164544e+01  4.500109e-03 
 1.164584e+01  4.527129e-03 
 1.164624e+01  4.554194e-03 
 1.164664e+01  4.581282e-03 
 1.164703e+01  4.608379e-03 
 1.164743e+01  4.635459e-03 
 1.164783e+01  4.662501e-03 
 1.164823e+01  4.689496e-03 
 1.164862e+01  4.716430e-03 
 1.164902e+01  4.743292e-03 
 1.164942e+01  4.770062e-03 
 1.164982e+01  4.796733e-03 
 1.165022e+01  4.823279e-03 
 1.165061e+01  4.849684e-03 
 1.165101e+01  4.875933e-03 
 1.165141e+01  4.902010e-03 
 1.165181e+01  4.927892e-03 
 1.165220e+01  4.953553e-03 
 1.165260e+01  4.978973e-03 
 1.165300e+01  5.004133e-03 
 1.165340e+01  5.029015e-03 
 1.165379e+01  5.053599e-03 
 1.165419e+01  5.077866e-03 
 1.165459e+01  5.101798e-03 
 1.165499e+01  5.125375e-03 
 1.165539e+01  5.148591e-03 
 1.165578e+01  5.171430e-03 
 1.165618e+01  5.193888e-03 
 1.165658e+01  5.215955e-03 
 1.165698e+01  5.237631e-03 
 1.165737e+01  5.258912e-03 
 1.165777e+01  5.279799e-03 
 1.165817e+01  5.300286e-03 
 1.165857e+01  5.320379e-03 
 1.165896e+01  5.340057e-03 
 1.165936e+01  5.359326e-03 
 1.165976e+01  5.378178e-03 
 1.166016e+01  5.396596e-03 
 1.166056e+01  5.414569e-03 
 1.166095e+01  5.432063e-03 
 1.166135e+01  5.449069e-03 
 1.166175e+01  5.465558e-03 
 1.166215e+01  5.481518e-03 
 1.166254e+01  5.496932e-03 
 1.166294e+01  5.511787e-03 
 1.166334e+01  5.526086e-03 
 1.166374e+01  5.539816e-03 
 1.166413e+01  5.552999e-03 
 1.166453e+01  5.565636e-03 
 1.166493e+01  5.577727e-03 
 1.166533e+01  5.589276e-03 
 1.166573e+01  5.600286e-03 
 1.166612e+01  5.610770e-03 
 1.166652e+01  5.620734e-03 
 1.166692e+01  5.630178e-03 
 1.166732e+01  5.639104e-03 
 1.166771e+01  5.647512e-03 
 1.166811e+01  5.655396e-03 
 1.166851e+01  5.662740e-03 
 1.166891e+01  5.669544e-03 
 1.166930e+01  5.675791e-03 
 1.166970e+01  5.681463e-03 
 1.167010e+01  5.686546e-03 
 1.167050e+01  5.691035e-03 
 1.167090e+01  5.694919e-03 
 1.167129e+01  5.698184e-03 
 1.167169e+01  5.700819e-03 
 1.167209e+01  5.702829e-03 
 1.167249e+01  5.704208e-03 
 1.167288e+01  5.704955e-03 
 1.167328e+01  5.705077e-03 
 1.167368e+01  5.704569e-03 
 1.167408e+01  5.703435e-03 
 1.167447e+01  5.701676e-03 
 1.167487e+01  5.699306e-03 
 1.167527e+01  5.696335e-03 
 1.167567e+01  5.692762e-03 
 1.167607e+01  5.688604e-03 
 1.167646e+01  5.683863e-03 
 1.167686e+01  5.678545e-03 
 1.167726e+01  5.672659e-03 
 1.167766e+01  5.666202e-03 
 1.167805e+01  5.659179e-03 
 1.167845e+01  5.651590e-03 
 1.167885e+01  5.643422e-03 
 1.167925e+01  5.634679e-03 
 1.167964e+01  5.625371e-03 
 1.168004e+01  5.615500e-03 
 1.168044e+01  5.605067e-03 
 1.168084e+01  5.594069e-03 
 1.168124e+01  5.582517e-03 
 1.168163e+01  5.570422e-03 
 1.168203e+01  5.557793e-03 
 1.168243e+01  5.544647e-03 
 1.168283e+01  5.530993e-03 
 1.168322e+01  5.516850e-03 
 1.168362e+01  5.502223e-03 
 1.168402e+01  5.487135e-03 
 1.168442e+01  5.471595e-03 
 1.168481e+01  5.455616e-03 
 1.168521e+01  5.439204e-03 
 1.168561e+01  5.422358e-03 
 1.168601e+01  5.405089e-03 
 1.168641e+01  5.387402e-03 
 1.168680e+01  5.369290e-03 
 1.168720e+01  5.350748e-03 
 1.168760e+01  5.331774e-03 
 1.168800e+01  5.312355e-03 
 1.168839e+01  5.292489e-03 
 1.168879e+01  5.272176e-03 
 1.168919e+01  5.251414e-03 
 1.168959e+01  5.230204e-03 
 1.168998e+01  5.208553e-03 
 1.169038e+01  5.186470e-03 
 1.169078e+01  5.163965e-03 
 1.169118e+01  5.141062e-03 
 1.169158e+01  5.117783e-03 
 1.169197e+01  5.094152e-03 
 1.169237e+01  5.070197e-03 
 1.169277e+01  5.045945e-03 
 1.169317e+01  5.021424e-03 
 1.169356e+01  4.996642e-03 
 1.169396e+01  4.971618e-03 
 1.169436e+01  4.946370e-03 
 1.169476e+01  4.920906e-03 
 1.169515e+01  4.895232e-03 
 1.169555e+01  4.869366e-03 
 1.169595e+01  4.843318e-03 
 1.169635e+01  4.817105e-03 
 1.169675e+01  4.790727e-03 
 1.169714e+01  4.764204e-03 
 1.169754e+01  4.737554e-03 
 1.169794e+01  4.710788e-03 
 1.169834e+01  4.683928e-03 
 1.169873e+01  4.657006e-03 
 1.169913e+01  4.630052e-03 
 1.169953e+01  4.603091e-03 
 1.169993e+01  4.576144e-03 
 1.170032e+01  4.549243e-03 
 1.170072e+01  4.522417e-03 
 1.170112e+01  4.495681e-03 
 1.170152e+01  4.469062e-03 
 1.170192e+01  4.442588e-03 
 1.170231e+01  4.416271e-03 
 1.170271e+01  4.390116e-03 
 1.170311e+01  4.364149e-03 
 1.170351e+01  4.338385e-03 
 1.170390e+01  4.312829e-03 
 1.170430e+01  4.287489e-03 
 1.170470e+01  4.262380e-03 
 1.170510e+01  4.237515e-03 
 1.170549e+01  4.212905e-03 
 1.170589e+01  4.188564e-03 
 1.170629e+01  4.164513e-03 
 1.170669e+01  4.140760e-03 
 1.170709e+01  4.117317e-03 
 1.170748e+01  4.094203e-03 
 1.170788e+01  4.071450e-03 
 1.170828e+01  4.049081e-03 
 1.170868e+01  4.027113e-03 
 1.170907e+01  4.005565e-03 
 1.170947e+01  3.984460e-03 
 1.170987e+01  3.963817e-03 
 1.171027e+01  3.943658e-03 
 1.171066e+01  3.924003e-03 
 1.171106e+01  3.904874e-03 
 1.171146e+01  3.886283e-03 
 1.171186e+01  3.868262e-03 
 1.171226e+01  3.850796e-03 
 1.171265e+01  3.833913e-03 
 1.171305e+01  3.817605e-03 
 1.171345e+01  3.801868e-03 
 1.171385e+01  3.786708e-03 
 1.171424e+01  3.772138e-03 
 1.171464e+01  3.758170e-03 
 1.171504e+01  3.744822e-03 
 1.171544e+01  3.732101e-03 
 1.171583e+01  3.720026e-03 
 1.171623e+01  3.708604e-03 
 1.171663e+01  3.697845e-03 
 1.171703e+01  3.687764e-03 
 1.171743e+01  3.678389e-03 
 1.171782e+01  3.669732e-03 
 1.171822e+01  3.661822e-03 
 1.171862e+01  3.654677e-03 
 1.171902e+01  3.648311e-03 
 1.171941e+01  3.642739e-03 
 1.171981e+01  3.637973e-03 
 1.172021e+01  3.634013e-03 
 1.172061e+01  3.630855e-03 
 1.172100e+01  3.628499e-03 
 1.172140e+01  3.626935e-03 
 1.172180e+01  3.626146e-03 
 1.172220e+01  3.626124e-03 
 1.172260e+01  3.626842e-03 
 1.172299e+01  3.628291e-03 
 1.172339e+01  3.630453e-03 
 1.172379e+01  3.633321e-03 
 1.172419e+01  3.636894e-03 
 1.172458e+01  3.641155e-03 
 1.172498e+01  3.646099e-03 
 1.172538e+01  3.651721e-03 
 1.172578e+01  3.658021e-03 
 1.172617e+01  3.664989e-03 
 1.172657e+01  3.672627e-03 
 1.172697e+01  3.680939e-03 
 1.172737e+01  3.689925e-03 
 1.172777e+01  3.699587e-03 
 1.172816e+01  3.709909e-03 
 1.172856e+01  3.720878e-03 
 1.172896e+01  3.732485e-03 
 1.172936e+01  3.744701e-03 
 1.172975e+01  3.757515e-03 
 1.173015e+01  3.770913e-03 
 1.173055e+01  3.784876e-03 
 1.173095e+01  3.799391e-03 
 1.173134e+01  3.814447e-03 
 1.173174e+01  3.830031e-03 
 1.173214e+01  3.846129e-03 
 1.173254e+01  3.862726e-03 
 1.173294e+01  3.879815e-03 
 1.173333e+01  3.897397e-03 
 1.173373e+01  3.915469e-03 
 1.173413e+01  3.934030e-03 
 1.173453e+01  3.953072e-03 
 1.173492e+01  3.972596e-03 
 1.173532e+01  3.992585e-03 
 1.173572e+01  4.013038e-03 
 1.173612e+01  4.033949e-03 
 1.173651e+01  4.055302e-03 
 1.173691e+01  4.077090e-03 
 1.173731e+01  4.099295e-03 
 1.173771e+01  4.121898e-03 
 1.173811e+01  4.144879e-03 
 1.173850e+01  4.168204e-03 
 1.173890e+01  4.191854e-03 
 1.173930e+01  4.215796e-03 
 1.173970e+01  4.240007e-03 
 1.174009e+01  4.264461e-03 
 1.174049e+01  4.289126e-03 
 1.174089e+01  4.313974e-03 
 1.174129e+01  4.338983e-03 
 1.174169e+01  4.364122e-03 
 1.174208e+01  4.389365e-03 
 1.174248e+01  4.414700e-03 
 1.174288e+01  4.440116e-03 
 1.174328e+01  4.465602e-03 
 1.174367e+01  4.491146e-03 
 1.174407e+01  4.516738e-03 
 1.174447e+01  4.542364e-03 
 1.174487e+01  4.567999e-03 
 1.174526e+01  4.593639e-03 
 1.174566e+01  4.619277e-03 
 1.174606e+01  4.644894e-03 
 1.174646e+01  4.670483e-03 
 1.174686e+01  4.696033e-03 
 1.174725e+01  4.721534e-03 
 1.174765e+01  4.746971e-03 
 1.174805e+01  4.772325e-03 
 1.174845e+01  4.797576e-03 
 1.174884e+01  4.822706e-03 
 1.174924e+01  4.847696e-03 
 1.174964e+01  4.872537e-03 
 1.175004e+01  4.897221e-03 
 1.175043e+01  4.921730e-03 
 1.175083e+01  4.946052e-03 
 1.175123e+01  4.970176e-03 
 1.175163e+01  4.994094e-03 
 1.175203e+01  5.017808e-03 
 1.175242e+01  5.041309e-03 
 1.175282e+01  5.064596e-03 
 1.175322e+01  5.087665e-03 
 1.175362e+01  5.110513e-03 
 1.175401e+01  5.133131e-03 
 1.175441e+01  5.155508e-03 
 1.175481e+01  5.177630e-03 
 1.175521e+01  5.199481e-03 
 1.175560e+01  5.221039e-03 
 1.175600e+01  5.242283e-03 
 1.175640e+01  5.263189e-03 
 1.175680e+01  5.283737e-03 
 1.175720e+01  5.303896e-03 
 1.175759e+01  5.323653e-03 
 1.175799e+01  5.342987e-03 
 1.175839e+01  5.361882e-03 
 1.175879e+01  5.380335e-03 
 1.175918e+01  5.398343e-03 
 1.175958e+01  5.415906e-03 
 1.175998e+01  5.433020e-03 
 1.176038e+01  5.449698e-03 
 1.176077e+01  5.465928e-03 
 1.176117e+01  5.481721e-03 
 1.176157e+01  5.497078e-03 
 1.176197e+01  5.512002e-03 
 1.176237e+01  5.526494e-03 
 1.176276e+01  5.540542e-03 
 1.176316e+01  5.554150e-03 
 1.176356e+01  5.567294e-03 
 1.176396e+01  5.579962e-03 
 1.176435e+01  5.592130e-03 
 1.176475e+01  5.603778e-03 
 1.176515e+01  5.614888e-03 
 1.176555e+01  5.625447e-03 
 1.176594e+01  5.635437e-03 
 1.176634e+01  5.644854e-03 
 1.176674e+01  5.653681e-03 
 1.176714e+01  5.661909e-03 
 1.176754e+01  5.669524e-03 
 1.176793e+01  5.676518e-03 
 1.176833e+01  5.682881e-03 
 1.176873e+01  5.688611e-03 
 1.176913e+01  5.693719e-03 
 1.176952e+01  5.698198e-03 
 1.176992e+01  5.702058e-03 
 1.177032e+01  5.705295e-03 
 1.177072e+01  5.707919e-03 
 1.177111e+01  5.709930e-03 
 1.177151e+01  5.711331e-03 
 1.177191e+01  5.712123e-03 
 1.177231e+01  5.712306e-03 
 1.177271e+01  5.711875e-03 
 1.177310e+01  5.710832e-03 
 1.177350e+01  5.709166e-03 
 1.177390e+01  5.706879e-03 
 1.177430e+01  5.703969e-03 
 1.177469e+01  5.700430e-03 
 1.177509e+01  5.696267e-03 
 1.177549e+01  5.691484e-03 
 1.177589e+01  5.686075e-03 
 1.177628e+01  5.680039e-03 
 1.177668e+01  5.673384e-03 
 1.177708e+01  5.666109e-03 
 1.177748e+01  5.658217e-03 
 1.177788e+01  5.649722e-03 
 1.177827e+01  5.640632e-03 
 1.177867e+01  5.630965e-03 
 1.177907e+01  5.620731e-03 
 1.177947e+01  5.609943e-03 
 1.177986e+01  5.598597e-03 
 1.178026e+01  5.586697e-03 
 1.178066e+01  5.574243e-03 
 1.178106e+01  5.561234e-03 
 1.178145e+01  5.547674e-03 
 1.178185e+01  5.533559e-03 
 1.178225e+01  5.518879e-03 
 1.178265e+01  5.503622e-03 
 1.178305e+01  5.487789e-03 
 1.178344e+01  5.471358e-03 
 1.178384e+01  5.454327e-03 
 1.178424e+01  5.436694e-03 
 1.178464e+01  5.418450e-03 
 1.178503e+01  5.399616e-03 
 1.178543e+01  5.380204e-03 
 1.178583e+01  5.360225e-03 
 1.178623e+01  5.339698e-03 
 1.178662e+01  5.318649e-03 
 1.178702e+01  5.297101e-03 
 1.178742e+01  5.275083e-03 
 1.178782e+01  5.252631e-03 
 1.178822e+01  5.229766e-03 
 1.178861e+01  5.206517e-03 
 1.178901e+01  5.182909e-03 
 1.178941e+01  5.158970e-03 
 1.178981e+01  5.134704e-03 
 1.179020e+01  5.110126e-03 
 1.179060e+01  5.085255e-03 
 1.179100e+01  5.060099e-03 
 1.179140e+01  5.034675e-03 
 1.179179e+01  5.008994e-03 
 1.179219e+01  4.983070e-03 
 1.179259e+01  4.956915e-03 
 1.179299e+01  4.930547e-03 
 1.179339e+01  4.903988e-03 
 1.179378e+01  4.877265e-03 
 1.179418e+01  4.850399e-03 
 1.179458e+01  4.823419e-03 
 1.179498e+01  4.796341e-03 
 1.179537e+01  4.769199e-03 
 1.179577e+01  4.742003e-03 
 1.179617e+01  4.714772e-03 
 1.179657e+01  4.687515e-03 
 1.179696e+01  4.660256e-03 
 1.179736e+01  4.633007e-03 
 1.179776e+01  4.605783e-03 
 1.179816e+01  4.578600e-03 
 1.179856e+01  4.551467e-03 
 1.179895e+01  4.524396e-03 
 1.179935e+01  4.497392e-03 
 1.179975e+01  4.470463e-03 
 1.180015e+01  4.443623e-03 
 1.180054e+01  4.416883e-03 
 1.180094e+01  4.390260e-03 
 1.180134e+01  4.363778e-03 
 1.180174e+01  4.337460e-03 
 1.180213e+01  4.311319e-03 
 1.180253e+01  4.285384e-03 
 1.180293e+01  4.259680e-03 
 1.180333e+01  4.234240e-03 
 1.180373e+01  4.209089e-03 
 1.180412e+01  4.184259e-03 
 1.180452e+01  4.159783e-03 
 1.180492e+01  4.135690e-03 
 1.180532e+01  4.112013e-03 
 1.180571e+01  4.088786e-03 
 1.180611e+01  4.066025e-03 
 1.180651e+01  4.043755e-03 
 1.180691e+01  4.021991e-03 
 1.180730e+01  4.000750e-03 
 1.180770e+01  3.980047e-03 
 1.180810e+01  3.959886e-03 
 1.180850e+01  3.940269e-03 
 1.180890e+01  3.921204e-03 
 1.180929e+01  3.902709e-03 
 1.180969e+01  3.884785e-03 
 1.181009e+01  3.867445e-03 
 1.181049e+01  3.850687e-03 
 1.181088e+01  3.834533e-03 
 1.181128e+01  3.818972e-03 
 1.181168e+01  3.804024e-03 
 1.181208e+01  3.789694e-03 
 1.181247e+01  3.775994e-03 
 1.181287e+01  3.762944e-03 
 1.181327e+01  3.750564e-03 
 1.181367e+01  3.738867e-03 
 1.181407e+01  3.727858e-03 
 1.181446e+01  3.717556e-03 
 1.181486e+01  3.707958e-03 
 1.181526e+01  3.699064e-03 
 1.181566e+01  3.690878e-03 
 1.181605e+01  3.683399e-03 
 1.181645e+01  3.676611e-03 
 1.181685e+01  3.670517e-03 
 1.181725e+01  3.665113e-03 
 1.181764e+01  3.660386e-03 
 1.181804e+01  3.656329e-03 
 1.181844e+01  3.652929e-03 
 1.181884e+01  3.650180e-03 
 1.181924e+01  3.648071e-03 
 1.181963e+01  3.646598e-03 
 1.182003e+01  3.645763e-03 
 1.182043e+01  3.645573e-03 
 1.182083e+01  3.646037e-03 
 1.182122e+01  3.647158e-03 
 1.182162e+01  3.648943e-03 
 1.182202e+01  3.651408e-03 
 1.182242e+01  3.654548e-03 
 1.182281e+01  3.658365e-03 
 1.182321e+01  3.662868e-03 
 1.182361e+01  3.668046e-03 
 1.182401e+01  3.673884e-03 
 1.182441e+01  3.680375e-03 
 1.182480e+01  3.687506e-03 
 1.182520e+01  3.695271e-03 
 1.182560e+01  3.703654e-03 
 1.182600e+01  3.712633e-03 
 1.182639e+01  3.722200e-03 
 1.182679e+01  3.732348e-03 
 1.182719e+01  3.743066e-03 
 1.182759e+01  3.754338e-03 
 1.182798e+01  3.766166e-03 
 1.182838e+01  3.778538e-03 
 1.182878e+01  3.791452e-03 
 1.182918e+01  3.804906e-03 
 1.182958e+01  3.818908e-03 
 1.182997e+01  3.833462e-03 
 1.183037e+01  3.848549e-03 
 1.183077e+01  3.864179e-03 
 1.183117e+01  3.880344e-03 
 1.183156e+01  3.897032e-03 
 1.183196e+01  3.914235e-03 
 1.183236e+01  3.931937e-03 
 1.183276e+01  3.950131e-03 
 1.183316e+01  3.968810e-03 
 1.183355e+01  3.987954e-03 
 1.183395e+01  4.007541e-03 
 1.183435e+01  4.027554e-03 
 1.183475e+01  4.047964e-03 
 1.183514e+01  4.068741e-03 
 1.183554e+01  4.089869e-03 
 1.183594e+01  4.111320e-03 
 1.183634e+01  4.133079e-03 
 1.183673e+01  4.155122e-03 
 1.183713e+01  4.177439e-03 
 1.183753e+01  4.200013e-03 
 1.183793e+01  4.222828e-03 
 1.183833e+01  4.245867e-03 
 1.183872e+01  4.269115e-03 
 1.183912e+01  4.292568e-03 
 1.183952e+01  4.316218e-03 
 1.183992e+01  4.340059e-03 
 1.184031e+01  4.364084e-03 
 1.184071e+01  4.388287e-03 
 1.184111e+01  4.412653e-03 
 1.184151e+01  4.437171e-03 
 1.184190e+01  4.461827e-03 
 1.184230e+01  4.486606e-03 
 1.184270e+01  4.511493e-03 
 1.184310e+01  4.536468e-03 
 1.184350e+01  4.561510e-03 
 1.184389e+01  4.586606e-03 
 1.184429e+01  4.611738e-03 
 1.184469e+01  4.636887e-03 
 1.184509e+01  4.662042e-03 
 1.184548e+01  4.687199e-03 
 1.184588e+01  4.712340e-03 
 1.184628e+01  4.737455e-03 
 1.184668e+01  4.762544e-03 
 1.184707e+01  4.787595e-03 
 1.184747e+01  4.812604e-03 
 1.184787e+01  4.837564e-03 
 1.184827e+01  4.862471e-03 
 1.184867e+01  4.887317e-03 
 1.184906e+01  4.912097e-03 
 1.184946e+01  4.936805e-03 
 1.184986e+01  4.961414e-03 
 1.185026e+01  4.985908e-03 
 1.185065e+01  5.010260e-03 
 1.185105e+01  5.034446e-03 
 1.185145e+01  5.058440e-03 
 1.185185e+01  5.082222e-03 
 1.185224e+01  5.105761e-03 
 1.185264e+01  5.129030e-03 
 1.185304e+01  5.152015e-03 
 1.185344e+01  5.174695e-03 
 1.185384e+01  5.197053e-03 
 1.185423e+01  5.219077e-03 
 1.185463e+01  5.240758e-03 
 1.185503e+01  5.262091e-03 
 1.185543e+01  5.283072e-03 
 1.185582e+01  5.303698e-03 
 1.185622e+01  5.323976e-03 
 1.185662e+01  5.343892e-03 
 1.185702e+01  5.363448e-03 
 1.185741e+01  5.382643e-03 
 1.185781e+01  5.401469e-03 
 1.185821e+01  5.419906e-03 
 1.185861e+01  5.437946e-03 
 1.185901e+01  5.455577e-03 
 1.185940e+01  5.472766e-03 
 1.185980e+01  5.489513e-03 
 1.186020e+01  5.505786e-03 
 1.186060e+01  5.521567e-03 
 1.186099e+01  5.536851e-03 
 1.186139e+01  5.551623e-03 
 1.186179e+01  5.565865e-03 
 1.186219e+01  5.579557e-03 
 1.186258e+01  5.592701e-03 
 1.186298e+01  5.605271e-03 
 1.186338e+01  5.617256e-03 
 1.186378e+01  5.628648e-03 
 1.186418e+01  5.639455e-03 
 1.186457e+01  5.649676e-03 
 1.186497e+01  5.659313e-03 
 1.186537e+01  5.668368e-03 
 1.186577e+01  5.676845e-03 
 1.186616e+01  5.684738e-03 
 1.186656e+01  5.692040e-03 
 1.186696e+01  5.698748e-03 
 1.186736e+01  5.704855e-03 
 1.186775e+01  5.710347e-03 
 1.186815e+01  5.715227e-03 
 1.186855e+01  5.719486e-03 
 1.186895e+01  5.723120e-03 
 1.186935e+01  5.726112e-03 
 1.186974e+01  5.728450e-03 
 1.187014e+01  5.730125e-03 
 1.187054e+01  5.731116e-03 
 1.187094e+01  5.731428e-03 
 1.187133e+01  5.731056e-03 
 1.187173e+01  5.729997e-03 
 1.187213e+01  5.728255e-03 
 1.187253e+01  5.725831e-03 
 1.187292e+01  5.722733e-03 
 1.187332e+01  5.718963e-03 
 1.187372e+01  5.714528e-03 
 1.187412e+01  5.709430e-03 
 1.187452e+01  5.703668e-03 
 1.187491e+01  5.697251e-03 
 1.187531e+01  5.690186e-03 
 1.187571e+01  5.682469e-03 
 1.187611e+01  5.674106e-03 
 1.187650e+01  5.665089e-03 
 1.187690e+01  5.655413e-03 
 1.187730e+01  5.645073e-03 
 1.187770e+01  5.634058e-03 
 1.187809e+01  5.622366e-03 
 1.187849e+01  5.609987e-03 
 1.187889e+01  5.596926e-03 
 1.187929e+01  5.583184e-03 
 1.187969e+01  5.568764e-03 
 1.188008e+01  5.553673e-03 
 1.188048e+01  5.537922e-03 
 1.188088e+01  5.521534e-03 
 1.188128e+01  5.504528e-03 
 1.188167e+01  5.486928e-03 
 1.188207e+01  5.468751e-03 
 1.188247e+01  5.450034e-03 
 1.188287e+01  5.430799e-03 
 1.188326e+01  5.411081e-03 
 1.188366e+01  5.390895e-03 
 1.188406e+01  5.370263e-03 
 1.188446e+01  5.349207e-03 
 1.188486e+01  5.327745e-03 
 1.188525e+01  5.305892e-03 
 1.188565e+01  5.283650e-03 
 1.188605e+01  5.261030e-03 
 1.188645e+01  5.238038e-03 
 1.188684e+01  5.214677e-03 
 1.188724e+01  5.190965e-03 
 1.188764e+01  5.166910e-03 
 1.188804e+01  5.142534e-03 
 1.188843e+01  5.117838e-03 
 1.188883e+01  5.092846e-03 
 1.188923e+01  5.067573e-03 
 1.188963e+01  5.042039e-03 
 1.189003e+01  5.016257e-03 
 1.189042e+01  4.990244e-03 
 1.189082e+01  4.964023e-03 
 1.189122e+01  4.937614e-03 
 1.189162e+01  4.911035e-03 
 1.189201e+01  4.884303e-03 
 1.189241e+01  4.857429e-03 
 1.189281e+01  4.830435e-03 
 1.189321e+01  4.803337e-03 
 1.189360e+01  4.776142e-03 
 1.189400e+01  4.748866e-03 
 1.189440e+01  4.721514e-03 
 1.189480e+01  4.694108e-03 
 1.189520e+01  4.666668e-03 
 1.189559e+01  4.639212e-03 
 1.189599e+01  4.611755e-03 
 1.189639e+01  4.584320e-03 
 1.189679e+01  4.556923e-03 
 1.189718e+01  4.529591e-03 
 1.189758e+01  4.502356e-03 
 1.189798e+01  4.475241e-03 
 1.189838e+01  4.448267e-03 
 1.189877e+01  4.421472e-03 
 1.189917e+01  4.394885e-03 
 1.189957e+01  4.368538e-03 
 1.189997e+01  4.342463e-03 
 1.190037e+01  4.316692e-03 
 1.190076e+01  4.291249e-03 
 1.190116e+01  4.266155e-03 
 1.190156e+01  4.241431e-03 
 1.190196e+01  4.217092e-03 
 1.190235e+01  4.193147e-03 
 1.190275e+01  4.169610e-03 
 1.190315e+01  4.146492e-03 
 1.190355e+01  4.123806e-03 
 1.190394e+01  4.101551e-03 
 1.190434e+01  4.079737e-03 
 1.190474e+01  4.058369e-03 
 1.190514e+01  4.037445e-03 
 1.190554e+01  4.016970e-03 
 1.190593e+01  3.996943e-03 
 1.190633e+01  3.977374e-03 
 1.190673e+01  3.958279e-03 
 1.190713e+01  3.939665e-03 
 1.190752e+01  3.921556e-03 
 1.190792e+01  3.903977e-03 
 1.190832e+01  3.886925e-03 
 1.190872e+01  3.870430e-03 
 1.190911e+01  3.854509e-03 
 1.190951e+01  3.839165e-03 
 1.190991e+01  3.824414e-03 
 1.191031e+01  3.810269e-03 
 1.191071e+01  3.796734e-03 
 1.191110e+01  3.783820e-03 
 1.191150e+01  3.771524e-03 
 1.191190e+01  3.759851e-03 
 1.191230e+01  3.748791e-03 
 1.191269e+01  3.738342e-03 
 1.191309e+01  3.728504e-03 
 1.191349e+01  3.719273e-03 
 1.191389e+01  3.710646e-03 
 1.191428e+01  3.702627e-03 
 1.191468e+01  3.695209e-03 
 1.191508e+01  3.688402e-03 
 1.191548e+01  3.682212e-03 
 1.191588e+01  3.676644e-03 
 1.191627e+01  3.671718e-03 
 1.191667e+01  3.667443e-03 
 1.191707e+01  3.663836e-03 
 1.191747e+01  3.660898e-03 
 1.191786e+01  3.658636e-03 
 1.191826e+01  3.657049e-03 
 1.191866e+01  3.656138e-03 
 1.191906e+01  3.655902e-03 
 1.191945e+01  3.656335e-03 
 1.191985e+01  3.657430e-03 
 1.192025e+01  3.659181e-03 
 1.192065e+01  3.661577e-03 
 1.192105e+01  3.664613e-03 
 1.192144e+01  3.668281e-03 
 1.192184e+01  3.672565e-03 
 1.192224e+01  3.677455e-03 
 1.192264e+01  3.682952e-03 
 1.192303e+01  3.689053e-03 
 1.192343e+01  3.695761e-03 
 1.192383e+01  3.703074e-03 
 1.192423e+01  3.710992e-03 
 1.192463e+01  3.719511e-03 
 1.192502e+01  3.728643e-03 
 1.192542e+01  3.738380e-03 
 1.192582e+01  3.748712e-03 
 1.192622e+01  3.759645e-03 
 1.192661e+01  3.771182e-03 
 1.192701e+01  3.783317e-03 
 1.192741e+01  3.796045e-03 
 1.192781e+01  3.809359e-03 
 1.192820e+01  3.823247e-03 
 1.192860e+01  3.837686e-03 
 1.192900e+01  3.852658e-03 
 1.192940e+01  3.868146e-03 
 1.192980e+01  3.884126e-03 
 1.193019e+01  3.900573e-03 
 1.193059e+01  3.917470e-03 
 1.193099e+01  3.934801e-03 
 1.193139e+01  3.952543e-03 
 1.193178e+01  3.970682e-03 
 1.193218e+01  3.989195e-03 
 1.193258e+01  4.008073e-03 
 1.193298e+01  4.027306e-03 
 1.193337e+01  4.046877e-03 
 1.193377e+01  4.066790e-03 
 1.193417e+01  4.087040e-03 
 1.193457e+01  4.107627e-03 
 1.193497e+01  4.128552e-03 
 1.193536e+01  4.149812e-03 
 1.193576e+01  4.171404e-03 
 1.193616e+01  4.193318e-03 
 1.193656e+01  4.215544e-03 
 1.193695e+01  4.238076e-03 
 1.193735e+01  4.260904e-03 
 1.193775e+01  4.284006e-03 
 1.193815e+01  4.307368e-03 
 1.193854e+01  4.330981e-03 
 1.193894e+01  4.354832e-03 
 1.193934e+01  4.378909e-03 
 1.193974e+01  4.403190e-03 
 1.194014e+01  4.427667e-03 
 1.194053e+01  4.452320e-03 
 1.194093e+01  4.477137e-03 
 1.194133e+01  4.502107e-03 
 1.194173e+01  4.527221e-03 
 1.194212e+01  4.552465e-03 
 1.194252e+01  4.577838e-03 
 1.194292e+01  4.603329e-03 
 1.194332e+01  4.628933e-03 
 1.194371e+01  4.654637e-03 
 1.194411e+01  4.680425e-03 
 1.194451e+01  4.706276e-03 
 1.194491e+01  4.732169e-03 
 1.194531e+01  4.758085e-03 
 1.194570e+01  4.783998e-03 
 1.194610e+01  4.809881e-03 
 1.194650e+01  4.835707e-03 
 1.194690e+01  4.861449e-03 
 1.194729e+01  4.887076e-03 
 1.194769e+01  4.912554e-03 
 1.194809e+01  4.937855e-03 
 1.194849e+01  4.962962e-03 
 1.194888e+01  4.987856e-03 
 1.194928e+01  5.012519e-03 
 1.194968e+01  5.036947e-03 
 1.195008e+01  5.061132e-03 
 1.195048e+01  5.085069e-03 
 1.195087e+01  5.108754e-03 
 1.195127e+01  5.132192e-03 
 1.195167e+01  5.155383e-03 
 1.195207e+01  5.178315e-03 
 1.195246e+01  5.200986e-03 
 1.195286e+01  5.223393e-03 
 1.195326e+01  5.245518e-03 
 1.195366e+01  5.267349e-03 
 1.195405e+01  5.288869e-03 
 1.195445e+01  5.310070e-03 
 1.195485e+01  5.330928e-03 
 1.195525e+01  5.351426e-03 
 1.195565e+01  5.371555e-03 
 1.195604e+01  5.391295e-03 
 1.195644e+01  5.410619e-03 
 1.195684e+01  5.429507e-03 
 1.195724e+01  5.447946e-03 
 1.195763e+01  5.465912e-03 
 1.195803e+01  5.483398e-03 
 1.195843e+01  5.500394e-03 
 1.195883e+01  5.516893e-03 
 1.195922e+01  5.532892e-03 
 1.195962e+01  5.548383e-03 
 1.196002e+01  5.563356e-03 
 1.196042e+01  5.577801e-03 
 1.196082e+01  5.591713e-03 
 1.196121e+01  5.605079e-03 
 1.196161e+01  5.617887e-03 
 1.196201e+01  5.630126e-03 
 1.196241e+01  5.641791e-03 
 1.196280e+01  5.652877e-03 
 1.196320e+01  5.663373e-03 
 1.196360e+01  5.673255e-03 
 1.196400e+01  5.682521e-03 
 1.196439e+01  5.691148e-03 
 1.196479e+01  5.699116e-03 
 1.196519e+01  5.706419e-03 
 1.196559e+01  5.713039e-03 
 1.196599e+01  5.718968e-03 
 1.196638e+01  5.724208e-03 
 1.196678e+01  5.728749e-03 
 1.196718e+01  5.732590e-03 
 1.196758e+01  5.735727e-03 
 1.196797e+01  5.738161e-03 
 1.196837e+01  5.739896e-03 
 1.196877e+01  5.740941e-03 
 1.196917e+01  5.741296e-03 
 1.196956e+01  5.740965e-03 
 1.196996e+01  5.739949e-03 
 1.197036e+01  5.738253e-03 
 1.197076e+01  5.735875e-03 
 1.197116e+01  5.732812e-03 
 1.197155e+01  5.729059e-03 
 1.197195e+01  5.724608e-03 
 1.197235e+01  5.719465e-03 
 1.197275e+01  5.713613e-03 
 1.197314e+01  5.707052e-03 
 1.197354e+01  5.699776e-03 
 1.197394e+01  5.691781e-03 
 1.197434e+01  5.683068e-03 
 1.197473e+01  5.673640e-03 
 1.197513e+01  5.663503e-03 
 1.197553e+01  5.652660e-03 
 1.197593e+01  5.641123e-03 
 1.197633e+01  5.628914e-03 
 1.197672e+01  5.616049e-03 
 1.197712e+01  5.602548e-03 
 1.197752e+01  5.588437e-03 
 1.197792e+01  5.573738e-03 
 1.197831e+01  5.558481e-03 
 1.197871e+01  5.542687e-03 
 1.197911e+01  5.526375e-03 
 1.197951e+01  5.509552e-03 
 1.197990e+01  5.492224e-03 
 1.198030e+01  5.474404e-03 
 1.198070e+01  5.456097e-03 
 1.198110e+01  5.437317e-03 
 1.198150e+01  5.418055e-03 
 1.198189e+01  5.398318e-03 
 1.198229e+01  5.378116e-03 
 1.198269e+01  5.357467e-03 
 1.198309e+01  5.336372e-03 
 1.198348e+01  5.314833e-03 
 1.198388e+01  5.292863e-03 
 1.198428e+01  5.270467e-03 
 1.198468e+01  5.247666e-03 
 1.198507e+01  5.224487e-03 
 1.198547e+01  5.200933e-03 
 1.198587e+01  5.177033e-03 
 1.198627e+01  5.152800e-03 
 1.198667e+01  5.128251e-03 
 1.198706e+01  5.103408e-03 
 1.198746e+01  5.078285e-03 
 1.198786e+01  5.052887e-03 
 1.198826e+01  5.027230e-03 
 1.198865e+01  5.001335e-03 
 1.198905e+01  4.975215e-03 
 1.198945e+01  4.948884e-03 
 1.198985e+01  4.922366e-03 
 1.199024e+01  4.895669e-03 
 1.199064e+01  4.868819e-03 
 1.199104e+01  4.841829e-03 
 1.199144e+01  4.814732e-03 
 1.199184e+01  4.787538e-03 
 1.199223e+01  4.760267e-03 
 1.199263e+01  4.732947e-03 
 1.199303e+01  4.705600e-03 
 1.199343e+01  4.678255e-03 
 1.199382e+01  4.650943e-03 
 1.199422e+01  4.623691e-03 
 1.199462e+01  4.596533e-03 
 1.199502e+01  4.569498e-03 
 1.199541e+01  4.542612e-03 
 1.199581e+01  4.515899e-03 
 1.199621e+01  4.489375e-03 
 1.199661e+01  4.463063e-03 
 1.199701e+01  4.436987e-03 
 1.199740e+01  4.411163e-03 
 1.199780e+01  4.385608e-03 
 1.199820e+01  4.360336e-03 
 1.199860e+01  4.335353e-03 
 1.199899e+01  4.310656e-03 
 1.199939e+01  4.286246e-03 
 1.199979e+01  4.262128e-03 
 1.200019e+01  4.238305e-03 
 1.200058e+01  4.214781e-03 
 1.200098e+01  4.191575e-03 
 1.200138e+01  4.168701e-03 
 1.200178e+01  4.146172e-03 
 1.200218e+01  4.123995e-03 
 1.200257e+01  4.102192e-03 
 1.200297e+01  4.080782e-03 
 1.200337e+01  4.059787e-03 
 1.200377e+01  4.039223e-03 
 1.200416e+01  4.019105e-03 
 1.200456e+01  3.999461e-03 
 1.200496e+01  3.980306e-03 
 1.200536e+01  3.961650e-03 
 1.200575e+01  3.943507e-03 
 1.200615e+01  3.925870e-03 
 1.200655e+01  3.908759e-03 
 1.200695e+01  3.892174e-03 
 1.200735e+01  3.876118e-03 
 1.200774e+01  3.860609e-03 
 1.200814e+01  3.845634e-03 
 1.200854e+01  3.831189e-03 
 1.200894e+01  3.817281e-03 
 1.200933e+01  3.803912e-03 
 1.200973e+01  3.791086e-03 
 1.201013e+01  3.778821e-03 
 1.201053e+01  3.767128e-03 
 1.201092e+01  3.756030e-03 
 1.201132e+01  3.745537e-03 
 1.201172e+01  3.735665e-03 
 1.201212e+01  3.726429e-03 
 1.201252e+01  3.717828e-03 
 1.201291e+01  3.709874e-03 
 1.201331e+01  3.702576e-03 
 1.201371e+01  3.695940e-03 
 1.201411e+01  3.689972e-03 
 1.201450e+01  3.684672e-03 
 1.201490e+01  3.680040e-03 
 1.201530e+01  3.676070e-03 
 1.201570e+01  3.672745e-03 
 1.201610e+01  3.670063e-03 
 1.201649e+01  3.668016e-03 
 1.201689e+01  3.666599e-03 
 1.201729e+01  3.665807e-03 
 1.201769e+01  3.665643e-03 
 1.201808e+01  3.666099e-03 
 1.201848e+01  3.667175e-03 
 1.201888e+01  3.668871e-03 
 1.201928e+01  3.671184e-03 
 1.201967e+01  3.674115e-03 
 1.202007e+01  3.677671e-03 
 1.202047e+01  3.681856e-03 
 1.202087e+01  3.686666e-03 
 1.202127e+01  3.692094e-03 
 1.202166e+01  3.698151e-03 
 1.202206e+01  3.704831e-03 
 1.202246e+01  3.712130e-03 
 1.202286e+01  3.720039e-03 
 1.202325e+01  3.728545e-03 
 1.202365e+01  3.737635e-03 
 1.202405e+01  3.747299e-03 
 1.202445e+01  3.757529e-03 
 1.202484e+01  3.768303e-03 
 1.202524e+01  3.779599e-03 
 1.202564e+01  3.791413e-03 
 1.202604e+01  3.803721e-03 
 1.202644e+01  3.816524e-03 
 1.202683e+01  3.829812e-03 
 1.202723e+01  3.843561e-03 
 1.202763e+01  3.857758e-03 
 1.202803e+01  3.872398e-03 
 1.202842e+01  3.887495e-03 
 1.202882e+01  3.903045e-03 
 1.202922e+01  3.919055e-03 
 1.202962e+01  3.935530e-03 
 1.203001e+01  3.952482e-03 
 1.203041e+01  3.969909e-03 
 1.203081e+01  3.987803e-03 
 1.203121e+01  4.006171e-03 
 1.203161e+01  4.024994e-03 
 1.203200e+01  4.044266e-03 
 1.203240e+01  4.063990e-03 
 1.203280e+01  4.084154e-03 
 1.203320e+01  4.104749e-03 
 1.203359e+01  4.125763e-03 
 1.203399e+01  4.147172e-03 
 1.203439e+01  4.168960e-03 
 1.203479e+01  4.191103e-03 
 1.203518e+01  4.213581e-03 
 1.203558e+01  4.236381e-03 
 1.203598e+01  4.259490e-03 
 1.203638e+01  4.282897e-03 
 1.203678e+01  4.306595e-03 
 1.203717e+01  4.330568e-03 
 1.203757e+01  4.354804e-03 
 1.203797e+01  4.379284e-03 
 1.203837e+01  4.403998e-03 
 1.203876e+01  4.428936e-03 
 1.203916e+01  4.454079e-03 
 1.203956e+01  4.479405e-03 
 1.203996e+01  4.504898e-03 
 1.204035e+01  4.530527e-03 
 1.204075e+01  4.556272e-03 
 1.204115e+01  4.582106e-03 
 1.204155e+01  4.607997e-03 
 1.204195e+01  4.633924e-03 
 1.204234e+01  4.659861e-03 
 1.204274e+01  4.685786e-03 
 1.204314e+01  4.711679e-03 
 1.204354e+01  4.737519e-03 
 1.204393e+01  4.763289e-03 
 1.204433e+01  4.788976e-03 
 1.204473e+01  4.814577e-03 
 1.204513e+01  4.840087e-03 
 1.204552e+01  4.865503e-03 
 1.204592e+01  4.890828e-03 
 1.204632e+01  4.916062e-03 
 1.204672e+01  4.941200e-03 
 1.204712e+01  4.966236e-03 
 1.204751e+01  4.991158e-03 
 1.204791e+01  5.015953e-03 
 1.204831e+01  5.040616e-03 
 1.204871e+01  5.065139e-03 
 1.204910e+01  5.089508e-03 
 1.204950e+01  5.113707e-03 
 1.204990e+01  5.137716e-03 
 1.205030e+01  5.161515e-03 
 1.205069e+01  5.185076e-03 
 1.205109e+01  5.208377e-03 
 1.205149e+01  5.231393e-03 
 1.205189e+01  5.254098e-03 
 1.205229e+01  5.276477e-03 
 1.205268e+01  5.298509e-03 
 1.205308e+01  5.320182e-03 
 1.205348e+01  5.341478e-03 
 1.205388e+01  5.362377e-03 
 1.205427e+01  5.382852e-03 
 1.205467e+01  5.402900e-03 
 1.205507e+01  5.422506e-03 
 1.205547e+01  5.441653e-03 
 1.205586e+01  5.460330e-03 
 1.205626e+01  5.478535e-03 
 1.205666e+01  5.496240e-03 
 1.205706e+01  5.513455e-03 
 1.205746e+01  5.530152e-03 
 1.205785e+01  5.546326e-03 
 1.205825e+01  5.561955e-03 
 1.205865e+01  5.577032e-03 
 1.205905e+01  5.591544e-03 
 1.205944e+01  5.605463e-03 
 1.205984e+01  5.618781e-03 
 1.206024e+01  5.631466e-03 
 1.206064e+01  5.643504e-03 
 1.206103e+01  5.654892e-03 
 1.206143e+01  5.665618e-03 
 1.206183e+01  5.675678e-03 
 1.206223e+01  5.685078e-03 
 1.206263e+01  5.693804e-03 
 1.206302e+01  5.701861e-03 
 1.206342e+01  5.709247e-03 
 1.206382e+01  5.715952e-03 
 1.206422e+01  5.721988e-03 
 1.206461e+01  5.727353e-03 
 1.206501e+01  5.732051e-03 
 1.206541e+01  5.736080e-03 
 1.206581e+01  5.739442e-03 
 1.206620e+01  5.742132e-03 
 1.206660e+01  5.744137e-03 
 1.206700e+01  5.745440e-03 
 1.206740e+01  5.746042e-03 
 1.206780e+01  5.745929e-03 
 1.206819e+01  5.745099e-03 
 1.206859e+01  5.743543e-03 
 1.206899e+01  5.741250e-03 
 1.206939e+01  5.738211e-03 
 1.206978e+01  5.734423e-03 
 1.207018e+01  5.729893e-03 
 1.207058e+01  5.724620e-03 
 1.207098e+01  5.718614e-03 
 1.207137e+01  5.711885e-03 
 1.207177e+01  5.704442e-03 
 1.207217e+01  5.696315e-03 
 1.207257e+01  5.687511e-03 
 1.207297e+01  5.678046e-03 
 1.207336e+01  5.667937e-03 
 1.207376e+01  5.657192e-03 
 1.207416e+01  5.645832e-03 
 1.207456e+01  5.633870e-03 
 1.207495e+01  5.621316e-03 
 1.207535e+01  5.608173e-03 
 1.207575e+01  5.594440e-03 
 1.207615e+01  5.580122e-03 
 1.207654e+01  5.565219e-03 
 1.207694e+01  5.549742e-03 
 1.207734e+01  5.533690e-03 
 1.207774e+01  5.517065e-03 
 1.207814e+01  5.499872e-03 
 1.207853e+01  5.482115e-03 
 1.207893e+01  5.463798e-03 
 1.207933e+01  5.444931e-03 
 1.207973e+01  5.425522e-03 
 1.208012e+01  5.405586e-03 
 1.208052e+01  5.385154e-03 
 1.208092e+01  5.364242e-03 
 1.208132e+01  5.342871e-03 
 1.208171e+01  5.321059e-03 
 1.208211e+01  5.298810e-03 
 1.208251e+01  5.276146e-03 
 1.208291e+01  5.253073e-03 
 1.208331e+01  5.229613e-03 
 1.208370e+01  5.205787e-03 
 1.208410e+01  5.181623e-03 
 1.208450e+01  5.157134e-03 
 1.208490e+01  5.132351e-03 
 1.208529e+01  5.107285e-03 
 1.208569e+01  5.081949e-03 
 1.208609e+01  5.056361e-03 
 1.208649e+01  5.030541e-03 
 1.208688e+01  5.004509e-03 
 1.208728e+01  4.978290e-03 
 1.208768e+01  4.951909e-03 
 1.208808e+01  4.925401e-03 
 1.208848e+01  4.898792e-03 
 1.208887e+01  4.872105e-03 
 1.208927e+01  4.845365e-03 
 1.208967e+01  4.818601e-03 
 1.209007e+01  4.791844e-03 
 1.209046e+01  4.765120e-03 
 1.209086e+01  4.738454e-03 
 1.209126e+01  4.711866e-03 
 1.209166e+01  4.685370e-03 
 1.209205e+01  4.658985e-03 
 1.209245e+01  4.632725e-03 
 1.209285e+01  4.606595e-03 
 1.209325e+01  4.580595e-03 
 1.209365e+01  4.554737e-03 
 1.209404e+01  4.529017e-03 
 1.209444e+01  4.503441e-03 
 1.209484e+01  4.478006e-03 
 1.209524e+01  4.452716e-03 
 1.209563e+01  4.427570e-03 
 1.209603e+01  4.402574e-03 
 1.209643e+01  4.377743e-03 
 1.209683e+01  4.353095e-03 
 1.209722e+01  4.328640e-03 
 1.209762e+01  4.304394e-03 
 1.209802e+01  4.280380e-03 
 1.209842e+01  4.256618e-03 
 1.209882e+01  4.233133e-03 
 1.209921e+01  4.209944e-03 
 1.209961e+01  4.187077e-03 
 1.210001e+01  4.164554e-03 
 1.210041e+01  4.142399e-03 
 1.210080e+01  4.120630e-03 
 1.210120e+01  4.099272e-03 
 1.210160e+01  4.078332e-03 
 1.210200e+01  4.057819e-03 
 1.210239e+01  4.037746e-03 
 1.210279e+01  4.018121e-03 
 1.210319e+01  3.998947e-03 
 1.210359e+01  3.980234e-03 
 1.210399e+01  3.961996e-03 
 1.210438e+01  3.944239e-03 
 1.210478e+01  3.926975e-03 
 1.210518e+01  3.910211e-03 
 1.210558e+01  3.893973e-03 
 1.210597e+01  3.878272e-03 
 1.210637e+01  3.863130e-03 
 1.210677e+01  3.848555e-03 
 1.210717e+01  3.834560e-03 
 1.210757e+01  3.821158e-03 
 1.210796e+01  3.808356e-03 
 1.210836e+01  3.796163e-03 
 1.210876e+01  3.784584e-03 
 1.210916e+01  3.773618e-03 
 1.210955e+01  3.763266e-03 
 1.210995e+01  3.753523e-03 
 1.211035e+01  3.744381e-03 
 1.211075e+01  3.735828e-03 
 1.211114e+01  3.727850e-03 
 1.211154e+01  3.720436e-03 
 1.211194e+01  3.713586e-03 
 1.211234e+01  3.707291e-03 
 1.211274e+01  3.701551e-03 
 1.211313e+01  3.696367e-03 
 1.211353e+01  3.691747e-03 
 1.211393e+01  3.687694e-03 
 1.211433e+01  3.684210e-03 
 1.211472e+01  3.681303e-03 
 1.211512e+01  3.678971e-03 
 1.211552e+01  3.677220e-03 
 1.211592e+01  3.676068e-03 
 1.211631e+01  3.675524e-03 
 1.211671e+01  3.675592e-03 
 1.211711e+01  3.676278e-03 
 1.211751e+01  3.677580e-03 
 1.211791e+01  3.679499e-03 
 1.211830e+01  3.682028e-03 
 1.211870e+01  3.685173e-03 
 1.211910e+01  3.688928e-03 
 1.211950e+01  3.693283e-03 
 1.211989e+01  3.698235e-03 
 1.212029e+01  3.703778e-03 
 1.212069e+01  3.709900e-03 
 1.212109e+01  3.716594e-03 
 1.212148e+01  3.723851e-03 
 1.212188e+01  3.731655e-03 
 1.212228e+01  3.740008e-03 
 1.212268e+01  3.748908e-03 
 1.212308e+01  3.758354e-03 
 1.212347e+01  3.768350e-03 
 1.212387e+01  3.778894e-03 
 1.212427e+01  3.789989e-03 
 1.212467e+01  3.801637e-03 
 1.212506e+01  3.813842e-03 
 1.212546e+01  3.826613e-03 
 1.212586e+01  3.839945e-03 
 1.212626e+01  3.853840e-03 
 1.212665e+01  3.868290e-03 
 1.212705e+01  3.883289e-03 
 1.212745e+01  3.898837e-03 
 1.212785e+01  3.914918e-03 
 1.212825e+01  3.931521e-03 
 1.212864e+01  3.948636e-03 
 1.212904e+01  3.966245e-03 
 1.212944e+01  3.984336e-03 
 1.212984e+01  4.002896e-03 
 1.213023e+01  4.021905e-03 
 1.213063e+01  4.041345e-03 
 1.213103e+01  4.061209e-03 
 1.213143e+01  4.081486e-03 
 1.213182e+01  4.102175e-03 
 1.213222e+01  4.123268e-03 
 1.213262e+01  4.144757e-03 
 1.213302e+01  4.166637e-03 
 1.213342e+01  4.188886e-03 
 1.213381e+01  4.211497e-03 
 1.213421e+01  4.234458e-03 
 1.213461e+01  4.257752e-03 
 1.213501e+01  4.281357e-03 
 1.213540e+01  4.305260e-03 
 1.213580e+01  4.329448e-03 
 1.213620e+01  4.353896e-03 
 1.213660e+01  4.378589e-03 
 1.213699e+01  4.403495e-03 
 1.213739e+01  4.428588e-03 
 1.213779e+01  4.453846e-03 
 1.213819e+01  4.479248e-03 
 1.213859e+01  4.504778e-03 
 1.213898e+01  4.530419e-03 
 1.213938e+01  4.556163e-03 
 1.213978e+01  4.581998e-03 
 1.214018e+01  4.607921e-03 
 1.214057e+01  4.633931e-03 
 1.214097e+01  4.660021e-03 
 1.214137e+01  4.686183e-03 
 1.214177e+01  4.712419e-03 
 1.214216e+01  4.738717e-03 
 1.214256e+01  4.765074e-03 
 1.214296e+01  4.791483e-03 
 1.214336e+01  4.817932e-03 
 1.214376e+01  4.844406e-03 
 1.214415e+01  4.870887e-03 
 1.214455e+01  4.897358e-03 
 1.214495e+01  4.923796e-03 
 1.214535e+01  4.950177e-03 
 1.214574e+01  4.976472e-03 
 1.214614e+01  5.002650e-03 
 1.214654e+01  5.028685e-03 
 1.214694e+01  5.054549e-03 
 1.214733e+01  5.080222e-03 
 1.214773e+01  5.105680e-03 
 1.214813e+01  5.130893e-03 
 1.214853e+01  5.155840e-03 
 1.214893e+01  5.180497e-03 
 1.214932e+01  5.204846e-03 
 1.214972e+01  5.228860e-03 
 1.215012e+01  5.252519e-03 
 1.215052e+01  5.275806e-03 
 1.215091e+01  5.298699e-03 
 1.215131e+01  5.321187e-03 
 1.215171e+01  5.343268e-03 
 1.215211e+01  5.364913e-03 
 1.215250e+01  5.386108e-03 
 1.215290e+01  5.406836e-03 
 1.215330e+01  5.427075e-03 
 1.215370e+01  5.446809e-03 
 1.215410e+01  5.466019e-03 
 1.215449e+01  5.484695e-03 
 1.215489e+01  5.502805e-03 
 1.215529e+01  5.520350e-03 
 1.215569e+01  5.537305e-03 
 1.215608e+01  5.553654e-03 
 1.215648e+01  5.569394e-03 
 1.215688e+01  5.584507e-03 
 1.215728e+01  5.598998e-03 
 1.215767e+01  5.612864e-03 
 1.215807e+01  5.626104e-03 
 1.215847e+01  5.638708e-03 
 1.215887e+01  5.650668e-03 
 1.215927e+01  5.661998e-03 
 1.215966e+01  5.672690e-03 
 1.216006e+01  5.682748e-03 
 1.216046e+01  5.692167e-03 
 1.216086e+01  5.700956e-03 
 1.216125e+01  5.709099e-03 
 1.216165e+01  5.716586e-03 
 1.216205e+01  5.723405e-03 
 1.216245e+01  5.729541e-03 
 1.216284e+01  5.734982e-03 
 1.216324e+01  5.739714e-03 
 1.216364e+01  5.743716e-03 
 1.216404e+01  5.746986e-03 
 1.216444e+01  5.749513e-03 
 1.216483e+01  5.751289e-03 
 1.216523e+01  5.752308e-03 
 1.216563e+01  5.752567e-03 
 1.216603e+01  5.752060e-03 
 1.216642e+01  5.750794e-03 
 1.216682e+01  5.748780e-03 
 1.216722e+01  5.746024e-03 
 1.216762e+01  5.742540e-03 
 1.216801e+01  5.738341e-03 
 1.216841e+01  5.733443e-03 
 1.216881e+01  5.727852e-03 
 1.216921e+01  5.721583e-03 
 1.216961e+01  5.714642e-03 
 1.217000e+01  5.707026e-03 
 1.217040e+01  5.698746e-03 
 1.217080e+01  5.689809e-03 
 1.217120e+01  5.680214e-03 
 1.217159e+01  5.669968e-03 
 1.217199e+01  5.659066e-03 
 1.217239e+01  5.647503e-03 
 1.217279e+01  5.635293e-03 
 1.217318e+01  5.622438e-03 
 1.217358e+01  5.608946e-03 
 1.217398e+01  5.594817e-03 
 1.217438e+01  5.580068e-03 
 1.217478e+01  5.564717e-03 
 1.217517e+01  5.548783e-03 
 1.217557e+01  5.532294e-03 
 1.217597e+01  5.515261e-03 
 1.217637e+01  5.497693e-03 
 1.217676e+01  5.479611e-03 
 1.217716e+01  5.461042e-03 
 1.217756e+01  5.441996e-03 
 1.217796e+01  5.422497e-03 
 1.217835e+01  5.402557e-03 
 1.217875e+01  5.382188e-03 
 1.217915e+01  5.361417e-03 
 1.217955e+01  5.340259e-03 
 1.217995e+01  5.318720e-03 
 1.218034e+01  5.296815e-03 
 1.218074e+01  5.274555e-03 
 1.218114e+01  5.251950e-03 
 1.218154e+01  5.229016e-03 
 1.218193e+01  5.205776e-03 
 1.218233e+01  5.182245e-03 
 1.218273e+01  5.158442e-03 
 1.218313e+01  5.134384e-03 
 1.218352e+01  5.110093e-03 
 1.218392e+01  5.085594e-03 
 1.218432e+01  5.060911e-03 
 1.218472e+01  5.036058e-03 
 1.218512e+01  5.011062e-03 
 1.218551e+01  4.985940e-03 
 1.218591e+01  4.960716e-03 
 1.218631e+01  4.935411e-03 
 1.218671e+01  4.910041e-03 
 1.218710e+01  4.884626e-03 
 1.218750e+01  4.859164e-03 
 1.218790e+01  4.833671e-03 
 1.218830e+01  4.808156e-03 
 1.218869e+01  4.782617e-03 
 1.218909e+01  4.757062e-03 
 1.218949e+01  4.731494e-03 
 1.218989e+01  4.705909e-03 
 1.219029e+01  4.680315e-03 
 1.219068e+01  4.654721e-03 
 1.219108e+01  4.629142e-03 
 1.219148e+01  4.603585e-03 
 1.219188e+01  4.578071e-03 
 1.219227e+01  4.552613e-03 
 1.219267e+01  4.527230e-03 
 1.219307e+01  4.501944e-03 
 1.219347e+01  4.476782e-03 
 1.219386e+01  4.451771e-03 
 1.219426e+01  4.426935e-03 
 1.219466e+01  4.402295e-03 
 1.219506e+01  4.377888e-03 
 1.219546e+01  4.353730e-03 
 1.219585e+01  4.329838e-03 
 1.219625e+01  4.306225e-03 
 1.219665e+01  4.282917e-03 
 1.219705e+01  4.259916e-03 
 1.219744e+01  4.237229e-03 
 1.219784e+01  4.214870e-03 
 1.219824e+01  4.192847e-03 
 1.219864e+01  4.171161e-03 
 1.219903e+01  4.149822e-03 
 1.219943e+01  4.128846e-03 
 1.219983e+01  4.108245e-03 
 1.220023e+01  4.088026e-03 
 1.220063e+01  4.068199e-03 
 1.220102e+01  4.048782e-03 
 1.220142e+01  4.029780e-03 
 1.220182e+01  4.011211e-03 
 1.220222e+01  3.993080e-03 
 1.220261e+01  3.975408e-03 
 1.220301e+01  3.958193e-03 
 1.220341e+01  3.941452e-03 
 1.220381e+01  3.925183e-03 
 1.220421e+01  3.909387e-03 
 1.220460e+01  3.894067e-03 
 1.220500e+01  3.879220e-03 
 1.220540e+01  3.864835e-03 
 1.220580e+01  3.850915e-03 
 1.220619e+01  3.837452e-03 
 1.220659e+01  3.824456e-03 
 1.220699e+01  3.811912e-03 
 1.220739e+01  3.799825e-03 
 1.220778e+01  3.788201e-03 
 1.220818e+01  3.777044e-03 
 1.220858e+01  3.766368e-03 
 1.220898e+01  3.756179e-03 
 1.220938e+01  3.746497e-03 
 1.220977e+01  3.737327e-03 
 1.221017e+01  3.728685e-03 
 1.221057e+01  3.720590e-03 
 1.221097e+01  3.713049e-03 
 1.221136e+01  3.706078e-03 
 1.221176e+01  3.699686e-03 
 1.221216e+01  3.693888e-03 
 1.221256e+01  3.688700e-03 
 1.221295e+01  3.684123e-03 
 1.221335e+01  3.680170e-03 
 1.221375e+01  3.676835e-03 
 1.221415e+01  3.674128e-03 
 1.221455e+01  3.672047e-03 
 1.221494e+01  3.670592e-03 
 1.221534e+01  3.669765e-03 
 1.221574e+01  3.669560e-03 
 1.221614e+01  3.669970e-03 
 1.221653e+01  3.670994e-03 
 1.221693e+01  3.672634e-03 
 1.221733e+01  3.674891e-03 
 1.221773e+01  3.677758e-03 
 1.221812e+01  3.681238e-03 
 1.221852e+01  3.685335e-03 
 1.221892e+01  3.690056e-03 
 1.221932e+01  3.695402e-03 
 1.221972e+01  3.701384e-03 
 1.222011e+01  3.708009e-03 
 1.222051e+01  3.715279e-03 
 1.222091e+01  3.723200e-03 
 1.222131e+01  3.731775e-03 
 1.222170e+01  3.741000e-03 
 1.222210e+01  3.750871e-03 
 1.222250e+01  3.761384e-03 
 1.222290e+01  3.772533e-03 
 1.222329e+01  3.784314e-03 
 1.222369e+01  3.796715e-03 
 1.222409e+01  3.809722e-03 
 1.222449e+01  3.823327e-03 
 1.222489e+01  3.837505e-03 
 1.222528e+01  3.852245e-03 
 1.222568e+01  3.867534e-03 
 1.222608e+01  3.883363e-03 
 1.222648e+01  3.899732e-03 
 1.222687e+01  3.916638e-03 
 1.222727e+01  3.934073e-03 
 1.222767e+01  3.952033e-03 
 1.222807e+01  3.970516e-03 
 1.222846e+01  3.989505e-03 
 1.222886e+01  4.008993e-03 
 1.222926e+01  4.028970e-03 
 1.222966e+01  4.049428e-03 
 1.223006e+01  4.070366e-03 
 1.223045e+01  4.091768e-03 
 1.223085e+01  4.113617e-03 
 1.223125e+01  4.135897e-03 
 1.223165e+01  4.158583e-03 
 1.223204e+01  4.181651e-03 
 1.223244e+01  4.205080e-03 
 1.223284e+01  4.228848e-03 
 1.223324e+01  4.252942e-03 
 1.223363e+01  4.277345e-03 
 1.223403e+01  4.302036e-03 
 1.223443e+01  4.327010e-03 
 1.223483e+01  4.352254e-03 
 1.223523e+01  4.377756e-03 
 1.223562e+01  4.403506e-03 
 1.223602e+01  4.429502e-03 
 1.223642e+01  4.455729e-03 
 1.223682e+01  4.482179e-03 
 1.223721e+01  4.508847e-03 
 1.223761e+01  4.535722e-03 
 1.223801e+01  4.562790e-03 
 1.223841e+01  4.590037e-03 
 1.223880e+01  4.617448e-03 
 1.223920e+01  4.645001e-03 
 1.223960e+01  4.672670e-03 
 1.224000e+01  4.700423e-03 
 1.224040e+01  4.728241e-03 
 1.224079e+01  4.756085e-03 
 1.224119e+01  4.783929e-03 
 1.224159e+01  4.811744e-03 
 1.224199e+01  4.839507e-03 
 1.224238e+01  4.867185e-03 
 1.224278e+01  4.894750e-03 
 1.224318e+01  4.922173e-03 
 1.224358e+01  4.949423e-03 
 1.224397e+01  4.976470e-03 
 1.224437e+01  5.003287e-03 
 1.224477e+01  5.029854e-03 
 1.224517e+01  5.056157e-03 
 1.224557e+01  5.082178e-03 
 1.224596e+01  5.107905e-03 
 1.224636e+01  5.133316e-03 
 1.224676e+01  5.158398e-03 
 1.224716e+01  5.183129e-03 
 1.224755e+01  5.207500e-03 
 1.224795e+01  5.231498e-03 
 1.224835e+01  5.255106e-03 
 1.224875e+01  5.278305e-03 
 1.224914e+01  5.301073e-03 
 1.224954e+01  5.323401e-03 
 1.224994e+01  5.345273e-03 
 1.225034e+01  5.366666e-03 
 1.225074e+01  5.387569e-03 
 1.225113e+01  5.407964e-03 
 1.225153e+01  5.427843e-03 
 1.225193e+01  5.447182e-03 
 1.225233e+01  5.465993e-03 
 1.225272e+01  5.484256e-03 
 1.225312e+01  5.501963e-03 
 1.225352e+01  5.519113e-03 
 1.225392e+01  5.535707e-03 
 1.225431e+01  5.551739e-03 
 1.225471e+01  5.567204e-03 
 1.225511e+01  5.582120e-03 
 1.225551e+01  5.596464e-03 
 1.225591e+01  5.610222e-03 
 1.225630e+01  5.623383e-03 
 1.225670e+01  5.635936e-03 
 1.225710e+01  5.647853e-03 
 1.225750e+01  5.659124e-03 
 1.225789e+01  5.669727e-03 
 1.225829e+01  5.679649e-03 
 1.225869e+01  5.688871e-03 
 1.225909e+01  5.697372e-03 
 1.225948e+01  5.705143e-03 
 1.225988e+01  5.712161e-03 
 1.226028e+01  5.718431e-03 
 1.226068e+01  5.723940e-03 
 1.226108e+01  5.728685e-03 
 1.226147e+01  5.732679e-03 
 1.226187e+01  5.735919e-03 
 1.226227e+01  5.738416e-03 
 1.226267e+01  5.740179e-03 
 1.226306e+01  5.741216e-03 
 1.226346e+01  5.741544e-03 
 1.226386e+01  5.741173e-03 
 1.226426e+01  5.740109e-03 
 1.226465e+01  5.738361e-03 
 1.226505e+01  5.735936e-03 
 1.226545e+01  5.732839e-03 
 1.226585e+01  5.729071e-03 
 1.226625e+01  5.724640e-03 
 1.226664e+01  5.719550e-03 
 1.226704e+01  5.713798e-03 
 1.226744e+01  5.707391e-03 
 1.226784e+01  5.700327e-03 
 1.226823e+01  5.692603e-03 
 1.226863e+01  5.684237e-03 
 1.226903e+01  5.675232e-03 
 1.226943e+01  5.665601e-03 
 1.226982e+01  5.655358e-03 
 1.227022e+01  5.644513e-03 
 1.227062e+01  5.633082e-03 
 1.227102e+01  5.621087e-03 
 1.227142e+01  5.608548e-03 
 1.227181e+01  5.595471e-03 
 1.227221e+01  5.581874e-03 
 1.227261e+01  5.567776e-03 
 1.227301e+01  5.553183e-03 
 1.227340e+01  5.538114e-03 
 1.227380e+01  5.522577e-03 
 1.227420e+01  5.506577e-03 
 1.227460e+01  5.490124e-03 
 1.227499e+01  5.473233e-03 
 1.227539e+01  5.455910e-03 
 1.227579e+01  5.438154e-03 
 1.227619e+01  5.419976e-03 
 1.227659e+01  5.401380e-03 
 1.227698e+01  5.382379e-03 
 1.227738e+01  5.362982e-03 
 1.227778e+01  5.343204e-03 
 1.227818e+01  5.323058e-03 
 1.227857e+01  5.302559e-03 
 1.227897e+01  5.281736e-03 
 1.227937e+01  5.260604e-03 
 1.227977e+01  5.239175e-03 
 1.228016e+01  5.217467e-03 
 1.228056e+01  5.195492e-03 
 1.228096e+01  5.173275e-03 
 1.228136e+01  5.150833e-03 
 1.228176e+01  5.128173e-03 
 1.228215e+01  5.105315e-03 
 1.228255e+01  5.082266e-03 
 1.228295e+01  5.059035e-03 
 1.228335e+01  5.035625e-03 
 1.228374e+01  5.012049e-03 
 1.228414e+01  4.988300e-03 
 1.228454e+01  4.964375e-03 
 1.228494e+01  4.940283e-03 
 1.228533e+01  4.916031e-03 
 1.228573e+01  4.891626e-03 
 1.228613e+01  4.867072e-03 
 1.228653e+01  4.842387e-03 
 1.228693e+01  4.817582e-03 
 1.228732e+01  4.792671e-03 
 1.228772e+01  4.767678e-03 
 1.228812e+01  4.742610e-03 
 1.228852e+01  4.717491e-03 
 1.228891e+01  4.692340e-03 
 1.228931e+01  4.667180e-03 
 1.228971e+01  4.642040e-03 
 1.229011e+01  4.616945e-03 
 1.229050e+01  4.591906e-03 
 1.229090e+01  4.566936e-03 
 1.229130e+01  4.542053e-03 
 1.229170e+01  4.517270e-03 
 1.229210e+01  4.492600e-03 
 1.229249e+01  4.468049e-03 
 1.229289e+01  4.443632e-03 
 1.229329e+01  4.419358e-03 
 1.229369e+01  4.395243e-03 
 1.229408e+01  4.371297e-03 
 1.229448e+01  4.347530e-03 
 1.229488e+01  4.323957e-03 
 1.229528e+01  4.300578e-03 
 1.229568e+01  4.277411e-03 
 1.229607e+01  4.254477e-03 
 1.229647e+01  4.231790e-03 
 1.229687e+01  4.209371e-03 
 1.229727e+01  4.187241e-03 
 1.229766e+01  4.165419e-03 
 1.229806e+01  4.143915e-03 
 1.229846e+01  4.122740e-03 
 1.229886e+01  4.101914e-03 
 1.229925e+01  4.081443e-03 
 1.229965e+01  4.061326e-03 
 1.230005e+01  4.041580e-03 
 1.230045e+01  4.022204e-03 
 1.230085e+01  4.003192e-03 
 1.230124e+01  3.984545e-03 
 1.230164e+01  3.966276e-03 
 1.230204e+01  3.948385e-03 
 1.230244e+01  3.930879e-03 
 1.230283e+01  3.913765e-03 
 1.230323e+01  3.897051e-03 
 1.230363e+01  3.880754e-03 
 1.230403e+01  3.864881e-03 
 1.230442e+01  3.849458e-03 
 1.230482e+01  3.834483e-03 
 1.230522e+01  3.819976e-03 
 1.230562e+01  3.805968e-03 
 1.230602e+01  3.792466e-03 
 1.230641e+01  3.779505e-03 
 1.230681e+01  3.767092e-03 
 1.230721e+01  3.755256e-03 
 1.230761e+01  3.744003e-03 
 1.230800e+01  3.733347e-03 
 1.230840e+01  3.723299e-03 
 1.230880e+01  3.713863e-03 
 1.230920e+01  3.705046e-03 
 1.230959e+01  3.696858e-03 
 1.230999e+01  3.689303e-03 
 1.231039e+01  3.682391e-03 
 1.231079e+01  3.676125e-03 
 1.231119e+01  3.670510e-03 
 1.231158e+01  3.665543e-03 
 1.231198e+01  3.661234e-03 
 1.231238e+01  3.657574e-03 
 1.231278e+01  3.654576e-03 
 1.231317e+01  3.652243e-03 
 1.231357e+01  3.650578e-03 
 1.231397e+01  3.649591e-03 
 1.231437e+01  3.649287e-03 
 1.231476e+01  3.649681e-03 
 1.231516e+01  3.650775e-03 
 1.231556e+01  3.652578e-03 
 1.231596e+01  3.655089e-03 
 1.231636e+01  3.658312e-03 
 1.231675e+01  3.662250e-03 
 1.231715e+01  3.666892e-03 
 1.231755e+01  3.672238e-03 
 1.231795e+01  3.678283e-03 
 1.231834e+01  3.685014e-03 
 1.231874e+01  3.692436e-03 
 1.231914e+01  3.700532e-03 
 1.231954e+01  3.709288e-03 
 1.231993e+01  3.718686e-03 
 1.232033e+01  3.728717e-03 
 1.232073e+01  3.739371e-03 
 1.232113e+01  3.750652e-03 
 1.232153e+01  3.762545e-03 
 1.232192e+01  3.775048e-03 
 1.232232e+01  3.788162e-03 
 1.232272e+01  3.801897e-03 
 1.232312e+01  3.816242e-03 
 1.232351e+01  3.831198e-03 
 1.232391e+01  3.846764e-03 
 1.232431e+01  3.862931e-03 
 1.232471e+01  3.879698e-03 
 1.232510e+01  3.897069e-03 
 1.232550e+01  3.915045e-03 
 1.232590e+01  3.933609e-03 
 1.232630e+01  3.952750e-03 
 1.232670e+01  3.972450e-03 
 1.232709e+01  3.992694e-03 
 1.232749e+01  4.013462e-03 
 1.232789e+01  4.034729e-03 
 1.232829e+01  4.056475e-03 
 1.232868e+01  4.078685e-03 
 1.232908e+01  4.101348e-03 
 1.232948e+01  4.124443e-03 
 1.232988e+01  4.147953e-03 
 1.233027e+01  4.171869e-03 
 1.233067e+01  4.196175e-03 
 1.233107e+01  4.220862e-03 
 1.233147e+01  4.245916e-03 
 1.233187e+01  4.271320e-03 
 1.233226e+01  4.297060e-03 
 1.233266e+01  4.323123e-03 
 1.233306e+01  4.349486e-03 
 1.233346e+01  4.376131e-03 
 1.233385e+01  4.403037e-03 
 1.233425e+01  4.430176e-03 
 1.233465e+01  4.457520e-03 
 1.233505e+01  4.485048e-03 
 1.233544e+01  4.512723e-03 
 1.233584e+01  4.540512e-03 
 1.233624e+01  4.568381e-03 
 1.233664e+01  4.596293e-03 
 1.233704e+01  4.624224e-03 
 1.233743e+01  4.652143e-03 
 1.233783e+01  4.680020e-03 
 1.233823e+01  4.707838e-03 
 1.233863e+01  4.735571e-03 
 1.233902e+01  4.763199e-03 
 1.233942e+01  4.790704e-03 
 1.233982e+01  4.818069e-03 
 1.234022e+01  4.845273e-03 
 1.234061e+01  4.872295e-03 
 1.234101e+01  4.899140e-03 
 1.234141e+01  4.925793e-03 
 1.234181e+01  4.952237e-03 
 1.234221e+01  4.978459e-03 
 1.234260e+01  5.004450e-03 
 1.234300e+01  5.030196e-03 
 1.234340e+01  5.055676e-03 
 1.234380e+01  5.080879e-03 
 1.234419e+01  5.105787e-03 
 1.234459e+01  5.130379e-03 
 1.234499e+01  5.154641e-03 
 1.234539e+01  5.178557e-03 
 1.234578e+01  5.202109e-03 
 1.234618e+01  5.225275e-03 
 1.234658e+01  5.248036e-03 
 1.234698e+01  5.270379e-03 
 1.234738e+01  5.292290e-03 
 1.234777e+01  5.313763e-03 
 1.234817e+01  5.334786e-03 
 1.234857e+01  5.355354e-03 
 1.234897e+01  5.375462e-03 
 1.234936e+01  5.395107e-03 
 1.234976e+01  5.414280e-03 
 1.235016e+01  5.432962e-03 
 1.235056e+01  5.451164e-03 
 1.235095e+01  5.468860e-03 
 1.235135e+01  5.486043e-03 
 1.235175e+01  5.502696e-03 
 1.235215e+01  5.518804e-03 
 1.235255e+01  5.534343e-03 
 1.235294e+01  5.549302e-03 
 1.235334e+01  5.563665e-03 
 1.235374e+01  5.577419e-03 
 1.235414e+01  5.590543e-03 
 1.235453e+01  5.603024e-03 
 1.235493e+01  5.614842e-03 
 1.235533e+01  5.625993e-03 
 1.235573e+01  5.636476e-03 
 1.235612e+01  5.646280e-03 
 1.235652e+01  5.655404e-03 
 1.235692e+01  5.663858e-03 
 1.235732e+01  5.671650e-03 
 1.235772e+01  5.678787e-03 
 1.235811e+01  5.685278e-03 
 1.235851e+01  5.691135e-03 
 1.235891e+01  5.696369e-03 
 1.235931e+01  5.700981e-03 
 1.235970e+01  5.704965e-03 
 1.236010e+01  5.708334e-03 
 1.236050e+01  5.711086e-03 
 1.236090e+01  5.713215e-03 
 1.236129e+01  5.714721e-03 
 1.236169e+01  5.715604e-03 
 1.236209e+01  5.715862e-03 
 1.236249e+01  5.715490e-03 
 1.236289e+01  5.714492e-03 
 1.236328e+01  5.712868e-03 
 1.236368e+01  5.710606e-03 
 1.236408e+01  5.707712e-03 
 1.236448e+01  5.704200e-03 
 1.236487e+01  5.700077e-03 
 1.236527e+01  5.695346e-03 
 1.236567e+01  5.690013e-03 
 1.236607e+01  5.684093e-03 
 1.236646e+01  5.677600e-03 
 1.236686e+01  5.670545e-03 
 1.236726e+01  5.662939e-03 
 1.236766e+01  5.654793e-03 
 1.236806e+01  5.646104e-03 
 1.236845e+01  5.636872e-03 
 1.236885e+01  5.627112e-03 
 1.236925e+01  5.616832e-03 
 1.236965e+01  5.606030e-03 
 1.237004e+01  5.594708e-03 
 1.237044e+01  5.582879e-03 
 1.237084e+01  5.570540e-03 
 1.237124e+01  5.557697e-03 
 1.237163e+01  5.544350e-03 
 1.237203e+01  5.530498e-03 
 1.237243e+01  5.516146e-03 
 1.237283e+01  5.501302e-03 
 1.237323e+01  5.485983e-03 
 1.237362e+01  5.470193e-03 
 1.237402e+01  5.453938e-03 
 1.237442e+01  5.437237e-03 
 1.237482e+01  5.420099e-03 
 1.237521e+01  5.402536e-03 
 1.237561e+01  5.384551e-03 
 1.237601e+01  5.366164e-03 
 1.237641e+01  5.347389e-03 
 1.237680e+01  5.328239e-03 
 1.237720e+01  5.308728e-03 
 1.237760e+01  5.288866e-03 
 1.237800e+01  5.268655e-03 
 1.237840e+01  5.248092e-03 
 1.237879e+01  5.227181e-03 
 1.237919e+01  5.205932e-03 
 1.237959e+01  5.184343e-03 
 1.237999e+01  5.162412e-03 
 1.238038e+01  5.140147e-03 
 1.238078e+01  5.117560e-03 
 1.238118e+01  5.094656e-03 
 1.238158e+01  5.071448e-03 
 1.238197e+01  5.047953e-03 
 1.238237e+01  5.024186e-03 
 1.238277e+01  5.000167e-03 
 1.238317e+01  4.975915e-03 
 1.238357e+01  4.951453e-03 
 1.238396e+01  4.926801e-03 
 1.238436e+01  4.901982e-03 
 1.238476e+01  4.877022e-03 
 1.238516e+01  4.851948e-03 
 1.238555e+01  4.826782e-03 
 1.238595e+01  4.801536e-03 
 1.238635e+01  4.776232e-03 
 1.238675e+01  4.750891e-03 
 1.238715e+01  4.725519e-03 
 1.238754e+01  4.700123e-03 
 1.238794e+01  4.674716e-03 
 1.238834e+01  4.649308e-03 
 1.238874e+01  4.623905e-03 
 1.238913e+01  4.598515e-03 
 1.238953e+01  4.573147e-03 
 1.238993e+01  4.547812e-03 
 1.239033e+01  4.522518e-03 
 1.239072e+01  4.497282e-03 
 1.239112e+01  4.472123e-03 
 1.239152e+01  4.447052e-03 
 1.239192e+01  4.422077e-03 
 1.239232e+01  4.397219e-03 
 1.239271e+01  4.372499e-03 
 1.239311e+01  4.347933e-03 
 1.239351e+01  4.323531e-03 
 1.239391e+01  4.299310e-03 
 1.239430e+01  4.275285e-03 
 1.239470e+01  4.251463e-03 
 1.239510e+01  4.227859e-03 
 1.239550e+01  4.204487e-03 
 1.239589e+01  4.181350e-03 
 1.239629e+01  4.158456e-03 
 1.239669e+01  4.135814e-03 
 1.239709e+01  4.113443e-03 
 1.239749e+01  4.091352e-03 
 1.239788e+01  4.069562e-03 
 1.239828e+01  4.048085e-03 
 1.239868e+01  4.026935e-03 
 1.239908e+01  4.006127e-03 
 1.239947e+01  3.985690e-03 
 1.239987e+01  3.965654e-03 
 1.240027e+01  3.946044e-03 
 1.240067e+01  3.926882e-03 
 1.240106e+01  3.908204e-03 
 1.240146e+01  3.890021e-03 
 1.240186e+01  3.872381e-03 
 1.240226e+01  3.855287e-03 
 1.240266e+01  3.838771e-03 
 1.240305e+01  3.822846e-03 
 1.240345e+01  3.807516e-03 
 1.240385e+01  3.792806e-03 
 1.240425e+01  3.778732e-03 
 1.240464e+01  3.765299e-03 
 1.240504e+01  3.752515e-03 
 1.240544e+01  3.740388e-03 
 1.240584e+01  3.728918e-03 
 1.240623e+01  3.718109e-03 
 1.240663e+01  3.707956e-03 
 1.240703e+01  3.698460e-03 
 1.240743e+01  3.689618e-03 
 1.240783e+01  3.681424e-03 
 1.240822e+01  3.673894e-03 
 1.240862e+01  3.667033e-03 
 1.240902e+01  3.660847e-03 
 1.240942e+01  3.655334e-03 
 1.240981e+01  3.650514e-03 
 1.241021e+01  3.646387e-03 
 1.241061e+01  3.642962e-03 
 1.241101e+01  3.640246e-03 
 1.241140e+01  3.638237e-03 
 1.241180e+01  3.636943e-03 
 1.241220e+01  3.636360e-03 
 1.241260e+01  3.636494e-03 
 1.241300e+01  3.637343e-03 
 1.241339e+01  3.638902e-03 
 1.241379e+01  3.641167e-03 
 1.241419e+01  3.644130e-03 
 1.241459e+01  3.647784e-03 
 1.241498e+01  3.652123e-03 
 1.241538e+01  3.657138e-03 
 1.241578e+01  3.662826e-03 
 1.241618e+01  3.669185e-03 
 1.241657e+01  3.676215e-03 
 1.241697e+01  3.683922e-03 
 1.241737e+01  3.692306e-03 
 1.241777e+01  3.701376e-03 
 1.241817e+01  3.711135e-03 
 1.241856e+01  3.721587e-03 
 1.241896e+01  3.732737e-03 
 1.241936e+01  3.744586e-03 
 1.241976e+01  3.757133e-03 
 1.242015e+01  3.770368e-03 
 1.242055e+01  3.784287e-03 
 1.242095e+01  3.798880e-03 
 1.242135e+01  3.814130e-03 
 1.242174e+01  3.830029e-03 
 1.242214e+01  3.846551e-03 
 1.242254e+01  3.863681e-03 
 1.242294e+01  3.881386e-03 
 1.242334e+01  3.899650e-03 
 1.242373e+01  3.918458e-03 
 1.242413e+01  3.937786e-03 
 1.242453e+01  3.957612e-03 
 1.242493e+01  3.977922e-03 
 1.242532e+01  3.998699e-03 
 1.242572e+01  4.019932e-03 
 1.242612e+01  4.041614e-03 
 1.242652e+01  4.063722e-03 
 1.242691e+01  4.086248e-03 
 1.242731e+01  4.109180e-03 
 1.242771e+01  4.132500e-03 
 1.242811e+01  4.156201e-03 
 1.242851e+01  4.180264e-03 
 1.242890e+01  4.204674e-03 
 1.242930e+01  4.229406e-03 
 1.242970e+01  4.254434e-03 
 1.243010e+01  4.279733e-03 
 1.243049e+01  4.305285e-03 
 1.243089e+01  4.331056e-03 
 1.243129e+01  4.357017e-03 
 1.243169e+01  4.383144e-03 
 1.243208e+01  4.409413e-03 
 1.243248e+01  4.435802e-03 
 1.243288e+01  4.462294e-03 
 1.243328e+01  4.488867e-03 
 1.243368e+01  4.515502e-03 
 1.243407e+01  4.542170e-03 
 1.243447e+01  4.568867e-03 
 1.243487e+01  4.595575e-03 
 1.243527e+01  4.622278e-03 
 1.243566e+01  4.648963e-03 
 1.243606e+01  4.675618e-03 
 1.243646e+01  4.702236e-03 
 1.243686e+01  4.728809e-03 
 1.243725e+01  4.755325e-03 
 1.243765e+01  4.781771e-03 
 1.243805e+01  4.808129e-03 
 1.243845e+01  4.834383e-03 
 1.243885e+01  4.860511e-03 
 1.243924e+01  4.886506e-03 
 1.243964e+01  4.912345e-03 
 1.244004e+01  4.938008e-03 
 1.244044e+01  4.963474e-03 
 1.244083e+01  4.988721e-03 
 1.244123e+01  5.013732e-03 
 1.244163e+01  5.038491e-03 
 1.244203e+01  5.062977e-03 
 1.244242e+01  5.087173e-03 
 1.244282e+01  5.111069e-03 
 1.244322e+01  5.134647e-03 
 1.244362e+01  5.157910e-03 
 1.244402e+01  5.180842e-03 
 1.244441e+01  5.203431e-03 
 1.244481e+01  5.225675e-03 
 1.244521e+01  5.247559e-03 
 1.244561e+01  5.269079e-03 
 1.244600e+01  5.290225e-03 
 1.244640e+01  5.310976e-03 
 1.244680e+01  5.331320e-03 
 1.244720e+01  5.351240e-03 
 1.244759e+01  5.370720e-03 
 1.244799e+01  5.389744e-03 
 1.244839e+01  5.408288e-03 
 1.244879e+01  5.426335e-03 
 1.244919e+01  5.443861e-03 
 1.244958e+01  5.460856e-03 
 1.244998e+01  5.477301e-03 
 1.245038e+01  5.493189e-03 
 1.245078e+01  5.508516e-03 
 1.245117e+01  5.523266e-03 
 1.245157e+01  5.537447e-03 
 1.245197e+01  5.551060e-03 
 1.245237e+01  5.564110e-03 
 1.245276e+01  5.576604e-03 
 1.245316e+01  5.588535e-03 
 1.245356e+01  5.599912e-03 
 1.245396e+01  5.610725e-03 
 1.245436e+01  5.620988e-03 
 1.245475e+01  5.630699e-03 
 1.245515e+01  5.639859e-03 
 1.245555e+01  5.648466e-03 
 1.245595e+01  5.656517e-03 
 1.245634e+01  5.664009e-03 
 1.245674e+01  5.670940e-03 
 1.245714e+01  5.677294e-03 
 1.245754e+01  5.683071e-03 
 1.245793e+01  5.688261e-03 
 1.245833e+01  5.692857e-03 
 1.245873e+01  5.696860e-03 
 1.245913e+01  5.700266e-03 
 1.245953e+01  5.703069e-03 
 1.245992e+01  5.705282e-03 
 1.246032e+01  5.706896e-03 
 1.246072e+01  5.707918e-03 
 1.246112e+01  5.708356e-03 
 1.246151e+01  5.708207e-03 
 1.246191e+01  5.707477e-03 
 1.246231e+01  5.706167e-03 
 1.246271e+01  5.704269e-03 
 1.246310e+01  5.701800e-03 
 1.246350e+01  5.698755e-03 
 1.246390e+01  5.695134e-03 
 1.246430e+01  5.690934e-03 
 1.246470e+01  5.686154e-03 
 1.246509e+01  5.680789e-03 
 1.246549e+01  5.674829e-03 
 1.246589e+01  5.668272e-03 
 1.246629e+01  5.661114e-03 
 1.246668e+01  5.653350e-03 
 1.246708e+01  5.644975e-03 
 1.246748e+01  5.635986e-03 
 1.246788e+01  5.626393e-03 
 1.246827e+01  5.616197e-03 
 1.246867e+01  5.605398e-03 
 1.246907e+01  5.594007e-03 
 1.246947e+01  5.582031e-03 
 1.246987e+01  5.569482e-03 
 1.247026e+01  5.556369e-03 
 1.247066e+01  5.542711e-03 
 1.247106e+01  5.528519e-03 
 1.247146e+01  5.513805e-03 
 1.247185e+01  5.498579e-03 
 1.247225e+01  5.482859e-03 
 1.247265e+01  5.466655e-03 
 1.247305e+01  5.449967e-03 
 1.247344e+01  5.432803e-03 
 1.247384e+01  5.415171e-03 
 1.247424e+01  5.397086e-03 
 1.247464e+01  5.378546e-03 
 1.247504e+01  5.359559e-03 
 1.247543e+01  5.340133e-03 
 1.247583e+01  5.320265e-03 
 1.247623e+01  5.299969e-03 
 1.247663e+01  5.279253e-03 
 1.247702e+01  5.258130e-03 
 1.247742e+01  5.236609e-03 
 1.247782e+01  5.214705e-03 
 1.247822e+01  5.192448e-03 
 1.247862e+01  5.169856e-03 
 1.247901e+01  5.146944e-03 
 1.247941e+01  5.123727e-03 
 1.247981e+01  5.100235e-03 
 1.248021e+01  5.076480e-03 
 1.248060e+01  5.052482e-03 
 1.248100e+01  5.028265e-03 
 1.248140e+01  5.003837e-03 
 1.248180e+01  4.979203e-03 
 1.248219e+01  4.954376e-03 
 1.248259e+01  4.929362e-03 
 1.248299e+01  4.904169e-03 
 1.248339e+01  4.878803e-03 
 1.248379e+01  4.853269e-03 
 1.248418e+01  4.827576e-03 
 1.248458e+01  4.801732e-03 
 1.248498e+01  4.775747e-03 
 1.248538e+01  4.749635e-03 
 1.248577e+01  4.723401e-03 
 1.248617e+01  4.697059e-03 
 1.248657e+01  4.670629e-03 
 1.248697e+01  4.644135e-03 
 1.248736e+01  4.617603e-03 
 1.248776e+01  4.591050e-03 
 1.248816e+01  4.564503e-03 
 1.248856e+01  4.537983e-03 
 1.248896e+01  4.511509e-03 
 1.248935e+01  4.485103e-03 
 1.248975e+01  4.458792e-03 
 1.249015e+01  4.432585e-03 
 1.249055e+01  4.406500e-03 
 1.249094e+01  4.380557e-03 
 1.249134e+01  4.354771e-03 
 1.249174e+01  4.329167e-03 
 1.249214e+01  4.303756e-03 
 1.249253e+01  4.278555e-03 
 1.249293e+01  4.253581e-03 
 1.249333e+01  4.228853e-03 
 1.249373e+01  4.204392e-03 
 1.249413e+01  4.180227e-03 
 1.249452e+01  4.156379e-03 
 1.249492e+01  4.132871e-03 
 1.249532e+01  4.109732e-03 
 1.249572e+01  4.086984e-03 
 1.249611e+01  4.064665e-03 
 1.249651e+01  4.042796e-03 
 1.249691e+01  4.021391e-03 
 1.249731e+01  4.000471e-03 
 1.249770e+01  3.980049e-03 
 1.249810e+01  3.960149e-03 
 1.249850e+01  3.940773e-03 
 1.249890e+01  3.921945e-03 
 1.249930e+01  3.903662e-03 
 1.249969e+01  3.885944e-03 
 1.250009e+01  3.868796e-03 
 1.250049e+01  3.852216e-03 
 1.250089e+01  3.836208e-03 
 1.250128e+01  3.820755e-03 
 1.250168e+01  3.805858e-03 
 1.250208e+01  3.791527e-03 
 1.250248e+01  3.777759e-03 
 1.250287e+01  3.764568e-03 
 1.250327e+01  3.751970e-03 
 1.250367e+01  3.739968e-03 
 1.250407e+01  3.728576e-03 
 1.250447e+01  3.717793e-03 
 1.250486e+01  3.707638e-03 
 1.250526e+01  3.698113e-03 
 1.250566e+01  3.689234e-03 
 1.250606e+01  3.681017e-03 
 1.250645e+01  3.673476e-03 
 1.250685e+01  3.666627e-03 
 1.250725e+01  3.660477e-03 
 1.250765e+01  3.655031e-03 
 1.250804e+01  3.650291e-03 
 1.250844e+01  3.646253e-03 
 1.250884e+01  3.642921e-03 
 1.250924e+01  3.640293e-03 
 1.250964e+01  3.638369e-03 
 1.251003e+01  3.637149e-03 
 1.251043e+01  3.636632e-03 
 1.251083e+01  3.636820e-03 
 1.251123e+01  3.637710e-03 
 1.251162e+01  3.639309e-03 
 1.251202e+01  3.641620e-03 
 1.251242e+01  3.644647e-03 
 1.251282e+01  3.648394e-03 
 1.251321e+01  3.652869e-03 
 1.251361e+01  3.658071e-03 
 1.251401e+01  3.664003e-03 
 1.251441e+01  3.670663e-03 
 1.251481e+01  3.678050e-03 
 1.251520e+01  3.686167e-03 
 1.251560e+01  3.695007e-03 
 1.251600e+01  3.704564e-03 
 1.251640e+01  3.714820e-03 
 1.251679e+01  3.725755e-03 
 1.251719e+01  3.737346e-03 
 1.251759e+01  3.749575e-03 
 1.251799e+01  3.762429e-03 
 1.251838e+01  3.775886e-03 
 1.251878e+01  3.789928e-03 
 1.251918e+01  3.804542e-03 
 1.251958e+01  3.819708e-03 
 1.251998e+01  3.835415e-03 
 1.252037e+01  3.851653e-03 
 1.252077e+01  3.868402e-03 
 1.252117e+01  3.885648e-03 
 1.252157e+01  3.903390e-03 
 1.252196e+01  3.921625e-03 
 1.252236e+01  3.940342e-03 
 1.252276e+01  3.959539e-03 
 1.252316e+01  3.979198e-03 
 1.252355e+01  3.999310e-03 
 1.252395e+01  4.019863e-03 
 1.252435e+01  4.040835e-03 
 1.252475e+01  4.062220e-03 
 1.252515e+01  4.083996e-03 
 1.252554e+01  4.106140e-03 
 1.252594e+01  4.128638e-03 
 1.252634e+01  4.151462e-03 
 1.252674e+01  4.174602e-03 
 1.252713e+01  4.198030e-03 
 1.252753e+01  4.221726e-03 
 1.252793e+01  4.245675e-03 
 1.252833e+01  4.269864e-03 
 1.252872e+01  4.294272e-03 
 1.252912e+01  4.318884e-03 
 1.252952e+01  4.343685e-03 
 1.252992e+01  4.368661e-03 
 1.253032e+01  4.393795e-03 
 1.253071e+01  4.419086e-03 
 1.253111e+01  4.444520e-03 
 1.253151e+01  4.470092e-03 
 1.253191e+01  4.495788e-03 
 1.253230e+01  4.521598e-03 
 1.253270e+01  4.547503e-03 
 1.253310e+01  4.573485e-03 
 1.253350e+01  4.599531e-03 
 1.253389e+01  4.625621e-03 
 1.253429e+01  4.651738e-03 
 1.253469e+01  4.677866e-03 
 1.253509e+01  4.703986e-03 
 1.253549e+01  4.730084e-03 
 1.253588e+01  4.756136e-03 
 1.253628e+01  4.782113e-03 
 1.253668e+01  4.807993e-03 
 1.253708e+01  4.833759e-03 
 1.253747e+01  4.859393e-03 
 1.253787e+01  4.884882e-03 
 1.253827e+01  4.910215e-03 
 1.253867e+01  4.935376e-03 
 1.253906e+01  4.960354e-03 
 1.253946e+01  4.985137e-03 
 1.253986e+01  5.009716e-03 
 1.254026e+01  5.034071e-03 
 1.254066e+01  5.058194e-03 
 1.254105e+01  5.082070e-03 
 1.254145e+01  5.105687e-03 
 1.254185e+01  5.129031e-03 
 1.254225e+01  5.152086e-03 
 1.254264e+01  5.174831e-03 
 1.254304e+01  5.197248e-03 
 1.254344e+01  5.219317e-03 
 1.254384e+01  5.241022e-03 
 1.254423e+01  5.262340e-03 
 1.254463e+01  5.283257e-03 
 1.254503e+01  5.303744e-03 
 1.254543e+01  5.323799e-03 
 1.254583e+01  5.343409e-03 
 1.254622e+01  5.362560e-03 
 1.254662e+01  5.381257e-03 
 1.254702e+01  5.399496e-03 
 1.254742e+01  5.417277e-03 
 1.254781e+01  5.434603e-03 
 1.254821e+01  5.451478e-03 
 1.254861e+01  5.467892e-03 
 1.254901e+01  5.483850e-03 
 1.254940e+01  5.499350e-03 
 1.254980e+01  5.514386e-03 
 1.255020e+01  5.528959e-03 
 1.255060e+01  5.543067e-03 
 1.255100e+01  5.556707e-03 
 1.255139e+01  5.569868e-03 
 1.255179e+01  5.582546e-03 
 1.255219e+01  5.594718e-03 
 1.255259e+01  5.606362e-03 
 1.255298e+01  5.617466e-03 
 1.255338e+01  5.628021e-03 
 1.255378e+01  5.638015e-03 
 1.255418e+01  5.647450e-03 
 1.255457e+01  5.656312e-03 
 1.255497e+01  5.664602e-03 
 1.255537e+01  5.672310e-03 
 1.255577e+01  5.679437e-03 
 1.255617e+01  5.685969e-03 
 1.255656e+01  5.691901e-03 
 1.255696e+01  5.697228e-03 
 1.255736e+01  5.701953e-03 
 1.255776e+01  5.706077e-03 
 1.255815e+01  5.709591e-03 
 1.255855e+01  5.712496e-03 
 1.255895e+01  5.714781e-03 
 1.255935e+01  5.716442e-03 
 1.255974e+01  5.717468e-03 
 1.256014e+01  5.717848e-03 
 1.256054e+01  5.717577e-03 
 1.256094e+01  5.716651e-03 
 1.256134e+01  5.715063e-03 
 1.256173e+01  5.712810e-03 
 1.256213e+01  5.709888e-03 
 1.256253e+01  5.706299e-03 
 1.256293e+01  5.702041e-03 
 1.256332e+01  5.697113e-03 
 1.256372e+01  5.691520e-03 
 1.256412e+01  5.685268e-03 
 1.256452e+01  5.678366e-03 
 1.256491e+01  5.670816e-03 
 1.256531e+01  5.662634e-03 
 1.256571e+01  5.653835e-03 
 1.256611e+01  5.644426e-03 
 1.256651e+01  5.634428e-03 
 1.256690e+01  5.623863e-03 
 1.256730e+01  5.612742e-03 
 1.256770e+01  5.601072e-03 
 1.256810e+01  5.588857e-03 
 1.256849e+01  5.576106e-03 
 1.256889e+01  5.562821e-03 
 1.256929e+01  5.549007e-03 
 1.256969e+01  5.534674e-03 
 1.257009e+01  5.519818e-03 
 1.257048e+01  5.504438e-03 
 1.257088e+01  5.488535e-03 
 1.257128e+01  5.472109e-03 
 1.257168e+01  5.455164e-03 
 1.257207e+01  5.437708e-03 
 1.257247e+01  5.419741e-03 
 1.257287e+01  5.401275e-03 
 1.257327e+01  5.382333e-03 
 1.257366e+01  5.362928e-03 
 1.257406e+01  5.343074e-03 
 1.257446e+01  5.322785e-03 
 1.257486e+01  5.302078e-03 
 1.257526e+01  5.280965e-03 
 1.257565e+01  5.259463e-03 
 1.257605e+01  5.237591e-03 
 1.257645e+01  5.215351e-03 
 1.257685e+01  5.192760e-03 
 1.257724e+01  5.169827e-03 
 1.257764e+01  5.146554e-03 
 1.257804e+01  5.122943e-03 
 1.257844e+01  5.099004e-03 
 1.257883e+01  5.074748e-03 
 1.257923e+01  5.050186e-03 
 1.257963e+01  5.025325e-03 
 1.258003e+01  5.000185e-03 
 1.258043e+01  4.974774e-03 
 1.258082e+01  4.949115e-03 
 1.258122e+01  4.923219e-03 
 1.258162e+01  4.897120e-03 
 1.258202e+01  4.870832e-03 
 1.258241e+01  4.844383e-03 
 1.258281e+01  4.817804e-03 
 1.258321e+01  4.791125e-03 
 1.258361e+01  4.764362e-03 
 1.258400e+01  4.737534e-03 
 1.258440e+01  4.710663e-03 
 1.258480e+01  4.683771e-03 
 1.258520e+01  4.656867e-03 
 1.258560e+01  4.629974e-03 
 1.258599e+01  4.603110e-03 
 1.258639e+01  4.576291e-03 
 1.258679e+01  4.549530e-03 
 1.258719e+01  4.522837e-03 
 1.258758e+01  4.496232e-03 
 1.258798e+01  4.469724e-03 
 1.258838e+01  4.443327e-03 
 1.258878e+01  4.417054e-03 
 1.258917e+01  4.390933e-03 
 1.258957e+01  4.364989e-03 
 1.258997e+01  4.339234e-03 
 1.259037e+01  4.313695e-03 
 1.259077e+01  4.288404e-03 
 1.259116e+01  4.263378e-03 
 1.259156e+01  4.238638e-03 
 1.259196e+01  4.214205e-03 
 1.259236e+01  4.190099e-03 
 1.259275e+01  4.166343e-03 
 1.259315e+01  4.142960e-03 
 1.259355e+01  4.119975e-03 
 1.259395e+01  4.097400e-03 
 1.259434e+01  4.075240e-03 
 1.259474e+01  4.053508e-03 
 1.259514e+01  4.032218e-03 
 1.259554e+01  4.011382e-03 
 1.259594e+01  3.990998e-03 
 1.259633e+01  3.971073e-03 
 1.259673e+01  3.951610e-03 
 1.259713e+01  3.932625e-03 
 1.259753e+01  3.914126e-03 
 1.259792e+01  3.896141e-03 
 1.259832e+01  3.878660e-03 
 1.259872e+01  3.861711e-03 
 1.259912e+01  3.845306e-03 
 1.259951e+01  3.829453e-03 
 1.259991e+01  3.814165e-03 
 1.260031e+01  3.799462e-03 
 1.260071e+01  3.785351e-03 
 1.260111e+01  3.771850e-03 
 1.260150e+01  3.758983e-03 
 1.260190e+01  3.746762e-03 
 1.260230e+01  3.735197e-03 
 1.260270e+01  3.724304e-03 
 1.260309e+01  3.714073e-03 
 1.260349e+01  3.704518e-03 
 1.260389e+01  3.695631e-03 
 1.260429e+01  3.687412e-03 
 1.260468e+01  3.679863e-03 
 1.260508e+01  3.672991e-03 
 1.260548e+01  3.666797e-03 
 1.260588e+01  3.661289e-03 
 1.260628e+01  3.656469e-03 
 1.260667e+01  3.652348e-03 
 1.260707e+01  3.648926e-03 
 1.260747e+01  3.646206e-03 
 1.260787e+01  3.644193e-03 
 1.260826e+01  3.642903e-03 
 1.260866e+01  3.642340e-03 
 1.260906e+01  3.642514e-03 
 1.260946e+01  3.643425e-03 
 1.260985e+01  3.645086e-03 
 1.261025e+01  3.647489e-03 
 1.261065e+01  3.650626e-03 
 1.261105e+01  3.654499e-03 
 1.261145e+01  3.659099e-03 
 1.261184e+01  3.664411e-03 
 1.261224e+01  3.670418e-03 
 1.261264e+01  3.677105e-03 
 1.261304e+01  3.684458e-03 
 1.261343e+01  3.692461e-03 
 1.261383e+01  3.701106e-03 
 1.261423e+01  3.710368e-03 
 1.261463e+01  3.720234e-03 
 1.261502e+01  3.730695e-03 
 1.261542e+01  3.741741e-03 
 1.261582e+01  3.753359e-03 
 1.261622e+01  3.765538e-03 
 1.261662e+01  3.778275e-03 
 1.261701e+01  3.791565e-03 
 1.261741e+01  3.805404e-03 
 1.261781e+01  3.819796e-03 
 1.261821e+01  3.834728e-03 
 1.261860e+01  3.850192e-03 
 1.261900e+01  3.866173e-03 
 1.261940e+01  3.882671e-03 
 1.261980e+01  3.899672e-03 
 1.262019e+01  3.917163e-03 
 1.262059e+01  3.935125e-03 
 1.262099e+01  3.953561e-03 
 1.262139e+01  3.972451e-03 
 1.262179e+01  3.991782e-03 
 1.262218e+01  4.011545e-03 
 1.262258e+01  4.031712e-03 
 1.262298e+01  4.052271e-03 
 1.262338e+01  4.073211e-03 
 1.262377e+01  4.094524e-03 
 1.262417e+01  4.116198e-03 
 1.262457e+01  4.138222e-03 
 1.262497e+01  4.160586e-03 
 1.262536e+01  4.183281e-03 
 1.262576e+01  4.206297e-03 
 1.262616e+01  4.229622e-03 
 1.262656e+01  4.253243e-03 
 1.262696e+01  4.277142e-03 
 1.262735e+01  4.301307e-03 
 1.262775e+01  4.325724e-03 
 1.262815e+01  4.350378e-03 
 1.262855e+01  4.375257e-03 
 1.262894e+01  4.400337e-03 
 1.262934e+01  4.425589e-03 
 1.262974e+01  4.450997e-03 
 1.263014e+01  4.476534e-03 
 1.263053e+01  4.502182e-03 
 1.263093e+01  4.527910e-03 
 1.263133e+01  4.553695e-03 
 1.263173e+01  4.579516e-03 
 1.263213e+01  4.605345e-03 
 1.263252e+01  4.631166e-03 
 1.263292e+01  4.656965e-03 
 1.263332e+01  4.682721e-03 
 1.263372e+01  4.708419e-03 
 1.263411e+01  4.734047e-03 
 1.263451e+01  4.759601e-03 
 1.263491e+01  4.785068e-03 
 1.263531e+01  4.810445e-03 
 1.263570e+01  4.835720e-03 
 1.263610e+01  4.860881e-03 
 1.263650e+01  4.885917e-03 
 1.263690e+01  4.910822e-03 
 1.263730e+01  4.935585e-03 
 1.263769e+01  4.960190e-03 
 1.263809e+01  4.984616e-03 
 1.263849e+01  5.008843e-03 
 1.263889e+01  5.032855e-03 
 1.263928e+01  5.056638e-03 
 1.263968e+01  5.080175e-03 
 1.264008e+01  5.103443e-03 
 1.264048e+01  5.126427e-03 
 1.264087e+01  5.149114e-03 
 1.264127e+01  5.171502e-03 
 1.264167e+01  5.193580e-03 
 1.264207e+01  5.215343e-03 
 1.264247e+01  5.236773e-03 
 1.264286e+01  5.257869e-03 
 1.264326e+01  5.278627e-03 
 1.264366e+01  5.299048e-03 
 1.264406e+01  5.319126e-03 
 1.264445e+01  5.338849e-03 
 1.264485e+01  5.358219e-03 
 1.264525e+01  5.377224e-03 
 1.264565e+01  5.395851e-03 
 1.264604e+01  5.414088e-03 
 1.264644e+01  5.431923e-03 
 1.264684e+01  5.449326e-03 
 1.264724e+01  5.466293e-03 
 1.264764e+01  5.482805e-03 
 1.264803e+01  5.498841e-03 
 1.264843e+01  5.514385e-03 
 1.264883e+01  5.529427e-03 
 1.264923e+01  5.543957e-03 
 1.264962e+01  5.557964e-03 
 1.265002e+01  5.571444e-03 
 1.265042e+01  5.584384e-03 
 1.265082e+01  5.596778e-03 
 1.265121e+01  5.608601e-03 
 1.265161e+01  5.619862e-03 
 1.265201e+01  5.630553e-03 
 1.265241e+01  5.640672e-03 
 1.265281e+01  5.650217e-03 
 1.265320e+01  5.659191e-03 
 1.265360e+01  5.667579e-03 
 1.265400e+01  5.675389e-03 
 1.265440e+01  5.682602e-03 
 1.265479e+01  5.689209e-03 
 1.265519e+01  5.695197e-03 
 1.265559e+01  5.700557e-03 
 1.265599e+01  5.705282e-03 
 1.265638e+01  5.709364e-03 
 1.265678e+01  5.712800e-03 
 1.265718e+01  5.715583e-03 
 1.265758e+01  5.717704e-03 
 1.265798e+01  5.719157e-03 
 1.265837e+01  5.719937e-03 
 1.265877e+01  5.720051e-03 
 1.265917e+01  5.719498e-03 
 1.265957e+01  5.718292e-03 
 1.265996e+01  5.716436e-03 
 1.266036e+01  5.713940e-03 
 1.266076e+01  5.710815e-03 
 1.266116e+01  5.707066e-03 
 1.266156e+01  5.702705e-03 
 1.266195e+01  5.697733e-03 
 1.266235e+01  5.692155e-03 
 1.266275e+01  5.685988e-03 
 1.266315e+01  5.679235e-03 
 1.266354e+01  5.671904e-03 
 1.266394e+01  5.663991e-03 
 1.266434e+01  5.655486e-03 
 1.266474e+01  5.646394e-03 
 1.266513e+01  5.636714e-03 
 1.266553e+01  5.626443e-03 
 1.266593e+01  5.615576e-03 
 1.266633e+01  5.604106e-03 
 1.266673e+01  5.592033e-03 
 1.266712e+01  5.579359e-03 
 1.266752e+01  5.566092e-03 
 1.266792e+01  5.552248e-03 
 1.266832e+01  5.537826e-03 
 1.266871e+01  5.522832e-03 
 1.266911e+01  5.507276e-03 
 1.266951e+01  5.491173e-03 
 1.266991e+01  5.474531e-03 
 1.267030e+01  5.457363e-03 
 1.267070e+01  5.439670e-03 
 1.267110e+01  5.421459e-03 
 1.267150e+01  5.402750e-03 
 1.267190e+01  5.383548e-03 
 1.267229e+01  5.363864e-03 
 1.267269e+01  5.343702e-03 
 1.267309e+01  5.323059e-03 
 1.267349e+01  5.301938e-03 
 1.267388e+01  5.280348e-03 
 1.267428e+01  5.258299e-03 
 1.267468e+01  5.235802e-03 
 1.267508e+01  5.212871e-03 
 1.267547e+01  5.189511e-03 
 1.267587e+01  5.165749e-03 
 1.267627e+01  5.141609e-03 
 1.267667e+01  5.117110e-03 
 1.267707e+01  5.092270e-03 
 1.267746e+01  5.067119e-03 
 1.267786e+01  5.041680e-03 
 1.267826e+01  5.015977e-03 
 1.267866e+01  4.990041e-03 
 1.267905e+01  4.963899e-03 
 1.267945e+01  4.937568e-03 
 1.267985e+01  4.911067e-03 
 1.268025e+01  4.884419e-03 
 1.268064e+01  4.857647e-03 
 1.268104e+01  4.830768e-03 
 1.268144e+01  4.803797e-03 
 1.268184e+01  4.776740e-03 
 1.268224e+01  4.749618e-03 
 1.268263e+01  4.722441e-03 
 1.268303e+01  4.695229e-03 
 1.268343e+01  4.667999e-03 
 1.268383e+01  4.640768e-03 
 1.268422e+01  4.613551e-03 
 1.268462e+01  4.586364e-03 
 1.268502e+01  4.559233e-03 
 1.268542e+01  4.532174e-03 
 1.268581e+01  4.505212e-03 
 1.268621e+01  4.478364e-03 
 1.268661e+01  4.451659e-03 
 1.268701e+01  4.425121e-03 
 1.268741e+01  4.398776e-03 
 1.268780e+01  4.372649e-03 
 1.268820e+01  4.346749e-03 
 1.268860e+01  4.321097e-03 
 1.268900e+01  4.295713e-03 
 1.268939e+01  4.270612e-03 
 1.268979e+01  4.245802e-03 
 1.269019e+01  4.221300e-03 
 1.269059e+01  4.197120e-03 
 1.269098e+01  4.173275e-03 
 1.269138e+01  4.149777e-03 
 1.269178e+01  4.126646e-03 
 1.269218e+01  4.103892e-03 
 1.269258e+01  4.081523e-03 
 1.269297e+01  4.059554e-03 
 1.269337e+01  4.038000e-03 
 1.269377e+01  4.016877e-03 
 1.269417e+01  3.996203e-03 
 1.269456e+01  3.975987e-03 
 1.269496e+01  3.956257e-03 
 1.269536e+01  3.937031e-03 
 1.269576e+01  3.918331e-03 
 1.269615e+01  3.900190e-03 
 1.269655e+01  3.882606e-03 
 1.269695e+01  3.865613e-03 
 1.269735e+01  3.849211e-03 
 1.269775e+01  3.833407e-03 
 1.269814e+01  3.818215e-03 
 1.269854e+01  3.803643e-03 
 1.269894e+01  3.789699e-03 
 1.269934e+01  3.776389e-03 
 1.269973e+01  3.763720e-03 
 1.270013e+01  3.751698e-03 
 1.270053e+01  3.740328e-03 
 1.270093e+01  3.729615e-03 
 1.270132e+01  3.719560e-03 
 1.270172e+01  3.710173e-03 
 1.270212e+01  3.701454e-03 
 1.270252e+01  3.693415e-03 
 1.270292e+01  3.686063e-03 
 1.270331e+01  3.679398e-03 
 1.270371e+01  3.673438e-03 
 1.270411e+01  3.668187e-03 
 1.270451e+01  3.663659e-03 
 1.270490e+01  3.659854e-03 
 1.270530e+01  3.656781e-03 
 1.270570e+01  3.654431e-03 
 1.270610e+01  3.652792e-03 
 1.270649e+01  3.651863e-03 
 1.270689e+01  3.651641e-03 
 1.270729e+01  3.652110e-03 
 1.270769e+01  3.653263e-03 
 1.270809e+01  3.655088e-03 
 1.270848e+01  3.657571e-03 
 1.270888e+01  3.660698e-03 
 1.270928e+01  3.664463e-03 
 1.270968e+01  3.668858e-03 
 1.271007e+01  3.673863e-03 
 1.271047e+01  3.679468e-03 
 1.271087e+01  3.685671e-03 
 1.271127e+01  3.692475e-03 
 1.271166e+01  3.699888e-03 
 1.271206e+01  3.707902e-03 
 1.271246e+01  3.716504e-03 
 1.271286e+01  3.725699e-03 
 1.271326e+01  3.735486e-03 
 1.271365e+01  3.745864e-03 
 1.271405e+01  3.756835e-03 
 1.271445e+01  3.768388e-03 
 1.271485e+01  3.780523e-03 
 1.271524e+01  3.793234e-03 
 1.271564e+01  3.806520e-03 
 1.271604e+01  3.820374e-03 
 1.271644e+01  3.834777e-03 
 1.271683e+01  3.849710e-03 
 1.271723e+01  3.865157e-03 
 1.271763e+01  3.881114e-03 
 1.271803e+01  3.897566e-03 
 1.271843e+01  3.914505e-03 
 1.271882e+01  3.931913e-03 
 1.271922e+01  3.949790e-03 
 1.271962e+01  3.968121e-03 
 1.272002e+01  3.986905e-03 
 1.272041e+01  4.006125e-03 
 1.272081e+01  4.025762e-03 
 1.272121e+01  4.045802e-03 
 1.272161e+01  4.066235e-03 
 1.272200e+01  4.087056e-03 
 1.272240e+01  4.108253e-03 
 1.272280e+01  4.129820e-03 
 1.272320e+01  4.151736e-03 
 1.272360e+01  4.173980e-03 
 1.272399e+01  4.196544e-03 
 1.272439e+01  4.219402e-03 
 1.272479e+01  4.242525e-03 
 1.272519e+01  4.265886e-03 
 1.272558e+01  4.289466e-03 
 1.272598e+01  4.313239e-03 
 1.272638e+01  4.337188e-03 
 1.272678e+01  4.361292e-03 
 1.272717e+01  4.385536e-03 
 1.272757e+01  4.409899e-03 
 1.272797e+01  4.434364e-03 
 1.272837e+01  4.458922e-03 
 1.272877e+01  4.483562e-03 
 1.272916e+01  4.508268e-03 
 1.272956e+01  4.533032e-03 
 1.272996e+01  4.557853e-03 
 1.273036e+01  4.582724e-03 
 1.273075e+01  4.607639e-03 
 1.273115e+01  4.632600e-03 
 1.273155e+01  4.657604e-03 
 1.273195e+01  4.682637e-03 
 1.273234e+01  4.707683e-03 
 1.273274e+01  4.732737e-03 
 1.273314e+01  4.757778e-03 
 1.273354e+01  4.782792e-03 
 1.273394e+01  4.807765e-03 
 1.273433e+01  4.832676e-03 
 1.273473e+01  4.857509e-03 
 1.273513e+01  4.882251e-03 
 1.273553e+01  4.906886e-03 
 1.273592e+01  4.931398e-03 
 1.273632e+01  4.955765e-03 
 1.273672e+01  4.979973e-03 
 1.273712e+01  5.004014e-03 
 1.273751e+01  5.027882e-03 
 1.273791e+01  5.051573e-03 
 1.273831e+01  5.075078e-03 
 1.273871e+01  5.098389e-03 
 1.273911e+01  5.121497e-03 
 1.273950e+01  5.144389e-03 
 1.273990e+01  5.167059e-03 
 1.274030e+01  5.189493e-03 
 1.274070e+01  5.211673e-03 
 1.274109e+01  5.233582e-03 
 1.274149e+01  5.255198e-03 
 1.274189e+01  5.276509e-03 
 1.274229e+01  5.297491e-03 
 1.274268e+01  5.318134e-03 
 1.274308e+01  5.338414e-03 
 1.274348e+01  5.358310e-03 
 1.274388e+01  5.377810e-03 
 1.274428e+01  5.396900e-03 
 1.274467e+01  5.415567e-03 
 1.274507e+01  5.433785e-03 
 1.274547e+01  5.451553e-03 
 1.274587e+01  5.468847e-03 
 1.274626e+01  5.485666e-03 
 1.274666e+01  5.502019e-03 
 1.274706e+01  5.517884e-03 
 1.274746e+01  5.533268e-03 
 1.274785e+01  5.548158e-03 
 1.274825e+01  5.562550e-03 
 1.274865e+01  5.576427e-03 
 1.274905e+01  5.589777e-03 
 1.274945e+01  5.602592e-03 
 1.274984e+01  5.614850e-03 
 1.275024e+01  5.626547e-03 
 1.275064e+01  5.637666e-03 
 1.275104e+01  5.648208e-03 
 1.275143e+01  5.658154e-03 
 1.275183e+01  5.667504e-03 
 1.275223e+01  5.676234e-03 
 1.275263e+01  5.684338e-03 
 1.275303e+01  5.691810e-03 
 1.275342e+01  5.698649e-03 
 1.275382e+01  5.704844e-03 
 1.275422e+01  5.710389e-03 
 1.275462e+01  5.715281e-03 
 1.275501e+01  5.719539e-03 
 1.275541e+01  5.723159e-03 
 1.275581e+01  5.726147e-03 
 1.275621e+01  5.728496e-03 
 1.275660e+01  5.730217e-03 
 1.275700e+01  5.731309e-03 
 1.275740e+01  5.731775e-03 
 1.275780e+01  5.731615e-03 
 1.275820e+01  5.730828e-03 
 1.275859e+01  5.729405e-03 
 1.275899e+01  5.727346e-03 
 1.275939e+01  5.724652e-03 
 1.275979e+01  5.721314e-03 
 1.276018e+01  5.717315e-03 
 1.276058e+01  5.712647e-03 
 1.276098e+01  5.707299e-03 
 1.276138e+01  5.701261e-03 
 1.276177e+01  5.694530e-03 
 1.276217e+01  5.687104e-03 
 1.276257e+01  5.678978e-03 
 1.276297e+01  5.670162e-03 
 1.276337e+01  5.660650e-03 
 1.276376e+01  5.650451e-03 
 1.276416e+01  5.639571e-03 
 1.276456e+01  5.628014e-03 
 1.276496e+01  5.615782e-03 
 1.276535e+01  5.602893e-03 
 1.276575e+01  5.589362e-03 
 1.276615e+01  5.575202e-03 
 1.276655e+01  5.560421e-03 
 1.276694e+01  5.545017e-03 
 1.276734e+01  5.529008e-03 
 1.276774e+01  5.512392e-03 
 1.276814e+01  5.495182e-03 
 1.276854e+01  5.477371e-03 
 1.276893e+01  5.458966e-03 
 1.276933e+01  5.439987e-03 
 1.276973e+01  5.420441e-03 
 1.277013e+01  5.400353e-03 
 1.277052e+01  5.379737e-03 
 1.277092e+01  5.358623e-03 
 1.277132e+01  5.337024e-03 
 1.277172e+01  5.314968e-03 
 1.277211e+01  5.292479e-03 
 1.277251e+01  5.269572e-03 
 1.277291e+01  5.246272e-03 
 1.277331e+01  5.222604e-03 
 1.277371e+01  5.198600e-03 
 1.277410e+01  5.174281e-03 
 1.277450e+01  5.149675e-03 
 1.277490e+01  5.124799e-03 
 1.277530e+01  5.099675e-03 
 1.277569e+01  5.074317e-03 
 1.277609e+01  5.048722e-03 
 1.277649e+01  5.022915e-03 
 1.277689e+01  4.996904e-03 
 1.277728e+01  4.970703e-03 
 1.277768e+01  4.944320e-03 
 1.277808e+01  4.917770e-03 
 1.277848e+01  4.891063e-03 
 1.277888e+01  4.864211e-03 
 1.277927e+01  4.837228e-03 
 1.277967e+01  4.810131e-03 
 1.278007e+01  4.782930e-03 
 1.278047e+01  4.755641e-03 
 1.278086e+01  4.728281e-03 
 1.278126e+01  4.700864e-03 
 1.278166e+01  4.673421e-03 
 1.278206e+01  4.645975e-03 
 1.278245e+01  4.618545e-03 
 1.278285e+01  4.591158e-03 
 1.278325e+01  4.563830e-03 
 1.278365e+01  4.536584e-03 
 1.278405e+01  4.509449e-03 
 1.278444e+01  4.482438e-03 
 1.278484e+01  4.455572e-03 
 1.278524e+01  4.428871e-03 
 1.278564e+01  4.402355e-03 
 1.278603e+01  4.376053e-03 
 1.278643e+01  4.349981e-03 
 1.278683e+01  4.324158e-03 
 1.278723e+01  4.298598e-03 
 1.278762e+01  4.273319e-03 
 1.278802e+01  4.248339e-03 
 1.278842e+01  4.223682e-03 
 1.278882e+01  4.199373e-03 
 1.278922e+01  4.175432e-03 
 1.278961e+01  4.151887e-03 
 1.279001e+01  4.128765e-03 
 1.279041e+01  4.106086e-03 
 1.279081e+01  4.083872e-03 
 1.279120e+01  4.062148e-03 
 1.279160e+01  4.040934e-03 
 1.279200e+01  4.020247e-03 
 1.279240e+01  4.000102e-03 
 1.279279e+01  3.980506e-03 
 1.279319e+01  3.961475e-03 
 1.279359e+01  3.943004e-03 
 1.279399e+01  3.925104e-03 
 1.279439e+01  3.907790e-03 
 1.279478e+01  3.891053e-03 
 1.279518e+01  3.874897e-03 
 1.279558e+01  3.859319e-03 
 1.279598e+01  3.844328e-03 
 1.279637e+01  3.829913e-03 
 1.279677e+01  3.816079e-03 
 1.279717e+01  3.802831e-03 
 1.279757e+01  3.790174e-03 
 1.279796e+01  3.778113e-03 
 1.279836e+01  3.766663e-03 
 1.279876e+01  3.755841e-03 
 1.279916e+01  3.745652e-03 
 1.279956e+01  3.736102e-03 
 1.279995e+01  3.727192e-03 
 1.280035e+01  3.718925e-03 
 1.280075e+01  3.711304e-03 
 1.280115e+01  3.704331e-03 
 1.280154e+01  3.698004e-03 
 1.280194e+01  3.692319e-03 
 1.280234e+01  3.687275e-03 
 1.280274e+01  3.682866e-03 
 1.280313e+01  3.679093e-03 
 1.280353e+01  3.675947e-03 
 1.280393e+01  3.673416e-03 
 1.280433e+01  3.671497e-03 
 1.280473e+01  3.670181e-03 
 1.280512e+01  3.669468e-03 
 1.280552e+01  3.669358e-03 
 1.280592e+01  3.669852e-03 
 1.280632e+01  3.670950e-03 
 1.280671e+01  3.672651e-03 
 1.280711e+01  3.674959e-03 
 1.280751e+01  3.677883e-03 
 1.280791e+01  3.681424e-03 
 1.280830e+01  3.685585e-03 
 1.280870e+01  3.690361e-03 
 1.280910e+01  3.695750e-03 
 1.280950e+01  3.701755e-03 
 1.280990e+01  3.708382e-03 
 1.281029e+01  3.715617e-03 
 1.281069e+01  3.723451e-03 
 1.281109e+01  3.731883e-03 
 1.281149e+01  3.740899e-03 
 1.281188e+01  3.750494e-03 
 1.281228e+01  3.760653e-03 
 1.281268e+01  3.771359e-03 
 1.281308e+01  3.782609e-03 
 1.281347e+01  3.794389e-03 
 1.281387e+01  3.806696e-03 
 1.281427e+01  3.819523e-03 
 1.281467e+01  3.832859e-03 
 1.281507e+01  3.846697e-03 
 1.281546e+01  3.861025e-03 
 1.281586e+01  3.875842e-03 
 1.281626e+01  3.891139e-03 
 1.281666e+01  3.906909e-03 
 1.281705e+01  3.923151e-03 
 1.281745e+01  3.939861e-03 
 1.281785e+01  3.957034e-03 
 1.281825e+01  3.974654e-03 
 1.281864e+01  3.992711e-03 
 1.281904e+01  4.011185e-03 
 1.281944e+01  4.030065e-03 
 1.281984e+01  4.049332e-03 
 1.282024e+01  4.068962e-03 
 1.282063e+01  4.088942e-03 
 1.282103e+01  4.109260e-03 
 1.282143e+01  4.129896e-03 
 1.282183e+01  4.150842e-03 
 1.282222e+01  4.172079e-03 
 1.282262e+01  4.193594e-03 
 1.282302e+01  4.215371e-03 
 1.282342e+01  4.237401e-03 
 1.282381e+01  4.259680e-03 
 1.282421e+01  4.282198e-03 
 1.282461e+01  4.304945e-03 
 1.282501e+01  4.327921e-03 
 1.282541e+01  4.351130e-03 
 1.282580e+01  4.374573e-03 
 1.282620e+01  4.398240e-03 
 1.282660e+01  4.422129e-03 
 1.282700e+01  4.446231e-03 
 1.282739e+01  4.470534e-03 
 1.282779e+01  4.495030e-03 
 1.282819e+01  4.519699e-03 
 1.282859e+01  4.544524e-03 
 1.282898e+01  4.569491e-03 
 1.282938e+01  4.594579e-03 
 1.282978e+01  4.619781e-03 
 1.283018e+01  4.645074e-03 
 1.283058e+01  4.670442e-03 
 1.283097e+01  4.695867e-03 
 1.283137e+01  4.721326e-03 
 1.283177e+01  4.746811e-03 
 1.283217e+01  4.772308e-03 
 1.283256e+01  4.797798e-03 
 1.283296e+01  4.823272e-03 
 1.283336e+01  4.848720e-03 
 1.283376e+01  4.874135e-03 
 1.283415e+01  4.899501e-03 
 1.283455e+01  4.924802e-03 
 1.283495e+01  4.950024e-03 
 1.283535e+01  4.975146e-03 
 1.283575e+01  5.000147e-03 
 1.283614e+01  5.025008e-03 
 1.283654e+01  5.049711e-03 
 1.283694e+01  5.074224e-03 
 1.283734e+01  5.098531e-03 
 1.283773e+01  5.122612e-03 
 1.283813e+01  5.146452e-03 
 1.283853e+01  5.170018e-03 
 1.283893e+01  5.193285e-03 
 1.283932e+01  5.216243e-03 
 1.283972e+01  5.238867e-03 
 1.284012e+01  5.261148e-03 
 1.284052e+01  5.283075e-03 
 1.284092e+01  5.304638e-03 
 1.284131e+01  5.325826e-03 
 1.284171e+01  5.346636e-03 
 1.284211e+01  5.367049e-03 
 1.284251e+01  5.387064e-03 
 1.284290e+01  5.406675e-03 
 1.284330e+01  5.425873e-03 
 1.284370e+01  5.444647e-03 
 1.284410e+01  5.462984e-03 
 1.284450e+01  5.480881e-03 
 1.284489e+01  5.498322e-03 
 1.284529e+01  5.515296e-03 
 1.284569e+01  5.531791e-03 
 1.284609e+01  5.547788e-03 
 1.284648e+01  5.563280e-03 
 1.284688e+01  5.578249e-03 
 1.284728e+01  5.592684e-03 
 1.284768e+01  5.606570e-03 
 1.284807e+01  5.619888e-03 
 1.284847e+01  5.632623e-03 
 1.284887e+01  5.644761e-03 
 1.284927e+01  5.656296e-03 
 1.284967e+01  5.667235e-03 
 1.285006e+01  5.677558e-03 
 1.285046e+01  5.687261e-03 
 1.285086e+01  5.696344e-03 
 1.285126e+01  5.704800e-03 
 1.285165e+01  5.712612e-03 
 1.285205e+01  5.719784e-03 
 1.285245e+01  5.726294e-03 
 1.285285e+01  5.732145e-03 
 1.285324e+01  5.737325e-03 
 1.285364e+01  5.741825e-03 
 1.285404e+01  5.745643e-03 
 1.285444e+01  5.748755e-03 
 1.285484e+01  5.751150e-03 
 1.285523e+01  5.752812e-03 
 1.285563e+01  5.753727e-03 
 1.285603e+01  5.753889e-03 
 1.285643e+01  5.753280e-03 
 1.285682e+01  5.751895e-03 
 1.285722e+01  5.749734e-03 
 1.285762e+01  5.746786e-03 
 1.285802e+01  5.743054e-03 
 1.285841e+01  5.738545e-03 
 1.285881e+01  5.733260e-03 
 1.285921e+01  5.727213e-03 
 1.285961e+01  5.720409e-03 
 1.286001e+01  5.712860e-03 
 1.286040e+01  5.704575e-03 
 1.286080e+01  5.695569e-03 
 1.286120e+01  5.685859e-03 
 1.286160e+01  5.675455e-03 
 1.286199e+01  5.664363e-03 
 1.286239e+01  5.652590e-03 
 1.286279e+01  5.640145e-03 
 1.286319e+01  5.627048e-03 
 1.286358e+01  5.613303e-03 
 1.286398e+01  5.598910e-03 
 1.286438e+01  5.583889e-03 
 1.286478e+01  5.568246e-03 
 1.286518e+01  5.551999e-03 
 1.286557e+01  5.535174e-03 
 1.286597e+01  5.517776e-03 
 1.286637e+01  5.499819e-03 
 1.286677e+01  5.481314e-03 
 1.286716e+01  5.462289e-03 
 1.286756e+01  5.442765e-03 
 1.286796e+01  5.422759e-03 
 1.286836e+01  5.402296e-03 
 1.286875e+01  5.381388e-03 
 1.286915e+01  5.360068e-03 
 1.286955e+01  5.338350e-03 
 1.286995e+01  5.316252e-03 
 1.287035e+01  5.293777e-03 
 1.287074e+01  5.270931e-03 
 1.287114e+01  5.247724e-03 
 1.287154e+01  5.224173e-03 
 1.287194e+01  5.200292e-03 
 1.287233e+01  5.176085e-03 
 1.287273e+01  5.151561e-03 
 1.287313e+01  5.126740e-03 
 1.287353e+01  5.101630e-03 
 1.287392e+01  5.076236e-03 
 1.287432e+01  5.050576e-03 
 1.287472e+01  5.024664e-03 
 1.287512e+01  4.998512e-03 
 1.287552e+01  4.972143e-03 
 1.287591e+01  4.945585e-03 
 1.287631e+01  4.918864e-03 
 1.287671e+01  4.891999e-03 
 1.287711e+01  4.865020e-03 
 1.287750e+01  4.837958e-03 
 1.287790e+01  4.810837e-03 
 1.287830e+01  4.783685e-03 
 1.287870e+01  4.756528e-03 
 1.287909e+01  4.729388e-03 
 1.287949e+01  4.702284e-03 
 1.287989e+01  4.675246e-03 
 1.288029e+01  4.648293e-03 
 1.288069e+01  4.621442e-03 
 1.288108e+01  4.594713e-03 
 1.288148e+01  4.568124e-03 
 1.288188e+01  4.541691e-03 
 1.288228e+01  4.515426e-03 
 1.288267e+01  4.489345e-03 
 1.288307e+01  4.463466e-03 
 1.288347e+01  4.437794e-03 
 1.288387e+01  4.412354e-03 
 1.288426e+01  4.387163e-03 
 1.288466e+01  4.362239e-03 
 1.288506e+01  4.337600e-03 
 1.288546e+01  4.313268e-03 
 1.288586e+01  4.289257e-03 
 1.288625e+01  4.265582e-03 
 1.288665e+01  4.242255e-03 
 1.288705e+01  4.219298e-03 
 1.288745e+01  4.196718e-03 
 1.288784e+01  4.174524e-03 
 1.288824e+01  4.152734e-03 
 1.288864e+01  4.131350e-03 
 1.288904e+01  4.110383e-03 
 1.288943e+01  4.089833e-03 
 1.288983e+01  4.069712e-03 
 1.289023e+01  4.050013e-03 
 1.289063e+01  4.030730e-03 
 1.289103e+01  4.011877e-03 
 1.289142e+01  3.993451e-03 
 1.289182e+01  3.975475e-03 
 1.289222e+01  3.957945e-03 
 1.289262e+01  3.940884e-03 
 1.289301e+01  3.924294e-03 
 1.289341e+01  3.908189e-03 
 1.289381e+01  3.892598e-03 
 1.289421e+01  3.877521e-03 
 1.289460e+01  3.862976e-03 
 1.289500e+01  3.848978e-03 
 1.289540e+01  3.835526e-03 
 1.289580e+01  3.822639e-03 
 1.289620e+01  3.810319e-03 
 1.289659e+01  3.798577e-03 
 1.289699e+01  3.787409e-03 
 1.289739e+01  3.776808e-03 
 1.289779e+01  3.766784e-03 
 1.289818e+01  3.757331e-03 
 1.289858e+01  3.748449e-03 
 1.289898e+01  3.740131e-03 
 1.289938e+01  3.732375e-03 
 1.289977e+01  3.725174e-03 
 1.290017e+01  3.718535e-03 
 1.290057e+01  3.712456e-03 
 1.290097e+01  3.706946e-03 
 1.290137e+01  3.702004e-03 
 1.290176e+01  3.697639e-03 
 1.290216e+01  3.693857e-03 
 1.290256e+01  3.690664e-03 
 1.290296e+01  3.688067e-03 
 1.290335e+01  3.686069e-03 
 1.290375e+01  3.684670e-03 
 1.290415e+01  3.683876e-03 
 1.290455e+01  3.683700e-03 
 1.290494e+01  3.684142e-03 
 1.290534e+01  3.685200e-03 
 1.290574e+01  3.686872e-03 
 1.290614e+01  3.689153e-03 
 1.290654e+01  3.692038e-03 
 1.290693e+01  3.695525e-03 
 1.290733e+01  3.699609e-03 
 1.290773e+01  3.704279e-03 
 1.290813e+01  3.709524e-03 
 1.290852e+01  3.715343e-03 
 1.290892e+01  3.721737e-03 
 1.290932e+01  3.728702e-03 
 1.290972e+01  3.736226e-03 
 1.291011e+01  3.744306e-03 
 1.291051e+01  3.752936e-03 
 1.291091e+01  3.762120e-03 
 1.291131e+01  3.771860e-03 
 1.291171e+01  3.782146e-03 
 1.291210e+01  3.792976e-03 
 1.291250e+01  3.804344e-03 
 1.291290e+01  3.816248e-03 
 1.291330e+01  3.828692e-03 
 1.291369e+01  3.841666e-03 
 1.291409e+01  3.855150e-03 
 1.291449e+01  3.869130e-03 
 1.291489e+01  3.883599e-03 
 1.291528e+01  3.898549e-03 
 1.291568e+01  3.913974e-03 
 1.291608e+01  3.929856e-03 
 1.291648e+01  3.946187e-03 
 1.291688e+01  3.962959e-03 
 1.291727e+01  3.980165e-03 
 1.291767e+01  3.997793e-03 
 1.291807e+01  4.015840e-03 
 1.291847e+01  4.034298e-03 
 1.291886e+01  4.053161e-03 
 1.291926e+01  4.072438e-03 
 1.291966e+01  4.092132e-03 
 1.292006e+01  4.112249e-03 
 1.292045e+01  4.132796e-03 
 1.292085e+01  4.153768e-03 
 1.292125e+01  4.175165e-03 
 1.292165e+01  4.196977e-03 
 1.292205e+01  4.219202e-03 
 1.292244e+01  4.241828e-03 
 1.292284e+01  4.264840e-03 
 1.292324e+01  4.288222e-03 
 1.292364e+01  4.311971e-03 
 1.292403e+01  4.336060e-03 
 1.292443e+01  4.360481e-03 
 1.292483e+01  4.385207e-03 
 1.292523e+01  4.410211e-03 
 1.292562e+01  4.435462e-03 
 1.292602e+01  4.460938e-03 
 1.292642e+01  4.486615e-03 
 1.292682e+01  4.512472e-03 
 1.292722e+01  4.538491e-03 
 1.292761e+01  4.564656e-03 
 1.292801e+01  4.590953e-03 
 1.292841e+01  4.617360e-03 
 1.292881e+01  4.643864e-03 
 1.292920e+01  4.670448e-03 
 1.292960e+01  4.697090e-03 
 1.293000e+01  4.723767e-03 
 1.293040e+01  4.750455e-03 
 1.293079e+01  4.777144e-03 
 1.293119e+01  4.803815e-03 
 1.293159e+01  4.830445e-03 
 1.293199e+01  4.857013e-03 
 1.293239e+01  4.883493e-03 
 1.293278e+01  4.909866e-03 
 1.293318e+01  4.936117e-03 
 1.293358e+01  4.962226e-03 
 1.293398e+01  4.988167e-03 
 1.293437e+01  5.013918e-03 
 1.293477e+01  5.039463e-03 
 1.293517e+01  5.064794e-03 
 1.293557e+01  5.089902e-03 
 1.293596e+01  5.114774e-03 
 1.293636e+01  5.139396e-03 
 1.293676e+01  5.163759e-03 
 1.293716e+01  5.187860e-03 
 1.293756e+01  5.211681e-03 
 1.293795e+01  5.235215e-03 
 1.293835e+01  5.258446e-03 
 1.293875e+01  5.281354e-03 
 1.293915e+01  5.303924e-03 
 1.293954e+01  5.326159e-03 
 1.293994e+01  5.348038e-03 
 1.294034e+01  5.369539e-03 
 1.294074e+01  5.390646e-03 
 1.294114e+01  5.411329e-03 
 1.294153e+01  5.431563e-03 
 1.294193e+01  5.451321e-03 
 1.294233e+01  5.470603e-03 
 1.294273e+01  5.489365e-03 
 1.294312e+01  5.507592e-03 
 1.294352e+01  5.525273e-03 
 1.294392e+01  5.542384e-03 
 1.294432e+01  5.558910e-03 
 1.294471e+01  5.574841e-03 
 1.294511e+01  5.590167e-03 
 1.294551e+01  5.604866e-03 
 1.294591e+01  5.618936e-03 
 1.294631e+01  5.632359e-03 
 1.294670e+01  5.645130e-03 
 1.294710e+01  5.657243e-03 
 1.294750e+01  5.668684e-03 
 1.294790e+01  5.679443e-03 
 1.294829e+01  5.689529e-03 
 1.294869e+01  5.698926e-03 
 1.294909e+01  5.707621e-03 
 1.294949e+01  5.715609e-03 
 1.294988e+01  5.722866e-03 
 1.295028e+01  5.729392e-03 
 1.295068e+01  5.735178e-03 
 1.295108e+01  5.740209e-03 
 1.295148e+01  5.744482e-03 
 1.295187e+01  5.747986e-03 
 1.295227e+01  5.750725e-03 
 1.295267e+01  5.752697e-03 
 1.295307e+01  5.753903e-03 
 1.295346e+01  5.754347e-03 
 1.295386e+01  5.754024e-03 
 1.295426e+01  5.752940e-03 
 1.295466e+01  5.751115e-03 
 1.295505e+01  5.748560e-03 
 1.295545e+01  5.745280e-03 
 1.295585e+01  5.741292e-03 
 1.295625e+01  5.736608e-03 
 1.295665e+01  5.731237e-03 
 1.295704e+01  5.725185e-03 
 1.295744e+01  5.718460e-03 
 1.295784e+01  5.711061e-03 
 1.295824e+01  5.702980e-03 
 1.295863e+01  5.694240e-03 
 1.295903e+01  5.684837e-03 
 1.295943e+01  5.674780e-03 
 1.295983e+01  5.664069e-03 
 1.296022e+01  5.652709e-03 
 1.296062e+01  5.640719e-03 
 1.296102e+01  5.628109e-03 
 1.296142e+01  5.614888e-03 
 1.296182e+01  5.601066e-03 
 1.296221e+01  5.586665e-03 
 1.296261e+01  5.571701e-03 
 1.296301e+01  5.556192e-03 
 1.296341e+01  5.540159e-03 
 1.296380e+01  5.523612e-03 
 1.296420e+01  5.506568e-03 
 1.296460e+01  5.489047e-03 
 1.296500e+01  5.471060e-03 
 1.296539e+01  5.452616e-03 
 1.296579e+01  5.433716e-03 
 1.296619e+01  5.414377e-03 
 1.296659e+01  5.394603e-03 
 1.296699e+01  5.374409e-03 
 1.296738e+01  5.353801e-03 
 1.296778e+01  5.332785e-03 
 1.296818e+01  5.311372e-03 
 1.296858e+01  5.289567e-03 
 1.296897e+01  5.267392e-03 
 1.296937e+01  5.244845e-03 
 1.296977e+01  5.221944e-03 
 1.297017e+01  5.198699e-03 
 1.297056e+01  5.175129e-03 
 1.297096e+01  5.151261e-03 
 1.297136e+01  5.127112e-03 
 1.297176e+01  5.102707e-03 
 1.297216e+01  5.078073e-03 
 1.297255e+01  5.053230e-03 
 1.297295e+01  5.028207e-03 
 1.297335e+01  5.003022e-03 
 1.297375e+01  4.977698e-03 
 1.297414e+01  4.952249e-03 
 1.297454e+01  4.926703e-03 
 1.297494e+01  4.901085e-03 
 1.297534e+01  4.875413e-03 
 1.297573e+01  4.849704e-03 
 1.297613e+01  4.823971e-03 
 1.297653e+01  4.798231e-03 
 1.297693e+01  4.772496e-03 
 1.297733e+01  4.746776e-03 
 1.297772e+01  4.721078e-03 
 1.297812e+01  4.695408e-03 
 1.297852e+01  4.669789e-03 
 1.297892e+01  4.644238e-03 
 1.297931e+01  4.618774e-03 
 1.297971e+01  4.593416e-03 
 1.298011e+01  4.568173e-03 
 1.298051e+01  4.543058e-03 
 1.298090e+01  4.518087e-03 
 1.298130e+01  4.493278e-03 
 1.298170e+01  4.468647e-03 
 1.298210e+01  4.444207e-03 
 1.298250e+01  4.419975e-03 
 1.298289e+01  4.395963e-03 
 1.298329e+01  4.372183e-03 
 1.298369e+01  4.348650e-03 
 1.298409e+01  4.325364e-03 
 1.298448e+01  4.302332e-03 
 1.298488e+01  4.279562e-03 
 1.298528e+01  4.257047e-03 
 1.298568e+01  4.234800e-03 
 1.298607e+01  4.212831e-03 
 1.298647e+01  4.191141e-03 
 1.298687e+01  4.169741e-03 
 1.298727e+01  4.148649e-03 
 1.298767e+01  4.127885e-03 
 1.298806e+01  4.107458e-03 
 1.298846e+01  4.087384e-03 
 1.298886e+01  4.067678e-03 
 1.298926e+01  4.048347e-03 
 1.298965e+01  4.029412e-03 
 1.299005e+01  4.010883e-03 
 1.299045e+01  3.992776e-03 
 1.299085e+01  3.975110e-03 
 1.299124e+01  3.957880e-03 
 1.299164e+01  3.941116e-03 
 1.299204e+01  3.924804e-03 
 1.299244e+01  3.908958e-03 
 1.299284e+01  3.893583e-03 
 1.299323e+01  3.878670e-03 
 1.299363e+01  3.864226e-03 
 1.299403e+01  3.850249e-03 
 1.299443e+01  3.836754e-03 
 1.299482e+01  3.823739e-03 
 1.299522e+01  3.811209e-03 
 1.299562e+01  3.799166e-03 
 1.299602e+01  3.787628e-03 
 1.299641e+01  3.776606e-03 
 1.299681e+01  3.766111e-03 
 1.299721e+01  3.756158e-03 
 1.299761e+01  3.746751e-03 
 1.299801e+01  3.737903e-03 
 1.299840e+01  3.729624e-03 
 1.299880e+01  3.721925e-03 
 1.299920e+01  3.714816e-03 
 1.299960e+01  3.708307e-03 
 1.299999e+01  3.702407e-03 
 1.300039e+01  3.697121e-03 
 1.300079e+01  3.692458e-03 
 1.300119e+01  3.688413e-03 
 1.300158e+01  3.684984e-03 
 1.300198e+01  3.682169e-03 
 1.300238e+01  3.679967e-03 
 1.300278e+01  3.678383e-03 
 1.300318e+01  3.677409e-03 
 1.300357e+01  3.677052e-03 
 1.300397e+01  3.677308e-03 
 1.300437e+01  3.678169e-03 
 1.300477e+01  3.679640e-03 
 1.300516e+01  3.681714e-03 
 1.300556e+01  3.684395e-03 
 1.300596e+01  3.687685e-03 
 1.300636e+01  3.691588e-03 
 1.300675e+01  3.696107e-03 
 1.300715e+01  3.701240e-03 
 1.300755e+01  3.706992e-03 
 1.300795e+01  3.713369e-03 
 1.300835e+01  3.720373e-03 
 1.300874e+01  3.727998e-03 
 1.300914e+01  3.736237e-03 
 1.300954e+01  3.745085e-03 
 1.300994e+01  3.754538e-03 
 1.301033e+01  3.764595e-03 
 1.301073e+01  3.775252e-03 
 1.301113e+01  3.786496e-03 
 1.301153e+01  3.798327e-03 
 1.301192e+01  3.810737e-03 
 1.301232e+01  3.823726e-03 
 1.301272e+01  3.837291e-03 
 1.301312e+01  3.851415e-03 
 1.301352e+01  3.866095e-03 
 1.301391e+01  3.881329e-03 
 1.301431e+01  3.897137e-03 
 1.301471e+01  3.913515e-03 
 1.301511e+01  3.930466e-03 
 1.301550e+01  3.947990e-03 
 1.301590e+01  3.966085e-03 
 1.301630e+01  3.984750e-03 
 1.301670e+01  4.003971e-03 
 1.301709e+01  4.023742e-03 
 1.301749e+01  4.044043e-03 
 1.301789e+01  4.064865e-03 
 1.301829e+01  4.086201e-03 
 1.301869e+01  4.108031e-03 
 1.301908e+01  4.130333e-03 
 1.301948e+01  4.153078e-03 
 1.301988e+01  4.176235e-03 
 1.302028e+01  4.199778e-03 
 1.302067e+01  4.223685e-03 
 1.302107e+01  4.247931e-03 
 1.302147e+01  4.272487e-03 
 1.302187e+01  4.297327e-03 
 1.302226e+01  4.322433e-03 
 1.302266e+01  4.347790e-03 
 1.302306e+01  4.373374e-03 
 1.302346e+01  4.399178e-03 
 1.302386e+01  4.425175e-03 
 1.302425e+01  4.451352e-03 
 1.302465e+01  4.477691e-03 
 1.302505e+01  4.504180e-03 
 1.302545e+01  4.530801e-03 
 1.302584e+01  4.557542e-03 
 1.302624e+01  4.584382e-03 
 1.302664e+01  4.611311e-03 
 1.302704e+01  4.638310e-03 
 1.302743e+01  4.665368e-03 
 1.302783e+01  4.692463e-03 
 1.302823e+01  4.719576e-03 
 1.302863e+01  4.746686e-03 
 1.302903e+01  4.773769e-03 
 1.302942e+01  4.800812e-03 
 1.302982e+01  4.827802e-03 
 1.303022e+01  4.854727e-03 
 1.303062e+01  4.881571e-03 
 1.303101e+01  4.908325e-03 
 1.303141e+01  4.934970e-03 
 1.303181e+01  4.961492e-03 
 1.303221e+01  4.987874e-03 
 1.303261e+01  5.014097e-03 
 1.303300e+01  5.040146e-03 
 1.303340e+01  5.066006e-03 
 1.303380e+01  5.091661e-03 
 1.303420e+01  5.117096e-03 
 1.303459e+01  5.142291e-03 
 1.303499e+01  5.167217e-03 
 1.303539e+01  5.191853e-03 
 1.303579e+01  5.216172e-03 
 1.303618e+01  5.240150e-03 
 1.303658e+01  5.263759e-03 
 1.303698e+01  5.286961e-03 
 1.303738e+01  5.309737e-03 
 1.303778e+01  5.332065e-03 
 1.303817e+01  5.353922e-03 
 1.303857e+01  5.375290e-03 
 1.303897e+01  5.396154e-03 
 1.303937e+01  5.416495e-03 
 1.303976e+01  5.436293e-03 
 1.304016e+01  5.455538e-03 
 1.304056e+01  5.474227e-03 
 1.304096e+01  5.492333e-03 
 1.304135e+01  5.509865e-03 
 1.304175e+01  5.526803e-03 
 1.304215e+01  5.543152e-03 
 1.304255e+01  5.558900e-03 
 1.304295e+01  5.574048e-03 
 1.304334e+01  5.588594e-03 
 1.304374e+01  5.602521e-03 
 1.304414e+01  5.615813e-03 
 1.304454e+01  5.628466e-03 
 1.304493e+01  5.640463e-03 
 1.304533e+01  5.651796e-03 
 1.304573e+01  5.662462e-03 
 1.304613e+01  5.672447e-03 
 1.304652e+01  5.681738e-03 
 1.304692e+01  5.690329e-03 
 1.304732e+01  5.698221e-03 
 1.304772e+01  5.705406e-03 
 1.304812e+01  5.711883e-03 
 1.304851e+01  5.717645e-03 
 1.304891e+01  5.722701e-03 
 1.304931e+01  5.727054e-03 
 1.304971e+01  5.730707e-03 
 1.305010e+01  5.733665e-03 
 1.305050e+01  5.735937e-03 
 1.305090e+01  5.737522e-03 
 1.305130e+01  5.738431e-03 
 1.305169e+01  5.738670e-03 
 1.305209e+01  5.738244e-03 
 1.305249e+01  5.737153e-03 
 1.305289e+01  5.735393e-03 
 1.305329e+01  5.732967e-03 
 1.305368e+01  5.729876e-03 
 1.305408e+01  5.726130e-03 
 1.305448e+01  5.721726e-03 
 1.305488e+01  5.716667e-03 
 1.305527e+01  5.710952e-03 
 1.305567e+01  5.704583e-03 
 1.305607e+01  5.697568e-03 
 1.305647e+01  5.689918e-03 
 1.305686e+01  5.681641e-03 
 1.305726e+01  5.672745e-03 
 1.305766e+01  5.663245e-03 
 1.305806e+01  5.653151e-03 
 1.305846e+01  5.642479e-03 
 1.305885e+01  5.631242e-03 
 1.305925e+01  5.619451e-03 
 1.305965e+01  5.607120e-03 
 1.306005e+01  5.594255e-03 
 1.306044e+01  5.580867e-03 
 1.306084e+01  5.566956e-03 
 1.306124e+01  5.552535e-03 
 1.306164e+01  5.537599e-03 
 1.306203e+01  5.522157e-03 
 1.306243e+01  5.506211e-03 
 1.306283e+01  5.489764e-03 
 1.306323e+01  5.472829e-03 
 1.306363e+01  5.455400e-03 
 1.306402e+01  5.437482e-03 
 1.306442e+01  5.419082e-03 
 1.306482e+01  5.400211e-03 
 1.306522e+01  5.380880e-03 
 1.306561e+01  5.361103e-03 
 1.306601e+01  5.340898e-03 
 1.306641e+01  5.320289e-03 
 1.306681e+01  5.299303e-03 
 1.306720e+01  5.277957e-03 
 1.306760e+01  5.256277e-03 
 1.306800e+01  5.234280e-03 
 1.306840e+01  5.211982e-03 
 1.306880e+01  5.189408e-03 
 1.306919e+01  5.166585e-03 
 1.306959e+01  5.143534e-03 
 1.306999e+01  5.120269e-03 
 1.307039e+01  5.096806e-03 
 1.307078e+01  5.073163e-03 
 1.307118e+01  5.049354e-03 
 1.307158e+01  5.025394e-03 
 1.307198e+01  5.001292e-03 
 1.307237e+01  4.977058e-03 
 1.307277e+01  4.952701e-03 
 1.307317e+01  4.928237e-03 
 1.307357e+01  4.903678e-03 
 1.307397e+01  4.879035e-03 
 1.307436e+01  4.854317e-03 
 1.307476e+01  4.829534e-03 
 1.307516e+01  4.804701e-03 
 1.307556e+01  4.779831e-03 
 1.307595e+01  4.754933e-03 
 1.307635e+01  4.730019e-03 
 1.307675e+01  4.705097e-03 
 1.307715e+01  4.680175e-03 
 1.307754e+01  4.655265e-03 
 1.307794e+01  4.630385e-03 
 1.307834e+01  4.605542e-03 
 1.307874e+01  4.580736e-03 
 1.307914e+01  4.555975e-03 
 1.307953e+01  4.531264e-03 
 1.307993e+01  4.506613e-03 
 1.308033e+01  4.482028e-03 
 1.308073e+01  4.457514e-03 
 1.308112e+01  4.433079e-03 
 1.308152e+01  4.408735e-03 
 1.308192e+01  4.384499e-03 
 1.308232e+01  4.360392e-03 
 1.308271e+01  4.336423e-03 
 1.308311e+01  4.312617e-03 
 1.308351e+01  4.288987e-03 
 1.308391e+01  4.265556e-03 
 1.308431e+01  4.242358e-03 
 1.308470e+01  4.219407e-03 
 1.308510e+01  4.196738e-03 
 1.308550e+01  4.174377e-03 
 1.308590e+01  4.152337e-03 
 1.308629e+01  4.130638e-03 
 1.308669e+01  4.109304e-03 
 1.308709e+01  4.088357e-03 
 1.308749e+01  4.067791e-03 
 1.308788e+01  4.047628e-03 
 1.308828e+01  4.027874e-03 
 1.308868e+01  4.008528e-03 
 1.308908e+01  3.989598e-03 
 1.308948e+01  3.971106e-03 
 1.308987e+01  3.953050e-03 
 1.309027e+01  3.935443e-03 
 1.309067e+01  3.918290e-03 
 1.309107e+01  3.901607e-03 
 1.309146e+01  3.885404e-03 
 1.309186e+01  3.869686e-03 
 1.309226e+01  3.854468e-03 
 1.309266e+01  3.839751e-03 
 1.309305e+01  3.825544e-03 
 1.309345e+01  3.811870e-03 
 1.309385e+01  3.798736e-03 
 1.309425e+01  3.786153e-03 
 1.309465e+01  3.774131e-03 
 1.309504e+01  3.762674e-03 
 1.309544e+01  3.751793e-03 
 1.309584e+01  3.741489e-03 
 1.309624e+01  3.731768e-03 
 1.309663e+01  3.722627e-03 
 1.309703e+01  3.714065e-03 
 1.309743e+01  3.706092e-03 
 1.309783e+01  3.698712e-03 
 1.309822e+01  3.691926e-03 
 1.309862e+01  3.685741e-03 
 1.309902e+01  3.680159e-03 
 1.309942e+01  3.675183e-03 
 1.309982e+01  3.670819e-03 
 1.310021e+01  3.667080e-03 
 1.310061e+01  3.663972e-03 
 1.310101e+01  3.661492e-03 
 1.310141e+01  3.659663e-03 
 1.310180e+01  3.658490e-03 
 1.310220e+01  3.657984e-03 
 1.310260e+01  3.658153e-03 
 1.310300e+01  3.659006e-03 
 1.310339e+01  3.660549e-03 
 1.310379e+01  3.662778e-03 
 1.310419e+01  3.665702e-03 
 1.310459e+01  3.669326e-03 
 1.310499e+01  3.673635e-03 
 1.310538e+01  3.678632e-03 
 1.310578e+01  3.684311e-03 
 1.310618e+01  3.690663e-03 
 1.310658e+01  3.697685e-03 
 1.310697e+01  3.705380e-03 
 1.310737e+01  3.713730e-03 
 1.310777e+01  3.722730e-03 
 1.310817e+01  3.732380e-03 
 1.310856e+01  3.742673e-03 
 1.310896e+01  3.753615e-03 
 1.310936e+01  3.765202e-03 
 1.310976e+01  3.777428e-03 
 1.311016e+01  3.790293e-03 
 1.311055e+01  3.803798e-03 
 1.311095e+01  3.817946e-03 
 1.311135e+01  3.832733e-03 
 1.311175e+01  3.848153e-03 
 1.311214e+01  3.864190e-03 
 1.311254e+01  3.880836e-03 
 1.311294e+01  3.898079e-03 
 1.311334e+01  3.915916e-03 
 1.311373e+01  3.934328e-03 
 1.311413e+01  3.953293e-03 
 1.311453e+01  3.972791e-03 
 1.311493e+01  3.992799e-03 
 1.311533e+01  4.013298e-03 
 1.311572e+01  4.034258e-03 
 1.311612e+01  4.055659e-03 
 1.311652e+01  4.077472e-03 
 1.311692e+01  4.099690e-03 
 1.311731e+01  4.122293e-03 
 1.311771e+01  4.145264e-03 
 1.311811e+01  4.168597e-03 
 1.311851e+01  4.192270e-03 
 1.311890e+01  4.216270e-03 
 1.311930e+01  4.240585e-03 
 1.311970e+01  4.265203e-03 
 1.312010e+01  4.290108e-03 
 1.312050e+01  4.315289e-03 
 1.312089e+01  4.340735e-03 
 1.312129e+01  4.366423e-03 
 1.312169e+01  4.392345e-03 
 1.312209e+01  4.418482e-03 
 1.312248e+01  4.444811e-03 
 1.312288e+01  4.471317e-03 
 1.312328e+01  4.497981e-03 
 1.312368e+01  4.524779e-03 
 1.312408e+01  4.551695e-03 
 1.312447e+01  4.578708e-03 
 1.312487e+01  4.605801e-03 
 1.312527e+01  4.632953e-03 
 1.312567e+01  4.660152e-03 
 1.312606e+01  4.687379e-03 
 1.312646e+01  4.714625e-03 
 1.312686e+01  4.741871e-03 
 1.312726e+01  4.769102e-03 
 1.312765e+01  4.796301e-03 
 1.312805e+01  4.823447e-03 
 1.312845e+01  4.850521e-03 
 1.312885e+01  4.877516e-03 
 1.312925e+01  4.904409e-03 
 1.312964e+01  4.931180e-03 
 1.313004e+01  4.957796e-03 
 1.313044e+01  4.984243e-03 
 1.313084e+01  5.010493e-03 
 1.313123e+01  5.036519e-03 
 1.313163e+01  5.062297e-03 
 1.313203e+01  5.087797e-03 
 1.313243e+01  5.112990e-03 
 1.313282e+01  5.137856e-03 
 1.313322e+01  5.162376e-03 
 1.313362e+01  5.186524e-03 
 1.313402e+01  5.210273e-03 
 1.313442e+01  5.233605e-03 
 1.313481e+01  5.256505e-03 
 1.313521e+01  5.278959e-03 
 1.313561e+01  5.300953e-03 
 1.313601e+01  5.322478e-03 
 1.313640e+01  5.343529e-03 
 1.313680e+01  5.364094e-03 
 1.313720e+01  5.384177e-03 
 1.313760e+01  5.403769e-03 
 1.313799e+01  5.422864e-03 
 1.313839e+01  5.441445e-03 
 1.313879e+01  5.459496e-03 
 1.313919e+01  5.477032e-03 
 1.313959e+01  5.494022e-03 
 1.313998e+01  5.510467e-03 
 1.314038e+01  5.526353e-03 
 1.314078e+01  5.541664e-03 
 1.314118e+01  5.556394e-03 
 1.314157e+01  5.570537e-03 
 1.314197e+01  5.584095e-03 
 1.314237e+01  5.597060e-03 
 1.314277e+01  5.609417e-03 
 1.314316e+01  5.621155e-03 
 1.314356e+01  5.632272e-03 
 1.314396e+01  5.642774e-03 
 1.314436e+01  5.652651e-03 
 1.314476e+01  5.661909e-03 
 1.314515e+01  5.670546e-03 
 1.314555e+01  5.678569e-03 
 1.314595e+01  5.685985e-03 
 1.314635e+01  5.692789e-03 
 1.314674e+01  5.698985e-03 
 1.314714e+01  5.704559e-03 
 1.314754e+01  5.709511e-03 
 1.314794e+01  5.713836e-03 
 1.314833e+01  5.717530e-03 
 1.314873e+01  5.720586e-03 
 1.314913e+01  5.722997e-03 
 1.314953e+01  5.724758e-03 
 1.314993e+01  5.725863e-03 
 1.315032e+01  5.726306e-03 
 1.315072e+01  5.726087e-03 
 1.315112e+01  5.725201e-03 
 1.315152e+01  5.723651e-03 
 1.315191e+01  5.721430e-03 
 1.315231e+01  5.718545e-03 
 1.315271e+01  5.715011e-03 
 1.315311e+01  5.710832e-03 
 1.315350e+01  5.706016e-03 
 1.315390e+01  5.700570e-03 
 1.315430e+01  5.694499e-03 
 1.315470e+01  5.687815e-03 
 1.315510e+01  5.680525e-03 
 1.315549e+01  5.672641e-03 
 1.315589e+01  5.664165e-03 
 1.315629e+01  5.655095e-03 
 1.315669e+01  5.645438e-03 
 1.315708e+01  5.635197e-03 
 1.315748e+01  5.624378e-03 
 1.315788e+01  5.612983e-03 
 1.315828e+01  5.601014e-03 
 1.315867e+01  5.588474e-03 
 1.315907e+01  5.575370e-03 
 1.315947e+01  5.561713e-03 
 1.315987e+01  5.547513e-03 
 1.316027e+01  5.532784e-03 
 1.316066e+01  5.517536e-03 
 1.316106e+01  5.501778e-03 
 1.316146e+01  5.485534e-03 
 1.316186e+01  5.468826e-03 
 1.316225e+01  5.451667e-03 
 1.316265e+01  5.434074e-03 
 1.316305e+01  5.416066e-03 
 1.316345e+01  5.397660e-03 
 1.316384e+01  5.378876e-03 
 1.316424e+01  5.359730e-03 
 1.316464e+01  5.340239e-03 
 1.316504e+01  5.320415e-03 
 1.316544e+01  5.300264e-03 
 1.316583e+01  5.279805e-03 
 1.316623e+01  5.259034e-03 
 1.316663e+01  5.237964e-03 
 1.316703e+01  5.216592e-03 
 1.316742e+01  5.194925e-03 
 1.316782e+01  5.172969e-03 
 1.316822e+01  5.150731e-03 
 1.316862e+01  5.128210e-03 
 1.316901e+01  5.105413e-03 
 1.316941e+01  5.082350e-03 
 1.316981e+01  5.059027e-03 
 1.317021e+01  5.035458e-03 
 1.317061e+01  5.011662e-03 
 1.317100e+01  4.987647e-03 
 1.317140e+01  4.963422e-03 
 1.317180e+01  4.938999e-03 
 1.317220e+01  4.914392e-03 
 1.317259e+01  4.889610e-03 
 1.317299e+01  4.864675e-03 
 1.317339e+01  4.839593e-03 
 1.317379e+01  4.814382e-03 
 1.317418e+01  4.789054e-03 
 1.317458e+01  4.763628e-03 
 1.317498e+01  4.738111e-03 
 1.317538e+01  4.712520e-03 
 1.317578e+01  4.686858e-03 
 1.317617e+01  4.661135e-03 
 1.317657e+01  4.635380e-03 
 1.317697e+01  4.609616e-03 
 1.317737e+01  4.583852e-03 
 1.317776e+01  4.558110e-03 
 1.317816e+01  4.532412e-03 
 1.317856e+01  4.506787e-03 
 1.317896e+01  4.481255e-03 
 1.317935e+01  4.455849e-03 
 1.317975e+01  4.430592e-03 
 1.318015e+01  4.405502e-03 
 1.318055e+01  4.380602e-03 
 1.318095e+01  4.355927e-03 
 1.318134e+01  4.331489e-03 
 1.318174e+01  4.307308e-03 
 1.318214e+01  4.283390e-03 
 1.318254e+01  4.259751e-03 
 1.318293e+01  4.236404e-03 
 1.318333e+01  4.213356e-03 
 1.318373e+01  4.190620e-03 
 1.318413e+01  4.168208e-03 
 1.318452e+01  4.146112e-03 
 1.318492e+01  4.124343e-03 
 1.318532e+01  4.102908e-03 
 1.318572e+01  4.081830e-03 
 1.318612e+01  4.061100e-03 
 1.318651e+01  4.040737e-03 
 1.318691e+01  4.020744e-03 
 1.318731e+01  4.001128e-03 
 1.318771e+01  3.981907e-03 
 1.318810e+01  3.963094e-03 
 1.318850e+01  3.944721e-03 
 1.318890e+01  3.926783e-03 
 1.318930e+01  3.909307e-03 
 1.318969e+01  3.892298e-03 
 1.319009e+01  3.875775e-03 
 1.319049e+01  3.859760e-03 
 1.319089e+01  3.844244e-03 
 1.319129e+01  3.829242e-03 
 1.319168e+01  3.814765e-03 
 1.319208e+01  3.800814e-03 
 1.319248e+01  3.787420e-03 
 1.319288e+01  3.774586e-03 
 1.319327e+01  3.762313e-03 
 1.319367e+01  3.750623e-03 
 1.319407e+01  3.739513e-03 
 1.319447e+01  3.728993e-03 
 1.319486e+01  3.719080e-03 
 1.319526e+01  3.709778e-03 
 1.319566e+01  3.701092e-03 
 1.319606e+01  3.693044e-03 
 1.319646e+01  3.685651e-03 
 1.319685e+01  3.678930e-03 
 1.319725e+01  3.672888e-03 
 1.319765e+01  3.667534e-03 
 1.319805e+01  3.662875e-03 
 1.319844e+01  3.658915e-03 
 1.319884e+01  3.655668e-03 
 1.319924e+01  3.653132e-03 
 1.319964e+01  3.651314e-03 
 1.320003e+01  3.650202e-03 
 1.320043e+01  3.649799e-03 
 1.320083e+01  3.650104e-03 
 1.320123e+01  3.651108e-03 
 1.320163e+01  3.652815e-03 
 1.320202e+01  3.655216e-03 
 1.320242e+01  3.658300e-03 
 1.320282e+01  3.662066e-03 
 1.320322e+01  3.666509e-03 
 1.320361e+01  3.671627e-03 
 1.320401e+01  3.677413e-03 
 1.320441e+01  3.683866e-03 
 1.320481e+01  3.690988e-03 
 1.320520e+01  3.698781e-03 
 1.320560e+01  3.707252e-03 
 1.320600e+01  3.716402e-03 
 1.320640e+01  3.726228e-03 
 1.320680e+01  3.736721e-03 
 1.320719e+01  3.747878e-03 
 1.320759e+01  3.759697e-03 
 1.320799e+01  3.772175e-03 
 1.320839e+01  3.785293e-03 
 1.320878e+01  3.799042e-03 
 1.320918e+01  3.813408e-03 
 1.320958e+01  3.828373e-03 
 1.320998e+01  3.843927e-03 
 1.321037e+01  3.860047e-03 
 1.321077e+01  3.876710e-03 
 1.321117e+01  3.893898e-03 
 1.321157e+01  3.911592e-03 
 1.321197e+01  3.929795e-03 
 1.321236e+01  3.948495e-03 
 1.321276e+01  3.967666e-03 
 1.321316e+01  3.987299e-03 
 1.321356e+01  4.007385e-03 
 1.321395e+01  4.027918e-03 
 1.321435e+01  4.048895e-03 
 1.321475e+01  4.070309e-03 
 1.321515e+01  4.092147e-03 
 1.321555e+01  4.114397e-03 
 1.321594e+01  4.137058e-03 
 1.321634e+01  4.160114e-03 
 1.321674e+01  4.183555e-03 
 1.321714e+01  4.207363e-03 
 1.321753e+01  4.231519e-03 
 1.321793e+01  4.256007e-03 
 1.321833e+01  4.280813e-03 
 1.321873e+01  4.305925e-03 
 1.321912e+01  4.331319e-03 
 1.321952e+01  4.356966e-03 
 1.321992e+01  4.382844e-03 
 1.322032e+01  4.408942e-03 
 1.322072e+01  4.435238e-03 
 1.322111e+01  4.461721e-03 
 1.322151e+01  4.488369e-03 
 1.322191e+01  4.515157e-03 
 1.322231e+01  4.542067e-03 
 1.322270e+01  4.569079e-03 
 1.322310e+01  4.596179e-03 
 1.322350e+01  4.623342e-03 
 1.322390e+01  4.650544e-03 
 1.322429e+01  4.677762e-03 
 1.322469e+01  4.704979e-03 
 1.322509e+01  4.732180e-03 
 1.322549e+01  4.759340e-03 
 1.322589e+01  4.786432e-03 
 1.322628e+01  4.813428e-03 
 1.322668e+01  4.840293e-03 
 1.322708e+01  4.867006e-03 
 1.322748e+01  4.893540e-03 
 1.322787e+01  4.919880e-03 
 1.322827e+01  4.945995e-03 
 1.322867e+01  4.971856e-03 
 1.322907e+01  4.997450e-03 
 1.322946e+01  5.022762e-03 
 1.322986e+01  5.047776e-03 
 1.323026e+01  5.072480e-03 
 1.323066e+01  5.096860e-03 
 1.323106e+01  5.120902e-03 
 1.323145e+01  5.144600e-03 
 1.323185e+01  5.167956e-03 
 1.323225e+01  5.190968e-03 
 1.323265e+01  5.213623e-03 
 1.323304e+01  5.235913e-03 
 1.323344e+01  5.257834e-03 
 1.323384e+01  5.279379e-03 
 1.323424e+01  5.300545e-03 
 1.323463e+01  5.321311e-03 
 1.323503e+01  5.341668e-03 
 1.323543e+01  5.361596e-03 
 1.323583e+01  5.381093e-03 
 1.323623e+01  5.400147e-03 
 1.323662e+01  5.418751e-03 
 1.323702e+01  5.436879e-03 
 1.323742e+01  5.454512e-03 
 1.323782e+01  5.471659e-03 
 1.323821e+01  5.488288e-03 
 1.323861e+01  5.504403e-03 
 1.323901e+01  5.519994e-03 
 1.323941e+01  5.535046e-03 
 1.323980e+01  5.549554e-03 
 1.324020e+01  5.563523e-03 
 1.324060e+01  5.576955e-03 
 1.324100e+01  5.589839e-03 
 1.324140e+01  5.602162e-03 
 1.324179e+01  5.613906e-03 
 1.324219e+01  5.625066e-03 
 1.324259e+01  5.635632e-03 
 1.324299e+01  5.645606e-03 
 1.324338e+01  5.654967e-03 
 1.324378e+01  5.663708e-03 
 1.324418e+01  5.671827e-03 
 1.324458e+01  5.679312e-03 
 1.324497e+01  5.686150e-03 
 1.324537e+01  5.692328e-03 
 1.324577e+01  5.697839e-03 
 1.324617e+01  5.702673e-03 
 1.324657e+01  5.706832e-03 
 1.324696e+01  5.710324e-03 
 1.324736e+01  5.713154e-03 
 1.324776e+01  5.715325e-03 
 1.324816e+01  5.716842e-03 
 1.324855e+01  5.717703e-03 
 1.324895e+01  5.717925e-03 
 1.324935e+01  5.717510e-03 
 1.324975e+01  5.716466e-03 
 1.325014e+01  5.714802e-03 
 1.325054e+01  5.712517e-03 
 1.325094e+01  5.709612e-03 
 1.325134e+01  5.706104e-03 
 1.325174e+01  5.701995e-03 
 1.325213e+01  5.697281e-03 
 1.325253e+01  5.691963e-03 
 1.325293e+01  5.686047e-03 
 1.325333e+01  5.679530e-03 
 1.325372e+01  5.672416e-03 
 1.325412e+01  5.664714e-03 
 1.325452e+01  5.656414e-03 
 1.325492e+01  5.647518e-03 
 1.325531e+01  5.638033e-03 
 1.325571e+01  5.627963e-03 
 1.325611e+01  5.617327e-03 
 1.325651e+01  5.606137e-03 
 1.325691e+01  5.594400e-03 
 1.325730e+01  5.582126e-03 
 1.325770e+01  5.569337e-03 
 1.325810e+01  5.556048e-03 
 1.325850e+01  5.542268e-03 
 1.325889e+01  5.528011e-03 
 1.325929e+01  5.513288e-03 
 1.325969e+01  5.498103e-03 
 1.326009e+01  5.482469e-03 
 1.326048e+01  5.466401e-03 
 1.326088e+01  5.449895e-03 
 1.326128e+01  5.432954e-03 
 1.326168e+01  5.415579e-03 
 1.326208e+01  5.397770e-03 
 1.326247e+01  5.379544e-03 
 1.326287e+01  5.360900e-03 
 1.326327e+01  5.341835e-03 
 1.326367e+01  5.322355e-03 
 1.326406e+01  5.302463e-03 
 1.326446e+01  5.282177e-03 
 1.326486e+01  5.261499e-03 
 1.326526e+01  5.240445e-03 
 1.326565e+01  5.219023e-03 
 1.326605e+01  5.197244e-03 
 1.326645e+01  5.175125e-03 
 1.326685e+01  5.152678e-03 
 1.326725e+01  5.129928e-03 
 1.326764e+01  5.106879e-03 
 1.326804e+01  5.083539e-03 
 1.326844e+01  5.059935e-03 
 1.326884e+01  5.036078e-03 
 1.326923e+01  5.011990e-03 
 1.326963e+01  4.987678e-03 
 1.327003e+01  4.963151e-03 
 1.327043e+01  4.938418e-03 
 1.327082e+01  4.913488e-03 
 1.327122e+01  4.888382e-03 
 1.327162e+01  4.863120e-03 
 1.327202e+01  4.837710e-03 
 1.327242e+01  4.812166e-03 
 1.327281e+01  4.786509e-03 
 1.327321e+01  4.760762e-03 
 1.327361e+01  4.734942e-03 
 1.327401e+01  4.709071e-03 
 1.327440e+01  4.683164e-03 
 1.327480e+01  4.657239e-03 
 1.327520e+01  4.631325e-03 
 1.327560e+01  4.605451e-03 
 1.327599e+01  4.579636e-03 
 1.327639e+01  4.553892e-03 
 1.327679e+01  4.528236e-03 
 1.327719e+01  4.502686e-03 
 1.327759e+01  4.477255e-03 
 1.327798e+01  4.451953e-03 
 1.327838e+01  4.426796e-03 
 1.327878e+01  4.401777e-03 
 1.327918e+01  4.376911e-03 
 1.327957e+01  4.352210e-03 
 1.327997e+01  4.327690e-03 
 1.328037e+01  4.303364e-03 
 1.328077e+01  4.279231e-03 
 1.328116e+01  4.255310e-03 
 1.328156e+01  4.231622e-03 
 1.328196e+01  4.208178e-03 
 1.328236e+01  4.184997e-03 
 1.328276e+01  4.162099e-03 
 1.328315e+01  4.139506e-03 
 1.328355e+01  4.117232e-03 
 1.328395e+01  4.095298e-03 
 1.328435e+01  4.073731e-03 
 1.328474e+01  4.052542e-03 
 1.328514e+01  4.031747e-03 
 1.328554e+01  4.011356e-03 
 1.328594e+01  3.991382e-03 
 1.328633e+01  3.971848e-03 
 1.328673e+01  3.952759e-03 
 1.328713e+01  3.934138e-03 
 1.328753e+01  3.915984e-03 
 1.328793e+01  3.898331e-03 
 1.328832e+01  3.881185e-03 
 1.328872e+01  3.864542e-03 
 1.328912e+01  3.848436e-03 
 1.328952e+01  3.832855e-03 
 1.328991e+01  3.817808e-03 
 1.329031e+01  3.803311e-03 
 1.329071e+01  3.789384e-03 
 1.329111e+01  3.776038e-03 
 1.329150e+01  3.763301e-03 
 1.329190e+01  3.751180e-03 
 1.329230e+01  3.739690e-03 
 1.329270e+01  3.728841e-03 
 1.329310e+01  3.718637e-03 
 1.329349e+01  3.709099e-03 
 1.329389e+01  3.700216e-03 
 1.329429e+01  3.692003e-03 
 1.329469e+01  3.684470e-03 
 1.329508e+01  3.677630e-03 
 1.329548e+01  3.671486e-03 
 1.329588e+01  3.666041e-03 
 1.329628e+01  3.661293e-03 
 1.329667e+01  3.657230e-03 
 1.329707e+01  3.653848e-03 
 1.329747e+01  3.651148e-03 
 1.329787e+01  3.649128e-03 
 1.329827e+01  3.647787e-03 
 1.329866e+01  3.647124e-03 
 1.329906e+01  3.647147e-03 
 1.329946e+01  3.647861e-03 
 1.329986e+01  3.649266e-03 
 1.330025e+01  3.651371e-03 
 1.330065e+01  3.654172e-03 
 1.330105e+01  3.657663e-03 
 1.330145e+01  3.661855e-03 
 1.330184e+01  3.666758e-03 
 1.330224e+01  3.672367e-03 
 1.330264e+01  3.678678e-03 
 1.330304e+01  3.685687e-03 
 1.330344e+01  3.693389e-03 
 1.330383e+01  3.701785e-03 
 1.330423e+01  3.710868e-03 
 1.330463e+01  3.720617e-03 
 1.330503e+01  3.731020e-03 
 1.330542e+01  3.742065e-03 
 1.330582e+01  3.753733e-03 
 1.330622e+01  3.766020e-03 
 1.330662e+01  3.778920e-03 
 1.330702e+01  3.792415e-03 
 1.330741e+01  3.806499e-03 
 1.330781e+01  3.821168e-03 
 1.330821e+01  3.836416e-03 
 1.330861e+01  3.852245e-03 
 1.330900e+01  3.868639e-03 
 1.330940e+01  3.885591e-03 
 1.330980e+01  3.903103e-03 
 1.331020e+01  3.921171e-03 
 1.331059e+01  3.939786e-03 
 1.331099e+01  3.958948e-03 
 1.331139e+01  3.978645e-03 
 1.331179e+01  3.998855e-03 
 1.331219e+01  4.019567e-03 
 1.331258e+01  4.040765e-03 
 1.331298e+01  4.062438e-03 
 1.331338e+01  4.084569e-03 
 1.331378e+01  4.107134e-03 
 1.331417e+01  4.130112e-03 
 1.331457e+01  4.153479e-03 
 1.331497e+01  4.177215e-03 
 1.331537e+01  4.201297e-03 
 1.331576e+01  4.225697e-03 
 1.331616e+01  4.250399e-03 
 1.331656e+01  4.275386e-03 
 1.331696e+01  4.300635e-03 
 1.331736e+01  4.326122e-03 
 1.331775e+01  4.351831e-03 
 1.331815e+01  4.377733e-03 
 1.331855e+01  4.403802e-03 
 1.331895e+01  4.430025e-03 
 1.331934e+01  4.456383e-03 
 1.331974e+01  4.482859e-03 
 1.332014e+01  4.509430e-03 
 1.332054e+01  4.536078e-03 
 1.332093e+01  4.562777e-03 
 1.332133e+01  4.589502e-03 
 1.332173e+01  4.616236e-03 
 1.332213e+01  4.642949e-03 
 1.332253e+01  4.669626e-03 
 1.332292e+01  4.696241e-03 
 1.332332e+01  4.722778e-03 
 1.332372e+01  4.749227e-03 
 1.332412e+01  4.775569e-03 
 1.332451e+01  4.801778e-03 
 1.332491e+01  4.827841e-03 
 1.332531e+01  4.853744e-03 
 1.332571e+01  4.879481e-03 
 1.332610e+01  4.905040e-03 
 1.332650e+01  4.930421e-03 
 1.332690e+01  4.955614e-03 
 1.332730e+01  4.980606e-03 
 1.332770e+01  5.005396e-03 
 1.332809e+01  5.029971e-03 
 1.332849e+01  5.054322e-03 
 1.332889e+01  5.078438e-03 
 1.332929e+01  5.102300e-03 
 1.332968e+01  5.125893e-03 
 1.333008e+01  5.149208e-03 
 1.333048e+01  5.172224e-03 
 1.333088e+01  5.194927e-03 
 1.333127e+01  5.217298e-03 
 1.333167e+01  5.239315e-03 
 1.333207e+01  5.260963e-03 
 1.333247e+01  5.282215e-03 
 1.333287e+01  5.303056e-03 
 1.333326e+01  5.323474e-03 
 1.333366e+01  5.343445e-03 
 1.333406e+01  5.362966e-03 
 1.333446e+01  5.382025e-03 
 1.333485e+01  5.400621e-03 
 1.333525e+01  5.418748e-03 
 1.333565e+01  5.436396e-03 
 1.333605e+01  5.453558e-03 
 1.333644e+01  5.470223e-03 
 1.333684e+01  5.486392e-03 
 1.333724e+01  5.502049e-03 
 1.333764e+01  5.517191e-03 
 1.333804e+01  5.531805e-03 
 1.333843e+01  5.545891e-03 
 1.333883e+01  5.559435e-03 
 1.333923e+01  5.572430e-03 
 1.333963e+01  5.584868e-03 
 1.334002e+01  5.596736e-03 
 1.334042e+01  5.608012e-03 
 1.334082e+01  5.618693e-03 
 1.334122e+01  5.628777e-03 
 1.334161e+01  5.638258e-03 
 1.334201e+01  5.647137e-03 
 1.334241e+01  5.655413e-03 
 1.334281e+01  5.663087e-03 
 1.334321e+01  5.670166e-03 
 1.334360e+01  5.676649e-03 
 1.334400e+01  5.682547e-03 
 1.334440e+01  5.687852e-03 
 1.334480e+01  5.692570e-03 
 1.334519e+01  5.696693e-03 
 1.334559e+01  5.700228e-03 
 1.334599e+01  5.703182e-03 
 1.334639e+01  5.705544e-03 
 1.334678e+01  5.707316e-03 
 1.334718e+01  5.708496e-03 
 1.334758e+01  5.709080e-03 
 1.334798e+01  5.709066e-03 
 1.334838e+01  5.708447e-03 
 1.334877e+01  5.707215e-03 
 1.334917e+01  5.705368e-03 
 1.334957e+01  5.702907e-03 
 1.334997e+01  5.699839e-03 
 1.335036e+01  5.696164e-03 
 1.335076e+01  5.691889e-03 
 1.335116e+01  5.687014e-03 
 1.335156e+01  5.681538e-03 
 1.335195e+01  5.675476e-03 
 1.335235e+01  5.668832e-03 
 1.335275e+01  5.661623e-03 
 1.335315e+01  5.653848e-03 
 1.335355e+01  5.645510e-03 
 1.335394e+01  5.636622e-03 
 1.335434e+01  5.627201e-03 
 1.335474e+01  5.617249e-03 
 1.335514e+01  5.606778e-03 
 1.335553e+01  5.595783e-03 
 1.335593e+01  5.584268e-03 
 1.335633e+01  5.572226e-03 
 1.335673e+01  5.559661e-03 
 1.335712e+01  5.546576e-03 
 1.335752e+01  5.532964e-03 
 1.335792e+01  5.518822e-03 
 1.335832e+01  5.504149e-03 
 1.335872e+01  5.488952e-03 
 1.335911e+01  5.473224e-03 
 1.335951e+01  5.456973e-03 
 1.335991e+01  5.440200e-03 
 1.336031e+01  5.422913e-03 
 1.336070e+01  5.405120e-03 
 1.336110e+01  5.386828e-03 
 1.336150e+01  5.368059e-03 
 1.336190e+01  5.348823e-03 
 1.336229e+01  5.329131e-03 
 1.336269e+01  5.308994e-03 
 1.336309e+01  5.288429e-03 
 1.336349e+01  5.267449e-03 
 1.336389e+01  5.246070e-03 
 1.336428e+01  5.224308e-03 
 1.336468e+01  5.202173e-03 
 1.336508e+01  5.179687e-03 
 1.336548e+01  5.156858e-03 
 1.336587e+01  5.133696e-03 
 1.336627e+01  5.110221e-03 
 1.336667e+01  5.086443e-03 
 1.336707e+01  5.062379e-03 
 1.336746e+01  5.038043e-03 
 1.336786e+01  5.013462e-03 
 1.336826e+01  4.988650e-03 
 1.336866e+01  4.963631e-03 
 1.336906e+01  4.938422e-03 
 1.336945e+01  4.913044e-03 
 1.336985e+01  4.887519e-03 
 1.337025e+01  4.861868e-03 
 1.337065e+01  4.836115e-03 
 1.337104e+01  4.810275e-03 
 1.337144e+01  4.784365e-03 
 1.337184e+01  4.758400e-03 
 1.337224e+01  4.732391e-03 
 1.337263e+01  4.706352e-03 
 1.337303e+01  4.680286e-03 
 1.337343e+01  4.654199e-03 
 1.337383e+01  4.628100e-03 
 1.337423e+01  4.601997e-03 
 1.337462e+01  4.575898e-03 
 1.337502e+01  4.549813e-03 
 1.337542e+01  4.523747e-03 
 1.337582e+01  4.497712e-03 
 1.337621e+01  4.471723e-03 
 1.337661e+01  4.445797e-03 
 1.337701e+01  4.419946e-03 
 1.337741e+01  4.394184e-03 
 1.337780e+01  4.368533e-03 
 1.337820e+01  4.343015e-03 
 1.337860e+01  4.317648e-03 
 1.337900e+01  4.292460e-03 
 1.337940e+01  4.267474e-03 
 1.337979e+01  4.242711e-03 
 1.338019e+01  4.218190e-03 
 1.338059e+01  4.193935e-03 
 1.338099e+01  4.169977e-03 
 1.338138e+01  4.146331e-03 
 1.338178e+01  4.123018e-03 
 1.338218e+01  4.100064e-03 
 1.338258e+01  4.077487e-03 
 1.338297e+01  4.055306e-03 
 1.338337e+01  4.033539e-03 
 1.338377e+01  4.012212e-03 
 1.338417e+01  3.991326e-03 
 1.338457e+01  3.970895e-03 
 1.338496e+01  3.950939e-03 
 1.338536e+01  3.931478e-03 
 1.338576e+01  3.912533e-03 
 1.338616e+01  3.894140e-03 
 1.338655e+01  3.876298e-03 
 1.338695e+01  3.859023e-03 
 1.338735e+01  3.842344e-03 
 1.338775e+01  3.826258e-03 
 1.338814e+01  3.810782e-03 
 1.338854e+01  3.795926e-03 
 1.338894e+01  3.781702e-03 
 1.338934e+01  3.768123e-03 
 1.338974e+01  3.755198e-03 
 1.339013e+01  3.742946e-03 
 1.339053e+01  3.731364e-03 
 1.339093e+01  3.720447e-03 
 1.339133e+01  3.710198e-03 
 1.339172e+01  3.700609e-03 
 1.339212e+01  3.691683e-03 
 1.339252e+01  3.683426e-03 
 1.339292e+01  3.675832e-03 
 1.339331e+01  3.668916e-03 
 1.339371e+01  3.662676e-03 
 1.339411e+01  3.657125e-03 
 1.339451e+01  3.652263e-03 
 1.339491e+01  3.648096e-03 
 1.339530e+01  3.644628e-03 
 1.339570e+01  3.641865e-03 
 1.339610e+01  3.639817e-03 
 1.339650e+01  3.638494e-03 
 1.339689e+01  3.637902e-03 
 1.339729e+01  3.638043e-03 
 1.339769e+01  3.638926e-03 
 1.339809e+01  3.640557e-03 
 1.339849e+01  3.642936e-03 
 1.339888e+01  3.646060e-03 
 1.339928e+01  3.649922e-03 
 1.339968e+01  3.654514e-03 
 1.340008e+01  3.659828e-03 
 1.340047e+01  3.665849e-03 
 1.340087e+01  3.672567e-03 
 1.340127e+01  3.679973e-03 
 1.340167e+01  3.688062e-03 
 1.340206e+01  3.696831e-03 
 1.340246e+01  3.706261e-03 
 1.340286e+01  3.716340e-03 
 1.340326e+01  3.727064e-03 
 1.340366e+01  3.738430e-03 
 1.340405e+01  3.750428e-03 
 1.340445e+01  3.763053e-03 
 1.340485e+01  3.776304e-03 
 1.340525e+01  3.790175e-03 
 1.340564e+01  3.804658e-03 
 1.340604e+01  3.819748e-03 
 1.340644e+01  3.835432e-03 
 1.340684e+01  3.851693e-03 
 1.340723e+01  3.868515e-03 
 1.340763e+01  3.885889e-03 
 1.340803e+01  3.903803e-03 
 1.340843e+01  3.922233e-03 
 1.340883e+01  3.941160e-03 
 1.340922e+01  3.960571e-03 
 1.340962e+01  3.980443e-03 
 1.341002e+01  4.000758e-03 
 1.341042e+01  4.021497e-03 
 1.341081e+01  4.042635e-03 
 1.341121e+01  4.064162e-03 
 1.341161e+01  4.086057e-03 
 1.341201e+01  4.108312e-03 
 1.341240e+01  4.130909e-03 
 1.341280e+01  4.153825e-03 
 1.341320e+01  4.177044e-03 
 1.341360e+01  4.200551e-03 
 1.341400e+01  4.224332e-03 
 1.341439e+01  4.248378e-03 
 1.341479e+01  4.272667e-03 
 1.341519e+01  4.297171e-03 
 1.341559e+01  4.321882e-03 
 1.341598e+01  4.346780e-03 
 1.341638e+01  4.371846e-03 
 1.341678e+01  4.397060e-03 
 1.341718e+01  4.422402e-03 
 1.341757e+01  4.447853e-03 
 1.341797e+01  4.473389e-03 
 1.341837e+01  4.498999e-03 
 1.341877e+01  4.524667e-03 
 1.341917e+01  4.550360e-03 
 1.341956e+01  4.576065e-03 
 1.341996e+01  4.601771e-03 
 1.342036e+01  4.627465e-03 
 1.342076e+01  4.653140e-03 
 1.342115e+01  4.678780e-03 
 1.342155e+01  4.704378e-03 
 1.342195e+01  4.729926e-03 
 1.342235e+01  4.755411e-03 
 1.342274e+01  4.780830e-03 
 1.342314e+01  4.806170e-03 
 1.342354e+01  4.831424e-03 
 1.342394e+01  4.856581e-03 
 1.342434e+01  4.881633e-03 
 1.342473e+01  4.906564e-03 
 1.342513e+01  4.931362e-03 
 1.342553e+01  4.956004e-03 
 1.342593e+01  4.980474e-03 
 1.342632e+01  5.004745e-03 
 1.342672e+01  5.028801e-03 
 1.342712e+01  5.052628e-03 
 1.342752e+01  5.076210e-03 
 1.342791e+01  5.099528e-03 
 1.342831e+01  5.122567e-03 
 1.342871e+01  5.145309e-03 
 1.342911e+01  5.167737e-03 
 1.342951e+01  5.189846e-03 
 1.342990e+01  5.211626e-03 
 1.343030e+01  5.233065e-03 
 1.343070e+01  5.254144e-03 
 1.343110e+01  5.274859e-03 
 1.343149e+01  5.295202e-03 
 1.343189e+01  5.315172e-03 
 1.343229e+01  5.334748e-03 
 1.343269e+01  5.353917e-03 
 1.343308e+01  5.372679e-03 
 1.343348e+01  5.391017e-03 
 1.343388e+01  5.408921e-03 
 1.343428e+01  5.426378e-03 
 1.343468e+01  5.443382e-03 
 1.343507e+01  5.459898e-03 
 1.343547e+01  5.475927e-03 
 1.343587e+01  5.491460e-03 
 1.343627e+01  5.506488e-03 
 1.343666e+01  5.521004e-03 
 1.343706e+01  5.535003e-03 
 1.343746e+01  5.548494e-03 
 1.343786e+01  5.561469e-03 
 1.343825e+01  5.573936e-03 
 1.343865e+01  5.585886e-03 
 1.343905e+01  5.597312e-03 
 1.343945e+01  5.608218e-03 
 1.343985e+01  5.618601e-03 
 1.344024e+01  5.628464e-03 
 1.344064e+01  5.637812e-03 
 1.344104e+01  5.646638e-03 
 1.344144e+01  5.654944e-03 
 1.344183e+01  5.662725e-03 
 1.344223e+01  5.669971e-03 
 1.344263e+01  5.676682e-03 
 1.344303e+01  5.682836e-03 
 1.344342e+01  5.688427e-03 
 1.344382e+01  5.693451e-03 
 1.344422e+01  5.697896e-03 
 1.344462e+01  5.701758e-03 
 1.344502e+01  5.705032e-03 
 1.344541e+01  5.707714e-03 
 1.344581e+01  5.709800e-03 
 1.344621e+01  5.711279e-03 
 1.344661e+01  5.712150e-03 
 1.344700e+01  5.712409e-03 
 1.344740e+01  5.712062e-03 
 1.344780e+01  5.711104e-03 
 1.344820e+01  5.709533e-03 
 1.344859e+01  5.707351e-03 
 1.344899e+01  5.704561e-03 
 1.344939e+01  5.701161e-03 
 1.344979e+01  5.697151e-03 
 1.345019e+01  5.692524e-03 
 1.345058e+01  5.687275e-03 
 1.345098e+01  5.681404e-03 
 1.345138e+01  5.674908e-03 
 1.345178e+01  5.667791e-03 
 1.345217e+01  5.660044e-03 
 1.345257e+01  5.651658e-03 
 1.345297e+01  5.642638e-03 
 1.345337e+01  5.632987e-03 
 1.345376e+01  5.622706e-03 
 1.345416e+01  5.611782e-03 
 1.345456e+01  5.600217e-03 
 1.345496e+01  5.588018e-03 
 1.345536e+01  5.575191e-03 
 1.345575e+01  5.561757e-03 
 1.345615e+01  5.547732e-03 
 1.345655e+01  5.533122e-03 
 1.345695e+01  5.517934e-03 
 1.345734e+01  5.502188e-03 
 1.345774e+01  5.485894e-03 
 1.345814e+01  5.469075e-03 
 1.345854e+01  5.451736e-03 
 1.345893e+01  5.433881e-03 
 1.345933e+01  5.415535e-03 
 1.345973e+01  5.396717e-03 
 1.346013e+01  5.377439e-03 
 1.346053e+01  5.357714e-03 
 1.346092e+01  5.337544e-03 
 1.346132e+01  5.316939e-03 
 1.346172e+01  5.295899e-03 
 1.346212e+01  5.274442e-03 
 1.346251e+01  5.252582e-03 
 1.346291e+01  5.230326e-03 
 1.346331e+01  5.207687e-03 
 1.346371e+01  5.184680e-03 
 1.346410e+01  5.161314e-03 
 1.346450e+01  5.137608e-03 
 1.346490e+01  5.113579e-03 
 1.346530e+01  5.089233e-03 
 1.346570e+01  5.064591e-03 
 1.346609e+01  5.039669e-03 
 1.346649e+01  5.014484e-03 
 1.346689e+01  4.989046e-03 
 1.346729e+01  4.963373e-03 
 1.346768e+01  4.937469e-03 
 1.346808e+01  4.911347e-03 
 1.346848e+01  4.885014e-03 
 1.346888e+01  4.858487e-03 
 1.346927e+01  4.831785e-03 
 1.346967e+01  4.804909e-03 
 1.347007e+01  4.777875e-03 
 1.347047e+01  4.750693e-03 
 1.347087e+01  4.723383e-03 
 1.347126e+01  4.695965e-03 
 1.347166e+01  4.668462e-03 
 1.347206e+01  4.640894e-03 
 1.347246e+01  4.613285e-03 
 1.347285e+01  4.585659e-03 
 1.347325e+01  4.558053e-03 
 1.347365e+01  4.530486e-03 
 1.347405e+01  4.502991e-03 
 1.347444e+01  4.475595e-03 
 1.347484e+01  4.448326e-03 
 1.347524e+01  4.421217e-03 
 1.347564e+01  4.394307e-03 
 1.347604e+01  4.367619e-03 
 1.347643e+01  4.341171e-03 
 1.347683e+01  4.314990e-03 
 1.347723e+01  4.289099e-03 
 1.347763e+01  4.263515e-03 
 1.347802e+01  4.238261e-03 
 1.347842e+01  4.213352e-03 
 1.347882e+01  4.188809e-03 
 1.347922e+01  4.164654e-03 
 1.347961e+01  4.140900e-03 
 1.348001e+01  4.117569e-03 
 1.348041e+01  4.094672e-03 
 1.348081e+01  4.072218e-03 
 1.348121e+01  4.050228e-03 
 1.348160e+01  4.028715e-03 
 1.348200e+01  4.007697e-03 
 1.348240e+01  3.987180e-03 
 1.348280e+01  3.967170e-03 
 1.348319e+01  3.947688e-03 
 1.348359e+01  3.928733e-03 
 1.348399e+01  3.910322e-03 
 1.348439e+01  3.892484e-03 
 1.348478e+01  3.875203e-03 
 1.348518e+01  3.858513e-03 
 1.348558e+01  3.842403e-03 
 1.348598e+01  3.826873e-03 
 1.348638e+01  3.811935e-03 
 1.348677e+01  3.797589e-03 
 1.348717e+01  3.783837e-03 
 1.348757e+01  3.770688e-03 
 1.348797e+01  3.758154e-03 
 1.348836e+01  3.746251e-03 
 1.348876e+01  3.734982e-03 
 1.348916e+01  3.724353e-03 
 1.348956e+01  3.714373e-03 
 1.348996e+01  3.705043e-03 
 1.349035e+01  3.696375e-03 
 1.349075e+01  3.688389e-03 
 1.349115e+01  3.681094e-03 
 1.349155e+01  3.674504e-03 
 1.349194e+01  3.668629e-03 
 1.349234e+01  3.663480e-03 
 1.349274e+01  3.659070e-03 
 1.349314e+01  3.655407e-03 
 1.349353e+01  3.652492e-03 
 1.349393e+01  3.650319e-03 
 1.349433e+01  3.648891e-03 
 1.349473e+01  3.648195e-03 
 1.349513e+01  3.648235e-03 
 1.349552e+01  3.649002e-03 
 1.349592e+01  3.650477e-03 
 1.349632e+01  3.652653e-03 
 1.349672e+01  3.655518e-03 
 1.349711e+01  3.659069e-03 
 1.349751e+01  3.663305e-03 
 1.349791e+01  3.668216e-03 
 1.349831e+01  3.673784e-03 
 1.349870e+01  3.679997e-03 
 1.349910e+01  3.686856e-03 
 1.349950e+01  3.694361e-03 
 1.349990e+01  3.702514e-03 
 1.350030e+01  3.711308e-03 
 1.350069e+01  3.720730e-03 
 1.350109e+01  3.730773e-03 
 1.350149e+01  3.741434e-03 
 1.350189e+01  3.752707e-03 
 1.350228e+01  3.764571e-03 
 1.350268e+01  3.777005e-03 
 1.350308e+01  3.790008e-03 
 1.350348e+01  3.803564e-03 
 1.350387e+01  3.817665e-03 
 1.350427e+01  3.832303e-03 
 1.350467e+01  3.847452e-03 
 1.350507e+01  3.863093e-03 
 1.350547e+01  3.879205e-03 
 1.350586e+01  3.895780e-03 
 1.350626e+01  3.912808e-03 
 1.350666e+01  3.930270e-03 
 1.350706e+01  3.948156e-03 
 1.350745e+01  3.966457e-03 
 1.350785e+01  3.985164e-03 
 1.350825e+01  4.004259e-03 
 1.350865e+01  4.023736e-03 
 1.350904e+01  4.043575e-03 
 1.350944e+01  4.063760e-03 
 1.350984e+01  4.084289e-03 
 1.351024e+01  4.105146e-03 
 1.351064e+01  4.126324e-03 
 1.351103e+01  4.147808e-03 
 1.351143e+01  4.169585e-03 
 1.351183e+01  4.191642e-03 
 1.351223e+01  4.213959e-03 
 1.351262e+01  4.236526e-03 
 1.351302e+01  4.259322e-03 
 1.351342e+01  4.282329e-03 
 1.351382e+01  4.305532e-03 
 1.351421e+01  4.328922e-03 
 1.351461e+01  4.352483e-03 
 1.351501e+01  4.376211e-03 
 1.351541e+01  4.400097e-03 
 1.351581e+01  4.424129e-03 
 1.351620e+01  4.448295e-03 
 1.351660e+01  4.472594e-03 
 1.351700e+01  4.497012e-03 
 1.351740e+01  4.521545e-03 
 1.351779e+01  4.546180e-03 
 1.351819e+01  4.570908e-03 
 1.351859e+01  4.595718e-03 
 1.351899e+01  4.620602e-03 
 1.351938e+01  4.645553e-03 
 1.351978e+01  4.670563e-03 
 1.352018e+01  4.695604e-03 
 1.352058e+01  4.720660e-03 
 1.352098e+01  4.745713e-03 
 1.352137e+01  4.770744e-03 
 1.352177e+01  4.795736e-03 
 1.352217e+01  4.820669e-03 
 1.352257e+01  4.845520e-03 
 1.352296e+01  4.870267e-03 
 1.352336e+01  4.894898e-03 
 1.352376e+01  4.919399e-03 
 1.352416e+01  4.943747e-03 
 1.352455e+01  4.967918e-03 
 1.352495e+01  4.991898e-03 
 1.352535e+01  5.015676e-03 
 1.352575e+01  5.039245e-03 
 1.352615e+01  5.062595e-03 
 1.352654e+01  5.085716e-03 
 1.352694e+01  5.108592e-03 
 1.352734e+01  5.131220e-03 
 1.352774e+01  5.153584e-03 
 1.352813e+01  5.175682e-03 
 1.352853e+01  5.197498e-03 
 1.352893e+01  5.219015e-03 
 1.352933e+01  5.240225e-03 
 1.352972e+01  5.261115e-03 
 1.353012e+01  5.281677e-03 
 1.353052e+01  5.301903e-03 
 1.353092e+01  5.321776e-03 
 1.353132e+01  5.341296e-03 
 1.353171e+01  5.360448e-03 
 1.353211e+01  5.379227e-03 
 1.353251e+01  5.397632e-03 
 1.353291e+01  5.415666e-03 
 1.353330e+01  5.433314e-03 
 1.353370e+01  5.450563e-03 
 1.353410e+01  5.467419e-03 
 1.353450e+01  5.483865e-03 
 1.353489e+01  5.499903e-03 
 1.353529e+01  5.515532e-03 
 1.353569e+01  5.530737e-03 
 1.353609e+01  5.545515e-03 
 1.353649e+01  5.559851e-03 
 1.353688e+01  5.573735e-03 
 1.353728e+01  5.587145e-03 
 1.353768e+01  5.600061e-03 
 1.353808e+01  5.612455e-03 
 1.353847e+01  5.624316e-03 
 1.353887e+01  5.635627e-03 
 1.353927e+01  5.646378e-03 
 1.353967e+01  5.656553e-03 
 1.354006e+01  5.666140e-03 
 1.354046e+01  5.675115e-03 
 1.354086e+01  5.683466e-03 
 1.354126e+01  5.691178e-03 
 1.354166e+01  5.698247e-03 
 1.354205e+01  5.704653e-03 
 1.354245e+01  5.710390e-03 
 1.354285e+01  5.715450e-03 
 1.354325e+01  5.719843e-03 
 1.354364e+01  5.723569e-03 
 1.354404e+01  5.726622e-03 
 1.354444e+01  5.728994e-03 
 1.354484e+01  5.730682e-03 
 1.354523e+01  5.731691e-03 
 1.354563e+01  5.732028e-03 
 1.354603e+01  5.731678e-03 
 1.354643e+01  5.730643e-03 
 1.354683e+01  5.728919e-03 
 1.354722e+01  5.726504e-03 
 1.354762e+01  5.723403e-03 
 1.354802e+01  5.719619e-03 
 1.354842e+01  5.715151e-03 
 1.354881e+01  5.709988e-03 
 1.354921e+01  5.704139e-03 
 1.354961e+01  5.697605e-03 
 1.355001e+01  5.690383e-03 
 1.355040e+01  5.682484e-03 
 1.355080e+01  5.673913e-03 
 1.355120e+01  5.664684e-03 
 1.355160e+01  5.654808e-03 
 1.355200e+01  5.644291e-03 
 1.355239e+01  5.633142e-03 
 1.355279e+01  5.621370e-03 
 1.355319e+01  5.608976e-03 
 1.355359e+01  5.595967e-03 
 1.355398e+01  5.582357e-03 
 1.355438e+01  5.568160e-03 
 1.355478e+01  5.553381e-03 
 1.355518e+01  5.538027e-03 
 1.355557e+01  5.522100e-03 
 1.355597e+01  5.505604e-03 
 1.355637e+01  5.488537e-03 
 1.355677e+01  5.470904e-03 
 1.355717e+01  5.452707e-03 
 1.355756e+01  5.433957e-03 
 1.355796e+01  5.414660e-03 
 1.355836e+01  5.394832e-03 
 1.355876e+01  5.374483e-03 
 1.355915e+01  5.353627e-03 
 1.355955e+01  5.332281e-03 
 1.355995e+01  5.310453e-03 
 1.356035e+01  5.288160e-03 
 1.356074e+01  5.265422e-03 
 1.356114e+01  5.242259e-03 
 1.356154e+01  5.218691e-03 
 1.356194e+01  5.194735e-03 
 1.356234e+01  5.170409e-03 
 1.356273e+01  5.145737e-03 
 1.356313e+01  5.120744e-03 
 1.356353e+01  5.095435e-03 
 1.356393e+01  5.069838e-03 
 1.356432e+01  5.043963e-03 
 1.356472e+01  5.017819e-03 
 1.356512e+01  4.991427e-03 
 1.356552e+01  4.964812e-03 
 1.356591e+01  4.937987e-03 
 1.356631e+01  4.910968e-03 
 1.356671e+01  4.883781e-03 
 1.356711e+01  4.856453e-03 
 1.356751e+01  4.829011e-03 
 1.356790e+01  4.801476e-03 
 1.356830e+01  4.773865e-03 
 1.356870e+01  4.746206e-03 
 1.356910e+01  4.718520e-03 
 1.356949e+01  4.690833e-03 
 1.356989e+01  4.663180e-03 
 1.357029e+01  4.635580e-03 
 1.357069e+01  4.608055e-03 
 1.357108e+01  4.580629e-03 
 1.357148e+01  4.553322e-03 
 1.357188e+01  4.526153e-03 
 1.357228e+01  4.499141e-03 
 1.357268e+01  4.472300e-03 
 1.357307e+01  4.445647e-03 
 1.357347e+01  4.419198e-03 
 1.357387e+01  4.392974e-03 
 1.357427e+01  4.366992e-03 
 1.357466e+01  4.341268e-03 
 1.357506e+01  4.315817e-03 
 1.357546e+01  4.290653e-03 
 1.357586e+01  4.265787e-03 
 1.357625e+01  4.241239e-03 
 1.357665e+01  4.217033e-03 
 1.357705e+01  4.193186e-03 
 1.357745e+01  4.169708e-03 
 1.357785e+01  4.146625e-03 
 1.357824e+01  4.123958e-03 
 1.357864e+01  4.101728e-03 
 1.357904e+01  4.079953e-03 
 1.357944e+01  4.058646e-03 
 1.357983e+01  4.037819e-03 
 1.358023e+01  4.017481e-03 
 1.358063e+01  3.997647e-03 
 1.358103e+01  3.978323e-03 
 1.358143e+01  3.959519e-03 
 1.358182e+01  3.941236e-03 
 1.358222e+01  3.923490e-03 
 1.358262e+01  3.906302e-03 
 1.358302e+01  3.889664e-03 
 1.358341e+01  3.873603e-03 
 1.358381e+01  3.858106e-03 
 1.358421e+01  3.843182e-03 
 1.358461e+01  3.828845e-03 
 1.358500e+01  3.815098e-03 
 1.358540e+01  3.801955e-03 
 1.358580e+01  3.789426e-03 
 1.358620e+01  3.777520e-03 
 1.358660e+01  3.766254e-03 
 1.358699e+01  3.755638e-03 
 1.358739e+01  3.745687e-03 
 1.358779e+01  3.736400e-03 
 1.358819e+01  3.727778e-03 
 1.358858e+01  3.719817e-03 
 1.358898e+01  3.712525e-03 
 1.358938e+01  3.705897e-03 
 1.358978e+01  3.699931e-03 
 1.359017e+01  3.694623e-03 
 1.359057e+01  3.689968e-03 
 1.359097e+01  3.685967e-03 
 1.359137e+01  3.682612e-03 
 1.359177e+01  3.679903e-03 
 1.359216e+01  3.677829e-03 
 1.359256e+01  3.676382e-03 
 1.359296e+01  3.675558e-03 
 1.359336e+01  3.675348e-03 
 1.359375e+01  3.675759e-03 
 1.359415e+01  3.676785e-03 
 1.359455e+01  3.678430e-03 
 1.359495e+01  3.680689e-03 
 1.359534e+01  3.683558e-03 
 1.359574e+01  3.687047e-03 
 1.359614e+01  3.691142e-03 
 1.359654e+01  3.695844e-03 
 1.359694e+01  3.701143e-03 
 1.359733e+01  3.707030e-03 
 1.359773e+01  3.713499e-03 
 1.359813e+01  3.720545e-03 
 1.359853e+01  3.728164e-03 
 1.359892e+01  3.736336e-03 
 1.359932e+01  3.745058e-03 
 1.359972e+01  3.754322e-03 
 1.360012e+01  3.764112e-03 
 1.360051e+01  3.774420e-03 
 1.360091e+01  3.785236e-03 
 1.360131e+01  3.796549e-03 
 1.360171e+01  3.808351e-03 
 1.360211e+01  3.820643e-03 
 1.360250e+01  3.833424e-03 
 1.360290e+01  3.846693e-03 
 1.360330e+01  3.860442e-03 
 1.360370e+01  3.874661e-03 
 1.360409e+01  3.889349e-03 
 1.360449e+01  3.904499e-03 
 1.360489e+01  3.920109e-03 
 1.360529e+01  3.936177e-03 
 1.360568e+01  3.952702e-03 
 1.360608e+01  3.969679e-03 
 1.360648e+01  3.987103e-03 
 1.360688e+01  4.004967e-03 
 1.360728e+01  4.023257e-03 
 1.360767e+01  4.041964e-03 
 1.360807e+01  4.061073e-03 
 1.360847e+01  4.080570e-03 
 1.360887e+01  4.100449e-03 
 1.360926e+01  4.120702e-03 
 1.360966e+01  4.141323e-03 
 1.361006e+01  4.162295e-03 
 1.361046e+01  4.183610e-03 
 1.361085e+01  4.205256e-03 
 1.361125e+01  4.227219e-03 
 1.361165e+01  4.249483e-03 
 1.361205e+01  4.272041e-03 
 1.361245e+01  4.294873e-03 
 1.361284e+01  4.317967e-03 
 1.361324e+01  4.341318e-03 
 1.361364e+01  4.364915e-03 
 1.361404e+01  4.388746e-03 
 1.361443e+01  4.412796e-03 
 1.361483e+01  4.437042e-03 
 1.361523e+01  4.461472e-03 
 1.361563e+01  4.486065e-03 
 1.361602e+01  4.510803e-03 
 1.361642e+01  4.535664e-03 
 1.361682e+01  4.560624e-03 
 1.361722e+01  4.585669e-03 
 1.361762e+01  4.610783e-03 
 1.361801e+01  4.635949e-03 
 1.361841e+01  4.661155e-03 
 1.361881e+01  4.686380e-03 
 1.361921e+01  4.711612e-03 
 1.361960e+01  4.736825e-03 
 1.362000e+01  4.762020e-03 
 1.362040e+01  4.787188e-03 
 1.362080e+01  4.812319e-03 
 1.362119e+01  4.837403e-03 
 1.362159e+01  4.862434e-03 
 1.362199e+01  4.887410e-03 
 1.362239e+01  4.912315e-03 
 1.362279e+01  4.937145e-03 
 1.362318e+01  4.961881e-03 
 1.362358e+01  4.986510e-03 
 1.362398e+01  5.011015e-03 
 1.362438e+01  5.035389e-03 
 1.362477e+01  5.059617e-03 
 1.362517e+01  5.083682e-03 
 1.362557e+01  5.107568e-03 
 1.362597e+01  5.131258e-03 
 1.362636e+01  5.154744e-03 
 1.362676e+01  5.178003e-03 
 1.362716e+01  5.201017e-03 
 1.362756e+01  5.223774e-03 
 1.362796e+01  5.246251e-03 
 1.362835e+01  5.268438e-03 
 1.362875e+01  5.290318e-03 
 1.362915e+01  5.311882e-03 
 1.362955e+01  5.333117e-03 
 1.362994e+01  5.353995e-03 
 1.363034e+01  5.374512e-03 
 1.363074e+01  5.394651e-03 
 1.363114e+01  5.414397e-03 
 1.363153e+01  5.433729e-03 
 1.363193e+01  5.452624e-03 
 1.363233e+01  5.471063e-03 
 1.363273e+01  5.489032e-03 
 1.363313e+01  5.506514e-03 
 1.363352e+01  5.523492e-03 
 1.363392e+01  5.539947e-03 
 1.363432e+01  5.555864e-03 
 1.363472e+01  5.571221e-03 
 1.363511e+01  5.586008e-03 
 1.363551e+01  5.600209e-03 
 1.363591e+01  5.613802e-03 
 1.363631e+01  5.626776e-03 
 1.363670e+01  5.639109e-03 
 1.363710e+01  5.650799e-03 
 1.363750e+01  5.661850e-03 
 1.363790e+01  5.672255e-03 
 1.363830e+01  5.682015e-03 
 1.363869e+01  5.691125e-03 
 1.363909e+01  5.699580e-03 
 1.363949e+01  5.707370e-03 
 1.363989e+01  5.714496e-03 
 1.364028e+01  5.720950e-03 
 1.364068e+01  5.726729e-03 
 1.364108e+01  5.731836e-03 
 1.364148e+01  5.736263e-03 
 1.364187e+01  5.739999e-03 
 1.364227e+01  5.743051e-03 
 1.364267e+01  5.745398e-03 
 1.364307e+01  5.747039e-03 
 1.364347e+01  5.747963e-03 
 1.364386e+01  5.748168e-03 
 1.364426e+01  5.747655e-03 
 1.364466e+01  5.746416e-03 
 1.364506e+01  5.744455e-03 
 1.364545e+01  5.741764e-03 
 1.364585e+01  5.738353e-03 
 1.364625e+01  5.734221e-03 
 1.364665e+01  5.729373e-03 
 1.364704e+01  5.723818e-03 
 1.364744e+01  5.717557e-03 
 1.364784e+01  5.710594e-03 
 1.364824e+01  5.702938e-03 
 1.364864e+01  5.694598e-03 
 1.364903e+01  5.685579e-03 
 1.364943e+01  5.675893e-03 
 1.364983e+01  5.665540e-03 
 1.365023e+01  5.654525e-03 
 1.365062e+01  5.642850e-03 
 1.365102e+01  5.630527e-03 
 1.365142e+01  5.617559e-03 
 1.365182e+01  5.603944e-03 
 1.365221e+01  5.589692e-03 
 1.365261e+01  5.574812e-03 
 1.365301e+01  5.559315e-03 
 1.365341e+01  5.543217e-03 
 1.365381e+01  5.526523e-03 
 1.365420e+01  5.509248e-03 
 1.365460e+01  5.491397e-03 
 1.365500e+01  5.472989e-03 
 1.365540e+01  5.454045e-03 
 1.365579e+01  5.434579e-03 
 1.365619e+01  5.414611e-03 
 1.365659e+01  5.394149e-03 
 1.365699e+01  5.373226e-03 
 1.365738e+01  5.351862e-03 
 1.365778e+01  5.330067e-03 
 1.365818e+01  5.307857e-03 
 1.365858e+01  5.285237e-03 
 1.365898e+01  5.262222e-03 
 1.365937e+01  5.238827e-03 
 1.365977e+01  5.215075e-03 
 1.366017e+01  5.190976e-03 
 1.366057e+01  5.166547e-03 
 1.366096e+01  5.141802e-03 
 1.366136e+01  5.116768e-03 
 1.366176e+01  5.091459e-03 
 1.366216e+01  5.065902e-03 
 1.366255e+01  5.040110e-03 
 1.366295e+01  5.014102e-03 
 1.366335e+01  4.987899e-03 
 1.366375e+01  4.961525e-03 
 1.366415e+01  4.935010e-03 
 1.366454e+01  4.908379e-03 
 1.366494e+01  4.881652e-03 
 1.366534e+01  4.854853e-03 
 1.366574e+01  4.828005e-03 
 1.366613e+01  4.801137e-03 
 1.366653e+01  4.774269e-03 
 1.366693e+01  4.747409e-03 
 1.366733e+01  4.720581e-03 
 1.366772e+01  4.693796e-03 
 1.366812e+01  4.667078e-03 
 1.366852e+01  4.640442e-03 
 1.366892e+01  4.613906e-03 
 1.366932e+01  4.587482e-03 
 1.366971e+01  4.561182e-03 
 1.367011e+01  4.535026e-03 
 1.367051e+01  4.509021e-03 
 1.367091e+01  4.483177e-03 
 1.367130e+01  4.457515e-03 
 1.367170e+01  4.432049e-03 
 1.367210e+01  4.406799e-03 
 1.367250e+01  4.381783e-03 
 1.367289e+01  4.357025e-03 
 1.367329e+01  4.332543e-03 
 1.367369e+01  4.308340e-03 
 1.367409e+01  4.284434e-03 
 1.367449e+01  4.260839e-03 
 1.367488e+01  4.237564e-03 
 1.367528e+01  4.214625e-03 
 1.367568e+01  4.192032e-03 
 1.367608e+01  4.169801e-03 
 1.367647e+01  4.147942e-03 
 1.367687e+01  4.126464e-03 
 1.367727e+01  4.105376e-03 
 1.367767e+01  4.084697e-03 
 1.367807e+01  4.064431e-03 
 1.367846e+01  4.044570e-03 
 1.367886e+01  4.025138e-03 
 1.367926e+01  4.006141e-03 
 1.367966e+01  3.987595e-03 
 1.368005e+01  3.969518e-03 
 1.368045e+01  3.951925e-03 
 1.368085e+01  3.934819e-03 
 1.368125e+01  3.918216e-03 
 1.368164e+01  3.902136e-03 
 1.368204e+01  3.886592e-03 
 1.368244e+01  3.871586e-03 
 1.368284e+01  3.857128e-03 
 1.368324e+01  3.843229e-03 
 1.368363e+01  3.829896e-03 
 1.368403e+01  3.817142e-03 
 1.368443e+01  3.804971e-03 
 1.368483e+01  3.793382e-03 
 1.368522e+01  3.782378e-03 
 1.368562e+01  3.771957e-03 
 1.368602e+01  3.762123e-03 
 1.368642e+01  3.752883e-03 
 1.368681e+01  3.744224e-03 
 1.368721e+01  3.736147e-03 
 1.368761e+01  3.728642e-03 
 1.368801e+01  3.721717e-03 
 1.368841e+01  3.715369e-03 
 1.368880e+01  3.709597e-03 
 1.368920e+01  3.704412e-03 
 1.368960e+01  3.699813e-03 
 1.369000e+01  3.695805e-03 
 1.369039e+01  3.692392e-03 
 1.369079e+01  3.689574e-03 
 1.369119e+01  3.687351e-03 
 1.369159e+01  3.685714e-03 
 1.369198e+01  3.684670e-03 
 1.369238e+01  3.684222e-03 
 1.369278e+01  3.684368e-03 
 1.369318e+01  3.685106e-03 
 1.369358e+01  3.686435e-03 
 1.369397e+01  3.688353e-03 
 1.369437e+01  3.690851e-03 
 1.369477e+01  3.693931e-03 
 1.369517e+01  3.697596e-03 
 1.369556e+01  3.701833e-03 
 1.369596e+01  3.706632e-03 
 1.369636e+01  3.712005e-03 
 1.369676e+01  3.717955e-03 
 1.369715e+01  3.724477e-03 
 1.369755e+01  3.731568e-03 
 1.369795e+01  3.739230e-03 
 1.369835e+01  3.747460e-03 
 1.369875e+01  3.756259e-03 
 1.369914e+01  3.765633e-03 
 1.369954e+01  3.775586e-03 
 1.369994e+01  3.786110e-03 
 1.370034e+01  3.797204e-03 
 1.370073e+01  3.808869e-03 
 1.370113e+01  3.821113e-03 
 1.370153e+01  3.833929e-03 
 1.370193e+01  3.847300e-03 
 1.370232e+01  3.861217e-03 
 1.370272e+01  3.875665e-03 
 1.370312e+01  3.890642e-03 
 1.370352e+01  3.906141e-03 
 1.370392e+01  3.922154e-03 
 1.370431e+01  3.938669e-03 
 1.370471e+01  3.955675e-03 
 1.370511e+01  3.973162e-03 
 1.370551e+01  3.991114e-03 
 1.370590e+01  4.009521e-03 
 1.370630e+01  4.028362e-03 
 1.370670e+01  4.047630e-03 
 1.370710e+01  4.067317e-03 
 1.370749e+01  4.087420e-03 
 1.370789e+01  4.107932e-03 
 1.370829e+01  4.128853e-03 
 1.370869e+01  4.150165e-03 
 1.370909e+01  4.171858e-03 
 1.370948e+01  4.193907e-03 
 1.370988e+01  4.216306e-03 
 1.371028e+01  4.239037e-03 
 1.371068e+01  4.262085e-03 
 1.371107e+01  4.285436e-03 
 1.371147e+01  4.309076e-03 
 1.371187e+01  4.332987e-03 
 1.371227e+01  4.357159e-03 
 1.371266e+01  4.381572e-03 
 1.371306e+01  4.406214e-03 
 1.371346e+01  4.431063e-03 
 1.371386e+01  4.456107e-03 
 1.371426e+01  4.481324e-03 
 1.371465e+01  4.506706e-03 
 1.371505e+01  4.532235e-03 
 1.371545e+01  4.557903e-03 
 1.371585e+01  4.583704e-03 
 1.371624e+01  4.609621e-03 
 1.371664e+01  4.635650e-03 
 1.371704e+01  4.661776e-03 
 1.371744e+01  4.687985e-03 
 1.371783e+01  4.714260e-03 
 1.371823e+01  4.740579e-03 
 1.371863e+01  4.766933e-03 
 1.371903e+01  4.793301e-03 
 1.371943e+01  4.819667e-03 
 1.371982e+01  4.846015e-03 
 1.372022e+01  4.872320e-03 
 1.372062e+01  4.898563e-03 
 1.372102e+01  4.924723e-03 
 1.372141e+01  4.950782e-03 
 1.372181e+01  4.976713e-03 
 1.372221e+01  5.002489e-03 
 1.372261e+01  5.028090e-03 
 1.372300e+01  5.053502e-03 
 1.372340e+01  5.078712e-03 
 1.372380e+01  5.103701e-03 
 1.372420e+01  5.128449e-03 
 1.372460e+01  5.152943e-03 
 1.372499e+01  5.177161e-03 
 1.372539e+01  5.201092e-03 
 1.372579e+01  5.224714e-03 
 1.372619e+01  5.248014e-03 
 1.372658e+01  5.270962e-03 
 1.372698e+01  5.293543e-03 
 1.372738e+01  5.315747e-03 
 1.372778e+01  5.337566e-03 
 1.372817e+01  5.358973e-03 
 1.372857e+01  5.379953e-03 
 1.372897e+01  5.400481e-03 
 1.372937e+01  5.420544e-03 
 1.372977e+01  5.440115e-03 
 1.373016e+01  5.459182e-03 
 1.373056e+01  5.477731e-03 
 1.373096e+01  5.495734e-03 
 1.373136e+01  5.513192e-03 
 1.373175e+01  5.530094e-03 
 1.373215e+01  5.546431e-03 
 1.373255e+01  5.562195e-03 
 1.373295e+01  5.577378e-03 
 1.373334e+01  5.591972e-03 
 1.373374e+01  5.605960e-03 
 1.373414e+01  5.619344e-03 
 1.373454e+01  5.632107e-03 
 1.373494e+01  5.644247e-03 
 1.373533e+01  5.655757e-03 
 1.373573e+01  5.666641e-03 
 1.373613e+01  5.676883e-03 
 1.373653e+01  5.686485e-03 
 1.373692e+01  5.695438e-03 
 1.373732e+01  5.703724e-03 
 1.373772e+01  5.711337e-03 
 1.373812e+01  5.718264e-03 
 1.373851e+01  5.724497e-03 
 1.373891e+01  5.730043e-03 
 1.373931e+01  5.734878e-03 
 1.373971e+01  5.739008e-03 
 1.374011e+01  5.742422e-03 
 1.374050e+01  5.745125e-03 
 1.374090e+01  5.747119e-03 
 1.374130e+01  5.748397e-03 
 1.374170e+01  5.748960e-03 
 1.374209e+01  5.748815e-03 
 1.374249e+01  5.747960e-03 
 1.374289e+01  5.746404e-03 
 1.374329e+01  5.744150e-03 
 1.374368e+01  5.741200e-03 
 1.374408e+01  5.737555e-03 
 1.374448e+01  5.733216e-03 
 1.374488e+01  5.728187e-03 
 1.374528e+01  5.722469e-03 
 1.374567e+01  5.716065e-03 
 1.374607e+01  5.708962e-03 
 1.374647e+01  5.701171e-03 
 1.374687e+01  5.692694e-03 
 1.374726e+01  5.683535e-03 
 1.374766e+01  5.673699e-03 
 1.374806e+01  5.663186e-03 
 1.374846e+01  5.652005e-03 
 1.374885e+01  5.640170e-03 
 1.374925e+01  5.627690e-03 
 1.374965e+01  5.614577e-03 
 1.375005e+01  5.600836e-03 
 1.375045e+01  5.586491e-03 
 1.375084e+01  5.571551e-03 
 1.375124e+01  5.556036e-03 
 1.375164e+01  5.539964e-03 
 1.375204e+01  5.523340e-03 
 1.375243e+01  5.506182e-03 
 1.375283e+01  5.488512e-03 
 1.375323e+01  5.470343e-03 
 1.375363e+01  5.451682e-03 
 1.375402e+01  5.432543e-03 
 1.375442e+01  5.412937e-03 
 1.375482e+01  5.392888e-03 
 1.375522e+01  5.372413e-03 
 1.375562e+01  5.351525e-03 
 1.375601e+01  5.330242e-03 
 1.375641e+01  5.308582e-03 
 1.375681e+01  5.286552e-03 
 1.375721e+01  5.264180e-03 
 1.375760e+01  5.241473e-03 
 1.375800e+01  5.218450e-03 
 1.375840e+01  5.195123e-03 
 1.375880e+01  5.171527e-03 
 1.375919e+01  5.147672e-03 
 1.375959e+01  5.123586e-03 
 1.375999e+01  5.099279e-03 
 1.376039e+01  5.074779e-03 
 1.376079e+01  5.050093e-03 
 1.376118e+01  5.025239e-03 
 1.376158e+01  5.000230e-03 
 1.376198e+01  4.975085e-03 
 1.376238e+01  4.949805e-03 
 1.376277e+01  4.924418e-03 
 1.376317e+01  4.898931e-03 
 1.376357e+01  4.873355e-03 
 1.376397e+01  4.847701e-03 
 1.376436e+01  4.821979e-03 
 1.376476e+01  4.796205e-03 
 1.376516e+01  4.770387e-03 
 1.376556e+01  4.744531e-03 
 1.376596e+01  4.718649e-03 
 1.376635e+01  4.692747e-03 
 1.376675e+01  4.666852e-03 
 1.376715e+01  4.640979e-03 
 1.376755e+01  4.615154e-03 
 1.376794e+01  4.589388e-03 
 1.376834e+01  4.563699e-03 
 1.376874e+01  4.538099e-03 
 1.376914e+01  4.512607e-03 
 1.376954e+01  4.487244e-03 
 1.376993e+01  4.462025e-03 
 1.377033e+01  4.436968e-03 
 1.377073e+01  4.412094e-03 
 1.377113e+01  4.387424e-03 
 1.377152e+01  4.362975e-03 
 1.377192e+01  4.338763e-03 
 1.377232e+01  4.314802e-03 
 1.377272e+01  4.291101e-03 
 1.377311e+01  4.267678e-03 
 1.377351e+01  4.244546e-03 
 1.377391e+01  4.221726e-03 
 1.377431e+01  4.199237e-03 
 1.377471e+01  4.177089e-03 
 1.377510e+01  4.155299e-03 
 1.377550e+01  4.133889e-03 
 1.377590e+01  4.112875e-03 
 1.377630e+01  4.092266e-03 
 1.377669e+01  4.072080e-03 
 1.377709e+01  4.052335e-03 
 1.377749e+01  4.033028e-03 
 1.377789e+01  4.014182e-03 
 1.377828e+01  3.995800e-03 
 1.377868e+01  3.977893e-03 
 1.377908e+01  3.960458e-03 
 1.377948e+01  3.943508e-03 
 1.377988e+01  3.927046e-03 
 1.378027e+01  3.911067e-03 
 1.378067e+01  3.895584e-03 
 1.378107e+01  3.880603e-03 
 1.378147e+01  3.866104e-03 
 1.378186e+01  3.852097e-03 
 1.378226e+01  3.838573e-03 
 1.378266e+01  3.825554e-03 
 1.378306e+01  3.813022e-03 
 1.378345e+01  3.800999e-03 
 1.378385e+01  3.789489e-03 
 1.378425e+01  3.778502e-03 
 1.378465e+01  3.768040e-03 
 1.378505e+01  3.758111e-03 
 1.378544e+01  3.748723e-03 
 1.378584e+01  3.739878e-03 
 1.378624e+01  3.731586e-03 
 1.378664e+01  3.723859e-03 
 1.378703e+01  3.716705e-03 
 1.378743e+01  3.710131e-03 
 1.378783e+01  3.704150e-03 
 1.378823e+01  3.698771e-03 
 1.378862e+01  3.693994e-03 
 1.378902e+01  3.689824e-03 
 1.378942e+01  3.686260e-03 
 1.378982e+01  3.683312e-03 
 1.379022e+01  3.680978e-03 
 1.379061e+01  3.679268e-03 
 1.379101e+01  3.678183e-03 
 1.379141e+01  3.677727e-03 
 1.379181e+01  3.677906e-03 
 1.379220e+01  3.678710e-03 
 1.379260e+01  3.680150e-03 
 1.379300e+01  3.682228e-03 
 1.379340e+01  3.684944e-03 
 1.379379e+01  3.688299e-03 
 1.379419e+01  3.692299e-03 
 1.379459e+01  3.696940e-03 
 1.379499e+01  3.702221e-03 
 1.379539e+01  3.708142e-03 
 1.379578e+01  3.714706e-03 
 1.379618e+01  3.721909e-03 
 1.379658e+01  3.729746e-03 
 1.379698e+01  3.738215e-03 
 1.379737e+01  3.747302e-03 
 1.379777e+01  3.756997e-03 
 1.379817e+01  3.767293e-03 
 1.379857e+01  3.778181e-03 
 1.379896e+01  3.789654e-03 
 1.379936e+01  3.801704e-03 
 1.379976e+01  3.814315e-03 
 1.380016e+01  3.827486e-03 
 1.380056e+01  3.841206e-03 
 1.380095e+01  3.855465e-03 
 1.380135e+01  3.870248e-03 
 1.380175e+01  3.885551e-03 
 1.380215e+01  3.901372e-03 
 1.380254e+01  3.917714e-03 
 1.380294e+01  3.934570e-03 
 1.380334e+01  3.951936e-03 
 1.380374e+01  3.969791e-03 
 1.380413e+01  3.988137e-03 
 1.380453e+01  4.006959e-03 
 1.380493e+01  4.026245e-03 
 1.380533e+01  4.045988e-03 
 1.380573e+01  4.066176e-03 
 1.380612e+01  4.086800e-03 
 1.380652e+01  4.107848e-03 
 1.380692e+01  4.129311e-03 
 1.380732e+01  4.151170e-03 
 1.380771e+01  4.173407e-03 
 1.380811e+01  4.196002e-03 
 1.380851e+01  4.218939e-03 
 1.380891e+01  4.242213e-03 
 1.380930e+01  4.265805e-03 
 1.380970e+01  4.289702e-03 
 1.381010e+01  4.313890e-03 
 1.381050e+01  4.338357e-03 
 1.381090e+01  4.363088e-03 
 1.381129e+01  4.388080e-03 
 1.381169e+01  4.413319e-03 
 1.381209e+01  4.438788e-03 
 1.381249e+01  4.464473e-03 
 1.381288e+01  4.490357e-03 
 1.381328e+01  4.516426e-03 
 1.381368e+01  4.542662e-03 
 1.381408e+01  4.569042e-03 
 1.381447e+01  4.595549e-03 
 1.381487e+01  4.622164e-03 
 1.381527e+01  4.648872e-03 
 1.381567e+01  4.675654e-03 
 1.381607e+01  4.702486e-03 
 1.381646e+01  4.729347e-03 
 1.381686e+01  4.756204e-03 
 1.381726e+01  4.783036e-03 
 1.381766e+01  4.809828e-03 
 1.381805e+01  4.836564e-03 
 1.381845e+01  4.863223e-03 
 1.381885e+01  4.889790e-03 
 1.381925e+01  4.916250e-03 
 1.381964e+01  4.942580e-03 
 1.382004e+01  4.968761e-03 
 1.382044e+01  4.994772e-03 
 1.382084e+01  5.020590e-03 
 1.382124e+01  5.046194e-03 
 1.382163e+01  5.071568e-03 
 1.382203e+01  5.096696e-03 
 1.382243e+01  5.121563e-03 
 1.382283e+01  5.146147e-03 
 1.382322e+01  5.170428e-03 
 1.382362e+01  5.194387e-03 
 1.382402e+01  5.218003e-03 
 1.382442e+01  5.241255e-03 
 1.382481e+01  5.264129e-03 
 1.382521e+01  5.286605e-03 
 1.382561e+01  5.308660e-03 
 1.382601e+01  5.330295e-03 
 1.382641e+01  5.351491e-03 
 1.382680e+01  5.372234e-03 
 1.382720e+01  5.392515e-03 
 1.382760e+01  5.412331e-03 
 1.382800e+01  5.431662e-03 
 1.382839e+01  5.450498e-03 
 1.382879e+01  5.468839e-03 
 1.382919e+01  5.486680e-03 
 1.382959e+01  5.504002e-03 
 1.382998e+01  5.520809e-03 
 1.383038e+01  5.537088e-03 
 1.383078e+01  5.552829e-03 
 1.383118e+01  5.568023e-03 
 1.383158e+01  5.582664e-03 
 1.383197e+01  5.596745e-03 
 1.383237e+01  5.610250e-03 
 1.383277e+01  5.623154e-03 
 1.383317e+01  5.635444e-03 
 1.383356e+01  5.647108e-03 
 1.383396e+01  5.658143e-03 
 1.383436e+01  5.668529e-03 
 1.383476e+01  5.678262e-03 
 1.383515e+01  5.687334e-03 
 1.383555e+01  5.695740e-03 
 1.383595e+01  5.703472e-03 
 1.383635e+01  5.710510e-03 
 1.383675e+01  5.716857e-03 
 1.383714e+01  5.722504e-03 
 1.383754e+01  5.727458e-03 
 1.383794e+01  5.731711e-03 
 1.383834e+01  5.735260e-03 
 1.383873e+01  5.738105e-03 
 1.383913e+01  5.740241e-03 
 1.383953e+01  5.741661e-03 
 1.383993e+01  5.742370e-03 
 1.384032e+01  5.742361e-03 
 1.384072e+01  5.741631e-03 
 1.384112e+01  5.740179e-03 
 1.384152e+01  5.738016e-03 
 1.384192e+01  5.735134e-03 
 1.384231e+01  5.731540e-03 
 1.384271e+01  5.727238e-03 
 1.384311e+01  5.722232e-03 
 1.384351e+01  5.716529e-03 
 1.384390e+01  5.710136e-03 
 1.384430e+01  5.703064e-03 
 1.384470e+01  5.695326e-03 
 1.384510e+01  5.686931e-03 
 1.384549e+01  5.677888e-03 
 1.384589e+01  5.668211e-03 
 1.384629e+01  5.657915e-03 
 1.384669e+01  5.647004e-03 
 1.384709e+01  5.635501e-03 
 1.384748e+01  5.623420e-03 
 1.384788e+01  5.610777e-03 
 1.384828e+01  5.597575e-03 
 1.384868e+01  5.583823e-03 
 1.384907e+01  5.569535e-03 
 1.384947e+01  5.554714e-03 
 1.384987e+01  5.539375e-03 
 1.385027e+01  5.523529e-03 
 1.385066e+01  5.507179e-03 
 1.385106e+01  5.490339e-03 
 1.385146e+01  5.473015e-03 
 1.385186e+01  5.455220e-03 
 1.385226e+01  5.436951e-03 
 1.385265e+01  5.418223e-03 
 1.385305e+01  5.399045e-03 
 1.385345e+01  5.379432e-03 
 1.385385e+01  5.359407e-03 
 1.385424e+01  5.338975e-03 
 1.385464e+01  5.318156e-03 
 1.385504e+01  5.296958e-03 
 1.385544e+01  5.275395e-03 
 1.385583e+01  5.253483e-03 
 1.385623e+01  5.231229e-03 
 1.385663e+01  5.208656e-03 
 1.385703e+01  5.185776e-03 
 1.385743e+01  5.162611e-03 
 1.385782e+01  5.139174e-03 
 1.385822e+01  5.115477e-03 
 1.385862e+01  5.091533e-03 
 1.385902e+01  5.067356e-03 
 1.385941e+01  5.042960e-03 
 1.385981e+01  5.018360e-03 
 1.386021e+01  4.993575e-03 
 1.386061e+01  4.968620e-03 
 1.386101e+01  4.943511e-03 
 1.386140e+01  4.918269e-03 
 1.386180e+01  4.892909e-03 
 1.386220e+01  4.867448e-03 
 1.386260e+01  4.841903e-03 
 1.386299e+01  4.816296e-03 
 1.386339e+01  4.790652e-03 
 1.386379e+01  4.764993e-03 
 1.386419e+01  4.739332e-03 
 1.386458e+01  4.713687e-03 
 1.386498e+01  4.688071e-03 
 1.386538e+01  4.662504e-03 
 1.386578e+01  4.636998e-03 
 1.386618e+01  4.611568e-03 
 1.386657e+01  4.586239e-03 
 1.386697e+01  4.561010e-03 
 1.386737e+01  4.535895e-03 
 1.386777e+01  4.510900e-03 
 1.386816e+01  4.486043e-03 
 1.386856e+01  4.461328e-03 
 1.386896e+01  4.436764e-03 
 1.386936e+01  4.412373e-03 
 1.386975e+01  4.388169e-03 
 1.387015e+01  4.364161e-03 
 1.387055e+01  4.340367e-03 
 1.387095e+01  4.316806e-03 
 1.387135e+01  4.293489e-03 
 1.387174e+01  4.270428e-03 
 1.387214e+01  4.247626e-03 
 1.387254e+01  4.225111e-03 
 1.387294e+01  4.202900e-03 
 1.387333e+01  4.180995e-03 
 1.387373e+01  4.159416e-03 
 1.387413e+01  4.138175e-03 
 1.387453e+01  4.117281e-03 
 1.387492e+01  4.096745e-03 
 1.387532e+01  4.076576e-03 
 1.387572e+01  4.056784e-03 
 1.387612e+01  4.037373e-03 
 1.387652e+01  4.018351e-03 
 1.387691e+01  3.999729e-03 
 1.387731e+01  3.981510e-03 
 1.387771e+01  3.963712e-03 
 1.387811e+01  3.946339e-03 
 1.387850e+01  3.929399e-03 
 1.387890e+01  3.912908e-03 
 1.387930e+01  3.896881e-03 
 1.387970e+01  3.881329e-03 
 1.388009e+01  3.866268e-03 
 1.388049e+01  3.851695e-03 
 1.388089e+01  3.837623e-03 
 1.388129e+01  3.824073e-03 
 1.388169e+01  3.811051e-03 
 1.388208e+01  3.798571e-03 
 1.388248e+01  3.786640e-03 
 1.388288e+01  3.775278e-03 
 1.388328e+01  3.764487e-03 
 1.388367e+01  3.754281e-03 
 1.388407e+01  3.744661e-03 
 1.388447e+01  3.735631e-03 
 1.388487e+01  3.727192e-03 
 1.388526e+01  3.719353e-03 
 1.388566e+01  3.712119e-03 
 1.388606e+01  3.705499e-03 
 1.388646e+01  3.699495e-03 
 1.388686e+01  3.694116e-03 
 1.388725e+01  3.689362e-03 
 1.388765e+01  3.685234e-03 
 1.388805e+01  3.681735e-03 
 1.388845e+01  3.678871e-03 
 1.388884e+01  3.676655e-03 
 1.388924e+01  3.675087e-03 
 1.388964e+01  3.674169e-03 
 1.389004e+01  3.673910e-03 
 1.389043e+01  3.674310e-03 
 1.389083e+01  3.675364e-03 
 1.389123e+01  3.677071e-03 
 1.389163e+01  3.679434e-03 
 1.389203e+01  3.682444e-03 
 1.389242e+01  3.686094e-03 
 1.389282e+01  3.690387e-03 
 1.389322e+01  3.695316e-03 
 1.389362e+01  3.700866e-03 
 1.389401e+01  3.707025e-03 
 1.389441e+01  3.713789e-03 
 1.389481e+01  3.721158e-03 
 1.389521e+01  3.729126e-03 
 1.389560e+01  3.737686e-03 
 1.389600e+01  3.746837e-03 
 1.389640e+01  3.756574e-03 
 1.389680e+01  3.766889e-03 
 1.389720e+01  3.777788e-03 
 1.389759e+01  3.789263e-03 
 1.389799e+01  3.801310e-03 
 1.389839e+01  3.813933e-03 
 1.389879e+01  3.827130e-03 
 1.389918e+01  3.840900e-03 
 1.389958e+01  3.855246e-03 
 1.389998e+01  3.870151e-03 
 1.390038e+01  3.885606e-03 
 1.390077e+01  3.901607e-03 
 1.390117e+01  3.918158e-03 
 1.390157e+01  3.935250e-03 
 1.390197e+01  3.952878e-03 
 1.390237e+01  3.971029e-03 
 1.390276e+01  3.989695e-03 
 1.390316e+01  4.008863e-03 
 1.390356e+01  4.028518e-03 
 1.390396e+01  4.048653e-03 
 1.390435e+01  4.069258e-03 
 1.390475e+01  4.090325e-03 
 1.390515e+01  4.111846e-03 
 1.390555e+01  4.133807e-03 
 1.390594e+01  4.156197e-03 
 1.390634e+01  4.179001e-03 
 1.390674e+01  4.202195e-03 
 1.390714e+01  4.225770e-03 
 1.390754e+01  4.249708e-03 
 1.390793e+01  4.273997e-03 
 1.390833e+01  4.298617e-03 
 1.390873e+01  4.323548e-03 
 1.390913e+01  4.348771e-03 
 1.390952e+01  4.374262e-03 
 1.390992e+01  4.399991e-03 
 1.391032e+01  4.425944e-03 
 1.391072e+01  4.452096e-03 
 1.391111e+01  4.478416e-03 
 1.391151e+01  4.504886e-03 
 1.391191e+01  4.531486e-03 
 1.391231e+01  4.558188e-03 
 1.391271e+01  4.584979e-03 
 1.391310e+01  4.611835e-03 
 1.391350e+01  4.638739e-03 
 1.391390e+01  4.665667e-03 
 1.391430e+01  4.692608e-03 
 1.391469e+01  4.719549e-03 
 1.391509e+01  4.746480e-03 
 1.391549e+01  4.773374e-03 
 1.391589e+01  4.800214e-03 
 1.391628e+01  4.826986e-03 
 1.391668e+01  4.853681e-03 
 1.391708e+01  4.880283e-03 
 1.391748e+01  4.906779e-03 
 1.391788e+01  4.933152e-03 
 1.391827e+01  4.959381e-03 
 1.391867e+01  4.985455e-03 
 1.391907e+01  5.011349e-03 
 1.391947e+01  5.037047e-03 
 1.391986e+01  5.062526e-03 
 1.392026e+01  5.087768e-03 
 1.392066e+01  5.112758e-03 
 1.392106e+01  5.137477e-03 
 1.392145e+01  5.161915e-03 
 1.392185e+01  5.186047e-03 
 1.392225e+01  5.209858e-03 
 1.392265e+01  5.233331e-03 
 1.392305e+01  5.256454e-03 
 1.392344e+01  5.279209e-03 
 1.392384e+01  5.301578e-03 
 1.392424e+01  5.323544e-03 
 1.392464e+01  5.345098e-03 
 1.392503e+01  5.366225e-03 
 1.392543e+01  5.386908e-03 
 1.392583e+01  5.407134e-03 
 1.392623e+01  5.426883e-03 
 1.392662e+01  5.446131e-03 
 1.392702e+01  5.464855e-03 
 1.392742e+01  5.483061e-03 
 1.392782e+01  5.500712e-03 
 1.392822e+01  5.517800e-03 
 1.392861e+01  5.534305e-03 
 1.392901e+01  5.550213e-03 
 1.392941e+01  5.565506e-03 
 1.392981e+01  5.580182e-03 
 1.393020e+01  5.594239e-03 
 1.393060e+01  5.607657e-03 
 1.393100e+01  5.620430e-03 
 1.393140e+01  5.632551e-03 
 1.393179e+01  5.644003e-03 
 1.393219e+01  5.654796e-03 
 1.393259e+01  5.664919e-03 
 1.393299e+01  5.674370e-03 
 1.393339e+01  5.683141e-03 
 1.393378e+01  5.691238e-03 
 1.393418e+01  5.698666e-03 
 1.393458e+01  5.705412e-03 
 1.393498e+01  5.711485e-03 
 1.393537e+01  5.716873e-03 
 1.393577e+01  5.721571e-03 
 1.393617e+01  5.725581e-03 
 1.393657e+01  5.728904e-03 
 1.393696e+01  5.731543e-03 
 1.393736e+01  5.733492e-03 
 1.393776e+01  5.734752e-03 
 1.393816e+01  5.735317e-03 
 1.393856e+01  5.735198e-03 
 1.393895e+01  5.734393e-03 
 1.393935e+01  5.732900e-03 
 1.393975e+01  5.730727e-03 
 1.394015e+01  5.727884e-03 
 1.394054e+01  5.724379e-03 
 1.394094e+01  5.720224e-03 
 1.394134e+01  5.715428e-03 
 1.394174e+01  5.709995e-03 
 1.394213e+01  5.703927e-03 
 1.394253e+01  5.697230e-03 
 1.394293e+01  5.689913e-03 
 1.394333e+01  5.681983e-03 
 1.394373e+01  5.673451e-03 
 1.394412e+01  5.664318e-03 
 1.394452e+01  5.654591e-03 
 1.394492e+01  5.644274e-03 
 1.394532e+01  5.633367e-03 
 1.394571e+01  5.621880e-03 
 1.394611e+01  5.609822e-03 
 1.394651e+01  5.597203e-03 
 1.394691e+01  5.584018e-03 
 1.394730e+01  5.570290e-03 
 1.394770e+01  5.556027e-03 
 1.394810e+01  5.541237e-03 
 1.394850e+01  5.525927e-03 
 1.394890e+01  5.510108e-03 
 1.394929e+01  5.493791e-03 
 1.394969e+01  5.476990e-03 
 1.395009e+01  5.459727e-03 
 1.395049e+01  5.442003e-03 
 1.395088e+01  5.423832e-03 
 1.395128e+01  5.405230e-03 
 1.395168e+01  5.386207e-03 
 1.395208e+01  5.366784e-03 
 1.395248e+01  5.346967e-03 
 1.395287e+01  5.326773e-03 
 1.395327e+01  5.306208e-03 
 1.395367e+01  5.285289e-03 
 1.395407e+01  5.264038e-03 
 1.395446e+01  5.242454e-03 
 1.395486e+01  5.220549e-03 
 1.395526e+01  5.198334e-03 
 1.395566e+01  5.175818e-03 
 1.395605e+01  5.153027e-03 
 1.395645e+01  5.129969e-03 
 1.395685e+01  5.106661e-03 
 1.395725e+01  5.083112e-03 
 1.395765e+01  5.059341e-03 
 1.395804e+01  5.035361e-03 
 1.395844e+01  5.011207e-03 
 1.395884e+01  4.986890e-03 
 1.395924e+01  4.962421e-03 
 1.395963e+01  4.937818e-03 
 1.396003e+01  4.913098e-03 
 1.396043e+01  4.888279e-03 
 1.396083e+01  4.863374e-03 
 1.396122e+01  4.838391e-03 
 1.396162e+01  4.813342e-03 
 1.396202e+01  4.788238e-03 
 1.396242e+01  4.763099e-03 
 1.396282e+01  4.737935e-03 
 1.396321e+01  4.712750e-03 
 1.396361e+01  4.687563e-03 
 1.396401e+01  4.662381e-03 
 1.396441e+01  4.637219e-03 
 1.396480e+01  4.612095e-03 
 1.396520e+01  4.587027e-03 
 1.396560e+01  4.562017e-03 
 1.396600e+01  4.537084e-03 
 1.396639e+01  4.512245e-03 
 1.396679e+01  4.487518e-03 
 1.396719e+01  4.462916e-03 
 1.396759e+01  4.438455e-03 
 1.396799e+01  4.414151e-03 
 1.396838e+01  4.390019e-03 
 1.396878e+01  4.366074e-03 
 1.396918e+01  4.342331e-03 
 1.396958e+01  4.318806e-03 
 1.396997e+01  4.295511e-03 
 1.397037e+01  4.272451e-03 
 1.397077e+01  4.249632e-03 
 1.397117e+01  4.227076e-03 
 1.397156e+01  4.204787e-03 
 1.397196e+01  4.182780e-03 
 1.397236e+01  4.161064e-03 
 1.397276e+01  4.139651e-03 
 1.397316e+01  4.118548e-03 
 1.397355e+01  4.097772e-03 
 1.397395e+01  4.077340e-03 
 1.397435e+01  4.057260e-03 
 1.397475e+01  4.037545e-03 
 1.397514e+01  4.018195e-03 
 1.397554e+01  3.999233e-03 
 1.397594e+01  3.980669e-03 
 1.397634e+01  3.962528e-03 
 1.397673e+01  3.944827e-03 
 1.397713e+01  3.927571e-03 
 1.397753e+01  3.910773e-03 
 1.397793e+01  3.894446e-03 
 1.397833e+01  3.878600e-03 
 1.397872e+01  3.863251e-03 
 1.397912e+01  3.848400e-03 
 1.397952e+01  3.834055e-03 
 1.397992e+01  3.820212e-03 
 1.398031e+01  3.806912e-03 
 1.398071e+01  3.794143e-03 
 1.398111e+01  3.781921e-03 
 1.398151e+01  3.770252e-03 
 1.398190e+01  3.759147e-03 
 1.398230e+01  3.748614e-03 
 1.398270e+01  3.738665e-03 
 1.398310e+01  3.729311e-03 
 1.398350e+01  3.720552e-03 
 1.398389e+01  3.712393e-03 
 1.398429e+01  3.704853e-03 
 1.398469e+01  3.697927e-03 
 1.398509e+01  3.691637e-03 
 1.398548e+01  3.685979e-03 
 1.398588e+01  3.680965e-03 
 1.398628e+01  3.676589e-03 
 1.398668e+01  3.672861e-03 
 1.398707e+01  3.669780e-03 
 1.398747e+01  3.667348e-03 
 1.398787e+01  3.665564e-03 
 1.398827e+01  3.664423e-03 
 1.398867e+01  3.663931e-03 
 1.398906e+01  3.664081e-03 
 1.398946e+01  3.664875e-03 
 1.398986e+01  3.666312e-03 
 1.399026e+01  3.668391e-03 
 1.399065e+01  3.671110e-03 
 1.399105e+01  3.674470e-03 
 1.399145e+01  3.678480e-03 
 1.399185e+01  3.683140e-03 
 1.399224e+01  3.688449e-03 
 1.399264e+01  3.694413e-03 
 1.399304e+01  3.701035e-03 
 1.399344e+01  3.708323e-03 
 1.399384e+01  3.716282e-03 
 1.399423e+01  3.724906e-03 
 1.399463e+01  3.734196e-03 
 1.399503e+01  3.744153e-03 
 1.399543e+01  3.754776e-03 
 1.399582e+01  3.766070e-03 
 1.399622e+01  3.778027e-03 
 1.399662e+01  3.790639e-03 
 1.399702e+01  3.803897e-03 
 1.399741e+01  3.817796e-03 
 1.399781e+01  3.832336e-03 
 1.399821e+01  3.847501e-03 
 1.399861e+01  3.863280e-03 
 1.399901e+01  3.879655e-03 
 1.399940e+01  3.896619e-03 
 1.399980e+01  3.914155e-03 
 1.400020e+01  3.932270e-03 
 1.400060e+01  3.950944e-03 
 1.400099e+01  3.970156e-03 
 1.400139e+01  3.989894e-03 
 1.400179e+01  4.010142e-03 
 1.400219e+01  4.030886e-03 
 1.400258e+01  4.052114e-03 
 1.400298e+01  4.073804e-03 
 1.400338e+01  4.095937e-03 
 1.400378e+01  4.118502e-03 
 1.400418e+01  4.141474e-03 
 1.400457e+01  4.164838e-03 
 1.400497e+01  4.188574e-03 
 1.400537e+01  4.212655e-03 
 1.400577e+01  4.237063e-03 
 1.400616e+01  4.261780e-03 
 1.400656e+01  4.286782e-03 
 1.400696e+01  4.312053e-03 
 1.400736e+01  4.337577e-03 
 1.400775e+01  4.363328e-03 
 1.400815e+01  4.389289e-03 
 1.400855e+01  4.415446e-03 
 1.400895e+01  4.441786e-03 
 1.400935e+01  4.468294e-03 
 1.400974e+01  4.494955e-03 
 1.401014e+01  4.521761e-03 
 1.401054e+01  4.548689e-03 
 1.401094e+01  4.575729e-03 
 1.401133e+01  4.602862e-03 
 1.401173e+01  4.630079e-03 
 1.401213e+01  4.657358e-03 
 1.401253e+01  4.684677e-03 
 1.401292e+01  4.712022e-03 
 1.401332e+01  4.739377e-03 
 1.401372e+01  4.766721e-03 
 1.401412e+01  4.794028e-03 
 1.401452e+01  4.821275e-03 
 1.401491e+01  4.848439e-03 
 1.401531e+01  4.875498e-03 
 1.401571e+01  4.902433e-03 
 1.401611e+01  4.929226e-03 
 1.401650e+01  4.955844e-03 
 1.401690e+01  4.982262e-03 
 1.401730e+01  5.008459e-03 
 1.401770e+01  5.034420e-03 
 1.401809e+01  5.060124e-03 
 1.401849e+01  5.085549e-03 
 1.401889e+01  5.110674e-03 
 1.401929e+01  5.135478e-03 
 1.401969e+01  5.159952e-03 
 1.402008e+01  5.184075e-03 
 1.402048e+01  5.207831e-03 
 1.402088e+01  5.231200e-03 
 1.402128e+01  5.254165e-03 
 1.402167e+01  5.276713e-03 
 1.402207e+01  5.298825e-03 
 1.402247e+01  5.320490e-03 
 1.402287e+01  5.341690e-03 
 1.402326e+01  5.362399e-03 
 1.402366e+01  5.382606e-03 
 1.402406e+01  5.402318e-03 
 1.402446e+01  5.421513e-03 
 1.402486e+01  5.440174e-03 
 1.402525e+01  5.458297e-03 
 1.402565e+01  5.475880e-03 
 1.402605e+01  5.492896e-03 
 1.402645e+01  5.509346e-03 
 1.402684e+01  5.525229e-03 
 1.402724e+01  5.540526e-03 
 1.402764e+01  5.555233e-03 
 1.402804e+01  5.569363e-03 
 1.402843e+01  5.582912e-03 
 1.402883e+01  5.595873e-03 
 1.402923e+01  5.608232e-03 
 1.402963e+01  5.619985e-03 
 1.403003e+01  5.631115e-03 
 1.403042e+01  5.641618e-03 
 1.403082e+01  5.651492e-03 
 1.403122e+01  5.660730e-03 
 1.403162e+01  5.669324e-03 
 1.403201e+01  5.677266e-03 
 1.403241e+01  5.684559e-03 
 1.403281e+01  5.691190e-03 
 1.403321e+01  5.697164e-03 
 1.403360e+01  5.702474e-03 
 1.403400e+01  5.707122e-03 
 1.403440e+01  5.711103e-03 
 1.403480e+01  5.714420e-03 
 1.403520e+01  5.717082e-03 
 1.403559e+01  5.719090e-03 
 1.403599e+01  5.720448e-03 
 1.403639e+01  5.721160e-03 
 1.403679e+01  5.721237e-03 
 1.403718e+01  5.720683e-03 
 1.403758e+01  5.719505e-03 
 1.403798e+01  5.717711e-03 
 1.403838e+01  5.715301e-03 
 1.403877e+01  5.712270e-03 
 1.403917e+01  5.708630e-03 
 1.403957e+01  5.704392e-03 
 1.403997e+01  5.699559e-03 
 1.404037e+01  5.694129e-03 
 1.404076e+01  5.688106e-03 
 1.404116e+01  5.681496e-03 
 1.404156e+01  5.674301e-03 
 1.404196e+01  5.666527e-03 
 1.404235e+01  5.658177e-03 
 1.404275e+01  5.649253e-03 
 1.404315e+01  5.639752e-03 
 1.404355e+01  5.629682e-03 
 1.404395e+01  5.619058e-03 
 1.404434e+01  5.607887e-03 
 1.404474e+01  5.596175e-03 
 1.404514e+01  5.583928e-03 
 1.404554e+01  5.571158e-03 
 1.404593e+01  5.557873e-03 
 1.404633e+01  5.544086e-03 
 1.404673e+01  5.529802e-03 
 1.404713e+01  5.515026e-03 
 1.404752e+01  5.499775e-03 
 1.404792e+01  5.484052e-03 
 1.404832e+01  5.467873e-03 
 1.404872e+01  5.451239e-03 
 1.404912e+01  5.434156e-03 
 1.404951e+01  5.416643e-03 
 1.404991e+01  5.398698e-03 
 1.405031e+01  5.380336e-03 
 1.405071e+01  5.361572e-03 
 1.405110e+01  5.342417e-03 
 1.405150e+01  5.322879e-03 
 1.405190e+01  5.302978e-03 
 1.405230e+01  5.282737e-03 
 1.405269e+01  5.262167e-03 
 1.405309e+01  5.241281e-03 
 1.405349e+01  5.220094e-03 
 1.405389e+01  5.198629e-03 
 1.405429e+01  5.176891e-03 
 1.405468e+01  5.154895e-03 
 1.405508e+01  5.132659e-03 
 1.405548e+01  5.110192e-03 
 1.405588e+01  5.087497e-03 
 1.405627e+01  5.064590e-03 
 1.405667e+01  5.041488e-03 
 1.405707e+01  5.018201e-03 
 1.405747e+01  4.994732e-03 
 1.405786e+01  4.971085e-03 
 1.405826e+01  4.947263e-03 
 1.405866e+01  4.923271e-03 
 1.405906e+01  4.899112e-03 
 1.405946e+01  4.874806e-03 
 1.405985e+01  4.850361e-03 
 1.406025e+01  4.825782e-03 
 1.406065e+01  4.801077e-03 
 1.406105e+01  4.776259e-03 
 1.406144e+01  4.751341e-03 
 1.406184e+01  4.726334e-03 
 1.406224e+01  4.701241e-03 
 1.406264e+01  4.676079e-03 
 1.406303e+01  4.650863e-03 
 1.406343e+01  4.625615e-03 
 1.406383e+01  4.600346e-03 
 1.406423e+01  4.575073e-03 
 1.406463e+01  4.549807e-03 
 1.406502e+01  4.524563e-03 
 1.406542e+01  4.499359e-03 
 1.406582e+01  4.474211e-03 
 1.406622e+01  4.449138e-03 
 1.406661e+01  4.424151e-03 
 1.406701e+01  4.399263e-03 
 1.406741e+01  4.374495e-03 
 1.406781e+01  4.349872e-03 
 1.406820e+01  4.325408e-03 
 1.406860e+01  4.301125e-03 
 1.406900e+01  4.277040e-03 
 1.406940e+01  4.253175e-03 
 1.406980e+01  4.229554e-03 
 1.407019e+01  4.206200e-03 
 1.407059e+01  4.183133e-03 
 1.407099e+01  4.160378e-03 
 1.407139e+01  4.137944e-03 
 1.407178e+01  4.115855e-03 
 1.407218e+01  4.094130e-03 
 1.407258e+01  4.072784e-03 
 1.407298e+01  4.051839e-03 
 1.407337e+01  4.031297e-03 
 1.407377e+01  4.011164e-03 
 1.407417e+01  3.991453e-03 
 1.407457e+01  3.972178e-03 
 1.407497e+01  3.953358e-03 
 1.407536e+01  3.934996e-03 
 1.407576e+01  3.917111e-03 
 1.407616e+01  3.899705e-03 
 1.407656e+01  3.882801e-03 
 1.407695e+01  3.866391e-03 
 1.407735e+01  3.850497e-03 
 1.407775e+01  3.835113e-03 
 1.407815e+01  3.820242e-03 
 1.407854e+01  3.805899e-03 
 1.407894e+01  3.792104e-03 
 1.407934e+01  3.778872e-03 
 1.407974e+01  3.766209e-03 
 1.408014e+01  3.754134e-03 
 1.408053e+01  3.742652e-03 
 1.408093e+01  3.731774e-03 
 1.408133e+01  3.721504e-03 
 1.408173e+01  3.711855e-03 
 1.408212e+01  3.702826e-03 
 1.408252e+01  3.694421e-03 
 1.408292e+01  3.686658e-03 
 1.408332e+01  3.679550e-03 
 1.408371e+01  3.673106e-03 
 1.408411e+01  3.667316e-03 
 1.408451e+01  3.662195e-03 
 1.408491e+01  3.657748e-03 
 1.408531e+01  3.653974e-03 
 1.408570e+01  3.650887e-03 
 1.408610e+01  3.648491e-03 
 1.408650e+01  3.646791e-03 
 1.408690e+01  3.645789e-03 
 1.408729e+01  3.645497e-03 
 1.408769e+01  3.645930e-03 
 1.408809e+01  3.647088e-03 
 1.408849e+01  3.648983e-03 
 1.408888e+01  3.651620e-03 
 1.408928e+01  3.654995e-03 
 1.408968e+01  3.659113e-03 
 1.409008e+01  3.663971e-03 
 1.409048e+01  3.669569e-03 
 1.409087e+01  3.675897e-03 
 1.409127e+01  3.682953e-03 
 1.409167e+01  3.690738e-03 
 1.409207e+01  3.699250e-03 
 1.409246e+01  3.708484e-03 
 1.409286e+01  3.718424e-03 
 1.409326e+01  3.729056e-03 
 1.409366e+01  3.740370e-03 
 1.409405e+01  3.752360e-03 
 1.409445e+01  3.765016e-03 
 1.409485e+01  3.778328e-03 
 1.409525e+01  3.792285e-03 
 1.409565e+01  3.806877e-03 
 1.409604e+01  3.822092e-03 
 1.409644e+01  3.837926e-03 
 1.409684e+01  3.854357e-03 
 1.409724e+01  3.871377e-03 
 1.409763e+01  3.888963e-03 
 1.409803e+01  3.907106e-03 
 1.409843e+01  3.925807e-03 
 1.409883e+01  3.945046e-03 
 1.409922e+01  3.964808e-03 
 1.409962e+01  3.985077e-03 
 1.410002e+01  4.005826e-03 
 1.410042e+01  4.027038e-03 
 1.410082e+01  4.048702e-03 
 1.410121e+01  4.070796e-03 
 1.410161e+01  4.093301e-03 
 1.410201e+01  4.116201e-03 
 1.410241e+01  4.139474e-03 
 1.410280e+01  4.163105e-03 
 1.410320e+01  4.187074e-03 
 1.410360e+01  4.211369e-03 
 1.410400e+01  4.235975e-03 
 1.410439e+01  4.260868e-03 
 1.410479e+01  4.286037e-03 
 1.410519e+01  4.311471e-03 
 1.410559e+01  4.337155e-03 
 1.410599e+01  4.363058e-03 
 1.410638e+01  4.389164e-03 
 1.410678e+01  4.415454e-03 
 1.410718e+01  4.441910e-03 
 1.410758e+01  4.468520e-03 
 1.410797e+01  4.495266e-03 
 1.410837e+01  4.522129e-03 
 1.410877e+01  4.549083e-03 
 1.410917e+01  4.576103e-03 
 1.410956e+01  4.603165e-03 
 1.410996e+01  4.630248e-03 
 1.411036e+01  4.657328e-03 
 1.411076e+01  4.684380e-03 
 1.411116e+01  4.711390e-03 
 1.411155e+01  4.738336e-03 
 1.411195e+01  4.765204e-03 
 1.411235e+01  4.791969e-03 
 1.411275e+01  4.818615e-03 
 1.411314e+01  4.845106e-03 
 1.411354e+01  4.871427e-03 
 1.411394e+01  4.897568e-03 
 1.411434e+01  4.923516e-03 
 1.411473e+01  4.949255e-03 
 1.411513e+01  4.974764e-03 
 1.411553e+01  5.000025e-03 
 1.411593e+01  5.025023e-03 
 1.411633e+01  5.049742e-03 
 1.411672e+01  5.074167e-03 
 1.411712e+01  5.098279e-03 
 1.411752e+01  5.122061e-03 
 1.411792e+01  5.145495e-03 
 1.411831e+01  5.168570e-03 
 1.411871e+01  5.191276e-03 
 1.411911e+01  5.213586e-03 
 1.411951e+01  5.235496e-03 
 1.411990e+01  5.256990e-03 
 1.412030e+01  5.278056e-03 
 1.412070e+01  5.298689e-03 
 1.412110e+01  5.318882e-03 
 1.412150e+01  5.338616e-03 
 1.412189e+01  5.357890e-03 
 1.412229e+01  5.376697e-03 
 1.412269e+01  5.395034e-03 
 1.412309e+01  5.412897e-03 
 1.412348e+01  5.430282e-03 
 1.412388e+01  5.447185e-03 
 1.412428e+01  5.463594e-03 
 1.412468e+01  5.479508e-03 
 1.412507e+01  5.494919e-03 
 1.412547e+01  5.509822e-03 
 1.412587e+01  5.524205e-03 
 1.412627e+01  5.538064e-03 
 1.412667e+01  5.551403e-03 
 1.412706e+01  5.564224e-03 
 1.412746e+01  5.576519e-03 
 1.412786e+01  5.588273e-03 
 1.412826e+01  5.599471e-03 
 1.412865e+01  5.610113e-03 
 1.412905e+01  5.620191e-03 
 1.412945e+01  5.629704e-03 
 1.412985e+01  5.638653e-03 
 1.413024e+01  5.647037e-03 
 1.413064e+01  5.654855e-03 
 1.413104e+01  5.662109e-03 
 1.413144e+01  5.668800e-03 
 1.413184e+01  5.674925e-03 
 1.413223e+01  5.680484e-03 
 1.413263e+01  5.685473e-03 
 1.413303e+01  5.689882e-03 
 1.413343e+01  5.693721e-03 
 1.413382e+01  5.696981e-03 
 1.413422e+01  5.699657e-03 
 1.413462e+01  5.701750e-03 
 1.413502e+01  5.703245e-03 
 1.413542e+01  5.704136e-03 
 1.413581e+01  5.704429e-03 
 1.413621e+01  5.704118e-03 
 1.413661e+01  5.703196e-03 
 1.413701e+01  5.701658e-03 
 1.413740e+01  5.699505e-03 
 1.413780e+01  5.696741e-03 
 1.413820e+01  5.693367e-03 
 1.413860e+01  5.689385e-03 
 1.413899e+01  5.684798e-03 
 1.413939e+01  5.679604e-03 
 1.413979e+01  5.673820e-03 
 1.414019e+01  5.667449e-03 
 1.414059e+01  5.660503e-03 
 1.414098e+01  5.652987e-03 
 1.414138e+01  5.644894e-03 
 1.414178e+01  5.636231e-03 
 1.414218e+01  5.627010e-03 
 1.414257e+01  5.617243e-03 
 1.414297e+01  5.606943e-03 
 1.414337e+01  5.596110e-03 
 1.414377e+01  5.584756e-03 
 1.414416e+01  5.572885e-03 
 1.414456e+01  5.560506e-03 
 1.414496e+01  5.547628e-03 
 1.414536e+01  5.534259e-03 
 1.414576e+01  5.520402e-03 
 1.414615e+01  5.506057e-03 
 1.414655e+01  5.491243e-03 
 1.414695e+01  5.475965e-03 
 1.414735e+01  5.460231e-03 
 1.414774e+01  5.444045e-03 
 1.414814e+01  5.427404e-03 
 1.414854e+01  5.410322e-03 
 1.414894e+01  5.392810e-03 
 1.414933e+01  5.374877e-03 
 1.414973e+01  5.356525e-03 
 1.415013e+01  5.337765e-03 
 1.415053e+01  5.318600e-03 
 1.415093e+01  5.299030e-03 
 1.415132e+01  5.279063e-03 
 1.415172e+01  5.258702e-03 
 1.415212e+01  5.237953e-03 
 1.415252e+01  5.216817e-03 
 1.415291e+01  5.195299e-03 
 1.415331e+01  5.173405e-03 
 1.415371e+01  5.151145e-03 
 1.415411e+01  5.128522e-03 
 1.415450e+01  5.105539e-03 
 1.415490e+01  5.082216e-03 
 1.415530e+01  5.058560e-03 
 1.415570e+01  5.034587e-03 
 1.415610e+01  5.010316e-03 
 1.415649e+01  4.985760e-03 
 1.415689e+01  4.960938e-03 
 1.415729e+01  4.935862e-03 
 1.415769e+01  4.910555e-03 
 1.415808e+01  4.885049e-03 
 1.415848e+01  4.859358e-03 
 1.415888e+01  4.833514e-03 
 1.415928e+01  4.807527e-03 
 1.415967e+01  4.781423e-03 
 1.416007e+01  4.755226e-03 
 1.416047e+01  4.728951e-03 
 1.416087e+01  4.702613e-03 
 1.416127e+01  4.676231e-03 
 1.416166e+01  4.649826e-03 
 1.416206e+01  4.623416e-03 
 1.416246e+01  4.597019e-03 
 1.416286e+01  4.570658e-03 
 1.416325e+01  4.544351e-03 
 1.416365e+01  4.518108e-03 
 1.416405e+01  4.491946e-03 
 1.416445e+01  4.465897e-03 
 1.416484e+01  4.439974e-03 
 1.416524e+01  4.414185e-03 
 1.416564e+01  4.388554e-03 
 1.416604e+01  4.363107e-03 
 1.416644e+01  4.337855e-03 
 1.416683e+01  4.312814e-03 
 1.416723e+01  4.288000e-03 
 1.416763e+01  4.263433e-03 
 1.416803e+01  4.239121e-03 
 1.416842e+01  4.215076e-03 
 1.416882e+01  4.191329e-03 
 1.416922e+01  4.167890e-03 
 1.416962e+01  4.144765e-03 
 1.417001e+01  4.121967e-03 
 1.417041e+01  4.099510e-03 
 1.417081e+01  4.077417e-03 
 1.417121e+01  4.055701e-03 
 1.417161e+01  4.034369e-03 
 1.417200e+01  4.013439e-03 
 1.417240e+01  3.992930e-03 
 1.417280e+01  3.972854e-03 
 1.417320e+01  3.953236e-03 
 1.417359e+01  3.934093e-03 
 1.417399e+01  3.915443e-03 
 1.417439e+01  3.897327e-03 
 1.417479e+01  3.879733e-03 
 1.417518e+01  3.862704e-03 
 1.417558e+01  3.846251e-03 
 1.417598e+01  3.830375e-03 
 1.417638e+01  3.815091e-03 
 1.417678e+01  3.800418e-03 
 1.417717e+01  3.786369e-03 
 1.417757e+01  3.772966e-03 
 1.417797e+01  3.760225e-03 
 1.417837e+01  3.748160e-03 
 1.417876e+01  3.736777e-03 
 1.417916e+01  3.726076e-03 
 1.417956e+01  3.716058e-03 
 1.417996e+01  3.706739e-03 
 1.418035e+01  3.698114e-03 
 1.418075e+01  3.690200e-03 
 1.418115e+01  3.682999e-03 
 1.418155e+01  3.676528e-03 
 1.418195e+01  3.670797e-03 
 1.418234e+01  3.665811e-03 
 1.418274e+01  3.661574e-03 
 1.418314e+01  3.658082e-03 
 1.418354e+01  3.655345e-03 
 1.418393e+01  3.653368e-03 
 1.418433e+01  3.652146e-03 
 1.418473e+01  3.651688e-03 
 1.418513e+01  3.651996e-03 
 1.418552e+01  3.653068e-03 
 1.418592e+01  3.654897e-03 
 1.418632e+01  3.657485e-03 
 1.418672e+01  3.660837e-03 
 1.418712e+01  3.664937e-03 
 1.418751e+01  3.669775e-03 
 1.418791e+01  3.675350e-03 
 1.418831e+01  3.681650e-03 
 1.418871e+01  3.688663e-03 
 1.418910e+01  3.696372e-03 
 1.418950e+01  3.704778e-03 
 1.418990e+01  3.713870e-03 
 1.419030e+01  3.723637e-03 
 1.419069e+01  3.734067e-03 
 1.419109e+01  3.745156e-03 
 1.419149e+01  3.756893e-03 
 1.419189e+01  3.769261e-03 
 1.419229e+01  3.782255e-03 
 1.419268e+01  3.795868e-03 
 1.419308e+01  3.810090e-03 
 1.419348e+01  3.824907e-03 
 1.419388e+01  3.840309e-03 
 1.419427e+01  3.856286e-03 
 1.419467e+01  3.872818e-03 
 1.419507e+01  3.889891e-03 
 1.419547e+01  3.907485e-03 
 1.419586e+01  3.925594e-03 
 1.419626e+01  3.944204e-03 
 1.419666e+01  3.963299e-03 
 1.419706e+01  3.982864e-03 
 1.419746e+01  4.002896e-03 
 1.419785e+01  4.023374e-03 
 1.419825e+01  4.044281e-03 
 1.419865e+01  4.065605e-03 
 1.419905e+01  4.087336e-03 
 1.419944e+01  4.109465e-03 
 1.419984e+01  4.131986e-03 
 1.420024e+01  4.154888e-03 
 1.420064e+01  4.178160e-03 
 1.420103e+01  4.201787e-03 
 1.420143e+01  4.225752e-03 
 1.420183e+01  4.250044e-03 
 1.420223e+01  4.274651e-03 
 1.420263e+01  4.299554e-03 
 1.420302e+01  4.324732e-03 
 1.420342e+01  4.350162e-03 
 1.420382e+01  4.375829e-03 
 1.420422e+01  4.401714e-03 
 1.420461e+01  4.427789e-03 
 1.420501e+01  4.454032e-03 
 1.420541e+01  4.480427e-03 
 1.420581e+01  4.506949e-03 
 1.420620e+01  4.533577e-03 
 1.420660e+01  4.560296e-03 
 1.420700e+01  4.587080e-03 
 1.420740e+01  4.613898e-03 
 1.420780e+01  4.640731e-03 
 1.420819e+01  4.667566e-03 
 1.420859e+01  4.694385e-03 
 1.420899e+01  4.721163e-03 
 1.420939e+01  4.747891e-03 
 1.420978e+01  4.774553e-03 
 1.421018e+01  4.801137e-03 
 1.421058e+01  4.827626e-03 
 1.421098e+01  4.854004e-03 
 1.421137e+01  4.880252e-03 
 1.421177e+01  4.906355e-03 
 1.421217e+01  4.932305e-03 
 1.421257e+01  4.958088e-03 
 1.421297e+01  4.983697e-03 
 1.421336e+01  5.009114e-03 
 1.421376e+01  5.034326e-03 
 1.421416e+01  5.059320e-03 
 1.421456e+01  5.084091e-03 
 1.421495e+01  5.108629e-03 
 1.421535e+01  5.132921e-03 
 1.421575e+01  5.156960e-03 
 1.421615e+01  5.180741e-03 
 1.421654e+01  5.204259e-03 
 1.421694e+01  5.227503e-03 
 1.421734e+01  5.250469e-03 
 1.421774e+01  5.273150e-03 
 1.421814e+01  5.295543e-03 
 1.421853e+01  5.317632e-03 
 1.421893e+01  5.339410e-03 
 1.421933e+01  5.360877e-03 
 1.421973e+01  5.382012e-03 
 1.422012e+01  5.402809e-03 
 1.422052e+01  5.423261e-03 
 1.422092e+01  5.443362e-03 
 1.422132e+01  5.463088e-03 
 1.422171e+01  5.482435e-03 
 1.422211e+01  5.501390e-03 
 1.422251e+01  5.519936e-03 
 1.422291e+01  5.538057e-03 
 1.422331e+01  5.555734e-03 
 1.422370e+01  5.572960e-03 
 1.422410e+01  5.589718e-03 
 1.422450e+01  5.606011e-03 
 1.422490e+01  5.621817e-03 
 1.422529e+01  5.637133e-03 
 1.422569e+01  5.651958e-03 
 1.422609e+01  5.666289e-03 
 1.422649e+01  5.680108e-03 
 1.422689e+01  5.693413e-03 
 1.422728e+01  5.706192e-03 
 1.422768e+01  5.718436e-03 
 1.422808e+01  5.730144e-03 
 1.422848e+01  5.741305e-03 
 1.422887e+01  5.751926e-03 
 1.422927e+01  5.762002e-03 
 1.422967e+01  5.771516e-03 
 1.423007e+01  5.780477e-03 
 1.423046e+01  5.788865e-03 
 1.423086e+01  5.796676e-03 
 1.423126e+01  5.803896e-03 
 1.423166e+01  5.810521e-03 
 1.423206e+01  5.816557e-03 
 1.423245e+01  5.821995e-03 
 1.423285e+01  5.826836e-03 
 1.423325e+01  5.831088e-03 
 1.423365e+01  5.834745e-03 
 1.423404e+01  5.837802e-03 
 1.423444e+01  5.840262e-03 
 1.423484e+01  5.842119e-03 
 1.423524e+01  5.843377e-03 
 1.423563e+01  5.844038e-03 
 1.423603e+01  5.844097e-03 
 1.423643e+01  5.843561e-03 
 1.423683e+01  5.842436e-03 
 1.423723e+01  5.840721e-03 
 1.423762e+01  5.838420e-03 
 1.423802e+01  5.835531e-03 
 1.423842e+01  5.832050e-03 
 1.423882e+01  5.827977e-03 
 1.423921e+01  5.823305e-03 
 1.423961e+01  5.818036e-03 
 1.424001e+01  5.812166e-03 
 1.424041e+01  5.805699e-03 
 1.424080e+01  5.798635e-03 
 1.424120e+01  5.790977e-03 
 1.424160e+01  5.782729e-03 
 1.424200e+01  5.773894e-03 
 1.424240e+01  5.764463e-03 
 1.424279e+01  5.754436e-03 
 1.424319e+01  5.743819e-03 
 1.424359e+01  5.732620e-03 
 1.424399e+01  5.720843e-03 
 1.424438e+01  5.708507e-03 
 1.424478e+01  5.695608e-03 
 1.424518e+01  5.682143e-03 
 1.424558e+01  5.668125e-03 
 1.424597e+01  5.653558e-03 
 1.424637e+01  5.638442e-03 
 1.424677e+01  5.622786e-03 
 1.424717e+01  5.606587e-03 
 1.424757e+01  5.589862e-03 
 1.424796e+01  5.572622e-03 
 1.424836e+01  5.554876e-03 
 1.424876e+01  5.536629e-03 
 1.424916e+01  5.517891e-03 
 1.424955e+01  5.498668e-03 
 1.424995e+01  5.478977e-03 
 1.425035e+01  5.458834e-03 
 1.425075e+01  5.438252e-03 
 1.425114e+01  5.417252e-03 
 1.425154e+01  5.395852e-03 
 1.425194e+01  5.374069e-03 
 1.425234e+01  5.351924e-03 
 1.425274e+01  5.329440e-03 
 1.425313e+01  5.306634e-03 
 1.425353e+01  5.283524e-03 
 1.425393e+01  5.260133e-03 
 1.425433e+01  5.236487e-03 
 1.425472e+01  5.212604e-03 
 1.425512e+01  5.188497e-03 
 1.425552e+01  5.164187e-03 
 1.425592e+01  5.139693e-03 
 1.425631e+01  5.115028e-03 
 1.425671e+01  5.090210e-03 
 1.425711e+01  5.065255e-03 
 1.425751e+01  5.040180e-03 
 1.425791e+01  5.014999e-03 
 1.425830e+01  4.989723e-03 
 1.425870e+01  4.964369e-03 
 1.425910e+01  4.938948e-03 
 1.425950e+01  4.913479e-03 
 1.425989e+01  4.887984e-03 
 1.426029e+01  4.862481e-03 
 1.426069e+01  4.836994e-03 
 1.426109e+01  4.811541e-03 
 1.426148e+01  4.786139e-03 
 1.426188e+01  4.760809e-03 
 1.426228e+01  4.735568e-03 
 1.426268e+01  4.710432e-03 
 1.426308e+01  4.685419e-03 
 1.426347e+01  4.660545e-03 
 1.426387e+01  4.635839e-03 
 1.426427e+01  4.611316e-03 
 1.426467e+01  4.586996e-03 
 1.426506e+01  4.562896e-03 
 1.426546e+01  4.539039e-03 
 1.426586e+01  4.515442e-03 
 1.426626e+01  4.492128e-03 
 1.426665e+01  4.469113e-03 
 1.426705e+01  4.446418e-03 
 1.426745e+01  4.424065e-03 
 1.426785e+01  4.402076e-03 
 1.426825e+01  4.380476e-03 
 1.426864e+01  4.359285e-03 
 1.426904e+01  4.338526e-03 
 1.426944e+01  4.318220e-03 
 1.426984e+01  4.298391e-03 
 1.427023e+01  4.279049e-03 
 1.427063e+01  4.260213e-03 
 1.427103e+01  4.241886e-03 
 1.427143e+01  4.224084e-03 
 1.427182e+01  4.206819e-03 
 1.427222e+01  4.190113e-03 
 1.427262e+01  4.173989e-03 
 1.427302e+01  4.158443e-03 
 1.427342e+01  4.143502e-03 
 1.427381e+01  4.129156e-03 
 1.427421e+01  4.115412e-03 
 1.427461e+01  4.102275e-03 
 1.427501e+01  4.089748e-03 
 1.427540e+01  4.077841e-03 
 1.427580e+01  4.066560e-03 
 1.427620e+01  4.055917e-03 
 1.427660e+01  4.045932e-03 
 1.427699e+01  4.036608e-03 
 1.427739e+01  4.027945e-03 
 1.427779e+01  4.019949e-03 
 1.427819e+01  4.012627e-03 
 1.427859e+01  4.005982e-03 
 1.427898e+01  4.000029e-03 
 1.427938e+01  3.994776e-03 
 1.427978e+01  3.990229e-03 
 1.428018e+01  3.986393e-03 
 1.428057e+01  3.983274e-03 
 1.428097e+01  3.980873e-03 
 1.428137e+01  3.979191e-03 
 1.428177e+01  3.978226e-03 
 1.428216e+01  3.977965e-03 
 1.428256e+01  3.978412e-03 
 1.428296e+01  3.979561e-03 
 1.428336e+01  3.981411e-03 
 1.428376e+01  3.983960e-03 
 1.428415e+01  3.987198e-03 
 1.428455e+01  3.991119e-03 
 1.428495e+01  3.995719e-03 
 1.428535e+01  4.000994e-03 
 1.428574e+01  4.006941e-03 
 1.428614e+01  4.013548e-03 
 1.428654e+01  4.020802e-03 
 1.428694e+01  4.028692e-03 
 1.428733e+01  4.037214e-03 
 1.428773e+01  4.046370e-03 
 1.428813e+01  4.056159e-03 
 1.428853e+01  4.066568e-03 
 1.428893e+01  4.077583e-03 
 1.428932e+01  4.089206e-03 
 1.428972e+01  4.101425e-03 
 1.429012e+01  4.114231e-03 
 1.429052e+01  4.127605e-03 
 1.429091e+01  4.141538e-03 
 1.429131e+01  4.156025e-03 
 1.429171e+01  4.171056e-03 
 1.429211e+01  4.186635e-03 
 1.429250e+01  4.202752e-03 
 1.429290e+01  4.219391e-03 
 1.429330e+01  4.236549e-03 
 1.429370e+01  4.254208e-03 
 1.429410e+01  4.272371e-03 
 1.429449e+01  4.291028e-03 
 1.429489e+01  4.310165e-03 
 1.429529e+01  4.329784e-03 
 1.429569e+01  4.349875e-03 
 1.429608e+01  4.370429e-03 
 1.429648e+01  4.391436e-03 
 1.429688e+01  4.412880e-03 
 1.429728e+01  4.434749e-03 
 1.429767e+01  4.457022e-03 
 1.429807e+01  4.479691e-03 
 1.429847e+01  4.502734e-03 
 1.429887e+01  4.526137e-03 
 1.429927e+01  4.549877e-03 
 1.429966e+01  4.573936e-03 
 1.430006e+01  4.598295e-03 
 1.430046e+01  4.622929e-03 
 1.430086e+01  4.647822e-03 
 1.430125e+01  4.672952e-03 
 1.430165e+01  4.698297e-03 
 1.430205e+01  4.723845e-03 
 1.430245e+01  4.749571e-03 
 1.430284e+01  4.775455e-03 
 1.430324e+01  4.801492e-03 
 1.430364e+01  4.827664e-03 
 1.430404e+01  4.853955e-03 
 1.430444e+01  4.880356e-03 
 1.430483e+01  4.906857e-03 
 1.430523e+01  4.933447e-03 
 1.430563e+01  4.960111e-03 
 1.430603e+01  4.986844e-03 
 1.430642e+01  5.013628e-03 
 1.430682e+01  5.040458e-03 
 1.430722e+01  5.067327e-03 
 1.430762e+01  5.094227e-03 
 1.430801e+01  5.121156e-03 
 1.430841e+01  5.148100e-03 
 1.430881e+01  5.175043e-03 
 1.430921e+01  5.201976e-03 
 1.430961e+01  5.228888e-03 
 1.431000e+01  5.255775e-03 
 1.431040e+01  5.282621e-03 
 1.431080e+01  5.309415e-03 
 1.431120e+01  5.336147e-03 
 1.431159e+01  5.362812e-03 
 1.431199e+01  5.389403e-03 
 1.431239e+01  5.415900e-03 
 1.431279e+01  5.442285e-03 
 1.431318e+01  5.468543e-03 
 1.431358e+01  5.494660e-03 
 1.431398e+01  5.520619e-03 
 1.431438e+01  5.546412e-03 
 1.431478e+01  5.572016e-03 
 1.431517e+01  5.597407e-03 
 1.431557e+01  5.622573e-03 
 1.431597e+01  5.647500e-03 
 1.431637e+01  5.672169e-03 
 1.431676e+01  5.696558e-03 
 1.431716e+01  5.720646e-03 
 1.431756e+01  5.744416e-03 
 1.431796e+01  5.767850e-03 
 1.431835e+01  5.790930e-03 
 1.431875e+01  5.813641e-03 
 1.431915e+01  5.835964e-03 
 1.431955e+01  5.857892e-03 
 1.431995e+01  5.879408e-03 
 1.432034e+01  5.900506e-03 
 1.432074e+01  5.921187e-03 
 1.432114e+01  5.941440e-03 
 1.432154e+01  5.961257e-03 
 1.432193e+01  5.980619e-03 
 1.432233e+01  5.999530e-03 
 1.432273e+01  6.017982e-03 
 1.432313e+01  6.035965e-03 
 1.432353e+01  6.053487e-03 
 1.432392e+01  6.070532e-03 
 1.432432e+01  6.087105e-03 
 1.432472e+01  6.103193e-03 
 1.432512e+01  6.118791e-03 
 1.432551e+01  6.133884e-03 
 1.432591e+01  6.148448e-03 
 1.432631e+01  6.162473e-03 
 1.432671e+01  6.175942e-03 
 1.432710e+01  6.188864e-03 
 1.432750e+01  6.201227e-03 
 1.432790e+01  6.213024e-03 
 1.432830e+01  6.224248e-03 
 1.432870e+01  6.234890e-03 
 1.432909e+01  6.244941e-03 
 1.432949e+01  6.254394e-03 
 1.432989e+01  6.263244e-03 
 1.433029e+01  6.271475e-03 
 1.433068e+01  6.279085e-03 
 1.433108e+01  6.286077e-03 
 1.433148e+01  6.292447e-03 
 1.433188e+01  6.298196e-03 
 1.433227e+01  6.303309e-03 
 1.433267e+01  6.307775e-03 
 1.433307e+01  6.311584e-03 
 1.433347e+01  6.314742e-03 
 1.433387e+01  6.317245e-03 
 1.433426e+01  6.319080e-03 
 1.433466e+01  6.320247e-03 
 1.433506e+01  6.320747e-03 
 1.433546e+01  6.320574e-03 
 1.433585e+01  6.319738e-03 
 1.433625e+01  6.318236e-03 
 1.433665e+01  6.316068e-03 
 1.433705e+01  6.313230e-03 
 1.433744e+01  6.309723e-03 
 1.433784e+01  6.305551e-03 
 1.433824e+01  6.300710e-03 
 1.433864e+01  6.295208e-03 
 1.433904e+01  6.289052e-03 
 1.433943e+01  6.282248e-03 
 1.433983e+01  6.274805e-03 
 1.434023e+01  6.266720e-03 
 1.434063e+01  6.257996e-03 
 1.434102e+01  6.248643e-03 
 1.434142e+01  6.238655e-03 
 1.434182e+01  6.228034e-03 
 1.434222e+01  6.216788e-03 
 1.434261e+01  6.204934e-03 
 1.434301e+01  6.192471e-03 
 1.434341e+01  6.179418e-03 
 1.434381e+01  6.165773e-03 
 1.434421e+01  6.151543e-03 
 1.434460e+01  6.136729e-03 
 1.434500e+01  6.121345e-03 
 1.434540e+01  6.105405e-03 
 1.434580e+01  6.088919e-03 
 1.434619e+01  6.071908e-03 
 1.434659e+01  6.054381e-03 
 1.434699e+01  6.036367e-03 
 1.434739e+01  6.017881e-03 
 1.434778e+01  5.998944e-03 
 1.434818e+01  5.979567e-03 
 1.434858e+01  5.959772e-03 
 1.434898e+01  5.939588e-03 
 1.434938e+01  5.919029e-03 
 1.434977e+01  5.898120e-03 
 1.435017e+01  5.876875e-03 
 1.435057e+01  5.855318e-03 
 1.435097e+01  5.833464e-03 
 1.435136e+01  5.811331e-03 
 1.435176e+01  5.788931e-03 
 1.435216e+01  5.766285e-03 
 1.435256e+01  5.743404e-03 
 1.435295e+01  5.720300e-03 
 1.435335e+01  5.696993e-03 
 1.435375e+01  5.673504e-03 
 1.435415e+01  5.649840e-03 
 1.435455e+01  5.626017e-03 
 1.435494e+01  5.602052e-03 
 1.435534e+01  5.577967e-03 
 1.435574e+01  5.553781e-03 
 1.435614e+01  5.529506e-03 
 1.435653e+01  5.505157e-03 
 1.435693e+01  5.480747e-03 
 1.435733e+01  5.456291e-03 
 1.435773e+01  5.431808e-03 
 1.435812e+01  5.407318e-03 
 1.435852e+01  5.382829e-03 
 1.435892e+01  5.358363e-03 
 1.435932e+01  5.333931e-03 
 1.435972e+01  5.309555e-03 
 1.436011e+01  5.285257e-03 
 1.436051e+01  5.261047e-03 
 1.436091e+01  5.236940e-03 
 1.436131e+01  5.212952e-03 
 1.436170e+01  5.189110e-03 
 1.436210e+01  5.165441e-03 
 1.436250e+01  5.141963e-03 
 1.436290e+01  5.118706e-03 
 1.436329e+01  5.095689e-03 
 1.436369e+01  5.072931e-03 
 1.436409e+01  5.050457e-03 
 1.436449e+01  5.028287e-03 
 1.436489e+01  5.006452e-03 
 1.436528e+01  4.984962e-03 
 1.436568e+01  4.963836e-03 
 1.436608e+01  4.943106e-03 
 1.436648e+01  4.922798e-03 
 1.436687e+01  4.902929e-03 
 1.436727e+01  4.883511e-03 
 1.436767e+01  4.864564e-03 
 1.436807e+01  4.846094e-03 
 1.436846e+01  4.828109e-03 
 1.436886e+01  4.810623e-03 
 1.436926e+01  4.793649e-03 
 1.436966e+01  4.777179e-03 
 1.437006e+01  4.761236e-03 
 1.437045e+01  4.745818e-03 
 1.437085e+01  4.730949e-03 
 1.437125e+01  4.716642e-03 
 1.437165e+01  4.702886e-03 
 1.437204e+01  4.689709e-03 
 1.437244e+01  4.677102e-03 
 1.437284e+01  4.665077e-03 
 1.437324e+01  4.653643e-03 
 1.437363e+01  4.642803e-03 
 1.437403e+01  4.632560e-03 
 1.437443e+01  4.622923e-03 
 1.437483e+01  4.613900e-03 
 1.437523e+01  4.605506e-03 
 1.437562e+01  4.597742e-03 
 1.437602e+01  4.590616e-03 
 1.437642e+01  4.584120e-03 
 1.437682e+01  4.578259e-03 
 1.437721e+01  4.573028e-03 
 1.437761e+01  4.568436e-03 
 1.437801e+01  4.564480e-03 
 1.437841e+01  4.561158e-03 
 1.437880e+01  4.558479e-03 
 1.437920e+01  4.556442e-03 
 1.437960e+01  4.555050e-03 
 1.438000e+01  4.554300e-03 
 1.438040e+01  4.554197e-03 
 1.438079e+01  4.554731e-03 
 1.438119e+01  4.555899e-03 
 1.438159e+01  4.557705e-03 
 1.438199e+01  4.560149e-03 
 1.438238e+01  4.563239e-03 
 1.438278e+01  4.566973e-03 
 1.438318e+01  4.571346e-03 
 1.438358e+01  4.576359e-03 
 1.438397e+01  4.582008e-03 
 1.438437e+01  4.588290e-03 
 1.438477e+01  4.595201e-03 
 1.438517e+01  4.602741e-03 
 1.438557e+01  4.610895e-03 
 1.438596e+01  4.619662e-03 
 1.438636e+01  4.629040e-03 
 1.438676e+01  4.639032e-03 
 1.438716e+01  4.649626e-03 
 1.438755e+01  4.660810e-03 
 1.438795e+01  4.672581e-03 
 1.438835e+01  4.684938e-03 
 1.438875e+01  4.697870e-03 
 1.438914e+01  4.711371e-03 
 1.438954e+01  4.725436e-03 
 1.438994e+01  4.740060e-03 
 1.439034e+01  4.755236e-03 
 1.439074e+01  4.770973e-03 
 1.439113e+01  4.787264e-03 
 1.439153e+01  4.804101e-03 
 1.439193e+01  4.821466e-03 
 1.439233e+01  4.839336e-03 
 1.439272e+01  4.857716e-03 
 1.439312e+01  4.876593e-03 
 1.439352e+01  4.895949e-03 
 1.439392e+01  4.915780e-03 
 1.439431e+01  4.936070e-03 
 1.439471e+01  4.956813e-03 
 1.439511e+01  4.977992e-03 
 1.439551e+01  4.999586e-03 
 1.439591e+01  5.021576e-03 
 1.439630e+01  5.043942e-03 
 1.439670e+01  5.066669e-03 
 1.439710e+01  5.089745e-03 
 1.439750e+01  5.113165e-03 
 1.439789e+01  5.136917e-03 
 1.439829e+01  5.160989e-03 
 1.439869e+01  5.185368e-03 
 1.439909e+01  5.210042e-03 
 1.439948e+01  5.235002e-03 
 1.439988e+01  5.260236e-03 
 1.440028e+01  5.285727e-03 
 1.440068e+01  5.311467e-03 
 1.440108e+01  5.337448e-03 
 1.440147e+01  5.363665e-03 
 1.440187e+01  5.390116e-03 
 1.440227e+01  5.416787e-03 
 1.440267e+01  5.443661e-03 
 1.440306e+01  5.470722e-03 
 1.440346e+01  5.497963e-03 
 1.440386e+01  5.525373e-03 
 1.440426e+01  5.552934e-03 
 1.440465e+01  5.580640e-03 
 1.440505e+01  5.608470e-03 
 1.440545e+01  5.636414e-03 
 1.440585e+01  5.664469e-03 
 1.440625e+01  5.692618e-03 
 1.440664e+01  5.720848e-03 
 1.440704e+01  5.749145e-03 
 1.440744e+01  5.777490e-03 
 1.440784e+01  5.805868e-03 
 1.440823e+01  5.834264e-03 
 1.440863e+01  5.862671e-03 
 1.440903e+01  5.891068e-03 
 1.440943e+01  5.919434e-03 
 1.440982e+01  5.947752e-03 
 1.441022e+01  5.976008e-03 
 1.441062e+01  6.004182e-03 
 1.441102e+01  6.032249e-03 
 1.441142e+01  6.060192e-03 
 1.441181e+01  6.087981e-03 
 1.441221e+01  6.115598e-03 
 1.441261e+01  6.143021e-03 
 1.441301e+01  6.170239e-03 
 1.441340e+01  6.197227e-03 
 1.441380e+01  6.223971e-03 
 1.441420e+01  6.250456e-03 
 1.441460e+01  6.276667e-03 
 1.441500e+01  6.302596e-03 
 1.441539e+01  6.328219e-03 
 1.441579e+01  6.353527e-03 
 1.441619e+01  6.378503e-03 
 1.441659e+01  6.403141e-03 
 1.441698e+01  6.427428e-03 
 1.441738e+01  6.451368e-03 
 1.441778e+01  6.474949e-03 
 1.441818e+01  6.498159e-03 
 1.441857e+01  6.520998e-03 
 1.441897e+01  6.543448e-03 
 1.441937e+01  6.565506e-03 
 1.441977e+01  6.587153e-03 
 1.442017e+01  6.608376e-03 
 1.442056e+01  6.629164e-03 
 1.442096e+01  6.649505e-03 
 1.442136e+01  6.669388e-03 
 1.442176e+01  6.688806e-03 
 1.442215e+01  6.707741e-03 
 1.442255e+01  6.726190e-03 
 1.442295e+01  6.744140e-03 
 1.442335e+01  6.761585e-03 
 1.442374e+01  6.778510e-03 
 1.442414e+01  6.794902e-03 
 1.442454e+01  6.810749e-03 
 1.442494e+01  6.826031e-03 
 1.442534e+01  6.840745e-03 
 1.442573e+01  6.854887e-03 
 1.442613e+01  6.868446e-03 
 1.442653e+01  6.881422e-03 
 1.442693e+01  6.893803e-03 
 1.442732e+01  6.905566e-03 
 1.442772e+01  6.916714e-03 
 1.442812e+01  6.927233e-03 
 1.442852e+01  6.937106e-03 
 1.442891e+01  6.946332e-03 
 1.442931e+01  6.954893e-03 
 1.442971e+01  6.962789e-03 
 1.443011e+01  6.970018e-03 
 1.443051e+01  6.976575e-03 
 1.443090e+01  6.982450e-03 
 1.443130e+01  6.987631e-03 
 1.443170e+01  6.992113e-03 
 1.443210e+01  6.995896e-03 
 1.443249e+01  6.998984e-03 
 1.443289e+01  7.001375e-03 
 1.443329e+01  7.003069e-03 
 1.443369e+01  7.004070e-03 
 1.443408e+01  7.004379e-03 
 1.443448e+01  7.004008e-03 
 1.443488e+01  7.002950e-03 
 1.443528e+01  7.001210e-03 
 1.443568e+01  6.998788e-03 
 1.443607e+01  6.995682e-03 
 1.443647e+01  6.991908e-03 
 1.443687e+01  6.987471e-03 
 1.443727e+01  6.982377e-03 
 1.443766e+01  6.976627e-03 
 1.443806e+01  6.970221e-03 
 1.443846e+01  6.963172e-03 
 1.443886e+01  6.955487e-03 
 1.443925e+01  6.947173e-03 
 1.443965e+01  6.938237e-03 
 1.444005e+01  6.928680e-03 
 1.444045e+01  6.918523e-03 
 1.444085e+01  6.907775e-03 
 1.444124e+01  6.896457e-03 
 1.444164e+01  6.884586e-03 
 1.444204e+01  6.872170e-03 
 1.444244e+01  6.859223e-03 
 1.444283e+01  6.845754e-03 
 1.444323e+01  6.831783e-03 
 1.444363e+01  6.817316e-03 
 1.444403e+01  6.802367e-03 
 1.444442e+01  6.786948e-03 
 1.444482e+01  6.771066e-03 
 1.444522e+01  6.754750e-03 
 1.444562e+01  6.738009e-03 
 1.444602e+01  6.720861e-03 
 1.444641e+01  6.703309e-03 
 1.444681e+01  6.685356e-03 
 1.444721e+01  6.667009e-03 
 1.444761e+01  6.648279e-03 
 1.444800e+01  6.629179e-03 
 1.444840e+01  6.609714e-03 
 1.444880e+01  6.589905e-03 
 1.444920e+01  6.569765e-03 
 1.444959e+01  6.549306e-03 
 1.444999e+01  6.528546e-03 
 1.445039e+01  6.507506e-03 
 1.445079e+01  6.486184e-03 
 1.445119e+01  6.464596e-03 
 1.445158e+01  6.442760e-03 
 1.445198e+01  6.420696e-03 
 1.445238e+01  6.398425e-03 
 1.445278e+01  6.375968e-03 
 1.445317e+01  6.353344e-03 
 1.445357e+01  6.330571e-03 
 1.445397e+01  6.307668e-03 
 1.445437e+01  6.284660e-03 
 1.445476e+01  6.261565e-03 
 1.445516e+01  6.238399e-03 
 1.445556e+01  6.215178e-03 
 1.445596e+01  6.191933e-03 
 1.445636e+01  6.168683e-03 
 1.445675e+01  6.145461e-03 
 1.445715e+01  6.122283e-03 
 1.445755e+01  6.099179e-03 
 1.445795e+01  6.076167e-03 
 1.445834e+01  6.053272e-03 
 1.445874e+01  6.030515e-03 
 1.445914e+01  6.007921e-03 
 1.445954e+01  5.985503e-03 
 1.445993e+01  5.963292e-03 
 1.446033e+01  5.941304e-03 
 1.446073e+01  5.919571e-03 
 1.446113e+01  5.898109e-03 
 1.446153e+01  5.876937e-03 
 1.446192e+01  5.856067e-03 
 1.446232e+01  5.835508e-03 
 1.446272e+01  5.815271e-03 
 1.446312e+01  5.795370e-03 
 1.446351e+01  5.775808e-03 
 1.446391e+01  5.756599e-03 
 1.446431e+01  5.737759e-03 
 1.446471e+01  5.719291e-03 
 1.446510e+01  5.701214e-03 
 1.446550e+01  5.683540e-03 
 1.446590e+01  5.666266e-03 
 1.446630e+01  5.649396e-03 
 1.446670e+01  5.632934e-03 
 1.446709e+01  5.616886e-03 
 1.446749e+01  5.601267e-03 
 1.446789e+01  5.586091e-03 
 1.446829e+01  5.571358e-03 
 1.446868e+01  5.557094e-03 
 1.446908e+01  5.543297e-03 
 1.446948e+01  5.529985e-03 
 1.446988e+01  5.517187e-03 
 1.447027e+01  5.504887e-03 
 1.447067e+01  5.493111e-03 
 1.447107e+01  5.481855e-03 
 1.447147e+01  5.471133e-03 
 1.447187e+01  5.460953e-03 
 1.447226e+01  5.451333e-03 
 1.447266e+01  5.442271e-03 
 1.447306e+01  5.433771e-03 
 1.447346e+01  5.425848e-03 
 1.447385e+01  5.418508e-03 
 1.447425e+01  5.411766e-03 
 1.447465e+01  5.405626e-03 
 1.447505e+01  5.400085e-03 
 1.447544e+01  5.395153e-03 
 1.447584e+01  5.390823e-03 
 1.447624e+01  5.387111e-03 
 1.447664e+01  5.384018e-03 
 1.447704e+01  5.381550e-03 
 1.447743e+01  5.379709e-03 
 1.447783e+01  5.378509e-03 
 1.447823e+01  5.377954e-03 
 1.447863e+01  5.378044e-03 
 1.447902e+01  5.378779e-03 
 1.447942e+01  5.380148e-03 
 1.447982e+01  5.382145e-03 
 1.448022e+01  5.384779e-03 
 1.448061e+01  5.388046e-03 
 1.448101e+01  5.391946e-03 
 1.448141e+01  5.396477e-03 
 1.448181e+01  5.401631e-03 
 1.448221e+01  5.407405e-03 
 1.448260e+01  5.413793e-03 
 1.448300e+01  5.420796e-03 
 1.448340e+01  5.428411e-03 
 1.448380e+01  5.436624e-03 
 1.448419e+01  5.445433e-03 
 1.448459e+01  5.454841e-03 
 1.448499e+01  5.464849e-03 
 1.448539e+01  5.475457e-03 
 1.448578e+01  5.486652e-03 
 1.448618e+01  5.498427e-03 
 1.448658e+01  5.510772e-03 
 1.448698e+01  5.523685e-03 
 1.448738e+01  5.537162e-03 
 1.448777e+01  5.551196e-03 
 1.448817e+01  5.565775e-03 
 1.448857e+01  5.580894e-03 
 1.448897e+01  5.596543e-03 
 1.448936e+01  5.612719e-03 
 1.448976e+01  5.629414e-03 
 1.449016e+01  5.646602e-03 
 1.449056e+01  5.664268e-03 
 1.449095e+01  5.682393e-03 
 1.449135e+01  5.700975e-03 
 1.449175e+01  5.720005e-03 
 1.449215e+01  5.739474e-03 
 1.449255e+01  5.759378e-03 
 1.449294e+01  5.779710e-03 
 1.449334e+01  5.800468e-03 
 1.449374e+01  5.821638e-03 
 1.449414e+01  5.843213e-03 
 1.449453e+01  5.865179e-03 
 1.449493e+01  5.887524e-03 
 1.449533e+01  5.910251e-03 
 1.449573e+01  5.933356e-03 
 1.449612e+01  5.956840e-03 
 1.449652e+01  5.980702e-03 
 1.449692e+01  6.004931e-03 
 1.449732e+01  6.029519e-03 
 1.449772e+01  6.054448e-03 
 1.449811e+01  6.079712e-03 
 1.449851e+01  6.105290e-03 
 1.449891e+01  6.131172e-03 
 1.449931e+01  6.157342e-03 
 1.449970e+01  6.183790e-03 
 1.450010e+01  6.210509e-03 
 1.450050e+01  6.237488e-03 
 1.450090e+01  6.264712e-03 
 1.450129e+01  6.292166e-03 
 1.450169e+01  6.319832e-03 
 1.450209e+01  6.347694e-03 
 1.450249e+01  6.375731e-03 
 1.450289e+01  6.403927e-03 
 1.450328e+01  6.432265e-03 
 1.450368e+01  6.460726e-03 
 1.450408e+01  6.489293e-03 
 1.450448e+01  6.517950e-03 
 1.450487e+01  6.546681e-03 
 1.450527e+01  6.575466e-03 
 1.450567e+01  6.604274e-03 
 1.450607e+01  6.633088e-03 
 1.450647e+01  6.661878e-03 
 1.450686e+01  6.690629e-03 
 1.450726e+01  6.719323e-03 
 1.450766e+01  6.747940e-03 
 1.450806e+01  6.776464e-03 
 1.450845e+01  6.804872e-03 
 1.450885e+01  6.833152e-03 
 1.450925e+01  6.861297e-03 
 1.450965e+01  6.889284e-03 
 1.451004e+01  6.917101e-03 
 1.451044e+01  6.944727e-03 
 1.451084e+01  6.972155e-03 
 1.451124e+01  6.999384e-03 
 1.451164e+01  7.026411e-03 
 1.451203e+01  7.053229e-03 
 1.451243e+01  7.079822e-03 
 1.451283e+01  7.106186e-03 
 1.451323e+01  7.132316e-03 
 1.451362e+01  7.158201e-03 
 1.451402e+01  7.183827e-03 
 1.451442e+01  7.209181e-03 
 1.451482e+01  7.234243e-03 
 1.451521e+01  7.259002e-03 
 1.451561e+01  7.283452e-03 
 1.451601e+01  7.307588e-03 
 1.451641e+01  7.331393e-03 
 1.451681e+01  7.354848e-03 
 1.451720e+01  7.377930e-03 
 1.451760e+01  7.400627e-03 
 1.451800e+01  7.422918e-03 
 1.451840e+01  7.444782e-03 
 1.451879e+01  7.466202e-03 
 1.451919e+01  7.487156e-03 
 1.451959e+01  7.507628e-03 
 1.451999e+01  7.527617e-03 
 1.452038e+01  7.547101e-03 
 1.452078e+01  7.566066e-03 
 1.452118e+01  7.584493e-03 
 1.452158e+01  7.602365e-03 
 1.452198e+01  7.619660e-03 
 1.452237e+01  7.636374e-03 
 1.452277e+01  7.652482e-03 
 1.452317e+01  7.667968e-03 
 1.452357e+01  7.682809e-03 
 1.452396e+01  7.697005e-03 
 1.452436e+01  7.710544e-03 
 1.452476e+01  7.723424e-03 
 1.452516e+01  7.735633e-03 
 1.452555e+01  7.747173e-03 
 1.452595e+01  7.758019e-03 
 1.452635e+01  7.768167e-03 
 1.452675e+01  7.777624e-03 
 1.452715e+01  7.786378e-03 
 1.452754e+01  7.794431e-03 
 1.452794e+01  7.801788e-03 
 1.452834e+01  7.808443e-03 
 1.452874e+01  7.814410e-03 
 1.452913e+01  7.819691e-03 
 1.452953e+01  7.824283e-03 
 1.452993e+01  7.828186e-03 
 1.453033e+01  7.831401e-03 
 1.453072e+01  7.833927e-03 
 1.453112e+01  7.835774e-03 
 1.453152e+01  7.836943e-03 
 1.453192e+01  7.837434e-03 
 1.453232e+01  7.837244e-03 
 1.453271e+01  7.836376e-03 
 1.453311e+01  7.834839e-03 
 1.453351e+01  7.832622e-03 
 1.453391e+01  7.829733e-03 
 1.453430e+01  7.826168e-03 
 1.453470e+01  7.821924e-03 
 1.453510e+01  7.817017e-03 
 1.453550e+01  7.811447e-03 
 1.453589e+01  7.805219e-03 
 1.453629e+01  7.798338e-03 
 1.453669e+01  7.790805e-03 
 1.453709e+01  7.782628e-03 
 1.453749e+01  7.773817e-03 
 1.453788e+01  7.764385e-03 
 1.453828e+01  7.754331e-03 
 1.453868e+01  7.743664e-03 
 1.453908e+01  7.732396e-03 
 1.453947e+01  7.720533e-03 
 1.453987e+01  7.708099e-03 
 1.454027e+01  7.695103e-03 
 1.454067e+01  7.681550e-03 
 1.454106e+01  7.667447e-03 
 1.454146e+01  7.652798e-03 
 1.454186e+01  7.637615e-03 
 1.454226e+01  7.621909e-03 
 1.454266e+01  7.605690e-03 
 1.454305e+01  7.588966e-03 
 1.454345e+01  7.571750e-03 
 1.454385e+01  7.554068e-03 
 1.454425e+01  7.535941e-03 
 1.454464e+01  7.517386e-03 
 1.454504e+01  7.498411e-03 
 1.454544e+01  7.479029e-03 
 1.454584e+01  7.459250e-03 
 1.454623e+01  7.439096e-03 
 1.454663e+01  7.418595e-03 
 1.454703e+01  7.397766e-03 
 1.454743e+01  7.376633e-03 
 1.454783e+01  7.355215e-03 
 1.454822e+01  7.333534e-03 
 1.454862e+01  7.311619e-03 
 1.454902e+01  7.289483e-03 
 1.454942e+01  7.267134e-03 
 1.454981e+01  7.244585e-03 
 1.455021e+01  7.221854e-03 
 1.455061e+01  7.198971e-03 
 1.455101e+01  7.175957e-03 
 1.455140e+01  7.152836e-03 
 1.455180e+01  7.129618e-03 
 1.455220e+01  7.106322e-03 
 1.455260e+01  7.082969e-03 
 1.455300e+01  7.059587e-03 
 1.455339e+01  7.036187e-03 
 1.455379e+01  7.012785e-03 
 1.455419e+01  6.989397e-03 
 1.455459e+01  6.966036e-03 
 1.455498e+01  6.942730e-03 
 1.455538e+01  6.919505e-03 
 1.455578e+01  6.896376e-03 
 1.455618e+01  6.873354e-03 
 1.455657e+01  6.850455e-03 
 1.455697e+01  6.827692e-03 
 1.455737e+01  6.805091e-03 
 1.455777e+01  6.782657e-03 
 1.455817e+01  6.760401e-03 
 1.455856e+01  6.738341e-03 
 1.455896e+01  6.716489e-03 
 1.455936e+01  6.694863e-03 
 1.455976e+01  6.673484e-03 
 1.456015e+01  6.652361e-03 
 1.456055e+01  6.631499e-03 
 1.456095e+01  6.610907e-03 
 1.456135e+01  6.590600e-03 
 1.456174e+01  6.570592e-03 
 1.456214e+01  6.550906e-03 
 1.456254e+01  6.531553e-03 
 1.456294e+01  6.512561e-03 
 1.456334e+01  6.493941e-03 
 1.456373e+01  6.475708e-03 
 1.456413e+01  6.457884e-03 
 1.456453e+01  6.440489e-03 
 1.456493e+01  6.423527e-03 
 1.456532e+01  6.407016e-03 
 1.456572e+01  6.390969e-03 
 1.456612e+01  6.375397e-03 
 1.456652e+01  6.360321e-03 
 1.456691e+01  6.345744e-03 
 1.456731e+01  6.331674e-03 
 1.456771e+01  6.318121e-03 
 1.456811e+01  6.305086e-03 
 1.456851e+01  6.292591e-03 
 1.456890e+01  6.280634e-03 
 1.456930e+01  6.269220e-03 
 1.456970e+01  6.258353e-03 
 1.457010e+01  6.248032e-03 
 1.457049e+01  6.238279e-03 
 1.457089e+01  6.229094e-03 
 1.457129e+01  6.220482e-03 
 1.457169e+01  6.212449e-03 
 1.457208e+01  6.205003e-03 
 1.457248e+01  6.198156e-03 
 1.457288e+01  6.191913e-03 
 1.457328e+01  6.186281e-03 
 1.457368e+01  6.181252e-03 
 1.457407e+01  6.176827e-03 
 1.457447e+01  6.173006e-03 
 1.457487e+01  6.169793e-03 
 1.457527e+01  6.167190e-03 
 1.457566e+01  6.165197e-03 
 1.457606e+01  6.163817e-03 
 1.457646e+01  6.163049e-03 
 1.457686e+01  6.162897e-03 
 1.457725e+01  6.163357e-03 
 1.457765e+01  6.164423e-03 
 1.457805e+01  6.166097e-03 
 1.457845e+01  6.168365e-03 
 1.457885e+01  6.171244e-03 
 1.457924e+01  6.174735e-03 
 1.457964e+01  6.178841e-03 
 1.458004e+01  6.183555e-03 
 1.458044e+01  6.188878e-03 
 1.458083e+01  6.194806e-03 
 1.458123e+01  6.201343e-03 
 1.458163e+01  6.208488e-03 
 1.458203e+01  6.216239e-03 
 1.458242e+01  6.224583e-03 
 1.458282e+01  6.233522e-03 
 1.458322e+01  6.243054e-03 
 1.458362e+01  6.253181e-03 
 1.458402e+01  6.263889e-03 
 1.458441e+01  6.275177e-03 
 1.458481e+01  6.287035e-03 
 1.458521e+01  6.299450e-03 
 1.458561e+01  6.312427e-03 
 1.458600e+01  6.325966e-03 
 1.458640e+01  6.340061e-03 
 1.458680e+01  6.354703e-03 
 1.458720e+01  6.369890e-03 
 1.458759e+01  6.385619e-03 
 1.458799e+01  6.401891e-03 
 1.458839e+01  6.418707e-03 
 1.458879e+01  6.436058e-03 
 1.458919e+01  6.453940e-03 
 1.458958e+01  6.472348e-03 
 1.458998e+01  6.491286e-03 
 1.459038e+01  6.510758e-03 
 1.459078e+01  6.530765e-03 
 1.459117e+01  6.551297e-03 
 1.459157e+01  6.572351e-03 
 1.459197e+01  6.593917e-03 
 1.459237e+01  6.615989e-03 
 1.459276e+01  6.638556e-03 
 1.459316e+01  6.661602e-03 
 1.459356e+01  6.685109e-03 
 1.459396e+01  6.709068e-03 
 1.459436e+01  6.733468e-03 
 1.459475e+01  6.758301e-03 
 1.459515e+01  6.783555e-03 
 1.459555e+01  6.809207e-03 
 1.459595e+01  6.835237e-03 
 1.459634e+01  6.861625e-03 
 1.459674e+01  6.888357e-03 
 1.459714e+01  6.915414e-03 
 1.459754e+01  6.942784e-03 
 1.459794e+01  6.970443e-03 
 1.459833e+01  6.998378e-03 
 1.459873e+01  7.026579e-03 
 1.459913e+01  7.055032e-03 
 1.459953e+01  7.083720e-03 
 1.459992e+01  7.112621e-03 
 1.460032e+01  7.141717e-03 
 1.460072e+01  7.170986e-03 
 1.460112e+01  7.200414e-03 
 1.460151e+01  7.229987e-03 
 1.460191e+01  7.259681e-03 
 1.460231e+01  7.289481e-03 
 1.460271e+01  7.319375e-03 
 1.460311e+01  7.349345e-03 
 1.460350e+01  7.379388e-03 
 1.460390e+01  7.409489e-03 
 1.460430e+01  7.439631e-03 
 1.460470e+01  7.469805e-03 
 1.460509e+01  7.499998e-03 
 1.460549e+01  7.530206e-03 
 1.460589e+01  7.560411e-03 
 1.460629e+01  7.590606e-03 
 1.460668e+01  7.620781e-03 
 1.460708e+01  7.650925e-03 
 1.460748e+01  7.681023e-03 
 1.460788e+01  7.711070e-03 
 1.460828e+01  7.741044e-03 
 1.460867e+01  7.770923e-03 
 1.460907e+01  7.800683e-03 
 1.460947e+01  7.830307e-03 
 1.460987e+01  7.859780e-03 
 1.461026e+01  7.889080e-03 
 1.461066e+01  7.918184e-03 
 1.461106e+01  7.947073e-03 
 1.461146e+01  7.975721e-03 
 1.461185e+01  8.004097e-03 
 1.461225e+01  8.032181e-03 
 1.461265e+01  8.059946e-03 
 1.461305e+01  8.087360e-03 
 1.461345e+01  8.114400e-03 
 1.461384e+01  8.141046e-03 
 1.461424e+01  8.167287e-03 
 1.461464e+01  8.193110e-03 
 1.461504e+01  8.218489e-03 
 1.461543e+01  8.243401e-03 
 1.461583e+01  8.267822e-03 
 1.461623e+01  8.291746e-03 
 1.461663e+01  8.315150e-03 
 1.461702e+01  8.338019e-03 
 1.461742e+01  8.360356e-03 
 1.461782e+01  8.382131e-03 
 1.461822e+01  8.403336e-03 
 1.461862e+01  8.423973e-03 
 1.461901e+01  8.444027e-03 
 1.461941e+01  8.463481e-03 
 1.461981e+01  8.482330e-03 
 1.462021e+01  8.500572e-03 
 1.462060e+01  8.518187e-03 
 1.462100e+01  8.535175e-03 
 1.462140e+01  8.551520e-03 
 1.462180e+01  8.567221e-03 
 1.462219e+01  8.582271e-03 
 1.462259e+01  8.596658e-03 
 1.462299e+01  8.610390e-03 
 1.462339e+01  8.623464e-03 
 1.462379e+01  8.635871e-03 
 1.462418e+01  8.647610e-03 
 1.462458e+01  8.658667e-03 
 1.462498e+01  8.669035e-03 
 1.462538e+01  8.678718e-03 
 1.462577e+01  8.687704e-03 
 1.462617e+01  8.695988e-03 
 1.462657e+01  8.703563e-03 
 1.462697e+01  8.710423e-03 
 1.462736e+01  8.716568e-03 
 1.462776e+01  8.721990e-03 
 1.462816e+01  8.726671e-03 
 1.462856e+01  8.730611e-03 
 1.462896e+01  8.733804e-03 
 1.462935e+01  8.736238e-03 
 1.462975e+01  8.737923e-03 
 1.463015e+01  8.738855e-03 
 1.463055e+01  8.739032e-03 
 1.463094e+01  8.738453e-03 
 1.463134e+01  8.737123e-03 
 1.463174e+01  8.735053e-03 
 1.463214e+01  8.732245e-03 
 1.463253e+01  8.728714e-03 
 1.463293e+01  8.724461e-03 
 1.463333e+01  8.719493e-03 
 1.463373e+01  8.713827e-03 
 1.463413e+01  8.707467e-03 
 1.463452e+01  8.700430e-03 
 1.463492e+01  8.692725e-03 
 1.463532e+01  8.684354e-03 
 1.463572e+01  8.675331e-03 
 1.463611e+01  8.665670e-03 
 1.463651e+01  8.655382e-03 
 1.463691e+01  8.644465e-03 
 1.463731e+01  8.632936e-03 
 1.463770e+01  8.620811e-03 
 1.463810e+01  8.608087e-03 
 1.463850e+01  8.594788e-03 
 1.463890e+01  8.580923e-03 
 1.463930e+01  8.566504e-03 
 1.463969e+01  8.551544e-03 
 1.464009e+01  8.536051e-03 
 1.464049e+01  8.520039e-03 
 1.464089e+01  8.503527e-03 
 1.464128e+01  8.486525e-03 
 1.464168e+01  8.469058e-03 
 1.464208e+01  8.451141e-03 
 1.464248e+01  8.432787e-03 
 1.464287e+01  8.414028e-03 
 1.464327e+01  8.394865e-03 
 1.464367e+01  8.375325e-03 
 1.464407e+01  8.355422e-03 
 1.464447e+01  8.335160e-03 
 1.464486e+01  8.314563e-03 
 1.464526e+01  8.293654e-03 
 1.464566e+01  8.272455e-03 
 1.464606e+01  8.250984e-03 
 1.464645e+01  8.229255e-03 
 1.464685e+01  8.207283e-03 
 1.464725e+01  8.185094e-03 
 1.464765e+01  8.162707e-03 
 1.464804e+01  8.140130e-03 
 1.464844e+01  8.117388e-03 
 1.464884e+01  8.094504e-03 
 1.464924e+01  8.071501e-03 
 1.464964e+01  8.048397e-03 
 1.465003e+01  8.025219e-03 
 1.465043e+01  8.001976e-03 
 1.465083e+01  7.978687e-03 
 1.465123e+01  7.955370e-03 
 1.465162e+01  7.932042e-03 
 1.465202e+01  7.908715e-03 
 1.465242e+01  7.885402e-03 
 1.465282e+01  7.862114e-03 
 1.465321e+01  7.838857e-03 
 1.465361e+01  7.815644e-03 
 1.465401e+01  7.792490e-03 
 1.465441e+01  7.769399e-03 
 1.465481e+01  7.746381e-03 
 1.465520e+01  7.723451e-03 
 1.465560e+01  7.700604e-03 
 1.465600e+01  7.677859e-03 
 1.465640e+01  7.655225e-03 
 1.465679e+01  7.632715e-03 
 1.465719e+01  7.610343e-03 
 1.465759e+01  7.588117e-03 
 1.465799e+01  7.566061e-03 
 1.465838e+01  7.544194e-03 
 1.465878e+01  7.522532e-03 
 1.465918e+01  7.501088e-03 
 1.465958e+01  7.479882e-03 
 1.465998e+01  7.458928e-03 
 1.466037e+01  7.438242e-03 
 1.466077e+01  7.417842e-03 
 1.466117e+01  7.397747e-03 
 1.466157e+01  7.377973e-03 
 1.466196e+01  7.358536e-03 
 1.466236e+01  7.339452e-03 
 1.466276e+01  7.320732e-03 
 1.466316e+01  7.302393e-03 
 1.466355e+01  7.284438e-03 
 1.466395e+01  7.266887e-03 
 1.466435e+01  7.249747e-03 
 1.466475e+01  7.233026e-03 
 1.466515e+01  7.216740e-03 
 1.466554e+01  7.200897e-03 
 1.466594e+01  7.185503e-03 
 1.466634e+01  7.170581e-03 
 1.466674e+01  7.156132e-03 
 1.466713e+01  7.142157e-03 
 1.466753e+01  7.128673e-03 
 1.466793e+01  7.115685e-03 
 1.466833e+01  7.103197e-03 
 1.466872e+01  7.091221e-03 
 1.466912e+01  7.079759e-03 
 1.466952e+01  7.068811e-03 
 1.466992e+01  7.058385e-03 
 1.467032e+01  7.048482e-03 
 1.467071e+01  7.039104e-03 
 1.467111e+01  7.030253e-03 
 1.467151e+01  7.021928e-03 
 1.467191e+01  7.014128e-03 
 1.467230e+01  7.006853e-03 
 1.467270e+01  7.000116e-03 
 1.467310e+01  6.993910e-03 
 1.467350e+01  6.988243e-03 
 1.467389e+01  6.983128e-03 
 1.467429e+01  6.978561e-03 
 1.467469e+01  6.974560e-03 
 1.467509e+01  6.971119e-03 
 1.467549e+01  6.968254e-03 
 1.467588e+01  6.965967e-03 
 1.467628e+01  6.964261e-03 
 1.467668e+01  6.963147e-03 
 1.467708e+01  6.962629e-03 
 1.467747e+01  6.962713e-03 
 1.467787e+01  6.963411e-03 
 1.467827e+01  6.964723e-03 
 1.467867e+01  6.966653e-03 
 1.467906e+01  6.969196e-03 
 1.467946e+01  6.972351e-03 
 1.467986e+01  6.976123e-03 
 1.468026e+01  6.980515e-03 
 1.468066e+01  6.985527e-03 
 1.468105e+01  6.991160e-03 
 1.468145e+01  6.997410e-03 
 1.468185e+01  7.004274e-03 
 1.468225e+01  7.011747e-03 
 1.468264e+01  7.019837e-03 
 1.468304e+01  7.028544e-03 
 1.468344e+01  7.037867e-03 
 1.468384e+01  7.047812e-03 
 1.468423e+01  7.058375e-03 
 1.468463e+01  7.069559e-03 
 1.468503e+01  7.081362e-03 
 1.468543e+01  7.093775e-03 
 1.468583e+01  7.106799e-03 
 1.468622e+01  7.120428e-03 
 1.468662e+01  7.134663e-03 
 1.468702e+01  7.149496e-03 
 1.468742e+01  7.164927e-03 
 1.468781e+01  7.180951e-03 
 1.468821e+01  7.197547e-03 
 1.468861e+01  7.214709e-03 
 1.468901e+01  7.232432e-03 
 1.468941e+01  7.250703e-03 
 1.468980e+01  7.269520e-03 
 1.469020e+01  7.288878e-03 
 1.469060e+01  7.308760e-03 
 1.469100e+01  7.329154e-03 
 1.469139e+01  7.350058e-03 
 1.469179e+01  7.371450e-03 
 1.469219e+01  7.393321e-03 
 1.469259e+01  7.415664e-03 
 1.469298e+01  7.438468e-03 
 1.469338e+01  7.461730e-03 
 1.469378e+01  7.485437e-03 
 1.469418e+01  7.509578e-03 
 1.469458e+01  7.534134e-03 
 1.469497e+01  7.559092e-03 
 1.469537e+01  7.584437e-03 
 1.469577e+01  7.610159e-03 
 1.469617e+01  7.636239e-03 
 1.469656e+01  7.662664e-03 
 1.469696e+01  7.689421e-03 
 1.469736e+01  7.716492e-03 
 1.469776e+01  7.743863e-03 
 1.469815e+01  7.771515e-03 
 1.469855e+01  7.799427e-03 
 1.469895e+01  7.827589e-03 
 1.469935e+01  7.855974e-03 
 1.469975e+01  7.884568e-03 
 1.470014e+01  7.913357e-03 
 1.470054e+01  7.942320e-03 
 1.470094e+01  7.971443e-03 
 1.470134e+01  8.000716e-03 
 1.470173e+01  8.030114e-03 
 1.470213e+01  8.059631e-03 
 1.470253e+01  8.089248e-03 
 1.470293e+01  8.118949e-03 
 1.470332e+01  8.148712e-03 
 1.470372e+01  8.178511e-03 
 1.470412e+01  8.208328e-03 
 1.470452e+01  8.238142e-03 
 1.470492e+01  8.267932e-03 
 1.470531e+01  8.297683e-03 
 1.470571e+01  8.327365e-03 
 1.470611e+01  8.356963e-03 
 1.470651e+01  8.386445e-03 
 1.470690e+01  8.415781e-03 
 1.470730e+01  8.444952e-03 
 1.470770e+01  8.473927e-03 
 1.470810e+01  8.502682e-03 
 1.470849e+01  8.531194e-03 
 1.470889e+01  8.559444e-03 
 1.470929e+01  8.587409e-03 
 1.470969e+01  8.615070e-03 
 1.471009e+01  8.642411e-03 
 1.471048e+01  8.669403e-03 
 1.471088e+01  8.696034e-03 
 1.471128e+01  8.722285e-03 
 1.471168e+01  8.748149e-03 
 1.471207e+01  8.773601e-03 
 1.471247e+01  8.798627e-03 
 1.471287e+01  8.823218e-03 
 1.471327e+01  8.847363e-03 
 1.471366e+01  8.871041e-03 
 1.471406e+01  8.894246e-03 
 1.471446e+01  8.916957e-03 
 1.471486e+01  8.939151e-03 
 1.471526e+01  8.960824e-03 
 1.471565e+01  8.981971e-03 
 1.471605e+01  9.002578e-03 
 1.471645e+01  9.022628e-03 
 1.471685e+01  9.042123e-03 
 1.471724e+01  9.061035e-03 
 1.471764e+01  9.079366e-03 
 1.471804e+01  9.097117e-03 
 1.471844e+01  9.114278e-03 
 1.471883e+01  9.130838e-03 
 1.471923e+01  9.146792e-03 
 1.471963e+01  9.162129e-03 
 1.472003e+01  9.176851e-03 
 1.472043e+01  9.190939e-03 
 1.472082e+01  9.204396e-03 
 1.472122e+01  9.217211e-03 
 1.472162e+01  9.229370e-03 
 1.472202e+01  9.240871e-03 
 1.472241e+01  9.251715e-03 
 1.472281e+01  9.261879e-03 
 1.472321e+01  9.271361e-03 
 1.472361e+01  9.280150e-03 
 1.472400e+01  9.288236e-03 
 1.472440e+01  9.295621e-03 
 1.472480e+01  9.302303e-03 
 1.472520e+01  9.308279e-03 
 1.472560e+01  9.313542e-03 
 1.472599e+01  9.318095e-03 
 1.472639e+01  9.321938e-03 
 1.472679e+01  9.325072e-03 
 1.472719e+01  9.327496e-03 
 1.472758e+01  9.329211e-03 
 1.472798e+01  9.330228e-03 
 1.472838e+01  9.330548e-03 
 1.472878e+01  9.330180e-03 
 1.472917e+01  9.329135e-03 
 1.472957e+01  9.327421e-03 
 1.472997e+01  9.325040e-03 
 1.473037e+01  9.321996e-03 
 1.473077e+01  9.318300e-03 
 1.473116e+01  9.313960e-03 
 1.473156e+01  9.308977e-03 
 1.473196e+01  9.303365e-03 
 1.473236e+01  9.297125e-03 
 1.473275e+01  9.290266e-03 
 1.473315e+01  9.282797e-03 
 1.473355e+01  9.274725e-03 
 1.473395e+01  9.266053e-03 
 1.473434e+01  9.256802e-03 
 1.473474e+01  9.246983e-03 
 1.473514e+01  9.236608e-03 
 1.473554e+01  9.225694e-03 
 1.473594e+01  9.214261e-03 
 1.473633e+01  9.202306e-03 
 1.473673e+01  9.189849e-03 
 1.473713e+01  9.176916e-03 
 1.473753e+01  9.163522e-03 
 1.473792e+01  9.149687e-03 
 1.473832e+01  9.135419e-03 
 1.473872e+01  9.120741e-03 
 1.473912e+01  9.105659e-03 
 1.473951e+01  9.090197e-03 
 1.473991e+01  9.074361e-03 
 1.474031e+01  9.058161e-03 
 1.474071e+01  9.041610e-03 
 1.474111e+01  9.024717e-03 
 1.474150e+01  9.007494e-03 
 1.474190e+01  8.989964e-03 
 1.474230e+01  8.972138e-03 
 1.474270e+01  8.954019e-03 
 1.474309e+01  8.935616e-03 
 1.474349e+01  8.916947e-03 
 1.474389e+01  8.898029e-03 
 1.474429e+01  8.878869e-03 
 1.474468e+01  8.859489e-03 
 1.474508e+01  8.839897e-03 
 1.474548e+01  8.820100e-03 
 1.474588e+01  8.800111e-03 
 1.474628e+01  8.779947e-03 
 1.474667e+01  8.759622e-03 
 1.474707e+01  8.739140e-03 
 1.474747e+01  8.718509e-03 
 1.474787e+01  8.697734e-03 
 1.474826e+01  8.676834e-03 
 1.474866e+01  8.655810e-03 
 1.474906e+01  8.634671e-03 
 1.474946e+01  8.613438e-03 
 1.474985e+01  8.592107e-03 
 1.475025e+01  8.570692e-03 
 1.475065e+01  8.549212e-03 
 1.475105e+01  8.527674e-03 
 1.475145e+01  8.506092e-03 
 1.475184e+01  8.484477e-03 
 1.475224e+01  8.462847e-03 
 1.475264e+01  8.441221e-03 
 1.475304e+01  8.419620e-03 
 1.475343e+01  8.398070e-03 
 1.475383e+01  8.376579e-03 
 1.475423e+01  8.355167e-03 
 1.475463e+01  8.333853e-03 
 1.475502e+01  8.312659e-03 
 1.475542e+01  8.291606e-03 
 1.475582e+01  8.270707e-03 
 1.475622e+01  8.249981e-03 
 1.475662e+01  8.229452e-03 
 1.475701e+01  8.209140e-03 
 1.475741e+01  8.189061e-03 
 1.475781e+01  8.169228e-03 
 1.475821e+01  8.149656e-03 
 1.475860e+01  8.130338e-03 
 1.475900e+01  8.111288e-03 
 1.475940e+01  8.092529e-03 
 1.475980e+01  8.074060e-03 
 1.476019e+01  8.055894e-03 
 1.476059e+01  8.038043e-03 
 1.476099e+01  8.020516e-03 
 1.476139e+01  8.003321e-03 
 1.476179e+01  7.986467e-03 
 1.476218e+01  7.969959e-03 
 1.476258e+01  7.953800e-03 
 1.476298e+01  7.937996e-03 
 1.476338e+01  7.922556e-03 
 1.476377e+01  7.907482e-03 
 1.476417e+01  7.892788e-03 
 1.476457e+01  7.878482e-03 
 1.476497e+01  7.864562e-03 
 1.476536e+01  7.851038e-03 
 1.476576e+01  7.837916e-03 
 1.476616e+01  7.825202e-03 
 1.476656e+01  7.812910e-03 
 1.476696e+01  7.801047e-03 
 1.476735e+01  7.789621e-03 
 1.476775e+01  7.778635e-03 
 1.476815e+01  7.768107e-03 
 1.476855e+01  7.758048e-03 
 1.476894e+01  7.748464e-03 
 1.476934e+01  7.739375e-03 
 1.476974e+01  7.730789e-03 
 1.477014e+01  7.722738e-03 
 1.477053e+01  7.715233e-03 
 1.477093e+01  7.708294e-03 
 1.477133e+01  7.701928e-03 
 1.477173e+01  7.696151e-03 
 1.477213e+01  7.690970e-03 
 1.477252e+01  7.686407e-03 
 1.477292e+01  7.682472e-03 
 1.477332e+01  7.679179e-03 
 1.477372e+01  7.676533e-03 
 1.477411e+01  7.674537e-03 
 1.477451e+01  7.673204e-03 
 1.477491e+01  7.672536e-03 
 1.477531e+01  7.672538e-03 
 1.477570e+01  7.673213e-03 
 1.477610e+01  7.674559e-03 
 1.477650e+01  7.676590e-03 
 1.477690e+01  7.679297e-03 
 1.477730e+01  7.682689e-03 
 1.477769e+01  7.686758e-03 
 1.477809e+01  7.691513e-03 
 1.477849e+01  7.696947e-03 
 1.477889e+01  7.703070e-03 
 1.477928e+01  7.709886e-03 
 1.477968e+01  7.717388e-03 
 1.478008e+01  7.725578e-03 
 1.478048e+01  7.734454e-03 
 1.478088e+01  7.744014e-03 
 1.478127e+01  7.754261e-03 
 1.478167e+01  7.765194e-03 
 1.478207e+01  7.776817e-03 
 1.478247e+01  7.789117e-03 
 1.478286e+01  7.802085e-03 
 1.478326e+01  7.815728e-03 
 1.478366e+01  7.830032e-03 
 1.478406e+01  7.844996e-03 
 1.478445e+01  7.860610e-03 
 1.478485e+01  7.876866e-03 
 1.478525e+01  7.893761e-03 
 1.478565e+01  7.911293e-03 
 1.478605e+01  7.929452e-03 
 1.478644e+01  7.948229e-03 
 1.478684e+01  7.967605e-03 
 1.478724e+01  7.987563e-03 
 1.478764e+01  8.008097e-03 
 1.478803e+01  8.029208e-03 
 1.478843e+01  8.050894e-03 
 1.478883e+01  8.073143e-03 
 1.478923e+01  8.095945e-03 
 1.478962e+01  8.119288e-03 
 1.479002e+01  8.143162e-03 
 1.479042e+01  8.167550e-03 
 1.479082e+01  8.192439e-03 
 1.479122e+01  8.217818e-03 
 1.479161e+01  8.243667e-03 
 1.479201e+01  8.269976e-03 
 1.479241e+01  8.296729e-03 
 1.479281e+01  8.323907e-03 
 1.479320e+01  8.351495e-03 
 1.479360e+01  8.379469e-03 
 1.479400e+01  8.407814e-03 
 1.479440e+01  8.436508e-03 
 1.479479e+01  8.465535e-03 
 1.479519e+01  8.494880e-03 
 1.479559e+01  8.524526e-03 
 1.479599e+01  8.554451e-03 
 1.479639e+01  8.584642e-03 
 1.479678e+01  8.615080e-03 
 1.479718e+01  8.645752e-03 
 1.479758e+01  8.676634e-03 
 1.479798e+01  8.707718e-03 
 1.479837e+01  8.738980e-03 
 1.479877e+01  8.770409e-03 
 1.479917e+01  8.801976e-03 
 1.479957e+01  8.833663e-03 
 1.479996e+01  8.865449e-03 
 1.480036e+01  8.897307e-03 
 1.480076e+01  8.929217e-03 
 1.480116e+01  8.961152e-03 
 1.480156e+01  8.993092e-03 
 1.480195e+01  9.025008e-03 
 1.480235e+01  9.056870e-03 
 1.480275e+01  9.088655e-03 
 1.480315e+01  9.120335e-03 
 1.480354e+01  9.151887e-03 
 1.480394e+01  9.183289e-03 
 1.480434e+01  9.214523e-03 
 1.480474e+01  9.245560e-03 
 1.480513e+01  9.276377e-03 
 1.480553e+01  9.306958e-03 
 1.480593e+01  9.337285e-03 
 1.480633e+01  9.367335e-03 
 1.480673e+01  9.397093e-03 
 1.480712e+01  9.426545e-03 
 1.480752e+01  9.455674e-03 
 1.480792e+01  9.484470e-03 
 1.480832e+01  9.512920e-03 
 1.480871e+01  9.541002e-03 
 1.480911e+01  9.568701e-03 
 1.480951e+01  9.596008e-03 
 1.480991e+01  9.622909e-03 
 1.481030e+01  9.649390e-03 
 1.481070e+01  9.675433e-03 
 1.481110e+01  9.701029e-03 
 1.481150e+01  9.726164e-03 
 1.481190e+01  9.750840e-03 
 1.481229e+01  9.775050e-03 
 1.481269e+01  9.798785e-03 
 1.481309e+01  9.822034e-03 
 1.481349e+01  9.844774e-03 
 1.481388e+01  9.867024e-03 
 1.481428e+01  9.888757e-03 
 1.481468e+01  9.909972e-03 
 1.481508e+01  9.930661e-03 
 1.481547e+01  9.950807e-03 
 1.481587e+01  9.970403e-03 
 1.481627e+01  9.989436e-03 
 1.481667e+01  1.000791e-02 
 1.481707e+01  1.002582e-02 
 1.481746e+01  1.004313e-02 
 1.481786e+01  1.005983e-02 
 1.481826e+01  1.007591e-02 
 1.481866e+01  1.009135e-02 
 1.481905e+01  1.010616e-02 
 1.481945e+01  1.012031e-02 
 1.481985e+01  1.013379e-02 
 1.482025e+01  1.014660e-02 
 1.482064e+01  1.015873e-02 
 1.482104e+01  1.017018e-02 
 1.482144e+01  1.018093e-02 
 1.482184e+01  1.019099e-02 
 1.482224e+01  1.020036e-02 
 1.482263e+01  1.020904e-02 
 1.482303e+01  1.021703e-02 
 1.482343e+01  1.022434e-02 
 1.482383e+01  1.023097e-02 
 1.482422e+01  1.023692e-02 
 1.482462e+01  1.024220e-02 
 1.482502e+01  1.024682e-02 
 1.482542e+01  1.025079e-02 
 1.482581e+01  1.025411e-02 
 1.482621e+01  1.025680e-02 
 1.482661e+01  1.025884e-02 
 1.482701e+01  1.026026e-02 
 1.482741e+01  1.026106e-02 
 1.482780e+01  1.026126e-02 
 1.482820e+01  1.026085e-02 
 1.482860e+01  1.025984e-02 
 1.482900e+01  1.025824e-02 
 1.482939e+01  1.025606e-02 
 1.482979e+01  1.025330e-02 
 1.483019e+01  1.024998e-02 
 1.483059e+01  1.024611e-02 
 1.483098e+01  1.024169e-02 
 1.483138e+01  1.023674e-02 
 1.483178e+01  1.023125e-02 
 1.483218e+01  1.022524e-02 
 1.483258e+01  1.021872e-02 
 1.483297e+01  1.021169e-02 
 1.483337e+01  1.020417e-02 
 1.483377e+01  1.019617e-02 
 1.483417e+01  1.018768e-02 
 1.483456e+01  1.017871e-02 
 1.483496e+01  1.016927e-02 
 1.483536e+01  1.015935e-02 
 1.483576e+01  1.014895e-02 
 1.483615e+01  1.013808e-02 
 1.483655e+01  1.012675e-02 
 1.483695e+01  1.011496e-02 
 1.483735e+01  1.010271e-02 
 1.483775e+01  1.008999e-02 
 1.483814e+01  1.007683e-02 
 1.483854e+01  1.006322e-02 
 1.483894e+01  1.004917e-02 
 1.483934e+01  1.003469e-02 
 1.483973e+01  1.001980e-02 
 1.484013e+01  1.000451e-02 
 1.484053e+01  9.988833e-03 
 1.484093e+01  9.972785e-03 
 1.484132e+01  9.956378e-03 
 1.484172e+01  9.939617e-03 
 1.484212e+01  9.922514e-03 
 1.484252e+01  9.905088e-03 
 1.484292e+01  9.887350e-03 
 1.484331e+01  9.869313e-03 
 1.484371e+01  9.850990e-03 
 1.484411e+01  9.832392e-03 
 1.484451e+01  9.813531e-03 
 1.484490e+01  9.794425e-03 
 1.484530e+01  9.775088e-03 
 1.484570e+01  9.755539e-03 
 1.484610e+01  9.735777e-03 
 1.484649e+01  9.715819e-03 
 1.484689e+01  9.695679e-03 
 1.484729e+01  9.675368e-03 
 1.484769e+01  9.654911e-03 
 1.484809e+01  9.634318e-03 
 1.484848e+01  9.613604e-03 
 1.484888e+01  9.592782e-03 
 1.484928e+01  9.571873e-03 
 1.484968e+01  9.550891e-03 
 1.485007e+01  9.529850e-03 
 1.485047e+01  9.508753e-03 
 1.485087e+01  9.487617e-03 
 1.485127e+01  9.466461e-03 
 1.485166e+01  9.445302e-03 
 1.485206e+01  9.424147e-03 
 1.485246e+01  9.403004e-03 
 1.485286e+01  9.381884e-03 
 1.485326e+01  9.360803e-03 
 1.485365e+01  9.339772e-03 
 1.485405e+01  9.318808e-03 
 1.485445e+01  9.297924e-03 
 1.485485e+01  9.277124e-03 
 1.485524e+01  9.256417e-03 
 1.485564e+01  9.235824e-03 
 1.485604e+01  9.215361e-03 
 1.485644e+01  9.195034e-03 
 1.485683e+01  9.174854e-03 
 1.485723e+01  9.154838e-03 
 1.485763e+01  9.135008e-03 
 1.485803e+01  9.115372e-03 
 1.485843e+01  9.095958e-03 
 1.485882e+01  9.076787e-03 
 1.485922e+01  9.057875e-03 
 1.485962e+01  9.039228e-03 
 1.486002e+01  9.020869e-03 
 1.486041e+01  9.002825e-03 
 1.486081e+01  8.985107e-03 
 1.486121e+01  8.967734e-03 
 1.486161e+01  8.950727e-03 
 1.486200e+01  8.934087e-03 
 1.486240e+01  8.917830e-03 
 1.486280e+01  8.901968e-03 
 1.486320e+01  8.886531e-03 
 1.486360e+01  8.871524e-03 
 1.486399e+01  8.856969e-03 
 1.486439e+01  8.842879e-03 
 1.486479e+01  8.829270e-03 
 1.486519e+01  8.816160e-03 
 1.486558e+01  8.803573e-03 
 1.486598e+01  8.791518e-03 
 1.486638e+01  8.780006e-03 
 1.486678e+01  8.769052e-03 
 1.486717e+01  8.758681e-03 
 1.486757e+01  8.748901e-03 
 1.486797e+01  8.739742e-03 
 1.486837e+01  8.731205e-03 
 1.486877e+01  8.723303e-03 
 1.486916e+01  8.716043e-03 
 1.486956e+01  8.709435e-03 
 1.486996e+01  8.703484e-03 
 1.487036e+01  8.698191e-03 
 1.487075e+01  8.693558e-03 
 1.487115e+01  8.689593e-03 
 1.487155e+01  8.686301e-03 
 1.487195e+01  8.683693e-03 
 1.487235e+01  8.681763e-03 
 1.487274e+01  8.680520e-03 
 1.487314e+01  8.679963e-03 
 1.487354e+01  8.680101e-03 
 1.487394e+01  8.680932e-03 
 1.487433e+01  8.682458e-03 
 1.487473e+01  8.684684e-03 
 1.487513e+01  8.687610e-03 
 1.487553e+01  8.691244e-03 
 1.487592e+01  8.695586e-03 
 1.487632e+01  8.700642e-03 
 1.487672e+01  8.706407e-03 
 1.487712e+01  8.712880e-03 
 1.487752e+01  8.720060e-03 
 1.487791e+01  8.727946e-03 
 1.487831e+01  8.736536e-03 
 1.487871e+01  8.745819e-03 
 1.487911e+01  8.755796e-03 
 1.487950e+01  8.766458e-03 
 1.487990e+01  8.777799e-03 
 1.488030e+01  8.789820e-03 
 1.488070e+01  8.802519e-03 
 1.488109e+01  8.815881e-03 
 1.488149e+01  8.829901e-03 
 1.488189e+01  8.844573e-03 
 1.488229e+01  8.859894e-03 
 1.488269e+01  8.875869e-03 
 1.488308e+01  8.892492e-03 
 1.488348e+01  8.909750e-03 
 1.488388e+01  8.927644e-03 
 1.488428e+01  8.946171e-03 
 1.488467e+01  8.965325e-03 
 1.488507e+01  8.985102e-03 
 1.488547e+01  9.005488e-03 
 1.488587e+01  9.026471e-03 
 1.488626e+01  9.048037e-03 
 1.488666e+01  9.070187e-03 
 1.488706e+01  9.092913e-03 
 1.488746e+01  9.116196e-03 
 1.488786e+01  9.140018e-03 
 1.488825e+01  9.164359e-03 
 1.488865e+01  9.189212e-03 
 1.488905e+01  9.214544e-03 
 1.488945e+01  9.240346e-03 
 1.488984e+01  9.266594e-03 
 1.489024e+01  9.293258e-03 
 1.489064e+01  9.320325e-03 
 1.489104e+01  9.347774e-03 
 1.489143e+01  9.375588e-03 
 1.489183e+01  9.403751e-03 
 1.489223e+01  9.432234e-03 
 1.489263e+01  9.461025e-03 
 1.489303e+01  9.490102e-03 
 1.489342e+01  9.519447e-03 
 1.489382e+01  9.549040e-03 
 1.489422e+01  9.578862e-03 
 1.489462e+01  9.608880e-03 
 1.489501e+01  9.639079e-03 
 1.489541e+01  9.669432e-03 
 1.489581e+01  9.699922e-03 
 1.489621e+01  9.730527e-03 
 1.489660e+01  9.761227e-03 
 1.489700e+01  9.791994e-03 
 1.489740e+01  9.822809e-03 
 1.489780e+01  9.853645e-03 
 1.489820e+01  9.884479e-03 
 1.489859e+01  9.915293e-03 
 1.489899e+01  9.946063e-03 
 1.489939e+01  9.976779e-03 
 1.489979e+01  1.000743e-02 
 1.490018e+01  1.003801e-02 
 1.490058e+01  1.006849e-02 
 1.490098e+01  1.009887e-02 
 1.490138e+01  1.012913e-02 
 1.490177e+01  1.015926e-02 
 1.490217e+01  1.018924e-02 
 1.490257e+01  1.021908e-02 
 1.490297e+01  1.024874e-02 
 1.490337e+01  1.027823e-02 
 1.490376e+01  1.030751e-02 
 1.490416e+01  1.033658e-02 
 1.490456e+01  1.036542e-02 
 1.490496e+01  1.039402e-02 
 1.490535e+01  1.042237e-02 
 1.490575e+01  1.045043e-02 
 1.490615e+01  1.047821e-02 
 1.490655e+01  1.050568e-02 
 1.490694e+01  1.053283e-02 
 1.490734e+01  1.055965e-02 
 1.490774e+01  1.058611e-02 
 1.490814e+01  1.061220e-02 
 1.490854e+01  1.063790e-02 
 1.490893e+01  1.066321e-02 
 1.490933e+01  1.068810e-02 
 1.490973e+01  1.071257e-02 
 1.491013e+01  1.073660e-02 
 1.491052e+01  1.076017e-02 
 1.491092e+01  1.078327e-02 
 1.491132e+01  1.080590e-02 
 1.491172e+01  1.082805e-02 
 1.491211e+01  1.084968e-02 
 1.491251e+01  1.087081e-02 
 1.491291e+01  1.089140e-02 
 1.491331e+01  1.091145e-02 
 1.491371e+01  1.093095e-02 
 1.491410e+01  1.094987e-02 
 1.491450e+01  1.096822e-02 
 1.491490e+01  1.098599e-02 
 1.491530e+01  1.100317e-02 
 1.491569e+01  1.101976e-02 
 1.491609e+01  1.103577e-02 
 1.491649e+01  1.105116e-02 
 1.491689e+01  1.106593e-02 
 1.491728e+01  1.108010e-02 
 1.491768e+01  1.109366e-02 
 1.491808e+01  1.110660e-02 
 1.491848e+01  1.111893e-02 
 1.491888e+01  1.113065e-02 
 1.491927e+01  1.114177e-02 
 1.491967e+01  1.115229e-02 
 1.492007e+01  1.116222e-02 
 1.492047e+01  1.117155e-02 
 1.492086e+01  1.118028e-02 
 1.492126e+01  1.118841e-02 
 1.492166e+01  1.119594e-02 
 1.492206e+01  1.120288e-02 
 1.492245e+01  1.120922e-02 
 1.492285e+01  1.121496e-02 
 1.492325e+01  1.122009e-02 
 1.492365e+01  1.122461e-02 
 1.492405e+01  1.122852e-02 
 1.492444e+01  1.123182e-02 
 1.492484e+01  1.123451e-02 
 1.492524e+01  1.123659e-02 
 1.492564e+01  1.123804e-02 
 1.492603e+01  1.123888e-02 
 1.492643e+01  1.123911e-02 
 1.492683e+01  1.123873e-02 
 1.492723e+01  1.123774e-02 
 1.492762e+01  1.123614e-02 
 1.492802e+01  1.123392e-02 
 1.492842e+01  1.123109e-02 
 1.492882e+01  1.122766e-02 
 1.492922e+01  1.122364e-02 
 1.492961e+01  1.121901e-02 
 1.493001e+01  1.121376e-02 
 1.493041e+01  1.120791e-02 
 1.493081e+01  1.120146e-02 
 1.493120e+01  1.119440e-02 
 1.493160e+01  1.118675e-02 
 1.493200e+01  1.117849e-02 
 1.493240e+01  1.116963e-02 
 1.493279e+01  1.116017e-02 
 1.493319e+01  1.115012e-02 
 1.493359e+01  1.113950e-02 
 1.493399e+01  1.112829e-02 
 1.493439e+01  1.111651e-02 
 1.493478e+01  1.110416e-02 
 1.493518e+01  1.109127e-02 
 1.493558e+01  1.107784e-02 
 1.493598e+01  1.106389e-02 
 1.493637e+01  1.104941e-02 
 1.493677e+01  1.103441e-02 
 1.493717e+01  1.101892e-02 
 1.493757e+01  1.100295e-02 
 1.493796e+01  1.098651e-02 
 1.493836e+01  1.096961e-02 
 1.493876e+01  1.095227e-02 
 1.493916e+01  1.093448e-02 
 1.493956e+01  1.091628e-02 
 1.493995e+01  1.089766e-02 
 1.494035e+01  1.087864e-02 
 1.494075e+01  1.085922e-02 
 1.494115e+01  1.083941e-02 
 1.494154e+01  1.081923e-02 
 1.494194e+01  1.079869e-02 
 1.494234e+01  1.077779e-02 
 1.494274e+01  1.075654e-02 
 1.494313e+01  1.073497e-02 
 1.494353e+01  1.071309e-02 
 1.494393e+01  1.069092e-02 
 1.494433e+01  1.066847e-02 
 1.494473e+01  1.064576e-02 
 1.494512e+01  1.062281e-02 
 1.494552e+01  1.059962e-02 
 1.494592e+01  1.057621e-02 
 1.494632e+01  1.055260e-02 
 1.494671e+01  1.052880e-02 
 1.494711e+01  1.050483e-02 
 1.494751e+01  1.048070e-02 
 1.494791e+01  1.045643e-02 
 1.494830e+01  1.043205e-02 
 1.494870e+01  1.040755e-02 
 1.494910e+01  1.038296e-02 
 1.494950e+01  1.035828e-02 
 1.494990e+01  1.033351e-02 
 1.495029e+01  1.030868e-02 
 1.495069e+01  1.028381e-02 
 1.495109e+01  1.025891e-02 
 1.495149e+01  1.023398e-02 
 1.495188e+01  1.020905e-02 
 1.495228e+01  1.018415e-02 
 1.495268e+01  1.015928e-02 
 1.495308e+01  1.013448e-02 
 1.495347e+01  1.010976e-02 
 1.495387e+01  1.008513e-02 
 1.495427e+01  1.006062e-02 
 1.495467e+01  1.003626e-02 
 1.495507e+01  1.001206e-02 
 1.495546e+01  9.988050e-03 
 1.495586e+01  9.964241e-03 
 1.495626e+01  9.940660e-03 
 1.495666e+01  9.917328e-03 
 1.495705e+01  9.894254e-03 
 1.495745e+01  9.871473e-03 
 1.495785e+01  9.848994e-03 
 1.495825e+01  9.826830e-03 
 1.495864e+01  9.804995e-03 
 1.495904e+01  9.783517e-03 
 1.495944e+01  9.762422e-03 
 1.495984e+01  9.741717e-03 
 1.496024e+01  9.721424e-03 
 1.496063e+01  9.701561e-03 
 1.496103e+01  9.682139e-03 
 1.496143e+01  9.663185e-03 
 1.496183e+01  9.644721e-03 
 1.496222e+01  9.626761e-03 
 1.496262e+01  9.609318e-03 
 1.496302e+01  9.592407e-03 
 1.496342e+01  9.576037e-03 
 1.496382e+01  9.560245e-03 
 1.496421e+01  9.545021e-03 
 1.496461e+01  9.530383e-03 
 1.496501e+01  9.516329e-03 
 1.496541e+01  9.502860e-03 
 1.496580e+01  9.489992e-03 
 1.496620e+01  9.477736e-03 
 1.496660e+01  9.466104e-03 
 1.496700e+01  9.455090e-03 
 1.496739e+01  9.444703e-03 
 1.496779e+01  9.434945e-03 
 1.496819e+01  9.425824e-03 
 1.496859e+01  9.417338e-03 
 1.496899e+01  9.409496e-03 
 1.496938e+01  9.402292e-03 
 1.496978e+01  9.395745e-03 
 1.497018e+01  9.389868e-03 
 1.497058e+01  9.384666e-03 
 1.497097e+01  9.380147e-03 
 1.497137e+01  9.376305e-03 
 1.497177e+01  9.373149e-03 
 1.497217e+01  9.370682e-03 
 1.497256e+01  9.368913e-03 
 1.497296e+01  9.367846e-03 
 1.497336e+01  9.367471e-03 
 1.497376e+01  9.367790e-03 
 1.497416e+01  9.368806e-03 
 1.497455e+01  9.370521e-03 
 1.497495e+01  9.372937e-03 
 1.497535e+01  9.376048e-03 
 1.497575e+01  9.379847e-03 
 1.497614e+01  9.384334e-03 
 1.497654e+01  9.389509e-03 
 1.497694e+01  9.395374e-03 
 1.497734e+01  9.401922e-03 
 1.497773e+01  9.409141e-03 
 1.497813e+01  9.417028e-03 
 1.497853e+01  9.425576e-03 
 1.497893e+01  9.434785e-03 
 1.497933e+01  9.444659e-03 
 1.497972e+01  9.455192e-03 
 1.498012e+01  9.466371e-03 
 1.498052e+01  9.478187e-03 
 1.498092e+01  9.490636e-03 
 1.498131e+01  9.503714e-03 
 1.498171e+01  9.517408e-03 
 1.498211e+01  9.531704e-03 
 1.498251e+01  9.546583e-03 
 1.498290e+01  9.562031e-03 
 1.498330e+01  9.578034e-03 
 1.498370e+01  9.594577e-03 
 1.498410e+01  9.611642e-03 
 1.498450e+01  9.629203e-03 
 1.498489e+01  9.647242e-03 
 1.498529e+01  9.665747e-03 
 1.498569e+01  9.684708e-03 
 1.498609e+01  9.704107e-03 
 1.498648e+01  9.723921e-03 
 1.498688e+01  9.744144e-03 
 1.498728e+01  9.764756e-03 
 1.498768e+01  9.785751e-03 
 1.498807e+01  9.807117e-03 
 1.498847e+01  9.828839e-03 
 1.498887e+01  9.850900e-03 
 1.498927e+01  9.873295e-03 
 1.498967e+01  9.896007e-03 
 1.499006e+01  9.919025e-03 
 1.499046e+01  9.942330e-03 
 1.499086e+01  9.965902e-03 
 1.499126e+01  9.989721e-03 
 1.499165e+01  1.001377e-02 
 1.499205e+01  1.003804e-02 
 1.499245e+01  1.006251e-02 
 1.499285e+01  1.008717e-02 
 1.499324e+01  1.011198e-02 
 1.499364e+01  1.013693e-02 
 1.499404e+01  1.016201e-02 
 1.499444e+01  1.018721e-02 
 1.499484e+01  1.021251e-02 
 1.499523e+01  1.023790e-02 
 1.499563e+01  1.026335e-02 
 1.499603e+01  1.028885e-02 
 1.499643e+01  1.031438e-02 
 1.499682e+01  1.033993e-02 
 1.499722e+01  1.036548e-02 
 1.499762e+01  1.039101e-02 
 1.499802e+01  1.041649e-02 
 1.499841e+01  1.044193e-02 
 1.499881e+01  1.046731e-02 
 1.499921e+01  1.049261e-02 
 1.499961e+01  1.051782e-02 
 1.500001e+01  1.054291e-02 
 1.500040e+01  1.056786e-02 
 1.500080e+01  1.059265e-02 
 1.500120e+01  1.061726e-02 
 1.500160e+01  1.064169e-02 
 1.500199e+01  1.066591e-02 
 1.500239e+01  1.068989e-02 
 1.500279e+01  1.071364e-02 
 1.500319e+01  1.073712e-02 
 1.500358e+01  1.076033e-02 
 1.500398e+01  1.078326e-02 
 1.500438e+01  1.080589e-02 
 1.500478e+01  1.082819e-02 
 1.500518e+01  1.085016e-02 
 1.500557e+01  1.087178e-02 
 1.500597e+01  1.089306e-02 
 1.500637e+01  1.091397e-02 
 1.500677e+01  1.093450e-02 
 1.500716e+01  1.095463e-02 
 1.500756e+01  1.097436e-02 
 1.500796e+01  1.099368e-02 
 1.500836e+01  1.101259e-02 
 1.500875e+01  1.103106e-02 
 1.500915e+01  1.104908e-02 
 1.500955e+01  1.106666e-02 
 1.500995e+01  1.108377e-02 
 1.501035e+01  1.110040e-02 
 1.501074e+01  1.111655e-02 
 1.501114e+01  1.113219e-02 
 1.501154e+01  1.114732e-02 
 1.501194e+01  1.116194e-02 
 1.501233e+01  1.117604e-02 
 1.501273e+01  1.118961e-02 
 1.501313e+01  1.120263e-02 
 1.501353e+01  1.121513e-02 
 1.501392e+01  1.122709e-02 
 1.501432e+01  1.123851e-02 
 1.501472e+01  1.124938e-02 
 1.501512e+01  1.125970e-02 
 1.501552e+01  1.126945e-02 
 1.501591e+01  1.127865e-02 
 1.501631e+01  1.128729e-02 
 1.501671e+01  1.129536e-02 
 1.501711e+01  1.130285e-02 
 1.501750e+01  1.130976e-02 
 1.501790e+01  1.131608e-02 
 1.501830e+01  1.132180e-02 
 1.501870e+01  1.132694e-02 
 1.501909e+01  1.133146e-02 
 1.501949e+01  1.133537e-02 
 1.501989e+01  1.133865e-02 
 1.502029e+01  1.134130e-02 
 1.502069e+01  1.134332e-02 
 1.502108e+01  1.134471e-02 
 1.502148e+01  1.134545e-02 
 1.502188e+01  1.134557e-02 
 1.502228e+01  1.134503e-02 
 1.502267e+01  1.134386e-02 
 1.502307e+01  1.134204e-02 
 1.502347e+01  1.133958e-02 
 1.502387e+01  1.133647e-02 
 1.502426e+01  1.133269e-02 
 1.502466e+01  1.132826e-02 
 1.502506e+01  1.132319e-02 
 1.502546e+01  1.131745e-02 
 1.502586e+01  1.131105e-02 
 1.502625e+01  1.130397e-02 
 1.502665e+01  1.129620e-02 
 1.502705e+01  1.128776e-02 
 1.502745e+01  1.127865e-02 
 1.502784e+01  1.126887e-02 
 1.502824e+01  1.125841e-02 
 1.502864e+01  1.124727e-02 
 1.502904e+01  1.123547e-02 
 1.502943e+01  1.122300e-02 
 1.502983e+01  1.120988e-02 
 1.503023e+01  1.119608e-02 
 1.503063e+01  1.118164e-02 
 1.503103e+01  1.116658e-02 
 1.503142e+01  1.115089e-02 
 1.503182e+01  1.113460e-02 
 1.503222e+01  1.111772e-02 
 1.503262e+01  1.110024e-02 
 1.503301e+01  1.108220e-02 
 1.503341e+01  1.106359e-02 
 1.503381e+01  1.104444e-02 
 1.503421e+01  1.102476e-02 
 1.503460e+01  1.100455e-02 
 1.503500e+01  1.098382e-02 
 1.503540e+01  1.096259e-02 
 1.503580e+01  1.094086e-02 
 1.503620e+01  1.091865e-02 
 1.503659e+01  1.089596e-02 
 1.503699e+01  1.087279e-02 
 1.503739e+01  1.084918e-02 
 1.503779e+01  1.082513e-02 
 1.503818e+01  1.080065e-02 
 1.503858e+01  1.077574e-02 
 1.503898e+01  1.075043e-02 
 1.503938e+01  1.072470e-02 
 1.503977e+01  1.069860e-02 
 1.504017e+01  1.067212e-02 
 1.504057e+01  1.064528e-02 
 1.504097e+01  1.061809e-02 
 1.504137e+01  1.059056e-02 
 1.504176e+01  1.056272e-02 
 1.504216e+01  1.053456e-02 
 1.504256e+01  1.050610e-02 
 1.504296e+01  1.047736e-02 
 1.504335e+01  1.044835e-02 
 1.504375e+01  1.041907e-02 
 1.504415e+01  1.038954e-02 
 1.504455e+01  1.035976e-02 
 1.504494e+01  1.032976e-02 
 1.504534e+01  1.029954e-02 
 1.504574e+01  1.026912e-02 
 1.504614e+01  1.023852e-02 
 1.504654e+01  1.020775e-02 
 1.504693e+01  1.017683e-02 
 1.504733e+01  1.014580e-02 
 1.504773e+01  1.011465e-02 
 1.504813e+01  1.008342e-02 
 1.504852e+01  1.005212e-02 
 1.504892e+01  1.002078e-02 
 1.504932e+01  9.989420e-03 
 1.504972e+01  9.958074e-03 
 1.505011e+01  9.926766e-03 
 1.505051e+01  9.895514e-03 
 1.505091e+01  9.864346e-03 
 1.505131e+01  9.833286e-03 
 1.505171e+01  9.802360e-03 
 1.505210e+01  9.771581e-03 
 1.505250e+01  9.740962e-03 
 1.505290e+01  9.710531e-03 
 1.505330e+01  9.680310e-03 
 1.505369e+01  9.650325e-03 
 1.505409e+01  9.620589e-03 
 1.505449e+01  9.591122e-03 
 1.505489e+01  9.561949e-03 
 1.505528e+01  9.533079e-03 
 1.505568e+01  9.504549e-03 
 1.505608e+01  9.476380e-03 
 1.505648e+01  9.448576e-03 
 1.505688e+01  9.421157e-03 
 1.505727e+01  9.394149e-03 
 1.505767e+01  9.367567e-03 
 1.505807e+01  9.341421e-03 
 1.505847e+01  9.315727e-03 
 1.505886e+01  9.290486e-03 
 1.505926e+01  9.265714e-03 
 1.505966e+01  9.241421e-03 
 1.506006e+01  9.217634e-03 
 1.506046e+01  9.194339e-03 
 1.506085e+01  9.171551e-03 
 1.506125e+01  9.149266e-03 
 1.506165e+01  9.127503e-03 
 1.506205e+01  9.106277e-03 
 1.506244e+01  9.085586e-03 
 1.506284e+01  9.065446e-03 
 1.506324e+01  9.045839e-03 
 1.506364e+01  9.026783e-03 
 1.506403e+01  9.008294e-03 
 1.506443e+01  8.990382e-03 
 1.506483e+01  8.973061e-03 
 1.506523e+01  8.956339e-03 
 1.506563e+01  8.940225e-03 
 1.506602e+01  8.924726e-03 
 1.506642e+01  8.909852e-03 
 1.506682e+01  8.895617e-03 
 1.506722e+01  8.882019e-03 
 1.506761e+01  8.869068e-03 
 1.506801e+01  8.856774e-03 
 1.506841e+01  8.845144e-03 
 1.506881e+01  8.834183e-03 
 1.506920e+01  8.823901e-03 
 1.506960e+01  8.814300e-03 
 1.507000e+01  8.805379e-03 
 1.507040e+01  8.797138e-03 
 1.507080e+01  8.789583e-03 
 1.507119e+01  8.782719e-03 
 1.507159e+01  8.776544e-03 
 1.507199e+01  8.771057e-03 
 1.507239e+01  8.766257e-03 
 1.507278e+01  8.762145e-03 
 1.507318e+01  8.758719e-03 
 1.507358e+01  8.755979e-03 
 1.507398e+01  8.753919e-03 
 1.507437e+01  8.752532e-03 
 1.507477e+01  8.751819e-03 
 1.507517e+01  8.751781e-03 
 1.507557e+01  8.752413e-03 
 1.507597e+01  8.753706e-03 
 1.507636e+01  8.755654e-03 
 1.507676e+01  8.758253e-03 
 1.507716e+01  8.761500e-03 
 1.507756e+01  8.765388e-03 
 1.507795e+01  8.769898e-03 
 1.507835e+01  8.775015e-03 
 1.507875e+01  8.780730e-03 
 1.507915e+01  8.787035e-03 
 1.507954e+01  8.793919e-03 
 1.507994e+01  8.801366e-03 
 1.508034e+01  8.809367e-03 
 1.508074e+01  8.817903e-03 
 1.508114e+01  8.826961e-03 
 1.508153e+01  8.836531e-03 
 1.508193e+01  8.846607e-03 
 1.508233e+01  8.857178e-03 
 1.508273e+01  8.868236e-03 
 1.508312e+01  8.879774e-03 
 1.508352e+01  8.891793e-03 
 1.508392e+01  8.904282e-03 
 1.508432e+01  8.917221e-03 
 1.508471e+01  8.930605e-03 
 1.508511e+01  8.944418e-03 
 1.508551e+01  8.958646e-03 
 1.508591e+01  8.973282e-03 
 1.508631e+01  8.988307e-03 
 1.508670e+01  9.003710e-03 
 1.508710e+01  9.019473e-03 
 1.508750e+01  9.035584e-03 
 1.508790e+01  9.052025e-03 
 1.508829e+01  9.068785e-03 
 1.508869e+01  9.085848e-03 
 1.508909e+01  9.103202e-03 
 1.508949e+01  9.120826e-03 
 1.508988e+01  9.138704e-03 
 1.509028e+01  9.156820e-03 
 1.509068e+01  9.175163e-03 
 1.509108e+01  9.193712e-03 
 1.509148e+01  9.212456e-03 
 1.509187e+01  9.231368e-03 
 1.509227e+01  9.250434e-03 
 1.509267e+01  9.269650e-03 
 1.509307e+01  9.289003e-03 
 1.509346e+01  9.308481e-03 
 1.509386e+01  9.328064e-03 
 1.509426e+01  9.347727e-03 
 1.509466e+01  9.367460e-03 
 1.509505e+01  9.387243e-03 
 1.509545e+01  9.407070e-03 
 1.509585e+01  9.426918e-03 
 1.509625e+01  9.446768e-03 
 1.509665e+01  9.466608e-03 
 1.509704e+01  9.486424e-03 
 1.509744e+01  9.506202e-03 
 1.509784e+01  9.525932e-03 
 1.509824e+01  9.545588e-03 
 1.509863e+01  9.565156e-03 
 1.509903e+01  9.584620e-03 
 1.509943e+01  9.603972e-03 
 1.509983e+01  9.623193e-03 
 1.510022e+01  9.642263e-03 
 1.510062e+01  9.661167e-03 
 1.510102e+01  9.679901e-03 
 1.510142e+01  9.698454e-03 
 1.510182e+01  9.716809e-03 
 1.510221e+01  9.734952e-03 
 1.510261e+01  9.752865e-03 
 1.510301e+01  9.770532e-03 
 1.510341e+01  9.787951e-03 
 1.510380e+01  9.805111e-03 
 1.510420e+01  9.821986e-03 
 1.510460e+01  9.838568e-03 
 1.510500e+01  9.854840e-03 
 1.510539e+01  9.870798e-03 
 1.510579e+01  9.886426e-03 
 1.510619e+01  9.901713e-03 
 1.510659e+01  9.916634e-03 
 1.510699e+01  9.931171e-03 
 1.510738e+01  9.945329e-03 
 1.510778e+01  9.959095e-03 
 1.510818e+01  9.972466e-03 
 1.510858e+01  9.985437e-03 
 1.510897e+01  9.997999e-03 
 1.510937e+01  1.001015e-02 
 1.510977e+01  1.002187e-02 
 1.511017e+01  1.003317e-02 
 1.511056e+01  1.004406e-02 
 1.511096e+01  1.005451e-02 
 1.511136e+01  1.006453e-02 
 1.511176e+01  1.007412e-02 
 1.511216e+01  1.008326e-02 
 1.511255e+01  1.009194e-02 
 1.511295e+01  1.010016e-02 
 1.511335e+01  1.010790e-02 
 1.511375e+01  1.011514e-02 
 1.511414e+01  1.012188e-02 
 1.511454e+01  1.012809e-02 
 1.511494e+01  1.013377e-02 
 1.511534e+01  1.013891e-02 
 1.511573e+01  1.014349e-02 
 1.511613e+01  1.014752e-02 
 1.511653e+01  1.015098e-02 
 1.511693e+01  1.015387e-02 
 1.511733e+01  1.015617e-02 
 1.511772e+01  1.015788e-02 
 1.511812e+01  1.015897e-02 
 1.511852e+01  1.015946e-02 
 1.511892e+01  1.015931e-02 
 1.511931e+01  1.015853e-02 
 1.511971e+01  1.015711e-02 
 1.512011e+01  1.015502e-02 
 1.512051e+01  1.015227e-02 
 1.512090e+01  1.014885e-02 
 1.512130e+01  1.014476e-02 
 1.512170e+01  1.013998e-02 
 1.512210e+01  1.013452e-02 
 1.512250e+01  1.012837e-02 
 1.512289e+01  1.012153e-02 
 1.512329e+01  1.011400e-02 
 1.512369e+01  1.010578e-02 
 1.512409e+01  1.009688e-02 
 1.512448e+01  1.008732e-02 
 1.512488e+01  1.007708e-02 
 1.512528e+01  1.006618e-02 
 1.512568e+01  1.005462e-02 
 1.512607e+01  1.004242e-02 
 1.512647e+01  1.002959e-02 
 1.512687e+01  1.001615e-02 
 1.512727e+01  1.000210e-02 
 1.512767e+01  9.987445e-03 
 1.512806e+01  9.972200e-03 
 1.512846e+01  9.956385e-03 
 1.512886e+01  9.940003e-03 
 1.512926e+01  9.923063e-03 
 1.512965e+01  9.905567e-03 
 1.513005e+01  9.887517e-03 
 1.513045e+01  9.868929e-03 
 1.513085e+01  9.849796e-03 
 1.513124e+01  9.830137e-03 
 1.513164e+01  9.809941e-03 
 1.513204e+01  9.789208e-03 
 1.513244e+01  9.767940e-03 
 1.513284e+01  9.746139e-03 
 1.513323e+01  9.723801e-03 
 1.513363e+01  9.700920e-03 
 1.513403e+01  9.677508e-03 
 1.513443e+01  9.653563e-03 
 1.513482e+01  9.629100e-03 
 1.513522e+01  9.604125e-03 
 1.513562e+01  9.578638e-03 
 1.513602e+01  9.552644e-03 
 1.513641e+01  9.526148e-03 
 1.513681e+01  9.499172e-03 
 1.513721e+01  9.471721e-03 
 1.513761e+01  9.443812e-03 
 1.513801e+01  9.415444e-03 
 1.513840e+01  9.386636e-03 
 1.513880e+01  9.357412e-03 
 1.513920e+01  9.327782e-03 
 1.513960e+01  9.297762e-03 
 1.513999e+01  9.267368e-03 
 1.514039e+01  9.236621e-03 
 1.514079e+01  9.205537e-03 
 1.514119e+01  9.174142e-03 
 1.514158e+01  9.142461e-03 
 1.514198e+01  9.110507e-03 
 1.514238e+01  9.078299e-03 
 1.514278e+01  9.045873e-03 
 1.514318e+01  9.013253e-03 
 1.514357e+01  8.980464e-03 
 1.514397e+01  8.947527e-03 
 1.514437e+01  8.914474e-03 
 1.514477e+01  8.881337e-03 
 1.514516e+01  8.848134e-03 
 1.514556e+01  8.814877e-03 
 1.514596e+01  8.781587e-03 
 1.514636e+01  8.748274e-03 
 1.514675e+01  8.714961e-03 
 1.514715e+01  8.681659e-03 
 1.514755e+01  8.648384e-03 
 1.514795e+01  8.615154e-03 
 1.514835e+01  8.581977e-03 
 1.514874e+01  8.548864e-03 
 1.514914e+01  8.515834e-03 
 1.514954e+01  8.482904e-03 
 1.514994e+01  8.450087e-03 
 1.515033e+01  8.417384e-03 
 1.515073e+01  8.384822e-03 
 1.515113e+01  8.352415e-03 
 1.515153e+01  8.320173e-03 
 1.515193e+01  8.288110e-03 
 1.515232e+01  8.256250e-03 
 1.515272e+01  8.224613e-03 
 1.515312e+01  8.193205e-03 
 1.515352e+01  8.162046e-03 
 1.515391e+01  8.131154e-03 
 1.515431e+01  8.100538e-03 
 1.515471e+01  8.070219e-03 
 1.515511e+01  8.040224e-03 
 1.515550e+01  8.010562e-03 
 1.515590e+01  7.981252e-03 
 1.515630e+01  7.952309e-03 
 1.515670e+01  7.923746e-03 
 1.515710e+01  7.895590e-03 
 1.515749e+01  7.867848e-03 
 1.515789e+01  7.840532e-03 
 1.515829e+01  7.813657e-03 
 1.515869e+01  7.787244e-03 
 1.515908e+01  7.761300e-03 
 1.515948e+01  7.735861e-03 
 1.515988e+01  7.710927e-03 
 1.516028e+01  7.686505e-03 
 1.516067e+01  7.662631e-03 
 1.516107e+01  7.639285e-03 
 1.516147e+01  7.616499e-03 
 1.516187e+01  7.594271e-03 
 1.516227e+01  7.572617e-03 
 1.516266e+01  7.551546e-03 
 1.516306e+01  7.531072e-03 
 1.516346e+01  7.511206e-03 
 1.516386e+01  7.491948e-03 
 1.516425e+01  7.473311e-03 
 1.516465e+01  7.455292e-03 
 1.516505e+01  7.437905e-03 
 1.516545e+01  7.421144e-03 
 1.516584e+01  7.405014e-03 
 1.516624e+01  7.389527e-03 
 1.516664e+01  7.374680e-03 
 1.516704e+01  7.360479e-03 
 1.516744e+01  7.346926e-03 
 1.516783e+01  7.334020e-03 
 1.516823e+01  7.321768e-03 
 1.516863e+01  7.310172e-03 
 1.516903e+01  7.299224e-03 
 1.516942e+01  7.288926e-03 
 1.516982e+01  7.279281e-03 
 1.517022e+01  7.270285e-03 
 1.517062e+01  7.261944e-03 
 1.517101e+01  7.254254e-03 
 1.517141e+01  7.247209e-03 
 1.517181e+01  7.240818e-03 
 1.517221e+01  7.235073e-03 
 1.517261e+01  7.229962e-03 
 1.517300e+01  7.225487e-03 
 1.517340e+01  7.221631e-03 
 1.517380e+01  7.218383e-03 
 1.517420e+01  7.215730e-03 
 1.517459e+01  7.213662e-03 
 1.517499e+01  7.212162e-03 
 1.517539e+01  7.211209e-03 
 1.517579e+01  7.210807e-03 
 1.517618e+01  7.210950e-03 
 1.517658e+01  7.211621e-03 
 1.517698e+01  7.212802e-03 
 1.517738e+01  7.214488e-03 
 1.517778e+01  7.216674e-03 
 1.517817e+01  7.219352e-03 
 1.517857e+01  7.222519e-03 
 1.517897e+01  7.226171e-03 
 1.517937e+01  7.230301e-03 
 1.517976e+01  7.234898e-03 
 1.518016e+01  7.239957e-03 
 1.518056e+01  7.245484e-03 
 1.518096e+01  7.251466e-03 
 1.518135e+01  7.257894e-03 
 1.518175e+01  7.264754e-03 
 1.518215e+01  7.272047e-03 
 1.518255e+01  7.279771e-03 
 1.518295e+01  7.287914e-03 
 1.518334e+01  7.296470e-03 
 1.518374e+01  7.305428e-03 
 1.518414e+01  7.314777e-03 
 1.518454e+01  7.324504e-03 
 1.518493e+01  7.334602e-03 
 1.518533e+01  7.345064e-03 
 1.518573e+01  7.355877e-03 
 1.518613e+01  7.367033e-03 
 1.518652e+01  7.378516e-03 
 1.518692e+01  7.390319e-03 
 1.518732e+01  7.402421e-03 
 1.518772e+01  7.414810e-03 
 1.518812e+01  7.427472e-03 
 1.518851e+01  7.440382e-03 
 1.518891e+01  7.453529e-03 
 1.518931e+01  7.466884e-03 
 1.518971e+01  7.480433e-03 
 1.519010e+01  7.494160e-03 
 1.519050e+01  7.508046e-03 
 1.519090e+01  7.522069e-03 
 1.519130e+01  7.536209e-03 
 1.519169e+01  7.550448e-03 
 1.519209e+01  7.564765e-03 
 1.519249e+01  7.579136e-03 
 1.519289e+01  7.593547e-03 
 1.519329e+01  7.607974e-03 
 1.519368e+01  7.622399e-03 
 1.519408e+01  7.636812e-03 
 1.519448e+01  7.651198e-03 
 1.519488e+01  7.665548e-03 
 1.519527e+01  7.679850e-03 
 1.519567e+01  7.694091e-03 
 1.519607e+01  7.708262e-03 
 1.519647e+01  7.722352e-03 
 1.519686e+01  7.736353e-03 
 1.519726e+01  7.750251e-03 
 1.519766e+01  7.764037e-03 
 1.519806e+01  7.777706e-03 
 1.519846e+01  7.791257e-03 
 1.519885e+01  7.804682e-03 
 1.519925e+01  7.817974e-03 
 1.519965e+01  7.831119e-03 
 1.520005e+01  7.844108e-03 
 1.520044e+01  7.856925e-03 
 1.520084e+01  7.869564e-03 
 1.520124e+01  7.882013e-03 
 1.520164e+01  7.894255e-03 
 1.520203e+01  7.906273e-03 
 1.520243e+01  7.918057e-03 
 1.520283e+01  7.929602e-03 
 1.520323e+01  7.940890e-03 
 1.520363e+01  7.951917e-03 
 1.520402e+01  7.962668e-03 
 1.520442e+01  7.973132e-03 
 1.520482e+01  7.983300e-03 
 1.520522e+01  7.993162e-03 
 1.520561e+01  8.002711e-03 
 1.520601e+01  8.011923e-03 
 1.520641e+01  8.020787e-03 
 1.520681e+01  8.029292e-03 
 1.520720e+01  8.037428e-03 
 1.520760e+01  8.045176e-03 
 1.520800e+01  8.052514e-03 
 1.520840e+01  8.059434e-03 
 1.520880e+01  8.065909e-03 
 1.520919e+01  8.071925e-03 
 1.520959e+01  8.077480e-03 
 1.520999e+01  8.082545e-03 
 1.521039e+01  8.087111e-03 
 1.521078e+01  8.091171e-03 
 1.521118e+01  8.094713e-03 
 1.521158e+01  8.097724e-03 
 1.521198e+01  8.100200e-03 
 1.521237e+01  8.102130e-03 
 1.521277e+01  8.103495e-03 
 1.521317e+01  8.104287e-03 
 1.521357e+01  8.104503e-03 
 1.521397e+01  8.104138e-03 
 1.521436e+01  8.103191e-03 
 1.521476e+01  8.101650e-03 
 1.521516e+01  8.099514e-03 
 1.521556e+01  8.096772e-03 
 1.521595e+01  8.093419e-03 
 1.521635e+01  8.089446e-03 
 1.521675e+01  8.084842e-03 
 1.521715e+01  8.079608e-03 
 1.521754e+01  8.073741e-03 
 1.521794e+01  8.067237e-03 
 1.521834e+01  8.060103e-03 
 1.521874e+01  8.052332e-03 
 1.521914e+01  8.043912e-03 
 1.521953e+01  8.034851e-03 
 1.521993e+01  8.025151e-03 
 1.522033e+01  8.014808e-03 
 1.522073e+01  8.003824e-03 
 1.522112e+01  7.992204e-03 
 1.522152e+01  7.979949e-03 
 1.522192e+01  7.967066e-03 
 1.522232e+01  7.953552e-03 
 1.522271e+01  7.939404e-03 
 1.522311e+01  7.924625e-03 
 1.522351e+01  7.909205e-03 
 1.522391e+01  7.893151e-03 
 1.522431e+01  7.876458e-03 
 1.522470e+01  7.859133e-03 
 1.522510e+01  7.841173e-03 
 1.522550e+01  7.822571e-03 
 1.522590e+01  7.803326e-03 
 1.522629e+01  7.783427e-03 
 1.522669e+01  7.762871e-03 
 1.522709e+01  7.741666e-03 
 1.522749e+01  7.719809e-03 
 1.522788e+01  7.697296e-03 
 1.522828e+01  7.674130e-03 
 1.522868e+01  7.650308e-03 
 1.522908e+01  7.625831e-03 
 1.522948e+01  7.600705e-03 
 1.522987e+01  7.574935e-03 
 1.523027e+01  7.548521e-03 
 1.523067e+01  7.521473e-03 
 1.523107e+01  7.493796e-03 
 1.523146e+01  7.465499e-03 
 1.523186e+01  7.436605e-03 
 1.523226e+01  7.407124e-03 
 1.523266e+01  7.377065e-03 
 1.523305e+01  7.346455e-03 
 1.523345e+01  7.315303e-03 
 1.523385e+01  7.283633e-03 
 1.523425e+01  7.251462e-03 
 1.523465e+01  7.218809e-03 
 1.523504e+01  7.185681e-03 
 1.523544e+01  7.152096e-03 
 1.523584e+01  7.118072e-03 
 1.523624e+01  7.083633e-03 
 1.523663e+01  7.048801e-03 
 1.523703e+01  7.013591e-03 
 1.523743e+01  6.978035e-03 
 1.523783e+01  6.942141e-03 
 1.523822e+01  6.905936e-03 
 1.523862e+01  6.869439e-03 
 1.523902e+01  6.832673e-03 
 1.523942e+01  6.795655e-03 
 1.523982e+01  6.758404e-03 
 1.524021e+01  6.720939e-03 
 1.524061e+01  6.683282e-03 
 1.524101e+01  6.645446e-03 
 1.524141e+01  6.607440e-03 
 1.524180e+01  6.569285e-03 
 1.524220e+01  6.531000e-03 
 1.524260e+01  6.492595e-03 
 1.524300e+01  6.454082e-03 
 1.524340e+01  6.415473e-03 
 1.524379e+01  6.376778e-03 
 1.524419e+01  6.338006e-03 
 1.524459e+01  6.299174e-03 
 1.524499e+01  6.260299e-03 
 1.524538e+01  6.221397e-03 
 1.524578e+01  6.182483e-03 
 1.524618e+01  6.143582e-03 
 1.524658e+01  6.104708e-03 
 1.524697e+01  6.065886e-03 
 1.524737e+01  6.027129e-03 
 1.524777e+01  5.988452e-03 
 1.524817e+01  5.949878e-03 
 1.524857e+01  5.911425e-03 
 1.524896e+01  5.873126e-03 
 1.524936e+01  5.835001e-03 
 1.524976e+01  5.797072e-03 
 1.525016e+01  5.759365e-03 
 1.525055e+01  5.721896e-03 
 1.525095e+01  5.684693e-03 
 1.525135e+01  5.647773e-03 
 1.525175e+01  5.611154e-03 
 1.525214e+01  5.574851e-03 
 1.525254e+01  5.538882e-03 
 1.525294e+01  5.503275e-03 
 1.525334e+01  5.468042e-03 
 1.525374e+01  5.433201e-03 
 1.525413e+01  5.398765e-03 
 1.525453e+01  5.364738e-03 
 1.525493e+01  5.331145e-03 
 1.525533e+01  5.298000e-03 
 1.525572e+01  5.265310e-03 
 1.525612e+01  5.233098e-03 
 1.525652e+01  5.201354e-03 
 1.525692e+01  5.170104e-03 
 1.525731e+01  5.139351e-03 
 1.525771e+01  5.109109e-03 
 1.525811e+01  5.079378e-03 
 1.525851e+01  5.050174e-03 
 1.525891e+01  5.021501e-03 
 1.525930e+01  4.993360e-03 
 1.525970e+01  4.965780e-03 
 1.526010e+01  4.938758e-03 
 1.526050e+01  4.912294e-03 
 1.526089e+01  4.886397e-03 
 1.526129e+01  4.861076e-03 
 1.526169e+01  4.836333e-03 
 1.526209e+01  4.812176e-03 
 1.526248e+01  4.788607e-03 
 1.526288e+01  4.765630e-03 
 1.526328e+01  4.743249e-03 
 1.526368e+01  4.721471e-03 
 1.526408e+01  4.700300e-03 
 1.526447e+01  4.679741e-03 
 1.526487e+01  4.659793e-03 
 1.526527e+01  4.640464e-03 
 1.526567e+01  4.621759e-03 
 1.526606e+01  4.603678e-03 
 1.526646e+01  4.586225e-03 
 1.526686e+01  4.569397e-03 
 1.526726e+01  4.553194e-03 
 1.526765e+01  4.537616e-03 
 1.526805e+01  4.522659e-03 
 1.526845e+01  4.508320e-03 
 1.526885e+01  4.494598e-03 
 1.526925e+01  4.481484e-03 
 1.526964e+01  4.468970e-03 
 1.527004e+01  4.457045e-03 
 1.527044e+01  4.445698e-03 
 1.527084e+01  4.434929e-03 
 1.527123e+01  4.424732e-03 
 1.527163e+01  4.415100e-03 
 1.527203e+01  4.406028e-03 
 1.527243e+01  4.397508e-03 
 1.527282e+01  4.389543e-03 
 1.527322e+01  4.382131e-03 
 1.527362e+01  4.375277e-03 
 1.527402e+01  4.368977e-03 
 1.527442e+01  4.363227e-03 
 1.527481e+01  4.358027e-03 
 1.527521e+01  4.353376e-03 
 1.527561e+01  4.349281e-03 
 1.527601e+01  4.345738e-03 
 1.527640e+01  4.342734e-03 
 1.527680e+01  4.340269e-03 
 1.527720e+01  4.338341e-03 
 1.527760e+01  4.336947e-03 
 1.527799e+01  4.336075e-03 
 1.527839e+01  4.335727e-03 
 1.527879e+01  4.335892e-03 
 1.527919e+01  4.336554e-03 
 1.527959e+01  4.337708e-03 
 1.527998e+01  4.339342e-03 
 1.528038e+01  4.341445e-03 
 1.528078e+01  4.344008e-03 
 1.528118e+01  4.347019e-03 
 1.528157e+01  4.350468e-03 
 1.528197e+01  4.354338e-03 
 1.528237e+01  4.358610e-03 
 1.528277e+01  4.363267e-03 
 1.528316e+01  4.368294e-03 
 1.528356e+01  4.373674e-03 
 1.528396e+01  4.379399e-03 
 1.528436e+01  4.385454e-03 
 1.528476e+01  4.391825e-03 
 1.528515e+01  4.398496e-03 
 1.528555e+01  4.405451e-03 
 1.528595e+01  4.412674e-03 
 1.528635e+01  4.420148e-03 
 1.528674e+01  4.427859e-03 
 1.528714e+01  4.435791e-03 
 1.528754e+01  4.443937e-03 
 1.528794e+01  4.452291e-03 
 1.528833e+01  4.460848e-03 
 1.528873e+01  4.469605e-03 
 1.528913e+01  4.478544e-03 
 1.528953e+01  4.487664e-03 
 1.528993e+01  4.496956e-03 
 1.529032e+01  4.506419e-03 
 1.529072e+01  4.516049e-03 
 1.529112e+01  4.525849e-03 
 1.529152e+01  4.535805e-03 
 1.529191e+01  4.545915e-03 
 1.529231e+01  4.556179e-03 
 1.529271e+01  4.566594e-03 
 1.529311e+01  4.577158e-03 
 1.529350e+01  4.587861e-03 
 1.529390e+01  4.598691e-03 
 1.529430e+01  4.609645e-03 
 1.529470e+01  4.620704e-03 
 1.529510e+01  4.631858e-03 
 1.529549e+01  4.643085e-03 
 1.529589e+01  4.654363e-03 
 1.529629e+01  4.665679e-03 
 1.529669e+01  4.677013e-03 
 1.529708e+01  4.688354e-03 
 1.529748e+01  4.699678e-03 
 1.529788e+01  4.710964e-03 
 1.529828e+01  4.722180e-03 
 1.529867e+01  4.733302e-03 
 1.529907e+01  4.744319e-03 
 1.529947e+01  4.755206e-03 
 1.529987e+01  4.765941e-03 
 1.530027e+01  4.776503e-03 
 1.530066e+01  4.786882e-03 
 1.530106e+01  4.797059e-03 
 1.530146e+01  4.807018e-03 
 1.530186e+01  4.816746e-03 
 1.530225e+01  4.826229e-03 
 1.530265e+01  4.835449e-03 
 1.530305e+01  4.844386e-03 
 1.530345e+01  4.853022e-03 
 1.530384e+01  4.861344e-03 
 1.530424e+01  4.869334e-03 
 1.530464e+01  4.876982e-03 
 1.530504e+01  4.884275e-03 
 1.530544e+01  4.891207e-03 
 1.530583e+01  4.897766e-03 
 1.530623e+01  4.903948e-03 
 1.530663e+01  4.909743e-03 
 1.530703e+01  4.915144e-03 
 1.530742e+01  4.920146e-03 
 1.530782e+01  4.924733e-03 
 1.530822e+01  4.928895e-03 
 1.530862e+01  4.932619e-03 
 1.530901e+01  4.935904e-03 
 1.530941e+01  4.938733e-03 
 1.530981e+01  4.941098e-03 
 1.531021e+01  4.942995e-03 
 1.531061e+01  4.944403e-03 
 1.531100e+01  4.945307e-03 
 1.531140e+01  4.945694e-03 
 1.531180e+01  4.945558e-03 
 1.531220e+01  4.944880e-03 
 1.531259e+01  4.943648e-03 
 1.531299e+01  4.941856e-03 
 1.531339e+01  4.939475e-03 
 1.531379e+01  4.936499e-03 
 1.531418e+01  4.932919e-03 
 1.531458e+01  4.928723e-03 
 1.531498e+01  4.923908e-03 
 1.531538e+01  4.918471e-03 
 1.531578e+01  4.912394e-03 
 1.531617e+01  4.905673e-03 
 1.531657e+01  4.898305e-03 
 1.531697e+01  4.890282e-03 
 1.531737e+01  4.881604e-03 
 1.531776e+01  4.872269e-03 
 1.531816e+01  4.862264e-03 
 1.531856e+01  4.851593e-03 
 1.531896e+01  4.840256e-03 
 1.531935e+01  4.828258e-03 
 1.531975e+01  4.815591e-03 
 1.532015e+01  4.802257e-03 
 1.532055e+01  4.788255e-03 
 1.532095e+01  4.773583e-03 
 1.532134e+01  4.758243e-03 
 1.532174e+01  4.742237e-03 
 1.532214e+01  4.725560e-03 
 1.532254e+01  4.708213e-03 
 1.532293e+01  4.690203e-03 
 1.532333e+01  4.671525e-03 
 1.532373e+01  4.652173e-03 
 1.532413e+01  4.632148e-03 
 1.532452e+01  4.611454e-03 
 1.532492e+01  4.590093e-03 
 1.532532e+01  4.568074e-03 
 1.532572e+01  4.545410e-03 
 1.532612e+01  4.522105e-03 
 1.532651e+01  4.498167e-03 
 1.532691e+01  4.473596e-03 
 1.532731e+01  4.448411e-03 
 1.532771e+01  4.422630e-03 
 1.532810e+01  4.396260e-03 
 1.532850e+01  4.369310e-03 
 1.532890e+01  4.341799e-03 
 1.532930e+01  4.313743e-03 
 1.532969e+01  4.285157e-03 
 1.533009e+01  4.256062e-03 
 1.533049e+01  4.226466e-03 
 1.533089e+01  4.196387e-03 
 1.533129e+01  4.165828e-03 
 1.533168e+01  4.134814e-03 
 1.533208e+01  4.103376e-03 
 1.533248e+01  4.071528e-03 
 1.533288e+01  4.039297e-03 
 1.533327e+01  4.006690e-03 
 1.533367e+01  3.973740e-03 
 1.533407e+01  3.940469e-03 
 1.533447e+01  3.906894e-03 
 1.533487e+01  3.873038e-03 
 1.533526e+01  3.838919e-03 
 1.533566e+01  3.804562e-03 
 1.533606e+01  3.769989e-03 
 1.533646e+01  3.735211e-03 
 1.533685e+01  3.700254e-03 
 1.533725e+01  3.665127e-03 
 1.533765e+01  3.629836e-03 
 1.533805e+01  3.594398e-03 
 1.533844e+01  3.558826e-03 
 1.533884e+01  3.523136e-03 
 1.533924e+01  3.487334e-03 
 1.533964e+01  3.451430e-03 
 1.534004e+01  3.415443e-03 
 1.534043e+01  3.379385e-03 
 1.534083e+01  3.343278e-03 
 1.534123e+01  3.307129e-03 
 1.534163e+01  3.270950e-03 
 1.534202e+01  3.234750e-03 
 1.534242e+01  3.198543e-03 
 1.534282e+01  3.162358e-03 
 1.534322e+01  3.126216e-03 
 1.534361e+01  3.090136e-03 
 1.534401e+01  3.054139e-03 
 1.534441e+01  3.018249e-03 
 1.534481e+01  2.982486e-03 
 1.534521e+01  2.946879e-03 
 1.534560e+01  2.911451e-03 
 1.534600e+01  2.876221e-03 
 1.534640e+01  2.841208e-03 
 1.534680e+01  2.806436e-03 
 1.534719e+01  2.771927e-03 
 1.534759e+01  2.737703e-03 
 1.534799e+01  2.703790e-03 
 1.534839e+01  2.670219e-03 
 1.534878e+01  2.637003e-03 
 1.534918e+01  2.604159e-03 
 1.534958e+01  2.571710e-03 
 1.534998e+01  2.539671e-03 
 1.535038e+01  2.508062e-03 
 1.535077e+01  2.476892e-03 
 1.535117e+01  2.446183e-03 
 1.535157e+01  2.415950e-03 
 1.535197e+01  2.386204e-03 
 1.535236e+01  2.356952e-03 
 1.535276e+01  2.328224e-03 
 1.535316e+01  2.300023e-03 
 1.535356e+01  2.272357e-03 
 1.535395e+01  2.245233e-03 
 1.535435e+01  2.218660e-03 
 1.535475e+01  2.192636e-03 
 1.535515e+01  2.167158e-03 
 1.535555e+01  2.142235e-03 
 1.535594e+01  2.117867e-03 
 1.535634e+01  2.094057e-03 
 1.535674e+01  2.070807e-03 
 1.535714e+01  2.048122e-03 
 1.535753e+01  2.026009e-03 
 1.535793e+01  2.004466e-03 
 1.535833e+01  1.983503e-03 
 1.535873e+01  1.963128e-03 
 1.535912e+01  1.943341e-03 
 1.535952e+01  1.924139e-03 
 1.535992e+01  1.905521e-03 
 1.536032e+01  1.887495e-03 
 1.536072e+01  1.870071e-03 
 1.536111e+01  1.853268e-03 
 1.536151e+01  1.837087e-03 
 1.536191e+01  1.821532e-03 
 1.536231e+01  1.806611e-03 
 1.536270e+01  1.792328e-03 
 1.536310e+01  1.778693e-03 
 1.536350e+01  1.765706e-03 
 1.536390e+01  1.753367e-03 
 1.536429e+01  1.741680e-03 
 1.536469e+01  1.730642e-03 
 1.536509e+01  1.720257e-03 
 1.536549e+01  1.710525e-03 
 1.536589e+01  1.701442e-03 
 1.536628e+01  1.693014e-03 
 1.536668e+01  1.685245e-03 
 1.536708e+01  1.678131e-03 
 1.536748e+01  1.671670e-03 
 1.536787e+01  1.665862e-03 
 1.536827e+01  1.660711e-03 
 1.536867e+01  1.656214e-03 
 1.536907e+01  1.652376e-03 
 1.536946e+01  1.649191e-03 
 1.536986e+01  1.646658e-03 
 1.537026e+01  1.644782e-03 
 1.537066e+01  1.643557e-03 
 1.537106e+01  1.642981e-03 
 1.537145e+01  1.643057e-03 
 1.537185e+01  1.643785e-03 
 1.537225e+01  1.645159e-03 
 1.537265e+01  1.647167e-03 
 1.537304e+01  1.649804e-03 
 1.537344e+01  1.653074e-03 
 1.537384e+01  1.656967e-03 
 1.537424e+01  1.661478e-03 
 1.537463e+01  1.666610e-03 
 1.537503e+01  1.672348e-03 
 1.537543e+01  1.678682e-03 
 1.537583e+01  1.685602e-03 
 1.537623e+01  1.693111e-03 
 1.537662e+01  1.701205e-03 
 1.537702e+01  1.709869e-03 
 1.537742e+01  1.719093e-03 
 1.537782e+01  1.728874e-03 
 1.537821e+01  1.739198e-03 
 1.537861e+01  1.750058e-03 
 1.537901e+01  1.761447e-03 
 1.537941e+01  1.773363e-03 
 1.537980e+01  1.785799e-03 
 1.538020e+01  1.798747e-03 
 1.538060e+01  1.812204e-03 
 1.538100e+01  1.826162e-03 
 1.538140e+01  1.840610e-03 
 1.538179e+01  1.855537e-03 
 1.538219e+01  1.870939e-03 
 1.538259e+01  1.886794e-03 
 1.538299e+01  1.903091e-03 
 1.538338e+01  1.919812e-03 
 1.538378e+01  1.936943e-03 
 1.538418e+01  1.954481e-03 
 1.538458e+01  1.972420e-03 
 1.538497e+01  1.990747e-03 
 1.538537e+01  2.009449e-03 
 1.538577e+01  2.028517e-03 
 1.538617e+01  2.047946e-03 
 1.538657e+01  2.067731e-03 
 1.538696e+01  2.087867e-03 
 1.538736e+01  2.108335e-03 
 1.538776e+01  2.129126e-03 
 1.538816e+01  2.150221e-03 
 1.538855e+01  2.171601e-03 
 1.538895e+01  2.193255e-03 
 1.538935e+01  2.215171e-03 
 1.538975e+01  2.237327e-03 
 1.539014e+01  2.259708e-03 
 1.539054e+01  2.282290e-03 
 1.539094e+01  2.305062e-03 
 1.539134e+01  2.327994e-03 
 1.539174e+01  2.351073e-03 
 1.539213e+01  2.374285e-03 
 1.539253e+01  2.397604e-03 
 1.539293e+01  2.420998e-03 
 1.539333e+01  2.444441e-03 
 1.539372e+01  2.467915e-03 
 1.539412e+01  2.491398e-03 
 1.539452e+01  2.514871e-03 
 1.539492e+01  2.538319e-03 
 1.539531e+01  2.561722e-03 
 1.539571e+01  2.585059e-03 
 1.539611e+01  2.608311e-03 
 1.539651e+01  2.631464e-03 
 1.539691e+01  2.654496e-03 
 1.539730e+01  2.677379e-03 
 1.539770e+01  2.700094e-03 
 1.539810e+01  2.722621e-03 
 1.539850e+01  2.744942e-03 
 1.539889e+01  2.767032e-03 
 1.539929e+01  2.788877e-03 
 1.539969e+01  2.810468e-03 
 1.540009e+01  2.831785e-03 
 1.540048e+01  2.852815e-03 
 1.540088e+01  2.873535e-03 
 1.540128e+01  2.893921e-03 
 1.540168e+01  2.913957e-03 
 1.540208e+01  2.933621e-03 
 1.540247e+01  2.952903e-03 
 1.540287e+01  2.971800e-03 
 1.540327e+01  2.990289e-03 
 1.540367e+01  3.008351e-03 
 1.540406e+01  3.025981e-03 
 1.540446e+01  3.043176e-03 
 1.540486e+01  3.059901e-03 
 1.540526e+01  3.076148e-03 
 1.540565e+01  3.091907e-03 
 1.540605e+01  3.107147e-03 
 1.540645e+01  3.121861e-03 
 1.540685e+01  3.136035e-03 
 1.540725e+01  3.149650e-03 
 1.540764e+01  3.162686e-03 
 1.540804e+01  3.175136e-03 
 1.540844e+01  3.186990e-03 
 1.540884e+01  3.198224e-03 
 1.540923e+01  3.208828e-03 
 1.540963e+01  3.218783e-03 
 1.541003e+01  3.228076e-03 
 1.541043e+01  3.236697e-03 
 1.541082e+01  3.244624e-03 
 1.541122e+01  3.251839e-03 
 1.541162e+01  3.258326e-03 
 1.541202e+01  3.264081e-03 
 1.541242e+01  3.269098e-03 
 1.541281e+01  3.273377e-03 
 1.541321e+01  3.276923e-03 
 1.541361e+01  3.279721e-03 
 1.541401e+01  3.281782e-03 
 1.541440e+01  3.283091e-03 
 1.541480e+01  3.283648e-03 
 1.541520e+01  3.283438e-03 
 1.541560e+01  3.282470e-03 
 1.541599e+01  3.280734e-03 
 1.541639e+01  3.278221e-03 
 1.541679e+01  3.274915e-03 
 1.541719e+01  3.270822e-03 
 1.541759e+01  3.265936e-03 
 1.541798e+01  3.260257e-03 
 1.541838e+01  3.253789e-03 
 1.541878e+01  3.246528e-03 
 1.541918e+01  3.238483e-03 
 1.541957e+01  3.229658e-03 
 1.541997e+01  3.220056e-03 
 1.542037e+01  3.209692e-03 
 1.542077e+01  3.198566e-03 
 1.542116e+01  3.186687e-03 
 1.542156e+01  3.174063e-03 
 1.542196e+01  3.160711e-03 
 1.542236e+01  3.146644e-03 
 1.542276e+01  3.131887e-03 
 1.542315e+01  3.116453e-03 
 1.542355e+01  3.100353e-03 
 1.542395e+01  3.083602e-03 
 1.542435e+01  3.066216e-03 
 1.542474e+01  3.048204e-03 
 1.542514e+01  3.029578e-03 
 1.542554e+01  3.010358e-03 
 1.542594e+01  2.990554e-03 
 1.542634e+01  2.970181e-03 
 1.542673e+01  2.949257e-03 
 1.542713e+01  2.927791e-03 
 1.542753e+01  2.905797e-03 
 1.542793e+01  2.883292e-03 
 1.542832e+01  2.860296e-03 
 1.542872e+01  2.836827e-03 
 1.542912e+01  2.812890e-03 
 1.542952e+01  2.788503e-03 
 1.542991e+01  2.763676e-03 
 1.543031e+01  2.738420e-03 
 1.543071e+01  2.712750e-03 
 1.543111e+01  2.686684e-03 
 1.543151e+01  2.660241e-03 
 1.543190e+01  2.633427e-03 
 1.543230e+01  2.606253e-03 
 1.543270e+01  2.578724e-03 
 1.543310e+01  2.550853e-03 
 1.543349e+01  2.522653e-03 
 1.543389e+01  2.494132e-03 
 1.543429e+01  2.465294e-03 
 1.543469e+01  2.436151e-03 
 1.543508e+01  2.406720e-03 
 1.543548e+01  2.377024e-03 
 1.543588e+01  2.347078e-03 
 1.543628e+01  2.316901e-03 
 1.543668e+01  2.286509e-03 
 1.543707e+01  2.255920e-03 
 1.543747e+01  2.225148e-03 
 1.543787e+01  2.194230e-03 
 1.543827e+01  2.163182e-03 
 1.543866e+01  2.132024e-03 
 1.543906e+01  2.100782e-03 
 1.543946e+01  2.069478e-03 
 1.543986e+01  2.038142e-03 
 1.544025e+01  2.006794e-03 
 1.544065e+01  1.975459e-03 
 1.544105e+01  1.944161e-03 
 1.544145e+01  1.912927e-03 
 1.544185e+01  1.881783e-03 
 1.544224e+01  1.850748e-03 
 1.544264e+01  1.819837e-03 
 1.544304e+01  1.789064e-03 
 1.544344e+01  1.758440e-03 
 1.544383e+01  1.727976e-03 
 1.544423e+01  1.697689e-03 
 1.544463e+01  1.667588e-03 
 1.544503e+01  1.637683e-03 
 1.544542e+01  1.607976e-03 
 1.544582e+01  1.578494e-03 
 1.544622e+01  1.549252e-03 
 1.544662e+01  1.520264e-03 
 1.544702e+01  1.491537e-03 
 1.544741e+01  1.463089e-03 
 1.544781e+01  1.434935e-03 
 1.544821e+01  1.407076e-03 
 1.544861e+01  1.379513e-03 
 1.544900e+01  1.352258e-03 
 1.544940e+01  1.325322e-03 
 1.544980e+01  1.298704e-03 
 1.545020e+01  1.272416e-03 
 1.545059e+01  1.246463e-03 
 1.545099e+01  1.220855e-03 
 1.545139e+01  1.195599e-03 
 1.545179e+01  1.170705e-03 
 1.545219e+01  1.146185e-03 
 1.545258e+01  1.122026e-03 
 1.545298e+01  1.098241e-03 
 1.545338e+01  1.074837e-03 
 1.545378e+01  1.051825e-03 
 1.545417e+01  1.029234e-03 
 1.545457e+01  1.007065e-03 
 1.545497e+01  9.853405e-04 
 1.545537e+01  9.640702e-04 
 1.545576e+01  9.432757e-04 
 1.545616e+01  9.229724e-04 
 1.545656e+01  9.031595e-04 
 1.545696e+01  8.838473e-04 
 1.545736e+01  8.650550e-04 
 1.545775e+01  8.467797e-04 
 1.545815e+01  8.290353e-04 
 1.545855e+01  8.118348e-04 
 1.545895e+01  7.951864e-04 
 1.545934e+01  7.790922e-04 
 1.545974e+01  7.635680e-04 
 1.546014e+01  7.486230e-04 
 1.546054e+01  7.342512e-04 
 1.546093e+01  7.204545e-04 
 1.546133e+01  7.072414e-04 
 1.546173e+01  6.946103e-04 
 1.546213e+01  6.825688e-04 
 1.546253e+01  6.711120e-04 
 1.546292e+01  6.602429e-04 
 1.546332e+01  6.499736e-04 
 1.546372e+01  6.403116e-04 
 1.546412e+01  6.312649e-04 
 1.546451e+01  6.228406e-04 
 1.546491e+01  6.150472e-04 
 1.546531e+01  6.078854e-04 
 1.546571e+01  6.013512e-04 
 1.546610e+01  5.954527e-04 
 1.546650e+01  5.901909e-04 
 1.546690e+01  5.855598e-04 
 1.546730e+01  5.815589e-04 
 1.546770e+01  5.781926e-04 
 1.546809e+01  5.754642e-04 
 1.546849e+01  5.733706e-04 
 1.546889e+01  5.719099e-04 
 1.546929e+01  5.710848e-04 
 1.546968e+01  5.708891e-04 
 1.547008e+01  5.713223e-04 
 1.547048e+01  5.723915e-04 
 1.547088e+01  5.740849e-04 
 1.547127e+01  5.763975e-04 
 1.547167e+01  5.793194e-04 
 1.547207e+01  5.828471e-04 
 1.547247e+01  5.869702e-04 
 1.547287e+01  5.916891e-04 
 1.547326e+01  5.970093e-04 
 1.547366e+01  6.029215e-04 
 1.547406e+01  6.094273e-04 
 1.547446e+01  6.165317e-04 
 1.547485e+01  6.242335e-04 
 1.547525e+01  6.325305e-04 
 1.547565e+01  6.414188e-04 
 1.547605e+01  6.508856e-04 
 1.547644e+01  6.609275e-04 
 1.547684e+01  6.715428e-04 
 1.547724e+01  6.827349e-04 
 1.547764e+01  6.945032e-04 
 1.547804e+01  7.068325e-04 
 1.547843e+01  7.197152e-04 
 1.547883e+01  7.331473e-04 
 1.547923e+01  7.471229e-04 
 1.547963e+01  7.616320e-04 
 1.548002e+01  7.766667e-04 
 1.548042e+01  7.922157e-04 
 1.548082e+01  8.082747e-04 
 1.548122e+01  8.248356e-04 
 1.548161e+01  8.418887e-04 
 1.548201e+01  8.594260e-04 
 1.548241e+01  8.774432e-04 
 1.548281e+01  8.959266e-04 
 1.548321e+01  9.148727e-04 
 1.548360e+01  9.342635e-04 
 1.548400e+01  9.540848e-04 
 1.548440e+01  9.743095e-04 
 1.548480e+01  9.949147e-04 
 1.548519e+01  1.015872e-03 
 1.548559e+01  1.037160e-03 
 1.548599e+01  1.058741e-03 
 1.548639e+01  1.080594e-03 
 1.548678e+01  1.102700e-03 
 1.548718e+01  1.125026e-03 
 1.548758e+01  1.147545e-03 
 1.548798e+01  1.170235e-03 
 1.548838e+01  1.193066e-03 
 1.548877e+01  1.216010e-03 
 1.548917e+01  1.239044e-03 
 1.548957e+01  1.262149e-03 
 1.548997e+01  1.285309e-03 
 1.549036e+01  1.308501e-03 
 1.549076e+01  1.331698e-03 
 1.549116e+01  1.354892e-03 
 1.549156e+01  1.378061e-03 
 1.549195e+01  1.401183e-03 
 1.549235e+01  1.424240e-03 
 1.549275e+01  1.447228e-03 
 1.549315e+01  1.470133e-03 
 1.549355e+01  1.492931e-03 
 1.549394e+01  1.515605e-03 
 1.549434e+01  1.538132e-03 
 1.549474e+01  1.560488e-03 
 1.549514e+01  1.582657e-03 
 1.549553e+01  1.604623e-03 
 1.549593e+01  1.626366e-03 
 1.549633e+01  1.647867e-03 
 1.549673e+01  1.669115e-03 
 1.549712e+01  1.690099e-03 
 1.549752e+01  1.710800e-03 
 1.549792e+01  1.731205e-03 
 1.549832e+01  1.751297e-03 
 1.549872e+01  1.771060e-03 
 1.549911e+01  1.790478e-03 
 1.549951e+01  1.809522e-03 
 1.549991e+01  1.828181e-03 
 1.550031e+01  1.846428e-03 
 1.550070e+01  1.864236e-03 
 1.550110e+01  1.881598e-03 
 1.550150e+01  1.898492e-03 
 1.550190e+01  1.914891e-03 
 1.550229e+01  1.930788e-03 
 1.550269e+01  1.946167e-03 
 1.550309e+01  1.960994e-03 
 1.550349e+01  1.975249e-03 
 1.550389e+01  1.988917e-03 
 1.550428e+01  2.001961e-03 
 1.550468e+01  2.014351e-03 
 1.550508e+01  2.026084e-03 
 1.550548e+01  2.037144e-03 
 1.550587e+01  2.047528e-03 
 1.550627e+01  2.057207e-03 
 1.550667e+01  2.066188e-03 
 1.550707e+01  2.074447e-03 
 1.550746e+01  2.081981e-03 
 1.550786e+01  2.088779e-03 
 1.550826e+01  2.094830e-03 
 1.550866e+01  2.100136e-03 
 1.550906e+01  2.104692e-03 
 1.550945e+01  2.108489e-03 
 1.550985e+01  2.111542e-03 
 1.551025e+01  2.113842e-03 
 1.551065e+01  2.115393e-03 
 1.551104e+01  2.116187e-03 
 1.551144e+01  2.116226e-03 
 1.551184e+01  2.115507e-03 
 1.551224e+01  2.114027e-03 
 1.551263e+01  2.111769e-03 
 1.551303e+01  2.108736e-03 
 1.551343e+01  2.104913e-03 
 1.551383e+01  2.100302e-03 
 1.551423e+01  2.094900e-03 
 1.551462e+01  2.088711e-03 
 1.551502e+01  2.081742e-03 
 1.551542e+01  2.073998e-03 
 1.551582e+01  2.065481e-03 
 1.551621e+01  2.056214e-03 
 1.551661e+01  2.046207e-03 
 1.551701e+01  2.035467e-03 
 1.551741e+01  2.023990e-03 
 1.551781e+01  2.011783e-03 
 1.551820e+01  1.998852e-03 
 1.551860e+01  1.985199e-03 
 1.551900e+01  1.970834e-03 
 1.551940e+01  1.955769e-03 
 1.551979e+01  1.940014e-03 
 1.552019e+01  1.923571e-03 
 1.552059e+01  1.906441e-03 
 1.552099e+01  1.888637e-03 
 1.552138e+01  1.870169e-03 
 1.552178e+01  1.851032e-03 
 1.552218e+01  1.831245e-03 
 1.552258e+01  1.810808e-03 
 1.552298e+01  1.789726e-03 
 1.552337e+01  1.768007e-03 
 1.552377e+01  1.745663e-03 
 1.552417e+01  1.722711e-03 
 1.552457e+01  1.699168e-03 
 1.552496e+01  1.675044e-03 
 1.552536e+01  1.650354e-03 
 1.552576e+01  1.625110e-03 
 1.552616e+01  1.599323e-03 
 1.552655e+01  1.573008e-03 
 1.552695e+01  1.546157e-03 
 1.552735e+01  1.518783e-03 
 1.552775e+01  1.490885e-03 
 1.552815e+01  1.462481e-03 
 1.552854e+01  1.433582e-03 
 1.552894e+01  1.404200e-03 
 1.552934e+01  1.374352e-03 
 1.552974e+01  1.344038e-03 
 1.553013e+01  1.313270e-03 
 1.553053e+01  1.282070e-03 
 1.553093e+01  1.250450e-03 
 1.553133e+01  1.218419e-03 
 1.553172e+01  1.186006e-03 
 1.553212e+01  1.153219e-03 
 1.553252e+01  1.120080e-03 
 1.553292e+01  1.086604e-03 
 1.553332e+01  1.052805e-03 
 1.553371e+01  1.018710e-03 
 1.553411e+01  9.843365e-04 
 1.553451e+01  9.497086e-04 
 1.553491e+01  9.148490e-04 
 1.553530e+01  8.797695e-04 
 1.553570e+01  8.444969e-04 
 1.553610e+01  8.090439e-04 
 1.553650e+01  7.734228e-04 
 1.553689e+01  7.376536e-04 
 1.553729e+01  7.017493e-04 
 1.553769e+01  6.657209e-04 
 1.553809e+01  6.295777e-04 
 1.553849e+01  5.933378e-04 
 1.553888e+01  5.570102e-04 
 1.553928e+01  5.205984e-04 
 1.553968e+01  4.841086e-04 
 1.554008e+01  4.475463e-04 
 1.554047e+01  4.109220e-04 
 1.554087e+01  3.742399e-04 
 1.554127e+01  3.375099e-04 
 1.554167e+01  3.007402e-04 
 1.554206e+01  2.639385e-04 
 1.554246e+01  2.271260e-04 
 1.554286e+01  1.903129e-04 
 1.554326e+01  1.535145e-04 
 1.554366e+01  1.167492e-04 
 1.554405e+01  8.002455e-05 
 1.554445e+01  4.336681e-05 
 1.554485e+01  6.789279e-06 
 1.554525e+01 -2.970172e-05 
 1.554564e+01 -6.609572e-05 
 1.554604e+01 -1.023886e-04 
 1.554644e+01 -1.385634e-04 
 1.554684e+01 -1.746087e-04 
 1.554723e+01 -2.105071e-04 
 1.554763e+01 -2.462402e-04 
 1.554803e+01 -2.817873e-04 
 1.554843e+01 -3.171382e-04 
 1.554883e+01 -3.522642e-04 
 1.554922e+01 -3.871467e-04 
 1.554962e+01 -4.217679e-04 
 1.555002e+01 -4.561046e-04 
 1.555042e+01 -4.901343e-04 
 1.555081e+01 -5.238436e-04 
 1.555121e+01 -5.572157e-04 
 1.555161e+01 -5.902238e-04 
 1.555201e+01 -6.228634e-04 
 1.555240e+01 -6.551011e-04 
 1.555280e+01 -6.869308e-04 
 1.555320e+01 -7.183331e-04 
 1.555360e+01 -7.493002e-04 
 1.555400e+01 -7.798249e-04 
 1.555439e+01 -8.098984e-04 
 1.555479e+01 -8.395154e-04 
 1.555519e+01 -8.686766e-04 
 1.555559e+01 -8.973804e-04 
 1.555598e+01 -9.256269e-04 
 1.555638e+01 -9.534124e-04 
 1.555678e+01 -9.807245e-04 
 1.555718e+01 -1.007539e-03 
 1.555757e+01 -1.033869e-03 
 1.555797e+01 -1.059700e-03 
 1.555837e+01 -1.085028e-03 
 1.555877e+01 -1.109843e-03 
 1.555917e+01 -1.134141e-03 
 1.555956e+01 -1.157912e-03 
 1.555996e+01 -1.181149e-03 
 1.556036e+01 -1.203843e-03 
 1.556076e+01 -1.225978e-03 
 1.556115e+01 -1.247551e-03 
 1.556155e+01 -1.268545e-03 
 1.556195e+01 -1.288955e-03 
 1.556235e+01 -1.308769e-03 
 1.556274e+01 -1.327985e-03 
 1.556314e+01 -1.346591e-03 
 1.556354e+01 -1.364581e-03 
 1.556394e+01 -1.381959e-03 
 1.556434e+01 -1.398720e-03 
 1.556473e+01 -1.414863e-03 
 1.556513e+01 -1.430385e-03 
 1.556553e+01 -1.445279e-03 
 1.556593e+01 -1.459547e-03 
 1.556632e+01 -1.473174e-03 
 1.556672e+01 -1.486170e-03 
 1.556712e+01 -1.498527e-03 
 1.556752e+01 -1.510241e-03 
 1.556791e+01 -1.521305e-03 
 1.556831e+01 -1.531722e-03 
 1.556871e+01 -1.541486e-03 
 1.556911e+01 -1.550603e-03 
 1.556951e+01 -1.559069e-03 
 1.556990e+01 -1.566885e-03 
 1.557030e+01 -1.574044e-03 
 1.557070e+01 -1.580548e-03 
 1.557110e+01 -1.586388e-03 
 1.557149e+01 -1.591564e-03 
 1.557189e+01 -1.596079e-03 
 1.557229e+01 -1.599931e-03 
 1.557269e+01 -1.603134e-03 
 1.557308e+01 -1.605700e-03 
 1.557348e+01 -1.607640e-03 
 1.557388e+01 -1.608971e-03 
 1.557428e+01 -1.609694e-03 
 1.557468e+01 -1.609821e-03 
 1.557507e+01 -1.609353e-03 
 1.557547e+01 -1.608293e-03 
 1.557587e+01 -1.606639e-03 
 1.557627e+01 -1.604396e-03 
 1.557666e+01 -1.601572e-03 
 1.557706e+01 -1.598183e-03 
 1.557746e+01 -1.594242e-03 
 1.557786e+01 -1.589760e-03 
 1.557825e+01 -1.584752e-03 
 1.557865e+01 -1.579229e-03 
 1.557905e+01 -1.573209e-03 
 1.557945e+01 -1.566719e-03 
 1.557985e+01 -1.559767e-03 
 1.558024e+01 -1.552377e-03 
 1.558064e+01 -1.544575e-03 
 1.558104e+01 -1.536383e-03 
 1.558144e+01 -1.527835e-03 
 1.558183e+01 -1.518957e-03 
 1.558223e+01 -1.509774e-03 
 1.558263e+01 -1.500308e-03 
 1.558303e+01 -1.490587e-03 
 1.558342e+01 -1.480633e-03 
 1.558382e+01 -1.470474e-03 
 1.558422e+01 -1.460121e-03 
 1.558462e+01 -1.449596e-03 
 1.558502e+01 -1.438912e-03 
 1.558541e+01 -1.428074e-03 
 1.558581e+01 -1.417107e-03 
 1.558621e+01 -1.406021e-03 
 1.558661e+01 -1.394827e-03 
 1.558700e+01 -1.383538e-03 
 1.558740e+01 -1.372170e-03 
 1.558780e+01 -1.360740e-03 
 1.558820e+01 -1.349262e-03 
 1.558859e+01 -1.337753e-03 
 1.558899e+01 -1.326233e-03 
 1.558939e+01 -1.314718e-03 
 1.558979e+01 -1.303215e-03 
 1.559019e+01 -1.291749e-03 
 1.559058e+01 -1.280341e-03 
 1.559098e+01 -1.269008e-03 
 1.559138e+01 -1.257771e-03 
 1.559178e+01 -1.246651e-03 
 1.559217e+01 -1.235665e-03 
 1.559257e+01 -1.224836e-03 
 1.559297e+01 -1.214181e-03 
 1.559337e+01 -1.203726e-03 
 1.559376e+01 -1.193484e-03 
 1.559416e+01 -1.183467e-03 
 1.559456e+01 -1.173701e-03 
 1.559496e+01 -1.164209e-03 
 1.559536e+01 -1.155016e-03 
 1.559575e+01 -1.146144e-03 
 1.559615e+01 -1.137617e-03 
 1.559655e+01 -1.129458e-03 
 1.559695e+01 -1.121697e-03 
 1.559734e+01 -1.114363e-03 
 1.559774e+01 -1.107484e-03 
 1.559814e+01 -1.101078e-03 
 1.559854e+01 -1.095164e-03 
 1.559893e+01 -1.089763e-03 
 1.559933e+01 -1.084886e-03 
 1.559973e+01 -1.080551e-03 
 1.560013e+01 -1.076771e-03 
 1.560053e+01 -1.073560e-03 
 1.560092e+01 -1.070928e-03 
 1.560132e+01 -1.068886e-03 
 1.560172e+01 -1.067459e-03 
 1.560212e+01 -1.066639e-03 
 1.560251e+01 -1.066436e-03 
 1.560291e+01 -1.066851e-03 
 1.560331e+01 -1.067877e-03 
 1.560371e+01 -1.069498e-03 
 1.560410e+01 -1.071720e-03 
 1.560450e+01 -1.074543e-03 
 1.560490e+01 -1.077970e-03 
 1.560530e+01 -1.081992e-03 
 1.560570e+01 -1.086628e-03 
 1.560609e+01 -1.091873e-03 
 1.560649e+01 -1.097747e-03 
 1.560689e+01 -1.104250e-03 
 1.560729e+01 -1.111397e-03 
 1.560768e+01 -1.119198e-03 
 1.560808e+01 -1.127657e-03 
 1.560848e+01 -1.136786e-03 
 1.560888e+01 -1.146589e-03 
 1.560928e+01 -1.157073e-03 
 1.560967e+01 -1.168252e-03 
 1.561007e+01 -1.180123e-03 
 1.561047e+01 -1.192701e-03 
 1.561087e+01 -1.205990e-03 
 1.561126e+01 -1.219985e-03 
 1.561166e+01 -1.234690e-03 
 1.561206e+01 -1.250100e-03 
 1.561246e+01 -1.266223e-03 
 1.561285e+01 -1.283044e-03 
 1.561325e+01 -1.300563e-03 
 1.561365e+01 -1.318772e-03 
 1.561405e+01 -1.337677e-03 
 1.561445e+01 -1.357285e-03 
 1.561484e+01 -1.377588e-03 
 1.561524e+01 -1.398587e-03 
 1.561564e+01 -1.420292e-03 
 1.561604e+01 -1.442688e-03 
 1.561643e+01 -1.465779e-03 
 1.561683e+01 -1.489567e-03 
 1.561723e+01 -1.514043e-03 
 1.561763e+01 -1.539192e-03 
 1.561802e+01 -1.564994e-03 
 1.561842e+01 -1.591443e-03 
 1.561882e+01 -1.618536e-03 
 1.561922e+01 -1.646251e-03 
 1.561962e+01 -1.674580e-03 
 1.562001e+01 -1.703506e-03 
 1.562041e+01 -1.733026e-03 
 1.562081e+01 -1.763137e-03 
 1.562121e+01 -1.793818e-03 
 1.562160e+01 -1.825071e-03 
 1.562200e+01 -1.856877e-03 
 1.562240e+01 -1.889227e-03 
 1.562280e+01 -1.922114e-03 
 1.562319e+01 -1.955529e-03 
 1.562359e+01 -1.989466e-03 
 1.562399e+01 -2.023919e-03 
 1.562439e+01 -2.058896e-03 
 1.562479e+01 -2.094388e-03 
 1.562518e+01 -2.130394e-03 
 1.562558e+01 -2.166907e-03 
 1.562598e+01 -2.203913e-03 
 1.562638e+01 -2.241405e-03 
 1.562677e+01 -2.279367e-03 
 1.562717e+01 -2.317785e-03 
 1.562757e+01 -2.356636e-03 
 1.562797e+01 -2.395909e-03 
 1.562836e+01 -2.435599e-03 
 1.562876e+01 -2.475682e-03 
 1.562916e+01 -2.516151e-03 
 1.562956e+01 -2.556985e-03 
 1.562996e+01 -2.598168e-03 
 1.563035e+01 -2.639682e-03 
 1.563075e+01 -2.681513e-03 
 1.563115e+01 -2.723636e-03 
 1.563155e+01 -2.766027e-03 
 1.563194e+01 -2.808670e-03 
 1.563234e+01 -2.851548e-03 
 1.563274e+01 -2.894656e-03 
 1.563314e+01 -2.937980e-03 
 1.563353e+01 -2.981519e-03 
 1.563393e+01 -3.025265e-03 
 1.563433e+01 -3.069209e-03 
 1.563473e+01 -3.113344e-03 
 1.563513e+01 -3.157661e-03 
 1.563552e+01 -3.202145e-03 
 1.563592e+01 -3.246790e-03 
 1.563632e+01 -3.291579e-03 
 1.563672e+01 -3.336504e-03 
 1.563711e+01 -3.381555e-03 
 1.563751e+01 -3.426713e-03 
 1.563791e+01 -3.471968e-03 
 1.563831e+01 -3.517295e-03 
 1.563870e+01 -3.562686e-03 
 1.563910e+01 -3.608137e-03 
 1.563950e+01 -3.653631e-03 
 1.563990e+01 -3.699158e-03 
 1.564030e+01 -3.744703e-03 
 1.564069e+01 -3.790258e-03 
 1.564109e+01 -3.835805e-03 
 1.564149e+01 -3.881333e-03 
 1.564189e+01 -3.926832e-03 
 1.564228e+01 -3.972285e-03 
 1.564268e+01 -4.017683e-03 
 1.564308e+01 -4.063014e-03 
 1.564348e+01 -4.108258e-03 
 1.564387e+01 -4.153390e-03 
 1.564427e+01 -4.198389e-03 
 1.564467e+01 -4.243229e-03 
 1.564507e+01 -4.287883e-03 
 1.564547e+01 -4.332332e-03 
 1.564586e+01 -4.376537e-03 
 1.564626e+01 -4.420478e-03 
 1.564666e+01 -4.464131e-03 
 1.564706e+01 -4.507483e-03 
 1.564745e+01 -4.550496e-03 
 1.564785e+01 -4.593160e-03 
 1.564825e+01 -4.635458e-03 
 1.564865e+01 -4.677368e-03 
 1.564904e+01 -4.718884e-03 
 1.564944e+01 -4.759992e-03 
 1.564984e+01 -4.800691e-03 
 1.565024e+01 -4.840962e-03 
 1.565064e+01 -4.880798e-03 
 1.565103e+01 -4.920192e-03 
 1.565143e+01 -4.959136e-03 
 1.565183e+01 -4.997625e-03 
 1.565223e+01 -5.035665e-03 
 1.565262e+01 -5.073248e-03 
 1.565302e+01 -5.110348e-03 
 1.565342e+01 -5.146983e-03 
 1.565382e+01 -5.183122e-03 
 1.565421e+01 -5.218760e-03 
 1.565461e+01 -5.253884e-03 
 1.565501e+01 -5.288469e-03 
 1.565541e+01 -5.322506e-03 
 1.565581e+01 -5.355984e-03 
 1.565620e+01 -5.388885e-03 
 1.565660e+01 -5.421201e-03 
 1.565700e+01 -5.452917e-03 
 1.565740e+01 -5.484023e-03 
 1.565779e+01 -5.514514e-03 
 1.565819e+01 -5.544382e-03 
 1.565859e+01 -5.573618e-03 
 1.565899e+01 -5.602218e-03 
 1.565938e+01 -5.630162e-03 
 1.565978e+01 -5.657446e-03 
 1.566018e+01 -5.684054e-03 
 1.566058e+01 -5.709988e-03 
 1.566098e+01 -5.735245e-03 
 1.566137e+01 -5.759807e-03 
 1.566177e+01 -5.783676e-03 
 1.566217e+01 -5.806843e-03 
 1.566257e+01 -5.829307e-03 
 1.566296e+01 -5.851056e-03 
 1.566336e+01 -5.872080e-03 
 1.566376e+01 -5.892369e-03 
 1.566416e+01 -5.911919e-03 
 1.566455e+01 -5.930724e-03 
 1.566495e+01 -5.948782e-03 
 1.566535e+01 -5.966091e-03 
 1.566575e+01 -5.982657e-03 
 1.566615e+01 -5.998478e-03 
 1.566654e+01 -6.013560e-03 
 1.566694e+01 -6.027920e-03 
 1.566734e+01 -6.041559e-03 
 1.566774e+01 -6.054492e-03 
 1.566813e+01 -6.066728e-03 
 1.566853e+01 -6.078271e-03 
 1.566893e+01 -6.089135e-03 
 1.566933e+01 -6.099325e-03 
 1.566972e+01 -6.108845e-03 
 1.567012e+01 -6.117708e-03 
 1.567052e+01 -6.125917e-03 
 1.567092e+01 -6.133484e-03 
 1.567132e+01 -6.140412e-03 
 1.567171e+01 -6.146712e-03 
 1.567211e+01 -6.152399e-03 
 1.567251e+01 -6.157463e-03 
 1.567291e+01 -6.161901e-03 
 1.567330e+01 -6.165726e-03 
 1.567370e+01 -6.168942e-03 
 1.567410e+01 -6.171555e-03 
 1.567450e+01 -6.173583e-03 
 1.567489e+01 -6.175037e-03 
 1.567529e+01 -6.175934e-03 
 1.567569e+01 -6.176295e-03 
 1.567609e+01 -6.176132e-03 
 1.567649e+01 -6.175473e-03 
 1.567688e+01 -6.174332e-03 
 1.567728e+01 -6.172721e-03 
 1.567768e+01 -6.170662e-03 
 1.567808e+01 -6.168173e-03 
 1.567847e+01 -6.165258e-03 
 1.567887e+01 -6.161937e-03 
 1.567927e+01 -6.158219e-03 
 1.567967e+01 -6.154122e-03 
 1.568006e+01 -6.149661e-03 
 1.568046e+01 -6.144856e-03 
 1.568086e+01 -6.139728e-03 
 1.568126e+01 -6.134284e-03 
 1.568166e+01 -6.128537e-03 
 1.568205e+01 -6.122501e-03 
 1.568245e+01 -6.116192e-03 
 1.568285e+01 -6.109623e-03 
 1.568325e+01 -6.102812e-03 
 1.568364e+01 -6.095772e-03 
 1.568404e+01 -6.088528e-03 
 1.568444e+01 -6.081113e-03 
 1.568484e+01 -6.073558e-03 
 1.568523e+01 -6.065890e-03 
 1.568563e+01 -6.058130e-03 
 1.568603e+01 -6.050306e-03 
 1.568643e+01 -6.042435e-03 
 1.568683e+01 -6.034539e-03 
 1.568722e+01 -6.026640e-03 
 1.568762e+01 -6.018754e-03 
 1.568802e+01 -6.010901e-03 
 1.568842e+01 -6.003098e-03 
 1.568881e+01 -5.995369e-03 
 1.568921e+01 -5.987737e-03 
 1.568961e+01 -5.980213e-03 
 1.569001e+01 -5.972823e-03 
 1.569040e+01 -5.965587e-03 
 1.569080e+01 -5.958528e-03 
 1.569120e+01 -5.951660e-03 
 1.569160e+01 -5.945007e-03 
 1.569200e+01 -5.938587e-03 
 1.569239e+01 -5.932417e-03 
 1.569279e+01 -5.926522e-03 
 1.569319e+01 -5.920927e-03 
 1.569359e+01 -5.915659e-03 
 1.569398e+01 -5.910734e-03 
 1.569438e+01 -5.906177e-03 
 1.569478e+01 -5.902002e-03 
 1.569518e+01 -5.898221e-03 
 1.569557e+01 -5.894860e-03 
 1.569597e+01 -5.891921e-03 
 1.569637e+01 -5.889414e-03 
 1.569677e+01 -5.887353e-03 
 1.569717e+01 -5.885741e-03 
 1.569756e+01 -5.884588e-03 
 1.569796e+01 -5.883905e-03 
 1.569836e+01 -5.883699e-03 
 1.569876e+01 -5.883968e-03 
 1.569915e+01 -5.884716e-03 
 1.569955e+01 -5.885960e-03 
 1.569995e+01 -5.887692e-03 
 1.570035e+01 -5.889925e-03 
 1.570075e+01 -5.892673e-03 
 1.570114e+01 -5.895928e-03 
 1.570154e+01 -5.899709e-03 
 1.570194e+01 -5.904032e-03 
 1.570234e+01 -5.908900e-03 
 1.570273e+01 -5.914337e-03 
 1.570313e+01 -5.920364e-03 
 1.570353e+01 -5.926997e-03 
 1.570393e+01 -5.934262e-03 
 1.570432e+01 -5.942178e-03 
 1.570472e+01 -5.950746e-03 
 1.570512e+01 -5.959962e-03 
 1.570552e+01 -5.969832e-03 
 1.570592e+01 -5.980363e-03 
 1.570631e+01 -5.991560e-03 
 1.570671e+01 -6.003423e-03 
 1.570711e+01 -6.015949e-03 
 1.570751e+01 -6.029143e-03 
 1.570790e+01 -6.043006e-03 
 1.570830e+01 -6.057549e-03 
 1.570870e+01 -6.072767e-03 
 1.570910e+01 -6.088669e-03 
 1.570949e+01 -6.105260e-03 
 1.570989e+01 -6.122535e-03 
 1.571029e+01 -6.140499e-03 
 1.571069e+01 -6.159159e-03 
 1.571109e+01 -6.178505e-03 
 1.571148e+01 -6.198551e-03 
 1.571188e+01 -6.219288e-03 
 1.571228e+01 -6.240720e-03 
 1.571268e+01 -6.262850e-03 
 1.571307e+01 -6.285681e-03 
 1.571347e+01 -6.309212e-03 
 1.571387e+01 -6.333428e-03 
 1.571427e+01 -6.358328e-03 
 1.571466e+01 -6.383904e-03 
 1.571506e+01 -6.410141e-03 
 1.571546e+01 -6.437041e-03 
 1.571586e+01 -6.464601e-03 
 1.571626e+01 -6.492805e-03 
 1.571665e+01 -6.521660e-03 
 1.571705e+01 -6.551161e-03 
 1.571745e+01 -6.581296e-03 
 1.571785e+01 -6.612066e-03 
 1.571824e+01 -6.643464e-03 
 1.571864e+01 -6.675485e-03 
 1.571904e+01 -6.708133e-03 
 1.571944e+01 -6.741410e-03 
 1.571983e+01 -6.775311e-03 
 1.572023e+01 -6.809825e-03 
 1.572063e+01 -6.844954e-03 
 1.572103e+01 -6.880681e-03 
 1.572143e+01 -6.917009e-03 
 1.572182e+01 -6.953934e-03 
 1.572222e+01 -6.991443e-03 
 1.572262e+01 -7.029525e-03 
 1.572302e+01 -7.068164e-03 
 1.572341e+01 -7.107345e-03 
 1.572381e+01 -7.147049e-03 
 1.572421e+01 -7.187258e-03 
 1.572461e+01 -7.227949e-03 
 1.572500e+01 -7.269112e-03 
 1.572540e+01 -7.310725e-03 
 1.572580e+01 -7.352782e-03 
 1.572620e+01 -7.395269e-03 
 1.572660e+01 -7.438167e-03 
 1.572699e+01 -7.481471e-03 
 1.572739e+01 -7.525170e-03 
 1.572779e+01 -7.569251e-03 
 1.572819e+01 -7.613708e-03 
 1.572858e+01 -7.658530e-03 
 1.572898e+01 -7.703706e-03 
 1.572938e+01 -7.749238e-03 
 1.572978e+01 -7.795116e-03 
 1.573017e+01 -7.841330e-03 
 1.573057e+01 -7.887870e-03 
 1.573097e+01 -7.934737e-03 
 1.573137e+01 -7.981921e-03 
 1.573177e+01 -8.029409e-03 
 1.573216e+01 -8.077196e-03 
 1.573256e+01 -8.125265e-03 
 1.573296e+01 -8.173598e-03 
 1.573336e+01 -8.222168e-03 
 1.573375e+01 -8.270958e-03 
 1.573415e+01 -8.319940e-03 
 1.573455e+01 -8.369107e-03 
 1.573495e+01 -8.418442e-03 
 1.573534e+01 -8.467935e-03 
 1.573574e+01 -8.517580e-03 
 1.573614e+01 -8.567358e-03 
 1.573654e+01 -8.617250e-03 
 1.573694e+01 -8.667255e-03 
 1.573733e+01 -8.717353e-03 
 1.573773e+01 -8.767521e-03 
 1.573813e+01 -8.817745e-03 
 1.573853e+01 -8.868005e-03 
 1.573892e+01 -8.918282e-03 
 1.573932e+01 -8.968554e-03 
 1.573972e+01 -9.018794e-03 
 1.574012e+01 -9.068979e-03 
 1.574051e+01 -9.119080e-03 
 1.574091e+01 -9.169067e-03 
 1.574131e+01 -9.218919e-03 
 1.574171e+01 -9.268608e-03 
 1.574211e+01 -9.318105e-03 
 1.574250e+01 -9.367382e-03 
 1.574290e+01 -9.416419e-03 
 1.574330e+01 -9.465198e-03 
 1.574370e+01 -9.513707e-03 
 1.574409e+01 -9.561926e-03 
 1.574449e+01 -9.609845e-03 
 1.574489e+01 -9.657453e-03 
 1.574529e+01 -9.704741e-03 
 1.574568e+01 -9.751702e-03 
 1.574608e+01 -9.798328e-03 
 1.574648e+01 -9.844601e-03 
 1.574688e+01 -9.890517e-03 
 1.574728e+01 -9.936070e-03 
 1.574767e+01 -9.981251e-03 
 1.574807e+01 -1.002605e-02 
 1.574847e+01 -1.007046e-02 
 1.574887e+01 -1.011446e-02 
 1.574926e+01 -1.015804e-02 
 1.574966e+01 -1.020118e-02 
 1.575006e+01 -1.024388e-02 
 1.575046e+01 -1.028612e-02 
 1.575085e+01 -1.032786e-02 
 1.575125e+01 -1.036911e-02 
 1.575165e+01 -1.040984e-02 
 1.575205e+01 -1.045003e-02 
 1.575245e+01 -1.048965e-02 
 1.575284e+01 -1.052871e-02 
 1.575324e+01 -1.056718e-02 
 1.575364e+01 -1.060506e-02 
 1.575404e+01 -1.064233e-02 
 1.575443e+01 -1.067898e-02 
 1.575483e+01 -1.071501e-02 
 1.575523e+01 -1.075041e-02 
 1.575563e+01 -1.078516e-02 
 1.575602e+01 -1.081926e-02 
 1.575642e+01 -1.085268e-02 
 1.575682e+01 -1.088542e-02 
 1.575722e+01 -1.091744e-02 
 1.575762e+01 -1.094876e-02 
 1.575801e+01 -1.097934e-02 
 1.575841e+01 -1.100920e-02 
 1.575881e+01 -1.103832e-02 
 1.575921e+01 -1.106669e-02 
 1.575960e+01 -1.109430e-02 
 1.576000e+01 -1.112114e-02 
 1.576040e+01 -1.114722e-02 
 1.576080e+01 -1.117251e-02 
 1.576119e+01 -1.119702e-02 
 1.576159e+01 -1.122075e-02 
 1.576199e+01 -1.124369e-02 
 1.576239e+01 -1.126586e-02 
 1.576279e+01 -1.128725e-02 
 1.576318e+01 -1.130788e-02 
 1.576358e+01 -1.132776e-02 
 1.576398e+01 -1.134691e-02 
 1.576438e+01 -1.136533e-02 
 1.576477e+01 -1.138304e-02 
 1.576517e+01 -1.140003e-02 
 1.576557e+01 -1.141632e-02 
 1.576597e+01 -1.143190e-02 
 1.576636e+01 -1.144676e-02 
 1.576676e+01 -1.146091e-02 
 1.576716e+01 -1.147434e-02 
 1.576756e+01 -1.148707e-02 
 1.576796e+01 -1.149908e-02 
 1.576835e+01 -1.151039e-02 
 1.576875e+01 -1.152099e-02 
 1.576915e+01 -1.153089e-02 
 1.576955e+01 -1.154010e-02 
 1.576994e+01 -1.154862e-02 
 1.577034e+01 -1.155647e-02 
 1.577074e+01 -1.156366e-02 
 1.577114e+01 -1.157020e-02 
 1.577153e+01 -1.157611e-02 
 1.577193e+01 -1.158142e-02 
 1.577233e+01 -1.158611e-02 
 1.577273e+01 -1.159020e-02 
 1.577313e+01 -1.159371e-02 
 1.577352e+01 -1.159666e-02 
 1.577392e+01 -1.159906e-02 
 1.577432e+01 -1.160092e-02 
 1.577472e+01 -1.160225e-02 
 1.577511e+01 -1.160306e-02 
 1.577551e+01 -1.160335e-02 
 1.577591e+01 -1.160312e-02 
 1.577631e+01 -1.160239e-02 
 1.577670e+01 -1.160118e-02 
 1.577710e+01 -1.159951e-02 
 1.577750e+01 -1.159738e-02 
 1.577790e+01 -1.159483e-02 
 1.577830e+01 -1.159186e-02 
 1.577869e+01 -1.158849e-02 
 1.577909e+01 -1.158475e-02 
 1.577949e+01 -1.158066e-02 
 1.577989e+01 -1.157622e-02 
 1.578028e+01 -1.157145e-02 
 1.578068e+01 -1.156639e-02 
 1.578108e+01 -1.156104e-02 
 1.578148e+01 -1.155545e-02 
 1.578187e+01 -1.154963e-02 
 1.578227e+01 -1.154360e-02 
 1.578267e+01 -1.153738e-02 
 1.578307e+01 -1.153100e-02 
 1.578347e+01 -1.152447e-02 
 1.578386e+01 -1.151781e-02 
 1.578426e+01 -1.151103e-02 
 1.578466e+01 -1.150414e-02 
 1.578506e+01 -1.149714e-02 
 1.578545e+01 -1.149006e-02 
 1.578585e+01 -1.148290e-02 
 1.578625e+01 -1.147568e-02 
 1.578665e+01 -1.146843e-02 
 1.578704e+01 -1.146117e-02 
 1.578744e+01 -1.145392e-02 
 1.578784e+01 -1.144669e-02 
 1.578824e+01 -1.143950e-02 
 1.578864e+01 -1.143236e-02 
 1.578903e+01 -1.142531e-02 
 1.578943e+01 -1.141836e-02 
 1.578983e+01 -1.141153e-02 
 1.579023e+01 -1.140483e-02 
 1.579062e+01 -1.139829e-02 
 1.579102e+01 -1.139192e-02 
 1.579142e+01 -1.138574e-02 
 1.579182e+01 -1.137977e-02 
 1.579221e+01 -1.137402e-02 
 1.579261e+01 -1.136849e-02 
 1.579301e+01 -1.136318e-02 
 1.579341e+01 -1.135812e-02 
 1.579381e+01 -1.135331e-02 
 1.579420e+01 -1.134874e-02 
 1.579460e+01 -1.134442e-02 
 1.579500e+01 -1.134037e-02 
 1.579540e+01 -1.133659e-02 
 1.579579e+01 -1.133309e-02 
 1.579619e+01 -1.132988e-02 
 1.579659e+01 -1.132699e-02 
 1.579699e+01 -1.132441e-02 
 1.579739e+01 -1.132216e-02 
 1.579778e+01 -1.132026e-02 
 1.579818e+01 -1.131870e-02 
 1.579858e+01 -1.131752e-02 
 1.579898e+01 -1.131672e-02 
 1.579937e+01 -1.131632e-02 
 1.579977e+01 -1.131634e-02 
 1.580017e+01 -1.131678e-02 
 1.580057e+01 -1.131763e-02 
 1.580096e+01 -1.131891e-02 
 1.580136e+01 -1.132062e-02 
 1.580176e+01 -1.132277e-02 
 1.580216e+01 -1.132537e-02 
 1.580256e+01 -1.132838e-02 
 1.580295e+01 -1.133183e-02 
 1.580335e+01 -1.133571e-02 
 1.580375e+01 -1.134001e-02 
 1.580415e+01 -1.134475e-02 
 1.580454e+01 -1.134993e-02 
 1.580494e+01 -1.135557e-02 
 1.580534e+01 -1.136167e-02 
 1.580574e+01 -1.136824e-02 
 1.580613e+01 -1.137528e-02 
 1.580653e+01 -1.138281e-02 
 1.580693e+01 -1.139082e-02 
 1.580733e+01 -1.139933e-02 
 1.580773e+01 -1.140832e-02 
 1.580812e+01 -1.141780e-02 
 1.580852e+01 -1.142776e-02 
 1.580892e+01 -1.143820e-02 
 1.580932e+01 -1.144914e-02 
 1.580971e+01 -1.146056e-02 
 1.581011e+01 -1.147246e-02 
 1.581051e+01 -1.148483e-02 
 1.581091e+01 -1.149767e-02 
 1.581130e+01 -1.151097e-02 
 1.581170e+01 -1.152473e-02 
 1.581210e+01 -1.153892e-02 
 1.581250e+01 -1.155356e-02 
 1.581290e+01 -1.156862e-02 
 1.581329e+01 -1.158411e-02 
 1.581369e+01 -1.160002e-02 
 1.581409e+01 -1.161636e-02 
 1.581449e+01 -1.163312e-02 
 1.581488e+01 -1.165030e-02 
 1.581528e+01 -1.166789e-02 
 1.581568e+01 -1.168591e-02 
 1.581608e+01 -1.170434e-02 
 1.581647e+01 -1.172318e-02 
 1.581687e+01 -1.174242e-02 
 1.581727e+01 -1.176207e-02 
 1.581767e+01 -1.178209e-02 
 1.581807e+01 -1.180248e-02 
 1.581846e+01 -1.182324e-02 
 1.581886e+01 -1.184435e-02 
 1.581926e+01 -1.186580e-02 
 1.581966e+01 -1.188759e-02 
 1.582005e+01 -1.190972e-02 
 1.582045e+01 -1.193219e-02 
 1.582085e+01 -1.195496e-02 
 1.582125e+01 -1.197804e-02 
 1.582164e+01 -1.200143e-02 
 1.582204e+01 -1.202511e-02 
 1.582244e+01 -1.204907e-02 
 1.582284e+01 -1.207332e-02 
 1.582324e+01 -1.209784e-02 
 1.582363e+01 -1.212263e-02 
 1.582403e+01 -1.214768e-02 
 1.582443e+01 -1.217300e-02 
 1.582483e+01 -1.219858e-02 
 1.582522e+01 -1.222444e-02 
 1.582562e+01 -1.225056e-02 
 1.582602e+01 -1.227693e-02 
 1.582642e+01 -1.230354e-02 
 1.582681e+01 -1.233038e-02 
 1.582721e+01 -1.235742e-02 
 1.582761e+01 -1.238466e-02 
 1.582801e+01 -1.241206e-02 
 1.582841e+01 -1.243960e-02 
 1.582880e+01 -1.246726e-02 
 1.582920e+01 -1.249503e-02 
 1.582960e+01 -1.252286e-02 
 1.583000e+01 -1.255075e-02 
 1.583039e+01 -1.257870e-02 
 1.583079e+01 -1.260666e-02 
 1.583119e+01 -1.263462e-02 
 1.583159e+01 -1.266257e-02 
 1.583198e+01 -1.269050e-02 
 1.583238e+01 -1.271839e-02 
 1.583278e+01 -1.274624e-02 
 1.583318e+01 -1.277405e-02 
 1.583358e+01 -1.280179e-02 
 1.583397e+01 -1.282945e-02 
 1.583437e+01 -1.285702e-02 
 1.583477e+01 -1.288447e-02 
 1.583517e+01 -1.291179e-02 
 1.583556e+01 -1.293897e-02 
 1.583596e+01 -1.296596e-02 
 1.583636e+01 -1.299274e-02 
 1.583676e+01 -1.301929e-02 
 1.583715e+01 -1.304560e-02 
 1.583755e+01 -1.307166e-02 
 1.583795e+01 -1.309746e-02 
 1.583835e+01 -1.312299e-02 
 1.583875e+01 -1.314824e-02 
 1.583914e+01 -1.317318e-02 
 1.583954e+01 -1.319782e-02 
 1.583994e+01 -1.322213e-02 
 1.584034e+01 -1.324611e-02 
 1.584073e+01 -1.326975e-02 
 1.584113e+01 -1.329305e-02 
 1.584153e+01 -1.331596e-02 
 1.584193e+01 -1.333850e-02 
 1.584232e+01 -1.336065e-02 
 1.584272e+01 -1.338241e-02 
 1.584312e+01 -1.340376e-02 
 1.584352e+01 -1.342469e-02 
 1.584392e+01 -1.344520e-02 
 1.584431e+01 -1.346523e-02 
 1.584471e+01 -1.348478e-02 
 1.584511e+01 -1.350382e-02 
 1.584551e+01 -1.352233e-02 
 1.584590e+01 -1.354028e-02 
 1.584630e+01 -1.355766e-02 
 1.584670e+01 -1.357443e-02 
 1.584710e+01 -1.359058e-02 
 1.584749e+01 -1.360609e-02 
 1.584789e+01 -1.362096e-02 
 1.584829e+01 -1.363518e-02 
 1.584869e+01 -1.364873e-02 
 1.584909e+01 -1.366159e-02 
 1.584948e+01 -1.367376e-02 
 1.584988e+01 -1.368520e-02 
 1.585028e+01 -1.369594e-02 
 1.585068e+01 -1.370595e-02 
 1.585107e+01 -1.371523e-02 
 1.585147e+01 -1.372378e-02 
 1.585187e+01 -1.373158e-02 
 1.585227e+01 -1.373863e-02 
 1.585266e+01 -1.374493e-02 
 1.585306e+01 -1.375047e-02 
 1.585346e+01 -1.375527e-02 
 1.585386e+01 -1.375930e-02 
 1.585426e+01 -1.376256e-02 
 1.585465e+01 -1.376504e-02 
 1.585505e+01 -1.376672e-02 
 1.585545e+01 -1.376760e-02 
 1.585585e+01 -1.376767e-02 
 1.585624e+01 -1.376695e-02 
 1.585664e+01 -1.376544e-02 
 1.585704e+01 -1.376312e-02 
 1.585744e+01 -1.376003e-02 
 1.585783e+01 -1.375615e-02 
 1.585823e+01 -1.375151e-02 
 1.585863e+01 -1.374610e-02 
 1.585903e+01 -1.373994e-02 
 1.585943e+01 -1.373304e-02 
 1.585982e+01 -1.372538e-02 
 1.586022e+01 -1.371698e-02 
 1.586062e+01 -1.370785e-02 
 1.586102e+01 -1.369800e-02 
 1.586141e+01 -1.368743e-02 
 1.586181e+01 -1.367615e-02 
 1.586221e+01 -1.366414e-02 
 1.586261e+01 -1.365142e-02 
 1.586300e+01 -1.363796e-02 
 1.586340e+01 -1.362377e-02 
 1.586380e+01 -1.360885e-02 
 1.586420e+01 -1.359321e-02 
 1.586460e+01 -1.357685e-02 
 1.586499e+01 -1.355977e-02 
 1.586539e+01 -1.354200e-02 
 1.586579e+01 -1.352355e-02 
 1.586619e+01 -1.350444e-02 
 1.586658e+01 -1.348468e-02 
 1.586698e+01 -1.346430e-02 
 1.586738e+01 -1.344329e-02 
 1.586778e+01 -1.342168e-02 
 1.586817e+01 -1.339947e-02 
 1.586857e+01 -1.337667e-02 
 1.586897e+01 -1.335330e-02 
 1.586937e+01 -1.332937e-02 
 1.586977e+01 -1.330487e-02 
 1.587016e+01 -1.327984e-02 
 1.587056e+01 -1.325425e-02 
 1.587096e+01 -1.322815e-02 
 1.587136e+01 -1.320153e-02 
 1.587175e+01 -1.317442e-02 
 1.587215e+01 -1.314683e-02 
 1.587255e+01 -1.311877e-02 
 1.587295e+01 -1.309024e-02 
 1.587334e+01 -1.306127e-02 
 1.587374e+01 -1.303186e-02 
 1.587414e+01 -1.300205e-02 
 1.587454e+01 -1.297184e-02 
 1.587494e+01 -1.294127e-02 
 1.587533e+01 -1.291035e-02 
 1.587573e+01 -1.287912e-02 
 1.587613e+01 -1.284760e-02 
 1.587653e+01 -1.281582e-02 
 1.587692e+01 -1.278381e-02 
 1.587732e+01 -1.275160e-02 
 1.587772e+01 -1.271920e-02 
 1.587812e+01 -1.268662e-02 
 1.587851e+01 -1.265387e-02 
 1.587891e+01 -1.262099e-02 
 1.587931e+01 -1.258798e-02 
 1.587971e+01 -1.255487e-02 
 1.588011e+01 -1.252165e-02 
 1.588050e+01 -1.248836e-02 
 1.588090e+01 -1.245501e-02 
 1.588130e+01 -1.242162e-02 
 1.588170e+01 -1.238820e-02 
 1.588209e+01 -1.235477e-02 
 1.588249e+01 -1.232134e-02 
 1.588289e+01 -1.228792e-02 
 1.588329e+01 -1.225451e-02 
 1.588368e+01 -1.222114e-02 
 1.588408e+01 -1.218783e-02 
 1.588448e+01 -1.215459e-02 
 1.588488e+01 -1.212144e-02 
 1.588528e+01 -1.208839e-02 
 1.588567e+01 -1.205547e-02 
 1.588607e+01 -1.202267e-02 
 1.588647e+01 -1.199002e-02 
 1.588687e+01 -1.195752e-02 
 1.588726e+01 -1.192519e-02 
 1.588766e+01 -1.189302e-02 
 1.588806e+01 -1.186103e-02 
 1.588846e+01 -1.182921e-02 
 1.588886e+01 -1.179759e-02 
 1.588925e+01 -1.176617e-02 
 1.588965e+01 -1.173496e-02 
 1.589005e+01 -1.170398e-02 
 1.589045e+01 -1.167321e-02 
 1.589084e+01 -1.164268e-02 
 1.589124e+01 -1.161238e-02 
 1.589164e+01 -1.158234e-02 
 1.589204e+01 -1.155256e-02 
 1.589243e+01 -1.152306e-02 
 1.589283e+01 -1.149387e-02 
 1.589323e+01 -1.146502e-02 
 1.589363e+01 -1.143652e-02 
 1.589403e+01 -1.140839e-02 
 1.589442e+01 -1.138067e-02 
 1.589482e+01 -1.135336e-02 
 1.589522e+01 -1.132648e-02 
 1.589562e+01 -1.130002e-02 
 1.589601e+01 -1.127400e-02 
 1.589641e+01 -1.124841e-02 
 1.589681e+01 -1.122325e-02 
 1.589721e+01 -1.119853e-02 
 1.589760e+01 -1.117424e-02 
 1.589800e+01 -1.115038e-02 
 1.589840e+01 -1.112697e-02 
 1.589880e+01 -1.110401e-02 
 1.589920e+01 -1.108150e-02 
 1.589959e+01 -1.105944e-02 
 1.589999e+01 -1.103786e-02 
 1.590039e+01 -1.101673e-02 
 1.590079e+01 -1.099606e-02 
 1.590118e+01 -1.097587e-02 
 1.590158e+01 -1.095614e-02 
 1.590198e+01 -1.093689e-02 
 1.590238e+01 -1.091812e-02 
 1.590277e+01 -1.089983e-02 
 1.590317e+01 -1.088205e-02 
 1.590357e+01 -1.086476e-02 
 1.590397e+01 -1.084798e-02 
 1.590437e+01 -1.083170e-02 
 1.590476e+01 -1.081593e-02 
 1.590516e+01 -1.080065e-02 
 1.590556e+01 -1.078587e-02 
 1.590596e+01 -1.077159e-02 
 1.590635e+01 -1.075780e-02 
 1.590675e+01 -1.074448e-02 
 1.590715e+01 -1.073166e-02 
 1.590755e+01 -1.071932e-02 
 1.590794e+01 -1.070748e-02 
 1.590834e+01 -1.069615e-02 
 1.590874e+01 -1.068533e-02 
 1.590914e+01 -1.067502e-02 
 1.590954e+01 -1.066523e-02 
 1.590993e+01 -1.065597e-02 
 1.591033e+01 -1.064722e-02 
 1.591073e+01 -1.063899e-02 
 1.591113e+01 -1.063129e-02 
 1.591152e+01 -1.062412e-02 
 1.591192e+01 -1.061747e-02 
 1.591232e+01 -1.061136e-02 
 1.591272e+01 -1.060579e-02 
 1.591311e+01 -1.060075e-02 
 1.591351e+01 -1.059625e-02 
 1.591391e+01 -1.059225e-02 
 1.591431e+01 -1.058876e-02 
 1.591471e+01 -1.058575e-02 
 1.591510e+01 -1.058323e-02 
 1.591550e+01 -1.058119e-02 
 1.591590e+01 -1.057962e-02 
 1.591630e+01 -1.057850e-02 
 1.591669e+01 -1.057785e-02 
 1.591709e+01 -1.057766e-02 
 1.591749e+01 -1.057792e-02 
 1.591789e+01 -1.057862e-02 
 1.591828e+01 -1.057976e-02 
 1.591868e+01 -1.058132e-02 
 1.591908e+01 -1.058329e-02 
 1.591948e+01 -1.058568e-02 
 1.591988e+01 -1.058849e-02 
 1.592027e+01 -1.059172e-02 
 1.592067e+01 -1.059537e-02 
 1.592107e+01 -1.059943e-02 
 1.592147e+01 -1.060391e-02 
 1.592186e+01 -1.060880e-02 
 1.592226e+01 -1.061406e-02 
 1.592266e+01 -1.061970e-02 
 1.592306e+01 -1.062569e-02 
 1.592345e+01 -1.063201e-02 
 1.592385e+01 -1.063863e-02 
 1.592425e+01 -1.064553e-02 
 1.592465e+01 -1.065268e-02 
 1.592505e+01 -1.066006e-02 
 1.592544e+01 -1.066766e-02 
 1.592584e+01 -1.067546e-02 
 1.592624e+01 -1.068345e-02 
 1.592664e+01 -1.069162e-02 
 1.592703e+01 -1.069996e-02 
 1.592743e+01 -1.070846e-02 
 1.592783e+01 -1.071711e-02 
 1.592823e+01 -1.072590e-02 
 1.592862e+01 -1.073481e-02 
 1.592902e+01 -1.074382e-02 
 1.592942e+01 -1.075290e-02 
 1.592982e+01 -1.076203e-02 
 1.593022e+01 -1.077120e-02 
 1.593061e+01 -1.078038e-02 
 1.593101e+01 -1.078956e-02 
 1.593141e+01 -1.079870e-02 
 1.593181e+01 -1.080780e-02 
 1.593220e+01 -1.081681e-02 
 1.593260e+01 -1.082573e-02 
 1.593300e+01 -1.083454e-02 
 1.593340e+01 -1.084321e-02 
 1.593379e+01 -1.085173e-02 
 1.593419e+01 -1.086007e-02 
 1.593459e+01 -1.086823e-02 
 1.593499e+01 -1.087618e-02 
 1.593539e+01 -1.088392e-02 
 1.593578e+01 -1.089143e-02 
 1.593618e+01 -1.089871e-02 
 1.593658e+01 -1.090575e-02 
 1.593698e+01 -1.091252e-02 
 1.593737e+01 -1.091901e-02 
 1.593777e+01 -1.092521e-02 
 1.593817e+01 -1.093109e-02 
 1.593857e+01 -1.093663e-02 
 1.593896e+01 -1.094183e-02 
 1.593936e+01 -1.094665e-02 
 1.593976e+01 -1.095106e-02 
 1.594016e+01 -1.095505e-02 
 1.594056e+01 -1.095860e-02 
 1.594095e+01 -1.096167e-02 
 1.594135e+01 -1.096426e-02 
 1.594175e+01 -1.096633e-02 
 1.594215e+01 -1.096784e-02 
 1.594254e+01 -1.096879e-02 
 1.594294e+01 -1.096913e-02 
 1.594334e+01 -1.096886e-02 
 1.594374e+01 -1.096798e-02 
 1.594413e+01 -1.096646e-02 
 1.594453e+01 -1.096430e-02 
 1.594493e+01 -1.096151e-02 
 1.594533e+01 -1.095805e-02 
 1.594573e+01 -1.095394e-02 
 1.594612e+01 -1.094914e-02 
 1.594652e+01 -1.094367e-02 
 1.594692e+01 -1.093749e-02 
 1.594732e+01 -1.093061e-02 
 1.594771e+01 -1.092303e-02 
 1.594811e+01 -1.091473e-02 
 1.594851e+01 -1.090571e-02 
 1.594891e+01 -1.089597e-02 
 1.594930e+01 -1.088552e-02 
 1.594970e+01 -1.087433e-02 
 1.595010e+01 -1.086241e-02 
 1.595050e+01 -1.084974e-02 
 1.595090e+01 -1.083632e-02 
 1.595129e+01 -1.082214e-02 
 1.595169e+01 -1.080720e-02 
 1.595209e+01 -1.079149e-02 
 1.595249e+01 -1.077501e-02 
 1.595288e+01 -1.075776e-02 
 1.595328e+01 -1.073973e-02 
 1.595368e+01 -1.072093e-02 
 1.595408e+01 -1.070138e-02 
 1.595447e+01 -1.068108e-02 
 1.595487e+01 -1.066005e-02 
 1.595527e+01 -1.063829e-02 
 1.595567e+01 -1.061581e-02 
 1.595607e+01 -1.059259e-02 
 1.595646e+01 -1.056865e-02 
 1.595686e+01 -1.054397e-02 
 1.595726e+01 -1.051855e-02 
 1.595766e+01 -1.049237e-02 
 1.595805e+01 -1.046542e-02 
 1.595845e+01 -1.043770e-02 
 1.595885e+01 -1.040920e-02 
 1.595925e+01 -1.037995e-02 
 1.595964e+01 -1.034994e-02 
 1.596004e+01 -1.031918e-02 
 1.596044e+01 -1.028769e-02 
 1.596084e+01 -1.025548e-02 
 1.596124e+01 -1.022255e-02 
 1.596163e+01 -1.018893e-02 
 1.596203e+01 -1.015462e-02 
 1.596243e+01 -1.011965e-02 
 1.596283e+01 -1.008401e-02 
 1.596322e+01 -1.004774e-02 
 1.596362e+01 -1.001084e-02 
 1.596402e+01 -9.973328e-03 
 1.596442e+01 -9.935224e-03 
 1.596481e+01 -9.896541e-03 
 1.596521e+01 -9.857290e-03 
 1.596561e+01 -9.817475e-03 
 1.596601e+01 -9.777098e-03 
 1.596641e+01 -9.736168e-03 
 1.596680e+01 -9.694703e-03 
 1.596720e+01 -9.652721e-03 
 1.596760e+01 -9.610229e-03 
 1.596800e+01 -9.567244e-03 
 1.596839e+01 -9.523779e-03 
 1.596879e+01 -9.479849e-03 
 1.596919e+01 -9.435470e-03 
 1.596959e+01 -9.390654e-03 
 1.596998e+01 -9.345415e-03 
 1.597038e+01 -9.299756e-03 
 1.597078e+01 -9.253697e-03 
 1.597118e+01 -9.207265e-03 
 1.597158e+01 -9.160480e-03 
 1.597197e+01 -9.113360e-03 
 1.597237e+01 -9.065929e-03 
 1.597277e+01 -9.018207e-03 
 1.597317e+01 -8.970211e-03 
 1.597356e+01 -8.921951e-03 
 1.597396e+01 -8.873439e-03 
 1.597436e+01 -8.824687e-03 
 1.597476e+01 -8.775706e-03 
 1.597515e+01 -8.726504e-03 
 1.597555e+01 -8.677089e-03 
 1.597595e+01 -8.627474e-03 
 1.597635e+01 -8.577666e-03 
 1.597675e+01 -8.527673e-03 
 1.597714e+01 -8.477512e-03 
 1.597754e+01 -8.427201e-03 
 1.597794e+01 -8.376760e-03 
 1.597834e+01 -8.326206e-03 
 1.597873e+01 -8.275561e-03 
 1.597913e+01 -8.224833e-03 
 1.597953e+01 -8.174039e-03 
 1.597993e+01 -8.123192e-03 
 1.598033e+01 -8.072305e-03 
 1.598072e+01 -8.021398e-03 
 1.598112e+01 -7.970480e-03 
 1.598152e+01 -7.919574e-03 
 1.598192e+01 -7.868692e-03 
 1.598231e+01 -7.817855e-03 
 1.598271e+01 -7.767087e-03 
 1.598311e+01 -7.716408e-03 
 1.598351e+01 -7.665816e-03 
 1.598390e+01 -7.615313e-03 
 1.598430e+01 -7.564911e-03 
 1.598470e+01 -7.514603e-03 
 1.598510e+01 -7.464399e-03 
 1.598550e+01 -7.414307e-03 
 1.598589e+01 -7.364333e-03 
 1.598629e+01 -7.314486e-03 
 1.598669e+01 -7.264783e-03 
 1.598709e+01 -7.215249e-03 
 1.598748e+01 -7.165906e-03 
 1.598788e+01 -7.116772e-03 
 1.598828e+01 -7.067873e-03 
 1.598868e+01 -7.019237e-03 
 1.598907e+01 -6.970879e-03 
 1.598947e+01 -6.922812e-03 
 1.598987e+01 -6.875057e-03 
 1.599027e+01 -6.827630e-03 
 1.599067e+01 -6.780547e-03 
 1.599106e+01 -6.733815e-03 
 1.599146e+01 -6.687448e-03 
 1.599186e+01 -6.641445e-03 
 1.599226e+01 -6.595802e-03 
 1.599265e+01 -6.550543e-03 
 1.599305e+01 -6.505672e-03 
 1.599345e+01 -6.461191e-03 
 1.599385e+01 -6.417104e-03 
 1.599424e+01 -6.373415e-03 
 1.599464e+01 -6.330131e-03 
 1.599504e+01 -6.287264e-03 
 1.599544e+01 -6.244835e-03 
 1.599584e+01 -6.202859e-03 
 1.599623e+01 -6.161348e-03 
 1.599663e+01 -6.120312e-03 
 1.599703e+01 -6.079764e-03 
 1.599743e+01 -6.039706e-03 
 1.599782e+01 -6.000147e-03 
 1.599822e+01 -5.961106e-03 
 1.599862e+01 -5.922575e-03 
 1.599902e+01 -5.884565e-03 
 1.599941e+01 -5.847093e-03 
 1.599981e+01 -5.810161e-03 
 1.600021e+01 -5.773794e-03 
 1.600061e+01 -5.738003e-03 
 1.600101e+01 -5.702796e-03 
 1.600140e+01 -5.668162e-03 
 1.600180e+01 -5.634105e-03 
 1.600220e+01 -5.600617e-03 
 1.600260e+01 -5.567710e-03 
 1.600299e+01 -5.535395e-03 
 1.600339e+01 -5.503671e-03 
 1.600379e+01 -5.472547e-03 
 1.600419e+01 -5.442032e-03 
 1.600458e+01 -5.412127e-03 
 1.600498e+01 -5.382858e-03 
 1.600538e+01 -5.354238e-03 
 1.600578e+01 -5.326285e-03 
 1.600618e+01 -5.299012e-03 
 1.600657e+01 -5.272432e-03 
 1.600697e+01 -5.246552e-03 
 1.600737e+01 -5.221368e-03 
 1.600777e+01 -5.196882e-03 
 1.600816e+01 -5.173090e-03 
 1.600856e+01 -5.149991e-03 
 1.600896e+01 -5.127584e-03 
 1.600936e+01 -5.105866e-03 
 1.600975e+01 -5.084831e-03 
 1.601015e+01 -5.064485e-03 
 1.601055e+01 -5.044823e-03 
 1.601095e+01 -5.025851e-03 
 1.601135e+01 -5.007556e-03 
 1.601174e+01 -4.989929e-03 
 1.601214e+01 -4.972955e-03 
 1.601254e+01 -4.956622e-03 
 1.601294e+01 -4.940932e-03 
 1.601333e+01 -4.925883e-03 
 1.601373e+01 -4.911466e-03 
 1.601413e+01 -4.897673e-03 
 1.601453e+01 -4.884502e-03 
 1.601492e+01 -4.871954e-03 
 1.601532e+01 -4.860023e-03 
 1.601572e+01 -4.848712e-03 
 1.601612e+01 -4.838007e-03 
 1.601652e+01 -4.827904e-03 
 1.601691e+01 -4.818387e-03 
 1.601731e+01 -4.809447e-03 
 1.601771e+01 -4.801068e-03 
 1.601811e+01 -4.793239e-03 
 1.601850e+01 -4.785939e-03 
 1.601890e+01 -4.779139e-03 
 1.601930e+01 -4.772825e-03 
 1.601970e+01 -4.766977e-03 
 1.602009e+01 -4.761572e-03 
 1.602049e+01 -4.756591e-03 
 1.602089e+01 -4.752005e-03 
 1.602129e+01 -4.747806e-03 
 1.602169e+01 -4.743992e-03 
 1.602208e+01 -4.740545e-03 
 1.602248e+01 -4.737466e-03 
 1.602288e+01 -4.734743e-03 
 1.602328e+01 -4.732356e-03 
 1.602367e+01 -4.730303e-03 
 1.602407e+01 -4.728575e-03 
 1.602447e+01 -4.727163e-03 
 1.602487e+01 -4.726041e-03 
 1.602526e+01 -4.725181e-03 
 1.602566e+01 -4.724564e-03 
 1.602606e+01 -4.724165e-03 
 1.602646e+01 -4.723960e-03 
 1.602686e+01 -4.723926e-03 
 1.602725e+01 -4.724039e-03 
 1.602765e+01 -4.724272e-03 
 1.602805e+01 -4.724606e-03 
 1.602845e+01 -4.725024e-03 
 1.602884e+01 -4.725511e-03 
 1.602924e+01 -4.726056e-03 
 1.602964e+01 -4.726635e-03 
 1.603004e+01 -4.727233e-03 
 1.603043e+01 -4.727823e-03 
 1.603083e+01 -4.728391e-03 
 1.603123e+01 -4.728917e-03 
 1.603163e+01 -4.729383e-03 
 1.603203e+01 -4.729776e-03 
 1.603242e+01 -4.730082e-03 
 1.603282e+01 -4.730277e-03 
 1.603322e+01 -4.730352e-03 
 1.603362e+01 -4.730278e-03 
 1.603401e+01 -4.730043e-03 
 1.603441e+01 -4.729626e-03 
 1.603481e+01 -4.729005e-03 
 1.603521e+01 -4.728148e-03 
 1.603560e+01 -4.727017e-03 
 1.603600e+01 -4.725575e-03 
 1.603640e+01 -4.723793e-03 
 1.603680e+01 -4.721653e-03 
 1.603720e+01 -4.719137e-03 
 1.603759e+01 -4.716208e-03 
 1.603799e+01 -4.712854e-03 
 1.603839e+01 -4.709053e-03 
 1.603879e+01 -4.704787e-03 
 1.603918e+01 -4.700046e-03 
 1.603958e+01 -4.694807e-03 
 1.603998e+01 -4.689055e-03 
 1.604038e+01 -4.682776e-03 
 1.604077e+01 -4.675954e-03 
 1.604117e+01 -4.668586e-03 
 1.604157e+01 -4.660667e-03 
 1.604197e+01 -4.652212e-03 
 1.604237e+01 -4.643195e-03 
 1.604276e+01 -4.633621e-03 
 1.604316e+01 -4.623477e-03 
 1.604356e+01 -4.612748e-03 
 1.604396e+01 -4.601438e-03 
 1.604435e+01 -4.589539e-03 
 1.604475e+01 -4.577057e-03 
 1.604515e+01 -4.563982e-03 
 1.604555e+01 -4.550296e-03 
 1.604594e+01 -4.536003e-03 
 1.604634e+01 -4.521085e-03 
 1.604674e+01 -4.505544e-03 
 1.604714e+01 -4.489368e-03 
 1.604754e+01 -4.472561e-03 
 1.604793e+01 -4.455117e-03 
 1.604833e+01 -4.437038e-03 
 1.604873e+01 -4.418328e-03 
 1.604913e+01 -4.398984e-03 
 1.604952e+01 -4.379006e-03 
 1.604992e+01 -4.358395e-03 
 1.605032e+01 -4.337149e-03 
 1.605072e+01 -4.315284e-03 
 1.605111e+01 -4.292789e-03 
 1.605151e+01 -4.269661e-03 
 1.605191e+01 -4.245903e-03 
 1.605231e+01 -4.221500e-03 
 1.605271e+01 -4.196445e-03 
 1.605310e+01 -4.170720e-03 
 1.605350e+01 -4.144302e-03 
 1.605390e+01 -4.117179e-03 
 1.605430e+01 -4.089343e-03 
 1.605469e+01 -4.060795e-03 
 1.605509e+01 -4.031544e-03 
 1.605549e+01 -4.001594e-03 
 1.605589e+01 -3.970950e-03 
 1.605628e+01 -3.939616e-03 
 1.605668e+01 -3.907618e-03 
 1.605708e+01 -3.874974e-03 
 1.605748e+01 -3.841695e-03 
 1.605788e+01 -3.807788e-03 
 1.605827e+01 -3.773258e-03 
 1.605867e+01 -3.738129e-03 
 1.605907e+01 -3.702414e-03 
 1.605947e+01 -3.666108e-03 
 1.605986e+01 -3.629223e-03 
 1.606026e+01 -3.591771e-03 
 1.606066e+01 -3.553767e-03 
 1.606106e+01 -3.515224e-03 
 1.606145e+01 -3.476162e-03 
 1.606185e+01 -3.436588e-03 
 1.606225e+01 -3.396506e-03 
 1.606265e+01 -3.355926e-03 
 1.606305e+01 -3.314859e-03 
 1.606344e+01 -3.273320e-03 
 1.606384e+01 -3.231307e-03 
 1.606424e+01 -3.188820e-03 
 1.606464e+01 -3.145865e-03 
 1.606503e+01 -3.102456e-03 
 1.606543e+01 -3.058604e-03 
 1.606583e+01 -3.014333e-03 
 1.606623e+01 -2.969649e-03 
 1.606662e+01 -2.924563e-03 
 1.606702e+01 -2.879089e-03 
 1.606742e+01 -2.833232e-03 
 1.606782e+01 -2.787015e-03 
 1.606822e+01 -2.740447e-03 
 1.606861e+01 -2.693532e-03 
 1.606901e+01 -2.646282e-03 
 1.606941e+01 -2.598704e-03 
 1.606981e+01 -2.550811e-03 
 1.607020e+01 -2.502607e-03 
 1.607060e+01 -2.454097e-03 
 1.607100e+01 -2.405281e-03 
 1.607140e+01 -2.356163e-03 
 1.607180e+01 -2.306740e-03 
 1.607219e+01 -2.257021e-03 
 1.607259e+01 -2.207022e-03 
 1.607299e+01 -2.156765e-03 
 1.607339e+01 -2.106270e-03 
 1.607378e+01 -2.055554e-03 
 1.607418e+01 -2.004638e-03 
 1.607458e+01 -1.953538e-03 
 1.607498e+01 -1.902266e-03 
 1.607537e+01 -1.850847e-03 
 1.607577e+01 -1.799308e-03 
 1.607617e+01 -1.747668e-03 
 1.607657e+01 -1.695948e-03 
 1.607697e+01 -1.644162e-03 
 1.607736e+01 -1.592330e-03 
 1.607776e+01 -1.540460e-03 
 1.607816e+01 -1.488564e-03 
 1.607856e+01 -1.436659e-03 
 1.607895e+01 -1.384750e-03 
 1.607935e+01 -1.332850e-03 
 1.607975e+01 -1.280962e-03 
 1.608015e+01 -1.229097e-03 
 1.608054e+01 -1.177277e-03 
 1.608094e+01 -1.125515e-03 
 1.608134e+01 -1.073813e-03 
 1.608174e+01 -1.022181e-03 
 1.608214e+01 -9.706342e-04 
 1.608253e+01 -9.191933e-04 
 1.608293e+01 -8.678809e-04 
 1.608333e+01 -8.167241e-04 
 1.608373e+01 -7.657470e-04 
 1.608412e+01 -7.149746e-04 
 1.608452e+01 -6.644288e-04 
 1.608492e+01 -6.141336e-04 
 1.608532e+01 -5.641205e-04 
 1.608571e+01 -5.144068e-04 
 1.608611e+01 -4.650055e-04 
 1.608651e+01 -4.159234e-04 
 1.608691e+01 -3.671807e-04 
 1.608731e+01 -3.187787e-04 
 1.608770e+01 -2.707211e-04 
 1.608810e+01 -2.230167e-04 
 1.608850e+01 -1.756857e-04 
 1.608890e+01 -1.287307e-04 
 1.608929e+01 -8.216055e-05 
 1.608969e+01 -3.599966e-05 
 1.609009e+01  9.728714e-06 
 1.609049e+01  5.500562e-05 
 1.609088e+01  9.982426e-05 
 1.609128e+01  1.441723e-04 
 1.609168e+01  1.880387e-04 
 1.609208e+01  2.314123e-04 
 1.609248e+01  2.742749e-04 
 1.609287e+01  3.166112e-04 
 1.609327e+01  3.583969e-04 
 1.609367e+01  3.996263e-04 
 1.609407e+01  4.402880e-04 
 1.609446e+01  4.803644e-04 
 1.609486e+01  5.198467e-04 
 1.609526e+01  5.587223e-04 
 1.609566e+01  5.969800e-04 
 1.609605e+01  6.346198e-04 
 1.609645e+01  6.716141e-04 
 1.609685e+01  7.079591e-04 
 1.609725e+01  7.436506e-04 
 1.609765e+01  7.786710e-04 
 1.609804e+01  8.130051e-04 
 1.609844e+01  8.466578e-04 
 1.609884e+01  8.795958e-04 
 1.609924e+01  9.118219e-04 
 1.609963e+01  9.433124e-04 
 1.610003e+01  9.740626e-04 
 1.610043e+01  1.004047e-03 
 1.610083e+01  1.033242e-03 
 1.610122e+01  1.061643e-03 
 1.610162e+01  1.089232e-03 
 1.610202e+01  1.115994e-03 
 1.610242e+01  1.141915e-03 
 1.610282e+01  1.166972e-03 
 1.610321e+01  1.191163e-03 
 1.610361e+01  1.214494e-03 
 1.610401e+01  1.236959e-03 
 1.610441e+01  1.258563e-03 
 1.610480e+01  1.279310e-03 
 1.610520e+01  1.299212e-03 
 1.610560e+01  1.318275e-03 
 1.610600e+01  1.336509e-03 
 1.610639e+01  1.353930e-03 
 1.610679e+01  1.370537e-03 
 1.610719e+01  1.386340e-03 
 1.610759e+01  1.401349e-03 
 1.610799e+01  1.415565e-03 
 1.610838e+01  1.428996e-03 
 1.610878e+01  1.441636e-03 
 1.610918e+01  1.453491e-03 
 1.610958e+01  1.464572e-03 
 1.610997e+01  1.474893e-03 
 1.611037e+01  1.484456e-03 
 1.611077e+01  1.493269e-03 
 1.611117e+01  1.501344e-03 
 1.611156e+01  1.508682e-03 
 1.611196e+01  1.515286e-03 
 1.611236e+01  1.521157e-03 
 1.611276e+01  1.526303e-03 
 1.611316e+01  1.530730e-03 
 1.611355e+01  1.534470e-03 
 1.611395e+01  1.537533e-03 
 1.611435e+01  1.539928e-03 
 1.611475e+01  1.541677e-03 
 1.611514e+01  1.542785e-03 
 1.611554e+01  1.543278e-03 
 1.611594e+01  1.543173e-03 
 1.611634e+01  1.542460e-03 
 1.611673e+01  1.541143e-03 
 1.611713e+01  1.539223e-03 
 1.611753e+01  1.536705e-03 
 1.611793e+01  1.533600e-03 
 1.611833e+01  1.529911e-03 
 1.611872e+01  1.525648e-03 
 1.611912e+01  1.520815e-03 
 1.611952e+01  1.515435e-03 
 1.611992e+01  1.509531e-03 
 1.612031e+01  1.503126e-03 
 1.612071e+01  1.496237e-03 
 1.612111e+01  1.488884e-03 
 1.612151e+01  1.481084e-03 
 1.612190e+01  1.472863e-03 
 1.612230e+01  1.464251e-03 
 1.612270e+01  1.455279e-03 
 1.612310e+01  1.445987e-03 
 1.612350e+01  1.436409e-03 
 1.612389e+01  1.426564e-03 
 1.612429e+01  1.416479e-03 
 1.612469e+01  1.406157e-03 
 1.612509e+01  1.395622e-03 
 1.612548e+01  1.384898e-03 
 1.612588e+01  1.374008e-03 
 1.612628e+01  1.362976e-03 
 1.612668e+01  1.351815e-03 
 1.612707e+01  1.340547e-03 
 1.612747e+01  1.329192e-03 
 1.612787e+01  1.317766e-03 
 1.612827e+01  1.306288e-03 
 1.612867e+01  1.294779e-03 
 1.612906e+01  1.283245e-03 
 1.612946e+01  1.271699e-03 
 1.612986e+01  1.260157e-03 
 1.613026e+01  1.248645e-03 
 1.613065e+01  1.237176e-03 
 1.613105e+01  1.225771e-03 
 1.613145e+01  1.214453e-03 
 1.613185e+01  1.203243e-03 
 1.613224e+01  1.192160e-03 
 1.613264e+01  1.181223e-03 
 1.613304e+01  1.170467e-03 
 1.613344e+01  1.159914e-03 
 1.613384e+01  1.149584e-03 
 1.613423e+01  1.139488e-03 
 1.613463e+01  1.129641e-03 
 1.613503e+01  1.120054e-03 
 1.613543e+01  1.110731e-03 
 1.613582e+01  1.101686e-03 
 1.613622e+01  1.092935e-03 
 1.613662e+01  1.084479e-03 
 1.613702e+01  1.076323e-03 
 1.613741e+01  1.068499e-03 
 1.613781e+01  1.061022e-03 
 1.613821e+01  1.053916e-03 
 1.613861e+01  1.047192e-03 
 1.613901e+01  1.040875e-03 
 1.613940e+01  1.034977e-03 
 1.613980e+01  1.029509e-03 
 1.614020e+01  1.024489e-03 
 1.614060e+01  1.019928e-03 
 1.614099e+01  1.015841e-03 
 1.614139e+01  1.012244e-03 
 1.614179e+01  1.009141e-03 
 1.614219e+01  1.006552e-03 
 1.614258e+01  1.004475e-03 
 1.614298e+01  1.002908e-03 
 1.614338e+01  1.001872e-03 
 1.614378e+01  1.001368e-03 
 1.614418e+01  1.001391e-03 
 1.614457e+01  1.001939e-03 
 1.614497e+01  1.003012e-03 
 1.614537e+01  1.004613e-03 
 1.614577e+01  1.006727e-03 
 1.614616e+01  1.009367e-03 
 1.614656e+01  1.012536e-03 
 1.614696e+01  1.016244e-03 
 1.614736e+01  1.020505e-03 
 1.614775e+01  1.025329e-03 
 1.614815e+01  1.030713e-03 
 1.614855e+01  1.036673e-03 
 1.614895e+01  1.043210e-03 
 1.614935e+01  1.050333e-03 
 1.614974e+01  1.058052e-03 
 1.615014e+01  1.066371e-03 
 1.615054e+01  1.075290e-03 
 1.615094e+01  1.084811e-03 
 1.615133e+01  1.094936e-03 
 1.615173e+01  1.105667e-03 
 1.615213e+01  1.116995e-03 
 1.615253e+01  1.128912e-03 
 1.615292e+01  1.141399e-03 
 1.615332e+01  1.154438e-03 
 1.615372e+01  1.168030e-03 
 1.615412e+01  1.182161e-03 
 1.615452e+01  1.196825e-03 
 1.615491e+01  1.212022e-03 
 1.615531e+01  1.227748e-03 
 1.615571e+01  1.243992e-03 
 1.615611e+01  1.260752e-03 
 1.615650e+01  1.278015e-03 
 1.615690e+01  1.295788e-03 
 1.615730e+01  1.314068e-03 
 1.615770e+01  1.332843e-03 
 1.615809e+01  1.352098e-03 
 1.615849e+01  1.371826e-03 
 1.615889e+01  1.392021e-03 
 1.615929e+01  1.412687e-03 
 1.615969e+01  1.433818e-03 
 1.616008e+01  1.455407e-03 
 1.616048e+01  1.477440e-03 
 1.616088e+01  1.499909e-03 
 1.616128e+01  1.522823e-03 
 1.616167e+01  1.546185e-03 
 1.616207e+01  1.569985e-03 
 1.616247e+01  1.594217e-03 
 1.616287e+01  1.618868e-03 
 1.616327e+01  1.643925e-03 
 1.616366e+01  1.669379e-03 
 1.616406e+01  1.695222e-03 
 1.616446e+01  1.721451e-03 
 1.616486e+01  1.748072e-03 
 1.616525e+01  1.775091e-03 
 1.616565e+01  1.802508e-03 
 1.616605e+01  1.830337e-03 
 1.616645e+01  1.858576e-03 
 1.616684e+01  1.887227e-03 
 1.616724e+01  1.916291e-03 
 1.616764e+01  1.945746e-03 
 1.616804e+01  1.975577e-03 
 1.616844e+01  2.005767e-03 
 1.616883e+01  2.036299e-03 
 1.616923e+01  2.067154e-03 
 1.616963e+01  2.098318e-03 
 1.617003e+01  2.129766e-03 
 1.617042e+01  2.161473e-03 
 1.617082e+01  2.193407e-03 
 1.617122e+01  2.225543e-03 
 1.617162e+01  2.257857e-03 
 1.617201e+01  2.290326e-03 
 1.617241e+01  2.322927e-03 
 1.617281e+01  2.355634e-03 
 1.617321e+01  2.388422e-03 
 1.617361e+01  2.421280e-03 
 1.617400e+01  2.454189e-03 
 1.617440e+01  2.487143e-03 
 1.617480e+01  2.520132e-03 
 1.617520e+01  2.553137e-03 
 1.617559e+01  2.586155e-03 
 1.617599e+01  2.619165e-03 
 1.617639e+01  2.652146e-03 
 1.617679e+01  2.685079e-03 
 1.617718e+01  2.717945e-03 
 1.617758e+01  2.750719e-03 
 1.617798e+01  2.783387e-03 
 1.617838e+01  2.815935e-03 
 1.617878e+01  2.848346e-03 
 1.617917e+01  2.880604e-03 
 1.617957e+01  2.912697e-03 
 1.617997e+01  2.944600e-03 
 1.618037e+01  2.976292e-03 
 1.618076e+01  3.007757e-03 
 1.618116e+01  3.038981e-03 
 1.618156e+01  3.069951e-03 
 1.618196e+01  3.100650e-03 
 1.618235e+01  3.131077e-03 
 1.618275e+01  3.161219e-03 
 1.618315e+01  3.191067e-03 
 1.618355e+01  3.220613e-03 
 1.618395e+01  3.249842e-03 
 1.618434e+01  3.278751e-03 
 1.618474e+01  3.307307e-03 
 1.618514e+01  3.335502e-03 
 1.618554e+01  3.363321e-03 
 1.618593e+01  3.390731e-03 
 1.618633e+01  3.417693e-03 
 1.618673e+01  3.444184e-03 
 1.618713e+01  3.470198e-03 
 1.618752e+01  3.495692e-03 
 1.618792e+01  3.520663e-03 
 1.618832e+01  3.545093e-03 
 1.618872e+01  3.568958e-03 
 1.618912e+01  3.592245e-03 
 1.618951e+01  3.614945e-03 
 1.618991e+01  3.637026e-03 
 1.619031e+01  3.658476e-03 
 1.619071e+01  3.679269e-03 
 1.619110e+01  3.699398e-03 
 1.619150e+01  3.718821e-03 
 1.619190e+01  3.737554e-03 
 1.619230e+01  3.755559e-03 
 1.619269e+01  3.772847e-03 
 1.619309e+01  3.789394e-03 
 1.619349e+01  3.805225e-03 
 1.619389e+01  3.820312e-03 
 1.619429e+01  3.834647e-03 
 1.619468e+01  3.848227e-03 
 1.619508e+01  3.861019e-03 
 1.619548e+01  3.873027e-03 
 1.619588e+01  3.884231e-03 
 1.619627e+01  3.894619e-03 
 1.619667e+01  3.904170e-03 
 1.619707e+01  3.912868e-03 
 1.619747e+01  3.920704e-03 
 1.619786e+01  3.927666e-03 
 1.619826e+01  3.933749e-03 
 1.619866e+01  3.938956e-03 
 1.619906e+01  3.943280e-03 
 1.619946e+01  3.946720e-03 
 1.619985e+01  3.949282e-03 
 1.620025e+01  3.950969e-03 
 1.620065e+01  3.951795e-03 
 1.620105e+01  3.951773e-03 
 1.620144e+01  3.950897e-03 
 1.620184e+01  3.949169e-03 
 1.620224e+01  3.946584e-03 
 1.620264e+01  3.943149e-03 
 1.620303e+01  3.938867e-03 
 1.620343e+01  3.933741e-03 
 1.620383e+01  3.927762e-03 
 1.620423e+01  3.920933e-03 
 1.620463e+01  3.913250e-03 
 1.620502e+01  3.904699e-03 
 1.620542e+01  3.895281e-03 
 1.620582e+01  3.884998e-03 
 1.620622e+01  3.873847e-03 
 1.620661e+01  3.861848e-03 
 1.620701e+01  3.849012e-03 
 1.620741e+01  3.835342e-03 
 1.620781e+01  3.820843e-03 
 1.620820e+01  3.805523e-03 
 1.620860e+01  3.789405e-03 
 1.620900e+01  3.772483e-03 
 1.620940e+01  3.754764e-03 
 1.620980e+01  3.736257e-03 
 1.621019e+01  3.716969e-03 
 1.621059e+01  3.696922e-03 
 1.621099e+01  3.676137e-03 
 1.621139e+01  3.654614e-03 
 1.621178e+01  3.632367e-03 
 1.621218e+01  3.609401e-03 
 1.621258e+01  3.585733e-03 
 1.621298e+01  3.561372e-03 
 1.621337e+01  3.536329e-03 
 1.621377e+01  3.510607e-03 
 1.621417e+01  3.484208e-03 
 1.621457e+01  3.457145e-03 
 1.621497e+01  3.429429e-03 
 1.621536e+01  3.401077e-03 
 1.621576e+01  3.372101e-03 
 1.621616e+01  3.342535e-03 
 1.621656e+01  3.312395e-03 
 1.621695e+01  3.281716e-03 
 1.621735e+01  3.250524e-03 
 1.621775e+01  3.218834e-03 
 1.621815e+01  3.186669e-03 
 1.621854e+01  3.154049e-03 
 1.621894e+01  3.120991e-03 
 1.621934e+01  3.087520e-03 
 1.621974e+01  3.053642e-03 
 1.622014e+01  3.019389e-03 
 1.622053e+01  2.984782e-03 
 1.622093e+01  2.949844e-03 
 1.622133e+01  2.914593e-03 
 1.622173e+01  2.879044e-03 
 1.622212e+01  2.843215e-03 
 1.622252e+01  2.807110e-03 
 1.622292e+01  2.770744e-03 
 1.622332e+01  2.734126e-03 
 1.622371e+01  2.697254e-03 
 1.622411e+01  2.660139e-03 
 1.622451e+01  2.622801e-03 
 1.622491e+01  2.585252e-03 
 1.622531e+01  2.547491e-03 
 1.622570e+01  2.509535e-03 
 1.622610e+01  2.471399e-03 
 1.622650e+01  2.433098e-03 
 1.622690e+01  2.394658e-03 
 1.622729e+01  2.356098e-03 
 1.622769e+01  2.317427e-03 
 1.622809e+01  2.278667e-03 
 1.622849e+01  2.239824e-03 
 1.622888e+01  2.200929e-03 
 1.622928e+01  2.161994e-03 
 1.622968e+01  2.123025e-03 
 1.623008e+01  2.084041e-03 
 1.623048e+01  2.045046e-03 
 1.623087e+01  2.006070e-03 
 1.623127e+01  1.967112e-03 
 1.623167e+01  1.928184e-03 
 1.623207e+01  1.889301e-03 
 1.623246e+01  1.850478e-03 
 1.623286e+01  1.811737e-03 
 1.623326e+01  1.773101e-03 
 1.623366e+01  1.734586e-03 
 1.623405e+01  1.696216e-03 
 1.623445e+01  1.658030e-03 
 1.623485e+01  1.620060e-03 
 1.623525e+01  1.582338e-03 
 1.623565e+01  1.544895e-03 
 1.623604e+01  1.507752e-03 
 1.623644e+01  1.470929e-03 
 1.623684e+01  1.434450e-03 
 1.623724e+01  1.398333e-03 
 1.623763e+01  1.362600e-03 
 1.623803e+01  1.327257e-03 
 1.623843e+01  1.292327e-03 
 1.623883e+01  1.257830e-03 
 1.623922e+01  1.223781e-03 
 1.623962e+01  1.190191e-03 
 1.624002e+01  1.157068e-03 
 1.624042e+01  1.124413e-03 
 1.624082e+01  1.092230e-03 
 1.624121e+01  1.060510e-03 
 1.624161e+01  1.029268e-03 
 1.624201e+01  9.984947e-04 
 1.624241e+01  9.682040e-04 
 1.624280e+01  9.383963e-04 
 1.624320e+01  9.090787e-04 
 1.624360e+01  8.802521e-04 
 1.624400e+01  8.519348e-04 
 1.624439e+01  8.241326e-04 
 1.624479e+01  7.968700e-04 
 1.624519e+01  7.701444e-04 
 1.624559e+01  7.439489e-04 
 1.624599e+01  7.182724e-04 
 1.624638e+01  6.931137e-04 
 1.624678e+01  6.684630e-04 
 1.624718e+01  6.443061e-04 
 1.624758e+01  6.206391e-04 
 1.624797e+01  5.974567e-04 
 1.624837e+01  5.747521e-04 
 1.624877e+01  5.525309e-04 
 1.624917e+01  5.307878e-04 
 1.624956e+01  5.095240e-04 
 1.624996e+01  4.887379e-04 
 1.625036e+01  4.684442e-04 
 1.625076e+01  4.486393e-04 
 1.625116e+01  4.293342e-04 
 1.625155e+01  4.105396e-04 
 1.625195e+01  3.922595e-04 
 1.625235e+01  3.745106e-04 
 1.625275e+01  3.573019e-04 
 1.625314e+01  3.406327e-04 
 1.625354e+01  3.245065e-04 
 1.625394e+01  3.089258e-04 
 1.625434e+01  2.938961e-04 
 1.625474e+01  2.794248e-04 
 1.625513e+01  2.655114e-04 
 1.625553e+01  2.521590e-04 
 1.625593e+01  2.393630e-04 
 1.625633e+01  2.271221e-04 
 1.625672e+01  2.154353e-04 
 1.625712e+01  2.042934e-04 
 1.625752e+01  1.936829e-04 
 1.625792e+01  1.836095e-04 
 1.625831e+01  1.740601e-04 
 1.625871e+01  1.650325e-04 
 1.625911e+01  1.565178e-04 
 1.625951e+01  1.485231e-04 
 1.625991e+01  1.410418e-04 
 1.626030e+01  1.340630e-04 
 1.626070e+01  1.275890e-04 
 1.626110e+01  1.216129e-04 
 1.626150e+01  1.161301e-04 
 1.626189e+01  1.111394e-04 
 1.626229e+01  1.066531e-04 
 1.626269e+01  1.026750e-04 
 1.626309e+01  9.920009e-05 
 1.626348e+01  9.622316e-05 
 1.626388e+01  9.373645e-05 
 1.626428e+01  9.172538e-05 
 1.626468e+01  9.017283e-05 
 1.626508e+01  8.905348e-05 
 1.626547e+01  8.834199e-05 
 1.626587e+01  8.802400e-05 
 1.626627e+01  8.808311e-05 
 1.626667e+01  8.850927e-05 
 1.626706e+01  8.928255e-05 
 1.626746e+01  9.038406e-05 
 1.626786e+01  9.180605e-05 
 1.626826e+01  9.352789e-05 
 1.626865e+01  9.554910e-05 
 1.626905e+01  9.785429e-05 
 1.626945e+01  1.004298e-04 
 1.626985e+01  1.032590e-04 
 1.627025e+01  1.063285e-04 
 1.627064e+01  1.096246e-04 
 1.627104e+01  1.131363e-04 
 1.627144e+01  1.168451e-04 
 1.627184e+01  1.207307e-04 
 1.627223e+01  1.247802e-04 
 1.627263e+01  1.289743e-04 
 1.627303e+01  1.332968e-04 
 1.627343e+01  1.377254e-04 
 1.627382e+01  1.422315e-04 
 1.627422e+01  1.467839e-04 
 1.627462e+01  1.513476e-04 
 1.627502e+01  1.558905e-04 
 1.627542e+01  1.603873e-04 
 1.627581e+01  1.648172e-04 
 1.627621e+01  1.691658e-04 
 1.627661e+01  1.734202e-04 
 1.627701e+01  1.775668e-04 
 1.627740e+01  1.815919e-04 
 1.627780e+01  1.854843e-04 
 1.627820e+01  1.892326e-04 
 1.627860e+01  1.928214e-04 
 1.627899e+01  1.962398e-04 
 1.627939e+01  1.994688e-04 
 1.627979e+01  2.024859e-04 
 1.628019e+01  2.052751e-04 
 1.628059e+01  2.078110e-04 
 1.628098e+01  2.100770e-04 
 1.628138e+01  2.120471e-04 
 1.628178e+01  2.136958e-04 
 1.628218e+01  2.150012e-04 
 1.628257e+01  2.159343e-04 
 1.628297e+01  2.164654e-04 
 1.628337e+01  2.165860e-04 
 1.628377e+01  2.162697e-04 
 1.628416e+01  2.154908e-04 
 1.628456e+01  2.142362e-04 
 1.628496e+01  2.124977e-04 
 1.628536e+01  2.102288e-04 
 1.628576e+01  2.074315e-04 
 1.628615e+01  2.040975e-04 
 1.628655e+01  2.002124e-04 
 1.628695e+01  1.957526e-04 
 1.628735e+01  1.907255e-04 
 1.628774e+01  1.851100e-04 
 1.628814e+01  1.788828e-04 
 1.628854e+01  1.720384e-04 
 1.628894e+01  1.645668e-04 
 1.628933e+01  1.564413e-04 
 1.628973e+01  1.476589e-04 
 1.629013e+01  1.382183e-04 
 1.629053e+01  1.281153e-04 
 1.629093e+01  1.173571e-04 
 1.629132e+01  1.059106e-04 
 1.629172e+01  9.378697e-05 
 1.629212e+01  8.095864e-05 
 1.629252e+01  6.742692e-05 
 1.629291e+01  5.316849e-05 
 1.629331e+01  3.816796e-05 
 1.629371e+01  2.241725e-05 
 1.629411e+01  5.912316e-06 
 1.629450e+01 -1.134576e-05 
 1.629490e+01 -2.934413e-05 
 1.629530e+01 -4.807344e-05 
 1.629570e+01 -6.753039e-05 
 1.629610e+01 -8.771263e-05 
 1.629649e+01 -1.086248e-04 
 1.629689e+01 -1.302767e-04 
 1.629729e+01 -1.526662e-04 
 1.629769e+01 -1.758082e-04 
 1.629808e+01 -1.997194e-04 
 1.629848e+01 -2.244111e-04 
 1.629888e+01 -2.498858e-04 
 1.629928e+01 -2.761606e-04 
 1.629967e+01 -3.032364e-04 
 1.630007e+01 -3.311220e-04 
 1.630047e+01 -3.598260e-04 
 1.630087e+01 -3.893714e-04 
 1.630127e+01 -4.197755e-04 
 1.630166e+01 -4.510435e-04 
 1.630206e+01 -4.831910e-04 
 1.630246e+01 -5.162219e-04 
 1.630286e+01 -5.501411e-04 
 1.630325e+01 -5.849422e-04 
 1.630365e+01 -6.206132e-04 
 1.630405e+01 -6.571615e-04 
 1.630445e+01 -6.945790e-04 
 1.630484e+01 -7.328505e-04 
 1.630524e+01 -7.719686e-04 
 1.630564e+01 -8.119105e-04 
 1.630604e+01 -8.526633e-04 
 1.630644e+01 -8.942186e-04 
 1.630683e+01 -9.365755e-04 
 1.630723e+01 -9.797155e-04 
 1.630763e+01 -1.023612e-03 
 1.630803e+01 -1.068256e-03 
 1.630842e+01 -1.113638e-03 
 1.630882e+01 -1.159751e-03 
 1.630922e+01 -1.206571e-03 
 1.630962e+01 -1.254092e-03 
 1.631001e+01 -1.302285e-03 
 1.631041e+01 -1.351133e-03 
 1.631081e+01 -1.400602e-03 
 1.631121e+01 -1.450677e-03 
 1.631161e+01 -1.501320e-03 
 1.631200e+01 -1.552513e-03 
 1.631240e+01 -1.604217e-03 
 1.631280e+01 -1.656410e-03 
 1.631320e+01 -1.709068e-03 
 1.631359e+01 -1.762168e-03 
 1.631399e+01 -1.815678e-03 
 1.631439e+01 -1.869580e-03 
 1.631479e+01 -1.923856e-03 
 1.631518e+01 -1.978487e-03 
 1.631558e+01 -2.033469e-03 
 1.631598e+01 -2.088791e-03 
 1.631638e+01 -2.144460e-03 
 1.631678e+01 -2.200476e-03 
 1.631717e+01 -2.256820e-03 
 1.631757e+01 -2.313484e-03 
 1.631797e+01 -2.370441e-03 
 1.631837e+01 -2.427694e-03 
 1.631876e+01 -2.485235e-03 
 1.631916e+01 -2.543035e-03 
 1.631956e+01 -2.601102e-03 
 1.631996e+01 -2.659417e-03 
 1.632035e+01 -2.717973e-03 
 1.632075e+01 -2.776763e-03 
 1.632115e+01 -2.835775e-03 
 1.632155e+01 -2.894995e-03 
 1.632195e+01 -2.954406e-03 
 1.632234e+01 -3.013987e-03 
 1.632274e+01 -3.073716e-03 
 1.632314e+01 -3.133573e-03 
 1.632354e+01 -3.193544e-03 
 1.632393e+01 -3.253605e-03 
 1.632433e+01 -3.313738e-03 
 1.632473e+01 -3.373926e-03 
 1.632513e+01 -3.434145e-03 
 1.632552e+01 -3.494374e-03 
 1.632592e+01 -3.554594e-03 
 1.632632e+01 -3.614800e-03 
 1.632672e+01 -3.674976e-03 
 1.632712e+01 -3.735089e-03 
 1.632751e+01 -3.795118e-03 
 1.632791e+01 -3.855042e-03 
 1.632831e+01 -3.914835e-03 
 1.632871e+01 -3.974498e-03 
 1.632910e+01 -4.034011e-03 
 1.632950e+01 -4.093358e-03 
 1.632990e+01 -4.152492e-03 
 1.633030e+01 -4.211390e-03 
 1.633069e+01 -4.270043e-03 
 1.633109e+01 -4.328414e-03 
 1.633149e+01 -4.386479e-03 
 1.633189e+01 -4.444205e-03 
 1.633229e+01 -4.501558e-03 
 1.633268e+01 -4.558515e-03 
 1.633308e+01 -4.615057e-03 
 1.633348e+01 -4.671161e-03 
 1.633388e+01 -4.726803e-03 
 1.633427e+01 -4.781972e-03 
 1.633467e+01 -4.836637e-03 
 1.633507e+01 -4.890773e-03 
 1.633547e+01 -4.944368e-03 
 1.633586e+01 -4.997402e-03 
 1.633626e+01 -5.049870e-03 
 1.633666e+01 -5.101735e-03 
 1.633706e+01 -5.152989e-03 
 1.633746e+01 -5.203616e-03 
 1.633785e+01 -5.253577e-03 
 1.633825e+01 -5.302874e-03 
 1.633865e+01 -5.351484e-03 
 1.633905e+01 -5.399369e-03 
 1.633944e+01 -5.446534e-03 
 1.633984e+01 -5.492955e-03 
 1.634024e+01 -5.538615e-03 
 1.634064e+01 -5.583478e-03 
 1.634103e+01 -5.627548e-03 
 1.634143e+01 -5.670826e-03 
 1.634183e+01 -5.713307e-03 
 1.634223e+01 -5.755000e-03 
 1.634263e+01 -5.795892e-03 
 1.634302e+01 -5.835982e-03 
 1.634342e+01 -5.875269e-03 
 1.634382e+01 -5.913744e-03 
 1.634422e+01 -5.951439e-03 
 1.634461e+01 -5.988369e-03 
 1.634501e+01 -6.024543e-03 
 1.634541e+01 -6.059945e-03 
 1.634581e+01 -6.094564e-03 
 1.634621e+01 -6.128394e-03 
 1.634660e+01 -6.161417e-03 
 1.634700e+01 -6.193625e-03 
 1.634740e+01 -6.225002e-03 
 1.634780e+01 -6.255522e-03 
 1.634819e+01 -6.285181e-03 
 1.634859e+01 -6.313973e-03 
 1.634899e+01 -6.341884e-03 
 1.634939e+01 -6.368919e-03 
 1.634978e+01 -6.395059e-03 
 1.635018e+01 -6.420305e-03 
 1.635058e+01 -6.444640e-03 
 1.635098e+01 -6.468072e-03 
 1.635138e+01 -6.490583e-03 
 1.635177e+01 -6.512171e-03 
 1.635217e+01 -6.532856e-03 
 1.635257e+01 -6.552615e-03 
 1.635297e+01 -6.571434e-03 
 1.635336e+01 -6.589314e-03 
 1.635376e+01 -6.606246e-03 
 1.635416e+01 -6.622225e-03 
 1.635456e+01 -6.637252e-03 
 1.635495e+01 -6.651331e-03 
 1.635535e+01 -6.664467e-03 
 1.635575e+01 -6.676652e-03 
 1.635615e+01 -6.687899e-03 
 1.635655e+01 -6.698189e-03 
 1.635694e+01 -6.707521e-03 
 1.635734e+01 -6.715913e-03 
 1.635774e+01 -6.723369e-03 
 1.635814e+01 -6.729885e-03 
 1.635853e+01 -6.735460e-03 
 1.635893e+01 -6.740105e-03 
 1.635933e+01 -6.743832e-03 
 1.635973e+01 -6.746630e-03 
 1.636012e+01 -6.748523e-03 
 1.636052e+01 -6.749512e-03 
 1.636092e+01 -6.749607e-03 
 1.636132e+01 -6.748814e-03 
 1.636172e+01 -6.747133e-03 
 1.636211e+01 -6.744588e-03 
 1.636251e+01 -6.741182e-03 
 1.636291e+01 -6.736913e-03 
 1.636331e+01 -6.731791e-03 
 1.636370e+01 -6.725827e-03 
 1.636410e+01 -6.719024e-03 
 1.636450e+01 -6.711390e-03 
 1.636490e+01 -6.702920e-03 
 1.636529e+01 -6.693611e-03 
 1.636569e+01 -6.683450e-03 
 1.636609e+01 -6.672423e-03 
 1.636649e+01 -6.660535e-03 
 1.636689e+01 -6.647786e-03 
 1.636728e+01 -6.634193e-03 
 1.636768e+01 -6.619774e-03 
 1.636808e+01 -6.604563e-03 
 1.636848e+01 -6.588572e-03 
 1.636887e+01 -6.571826e-03 
 1.636927e+01 -6.554351e-03 
 1.636967e+01 -6.536174e-03 
 1.637007e+01 -6.517319e-03 
 1.637046e+01 -6.497808e-03 
 1.637086e+01 -6.477693e-03 
 1.637126e+01 -6.457012e-03 
 1.637166e+01 -6.435790e-03 
 1.637206e+01 -6.414064e-03 
 1.637245e+01 -6.391875e-03 
 1.637285e+01 -6.369260e-03 
 1.637325e+01 -6.346245e-03 
 1.637365e+01 -6.322849e-03 
 1.637404e+01 -6.299107e-03 
 1.637444e+01 -6.275033e-03 
 1.637484e+01 -6.250654e-03 
 1.637524e+01 -6.226000e-03 
 1.637563e+01 -6.201089e-03 
 1.637603e+01 -6.175951e-03 
 1.637643e+01 -6.150617e-03 
 1.637683e+01 -6.125127e-03 
 1.637723e+01 -6.099514e-03 
 1.637762e+01 -6.073809e-03 
 1.637802e+01 -6.048042e-03 
 1.637842e+01 -6.022226e-03 
 1.637882e+01 -5.996378e-03 
 1.637921e+01 -5.970518e-03 
 1.637961e+01 -5.944673e-03 
 1.638001e+01 -5.918885e-03 
 1.638041e+01 -5.893166e-03 
 1.638080e+01 -5.867539e-03 
 1.638120e+01 -5.842027e-03 
 1.638160e+01 -5.816637e-03 
 1.638200e+01 -5.791388e-03 
 1.638240e+01 -5.766277e-03 
 1.638279e+01 -5.741310e-03 
 1.638319e+01 -5.716510e-03 
 1.638359e+01 -5.691879e-03 
 1.638399e+01 -5.667427e-03 
 1.638438e+01 -5.643183e-03 
 1.638478e+01 -5.619165e-03 
 1.638518e+01 -5.595405e-03 
 1.638558e+01 -5.571940e-03 
 1.638597e+01 -5.548786e-03 
 1.638637e+01 -5.525957e-03 
 1.638677e+01 -5.503486e-03 
 1.638717e+01 -5.481392e-03 
 1.638757e+01 -5.459695e-03 
 1.638796e+01 -5.438405e-03 
 1.638836e+01 -5.417543e-03 
 1.638876e+01 -5.397117e-03 
 1.638916e+01 -5.377129e-03 
 1.638955e+01 -5.357588e-03 
 1.638995e+01 -5.338520e-03 
 1.639035e+01 -5.319941e-03 
 1.639075e+01 -5.301859e-03 
 1.639114e+01 -5.284281e-03 
 1.639154e+01 -5.267175e-03 
 1.639194e+01 -5.250552e-03 
 1.639234e+01 -5.234423e-03 
 1.639274e+01 -5.218802e-03 
 1.639313e+01 -5.203705e-03 
 1.639353e+01 -5.189143e-03 
 1.639393e+01 -5.175132e-03 
 1.639433e+01 -5.161671e-03 
 1.639472e+01 -5.148773e-03 
 1.639512e+01 -5.136459e-03 
 1.639552e+01 -5.124765e-03 
 1.639592e+01 -5.113728e-03 
 1.639631e+01 -5.103349e-03 
 1.639671e+01 -5.093632e-03 
 1.639711e+01 -5.084610e-03 
 1.639751e+01 -5.076287e-03 
 1.639791e+01 -5.068702e-03 
 1.639830e+01 -5.061883e-03 
 1.639870e+01 -5.055861e-03 
 1.639910e+01 -5.050633e-03 
 1.639950e+01 -5.046233e-03 
 1.639989e+01 -5.042651e-03 
 1.640029e+01 -5.039899e-03 
 1.640069e+01 -5.037999e-03 
 1.640109e+01 -5.036918e-03 
 1.640148e+01 -5.036669e-03 
 1.640188e+01 -5.037256e-03 
 1.640228e+01 -5.038677e-03 
 1.640268e+01 -5.040944e-03 
 1.640308e+01 -5.044087e-03 
 1.640347e+01 -5.048112e-03 
 1.640387e+01 -5.053024e-03 
 1.640427e+01 -5.058807e-03 
 1.640467e+01 -5.065451e-03 
 1.640506e+01 -5.072926e-03 
 1.640546e+01 -5.081209e-03 
 1.640586e+01 -5.090293e-03 
 1.640626e+01 -5.100152e-03 
 1.640665e+01 -5.110776e-03 
 1.640705e+01 -5.122118e-03 
 1.640745e+01 -5.134180e-03 
 1.640785e+01 -5.146950e-03 
 1.640825e+01 -5.160411e-03 
 1.640864e+01 -5.174542e-03 
 1.640904e+01 -5.189329e-03 
 1.640944e+01 -5.204754e-03 
 1.640984e+01 -5.220778e-03 
 1.641023e+01 -5.237383e-03 
 1.641063e+01 -5.254566e-03 
 1.641103e+01 -5.272328e-03 
 1.641143e+01 -5.290678e-03 
 1.641182e+01 -5.309614e-03 
 1.641222e+01 -5.329143e-03 
 1.641262e+01 -5.349256e-03 
 1.641302e+01 -5.369972e-03 
 1.641342e+01 -5.391299e-03 
 1.641381e+01 -5.413227e-03 
 1.641421e+01 -5.435765e-03 
 1.641461e+01 -5.458918e-03 
 1.641501e+01 -5.482681e-03 
 1.641540e+01 -5.507048e-03 
 1.641580e+01 -5.532018e-03 
 1.641620e+01 -5.557588e-03 
 1.641660e+01 -5.583753e-03 
 1.641699e+01 -5.610491e-03 
 1.641739e+01 -5.637783e-03 
 1.641779e+01 -5.665600e-03 
 1.641819e+01 -5.693917e-03 
 1.641859e+01 -5.722712e-03 
 1.641898e+01 -5.751972e-03 
 1.641938e+01 -5.781696e-03 
 1.641978e+01 -5.811849e-03 
 1.642018e+01 -5.842403e-03 
 1.642057e+01 -5.873340e-03 
 1.642097e+01 -5.904631e-03 
 1.642137e+01 -5.936256e-03 
 1.642177e+01 -5.968199e-03 
 1.642216e+01 -6.000445e-03 
 1.642256e+01 -6.032949e-03 
 1.642296e+01 -6.065683e-03 
 1.642336e+01 -6.098625e-03 
 1.642376e+01 -6.131758e-03 
 1.642415e+01 -6.165069e-03 
 1.642455e+01 -6.198519e-03 
 1.642495e+01 -6.232098e-03 
 1.642535e+01 -6.265792e-03 
 1.642574e+01 -6.299585e-03 
 1.642614e+01 -6.333459e-03 
 1.642654e+01 -6.367400e-03 
 1.642694e+01 -6.401408e-03 
 1.642733e+01 -6.435476e-03 
 1.642773e+01 -6.469580e-03 
 1.642813e+01 -6.503704e-03 
 1.642853e+01 -6.537840e-03 
 1.642893e+01 -6.571981e-03 
 1.642932e+01 -6.606110e-03 
 1.642972e+01 -6.640226e-03 
 1.643012e+01 -6.674309e-03 
 1.643052e+01 -6.708351e-03 
 1.643091e+01 -6.742344e-03 
 1.643131e+01 -6.776284e-03 
 1.643171e+01 -6.810168e-03 
 1.643211e+01 -6.843986e-03 
 1.643250e+01 -6.877711e-03 
 1.643290e+01 -6.911314e-03 
 1.643330e+01 -6.944757e-03 
 1.643370e+01 -6.977989e-03 
 1.643410e+01 -7.010985e-03 
 1.643449e+01 -7.043730e-03 
 1.643489e+01 -7.076173e-03 
 1.643529e+01 -7.108278e-03 
 1.643569e+01 -7.140012e-03 
 1.643608e+01 -7.171350e-03 
 1.643648e+01 -7.202262e-03 
 1.643688e+01 -7.232727e-03 
 1.643728e+01 -7.262714e-03 
 1.643768e+01 -7.292238e-03 
 1.643807e+01 -7.321238e-03 
 1.643847e+01 -7.349700e-03 
 1.643887e+01 -7.377597e-03 
 1.643927e+01 -7.404949e-03 
 1.643966e+01 -7.431722e-03 
 1.644006e+01 -7.457898e-03 
 1.644046e+01 -7.483471e-03 
 1.644086e+01 -7.508420e-03 
 1.644125e+01 -7.532752e-03 
 1.644165e+01 -7.556465e-03 
 1.644205e+01 -7.579553e-03 
 1.644245e+01 -7.602006e-03 
 1.644285e+01 -7.623818e-03 
 1.644324e+01 -7.644971e-03 
 1.644364e+01 -7.665433e-03 
 1.644404e+01 -7.685218e-03 
 1.644444e+01 -7.704307e-03 
 1.644483e+01 -7.722670e-03 
 1.644523e+01 -7.740296e-03 
 1.644563e+01 -7.757168e-03 
 1.644603e+01 -7.773275e-03 
 1.644642e+01 -7.788596e-03 
 1.644682e+01 -7.803119e-03 
 1.644722e+01 -7.816844e-03 
 1.644762e+01 -7.829757e-03 
 1.644802e+01 -7.841847e-03 
 1.644841e+01 -7.853093e-03 
 1.644881e+01 -7.863461e-03 
 1.644921e+01 -7.872948e-03 
 1.644961e+01 -7.881538e-03 
 1.645000e+01 -7.889221e-03 
 1.645040e+01 -7.896006e-03 
 1.645080e+01 -7.901871e-03 
 1.645120e+01 -7.906806e-03 
 1.645159e+01 -7.910805e-03 
 1.645199e+01 -7.913849e-03 
 1.645239e+01 -7.915944e-03 
 1.645279e+01 -7.917061e-03 
 1.645319e+01 -7.917214e-03 
 1.645358e+01 -7.916427e-03 
 1.645398e+01 -7.914705e-03 
 1.645438e+01 -7.912083e-03 
 1.645478e+01 -7.908564e-03 
 1.645517e+01 -7.904194e-03 
 1.645557e+01 -7.898988e-03 
 1.645597e+01 -7.892949e-03 
 1.645637e+01 -7.886101e-03 
 1.645676e+01 -7.878449e-03 
 1.645716e+01 -7.870011e-03 
 1.645756e+01 -7.860789e-03 
 1.645796e+01 -7.850819e-03 
 1.645836e+01 -7.840134e-03 
 1.645875e+01 -7.828732e-03 
 1.645915e+01 -7.816630e-03 
 1.645955e+01 -7.803814e-03 
 1.645995e+01 -7.790285e-03 
 1.646034e+01 -7.776076e-03 
 1.646074e+01 -7.761162e-03 
 1.646114e+01 -7.745533e-03 
 1.646154e+01 -7.729158e-03 
 1.646193e+01 -7.712013e-03 
 1.646233e+01 -7.694103e-03 
 1.646273e+01 -7.675435e-03 
 1.646313e+01 -7.656012e-03 
 1.646353e+01 -7.635833e-03 
 1.646392e+01 -7.614897e-03 
 1.646432e+01 -7.593200e-03 
 1.646472e+01 -7.570753e-03 
 1.646512e+01 -7.547566e-03 
 1.646551e+01 -7.523658e-03 
 1.646591e+01 -7.499052e-03 
 1.646631e+01 -7.473748e-03 
 1.646671e+01 -7.447770e-03 
 1.646710e+01 -7.421130e-03 
 1.646750e+01 -7.393861e-03 
 1.646790e+01 -7.366008e-03 
 1.646830e+01 -7.337592e-03 
 1.646870e+01 -7.308623e-03 
 1.646909e+01 -7.279130e-03 
 1.646949e+01 -7.249142e-03 
 1.646989e+01 -7.218689e-03 
 1.647029e+01 -7.187800e-03 
 1.647068e+01 -7.156514e-03 
 1.647108e+01 -7.124871e-03 
 1.647148e+01 -7.092906e-03 
 1.647188e+01 -7.060639e-03 
 1.647227e+01 -7.028115e-03 
 1.647267e+01 -6.995376e-03 
 1.647307e+01 -6.962467e-03 
 1.647347e+01 -6.929419e-03 
 1.647387e+01 -6.896268e-03 
 1.647426e+01 -6.863037e-03 
 1.647466e+01 -6.829744e-03 
 1.647506e+01 -6.796415e-03 
 1.647546e+01 -6.763082e-03 
 1.647585e+01 -6.729753e-03 
 1.647625e+01 -6.696465e-03 
 1.647665e+01 -6.663246e-03 
 1.647705e+01 -6.630096e-03 
 1.647744e+01 -6.597021e-03 
 1.647784e+01 -6.564046e-03 
 1.647824e+01 -6.531194e-03 
 1.647864e+01 -6.498473e-03 
 1.647904e+01 -6.465889e-03 
 1.647943e+01 -6.433452e-03 
 1.647983e+01 -6.401170e-03 
 1.648023e+01 -6.369063e-03 
 1.648063e+01 -6.337164e-03 
 1.648102e+01 -6.305503e-03 
 1.648142e+01 -6.274105e-03 
 1.648182e+01 -6.243005e-03 
 1.648222e+01 -6.212230e-03 
 1.648261e+01 -6.181822e-03 
 1.648301e+01 -6.151805e-03 
 1.648341e+01 -6.122210e-03 
 1.648381e+01 -6.093064e-03 
 1.648421e+01 -6.064388e-03 
 1.648460e+01 -6.036182e-03 
 1.648500e+01 -6.008475e-03 
 1.648540e+01 -5.981304e-03 
 1.648580e+01 -5.954678e-03 
 1.648619e+01 -5.928611e-03 
 1.648659e+01 -5.903157e-03 
 1.648699e+01 -5.878306e-03 
 1.648739e+01 -5.854065e-03 
 1.648778e+01 -5.830454e-03 
 1.648818e+01 -5.807461e-03 
 1.648858e+01 -5.785094e-03 
 1.648898e+01 -5.763378e-03 
 1.648938e+01 -5.742299e-03 
 1.648977e+01 -5.721860e-03 
 1.649017e+01 -5.702086e-03 
 1.649057e+01 -5.682968e-03 
 1.649097e+01 -5.664543e-03 
 1.649136e+01 -5.646829e-03 
 1.649176e+01 -5.629830e-03 
 1.649216e+01 -5.613570e-03 
 1.649256e+01 -5.598041e-03 
 1.649295e+01 -5.583255e-03 
 1.649335e+01 -5.569219e-03 
 1.649375e+01 -5.555936e-03 
 1.649415e+01 -5.543420e-03 
 1.649455e+01 -5.531675e-03 
 1.649494e+01 -5.520695e-03 
 1.649534e+01 -5.510485e-03 
 1.649574e+01 -5.501051e-03 
 1.649614e+01 -5.492396e-03 
 1.649653e+01 -5.484533e-03 
 1.649693e+01 -5.477457e-03 
 1.649733e+01 -5.471180e-03 
 1.649773e+01 -5.465713e-03 
 1.649812e+01 -5.461050e-03 
 1.649852e+01 -5.457204e-03 
 1.649892e+01 -5.454179e-03 
 1.649932e+01 -5.451978e-03 
 1.649972e+01 -5.450604e-03 
 1.650011e+01 -5.450044e-03 
 1.650051e+01 -5.450293e-03 
 1.650091e+01 -5.451323e-03 
 1.650131e+01 -5.453130e-03 
 1.650170e+01 -5.455725e-03 
 1.650210e+01 -5.459113e-03 
 1.650250e+01 -5.463277e-03 
 1.650290e+01 -5.468212e-03 
 1.650329e+01 -5.473894e-03 
 1.650369e+01 -5.480302e-03 
 1.650409e+01 -5.487438e-03 
 1.650449e+01 -5.495294e-03 
 1.650489e+01 -5.503871e-03 
 1.650528e+01 -5.513160e-03 
 1.650568e+01 -5.523152e-03 
 1.650608e+01 -5.533855e-03 
 1.650648e+01 -5.545289e-03 
 1.650687e+01 -5.557459e-03 
 1.650727e+01 -5.570352e-03 
 1.650767e+01 -5.583983e-03 
 1.650807e+01 -5.598342e-03 
 1.650846e+01 -5.613424e-03 
 1.650886e+01 -5.629265e-03 
 1.650926e+01 -5.645894e-03 
 1.650966e+01 -5.663323e-03 
 1.651006e+01 -5.681569e-03 
 1.651045e+01 -5.700635e-03 
 1.651085e+01 -5.720535e-03 
 1.651125e+01 -5.741258e-03 
 1.651165e+01 -5.762806e-03 
 1.651204e+01 -5.785183e-03 
 1.651244e+01 -5.808362e-03 
 1.651284e+01 -5.832305e-03 
 1.651324e+01 -5.857005e-03 
 1.651363e+01 -5.882434e-03 
 1.651403e+01 -5.908567e-03 
 1.651443e+01 -5.935400e-03 
 1.651483e+01 -5.962911e-03 
 1.651523e+01 -5.991091e-03 
 1.651562e+01 -6.019911e-03 
 1.651602e+01 -6.049324e-03 
 1.651642e+01 -6.079309e-03 
 1.651682e+01 -6.109838e-03 
 1.651721e+01 -6.140875e-03 
 1.651761e+01 -6.172389e-03 
 1.651801e+01 -6.204356e-03 
 1.651841e+01 -6.236746e-03 
 1.651880e+01 -6.269518e-03 
 1.651920e+01 -6.302665e-03 
 1.651960e+01 -6.336149e-03 
 1.652000e+01 -6.369967e-03 
 1.652040e+01 -6.404097e-03 
 1.652079e+01 -6.438507e-03 
 1.652119e+01 -6.473172e-03 
 1.652159e+01 -6.508080e-03 
 1.652199e+01 -6.543226e-03 
 1.652238e+01 -6.578581e-03 
 1.652278e+01 -6.614140e-03 
 1.652318e+01 -6.649883e-03 
 1.652358e+01 -6.685805e-03 
 1.652397e+01 -6.721902e-03 
 1.652437e+01 -6.758172e-03 
 1.652477e+01 -6.794623e-03 
 1.652517e+01 -6.831255e-03 
 1.652557e+01 -6.868077e-03 
 1.652596e+01 -6.905076e-03 
 1.652636e+01 -6.942249e-03 
 1.652676e+01 -6.979582e-03 
 1.652716e+01 -7.017054e-03 
 1.652755e+01 -7.054657e-03 
 1.652795e+01 -7.092375e-03 
 1.652835e+01 -7.130197e-03 
 1.652875e+01 -7.168093e-03 
 1.652914e+01 -7.206028e-03 
 1.652954e+01 -7.243970e-03 
 1.652994e+01 -7.281897e-03 
 1.653034e+01 -7.319782e-03 
 1.653074e+01 -7.357583e-03 
 1.653113e+01 -7.395261e-03 
 1.653153e+01 -7.432778e-03 
 1.653193e+01 -7.470085e-03 
 1.653233e+01 -7.507142e-03 
 1.653272e+01 -7.543959e-03 
 1.653312e+01 -7.580516e-03 
 1.653352e+01 -7.616778e-03 
 1.653392e+01 -7.652733e-03 
 1.653432e+01 -7.688373e-03 
 1.653471e+01 -7.723661e-03 
 1.653511e+01 -7.758583e-03 
 1.653551e+01 -7.793127e-03 
 1.653591e+01 -7.827274e-03 
 1.653630e+01 -7.860993e-03 
 1.653670e+01 -7.894270e-03 
 1.653710e+01 -7.927110e-03 
 1.653750e+01 -7.959510e-03 
 1.653789e+01 -7.991479e-03 
 1.653829e+01 -8.023011e-03 
 1.653869e+01 -8.054082e-03 
 1.653909e+01 -8.084671e-03 
 1.653949e+01 -8.114756e-03 
 1.653988e+01 -8.144301e-03 
 1.654028e+01 -8.173282e-03 
 1.654068e+01 -8.201688e-03 
 1.654108e+01 -8.229493e-03 
 1.654147e+01 -8.256686e-03 
 1.654187e+01 -8.283247e-03 
 1.654227e+01 -8.309160e-03 
 1.654267e+01 -8.334411e-03 
 1.654306e+01 -8.358978e-03 
 1.654346e+01 -8.382847e-03 
 1.654386e+01 -8.406010e-03 
 1.654426e+01 -8.428408e-03 
 1.654466e+01 -8.450039e-03 
 1.654505e+01 -8.470875e-03 
 1.654545e+01 -8.490893e-03 
 1.654585e+01 -8.510086e-03 
 1.654625e+01 -8.528419e-03 
 1.654664e+01 -8.545880e-03 
 1.654704e+01 -8.562455e-03 
 1.654744e+01 -8.578113e-03 
 1.654784e+01 -8.592855e-03 
 1.654823e+01 -8.606686e-03 
 1.654863e+01 -8.619612e-03 
 1.654903e+01 -8.631636e-03 
 1.654943e+01 -8.642738e-03 
 1.654983e+01 -8.652942e-03 
 1.655022e+01 -8.662258e-03 
 1.655062e+01 -8.670697e-03 
 1.655102e+01 -8.678284e-03 
 1.655142e+01 -8.685030e-03 
 1.655181e+01 -8.690947e-03 
 1.655221e+01 -8.696043e-03 
 1.655261e+01 -8.700327e-03 
 1.655301e+01 -8.703832e-03 
 1.655340e+01 -8.706586e-03 
 1.655380e+01 -8.708600e-03 
 1.655420e+01 -8.709873e-03 
 1.655460e+01 -8.710411e-03 
 1.655500e+01 -8.710206e-03 
 1.655539e+01 -8.709246e-03 
 1.655579e+01 -8.707530e-03 
 1.655619e+01 -8.705046e-03 
 1.655659e+01 -8.701795e-03 
 1.655698e+01 -8.697776e-03 
 1.655738e+01 -8.692976e-03 
 1.655778e+01 -8.687392e-03 
 1.655818e+01 -8.681026e-03 
 1.655857e+01 -8.673864e-03 
 1.655897e+01 -8.665906e-03 
 1.655937e+01 -8.657153e-03 
 1.655977e+01 -8.647611e-03 
 1.656017e+01 -8.637294e-03 
 1.656056e+01 -8.626229e-03 
 1.656096e+01 -8.614445e-03 
 1.656136e+01 -8.601980e-03 
 1.656176e+01 -8.588843e-03 
 1.656215e+01 -8.575041e-03 
 1.656255e+01 -8.560596e-03 
 1.656295e+01 -8.545520e-03 
 1.656335e+01 -8.529817e-03 
 1.656374e+01 -8.513538e-03 
 1.656414e+01 -8.496694e-03 
 1.656454e+01 -8.479318e-03 
 1.656494e+01 -8.461437e-03 
 1.656534e+01 -8.443078e-03 
 1.656573e+01 -8.424300e-03 
 1.656613e+01 -8.405135e-03 
 1.656653e+01 -8.385610e-03 
 1.656693e+01 -8.365768e-03 
 1.656732e+01 -8.345625e-03 
 1.656772e+01 -8.325205e-03 
 1.656812e+01 -8.304535e-03 
 1.656852e+01 -8.283632e-03 
 1.656891e+01 -8.262521e-03 
 1.656931e+01 -8.241215e-03 
 1.656971e+01 -8.219729e-03 
 1.657011e+01 -8.198074e-03 
 1.657051e+01 -8.176276e-03 
 1.657090e+01 -8.154323e-03 
 1.657130e+01 -8.132225e-03 
 1.657170e+01 -8.109986e-03 
 1.657210e+01 -8.087616e-03 
 1.657249e+01 -8.065104e-03 
 1.657289e+01 -8.042447e-03 
 1.657329e+01 -8.019648e-03 
 1.657369e+01 -7.996717e-03 
 1.657408e+01 -7.973645e-03 
 1.657448e+01 -7.950442e-03 
 1.657488e+01 -7.927106e-03 
 1.657528e+01 -7.903652e-03 
 1.657568e+01 -7.880091e-03 
 1.657607e+01 -7.856430e-03 
 1.657647e+01 -7.832712e-03 
 1.657687e+01 -7.808974e-03 
 1.657727e+01 -7.785227e-03 
 1.657766e+01 -7.761506e-03 
 1.657806e+01 -7.737832e-03 
 1.657846e+01 -7.714240e-03 
 1.657886e+01 -7.690765e-03 
 1.657925e+01 -7.667450e-03 
 1.657965e+01 -7.644338e-03 
 1.658005e+01 -7.621455e-03 
 1.658045e+01 -7.598819e-03 
 1.658085e+01 -7.576460e-03 
 1.658124e+01 -7.554405e-03 
 1.658164e+01 -7.532698e-03 
 1.658204e+01 -7.511353e-03 
 1.658244e+01 -7.490388e-03 
 1.658283e+01 -7.469806e-03 
 1.658323e+01 -7.449628e-03 
 1.658363e+01 -7.429875e-03 
 1.658403e+01 -7.410560e-03 
 1.658442e+01 -7.391712e-03 
 1.658482e+01 -7.373344e-03 
 1.658522e+01 -7.355453e-03 
 1.658562e+01 -7.338035e-03 
 1.658602e+01 -7.321106e-03 
 1.658641e+01 -7.304658e-03 
 1.658681e+01 -7.288698e-03 
 1.658721e+01 -7.273227e-03 
 1.658761e+01 -7.258251e-03 
 1.658800e+01 -7.243774e-03 
 1.658840e+01 -7.229786e-03 
 1.658880e+01 -7.216329e-03 
 1.658920e+01 -7.203410e-03 
 1.658959e+01 -7.191045e-03 
 1.658999e+01 -7.179237e-03 
 1.659039e+01 -7.167971e-03 
 1.659079e+01 -7.157232e-03 
 1.659119e+01 -7.147017e-03 
 1.659158e+01 -7.137326e-03 
 1.659198e+01 -7.128162e-03 
 1.659238e+01 -7.119545e-03 
 1.659278e+01 -7.111487e-03 
 1.659317e+01 -7.103985e-03 
 1.659357e+01 -7.097063e-03 
 1.659397e+01 -7.090742e-03 
 1.659437e+01 -7.085031e-03 
 1.659476e+01 -7.079929e-03 
 1.659516e+01 -7.075456e-03 
 1.659556e+01 -7.071595e-03 
 1.659596e+01 -7.068348e-03 
 1.659636e+01 -7.065731e-03 
 1.659675e+01 -7.063732e-03 
 1.659715e+01 -7.062361e-03 
 1.659755e+01 -7.061604e-03 
 1.659795e+01 -7.061436e-03 
 1.659834e+01 -7.061844e-03 
 1.659874e+01 -7.062825e-03 
 1.659914e+01 -7.064382e-03 
 1.659954e+01 -7.066505e-03 
 1.659993e+01 -7.069190e-03 
 1.660033e+01 -7.072437e-03 
 1.660073e+01 -7.076224e-03 
 1.660113e+01 -7.080554e-03 
 1.660153e+01 -7.085435e-03 
 1.660192e+01 -7.090859e-03 
 1.660232e+01 -7.096823e-03 
 1.660272e+01 -7.103319e-03 
 1.660312e+01 -7.110349e-03 
 1.660351e+01 -7.117904e-03 
 1.660391e+01 -7.125994e-03 
 1.660431e+01 -7.134626e-03 
 1.660471e+01 -7.143819e-03 
 1.660510e+01 -7.153590e-03 
 1.660550e+01 -7.163945e-03 
 1.660590e+01 -7.174890e-03 
 1.660630e+01 -7.186429e-03 
 1.660670e+01 -7.198556e-03 
 1.660709e+01 -7.211269e-03 
 1.660749e+01 -7.224566e-03 
 1.660789e+01 -7.238458e-03 
 1.660829e+01 -7.252922e-03 
 1.660868e+01 -7.267951e-03 
 1.660908e+01 -7.283527e-03 
 1.660948e+01 -7.299639e-03 
 1.660988e+01 -7.316277e-03 
 1.661027e+01 -7.333413e-03 
 1.661067e+01 -7.351020e-03 
 1.661107e+01 -7.369074e-03 
 1.661147e+01 -7.387558e-03 
 1.661187e+01 -7.406458e-03 
 1.661226e+01 -7.425764e-03 
 1.661266e+01 -7.445468e-03 
 1.661306e+01 -7.465523e-03 
 1.661346e+01 -7.485889e-03 
 1.661385e+01 -7.506548e-03 
 1.661425e+01 -7.527474e-03 
 1.661465e+01 -7.548630e-03 
 1.661505e+01 -7.570000e-03 
 1.661544e+01 -7.591572e-03 
 1.661584e+01 -7.613327e-03 
 1.661624e+01 -7.635249e-03 
 1.661664e+01 -7.657307e-03 
 1.661704e+01 -7.679499e-03 
 1.661743e+01 -7.701811e-03 
 1.661783e+01 -7.724241e-03 
 1.661823e+01 -7.746776e-03 
 1.661863e+01 -7.769420e-03 
 1.661902e+01 -7.792156e-03 
 1.661942e+01 -7.814976e-03 
 1.661982e+01 -7.837876e-03 
 1.662022e+01 -7.860872e-03 
 1.662061e+01 -7.883967e-03 
 1.662101e+01 -7.907161e-03 
 1.662141e+01 -7.930453e-03 
 1.662181e+01 -7.953834e-03 
 1.662221e+01 -7.977285e-03 
 1.662260e+01 -8.000804e-03 
 1.662300e+01 -8.024366e-03 
 1.662340e+01 -8.047949e-03 
 1.662380e+01 -8.071514e-03 
 1.662419e+01 -8.095029e-03 
 1.662459e+01 -8.118441e-03 
 1.662499e+01 -8.141725e-03 
 1.662539e+01 -8.164837e-03 
 1.662579e+01 -8.187743e-03 
 1.662618e+01 -8.210381e-03 
 1.662658e+01 -8.232700e-03 
 1.662698e+01 -8.254664e-03 
 1.662738e+01 -8.276243e-03 
 1.662777e+01 -8.297412e-03 
 1.662817e+01 -8.318152e-03 
 1.662857e+01 -8.338433e-03 
 1.662897e+01 -8.358220e-03 
 1.662936e+01 -8.377462e-03 
 1.662976e+01 -8.396130e-03 
 1.663016e+01 -8.414214e-03 
 1.663056e+01 -8.431696e-03 
 1.663096e+01 -8.448561e-03 
 1.663135e+01 -8.464777e-03 
 1.663175e+01 -8.480333e-03 
 1.663215e+01 -8.495224e-03 
 1.663255e+01 -8.509450e-03 
 1.663294e+01 -8.523028e-03 
 1.663334e+01 -8.535969e-03 
 1.663374e+01 -8.548268e-03 
 1.663414e+01 -8.559933e-03 
 1.663453e+01 -8.570961e-03 
 1.663493e+01 -8.581338e-03 
 1.663533e+01 -8.591048e-03 
 1.663573e+01 -8.600083e-03 
 1.663613e+01 -8.608451e-03 
 1.663652e+01 -8.616129e-03 
 1.663692e+01 -8.623104e-03 
 1.663732e+01 -8.629368e-03 
 1.663772e+01 -8.634908e-03 
 1.663811e+01 -8.639727e-03 
 1.663851e+01 -8.643805e-03 
 1.663891e+01 -8.647126e-03 
 1.663931e+01 -8.649682e-03 
 1.663970e+01 -8.651453e-03 
 1.664010e+01 -8.652447e-03 
 1.664050e+01 -8.652648e-03 
 1.664090e+01 -8.652061e-03 
 1.664130e+01 -8.650662e-03 
 1.664169e+01 -8.648414e-03 
 1.664209e+01 -8.645282e-03 
 1.664249e+01 -8.641241e-03 
 1.664289e+01 -8.636282e-03 
 1.664328e+01 -8.630387e-03 
 1.664368e+01 -8.623555e-03 
 1.664408e+01 -8.615787e-03 
 1.664448e+01 -8.607082e-03 
 1.664487e+01 -8.597450e-03 
 1.664527e+01 -8.586899e-03 
 1.664567e+01 -8.575451e-03 
 1.664607e+01 -8.563112e-03 
 1.664647e+01 -8.549899e-03 
 1.664686e+01 -8.535826e-03 
 1.664726e+01 -8.520904e-03 
 1.664766e+01 -8.505159e-03 
 1.664806e+01 -8.488612e-03 
 1.664845e+01 -8.471266e-03 
 1.664885e+01 -8.453134e-03 
 1.664925e+01 -8.434234e-03 
 1.664965e+01 -8.414564e-03 
 1.665004e+01 -8.394136e-03 
 1.665044e+01 -8.372964e-03 
 1.665084e+01 -8.351055e-03 
 1.665124e+01 -8.328402e-03 
 1.665164e+01 -8.304998e-03 
 1.665203e+01 -8.280841e-03 
 1.665243e+01 -8.255931e-03 
 1.665283e+01 -8.230259e-03 
 1.665323e+01 -8.203817e-03 
 1.665362e+01 -8.176606e-03 
 1.665402e+01 -8.148637e-03 
 1.665442e+01 -8.119895e-03 
 1.665482e+01 -8.090376e-03 
 1.665521e+01 -8.060096e-03 
 1.665561e+01 -8.029059e-03 
 1.665601e+01 -7.997295e-03 
 1.665641e+01 -7.964814e-03 
 1.665681e+01 -7.931625e-03 
 1.665720e+01 -7.897753e-03 
 1.665760e+01 -7.863207e-03 
 1.665800e+01 -7.828008e-03 
 1.665840e+01 -7.792172e-03 
 1.665879e+01 -7.755720e-03 
 1.665919e+01 -7.718689e-03 
 1.665959e+01 -7.681105e-03 
 1.665999e+01 -7.643006e-03 
 1.666038e+01 -7.604423e-03 
 1.666078e+01 -7.565386e-03 
 1.666118e+01 -7.525914e-03 
 1.666158e+01 -7.486036e-03 
 1.666198e+01 -7.445790e-03 
 1.666237e+01 -7.405209e-03 
 1.666277e+01 -7.364336e-03 
 1.666317e+01 -7.323209e-03 
 1.666357e+01 -7.281874e-03 
 1.666396e+01 -7.240358e-03 
 1.666436e+01 -7.198684e-03 
 1.666476e+01 -7.156869e-03 
 1.666516e+01 -7.114915e-03 
 1.666555e+01 -7.072826e-03 
 1.666595e+01 -7.030616e-03 
 1.666635e+01 -6.988297e-03 
 1.666675e+01 -6.945884e-03 
 1.666715e+01 -6.903401e-03 
 1.666754e+01 -6.860848e-03 
 1.666794e+01 -6.818240e-03 
 1.666834e+01 -6.775578e-03 
 1.666874e+01 -6.732875e-03 
 1.666913e+01 -6.690135e-03 
 1.666953e+01 -6.647357e-03 
 1.666993e+01 -6.604539e-03 
 1.667033e+01 -6.561669e-03 
 1.667072e+01 -6.518744e-03 
 1.667112e+01 -6.475786e-03 
 1.667152e+01 -6.432813e-03 
 1.667192e+01 -6.389852e-03 
 1.667232e+01 -6.346946e-03 
 1.667271e+01 -6.304122e-03 
 1.667311e+01 -6.261415e-03 
 1.667351e+01 -6.218855e-03 
 1.667391e+01 -6.176477e-03 
 1.667430e+01 -6.134303e-03 
 1.667470e+01 -6.092370e-03 
 1.667510e+01 -6.050680e-03 
 1.667550e+01 -6.009255e-03 
 1.667589e+01 -5.968134e-03 
 1.667629e+01 -5.927352e-03 
 1.667669e+01 -5.886937e-03 
 1.667709e+01 -5.846908e-03 
 1.667749e+01 -5.807288e-03 
 1.667788e+01 -5.768087e-03 
 1.667828e+01 -5.729319e-03 
 1.667868e+01 -5.690996e-03 
 1.667908e+01 -5.653112e-03 
 1.667947e+01 -5.615694e-03 
 1.667987e+01 -5.578735e-03 
 1.668027e+01 -5.542237e-03 
 1.668067e+01 -5.506211e-03 
 1.668106e+01 -5.470638e-03 
 1.668146e+01 -5.435548e-03 
 1.668186e+01 -5.400942e-03 
 1.668226e+01 -5.366853e-03 
 1.668266e+01 -5.333268e-03 
 1.668305e+01 -5.300193e-03 
 1.668345e+01 -5.267627e-03 
 1.668385e+01 -5.235558e-03 
 1.668425e+01 -5.204005e-03 
 1.668464e+01 -5.172972e-03 
 1.668504e+01 -5.142468e-03 
 1.668544e+01 -5.112489e-03 
 1.668584e+01 -5.083041e-03 
 1.668623e+01 -5.054153e-03 
 1.668663e+01 -5.025813e-03 
 1.668703e+01 -4.998059e-03 
 1.668743e+01 -4.970900e-03 
 1.668783e+01 -4.944354e-03 
 1.668822e+01 -4.918432e-03 
 1.668862e+01 -4.893176e-03 
 1.668902e+01 -4.868616e-03 
 1.668942e+01 -4.844764e-03 
 1.668981e+01 -4.821664e-03 
 1.669021e+01 -4.799325e-03 
 1.669061e+01 -4.777784e-03 
 1.669101e+01 -4.757051e-03 
 1.669140e+01 -4.737151e-03 
 1.669180e+01 -4.718091e-03 
 1.669220e+01 -4.699887e-03 
 1.669260e+01 -4.682527e-03 
 1.669300e+01 -4.666006e-03 
 1.669339e+01 -4.650305e-03 
 1.669379e+01 -4.635411e-03 
 1.669419e+01 -4.621320e-03 
 1.669459e+01 -4.608030e-03 
 1.669498e+01 -4.595554e-03 
 1.669538e+01 -4.583888e-03 
 1.669578e+01 -4.573030e-03 
 1.669618e+01 -4.562987e-03 
 1.669657e+01 -4.553742e-03 
 1.669697e+01 -4.545290e-03 
 1.669737e+01 -4.537618e-03 
 1.669777e+01 -4.530714e-03 
 1.669817e+01 -4.524580e-03 
 1.669856e+01 -4.519185e-03 
 1.669896e+01 -4.514519e-03 
 1.669936e+01 -4.510595e-03 
 1.669976e+01 -4.507422e-03 
 1.670015e+01 -4.505003e-03 
 1.670055e+01 -4.503346e-03 
 1.670095e+01 -4.502471e-03 
 1.670135e+01 -4.502368e-03 
 1.670174e+01 -4.503037e-03 
 1.670214e+01 -4.504493e-03 
 1.670254e+01 -4.506725e-03 
 1.670294e+01 -4.509711e-03 
 1.670334e+01 -4.513444e-03 
 1.670373e+01 -4.517912e-03 
 1.670413e+01 -4.523096e-03 
 1.670453e+01 -4.528975e-03 
 1.670493e+01 -4.535542e-03 
 1.670532e+01 -4.542766e-03 
 1.670572e+01 -4.550639e-03 
 1.670612e+01 -4.559156e-03 
 1.670652e+01 -4.568295e-03 
 1.670691e+01 -4.578048e-03 
 1.670731e+01 -4.588395e-03 
 1.670771e+01 -4.599322e-03 
 1.670811e+01 -4.610819e-03 
 1.670851e+01 -4.622870e-03 
 1.670890e+01 -4.635449e-03 
 1.670930e+01 -4.648523e-03 
 1.670970e+01 -4.662068e-03 
 1.671010e+01 -4.676061e-03 
 1.671049e+01 -4.690483e-03 
 1.671089e+01 -4.705323e-03 
 1.671129e+01 -4.720560e-03 
 1.671169e+01 -4.736159e-03 
 1.671208e+01 -4.752095e-03 
 1.671248e+01 -4.768345e-03 
 1.671288e+01 -4.784900e-03 
 1.671328e+01 -4.801759e-03 
 1.671368e+01 -4.818920e-03 
 1.671407e+01 -4.836380e-03 
 1.671447e+01 -4.854137e-03 
 1.671487e+01 -4.872192e-03 
 1.671527e+01 -4.890549e-03 
 1.671566e+01 -4.909213e-03 
 1.671606e+01 -4.928173e-03 
 1.671646e+01 -4.947412e-03 
 1.671686e+01 -4.966918e-03 
 1.671726e+01 -4.986678e-03 
 1.671765e+01 -5.006679e-03 
 1.671805e+01 -5.026921e-03 
 1.671845e+01 -5.047395e-03 
 1.671885e+01 -5.068080e-03 
 1.671924e+01 -5.088937e-03 
 1.671964e+01 -5.109939e-03 
 1.672004e+01 -5.131062e-03 
 1.672044e+01 -5.152273e-03 
 1.672083e+01 -5.173525e-03 
 1.672123e+01 -5.194777e-03 
 1.672163e+01 -5.216003e-03 
 1.672203e+01 -5.237154e-03 
 1.672243e+01 -5.258193e-03 
 1.672282e+01 -5.279095e-03 
 1.672322e+01 -5.299843e-03 
 1.672362e+01 -5.320418e-03 
 1.672402e+01 -5.340785e-03 
 1.672441e+01 -5.360911e-03 
 1.672481e+01 -5.380768e-03 
 1.672521e+01 -5.400298e-03 
 1.672561e+01 -5.419475e-03 
 1.672600e+01 -5.438263e-03 
 1.672640e+01 -5.456622e-03 
 1.672680e+01 -5.474519e-03 
 1.672720e+01 -5.491918e-03 
 1.672760e+01 -5.508814e-03 
 1.672799e+01 -5.525182e-03 
 1.672839e+01 -5.541020e-03 
 1.672879e+01 -5.556287e-03 
 1.672919e+01 -5.570956e-03 
 1.672958e+01 -5.585018e-03 
 1.672998e+01 -5.598455e-03 
 1.673038e+01 -5.611192e-03 
 1.673078e+01 -5.623260e-03 
 1.673117e+01 -5.634628e-03 
 1.673157e+01 -5.645306e-03 
 1.673197e+01 -5.655257e-03 
 1.673237e+01 -5.664475e-03 
 1.673277e+01 -5.672957e-03 
 1.673316e+01 -5.680709e-03 
 1.673356e+01 -5.687699e-03 
 1.673396e+01 -5.693945e-03 
 1.673436e+01 -5.699417e-03 
 1.673475e+01 -5.704115e-03 
 1.673515e+01 -5.708005e-03 
 1.673555e+01 -5.711082e-03 
 1.673595e+01 -5.713325e-03 
 1.673634e+01 -5.714737e-03 
 1.673674e+01 -5.715299e-03 
 1.673714e+01 -5.715005e-03 
 1.673754e+01 -5.713836e-03 
 1.673794e+01 -5.711769e-03 
 1.673833e+01 -5.708779e-03 
 1.673873e+01 -5.704875e-03 
 1.673913e+01 -5.700036e-03 
 1.673953e+01 -5.694278e-03 
 1.673992e+01 -5.687617e-03 
 1.674032e+01 -5.680044e-03 
 1.674072e+01 -5.671578e-03 
 1.674112e+01 -5.662232e-03 
 1.674151e+01 -5.652026e-03 
 1.674191e+01 -5.640968e-03 
 1.674231e+01 -5.629055e-03 
 1.674271e+01 -5.616286e-03 
 1.674311e+01 -5.602642e-03 
 1.674350e+01 -5.588132e-03 
 1.674390e+01 -5.572752e-03 
 1.674430e+01 -5.556503e-03 
 1.674470e+01 -5.539372e-03 
 1.674509e+01 -5.521354e-03 
 1.674549e+01 -5.502462e-03 
 1.674589e+01 -5.482699e-03 
 1.674629e+01 -5.462078e-03 
 1.674668e+01 -5.440604e-03 
 1.674708e+01 -5.418279e-03 
 1.674748e+01 -5.395092e-03 
 1.674788e+01 -5.371001e-03 
 1.674828e+01 -5.345994e-03 
 1.674867e+01 -5.320052e-03 
 1.674907e+01 -5.293157e-03 
 1.674947e+01 -5.265328e-03 
 1.674987e+01 -5.236583e-03 
 1.675026e+01 -5.206930e-03 
 1.675066e+01 -5.176373e-03 
 1.675106e+01 -5.144920e-03 
 1.675146e+01 -5.112586e-03 
 1.675185e+01 -5.079394e-03 
 1.675225e+01 -5.045372e-03 
 1.675265e+01 -5.010511e-03 
 1.675305e+01 -4.974819e-03 
 1.675345e+01 -4.938300e-03 
 1.675384e+01 -4.900940e-03 
 1.675424e+01 -4.862759e-03 
 1.675464e+01 -4.823769e-03 
 1.675504e+01 -4.783985e-03 
 1.675543e+01 -4.743406e-03 
 1.675583e+01 -4.702056e-03 
 1.675623e+01 -4.659949e-03 
 1.675663e+01 -4.617115e-03 
 1.675702e+01 -4.573566e-03 
 1.675742e+01 -4.529324e-03 
 1.675782e+01 -4.484385e-03 
 1.675822e+01 -4.438754e-03 
 1.675862e+01 -4.392444e-03 
 1.675901e+01 -4.345469e-03 
 1.675941e+01 -4.297839e-03 
 1.675981e+01 -4.249585e-03 
 1.676021e+01 -4.200706e-03 
 1.676060e+01 -4.151197e-03 
 1.676100e+01 -4.101061e-03 
 1.676140e+01 -4.050285e-03 
 1.676180e+01 -3.998879e-03 
 1.676219e+01 -3.946857e-03 
 1.676259e+01 -3.894224e-03 
 1.676299e+01 -3.840984e-03 
 1.676339e+01 -3.787134e-03 
 1.676379e+01 -3.732678e-03 
 1.676418e+01 -3.677644e-03 
 1.676458e+01 -3.622052e-03 
 1.676498e+01 -3.565938e-03 
 1.676538e+01 -3.509324e-03 
 1.676577e+01 -3.452251e-03 
 1.676617e+01 -3.394747e-03 
 1.676657e+01 -3.336831e-03 
 1.676697e+01 -3.278547e-03 
 1.676736e+01 -3.219932e-03 
 1.676776e+01 -3.161022e-03 
 1.676816e+01 -3.101867e-03 
 1.676856e+01 -3.042511e-03 
 1.676896e+01 -2.982984e-03 
 1.676935e+01 -2.923331e-03 
 1.676975e+01 -2.863595e-03 
 1.677015e+01 -2.803805e-03 
 1.677055e+01 -2.743991e-03 
 1.677094e+01 -2.684155e-03 
 1.677134e+01 -2.624307e-03 
 1.677174e+01 -2.564453e-03 
 1.677214e+01 -2.504605e-03 
 1.677253e+01 -2.444784e-03 
 1.677293e+01 -2.385018e-03 
 1.677333e+01 -2.325327e-03 
 1.677373e+01 -2.265738e-03 
 1.677413e+01 -2.206255e-03 
 1.677452e+01 -2.146901e-03 
 1.677492e+01 -2.087699e-03 
 1.677532e+01 -2.028647e-03 
 1.677572e+01 -1.969744e-03 
 1.677611e+01 -1.910982e-03 
 1.677651e+01 -1.852338e-03 
 1.677691e+01 -1.793805e-03 
 1.677731e+01 -1.735384e-03 
 1.677770e+01 -1.677075e-03 
 1.677810e+01 -1.618889e-03 
 1.677850e+01 -1.560851e-03 
 1.677890e+01 -1.502978e-03 
 1.677930e+01 -1.445277e-03 
 1.677969e+01 -1.387780e-03 
 1.678009e+01 -1.330497e-03 
 1.678049e+01 -1.273471e-03 
 1.678089e+01 -1.216732e-03 
 1.678128e+01 -1.160279e-03 
 1.678168e+01 -1.104125e-03 
 1.678208e+01 -1.048293e-03 
 1.678248e+01 -9.928025e-04 
 1.678287e+01 -9.377072e-04 
 1.678327e+01 -8.830547e-04 
 1.678367e+01 -8.288869e-04 
 1.678407e+01 -7.752333e-04 
 1.678447e+01 -7.221225e-04 
 1.678486e+01 -6.695989e-04 
 1.678526e+01 -6.176986e-04 
 1.678566e+01 -5.664447e-04 
 1.678606e+01 -5.158758e-04 
 1.678645e+01 -4.660002e-04 
 1.678685e+01 -4.168211e-04 
 1.678725e+01 -3.683716e-04 
 1.678765e+01 -3.206678e-04 
 1.678804e+01 -2.737596e-04 
 1.678844e+01 -2.276351e-04 
 1.678884e+01 -1.823211e-04 
 1.678924e+01 -1.378012e-04 
 1.678964e+01 -9.407374e-05 
 1.679003e+01 -5.113512e-05 
 1.679043e+01 -8.982776e-06 
 1.679083e+01  3.235943e-05 
 1.679123e+01  7.290594e-05 
 1.679162e+01  1.126486e-04 
 1.679202e+01  1.515853e-04 
 1.679242e+01  1.896960e-04 
 1.679282e+01  2.269850e-04 
 1.679321e+01  2.634051e-04 
 1.679361e+01  2.989370e-04 
 1.679401e+01  3.335590e-04 
 1.679441e+01  3.672792e-04 
 1.679481e+01  4.000760e-04 
 1.679520e+01  4.319378e-04 
 1.679560e+01  4.628676e-04 
 1.679600e+01  4.928460e-04 
 1.679640e+01  5.218631e-04 
 1.679679e+01  5.499259e-04 
 1.679719e+01  5.770197e-04 
 1.679759e+01  6.031384e-04 
 1.679799e+01  6.282597e-04 
 1.679838e+01  6.523938e-04 
 1.679878e+01  6.755453e-04 
 1.679918e+01  6.977338e-04 
 1.679958e+01  7.189694e-04 
 1.679998e+01  7.392650e-04 
 1.680037e+01  7.586405e-04 
 1.680077e+01  7.770852e-04 
 1.680117e+01  7.945909e-04 
 1.680157e+01  8.111723e-04 
 1.680196e+01  8.268193e-04 
 1.680236e+01  8.415470e-04 
 1.680276e+01  8.553855e-04 
 1.680316e+01  8.683735e-04 
 1.680355e+01  8.805443e-04 
 1.680395e+01  8.919144e-04 
 1.680435e+01  9.025300e-04 
 1.680475e+01  9.124141e-04 
 1.680515e+01  9.216169e-04 
 1.680554e+01  9.301680e-04 
 1.680594e+01  9.380789e-04 
 1.680634e+01  9.453464e-04 
 1.680674e+01  9.519708e-04 
 1.680713e+01  9.579585e-04 
 1.680753e+01  9.633268e-04 
 1.680793e+01  9.680678e-04 
 1.680833e+01  9.721858e-04 
 1.680873e+01  9.756924e-04 
 1.680912e+01  9.785943e-04 
 1.680952e+01  9.808998e-04 
 1.680992e+01  9.826191e-04 
 1.681032e+01  9.837554e-04 
 1.681071e+01  9.843171e-04 
 1.681111e+01  9.842949e-04 
 1.681151e+01  9.836984e-04 
 1.681191e+01  9.825237e-04 
 1.681230e+01  9.807757e-04 
 1.681270e+01  9.784731e-04 
 1.681310e+01  9.756475e-04 
 1.681350e+01  9.723172e-04 
 1.681390e+01  9.684931e-04 
 1.681429e+01  9.642077e-04 
 1.681469e+01  9.595031e-04 
 1.681509e+01  9.544233e-04 
 1.681549e+01  9.490103e-04 
 1.681588e+01  9.433053e-04 
 1.681628e+01  9.373322e-04 
 1.681668e+01  9.311204e-04 
 1.681708e+01  9.247107e-04 
 1.681747e+01  9.181429e-04 
 1.681787e+01  9.114680e-04 
 1.681827e+01  9.047258e-04 
 1.681867e+01  8.979456e-04 
 1.681907e+01  8.911528e-04 
 1.681946e+01  8.843678e-04 
 1.681986e+01  8.776037e-04 
 1.682026e+01  8.708659e-04 
 1.682066e+01  8.641724e-04 
 1.682105e+01  8.575466e-04 
 1.682145e+01  8.509987e-04 
 1.682185e+01  8.445340e-04 
 1.682225e+01  8.381755e-04 
 1.682264e+01  8.319458e-04 
 1.682304e+01  8.258625e-04 
 1.682344e+01  8.199550e-04 
 1.682384e+01  8.142463e-04 
 1.682424e+01  8.087233e-04 
 1.682463e+01  8.033846e-04 
 1.682503e+01  7.982428e-04 
 1.682543e+01  7.933094e-04 
 1.682583e+01  7.886022e-04 
 1.682622e+01  7.841241e-04 
 1.682662e+01  7.798998e-04 
 1.682702e+01  7.759521e-04 
 1.682742e+01  7.722941e-04 
 1.682781e+01  7.689764e-04 
 1.682821e+01  7.660236e-04 
 1.682861e+01  7.634506e-04 
 1.682901e+01  7.612858e-04 
 1.682941e+01  7.595601e-04 
 1.682980e+01  7.582794e-04 
 1.683020e+01  7.575058e-04 
 1.683060e+01  7.573057e-04 
 1.683100e+01  7.577258e-04 
 1.683139e+01  7.588278e-04 
 1.683179e+01  7.606562e-04 
 1.683219e+01  7.632633e-04 
 1.683259e+01  7.667045e-04 
 1.683298e+01  7.709962e-04 
 1.683338e+01  7.761578e-04 
 1.683378e+01  7.822157e-04 
 1.683418e+01  7.891817e-04 
 1.683458e+01  7.970249e-04 
 1.683497e+01  8.057529e-04 
 1.683537e+01  8.153443e-04 
 1.683577e+01  8.257926e-04 
 1.683617e+01  8.370819e-04 
 1.683656e+01  8.492174e-04 
 1.683696e+01  8.621807e-04 
 1.683736e+01  8.759457e-04 
 1.683776e+01  8.905068e-04 
 1.683815e+01  9.058557e-04 
 1.683855e+01  9.219840e-04 
 1.683895e+01  9.388817e-04 
 1.683935e+01  9.565324e-04 
 1.683975e+01  9.749211e-04 
 1.684014e+01  9.940252e-04 
 1.684054e+01  1.013855e-03 
 1.684094e+01  1.034391e-03 
 1.684134e+01  1.055640e-03 
 1.684173e+01  1.077613e-03 
 1.684213e+01  1.100296e-03 
 1.684253e+01  1.123703e-03 
 1.684293e+01  1.147835e-03 
 1.684332e+01  1.172691e-03 
 1.684372e+01  1.198277e-03 
 1.684412e+01  1.224598e-03 
 1.684452e+01  1.251683e-03 
 1.684492e+01  1.279536e-03 
 1.684531e+01  1.308178e-03 
 1.684571e+01  1.337621e-03 
 1.684611e+01  1.367874e-03 
 1.684651e+01  1.398952e-03 
 1.684690e+01  1.430871e-03 
 1.684730e+01  1.463612e-03 
 1.684770e+01  1.497175e-03 
 1.684810e+01  1.531553e-03 
 1.684849e+01  1.566731e-03 
 1.684889e+01  1.602714e-03 
 1.684929e+01  1.639495e-03 
 1.684969e+01  1.677076e-03 
 1.685009e+01  1.715452e-03 
 1.685048e+01  1.754607e-03 
 1.685088e+01  1.794551e-03 
 1.685128e+01  1.835289e-03 
 1.685168e+01  1.876810e-03 
 1.685207e+01  1.919102e-03 
 1.685247e+01  1.962124e-03 
 1.685287e+01  2.005841e-03 
 1.685327e+01  2.050212e-03 
 1.685366e+01  2.095215e-03 
 1.685406e+01  2.140842e-03 
 1.685446e+01  2.187107e-03 
 1.685486e+01  2.234018e-03 
 1.685526e+01  2.281568e-03 
 1.685565e+01  2.329768e-03 
 1.685605e+01  2.378616e-03 
 1.685645e+01  2.428127e-03 
 1.685685e+01  2.478310e-03 
 1.685724e+01  2.529175e-03 
 1.685764e+01  2.580730e-03 
 1.685804e+01  2.632980e-03 
 1.685844e+01  2.685948e-03 
 1.685883e+01  2.739659e-03 
 1.685923e+01  2.794143e-03 
 1.685963e+01  2.849399e-03 
 1.686003e+01  2.905437e-03 
 1.686043e+01  2.962238e-03 
 1.686082e+01  3.019792e-03 
 1.686122e+01  3.078077e-03 
 1.686162e+01  3.137063e-03 
 1.686202e+01  3.196713e-03 
 1.686241e+01  3.256978e-03 
 1.686281e+01  3.317807e-03 
 1.686321e+01  3.379172e-03 
 1.686361e+01  3.441031e-03 
 1.686400e+01  3.503349e-03 
 1.686440e+01  3.566108e-03 
 1.686480e+01  3.629284e-03 
 1.686520e+01  3.692836e-03 
 1.686560e+01  3.756733e-03 
 1.686599e+01  3.820930e-03 
 1.686639e+01  3.885383e-03 
 1.686679e+01  3.950045e-03 
 1.686719e+01  4.014865e-03 
 1.686758e+01  4.079796e-03 
 1.686798e+01  4.144782e-03 
 1.686838e+01  4.209766e-03 
 1.686878e+01  4.274706e-03 
 1.686917e+01  4.339579e-03 
 1.686957e+01  4.404375e-03 
 1.686997e+01  4.469071e-03 
 1.687037e+01  4.533657e-03 
 1.687077e+01  4.598117e-03 
 1.687116e+01  4.662446e-03 
 1.687156e+01  4.726646e-03 
 1.687196e+01  4.790716e-03 
 1.687236e+01  4.854662e-03 
 1.687275e+01  4.918488e-03 
 1.687315e+01  4.982209e-03 
 1.687355e+01  5.045829e-03 
 1.687395e+01  5.109355e-03 
 1.687434e+01  5.172789e-03 
 1.687474e+01  5.236110e-03 
 1.687514e+01  5.299302e-03 
 1.687554e+01  5.362357e-03 
 1.687594e+01  5.425245e-03 
 1.687633e+01  5.487920e-03 
 1.687673e+01  5.550348e-03 
 1.687713e+01  5.612504e-03 
 1.687753e+01  5.674369e-03 
 1.687792e+01  5.735935e-03 
 1.687832e+01  5.797169e-03 
 1.687872e+01  5.858069e-03 
 1.687912e+01  5.918582e-03 
 1.687951e+01  5.978669e-03 
 1.687991e+01  6.038296e-03 
 1.688031e+01  6.097408e-03 
 1.688071e+01  6.155930e-03 
 1.688111e+01  6.213796e-03 
 1.688150e+01  6.270966e-03 
 1.688190e+01  6.327387e-03 
 1.688230e+01  6.383067e-03 
 1.688270e+01  6.437990e-03 
 1.688309e+01  6.492168e-03 
 1.688349e+01  6.545585e-03 
 1.688389e+01  6.598229e-03 
 1.688429e+01  6.650134e-03 
 1.688468e+01  6.701271e-03 
 1.688508e+01  6.751644e-03 
 1.688548e+01  6.801250e-03 
 1.688588e+01  6.850088e-03 
 1.688628e+01  6.898162e-03 
 1.688667e+01  6.945468e-03 
 1.688707e+01  6.992005e-03 
 1.688747e+01  7.037773e-03 
 1.688787e+01  7.082773e-03 
 1.688826e+01  7.127000e-03 
 1.688866e+01  7.170444e-03 
 1.688906e+01  7.213095e-03 
 1.688946e+01  7.254917e-03 
 1.688985e+01  7.295921e-03 
 1.689025e+01  7.336090e-03 
 1.689065e+01  7.375412e-03 
 1.689105e+01  7.413873e-03 
 1.689145e+01  7.451495e-03 
 1.689184e+01  7.488255e-03 
 1.689224e+01  7.524126e-03 
 1.689264e+01  7.559142e-03 
 1.689304e+01  7.593278e-03 
 1.689343e+01  7.626525e-03 
 1.689383e+01  7.658910e-03 
 1.689423e+01  7.690360e-03 
 1.689463e+01  7.720850e-03 
 1.689502e+01  7.750311e-03 
 1.689542e+01  7.778728e-03 
 1.689582e+01  7.806085e-03 
 1.689622e+01  7.832415e-03 
 1.689662e+01  7.857711e-03 
 1.689701e+01  7.881967e-03 
 1.689741e+01  7.905179e-03 
 1.689781e+01  7.927354e-03 
 1.689821e+01  7.948488e-03 
 1.689860e+01  7.968593e-03 
 1.689900e+01  7.987693e-03 
 1.689940e+01  8.005819e-03 
 1.689980e+01  8.022977e-03 
 1.690020e+01  8.039166e-03 
 1.690059e+01  8.054462e-03 
 1.690099e+01  8.068867e-03 
 1.690139e+01  8.082422e-03 
 1.690179e+01  8.095130e-03 
 1.690218e+01  8.107031e-03 
 1.690258e+01  8.118156e-03 
 1.690298e+01  8.128531e-03 
 1.690338e+01  8.138174e-03 
 1.690377e+01  8.147092e-03 
 1.690417e+01  8.155287e-03 
 1.690457e+01  8.162767e-03 
 1.690497e+01  8.169568e-03 
 1.690537e+01  8.175713e-03 
 1.690576e+01  8.181203e-03 
 1.690616e+01  8.186062e-03 
 1.690656e+01  8.190317e-03 
 1.690696e+01  8.193971e-03 
 1.690735e+01  8.197043e-03 
 1.690775e+01  8.199557e-03 
 1.690815e+01  8.201479e-03 
 1.690855e+01  8.202832e-03 
 1.690894e+01  8.203631e-03 
 1.690934e+01  8.203888e-03 
 1.690974e+01  8.203607e-03 
 1.691014e+01  8.202783e-03 
 1.691054e+01  8.201483e-03 
 1.691093e+01  8.199723e-03 
 1.691133e+01  8.197544e-03 
 1.691173e+01  8.195015e-03 
 1.691213e+01  8.192137e-03 
 1.691252e+01  8.188910e-03 
 1.691292e+01  8.185328e-03 
 1.691332e+01  8.181443e-03 
 1.691372e+01  8.177261e-03 
 1.691411e+01  8.172786e-03 
 1.691451e+01  8.168021e-03 
 1.691491e+01  8.162987e-03 
 1.691531e+01  8.157707e-03 
 1.691571e+01  8.152210e-03 
 1.691610e+01  8.146560e-03 
 1.691650e+01  8.140783e-03 
 1.691690e+01  8.134889e-03 
 1.691730e+01  8.128886e-03 
 1.691769e+01  8.122841e-03 
 1.691809e+01  8.116778e-03 
 1.691849e+01  8.110660e-03 
 1.691889e+01  8.104515e-03 
 1.691928e+01  8.098333e-03 
 1.691968e+01  8.092164e-03 
 1.692008e+01  8.085981e-03 
 1.692048e+01  8.079772e-03 
 1.692088e+01  8.073540e-03 
 1.692127e+01  8.067268e-03 
 1.692167e+01  8.060969e-03 
 1.692207e+01  8.054621e-03 
 1.692247e+01  8.048187e-03 
 1.692286e+01  8.041672e-03 
 1.692326e+01  8.035070e-03 
 1.692366e+01  8.028423e-03 
 1.692406e+01  8.021745e-03 
 1.692445e+01  8.015086e-03 
 1.692485e+01  8.008498e-03 
 1.692525e+01  8.002012e-03 
 1.692565e+01  7.995697e-03 
 1.692605e+01  7.989587e-03 
 1.692644e+01  7.983721e-03 
 1.692684e+01  7.978154e-03 
 1.692724e+01  7.972924e-03 
 1.692764e+01  7.968064e-03 
 1.692803e+01  7.963616e-03 
 1.692843e+01  7.959599e-03 
 1.692883e+01  7.956039e-03 
 1.692923e+01  7.952998e-03 
 1.692962e+01  7.950471e-03 
 1.693002e+01  7.948461e-03 
 1.693042e+01  7.947003e-03 
 1.693082e+01  7.946110e-03 
 1.693122e+01  7.945800e-03 
 1.693161e+01  7.946102e-03 
 1.693201e+01  7.947023e-03 
 1.693241e+01  7.948601e-03 
 1.693281e+01  7.950843e-03 
 1.693320e+01  7.953746e-03 
 1.693360e+01  7.957361e-03 
 1.693400e+01  7.961716e-03 
 1.693440e+01  7.966824e-03 
 1.693479e+01  7.972686e-03 
 1.693519e+01  7.979325e-03 
 1.693559e+01  7.986756e-03 
 1.693599e+01  7.994947e-03 
 1.693639e+01  8.003893e-03 
 1.693678e+01  8.013572e-03 
 1.693718e+01  8.023969e-03 
 1.693758e+01  8.035068e-03 
 1.693798e+01  8.046893e-03 
 1.693837e+01  8.059461e-03 
 1.693877e+01  8.072793e-03 
 1.693917e+01  8.086905e-03 
 1.693957e+01  8.101825e-03 
 1.693996e+01  8.117549e-03 
 1.694036e+01  8.134055e-03 
 1.694076e+01  8.151323e-03 
 1.694116e+01  8.169334e-03 
 1.694156e+01  8.188103e-03 
 1.694195e+01  8.207612e-03 
 1.694235e+01  8.227875e-03 
 1.694275e+01  8.248907e-03 
 1.694315e+01  8.270724e-03 
 1.694354e+01  8.293302e-03 
 1.694394e+01  8.316635e-03 
 1.694434e+01  8.340730e-03 
 1.694474e+01  8.365592e-03 
 1.694513e+01  8.391217e-03 
 1.694553e+01  8.417606e-03 
 1.694593e+01  8.444731e-03 
 1.694633e+01  8.472575e-03 
 1.694673e+01  8.501147e-03 
 1.694712e+01  8.530438e-03 
 1.694752e+01  8.560428e-03 
 1.694792e+01  8.591123e-03 
 1.694832e+01  8.622515e-03 
 1.694871e+01  8.654582e-03 
 1.694911e+01  8.687289e-03 
 1.694951e+01  8.720605e-03 
 1.694991e+01  8.754530e-03 
 1.695030e+01  8.789053e-03 
 1.695070e+01  8.824177e-03 
 1.695110e+01  8.859909e-03 
 1.695150e+01  8.896276e-03 
 1.695190e+01  8.933289e-03 
 1.695229e+01  8.970979e-03 
 1.695269e+01  9.009379e-03 
 1.695309e+01  9.048491e-03 
 1.695349e+01  9.088307e-03 
 1.695388e+01  9.128833e-03 
 1.695428e+01  9.170074e-03 
 1.695468e+01  9.212012e-03 
 1.695508e+01  9.254640e-03 
 1.695547e+01  9.297947e-03 
 1.695587e+01  9.341912e-03 
 1.695627e+01  9.386516e-03 
 1.695667e+01  9.431767e-03 
 1.695707e+01  9.477689e-03 
 1.695746e+01  9.524313e-03 
 1.695786e+01  9.571629e-03 
 1.695826e+01  9.619642e-03 
 1.695866e+01  9.668353e-03 
 1.695905e+01  9.717776e-03 
 1.695945e+01  9.767924e-03 
 1.695985e+01  9.818795e-03 
 1.696025e+01  9.870380e-03 
 1.696064e+01  9.922648e-03 
 1.696104e+01  9.975569e-03 
 1.696144e+01  1.002912e-02 
 1.696184e+01  1.008327e-02 
 1.696224e+01  1.013797e-02 
 1.696263e+01  1.019316e-02 
 1.696303e+01  1.024881e-02 
 1.696343e+01  1.030490e-02 
 1.696383e+01  1.036137e-02 
 1.696422e+01  1.041816e-02 
 1.696462e+01  1.047524e-02 
 1.696502e+01  1.053255e-02 
 1.696542e+01  1.059011e-02 
 1.696581e+01  1.064789e-02 
 1.696621e+01  1.070586e-02 
 1.696661e+01  1.076404e-02 
 1.696701e+01  1.082241e-02 
 1.696741e+01  1.088098e-02 
 1.696780e+01  1.093973e-02 
 1.696820e+01  1.099863e-02 
 1.696860e+01  1.105763e-02 
 1.696900e+01  1.111668e-02 
 1.696939e+01  1.117572e-02 
 1.696979e+01  1.123471e-02 
 1.697019e+01  1.129360e-02 
 1.697059e+01  1.135236e-02 
 1.697098e+01  1.141097e-02 
 1.697138e+01  1.146942e-02 
 1.697178e+01  1.152770e-02 
 1.697218e+01  1.158581e-02 
 1.697258e+01  1.164372e-02 
 1.697297e+01  1.170146e-02 
 1.697337e+01  1.175901e-02 
 1.697377e+01  1.181637e-02 
 1.697417e+01  1.187353e-02 
 1.697456e+01  1.193044e-02 
 1.697496e+01  1.198706e-02 
 1.697536e+01  1.204335e-02 
 1.697576e+01  1.209927e-02 
 1.697615e+01  1.215479e-02 
 1.697655e+01  1.220986e-02 
 1.697695e+01  1.226447e-02 
 1.697735e+01  1.231861e-02 
 1.697775e+01  1.237224e-02 
 1.697814e+01  1.242536e-02 
 1.697854e+01  1.247796e-02 
 1.697894e+01  1.253005e-02 
 1.697934e+01  1.258163e-02 
 1.697973e+01  1.263273e-02 
 1.698013e+01  1.268334e-02 
 1.698053e+01  1.273346e-02 
 1.698093e+01  1.278308e-02 
 1.698132e+01  1.283216e-02 
 1.698172e+01  1.288072e-02 
 1.698212e+01  1.292867e-02 
 1.698252e+01  1.297600e-02 
 1.698292e+01  1.302266e-02 
 1.698331e+01  1.306861e-02 
 1.698371e+01  1.311385e-02 
 1.698411e+01  1.315833e-02 
 1.698451e+01  1.320202e-02 
 1.698490e+01  1.324486e-02 
 1.698530e+01  1.328690e-02 
 1.698570e+01  1.332814e-02 
 1.698610e+01  1.336860e-02 
 1.698649e+01  1.340830e-02 
 1.698689e+01  1.344722e-02 
 1.698729e+01  1.348538e-02 
 1.698769e+01  1.352274e-02 
 1.698809e+01  1.355931e-02 
 1.698848e+01  1.359507e-02 
 1.698888e+01  1.363003e-02 
 1.698928e+01  1.366420e-02 
 1.698968e+01  1.369758e-02 
 1.699007e+01  1.373021e-02 
 1.699047e+01  1.376211e-02 
 1.699087e+01  1.379329e-02 
 1.699127e+01  1.382376e-02 
 1.699167e+01  1.385352e-02 
 1.699206e+01  1.388256e-02 
 1.699246e+01  1.391089e-02 
 1.699286e+01  1.393851e-02 
 1.699326e+01  1.396545e-02 
 1.699365e+01  1.399173e-02 
 1.699405e+01  1.401736e-02 
 1.699445e+01  1.404235e-02 
 1.699485e+01  1.406669e-02 
 1.699524e+01  1.409040e-02 
 1.699564e+01  1.411344e-02 
 1.699604e+01  1.413582e-02 
 1.699644e+01  1.415751e-02 
 1.699684e+01  1.417847e-02 
 1.699723e+01  1.419864e-02 
 1.699763e+01  1.421797e-02 
 1.699803e+01  1.423641e-02 
 1.699843e+01  1.425394e-02 
 1.699882e+01  1.427052e-02 
 1.699922e+01  1.428617e-02 
 1.699962e+01  1.430085e-02 
 1.700002e+01  1.431456e-02 
 1.700041e+01  1.432730e-02 
 1.700081e+01  1.433904e-02 
 1.700121e+01  1.434977e-02 
 1.700161e+01  1.435948e-02 
 1.700201e+01  1.436816e-02 
 1.700240e+01  1.437579e-02 
 1.700280e+01  1.438236e-02 
 1.700320e+01  1.438790e-02 
 1.700360e+01  1.439242e-02 
 1.700399e+01  1.439595e-02 
 1.700439e+01  1.439857e-02 
 1.700479e+01  1.440034e-02 
 1.700519e+01  1.440134e-02 
 1.700558e+01  1.440167e-02 
 1.700598e+01  1.440139e-02 
 1.700638e+01  1.440060e-02 
 1.700678e+01  1.439934e-02 
 1.700718e+01  1.439767e-02 
 1.700757e+01  1.439567e-02 
 1.700797e+01  1.439340e-02 
 1.700837e+01  1.439092e-02 
 1.700877e+01  1.438827e-02 
 1.700916e+01  1.438552e-02 
 1.700956e+01  1.438266e-02 
 1.700996e+01  1.437970e-02 
 1.701036e+01  1.437664e-02 
 1.701075e+01  1.437350e-02 
 1.701115e+01  1.437030e-02 
 1.701155e+01  1.436705e-02 
 1.701195e+01  1.436379e-02 
 1.701235e+01  1.436055e-02 
 1.701274e+01  1.435734e-02 
 1.701314e+01  1.435417e-02 
 1.701354e+01  1.435106e-02 
 1.701394e+01  1.434800e-02 
 1.701433e+01  1.434500e-02 
 1.701473e+01  1.434203e-02 
 1.701513e+01  1.433909e-02 
 1.701553e+01  1.433615e-02 
 1.701592e+01  1.433313e-02 
 1.701632e+01  1.432999e-02 
 1.701672e+01  1.432670e-02 
 1.701712e+01  1.432322e-02 
 1.701752e+01  1.431955e-02 
 1.701791e+01  1.431567e-02 
 1.701831e+01  1.431161e-02 
 1.701871e+01  1.430736e-02 
 1.701911e+01  1.430298e-02 
 1.701950e+01  1.429850e-02 
 1.701990e+01  1.429394e-02 
 1.702030e+01  1.428934e-02 
 1.702070e+01  1.428473e-02 
 1.702109e+01  1.428016e-02 
 1.702149e+01  1.427566e-02 
 1.702189e+01  1.427127e-02 
 1.702229e+01  1.426706e-02 
 1.702269e+01  1.426304e-02 
 1.702308e+01  1.425925e-02 
 1.702348e+01  1.425571e-02 
 1.702388e+01  1.425241e-02 
 1.702428e+01  1.424934e-02 
 1.702467e+01  1.424650e-02 
 1.702507e+01  1.424388e-02 
 1.702547e+01  1.424149e-02 
 1.702587e+01  1.423933e-02 
 1.702626e+01  1.423741e-02 
 1.702666e+01  1.423572e-02 
 1.702706e+01  1.423431e-02 
 1.702746e+01  1.423318e-02 
 1.702786e+01  1.423240e-02 
 1.702825e+01  1.423194e-02 
 1.702865e+01  1.423181e-02 
 1.702905e+01  1.423201e-02 
 1.702945e+01  1.423257e-02 
 1.702984e+01  1.423348e-02 
 1.703024e+01  1.423475e-02 
 1.703064e+01  1.423640e-02 
 1.703104e+01  1.423846e-02 
 1.703143e+01  1.424099e-02 
 1.703183e+01  1.424403e-02 
 1.703223e+01  1.424763e-02 
 1.703263e+01  1.425183e-02 
 1.703303e+01  1.425667e-02 
 1.703342e+01  1.426221e-02 
 1.703382e+01  1.426851e-02 
 1.703422e+01  1.427562e-02 
 1.703462e+01  1.428361e-02 
 1.703501e+01  1.429255e-02 
 1.703541e+01  1.430249e-02 
 1.703581e+01  1.431349e-02 
 1.703621e+01  1.432554e-02 
 1.703660e+01  1.433866e-02 
 1.703700e+01  1.435289e-02 
 1.703740e+01  1.436820e-02 
 1.703780e+01  1.438461e-02 
 1.703820e+01  1.440211e-02 
 1.703859e+01  1.442066e-02 
 1.703899e+01  1.444023e-02 
 1.703939e+01  1.446078e-02 
 1.703979e+01  1.448229e-02 
 1.704018e+01  1.450475e-02 
 1.704058e+01  1.452812e-02 
 1.704098e+01  1.455239e-02 
 1.704138e+01  1.457753e-02 
 1.704177e+01  1.460350e-02 
 1.704217e+01  1.463025e-02 
 1.704257e+01  1.465772e-02 
 1.704297e+01  1.468584e-02 
 1.704337e+01  1.471456e-02 
 1.704376e+01  1.474382e-02 
 1.704416e+01  1.477357e-02 
 1.704456e+01  1.480380e-02 
 1.704496e+01  1.483445e-02 
 1.704535e+01  1.486555e-02 
 1.704575e+01  1.489707e-02 
 1.704615e+01  1.492903e-02 
 1.704655e+01  1.496144e-02 
 1.704694e+01  1.499435e-02 
 1.704734e+01  1.502781e-02 
 1.704774e+01  1.506187e-02 
 1.704814e+01  1.509654e-02 
 1.704854e+01  1.513188e-02 
 1.704893e+01  1.516793e-02 
 1.704933e+01  1.520470e-02 
 1.704973e+01  1.524226e-02 
 1.705013e+01  1.528064e-02 
 1.705052e+01  1.531986e-02 
 1.705092e+01  1.535994e-02 
 1.705132e+01  1.540093e-02 
 1.705172e+01  1.544283e-02 
 1.705211e+01  1.548561e-02 
 1.705251e+01  1.552928e-02 
 1.705291e+01  1.557381e-02 
 1.705331e+01  1.561920e-02 
 1.705371e+01  1.566543e-02 
 1.705410e+01  1.571248e-02 
 1.705450e+01  1.576032e-02 
 1.705490e+01  1.580892e-02 
 1.705530e+01  1.585822e-02 
 1.705569e+01  1.590819e-02 
 1.705609e+01  1.595880e-02 
 1.705649e+01  1.600998e-02 
 1.705689e+01  1.606170e-02 
 1.705728e+01  1.611394e-02 
 1.705768e+01  1.616665e-02 
 1.705808e+01  1.621979e-02 
 1.705848e+01  1.627334e-02 
 1.705888e+01  1.632729e-02 
 1.705927e+01  1.638161e-02 
 1.705967e+01  1.643629e-02 
 1.706007e+01  1.649132e-02 
 1.706047e+01  1.654669e-02 
 1.706086e+01  1.660238e-02 
 1.706126e+01  1.665840e-02 
 1.706166e+01  1.671472e-02 
 1.706206e+01  1.677136e-02 
 1.706245e+01  1.682831e-02 
 1.706285e+01  1.688557e-02 
 1.706325e+01  1.694316e-02 
 1.706365e+01  1.700108e-02 
 1.706405e+01  1.705931e-02 
 1.706444e+01  1.711785e-02 
 1.706484e+01  1.717671e-02 
 1.706524e+01  1.723588e-02 
 1.706564e+01  1.729534e-02 
 1.706603e+01  1.735508e-02 
 1.706643e+01  1.741512e-02 
 1.706683e+01  1.747547e-02 
 1.706723e+01  1.753610e-02 
 1.706762e+01  1.759700e-02 
 1.706802e+01  1.765813e-02 
 1.706842e+01  1.771945e-02 
 1.706882e+01  1.778093e-02 
 1.706922e+01  1.784254e-02 
 1.706961e+01  1.790421e-02 
 1.707001e+01  1.796588e-02 
 1.707041e+01  1.802748e-02 
 1.707081e+01  1.808894e-02 
 1.707120e+01  1.815017e-02 
 1.707160e+01  1.821111e-02 
 1.707200e+01  1.827166e-02 
 1.707240e+01  1.833178e-02 
 1.707279e+01  1.839146e-02 
 1.707319e+01  1.845072e-02 
 1.707359e+01  1.850961e-02 
 1.707399e+01  1.856816e-02 
 1.707439e+01  1.862643e-02 
 1.707478e+01  1.868443e-02 
 1.707518e+01  1.874218e-02 
 1.707558e+01  1.879965e-02 
 1.707598e+01  1.885681e-02 
 1.707637e+01  1.891365e-02 
 1.707677e+01  1.897010e-02 
 1.707717e+01  1.902615e-02 
 1.707757e+01  1.908172e-02 
 1.707796e+01  1.913678e-02 
 1.707836e+01  1.919125e-02 
 1.707876e+01  1.924508e-02 
 1.707916e+01  1.929825e-02 
 1.707956e+01  1.935071e-02 
 1.707995e+01  1.940242e-02 
 1.708035e+01  1.945339e-02 
 1.708075e+01  1.950357e-02 
 1.708115e+01  1.955294e-02 
 1.708154e+01  1.960148e-02 
 1.708194e+01  1.964917e-02 
 1.708234e+01  1.969598e-02 
 1.708274e+01  1.974188e-02 
 1.708314e+01  1.978686e-02 
 1.708353e+01  1.983087e-02 
 1.708393e+01  1.987387e-02 
 1.708433e+01  1.991581e-02 
 1.708473e+01  1.995663e-02 
 1.708512e+01  1.999631e-02 
 1.708552e+01  2.003481e-02 
 1.708592e+01  2.007214e-02 
 1.708632e+01  2.010828e-02 
 1.708671e+01  2.014327e-02 
 1.708711e+01  2.017715e-02 
 1.708751e+01  2.020994e-02 
 1.708791e+01  2.024171e-02 
 1.708831e+01  2.027253e-02 
 1.708870e+01  2.030250e-02 
 1.708910e+01  2.033155e-02 
 1.708950e+01  2.036003e-02 
 1.708990e+01  2.038780e-02 
 1.709029e+01  2.041529e-02 
 1.709069e+01  2.044196e-02 
 1.709109e+01  2.046863e-02 
 1.709149e+01  2.049481e-02 
 1.709188e+01  2.052065e-02 
 1.709228e+01  2.054632e-02 
 1.709268e+01  2.057173e-02 
 1.709308e+01  2.059710e-02 
 1.709348e+01  2.062203e-02 
 1.709387e+01  2.064641e-02 
 1.709427e+01  2.067049e-02 
 1.709467e+01  2.069382e-02 
 1.709507e+01  2.071699e-02 
 1.709546e+01  2.073988e-02 
 1.709586e+01  2.076219e-02 
 1.709626e+01  2.078396e-02 
 1.709666e+01  2.080490e-02 
 1.709705e+01  2.082515e-02 
 1.709745e+01  2.084433e-02 
 1.709785e+01  2.086236e-02 
 1.709825e+01  2.087951e-02 
 1.709865e+01  2.089541e-02 
 1.709904e+01  2.091016e-02 
 1.709944e+01  2.092353e-02 
 1.709984e+01  2.093541e-02 
 1.710024e+01  2.094574e-02 
 1.710063e+01  2.095453e-02 
 1.710103e+01  2.096200e-02 
 1.710143e+01  2.096828e-02 
 1.710183e+01  2.097329e-02 
 1.710222e+01  2.097729e-02 
 1.710262e+01  2.098019e-02 
 1.710302e+01  2.098196e-02 
 1.710342e+01  2.098269e-02 
 1.710382e+01  2.098222e-02 
 1.710421e+01  2.098081e-02 
 1.710461e+01  2.097830e-02 
 1.710501e+01  2.097487e-02 
 1.710541e+01  2.097067e-02 
 1.710580e+01  2.096555e-02 
 1.710620e+01  2.095989e-02 
 1.710660e+01  2.095376e-02 
 1.710700e+01  2.094723e-02 
 1.710739e+01  2.094026e-02 
 1.710779e+01  2.093279e-02 
 1.710819e+01  2.092526e-02 
 1.710859e+01  2.091758e-02 
 1.710899e+01  2.091002e-02 
 1.710938e+01  2.090267e-02 
 1.710978e+01  2.089537e-02 
 1.711018e+01  2.088819e-02 
 1.711058e+01  2.088124e-02 
 1.711097e+01  2.087462e-02 
 1.711137e+01  2.086795e-02 
 1.711177e+01  2.086069e-02 
 1.711217e+01  2.085298e-02 
 1.711256e+01  2.084509e-02 
 1.711296e+01  2.083715e-02 
 1.711336e+01  2.082929e-02 
 1.711376e+01  2.082132e-02 
 1.711416e+01  2.081316e-02 
 1.711455e+01  2.080467e-02 
 1.711495e+01  2.079619e-02 
 1.711535e+01  2.078789e-02 
 1.711575e+01  2.077924e-02 
 1.711614e+01  2.077018e-02 
 1.711654e+01  2.076068e-02 
 1.711694e+01  2.075128e-02 
 1.711734e+01  2.074211e-02 
 1.711773e+01  2.073294e-02 
 1.711813e+01  2.072379e-02 
 1.711853e+01  2.071421e-02 
 1.711893e+01  2.070456e-02 
 1.711933e+01  2.069476e-02 
 1.711972e+01  2.068488e-02 
 1.712012e+01  2.067483e-02 
 1.712052e+01  2.066459e-02 
 1.712092e+01  2.065430e-02 
 1.712131e+01  2.064406e-02 
 1.712171e+01  2.063407e-02 
 1.712211e+01  2.062452e-02 
 1.712251e+01  2.061514e-02 
 1.712290e+01  2.060585e-02 
 1.712330e+01  2.059664e-02 
 1.712370e+01  2.058754e-02 
 1.712410e+01  2.057871e-02 
 1.712450e+01  2.056996e-02 
 1.712489e+01  2.056139e-02 
 1.712529e+01  2.055278e-02 
 1.712569e+01  2.054427e-02 
 1.712609e+01  2.053599e-02 
 1.712648e+01  2.052791e-02 
 1.712688e+01  2.052002e-02 
 1.712728e+01  2.051227e-02 
 1.712768e+01  2.050471e-02 
 1.712807e+01  2.049746e-02 
 1.712847e+01  2.049067e-02 
 1.712887e+01  2.048441e-02 
 1.712927e+01  2.047869e-02 
 1.712967e+01  2.047353e-02 
 1.713006e+01  2.046896e-02 
 1.713046e+01  2.046497e-02 
 1.713086e+01  2.046148e-02 
 1.713126e+01  2.045849e-02 
 1.713165e+01  2.045601e-02 
 1.713205e+01  2.045397e-02 
 1.713245e+01  2.045239e-02 
 1.713285e+01  2.045132e-02 
 1.713324e+01  2.045080e-02 
 1.713364e+01  2.045085e-02 
 1.713404e+01  2.045137e-02 
 1.713444e+01  2.045251e-02 
 1.713484e+01  2.045437e-02 
 1.713523e+01  2.045705e-02 
 1.713563e+01  2.046057e-02 
 1.713603e+01  2.046493e-02 
 1.713643e+01  2.047005e-02 
 1.713682e+01  2.047594e-02 
 1.713722e+01  2.048265e-02 
 1.713762e+01  2.049019e-02 
 1.713802e+01  2.049835e-02 
 1.713841e+01  2.050720e-02 
 1.713881e+01  2.051676e-02 
 1.713921e+01  2.052687e-02 
 1.713961e+01  2.053752e-02 
 1.714001e+01  2.054857e-02 
 1.714040e+01  2.056011e-02 
 1.714080e+01  2.057208e-02 
 1.714120e+01  2.058445e-02 
 1.714160e+01  2.059748e-02 
 1.714199e+01  2.061115e-02 
 1.714239e+01  2.062553e-02 
 1.714279e+01  2.064064e-02 
 1.714319e+01  2.065664e-02 
 1.714358e+01  2.067365e-02 
 1.714398e+01  2.069167e-02 
 1.714438e+01  2.071072e-02 
 1.714478e+01  2.073075e-02 
 1.714518e+01  2.075182e-02 
 1.714557e+01  2.077397e-02 
 1.714597e+01  2.079724e-02 
 1.714637e+01  2.082155e-02 
 1.714677e+01  2.084692e-02 
 1.714716e+01  2.087348e-02 
 1.714756e+01  2.090125e-02 
 1.714796e+01  2.093024e-02 
 1.714836e+01  2.096032e-02 
 1.714875e+01  2.099140e-02 
 1.714915e+01  2.102341e-02 
 1.714955e+01  2.105634e-02 
 1.714995e+01  2.109033e-02 
 1.715035e+01  2.112532e-02 
 1.715074e+01  2.116111e-02 
 1.715114e+01  2.119748e-02 
 1.715154e+01  2.123435e-02 
 1.715194e+01  2.127169e-02 
 1.715233e+01  2.130949e-02 
 1.715273e+01  2.134780e-02 
 1.715313e+01  2.138654e-02 
 1.715353e+01  2.142556e-02 
 1.715392e+01  2.146484e-02 
 1.715432e+01  2.150443e-02 
 1.715472e+01  2.154437e-02 
 1.715512e+01  2.158440e-02 
 1.715552e+01  2.162433e-02 
 1.715591e+01  2.166419e-02 
 1.715631e+01  2.170410e-02 
 1.715671e+01  2.174418e-02 
 1.715711e+01  2.178428e-02 
 1.715750e+01  2.182425e-02 
 1.715790e+01  2.186397e-02 
 1.715830e+01  2.190354e-02 
 1.715870e+01  2.194322e-02 
 1.715909e+01  2.198311e-02 
 1.715949e+01  2.202319e-02 
 1.715989e+01  2.206338e-02 
 1.716029e+01  2.210390e-02 
 1.716069e+01  2.214509e-02 
 1.716108e+01  2.218704e-02 
 1.716148e+01  2.222970e-02 
 1.716188e+01  2.227305e-02 
 1.716228e+01  2.231706e-02 
 1.716267e+01  2.236173e-02 
 1.716307e+01  2.240704e-02 
 1.716347e+01  2.245292e-02 
 1.716387e+01  2.249938e-02 
 1.716426e+01  2.254639e-02 
 1.716466e+01  2.259416e-02 
 1.716506e+01  2.264278e-02 
 1.716546e+01  2.269208e-02 
 1.716586e+01  2.274183e-02 
 1.716625e+01  2.279184e-02 
 1.716665e+01  2.284204e-02 
 1.716705e+01  2.289237e-02 
 1.716745e+01  2.294286e-02 
 1.716784e+01  2.299348e-02 
 1.716824e+01  2.304424e-02 
 1.716864e+01  2.309514e-02 
 1.716904e+01  2.314615e-02 
 1.716943e+01  2.319717e-02 
 1.716983e+01  2.324810e-02 
 1.717023e+01  2.329886e-02 
 1.717063e+01  2.334944e-02 
 1.717103e+01  2.339975e-02 
 1.717142e+01  2.344978e-02 
 1.717182e+01  2.349940e-02 
 1.717222e+01  2.354856e-02 
 1.717262e+01  2.359710e-02 
 1.717301e+01  2.364501e-02 
 1.717341e+01  2.369230e-02 
 1.717381e+01  2.373892e-02 
 1.717421e+01  2.378476e-02 
 1.717460e+01  2.382970e-02 
 1.717500e+01  2.387373e-02 
 1.717540e+01  2.391686e-02 
 1.717580e+01  2.395920e-02 
 1.717620e+01  2.400086e-02 
 1.717659e+01  2.404200e-02 
 1.717699e+01  2.408265e-02 
 1.717739e+01  2.412273e-02 
 1.717779e+01  2.416225e-02 
 1.717818e+01  2.420128e-02 
 1.717858e+01  2.423985e-02 
 1.717898e+01  2.427786e-02 
 1.717938e+01  2.431526e-02 
 1.717978e+01  2.435202e-02 
 1.718017e+01  2.438805e-02 
 1.718057e+01  2.442334e-02 
 1.718097e+01  2.445793e-02 
 1.718137e+01  2.449178e-02 
 1.718176e+01  2.452478e-02 
 1.718216e+01  2.455691e-02 
 1.718256e+01  2.458839e-02 
 1.718296e+01  2.461931e-02 
 1.718335e+01  2.464955e-02 
 1.718375e+01  2.467906e-02 
 1.718415e+01  2.470781e-02 
 1.718455e+01  2.473587e-02 
 1.718495e+01  2.476326e-02 
 1.718534e+01  2.479006e-02 
 1.718574e+01  2.481627e-02 
 1.718614e+01  2.484182e-02 
 1.718654e+01  2.486663e-02 
 1.718693e+01  2.489066e-02 
 1.718733e+01  2.491393e-02 
 1.718773e+01  2.493637e-02 
 1.718813e+01  2.495793e-02 
 1.718852e+01  2.497866e-02 
 1.718892e+01  2.499854e-02 
 1.718932e+01  2.501774e-02 
 1.718972e+01  2.503630e-02 
 1.719012e+01  2.505423e-02 
 1.719051e+01  2.507146e-02 
 1.719091e+01  2.508799e-02 
 1.719131e+01  2.510383e-02 
 1.719171e+01  2.511906e-02 
 1.719210e+01  2.513364e-02 
 1.719250e+01  2.514760e-02 
 1.719290e+01  2.516087e-02 
 1.719330e+01  2.517344e-02 
 1.719369e+01  2.518533e-02 
 1.719409e+01  2.519650e-02 
 1.719449e+01  2.520692e-02 
 1.719489e+01  2.521657e-02 
 1.719529e+01  2.522549e-02 
 1.719568e+01  2.523373e-02 
 1.719608e+01  2.524132e-02 
 1.719648e+01  2.524835e-02 
 1.719688e+01  2.525478e-02 
 1.719727e+01  2.526059e-02 
 1.719767e+01  2.526583e-02 
 1.719807e+01  2.527059e-02 
 1.719847e+01  2.527493e-02 
 1.719886e+01  2.527879e-02 
 1.719926e+01  2.528211e-02 
 1.719966e+01  2.528486e-02 
 1.720006e+01  2.528703e-02 
 1.720046e+01  2.528869e-02 
 1.720085e+01  2.528976e-02 
 1.720125e+01  2.529015e-02 
 1.720165e+01  2.528983e-02 
 1.720205e+01  2.528883e-02 
 1.720244e+01  2.528720e-02 
 1.720284e+01  2.528496e-02 
 1.720324e+01  2.528201e-02 
 1.720364e+01  2.527841e-02 
 1.720403e+01  2.527424e-02 
 1.720443e+01  2.526961e-02 
 1.720483e+01  2.526448e-02 
 1.720523e+01  2.525875e-02 
 1.720563e+01  2.525232e-02 
 1.720602e+01  2.524516e-02 
 1.720642e+01  2.523734e-02 
 1.720682e+01  2.522887e-02 
 1.720722e+01  2.521967e-02 
 1.720761e+01  2.520972e-02 
 1.720801e+01  2.519899e-02 
 1.720841e+01  2.518755e-02 
 1.720881e+01  2.517535e-02 
 1.720920e+01  2.516237e-02 
 1.720960e+01  2.514854e-02 
 1.721000e+01  2.513390e-02 
 1.721040e+01  2.511859e-02 
 1.721080e+01  2.510277e-02 
 1.721119e+01  2.508654e-02 
 1.721159e+01  2.506987e-02 
 1.721199e+01  2.505283e-02 
 1.721239e+01  2.503550e-02 
 1.721278e+01  2.501795e-02 
 1.721318e+01  2.500027e-02 
 1.721358e+01  2.498241e-02 
 1.721398e+01  2.496439e-02 
 1.721437e+01  2.494630e-02 
 1.721477e+01  2.492822e-02 
 1.721517e+01  2.491028e-02 
 1.721557e+01  2.489264e-02 
 1.721597e+01  2.487536e-02 
 1.721636e+01  2.485856e-02 
 1.721676e+01  2.484225e-02 
 1.721716e+01  2.482653e-02 
 1.721756e+01  2.481135e-02 
 1.721795e+01  2.479665e-02 
 1.721835e+01  2.478239e-02 
 1.721875e+01  2.476856e-02 
 1.721915e+01  2.475520e-02 
 1.721954e+01  2.474230e-02 
 1.721994e+01  2.472989e-02 
 1.722034e+01  2.471793e-02 
 1.722074e+01  2.470625e-02 
 1.722114e+01  2.469477e-02 
 1.722153e+01  2.468344e-02 
 1.722193e+01  2.467236e-02 
 1.722233e+01  2.466155e-02 
 1.722273e+01  2.465106e-02 
 1.722312e+01  2.464088e-02 
 1.722352e+01  2.463100e-02 
 1.722392e+01  2.462143e-02 
 1.722432e+01  2.461222e-02 
 1.722471e+01  2.460340e-02 
 1.722511e+01  2.459483e-02 
 1.722551e+01  2.458628e-02 
 1.722591e+01  2.457765e-02 
 1.722631e+01  2.456884e-02 
 1.722670e+01  2.455980e-02 
 1.722710e+01  2.455049e-02 
 1.722750e+01  2.454085e-02 
 1.722790e+01  2.453090e-02 
 1.722829e+01  2.452076e-02 
 1.722869e+01  2.451054e-02 
 1.722909e+01  2.450033e-02 
 1.722949e+01  2.449019e-02 
 1.722988e+01  2.448017e-02 
 1.723028e+01  2.447035e-02 
 1.723068e+01  2.446095e-02 
 1.723108e+01  2.445210e-02 
 1.723148e+01  2.444394e-02 
 1.723187e+01  2.443651e-02 
 1.723227e+01  2.442976e-02 
 1.723267e+01  2.442372e-02 
 1.723307e+01  2.441840e-02 
 1.723346e+01  2.441380e-02 
 1.723386e+01  2.440990e-02 
 1.723426e+01  2.440674e-02 
 1.723466e+01  2.440431e-02 
 1.723505e+01  2.440262e-02 
 1.723545e+01  2.440171e-02 
 1.723585e+01  2.440165e-02 
 1.723625e+01  2.440248e-02 
 1.723665e+01  2.440427e-02 
 1.723704e+01  2.440713e-02 
 1.723744e+01  2.441116e-02 
 1.723784e+01  2.441635e-02 
 1.723824e+01  2.442266e-02 
 1.723863e+01  2.443002e-02 
 1.723903e+01  2.443843e-02 
 1.723943e+01  2.444790e-02 
 1.723983e+01  2.445844e-02 
 1.724022e+01  2.447002e-02 
 1.724062e+01  2.448265e-02 
 1.724102e+01  2.449620e-02 
 1.724142e+01  2.451058e-02 
 1.724182e+01  2.452577e-02 
 1.724221e+01  2.454170e-02 
 1.724261e+01  2.455829e-02 
 1.724301e+01  2.457549e-02 
 1.724341e+01  2.459335e-02 
 1.724380e+01  2.461189e-02 
 1.724420e+01  2.463115e-02 
 1.724460e+01  2.465112e-02 
 1.724500e+01  2.467172e-02 
 1.724539e+01  2.469301e-02 
 1.724579e+01  2.471505e-02 
 1.724619e+01  2.473789e-02 
 1.724659e+01  2.476154e-02 
 1.724699e+01  2.478590e-02 
 1.724738e+01  2.481093e-02 
 1.724778e+01  2.483664e-02 
 1.724818e+01  2.486308e-02 
 1.724858e+01  2.489019e-02 
 1.724897e+01  2.491795e-02 
 1.724937e+01  2.494631e-02 
 1.724977e+01  2.497525e-02 
 1.725017e+01  2.500484e-02 
 1.725056e+01  2.503513e-02 
 1.725096e+01  2.506608e-02 
 1.725136e+01  2.509767e-02 
 1.725176e+01  2.512996e-02 
 1.725216e+01  2.516290e-02 
 1.725255e+01  2.519642e-02 
 1.725295e+01  2.523046e-02 
 1.725335e+01  2.526498e-02 
 1.725375e+01  2.529998e-02 
 1.725414e+01  2.533549e-02 
 1.725454e+01  2.537154e-02 
 1.725494e+01  2.540818e-02 
 1.725534e+01  2.544539e-02 
 1.725573e+01  2.548313e-02 
 1.725613e+01  2.552143e-02 
 1.725653e+01  2.556023e-02 
 1.725693e+01  2.559945e-02 
 1.725733e+01  2.563907e-02 
 1.725772e+01  2.567908e-02 
 1.725812e+01  2.571954e-02 
 1.725852e+01  2.576044e-02 
 1.725892e+01  2.580168e-02 
 1.725931e+01  2.584315e-02 
 1.725971e+01  2.588473e-02 
 1.726011e+01  2.592628e-02 
 1.726051e+01  2.596773e-02 
 1.726090e+01  2.600898e-02 
 1.726130e+01  2.604996e-02 
 1.726170e+01  2.609067e-02 
 1.726210e+01  2.613119e-02 
 1.726250e+01  2.617160e-02 
 1.726289e+01  2.621186e-02 
 1.726329e+01  2.625193e-02 
 1.726369e+01  2.629180e-02 
 1.726409e+01  2.633150e-02 
 1.726448e+01  2.637100e-02 
 1.726488e+01  2.641026e-02 
 1.726528e+01  2.644933e-02 
 1.726568e+01  2.648814e-02 
 1.726607e+01  2.652670e-02 
 1.726647e+01  2.656504e-02 
 1.726687e+01  2.660320e-02 
 1.726727e+01  2.664113e-02 
 1.726767e+01  2.667877e-02 
 1.726806e+01  2.671614e-02 
 1.726846e+01  2.675326e-02 
 1.726886e+01  2.679007e-02 
 1.726926e+01  2.682656e-02 
 1.726965e+01  2.686275e-02 
 1.727005e+01  2.689872e-02 
 1.727045e+01  2.693455e-02 
 1.727085e+01  2.697037e-02 
 1.727125e+01  2.700627e-02 
 1.727164e+01  2.704224e-02 
 1.727204e+01  2.707827e-02 
 1.727244e+01  2.711439e-02 
 1.727284e+01  2.715055e-02 
 1.727323e+01  2.718668e-02 
 1.727363e+01  2.722271e-02 
 1.727403e+01  2.725857e-02 
 1.727443e+01  2.729421e-02 
 1.727482e+01  2.732957e-02 
 1.727522e+01  2.736469e-02 
 1.727562e+01  2.739954e-02 
 1.727602e+01  2.743409e-02 
 1.727642e+01  2.746835e-02 
 1.727681e+01  2.750229e-02 
 1.727721e+01  2.753582e-02 
 1.727761e+01  2.756887e-02 
 1.727801e+01  2.760133e-02 
 1.727840e+01  2.763322e-02 
 1.727880e+01  2.766442e-02 
 1.727920e+01  2.769494e-02 
 1.727960e+01  2.772471e-02 
 1.727999e+01  2.775363e-02 
 1.728039e+01  2.778160e-02 
 1.728079e+01  2.780855e-02 
 1.728119e+01  2.783437e-02 
 1.728159e+01  2.785904e-02 
 1.728198e+01  2.788251e-02 
 1.728238e+01  2.790485e-02 
 1.728278e+01  2.792612e-02 
 1.728318e+01  2.794642e-02 
 1.728357e+01  2.796576e-02 
 1.728397e+01  2.798413e-02 
 1.728437e+01  2.800157e-02 
 1.728477e+01  2.801805e-02 
 1.728516e+01  2.803365e-02 
 1.728556e+01  2.804845e-02 
 1.728596e+01  2.806250e-02 
 1.728636e+01  2.807586e-02 
 1.728676e+01  2.808850e-02 
 1.728715e+01  2.810051e-02 
 1.728755e+01  2.811192e-02 
 1.728795e+01  2.812269e-02 
 1.728835e+01  2.813275e-02 
 1.728874e+01  2.814213e-02 
 1.728914e+01  2.815080e-02 
 1.728954e+01  2.815877e-02 
 1.728994e+01  2.816590e-02 
 1.729033e+01  2.817224e-02 
 1.729073e+01  2.817788e-02 
 1.729113e+01  2.818273e-02 
 1.729153e+01  2.818705e-02 
 1.729193e+01  2.819098e-02 
 1.729232e+01  2.819448e-02 
 1.729272e+01  2.819750e-02 
 1.729312e+01  2.820000e-02 
 1.729352e+01  2.820200e-02 
 1.729391e+01  2.820335e-02 
 1.729431e+01  2.820407e-02 
 1.729471e+01  2.820419e-02 
 1.729511e+01  2.820348e-02 
 1.729550e+01  2.820197e-02 
 1.729590e+01  2.819939e-02 
 1.729630e+01  2.819577e-02 
 1.729670e+01  2.819103e-02 
 1.729710e+01  2.818525e-02 
 1.729749e+01  2.817857e-02 
 1.729789e+01  2.817102e-02 
 1.729829e+01  2.816271e-02 
 1.729869e+01  2.815354e-02 
 1.729908e+01  2.814364e-02 
 1.729948e+01  2.813309e-02 
 1.729988e+01  2.812189e-02 
 1.730028e+01  2.811019e-02 
 1.730067e+01  2.809793e-02 
 1.730107e+01  2.808500e-02 
 1.730147e+01  2.807142e-02 
 1.730187e+01  2.805722e-02 
 1.730227e+01  2.804229e-02 
 1.730266e+01  2.802656e-02 
 1.730306e+01  2.801008e-02 
 1.730346e+01  2.799286e-02 
 1.730386e+01  2.797490e-02 
 1.730425e+01  2.795630e-02 
 1.730465e+01  2.793704e-02 
 1.730505e+01  2.791703e-02 
 1.730545e+01  2.789636e-02 
 1.730584e+01  2.787522e-02 
 1.730624e+01  2.785363e-02 
 1.730664e+01  2.783163e-02 
 1.730704e+01  2.780928e-02 
 1.730744e+01  2.778654e-02 
 1.730783e+01  2.776342e-02 
 1.730823e+01  2.773990e-02 
 1.730863e+01  2.771604e-02 
 1.730903e+01  2.769191e-02 
 1.730942e+01  2.766761e-02 
 1.730982e+01  2.764308e-02 
 1.731022e+01  2.761833e-02 
 1.731062e+01  2.759337e-02 
 1.731101e+01  2.756810e-02 
 1.731141e+01  2.754259e-02 
 1.731181e+01  2.751677e-02 
 1.731221e+01  2.749066e-02 
 1.731261e+01  2.746434e-02 
 1.731300e+01  2.743781e-02 
 1.731340e+01  2.741116e-02 
 1.731380e+01  2.738424e-02 
 1.731420e+01  2.735713e-02 
 1.731459e+01  2.732977e-02 
 1.731499e+01  2.730217e-02 
 1.731539e+01  2.727443e-02 
 1.731579e+01  2.724646e-02 
 1.731618e+01  2.721824e-02 
 1.731658e+01  2.718985e-02 
 1.731698e+01  2.716128e-02 
 1.731738e+01  2.713258e-02 
 1.731778e+01  2.710375e-02 
 1.731817e+01  2.707489e-02 
 1.731857e+01  2.704603e-02 
 1.731897e+01  2.701717e-02 
 1.731937e+01  2.698828e-02 
 1.731976e+01  2.695930e-02 
 1.732016e+01  2.693017e-02 
 1.732056e+01  2.690082e-02 
 1.732096e+01  2.687121e-02 
 1.732135e+01  2.684130e-02 
 1.732175e+01  2.681111e-02 
 1.732215e+01  2.678068e-02 
 1.732255e+01  2.675002e-02 
 1.732295e+01  2.671917e-02 
 1.732334e+01  2.668821e-02 
 1.732374e+01  2.665721e-02 
 1.732414e+01  2.662621e-02 
 1.732454e+01  2.659538e-02 
 1.732493e+01  2.656480e-02 
 1.732533e+01  2.653455e-02 
 1.732573e+01  2.650480e-02 
 1.732613e+01  2.647569e-02 
 1.732652e+01  2.644731e-02 
 1.732692e+01  2.641975e-02 
 1.732732e+01  2.639305e-02 
 1.732772e+01  2.636722e-02 
 1.732812e+01  2.634223e-02 
 1.732851e+01  2.631806e-02 
 1.732891e+01  2.629467e-02 
 1.732931e+01  2.627204e-02 
 1.732971e+01  2.625017e-02 
 1.733010e+01  2.622909e-02 
 1.733050e+01  2.620890e-02 
 1.733090e+01  2.618973e-02 
 1.733130e+01  2.617174e-02 
 1.733169e+01  2.615491e-02 
 1.733209e+01  2.613923e-02 
 1.733249e+01  2.612465e-02 
 1.733289e+01  2.611106e-02 
 1.733329e+01  2.609846e-02 
 1.733368e+01  2.608675e-02 
 1.733408e+01  2.607597e-02 
 1.733448e+01  2.606614e-02 
 1.733488e+01  2.605718e-02 
 1.733527e+01  2.604894e-02 
 1.733567e+01  2.604129e-02 
 1.733607e+01  2.603398e-02 
 1.733647e+01  2.602689e-02 
 1.733686e+01  2.601994e-02 
 1.733726e+01  2.601313e-02 
 1.733766e+01  2.600647e-02 
 1.733806e+01  2.600008e-02 
 1.733846e+01  2.599411e-02 
 1.733885e+01  2.598859e-02 
 1.733925e+01  2.598360e-02 
 1.733965e+01  2.597914e-02 
 1.734005e+01  2.597514e-02 
 1.734044e+01  2.597167e-02 
 1.734084e+01  2.596874e-02 
 1.734124e+01  2.596639e-02 
 1.734164e+01  2.596459e-02 
 1.734203e+01  2.596329e-02 
 1.734243e+01  2.596251e-02 
 1.734283e+01  2.596229e-02 
 1.734323e+01  2.596272e-02 
 1.734363e+01  2.596389e-02 
 1.734402e+01  2.596583e-02 
 1.734442e+01  2.596858e-02 
 1.734482e+01  2.597223e-02 
 1.734522e+01  2.597690e-02 
 1.734561e+01  2.598266e-02 
 1.734601e+01  2.598952e-02 
 1.734641e+01  2.599746e-02 
 1.734681e+01  2.600649e-02 
 1.734720e+01  2.601658e-02 
 1.734760e+01  2.602774e-02 
 1.734800e+01  2.603999e-02 
 1.734840e+01  2.605324e-02 
 1.734880e+01  2.606747e-02 
 1.734919e+01  2.608261e-02 
 1.734959e+01  2.609861e-02 
 1.734999e+01  2.611533e-02 
 1.735039e+01  2.613267e-02 
 1.735078e+01  2.615052e-02 
 1.735118e+01  2.616878e-02 
 1.735158e+01  2.618737e-02 
 1.735198e+01  2.620633e-02 
 1.735237e+01  2.622564e-02 
 1.735277e+01  2.624527e-02 
 1.735317e+01  2.626511e-02 
 1.735357e+01  2.628508e-02 
 1.735397e+01  2.630509e-02 
 1.735436e+01  2.632503e-02 
 1.735476e+01  2.634486e-02 
 1.735516e+01  2.636461e-02 
 1.735556e+01  2.638419e-02 
 1.735595e+01  2.640362e-02 
 1.735635e+01  2.642295e-02 
 1.735675e+01  2.644216e-02 
 1.735715e+01  2.646130e-02 
 1.735754e+01  2.648037e-02 
 1.735794e+01  2.649937e-02 
 1.735834e+01  2.651842e-02 
 1.735874e+01  2.653750e-02 
 1.735914e+01  2.655666e-02 
 1.735953e+01  2.657591e-02 
 1.735993e+01  2.659541e-02 
 1.736033e+01  2.661528e-02 
 1.736073e+01  2.663563e-02 
 1.736112e+01  2.665649e-02 
 1.736152e+01  2.667780e-02 
 1.736192e+01  2.669948e-02 
 1.736232e+01  2.672156e-02 
 1.736272e+01  2.674409e-02 
 1.736311e+01  2.676710e-02 
 1.736351e+01  2.679063e-02 
 1.736391e+01  2.681472e-02 
 1.736431e+01  2.683929e-02 
 1.736470e+01  2.686433e-02 
 1.736510e+01  2.688970e-02 
 1.736550e+01  2.691527e-02 
 1.736590e+01  2.694096e-02 
 1.736629e+01  2.696676e-02 
 1.736669e+01  2.699268e-02 
 1.736709e+01  2.701872e-02 
 1.736749e+01  2.704484e-02 
 1.736789e+01  2.707093e-02 
 1.736828e+01  2.709684e-02 
 1.736868e+01  2.712246e-02 
 1.736908e+01  2.714779e-02 
 1.736948e+01  2.717294e-02 
 1.736987e+01  2.719798e-02 
 1.737027e+01  2.722297e-02 
 1.737067e+01  2.724785e-02 
 1.737107e+01  2.727257e-02 
 1.737146e+01  2.729699e-02 
 1.737186e+01  2.732099e-02 
 1.737226e+01  2.734453e-02 
 1.737266e+01  2.736756e-02 
 1.737306e+01  2.739014e-02 
 1.737345e+01  2.741224e-02 
 1.737385e+01  2.743386e-02 
 1.737425e+01  2.745496e-02 
 1.737465e+01  2.747544e-02 
 1.737504e+01  2.749525e-02 
 1.737544e+01  2.751429e-02 
 1.737584e+01  2.753255e-02 
 1.737624e+01  2.755006e-02 
 1.737663e+01  2.756681e-02 
 1.737703e+01  2.758287e-02 
 1.737743e+01  2.759826e-02 
 1.737783e+01  2.761304e-02 
 1.737823e+01  2.762734e-02 
 1.737862e+01  2.764123e-02 
 1.737902e+01  2.765478e-02 
 1.737942e+01  2.766799e-02 
 1.737982e+01  2.768084e-02 
 1.738021e+01  2.769333e-02 
 1.738061e+01  2.770546e-02 
 1.738101e+01  2.771720e-02 
 1.738141e+01  2.772855e-02 
 1.738180e+01  2.773951e-02 
 1.738220e+01  2.775009e-02 
 1.738260e+01  2.776034e-02 
 1.738300e+01  2.777017e-02 
 1.738340e+01  2.777950e-02 
 1.738379e+01  2.778827e-02 
 1.738419e+01  2.779648e-02 
 1.738459e+01  2.780420e-02 
 1.738499e+01  2.781154e-02 
 1.738538e+01  2.781858e-02 
 1.738578e+01  2.782541e-02 
 1.738618e+01  2.783210e-02 
 1.738658e+01  2.783868e-02 
 1.738697e+01  2.784513e-02 
 1.738737e+01  2.785140e-02 
 1.738777e+01  2.785738e-02 
 1.738817e+01  2.786298e-02 
 1.738857e+01  2.786816e-02 
 1.738896e+01  2.787292e-02 
 1.738936e+01  2.787718e-02 
 1.738976e+01  2.788085e-02 
 1.739016e+01  2.788383e-02 
 1.739055e+01  2.788592e-02 
 1.739095e+01  2.788707e-02 
 1.739135e+01  2.788713e-02 
 1.739175e+01  2.788605e-02 
 1.739214e+01  2.788377e-02 
 1.739254e+01  2.788028e-02 
 1.739294e+01  2.787564e-02 
 1.739334e+01  2.786988e-02 
 1.739374e+01  2.786299e-02 
 1.739413e+01  2.785497e-02 
 1.739453e+01  2.784590e-02 
 1.739493e+01  2.783581e-02 
 1.739533e+01  2.782468e-02 
 1.739572e+01  2.781253e-02 
 1.739612e+01  2.779939e-02 
 1.739652e+01  2.778519e-02 
 1.739692e+01  2.776993e-02 
 1.739731e+01  2.775358e-02 
 1.739771e+01  2.773613e-02 
 1.739811e+01  2.771758e-02 
 1.739851e+01  2.769799e-02 
 1.739891e+01  2.767740e-02 
 1.739930e+01  2.765592e-02 
 1.739970e+01  2.763364e-02 
 1.740010e+01  2.761072e-02 
 1.740050e+01  2.758726e-02 
 1.740089e+01  2.756340e-02 
 1.740129e+01  2.753929e-02 
 1.740169e+01  2.751506e-02 
 1.740209e+01  2.749091e-02 
 1.740248e+01  2.746690e-02 
 1.740288e+01  2.744306e-02 
 1.740328e+01  2.741937e-02 
 1.740368e+01  2.739585e-02 
 1.740408e+01  2.737245e-02 
 1.740447e+01  2.734913e-02 
 1.740487e+01  2.732576e-02 
 1.740527e+01  2.730218e-02 
 1.740567e+01  2.727830e-02 
 1.740606e+01  2.725414e-02 
 1.740646e+01  2.722967e-02 
 1.740686e+01  2.720485e-02 
 1.740726e+01  2.717964e-02 
 1.740765e+01  2.715401e-02 
 1.740805e+01  2.712796e-02 
 1.740845e+01  2.710149e-02 
 1.740885e+01  2.707454e-02 
 1.740925e+01  2.704705e-02 
 1.740964e+01  2.701892e-02 
 1.741004e+01  2.699019e-02 
 1.741044e+01  2.696089e-02 
 1.741084e+01  2.693110e-02 
 1.741123e+01  2.690080e-02 
 1.741163e+01  2.687003e-02 
 1.741203e+01  2.683874e-02 
 1.741243e+01  2.680686e-02 
 1.741282e+01  2.677435e-02 
 1.741322e+01  2.674116e-02 
 1.741362e+01  2.670731e-02 
 1.741402e+01  2.667285e-02 
 1.741442e+01  2.663784e-02 
 1.741481e+01  2.660237e-02 
 1.741521e+01  2.656654e-02 
 1.741561e+01  2.653037e-02 
 1.741601e+01  2.649379e-02 
 1.741640e+01  2.645684e-02 
 1.741680e+01  2.641947e-02 
 1.741720e+01  2.638175e-02 
 1.741760e+01  2.634379e-02 
 1.741799e+01  2.630575e-02 
 1.741839e+01  2.626776e-02 
 1.741879e+01  2.622991e-02 
 1.741919e+01  2.619219e-02 
 1.741959e+01  2.615472e-02 
 1.741998e+01  2.611754e-02 
 1.742038e+01  2.608079e-02 
 1.742078e+01  2.604457e-02 
 1.742118e+01  2.600901e-02 
 1.742157e+01  2.597417e-02 
 1.742197e+01  2.594007e-02 
 1.742237e+01  2.590663e-02 
 1.742277e+01  2.587378e-02 
 1.742316e+01  2.584143e-02 
 1.742356e+01  2.580953e-02 
 1.742396e+01  2.577818e-02 
 1.742436e+01  2.574749e-02 
 1.742476e+01  2.571751e-02 
 1.742515e+01  2.568825e-02 
 1.742555e+01  2.565974e-02 
 1.742595e+01  2.563197e-02 
 1.742635e+01  2.560491e-02 
 1.742674e+01  2.557848e-02 
 1.742714e+01  2.555256e-02 
 1.742754e+01  2.552715e-02 
 1.742794e+01  2.550223e-02 
 1.742833e+01  2.547780e-02 
 1.742873e+01  2.545381e-02 
 1.742913e+01  2.543016e-02 
 1.742953e+01  2.540677e-02 
 1.742993e+01  2.538354e-02 
 1.743032e+01  2.536042e-02 
 1.743072e+01  2.533730e-02 
 1.743112e+01  2.531410e-02 
 1.743152e+01  2.529069e-02 
 1.743191e+01  2.526709e-02 
 1.743231e+01  2.524348e-02 
 1.743271e+01  2.522002e-02 
 1.743311e+01  2.519685e-02 
 1.743350e+01  2.517410e-02 
 1.743390e+01  2.515179e-02 
 1.743430e+01  2.512993e-02 
 1.743470e+01  2.510848e-02 
 1.743510e+01  2.508746e-02 
 1.743549e+01  2.506689e-02 
 1.743589e+01  2.504683e-02 
 1.743629e+01  2.502736e-02 
 1.743669e+01  2.500867e-02 
 1.743708e+01  2.499082e-02 
 1.743748e+01  2.497378e-02 
 1.743788e+01  2.495755e-02 
 1.743828e+01  2.494208e-02 
 1.743867e+01  2.492741e-02 
 1.743907e+01  2.491360e-02 
 1.743947e+01  2.490073e-02 
 1.743987e+01  2.488895e-02 
 1.744027e+01  2.487839e-02 
 1.744066e+01  2.486917e-02 
 1.744106e+01  2.486126e-02 
 1.744146e+01  2.485468e-02 
 1.744186e+01  2.484943e-02 
 1.744225e+01  2.484541e-02 
 1.744265e+01  2.484251e-02 
 1.744305e+01  2.484065e-02 
 1.744345e+01  2.483971e-02 
 1.744384e+01  2.483954e-02 
 1.744424e+01  2.483997e-02 
 1.744464e+01  2.484082e-02 
 1.744504e+01  2.484193e-02 
 1.744544e+01  2.484320e-02 
 1.744583e+01  2.484452e-02 
 1.744623e+01  2.484587e-02 
 1.744663e+01  2.484720e-02 
 1.744703e+01  2.484842e-02 
 1.744742e+01  2.484949e-02 
 1.744782e+01  2.485042e-02 
 1.744822e+01  2.485109e-02 
 1.744862e+01  2.485141e-02 
 1.744901e+01  2.485129e-02 
 1.744941e+01  2.485075e-02 
 1.744981e+01  2.484986e-02 
 1.745021e+01  2.484866e-02 
 1.745061e+01  2.484723e-02 
 1.745100e+01  2.484552e-02 
 1.745140e+01  2.484357e-02 
 1.745180e+01  2.484138e-02 
 1.745220e+01  2.483900e-02 
 1.745259e+01  2.483653e-02 
 1.745299e+01  2.483406e-02 
 1.745339e+01  2.483173e-02 
 1.745379e+01  2.482971e-02 
 1.745419e+01  2.482814e-02 
 1.745458e+01  2.482716e-02 
 1.745498e+01  2.482685e-02 
 1.745538e+01  2.482734e-02 
 1.745578e+01  2.482870e-02 
 1.745617e+01  2.483106e-02 
 1.745657e+01  2.483450e-02 
 1.745697e+01  2.483907e-02 
 1.745737e+01  2.484478e-02 
 1.745776e+01  2.485162e-02 
 1.745816e+01  2.485950e-02 
 1.745856e+01  2.486836e-02 
 1.745896e+01  2.487811e-02 
 1.745936e+01  2.488866e-02 
 1.745975e+01  2.489989e-02 
 1.746015e+01  2.491170e-02 
 1.746055e+01  2.492393e-02 
 1.746095e+01  2.493647e-02 
 1.746134e+01  2.494922e-02 
 1.746174e+01  2.496213e-02 
 1.746214e+01  2.497519e-02 
 1.746254e+01  2.498832e-02 
 1.746293e+01  2.500148e-02 
 1.746333e+01  2.501458e-02 
 1.746373e+01  2.502754e-02 
 1.746413e+01  2.504030e-02 
 1.746453e+01  2.505279e-02 
 1.746492e+01  2.506499e-02 
 1.746532e+01  2.507690e-02 
 1.746572e+01  2.508855e-02 
 1.746612e+01  2.509989e-02 
 1.746651e+01  2.511090e-02 
 1.746691e+01  2.512151e-02 
 1.746731e+01  2.513164e-02 
 1.746771e+01  2.514127e-02 
 1.746810e+01  2.515039e-02 
 1.746850e+01  2.515894e-02 
 1.746890e+01  2.516687e-02 
 1.746930e+01  2.517417e-02 
 1.746970e+01  2.518085e-02 
 1.747009e+01  2.518687e-02 
 1.747049e+01  2.519219e-02 
 1.747089e+01  2.519680e-02 
 1.747129e+01  2.520081e-02 
 1.747168e+01  2.520440e-02 
 1.747208e+01  2.520773e-02 
 1.747248e+01  2.521088e-02 
 1.747288e+01  2.521394e-02 
 1.747327e+01  2.521690e-02 
 1.747367e+01  2.521971e-02 
 1.747407e+01  2.522236e-02 
 1.747447e+01  2.522481e-02 
 1.747487e+01  2.522702e-02 
 1.747526e+01  2.522896e-02 
 1.747566e+01  2.523065e-02 
 1.747606e+01  2.523211e-02 
 1.747646e+01  2.523329e-02 
 1.747685e+01  2.523410e-02 
 1.747725e+01  2.523448e-02 
 1.747765e+01  2.523433e-02 
 1.747805e+01  2.523364e-02 
 1.747844e+01  2.523238e-02 
 1.747884e+01  2.523067e-02 
 1.747924e+01  2.522858e-02 
 1.747964e+01  2.522615e-02 
 1.748004e+01  2.522347e-02 
 1.748043e+01  2.522062e-02 
 1.748083e+01  2.521762e-02 
 1.748123e+01  2.521440e-02 
 1.748163e+01  2.521096e-02 
 1.748202e+01  2.520726e-02 
 1.748242e+01  2.520319e-02 
 1.748282e+01  2.519875e-02 
 1.748322e+01  2.519388e-02 
 1.748361e+01  2.518860e-02 
 1.748401e+01  2.518293e-02 
 1.748441e+01  2.517681e-02 
 1.748481e+01  2.517008e-02 
 1.748521e+01  2.516264e-02 
 1.748560e+01  2.515443e-02 
 1.748600e+01  2.514529e-02 
 1.748640e+01  2.513517e-02 
 1.748680e+01  2.512406e-02 
 1.748719e+01  2.511203e-02 
 1.748759e+01  2.509921e-02 
 1.748799e+01  2.508567e-02 
 1.748839e+01  2.507147e-02 
 1.748878e+01  2.505662e-02 
 1.748918e+01  2.504105e-02 
 1.748958e+01  2.502463e-02 
 1.748998e+01  2.500739e-02 
 1.749038e+01  2.498927e-02 
 1.749077e+01  2.497020e-02 
 1.749117e+01  2.495021e-02 
 1.749157e+01  2.492929e-02 
 1.749197e+01  2.490747e-02 
 1.749236e+01  2.488467e-02 
 1.749276e+01  2.486084e-02 
 1.749316e+01  2.483606e-02 
 1.749356e+01  2.481032e-02 
 1.749395e+01  2.478370e-02 
 1.749435e+01  2.475629e-02 
 1.749475e+01  2.472822e-02 
 1.749515e+01  2.469956e-02 
 1.749555e+01  2.467043e-02 
 1.749594e+01  2.464089e-02 
 1.749634e+01  2.461101e-02 
 1.749674e+01  2.458085e-02 
 1.749714e+01  2.455045e-02 
 1.749753e+01  2.451986e-02 
 1.749793e+01  2.448915e-02 
 1.749833e+01  2.445831e-02 
 1.749873e+01  2.442725e-02 
 1.749912e+01  2.439591e-02 
 1.749952e+01  2.436422e-02 
 1.749992e+01  2.433208e-02 
 1.750032e+01  2.429942e-02 
 1.750072e+01  2.426624e-02 
 1.750111e+01  2.423253e-02 
 1.750151e+01  2.419826e-02 
 1.750191e+01  2.416338e-02 
 1.750231e+01  2.412786e-02 
 1.750270e+01  2.409168e-02 
 1.750310e+01  2.405478e-02 
 1.750350e+01  2.401717e-02 
 1.750390e+01  2.397885e-02 
 1.750429e+01  2.393984e-02 
 1.750469e+01  2.390021e-02 
 1.750509e+01  2.386001e-02 
 1.750549e+01  2.381931e-02 
 1.750589e+01  2.377814e-02 
 1.750628e+01  2.373650e-02 
 1.750668e+01  2.369440e-02 
 1.750708e+01  2.365191e-02 
 1.750748e+01  2.360904e-02 
 1.750787e+01  2.356590e-02 
 1.750827e+01  2.352262e-02 
 1.750867e+01  2.347929e-02 
 1.750907e+01  2.343602e-02 
 1.750946e+01  2.339295e-02 
 1.750986e+01  2.335018e-02 
 1.751026e+01  2.330778e-02 
 1.751066e+01  2.326581e-02 
 1.751106e+01  2.322433e-02 
 1.751145e+01  2.318333e-02 
 1.751185e+01  2.314284e-02 
 1.751225e+01  2.310290e-02 
 1.751265e+01  2.306348e-02 
 1.751304e+01  2.302465e-02 
 1.751344e+01  2.298644e-02 
 1.751384e+01  2.294885e-02 
 1.751424e+01  2.291186e-02 
 1.751463e+01  2.287537e-02 
 1.751503e+01  2.283935e-02 
 1.751543e+01  2.280378e-02 
 1.751583e+01  2.276867e-02 
 1.751623e+01  2.273394e-02 
 1.751662e+01  2.269960e-02 
 1.751702e+01  2.266558e-02 
 1.751742e+01  2.263184e-02 
 1.751782e+01  2.259827e-02 
 1.751821e+01  2.256485e-02 
 1.751861e+01  2.253151e-02 
 1.751901e+01  2.249824e-02 
 1.751941e+01  2.246505e-02 
 1.751980e+01  2.243198e-02 
 1.752020e+01  2.239900e-02 
 1.752060e+01  2.236610e-02 
 1.752100e+01  2.233325e-02 
 1.752140e+01  2.230043e-02 
 1.752179e+01  2.226767e-02 
 1.752219e+01  2.223501e-02 
 1.752259e+01  2.220259e-02 
 1.752299e+01  2.217055e-02 
 1.752338e+01  2.213905e-02 
 1.752378e+01  2.210812e-02 
 1.752418e+01  2.207780e-02 
 1.752458e+01  2.204808e-02 
 1.752497e+01  2.201892e-02 
 1.752537e+01  2.199040e-02 
 1.752577e+01  2.196261e-02 
 1.752617e+01  2.193568e-02 
 1.752657e+01  2.190975e-02 
 1.752696e+01  2.188491e-02 
 1.752736e+01  2.186127e-02 
 1.752776e+01  2.183883e-02 
 1.752816e+01  2.181750e-02 
 1.752855e+01  2.179721e-02 
 1.752895e+01  2.177790e-02 
 1.752935e+01  2.175951e-02 
 1.752975e+01  2.174201e-02 
 1.753014e+01  2.172532e-02 
 1.753054e+01  2.170943e-02 
 1.753094e+01  2.169426e-02 
 1.753134e+01  2.167975e-02 
 1.753174e+01  2.166585e-02 
 1.753213e+01  2.165250e-02 
 1.753253e+01  2.163963e-02 
 1.753293e+01  2.162720e-02 
 1.753333e+01  2.161524e-02 
 1.753372e+01  2.160382e-02 
 1.753412e+01  2.159298e-02 
 1.753452e+01  2.158278e-02 
 1.753492e+01  2.157334e-02 
 1.753531e+01  2.156475e-02 
 1.753571e+01  2.155702e-02 
 1.753611e+01  2.155021e-02 
 1.753651e+01  2.154428e-02 
 1.753691e+01  2.153923e-02 
 1.753730e+01  2.153502e-02 
 1.753770e+01  2.153159e-02 
 1.753810e+01  2.152891e-02 
 1.753850e+01  2.152702e-02 
 1.753889e+01  2.152597e-02 
 1.753929e+01  2.152563e-02 
 1.753969e+01  2.152588e-02 
 1.754009e+01  2.152712e-02 
 1.754048e+01  2.152920e-02 
 1.754088e+01  2.153183e-02 
 1.754128e+01  2.153541e-02 
 1.754168e+01  2.153976e-02 
 1.754208e+01  2.154509e-02 
 1.754247e+01  2.155135e-02 
 1.754287e+01  2.155862e-02 
 1.754327e+01  2.156714e-02 
 1.754367e+01  2.157684e-02 
 1.754406e+01  2.158766e-02 
 1.754446e+01  2.159913e-02 
 1.754486e+01  2.161120e-02 
 1.754526e+01  2.162389e-02 
 1.754566e+01  2.163678e-02 
 1.754605e+01  2.165008e-02 
 1.754645e+01  2.166350e-02 
 1.754685e+01  2.167681e-02 
 1.754725e+01  2.169029e-02 
 1.754764e+01  2.170364e-02 
 1.754804e+01  2.171713e-02 
 1.754844e+01  2.173080e-02 
 1.754884e+01  2.174479e-02 
 1.754923e+01  2.175930e-02 
 1.754963e+01  2.177439e-02 
 1.755003e+01  2.179030e-02 
 1.755043e+01  2.180671e-02 
 1.755083e+01  2.182374e-02 
 1.755122e+01  2.184163e-02 
 1.755162e+01  2.186012e-02 
 1.755202e+01  2.187928e-02 
 1.755242e+01  2.189915e-02 
 1.755281e+01  2.191955e-02 
 1.755321e+01  2.194052e-02 
 1.755361e+01  2.196183e-02 
 1.755401e+01  2.198329e-02 
 1.755440e+01  2.200498e-02 
 1.755480e+01  2.202717e-02 
 1.755520e+01  2.204992e-02 
 1.755560e+01  2.207294e-02 
 1.755600e+01  2.209606e-02 
 1.755639e+01  2.211935e-02 
 1.755679e+01  2.214259e-02 
 1.755719e+01  2.216605e-02 
 1.755759e+01  2.218977e-02 
 1.755798e+01  2.221361e-02 
 1.755838e+01  2.223763e-02 
 1.755878e+01  2.226185e-02 
 1.755918e+01  2.228676e-02 
 1.755957e+01  2.231218e-02 
 1.755997e+01  2.233753e-02 
 1.756037e+01  2.236273e-02 
 1.756077e+01  2.238786e-02 
 1.756117e+01  2.241285e-02 
 1.756156e+01  2.243801e-02 
 1.756196e+01  2.246334e-02 
 1.756236e+01  2.248859e-02 
 1.756276e+01  2.251385e-02 
 1.756315e+01  2.253875e-02 
 1.756355e+01  2.256375e-02 
 1.756395e+01  2.258862e-02 
 1.756435e+01  2.261317e-02 
 1.756474e+01  2.263769e-02 
 1.756514e+01  2.266202e-02 
 1.756554e+01  2.268641e-02 
 1.756594e+01  2.271060e-02 
 1.756634e+01  2.273469e-02 
 1.756673e+01  2.275852e-02 
 1.756713e+01  2.278264e-02 
 1.756753e+01  2.280683e-02 
 1.756793e+01  2.283095e-02 
 1.756832e+01  2.285518e-02 
 1.756872e+01  2.287934e-02 
 1.756912e+01  2.290319e-02 
 1.756952e+01  2.292667e-02 
 1.756991e+01  2.294974e-02 
 1.757031e+01  2.297235e-02 
 1.757071e+01  2.299424e-02 
 1.757111e+01  2.301549e-02 
 1.757151e+01  2.303596e-02 
 1.757190e+01  2.305538e-02 
 1.757230e+01  2.307355e-02 
 1.757270e+01  2.309056e-02 
 1.757310e+01  2.310627e-02 
 1.757349e+01  2.312094e-02 
 1.757389e+01  2.313462e-02 
 1.757429e+01  2.314741e-02 
 1.757469e+01  2.315939e-02 
 1.757508e+01  2.317072e-02 
 1.757548e+01  2.318149e-02 
 1.757588e+01  2.319173e-02 
 1.757628e+01  2.320142e-02 
 1.757668e+01  2.321066e-02 
 1.757707e+01  2.321949e-02 
 1.757747e+01  2.322784e-02 
 1.757787e+01  2.323563e-02 
 1.757827e+01  2.324293e-02 
 1.757866e+01  2.324985e-02 
 1.757906e+01  2.325642e-02 
 1.757946e+01  2.326260e-02 
 1.757986e+01  2.326819e-02 
 1.758025e+01  2.327314e-02 
 1.758065e+01  2.327745e-02 
 1.758105e+01  2.328130e-02 
 1.758145e+01  2.328494e-02 
 1.758185e+01  2.328825e-02 
 1.758224e+01  2.329122e-02 
 1.758264e+01  2.329408e-02 
 1.758304e+01  2.329678e-02 
 1.758344e+01  2.329924e-02 
 1.758383e+01  2.330115e-02 
 1.758423e+01  2.330220e-02 
 1.758463e+01  2.330235e-02 
 1.758503e+01  2.330156e-02 
 1.758542e+01  2.329993e-02 
 1.758582e+01  2.329726e-02 
 1.758622e+01  2.329338e-02 
 1.758662e+01  2.328796e-02 
 1.758702e+01  2.328114e-02 
 1.758741e+01  2.327300e-02 
 1.758781e+01  2.326343e-02 
 1.758821e+01  2.325244e-02 
 1.758861e+01  2.323986e-02 
 1.758900e+01  2.322586e-02 
 1.758940e+01  2.321038e-02 
 1.758980e+01  2.319361e-02 
 1.759020e+01  2.317579e-02 
 1.759059e+01  2.315693e-02 
 1.759099e+01  2.313713e-02 
 1.759139e+01  2.311644e-02 
 1.759179e+01  2.309488e-02 
 1.759219e+01  2.307244e-02 
 1.759258e+01  2.304925e-02 
 1.759298e+01  2.302525e-02 
 1.759338e+01  2.300046e-02 
 1.759378e+01  2.297500e-02 
 1.759417e+01  2.294906e-02 
 1.759457e+01  2.292271e-02 
 1.759497e+01  2.289606e-02 
 1.759537e+01  2.286908e-02 
 1.759576e+01  2.284164e-02 
 1.759616e+01  2.281376e-02 
 1.759656e+01  2.278567e-02 
 1.759696e+01  2.275729e-02 
 1.759736e+01  2.272858e-02 
 1.759775e+01  2.269937e-02 
 1.759815e+01  2.266953e-02 
 1.759855e+01  2.263912e-02 
 1.759895e+01  2.260808e-02 
 1.759934e+01  2.257632e-02 
 1.759974e+01  2.254374e-02 
 1.760014e+01  2.251036e-02 
 1.760054e+01  2.247617e-02 
 1.760093e+01  2.244136e-02 
 1.760133e+01  2.240588e-02 
 1.760173e+01  2.236940e-02 
 1.760213e+01  2.233183e-02 
 1.760253e+01  2.229327e-02 
 1.760292e+01  2.225396e-02 
 1.760332e+01  2.221397e-02 
 1.760372e+01  2.217332e-02 
 1.760412e+01  2.213215e-02 
 1.760451e+01  2.209039e-02 
 1.760491e+01  2.204811e-02 
 1.760531e+01  2.200553e-02 
 1.760571e+01  2.196266e-02 
 1.760610e+01  2.191964e-02 
 1.760650e+01  2.187667e-02 
 1.760690e+01  2.183376e-02 
 1.760730e+01  2.179102e-02 
 1.760770e+01  2.174836e-02 
 1.760809e+01  2.170555e-02 
 1.760849e+01  2.166270e-02 
 1.760889e+01  2.162004e-02 
 1.760929e+01  2.157765e-02 
 1.760968e+01  2.153561e-02 
 1.761008e+01  2.149396e-02 
 1.761048e+01  2.145278e-02 
 1.761088e+01  2.141197e-02 
 1.761127e+01  2.137128e-02 
 1.761167e+01  2.133070e-02 
 1.761207e+01  2.129030e-02 
 1.761247e+01  2.125022e-02 
 1.761287e+01  2.121058e-02 
 1.761326e+01  2.117151e-02 
 1.761366e+01  2.113292e-02 
 1.761406e+01  2.109469e-02 
 1.761446e+01  2.105669e-02 
 1.761485e+01  2.101872e-02 
 1.761525e+01  2.098065e-02 
 1.761565e+01  2.094235e-02 
 1.761605e+01  2.090385e-02 
 1.761644e+01  2.086513e-02 
 1.761684e+01  2.082625e-02 
 1.761724e+01  2.078732e-02 
 1.761764e+01  2.074839e-02 
 1.761804e+01  2.070943e-02 
 1.761843e+01  2.067070e-02 
 1.761883e+01  2.063227e-02 
 1.761923e+01  2.059408e-02 
 1.761963e+01  2.055621e-02 
 1.762002e+01  2.051868e-02 
 1.762042e+01  2.048165e-02 
 1.762082e+01  2.044533e-02 
 1.762122e+01  2.040970e-02 
 1.762161e+01  2.037487e-02 
 1.762201e+01  2.034082e-02 
 1.762241e+01  2.030759e-02 
 1.762281e+01  2.027531e-02 
 1.762321e+01  2.024386e-02 
 1.762360e+01  2.021308e-02 
 1.762400e+01  2.018288e-02 
 1.762440e+01  2.015316e-02 
 1.762480e+01  2.012407e-02 
 1.762519e+01  2.009564e-02 
 1.762559e+01  2.006773e-02 
 1.762599e+01  2.004028e-02 
 1.762639e+01  2.001343e-02 
 1.762678e+01  1.998723e-02 
 1.762718e+01  1.996171e-02 
 1.762758e+01  1.993689e-02 
 1.762798e+01  1.991271e-02 
 1.762838e+01  1.988911e-02 
 1.762877e+01  1.986615e-02 
 1.762917e+01  1.984391e-02 
 1.762957e+01  1.982245e-02 
 1.762997e+01  1.980175e-02 
 1.763036e+01  1.978185e-02 
 1.763076e+01  1.976280e-02 
 1.763116e+01  1.974454e-02 
 1.763156e+01  1.972710e-02 
 1.763195e+01  1.971045e-02 
 1.763235e+01  1.969456e-02 
 1.763275e+01  1.967949e-02 
 1.763315e+01  1.966496e-02 
 1.763355e+01  1.965125e-02 
 1.763394e+01  1.963841e-02 
 1.763434e+01  1.962634e-02 
 1.763474e+01  1.961525e-02 
 1.763514e+01  1.960497e-02 
 1.763553e+01  1.959561e-02 
 1.763593e+01  1.958729e-02 
 1.763633e+01  1.958010e-02 
 1.763673e+01  1.957426e-02 
 1.763713e+01  1.956953e-02 
 1.763752e+01  1.956614e-02 
 1.763792e+01  1.956415e-02 
 1.763832e+01  1.956348e-02 
 1.763872e+01  1.956426e-02 
 1.763911e+01  1.956635e-02 
 1.763951e+01  1.956958e-02 
 1.763991e+01  1.957371e-02 
 1.764031e+01  1.957860e-02 
 1.764070e+01  1.958421e-02 
 1.764110e+01  1.959026e-02 
 1.764150e+01  1.959676e-02 
 1.764190e+01  1.960374e-02 
 1.764230e+01  1.961118e-02 
 1.764269e+01  1.961923e-02 
 1.764309e+01  1.962782e-02 
 1.764349e+01  1.963690e-02 
 1.764389e+01  1.964655e-02 
 1.764428e+01  1.965678e-02 
 1.764468e+01  1.966789e-02 
 1.764508e+01  1.968007e-02 
 1.764548e+01  1.969339e-02 
 1.764587e+01  1.970794e-02 
 1.764627e+01  1.972363e-02 
 1.764667e+01  1.974044e-02 
 1.764707e+01  1.975808e-02 
 1.764747e+01  1.977641e-02 
 1.764786e+01  1.979538e-02 
 1.764826e+01  1.981498e-02 
 1.764866e+01  1.983527e-02 
 1.764906e+01  1.985630e-02 
 1.764945e+01  1.987801e-02 
 1.764985e+01  1.990024e-02 
 1.765025e+01  1.992291e-02 
 1.765065e+01  1.994612e-02 
 1.765104e+01  1.997000e-02 
 1.765144e+01  1.999458e-02 
 1.765184e+01  2.001995e-02 
 1.765224e+01  2.004626e-02 
 1.765264e+01  2.007354e-02 
 1.765303e+01  2.010162e-02 
 1.765343e+01  2.013035e-02 
 1.765383e+01  2.015969e-02 
 1.765423e+01  2.018951e-02 
 1.765462e+01  2.021977e-02 
 1.765502e+01  2.025039e-02 
 1.765542e+01  2.028129e-02 
 1.765582e+01  2.031230e-02 
 1.765621e+01  2.034338e-02 
 1.765661e+01  2.037453e-02 
 1.765701e+01  2.040569e-02 
 1.765741e+01  2.043687e-02 
 1.765781e+01  2.046817e-02 
 1.765820e+01  2.049958e-02 
 1.765860e+01  2.053114e-02 
 1.765900e+01  2.056273e-02 
 1.765940e+01  2.059436e-02 
 1.765979e+01  2.062601e-02 
 1.766019e+01  2.065780e-02 
 1.766059e+01  2.068987e-02 
 1.766099e+01  2.072230e-02 
 1.766138e+01  2.075510e-02 
 1.766178e+01  2.078826e-02 
 1.766218e+01  2.082182e-02 
 1.766258e+01  2.085581e-02 
 1.766298e+01  2.089013e-02 
 1.766337e+01  2.092474e-02 
 1.766377e+01  2.095973e-02 
 1.766417e+01  2.099514e-02 
 1.766457e+01  2.103105e-02 
 1.766496e+01  2.106745e-02 
 1.766536e+01  2.110426e-02 
 1.766576e+01  2.114139e-02 
 1.766616e+01  2.117878e-02 
 1.766655e+01  2.121646e-02 
 1.766695e+01  2.125440e-02 
 1.766735e+01  2.129249e-02 
 1.766775e+01  2.133060e-02 
 1.766815e+01  2.136876e-02 
 1.766854e+01  2.140700e-02 
 1.766894e+01  2.144533e-02 
 1.766934e+01  2.148368e-02 
 1.766974e+01  2.152200e-02 
 1.767013e+01  2.156025e-02 
 1.767053e+01  2.159838e-02 
 1.767093e+01  2.163643e-02 
 1.767133e+01  2.167435e-02 
 1.767172e+01  2.171204e-02 
 1.767212e+01  2.174948e-02 
 1.767252e+01  2.178662e-02 
 1.767292e+01  2.182338e-02 
 1.767332e+01  2.185973e-02 
 1.767371e+01  2.189546e-02 
 1.767411e+01  2.193038e-02 
 1.767451e+01  2.196449e-02 
 1.767491e+01  2.199767e-02 
 1.767530e+01  2.202987e-02 
 1.767570e+01  2.206111e-02 
 1.767610e+01  2.209148e-02 
 1.767650e+01  2.212104e-02 
 1.767689e+01  2.214984e-02 
 1.767729e+01  2.217787e-02 
 1.767769e+01  2.220519e-02 
 1.767809e+01  2.223185e-02 
 1.767849e+01  2.225776e-02 
 1.767888e+01  2.228282e-02 
 1.767928e+01  2.230696e-02 
 1.767968e+01  2.233017e-02 
 1.768008e+01  2.235249e-02 
 1.768047e+01  2.237388e-02 
 1.768087e+01  2.239437e-02 
 1.768127e+01  2.241398e-02 
 1.768167e+01  2.243271e-02 
 1.768206e+01  2.245065e-02 
 1.768246e+01  2.246785e-02 
 1.768286e+01  2.248431e-02 
 1.768326e+01  2.250011e-02 
 1.768366e+01  2.251534e-02 
 1.768405e+01  2.253016e-02 
 1.768445e+01  2.254477e-02 
 1.768485e+01  2.255908e-02 
 1.768525e+01  2.257298e-02 
 1.768564e+01  2.258642e-02 
 1.768604e+01  2.259933e-02 
 1.768644e+01  2.261154e-02 
 1.768684e+01  2.262293e-02 
 1.768723e+01  2.263344e-02 
 1.768763e+01  2.264295e-02 
 1.768803e+01  2.265141e-02 
 1.768843e+01  2.265881e-02 
 1.768883e+01  2.266508e-02 
 1.768922e+01  2.267014e-02 
 1.768962e+01  2.267408e-02 
 1.769002e+01  2.267700e-02 
 1.769042e+01  2.267894e-02 
 1.769081e+01  2.267989e-02 
 1.769121e+01  2.267966e-02 
 1.769161e+01  2.267809e-02 
 1.769201e+01  2.267507e-02 
 1.769240e+01  2.267051e-02 
 1.769280e+01  2.266448e-02 
 1.769320e+01  2.265704e-02 
 1.769360e+01  2.264814e-02 
 1.769400e+01  2.263769e-02 
 1.769439e+01  2.262563e-02 
 1.769479e+01  2.261185e-02 
 1.769519e+01  2.259625e-02 
 1.769559e+01  2.257891e-02 
 1.769598e+01  2.255999e-02 
 1.769638e+01  2.253978e-02 
 1.769678e+01  2.251856e-02 
 1.769718e+01  2.249655e-02 
 1.769757e+01  2.247393e-02 
 1.769797e+01  2.245083e-02 
 1.769837e+01  2.242732e-02 
 1.769877e+01  2.240353e-02 
 1.769917e+01  2.237959e-02 
 1.769956e+01  2.235564e-02 
 1.769996e+01  2.233191e-02 
 1.770036e+01  2.230842e-02 
 1.770076e+01  2.228513e-02 
 1.770115e+01  2.226194e-02 
 1.770155e+01  2.223873e-02 
 1.770195e+01  2.221553e-02 
 1.770235e+01  2.219229e-02 
 1.770274e+01  2.216889e-02 
 1.770314e+01  2.214532e-02 
 1.770354e+01  2.212158e-02 
 1.770394e+01  2.209769e-02 
 1.770434e+01  2.207361e-02 
 1.770473e+01  2.204930e-02 
 1.770513e+01  2.202464e-02 
 1.770553e+01  2.199958e-02 
 1.770593e+01  2.197421e-02 
 1.770632e+01  2.194847e-02 
 1.770672e+01  2.192229e-02 
 1.770712e+01  2.189550e-02 
 1.770752e+01  2.186799e-02 
 1.770791e+01  2.183979e-02 
 1.770831e+01  2.181085e-02 
 1.770871e+01  2.178109e-02 
 1.770911e+01  2.175041e-02 
 1.770951e+01  2.171866e-02 
 1.770990e+01  2.168577e-02 
 1.771030e+01  2.165175e-02 
 1.771070e+01  2.161670e-02 
 1.771110e+01  2.158071e-02 
 1.771149e+01  2.154392e-02 
 1.771189e+01  2.150651e-02 
 1.771229e+01  2.146876e-02 
 1.771269e+01  2.143080e-02 
 1.771308e+01  2.139273e-02 
 1.771348e+01  2.135464e-02 
 1.771388e+01  2.131661e-02 
 1.771428e+01  2.127879e-02 
 1.771468e+01  2.124147e-02 
 1.771507e+01  2.120489e-02 
 1.771547e+01  2.116918e-02 
 1.771587e+01  2.113447e-02 
 1.771627e+01  2.110084e-02 
 1.771666e+01  2.106824e-02 
 1.771706e+01  2.103667e-02 
 1.771746e+01  2.100606e-02 
 1.771786e+01  2.097633e-02 
 1.771825e+01  2.094746e-02 
 1.771865e+01  2.091943e-02 
 1.771905e+01  2.089212e-02 
 1.771945e+01  2.086547e-02 
 1.771985e+01  2.083947e-02 
 1.772024e+01  2.081403e-02 
 1.772064e+01  2.078907e-02 
 1.772104e+01  2.076458e-02 
 1.772144e+01  2.074057e-02 
 1.772183e+01  2.071705e-02 
 1.772223e+01  2.069399e-02 
 1.772263e+01  2.067140e-02 
 1.772303e+01  2.064916e-02 
 1.772342e+01  2.062738e-02 
 1.772382e+01  2.060603e-02 
 1.772422e+01  2.058509e-02 
 1.772462e+01  2.056453e-02 
 1.772502e+01  2.054432e-02 
 1.772541e+01  2.052443e-02 
 1.772581e+01  2.050485e-02 
 1.772621e+01  2.048558e-02 
 1.772661e+01  2.046658e-02 
 1.772700e+01  2.044778e-02 
 1.772740e+01  2.042922e-02 
 1.772780e+01  2.041092e-02 
 1.772820e+01  2.039300e-02 
 1.772860e+01  2.037552e-02 
 1.772899e+01  2.035860e-02 
 1.772939e+01  2.034236e-02 
 1.772979e+01  2.032694e-02 
 1.773019e+01  2.031241e-02 
 1.773058e+01  2.029882e-02 
 1.773098e+01  2.028622e-02 
 1.773138e+01  2.027463e-02 
 1.773178e+01  2.026417e-02 
 1.773217e+01  2.025495e-02 
 1.773257e+01  2.024696e-02 
 1.773297e+01  2.024014e-02 
 1.773337e+01  2.023441e-02 
 1.773377e+01  2.022957e-02 
 1.773416e+01  2.022546e-02 
 1.773456e+01  2.022205e-02 
 1.773496e+01  2.021930e-02 
 1.773536e+01  2.021713e-02 
 1.773575e+01  2.021559e-02 
 1.773615e+01  2.021422e-02 
 1.773655e+01  2.021279e-02 
 1.773695e+01  2.021149e-02 
 1.773734e+01  2.021146e-02 
 1.773774e+01  2.021163e-02 
 1.773814e+01  2.021264e-02 
 1.773854e+01  2.021526e-02 
 1.773894e+01  2.021828e-02 
 1.773933e+01  2.022279e-02 
 1.773973e+01  2.022871e-02 
 1.774013e+01  2.023539e-02 
 1.774053e+01  2.024316e-02 
 1.774092e+01  2.025143e-02 
 1.774132e+01  2.026099e-02 
 1.774172e+01  2.027125e-02 
 1.774212e+01  2.028176e-02 
 1.774251e+01  2.029335e-02 
 1.774291e+01  2.030471e-02 
 1.774331e+01  2.031679e-02 
 1.774371e+01  2.032940e-02 
 1.774411e+01  2.034214e-02 
 1.774450e+01  2.035568e-02 
 1.774490e+01  2.036966e-02 
 1.774530e+01  2.038437e-02 
 1.774570e+01  2.039994e-02 
 1.774609e+01  2.041601e-02 
 1.774649e+01  2.043306e-02 
 1.774689e+01  2.045078e-02 
 1.774729e+01  2.046917e-02 
 1.774768e+01  2.048844e-02 
 1.774808e+01  2.050791e-02 
 1.774848e+01  2.052807e-02 
 1.774888e+01  2.054853e-02 
 1.774928e+01  2.056886e-02 
 1.774967e+01  2.058949e-02 
 1.775007e+01  2.060992e-02 
 1.775047e+01  2.063061e-02 
 1.775087e+01  2.065135e-02 
 1.775126e+01  2.067222e-02 
 1.775166e+01  2.069357e-02 
 1.775206e+01  2.071515e-02 
 1.775246e+01  2.073744e-02 
 1.775285e+01  2.076064e-02 
 1.775325e+01  2.078466e-02 
 1.775365e+01  2.080968e-02 
 1.775405e+01  2.083554e-02 
 1.775445e+01  2.086247e-02 
 1.775484e+01  2.089025e-02 
 1.775524e+01  2.091871e-02 
 1.775564e+01  2.094804e-02 
 1.775604e+01  2.097830e-02 
 1.775643e+01  2.100956e-02 
 1.775683e+01  2.104192e-02 
 1.775723e+01  2.107519e-02 
 1.775763e+01  2.110933e-02 
 1.775802e+01  2.114404e-02 
 1.775842e+01  2.117960e-02 
 1.775882e+01  2.121606e-02 
 1.775922e+01  2.125326e-02 
 1.775962e+01  2.129103e-02 
 1.776001e+01  2.132927e-02 
 1.776041e+01  2.136807e-02 
 1.776081e+01  2.140727e-02 
 1.776121e+01  2.144674e-02 
 1.776160e+01  2.148600e-02 
 1.776200e+01  2.152491e-02 
 1.776240e+01  2.156360e-02 
 1.776280e+01  2.160215e-02 
 1.776319e+01  2.164054e-02 
 1.776359e+01  2.167853e-02 
 1.776399e+01  2.171608e-02 
 1.776439e+01  2.175286e-02 
 1.776479e+01  2.178909e-02 
 1.776518e+01  2.182460e-02 
 1.776558e+01  2.185948e-02 
 1.776598e+01  2.189353e-02 
 1.776638e+01  2.192700e-02 
 1.776677e+01  2.195986e-02 
 1.776717e+01  2.199253e-02 
 1.776757e+01  2.202499e-02 
 1.776797e+01  2.205730e-02 
 1.776836e+01  2.208947e-02 
 1.776876e+01  2.212122e-02 
 1.776916e+01  2.215269e-02 
 1.776956e+01  2.218397e-02 
 1.776996e+01  2.221544e-02 
 1.777035e+01  2.224731e-02 
 1.777075e+01  2.227959e-02 
 1.777115e+01  2.231222e-02 
 1.777155e+01  2.234494e-02 
 1.777194e+01  2.237774e-02 
 1.777234e+01  2.241067e-02 
 1.777274e+01  2.244349e-02 
 1.777314e+01  2.247634e-02 
 1.777353e+01  2.250919e-02 
 1.777393e+01  2.254201e-02 
 1.777433e+01  2.257504e-02 
 1.777473e+01  2.260788e-02 
 1.777513e+01  2.264020e-02 
 1.777552e+01  2.267183e-02 
 1.777592e+01  2.270279e-02 
 1.777632e+01  2.273335e-02 
 1.777672e+01  2.276343e-02 
 1.777711e+01  2.279291e-02 
 1.777751e+01  2.282166e-02 
 1.777791e+01  2.284915e-02 
 1.777831e+01  2.287553e-02 
 1.777870e+01  2.290086e-02 
 1.777910e+01  2.292512e-02 
 1.777950e+01  2.294806e-02 
 1.777990e+01  2.296953e-02 
 1.778030e+01  2.298966e-02 
 1.778069e+01  2.300843e-02 
 1.778109e+01  2.302599e-02 
 1.778149e+01  2.304222e-02 
 1.778189e+01  2.305691e-02 
 1.778228e+01  2.307002e-02 
 1.778268e+01  2.308166e-02 
 1.778308e+01  2.309185e-02 
 1.778348e+01  2.310090e-02 
 1.778387e+01  2.310875e-02 
 1.778427e+01  2.311571e-02 
 1.778467e+01  2.312219e-02 
 1.778507e+01  2.312845e-02 
 1.778547e+01  2.313472e-02 
 1.778586e+01  2.314081e-02 
 1.778626e+01  2.314670e-02 
 1.778666e+01  2.315211e-02 
 1.778706e+01  2.315687e-02 
 1.778745e+01  2.316100e-02 
 1.778785e+01  2.316442e-02 
 1.778825e+01  2.316737e-02 
 1.778865e+01  2.316968e-02 
 1.778904e+01  2.317130e-02 
 1.778944e+01  2.317213e-02 
 1.778984e+01  2.317193e-02 
 1.779024e+01  2.317064e-02 
 1.779064e+01  2.316820e-02 
 1.779103e+01  2.316464e-02 
 1.779143e+01  2.316005e-02 
 1.779183e+01  2.315468e-02 
 1.779223e+01  2.314853e-02 
 1.779262e+01  2.314166e-02 
 1.779302e+01  2.313398e-02 
 1.779342e+01  2.312556e-02 
 1.779382e+01  2.311650e-02 
 1.779421e+01  2.310673e-02 
 1.779461e+01  2.309625e-02 
 1.779501e+01  2.308498e-02 
 1.779541e+01  2.307275e-02 
 1.779581e+01  2.305957e-02 
 1.779620e+01  2.304536e-02 
 1.779660e+01  2.303018e-02 
 1.779700e+01  2.301363e-02 
 1.779740e+01  2.299564e-02 
 1.779779e+01  2.297642e-02 
 1.779819e+01  2.295602e-02 
 1.779859e+01  2.293460e-02 
 1.779899e+01  2.291226e-02 
 1.779938e+01  2.288908e-02 
 1.779978e+01  2.286516e-02 
 1.780018e+01  2.284059e-02 
 1.780058e+01  2.281573e-02 
 1.780098e+01  2.279056e-02 
 1.780137e+01  2.276510e-02 
 1.780177e+01  2.273945e-02 
 1.780217e+01  2.271377e-02 
 1.780257e+01  2.268815e-02 
 1.780296e+01  2.266254e-02 
 1.780336e+01  2.263667e-02 
 1.780376e+01  2.261035e-02 
 1.780416e+01  2.258331e-02 
 1.780455e+01  2.255555e-02 
 1.780495e+01  2.252716e-02 
 1.780535e+01  2.249821e-02 
 1.780575e+01  2.246883e-02 
 1.780615e+01  2.243907e-02 
 1.780654e+01  2.240904e-02 
 1.780694e+01  2.237906e-02 
 1.780734e+01  2.234929e-02 
 1.780774e+01  2.231981e-02 
 1.780813e+01  2.229073e-02 
 1.780853e+01  2.226203e-02 
 1.780893e+01  2.223386e-02 
 1.780933e+01  2.220642e-02 
 1.780972e+01  2.217977e-02 
 1.781012e+01  2.215387e-02 
 1.781052e+01  2.212839e-02 
 1.781092e+01  2.210312e-02 
 1.781132e+01  2.207804e-02 
 1.781171e+01  2.205333e-02 
 1.781211e+01  2.202892e-02 
 1.781251e+01  2.200479e-02 
 1.781291e+01  2.198082e-02 
 1.781330e+01  2.195681e-02 
 1.781370e+01  2.193294e-02 
 1.781410e+01  2.190929e-02 
 1.781450e+01  2.188573e-02 
 1.781489e+01  2.186225e-02 
 1.781529e+01  2.183885e-02 
 1.781569e+01  2.181552e-02 
 1.781609e+01  2.179231e-02 
 1.781649e+01  2.176926e-02 
 1.781688e+01  2.174612e-02 
 1.781728e+01  2.172277e-02 
 1.781768e+01  2.169927e-02 
 1.781808e+01  2.167582e-02 
 1.781847e+01  2.165241e-02 
 1.781887e+01  2.162891e-02 
 1.781927e+01  2.160516e-02 
 1.781967e+01  2.158109e-02 
 1.782007e+01  2.155682e-02 
 1.782046e+01  2.153232e-02 
 1.782086e+01  2.150778e-02 
 1.782126e+01  2.148329e-02 
 1.782166e+01  2.145890e-02 
 1.782205e+01  2.143488e-02 
 1.782245e+01  2.141124e-02 
 1.782285e+01  2.138805e-02 
 1.782325e+01  2.136515e-02 
 1.782364e+01  2.134263e-02 
 1.782404e+01  2.132077e-02 
 1.782444e+01  2.129968e-02 
 1.782484e+01  2.127956e-02 
 1.782524e+01  2.126051e-02 
 1.782563e+01  2.124267e-02 
 1.782603e+01  2.122597e-02 
 1.782643e+01  2.121036e-02 
 1.782683e+01  2.119602e-02 
 1.782722e+01  2.118293e-02 
 1.782762e+01  2.117107e-02 
 1.782802e+01  2.116035e-02 
 1.782842e+01  2.115070e-02 
 1.782881e+01  2.114186e-02 
 1.782921e+01  2.113372e-02 
 1.782961e+01  2.112600e-02 
 1.783001e+01  2.111877e-02 
 1.783041e+01  2.111193e-02 
 1.783080e+01  2.110542e-02 
 1.783120e+01  2.109936e-02 
 1.783160e+01  2.109383e-02 
 1.783200e+01  2.108876e-02 
 1.783239e+01  2.108409e-02 
 1.783279e+01  2.107979e-02 
 1.783319e+01  2.107592e-02 
 1.783359e+01  2.107245e-02 
 1.783398e+01  2.106951e-02 
 1.783438e+01  2.106705e-02 
 1.783478e+01  2.106506e-02 
 1.783518e+01  2.106358e-02 
 1.783558e+01  2.106269e-02 
 1.783597e+01  2.106244e-02 
 1.783637e+01  2.106285e-02 
 1.783677e+01  2.106393e-02 
 1.783717e+01  2.106561e-02 
 1.783756e+01  2.106778e-02 
 1.783796e+01  2.107041e-02 
 1.783836e+01  2.107345e-02 
 1.783876e+01  2.107693e-02 
 1.783915e+01  2.108091e-02 
 1.783955e+01  2.108576e-02 
 1.783995e+01  2.109190e-02 
 1.784035e+01  2.109947e-02 
 1.784075e+01  2.110846e-02 
 1.784114e+01  2.111871e-02 
 1.784154e+01  2.113003e-02 
 1.784194e+01  2.114229e-02 
 1.784234e+01  2.115532e-02 
 1.784273e+01  2.116910e-02 
 1.784313e+01  2.118355e-02 
 1.784353e+01  2.119846e-02 
 1.784393e+01  2.121376e-02 
 1.784432e+01  2.122934e-02 
 1.784472e+01  2.124506e-02 
 1.784512e+01  2.126078e-02 
 1.784552e+01  2.127643e-02 
 1.784592e+01  2.129213e-02 
 1.784631e+01  2.130798e-02 
 1.784671e+01  2.132396e-02 
 1.784711e+01  2.134022e-02 
 1.784751e+01  2.135684e-02 
 1.784790e+01  2.137389e-02 
 1.784830e+01  2.139139e-02 
 1.784870e+01  2.140943e-02 
 1.784910e+01  2.142824e-02 
 1.784949e+01  2.144771e-02 
 1.784989e+01  2.146770e-02 
 1.785029e+01  2.148816e-02 
 1.785069e+01  2.150903e-02 
 1.785109e+01  2.153036e-02 
 1.785148e+01  2.155204e-02 
 1.785188e+01  2.157403e-02 
 1.785228e+01  2.159621e-02 
 1.785268e+01  2.161851e-02 
 1.785307e+01  2.164119e-02 
 1.785347e+01  2.166454e-02 
 1.785387e+01  2.168886e-02 
 1.785427e+01  2.171424e-02 
 1.785466e+01  2.174072e-02 
 1.785506e+01  2.176837e-02 
 1.785546e+01  2.179725e-02 
 1.785586e+01  2.182730e-02 
 1.785626e+01  2.185835e-02 
 1.785665e+01  2.189031e-02 
 1.785705e+01  2.192308e-02 
 1.785745e+01  2.195661e-02 
 1.785785e+01  2.199075e-02 
 1.785824e+01  2.202531e-02 
 1.785864e+01  2.205994e-02 
 1.785904e+01  2.209445e-02 
 1.785944e+01  2.212871e-02 
 1.785983e+01  2.216277e-02 
 1.786023e+01  2.219683e-02 
 1.786063e+01  2.223094e-02 
 1.786103e+01  2.226518e-02 
 1.786143e+01  2.229961e-02 
 1.786182e+01  2.233432e-02 
 1.786222e+01  2.236920e-02 
 1.786262e+01  2.240412e-02 
 1.786302e+01  2.243913e-02 
 1.786341e+01  2.247418e-02 
 1.786381e+01  2.250930e-02 
 1.786421e+01  2.254440e-02 
 1.786461e+01  2.257935e-02 
 1.786500e+01  2.261401e-02 
 1.786540e+01  2.264825e-02 
 1.786580e+01  2.268196e-02 
 1.786620e+01  2.271524e-02 
 1.786660e+01  2.274809e-02 
 1.786699e+01  2.278043e-02 
 1.786739e+01  2.281235e-02 
 1.786779e+01  2.284395e-02 
 1.786819e+01  2.287524e-02 
 1.786858e+01  2.290625e-02 
 1.786898e+01  2.293703e-02 
 1.786938e+01  2.296760e-02 
 1.786978e+01  2.299787e-02 
 1.787017e+01  2.302778e-02 
 1.787057e+01  2.305732e-02 
 1.787097e+01  2.308650e-02 
 1.787137e+01  2.311529e-02 
 1.787177e+01  2.314370e-02 
 1.787216e+01  2.317162e-02 
 1.787256e+01  2.319916e-02 
 1.787296e+01  2.322626e-02 
 1.787336e+01  2.325287e-02 
 1.787375e+01  2.327886e-02 
 1.787415e+01  2.330412e-02 
 1.787455e+01  2.332864e-02 
 1.787495e+01  2.335242e-02 
 1.787534e+01  2.337565e-02 
 1.787574e+01  2.339840e-02 
 1.787614e+01  2.342067e-02 
 1.787654e+01  2.344240e-02 
 1.787694e+01  2.346356e-02 
 1.787733e+01  2.348420e-02 
 1.787773e+01  2.350436e-02 
 1.787813e+01  2.352410e-02 
 1.787853e+01  2.354347e-02 
 1.787892e+01  2.356266e-02 
 1.787932e+01  2.358178e-02 
 1.787972e+01  2.360086e-02 
 1.788012e+01  2.361972e-02 
 1.788051e+01  2.363814e-02 
 1.788091e+01  2.365587e-02 
 1.788131e+01  2.367282e-02 
 1.788171e+01  2.368903e-02 
 1.788211e+01  2.370449e-02 
 1.788250e+01  2.371910e-02 
 1.788290e+01  2.373259e-02 
 1.788330e+01  2.374471e-02 
 1.788370e+01  2.375522e-02 
 1.788409e+01  2.376397e-02 
 1.788449e+01  2.377074e-02 
 1.788489e+01  2.377553e-02 
 1.788529e+01  2.377840e-02 
 1.788568e+01  2.377943e-02 
 1.788608e+01  2.377876e-02 
 1.788648e+01  2.377654e-02 
 1.788688e+01  2.377284e-02 
 1.788728e+01  2.376771e-02 
 1.788767e+01  2.376126e-02 
 1.788807e+01  2.375372e-02 
 1.788847e+01  2.374521e-02 
 1.788887e+01  2.373574e-02 
 1.788926e+01  2.372533e-02 
 1.788966e+01  2.371398e-02 
 1.789006e+01  2.370165e-02 
 1.789046e+01  2.368834e-02 
 1.789085e+01  2.367420e-02 
 1.789125e+01  2.365941e-02 
 1.789165e+01  2.364398e-02 
 1.789205e+01  2.362800e-02 
 1.789245e+01  2.361164e-02 
 1.789284e+01  2.359503e-02 
 1.789324e+01  2.357830e-02 
 1.789364e+01  2.356152e-02 
 1.789404e+01  2.354482e-02 
 1.789443e+01  2.352836e-02 
 1.789483e+01  2.351236e-02 
 1.789523e+01  2.349687e-02 
 1.789563e+01  2.348192e-02 
 1.789602e+01  2.346739e-02 
 1.789642e+01  2.345308e-02 
 1.789682e+01  2.343889e-02 
 1.789722e+01  2.342468e-02 
 1.789762e+01  2.341023e-02 
 1.789801e+01  2.339517e-02 
 1.789841e+01  2.337915e-02 
 1.789881e+01  2.336195e-02 
 1.789921e+01  2.334346e-02 
 1.789960e+01  2.332357e-02 
 1.790000e+01  2.330215e-02 
 1.790040e+01  2.327910e-02 
 1.790080e+01  2.325442e-02 
 1.790119e+01  2.322816e-02 
 1.790159e+01  2.320043e-02 
 1.790199e+01  2.317130e-02 
 1.790239e+01  2.314088e-02 
 1.790279e+01  2.310925e-02 
 1.790318e+01  2.307652e-02 
 1.790358e+01  2.304282e-02 
 1.790398e+01  2.300819e-02 
 1.790438e+01  2.297264e-02 
 1.790477e+01  2.293617e-02 
 1.790517e+01  2.289890e-02 
 1.790557e+01  2.286095e-02 
 1.790597e+01  2.282244e-02 
 1.790636e+01  2.278347e-02 
 1.790676e+01  2.274412e-02 
 1.790716e+01  2.270459e-02 
 1.790756e+01  2.266497e-02 
 1.790796e+01  2.262547e-02 
 1.790835e+01  2.258633e-02 
 1.790875e+01  2.254773e-02 
 1.790915e+01  2.250981e-02 
 1.790955e+01  2.247280e-02 
 1.790994e+01  2.243687e-02 
 1.791034e+01  2.240213e-02 
 1.791074e+01  2.236853e-02 
 1.791114e+01  2.233606e-02 
 1.791153e+01  2.230465e-02 
 1.791193e+01  2.227422e-02 
 1.791233e+01  2.224466e-02 
 1.791273e+01  2.221583e-02 
 1.791313e+01  2.218753e-02 
 1.791352e+01  2.215952e-02 
 1.791392e+01  2.213152e-02 
 1.791432e+01  2.210349e-02 
 1.791472e+01  2.207532e-02 
 1.791511e+01  2.204696e-02 
 1.791551e+01  2.201828e-02 
 1.791591e+01  2.198912e-02 
 1.791631e+01  2.195940e-02 
 1.791671e+01  2.192912e-02 
 1.791710e+01  2.189833e-02 
 1.791750e+01  2.186710e-02 
 1.791790e+01  2.183543e-02 
 1.791830e+01  2.180341e-02 
 1.791869e+01  2.177107e-02 
 1.791909e+01  2.173848e-02 
 1.791949e+01  2.170569e-02 
 1.791989e+01  2.167262e-02 
 1.792028e+01  2.163918e-02 
 1.792068e+01  2.160539e-02 
 1.792108e+01  2.157140e-02 
 1.792148e+01  2.153729e-02 
 1.792188e+01  2.150302e-02 
 1.792227e+01  2.146860e-02 
 1.792267e+01  2.143409e-02 
 1.792307e+01  2.139967e-02 
 1.792347e+01  2.136563e-02 
 1.792386e+01  2.133219e-02 
 1.792426e+01  2.129948e-02 
 1.792466e+01  2.126756e-02 
 1.792506e+01  2.123643e-02 
 1.792545e+01  2.120611e-02 
 1.792585e+01  2.117668e-02 
 1.792625e+01  2.114816e-02 
 1.792665e+01  2.112049e-02 
 1.792705e+01  2.109369e-02 
 1.792744e+01  2.106783e-02 
 1.792784e+01  2.104288e-02 
 1.792824e+01  2.101886e-02 
 1.792864e+01  2.099575e-02 
 1.792903e+01  2.097353e-02 
 1.792943e+01  2.095216e-02 
 1.792983e+01  2.093173e-02 
 1.793023e+01  2.091239e-02 
 1.793062e+01  2.089420e-02 
 1.793102e+01  2.087703e-02 
 1.793142e+01  2.086076e-02 
 1.793182e+01  2.084525e-02 
 1.793222e+01  2.083048e-02 
 1.793261e+01  2.081638e-02 
 1.793301e+01  2.080305e-02 
 1.793341e+01  2.079054e-02 
 1.793381e+01  2.077886e-02 
 1.793420e+01  2.076804e-02 
 1.793460e+01  2.075799e-02 
 1.793500e+01  2.074858e-02 
 1.793540e+01  2.073965e-02 
 1.793579e+01  2.073097e-02 
 1.793619e+01  2.072258e-02 
 1.793659e+01  2.071455e-02 
 1.793699e+01  2.070692e-02 
 1.793739e+01  2.069970e-02 
 1.793778e+01  2.069284e-02 
 1.793818e+01  2.068625e-02 
 1.793858e+01  2.067984e-02 
 1.793898e+01  2.067357e-02 
 1.793937e+01  2.066728e-02 
 1.793977e+01  2.066080e-02 
 1.794017e+01  2.065416e-02 
 1.794057e+01  2.064741e-02 
 1.794096e+01  2.064069e-02 
 1.794136e+01  2.063420e-02 
 1.794176e+01  2.062802e-02 
 1.794216e+01  2.062226e-02 
 1.794256e+01  2.061713e-02 
 1.794295e+01  2.061286e-02 
 1.794335e+01  2.060963e-02 
 1.794375e+01  2.060750e-02 
 1.794415e+01  2.060643e-02 
 1.794454e+01  2.060634e-02 
 1.794494e+01  2.060720e-02 
 1.794534e+01  2.060898e-02 
 1.794574e+01  2.061168e-02 
 1.794613e+01  2.061530e-02 
 1.794653e+01  2.061987e-02 
 1.794693e+01  2.062551e-02 
 1.794733e+01  2.063240e-02 
 1.794773e+01  2.064072e-02 
 1.794812e+01  2.065061e-02 
 1.794852e+01  2.066215e-02 
 1.794892e+01  2.067540e-02 
 1.794932e+01  2.069047e-02 
 1.794971e+01  2.070733e-02 
 1.795011e+01  2.072593e-02 
 1.795051e+01  2.074621e-02 
 1.795091e+01  2.076803e-02 
 1.795130e+01  2.079118e-02 
 1.795170e+01  2.081550e-02 
 1.795210e+01  2.084080e-02 
 1.795250e+01  2.086673e-02 
 1.795290e+01  2.089294e-02 
 1.795329e+01  2.091913e-02 
 1.795369e+01  2.094503e-02 
 1.795409e+01  2.097051e-02 
 1.795449e+01  2.099548e-02 
 1.795488e+01  2.101993e-02 
 1.795528e+01  2.104392e-02 
 1.795568e+01  2.106748e-02 
 1.795608e+01  2.109066e-02 
 1.795647e+01  2.111360e-02 
 1.795687e+01  2.113632e-02 
 1.795727e+01  2.115885e-02 
 1.795767e+01  2.118113e-02 
 1.795807e+01  2.120315e-02 
 1.795846e+01  2.122498e-02 
 1.795886e+01  2.124665e-02 
 1.795926e+01  2.126809e-02 
 1.795966e+01  2.128923e-02 
 1.796005e+01  2.131005e-02 
 1.796045e+01  2.133061e-02 
 1.796085e+01  2.135103e-02 
 1.796125e+01  2.137150e-02 
 1.796164e+01  2.139216e-02 
 1.796204e+01  2.141317e-02 
 1.796244e+01  2.143475e-02 
 1.796284e+01  2.145715e-02 
 1.796324e+01  2.148056e-02 
 1.796363e+01  2.150510e-02 
 1.796403e+01  2.153080e-02 
 1.796443e+01  2.155771e-02 
 1.796483e+01  2.158597e-02 
 1.796522e+01  2.161565e-02 
 1.796562e+01  2.164673e-02 
 1.796602e+01  2.167905e-02 
 1.796642e+01  2.171239e-02 
 1.796681e+01  2.174646e-02 
 1.796721e+01  2.178099e-02 
 1.796761e+01  2.181571e-02 
 1.796801e+01  2.185034e-02 
 1.796841e+01  2.188467e-02 
 1.796880e+01  2.191857e-02 
 1.796920e+01  2.195201e-02 
 1.796960e+01  2.198501e-02 
 1.797000e+01  2.201748e-02 
 1.797039e+01  2.204922e-02 
 1.797079e+01  2.208006e-02 
 1.797119e+01  2.210992e-02 
 1.797159e+01  2.213875e-02 
 1.797198e+01  2.216656e-02 
 1.797238e+01  2.219338e-02 
 1.797278e+01  2.221922e-02 
 1.797318e+01  2.224397e-02 
 1.797358e+01  2.226754e-02 
 1.797397e+01  2.229002e-02 
 1.797437e+01  2.231135e-02 
 1.797477e+01  2.233150e-02 
 1.797517e+01  2.235049e-02 
 1.797556e+01  2.236839e-02 
 1.797596e+01  2.238524e-02 
 1.797636e+01  2.240103e-02 
 1.797676e+01  2.241586e-02 
 1.797715e+01  2.242965e-02 
 1.797755e+01  2.244242e-02 
 1.797795e+01  2.245424e-02 
 1.797835e+01  2.246525e-02 
 1.797875e+01  2.247558e-02 
 1.797914e+01  2.248532e-02 
 1.797954e+01  2.249459e-02 
 1.797994e+01  2.250355e-02 
 1.798034e+01  2.251233e-02 
 1.798073e+01  2.252100e-02 
 1.798113e+01  2.252959e-02 
 1.798153e+01  2.253806e-02 
 1.798193e+01  2.254645e-02 
 1.798232e+01  2.255481e-02 
 1.798272e+01  2.256321e-02 
 1.798312e+01  2.257162e-02 
 1.798352e+01  2.257996e-02 
 1.798392e+01  2.258806e-02 
 1.798431e+01  2.259582e-02 
 1.798471e+01  2.260318e-02 
 1.798511e+01  2.260998e-02 
 1.798551e+01  2.261611e-02 
 1.798590e+01  2.262141e-02 
 1.798630e+01  2.262575e-02 
 1.798670e+01  2.262917e-02 
 1.798710e+01  2.263168e-02 
 1.798749e+01  2.263329e-02 
 1.798789e+01  2.263400e-02 
 1.798829e+01  2.263380e-02 
 1.798869e+01  2.263279e-02 
 1.798909e+01  2.263101e-02 
 1.798948e+01  2.262847e-02 
 1.798988e+01  2.262515e-02 
 1.799028e+01  2.262093e-02 
 1.799068e+01  2.261570e-02 
 1.799107e+01  2.260939e-02 
 1.799147e+01  2.260196e-02 
 1.799187e+01  2.259328e-02 
 1.799227e+01  2.258326e-02 
 1.799266e+01  2.257181e-02 
 1.799306e+01  2.255887e-02 
 1.799346e+01  2.254446e-02 
 1.799386e+01  2.252861e-02 
 1.799426e+01  2.251140e-02 
 1.799465e+01  2.249295e-02 
 1.799505e+01  2.247329e-02 
 1.799545e+01  2.245258e-02 
 1.799585e+01  2.243098e-02 
 1.799624e+01  2.240863e-02 
 1.799664e+01  2.238564e-02 
 1.799704e+01  2.236216e-02 
 1.799744e+01  2.233828e-02 
 1.799783e+01  2.231418e-02 
 1.799823e+01  2.229000e-02 
 1.799863e+01  2.226583e-02 
 1.799903e+01  2.224163e-02 
 1.799943e+01  2.221732e-02 
 1.799982e+01  2.219289e-02 
 1.800022e+01  2.216837e-02 
 1.800062e+01  2.214372e-02 
 1.800102e+01  2.211906e-02 
 1.800141e+01  2.209437e-02 
 1.800181e+01  2.206967e-02 
 1.800221e+01  2.204508e-02 
 1.800261e+01  2.202074e-02 
 1.800300e+01  2.199667e-02 
 1.800340e+01  2.197287e-02 
 1.800380e+01  2.194944e-02 
 1.800420e+01  2.192638e-02 
 1.800460e+01  2.190362e-02 
 1.800499e+01  2.188124e-02 
 1.800539e+01  2.185913e-02 
 1.800579e+01  2.183702e-02 
 1.800619e+01  2.181478e-02 
 1.800658e+01  2.179230e-02 
 1.800698e+01  2.176936e-02 
 1.800738e+01  2.174572e-02 
 1.800778e+01  2.172115e-02 
 1.800818e+01  2.169543e-02 
 1.800857e+01  2.166838e-02 
 1.800897e+01  2.163992e-02 
 1.800937e+01  2.161008e-02 
 1.800977e+01  2.157884e-02 
 1.801016e+01  2.154623e-02 
 1.801056e+01  2.151240e-02 
 1.801096e+01  2.147751e-02 
 1.801136e+01  2.144166e-02 
 1.801175e+01  2.140495e-02 
 1.801215e+01  2.136740e-02 
 1.801255e+01  2.132907e-02 
 1.801295e+01  2.129017e-02 
 1.801335e+01  2.125092e-02 
 1.801374e+01  2.121144e-02 
 1.801414e+01  2.117181e-02 
 1.801454e+01  2.113210e-02 
 1.801494e+01  2.109228e-02 
 1.801533e+01  2.105235e-02 
 1.801573e+01  2.101244e-02 
 1.801613e+01  2.097266e-02 
 1.801653e+01  2.093316e-02 
 1.801692e+01  2.089400e-02 
 1.801732e+01  2.085542e-02 
 1.801772e+01  2.081760e-02 
 1.801812e+01  2.078056e-02 
 1.801852e+01  2.074431e-02 
 1.801891e+01  2.070887e-02 
 1.801931e+01  2.067416e-02 
 1.801971e+01  2.064025e-02 
 1.802011e+01  2.060717e-02 
 1.802050e+01  2.057490e-02 
 1.802090e+01  2.054342e-02 
 1.802130e+01  2.051259e-02 
 1.802170e+01  2.048225e-02 
 1.802209e+01  2.045231e-02 
 1.802249e+01  2.042264e-02 
 1.802289e+01  2.039312e-02 
 1.802329e+01  2.036372e-02 
 1.802369e+01  2.033440e-02 
 1.802408e+01  2.030517e-02 
 1.802448e+01  2.027610e-02 
 1.802488e+01  2.024722e-02 
 1.802528e+01  2.021847e-02 
 1.802567e+01  2.018987e-02 
 1.802607e+01  2.016146e-02 
 1.802647e+01  2.013325e-02 
 1.802687e+01  2.010536e-02 
 1.802726e+01  2.007784e-02 
 1.802766e+01  2.005066e-02 
 1.802806e+01  2.002380e-02 
 1.802846e+01  1.999727e-02 
 1.802886e+01  1.997117e-02 
 1.802925e+01  1.994548e-02 
 1.802965e+01  1.992014e-02 
 1.803005e+01  1.989531e-02 
 1.803045e+01  1.987101e-02 
 1.803084e+01  1.984738e-02 
 1.803124e+01  1.982451e-02 
 1.803164e+01  1.980240e-02 
 1.803204e+01  1.978095e-02 
 1.803243e+01  1.976009e-02 
 1.803283e+01  1.973978e-02 
 1.803323e+01  1.972002e-02 
 1.803363e+01  1.970081e-02 
 1.803403e+01  1.968218e-02 
 1.803442e+01  1.966415e-02 
 1.803482e+01  1.964674e-02 
 1.803522e+01  1.963008e-02 
 1.803562e+01  1.961421e-02 
 1.803601e+01  1.959903e-02 
 1.803641e+01  1.958450e-02 
 1.803681e+01  1.957061e-02 
 1.803721e+01  1.955725e-02 
 1.803760e+01  1.954441e-02 
 1.803800e+01  1.953205e-02 
 1.803840e+01  1.952010e-02 
 1.803880e+01  1.950842e-02 
 1.803920e+01  1.949696e-02 
 1.803959e+01  1.948579e-02 
 1.803999e+01  1.947493e-02 
 1.804039e+01  1.946443e-02 
 1.804079e+01  1.945439e-02 
 1.804118e+01  1.944488e-02 
 1.804158e+01  1.943605e-02 
 1.804198e+01  1.942802e-02 
 1.804238e+01  1.942088e-02 
 1.804277e+01  1.941473e-02 
 1.804317e+01  1.940956e-02 
 1.804357e+01  1.940543e-02 
 1.804397e+01  1.940240e-02 
 1.804437e+01  1.940059e-02 
 1.804476e+01  1.940003e-02 
 1.804516e+01  1.940070e-02 
 1.804556e+01  1.940259e-02 
 1.804596e+01  1.940566e-02 
 1.804635e+01  1.940981e-02 
 1.804675e+01  1.941489e-02 
 1.804715e+01  1.942065e-02 
 1.804755e+01  1.942687e-02 
 1.804794e+01  1.943332e-02 
 1.804834e+01  1.943995e-02 
 1.804874e+01  1.944674e-02 
 1.804914e+01  1.945372e-02 
 1.804954e+01  1.946089e-02 
 1.804993e+01  1.946828e-02 
 1.805033e+01  1.947594e-02 
 1.805073e+01  1.948383e-02 
 1.805113e+01  1.949196e-02 
 1.805152e+01  1.950028e-02 
 1.805192e+01  1.950878e-02 
 1.805232e+01  1.951754e-02 
 1.805272e+01  1.952672e-02 
 1.805311e+01  1.953641e-02 
 1.805351e+01  1.954654e-02 
 1.805391e+01  1.955699e-02 
 1.805431e+01  1.956766e-02 
 1.805471e+01  1.957846e-02 
 1.805510e+01  1.958944e-02 
 1.805550e+01  1.960069e-02 
 1.805590e+01  1.961225e-02 
 1.805630e+01  1.962423e-02 
 1.805669e+01  1.963680e-02 
 1.805709e+01  1.965011e-02 
 1.805749e+01  1.966421e-02 
 1.805789e+01  1.967914e-02 
 1.805828e+01  1.969500e-02 
 1.805868e+01  1.971182e-02 
 1.805908e+01  1.972970e-02 
 1.805948e+01  1.974875e-02 
 1.805988e+01  1.976898e-02 
 1.806027e+01  1.979023e-02 
 1.806067e+01  1.981224e-02 
 1.806107e+01  1.983477e-02 
 1.806147e+01  1.985761e-02 
 1.806186e+01  1.988054e-02 
 1.806226e+01  1.990336e-02 
 1.806266e+01  1.992588e-02 
 1.806306e+01  1.994787e-02 
 1.806345e+01  1.996920e-02 
 1.806385e+01  1.998982e-02 
 1.806425e+01  2.000968e-02 
 1.806465e+01  2.002877e-02 
 1.806505e+01  2.004706e-02 
 1.806544e+01  2.006458e-02 
 1.806584e+01  2.008140e-02 
 1.806624e+01  2.009762e-02 
 1.806664e+01  2.011328e-02 
 1.806703e+01  2.012837e-02 
 1.806743e+01  2.014289e-02 
 1.806783e+01  2.015688e-02 
 1.806823e+01  2.017036e-02 
 1.806862e+01  2.018339e-02 
 1.806902e+01  2.019594e-02 
 1.806942e+01  2.020793e-02 
 1.806982e+01  2.021920e-02 
 1.807022e+01  2.022974e-02 
 1.807061e+01  2.023960e-02 
 1.807101e+01  2.024881e-02 
 1.807141e+01  2.025748e-02 
 1.807181e+01  2.026573e-02 
 1.807220e+01  2.027377e-02 
 1.807260e+01  2.028176e-02 
 1.807300e+01  2.028979e-02 
 1.807340e+01  2.029794e-02 
 1.807379e+01  2.030618e-02 
 1.807419e+01  2.031452e-02 
 1.807459e+01  2.032302e-02 
 1.807499e+01  2.033166e-02 
 1.807539e+01  2.034041e-02 
 1.807578e+01  2.034918e-02 
 1.807618e+01  2.035780e-02 
 1.807658e+01  2.036620e-02 
 1.807698e+01  2.037436e-02 
 1.807737e+01  2.038222e-02 
 1.807777e+01  2.038965e-02 
 1.807817e+01  2.039655e-02 
 1.807857e+01  2.040283e-02 
 1.807896e+01  2.040837e-02 
 1.807936e+01  2.041305e-02 
 1.807976e+01  2.041677e-02 
 1.808016e+01  2.041944e-02 
 1.808056e+01  2.042106e-02 
 1.808095e+01  2.042167e-02 
 1.808135e+01  2.042136e-02 
 1.808175e+01  2.042018e-02 
 1.808215e+01  2.041823e-02 
 1.808254e+01  2.041553e-02 
 1.808294e+01  2.041215e-02 
 1.808334e+01  2.040823e-02 
 1.808374e+01  2.040384e-02 
 1.808413e+01  2.039900e-02 
 1.808453e+01  2.039374e-02 
 1.808493e+01  2.038810e-02 
 1.808533e+01  2.038210e-02 
 1.808573e+01  2.037579e-02 
 1.808612e+01  2.036926e-02 
 1.808652e+01  2.036250e-02 
 1.808692e+01  2.035542e-02 
 1.808732e+01  2.034796e-02 
 1.808771e+01  2.034008e-02 
 1.808811e+01  2.033177e-02 
 1.808851e+01  2.032295e-02 
 1.808891e+01  2.031351e-02 
 1.808930e+01  2.030340e-02 
 1.808970e+01  2.029252e-02 
 1.809010e+01  2.028086e-02 
 1.809050e+01  2.026836e-02 
 1.809090e+01  2.025500e-02 
 1.809129e+01  2.024072e-02 
 1.809169e+01  2.022544e-02 
 1.809209e+01  2.020911e-02 
 1.809249e+01  2.019169e-02 
 1.809288e+01  2.017305e-02 
 1.809328e+01  2.015302e-02 
 1.809368e+01  2.013143e-02 
 1.809408e+01  2.010823e-02 
 1.809447e+01  2.008343e-02 
 1.809487e+01  2.005702e-02 
 1.809527e+01  2.002899e-02 
 1.809567e+01  1.999937e-02 
 1.809607e+01  1.996822e-02 
 1.809646e+01  1.993564e-02 
 1.809686e+01  1.990182e-02 
 1.809726e+01  1.986690e-02 
 1.809766e+01  1.983103e-02 
 1.809805e+01  1.979433e-02 
 1.809845e+01  1.975698e-02 
 1.809885e+01  1.971913e-02 
 1.809925e+01  1.968086e-02 
 1.809965e+01  1.964230e-02 
 1.810004e+01  1.960340e-02 
 1.810044e+01  1.956433e-02 
 1.810084e+01  1.952512e-02 
 1.810124e+01  1.948573e-02 
 1.810163e+01  1.944606e-02 
 1.810203e+01  1.940596e-02 
 1.810243e+01  1.936519e-02 
 1.810283e+01  1.932369e-02 
 1.810322e+01  1.928151e-02 
 1.810362e+01  1.923870e-02 
 1.810402e+01  1.919544e-02 
 1.810442e+01  1.915181e-02 
 1.810482e+01  1.910784e-02 
 1.810521e+01  1.906357e-02 
 1.810561e+01  1.901893e-02 
 1.810601e+01  1.897400e-02 
 1.810641e+01  1.892872e-02 
 1.810680e+01  1.888316e-02 
 1.810720e+01  1.883739e-02 
 1.810760e+01  1.879149e-02 
 1.810800e+01  1.874547e-02 
 1.810839e+01  1.869925e-02 
 1.810879e+01  1.865272e-02 
 1.810919e+01  1.860573e-02 
 1.810959e+01  1.855826e-02 
 1.810999e+01  1.851039e-02 
 1.811038e+01  1.846229e-02 
 1.811078e+01  1.841409e-02 
 1.811118e+01  1.836592e-02 
 1.811158e+01  1.831781e-02 
 1.811197e+01  1.826980e-02 
 1.811237e+01  1.822194e-02 
 1.811277e+01  1.817417e-02 
 1.811317e+01  1.812659e-02 
 1.811356e+01  1.807920e-02 
 1.811396e+01  1.803211e-02 
 1.811436e+01  1.798541e-02 
 1.811476e+01  1.793913e-02 
 1.811516e+01  1.789326e-02 
 1.811555e+01  1.784765e-02 
 1.811595e+01  1.780229e-02 
 1.811635e+01  1.775709e-02 
 1.811675e+01  1.771198e-02 
 1.811714e+01  1.766687e-02 
 1.811754e+01  1.762161e-02 
 1.811794e+01  1.757613e-02 
 1.811834e+01  1.753038e-02 
 1.811873e+01  1.748437e-02 
 1.811913e+01  1.743812e-02 
 1.811953e+01  1.739161e-02 
 1.811993e+01  1.734484e-02 
 1.812033e+01  1.729779e-02 
 1.812072e+01  1.725042e-02 
 1.812112e+01  1.720269e-02 
 1.812152e+01  1.715455e-02 
 1.812192e+01  1.710594e-02 
 1.812231e+01  1.705701e-02 
 1.812271e+01  1.700786e-02 
 1.812311e+01  1.695863e-02 
 1.812351e+01  1.690935e-02 
 1.812390e+01  1.686006e-02 
 1.812430e+01  1.681065e-02 
 1.812470e+01  1.676113e-02 
 1.812510e+01  1.671155e-02 
 1.812550e+01  1.666196e-02 
 1.812589e+01  1.661258e-02 
 1.812629e+01  1.656346e-02 
 1.812669e+01  1.651478e-02 
 1.812709e+01  1.646670e-02 
 1.812748e+01  1.641935e-02 
 1.812788e+01  1.637295e-02 
 1.812828e+01  1.632763e-02 
 1.812868e+01  1.628347e-02 
 1.812907e+01  1.624063e-02 
 1.812947e+01  1.619921e-02 
 1.812987e+01  1.615924e-02 
 1.813027e+01  1.612063e-02 
 1.813067e+01  1.608320e-02 
 1.813106e+01  1.604674e-02 
 1.813146e+01  1.601112e-02 
 1.813186e+01  1.597631e-02 
 1.813226e+01  1.594232e-02 
 1.813265e+01  1.590912e-02 
 1.813305e+01  1.587671e-02 
 1.813345e+01  1.584499e-02 
 1.813385e+01  1.581389e-02 
 1.813424e+01  1.578335e-02 
 1.813464e+01  1.575330e-02 
 1.813504e+01  1.572369e-02 
 1.813544e+01  1.569453e-02 
 1.813584e+01  1.566594e-02 
 1.813623e+01  1.563799e-02 
 1.813663e+01  1.561080e-02 
 1.813703e+01  1.558440e-02 
 1.813743e+01  1.555881e-02 
 1.813782e+01  1.553403e-02 
 1.813822e+01  1.551013e-02 
 1.813862e+01  1.548717e-02 
 1.813902e+01  1.546514e-02 
 1.813941e+01  1.544406e-02 
 1.813981e+01  1.542393e-02 
 1.814021e+01  1.540464e-02 
 1.814061e+01  1.538620e-02 
 1.814101e+01  1.536854e-02 
 1.814140e+01  1.535164e-02 
 1.814180e+01  1.533550e-02 
 1.814220e+01  1.532015e-02 
 1.814260e+01  1.530564e-02 
 1.814299e+01  1.529199e-02 
 1.814339e+01  1.527915e-02 
 1.814379e+01  1.526705e-02 
 1.814419e+01  1.525558e-02 
 1.814458e+01  1.524471e-02 
 1.814498e+01  1.523443e-02 
 1.814538e+01  1.522475e-02 
 1.814578e+01  1.521567e-02 
 1.814618e+01  1.520720e-02 
 1.814657e+01  1.519932e-02 
 1.814697e+01  1.519201e-02 
 1.814737e+01  1.518524e-02 
 1.814777e+01  1.517892e-02 
 1.814816e+01  1.517293e-02 
 1.814856e+01  1.516719e-02 
 1.814896e+01  1.516156e-02 
 1.814936e+01  1.515600e-02 
 1.814975e+01  1.515049e-02 
 1.815015e+01  1.514505e-02 
 1.815055e+01  1.513967e-02 
 1.815095e+01  1.513442e-02 
 1.815135e+01  1.512942e-02 
 1.815174e+01  1.512478e-02 
 1.815214e+01  1.512066e-02 
 1.815254e+01  1.511712e-02 
 1.815294e+01  1.511422e-02 
 1.815333e+01  1.511203e-02 
 1.815373e+01  1.511062e-02 
 1.815413e+01  1.511008e-02 
 1.815453e+01  1.511045e-02 
 1.815492e+01  1.511170e-02 
 1.815532e+01  1.511378e-02 
 1.815572e+01  1.511658e-02 
 1.815612e+01  1.511994e-02 
 1.815652e+01  1.512370e-02 
 1.815691e+01  1.512769e-02 
 1.815731e+01  1.513177e-02 
 1.815771e+01  1.513593e-02 
 1.815811e+01  1.514030e-02 
 1.815850e+01  1.514494e-02 
 1.815890e+01  1.514994e-02 
 1.815930e+01  1.515536e-02 
 1.815970e+01  1.516124e-02 
 1.816009e+01  1.516764e-02 
 1.816049e+01  1.517456e-02 
 1.816089e+01  1.518201e-02 
 1.816129e+01  1.518998e-02 
 1.816169e+01  1.519841e-02 
 1.816208e+01  1.520726e-02 
 1.816248e+01  1.521642e-02 
 1.816288e+01  1.522581e-02 
 1.816328e+01  1.523529e-02 
 1.816367e+01  1.524478e-02 
 1.816407e+01  1.525422e-02 
 1.816447e+01  1.526357e-02 
 1.816487e+01  1.527290e-02 
 1.816526e+01  1.528221e-02 
 1.816566e+01  1.529153e-02 
 1.816606e+01  1.530096e-02 
 1.816646e+01  1.531060e-02 
 1.816686e+01  1.532057e-02 
 1.816725e+01  1.533098e-02 
 1.816765e+01  1.534190e-02 
 1.816805e+01  1.535333e-02 
 1.816845e+01  1.536524e-02 
 1.816884e+01  1.537762e-02 
 1.816924e+01  1.539040e-02 
 1.816964e+01  1.540343e-02 
 1.817004e+01  1.541660e-02 
 1.817043e+01  1.542980e-02 
 1.817083e+01  1.544292e-02 
 1.817123e+01  1.545587e-02 
 1.817163e+01  1.546853e-02 
 1.817203e+01  1.548074e-02 
 1.817242e+01  1.549228e-02 
 1.817282e+01  1.550301e-02 
 1.817322e+01  1.551283e-02 
 1.817362e+01  1.552170e-02 
 1.817401e+01  1.552962e-02 
 1.817441e+01  1.553656e-02 
 1.817481e+01  1.554249e-02 
 1.817521e+01  1.554738e-02 
 1.817560e+01  1.555128e-02 
 1.817600e+01  1.555416e-02 
 1.817640e+01  1.555602e-02 
 1.817680e+01  1.555682e-02 
 1.817720e+01  1.555655e-02 
 1.817759e+01  1.555524e-02 
 1.817799e+01  1.555292e-02 
 1.817839e+01  1.554966e-02 
 1.817879e+01  1.554558e-02 
 1.817918e+01  1.554075e-02 
 1.817958e+01  1.553536e-02 
 1.817998e+01  1.552962e-02 
 1.818038e+01  1.552373e-02 
 1.818077e+01  1.551777e-02 
 1.818117e+01  1.551183e-02 
 1.818157e+01  1.550589e-02 
 1.818197e+01  1.549994e-02 
 1.818237e+01  1.549394e-02 
 1.818276e+01  1.548791e-02 
 1.818316e+01  1.548184e-02 
 1.818356e+01  1.547587e-02 
 1.818396e+01  1.547000e-02 
 1.818435e+01  1.546431e-02 
 1.818475e+01  1.545876e-02 
 1.818515e+01  1.545329e-02 
 1.818555e+01  1.544775e-02 
 1.818594e+01  1.544203e-02 
 1.818634e+01  1.543604e-02 
 1.818674e+01  1.542970e-02 
 1.818714e+01  1.542297e-02 
 1.818754e+01  1.541577e-02 
 1.818793e+01  1.540804e-02 
 1.818833e+01  1.539970e-02 
 1.818873e+01  1.539068e-02 
 1.818913e+01  1.538090e-02 
 1.818952e+01  1.537024e-02 
 1.818992e+01  1.535861e-02 
 1.819032e+01  1.534593e-02 
 1.819072e+01  1.533216e-02 
 1.819112e+01  1.531732e-02 
 1.819151e+01  1.530146e-02 
 1.819191e+01  1.528460e-02 
 1.819231e+01  1.526675e-02 
 1.819271e+01  1.524792e-02 
 1.819310e+01  1.522815e-02 
 1.819350e+01  1.520749e-02 
 1.819390e+01  1.518594e-02 
 1.819430e+01  1.516347e-02 
 1.819469e+01  1.514001e-02 
 1.819509e+01  1.511553e-02 
 1.819549e+01  1.509002e-02 
 1.819589e+01  1.506345e-02 
 1.819629e+01  1.503575e-02 
 1.819668e+01  1.500685e-02 
 1.819708e+01  1.497677e-02 
 1.819748e+01  1.494560e-02 
 1.819788e+01  1.491341e-02 
 1.819827e+01  1.488025e-02 
 1.819867e+01  1.484615e-02 
 1.819907e+01  1.481110e-02 
 1.819947e+01  1.477515e-02 
 1.819986e+01  1.473837e-02 
 1.820026e+01  1.470078e-02 
 1.820066e+01  1.466241e-02 
 1.820106e+01  1.462327e-02 
 1.820146e+01  1.458342e-02 
 1.820185e+01  1.454296e-02 
 1.820225e+01  1.450196e-02 
 1.820265e+01  1.446042e-02 
 1.820305e+01  1.441828e-02 
 1.820344e+01  1.437548e-02 
 1.820384e+01  1.433198e-02 
 1.820424e+01  1.428772e-02 
 1.820464e+01  1.424273e-02 
 1.820503e+01  1.419709e-02 
 1.820543e+01  1.415091e-02 
 1.820583e+01  1.410437e-02 
 1.820623e+01  1.405763e-02 
 1.820663e+01  1.401089e-02 
 1.820702e+01  1.396422e-02 
 1.820742e+01  1.391769e-02 
 1.820782e+01  1.387130e-02 
 1.820822e+01  1.382506e-02 
 1.820861e+01  1.377900e-02 
 1.820901e+01  1.373312e-02 
 1.820941e+01  1.368742e-02 
 1.820981e+01  1.364187e-02 
 1.821020e+01  1.359647e-02 
 1.821060e+01  1.355118e-02 
 1.821100e+01  1.350590e-02 
 1.821140e+01  1.346063e-02 
 1.821180e+01  1.341526e-02 
 1.821219e+01  1.336978e-02 
 1.821259e+01  1.332423e-02 
 1.821299e+01  1.327870e-02 
 1.821339e+01  1.323323e-02 
 1.821378e+01  1.318787e-02 
 1.821418e+01  1.314266e-02 
 1.821458e+01  1.309757e-02 
 1.821498e+01  1.305267e-02 
 1.821537e+01  1.300794e-02 
 1.821577e+01  1.296334e-02 
 1.821617e+01  1.291875e-02 
 1.821657e+01  1.287409e-02 
 1.821697e+01  1.282924e-02 
 1.821736e+01  1.278412e-02 
 1.821776e+01  1.273873e-02 
 1.821816e+01  1.269300e-02 
 1.821856e+01  1.264689e-02 
 1.821895e+01  1.260045e-02 
 1.821935e+01  1.255375e-02 
 1.821975e+01  1.250686e-02 
 1.822015e+01  1.245986e-02 
 1.822054e+01  1.241282e-02 
 1.822094e+01  1.236580e-02 
 1.822134e+01  1.231889e-02 
 1.822174e+01  1.227224e-02 
 1.822214e+01  1.222604e-02 
 1.822253e+01  1.218039e-02 
 1.822293e+01  1.213539e-02 
 1.822333e+01  1.209109e-02 
 1.822373e+01  1.204749e-02 
 1.822412e+01  1.200454e-02 
 1.822452e+01  1.196209e-02 
 1.822492e+01  1.191993e-02 
 1.822532e+01  1.187792e-02 
 1.822571e+01  1.183592e-02 
 1.822611e+01  1.179390e-02 
 1.822651e+01  1.175184e-02 
 1.822691e+01  1.170978e-02 
 1.822731e+01  1.166769e-02 
 1.822770e+01  1.162556e-02 
 1.822810e+01  1.158338e-02 
 1.822850e+01  1.154119e-02 
 1.822890e+01  1.149903e-02 
 1.822929e+01  1.145701e-02 
 1.822969e+01  1.141527e-02 
 1.823009e+01  1.137402e-02 
 1.823049e+01  1.133345e-02 
 1.823088e+01  1.129371e-02 
 1.823128e+01  1.125487e-02 
 1.823168e+01  1.121694e-02 
 1.823208e+01  1.117989e-02 
 1.823248e+01  1.114372e-02 
 1.823287e+01  1.110843e-02 
 1.823327e+01  1.107398e-02 
 1.823367e+01  1.104044e-02 
 1.823407e+01  1.100781e-02 
 1.823446e+01  1.097619e-02 
 1.823486e+01  1.094576e-02 
 1.823526e+01  1.091669e-02 
 1.823566e+01  1.088905e-02 
 1.823605e+01  1.086289e-02 
 1.823645e+01  1.083819e-02 
 1.823685e+01  1.081489e-02 
 1.823725e+01  1.079289e-02 
 1.823765e+01  1.077214e-02 
 1.823804e+01  1.075255e-02 
 1.823844e+01  1.073415e-02 
 1.823884e+01  1.071695e-02 
 1.823924e+01  1.070106e-02 
 1.823963e+01  1.068654e-02 
 1.824003e+01  1.067336e-02 
 1.824043e+01  1.066142e-02 
 1.824083e+01  1.065061e-02 
 1.824122e+01  1.064085e-02 
 1.824162e+01  1.063204e-02 
 1.824202e+01  1.062405e-02 
 1.824242e+01  1.061668e-02 
 1.824282e+01  1.060982e-02 
 1.824321e+01  1.060334e-02 
 1.824361e+01  1.059718e-02 
 1.824401e+01  1.059136e-02 
 1.824441e+01  1.058588e-02 
 1.824480e+01  1.058073e-02 
 1.824520e+01  1.057595e-02 
 1.824560e+01  1.057160e-02 
 1.824600e+01  1.056770e-02 
 1.824639e+01  1.056425e-02 
 1.824679e+01  1.056123e-02 
 1.824719e+01  1.055860e-02 
 1.824759e+01  1.055637e-02 
 1.824799e+01  1.055460e-02 
 1.824838e+01  1.055329e-02 
 1.824878e+01  1.055245e-02 
 1.824918e+01  1.055201e-02 
 1.824958e+01  1.055187e-02 
 1.824997e+01  1.055195e-02 
 1.825037e+01  1.055212e-02 
 1.825077e+01  1.055230e-02 
 1.825117e+01  1.055242e-02 
 1.825156e+01  1.055245e-02 
 1.825196e+01  1.055239e-02 
 1.825236e+01  1.055229e-02 
 1.825276e+01  1.055222e-02 
 1.825316e+01  1.055221e-02 
 1.825355e+01  1.055235e-02 
 1.825395e+01  1.055267e-02 
 1.825435e+01  1.055323e-02 
 1.825475e+01  1.055404e-02 
 1.825514e+01  1.055507e-02 
 1.825554e+01  1.055629e-02 
 1.825594e+01  1.055770e-02 
 1.825634e+01  1.055927e-02 
 1.825673e+01  1.056108e-02 
 1.825713e+01  1.056321e-02 
 1.825753e+01  1.056569e-02 
 1.825793e+01  1.056854e-02 
 1.825833e+01  1.057169e-02 
 1.825872e+01  1.057508e-02 
 1.825912e+01  1.057861e-02 
 1.825952e+01  1.058221e-02 
 1.825992e+01  1.058584e-02 
 1.826031e+01  1.058953e-02 
 1.826071e+01  1.059345e-02 
 1.826111e+01  1.059780e-02 
 1.826151e+01  1.060284e-02 
 1.826190e+01  1.060875e-02 
 1.826230e+01  1.061564e-02 
 1.826270e+01  1.062356e-02 
 1.826310e+01  1.063256e-02 
 1.826350e+01  1.064267e-02 
 1.826389e+01  1.065385e-02 
 1.826429e+01  1.066605e-02 
 1.826469e+01  1.067916e-02 
 1.826509e+01  1.069308e-02 
 1.826548e+01  1.070772e-02 
 1.826588e+01  1.072300e-02 
 1.826628e+01  1.073882e-02 
 1.826668e+01  1.075504e-02 
 1.826707e+01  1.077149e-02 
 1.826747e+01  1.078806e-02 
 1.826787e+01  1.080463e-02 
 1.826827e+01  1.082110e-02 
 1.826867e+01  1.083737e-02 
 1.826906e+01  1.085338e-02 
 1.826946e+01  1.086912e-02 
 1.826986e+01  1.088462e-02 
 1.827026e+01  1.089991e-02 
 1.827065e+01  1.091502e-02 
 1.827105e+01  1.092989e-02 
 1.827145e+01  1.094445e-02 
 1.827185e+01  1.095864e-02 
 1.827224e+01  1.097238e-02 
 1.827264e+01  1.098561e-02 
 1.827304e+01  1.099826e-02 
 1.827344e+01  1.101028e-02 
 1.827384e+01  1.102167e-02 
 1.827423e+01  1.103249e-02 
 1.827463e+01  1.104283e-02 
 1.827503e+01  1.105272e-02 
 1.827543e+01  1.106221e-02 
 1.827582e+01  1.107127e-02 
 1.827622e+01  1.107990e-02 
 1.827662e+01  1.108811e-02 
 1.827702e+01  1.109591e-02 
 1.827741e+01  1.110329e-02 
 1.827781e+01  1.111024e-02 
 1.827821e+01  1.111674e-02 
 1.827861e+01  1.112272e-02 
 1.827901e+01  1.112813e-02 
 1.827940e+01  1.113282e-02 
 1.827980e+01  1.113663e-02 
 1.828020e+01  1.113944e-02 
 1.828060e+01  1.114113e-02 
 1.828099e+01  1.114166e-02 
 1.828139e+01  1.114101e-02 
 1.828179e+01  1.113922e-02 
 1.828219e+01  1.113638e-02 
 1.828259e+01  1.113250e-02 
 1.828298e+01  1.112767e-02 
 1.828338e+01  1.112193e-02 
 1.828378e+01  1.111527e-02 
 1.828418e+01  1.110770e-02 
 1.828457e+01  1.109920e-02 
 1.828497e+01  1.108978e-02 
 1.828537e+01  1.107952e-02 
 1.828577e+01  1.106842e-02 
 1.828616e+01  1.105660e-02 
 1.828656e+01  1.104407e-02 
 1.828696e+01  1.103090e-02 
 1.828736e+01  1.101718e-02 
 1.828776e+01  1.100295e-02 
 1.828815e+01  1.098826e-02 
 1.828855e+01  1.097311e-02 
 1.828895e+01  1.095751e-02 
 1.828935e+01  1.094153e-02 
 1.828974e+01  1.092527e-02 
 1.829014e+01  1.090880e-02 
 1.829054e+01  1.089216e-02 
 1.829094e+01  1.087541e-02 
 1.829133e+01  1.085856e-02 
 1.829173e+01  1.084162e-02 
 1.829213e+01  1.082457e-02 
 1.829253e+01  1.080738e-02 
 1.829293e+01  1.078999e-02 
 1.829332e+01  1.077229e-02 
 1.829372e+01  1.075418e-02 
 1.829412e+01  1.073559e-02 
 1.829452e+01  1.071640e-02 
 1.829491e+01  1.069654e-02 
 1.829531e+01  1.067598e-02 
 1.829571e+01  1.065466e-02 
 1.829611e+01  1.063255e-02 
 1.829650e+01  1.060964e-02 
 1.829690e+01  1.058584e-02 
 1.829730e+01  1.056109e-02 
 1.829770e+01  1.053526e-02 
 1.829810e+01  1.050826e-02 
 1.829849e+01  1.048001e-02 
 1.829889e+01  1.045052e-02 
 1.829929e+01  1.041982e-02 
 1.829969e+01  1.038796e-02 
 1.830008e+01  1.035500e-02 
 1.830048e+01  1.032097e-02 
 1.830088e+01  1.028585e-02 
 1.830128e+01  1.024966e-02 
 1.830167e+01  1.021237e-02 
 1.830207e+01  1.017399e-02 
 1.830247e+01  1.013459e-02 
 1.830287e+01  1.009423e-02 
 1.830327e+01  1.005299e-02 
 1.830366e+01  1.001097e-02 
 1.830406e+01  9.968177e-03 
 1.830446e+01  9.924633e-03 
 1.830486e+01  9.880337e-03 
 1.830525e+01  9.835305e-03 
 1.830565e+01  9.789529e-03 
 1.830605e+01  9.742998e-03 
 1.830645e+01  9.695678e-03 
 1.830684e+01  9.647569e-03 
 1.830724e+01  9.598789e-03 
 1.830764e+01  9.549438e-03 
 1.830804e+01  9.499651e-03 
 1.830844e+01  9.449534e-03 
 1.830883e+01  9.399175e-03 
 1.830923e+01  9.348641e-03 
 1.830963e+01  9.297974e-03 
 1.831003e+01  9.247158e-03 
 1.831042e+01  9.196068e-03 
 1.831082e+01  9.144588e-03 
 1.831122e+01  9.092583e-03 
 1.831162e+01  9.039969e-03 
 1.831201e+01  8.986701e-03 
 1.831241e+01  8.932766e-03 
 1.831281e+01  8.878158e-03 
 1.831321e+01  8.822946e-03 
 1.831361e+01  8.767225e-03 
 1.831400e+01  8.711144e-03 
 1.831440e+01  8.654903e-03 
 1.831480e+01  8.598695e-03 
 1.831520e+01  8.542743e-03 
 1.831559e+01  8.487255e-03 
 1.831599e+01  8.432455e-03 
 1.831639e+01  8.378543e-03 
 1.831679e+01  8.325684e-03 
 1.831718e+01  8.273983e-03 
 1.831758e+01  8.223504e-03 
 1.831798e+01  8.174237e-03 
 1.831838e+01  8.126131e-03 
 1.831878e+01  8.079102e-03 
 1.831917e+01  8.033018e-03 
 1.831957e+01  7.987717e-03 
 1.831997e+01  7.943048e-03 
 1.832037e+01  7.898892e-03 
 1.832076e+01  7.855168e-03 
 1.832116e+01  7.811833e-03 
 1.832156e+01  7.768813e-03 
 1.832196e+01  7.726069e-03 
 1.832235e+01  7.683555e-03 
 1.832275e+01  7.641266e-03 
 1.832315e+01  7.599194e-03 
 1.832355e+01  7.557380e-03 
 1.832395e+01  7.515837e-03 
 1.832434e+01  7.474603e-03 
 1.832474e+01  7.433721e-03 
 1.832514e+01  7.393217e-03 
 1.832554e+01  7.353062e-03 
 1.832593e+01  7.313223e-03 
 1.832633e+01  7.273615e-03 
 1.832673e+01  7.234125e-03 
 1.832713e+01  7.194687e-03 
 1.832752e+01  7.155205e-03 
 1.832792e+01  7.115594e-03 
 1.832832e+01  7.075829e-03 
 1.832872e+01  7.035873e-03 
 1.832912e+01  6.995779e-03 
 1.832951e+01  6.955601e-03 
 1.832991e+01  6.915366e-03 
 1.833031e+01  6.875173e-03 
 1.833071e+01  6.835096e-03 
 1.833110e+01  6.795240e-03 
 1.833150e+01  6.755749e-03 
 1.833190e+01  6.716763e-03 
 1.833230e+01  6.678399e-03 
 1.833269e+01  6.640785e-03 
 1.833309e+01  6.604049e-03 
 1.833349e+01  6.568282e-03 
 1.833389e+01  6.533547e-03 
 1.833429e+01  6.499837e-03 
 1.833468e+01  6.467117e-03 
 1.833508e+01  6.435320e-03 
 1.833548e+01  6.404364e-03 
 1.833588e+01  6.374203e-03 
 1.833627e+01  6.344805e-03 
 1.833667e+01  6.316180e-03 
 1.833707e+01  6.288307e-03 
 1.833747e+01  6.261192e-03 
 1.833786e+01  6.234905e-03 
 1.833826e+01  6.209509e-03 
 1.833866e+01  6.185045e-03 
 1.833906e+01  6.161538e-03 
 1.833946e+01  6.138963e-03 
 1.833985e+01  6.117290e-03 
 1.834025e+01  6.096483e-03 
 1.834065e+01  6.076533e-03 
 1.834105e+01  6.057437e-03 
 1.834144e+01  6.039220e-03 
 1.834184e+01  6.021872e-03 
 1.834224e+01  6.005431e-03 
 1.834264e+01  5.989901e-03 
 1.834303e+01  5.975249e-03 
 1.834343e+01  5.961383e-03 
 1.834383e+01  5.948126e-03 
 1.834423e+01  5.935321e-03 
 1.834463e+01  5.922826e-03 
 1.834502e+01  5.910501e-03 
 1.834542e+01  5.898292e-03 
 1.834582e+01  5.886170e-03 
 1.834622e+01  5.874143e-03 
 1.834661e+01  5.862266e-03 
 1.834701e+01  5.850616e-03 
 1.834741e+01  5.839256e-03 
 1.834781e+01  5.828193e-03 
 1.834820e+01  5.817395e-03 
 1.834860e+01  5.806846e-03 
 1.834900e+01  5.796509e-03 
 1.834940e+01  5.786342e-03 
 1.834980e+01  5.776352e-03 
 1.835019e+01  5.766534e-03 
 1.835059e+01  5.756910e-03 
 1.835099e+01  5.747590e-03 
 1.835139e+01  5.738687e-03 
 1.835178e+01  5.730217e-03 
 1.835218e+01  5.722163e-03 
 1.835258e+01  5.714462e-03 
 1.835298e+01  5.706979e-03 
 1.835337e+01  5.699662e-03 
 1.835377e+01  5.692497e-03 
 1.835417e+01  5.685487e-03 
 1.835457e+01  5.678713e-03 
 1.835497e+01  5.672287e-03 
 1.835536e+01  5.666333e-03 
 1.835576e+01  5.660966e-03 
 1.835616e+01  5.656285e-03 
 1.835656e+01  5.652359e-03 
 1.835695e+01  5.649239e-03 
 1.835735e+01  5.646960e-03 
 1.835775e+01  5.645580e-03 
 1.835815e+01  5.645137e-03 
 1.835854e+01  5.645652e-03 
 1.835894e+01  5.647135e-03 
 1.835934e+01  5.649551e-03 
 1.835974e+01  5.652824e-03 
 1.836014e+01  5.656934e-03 
 1.836053e+01  5.661720e-03 
 1.836093e+01  5.667014e-03 
 1.836133e+01  5.672628e-03 
 1.836173e+01  5.678308e-03 
 1.836212e+01  5.683849e-03 
 1.836252e+01  5.689097e-03 
 1.836292e+01  5.693966e-03 
 1.836332e+01  5.698436e-03 
 1.836371e+01  5.702518e-03 
 1.836411e+01  5.706262e-03 
 1.836451e+01  5.709728e-03 
 1.836491e+01  5.712910e-03 
 1.836531e+01  5.715769e-03 
 1.836570e+01  5.718205e-03 
 1.836610e+01  5.720092e-03 
 1.836650e+01  5.721333e-03 
 1.836690e+01  5.721832e-03 
 1.836729e+01  5.721552e-03 
 1.836769e+01  5.720526e-03 
 1.836809e+01  5.718820e-03 
 1.836849e+01  5.716558e-03 
 1.836888e+01  5.713901e-03 
 1.836928e+01  5.711016e-03 
 1.836968e+01  5.708085e-03 
 1.837008e+01  5.705223e-03 
 1.837048e+01  5.702571e-03 
 1.837087e+01  5.700210e-03 
 1.837127e+01  5.698202e-03 
 1.837167e+01  5.696593e-03 
 1.837207e+01  5.695466e-03 
 1.837246e+01  5.694852e-03 
 1.837286e+01  5.694785e-03 
 1.837326e+01  5.695288e-03 
 1.837366e+01  5.696319e-03 
 1.837406e+01  5.697798e-03 
 1.837445e+01  5.699608e-03 
 1.837485e+01  5.701687e-03 
 1.837525e+01  5.703949e-03 
 1.837565e+01  5.706372e-03 
 1.837604e+01  5.708930e-03 
 1.837644e+01  5.711632e-03 
 1.837684e+01  5.714467e-03 
 1.837724e+01  5.717431e-03 
 1.837763e+01  5.720509e-03 
 1.837803e+01  5.723660e-03 
 1.837843e+01  5.726805e-03 
 1.837883e+01  5.729852e-03 
 1.837923e+01  5.732637e-03 
 1.837962e+01  5.735021e-03 
 1.838002e+01  5.736899e-03 
 1.838042e+01  5.738074e-03 
 1.838082e+01  5.738340e-03 
 1.838121e+01  5.737494e-03 
 1.838161e+01  5.735382e-03 
 1.838201e+01  5.731866e-03 
 1.838241e+01  5.726851e-03 
 1.838280e+01  5.720275e-03 
 1.838320e+01  5.712065e-03 
 1.838360e+01  5.702190e-03 
 1.838400e+01  5.690624e-03 
 1.838440e+01  5.677430e-03 
 1.838479e+01  5.662673e-03 
 1.838519e+01  5.646436e-03 
 1.838559e+01  5.628758e-03 
 1.838599e+01  5.609679e-03 
 1.838638e+01  5.589295e-03 
 1.838678e+01  5.567694e-03 
 1.838718e+01  5.544920e-03 
 1.838758e+01  5.521013e-03 
 1.838797e+01  5.496015e-03 
 1.838837e+01  5.469942e-03 
 1.838877e+01  5.442800e-03 
 1.838917e+01  5.414585e-03 
 1.838957e+01  5.385296e-03 
 1.838996e+01  5.354922e-03 
 1.839036e+01  5.323531e-03 
 1.839076e+01  5.291258e-03 
 1.839116e+01  5.258234e-03 
 1.839155e+01  5.224570e-03 
 1.839195e+01  5.190344e-03 
 1.839235e+01  5.155642e-03 
 1.839275e+01  5.120617e-03 
 1.839314e+01  5.085383e-03 
 1.839354e+01  5.050073e-03 
 1.839394e+01  5.014807e-03 
 1.839434e+01  4.979646e-03 
 1.839474e+01  4.944605e-03 
 1.839513e+01  4.909645e-03 
 1.839553e+01  4.874728e-03 
 1.839593e+01  4.839809e-03 
 1.839633e+01  4.804822e-03 
 1.839672e+01  4.769781e-03 
 1.839712e+01  4.734669e-03 
 1.839752e+01  4.699491e-03 
 1.839792e+01  4.664100e-03 
 1.839831e+01  4.628389e-03 
 1.839871e+01  4.592181e-03 
 1.839911e+01  4.555330e-03 
 1.839951e+01  4.517758e-03 
 1.839991e+01  4.479389e-03 
 1.840030e+01  4.440158e-03 
 1.840070e+01  4.400008e-03 
 1.840110e+01  4.358849e-03 
 1.840150e+01  4.316662e-03 
 1.840189e+01  4.273404e-03 
 1.840229e+01  4.229030e-03 
 1.840269e+01  4.183496e-03 
 1.840309e+01  4.136767e-03 
 1.840348e+01  4.088830e-03 
 1.840388e+01  4.039638e-03 
 1.840428e+01  3.989140e-03 
 1.840468e+01  3.937189e-03 
 1.840508e+01  3.883684e-03 
 1.840547e+01  3.828519e-03 
 1.840587e+01  3.771627e-03 
 1.840627e+01  3.713000e-03 
 1.840667e+01  3.652618e-03 
 1.840706e+01  3.590536e-03 
 1.840746e+01  3.526778e-03 
 1.840786e+01  3.461486e-03 
 1.840826e+01  3.394797e-03 
 1.840865e+01  3.326993e-03 
 1.840905e+01  3.258344e-03 
 1.840945e+01  3.189119e-03 
 1.840985e+01  3.119642e-03 
 1.841025e+01  3.050213e-03 
 1.841064e+01  2.981137e-03 
 1.841104e+01  2.912695e-03 
 1.841144e+01  2.845082e-03 
 1.841184e+01  2.778505e-03 
 1.841223e+01  2.713066e-03 
 1.841263e+01  2.648832e-03 
 1.841303e+01  2.585792e-03 
 1.841343e+01  2.523839e-03 
 1.841382e+01  2.462868e-03 
 1.841422e+01  2.402749e-03 
 1.841462e+01  2.343426e-03 
 1.841502e+01  2.284826e-03 
 1.841542e+01  2.226909e-03 
 1.841581e+01  2.169597e-03 
 1.841621e+01  2.112840e-03 
 1.841661e+01  2.056522e-03 
 1.841701e+01  2.000559e-03 
 1.841740e+01  1.944889e-03 
 1.841780e+01  1.889435e-03 
 1.841820e+01  1.834124e-03 
 1.841860e+01  1.778930e-03 
 1.841899e+01  1.723812e-03 
 1.841939e+01  1.668707e-03 
 1.841979e+01  1.613562e-03 
 1.842019e+01  1.558303e-03 
 1.842059e+01  1.502837e-03 
 1.842098e+01  1.447031e-03 
 1.842138e+01  1.390839e-03 
 1.842178e+01  1.334145e-03 
 1.842218e+01  1.276895e-03 
 1.842257e+01  1.218982e-03 
 1.842297e+01  1.160325e-03 
 1.842337e+01  1.100944e-03 
 1.842377e+01  1.040882e-03 
 1.842416e+01  9.802694e-04 
 1.842456e+01  9.192520e-04 
 1.842496e+01  8.580340e-04 
 1.842536e+01  7.968027e-04 
 1.842576e+01  7.357580e-04 
 1.842615e+01  6.751630e-04 
 1.842655e+01  6.152094e-04 
 1.842695e+01  5.561392e-04 
 1.842735e+01  4.981291e-04 
 1.842774e+01  4.413428e-04 
 1.842814e+01  3.859372e-04 
 1.842854e+01  3.319893e-04 
 1.842894e+01  2.795227e-04 
 1.842933e+01  2.285376e-04 
 1.842973e+01  1.789970e-04 
 1.843013e+01  1.308233e-04 
 1.843053e+01  8.402216e-05 
 1.843093e+01  3.855978e-05 
 1.843132e+01 -5.608785e-06 
 1.843172e+01 -4.845165e-05 
 1.843212e+01 -8.998345e-05 
 1.843252e+01 -1.302353e-04 
 1.843291e+01 -1.693036e-04 
 1.843331e+01 -2.073096e-04 
 1.843371e+01 -2.444148e-04 
 1.843411e+01 -2.808191e-04 
 1.843450e+01 -3.166010e-04 
 1.843490e+01 -3.519078e-04 
 1.843530e+01 -3.868393e-04 
 1.843570e+01 -4.214950e-04 
 1.843610e+01 -4.559711e-04 
 1.843649e+01 -4.904118e-04 
 1.843689e+01 -5.250182e-04 
 1.843729e+01 -5.599516e-04 
 1.843769e+01 -5.954191e-04 
 1.843808e+01 -6.315373e-04 
 1.843848e+01 -6.683665e-04 
 1.843888e+01 -7.059273e-04 
 1.843928e+01 -7.441621e-04 
 1.843967e+01 -7.830514e-04 
 1.844007e+01 -8.225757e-04 
 1.844047e+01 -8.627139e-04 
 1.844087e+01 -9.033811e-04 
 1.844127e+01 -9.444842e-04 
 1.844166e+01 -9.859668e-04 
 1.844206e+01 -1.027721e-03 
 1.844246e+01 -1.069700e-03 
 1.844286e+01 -1.111770e-03 
 1.844325e+01 -1.153823e-03 
 1.844365e+01 -1.195701e-03 
 1.844405e+01 -1.237202e-03 
 1.844445e+01 -1.278121e-03 
 1.844484e+01 -1.318253e-03 
 1.844524e+01 -1.357424e-03 
 1.844564e+01 -1.395461e-03 
 1.844604e+01 -1.432299e-03 
 1.844644e+01 -1.467933e-03 
 1.844683e+01 -1.502336e-03 
 1.844723e+01 -1.535480e-03 
 1.844763e+01 -1.567269e-03 
 1.844803e+01 -1.597578e-03 
 1.844842e+01 -1.626281e-03 
 1.844882e+01 -1.653276e-03 
 1.844922e+01 -1.678506e-03 
 1.844962e+01 -1.701956e-03 
 1.845001e+01 -1.723633e-03 
 1.845041e+01 -1.743518e-03 
 1.845081e+01 -1.761680e-03 
 1.845121e+01 -1.778166e-03 
 1.845161e+01 -1.793046e-03 
 1.845200e+01 -1.806377e-03 
 1.845240e+01 -1.818276e-03 
 1.845280e+01 -1.828831e-03 
 1.845320e+01 -1.838163e-03 
 1.845359e+01 -1.846424e-03 
 1.845399e+01 -1.853752e-03 
 1.845439e+01 -1.860246e-03 
 1.845479e+01 -1.866056e-03 
 1.845518e+01 -1.871327e-03 
 1.845558e+01 -1.876246e-03 
 1.845598e+01 -1.881051e-03 
 1.845638e+01 -1.885969e-03 
 1.845678e+01 -1.891160e-03 
 1.845717e+01 -1.896747e-03 
 1.845757e+01 -1.902871e-03 
 1.845797e+01 -1.909633e-03 
 1.845837e+01 -1.917160e-03 
 1.845876e+01 -1.925589e-03 
 1.845916e+01 -1.935039e-03 
 1.845956e+01 -1.945647e-03 
 1.845996e+01 -1.957479e-03 
 1.846035e+01 -1.970601e-03 
 1.846075e+01 -1.984983e-03 
 1.846115e+01 -2.000531e-03 
 1.846155e+01 -2.017176e-03 
 1.846195e+01 -2.034786e-03 
 1.846234e+01 -2.053238e-03 
 1.846274e+01 -2.072370e-03 
 1.846314e+01 -2.091953e-03 
 1.846354e+01 -2.111750e-03 
 1.846393e+01 -2.131554e-03 
 1.846433e+01 -2.151147e-03 
 1.846473e+01 -2.170391e-03 
 1.846513e+01 -2.189117e-03 
 1.846553e+01 -2.207223e-03 
 1.846592e+01 -2.224562e-03 
 1.846632e+01 -2.240969e-03 
 1.846672e+01 -2.256308e-03 
 1.846712e+01 -2.270396e-03 
 1.846751e+01 -2.283143e-03 
 1.846791e+01 -2.294550e-03 
 1.846831e+01 -2.304689e-03 
 1.846871e+01 -2.313701e-03 
 1.846910e+01 -2.321757e-03 
 1.846950e+01 -2.329000e-03 
 1.846990e+01 -2.335461e-03 
 1.847030e+01 -2.341208e-03 
 1.847070e+01 -2.346264e-03 
 1.847109e+01 -2.350633e-03 
 1.847149e+01 -2.354354e-03 
 1.847189e+01 -2.357458e-03 
 1.847229e+01 -2.360015e-03 
 1.847268e+01 -2.362139e-03 
 1.847308e+01 -2.363981e-03 
 1.847348e+01 -2.365722e-03 
 1.847388e+01 -2.367520e-03 
 1.847427e+01 -2.369660e-03 
 1.847467e+01 -2.372426e-03 
 1.847507e+01 -2.376095e-03 
 1.847547e+01 -2.380940e-03 
 1.847587e+01 -2.387141e-03 
 1.847626e+01 -2.394826e-03 
 1.847666e+01 -2.404100e-03 
 1.847706e+01 -2.415117e-03 
 1.847746e+01 -2.427944e-03 
 1.847785e+01 -2.442702e-03 
 1.847825e+01 -2.459445e-03 
 1.847865e+01 -2.478110e-03 
 1.847905e+01 -2.498574e-03 
 1.847944e+01 -2.520640e-03 
 1.847984e+01 -2.544028e-03 
 1.848024e+01 -2.568578e-03 
 1.848064e+01 -2.594074e-03 
 1.848104e+01 -2.620301e-03 
 1.848143e+01 -2.647091e-03 
 1.848183e+01 -2.674323e-03 
 1.848223e+01 -2.701927e-03 
 1.848263e+01 -2.729796e-03 
 1.848302e+01 -2.757819e-03 
 1.848342e+01 -2.786039e-03 
 1.848382e+01 -2.814499e-03 
 1.848422e+01 -2.843286e-03 
 1.848461e+01 -2.872434e-03 
 1.848501e+01 -2.901991e-03 
 1.848541e+01 -2.931949e-03 
 1.848581e+01 -2.962328e-03 
 1.848621e+01 -2.993116e-03 
 1.848660e+01 -3.024279e-03 
 1.848700e+01 -3.055833e-03 
 1.848740e+01 -3.087733e-03 
 1.848780e+01 -3.119945e-03 
 1.848819e+01 -3.152485e-03 
 1.848859e+01 -3.185387e-03 
 1.848899e+01 -3.218701e-03 
 1.848939e+01 -3.252451e-03 
 1.848978e+01 -3.286767e-03 
 1.849018e+01 -3.321763e-03 
 1.849058e+01 -3.357618e-03 
 1.849098e+01 -3.394544e-03 
 1.849138e+01 -3.432729e-03 
 1.849177e+01 -3.472361e-03 
 1.849217e+01 -3.513570e-03 
 1.849257e+01 -3.556476e-03 
 1.849297e+01 -3.601198e-03 
 1.849336e+01 -3.647818e-03 
 1.849376e+01 -3.696323e-03 
 1.849416e+01 -3.746619e-03 
 1.849456e+01 -3.798602e-03 
 1.849495e+01 -3.852189e-03 
 1.849535e+01 -3.907179e-03 
 1.849575e+01 -3.963447e-03 
 1.849615e+01 -4.020882e-03 
 1.849655e+01 -4.079400e-03 
 1.849694e+01 -4.138919e-03 
 1.849734e+01 -4.199378e-03 
 1.849774e+01 -4.260724e-03 
 1.849814e+01 -4.322860e-03 
 1.849853e+01 -4.385643e-03 
 1.849893e+01 -4.448866e-03 
 1.849933e+01 -4.512325e-03 
 1.849973e+01 -4.575891e-03 
 1.850012e+01 -4.639463e-03 
 1.850052e+01 -4.702979e-03 
 1.850092e+01 -4.766416e-03 
 1.850132e+01 -4.829745e-03 
 1.850172e+01 -4.892953e-03 
 1.850211e+01 -4.956031e-03 
 1.850251e+01 -5.018904e-03 
 1.850291e+01 -5.081477e-03 
 1.850331e+01 -5.143607e-03 
 1.850370e+01 -5.205226e-03 
 1.850410e+01 -5.266187e-03 
 1.850450e+01 -5.326385e-03 
 1.850490e+01 -5.385701e-03 
 1.850529e+01 -5.444088e-03 
 1.850569e+01 -5.501482e-03 
 1.850609e+01 -5.557946e-03 
 1.850649e+01 -5.613479e-03 
 1.850689e+01 -5.668154e-03 
 1.850728e+01 -5.722124e-03 
 1.850768e+01 -5.775502e-03 
 1.850808e+01 -5.828433e-03 
 1.850848e+01 -5.881100e-03 
 1.850887e+01 -5.933694e-03 
 1.850927e+01 -5.986445e-03 
 1.850967e+01 -6.039610e-03 
 1.851007e+01 -6.093480e-03 
 1.851046e+01 -6.148317e-03 
 1.851086e+01 -6.204324e-03 
 1.851126e+01 -6.261612e-03 
 1.851166e+01 -6.320282e-03 
 1.851206e+01 -6.380327e-03 
 1.851245e+01 -6.441766e-03 
 1.851285e+01 -6.504583e-03 
 1.851325e+01 -6.568740e-03 
 1.851365e+01 -6.634190e-03 
 1.851404e+01 -6.700916e-03 
 1.851444e+01 -6.768861e-03 
 1.851484e+01 -6.837995e-03 
 1.851524e+01 -6.908207e-03 
 1.851563e+01 -6.979453e-03 
 1.851603e+01 -7.051612e-03 
 1.851643e+01 -7.124606e-03 
 1.851683e+01 -7.198364e-03 
 1.851723e+01 -7.272754e-03 
 1.851762e+01 -7.347585e-03 
 1.851802e+01 -7.422615e-03 
 1.851842e+01 -7.497619e-03 
 1.851882e+01 -7.572385e-03 
 1.851921e+01 -7.646698e-03 
 1.851961e+01 -7.720413e-03 
 1.852001e+01 -7.793348e-03 
 1.852041e+01 -7.865252e-03 
 1.852080e+01 -7.935866e-03 
 1.852120e+01 -8.004979e-03 
 1.852160e+01 -8.072399e-03 
 1.852200e+01 -8.137938e-03 
 1.852240e+01 -8.201429e-03 
 1.852279e+01 -8.262802e-03 
 1.852319e+01 -8.322062e-03 
 1.852359e+01 -8.379264e-03 
 1.852399e+01 -8.434463e-03 
 1.852438e+01 -8.487666e-03 
 1.852478e+01 -8.538964e-03 
 1.852518e+01 -8.588333e-03 
 1.852558e+01 -8.635882e-03 
 1.852597e+01 -8.681787e-03 
 1.852637e+01 -8.726168e-03 
 1.852677e+01 -8.769178e-03 
 1.852717e+01 -8.810974e-03 
 1.852757e+01 -8.851681e-03 
 1.852796e+01 -8.891485e-03 
 1.852836e+01 -8.930563e-03 
 1.852876e+01 -8.969207e-03 
 1.852916e+01 -9.007723e-03 
 1.852955e+01 -9.046394e-03 
 1.852995e+01 -9.085496e-03 
 1.853035e+01 -9.125226e-03 
 1.853075e+01 -9.165676e-03 
 1.853114e+01 -9.206886e-03 
 1.853154e+01 -9.248863e-03 
 1.853194e+01 -9.291578e-03 
 1.853234e+01 -9.335003e-03 
 1.853274e+01 -9.379045e-03 
 1.853313e+01 -9.423600e-03 
 1.853353e+01 -9.468543e-03 
 1.853393e+01 -9.513709e-03 
 1.853433e+01 -9.558970e-03 
 1.853472e+01 -9.604172e-03 
 1.853512e+01 -9.649242e-03 
 1.853552e+01 -9.694067e-03 
 1.853592e+01 -9.738544e-03 
 1.853631e+01 -9.782562e-03 
 1.853671e+01 -9.825934e-03 
 1.853711e+01 -9.868601e-03 
 1.853751e+01 -9.910309e-03 
 1.853791e+01 -9.950839e-03 
 1.853830e+01 -9.990573e-03 
 1.853870e+01 -1.002891e-02 
 1.853910e+01 -1.006584e-02 
 1.853950e+01 -1.010157e-02 
 1.853989e+01 -1.013560e-02 
 1.854029e+01 -1.016809e-02 
 1.854069e+01 -1.019882e-02 
 1.854109e+01 -1.022791e-02 
 1.854148e+01 -1.025515e-02 
 1.854188e+01 -1.028045e-02 
 1.854228e+01 -1.030388e-02 
 1.854268e+01 -1.032526e-02 
 1.854308e+01 -1.034515e-02 
 1.854347e+01 -1.036355e-02 
 1.854387e+01 -1.038037e-02 
 1.854427e+01 -1.039597e-02 
 1.854467e+01 -1.041023e-02 
 1.854506e+01 -1.042354e-02 
 1.854546e+01 -1.043633e-02 
 1.854586e+01 -1.044843e-02 
 1.854626e+01 -1.046034e-02 
 1.854665e+01 -1.047188e-02 
 1.854705e+01 -1.048315e-02 
 1.854745e+01 -1.049417e-02 
 1.854785e+01 -1.050496e-02 
 1.854825e+01 -1.051577e-02 
 1.854864e+01 -1.052631e-02 
 1.854904e+01 -1.053680e-02 
 1.854944e+01 -1.054717e-02 
 1.854984e+01 -1.055709e-02 
 1.855023e+01 -1.056675e-02 
 1.855063e+01 -1.057586e-02 
 1.855103e+01 -1.058431e-02 
 1.855143e+01 -1.059221e-02 
 1.855182e+01 -1.059942e-02 
 1.855222e+01 -1.060615e-02 
 1.855262e+01 -1.061239e-02 
 1.855302e+01 -1.061805e-02 
 1.855342e+01 -1.062284e-02 
 1.855381e+01 -1.062668e-02 
 1.855421e+01 -1.062986e-02 
 1.855461e+01 -1.063250e-02 
 1.855501e+01 -1.063451e-02 
 1.855540e+01 -1.063592e-02 
 1.855580e+01 -1.063650e-02 
 1.855620e+01 -1.063598e-02 
 1.855660e+01 -1.063437e-02 
 1.855700e+01 -1.063141e-02 
 1.855739e+01 -1.062712e-02 
 1.855779e+01 -1.062093e-02 
 1.855819e+01 -1.061292e-02 
 1.855859e+01 -1.060357e-02 
 1.855898e+01 -1.059290e-02 
 1.855938e+01 -1.058067e-02 
 1.855978e+01 -1.056691e-02 
 1.856018e+01 -1.055143e-02 
 1.856057e+01 -1.053418e-02 
 1.856097e+01 -1.051553e-02 
 1.856137e+01 -1.049577e-02 
 1.856177e+01 -1.047528e-02 
 1.856217e+01 -1.045401e-02 
 1.856256e+01 -1.043235e-02 
 1.856296e+01 -1.041070e-02 
 1.856336e+01 -1.038925e-02 
 1.856376e+01 -1.036835e-02 
 1.856415e+01 -1.034809e-02 
 1.856455e+01 -1.032862e-02 
 1.856495e+01 -1.031004e-02 
 1.856535e+01 -1.029244e-02 
 1.856574e+01 -1.027547e-02 
 1.856614e+01 -1.025925e-02 
 1.856654e+01 -1.024400e-02 
 1.856694e+01 -1.022970e-02 
 1.856734e+01 -1.021642e-02 
 1.856773e+01 -1.020442e-02 
 1.856813e+01 -1.019375e-02 
 1.856853e+01 -1.018432e-02 
 1.856893e+01 -1.017596e-02 
 1.856932e+01 -1.016878e-02 
 1.856972e+01 -1.016293e-02 
 1.857012e+01 -1.015844e-02 
 1.857052e+01 -1.015564e-02 
 1.857091e+01 -1.015466e-02 
 1.857131e+01 -1.015533e-02 
 1.857171e+01 -1.015777e-02 
 1.857211e+01 -1.016155e-02 
 1.857251e+01 -1.016661e-02 
 1.857290e+01 -1.017264e-02 
 1.857330e+01 -1.017950e-02 
 1.857370e+01 -1.018682e-02 
 1.857410e+01 -1.019439e-02 
 1.857449e+01 -1.020184e-02 
 1.857489e+01 -1.020896e-02 
 1.857529e+01 -1.021534e-02 
 1.857569e+01 -1.022079e-02 
 1.857608e+01 -1.022535e-02 
 1.857648e+01 -1.022901e-02 
 1.857688e+01 -1.023170e-02 
 1.857728e+01 -1.023335e-02 
 1.857768e+01 -1.023399e-02 
 1.857807e+01 -1.023362e-02 
 1.857847e+01 -1.023249e-02 
 1.857887e+01 -1.023073e-02 
 1.857927e+01 -1.022848e-02 
 1.857966e+01 -1.022585e-02 
 1.858006e+01 -1.022275e-02 
 1.858046e+01 -1.021965e-02 
 1.858086e+01 -1.021663e-02 
 1.858125e+01 -1.021371e-02 
 1.858165e+01 -1.021092e-02 
 1.858205e+01 -1.020845e-02 
 1.858245e+01 -1.020657e-02 
 1.858285e+01 -1.020562e-02 
 1.858324e+01 -1.020565e-02 
 1.858364e+01 -1.020676e-02 
 1.858404e+01 -1.020898e-02 
 1.858444e+01 -1.021247e-02 
 1.858483e+01 -1.021741e-02 
 1.858523e+01 -1.022421e-02 
 1.858563e+01 -1.023284e-02 
 1.858603e+01 -1.024323e-02 
 1.858642e+01 -1.025558e-02 
 1.858682e+01 -1.026999e-02 
 1.858722e+01 -1.028665e-02 
 1.858762e+01 -1.030556e-02 
 1.858802e+01 -1.032670e-02 
 1.858841e+01 -1.034990e-02 
 1.858881e+01 -1.037492e-02 
 1.858921e+01 -1.040169e-02 
 1.858961e+01 -1.043020e-02 
 1.859000e+01 -1.046030e-02 
 1.859040e+01 -1.049185e-02 
 1.859080e+01 -1.052465e-02 
 1.859120e+01 -1.055848e-02 
 1.859159e+01 -1.059326e-02 
 1.859199e+01 -1.062877e-02 
 1.859239e+01 -1.066480e-02 
 1.859279e+01 -1.070099e-02 
 1.859319e+01 -1.073722e-02 
 1.859358e+01 -1.077336e-02 
 1.859398e+01 -1.080938e-02 
 1.859438e+01 -1.084540e-02 
 1.859478e+01 -1.088140e-02 
 1.859517e+01 -1.091718e-02 
 1.859557e+01 -1.095277e-02 
 1.859597e+01 -1.098820e-02 
 1.859637e+01 -1.102365e-02 
 1.859676e+01 -1.105928e-02 
 1.859716e+01 -1.109504e-02 
 1.859756e+01 -1.113094e-02 
 1.859796e+01 -1.116708e-02 
 1.859836e+01 -1.120354e-02 
 1.859875e+01 -1.124031e-02 
 1.859915e+01 -1.127750e-02 
 1.859955e+01 -1.131498e-02 
 1.859995e+01 -1.135266e-02 
 1.860034e+01 -1.139076e-02 
 1.860074e+01 -1.142936e-02 
 1.860114e+01 -1.146839e-02 
 1.860154e+01 -1.150775e-02 
 1.860193e+01 -1.154739e-02 
 1.860233e+01 -1.158752e-02 
 1.860273e+01 -1.162829e-02 
 1.860313e+01 -1.166980e-02 
 1.860353e+01 -1.171217e-02 
 1.860392e+01 -1.175530e-02 
 1.860432e+01 -1.179927e-02 
 1.860472e+01 -1.184405e-02 
 1.860512e+01 -1.188955e-02 
 1.860551e+01 -1.193587e-02 
 1.860591e+01 -1.198299e-02 
 1.860631e+01 -1.203085e-02 
 1.860671e+01 -1.207953e-02 
 1.860710e+01 -1.212895e-02 
 1.860750e+01 -1.217875e-02 
 1.860790e+01 -1.222879e-02 
 1.860830e+01 -1.227898e-02 
 1.860870e+01 -1.232946e-02 
 1.860909e+01 -1.238018e-02 
 1.860949e+01 -1.243126e-02 
 1.860989e+01 -1.248288e-02 
 1.861029e+01 -1.253491e-02 
 1.861068e+01 -1.258717e-02 
 1.861108e+01 -1.263940e-02 
 1.861148e+01 -1.269135e-02 
 1.861188e+01 -1.274279e-02 
 1.861227e+01 -1.279356e-02 
 1.861267e+01 -1.284367e-02 
 1.861307e+01 -1.289303e-02 
 1.861347e+01 -1.294168e-02 
 1.861387e+01 -1.298973e-02 
 1.861426e+01 -1.303724e-02 
 1.861466e+01 -1.308432e-02 
 1.861506e+01 -1.313111e-02 
 1.861546e+01 -1.317767e-02 
 1.861585e+01 -1.322399e-02 
 1.861625e+01 -1.327006e-02 
 1.861665e+01 -1.331591e-02 
 1.861705e+01 -1.336134e-02 
 1.861744e+01 -1.340634e-02 
 1.861784e+01 -1.345107e-02 
 1.861824e+01 -1.349570e-02 
 1.861864e+01 -1.354036e-02 
 1.861904e+01 -1.358498e-02 
 1.861943e+01 -1.362930e-02 
 1.861983e+01 -1.367327e-02 
 1.862023e+01 -1.371680e-02 
 1.862063e+01 -1.375989e-02 
 1.862102e+01 -1.380264e-02 
 1.862142e+01 -1.384507e-02 
 1.862182e+01 -1.388738e-02 
 1.862222e+01 -1.392985e-02 
 1.862261e+01 -1.397269e-02 
 1.862301e+01 -1.401598e-02 
 1.862341e+01 -1.405973e-02 
 1.862381e+01 -1.410373e-02 
 1.862421e+01 -1.414836e-02 
 1.862460e+01 -1.419366e-02 
 1.862500e+01 -1.423956e-02 
 1.862540e+01 -1.428592e-02 
 1.862580e+01 -1.433266e-02 
 1.862619e+01 -1.437962e-02 
 1.862659e+01 -1.442676e-02 
 1.862699e+01 -1.447390e-02 
 1.862739e+01 -1.452087e-02 
 1.862778e+01 -1.456748e-02 
 1.862818e+01 -1.461332e-02 
 1.862858e+01 -1.465815e-02 
 1.862898e+01 -1.470171e-02 
 1.862938e+01 -1.474361e-02 
 1.862977e+01 -1.478368e-02 
 1.863017e+01 -1.482170e-02 
 1.863057e+01 -1.485767e-02 
 1.863097e+01 -1.489155e-02 
 1.863136e+01 -1.492330e-02 
 1.863176e+01 -1.495292e-02 
 1.863216e+01 -1.498044e-02 
 1.863256e+01 -1.500574e-02 
 1.863295e+01 -1.502878e-02 
 1.863335e+01 -1.504968e-02 
 1.863375e+01 -1.506861e-02 
 1.863415e+01 -1.508557e-02 
 1.863455e+01 -1.510056e-02 
 1.863494e+01 -1.511343e-02 
 1.863534e+01 -1.512406e-02 
 1.863574e+01 -1.513251e-02 
 1.863614e+01 -1.513885e-02 
 1.863653e+01 -1.514313e-02 
 1.863693e+01 -1.514544e-02 
 1.863733e+01 -1.514589e-02 
 1.863773e+01 -1.514468e-02 
 1.863812e+01 -1.514207e-02 
 1.863852e+01 -1.513840e-02 
 1.863892e+01 -1.513389e-02 
 1.863932e+01 -1.512867e-02 
 1.863972e+01 -1.512318e-02 
 1.864011e+01 -1.511762e-02 
 1.864051e+01 -1.511228e-02 
 1.864091e+01 -1.510712e-02 
 1.864131e+01 -1.510243e-02 
 1.864170e+01 -1.509834e-02 
 1.864210e+01 -1.509522e-02 
 1.864250e+01 -1.509306e-02 
 1.864290e+01 -1.509164e-02 
 1.864329e+01 -1.509071e-02 
 1.864369e+01 -1.509017e-02 
 1.864409e+01 -1.508951e-02 
 1.864449e+01 -1.508868e-02 
 1.864489e+01 -1.508744e-02 
 1.864528e+01 -1.508551e-02 
 1.864568e+01 -1.508278e-02 
 1.864608e+01 -1.507911e-02 
 1.864648e+01 -1.507469e-02 
 1.864687e+01 -1.506915e-02 
 1.864727e+01 -1.506238e-02 
 1.864767e+01 -1.505445e-02 
 1.864807e+01 -1.504522e-02 
 1.864846e+01 -1.503475e-02 
 1.864886e+01 -1.502318e-02 
 1.864926e+01 -1.501032e-02 
 1.864966e+01 -1.499625e-02 
 1.865006e+01 -1.498063e-02 
 1.865045e+01 -1.496352e-02 
 1.865085e+01 -1.494480e-02 
 1.865125e+01 -1.492412e-02 
 1.865165e+01 -1.490169e-02 
 1.865204e+01 -1.487725e-02 
 1.865244e+01 -1.485084e-02 
 1.865284e+01 -1.482254e-02 
 1.865324e+01 -1.479223e-02 
 1.865364e+01 -1.476008e-02 
 1.865403e+01 -1.472621e-02 
 1.865443e+01 -1.469079e-02 
 1.865483e+01 -1.465405e-02 
 1.865523e+01 -1.461610e-02 
 1.865562e+01 -1.457707e-02 
 1.865602e+01 -1.453716e-02 
 1.865642e+01 -1.449642e-02 
 1.865682e+01 -1.445510e-02 
 1.865721e+01 -1.441341e-02 
 1.865761e+01 -1.437180e-02 
 1.865801e+01 -1.433067e-02 
 1.865841e+01 -1.429012e-02 
 1.865881e+01 -1.425051e-02 
 1.865920e+01 -1.421185e-02 
 1.865960e+01 -1.417404e-02 
 1.866000e+01 -1.413728e-02 
 1.866040e+01 -1.410148e-02 
 1.866079e+01 -1.406659e-02 
 1.866119e+01 -1.403223e-02 
 1.866159e+01 -1.399837e-02 
 1.866199e+01 -1.396498e-02 
 1.866238e+01 -1.393190e-02 
 1.866278e+01 -1.389903e-02 
 1.866318e+01 -1.386621e-02 
 1.866358e+01 -1.383320e-02 
 1.866398e+01 -1.379997e-02 
 1.866437e+01 -1.376673e-02 
 1.866477e+01 -1.373353e-02 
 1.866517e+01 -1.370050e-02 
 1.866557e+01 -1.366772e-02 
 1.866596e+01 -1.363533e-02 
 1.866636e+01 -1.360353e-02 
 1.866676e+01 -1.357222e-02 
 1.866716e+01 -1.354135e-02 
 1.866755e+01 -1.351076e-02 
 1.866795e+01 -1.348030e-02 
 1.866835e+01 -1.344954e-02 
 1.866875e+01 -1.341848e-02 
 1.866915e+01 -1.338678e-02 
 1.866954e+01 -1.335430e-02 
 1.866994e+01 -1.332103e-02 
 1.867034e+01 -1.328692e-02 
 1.867074e+01 -1.325203e-02 
 1.867113e+01 -1.321649e-02 
 1.867153e+01 -1.318022e-02 
 1.867193e+01 -1.314322e-02 
 1.867233e+01 -1.310558e-02 
 1.867272e+01 -1.306754e-02 
 1.867312e+01 -1.302929e-02 
 1.867352e+01 -1.299100e-02 
 1.867392e+01 -1.295294e-02 
 1.867432e+01 -1.291520e-02 
 1.867471e+01 -1.287788e-02 
 1.867511e+01 -1.284111e-02 
 1.867551e+01 -1.280484e-02 
 1.867591e+01 -1.276920e-02 
 1.867630e+01 -1.273413e-02 
 1.867670e+01 -1.269979e-02 
 1.867710e+01 -1.266619e-02 
 1.867750e+01 -1.263348e-02 
 1.867789e+01 -1.260181e-02 
 1.867829e+01 -1.257106e-02 
 1.867869e+01 -1.254135e-02 
 1.867909e+01 -1.251286e-02 
 1.867949e+01 -1.248550e-02 
 1.867988e+01 -1.245935e-02 
 1.868028e+01 -1.243447e-02 
 1.868068e+01 -1.241078e-02 
 1.868108e+01 -1.238831e-02 
 1.868147e+01 -1.236699e-02 
 1.868187e+01 -1.234681e-02 
 1.868227e+01 -1.232780e-02 
 1.868267e+01 -1.230979e-02 
 1.868306e+01 -1.229262e-02 
 1.868346e+01 -1.227618e-02 
 1.868386e+01 -1.226034e-02 
 1.868426e+01 -1.224491e-02 
 1.868466e+01 -1.222973e-02 
 1.868505e+01 -1.221475e-02 
 1.868545e+01 -1.220002e-02 
 1.868585e+01 -1.218543e-02 
 1.868625e+01 -1.217099e-02 
 1.868664e+01 -1.215670e-02 
 1.868704e+01 -1.214227e-02 
 1.868744e+01 -1.212762e-02 
 1.868784e+01 -1.211276e-02 
 1.868823e+01 -1.209771e-02 
 1.868863e+01 -1.208238e-02 
 1.868903e+01 -1.206679e-02 
 1.868943e+01 -1.205083e-02 
 1.868983e+01 -1.203460e-02 
 1.869022e+01 -1.201818e-02 
 1.869062e+01 -1.200172e-02 
 1.869102e+01 -1.198557e-02 
 1.869142e+01 -1.196981e-02 
 1.869181e+01 -1.195469e-02 
 1.869221e+01 -1.194037e-02 
 1.869261e+01 -1.192712e-02 
 1.869301e+01 -1.191524e-02 
 1.869340e+01 -1.190496e-02 
 1.869380e+01 -1.189657e-02 
 1.869420e+01 -1.189021e-02 
 1.869460e+01 -1.188603e-02 
 1.869500e+01 -1.188399e-02 
 1.869539e+01 -1.188401e-02 
 1.869579e+01 -1.188612e-02 
 1.869619e+01 -1.189020e-02 
 1.869659e+01 -1.189631e-02 
 1.869698e+01 -1.190438e-02 
 1.869738e+01 -1.191447e-02 
 1.869778e+01 -1.192656e-02 
 1.869818e+01 -1.194058e-02 
 1.869857e+01 -1.195640e-02 
 1.869897e+01 -1.197384e-02 
 1.869937e+01 -1.199287e-02 
 1.869977e+01 -1.201351e-02 
 1.870017e+01 -1.203565e-02 
 1.870056e+01 -1.205919e-02 
 1.870096e+01 -1.208406e-02 
 1.870136e+01 -1.211007e-02 
 1.870176e+01 -1.213709e-02 
 1.870215e+01 -1.216493e-02 
 1.870255e+01 -1.219338e-02 
 1.870295e+01 -1.222224e-02 
 1.870335e+01 -1.225127e-02 
 1.870374e+01 -1.228036e-02 
 1.870414e+01 -1.230941e-02 
 1.870454e+01 -1.233806e-02 
 1.870494e+01 -1.236610e-02 
 1.870534e+01 -1.239347e-02 
 1.870573e+01 -1.242008e-02 
 1.870613e+01 -1.244587e-02 
 1.870653e+01 -1.247080e-02 
 1.870693e+01 -1.249483e-02 
 1.870732e+01 -1.251781e-02 
 1.870772e+01 -1.253983e-02 
 1.870812e+01 -1.256088e-02 
 1.870852e+01 -1.258112e-02 
 1.870891e+01 -1.260073e-02 
 1.870931e+01 -1.261984e-02 
 1.870971e+01 -1.263874e-02 
 1.871011e+01 -1.265766e-02 
 1.871051e+01 -1.267679e-02 
 1.871090e+01 -1.269621e-02 
 1.871130e+01 -1.271600e-02 
 1.871170e+01 -1.273644e-02 
 1.871210e+01 -1.275771e-02 
 1.871249e+01 -1.277992e-02 
 1.871289e+01 -1.280318e-02 
 1.871329e+01 -1.282758e-02 
 1.871369e+01 -1.285296e-02 
 1.871408e+01 -1.287933e-02 
 1.871448e+01 -1.290661e-02 
 1.871488e+01 -1.293461e-02 
 1.871528e+01 -1.296318e-02 
 1.871568e+01 -1.299220e-02 
 1.871607e+01 -1.302173e-02 
 1.871647e+01 -1.305180e-02 
 1.871687e+01 -1.308249e-02 
 1.871727e+01 -1.311382e-02 
 1.871766e+01 -1.314593e-02 
 1.871806e+01 -1.317890e-02 
 1.871846e+01 -1.321284e-02 
 1.871886e+01 -1.324776e-02 
 1.871925e+01 -1.328365e-02 
 1.871965e+01 -1.332038e-02 
 1.872005e+01 -1.335778e-02 
 1.872045e+01 -1.339568e-02 
 1.872085e+01 -1.343391e-02 
 1.872124e+01 -1.347232e-02 
 1.872164e+01 -1.351072e-02 
 1.872204e+01 -1.354886e-02 
 1.872244e+01 -1.358633e-02 
 1.872283e+01 -1.362281e-02 
 1.872323e+01 -1.365799e-02 
 1.872363e+01 -1.369151e-02 
 1.872403e+01 -1.372328e-02 
 1.872442e+01 -1.375318e-02 
 1.872482e+01 -1.378116e-02 
 1.872522e+01 -1.380724e-02 
 1.872562e+01 -1.383154e-02 
 1.872602e+01 -1.385420e-02 
 1.872641e+01 -1.387529e-02 
 1.872681e+01 -1.389478e-02 
 1.872721e+01 -1.391275e-02 
 1.872761e+01 -1.392930e-02 
 1.872800e+01 -1.394445e-02 
 1.872840e+01 -1.395828e-02 
 1.872880e+01 -1.397088e-02 
 1.872920e+01 -1.398221e-02 
 1.872959e+01 -1.399227e-02 
 1.872999e+01 -1.400121e-02 
 1.873039e+01 -1.400906e-02 
 1.873079e+01 -1.401572e-02 
 1.873119e+01 -1.402125e-02 
 1.873158e+01 -1.402574e-02 
 1.873198e+01 -1.402929e-02 
 1.873238e+01 -1.403201e-02 
 1.873278e+01 -1.403409e-02 
 1.873317e+01 -1.403567e-02 
 1.873357e+01 -1.403687e-02 
 1.873397e+01 -1.403789e-02 
 1.873437e+01 -1.403885e-02 
 1.873476e+01 -1.403995e-02 
 1.873516e+01 -1.404135e-02 
 1.873556e+01 -1.404300e-02 
 1.873596e+01 -1.404491e-02 
 1.873636e+01 -1.404703e-02 
 1.873675e+01 -1.404933e-02 
 1.873715e+01 -1.405171e-02 
 1.873755e+01 -1.405398e-02 
 1.873795e+01 -1.405600e-02 
 1.873834e+01 -1.405750e-02 
 1.873874e+01 -1.405825e-02 
 1.873914e+01 -1.405801e-02 
 1.873954e+01 -1.405653e-02 
 1.873993e+01 -1.405357e-02 
 1.874033e+01 -1.404899e-02 
 1.874073e+01 -1.404259e-02 
 1.874113e+01 -1.403431e-02 
 1.874153e+01 -1.402410e-02 
 1.874192e+01 -1.401189e-02 
 1.874232e+01 -1.399769e-02 
 1.874272e+01 -1.398153e-02 
 1.874312e+01 -1.396354e-02 
 1.874351e+01 -1.394381e-02 
 1.874391e+01 -1.392240e-02 
 1.874431e+01 -1.389949e-02 
 1.874471e+01 -1.387521e-02 
 1.874511e+01 -1.384973e-02 
 1.874550e+01 -1.382323e-02 
 1.874590e+01 -1.379592e-02 
 1.874630e+01 -1.376780e-02 
 1.874670e+01 -1.373888e-02 
 1.874709e+01 -1.370921e-02 
 1.874749e+01 -1.367892e-02 
 1.874789e+01 -1.364815e-02 
 1.874829e+01 -1.361696e-02 
 1.874868e+01 -1.358548e-02 
 1.874908e+01 -1.355391e-02 
 1.874948e+01 -1.352246e-02 
 1.874988e+01 -1.349136e-02 
 1.875028e+01 -1.346066e-02 
 1.875067e+01 -1.343060e-02 
 1.875107e+01 -1.340127e-02 
 1.875147e+01 -1.337283e-02 
 1.875187e+01 -1.334542e-02 
 1.875226e+01 -1.331920e-02 
 1.875266e+01 -1.329411e-02 
 1.875306e+01 -1.327009e-02 
 1.875346e+01 -1.324709e-02 
 1.875385e+01 -1.322508e-02 
 1.875425e+01 -1.320379e-02 
 1.875465e+01 -1.318310e-02 
 1.875505e+01 -1.316272e-02 
 1.875545e+01 -1.314247e-02 
 1.875584e+01 -1.312210e-02 
 1.875624e+01 -1.310126e-02 
 1.875664e+01 -1.307978e-02 
 1.875704e+01 -1.305743e-02 
 1.875743e+01 -1.303395e-02 
 1.875783e+01 -1.300918e-02 
 1.875823e+01 -1.298304e-02 
 1.875863e+01 -1.295532e-02 
 1.875902e+01 -1.292585e-02 
 1.875942e+01 -1.289456e-02 
 1.875982e+01 -1.286145e-02 
 1.876022e+01 -1.282660e-02 
 1.876062e+01 -1.279013e-02 
 1.876101e+01 -1.275215e-02 
 1.876141e+01 -1.271279e-02 
 1.876181e+01 -1.267206e-02 
 1.876221e+01 -1.263004e-02 
 1.876260e+01 -1.258680e-02 
 1.876300e+01 -1.254241e-02 
 1.876340e+01 -1.249710e-02 
 1.876380e+01 -1.245105e-02 
 1.876419e+01 -1.240441e-02 
 1.876459e+01 -1.235731e-02 
 1.876499e+01 -1.230983e-02 
 1.876539e+01 -1.226204e-02 
 1.876579e+01 -1.221398e-02 
 1.876618e+01 -1.216563e-02 
 1.876658e+01 -1.211712e-02 
 1.876698e+01 -1.206852e-02 
 1.876738e+01 -1.201994e-02 
 1.876777e+01 -1.197159e-02 
 1.876817e+01 -1.192359e-02 
 1.876857e+01 -1.187603e-02 
 1.876897e+01 -1.182904e-02 
 1.876936e+01 -1.178283e-02 
 1.876976e+01 -1.173759e-02 
 1.877016e+01 -1.169336e-02 
 1.877056e+01 -1.165027e-02 
 1.877096e+01 -1.160837e-02 
 1.877135e+01 -1.156776e-02 
 1.877175e+01 -1.152844e-02 
 1.877215e+01 -1.149046e-02 
 1.877255e+01 -1.145386e-02 
 1.877294e+01 -1.141856e-02 
 1.877334e+01 -1.138454e-02 
 1.877374e+01 -1.135177e-02 
 1.877414e+01 -1.132022e-02 
 1.877453e+01 -1.128973e-02 
 1.877493e+01 -1.126009e-02 
 1.877533e+01 -1.123127e-02 
 1.877573e+01 -1.120319e-02 
 1.877613e+01 -1.117584e-02 
 1.877652e+01 -1.114921e-02 
 1.877692e+01 -1.112322e-02 
 1.877732e+01 -1.109783e-02 
 1.877772e+01 -1.107287e-02 
 1.877811e+01 -1.104828e-02 
 1.877851e+01 -1.102386e-02 
 1.877891e+01 -1.099955e-02 
 1.877931e+01 -1.097521e-02 
 1.877970e+01 -1.095078e-02 
 1.878010e+01 -1.092630e-02 
 1.878050e+01 -1.090188e-02 
 1.878090e+01 -1.087751e-02 
 1.878130e+01 -1.085319e-02 
 1.878169e+01 -1.082897e-02 
 1.878209e+01 -1.080485e-02 
 1.878249e+01 -1.078085e-02 
 1.878289e+01 -1.075697e-02 
 1.878328e+01 -1.073322e-02 
 1.878368e+01 -1.070955e-02 
 1.878408e+01 -1.068589e-02 
 1.878448e+01 -1.066229e-02 
 1.878487e+01 -1.063875e-02 
 1.878527e+01 -1.061533e-02 
 1.878567e+01 -1.059205e-02 
 1.878607e+01 -1.056932e-02 
 1.878647e+01 -1.054717e-02 
 1.878686e+01 -1.052580e-02 
 1.878726e+01 -1.050552e-02 
 1.878766e+01 -1.048650e-02 
 1.878806e+01 -1.046906e-02 
 1.878845e+01 -1.045363e-02 
 1.878885e+01 -1.044044e-02 
 1.878925e+01 -1.042967e-02 
 1.878965e+01 -1.042150e-02 
 1.879004e+01 -1.041595e-02 
 1.879044e+01 -1.041283e-02 
 1.879084e+01 -1.041213e-02 
 1.879124e+01 -1.041362e-02 
 1.879164e+01 -1.041715e-02 
 1.879203e+01 -1.042237e-02 
 1.879243e+01 -1.042914e-02 
 1.879283e+01 -1.043727e-02 
 1.879323e+01 -1.044661e-02 
 1.879362e+01 -1.045710e-02 
 1.879402e+01 -1.046872e-02 
 1.879442e+01 -1.048142e-02 
 1.879482e+01 -1.049512e-02 
 1.879521e+01 -1.050978e-02 
 1.879561e+01 -1.052538e-02 
 1.879601e+01 -1.054195e-02 
 1.879641e+01 -1.055932e-02 
 1.879681e+01 -1.057734e-02 
 1.879720e+01 -1.059593e-02 
 1.879760e+01 -1.061502e-02 
 1.879800e+01 -1.063439e-02 
 1.879840e+01 -1.065388e-02 
 1.879879e+01 -1.067341e-02 
 1.879919e+01 -1.069275e-02 
 1.879959e+01 -1.071178e-02 
 1.879999e+01 -1.073045e-02 
 1.880038e+01 -1.074876e-02 
 1.880078e+01 -1.076667e-02 
 1.880118e+01 -1.078424e-02 
 1.880158e+01 -1.080156e-02 
 1.880198e+01 -1.081873e-02 
 1.880237e+01 -1.083596e-02 
 1.880277e+01 -1.085347e-02 
 1.880317e+01 -1.087148e-02 
 1.880357e+01 -1.089020e-02 
 1.880396e+01 -1.090988e-02 
 1.880436e+01 -1.093078e-02 
 1.880476e+01 -1.095314e-02 
 1.880516e+01 -1.097722e-02 
 1.880555e+01 -1.100319e-02 
 1.880595e+01 -1.103113e-02 
 1.880635e+01 -1.106105e-02 
 1.880675e+01 -1.109298e-02 
 1.880715e+01 -1.112693e-02 
 1.880754e+01 -1.116285e-02 
 1.880794e+01 -1.120057e-02 
 1.880834e+01 -1.124000e-02 
 1.880874e+01 -1.128094e-02 
 1.880913e+01 -1.132321e-02 
 1.880953e+01 -1.136656e-02 
 1.880993e+01 -1.141072e-02 
 1.881033e+01 -1.145536e-02 
 1.881072e+01 -1.150021e-02 
 1.881112e+01 -1.154503e-02 
 1.881152e+01 -1.158967e-02 
 1.881192e+01 -1.163400e-02 
 1.881232e+01 -1.167788e-02 
 1.881271e+01 -1.172135e-02 
 1.881311e+01 -1.176432e-02 
 1.881351e+01 -1.180676e-02 
 1.881391e+01 -1.184869e-02 
 1.881430e+01 -1.188996e-02 
 1.881470e+01 -1.193070e-02 
 1.881510e+01 -1.197082e-02 
 1.881550e+01 -1.201030e-02 
 1.881589e+01 -1.204914e-02 
 1.881629e+01 -1.208718e-02 
 1.881669e+01 -1.212416e-02 
 1.881709e+01 -1.215985e-02 
 1.881749e+01 -1.219412e-02 
 1.881788e+01 -1.222687e-02 
 1.881828e+01 -1.225801e-02 
 1.881868e+01 -1.228757e-02 
 1.881908e+01 -1.231563e-02 
 1.881947e+01 -1.234243e-02 
 1.881987e+01 -1.236827e-02 
 1.882027e+01 -1.239337e-02 
 1.882067e+01 -1.241805e-02 
 1.882106e+01 -1.244262e-02 
 1.882146e+01 -1.246736e-02 
 1.882186e+01 -1.249257e-02 
 1.882226e+01 -1.251850e-02 
 1.882266e+01 -1.254526e-02 
 1.882305e+01 -1.257293e-02 
 1.882345e+01 -1.260150e-02 
 1.882385e+01 -1.263103e-02 
 1.882425e+01 -1.266152e-02 
 1.882464e+01 -1.269291e-02 
 1.882504e+01 -1.272510e-02 
 1.882544e+01 -1.275797e-02 
 1.882584e+01 -1.279133e-02 
 1.882623e+01 -1.282505e-02 
 1.882663e+01 -1.285908e-02 
 1.882703e+01 -1.289337e-02 
 1.882743e+01 -1.292799e-02 
 1.882783e+01 -1.296297e-02 
 1.882822e+01 -1.299833e-02 
 1.882862e+01 -1.303408e-02 
 1.882902e+01 -1.307012e-02 
 1.882942e+01 -1.310632e-02 
 1.882981e+01 -1.314258e-02 
 1.883021e+01 -1.317876e-02 
 1.883061e+01 -1.321466e-02 
 1.883101e+01 -1.325011e-02 
 1.883140e+01 -1.328495e-02 
 1.883180e+01 -1.331896e-02 
 1.883220e+01 -1.335197e-02 
 1.883260e+01 -1.338384e-02 
 1.883300e+01 -1.341432e-02 
 1.883339e+01 -1.344328e-02 
 1.883379e+01 -1.347055e-02 
 1.883419e+01 -1.349601e-02 
 1.883459e+01 -1.351948e-02 
 1.883498e+01 -1.354080e-02 
 1.883538e+01 -1.355984e-02 
 1.883578e+01 -1.357648e-02 
 1.883618e+01 -1.359078e-02 
 1.883658e+01 -1.360278e-02 
 1.883697e+01 -1.361255e-02 
 1.883737e+01 -1.362021e-02 
 1.883777e+01 -1.362590e-02 
 1.883817e+01 -1.362977e-02 
 1.883856e+01 -1.363185e-02 
 1.883896e+01 -1.363231e-02 
 1.883936e+01 -1.363132e-02 
 1.883976e+01 -1.362909e-02 
 1.884015e+01 -1.362585e-02 
 1.884055e+01 -1.362179e-02 
 1.884095e+01 -1.361717e-02 
 1.884135e+01 -1.361214e-02 
 1.884175e+01 -1.360689e-02 
 1.884214e+01 -1.360154e-02 
 1.884254e+01 -1.359621e-02 
 1.884294e+01 -1.359102e-02 
 1.884334e+01 -1.358595e-02 
 1.884373e+01 -1.358117e-02 
 1.884413e+01 -1.357676e-02 
 1.884453e+01 -1.357273e-02 
 1.884493e+01 -1.356914e-02 
 1.884532e+01 -1.356596e-02 
 1.884572e+01 -1.356322e-02 
 1.884612e+01 -1.356104e-02 
 1.884652e+01 -1.355938e-02 
 1.884692e+01 -1.355823e-02 
 1.884731e+01 -1.355750e-02 
 1.884771e+01 -1.355705e-02 
 1.884811e+01 -1.355668e-02 
 1.884851e+01 -1.355629e-02 
 1.884890e+01 -1.355576e-02 
 1.884930e+01 -1.355488e-02 
 1.884970e+01 -1.355346e-02 
 1.885010e+01 -1.355128e-02 
 1.885049e+01 -1.354814e-02 
 1.885089e+01 -1.354380e-02 
 1.885129e+01 -1.353806e-02 
 1.885169e+01 -1.353062e-02 
 1.885209e+01 -1.352131e-02 
 1.885248e+01 -1.350994e-02 
 1.885288e+01 -1.349638e-02 
 1.885328e+01 -1.348054e-02 
 1.885368e+01 -1.346245e-02 
 1.885407e+01 -1.344212e-02 
 1.885447e+01 -1.341956e-02 
 1.885487e+01 -1.339490e-02 
 1.885527e+01 -1.336831e-02 
 1.885566e+01 -1.333993e-02 
 1.885606e+01 -1.331003e-02 
 1.885646e+01 -1.327892e-02 
 1.885686e+01 -1.324681e-02 
 1.885726e+01 -1.321400e-02 
 1.885765e+01 -1.318075e-02 
 1.885805e+01 -1.314724e-02 
 1.885845e+01 -1.311364e-02 
 1.885885e+01 -1.308005e-02 
 1.885924e+01 -1.304661e-02 
 1.885964e+01 -1.301345e-02 
 1.886004e+01 -1.298069e-02 
 1.886044e+01 -1.294832e-02 
 1.886083e+01 -1.291636e-02 
 1.886123e+01 -1.288486e-02 
 1.886163e+01 -1.285379e-02 
 1.886203e+01 -1.282311e-02 
 1.886243e+01 -1.279283e-02 
 1.886282e+01 -1.276290e-02 
 1.886322e+01 -1.273339e-02 
 1.886362e+01 -1.270430e-02 
 1.886402e+01 -1.267559e-02 
 1.886441e+01 -1.264720e-02 
 1.886481e+01 -1.261898e-02 
 1.886521e+01 -1.259087e-02 
 1.886561e+01 -1.256285e-02 
 1.886600e+01 -1.253491e-02 
 1.886640e+01 -1.250703e-02 
 1.886680e+01 -1.247914e-02 
 1.886720e+01 -1.245122e-02 
 1.886760e+01 -1.242312e-02 
 1.886799e+01 -1.239470e-02 
 1.886839e+01 -1.236582e-02 
 1.886879e+01 -1.233635e-02 
 1.886919e+01 -1.230620e-02 
 1.886958e+01 -1.227529e-02 
 1.886998e+01 -1.224355e-02 
 1.887038e+01 -1.221096e-02 
 1.887078e+01 -1.217747e-02 
 1.887117e+01 -1.214310e-02 
 1.887157e+01 -1.210786e-02 
 1.887197e+01 -1.207183e-02 
 1.887237e+01 -1.203512e-02 
 1.887277e+01 -1.199790e-02 
 1.887316e+01 -1.196033e-02 
 1.887356e+01 -1.192260e-02 
 1.887396e+01 -1.188485e-02 
 1.887436e+01 -1.184727e-02 
 1.887475e+01 -1.181011e-02 
 1.887515e+01 -1.177355e-02 
 1.887555e+01 -1.173783e-02 
 1.887595e+01 -1.170313e-02 
 1.887634e+01 -1.166956e-02 
 1.887674e+01 -1.163712e-02 
 1.887714e+01 -1.160581e-02 
 1.887754e+01 -1.157567e-02 
 1.887794e+01 -1.154658e-02 
 1.887833e+01 -1.151849e-02 
 1.887873e+01 -1.149133e-02 
 1.887913e+01 -1.146504e-02 
 1.887953e+01 -1.143954e-02 
 1.887992e+01 -1.141484e-02 
 1.888032e+01 -1.139089e-02 
 1.888072e+01 -1.136757e-02 
 1.888112e+01 -1.134485e-02 
 1.888151e+01 -1.132277e-02 
 1.888191e+01 -1.130142e-02 
 1.888231e+01 -1.128088e-02 
 1.888271e+01 -1.126125e-02 
 1.888311e+01 -1.124268e-02 
 1.888350e+01 -1.122526e-02 
 1.888390e+01 -1.120906e-02 
 1.888430e+01 -1.119405e-02 
 1.888470e+01 -1.118019e-02 
 1.888509e+01 -1.116735e-02 
 1.888549e+01 -1.115540e-02 
 1.888589e+01 -1.114408e-02 
 1.888629e+01 -1.113319e-02 
 1.888668e+01 -1.112239e-02 
 1.888708e+01 -1.111141e-02 
 1.888748e+01 -1.110007e-02 
 1.888788e+01 -1.108830e-02 
 1.888828e+01 -1.107609e-02 
 1.888867e+01 -1.106347e-02 
 1.888907e+01 -1.105045e-02 
 1.888947e+01 -1.103703e-02 
 1.888987e+01 -1.102324e-02 
 1.889026e+01 -1.100917e-02 
 1.889066e+01 -1.099490e-02 
 1.889106e+01 -1.098052e-02 
 1.889146e+01 -1.096614e-02 
 1.889185e+01 -1.095182e-02 
 1.889225e+01 -1.093786e-02 
 1.889265e+01 -1.092442e-02 
 1.889305e+01 -1.091149e-02 
 1.889345e+01 -1.089911e-02 
 1.889384e+01 -1.088729e-02 
 1.889424e+01 -1.087597e-02 
 1.889464e+01 -1.086515e-02 
 1.889504e+01 -1.085495e-02 
 1.889543e+01 -1.084541e-02 
 1.889583e+01 -1.083664e-02 
 1.889623e+01 -1.082880e-02 
 1.889663e+01 -1.082214e-02 
 1.889702e+01 -1.081701e-02 
 1.889742e+01 -1.081362e-02 
 1.889782e+01 -1.081214e-02 
 1.889822e+01 -1.081279e-02 
 1.889862e+01 -1.081575e-02 
 1.889901e+01 -1.082120e-02 
 1.889941e+01 -1.082929e-02 
 1.889981e+01 -1.084013e-02 
 1.890021e+01 -1.085377e-02 
 1.890060e+01 -1.087017e-02 
 1.890100e+01 -1.088932e-02 
 1.890140e+01 -1.091116e-02 
 1.890180e+01 -1.093555e-02 
 1.890219e+01 -1.096228e-02 
 1.890259e+01 -1.099109e-02 
 1.890299e+01 -1.102166e-02 
 1.890339e+01 -1.105367e-02 
 1.890379e+01 -1.108674e-02 
 1.890418e+01 -1.112056e-02 
 1.890458e+01 -1.115490e-02 
 1.890498e+01 -1.118953e-02 
 1.890538e+01 -1.122428e-02 
 1.890577e+01 -1.125898e-02 
 1.890617e+01 -1.129348e-02 
 1.890657e+01 -1.132765e-02 
 1.890697e+01 -1.136143e-02 
 1.890736e+01 -1.139476e-02 
 1.890776e+01 -1.142762e-02 
 1.890816e+01 -1.146001e-02 
 1.890856e+01 -1.149203e-02 
 1.890896e+01 -1.152367e-02 
 1.890935e+01 -1.155503e-02 
 1.890975e+01 -1.158627e-02 
 1.891015e+01 -1.161741e-02 
 1.891055e+01 -1.164853e-02 
 1.891094e+01 -1.167963e-02 
 1.891134e+01 -1.171074e-02 
 1.891174e+01 -1.174184e-02 
 1.891214e+01 -1.177287e-02 
 1.891253e+01 -1.180391e-02 
 1.891293e+01 -1.183502e-02 
 1.891333e+01 -1.186626e-02 
 1.891373e+01 -1.189770e-02 
 1.891413e+01 -1.192960e-02 
 1.891452e+01 -1.196217e-02 
 1.891492e+01 -1.199544e-02 
 1.891532e+01 -1.202949e-02 
 1.891572e+01 -1.206446e-02 
 1.891611e+01 -1.210046e-02 
 1.891651e+01 -1.213762e-02 
 1.891691e+01 -1.217611e-02 
 1.891731e+01 -1.221603e-02 
 1.891770e+01 -1.225739e-02 
 1.891810e+01 -1.230006e-02 
 1.891850e+01 -1.234387e-02 
 1.891890e+01 -1.238866e-02 
 1.891930e+01 -1.243412e-02 
 1.891969e+01 -1.247993e-02 
 1.892009e+01 -1.252582e-02 
 1.892049e+01 -1.257147e-02 
 1.892089e+01 -1.261675e-02 
 1.892128e+01 -1.266150e-02 
 1.892168e+01 -1.270562e-02 
 1.892208e+01 -1.274891e-02 
 1.892248e+01 -1.279124e-02 
 1.892287e+01 -1.283252e-02 
 1.892327e+01 -1.287282e-02 
 1.892367e+01 -1.291214e-02 
 1.892407e+01 -1.295048e-02 
 1.892447e+01 -1.298781e-02 
 1.892486e+01 -1.302414e-02 
 1.892526e+01 -1.305950e-02 
 1.892566e+01 -1.309398e-02 
 1.892606e+01 -1.312759e-02 
 1.892645e+01 -1.316042e-02 
 1.892685e+01 -1.319250e-02 
 1.892725e+01 -1.322399e-02 
 1.892765e+01 -1.325497e-02 
 1.892805e+01 -1.328550e-02 
 1.892844e+01 -1.331553e-02 
 1.892884e+01 -1.334520e-02 
 1.892924e+01 -1.337453e-02 
 1.892964e+01 -1.340374e-02 
 1.893003e+01 -1.343297e-02 
 1.893043e+01 -1.346231e-02 
 1.893083e+01 -1.349174e-02 
 1.893123e+01 -1.352132e-02 
 1.893162e+01 -1.355117e-02 
 1.893202e+01 -1.358135e-02 
 1.893242e+01 -1.361185e-02 
 1.893282e+01 -1.364265e-02 
 1.893322e+01 -1.367367e-02 
 1.893361e+01 -1.370479e-02 
 1.893401e+01 -1.373595e-02 
 1.893441e+01 -1.376700e-02 
 1.893481e+01 -1.379788e-02 
 1.893520e+01 -1.382842e-02 
 1.893560e+01 -1.385854e-02 
 1.893600e+01 -1.388835e-02 
 1.893640e+01 -1.391774e-02 
 1.893679e+01 -1.394664e-02 
 1.893719e+01 -1.397487e-02 
 1.893759e+01 -1.400226e-02 
 1.893799e+01 -1.402869e-02 
 1.893839e+01 -1.405406e-02 
 1.893878e+01 -1.407821e-02 
 1.893918e+01 -1.410114e-02 
 1.893958e+01 -1.412277e-02 
 1.893998e+01 -1.414293e-02 
 1.894037e+01 -1.416167e-02 
 1.894077e+01 -1.417888e-02 
 1.894117e+01 -1.419449e-02 
 1.894157e+01 -1.420845e-02 
 1.894196e+01 -1.422071e-02 
 1.894236e+01 -1.423134e-02 
 1.894276e+01 -1.424049e-02 
 1.894316e+01 -1.424833e-02 
 1.894356e+01 -1.425508e-02 
 1.894395e+01 -1.426091e-02 
 1.894435e+01 -1.426589e-02 
 1.894475e+01 -1.427013e-02 
 1.894515e+01 -1.427364e-02 
 1.894554e+01 -1.427630e-02 
 1.894594e+01 -1.427803e-02 
 1.894634e+01 -1.427872e-02 
 1.894674e+01 -1.427824e-02 
 1.894713e+01 -1.427644e-02 
 1.894753e+01 -1.427337e-02 
 1.894793e+01 -1.426913e-02 
 1.894833e+01 -1.426358e-02 
 1.894873e+01 -1.425708e-02 
 1.894912e+01 -1.424978e-02 
 1.894952e+01 -1.424172e-02 
 1.894992e+01 -1.423328e-02 
 1.895032e+01 -1.422447e-02 
 1.895071e+01 -1.421545e-02 
 1.895111e+01 -1.420620e-02 
 1.895151e+01 -1.419700e-02 
 1.895191e+01 -1.418783e-02 
 1.895230e+01 -1.417888e-02 
 1.895270e+01 -1.417025e-02 
 1.895310e+01 -1.416186e-02 
 1.895350e+01 -1.415389e-02 
 1.895390e+01 -1.414637e-02 
 1.895429e+01 -1.413931e-02 
 1.895469e+01 -1.413255e-02 
 1.895509e+01 -1.412596e-02 
 1.895549e+01 -1.411944e-02 
 1.895588e+01 -1.411305e-02 
 1.895628e+01 -1.410667e-02 
 1.895668e+01 -1.410050e-02 
 1.895708e+01 -1.409442e-02 
 1.895747e+01 -1.408839e-02 
 1.895787e+01 -1.408238e-02 
 1.895827e+01 -1.407620e-02 
 1.895867e+01 -1.406970e-02 
 1.895907e+01 -1.406265e-02 
 1.895946e+01 -1.405484e-02 
 1.895986e+01 -1.404624e-02 
 1.896026e+01 -1.403677e-02 
 1.896066e+01 -1.402652e-02 
 1.896105e+01 -1.401551e-02 
 1.896145e+01 -1.400383e-02 
 1.896185e+01 -1.399144e-02 
 1.896225e+01 -1.397827e-02 
 1.896264e+01 -1.396443e-02 
 1.896304e+01 -1.394989e-02 
 1.896344e+01 -1.393466e-02 
 1.896384e+01 -1.391861e-02 
 1.896424e+01 -1.390159e-02 
 1.896463e+01 -1.388361e-02 
 1.896503e+01 -1.386472e-02 
 1.896543e+01 -1.384495e-02 
 1.896583e+01 -1.382438e-02 
 1.896622e+01 -1.380300e-02 
 1.896662e+01 -1.378078e-02 
 1.896702e+01 -1.375780e-02 
 1.896742e+01 -1.373422e-02 
 1.896781e+01 -1.371031e-02 
 1.896821e+01 -1.368627e-02 
 1.896861e+01 -1.366222e-02 
 1.896901e+01 -1.363839e-02 
 1.896941e+01 -1.361517e-02 
 1.896980e+01 -1.359251e-02 
 1.897020e+01 -1.357064e-02 
 1.897060e+01 -1.354958e-02 
 1.897100e+01 -1.352925e-02 
 1.897139e+01 -1.350976e-02 
 1.897179e+01 -1.349105e-02 
 1.897219e+01 -1.347329e-02 
 1.897259e+01 -1.345634e-02 
 1.897298e+01 -1.344000e-02 
 1.897338e+01 -1.342408e-02 
 1.897378e+01 -1.340842e-02 
 1.897418e+01 -1.339293e-02 
 1.897458e+01 -1.337741e-02 
 1.897497e+01 -1.336193e-02 
 1.897537e+01 -1.334645e-02 
 1.897577e+01 -1.333119e-02 
 1.897617e+01 -1.331604e-02 
 1.897656e+01 -1.330105e-02 
 1.897696e+01 -1.328625e-02 
 1.897736e+01 -1.327172e-02 
 1.897776e+01 -1.325755e-02 
 1.897815e+01 -1.324378e-02 
 1.897855e+01 -1.323050e-02 
 1.897895e+01 -1.321766e-02 
 1.897935e+01 -1.320522e-02 
 1.897975e+01 -1.319316e-02 
 1.898014e+01 -1.318142e-02 
 1.898054e+01 -1.316999e-02 
 1.898094e+01 -1.315878e-02 
 1.898134e+01 -1.314777e-02 
 1.898173e+01 -1.313697e-02 
 1.898213e+01 -1.312643e-02 
 1.898253e+01 -1.311610e-02 
 1.898293e+01 -1.310598e-02 
 1.898332e+01 -1.309614e-02 
 1.898372e+01 -1.308669e-02 
 1.898412e+01 -1.307778e-02 
 1.898452e+01 -1.306946e-02 
 1.898492e+01 -1.306187e-02 
 1.898531e+01 -1.305526e-02 
 1.898571e+01 -1.304967e-02 
 1.898611e+01 -1.304508e-02 
 1.898651e+01 -1.304167e-02 
 1.898690e+01 -1.303944e-02 
 1.898730e+01 -1.303844e-02 
 1.898770e+01 -1.303864e-02 
 1.898810e+01 -1.303996e-02 
 1.898849e+01 -1.304222e-02 
 1.898889e+01 -1.304525e-02 
 1.898929e+01 -1.304904e-02 
 1.898969e+01 -1.305355e-02 
 1.899009e+01 -1.305879e-02 
 1.899048e+01 -1.306462e-02 
 1.899088e+01 -1.307105e-02 
 1.899128e+01 -1.307816e-02 
 1.899168e+01 -1.308590e-02 
 1.899207e+01 -1.309426e-02 
 1.899247e+01 -1.310312e-02 
 1.899287e+01 -1.311250e-02 
 1.899327e+01 -1.312245e-02 
 1.899366e+01 -1.313316e-02 
 1.899406e+01 -1.314489e-02 
 1.899446e+01 -1.315773e-02 
 1.899486e+01 -1.317179e-02 
 1.899526e+01 -1.318709e-02 
 1.899565e+01 -1.320379e-02 
 1.899605e+01 -1.322198e-02 
 1.899645e+01 -1.324170e-02 
 1.899685e+01 -1.326283e-02 
 1.899724e+01 -1.328519e-02 
 1.899764e+01 -1.330860e-02 
 1.899804e+01 -1.333287e-02 
 1.899844e+01 -1.335792e-02 
 1.899883e+01 -1.338363e-02 
 1.899923e+01 -1.340998e-02 
 1.899963e+01 -1.343692e-02 
 1.900003e+01 -1.346456e-02 
 1.900043e+01 -1.349295e-02 
 1.900082e+01 -1.352207e-02 
 1.900122e+01 -1.355198e-02 
 1.900162e+01 -1.358251e-02 
 1.900202e+01 -1.361358e-02 
 1.900241e+01 -1.364512e-02 
 1.900281e+01 -1.367720e-02 
 1.900321e+01 -1.370984e-02 
 1.900361e+01 -1.374302e-02 
 1.900400e+01 -1.377698e-02 
 1.900440e+01 -1.381178e-02 
 1.900480e+01 -1.384750e-02 
 1.900520e+01 -1.388432e-02 
 1.900560e+01 -1.392215e-02 
 1.900599e+01 -1.396094e-02 
 1.900639e+01 -1.400063e-02 
 1.900679e+01 -1.404108e-02 
 1.900719e+01 -1.408241e-02 
 1.900758e+01 -1.412456e-02 
 1.900798e+01 -1.416743e-02 
 1.900838e+01 -1.421105e-02 
 1.900878e+01 -1.425540e-02 
 1.900917e+01 -1.430043e-02 
 1.900957e+01 -1.434615e-02 
 1.900997e+01 -1.439255e-02 
 1.901037e+01 -1.443955e-02 
 1.901077e+01 -1.448715e-02 
 1.901116e+01 -1.453549e-02 
 1.901156e+01 -1.458473e-02 
 1.901196e+01 -1.463483e-02 
 1.901236e+01 -1.468568e-02 
 1.901275e+01 -1.473744e-02 
 1.901315e+01 -1.479009e-02 
 1.901355e+01 -1.484354e-02 
 1.901395e+01 -1.489775e-02 
 1.901434e+01 -1.495242e-02 
 1.901474e+01 -1.500744e-02 
 1.901514e+01 -1.506252e-02 
 1.901554e+01 -1.511749e-02 
 1.901594e+01 -1.517230e-02 
 1.901633e+01 -1.522684e-02 
 1.901673e+01 -1.528098e-02 
 1.901713e+01 -1.533465e-02 
 1.901753e+01 -1.538802e-02 
 1.901792e+01 -1.544090e-02 
 1.901832e+01 -1.549327e-02 
 1.901872e+01 -1.554513e-02 
 1.901912e+01 -1.559645e-02 
 1.901952e+01 -1.564742e-02 
 1.901991e+01 -1.569798e-02 
 1.902031e+01 -1.574839e-02 
 1.902071e+01 -1.579862e-02 
 1.902111e+01 -1.584852e-02 
 1.902150e+01 -1.589803e-02 
 1.902190e+01 -1.594697e-02 
 1.902230e+01 -1.599528e-02 
 1.902270e+01 -1.604281e-02 
 1.902309e+01 -1.608980e-02 
 1.902349e+01 -1.613623e-02 
 1.902389e+01 -1.618210e-02 
 1.902429e+01 -1.622745e-02 
 1.902469e+01 -1.627246e-02 
 1.902508e+01 -1.631699e-02 
 1.902548e+01 -1.636111e-02 
 1.902588e+01 -1.640479e-02 
 1.902628e+01 -1.644811e-02 
 1.902667e+01 -1.649111e-02 
 1.902707e+01 -1.653380e-02 
 1.902747e+01 -1.657617e-02 
 1.902787e+01 -1.661809e-02 
 1.902826e+01 -1.665938e-02 
 1.902866e+01 -1.669986e-02 
 1.902906e+01 -1.673955e-02 
 1.902946e+01 -1.677847e-02 
 1.902986e+01 -1.681655e-02 
 1.903025e+01 -1.685377e-02 
 1.903065e+01 -1.689002e-02 
 1.903105e+01 -1.692535e-02 
 1.903145e+01 -1.695976e-02 
 1.903184e+01 -1.699331e-02 
 1.903224e+01 -1.702606e-02 
 1.903264e+01 -1.705808e-02 
 1.903304e+01 -1.708939e-02 
 1.903343e+01 -1.712010e-02 
 1.903383e+01 -1.715030e-02 
 1.903423e+01 -1.717987e-02 
 1.903463e+01 -1.720868e-02 
 1.903503e+01 -1.723678e-02 
 1.903542e+01 -1.726410e-02 
 1.903582e+01 -1.729067e-02 
 1.903622e+01 -1.731647e-02 
 1.903662e+01 -1.734141e-02 
 1.903701e+01 -1.736550e-02 
 1.903741e+01 -1.738876e-02 
 1.903781e+01 -1.741131e-02 
 1.903821e+01 -1.743325e-02 
 1.903860e+01 -1.745467e-02 
 1.903900e+01 -1.747563e-02 
 1.903940e+01 -1.749602e-02 
 1.903980e+01 -1.751580e-02 
 1.904020e+01 -1.753524e-02 
 1.904059e+01 -1.755386e-02 
 1.904099e+01 -1.757133e-02 
 1.904139e+01 -1.758739e-02 
 1.904179e+01 -1.760187e-02 
 1.904218e+01 -1.761483e-02 
 1.904258e+01 -1.762602e-02 
 1.904298e+01 -1.763512e-02 
 1.904338e+01 -1.764216e-02 
 1.904377e+01 -1.764688e-02 
 1.904417e+01 -1.764931e-02 
 1.904457e+01 -1.764944e-02 
 1.904497e+01 -1.764750e-02 
 1.904537e+01 -1.764360e-02 
 1.904576e+01 -1.763786e-02 
 1.904616e+01 -1.763077e-02 
 1.904656e+01 -1.762246e-02 
 1.904696e+01 -1.761304e-02 
 1.904735e+01 -1.760285e-02 
 1.904775e+01 -1.759191e-02 
 1.904815e+01 -1.758047e-02 
 1.904855e+01 -1.756870e-02 
 1.904894e+01 -1.755652e-02 
 1.904934e+01 -1.754390e-02 
 1.904974e+01 -1.753090e-02 
 1.905014e+01 -1.751749e-02 
 1.905054e+01 -1.750368e-02 
 1.905093e+01 -1.748957e-02 
 1.905133e+01 -1.747544e-02 
 1.905173e+01 -1.746116e-02 
 1.905213e+01 -1.744662e-02 
 1.905252e+01 -1.743180e-02 
 1.905292e+01 -1.741676e-02 
 1.905332e+01 -1.740148e-02 
 1.905372e+01 -1.738579e-02 
 1.905411e+01 -1.736940e-02 
 1.905451e+01 -1.735223e-02 
 1.905491e+01 -1.733437e-02 
 1.905531e+01 -1.731612e-02 
 1.905571e+01 -1.729737e-02 
 1.905610e+01 -1.727847e-02 
 1.905650e+01 -1.725929e-02 
 1.905690e+01 -1.723978e-02 
 1.905730e+01 -1.722008e-02 
 1.905769e+01 -1.719998e-02 
 1.905809e+01 -1.717941e-02 
 1.905849e+01 -1.715803e-02 
 1.905889e+01 -1.713571e-02 
 1.905928e+01 -1.711246e-02 
 1.905968e+01 -1.708831e-02 
 1.906008e+01 -1.706328e-02 
 1.906048e+01 -1.703741e-02 
 1.906088e+01 -1.701050e-02 
 1.906127e+01 -1.698255e-02 
 1.906167e+01 -1.695326e-02 
 1.906207e+01 -1.692276e-02 
 1.906247e+01 -1.689121e-02 
 1.906286e+01 -1.685849e-02 
 1.906326e+01 -1.682488e-02 
 1.906366e+01 -1.679056e-02 
 1.906406e+01 -1.675588e-02 
 1.906445e+01 -1.672102e-02 
 1.906485e+01 -1.668611e-02 
 1.906525e+01 -1.665135e-02 
 1.906565e+01 -1.661687e-02 
 1.906605e+01 -1.658279e-02 
 1.906644e+01 -1.654897e-02 
 1.906684e+01 -1.651530e-02 
 1.906724e+01 -1.648180e-02 
 1.906764e+01 -1.644818e-02 
 1.906803e+01 -1.641434e-02 
 1.906843e+01 -1.638037e-02 
 1.906883e+01 -1.634610e-02 
 1.906923e+01 -1.631157e-02 
 1.906962e+01 -1.627662e-02 
 1.907002e+01 -1.624125e-02 
 1.907042e+01 -1.620527e-02 
 1.907082e+01 -1.616869e-02 
 1.907122e+01 -1.613169e-02 
 1.907161e+01 -1.609456e-02 
 1.907201e+01 -1.605731e-02 
 1.907241e+01 -1.602014e-02 
 1.907281e+01 -1.598318e-02 
 1.907320e+01 -1.594639e-02 
 1.907360e+01 -1.590964e-02 
 1.907400e+01 -1.587287e-02 
 1.907440e+01 -1.583592e-02 
 1.907479e+01 -1.579872e-02 
 1.907519e+01 -1.576136e-02 
 1.907559e+01 -1.572391e-02 
 1.907599e+01 -1.568610e-02 
 1.907639e+01 -1.564776e-02 
 1.907678e+01 -1.560894e-02 
 1.907718e+01 -1.556975e-02 
 1.907758e+01 -1.553037e-02 
 1.907798e+01 -1.549089e-02 
 1.907837e+01 -1.545157e-02 
 1.907877e+01 -1.541263e-02 
 1.907917e+01 -1.537415e-02 
 1.907957e+01 -1.533633e-02 
 1.907996e+01 -1.529916e-02 
 1.908036e+01 -1.526260e-02 
 1.908076e+01 -1.522660e-02 
 1.908116e+01 -1.519136e-02 
 1.908156e+01 -1.515715e-02 
 1.908195e+01 -1.512383e-02 
 1.908235e+01 -1.509120e-02 
 1.908275e+01 -1.505900e-02 
 1.908315e+01 -1.502722e-02 
 1.908354e+01 -1.499591e-02 
 1.908394e+01 -1.496506e-02 
 1.908434e+01 -1.493477e-02 
 1.908474e+01 -1.490494e-02 
 1.908513e+01 -1.487560e-02 
 1.908553e+01 -1.484669e-02 
 1.908593e+01 -1.481839e-02 
 1.908633e+01 -1.479077e-02 
 1.908673e+01 -1.476385e-02 
 1.908712e+01 -1.473767e-02 
 1.908752e+01 -1.471243e-02 
 1.908792e+01 -1.468823e-02 
 1.908832e+01 -1.466513e-02 
 1.908871e+01 -1.464310e-02 
 1.908911e+01 -1.462223e-02 
 1.908951e+01 -1.460254e-02 
 1.908991e+01 -1.458405e-02 
 1.909030e+01 -1.456705e-02 
 1.909070e+01 -1.455171e-02 
 1.909110e+01 -1.453795e-02 
 1.909150e+01 -1.452563e-02 
 1.909190e+01 -1.451443e-02 
 1.909229e+01 -1.450421e-02 
 1.909269e+01 -1.449491e-02 
 1.909309e+01 -1.448653e-02 
 1.909349e+01 -1.447892e-02 
 1.909388e+01 -1.447205e-02 
 1.909428e+01 -1.446570e-02 
 1.909468e+01 -1.445980e-02 
 1.909508e+01 -1.445424e-02 
 1.909547e+01 -1.444881e-02 
 1.909587e+01 -1.444335e-02 
 1.909627e+01 -1.443790e-02 
 1.909667e+01 -1.443259e-02 
 1.909707e+01 -1.442746e-02 
 1.909746e+01 -1.442274e-02 
 1.909786e+01 -1.441829e-02 
 1.909826e+01 -1.441422e-02 
 1.909866e+01 -1.441060e-02 
 1.909905e+01 -1.440765e-02 
 1.909945e+01 -1.440552e-02 
 1.909985e+01 -1.440416e-02 
 1.910025e+01 -1.440349e-02 
 1.910064e+01 -1.440363e-02 
 1.910104e+01 -1.440459e-02 
 1.910144e+01 -1.440641e-02 
 1.910184e+01 -1.440929e-02 
 1.910224e+01 -1.441339e-02 
 1.910263e+01 -1.441884e-02 
 1.910303e+01 -1.442580e-02 
 1.910343e+01 -1.443435e-02 
 1.910383e+01 -1.444461e-02 
 1.910422e+01 -1.445656e-02 
 1.910462e+01 -1.446993e-02 
 1.910502e+01 -1.448469e-02 
 1.910542e+01 -1.450088e-02 
 1.910581e+01 -1.451839e-02 
 1.910621e+01 -1.453725e-02 
 1.910661e+01 -1.455758e-02 
 1.910701e+01 -1.457949e-02 
 1.910741e+01 -1.460325e-02 
 1.910780e+01 -1.462889e-02 
 1.910820e+01 -1.465646e-02 
 1.910860e+01 -1.468582e-02 
 1.910900e+01 -1.471663e-02 
 1.910939e+01 -1.474868e-02 
 1.910979e+01 -1.478182e-02 
 1.911019e+01 -1.481595e-02 
 1.911059e+01 -1.485103e-02 
 1.911099e+01 -1.488706e-02 
 1.911138e+01 -1.492407e-02 
 1.911178e+01 -1.496197e-02 
 1.911218e+01 -1.500081e-02 
 1.911258e+01 -1.504034e-02 
 1.911297e+01 -1.508042e-02 
 1.911337e+01 -1.512064e-02 
 1.911377e+01 -1.516082e-02 
 1.911417e+01 -1.520086e-02 
 1.911456e+01 -1.524078e-02 
 1.911496e+01 -1.528059e-02 
 1.911536e+01 -1.532028e-02 
 1.911576e+01 -1.535988e-02 
 1.911616e+01 -1.539955e-02 
 1.911655e+01 -1.543934e-02 
 1.911695e+01 -1.547934e-02 
 1.911735e+01 -1.551955e-02 
 1.911775e+01 -1.555977e-02 
 1.911814e+01 -1.559989e-02 
 1.911854e+01 -1.564013e-02 
 1.911894e+01 -1.568036e-02 
 1.911934e+01 -1.572072e-02 
 1.911973e+01 -1.576126e-02 
 1.912013e+01 -1.580198e-02 
 1.912053e+01 -1.584284e-02 
 1.912093e+01 -1.588376e-02 
 1.912133e+01 -1.592452e-02 
 1.912172e+01 -1.596480e-02 
 1.912212e+01 -1.600435e-02 
 1.912252e+01 -1.604308e-02 
 1.912292e+01 -1.608092e-02 
 1.912331e+01 -1.611796e-02 
 1.912371e+01 -1.615416e-02 
 1.912411e+01 -1.618951e-02 
 1.912451e+01 -1.622402e-02 
 1.912490e+01 -1.625760e-02 
 1.912530e+01 -1.629035e-02 
 1.912570e+01 -1.632243e-02 
 1.912610e+01 -1.635392e-02 
 1.912650e+01 -1.638478e-02 
 1.912689e+01 -1.641493e-02 
 1.912729e+01 -1.644444e-02 
 1.912769e+01 -1.647326e-02 
 1.912809e+01 -1.650138e-02 
 1.912848e+01 -1.652890e-02 
 1.912888e+01 -1.655582e-02 
 1.912928e+01 -1.658208e-02 
 1.912968e+01 -1.660782e-02 
 1.913007e+01 -1.663300e-02 
 1.913047e+01 -1.665748e-02 
 1.913087e+01 -1.668103e-02 
 1.913127e+01 -1.670346e-02 
 1.913167e+01 -1.672511e-02 
 1.913206e+01 -1.674612e-02 
 1.913246e+01 -1.676660e-02 
 1.913286e+01 -1.678674e-02 
 1.913326e+01 -1.680652e-02 
 1.913365e+01 -1.682589e-02 
 1.913405e+01 -1.684483e-02 
 1.913445e+01 -1.686340e-02 
 1.913485e+01 -1.688143e-02 
 1.913524e+01 -1.689879e-02 
 1.913564e+01 -1.691547e-02 
 1.913604e+01 -1.693125e-02 
 1.913644e+01 -1.694613e-02 
 1.913684e+01 -1.695976e-02 
 1.913723e+01 -1.697193e-02 
 1.913763e+01 -1.698237e-02 
 1.913803e+01 -1.699087e-02 
 1.913843e+01 -1.699740e-02 
 1.913882e+01 -1.700174e-02 
 1.913922e+01 -1.700395e-02 
 1.913962e+01 -1.700410e-02 
 1.914002e+01 -1.700221e-02 
 1.914041e+01 -1.699855e-02 
 1.914081e+01 -1.699353e-02 
 1.914121e+01 -1.698744e-02 
 1.914161e+01 -1.698061e-02 
 1.914201e+01 -1.697327e-02 
 1.914240e+01 -1.696557e-02 
 1.914280e+01 -1.695768e-02 
 1.914320e+01 -1.694964e-02 
 1.914360e+01 -1.694152e-02 
 1.914399e+01 -1.693343e-02 
 1.914439e+01 -1.692565e-02 
 1.914479e+01 -1.691794e-02 
 1.914519e+01 -1.690992e-02 
 1.914558e+01 -1.690183e-02 
 1.914598e+01 -1.689346e-02 
 1.914638e+01 -1.688427e-02 
 1.914678e+01 -1.687473e-02 
 1.914718e+01 -1.686396e-02 
 1.914757e+01 -1.685214e-02 
 1.914797e+01 -1.683858e-02 
 1.914837e+01 -1.682387e-02 
 1.914877e+01 -1.680822e-02 
 1.914916e+01 -1.679139e-02 
 1.914956e+01 -1.677382e-02 
 1.914996e+01 -1.675569e-02 
 1.915036e+01 -1.673693e-02 
 1.915075e+01 -1.671791e-02 
 1.915115e+01 -1.669806e-02 
 1.915155e+01 -1.667748e-02 
 1.915195e+01 -1.665582e-02 
 1.915235e+01 -1.663286e-02 
 1.915274e+01 -1.660880e-02 
 1.915314e+01 -1.658304e-02 
 1.915354e+01 -1.655585e-02 
 1.915394e+01 -1.652728e-02 
 1.915433e+01 -1.649717e-02 
 1.915473e+01 -1.646564e-02 
 1.915513e+01 -1.643239e-02 
 1.915553e+01 -1.639776e-02 
 1.915592e+01 -1.636163e-02 
 1.915632e+01 -1.632380e-02 
 1.915672e+01 -1.628480e-02 
 1.915712e+01 -1.624434e-02 
 1.915752e+01 -1.620251e-02 
 1.915791e+01 -1.616001e-02 
 1.915831e+01 -1.611719e-02 
 1.915871e+01 -1.607458e-02 
 1.915911e+01 -1.603184e-02 
 1.915950e+01 -1.598928e-02 
 1.915990e+01 -1.594734e-02 
 1.916030e+01 -1.590576e-02 
 1.916070e+01 -1.586466e-02 
 1.916109e+01 -1.582377e-02 
 1.916149e+01 -1.578298e-02 
 1.916189e+01 -1.574249e-02 
 1.916229e+01 -1.570254e-02 
 1.916269e+01 -1.566307e-02 
 1.916308e+01 -1.562418e-02 
 1.916348e+01 -1.558556e-02 
 1.916388e+01 -1.554672e-02 
 1.916428e+01 -1.550768e-02 
 1.916467e+01 -1.546841e-02 
 1.916507e+01 -1.542858e-02 
 1.916547e+01 -1.538790e-02 
 1.916587e+01 -1.534600e-02 
 1.916626e+01 -1.530299e-02 
 1.916666e+01 -1.525906e-02 
 1.916706e+01 -1.521427e-02 
 1.916746e+01 -1.516914e-02 
 1.916786e+01 -1.512361e-02 
 1.916825e+01 -1.507729e-02 
 1.916865e+01 -1.502987e-02 
 1.916905e+01 -1.498121e-02 
 1.916945e+01 -1.493187e-02 
 1.916984e+01 -1.488139e-02 
 1.917024e+01 -1.482988e-02 
 1.917064e+01 -1.477737e-02 
 1.917104e+01 -1.472373e-02 
 1.917143e+01 -1.466931e-02 
 1.917183e+01 -1.461418e-02 
 1.917223e+01 -1.455826e-02 
 1.917263e+01 -1.450153e-02 
 1.917303e+01 -1.444390e-02 
 1.917342e+01 -1.438553e-02 
 1.917382e+01 -1.432665e-02 
 1.917422e+01 -1.426775e-02 
 1.917462e+01 -1.420876e-02 
 1.917501e+01 -1.414976e-02 
 1.917541e+01 -1.409079e-02 
 1.917581e+01 -1.403222e-02 
 1.917621e+01 -1.397402e-02 
 1.917660e+01 -1.391644e-02 
 1.917700e+01 -1.385946e-02 
 1.917740e+01 -1.380309e-02 
 1.917780e+01 -1.374712e-02 
 1.917820e+01 -1.369147e-02 
 1.917859e+01 -1.363634e-02 
 1.917899e+01 -1.358156e-02 
 1.917939e+01 -1.352718e-02 
 1.917979e+01 -1.347259e-02 
 1.918018e+01 -1.341767e-02 
 1.918058e+01 -1.336255e-02 
 1.918098e+01 -1.330730e-02 
 1.918138e+01 -1.325169e-02 
 1.918177e+01 -1.319601e-02 
 1.918217e+01 -1.314018e-02 
 1.918257e+01 -1.308422e-02 
 1.918297e+01 -1.302813e-02 
 1.918337e+01 -1.297203e-02 
 1.918376e+01 -1.291608e-02 
 1.918416e+01 -1.286038e-02 
 1.918456e+01 -1.280520e-02 
 1.918496e+01 -1.275087e-02 
 1.918535e+01 -1.269750e-02 
 1.918575e+01 -1.264505e-02 
 1.918615e+01 -1.259310e-02 
 1.918655e+01 -1.254201e-02 
 1.918694e+01 -1.249147e-02 
 1.918734e+01 -1.244149e-02 
 1.918774e+01 -1.239226e-02 
 1.918814e+01 -1.234396e-02 
 1.918854e+01 -1.229673e-02 
 1.918893e+01 -1.225013e-02 
 1.918933e+01 -1.220411e-02 
 1.918973e+01 -1.215854e-02 
 1.919013e+01 -1.211318e-02 
 1.919052e+01 -1.206791e-02 
 1.919092e+01 -1.202299e-02 
 1.919132e+01 -1.197857e-02 
 1.919172e+01 -1.193482e-02 
 1.919211e+01 -1.189173e-02 
 1.919251e+01 -1.184957e-02 
 1.919291e+01 -1.180855e-02 
 1.919331e+01 -1.176871e-02 
 1.919371e+01 -1.173012e-02 
 1.919410e+01 -1.169259e-02 
 1.919450e+01 -1.165613e-02 
 1.919490e+01 -1.162062e-02 
 1.919530e+01 -1.158618e-02 
 1.919569e+01 -1.155317e-02 
 1.919609e+01 -1.152145e-02 
 1.919649e+01 -1.149133e-02 
 1.919689e+01 -1.146277e-02 
 1.919728e+01 -1.143584e-02 
 1.919768e+01 -1.141035e-02 
 1.919808e+01 -1.138608e-02 
 1.919848e+01 -1.136257e-02 
 1.919888e+01 -1.133966e-02 
 1.919927e+01 -1.131747e-02 
 1.919967e+01 -1.129607e-02 
 1.920007e+01 -1.127567e-02 
 1.920047e+01 -1.125659e-02 
 1.920086e+01 -1.123879e-02 
 1.920126e+01 -1.122219e-02 
 1.920166e+01 -1.120680e-02 
 1.920206e+01 -1.119278e-02 
 1.920246e+01 -1.118013e-02 
 1.920285e+01 -1.116889e-02 
 1.920325e+01 -1.115891e-02 
 1.920365e+01 -1.115005e-02 
 1.920405e+01 -1.114241e-02 
 1.920444e+01 -1.113605e-02 
 1.920484e+01 -1.113116e-02 
 1.920524e+01 -1.112780e-02 
 1.920564e+01 -1.112608e-02 
 1.920603e+01 -1.112602e-02 
 1.920643e+01 -1.112739e-02 
 1.920683e+01 -1.113005e-02 
 1.920723e+01 -1.113379e-02 
 1.920763e+01 -1.113810e-02 
 1.920802e+01 -1.114270e-02 
 1.920842e+01 -1.114747e-02 
 1.920882e+01 -1.115268e-02 
 1.920922e+01 -1.115855e-02 
 1.920961e+01 -1.116532e-02 
 1.921001e+01 -1.117333e-02 
 1.921041e+01 -1.118242e-02 
 1.921081e+01 -1.119251e-02 
 1.921120e+01 -1.120362e-02 
 1.921160e+01 -1.121555e-02 
 1.921200e+01 -1.122828e-02 
 1.921240e+01 -1.124163e-02 
 1.921280e+01 -1.125571e-02 
 1.921319e+01 -1.127068e-02 
 1.921359e+01 -1.128672e-02 
 1.921399e+01 -1.130404e-02 
 1.921439e+01 -1.132271e-02 
 1.921478e+01 -1.134237e-02 
 1.921518e+01 -1.136271e-02 
 1.921558e+01 -1.138340e-02 
 1.921598e+01 -1.140417e-02 
 1.921637e+01 -1.142459e-02 
 1.921677e+01 -1.144453e-02 
 1.921717e+01 -1.146376e-02 
 1.921757e+01 -1.148221e-02 
 1.921797e+01 -1.150017e-02 
 1.921836e+01 -1.151813e-02 
 1.921876e+01 -1.153631e-02 
 1.921916e+01 -1.155480e-02 
 1.921956e+01 -1.157337e-02 
 1.921995e+01 -1.159187e-02 
 1.922035e+01 -1.161001e-02 
 1.922075e+01 -1.162778e-02 
 1.922115e+01 -1.164516e-02 
 1.922154e+01 -1.166169e-02 
 1.922194e+01 -1.167718e-02 
 1.922234e+01 -1.169174e-02 
 1.922274e+01 -1.170542e-02 
 1.922314e+01 -1.171837e-02 
 1.922353e+01 -1.173062e-02 
 1.922393e+01 -1.174218e-02 
 1.922433e+01 -1.175314e-02 
 1.922473e+01 -1.176354e-02 
 1.922512e+01 -1.177342e-02 
 1.922552e+01 -1.178281e-02 
 1.922592e+01 -1.179172e-02 
 1.922632e+01 -1.180018e-02 
 1.922671e+01 -1.180842e-02 
 1.922711e+01 -1.181662e-02 
 1.922751e+01 -1.182504e-02 
 1.922791e+01 -1.183394e-02 
 1.922831e+01 -1.184323e-02 
 1.922870e+01 -1.185302e-02 
 1.922910e+01 -1.186339e-02 
 1.922950e+01 -1.187408e-02 
 1.922990e+01 -1.188517e-02 
 1.923029e+01 -1.189669e-02 
 1.923069e+01 -1.190875e-02 
 1.923109e+01 -1.192120e-02 
 1.923149e+01 -1.193382e-02 
 1.923188e+01 -1.194676e-02 
 1.923228e+01 -1.195983e-02 
 1.923268e+01 -1.197275e-02 
 1.923308e+01 -1.198545e-02 
 1.923348e+01 -1.199777e-02 
 1.923387e+01 -1.200907e-02 
 1.923427e+01 -1.201918e-02 
 1.923467e+01 -1.202809e-02 
 1.923507e+01 -1.203584e-02 
 1.923546e+01 -1.204245e-02 
 1.923586e+01 -1.204834e-02 
 1.923626e+01 -1.205373e-02 
 1.923666e+01 -1.205890e-02 
 1.923705e+01 -1.206402e-02 
 1.923745e+01 -1.206890e-02 
 1.923785e+01 -1.207344e-02 
 1.923825e+01 -1.207695e-02 
 1.923865e+01 -1.207995e-02 
 1.923904e+01 -1.208164e-02 
 1.923944e+01 -1.208219e-02 
 1.923984e+01 -1.208159e-02 
 1.924024e+01 -1.207967e-02 
 1.924063e+01 -1.207580e-02 
 1.924103e+01 -1.207004e-02 
 1.924143e+01 -1.206229e-02 
 1.924183e+01 -1.205218e-02 
 1.924222e+01 -1.204018e-02 
 1.924262e+01 -1.202590e-02 
 1.924302e+01 -1.200973e-02 
 1.924342e+01 -1.199189e-02 
 1.924382e+01 -1.197256e-02 
 1.924421e+01 -1.195216e-02 
 1.924461e+01 -1.193095e-02 
 1.924501e+01 -1.190879e-02 
 1.924541e+01 -1.188604e-02 
 1.924580e+01 -1.186263e-02 
 1.924620e+01 -1.183899e-02 
 1.924660e+01 -1.181510e-02 
 1.924700e+01 -1.179118e-02 
 1.924739e+01 -1.176736e-02 
 1.924779e+01 -1.174343e-02 
 1.924819e+01 -1.171956e-02 
 1.924859e+01 -1.169569e-02 
 1.924899e+01 -1.167147e-02 
 1.924938e+01 -1.164698e-02 
 1.924978e+01 -1.162191e-02 
 1.925018e+01 -1.159578e-02 
 1.925058e+01 -1.156889e-02 
 1.925097e+01 -1.154120e-02 
 1.925137e+01 -1.151302e-02 
 1.925177e+01 -1.148460e-02 
 1.925217e+01 -1.145593e-02 
 1.925256e+01 -1.142713e-02 
 1.925296e+01 -1.139837e-02 
 1.925336e+01 -1.136964e-02 
 1.925376e+01 -1.134069e-02 
 1.925416e+01 -1.131155e-02 
 1.925455e+01 -1.128209e-02 
 1.925495e+01 -1.125236e-02 
 1.925535e+01 -1.122231e-02 
 1.925575e+01 -1.119198e-02 
 1.925614e+01 -1.116126e-02 
 1.925654e+01 -1.113003e-02 
 1.925694e+01 -1.109818e-02 
 1.925734e+01 -1.106548e-02 
 1.925773e+01 -1.103203e-02 
 1.925813e+01 -1.099710e-02 
 1.925853e+01 -1.096019e-02 
 1.925893e+01 -1.092138e-02 
 1.925933e+01 -1.088054e-02 
 1.925972e+01 -1.083772e-02 
 1.926012e+01 -1.079321e-02 
 1.926052e+01 -1.074756e-02 
 1.926092e+01 -1.070022e-02 
 1.926131e+01 -1.065152e-02 
 1.926171e+01 -1.060159e-02 
 1.926211e+01 -1.055012e-02 
 1.926251e+01 -1.049735e-02 
 1.926290e+01 -1.044300e-02 
 1.926330e+01 -1.038762e-02 
 1.926370e+01 -1.033121e-02 
 1.926410e+01 -1.027423e-02 
 1.926450e+01 -1.021695e-02 
 1.926489e+01 -1.015978e-02 
 1.926529e+01 -1.010301e-02 
 1.926569e+01 -1.004692e-02 
 1.926609e+01 -9.991603e-03 
 1.926648e+01 -9.936844e-03 
 1.926688e+01 -9.882809e-03 
 1.926728e+01 -9.829192e-03 
 1.926768e+01 -9.775749e-03 
 1.926807e+01 -9.723057e-03 
 1.926847e+01 -9.671027e-03 
 1.926887e+01 -9.620053e-03 
 1.926927e+01 -9.570056e-03 
 1.926967e+01 -9.521176e-03 
 1.927006e+01 -9.473310e-03 
 1.927046e+01 -9.426044e-03 
 1.927086e+01 -9.379381e-03 
 1.927126e+01 -9.332998e-03 
 1.927165e+01 -9.286586e-03 
 1.927205e+01 -9.240269e-03 
 1.927245e+01 -9.194110e-03 
 1.927285e+01 -9.148103e-03 
 1.927324e+01 -9.101862e-03 
 1.927364e+01 -9.055166e-03 
 1.927404e+01 -9.007688e-03 
 1.927444e+01 -8.959019e-03 
 1.927484e+01 -8.909034e-03 
 1.927523e+01 -8.857500e-03 
 1.927563e+01 -8.803987e-03 
 1.927603e+01 -8.748205e-03 
 1.927643e+01 -8.690235e-03 
 1.927682e+01 -8.630255e-03 
 1.927722e+01 -8.568363e-03 
 1.927762e+01 -8.504689e-03 
 1.927802e+01 -8.439482e-03 
 1.927841e+01 -8.372963e-03 
 1.927881e+01 -8.305543e-03 
 1.927921e+01 -8.237510e-03 
 1.927961e+01 -8.169208e-03 
 1.928001e+01 -8.100768e-03 
 1.928040e+01 -8.032248e-03 
 1.928080e+01 -7.963767e-03 
 1.928120e+01 -7.895515e-03 
 1.928160e+01 -7.827573e-03 
 1.928199e+01 -7.759845e-03 
 1.928239e+01 -7.692742e-03 
 1.928279e+01 -7.626049e-03 
 1.928319e+01 -7.560125e-03 
 1.928358e+01 -7.495048e-03 
 1.928398e+01 -7.430926e-03 
 1.928438e+01 -7.367891e-03 
 1.928478e+01 -7.305729e-03 
 1.928518e+01 -7.244678e-03 
 1.928557e+01 -7.185153e-03 
 1.928597e+01 -7.127325e-03 
 1.928637e+01 -7.071307e-03 
 1.928677e+01 -7.017354e-03 
 1.928716e+01 -6.965320e-03 
 1.928756e+01 -6.915244e-03 
 1.928796e+01 -6.867184e-03 
 1.928836e+01 -6.820937e-03 
 1.928875e+01 -6.776474e-03 
 1.928915e+01 -6.733403e-03 
 1.928955e+01 -6.691660e-03 
 1.928995e+01 -6.651157e-03 
 1.929035e+01 -6.611839e-03 
 1.929074e+01 -6.573841e-03 
 1.929114e+01 -6.537067e-03 
 1.929154e+01 -6.501324e-03 
 1.929194e+01 -6.466324e-03 
 1.929233e+01 -6.431813e-03 
 1.929273e+01 -6.397359e-03 
 1.929313e+01 -6.362761e-03 
 1.929353e+01 -6.327689e-03 
 1.929392e+01 -6.291886e-03 
 1.929432e+01 -6.255507e-03 
 1.929472e+01 -6.218679e-03 
 1.929512e+01 -6.181482e-03 
 1.929552e+01 -6.144079e-03 
 1.929591e+01 -6.106415e-03 
 1.929631e+01 -6.068416e-03 
 1.929671e+01 -6.030129e-03 
 1.929711e+01 -5.991591e-03 
 1.929750e+01 -5.952982e-03 
 1.929790e+01 -5.914425e-03 
 1.929830e+01 -5.876391e-03 
 1.929870e+01 -5.839199e-03 
 1.929910e+01 -5.803020e-03 
 1.929949e+01 -5.768227e-03 
 1.929989e+01 -5.734559e-03 
 1.930029e+01 -5.701947e-03 
 1.930069e+01 -5.670119e-03 
 1.930108e+01 -5.638874e-03 
 1.930148e+01 -5.607826e-03 
 1.930188e+01 -5.576843e-03 
 1.930228e+01 -5.545905e-03 
 1.930267e+01 -5.515121e-03 
 1.930307e+01 -5.484622e-03 
 1.930347e+01 -5.454886e-03 
 1.930387e+01 -5.426345e-03 
 1.930427e+01 -5.399171e-03 
 1.930466e+01 -5.373586e-03 
 1.930506e+01 -5.349723e-03 
 1.930546e+01 -5.327732e-03 
 1.930586e+01 -5.307775e-03 
 1.930625e+01 -5.289895e-03 
 1.930665e+01 -5.274207e-03 
 1.930705e+01 -5.260918e-03 
 1.930745e+01 -5.250176e-03 
 1.930784e+01 -5.242017e-03 
 1.930824e+01 -5.236401e-03 
 1.930864e+01 -5.233014e-03 
 1.930904e+01 -5.231454e-03 
 1.930944e+01 -5.231371e-03 
 1.930983e+01 -5.232238e-03 
 1.931023e+01 -5.233936e-03 
 1.931063e+01 -5.236305e-03 
 1.931103e+01 -5.239152e-03 
 1.931142e+01 -5.242678e-03 
 1.931182e+01 -5.247045e-03 
 1.931222e+01 -5.252206e-03 
 1.931262e+01 -5.258012e-03 
 1.931301e+01 -5.264246e-03 
 1.931341e+01 -5.270443e-03 
 1.931381e+01 -5.276144e-03 
 1.931421e+01 -5.281207e-03 
 1.931461e+01 -5.285244e-03 
 1.931500e+01 -5.288123e-03 
 1.931540e+01 -5.289913e-03 
 1.931580e+01 -5.290753e-03 
 1.931620e+01 -5.291016e-03 
 1.931659e+01 -5.291070e-03 
 1.931699e+01 -5.291082e-03 
 1.931739e+01 -5.291078e-03 
 1.931779e+01 -5.291048e-03 
 1.931818e+01 -5.290834e-03 
 1.931858e+01 -5.290375e-03 
 1.931898e+01 -5.289707e-03 
 1.931938e+01 -5.288919e-03 
 1.931978e+01 -5.288190e-03 
 1.932017e+01 -5.287833e-03 
 1.932057e+01 -5.288233e-03 
 1.932097e+01 -5.289609e-03 
 1.932137e+01 -5.292191e-03 
 1.932176e+01 -5.296071e-03 
 1.932216e+01 -5.301317e-03 
 1.932256e+01 -5.307922e-03 
 1.932296e+01 -5.315928e-03 
 1.932335e+01 -5.325391e-03 
 1.932375e+01 -5.336412e-03 
 1.932415e+01 -5.348930e-03 
 1.932455e+01 -5.362999e-03 
 1.932495e+01 -5.378303e-03 
 1.932534e+01 -5.394685e-03 
 1.932574e+01 -5.411985e-03 
 1.932614e+01 -5.429875e-03 
 1.932654e+01 -5.447950e-03 
 1.932693e+01 -5.465759e-03 
 1.932733e+01 -5.483011e-03 
 1.932773e+01 -5.499362e-03 
 1.932813e+01 -5.514439e-03 
 1.932852e+01 -5.528034e-03 
 1.932892e+01 -5.540076e-03 
 1.932932e+01 -5.550669e-03 
 1.932972e+01 -5.559907e-03 
 1.933012e+01 -5.568050e-03 
 1.933051e+01 -5.575251e-03 
 1.933091e+01 -5.581456e-03 
 1.933131e+01 -5.586730e-03 
 1.933171e+01 -5.591045e-03 
 1.933210e+01 -5.594270e-03 
 1.933250e+01 -5.596352e-03 
 1.933290e+01 -5.597164e-03 
 1.933330e+01 -5.596519e-03 
 1.933369e+01 -5.594216e-03 
 1.933409e+01 -5.590288e-03 
 1.933449e+01 -5.584717e-03 
 1.933489e+01 -5.577555e-03 
 1.933529e+01 -5.568867e-03 
 1.933568e+01 -5.558817e-03 
 1.933608e+01 -5.547522e-03 
 1.933648e+01 -5.535229e-03 
 1.933688e+01 -5.522004e-03 
 1.933727e+01 -5.508062e-03 
 1.933767e+01 -5.493589e-03 
 1.933807e+01 -5.478639e-03 
 1.933847e+01 -5.463543e-03 
 1.933886e+01 -5.448556e-03 
 1.933926e+01 -5.433816e-03 
 1.933966e+01 -5.419569e-03 
 1.934006e+01 -5.405888e-03 
 1.934046e+01 -5.392951e-03 
 1.934085e+01 -5.380664e-03 
 1.934125e+01 -5.368980e-03 
 1.934165e+01 -5.357817e-03 
 1.934205e+01 -5.347150e-03 
 1.934244e+01 -5.336852e-03 
 1.934284e+01 -5.326775e-03 
 1.934324e+01 -5.316886e-03 
 1.934364e+01 -5.306802e-03 
 1.934403e+01 -5.296375e-03 
 1.934443e+01 -5.285249e-03 
 1.934483e+01 -5.273064e-03 
 1.934523e+01 -5.259703e-03 
 1.934563e+01 -5.245012e-03 
 1.934602e+01 -5.228961e-03 
 1.934642e+01 -5.211434e-03 
 1.934682e+01 -5.192397e-03 
 1.934722e+01 -5.171653e-03 
 1.934761e+01 -5.149257e-03 
 1.934801e+01 -5.125228e-03 
 1.934841e+01 -5.099655e-03 
 1.934881e+01 -5.072794e-03 
 1.934920e+01 -5.045091e-03 
 1.934960e+01 -5.016780e-03 
 1.935000e+01 -4.987802e-03 
 1.935040e+01 -4.958074e-03 
 1.935080e+01 -4.927371e-03 
 1.935119e+01 -4.895380e-03 
 1.935159e+01 -4.862063e-03 
 1.935199e+01 -4.827255e-03 
 1.935239e+01 -4.790869e-03 
 1.935278e+01 -4.752913e-03 
 1.935318e+01 -4.713508e-03 
 1.935358e+01 -4.672763e-03 
 1.935398e+01 -4.630729e-03 
 1.935437e+01 -4.587591e-03 
 1.935477e+01 -4.543641e-03 
 1.935517e+01 -4.499140e-03 
 1.935557e+01 -4.454210e-03 
 1.935597e+01 -4.408833e-03 
 1.935636e+01 -4.362973e-03 
 1.935676e+01 -4.316481e-03 
 1.935716e+01 -4.269182e-03 
 1.935756e+01 -4.221147e-03 
 1.935795e+01 -4.172802e-03 
 1.935835e+01 -4.124456e-03 
 1.935875e+01 -4.076399e-03 
 1.935915e+01 -4.029136e-03 
 1.935954e+01 -3.982810e-03 
 1.935994e+01 -3.937042e-03 
 1.936034e+01 -3.891964e-03 
 1.936074e+01 -3.847657e-03 
 1.936114e+01 -3.803924e-03 
 1.936153e+01 -3.760480e-03 
 1.936193e+01 -3.717771e-03 
 1.936233e+01 -3.675724e-03 
 1.936273e+01 -3.634181e-03 
 1.936312e+01 -3.593224e-03 
 1.936352e+01 -3.552444e-03 
 1.936392e+01 -3.511910e-03 
 1.936432e+01 -3.471217e-03 
 1.936471e+01 -3.429957e-03 
 1.936511e+01 -3.388000e-03 
 1.936551e+01 -3.344809e-03 
 1.936591e+01 -3.300437e-03 
 1.936631e+01 -3.254679e-03 
 1.936670e+01 -3.207880e-03 
 1.936710e+01 -3.160035e-03 
 1.936750e+01 -3.111288e-03 
 1.936790e+01 -3.061982e-03 
 1.936829e+01 -3.011829e-03 
 1.936869e+01 -2.960478e-03 
 1.936909e+01 -2.907721e-03 
 1.936949e+01 -2.853033e-03 
 1.936988e+01 -2.796149e-03 
 1.937028e+01 -2.736909e-03 
 1.937068e+01 -2.675225e-03 
 1.937108e+01 -2.611329e-03 
 1.937148e+01 -2.545753e-03 
 1.937187e+01 -2.478948e-03 
 1.937227e+01 -2.411322e-03 
 1.937267e+01 -2.343120e-03 
 1.937307e+01 -2.274577e-03 
 1.937346e+01 -2.205741e-03 
 1.937386e+01 -2.136729e-03 
 1.937426e+01 -2.067542e-03 
 1.937466e+01 -1.998196e-03 
 1.937505e+01 -1.929045e-03 
 1.937545e+01 -1.860734e-03 
 1.937585e+01 -1.793492e-03 
 1.937625e+01 -1.727523e-03 
 1.937665e+01 -1.662878e-03 
 1.937704e+01 -1.599404e-03 
 1.937744e+01 -1.536699e-03 
 1.937784e+01 -1.474662e-03 
 1.937824e+01 -1.413019e-03 
 1.937863e+01 -1.351532e-03 
 1.937903e+01 -1.289438e-03 
 1.937943e+01 -1.227008e-03 
 1.937983e+01 -1.164642e-03 
 1.938022e+01 -1.102457e-03 
 1.938062e+01 -1.040430e-03 
 1.938102e+01 -9.787611e-04 
 1.938142e+01 -9.172808e-04 
 1.938182e+01 -8.555950e-04 
 1.938221e+01 -7.936976e-04 
 1.938261e+01 -7.313072e-04 
 1.938301e+01 -6.681427e-04 
 1.938341e+01 -6.040181e-04 
 1.938380e+01 -5.389419e-04 
 1.938420e+01 -4.732713e-04 
 1.938460e+01 -4.069954e-04 
 1.938500e+01 -3.401376e-04 
 1.938539e+01 -2.726885e-04 
 1.938579e+01 -2.046637e-04 
 1.938619e+01 -1.360408e-04 
 1.938659e+01 -6.678203e-05 
 1.938699e+01  3.265730e-06 
 1.938738e+01  7.394436e-05 
 1.938778e+01  1.452724e-04 
 1.938818e+01  2.174339e-04 
 1.938858e+01  2.903651e-04 
 1.938897e+01  3.636865e-04 
 1.938937e+01  4.373183e-04 
 1.938977e+01  5.111421e-04 
 1.939017e+01  5.848609e-04 
 1.939057e+01  6.581771e-04 
 1.939096e+01  7.308130e-04 
 1.939136e+01  8.023962e-04 
 1.939176e+01  8.724394e-04 
 1.939216e+01  9.406654e-04 
 1.939255e+01  1.006762e-03 
 1.939295e+01  1.070228e-03 
 1.939335e+01  1.130720e-03 
 1.939375e+01  1.188066e-03 
 1.939414e+01  1.242163e-03 
 1.939454e+01  1.293117e-03 
 1.939494e+01  1.341282e-03 
 1.939534e+01  1.387118e-03 
 1.939574e+01  1.430961e-03 
 1.939613e+01  1.473200e-03 
 1.939653e+01  1.514148e-03 
 1.939693e+01  1.554087e-03 
 1.939733e+01  1.593012e-03 
 1.939772e+01  1.631069e-03 
 1.939812e+01  1.668338e-03 
 1.939852e+01  1.704802e-03 
 1.939892e+01  1.740564e-03 
 1.939931e+01  1.775612e-03 
 1.939971e+01  1.809630e-03 
 1.940011e+01  1.842528e-03 
 1.940051e+01  1.874220e-03 
 1.940091e+01  1.904899e-03 
 1.940130e+01  1.934679e-03 
 1.940170e+01  1.963593e-03 
 1.940210e+01  1.991814e-03 
 1.940250e+01  2.019614e-03 
 1.940289e+01  2.047083e-03 
 1.940329e+01  2.074222e-03 
 1.940369e+01  2.100936e-03 
 1.940409e+01  2.127085e-03 
 1.940448e+01  2.152639e-03 
 1.940488e+01  2.177691e-03 
 1.940528e+01  2.202329e-03 
 1.940568e+01  2.226598e-03 
 1.940608e+01  2.250340e-03 
 1.940647e+01  2.273282e-03 
 1.940687e+01  2.295410e-03 
 1.940727e+01  2.316607e-03 
 1.940767e+01  2.336907e-03 
 1.940806e+01  2.356313e-03 
 1.940846e+01  2.374790e-03 
 1.940886e+01  2.392432e-03 
 1.940926e+01  2.408899e-03 
 1.940965e+01  2.424083e-03 
 1.941005e+01  2.437898e-03 
 1.941045e+01  2.450204e-03 
 1.941085e+01  2.460827e-03 
 1.941125e+01  2.469553e-03 
 1.941164e+01  2.476593e-03 
 1.941204e+01  2.481986e-03 
 1.941244e+01  2.485728e-03 
 1.941284e+01  2.487884e-03 
 1.941323e+01  2.488279e-03 
 1.941363e+01  2.487065e-03 
 1.941403e+01  2.484467e-03 
 1.941443e+01  2.480779e-03 
 1.941482e+01  2.476186e-03 
 1.941522e+01  2.470656e-03 
 1.941562e+01  2.464140e-03 
 1.941602e+01  2.456722e-03 
 1.941642e+01  2.448664e-03 
 1.941681e+01  2.439937e-03 
 1.941721e+01  2.430650e-03 
 1.941761e+01  2.420715e-03 
 1.941801e+01  2.410084e-03 
 1.941840e+01  2.398801e-03 
 1.941880e+01  2.386804e-03 
 1.941920e+01  2.373986e-03 
 1.941960e+01  2.360507e-03 
 1.941999e+01  2.346546e-03 
 1.942039e+01  2.332574e-03 
 1.942079e+01  2.319293e-03 
 1.942119e+01  2.307224e-03 
 1.942159e+01  2.296459e-03 
 1.942198e+01  2.287133e-03 
 1.942238e+01  2.279316e-03 
 1.942278e+01  2.273021e-03 
 1.942318e+01  2.268212e-03 
 1.942357e+01  2.264809e-03 
 1.942397e+01  2.262708e-03 
 1.942437e+01  2.261889e-03 
 1.942477e+01  2.262357e-03 
 1.942516e+01  2.264177e-03 
 1.942556e+01  2.267257e-03 
 1.942596e+01  2.271461e-03 
 1.942636e+01  2.276542e-03 
 1.942676e+01  2.282361e-03 
 1.942715e+01  2.288636e-03 
 1.942755e+01  2.295154e-03 
 1.942795e+01  2.301652e-03 
 1.942835e+01  2.308167e-03 
 1.942874e+01  2.314774e-03 
 1.942914e+01  2.321719e-03 
 1.942954e+01  2.329283e-03 
 1.942994e+01  2.337593e-03 
 1.943033e+01  2.346648e-03 
 1.943073e+01  2.356267e-03 
 1.943113e+01  2.365886e-03 
 1.943153e+01  2.375130e-03 
 1.943193e+01  2.383816e-03 
 1.943232e+01  2.391697e-03 
 1.943272e+01  2.398656e-03 
 1.943312e+01  2.404766e-03 
 1.943352e+01  2.410099e-03 
 1.943391e+01  2.414654e-03 
 1.943431e+01  2.418420e-03 
 1.943471e+01  2.421268e-03 
 1.943511e+01  2.422897e-03 
 1.943550e+01  2.422903e-03 
 1.943590e+01  2.421314e-03 
 1.943630e+01  2.418066e-03 
 1.943670e+01  2.413331e-03 
 1.943710e+01  2.407392e-03 
 1.943749e+01  2.400506e-03 
 1.943789e+01  2.393000e-03 
 1.943829e+01  2.385289e-03 
 1.943869e+01  2.377674e-03 
 1.943908e+01  2.370258e-03 
 1.943948e+01  2.363170e-03 
 1.943988e+01  2.356596e-03 
 1.944028e+01  2.350707e-03 
 1.944067e+01  2.345830e-03 
 1.944107e+01  2.342236e-03 
 1.944147e+01  2.340116e-03 
 1.944187e+01  2.339475e-03 
 1.944227e+01  2.340451e-03 
 1.944266e+01  2.343205e-03 
 1.944306e+01  2.347661e-03 
 1.944346e+01  2.353626e-03 
 1.944386e+01  2.360813e-03 
 1.944425e+01  2.369028e-03 
 1.944465e+01  2.378089e-03 
 1.944505e+01  2.388017e-03 
 1.944545e+01  2.398702e-03 
 1.944584e+01  2.410126e-03 
 1.944624e+01  2.422369e-03 
 1.944664e+01  2.435584e-03 
 1.944704e+01  2.449929e-03 
 1.944744e+01  2.465483e-03 
 1.944783e+01  2.482222e-03 
 1.944823e+01  2.500016e-03 
 1.944863e+01  2.518692e-03 
 1.944903e+01  2.538212e-03 
 1.944942e+01  2.558659e-03 
 1.944982e+01  2.580122e-03 
 1.945022e+01  2.602506e-03 
 1.945062e+01  2.625875e-03 
 1.945101e+01  2.650103e-03 
 1.945141e+01  2.675123e-03 
 1.945181e+01  2.700851e-03 
 1.945221e+01  2.726977e-03 
 1.945261e+01  2.753040e-03 
 1.945300e+01  2.779067e-03 
 1.945340e+01  2.804897e-03 
 1.945380e+01  2.830549e-03 
 1.945420e+01  2.856265e-03 
 1.945459e+01  2.882122e-03 
 1.945499e+01  2.908255e-03 
 1.945539e+01  2.934633e-03 
 1.945579e+01  2.961381e-03 
 1.945618e+01  2.988688e-03 
 1.945658e+01  3.016644e-03 
 1.945698e+01  3.045255e-03 
 1.945738e+01  3.074337e-03 
 1.945778e+01  3.104036e-03 
 1.945817e+01  3.134484e-03 
 1.945857e+01  3.165819e-03 
 1.945897e+01  3.198037e-03 
 1.945937e+01  3.230725e-03 
 1.945976e+01  3.263638e-03 
 1.946016e+01  3.296747e-03 
 1.946056e+01  3.329783e-03 
 1.946096e+01  3.362653e-03 
 1.946135e+01  3.395086e-03 
 1.946175e+01  3.427073e-03 
 1.946215e+01  3.458791e-03 
 1.946255e+01  3.490355e-03 
 1.946295e+01  3.522310e-03 
 1.946334e+01  3.554678e-03 
 1.946374e+01  3.587548e-03 
 1.946414e+01  3.621229e-03 
 1.946454e+01  3.655799e-03 
 1.946493e+01  3.691341e-03 
 1.946533e+01  3.727858e-03 
 1.946573e+01  3.765361e-03 
 1.946613e+01  3.804093e-03 
 1.946652e+01  3.844024e-03 
 1.946692e+01  3.885329e-03 
 1.946732e+01  3.928270e-03 
 1.946772e+01  3.972514e-03 
 1.946812e+01  4.018665e-03 
 1.946851e+01  4.066688e-03 
 1.946891e+01  4.116344e-03 
 1.946931e+01  4.167269e-03 
 1.946971e+01  4.219691e-03 
 1.947010e+01  4.273313e-03 
 1.947050e+01  4.327384e-03 
 1.947090e+01  4.382272e-03 
 1.947130e+01  4.437612e-03 
 1.947169e+01  4.493615e-03 
 1.947209e+01  4.550731e-03 
 1.947249e+01  4.609043e-03 
 1.947289e+01  4.668448e-03 
 1.947329e+01  4.728492e-03 
 1.947368e+01  4.789453e-03 
 1.947408e+01  4.851276e-03 
 1.947448e+01  4.913332e-03 
 1.947488e+01  4.975921e-03 
 1.947527e+01  5.038722e-03 
 1.947567e+01  5.101541e-03 
 1.947607e+01  5.164714e-03 
 1.947647e+01  5.228170e-03 
 1.947686e+01  5.292315e-03 
 1.947726e+01  5.356540e-03 
 1.947766e+01  5.420932e-03 
 1.947806e+01  5.485878e-03 
 1.947846e+01  5.550765e-03 
 1.947885e+01  5.615483e-03 
 1.947925e+01  5.680179e-03 
 1.947965e+01  5.744504e-03 
 1.948005e+01  5.808986e-03 
 1.948044e+01  5.873835e-03 
 1.948084e+01  5.939289e-03 
 1.948124e+01  6.005761e-03 
 1.948164e+01  6.073316e-03 
 1.948204e+01  6.142033e-03 
 1.948243e+01  6.211853e-03 
 1.948283e+01  6.282968e-03 
 1.948323e+01  6.355497e-03 
 1.948363e+01  6.429241e-03 
 1.948402e+01  6.504019e-03 
 1.948442e+01  6.579896e-03 
 1.948482e+01  6.656881e-03 
 1.948522e+01  6.734691e-03 
 1.948561e+01  6.813022e-03 
 1.948601e+01  6.891176e-03 
 1.948641e+01  6.968739e-03 
 1.948681e+01  7.044916e-03 
 1.948721e+01  7.119716e-03 
 1.948760e+01  7.193191e-03 
 1.948800e+01  7.264734e-03 
 1.948840e+01  7.334187e-03 
 1.948880e+01  7.402081e-03 
 1.948919e+01  7.468447e-03 
 1.948959e+01  7.533145e-03 
 1.948999e+01  7.597008e-03 
 1.949039e+01  7.660074e-03 
 1.949078e+01  7.722309e-03 
 1.949118e+01  7.784248e-03 
 1.949158e+01  7.846004e-03 
 1.949198e+01  7.908116e-03 
 1.949238e+01  7.970182e-03 
 1.949277e+01  8.032365e-03 
 1.949317e+01  8.094780e-03 
 1.949357e+01  8.157185e-03 
 1.949397e+01  8.219479e-03 
 1.949436e+01  8.281831e-03 
 1.949476e+01  8.343597e-03 
 1.949516e+01  8.405002e-03 
 1.949556e+01  8.465763e-03 
 1.949595e+01  8.525753e-03 
 1.949635e+01  8.584712e-03 
 1.949675e+01  8.642786e-03 
 1.949715e+01  8.699784e-03 
 1.949755e+01  8.755943e-03 
 1.949794e+01  8.811267e-03 
 1.949834e+01  8.866017e-03 
 1.949874e+01  8.920155e-03 
 1.949914e+01  8.973220e-03 
 1.949953e+01  9.025341e-03 
 1.949993e+01  9.076431e-03 
 1.950033e+01  9.126336e-03 
 1.950073e+01  9.175085e-03 
 1.950112e+01  9.222744e-03 
 1.950152e+01  9.269571e-03 
 1.950192e+01  9.315559e-03 
 1.950232e+01  9.360816e-03 
 1.950272e+01  9.405109e-03 
 1.950311e+01  9.448492e-03 
 1.950351e+01  9.490828e-03 
 1.950391e+01  9.532003e-03 
 1.950431e+01  9.571984e-03 
 1.950470e+01  9.610805e-03 
 1.950510e+01  9.648700e-03 
 1.950550e+01  9.685935e-03 
 1.950590e+01  9.722400e-03 
 1.950629e+01  9.758390e-03 
 1.950669e+01  9.793935e-03 
 1.950709e+01  9.829121e-03 
 1.950749e+01  9.863961e-03 
 1.950789e+01  9.898300e-03 
 1.950828e+01  9.931932e-03 
 1.950868e+01  9.964791e-03 
 1.950908e+01  9.997005e-03 
 1.950948e+01  1.002882e-02 
 1.950987e+01  1.006037e-02 
 1.951027e+01  1.009164e-02 
 1.951067e+01  1.012254e-02 
 1.951107e+01  1.015311e-02 
 1.951146e+01  1.018297e-02 
 1.951186e+01  1.021190e-02 
 1.951226e+01  1.023945e-02 
 1.951266e+01  1.026551e-02 
 1.951306e+01  1.028997e-02 
 1.951345e+01  1.031268e-02 
 1.951385e+01  1.033375e-02 
 1.951425e+01  1.035318e-02 
 1.951465e+01  1.037057e-02 
 1.951504e+01  1.038587e-02 
 1.951544e+01  1.039910e-02 
 1.951584e+01  1.041013e-02 
 1.951624e+01  1.041910e-02 
 1.951663e+01  1.042602e-02 
 1.951703e+01  1.043115e-02 
 1.951743e+01  1.043477e-02 
 1.951783e+01  1.043721e-02 
 1.951823e+01  1.043898e-02 
 1.951862e+01  1.044056e-02 
 1.951902e+01  1.044233e-02 
 1.951942e+01  1.044446e-02 
 1.951982e+01  1.044691e-02 
 1.952021e+01  1.044963e-02 
 1.952061e+01  1.045233e-02 
 1.952101e+01  1.045464e-02 
 1.952141e+01  1.045618e-02 
 1.952180e+01  1.045701e-02 
 1.952220e+01  1.045733e-02 
 1.952260e+01  1.045731e-02 
 1.952300e+01  1.045737e-02 
 1.952340e+01  1.045790e-02 
 1.952379e+01  1.045926e-02 
 1.952419e+01  1.046138e-02 
 1.952459e+01  1.046442e-02 
 1.952499e+01  1.046832e-02 
 1.952538e+01  1.047290e-02 
 1.952578e+01  1.047810e-02 
 1.952618e+01  1.048387e-02 
 1.952658e+01  1.049011e-02 
 1.952697e+01  1.049675e-02 
 1.952737e+01  1.050338e-02 
 1.952777e+01  1.050961e-02 
 1.952817e+01  1.051516e-02 
 1.952857e+01  1.051971e-02 
 1.952896e+01  1.052294e-02 
 1.952936e+01  1.052466e-02 
 1.952976e+01  1.052454e-02 
 1.953016e+01  1.052263e-02 
 1.953055e+01  1.051889e-02 
 1.953095e+01  1.051356e-02 
 1.953135e+01  1.050703e-02 
 1.953175e+01  1.049948e-02 
 1.953214e+01  1.049135e-02 
 1.953254e+01  1.048307e-02 
 1.953294e+01  1.047465e-02 
 1.953334e+01  1.046624e-02 
 1.953374e+01  1.045801e-02 
 1.953413e+01  1.045000e-02 
 1.953453e+01  1.044249e-02 
 1.953493e+01  1.043573e-02 
 1.953533e+01  1.042997e-02 
 1.953572e+01  1.042571e-02 
 1.953612e+01  1.042327e-02 
 1.953652e+01  1.042278e-02 
 1.953692e+01  1.042434e-02 
 1.953731e+01  1.042782e-02 
 1.953771e+01  1.043304e-02 
 1.953811e+01  1.043990e-02 
 1.953851e+01  1.044802e-02 
 1.953891e+01  1.045725e-02 
 1.953930e+01  1.046709e-02 
 1.953970e+01  1.047696e-02 
 1.954010e+01  1.048655e-02 
 1.954050e+01  1.049557e-02 
 1.954089e+01  1.050357e-02 
 1.954129e+01  1.051034e-02 
 1.954169e+01  1.051581e-02 
 1.954209e+01  1.052005e-02 
 1.954248e+01  1.052311e-02 
 1.954288e+01  1.052495e-02 
 1.954328e+01  1.052571e-02 
 1.954368e+01  1.052545e-02 
 1.954408e+01  1.052437e-02 
 1.954447e+01  1.052271e-02 
 1.954487e+01  1.052059e-02 
 1.954527e+01  1.051823e-02 
 1.954567e+01  1.051565e-02 
 1.954606e+01  1.051266e-02 
 1.954646e+01  1.050908e-02 
 1.954686e+01  1.050477e-02 
 1.954726e+01  1.049963e-02 
 1.954765e+01  1.049345e-02 
 1.954805e+01  1.048619e-02 
 1.954845e+01  1.047801e-02 
 1.954885e+01  1.046920e-02 
 1.954925e+01  1.045991e-02 
 1.954964e+01  1.045037e-02 
 1.955004e+01  1.044102e-02 
 1.955044e+01  1.043198e-02 
 1.955084e+01  1.042357e-02 
 1.955123e+01  1.041613e-02 
 1.955163e+01  1.040998e-02 
 1.955203e+01  1.040534e-02 
 1.955243e+01  1.040245e-02 
 1.955282e+01  1.040131e-02 
 1.955322e+01  1.040210e-02 
 1.955362e+01  1.040466e-02 
 1.955402e+01  1.040876e-02 
 1.955442e+01  1.041440e-02 
 1.955481e+01  1.042141e-02 
 1.955521e+01  1.042930e-02 
 1.955561e+01  1.043803e-02 
 1.955601e+01  1.044743e-02 
 1.955640e+01  1.045760e-02 
 1.955680e+01  1.046856e-02 
 1.955720e+01  1.048043e-02 
 1.955760e+01  1.049363e-02 
 1.955799e+01  1.050848e-02 
 1.955839e+01  1.052490e-02 
 1.955879e+01  1.054286e-02 
 1.955919e+01  1.056223e-02 
 1.955959e+01  1.058287e-02 
 1.955998e+01  1.060457e-02 
 1.956038e+01  1.062733e-02 
 1.956078e+01  1.065130e-02 
 1.956118e+01  1.067673e-02 
 1.956157e+01  1.070377e-02 
 1.956197e+01  1.073258e-02 
 1.956237e+01  1.076323e-02 
 1.956277e+01  1.079549e-02 
 1.956316e+01  1.082891e-02 
 1.956356e+01  1.086343e-02 
 1.956396e+01  1.089892e-02 
 1.956436e+01  1.093522e-02 
 1.956476e+01  1.097231e-02 
 1.956515e+01  1.101009e-02 
 1.956555e+01  1.104843e-02 
 1.956595e+01  1.108719e-02 
 1.956635e+01  1.112608e-02 
 1.956674e+01  1.116496e-02 
 1.956714e+01  1.120366e-02 
 1.956754e+01  1.124225e-02 
 1.956794e+01  1.128062e-02 
 1.956833e+01  1.131891e-02 
 1.956873e+01  1.135720e-02 
 1.956913e+01  1.139553e-02 
 1.956953e+01  1.143413e-02 
 1.956993e+01  1.147322e-02 
 1.957032e+01  1.151301e-02 
 1.957072e+01  1.155373e-02 
 1.957112e+01  1.159524e-02 
 1.957152e+01  1.163742e-02 
 1.957191e+01  1.168005e-02 
 1.957231e+01  1.172278e-02 
 1.957271e+01  1.176525e-02 
 1.957311e+01  1.180733e-02 
 1.957351e+01  1.184917e-02 
 1.957390e+01  1.189104e-02 
 1.957430e+01  1.193331e-02 
 1.957470e+01  1.197624e-02 
 1.957510e+01  1.202020e-02 
 1.957549e+01  1.206529e-02 
 1.957589e+01  1.211165e-02 
 1.957629e+01  1.215948e-02 
 1.957669e+01  1.220891e-02 
 1.957708e+01  1.226000e-02 
 1.957748e+01  1.231286e-02 
 1.957788e+01  1.236776e-02 
 1.957828e+01  1.242488e-02 
 1.957868e+01  1.248416e-02 
 1.957907e+01  1.254544e-02 
 1.957947e+01  1.260863e-02 
 1.957987e+01  1.267356e-02 
 1.958027e+01  1.273991e-02 
 1.958066e+01  1.280731e-02 
 1.958106e+01  1.287538e-02 
 1.958146e+01  1.294380e-02 
 1.958186e+01  1.301212e-02 
 1.958225e+01  1.308009e-02 
 1.958265e+01  1.314761e-02 
 1.958305e+01  1.321451e-02 
 1.958345e+01  1.328057e-02 
 1.958385e+01  1.334566e-02 
 1.958424e+01  1.340965e-02 
 1.958464e+01  1.347240e-02 
 1.958504e+01  1.353379e-02 
 1.958544e+01  1.359383e-02 
 1.958583e+01  1.365278e-02 
 1.958623e+01  1.371102e-02 
 1.958663e+01  1.376894e-02 
 1.958703e+01  1.382696e-02 
 1.958742e+01  1.388540e-02 
 1.958782e+01  1.394447e-02 
 1.958822e+01  1.400424e-02 
 1.958862e+01  1.406464e-02 
 1.958902e+01  1.412558e-02 
 1.958941e+01  1.418694e-02 
 1.958981e+01  1.424847e-02 
 1.959021e+01  1.430997e-02 
 1.959061e+01  1.437138e-02 
 1.959100e+01  1.443244e-02 
 1.959140e+01  1.449283e-02 
 1.959180e+01  1.455230e-02 
 1.959220e+01  1.461061e-02 
 1.959259e+01  1.466771e-02 
 1.959299e+01  1.472364e-02 
 1.959339e+01  1.477846e-02 
 1.959379e+01  1.483223e-02 
 1.959419e+01  1.488509e-02 
 1.959458e+01  1.493716e-02 
 1.959498e+01  1.498849e-02 
 1.959538e+01  1.503917e-02 
 1.959578e+01  1.508918e-02 
 1.959617e+01  1.513859e-02 
 1.959657e+01  1.518737e-02 
 1.959697e+01  1.523541e-02 
 1.959737e+01  1.528254e-02 
 1.959776e+01  1.532831e-02 
 1.959816e+01  1.537255e-02 
 1.959856e+01  1.541493e-02 
 1.959896e+01  1.545517e-02 
 1.959936e+01  1.549347e-02 
 1.959975e+01  1.552988e-02 
 1.960015e+01  1.556457e-02 
 1.960055e+01  1.559774e-02 
 1.960095e+01  1.562962e-02 
 1.960134e+01  1.566046e-02 
 1.960174e+01  1.569039e-02 
 1.960214e+01  1.571928e-02 
 1.960254e+01  1.574721e-02 
 1.960293e+01  1.577431e-02 
 1.960333e+01  1.580071e-02 
 1.960373e+01  1.582655e-02 
 1.960413e+01  1.585195e-02 
 1.960453e+01  1.587707e-02 
 1.960492e+01  1.590207e-02 
 1.960532e+01  1.592684e-02 
 1.960572e+01  1.595149e-02 
 1.960612e+01  1.597609e-02 
 1.960651e+01  1.600064e-02 
 1.960691e+01  1.602515e-02 
 1.960731e+01  1.604968e-02 
 1.960771e+01  1.607408e-02 
 1.960810e+01  1.609830e-02 
 1.960850e+01  1.612231e-02 
 1.960890e+01  1.614593e-02 
 1.960930e+01  1.616905e-02 
 1.960970e+01  1.619155e-02 
 1.961009e+01  1.621329e-02 
 1.961049e+01  1.623424e-02 
 1.961089e+01  1.625425e-02 
 1.961129e+01  1.627338e-02 
 1.961168e+01  1.629175e-02 
 1.961208e+01  1.630963e-02 
 1.961248e+01  1.632723e-02 
 1.961288e+01  1.634476e-02 
 1.961327e+01  1.636236e-02 
 1.961367e+01  1.638005e-02 
 1.961407e+01  1.639769e-02 
 1.961447e+01  1.641509e-02 
 1.961487e+01  1.643206e-02 
 1.961526e+01  1.644840e-02 
 1.961566e+01  1.646402e-02 
 1.961606e+01  1.647871e-02 
 1.961646e+01  1.649228e-02 
 1.961685e+01  1.650452e-02 
 1.961725e+01  1.651515e-02 
 1.961765e+01  1.652419e-02 
 1.961805e+01  1.653161e-02 
 1.961844e+01  1.653755e-02 
 1.961884e+01  1.654235e-02 
 1.961924e+01  1.654616e-02 
 1.961964e+01  1.654926e-02 
 1.962004e+01  1.655190e-02 
 1.962043e+01  1.655409e-02 
 1.962083e+01  1.655599e-02 
 1.962123e+01  1.655779e-02 
 1.962163e+01  1.655953e-02 
 1.962202e+01  1.656128e-02 
 1.962242e+01  1.656299e-02 
 1.962282e+01  1.656443e-02 
 1.962322e+01  1.656527e-02 
 1.962361e+01  1.656520e-02 
 1.962401e+01  1.656377e-02 
 1.962441e+01  1.656082e-02 
 1.962481e+01  1.655630e-02 
 1.962521e+01  1.655036e-02 
 1.962560e+01  1.654310e-02 
 1.962600e+01  1.653466e-02 
 1.962640e+01  1.652527e-02 
 1.962680e+01  1.651488e-02 
 1.962719e+01  1.650344e-02 
 1.962759e+01  1.649083e-02 
 1.962799e+01  1.647717e-02 
 1.962839e+01  1.646260e-02 
 1.962878e+01  1.644721e-02 
 1.962918e+01  1.643128e-02 
 1.962958e+01  1.641511e-02 
 1.962998e+01  1.639909e-02 
 1.963038e+01  1.638356e-02 
 1.963077e+01  1.636877e-02 
 1.963117e+01  1.635479e-02 
 1.963157e+01  1.634169e-02 
 1.963197e+01  1.632922e-02 
 1.963236e+01  1.631711e-02 
 1.963276e+01  1.630509e-02 
 1.963316e+01  1.629273e-02 
 1.963356e+01  1.627975e-02 
 1.963395e+01  1.626589e-02 
 1.963435e+01  1.625089e-02 
 1.963475e+01  1.623460e-02 
 1.963515e+01  1.621684e-02 
 1.963555e+01  1.619728e-02 
 1.963594e+01  1.617560e-02 
 1.963634e+01  1.615156e-02 
 1.963674e+01  1.612506e-02 
 1.963714e+01  1.609625e-02 
 1.963753e+01  1.606556e-02 
 1.963793e+01  1.603330e-02 
 1.963833e+01  1.600005e-02 
 1.963873e+01  1.596617e-02 
 1.963912e+01  1.593210e-02 
 1.963952e+01  1.589819e-02 
 1.963992e+01  1.586461e-02 
 1.964032e+01  1.583139e-02 
 1.964072e+01  1.579881e-02 
 1.964111e+01  1.576691e-02 
 1.964151e+01  1.573579e-02 
 1.964191e+01  1.570554e-02 
 1.964231e+01  1.567610e-02 
 1.964270e+01  1.564738e-02 
 1.964310e+01  1.561939e-02 
 1.964350e+01  1.559214e-02 
 1.964390e+01  1.556571e-02 
 1.964429e+01  1.554018e-02 
 1.964469e+01  1.551580e-02 
 1.964509e+01  1.549283e-02 
 1.964549e+01  1.547140e-02 
 1.964589e+01  1.545160e-02 
 1.964628e+01  1.543347e-02 
 1.964668e+01  1.541721e-02 
 1.964708e+01  1.540283e-02 
 1.964748e+01  1.539038e-02 
 1.964787e+01  1.537981e-02 
 1.964827e+01  1.537100e-02 
 1.964867e+01  1.536363e-02 
 1.964907e+01  1.535726e-02 
 1.964946e+01  1.535137e-02 
 1.964986e+01  1.534545e-02 
 1.965026e+01  1.533921e-02 
 1.965066e+01  1.533230e-02 
 1.965106e+01  1.532447e-02 
 1.965145e+01  1.531559e-02 
 1.965185e+01  1.530558e-02 
 1.965225e+01  1.529445e-02 
 1.965265e+01  1.528220e-02 
 1.965304e+01  1.526888e-02 
 1.965344e+01  1.525461e-02 
 1.965384e+01  1.523966e-02 
 1.965424e+01  1.522429e-02 
 1.965463e+01  1.520880e-02 
 1.965503e+01  1.519354e-02 
 1.965543e+01  1.517854e-02 
 1.965583e+01  1.516396e-02 
 1.965623e+01  1.514993e-02 
 1.965662e+01  1.513647e-02 
 1.965702e+01  1.512371e-02 
 1.965742e+01  1.511189e-02 
 1.965782e+01  1.510119e-02 
 1.965821e+01  1.509184e-02 
 1.965861e+01  1.508408e-02 
 1.965901e+01  1.507807e-02 
 1.965941e+01  1.507382e-02 
 1.965980e+01  1.507132e-02 
 1.966020e+01  1.507039e-02 
 1.966060e+01  1.507107e-02 
 1.966100e+01  1.507323e-02 
 1.966140e+01  1.507693e-02 
 1.966179e+01  1.508219e-02 
 1.966219e+01  1.508896e-02 
 1.966259e+01  1.509738e-02 
 1.966299e+01  1.510755e-02 
 1.966338e+01  1.511965e-02 
 1.966378e+01  1.513393e-02 
 1.966418e+01  1.515051e-02 
 1.966458e+01  1.516947e-02 
 1.966498e+01  1.519079e-02 
 1.966537e+01  1.521433e-02 
 1.966577e+01  1.523995e-02 
 1.966617e+01  1.526732e-02 
 1.966657e+01  1.529619e-02 
 1.966696e+01  1.532632e-02 
 1.966736e+01  1.535732e-02 
 1.966776e+01  1.538896e-02 
 1.966816e+01  1.542115e-02 
 1.966855e+01  1.545368e-02 
 1.966895e+01  1.548643e-02 
 1.966935e+01  1.551924e-02 
 1.966975e+01  1.555202e-02 
 1.967015e+01  1.558484e-02 
 1.967054e+01  1.561772e-02 
 1.967094e+01  1.565082e-02 
 1.967134e+01  1.568410e-02 
 1.967174e+01  1.571771e-02 
 1.967213e+01  1.575186e-02 
 1.967253e+01  1.578673e-02 
 1.967293e+01  1.582241e-02 
 1.967333e+01  1.585905e-02 
 1.967372e+01  1.589680e-02 
 1.967412e+01  1.593558e-02 
 1.967452e+01  1.597540e-02 
 1.967492e+01  1.601617e-02 
 1.967532e+01  1.605775e-02 
 1.967571e+01  1.609990e-02 
 1.967611e+01  1.614251e-02 
 1.967651e+01  1.618548e-02 
 1.967691e+01  1.622875e-02 
 1.967730e+01  1.627215e-02 
 1.967770e+01  1.631548e-02 
 1.967810e+01  1.635850e-02 
 1.967850e+01  1.640102e-02 
 1.967889e+01  1.644293e-02 
 1.967929e+01  1.648419e-02 
 1.967969e+01  1.652492e-02 
 1.968009e+01  1.656531e-02 
 1.968049e+01  1.660563e-02 
 1.968088e+01  1.664635e-02 
 1.968128e+01  1.668799e-02 
 1.968168e+01  1.673100e-02 
 1.968208e+01  1.677568e-02 
 1.968247e+01  1.682233e-02 
 1.968287e+01  1.687102e-02 
 1.968327e+01  1.692165e-02 
 1.968367e+01  1.697391e-02 
 1.968406e+01  1.702759e-02 
 1.968446e+01  1.708246e-02 
 1.968486e+01  1.713826e-02 
 1.968526e+01  1.719490e-02 
 1.968566e+01  1.725233e-02 
 1.968605e+01  1.731035e-02 
 1.968645e+01  1.736878e-02 
 1.968685e+01  1.742742e-02 
 1.968725e+01  1.748610e-02 
 1.968764e+01  1.754461e-02 
 1.968804e+01  1.760278e-02 
 1.968844e+01  1.766052e-02 
 1.968884e+01  1.771781e-02 
 1.968923e+01  1.777440e-02 
 1.968963e+01  1.783006e-02 
 1.969003e+01  1.788479e-02 
 1.969043e+01  1.793842e-02 
 1.969083e+01  1.799083e-02 
 1.969122e+01  1.804211e-02 
 1.969162e+01  1.809227e-02 
 1.969202e+01  1.814136e-02 
 1.969242e+01  1.818941e-02 
 1.969281e+01  1.823640e-02 
 1.969321e+01  1.828223e-02 
 1.969361e+01  1.832681e-02 
 1.969401e+01  1.837013e-02 
 1.969440e+01  1.841220e-02 
 1.969480e+01  1.845296e-02 
 1.969520e+01  1.849232e-02 
 1.969560e+01  1.853035e-02 
 1.969600e+01  1.856709e-02 
 1.969639e+01  1.860247e-02 
 1.969679e+01  1.863673e-02 
 1.969719e+01  1.867011e-02 
 1.969759e+01  1.870291e-02 
 1.969798e+01  1.873544e-02 
 1.969838e+01  1.876808e-02 
 1.969878e+01  1.880117e-02 
 1.969918e+01  1.883493e-02 
 1.969957e+01  1.886953e-02 
 1.969997e+01  1.890510e-02 
 1.970037e+01  1.894164e-02 
 1.970077e+01  1.897911e-02 
 1.970117e+01  1.901739e-02 
 1.970156e+01  1.905628e-02 
 1.970196e+01  1.909545e-02 
 1.970236e+01  1.913465e-02 
 1.970276e+01  1.917357e-02 
 1.970315e+01  1.921201e-02 
 1.970355e+01  1.924961e-02 
 1.970395e+01  1.928603e-02 
 1.970435e+01  1.932092e-02 
 1.970474e+01  1.935402e-02 
 1.970514e+01  1.938518e-02 
 1.970554e+01  1.941431e-02 
 1.970594e+01  1.944139e-02 
 1.970634e+01  1.946661e-02 
 1.970673e+01  1.949010e-02 
 1.970713e+01  1.951204e-02 
 1.970753e+01  1.953263e-02 
 1.970793e+01  1.955204e-02 
 1.970832e+01  1.957040e-02 
 1.970872e+01  1.958788e-02 
 1.970912e+01  1.960465e-02 
 1.970952e+01  1.962072e-02 
 1.970991e+01  1.963641e-02 
 1.971031e+01  1.965172e-02 
 1.971071e+01  1.966663e-02 
 1.971111e+01  1.968115e-02 
 1.971151e+01  1.969509e-02 
 1.971190e+01  1.970844e-02 
 1.971230e+01  1.972109e-02 
 1.971270e+01  1.973292e-02 
 1.971310e+01  1.974408e-02 
 1.971349e+01  1.975465e-02 
 1.971389e+01  1.976488e-02 
 1.971429e+01  1.977503e-02 
 1.971469e+01  1.978553e-02 
 1.971508e+01  1.979666e-02 
 1.971548e+01  1.980862e-02 
 1.971588e+01  1.982152e-02 
 1.971628e+01  1.983544e-02 
 1.971668e+01  1.985028e-02 
 1.971707e+01  1.986586e-02 
 1.971747e+01  1.988207e-02 
 1.971787e+01  1.989883e-02 
 1.971827e+01  1.991585e-02 
 1.971866e+01  1.993290e-02 
 1.971906e+01  1.994973e-02 
 1.971946e+01  1.996597e-02 
 1.971986e+01  1.998118e-02 
 1.972025e+01  1.999483e-02 
 1.972065e+01  2.000655e-02 
 1.972105e+01  2.001588e-02 
 1.972145e+01  2.002246e-02 
 1.972185e+01  2.002617e-02 
 1.972224e+01  2.002705e-02 
 1.972264e+01  2.002528e-02 
 1.972304e+01  2.002108e-02 
 1.972344e+01  2.001476e-02 
 1.972383e+01  2.000655e-02 
 1.972423e+01  1.999673e-02 
 1.972463e+01  1.998545e-02 
 1.972503e+01  1.997296e-02 
 1.972542e+01  1.995926e-02 
 1.972582e+01  1.994439e-02 
 1.972622e+01  1.992844e-02 
 1.972662e+01  1.991145e-02 
 1.972702e+01  1.989347e-02 
 1.972741e+01  1.987462e-02 
 1.972781e+01  1.985492e-02 
 1.972821e+01  1.983444e-02 
 1.972861e+01  1.981304e-02 
 1.972900e+01  1.979072e-02 
 1.972940e+01  1.976725e-02 
 1.972980e+01  1.974236e-02 
 1.973020e+01  1.971574e-02 
 1.973059e+01  1.968736e-02 
 1.973099e+01  1.965725e-02 
 1.973139e+01  1.962557e-02 
 1.973179e+01  1.959253e-02 
 1.973219e+01  1.955846e-02 
 1.973258e+01  1.952367e-02 
 1.973298e+01  1.948839e-02 
 1.973338e+01  1.945290e-02 
 1.973378e+01  1.941744e-02 
 1.973417e+01  1.938216e-02 
 1.973457e+01  1.934725e-02 
 1.973497e+01  1.931279e-02 
 1.973537e+01  1.927898e-02 
 1.973576e+01  1.924582e-02 
 1.973616e+01  1.921333e-02 
 1.973656e+01  1.918145e-02 
 1.973696e+01  1.915006e-02 
 1.973736e+01  1.911889e-02 
 1.973775e+01  1.908763e-02 
 1.973815e+01  1.905618e-02 
 1.973855e+01  1.902435e-02 
 1.973895e+01  1.899192e-02 
 1.973934e+01  1.895878e-02 
 1.973974e+01  1.892476e-02 
 1.974014e+01  1.888986e-02 
 1.974054e+01  1.885414e-02 
 1.974093e+01  1.881777e-02 
 1.974133e+01  1.878097e-02 
 1.974173e+01  1.874397e-02 
 1.974213e+01  1.870706e-02 
 1.974253e+01  1.867048e-02 
 1.974292e+01  1.863438e-02 
 1.974332e+01  1.859878e-02 
 1.974372e+01  1.856347e-02 
 1.974412e+01  1.852816e-02 
 1.974451e+01  1.849261e-02 
 1.974491e+01  1.845658e-02 
 1.974531e+01  1.841991e-02 
 1.974571e+01  1.838242e-02 
 1.974610e+01  1.834399e-02 
 1.974650e+01  1.830453e-02 
 1.974690e+01  1.826400e-02 
 1.974730e+01  1.822242e-02 
 1.974770e+01  1.817979e-02 
 1.974809e+01  1.813619e-02 
 1.974849e+01  1.809176e-02 
 1.974889e+01  1.804670e-02 
 1.974929e+01  1.800127e-02 
 1.974968e+01  1.795583e-02 
 1.975008e+01  1.791076e-02 
 1.975048e+01  1.786642e-02 
 1.975088e+01  1.782322e-02 
 1.975127e+01  1.778157e-02 
 1.975167e+01  1.774158e-02 
 1.975207e+01  1.770338e-02 
 1.975247e+01  1.766700e-02 
 1.975287e+01  1.763244e-02 
 1.975326e+01  1.759958e-02 
 1.975366e+01  1.756828e-02 
 1.975406e+01  1.753864e-02 
 1.975446e+01  1.751064e-02 
 1.975485e+01  1.748422e-02 
 1.975525e+01  1.745946e-02 
 1.975565e+01  1.743630e-02 
 1.975605e+01  1.741459e-02 
 1.975645e+01  1.739408e-02 
 1.975684e+01  1.737451e-02 
 1.975724e+01  1.735573e-02 
 1.975764e+01  1.733772e-02 
 1.975804e+01  1.732047e-02 
 1.975843e+01  1.730399e-02 
 1.975883e+01  1.728829e-02 
 1.975923e+01  1.727347e-02 
 1.975963e+01  1.725958e-02 
 1.976002e+01  1.724670e-02 
 1.976042e+01  1.723490e-02 
 1.976082e+01  1.722428e-02 
 1.976122e+01  1.721476e-02 
 1.976162e+01  1.720633e-02 
 1.976201e+01  1.719892e-02 
 1.976241e+01  1.719240e-02 
 1.976281e+01  1.718655e-02 
 1.976321e+01  1.718111e-02 
 1.976360e+01  1.717586e-02 
 1.976400e+01  1.717057e-02 
 1.976440e+01  1.716522e-02 
 1.976480e+01  1.715983e-02 
 1.976519e+01  1.715445e-02 
 1.976559e+01  1.714924e-02 
 1.976599e+01  1.714441e-02 
 1.976639e+01  1.714031e-02 
 1.976679e+01  1.713726e-02 
 1.976718e+01  1.713566e-02 
 1.976758e+01  1.713583e-02 
 1.976798e+01  1.713802e-02 
 1.976838e+01  1.714247e-02 
 1.976877e+01  1.714937e-02 
 1.976917e+01  1.715880e-02 
 1.976957e+01  1.717077e-02 
 1.976997e+01  1.718517e-02 
 1.977036e+01  1.720171e-02 
 1.977076e+01  1.721999e-02 
 1.977116e+01  1.723954e-02 
 1.977156e+01  1.725977e-02 
 1.977196e+01  1.728005e-02 
 1.977235e+01  1.729971e-02 
 1.977275e+01  1.731838e-02 
 1.977315e+01  1.733586e-02 
 1.977355e+01  1.735211e-02 
 1.977394e+01  1.736717e-02 
 1.977434e+01  1.738126e-02 
 1.977474e+01  1.739452e-02 
 1.977514e+01  1.740719e-02 
 1.977553e+01  1.741951e-02 
 1.977593e+01  1.743163e-02 
 1.977633e+01  1.744360e-02 
 1.977673e+01  1.745546e-02 
 1.977713e+01  1.746723e-02 
 1.977752e+01  1.747902e-02 
 1.977792e+01  1.749100e-02 
 1.977832e+01  1.750330e-02 
 1.977872e+01  1.751599e-02 
 1.977911e+01  1.752924e-02 
 1.977951e+01  1.754318e-02 
 1.977991e+01  1.755783e-02 
 1.978031e+01  1.757312e-02 
 1.978070e+01  1.758896e-02 
 1.978110e+01  1.760516e-02 
 1.978150e+01  1.762160e-02 
 1.978190e+01  1.763825e-02 
 1.978230e+01  1.765507e-02 
 1.978269e+01  1.767197e-02 
 1.978309e+01  1.768894e-02 
 1.978349e+01  1.770586e-02 
 1.978389e+01  1.772269e-02 
 1.978428e+01  1.773933e-02 
 1.978468e+01  1.775578e-02 
 1.978508e+01  1.777202e-02 
 1.978548e+01  1.778808e-02 
 1.978587e+01  1.780419e-02 
 1.978627e+01  1.782049e-02 
 1.978667e+01  1.783733e-02 
 1.978707e+01  1.785489e-02 
 1.978747e+01  1.787334e-02 
 1.978786e+01  1.789283e-02 
 1.978826e+01  1.791334e-02 
 1.978866e+01  1.793472e-02 
 1.978906e+01  1.795672e-02 
 1.978945e+01  1.797904e-02 
 1.978985e+01  1.800122e-02 
 1.979025e+01  1.802300e-02 
 1.979065e+01  1.804411e-02 
 1.979104e+01  1.806431e-02 
 1.979144e+01  1.808352e-02 
 1.979184e+01  1.810179e-02 
 1.979224e+01  1.811914e-02 
 1.979264e+01  1.813570e-02 
 1.979303e+01  1.815168e-02 
 1.979343e+01  1.816730e-02 
 1.979383e+01  1.818282e-02 
 1.979423e+01  1.819850e-02 
 1.979462e+01  1.821456e-02 
 1.979502e+01  1.823124e-02 
 1.979542e+01  1.824853e-02 
 1.979582e+01  1.826636e-02 
 1.979621e+01  1.828457e-02 
 1.979661e+01  1.830295e-02 
 1.979701e+01  1.832139e-02 
 1.979741e+01  1.833981e-02 
 1.979781e+01  1.835818e-02 
 1.979820e+01  1.837641e-02 
 1.979860e+01  1.839449e-02 
 1.979900e+01  1.841239e-02 
 1.979940e+01  1.843015e-02 
 1.979979e+01  1.844777e-02 
 1.980019e+01  1.846523e-02 
 1.980059e+01  1.848256e-02 
 1.980099e+01  1.849993e-02 
 1.980138e+01  1.851755e-02 
 1.980178e+01  1.853556e-02 
 1.980218e+01  1.855407e-02 
 1.980258e+01  1.857332e-02 
 1.980298e+01  1.859350e-02 
 1.980337e+01  1.861471e-02 
 1.980377e+01  1.863715e-02 
 1.980417e+01  1.866084e-02 
 1.980457e+01  1.868579e-02 
 1.980496e+01  1.871185e-02 
 1.980536e+01  1.873880e-02 
 1.980576e+01  1.876639e-02 
 1.980616e+01  1.879433e-02 
 1.980655e+01  1.882238e-02 
 1.980695e+01  1.885016e-02 
 1.980735e+01  1.887734e-02 
 1.980775e+01  1.890351e-02 
 1.980815e+01  1.892850e-02 
 1.980854e+01  1.895223e-02 
 1.980894e+01  1.897457e-02 
 1.980934e+01  1.899560e-02 
 1.980974e+01  1.901543e-02 
 1.981013e+01  1.903420e-02 
 1.981053e+01  1.905218e-02 
 1.981093e+01  1.906953e-02 
 1.981133e+01  1.908641e-02 
 1.981172e+01  1.910290e-02 
 1.981212e+01  1.911902e-02 
 1.981252e+01  1.913478e-02 
 1.981292e+01  1.915018e-02 
 1.981332e+01  1.916485e-02 
 1.981371e+01  1.917864e-02 
 1.981411e+01  1.919129e-02 
 1.981451e+01  1.920252e-02 
 1.981491e+01  1.921207e-02 
 1.981530e+01  1.921964e-02 
 1.981570e+01  1.922497e-02 
 1.981610e+01  1.922782e-02 
 1.981650e+01  1.922801e-02 
 1.981689e+01  1.922559e-02 
 1.981729e+01  1.922057e-02 
 1.981769e+01  1.921307e-02 
 1.981809e+01  1.920363e-02 
 1.981849e+01  1.919229e-02 
 1.981888e+01  1.917916e-02 
 1.981928e+01  1.916466e-02 
 1.981968e+01  1.914868e-02 
 1.982008e+01  1.913169e-02 
 1.982047e+01  1.911416e-02 
 1.982087e+01  1.909631e-02 
 1.982127e+01  1.907844e-02 
 1.982167e+01  1.906058e-02 
 1.982206e+01  1.904275e-02 
 1.982246e+01  1.902490e-02 
 1.982286e+01  1.900677e-02 
 1.982326e+01  1.898817e-02 
 1.982366e+01  1.896870e-02 
 1.982405e+01  1.894812e-02 
 1.982445e+01  1.892551e-02 
 1.982485e+01  1.890094e-02 
 1.982525e+01  1.887389e-02 
 1.982564e+01  1.884445e-02 
 1.982604e+01  1.881264e-02 
 1.982644e+01  1.877843e-02 
 1.982684e+01  1.874196e-02 
 1.982723e+01  1.870322e-02 
 1.982763e+01  1.866224e-02 
 1.982803e+01  1.861909e-02 
 1.982843e+01  1.857368e-02 
 1.982883e+01  1.852625e-02 
 1.982922e+01  1.847711e-02 
 1.982962e+01  1.842659e-02 
 1.983002e+01  1.837511e-02 
 1.983042e+01  1.832292e-02 
 1.983081e+01  1.827043e-02 
 1.983121e+01  1.821777e-02 
 1.983161e+01  1.816517e-02 
 1.983201e+01  1.811267e-02 
 1.983240e+01  1.806003e-02 
 1.983280e+01  1.800700e-02 
 1.983320e+01  1.795346e-02 
 1.983360e+01  1.789911e-02 
 1.983400e+01  1.784385e-02 
 1.983439e+01  1.778762e-02 
 1.983479e+01  1.773070e-02 
 1.983519e+01  1.767341e-02 
 1.983559e+01  1.761578e-02 
 1.983598e+01  1.755829e-02 
 1.983638e+01  1.750120e-02 
 1.983678e+01  1.744463e-02 
 1.983718e+01  1.738876e-02 
 1.983757e+01  1.733376e-02 
 1.983797e+01  1.727982e-02 
 1.983837e+01  1.722708e-02 
 1.983877e+01  1.717566e-02 
 1.983917e+01  1.712557e-02 
 1.983956e+01  1.707658e-02 
 1.983996e+01  1.702849e-02 
 1.984036e+01  1.698105e-02 
 1.984076e+01  1.693398e-02 
 1.984115e+01  1.688695e-02 
 1.984155e+01  1.683958e-02 
 1.984195e+01  1.679185e-02 
 1.984235e+01  1.674366e-02 
 1.984274e+01  1.669476e-02 
 1.984314e+01  1.664520e-02 
 1.984354e+01  1.659488e-02 
 1.984394e+01  1.654442e-02 
 1.984434e+01  1.649379e-02 
 1.984473e+01  1.644329e-02 
 1.984513e+01  1.639312e-02 
 1.984553e+01  1.634333e-02 
 1.984593e+01  1.629412e-02 
 1.984632e+01  1.624544e-02 
 1.984672e+01  1.619720e-02 
 1.984712e+01  1.614927e-02 
 1.984752e+01  1.610153e-02 
 1.984792e+01  1.605426e-02 
 1.984831e+01  1.600754e-02 
 1.984871e+01  1.596160e-02 
 1.984911e+01  1.591645e-02 
 1.984951e+01  1.587208e-02 
 1.984990e+01  1.582862e-02 
 1.985030e+01  1.578591e-02 
 1.985070e+01  1.574400e-02 
 1.985110e+01  1.570272e-02 
 1.985149e+01  1.566192e-02 
 1.985189e+01  1.562134e-02 
 1.985229e+01  1.558078e-02 
 1.985269e+01  1.554008e-02 
 1.985309e+01  1.549908e-02 
 1.985348e+01  1.545783e-02 
 1.985388e+01  1.541644e-02 
 1.985428e+01  1.537503e-02 
 1.985468e+01  1.533392e-02 
 1.985507e+01  1.529348e-02 
 1.985547e+01  1.525392e-02 
 1.985587e+01  1.521527e-02 
 1.985627e+01  1.517765e-02 
 1.985666e+01  1.514118e-02 
 1.985706e+01  1.510586e-02 
 1.985746e+01  1.507172e-02 
 1.985786e+01  1.503867e-02 
 1.985826e+01  1.500660e-02 
 1.985865e+01  1.497521e-02 
 1.985905e+01  1.494425e-02 
 1.985945e+01  1.491344e-02 
 1.985985e+01  1.488270e-02 
 1.986024e+01  1.485188e-02 
 1.986064e+01  1.482088e-02 
 1.986104e+01  1.478974e-02 
 1.986144e+01  1.475860e-02 
 1.986183e+01  1.472774e-02 
 1.986223e+01  1.469763e-02 
 1.986263e+01  1.466887e-02 
 1.986303e+01  1.464201e-02 
 1.986343e+01  1.461751e-02 
 1.986382e+01  1.459570e-02 
 1.986422e+01  1.457684e-02 
 1.986462e+01  1.456103e-02 
 1.986502e+01  1.454816e-02 
 1.986541e+01  1.453798e-02 
 1.986581e+01  1.453025e-02 
 1.986621e+01  1.452462e-02 
 1.986661e+01  1.452081e-02 
 1.986700e+01  1.451850e-02 
 1.986740e+01  1.451733e-02 
 1.986780e+01  1.451675e-02 
 1.986820e+01  1.451631e-02 
 1.986860e+01  1.451579e-02 
 1.986899e+01  1.451494e-02 
 1.986939e+01  1.451379e-02 
 1.986979e+01  1.451226e-02 
 1.987019e+01  1.451030e-02 
 1.987058e+01  1.450783e-02 
 1.987098e+01  1.450510e-02 
 1.987138e+01  1.450235e-02 
 1.987178e+01  1.449981e-02 
 1.987217e+01  1.449744e-02 
 1.987257e+01  1.449597e-02 
 1.987297e+01  1.449593e-02 
 1.987337e+01  1.449703e-02 
 1.987377e+01  1.449922e-02 
 1.987416e+01  1.450297e-02 
 1.987456e+01  1.450813e-02 
 1.987496e+01  1.451386e-02 
 1.987536e+01  1.452089e-02 
 1.987575e+01  1.452815e-02 
 1.987615e+01  1.453546e-02 
 1.987655e+01  1.454286e-02 
 1.987695e+01  1.454976e-02 
 1.987734e+01  1.455640e-02 
 1.987774e+01  1.456210e-02 
 1.987814e+01  1.456709e-02 
 1.987854e+01  1.457168e-02 
 1.987894e+01  1.457518e-02 
 1.987933e+01  1.457807e-02 
 1.987973e+01  1.457999e-02 
 1.988013e+01  1.458100e-02 
 1.988053e+01  1.458184e-02 
 1.988092e+01  1.458224e-02 
 1.988132e+01  1.458307e-02 
 1.988172e+01  1.458494e-02 
 1.988212e+01  1.458777e-02 
 1.988251e+01  1.459216e-02 
 1.988291e+01  1.459776e-02 
 1.988331e+01  1.460472e-02 
 1.988371e+01  1.461293e-02 
 1.988411e+01  1.462189e-02 
 1.988450e+01  1.463172e-02 
 1.988490e+01  1.464170e-02 
 1.988530e+01  1.465166e-02 
 1.988570e+01  1.466162e-02 
 1.988609e+01  1.467119e-02 
 1.988649e+01  1.468067e-02 
 1.988689e+01  1.468986e-02 
 1.988729e+01  1.469898e-02 
 1.988768e+01  1.470834e-02 
 1.988808e+01  1.471781e-02 
 1.988848e+01  1.472795e-02 
 1.988888e+01  1.473863e-02 
 1.988928e+01  1.474997e-02 
 1.988967e+01  1.476263e-02 
 1.989007e+01  1.477696e-02 
 1.989047e+01  1.479330e-02 
 1.989087e+01  1.481158e-02 
 1.989126e+01  1.483197e-02 
 1.989166e+01  1.485451e-02 
 1.989206e+01  1.487868e-02 
 1.989246e+01  1.490429e-02 
 1.989285e+01  1.493095e-02 
 1.989325e+01  1.495813e-02 
 1.989365e+01  1.498538e-02 
 1.989405e+01  1.501236e-02 
 1.989445e+01  1.503878e-02 
 1.989484e+01  1.506442e-02 
 1.989524e+01  1.508928e-02 
 1.989564e+01  1.511346e-02 
 1.989604e+01  1.513700e-02 
 1.989643e+01  1.516006e-02 
 1.989683e+01  1.518266e-02 
 1.989723e+01  1.520479e-02 
 1.989763e+01  1.522653e-02 
 1.989802e+01  1.524815e-02 
 1.989842e+01  1.526985e-02 
 1.989882e+01  1.529170e-02 
 1.989922e+01  1.531374e-02 
 1.989962e+01  1.533584e-02 
 1.990001e+01  1.535797e-02 
 1.990041e+01  1.537995e-02 
 1.990081e+01  1.540153e-02 
 1.990121e+01  1.542255e-02 
 1.990160e+01  1.544283e-02 
 1.990200e+01  1.546239e-02 
 1.990240e+01  1.548108e-02 
 1.990280e+01  1.549886e-02 
 1.990319e+01  1.551580e-02 
 1.990359e+01  1.553162e-02 
 1.990399e+01  1.554680e-02 
 1.990439e+01  1.556166e-02 
 1.990479e+01  1.557607e-02 
 1.990518e+01  1.559070e-02 
 1.990558e+01  1.560551e-02 
 1.990598e+01  1.562102e-02 
 1.990638e+01  1.563722e-02 
 1.990677e+01  1.565419e-02 
 1.990717e+01  1.567223e-02 
 1.990757e+01  1.569112e-02 
 1.990797e+01  1.571097e-02 
 1.990836e+01  1.573158e-02 
 1.990876e+01  1.575274e-02 
 1.990916e+01  1.577413e-02 
 1.990956e+01  1.579552e-02 
 1.990996e+01  1.581659e-02 
 1.991035e+01  1.583696e-02 
 1.991075e+01  1.585621e-02 
 1.991115e+01  1.587405e-02 
 1.991155e+01  1.589027e-02 
 1.991194e+01  1.590441e-02 
 1.991234e+01  1.591633e-02 
 1.991274e+01  1.592603e-02 
 1.991314e+01  1.593352e-02 
 1.991353e+01  1.593882e-02 
 1.991393e+01  1.594223e-02 
 1.991433e+01  1.594417e-02 
 1.991473e+01  1.594470e-02 
 1.991513e+01  1.594420e-02 
 1.991552e+01  1.594291e-02 
 1.991592e+01  1.594095e-02 
 1.991632e+01  1.593882e-02 
 1.991672e+01  1.593657e-02 
 1.991711e+01  1.593427e-02 
 1.991751e+01  1.593206e-02 
 1.991791e+01  1.592968e-02 
 1.991831e+01  1.592716e-02 
 1.991870e+01  1.592428e-02 
 1.991910e+01  1.592096e-02 
 1.991950e+01  1.591699e-02 
 1.991990e+01  1.591201e-02 
 1.992030e+01  1.590600e-02 
 1.992069e+01  1.589879e-02 
 1.992109e+01  1.589010e-02 
 1.992149e+01  1.588012e-02 
 1.992189e+01  1.586891e-02 
 1.992228e+01  1.585648e-02 
 1.992268e+01  1.584313e-02 
 1.992308e+01  1.582905e-02 
 1.992348e+01  1.581456e-02 
 1.992387e+01  1.579984e-02 
 1.992427e+01  1.578506e-02 
 1.992467e+01  1.577050e-02 
 1.992507e+01  1.575631e-02 
 1.992547e+01  1.574269e-02 
 1.992586e+01  1.572957e-02 
 1.992626e+01  1.571674e-02 
 1.992666e+01  1.570376e-02 
 1.992706e+01  1.569003e-02 
 1.992745e+01  1.567513e-02 
 1.992785e+01  1.565865e-02 
 1.992825e+01  1.564032e-02 
 1.992865e+01  1.561988e-02 
 1.992904e+01  1.559731e-02 
 1.992944e+01  1.557233e-02 
 1.992984e+01  1.554463e-02 
 1.993024e+01  1.551407e-02 
 1.993064e+01  1.548046e-02 
 1.993103e+01  1.544378e-02 
 1.993143e+01  1.540407e-02 
 1.993183e+01  1.536157e-02 
 1.993223e+01  1.531651e-02 
 1.993262e+01  1.526924e-02 
 1.993302e+01  1.521991e-02 
 1.993342e+01  1.516893e-02 
 1.993382e+01  1.511652e-02 
 1.993421e+01  1.506260e-02 
 1.993461e+01  1.500752e-02 
 1.993501e+01  1.495138e-02 
 1.993541e+01  1.489406e-02 
 1.993581e+01  1.483569e-02 
 1.993620e+01  1.477629e-02 
 1.993660e+01  1.471601e-02 
 1.993700e+01  1.465474e-02 
 1.993740e+01  1.459254e-02 
 1.993779e+01  1.452956e-02 
 1.993819e+01  1.446604e-02 
 1.993859e+01  1.440206e-02 
 1.993899e+01  1.433777e-02 
 1.993939e+01  1.427339e-02 
 1.993978e+01  1.420903e-02 
 1.994018e+01  1.414464e-02 
 1.994058e+01  1.408058e-02 
 1.994098e+01  1.401700e-02 
 1.994137e+01  1.395422e-02 
 1.994177e+01  1.389255e-02 
 1.994217e+01  1.383234e-02 
 1.994257e+01  1.377395e-02 
 1.994296e+01  1.371757e-02 
 1.994336e+01  1.366348e-02 
 1.994376e+01  1.361184e-02 
 1.994416e+01  1.356242e-02 
 1.994456e+01  1.351497e-02 
 1.994495e+01  1.346925e-02 
 1.994535e+01  1.342493e-02 
 1.994575e+01  1.338147e-02 
 1.994615e+01  1.333865e-02 
 1.994654e+01  1.329609e-02 
 1.994694e+01  1.325338e-02 
 1.994734e+01  1.321045e-02 
 1.994774e+01  1.316702e-02 
 1.994813e+01  1.312290e-02 
 1.994853e+01  1.307787e-02 
 1.994893e+01  1.303171e-02 
 1.994933e+01  1.298438e-02 
 1.994973e+01  1.293611e-02 
 1.995012e+01  1.288708e-02 
 1.995052e+01  1.283764e-02 
 1.995092e+01  1.278817e-02 
 1.995132e+01  1.273881e-02 
 1.995171e+01  1.268964e-02 
 1.995211e+01  1.264078e-02 
 1.995251e+01  1.259199e-02 
 1.995291e+01  1.254315e-02 
 1.995330e+01  1.249412e-02 
 1.995370e+01  1.244480e-02 
 1.995410e+01  1.239502e-02 
 1.995450e+01  1.234477e-02 
 1.995490e+01  1.229388e-02 
 1.995529e+01  1.224249e-02 
 1.995569e+01  1.219077e-02 
 1.995609e+01  1.213908e-02 
 1.995649e+01  1.208778e-02 
 1.995688e+01  1.203737e-02 
 1.995728e+01  1.198819e-02 
 1.995768e+01  1.194061e-02 
 1.995808e+01  1.189503e-02 
 1.995847e+01  1.185167e-02 
 1.995887e+01  1.181087e-02 
 1.995927e+01  1.177267e-02 
 1.995967e+01  1.173736e-02 
 1.996007e+01  1.170518e-02 
 1.996046e+01  1.167590e-02 
 1.996086e+01  1.164967e-02 
 1.996126e+01  1.162630e-02 
 1.996166e+01  1.160527e-02 
 1.996205e+01  1.158634e-02 
 1.996245e+01  1.156903e-02 
 1.996285e+01  1.155302e-02 
 1.996325e+01  1.153777e-02 
 1.996364e+01  1.152281e-02 
 1.996404e+01  1.150808e-02 
 1.996444e+01  1.149343e-02 
 1.996484e+01  1.147880e-02 
 1.996524e+01  1.146430e-02 
 1.996563e+01  1.145002e-02 
 1.996603e+01  1.143596e-02 
 1.996643e+01  1.142205e-02 
 1.996683e+01  1.140852e-02 
 1.996722e+01  1.139560e-02 
 1.996762e+01  1.138338e-02 
 1.996802e+01  1.137218e-02 
 1.996842e+01  1.136209e-02 
 1.996881e+01  1.135315e-02 
 1.996921e+01  1.134523e-02 
 1.996961e+01  1.133806e-02 
 1.997001e+01  1.133151e-02 
 1.997041e+01  1.132516e-02 
 1.997080e+01  1.131866e-02 
 1.997120e+01  1.131184e-02 
 1.997160e+01  1.130431e-02 
 1.997200e+01  1.129596e-02 
 1.997239e+01  1.128668e-02 
 1.997279e+01  1.127635e-02 
 1.997319e+01  1.126489e-02 
 1.997359e+01  1.125233e-02 
 1.997398e+01  1.123881e-02 
 1.997438e+01  1.122430e-02 
 1.997478e+01  1.120882e-02 
 1.997518e+01  1.119265e-02 
 1.997558e+01  1.117607e-02 
 1.997597e+01  1.115945e-02 
 1.997637e+01  1.114329e-02 
 1.997677e+01  1.112813e-02 
 1.997717e+01  1.111431e-02 
 1.997756e+01  1.110216e-02 
 1.997796e+01  1.109191e-02 
 1.997836e+01  1.108359e-02 
 1.997876e+01  1.107732e-02 
 1.997915e+01  1.107308e-02 
 1.997955e+01  1.107074e-02 
 1.997995e+01  1.107022e-02 
 1.998035e+01  1.107122e-02 
 1.998075e+01  1.107326e-02 
 1.998114e+01  1.107580e-02 
 1.998154e+01  1.107844e-02 
 1.998194e+01  1.108085e-02 
 1.998234e+01  1.108291e-02 
 1.998273e+01  1.108475e-02 
 1.998313e+01  1.108665e-02 
 1.998353e+01  1.108878e-02 
 1.998393e+01  1.109153e-02 
 1.998432e+01  1.109532e-02 
 1.998472e+01  1.110050e-02 
 1.998512e+01  1.110741e-02 
 1.998552e+01  1.111615e-02 
 1.998592e+01  1.112673e-02 
 1.998631e+01  1.113913e-02 
 1.998671e+01  1.115312e-02 
 1.998711e+01  1.116841e-02 
 1.998751e+01  1.118467e-02 
 1.998790e+01  1.120145e-02 
 1.998830e+01  1.121824e-02 
 1.998870e+01  1.123464e-02 
 1.998910e+01  1.125040e-02 
 1.998949e+01  1.126534e-02 
 1.998989e+01  1.127940e-02 
 1.999029e+01  1.129261e-02 
 1.999069e+01  1.130500e-02 
 1.999109e+01  1.131677e-02 
 1.999148e+01  1.132816e-02 
 1.999188e+01  1.133923e-02 
 1.999228e+01  1.135026e-02 
 1.999268e+01  1.136139e-02 
 1.999307e+01  1.137277e-02 
 1.999347e+01  1.138466e-02 
 1.999387e+01  1.139738e-02 
 1.999427e+01  1.141119e-02 
 1.999466e+01  1.142607e-02 
 1.999506e+01  1.144209e-02 
 1.999546e+01  1.145916e-02 
 1.999586e+01  1.147717e-02 
 1.999626e+01  1.149603e-02 
 1.999665e+01  1.151561e-02 
 1.999705e+01  1.153588e-02 
 1.999745e+01  1.155689e-02 
 1.999785e+01  1.157860e-02 
 1.999824e+01  1.160099e-02 
 1.999864e+01  1.162420e-02 
 1.999904e+01  1.164801e-02 
 1.999944e+01  1.167250e-02 
 1.999983e+01  1.169751e-02 
 2.000023e+01  1.172295e-02 
 2.000063e+01  1.174891e-02 
 2.000103e+01  1.177532e-02 
 2.000143e+01  1.180213e-02 
 2.000182e+01  1.182949e-02 
 2.000222e+01  1.185750e-02 
 2.000262e+01  1.188610e-02 
 2.000302e+01  1.191541e-02 
 2.000341e+01  1.194548e-02 
 2.000381e+01  1.197616e-02 
 2.000421e+01  1.200714e-02 
 2.000461e+01  1.203817e-02 
 2.000500e+01  1.206896e-02 
 2.000540e+01  1.209905e-02 
 2.000580e+01  1.212802e-02 
 2.000620e+01  1.215571e-02 
 2.000660e+01  1.218179e-02 
 2.000699e+01  1.220605e-02 
 2.000739e+01  1.222837e-02 
 2.000779e+01  1.224869e-02 
 2.000819e+01  1.226703e-02 
 2.000858e+01  1.228351e-02 
 2.000898e+01  1.229829e-02 
 2.000938e+01  1.231152e-02 
 2.000978e+01  1.232337e-02 
 2.001017e+01  1.233418e-02 
 2.001057e+01  1.234426e-02 
 2.001097e+01  1.235405e-02 
 2.001137e+01  1.236407e-02 
 2.001177e+01  1.237478e-02 
 2.001216e+01  1.238634e-02 
 2.001256e+01  1.239878e-02 
 2.001296e+01  1.241187e-02 
 2.001336e+01  1.242544e-02 
 2.001375e+01  1.243896e-02 
 2.001415e+01  1.245209e-02 
 2.001455e+01  1.246461e-02 
 2.001495e+01  1.247617e-02 
 2.001534e+01  1.248664e-02 
 2.001574e+01  1.249607e-02 
 2.001614e+01  1.250452e-02 
 2.001654e+01  1.251195e-02 
 2.001694e+01  1.251842e-02 
 2.001733e+01  1.252405e-02 
 2.001773e+01  1.252898e-02 
 2.001813e+01  1.253333e-02 
 2.001853e+01  1.253732e-02 
 2.001892e+01  1.254128e-02 
 2.001932e+01  1.254562e-02 
 2.001972e+01  1.255056e-02 
 2.002012e+01  1.255628e-02 
 2.002051e+01  1.256297e-02 
 2.002091e+01  1.257043e-02 
 2.002131e+01  1.257820e-02 
 2.002171e+01  1.258594e-02 
 2.002211e+01  1.259343e-02 
 2.002250e+01  1.260041e-02 
 2.002290e+01  1.260653e-02 
 2.002330e+01  1.261161e-02 
 2.002370e+01  1.261532e-02 
 2.002409e+01  1.261750e-02 
 2.002449e+01  1.261805e-02 
 2.002489e+01  1.261678e-02 
 2.002529e+01  1.261366e-02 
 2.002568e+01  1.260865e-02 
 2.002608e+01  1.260173e-02 
 2.002648e+01  1.259311e-02 
 2.002688e+01  1.258305e-02 
 2.002728e+01  1.257150e-02 
 2.002767e+01  1.255845e-02 
 2.002807e+01  1.254396e-02 
 2.002847e+01  1.252814e-02 
 2.002887e+01  1.251109e-02 
 2.002926e+01  1.249288e-02 
 2.002966e+01  1.247360e-02 
 2.003006e+01  1.245316e-02 
 2.003046e+01  1.243157e-02 
 2.003085e+01  1.240875e-02 
 2.003125e+01  1.238472e-02 
 2.003165e+01  1.235934e-02 
 2.003205e+01  1.233235e-02 
 2.003245e+01  1.230355e-02 
 2.003284e+01  1.227275e-02 
 2.003324e+01  1.223997e-02 
 2.003364e+01  1.220518e-02 
 2.003404e+01  1.216847e-02 
 2.003443e+01  1.213011e-02 
 2.003483e+01  1.209039e-02 
 2.003523e+01  1.204966e-02 
 2.003563e+01  1.200825e-02 
 2.003603e+01  1.196624e-02 
 2.003642e+01  1.192378e-02 
 2.003682e+01  1.188096e-02 
 2.003722e+01  1.183791e-02 
 2.003762e+01  1.179490e-02 
 2.003801e+01  1.175226e-02 
 2.003841e+01  1.171024e-02 
 2.003881e+01  1.166879e-02 
 2.003921e+01  1.162798e-02 
 2.003960e+01  1.158773e-02 
 2.004000e+01  1.154791e-02 
 2.004040e+01  1.150840e-02 
 2.004080e+01  1.146902e-02 
 2.004120e+01  1.142957e-02 
 2.004159e+01  1.139000e-02 
 2.004199e+01  1.135006e-02 
 2.004239e+01  1.130974e-02 
 2.004279e+01  1.126892e-02 
 2.004318e+01  1.122730e-02 
 2.004358e+01  1.118469e-02 
 2.004398e+01  1.114118e-02 
 2.004438e+01  1.109683e-02 
 2.004477e+01  1.105175e-02 
 2.004517e+01  1.100615e-02 
 2.004557e+01  1.096035e-02 
 2.004597e+01  1.091454e-02 
 2.004637e+01  1.086885e-02 
 2.004676e+01  1.082361e-02 
 2.004716e+01  1.077903e-02 
 2.004756e+01  1.073536e-02 
 2.004796e+01  1.069266e-02 
 2.004835e+01  1.065112e-02 
 2.004875e+01  1.061072e-02 
 2.004915e+01  1.057109e-02 
 2.004955e+01  1.053192e-02 
 2.004994e+01  1.049291e-02 
 2.005034e+01  1.045377e-02 
 2.005074e+01  1.041442e-02 
 2.005114e+01  1.037485e-02 
 2.005154e+01  1.033500e-02 
 2.005193e+01  1.029475e-02 
 2.005233e+01  1.025421e-02 
 2.005273e+01  1.021345e-02 
 2.005313e+01  1.017263e-02 
 2.005352e+01  1.013201e-02 
 2.005392e+01  1.009181e-02 
 2.005432e+01  1.005226e-02 
 2.005472e+01  1.001341e-02 
 2.005511e+01  9.975466e-03 
 2.005551e+01  9.938330e-03 
 2.005591e+01  9.901639e-03 
 2.005631e+01  9.865068e-03 
 2.005671e+01  9.828401e-03 
 2.005710e+01  9.791407e-03 
 2.005750e+01  9.754011e-03 
 2.005790e+01  9.716108e-03 
 2.005830e+01  9.677602e-03 
 2.005869e+01  9.638471e-03 
 2.005909e+01  9.598790e-03 
 2.005949e+01  9.558873e-03 
 2.005989e+01  9.518909e-03 
 2.006028e+01  9.478988e-03 
 2.006068e+01  9.439280e-03 
 2.006108e+01  9.400050e-03 
 2.006148e+01  9.361614e-03 
 2.006188e+01  9.324397e-03 
 2.006227e+01  9.288755e-03 
 2.006267e+01  9.255065e-03 
 2.006307e+01  9.223573e-03 
 2.006347e+01  9.194569e-03 
 2.006386e+01  9.168301e-03 
 2.006426e+01  9.144841e-03 
 2.006466e+01  9.124057e-03 
 2.006506e+01  9.105678e-03 
 2.006545e+01  9.089480e-03 
 2.006585e+01  9.075276e-03 
 2.006625e+01  9.063044e-03 
 2.006665e+01  9.052646e-03 
 2.006705e+01  9.044001e-03 
 2.006744e+01  9.036914e-03 
 2.006784e+01  9.030910e-03 
 2.006824e+01  9.025574e-03 
 2.006864e+01  9.020527e-03 
 2.006903e+01  9.015372e-03 
 2.006943e+01  9.009851e-03 
 2.006983e+01  9.003781e-03 
 2.007023e+01  8.997350e-03 
 2.007062e+01  8.990814e-03 
 2.007102e+01  8.984357e-03 
 2.007142e+01  8.978248e-03 
 2.007182e+01  8.972445e-03 
 2.007222e+01  8.967000e-03 
 2.007261e+01  8.961930e-03 
 2.007301e+01  8.957242e-03 
 2.007341e+01  8.953061e-03 
 2.007381e+01  8.949303e-03 
 2.007420e+01  8.946017e-03 
 2.007460e+01  8.943105e-03 
 2.007500e+01  8.940287e-03 
 2.007540e+01  8.937221e-03 
 2.007579e+01  8.933551e-03 
 2.007619e+01  8.928902e-03 
 2.007659e+01  8.922987e-03 
 2.007699e+01  8.915755e-03 
 2.007739e+01  8.907195e-03 
 2.007778e+01  8.897283e-03 
 2.007818e+01  8.886308e-03 
 2.007858e+01  8.874610e-03 
 2.007898e+01  8.862716e-03 
 2.007937e+01  8.851134e-03 
 2.007977e+01  8.840427e-03 
 2.008017e+01  8.831078e-03 
 2.008057e+01  8.823368e-03 
 2.008096e+01  8.817547e-03 
 2.008136e+01  8.813681e-03 
 2.008176e+01  8.811670e-03 
 2.008216e+01  8.811189e-03 
 2.008256e+01  8.811784e-03 
 2.008295e+01  8.812894e-03 
 2.008335e+01  8.814363e-03 
 2.008375e+01  8.816048e-03 
 2.008415e+01  8.817695e-03 
 2.008454e+01  8.819300e-03 
 2.008494e+01  8.820487e-03 
 2.008534e+01  8.821220e-03 
 2.008574e+01  8.821481e-03 
 2.008613e+01  8.821540e-03 
 2.008653e+01  8.821293e-03 
 2.008693e+01  8.821009e-03 
 2.008733e+01  8.820694e-03 
 2.008773e+01  8.820508e-03 
 2.008812e+01  8.820961e-03 
 2.008852e+01  8.822187e-03 
 2.008892e+01  8.824254e-03 
 2.008932e+01  8.826884e-03 
 2.008971e+01  8.830238e-03 
 2.009011e+01  8.834462e-03 
 2.009051e+01  8.839841e-03 
 2.009091e+01  8.846427e-03 
 2.009130e+01  8.854102e-03 
 2.009170e+01  8.862717e-03 
 2.009210e+01  8.872349e-03 
 2.009250e+01  8.883190e-03 
 2.009290e+01  8.895418e-03 
 2.009329e+01  8.908968e-03 
 2.009369e+01  8.923598e-03 
 2.009409e+01  8.938798e-03 
 2.009449e+01  8.954512e-03 
 2.009488e+01  8.970636e-03 
 2.009528e+01  8.986976e-03 
 2.009568e+01  9.003493e-03 
 2.009608e+01  9.020271e-03 
 2.009647e+01  9.037577e-03 
 2.009687e+01  9.055614e-03 
 2.009727e+01  9.074308e-03 
 2.009767e+01  9.093541e-03 
 2.009807e+01  9.113062e-03 
 2.009846e+01  9.133067e-03 
 2.009886e+01  9.153458e-03 
 2.009926e+01  9.174592e-03 
 2.009966e+01  9.196499e-03 
 2.010005e+01  9.219094e-03 
 2.010045e+01  9.242406e-03 
 2.010085e+01  9.266032e-03 
 2.010125e+01  9.289865e-03 
 2.010164e+01  9.313726e-03 
 2.010204e+01  9.337625e-03 
 2.010244e+01  9.361702e-03 
 2.010284e+01  9.385720e-03 
 2.010324e+01  9.409653e-03 
 2.010363e+01  9.433270e-03 
 2.010403e+01  9.456400e-03 
 2.010443e+01  9.479180e-03 
 2.010483e+01  9.501489e-03 
 2.010522e+01  9.523418e-03 
 2.010562e+01  9.545308e-03 
 2.010602e+01  9.567473e-03 
 2.010642e+01  9.590258e-03 
 2.010681e+01  9.613717e-03 
 2.010721e+01  9.637930e-03 
 2.010761e+01  9.662843e-03 
 2.010801e+01  9.688265e-03 
 2.010841e+01  9.713917e-03 
 2.010880e+01  9.739529e-03 
 2.010920e+01  9.764532e-03 
 2.010960e+01  9.788563e-03 
 2.011000e+01  9.811366e-03 
 2.011039e+01  9.833001e-03 
 2.011079e+01  9.853380e-03 
 2.011119e+01  9.872276e-03 
 2.011159e+01  9.889457e-03 
 2.011198e+01  9.904935e-03 
 2.011238e+01  9.918680e-03 
 2.011278e+01  9.930479e-03 
 2.011318e+01  9.940539e-03 
 2.011358e+01  9.949115e-03 
 2.011397e+01  9.956770e-03 
 2.011437e+01  9.964166e-03 
 2.011477e+01  9.971890e-03 
 2.011517e+01  9.980244e-03 
 2.011556e+01  9.989224e-03 
 2.011596e+01  9.998761e-03 
 2.011636e+01  1.000898e-02 
 2.011676e+01  1.001990e-02 
 2.011715e+01  1.003145e-02 
 2.011755e+01  1.004351e-02 
 2.011795e+01  1.005607e-02 
 2.011835e+01  1.006938e-02 
 2.011875e+01  1.008354e-02 
 2.011914e+01  1.009859e-02 
 2.011954e+01  1.011454e-02 
 2.011994e+01  1.013118e-02 
 2.012034e+01  1.014850e-02 
 2.012073e+01  1.016605e-02 
 2.012113e+01  1.018377e-02 
 2.012153e+01  1.020139e-02 
 2.012193e+01  1.021880e-02 
 2.012232e+01  1.023607e-02 
 2.012272e+01  1.025328e-02 
 2.012312e+01  1.027045e-02 
 2.012352e+01  1.028769e-02 
 2.012392e+01  1.030481e-02 
 2.012431e+01  1.032165e-02 
 2.012471e+01  1.033792e-02 
 2.012511e+01  1.035317e-02 
 2.012551e+01  1.036718e-02 
 2.012590e+01  1.037955e-02 
 2.012630e+01  1.038988e-02 
 2.012670e+01  1.039774e-02 
 2.012710e+01  1.040254e-02 
 2.012750e+01  1.040407e-02 
 2.012789e+01  1.040210e-02 
 2.012829e+01  1.039661e-02 
 2.012869e+01  1.038750e-02 
 2.012909e+01  1.037442e-02 
 2.012948e+01  1.035741e-02 
 2.012988e+01  1.033634e-02 
 2.013028e+01  1.031137e-02 
 2.013068e+01  1.028271e-02 
 2.013107e+01  1.025057e-02 
 2.013147e+01  1.021535e-02 
 2.013187e+01  1.017752e-02 
 2.013227e+01  1.013775e-02 
 2.013267e+01  1.009648e-02 
 2.013306e+01  1.005380e-02 
 2.013346e+01  1.000984e-02 
 2.013386e+01  9.964998e-03 
 2.013426e+01  9.919671e-03 
 2.013465e+01  9.874254e-03 
 2.013505e+01  9.828933e-03 
 2.013545e+01  9.783943e-03 
 2.013585e+01  9.739421e-03 
 2.013624e+01  9.695329e-03 
 2.013664e+01  9.651688e-03 
 2.013704e+01  9.608338e-03 
 2.013744e+01  9.565199e-03 
 2.013784e+01  9.522008e-03 
 2.013823e+01  9.478683e-03 
 2.013863e+01  9.435192e-03 
 2.013903e+01  9.391410e-03 
 2.013943e+01  9.347373e-03 
 2.013982e+01  9.303148e-03 
 2.014022e+01  9.258948e-03 
 2.014062e+01  9.215091e-03 
 2.014102e+01  9.171683e-03 
 2.014141e+01  9.129053e-03 
 2.014181e+01  9.087521e-03 
 2.014221e+01  9.047307e-03 
 2.014261e+01  9.008557e-03 
 2.014301e+01  8.971176e-03 
 2.014340e+01  8.935089e-03 
 2.014380e+01  8.900148e-03 
 2.014420e+01  8.865954e-03 
 2.014460e+01  8.832228e-03 
 2.014499e+01  8.798389e-03 
 2.014539e+01  8.763896e-03 
 2.014579e+01  8.728544e-03 
 2.014619e+01  8.692297e-03 
 2.014658e+01  8.655251e-03 
 2.014698e+01  8.617594e-03 
 2.014738e+01  8.579508e-03 
 2.014778e+01  8.541174e-03 
 2.014818e+01  8.502883e-03 
 2.014857e+01  8.464828e-03 
 2.014897e+01  8.427027e-03 
 2.014937e+01  8.389702e-03 
 2.014977e+01  8.352982e-03 
 2.015016e+01  8.317142e-03 
 2.015056e+01  8.282402e-03 
 2.015096e+01  8.248705e-03 
 2.015136e+01  8.216003e-03 
 2.015175e+01  8.184044e-03 
 2.015215e+01  8.152499e-03 
 2.015255e+01  8.121107e-03 
 2.015295e+01  8.089478e-03 
 2.015335e+01  8.057288e-03 
 2.015374e+01  8.024305e-03 
 2.015414e+01  7.990529e-03 
 2.015454e+01  7.955902e-03 
 2.015494e+01  7.920154e-03 
 2.015533e+01  7.883298e-03 
 2.015573e+01  7.845332e-03 
 2.015613e+01  7.806472e-03 
 2.015653e+01  7.766952e-03 
 2.015692e+01  7.726960e-03 
 2.015732e+01  7.686935e-03 
 2.015772e+01  7.647085e-03 
 2.015812e+01  7.607631e-03 
 2.015852e+01  7.568703e-03 
 2.015891e+01  7.530187e-03 
 2.015931e+01  7.492206e-03 
 2.015971e+01  7.454669e-03 
 2.016011e+01  7.417541e-03 
 2.016050e+01  7.380843e-03 
 2.016090e+01  7.344420e-03 
 2.016130e+01  7.308101e-03 
 2.016170e+01  7.271850e-03 
 2.016209e+01  7.235549e-03 
 2.016249e+01  7.199068e-03 
 2.016289e+01  7.162189e-03 
 2.016329e+01  7.124744e-03 
 2.016369e+01  7.086772e-03 
 2.016408e+01  7.048074e-03 
 2.016448e+01  7.008766e-03 
 2.016488e+01  6.968899e-03 
 2.016528e+01  6.928745e-03 
 2.016567e+01  6.888653e-03 
 2.016607e+01  6.848778e-03 
 2.016647e+01  6.809265e-03 
 2.016687e+01  6.770098e-03 
 2.016726e+01  6.731335e-03 
 2.016766e+01  6.693166e-03 
 2.016806e+01  6.655918e-03 
 2.016846e+01  6.619801e-03 
 2.016886e+01  6.585035e-03 
 2.016925e+01  6.551697e-03 
 2.016965e+01  6.519959e-03 
 2.017005e+01  6.489920e-03 
 2.017045e+01  6.461592e-03 
 2.017084e+01  6.434813e-03 
 2.017124e+01  6.409457e-03 
 2.017164e+01  6.385484e-03 
 2.017204e+01  6.362784e-03 
 2.017243e+01  6.341175e-03 
 2.017283e+01  6.320435e-03 
 2.017323e+01  6.300487e-03 
 2.017363e+01  6.281489e-03 
 2.017403e+01  6.263760e-03 
 2.017442e+01  6.247619e-03 
 2.017482e+01  6.233305e-03 
 2.017522e+01  6.220989e-03 
 2.017562e+01  6.210782e-03 
 2.017601e+01  6.202688e-03 
 2.017641e+01  6.196520e-03 
 2.017681e+01  6.192078e-03 
 2.017721e+01  6.189039e-03 
 2.017760e+01  6.187166e-03 
 2.017800e+01  6.186173e-03 
 2.017840e+01  6.185553e-03 
 2.017880e+01  6.184755e-03 
 2.017920e+01  6.183141e-03 
 2.017959e+01  6.180392e-03 
 2.017999e+01  6.176158e-03 
 2.018039e+01  6.170287e-03 
 2.018079e+01  6.162648e-03 
 2.018118e+01  6.153358e-03 
 2.018158e+01  6.142448e-03 
 2.018198e+01  6.130077e-03 
 2.018238e+01  6.116379e-03 
 2.018277e+01  6.101714e-03 
 2.018317e+01  6.086385e-03 
 2.018357e+01  6.070832e-03 
 2.018397e+01  6.055348e-03 
 2.018437e+01  6.039941e-03 
 2.018476e+01  6.024561e-03 
 2.018516e+01  6.009104e-03 
 2.018556e+01  5.993748e-03 
 2.018596e+01  5.978602e-03 
 2.018635e+01  5.963993e-03 
 2.018675e+01  5.950259e-03 
 2.018715e+01  5.937595e-03 
 2.018755e+01  5.926191e-03 
 2.018794e+01  5.916111e-03 
 2.018834e+01  5.907181e-03 
 2.018874e+01  5.899271e-03 
 2.018914e+01  5.892366e-03 
 2.018954e+01  5.886541e-03 
 2.018993e+01  5.882025e-03 
 2.019033e+01  5.878795e-03 
 2.019073e+01  5.876999e-03 
 2.019113e+01  5.876582e-03 
 2.019152e+01  5.877616e-03 
 2.019192e+01  5.880204e-03 
 2.019232e+01  5.884391e-03 
 2.019272e+01  5.890296e-03 
 2.019311e+01  5.897925e-03 
 2.019351e+01  5.907417e-03 
 2.019391e+01  5.918912e-03 
 2.019431e+01  5.932443e-03 
 2.019471e+01  5.948081e-03 
 2.019510e+01  5.965682e-03 
 2.019550e+01  5.985226e-03 
 2.019590e+01  6.006502e-03 
 2.019630e+01  6.029207e-03 
 2.019669e+01  6.052993e-03 
 2.019709e+01  6.077566e-03 
 2.019749e+01  6.102597e-03 
 2.019789e+01  6.127933e-03 
 2.019828e+01  6.153402e-03 
 2.019868e+01  6.178910e-03 
 2.019908e+01  6.204261e-03 
 2.019948e+01  6.229401e-03 
 2.019988e+01  6.254335e-03 
 2.020027e+01  6.279120e-03 
 2.020067e+01  6.303955e-03 
 2.020107e+01  6.329018e-03 
 2.020147e+01  6.354464e-03 
 2.020186e+01  6.380669e-03 
 2.020226e+01  6.407757e-03 
 2.020266e+01  6.435980e-03 
 2.020306e+01  6.465410e-03 
 2.020345e+01  6.496057e-03 
 2.020385e+01  6.527855e-03 
 2.020425e+01  6.560570e-03 
 2.020465e+01  6.593970e-03 
 2.020505e+01  6.627717e-03 
 2.020544e+01  6.661353e-03 
 2.020584e+01  6.694403e-03 
 2.020624e+01  6.726404e-03 
 2.020664e+01  6.757208e-03 
 2.020703e+01  6.786794e-03 
 2.020743e+01  6.815286e-03 
 2.020783e+01  6.842835e-03 
 2.020823e+01  6.869558e-03 
 2.020862e+01  6.895640e-03 
 2.020902e+01  6.921249e-03 
 2.020942e+01  6.946508e-03 
 2.020982e+01  6.971635e-03 
 2.021022e+01  6.996504e-03 
 2.021061e+01  7.021151e-03 
 2.021101e+01  7.045633e-03 
 2.021141e+01  7.069898e-03 
 2.021181e+01  7.093910e-03 
 2.021220e+01  7.117567e-03 
 2.021260e+01  7.140677e-03 
 2.021300e+01  7.163225e-03 
 2.021340e+01  7.185118e-03 
 2.021379e+01  7.206308e-03 
 2.021419e+01  7.226615e-03 
 2.021459e+01  7.245887e-03 
 2.021499e+01  7.264177e-03 
 2.021539e+01  7.281397e-03 
 2.021578e+01  7.297701e-03 
 2.021618e+01  7.313414e-03 
 2.021658e+01  7.328638e-03 
 2.021698e+01  7.343422e-03 
 2.021737e+01  7.357909e-03 
 2.021777e+01  7.372094e-03 
 2.021817e+01  7.385930e-03 
 2.021857e+01  7.399455e-03 
 2.021897e+01  7.412801e-03 
 2.021936e+01  7.426183e-03 
 2.021976e+01  7.439841e-03 
 2.022016e+01  7.453927e-03 
 2.022056e+01  7.468409e-03 
 2.022095e+01  7.483142e-03 
 2.022135e+01  7.498123e-03 
 2.022175e+01  7.513291e-03 
 2.022215e+01  7.528534e-03 
 2.022254e+01  7.543787e-03 
 2.022294e+01  7.558949e-03 
 2.022334e+01  7.573703e-03 
 2.022374e+01  7.587964e-03 
 2.022414e+01  7.601448e-03 
 2.022453e+01  7.614013e-03 
 2.022493e+01  7.625758e-03 
 2.022533e+01  7.636958e-03 
 2.022573e+01  7.647911e-03 
 2.022612e+01  7.658870e-03 
 2.022652e+01  7.669971e-03 
 2.022692e+01  7.681484e-03 
 2.022732e+01  7.693536e-03 
 2.022771e+01  7.706113e-03 
 2.022811e+01  7.719343e-03 
 2.022851e+01  7.733141e-03 
 2.022891e+01  7.747549e-03 
 2.022931e+01  7.762452e-03 
 2.022970e+01  7.777793e-03 
 2.023010e+01  7.793252e-03 
 2.023050e+01  7.808346e-03 
 2.023090e+01  7.822637e-03 
 2.023129e+01  7.835823e-03 
 2.023169e+01  7.847449e-03 
 2.023209e+01  7.857079e-03 
 2.023249e+01  7.864239e-03 
 2.023288e+01  7.868467e-03 
 2.023328e+01  7.869504e-03 
 2.023368e+01  7.867205e-03 
 2.023408e+01  7.861568e-03 
 2.023448e+01  7.852579e-03 
 2.023487e+01  7.840470e-03 
 2.023527e+01  7.825399e-03 
 2.023567e+01  7.807604e-03 
 2.023607e+01  7.787219e-03 
 2.023646e+01  7.764256e-03 
 2.023686e+01  7.738798e-03 
 2.023726e+01  7.710936e-03 
 2.023766e+01  7.681097e-03 
 2.023805e+01  7.649521e-03 
 2.023845e+01  7.616411e-03 
 2.023885e+01  7.581880e-03 
 2.023925e+01  7.545908e-03 
 2.023965e+01  7.508555e-03 
 2.024004e+01  7.469934e-03 
 2.024044e+01  7.430170e-03 
 2.024084e+01  7.389480e-03 
 2.024124e+01  7.348248e-03 
 2.024163e+01  7.306884e-03 
 2.024203e+01  7.265754e-03 
 2.024243e+01  7.225170e-03 
 2.024283e+01  7.185314e-03 
 2.024322e+01  7.146401e-03 
 2.024362e+01  7.108617e-03 
 2.024402e+01  7.072134e-03 
 2.024442e+01  7.037147e-03 
 2.024482e+01  7.003759e-03 
 2.024521e+01  6.971839e-03 
 2.024561e+01  6.941251e-03 
 2.024601e+01  6.911948e-03 
 2.024641e+01  6.883758e-03 
 2.024680e+01  6.856454e-03 
 2.024720e+01  6.829962e-03 
 2.024760e+01  6.804042e-03 
 2.024800e+01  6.778334e-03 
 2.024839e+01  6.752514e-03 
 2.024879e+01  6.726277e-03 
 2.024919e+01  6.699210e-03 
 2.024959e+01  6.670933e-03 
 2.024999e+01  6.641130e-03 
 2.025038e+01  6.609634e-03 
 2.025078e+01  6.576357e-03 
 2.025118e+01  6.541281e-03 
 2.025158e+01  6.504306e-03 
 2.025197e+01  6.465493e-03 
 2.025237e+01  6.424861e-03 
 2.025277e+01  6.382592e-03 
 2.025317e+01  6.338929e-03 
 2.025356e+01  6.294185e-03 
 2.025396e+01  6.248592e-03 
 2.025436e+01  6.202279e-03 
 2.025476e+01  6.155554e-03 
 2.025516e+01  6.108782e-03 
 2.025555e+01  6.062139e-03 
 2.025595e+01  6.015780e-03 
 2.025635e+01  5.969758e-03 
 2.025675e+01  5.923913e-03 
 2.025714e+01  5.878120e-03 
 2.025754e+01  5.832444e-03 
 2.025794e+01  5.787016e-03 
 2.025834e+01  5.742046e-03 
 2.025873e+01  5.697744e-03 
 2.025913e+01  5.654274e-03 
 2.025953e+01  5.611823e-03 
 2.025993e+01  5.570460e-03 
 2.026033e+01  5.530176e-03 
 2.026072e+01  5.490934e-03 
 2.026112e+01  5.452643e-03 
 2.026152e+01  5.415178e-03 
 2.026192e+01  5.378464e-03 
 2.026231e+01  5.342529e-03 
 2.026271e+01  5.307338e-03 
 2.026311e+01  5.272974e-03 
 2.026351e+01  5.239595e-03 
 2.026390e+01  5.207201e-03 
 2.026430e+01  5.175895e-03 
 2.026470e+01  5.145676e-03 
 2.026510e+01  5.116470e-03 
 2.026550e+01  5.087978e-03 
 2.026589e+01  5.059937e-03 
 2.026629e+01  5.032039e-03 
 2.026669e+01  5.004042e-03 
 2.026709e+01  4.975825e-03 
 2.026748e+01  4.947219e-03 
 2.026788e+01  4.918081e-03 
 2.026828e+01  4.888397e-03 
 2.026868e+01  4.858086e-03 
 2.026907e+01  4.827118e-03 
 2.026947e+01  4.795573e-03 
 2.026987e+01  4.763693e-03 
 2.027027e+01  4.731674e-03 
 2.027067e+01  4.699973e-03 
 2.027106e+01  4.669135e-03 
 2.027146e+01  4.639537e-03 
 2.027186e+01  4.611158e-03 
 2.027226e+01  4.584023e-03 
 2.027265e+01  4.558102e-03 
 2.027305e+01  4.533329e-03 
 2.027345e+01  4.509464e-03 
 2.027385e+01  4.486303e-03 
 2.027424e+01  4.463749e-03 
 2.027464e+01  4.441417e-03 
 2.027504e+01  4.419186e-03 
 2.027544e+01  4.397059e-03 
 2.027584e+01  4.374930e-03 
 2.027623e+01  4.352900e-03 
 2.027663e+01  4.331237e-03 
 2.027703e+01  4.310369e-03 
 2.027743e+01  4.290683e-03 
 2.027782e+01  4.272283e-03 
 2.027822e+01  4.255390e-03 
 2.027862e+01  4.240091e-03 
 2.027902e+01  4.226471e-03 
 2.027941e+01  4.214684e-03 
 2.027981e+01  4.204931e-03 
 2.028021e+01  4.197188e-03 
 2.028061e+01  4.191291e-03 
 2.028101e+01  4.187144e-03 
 2.028140e+01  4.184557e-03 
 2.028180e+01  4.183288e-03 
 2.028220e+01  4.183234e-03 
 2.028260e+01  4.184139e-03 
 2.028299e+01  4.185667e-03 
 2.028339e+01  4.187777e-03 
 2.028379e+01  4.190290e-03 
 2.028419e+01  4.193368e-03 
 2.028458e+01  4.196218e-03 
 2.028498e+01  4.198512e-03 
 2.028538e+01  4.200661e-03 
 2.028578e+01  4.202405e-03 
 2.028618e+01  4.202755e-03 
 2.028657e+01  4.202502e-03 
 2.028697e+01  4.200853e-03 
 2.028737e+01  4.197416e-03 
 2.028777e+01  4.192376e-03 
 2.028816e+01  4.185676e-03 
 2.028856e+01  4.178113e-03 
 2.028896e+01  4.169626e-03 
 2.028936e+01  4.160277e-03 
 2.028975e+01  4.149613e-03 
 2.029015e+01  4.137648e-03 
 2.029055e+01  4.124771e-03 
 2.029095e+01  4.110990e-03 
 2.029135e+01  4.096473e-03 
 2.029174e+01  4.081458e-03 
 2.029214e+01  4.065717e-03 
 2.029254e+01  4.049882e-03 
 2.029294e+01  4.033592e-03 
 2.029333e+01  4.017164e-03 
 2.029373e+01  4.000951e-03 
 2.029413e+01  3.984895e-03 
 2.029453e+01  3.969421e-03 
 2.029492e+01  3.955028e-03 
 2.029532e+01  3.941879e-03 
 2.029572e+01  3.930036e-03 
 2.029612e+01  3.920005e-03 
 2.029652e+01  3.912326e-03 
 2.029691e+01  3.906861e-03 
 2.029731e+01  3.903923e-03 
 2.029771e+01  3.903975e-03 
 2.029811e+01  3.907018e-03 
 2.029850e+01  3.913371e-03 
 2.029890e+01  3.922929e-03 
 2.029930e+01  3.935456e-03 
 2.029970e+01  3.951263e-03 
 2.030009e+01  3.970538e-03 
 2.030049e+01  3.992853e-03 
 2.030089e+01  4.017356e-03 
 2.030129e+01  4.043044e-03 
 2.030169e+01  4.069577e-03 
 2.030208e+01  4.096400e-03 
 2.030248e+01  4.123437e-03 
 2.030288e+01  4.150676e-03 
 2.030328e+01  4.177994e-03 
 2.030367e+01  4.205260e-03 
 2.030407e+01  4.232853e-03 
 2.030447e+01  4.261862e-03 
 2.030487e+01  4.291978e-03 
 2.030526e+01  4.322521e-03 
 2.030566e+01  4.353390e-03 
 2.030606e+01  4.384814e-03 
 2.030646e+01  4.416324e-03 
 2.030686e+01  4.448429e-03 
 2.030725e+01  4.481195e-03 
 2.030765e+01  4.513989e-03 
 2.030805e+01  4.546712e-03 
 2.030845e+01  4.578937e-03 
 2.030884e+01  4.611111e-03 
 2.030924e+01  4.642647e-03 
 2.030964e+01  4.673501e-03 
 2.031004e+01  4.703359e-03 
 2.031044e+01  4.732392e-03 
 2.031083e+01  4.760614e-03 
 2.031123e+01  4.787755e-03 
 2.031163e+01  4.814043e-03 
 2.031203e+01  4.839756e-03 
 2.031242e+01  4.865539e-03 
 2.031282e+01  4.891332e-03 
 2.031322e+01  4.916812e-03 
 2.031362e+01  4.942679e-03 
 2.031401e+01  4.968691e-03 
 2.031441e+01  4.994973e-03 
 2.031481e+01  5.021535e-03 
 2.031521e+01  5.048803e-03 
 2.031561e+01  5.076793e-03 
 2.031600e+01  5.105214e-03 
 2.031640e+01  5.134419e-03 
 2.031680e+01  5.164013e-03 
 2.031720e+01  5.193661e-03 
 2.031759e+01  5.222933e-03 
 2.031799e+01  5.251747e-03 
 2.031839e+01  5.279993e-03 
 2.031879e+01  5.307733e-03 
 2.031918e+01  5.334945e-03 
 2.031958e+01  5.361172e-03 
 2.031998e+01  5.386245e-03 
 2.032038e+01  5.410220e-03 
 2.032078e+01  5.432991e-03 
 2.032117e+01  5.454633e-03 
 2.032157e+01  5.475183e-03 
 2.032197e+01  5.495092e-03 
 2.032237e+01  5.514443e-03 
 2.032276e+01  5.532959e-03 
 2.032316e+01  5.550660e-03 
 2.032356e+01  5.567384e-03 
 2.032396e+01  5.583260e-03 
 2.032435e+01  5.598364e-03 
 2.032475e+01  5.612399e-03 
 2.032515e+01  5.625219e-03 
 2.032555e+01  5.636525e-03 
 2.032595e+01  5.646130e-03 
 2.032634e+01  5.654036e-03 
 2.032674e+01  5.660343e-03 
 2.032714e+01  5.664935e-03 
 2.032754e+01  5.667872e-03 
 2.032793e+01  5.669859e-03 
 2.032833e+01  5.670863e-03 
 2.032873e+01  5.671034e-03 
 2.032913e+01  5.669939e-03 
 2.032952e+01  5.667466e-03 
 2.032992e+01  5.663642e-03 
 2.033032e+01  5.658813e-03 
 2.033072e+01  5.653500e-03 
 2.033112e+01  5.647905e-03 
 2.033151e+01  5.642167e-03 
 2.033191e+01  5.636210e-03 
 2.033231e+01  5.630575e-03 
 2.033271e+01  5.625350e-03 
 2.033310e+01  5.620579e-03 
 2.033350e+01  5.616246e-03 
 2.033390e+01  5.612076e-03 
 2.033430e+01  5.607971e-03 
 2.033469e+01  5.603449e-03 
 2.033509e+01  5.598564e-03 
 2.033549e+01  5.593390e-03 
 2.033589e+01  5.587919e-03 
 2.033629e+01  5.582050e-03 
 2.033668e+01  5.575583e-03 
 2.033708e+01  5.568526e-03 
 2.033748e+01  5.560728e-03 
 2.033788e+01  5.552132e-03 
 2.033827e+01  5.542233e-03 
 2.033867e+01  5.530981e-03 
 2.033907e+01  5.518485e-03 
 2.033947e+01  5.504884e-03 
 2.033986e+01  5.490618e-03 
 2.034026e+01  5.475824e-03 
 2.034066e+01  5.460280e-03 
 2.034106e+01  5.443257e-03 
 2.034146e+01  5.424595e-03 
 2.034185e+01  5.403938e-03 
 2.034225e+01  5.381192e-03 
 2.034265e+01  5.356160e-03 
 2.034305e+01  5.328656e-03 
 2.034344e+01  5.298671e-03 
 2.034384e+01  5.266452e-03 
 2.034424e+01  5.232052e-03 
 2.034464e+01  5.195373e-03 
 2.034503e+01  5.156510e-03 
 2.034543e+01  5.115560e-03 
 2.034583e+01  5.072929e-03 
 2.034623e+01  5.029284e-03 
 2.034663e+01  4.985125e-03 
 2.034702e+01  4.940518e-03 
 2.034742e+01  4.895592e-03 
 2.034782e+01  4.850724e-03 
 2.034822e+01  4.806513e-03 
 2.034861e+01  4.763080e-03 
 2.034901e+01  4.720587e-03 
 2.034941e+01  4.679194e-03 
 2.034981e+01  4.638881e-03 
 2.035020e+01  4.599681e-03 
 2.035060e+01  4.561788e-03 
 2.035100e+01  4.525442e-03 
 2.035140e+01  4.490690e-03 
 2.035180e+01  4.457827e-03 
 2.035219e+01  4.426840e-03 
 2.035259e+01  4.397811e-03 
 2.035299e+01  4.370406e-03 
 2.035339e+01  4.344312e-03 
 2.035378e+01  4.319489e-03 
 2.035418e+01  4.295960e-03 
 2.035458e+01  4.273531e-03 
 2.035498e+01  4.252130e-03 
 2.035537e+01  4.231491e-03 
 2.035577e+01  4.211433e-03 
 2.035617e+01  4.191576e-03 
 2.035657e+01  4.171309e-03 
 2.035697e+01  4.150371e-03 
 2.035736e+01  4.128632e-03 
 2.035776e+01  4.106140e-03 
 2.035816e+01  4.082946e-03 
 2.035856e+01  4.059101e-03 
 2.035895e+01  4.034473e-03 
 2.035935e+01  4.009133e-03 
 2.035975e+01  3.982929e-03 
 2.036015e+01  3.955728e-03 
 2.036054e+01  3.927419e-03 
 2.036094e+01  3.897997e-03 
 2.036134e+01  3.867295e-03 
 2.036174e+01  3.835118e-03 
 2.036214e+01  3.801534e-03 
 2.036253e+01  3.766411e-03 
 2.036293e+01  3.729547e-03 
 2.036333e+01  3.690968e-03 
 2.036373e+01  3.650908e-03 
 2.036412e+01  3.609514e-03 
 2.036452e+01  3.566882e-03 
 2.036492e+01  3.523144e-03 
 2.036532e+01  3.478534e-03 
 2.036571e+01  3.433592e-03 
 2.036611e+01  3.388945e-03 
 2.036651e+01  3.344983e-03 
 2.036691e+01  3.302050e-03 
 2.036731e+01  3.260285e-03 
 2.036770e+01  3.219761e-03 
 2.036810e+01  3.180659e-03 
 2.036850e+01  3.143007e-03 
 2.036890e+01  3.106796e-03 
 2.036929e+01  3.071765e-03 
 2.036969e+01  3.037874e-03 
 2.037009e+01  3.005329e-03 
 2.037049e+01  2.974201e-03 
 2.037088e+01  2.944327e-03 
 2.037128e+01  2.915702e-03 
 2.037168e+01  2.888604e-03 
 2.037208e+01  2.863246e-03 
 2.037248e+01  2.839771e-03 
 2.037287e+01  2.818194e-03 
 2.037327e+01  2.798380e-03 
 2.037367e+01  2.779916e-03 
 2.037407e+01  2.762651e-03 
 2.037446e+01  2.746475e-03 
 2.037486e+01  2.731636e-03 
 2.037526e+01  2.718085e-03 
 2.037566e+01  2.705676e-03 
 2.037605e+01  2.694245e-03 
 2.037645e+01  2.683412e-03 
 2.037685e+01  2.673006e-03 
 2.037725e+01  2.662728e-03 
 2.037765e+01  2.652448e-03 
 2.037804e+01  2.642095e-03 
 2.037844e+01  2.631471e-03 
 2.037884e+01  2.620464e-03 
 2.037924e+01  2.609228e-03 
 2.037963e+01  2.597782e-03 
 2.038003e+01  2.585743e-03 
 2.038043e+01  2.572689e-03 
 2.038083e+01  2.558386e-03 
 2.038122e+01  2.542815e-03 
 2.038162e+01  2.526170e-03 
 2.038202e+01  2.508743e-03 
 2.038242e+01  2.490508e-03 
 2.038282e+01  2.471548e-03 
 2.038321e+01  2.452075e-03 
 2.038361e+01  2.432305e-03 
 2.038401e+01  2.412476e-03 
 2.038441e+01  2.392775e-03 
 2.038480e+01  2.373176e-03 
 2.038520e+01  2.353679e-03 
 2.038560e+01  2.334243e-03 
 2.038600e+01  2.314897e-03 
 2.038639e+01  2.295460e-03 
 2.038679e+01  2.275875e-03 
 2.038719e+01  2.256234e-03 
 2.038759e+01  2.236925e-03 
 2.038799e+01  2.218082e-03 
 2.038838e+01  2.199773e-03 
 2.038878e+01  2.181941e-03 
 2.038918e+01  2.164413e-03 
 2.038958e+01  2.146995e-03 
 2.038997e+01  2.129846e-03 
 2.039037e+01  2.113129e-03 
 2.039077e+01  2.096930e-03 
 2.039117e+01  2.081548e-03 
 2.039156e+01  2.067241e-03 
 2.039196e+01  2.054154e-03 
 2.039236e+01  2.042246e-03 
 2.039276e+01  2.031288e-03 
 2.039316e+01  2.021196e-03 
 2.039355e+01  2.012244e-03 
 2.039395e+01  2.004655e-03 
 2.039435e+01  1.998578e-03 
 2.039475e+01  1.994027e-03 
 2.039514e+01  1.990596e-03 
 2.039554e+01  1.988085e-03 
 2.039594e+01  1.986188e-03 
 2.039634e+01  1.984575e-03 
 2.039673e+01  1.983011e-03 
 2.039713e+01  1.981361e-03 
 2.039753e+01  1.979766e-03 
 2.039793e+01  1.978131e-03 
 2.039833e+01  1.976546e-03 
 2.039872e+01  1.975039e-03 
 2.039912e+01  1.973540e-03 
 2.039952e+01  1.972321e-03 
 2.039992e+01  1.971586e-03 
 2.040031e+01  1.971512e-03 
 2.040071e+01  1.972315e-03 
 2.040111e+01  1.974028e-03 
 2.040151e+01  1.976731e-03 
 2.040191e+01  1.980428e-03 
 2.040230e+01  1.985070e-03 
 2.040270e+01  1.990610e-03 
 2.040310e+01  1.997229e-03 
 2.040350e+01  2.005261e-03 
 2.040389e+01  2.014543e-03 
 2.040429e+01  2.024994e-03 
 2.040469e+01  2.036519e-03 
 2.040509e+01  2.049031e-03 
 2.040548e+01  2.062515e-03 
 2.040588e+01  2.077137e-03 
 2.040628e+01  2.092944e-03 
 2.040668e+01  2.110071e-03 
 2.040708e+01  2.128481e-03 
 2.040747e+01  2.148282e-03 
 2.040787e+01  2.169438e-03 
 2.040827e+01  2.191700e-03 
 2.040867e+01  2.214795e-03 
 2.040906e+01  2.238412e-03 
 2.040946e+01  2.262404e-03 
 2.040986e+01  2.286986e-03 
 2.041026e+01  2.312177e-03 
 2.041065e+01  2.337960e-03 
 2.041105e+01  2.364259e-03 
 2.041145e+01  2.390787e-03 
 2.041185e+01  2.417594e-03 
 2.041225e+01  2.444532e-03 
 2.041264e+01  2.471334e-03 
 2.041304e+01  2.497655e-03 
 2.041344e+01  2.523123e-03 
 2.041384e+01  2.547659e-03 
 2.041423e+01  2.571131e-03 
 2.041463e+01  2.593498e-03 
 2.041503e+01  2.614646e-03 
 2.041543e+01  2.634818e-03 
 2.041582e+01  2.654167e-03 
 2.041622e+01  2.672928e-03 
 2.041662e+01  2.691364e-03 
 2.041702e+01  2.709667e-03 
 2.041742e+01  2.727707e-03 
 2.041781e+01  2.745267e-03 
 2.041821e+01  2.762380e-03 
 2.041861e+01  2.778895e-03 
 2.041901e+01  2.794663e-03 
 2.041940e+01  2.809801e-03 
 2.041980e+01  2.824548e-03 
 2.042020e+01  2.838985e-03 
 2.042060e+01  2.853343e-03 
 2.042099e+01  2.867920e-03 
 2.042139e+01  2.882787e-03 
 2.042179e+01  2.897936e-03 
 2.042219e+01  2.913457e-03 
 2.042259e+01  2.929285e-03 
 2.042298e+01  2.945523e-03 
 2.042338e+01  2.962311e-03 
 2.042378e+01  2.979624e-03 
 2.042418e+01  2.997266e-03 
 2.042457e+01  3.015063e-03 
 2.042497e+01  3.032875e-03 
 2.042537e+01  3.050625e-03 
 2.042577e+01  3.068390e-03 
 2.042616e+01  3.086180e-03 
 2.042656e+01  3.104168e-03 
 2.042696e+01  3.122463e-03 
 2.042736e+01  3.141036e-03 
 2.042776e+01  3.159580e-03 
 2.042815e+01  3.177709e-03 
 2.042855e+01  3.195254e-03 
 2.042895e+01  3.211805e-03 
 2.042935e+01  3.227386e-03 
 2.042974e+01  3.242109e-03 
 2.043014e+01  3.255807e-03 
 2.043054e+01  3.268271e-03 
 2.043094e+01  3.279328e-03 
 2.043133e+01  3.288628e-03 
 2.043173e+01  3.295893e-03 
 2.043213e+01  3.300947e-03 
 2.043253e+01  3.303767e-03 
 2.043293e+01  3.304444e-03 
 2.043332e+01  3.303245e-03 
 2.043372e+01  3.300499e-03 
 2.043412e+01  3.296482e-03 
 2.043452e+01  3.291366e-03 
 2.043491e+01  3.285376e-03 
 2.043531e+01  3.278723e-03 
 2.043571e+01  3.271575e-03 
 2.043611e+01  3.263977e-03 
 2.043650e+01  3.255545e-03 
 2.043690e+01  3.245882e-03 
 2.043730e+01  3.234638e-03 
 2.043770e+01  3.221542e-03 
 2.043810e+01  3.206921e-03 
 2.043849e+01  3.191083e-03 
 2.043889e+01  3.174575e-03 
 2.043929e+01  3.157725e-03 
 2.043969e+01  3.140653e-03 
 2.044008e+01  3.123162e-03 
 2.044048e+01  3.104709e-03 
 2.044088e+01  3.085061e-03 
 2.044128e+01  3.063979e-03 
 2.044167e+01  3.041515e-03 
 2.044207e+01  3.017860e-03 
 2.044247e+01  2.993056e-03 
 2.044287e+01  2.967396e-03 
 2.044327e+01  2.940732e-03 
 2.044366e+01  2.913020e-03 
 2.044406e+01  2.883933e-03 
 2.044446e+01  2.853402e-03 
 2.044486e+01  2.821655e-03 
 2.044525e+01  2.789045e-03 
 2.044565e+01  2.755925e-03 
 2.044605e+01  2.722370e-03 
 2.044645e+01  2.688395e-03 
 2.044684e+01  2.653939e-03 
 2.044724e+01  2.619240e-03 
 2.044764e+01  2.584728e-03 
 2.044804e+01  2.550679e-03 
 2.044844e+01  2.517319e-03 
 2.044883e+01  2.484712e-03 
 2.044923e+01  2.452853e-03 
 2.044963e+01  2.421382e-03 
 2.045003e+01  2.390035e-03 
 2.045042e+01  2.358478e-03 
 2.045082e+01  2.326611e-03 
 2.045122e+01  2.294644e-03 
 2.045162e+01  2.262847e-03 
 2.045201e+01  2.231509e-03 
 2.045241e+01  2.200618e-03 
 2.045281e+01  2.170064e-03 
 2.045321e+01  2.139755e-03 
 2.045361e+01  2.109631e-03 
 2.045400e+01  2.079982e-03 
 2.045440e+01  2.051028e-03 
 2.045480e+01  2.023054e-03 
 2.045520e+01  1.996248e-03 
 2.045559e+01  1.970730e-03 
 2.045599e+01  1.946615e-03 
 2.045639e+01  1.923754e-03 
 2.045679e+01  1.901946e-03 
 2.045718e+01  1.881309e-03 
 2.045758e+01  1.862014e-03 
 2.045798e+01  1.844154e-03 
 2.045838e+01  1.827610e-03 
 2.045878e+01  1.812303e-03 
 2.045917e+01  1.797906e-03 
 2.045957e+01  1.784122e-03 
 2.045997e+01  1.770927e-03 
 2.046037e+01  1.758374e-03 
 2.046076e+01  1.746466e-03 
 2.046116e+01  1.735104e-03 
 2.046156e+01  1.724358e-03 
 2.046196e+01  1.714146e-03 
 2.046235e+01  1.704240e-03 
 2.046275e+01  1.694359e-03 
 2.046315e+01  1.684310e-03 
 2.046355e+01  1.674003e-03 
 2.046395e+01  1.663312e-03 
 2.046434e+01  1.651967e-03 
 2.046474e+01  1.639760e-03 
 2.046514e+01  1.626447e-03 
 2.046554e+01  1.611606e-03 
 2.046593e+01  1.594946e-03 
 2.046633e+01  1.576487e-03 
 2.046673e+01  1.556114e-03 
 2.046713e+01  1.533892e-03 
 2.046752e+01  1.509925e-03 
 2.046792e+01  1.484197e-03 
 2.046832e+01  1.456596e-03 
 2.046872e+01  1.427070e-03 
 2.046912e+01  1.395751e-03 
 2.046951e+01  1.362762e-03 
 2.046991e+01  1.328408e-03 
 2.047031e+01  1.292966e-03 
 2.047071e+01  1.256748e-03 
 2.047110e+01  1.219917e-03 
 2.047150e+01  1.182575e-03 
 2.047190e+01  1.144858e-03 
 2.047230e+01  1.106752e-03 
 2.047269e+01  1.068340e-03 
 2.047309e+01  1.029864e-03 
 2.047349e+01  9.915552e-04 
 2.047389e+01  9.536532e-04 
 2.047429e+01  9.164631e-04 
 2.047468e+01  8.803522e-04 
 2.047508e+01  8.454816e-04 
 2.047548e+01  8.119747e-04 
 2.047588e+01  7.799184e-04 
 2.047627e+01  7.494598e-04 
 2.047667e+01  7.207259e-04 
 2.047707e+01  6.938552e-04 
 2.047747e+01  6.690076e-04 
 2.047786e+01  6.464169e-04 
 2.047826e+01  6.260820e-04 
 2.047866e+01  6.078863e-04 
 2.047906e+01  5.917242e-04 
 2.047946e+01  5.774189e-04 
 2.047985e+01  5.648166e-04 
 2.048025e+01  5.537744e-04 
 2.048065e+01  5.440558e-04 
 2.048105e+01  5.355895e-04 
 2.048144e+01  5.281384e-04 
 2.048184e+01  5.213381e-04 
 2.048224e+01  5.149765e-04 
 2.048264e+01  5.088122e-04 
 2.048303e+01  5.025334e-04 
 2.048343e+01  4.960009e-04 
 2.048383e+01  4.889826e-04 
 2.048423e+01  4.813246e-04 
 2.048463e+01  4.727529e-04 
 2.048502e+01  4.630256e-04 
 2.048542e+01  4.520756e-04 
 2.048582e+01  4.398015e-04 
 2.048622e+01  4.262519e-04 
 2.048661e+01  4.116289e-04 
 2.048701e+01  3.962520e-04 
 2.048741e+01  3.803646e-04 
 2.048781e+01  3.640391e-04 
 2.048820e+01  3.472784e-04 
 2.048860e+01  3.300872e-04 
 2.048900e+01  3.126319e-04 
 2.048940e+01  2.951180e-04 
 2.048980e+01  2.778338e-04 
 2.049019e+01  2.611167e-04 
 2.049059e+01  2.452386e-04 
 2.049099e+01  2.301782e-04 
 2.049139e+01  2.158138e-04 
 2.049178e+01  2.018177e-04 
 2.049218e+01  1.877502e-04 
 2.049258e+01  1.733844e-04 
 2.049298e+01  1.587034e-04 
 2.049338e+01  1.437821e-04 
 2.049377e+01  1.289977e-04 
 2.049417e+01  1.146053e-04 
 2.049457e+01  1.007363e-04 
 2.049497e+01  8.742101e-05 
 2.049536e+01  7.500527e-05 
 2.049576e+01  6.361820e-05 
 2.049616e+01  5.344357e-05 
 2.049656e+01  4.478970e-05 
 2.049695e+01  3.790258e-05 
 2.049735e+01  3.277853e-05 
 2.049775e+01  2.935441e-05 
 2.049815e+01  2.756479e-05 
 2.049855e+01  2.737969e-05 
 2.049894e+01  2.872921e-05 
 2.049934e+01  3.181372e-05 
 2.049974e+01  3.672308e-05 
 2.050014e+01  4.349966e-05 
 2.050053e+01  5.204566e-05 
 2.050093e+01  6.225034e-05 
 2.050133e+01  7.406567e-05 
 2.050173e+01  8.747341e-05 
 2.050212e+01  1.022811e-04 
 2.050252e+01  1.185911e-04 
 2.050292e+01  1.364069e-04 
 2.050332e+01  1.557361e-04 
 2.050372e+01  1.762889e-04 
 2.050411e+01  1.977936e-04 
 2.050451e+01  2.197540e-04 
 2.050491e+01  2.418374e-04 
 2.050531e+01  2.639197e-04 
 2.050570e+01  2.859797e-04 
 2.050610e+01  3.079468e-04 
 2.050650e+01  3.297709e-04 
 2.050690e+01  3.513488e-04 
 2.050729e+01  3.725177e-04 
 2.050769e+01  3.932054e-04 
 2.050809e+01  4.134366e-04 
 2.050849e+01  4.333455e-04 
 2.050889e+01  4.529656e-04 
 2.050928e+01  4.725815e-04 
 2.050968e+01  4.924280e-04 
 2.051008e+01  5.125142e-04 
 2.051048e+01  5.328638e-04 
 2.051087e+01  5.534867e-04 
 2.051127e+01  5.745490e-04 
 2.051167e+01  5.960198e-04 
 2.051207e+01  6.179311e-04 
 2.051246e+01  6.402192e-04 
 2.051286e+01  6.626649e-04 
 2.051326e+01  6.851235e-04 
 2.051366e+01  7.074073e-04 
 2.051406e+01  7.296772e-04 
 2.051445e+01  7.519777e-04 
 2.051485e+01  7.744919e-04 
 2.051525e+01  7.975652e-04 
 2.051565e+01  8.213671e-04 
 2.051604e+01  8.459237e-04 
 2.051644e+01  8.710734e-04 
 2.051684e+01  8.967330e-04 
 2.051724e+01  9.227525e-04 
 2.051763e+01  9.491506e-04 
 2.051803e+01  9.759999e-04 
 2.051843e+01  1.003418e-03 
 2.051883e+01  1.031500e-03 
 2.051923e+01  1.060060e-03 
 2.051962e+01  1.088820e-03 
 2.052002e+01  1.117383e-03 
 2.052042e+01  1.145276e-03 
 2.052082e+01  1.172308e-03 
 2.052121e+01  1.198309e-03 
 2.052161e+01  1.223351e-03 
 2.052201e+01  1.247662e-03 
 2.052241e+01  1.271200e-03 
 2.052280e+01  1.293980e-03 
 2.052320e+01  1.316123e-03 
 2.052360e+01  1.337555e-03 
 2.052400e+01  1.358133e-03 
 2.052440e+01  1.377683e-03 
 2.052479e+01  1.396117e-03 
 2.052519e+01  1.413273e-03 
 2.052559e+01  1.428853e-03 
 2.052599e+01  1.442871e-03 
 2.052638e+01  1.455187e-03 
 2.052678e+01  1.465769e-03 
 2.052718e+01  1.474767e-03 
 2.052758e+01  1.482426e-03 
 2.052797e+01  1.488929e-03 
 2.052837e+01  1.494578e-03 
 2.052877e+01  1.499518e-03 
 2.052917e+01  1.503915e-03 
 2.052957e+01  1.507946e-03 
 2.052996e+01  1.511781e-03 
 2.053036e+01  1.515492e-03 
 2.053076e+01  1.519314e-03 
 2.053116e+01  1.523519e-03 
 2.053155e+01  1.528396e-03 
 2.053195e+01  1.534147e-03 
 2.053235e+01  1.540963e-03 
 2.053275e+01  1.548865e-03 
 2.053314e+01  1.557826e-03 
 2.053354e+01  1.567603e-03 
 2.053394e+01  1.577922e-03 
 2.053434e+01  1.588472e-03 
 2.053474e+01  1.598990e-03 
 2.053513e+01  1.609099e-03 
 2.053553e+01  1.618664e-03 
 2.053593e+01  1.627616e-03 
 2.053633e+01  1.635701e-03 
 2.053672e+01  1.642841e-03 
 2.053712e+01  1.648870e-03 
 2.053752e+01  1.653731e-03 
 2.053792e+01  1.657411e-03 
 2.053831e+01  1.659935e-03 
 2.053871e+01  1.661368e-03 
 2.053911e+01  1.661745e-03 
 2.053951e+01  1.661037e-03 
 2.053991e+01  1.659237e-03 
 2.054030e+01  1.656348e-03 
 2.054070e+01  1.652572e-03 
 2.054110e+01  1.648002e-03 
 2.054150e+01  1.642751e-03 
 2.054189e+01  1.636897e-03 
 2.054229e+01  1.630466e-03 
 2.054269e+01  1.623261e-03 
 2.054309e+01  1.614984e-03 
 2.054348e+01  1.605403e-03 
 2.054388e+01  1.594361e-03 
 2.054428e+01  1.581761e-03 
 2.054468e+01  1.567774e-03 
 2.054508e+01  1.552760e-03 
 2.054547e+01  1.536728e-03 
 2.054587e+01  1.519707e-03 
 2.054627e+01  1.501510e-03 
 2.054667e+01  1.482048e-03 
 2.054706e+01  1.461130e-03 
 2.054746e+01  1.438611e-03 
 2.054786e+01  1.414412e-03 
 2.054826e+01  1.388236e-03 
 2.054865e+01  1.360141e-03 
 2.054905e+01  1.330073e-03 
 2.054945e+01  1.298206e-03 
 2.054985e+01  1.264933e-03 
 2.055025e+01  1.230745e-03 
 2.055064e+01  1.196197e-03 
 2.055104e+01  1.161593e-03 
 2.055144e+01  1.127202e-03 
 2.055184e+01  1.093095e-03 
 2.055223e+01  1.059206e-03 
 2.055263e+01  1.025431e-03 
 2.055303e+01  9.918828e-04 
 2.055343e+01  9.586823e-04 
 2.055382e+01  9.259341e-04 
 2.055422e+01  8.935823e-04 
 2.055462e+01  8.615977e-04 
 2.055502e+01  8.298748e-04 
 2.055542e+01  7.983152e-04 
 2.055581e+01  7.669546e-04 
 2.055621e+01  7.359115e-04 
 2.055661e+01  7.054052e-04 
 2.055701e+01  6.756803e-04 
 2.055740e+01  6.471225e-04 
 2.055780e+01  6.198814e-04 
 2.055820e+01  5.940900e-04 
 2.055860e+01  5.693866e-04 
 2.055899e+01  5.456682e-04 
 2.055939e+01  5.227496e-04 
 2.055979e+01  5.005560e-04 
 2.056019e+01  4.789751e-04 
 2.056059e+01  4.576867e-04 
 2.056098e+01  4.364080e-04 
 2.056138e+01  4.149822e-04 
 2.056178e+01  3.933095e-04 
 2.056218e+01  3.714372e-04 
 2.056257e+01  3.495051e-04 
 2.056297e+01  3.276605e-04 
 2.056337e+01  3.059869e-04 
 2.056377e+01  2.845909e-04 
 2.056416e+01  2.634172e-04 
 2.056456e+01  2.423429e-04 
 2.056496e+01  2.211812e-04 
 2.056536e+01  1.996427e-04 
 2.056576e+01  1.775595e-04 
 2.056615e+01  1.549559e-04 
 2.056655e+01  1.316254e-04 
 2.056695e+01  1.073909e-04 
 2.056735e+01  8.205055e-05 
 2.056774e+01  5.550332e-05 
 2.056814e+01  2.747142e-05 
 2.056854e+01 -2.051144e-06 
 2.056894e+01 -3.299171e-05 
 2.056933e+01 -6.525268e-05 
 2.056973e+01 -9.862525e-05 
 2.057013e+01 -1.330430e-04 
 2.057053e+01 -1.686601e-04 
 2.057093e+01 -2.051059e-04 
 2.057132e+01 -2.417940e-04 
 2.057172e+01 -2.789718e-04 
 2.057212e+01 -3.160466e-04 
 2.057252e+01 -3.532785e-04 
 2.057291e+01 -3.902603e-04 
 2.057331e+01 -4.269932e-04 
 2.057371e+01 -4.637016e-04 
 2.057411e+01 -4.999730e-04 
 2.057450e+01 -5.364104e-04 
 2.057490e+01 -5.730170e-04 
 2.057530e+01 -6.095234e-04 
 2.057570e+01 -6.460916e-04 
 2.057610e+01 -6.828638e-04 
 2.057649e+01 -7.200256e-04 
 2.057689e+01 -7.572870e-04 
 2.057729e+01 -7.945847e-04 
 2.057769e+01 -8.319138e-04 
 2.057808e+01 -8.689136e-04 
 2.057848e+01 -9.055738e-04 
 2.057888e+01 -9.417273e-04 
 2.057928e+01 -9.773403e-04 
 2.057967e+01 -1.012457e-03 
 2.058007e+01 -1.046782e-03 
 2.058047e+01 -1.080494e-03 
 2.058087e+01 -1.113707e-03 
 2.058127e+01 -1.146209e-03 
 2.058166e+01 -1.178050e-03 
 2.058206e+01 -1.209106e-03 
 2.058246e+01 -1.239268e-03 
 2.058286e+01 -1.268234e-03 
 2.058325e+01 -1.295750e-03 
 2.058365e+01 -1.321735e-03 
 2.058405e+01 -1.345614e-03 
 2.058445e+01 -1.367104e-03 
 2.058485e+01 -1.386182e-03 
 2.058524e+01 -1.402675e-03 
 2.058564e+01 -1.416667e-03 
 2.058604e+01 -1.428353e-03 
 2.058644e+01 -1.438065e-03 
 2.058683e+01 -1.445869e-03 
 2.058723e+01 -1.451932e-03 
 2.058763e+01 -1.456966e-03 
 2.058803e+01 -1.461333e-03 
 2.058842e+01 -1.465165e-03 
 2.058882e+01 -1.468781e-03 
 2.058922e+01 -1.472650e-03 
 2.058962e+01 -1.476880e-03 
 2.059002e+01 -1.481379e-03 
 2.059041e+01 -1.486111e-03 
 2.059081e+01 -1.490966e-03 
 2.059121e+01 -1.495557e-03 
 2.059161e+01 -1.499679e-03 
 2.059200e+01 -1.503675e-03 
 2.059240e+01 -1.507197e-03 
 2.059280e+01 -1.510066e-03 
 2.059320e+01 -1.512515e-03 
 2.059359e+01 -1.515161e-03 
 2.059399e+01 -1.517676e-03 
 2.059439e+01 -1.520134e-03 
 2.059479e+01 -1.522932e-03 
 2.059519e+01 -1.525710e-03 
 2.059558e+01 -1.529001e-03 
 2.059598e+01 -1.532929e-03 
 2.059638e+01 -1.537439e-03 
 2.059678e+01 -1.542124e-03 
 2.059717e+01 -1.546571e-03 
 2.059757e+01 -1.550883e-03 
 2.059797e+01 -1.554929e-03 
 2.059837e+01 -1.558653e-03 
 2.059876e+01 -1.562249e-03 
 2.059916e+01 -1.565519e-03 
 2.059956e+01 -1.568834e-03 
 2.059996e+01 -1.572268e-03 
 2.060036e+01 -1.575857e-03 
 2.060075e+01 -1.579632e-03 
 2.060115e+01 -1.583340e-03 
 2.060155e+01 -1.586832e-03 
 2.060195e+01 -1.590125e-03 
 2.060234e+01 -1.593077e-03 
 2.060274e+01 -1.595839e-03 
 2.060314e+01 -1.598136e-03 
 2.060354e+01 -1.599645e-03 
 2.060393e+01 -1.600111e-03 
 2.060433e+01 -1.599122e-03 
 2.060473e+01 -1.596636e-03 
 2.060513e+01 -1.592736e-03 
 2.060553e+01 -1.587446e-03 
 2.060592e+01 -1.580789e-03 
 2.060632e+01 -1.572685e-03 
 2.060672e+01 -1.563195e-03 
 2.060712e+01 -1.552298e-03 
 2.060751e+01 -1.539958e-03 
 2.060791e+01 -1.526001e-03 
 2.060831e+01 -1.510492e-03 
 2.060871e+01 -1.493483e-03 
 2.060910e+01 -1.475222e-03 
 2.060950e+01 -1.455983e-03 
 2.060990e+01 -1.435711e-03 
 2.061030e+01 -1.414131e-03 
 2.061070e+01 -1.391341e-03 
 2.061109e+01 -1.367128e-03 
 2.061149e+01 -1.341420e-03 
 2.061189e+01 -1.314211e-03 
 2.061229e+01 -1.285420e-03 
 2.061268e+01 -1.254665e-03 
 2.061308e+01 -1.221759e-03 
 2.061348e+01 -1.186864e-03 
 2.061388e+01 -1.150113e-03 
 2.061427e+01 -1.111602e-03 
 2.061467e+01 -1.071625e-03 
 2.061507e+01 -1.030482e-03 
 2.061547e+01 -9.884713e-04 
 2.061587e+01 -9.459185e-04 
 2.061626e+01 -9.031995e-04 
 2.061666e+01 -8.604804e-04 
 2.061706e+01 -8.179500e-04 
 2.061746e+01 -7.757333e-04 
 2.061785e+01 -7.341790e-04 
 2.061825e+01 -6.934149e-04 
 2.061865e+01 -6.533720e-04 
 2.061905e+01 -6.138656e-04 
 2.061944e+01 -5.748862e-04 
 2.061984e+01 -5.367351e-04 
 2.062024e+01 -4.994572e-04 
 2.062064e+01 -4.634253e-04 
 2.062104e+01 -4.286847e-04 
 2.062143e+01 -3.957993e-04 
 2.062183e+01 -3.645839e-04 
 2.062223e+01 -3.350306e-04 
 2.062263e+01 -3.070705e-04 
 2.062302e+01 -2.803351e-04 
 2.062342e+01 -2.548929e-04 
 2.062382e+01 -2.306506e-04 
 2.062422e+01 -2.077588e-04 
 2.062461e+01 -1.862793e-04 
 2.062501e+01 -1.658622e-04 
 2.062541e+01 -1.460858e-04 
 2.062581e+01 -1.265340e-04 
 2.062621e+01 -1.066615e-04 
 2.062660e+01 -8.630040e-05 
 2.062700e+01 -6.544422e-05 
 2.062740e+01 -4.440754e-05 
 2.062780e+01 -2.311715e-05 
 2.062819e+01 -2.068992e-06 
 2.062859e+01  1.859900e-05 
 2.062899e+01  3.881517e-05 
 2.062939e+01  5.827897e-05 
 2.062978e+01  7.690142e-05 
 2.063018e+01  9.447033e-05 
 2.063058e+01  1.108753e-04 
 2.063098e+01  1.260180e-04 
 2.063138e+01  1.396060e-04 
 2.063177e+01  1.516969e-04 
 2.063217e+01  1.627422e-04 
 2.063257e+01  1.727324e-04 
 2.063297e+01  1.818903e-04 
 2.063336e+01  1.902939e-04 
 2.063376e+01  1.978887e-04 
 2.063416e+01  2.048473e-04 
 2.063456e+01  2.112598e-04 
 2.063495e+01  2.175801e-04 
 2.063535e+01  2.238963e-04 
 2.063575e+01  2.302670e-04 
 2.063615e+01  2.369885e-04 
 2.063655e+01  2.441495e-04 
 2.063694e+01  2.515704e-04 
 2.063734e+01  2.591020e-04 
 2.063774e+01  2.666636e-04 
 2.063814e+01  2.742379e-04 
 2.063853e+01  2.819581e-04 
 2.063893e+01  2.900446e-04 
 2.063933e+01  2.986316e-04 
 2.063973e+01  3.076762e-04 
 2.064012e+01  3.171172e-04 
 2.064052e+01  3.270034e-04 
 2.064092e+01  3.372044e-04 
 2.064132e+01  3.473771e-04 
 2.064172e+01  3.571542e-04 
 2.064211e+01  3.662241e-04 
 2.064251e+01  3.742779e-04 
 2.064291e+01  3.809294e-04 
 2.064331e+01  3.860686e-04 
 2.064370e+01  3.896971e-04 
 2.064410e+01  3.920284e-04 
 2.064450e+01  3.931774e-04 
 2.064490e+01  3.933167e-04 
 2.064529e+01  3.925257e-04 
 2.064569e+01  3.908616e-04 
 2.064609e+01  3.882116e-04 
 2.064649e+01  3.846194e-04 
 2.064689e+01  3.801391e-04 
 2.064728e+01  3.747565e-04 
 2.064768e+01  3.685858e-04 
 2.064808e+01  3.617778e-04 
 2.064848e+01  3.542082e-04 
 2.064887e+01  3.457933e-04 
 2.064927e+01  3.362135e-04 
 2.064967e+01  3.252814e-04 
 2.065007e+01  3.129005e-04 
 2.065046e+01  2.988829e-04 
 2.065086e+01  2.833116e-04 
 2.065126e+01  2.658169e-04 
 2.065166e+01  2.466036e-04 
 2.065206e+01  2.262180e-04 
 2.065245e+01  2.047772e-04 
 2.065285e+01  1.823591e-04 
 2.065325e+01  1.590301e-04 
 2.065365e+01  1.350646e-04 
 2.065404e+01  1.107124e-04 
 2.065444e+01  8.621460e-05 
 2.065484e+01  6.135603e-05 
 2.065524e+01  3.636024e-05 
 2.065563e+01  1.076884e-05 
 2.065603e+01 -1.546474e-05 
 2.065643e+01 -4.218407e-05 
 2.065683e+01 -6.988604e-05 
 2.065723e+01 -9.831056e-05 
 2.065762e+01 -1.274677e-04 
 2.065802e+01 -1.568523e-04 
 2.065842e+01 -1.861795e-04 
 2.065882e+01 -2.156880e-04 
 2.065921e+01 -2.450771e-04 
 2.065961e+01 -2.744123e-04 
 2.066001e+01 -3.037836e-04 
 2.066041e+01 -3.331616e-04 
 2.066080e+01 -3.625463e-04 
 2.066120e+01 -3.918878e-04 
 2.066160e+01 -4.212483e-04 
 2.066200e+01 -4.507370e-04 
 2.066240e+01 -4.801046e-04 
 2.066279e+01 -5.095627e-04 
 2.066319e+01 -5.393266e-04 
 2.066359e+01 -5.694375e-04 
 2.066399e+01 -5.997601e-04 
 2.066438e+01 -6.300431e-04 
 2.066478e+01 -6.602319e-04 
 2.066518e+01 -6.900445e-04 
 2.066558e+01 -7.194333e-04 
 2.066597e+01 -7.483473e-04 
 2.066637e+01 -7.764403e-04 
 2.066677e+01 -8.035200e-04 
 2.066717e+01 -8.292415e-04 
 2.066757e+01 -8.534256e-04 
 2.066796e+01 -8.761471e-04 
 2.066836e+01 -8.978675e-04 
 2.066876e+01 -9.188722e-04 
 2.066916e+01 -9.394497e-04 
 2.066955e+01 -9.598261e-04 
 2.066995e+01 -9.802622e-04 
 2.067035e+01 -1.000874e-03 
 2.067075e+01 -1.021480e-03 
 2.067114e+01 -1.041923e-03 
 2.067154e+01 -1.062373e-03 
 2.067194e+01 -1.083088e-03 
 2.067234e+01 -1.104206e-03 
 2.067274e+01 -1.125952e-03 
 2.067313e+01 -1.148181e-03 
 2.067353e+01 -1.170874e-03 
 2.067393e+01 -1.193683e-03 
 2.067433e+01 -1.216597e-03 
 2.067472e+01 -1.239795e-03 
 2.067512e+01 -1.263347e-03 
 2.067552e+01 -1.287405e-03 
 2.067592e+01 -1.311956e-03 
 2.067632e+01 -1.337252e-03 
 2.067671e+01 -1.363252e-03 
 2.067711e+01 -1.389917e-03 
 2.067751e+01 -1.417248e-03 
 2.067791e+01 -1.445054e-03 
 2.067830e+01 -1.473423e-03 
 2.067870e+01 -1.502137e-03 
 2.067910e+01 -1.531177e-03 
 2.067950e+01 -1.560144e-03 
 2.067989e+01 -1.588548e-03 
 2.068029e+01 -1.616004e-03 
 2.068069e+01 -1.642362e-03 
 2.068109e+01 -1.667712e-03 
 2.068149e+01 -1.692372e-03 
 2.068188e+01 -1.716496e-03 
 2.068228e+01 -1.740541e-03 
 2.068268e+01 -1.764697e-03 
 2.068308e+01 -1.789168e-03 
 2.068347e+01 -1.814089e-03 
 2.068387e+01 -1.839631e-03 
 2.068427e+01 -1.865820e-03 
 2.068467e+01 -1.892445e-03 
 2.068506e+01 -1.919401e-03 
 2.068546e+01 -1.946386e-03 
 2.068586e+01 -1.973119e-03 
 2.068626e+01 -1.999280e-03 
 2.068666e+01 -2.024625e-03 
 2.068705e+01 -2.048925e-03 
 2.068745e+01 -2.072087e-03 
 2.068785e+01 -2.094104e-03 
 2.068825e+01 -2.114958e-03 
 2.068864e+01 -2.134664e-03 
 2.068904e+01 -2.153065e-03 
 2.068944e+01 -2.170100e-03 
 2.068984e+01 -2.185881e-03 
 2.069023e+01 -2.200541e-03 
 2.069063e+01 -2.213986e-03 
 2.069103e+01 -2.226091e-03 
 2.069143e+01 -2.236621e-03 
 2.069183e+01 -2.245329e-03 
 2.069222e+01 -2.252081e-03 
 2.069262e+01 -2.256891e-03 
 2.069302e+01 -2.259841e-03 
 2.069342e+01 -2.260906e-03 
 2.069381e+01 -2.260351e-03 
 2.069421e+01 -2.258487e-03 
 2.069461e+01 -2.255453e-03 
 2.069501e+01 -2.251249e-03 
 2.069540e+01 -2.245698e-03 
 2.069580e+01 -2.238548e-03 
 2.069620e+01 -2.229830e-03 
 2.069660e+01 -2.219780e-03 
 2.069700e+01 -2.208785e-03 
 2.069739e+01 -2.197078e-03 
 2.069779e+01 -2.184744e-03 
 2.069819e+01 -2.171781e-03 
 2.069859e+01 -2.158071e-03 
 2.069898e+01 -2.143621e-03 
 2.069938e+01 -2.128353e-03 
 2.069978e+01 -2.112155e-03 
 2.070018e+01 -2.095166e-03 
 2.070057e+01 -2.077743e-03 
 2.070097e+01 -2.060179e-03 
 2.070137e+01 -2.042688e-03 
 2.070177e+01 -2.025519e-03 
 2.070217e+01 -2.008994e-03 
 2.070256e+01 -1.993148e-03 
 2.070296e+01 -1.977818e-03 
 2.070336e+01 -1.963515e-03 
 2.070376e+01 -1.950386e-03 
 2.070415e+01 -1.938520e-03 
 2.070455e+01 -1.927932e-03 
 2.070495e+01 -1.918694e-03 
 2.070535e+01 -1.910746e-03 
 2.070574e+01 -1.903961e-03 
 2.070614e+01 -1.898104e-03 
 2.070654e+01 -1.892911e-03 
 2.070694e+01 -1.887968e-03 
 2.070734e+01 -1.882939e-03 
 2.070773e+01 -1.877704e-03 
 2.070813e+01 -1.871808e-03 
 2.070853e+01 -1.865124e-03 
 2.070893e+01 -1.857450e-03 
 2.070932e+01 -1.848905e-03 
 2.070972e+01 -1.839576e-03 
 2.071012e+01 -1.829373e-03 
 2.071052e+01 -1.818511e-03 
 2.071091e+01 -1.807203e-03 
 2.071131e+01 -1.795526e-03 
 2.071171e+01 -1.783640e-03 
 2.071211e+01 -1.771488e-03 
 2.071251e+01 -1.759017e-03 
 2.071290e+01 -1.746041e-03 
 2.071330e+01 -1.732218e-03 
 2.071370e+01 -1.717435e-03 
 2.071410e+01 -1.701420e-03 
 2.071449e+01 -1.683949e-03 
 2.071489e+01 -1.665063e-03 
 2.071529e+01 -1.644687e-03 
 2.071569e+01 -1.622817e-03 
 2.071608e+01 -1.599635e-03 
 2.071648e+01 -1.575343e-03 
 2.071688e+01 -1.550331e-03 
 2.071728e+01 -1.524705e-03 
 2.071768e+01 -1.498596e-03 
 2.071807e+01 -1.471858e-03 
 2.071847e+01 -1.444215e-03 
 2.071887e+01 -1.415578e-03 
 2.071927e+01 -1.385778e-03 
 2.071966e+01 -1.354589e-03 
 2.072006e+01 -1.321767e-03 
 2.072046e+01 -1.287261e-03 
 2.072086e+01 -1.251365e-03 
 2.072125e+01 -1.214172e-03 
 2.072165e+01 -1.175785e-03 
 2.072205e+01 -1.136327e-03 
 2.072245e+01 -1.096074e-03 
 2.072285e+01 -1.055420e-03 
 2.072324e+01 -1.014934e-03 
 2.072364e+01 -9.747683e-04 
 2.072404e+01 -9.351333e-04 
 2.072444e+01 -8.963194e-04 
 2.072483e+01 -8.584226e-04 
 2.072523e+01 -8.217323e-04 
 2.072563e+01 -7.864431e-04 
 2.072603e+01 -7.526936e-04 
 2.072642e+01 -7.203324e-04 
 2.072682e+01 -6.891569e-04 
 2.072722e+01 -6.592836e-04 
 2.072762e+01 -6.307182e-04 
 2.072802e+01 -6.034323e-04 
 2.072841e+01 -5.774172e-04 
 2.072881e+01 -5.529815e-04 
 2.072921e+01 -5.303159e-04 
 2.072961e+01 -5.095588e-04 
 2.073000e+01 -4.906605e-04 
 2.073040e+01 -4.733640e-04 
 2.073080e+01 -4.573686e-04 
 2.073120e+01 -4.424033e-04 
 2.073159e+01 -4.284153e-04 
 2.073199e+01 -4.150958e-04 
 2.073239e+01 -4.023807e-04 
 2.073279e+01 -3.899432e-04 
 2.073319e+01 -3.776398e-04 
 2.073358e+01 -3.653707e-04 
 2.073398e+01 -3.529471e-04 
 2.073438e+01 -3.401936e-04 
 2.073478e+01 -3.269111e-04 
 2.073517e+01 -3.129796e-04 
 2.073557e+01 -2.982236e-04 
 2.073597e+01 -2.826161e-04 
 2.073637e+01 -2.663592e-04 
 2.073676e+01 -2.496831e-04 
 2.073716e+01 -2.327042e-04 
 2.073756e+01 -2.155707e-04 
 2.073796e+01 -1.985578e-04 
 2.073836e+01 -1.817733e-04 
 2.073875e+01 -1.651998e-04 
 2.073915e+01 -1.490505e-04 
 2.073955e+01 -1.332576e-04 
 2.073995e+01 -1.176224e-04 
 2.074034e+01 -1.020999e-04 
 2.074074e+01 -8.684988e-05 
 2.074114e+01 -7.174325e-05 
 2.074154e+01 -5.661388e-05 
 2.074193e+01 -4.126875e-05 
 2.074233e+01 -2.559870e-05 
 2.074273e+01 -9.790042e-06 
 2.074313e+01  5.920570e-06 
 2.074353e+01  2.131077e-05 
 2.074392e+01  3.618444e-05 
 2.074432e+01  5.019739e-05 
 2.074472e+01  6.289989e-05 
 2.074512e+01  7.372692e-05 
 2.074551e+01  8.237002e-05 
 2.074591e+01  8.876932e-05 
 2.074631e+01  9.292871e-05 
 2.074671e+01  9.514867e-05 
 2.074710e+01  9.580932e-05 
 2.074750e+01  9.508798e-05 
 2.074790e+01  9.330444e-05 
 2.074830e+01  9.050402e-05 
 2.074870e+01  8.660656e-05 
 2.074909e+01  8.174756e-05 
 2.074949e+01  7.601923e-05 
 2.074989e+01  6.952757e-05 
 2.075029e+01  6.244719e-05 
 2.075068e+01  5.493811e-05 
 2.075108e+01  4.703291e-05 
 2.075148e+01  3.850748e-05 
 2.075188e+01  2.913081e-05 
 2.075227e+01  1.878847e-05 
 2.075267e+01  7.182523e-06 
 2.075307e+01 -5.963617e-06 
 2.075347e+01 -2.051760e-05 
 2.075387e+01 -3.650475e-05 
 2.075426e+01 -5.410072e-05 
 2.075466e+01 -7.330795e-05 
 2.075506e+01 -9.409501e-05 
 2.075546e+01 -1.163138e-04 
 2.075585e+01 -1.399297e-04 
 2.075625e+01 -1.648843e-04 
 2.075665e+01 -1.913114e-04 
 2.075705e+01 -2.192054e-04 
 2.075744e+01 -2.485546e-04 
 2.075784e+01 -2.792702e-04 
 2.075824e+01 -3.112110e-04 
 2.075864e+01 -3.443727e-04 
 2.075904e+01 -3.784520e-04 
 2.075943e+01 -4.131014e-04 
 2.075983e+01 -4.480909e-04 
 2.076023e+01 -4.832378e-04 
 2.076063e+01 -5.185965e-04 
 2.076102e+01 -5.540748e-04 
 2.076142e+01 -5.894712e-04 
 2.076182e+01 -6.244409e-04 
 2.076222e+01 -6.587131e-04 
 2.076261e+01 -6.922252e-04 
 2.076301e+01 -7.250795e-04 
 2.076341e+01 -7.573105e-04 
 2.076381e+01 -7.890328e-04 
 2.076421e+01 -8.202842e-04 
 2.076460e+01 -8.511466e-04 
 2.076500e+01 -8.818353e-04 
 2.076540e+01 -9.123206e-04 
 2.076580e+01 -9.425367e-04 
 2.076619e+01 -9.724472e-04 
 2.076659e+01 -1.002239e-03 
 2.076699e+01 -1.032035e-03 
 2.076739e+01 -1.061732e-03 
 2.076778e+01 -1.091175e-03 
 2.076818e+01 -1.120124e-03 
 2.076858e+01 -1.148265e-03 
 2.076898e+01 -1.175621e-03 
 2.076938e+01 -1.202174e-03 
 2.076977e+01 -1.227946e-03 
 2.077017e+01 -1.252893e-03 
 2.077057e+01 -1.277211e-03 
 2.077097e+01 -1.301000e-03 
 2.077136e+01 -1.324330e-03 
 2.077176e+01 -1.347356e-03 
 2.077216e+01 -1.370105e-03 
 2.077256e+01 -1.392689e-03 
 2.077296e+01 -1.415015e-03 
 2.077335e+01 -1.437018e-03 
 2.077375e+01 -1.458500e-03 
 2.077415e+01 -1.479212e-03 
 2.077455e+01 -1.498881e-03 
 2.077494e+01 -1.517333e-03 
 2.077534e+01 -1.534458e-03 
 2.077574e+01 -1.550270e-03 
 2.077614e+01 -1.564987e-03 
 2.077653e+01 -1.578706e-03 
 2.077693e+01 -1.591528e-03 
 2.077733e+01 -1.603486e-03 
 2.077773e+01 -1.614671e-03 
 2.077813e+01 -1.625106e-03 
 2.077852e+01 -1.635030e-03 
 2.077892e+01 -1.644769e-03 
 2.077932e+01 -1.654579e-03 
 2.077972e+01 -1.664761e-03 
 2.078011e+01 -1.675556e-03 
 2.078051e+01 -1.687096e-03 
 2.078091e+01 -1.699341e-03 
 2.078131e+01 -1.712098e-03 
 2.078170e+01 -1.725107e-03 
 2.078210e+01 -1.738069e-03 
 2.078250e+01 -1.750861e-03 
 2.078290e+01 -1.763588e-03 
 2.078330e+01 -1.776277e-03 
 2.078369e+01 -1.788891e-03 
 2.078409e+01 -1.801850e-03 
 2.078449e+01 -1.815503e-03 
 2.078489e+01 -1.830197e-03 
 2.078528e+01 -1.846281e-03 
 2.078568e+01 -1.863767e-03 
 2.078608e+01 -1.882323e-03 
 2.078648e+01 -1.902020e-03 
 2.078687e+01 -1.922547e-03 
 2.078727e+01 -1.943685e-03 
 2.078767e+01 -1.965045e-03 
 2.078807e+01 -1.986453e-03 
 2.078847e+01 -2.007959e-03 
 2.078886e+01 -2.029184e-03 
 2.078926e+01 -2.049962e-03 
 2.078966e+01 -2.069850e-03 
 2.079006e+01 -2.088681e-03 
 2.079045e+01 -2.106262e-03 
 2.079085e+01 -2.122532e-03 
 2.079125e+01 -2.137335e-03 
 2.079165e+01 -2.150722e-03 
 2.079204e+01 -2.162696e-03 
 2.079244e+01 -2.173198e-03 
 2.079284e+01 -2.182090e-03 
 2.079324e+01 -2.189362e-03 
 2.079364e+01 -2.194904e-03 
 2.079403e+01 -2.198723e-03 
 2.079443e+01 -2.200780e-03 
 2.079483e+01 -2.200926e-03 
 2.079523e+01 -2.199158e-03 
 2.079562e+01 -2.195507e-03 
 2.079602e+01 -2.189991e-03 
 2.079642e+01 -2.182802e-03 
 2.079682e+01 -2.174107e-03 
 2.079721e+01 -2.164287e-03 
 2.079761e+01 -2.153735e-03 
 2.079801e+01 -2.142945e-03 
 2.079841e+01 -2.132151e-03 
 2.079881e+01 -2.121528e-03 
 2.079920e+01 -2.111196e-03 
 2.079960e+01 -2.101308e-03 
 2.080000e+01 -2.091893e-03 
 2.080040e+01 -2.083094e-03 
 2.080079e+01 -2.074852e-03 
 2.080119e+01 -2.066965e-03 
 2.080159e+01 -2.059144e-03 
 2.080199e+01 -2.051041e-03 
 2.080238e+01 -2.042368e-03 
 2.080278e+01 -2.032892e-03 
 2.080318e+01 -2.022350e-03 
 2.080358e+01 -2.010498e-03 
 2.080398e+01 -1.997477e-03 
 2.080437e+01 -1.983436e-03 
 2.080477e+01 -1.968722e-03 
 2.080517e+01 -1.953505e-03 
 2.080557e+01 -1.938051e-03 
 2.080596e+01 -1.922676e-03 
 2.080636e+01 -1.907701e-03 
 2.080676e+01 -1.893314e-03 
 2.080716e+01 -1.879714e-03 
 2.080755e+01 -1.866682e-03 
 2.080795e+01 -1.854122e-03 
 2.080835e+01 -1.842064e-03 
 2.080875e+01 -1.830522e-03 
 2.080915e+01 -1.819456e-03 
 2.080954e+01 -1.808736e-03 
 2.080994e+01 -1.798278e-03 
 2.081034e+01 -1.788152e-03 
 2.081074e+01 -1.778286e-03 
 2.081113e+01 -1.768618e-03 
 2.081153e+01 -1.759185e-03 
 2.081193e+01 -1.750042e-03 
 2.081233e+01 -1.741168e-03 
 2.081272e+01 -1.732521e-03 
 2.081312e+01 -1.723850e-03 
 2.081352e+01 -1.714936e-03 
 2.081392e+01 -1.705394e-03 
 2.081432e+01 -1.694950e-03 
 2.081471e+01 -1.683389e-03 
 2.081511e+01 -1.670792e-03 
 2.081551e+01 -1.657255e-03 
 2.081591e+01 -1.642790e-03 
 2.081630e+01 -1.627241e-03 
 2.081670e+01 -1.610585e-03 
 2.081710e+01 -1.592684e-03 
 2.081750e+01 -1.573658e-03 
 2.081789e+01 -1.553676e-03 
 2.081829e+01 -1.532804e-03 
 2.081869e+01 -1.511043e-03 
 2.081909e+01 -1.488448e-03 
 2.081949e+01 -1.464855e-03 
 2.081988e+01 -1.440065e-03 
 2.082028e+01 -1.413909e-03 
 2.082068e+01 -1.386206e-03 
 2.082108e+01 -1.356837e-03 
 2.082147e+01 -1.325737e-03 
 2.082187e+01 -1.292980e-03 
 2.082227e+01 -1.258674e-03 
 2.082267e+01 -1.222865e-03 
 2.082306e+01 -1.185775e-03 
 2.082346e+01 -1.147681e-03 
 2.082386e+01 -1.108881e-03 
 2.082426e+01 -1.069825e-03 
 2.082466e+01 -1.030885e-03 
 2.082505e+01 -9.921779e-04 
 2.082545e+01 -9.537473e-04 
 2.082585e+01 -9.155406e-04 
 2.082625e+01 -8.776580e-04 
 2.082664e+01 -8.401198e-04 
 2.082704e+01 -8.028822e-04 
 2.082744e+01 -7.659558e-04 
 2.082784e+01 -7.291529e-04 
 2.082823e+01 -6.925333e-04 
 2.082863e+01 -6.560039e-04 
 2.082903e+01 -6.195415e-04 
 2.082943e+01 -5.831109e-04 
 2.082983e+01 -5.466204e-04 
 2.083022e+01 -5.103180e-04 
 2.083062e+01 -4.743618e-04 
 2.083102e+01 -4.389259e-04 
 2.083142e+01 -4.041255e-04 
 2.083181e+01 -3.700430e-04 
 2.083221e+01 -3.369235e-04 
 2.083261e+01 -3.050403e-04 
 2.083301e+01 -2.747374e-04 
 2.083340e+01 -2.462669e-04 
 2.083380e+01 -2.198146e-04 
 2.083420e+01 -1.951841e-04 
 2.083460e+01 -1.721384e-04 
 2.083500e+01 -1.503561e-04 
 2.083539e+01 -1.298322e-04 
 2.083579e+01 -1.104189e-04 
 2.083619e+01 -9.201197e-05 
 2.083659e+01 -7.461790e-05 
 2.083698e+01 -5.819923e-05 
 2.083738e+01 -4.276381e-05 
 2.083778e+01 -2.834662e-05 
 2.083818e+01 -1.474012e-05 
 2.083857e+01 -2.183339e-06 
 2.083897e+01  9.211441e-06 
 2.083937e+01  1.904648e-05 
 2.083977e+01  2.682648e-05 
 2.084017e+01  3.232274e-05 
 2.084056e+01  3.537961e-05 
 2.084096e+01  3.613236e-05 
 2.084136e+01  3.465657e-05 
 2.084176e+01  3.119907e-05 
 2.084215e+01  2.617750e-05 
 2.084255e+01  2.009565e-05 
 2.084295e+01  1.353342e-05 
 2.084335e+01  6.954457e-06 
 2.084374e+01  7.978467e-07 
 2.084414e+01 -4.615733e-06 
 2.084454e+01 -8.995835e-06 
 2.084494e+01 -1.213382e-05 
 2.084534e+01 -1.384370e-05 
 2.084573e+01 -1.423395e-05 
 2.084613e+01 -1.355693e-05 
 2.084653e+01 -1.196678e-05 
 2.084693e+01 -9.501507e-06 
 2.084732e+01 -6.232410e-06 
 2.084772e+01 -2.274758e-06 
 2.084812e+01  2.176344e-06 
 2.084852e+01  6.951027e-06 
 2.084891e+01  1.190156e-05 
 2.084931e+01  1.667968e-05 
 2.084971e+01  2.131937e-05 
 2.085011e+01  2.560538e-05 
 2.085051e+01  2.928382e-05 
 2.085090e+01  3.217672e-05 
 2.085130e+01  3.418190e-05 
 2.085170e+01  3.503113e-05 
 2.085210e+01  3.449606e-05 
 2.085249e+01  3.225138e-05 
 2.085289e+01  2.820374e-05 
 2.085329e+01  2.237635e-05 
 2.085369e+01  1.495619e-05 
 2.085408e+01  6.141763e-06 
 2.085448e+01 -3.806206e-06 
 2.085488e+01 -1.484295e-05 
 2.085528e+01 -2.706244e-05 
 2.085568e+01 -4.041530e-05 
 2.085607e+01 -5.486048e-05 
 2.085647e+01 -7.048651e-05 
 2.085687e+01 -8.703523e-05 
 2.085727e+01 -1.045499e-04 
 2.085766e+01 -1.231556e-04 
 2.085806e+01 -1.428247e-04 
 2.085846e+01 -1.636214e-04 
 2.085886e+01 -1.854951e-04 
 2.085925e+01 -2.085135e-04 
 2.085965e+01 -2.327696e-04 
 2.086005e+01 -2.580899e-04 
 2.086045e+01 -2.844645e-04 
 2.086085e+01 -3.119906e-04 
 2.086124e+01 -3.406285e-04 
 2.086164e+01 -3.703055e-04 
 2.086204e+01 -4.008455e-04 
 2.086244e+01 -4.320456e-04 
 2.086283e+01 -4.635409e-04 
 2.086323e+01 -4.950331e-04 
 2.086363e+01 -5.264570e-04 
 2.086403e+01 -5.577436e-04 
 2.086443e+01 -5.889275e-04 
 2.086482e+01 -6.200271e-04 
 2.086522e+01 -6.510273e-04 
 2.086562e+01 -6.819521e-04 
 2.086602e+01 -7.127277e-04 
 2.086641e+01 -7.433178e-04 
 2.086681e+01 -7.740194e-04 
 2.086721e+01 -8.048496e-04 
 2.086761e+01 -8.360630e-04 
 2.086800e+01 -8.680849e-04 
 2.086840e+01 -9.009987e-04 
 2.086880e+01 -9.346846e-04 
 2.086920e+01 -9.687724e-04 
 2.086960e+01 -1.002900e-03 
 2.086999e+01 -1.036749e-03 
 2.087039e+01 -1.070068e-03 
 2.087079e+01 -1.102740e-03 
 2.087119e+01 -1.134701e-03 
 2.087158e+01 -1.165847e-03 
 2.087198e+01 -1.196021e-03 
 2.087238e+01 -1.225432e-03 
 2.087278e+01 -1.254154e-03 
 2.087317e+01 -1.282172e-03 
 2.087357e+01 -1.309707e-03 
 2.087397e+01 -1.336846e-03 
 2.087437e+01 -1.363876e-03 
 2.087477e+01 -1.390734e-03 
 2.087516e+01 -1.417250e-03 
 2.087556e+01 -1.443090e-03 
 2.087596e+01 -1.467840e-03 
 2.087636e+01 -1.491171e-03 
 2.087675e+01 -1.512917e-03 
 2.087715e+01 -1.533003e-03 
 2.087755e+01 -1.551368e-03 
 2.087795e+01 -1.568021e-03 
 2.087834e+01 -1.583035e-03 
 2.087874e+01 -1.596680e-03 
 2.087914e+01 -1.609247e-03 
 2.087954e+01 -1.621104e-03 
 2.087994e+01 -1.632457e-03 
 2.088033e+01 -1.643534e-03 
 2.088073e+01 -1.654481e-03 
 2.088113e+01 -1.665477e-03 
 2.088153e+01 -1.676542e-03 
 2.088192e+01 -1.687656e-03 
 2.088232e+01 -1.698735e-03 
 2.088272e+01 -1.709714e-03 
 2.088312e+01 -1.720569e-03 
 2.088351e+01 -1.731286e-03 
 2.088391e+01 -1.741778e-03 
 2.088431e+01 -1.752005e-03 
 2.088471e+01 -1.761877e-03 
 2.088511e+01 -1.771366e-03 
 2.088550e+01 -1.780551e-03 
 2.088590e+01 -1.789460e-03 
 2.088630e+01 -1.798154e-03 
 2.088670e+01 -1.806740e-03 
 2.088709e+01 -1.815455e-03 
 2.088749e+01 -1.824551e-03 
 2.088789e+01 -1.834258e-03 
 2.088829e+01 -1.844614e-03 
 2.088868e+01 -1.855491e-03 
 2.088908e+01 -1.866607e-03 
 2.088948e+01 -1.877581e-03 
 2.088988e+01 -1.888310e-03 
 2.089028e+01 -1.898670e-03 
 2.089067e+01 -1.908657e-03 
 2.089107e+01 -1.918650e-03 
 2.089147e+01 -1.929088e-03 
 2.089187e+01 -1.940328e-03 
 2.089226e+01 -1.952630e-03 
 2.089266e+01 -1.966281e-03 
 2.089306e+01 -1.981453e-03 
 2.089346e+01 -1.998135e-03 
 2.089385e+01 -2.016265e-03 
 2.089425e+01 -2.035745e-03 
 2.089465e+01 -2.056356e-03 
 2.089505e+01 -2.077874e-03 
 2.089545e+01 -2.099893e-03 
 2.089584e+01 -2.122084e-03 
 2.089624e+01 -2.144164e-03 
 2.089664e+01 -2.165608e-03 
 2.089704e+01 -2.186060e-03 
 2.089743e+01 -2.205048e-03 
 2.089783e+01 -2.222031e-03 
 2.089823e+01 -2.236443e-03 
 2.089863e+01 -2.247859e-03 
 2.089902e+01 -2.255972e-03 
 2.089942e+01 -2.260711e-03 
 2.089982e+01 -2.262169e-03 
 2.090022e+01 -2.260533e-03 
 2.090062e+01 -2.256201e-03 
 2.090101e+01 -2.249365e-03 
 2.090141e+01 -2.240214e-03 
 2.090181e+01 -2.228850e-03 
 2.090221e+01 -2.215369e-03 
 2.090260e+01 -2.200035e-03 
 2.090300e+01 -2.182997e-03 
 2.090340e+01 -2.164368e-03 
 2.090380e+01 -2.144256e-03 
 2.090419e+01 -2.122621e-03 
 2.090459e+01 -2.099406e-03 
 2.090499e+01 -2.074633e-03 
 2.090539e+01 -2.048606e-03 
 2.090579e+01 -2.021586e-03 
 2.090618e+01 -1.993954e-03 
 2.090658e+01 -1.966032e-03 
 2.090698e+01 -1.938037e-03 
 2.090738e+01 -1.910193e-03 
 2.090777e+01 -1.882707e-03 
 2.090817e+01 -1.855671e-03 
 2.090857e+01 -1.829305e-03 
 2.090897e+01 -1.803686e-03 
 2.090936e+01 -1.779136e-03 
 2.090976e+01 -1.755838e-03 
 2.091016e+01 -1.733782e-03 
 2.091056e+01 -1.712873e-03 
 2.091096e+01 -1.692814e-03 
 2.091135e+01 -1.673440e-03 
 2.091175e+01 -1.654672e-03 
 2.091215e+01 -1.636463e-03 
 2.091255e+01 -1.618763e-03 
 2.091294e+01 -1.601443e-03 
 2.091334e+01 -1.584591e-03 
 2.091374e+01 -1.567921e-03 
 2.091414e+01 -1.551335e-03 
 2.091453e+01 -1.534765e-03 
 2.091493e+01 -1.518032e-03 
 2.091533e+01 -1.500949e-03 
 2.091573e+01 -1.483278e-03 
 2.091613e+01 -1.464831e-03 
 2.091652e+01 -1.445324e-03 
 2.091692e+01 -1.424313e-03 
 2.091732e+01 -1.401447e-03 
 2.091772e+01 -1.376418e-03 
 2.091811e+01 -1.349234e-03 
 2.091851e+01 -1.320066e-03 
 2.091891e+01 -1.289347e-03 
 2.091931e+01 -1.257493e-03 
 2.091970e+01 -1.224831e-03 
 2.092010e+01 -1.191572e-03 
 2.092050e+01 -1.157897e-03 
 2.092090e+01 -1.123958e-03 
 2.092130e+01 -1.089953e-03 
 2.092169e+01 -1.055809e-03 
 2.092209e+01 -1.021686e-03 
 2.092249e+01 -9.876821e-04 
 2.092289e+01 -9.539423e-04 
 2.092328e+01 -9.204582e-04 
 2.092368e+01 -8.871899e-04 
 2.092408e+01 -8.541014e-04 
 2.092448e+01 -8.211038e-04 
 2.092487e+01 -7.883341e-04 
 2.092527e+01 -7.556783e-04 
 2.092567e+01 -7.233572e-04 
 2.092607e+01 -6.915158e-04 
 2.092647e+01 -6.602685e-04 
 2.092686e+01 -6.299835e-04 
 2.092726e+01 -6.009201e-04 
 2.092766e+01 -5.733284e-04 
 2.092806e+01 -5.474307e-04 
 2.092845e+01 -5.233991e-04 
 2.092885e+01 -5.012211e-04 
 2.092925e+01 -4.807713e-04 
 2.092965e+01 -4.617020e-04 
 2.093004e+01 -4.435962e-04 
 2.093044e+01 -4.261013e-04 
 2.093084e+01 -4.088510e-04 
 2.093124e+01 -3.916476e-04 
 2.093164e+01 -3.742800e-04 
 2.093203e+01 -3.565551e-04 
 2.093243e+01 -3.384985e-04 
 2.093283e+01 -3.200302e-04 
 2.093323e+01 -3.013208e-04 
 2.093362e+01 -2.825540e-04 
 2.093402e+01 -2.639478e-04 
 2.093442e+01 -2.456865e-04 
 2.093482e+01 -2.280319e-04 
 2.093521e+01 -2.110519e-04 
 2.093561e+01 -1.946343e-04 
 2.093601e+01 -1.785197e-04 
 2.093641e+01 -1.623824e-04 
 2.093681e+01 -1.458523e-04 
 2.093720e+01 -1.286248e-04 
 2.093760e+01 -1.104299e-04 
 2.093800e+01 -9.111036e-05 
 2.093840e+01 -7.050770e-05 
 2.093879e+01 -4.843216e-05 
 2.093919e+01 -2.481047e-05 
 2.093959e+01  3.373378e-07 
 2.093999e+01  2.700803e-05 
 2.094038e+01  5.490926e-05 
 2.094078e+01  8.374183e-05 
 2.094118e+01  1.131314e-04 
 2.094158e+01  1.429075e-04 
 2.094198e+01  1.727254e-04 
 2.094237e+01  2.022937e-04 
 2.094277e+01  2.313946e-04 
 2.094317e+01  2.597261e-04 
 2.094357e+01  2.871184e-04 
 2.094396e+01  3.133591e-04 
 2.094436e+01  3.382916e-04 
 2.094476e+01  3.614965e-04 
 2.094516e+01  3.828740e-04 
 2.094555e+01  4.023822e-04 
 2.094595e+01  4.198585e-04 
 2.094635e+01  4.350935e-04 
 2.094675e+01  4.477186e-04 
 2.094715e+01  4.574495e-04 
 2.094754e+01  4.639671e-04 
 2.094794e+01  4.670983e-04 
 2.094834e+01  4.670712e-04 
 2.094874e+01  4.640238e-04 
 2.094913e+01  4.584078e-04 
 2.094953e+01  4.504931e-04 
 2.094993e+01  4.407499e-04 
 2.095033e+01  4.296238e-04 
 2.095072e+01  4.173641e-04 
 2.095112e+01  4.042035e-04 
 2.095152e+01  3.903242e-04 
 2.095192e+01  3.759479e-04 
 2.095232e+01  3.612363e-04 
 2.095271e+01  3.465930e-04 
 2.095311e+01  3.323767e-04 
 2.095351e+01  3.187325e-04 
 2.095391e+01  3.056273e-04 
 2.095430e+01  2.930464e-04 
 2.095470e+01  2.810449e-04 
 2.095510e+01  2.694994e-04 
 2.095550e+01  2.583872e-04 
 2.095590e+01  2.476769e-04 
 2.095629e+01  2.374287e-04 
 2.095669e+01  2.276881e-04 
 2.095709e+01  2.185419e-04 
 2.095749e+01  2.101930e-04 
 2.095788e+01  2.028290e-04 
 2.095828e+01  1.964995e-04 
 2.095868e+01  1.911388e-04 
 2.095908e+01  1.867528e-04 
 2.095947e+01  1.830902e-04 
 2.095987e+01  1.796056e-04 
 2.096027e+01  1.758520e-04 
 2.096067e+01  1.711474e-04 
 2.096107e+01  1.651852e-04 
 2.096146e+01  1.576721e-04 
 2.096186e+01  1.484788e-04 
 2.096226e+01  1.374660e-04 
 2.096266e+01  1.244745e-04 
 2.096305e+01  1.093212e-04 
 2.096345e+01  9.180541e-05 
 2.096385e+01  7.176734e-05 
 2.096425e+01  4.912274e-05 
 2.096464e+01  2.381282e-05 
 2.096504e+01 -4.231543e-06 
 2.096544e+01 -3.479479e-05 
 2.096584e+01 -6.786015e-05 
 2.096624e+01 -1.030509e-04 
 2.096663e+01 -1.402830e-04 
 2.096703e+01 -1.790824e-04 
 2.096743e+01 -2.192441e-04 
 2.096783e+01 -2.603483e-04 
 2.096822e+01 -3.021439e-04 
 2.096862e+01 -3.443917e-04 
 2.096902e+01 -3.867928e-04 
 2.096942e+01 -4.289751e-04 
 2.096981e+01 -4.707447e-04 
 2.097021e+01 -5.118993e-04 
 2.097061e+01 -5.519377e-04 
 2.097101e+01 -5.904848e-04 
 2.097141e+01 -6.271355e-04 
 2.097180e+01 -6.615625e-04 
 2.097220e+01 -6.937637e-04 
 2.097260e+01 -7.237769e-04 
 2.097300e+01 -7.518609e-04 
 2.097339e+01 -7.782201e-04 
 2.097379e+01 -8.032202e-04 
 2.097419e+01 -8.270140e-04 
 2.097459e+01 -8.499036e-04 
 2.097498e+01 -8.720469e-04 
 2.097538e+01 -8.935412e-04 
 2.097578e+01 -9.145493e-04 
 2.097618e+01 -9.351736e-04 
 2.097658e+01 -9.553961e-04 
 2.097697e+01 -9.752607e-04 
 2.097737e+01 -9.947359e-04 
 2.097777e+01 -1.013882e-03 
 2.097817e+01 -1.032600e-03 
 2.097856e+01 -1.051074e-03 
 2.097896e+01 -1.069387e-03 
 2.097936e+01 -1.087572e-03 
 2.097976e+01 -1.105990e-03 
 2.098015e+01 -1.124904e-03 
 2.098055e+01 -1.144579e-03 
 2.098095e+01 -1.165224e-03 
 2.098135e+01 -1.187108e-03 
 2.098175e+01 -1.210293e-03 
 2.098214e+01 -1.234907e-03 
 2.098254e+01 -1.260940e-03 
 2.098294e+01 -1.288084e-03 
 2.098334e+01 -1.316219e-03 
 2.098373e+01 -1.344852e-03 
 2.098413e+01 -1.373744e-03 
 2.098453e+01 -1.402559e-03 
 2.098493e+01 -1.430928e-03 
 2.098532e+01 -1.458768e-03 
 2.098572e+01 -1.485885e-03 
 2.098612e+01 -1.512279e-03 
 2.098652e+01 -1.537977e-03 
 2.098692e+01 -1.562932e-03 
 2.098731e+01 -1.587069e-03 
 2.098771e+01 -1.610426e-03 
 2.098811e+01 -1.633068e-03 
 2.098851e+01 -1.655238e-03 
 2.098890e+01 -1.677178e-03 
 2.098930e+01 -1.698962e-03 
 2.098970e+01 -1.720623e-03 
 2.099010e+01 -1.742030e-03 
 2.099049e+01 -1.763013e-03 
 2.099089e+01 -1.783205e-03 
 2.099129e+01 -1.802348e-03 
 2.099169e+01 -1.820037e-03 
 2.099209e+01 -1.835901e-03 
 2.099248e+01 -1.849591e-03 
 2.099288e+01 -1.860456e-03 
 2.099328e+01 -1.868306e-03 
 2.099368e+01 -1.873025e-03 
 2.099407e+01 -1.874332e-03 
 2.099447e+01 -1.872606e-03 
 2.099487e+01 -1.868175e-03 
 2.099527e+01 -1.861449e-03 
 2.099566e+01 -1.853022e-03 
 2.099606e+01 -1.843257e-03 
 2.099646e+01 -1.832508e-03 
 2.099686e+01 -1.821215e-03 
 2.099726e+01 -1.809595e-03 
 2.099765e+01 -1.798157e-03 
 2.099805e+01 -1.787037e-03 
 2.099845e+01 -1.776477e-03 
 2.099885e+01 -1.766671e-03 
 2.099924e+01 -1.757850e-03 
 2.099964e+01 -1.749897e-03 
 2.100004e+01 -1.742790e-03 
 2.100044e+01 -1.736613e-03 
 2.100083e+01 -1.731202e-03 
 2.100123e+01 -1.726640e-03 
 2.100163e+01 -1.723132e-03 
 2.100203e+01 -1.720782e-03 
 2.100243e+01 -1.719687e-03 
 2.100282e+01 -1.719958e-03 
 2.100322e+01 -1.721801e-03 
 2.100362e+01 -1.725338e-03 
 2.100402e+01 -1.730672e-03 
 2.100441e+01 -1.737493e-03 
 2.100481e+01 -1.745561e-03 
 2.100521e+01 -1.754530e-03 
 2.100561e+01 -1.764112e-03 
 2.100600e+01 -1.774034e-03 
 2.100640e+01 -1.784131e-03 
 2.100680e+01 -1.794165e-03 
 2.100720e+01 -1.803891e-03 
 2.100760e+01 -1.813362e-03 
 2.100799e+01 -1.822340e-03 
 2.100839e+01 -1.830757e-03 
 2.100879e+01 -1.838283e-03 
 2.100919e+01 -1.844661e-03 
 2.100958e+01 -1.849699e-03 
 2.100998e+01 -1.853125e-03 
 2.101038e+01 -1.854677e-03 
 2.101078e+01 -1.853943e-03 
 2.101117e+01 -1.850666e-03 
 2.101157e+01 -1.844598e-03 
 2.101197e+01 -1.835488e-03 
 2.101237e+01 -1.823318e-03 
 2.101277e+01 -1.808171e-03 
 2.101316e+01 -1.790168e-03 
 2.101356e+01 -1.769606e-03 
 2.101396e+01 -1.747013e-03 
 2.101436e+01 -1.722970e-03 
 2.101475e+01 -1.697952e-03 
 2.101515e+01 -1.672536e-03 
 2.101555e+01 -1.647361e-03 
 2.101595e+01 -1.622887e-03 
 2.101634e+01 -1.599697e-03 
 2.101674e+01 -1.578208e-03 
 2.101714e+01 -1.558544e-03 
 2.101754e+01 -1.540854e-03 
 2.101794e+01 -1.524876e-03 
 2.101833e+01 -1.510409e-03 
 2.101873e+01 -1.497242e-03 
 2.101913e+01 -1.485096e-03 
 2.101953e+01 -1.473794e-03 
 2.101992e+01 -1.463165e-03 
 2.102032e+01 -1.453331e-03 
 2.102072e+01 -1.444036e-03 
 2.102112e+01 -1.435314e-03 
 2.102151e+01 -1.427193e-03 
 2.102191e+01 -1.419518e-03 
 2.102231e+01 -1.412271e-03 
 2.102271e+01 -1.405277e-03 
 2.102311e+01 -1.398449e-03 
 2.102350e+01 -1.391699e-03 
 2.102390e+01 -1.384867e-03 
 2.102430e+01 -1.377889e-03 
 2.102470e+01 -1.370389e-03 
 2.102509e+01 -1.361906e-03 
 2.102549e+01 -1.351996e-03 
 2.102589e+01 -1.340278e-03 
 2.102629e+01 -1.326363e-03 
 2.102668e+01 -1.309895e-03 
 2.102708e+01 -1.290827e-03 
 2.102748e+01 -1.269087e-03 
 2.102788e+01 -1.244853e-03 
 2.102828e+01 -1.218313e-03 
 2.102867e+01 -1.189821e-03 
 2.102907e+01 -1.159669e-03 
 2.102947e+01 -1.128404e-03 
 2.102987e+01 -1.096488e-03 
 2.103026e+01 -1.064406e-03 
 2.103066e+01 -1.032391e-03 
 2.103106e+01 -1.000647e-03 
 2.103146e+01 -9.693854e-04 
 2.103185e+01 -9.387077e-04 
 2.103225e+01 -9.088564e-04 
 2.103265e+01 -8.799191e-04 
 2.103305e+01 -8.520167e-04 
 2.103345e+01 -8.253335e-04 
 2.103384e+01 -7.998534e-04 
 2.103424e+01 -7.756253e-04 
 2.103464e+01 -7.526521e-04 
 2.103504e+01 -7.309914e-04 
 2.103543e+01 -7.108328e-04 
 2.103583e+01 -6.922992e-04 
 2.103623e+01 -6.756732e-04 
 2.103663e+01 -6.610532e-04 
 2.103702e+01 -6.486507e-04 
 2.103742e+01 -6.383606e-04 
 2.103782e+01 -6.301186e-04 
 2.103822e+01 -6.237715e-04 
 2.103862e+01 -6.187925e-04 
 2.103901e+01 -6.148222e-04 
 2.103941e+01 -6.115377e-04 
 2.103981e+01 -6.086068e-04 
 2.104021e+01 -6.058420e-04 
 2.104060e+01 -6.033378e-04 
 2.104100e+01 -6.011807e-04 
 2.104140e+01 -5.995790e-04 
 2.104180e+01 -5.986521e-04 
 2.104219e+01 -5.984355e-04 
 2.104259e+01 -5.990059e-04 
 2.104299e+01 -6.001409e-04 
 2.104339e+01 -6.014173e-04 
 2.104379e+01 -6.024407e-04 
 2.104418e+01 -6.028745e-04 
 2.104458e+01 -6.024559e-04 
 2.104498e+01 -6.011529e-04 
 2.104538e+01 -5.988325e-04 
 2.104577e+01 -5.952188e-04 
 2.104617e+01 -5.900388e-04 
 2.104657e+01 -5.829752e-04 
 2.104697e+01 -5.738615e-04 
 2.104737e+01 -5.627428e-04 
 2.104776e+01 -5.496327e-04 
 2.104816e+01 -5.349298e-04 
 2.104856e+01 -5.189699e-04 
 2.104896e+01 -5.024132e-04 
 2.104935e+01 -4.859319e-04 
 2.104975e+01 -4.701665e-04 
 2.105015e+01 -4.554804e-04 
 2.105055e+01 -4.422596e-04 
 2.105094e+01 -4.306763e-04 
 2.105134e+01 -4.208227e-04 
 2.105174e+01 -4.125581e-04 
 2.105214e+01 -4.058846e-04 
 2.105254e+01 -4.007017e-04 
 2.105293e+01 -3.968718e-04 
 2.105333e+01 -3.943497e-04 
 2.105373e+01 -3.932981e-04 
 2.105413e+01 -3.935986e-04 
 2.105452e+01 -3.953632e-04 
 2.105492e+01 -3.986615e-04 
 2.105532e+01 -4.035952e-04 
 2.105572e+01 -4.103676e-04 
 2.105611e+01 -4.189925e-04 
 2.105651e+01 -4.297677e-04 
 2.105691e+01 -4.428354e-04 
 2.105731e+01 -4.586031e-04 
 2.105771e+01 -4.770839e-04 
 2.105810e+01 -4.985734e-04 
 2.105850e+01 -5.231168e-04 
 2.105890e+01 -5.505527e-04 
 2.105930e+01 -5.807822e-04 
 2.105969e+01 -6.133401e-04 
 2.106009e+01 -6.478846e-04 
 2.106049e+01 -6.840626e-04 
 2.106089e+01 -7.213812e-04 
 2.106128e+01 -7.595832e-04 
 2.106168e+01 -7.982417e-04 
 2.106208e+01 -8.369208e-04 
 2.106248e+01 -8.752220e-04 
 2.106288e+01 -9.127413e-04 
 2.106327e+01 -9.492866e-04 
 2.106367e+01 -9.846558e-04 
 2.106407e+01 -1.018613e-03 
 2.106447e+01 -1.051114e-03 
 2.106486e+01 -1.081999e-03 
 2.106526e+01 -1.110844e-03 
 2.106566e+01 -1.137594e-03 
 2.106606e+01 -1.162036e-03 
 2.106645e+01 -1.184147e-03 
 2.106685e+01 -1.204143e-03 
 2.106725e+01 -1.222497e-03 
 2.106765e+01 -1.239428e-03 
 2.106805e+01 -1.255473e-03 
 2.106844e+01 -1.270819e-03 
 2.106884e+01 -1.285872e-03 
 2.106924e+01 -1.300826e-03 
 2.106964e+01 -1.315755e-03 
 2.107003e+01 -1.331014e-03 
 2.107043e+01 -1.346713e-03 
 2.107083e+01 -1.363141e-03 
 2.107123e+01 -1.380443e-03 
 2.107162e+01 -1.398910e-03 
 2.107202e+01 -1.418600e-03 
 2.107242e+01 -1.439402e-03 
 2.107282e+01 -1.461479e-03 
 2.107322e+01 -1.484536e-03 
 2.107361e+01 -1.508840e-03 
 2.107401e+01 -1.533833e-03 
 2.107441e+01 -1.559466e-03 
 2.107481e+01 -1.585711e-03 
 2.107520e+01 -1.612264e-03 
 2.107560e+01 -1.639415e-03 
 2.107600e+01 -1.667135e-03 
 2.107640e+01 -1.695640e-03 
 2.107679e+01 -1.724996e-03 
 2.107719e+01 -1.755186e-03 
 2.107759e+01 -1.786146e-03 
 2.107799e+01 -1.817565e-03 
 2.107839e+01 -1.849017e-03 
 2.107878e+01 -1.879906e-03 
 2.107918e+01 -1.909669e-03 
 2.107958e+01 -1.937756e-03 
 2.107998e+01 -1.963742e-03 
 2.108037e+01 -1.987411e-03 
 2.108077e+01 -2.008525e-03 
 2.108117e+01 -2.027060e-03 
 2.108157e+01 -2.042951e-03 
 2.108196e+01 -2.056348e-03 
 2.108236e+01 -2.067449e-03 
 2.108276e+01 -2.076481e-03 
 2.108316e+01 -2.083884e-03 
 2.108356e+01 -2.090224e-03 
 2.108395e+01 -2.096035e-03 
 2.108435e+01 -2.101813e-03 
 2.108475e+01 -2.108009e-03 
 2.108515e+01 -2.114772e-03 
 2.108554e+01 -2.122200e-03 
 2.108594e+01 -2.130158e-03 
 2.108634e+01 -2.138427e-03 
 2.108674e+01 -2.146824e-03 
 2.108713e+01 -2.155066e-03 
 2.108753e+01 -2.162932e-03 
 2.108793e+01 -2.170260e-03 
 2.108833e+01 -2.176960e-03 
 2.108873e+01 -2.182976e-03 
 2.108912e+01 -2.188546e-03 
 2.108952e+01 -2.193789e-03 
 2.108992e+01 -2.198755e-03 
 2.109032e+01 -2.203542e-03 
 2.109071e+01 -2.208411e-03 
 2.109111e+01 -2.213627e-03 
 2.109151e+01 -2.219094e-03 
 2.109191e+01 -2.224956e-03 
 2.109230e+01 -2.231703e-03 
 2.109270e+01 -2.239454e-03 
 2.109310e+01 -2.248392e-03 
 2.109350e+01 -2.258563e-03 
 2.109390e+01 -2.269489e-03 
 2.109429e+01 -2.280736e-03 
 2.109469e+01 -2.291692e-03 
 2.109509e+01 -2.301760e-03 
 2.109549e+01 -2.310706e-03 
 2.109588e+01 -2.318352e-03 
 2.109628e+01 -2.324875e-03 
 2.109668e+01 -2.330456e-03 
 2.109708e+01 -2.335106e-03 
 2.109747e+01 -2.338802e-03 
 2.109787e+01 -2.341254e-03 
 2.109827e+01 -2.342226e-03 
 2.109867e+01 -2.341682e-03 
 2.109907e+01 -2.339702e-03 
 2.109946e+01 -2.336466e-03 
 2.109986e+01 -2.332282e-03 
 2.110026e+01 -2.327252e-03 
 2.110066e+01 -2.321741e-03 
 2.110105e+01 -2.315818e-03 
 2.110145e+01 -2.309636e-03 
 2.110185e+01 -2.303304e-03 
 2.110225e+01 -2.296855e-03 
 2.110264e+01 -2.290394e-03 
 2.110304e+01 -2.283936e-03 
 2.110344e+01 -2.277494e-03 
 2.110384e+01 -2.271091e-03 
 2.110424e+01 -2.264759e-03 
 2.110463e+01 -2.258460e-03 
 2.110503e+01 -2.252384e-03 
 2.110543e+01 -2.246639e-03 
 2.110583e+01 -2.240955e-03 
 2.110622e+01 -2.235148e-03 
 2.110662e+01 -2.228978e-03 
 2.110702e+01 -2.222151e-03 
 2.110742e+01 -2.214367e-03 
 2.110781e+01 -2.205488e-03 
 2.110821e+01 -2.195594e-03 
 2.110861e+01 -2.185025e-03 
 2.110901e+01 -2.174200e-03 
 2.110941e+01 -2.163633e-03 
 2.110980e+01 -2.153741e-03 
 2.111020e+01 -2.144886e-03 
 2.111060e+01 -2.137507e-03 
 2.111100e+01 -2.131880e-03 
 2.111139e+01 -2.128002e-03 
 2.111179e+01 -2.125903e-03 
 2.111219e+01 -2.125383e-03 
 2.111259e+01 -2.126290e-03 
 2.111298e+01 -2.128418e-03 
 2.111338e+01 -2.131252e-03 
 2.111378e+01 -2.134543e-03 
 2.111418e+01 -2.137935e-03 
 2.111458e+01 -2.141225e-03 
 2.111497e+01 -2.144115e-03 
 2.111537e+01 -2.146282e-03 
 2.111577e+01 -2.147317e-03 
 2.111617e+01 -2.146834e-03 
 2.111656e+01 -2.144472e-03 
 2.111696e+01 -2.139904e-03 
 2.111736e+01 -2.133346e-03 
 2.111776e+01 -2.124834e-03 
 2.111815e+01 -2.114743e-03 
 2.111855e+01 -2.103510e-03 
 2.111895e+01 -2.091180e-03 
 2.111935e+01 -2.077937e-03 
 2.111975e+01 -2.063671e-03 
 2.112014e+01 -2.048208e-03 
 2.112054e+01 -2.031204e-03 
 2.112094e+01 -2.012375e-03 
 2.112134e+01 -1.991820e-03 
 2.112173e+01 -1.969416e-03 
 2.112213e+01 -1.945357e-03 
 2.112253e+01 -1.919703e-03 
 2.112293e+01 -1.892713e-03 
 2.112332e+01 -1.864586e-03 
 2.112372e+01 -1.835658e-03 
 2.112412e+01 -1.806230e-03 
 2.112452e+01 -1.776546e-03 
 2.112492e+01 -1.746991e-03 
 2.112531e+01 -1.717792e-03 
 2.112571e+01 -1.689213e-03 
 2.112611e+01 -1.661388e-03 
 2.112651e+01 -1.634248e-03 
 2.112690e+01 -1.607974e-03 
 2.112730e+01 -1.582651e-03 
 2.112770e+01 -1.558411e-03 
 2.112810e+01 -1.535397e-03 
 2.112849e+01 -1.513630e-03 
 2.112889e+01 -1.492874e-03 
 2.112929e+01 -1.472901e-03 
 2.112969e+01 -1.453258e-03 
 2.113009e+01 -1.433606e-03 
 2.113048e+01 -1.413766e-03 
 2.113088e+01 -1.393698e-03 
 2.113128e+01 -1.373456e-03 
 2.113168e+01 -1.353224e-03 
 2.113207e+01 -1.333107e-03 
 2.113247e+01 -1.313182e-03 
 2.113287e+01 -1.293284e-03 
 2.113327e+01 -1.273130e-03 
 2.113366e+01 -1.252324e-03 
 2.113406e+01 -1.230614e-03 
 2.113446e+01 -1.207864e-03 
 2.113486e+01 -1.184180e-03 
 2.113526e+01 -1.159523e-03 
 2.113565e+01 -1.133954e-03 
 2.113605e+01 -1.107909e-03 
 2.113645e+01 -1.081762e-03 
 2.113685e+01 -1.055894e-03 
 2.113724e+01 -1.030744e-03 
 2.113764e+01 -1.006555e-03 
 2.113804e+01 -9.835645e-04 
 2.113844e+01 -9.619447e-04 
 2.113884e+01 -9.416131e-04 
 2.113923e+01 -9.225528e-04 
 2.113963e+01 -9.048116e-04 
 2.114003e+01 -8.883690e-04 
 2.114043e+01 -8.732629e-04 
 2.114082e+01 -8.596642e-04 
 2.114122e+01 -8.474994e-04 
 2.114162e+01 -8.366819e-04 
 2.114202e+01 -8.270940e-04 
 2.114241e+01 -8.183947e-04 
 2.114281e+01 -8.105648e-04 
 2.114321e+01 -8.037749e-04 
 2.114361e+01 -7.983359e-04 
 2.114401e+01 -7.947867e-04 
 2.114440e+01 -7.935995e-04 
 2.114480e+01 -7.951875e-04 
 2.114520e+01 -7.996131e-04 
 2.114560e+01 -8.067790e-04 
 2.114599e+01 -8.164092e-04 
 2.114639e+01 -8.280625e-04 
 2.114679e+01 -8.415261e-04 
 2.114719e+01 -8.565971e-04 
 2.114758e+01 -8.727999e-04 
 2.114798e+01 -8.893818e-04 
 2.114838e+01 -9.057538e-04 
 2.114878e+01 -9.213098e-04 
 2.114918e+01 -9.353832e-04 
 2.114957e+01 -9.474135e-04 
 2.114997e+01 -9.571386e-04 
 2.115037e+01 -9.646007e-04 
 2.115077e+01 -9.698935e-04 
 2.115116e+01 -9.732721e-04 
 2.115156e+01 -9.749331e-04 
 2.115196e+01 -9.749440e-04 
 2.115236e+01 -9.736254e-04 
 2.115275e+01 -9.714702e-04 
 2.115315e+01 -9.690632e-04 
 2.115355e+01 -9.669038e-04 
 2.115395e+01 -9.654508e-04 
 2.115435e+01 -9.651422e-04 
 2.115474e+01 -9.659644e-04 
 2.115514e+01 -9.676840e-04 
 2.115554e+01 -9.702315e-04 
 2.115594e+01 -9.734227e-04 
 2.115633e+01 -9.772089e-04 
 2.115673e+01 -9.816011e-04 
 2.115713e+01 -9.865250e-04 
 2.115753e+01 -9.919227e-04 
 2.115792e+01 -9.975716e-04 
 2.115832e+01 -1.003480e-03 
 2.115872e+01 -1.009524e-03 
 2.115912e+01 -1.015678e-03 
 2.115952e+01 -1.022101e-03 
 2.115991e+01 -1.029118e-03 
 2.116031e+01 -1.037005e-03 
 2.116071e+01 -1.045992e-03 
 2.116111e+01 -1.056225e-03 
 2.116150e+01 -1.067595e-03 
 2.116190e+01 -1.080197e-03 
 2.116230e+01 -1.094141e-03 
 2.116270e+01 -1.109525e-03 
 2.116309e+01 -1.126309e-03 
 2.116349e+01 -1.144562e-03 
 2.116389e+01 -1.164272e-03 
 2.116429e+01 -1.185481e-03 
 2.116469e+01 -1.208293e-03 
 2.116508e+01 -1.232808e-03 
 2.116548e+01 -1.259052e-03 
 2.116588e+01 -1.287028e-03 
 2.116628e+01 -1.316719e-03 
 2.116667e+01 -1.347854e-03 
 2.116707e+01 -1.379939e-03 
 2.116747e+01 -1.412453e-03 
 2.116787e+01 -1.444913e-03 
 2.116826e+01 -1.476893e-03 
 2.116866e+01 -1.508333e-03 
 2.116906e+01 -1.539361e-03 
 2.116946e+01 -1.569946e-03 
 2.116986e+01 -1.600196e-03 
 2.117025e+01 -1.630099e-03 
 2.117065e+01 -1.659624e-03 
 2.117105e+01 -1.688714e-03 
 2.117145e+01 -1.717128e-03 
 2.117184e+01 -1.744946e-03 
 2.117224e+01 -1.772213e-03 
 2.117264e+01 -1.799164e-03 
 2.117304e+01 -1.825765e-03 
 2.117343e+01 -1.851913e-03 
 2.117383e+01 -1.877155e-03 
 2.117423e+01 -1.901222e-03 
 2.117463e+01 -1.923843e-03 
 2.117503e+01 -1.944763e-03 
 2.117542e+01 -1.963909e-03 
 2.117582e+01 -1.981468e-03 
 2.117622e+01 -1.997569e-03 
 2.117662e+01 -2.012478e-03 
 2.117701e+01 -2.026515e-03 
 2.117741e+01 -2.039929e-03 
 2.117781e+01 -2.053031e-03 
 2.117821e+01 -2.066326e-03 
 2.117860e+01 -2.080175e-03 
 2.117900e+01 -2.094816e-03 
 2.117940e+01 -2.110614e-03 
 2.117980e+01 -2.127750e-03 
 2.118020e+01 -2.145934e-03 
 2.118059e+01 -2.165123e-03 
 2.118099e+01 -2.185274e-03 
 2.118139e+01 -2.205927e-03 
 2.118179e+01 -2.227048e-03 
 2.118218e+01 -2.248545e-03 
 2.118258e+01 -2.270261e-03 
 2.118298e+01 -2.291981e-03 
 2.118338e+01 -2.313408e-03 
 2.118377e+01 -2.334628e-03 
 2.118417e+01 -2.355467e-03 
 2.118457e+01 -2.375691e-03 
 2.118497e+01 -2.395226e-03 
 2.118537e+01 -2.414096e-03 
 2.118576e+01 -2.432281e-03 
 2.118616e+01 -2.449675e-03 
 2.118656e+01 -2.466368e-03 
 2.118696e+01 -2.482250e-03 
 2.118735e+01 -2.497270e-03 
 2.118775e+01 -2.511419e-03 
 2.118815e+01 -2.524602e-03 
 2.118855e+01 -2.536741e-03 
 2.118894e+01 -2.547599e-03 
 2.118934e+01 -2.556795e-03 
 2.118974e+01 -2.564283e-03 
 2.119014e+01 -2.569811e-03 
 2.119054e+01 -2.573426e-03 
 2.119093e+01 -2.575473e-03 
 2.119133e+01 -2.575965e-03 
 2.119173e+01 -2.575096e-03 
 2.119213e+01 -2.573127e-03 
 2.119252e+01 -2.570210e-03 
 2.119292e+01 -2.566339e-03 
 2.119332e+01 -2.561734e-03 
 2.119372e+01 -2.556439e-03 
 2.119411e+01 -2.550819e-03 
 2.119451e+01 -2.545451e-03 
 2.119491e+01 -2.540729e-03 
 2.119531e+01 -2.537210e-03 
 2.119571e+01 -2.535231e-03 
 2.119610e+01 -2.534958e-03 
 2.119650e+01 -2.536515e-03 
 2.119690e+01 -2.539937e-03 
 2.119730e+01 -2.545207e-03 
 2.119769e+01 -2.552425e-03 
 2.119809e+01 -2.561588e-03 
 2.119849e+01 -2.572850e-03 
 2.119889e+01 -2.585897e-03 
 2.119928e+01 -2.600613e-03 
 2.119968e+01 -2.616736e-03 
 2.120008e+01 -2.634001e-03 
 2.120048e+01 -2.651982e-03 
 2.120088e+01 -2.670260e-03 
 2.120127e+01 -2.688334e-03 
 2.120167e+01 -2.705696e-03 
 2.120207e+01 -2.721574e-03 
 2.120247e+01 -2.735329e-03 
 2.120286e+01 -2.746295e-03 
 2.120326e+01 -2.754062e-03 
 2.120366e+01 -2.758463e-03 
 2.120406e+01 -2.759749e-03 
 2.120445e+01 -2.758193e-03 
 2.120485e+01 -2.753981e-03 
 2.120525e+01 -2.747443e-03 
 2.120565e+01 -2.738848e-03 
 2.120605e+01 -2.728464e-03 
 2.120644e+01 -2.716478e-03 
 2.120684e+01 -2.702950e-03 
 2.120724e+01 -2.688241e-03 
 2.120764e+01 -2.672643e-03 
 2.120803e+01 -2.656294e-03 
 2.120843e+01 -2.639416e-03 
 2.120883e+01 -2.621899e-03 
 2.120923e+01 -2.603483e-03 
 2.120962e+01 -2.583899e-03 
 2.121002e+01 -2.562942e-03 
 2.121042e+01 -2.540318e-03 
 2.121082e+01 -2.515773e-03 
 2.121122e+01 -2.489056e-03 
 2.121161e+01 -2.460189e-03 
 2.121201e+01 -2.429379e-03 
 2.121241e+01 -2.397101e-03 
 2.121281e+01 -2.363929e-03 
 2.121320e+01 -2.330435e-03 
 2.121360e+01 -2.297055e-03 
 2.121400e+01 -2.264222e-03 
 2.121440e+01 -2.232366e-03 
 2.121479e+01 -2.201571e-03 
 2.121519e+01 -2.171691e-03 
 2.121559e+01 -2.142674e-03 
 2.121599e+01 -2.114634e-03 
 2.121639e+01 -2.087949e-03 
 2.121678e+01 -2.062776e-03 
 2.121718e+01 -2.039359e-03 
 2.121758e+01 -2.017549e-03 
 2.121798e+01 -1.997074e-03 
 2.121837e+01 -1.977621e-03 
 2.121877e+01 -1.958872e-03 
 2.121917e+01 -1.940526e-03 
 2.121957e+01 -1.922305e-03 
 2.121996e+01 -1.904122e-03 
 2.122036e+01 -1.886014e-03 
 2.122076e+01 -1.867937e-03 
 2.122116e+01 -1.849885e-03 
 2.122156e+01 -1.831777e-03 
 2.122195e+01 -1.813680e-03 
 2.122235e+01 -1.795525e-03 
 2.122275e+01 -1.777319e-03 
 2.122315e+01 -1.759120e-03 
 2.122354e+01 -1.740888e-03 
 2.122394e+01 -1.722329e-03 
 2.122434e+01 -1.703288e-03 
 2.122474e+01 -1.683513e-03 
 2.122513e+01 -1.662812e-03 
 2.122553e+01 -1.640975e-03 
 2.122593e+01 -1.618123e-03 
 2.122633e+01 -1.594539e-03 
 2.122673e+01 -1.570139e-03 
 2.122712e+01 -1.545060e-03 
 2.122752e+01 -1.519368e-03 
 2.122792e+01 -1.492874e-03 
 2.122832e+01 -1.465266e-03 
 2.122871e+01 -1.436323e-03 
 2.122911e+01 -1.406041e-03 
 2.122951e+01 -1.374538e-03 
 2.122991e+01 -1.341854e-03 
 2.123031e+01 -1.308337e-03 
 2.123070e+01 -1.274377e-03 
 2.123110e+01 -1.240206e-03 
 2.123150e+01 -1.206166e-03 
 2.123190e+01 -1.172652e-03 
 2.123229e+01 -1.140014e-03 
 2.123269e+01 -1.108364e-03 
 2.123309e+01 -1.077783e-03 
 2.123349e+01 -1.048515e-03 
 2.123388e+01 -1.020660e-03 
 2.123428e+01 -9.943233e-04 
 2.123468e+01 -9.698188e-04 
 2.123508e+01 -9.471769e-04 
 2.123548e+01 -9.263408e-04 
 2.123587e+01 -9.072047e-04 
 2.123627e+01 -8.896686e-04 
 2.123667e+01 -8.733785e-04 
 2.123707e+01 -8.579744e-04 
 2.123746e+01 -8.430837e-04 
 2.123786e+01 -8.285633e-04 
 2.123826e+01 -8.144240e-04 
 2.123866e+01 -8.007988e-04 
 2.123905e+01 -7.879475e-04 
 2.123945e+01 -7.760098e-04 
 2.123985e+01 -7.651366e-04 
 2.124025e+01 -7.553706e-04 
 2.124065e+01 -7.466001e-04 
 2.124104e+01 -7.386720e-04 
 2.124144e+01 -7.313085e-04 
 2.124184e+01 -7.239766e-04 
 2.124224e+01 -7.162839e-04 
 2.124263e+01 -7.074885e-04 
 2.124303e+01 -6.969363e-04 
 2.124343e+01 -6.839096e-04 
 2.124383e+01 -6.678437e-04 
 2.124422e+01 -6.483216e-04 
 2.124462e+01 -6.250005e-04 
 2.124502e+01 -5.981145e-04 
 2.124542e+01 -5.678113e-04 
 2.124582e+01 -5.345801e-04 
 2.124621e+01 -4.988064e-04 
 2.124661e+01 -4.610236e-04 
 2.124701e+01 -4.218084e-04 
 2.124741e+01 -3.816892e-04 
 2.124780e+01 -3.416549e-04 
 2.124820e+01 -3.026492e-04 
 2.124860e+01 -2.653627e-04 
 2.124900e+01 -2.305143e-04 
 2.124939e+01 -1.988179e-04 
 2.124979e+01 -1.706008e-04 
 2.125019e+01 -1.459775e-04 
 2.125059e+01 -1.249879e-04 
 2.125099e+01 -1.076843e-04 
 2.125138e+01 -9.394641e-05 
 2.125178e+01 -8.372194e-05 
 2.125218e+01 -7.702194e-05 
 2.125258e+01 -7.364138e-05 
 2.125297e+01 -7.321843e-05 
 2.125337e+01 -7.546008e-05 
 2.125377e+01 -8.005905e-05 
 2.125417e+01 -8.683099e-05 
 2.125456e+01 -9.561799e-05 
 2.125496e+01 -1.061317e-04 
 2.125536e+01 -1.183035e-04 
 2.125576e+01 -1.319310e-04 
 2.125616e+01 -1.468705e-04 
 2.125655e+01 -1.629744e-04 
 2.125695e+01 -1.799763e-04 
 2.125735e+01 -1.978704e-04 
 2.125775e+01 -2.166816e-04 
 2.125814e+01 -2.365348e-04 
 2.125854e+01 -2.573503e-04 
 2.125894e+01 -2.790089e-04 
 2.125934e+01 -3.011558e-04 
 2.125973e+01 -3.235548e-04 
 2.126013e+01 -3.460762e-04 
 2.126053e+01 -3.684197e-04 
 2.126093e+01 -3.903559e-04 
 2.126133e+01 -4.116810e-04 
 2.126172e+01 -4.322114e-04 
 2.126212e+01 -4.518015e-04 
 2.126252e+01 -4.702091e-04 
 2.126292e+01 -4.873126e-04 
 2.126331e+01 -5.029389e-04 
 2.126371e+01 -5.170985e-04 
 2.126411e+01 -5.300186e-04 
 2.126451e+01 -5.418784e-04 
 2.126490e+01 -5.528354e-04 
 2.126530e+01 -5.630667e-04 
 2.126570e+01 -5.727135e-04 
 2.126610e+01 -5.820437e-04 
 2.126650e+01 -5.914238e-04 
 2.126689e+01 -6.013885e-04 
 2.126729e+01 -6.125237e-04 
 2.126769e+01 -6.252019e-04 
 2.126809e+01 -6.398498e-04 
 2.126848e+01 -6.566441e-04 
 2.126888e+01 -6.755513e-04 
 2.126928e+01 -6.964182e-04 
 2.126968e+01 -7.191702e-04 
 2.127007e+01 -7.436140e-04 
 2.127047e+01 -7.696700e-04 
 2.127087e+01 -7.971673e-04 
 2.127127e+01 -8.260072e-04 
 2.127167e+01 -8.560793e-04 
 2.127206e+01 -8.871399e-04 
 2.127246e+01 -9.191170e-04 
 2.127286e+01 -9.519703e-04 
 2.127326e+01 -9.856053e-04 
 2.127365e+01 -1.020041e-03 
 2.127405e+01 -1.055370e-03 
 2.127445e+01 -1.091527e-03 
 2.127485e+01 -1.128421e-03 
 2.127524e+01 -1.165801e-03 
 2.127564e+01 -1.203768e-03 
 2.127604e+01 -1.242052e-03 
 2.127644e+01 -1.280632e-03 
 2.127684e+01 -1.319483e-03 
 2.127723e+01 -1.358364e-03 
 2.127763e+01 -1.397266e-03 
 2.127803e+01 -1.435955e-03 
 2.127843e+01 -1.474080e-03 
 2.127882e+01 -1.511519e-03 
 2.127922e+01 -1.547862e-03 
 2.127962e+01 -1.582850e-03 
 2.128002e+01 -1.616284e-03 
 2.128041e+01 -1.648021e-03 
 2.128081e+01 -1.678088e-03 
 2.128121e+01 -1.706478e-03 
 2.128161e+01 -1.733244e-03 
 2.128201e+01 -1.758546e-03 
 2.128240e+01 -1.782586e-03 
 2.128280e+01 -1.805515e-03 
 2.128320e+01 -1.827430e-03 
 2.128360e+01 -1.848396e-03 
 2.128399e+01 -1.868420e-03 
 2.128439e+01 -1.887596e-03 
 2.128479e+01 -1.906127e-03 
 2.128519e+01 -1.924010e-03 
 2.128558e+01 -1.941353e-03 
 2.128598e+01 -1.958325e-03 
 2.128638e+01 -1.975158e-03 
 2.128678e+01 -1.991858e-03 
 2.128718e+01 -2.008613e-03 
 2.128757e+01 -2.025257e-03 
 2.128797e+01 -2.041678e-03 
 2.128837e+01 -2.057889e-03 
 2.128877e+01 -2.073974e-03 
 2.128916e+01 -2.090218e-03 
 2.128956e+01 -2.106931e-03 
 2.128996e+01 -2.124478e-03 
 2.129036e+01 -2.143217e-03 
 2.129075e+01 -2.163055e-03 
 2.129115e+01 -2.183878e-03 
 2.129155e+01 -2.205568e-03 
 2.129195e+01 -2.228133e-03 
 2.129235e+01 -2.251417e-03 
 2.129274e+01 -2.275411e-03 
 2.129314e+01 -2.300189e-03 
 2.129354e+01 -2.325693e-03 
 2.129394e+01 -2.351637e-03 
 2.129433e+01 -2.377702e-03 
 2.129473e+01 -2.403319e-03 
 2.129513e+01 -2.427958e-03 
 2.129553e+01 -2.451023e-03 
 2.129592e+01 -2.471906e-03 
 2.129632e+01 -2.490122e-03 
 2.129672e+01 -2.505013e-03 
 2.129712e+01 -2.516029e-03 
 2.129752e+01 -2.522826e-03 
 2.129791e+01 -2.525047e-03 
 2.129831e+01 -2.522608e-03 
 2.129871e+01 -2.515623e-03 
 2.129911e+01 -2.504519e-03 
 2.129950e+01 -2.489946e-03 
 2.129990e+01 -2.472596e-03 
 2.130030e+01 -2.453088e-03 
 2.130070e+01 -2.431928e-03 
 2.130109e+01 -2.409874e-03 
 2.130149e+01 -2.387479e-03 
 2.130189e+01 -2.365475e-03 
 2.130229e+01 -2.344382e-03 
 2.130269e+01 -2.324513e-03 
 2.130308e+01 -2.306333e-03 
 2.130348e+01 -2.289953e-03 
 2.130388e+01 -2.275421e-03 
 2.130428e+01 -2.262505e-03 
 2.130467e+01 -2.251017e-03 
 2.130507e+01 -2.240783e-03 
 2.130547e+01 -2.231623e-03 
 2.130587e+01 -2.223515e-03 
 2.130626e+01 -2.216416e-03 
 2.130666e+01 -2.210302e-03 
 2.130706e+01 -2.205156e-03 
 2.130746e+01 -2.200952e-03 
 2.130786e+01 -2.197828e-03 
 2.130825e+01 -2.196093e-03 
 2.130865e+01 -2.195643e-03 
 2.130905e+01 -2.196787e-03 
 2.130945e+01 -2.199501e-03 
 2.130984e+01 -2.203685e-03 
 2.131024e+01 -2.209339e-03 
 2.131064e+01 -2.216386e-03 
 2.131104e+01 -2.224419e-03 
 2.131143e+01 -2.233402e-03 
 2.131183e+01 -2.243155e-03 
 2.131223e+01 -2.253360e-03 
 2.131263e+01 -2.263426e-03 
 2.131303e+01 -2.272777e-03 
 2.131342e+01 -2.280781e-03 
 2.131382e+01 -2.286869e-03 
 2.131422e+01 -2.290555e-03 
 2.131462e+01 -2.291407e-03 
 2.131501e+01 -2.289179e-03 
 2.131541e+01 -2.283694e-03 
 2.131581e+01 -2.274943e-03 
 2.131621e+01 -2.262991e-03 
 2.131660e+01 -2.247778e-03 
 2.131700e+01 -2.229513e-03 
 2.131740e+01 -2.208569e-03 
 2.131780e+01 -2.185371e-03 
 2.131820e+01 -2.160304e-03 
 2.131859e+01 -2.133941e-03 
 2.131899e+01 -2.106584e-03 
 2.131939e+01 -2.078433e-03 
 2.131979e+01 -2.049776e-03 
 2.132018e+01 -2.020850e-03 
 2.132058e+01 -1.991890e-03 
 2.132098e+01 -1.963199e-03 
 2.132138e+01 -1.934982e-03 
 2.132178e+01 -1.907287e-03 
 2.132217e+01 -1.880116e-03 
 2.132257e+01 -1.853157e-03 
 2.132297e+01 -1.826458e-03 
 2.132337e+01 -1.799725e-03 
 2.132376e+01 -1.773000e-03 
 2.132416e+01 -1.746373e-03 
 2.132456e+01 -1.720058e-03 
 2.132496e+01 -1.694253e-03 
 2.132535e+01 -1.669102e-03 
 2.132575e+01 -1.644496e-03 
 2.132615e+01 -1.620576e-03 
 2.132655e+01 -1.597303e-03 
 2.132695e+01 -1.574790e-03 
 2.132734e+01 -1.553102e-03 
 2.132774e+01 -1.532474e-03 
 2.132814e+01 -1.512902e-03 
 2.132854e+01 -1.494507e-03 
 2.132893e+01 -1.477135e-03 
 2.132933e+01 -1.460638e-03 
 2.132973e+01 -1.444450e-03 
 2.133013e+01 -1.428401e-03 
 2.133052e+01 -1.412216e-03 
 2.133092e+01 -1.395627e-03 
 2.133132e+01 -1.378436e-03 
 2.133172e+01 -1.360359e-03 
 2.133212e+01 -1.341257e-03 
 2.133251e+01 -1.321003e-03 
 2.133291e+01 -1.299307e-03 
 2.133331e+01 -1.276284e-03 
 2.133371e+01 -1.252248e-03 
 2.133410e+01 -1.227457e-03 
 2.133450e+01 -1.202154e-03 
 2.133490e+01 -1.176484e-03 
 2.133530e+01 -1.150673e-03 
 2.133569e+01 -1.124815e-03 
 2.133609e+01 -1.098921e-03 
 2.133649e+01 -1.073001e-03 
 2.133689e+01 -1.047223e-03 
 2.133729e+01 -1.021459e-03 
 2.133768e+01 -9.955930e-04 
 2.133808e+01 -9.694599e-04 
 2.133848e+01 -9.427101e-04 
 2.133888e+01 -9.150884e-04 
 2.133927e+01 -8.866295e-04 
 2.133967e+01 -8.572898e-04 
 2.134007e+01 -8.273398e-04 
 2.134047e+01 -7.968847e-04 
 2.134086e+01 -7.662190e-04 
 2.134126e+01 -7.355934e-04 
 2.134166e+01 -7.050552e-04 
 2.134206e+01 -6.747112e-04 
 2.134246e+01 -6.448502e-04 
 2.134285e+01 -6.159469e-04 
 2.134325e+01 -5.881777e-04 
 2.134365e+01 -5.620771e-04 
 2.134405e+01 -5.381992e-04 
 2.134444e+01 -5.166435e-04 
 2.134484e+01 -4.977770e-04 
 2.134524e+01 -4.815534e-04 
 2.134564e+01 -4.679104e-04 
 2.134603e+01 -4.565093e-04 
 2.134643e+01 -4.471094e-04 
 2.134683e+01 -4.394625e-04 
 2.134723e+01 -4.330811e-04 
 2.134763e+01 -4.274376e-04 
 2.134802e+01 -4.220779e-04 
 2.134842e+01 -4.164537e-04 
 2.134882e+01 -4.102371e-04 
 2.134922e+01 -4.030773e-04 
 2.134961e+01 -3.948741e-04 
 2.135001e+01 -3.855358e-04 
 2.135041e+01 -3.748227e-04 
 2.135081e+01 -3.625171e-04 
 2.135120e+01 -3.486472e-04 
 2.135160e+01 -3.333211e-04 
 2.135200e+01 -3.165778e-04 
 2.135240e+01 -2.988149e-04 
 2.135280e+01 -2.804852e-04 
 2.135319e+01 -2.617626e-04 
 2.135359e+01 -2.432403e-04 
 2.135399e+01 -2.251702e-04 
 2.135439e+01 -2.075151e-04 
 2.135478e+01 -1.903556e-04 
 2.135518e+01 -1.738038e-04 
 2.135558e+01 -1.581926e-04 
 2.135598e+01 -1.436148e-04 
 2.135637e+01 -1.301538e-04 
 2.135677e+01 -1.179316e-04 
 2.135717e+01 -1.068727e-04 
 2.135757e+01 -9.719715e-05 
 2.135797e+01 -8.889260e-05 
 2.135836e+01 -8.198037e-05 
 2.135876e+01 -7.665036e-05 
 2.135916e+01 -7.311514e-05 
 2.135956e+01 -7.135899e-05 
 2.135995e+01 -7.154799e-05 
 2.136035e+01 -7.371983e-05 
 2.136075e+01 -7.789340e-05 
 2.136115e+01 -8.419883e-05 
 2.136154e+01 -9.310306e-05 
 2.136194e+01 -1.050980e-04 
 2.136234e+01 -1.205041e-04 
 2.136274e+01 -1.393846e-04 
 2.136314e+01 -1.622159e-04 
 2.136353e+01 -1.888044e-04 
 2.136393e+01 -2.188418e-04 
 2.136433e+01 -2.517769e-04 
 2.136473e+01 -2.869699e-04 
 2.136512e+01 -3.236997e-04 
 2.136552e+01 -3.612422e-04 
 2.136592e+01 -3.989567e-04 
 2.136632e+01 -4.363929e-04 
 2.136671e+01 -4.729613e-04 
 2.136711e+01 -5.080994e-04 
 2.136751e+01 -5.414278e-04 
 2.136791e+01 -5.726475e-04 
 2.136831e+01 -6.015482e-04 
 2.136870e+01 -6.279680e-04 
 2.136910e+01 -6.518815e-04 
 2.136950e+01 -6.733324e-04 
 2.136990e+01 -6.925822e-04 
 2.137029e+01 -7.101427e-04 
 2.137069e+01 -7.264307e-04 
 2.137109e+01 -7.418751e-04 
 2.137149e+01 -7.568619e-04 
 2.137188e+01 -7.718506e-04 
 2.137228e+01 -7.869445e-04 
 2.137268e+01 -8.021973e-04 
 2.137308e+01 -8.173303e-04 
 2.137348e+01 -8.321854e-04 
 2.137387e+01 -8.466208e-04 
 2.137427e+01 -8.606526e-04 
 2.137467e+01 -8.744775e-04 
 2.137507e+01 -8.883252e-04 
 2.137546e+01 -9.025791e-04 
 2.137586e+01 -9.175453e-04 
 2.137626e+01 -9.334634e-04 
 2.137666e+01 -9.501708e-04 
 2.137705e+01 -9.674595e-04 
 2.137745e+01 -9.852617e-04 
 2.137785e+01 -1.003576e-03 
 2.137825e+01 -1.022392e-03 
 2.137865e+01 -1.041818e-03 
 2.137904e+01 -1.062318e-03 
 2.137944e+01 -1.084037e-03 
 2.137984e+01 -1.106984e-03 
 2.138024e+01 -1.131272e-03 
 2.138063e+01 -1.156998e-03 
 2.138103e+01 -1.183915e-03 
 2.138143e+01 -1.211755e-03 
 2.138183e+01 -1.240360e-03 
 2.138222e+01 -1.269238e-03 
 2.138262e+01 -1.298071e-03 
 2.138302e+01 -1.326697e-03 
 2.138342e+01 -1.354745e-03 
 2.138382e+01 -1.382106e-03 
 2.138421e+01 -1.408705e-03 
 2.138461e+01 -1.434396e-03 
 2.138501e+01 -1.458990e-03 
 2.138541e+01 -1.482511e-03 
 2.138580e+01 -1.504772e-03 
 2.138620e+01 -1.525681e-03 
 2.138660e+01 -1.545363e-03 
 2.138700e+01 -1.563836e-03 
 2.138739e+01 -1.581499e-03 
 2.138779e+01 -1.598545e-03 
 2.138819e+01 -1.615273e-03 
 2.138859e+01 -1.631853e-03 
 2.138899e+01 -1.648263e-03 
 2.138938e+01 -1.664576e-03 
 2.138978e+01 -1.680636e-03 
 2.139018e+01 -1.696327e-03 
 2.139058e+01 -1.711414e-03 
 2.139097e+01 -1.725458e-03 
 2.139137e+01 -1.738123e-03 
 2.139177e+01 -1.748906e-03 
 2.139217e+01 -1.757467e-03 
 2.139256e+01 -1.763534e-03 
 2.139296e+01 -1.767018e-03 
 2.139336e+01 -1.767880e-03 
 2.139376e+01 -1.766368e-03 
 2.139416e+01 -1.763057e-03 
 2.139455e+01 -1.758351e-03 
 2.139495e+01 -1.752582e-03 
 2.139535e+01 -1.746630e-03 
 2.139575e+01 -1.740841e-03 
 2.139614e+01 -1.735577e-03 
 2.139654e+01 -1.731380e-03 
 2.139694e+01 -1.728757e-03 
 2.139734e+01 -1.728111e-03 
 2.139773e+01 -1.729575e-03 
 2.139813e+01 -1.733228e-03 
 2.139853e+01 -1.738683e-03 
 2.139893e+01 -1.745750e-03 
 2.139933e+01 -1.754163e-03 
 2.139972e+01 -1.763276e-03 
 2.140012e+01 -1.772568e-03 
 2.140052e+01 -1.781524e-03 
 2.140092e+01 -1.789992e-03 
 2.140131e+01 -1.797639e-03 
 2.140171e+01 -1.804182e-03 
 2.140211e+01 -1.809298e-03 
 2.140251e+01 -1.813088e-03 
 2.140290e+01 -1.815703e-03 
 2.140330e+01 -1.817290e-03 
 2.140370e+01 -1.818129e-03 
 2.140410e+01 -1.818424e-03 
 2.140450e+01 -1.818128e-03 
 2.140489e+01 -1.817218e-03 
 2.140529e+01 -1.815808e-03 
 2.140569e+01 -1.813839e-03 
 2.140609e+01 -1.811275e-03 
 2.140648e+01 -1.808118e-03 
 2.140688e+01 -1.804293e-03 
 2.140728e+01 -1.799943e-03 
 2.140768e+01 -1.794931e-03 
 2.140807e+01 -1.789025e-03 
 2.140847e+01 -1.781904e-03 
 2.140887e+01 -1.773254e-03 
 2.140927e+01 -1.762744e-03 
 2.140967e+01 -1.750224e-03 
 2.141006e+01 -1.735578e-03 
 2.141046e+01 -1.718710e-03 
 2.141086e+01 -1.699705e-03 
 2.141126e+01 -1.678817e-03 
 2.141165e+01 -1.656464e-03 
 2.141205e+01 -1.633144e-03 
 2.141245e+01 -1.609277e-03 
 2.141285e+01 -1.585540e-03 
 2.141325e+01 -1.562422e-03 
 2.141364e+01 -1.540334e-03 
 2.141404e+01 -1.519613e-03 
 2.141444e+01 -1.500493e-03 
 2.141484e+01 -1.483232e-03 
 2.141523e+01 -1.468204e-03 
 2.141563e+01 -1.455567e-03 
 2.141603e+01 -1.445403e-03 
 2.141643e+01 -1.437536e-03 
 2.141682e+01 -1.431642e-03 
 2.141722e+01 -1.427220e-03 
 2.141762e+01 -1.423917e-03 
 2.141802e+01 -1.421202e-03 
 2.141842e+01 -1.418734e-03 
 2.141881e+01 -1.416250e-03 
 2.141921e+01 -1.413449e-03 
 2.141961e+01 -1.410057e-03 
 2.142001e+01 -1.405834e-03 
 2.142040e+01 -1.400622e-03 
 2.142080e+01 -1.394334e-03 
 2.142120e+01 -1.387031e-03 
 2.142160e+01 -1.378692e-03 
 2.142199e+01 -1.369346e-03 
 2.142239e+01 -1.359279e-03 
 2.142279e+01 -1.348509e-03 
 2.142319e+01 -1.337000e-03 
 2.142359e+01 -1.324642e-03 
 2.142398e+01 -1.311224e-03 
 2.142438e+01 -1.296841e-03 
 2.142478e+01 -1.281565e-03 
 2.142518e+01 -1.265496e-03 
 2.142557e+01 -1.248731e-03 
 2.142597e+01 -1.231399e-03 
 2.142637e+01 -1.213403e-03 
 2.142677e+01 -1.194889e-03 
 2.142716e+01 -1.175722e-03 
 2.142756e+01 -1.155842e-03 
 2.142796e+01 -1.135108e-03 
 2.142836e+01 -1.113334e-03 
 2.142876e+01 -1.090374e-03 
 2.142915e+01 -1.066498e-03 
 2.142955e+01 -1.041910e-03 
 2.142995e+01 -1.016862e-03 
 2.143035e+01 -9.916987e-04 
 2.143074e+01 -9.668749e-04 
 2.143114e+01 -9.425216e-04 
 2.143154e+01 -9.189852e-04 
 2.143194e+01 -8.962144e-04 
 2.143233e+01 -8.741569e-04 
 2.143273e+01 -8.527977e-04 
 2.143313e+01 -8.320429e-04 
 2.143353e+01 -8.117860e-04 
 2.143393e+01 -7.918522e-04 
 2.143432e+01 -7.720722e-04 
 2.143472e+01 -7.522878e-04 
 2.143512e+01 -7.320750e-04 
 2.143552e+01 -7.111210e-04 
 2.143591e+01 -6.889619e-04 
 2.143631e+01 -6.651781e-04 
 2.143671e+01 -6.396241e-04 
 2.143711e+01 -6.122545e-04 
 2.143750e+01 -5.829819e-04 
 2.143790e+01 -5.520292e-04 
 2.143830e+01 -5.197244e-04 
 2.143870e+01 -4.864929e-04 
 2.143910e+01 -4.528926e-04 
 2.143949e+01 -4.191467e-04 
 2.143989e+01 -3.856567e-04 
 2.144029e+01 -3.526184e-04 
 2.144069e+01 -3.203034e-04 
 2.144108e+01 -2.887438e-04 
 2.144148e+01 -2.578864e-04 
 2.144188e+01 -2.275827e-04 
 2.144228e+01 -1.975175e-04 
 2.144267e+01 -1.674282e-04 
 2.144307e+01 -1.371439e-04 
 2.144347e+01 -1.063681e-04 
 2.144387e+01 -7.495874e-05 
 2.144427e+01 -4.301640e-05 
 2.144466e+01 -1.057008e-05 
 2.144506e+01  2.235254e-05 
 2.144546e+01  5.576127e-05 
 2.144586e+01  8.957912e-05 
 2.144625e+01  1.236028e-04 
 2.144665e+01  1.573501e-04 
 2.144705e+01  1.903704e-04 
 2.144745e+01  2.220781e-04 
 2.144784e+01  2.520152e-04 
 2.144824e+01  2.797454e-04 
 2.144864e+01  3.050251e-04 
 2.144904e+01  3.276876e-04 
 2.144944e+01  3.478279e-04 
 2.144983e+01  3.656757e-04 
 2.145023e+01  3.812575e-04 
 2.145063e+01  3.945971e-04 
 2.145103e+01  4.055368e-04 
 2.145142e+01  4.140152e-04 
 2.145182e+01  4.200805e-04 
 2.145222e+01  4.238917e-04 
 2.145262e+01  4.257450e-04 
 2.145301e+01  4.256966e-04 
 2.145341e+01  4.242758e-04 
 2.145381e+01  4.218353e-04 
 2.145421e+01  4.188561e-04 
 2.145461e+01  4.156384e-04 
 2.145500e+01  4.122457e-04 
 2.145540e+01  4.087220e-04 
 2.145580e+01  4.048630e-04 
 2.145620e+01  4.004641e-04 
 2.145659e+01  3.952279e-04 
 2.145699e+01  3.888034e-04 
 2.145739e+01  3.809548e-04 
 2.145779e+01  3.716223e-04 
 2.145818e+01  3.607382e-04 
 2.145858e+01  3.484824e-04 
 2.145898e+01  3.350258e-04 
 2.145938e+01  3.207923e-04 
 2.145978e+01  3.059207e-04 
 2.146017e+01  2.908927e-04 
 2.146057e+01  2.760031e-04 
 2.146097e+01  2.618021e-04 
 2.146137e+01  2.489338e-04 
 2.146176e+01  2.379415e-04 
 2.146216e+01  2.293237e-04 
 2.146256e+01  2.233655e-04 
 2.146296e+01  2.202485e-04 
 2.146335e+01  2.196820e-04 
 2.146375e+01  2.214403e-04 
 2.146415e+01  2.250863e-04 
 2.146455e+01  2.300296e-04 
 2.146495e+01  2.355949e-04 
 2.146534e+01  2.413171e-04 
 2.146574e+01  2.467580e-04 
 2.146614e+01  2.513344e-04 
 2.146654e+01  2.541430e-04 
 2.146693e+01  2.548638e-04 
 2.146733e+01  2.532916e-04 
 2.146773e+01  2.492121e-04 
 2.146813e+01  2.424407e-04 
 2.146852e+01  2.331294e-04 
 2.146892e+01  2.214328e-04 
 2.146932e+01  2.073984e-04 
 2.146972e+01  1.911871e-04 
 2.147012e+01  1.729474e-04 
 2.147051e+01  1.529056e-04 
 2.147091e+01  1.313453e-04 
 2.147131e+01  1.085859e-04 
 2.147171e+01  8.511819e-05 
 2.147210e+01  6.120912e-05 
 2.147250e+01  3.699386e-05 
 2.147290e+01  1.219677e-05 
 2.147330e+01 -1.322805e-05 
 2.147369e+01 -3.949051e-05 
 2.147409e+01 -6.663303e-05 
 2.147449e+01 -9.481568e-05 
 2.147489e+01 -1.242112e-04 
 2.147529e+01 -1.547299e-04 
 2.147568e+01 -1.861942e-04 
 2.147608e+01 -2.185266e-04 
 2.147648e+01 -2.515125e-04 
 2.147688e+01 -2.849755e-04 
 2.147727e+01 -3.185845e-04 
 2.147767e+01 -3.519409e-04 
 2.147807e+01 -3.847111e-04 
 2.147847e+01 -4.165085e-04 
 2.147886e+01 -4.469846e-04 
 2.147926e+01 -4.761459e-04 
 2.147966e+01 -5.039147e-04 
 2.148006e+01 -5.301440e-04 
 2.148046e+01 -5.549033e-04 
 2.148085e+01 -5.782082e-04 
 2.148125e+01 -6.000683e-04 
 2.148165e+01 -6.206282e-04 
 2.148205e+01 -6.401763e-04 
 2.148244e+01 -6.592033e-04 
 2.148284e+01 -6.782875e-04 
 2.148324e+01 -6.977108e-04 
 2.148364e+01 -7.177028e-04 
 2.148403e+01 -7.385988e-04 
 2.148443e+01 -7.603855e-04 
 2.148483e+01 -7.829143e-04 
 2.148523e+01 -8.059990e-04 
 2.148563e+01 -8.293958e-04 
 2.148602e+01 -8.528562e-04 
 2.148642e+01 -8.759942e-04 
 2.148682e+01 -8.985623e-04 
 2.148722e+01 -9.201671e-04 
 2.148761e+01 -9.403598e-04 
 2.148801e+01 -9.590546e-04 
 2.148841e+01 -9.762925e-04 
 2.148881e+01 -9.919704e-04 
 2.148920e+01 -1.006026e-03 
 2.148960e+01 -1.018310e-03 
 2.149000e+01 -1.028955e-03 
 2.149040e+01 -1.038162e-03 
 2.149080e+01 -1.046107e-03 
 2.149119e+01 -1.053213e-03 
 2.149159e+01 -1.059824e-03 
 2.149199e+01 -1.066426e-03 
 2.149239e+01 -1.073263e-03 
 2.149278e+01 -1.080710e-03 
 2.149318e+01 -1.088703e-03 
 2.149358e+01 -1.096866e-03 
 2.149398e+01 -1.104949e-03 
 2.149437e+01 -1.112659e-03 
 2.149477e+01 -1.119905e-03 
 2.149517e+01 -1.126542e-03 
 2.149557e+01 -1.132202e-03 
 2.149597e+01 -1.136712e-03 
 2.149636e+01 -1.139777e-03 
 2.149676e+01 -1.141309e-03 
 2.149716e+01 -1.141101e-03 
 2.149756e+01 -1.139143e-03 
 2.149795e+01 -1.135696e-03 
 2.149835e+01 -1.130911e-03 
 2.149875e+01 -1.125147e-03 
 2.149915e+01 -1.118987e-03 
 2.149954e+01 -1.112754e-03 
 2.149994e+01 -1.106908e-03 
 2.150034e+01 -1.101651e-03 
 2.150074e+01 -1.097148e-03 
 2.150114e+01 -1.093537e-03 
 2.150153e+01 -1.091125e-03 
 2.150193e+01 -1.089981e-03 
 2.150233e+01 -1.090200e-03 
 2.150273e+01 -1.091731e-03 
 2.150312e+01 -1.094369e-03 
 2.150352e+01 -1.097717e-03 
 2.150392e+01 -1.101296e-03 
 2.150432e+01 -1.104697e-03 
 2.150471e+01 -1.107578e-03 
 2.150511e+01 -1.109486e-03 
 2.150551e+01 -1.110200e-03 
 2.150591e+01 -1.109760e-03 
 2.150631e+01 -1.108278e-03 
 2.150670e+01 -1.105972e-03 
 2.150710e+01 -1.103024e-03 
 2.150750e+01 -1.099822e-03 
 2.150790e+01 -1.096753e-03 
 2.150829e+01 -1.094205e-03 
 2.150869e+01 -1.092496e-03 
 2.150909e+01 -1.091743e-03 
 2.150949e+01 -1.092232e-03 
 2.150989e+01 -1.094002e-03 
 2.151028e+01 -1.097354e-03 
 2.151068e+01 -1.102403e-03 
 2.151108e+01 -1.108920e-03 
 2.151148e+01 -1.116798e-03 
 2.151187e+01 -1.125571e-03 
 2.151227e+01 -1.134893e-03 
 2.151267e+01 -1.143865e-03 
 2.151307e+01 -1.151718e-03 
 2.151346e+01 -1.157724e-03 
 2.151386e+01 -1.161322e-03 
 2.151426e+01 -1.162225e-03 
 2.151466e+01 -1.160220e-03 
 2.151506e+01 -1.155476e-03 
 2.151545e+01 -1.147935e-03 
 2.151585e+01 -1.137701e-03 
 2.151625e+01 -1.124983e-03 
 2.151665e+01 -1.109917e-03 
 2.151704e+01 -1.092736e-03 
 2.151744e+01 -1.073724e-03 
 2.151784e+01 -1.053113e-03 
 2.151824e+01 -1.031230e-03 
 2.151863e+01 -1.008454e-03 
 2.151903e+01 -9.851557e-04 
 2.151943e+01 -9.615539e-04 
 2.151983e+01 -9.378596e-04 
 2.152023e+01 -9.142850e-04 
 2.152062e+01 -8.908763e-04 
 2.152102e+01 -8.675369e-04 
 2.152142e+01 -8.443216e-04 
 2.152182e+01 -8.211335e-04 
 2.152221e+01 -7.977449e-04 
 2.152261e+01 -7.737361e-04 
 2.152301e+01 -7.490123e-04 
 2.152341e+01 -7.236069e-04 
 2.152380e+01 -6.975739e-04 
 2.152420e+01 -6.713221e-04 
 2.152460e+01 -6.452262e-04 
 2.152500e+01 -6.195129e-04 
 2.152540e+01 -5.943704e-04 
 2.152579e+01 -5.699068e-04 
 2.152619e+01 -5.464025e-04 
 2.152659e+01 -5.240448e-04 
 2.152699e+01 -5.026477e-04 
 2.152738e+01 -4.823212e-04 
 2.152778e+01 -4.632834e-04 
 2.152818e+01 -4.455087e-04 
 2.152858e+01 -4.290592e-04 
 2.152897e+01 -4.136546e-04 
 2.152937e+01 -3.989914e-04 
 2.152977e+01 -3.847055e-04 
 2.153017e+01 -3.701673e-04 
 2.153057e+01 -3.550239e-04 
 2.153096e+01 -3.387902e-04 
 2.153136e+01 -3.208885e-04 
 2.153176e+01 -3.010414e-04 
 2.153216e+01 -2.790909e-04 
 2.153255e+01 -2.549985e-04 
 2.153295e+01 -2.290131e-04 
 2.153335e+01 -2.013212e-04 
 2.153375e+01 -1.725207e-04 
 2.153414e+01 -1.428210e-04 
 2.153454e+01 -1.126073e-04 
 2.153494e+01 -8.205842e-05 
 2.153534e+01 -5.122201e-05 
 2.153574e+01 -2.027788e-05 
 2.153613e+01  1.062422e-05 
 2.153653e+01  4.106473e-05 
 2.153693e+01  7.074280e-05 
 2.153733e+01  9.937551e-05 
 2.153772e+01  1.268845e-04 
 2.153812e+01  1.533481e-04 
 2.153852e+01  1.788525e-04 
 2.153892e+01  2.037231e-04 
 2.153931e+01  2.282346e-04 
 2.153971e+01  2.527867e-04 
 2.154011e+01  2.775623e-04 
 2.154051e+01  3.025176e-04 
 2.154091e+01  3.277355e-04 
 2.154130e+01  3.532914e-04 
 2.154170e+01  3.790655e-04 
 2.154210e+01  4.047416e-04 
 2.154250e+01  4.299850e-04 
 2.154289e+01  4.543886e-04 
 2.154329e+01  4.774334e-04 
 2.154369e+01  4.988424e-04 
 2.154409e+01  5.182680e-04 
 2.154448e+01  5.359593e-04 
 2.154488e+01  5.520451e-04 
 2.154528e+01  5.665875e-04 
 2.154568e+01  5.798582e-04 
 2.154608e+01  5.920449e-04 
 2.154647e+01  6.032168e-04 
 2.154687e+01  6.137548e-04 
 2.154727e+01  6.239852e-04 
 2.154767e+01  6.344273e-04 
 2.154806e+01  6.453565e-04 
 2.154846e+01  6.569919e-04 
 2.154886e+01  6.698597e-04 
 2.154926e+01  6.841323e-04 
 2.154965e+01  6.995079e-04 
 2.155005e+01  7.157940e-04 
 2.155045e+01  7.327736e-04 
 2.155085e+01  7.500854e-04 
 2.155125e+01  7.673127e-04 
 2.155164e+01  7.841525e-04 
 2.155204e+01  8.001284e-04 
 2.155244e+01  8.149196e-04 
 2.155284e+01  8.281524e-04 
 2.155323e+01  8.393736e-04 
 2.155363e+01  8.485861e-04 
 2.155403e+01  8.557719e-04 
 2.155443e+01  8.611009e-04 
 2.155482e+01  8.645682e-04 
 2.155522e+01  8.663260e-04 
 2.155562e+01  8.666391e-04 
 2.155602e+01  8.658910e-04 
 2.155642e+01  8.644682e-04 
 2.155681e+01  8.628750e-04 
 2.155721e+01  8.614622e-04 
 2.155761e+01  8.607909e-04 
 2.155801e+01  8.611059e-04 
 2.155840e+01  8.624729e-04 
 2.155880e+01  8.649205e-04 
 2.155920e+01  8.681860e-04 
 2.155960e+01  8.718035e-04 
 2.155999e+01  8.753085e-04 
 2.156039e+01  8.781991e-04 
 2.156079e+01  8.797815e-04 
 2.156119e+01  8.794763e-04 
 2.156159e+01  8.770372e-04 
 2.156198e+01  8.718779e-04 
 2.156238e+01  8.635841e-04 
 2.156278e+01  8.520349e-04 
 2.156318e+01  8.373788e-04 
 2.156357e+01  8.197809e-04 
 2.156397e+01  7.993011e-04 
 2.156437e+01  7.766221e-04 
 2.156477e+01  7.522461e-04 
 2.156516e+01  7.266575e-04 
 2.156556e+01  7.001773e-04 
 2.156596e+01  6.733178e-04 
 2.156636e+01  6.465534e-04 
 2.156676e+01  6.203401e-04 
 2.156715e+01  5.949038e-04 
 2.156755e+01  5.704711e-04 
 2.156795e+01  5.468800e-04 
 2.156835e+01  5.240402e-04 
 2.156874e+01  5.017862e-04 
 2.156914e+01  4.799586e-04 
 2.156954e+01  4.581150e-04 
 2.156994e+01  4.358367e-04 
 2.157033e+01  4.129450e-04 
 2.157073e+01  3.894640e-04 
 2.157113e+01  3.654582e-04 
 2.157153e+01  3.409271e-04 
 2.157193e+01  3.159616e-04 
 2.157232e+01  2.906167e-04 
 2.157272e+01  2.652152e-04 
 2.157312e+01  2.401728e-04 
 2.157352e+01  2.158403e-04 
 2.157391e+01  1.923976e-04 
 2.157431e+01  1.700028e-04 
 2.157471e+01  1.486638e-04 
 2.157511e+01  1.281637e-04 
 2.157550e+01  1.083689e-04 
 2.157590e+01  8.899991e-05 
 2.157630e+01  6.983461e-05 
 2.157670e+01  5.060234e-05 
 2.157710e+01  3.092179e-05 
 2.157749e+01  1.068706e-05 
 2.157789e+01 -1.022570e-05 
 2.157829e+01 -3.210025e-05 
 2.157869e+01 -5.529218e-05 
 2.157908e+01 -8.004965e-05 
 2.157948e+01 -1.065160e-04 
 2.157988e+01 -1.349165e-04 
 2.158028e+01 -1.653840e-04 
 2.158067e+01 -1.978131e-04 
 2.158107e+01 -2.319428e-04 
 2.158147e+01 -2.675120e-04 
 2.158187e+01 -3.040621e-04 
 2.158227e+01 -3.410944e-04 
 2.158266e+01 -3.780237e-04 
 2.158306e+01 -4.144206e-04 
 2.158346e+01 -4.498447e-04 
 2.158386e+01 -4.839873e-04 
 2.158425e+01 -5.166977e-04 
 2.158465e+01 -5.478446e-04 
 2.158505e+01 -5.773520e-04 
 2.158545e+01 -6.051866e-04 
 2.158584e+01 -6.315176e-04 
 2.158624e+01 -6.564057e-04 
 2.158664e+01 -6.797270e-04 
 2.158704e+01 -7.018867e-04 
 2.158744e+01 -7.232192e-04 
 2.158783e+01 -7.440700e-04 
 2.158823e+01 -7.646244e-04 
 2.158863e+01 -7.851437e-04 
 2.158903e+01 -8.055233e-04 
 2.158942e+01 -8.255024e-04 
 2.158982e+01 -8.448257e-04 
 2.159022e+01 -8.629577e-04 
 2.159062e+01 -8.795081e-04 
 2.159101e+01 -8.941490e-04 
 2.159141e+01 -9.066549e-04 
 2.159181e+01 -9.170190e-04 
 2.159221e+01 -9.252836e-04 
 2.159261e+01 -9.314896e-04 
 2.159300e+01 -9.357718e-04 
 2.159340e+01 -9.382577e-04 
 2.159380e+01 -9.392996e-04 
 2.159420e+01 -9.391929e-04 
 2.159459e+01 -9.382682e-04 
 2.159499e+01 -9.369710e-04 
 2.159539e+01 -9.356188e-04 
 2.159579e+01 -9.346819e-04 
 2.159618e+01 -9.344490e-04 
 2.159658e+01 -9.351645e-04 
 2.159698e+01 -9.369729e-04 
 2.159738e+01 -9.399523e-04 
 2.159778e+01 -9.439738e-04 
 2.159817e+01 -9.486456e-04 
 2.159857e+01 -9.538651e-04 
 2.159897e+01 -9.592365e-04 
 2.159937e+01 -9.642475e-04 
 2.159976e+01 -9.685697e-04 
 2.160016e+01 -9.718102e-04 
 2.160056e+01 -9.737522e-04 
 2.160096e+01 -9.743252e-04 
 2.160136e+01 -9.733918e-04 
 2.160175e+01 -9.710078e-04 
 2.160215e+01 -9.675445e-04 
 2.160255e+01 -9.631712e-04 
 2.160295e+01 -9.583889e-04 
 2.160334e+01 -9.536957e-04 
 2.160374e+01 -9.494423e-04 
 2.160414e+01 -9.460854e-04 
 2.160454e+01 -9.439976e-04 
 2.160493e+01 -9.437783e-04 
 2.160533e+01 -9.456983e-04 
 2.160573e+01 -9.499936e-04 
 2.160613e+01 -9.567767e-04 
 2.160653e+01 -9.658714e-04 
 2.160692e+01 -9.769961e-04 
 2.160732e+01 -9.897538e-04 
 2.160772e+01 -1.003611e-03 
 2.160812e+01 -1.017779e-03 
 2.160851e+01 -1.031627e-03 
 2.160891e+01 -1.044728e-03 
 2.160931e+01 -1.056666e-03 
 2.160971e+01 -1.067090e-03 
 2.161010e+01 -1.075567e-03 
 2.161050e+01 -1.081896e-03 
 2.161090e+01 -1.086094e-03 
 2.161130e+01 -1.087961e-03 
 2.161170e+01 -1.087702e-03 
 2.161209e+01 -1.085541e-03 
 2.161249e+01 -1.081544e-03 
 2.161289e+01 -1.075953e-03 
 2.161329e+01 -1.069100e-03 
 2.161368e+01 -1.061446e-03 
 2.161408e+01 -1.053434e-03 
 2.161448e+01 -1.045095e-03 
 2.161488e+01 -1.036754e-03 
 2.161527e+01 -1.028236e-03 
 2.161567e+01 -1.019528e-03 
 2.161607e+01 -1.010408e-03 
 2.161647e+01 -1.000596e-03 
 2.161687e+01 -9.898200e-04 
 2.161726e+01 -9.777990e-04 
 2.161766e+01 -9.645022e-04 
 2.161806e+01 -9.496940e-04 
 2.161846e+01 -9.333285e-04 
 2.161885e+01 -9.154229e-04 
 2.161925e+01 -8.959273e-04 
 2.161965e+01 -8.750142e-04 
 2.162005e+01 -8.526518e-04 
 2.162044e+01 -8.291527e-04 
 2.162084e+01 -8.049294e-04 
 2.162124e+01 -7.801320e-04 
 2.162164e+01 -7.552926e-04 
 2.162204e+01 -7.308574e-04 
 2.162243e+01 -7.071919e-04 
 2.162283e+01 -6.847615e-04 
 2.162323e+01 -6.636944e-04 
 2.162363e+01 -6.443197e-04 
 2.162402e+01 -6.267729e-04 
 2.162442e+01 -6.106430e-04 
 2.162482e+01 -5.956274e-04 
 2.162522e+01 -5.811759e-04 
 2.162561e+01 -5.668688e-04 
 2.162601e+01 -5.521288e-04 
 2.162641e+01 -5.366170e-04 
 2.162681e+01 -5.199892e-04 
 2.162721e+01 -5.019931e-04 
 2.162760e+01 -4.825343e-04 
 2.162800e+01 -4.615594e-04 
 2.162840e+01 -4.392097e-04 
 2.162880e+01 -4.155387e-04 
 2.162919e+01 -3.907635e-04 
 2.162959e+01 -3.652947e-04 
 2.162999e+01 -3.393607e-04 
 2.163039e+01 -3.135248e-04 
 2.163078e+01 -2.885917e-04 
 2.163118e+01 -2.651220e-04 
 2.163158e+01 -2.436668e-04 
 2.163198e+01 -2.245056e-04 
 2.163238e+01 -2.076347e-04 
 2.163277e+01 -1.929062e-04 
 2.163317e+01 -1.798593e-04 
 2.163357e+01 -1.680558e-04 
 2.163397e+01 -1.569784e-04 
 2.163436e+01 -1.460240e-04 
 2.163476e+01 -1.347020e-04 
 2.163516e+01 -1.225373e-04 
 2.163556e+01 -1.093344e-04 
 2.163595e+01 -9.510222e-05 
 2.163635e+01 -7.977693e-05 
 2.163675e+01 -6.346077e-05 
 2.163715e+01 -4.634464e-05 
 2.163755e+01 -2.872142e-05 
 2.163794e+01 -1.084986e-05 
 2.163834e+01  6.932995e-06 
 2.163874e+01  2.448515e-05 
 2.163914e+01  4.175357e-05 
 2.163953e+01  5.863469e-05 
 2.163993e+01  7.491952e-05 
 2.164033e+01  9.076820e-05 
 2.164073e+01  1.064066e-04 
 2.164112e+01  1.221577e-04 
 2.164152e+01  1.382520e-04 
 2.164192e+01  1.551815e-04 
 2.164232e+01  1.732617e-04 
 2.164272e+01  1.925942e-04 
 2.164311e+01  2.134999e-04 
 2.164351e+01  2.360748e-04 
 2.164391e+01  2.602224e-04 
 2.164431e+01  2.857792e-04 
 2.164470e+01  3.125783e-04 
 2.164510e+01  3.405347e-04 
 2.164550e+01  3.691700e-04 
 2.164590e+01  3.982192e-04 
 2.164629e+01  4.273324e-04 
 2.164669e+01  4.559822e-04 
 2.164709e+01  4.837199e-04 
 2.164749e+01  5.100553e-04 
 2.164789e+01  5.348316e-04 
 2.164828e+01  5.576558e-04 
 2.164868e+01  5.784293e-04 
 2.164908e+01  5.971206e-04 
 2.164948e+01  6.134752e-04 
 2.164987e+01  6.275425e-04 
 2.165027e+01  6.395570e-04 
 2.165067e+01  6.497961e-04 
 2.165107e+01  6.584593e-04 
 2.165146e+01  6.662257e-04 
 2.165186e+01  6.738963e-04 
 2.165226e+01  6.818751e-04 
 2.165266e+01  6.906129e-04 
 2.165306e+01  7.004844e-04 
 2.165345e+01  7.117324e-04 
 2.165385e+01  7.245433e-04 
 2.165425e+01  7.388208e-04 
 2.165465e+01  7.541993e-04 
 2.165504e+01  7.704024e-04 
 2.165544e+01  7.868307e-04 
 2.165584e+01  8.026657e-04 
 2.165624e+01  8.172146e-04 
 2.165663e+01  8.298248e-04 
 2.165703e+01  8.398311e-04 
 2.165743e+01  8.465823e-04 
 2.165783e+01  8.499617e-04 
 2.165823e+01  8.500646e-04 
 2.165862e+01  8.469982e-04 
 2.165902e+01  8.409995e-04 
 2.165942e+01  8.323269e-04 
 2.165982e+01  8.213274e-04 
 2.166021e+01  8.083105e-04 
 2.166061e+01  7.937470e-04 
 2.166101e+01  7.780644e-04 
 2.166141e+01  7.616442e-04 
 2.166180e+01  7.448884e-04 
 2.166220e+01  7.282077e-04 
 2.166260e+01  7.119791e-04 
 2.166300e+01  6.961611e-04 
 2.166340e+01  6.804558e-04 
 2.166379e+01  6.646041e-04 
 2.166419e+01  6.482316e-04 
 2.166459e+01  6.307804e-04 
 2.166499e+01  6.119524e-04 
 2.166538e+01  5.915138e-04 
 2.166578e+01  5.692880e-04 
 2.166618e+01  5.452591e-04 
 2.166658e+01  5.197126e-04 
 2.166697e+01  4.930934e-04 
 2.166737e+01  4.657912e-04 
 2.166777e+01  4.382783e-04 
 2.166817e+01  4.111352e-04 
 2.166857e+01  3.845835e-04 
 2.166896e+01  3.589928e-04 
 2.166936e+01  3.344508e-04 
 2.166976e+01  3.111686e-04 
 2.167016e+01  2.893923e-04 
 2.167055e+01  2.693971e-04 
 2.167095e+01  2.512891e-04 
 2.167135e+01  2.351810e-04 
 2.167175e+01  2.208824e-04 
 2.167214e+01  2.080288e-04 
 2.167254e+01  1.962187e-04 
 2.167294e+01  1.847003e-04 
 2.167334e+01  1.727998e-04 
 2.167374e+01  1.600975e-04 
 2.167413e+01  1.463819e-04 
 2.167453e+01  1.312762e-04 
 2.167493e+01  1.145946e-04 
 2.167533e+01  9.602618e-05 
 2.167572e+01  7.552386e-05 
 2.167612e+01  5.311314e-05 
 2.167652e+01  2.883033e-05 
 2.167692e+01  3.008730e-06 
 2.167731e+01 -2.417964e-05 
 2.167771e+01 -5.251350e-05 
 2.167811e+01 -8.168357e-05 
 2.167851e+01 -1.111875e-04 
 2.167891e+01 -1.406511e-04 
 2.167930e+01 -1.698492e-04 
 2.167970e+01 -1.983613e-04 
 2.168010e+01 -2.258220e-04 
 2.168050e+01 -2.518946e-04 
 2.168089e+01 -2.765134e-04 
 2.168129e+01 -2.997742e-04 
 2.168169e+01 -3.219826e-04 
 2.168209e+01 -3.436667e-04 
 2.168248e+01 -3.652199e-04 
 2.168288e+01 -3.870767e-04 
 2.168328e+01 -4.094847e-04 
 2.168368e+01 -4.326199e-04 
 2.168408e+01 -4.564810e-04 
 2.168447e+01 -4.808912e-04 
 2.168487e+01 -5.055864e-04 
 2.168527e+01 -5.303345e-04 
 2.168567e+01 -5.547369e-04 
 2.168606e+01 -5.787153e-04 
 2.168646e+01 -6.019687e-04 
 2.168686e+01 -6.243091e-04 
 2.168726e+01 -6.456913e-04 
 2.168765e+01 -6.660453e-04 
 2.168805e+01 -6.853025e-04 
 2.168845e+01 -7.035143e-04 
 2.168885e+01 -7.206729e-04 
 2.168925e+01 -7.367339e-04 
 2.168964e+01 -7.519393e-04 
 2.169004e+01 -7.665798e-04 
 2.169044e+01 -7.808857e-04 
 2.169084e+01 -7.953369e-04 
 2.169123e+01 -8.102101e-04 
 2.169163e+01 -8.258077e-04 
 2.169203e+01 -8.423720e-04 
 2.169243e+01 -8.598602e-04 
 2.169283e+01 -8.781852e-04 
 2.169322e+01 -8.970380e-04 
 2.169362e+01 -9.158416e-04 
 2.169402e+01 -9.341550e-04 
 2.169442e+01 -9.515647e-04 
 2.169481e+01 -9.676882e-04 
 2.169521e+01 -9.823471e-04 
 2.169561e+01 -9.951836e-04 
 2.169601e+01 -1.006021e-03 
 2.169640e+01 -1.015006e-03 
 2.169680e+01 -1.022048e-03 
 2.169720e+01 -1.026978e-03 
 2.169760e+01 -1.030004e-03 
 2.169800e+01 -1.031242e-03 
 2.169839e+01 -1.031233e-03 
 2.169879e+01 -1.030473e-03 
 2.169919e+01 -1.029639e-03 
 2.169959e+01 -1.029412e-03 
 2.169998e+01 -1.030370e-03 
 2.170038e+01 -1.033181e-03 
 2.170078e+01 -1.038348e-03 
 2.170118e+01 -1.046040e-03 
 2.170157e+01 -1.056270e-03 
 2.170197e+01 -1.068661e-03 
 2.170237e+01 -1.082773e-03 
 2.170277e+01 -1.097952e-03 
 2.170317e+01 -1.113693e-03 
 2.170356e+01 -1.129500e-03 
 2.170396e+01 -1.144985e-03 
 2.170436e+01 -1.159721e-03 
 2.170476e+01 -1.173206e-03 
 2.170515e+01 -1.185079e-03 
 2.170555e+01 -1.194898e-03 
 2.170595e+01 -1.202353e-03 
 2.170635e+01 -1.207480e-03 
 2.170674e+01 -1.210333e-03 
 2.170714e+01 -1.211253e-03 
 2.170754e+01 -1.210846e-03 
 2.170794e+01 -1.209667e-03 
 2.170834e+01 -1.208357e-03 
 2.170873e+01 -1.207209e-03 
 2.170913e+01 -1.206545e-03 
 2.170953e+01 -1.206706e-03 
 2.170993e+01 -1.207597e-03 
 2.171032e+01 -1.209322e-03 
 2.171072e+01 -1.211897e-03 
 2.171112e+01 -1.215065e-03 
 2.171152e+01 -1.218403e-03 
 2.171191e+01 -1.221444e-03 
 2.171231e+01 -1.223727e-03 
 2.171271e+01 -1.224580e-03 
 2.171311e+01 -1.223656e-03 
 2.171351e+01 -1.220673e-03 
 2.171390e+01 -1.215396e-03 
 2.171430e+01 -1.207869e-03 
 2.171470e+01 -1.198182e-03 
 2.171510e+01 -1.186551e-03 
 2.171549e+01 -1.173376e-03 
 2.171589e+01 -1.159016e-03 
 2.171629e+01 -1.143877e-03 
 2.171669e+01 -1.128683e-03 
 2.171708e+01 -1.114010e-03 
 2.171748e+01 -1.100234e-03 
 2.171788e+01 -1.087725e-03 
 2.171828e+01 -1.076721e-03 
 2.171868e+01 -1.067336e-03 
 2.171907e+01 -1.059442e-03 
 2.171947e+01 -1.052682e-03 
 2.171987e+01 -1.046813e-03 
 2.172027e+01 -1.041219e-03 
 2.172066e+01 -1.035170e-03 
 2.172106e+01 -1.028148e-03 
 2.172146e+01 -1.019559e-03 
 2.172186e+01 -1.008863e-03 
 2.172225e+01 -9.955865e-04 
 2.172265e+01 -9.797702e-04 
 2.172305e+01 -9.614598e-04 
 2.172345e+01 -9.408238e-04 
 2.172385e+01 -9.183061e-04 
 2.172424e+01 -8.942670e-04 
 2.172464e+01 -8.692154e-04 
 2.172504e+01 -8.437034e-04 
 2.172544e+01 -8.184214e-04 
 2.172583e+01 -7.939945e-04 
 2.172623e+01 -7.708376e-04 
 2.172663e+01 -7.493969e-04 
 2.172703e+01 -7.300957e-04 
 2.172742e+01 -7.130976e-04 
 2.172782e+01 -6.985244e-04 
 2.172822e+01 -6.863415e-04 
 2.172862e+01 -6.762728e-04 
 2.172902e+01 -6.678702e-04 
 2.172941e+01 -6.607044e-04 
 2.172981e+01 -6.545041e-04 
 2.173021e+01 -6.486933e-04 
 2.173061e+01 -6.428022e-04 
 2.173100e+01 -6.364884e-04 
 2.173140e+01 -6.295134e-04 
 2.173180e+01 -6.217695e-04 
 2.173220e+01 -6.131591e-04 
 2.173259e+01 -6.037492e-04 
 2.173299e+01 -5.936559e-04 
 2.173339e+01 -5.828759e-04 
 2.173379e+01 -5.714353e-04 
 2.173419e+01 -5.593562e-04 
 2.173458e+01 -5.466250e-04 
 2.173498e+01 -5.331654e-04 
 2.173538e+01 -5.188774e-04 
 2.173578e+01 -5.035783e-04 
 2.173617e+01 -4.871347e-04 
 2.173657e+01 -4.692587e-04 
 2.173697e+01 -4.495905e-04 
 2.173737e+01 -4.279694e-04 
 2.173776e+01 -4.041751e-04 
 2.173816e+01 -3.780527e-04 
 2.173856e+01 -3.496182e-04 
 2.173896e+01 -3.189235e-04 
 2.173936e+01 -2.859199e-04 
 2.173975e+01 -2.506928e-04 
 2.174015e+01 -2.135093e-04 
 2.174055e+01 -1.746704e-04 
 2.174095e+01 -1.345715e-04 
 2.174134e+01 -9.365175e-05 
 2.174174e+01 -5.249569e-05 
 2.174214e+01 -1.173787e-05 
 2.174254e+01  2.782148e-05 
 2.174293e+01  6.559433e-05 
 2.174333e+01  1.010310e-04 
 2.174373e+01  1.338793e-04 
 2.174413e+01  1.637352e-04 
 2.174453e+01  1.901890e-04 
 2.174492e+01  2.135775e-04 
 2.174532e+01  2.339482e-04 
 2.174572e+01  2.514023e-04 
 2.174612e+01  2.663805e-04 
 2.174651e+01  2.792280e-04 
 2.174691e+01  2.907154e-04 
 2.174731e+01  3.012586e-04 
 2.174771e+01  3.114376e-04 
 2.174810e+01  3.219161e-04 
 2.174850e+01  3.329590e-04 
 2.174890e+01  3.450063e-04 
 2.174930e+01  3.581150e-04 
 2.174970e+01  3.720453e-04 
 2.175009e+01  3.865078e-04 
 2.175049e+01  4.010295e-04 
 2.175089e+01  4.153646e-04 
 2.175129e+01  4.290275e-04 
 2.175168e+01  4.415532e-04 
 2.175208e+01  4.527034e-04 
 2.175248e+01  4.621450e-04 
 2.175288e+01  4.698257e-04 
 2.175327e+01  4.757024e-04 
 2.175367e+01  4.798085e-04 
 2.175407e+01  4.823430e-04 
 2.175447e+01  4.834995e-04 
 2.175487e+01  4.837004e-04 
 2.175526e+01  4.834102e-04 
 2.175566e+01  4.830137e-04 
 2.175606e+01  4.829419e-04 
 2.175646e+01  4.835262e-04 
 2.175685e+01  4.851741e-04 
 2.175725e+01  4.880899e-04 
 2.175765e+01  4.924722e-04 
 2.175805e+01  4.982872e-04 
 2.175844e+01  5.052481e-04 
 2.175884e+01  5.127118e-04 
 2.175924e+01  5.201404e-04 
 2.175964e+01  5.267595e-04 
 2.176004e+01  5.320995e-04 
 2.176043e+01  5.355145e-04 
 2.176083e+01  5.368166e-04 
 2.176123e+01  5.358842e-04 
 2.176163e+01  5.328052e-04 
 2.176202e+01  5.275707e-04 
 2.176242e+01  5.204855e-04 
 2.176282e+01  5.116963e-04 
 2.176322e+01  5.014240e-04 
 2.176361e+01  4.900064e-04 
 2.176401e+01  4.777354e-04 
 2.176441e+01  4.649836e-04 
 2.176481e+01  4.521073e-04 
 2.176521e+01  4.392715e-04 
 2.176560e+01  4.269122e-04 
 2.176600e+01  4.153255e-04 
 2.176640e+01  4.045556e-04 
 2.176680e+01  3.945921e-04 
 2.176719e+01  3.849439e-04 
 2.176759e+01  3.753389e-04 
 2.176799e+01  3.651668e-04 
 2.176839e+01  3.541291e-04 
 2.176878e+01  3.419653e-04 
 2.176918e+01  3.284125e-04 
 2.176958e+01  3.131999e-04 
 2.176998e+01  2.964484e-04 
 2.177038e+01  2.782838e-04 
 2.177077e+01  2.583487e-04 
 2.177117e+01  2.364313e-04 
 2.177157e+01  2.125299e-04 
 2.177197e+01  1.866389e-04 
 2.177236e+01  1.591539e-04 
 2.177276e+01  1.304699e-04 
 2.177316e+01  1.011189e-04 
 2.177356e+01  7.162103e-05 
 2.177395e+01  4.262082e-05 
 2.177435e+01  1.490570e-05 
 2.177475e+01 -1.085178e-05 
 2.177515e+01 -3.415291e-05 
 2.177555e+01 -5.469940e-05 
 2.177594e+01 -7.260879e-05 
 2.177634e+01 -8.814619e-05 
 2.177674e+01 -1.019542e-04 
 2.177714e+01 -1.145750e-04 
 2.177753e+01 -1.265912e-04 
 2.177793e+01 -1.387092e-04 
 2.177833e+01 -1.514510e-04 
 2.177873e+01 -1.652476e-04 
 2.177912e+01 -1.801403e-04 
 2.177952e+01 -1.964176e-04 
 2.177992e+01 -2.143950e-04 
 2.178032e+01 -2.340059e-04 
 2.178072e+01 -2.555033e-04 
 2.178111e+01 -2.788119e-04 
 2.178151e+01 -3.038202e-04 
 2.178191e+01 -3.300783e-04 
 2.178231e+01 -3.571729e-04 
 2.178270e+01 -3.846886e-04 
 2.178310e+01 -4.121397e-04 
 2.178350e+01 -4.393051e-04 
 2.178390e+01 -4.660016e-04 
 2.178430e+01 -4.923471e-04 
 2.178469e+01 -5.185196e-04 
 2.178509e+01 -5.449852e-04 
 2.178549e+01 -5.723105e-04 
 2.178589e+01 -6.008756e-04 
 2.178628e+01 -6.310538e-04 
 2.178668e+01 -6.628450e-04 
 2.178708e+01 -6.963574e-04 
 2.178748e+01 -7.312362e-04 
 2.178787e+01 -7.671153e-04 
 2.178827e+01 -8.035550e-04 
 2.178867e+01 -8.399232e-04 
 2.178907e+01 -8.753905e-04 
 2.178947e+01 -9.095066e-04 
 2.178986e+01 -9.415054e-04 
 2.179026e+01 -9.708348e-04 
 2.179066e+01 -9.967940e-04 
 2.179106e+01 -1.018861e-03 
 2.179145e+01 -1.036733e-03 
 2.179185e+01 -1.050035e-03 
 2.179225e+01 -1.058812e-03 
 2.179265e+01 -1.063269e-03 
 2.179304e+01 -1.063871e-03 
 2.179344e+01 -1.061293e-03 
 2.179384e+01 -1.056528e-03 
 2.179424e+01 -1.050483e-03 
 2.179464e+01 -1.043948e-03 
 2.179503e+01 -1.037757e-03 
 2.179543e+01 -1.032472e-03 
 2.179583e+01 -1.028682e-03 
 2.179623e+01 -1.026866e-03 
 2.179662e+01 -1.027234e-03 
 2.179702e+01 -1.029960e-03 
 2.179742e+01 -1.035081e-03 
 2.179782e+01 -1.042789e-03 
 2.179821e+01 -1.052956e-03 
 2.179861e+01 -1.065452e-03 
 2.179901e+01 -1.079832e-03 
 2.179941e+01 -1.095598e-03 
 2.179981e+01 -1.112430e-03 
 2.180020e+01 -1.130023e-03 
 2.180060e+01 -1.148057e-03 
 2.180100e+01 -1.166355e-03 
 2.180140e+01 -1.184791e-03 
 2.180179e+01 -1.203456e-03 
 2.180219e+01 -1.222479e-03 
 2.180259e+01 -1.242178e-03 
 2.180299e+01 -1.262765e-03 
 2.180338e+01 -1.284521e-03 
 2.180378e+01 -1.307744e-03 
 2.180418e+01 -1.332591e-03 
 2.180458e+01 -1.359281e-03 
 2.180498e+01 -1.387621e-03 
 2.180537e+01 -1.417236e-03 
 2.180577e+01 -1.447819e-03 
 2.180617e+01 -1.478723e-03 
 2.180657e+01 -1.509278e-03 
 2.180696e+01 -1.538884e-03 
 2.180736e+01 -1.566742e-03 
 2.180776e+01 -1.592108e-03 
 2.180816e+01 -1.614205e-03 
 2.180855e+01 -1.632639e-03 
 2.180895e+01 -1.646895e-03 
 2.180935e+01 -1.656658e-03 
 2.180975e+01 -1.661817e-03 
 2.181015e+01 -1.662661e-03 
 2.181054e+01 -1.659583e-03 
 2.181094e+01 -1.653221e-03 
 2.181134e+01 -1.644487e-03 
 2.181174e+01 -1.634265e-03 
 2.181213e+01 -1.623293e-03 
 2.181253e+01 -1.612316e-03 
 2.181293e+01 -1.601761e-03 
 2.181333e+01 -1.592001e-03 
 2.181372e+01 -1.583156e-03 
 2.181412e+01 -1.575165e-03 
 2.181452e+01 -1.567978e-03 
 2.181492e+01 -1.561498e-03 
 2.181532e+01 -1.555452e-03 
 2.181571e+01 -1.549571e-03 
 2.181611e+01 -1.543437e-03 
 2.181651e+01 -1.536626e-03 
 2.181691e+01 -1.528747e-03 
 2.181730e+01 -1.519377e-03 
 2.181770e+01 -1.508436e-03 
 2.181810e+01 -1.495807e-03 
 2.181850e+01 -1.481751e-03 
 2.181889e+01 -1.466661e-03 
 2.181929e+01 -1.450978e-03 
 2.181969e+01 -1.435291e-03 
 2.182009e+01 -1.420063e-03 
 2.182049e+01 -1.405653e-03 
 2.182088e+01 -1.392326e-03 
 2.182128e+01 -1.380300e-03 
 2.182168e+01 -1.369877e-03 
 2.182208e+01 -1.361313e-03 
 2.182247e+01 -1.354599e-03 
 2.182287e+01 -1.349767e-03 
 2.182327e+01 -1.346833e-03 
 2.182367e+01 -1.345495e-03 
 2.182406e+01 -1.345316e-03 
 2.182446e+01 -1.345847e-03 
 2.182486e+01 -1.346629e-03 
 2.182526e+01 -1.347111e-03 
 2.182566e+01 -1.346752e-03 
 2.182605e+01 -1.345260e-03 
 2.182645e+01 -1.342366e-03 
 2.182685e+01 -1.337850e-03 
 2.182725e+01 -1.331699e-03 
 2.182764e+01 -1.323892e-03 
 2.182804e+01 -1.314541e-03 
 2.182844e+01 -1.303657e-03 
 2.182884e+01 -1.291386e-03 
 2.182923e+01 -1.278093e-03 
 2.182963e+01 -1.263825e-03 
 2.183003e+01 -1.248603e-03 
 2.183043e+01 -1.232618e-03 
 2.183083e+01 -1.215826e-03 
 2.183122e+01 -1.198180e-03 
 2.183162e+01 -1.179726e-03 
 2.183202e+01 -1.160422e-03 
 2.183242e+01 -1.140029e-03 
 2.183281e+01 -1.118307e-03 
 2.183321e+01 -1.095091e-03 
 2.183361e+01 -1.070112e-03 
 2.183401e+01 -1.043031e-03 
 2.183440e+01 -1.013817e-03 
 2.183480e+01 -9.824856e-04 
 2.183520e+01 -9.491292e-04 
 2.183560e+01 -9.142415e-04 
 2.183600e+01 -8.783352e-04 
 2.183639e+01 -8.419027e-04 
 2.183679e+01 -8.055102e-04 
 2.183719e+01 -7.697883e-04 
 2.183759e+01 -7.354234e-04 
 2.183798e+01 -7.026657e-04 
 2.183838e+01 -6.718528e-04 
 2.183878e+01 -6.431036e-04 
 2.183918e+01 -6.165813e-04 
 2.183957e+01 -5.926299e-04 
 2.183997e+01 -5.713453e-04 
 2.184037e+01 -5.526728e-04 
 2.184077e+01 -5.364768e-04 
 2.184117e+01 -5.223909e-04 
 2.184156e+01 -5.098679e-04 
 2.184196e+01 -4.985420e-04 
 2.184236e+01 -4.874771e-04 
 2.184276e+01 -4.757428e-04 
 2.184315e+01 -4.629120e-04 
 2.184355e+01 -4.484371e-04 
 2.184395e+01 -4.320123e-04 
 2.184435e+01 -4.136850e-04 
 2.184474e+01 -3.934475e-04 
 2.184514e+01 -3.714258e-04 
 2.184554e+01 -3.479926e-04 
 2.184594e+01 -3.234779e-04 
 2.184634e+01 -2.982886e-04 
 2.184673e+01 -2.728328e-04 
 2.184713e+01 -2.476602e-04 
 2.184753e+01 -2.231490e-04 
 2.184793e+01 -1.997210e-04 
 2.184832e+01 -1.780290e-04 
 2.184872e+01 -1.583701e-04 
 2.184912e+01 -1.410741e-04 
 2.184952e+01 -1.261837e-04 
 2.184991e+01 -1.136466e-04 
 2.185031e+01 -1.033682e-04 
 2.185071e+01 -9.514533e-05 
 2.185111e+01 -8.848405e-05 
 2.185151e+01 -8.303701e-05 
 2.185190e+01 -7.841119e-05 
 2.185230e+01 -7.425347e-05 
 2.185270e+01 -7.057094e-05 
 2.185310e+01 -6.743537e-05 
 2.185349e+01 -6.512888e-05 
 2.185389e+01 -6.415323e-05 
 2.185429e+01 -6.472645e-05 
 2.185469e+01 -6.727948e-05 
 2.185508e+01 -7.198094e-05 
 2.185548e+01 -7.907332e-05 
 2.185588e+01 -8.885437e-05 
 2.185628e+01 -1.013746e-04 
 2.185668e+01 -1.166184e-04 
 2.185707e+01 -1.346328e-04 
 2.185747e+01 -1.550109e-04 
 2.185787e+01 -1.773358e-04 
 2.185827e+01 -2.011220e-04 
 2.185866e+01 -2.255915e-04 
 2.185906e+01 -2.499502e-04 
 2.185946e+01 -2.734561e-04 
 2.185986e+01 -2.954063e-04 
 2.186025e+01 -3.151258e-04 
 2.186065e+01 -3.321852e-04 
 2.186105e+01 -3.462795e-04 
 2.186145e+01 -3.572597e-04 
 2.186185e+01 -3.652992e-04 
 2.186224e+01 -3.705416e-04 
 2.186264e+01 -3.733912e-04 
 2.186304e+01 -3.743291e-04 
 2.186344e+01 -3.737527e-04 
 2.186383e+01 -3.723124e-04 
 2.186423e+01 -3.705584e-04 
 2.186463e+01 -3.687912e-04 
 2.186503e+01 -3.673448e-04 
 2.186542e+01 -3.668066e-04 
 2.186582e+01 -3.676503e-04 
 2.186622e+01 -3.702821e-04 
 2.186662e+01 -3.748476e-04 
 2.186702e+01 -3.815300e-04 
 2.186741e+01 -3.901746e-04 
 2.186781e+01 -4.004242e-04 
 2.186821e+01 -4.122093e-04 
 2.186861e+01 -4.252275e-04 
 2.186900e+01 -4.391564e-04 
 2.186940e+01 -4.533772e-04 
 2.186980e+01 -4.676182e-04 
 2.187020e+01 -4.817190e-04 
 2.187059e+01 -4.956130e-04 
 2.187099e+01 -5.094000e-04 
 2.187139e+01 -5.230524e-04 
 2.187179e+01 -5.367786e-04 
 2.187219e+01 -5.508046e-04 
 2.187258e+01 -5.656337e-04 
 2.187298e+01 -5.816600e-04 
 2.187338e+01 -5.993245e-04 
 2.187378e+01 -6.190207e-04 
 2.187417e+01 -6.409831e-04 
 2.187457e+01 -6.656726e-04 
 2.187497e+01 -6.931634e-04 
 2.187537e+01 -7.234334e-04 
 2.187577e+01 -7.562159e-04 
 2.187616e+01 -7.909349e-04 
 2.187656e+01 -8.269296e-04 
 2.187696e+01 -8.635501e-04 
 2.187736e+01 -9.001634e-04 
 2.187775e+01 -9.363249e-04 
 2.187815e+01 -9.717412e-04 
 2.187855e+01 -1.006167e-03 
 2.187895e+01 -1.039628e-03 
 2.187934e+01 -1.072216e-03 
 2.187974e+01 -1.104157e-03 
 2.188014e+01 -1.135748e-03 
 2.188054e+01 -1.167307e-03 
 2.188094e+01 -1.199433e-03 
 2.188133e+01 -1.232445e-03 
 2.188173e+01 -1.266749e-03 
 2.188213e+01 -1.302609e-03 
 2.188253e+01 -1.339922e-03 
 2.188292e+01 -1.378429e-03 
 2.188332e+01 -1.417873e-03 
 2.188372e+01 -1.457968e-03 
 2.188412e+01 -1.498204e-03 
 2.188451e+01 -1.538116e-03 
 2.188491e+01 -1.577125e-03 
 2.188531e+01 -1.614474e-03 
 2.188571e+01 -1.649437e-03 
 2.188611e+01 -1.681264e-03 
 2.188650e+01 -1.709347e-03 
 2.188690e+01 -1.733470e-03 
 2.188730e+01 -1.753650e-03 
 2.188770e+01 -1.770539e-03 
 2.188809e+01 -1.784871e-03 
 2.188849e+01 -1.797270e-03 
 2.188889e+01 -1.808540e-03 
 2.188929e+01 -1.819344e-03 
 2.188968e+01 -1.830212e-03 
 2.189008e+01 -1.841745e-03 
 2.189048e+01 -1.854515e-03 
 2.189088e+01 -1.868944e-03 
 2.189128e+01 -1.885289e-03 
 2.189167e+01 -1.903890e-03 
 2.189207e+01 -1.925063e-03 
 2.189247e+01 -1.948906e-03 
 2.189287e+01 -1.975149e-03 
 2.189326e+01 -2.003619e-03 
 2.189366e+01 -2.033861e-03 
 2.189406e+01 -2.065413e-03 
 2.189446e+01 -2.098032e-03 
 2.189485e+01 -2.131118e-03 
 2.189525e+01 -2.164276e-03 
 2.189565e+01 -2.197091e-03 
 2.189605e+01 -2.229279e-03 
 2.189645e+01 -2.260693e-03 
 2.189684e+01 -2.291254e-03 
 2.189724e+01 -2.321040e-03 
 2.189764e+01 -2.350091e-03 
 2.189804e+01 -2.378445e-03 
 2.189843e+01 -2.406323e-03 
 2.189883e+01 -2.434035e-03 
 2.189923e+01 -2.461823e-03 
 2.189963e+01 -2.489937e-03 
 2.190002e+01 -2.518625e-03 
 2.190042e+01 -2.547849e-03 
 2.190082e+01 -2.577575e-03 
 2.190122e+01 -2.607529e-03 
 2.190162e+01 -2.637286e-03 
 2.190201e+01 -2.666343e-03 
 2.190241e+01 -2.693919e-03 
 2.190281e+01 -2.719537e-03 
 2.190321e+01 -2.742708e-03 
 2.190360e+01 -2.763172e-03 
 2.190400e+01 -2.780868e-03 
 2.190440e+01 -2.795881e-03 
 2.190480e+01 -2.808413e-03 
 2.190519e+01 -2.818651e-03 
 2.190559e+01 -2.827083e-03 
 2.190599e+01 -2.834160e-03 
 2.190639e+01 -2.840414e-03 
 2.190679e+01 -2.846349e-03 
 2.190718e+01 -2.852711e-03 
 2.190758e+01 -2.860255e-03 
 2.190798e+01 -2.869704e-03 
 2.190838e+01 -2.881434e-03 
 2.190877e+01 -2.895587e-03 
 2.190917e+01 -2.912216e-03 
 2.190957e+01 -2.931048e-03 
 2.190997e+01 -2.951823e-03 
 2.191036e+01 -2.973941e-03 
 2.191076e+01 -2.996721e-03 
 2.191116e+01 -3.019387e-03 
 2.191156e+01 -3.041280e-03 
 2.191196e+01 -3.061824e-03 
 2.191235e+01 -3.080656e-03 
 2.191275e+01 -3.097443e-03 
 2.191315e+01 -3.111910e-03 
 2.191355e+01 -3.123688e-03 
 2.191394e+01 -3.132699e-03 
 2.191434e+01 -3.138871e-03 
 2.191474e+01 -3.142105e-03 
 2.191514e+01 -3.142351e-03 
 2.191553e+01 -3.139821e-03 
 2.191593e+01 -3.134824e-03 
 2.191633e+01 -3.127909e-03 
 2.191673e+01 -3.119783e-03 
 2.191713e+01 -3.110859e-03 
 2.191752e+01 -3.101388e-03 
 2.191792e+01 -3.091341e-03 
 2.191832e+01 -3.080650e-03 
 2.191872e+01 -3.069272e-03 
 2.191911e+01 -3.057075e-03 
 2.191951e+01 -3.043994e-03 
 2.191991e+01 -3.029910e-03 
 2.192031e+01 -3.014769e-03 
 2.192070e+01 -2.998589e-03 
 2.192110e+01 -2.981263e-03 
 2.192150e+01 -2.962721e-03 
 2.192190e+01 -2.942965e-03 
 2.192230e+01 -2.922051e-03 
 2.192269e+01 -2.900228e-03 
 2.192309e+01 -2.877818e-03 
 2.192349e+01 -2.855092e-03 
 2.192389e+01 -2.832352e-03 
 2.192428e+01 -2.809964e-03 
 2.192468e+01 -2.788093e-03 
 2.192508e+01 -2.766981e-03 
 2.192548e+01 -2.746970e-03 
 2.192587e+01 -2.728190e-03 
 2.192627e+01 -2.710761e-03 
 2.192667e+01 -2.694702e-03 
 2.192707e+01 -2.679914e-03 
 2.192747e+01 -2.665943e-03 
 2.192786e+01 -2.652328e-03 
 2.192826e+01 -2.638535e-03 
 2.192866e+01 -2.624042e-03 
 2.192906e+01 -2.608541e-03 
 2.192945e+01 -2.591875e-03 
 2.192985e+01 -2.574001e-03 
 2.193025e+01 -2.554701e-03 
 2.193065e+01 -2.533881e-03 
 2.193104e+01 -2.511650e-03 
 2.193144e+01 -2.488246e-03 
 2.193184e+01 -2.463941e-03 
 2.193224e+01 -2.439028e-03 
 2.193264e+01 -2.413969e-03 
 2.193303e+01 -2.389232e-03 
 2.193343e+01 -2.365274e-03 
 2.193383e+01 -2.342698e-03 
 2.193423e+01 -2.321945e-03 
 2.193462e+01 -2.303065e-03 
 2.193502e+01 -2.286307e-03 
 2.193542e+01 -2.271864e-03 
 2.193582e+01 -2.259556e-03 
 2.193621e+01 -2.249379e-03 
 2.193661e+01 -2.240775e-03 
 2.193701e+01 -2.233111e-03 
 2.193741e+01 -2.225539e-03 
 2.193781e+01 -2.217354e-03 
 2.193820e+01 -2.208026e-03 
 2.193860e+01 -2.197155e-03 
 2.193900e+01 -2.184461e-03 
 2.193940e+01 -2.169845e-03 
 2.193979e+01 -2.153343e-03 
 2.194019e+01 -2.134988e-03 
 2.194059e+01 -2.114879e-03 
 2.194099e+01 -2.093343e-03 
 2.194138e+01 -2.070539e-03 
 2.194178e+01 -2.046748e-03 
 2.194218e+01 -2.022484e-03 
 2.194258e+01 -1.998311e-03 
 2.194298e+01 -1.974956e-03 
 2.194337e+01 -1.952871e-03 
 2.194377e+01 -1.932452e-03 
 2.194417e+01 -1.913944e-03 
 2.194457e+01 -1.897300e-03 
 2.194496e+01 -1.882566e-03 
 2.194536e+01 -1.869348e-03 
 2.194576e+01 -1.857266e-03 
 2.194616e+01 -1.845867e-03 
 2.194655e+01 -1.834635e-03 
 2.194695e+01 -1.823199e-03 
 2.194735e+01 -1.811478e-03 
 2.194775e+01 -1.799440e-03 
 2.194815e+01 -1.787193e-03 
 2.194854e+01 -1.774898e-03 
 2.194894e+01 -1.762535e-03 
 2.194934e+01 -1.750361e-03 
 2.194974e+01 -1.738584e-03 
 2.195013e+01 -1.727362e-03 
 2.195053e+01 -1.717106e-03 
 2.195093e+01 -1.708266e-03 
 2.195133e+01 -1.701457e-03 
 2.195172e+01 -1.697107e-03 
 2.195212e+01 -1.695452e-03 
 2.195252e+01 -1.696338e-03 
 2.195292e+01 -1.699479e-03 
 2.195332e+01 -1.704199e-03 
 2.195371e+01 -1.709954e-03 
 2.195411e+01 -1.715954e-03 
 2.195451e+01 -1.721461e-03 
 2.195491e+01 -1.725641e-03 
 2.195530e+01 -1.728067e-03 
 2.195570e+01 -1.728423e-03 
 2.195610e+01 -1.726438e-03 
 2.195650e+01 -1.721732e-03 
 2.195689e+01 -1.714284e-03 
 2.195729e+01 -1.704323e-03 
 2.195769e+01 -1.692225e-03 
 2.195809e+01 -1.678608e-03 
 2.195849e+01 -1.664203e-03 
 2.195888e+01 -1.649572e-03 
 2.195928e+01 -1.635233e-03 
 2.195968e+01 -1.621808e-03 
 2.196008e+01 -1.609914e-03 
 2.196047e+01 -1.600195e-03 
 2.196087e+01 -1.593230e-03 
 2.196127e+01 -1.589406e-03 
 2.196167e+01 -1.588965e-03 
 2.196206e+01 -1.591974e-03 
 2.196246e+01 -1.598155e-03 
 2.196286e+01 -1.607221e-03 
 2.196326e+01 -1.618724e-03 
 2.196366e+01 -1.632104e-03 
 2.196405e+01 -1.646947e-03 
 2.196445e+01 -1.663054e-03 
 2.196485e+01 -1.680311e-03 
 2.196525e+01 -1.698433e-03 
 2.196564e+01 -1.717129e-03 
 2.196604e+01 -1.736181e-03 
 2.196644e+01 -1.755441e-03 
 2.196684e+01 -1.774860e-03 
 2.196724e+01 -1.794474e-03 
 2.196763e+01 -1.814481e-03 
 2.196803e+01 -1.835077e-03 
 2.196843e+01 -1.856417e-03 
 2.196883e+01 -1.878507e-03 
 2.196922e+01 -1.901395e-03 
 2.196962e+01 -1.924898e-03 
 2.197002e+01 -1.948686e-03 
 2.197042e+01 -1.972576e-03 
 2.197081e+01 -1.996410e-03 
 2.197121e+01 -2.019956e-03 
 2.197161e+01 -2.042943e-03 
 2.197201e+01 -2.064960e-03 
 2.197241e+01 -2.085254e-03 
 2.197280e+01 -2.103433e-03 
 2.197320e+01 -2.119216e-03 
 2.197360e+01 -2.132414e-03 
 2.197400e+01 -2.142958e-03 
 2.197439e+01 -2.151260e-03 
 2.197479e+01 -2.157798e-03 
 2.197519e+01 -2.163068e-03 
 2.197559e+01 -2.167770e-03 
 2.197598e+01 -2.172553e-03 
 2.197638e+01 -2.177927e-03 
 2.197678e+01 -2.184404e-03 
 2.197718e+01 -2.192621e-03 
 2.197758e+01 -2.203322e-03 
 2.197797e+01 -2.216744e-03 
 2.197837e+01 -2.232690e-03 
 2.197877e+01 -2.251087e-03 
 2.197917e+01 -2.271620e-03 
 2.197956e+01 -2.293886e-03 
 2.197996e+01 -2.317488e-03 
 2.198036e+01 -2.342031e-03 
 2.198076e+01 -2.367064e-03 
 2.198115e+01 -2.392134e-03 
 2.198155e+01 -2.416751e-03 
 2.198195e+01 -2.440667e-03 
 2.198235e+01 -2.463619e-03 
 2.198275e+01 -2.485490e-03 
 2.198314e+01 -2.506475e-03 
 2.198354e+01 -2.526866e-03 
 2.198394e+01 -2.547063e-03 
 2.198434e+01 -2.567599e-03 
 2.198473e+01 -2.589075e-03 
 2.198513e+01 -2.612130e-03 
 2.198553e+01 -2.637114e-03 
 2.198593e+01 -2.664510e-03 
 2.198632e+01 -2.694429e-03 
 2.198672e+01 -2.727213e-03 
 2.198712e+01 -2.762840e-03 
 2.198752e+01 -2.800997e-03 
 2.198792e+01 -2.841325e-03 
 2.198831e+01 -2.883247e-03 
 2.198871e+01 -2.926101e-03 
 2.198911e+01 -2.969434e-03 
 2.198951e+01 -3.012746e-03 
 2.198990e+01 -3.055689e-03 
 2.199030e+01 -3.097892e-03 
 2.199070e+01 -3.138928e-03 
 2.199110e+01 -3.178514e-03 
 2.199149e+01 -3.216380e-03 
 2.199189e+01 -3.252524e-03 
 2.199229e+01 -3.286816e-03 
 2.199269e+01 -3.319242e-03 
 2.199309e+01 -3.350123e-03 
 2.199348e+01 -3.379802e-03 
 2.199388e+01 -3.408530e-03 
 2.199428e+01 -3.436582e-03 
 2.199468e+01 -3.464161e-03 
 2.199507e+01 -3.491471e-03 
 2.199547e+01 -3.518666e-03 
 2.199587e+01 -3.545822e-03 
 2.199627e+01 -3.573040e-03 
 2.199666e+01 -3.600195e-03 
 2.199706e+01 -3.627014e-03 
 2.199746e+01 -3.653220e-03 
 2.199786e+01 -3.678521e-03 
 2.199826e+01 -3.702448e-03 
 2.199865e+01 -3.724635e-03 
 2.199905e+01 -3.745096e-03 
 2.199945e+01 -3.763792e-03 
 2.199985e+01 -3.780974e-03 
 2.200024e+01 -3.796615e-03 
 2.200064e+01 -3.810915e-03 
 2.200104e+01 -3.824257e-03 
 2.200144e+01 -3.836826e-03 
 2.200183e+01 -3.849144e-03 
 2.200223e+01 -3.861848e-03 
 2.200263e+01 -3.875705e-03 
 2.200303e+01 -3.891474e-03 
 2.200343e+01 -3.909591e-03 
 2.200382e+01 -3.930450e-03 
 2.200422e+01 -3.954364e-03 
 2.200462e+01 -3.981206e-03 
 2.200502e+01 -4.010400e-03 
 2.200541e+01 -4.041606e-03 
 2.200581e+01 -4.074145e-03 
 2.200621e+01 -4.107348e-03 
 2.200661e+01 -4.140720e-03 
 2.200700e+01 -4.173624e-03 
 2.200740e+01 -4.205191e-03 
 2.200780e+01 -4.234568e-03 
 2.200820e+01 -4.261087e-03 
 2.200860e+01 -4.284203e-03 
 2.200899e+01 -4.303534e-03 
 2.200939e+01 -4.318896e-03 
 2.200979e+01 -4.330183e-03 
 2.201019e+01 -4.337640e-03 
 2.201058e+01 -4.341508e-03 
 2.201098e+01 -4.342134e-03 
 2.201138e+01 -4.339748e-03 
 2.201178e+01 -4.334797e-03 
 2.201217e+01 -4.327897e-03 
 2.201257e+01 -4.319290e-03 
 2.201297e+01 -4.309361e-03 
 2.201337e+01 -4.298358e-03 
 2.201377e+01 -4.286415e-03 
 2.201416e+01 -4.273616e-03 
 2.201456e+01 -4.259979e-03 
 2.201496e+01 -4.245484e-03 
 2.201536e+01 -4.230454e-03 
 2.201575e+01 -4.214975e-03 
 2.201615e+01 -4.199226e-03 
 2.201655e+01 -4.183292e-03 
 2.201695e+01 -4.167305e-03 
 2.201734e+01 -4.151228e-03 
 2.201774e+01 -4.134957e-03 
 2.201814e+01 -4.118673e-03 
 2.201854e+01 -4.102466e-03 
 2.201894e+01 -4.086834e-03 
 2.201933e+01 -4.072244e-03 
 2.201973e+01 -4.059230e-03 
 2.202013e+01 -4.047816e-03 
 2.202053e+01 -4.038494e-03 
 2.202092e+01 -4.031551e-03 
 2.202132e+01 -4.026788e-03 
 2.202172e+01 -4.024217e-03 
 2.202212e+01 -4.023398e-03 
 2.202251e+01 -4.023956e-03 
 2.202291e+01 -4.025369e-03 
 2.202331e+01 -4.027107e-03 
 2.202371e+01 -4.028386e-03 
 2.202411e+01 -4.028531e-03 
 2.202450e+01 -4.027070e-03 
 2.202490e+01 -4.023400e-03 
 2.202530e+01 -4.017098e-03 
 2.202570e+01 -4.007776e-03 
 2.202609e+01 -3.995132e-03 
 2.202649e+01 -3.979001e-03 
 2.202689e+01 -3.959500e-03 
 2.202729e+01 -3.936983e-03 
 2.202768e+01 -3.912001e-03 
 2.202808e+01 -3.885229e-03 
 2.202848e+01 -3.857520e-03 
 2.202888e+01 -3.829657e-03 
 2.202928e+01 -3.802129e-03 
 2.202967e+01 -3.775255e-03 
 2.203007e+01 -3.749116e-03 
 2.203047e+01 -3.723736e-03 
 2.203087e+01 -3.699217e-03 
 2.203126e+01 -3.675429e-03 
 2.203166e+01 -3.652175e-03 
 2.203206e+01 -3.629263e-03 
 2.203246e+01 -3.606286e-03 
 2.203285e+01 -3.582830e-03 
 2.203325e+01 -3.558556e-03 
 2.203365e+01 -3.533191e-03 
 2.203405e+01 -3.506551e-03 
 2.203445e+01 -3.478460e-03 
 2.203484e+01 -3.449035e-03 
 2.203524e+01 -3.418609e-03 
 2.203564e+01 -3.387508e-03 
 2.203604e+01 -3.355813e-03 
 2.203643e+01 -3.323864e-03 
 2.203683e+01 -3.292250e-03 
 2.203723e+01 -3.261592e-03 
 2.203763e+01 -3.232440e-03 
 2.203802e+01 -3.205414e-03 
 2.203842e+01 -3.180863e-03 
 2.203882e+01 -3.158821e-03 
 2.203922e+01 -3.139300e-03 
 2.203962e+01 -3.122093e-03 
 2.204001e+01 -3.106814e-03 
 2.204041e+01 -3.093124e-03 
 2.204081e+01 -3.080812e-03 
 2.204121e+01 -3.069711e-03 
 2.204160e+01 -3.059424e-03 
 2.204200e+01 -3.049525e-03 
 2.204240e+01 -3.039531e-03 
 2.204280e+01 -3.028901e-03 
 2.204319e+01 -3.017394e-03 
 2.204359e+01 -3.004865e-03 
 2.204399e+01 -2.991312e-03 
 2.204439e+01 -2.976932e-03 
 2.204479e+01 -2.961907e-03 
 2.204518e+01 -2.946548e-03 
 2.204558e+01 -2.931079e-03 
 2.204598e+01 -2.915785e-03 
 2.204638e+01 -2.901068e-03 
 2.204677e+01 -2.887231e-03 
 2.204717e+01 -2.874474e-03 
 2.204757e+01 -2.863027e-03 
 2.204797e+01 -2.853076e-03 
 2.204836e+01 -2.844312e-03 
 2.204876e+01 -2.836205e-03 
 2.204916e+01 -2.828014e-03 
 2.204956e+01 -2.819051e-03 
 2.204996e+01 -2.808683e-03 
 2.205035e+01 -2.796249e-03 
 2.205075e+01 -2.781368e-03 
 2.205115e+01 -2.763737e-03 
 2.205155e+01 -2.743049e-03 
 2.205194e+01 -2.719182e-03 
 2.205234e+01 -2.692163e-03 
 2.205274e+01 -2.662168e-03 
 2.205314e+01 -2.629656e-03 
 2.205353e+01 -2.595248e-03 
 2.205393e+01 -2.559772e-03 
 2.205433e+01 -2.524291e-03 
 2.205473e+01 -2.489847e-03 
 2.205513e+01 -2.457334e-03 
 2.205552e+01 -2.427561e-03 
 2.205592e+01 -2.401103e-03 
 2.205632e+01 -2.378155e-03 
 2.205672e+01 -2.358816e-03 
 2.205711e+01 -2.343172e-03 
 2.205751e+01 -2.331004e-03 
 2.205791e+01 -2.322079e-03 
 2.205831e+01 -2.316093e-03 
 2.205871e+01 -2.312760e-03 
 2.205910e+01 -2.311849e-03 
 2.205950e+01 -2.312836e-03 
 2.205990e+01 -2.315435e-03 
 2.206030e+01 -2.319121e-03 
 2.206069e+01 -2.323481e-03 
 2.206109e+01 -2.328073e-03 
 2.206149e+01 -2.332604e-03 
 2.206189e+01 -2.337060e-03 
 2.206228e+01 -2.341432e-03 
 2.206268e+01 -2.345867e-03 
 2.206308e+01 -2.350668e-03 
 2.206348e+01 -2.355894e-03 
 2.206388e+01 -2.361586e-03 
 2.206427e+01 -2.367644e-03 
 2.206467e+01 -2.373746e-03 
 2.206507e+01 -2.379534e-03 
 2.206547e+01 -2.384880e-03 
 2.206586e+01 -2.389517e-03 
 2.206626e+01 -2.393268e-03 
 2.206666e+01 -2.395846e-03 
 2.206706e+01 -2.396993e-03 
 2.206745e+01 -2.396456e-03 
 2.206785e+01 -2.394136e-03 
 2.206825e+01 -2.389689e-03 
 2.206865e+01 -2.383191e-03 
 2.206905e+01 -2.374533e-03 
 2.206944e+01 -2.363947e-03 
 2.206984e+01 -2.351935e-03 
 2.207024e+01 -2.338953e-03 
 2.207064e+01 -2.325543e-03 
 2.207103e+01 -2.312351e-03 
 2.207143e+01 -2.299787e-03 
 2.207183e+01 -2.288431e-03 
 2.207223e+01 -2.278928e-03 
 2.207262e+01 -2.271840e-03 
 2.207302e+01 -2.267553e-03 
 2.207342e+01 -2.266342e-03 
 2.207382e+01 -2.268201e-03 
 2.207422e+01 -2.273000e-03 
 2.207461e+01 -2.280535e-03 
 2.207501e+01 -2.290369e-03 
 2.207541e+01 -2.301943e-03 
 2.207581e+01 -2.314616e-03 
 2.207620e+01 -2.327858e-03 
 2.207660e+01 -2.341270e-03 
 2.207700e+01 -2.354488e-03 
 2.207740e+01 -2.367038e-03 
 2.207779e+01 -2.378650e-03 
 2.207819e+01 -2.389124e-03 
 2.207859e+01 -2.398656e-03 
 2.207899e+01 -2.407656e-03 
 2.207939e+01 -2.416703e-03 
 2.207978e+01 -2.426218e-03 
 2.208018e+01 -2.436657e-03 
 2.208058e+01 -2.448219e-03 
 2.208098e+01 -2.461270e-03 
 2.208137e+01 -2.475896e-03 
 2.208177e+01 -2.492080e-03 
 2.208217e+01 -2.509854e-03 
 2.208257e+01 -2.528953e-03 
 2.208296e+01 -2.549383e-03 
 2.208336e+01 -2.570921e-03 
 2.208376e+01 -2.593141e-03 
 2.208416e+01 -2.615700e-03 
 2.208456e+01 -2.637966e-03 
 2.208495e+01 -2.659621e-03 
 2.208535e+01 -2.680423e-03 
 2.208575e+01 -2.700097e-03 
 2.208615e+01 -2.718548e-03 
 2.208654e+01 -2.735583e-03 
 2.208694e+01 -2.751440e-03 
 2.208734e+01 -2.766253e-03 
 2.208774e+01 -2.780202e-03 
 2.208813e+01 -2.793622e-03 
 2.208853e+01 -2.806982e-03 
 2.208893e+01 -2.820626e-03 
 2.208933e+01 -2.834917e-03 
 2.208973e+01 -2.850308e-03 
 2.209012e+01 -2.867101e-03 
 2.209052e+01 -2.885406e-03 
 2.209092e+01 -2.905310e-03 
 2.209132e+01 -2.926807e-03 
 2.209171e+01 -2.949825e-03 
 2.209211e+01 -2.974228e-03 
 2.209251e+01 -2.999813e-03 
 2.209291e+01 -3.026413e-03 
 2.209330e+01 -3.053517e-03 
 2.209370e+01 -3.080628e-03 
 2.209410e+01 -3.107361e-03 
 2.209450e+01 -3.133332e-03 
 2.209490e+01 -3.158331e-03 
 2.209529e+01 -3.181923e-03 
 2.209569e+01 -3.204089e-03 
 2.209609e+01 -3.224840e-03 
 2.209649e+01 -3.244550e-03 
 2.209688e+01 -3.263523e-03 
 2.209728e+01 -3.282157e-03 
 2.209768e+01 -3.301095e-03 
 2.209808e+01 -3.320878e-03 
 2.209847e+01 -3.341934e-03 
 2.209887e+01 -3.364730e-03 
 2.209927e+01 -3.389440e-03 
 2.209967e+01 -3.415825e-03 
 2.210007e+01 -3.443490e-03 
 2.210046e+01 -3.471986e-03 
 2.210086e+01 -3.501177e-03 
 2.210126e+01 -3.530670e-03 
 2.210166e+01 -3.559953e-03 
 2.210205e+01 -3.588433e-03 
 2.210245e+01 -3.615393e-03 
 2.210285e+01 -3.640246e-03 
 2.210325e+01 -3.662219e-03 
 2.210364e+01 -3.680746e-03 
 2.210404e+01 -3.695338e-03 
 2.210444e+01 -3.705850e-03 
 2.210484e+01 -3.712243e-03 
 2.210524e+01 -3.715017e-03 
 2.210563e+01 -3.714487e-03 
 2.210603e+01 -3.711021e-03 
 2.210643e+01 -3.705062e-03 
 2.210683e+01 -3.697029e-03 
 2.210722e+01 -3.687409e-03 
 2.210762e+01 -3.676798e-03 
 2.210802e+01 -3.665741e-03 
 2.210842e+01 -3.654343e-03 
 2.210881e+01 -3.642709e-03 
 2.210921e+01 -3.631194e-03 
 2.210961e+01 -3.619917e-03 
 2.211001e+01 -3.609230e-03 
 2.211041e+01 -3.599236e-03 
 2.211080e+01 -3.590041e-03 
 2.211120e+01 -3.581519e-03 
 2.211160e+01 -3.573414e-03 
 2.211200e+01 -3.565673e-03 
 2.211239e+01 -3.558137e-03 
 2.211279e+01 -3.550595e-03 
 2.211319e+01 -3.543035e-03 
 2.211359e+01 -3.535634e-03 
 2.211398e+01 -3.528663e-03 
 2.211438e+01 -3.522399e-03 
 2.211478e+01 -3.517065e-03 
 2.211518e+01 -3.512825e-03 
 2.211558e+01 -3.509642e-03 
 2.211597e+01 -3.507535e-03 
 2.211637e+01 -3.506759e-03 
 2.211677e+01 -3.507308e-03 
 2.211717e+01 -3.509011e-03 
 2.211756e+01 -3.511598e-03 
 2.211796e+01 -3.514712e-03 
 2.211836e+01 -3.517874e-03 
 2.211876e+01 -3.520324e-03 
 2.211915e+01 -3.521214e-03 
 2.211955e+01 -3.519749e-03 
 2.211995e+01 -3.515212e-03 
 2.212035e+01 -3.507138e-03 
 2.212075e+01 -3.495415e-03 
 2.212114e+01 -3.480079e-03 
 2.212154e+01 -3.461062e-03 
 2.212194e+01 -3.438465e-03 
 2.212234e+01 -3.412516e-03 
 2.212273e+01 -3.383716e-03 
 2.212313e+01 -3.352686e-03 
 2.212353e+01 -3.319939e-03 
 2.212393e+01 -3.286265e-03 
 2.212432e+01 -3.252424e-03 
 2.212472e+01 -3.219106e-03 
 2.212512e+01 -3.186975e-03 
 2.212552e+01 -3.156509e-03 
 2.212592e+01 -3.127784e-03 
 2.212631e+01 -3.100814e-03 
 2.212671e+01 -3.075384e-03 
 2.212711e+01 -3.051376e-03 
 2.212751e+01 -3.028386e-03 
 2.212790e+01 -3.005934e-03 
 2.212830e+01 -2.983704e-03 
 2.212870e+01 -2.961361e-03 
 2.212910e+01 -2.938438e-03 
 2.212949e+01 -2.914706e-03 
 2.212989e+01 -2.890004e-03 
 2.213029e+01 -2.864210e-03 
 2.213069e+01 -2.837607e-03 
 2.213109e+01 -2.810558e-03 
 2.213148e+01 -2.783457e-03 
 2.213188e+01 -2.756852e-03 
 2.213228e+01 -2.730980e-03 
 2.213268e+01 -2.706162e-03 
 2.213307e+01 -2.682703e-03 
 2.213347e+01 -2.660821e-03 
 2.213387e+01 -2.640689e-03 
 2.213427e+01 -2.622253e-03 
 2.213466e+01 -2.605485e-03 
 2.213506e+01 -2.590111e-03 
 2.213546e+01 -2.575801e-03 
 2.213586e+01 -2.562071e-03 
 2.213626e+01 -2.548544e-03 
 2.213665e+01 -2.534516e-03 
 2.213705e+01 -2.519413e-03 
 2.213745e+01 -2.502562e-03 
 2.213785e+01 -2.483506e-03 
 2.213824e+01 -2.462159e-03 
 2.213864e+01 -2.438526e-03 
 2.213904e+01 -2.412769e-03 
 2.213944e+01 -2.385304e-03 
 2.213983e+01 -2.356650e-03 
 2.214023e+01 -2.327355e-03 
 2.214063e+01 -2.297871e-03 
 2.214103e+01 -2.268670e-03 
 2.214143e+01 -2.240158e-03 
 2.214182e+01 -2.212665e-03 
 2.214222e+01 -2.186491e-03 
 2.214262e+01 -2.161966e-03 
 2.214302e+01 -2.139227e-03 
 2.214341e+01 -2.118234e-03 
 2.214381e+01 -2.098516e-03 
 2.214421e+01 -2.079683e-03 
 2.214461e+01 -2.061375e-03 
 2.214500e+01 -2.043047e-03 
 2.214540e+01 -2.024180e-03 
 2.214580e+01 -2.004105e-03 
 2.214620e+01 -1.982424e-03 
 2.214660e+01 -1.958727e-03 
 2.214699e+01 -1.932879e-03 
 2.214739e+01 -1.904954e-03 
 2.214779e+01 -1.874833e-03 
 2.214819e+01 -1.842991e-03 
 2.214858e+01 -1.809939e-03 
 2.214898e+01 -1.776697e-03 
 2.214938e+01 -1.744119e-03 
 2.214978e+01 -1.712847e-03 
 2.215017e+01 -1.683474e-03 
 2.215057e+01 -1.656440e-03 
 2.215097e+01 -1.631871e-03 
 2.215137e+01 -1.610106e-03 
 2.215177e+01 -1.591143e-03 
 2.215216e+01 -1.575082e-03 
 2.215256e+01 -1.561853e-03 
 2.215296e+01 -1.551310e-03 
 2.215336e+01 -1.543234e-03 
 2.215375e+01 -1.537288e-03 
 2.215415e+01 -1.532951e-03 
 2.215455e+01 -1.529510e-03 
 2.215495e+01 -1.526441e-03 
 2.215535e+01 -1.523436e-03 
 2.215574e+01 -1.520275e-03 
 2.215614e+01 -1.517006e-03 
 2.215654e+01 -1.513574e-03 
 2.215694e+01 -1.510008e-03 
 2.215733e+01 -1.506215e-03 
 2.215773e+01 -1.502090e-03 
 2.215813e+01 -1.497609e-03 
 2.215853e+01 -1.492751e-03 
 2.215892e+01 -1.487468e-03 
 2.215932e+01 -1.481731e-03 
 2.215972e+01 -1.475486e-03 
 2.216012e+01 -1.468963e-03 
 2.216052e+01 -1.462299e-03 
 2.216091e+01 -1.455289e-03 
 2.216131e+01 -1.447612e-03 
 2.216171e+01 -1.439282e-03 
 2.216211e+01 -1.430159e-03 
 2.216250e+01 -1.419973e-03 
 2.216290e+01 -1.408490e-03 
 2.216330e+01 -1.395462e-03 
 2.216370e+01 -1.380788e-03 
 2.216409e+01 -1.364608e-03 
 2.216449e+01 -1.347173e-03 
 2.216489e+01 -1.328794e-03 
 2.216529e+01 -1.309862e-03 
 2.216569e+01 -1.290706e-03 
 2.216608e+01 -1.271840e-03 
 2.216648e+01 -1.253921e-03 
 2.216688e+01 -1.237451e-03 
 2.216728e+01 -1.222846e-03 
 2.216767e+01 -1.210560e-03 
 2.216807e+01 -1.200955e-03 
 2.216847e+01 -1.194106e-03 
 2.216887e+01 -1.190209e-03 
 2.216926e+01 -1.189278e-03 
 2.216966e+01 -1.190993e-03 
 2.217006e+01 -1.195000e-03 
 2.217046e+01 -1.200872e-03 
 2.217086e+01 -1.208147e-03 
 2.217125e+01 -1.216319e-03 
 2.217165e+01 -1.224861e-03 
 2.217205e+01 -1.233291e-03 
 2.217245e+01 -1.241189e-03 
 2.217284e+01 -1.248140e-03 
 2.217324e+01 -1.253968e-03 
 2.217364e+01 -1.258561e-03 
 2.217404e+01 -1.261964e-03 
 2.217443e+01 -1.264494e-03 
 2.217483e+01 -1.266407e-03 
 2.217523e+01 -1.268128e-03 
 2.217563e+01 -1.270099e-03 
 2.217603e+01 -1.272553e-03 
 2.217642e+01 -1.275785e-03 
 2.217682e+01 -1.280053e-03 
 2.217722e+01 -1.285675e-03 
 2.217762e+01 -1.292798e-03 
 2.217801e+01 -1.301542e-03 
 2.217841e+01 -1.311797e-03 
 2.217881e+01 -1.323428e-03 
 2.217921e+01 -1.336126e-03 
 2.217960e+01 -1.349415e-03 
 2.218000e+01 -1.363116e-03 
 2.218040e+01 -1.376991e-03 
 2.218080e+01 -1.390834e-03 
 2.218120e+01 -1.404618e-03 
 2.218159e+01 -1.418380e-03 
 2.218199e+01 -1.432419e-03 
 2.218239e+01 -1.446839e-03 
 2.218279e+01 -1.461728e-03 
 2.218318e+01 -1.477149e-03 
 2.218358e+01 -1.493211e-03 
 2.218398e+01 -1.510172e-03 
 2.218438e+01 -1.528339e-03 
 2.218477e+01 -1.547919e-03 
 2.218517e+01 -1.569217e-03 
 2.218557e+01 -1.592302e-03 
 2.218597e+01 -1.617229e-03 
 2.218637e+01 -1.644018e-03 
 2.218676e+01 -1.672678e-03 
 2.218716e+01 -1.702944e-03 
 2.218756e+01 -1.734419e-03 
 2.218796e+01 -1.766680e-03 
 2.218835e+01 -1.799075e-03 
 2.218875e+01 -1.831081e-03 
 2.218915e+01 -1.862156e-03 
 2.218955e+01 -1.891862e-03 
 2.218994e+01 -1.919970e-03 
 2.219034e+01 -1.946285e-03 
 2.219074e+01 -1.970878e-03 
 2.219114e+01 -1.993733e-03 
 2.219154e+01 -2.014879e-03 
 2.219193e+01 -2.034364e-03 
 2.219233e+01 -2.052307e-03 
 2.219273e+01 -2.069101e-03 
 2.219313e+01 -2.085328e-03 
 2.219352e+01 -2.101495e-03 
 2.219392e+01 -2.118053e-03 
 2.219432e+01 -2.135537e-03 
 2.219472e+01 -2.154387e-03 
 2.219511e+01 -2.174863e-03 
 2.219551e+01 -2.197037e-03 
 2.219591e+01 -2.220729e-03 
 2.219631e+01 -2.245546e-03 
 2.219671e+01 -2.271049e-03 
 2.219710e+01 -2.296675e-03 
 2.219750e+01 -2.321873e-03 
 2.219790e+01 -2.346031e-03 
 2.219830e+01 -2.368529e-03 
 2.219869e+01 -2.388734e-03 
 2.219909e+01 -2.406328e-03 
 2.219949e+01 -2.421026e-03 
 2.219989e+01 -2.432682e-03 
 2.220028e+01 -2.441329e-03 
 2.220068e+01 -2.447265e-03 
 2.220108e+01 -2.450757e-03 
 2.220148e+01 -2.452171e-03 
 2.220188e+01 -2.451937e-03 
 2.220227e+01 -2.450760e-03 
 2.220267e+01 -2.449101e-03 
 2.220307e+01 -2.447386e-03 
 2.220347e+01 -2.446036e-03 
 2.220386e+01 -2.445502e-03 
 2.220426e+01 -2.445950e-03 
 2.220466e+01 -2.447317e-03 
 2.220506e+01 -2.449356e-03 
 2.220545e+01 -2.451824e-03 
 2.220585e+01 -2.454327e-03 
 2.220625e+01 -2.456523e-03 
 2.220665e+01 -2.458152e-03 
 2.220705e+01 -2.458945e-03 
 2.220744e+01 -2.458659e-03 
 2.220784e+01 -2.457381e-03 
 2.220824e+01 -2.455398e-03 
 2.220864e+01 -2.452949e-03 
 2.220903e+01 -2.450222e-03 
 2.220943e+01 -2.447378e-03 
 2.220983e+01 -2.444651e-03 
 2.221023e+01 -2.442184e-03 
 2.221062e+01 -2.440071e-03 
 2.221102e+01 -2.438540e-03 
 2.221142e+01 -2.437721e-03 
 2.221182e+01 -2.437707e-03 
 2.221222e+01 -2.438456e-03 
 2.221261e+01 -2.439869e-03 
 2.221301e+01 -2.441689e-03 
 2.221341e+01 -2.443497e-03 
 2.221381e+01 -2.444592e-03 
 2.221420e+01 -2.444449e-03 
 2.221460e+01 -2.442374e-03 
 2.221500e+01 -2.437817e-03 
 2.221540e+01 -2.430426e-03 
 2.221579e+01 -2.419847e-03 
 2.221619e+01 -2.405833e-03 
 2.221659e+01 -2.388340e-03 
 2.221699e+01 -2.367395e-03 
 2.221739e+01 -2.343198e-03 
 2.221778e+01 -2.316177e-03 
 2.221818e+01 -2.286932e-03 
 2.221858e+01 -2.256070e-03 
 2.221898e+01 -2.224248e-03 
 2.221937e+01 -2.192143e-03 
 2.221977e+01 -2.160267e-03 
 2.222017e+01 -2.129064e-03 
 2.222057e+01 -2.098964e-03 
 2.222096e+01 -2.070148e-03 
 2.222136e+01 -2.042762e-03 
 2.222176e+01 -2.016814e-03 
 2.222216e+01 -1.992161e-03 
 2.222256e+01 -1.968472e-03 
 2.222295e+01 -1.945255e-03 
 2.222335e+01 -1.921698e-03 
 2.222375e+01 -1.897331e-03 
 2.222415e+01 -1.871764e-03 
 2.222454e+01 -1.844617e-03 
 2.222494e+01 -1.815784e-03 
 2.222534e+01 -1.785251e-03 
 2.222574e+01 -1.753216e-03 
 2.222613e+01 -1.719984e-03 
 2.222653e+01 -1.685802e-03 
 2.222693e+01 -1.650999e-03 
 2.222733e+01 -1.615787e-03 
 2.222773e+01 -1.580503e-03 
 2.222812e+01 -1.545479e-03 
 2.222852e+01 -1.511080e-03 
 2.222892e+01 -1.477661e-03 
 2.222932e+01 -1.445250e-03 
 2.222971e+01 -1.413687e-03 
 2.223011e+01 -1.382752e-03 
 2.223051e+01 -1.352118e-03 
 2.223091e+01 -1.321225e-03 
 2.223130e+01 -1.289599e-03 
 2.223170e+01 -1.256798e-03 
 2.223210e+01 -1.222508e-03 
 2.223250e+01 -1.186537e-03 
 2.223290e+01 -1.149018e-03 
 2.223329e+01 -1.110182e-03 
 2.223369e+01 -1.070246e-03 
 2.223409e+01 -1.029482e-03 
 2.223449e+01 -9.881401e-04 
 2.223488e+01 -9.465607e-04 
 2.223528e+01 -9.049951e-04 
 2.223568e+01 -8.638901e-04 
 2.223608e+01 -8.236211e-04 
 2.223647e+01 -7.847183e-04 
 2.223687e+01 -7.477433e-04 
 2.223727e+01 -7.130136e-04 
 2.223767e+01 -6.807524e-04 
 2.223807e+01 -6.509502e-04 
 2.223846e+01 -6.234828e-04 
 2.223886e+01 -5.980682e-04 
 2.223926e+01 -5.743252e-04 
 2.223966e+01 -5.518645e-04 
 2.224005e+01 -5.301747e-04 
 2.224045e+01 -5.086212e-04 
 2.224085e+01 -4.866653e-04 
 2.224125e+01 -4.639167e-04 
 2.224164e+01 -4.400139e-04 
 2.224204e+01 -4.146716e-04 
 2.224244e+01 -3.877155e-04 
 2.224284e+01 -3.591526e-04 
 2.224324e+01 -3.290197e-04 
 2.224363e+01 -2.974894e-04 
 2.224403e+01 -2.648775e-04 
 2.224443e+01 -2.316025e-04 
 2.224483e+01 -1.982022e-04 
 2.224522e+01 -1.650660e-04 
 2.224562e+01 -1.327133e-04 
 2.224602e+01 -1.018313e-04 
 2.224642e+01 -7.271882e-05 
 2.224682e+01 -4.561643e-05 
 2.224721e+01 -2.066538e-05 
 2.224761e+01  2.080294e-06 
 2.224801e+01  2.273418e-05 
 2.224841e+01  4.162053e-05 
 2.224880e+01  5.898582e-05 
 2.224920e+01  7.528606e-05 
 2.224960e+01  9.103971e-05 
 2.225000e+01  1.065364e-04 
 2.225039e+01  1.219665e-04 
 2.225079e+01  1.375406e-04 
 2.225119e+01  1.534402e-04 
 2.225159e+01  1.698074e-04 
 2.225199e+01  1.866713e-04 
 2.225238e+01  2.040454e-04 
 2.225278e+01  2.218121e-04 
 2.225318e+01  2.399241e-04 
 2.225358e+01  2.583533e-04 
 2.225397e+01  2.770592e-04 
 2.225437e+01  2.959786e-04 
 2.225477e+01  3.150665e-04 
 2.225517e+01  3.343517e-04 
 2.225556e+01  3.539407e-04 
 2.225596e+01  3.740088e-04 
 2.225636e+01  3.948674e-04 
 2.225676e+01  4.165419e-04 
 2.225716e+01  4.390818e-04 
 2.225755e+01  4.626416e-04 
 2.225795e+01  4.873631e-04 
 2.225835e+01  5.135068e-04 
 2.225875e+01  5.411140e-04 
 2.225914e+01  5.701726e-04 
 2.225954e+01  6.006791e-04 
 2.225994e+01  6.324239e-04 
 2.226034e+01  6.651888e-04 
 2.226073e+01  6.987428e-04 
 2.226113e+01  7.327610e-04 
 2.226153e+01  7.667665e-04 
 2.226193e+01  8.003098e-04 
 2.226233e+01  8.330968e-04 
 2.226272e+01  8.646484e-04 
 2.226312e+01  8.945847e-04 
 2.226352e+01  9.225074e-04 
 2.226392e+01  9.480575e-04 
 2.226431e+01  9.710042e-04 
 2.226471e+01  9.911890e-04 
 2.226511e+01  1.008779e-03 
 2.226551e+01  1.023892e-03 
 2.226590e+01  1.036775e-03 
 2.226630e+01  1.047807e-03 
 2.226670e+01  1.057435e-03 
 2.226710e+01  1.066152e-03 
 2.226750e+01  1.074380e-03 
 2.226789e+01  1.082438e-03 
 2.226829e+01  1.090558e-03 
 2.226869e+01  1.099002e-03 
 2.226909e+01  1.107929e-03 
 2.226948e+01  1.117400e-03 
 2.226988e+01  1.127338e-03 
 2.227028e+01  1.137577e-03 
 2.227068e+01  1.147805e-03 
 2.227107e+01  1.157729e-03 
 2.227147e+01  1.166892e-03 
 2.227187e+01  1.174778e-03 
 2.227227e+01  1.180774e-03 
 2.227267e+01  1.184451e-03 
 2.227306e+01  1.185564e-03 
 2.227346e+01  1.184158e-03 
 2.227386e+01  1.180402e-03 
 2.227426e+01  1.174434e-03 
 2.227465e+01  1.166574e-03 
 2.227505e+01  1.157119e-03 
 2.227545e+01  1.146335e-03 
 2.227585e+01  1.134609e-03 
 2.227624e+01  1.122161e-03 
 2.227664e+01  1.109093e-03 
 2.227704e+01  1.095456e-03 
 2.227744e+01  1.081390e-03 
 2.227784e+01  1.066878e-03 
 2.227823e+01  1.051959e-03 
 2.227863e+01  1.036485e-03 
 2.227903e+01  1.020269e-03 
 2.227943e+01  1.003055e-03 
 2.227982e+01  9.846762e-04 
 2.228022e+01  9.647556e-04 
 2.228062e+01  9.431102e-04 
 2.228102e+01  9.196483e-04 
 2.228141e+01  8.943815e-04 
 2.228181e+01  8.676345e-04 
 2.228221e+01  8.398692e-04 
 2.228261e+01  8.115205e-04 
 2.228301e+01  7.831294e-04 
 2.228340e+01  7.549607e-04 
 2.228380e+01  7.273417e-04 
 2.228420e+01  7.007041e-04 
 2.228460e+01  6.755212e-04 
 2.228499e+01  6.519633e-04 
 2.228539e+01  6.302483e-04 
 2.228579e+01  6.107413e-04 
 2.228619e+01  5.935951e-04 
 2.228658e+01  5.788983e-04 
 2.228698e+01  5.665500e-04 
 2.228738e+01  5.562669e-04 
 2.228778e+01  5.473830e-04 
 2.228818e+01  5.390964e-04 
 2.228857e+01  5.306893e-04 
 2.228897e+01  5.213882e-04 
 2.228937e+01  5.103802e-04 
 2.228977e+01  4.970226e-04 
 2.229016e+01  4.809669e-04 
 2.229056e+01  4.619651e-04 
 2.229096e+01  4.401106e-04 
 2.229136e+01  4.156801e-04 
 2.229175e+01  3.891586e-04 
 2.229215e+01  3.611101e-04 
 2.229255e+01  3.321720e-04 
 2.229295e+01  3.031152e-04 
 2.229335e+01  2.747190e-04 
 2.229374e+01  2.475147e-04 
 2.229414e+01  2.219550e-04 
 2.229454e+01  1.982989e-04 
 2.229494e+01  1.768004e-04 
 2.229533e+01  1.575306e-04 
 2.229573e+01  1.405577e-04 
 2.229613e+01  1.256984e-04 
 2.229653e+01  1.126336e-04 
 2.229692e+01  1.008155e-04 
 2.229732e+01  8.973112e-05 
 2.229772e+01  7.889711e-05 
 2.229812e+01  6.783645e-05 
 2.229852e+01  5.609890e-05 
 2.229891e+01  4.355943e-05 
 2.229931e+01  3.013882e-05 
 2.229971e+01  1.620731e-05 
 2.230011e+01  2.226580e-06 
 2.230050e+01 -1.143127e-05 
 2.230090e+01 -2.432546e-05 
 2.230130e+01 -3.633086e-05 
 2.230170e+01 -4.710089e-05 
 2.230209e+01 -5.653830e-05 
 2.230249e+01 -6.452819e-05 
 2.230289e+01 -7.115138e-05 
 2.230329e+01 -7.656808e-05 
 2.230369e+01 -8.094618e-05 
 2.230408e+01 -8.443736e-05 
 2.230448e+01 -8.709085e-05 
 2.230488e+01 -8.929311e-05 
 2.230528e+01 -9.145728e-05 
 2.230567e+01 -9.408331e-05 
 2.230607e+01 -9.759028e-05 
 2.230647e+01 -1.020688e-04 
 2.230687e+01 -1.077258e-04 
 2.230726e+01 -1.144350e-04 
 2.230766e+01 -1.220138e-04 
 2.230806e+01 -1.302454e-04 
 2.230846e+01 -1.386288e-04 
 2.230886e+01 -1.466339e-04 
 2.230925e+01 -1.537645e-04 
 2.230965e+01 -1.596308e-04 
 2.231005e+01 -1.636978e-04 
 2.231045e+01 -1.653627e-04 
 2.231084e+01 -1.640742e-04 
 2.231124e+01 -1.594858e-04 
 2.231164e+01 -1.516493e-04 
 2.231204e+01 -1.405390e-04 
 2.231243e+01 -1.263774e-04 
 2.231283e+01 -1.093125e-04 
 2.231323e+01 -8.965061e-05 
 2.231363e+01 -6.781759e-05 
 2.231403e+01 -4.430684e-05 
 2.231442e+01 -1.972008e-05 
 2.231482e+01  5.458202e-06 
 2.231522e+01  3.085616e-05 
 2.231562e+01  5.595296e-05 
 2.231601e+01  8.025990e-05 
 2.231641e+01  1.036047e-04 
 2.231681e+01  1.259997e-04 
 2.231721e+01  1.476189e-04 
 2.231760e+01  1.687729e-04 
 2.231800e+01  1.897689e-04 
 2.231840e+01  2.109656e-04 
 2.231880e+01  2.326279e-04 
 2.231920e+01  2.549597e-04 
 2.231959e+01  2.782834e-04 
 2.231999e+01  3.027761e-04 
 2.232039e+01  3.283900e-04 
 2.232079e+01  3.550711e-04 
 2.232118e+01  3.827816e-04 
 2.232158e+01  4.115148e-04 
 2.232198e+01  4.410356e-04 
 2.232238e+01  4.711561e-04 
 2.232277e+01  5.015074e-04 
 2.232317e+01  5.318023e-04 
 2.232357e+01  5.618352e-04 
 2.232397e+01  5.912866e-04 
 2.232437e+01  6.201796e-04 
 2.232476e+01  6.484780e-04 
 2.232516e+01  6.762202e-04 
 2.232556e+01  7.036047e-04 
 2.232596e+01  7.309379e-04 
 2.232635e+01  7.584900e-04 
 2.232675e+01  7.866374e-04 
 2.232715e+01  8.155262e-04 
 2.232755e+01  8.453132e-04 
 2.232794e+01  8.762550e-04 
 2.232834e+01  9.082666e-04 
 2.232874e+01  9.413810e-04 
 2.232914e+01  9.754515e-04 
 2.232954e+01  1.010089e-03 
 2.232993e+01  1.044924e-03 
 2.233033e+01  1.079367e-03 
 2.233073e+01  1.113078e-03 
 2.233113e+01  1.145717e-03 
 2.233152e+01  1.176981e-03 
 2.233192e+01  1.206512e-03 
 2.233232e+01  1.234239e-03 
 2.233272e+01  1.260108e-03 
 2.233311e+01  1.284099e-03 
 2.233351e+01  1.306368e-03 
 2.233391e+01  1.326945e-03 
 2.233431e+01  1.346094e-03 
 2.233471e+01  1.364239e-03 
 2.233510e+01  1.381963e-03 
 2.233550e+01  1.399834e-03 
 2.233590e+01  1.418306e-03 
 2.233630e+01  1.437782e-03 
 2.233669e+01  1.458664e-03 
 2.233709e+01  1.481411e-03 
 2.233749e+01  1.506371e-03 
 2.233789e+01  1.533759e-03 
 2.233829e+01  1.563708e-03 
 2.233868e+01  1.596342e-03 
 2.233908e+01  1.631601e-03 
 2.233948e+01  1.669217e-03 
 2.233988e+01  1.708704e-03 
 2.234027e+01  1.749380e-03 
 2.234067e+01  1.790646e-03 
 2.234107e+01  1.831888e-03 
 2.234147e+01  1.872548e-03 
 2.234186e+01  1.912216e-03 
 2.234226e+01  1.950517e-03 
 2.234266e+01  1.987263e-03 
 2.234306e+01  2.022471e-03 
 2.234346e+01  2.056358e-03 
 2.234385e+01  2.089055e-03 
 2.234425e+01  2.120595e-03 
 2.234465e+01  2.151045e-03 
 2.234505e+01  2.180460e-03 
 2.234544e+01  2.209141e-03 
 2.234584e+01  2.237505e-03 
 2.234624e+01  2.265995e-03 
 2.234664e+01  2.295006e-03 
 2.234703e+01  2.324819e-03 
 2.234743e+01  2.355366e-03 
 2.234783e+01  2.386638e-03 
 2.234823e+01  2.418511e-03 
 2.234863e+01  2.450683e-03 
 2.234902e+01  2.482775e-03 
 2.234942e+01  2.514508e-03 
 2.234982e+01  2.545787e-03 
 2.235022e+01  2.576555e-03 
 2.235061e+01  2.606809e-03 
 2.235101e+01  2.636660e-03 
 2.235141e+01  2.666216e-03 
 2.235181e+01  2.695452e-03 
 2.235220e+01  2.724689e-03 
 2.235260e+01  2.754084e-03 
 2.235300e+01  2.783961e-03 
 2.235340e+01  2.814533e-03 
 2.235380e+01  2.845881e-03 
 2.235419e+01  2.878328e-03 
 2.235459e+01  2.912063e-03 
 2.235499e+01  2.947143e-03 
 2.235539e+01  2.983617e-03 
 2.235578e+01  3.021241e-03 
 2.235618e+01  3.059840e-03 
 2.235658e+01  3.098948e-03 
 2.235698e+01  3.138263e-03 
 2.235737e+01  3.177231e-03 
 2.235777e+01  3.215124e-03 
 2.235817e+01  3.251208e-03 
 2.235857e+01  3.285228e-03 
 2.235897e+01  3.316776e-03 
 2.235936e+01  3.345721e-03 
 2.235976e+01  3.371830e-03 
 2.236016e+01  3.395049e-03 
 2.236056e+01  3.415647e-03 
 2.236095e+01  3.433665e-03 
 2.236135e+01  3.449402e-03 
 2.236175e+01  3.463297e-03 
 2.236215e+01  3.475885e-03 
 2.236254e+01  3.487670e-03 
 2.236294e+01  3.499210e-03 
 2.236334e+01  3.511146e-03 
 2.236374e+01  3.523863e-03 
 2.236414e+01  3.537766e-03 
 2.236453e+01  3.553009e-03 
 2.236493e+01  3.569668e-03 
 2.236533e+01  3.587564e-03 
 2.236573e+01  3.606384e-03 
 2.236612e+01  3.625711e-03 
 2.236652e+01  3.645051e-03 
 2.236692e+01  3.663819e-03 
 2.236732e+01  3.681622e-03 
 2.236771e+01  3.698082e-03 
 2.236811e+01  3.712893e-03 
 2.236851e+01  3.726083e-03 
 2.236891e+01  3.737668e-03 
 2.236931e+01  3.747791e-03 
 2.236970e+01  3.756686e-03 
 2.237010e+01  3.764575e-03 
 2.237050e+01  3.771692e-03 
 2.237090e+01  3.778236e-03 
 2.237129e+01  3.784348e-03 
 2.237169e+01  3.790289e-03 
 2.237209e+01  3.796168e-03 
 2.237249e+01  3.802137e-03 
 2.237288e+01  3.808155e-03 
 2.237328e+01  3.813964e-03 
 2.237368e+01  3.819222e-03 
 2.237408e+01  3.823532e-03 
 2.237448e+01  3.826506e-03 
 2.237487e+01  3.827937e-03 
 2.237527e+01  3.827329e-03 
 2.237567e+01  3.824290e-03 
 2.237607e+01  3.818763e-03 
 2.237646e+01  3.810679e-03 
 2.237686e+01  3.800142e-03 
 2.237726e+01  3.787347e-03 
 2.237766e+01  3.772634e-03 
 2.237805e+01  3.756530e-03 
 2.237845e+01  3.739634e-03 
 2.237885e+01  3.722539e-03 
 2.237925e+01  3.705860e-03 
 2.237965e+01  3.690017e-03 
 2.238004e+01  3.675255e-03 
 2.238044e+01  3.661948e-03 
 2.238084e+01  3.650330e-03 
 2.238124e+01  3.640383e-03 
 2.238163e+01  3.632055e-03 
 2.238203e+01  3.625085e-03 
 2.238243e+01  3.619171e-03 
 2.238283e+01  3.613773e-03 
 2.238322e+01  3.608297e-03 
 2.238362e+01  3.602094e-03 
 2.238402e+01  3.594552e-03 
 2.238442e+01  3.584950e-03 
 2.238482e+01  3.573062e-03 
 2.238521e+01  3.558786e-03 
 2.238561e+01  3.542115e-03 
 2.238601e+01  3.523221e-03 
 2.238641e+01  3.502276e-03 
 2.238680e+01  3.479832e-03 
 2.238720e+01  3.456351e-03 
 2.238760e+01  3.432512e-03 
 2.238800e+01  3.408835e-03 
 2.238839e+01  3.385801e-03 
 2.238879e+01  3.363844e-03 
 2.238919e+01  3.343418e-03 
 2.238959e+01  3.324942e-03 
 2.238999e+01  3.308714e-03 
 2.239038e+01  3.294940e-03 
 2.239078e+01  3.283585e-03 
 2.239118e+01  3.274491e-03 
 2.239158e+01  3.267213e-03 
 2.239197e+01  3.261330e-03 
 2.239237e+01  3.256398e-03 
 2.239277e+01  3.251883e-03 
 2.239317e+01  3.247363e-03 
 2.239356e+01  3.242699e-03 
 2.239396e+01  3.237682e-03 
 2.239436e+01  3.232466e-03 
 2.239476e+01  3.227084e-03 
 2.239516e+01  3.221565e-03 
 2.239555e+01  3.215910e-03 
 2.239595e+01  3.210085e-03 
 2.239635e+01  3.204256e-03 
 2.239675e+01  3.198466e-03 
 2.239714e+01  3.192963e-03 
 2.239754e+01  3.187906e-03 
 2.239794e+01  3.183460e-03 
 2.239834e+01  3.179720e-03 
 2.239873e+01  3.176595e-03 
 2.239913e+01  3.173829e-03 
 2.239953e+01  3.170956e-03 
 2.239993e+01  3.167452e-03 
 2.240033e+01  3.162836e-03 
 2.240072e+01  3.156651e-03 
 2.240112e+01  3.148655e-03 
 2.240152e+01  3.138706e-03 
 2.240192e+01  3.126607e-03 
 2.240231e+01  3.112509e-03 
 2.240271e+01  3.096464e-03 
 2.240311e+01  3.078667e-03 
 2.240351e+01  3.059704e-03 
 2.240390e+01  3.040071e-03 
 2.240430e+01  3.020489e-03 
 2.240470e+01  3.001534e-03 
 2.240510e+01  2.983859e-03 
 2.240550e+01  2.968147e-03 
 2.240589e+01  2.954810e-03 
 2.240629e+01  2.944188e-03 
 2.240669e+01  2.936487e-03 
 2.240709e+01  2.931983e-03 
 2.240748e+01  2.930739e-03 
 2.240788e+01  2.932750e-03 
 2.240828e+01  2.938010e-03 
 2.240868e+01  2.946248e-03 
 2.240907e+01  2.957177e-03 
 2.240947e+01  2.970375e-03 
 2.240987e+01  2.985612e-03 
 2.241027e+01  3.002258e-03 
 2.241067e+01  3.019776e-03 
 2.241106e+01  3.037941e-03 
 2.241146e+01  3.056309e-03 
 2.241186e+01  3.074668e-03 
 2.241226e+01  3.092741e-03 
 2.241265e+01  3.110429e-03 
 2.241305e+01  3.127784e-03 
 2.241345e+01  3.144780e-03 
 2.241385e+01  3.161672e-03 
 2.241424e+01  3.178618e-03 
 2.241464e+01  3.195771e-03 
 2.241504e+01  3.213254e-03 
 2.241544e+01  3.231109e-03 
 2.241584e+01  3.249542e-03 
 2.241623e+01  3.268520e-03 
 2.241663e+01  3.288105e-03 
 2.241703e+01  3.308076e-03 
 2.241743e+01  3.328127e-03 
 2.241782e+01  3.348053e-03 
 2.241822e+01  3.367761e-03 
 2.241862e+01  3.387105e-03 
 2.241902e+01  3.406006e-03 
 2.241941e+01  3.424410e-03 
 2.241981e+01  3.442293e-03 
 2.242021e+01  3.459747e-03 
 2.242061e+01  3.476914e-03 
 2.242101e+01  3.494014e-03 
 2.242140e+01  3.511317e-03 
 2.242180e+01  3.529099e-03 
 2.242220e+01  3.547766e-03 
 2.242260e+01  3.567677e-03 
 2.242299e+01  3.589327e-03 
 2.242339e+01  3.612863e-03 
 2.242379e+01  3.638278e-03 
 2.242419e+01  3.665416e-03 
 2.242458e+01  3.693852e-03 
 2.242498e+01  3.723251e-03 
 2.242538e+01  3.753384e-03 
 2.242578e+01  3.784006e-03 
 2.242618e+01  3.814902e-03 
 2.242657e+01  3.845647e-03 
 2.242697e+01  3.875984e-03 
 2.242737e+01  3.905543e-03 
 2.242777e+01  3.933777e-03 
 2.242816e+01  3.960342e-03 
 2.242856e+01  3.984983e-03 
 2.242896e+01  4.007733e-03 
 2.242936e+01  4.028726e-03 
 2.242976e+01  4.048289e-03 
 2.243015e+01  4.066673e-03 
 2.243055e+01  4.084260e-03 
 2.243095e+01  4.101288e-03 
 2.243135e+01  4.118125e-03 
 2.243174e+01  4.135252e-03 
 2.243214e+01  4.153123e-03 
 2.243254e+01  4.172218e-03 
 2.243294e+01  4.192954e-03 
 2.243333e+01  4.215688e-03 
 2.243373e+01  4.240521e-03 
 2.243413e+01  4.267291e-03 
 2.243453e+01  4.295657e-03 
 2.243493e+01  4.325031e-03 
 2.243532e+01  4.355018e-03 
 2.243572e+01  4.385084e-03 
 2.243612e+01  4.414820e-03 
 2.243652e+01  4.443832e-03 
 2.243691e+01  4.471778e-03 
 2.243731e+01  4.498242e-03 
 2.243771e+01  4.523073e-03 
 2.243811e+01  4.546212e-03 
 2.243850e+01  4.567654e-03 
 2.243890e+01  4.587557e-03 
 2.243930e+01  4.606267e-03 
 2.243970e+01  4.624185e-03 
 2.244010e+01  4.641844e-03 
 2.244049e+01  4.659864e-03 
 2.244089e+01  4.678736e-03 
 2.244129e+01  4.698886e-03 
 2.244169e+01  4.720733e-03 
 2.244208e+01  4.744363e-03 
 2.244248e+01  4.769860e-03 
 2.244288e+01  4.797259e-03 
 2.244328e+01  4.826331e-03 
 2.244367e+01  4.856854e-03 
 2.244407e+01  4.888635e-03 
 2.244447e+01  4.921482e-03 
 2.244487e+01  4.955274e-03 
 2.244527e+01  4.989794e-03 
 2.244566e+01  5.024944e-03 
 2.244606e+01  5.060644e-03 
 2.244646e+01  5.096715e-03 
 2.244686e+01  5.133162e-03 
 2.244725e+01  5.170116e-03 
 2.244765e+01  5.207638e-03 
 2.244805e+01  5.246002e-03 
 2.244845e+01  5.285437e-03 
 2.244884e+01  5.326296e-03 
 2.244924e+01  5.368989e-03 
 2.244964e+01  5.413713e-03 
 2.245004e+01  5.460492e-03 
 2.245044e+01  5.509202e-03 
 2.245083e+01  5.559490e-03 
 2.245123e+01  5.610826e-03 
 2.245163e+01  5.662564e-03 
 2.245203e+01  5.714074e-03 
 2.245242e+01  5.764585e-03 
 2.245282e+01  5.813383e-03 
 2.245322e+01  5.859807e-03 
 2.245362e+01  5.903373e-03 
 2.245401e+01  5.943539e-03 
 2.245441e+01  5.980105e-03 
 2.245481e+01  6.012870e-03 
 2.245521e+01  6.041872e-03 
 2.245561e+01  6.067199e-03 
 2.245600e+01  6.089023e-03 
 2.245640e+01  6.107530e-03 
 2.245680e+01  6.123067e-03 
 2.245720e+01  6.135909e-03 
 2.245759e+01  6.146688e-03 
 2.245799e+01  6.156007e-03 
 2.245839e+01  6.164550e-03 
 2.245879e+01  6.172790e-03 
 2.245918e+01  6.181271e-03 
 2.245958e+01  6.190260e-03 
 2.245998e+01  6.199949e-03 
 2.246038e+01  6.210499e-03 
 2.246078e+01  6.221805e-03 
 2.246117e+01  6.233667e-03 
 2.246157e+01  6.245939e-03 
 2.246197e+01  6.258483e-03 
 2.246237e+01  6.271032e-03 
 2.246276e+01  6.283474e-03 
 2.246316e+01  6.295548e-03 
 2.246356e+01  6.307116e-03 
 2.246396e+01  6.318035e-03 
 2.246435e+01  6.328310e-03 
 2.246475e+01  6.338090e-03 
 2.246515e+01  6.347514e-03 
 2.246555e+01  6.356848e-03 
 2.246595e+01  6.366391e-03 
 2.246634e+01  6.376535e-03 
 2.246674e+01  6.387609e-03 
 2.246714e+01  6.399822e-03 
 2.246754e+01  6.413174e-03 
 2.246793e+01  6.427582e-03 
 2.246833e+01  6.442539e-03 
 2.246873e+01  6.457438e-03 
 2.246913e+01  6.471764e-03 
 2.246952e+01  6.484990e-03 
 2.246992e+01  6.496438e-03 
 2.247032e+01  6.505594e-03 
 2.247072e+01  6.512172e-03 
 2.247112e+01  6.515989e-03 
 2.247151e+01  6.517010e-03 
 2.247191e+01  6.515394e-03 
 2.247231e+01  6.511332e-03 
 2.247271e+01  6.505164e-03 
 2.247310e+01  6.497285e-03 
 2.247350e+01  6.488269e-03 
 2.247390e+01  6.478513e-03 
 2.247430e+01  6.468641e-03 
 2.247469e+01  6.458916e-03 
 2.247509e+01  6.449762e-03 
 2.247549e+01  6.441414e-03 
 2.247589e+01  6.434037e-03 
 2.247629e+01  6.427557e-03 
 2.247668e+01  6.421973e-03 
 2.247708e+01  6.417176e-03 
 2.247748e+01  6.412985e-03 
 2.247788e+01  6.409099e-03 
 2.247827e+01  6.405135e-03 
 2.247867e+01  6.400693e-03 
 2.247907e+01  6.395386e-03 
 2.247947e+01  6.388841e-03 
 2.247986e+01  6.380934e-03 
 2.248026e+01  6.371412e-03 
 2.248066e+01  6.360232e-03 
 2.248106e+01  6.347372e-03 
 2.248146e+01  6.332962e-03 
 2.248185e+01  6.317246e-03 
 2.248225e+01  6.300401e-03 
 2.248265e+01  6.282592e-03 
 2.248305e+01  6.264105e-03 
 2.248344e+01  6.245134e-03 
 2.248384e+01  6.226048e-03 
 2.248424e+01  6.207247e-03 
 2.248464e+01  6.189045e-03 
 2.248503e+01  6.171787e-03 
 2.248543e+01  6.155609e-03 
 2.248583e+01  6.140449e-03 
 2.248623e+01  6.126252e-03 
 2.248663e+01  6.112885e-03 
 2.248702e+01  6.099963e-03 
 2.248742e+01  6.087148e-03 
 2.248782e+01  6.074068e-03 
 2.248822e+01  6.060499e-03 
 2.248861e+01  6.046219e-03 
 2.248901e+01  6.031129e-03 
 2.248941e+01  6.015091e-03 
 2.248981e+01  5.998055e-03 
 2.249020e+01  5.979958e-03 
 2.249060e+01  5.960761e-03 
 2.249100e+01  5.940778e-03 
 2.249140e+01  5.920335e-03 
 2.249180e+01  5.899719e-03 
 2.249219e+01  5.879338e-03 
 2.249259e+01  5.859527e-03 
 2.249299e+01  5.840577e-03 
 2.249339e+01  5.822591e-03 
 2.249378e+01  5.805475e-03 
 2.249418e+01  5.789096e-03 
 2.249458e+01  5.773145e-03 
 2.249498e+01  5.757450e-03 
 2.249537e+01  5.741869e-03 
 2.249577e+01  5.726350e-03 
 2.249617e+01  5.710776e-03 
 2.249657e+01  5.694958e-03 
 2.249697e+01  5.678716e-03 
 2.249736e+01  5.661975e-03 
 2.249776e+01  5.644745e-03 
 2.249816e+01  5.627222e-03 
 2.249856e+01  5.609619e-03 
 2.249895e+01  5.592149e-03 
 2.249935e+01  5.575265e-03 
 2.249975e+01  5.559375e-03 
 2.250015e+01  5.544726e-03 
 2.250054e+01  5.531611e-03 
 2.250094e+01  5.520257e-03 
 2.250134e+01  5.511098e-03 
 2.250174e+01  5.504493e-03 
 2.250214e+01  5.500757e-03 
 2.250253e+01  5.500139e-03 
 2.250293e+01  5.502715e-03 
 2.250333e+01  5.508097e-03 
 2.250373e+01  5.515922e-03 
 2.250412e+01  5.525805e-03 
 2.250452e+01  5.537151e-03 
 2.250492e+01  5.549485e-03 
 2.250532e+01  5.562390e-03 
 2.250571e+01  5.575417e-03 
 2.250611e+01  5.588312e-03 
 2.250651e+01  5.600694e-03 
 2.250691e+01  5.612194e-03 
 2.250731e+01  5.622315e-03 
 2.250770e+01  5.630606e-03 
 2.250810e+01  5.636861e-03 
 2.250850e+01  5.641084e-03 
 2.250890e+01  5.643290e-03 
 2.250929e+01  5.643737e-03 
 2.250969e+01  5.642701e-03 
 2.251009e+01  5.640598e-03 
 2.251049e+01  5.637850e-03 
 2.251088e+01  5.634884e-03 
 2.251128e+01  5.631960e-03 
 2.251168e+01  5.629258e-03 
 2.251208e+01  5.626858e-03 
 2.251248e+01  5.624839e-03 
 2.251287e+01  5.623203e-03 
 2.251327e+01  5.622099e-03 
 2.251367e+01  5.621402e-03 
 2.251407e+01  5.620943e-03 
 2.251446e+01  5.620732e-03 
 2.251486e+01  5.620772e-03 
 2.251526e+01  5.621055e-03 
 2.251566e+01  5.621566e-03 
 2.251605e+01  5.622449e-03 
 2.251645e+01  5.623761e-03 
 2.251685e+01  5.625809e-03 
 2.251725e+01  5.628997e-03 
 2.251765e+01  5.633677e-03 
 2.251804e+01  5.640141e-03 
 2.251844e+01  5.648501e-03 
 2.251884e+01  5.658940e-03 
 2.251924e+01  5.671458e-03 
 2.251963e+01  5.686096e-03 
 2.252003e+01  5.702745e-03 
 2.252043e+01  5.721148e-03 
 2.252083e+01  5.740862e-03 
 2.252123e+01  5.761494e-03 
 2.252162e+01  5.782455e-03 
 2.252202e+01  5.803014e-03 
 2.252242e+01  5.822408e-03 
 2.252282e+01  5.840156e-03 
 2.252321e+01  5.855873e-03 
 2.252361e+01  5.869343e-03 
 2.252401e+01  5.880522e-03 
 2.252441e+01  5.889417e-03 
 2.252480e+01  5.896210e-03 
 2.252520e+01  5.901153e-03 
 2.252560e+01  5.904561e-03 
 2.252600e+01  5.906927e-03 
 2.252640e+01  5.908814e-03 
 2.252679e+01  5.910821e-03 
 2.252719e+01  5.913593e-03 
 2.252759e+01  5.917787e-03 
 2.252799e+01  5.923849e-03 
 2.252838e+01  5.932148e-03 
 2.252878e+01  5.942870e-03 
 2.252918e+01  5.956163e-03 
 2.252958e+01  5.972007e-03 
 2.252997e+01  5.990421e-03 
 2.253037e+01  6.011334e-03 
 2.253077e+01  6.034425e-03 
 2.253117e+01  6.059243e-03 
 2.253157e+01  6.085188e-03 
 2.253196e+01  6.111761e-03 
 2.253236e+01  6.138673e-03 
 2.253276e+01  6.165770e-03 
 2.253316e+01  6.192971e-03 
 2.253355e+01  6.220241e-03 
 2.253395e+01  6.247674e-03 
 2.253435e+01  6.275217e-03 
 2.253475e+01  6.303123e-03 
 2.253514e+01  6.331557e-03 
 2.253554e+01  6.360804e-03 
 2.253594e+01  6.391072e-03 
 2.253634e+01  6.422664e-03 
 2.253674e+01  6.455925e-03 
 2.253713e+01  6.490869e-03 
 2.253753e+01  6.527423e-03 
 2.253793e+01  6.565411e-03 
 2.253833e+01  6.604259e-03 
 2.253872e+01  6.643656e-03 
 2.253912e+01  6.683072e-03 
 2.253952e+01  6.722114e-03 
 2.253992e+01  6.760368e-03 
 2.254031e+01  6.797327e-03 
 2.254071e+01  6.832644e-03 
 2.254111e+01  6.865956e-03 
 2.254151e+01  6.897032e-03 
 2.254191e+01  6.925969e-03 
 2.254230e+01  6.953039e-03 
 2.254270e+01  6.978625e-03 
 2.254310e+01  7.003359e-03 
 2.254350e+01  7.027870e-03 
 2.254389e+01  7.052729e-03 
 2.254429e+01  7.078148e-03 
 2.254469e+01  7.104482e-03 
 2.254509e+01  7.131894e-03 
 2.254548e+01  7.160392e-03 
 2.254588e+01  7.189922e-03 
 2.254628e+01  7.220557e-03 
 2.254668e+01  7.251987e-03 
 2.254708e+01  7.283972e-03 
 2.254747e+01  7.316047e-03 
 2.254787e+01  7.347788e-03 
 2.254827e+01  7.378820e-03 
 2.254867e+01  7.408661e-03 
 2.254906e+01  7.437063e-03 
 2.254946e+01  7.463799e-03 
 2.254986e+01  7.488797e-03 
 2.255026e+01  7.511949e-03 
 2.255065e+01  7.533254e-03 
 2.255105e+01  7.552758e-03 
 2.255145e+01  7.570636e-03 
 2.255185e+01  7.587278e-03 
 2.255225e+01  7.603278e-03 
 2.255264e+01  7.619181e-03 
 2.255304e+01  7.635393e-03 
 2.255344e+01  7.652356e-03 
 2.255384e+01  7.670338e-03 
 2.255423e+01  7.689661e-03 
 2.255463e+01  7.710491e-03 
 2.255503e+01  7.732807e-03 
 2.255543e+01  7.756475e-03 
 2.255582e+01  7.781321e-03 
 2.255622e+01  7.807073e-03 
 2.255662e+01  7.833382e-03 
 2.255702e+01  7.859952e-03 
 2.255742e+01  7.886136e-03 
 2.255781e+01  7.911381e-03 
 2.255821e+01  7.935385e-03 
 2.255861e+01  7.957862e-03 
 2.255901e+01  7.978724e-03 
 2.255940e+01  7.997884e-03 
 2.255980e+01  8.015181e-03 
 2.256020e+01  8.030542e-03 
 2.256060e+01  8.044078e-03 
 2.256099e+01  8.055955e-03 
 2.256139e+01  8.066517e-03 
 2.256179e+01  8.076014e-03 
 2.256219e+01  8.084794e-03 
 2.256259e+01  8.092872e-03 
 2.256298e+01  8.100213e-03 
 2.256338e+01  8.106446e-03 
 2.256378e+01  8.111304e-03 
 2.256418e+01  8.114308e-03 
 2.256457e+01  8.115215e-03 
 2.256497e+01  8.113983e-03 
 2.256537e+01  8.110659e-03 
 2.256577e+01  8.105434e-03 
 2.256616e+01  8.098218e-03 
 2.256656e+01  8.089221e-03 
 2.256696e+01  8.078636e-03 
 2.256736e+01  8.066911e-03 
 2.256776e+01  8.054179e-03 
 2.256815e+01  8.041090e-03 
 2.256855e+01  8.028205e-03 
 2.256895e+01  8.016030e-03 
 2.256935e+01  8.004998e-03 
 2.256974e+01  7.995382e-03 
 2.257014e+01  7.987497e-03 
 2.257054e+01  7.981580e-03 
 2.257094e+01  7.977623e-03 
 2.257133e+01  7.975795e-03 
 2.257173e+01  7.976126e-03 
 2.257213e+01  7.978594e-03 
 2.257253e+01  7.982866e-03 
 2.257293e+01  7.988375e-03 
 2.257332e+01  7.994501e-03 
 2.257372e+01  8.000512e-03 
 2.257412e+01  8.005899e-03 
 2.257452e+01  8.010367e-03 
 2.257491e+01  8.013575e-03 
 2.257531e+01  8.015273e-03 
 2.257571e+01  8.015295e-03 
 2.257611e+01  8.013393e-03 
 2.257650e+01  8.009259e-03 
 2.257690e+01  8.002705e-03 
 2.257730e+01  7.993521e-03 
 2.257770e+01  7.981694e-03 
 2.257810e+01  7.967270e-03 
 2.257849e+01  7.950555e-03 
 2.257889e+01  7.931876e-03 
 2.257929e+01  7.911548e-03 
 2.257969e+01  7.889834e-03 
 2.258008e+01  7.867007e-03 
 2.258048e+01  7.843462e-03 
 2.258088e+01  7.819311e-03 
 2.258128e+01  7.794723e-03 
 2.258167e+01  7.769920e-03 
 2.258207e+01  7.744927e-03 
 2.258247e+01  7.719694e-03 
 2.258287e+01  7.694220e-03 
 2.258327e+01  7.668496e-03 
 2.258366e+01  7.642655e-03 
 2.258406e+01  7.616738e-03 
 2.258446e+01  7.590768e-03 
 2.258486e+01  7.564738e-03 
 2.258525e+01  7.538634e-03 
 2.258565e+01  7.512511e-03 
 2.258605e+01  7.486540e-03 
 2.258645e+01  7.460748e-03 
 2.258684e+01  7.435619e-03 
 2.258724e+01  7.411426e-03 
 2.258764e+01  7.388572e-03 
 2.258804e+01  7.367466e-03 
 2.258844e+01  7.348255e-03 
 2.258883e+01  7.331181e-03 
 2.258923e+01  7.316449e-03 
 2.258963e+01  7.303984e-03 
 2.259003e+01  7.293645e-03 
 2.259042e+01  7.285200e-03 
 2.259082e+01  7.278184e-03 
 2.259122e+01  7.271867e-03 
 2.259162e+01  7.265656e-03 
 2.259201e+01  7.258927e-03 
 2.259241e+01  7.251113e-03 
 2.259281e+01  7.241712e-03 
 2.259321e+01  7.230536e-03 
 2.259361e+01  7.217685e-03 
 2.259400e+01  7.203304e-03 
 2.259440e+01  7.187454e-03 
 2.259480e+01  7.170364e-03 
 2.259520e+01  7.152234e-03 
 2.259559e+01  7.133405e-03 
 2.259599e+01  7.114312e-03 
 2.259639e+01  7.095358e-03 
 2.259679e+01  7.076976e-03 
 2.259718e+01  7.059312e-03 
 2.259758e+01  7.042665e-03 
 2.259798e+01  7.027314e-03 
 2.259838e+01  7.013448e-03 
 2.259878e+01  7.000920e-03 
 2.259917e+01  6.989661e-03 
 2.259957e+01  6.979628e-03 
 2.259997e+01  6.970606e-03 
 2.260037e+01  6.962508e-03 
 2.260076e+01  6.955001e-03 
 2.260116e+01  6.947572e-03 
 2.260156e+01  6.939798e-03 
 2.260196e+01  6.931145e-03 
 2.260235e+01  6.921533e-03 
 2.260275e+01  6.910742e-03 
 2.260315e+01  6.898789e-03 
 2.260355e+01  6.885764e-03 
 2.260395e+01  6.871893e-03 
 2.260434e+01  6.857265e-03 
 2.260474e+01  6.842057e-03 
 2.260514e+01  6.826522e-03 
 2.260554e+01  6.811050e-03 
 2.260593e+01  6.795954e-03 
 2.260633e+01  6.781809e-03 
 2.260673e+01  6.769076e-03 
 2.260713e+01  6.758170e-03 
 2.260752e+01  6.749233e-03 
 2.260792e+01  6.742244e-03 
 2.260832e+01  6.737044e-03 
 2.260872e+01  6.733389e-03 
 2.260912e+01  6.731089e-03 
 2.260951e+01  6.729951e-03 
 2.260991e+01  6.729650e-03 
 2.261031e+01  6.730038e-03 
 2.261071e+01  6.730843e-03 
 2.261110e+01  6.731830e-03 
 2.261150e+01  6.732809e-03 
 2.261190e+01  6.733626e-03 
 2.261230e+01  6.734401e-03 
 2.261270e+01  6.735273e-03 
 2.261309e+01  6.736501e-03 
 2.261349e+01  6.738342e-03 
 2.261389e+01  6.741068e-03 
 2.261429e+01  6.744870e-03 
 2.261468e+01  6.749663e-03 
 2.261508e+01  6.755292e-03 
 2.261548e+01  6.761464e-03 
 2.261588e+01  6.767905e-03 
 2.261627e+01  6.774079e-03 
 2.261667e+01  6.779585e-03 
 2.261707e+01  6.783962e-03 
 2.261747e+01  6.786638e-03 
 2.261787e+01  6.787258e-03 
 2.261826e+01  6.785413e-03 
 2.261866e+01  6.781081e-03 
 2.261906e+01  6.774230e-03 
 2.261946e+01  6.764769e-03 
 2.261985e+01  6.753144e-03 
 2.262025e+01  6.739719e-03 
 2.262065e+01  6.725118e-03 
 2.262105e+01  6.709870e-03 
 2.262144e+01  6.694683e-03 
 2.262184e+01  6.680445e-03 
 2.262224e+01  6.667878e-03 
 2.262264e+01  6.657727e-03 
 2.262304e+01  6.650545e-03 
 2.262343e+01  6.646841e-03 
 2.262383e+01  6.646937e-03 
 2.262423e+01  6.650921e-03 
 2.262463e+01  6.658883e-03 
 2.262502e+01  6.670490e-03 
 2.262542e+01  6.685409e-03 
 2.262582e+01  6.703265e-03 
 2.262622e+01  6.723624e-03 
 2.262661e+01  6.746113e-03 
 2.262701e+01  6.770395e-03 
 2.262741e+01  6.796047e-03 
 2.262781e+01  6.822736e-03 
 2.262821e+01  6.850193e-03 
 2.262860e+01  6.878108e-03 
 2.262900e+01  6.906437e-03 
 2.262940e+01  6.935213e-03 
 2.262980e+01  6.964309e-03 
 2.263019e+01  6.993816e-03 
 2.263059e+01  7.023942e-03 
 2.263099e+01  7.054786e-03 
 2.263139e+01  7.086399e-03 
 2.263178e+01  7.118885e-03 
 2.263218e+01  7.152046e-03 
 2.263258e+01  7.185629e-03 
 2.263298e+01  7.219326e-03 
 2.263338e+01  7.252700e-03 
 2.263377e+01  7.285396e-03 
 2.263417e+01  7.317069e-03 
 2.263457e+01  7.347267e-03 
 2.263497e+01  7.375854e-03 
 2.263536e+01  7.402643e-03 
 2.263576e+01  7.427539e-03 
 2.263616e+01  7.450508e-03 
 2.263656e+01  7.471336e-03 
 2.263695e+01  7.490136e-03 
 2.263735e+01  7.507078e-03 
 2.263775e+01  7.522598e-03 
 2.263815e+01  7.537317e-03 
 2.263855e+01  7.551672e-03 
 2.263894e+01  7.566318e-03 
 2.263934e+01  7.581880e-03 
 2.263974e+01  7.599159e-03 
 2.264014e+01  7.618412e-03 
 2.264053e+01  7.639978e-03 
 2.264093e+01  7.663859e-03 
 2.264133e+01  7.690001e-03 
 2.264173e+01  7.718407e-03 
 2.264212e+01  7.748901e-03 
 2.264252e+01  7.780974e-03 
 2.264292e+01  7.814102e-03 
 2.264332e+01  7.847787e-03 
 2.264372e+01  7.881420e-03 
 2.264411e+01  7.914616e-03 
 2.264451e+01  7.946840e-03 
 2.264491e+01  7.977588e-03 
 2.264531e+01  8.006663e-03 
 2.264570e+01  8.033953e-03 
 2.264610e+01  8.059585e-03 
 2.264650e+01  8.083674e-03 
 2.264690e+01  8.106483e-03 
 2.264729e+01  8.128417e-03 
 2.264769e+01  8.149898e-03 
 2.264809e+01  8.171261e-03 
 2.264849e+01  8.192640e-03 
 2.264889e+01  8.214270e-03 
 2.264928e+01  8.236185e-03 
 2.264968e+01  8.258455e-03 
 2.265008e+01  8.281219e-03 
 2.265048e+01  8.304427e-03 
 2.265087e+01  8.328165e-03 
 2.265127e+01  8.352545e-03 
 2.265167e+01  8.377435e-03 
 2.265207e+01  8.402823e-03 
 2.265246e+01  8.428602e-03 
 2.265286e+01  8.454697e-03 
 2.265326e+01  8.480984e-03 
 2.265366e+01  8.507149e-03 
 2.265406e+01  8.532971e-03 
 2.265445e+01  8.558219e-03 
 2.265485e+01  8.582740e-03 
 2.265525e+01  8.606557e-03 
 2.265565e+01  8.629689e-03 
 2.265604e+01  8.652330e-03 
 2.265644e+01  8.674469e-03 
 2.265684e+01  8.696084e-03 
 2.265724e+01  8.717227e-03 
 2.265763e+01  8.737792e-03 
 2.265803e+01  8.757752e-03 
 2.265843e+01  8.776997e-03 
 2.265883e+01  8.795399e-03 
 2.265923e+01  8.813008e-03 
 2.265962e+01  8.829820e-03 
 2.266002e+01  8.845692e-03 
 2.266042e+01  8.860546e-03 
 2.266082e+01  8.874275e-03 
 2.266121e+01  8.886833e-03 
 2.266161e+01  8.898289e-03 
 2.266201e+01  8.908754e-03 
 2.266241e+01  8.918256e-03 
 2.266280e+01  8.926749e-03 
 2.266320e+01  8.934215e-03 
 2.266360e+01  8.940889e-03 
 2.266400e+01  8.946873e-03 
 2.266440e+01  8.952431e-03 
 2.266479e+01  8.957661e-03 
 2.266519e+01  8.963030e-03 
 2.266559e+01  8.968959e-03 
 2.266599e+01  8.975441e-03 
 2.266638e+01  8.982654e-03 
 2.266678e+01  8.990471e-03 
 2.266718e+01  8.998855e-03 
 2.266758e+01  9.007624e-03 
 2.266797e+01  9.016554e-03 
 2.266837e+01  9.025260e-03 
 2.266877e+01  9.033321e-03 
 2.266917e+01  9.040469e-03 
 2.266957e+01  9.046496e-03 
 2.266996e+01  9.051113e-03 
 2.267036e+01  9.054143e-03 
 2.267076e+01  9.055384e-03 
 2.267116e+01  9.054593e-03 
 2.267155e+01  9.051390e-03 
 2.267195e+01  9.045442e-03 
 2.267235e+01  9.036655e-03 
 2.267275e+01  9.025003e-03 
 2.267314e+01  9.010520e-03 
 2.267354e+01  8.993410e-03 
 2.267394e+01  8.973839e-03 
 2.267434e+01  8.952253e-03 
 2.267474e+01  8.929086e-03 
 2.267513e+01  8.904816e-03 
 2.267553e+01  8.879879e-03 
 2.267593e+01  8.854722e-03 
 2.267633e+01  8.829652e-03 
 2.267672e+01  8.805022e-03 
 2.267712e+01  8.781012e-03 
 2.267752e+01  8.757679e-03 
 2.267792e+01  8.735146e-03 
 2.267831e+01  8.713495e-03 
 2.267871e+01  8.692700e-03 
 2.267911e+01  8.672682e-03 
 2.267951e+01  8.653406e-03 
 2.267991e+01  8.634741e-03 
 2.268030e+01  8.616405e-03 
 2.268070e+01  8.598349e-03 
 2.268110e+01  8.580613e-03 
 2.268150e+01  8.563482e-03 
 2.268189e+01  8.547202e-03 
 2.268229e+01  8.532080e-03 
 2.268269e+01  8.518480e-03 
 2.268309e+01  8.507039e-03 
 2.268348e+01  8.498162e-03 
 2.268388e+01  8.492002e-03 
 2.268428e+01  8.488617e-03 
 2.268468e+01  8.487654e-03 
 2.268508e+01  8.488713e-03 
 2.268547e+01  8.491363e-03 
 2.268587e+01  8.494926e-03 
 2.268627e+01  8.498781e-03 
 2.268667e+01  8.502143e-03 
 2.268706e+01  8.504326e-03 
 2.268746e+01  8.504787e-03 
 2.268786e+01  8.503067e-03 
 2.268826e+01  8.498517e-03 
 2.268865e+01  8.490717e-03 
 2.268905e+01  8.479637e-03 
 2.268945e+01  8.465319e-03 
 2.268985e+01  8.447986e-03 
 2.269025e+01  8.428027e-03 
 2.269064e+01  8.405908e-03 
 2.269104e+01  8.382186e-03 
 2.269144e+01  8.357600e-03 
 2.269184e+01  8.332662e-03 
 2.269223e+01  8.307959e-03 
 2.269263e+01  8.284004e-03 
 2.269303e+01  8.261242e-03 
 2.269343e+01  8.239945e-03 
 2.269382e+01  8.220541e-03 
 2.269422e+01  8.203254e-03 
 2.269462e+01  8.188200e-03 
 2.269502e+01  8.175197e-03 
 2.269542e+01  8.163924e-03 
 2.269581e+01  8.154022e-03 
 2.269621e+01  8.145024e-03 
 2.269661e+01  8.136541e-03 
 2.269701e+01  8.128193e-03 
 2.269740e+01  8.119673e-03 
 2.269780e+01  8.110927e-03 
 2.269820e+01  8.101792e-03 
 2.269860e+01  8.092169e-03 
 2.269899e+01  8.082106e-03 
 2.269939e+01  8.071589e-03 
 2.269979e+01  8.060661e-03 
 2.270019e+01  8.049598e-03 
 2.270059e+01  8.038781e-03 
 2.270098e+01  8.028499e-03 
 2.270138e+01  8.019183e-03 
 2.270178e+01  8.011188e-03 
 2.270218e+01  8.004598e-03 
 2.270257e+01  7.999356e-03 
 2.270297e+01  7.995479e-03 
 2.270337e+01  7.992864e-03 
 2.270377e+01  7.991151e-03 
 2.270417e+01  7.990110e-03 
 2.270456e+01  7.989336e-03 
 2.270496e+01  7.988601e-03 
 2.270536e+01  7.987655e-03 
 2.270576e+01  7.986122e-03 
 2.270615e+01  7.983935e-03 
 2.270655e+01  7.981110e-03 
 2.270695e+01  7.977686e-03 
 2.270735e+01  7.973963e-03 
 2.270774e+01  7.970179e-03 
 2.270814e+01  7.966468e-03 
 2.270854e+01  7.963041e-03 
 2.270894e+01  7.960168e-03 
 2.270934e+01  7.958055e-03 
 2.270973e+01  7.956986e-03 
 2.271013e+01  7.957187e-03 
 2.271053e+01  7.958702e-03 
 2.271093e+01  7.961418e-03 
 2.271132e+01  7.965265e-03 
 2.271172e+01  7.969937e-03 
 2.271212e+01  7.974897e-03 
 2.271252e+01  7.979615e-03 
 2.271291e+01  7.983441e-03 
 2.271331e+01  7.985991e-03 
 2.271371e+01  7.986839e-03 
 2.271411e+01  7.985756e-03 
 2.271451e+01  7.982920e-03 
 2.271490e+01  7.978603e-03 
 2.271530e+01  7.973103e-03 
 2.271570e+01  7.966903e-03 
 2.271610e+01  7.960422e-03 
 2.271649e+01  7.954549e-03 
 2.271689e+01  7.949713e-03 
 2.271729e+01  7.946568e-03 
 2.271769e+01  7.945727e-03 
 2.271808e+01  7.947555e-03 
 2.271848e+01  7.952216e-03 
 2.271888e+01  7.959814e-03 
 2.271928e+01  7.970276e-03 
 2.271968e+01  7.983354e-03 
 2.272007e+01  7.998763e-03 
 2.272047e+01  8.016150e-03 
 2.272087e+01  8.035212e-03 
 2.272127e+01  8.055608e-03 
 2.272166e+01  8.076925e-03 
 2.272206e+01  8.099024e-03 
 2.272246e+01  8.121647e-03 
 2.272286e+01  8.144593e-03 
 2.272325e+01  8.167934e-03 
 2.272365e+01  8.191698e-03 
 2.272405e+01  8.216002e-03 
 2.272445e+01  8.240775e-03 
 2.272485e+01  8.266144e-03 
 2.272524e+01  8.292166e-03 
 2.272564e+01  8.318753e-03 
 2.272604e+01  8.345839e-03 
 2.272644e+01  8.373379e-03 
 2.272683e+01  8.401386e-03 
 2.272723e+01  8.429660e-03 
 2.272763e+01  8.458178e-03 
 2.272803e+01  8.486759e-03 
 2.272842e+01  8.515148e-03 
 2.272882e+01  8.543132e-03 
 2.272922e+01  8.570690e-03 
 2.272962e+01  8.597760e-03 
 2.273002e+01  8.624146e-03 
 2.273041e+01  8.649640e-03 
 2.273081e+01  8.674109e-03 
 2.273121e+01  8.697637e-03 
 2.273161e+01  8.720184e-03 
 2.273200e+01  8.741805e-03 
 2.273240e+01  8.762735e-03 
 2.273280e+01  8.783453e-03 
 2.273320e+01  8.804541e-03 
 2.273359e+01  8.826534e-03 
 2.273399e+01  8.850069e-03 
 2.273439e+01  8.875570e-03 
 2.273479e+01  8.903489e-03 
 2.273519e+01  8.934209e-03 
 2.273558e+01  8.968065e-03 
 2.273598e+01  9.005193e-03 
 2.273638e+01  9.045703e-03 
 2.273678e+01  9.089625e-03 
 2.273717e+01  9.136831e-03 
 2.273757e+01  9.186895e-03 
 2.273797e+01  9.239473e-03 
 2.273837e+01  9.293925e-03 
 2.273876e+01  9.349702e-03 
 2.273916e+01  9.406248e-03 
 2.273956e+01  9.462943e-03 
 2.273996e+01  9.519320e-03 
 2.274036e+01  9.574743e-03 
 2.274075e+01  9.628736e-03 
 2.274115e+01  9.680988e-03 
 2.274155e+01  9.731239e-03 
 2.274195e+01  9.779333e-03 
 2.274234e+01  9.825218e-03 
 2.274274e+01  9.869102e-03 
 2.274314e+01  9.911129e-03 
 2.274354e+01  9.951375e-03 
 2.274393e+01  9.990063e-03 
 2.274433e+01  1.002738e-02 
 2.274473e+01  1.006356e-02 
 2.274513e+01  1.009893e-02 
 2.274553e+01  1.013403e-02 
 2.274592e+01  1.016914e-02 
 2.274632e+01  1.020455e-02 
 2.274672e+01  1.024041e-02 
 2.274712e+01  1.027674e-02 
 2.274751e+01  1.031330e-02 
 2.274791e+01  1.035004e-02 
 2.274831e+01  1.038678e-02 
 2.274871e+01  1.042338e-02 
 2.274910e+01  1.045988e-02 
 2.274950e+01  1.049624e-02 
 2.274990e+01  1.053252e-02 
 2.275030e+01  1.056875e-02 
 2.275070e+01  1.060486e-02 
 2.275109e+01  1.064082e-02 
 2.275149e+01  1.067676e-02 
 2.275189e+01  1.071283e-02 
 2.275229e+01  1.074914e-02 
 2.275268e+01  1.078593e-02 
 2.275308e+01  1.082340e-02 
 2.275348e+01  1.086164e-02 
 2.275388e+01  1.090076e-02 
 2.275427e+01  1.094055e-02 
 2.275467e+01  1.098090e-02 
 2.275507e+01  1.102158e-02 
 2.275547e+01  1.106246e-02 
 2.275587e+01  1.110336e-02 
 2.275626e+01  1.114402e-02 
 2.275666e+01  1.118418e-02 
 2.275706e+01  1.122357e-02 
 2.275746e+01  1.126189e-02 
 2.275785e+01  1.129889e-02 
 2.275825e+01  1.133467e-02 
 2.275865e+01  1.136922e-02 
 2.275905e+01  1.140268e-02 
 2.275944e+01  1.143508e-02 
 2.275984e+01  1.146642e-02 
 2.276024e+01  1.149671e-02 
 2.276064e+01  1.152601e-02 
 2.276104e+01  1.155437e-02 
 2.276143e+01  1.158204e-02 
 2.276183e+01  1.160916e-02 
 2.276223e+01  1.163584e-02 
 2.276263e+01  1.166230e-02 
 2.276302e+01  1.168873e-02 
 2.276342e+01  1.171513e-02 
 2.276382e+01  1.174139e-02 
 2.276422e+01  1.176738e-02 
 2.276461e+01  1.179292e-02 
 2.276501e+01  1.181778e-02 
 2.276541e+01  1.184154e-02 
 2.276581e+01  1.186375e-02 
 2.276621e+01  1.188405e-02 
 2.276660e+01  1.190214e-02 
 2.276700e+01  1.191792e-02 
 2.276740e+01  1.193140e-02 
 2.276780e+01  1.194279e-02 
 2.276819e+01  1.195217e-02 
 2.276859e+01  1.195991e-02 
 2.276899e+01  1.196643e-02 
 2.276939e+01  1.197185e-02 
 2.276978e+01  1.197650e-02 
 2.277018e+01  1.198074e-02 
 2.277058e+01  1.198491e-02 
 2.277098e+01  1.198932e-02 
 2.277138e+01  1.199429e-02 
 2.277177e+01  1.200000e-02 
 2.277217e+01  1.200650e-02 
 2.277257e+01  1.201376e-02 
 2.277297e+01  1.202173e-02 
 2.277336e+01  1.203029e-02 
 2.277376e+01  1.203911e-02 
 2.277416e+01  1.204783e-02 
 2.277456e+01  1.205627e-02 
 2.277495e+01  1.206415e-02 
 2.277535e+01  1.207136e-02 
 2.277575e+01  1.207763e-02 
 2.277615e+01  1.208295e-02 
 2.277655e+01  1.208744e-02 
 2.277694e+01  1.209140e-02 
 2.277734e+01  1.209526e-02 
 2.277774e+01  1.209943e-02 
 2.277814e+01  1.210424e-02 
 2.277853e+01  1.210998e-02 
 2.277893e+01  1.211685e-02 
 2.277933e+01  1.212503e-02 
 2.277973e+01  1.213428e-02 
 2.278012e+01  1.214451e-02 
 2.278052e+01  1.215556e-02 
 2.278092e+01  1.216732e-02 
 2.278132e+01  1.217939e-02 
 2.278172e+01  1.219125e-02 
 2.278211e+01  1.220234e-02 
 2.278251e+01  1.221186e-02 
 2.278291e+01  1.221915e-02 
 2.278331e+01  1.222366e-02 
 2.278370e+01  1.222499e-02 
 2.278410e+01  1.222294e-02 
 2.278450e+01  1.221772e-02 
 2.278490e+01  1.220976e-02 
 2.278529e+01  1.219950e-02 
 2.278569e+01  1.218735e-02 
 2.278609e+01  1.217391e-02 
 2.278649e+01  1.215981e-02 
 2.278689e+01  1.214584e-02 
 2.278728e+01  1.213267e-02 
 2.278768e+01  1.212094e-02 
 2.278808e+01  1.211105e-02 
 2.278848e+01  1.210327e-02 
 2.278887e+01  1.209767e-02 
 2.278927e+01  1.209426e-02 
 2.278967e+01  1.209289e-02 
 2.279007e+01  1.209338e-02 
 2.279046e+01  1.209553e-02 
 2.279086e+01  1.209921e-02 
 2.279126e+01  1.210413e-02 
 2.279166e+01  1.210990e-02 
 2.279206e+01  1.211598e-02 
 2.279245e+01  1.212183e-02 
 2.279285e+01  1.212702e-02 
 2.279325e+01  1.213130e-02 
 2.279365e+01  1.213451e-02 
 2.279404e+01  1.213663e-02 
 2.279444e+01  1.213778e-02 
 2.279484e+01  1.213809e-02 
 2.279524e+01  1.213773e-02 
 2.279564e+01  1.213689e-02 
 2.279603e+01  1.213563e-02 
 2.279643e+01  1.213406e-02 
 2.279683e+01  1.213244e-02 
 2.279723e+01  1.213073e-02 
 2.279762e+01  1.212897e-02 
 2.279802e+01  1.212734e-02 
 2.279842e+01  1.212546e-02 
 2.279882e+01  1.212322e-02 
 2.279921e+01  1.212038e-02 
 2.279961e+01  1.211682e-02 
 2.280001e+01  1.211236e-02 
 2.280041e+01  1.210686e-02 
 2.280081e+01  1.210021e-02 
 2.280120e+01  1.209240e-02 
 2.280160e+01  1.208342e-02 
 2.280200e+01  1.207344e-02 
 2.280240e+01  1.206262e-02 
 2.280279e+01  1.205136e-02 
 2.280319e+01  1.204014e-02 
 2.280359e+01  1.202940e-02 
 2.280399e+01  1.201981e-02 
 2.280438e+01  1.201191e-02 
 2.280478e+01  1.200616e-02 
 2.280518e+01  1.200298e-02 
 2.280558e+01  1.200239e-02 
 2.280598e+01  1.200446e-02 
 2.280637e+01  1.200909e-02 
 2.280677e+01  1.201593e-02 
 2.280717e+01  1.202440e-02 
 2.280757e+01  1.203381e-02 
 2.280796e+01  1.204367e-02 
 2.280836e+01  1.205332e-02 
 2.280876e+01  1.206249e-02 
 2.280916e+01  1.207080e-02 
 2.280955e+01  1.207805e-02 
 2.280995e+01  1.208419e-02 
 2.281035e+01  1.208919e-02 
 2.281075e+01  1.209320e-02 
 2.281115e+01  1.209632e-02 
 2.281154e+01  1.209874e-02 
 2.281194e+01  1.210087e-02 
 2.281234e+01  1.210304e-02 
 2.281274e+01  1.210571e-02 
 2.281313e+01  1.210912e-02 
 2.281353e+01  1.211328e-02 
 2.281393e+01  1.211824e-02 
 2.281433e+01  1.212396e-02 
 2.281472e+01  1.213026e-02 
 2.281512e+01  1.213701e-02 
 2.281552e+01  1.214409e-02 
 2.281592e+01  1.215126e-02 
 2.281632e+01  1.215829e-02 
 2.281671e+01  1.216516e-02 
 2.281711e+01  1.217182e-02 
 2.281751e+01  1.217837e-02 
 2.281791e+01  1.218487e-02 
 2.281830e+01  1.219152e-02 
 2.281870e+01  1.219856e-02 
 2.281910e+01  1.220612e-02 
 2.281950e+01  1.221432e-02 
 2.281989e+01  1.222332e-02 
 2.282029e+01  1.223332e-02 
 2.282069e+01  1.224434e-02 
 2.282109e+01  1.225652e-02 
 2.282149e+01  1.227000e-02 
 2.282188e+01  1.228472e-02 
 2.282228e+01  1.230067e-02 
 2.282268e+01  1.231789e-02 
 2.282308e+01  1.233634e-02 
 2.282347e+01  1.235584e-02 
 2.282387e+01  1.237610e-02 
 2.282427e+01  1.239701e-02 
 2.282467e+01  1.241843e-02 
 2.282506e+01  1.244025e-02 
 2.282546e+01  1.246227e-02 
 2.282586e+01  1.248442e-02 
 2.282626e+01  1.250668e-02 
 2.282666e+01  1.252912e-02 
 2.282705e+01  1.255171e-02 
 2.282745e+01  1.257445e-02 
 2.282785e+01  1.259723e-02 
 2.282825e+01  1.262019e-02 
 2.282864e+01  1.264365e-02 
 2.282904e+01  1.266769e-02 
 2.282944e+01  1.269258e-02 
 2.282984e+01  1.271857e-02 
 2.283023e+01  1.274594e-02 
 2.283063e+01  1.277504e-02 
 2.283103e+01  1.280603e-02 
 2.283143e+01  1.283913e-02 
 2.283183e+01  1.287430e-02 
 2.283222e+01  1.291144e-02 
 2.283262e+01  1.295045e-02 
 2.283302e+01  1.299121e-02 
 2.283342e+01  1.303339e-02 
 2.283381e+01  1.307660e-02 
 2.283421e+01  1.312045e-02 
 2.283461e+01  1.316457e-02 
 2.283501e+01  1.320856e-02 
 2.283540e+01  1.325200e-02 
 2.283580e+01  1.329456e-02 
 2.283620e+01  1.333607e-02 
 2.283660e+01  1.337641e-02 
 2.283700e+01  1.341563e-02 
 2.283739e+01  1.345391e-02 
 2.283779e+01  1.349133e-02 
 2.283819e+01  1.352801e-02 
 2.283859e+01  1.356429e-02 
 2.283898e+01  1.360051e-02 
 2.283938e+01  1.363703e-02 
 2.283978e+01  1.367420e-02 
 2.284018e+01  1.371234e-02 
 2.284057e+01  1.375175e-02 
 2.284097e+01  1.379244e-02 
 2.284137e+01  1.383445e-02 
 2.284177e+01  1.387773e-02 
 2.284217e+01  1.392214e-02 
 2.284256e+01  1.396755e-02 
 2.284296e+01  1.401382e-02 
 2.284336e+01  1.406090e-02 
 2.284376e+01  1.410871e-02 
 2.284415e+01  1.415706e-02 
 2.284455e+01  1.420573e-02 
 2.284495e+01  1.425468e-02 
 2.284535e+01  1.430375e-02 
 2.284574e+01  1.435279e-02 
 2.284614e+01  1.440174e-02 
 2.284654e+01  1.445050e-02 
 2.284694e+01  1.449910e-02 
 2.284734e+01  1.454755e-02 
 2.284773e+01  1.459579e-02 
 2.284813e+01  1.464409e-02 
 2.284853e+01  1.469247e-02 
 2.284893e+01  1.474093e-02 
 2.284932e+01  1.478940e-02 
 2.284972e+01  1.483771e-02 
 2.285012e+01  1.488590e-02 
 2.285052e+01  1.493386e-02 
 2.285091e+01  1.498149e-02 
 2.285131e+01  1.502870e-02 
 2.285171e+01  1.507528e-02 
 2.285211e+01  1.512109e-02 
 2.285251e+01  1.516597e-02 
 2.285290e+01  1.520979e-02 
 2.285330e+01  1.525229e-02 
 2.285370e+01  1.529327e-02 
 2.285410e+01  1.533252e-02 
 2.285449e+01  1.536999e-02 
 2.285489e+01  1.540579e-02 
 2.285529e+01  1.544001e-02 
 2.285569e+01  1.547291e-02 
 2.285608e+01  1.550499e-02 
 2.285648e+01  1.553692e-02 
 2.285688e+01  1.556911e-02 
 2.285728e+01  1.560211e-02 
 2.285768e+01  1.563631e-02 
 2.285807e+01  1.567193e-02 
 2.285847e+01  1.570909e-02 
 2.285887e+01  1.574761e-02 
 2.285927e+01  1.578735e-02 
 2.285966e+01  1.582799e-02 
 2.286006e+01  1.586916e-02 
 2.286046e+01  1.591062e-02 
 2.286086e+01  1.595191e-02 
 2.286125e+01  1.599272e-02 
 2.286165e+01  1.603259e-02 
 2.286205e+01  1.607117e-02 
 2.286245e+01  1.610811e-02 
 2.286285e+01  1.614305e-02 
 2.286324e+01  1.617576e-02 
 2.286364e+01  1.620626e-02 
 2.286404e+01  1.623466e-02 
 2.286444e+01  1.626118e-02 
 2.286483e+01  1.628612e-02 
 2.286523e+01  1.630978e-02 
 2.286563e+01  1.633237e-02 
 2.286603e+01  1.635410e-02 
 2.286642e+01  1.637510e-02 
 2.286682e+01  1.639541e-02 
 2.286722e+01  1.641501e-02 
 2.286762e+01  1.643375e-02 
 2.286802e+01  1.645145e-02 
 2.286841e+01  1.646802e-02 
 2.286881e+01  1.648334e-02 
 2.286921e+01  1.649715e-02 
 2.286961e+01  1.650920e-02 
 2.287000e+01  1.651928e-02 
 2.287040e+01  1.652749e-02 
 2.287080e+01  1.653384e-02 
 2.287120e+01  1.653834e-02 
 2.287159e+01  1.654129e-02 
 2.287199e+01  1.654307e-02 
 2.287239e+01  1.654416e-02 
 2.287279e+01  1.654504e-02 
 2.287319e+01  1.654618e-02 
 2.287358e+01  1.654806e-02 
 2.287398e+01  1.655114e-02 
 2.287438e+01  1.655577e-02 
 2.287478e+01  1.656222e-02 
 2.287517e+01  1.657055e-02 
 2.287557e+01  1.658055e-02 
 2.287597e+01  1.659183e-02 
 2.287637e+01  1.660401e-02 
 2.287676e+01  1.661643e-02 
 2.287716e+01  1.662838e-02 
 2.287756e+01  1.663912e-02 
 2.287796e+01  1.664817e-02 
 2.287836e+01  1.665526e-02 
 2.287875e+01  1.666021e-02 
 2.287915e+01  1.666313e-02 
 2.287955e+01  1.666403e-02 
 2.287995e+01  1.666325e-02 
 2.288034e+01  1.666091e-02 
 2.288074e+01  1.665742e-02 
 2.288114e+01  1.665332e-02 
 2.288154e+01  1.664894e-02 
 2.288193e+01  1.664459e-02 
 2.288233e+01  1.664072e-02 
 2.288273e+01  1.663765e-02 
 2.288313e+01  1.663560e-02 
 2.288353e+01  1.663476e-02 
 2.288392e+01  1.663522e-02 
 2.288432e+01  1.663697e-02 
 2.288472e+01  1.663985e-02 
 2.288512e+01  1.664347e-02 
 2.288551e+01  1.664755e-02 
 2.288591e+01  1.665159e-02 
 2.288631e+01  1.665508e-02 
 2.288671e+01  1.665773e-02 
 2.288710e+01  1.665933e-02 
 2.288750e+01  1.665986e-02 
 2.288790e+01  1.665929e-02 
 2.288830e+01  1.665774e-02 
 2.288870e+01  1.665534e-02 
 2.288909e+01  1.665200e-02 
 2.288949e+01  1.664772e-02 
 2.288989e+01  1.664247e-02 
 2.289029e+01  1.663638e-02 
 2.289068e+01  1.662957e-02 
 2.289108e+01  1.662214e-02 
 2.289148e+01  1.661420e-02 
 2.289188e+01  1.660586e-02 
 2.289228e+01  1.659741e-02 
 2.289267e+01  1.658896e-02 
 2.289307e+01  1.658043e-02 
 2.289347e+01  1.657174e-02 
 2.289387e+01  1.656301e-02 
 2.289426e+01  1.655414e-02 
 2.289466e+01  1.654491e-02 
 2.289506e+01  1.653522e-02 
 2.289546e+01  1.652515e-02 
 2.289585e+01  1.651461e-02 
 2.289625e+01  1.650372e-02 
 2.289665e+01  1.649269e-02 
 2.289705e+01  1.648167e-02 
 2.289745e+01  1.647080e-02 
 2.289784e+01  1.646028e-02 
 2.289824e+01  1.645029e-02 
 2.289864e+01  1.644110e-02 
 2.289904e+01  1.643284e-02 
 2.289943e+01  1.642564e-02 
 2.289983e+01  1.641978e-02 
 2.290023e+01  1.641532e-02 
 2.290063e+01  1.641236e-02 
 2.290102e+01  1.641073e-02 
 2.290142e+01  1.641033e-02 
 2.290182e+01  1.641101e-02 
 2.290222e+01  1.641263e-02 
 2.290262e+01  1.641499e-02 
 2.290301e+01  1.641789e-02 
 2.290341e+01  1.642102e-02 
 2.290381e+01  1.642393e-02 
 2.290421e+01  1.642624e-02 
 2.290460e+01  1.642753e-02 
 2.290500e+01  1.642739e-02 
 2.290540e+01  1.642550e-02 
 2.290580e+01  1.642166e-02 
 2.290619e+01  1.641607e-02 
 2.290659e+01  1.640884e-02 
 2.290699e+01  1.640029e-02 
 2.290739e+01  1.639059e-02 
 2.290779e+01  1.638008e-02 
 2.290818e+01  1.636886e-02 
 2.290858e+01  1.635717e-02 
 2.290898e+01  1.634516e-02 
 2.290938e+01  1.633285e-02 
 2.290977e+01  1.632050e-02 
 2.291017e+01  1.630826e-02 
 2.291057e+01  1.629625e-02 
 2.291097e+01  1.628469e-02 
 2.291136e+01  1.627380e-02 
 2.291176e+01  1.626374e-02 
 2.291216e+01  1.625474e-02 
 2.291256e+01  1.624697e-02 
 2.291296e+01  1.624056e-02 
 2.291335e+01  1.623548e-02 
 2.291375e+01  1.623181e-02 
 2.291415e+01  1.622967e-02 
 2.291455e+01  1.622901e-02 
 2.291494e+01  1.622991e-02 
 2.291534e+01  1.623231e-02 
 2.291574e+01  1.623638e-02 
 2.291614e+01  1.624216e-02 
 2.291653e+01  1.624950e-02 
 2.291693e+01  1.625823e-02 
 2.291733e+01  1.626821e-02 
 2.291773e+01  1.627914e-02 
 2.291813e+01  1.629075e-02 
 2.291852e+01  1.630270e-02 
 2.291892e+01  1.631494e-02 
 2.291932e+01  1.632727e-02 
 2.291972e+01  1.633968e-02 
 2.292011e+01  1.635215e-02 
 2.292051e+01  1.636468e-02 
 2.292091e+01  1.637713e-02 
 2.292131e+01  1.638924e-02 
 2.292170e+01  1.640080e-02 
 2.292210e+01  1.641176e-02 
 2.292250e+01  1.642189e-02 
 2.292290e+01  1.643106e-02 
 2.292330e+01  1.643936e-02 
 2.292369e+01  1.644684e-02 
 2.292409e+01  1.645366e-02 
 2.292449e+01  1.646004e-02 
 2.292489e+01  1.646636e-02 
 2.292528e+01  1.647288e-02 
 2.292568e+01  1.647982e-02 
 2.292608e+01  1.648762e-02 
 2.292648e+01  1.649669e-02 
 2.292687e+01  1.650738e-02 
 2.292727e+01  1.651993e-02 
 2.292767e+01  1.653461e-02 
 2.292807e+01  1.655147e-02 
 2.292847e+01  1.657038e-02 
 2.292886e+01  1.659114e-02 
 2.292926e+01  1.661355e-02 
 2.292966e+01  1.663731e-02 
 2.293006e+01  1.666217e-02 
 2.293045e+01  1.668792e-02 
 2.293085e+01  1.671427e-02 
 2.293125e+01  1.674097e-02 
 2.293165e+01  1.676774e-02 
 2.293204e+01  1.679433e-02 
 2.293244e+01  1.682064e-02 
 2.293284e+01  1.684663e-02 
 2.293324e+01  1.687257e-02 
 2.293364e+01  1.689879e-02 
 2.293403e+01  1.692569e-02 
 2.293443e+01  1.695369e-02 
 2.293483e+01  1.698323e-02 
 2.293523e+01  1.701453e-02 
 2.293562e+01  1.704782e-02 
 2.293602e+01  1.708322e-02 
 2.293642e+01  1.712071e-02 
 2.293682e+01  1.716016e-02 
 2.293721e+01  1.720140e-02 
 2.293761e+01  1.724440e-02 
 2.293801e+01  1.728888e-02 
 2.293841e+01  1.733461e-02 
 2.293881e+01  1.738123e-02 
 2.293920e+01  1.742836e-02 
 2.293960e+01  1.747581e-02 
 2.294000e+01  1.752298e-02 
 2.294040e+01  1.756958e-02 
 2.294079e+01  1.761524e-02 
 2.294119e+01  1.765974e-02 
 2.294159e+01  1.770310e-02 
 2.294199e+01  1.774542e-02 
 2.294238e+01  1.778687e-02 
 2.294278e+01  1.782783e-02 
 2.294318e+01  1.786843e-02 
 2.294358e+01  1.790916e-02 
 2.294398e+01  1.795017e-02 
 2.294437e+01  1.799170e-02 
 2.294477e+01  1.803376e-02 
 2.294517e+01  1.807635e-02 
 2.294557e+01  1.811926e-02 
 2.294596e+01  1.816240e-02 
 2.294636e+01  1.820550e-02 
 2.294676e+01  1.824838e-02 
 2.294716e+01  1.829077e-02 
 2.294755e+01  1.833249e-02 
 2.294795e+01  1.837339e-02 
 2.294835e+01  1.841332e-02 
 2.294875e+01  1.845216e-02 
 2.294915e+01  1.848978e-02 
 2.294954e+01  1.852606e-02 
 2.294994e+01  1.856114e-02 
 2.295034e+01  1.859531e-02 
 2.295074e+01  1.862904e-02 
 2.295113e+01  1.866294e-02 
 2.295153e+01  1.869755e-02 
 2.295193e+01  1.873337e-02 
 2.295233e+01  1.877072e-02 
 2.295272e+01  1.880986e-02 
 2.295312e+01  1.885088e-02 
 2.295352e+01  1.889383e-02 
 2.295392e+01  1.893870e-02 
 2.295432e+01  1.898541e-02 
 2.295471e+01  1.903396e-02 
 2.295511e+01  1.908403e-02 
 2.295551e+01  1.913528e-02 
 2.295591e+01  1.918722e-02 
 2.295630e+01  1.923932e-02 
 2.295670e+01  1.929102e-02 
 2.295710e+01  1.934184e-02 
 2.295750e+01  1.939133e-02 
 2.295789e+01  1.943913e-02 
 2.295829e+01  1.948509e-02 
 2.295869e+01  1.952899e-02 
 2.295909e+01  1.957084e-02 
 2.295949e+01  1.961079e-02 
 2.295988e+01  1.964884e-02 
 2.296028e+01  1.968510e-02 
 2.296068e+01  1.971965e-02 
 2.296108e+01  1.975252e-02 
 2.296147e+01  1.978357e-02 
 2.296187e+01  1.981264e-02 
 2.296227e+01  1.983962e-02 
 2.296267e+01  1.986451e-02 
 2.296306e+01  1.988712e-02 
 2.296346e+01  1.990750e-02 
 2.296386e+01  1.992570e-02 
 2.296426e+01  1.994168e-02 
 2.296466e+01  1.995551e-02 
 2.296505e+01  1.996725e-02 
 2.296545e+01  1.997705e-02 
 2.296585e+01  1.998517e-02 
 2.296625e+01  1.999179e-02 
 2.296664e+01  1.999745e-02 
 2.296704e+01  2.000240e-02 
 2.296744e+01  2.000710e-02 
 2.296784e+01  2.001218e-02 
 2.296823e+01  2.001810e-02 
 2.296863e+01  2.002522e-02 
 2.296903e+01  2.003398e-02 
 2.296943e+01  2.004459e-02 
 2.296983e+01  2.005713e-02 
 2.297022e+01  2.007162e-02 
 2.297062e+01  2.008781e-02 
 2.297102e+01  2.010558e-02 
 2.297142e+01  2.012462e-02 
 2.297181e+01  2.014460e-02 
 2.297221e+01  2.016522e-02 
 2.297261e+01  2.018610e-02 
 2.297301e+01  2.020684e-02 
 2.297340e+01  2.022691e-02 
 2.297380e+01  2.024577e-02 
 2.297420e+01  2.026296e-02 
 2.297460e+01  2.027831e-02 
 2.297500e+01  2.029171e-02 
 2.297539e+01  2.030315e-02 
 2.297579e+01  2.031281e-02 
 2.297619e+01  2.032089e-02 
 2.297659e+01  2.032760e-02 
 2.297698e+01  2.033314e-02 
 2.297738e+01  2.033764e-02 
 2.297778e+01  2.034152e-02 
 2.297818e+01  2.034451e-02 
 2.297857e+01  2.034685e-02 
 2.297897e+01  2.034834e-02 
 2.297937e+01  2.034908e-02 
 2.297977e+01  2.034892e-02 
 2.298017e+01  2.034783e-02 
 2.298056e+01  2.034559e-02 
 2.298096e+01  2.034218e-02 
 2.298136e+01  2.033759e-02 
 2.298176e+01  2.033165e-02 
 2.298215e+01  2.032434e-02 
 2.298255e+01  2.031553e-02 
 2.298295e+01  2.030527e-02 
 2.298335e+01  2.029355e-02 
 2.298375e+01  2.028036e-02 
 2.298414e+01  2.026607e-02 
 2.298454e+01  2.025092e-02 
 2.298494e+01  2.023524e-02 
 2.298534e+01  2.021943e-02 
 2.298573e+01  2.020391e-02 
 2.298613e+01  2.018888e-02 
 2.298653e+01  2.017458e-02 
 2.298693e+01  2.016109e-02 
 2.298732e+01  2.014849e-02 
 2.298772e+01  2.013674e-02 
 2.298812e+01  2.012572e-02 
 2.298852e+01  2.011540e-02 
 2.298892e+01  2.010578e-02 
 2.298931e+01  2.009682e-02 
 2.298971e+01  2.008869e-02 
 2.299011e+01  2.008141e-02 
 2.299051e+01  2.007491e-02 
 2.299090e+01  2.006922e-02 
 2.299130e+01  2.006422e-02 
 2.299170e+01  2.005970e-02 
 2.299210e+01  2.005552e-02 
 2.299249e+01  2.005157e-02 
 2.299289e+01  2.004778e-02 
 2.299329e+01  2.004423e-02 
 2.299369e+01  2.004075e-02 
 2.299409e+01  2.003725e-02 
 2.299448e+01  2.003370e-02 
 2.299488e+01  2.003021e-02 
 2.299528e+01  2.002692e-02 
 2.299568e+01  2.002380e-02 
 2.299607e+01  2.002100e-02 
 2.299647e+01  2.001859e-02 
 2.299687e+01  2.001661e-02 
 2.299727e+01  2.001508e-02 
 2.299766e+01  2.001374e-02 
 2.299806e+01  2.001247e-02 
 2.299846e+01  2.001103e-02 
 2.299886e+01  2.000920e-02 
 2.299926e+01  2.000684e-02 
 2.299965e+01  2.000370e-02 
 2.300005e+01  1.999959e-02 
 2.300045e+01  1.999422e-02 
 2.300085e+01  1.998725e-02 
 2.300124e+01  1.997838e-02 
 2.300164e+01  1.996743e-02 
 2.300204e+01  1.995441e-02 
 2.300244e+01  1.993926e-02 
 2.300283e+01  1.992218e-02 
 2.300323e+01  1.990352e-02 
 2.300363e+01  1.988342e-02 
 2.300403e+01  1.986221e-02 
 2.300443e+01  1.984017e-02 
 2.300482e+01  1.981761e-02 
 2.300522e+01  1.979475e-02 
 2.300562e+01  1.977196e-02 
 2.300602e+01  1.974969e-02 
 2.300641e+01  1.972853e-02 
 2.300681e+01  1.970877e-02 
 2.300721e+01  1.969073e-02 
 2.300761e+01  1.967464e-02 
 2.300800e+01  1.966055e-02 
 2.300840e+01  1.964847e-02 
 2.300880e+01  1.963827e-02 
 2.300920e+01  1.962973e-02 
 2.300960e+01  1.962290e-02 
 2.300999e+01  1.961747e-02 
 2.301039e+01  1.961343e-02 
 2.301079e+01  1.961072e-02 
 2.301119e+01  1.960920e-02 
 2.301158e+01  1.960862e-02 
 2.301198e+01  1.960882e-02 
 2.301238e+01  1.960941e-02 
 2.301278e+01  1.961031e-02 
 2.301317e+01  1.961120e-02 
 2.301357e+01  1.961195e-02 
 2.301397e+01  1.961252e-02 
 2.301437e+01  1.961276e-02 
 2.301477e+01  1.961270e-02 
 2.301516e+01  1.961238e-02 
 2.301556e+01  1.961167e-02 
 2.301596e+01  1.961027e-02 
 2.301636e+01  1.960795e-02 
 2.301675e+01  1.960443e-02 
 2.301715e+01  1.959945e-02 
 2.301755e+01  1.959257e-02 
 2.301795e+01  1.958355e-02 
 2.301834e+01  1.957232e-02 
 2.301874e+01  1.955891e-02 
 2.301914e+01  1.954371e-02 
 2.301954e+01  1.952714e-02 
 2.301994e+01  1.950958e-02 
 2.302033e+01  1.949158e-02 
 2.302073e+01  1.947356e-02 
 2.302113e+01  1.945595e-02 
 2.302153e+01  1.943922e-02 
 2.302192e+01  1.942378e-02 
 2.302232e+01  1.940987e-02 
 2.302272e+01  1.939780e-02 
 2.302312e+01  1.938780e-02 
 2.302351e+01  1.938016e-02 
 2.302391e+01  1.937514e-02 
 2.302431e+01  1.937258e-02 
 2.302471e+01  1.937251e-02 
 2.302511e+01  1.937446e-02 
 2.302550e+01  1.937816e-02 
 2.302590e+01  1.938317e-02 
 2.302630e+01  1.938890e-02 
 2.302670e+01  1.939519e-02 
 2.302709e+01  1.940184e-02 
 2.302749e+01  1.940882e-02 
 2.302789e+01  1.941619e-02 
 2.302829e+01  1.942430e-02 
 2.302868e+01  1.943338e-02 
 2.302908e+01  1.944360e-02 
 2.302948e+01  1.945519e-02 
 2.302988e+01  1.946829e-02 
 2.303028e+01  1.948307e-02 
 2.303067e+01  1.949963e-02 
 2.303107e+01  1.951809e-02 
 2.303147e+01  1.953846e-02 
 2.303187e+01  1.956079e-02 
 2.303226e+01  1.958493e-02 
 2.303266e+01  1.961081e-02 
 2.303306e+01  1.963808e-02 
 2.303346e+01  1.966621e-02 
 2.303385e+01  1.969469e-02 
 2.303425e+01  1.972296e-02 
 2.303465e+01  1.975055e-02 
 2.303505e+01  1.977736e-02 
 2.303545e+01  1.980300e-02 
 2.303584e+01  1.982734e-02 
 2.303624e+01  1.985060e-02 
 2.303664e+01  1.987314e-02 
 2.303704e+01  1.989529e-02 
 2.303743e+01  1.991738e-02 
 2.303783e+01  1.993991e-02 
 2.303823e+01  1.996312e-02 
 2.303863e+01  1.998736e-02 
 2.303902e+01  2.001289e-02 
 2.303942e+01  2.003978e-02 
 2.303982e+01  2.006808e-02 
 2.304022e+01  2.009786e-02 
 2.304062e+01  2.012913e-02 
 2.304101e+01  2.016203e-02 
 2.304141e+01  2.019654e-02 
 2.304181e+01  2.023248e-02 
 2.304221e+01  2.026963e-02 
 2.304260e+01  2.030767e-02 
 2.304300e+01  2.034622e-02 
 2.304340e+01  2.038503e-02 
 2.304380e+01  2.042382e-02 
 2.304419e+01  2.046224e-02 
 2.304459e+01  2.050020e-02 
 2.304499e+01  2.053749e-02 
 2.304539e+01  2.057427e-02 
 2.304579e+01  2.061064e-02 
 2.304618e+01  2.064672e-02 
 2.304658e+01  2.068271e-02 
 2.304698e+01  2.071889e-02 
 2.304738e+01  2.075554e-02 
 2.304777e+01  2.079291e-02 
 2.304817e+01  2.083129e-02 
 2.304857e+01  2.087078e-02 
 2.304897e+01  2.091139e-02 
 2.304936e+01  2.095305e-02 
 2.304976e+01  2.099568e-02 
 2.305016e+01  2.103920e-02 
 2.305056e+01  2.108319e-02 
 2.305096e+01  2.112726e-02 
 2.305135e+01  2.117101e-02 
 2.305175e+01  2.121399e-02 
 2.305215e+01  2.125584e-02 
 2.305255e+01  2.129641e-02 
 2.305294e+01  2.133543e-02 
 2.305334e+01  2.137273e-02 
 2.305374e+01  2.140835e-02 
 2.305414e+01  2.144230e-02 
 2.305453e+01  2.147469e-02 
 2.305493e+01  2.150564e-02 
 2.305533e+01  2.153506e-02 
 2.305573e+01  2.156294e-02 
 2.305613e+01  2.158928e-02 
 2.305652e+01  2.161413e-02 
 2.305692e+01  2.163749e-02 
 2.305732e+01  2.165941e-02 
 2.305772e+01  2.167987e-02 
 2.305811e+01  2.169888e-02 
 2.305851e+01  2.171660e-02 
 2.305891e+01  2.173318e-02 
 2.305931e+01  2.174863e-02 
 2.305970e+01  2.176298e-02 
 2.306010e+01  2.177628e-02 
 2.306050e+01  2.178869e-02 
 2.306090e+01  2.180035e-02 
 2.306130e+01  2.181139e-02 
 2.306169e+01  2.182216e-02 
 2.306209e+01  2.183298e-02 
 2.306249e+01  2.184422e-02 
 2.306289e+01  2.185638e-02 
 2.306328e+01  2.186968e-02 
 2.306368e+01  2.188405e-02 
 2.306408e+01  2.189940e-02 
 2.306448e+01  2.191570e-02 
 2.306487e+01  2.193303e-02 
 2.306527e+01  2.195134e-02 
 2.306567e+01  2.197055e-02 
 2.306607e+01  2.199068e-02 
 2.306647e+01  2.201149e-02 
 2.306686e+01  2.203269e-02 
 2.306726e+01  2.205397e-02 
 2.306766e+01  2.207498e-02 
 2.306806e+01  2.209526e-02 
 2.306845e+01  2.211438e-02 
 2.306885e+01  2.213212e-02 
 2.306925e+01  2.214812e-02 
 2.306965e+01  2.216211e-02 
 2.307004e+01  2.217399e-02 
 2.307044e+01  2.218357e-02 
 2.307084e+01  2.219083e-02 
 2.307124e+01  2.219574e-02 
 2.307164e+01  2.219843e-02 
 2.307203e+01  2.219907e-02 
 2.307243e+01  2.219784e-02 
 2.307283e+01  2.219481e-02 
 2.307323e+01  2.218994e-02 
 2.307362e+01  2.218331e-02 
 2.307402e+01  2.217510e-02 
 2.307442e+01  2.216554e-02 
 2.307482e+01  2.215484e-02 
 2.307522e+01  2.214320e-02 
 2.307561e+01  2.213085e-02 
 2.307601e+01  2.211801e-02 
 2.307641e+01  2.210478e-02 
 2.307681e+01  2.209133e-02 
 2.307720e+01  2.207755e-02 
 2.307760e+01  2.206326e-02 
 2.307800e+01  2.204839e-02 
 2.307840e+01  2.203301e-02 
 2.307879e+01  2.201717e-02 
 2.307919e+01  2.200094e-02 
 2.307959e+01  2.198440e-02 
 2.307999e+01  2.196773e-02 
 2.308039e+01  2.195117e-02 
 2.308078e+01  2.193494e-02 
 2.308118e+01  2.191905e-02 
 2.308158e+01  2.190355e-02 
 2.308198e+01  2.188848e-02 
 2.308237e+01  2.187401e-02 
 2.308277e+01  2.186031e-02 
 2.308317e+01  2.184747e-02 
 2.308357e+01  2.183569e-02 
 2.308396e+01  2.182498e-02 
 2.308436e+01  2.181520e-02 
 2.308476e+01  2.180627e-02 
 2.308516e+01  2.179794e-02 
 2.308556e+01  2.178983e-02 
 2.308595e+01  2.178154e-02 
 2.308635e+01  2.177288e-02 
 2.308675e+01  2.176353e-02 
 2.308715e+01  2.175341e-02 
 2.308754e+01  2.174235e-02 
 2.308794e+01  2.173028e-02 
 2.308834e+01  2.171700e-02 
 2.308874e+01  2.170249e-02 
 2.308913e+01  2.168676e-02 
 2.308953e+01  2.166986e-02 
 2.308993e+01  2.165184e-02 
 2.309033e+01  2.163268e-02 
 2.309073e+01  2.161262e-02 
 2.309112e+01  2.159185e-02 
 2.309152e+01  2.157071e-02 
 2.309192e+01  2.154968e-02 
 2.309232e+01  2.152902e-02 
 2.309271e+01  2.150906e-02 
 2.309311e+01  2.148996e-02 
 2.309351e+01  2.147183e-02 
 2.309391e+01  2.145464e-02 
 2.309430e+01  2.143803e-02 
 2.309470e+01  2.142167e-02 
 2.309510e+01  2.140508e-02 
 2.309550e+01  2.138784e-02 
 2.309590e+01  2.136963e-02 
 2.309629e+01  2.135027e-02 
 2.309669e+01  2.132948e-02 
 2.309709e+01  2.130713e-02 
 2.309749e+01  2.128317e-02 
 2.309788e+01  2.125764e-02 
 2.309828e+01  2.123049e-02 
 2.309868e+01  2.120178e-02 
 2.309908e+01  2.117165e-02 
 2.309947e+01  2.114037e-02 
 2.309987e+01  2.110835e-02 
 2.310027e+01  2.107604e-02 
 2.310067e+01  2.104404e-02 
 2.310107e+01  2.101274e-02 
 2.310146e+01  2.098239e-02 
 2.310186e+01  2.095323e-02 
 2.310226e+01  2.092524e-02 
 2.310266e+01  2.089833e-02 
 2.310305e+01  2.087224e-02 
 2.310345e+01  2.084679e-02 
 2.310385e+01  2.082190e-02 
 2.310425e+01  2.079751e-02 
 2.310464e+01  2.077354e-02 
 2.310504e+01  2.074983e-02 
 2.310544e+01  2.072609e-02 
 2.310584e+01  2.070209e-02 
 2.310624e+01  2.067750e-02 
 2.310663e+01  2.065223e-02 
 2.310703e+01  2.062625e-02 
 2.310743e+01  2.059968e-02 
 2.310783e+01  2.057255e-02 
 2.310822e+01  2.054491e-02 
 2.310862e+01  2.051688e-02 
 2.310902e+01  2.048851e-02 
 2.310942e+01  2.045974e-02 
 2.310981e+01  2.043057e-02 
 2.311021e+01  2.040088e-02 
 2.311061e+01  2.037057e-02 
 2.311101e+01  2.033941e-02 
 2.311141e+01  2.030731e-02 
 2.311180e+01  2.027407e-02 
 2.311220e+01  2.023954e-02 
 2.311260e+01  2.020372e-02 
 2.311300e+01  2.016670e-02 
 2.311339e+01  2.012874e-02 
 2.311379e+01  2.009004e-02 
 2.311419e+01  2.005066e-02 
 2.311459e+01  2.001071e-02 
 2.311498e+01  1.997027e-02 
 2.311538e+01  1.992952e-02 
 2.311578e+01  1.988877e-02 
 2.311618e+01  1.984845e-02 
 2.311658e+01  1.980903e-02 
 2.311697e+01  1.977098e-02 
 2.311737e+01  1.973488e-02 
 2.311777e+01  1.970112e-02 
 2.311817e+01  1.966999e-02 
 2.311856e+01  1.964149e-02 
 2.311896e+01  1.961561e-02 
 2.311936e+01  1.959223e-02 
 2.311976e+01  1.957112e-02 
 2.312015e+01  1.955201e-02 
 2.312055e+01  1.953462e-02 
 2.312095e+01  1.951856e-02 
 2.312135e+01  1.950338e-02 
 2.312175e+01  1.948893e-02 
 2.312214e+01  1.947498e-02 
 2.312254e+01  1.946151e-02 
 2.312294e+01  1.944842e-02 
 2.312334e+01  1.943579e-02 
 2.312373e+01  1.942370e-02 
 2.312413e+01  1.941211e-02 
 2.312453e+01  1.940114e-02 
 2.312493e+01  1.939094e-02 
 2.312532e+01  1.938163e-02 
 2.312572e+01  1.937330e-02 
 2.312612e+01  1.936628e-02 
 2.312652e+01  1.936075e-02 
 2.312692e+01  1.935667e-02 
 2.312731e+01  1.935392e-02 
 2.312771e+01  1.935223e-02 
 2.312811e+01  1.935131e-02 
 2.312851e+01  1.935081e-02 
 2.312890e+01  1.935047e-02 
 2.312930e+01  1.935001e-02 
 2.312970e+01  1.934904e-02 
 2.313010e+01  1.934732e-02 
 2.313049e+01  1.934475e-02 
 2.313089e+01  1.934140e-02 
 2.313129e+01  1.933741e-02 
 2.313169e+01  1.933307e-02 
 2.313209e+01  1.932868e-02 
 2.313248e+01  1.932452e-02 
 2.313288e+01  1.932096e-02 
 2.313328e+01  1.931827e-02 
 2.313368e+01  1.931650e-02 
 2.313407e+01  1.931578e-02 
 2.313447e+01  1.931627e-02 
 2.313487e+01  1.931820e-02 
 2.313527e+01  1.932203e-02 
 2.313566e+01  1.932806e-02 
 2.313606e+01  1.933642e-02 
 2.313646e+01  1.934705e-02 
 2.313686e+01  1.935965e-02 
 2.313726e+01  1.937398e-02 
 2.313765e+01  1.938957e-02 
 2.313805e+01  1.940608e-02 
 2.313845e+01  1.942318e-02 
 2.313885e+01  1.944072e-02 
 2.313924e+01  1.945865e-02 
 2.313964e+01  1.947691e-02 
 2.314004e+01  1.949532e-02 
 2.314044e+01  1.951373e-02 
 2.314083e+01  1.953203e-02 
 2.314123e+01  1.955028e-02 
 2.314163e+01  1.956845e-02 
 2.314203e+01  1.958674e-02 
 2.314243e+01  1.960535e-02 
 2.314282e+01  1.962461e-02 
 2.314322e+01  1.964483e-02 
 2.314362e+01  1.966629e-02 
 2.314402e+01  1.968935e-02 
 2.314441e+01  1.971412e-02 
 2.314481e+01  1.974071e-02 
 2.314521e+01  1.976921e-02 
 2.314561e+01  1.979955e-02 
 2.314600e+01  1.983145e-02 
 2.314640e+01  1.986446e-02 
 2.314680e+01  1.989829e-02 
 2.314720e+01  1.993246e-02 
 2.314760e+01  1.996673e-02 
 2.314799e+01  2.000091e-02 
 2.314839e+01  2.003503e-02 
 2.314879e+01  2.006911e-02 
 2.314919e+01  2.010292e-02 
 2.314958e+01  2.013650e-02 
 2.314998e+01  2.016963e-02 
 2.315038e+01  2.020214e-02 
 2.315078e+01  2.023395e-02 
 2.315117e+01  2.026496e-02 
 2.315157e+01  2.029513e-02 
 2.315197e+01  2.032445e-02 
 2.315237e+01  2.035292e-02 
 2.315277e+01  2.038055e-02 
 2.315316e+01  2.040729e-02 
 2.315356e+01  2.043317e-02 
 2.315396e+01  2.045807e-02 
 2.315436e+01  2.048208e-02 
 2.315475e+01  2.050525e-02 
 2.315515e+01  2.052768e-02 
 2.315555e+01  2.054953e-02 
 2.315595e+01  2.057080e-02 
 2.315634e+01  2.059165e-02 
 2.315674e+01  2.061209e-02 
 2.315714e+01  2.063203e-02 
 2.315754e+01  2.065152e-02 
 2.315794e+01  2.067041e-02 
 2.315833e+01  2.068868e-02 
 2.315873e+01  2.070633e-02 
 2.315913e+01  2.072341e-02 
 2.315953e+01  2.074011e-02 
 2.315992e+01  2.075673e-02 
 2.316032e+01  2.077340e-02 
 2.316072e+01  2.079027e-02 
 2.316112e+01  2.080732e-02 
 2.316151e+01  2.082457e-02 
 2.316191e+01  2.084191e-02 
 2.316231e+01  2.085912e-02 
 2.316271e+01  2.087606e-02 
 2.316311e+01  2.089267e-02 
 2.316350e+01  2.090885e-02 
 2.316390e+01  2.092465e-02 
 2.316430e+01  2.094026e-02 
 2.316470e+01  2.095562e-02 
 2.316509e+01  2.097069e-02 
 2.316549e+01  2.098525e-02 
 2.316589e+01  2.099905e-02 
 2.316629e+01  2.101179e-02 
 2.316669e+01  2.102311e-02 
 2.316708e+01  2.103289e-02 
 2.316748e+01  2.104111e-02 
 2.316788e+01  2.104764e-02 
 2.316828e+01  2.105270e-02 
 2.316867e+01  2.105654e-02 
 2.316907e+01  2.105936e-02 
 2.316947e+01  2.106146e-02 
 2.316987e+01  2.106307e-02 
 2.317026e+01  2.106449e-02 
 2.317066e+01  2.106601e-02 
 2.317106e+01  2.106791e-02 
 2.317146e+01  2.107037e-02 
 2.317186e+01  2.107351e-02 
 2.317225e+01  2.107735e-02 
 2.317265e+01  2.108155e-02 
 2.317305e+01  2.108597e-02 
 2.317345e+01  2.109021e-02 
 2.317384e+01  2.109403e-02 
 2.317424e+01  2.109718e-02 
 2.317464e+01  2.109952e-02 
 2.317504e+01  2.110092e-02 
 2.317543e+01  2.110121e-02 
 2.317583e+01  2.110046e-02 
 2.317623e+01  2.109876e-02 
 2.317663e+01  2.109649e-02 
 2.317703e+01  2.109406e-02 
 2.317742e+01  2.109193e-02 
 2.317782e+01  2.109038e-02 
 2.317822e+01  2.108952e-02 
 2.317862e+01  2.108940e-02 
 2.317901e+01  2.109007e-02 
 2.317941e+01  2.109133e-02 
 2.317981e+01  2.109303e-02 
 2.318021e+01  2.109492e-02 
 2.318060e+01  2.109681e-02 
 2.318100e+01  2.109848e-02 
 2.318140e+01  2.109970e-02 
 2.318180e+01  2.110008e-02 
 2.318220e+01  2.109939e-02 
 2.318259e+01  2.109740e-02 
 2.318299e+01  2.109406e-02 
 2.318339e+01  2.108942e-02 
 2.318379e+01  2.108342e-02 
 2.318418e+01  2.107615e-02 
 2.318458e+01  2.106767e-02 
 2.318498e+01  2.105808e-02 
 2.318538e+01  2.104747e-02 
 2.318577e+01  2.103599e-02 
 2.318617e+01  2.102405e-02 
 2.318657e+01  2.101212e-02 
 2.318697e+01  2.100080e-02 
 2.318737e+01  2.099057e-02 
 2.318776e+01  2.098184e-02 
 2.318816e+01  2.097465e-02 
 2.318856e+01  2.096894e-02 
 2.318896e+01  2.096454e-02 
 2.318935e+01  2.096118e-02 
 2.318975e+01  2.095852e-02 
 2.319015e+01  2.095624e-02 
 2.319055e+01  2.095397e-02 
 2.319094e+01  2.095137e-02 
 2.319134e+01  2.094801e-02 
 2.319174e+01  2.094357e-02 
 2.319214e+01  2.093775e-02 
 2.319254e+01  2.093034e-02 
 2.319293e+01  2.092103e-02 
 2.319333e+01  2.090980e-02 
 2.319373e+01  2.089673e-02 
 2.319413e+01  2.088199e-02 
 2.319452e+01  2.086583e-02 
 2.319492e+01  2.084868e-02 
 2.319532e+01  2.083124e-02 
 2.319572e+01  2.081396e-02 
 2.319611e+01  2.079720e-02 
 2.319651e+01  2.078137e-02 
 2.319691e+01  2.076653e-02 
 2.319731e+01  2.075259e-02 
 2.319771e+01  2.073933e-02 
 2.319810e+01  2.072644e-02 
 2.319850e+01  2.071380e-02 
 2.319890e+01  2.070121e-02 
 2.319930e+01  2.068859e-02 
 2.319969e+01  2.067584e-02 
 2.320009e+01  2.066269e-02 
 2.320049e+01  2.064893e-02 
 2.320089e+01  2.063423e-02 
 2.320128e+01  2.061837e-02 
 2.320168e+01  2.060114e-02 
 2.320208e+01  2.058247e-02 
 2.320248e+01  2.056241e-02 
 2.320288e+01  2.054106e-02 
 2.320327e+01  2.051864e-02 
 2.320367e+01  2.049538e-02 
 2.320407e+01  2.047146e-02 
 2.320447e+01  2.044710e-02 
 2.320486e+01  2.042246e-02 
 2.320526e+01  2.039763e-02 
 2.320566e+01  2.037257e-02 
 2.320606e+01  2.034721e-02 
 2.320645e+01  2.032132e-02 
 2.320685e+01  2.029458e-02 
 2.320725e+01  2.026673e-02 
 2.320765e+01  2.023763e-02 
 2.320805e+01  2.020726e-02 
 2.320844e+01  2.017559e-02 
 2.320884e+01  2.014270e-02 
 2.320924e+01  2.010861e-02 
 2.320964e+01  2.007340e-02 
 2.321003e+01  2.003727e-02 
 2.321043e+01  2.000038e-02 
 2.321083e+01  1.996306e-02 
 2.321123e+01  1.992589e-02 
 2.321162e+01  1.988925e-02 
 2.321202e+01  1.985367e-02 
 2.321242e+01  1.981963e-02 
 2.321282e+01  1.978742e-02 
 2.321322e+01  1.975710e-02 
 2.321361e+01  1.972865e-02 
 2.321401e+01  1.970200e-02 
 2.321441e+01  1.967692e-02 
 2.321481e+01  1.965336e-02 
 2.321520e+01  1.963135e-02 
 2.321560e+01  1.961087e-02 
 2.321600e+01  1.959183e-02 
 2.321640e+01  1.957389e-02 
 2.321679e+01  1.955686e-02 
 2.321719e+01  1.954029e-02 
 2.321759e+01  1.952395e-02 
 2.321799e+01  1.950768e-02 
 2.321839e+01  1.949140e-02 
 2.321878e+01  1.947523e-02 
 2.321918e+01  1.945936e-02 
 2.321958e+01  1.944399e-02 
 2.321998e+01  1.942944e-02 
 2.322037e+01  1.941592e-02 
 2.322077e+01  1.940360e-02 
 2.322117e+01  1.939250e-02 
 2.322157e+01  1.938252e-02 
 2.322196e+01  1.937362e-02 
 2.322236e+01  1.936568e-02 
 2.322276e+01  1.935865e-02 
 2.322316e+01  1.935242e-02 
 2.322356e+01  1.934693e-02 
 2.322395e+01  1.934190e-02 
 2.322435e+01  1.933721e-02 
 2.322475e+01  1.933269e-02 
 2.322515e+01  1.932818e-02 
 2.322554e+01  1.932367e-02 
 2.322594e+01  1.931891e-02 
 2.322634e+01  1.931397e-02 
 2.322674e+01  1.930871e-02 
 2.322713e+01  1.930327e-02 
 2.322753e+01  1.929781e-02 
 2.322793e+01  1.929248e-02 
 2.322833e+01  1.928769e-02 
 2.322873e+01  1.928378e-02 
 2.322912e+01  1.928099e-02 
 2.322952e+01  1.927960e-02 
 2.322992e+01  1.927960e-02 
 2.323032e+01  1.928103e-02 
 2.323071e+01  1.928372e-02 
 2.323111e+01  1.928774e-02 
 2.323151e+01  1.929311e-02 
 2.323191e+01  1.929964e-02 
 2.323230e+01  1.930723e-02 
 2.323270e+01  1.931582e-02 
 2.323310e+01  1.932520e-02 
 2.323350e+01  1.933526e-02 
 2.323390e+01  1.934577e-02 
 2.323429e+01  1.935672e-02 
 2.323469e+01  1.936793e-02 
 2.323509e+01  1.937924e-02 
 2.323549e+01  1.939050e-02 
 2.323588e+01  1.940164e-02 
 2.323628e+01  1.941253e-02 
 2.323668e+01  1.942332e-02 
 2.323708e+01  1.943408e-02 
 2.323747e+01  1.944503e-02 
 2.323787e+01  1.945644e-02 
 2.323827e+01  1.946862e-02 
 2.323867e+01  1.948180e-02 
 2.323907e+01  1.949634e-02 
 2.323946e+01  1.951244e-02 
 2.323986e+01  1.953034e-02 
 2.324026e+01  1.955025e-02 
 2.324066e+01  1.957213e-02 
 2.324105e+01  1.959602e-02 
 2.324145e+01  1.962189e-02 
 2.324185e+01  1.964948e-02 
 2.324225e+01  1.967864e-02 
 2.324264e+01  1.970904e-02 
 2.324304e+01  1.974039e-02 
 2.324344e+01  1.977234e-02 
 2.324384e+01  1.980449e-02 
 2.324424e+01  1.983647e-02 
 2.324463e+01  1.986789e-02 
 2.324503e+01  1.989845e-02 
 2.324543e+01  1.992799e-02 
 2.324583e+01  1.995648e-02 
 2.324622e+01  1.998412e-02 
 2.324662e+01  2.001122e-02 
 2.324702e+01  2.003807e-02 
 2.324742e+01  2.006491e-02 
 2.324781e+01  2.009188e-02 
 2.324821e+01  2.011900e-02 
 2.324861e+01  2.014624e-02 
 2.324901e+01  2.017351e-02 
 2.324941e+01  2.020073e-02 
 2.324980e+01  2.022776e-02 
 2.325020e+01  2.025472e-02 
 2.325060e+01  2.028153e-02 
 2.325100e+01  2.030831e-02 
 2.325139e+01  2.033506e-02 
 2.325179e+01  2.036188e-02 
 2.325219e+01  2.038855e-02 
 2.325259e+01  2.041494e-02 
 2.325298e+01  2.044099e-02 
 2.325338e+01  2.046648e-02 
 2.325378e+01  2.049136e-02 
 2.325418e+01  2.051554e-02 
 2.325458e+01  2.053930e-02 
 2.325497e+01  2.056278e-02 
 2.325537e+01  2.058616e-02 
 2.325577e+01  2.060968e-02 
 2.325617e+01  2.063356e-02 
 2.325656e+01  2.065797e-02 
 2.325696e+01  2.068303e-02 
 2.325736e+01  2.070886e-02 
 2.325776e+01  2.073549e-02 
 2.325816e+01  2.076283e-02 
 2.325855e+01  2.079074e-02 
 2.325895e+01  2.081906e-02 
 2.325935e+01  2.084776e-02 
 2.325975e+01  2.087661e-02 
 2.326014e+01  2.090548e-02 
 2.326054e+01  2.093409e-02 
 2.326094e+01  2.096199e-02 
 2.326134e+01  2.098870e-02 
 2.326173e+01  2.101399e-02 
 2.326213e+01  2.103756e-02 
 2.326253e+01  2.105939e-02 
 2.326293e+01  2.107950e-02 
 2.326333e+01  2.109809e-02 
 2.326372e+01  2.111552e-02 
 2.326412e+01  2.113211e-02 
 2.326452e+01  2.114819e-02 
 2.326492e+01  2.116395e-02 
 2.326531e+01  2.117950e-02 
 2.326571e+01  2.119504e-02 
 2.326611e+01  2.121083e-02 
 2.326651e+01  2.122714e-02 
 2.326690e+01  2.124418e-02 
 2.326730e+01  2.126209e-02 
 2.326770e+01  2.128075e-02 
 2.326810e+01  2.130004e-02 
 2.326850e+01  2.131964e-02 
 2.326889e+01  2.133928e-02 
 2.326929e+01  2.135864e-02 
 2.326969e+01  2.137734e-02 
 2.327009e+01  2.139512e-02 
 2.327048e+01  2.141191e-02 
 2.327088e+01  2.142785e-02 
 2.327128e+01  2.144312e-02 
 2.327168e+01  2.145806e-02 
 2.327207e+01  2.147317e-02 
 2.327247e+01  2.148889e-02 
 2.327287e+01  2.150546e-02 
 2.327327e+01  2.152306e-02 
 2.327367e+01  2.154164e-02 
 2.327406e+01  2.156105e-02 
 2.327446e+01  2.158120e-02 
 2.327486e+01  2.160200e-02 
 2.327526e+01  2.162336e-02 
 2.327565e+01  2.164503e-02 
 2.327605e+01  2.166681e-02 
 2.327645e+01  2.168837e-02 
 2.327685e+01  2.170927e-02 
 2.327724e+01  2.172908e-02 
 2.327764e+01  2.174739e-02 
 2.327804e+01  2.176409e-02 
 2.327844e+01  2.177886e-02 
 2.327884e+01  2.179165e-02 
 2.327923e+01  2.180240e-02 
 2.327963e+01  2.181118e-02 
 2.328003e+01  2.181836e-02 
 2.328043e+01  2.182425e-02 
 2.328082e+01  2.182912e-02 
 2.328122e+01  2.183330e-02 
 2.328162e+01  2.183707e-02 
 2.328202e+01  2.184081e-02 
 2.328241e+01  2.184473e-02 
 2.328281e+01  2.184891e-02 
 2.328321e+01  2.185333e-02 
 2.328361e+01  2.185792e-02 
 2.328401e+01  2.186261e-02 
 2.328440e+01  2.186724e-02 
 2.328480e+01  2.187151e-02 
 2.328520e+01  2.187513e-02 
 2.328560e+01  2.187768e-02 
 2.328599e+01  2.187883e-02 
 2.328639e+01  2.187801e-02 
 2.328679e+01  2.187486e-02 
 2.328719e+01  2.186908e-02 
 2.328758e+01  2.186056e-02 
 2.328798e+01  2.184938e-02 
 2.328838e+01  2.183580e-02 
 2.328878e+01  2.182005e-02 
 2.328918e+01  2.180258e-02 
 2.328957e+01  2.178372e-02 
 2.328997e+01  2.176376e-02 
 2.329037e+01  2.174307e-02 
 2.329077e+01  2.172201e-02 
 2.329116e+01  2.170082e-02 
 2.329156e+01  2.167977e-02 
 2.329196e+01  2.165913e-02 
 2.329236e+01  2.163916e-02 
 2.329275e+01  2.162014e-02 
 2.329315e+01  2.160211e-02 
 2.329355e+01  2.158500e-02 
 2.329395e+01  2.156874e-02 
 2.329435e+01  2.155307e-02 
 2.329474e+01  2.153773e-02 
 2.329514e+01  2.152258e-02 
 2.329554e+01  2.150728e-02 
 2.329594e+01  2.149172e-02 
 2.329633e+01  2.147557e-02 
 2.329673e+01  2.145872e-02 
 2.329713e+01  2.144108e-02 
 2.329753e+01  2.142263e-02 
 2.329792e+01  2.140362e-02 
 2.329832e+01  2.138439e-02 
 2.329872e+01  2.136529e-02 
 2.329912e+01  2.134664e-02 
 2.329952e+01  2.132858e-02 
 2.329991e+01  2.131122e-02 
 2.330031e+01  2.129435e-02 
 2.330071e+01  2.127793e-02 
 2.330111e+01  2.126180e-02 
 2.330150e+01  2.124568e-02 
 2.330190e+01  2.122946e-02 
 2.330230e+01  2.121287e-02 
 2.330270e+01  2.119570e-02 
 2.330309e+01  2.117772e-02 
 2.330349e+01  2.115897e-02 
 2.330389e+01  2.113951e-02 
 2.330429e+01  2.111925e-02 
 2.330469e+01  2.109819e-02 
 2.330508e+01  2.107623e-02 
 2.330548e+01  2.105348e-02 
 2.330588e+01  2.103018e-02 
 2.330628e+01  2.100659e-02 
 2.330667e+01  2.098303e-02 
 2.330707e+01  2.095967e-02 
 2.330747e+01  2.093684e-02 
 2.330787e+01  2.091462e-02 
 2.330826e+01  2.089305e-02 
 2.330866e+01  2.087215e-02 
 2.330906e+01  2.085172e-02 
 2.330946e+01  2.083160e-02 
 2.330986e+01  2.081178e-02 
 2.331025e+01  2.079233e-02 
 2.331065e+01  2.077346e-02 
 2.331105e+01  2.075526e-02 
 2.331145e+01  2.073788e-02 
 2.331184e+01  2.072126e-02 
 2.331224e+01  2.070514e-02 
 2.331264e+01  2.068948e-02 
 2.331304e+01  2.067408e-02 
 2.331343e+01  2.065872e-02 
 2.331383e+01  2.064327e-02 
 2.331423e+01  2.062774e-02 
 2.331463e+01  2.061207e-02 
 2.331503e+01  2.059637e-02 
 2.331542e+01  2.058066e-02 
 2.331582e+01  2.056517e-02 
 2.331622e+01  2.055009e-02 
 2.331662e+01  2.053552e-02 
 2.331701e+01  2.052164e-02 
 2.331741e+01  2.050851e-02 
 2.331781e+01  2.049620e-02 
 2.331821e+01  2.048491e-02 
 2.331860e+01  2.047462e-02 
 2.331900e+01  2.046526e-02 
 2.331940e+01  2.045697e-02 
 2.331980e+01  2.044973e-02 
 2.332020e+01  2.044336e-02 
 2.332059e+01  2.043769e-02 
 2.332099e+01  2.043244e-02 
 2.332139e+01  2.042736e-02 
 2.332179e+01  2.042227e-02 
 2.332218e+01  2.041725e-02 
 2.332258e+01  2.041242e-02 
 2.332298e+01  2.040781e-02 
 2.332338e+01  2.040367e-02 
 2.332377e+01  2.040016e-02 
 2.332417e+01  2.039744e-02 
 2.332457e+01  2.039553e-02 
 2.332497e+01  2.039436e-02 
 2.332537e+01  2.039376e-02 
 2.332576e+01  2.039375e-02 
 2.332616e+01  2.039446e-02 
 2.332656e+01  2.039586e-02 
 2.332696e+01  2.039815e-02 
 2.332735e+01  2.040147e-02 
 2.332775e+01  2.040577e-02 
 2.332815e+01  2.041098e-02 
 2.332855e+01  2.041675e-02 
 2.332894e+01  2.042274e-02 
 2.332934e+01  2.042853e-02 
 2.332974e+01  2.043384e-02 
 2.333014e+01  2.043835e-02 
 2.333054e+01  2.044184e-02 
 2.333093e+01  2.044400e-02 
 2.333133e+01  2.044487e-02 
 2.333173e+01  2.044457e-02 
 2.333213e+01  2.044311e-02 
 2.333252e+01  2.044084e-02 
 2.333292e+01  2.043788e-02 
 2.333332e+01  2.043463e-02 
 2.333372e+01  2.043134e-02 
 2.333411e+01  2.042832e-02 
 2.333451e+01  2.042618e-02 
 2.333491e+01  2.042522e-02 
 2.333531e+01  2.042581e-02 
 2.333571e+01  2.042834e-02 
 2.333610e+01  2.043296e-02 
 2.333650e+01  2.043972e-02 
 2.333690e+01  2.044857e-02 
 2.333730e+01  2.045901e-02 
 2.333769e+01  2.047042e-02 
 2.333809e+01  2.048240e-02 
 2.333849e+01  2.049464e-02 
 2.333889e+01  2.050679e-02 
 2.333928e+01  2.051876e-02 
 2.333968e+01  2.053042e-02 
 2.334008e+01  2.054180e-02 
 2.334048e+01  2.055282e-02 
 2.334088e+01  2.056348e-02 
 2.334127e+01  2.057386e-02 
 2.334167e+01  2.058400e-02 
 2.334207e+01  2.059411e-02 
 2.334247e+01  2.060434e-02 
 2.334286e+01  2.061485e-02 
 2.334326e+01  2.062594e-02 
 2.334366e+01  2.063778e-02 
 2.334406e+01  2.065078e-02 
 2.334445e+01  2.066519e-02 
 2.334485e+01  2.068120e-02 
 2.334525e+01  2.069876e-02 
 2.334565e+01  2.071792e-02 
 2.334605e+01  2.073841e-02 
 2.334644e+01  2.075999e-02 
 2.334684e+01  2.078238e-02 
 2.334724e+01  2.080505e-02 
 2.334764e+01  2.082793e-02 
 2.334803e+01  2.085077e-02 
 2.334843e+01  2.087336e-02 
 2.334883e+01  2.089576e-02 
 2.334923e+01  2.091758e-02 
 2.334963e+01  2.093912e-02 
 2.335002e+01  2.096068e-02 
 2.335042e+01  2.098250e-02 
 2.335082e+01  2.100505e-02 
 2.335122e+01  2.102835e-02 
 2.335161e+01  2.105268e-02 
 2.335201e+01  2.107826e-02 
 2.335241e+01  2.110509e-02 
 2.335281e+01  2.113323e-02 
 2.335320e+01  2.116278e-02 
 2.335360e+01  2.119360e-02 
 2.335400e+01  2.122547e-02 
 2.335440e+01  2.125816e-02 
 2.335480e+01  2.129141e-02 
 2.335519e+01  2.132476e-02 
 2.335559e+01  2.135773e-02 
 2.335599e+01  2.138987e-02 
 2.335639e+01  2.142069e-02 
 2.335678e+01  2.144993e-02 
 2.335718e+01  2.147745e-02 
 2.335758e+01  2.150320e-02 
 2.335798e+01  2.152726e-02 
 2.335837e+01  2.154988e-02 
 2.335877e+01  2.157142e-02 
 2.335917e+01  2.159199e-02 
 2.335957e+01  2.161173e-02 
 2.335997e+01  2.163105e-02 
 2.336036e+01  2.165010e-02 
 2.336076e+01  2.166919e-02 
 2.336116e+01  2.168855e-02 
 2.336156e+01  2.170853e-02 
 2.336195e+01  2.172939e-02 
 2.336235e+01  2.175133e-02 
 2.336275e+01  2.177441e-02 
 2.336315e+01  2.179842e-02 
 2.336354e+01  2.182302e-02 
 2.336394e+01  2.184791e-02 
 2.336434e+01  2.187270e-02 
 2.336474e+01  2.189701e-02 
 2.336514e+01  2.192048e-02 
 2.336553e+01  2.194307e-02 
 2.336593e+01  2.196466e-02 
 2.336633e+01  2.198520e-02 
 2.336673e+01  2.200475e-02 
 2.336712e+01  2.202333e-02 
 2.336752e+01  2.204136e-02 
 2.336792e+01  2.205908e-02 
 2.336832e+01  2.207690e-02 
 2.336871e+01  2.209492e-02 
 2.336911e+01  2.211318e-02 
 2.336951e+01  2.213165e-02 
 2.336991e+01  2.215024e-02 
 2.337031e+01  2.216881e-02 
 2.337070e+01  2.218692e-02 
 2.337110e+01  2.220425e-02 
 2.337150e+01  2.222040e-02 
 2.337190e+01  2.223497e-02 
 2.337229e+01  2.224756e-02 
 2.337269e+01  2.225764e-02 
 2.337309e+01  2.226494e-02 
 2.337349e+01  2.226947e-02 
 2.337388e+01  2.227152e-02 
 2.337428e+01  2.227110e-02 
 2.337468e+01  2.226862e-02 
 2.337508e+01  2.226452e-02 
 2.337548e+01  2.225927e-02 
 2.337587e+01  2.225340e-02 
 2.337627e+01  2.224740e-02 
 2.337667e+01  2.224156e-02 
 2.337707e+01  2.223622e-02 
 2.337746e+01  2.223151e-02 
 2.337786e+01  2.222753e-02 
 2.337826e+01  2.222438e-02 
 2.337866e+01  2.222204e-02 
 2.337905e+01  2.222033e-02 
 2.337945e+01  2.221941e-02 
 2.337985e+01  2.221885e-02 
 2.338025e+01  2.221840e-02 
 2.338065e+01  2.221779e-02 
 2.338104e+01  2.221655e-02 
 2.338144e+01  2.221421e-02 
 2.338184e+01  2.221047e-02 
 2.338224e+01  2.220495e-02 
 2.338263e+01  2.219755e-02 
 2.338303e+01  2.218816e-02 
 2.338343e+01  2.217665e-02 
 2.338383e+01  2.216317e-02 
 2.338422e+01  2.214783e-02 
 2.338462e+01  2.213058e-02 
 2.338502e+01  2.211146e-02 
 2.338542e+01  2.209062e-02 
 2.338582e+01  2.206825e-02 
 2.338621e+01  2.204454e-02 
 2.338661e+01  2.201968e-02 
 2.338701e+01  2.199380e-02 
 2.338741e+01  2.196715e-02 
 2.338780e+01  2.193978e-02 
 2.338820e+01  2.191175e-02 
 2.338860e+01  2.188292e-02 
 2.338900e+01  2.185315e-02 
 2.338939e+01  2.182248e-02 
 2.338979e+01  2.179089e-02 
 2.339019e+01  2.175823e-02 
 2.339059e+01  2.172435e-02 
 2.339099e+01  2.168926e-02 
 2.339138e+01  2.165296e-02 
 2.339178e+01  2.161547e-02 
 2.339218e+01  2.157685e-02 
 2.339258e+01  2.153737e-02 
 2.339297e+01  2.149712e-02 
 2.339337e+01  2.145651e-02 
 2.339377e+01  2.141590e-02 
 2.339417e+01  2.137563e-02 
 2.339456e+01  2.133605e-02 
 2.339496e+01  2.129728e-02 
 2.339536e+01  2.125964e-02 
 2.339576e+01  2.122343e-02 
 2.339616e+01  2.118863e-02 
 2.339655e+01  2.115531e-02 
 2.339695e+01  2.112341e-02 
 2.339735e+01  2.109278e-02 
 2.339775e+01  2.106315e-02 
 2.339814e+01  2.103429e-02 
 2.339854e+01  2.100591e-02 
 2.339894e+01  2.097777e-02 
 2.339934e+01  2.094966e-02 
 2.339973e+01  2.092136e-02 
 2.340013e+01  2.089296e-02 
 2.340053e+01  2.086435e-02 
 2.340093e+01  2.083551e-02 
 2.340133e+01  2.080647e-02 
 2.340172e+01  2.077722e-02 
 2.340212e+01  2.074785e-02 
 2.340252e+01  2.071828e-02 
 2.340292e+01  2.068858e-02 
 2.340331e+01  2.065869e-02 
 2.340371e+01  2.062860e-02 
 2.340411e+01  2.059848e-02 
 2.340451e+01  2.056838e-02 
 2.340490e+01  2.053841e-02 
 2.340530e+01  2.050855e-02 
 2.340570e+01  2.047884e-02 
 2.340610e+01  2.044920e-02 
 2.340650e+01  2.041950e-02 
 2.340689e+01  2.038969e-02 
 2.340729e+01  2.035973e-02 
 2.340769e+01  2.032945e-02 
 2.340809e+01  2.029880e-02 
 2.340848e+01  2.026760e-02 
 2.340888e+01  2.023585e-02 
 2.340928e+01  2.020361e-02 
 2.340968e+01  2.017078e-02 
 2.341007e+01  2.013733e-02 
 2.341047e+01  2.010327e-02 
 2.341087e+01  2.006865e-02 
 2.341127e+01  2.003374e-02 
 2.341167e+01  1.999874e-02 
 2.341206e+01  1.996384e-02 
 2.341246e+01  1.992931e-02 
 2.341286e+01  1.989538e-02 
 2.341326e+01  1.986237e-02 
 2.341365e+01  1.983047e-02 
 2.341405e+01  1.979964e-02 
 2.341445e+01  1.976981e-02 
 2.341485e+01  1.974086e-02 
 2.341524e+01  1.971270e-02 
 2.341564e+01  1.968529e-02 
 2.341604e+01  1.965858e-02 
 2.341644e+01  1.963233e-02 
 2.341684e+01  1.960652e-02 
 2.341723e+01  1.958095e-02 
 2.341763e+01  1.955546e-02 
 2.341803e+01  1.952989e-02 
 2.341843e+01  1.950388e-02 
 2.341882e+01  1.947740e-02 
 2.341922e+01  1.945051e-02 
 2.341962e+01  1.942346e-02 
 2.342002e+01  1.939638e-02 
 2.342041e+01  1.936957e-02 
 2.342081e+01  1.934332e-02 
 2.342121e+01  1.931779e-02 
 2.342161e+01  1.929304e-02 
 2.342201e+01  1.926917e-02 
 2.342240e+01  1.924618e-02 
 2.342280e+01  1.922393e-02 
 2.342320e+01  1.920231e-02 
 2.342360e+01  1.918120e-02 
 2.342399e+01  1.916031e-02 
 2.342439e+01  1.913938e-02 
 2.342479e+01  1.911813e-02 
 2.342519e+01  1.909645e-02 
 2.342558e+01  1.907407e-02 
 2.342598e+01  1.905080e-02 
 2.342638e+01  1.902663e-02 
 2.342678e+01  1.900153e-02 
 2.342718e+01  1.897561e-02 
 2.342757e+01  1.894912e-02 
 2.342797e+01  1.892247e-02 
 2.342837e+01  1.889591e-02 
 2.342877e+01  1.886992e-02 
 2.342916e+01  1.884496e-02 
 2.342956e+01  1.882144e-02 
 2.342996e+01  1.879979e-02 
 2.343036e+01  1.878028e-02 
 2.343075e+01  1.876330e-02 
 2.343115e+01  1.874907e-02 
 2.343155e+01  1.873751e-02 
 2.343195e+01  1.872845e-02 
 2.343235e+01  1.872161e-02 
 2.343274e+01  1.871660e-02 
 2.343314e+01  1.871321e-02 
 2.343354e+01  1.871107e-02 
 2.343394e+01  1.870974e-02 
 2.343433e+01  1.870891e-02 
 2.343473e+01  1.870831e-02 
 2.343513e+01  1.870767e-02 
 2.343553e+01  1.870676e-02 
 2.343592e+01  1.870533e-02 
 2.343632e+01  1.870315e-02 
 2.343672e+01  1.870024e-02 
 2.343712e+01  1.869678e-02 
 2.343752e+01  1.869310e-02 
 2.343791e+01  1.868950e-02 
 2.343831e+01  1.868630e-02 
 2.343871e+01  1.868370e-02 
 2.343911e+01  1.868190e-02 
 2.343950e+01  1.868101e-02 
 2.343990e+01  1.868096e-02 
 2.344030e+01  1.868169e-02 
 2.344070e+01  1.868300e-02 
 2.344110e+01  1.868457e-02 
 2.344149e+01  1.868620e-02 
 2.344189e+01  1.868751e-02 
 2.344229e+01  1.868814e-02 
 2.344269e+01  1.868782e-02 
 2.344308e+01  1.868640e-02 
 2.344348e+01  1.868363e-02 
 2.344388e+01  1.867986e-02 
 2.344428e+01  1.867525e-02 
 2.344467e+01  1.867011e-02 
 2.344507e+01  1.866473e-02 
 2.344547e+01  1.865958e-02 
 2.344587e+01  1.865517e-02 
 2.344627e+01  1.865196e-02 
 2.344666e+01  1.865050e-02 
 2.344706e+01  1.865117e-02 
 2.344746e+01  1.865433e-02 
 2.344786e+01  1.866022e-02 
 2.344825e+01  1.866891e-02 
 2.344865e+01  1.868054e-02 
 2.344905e+01  1.869491e-02 
 2.344945e+01  1.871162e-02 
 2.344984e+01  1.873034e-02 
 2.345024e+01  1.875059e-02 
 2.345064e+01  1.877205e-02 
 2.345104e+01  1.879448e-02 
 2.345144e+01  1.881767e-02 
 2.345183e+01  1.884158e-02 
 2.345223e+01  1.886605e-02 
 2.345263e+01  1.889096e-02 
 2.345303e+01  1.891635e-02 
 2.345342e+01  1.894210e-02 
 2.345382e+01  1.896789e-02 
 2.345422e+01  1.899372e-02 
 2.345462e+01  1.901953e-02 
 2.345501e+01  1.904552e-02 
 2.345541e+01  1.907193e-02 
 2.345581e+01  1.909891e-02 
 2.345621e+01  1.912676e-02 
 2.345661e+01  1.915563e-02 
 2.345700e+01  1.918554e-02 
 2.345740e+01  1.921642e-02 
 2.345780e+01  1.924799e-02 
 2.345820e+01  1.927992e-02 
 2.345859e+01  1.931191e-02 
 2.345899e+01  1.934355e-02 
 2.345939e+01  1.937456e-02 
 2.345979e+01  1.940451e-02 
 2.346018e+01  1.943318e-02 
 2.346058e+01  1.946034e-02 
 2.346098e+01  1.948578e-02 
 2.346138e+01  1.950966e-02 
 2.346178e+01  1.953197e-02 
 2.346217e+01  1.955297e-02 
 2.346257e+01  1.957301e-02 
 2.346297e+01  1.959244e-02 
 2.346337e+01  1.961165e-02 
 2.346376e+01  1.963082e-02 
 2.346416e+01  1.965015e-02 
 2.346456e+01  1.966969e-02 
 2.346496e+01  1.968934e-02 
 2.346535e+01  1.970904e-02 
 2.346575e+01  1.972859e-02 
 2.346615e+01  1.974790e-02 
 2.346655e+01  1.976668e-02 
 2.346695e+01  1.978481e-02 
 2.346734e+01  1.980189e-02 
 2.346774e+01  1.981788e-02 
 2.346814e+01  1.983266e-02 
 2.346854e+01  1.984585e-02 
 2.346893e+01  1.985778e-02 
 2.346933e+01  1.986826e-02 
 2.346973e+01  1.987767e-02 
 2.347013e+01  1.988614e-02 
 2.347052e+01  1.989394e-02 
 2.347092e+01  1.990133e-02 
 2.347132e+01  1.990853e-02 
 2.347172e+01  1.991565e-02 
 2.347212e+01  1.992283e-02 
 2.347251e+01  1.993019e-02 
 2.347291e+01  1.993777e-02 
 2.347331e+01  1.994548e-02 
 2.347371e+01  1.995334e-02 
 2.347410e+01  1.996125e-02 
 2.347450e+01  1.996891e-02 
 2.347490e+01  1.997630e-02 
 2.347530e+01  1.998312e-02 
 2.347569e+01  1.998896e-02 
 2.347609e+01  1.999350e-02 
 2.347649e+01  1.999637e-02 
 2.347689e+01  1.999740e-02 
 2.347729e+01  1.999629e-02 
 2.347768e+01  1.999283e-02 
 2.347808e+01  1.998687e-02 
 2.347848e+01  1.997838e-02 
 2.347888e+01  1.996724e-02 
 2.347927e+01  1.995367e-02 
 2.347967e+01  1.993779e-02 
 2.348007e+01  1.991976e-02 
 2.348047e+01  1.989998e-02 
 2.348086e+01  1.987860e-02 
 2.348126e+01  1.985607e-02 
 2.348166e+01  1.983266e-02 
 2.348206e+01  1.980857e-02 
 2.348246e+01  1.978402e-02 
 2.348285e+01  1.975919e-02 
 2.348325e+01  1.973441e-02 
 2.348365e+01  1.970980e-02 
 2.348405e+01  1.968561e-02 
 2.348444e+01  1.966188e-02 
 2.348484e+01  1.963870e-02 
 2.348524e+01  1.961606e-02 
 2.348564e+01  1.959401e-02 
 2.348603e+01  1.957233e-02 
 2.348643e+01  1.955086e-02 
 2.348683e+01  1.952944e-02 
 2.348723e+01  1.950793e-02 
 2.348763e+01  1.948627e-02 
 2.348802e+01  1.946432e-02 
 2.348842e+01  1.944220e-02 
 2.348882e+01  1.941990e-02 
 2.348922e+01  1.939741e-02 
 2.348961e+01  1.937498e-02 
 2.349001e+01  1.935266e-02 
 2.349041e+01  1.933045e-02 
 2.349081e+01  1.930838e-02 
 2.349120e+01  1.928656e-02 
 2.349160e+01  1.926498e-02 
 2.349200e+01  1.924350e-02 
 2.349240e+01  1.922189e-02 
 2.349280e+01  1.919997e-02 
 2.349319e+01  1.917744e-02 
 2.349359e+01  1.915385e-02 
 2.349399e+01  1.912891e-02 
 2.349439e+01  1.910241e-02 
 2.349478e+01  1.907405e-02 
 2.349518e+01  1.904367e-02 
 2.349558e+01  1.901121e-02 
 2.349598e+01  1.897658e-02 
 2.349637e+01  1.893984e-02 
 2.349677e+01  1.890133e-02 
 2.349717e+01  1.886119e-02 
 2.349757e+01  1.881986e-02 
 2.349797e+01  1.877760e-02 
 2.349836e+01  1.873494e-02 
 2.349876e+01  1.869218e-02 
 2.349916e+01  1.864970e-02 
 2.349956e+01  1.860772e-02 
 2.349995e+01  1.856654e-02 
 2.350035e+01  1.852634e-02 
 2.350075e+01  1.848735e-02 
 2.350115e+01  1.844965e-02 
 2.350154e+01  1.841321e-02 
 2.350194e+01  1.837803e-02 
 2.350234e+01  1.834417e-02 
 2.350274e+01  1.831162e-02 
 2.350314e+01  1.828037e-02 
 2.350353e+01  1.825038e-02 
 2.350393e+01  1.822156e-02 
 2.350433e+01  1.819366e-02 
 2.350473e+01  1.816645e-02 
 2.350512e+01  1.813964e-02 
 2.350552e+01  1.811311e-02 
 2.350592e+01  1.808671e-02 
 2.350632e+01  1.806035e-02 
 2.350671e+01  1.803424e-02 
 2.350711e+01  1.800858e-02 
 2.350751e+01  1.798347e-02 
 2.350791e+01  1.795921e-02 
 2.350831e+01  1.793569e-02 
 2.350870e+01  1.791303e-02 
 2.350910e+01  1.789129e-02 
 2.350950e+01  1.787049e-02 
 2.350990e+01  1.785048e-02 
 2.351029e+01  1.783119e-02 
 2.351069e+01  1.781237e-02 
 2.351109e+01  1.779379e-02 
 2.351149e+01  1.777526e-02 
 2.351188e+01  1.775635e-02 
 2.351228e+01  1.773673e-02 
 2.351268e+01  1.771616e-02 
 2.351308e+01  1.769457e-02 
 2.351348e+01  1.767185e-02 
 2.351387e+01  1.764794e-02 
 2.351427e+01  1.762283e-02 
 2.351467e+01  1.759681e-02 
 2.351507e+01  1.757022e-02 
 2.351546e+01  1.754315e-02 
 2.351586e+01  1.751587e-02 
 2.351626e+01  1.748870e-02 
 2.351666e+01  1.746184e-02 
 2.351705e+01  1.743546e-02 
 2.351745e+01  1.740979e-02 
 2.351785e+01  1.738481e-02 
 2.351825e+01  1.736044e-02 
 2.351865e+01  1.733654e-02 
 2.351904e+01  1.731296e-02 
 2.351944e+01  1.728946e-02 
 2.351984e+01  1.726562e-02 
 2.352024e+01  1.724116e-02 
 2.352063e+01  1.721584e-02 
 2.352103e+01  1.718956e-02 
 2.352143e+01  1.716218e-02 
 2.352183e+01  1.713349e-02 
 2.352222e+01  1.710358e-02 
 2.352262e+01  1.707265e-02 
 2.352302e+01  1.704093e-02 
 2.352342e+01  1.700888e-02 
 2.352382e+01  1.697703e-02 
 2.352421e+01  1.694592e-02 
 2.352461e+01  1.691598e-02 
 2.352501e+01  1.688783e-02 
 2.352541e+01  1.686186e-02 
 2.352580e+01  1.683817e-02 
 2.352620e+01  1.681690e-02 
 2.352660e+01  1.679811e-02 
 2.352700e+01  1.678179e-02 
 2.352739e+01  1.676774e-02 
 2.352779e+01  1.675575e-02 
 2.352819e+01  1.674551e-02 
 2.352859e+01  1.673672e-02 
 2.352899e+01  1.672917e-02 
 2.352938e+01  1.672242e-02 
 2.352978e+01  1.671616e-02 
 2.353018e+01  1.671004e-02 
 2.353058e+01  1.670380e-02 
 2.353097e+01  1.669750e-02 
 2.353137e+01  1.669125e-02 
 2.353177e+01  1.668527e-02 
 2.353217e+01  1.667978e-02 
 2.353257e+01  1.667515e-02 
 2.353296e+01  1.667169e-02 
 2.353336e+01  1.666965e-02 
 2.353376e+01  1.666904e-02 
 2.353416e+01  1.666974e-02 
 2.353455e+01  1.667170e-02 
 2.353495e+01  1.667490e-02 
 2.353535e+01  1.667914e-02 
 2.353575e+01  1.668432e-02 
 2.353614e+01  1.669010e-02 
 2.353654e+01  1.669625e-02 
 2.353694e+01  1.670242e-02 
 2.353734e+01  1.670832e-02 
 2.353774e+01  1.671366e-02 
 2.353813e+01  1.671832e-02 
 2.353853e+01  1.672232e-02 
 2.353893e+01  1.672571e-02 
 2.353933e+01  1.672860e-02 
 2.353972e+01  1.673121e-02 
 2.354012e+01  1.673396e-02 
 2.354052e+01  1.673714e-02 
 2.354092e+01  1.674107e-02 
 2.354131e+01  1.674622e-02 
 2.354171e+01  1.675276e-02 
 2.354211e+01  1.676099e-02 
 2.354251e+01  1.677131e-02 
 2.354291e+01  1.678394e-02 
 2.354330e+01  1.679890e-02 
 2.354370e+01  1.681611e-02 
 2.354410e+01  1.683547e-02 
 2.354450e+01  1.685697e-02 
 2.354489e+01  1.688038e-02 
 2.354529e+01  1.690537e-02 
 2.354569e+01  1.693166e-02 
 2.354609e+01  1.695900e-02 
 2.354648e+01  1.698692e-02 
 2.354688e+01  1.701526e-02 
 2.354728e+01  1.704382e-02 
 2.354768e+01  1.707226e-02 
 2.354808e+01  1.710043e-02 
 2.354847e+01  1.712819e-02 
 2.354887e+01  1.715563e-02 
 2.354927e+01  1.718291e-02 
 2.354967e+01  1.721002e-02 
 2.355006e+01  1.723712e-02 
 2.355046e+01  1.726449e-02 
 2.355086e+01  1.729230e-02 
 2.355126e+01  1.732064e-02 
 2.355165e+01  1.734960e-02 
 2.355205e+01  1.737912e-02 
 2.355245e+01  1.740915e-02 
 2.355285e+01  1.743952e-02 
 2.355325e+01  1.747023e-02 
 2.355364e+01  1.750118e-02 
 2.355404e+01  1.753219e-02 
 2.355444e+01  1.756313e-02 
 2.355484e+01  1.759396e-02 
 2.355523e+01  1.762467e-02 
 2.355563e+01  1.765511e-02 
 2.355603e+01  1.768524e-02 
 2.355643e+01  1.771508e-02 
 2.355682e+01  1.774469e-02 
 2.355722e+01  1.777408e-02 
 2.355762e+01  1.780325e-02 
 2.355802e+01  1.783240e-02 
 2.355842e+01  1.786173e-02 
 2.355881e+01  1.789146e-02 
 2.355921e+01  1.792161e-02 
 2.355961e+01  1.795226e-02 
 2.356001e+01  1.798346e-02 
 2.356040e+01  1.801518e-02 
 2.356080e+01  1.804730e-02 
 2.356120e+01  1.807954e-02 
 2.356160e+01  1.811175e-02 
 2.356199e+01  1.814378e-02 
 2.356239e+01  1.817540e-02 
 2.356279e+01  1.820645e-02 
 2.356319e+01  1.823685e-02 
 2.356359e+01  1.826648e-02 
 2.356398e+01  1.829523e-02 
 2.356438e+01  1.832325e-02 
 2.356478e+01  1.835066e-02 
 2.356518e+01  1.837750e-02 
 2.356557e+01  1.840387e-02 
 2.356597e+01  1.842994e-02 
 2.356637e+01  1.845587e-02 
 2.356677e+01  1.848192e-02 
 2.356716e+01  1.850830e-02 
 2.356756e+01  1.853519e-02 
 2.356796e+01  1.856277e-02 
 2.356836e+01  1.859115e-02 
 2.356876e+01  1.862038e-02 
 2.356915e+01  1.865049e-02 
 2.356955e+01  1.868136e-02 
 2.356995e+01  1.871275e-02 
 2.357035e+01  1.874434e-02 
 2.357074e+01  1.877602e-02 
 2.357114e+01  1.880768e-02 
 2.357154e+01  1.883903e-02 
 2.357194e+01  1.886979e-02 
 2.357233e+01  1.889986e-02 
 2.357273e+01  1.892893e-02 
 2.357313e+01  1.895686e-02 
 2.357353e+01  1.898321e-02 
 2.357393e+01  1.900786e-02 
 2.357432e+01  1.903048e-02 
 2.357472e+01  1.905104e-02 
 2.357512e+01  1.906957e-02 
 2.357552e+01  1.908601e-02 
 2.357591e+01  1.910048e-02 
 2.357631e+01  1.911307e-02 
 2.357671e+01  1.912385e-02 
 2.357711e+01  1.913294e-02 
 2.357750e+01  1.914039e-02 
 2.357790e+01  1.914649e-02 
 2.357830e+01  1.915141e-02 
 2.357870e+01  1.915543e-02 
 2.357910e+01  1.915877e-02 
 2.357949e+01  1.916152e-02 
 2.357989e+01  1.916385e-02 
 2.358029e+01  1.916592e-02 
 2.358069e+01  1.916774e-02 
 2.358108e+01  1.916913e-02 
 2.358148e+01  1.916994e-02 
 2.358188e+01  1.917014e-02 
 2.358228e+01  1.916958e-02 
 2.358267e+01  1.916809e-02 
 2.358307e+01  1.916572e-02 
 2.358347e+01  1.916241e-02 
 2.358387e+01  1.915835e-02 
 2.358427e+01  1.915364e-02 
 2.358466e+01  1.914849e-02 
 2.358506e+01  1.914305e-02 
 2.358546e+01  1.913747e-02 
 2.358586e+01  1.913207e-02 
 2.358625e+01  1.912722e-02 
 2.358665e+01  1.912311e-02 
 2.358705e+01  1.912001e-02 
 2.358745e+01  1.911770e-02 
 2.358784e+01  1.911608e-02 
 2.358824e+01  1.911477e-02 
 2.358864e+01  1.911329e-02 
 2.358904e+01  1.911114e-02 
 2.358944e+01  1.910772e-02 
 2.358983e+01  1.910267e-02 
 2.359023e+01  1.909564e-02 
 2.359063e+01  1.908640e-02 
 2.359103e+01  1.907487e-02 
 2.359142e+01  1.906105e-02 
 2.359182e+01  1.904479e-02 
 2.359222e+01  1.902606e-02 
 2.359262e+01  1.900518e-02 
 2.359301e+01  1.898230e-02 
 2.359341e+01  1.895776e-02 
 2.359381e+01  1.893186e-02 
 2.359421e+01  1.890492e-02 
 2.359461e+01  1.887737e-02 
 2.359500e+01  1.884962e-02 
 2.359540e+01  1.882198e-02 
 2.359580e+01  1.879467e-02 
 2.359620e+01  1.876792e-02 
 2.359659e+01  1.874197e-02 
 2.359699e+01  1.871694e-02 
 2.359739e+01  1.869276e-02 
 2.359779e+01  1.866938e-02 
 2.359818e+01  1.864665e-02 
 2.359858e+01  1.862423e-02 
 2.359898e+01  1.860187e-02 
 2.359938e+01  1.857941e-02 
 2.359978e+01  1.855657e-02 
 2.360017e+01  1.853327e-02 
 2.360057e+01  1.850946e-02 
 2.360097e+01  1.848520e-02 
 2.360137e+01  1.846065e-02 
 2.360176e+01  1.843579e-02 
 2.360216e+01  1.841089e-02 
 2.360256e+01  1.838597e-02 
 2.360296e+01  1.836118e-02 
 2.360335e+01  1.833663e-02 
 2.360375e+01  1.831261e-02 
 2.360415e+01  1.828918e-02 
 2.360455e+01  1.826624e-02 
 2.360495e+01  1.824382e-02 
 2.360534e+01  1.822166e-02 
 2.360574e+01  1.819966e-02 
 2.360614e+01  1.817742e-02 
 2.360654e+01  1.815473e-02 
 2.360693e+01  1.813127e-02 
 2.360733e+01  1.810667e-02 
 2.360773e+01  1.808077e-02 
 2.360813e+01  1.805344e-02 
 2.360852e+01  1.802490e-02 
 2.360892e+01  1.799517e-02 
 2.360932e+01  1.796433e-02 
 2.360972e+01  1.793275e-02 
 2.361012e+01  1.790078e-02 
 2.361051e+01  1.786877e-02 
 2.361091e+01  1.783703e-02 
 2.361131e+01  1.780593e-02 
 2.361171e+01  1.777567e-02 
 2.361210e+01  1.774663e-02 
 2.361250e+01  1.771891e-02 
 2.361290e+01  1.769267e-02 
 2.361330e+01  1.766792e-02 
 2.361369e+01  1.764441e-02 
 2.361409e+01  1.762192e-02 
 2.361449e+01  1.760019e-02 
 2.361489e+01  1.757904e-02 
 2.361529e+01  1.755809e-02 
 2.361568e+01  1.753689e-02 
 2.361608e+01  1.751506e-02 
 2.361648e+01  1.749232e-02 
 2.361688e+01  1.746855e-02 
 2.361727e+01  1.744361e-02 
 2.361767e+01  1.741766e-02 
 2.361807e+01  1.739094e-02 
 2.361847e+01  1.736383e-02 
 2.361886e+01  1.733684e-02 
 2.361926e+01  1.731042e-02 
 2.361966e+01  1.728499e-02 
 2.362006e+01  1.726095e-02 
 2.362046e+01  1.723850e-02 
 2.362085e+01  1.721792e-02 
 2.362125e+01  1.719919e-02 
 2.362165e+01  1.718230e-02 
 2.362205e+01  1.716706e-02 
 2.362244e+01  1.715323e-02 
 2.362284e+01  1.714055e-02 
 2.362324e+01  1.712871e-02 
 2.362364e+01  1.711733e-02 
 2.362403e+01  1.710613e-02 
 2.362443e+01  1.709487e-02 
 2.362483e+01  1.708343e-02 
 2.362523e+01  1.707197e-02 
 2.362563e+01  1.706047e-02 
 2.362602e+01  1.704898e-02 
 2.362642e+01  1.703792e-02 
 2.362682e+01  1.702722e-02 
 2.362722e+01  1.701716e-02 
 2.362761e+01  1.700770e-02 
 2.362801e+01  1.699880e-02 
 2.362841e+01  1.699041e-02 
 2.362881e+01  1.698251e-02 
 2.362921e+01  1.697508e-02 
 2.362960e+01  1.696808e-02 
 2.363000e+01  1.696143e-02 
 2.363040e+01  1.695517e-02 
 2.363080e+01  1.694913e-02 
 2.363119e+01  1.694299e-02 
 2.363159e+01  1.693647e-02 
 2.363199e+01  1.692948e-02 
 2.363239e+01  1.692184e-02 
 2.363278e+01  1.691358e-02 
 2.363318e+01  1.690483e-02 
 2.363358e+01  1.689551e-02 
 2.363398e+01  1.688565e-02 
 2.363438e+01  1.687523e-02 
 2.363477e+01  1.686434e-02 
 2.363517e+01  1.685302e-02 
 2.363557e+01  1.684146e-02 
 2.363597e+01  1.682977e-02 
 2.363636e+01  1.681836e-02 
 2.363676e+01  1.680778e-02 
 2.363716e+01  1.679851e-02 
 2.363756e+01  1.679088e-02 
 2.363795e+01  1.678496e-02 
 2.363835e+01  1.678093e-02 
 2.363875e+01  1.677886e-02 
 2.363915e+01  1.677874e-02 
 2.363955e+01  1.678043e-02 
 2.363994e+01  1.678380e-02 
 2.364034e+01  1.678859e-02 
 2.364074e+01  1.679453e-02 
 2.364114e+01  1.680151e-02 
 2.364153e+01  1.680942e-02 
 2.364193e+01  1.681801e-02 
 2.364233e+01  1.682723e-02 
 2.364273e+01  1.683697e-02 
 2.364312e+01  1.684714e-02 
 2.364352e+01  1.685735e-02 
 2.364392e+01  1.686740e-02 
 2.364432e+01  1.687709e-02 
 2.364472e+01  1.688642e-02 
 2.364511e+01  1.689552e-02 
 2.364551e+01  1.690443e-02 
 2.364591e+01  1.691313e-02 
 2.364631e+01  1.692163e-02 
 2.364670e+01  1.693008e-02 
 2.364710e+01  1.693851e-02 
 2.364750e+01  1.694698e-02 
 2.364790e+01  1.695564e-02 
 2.364829e+01  1.696460e-02 
 2.364869e+01  1.697414e-02 
 2.364909e+01  1.698430e-02 
 2.364949e+01  1.699530e-02 
 2.364989e+01  1.700704e-02 
 2.365028e+01  1.701952e-02 
 2.365068e+01  1.703270e-02 
 2.365108e+01  1.704651e-02 
 2.365148e+01  1.706105e-02 
 2.365187e+01  1.707632e-02 
 2.365227e+01  1.709239e-02 
 2.365267e+01  1.710948e-02 
 2.365307e+01  1.712742e-02 
 2.365346e+01  1.714621e-02 
 2.365386e+01  1.716598e-02 
 2.365426e+01  1.718687e-02 
 2.365466e+01  1.720899e-02 
 2.365506e+01  1.723239e-02 
 2.365545e+01  1.725708e-02 
 2.365585e+01  1.728302e-02 
 2.365625e+01  1.731018e-02 
 2.365665e+01  1.733836e-02 
 2.365704e+01  1.736747e-02 
 2.365744e+01  1.739719e-02 
 2.365784e+01  1.742708e-02 
 2.365824e+01  1.745708e-02 
 2.365863e+01  1.748715e-02 
 2.365903e+01  1.751717e-02 
 2.365943e+01  1.754699e-02 
 2.365983e+01  1.757630e-02 
 2.366023e+01  1.760501e-02 
 2.366062e+01  1.763297e-02 
 2.366102e+01  1.766016e-02 
 2.366142e+01  1.768657e-02 
 2.366182e+01  1.771235e-02 
 2.366221e+01  1.773763e-02 
 2.366261e+01  1.776268e-02 
 2.366301e+01  1.778776e-02 
 2.366341e+01  1.781299e-02 
 2.366380e+01  1.783862e-02 
 2.366420e+01  1.786477e-02 
 2.366460e+01  1.789164e-02 
 2.366500e+01  1.791932e-02 
 2.366540e+01  1.794790e-02 
 2.366579e+01  1.797741e-02 
 2.366619e+01  1.800778e-02 
 2.366659e+01  1.803894e-02 
 2.366699e+01  1.807068e-02 
 2.366738e+01  1.810274e-02 
 2.366778e+01  1.813465e-02 
 2.366818e+01  1.816608e-02 
 2.366858e+01  1.819685e-02 
 2.366897e+01  1.822653e-02 
 2.366937e+01  1.825481e-02 
 2.366977e+01  1.828144e-02 
 2.367017e+01  1.830619e-02 
 2.367057e+01  1.832893e-02 
 2.367096e+01  1.834973e-02 
 2.367136e+01  1.836848e-02 
 2.367176e+01  1.838538e-02 
 2.367216e+01  1.840070e-02 
 2.367255e+01  1.841474e-02 
 2.367295e+01  1.842779e-02 
 2.367335e+01  1.844014e-02 
 2.367375e+01  1.845200e-02 
 2.367414e+01  1.846365e-02 
 2.367454e+01  1.847520e-02 
 2.367494e+01  1.848662e-02 
 2.367534e+01  1.849766e-02 
 2.367574e+01  1.850819e-02 
 2.367613e+01  1.851807e-02 
 2.367653e+01  1.852729e-02 
 2.367693e+01  1.853562e-02 
 2.367733e+01  1.854274e-02 
 2.367772e+01  1.854852e-02 
 2.367812e+01  1.855272e-02 
 2.367852e+01  1.855530e-02 
 2.367892e+01  1.855629e-02 
 2.367931e+01  1.855557e-02 
 2.367971e+01  1.855315e-02 
 2.368011e+01  1.854945e-02 
 2.368051e+01  1.854504e-02 
 2.368091e+01  1.854054e-02 
 2.368130e+01  1.853629e-02 
 2.368170e+01  1.853251e-02 
 2.368210e+01  1.852924e-02 
 2.368250e+01  1.852651e-02 
 2.368289e+01  1.852397e-02 
 2.368329e+01  1.852113e-02 
 2.368369e+01  1.851757e-02 
 2.368409e+01  1.851281e-02 
 2.368448e+01  1.850664e-02 
 2.368488e+01  1.849852e-02 
 2.368528e+01  1.848814e-02 
 2.368568e+01  1.847512e-02 
 2.368608e+01  1.845902e-02 
 2.368647e+01  1.843975e-02 
 2.368687e+01  1.841734e-02 
 2.368727e+01  1.839192e-02 
 2.368767e+01  1.836384e-02 
 2.368806e+01  1.833358e-02 
 2.368846e+01  1.830158e-02 
 2.368886e+01  1.826836e-02 
 2.368926e+01  1.823440e-02 
 2.368965e+01  1.819998e-02 
 2.369005e+01  1.816546e-02 
 2.369045e+01  1.813113e-02 
 2.369085e+01  1.809720e-02 
 2.369125e+01  1.806359e-02 
 2.369164e+01  1.803024e-02 
 2.369204e+01  1.799700e-02 
 2.369244e+01  1.796384e-02 
 2.369284e+01  1.793069e-02 
 2.369323e+01  1.789741e-02 
 2.369363e+01  1.786413e-02 
 2.369403e+01  1.783080e-02 
 2.369443e+01  1.779736e-02 
 2.369482e+01  1.776374e-02 
 2.369522e+01  1.772962e-02 
 2.369562e+01  1.769523e-02 
 2.369602e+01  1.766046e-02 
 2.369642e+01  1.762526e-02 
 2.369681e+01  1.758974e-02 
 2.369721e+01  1.755384e-02 
 2.369761e+01  1.751790e-02 
 2.369801e+01  1.748197e-02 
 2.369840e+01  1.744614e-02 
 2.369880e+01  1.741054e-02 
 2.369920e+01  1.737511e-02 
 2.369960e+01  1.733988e-02 
 2.369999e+01  1.730474e-02 
 2.370039e+01  1.726981e-02 
 2.370079e+01  1.723480e-02 
 2.370119e+01  1.719940e-02 
 2.370159e+01  1.716335e-02 
 2.370198e+01  1.712647e-02 
 2.370238e+01  1.708882e-02 
 2.370278e+01  1.705059e-02 
 2.370318e+01  1.701176e-02 
 2.370357e+01  1.697240e-02 
 2.370397e+01  1.693246e-02 
 2.370437e+01  1.689209e-02 
 2.370477e+01  1.685134e-02 
 2.370516e+01  1.681043e-02 
 2.370556e+01  1.676968e-02 
 2.370596e+01  1.672948e-02 
 2.370636e+01  1.669026e-02 
 2.370676e+01  1.665233e-02 
 2.370715e+01  1.661591e-02 
 2.370755e+01  1.658124e-02 
 2.370795e+01  1.654823e-02 
 2.370835e+01  1.651694e-02 
 2.370874e+01  1.648737e-02 
 2.370914e+01  1.645932e-02 
 2.370954e+01  1.643269e-02 
 2.370994e+01  1.640731e-02 
 2.371033e+01  1.638281e-02 
 2.371073e+01  1.635878e-02 
 2.371113e+01  1.633464e-02 
 2.371153e+01  1.631010e-02 
 2.371193e+01  1.628481e-02 
 2.371232e+01  1.625868e-02 
 2.371272e+01  1.623163e-02 
 2.371312e+01  1.620369e-02 
 2.371352e+01  1.617508e-02 
 2.371391e+01  1.614601e-02 
 2.371431e+01  1.611674e-02 
 2.371471e+01  1.608733e-02 
 2.371511e+01  1.605786e-02 
 2.371550e+01  1.602838e-02 
 2.371590e+01  1.599878e-02 
 2.371630e+01  1.596932e-02 
 2.371670e+01  1.593977e-02 
 2.371710e+01  1.591004e-02 
 2.371749e+01  1.588032e-02 
 2.371789e+01  1.585057e-02 
 2.371829e+01  1.582059e-02 
 2.371869e+01  1.579013e-02 
 2.371908e+01  1.575913e-02 
 2.371948e+01  1.572741e-02 
 2.371988e+01  1.569512e-02 
 2.372028e+01  1.566228e-02 
 2.372068e+01  1.562911e-02 
 2.372107e+01  1.559561e-02 
 2.372147e+01  1.556195e-02 
 2.372187e+01  1.552833e-02 
 2.372227e+01  1.549494e-02 
 2.372266e+01  1.546197e-02 
 2.372306e+01  1.542932e-02 
 2.372346e+01  1.539699e-02 
 2.372386e+01  1.536513e-02 
 2.372425e+01  1.533378e-02 
 2.372465e+01  1.530303e-02 
 2.372505e+01  1.527287e-02 
 2.372545e+01  1.524336e-02 
 2.372585e+01  1.521442e-02 
 2.372624e+01  1.518622e-02 
 2.372664e+01  1.515887e-02 
 2.372704e+01  1.513239e-02 
 2.372744e+01  1.510669e-02 
 2.372783e+01  1.508162e-02 
 2.372823e+01  1.505727e-02 
 2.372863e+01  1.503358e-02 
 2.372903e+01  1.501052e-02 
 2.372942e+01  1.498795e-02 
 2.372982e+01  1.496584e-02 
 2.373022e+01  1.494414e-02 
 2.373062e+01  1.492285e-02 
 2.373102e+01  1.490205e-02 
 2.373141e+01  1.488192e-02 
 2.373181e+01  1.486261e-02 
 2.373221e+01  1.484435e-02 
 2.373261e+01  1.482729e-02 
 2.373300e+01  1.481161e-02 
 2.373340e+01  1.479737e-02 
 2.373380e+01  1.478473e-02 
 2.373420e+01  1.477375e-02 
 2.373459e+01  1.476455e-02 
 2.373499e+01  1.475717e-02 
 2.373539e+01  1.475162e-02 
 2.373579e+01  1.474787e-02 
 2.373619e+01  1.474568e-02 
 2.373658e+01  1.474488e-02 
 2.373698e+01  1.474510e-02 
 2.373738e+01  1.474592e-02 
 2.373778e+01  1.474689e-02 
 2.373817e+01  1.474765e-02 
 2.373857e+01  1.474774e-02 
 2.373897e+01  1.474687e-02 
 2.373937e+01  1.474476e-02 
 2.373976e+01  1.474129e-02 
 2.374016e+01  1.473636e-02 
 2.374056e+01  1.472988e-02 
 2.374096e+01  1.472209e-02 
 2.374136e+01  1.471324e-02 
 2.374175e+01  1.470369e-02 
 2.374215e+01  1.469406e-02 
 2.374255e+01  1.468480e-02 
 2.374295e+01  1.467639e-02 
 2.374334e+01  1.466911e-02 
 2.374374e+01  1.466317e-02 
 2.374414e+01  1.465887e-02 
 2.374454e+01  1.465634e-02 
 2.374493e+01  1.465557e-02 
 2.374533e+01  1.465670e-02 
 2.374573e+01  1.465970e-02 
 2.374613e+01  1.466464e-02 
 2.374653e+01  1.467150e-02 
 2.374692e+01  1.468011e-02 
 2.374732e+01  1.469033e-02 
 2.374772e+01  1.470185e-02 
 2.374812e+01  1.471474e-02 
 2.374851e+01  1.472911e-02 
 2.374891e+01  1.474536e-02 
 2.374931e+01  1.476371e-02 
 2.374971e+01  1.478436e-02 
 2.375010e+01  1.480748e-02 
 2.375050e+01  1.483312e-02 
 2.375090e+01  1.486110e-02 
 2.375130e+01  1.489120e-02 
 2.375170e+01  1.492322e-02 
 2.375209e+01  1.495660e-02 
 2.375249e+01  1.499106e-02 
 2.375289e+01  1.502635e-02 
 2.375329e+01  1.506188e-02 
 2.375368e+01  1.509742e-02 
 2.375408e+01  1.513256e-02 
 2.375448e+01  1.516691e-02 
 2.375488e+01  1.519998e-02 
 2.375527e+01  1.523115e-02 
 2.375567e+01  1.526038e-02 
 2.375607e+01  1.528741e-02 
 2.375647e+01  1.531228e-02 
 2.375687e+01  1.533504e-02 
 2.375726e+01  1.535595e-02 
 2.375766e+01  1.537538e-02 
 2.375806e+01  1.539372e-02 
 2.375846e+01  1.541115e-02 
 2.375885e+01  1.542796e-02 
 2.375925e+01  1.544431e-02 
 2.375965e+01  1.546035e-02 
 2.376005e+01  1.547660e-02 
 2.376044e+01  1.549331e-02 
 2.376084e+01  1.551095e-02 
 2.376124e+01  1.552979e-02 
 2.376164e+01  1.554991e-02 
 2.376204e+01  1.557133e-02 
 2.376243e+01  1.559373e-02 
 2.376283e+01  1.561693e-02 
 2.376323e+01  1.564062e-02 
 2.376363e+01  1.566471e-02 
 2.376402e+01  1.568905e-02 
 2.376442e+01  1.571351e-02 
 2.376482e+01  1.573815e-02 
 2.376522e+01  1.576285e-02 
 2.376561e+01  1.578753e-02 
 2.376601e+01  1.581241e-02 
 2.376641e+01  1.583781e-02 
 2.376681e+01  1.586358e-02 
 2.376721e+01  1.588984e-02 
 2.376760e+01  1.591675e-02 
 2.376800e+01  1.594427e-02 
 2.376840e+01  1.597235e-02 
 2.376880e+01  1.600089e-02 
 2.376919e+01  1.602991e-02 
 2.376959e+01  1.605925e-02 
 2.376999e+01  1.608894e-02 
 2.377039e+01  1.611896e-02 
 2.377078e+01  1.614896e-02 
 2.377118e+01  1.617858e-02 
 2.377158e+01  1.620737e-02 
 2.377198e+01  1.623479e-02 
 2.377238e+01  1.626033e-02 
 2.377277e+01  1.628357e-02 
 2.377317e+01  1.630448e-02 
 2.377357e+01  1.632291e-02 
 2.377397e+01  1.633881e-02 
 2.377436e+01  1.635232e-02 
 2.377476e+01  1.636358e-02 
 2.377516e+01  1.637298e-02 
 2.377556e+01  1.638088e-02 
 2.377595e+01  1.638766e-02 
 2.377635e+01  1.639370e-02 
 2.377675e+01  1.639915e-02 
 2.377715e+01  1.640420e-02 
 2.377755e+01  1.640888e-02 
 2.377794e+01  1.641325e-02 
 2.377834e+01  1.641705e-02 
 2.377874e+01  1.642010e-02 
 2.377914e+01  1.642196e-02 
 2.377953e+01  1.642228e-02 
 2.377993e+01  1.642092e-02 
 2.378033e+01  1.641749e-02 
 2.378073e+01  1.641166e-02 
 2.378112e+01  1.640343e-02 
 2.378152e+01  1.639282e-02 
 2.378192e+01  1.637999e-02 
 2.378232e+01  1.636537e-02 
 2.378272e+01  1.634939e-02 
 2.378311e+01  1.633243e-02 
 2.378351e+01  1.631501e-02 
 2.378391e+01  1.629735e-02 
 2.378431e+01  1.627982e-02 
 2.378470e+01  1.626276e-02 
 2.378510e+01  1.624635e-02 
 2.378550e+01  1.623078e-02 
 2.378590e+01  1.621616e-02 
 2.378629e+01  1.620256e-02 
 2.378669e+01  1.618993e-02 
 2.378709e+01  1.617812e-02 
 2.378749e+01  1.616695e-02 
 2.378789e+01  1.615639e-02 
 2.378828e+01  1.614639e-02 
 2.378868e+01  1.613662e-02 
 2.378908e+01  1.612714e-02 
 2.378948e+01  1.611763e-02 
 2.378987e+01  1.610796e-02 
 2.379027e+01  1.609792e-02 
 2.379067e+01  1.608719e-02 
 2.379107e+01  1.607547e-02 
 2.379146e+01  1.606246e-02 
 2.379186e+01  1.604792e-02 
 2.379226e+01  1.603170e-02 
 2.379266e+01  1.601358e-02 
 2.379306e+01  1.599357e-02 
 2.379345e+01  1.597166e-02 
 2.379385e+01  1.594773e-02 
 2.379425e+01  1.592174e-02 
 2.379465e+01  1.589362e-02 
 2.379504e+01  1.586341e-02 
 2.379544e+01  1.583119e-02 
 2.379584e+01  1.579705e-02 
 2.379624e+01  1.576103e-02 
 2.379663e+01  1.572324e-02 
 2.379703e+01  1.568380e-02 
 2.379743e+01  1.564293e-02 
 2.379783e+01  1.560077e-02 
 2.379823e+01  1.555748e-02 
 2.379862e+01  1.551310e-02 
 2.379902e+01  1.546773e-02 
 2.379942e+01  1.542162e-02 
 2.379982e+01  1.537498e-02 
 2.380021e+01  1.532826e-02 
 2.380061e+01  1.528163e-02 
 2.380101e+01  1.523544e-02 
 2.380141e+01  1.519017e-02 
 2.380180e+01  1.514627e-02 
 2.380220e+01  1.510405e-02 
 2.380260e+01  1.506365e-02 
 2.380300e+01  1.502516e-02 
 2.380340e+01  1.498863e-02 
 2.380379e+01  1.495417e-02 
 2.380419e+01  1.492183e-02 
 2.380459e+01  1.489164e-02 
 2.380499e+01  1.486354e-02 
 2.380538e+01  1.483731e-02 
 2.380578e+01  1.481268e-02 
 2.380618e+01  1.478917e-02 
 2.380658e+01  1.476633e-02 
 2.380697e+01  1.474370e-02 
 2.380737e+01  1.472067e-02 
 2.380777e+01  1.469695e-02 
 2.380817e+01  1.467225e-02 
 2.380857e+01  1.464622e-02 
 2.380896e+01  1.461888e-02 
 2.380936e+01  1.459010e-02 
 2.380976e+01  1.456008e-02 
 2.381016e+01  1.452878e-02 
 2.381055e+01  1.449609e-02 
 2.381095e+01  1.446201e-02 
 2.381135e+01  1.442678e-02 
 2.381175e+01  1.439043e-02 
 2.381215e+01  1.435296e-02 
 2.381254e+01  1.431446e-02 
 2.381294e+01  1.427478e-02 
 2.381334e+01  1.423399e-02 
 2.381374e+01  1.419225e-02 
 2.381413e+01  1.414939e-02 
 2.381453e+01  1.410573e-02 
 2.381493e+01  1.406128e-02 
 2.381533e+01  1.401637e-02 
 2.381572e+01  1.397102e-02 
 2.381612e+01  1.392538e-02 
 2.381652e+01  1.387959e-02 
 2.381692e+01  1.383384e-02 
 2.381732e+01  1.378831e-02 
 2.381771e+01  1.374326e-02 
 2.381811e+01  1.369873e-02 
 2.381851e+01  1.365489e-02 
 2.381891e+01  1.361189e-02 
 2.381930e+01  1.356976e-02 
 2.381970e+01  1.352867e-02 
 2.382010e+01  1.348859e-02 
 2.382050e+01  1.344966e-02 
 2.382089e+01  1.341198e-02 
 2.382129e+01  1.337576e-02 
 2.382169e+01  1.334127e-02 
 2.382209e+01  1.330849e-02 
 2.382249e+01  1.327744e-02 
 2.382288e+01  1.324772e-02 
 2.382328e+01  1.321926e-02 
 2.382368e+01  1.319195e-02 
 2.382408e+01  1.316545e-02 
 2.382447e+01  1.313967e-02 
 2.382487e+01  1.311422e-02 
 2.382527e+01  1.308897e-02 
 2.382567e+01  1.306372e-02 
 2.382606e+01  1.303842e-02 
 2.382646e+01  1.301303e-02 
 2.382686e+01  1.298758e-02 
 2.382726e+01  1.296228e-02 
 2.382766e+01  1.293727e-02 
 2.382805e+01  1.291262e-02 
 2.382845e+01  1.288857e-02 
 2.382885e+01  1.286531e-02 
 2.382925e+01  1.284315e-02 
 2.382964e+01  1.282236e-02 
 2.383004e+01  1.280311e-02 
 2.383044e+01  1.278544e-02 
 2.383084e+01  1.276921e-02 
 2.383123e+01  1.275430e-02 
 2.383163e+01  1.274039e-02 
 2.383203e+01  1.272683e-02 
 2.383243e+01  1.271321e-02 
 2.383283e+01  1.269913e-02 
 2.383322e+01  1.268432e-02 
 2.383362e+01  1.266872e-02 
 2.383402e+01  1.265185e-02 
 2.383442e+01  1.263345e-02 
 2.383481e+01  1.261328e-02 
 2.383521e+01  1.259115e-02 
 2.383561e+01  1.256710e-02 
 2.383601e+01  1.254147e-02 
 2.383640e+01  1.251467e-02 
 2.383680e+01  1.248732e-02 
 2.383720e+01  1.246008e-02 
 2.383760e+01  1.243361e-02 
 2.383800e+01  1.240836e-02 
 2.383839e+01  1.238475e-02 
 2.383879e+01  1.236309e-02 
 2.383919e+01  1.234347e-02 
 2.383959e+01  1.232614e-02 
 2.383998e+01  1.231103e-02 
 2.384038e+01  1.229802e-02 
 2.384078e+01  1.228708e-02 
 2.384118e+01  1.227790e-02 
 2.384157e+01  1.227048e-02 
 2.384197e+01  1.226474e-02 
 2.384237e+01  1.226076e-02 
 2.384277e+01  1.225850e-02 
 2.384317e+01  1.225807e-02 
 2.384356e+01  1.225962e-02 
 2.384396e+01  1.226306e-02 
 2.384436e+01  1.226842e-02 
 2.384476e+01  1.227562e-02 
 2.384515e+01  1.228468e-02 
 2.384555e+01  1.229566e-02 
 2.384595e+01  1.230841e-02 
 2.384635e+01  1.232289e-02 
 2.384674e+01  1.233880e-02 
 2.384714e+01  1.235581e-02 
 2.384754e+01  1.237361e-02 
 2.384794e+01  1.239174e-02 
 2.384834e+01  1.240976e-02 
 2.384873e+01  1.242726e-02 
 2.384913e+01  1.244384e-02 
 2.384953e+01  1.245901e-02 
 2.384993e+01  1.247245e-02 
 2.385032e+01  1.248383e-02 
 2.385072e+01  1.249297e-02 
 2.385112e+01  1.249988e-02 
 2.385152e+01  1.250467e-02 
 2.385191e+01  1.250744e-02 
 2.385231e+01  1.250843e-02 
 2.385271e+01  1.250805e-02 
 2.385311e+01  1.250673e-02 
 2.385351e+01  1.250504e-02 
 2.385390e+01  1.250326e-02 
 2.385430e+01  1.250181e-02 
 2.385470e+01  1.250113e-02 
 2.385510e+01  1.250168e-02 
 2.385549e+01  1.250384e-02 
 2.385589e+01  1.250790e-02 
 2.385629e+01  1.251395e-02 
 2.385669e+01  1.252219e-02 
 2.385708e+01  1.253286e-02 
 2.385748e+01  1.254600e-02 
 2.385788e+01  1.256148e-02 
 2.385828e+01  1.257925e-02 
 2.385868e+01  1.259908e-02 
 2.385907e+01  1.262077e-02 
 2.385947e+01  1.264409e-02 
 2.385987e+01  1.266873e-02 
 2.386027e+01  1.269455e-02 
 2.386066e+01  1.272136e-02 
 2.386106e+01  1.274915e-02 
 2.386146e+01  1.277786e-02 
 2.386186e+01  1.280729e-02 
 2.386225e+01  1.283724e-02 
 2.386265e+01  1.286766e-02 
 2.386305e+01  1.289833e-02 
 2.386345e+01  1.292914e-02 
 2.386385e+01  1.295997e-02 
 2.386424e+01  1.299060e-02 
 2.386464e+01  1.302088e-02 
 2.386504e+01  1.305070e-02 
 2.386544e+01  1.307987e-02 
 2.386583e+01  1.310824e-02 
 2.386623e+01  1.313550e-02 
 2.386663e+01  1.316126e-02 
 2.386703e+01  1.318524e-02 
 2.386742e+01  1.320718e-02 
 2.386782e+01  1.322696e-02 
 2.386822e+01  1.324438e-02 
 2.386862e+01  1.325948e-02 
 2.386902e+01  1.327235e-02 
 2.386941e+01  1.328325e-02 
 2.386981e+01  1.329257e-02 
 2.387021e+01  1.330078e-02 
 2.387061e+01  1.330837e-02 
 2.387100e+01  1.331576e-02 
 2.387140e+01  1.332332e-02 
 2.387180e+01  1.333127e-02 
 2.387220e+01  1.333981e-02 
 2.387259e+01  1.334920e-02 
 2.387299e+01  1.335949e-02 
 2.387339e+01  1.337084e-02 
 2.387379e+01  1.338295e-02 
 2.387419e+01  1.339555e-02 
 2.387458e+01  1.340835e-02 
 2.387498e+01  1.342113e-02 
 2.387538e+01  1.343354e-02 
 2.387578e+01  1.344521e-02 
 2.387617e+01  1.345597e-02 
 2.387657e+01  1.346576e-02 
 2.387697e+01  1.347483e-02 
 2.387737e+01  1.348323e-02 
 2.387776e+01  1.349117e-02 
 2.387816e+01  1.349859e-02 
 2.387856e+01  1.350564e-02 
 2.387896e+01  1.351253e-02 
 2.387936e+01  1.351933e-02 
 2.387975e+01  1.352611e-02 
 2.388015e+01  1.353292e-02 
 2.388055e+01  1.353976e-02 
 2.388095e+01  1.354662e-02 
 2.388134e+01  1.355361e-02 
 2.388174e+01  1.356081e-02 
 2.388214e+01  1.356822e-02 
 2.388254e+01  1.357583e-02 
 2.388293e+01  1.358361e-02 
 2.388333e+01  1.359171e-02 
 2.388373e+01  1.360002e-02 
 2.388413e+01  1.360851e-02 
 2.388453e+01  1.361718e-02 
 2.388492e+01  1.362592e-02 
 2.388532e+01  1.363456e-02 
 2.388572e+01  1.364285e-02 
 2.388612e+01  1.365038e-02 
 2.388651e+01  1.365681e-02 
 2.388691e+01  1.366184e-02 
 2.388731e+01  1.366531e-02 
 2.388771e+01  1.366705e-02 
 2.388810e+01  1.366679e-02 
 2.388850e+01  1.366447e-02 
 2.388890e+01  1.366001e-02 
 2.388930e+01  1.365348e-02 
 2.388970e+01  1.364483e-02 
 2.389009e+01  1.363406e-02 
 2.389049e+01  1.362112e-02 
 2.389089e+01  1.360612e-02 
 2.389129e+01  1.358931e-02 
 2.389168e+01  1.357084e-02 
 2.389208e+01  1.355086e-02 
 2.389248e+01  1.352956e-02 
 2.389288e+01  1.350719e-02 
 2.389327e+01  1.348390e-02 
 2.389367e+01  1.345989e-02 
 2.389407e+01  1.343521e-02 
 2.389447e+01  1.340990e-02 
 2.389487e+01  1.338414e-02 
 2.389526e+01  1.335777e-02 
 2.389566e+01  1.333090e-02 
 2.389606e+01  1.330354e-02 
 2.389646e+01  1.327592e-02 
 2.389685e+01  1.324850e-02 
 2.389725e+01  1.322141e-02 
 2.389765e+01  1.319482e-02 
 2.389805e+01  1.316909e-02 
 2.389844e+01  1.314447e-02 
 2.389884e+01  1.312127e-02 
 2.389924e+01  1.309967e-02 
 2.389964e+01  1.307975e-02 
 2.390004e+01  1.306143e-02 
 2.390043e+01  1.304449e-02 
 2.390083e+01  1.302873e-02 
 2.390123e+01  1.301383e-02 
 2.390163e+01  1.299929e-02 
 2.390202e+01  1.298469e-02 
 2.390242e+01  1.296935e-02 
 2.390282e+01  1.295284e-02 
 2.390322e+01  1.293455e-02 
 2.390362e+01  1.291412e-02 
 2.390401e+01  1.289119e-02 
 2.390441e+01  1.286538e-02 
 2.390481e+01  1.283675e-02 
 2.390521e+01  1.280547e-02 
 2.390560e+01  1.277180e-02 
 2.390600e+01  1.273615e-02 
 2.390640e+01  1.269885e-02 
 2.390680e+01  1.266018e-02 
 2.390719e+01  1.262043e-02 
 2.390759e+01  1.257975e-02 
 2.390799e+01  1.253811e-02 
 2.390839e+01  1.249557e-02 
 2.390879e+01  1.245212e-02 
 2.390918e+01  1.240789e-02 
 2.390958e+01  1.236304e-02 
 2.390998e+01  1.231780e-02 
 2.391038e+01  1.227240e-02 
 2.391077e+01  1.222698e-02 
 2.391117e+01  1.218172e-02 
 2.391157e+01  1.213680e-02 
 2.391197e+01  1.209226e-02 
 2.391236e+01  1.204817e-02 
 2.391276e+01  1.200475e-02 
 2.391316e+01  1.196218e-02 
 2.391356e+01  1.192057e-02 
 2.391396e+01  1.188025e-02 
 2.391435e+01  1.184140e-02 
 2.391475e+01  1.180415e-02 
 2.391515e+01  1.176854e-02 
 2.391555e+01  1.173460e-02 
 2.391594e+01  1.170243e-02 
 2.391634e+01  1.167199e-02 
 2.391674e+01  1.164329e-02 
 2.391714e+01  1.161633e-02 
 2.391753e+01  1.159089e-02 
 2.391793e+01  1.156680e-02 
 2.391833e+01  1.154390e-02 
 2.391873e+01  1.152192e-02 
 2.391913e+01  1.150055e-02 
 2.391952e+01  1.147927e-02 
 2.391992e+01  1.145778e-02 
 2.392032e+01  1.143582e-02 
 2.392072e+01  1.141305e-02 
 2.392111e+01  1.138923e-02 
 2.392151e+01  1.136458e-02 
 2.392191e+01  1.133884e-02 
 2.392231e+01  1.131217e-02 
 2.392270e+01  1.128465e-02 
 2.392310e+01  1.125676e-02 
 2.392350e+01  1.122880e-02 
 2.392390e+01  1.120106e-02 
 2.392430e+01  1.117389e-02 
 2.392469e+01  1.114755e-02 
 2.392509e+01  1.112230e-02 
 2.392549e+01  1.109832e-02 
 2.392589e+01  1.107548e-02 
 2.392628e+01  1.105381e-02 
 2.392668e+01  1.103314e-02 
 2.392708e+01  1.101339e-02 
 2.392748e+01  1.099443e-02 
 2.392787e+01  1.097590e-02 
 2.392827e+01  1.095755e-02 
 2.392867e+01  1.093903e-02 
 2.392907e+01  1.092022e-02 
 2.392947e+01  1.090077e-02 
 2.392986e+01  1.088048e-02 
 2.393026e+01  1.085918e-02 
 2.393066e+01  1.083687e-02 
 2.393106e+01  1.081359e-02 
 2.393145e+01  1.078959e-02 
 2.393185e+01  1.076518e-02 
 2.393225e+01  1.074057e-02 
 2.393265e+01  1.071627e-02 
 2.393304e+01  1.069275e-02 
 2.393344e+01  1.067047e-02 
 2.393384e+01  1.064974e-02 
 2.393424e+01  1.063073e-02 
 2.393464e+01  1.061359e-02 
 2.393503e+01  1.059830e-02 
 2.393543e+01  1.058471e-02 
 2.393583e+01  1.057268e-02 
 2.393623e+01  1.056215e-02 
 2.393662e+01  1.055292e-02 
 2.393702e+01  1.054478e-02 
 2.393742e+01  1.053761e-02 
 2.393782e+01  1.053137e-02 
 2.393821e+01  1.052600e-02 
 2.393861e+01  1.052155e-02 
 2.393901e+01  1.051817e-02 
 2.393941e+01  1.051589e-02 
 2.393981e+01  1.051472e-02 
 2.394020e+01  1.051485e-02 
 2.394060e+01  1.051625e-02 
 2.394100e+01  1.051883e-02 
 2.394140e+01  1.052236e-02 
 2.394179e+01  1.052661e-02 
 2.394219e+01  1.053122e-02 
 2.394259e+01  1.053578e-02 
 2.394299e+01  1.054005e-02 
 2.394338e+01  1.054363e-02 
 2.394378e+01  1.054617e-02 
 2.394418e+01  1.054722e-02 
 2.394458e+01  1.054658e-02 
 2.394498e+01  1.054416e-02 
 2.394537e+01  1.053998e-02 
 2.394577e+01  1.053403e-02 
 2.394617e+01  1.052624e-02 
 2.394657e+01  1.051668e-02 
 2.394696e+01  1.050553e-02 
 2.394736e+01  1.049285e-02 
 2.394776e+01  1.047878e-02 
 2.394816e+01  1.046351e-02 
 2.394855e+01  1.044732e-02 
 2.394895e+01  1.043071e-02 
 2.394935e+01  1.041428e-02 
 2.394975e+01  1.039856e-02 
 2.395015e+01  1.038408e-02 
 2.395054e+01  1.037132e-02 
 2.395094e+01  1.036076e-02 
 2.395134e+01  1.035278e-02 
 2.395174e+01  1.034758e-02 
 2.395213e+01  1.034530e-02 
 2.395253e+01  1.034603e-02 
 2.395293e+01  1.034978e-02 
 2.395333e+01  1.035664e-02 
 2.395372e+01  1.036661e-02 
 2.395412e+01  1.037970e-02 
 2.395452e+01  1.039555e-02 
 2.395492e+01  1.041408e-02 
 2.395532e+01  1.043472e-02 
 2.395571e+01  1.045708e-02 
 2.395611e+01  1.048078e-02 
 2.395651e+01  1.050542e-02 
 2.395691e+01  1.053077e-02 
 2.395730e+01  1.055654e-02 
 2.395770e+01  1.058258e-02 
 2.395810e+01  1.060876e-02 
 2.395850e+01  1.063492e-02 
 2.395889e+01  1.066090e-02 
 2.395929e+01  1.068633e-02 
 2.395969e+01  1.071110e-02 
 2.396009e+01  1.073490e-02 
 2.396049e+01  1.075781e-02 
 2.396088e+01  1.077975e-02 
 2.396128e+01  1.080072e-02 
 2.396168e+01  1.082071e-02 
 2.396208e+01  1.083971e-02 
 2.396247e+01  1.085762e-02 
 2.396287e+01  1.087428e-02 
 2.396327e+01  1.088949e-02 
 2.396367e+01  1.090319e-02 
 2.396406e+01  1.091539e-02 
 2.396446e+01  1.092638e-02 
 2.396486e+01  1.093638e-02 
 2.396526e+01  1.094582e-02 
 2.396566e+01  1.095498e-02 
 2.396605e+01  1.096424e-02 
 2.396645e+01  1.097386e-02 
 2.396685e+01  1.098428e-02 
 2.396725e+01  1.099576e-02 
 2.396764e+01  1.100844e-02 
 2.396804e+01  1.102250e-02 
 2.396844e+01  1.103823e-02 
 2.396884e+01  1.105584e-02 
 2.396923e+01  1.107534e-02 
 2.396963e+01  1.109675e-02 
 2.397003e+01  1.111981e-02 
 2.397043e+01  1.114427e-02 
 2.397083e+01  1.116989e-02 
 2.397122e+01  1.119630e-02 
 2.397162e+01  1.122321e-02 
 2.397202e+01  1.125011e-02 
 2.397242e+01  1.127686e-02 
 2.397281e+01  1.130322e-02 
 2.397321e+01  1.132897e-02 
 2.397361e+01  1.135394e-02 
 2.397401e+01  1.137795e-02 
 2.397440e+01  1.140097e-02 
 2.397480e+01  1.142294e-02 
 2.397520e+01  1.144378e-02 
 2.397560e+01  1.146371e-02 
 2.397600e+01  1.148275e-02 
 2.397639e+01  1.150103e-02 
 2.397679e+01  1.151880e-02 
 2.397719e+01  1.153619e-02 
 2.397759e+01  1.155342e-02 
 2.397798e+01  1.157061e-02 
 2.397838e+01  1.158782e-02 
 2.397878e+01  1.160512e-02 
 2.397918e+01  1.162233e-02 
 2.397957e+01  1.163944e-02 
 2.397997e+01  1.165619e-02 
 2.398037e+01  1.167236e-02 
 2.398077e+01  1.168758e-02 
 2.398117e+01  1.170159e-02 
 2.398156e+01  1.171393e-02 
 2.398196e+01  1.172466e-02 
 2.398236e+01  1.173374e-02 
 2.398276e+01  1.174079e-02 
 2.398315e+01  1.174583e-02 
 2.398355e+01  1.174859e-02 
 2.398395e+01  1.174927e-02 
 2.398435e+01  1.174781e-02 
 2.398474e+01  1.174432e-02 
 2.398514e+01  1.173894e-02 
 2.398554e+01  1.173182e-02 
 2.398594e+01  1.172310e-02 
 2.398634e+01  1.171315e-02 
 2.398673e+01  1.170226e-02 
 2.398713e+01  1.169064e-02 
 2.398753e+01  1.167826e-02 
 2.398793e+01  1.166517e-02 
 2.398832e+01  1.165121e-02 
 2.398872e+01  1.163627e-02 
 2.398912e+01  1.162031e-02 
 2.398952e+01  1.160304e-02 
 2.398991e+01  1.158412e-02 
 2.399031e+01  1.156371e-02 
 2.399071e+01  1.154190e-02 
 2.399111e+01  1.151868e-02 
 2.399151e+01  1.149426e-02 
 2.399190e+01  1.146889e-02 
 2.399230e+01  1.144273e-02 
 2.399270e+01  1.141611e-02 
 2.399310e+01  1.138946e-02 
 2.399349e+01  1.136313e-02 
 2.399389e+01  1.133743e-02 
 2.399429e+01  1.131262e-02 
 2.399469e+01  1.128878e-02 
 2.399509e+01  1.126596e-02 
 2.399548e+01  1.124394e-02 
 2.399588e+01  1.122255e-02 
 2.399628e+01  1.120144e-02 
 2.399668e+01  1.118012e-02 
 2.399707e+01  1.115809e-02 
 2.399747e+01  1.113484e-02 
 2.399787e+01  1.110999e-02 
 2.399827e+01  1.108299e-02 
 2.399866e+01  1.105347e-02 
 2.399906e+01  1.102110e-02 
 2.399946e+01  1.098578e-02 
 2.399986e+01  1.094774e-02 
 2.400026e+01  1.090707e-02 
 2.400065e+01  1.086404e-02 
 2.400105e+01  1.081888e-02 
 2.400145e+01  1.077192e-02 
 2.400185e+01  1.072354e-02 
 2.400224e+01  1.067394e-02 
 2.400264e+01  1.062344e-02 
 2.400304e+01  1.057224e-02 
 2.400344e+01  1.052038e-02 
 2.400383e+01  1.046826e-02 
 2.400423e+01  1.041618e-02 
 2.400463e+01  1.036448e-02 
 2.400503e+01  1.031323e-02 
 2.400543e+01  1.026282e-02 
 2.400582e+01  1.021360e-02 
 2.400622e+01  1.016572e-02 
 2.400662e+01  1.011925e-02 
 2.400702e+01  1.007431e-02 
 2.400741e+01  1.003081e-02 
 2.400781e+01  9.988923e-03 
 2.400821e+01  9.948729e-03 
 2.400861e+01  9.910258e-03 
 2.400900e+01  9.873687e-03 
 2.400940e+01  9.839135e-03 
 2.400980e+01  9.806554e-03 
 2.401020e+01  9.776062e-03 
 2.401060e+01  9.747556e-03 
 2.401099e+01  9.720923e-03 
 2.401139e+01  9.696032e-03 
 2.401179e+01  9.672566e-03 
 2.401219e+01  9.650378e-03 
 2.401258e+01  9.629197e-03 
 2.401298e+01  9.608651e-03 
 2.401338e+01  9.588431e-03 
 2.401378e+01  9.568008e-03 
 2.401417e+01  9.546931e-03 
 2.401457e+01  9.524674e-03 
 2.401497e+01  9.500673e-03 
 2.401537e+01  9.474435e-03 
 2.401577e+01  9.445683e-03 
 2.401616e+01  9.414196e-03 
 2.401656e+01  9.379607e-03 
 2.401696e+01  9.342001e-03 
 2.401736e+01  9.301632e-03 
 2.401775e+01  9.258717e-03 
 2.401815e+01  9.213589e-03 
 2.401855e+01  9.166715e-03 
 2.401895e+01  9.118495e-03 
 2.401934e+01  9.069525e-03 
 2.401974e+01  9.020262e-03 
 2.402014e+01  8.971181e-03 
 2.402054e+01  8.922583e-03 
 2.402094e+01  8.874822e-03 
 2.402133e+01  8.828240e-03 
 2.402173e+01  8.783145e-03 
 2.402213e+01  8.739685e-03 
 2.402253e+01  8.697855e-03 
 2.402292e+01  8.657525e-03 
 2.402332e+01  8.618613e-03 
 2.402372e+01  8.580910e-03 
 2.402412e+01  8.544103e-03 
 2.402451e+01  8.508055e-03 
 2.402491e+01  8.472505e-03 
 2.402531e+01  8.437242e-03 
 2.402571e+01  8.402335e-03 
 2.402611e+01  8.367926e-03 
 2.402650e+01  8.334097e-03 
 2.402690e+01  8.301113e-03 
 2.402730e+01  8.269006e-03 
 2.402770e+01  8.237940e-03 
 2.402809e+01  8.208032e-03 
 2.402849e+01  8.179267e-03 
 2.402889e+01  8.151730e-03 
 2.402929e+01  8.125402e-03 
 2.402968e+01  8.099979e-03 
 2.403008e+01  8.075361e-03 
 2.403048e+01  8.051368e-03 
 2.403088e+01  8.027910e-03 
 2.403128e+01  8.004701e-03 
 2.403167e+01  7.981424e-03 
 2.403207e+01  7.957797e-03 
 2.403247e+01  7.933665e-03 
 2.403287e+01  7.909011e-03 
 2.403326e+01  7.883934e-03 
 2.403366e+01  7.858416e-03 
 2.403406e+01  7.832524e-03 
 2.403446e+01  7.806483e-03 
 2.403485e+01  7.780378e-03 
 2.403525e+01  7.754282e-03 
 2.403565e+01  7.728277e-03 
 2.403605e+01  7.702317e-03 
 2.403645e+01  7.676350e-03 
 2.403684e+01  7.650335e-03 
 2.403724e+01  7.624309e-03 
 2.403764e+01  7.598432e-03 
 2.403804e+01  7.572715e-03 
 2.403843e+01  7.547165e-03 
 2.403883e+01  7.521759e-03 
 2.403923e+01  7.496830e-03 
 2.403963e+01  7.472226e-03 
 2.404002e+01  7.448008e-03 
 2.404042e+01  7.424152e-03 
 2.404082e+01  7.400763e-03 
 2.404122e+01  7.377918e-03 
 2.404162e+01  7.355454e-03 
 2.404201e+01  7.333575e-03 
 2.404241e+01  7.312133e-03 
 2.404281e+01  7.290991e-03 
 2.404321e+01  7.270245e-03 
 2.404360e+01  7.249926e-03 
 2.404400e+01  7.230103e-03 
 2.404440e+01  7.210950e-03 
 2.404480e+01  7.192674e-03 
 2.404519e+01  7.175700e-03 
 2.404559e+01  7.160420e-03 
 2.404599e+01  7.147190e-03 
 2.404639e+01  7.136419e-03 
 2.404679e+01  7.128411e-03 
 2.404718e+01  7.123244e-03 
 2.404758e+01  7.120827e-03 
 2.404798e+01  7.121173e-03 
 2.404838e+01  7.124017e-03 
 2.404877e+01  7.129035e-03 
 2.404917e+01  7.135944e-03 
 2.404957e+01  7.144340e-03 
 2.404997e+01  7.153885e-03 
 2.405036e+01  7.164000e-03 
 2.405076e+01  7.174209e-03 
 2.405116e+01  7.184181e-03 
 2.405156e+01  7.193369e-03 
 2.405196e+01  7.201373e-03 
 2.405235e+01  7.208100e-03 
 2.405275e+01  7.213479e-03 
 2.405315e+01  7.217333e-03 
 2.405355e+01  7.219740e-03 
 2.405394e+01  7.220617e-03 
 2.405434e+01  7.220121e-03 
 2.405474e+01  7.218467e-03 
 2.405514e+01  7.215969e-03 
 2.405553e+01  7.212743e-03 
 2.405593e+01  7.209097e-03 
 2.405633e+01  7.205251e-03 
 2.405673e+01  7.201468e-03 
 2.405713e+01  7.197913e-03 
 2.405752e+01  7.194492e-03 
 2.405792e+01  7.191253e-03 
 2.405832e+01  7.188270e-03 
 2.405872e+01  7.185481e-03 
 2.405911e+01  7.182966e-03 
 2.405951e+01  7.180998e-03 
 2.405991e+01  7.179774e-03 
 2.406031e+01  7.179312e-03 
 2.406070e+01  7.180084e-03 
 2.406110e+01  7.182427e-03 
 2.406150e+01  7.186873e-03 
 2.406190e+01  7.193752e-03 
 2.406230e+01  7.203350e-03 
 2.406269e+01  7.216006e-03 
 2.406309e+01  7.231737e-03 
 2.406349e+01  7.250684e-03 
 2.406389e+01  7.272855e-03 
 2.406428e+01  7.298127e-03 
 2.406468e+01  7.326151e-03 
 2.406508e+01  7.356556e-03 
 2.406548e+01  7.389015e-03 
 2.406587e+01  7.422956e-03 
 2.406627e+01  7.457772e-03 
 2.406667e+01  7.492812e-03 
 2.406707e+01  7.527430e-03 
 2.406747e+01  7.561204e-03 
 2.406786e+01  7.593637e-03 
 2.406826e+01  7.624439e-03 
 2.406866e+01  7.653305e-03 
 2.406906e+01  7.679873e-03 
 2.406945e+01  7.703930e-03 
 2.406985e+01  7.725417e-03 
 2.407025e+01  7.744376e-03 
 2.407065e+01  7.760722e-03 
 2.407104e+01  7.774553e-03 
 2.407144e+01  7.785978e-03 
 2.407184e+01  7.795166e-03 
 2.407224e+01  7.802396e-03 
 2.407264e+01  7.808087e-03 
 2.407303e+01  7.812724e-03 
 2.407343e+01  7.816773e-03 
 2.407383e+01  7.820670e-03 
 2.407423e+01  7.824768e-03 
 2.407462e+01  7.829243e-03 
 2.407502e+01  7.834081e-03 
 2.407542e+01  7.839135e-03 
 2.407582e+01  7.844079e-03 
 2.407621e+01  7.848742e-03 
 2.407661e+01  7.852897e-03 
 2.407701e+01  7.856564e-03 
 2.407741e+01  7.859784e-03 
 2.407781e+01  7.862554e-03 
 2.407820e+01  7.865005e-03 
 2.407860e+01  7.867234e-03 
 2.407900e+01  7.869461e-03 
 2.407940e+01  7.871768e-03 
 2.407979e+01  7.874508e-03 
 2.408019e+01  7.877936e-03 
 2.408059e+01  7.882289e-03 
 2.408099e+01  7.887690e-03 
 2.408138e+01  7.894423e-03 
 2.408178e+01  7.902626e-03 
 2.408218e+01  7.912212e-03 
 2.408258e+01  7.923002e-03 
 2.408298e+01  7.934685e-03 
 2.408337e+01  7.946833e-03 
 2.408377e+01  7.958991e-03 
 2.408417e+01  7.970657e-03 
 2.408457e+01  7.981375e-03 
 2.408496e+01  7.990796e-03 
 2.408536e+01  7.998629e-03 
 2.408576e+01  8.004693e-03 
 2.408616e+01  8.008726e-03 
 2.408656e+01  8.010636e-03 
 2.408695e+01  8.010417e-03 
 2.408735e+01  8.008078e-03 
 2.408775e+01  8.003809e-03 
 2.408815e+01  7.997786e-03 
 2.408854e+01  7.990278e-03 
 2.408894e+01  7.981658e-03 
 2.408934e+01  7.972200e-03 
 2.408974e+01  7.962103e-03 
 2.409013e+01  7.951669e-03 
 2.409053e+01  7.940928e-03 
 2.409093e+01  7.929821e-03 
 2.409133e+01  7.918085e-03 
 2.409173e+01  7.905561e-03 
 2.409212e+01  7.891949e-03 
 2.409252e+01  7.876803e-03 
 2.409292e+01  7.859864e-03 
 2.409332e+01  7.840847e-03 
 2.409371e+01  7.819574e-03 
 2.409411e+01  7.795903e-03 
 2.409451e+01  7.770096e-03 
 2.409491e+01  7.742260e-03 
 2.409530e+01  7.712466e-03 
 2.409570e+01  7.681143e-03 
 2.409610e+01  7.648617e-03 
 2.409650e+01  7.615291e-03 
 2.409690e+01  7.581625e-03 
 2.409729e+01  7.547891e-03 
 2.409769e+01  7.514456e-03 
 2.409809e+01  7.481648e-03 
 2.409849e+01  7.449769e-03 
 2.409888e+01  7.419095e-03 
 2.409928e+01  7.389806e-03 
 2.409968e+01  7.361761e-03 
 2.410008e+01  7.334895e-03 
 2.410047e+01  7.309056e-03 
 2.410087e+01  7.284151e-03 
 2.410127e+01  7.260074e-03 
 2.410167e+01  7.236543e-03 
 2.410207e+01  7.213483e-03 
 2.410246e+01  7.190797e-03 
 2.410286e+01  7.168324e-03 
 2.410326e+01  7.145986e-03 
 2.410366e+01  7.123635e-03 
 2.410405e+01  7.101016e-03 
 2.410445e+01  7.077961e-03 
 2.410485e+01  7.054304e-03 
 2.410525e+01  7.029919e-03 
 2.410564e+01  7.004826e-03 
 2.410604e+01  6.978824e-03 
 2.410644e+01  6.951752e-03 
 2.410684e+01  6.923549e-03 
 2.410724e+01  6.893975e-03 
 2.410763e+01  6.863181e-03 
 2.410803e+01  6.830926e-03 
 2.410843e+01  6.797042e-03 
 2.410883e+01  6.761454e-03 
 2.410922e+01  6.723845e-03 
 2.410962e+01  6.684130e-03 
 2.411002e+01  6.642117e-03 
 2.411042e+01  6.597819e-03 
 2.411081e+01  6.551069e-03 
 2.411121e+01  6.501712e-03 
 2.411161e+01  6.449840e-03 
 2.411201e+01  6.395758e-03 
 2.411241e+01  6.339772e-03 
 2.411280e+01  6.282331e-03 
 2.411320e+01  6.224027e-03 
 2.411360e+01  6.165528e-03 
 2.411400e+01  6.107352e-03 
 2.411439e+01  6.049971e-03 
 2.411479e+01  5.994055e-03 
 2.411519e+01  5.939979e-03 
 2.411559e+01  5.888328e-03 
 2.411598e+01  5.839517e-03 
 2.411638e+01  5.793928e-03 
 2.411678e+01  5.751844e-03 
 2.411718e+01  5.713144e-03 
 2.411758e+01  5.677789e-03 
 2.411797e+01  5.645544e-03 
 2.411837e+01  5.616076e-03 
 2.411877e+01  5.588969e-03 
 2.411917e+01  5.563874e-03 
 2.411956e+01  5.540367e-03 
 2.411996e+01  5.517909e-03 
 2.412036e+01  5.496233e-03 
 2.412076e+01  5.474917e-03 
 2.412115e+01  5.453623e-03 
 2.412155e+01  5.432150e-03 
 2.412195e+01  5.410167e-03 
 2.412235e+01  5.387614e-03 
 2.412275e+01  5.364418e-03 
 2.412314e+01  5.340592e-03 
 2.412354e+01  5.316109e-03 
 2.412394e+01  5.290699e-03 
 2.412434e+01  5.264543e-03 
 2.412473e+01  5.237724e-03 
 2.412513e+01  5.210138e-03 
 2.412553e+01  5.181923e-03 
 2.412593e+01  5.152865e-03 
 2.412632e+01  5.122891e-03 
 2.412672e+01  5.091841e-03 
 2.412712e+01  5.059639e-03 
 2.412752e+01  5.026235e-03 
 2.412792e+01  4.991682e-03 
 2.412831e+01  4.956084e-03 
 2.412871e+01  4.919483e-03 
 2.412911e+01  4.882367e-03 
 2.412951e+01  4.845058e-03 
 2.412990e+01  4.807878e-03 
 2.413030e+01  4.771004e-03 
 2.413070e+01  4.734718e-03 
 2.413110e+01  4.699453e-03 
 2.413149e+01  4.665250e-03 
 2.413189e+01  4.632612e-03 
 2.413229e+01  4.601725e-03 
 2.413269e+01  4.572765e-03 
 2.413309e+01  4.545994e-03 
 2.413348e+01  4.521486e-03 
 2.413388e+01  4.499504e-03 
 2.413428e+01  4.480167e-03 
 2.413468e+01  4.463398e-03 
 2.413507e+01  4.449104e-03 
 2.413547e+01  4.437102e-03 
 2.413587e+01  4.427288e-03 
 2.413627e+01  4.419439e-03 
 2.413666e+01  4.413330e-03 
 2.413706e+01  4.408663e-03 
 2.413746e+01  4.404938e-03 
 2.413786e+01  4.401852e-03 
 2.413826e+01  4.399185e-03 
 2.413865e+01  4.396752e-03 
 2.413905e+01  4.394200e-03 
 2.413945e+01  4.391493e-03 
 2.413985e+01  4.388516e-03 
 2.414024e+01  4.385459e-03 
 2.414064e+01  4.382499e-03 
 2.414104e+01  4.379738e-03 
 2.414144e+01  4.377210e-03 
 2.414183e+01  4.375096e-03 
 2.414223e+01  4.373548e-03 
 2.414263e+01  4.372796e-03 
 2.414303e+01  4.372802e-03 
 2.414343e+01  4.373462e-03 
 2.414382e+01  4.374556e-03 
 2.414422e+01  4.375847e-03 
 2.414462e+01  4.377061e-03 
 2.414502e+01  4.377948e-03 
 2.414541e+01  4.378192e-03 
 2.414581e+01  4.377351e-03 
 2.414621e+01  4.375190e-03 
 2.414661e+01  4.371530e-03 
 2.414700e+01  4.366257e-03 
 2.414740e+01  4.359244e-03 
 2.414780e+01  4.350482e-03 
 2.414820e+01  4.340095e-03 
 2.414860e+01  4.328378e-03 
 2.414899e+01  4.315678e-03 
 2.414939e+01  4.302543e-03 
 2.414979e+01  4.289473e-03 
 2.415019e+01  4.276898e-03 
 2.415058e+01  4.265280e-03 
 2.415098e+01  4.254937e-03 
 2.415138e+01  4.246103e-03 
 2.415178e+01  4.238893e-03 
 2.415217e+01  4.233120e-03 
 2.415257e+01  4.228911e-03 
 2.415297e+01  4.226199e-03 
 2.415337e+01  4.224875e-03 
 2.415377e+01  4.224954e-03 
 2.415416e+01  4.226501e-03 
 2.415456e+01  4.229476e-03 
 2.415496e+01  4.233802e-03 
 2.415536e+01  4.239508e-03 
 2.415575e+01  4.246461e-03 
 2.415615e+01  4.254799e-03 
 2.415655e+01  4.264611e-03 
 2.415695e+01  4.276106e-03 
 2.415734e+01  4.289637e-03 
 2.415774e+01  4.305208e-03 
 2.415814e+01  4.323172e-03 
 2.415854e+01  4.343390e-03 
 2.415894e+01  4.365675e-03 
 2.415933e+01  4.389800e-03 
 2.415973e+01  4.415249e-03 
 2.416013e+01  4.441683e-03 
 2.416053e+01  4.468618e-03 
 2.416092e+01  4.495697e-03 
 2.416132e+01  4.522494e-03 
 2.416172e+01  4.548523e-03 
 2.416212e+01  4.573453e-03 
 2.416251e+01  4.596980e-03 
 2.416291e+01  4.618665e-03 
 2.416331e+01  4.638096e-03 
 2.416371e+01  4.654997e-03 
 2.416411e+01  4.669345e-03 
 2.416450e+01  4.681103e-03 
 2.416490e+01  4.690348e-03 
 2.416530e+01  4.697174e-03 
 2.416570e+01  4.701825e-03 
 2.416609e+01  4.704519e-03 
 2.416649e+01  4.705750e-03 
 2.416689e+01  4.706168e-03 
 2.416729e+01  4.706324e-03 
 2.416768e+01  4.706768e-03 
 2.416808e+01  4.708046e-03 
 2.416848e+01  4.710672e-03 
 2.416888e+01  4.715135e-03 
 2.416928e+01  4.721586e-03 
 2.416967e+01  4.730090e-03 
 2.417007e+01  4.740681e-03 
 2.417047e+01  4.753305e-03 
 2.417087e+01  4.767882e-03 
 2.417126e+01  4.784264e-03 
 2.417166e+01  4.802199e-03 
 2.417206e+01  4.821483e-03 
 2.417246e+01  4.841866e-03 
 2.417285e+01  4.863097e-03 
 2.417325e+01  4.885077e-03 
 2.417365e+01  4.907659e-03 
 2.417405e+01  4.930750e-03 
 2.417445e+01  4.954371e-03 
 2.417484e+01  4.978649e-03 
 2.417524e+01  5.003625e-03 
 2.417564e+01  5.029444e-03 
 2.417604e+01  5.056134e-03 
 2.417643e+01  5.083714e-03 
 2.417683e+01  5.112128e-03 
 2.417723e+01  5.141004e-03 
 2.417763e+01  5.169937e-03 
 2.417803e+01  5.198685e-03 
 2.417842e+01  5.226547e-03 
 2.417882e+01  5.253060e-03 
 2.417922e+01  5.277782e-03 
 2.417962e+01  5.300265e-03 
 2.418001e+01  5.320391e-03 
 2.418041e+01  5.338008e-03 
 2.418081e+01  5.352798e-03 
 2.418121e+01  5.364885e-03 
 2.418160e+01  5.374119e-03 
 2.418200e+01  5.380862e-03 
 2.418240e+01  5.385405e-03 
 2.418280e+01  5.387989e-03 
 2.418320e+01  5.388831e-03 
 2.418359e+01  5.388301e-03 
 2.418399e+01  5.386669e-03 
 2.418439e+01  5.384488e-03 
 2.418479e+01  5.381947e-03 
 2.418518e+01  5.379329e-03 
 2.418558e+01  5.377003e-03 
 2.418598e+01  5.375403e-03 
 2.418638e+01  5.374702e-03 
 2.418677e+01  5.374809e-03 
 2.418717e+01  5.375404e-03 
 2.418757e+01  5.376189e-03 
 2.418797e+01  5.376751e-03 
 2.418837e+01  5.376840e-03 
 2.418876e+01  5.376345e-03 
 2.418916e+01  5.375195e-03 
 2.418956e+01  5.373238e-03 
 2.418996e+01  5.370674e-03 
 2.419035e+01  5.367526e-03 
 2.419075e+01  5.363928e-03 
 2.419115e+01  5.359715e-03 
 2.419155e+01  5.354716e-03 
 2.419194e+01  5.349064e-03 
 2.419234e+01  5.342840e-03 
 2.419274e+01  5.336152e-03 
 2.419314e+01  5.329076e-03 
 2.419354e+01  5.321532e-03 
 2.419393e+01  5.313503e-03 
 2.419433e+01  5.304855e-03 
 2.419473e+01  5.295298e-03 
 2.419513e+01  5.284685e-03 
 2.419552e+01  5.272800e-03 
 2.419592e+01  5.259450e-03 
 2.419632e+01  5.244573e-03 
 2.419672e+01  5.228211e-03 
 2.419711e+01  5.210315e-03 
 2.419751e+01  5.190913e-03 
 2.419791e+01  5.169951e-03 
 2.419831e+01  5.147440e-03 
 2.419871e+01  5.123312e-03 
 2.419910e+01  5.097291e-03 
 2.419950e+01  5.069283e-03 
 2.419990e+01  5.039160e-03 
 2.420030e+01  5.006919e-03 
 2.420069e+01  4.972614e-03 
 2.420109e+01  4.936291e-03 
 2.420149e+01  4.898106e-03 
 2.420189e+01  4.858318e-03 
 2.420228e+01  4.817082e-03 
 2.420268e+01  4.774497e-03 
 2.420308e+01  4.730886e-03 
 2.420348e+01  4.686385e-03 
 2.420388e+01  4.641144e-03 
 2.420427e+01  4.595387e-03 
 2.420467e+01  4.549085e-03 
 2.420507e+01  4.502139e-03 
 2.420547e+01  4.454442e-03 
 2.420586e+01  4.406010e-03 
 2.420626e+01  4.356933e-03 
 2.420666e+01  4.307219e-03 
 2.420706e+01  4.256782e-03 
 2.420745e+01  4.205720e-03 
 2.420785e+01  4.154259e-03 
 2.420825e+01  4.102736e-03 
 2.420865e+01  4.051558e-03 
 2.420905e+01  4.001028e-03 
 2.420944e+01  3.951517e-03 
 2.420984e+01  3.903527e-03 
 2.421024e+01  3.857530e-03 
 2.421064e+01  3.813879e-03 
 2.421103e+01  3.772768e-03 
 2.421143e+01  3.734232e-03 
 2.421183e+01  3.698288e-03 
 2.421223e+01  3.664792e-03 
 2.421262e+01  3.633780e-03 
 2.421302e+01  3.604836e-03 
 2.421342e+01  3.577932e-03 
 2.421382e+01  3.552516e-03 
 2.421422e+01  3.528369e-03 
 2.421461e+01  3.504963e-03 
 2.421501e+01  3.481597e-03 
 2.421541e+01  3.457855e-03 
 2.421581e+01  3.433180e-03 
 2.421620e+01  3.407091e-03 
 2.421660e+01  3.379210e-03 
 2.421700e+01  3.349358e-03 
 2.421740e+01  3.317492e-03 
 2.421779e+01  3.283569e-03 
 2.421819e+01  3.247732e-03 
 2.421859e+01  3.210178e-03 
 2.421899e+01  3.171068e-03 
 2.421939e+01  3.130685e-03 
 2.421978e+01  3.089308e-03 
 2.422018e+01  3.047138e-03 
 2.422058e+01  3.004471e-03 
 2.422098e+01  2.961392e-03 
 2.422137e+01  2.918041e-03 
 2.422177e+01  2.874578e-03 
 2.422217e+01  2.831174e-03 
 2.422257e+01  2.787758e-03 
 2.422296e+01  2.744541e-03 
 2.422336e+01  2.701654e-03 
 2.422376e+01  2.659253e-03 
 2.422416e+01  2.617383e-03 
 2.422456e+01  2.576162e-03 
 2.422495e+01  2.535785e-03 
 2.422535e+01  2.496483e-03 
 2.422575e+01  2.458526e-03 
 2.422615e+01  2.422295e-03 
 2.422654e+01  2.387977e-03 
 2.422694e+01  2.355783e-03 
 2.422734e+01  2.325900e-03 
 2.422774e+01  2.298457e-03 
 2.422813e+01  2.273500e-03 
 2.422853e+01  2.250979e-03 
 2.422893e+01  2.230600e-03 
 2.422933e+01  2.212385e-03 
 2.422973e+01  2.196327e-03 
 2.423012e+01  2.182320e-03 
 2.423052e+01  2.170124e-03 
 2.423092e+01  2.159494e-03 
 2.423132e+01  2.150101e-03 
 2.423171e+01  2.141643e-03 
 2.423211e+01  2.133778e-03 
 2.423251e+01  2.125991e-03 
 2.423291e+01  2.117692e-03 
 2.423330e+01  2.108372e-03 
 2.423370e+01  2.097722e-03 
 2.423410e+01  2.085376e-03 
 2.423450e+01  2.071276e-03 
 2.423490e+01  2.055349e-03 
 2.423529e+01  2.037592e-03 
 2.423569e+01  2.018377e-03 
 2.423609e+01  1.998127e-03 
 2.423649e+01  1.977374e-03 
 2.423688e+01  1.956579e-03 
 2.423728e+01  1.936170e-03 
 2.423768e+01  1.916687e-03 
 2.423808e+01  1.898338e-03 
 2.423847e+01  1.881213e-03 
 2.423887e+01  1.865316e-03 
 2.423927e+01  1.850629e-03 
 2.423967e+01  1.837097e-03 
 2.424007e+01  1.824473e-03 
 2.424046e+01  1.812714e-03 
 2.424086e+01  1.801439e-03 
 2.424126e+01  1.790517e-03 
 2.424166e+01  1.779860e-03 
 2.424205e+01  1.769304e-03 
 2.424245e+01  1.758884e-03 
 2.424285e+01  1.748425e-03 
 2.424325e+01  1.738097e-03 
 2.424364e+01  1.728060e-03 
 2.424404e+01  1.718589e-03 
 2.424444e+01  1.710110e-03 
 2.424484e+01  1.702740e-03 
 2.424524e+01  1.696805e-03 
 2.424563e+01  1.692462e-03 
 2.424603e+01  1.689650e-03 
 2.424643e+01  1.688194e-03 
 2.424683e+01  1.687867e-03 
 2.424722e+01  1.688449e-03 
 2.424762e+01  1.689702e-03 
 2.424802e+01  1.691552e-03 
 2.424842e+01  1.693792e-03 
 2.424881e+01  1.696221e-03 
 2.424921e+01  1.698700e-03 
 2.424961e+01  1.700934e-03 
 2.425001e+01  1.702641e-03 
 2.425041e+01  1.703451e-03 
 2.425080e+01  1.703214e-03 
 2.425120e+01  1.701914e-03 
 2.425160e+01  1.699639e-03 
 2.425200e+01  1.696798e-03 
 2.425239e+01  1.693691e-03 
 2.425279e+01  1.690477e-03 
 2.425319e+01  1.687483e-03 
 2.425359e+01  1.684895e-03 
 2.425398e+01  1.683065e-03 
 2.425438e+01  1.682305e-03 
 2.425478e+01  1.682730e-03 
 2.425518e+01  1.684478e-03 
 2.425558e+01  1.687405e-03 
 2.425597e+01  1.691285e-03 
 2.425637e+01  1.695759e-03 
 2.425677e+01  1.700423e-03 
 2.425717e+01  1.705047e-03 
 2.425756e+01  1.709449e-03 
 2.425796e+01  1.713739e-03 
 2.425836e+01  1.717840e-03 
 2.425876e+01  1.721602e-03 
 2.425915e+01  1.724954e-03 
 2.425955e+01  1.727812e-03 
 2.425995e+01  1.730221e-03 
 2.426035e+01  1.732297e-03 
 2.426075e+01  1.734072e-03 
 2.426114e+01  1.736023e-03 
 2.426154e+01  1.738556e-03 
 2.426194e+01  1.742007e-03 
 2.426234e+01  1.746684e-03 
 2.426273e+01  1.752927e-03 
 2.426313e+01  1.760988e-03 
 2.426353e+01  1.771103e-03 
 2.426393e+01  1.783442e-03 
 2.426432e+01  1.798151e-03 
 2.426472e+01  1.815302e-03 
 2.426512e+01  1.834757e-03 
 2.426552e+01  1.856421e-03 
 2.426592e+01  1.880086e-03 
 2.426631e+01  1.905447e-03 
 2.426671e+01  1.932244e-03 
 2.426711e+01  1.960010e-03 
 2.426751e+01  1.988483e-03 
 2.426790e+01  2.017182e-03 
 2.426830e+01  2.045662e-03 
 2.426870e+01  2.073496e-03 
 2.426910e+01  2.100490e-03 
 2.426949e+01  2.126834e-03 
 2.426989e+01  2.152582e-03 
 2.427029e+01  2.177935e-03 
 2.427069e+01  2.202831e-03 
 2.427109e+01  2.227499e-03 
 2.427148e+01  2.251901e-03 
 2.427188e+01  2.276043e-03 
 2.427228e+01  2.299965e-03 
 2.427268e+01  2.323516e-03 
 2.427307e+01  2.346745e-03 
 2.427347e+01  2.369829e-03 
 2.427387e+01  2.392768e-03 
 2.427427e+01  2.415360e-03 
 2.427467e+01  2.437217e-03 
 2.427506e+01  2.458124e-03 
 2.427546e+01  2.477874e-03 
 2.427586e+01  2.496440e-03 
 2.427626e+01  2.513943e-03 
 2.427665e+01  2.530458e-03 
 2.427705e+01  2.546021e-03 
 2.427745e+01  2.560986e-03 
 2.427785e+01  2.575607e-03 
 2.427824e+01  2.590164e-03 
 2.427864e+01  2.604915e-03 
 2.427904e+01  2.620291e-03 
 2.427944e+01  2.636591e-03 
 2.427984e+01  2.654326e-03 
 2.428023e+01  2.673501e-03 
 2.428063e+01  2.694332e-03 
 2.428103e+01  2.716720e-03 
 2.428143e+01  2.740529e-03 
 2.428182e+01  2.765524e-03 
 2.428222e+01  2.791259e-03 
 2.428262e+01  2.817518e-03 
 2.428302e+01  2.844109e-03 
 2.428341e+01  2.870682e-03 
 2.428381e+01  2.896824e-03 
 2.428421e+01  2.922054e-03 
 2.428461e+01  2.946066e-03 
 2.428501e+01  2.968512e-03 
 2.428540e+01  2.989090e-03 
 2.428580e+01  3.007768e-03 
 2.428620e+01  3.024484e-03 
 2.428660e+01  3.039111e-03 
 2.428699e+01  3.051714e-03 
 2.428739e+01  3.062360e-03 
 2.428779e+01  3.071050e-03 
 2.428819e+01  3.077760e-03 
 2.428858e+01  3.082456e-03 
 2.428898e+01  3.085100e-03 
 2.428938e+01  3.085717e-03 
 2.428978e+01  3.084504e-03 
 2.429018e+01  3.081654e-03 
 2.429057e+01  3.077028e-03 
 2.429097e+01  3.070706e-03 
 2.429137e+01  3.062744e-03 
 2.429177e+01  3.053205e-03 
 2.429216e+01  3.042094e-03 
 2.429256e+01  3.029573e-03 
 2.429296e+01  3.015640e-03 
 2.429336e+01  3.000415e-03 
 2.429375e+01  2.983968e-03 
 2.429415e+01  2.966362e-03 
 2.429455e+01  2.947813e-03 
 2.429495e+01  2.927914e-03 
 2.429535e+01  2.906678e-03 
 2.429574e+01  2.884284e-03 
 2.429614e+01  2.860856e-03 
 2.429654e+01  2.836642e-03 
 2.429694e+01  2.811913e-03 
 2.429733e+01  2.786881e-03 
 2.429773e+01  2.761743e-03 
 2.429813e+01  2.736683e-03 
 2.429853e+01  2.711889e-03 
 2.429892e+01  2.687345e-03 
 2.429932e+01  2.663025e-03 
 2.429972e+01  2.638931e-03 
 2.430012e+01  2.614831e-03 
 2.430052e+01  2.590466e-03 
 2.430091e+01  2.565375e-03 
 2.430131e+01  2.539120e-03 
 2.430171e+01  2.511436e-03 
 2.430211e+01  2.481967e-03 
 2.430250e+01  2.450568e-03 
 2.430290e+01  2.417115e-03 
 2.430330e+01  2.381627e-03 
 2.430370e+01  2.344036e-03 
 2.430409e+01  2.304393e-03 
 2.430449e+01  2.263049e-03 
 2.430489e+01  2.220212e-03 
 2.430529e+01  2.176242e-03 
 2.430569e+01  2.131655e-03 
 2.430608e+01  2.086841e-03 
 2.430648e+01  2.042226e-03 
 2.430688e+01  1.998154e-03 
 2.430728e+01  1.954877e-03 
 2.430767e+01  1.912353e-03 
 2.430807e+01  1.870697e-03 
 2.430847e+01  1.829768e-03 
 2.430887e+01  1.789591e-03 
 2.430926e+01  1.750131e-03 
 2.430966e+01  1.711083e-03 
 2.431006e+01  1.672177e-03 
 2.431046e+01  1.633054e-03 
 2.431086e+01  1.593388e-03 
 2.431125e+01  1.553053e-03 
 2.431165e+01  1.512058e-03 
 2.431205e+01  1.470585e-03 
 2.431245e+01  1.428669e-03 
 2.431284e+01  1.386370e-03 
 2.431324e+01  1.343996e-03 
 2.431364e+01  1.301797e-03 
 2.431404e+01  1.260044e-03 
 2.431443e+01  1.219021e-03 
 2.431483e+01  1.179023e-03 
 2.431523e+01  1.140427e-03 
 2.431563e+01  1.103507e-03 
 2.431603e+01  1.068458e-03 
 2.431642e+01  1.035150e-03 
 2.431682e+01  1.003584e-03 
 2.431722e+01  9.735828e-04 
 2.431762e+01  9.451590e-04 
 2.431801e+01  9.183248e-04 
 2.431841e+01  8.929029e-04 
 2.431881e+01  8.688146e-04 
 2.431921e+01  8.457534e-04 
 2.431960e+01  8.234215e-04 
 2.432000e+01  8.015150e-04 
 2.432040e+01  7.798831e-04 
 2.432080e+01  7.584038e-04 
 2.432120e+01  7.370041e-04 
 2.432159e+01  7.157663e-04 
 2.432199e+01  6.946409e-04 
 2.432239e+01  6.735415e-04 
 2.432279e+01  6.522994e-04 
 2.432318e+01  6.306852e-04 
 2.432358e+01  6.087226e-04 
 2.432398e+01  5.864837e-04 
 2.432438e+01  5.641867e-04 
 2.432477e+01  5.420426e-04 
 2.432517e+01  5.202631e-04 
 2.432557e+01  4.988366e-04 
 2.432597e+01  4.774452e-04 
 2.432637e+01  4.559016e-04 
 2.432676e+01  4.339894e-04 
 2.432716e+01  4.113388e-04 
 2.432756e+01  3.876178e-04 
 2.432796e+01  3.625268e-04 
 2.432835e+01  3.356655e-04 
 2.432875e+01  3.068896e-04 
 2.432915e+01  2.760672e-04 
 2.432955e+01  2.433529e-04 
 2.432994e+01  2.090523e-04 
 2.433034e+01  1.735209e-04 
 2.433074e+01  1.375366e-04 
 2.433114e+01  1.018281e-04 
 2.433154e+01  6.704187e-05 
 2.433193e+01  3.379146e-05 
 2.433233e+01  2.602632e-06 
 2.433273e+01 -2.633059e-05 
 2.433313e+01 -5.277640e-05 
 2.433352e+01 -7.639923e-05 
 2.433392e+01 -9.690352e-05 
 2.433432e+01 -1.143783e-04 
 2.433472e+01 -1.290487e-04 
 2.433511e+01 -1.410767e-04 
 2.433551e+01 -1.507759e-04 
 2.433591e+01 -1.587630e-04 
 2.433631e+01 -1.655174e-04 
 2.433671e+01 -1.715860e-04 
 2.433710e+01 -1.772041e-04 
 2.433750e+01 -1.825654e-04 
 2.433790e+01 -1.876197e-04 
 2.433830e+01 -1.924396e-04 
 2.433869e+01 -1.970806e-04 
 2.433909e+01 -2.015038e-04 
 2.433949e+01 -2.056797e-04 
 2.433989e+01 -2.096946e-04 
 2.434028e+01 -2.137475e-04 
 2.434068e+01 -2.178324e-04 
 2.434108e+01 -2.219791e-04 
 2.434148e+01 -2.261473e-04 
 2.434188e+01 -2.303000e-04 
 2.434227e+01 -2.344924e-04 
 2.434267e+01 -2.389170e-04 
 2.434307e+01 -2.438689e-04 
 2.434347e+01 -2.495808e-04 
 2.434386e+01 -2.562863e-04 
 2.434426e+01 -2.642722e-04 
 2.434466e+01 -2.736277e-04 
 2.434506e+01 -2.845005e-04 
 2.434545e+01 -2.969196e-04 
 2.434585e+01 -3.107275e-04 
 2.434625e+01 -3.258033e-04 
 2.434665e+01 -3.419477e-04 
 2.434705e+01 -3.586215e-04 
 2.434744e+01 -3.754327e-04 
 2.434784e+01 -3.917813e-04 
 2.434824e+01 -4.070706e-04 
 2.434864e+01 -4.206132e-04 
 2.434903e+01 -4.320506e-04 
 2.434943e+01 -4.410132e-04 
 2.434983e+01 -4.472502e-04 
 2.435023e+01 -4.506305e-04 
 2.435062e+01 -4.510354e-04 
 2.435102e+01 -4.485008e-04 
 2.435142e+01 -4.431079e-04 
 2.435182e+01 -4.352213e-04 
 2.435222e+01 -4.252064e-04 
 2.435261e+01 -4.132975e-04 
 2.435301e+01 -3.997741e-04 
 2.435341e+01 -3.848787e-04 
 2.435381e+01 -3.690116e-04 
 2.435420e+01 -3.525189e-04 
 2.435460e+01 -3.356746e-04 
 2.435500e+01 -3.186635e-04 
 2.435540e+01 -3.017082e-04 
 2.435579e+01 -2.849010e-04 
 2.435619e+01 -2.684258e-04 
 2.435659e+01 -2.523457e-04 
 2.435699e+01 -2.365630e-04 
 2.435739e+01 -2.209050e-04 
 2.435778e+01 -2.053333e-04 
 2.435818e+01 -1.897445e-04 
 2.435858e+01 -1.741024e-04 
 2.435898e+01 -1.582626e-04 
 2.435937e+01 -1.418211e-04 
 2.435977e+01 -1.246775e-04 
 2.436017e+01 -1.066919e-04 
 2.436057e+01 -8.782582e-05 
 2.436096e+01 -6.830240e-05 
 2.436136e+01 -4.817435e-05 
 2.436176e+01 -2.774794e-05 
 2.436216e+01 -7.329487e-06 
 2.436256e+01  1.276637e-05 
 2.436295e+01  3.234543e-05 
 2.436335e+01  5.137212e-05 
 2.436375e+01  6.973207e-05 
 2.436415e+01  8.726614e-05 
 2.436454e+01  1.041541e-04 
 2.436494e+01  1.205434e-04 
 2.436534e+01  1.367487e-04 
 2.436574e+01  1.532621e-04 
 2.436614e+01  1.706128e-04 
 2.436653e+01  1.891070e-04 
 2.436693e+01  2.093757e-04 
 2.436733e+01  2.315515e-04 
 2.436773e+01  2.557835e-04 
 2.436812e+01  2.820427e-04 
 2.436852e+01  3.101541e-04 
 2.436892e+01  3.400957e-04 
 2.436932e+01  3.716721e-04 
 2.436971e+01  4.047680e-04 
 2.437011e+01  4.392950e-04 
 2.437051e+01  4.751695e-04 
 2.437091e+01  5.120931e-04 
 2.437131e+01  5.497922e-04 
 2.437170e+01  5.879209e-04 
 2.437210e+01  6.262763e-04 
 2.437250e+01  6.646711e-04 
 2.437290e+01  7.031788e-04 
 2.437329e+01  7.418316e-04 
 2.437369e+01  7.805664e-04 
 2.437409e+01  8.193369e-04 
 2.437449e+01  8.581560e-04 
 2.437488e+01  8.969947e-04 
 2.437528e+01  9.359007e-04 
 2.437568e+01  9.750059e-04 
 2.437608e+01  1.014214e-03 
 2.437648e+01  1.053542e-03 
 2.437687e+01  1.092797e-03 
 2.437727e+01  1.131915e-03 
 2.437767e+01  1.170431e-03 
 2.437807e+01  1.207975e-03 
 2.437846e+01  1.244117e-03 
 2.437886e+01  1.278506e-03 
 2.437926e+01  1.310829e-03 
 2.437966e+01  1.340584e-03 
 2.438005e+01  1.367564e-03 
 2.438045e+01  1.391418e-03 
 2.438085e+01  1.411877e-03 
 2.438125e+01  1.429072e-03 
 2.438165e+01  1.442971e-03 
 2.438204e+01  1.453709e-03 
 2.438244e+01  1.461476e-03 
 2.438284e+01  1.466564e-03 
 2.438324e+01  1.469260e-03 
 2.438363e+01  1.469890e-03 
 2.438403e+01  1.468633e-03 
 2.438443e+01  1.465780e-03 
 2.438483e+01  1.461627e-03 
 2.438522e+01  1.456514e-03 
 2.438562e+01  1.450861e-03 
 2.438602e+01  1.444961e-03 
 2.438642e+01  1.439005e-03 
 2.438682e+01  1.433334e-03 
 2.438721e+01  1.428175e-03 
 2.438761e+01  1.423659e-03 
 2.438801e+01  1.420012e-03 
 2.438841e+01  1.417159e-03 
 2.438880e+01  1.415143e-03 
 2.438920e+01  1.413963e-03 
 2.438960e+01  1.413426e-03 
 2.439000e+01  1.413469e-03 
 2.439039e+01  1.414032e-03 
 2.439079e+01  1.415070e-03 
 2.439119e+01  1.416545e-03 
 2.439159e+01  1.418534e-03 
 2.439199e+01  1.420990e-03 
 2.439238e+01  1.424167e-03 
 2.439278e+01  1.428266e-03 
 2.439318e+01  1.433384e-03 
 2.439358e+01  1.439644e-03 
 2.439397e+01  1.447104e-03 
 2.439437e+01  1.455624e-03 
 2.439477e+01  1.464871e-03 
 2.439517e+01  1.474189e-03 
 2.439556e+01  1.483033e-03 
 2.439596e+01  1.490832e-03 
 2.439636e+01  1.496953e-03 
 2.439676e+01  1.500849e-03 
 2.439716e+01  1.502023e-03 
 2.439755e+01  1.499876e-03 
 2.439795e+01  1.494166e-03 
 2.439835e+01  1.484717e-03 
 2.439875e+01  1.471573e-03 
 2.439914e+01  1.454858e-03 
 2.439954e+01  1.434639e-03 
 2.439994e+01  1.411296e-03 
 2.440034e+01  1.385383e-03 
 2.440073e+01  1.357398e-03 
 2.440113e+01  1.328015e-03 
 2.440153e+01  1.297580e-03 
 2.440193e+01  1.266651e-03 
 2.440233e+01  1.235591e-03 
 2.440272e+01  1.204731e-03 
 2.440312e+01  1.174226e-03 
 2.440352e+01  1.144288e-03 
 2.440392e+01  1.114751e-03 
 2.440431e+01  1.085722e-03 
 2.440471e+01  1.057149e-03 
 2.440511e+01  1.028982e-03 
 2.440551e+01  1.001167e-03 
 2.440590e+01  9.734318e-04 
 2.440630e+01  9.455109e-04 
 2.440670e+01  9.174261e-04 
 2.440710e+01  8.889222e-04 
 2.440750e+01  8.599702e-04 
 2.440789e+01  8.304971e-04 
 2.440829e+01  8.006261e-04 
 2.440869e+01  7.704973e-04 
 2.440909e+01  7.404064e-04 
 2.440948e+01  7.104800e-04 
 2.440988e+01  6.809068e-04 
 2.441028e+01  6.518092e-04 
 2.441068e+01  6.232548e-04 
 2.441107e+01  5.954473e-04 
 2.441147e+01  5.683963e-04 
 2.441187e+01  5.418795e-04 
 2.441227e+01  5.156600e-04 
 2.441267e+01  4.894075e-04 
 2.441306e+01  4.626593e-04 
 2.441346e+01  4.350287e-04 
 2.441386e+01  4.062553e-04 
 2.441426e+01  3.760691e-04 
 2.441465e+01  3.444151e-04 
 2.441505e+01  3.112196e-04 
 2.441545e+01  2.762994e-04 
 2.441585e+01  2.395758e-04 
 2.441624e+01  2.012395e-04 
 2.441664e+01  1.613324e-04 
 2.441704e+01  1.199826e-04 
 2.441744e+01  7.762448e-05 
 2.441784e+01  3.463293e-05 
 2.441823e+01 -8.511455e-06 
 2.441863e+01 -5.135533e-05 
 2.441903e+01 -9.364325e-05 
 2.441943e+01 -1.350584e-04 
 2.441982e+01 -1.755131e-04 
 2.442022e+01 -2.148523e-04 
 2.442062e+01 -2.528942e-04 
 2.442102e+01 -2.896086e-04 
 2.442141e+01 -3.250884e-04 
 2.442181e+01 -3.593563e-04 
 2.442221e+01 -3.924993e-04 
 2.442261e+01 -4.246532e-04 
 2.442301e+01 -4.559272e-04 
 2.442340e+01 -4.866556e-04 
 2.442380e+01 -5.170390e-04 
 2.442420e+01 -5.473162e-04 
 2.442460e+01 -5.775808e-04 
 2.442499e+01 -6.078029e-04 
 2.442539e+01 -6.378489e-04 
 2.442579e+01 -6.673593e-04 
 2.442619e+01 -6.961276e-04 
 2.442658e+01 -7.238377e-04 
 2.442698e+01 -7.500799e-04 
 2.442738e+01 -7.747512e-04 
 2.442778e+01 -7.975672e-04 
 2.442818e+01 -8.184397e-04 
 2.442857e+01 -8.372964e-04 
 2.442897e+01 -8.541560e-04 
 2.442937e+01 -8.690428e-04 
 2.442977e+01 -8.822806e-04 
 2.443016e+01 -8.943899e-04 
 2.443056e+01 -9.058801e-04 
 2.443096e+01 -9.172854e-04 
 2.443136e+01 -9.291981e-04 
 2.443175e+01 -9.421244e-04 
 2.443215e+01 -9.563679e-04 
 2.443255e+01 -9.721363e-04 
 2.443295e+01 -9.896461e-04 
 2.443335e+01 -1.009077e-03 
 2.443374e+01 -1.030335e-03 
 2.443414e+01 -1.053421e-03 
 2.443454e+01 -1.078150e-03 
 2.443494e+01 -1.104318e-03 
 2.443533e+01 -1.131751e-03 
 2.443573e+01 -1.160186e-03 
 2.443613e+01 -1.189268e-03 
 2.443653e+01 -1.218682e-03 
 2.443692e+01 -1.248219e-03 
 2.443732e+01 -1.277801e-03 
 2.443772e+01 -1.307328e-03 
 2.443812e+01 -1.336549e-03 
 2.443852e+01 -1.365526e-03 
 2.443891e+01 -1.394184e-03 
 2.443931e+01 -1.422448e-03 
 2.443971e+01 -1.450392e-03 
 2.444011e+01 -1.477982e-03 
 2.444050e+01 -1.505161e-03 
 2.444090e+01 -1.531793e-03 
 2.444130e+01 -1.557801e-03 
 2.444170e+01 -1.582718e-03 
 2.444209e+01 -1.606181e-03 
 2.444249e+01 -1.627754e-03 
 2.444289e+01 -1.646997e-03 
 2.444329e+01 -1.663745e-03 
 2.444369e+01 -1.677691e-03 
 2.444408e+01 -1.688504e-03 
 2.444448e+01 -1.696002e-03 
 2.444488e+01 -1.700169e-03 
 2.444528e+01 -1.701065e-03 
 2.444567e+01 -1.698897e-03 
 2.444607e+01 -1.693998e-03 
 2.444647e+01 -1.686627e-03 
 2.444687e+01 -1.677160e-03 
 2.444726e+01 -1.665931e-03 
 2.444766e+01 -1.653334e-03 
 2.444806e+01 -1.639831e-03 
 2.444846e+01 -1.625780e-03 
 2.444886e+01 -1.611663e-03 
 2.444925e+01 -1.597993e-03 
 2.444965e+01 -1.585315e-03 
 2.445005e+01 -1.573982e-03 
 2.445045e+01 -1.564206e-03 
 2.445084e+01 -1.556227e-03 
 2.445124e+01 -1.550077e-03 
 2.445164e+01 -1.545881e-03 
 2.445204e+01 -1.543562e-03 
 2.445243e+01 -1.543010e-03 
 2.445283e+01 -1.544027e-03 
 2.445323e+01 -1.546281e-03 
 2.445363e+01 -1.549467e-03 
 2.445403e+01 -1.553217e-03 
 2.445442e+01 -1.557132e-03 
 2.445482e+01 -1.560909e-03 
 2.445522e+01 -1.564414e-03 
 2.445562e+01 -1.567418e-03 
 2.445601e+01 -1.569801e-03 
 2.445641e+01 -1.571566e-03 
 2.445681e+01 -1.572667e-03 
 2.445721e+01 -1.573267e-03 
 2.445761e+01 -1.573414e-03 
 2.445800e+01 -1.573238e-03 
 2.445840e+01 -1.572923e-03 
 2.445880e+01 -1.572617e-03 
 2.445920e+01 -1.572367e-03 
 2.445959e+01 -1.571897e-03 
 2.445999e+01 -1.571069e-03 
 2.446039e+01 -1.569504e-03 
 2.446079e+01 -1.566894e-03 
 2.446118e+01 -1.562989e-03 
 2.446158e+01 -1.557481e-03 
 2.446198e+01 -1.550166e-03 
 2.446238e+01 -1.540918e-03 
 2.446278e+01 -1.529639e-03 
 2.446317e+01 -1.516487e-03 
 2.446357e+01 -1.501613e-03 
 2.446397e+01 -1.485070e-03 
 2.446437e+01 -1.467051e-03 
 2.446476e+01 -1.448002e-03 
 2.446516e+01 -1.428278e-03 
 2.446556e+01 -1.408260e-03 
 2.446596e+01 -1.388293e-03 
 2.446635e+01 -1.368676e-03 
 2.446675e+01 -1.349778e-03 
 2.446715e+01 -1.331945e-03 
 2.446755e+01 -1.315348e-03 
 2.446795e+01 -1.300317e-03 
 2.446834e+01 -1.286904e-03 
 2.446874e+01 -1.274998e-03 
 2.446914e+01 -1.264641e-03 
 2.446954e+01 -1.255593e-03 
 2.446993e+01 -1.247577e-03 
 2.447033e+01 -1.240404e-03 
 2.447073e+01 -1.233820e-03 
 2.447113e+01 -1.227552e-03 
 2.447152e+01 -1.221379e-03 
 2.447192e+01 -1.215245e-03 
 2.447232e+01 -1.208973e-03 
 2.447272e+01 -1.202454e-03 
 2.447312e+01 -1.195461e-03 
 2.447351e+01 -1.187987e-03 
 2.447391e+01 -1.179956e-03 
 2.447431e+01 -1.171499e-03 
 2.447471e+01 -1.162794e-03 
 2.447510e+01 -1.154149e-03 
 2.447550e+01 -1.145584e-03 
 2.447590e+01 -1.137364e-03 
 2.447630e+01 -1.129629e-03 
 2.447669e+01 -1.122327e-03 
 2.447709e+01 -1.115389e-03 
 2.447749e+01 -1.108614e-03 
 2.447789e+01 -1.101831e-03 
 2.447829e+01 -1.094696e-03 
 2.447868e+01 -1.087140e-03 
 2.447908e+01 -1.078899e-03 
 2.447948e+01 -1.069723e-03 
 2.447988e+01 -1.059381e-03 
 2.448027e+01 -1.047626e-03 
 2.448067e+01 -1.034419e-03 
 2.448107e+01 -1.019780e-03 
 2.448147e+01 -1.003772e-03 
 2.448186e+01 -9.865784e-04 
 2.448226e+01 -9.685428e-04 
 2.448266e+01 -9.498783e-04 
 2.448306e+01 -9.312049e-04 
 2.448346e+01 -9.129487e-04 
 2.448385e+01 -8.954365e-04 
 2.448425e+01 -8.791784e-04 
 2.448465e+01 -8.645481e-04 
 2.448505e+01 -8.519352e-04 
 2.448544e+01 -8.416717e-04 
 2.448584e+01 -8.339094e-04 
 2.448624e+01 -8.287507e-04 
 2.448664e+01 -8.261720e-04 
 2.448703e+01 -8.260987e-04 
 2.448743e+01 -8.283306e-04 
 2.448783e+01 -8.326408e-04 
 2.448823e+01 -8.385870e-04 
 2.448863e+01 -8.459466e-04 
 2.448902e+01 -8.544646e-04 
 2.448942e+01 -8.638376e-04 
 2.448982e+01 -8.741707e-04 
 2.449022e+01 -8.855689e-04 
 2.449061e+01 -8.980130e-04 
 2.449101e+01 -9.117260e-04 
 2.449141e+01 -9.269626e-04 
 2.449181e+01 -9.438827e-04 
 2.449220e+01 -9.625596e-04 
 2.449260e+01 -9.831463e-04 
 2.449300e+01 -1.005559e-03 
 2.449340e+01 -1.029667e-03 
 2.449380e+01 -1.055266e-03 
 2.449419e+01 -1.082129e-03 
 2.449459e+01 -1.109745e-03 
 2.449499e+01 -1.137742e-03 
 2.449539e+01 -1.165547e-03 
 2.449578e+01 -1.192559e-03 
 2.449618e+01 -1.218243e-03 
 2.449658e+01 -1.242242e-03 
 2.449698e+01 -1.264157e-03 
 2.449737e+01 -1.283647e-03 
 2.449777e+01 -1.300588e-03 
 2.449817e+01 -1.314912e-03 
 2.449857e+01 -1.326871e-03 
 2.449897e+01 -1.336570e-03 
 2.449936e+01 -1.344454e-03 
 2.449976e+01 -1.350992e-03 
 2.450016e+01 -1.356836e-03 
 2.450056e+01 -1.362657e-03 
 2.450095e+01 -1.369027e-03 
 2.450135e+01 -1.376512e-03 
 2.450175e+01 -1.385337e-03 
 2.450215e+01 -1.395921e-03 
 2.450254e+01 -1.408583e-03 
 2.450294e+01 -1.423485e-03 
 2.450334e+01 -1.440692e-03 
 2.450374e+01 -1.460345e-03 
 2.450414e+01 -1.482485e-03 
 2.450453e+01 -1.506922e-03 
 2.450493e+01 -1.533489e-03 
 2.450533e+01 -1.561946e-03 
 2.450573e+01 -1.592029e-03 
 2.450612e+01 -1.623460e-03 
 2.450652e+01 -1.656156e-03 
 2.450692e+01 -1.690213e-03 
 2.450732e+01 -1.725782e-03 
 2.450771e+01 -1.762928e-03 
 2.450811e+01 -1.801616e-03 
 2.450851e+01 -1.841990e-03 
 2.450891e+01 -1.883987e-03 
 2.450931e+01 -1.927450e-03 
 2.450970e+01 -1.972532e-03 
 2.451010e+01 -2.019209e-03 
 2.451050e+01 -2.067189e-03 
 2.451090e+01 -2.116236e-03 
 2.451129e+01 -2.166183e-03 
 2.451169e+01 -2.216550e-03 
 2.451209e+01 -2.266971e-03 
 2.451249e+01 -2.316952e-03 
 2.451288e+01 -2.366041e-03 
 2.451328e+01 -2.413812e-03 
 2.451368e+01 -2.459929e-03 
 2.451408e+01 -2.504255e-03 
 2.451448e+01 -2.546510e-03 
 2.451487e+01 -2.586513e-03 
 2.451527e+01 -2.624137e-03 
 2.451567e+01 -2.659388e-03 
 2.451607e+01 -2.692228e-03 
 2.451646e+01 -2.722790e-03 
 2.451686e+01 -2.751339e-03 
 2.451726e+01 -2.778172e-03 
 2.451766e+01 -2.803690e-03 
 2.451805e+01 -2.828353e-03 
 2.451845e+01 -2.852762e-03 
 2.451885e+01 -2.877354e-03 
 2.451925e+01 -2.902347e-03 
 2.451965e+01 -2.928123e-03 
 2.452004e+01 -2.954792e-03 
 2.452044e+01 -2.982345e-03 
 2.452084e+01 -3.010715e-03 
 2.452124e+01 -3.039840e-03 
 2.452163e+01 -3.069621e-03 
 2.452203e+01 -3.099861e-03 
 2.452243e+01 -3.130526e-03 
 2.452283e+01 -3.161210e-03 
 2.452322e+01 -3.191584e-03 
 2.452362e+01 -3.221463e-03 
 2.452402e+01 -3.250627e-03 
 2.452442e+01 -3.279039e-03 
 2.452482e+01 -3.306813e-03 
 2.452521e+01 -3.333948e-03 
 2.452561e+01 -3.360671e-03 
 2.452601e+01 -3.387341e-03 
 2.452641e+01 -3.414211e-03 
 2.452680e+01 -3.441512e-03 
 2.452720e+01 -3.469333e-03 
 2.452760e+01 -3.497871e-03 
 2.452800e+01 -3.527035e-03 
 2.452839e+01 -3.556640e-03 
 2.452879e+01 -3.586751e-03 
 2.452919e+01 -3.617108e-03 
 2.452959e+01 -3.647450e-03 
 2.452999e+01 -3.677465e-03 
 2.453038e+01 -3.706904e-03 
 2.453078e+01 -3.735441e-03 
 2.453118e+01 -3.762714e-03 
 2.453158e+01 -3.788472e-03 
 2.453197e+01 -3.812579e-03 
 2.453237e+01 -3.834852e-03 
 2.453277e+01 -3.855183e-03 
 2.453317e+01 -3.873724e-03 
 2.453356e+01 -3.890620e-03 
 2.453396e+01 -3.906017e-03 
 2.453436e+01 -3.920121e-03 
 2.453476e+01 -3.933018e-03 
 2.453516e+01 -3.944841e-03 
 2.453555e+01 -3.955842e-03 
 2.453595e+01 -3.966189e-03 
 2.453635e+01 -3.975888e-03 
 2.453675e+01 -3.984896e-03 
 2.453714e+01 -3.993300e-03 
 2.453754e+01 -4.001039e-03 
 2.453794e+01 -4.008005e-03 
 2.453834e+01 -4.014325e-03 
 2.453873e+01 -4.019930e-03 
 2.453913e+01 -4.024802e-03 
 2.453953e+01 -4.028929e-03 
 2.453993e+01 -4.032445e-03 
 2.454033e+01 -4.035440e-03 
 2.454072e+01 -4.037861e-03 
 2.454112e+01 -4.039747e-03 
 2.454152e+01 -4.041193e-03 
 2.454192e+01 -4.042288e-03 
 2.454231e+01 -4.043338e-03 
 2.454271e+01 -4.044563e-03 
 2.454311e+01 -4.045988e-03 
 2.454351e+01 -4.047895e-03 
 2.454390e+01 -4.050491e-03 
 2.454430e+01 -4.053999e-03 
 2.454470e+01 -4.058308e-03 
 2.454510e+01 -4.063502e-03 
 2.454550e+01 -4.069625e-03 
 2.454589e+01 -4.076571e-03 
 2.454629e+01 -4.084461e-03 
 2.454669e+01 -4.093035e-03 
 2.454709e+01 -4.101981e-03 
 2.454748e+01 -4.111114e-03 
 2.454788e+01 -4.120071e-03 
 2.454828e+01 -4.128441e-03 
 2.454868e+01 -4.135714e-03 
 2.454908e+01 -4.141308e-03 
 2.454947e+01 -4.144779e-03 
 2.454987e+01 -4.145623e-03 
 2.455027e+01 -4.143502e-03 
 2.455067e+01 -4.138320e-03 
 2.455106e+01 -4.129998e-03 
 2.455146e+01 -4.118603e-03 
 2.455186e+01 -4.104358e-03 
 2.455226e+01 -4.087601e-03 
 2.455265e+01 -4.068736e-03 
 2.455305e+01 -4.048284e-03 
 2.455345e+01 -4.026788e-03 
 2.455385e+01 -4.004601e-03 
 2.455425e+01 -3.982069e-03 
 2.455464e+01 -3.959372e-03 
 2.455504e+01 -3.936785e-03 
 2.455544e+01 -3.914466e-03 
 2.455584e+01 -3.892409e-03 
 2.455623e+01 -3.870574e-03 
 2.455663e+01 -3.848816e-03 
 2.455703e+01 -3.826999e-03 
 2.455743e+01 -3.805178e-03 
 2.455782e+01 -3.783313e-03 
 2.455822e+01 -3.761290e-03 
 2.455862e+01 -3.739205e-03 
 2.455902e+01 -3.717130e-03 
 2.455942e+01 -3.695176e-03 
 2.455981e+01 -3.673433e-03 
 2.456021e+01 -3.652126e-03 
 2.456061e+01 -3.631565e-03 
 2.456101e+01 -3.611877e-03 
 2.456140e+01 -3.593429e-03 
 2.456180e+01 -3.576469e-03 
 2.456220e+01 -3.561157e-03 
 2.456260e+01 -3.547664e-03 
 2.456299e+01 -3.535864e-03 
 2.456339e+01 -3.525535e-03 
 2.456379e+01 -3.516544e-03 
 2.456419e+01 -3.508532e-03 
 2.456459e+01 -3.501058e-03 
 2.456498e+01 -3.493724e-03 
 2.456538e+01 -3.486106e-03 
 2.456578e+01 -3.477869e-03 
 2.456618e+01 -3.468599e-03 
 2.456657e+01 -3.457851e-03 
 2.456697e+01 -3.445327e-03 
 2.456737e+01 -3.430780e-03 
 2.456777e+01 -3.414165e-03 
 2.456816e+01 -3.395517e-03 
 2.456856e+01 -3.374817e-03 
 2.456896e+01 -3.352328e-03 
 2.456936e+01 -3.328457e-03 
 2.456976e+01 -3.303687e-03 
 2.457015e+01 -3.278414e-03 
 2.457055e+01 -3.253060e-03 
 2.457095e+01 -3.227969e-03 
 2.457135e+01 -3.203406e-03 
 2.457174e+01 -3.179474e-03 
 2.457214e+01 -3.156424e-03 
 2.457254e+01 -3.134280e-03 
 2.457294e+01 -3.113128e-03 
 2.457333e+01 -3.093015e-03 
 2.457373e+01 -3.073814e-03 
 2.457413e+01 -3.055511e-03 
 2.457453e+01 -3.037961e-03 
 2.457493e+01 -3.021089e-03 
 2.457532e+01 -3.004794e-03 
 2.457572e+01 -2.988865e-03 
 2.457612e+01 -2.973122e-03 
 2.457652e+01 -2.957477e-03 
 2.457691e+01 -2.941862e-03 
 2.457731e+01 -2.926284e-03 
 2.457771e+01 -2.910723e-03 
 2.457811e+01 -2.895095e-03 
 2.457850e+01 -2.879552e-03 
 2.457890e+01 -2.864184e-03 
 2.457930e+01 -2.849217e-03 
 2.457970e+01 -2.835060e-03 
 2.458010e+01 -2.821594e-03 
 2.458049e+01 -2.809000e-03 
 2.458089e+01 -2.797341e-03 
 2.458129e+01 -2.786390e-03 
 2.458169e+01 -2.776015e-03 
 2.458208e+01 -2.765900e-03 
 2.458248e+01 -2.755695e-03 
 2.458288e+01 -2.745170e-03 
 2.458328e+01 -2.733939e-03 
 2.458367e+01 -2.721729e-03 
 2.458407e+01 -2.708351e-03 
 2.458447e+01 -2.693649e-03 
 2.458487e+01 -2.677780e-03 
 2.458527e+01 -2.660669e-03 
 2.458566e+01 -2.642570e-03 
 2.458606e+01 -2.623762e-03 
 2.458646e+01 -2.604343e-03 
 2.458686e+01 -2.584949e-03 
 2.458725e+01 -2.566039e-03 
 2.458765e+01 -2.548224e-03 
 2.458805e+01 -2.531799e-03 
 2.458845e+01 -2.517294e-03 
 2.458884e+01 -2.504996e-03 
 2.458924e+01 -2.494983e-03 
 2.458964e+01 -2.487281e-03 
 2.459004e+01 -2.481729e-03 
 2.459044e+01 -2.478160e-03 
 2.459083e+01 -2.476267e-03 
 2.459123e+01 -2.475769e-03 
 2.459163e+01 -2.476419e-03 
 2.459203e+01 -2.477919e-03 
 2.459242e+01 -2.480036e-03 
 2.459282e+01 -2.482553e-03 
 2.459322e+01 -2.485436e-03 
 2.459362e+01 -2.488623e-03 
 2.459401e+01 -2.492295e-03 
 2.459441e+01 -2.496653e-03 
 2.459481e+01 -2.501942e-03 
 2.459521e+01 -2.508392e-03 
 2.459561e+01 -2.516312e-03 
 2.459600e+01 -2.525861e-03 
 2.459640e+01 -2.537204e-03 
 2.459680e+01 -2.550648e-03 
 2.459720e+01 -2.566285e-03 
 2.459759e+01 -2.584084e-03 
 2.459799e+01 -2.603978e-03 
 2.459839e+01 -2.625672e-03 
 2.459879e+01 -2.648906e-03 
 2.459918e+01 -2.673247e-03 
 2.459958e+01 -2.698237e-03 
 2.459998e+01 -2.723289e-03 
 2.460038e+01 -2.747960e-03 
 2.460078e+01 -2.772079e-03 
 2.460117e+01 -2.795450e-03 
 2.460157e+01 -2.817874e-03 
 2.460197e+01 -2.839303e-03 
 2.460237e+01 -2.859701e-03 
 2.460276e+01 -2.879095e-03 
 2.460316e+01 -2.897618e-03 
 2.460356e+01 -2.915454e-03 
 2.460396e+01 -2.932690e-03 
 2.460435e+01 -2.949549e-03 
 2.460475e+01 -2.966376e-03 
 2.460515e+01 -2.983262e-03 
 2.460555e+01 -3.000358e-03 
 2.460595e+01 -3.017754e-03 
 2.460634e+01 -3.035377e-03 
 2.460674e+01 -3.053206e-03 
 2.460714e+01 -3.071210e-03 
 2.460754e+01 -3.089335e-03 
 2.460793e+01 -3.107549e-03 
 2.460833e+01 -3.125688e-03 
 2.460873e+01 -3.143525e-03 
 2.460913e+01 -3.161240e-03 
 2.460952e+01 -3.178621e-03 
 2.460992e+01 -3.195479e-03 
 2.461032e+01 -3.211996e-03 
 2.461072e+01 -3.228082e-03 
 2.461112e+01 -3.243909e-03 
 2.461151e+01 -3.259623e-03 
 2.461191e+01 -3.275496e-03 
 2.461231e+01 -3.291656e-03 
 2.461271e+01 -3.308427e-03 
 2.461310e+01 -3.326213e-03 
 2.461350e+01 -3.345453e-03 
 2.461390e+01 -3.366370e-03 
 2.461430e+01 -3.389185e-03 
 2.461469e+01 -3.414044e-03 
 2.461509e+01 -3.441151e-03 
 2.461549e+01 -3.470474e-03 
 2.461589e+01 -3.501981e-03 
 2.461629e+01 -3.535512e-03 
 2.461668e+01 -3.570911e-03 
 2.461708e+01 -3.607903e-03 
 2.461748e+01 -3.646039e-03 
 2.461788e+01 -3.684760e-03 
 2.461827e+01 -3.723550e-03 
 2.461867e+01 -3.761899e-03 
 2.461907e+01 -3.799374e-03 
 2.461947e+01 -3.835789e-03 
 2.461986e+01 -3.870846e-03 
 2.462026e+01 -3.904616e-03 
 2.462066e+01 -3.937194e-03 
 2.462106e+01 -3.968817e-03 
 2.462146e+01 -3.999416e-03 
 2.462185e+01 -4.029136e-03 
 2.462225e+01 -4.058246e-03 
 2.462265e+01 -4.086796e-03 
 2.462305e+01 -4.115034e-03 
 2.462344e+01 -4.143125e-03 
 2.462384e+01 -4.171081e-03 
 2.462424e+01 -4.199086e-03 
 2.462464e+01 -4.227085e-03 
 2.462503e+01 -4.254961e-03 
 2.462543e+01 -4.282523e-03 
 2.462583e+01 -4.309530e-03 
 2.462623e+01 -4.335868e-03 
 2.462663e+01 -4.361423e-03 
 2.462702e+01 -4.386029e-03 
 2.462742e+01 -4.409444e-03 
 2.462782e+01 -4.431501e-03 
 2.462822e+01 -4.452346e-03 
 2.462861e+01 -4.471876e-03 
 2.462901e+01 -4.490293e-03 
 2.462941e+01 -4.507791e-03 
 2.462981e+01 -4.524615e-03 
 2.463020e+01 -4.540833e-03 
 2.463060e+01 -4.556737e-03 
 2.463100e+01 -4.572726e-03 
 2.463140e+01 -4.588779e-03 
 2.463180e+01 -4.604662e-03 
 2.463219e+01 -4.620440e-03 
 2.463259e+01 -4.636007e-03 
 2.463299e+01 -4.651344e-03 
 2.463339e+01 -4.666451e-03 
 2.463378e+01 -4.680990e-03 
 2.463418e+01 -4.694749e-03 
 2.463458e+01 -4.707436e-03 
 2.463498e+01 -4.718831e-03 
 2.463537e+01 -4.728835e-03 
 2.463577e+01 -4.737152e-03 
 2.463617e+01 -4.743706e-03 
 2.463657e+01 -4.748419e-03 
 2.463697e+01 -4.751333e-03 
 2.463736e+01 -4.752547e-03 
 2.463776e+01 -4.751959e-03 
 2.463816e+01 -4.749714e-03 
 2.463856e+01 -4.746153e-03 
 2.463895e+01 -4.741580e-03 
 2.463935e+01 -4.736186e-03 
 2.463975e+01 -4.730387e-03 
 2.464015e+01 -4.724359e-03 
 2.464055e+01 -4.718627e-03 
 2.464094e+01 -4.713370e-03 
 2.464134e+01 -4.708455e-03 
 2.464174e+01 -4.704004e-03 
 2.464214e+01 -4.700075e-03 
 2.464253e+01 -4.696836e-03 
 2.464293e+01 -4.694383e-03 
 2.464333e+01 -4.692400e-03 
 2.464373e+01 -4.690661e-03 
 2.464412e+01 -4.688696e-03 
 2.464452e+01 -4.686352e-03 
 2.464492e+01 -4.683237e-03 
 2.464532e+01 -4.679074e-03 
 2.464572e+01 -4.673785e-03 
 2.464611e+01 -4.667300e-03 
 2.464651e+01 -4.659741e-03 
 2.464691e+01 -4.651200e-03 
 2.464731e+01 -4.641786e-03 
 2.464770e+01 -4.631686e-03 
 2.464810e+01 -4.621294e-03 
 2.464850e+01 -4.611045e-03 
 2.464890e+01 -4.601280e-03 
 2.464929e+01 -4.592322e-03 
 2.464969e+01 -4.584168e-03 
 2.465009e+01 -4.576919e-03 
 2.465049e+01 -4.570314e-03 
 2.465089e+01 -4.564042e-03 
 2.465128e+01 -4.557787e-03 
 2.465168e+01 -4.551169e-03 
 2.465208e+01 -4.543899e-03 
 2.465248e+01 -4.535652e-03 
 2.465287e+01 -4.526215e-03 
 2.465327e+01 -4.515212e-03 
 2.465367e+01 -4.502271e-03 
 2.465407e+01 -4.487191e-03 
 2.465446e+01 -4.469920e-03 
 2.465486e+01 -4.450607e-03 
 2.465526e+01 -4.429576e-03 
 2.465566e+01 -4.407183e-03 
 2.465606e+01 -4.383872e-03 
 2.465645e+01 -4.360068e-03 
 2.465685e+01 -4.336204e-03 
 2.465725e+01 -4.312516e-03 
 2.465765e+01 -4.289126e-03 
 2.465804e+01 -4.266199e-03 
 2.465844e+01 -4.243822e-03 
 2.465884e+01 -4.221899e-03 
 2.465924e+01 -4.200513e-03 
 2.465963e+01 -4.179571e-03 
 2.466003e+01 -4.158825e-03 
 2.466043e+01 -4.138059e-03 
 2.466083e+01 -4.117019e-03 
 2.466123e+01 -4.095550e-03 
 2.466162e+01 -4.073388e-03 
 2.466202e+01 -4.050356e-03 
 2.466242e+01 -4.026389e-03 
 2.466282e+01 -4.001376e-03 
 2.466321e+01 -3.975208e-03 
 2.466361e+01 -3.947936e-03 
 2.466401e+01 -3.919869e-03 
 2.466441e+01 -3.891402e-03 
 2.466480e+01 -3.862865e-03 
 2.466520e+01 -3.834548e-03 
 2.466560e+01 -3.806837e-03 
 2.466600e+01 -3.780077e-03 
 2.466640e+01 -3.754477e-03 
 2.466679e+01 -3.730070e-03 
 2.466719e+01 -3.706792e-03 
 2.466759e+01 -3.684638e-03 
 2.466799e+01 -3.663582e-03 
 2.466838e+01 -3.643463e-03 
 2.466878e+01 -3.624120e-03 
 2.466918e+01 -3.605092e-03 
 2.466958e+01 -3.585915e-03 
 2.466997e+01 -3.566175e-03 
 2.467037e+01 -3.545580e-03 
 2.467077e+01 -3.523841e-03 
 2.467117e+01 -3.500727e-03 
 2.467157e+01 -3.476286e-03 
 2.467196e+01 -3.450624e-03 
 2.467236e+01 -3.423780e-03 
 2.467276e+01 -3.395819e-03 
 2.467316e+01 -3.366761e-03 
 2.467355e+01 -3.336728e-03 
 2.467395e+01 -3.306030e-03 
 2.467435e+01 -3.275233e-03 
 2.467475e+01 -3.244774e-03 
 2.467514e+01 -3.214950e-03 
 2.467554e+01 -3.185965e-03 
 2.467594e+01 -3.157828e-03 
 2.467634e+01 -3.130410e-03 
 2.467674e+01 -3.103681e-03 
 2.467713e+01 -3.077627e-03 
 2.467753e+01 -3.052018e-03 
 2.467793e+01 -3.026737e-03 
 2.467833e+01 -3.001753e-03 
 2.467872e+01 -2.976919e-03 
 2.467912e+01 -2.952005e-03 
 2.467952e+01 -2.926937e-03 
 2.467992e+01 -2.901671e-03 
 2.468031e+01 -2.876427e-03 
 2.468071e+01 -2.851436e-03 
 2.468111e+01 -2.827117e-03 
 2.468151e+01 -2.803961e-03 
 2.468191e+01 -2.782357e-03 
 2.468230e+01 -2.762580e-03 
 2.468270e+01 -2.744888e-03 
 2.468310e+01 -2.729518e-03 
 2.468350e+01 -2.716502e-03 
 2.468389e+01 -2.706159e-03 
 2.468429e+01 -2.698667e-03 
 2.468469e+01 -2.694106e-03 
 2.468509e+01 -2.692102e-03 
 2.468548e+01 -2.692009e-03 
 2.468588e+01 -2.693309e-03 
 2.468628e+01 -2.695388e-03 
 2.468668e+01 -2.697507e-03 
 2.468708e+01 -2.699252e-03 
 2.468747e+01 -2.700296e-03 
 2.468787e+01 -2.700450e-03 
 2.468827e+01 -2.699568e-03 
 2.468867e+01 -2.697472e-03 
 2.468906e+01 -2.694117e-03 
 2.468946e+01 -2.689418e-03 
 2.468986e+01 -2.683529e-03 
 2.469026e+01 -2.676570e-03 
 2.469065e+01 -2.668715e-03 
 2.469105e+01 -2.660314e-03 
 2.469145e+01 -2.651386e-03 
 2.469185e+01 -2.642300e-03 
 2.469225e+01 -2.633218e-03 
 2.469264e+01 -2.624325e-03 
 2.469304e+01 -2.615703e-03 
 2.469344e+01 -2.607522e-03 
 2.469384e+01 -2.599879e-03 
 2.469423e+01 -2.592750e-03 
 2.469463e+01 -2.586132e-03 
 2.469503e+01 -2.579892e-03 
 2.469543e+01 -2.573871e-03 
 2.469582e+01 -2.568269e-03 
 2.469622e+01 -2.563038e-03 
 2.469662e+01 -2.558361e-03 
 2.469702e+01 -2.554403e-03 
 2.469742e+01 -2.551080e-03 
 2.469781e+01 -2.548494e-03 
 2.469821e+01 -2.546532e-03 
 2.469861e+01 -2.545195e-03 
 2.469901e+01 -2.544758e-03 
 2.469940e+01 -2.545513e-03 
 2.469980e+01 -2.547608e-03 
 2.470020e+01 -2.551422e-03 
 2.470060e+01 -2.557183e-03 
 2.470099e+01 -2.564983e-03 
 2.470139e+01 -2.574767e-03 
 2.470179e+01 -2.586339e-03 
 2.470219e+01 -2.599450e-03 
 2.470259e+01 -2.614010e-03 
 2.470298e+01 -2.629898e-03 
 2.470338e+01 -2.647115e-03 
 2.470378e+01 -2.665567e-03 
 2.470418e+01 -2.684810e-03 
 2.470457e+01 -2.704444e-03 
 2.470497e+01 -2.724014e-03 
 2.470537e+01 -2.743284e-03 
 2.470577e+01 -2.762094e-03 
 2.470616e+01 -2.780405e-03 
 2.470656e+01 -2.798244e-03 
 2.470696e+01 -2.815842e-03 
 2.470736e+01 -2.833238e-03 
 2.470776e+01 -2.850572e-03 
 2.470815e+01 -2.868097e-03 
 2.470855e+01 -2.885764e-03 
 2.470895e+01 -2.903792e-03 
 2.470935e+01 -2.922585e-03 
 2.470974e+01 -2.942525e-03 
 2.471014e+01 -2.963914e-03 
 2.471054e+01 -2.986819e-03 
 2.471094e+01 -3.011302e-03 
 2.471133e+01 -3.037093e-03 
 2.471173e+01 -3.064150e-03 
 2.471213e+01 -3.092345e-03 
 2.471253e+01 -3.121340e-03 
 2.471293e+01 -3.151000e-03 
 2.471332e+01 -3.181174e-03 
 2.471372e+01 -3.211566e-03 
 2.471412e+01 -3.241930e-03 
 2.471452e+01 -3.271939e-03 
 2.471491e+01 -3.301399e-03 
 2.471531e+01 -3.330487e-03 
 2.471571e+01 -3.359432e-03 
 2.471611e+01 -3.388429e-03 
 2.471650e+01 -3.417915e-03 
 2.471690e+01 -3.447959e-03 
 2.471730e+01 -3.478633e-03 
 2.471770e+01 -3.510163e-03 
 2.471810e+01 -3.542835e-03 
 2.471849e+01 -3.576659e-03 
 2.471889e+01 -3.611826e-03 
 2.471929e+01 -3.648426e-03 
 2.471969e+01 -3.686392e-03 
 2.472008e+01 -3.725666e-03 
 2.472048e+01 -3.765938e-03 
 2.472088e+01 -3.806767e-03 
 2.472128e+01 -3.847731e-03 
 2.472167e+01 -3.888325e-03 
 2.472207e+01 -3.928242e-03 
 2.472247e+01 -3.967287e-03 
 2.472287e+01 -4.005323e-03 
 2.472327e+01 -4.042316e-03 
 2.472366e+01 -4.078208e-03 
 2.472406e+01 -4.113063e-03 
 2.472446e+01 -4.147056e-03 
 2.472486e+01 -4.180274e-03 
 2.472525e+01 -4.213023e-03 
 2.472565e+01 -4.245471e-03 
 2.472605e+01 -4.277633e-03 
 2.472645e+01 -4.309774e-03 
 2.472684e+01 -4.341755e-03 
 2.472724e+01 -4.373524e-03 
 2.472764e+01 -4.405084e-03 
 2.472804e+01 -4.436427e-03 
 2.472844e+01 -4.467547e-03 
 2.472883e+01 -4.498363e-03 
 2.472923e+01 -4.528759e-03 
 2.472963e+01 -4.558552e-03 
 2.473003e+01 -4.587445e-03 
 2.473042e+01 -4.614995e-03 
 2.473082e+01 -4.640883e-03 
 2.473122e+01 -4.664801e-03 
 2.473162e+01 -4.686653e-03 
 2.473202e+01 -4.706600e-03 
 2.473241e+01 -4.724854e-03 
 2.473281e+01 -4.741557e-03 
 2.473321e+01 -4.756910e-03 
 2.473361e+01 -4.771106e-03 
 2.473400e+01 -4.784488e-03 
 2.473440e+01 -4.797193e-03 
 2.473480e+01 -4.809467e-03 
 2.473520e+01 -4.821883e-03 
 2.473559e+01 -4.834823e-03 
 2.473599e+01 -4.848770e-03 
 2.473639e+01 -4.864129e-03 
 2.473679e+01 -4.880933e-03 
 2.473719e+01 -4.899084e-03 
 2.473758e+01 -4.918301e-03 
 2.473798e+01 -4.938527e-03 
 2.473838e+01 -4.959413e-03 
 2.473878e+01 -4.980769e-03 
 2.473917e+01 -5.002137e-03 
 2.473957e+01 -5.023028e-03 
 2.473997e+01 -5.043119e-03 
 2.474037e+01 -5.061946e-03 
 2.474076e+01 -5.079230e-03 
 2.474116e+01 -5.094537e-03 
 2.474156e+01 -5.107828e-03 
 2.474196e+01 -5.119117e-03 
 2.474236e+01 -5.128503e-03 
 2.474275e+01 -5.136442e-03 
 2.474315e+01 -5.143108e-03 
 2.474355e+01 -5.148635e-03 
 2.474395e+01 -5.153425e-03 
 2.474434e+01 -5.157771e-03 
 2.474474e+01 -5.161858e-03 
 2.474514e+01 -5.165787e-03 
 2.474554e+01 -5.169378e-03 
 2.474593e+01 -5.172429e-03 
 2.474633e+01 -5.174668e-03 
 2.474673e+01 -5.175965e-03 
 2.474713e+01 -5.176209e-03 
 2.474753e+01 -5.175067e-03 
 2.474792e+01 -5.172205e-03 
 2.474832e+01 -5.167574e-03 
 2.474872e+01 -5.160995e-03 
 2.474912e+01 -5.152297e-03 
 2.474951e+01 -5.141533e-03 
 2.474991e+01 -5.128778e-03 
 2.475031e+01 -5.114254e-03 
 2.475071e+01 -5.098498e-03 
 2.475110e+01 -5.082147e-03 
 2.475150e+01 -5.065813e-03 
 2.475190e+01 -5.049967e-03 
 2.475230e+01 -5.034673e-03 
 2.475270e+01 -5.020145e-03 
 2.475309e+01 -5.006387e-03 
 2.475349e+01 -4.993428e-03 
 2.475389e+01 -4.981337e-03 
 2.475429e+01 -4.970188e-03 
 2.475468e+01 -4.959968e-03 
 2.475508e+01 -4.950461e-03 
 2.475548e+01 -4.941447e-03 
 2.475588e+01 -4.932553e-03 
 2.475627e+01 -4.923263e-03 
 2.475667e+01 -4.913348e-03 
 2.475707e+01 -4.902562e-03 
 2.475747e+01 -4.890995e-03 
 2.475787e+01 -4.878530e-03 
 2.475826e+01 -4.865189e-03 
 2.475866e+01 -4.851011e-03 
 2.475906e+01 -4.835913e-03 
 2.475946e+01 -4.819924e-03 
 2.475985e+01 -4.803184e-03 
 2.476025e+01 -4.785936e-03 
 2.476065e+01 -4.768445e-03 
 2.476105e+01 -4.750864e-03 
 2.476144e+01 -4.733338e-03 
 2.476184e+01 -4.716043e-03 
 2.476224e+01 -4.698826e-03 
 2.476264e+01 -4.681452e-03 
 2.476304e+01 -4.663846e-03 
 2.476343e+01 -4.645836e-03 
 2.476383e+01 -4.627221e-03 
 2.476423e+01 -4.608016e-03 
 2.476463e+01 -4.588296e-03 
 2.476502e+01 -4.567855e-03 
 2.476542e+01 -4.546363e-03 
 2.476582e+01 -4.523663e-03 
 2.476622e+01 -4.499540e-03 
 2.476661e+01 -4.473943e-03 
 2.476701e+01 -4.447042e-03 
 2.476741e+01 -4.419023e-03 
 2.476781e+01 -4.390192e-03 
 2.476821e+01 -4.360890e-03 
 2.476860e+01 -4.331477e-03 
 2.476900e+01 -4.302184e-03 
 2.476940e+01 -4.273264e-03 
 2.476980e+01 -4.244868e-03 
 2.477019e+01 -4.217403e-03 
 2.477059e+01 -4.191186e-03 
 2.477099e+01 -4.166430e-03 
 2.477139e+01 -4.143345e-03 
 2.477178e+01 -4.122127e-03 
 2.477218e+01 -4.102705e-03 
 2.477258e+01 -4.084923e-03 
 2.477298e+01 -4.068729e-03 
 2.477338e+01 -4.053935e-03 
 2.477377e+01 -4.040210e-03 
 2.477417e+01 -4.027398e-03 
 2.477457e+01 -4.015245e-03 
 2.477497e+01 -4.003342e-03 
 2.477536e+01 -3.991620e-03 
 2.477576e+01 -3.980001e-03 
 2.477616e+01 -3.968635e-03 
 2.477656e+01 -3.957738e-03 
 2.477695e+01 -3.947485e-03 
 2.477735e+01 -3.938048e-03 
 2.477775e+01 -3.929630e-03 
 2.477815e+01 -3.922363e-03 
 2.477855e+01 -3.916257e-03 
 2.477894e+01 -3.911283e-03 
 2.477934e+01 -3.907478e-03 
 2.477974e+01 -3.904689e-03 
 2.478014e+01 -3.902687e-03 
 2.478053e+01 -3.901163e-03 
 2.478093e+01 -3.899564e-03 
 2.478133e+01 -3.897207e-03 
 2.478173e+01 -3.893536e-03 
 2.478212e+01 -3.888046e-03 
 2.478252e+01 -3.880498e-03 
 2.478292e+01 -3.870499e-03 
 2.478332e+01 -3.857912e-03 
 2.478372e+01 -3.842746e-03 
 2.478411e+01 -3.824972e-03 
 2.478451e+01 -3.804560e-03 
 2.478491e+01 -3.781463e-03 
 2.478531e+01 -3.755940e-03 
 2.478570e+01 -3.728225e-03 
 2.478610e+01 -3.698679e-03 
 2.478650e+01 -3.667952e-03 
 2.478690e+01 -3.636455e-03 
 2.478729e+01 -3.604603e-03 
 2.478769e+01 -3.572761e-03 
 2.478809e+01 -3.541336e-03 
 2.478849e+01 -3.510590e-03 
 2.478889e+01 -3.480755e-03 
 2.478928e+01 -3.452061e-03 
 2.478968e+01 -3.424457e-03 
 2.479008e+01 -3.398226e-03 
 2.479048e+01 -3.373567e-03 
 2.479087e+01 -3.350487e-03 
 2.479127e+01 -3.328802e-03 
 2.479167e+01 -3.308236e-03 
 2.479207e+01 -3.288635e-03 
 2.479246e+01 -3.269894e-03 
 2.479286e+01 -3.251909e-03 
 2.479326e+01 -3.234799e-03 
 2.479366e+01 -3.218613e-03 
 2.479406e+01 -3.203558e-03 
 2.479445e+01 -3.189672e-03 
 2.479485e+01 -3.177218e-03 
 2.479525e+01 -3.166484e-03 
 2.479565e+01 -3.157730e-03 
 2.479604e+01 -3.151115e-03 
 2.479644e+01 -3.146825e-03 
 2.479684e+01 -3.144872e-03 
 2.479724e+01 -3.145106e-03 
 2.479763e+01 -3.147307e-03 
 2.479803e+01 -3.151172e-03 
 2.479843e+01 -3.156416e-03 
 2.479883e+01 -3.162628e-03 
 2.479923e+01 -3.169497e-03 
 2.479962e+01 -3.176781e-03 
 2.480002e+01 -3.184107e-03 
 2.480042e+01 -3.191100e-03 
 2.480082e+01 -3.197452e-03 
 2.480121e+01 -3.202958e-03 
 2.480161e+01 -3.207425e-03 
 2.480201e+01 -3.210893e-03 
 2.480241e+01 -3.213753e-03 
 2.480280e+01 -3.216223e-03 
 2.480320e+01 -3.218599e-03 
 2.480360e+01 -3.221181e-03 
 2.480400e+01 -3.224127e-03 
 2.480440e+01 -3.227689e-03 
 2.480479e+01 -3.232061e-03 
 2.480519e+01 -3.237588e-03 
 2.480559e+01 -3.244608e-03 
 2.480599e+01 -3.253352e-03 
 2.480638e+01 -3.264062e-03 
 2.480678e+01 -3.276705e-03 
 2.480718e+01 -3.291146e-03 
 2.480758e+01 -3.307052e-03 
 2.480797e+01 -3.324099e-03 
 2.480837e+01 -3.341996e-03 
 2.480877e+01 -3.360465e-03 
 2.480917e+01 -3.379172e-03 
 2.480957e+01 -3.397831e-03 
 2.480996e+01 -3.416284e-03 
 2.481036e+01 -3.434364e-03 
 2.481076e+01 -3.452068e-03 
 2.481116e+01 -3.469503e-03 
 2.481155e+01 -3.487046e-03 
 2.481195e+01 -3.505074e-03 
 2.481235e+01 -3.524013e-03 
 2.481275e+01 -3.544046e-03 
 2.481314e+01 -3.565335e-03 
 2.481354e+01 -3.587868e-03 
 2.481394e+01 -3.611561e-03 
 2.481434e+01 -3.636516e-03 
 2.481474e+01 -3.662506e-03 
 2.481513e+01 -3.689514e-03 
 2.481553e+01 -3.717403e-03 
 2.481593e+01 -3.746157e-03 
 2.481633e+01 -3.775703e-03 
 2.481672e+01 -3.805765e-03 
 2.481712e+01 -3.836136e-03 
 2.481752e+01 -3.866416e-03 
 2.481792e+01 -3.896192e-03 
 2.481831e+01 -3.925223e-03 
 2.481871e+01 -3.953365e-03 
 2.481911e+01 -3.980582e-03 
 2.481951e+01 -4.006804e-03 
 2.481991e+01 -4.032342e-03 
 2.482030e+01 -4.057297e-03 
 2.482070e+01 -4.082028e-03 
 2.482110e+01 -4.106685e-03 
 2.482150e+01 -4.131487e-03 
 2.482189e+01 -4.156558e-03 
 2.482229e+01 -4.181906e-03 
 2.482269e+01 -4.207512e-03 
 2.482309e+01 -4.233474e-03 
 2.482349e+01 -4.259786e-03 
 2.482388e+01 -4.286570e-03 
 2.482428e+01 -4.313809e-03 
 2.482468e+01 -4.341328e-03 
 2.482508e+01 -4.368828e-03 
 2.482547e+01 -4.395974e-03 
 2.482587e+01 -4.422429e-03 
 2.482627e+01 -4.447854e-03 
 2.482667e+01 -4.472115e-03 
 2.482706e+01 -4.495045e-03 
 2.482746e+01 -4.516770e-03 
 2.482786e+01 -4.537506e-03 
 2.482826e+01 -4.557442e-03 
 2.482866e+01 -4.576893e-03 
 2.482905e+01 -4.596151e-03 
 2.482945e+01 -4.615577e-03 
 2.482985e+01 -4.635577e-03 
 2.483025e+01 -4.656519e-03 
 2.483064e+01 -4.678838e-03 
 2.483104e+01 -4.702705e-03 
 2.483144e+01 -4.728152e-03 
 2.483184e+01 -4.755076e-03 
 2.483223e+01 -4.783162e-03 
 2.483263e+01 -4.812061e-03 
 2.483303e+01 -4.841129e-03 
 2.483343e+01 -4.869893e-03 
 2.483383e+01 -4.898072e-03 
 2.483422e+01 -4.925230e-03 
 2.483462e+01 -4.951170e-03 
 2.483502e+01 -4.975497e-03 
 2.483542e+01 -4.997763e-03 
 2.483581e+01 -5.017534e-03 
 2.483621e+01 -5.034640e-03 
 2.483661e+01 -5.048870e-03 
 2.483701e+01 -5.060276e-03 
 2.483740e+01 -5.068984e-03 
 2.483780e+01 -5.075363e-03 
 2.483820e+01 -5.079692e-03 
 2.483860e+01 -5.082262e-03 
 2.483900e+01 -5.083443e-03 
 2.483939e+01 -5.083366e-03 
 2.483979e+01 -5.082138e-03 
 2.484019e+01 -5.079870e-03 
 2.484059e+01 -5.076650e-03 
 2.484098e+01 -5.072435e-03 
 2.484138e+01 -5.067273e-03 
 2.484178e+01 -5.061197e-03 
 2.484218e+01 -5.054067e-03 
 2.484257e+01 -5.045814e-03 
 2.484297e+01 -5.036215e-03 
 2.484337e+01 -5.025134e-03 
 2.484377e+01 -5.012437e-03 
 2.484417e+01 -4.998260e-03 
 2.484456e+01 -4.982708e-03 
 2.484496e+01 -4.966085e-03 
 2.484536e+01 -4.948635e-03 
 2.484576e+01 -4.930684e-03 
 2.484615e+01 -4.912598e-03 
 2.484655e+01 -4.894729e-03 
 2.484695e+01 -4.877448e-03 
 2.484735e+01 -4.861057e-03 
 2.484774e+01 -4.845920e-03 
 2.484814e+01 -4.832285e-03 
 2.484854e+01 -4.820296e-03 
 2.484894e+01 -4.810016e-03 
 2.484934e+01 -4.801328e-03 
 2.484973e+01 -4.793931e-03 
 2.485013e+01 -4.787620e-03 
 2.485053e+01 -4.782216e-03 
 2.485093e+01 -4.777368e-03 
 2.485132e+01 -4.772770e-03 
 2.485172e+01 -4.768096e-03 
 2.485212e+01 -4.762998e-03 
 2.485252e+01 -4.757146e-03 
 2.485291e+01 -4.750154e-03 
 2.485331e+01 -4.741870e-03 
 2.485371e+01 -4.732158e-03 
 2.485411e+01 -4.720855e-03 
 2.485451e+01 -4.708078e-03 
 2.485490e+01 -4.693799e-03 
 2.485530e+01 -4.678111e-03 
 2.485570e+01 -4.661153e-03 
 2.485610e+01 -4.643235e-03 
 2.485649e+01 -4.624460e-03 
 2.485689e+01 -4.604911e-03 
 2.485729e+01 -4.584646e-03 
 2.485769e+01 -4.563806e-03 
 2.485808e+01 -4.542566e-03 
 2.485848e+01 -4.521114e-03 
 2.485888e+01 -4.499568e-03 
 2.485928e+01 -4.477989e-03 
 2.485968e+01 -4.456391e-03 
 2.486007e+01 -4.434636e-03 
 2.486047e+01 -4.412669e-03 
 2.486087e+01 -4.390270e-03 
 2.486127e+01 -4.367312e-03 
 2.486166e+01 -4.343610e-03 
 2.486206e+01 -4.319061e-03 
 2.486246e+01 -4.293899e-03 
 2.486286e+01 -4.268537e-03 
 2.486325e+01 -4.243250e-03 
 2.486365e+01 -4.218237e-03 
 2.486405e+01 -4.193926e-03 
 2.486445e+01 -4.170495e-03 
 2.486485e+01 -4.147993e-03 
 2.486524e+01 -4.126713e-03 
 2.486564e+01 -4.106793e-03 
 2.486604e+01 -4.088407e-03 
 2.486644e+01 -4.071667e-03 
 2.486683e+01 -4.056718e-03 
 2.486723e+01 -4.043480e-03 
 2.486763e+01 -4.031766e-03 
 2.486803e+01 -4.021390e-03 
 2.486842e+01 -4.011996e-03 
 2.486882e+01 -4.003206e-03 
 2.486922e+01 -3.994408e-03 
 2.486962e+01 -3.985199e-03 
 2.487002e+01 -3.975294e-03 
 2.487041e+01 -3.964285e-03 
 2.487081e+01 -3.951947e-03 
 2.487121e+01 -3.938280e-03 
 2.487161e+01 -3.923143e-03 
 2.487200e+01 -3.906743e-03 
 2.487240e+01 -3.889482e-03 
 2.487280e+01 -3.871573e-03 
 2.487320e+01 -3.853087e-03 
 2.487359e+01 -3.834155e-03 
 2.487399e+01 -3.814828e-03 
 2.487439e+01 -3.795071e-03 
 2.487479e+01 -3.774905e-03 
 2.487519e+01 -3.754259e-03 
 2.487558e+01 -3.733164e-03 
 2.487598e+01 -3.711497e-03 
 2.487638e+01 -3.689022e-03 
 2.487678e+01 -3.665503e-03 
 2.487717e+01 -3.640490e-03 
 2.487757e+01 -3.613866e-03 
 2.487797e+01 -3.585478e-03 
 2.487837e+01 -3.555242e-03 
 2.487876e+01 -3.523156e-03 
 2.487916e+01 -3.489446e-03 
 2.487956e+01 -3.454302e-03 
 2.487996e+01 -3.418061e-03 
 2.488036e+01 -3.381239e-03 
 2.488075e+01 -3.344370e-03 
 2.488115e+01 -3.307814e-03 
 2.488155e+01 -3.272023e-03 
 2.488195e+01 -3.237402e-03 
 2.488234e+01 -3.204123e-03 
 2.488274e+01 -3.172352e-03 
 2.488314e+01 -3.142356e-03 
 2.488354e+01 -3.114163e-03 
 2.488393e+01 -3.087767e-03 
 2.488433e+01 -3.063297e-03 
 2.488473e+01 -3.040742e-03 
 2.488513e+01 -3.019870e-03 
 2.488553e+01 -3.000296e-03 
 2.488592e+01 -2.981710e-03 
 2.488632e+01 -2.963774e-03 
 2.488672e+01 -2.946092e-03 
 2.488712e+01 -2.928459e-03 
 2.488751e+01 -2.910626e-03 
 2.488791e+01 -2.892419e-03 
 2.488831e+01 -2.873761e-03 
 2.488871e+01 -2.854462e-03 
 2.488910e+01 -2.834406e-03 
 2.488950e+01 -2.813783e-03 
 2.488990e+01 -2.792816e-03 
 2.489030e+01 -2.771615e-03 
 2.489070e+01 -2.750381e-03 
 2.489109e+01 -2.729304e-03 
 2.489149e+01 -2.708449e-03 
 2.489189e+01 -2.688033e-03 
 2.489229e+01 -2.668170e-03 
 2.489268e+01 -2.649084e-03 
 2.489308e+01 -2.630644e-03 
 2.489348e+01 -2.612843e-03 
 2.489388e+01 -2.595662e-03 
 2.489427e+01 -2.578740e-03 
 2.489467e+01 -2.561586e-03 
 2.489507e+01 -2.543803e-03 
 2.489547e+01 -2.524908e-03 
 2.489587e+01 -2.504958e-03 
 2.489626e+01 -2.483673e-03 
 2.489666e+01 -2.461277e-03 
 2.489706e+01 -2.438009e-03 
 2.489746e+01 -2.414083e-03 
 2.489785e+01 -2.389889e-03 
 2.489825e+01 -2.365863e-03 
 2.489865e+01 -2.342244e-03 
 2.489905e+01 -2.319460e-03 
 2.489944e+01 -2.298042e-03 
 2.489984e+01 -2.278492e-03 
 2.490024e+01 -2.261302e-03 
 2.490064e+01 -2.246705e-03 
 2.490104e+01 -2.234874e-03 
 2.490143e+01 -2.225898e-03 
 2.490183e+01 -2.219607e-03 
 2.490223e+01 -2.215910e-03 
 2.490263e+01 -2.214576e-03 
 2.490302e+01 -2.215358e-03 
 2.490342e+01 -2.217721e-03 
 2.490382e+01 -2.221292e-03 
 2.490422e+01 -2.225596e-03 
 2.490461e+01 -2.230499e-03 
 2.490501e+01 -2.235814e-03 
 2.490541e+01 -2.241332e-03 
 2.490581e+01 -2.247044e-03 
 2.490621e+01 -2.253093e-03 
 2.490660e+01 -2.259684e-03 
 2.490700e+01 -2.267028e-03 
 2.490740e+01 -2.275364e-03 
 2.490780e+01 -2.284733e-03 
 2.490819e+01 -2.295056e-03 
 2.490859e+01 -2.306420e-03 
 2.490899e+01 -2.318863e-03 
 2.490939e+01 -2.332245e-03 
 2.490978e+01 -2.346586e-03 
 2.491018e+01 -2.361864e-03 
 2.491058e+01 -2.377873e-03 
 2.491098e+01 -2.394541e-03 
 2.491138e+01 -2.411920e-03 
 2.491177e+01 -2.429948e-03 
 2.491217e+01 -2.448264e-03 
 2.491257e+01 -2.466684e-03 
 2.491297e+01 -2.485338e-03 
 2.491336e+01 -2.504249e-03 
 2.491376e+01 -2.523486e-03 
 2.491416e+01 -2.543301e-03 
 2.491456e+01 -2.563712e-03 
 2.491496e+01 -2.584708e-03 
 2.491535e+01 -2.606277e-03 
 2.491575e+01 -2.628451e-03 
 2.491615e+01 -2.651161e-03 
 2.491655e+01 -2.674190e-03 
 2.491694e+01 -2.697558e-03 
 2.491734e+01 -2.721582e-03 
 2.491774e+01 -2.746451e-03 
 2.491814e+01 -2.772367e-03 
 2.491853e+01 -2.799425e-03 
 2.491893e+01 -2.827632e-03 
 2.491933e+01 -2.857000e-03 
 2.491973e+01 -2.887380e-03 
 2.492013e+01 -2.918317e-03 
 2.492052e+01 -2.949374e-03 
 2.492092e+01 -2.980049e-03 
 2.492132e+01 -3.009951e-03 
 2.492172e+01 -3.038673e-03 
 2.492211e+01 -3.066141e-03 
 2.492251e+01 -3.092251e-03 
 2.492291e+01 -3.116957e-03 
 2.492331e+01 -3.140481e-03 
 2.492370e+01 -3.163078e-03 
 2.492410e+01 -3.184768e-03 
 2.492450e+01 -3.205706e-03 
 2.492490e+01 -3.226295e-03 
 2.492530e+01 -3.246671e-03 
 2.492569e+01 -3.266833e-03 
 2.492609e+01 -3.287004e-03 
 2.492649e+01 -3.307161e-03 
 2.492689e+01 -3.327471e-03 
 2.492728e+01 -3.347953e-03 
 2.492768e+01 -3.368680e-03 
 2.492808e+01 -3.389490e-03 
 2.492848e+01 -3.410181e-03 
 2.492887e+01 -3.430445e-03 
 2.492927e+01 -3.449816e-03 
 2.492967e+01 -3.467600e-03 
 2.493007e+01 -3.483279e-03 
 2.493047e+01 -3.496477e-03 
 2.493086e+01 -3.507054e-03 
 2.493126e+01 -3.515105e-03 
 2.493166e+01 -3.521172e-03 
 2.493206e+01 -3.525521e-03 
 2.493245e+01 -3.528535e-03 
 2.493285e+01 -3.530547e-03 
 2.493325e+01 -3.531876e-03 
 2.493365e+01 -3.532835e-03 
 2.493404e+01 -3.533552e-03 
 2.493444e+01 -3.534237e-03 
 2.493484e+01 -3.535243e-03 
 2.493524e+01 -3.536753e-03 
 2.493564e+01 -3.539159e-03 
 2.493603e+01 -3.542522e-03 
 2.493643e+01 -3.546921e-03 
 2.493683e+01 -3.552028e-03 
 2.493723e+01 -3.557420e-03 
 2.493762e+01 -3.562749e-03 
 2.493802e+01 -3.567578e-03 
 2.493842e+01 -3.571434e-03 
 2.493882e+01 -3.574090e-03 
 2.493921e+01 -3.575339e-03 
 2.493961e+01 -3.575242e-03 
 2.494001e+01 -3.573746e-03 
 2.494041e+01 -3.570952e-03 
 2.494081e+01 -3.567111e-03 
 2.494120e+01 -3.562592e-03 
 2.494160e+01 -3.557619e-03 
 2.494200e+01 -3.552430e-03 
 2.494240e+01 -3.547062e-03 
 2.494279e+01 -3.541495e-03 
 2.494319e+01 -3.535717e-03 
 2.494359e+01 -3.529785e-03 
 2.494399e+01 -3.523641e-03 
 2.494438e+01 -3.517332e-03 
 2.494478e+01 -3.510857e-03 
 2.494518e+01 -3.504335e-03 
 2.494558e+01 -3.497787e-03 
 2.494598e+01 -3.491033e-03 
 2.494637e+01 -3.483968e-03 
 2.494677e+01 -3.476433e-03 
 2.494717e+01 -3.467976e-03 
 2.494757e+01 -3.458333e-03 
 2.494796e+01 -3.447343e-03 
 2.494836e+01 -3.434862e-03 
 2.494876e+01 -3.420664e-03 
 2.494916e+01 -3.404835e-03 
 2.494955e+01 -3.387315e-03 
 2.494995e+01 -3.368095e-03 
 2.495035e+01 -3.347415e-03 
 2.495075e+01 -3.325813e-03 
 2.495115e+01 -3.303525e-03 
 2.495154e+01 -3.280842e-03 
 2.495194e+01 -3.257990e-03 
 2.495234e+01 -3.235315e-03 
 2.495274e+01 -3.213124e-03 
 2.495313e+01 -3.191746e-03 
 2.495353e+01 -3.171451e-03 
 2.495393e+01 -3.152291e-03 
 2.495433e+01 -3.134201e-03 
 2.495472e+01 -3.117027e-03 
 2.495512e+01 -3.100640e-03 
 2.495552e+01 -3.084871e-03 
 2.495592e+01 -3.069409e-03 
 2.495632e+01 -3.053945e-03 
 2.495671e+01 -3.038237e-03 
 2.495711e+01 -3.022325e-03 
 2.495751e+01 -3.006008e-03 
 2.495791e+01 -2.989282e-03 
 2.495830e+01 -2.972128e-03 
 2.495870e+01 -2.954664e-03 
 2.495910e+01 -2.936992e-03 
 2.495950e+01 -2.919425e-03 
 2.495989e+01 -2.902218e-03 
 2.496029e+01 -2.885621e-03 
 2.496069e+01 -2.869608e-03 
 2.496109e+01 -2.854286e-03 
 2.496149e+01 -2.839594e-03 
 2.496188e+01 -2.825411e-03 
 2.496228e+01 -2.811434e-03 
 2.496268e+01 -2.797534e-03 
 2.496308e+01 -2.783563e-03 
 2.496347e+01 -2.769220e-03 
 2.496387e+01 -2.754338e-03 
 2.496427e+01 -2.738772e-03 
 2.496467e+01 -2.722227e-03 
 2.496506e+01 -2.704598e-03 
 2.496546e+01 -2.685953e-03 
 2.496586e+01 -2.666003e-03 
 2.496626e+01 -2.644676e-03 
 2.496666e+01 -2.622107e-03 
 2.496705e+01 -2.598381e-03 
 2.496745e+01 -2.573732e-03 
 2.496785e+01 -2.548346e-03 
 2.496825e+01 -2.522542e-03 
 2.496864e+01 -2.496664e-03 
 2.496904e+01 -2.470917e-03 
 2.496944e+01 -2.445556e-03 
 2.496984e+01 -2.420730e-03 
 2.497023e+01 -2.396455e-03 
 2.497063e+01 -2.372784e-03 
 2.497103e+01 -2.349492e-03 
 2.497143e+01 -2.326397e-03 
 2.497183e+01 -2.303221e-03 
 2.497222e+01 -2.279751e-03 
 2.497262e+01 -2.255638e-03 
 2.497302e+01 -2.230733e-03 
 2.497342e+01 -2.204832e-03 
 2.497381e+01 -2.177803e-03 
 2.497421e+01 -2.149607e-03 
 2.497461e+01 -2.120317e-03 
 2.497501e+01 -2.090030e-03 
 2.497540e+01 -2.058782e-03 
 2.497580e+01 -2.026620e-03 
 2.497620e+01 -1.993566e-03 
 2.497660e+01 -1.959771e-03 
 2.497700e+01 -1.925475e-03 
 2.497739e+01 -1.890920e-03 
 2.497779e+01 -1.856193e-03 
 2.497819e+01 -1.821229e-03 
 2.497859e+01 -1.786112e-03 
 2.497898e+01 -1.750959e-03 
 2.497938e+01 -1.715882e-03 
 2.497978e+01 -1.680905e-03 
 2.498018e+01 -1.646028e-03 
 2.498057e+01 -1.611053e-03 
 2.498097e+01 -1.575757e-03 
 2.498137e+01 -1.539873e-03 
 2.498177e+01 -1.503192e-03 
 2.498217e+01 -1.465425e-03 
 2.498256e+01 -1.426503e-03 
 2.498296e+01 -1.386450e-03 
 2.498336e+01 -1.345425e-03 
 2.498376e+01 -1.303653e-03 
 2.498415e+01 -1.261138e-03 
 2.498455e+01 -1.218069e-03 
 2.498495e+01 -1.174637e-03 
 2.498535e+01 -1.131139e-03 
 2.498574e+01 -1.087953e-03 
 2.498614e+01 -1.045804e-03 
 2.498654e+01 -1.005237e-03 
 2.498694e+01 -9.668964e-04 
 2.498734e+01 -9.311574e-04 
 2.498773e+01 -8.982637e-04 
 2.498813e+01 -8.682682e-04 
 2.498853e+01 -8.410413e-04 
 2.498893e+01 -8.161778e-04 
 2.498932e+01 -7.934893e-04 
 2.498972e+01 -7.724576e-04 
 2.499012e+01 -7.527168e-04 
 2.499052e+01 -7.337691e-04 
 2.499091e+01 -7.152269e-04 
 2.499131e+01 -6.965874e-04 
 2.499171e+01 -6.777498e-04 
 2.499211e+01 -6.584424e-04 
 2.499251e+01 -6.387293e-04 
 2.499290e+01 -6.186574e-04 
 2.499330e+01 -5.981096e-04 
 2.499370e+01 -5.772813e-04 
 2.499410e+01 -5.562758e-04 
 2.499449e+01 -5.353901e-04 
 2.499489e+01 -5.150990e-04 
 2.499529e+01 -4.957157e-04 
 2.499569e+01 -4.776243e-04 
 2.499608e+01 -4.610326e-04 
 2.499648e+01 -4.462237e-04 
 2.499688e+01 -4.330960e-04 
 2.499728e+01 -4.215052e-04 
 2.499768e+01 -4.112491e-04 
 2.499807e+01 -4.019233e-04 
 2.499847e+01 -3.932345e-04 
 2.499887e+01 -3.849985e-04 
 2.499927e+01 -3.771729e-04 
 2.499966e+01 -3.696618e-04 
 2.500006e+01 -3.623487e-04 
 2.500046e+01 -3.552678e-04 
 2.500086e+01 -3.484020e-04 
 2.500125e+01 -3.418880e-04 
 2.500165e+01 -3.358643e-04 
 2.500205e+01 -3.305498e-04 
 2.500245e+01 -3.261776e-04 
 2.500285e+01 -3.230197e-04 
 2.500324e+01 -3.213760e-04 
 2.500364e+01 -3.213911e-04 
 2.500404e+01 -3.233350e-04 
 2.500444e+01 -3.273584e-04 
 2.500483e+01 -3.334507e-04 
 2.500523e+01 -3.417379e-04 
 2.500563e+01 -3.521301e-04 
 2.500603e+01 -3.642952e-04 
 2.500642e+01 -3.778923e-04 
 2.500682e+01 -3.925638e-04 
 2.500722e+01 -4.079861e-04 
 2.500762e+01 -4.239786e-04 
 2.500802e+01 -4.405512e-04 
 2.500841e+01 -4.576927e-04 
 2.500881e+01 -4.754812e-04 
 2.500921e+01 -4.937725e-04 
 2.500961e+01 -5.121849e-04 
 2.501000e+01 -5.304821e-04 
 2.501040e+01 -5.485576e-04 
 2.501080e+01 -5.663776e-04 
 2.501120e+01 -5.840195e-04 
 2.501160e+01 -6.018104e-04 
 2.501199e+01 -6.200143e-04 
 2.501239e+01 -6.388679e-04 
 2.501279e+01 -6.585035e-04 
 2.501319e+01 -6.788580e-04 
 2.501358e+01 -6.998916e-04 
 2.501398e+01 -7.213543e-04 
 2.501438e+01 -7.433459e-04 
 2.501478e+01 -7.660363e-04 
 2.501517e+01 -7.895073e-04 
 2.501557e+01 -8.137098e-04 
 2.501597e+01 -8.383869e-04 
 2.501637e+01 -8.634055e-04 
 2.501677e+01 -8.885085e-04 
 2.501716e+01 -9.133388e-04 
 2.501756e+01 -9.376427e-04 
 2.501796e+01 -9.612632e-04 
 2.501836e+01 -9.842166e-04 
 2.501875e+01 -1.006612e-03 
 2.501915e+01 -1.028674e-03 
 2.501955e+01 -1.050568e-03 
 2.501995e+01 -1.072505e-03 
 2.502034e+01 -1.094681e-03 
 2.502074e+01 -1.117552e-03 
 2.502114e+01 -1.141309e-03 
 2.502154e+01 -1.166238e-03 
 2.502194e+01 -1.192333e-03 
 2.502233e+01 -1.219482e-03 
 2.502273e+01 -1.247589e-03 
 2.502313e+01 -1.276372e-03 
 2.502353e+01 -1.305394e-03 
 2.502392e+01 -1.334240e-03 
 2.502432e+01 -1.362460e-03 
 2.502472e+01 -1.389513e-03 
 2.502512e+01 -1.415131e-03 
 2.502551e+01 -1.438774e-03 
 2.502591e+01 -1.460221e-03 
 2.502631e+01 -1.479424e-03 
 2.502671e+01 -1.496305e-03 
 2.502711e+01 -1.510875e-03 
 2.502750e+01 -1.523336e-03 
 2.502790e+01 -1.533931e-03 
 2.502830e+01 -1.543049e-03 
 2.502870e+01 -1.551112e-03 
 2.502909e+01 -1.558455e-03 
 2.502949e+01 -1.565433e-03 
 2.502989e+01 -1.572161e-03 
 2.503029e+01 -1.579134e-03 
 2.503068e+01 -1.586565e-03 
 2.503108e+01 -1.594599e-03 
 2.503148e+01 -1.602929e-03 
 2.503188e+01 -1.611427e-03 
 2.503228e+01 -1.619835e-03 
 2.503267e+01 -1.627887e-03 
 2.503307e+01 -1.635353e-03 
 2.503347e+01 -1.642027e-03 
 2.503387e+01 -1.647818e-03 
 2.503426e+01 -1.652739e-03 
 2.503466e+01 -1.656822e-03 
 2.503506e+01 -1.660265e-03 
 2.503546e+01 -1.662982e-03 
 2.503585e+01 -1.664908e-03 
 2.503625e+01 -1.666238e-03 
 2.503665e+01 -1.667212e-03 
 2.503705e+01 -1.668080e-03 
 2.503745e+01 -1.669020e-03 
 2.503784e+01 -1.670409e-03 
 2.503824e+01 -1.672464e-03 
 2.503864e+01 -1.675472e-03 
 2.503904e+01 -1.679585e-03 
 2.503943e+01 -1.684935e-03 
 2.503983e+01 -1.691628e-03 
 2.504023e+01 -1.699565e-03 
 2.504063e+01 -1.708946e-03 
 2.504102e+01 -1.719608e-03 
 2.504142e+01 -1.731305e-03 
 2.504182e+01 -1.743565e-03 
 2.504222e+01 -1.755972e-03 
 2.504262e+01 -1.768286e-03 
 2.504301e+01 -1.780208e-03 
 2.504341e+01 -1.791734e-03 
 2.504381e+01 -1.802595e-03 
 2.504421e+01 -1.812669e-03 
 2.504460e+01 -1.821476e-03 
 2.504500e+01 -1.829029e-03 
 2.504540e+01 -1.835017e-03 
 2.504580e+01 -1.839557e-03 
 2.504619e+01 -1.842779e-03 
 2.504659e+01 -1.845006e-03 
 2.504699e+01 -1.846689e-03 
 2.504739e+01 -1.848000e-03 
 2.504779e+01 -1.849349e-03 
 2.504818e+01 -1.850948e-03 
 2.504858e+01 -1.852832e-03 
 2.504898e+01 -1.854851e-03 
 2.504938e+01 -1.856776e-03 
 2.504977e+01 -1.858498e-03 
 2.505017e+01 -1.859778e-03 
 2.505057e+01 -1.860393e-03 
 2.505097e+01 -1.860035e-03 
 2.505136e+01 -1.858388e-03 
 2.505176e+01 -1.855201e-03 
 2.505216e+01 -1.850237e-03 
 2.505256e+01 -1.843517e-03 
 2.505296e+01 -1.835012e-03 
 2.505335e+01 -1.824734e-03 
 2.505375e+01 -1.812631e-03 
 2.505415e+01 -1.798914e-03 
 2.505455e+01 -1.783976e-03 
 2.505494e+01 -1.767969e-03 
 2.505534e+01 -1.751248e-03 
 2.505574e+01 -1.734266e-03 
 2.505614e+01 -1.717273e-03 
 2.505653e+01 -1.700615e-03 
 2.505693e+01 -1.684341e-03 
 2.505733e+01 -1.668477e-03 
 2.505773e+01 -1.652831e-03 
 2.505813e+01 -1.637122e-03 
 2.505852e+01 -1.621160e-03 
 2.505892e+01 -1.604780e-03 
 2.505932e+01 -1.587927e-03 
 2.505972e+01 -1.570300e-03 
 2.506011e+01 -1.551782e-03 
 2.506051e+01 -1.532151e-03 
 2.506091e+01 -1.511120e-03 
 2.506131e+01 -1.488531e-03 
 2.506170e+01 -1.464299e-03 
 2.506210e+01 -1.438633e-03 
 2.506250e+01 -1.411856e-03 
 2.506290e+01 -1.384471e-03 
 2.506330e+01 -1.356892e-03 
 2.506369e+01 -1.329335e-03 
 2.506409e+01 -1.302023e-03 
 2.506449e+01 -1.274993e-03 
 2.506489e+01 -1.248160e-03 
 2.506528e+01 -1.221391e-03 
 2.506568e+01 -1.194842e-03 
 2.506608e+01 -1.168502e-03 
 2.506648e+01 -1.142452e-03 
 2.506687e+01 -1.116739e-03 
 2.506727e+01 -1.091133e-03 
 2.506767e+01 -1.065523e-03 
 2.506807e+01 -1.039600e-03 
 2.506847e+01 -1.013177e-03 
 2.506886e+01 -9.860990e-04 
 2.506926e+01 -9.581650e-04 
 2.506966e+01 -9.292422e-04 
 2.507006e+01 -8.993317e-04 
 2.507045e+01 -8.686435e-04 
 2.507085e+01 -8.371536e-04 
 2.507125e+01 -8.050295e-04 
 2.507165e+01 -7.727111e-04 
 2.507204e+01 -7.405273e-04 
 2.507244e+01 -7.088033e-04 
 2.507284e+01 -6.776697e-04 
 2.507324e+01 -6.472579e-04 
 2.507364e+01 -6.174941e-04 
 2.507403e+01 -5.882968e-04 
 2.507443e+01 -5.596612e-04 
 2.507483e+01 -5.313468e-04 
 2.507523e+01 -5.033271e-04 
 2.507562e+01 -4.753816e-04 
 2.507602e+01 -4.474562e-04 
 2.507642e+01 -4.193234e-04 
 2.507682e+01 -3.907753e-04 
 2.507721e+01 -3.613591e-04 
 2.507761e+01 -3.308579e-04 
 2.507801e+01 -2.990612e-04 
 2.507841e+01 -2.657210e-04 
 2.507881e+01 -2.308028e-04 
 2.507920e+01 -1.942822e-04 
 2.507960e+01 -1.562295e-04 
 2.508000e+01 -1.169368e-04 
 2.508040e+01 -7.679432e-05 
 2.508079e+01 -3.630533e-05 
 2.508119e+01  3.801195e-06 
 2.508159e+01  4.326303e-05 
 2.508199e+01  8.168551e-05 
 2.508238e+01  1.187910e-04 
 2.508278e+01  1.545685e-04 
 2.508318e+01  1.890534e-04 
 2.508358e+01  2.224215e-04 
 2.508398e+01  2.547129e-04 
 2.508437e+01  2.860063e-04 
 2.508477e+01  3.164800e-04 
 2.508517e+01  3.463548e-04 
 2.508557e+01  3.759725e-04 
 2.508596e+01  4.057469e-04 
 2.508636e+01  4.360054e-04 
 2.508676e+01  4.671532e-04 
 2.508716e+01  4.995180e-04 
 2.508755e+01  5.330495e-04 
 2.508795e+01  5.675557e-04 
 2.508835e+01  6.026646e-04 
 2.508875e+01  6.380419e-04 
 2.508915e+01  6.732337e-04 
 2.508954e+01  7.079158e-04 
 2.508994e+01  7.415781e-04 
 2.509034e+01  7.738138e-04 
 2.509074e+01  8.042506e-04 
 2.509113e+01  8.327399e-04 
 2.509153e+01  8.590542e-04 
 2.509193e+01  8.828141e-04 
 2.509233e+01  9.039439e-04 
 2.509272e+01  9.225189e-04 
 2.509312e+01  9.389039e-04 
 2.509352e+01  9.534235e-04 
 2.509392e+01  9.662438e-04 
 2.509432e+01  9.775994e-04 
 2.509471e+01  9.877230e-04 
 2.509511e+01  9.969101e-04 
 2.509551e+01  1.005141e-03 
 2.509591e+01  1.012562e-03 
 2.509630e+01  1.019197e-03 
 2.509670e+01  1.025101e-03 
 2.509710e+01  1.030303e-03 
 2.509750e+01  1.034628e-03 
 2.509789e+01  1.037722e-03 
 2.509829e+01  1.039153e-03 
 2.509869e+01  1.038640e-03 
 2.509909e+01  1.036018e-03 
 2.509949e+01  1.031315e-03 
 2.509988e+01  1.024492e-03 
 2.510028e+01  1.015947e-03 
 2.510068e+01  1.005942e-03 
 2.510108e+01  9.948075e-04 
 2.510147e+01  9.828377e-04 
 2.510187e+01  9.702301e-04 
 2.510227e+01  9.572311e-04 
 2.510267e+01  9.440598e-04 
 2.510307e+01  9.309058e-04 
 2.510346e+01  9.181534e-04 
 2.510386e+01  9.059984e-04 
 2.510426e+01  8.945889e-04 
 2.510466e+01  8.839801e-04 
 2.510505e+01  8.743188e-04 
 2.510545e+01  8.655424e-04 
 2.510585e+01  8.576274e-04 
 2.510625e+01  8.505402e-04 
 2.510664e+01  8.441455e-04 
 2.510704e+01  8.382510e-04 
 2.510744e+01  8.327619e-04 
 2.510784e+01  8.272652e-04 
 2.510824e+01  8.216117e-04 
 2.510863e+01  8.156131e-04 
 2.510903e+01  8.091401e-04 
 2.510943e+01  8.021485e-04 
 2.510983e+01  7.945379e-04 
 2.511022e+01  7.862328e-04 
 2.511062e+01  7.773750e-04 
 2.511102e+01  7.679781e-04 
 2.511142e+01  7.581690e-04 
 2.511181e+01  7.480066e-04 
 2.511221e+01  7.378292e-04 
 2.511261e+01  7.278243e-04 
 2.511301e+01  7.181795e-04 
 2.511341e+01  7.089913e-04 
 2.511380e+01  7.001170e-04 
 2.511420e+01  6.914781e-04 
 2.511460e+01  6.829560e-04 
 2.511500e+01  6.743598e-04 
 2.511539e+01  6.654400e-04 
 2.511579e+01  6.557928e-04 
 2.511619e+01  6.450680e-04 
 2.511659e+01  6.330150e-04 
 2.511698e+01  6.194862e-04 
 2.511738e+01  6.044743e-04 
 2.511778e+01  5.878488e-04 
 2.511818e+01  5.696485e-04 
 2.511858e+01  5.504110e-04 
 2.511897e+01  5.304570e-04 
 2.511937e+01  5.101826e-04 
 2.511977e+01  4.900251e-04 
 2.512017e+01  4.701623e-04 
 2.512056e+01  4.508235e-04 
 2.512096e+01  4.321377e-04 
 2.512136e+01  4.143296e-04 
 2.512176e+01  3.975323e-04 
 2.512215e+01  3.818380e-04 
 2.512255e+01  3.669735e-04 
 2.512295e+01  3.527548e-04 
 2.512335e+01  3.390100e-04 
 2.512375e+01  3.252059e-04 
 2.512414e+01  3.109797e-04 
 2.512454e+01  2.959026e-04 
 2.512494e+01  2.797654e-04 
 2.512534e+01  2.625016e-04 
 2.512573e+01  2.440734e-04 
 2.512613e+01  2.247113e-04 
 2.512653e+01  2.044236e-04 
 2.512693e+01  1.832682e-04 
 2.512732e+01  1.615233e-04 
 2.512772e+01  1.393304e-04 
 2.512812e+01  1.169401e-04 
 2.512852e+01  9.482425e-05 
 2.512892e+01  7.331240e-05 
 2.512931e+01  5.264045e-05 
 2.512971e+01  3.305103e-05 
 2.513011e+01  1.469043e-05 
 2.513051e+01 -2.429097e-06 
 2.513090e+01 -1.816242e-05 
 2.513130e+01 -3.276474e-05 
 2.513170e+01 -4.647807e-05 
 2.513210e+01 -5.951803e-05 
 2.513249e+01 -7.216096e-05 
 2.513289e+01 -8.461219e-05 
 2.513329e+01 -9.692848e-05 
 2.513369e+01 -1.093765e-04 
 2.513409e+01 -1.220846e-04 
 2.513448e+01 -1.349460e-04 
 2.513488e+01 -1.478803e-04 
 2.513528e+01 -1.610475e-04 
 2.513568e+01 -1.746241e-04 
 2.513607e+01 -1.887062e-04 
 2.513647e+01 -2.034081e-04 
 2.513687e+01 -2.187278e-04 
 2.513727e+01 -2.342488e-04 
 2.513766e+01 -2.496149e-04 
 2.513806e+01 -2.646199e-04 
 2.513846e+01 -2.787137e-04 
 2.513886e+01 -2.917878e-04 
 2.513926e+01 -3.034443e-04 
 2.513965e+01 -3.137561e-04 
 2.514005e+01 -3.228991e-04 
 2.514045e+01 -3.309080e-04 
 2.514085e+01 -3.378914e-04 
 2.514124e+01 -3.439371e-04 
 2.514164e+01 -3.492949e-04 
 2.514204e+01 -3.540892e-04 
 2.514244e+01 -3.585131e-04 
 2.514283e+01 -3.630040e-04 
 2.514323e+01 -3.678770e-04 
 2.514363e+01 -3.733380e-04 
 2.514403e+01 -3.794998e-04 
 2.514443e+01 -3.866460e-04 
 2.514482e+01 -3.945523e-04 
 2.514522e+01 -4.028922e-04 
 2.514562e+01 -4.114717e-04 
 2.514602e+01 -4.198295e-04 
 2.514641e+01 -4.275668e-04 
 2.514681e+01 -4.342379e-04 
 2.514721e+01 -4.394431e-04 
 2.514761e+01 -4.427897e-04 
 2.514800e+01 -4.441875e-04 
 2.514840e+01 -4.435957e-04 
 2.514880e+01 -4.412542e-04 
 2.514920e+01 -4.376980e-04 
 2.514960e+01 -4.332955e-04 
 2.514999e+01 -4.286636e-04 
 2.515039e+01 -4.242573e-04 
 2.515079e+01 -4.204610e-04 
 2.515119e+01 -4.174837e-04 
 2.515158e+01 -4.155355e-04 
 2.515198e+01 -4.146448e-04 
 2.515238e+01 -4.147749e-04 
 2.515278e+01 -4.159991e-04 
 2.515317e+01 -4.182719e-04 
 2.515357e+01 -4.213417e-04 
 2.515397e+01 -4.247681e-04 
 2.515437e+01 -4.282120e-04 
 2.515477e+01 -4.310206e-04 
 2.515516e+01 -4.328556e-04 
 2.515556e+01 -4.335297e-04 
 2.515596e+01 -4.329022e-04 
 2.515636e+01 -4.308096e-04 
 2.515675e+01 -4.271457e-04 
 2.515715e+01 -4.219934e-04 
 2.515755e+01 -4.154587e-04 
 2.515795e+01 -4.075256e-04 
 2.515834e+01 -3.981638e-04 
 2.515874e+01 -3.873275e-04 
 2.515914e+01 -3.751126e-04 
 2.515954e+01 -3.616332e-04 
 2.515994e+01 -3.471560e-04 
 2.516033e+01 -3.317926e-04 
 2.516073e+01 -3.155745e-04 
 2.516113e+01 -2.983630e-04 
 2.516153e+01 -2.801755e-04 
 2.516192e+01 -2.610964e-04 
 2.516232e+01 -2.409267e-04 
 2.516272e+01 -2.193307e-04 
 2.516312e+01 -1.962269e-04 
 2.516351e+01 -1.714288e-04 
 2.516391e+01 -1.449546e-04 
 2.516431e+01 -1.169462e-04 
 2.516471e+01 -8.751733e-05 
 2.516511e+01 -5.675995e-05 
 2.516550e+01 -2.472883e-05 
 2.516590e+01  8.557271e-06 
 2.516630e+01  4.270416e-05 
 2.516670e+01  7.754620e-05 
 2.516709e+01  1.127245e-04 
 2.516749e+01  1.479313e-04 
 2.516789e+01  1.826150e-04 
 2.516829e+01  2.165263e-04 
 2.516868e+01  2.493403e-04 
 2.516908e+01  2.807998e-04 
 2.516948e+01  3.107164e-04 
 2.516988e+01  3.392185e-04 
 2.517028e+01  3.665045e-04 
 2.517067e+01  3.926721e-04 
 2.517107e+01  4.181316e-04 
 2.517147e+01  4.429340e-04 
 2.517187e+01  4.672694e-04 
 2.517226e+01  4.915737e-04 
 2.517266e+01  5.160387e-04 
 2.517306e+01  5.410440e-04 
 2.517346e+01  5.668271e-04 
 2.517385e+01  5.935183e-04 
 2.517425e+01  6.210787e-04 
 2.517465e+01  6.494183e-04 
 2.517505e+01  6.783142e-04 
 2.517545e+01  7.073006e-04 
 2.517584e+01  7.360254e-04 
 2.517624e+01  7.643112e-04 
 2.517664e+01  7.919809e-04 
 2.517704e+01  8.190029e-04 
 2.517743e+01  8.452782e-04 
 2.517783e+01  8.704815e-04 
 2.517823e+01  8.945789e-04 
 2.517863e+01  9.174887e-04 
 2.517902e+01  9.391916e-04 
 2.517942e+01  9.597845e-04 
 2.517982e+01  9.795540e-04 
 2.518022e+01  9.989873e-04 
 2.518062e+01  1.018455e-03 
 2.518101e+01  1.038581e-03 
 2.518141e+01  1.059822e-03 
 2.518181e+01  1.082276e-03 
 2.518221e+01  1.105985e-03 
 2.518260e+01  1.130968e-03 
 2.518300e+01  1.157124e-03 
 2.518340e+01  1.184220e-03 
 2.518380e+01  1.211744e-03 
 2.518419e+01  1.239193e-03 
 2.518459e+01  1.266421e-03 
 2.518499e+01  1.293019e-03 
 2.518539e+01  1.318567e-03 
 2.518579e+01  1.342793e-03 
 2.518618e+01  1.365520e-03 
 2.518658e+01  1.386513e-03 
 2.518698e+01  1.405710e-03 
 2.518738e+01  1.423235e-03 
 2.518777e+01  1.438961e-03 
 2.518817e+01  1.452743e-03 
 2.518857e+01  1.464947e-03 
 2.518897e+01  1.475817e-03 
 2.518936e+01  1.485653e-03 
 2.518976e+01  1.494728e-03 
 2.519016e+01  1.503260e-03 
 2.519056e+01  1.511463e-03 
 2.519096e+01  1.519377e-03 
 2.519135e+01  1.526883e-03 
 2.519175e+01  1.533946e-03 
 2.519215e+01  1.540288e-03 
 2.519255e+01  1.545584e-03 
 2.519294e+01  1.549512e-03 
 2.519334e+01  1.552045e-03 
 2.519374e+01  1.553201e-03 
 2.519414e+01  1.552890e-03 
 2.519454e+01  1.551213e-03 
 2.519493e+01  1.548095e-03 
 2.519533e+01  1.543393e-03 
 2.519573e+01  1.536990e-03 
 2.519613e+01  1.528954e-03 
 2.519652e+01  1.519286e-03 
 2.519692e+01  1.508129e-03 
 2.519732e+01  1.495744e-03 
 2.519772e+01  1.482411e-03 
 2.519811e+01  1.468443e-03 
 2.519851e+01  1.454251e-03 
 2.519891e+01  1.440183e-03 
 2.519931e+01  1.426383e-03 
 2.519971e+01  1.412783e-03 
 2.520010e+01  1.399518e-03 
 2.520050e+01  1.386607e-03 
 2.520090e+01  1.374033e-03 
 2.520130e+01  1.361680e-03 
 2.520169e+01  1.349432e-03 
 2.520209e+01  1.337180e-03 
 2.520249e+01  1.324832e-03 
 2.520289e+01  1.312281e-03 
 2.520328e+01  1.299517e-03 
 2.520368e+01  1.286245e-03 
 2.520408e+01  1.272059e-03 
 2.520448e+01  1.256892e-03 
 2.520488e+01  1.240742e-03 
 2.520527e+01  1.223554e-03 
 2.520567e+01  1.205303e-03 
 2.520607e+01  1.186180e-03 
 2.520647e+01  1.166509e-03 
 2.520686e+01  1.146523e-03 
 2.520726e+01  1.126672e-03 
 2.520766e+01  1.107129e-03 
 2.520806e+01  1.088100e-03 
 2.520845e+01  1.069825e-03 
 2.520885e+01  1.052378e-03 
 2.520925e+01  1.035908e-03 
 2.520965e+01  1.020426e-03 
 2.521005e+01  1.005680e-03 
 2.521044e+01  9.914673e-04 
 2.521084e+01  9.776567e-04 
 2.521124e+01  9.640643e-04 
 2.521164e+01  9.502921e-04 
 2.521203e+01  9.362153e-04 
 2.521243e+01  9.217428e-04 
 2.521283e+01  9.068211e-04 
 2.521323e+01  8.913609e-04 
 2.521362e+01  8.754422e-04 
 2.521402e+01  8.593431e-04 
 2.521442e+01  8.431320e-04 
 2.521482e+01  8.271033e-04 
 2.521522e+01  8.114944e-04 
 2.521561e+01  7.966292e-04 
 2.521601e+01  7.827896e-04 
 2.521641e+01  7.701968e-04 
 2.521681e+01  7.588904e-04 
 2.521720e+01  7.489237e-04 
 2.521760e+01  7.401498e-04 
 2.521800e+01  7.322914e-04 
 2.521840e+01  7.250564e-04 
 2.521879e+01  7.181036e-04 
 2.521919e+01  7.109619e-04 
 2.521959e+01  7.032915e-04 
 2.521999e+01  6.945771e-04 
 2.522039e+01  6.844412e-04 
 2.522078e+01  6.727533e-04 
 2.522118e+01  6.592797e-04 
 2.522158e+01  6.439681e-04 
 2.522198e+01  6.268438e-04 
 2.522237e+01  6.082003e-04 
 2.522277e+01  5.882548e-04 
 2.522317e+01  5.672304e-04 
 2.522357e+01  5.454884e-04 
 2.522396e+01  5.233798e-04 
 2.522436e+01  5.012315e-04 
 2.522476e+01  4.794578e-04 
 2.522516e+01  4.583303e-04 
 2.522556e+01  4.379966e-04 
 2.522595e+01  4.184536e-04 
 2.522635e+01  3.997732e-04 
 2.522675e+01  3.817820e-04 
 2.522715e+01  3.643103e-04 
 2.522754e+01  3.470336e-04 
 2.522794e+01  3.296799e-04 
 2.522834e+01  3.122392e-04 
 2.522874e+01  2.946607e-04 
 2.522913e+01  2.766706e-04 
 2.522953e+01  2.582105e-04 
 2.522993e+01  2.390185e-04 
 2.523033e+01  2.188743e-04 
 2.523073e+01  1.977972e-04 
 2.523112e+01  1.759468e-04 
 2.523152e+01  1.534247e-04 
 2.523192e+01  1.302958e-04 
 2.523232e+01  1.068841e-04 
 2.523271e+01  8.365301e-05 
 2.523311e+01  6.068032e-05 
 2.523351e+01  3.815681e-05 
 2.523391e+01  1.626731e-05 
 2.523430e+01 -4.744937e-06 
 2.523470e+01 -2.473742e-05 
 2.523510e+01 -4.367444e-05 
 2.523550e+01 -6.151275e-05 
 2.523590e+01 -7.823127e-05 
 2.523629e+01 -9.412304e-05 
 2.523669e+01 -1.095862e-04 
 2.523709e+01 -1.249987e-04 
 2.523749e+01 -1.405390e-04 
 2.523788e+01 -1.564224e-04 
 2.523828e+01 -1.729242e-04 
 2.523868e+01 -1.900563e-04 
 2.523908e+01 -2.078690e-04 
 2.523947e+01 -2.263683e-04 
 2.523987e+01 -2.453787e-04 
 2.524027e+01 -2.645966e-04 
 2.524067e+01 -2.837638e-04 
 2.524107e+01 -3.022930e-04 
 2.524146e+01 -3.197176e-04 
 2.524186e+01 -3.355751e-04 
 2.524226e+01 -3.493217e-04 
 2.524266e+01 -3.606623e-04 
 2.524305e+01 -3.695795e-04 
 2.524345e+01 -3.762451e-04 
 2.524385e+01 -3.806710e-04 
 2.524425e+01 -3.831189e-04 
 2.524464e+01 -3.838608e-04 
 2.524504e+01 -3.829880e-04 
 2.524544e+01 -3.809608e-04 
 2.524584e+01 -3.780580e-04 
 2.524624e+01 -3.747217e-04 
 2.524663e+01 -3.712908e-04 
 2.524703e+01 -3.681719e-04 
 2.524743e+01 -3.658228e-04 
 2.524783e+01 -3.644386e-04 
 2.524822e+01 -3.640639e-04 
 2.524862e+01 -3.644641e-04 
 2.524902e+01 -3.655096e-04 
 2.524942e+01 -3.668342e-04 
 2.524981e+01 -3.681238e-04 
 2.525021e+01 -3.689956e-04 
 2.525061e+01 -3.690037e-04 
 2.525101e+01 -3.680002e-04 
 2.525141e+01 -3.658303e-04 
 2.525180e+01 -3.625279e-04 
 2.525220e+01 -3.582025e-04 
 2.525260e+01 -3.528976e-04 
 2.525300e+01 -3.466214e-04 
 2.525339e+01 -3.395339e-04 
 2.525379e+01 -3.317485e-04 
 2.525419e+01 -3.232364e-04 
 2.525459e+01 -3.139776e-04 
 2.525498e+01 -3.040171e-04 
 2.525538e+01 -2.935591e-04 
 2.525578e+01 -2.827302e-04 
 2.525618e+01 -2.715329e-04 
 2.525658e+01 -2.596424e-04 
 2.525697e+01 -2.471169e-04 
 2.525737e+01 -2.336783e-04 
 2.525777e+01 -2.188640e-04 
 2.525817e+01 -2.025072e-04 
 2.525856e+01 -1.844557e-04 
 2.525896e+01 -1.644979e-04 
 2.525936e+01 -1.424543e-04 
 2.525976e+01 -1.182904e-04 
 2.526015e+01 -9.201453e-05 
 2.526055e+01 -6.366324e-05 
 2.526095e+01 -3.318058e-05 
 2.526135e+01 -8.076953e-07 
 2.526175e+01  3.302722e-05 
 2.526214e+01  6.808551e-05 
 2.526254e+01  1.040484e-04 
 2.526294e+01  1.406248e-04 
 2.526334e+01  1.775931e-04 
 2.526373e+01  2.147776e-04 
 2.526413e+01  2.521214e-04 
 2.526453e+01  2.897147e-04 
 2.526493e+01  3.273823e-04 
 2.526532e+01  3.648121e-04 
 2.526572e+01  4.021733e-04 
 2.526612e+01  4.395013e-04 
 2.526652e+01  4.770117e-04 
 2.526692e+01  5.150423e-04 
 2.526731e+01  5.539327e-04 
 2.526771e+01  5.938716e-04 
 2.526811e+01  6.349236e-04 
 2.526851e+01  6.771982e-04 
 2.526890e+01  7.204936e-04 
 2.526930e+01  7.647948e-04 
 2.526970e+01  8.100066e-04 
 2.527010e+01  8.561185e-04 
 2.527049e+01  9.030526e-04 
 2.527089e+01  9.504111e-04 
 2.527129e+01  9.978540e-04 
 2.527169e+01  1.044805e-03 
 2.527209e+01  1.090820e-03 
 2.527248e+01  1.135403e-03 
 2.527288e+01  1.178272e-03 
 2.527328e+01  1.219182e-03 
 2.527368e+01  1.258012e-03 
 2.527407e+01  1.294969e-03 
 2.527447e+01  1.330260e-03 
 2.527487e+01  1.364215e-03 
 2.527527e+01  1.397120e-03 
 2.527566e+01  1.429108e-03 
 2.527606e+01  1.460621e-03 
 2.527646e+01  1.491940e-03 
 2.527686e+01  1.523250e-03 
 2.527726e+01  1.554661e-03 
 2.527765e+01  1.586266e-03 
 2.527805e+01  1.617998e-03 
 2.527845e+01  1.649934e-03 
 2.527885e+01  1.681799e-03 
 2.527924e+01  1.713456e-03 
 2.527964e+01  1.744754e-03 
 2.528004e+01  1.775347e-03 
 2.528044e+01  1.804977e-03 
 2.528083e+01  1.833327e-03 
 2.528123e+01  1.860317e-03 
 2.528163e+01  1.885861e-03 
 2.528203e+01  1.909916e-03 
 2.528243e+01  1.932491e-03 
 2.528282e+01  1.953641e-03 
 2.528322e+01  1.973612e-03 
 2.528362e+01  1.992473e-03 
 2.528402e+01  2.010472e-03 
 2.528441e+01  2.027808e-03 
 2.528481e+01  2.044700e-03 
 2.528521e+01  2.061244e-03 
 2.528561e+01  2.077511e-03 
 2.528601e+01  2.093695e-03 
 2.528640e+01  2.109737e-03 
 2.528680e+01  2.125602e-03 
 2.528720e+01  2.141332e-03 
 2.528760e+01  2.156746e-03 
 2.528799e+01  2.171800e-03 
 2.528839e+01  2.186445e-03 
 2.528879e+01  2.200418e-03 
 2.528919e+01  2.213561e-03 
 2.528958e+01  2.225547e-03 
 2.528998e+01  2.235976e-03 
 2.529038e+01  2.244504e-03 
 2.529078e+01  2.250820e-03 
 2.529118e+01  2.254793e-03 
 2.529157e+01  2.256484e-03 
 2.529197e+01  2.256146e-03 
 2.529237e+01  2.254113e-03 
 2.529277e+01  2.250739e-03 
 2.529316e+01  2.246448e-03 
 2.529356e+01  2.241690e-03 
 2.529396e+01  2.236764e-03 
 2.529436e+01  2.231761e-03 
 2.529475e+01  2.227015e-03 
 2.529515e+01  2.222696e-03 
 2.529555e+01  2.218982e-03 
 2.529595e+01  2.216066e-03 
 2.529635e+01  2.214147e-03 
 2.529674e+01  2.213389e-03 
 2.529714e+01  2.213576e-03 
 2.529754e+01  2.214588e-03 
 2.529794e+01  2.216298e-03 
 2.529833e+01  2.218578e-03 
 2.529873e+01  2.221025e-03 
 2.529913e+01  2.223400e-03 
 2.529953e+01  2.225297e-03 
 2.529992e+01  2.226670e-03 
 2.530032e+01  2.227409e-03 
 2.530072e+01  2.227601e-03 
 2.530112e+01  2.227481e-03 
 2.530152e+01  2.227135e-03 
 2.530191e+01  2.226688e-03 
 2.530231e+01  2.226247e-03 
 2.530271e+01  2.225926e-03 
 2.530311e+01  2.225790e-03 
 2.530350e+01  2.225822e-03 
 2.530390e+01  2.226034e-03 
 2.530430e+01  2.226250e-03 
 2.530470e+01  2.226502e-03 
 2.530509e+01  2.226665e-03 
 2.530549e+01  2.226534e-03 
 2.530589e+01  2.225759e-03 
 2.530629e+01  2.224002e-03 
 2.530669e+01  2.220946e-03 
 2.530708e+01  2.216156e-03 
 2.530748e+01  2.209491e-03 
 2.530788e+01  2.200779e-03 
 2.530828e+01  2.189966e-03 
 2.530867e+01  2.177102e-03 
 2.530907e+01  2.162289e-03 
 2.530947e+01  2.145791e-03 
 2.530987e+01  2.128197e-03 
 2.531026e+01  2.109819e-03 
 2.531066e+01  2.090960e-03 
 2.531106e+01  2.072066e-03 
 2.531146e+01  2.053336e-03 
 2.531186e+01  2.035269e-03 
 2.531225e+01  2.017979e-03 
 2.531265e+01  2.001533e-03 
 2.531305e+01  1.985943e-03 
 2.531345e+01  1.971013e-03 
 2.531384e+01  1.956885e-03 
 2.531424e+01  1.943368e-03 
 2.531464e+01  1.930312e-03 
 2.531504e+01  1.917477e-03 
 2.531543e+01  1.904809e-03 
 2.531583e+01  1.892087e-03 
 2.531623e+01  1.878856e-03 
 2.531663e+01  1.865120e-03 
 2.531703e+01  1.850712e-03 
 2.531742e+01  1.835607e-03 
 2.531782e+01  1.819638e-03 
 2.531822e+01  1.803129e-03 
 2.531862e+01  1.786387e-03 
 2.531901e+01  1.769630e-03 
 2.531941e+01  1.753023e-03 
 2.531981e+01  1.736947e-03 
 2.532021e+01  1.721611e-03 
 2.532060e+01  1.706874e-03 
 2.532100e+01  1.692654e-03 
 2.532140e+01  1.678959e-03 
 2.532180e+01  1.665747e-03 
 2.532220e+01  1.652751e-03 
 2.532259e+01  1.639649e-03 
 2.532299e+01  1.626195e-03 
 2.532339e+01  1.611972e-03 
 2.532379e+01  1.596632e-03 
 2.532418e+01  1.579646e-03 
 2.532458e+01  1.560735e-03 
 2.532498e+01  1.539552e-03 
 2.532538e+01  1.516018e-03 
 2.532577e+01  1.490236e-03 
 2.532617e+01  1.462136e-03 
 2.532657e+01  1.432038e-03 
 2.532697e+01  1.400148e-03 
 2.532737e+01  1.366939e-03 
 2.532776e+01  1.332739e-03 
 2.532816e+01  1.297905e-03 
 2.532856e+01  1.262849e-03 
 2.532896e+01  1.227843e-03 
 2.532935e+01  1.193184e-03 
 2.532975e+01  1.159174e-03 
 2.533015e+01  1.125853e-03 
 2.533055e+01  1.093386e-03 
 2.533094e+01  1.061680e-03 
 2.533134e+01  1.030709e-03 
 2.533174e+01  1.000537e-03 
 2.533214e+01  9.708100e-04 
 2.533254e+01  9.412312e-04 
 2.533293e+01  9.116997e-04 
 2.533333e+01  8.818849e-04 
 2.533373e+01  8.516451e-04 
 2.533413e+01  8.207878e-04 
 2.533452e+01  7.893190e-04 
 2.533492e+01  7.571667e-04 
 2.533532e+01  7.246784e-04 
 2.533572e+01  6.922769e-04 
 2.533611e+01  6.603627e-04 
 2.533651e+01  6.292921e-04 
 2.533691e+01  5.993960e-04 
 2.533731e+01  5.711852e-04 
 2.533771e+01  5.448029e-04 
 2.533810e+01  5.202307e-04 
 2.533850e+01  4.975478e-04 
 2.533890e+01  4.767924e-04 
 2.533930e+01  4.579368e-04 
 2.533969e+01  4.407489e-04 
 2.534009e+01  4.250107e-04 
 2.534049e+01  4.103316e-04 
 2.534089e+01  3.961084e-04 
 2.534128e+01  3.816491e-04 
 2.534168e+01  3.665352e-04 
 2.534208e+01  3.503908e-04 
 2.534248e+01  3.327663e-04 
 2.534288e+01  3.136361e-04 
 2.534327e+01  2.932177e-04 
 2.534367e+01  2.718581e-04 
 2.534407e+01  2.498914e-04 
 2.534447e+01  2.276215e-04 
 2.534486e+01  2.055793e-04 
 2.534526e+01  1.841576e-04 
 2.534566e+01  1.633543e-04 
 2.534606e+01  1.433196e-04 
 2.534645e+01  1.243407e-04 
 2.534685e+01  1.066172e-04 
 2.534725e+01  9.051276e-05 
 2.534765e+01  7.621236e-05 
 2.534805e+01  6.382240e-05 
 2.534844e+01  5.332565e-05 
 2.534884e+01  4.454604e-05 
 2.534924e+01  3.745724e-05 
 2.534964e+01  3.175242e-05 
 2.535003e+01  2.726913e-05 
 2.535043e+01  2.389683e-05 
 2.535083e+01  2.160902e-05 
 2.535123e+01  2.048053e-05 
 2.535162e+01  2.068370e-05 
 2.535202e+01  2.231756e-05 
 2.535242e+01  2.545998e-05 
 2.535282e+01  3.006388e-05 
 2.535322e+01  3.617772e-05 
 2.535361e+01  4.396039e-05 
 2.535401e+01  5.326085e-05 
 2.535441e+01  6.424484e-05 
 2.535481e+01  7.681156e-05 
 2.535520e+01  9.089884e-05 
 2.535560e+01  1.065632e-04 
 2.535600e+01  1.236739e-04 
 2.535640e+01  1.422379e-04 
 2.535679e+01  1.620272e-04 
 2.535719e+01  1.828782e-04 
 2.535759e+01  2.046494e-04 
 2.535799e+01  2.271635e-04 
 2.535839e+01  2.501520e-04 
 2.535878e+01  2.733007e-04 
 2.535918e+01  2.963473e-04 
 2.535958e+01  3.189583e-04 
 2.535998e+01  3.409492e-04 
 2.536037e+01  3.622271e-04 
 2.536077e+01  3.828371e-04 
 2.536117e+01  4.029920e-04 
 2.536157e+01  4.229142e-04 
 2.536196e+01  4.429368e-04 
 2.536236e+01  4.635043e-04 
 2.536276e+01  4.849508e-04 
 2.536316e+01  5.074762e-04 
 2.536356e+01  5.314067e-04 
 2.536395e+01  5.570029e-04 
 2.536435e+01  5.844737e-04 
 2.536475e+01  6.138323e-04 
 2.536515e+01  6.450420e-04 
 2.536554e+01  6.780104e-04 
 2.536594e+01  7.124616e-04 
 2.536634e+01  7.480285e-04 
 2.536674e+01  7.845285e-04 
 2.536713e+01  8.216450e-04 
 2.536753e+01  8.588027e-04 
 2.536793e+01  8.958201e-04 
 2.536833e+01  9.325467e-04 
 2.536873e+01  9.688784e-04 
 2.536912e+01  1.004629e-03 
 2.536952e+01  1.039767e-03 
 2.536992e+01  1.074353e-03 
 2.537032e+01  1.108562e-03 
 2.537071e+01  1.142639e-03 
 2.537111e+01  1.176833e-03 
 2.537151e+01  1.211264e-03 
 2.537191e+01  1.246246e-03 
 2.537230e+01  1.281804e-03 
 2.537270e+01  1.317966e-03 
 2.537310e+01  1.354822e-03 
 2.537350e+01  1.392373e-03 
 2.537390e+01  1.430370e-03 
 2.537429e+01  1.468561e-03 
 2.537469e+01  1.506624e-03 
 2.537509e+01  1.544244e-03 
 2.537549e+01  1.581079e-03 
 2.537588e+01  1.616859e-03 
 2.537628e+01  1.651247e-03 
 2.537668e+01  1.683881e-03 
 2.537708e+01  1.714627e-03 
 2.537748e+01  1.743457e-03 
 2.537787e+01  1.770570e-03 
 2.537827e+01  1.796080e-03 
 2.537867e+01  1.820080e-03 
 2.537907e+01  1.842740e-03 
 2.537946e+01  1.864128e-03 
 2.537986e+01  1.884469e-03 
 2.538026e+01  1.904078e-03 
 2.538066e+01  1.923002e-03 
 2.538105e+01  1.941407e-03 
 2.538145e+01  1.959570e-03 
 2.538185e+01  1.977609e-03 
 2.538225e+01  1.995715e-03 
 2.538265e+01  2.013852e-03 
 2.538304e+01  2.032101e-03 
 2.538344e+01  2.050103e-03 
 2.538384e+01  2.067700e-03 
 2.538424e+01  2.084848e-03 
 2.538463e+01  2.101261e-03 
 2.538503e+01  2.116540e-03 
 2.538543e+01  2.130558e-03 
 2.538583e+01  2.143243e-03 
 2.538622e+01  2.154385e-03 
 2.538662e+01  2.163981e-03 
 2.538702e+01  2.172225e-03 
 2.538742e+01  2.179129e-03 
 2.538782e+01  2.184818e-03 
 2.538821e+01  2.189446e-03 
 2.538861e+01  2.193400e-03 
 2.538901e+01  2.196925e-03 
 2.538941e+01  2.200360e-03 
 2.538980e+01  2.204209e-03 
 2.539020e+01  2.208788e-03 
 2.539060e+01  2.214529e-03 
 2.539100e+01  2.221669e-03 
 2.539139e+01  2.230302e-03 
 2.539179e+01  2.240281e-03 
 2.539219e+01  2.251422e-03 
 2.539259e+01  2.263239e-03 
 2.539299e+01  2.275295e-03 
 2.539338e+01  2.287169e-03 
 2.539378e+01  2.298549e-03 
 2.539418e+01  2.309249e-03 
 2.539458e+01  2.318944e-03 
 2.539497e+01  2.327703e-03 
 2.539537e+01  2.335615e-03 
 2.539577e+01  2.342518e-03 
 2.539617e+01  2.348507e-03 
 2.539656e+01  2.353599e-03 
 2.539696e+01  2.357964e-03 
 2.539736e+01  2.361742e-03 
 2.539776e+01  2.365304e-03 
 2.539816e+01  2.368855e-03 
 2.539855e+01  2.372601e-03 
 2.539895e+01  2.377109e-03 
 2.539935e+01  2.382545e-03 
 2.539975e+01  2.389166e-03 
 2.540014e+01  2.396936e-03 
 2.540054e+01  2.405685e-03 
 2.540094e+01  2.415056e-03 
 2.540134e+01  2.424598e-03 
 2.540173e+01  2.433939e-03 
 2.540213e+01  2.442653e-03 
 2.540253e+01  2.450459e-03 
 2.540293e+01  2.457225e-03 
 2.540333e+01  2.462978e-03 
 2.540372e+01  2.467754e-03 
 2.540412e+01  2.471798e-03 
 2.540452e+01  2.475208e-03 
 2.540492e+01  2.478141e-03 
 2.540531e+01  2.480763e-03 
 2.540571e+01  2.483399e-03 
 2.540611e+01  2.486527e-03 
 2.540651e+01  2.490414e-03 
 2.540690e+01  2.495126e-03 
 2.540730e+01  2.500905e-03 
 2.540770e+01  2.507813e-03 
 2.540810e+01  2.515879e-03 
 2.540850e+01  2.524977e-03 
 2.540889e+01  2.534857e-03 
 2.540929e+01  2.545297e-03 
 2.540969e+01  2.555924e-03 
 2.541009e+01  2.566329e-03 
 2.541048e+01  2.576053e-03 
 2.541088e+01  2.584633e-03 
 2.541128e+01  2.591522e-03 
 2.541168e+01  2.596327e-03 
 2.541207e+01  2.598929e-03 
 2.541247e+01  2.599384e-03 
 2.541287e+01  2.597861e-03 
 2.541327e+01  2.594371e-03 
 2.541367e+01  2.589099e-03 
 2.541406e+01  2.582263e-03 
 2.541446e+01  2.573899e-03 
 2.541486e+01  2.564429e-03 
 2.541526e+01  2.554094e-03 
 2.541565e+01  2.543124e-03 
 2.541605e+01  2.531814e-03 
 2.541645e+01  2.520341e-03 
 2.541685e+01  2.508893e-03 
 2.541724e+01  2.497591e-03 
 2.541764e+01  2.486389e-03 
 2.541804e+01  2.475005e-03 
 2.541844e+01  2.463246e-03 
 2.541884e+01  2.450943e-03 
 2.541923e+01  2.437902e-03 
 2.541963e+01  2.423912e-03 
 2.542003e+01  2.408823e-03 
 2.542043e+01  2.392499e-03 
 2.542082e+01  2.374762e-03 
 2.542122e+01  2.355921e-03 
 2.542162e+01  2.336170e-03 
 2.542202e+01  2.315779e-03 
 2.542241e+01  2.295147e-03 
 2.542281e+01  2.274445e-03 
 2.542321e+01  2.254093e-03 
 2.542361e+01  2.234396e-03 
 2.542401e+01  2.215722e-03 
 2.542440e+01  2.198135e-03 
 2.542480e+01  2.181814e-03 
 2.542520e+01  2.166799e-03 
 2.542560e+01  2.152932e-03 
 2.542599e+01  2.140196e-03 
 2.542639e+01  2.128389e-03 
 2.542679e+01  2.117119e-03 
 2.542719e+01  2.106023e-03 
 2.542758e+01  2.094750e-03 
 2.542798e+01  2.083054e-03 
 2.542838e+01  2.070476e-03 
 2.542878e+01  2.056593e-03 
 2.542918e+01  2.041168e-03 
 2.542957e+01  2.024067e-03 
 2.542997e+01  2.005201e-03 
 2.543037e+01  1.984722e-03 
 2.543077e+01  1.962780e-03 
 2.543116e+01  1.939813e-03 
 2.543156e+01  1.916181e-03 
 2.543196e+01  1.892293e-03 
 2.543236e+01  1.868623e-03 
 2.543275e+01  1.845451e-03 
 2.543315e+01  1.823081e-03 
 2.543355e+01  1.801487e-03 
 2.543395e+01  1.780734e-03 
 2.543435e+01  1.760841e-03 
 2.543474e+01  1.741577e-03 
 2.543514e+01  1.722686e-03 
 2.543554e+01  1.703884e-03 
 2.543594e+01  1.684942e-03 
 2.543633e+01  1.665682e-03 
 2.543673e+01  1.645808e-03 
 2.543713e+01  1.625064e-03 
 2.543753e+01  1.603341e-03 
 2.543792e+01  1.580542e-03 
 2.543832e+01  1.556661e-03 
 2.543872e+01  1.531909e-03 
 2.543912e+01  1.506628e-03 
 2.543952e+01  1.480841e-03 
 2.543991e+01  1.454682e-03 
 2.544031e+01  1.428650e-03 
 2.544071e+01  1.403134e-03 
 2.544111e+01  1.378577e-03 
 2.544150e+01  1.355552e-03 
 2.544190e+01  1.334344e-03 
 2.544230e+01  1.315325e-03 
 2.544270e+01  1.298464e-03 
 2.544309e+01  1.283756e-03 
 2.544349e+01  1.271290e-03 
 2.544389e+01  1.260870e-03 
 2.544429e+01  1.252289e-03 
 2.544469e+01  1.245453e-03 
 2.544508e+01  1.240280e-03 
 2.544548e+01  1.236801e-03 
 2.544588e+01  1.234837e-03 
 2.544628e+01  1.234311e-03 
 2.544667e+01  1.235073e-03 
 2.544707e+01  1.236951e-03 
 2.544747e+01  1.239900e-03 
 2.544787e+01  1.243955e-03 
 2.544826e+01  1.249378e-03 
 2.544866e+01  1.256093e-03 
 2.544906e+01  1.264252e-03 
 2.544946e+01  1.274036e-03 
 2.544986e+01  1.285716e-03 
 2.545025e+01  1.299584e-03 
 2.545065e+01  1.315678e-03 
 2.545105e+01  1.334123e-03 
 2.545145e+01  1.355015e-03 
 2.545184e+01  1.378097e-03 
 2.545224e+01  1.403144e-03 
 2.545264e+01  1.429676e-03 
 2.545304e+01  1.457261e-03 
 2.545343e+01  1.485462e-03 
 2.545383e+01  1.513912e-03 
 2.545423e+01  1.542386e-03 
 2.545463e+01  1.570719e-03 
 2.545503e+01  1.598790e-03 
 2.545542e+01  1.626386e-03 
 2.545582e+01  1.653385e-03 
 2.545622e+01  1.679752e-03 
 2.545662e+01  1.705448e-03 
 2.545701e+01  1.730412e-03 
 2.545741e+01  1.754763e-03 
 2.545781e+01  1.778896e-03 
 2.545821e+01  1.803159e-03 
 2.545860e+01  1.827927e-03 
 2.545900e+01  1.853635e-03 
 2.545940e+01  1.880413e-03 
 2.545980e+01  1.908544e-03 
 2.546020e+01  1.938025e-03 
 2.546059e+01  1.968727e-03 
 2.546099e+01  2.000656e-03 
 2.546139e+01  2.033480e-03 
 2.546179e+01  2.066718e-03 
 2.546218e+01  2.100105e-03 
 2.546258e+01  2.133414e-03 
 2.546298e+01  2.166387e-03 
 2.546338e+01  2.198751e-03 
 2.546377e+01  2.230297e-03 
 2.546417e+01  2.260872e-03 
 2.546457e+01  2.290483e-03 
 2.546497e+01  2.318971e-03 
 2.546537e+01  2.346601e-03 
 2.546576e+01  2.373562e-03 
 2.546616e+01  2.400103e-03 
 2.546656e+01  2.426473e-03 
 2.546696e+01  2.453090e-03 
 2.546735e+01  2.480262e-03 
 2.546775e+01  2.508200e-03 
 2.546815e+01  2.537054e-03 
 2.546855e+01  2.566841e-03 
 2.546895e+01  2.597541e-03 
 2.546934e+01  2.629016e-03 
 2.546974e+01  2.661036e-03 
 2.547014e+01  2.693540e-03 
 2.547054e+01  2.726065e-03 
 2.547093e+01  2.758328e-03 
 2.547133e+01  2.790087e-03 
 2.547173e+01  2.821269e-03 
 2.547213e+01  2.851621e-03 
 2.547252e+01  2.881105e-03 
 2.547292e+01  2.909651e-03 
 2.547332e+01  2.937405e-03 
 2.547372e+01  2.964360e-03 
 2.547412e+01  2.990608e-03 
 2.547451e+01  3.016301e-03 
 2.547491e+01  3.041617e-03 
 2.547531e+01  3.066776e-03 
 2.547571e+01  3.092076e-03 
 2.547610e+01  3.117723e-03 
 2.547650e+01  3.144086e-03 
 2.547690e+01  3.171224e-03 
 2.547730e+01  3.199212e-03 
 2.547769e+01  3.227877e-03 
 2.547809e+01  3.257258e-03 
 2.547849e+01  3.287161e-03 
 2.547889e+01  3.317304e-03 
 2.547929e+01  3.347345e-03 
 2.547968e+01  3.377013e-03 
 2.548008e+01  3.405945e-03 
 2.548048e+01  3.433725e-03 
 2.548088e+01  3.460102e-03 
 2.548127e+01  3.484692e-03 
 2.548167e+01  3.507225e-03 
 2.548207e+01  3.527604e-03 
 2.548247e+01  3.545946e-03 
 2.548286e+01  3.562550e-03 
 2.548326e+01  3.577692e-03 
 2.548366e+01  3.591714e-03 
 2.548406e+01  3.605022e-03 
 2.548446e+01  3.618125e-03 
 2.548485e+01  3.631353e-03 
 2.548525e+01  3.645181e-03 
 2.548565e+01  3.659823e-03 
 2.548605e+01  3.675538e-03 
 2.548644e+01  3.692448e-03 
 2.548684e+01  3.710582e-03 
 2.548724e+01  3.729910e-03 
 2.548764e+01  3.750181e-03 
 2.548803e+01  3.770927e-03 
 2.548843e+01  3.791676e-03 
 2.548883e+01  3.812151e-03 
 2.548923e+01  3.832032e-03 
 2.548963e+01  3.851162e-03 
 2.549002e+01  3.869397e-03 
 2.549042e+01  3.886559e-03 
 2.549082e+01  3.902690e-03 
 2.549122e+01  3.917838e-03 
 2.549161e+01  3.932192e-03 
 2.549201e+01  3.945986e-03 
 2.549241e+01  3.959384e-03 
 2.549281e+01  3.972679e-03 
 2.549320e+01  3.986289e-03 
 2.549360e+01  4.000550e-03 
 2.549400e+01  4.015556e-03 
 2.549440e+01  4.031332e-03 
 2.549480e+01  4.047767e-03 
 2.549519e+01  4.064789e-03 
 2.549559e+01  4.082057e-03 
 2.549599e+01  4.099158e-03 
 2.549639e+01  4.115601e-03 
 2.549678e+01  4.131112e-03 
 2.549718e+01  4.145342e-03 
 2.549758e+01  4.158007e-03 
 2.549798e+01  4.168922e-03 
 2.549837e+01  4.178084e-03 
 2.549877e+01  4.185455e-03 
 2.549917e+01  4.191187e-03 
 2.549957e+01  4.195643e-03 
 2.549997e+01  4.199019e-03 
 2.550036e+01  4.201718e-03 
 2.550076e+01  4.204058e-03 
 2.550116e+01  4.206430e-03 
 2.550156e+01  4.209248e-03 
 2.550195e+01  4.213000e-03 
 2.550235e+01  4.217946e-03 
 2.550275e+01  4.224251e-03 
 2.550315e+01  4.231918e-03 
 2.550354e+01  4.240842e-03 
 2.550394e+01  4.250713e-03 
 2.550434e+01  4.261229e-03 
 2.550474e+01  4.272051e-03 
 2.550514e+01  4.282959e-03 
 2.550553e+01  4.293712e-03 
 2.550593e+01  4.304156e-03 
 2.550633e+01  4.314088e-03 
 2.550673e+01  4.323276e-03 
 2.550712e+01  4.331413e-03 
 2.550752e+01  4.338154e-03 
 2.550792e+01  4.343214e-03 
 2.550832e+01  4.346457e-03 
 2.550871e+01  4.347566e-03 
 2.550911e+01  4.346640e-03 
 2.550951e+01  4.343996e-03 
 2.550991e+01  4.339666e-03 
 2.551031e+01  4.333954e-03 
 2.551070e+01  4.327309e-03 
 2.551110e+01  4.319969e-03 
 2.551150e+01  4.312201e-03 
 2.551190e+01  4.304176e-03 
 2.551229e+01  4.295858e-03 
 2.551269e+01  4.287257e-03 
 2.551309e+01  4.278211e-03 
 2.551349e+01  4.268713e-03 
 2.551388e+01  4.258548e-03 
 2.551428e+01  4.247369e-03 
 2.551468e+01  4.234989e-03 
 2.551508e+01  4.221215e-03 
 2.551548e+01  4.205973e-03 
 2.551587e+01  4.189136e-03 
 2.551627e+01  4.170674e-03 
 2.551667e+01  4.150667e-03 
 2.551707e+01  4.129362e-03 
 2.551746e+01  4.106929e-03 
 2.551786e+01  4.083629e-03 
 2.551826e+01  4.059822e-03 
 2.551866e+01  4.035919e-03 
 2.551905e+01  4.012316e-03 
 2.551945e+01  3.989265e-03 
 2.551985e+01  3.966991e-03 
 2.552025e+01  3.945634e-03 
 2.552065e+01  3.925162e-03 
 2.552104e+01  3.905491e-03 
 2.552144e+01  3.886437e-03 
 2.552184e+01  3.867832e-03 
 2.552224e+01  3.849421e-03 
 2.552263e+01  3.830953e-03 
 2.552303e+01  3.812174e-03 
 2.552343e+01  3.792957e-03 
 2.552383e+01  3.772966e-03 
 2.552422e+01  3.752074e-03 
 2.552462e+01  3.730272e-03 
 2.552502e+01  3.707393e-03 
 2.552542e+01  3.683484e-03 
 2.552582e+01  3.658801e-03 
 2.552621e+01  3.633577e-03 
 2.552661e+01  3.608123e-03 
 2.552701e+01  3.582827e-03 
 2.552741e+01  3.558011e-03 
 2.552780e+01  3.534170e-03 
 2.552820e+01  3.511571e-03 
 2.552860e+01  3.490615e-03 
 2.552900e+01  3.471584e-03 
 2.552939e+01  3.454441e-03 
 2.552979e+01  3.439020e-03 
 2.553019e+01  3.425300e-03 
 2.553059e+01  3.412961e-03 
 2.553099e+01  3.401655e-03 
 2.553138e+01  3.391173e-03 
 2.553178e+01  3.381034e-03 
 2.553218e+01  3.370905e-03 
 2.553258e+01  3.360521e-03 
 2.553297e+01  3.349669e-03 
 2.553337e+01  3.338175e-03 
 2.553377e+01  3.325938e-03 
 2.553417e+01  3.312811e-03 
 2.553456e+01  3.299017e-03 
 2.553496e+01  3.284613e-03 
 2.553536e+01  3.269940e-03 
 2.553576e+01  3.255086e-03 
 2.553616e+01  3.240047e-03 
 2.553655e+01  3.225022e-03 
 2.553695e+01  3.210237e-03 
 2.553735e+01  3.195933e-03 
 2.553775e+01  3.182265e-03 
 2.553814e+01  3.169396e-03 
 2.553854e+01  3.157504e-03 
 2.553894e+01  3.146594e-03 
 2.553934e+01  3.136595e-03 
 2.553973e+01  3.127335e-03 
 2.554013e+01  3.118600e-03 
 2.554053e+01  3.110144e-03 
 2.554093e+01  3.101861e-03 
 2.554133e+01  3.093594e-03 
 2.554172e+01  3.085203e-03 
 2.554212e+01  3.076818e-03 
 2.554252e+01  3.068352e-03 
 2.554292e+01  3.059975e-03 
 2.554331e+01  3.051780e-03 
 2.554371e+01  3.044109e-03 
 2.554411e+01  3.037127e-03 
 2.554451e+01  3.031292e-03 
 2.554490e+01  3.027058e-03 
 2.554530e+01  3.024748e-03 
 2.554570e+01  3.024607e-03 
 2.554610e+01  3.026788e-03 
 2.554650e+01  3.031394e-03 
 2.554689e+01  3.038392e-03 
 2.554729e+01  3.047610e-03 
 2.554769e+01  3.058846e-03 
 2.554809e+01  3.071926e-03 
 2.554848e+01  3.086585e-03 
 2.554888e+01  3.102461e-03 
 2.554928e+01  3.119172e-03 
 2.554968e+01  3.136314e-03 
 2.555007e+01  3.153539e-03 
 2.555047e+01  3.170572e-03 
 2.555087e+01  3.187132e-03 
 2.555127e+01  3.203178e-03 
 2.555167e+01  3.218622e-03 
 2.555206e+01  3.233546e-03 
 2.555246e+01  3.248254e-03 
 2.555286e+01  3.263123e-03 
 2.555326e+01  3.278576e-03 
 2.555365e+01  3.294934e-03 
 2.555405e+01  3.312720e-03 
 2.555445e+01  3.332286e-03 
 2.555485e+01  3.353801e-03 
 2.555524e+01  3.377505e-03 
 2.555564e+01  3.403294e-03 
 2.555604e+01  3.431043e-03 
 2.555644e+01  3.460488e-03 
 2.555684e+01  3.491483e-03 
 2.555723e+01  3.523859e-03 
 2.555763e+01  3.557123e-03 
 2.555803e+01  3.590774e-03 
 2.555843e+01  3.624505e-03 
 2.555882e+01  3.658014e-03 
 2.555922e+01  3.691052e-03 
 2.555962e+01  3.723324e-03 
 2.556002e+01  3.754675e-03 
 2.556042e+01  3.785027e-03 
 2.556081e+01  3.814629e-03 
 2.556121e+01  3.843714e-03 
 2.556161e+01  3.872593e-03 
 2.556201e+01  3.901675e-03 
 2.556240e+01  3.931335e-03 
 2.556280e+01  3.961897e-03 
 2.556320e+01  3.993559e-03 
 2.556360e+01  4.026475e-03 
 2.556399e+01  4.060476e-03 
 2.556439e+01  4.095408e-03 
 2.556479e+01  4.131008e-03 
 2.556519e+01  4.166997e-03 
 2.556559e+01  4.203109e-03 
 2.556598e+01  4.239017e-03 
 2.556638e+01  4.274477e-03 
 2.556678e+01  4.309269e-03 
 2.556718e+01  4.343127e-03 
 2.556757e+01  4.375833e-03 
 2.556797e+01  4.407342e-03 
 2.556837e+01  4.437684e-03 
 2.556877e+01  4.466940e-03 
 2.556916e+01  4.495155e-03 
 2.556956e+01  4.522551e-03 
 2.556996e+01  4.549563e-03 
 2.557036e+01  4.576541e-03 
 2.557076e+01  4.603861e-03 
 2.557115e+01  4.631842e-03 
 2.557155e+01  4.660772e-03 
 2.557195e+01  4.690818e-03 
 2.557235e+01  4.722134e-03 
 2.557274e+01  4.754798e-03 
 2.557314e+01  4.788618e-03 
 2.557354e+01  4.823448e-03 
 2.557394e+01  4.859163e-03 
 2.557433e+01  4.895565e-03 
 2.557473e+01  4.932589e-03 
 2.557513e+01  4.969824e-03 
 2.557553e+01  5.006943e-03 
 2.557593e+01  5.043643e-03 
 2.557632e+01  5.079747e-03 
 2.557672e+01  5.115046e-03 
 2.557712e+01  5.149429e-03 
 2.557752e+01  5.182894e-03 
 2.557791e+01  5.215478e-03 
 2.557831e+01  5.247353e-03 
 2.557871e+01  5.278914e-03 
 2.557911e+01  5.310728e-03 
 2.557950e+01  5.343086e-03 
 2.557990e+01  5.376365e-03 
 2.558030e+01  5.410876e-03 
 2.558070e+01  5.446951e-03 
 2.558110e+01  5.484722e-03 
 2.558149e+01  5.524071e-03 
 2.558189e+01  5.564837e-03 
 2.558229e+01  5.606964e-03 
 2.558269e+01  5.650226e-03 
 2.558308e+01  5.694338e-03 
 2.558348e+01  5.739016e-03 
 2.558388e+01  5.783730e-03 
 2.558428e+01  5.828123e-03 
 2.558467e+01  5.871738e-03 
 2.558507e+01  5.914299e-03 
 2.558547e+01  5.955523e-03 
 2.558587e+01  5.995301e-03 
 2.558627e+01  6.033685e-03 
 2.558666e+01  6.070753e-03 
 2.558706e+01  6.106615e-03 
 2.558746e+01  6.141526e-03 
 2.558786e+01  6.175582e-03 
 2.558825e+01  6.208909e-03 
 2.558865e+01  6.241849e-03 
 2.558905e+01  6.274450e-03 
 2.558945e+01  6.306696e-03 
 2.558984e+01  6.338705e-03 
 2.559024e+01  6.370489e-03 
 2.559064e+01  6.401798e-03 
 2.559104e+01  6.432384e-03 
 2.559144e+01  6.461869e-03 
 2.559183e+01  6.489967e-03 
 2.559223e+01  6.516415e-03 
 2.559263e+01  6.540899e-03 
 2.559303e+01  6.563071e-03 
 2.559342e+01  6.582768e-03 
 2.559382e+01  6.599873e-03 
 2.559422e+01  6.614453e-03 
 2.559462e+01  6.626758e-03 
 2.559501e+01  6.637132e-03 
 2.559541e+01  6.645758e-03 
 2.559581e+01  6.653414e-03 
 2.559621e+01  6.660466e-03 
 2.559661e+01  6.667554e-03 
 2.559700e+01  6.674954e-03 
 2.559740e+01  6.682841e-03 
 2.559780e+01  6.691471e-03 
 2.559820e+01  6.701095e-03 
 2.559859e+01  6.711806e-03 
 2.559899e+01  6.723663e-03 
 2.559939e+01  6.736653e-03 
 2.559979e+01  6.750664e-03 
 2.560018e+01  6.765455e-03 
 2.560058e+01  6.780925e-03 
 2.560098e+01  6.796869e-03 
 2.560138e+01  6.812847e-03 
 2.560178e+01  6.828391e-03 
 2.560217e+01  6.843254e-03 
 2.560257e+01  6.857300e-03 
 2.560297e+01  6.870294e-03 
 2.560337e+01  6.882180e-03 
 2.560376e+01  6.892988e-03 
 2.560416e+01  6.902666e-03 
 2.560456e+01  6.911398e-03 
 2.560496e+01  6.919416e-03 
 2.560535e+01  6.926934e-03 
 2.560575e+01  6.934134e-03 
 2.560615e+01  6.941303e-03 
 2.560655e+01  6.948552e-03 
 2.560695e+01  6.955976e-03 
 2.560734e+01  6.963705e-03 
 2.560774e+01  6.971617e-03 
 2.560814e+01  6.979564e-03 
 2.560854e+01  6.987564e-03 
 2.560893e+01  6.995503e-03 
 2.560933e+01  7.002942e-03 
 2.560973e+01  7.009376e-03 
 2.561013e+01  7.014486e-03 
 2.561052e+01  7.018047e-03 
 2.561092e+01  7.019845e-03 
 2.561132e+01  7.019691e-03 
 2.561172e+01  7.017630e-03 
 2.561212e+01  7.013804e-03 
 2.561251e+01  7.008349e-03 
 2.561291e+01  7.001456e-03 
 2.561331e+01  6.993565e-03 
 2.561371e+01  6.984945e-03 
 2.561410e+01  6.975854e-03 
 2.561450e+01  6.966651e-03 
 2.561490e+01  6.957534e-03 
 2.561530e+01  6.948695e-03 
 2.561569e+01  6.940236e-03 
 2.561609e+01  6.932081e-03 
 2.561649e+01  6.924103e-03 
 2.561689e+01  6.916081e-03 
 2.561729e+01  6.907797e-03 
 2.561768e+01  6.899075e-03 
 2.561808e+01  6.889837e-03 
 2.561848e+01  6.879953e-03 
 2.561888e+01  6.869057e-03 
 2.561927e+01  6.856795e-03 
 2.561967e+01  6.842961e-03 
 2.562007e+01  6.827549e-03 
 2.562047e+01  6.810474e-03 
 2.562086e+01  6.791878e-03 
 2.562126e+01  6.772096e-03 
 2.562166e+01  6.751226e-03 
 2.562206e+01  6.729714e-03 
 2.562246e+01  6.707991e-03 
 2.562285e+01  6.686657e-03 
 2.562325e+01  6.666038e-03 
 2.562365e+01  6.646401e-03 
 2.562405e+01  6.628057e-03 
 2.562444e+01  6.611203e-03 
 2.562484e+01  6.595930e-03 
 2.562524e+01  6.582115e-03 
 2.562564e+01  6.569506e-03 
 2.562603e+01  6.557883e-03 
 2.562643e+01  6.546894e-03 
 2.562683e+01  6.536306e-03 
 2.562723e+01  6.525702e-03 
 2.562763e+01  6.514780e-03 
 2.562802e+01  6.503217e-03 
 2.562842e+01  6.490805e-03 
 2.562882e+01  6.477399e-03 
 2.562922e+01  6.463037e-03 
 2.562961e+01  6.447754e-03 
 2.563001e+01  6.431610e-03 
 2.563041e+01  6.414946e-03 
 2.563081e+01  6.398088e-03 
 2.563120e+01  6.381242e-03 
 2.563160e+01  6.364609e-03 
 2.563200e+01  6.348502e-03 
 2.563240e+01  6.333241e-03 
 2.563280e+01  6.318958e-03 
 2.563319e+01  6.305713e-03 
 2.563359e+01  6.293723e-03 
 2.563399e+01  6.283143e-03 
 2.563439e+01  6.273947e-03 
 2.563478e+01  6.266146e-03 
 2.563518e+01  6.259562e-03 
 2.563558e+01  6.254064e-03 
 2.563598e+01  6.249419e-03 
 2.563637e+01  6.245349e-03 
 2.563677e+01  6.241545e-03 
 2.563717e+01  6.237930e-03 
 2.563757e+01  6.234422e-03 
 2.563797e+01  6.231018e-03 
 2.563836e+01  6.227855e-03 
 2.563876e+01  6.225074e-03 
 2.563916e+01  6.222889e-03 
 2.563956e+01  6.221393e-03 
 2.563995e+01  6.221044e-03 
 2.564035e+01  6.222234e-03 
 2.564075e+01  6.225058e-03 
 2.564115e+01  6.229672e-03 
 2.564154e+01  6.236050e-03 
 2.564194e+01  6.244193e-03 
 2.564234e+01  6.253967e-03 
 2.564274e+01  6.265229e-03 
 2.564314e+01  6.277736e-03 
 2.564353e+01  6.290990e-03 
 2.564393e+01  6.304638e-03 
 2.564433e+01  6.318205e-03 
 2.564473e+01  6.331342e-03 
 2.564512e+01  6.343504e-03 
 2.564552e+01  6.354133e-03 
 2.564592e+01  6.363153e-03 
 2.564632e+01  6.370581e-03 
 2.564671e+01  6.376581e-03 
 2.564711e+01  6.381196e-03 
 2.564751e+01  6.384629e-03 
 2.564791e+01  6.387065e-03 
 2.564831e+01  6.388907e-03 
 2.564870e+01  6.390390e-03 
 2.564910e+01  6.391965e-03 
 2.564950e+01  6.394092e-03 
 2.564990e+01  6.397156e-03 
 2.565029e+01  6.401552e-03 
 2.565069e+01  6.407531e-03 
 2.565109e+01  6.415382e-03 
 2.565149e+01  6.425006e-03 
 2.565189e+01  6.436314e-03 
 2.565228e+01  6.449414e-03 
 2.565268e+01  6.464075e-03 
 2.565308e+01  6.479986e-03 
 2.565348e+01  6.496639e-03 
 2.565387e+01  6.513936e-03 
 2.565427e+01  6.531542e-03 
 2.565467e+01  6.549136e-03 
 2.565507e+01  6.566639e-03 
 2.565546e+01  6.584316e-03 
 2.565586e+01  6.602392e-03 
 2.565626e+01  6.621256e-03 
 2.565666e+01  6.641201e-03 
 2.565706e+01  6.662602e-03 
 2.565745e+01  6.685611e-03 
 2.565785e+01  6.710441e-03 
 2.565825e+01  6.737190e-03 
 2.565865e+01  6.765872e-03 
 2.565904e+01  6.796531e-03 
 2.565944e+01  6.829070e-03 
 2.565984e+01  6.863347e-03 
 2.566024e+01  6.899268e-03 
 2.566063e+01  6.936357e-03 
 2.566103e+01  6.974216e-03 
 2.566143e+01  7.012178e-03 
 2.566183e+01  7.049970e-03 
 2.566223e+01  7.087403e-03 
 2.566262e+01  7.124234e-03 
 2.566302e+01  7.160126e-03 
 2.566342e+01  7.195063e-03 
 2.566382e+01  7.228940e-03 
 2.566421e+01  7.261751e-03 
 2.566461e+01  7.293729e-03 
 2.566501e+01  7.325009e-03 
 2.566541e+01  7.355871e-03 
 2.566580e+01  7.386708e-03 
 2.566620e+01  7.417890e-03 
 2.566660e+01  7.449877e-03 
 2.566700e+01  7.482767e-03 
 2.566740e+01  7.516562e-03 
 2.566779e+01  7.551208e-03 
 2.566819e+01  7.586816e-03 
 2.566859e+01  7.623299e-03 
 2.566899e+01  7.660547e-03 
 2.566938e+01  7.698347e-03 
 2.566978e+01  7.736489e-03 
 2.567018e+01  7.774628e-03 
 2.567058e+01  7.812305e-03 
 2.567097e+01  7.849223e-03 
 2.567137e+01  7.885164e-03 
 2.567177e+01  7.920052e-03 
 2.567217e+01  7.953650e-03 
 2.567257e+01  7.986014e-03 
 2.567296e+01  8.017366e-03 
 2.567336e+01  8.047823e-03 
 2.567376e+01  8.077601e-03 
 2.567416e+01  8.106984e-03 
 2.567455e+01  8.136398e-03 
 2.567495e+01  8.166192e-03 
 2.567535e+01  8.196694e-03 
 2.567575e+01  8.228482e-03 
 2.567614e+01  8.261814e-03 
 2.567654e+01  8.296838e-03 
 2.567694e+01  8.333490e-03 
 2.567734e+01  8.371701e-03 
 2.567774e+01  8.411469e-03 
 2.567813e+01  8.452470e-03 
 2.567853e+01  8.494435e-03 
 2.567893e+01  8.536968e-03 
 2.567933e+01  8.579766e-03 
 2.567972e+01  8.622514e-03 
 2.568012e+01  8.664819e-03 
 2.568052e+01  8.706485e-03 
 2.568092e+01  8.747469e-03 
 2.568131e+01  8.787653e-03 
 2.568171e+01  8.827094e-03 
 2.568211e+01  8.866052e-03 
 2.568251e+01  8.904709e-03 
 2.568291e+01  8.943184e-03 
 2.568330e+01  8.981612e-03 
 2.568370e+01  9.020326e-03 
 2.568410e+01  9.059568e-03 
 2.568450e+01  9.099480e-03 
 2.568489e+01  9.140135e-03 
 2.568529e+01  9.181560e-03 
 2.568569e+01  9.223782e-03 
 2.568609e+01  9.266672e-03 
 2.568648e+01  9.309931e-03 
 2.568688e+01  9.353119e-03 
 2.568728e+01  9.395862e-03 
 2.568768e+01  9.437811e-03 
 2.568808e+01  9.478690e-03 
 2.568847e+01  9.518310e-03 
 2.568887e+01  9.556338e-03 
 2.568927e+01  9.592566e-03 
 2.568967e+01  9.626942e-03 
 2.569006e+01  9.659654e-03 
 2.569046e+01  9.690961e-03 
 2.569086e+01  9.721111e-03 
 2.569126e+01  9.750382e-03 
 2.569165e+01  9.779182e-03 
 2.569205e+01  9.807769e-03 
 2.569245e+01  9.836380e-03 
 2.569285e+01  9.865155e-03 
 2.569325e+01  9.894274e-03 
 2.569364e+01  9.923824e-03 
 2.569404e+01  9.953764e-03 
 2.569444e+01  9.984172e-03 
 2.569484e+01  1.001490e-02 
 2.569523e+01  1.004574e-02 
 2.569563e+01  1.007633e-02 
 2.569603e+01  1.010642e-02 
 2.569643e+01  1.013563e-02 
 2.569682e+01  1.016352e-02 
 2.569722e+01  1.019000e-02 
 2.569762e+01  1.021482e-02 
 2.569802e+01  1.023792e-02 
 2.569842e+01  1.025913e-02 
 2.569881e+01  1.027826e-02 
 2.569921e+01  1.029540e-02 
 2.569961e+01  1.031067e-02 
 2.570001e+01  1.032438e-02 
 2.570040e+01  1.033667e-02 
 2.570080e+01  1.034795e-02 
 2.570120e+01  1.035844e-02 
 2.570160e+01  1.036839e-02 
 2.570199e+01  1.037794e-02 
 2.570239e+01  1.038714e-02 
 2.570279e+01  1.039617e-02 
 2.570319e+01  1.040500e-02 
 2.570359e+01  1.041367e-02 
 2.570398e+01  1.042234e-02 
 2.570438e+01  1.043087e-02 
 2.570478e+01  1.043901e-02 
 2.570518e+01  1.044628e-02 
 2.570557e+01  1.045242e-02 
 2.570597e+01  1.045726e-02 
 2.570637e+01  1.046059e-02 
 2.570677e+01  1.046238e-02 
 2.570716e+01  1.046264e-02 
 2.570756e+01  1.046166e-02 
 2.570796e+01  1.045978e-02 
 2.570836e+01  1.045740e-02 
 2.570876e+01  1.045471e-02 
 2.570915e+01  1.045201e-02 
 2.570955e+01  1.044944e-02 
 2.570995e+01  1.044734e-02 
 2.571035e+01  1.044593e-02 
 2.571074e+01  1.044547e-02 
 2.571114e+01  1.044591e-02 
 2.571154e+01  1.044712e-02 
 2.571194e+01  1.044905e-02 
 2.571233e+01  1.045156e-02 
 2.571273e+01  1.045431e-02 
 2.571313e+01  1.045711e-02 
 2.571353e+01  1.045947e-02 
 2.571393e+01  1.046105e-02 
 2.571432e+01  1.046142e-02 
 2.571472e+01  1.046031e-02 
 2.571512e+01  1.045754e-02 
 2.571552e+01  1.045277e-02 
 2.571591e+01  1.044609e-02 
 2.571631e+01  1.043762e-02 
 2.571671e+01  1.042757e-02 
 2.571711e+01  1.041616e-02 
 2.571750e+01  1.040358e-02 
 2.571790e+01  1.039026e-02 
 2.571830e+01  1.037663e-02 
 2.571870e+01  1.036299e-02 
 2.571910e+01  1.034963e-02 
 2.571949e+01  1.033687e-02 
 2.571989e+01  1.032494e-02 
 2.572029e+01  1.031378e-02 
 2.572069e+01  1.030334e-02 
 2.572108e+01  1.029333e-02 
 2.572148e+01  1.028347e-02 
 2.572188e+01  1.027348e-02 
 2.572228e+01  1.026299e-02 
 2.572267e+01  1.025166e-02 
 2.572307e+01  1.023931e-02 
 2.572347e+01  1.022576e-02 
 2.572387e+01  1.021080e-02 
 2.572427e+01  1.019438e-02 
 2.572466e+01  1.017642e-02 
 2.572506e+01  1.015688e-02 
 2.572546e+01  1.013604e-02 
 2.572586e+01  1.011433e-02 
 2.572625e+01  1.009236e-02 
 2.572665e+01  1.007041e-02 
 2.572705e+01  1.004888e-02 
 2.572745e+01  1.002822e-02 
 2.572784e+01  1.000883e-02 
 2.572824e+01  9.990921e-03 
 2.572864e+01  9.974622e-03 
 2.572904e+01  9.960175e-03 
 2.572944e+01  9.947584e-03 
 2.572983e+01  9.936891e-03 
 2.573023e+01  9.927937e-03 
 2.573063e+01  9.920374e-03 
 2.573103e+01  9.913888e-03 
 2.573142e+01  9.908001e-03 
 2.573182e+01  9.902443e-03 
 2.573222e+01  9.897038e-03 
 2.573262e+01  9.891699e-03 
 2.573301e+01  9.886264e-03 
 2.573341e+01  9.880894e-03 
 2.573381e+01  9.875649e-03 
 2.573421e+01  9.870607e-03 
 2.573461e+01  9.865911e-03 
 2.573500e+01  9.861942e-03 
 2.573540e+01  9.858975e-03 
 2.573580e+01  9.857183e-03 
 2.573620e+01  9.856748e-03 
 2.573659e+01  9.858050e-03 
 2.573699e+01  9.860999e-03 
 2.573739e+01  9.865421e-03 
 2.573779e+01  9.871142e-03 
 2.573818e+01  9.877864e-03 
 2.573858e+01  9.885307e-03 
 2.573898e+01  9.893125e-03 
 2.573938e+01  9.901166e-03 
 2.573978e+01  9.909278e-03 
 2.574017e+01  9.916991e-03 
 2.574057e+01  9.924002e-03 
 2.574097e+01  9.930082e-03 
 2.574137e+01  9.934988e-03 
 2.574176e+01  9.938865e-03 
 2.574216e+01  9.941807e-03 
 2.574256e+01  9.943818e-03 
 2.574296e+01  9.945233e-03 
 2.574335e+01  9.946420e-03 
 2.574375e+01  9.947845e-03 
 2.574415e+01  9.949880e-03 
 2.574455e+01  9.952800e-03 
 2.574495e+01  9.957020e-03 
 2.574534e+01  9.962772e-03 
 2.574574e+01  9.970409e-03 
 2.574614e+01  9.979986e-03 
 2.574654e+01  9.991504e-03 
 2.574693e+01  1.000472e-02 
 2.574733e+01  1.001938e-02 
 2.574773e+01  1.003538e-02 
 2.574813e+01  1.005231e-02 
 2.574853e+01  1.006961e-02 
 2.574892e+01  1.008673e-02 
 2.574932e+01  1.010324e-02 
 2.574972e+01  1.011896e-02 
 2.575012e+01  1.013368e-02 
 2.575051e+01  1.014718e-02 
 2.575091e+01  1.015948e-02 
 2.575131e+01  1.017077e-02 
 2.575171e+01  1.018135e-02 
 2.575210e+01  1.019154e-02 
 2.575250e+01  1.020170e-02 
 2.575290e+01  1.021194e-02 
 2.575330e+01  1.022236e-02 
 2.575370e+01  1.023329e-02 
 2.575409e+01  1.024502e-02 
 2.575449e+01  1.025745e-02 
 2.575489e+01  1.027060e-02 
 2.575529e+01  1.028430e-02 
 2.575568e+01  1.029845e-02 
 2.575608e+01  1.031276e-02 
 2.575648e+01  1.032678e-02 
 2.575688e+01  1.034033e-02 
 2.575727e+01  1.035316e-02 
 2.575767e+01  1.036498e-02 
 2.575807e+01  1.037578e-02 
 2.575847e+01  1.038559e-02 
 2.575887e+01  1.039446e-02 
 2.575926e+01  1.040258e-02 
 2.575966e+01  1.041028e-02 
 2.576006e+01  1.041799e-02 
 2.576046e+01  1.042613e-02 
 2.576085e+01  1.043506e-02 
 2.576125e+01  1.044520e-02 
 2.576165e+01  1.045704e-02 
 2.576205e+01  1.047100e-02 
 2.576244e+01  1.048727e-02 
 2.576284e+01  1.050608e-02 
 2.576324e+01  1.052762e-02 
 2.576364e+01  1.055190e-02 
 2.576404e+01  1.057874e-02 
 2.576443e+01  1.060774e-02 
 2.576483e+01  1.063857e-02 
 2.576523e+01  1.067078e-02 
 2.576563e+01  1.070385e-02 
 2.576602e+01  1.073744e-02 
 2.576642e+01  1.077121e-02 
 2.576682e+01  1.080473e-02 
 2.576722e+01  1.083784e-02 
 2.576761e+01  1.087056e-02 
 2.576801e+01  1.090286e-02 
 2.576841e+01  1.093482e-02 
 2.576881e+01  1.096643e-02 
 2.576921e+01  1.099771e-02 
 2.576960e+01  1.102910e-02 
 2.577000e+01  1.106078e-02 
 2.577040e+01  1.109290e-02 
 2.577080e+01  1.112550e-02 
 2.577119e+01  1.115882e-02 
 2.577159e+01  1.119303e-02 
 2.577199e+01  1.122810e-02 
 2.577239e+01  1.126394e-02 
 2.577278e+01  1.130036e-02 
 2.577318e+01  1.133711e-02 
 2.577358e+01  1.137386e-02 
 2.577398e+01  1.141031e-02 
 2.577438e+01  1.144607e-02 
 2.577477e+01  1.148078e-02 
 2.577517e+01  1.151392e-02 
 2.577557e+01  1.154535e-02 
 2.577597e+01  1.157499e-02 
 2.577636e+01  1.160261e-02 
 2.577676e+01  1.162829e-02 
 2.577716e+01  1.165221e-02 
 2.577756e+01  1.167463e-02 
 2.577795e+01  1.169581e-02 
 2.577835e+01  1.171618e-02 
 2.577875e+01  1.173620e-02 
 2.577915e+01  1.175619e-02 
 2.577955e+01  1.177664e-02 
 2.577994e+01  1.179777e-02 
 2.578034e+01  1.181987e-02 
 2.578074e+01  1.184312e-02 
 2.578114e+01  1.186759e-02 
 2.578153e+01  1.189321e-02 
 2.578193e+01  1.191986e-02 
 2.578233e+01  1.194724e-02 
 2.578273e+01  1.197514e-02 
 2.578312e+01  1.200335e-02 
 2.578352e+01  1.203172e-02 
 2.578392e+01  1.206009e-02 
 2.578432e+01  1.208811e-02 
 2.578472e+01  1.211575e-02 
 2.578511e+01  1.214318e-02 
 2.578551e+01  1.217050e-02 
 2.578591e+01  1.219777e-02 
 2.578631e+01  1.222508e-02 
 2.578670e+01  1.225261e-02 
 2.578710e+01  1.228064e-02 
 2.578750e+01  1.230947e-02 
 2.578790e+01  1.233932e-02 
 2.578829e+01  1.237038e-02 
 2.578869e+01  1.240263e-02 
 2.578909e+01  1.243622e-02 
 2.578949e+01  1.247098e-02 
 2.578989e+01  1.250681e-02 
 2.579028e+01  1.254334e-02 
 2.579068e+01  1.258004e-02 
 2.579108e+01  1.261667e-02 
 2.579148e+01  1.265295e-02 
 2.579187e+01  1.268854e-02 
 2.579227e+01  1.272291e-02 
 2.579267e+01  1.275560e-02 
 2.579307e+01  1.278641e-02 
 2.579346e+01  1.281521e-02 
 2.579386e+01  1.284180e-02 
 2.579426e+01  1.286603e-02 
 2.579466e+01  1.288798e-02 
 2.579506e+01  1.290766e-02 
 2.579545e+01  1.292533e-02 
 2.579585e+01  1.294126e-02 
 2.579625e+01  1.295572e-02 
 2.579665e+01  1.296902e-02 
 2.579704e+01  1.298138e-02 
 2.579744e+01  1.299305e-02 
 2.579784e+01  1.300429e-02 
 2.579824e+01  1.301506e-02 
 2.579863e+01  1.302543e-02 
 2.579903e+01  1.303534e-02 
 2.579943e+01  1.304468e-02 
 2.579983e+01  1.305327e-02 
 2.580023e+01  1.306084e-02 
 2.580062e+01  1.306701e-02 
 2.580102e+01  1.307161e-02 
 2.580142e+01  1.307426e-02 
 2.580182e+01  1.307482e-02 
 2.580221e+01  1.307326e-02 
 2.580261e+01  1.306980e-02 
 2.580301e+01  1.306459e-02 
 2.580341e+01  1.305787e-02 
 2.580380e+01  1.304995e-02 
 2.580420e+01  1.304111e-02 
 2.580460e+01  1.303156e-02 
 2.580500e+01  1.302164e-02 
 2.580540e+01  1.301175e-02 
 2.580579e+01  1.300213e-02 
 2.580619e+01  1.299281e-02 
 2.580659e+01  1.298374e-02 
 2.580699e+01  1.297486e-02 
 2.580738e+01  1.296596e-02 
 2.580778e+01  1.295656e-02 
 2.580818e+01  1.294625e-02 
 2.580858e+01  1.293458e-02 
 2.580897e+01  1.292112e-02 
 2.580937e+01  1.290566e-02 
 2.580977e+01  1.288794e-02 
 2.581017e+01  1.286777e-02 
 2.581057e+01  1.284503e-02 
 2.581096e+01  1.281976e-02 
 2.581136e+01  1.279216e-02 
 2.581176e+01  1.276247e-02 
 2.581216e+01  1.273117e-02 
 2.581255e+01  1.269846e-02 
 2.581295e+01  1.266471e-02 
 2.581335e+01  1.263049e-02 
 2.581375e+01  1.259630e-02 
 2.581414e+01  1.256246e-02 
 2.581454e+01  1.252933e-02 
 2.581494e+01  1.249723e-02 
 2.581534e+01  1.246649e-02 
 2.581574e+01  1.243727e-02 
 2.581613e+01  1.240954e-02 
 2.581653e+01  1.238330e-02 
 2.581693e+01  1.235820e-02 
 2.581733e+01  1.233392e-02 
 2.581772e+01  1.231020e-02 
 2.581812e+01  1.228667e-02 
 2.581852e+01  1.226303e-02 
 2.581892e+01  1.223906e-02 
 2.581931e+01  1.221463e-02 
 2.581971e+01  1.218987e-02 
 2.582011e+01  1.216486e-02 
 2.582051e+01  1.213972e-02 
 2.582091e+01  1.211465e-02 
 2.582130e+01  1.208988e-02 
 2.582170e+01  1.206559e-02 
 2.582210e+01  1.204202e-02 
 2.582250e+01  1.201939e-02 
 2.582289e+01  1.199793e-02 
 2.582329e+01  1.197780e-02 
 2.582369e+01  1.195913e-02 
 2.582409e+01  1.194205e-02 
 2.582448e+01  1.192663e-02 
 2.582488e+01  1.191262e-02 
 2.582528e+01  1.189979e-02 
 2.582568e+01  1.188763e-02 
 2.582608e+01  1.187572e-02 
 2.582647e+01  1.186361e-02 
 2.582687e+01  1.185086e-02 
 2.582727e+01  1.183720e-02 
 2.582767e+01  1.182231e-02 
 2.582806e+01  1.180578e-02 
 2.582846e+01  1.178757e-02 
 2.582886e+01  1.176763e-02 
 2.582926e+01  1.174620e-02 
 2.582965e+01  1.172354e-02 
 2.583005e+01  1.169994e-02 
 2.583045e+01  1.167579e-02 
 2.583085e+01  1.165167e-02 
 2.583125e+01  1.162801e-02 
 2.583164e+01  1.160508e-02 
 2.583204e+01  1.158319e-02 
 2.583244e+01  1.156234e-02 
 2.583284e+01  1.154254e-02 
 2.583323e+01  1.152385e-02 
 2.583363e+01  1.150620e-02 
 2.583403e+01  1.148936e-02 
 2.583443e+01  1.147293e-02 
 2.583482e+01  1.145659e-02 
 2.583522e+01  1.144019e-02 
 2.583562e+01  1.142360e-02 
 2.583602e+01  1.140669e-02 
 2.583642e+01  1.138941e-02 
 2.583681e+01  1.137177e-02 
 2.583721e+01  1.135404e-02 
 2.583761e+01  1.133652e-02 
 2.583801e+01  1.131938e-02 
 2.583840e+01  1.130306e-02 
 2.583880e+01  1.128785e-02 
 2.583920e+01  1.127409e-02 
 2.583960e+01  1.126218e-02 
 2.584000e+01  1.125262e-02 
 2.584039e+01  1.124554e-02 
 2.584079e+01  1.124107e-02 
 2.584119e+01  1.123912e-02 
 2.584159e+01  1.123958e-02 
 2.584198e+01  1.124220e-02 
 2.584238e+01  1.124670e-02 
 2.584278e+01  1.125283e-02 
 2.584318e+01  1.126010e-02 
 2.584357e+01  1.126803e-02 
 2.584397e+01  1.127610e-02 
 2.584437e+01  1.128383e-02 
 2.584477e+01  1.129086e-02 
 2.584517e+01  1.129681e-02 
 2.584556e+01  1.130141e-02 
 2.584596e+01  1.130451e-02 
 2.584636e+01  1.130600e-02 
 2.584676e+01  1.130599e-02 
 2.584715e+01  1.130463e-02 
 2.584755e+01  1.130205e-02 
 2.584795e+01  1.129836e-02 
 2.584835e+01  1.129377e-02 
 2.584874e+01  1.128854e-02 
 2.584914e+01  1.128294e-02 
 2.584954e+01  1.127703e-02 
 2.584994e+01  1.127076e-02 
 2.585034e+01  1.126403e-02 
 2.585073e+01  1.125685e-02 
 2.585113e+01  1.124914e-02 
 2.585153e+01  1.124088e-02 
 2.585193e+01  1.123184e-02 
 2.585232e+01  1.122190e-02 
 2.585272e+01  1.121101e-02 
 2.585312e+01  1.119906e-02 
 2.585352e+01  1.118607e-02 
 2.585391e+01  1.117205e-02 
 2.585431e+01  1.115705e-02 
 2.585471e+01  1.114137e-02 
 2.585511e+01  1.112553e-02 
 2.585551e+01  1.110992e-02 
 2.585590e+01  1.109501e-02 
 2.585630e+01  1.108127e-02 
 2.585670e+01  1.106897e-02 
 2.585710e+01  1.105865e-02 
 2.585749e+01  1.105069e-02 
 2.585789e+01  1.104532e-02 
 2.585829e+01  1.104266e-02 
 2.585869e+01  1.104267e-02 
 2.585908e+01  1.104533e-02 
 2.585948e+01  1.105036e-02 
 2.585988e+01  1.105743e-02 
 2.586028e+01  1.106615e-02 
 2.586068e+01  1.107597e-02 
 2.586107e+01  1.108647e-02 
 2.586147e+01  1.109731e-02 
 2.586187e+01  1.110819e-02 
 2.586227e+01  1.111882e-02 
 2.586266e+01  1.112897e-02 
 2.586306e+01  1.113849e-02 
 2.586346e+01  1.114736e-02 
 2.586386e+01  1.115563e-02 
 2.586425e+01  1.116346e-02 
 2.586465e+01  1.117105e-02 
 2.586505e+01  1.117862e-02 
 2.586545e+01  1.118634e-02 
 2.586585e+01  1.119461e-02 
 2.586624e+01  1.120374e-02 
 2.586664e+01  1.121398e-02 
 2.586704e+01  1.122551e-02 
 2.586744e+01  1.123839e-02 
 2.586783e+01  1.125260e-02 
 2.586823e+01  1.126805e-02 
 2.586863e+01  1.128465e-02 
 2.586903e+01  1.130222e-02 
 2.586942e+01  1.132036e-02 
 2.586982e+01  1.133881e-02 
 2.587022e+01  1.135735e-02 
 2.587062e+01  1.137583e-02 
 2.587102e+01  1.139424e-02 
 2.587141e+01  1.141249e-02 
 2.587181e+01  1.143049e-02 
 2.587221e+01  1.144837e-02 
 2.587261e+01  1.146639e-02 
 2.587300e+01  1.148477e-02 
 2.587340e+01  1.150385e-02 
 2.587380e+01  1.152386e-02 
 2.587420e+01  1.154516e-02 
 2.587459e+01  1.156814e-02 
 2.587499e+01  1.159319e-02 
 2.587539e+01  1.162055e-02 
 2.587579e+01  1.165032e-02 
 2.587619e+01  1.168247e-02 
 2.587658e+01  1.171678e-02 
 2.587698e+01  1.175292e-02 
 2.587738e+01  1.179061e-02 
 2.587778e+01  1.182937e-02 
 2.587817e+01  1.186866e-02 
 2.587857e+01  1.190803e-02 
 2.587897e+01  1.194717e-02 
 2.587937e+01  1.198574e-02 
 2.587976e+01  1.202338e-02 
 2.588016e+01  1.205996e-02 
 2.588056e+01  1.209535e-02 
 2.588096e+01  1.212947e-02 
 2.588136e+01  1.216234e-02 
 2.588175e+01  1.219411e-02 
 2.588215e+01  1.222502e-02 
 2.588255e+01  1.225521e-02 
 2.588295e+01  1.228482e-02 
 2.588334e+01  1.231408e-02 
 2.588374e+01  1.234322e-02 
 2.588414e+01  1.237234e-02 
 2.588454e+01  1.240151e-02 
 2.588493e+01  1.243063e-02 
 2.588533e+01  1.245944e-02 
 2.588573e+01  1.248776e-02 
 2.588613e+01  1.251526e-02 
 2.588653e+01  1.254167e-02 
 2.588692e+01  1.256666e-02 
 2.588732e+01  1.258981e-02 
 2.588772e+01  1.261092e-02 
 2.588812e+01  1.262985e-02 
 2.588851e+01  1.264639e-02 
 2.588891e+01  1.266048e-02 
 2.588931e+01  1.267215e-02 
 2.588971e+01  1.268147e-02 
 2.589010e+01  1.268869e-02 
 2.589050e+01  1.269418e-02 
 2.589090e+01  1.269840e-02 
 2.589130e+01  1.270157e-02 
 2.589170e+01  1.270401e-02 
 2.589209e+01  1.270607e-02 
 2.589249e+01  1.270817e-02 
 2.589289e+01  1.271065e-02 
 2.589329e+01  1.271374e-02 
 2.589368e+01  1.271745e-02 
 2.589408e+01  1.272185e-02 
 2.589448e+01  1.272684e-02 
 2.589488e+01  1.273214e-02 
 2.589527e+01  1.273755e-02 
 2.589567e+01  1.274269e-02 
 2.589607e+01  1.274716e-02 
 2.589647e+01  1.275079e-02 
 2.589687e+01  1.275343e-02 
 2.589726e+01  1.275485e-02 
 2.589766e+01  1.275487e-02 
 2.589806e+01  1.275330e-02 
 2.589846e+01  1.275013e-02 
 2.589885e+01  1.274541e-02 
 2.589925e+01  1.273939e-02 
 2.589965e+01  1.273237e-02 
 2.590005e+01  1.272442e-02 
 2.590044e+01  1.271571e-02 
 2.590084e+01  1.270639e-02 
 2.590124e+01  1.269645e-02 
 2.590164e+01  1.268574e-02 
 2.590204e+01  1.267405e-02 
 2.590243e+01  1.266117e-02 
 2.590283e+01  1.264684e-02 
 2.590323e+01  1.263080e-02 
 2.590363e+01  1.261273e-02 
 2.590402e+01  1.259215e-02 
 2.590442e+01  1.256857e-02 
 2.590482e+01  1.254150e-02 
 2.590522e+01  1.251068e-02 
 2.590561e+01  1.247604e-02 
 2.590601e+01  1.243761e-02 
 2.590641e+01  1.239568e-02 
 2.590681e+01  1.235059e-02 
 2.590721e+01  1.230277e-02 
 2.590760e+01  1.225283e-02 
 2.590800e+01  1.220131e-02 
 2.590840e+01  1.214886e-02 
 2.590880e+01  1.209604e-02 
 2.590919e+01  1.204345e-02 
 2.590959e+01  1.199165e-02 
 2.590999e+01  1.194125e-02 
 2.591039e+01  1.189267e-02 
 2.591078e+01  1.184617e-02 
 2.591118e+01  1.180175e-02 
 2.591158e+01  1.175941e-02 
 2.591198e+01  1.171906e-02 
 2.591238e+01  1.168060e-02 
 2.591277e+01  1.164385e-02 
 2.591317e+01  1.160851e-02 
 2.591357e+01  1.157429e-02 
 2.591397e+01  1.154088e-02 
 2.591436e+01  1.150818e-02 
 2.591476e+01  1.147607e-02 
 2.591516e+01  1.144441e-02 
 2.591556e+01  1.141307e-02 
 2.591595e+01  1.138213e-02 
 2.591635e+01  1.135174e-02 
 2.591675e+01  1.132198e-02 
 2.591715e+01  1.129309e-02 
 2.591755e+01  1.126510e-02 
 2.591794e+01  1.123819e-02 
 2.591834e+01  1.121249e-02 
 2.591874e+01  1.118804e-02 
 2.591914e+01  1.116482e-02 
 2.591953e+01  1.114272e-02 
 2.591993e+01  1.112145e-02 
 2.592033e+01  1.110068e-02 
 2.592073e+01  1.108005e-02 
 2.592112e+01  1.105908e-02 
 2.592152e+01  1.103738e-02 
 2.592192e+01  1.101442e-02 
 2.592232e+01  1.098986e-02 
 2.592272e+01  1.096346e-02 
 2.592311e+01  1.093496e-02 
 2.592351e+01  1.090418e-02 
 2.592391e+01  1.087121e-02 
 2.592431e+01  1.083618e-02 
 2.592470e+01  1.079942e-02 
 2.592510e+01  1.076131e-02 
 2.592550e+01  1.072236e-02 
 2.592590e+01  1.068301e-02 
 2.592629e+01  1.064369e-02 
 2.592669e+01  1.060484e-02 
 2.592709e+01  1.056686e-02 
 2.592749e+01  1.053002e-02 
 2.592789e+01  1.049455e-02 
 2.592828e+01  1.046055e-02 
 2.592868e+01  1.042793e-02 
 2.592908e+01  1.039635e-02 
 2.592948e+01  1.036553e-02 
 2.592987e+01  1.033514e-02 
 2.593027e+01  1.030484e-02 
 2.593067e+01  1.027434e-02 
 2.593107e+01  1.024337e-02 
 2.593147e+01  1.021180e-02 
 2.593186e+01  1.017958e-02 
 2.593226e+01  1.014682e-02 
 2.593266e+01  1.011358e-02 
 2.593306e+01  1.007986e-02 
 2.593345e+01  1.004578e-02 
 2.593385e+01  1.001155e-02 
 2.593425e+01  9.977515e-03 
 2.593465e+01  9.943973e-03 
 2.593504e+01  9.911127e-03 
 2.593544e+01  9.879120e-03 
 2.593584e+01  9.848189e-03 
 2.593624e+01  9.818400e-03 
 2.593664e+01  9.789735e-03 
 2.593703e+01  9.762079e-03 
 2.593743e+01  9.735130e-03 
 2.593783e+01  9.708614e-03 
 2.593823e+01  9.682313e-03 
 2.593862e+01  9.655930e-03 
 2.593902e+01  9.629078e-03 
 2.593942e+01  9.601347e-03 
 2.593982e+01  9.572341e-03 
 2.594021e+01  9.541845e-03 
 2.594061e+01  9.509866e-03 
 2.594101e+01  9.476222e-03 
 2.594141e+01  9.441052e-03 
 2.594181e+01  9.404404e-03 
 2.594220e+01  9.366526e-03 
 2.594260e+01  9.327786e-03 
 2.594300e+01  9.288551e-03 
 2.594340e+01  9.249108e-03 
 2.594379e+01  9.209791e-03 
 2.594419e+01  9.170919e-03 
 2.594459e+01  9.132784e-03 
 2.594499e+01  9.095508e-03 
 2.594538e+01  9.059133e-03 
 2.594578e+01  9.023672e-03 
 2.594618e+01  8.988966e-03 
 2.594658e+01  8.954893e-03 
 2.594698e+01  8.921339e-03 
 2.594737e+01  8.888196e-03 
 2.594777e+01  8.855324e-03 
 2.594817e+01  8.822615e-03 
 2.594857e+01  8.789929e-03 
 2.594896e+01  8.757106e-03 
 2.594936e+01  8.724054e-03 
 2.594976e+01  8.690780e-03 
 2.595016e+01  8.657483e-03 
 2.595055e+01  8.624310e-03 
 2.595095e+01  8.591576e-03 
 2.595135e+01  8.559698e-03 
 2.595175e+01  8.528973e-03 
 2.595215e+01  8.499838e-03 
 2.595254e+01  8.472550e-03 
 2.595294e+01  8.447305e-03 
 2.595334e+01  8.424289e-03 
 2.595374e+01  8.403612e-03 
 2.595413e+01  8.385338e-03 
 2.595453e+01  8.369297e-03 
 2.595493e+01  8.355121e-03 
 2.595533e+01  8.342352e-03 
 2.595572e+01  8.330472e-03 
 2.595612e+01  8.318914e-03 
 2.595652e+01  8.307223e-03 
 2.595692e+01  8.294983e-03 
 2.595732e+01  8.281674e-03 
 2.595771e+01  8.267098e-03 
 2.595811e+01  8.251135e-03 
 2.595851e+01  8.233744e-03 
 2.595891e+01  8.215020e-03 
 2.595930e+01  8.195065e-03 
 2.595970e+01  8.174177e-03 
 2.596010e+01  8.152729e-03 
 2.596050e+01  8.131098e-03 
 2.596089e+01  8.109571e-03 
 2.596129e+01  8.088463e-03 
 2.596169e+01  8.068051e-03 
 2.596209e+01  8.048527e-03 
 2.596249e+01  8.030157e-03 
 2.596288e+01  8.013110e-03 
 2.596328e+01  7.997493e-03 
 2.596368e+01  7.983247e-03 
 2.596408e+01  7.970370e-03 
 2.596447e+01  7.958748e-03 
 2.596487e+01  7.948260e-03 
 2.596527e+01  7.938741e-03 
 2.596567e+01  7.930101e-03 
 2.596606e+01  7.922300e-03 
 2.596646e+01  7.915302e-03 
 2.596686e+01  7.909113e-03 
 2.596726e+01  7.903823e-03 
 2.596766e+01  7.899598e-03 
 2.596805e+01  7.896665e-03 
 2.596845e+01  7.895155e-03 
 2.596885e+01  7.895425e-03 
 2.596925e+01  7.897799e-03 
 2.596964e+01  7.902610e-03 
 2.597004e+01  7.910202e-03 
 2.597044e+01  7.920771e-03 
 2.597084e+01  7.934385e-03 
 2.597123e+01  7.950967e-03 
 2.597163e+01  7.970421e-03 
 2.597203e+01  7.992549e-03 
 2.597243e+01  8.016985e-03 
 2.597283e+01  8.043312e-03 
 2.597322e+01  8.071056e-03 
 2.597362e+01  8.099703e-03 
 2.597402e+01  8.128770e-03 
 2.597442e+01  8.157598e-03 
 2.597481e+01  8.185528e-03 
 2.597521e+01  8.212187e-03 
 2.597561e+01  8.237332e-03 
 2.597601e+01  8.260949e-03 
 2.597640e+01  8.283141e-03 
 2.597680e+01  8.303923e-03 
 2.597720e+01  8.323336e-03 
 2.597760e+01  8.341542e-03 
 2.597800e+01  8.358858e-03 
 2.597839e+01  8.375468e-03 
 2.597879e+01  8.391681e-03 
 2.597919e+01  8.407775e-03 
 2.597959e+01  8.424095e-03 
 2.597998e+01  8.440786e-03 
 2.598038e+01  8.457897e-03 
 2.598078e+01  8.475176e-03 
 2.598118e+01  8.492328e-03 
 2.598157e+01  8.508908e-03 
 2.598197e+01  8.524759e-03 
 2.598237e+01  8.539509e-03 
 2.598277e+01  8.552829e-03 
 2.598317e+01  8.564647e-03 
 2.598356e+01  8.574772e-03 
 2.598396e+01  8.583017e-03 
 2.598436e+01  8.589132e-03 
 2.598476e+01  8.593207e-03 
 2.598515e+01  8.595550e-03 
 2.598555e+01  8.596079e-03 
 2.598595e+01  8.595275e-03 
 2.598635e+01  8.593252e-03 
 2.598674e+01  8.590668e-03 
 2.598714e+01  8.587561e-03 
 2.598754e+01  8.584270e-03 
 2.598794e+01  8.580806e-03 
 2.598834e+01  8.577170e-03 
 2.598873e+01  8.573391e-03 
 2.598913e+01  8.569375e-03 
 2.598953e+01  8.565044e-03 
 2.598993e+01  8.560201e-03 
 2.599032e+01  8.554578e-03 
 2.599072e+01  8.547906e-03 
 2.599112e+01  8.539783e-03 
 2.599152e+01  8.529895e-03 
 2.599191e+01  8.518075e-03 
 2.599231e+01  8.504165e-03 
 2.599271e+01  8.488010e-03 
 2.599311e+01  8.469805e-03 
 2.599351e+01  8.449557e-03 
 2.599390e+01  8.427584e-03 
 2.599430e+01  8.404306e-03 
 2.599470e+01  8.380061e-03 
 2.599510e+01  8.355267e-03 
 2.599549e+01  8.330457e-03 
 2.599589e+01  8.306054e-03 
 2.599629e+01  8.282363e-03 
 2.599669e+01  8.259499e-03 
 2.599708e+01  8.237631e-03 
 2.599748e+01  8.216725e-03 
 2.599788e+01  8.196741e-03 
 2.599828e+01  8.177519e-03 
 2.599868e+01  8.158709e-03 
 2.599907e+01  8.139880e-03 
 2.599947e+01  8.120696e-03 
 2.599987e+01  8.100723e-03 
 2.600027e+01  8.079420e-03 
 2.600066e+01  8.056531e-03 
 2.600106e+01  8.031785e-03 
 2.600146e+01  8.005089e-03 
 2.600186e+01  7.976400e-03 
 2.600225e+01  7.945821e-03 
 2.600265e+01  7.913733e-03 
 2.600305e+01  7.880357e-03 
 2.600345e+01  7.846042e-03 
 2.600385e+01  7.811288e-03 
 2.600424e+01  7.776413e-03 
 2.600464e+01  7.741921e-03 
 2.600504e+01  7.708130e-03 
 2.600544e+01  7.675342e-03 
 2.600583e+01  7.643646e-03 
 2.600623e+01  7.612905e-03 
 2.600663e+01  7.582986e-03 
 2.600703e+01  7.553620e-03 
 2.600742e+01  7.524589e-03 
 2.600782e+01  7.495475e-03 
 2.600822e+01  7.465912e-03 
 2.600862e+01  7.435520e-03 
 2.600902e+01  7.403955e-03 
 2.600941e+01  7.371110e-03 
 2.600981e+01  7.336606e-03 
 2.601021e+01  7.300334e-03 
 2.601061e+01  7.262225e-03 
 2.601100e+01  7.222345e-03 
 2.601140e+01  7.180995e-03 
 2.601180e+01  7.138494e-03 
 2.601220e+01  7.095237e-03 
 2.601259e+01  7.051401e-03 
 2.601299e+01  7.007320e-03 
 2.601339e+01  6.963249e-03 
 2.601379e+01  6.919306e-03 
 2.601419e+01  6.875559e-03 
 2.601458e+01  6.831970e-03 
 2.601498e+01  6.788509e-03 
 2.601538e+01  6.745139e-03 
 2.601578e+01  6.701843e-03 
 2.601617e+01  6.658392e-03 
 2.601657e+01  6.614434e-03 
 2.601697e+01  6.569681e-03 
 2.601737e+01  6.523923e-03 
 2.601776e+01  6.476981e-03 
 2.601816e+01  6.428679e-03 
 2.601856e+01  6.378993e-03 
 2.601896e+01  6.327831e-03 
 2.601936e+01  6.275417e-03 
 2.601975e+01  6.222001e-03 
 2.602015e+01  6.168018e-03 
 2.602055e+01  6.113881e-03 
 2.602095e+01  6.059975e-03 
 2.602134e+01  6.006867e-03 
 2.602174e+01  5.954912e-03 
 2.602214e+01  5.904471e-03 
 2.602254e+01  5.855736e-03 
 2.602294e+01  5.808759e-03 
 2.602333e+01  5.763447e-03 
 2.602373e+01  5.719659e-03 
 2.602413e+01  5.677288e-03 
 2.602453e+01  5.636119e-03 
 2.602492e+01  5.595701e-03 
 2.602532e+01  5.555656e-03 
 2.602572e+01  5.515681e-03 
 2.602612e+01  5.475401e-03 
 2.602651e+01  5.434344e-03 
 2.602691e+01  5.392411e-03 
 2.602731e+01  5.349515e-03 
 2.602771e+01  5.305441e-03 
 2.602811e+01  5.260139e-03 
 2.602850e+01  5.213679e-03 
 2.602890e+01  5.166271e-03 
 2.602930e+01  5.118080e-03 
 2.602970e+01  5.069382e-03 
 2.603009e+01  5.020394e-03 
 2.603049e+01  4.971420e-03 
 2.603089e+01  4.922782e-03 
 2.603129e+01  4.874628e-03 
 2.603168e+01  4.827085e-03 
 2.603208e+01  4.779994e-03 
 2.603248e+01  4.733124e-03 
 2.603288e+01  4.686378e-03 
 2.603328e+01  4.639592e-03 
 2.603367e+01  4.592562e-03 
 2.603407e+01  4.545062e-03 
 2.603447e+01  4.496887e-03 
 2.603487e+01  4.447723e-03 
 2.603526e+01  4.397415e-03 
 2.603566e+01  4.345819e-03 
 2.603606e+01  4.292796e-03 
 2.603646e+01  4.238411e-03 
 2.603685e+01  4.182714e-03 
 2.603725e+01  4.125970e-03 
 2.603765e+01  4.068520e-03 
 2.603805e+01  4.010728e-03 
 2.603845e+01  3.953041e-03 
 2.603884e+01  3.895756e-03 
 2.603924e+01  3.839318e-03 
 2.603964e+01  3.784016e-03 
 2.604004e+01  3.730094e-03 
 2.604043e+01  3.677658e-03 
 2.604083e+01  3.626730e-03 
 2.604123e+01  3.577257e-03 
 2.604163e+01  3.529091e-03 
 2.604202e+01  3.482172e-03 
 2.604242e+01  3.436204e-03 
 2.604282e+01  3.390928e-03 
 2.604322e+01  3.346137e-03 
 2.604362e+01  3.301473e-03 
 2.604401e+01  3.256602e-03 
 2.604441e+01  3.211330e-03 
 2.604481e+01  3.165396e-03 
 2.604521e+01  3.118750e-03 
 2.604560e+01  3.071380e-03 
 2.604600e+01  3.023491e-03 
 2.604640e+01  2.975379e-03 
 2.604680e+01  2.927430e-03 
 2.604719e+01  2.880039e-03 
 2.604759e+01  2.833499e-03 
 2.604799e+01  2.788226e-03 
 2.604839e+01  2.744450e-03 
 2.604879e+01  2.702530e-03 
 2.604918e+01  2.662735e-03 
 2.604958e+01  2.624969e-03 
 2.604998e+01  2.589026e-03 
 2.605038e+01  2.554695e-03 
 2.605077e+01  2.521638e-03 
 2.605117e+01  2.489619e-03 
 2.605157e+01  2.458104e-03 
 2.605197e+01  2.426913e-03 
 2.605236e+01  2.395752e-03 
 2.605276e+01  2.364544e-03 
 2.605316e+01  2.333190e-03 
 2.605356e+01  2.301636e-03 
 2.605396e+01  2.269930e-03 
 2.605435e+01  2.238208e-03 
 2.605475e+01  2.206672e-03 
 2.605515e+01  2.175812e-03 
 2.605555e+01  2.146046e-03 
 2.605594e+01  2.117740e-03 
 2.605634e+01  2.091268e-03 
 2.605674e+01  2.066936e-03 
 2.605714e+01  2.044998e-03 
 2.605753e+01  2.025584e-03 
 2.605793e+01  2.008596e-03 
 2.605833e+01  1.993893e-03 
 2.605873e+01  1.981254e-03 
 2.605913e+01  1.970498e-03 
 2.605952e+01  1.961364e-03 
 2.605992e+01  1.953531e-03 
 2.606032e+01  1.946704e-03 
 2.606072e+01  1.940621e-03 
 2.606111e+01  1.934939e-03 
 2.606151e+01  1.929398e-03 
 2.606191e+01  1.923753e-03 
 2.606231e+01  1.917721e-03 
 2.606270e+01  1.911230e-03 
 2.606310e+01  1.904363e-03 
 2.606350e+01  1.897167e-03 
 2.606390e+01  1.889900e-03 
 2.606430e+01  1.882867e-03 
 2.606469e+01  1.876326e-03 
 2.606509e+01  1.870528e-03 
 2.606549e+01  1.865778e-03 
 2.606589e+01  1.862304e-03 
 2.606628e+01  1.860398e-03 
 2.606668e+01  1.860214e-03 
 2.606708e+01  1.861622e-03 
 2.606748e+01  1.864474e-03 
 2.606787e+01  1.868444e-03 
 2.606827e+01  1.873064e-03 
 2.606867e+01  1.877906e-03 
 2.606907e+01  1.882579e-03 
 2.606947e+01  1.886791e-03 
 2.606986e+01  1.890281e-03 
 2.607026e+01  1.892915e-03 
 2.607066e+01  1.894689e-03 
 2.607106e+01  1.895706e-03 
 2.607145e+01  1.895980e-03 
 2.607185e+01  1.895717e-03 
 2.607225e+01  1.895284e-03 
 2.607265e+01  1.895007e-03 
 2.607304e+01  1.895385e-03 
 2.607344e+01  1.896854e-03 
 2.607384e+01  1.899835e-03 
 2.607424e+01  1.904644e-03 
 2.607464e+01  1.911575e-03 
 2.607503e+01  1.920954e-03 
 2.607543e+01  1.932918e-03 
 2.607583e+01  1.947394e-03 
 2.607623e+01  1.964096e-03 
 2.607662e+01  1.982665e-03 
 2.607702e+01  2.002676e-03 
 2.607742e+01  2.023639e-03 
 2.607782e+01  2.044982e-03 
 2.607821e+01  2.066161e-03 
 2.607861e+01  2.086789e-03 
 2.607901e+01  2.106609e-03 
 2.607941e+01  2.125410e-03 
 2.607981e+01  2.143020e-03 
 2.608020e+01  2.159414e-03 
 2.608060e+01  2.174642e-03 
 2.608100e+01  2.188911e-03 
 2.608140e+01  2.202532e-03 
 2.608179e+01  2.215834e-03 
 2.608219e+01  2.229040e-03 
 2.608259e+01  2.242309e-03 
 2.608299e+01  2.255842e-03 
 2.608338e+01  2.269545e-03 
 2.608378e+01  2.283319e-03 
 2.608418e+01  2.297024e-03 
 2.608458e+01  2.310392e-03 
 2.608498e+01  2.323167e-03 
 2.608537e+01  2.334929e-03 
 2.608577e+01  2.345292e-03 
 2.608617e+01  2.353824e-03 
 2.608657e+01  2.360108e-03 
 2.608696e+01  2.363787e-03 
 2.608736e+01  2.364683e-03 
 2.608776e+01  2.362796e-03 
 2.608816e+01  2.358313e-03 
 2.608855e+01  2.351553e-03 
 2.608895e+01  2.342821e-03 
 2.608935e+01  2.332523e-03 
 2.608975e+01  2.321041e-03 
 2.609015e+01  2.308736e-03 
 2.609054e+01  2.295945e-03 
 2.609094e+01  2.283014e-03 
 2.609134e+01  2.270332e-03 
 2.609174e+01  2.258169e-03 
 2.609213e+01  2.246791e-03 
 2.609253e+01  2.236492e-03 
 2.609293e+01  2.227483e-03 
 2.609333e+01  2.219731e-03 
 2.609372e+01  2.213127e-03 
 2.609412e+01  2.207460e-03 
 2.609452e+01  2.202509e-03 
 2.609492e+01  2.197872e-03 
 2.609532e+01  2.193222e-03 
 2.609571e+01  2.188165e-03 
 2.609611e+01  2.182425e-03 
 2.609651e+01  2.175971e-03 
 2.609691e+01  2.168748e-03 
 2.609730e+01  2.160916e-03 
 2.609770e+01  2.152599e-03 
 2.609810e+01  2.143946e-03 
 2.609850e+01  2.135156e-03 
 2.609889e+01  2.126459e-03 
 2.609929e+01  2.118085e-03 
 2.609969e+01  2.110123e-03 
 2.610009e+01  2.102542e-03 
 2.610049e+01  2.095515e-03 
 2.610088e+01  2.089126e-03 
 2.610128e+01  2.083270e-03 
 2.610168e+01  2.077850e-03 
 2.610208e+01  2.072644e-03 
 2.610247e+01  2.067304e-03 
 2.610287e+01  2.061495e-03 
 2.610327e+01  2.054892e-03 
 2.610367e+01  2.047131e-03 
 2.610406e+01  2.037788e-03 
 2.610446e+01  2.026526e-03 
 2.610486e+01  2.013098e-03 
 2.610526e+01  1.997317e-03 
 2.610566e+01  1.979240e-03 
 2.610605e+01  1.958983e-03 
 2.610645e+01  1.936876e-03 
 2.610685e+01  1.913289e-03 
 2.610725e+01  1.888641e-03 
 2.610764e+01  1.863268e-03 
 2.610804e+01  1.837517e-03 
 2.610844e+01  1.811758e-03 
 2.610884e+01  1.786256e-03 
 2.610923e+01  1.761126e-03 
 2.610963e+01  1.736450e-03 
 2.611003e+01  1.712352e-03 
 2.611043e+01  1.688760e-03 
 2.611083e+01  1.665715e-03 
 2.611122e+01  1.643116e-03 
 2.611162e+01  1.620727e-03 
 2.611202e+01  1.598236e-03 
 2.611242e+01  1.575370e-03 
 2.611281e+01  1.551902e-03 
 2.611321e+01  1.527533e-03 
 2.611361e+01  1.501995e-03 
 2.611401e+01  1.475169e-03 
 2.611441e+01  1.446972e-03 
 2.611480e+01  1.417555e-03 
 2.611520e+01  1.387140e-03 
 2.611560e+01  1.356042e-03 
 2.611600e+01  1.324537e-03 
 2.611639e+01  1.292960e-03 
 2.611679e+01  1.261665e-03 
 2.611719e+01  1.230782e-03 
 2.611759e+01  1.200482e-03 
 2.611798e+01  1.170810e-03 
 2.611838e+01  1.141751e-03 
 2.611878e+01  1.113196e-03 
 2.611918e+01  1.085047e-03 
 2.611958e+01  1.057088e-03 
 2.611997e+01  1.028976e-03 
 2.612037e+01  1.000354e-03 
 2.612077e+01  9.708217e-04 
 2.612117e+01  9.399350e-04 
 2.612156e+01  9.073690e-04 
 2.612196e+01  8.727018e-04 
 2.612236e+01  8.357068e-04 
 2.612276e+01  7.963101e-04 
 2.612315e+01  7.544754e-04 
 2.612355e+01  7.102953e-04 
 2.612395e+01  6.641293e-04 
 2.612435e+01  6.164003e-04 
 2.612475e+01  5.676202e-04 
 2.612514e+01  5.183508e-04 
 2.612554e+01  4.690013e-04 
 2.612594e+01  4.199468e-04 
 2.612634e+01  3.715492e-04 
 2.612673e+01  3.240464e-04 
 2.612713e+01  2.775314e-04 
 2.612753e+01  2.321354e-04 
 2.612793e+01  1.879361e-04 
 2.612832e+01  1.449411e-04 
 2.612872e+01  1.032256e-04 
 2.612912e+01  6.264457e-05 
 2.612952e+01  2.306143e-05 
 2.612992e+01 -1.572380e-05 
 2.613031e+01 -5.400078e-05 
 2.613071e+01 -9.205839e-05 
 2.613111e+01 -1.301860e-04 
 2.613151e+01 -1.685131e-04 
 2.613190e+01 -2.071222e-04 
 2.613230e+01 -2.458068e-04 
 2.613270e+01 -2.844144e-04 
 2.613310e+01 -3.227534e-04 
 2.613349e+01 -3.605262e-04 
 2.613389e+01 -3.976020e-04 
 2.613429e+01 -4.337628e-04 
 2.613469e+01 -4.689630e-04 
 2.613509e+01 -5.030692e-04 
 2.613548e+01 -5.361122e-04 
 2.613588e+01 -5.682285e-04 
 2.613628e+01 -5.994355e-04 
 2.613668e+01 -6.299310e-04 
 2.613707e+01 -6.600059e-04 
 2.613747e+01 -6.899531e-04 
 2.613787e+01 -7.201318e-04 
 2.613827e+01 -7.508541e-04 
 2.613866e+01 -7.824795e-04 
 2.613906e+01 -8.153204e-04 
 2.613946e+01 -8.497457e-04 
 2.613986e+01 -8.859690e-04 
 2.614026e+01 -9.241564e-04 
 2.614065e+01 -9.643224e-04 
 2.614105e+01 -1.006430e-03 
 2.614145e+01 -1.050108e-03 
 2.614185e+01 -1.095090e-03 
 2.614224e+01 -1.140924e-03 
 2.614264e+01 -1.187107e-03 
 2.614304e+01 -1.232963e-03 
 2.614344e+01 -1.278135e-03 
 2.614383e+01 -1.322037e-03 
 2.614423e+01 -1.364341e-03 
 2.614463e+01 -1.404721e-03 
 2.614503e+01 -1.443022e-03 
 2.614543e+01 -1.479286e-03 
 2.614582e+01 -1.513680e-03 
 2.614622e+01 -1.546295e-03 
 2.614662e+01 -1.577349e-03 
 2.614702e+01 -1.606994e-03 
 2.614741e+01 -1.635378e-03 
 2.614781e+01 -1.662683e-03 
 2.614821e+01 -1.689124e-03 
 2.614861e+01 -1.714694e-03 
 2.614900e+01 -1.739495e-03 
 2.614940e+01 -1.763505e-03 
 2.614980e+01 -1.786563e-03 
 2.615020e+01 -1.808368e-03 
 2.615060e+01 -1.828534e-03 
 2.615099e+01 -1.846761e-03 
 2.615139e+01 -1.862717e-03 
 2.615179e+01 -1.876097e-03 
 2.615219e+01 -1.886690e-03 
 2.615258e+01 -1.894416e-03 
 2.615298e+01 -1.899295e-03 
 2.615338e+01 -1.901522e-03 
 2.615378e+01 -1.901445e-03 
 2.615417e+01 -1.899365e-03 
 2.615457e+01 -1.895688e-03 
 2.615497e+01 -1.890978e-03 
 2.615537e+01 -1.885707e-03 
 2.615577e+01 -1.880375e-03 
 2.615616e+01 -1.875392e-03 
 2.615656e+01 -1.871005e-03 
 2.615696e+01 -1.867451e-03 
 2.615736e+01 -1.864854e-03 
 2.615775e+01 -1.863205e-03 
 2.615815e+01 -1.862463e-03 
 2.615855e+01 -1.862392e-03 
 2.615895e+01 -1.862718e-03 
 2.615934e+01 -1.863122e-03 
 2.615974e+01 -1.863223e-03 
 2.616014e+01 -1.862602e-03 
 2.616054e+01 -1.860808e-03 
 2.616094e+01 -1.857454e-03 
 2.616133e+01 -1.852294e-03 
 2.616173e+01 -1.845191e-03 
 2.616213e+01 -1.836207e-03 
 2.616253e+01 -1.825470e-03 
 2.616292e+01 -1.813217e-03 
 2.616332e+01 -1.799774e-03 
 2.616372e+01 -1.785483e-03 
 2.616412e+01 -1.770686e-03 
 2.616451e+01 -1.755577e-03 
 2.616491e+01 -1.740450e-03 
 2.616531e+01 -1.725492e-03 
 2.616571e+01 -1.710843e-03 
 2.616611e+01 -1.696744e-03 
 2.616650e+01 -1.683069e-03 
 2.616690e+01 -1.669750e-03 
 2.616730e+01 -1.656649e-03 
 2.616770e+01 -1.643484e-03 
 2.616809e+01 -1.629987e-03 
 2.616849e+01 -1.615840e-03 
 2.616889e+01 -1.600643e-03 
 2.616929e+01 -1.584118e-03 
 2.616968e+01 -1.565954e-03 
 2.617008e+01 -1.545925e-03 
 2.617048e+01 -1.523948e-03 
 2.617088e+01 -1.500114e-03 
 2.617128e+01 -1.474546e-03 
 2.617167e+01 -1.447627e-03 
 2.617207e+01 -1.419675e-03 
 2.617247e+01 -1.391276e-03 
 2.617287e+01 -1.362917e-03 
 2.617326e+01 -1.335122e-03 
 2.617366e+01 -1.308288e-03 
 2.617406e+01 -1.282767e-03 
 2.617446e+01 -1.258747e-03 
 2.617485e+01 -1.236473e-03 
 2.617525e+01 -1.215951e-03 
 2.617565e+01 -1.197046e-03 
 2.617605e+01 -1.179486e-03 
 2.617645e+01 -1.162952e-03 
 2.617684e+01 -1.147155e-03 
 2.617724e+01 -1.131805e-03 
 2.617764e+01 -1.116551e-03 
 2.617804e+01 -1.101205e-03 
 2.617843e+01 -1.085424e-03 
 2.617883e+01 -1.069022e-03 
 2.617923e+01 -1.051877e-03 
 2.617963e+01 -1.033968e-03 
 2.618002e+01 -1.015305e-03 
 2.618042e+01 -9.960788e-04 
 2.618082e+01 -9.766379e-04 
 2.618122e+01 -9.572663e-04 
 2.618162e+01 -9.382776e-04 
 2.618201e+01 -9.198454e-04 
 2.618241e+01 -9.020707e-04 
 2.618281e+01 -8.849076e-04 
 2.618321e+01 -8.681812e-04 
 2.618360e+01 -8.517436e-04 
 2.618400e+01 -8.353228e-04 
 2.618440e+01 -8.188131e-04 
 2.618480e+01 -8.018902e-04 
 2.618519e+01 -7.842932e-04 
 2.618559e+01 -7.657698e-04 
 2.618599e+01 -7.459152e-04 
 2.618639e+01 -7.244772e-04 
 2.618679e+01 -7.011509e-04 
 2.618718e+01 -6.758072e-04 
 2.618758e+01 -6.484390e-04 
 2.618798e+01 -6.190209e-04 
 2.618838e+01 -5.877487e-04 
 2.618877e+01 -5.548458e-04 
 2.618917e+01 -5.206427e-04 
 2.618957e+01 -4.855631e-04 
 2.618997e+01 -4.501631e-04 
 2.619036e+01 -4.150443e-04 
 2.619076e+01 -3.807372e-04 
 2.619116e+01 -3.477096e-04 
 2.619156e+01 -3.163267e-04 
 2.619196e+01 -2.866498e-04 
 2.619235e+01 -2.588751e-04 
 2.619275e+01 -2.329468e-04 
 2.619315e+01 -2.089746e-04 
 2.619355e+01 -1.868475e-04 
 2.619394e+01 -1.664020e-04 
 2.619434e+01 -1.474535e-04 
 2.619474e+01 -1.296824e-04 
 2.619514e+01 -1.128623e-04 
 2.619553e+01 -9.685308e-05 
 2.619593e+01 -8.151422e-05 
 2.619633e+01 -6.675606e-05 
 2.619673e+01 -5.257971e-05 
 2.619713e+01 -3.908692e-05 
 2.619752e+01 -2.645879e-05 
 2.619792e+01 -1.483224e-05 
 2.619832e+01 -4.266914e-06 
 2.619872e+01  5.015987e-06 
 2.619911e+01  1.283427e-05 
 2.619951e+01  1.902660e-05 
 2.619991e+01  2.354184e-05 
 2.620031e+01  2.635921e-05 
 2.620070e+01  2.754463e-05 
 2.620110e+01  2.729451e-05 
 2.620150e+01  2.585821e-05 
 2.620190e+01  2.345233e-05 
 2.620230e+01  2.050120e-05 
 2.620269e+01  1.726425e-05 
 2.620309e+01  1.403848e-05 
 2.620349e+01  1.114773e-05 
 2.620389e+01  8.913640e-06 
 2.620428e+01  7.558472e-06 
 2.620468e+01  7.343363e-06 
 2.620508e+01  8.416731e-06 
 2.620548e+01  1.083849e-05 
 2.620588e+01  1.443598e-05 
 2.620627e+01  1.893497e-05 
 2.620667e+01  2.397911e-05 
 2.620707e+01  2.913595e-05 
 2.620747e+01  3.392980e-05 
 2.620786e+01  3.799737e-05 
 2.620826e+01  4.101206e-05 
 2.620866e+01  4.268983e-05 
 2.620906e+01  4.278142e-05 
 2.620945e+01  4.108472e-05 
 2.620985e+01  3.757739e-05 
 2.621025e+01  3.242364e-05 
 2.621065e+01  2.576876e-05 
 2.621105e+01  1.787953e-05 
 2.621144e+01  9.020864e-06 
 2.621184e+01 -5.527362e-07 
 2.621224e+01 -1.062407e-05 
 2.621264e+01 -2.093068e-05 
 2.621303e+01 -3.131851e-05 
 2.621343e+01 -4.172094e-05 
 2.621383e+01 -5.218002e-05 
 2.621423e+01 -6.271300e-05 
 2.621462e+01 -7.337524e-05 
 2.621502e+01 -8.431563e-05 
 2.621542e+01 -9.583569e-05 
 2.621582e+01 -1.082150e-04 
 2.621622e+01 -1.218344e-04 
 2.621661e+01 -1.370682e-04 
 2.621701e+01 -1.541990e-04 
 2.621741e+01 -1.734380e-04 
 2.621781e+01 -1.949508e-04 
 2.621820e+01 -2.187510e-04 
 2.621860e+01 -2.447353e-04 
 2.621900e+01 -2.727475e-04 
 2.621940e+01 -3.024810e-04 
 2.621979e+01 -3.335086e-04 
 2.622019e+01 -3.653960e-04 
 2.622059e+01 -3.977260e-04 
 2.622099e+01 -4.301776e-04 
 2.622139e+01 -4.624348e-04 
 2.622178e+01 -4.940856e-04 
 2.622218e+01 -5.248645e-04 
 2.622258e+01 -5.545690e-04 
 2.622298e+01 -5.831937e-04 
 2.622337e+01 -6.107813e-04 
 2.622377e+01 -6.374698e-04 
 2.622417e+01 -6.634431e-04 
 2.622457e+01 -6.890235e-04 
 2.622496e+01 -7.145771e-04 
 2.622536e+01 -7.404375e-04 
 2.622576e+01 -7.669897e-04 
 2.622616e+01 -7.945283e-04 
 2.622656e+01 -8.232483e-04 
 2.622695e+01 -8.533203e-04 
 2.622735e+01 -8.845921e-04 
 2.622775e+01 -9.170570e-04 
 2.622815e+01 -9.505308e-04 
 2.622854e+01 -9.846876e-04 
 2.622894e+01 -1.019407e-03 
 2.622934e+01 -1.054533e-03 
 2.622974e+01 -1.089874e-03 
 2.623013e+01 -1.125210e-03 
 2.623053e+01 -1.160463e-03 
 2.623093e+01 -1.195543e-03 
 2.623133e+01 -1.230375e-03 
 2.623173e+01 -1.265016e-03 
 2.623212e+01 -1.299582e-03 
 2.623252e+01 -1.334195e-03 
 2.623292e+01 -1.369071e-03 
 2.623332e+01 -1.404547e-03 
 2.623371e+01 -1.440878e-03 
 2.623411e+01 -1.478242e-03 
 2.623451e+01 -1.516880e-03 
 2.623491e+01 -1.556929e-03 
 2.623530e+01 -1.598391e-03 
 2.623570e+01 -1.641356e-03 
 2.623610e+01 -1.685642e-03 
 2.623650e+01 -1.730816e-03 
 2.623690e+01 -1.776513e-03 
 2.623729e+01 -1.822145e-03 
 2.623769e+01 -1.867099e-03 
 2.623809e+01 -1.910858e-03 
 2.623849e+01 -1.952926e-03 
 2.623888e+01 -1.992840e-03 
 2.623928e+01 -2.030337e-03 
 2.623968e+01 -2.065109e-03 
 2.624008e+01 -2.096997e-03 
 2.624047e+01 -2.125866e-03 
 2.624087e+01 -2.151784e-03 
 2.624127e+01 -2.174920e-03 
 2.624167e+01 -2.195500e-03 
 2.624207e+01 -2.213824e-03 
 2.624246e+01 -2.230322e-03 
 2.624286e+01 -2.245484e-03 
 2.624326e+01 -2.259613e-03 
 2.624366e+01 -2.273010e-03 
 2.624405e+01 -2.285766e-03 
 2.624445e+01 -2.297915e-03 
 2.624485e+01 -2.309482e-03 
 2.624525e+01 -2.320433e-03 
 2.624564e+01 -2.330594e-03 
 2.624604e+01 -2.339732e-03 
 2.624644e+01 -2.347655e-03 
 2.624684e+01 -2.354177e-03 
 2.624724e+01 -2.359214e-03 
 2.624763e+01 -2.362731e-03 
 2.624803e+01 -2.364930e-03 
 2.624843e+01 -2.365929e-03 
 2.624883e+01 -2.365925e-03 
 2.624922e+01 -2.365199e-03 
 2.624962e+01 -2.364120e-03 
 2.625002e+01 -2.363047e-03 
 2.625042e+01 -2.362358e-03 
 2.625081e+01 -2.362404e-03 
 2.625121e+01 -2.363444e-03 
 2.625161e+01 -2.365712e-03 
 2.625201e+01 -2.369413e-03 
 2.625241e+01 -2.374576e-03 
 2.625280e+01 -2.381144e-03 
 2.625320e+01 -2.389026e-03 
 2.625360e+01 -2.398007e-03 
 2.625400e+01 -2.407720e-03 
 2.625439e+01 -2.417799e-03 
 2.625479e+01 -2.427752e-03 
 2.625519e+01 -2.436959e-03 
 2.625559e+01 -2.444907e-03 
 2.625598e+01 -2.451056e-03 
 2.625638e+01 -2.455070e-03 
 2.625678e+01 -2.456705e-03 
 2.625718e+01 -2.455890e-03 
 2.625758e+01 -2.452784e-03 
 2.625797e+01 -2.447578e-03 
 2.625837e+01 -2.440422e-03 
 2.625877e+01 -2.431472e-03 
 2.625917e+01 -2.420961e-03 
 2.625956e+01 -2.409138e-03 
 2.625996e+01 -2.396302e-03 
 2.626036e+01 -2.382790e-03 
 2.626076e+01 -2.368868e-03 
 2.626115e+01 -2.354703e-03 
 2.626155e+01 -2.340426e-03 
 2.626195e+01 -2.326043e-03 
 2.626235e+01 -2.311440e-03 
 2.626275e+01 -2.296458e-03 
 2.626314e+01 -2.280935e-03 
 2.626354e+01 -2.264669e-03 
 2.626394e+01 -2.247434e-03 
 2.626434e+01 -2.229008e-03 
 2.626473e+01 -2.209329e-03 
 2.626513e+01 -2.188222e-03 
 2.626553e+01 -2.165594e-03 
 2.626593e+01 -2.141399e-03 
 2.626632e+01 -2.115695e-03 
 2.626672e+01 -2.088695e-03 
 2.626712e+01 -2.060733e-03 
 2.626752e+01 -2.032114e-03 
 2.626792e+01 -2.003311e-03 
 2.626831e+01 -1.974709e-03 
 2.626871e+01 -1.946684e-03 
 2.626911e+01 -1.919505e-03 
 2.626951e+01 -1.893446e-03 
 2.626990e+01 -1.868712e-03 
 2.627030e+01 -1.845419e-03 
 2.627070e+01 -1.823508e-03 
 2.627110e+01 -1.802853e-03 
 2.627149e+01 -1.783285e-03 
 2.627189e+01 -1.764434e-03 
 2.627229e+01 -1.745950e-03 
 2.627269e+01 -1.727410e-03 
 2.627309e+01 -1.708436e-03 
 2.627348e+01 -1.688652e-03 
 2.627388e+01 -1.667880e-03 
 2.627428e+01 -1.646005e-03 
 2.627468e+01 -1.622878e-03 
 2.627507e+01 -1.598595e-03 
 2.627547e+01 -1.573223e-03 
 2.627587e+01 -1.547011e-03 
 2.627627e+01 -1.520163e-03 
 2.627666e+01 -1.493019e-03 
 2.627706e+01 -1.465790e-03 
 2.627746e+01 -1.438667e-03 
 2.627786e+01 -1.411730e-03 
 2.627826e+01 -1.384934e-03 
 2.627865e+01 -1.358181e-03 
 2.627905e+01 -1.331384e-03 
 2.627945e+01 -1.304436e-03 
 2.627985e+01 -1.277221e-03 
 2.628024e+01 -1.249554e-03 
 2.628064e+01 -1.221193e-03 
 2.628104e+01 -1.191828e-03 
 2.628144e+01 -1.161376e-03 
 2.628183e+01 -1.129556e-03 
 2.628223e+01 -1.096194e-03 
 2.628263e+01 -1.061209e-03 
 2.628303e+01 -1.024642e-03 
 2.628343e+01 -9.865722e-04 
 2.628382e+01 -9.471721e-04 
 2.628422e+01 -9.066955e-04 
 2.628462e+01 -8.654836e-04 
 2.628502e+01 -8.239882e-04 
 2.628541e+01 -7.826669e-04 
 2.628581e+01 -7.420198e-04 
 2.628621e+01 -7.024546e-04 
 2.628661e+01 -6.643164e-04 
 2.628700e+01 -6.277682e-04 
 2.628740e+01 -5.928906e-04 
 2.628780e+01 -5.596333e-04 
 2.628820e+01 -5.278554e-04 
 2.628860e+01 -4.974087e-04 
 2.628899e+01 -4.681413e-04 
 2.628939e+01 -4.399289e-04 
 2.628979e+01 -4.125178e-04 
 2.629019e+01 -3.856703e-04 
 2.629058e+01 -3.590828e-04 
 2.629098e+01 -3.323889e-04 
 2.629138e+01 -3.053675e-04 
 2.629178e+01 -2.777424e-04 
 2.629217e+01 -2.493511e-04 
 2.629257e+01 -2.200897e-04 
 2.629297e+01 -1.900333e-04 
 2.629337e+01 -1.593806e-04 
 2.629377e+01 -1.283531e-04 
 2.629416e+01 -9.718270e-05 
 2.629456e+01 -6.603722e-05 
 2.629496e+01 -3.512489e-05 
 2.629536e+01 -4.612924e-06 
 2.629575e+01  2.531162e-05 
 2.629615e+01  5.460443e-05 
 2.629655e+01  8.320845e-05 
 2.629695e+01  1.112710e-04 
 2.629735e+01  1.388936e-04 
 2.629774e+01  1.662355e-04 
 2.629814e+01  1.935130e-04 
 2.629854e+01  2.210462e-04 
 2.629894e+01  2.489945e-04 
 2.629933e+01  2.774853e-04 
 2.629973e+01  3.066549e-04 
 2.630013e+01  3.364708e-04 
 2.630053e+01  3.669502e-04 
 2.630092e+01  3.980793e-04 
 2.630132e+01  4.296592e-04 
 2.630172e+01  4.613705e-04 
 2.630212e+01  4.927990e-04 
 2.630252e+01  5.235350e-04 
 2.630291e+01  5.531482e-04 
 2.630331e+01  5.811632e-04 
 2.630371e+01  6.071456e-04 
 2.630411e+01  6.307777e-04 
 2.630450e+01  6.519539e-04 
 2.630490e+01  6.706452e-04 
 2.630530e+01  6.870158e-04 
 2.630570e+01  7.012321e-04 
 2.630609e+01  7.136342e-04 
 2.630649e+01  7.245887e-04 
 2.630689e+01  7.345274e-04 
 2.630729e+01  7.438764e-04 
 2.630769e+01  7.529531e-04 
 2.630808e+01  7.620805e-04 
 2.630848e+01  7.713633e-04 
 2.630888e+01  7.809499e-04 
 2.630928e+01  7.908355e-04 
 2.630967e+01  8.010919e-04 
 2.631007e+01  8.116166e-04 
 2.631047e+01  8.222565e-04 
 2.631087e+01  8.327707e-04 
 2.631126e+01  8.428230e-04 
 2.631166e+01  8.519657e-04 
 2.631206e+01  8.598020e-04 
 2.631246e+01  8.660209e-04 
 2.631286e+01  8.703394e-04 
 2.631325e+01  8.725815e-04 
 2.631365e+01  8.726827e-04 
 2.631405e+01  8.706227e-04 
 2.631445e+01  8.665171e-04 
 2.631484e+01  8.606156e-04 
 2.631524e+01  8.531604e-04 
 2.631564e+01  8.444303e-04 
 2.631604e+01  8.347808e-04 
 2.631643e+01  8.244859e-04 
 2.631683e+01  8.138054e-04 
 2.631723e+01  8.029439e-04 
 2.631763e+01  7.919076e-04 
 2.631803e+01  7.806491e-04 
 2.631842e+01  7.691591e-04 
 2.631882e+01  7.573130e-04 
 2.631922e+01  7.449576e-04 
 2.631962e+01  7.318433e-04 
 2.632001e+01  7.177121e-04 
 2.632041e+01  7.022333e-04 
 2.632081e+01  6.850894e-04 
 2.632121e+01  6.660669e-04 
 2.632160e+01  6.450664e-04 
 2.632200e+01  6.219291e-04 
 2.632240e+01  5.967826e-04 
 2.632280e+01  5.697675e-04 
 2.632320e+01  5.410827e-04 
 2.632359e+01  5.109783e-04 
 2.632399e+01  4.797967e-04 
 2.632439e+01  4.478953e-04 
 2.632479e+01  4.155724e-04 
 2.632518e+01  3.831452e-04 
 2.632558e+01  3.507635e-04 
 2.632598e+01  3.187210e-04 
 2.632638e+01  2.871876e-04 
 2.632677e+01  2.561160e-04 
 2.632717e+01  2.254604e-04 
 2.632757e+01  1.951349e-04 
 2.632797e+01  1.650065e-04 
 2.632837e+01  1.348945e-04 
 2.632876e+01  1.046441e-04 
 2.632916e+01  7.406362e-05 
 2.632956e+01  4.293806e-05 
 2.632996e+01  1.116042e-05 
 2.633035e+01 -2.134515e-05 
 2.633075e+01 -5.458740e-05 
 2.633115e+01 -8.850876e-05 
 2.633155e+01 -1.229247e-04 
 2.633194e+01 -1.574653e-04 
 2.633234e+01 -1.918404e-04 
 2.633274e+01 -2.256266e-04 
 2.633314e+01 -2.584390e-04 
 2.633354e+01 -2.899265e-04 
 2.633393e+01 -3.197710e-04 
 2.633433e+01 -3.475918e-04 
 2.633473e+01 -3.731757e-04 
 2.633513e+01 -3.964291e-04 
 2.633552e+01 -4.173377e-04 
 2.633592e+01 -4.359747e-04 
 2.633632e+01 -4.525543e-04 
 2.633672e+01 -4.674375e-04 
 2.633711e+01 -4.809535e-04 
 2.633751e+01 -4.935144e-04 
 2.633791e+01 -5.056061e-04 
 2.633831e+01 -5.174854e-04 
 2.633871e+01 -5.293274e-04 
 2.633910e+01 -5.412207e-04 
 2.633950e+01 -5.534333e-04 
 2.633990e+01 -5.659543e-04 
 2.634030e+01 -5.787463e-04 
 2.634069e+01 -5.916736e-04 
 2.634109e+01 -6.046374e-04 
 2.634149e+01 -6.173889e-04 
 2.634189e+01 -6.296738e-04 
 2.634228e+01 -6.411949e-04 
 2.634268e+01 -6.517142e-04 
 2.634308e+01 -6.610681e-04 
 2.634348e+01 -6.692336e-04 
 2.634388e+01 -6.762666e-04 
 2.634427e+01 -6.821704e-04 
 2.634467e+01 -6.869766e-04 
 2.634507e+01 -6.908294e-04 
 2.634547e+01 -6.939269e-04 
 2.634586e+01 -6.963996e-04 
 2.634626e+01 -6.983974e-04 
 2.634666e+01 -7.000695e-04 
 2.634706e+01 -7.016450e-04 
 2.634745e+01 -7.032778e-04 
 2.634785e+01 -7.049776e-04 
 2.634825e+01 -7.065697e-04 
 2.634865e+01 -7.078677e-04 
 2.634905e+01 -7.085718e-04 
 2.634944e+01 -7.084071e-04 
 2.634984e+01 -7.070257e-04 
 2.635024e+01 -7.040353e-04 
 2.635064e+01 -6.991007e-04 
 2.635103e+01 -6.919109e-04 
 2.635143e+01 -6.823546e-04 
 2.635183e+01 -6.704198e-04 
 2.635223e+01 -6.562241e-04 
 2.635262e+01 -6.399709e-04 
 2.635302e+01 -6.219676e-04 
 2.635342e+01 -6.025762e-04 
 2.635382e+01 -5.822197e-04 
 2.635422e+01 -5.613288e-04 
 2.635461e+01 -5.402819e-04 
 2.635501e+01 -5.195113e-04 
 2.635541e+01 -4.994888e-04 
 2.635581e+01 -4.806088e-04 
 2.635620e+01 -4.631344e-04 
 2.635660e+01 -4.473201e-04 
 2.635700e+01 -4.332661e-04 
 2.635740e+01 -4.210194e-04 
 2.635779e+01 -4.104064e-04 
 2.635819e+01 -4.012665e-04 
 2.635859e+01 -3.932880e-04 
 2.635899e+01 -3.860897e-04 
 2.635939e+01 -3.793746e-04 
 2.635978e+01 -3.727979e-04 
 2.636018e+01 -3.660451e-04 
 2.636058e+01 -3.587467e-04 
 2.636098e+01 -3.506922e-04 
 2.636137e+01 -3.417259e-04 
 2.636177e+01 -3.317093e-04 
 2.636217e+01 -3.205741e-04 
 2.636257e+01 -3.083095e-04 
 2.636296e+01 -2.949711e-04 
 2.636336e+01 -2.805634e-04 
 2.636376e+01 -2.652273e-04 
 2.636416e+01 -2.490448e-04 
 2.636456e+01 -2.322541e-04 
 2.636495e+01 -2.151159e-04 
 2.636535e+01 -1.977501e-04 
 2.636575e+01 -1.803264e-04 
 2.636615e+01 -1.628378e-04 
 2.636654e+01 -1.451718e-04 
 2.636694e+01 -1.271578e-04 
 2.636734e+01 -1.085505e-04 
 2.636774e+01 -8.901206e-05 
 2.636813e+01 -6.817799e-05 
 2.636853e+01 -4.584760e-05 
 2.636893e+01 -2.193541e-05 
 2.636933e+01  3.542759e-06 
 2.636973e+01  3.057788e-05 
 2.637012e+01  5.905422e-05 
 2.637052e+01  8.869586e-05 
 2.637092e+01  1.192684e-04 
 2.637132e+01  1.504346e-04 
 2.637171e+01  1.818361e-04 
 2.637211e+01  2.131848e-04 
 2.637251e+01  2.441827e-04 
 2.637291e+01  2.745253e-04 
 2.637330e+01  3.039544e-04 
 2.637370e+01  3.323880e-04 
 2.637410e+01  3.598102e-04 
 2.637450e+01  3.861314e-04 
 2.637490e+01  4.115180e-04 
 2.637529e+01  4.361021e-04 
 2.637569e+01  4.601876e-04 
 2.637609e+01  4.840501e-04 
 2.637649e+01  5.080314e-04 
 2.637688e+01  5.324748e-04 
 2.637728e+01  5.576633e-04 
 2.637768e+01  5.838346e-04 
 2.637808e+01  6.113223e-04 
 2.637847e+01  6.402699e-04 
 2.637887e+01  6.705585e-04 
 2.637927e+01  7.021351e-04 
 2.637967e+01  7.349958e-04 
 2.638007e+01  7.688830e-04 
 2.638046e+01  8.034584e-04 
 2.638086e+01  8.383780e-04 
 2.638126e+01  8.733060e-04 
 2.638166e+01  9.079090e-04 
 2.638205e+01  9.419512e-04 
 2.638245e+01  9.752765e-04 
 2.638285e+01  1.007772e-03 
 2.638325e+01  1.039362e-03 
 2.638364e+01  1.070153e-03 
 2.638404e+01  1.100320e-03 
 2.638444e+01  1.130051e-03 
 2.638484e+01  1.159649e-03 
 2.638524e+01  1.189479e-03 
 2.638563e+01  1.219928e-03 
 2.638603e+01  1.251346e-03 
 2.638643e+01  1.283951e-03 
 2.638683e+01  1.317892e-03 
 2.638722e+01  1.353234e-03 
 2.638762e+01  1.390019e-03 
 2.638802e+01  1.428180e-03 
 2.638842e+01  1.467571e-03 
 2.638882e+01  1.507980e-03 
 2.638921e+01  1.549139e-03 
 2.638961e+01  1.590913e-03 
 2.639001e+01  1.633158e-03 
 2.639041e+01  1.675770e-03 
 2.639080e+01  1.718567e-03 
 2.639120e+01  1.761339e-03 
 2.639160e+01  1.803975e-03 
 2.639200e+01  1.846455e-03 
 2.639239e+01  1.888752e-03 
 2.639279e+01  1.930843e-03 
 2.639319e+01  1.972788e-03 
 2.639359e+01  2.014688e-03 
 2.639399e+01  2.056776e-03 
 2.639438e+01  2.099332e-03 
 2.639478e+01  2.142399e-03 
 2.639518e+01  2.186027e-03 
 2.639558e+01  2.230141e-03 
 2.639597e+01  2.274757e-03 
 2.639637e+01  2.319670e-03 
 2.639677e+01  2.364610e-03 
 2.639717e+01  2.409164e-03 
 2.639756e+01  2.452867e-03 
 2.639796e+01  2.495261e-03 
 2.639836e+01  2.535927e-03 
 2.639876e+01  2.574491e-03 
 2.639916e+01  2.610752e-03 
 2.639955e+01  2.644563e-03 
 2.639995e+01  2.675988e-03 
 2.640035e+01  2.705120e-03 
 2.640075e+01  2.732077e-03 
 2.640114e+01  2.757225e-03 
 2.640154e+01  2.780945e-03 
 2.640194e+01  2.803711e-03 
 2.640234e+01  2.825933e-03 
 2.640273e+01  2.848003e-03 
 2.640313e+01  2.870343e-03 
 2.640353e+01  2.893237e-03 
 2.640393e+01  2.916884e-03 
 2.640433e+01  2.941401e-03 
 2.640472e+01  2.966897e-03 
 2.640512e+01  2.993474e-03 
 2.640552e+01  3.021039e-03 
 2.640592e+01  3.049391e-03 
 2.640631e+01  3.078158e-03 
 2.640671e+01  3.106765e-03 
 2.640711e+01  3.134756e-03 
 2.640751e+01  3.161635e-03 
 2.640790e+01  3.186851e-03 
 2.640830e+01  3.210051e-03 
 2.640870e+01  3.230918e-03 
 2.640910e+01  3.249385e-03 
 2.640950e+01  3.265342e-03 
 2.640989e+01  3.278743e-03 
 2.641029e+01  3.289674e-03 
 2.641069e+01  3.298171e-03 
 2.641109e+01  3.304351e-03 
 2.641148e+01  3.308484e-03 
 2.641188e+01  3.310796e-03 
 2.641228e+01  3.311392e-03 
 2.641268e+01  3.310338e-03 
 2.641307e+01  3.307661e-03 
 2.641347e+01  3.303391e-03 
 2.641387e+01  3.297538e-03 
 2.641427e+01  3.290076e-03 
 2.641467e+01  3.280890e-03 
 2.641506e+01  3.269846e-03 
 2.641546e+01  3.256750e-03 
 2.641586e+01  3.241366e-03 
 2.641626e+01  3.223501e-03 
 2.641665e+01  3.202978e-03 
 2.641705e+01  3.179764e-03 
 2.641745e+01  3.154110e-03 
 2.641785e+01  3.126335e-03 
 2.641824e+01  3.096831e-03 
 2.641864e+01  3.066119e-03 
 2.641904e+01  3.034712e-03 
 2.641944e+01  3.003080e-03 
 2.641984e+01  2.971551e-03 
 2.642023e+01  2.940457e-03 
 2.642063e+01  2.910063e-03 
 2.642103e+01  2.880638e-03 
 2.642143e+01  2.852552e-03 
 2.642182e+01  2.826016e-03 
 2.642222e+01  2.801145e-03 
 2.642262e+01  2.777823e-03 
 2.642302e+01  2.755958e-03 
 2.642341e+01  2.735448e-03 
 2.642381e+01  2.716003e-03 
 2.642421e+01  2.697164e-03 
 2.642461e+01  2.678615e-03 
 2.642501e+01  2.660026e-03 
 2.642540e+01  2.641139e-03 
 2.642580e+01  2.621656e-03 
 2.642620e+01  2.601424e-03 
 2.642660e+01  2.580417e-03 
 2.642699e+01  2.558723e-03 
 2.642739e+01  2.536587e-03 
 2.642779e+01  2.514331e-03 
 2.642819e+01  2.492141e-03 
 2.642858e+01  2.470241e-03 
 2.642898e+01  2.448928e-03 
 2.642938e+01  2.428378e-03 
 2.642978e+01  2.408661e-03 
 2.643018e+01  2.389934e-03 
 2.643057e+01  2.372200e-03 
 2.643097e+01  2.355488e-03 
 2.643137e+01  2.339764e-03 
 2.643177e+01  2.324995e-03 
 2.643216e+01  2.310968e-03 
 2.643256e+01  2.297409e-03 
 2.643296e+01  2.283922e-03 
 2.643336e+01  2.270291e-03 
 2.643375e+01  2.256306e-03 
 2.643415e+01  2.241770e-03 
 2.643455e+01  2.226574e-03 
 2.643495e+01  2.210581e-03 
 2.643535e+01  2.193846e-03 
 2.643574e+01  2.176563e-03 
 2.643614e+01  2.158991e-03 
 2.643654e+01  2.141453e-03 
 2.643694e+01  2.124184e-03 
 2.643733e+01  2.107386e-03 
 2.643773e+01  2.091326e-03 
 2.643813e+01  2.076128e-03 
 2.643853e+01  2.061849e-03 
 2.643892e+01  2.048509e-03 
 2.643932e+01  2.036156e-03 
 2.643972e+01  2.024693e-03 
 2.644012e+01  2.014221e-03 
 2.644052e+01  2.004644e-03 
 2.644091e+01  1.995927e-03 
 2.644131e+01  1.987980e-03 
 2.644171e+01  1.980599e-03 
 2.644211e+01  1.973625e-03 
 2.644250e+01  1.966875e-03 
 2.644290e+01  1.960274e-03 
 2.644330e+01  1.953789e-03 
 2.644370e+01  1.947379e-03 
 2.644409e+01  1.941219e-03 
 2.644449e+01  1.935502e-03 
 2.644489e+01  1.930519e-03 
 2.644529e+01  1.926628e-03 
 2.644569e+01  1.924123e-03 
 2.644608e+01  1.923244e-03 
 2.644648e+01  1.924227e-03 
 2.644688e+01  1.927275e-03 
 2.644728e+01  1.932485e-03 
 2.644767e+01  1.939775e-03 
 2.644807e+01  1.948907e-03 
 2.644847e+01  1.959699e-03 
 2.644887e+01  1.971798e-03 
 2.644926e+01  1.984884e-03 
 2.644966e+01  1.998501e-03 
 2.645006e+01  2.012153e-03 
 2.645046e+01  2.025383e-03 
 2.645086e+01  2.037786e-03 
 2.645125e+01  2.048963e-03 
 2.645165e+01  2.058604e-03 
 2.645205e+01  2.066483e-03 
 2.645245e+01  2.072567e-03 
 2.645284e+01  2.076856e-03 
 2.645324e+01  2.079590e-03 
 2.645364e+01  2.080994e-03 
 2.645404e+01  2.081370e-03 
 2.645443e+01  2.081016e-03 
 2.645483e+01  2.080179e-03 
 2.645523e+01  2.079341e-03 
 2.645563e+01  2.078892e-03 
 2.645603e+01  2.079147e-03 
 2.645642e+01  2.080385e-03 
 2.645682e+01  2.082854e-03 
 2.645722e+01  2.086778e-03 
 2.645762e+01  2.092222e-03 
 2.645801e+01  2.099130e-03 
 2.645841e+01  2.107391e-03 
 2.645881e+01  2.116861e-03 
 2.645921e+01  2.127242e-03 
 2.645960e+01  2.138376e-03 
 2.646000e+01  2.150100e-03 
 2.646040e+01  2.162157e-03 
 2.646080e+01  2.174571e-03 
 2.646120e+01  2.187201e-03 
 2.646159e+01  2.200114e-03 
 2.646199e+01  2.213472e-03 
 2.646239e+01  2.227389e-03 
 2.646279e+01  2.242113e-03 
 2.646318e+01  2.257778e-03 
 2.646358e+01  2.274534e-03 
 2.646398e+01  2.292363e-03 
 2.646438e+01  2.311263e-03 
 2.646477e+01  2.331282e-03 
 2.646517e+01  2.352377e-03 
 2.646557e+01  2.374481e-03 
 2.646597e+01  2.397305e-03 
 2.646637e+01  2.420568e-03 
 2.646676e+01  2.443886e-03 
 2.646716e+01  2.466821e-03 
 2.646756e+01  2.488893e-03 
 2.646796e+01  2.509606e-03 
 2.646835e+01  2.528680e-03 
 2.646875e+01  2.545903e-03 
 2.646915e+01  2.561206e-03 
 2.646955e+01  2.574656e-03 
 2.646994e+01  2.586325e-03 
 2.647034e+01  2.596300e-03 
 2.647074e+01  2.604872e-03 
 2.647114e+01  2.612441e-03 
 2.647154e+01  2.619463e-03 
 2.647193e+01  2.626359e-03 
 2.647233e+01  2.633595e-03 
 2.647273e+01  2.641643e-03 
 2.647313e+01  2.651000e-03 
 2.647352e+01  2.661973e-03 
 2.647392e+01  2.674847e-03 
 2.647432e+01  2.689660e-03 
 2.647472e+01  2.706451e-03 
 2.647511e+01  2.725207e-03 
 2.647551e+01  2.745850e-03 
 2.647591e+01  2.768169e-03 
 2.647631e+01  2.791775e-03 
 2.647671e+01  2.816351e-03 
 2.647710e+01  2.841635e-03 
 2.647750e+01  2.867476e-03 
 2.647790e+01  2.893721e-03 
 2.647830e+01  2.920281e-03 
 2.647869e+01  2.947101e-03 
 2.647909e+01  2.974255e-03 
 2.647949e+01  3.001930e-03 
 2.647989e+01  3.030262e-03 
 2.648028e+01  3.059421e-03 
 2.648068e+01  3.089555e-03 
 2.648108e+01  3.120786e-03 
 2.648148e+01  3.153265e-03 
 2.648188e+01  3.187138e-03 
 2.648227e+01  3.222514e-03 
 2.648267e+01  3.259461e-03 
 2.648307e+01  3.297887e-03 
 2.648347e+01  3.337678e-03 
 2.648386e+01  3.378647e-03 
 2.648426e+01  3.420576e-03 
 2.648466e+01  3.463204e-03 
 2.648506e+01  3.506225e-03 
 2.648546e+01  3.549290e-03 
 2.648585e+01  3.592190e-03 
 2.648625e+01  3.634708e-03 
 2.648665e+01  3.676684e-03 
 2.648705e+01  3.718114e-03 
 2.648744e+01  3.759054e-03 
 2.648784e+01  3.799464e-03 
 2.648824e+01  3.839450e-03 
 2.648864e+01  3.879227e-03 
 2.648903e+01  3.918907e-03 
 2.648943e+01  3.958553e-03 
 2.648983e+01  3.998255e-03 
 2.649023e+01  4.038153e-03 
 2.649063e+01  4.078331e-03 
 2.649102e+01  4.118881e-03 
 2.649142e+01  4.159850e-03 
 2.649182e+01  4.201084e-03 
 2.649222e+01  4.242372e-03 
 2.649261e+01  4.283201e-03 
 2.649301e+01  4.323254e-03 
 2.649341e+01  4.362070e-03 
 2.649381e+01  4.399158e-03 
 2.649420e+01  4.434225e-03 
 2.649460e+01  4.467082e-03 
 2.649500e+01  4.497653e-03 
 2.649540e+01  4.525927e-03 
 2.649580e+01  4.551946e-03 
 2.649619e+01  4.575948e-03 
 2.649659e+01  4.598168e-03 
 2.649699e+01  4.619106e-03 
 2.649739e+01  4.639197e-03 
 2.649778e+01  4.658856e-03 
 2.649818e+01  4.678490e-03 
 2.649858e+01  4.698477e-03 
 2.649898e+01  4.719098e-03 
 2.649937e+01  4.740558e-03 
 2.649977e+01  4.762946e-03 
 2.650017e+01  4.786283e-03 
 2.650057e+01  4.810461e-03 
 2.650097e+01  4.835362e-03 
 2.650136e+01  4.860646e-03 
 2.650176e+01  4.885917e-03 
 2.650216e+01  4.910638e-03 
 2.650256e+01  4.934336e-03 
 2.650295e+01  4.956515e-03 
 2.650335e+01  4.976737e-03 
 2.650375e+01  4.994738e-03 
 2.650415e+01  5.010352e-03 
 2.650454e+01  5.023545e-03 
 2.650494e+01  5.034315e-03 
 2.650534e+01  5.042681e-03 
 2.650574e+01  5.048754e-03 
 2.650614e+01  5.052620e-03 
 2.650653e+01  5.054453e-03 
 2.650693e+01  5.054429e-03 
 2.650733e+01  5.052699e-03 
 2.650773e+01  5.049471e-03 
 2.650812e+01  5.044956e-03 
 2.650852e+01  5.039356e-03 
 2.650892e+01  5.032775e-03 
 2.650932e+01  5.025180e-03 
 2.650971e+01  5.016372e-03 
 2.651011e+01  5.006103e-03 
 2.651051e+01  4.994084e-03 
 2.651091e+01  4.980118e-03 
 2.651131e+01  4.964010e-03 
 2.651170e+01  4.945692e-03 
 2.651210e+01  4.925285e-03 
 2.651250e+01  4.902960e-03 
 2.651290e+01  4.879058e-03 
 2.651329e+01  4.853864e-03 
 2.651369e+01  4.827715e-03 
 2.651409e+01  4.800791e-03 
 2.651449e+01  4.773393e-03 
 2.651488e+01  4.745922e-03 
 2.651528e+01  4.718640e-03 
 2.651568e+01  4.691908e-03 
 2.651608e+01  4.665930e-03 
 2.651648e+01  4.640974e-03 
 2.651687e+01  4.617273e-03 
 2.651727e+01  4.594926e-03 
 2.651767e+01  4.573846e-03 
 2.651807e+01  4.553833e-03 
 2.651846e+01  4.534682e-03 
 2.651886e+01  4.516114e-03 
 2.651926e+01  4.497829e-03 
 2.651966e+01  4.479453e-03 
 2.652005e+01  4.460574e-03 
 2.652045e+01  4.440795e-03 
 2.652085e+01  4.419829e-03 
 2.652125e+01  4.397560e-03 
 2.652165e+01  4.373833e-03 
 2.652204e+01  4.348552e-03 
 2.652244e+01  4.321730e-03 
 2.652284e+01  4.293459e-03 
 2.652324e+01  4.264015e-03 
 2.652363e+01  4.233638e-03 
 2.652403e+01  4.202615e-03 
 2.652443e+01  4.171236e-03 
 2.652483e+01  4.139864e-03 
 2.652522e+01  4.108731e-03 
 2.652562e+01  4.078021e-03 
 2.652602e+01  4.047898e-03 
 2.652642e+01  4.018423e-03 
 2.652682e+01  3.989580e-03 
 2.652721e+01  3.961276e-03 
 2.652761e+01  3.933362e-03 
 2.652801e+01  3.905657e-03 
 2.652841e+01  3.877955e-03 
 2.652880e+01  3.849997e-03 
 2.652920e+01  3.821643e-03 
 2.652960e+01  3.792864e-03 
 2.653000e+01  3.763642e-03 
 2.653039e+01  3.734023e-03 
 2.653079e+01  3.704231e-03 
 2.653119e+01  3.674455e-03 
 2.653159e+01  3.644828e-03 
 2.653199e+01  3.615604e-03 
 2.653238e+01  3.586925e-03 
 2.653278e+01  3.558986e-03 
 2.653318e+01  3.532054e-03 
 2.653358e+01  3.506330e-03 
 2.653397e+01  3.481965e-03 
 2.653437e+01  3.459105e-03 
 2.653477e+01  3.437785e-03 
 2.653517e+01  3.417940e-03 
 2.653556e+01  3.399443e-03 
 2.653596e+01  3.382117e-03 
 2.653636e+01  3.365709e-03 
 2.653676e+01  3.349932e-03 
 2.653716e+01  3.334549e-03 
 2.653755e+01  3.319265e-03 
 2.653795e+01  3.303856e-03 
 2.653835e+01  3.288173e-03 
 2.653875e+01  3.272234e-03 
 2.653914e+01  3.256107e-03 
 2.653954e+01  3.239906e-03 
 2.653994e+01  3.223730e-03 
 2.654034e+01  3.207708e-03 
 2.654073e+01  3.192106e-03 
 2.654113e+01  3.177135e-03 
 2.654153e+01  3.162952e-03 
 2.654193e+01  3.149867e-03 
 2.654233e+01  3.137969e-03 
 2.654272e+01  3.127318e-03 
 2.654312e+01  3.117943e-03 
 2.654352e+01  3.109658e-03 
 2.654392e+01  3.102194e-03 
 2.654431e+01  3.095216e-03 
 2.654471e+01  3.088272e-03 
 2.654511e+01  3.080999e-03 
 2.654551e+01  3.073034e-03 
 2.654590e+01  3.064013e-03 
 2.654630e+01  3.053635e-03 
 2.654670e+01  3.041672e-03 
 2.654710e+01  3.027914e-03 
 2.654750e+01  3.012387e-03 
 2.654789e+01  2.995232e-03 
 2.654829e+01  2.976688e-03 
 2.654869e+01  2.957032e-03 
 2.654909e+01  2.936577e-03 
 2.654948e+01  2.915748e-03 
 2.654988e+01  2.894814e-03 
 2.655028e+01  2.874156e-03 
 2.655068e+01  2.854119e-03 
 2.655107e+01  2.834910e-03 
 2.655147e+01  2.816740e-03 
 2.655187e+01  2.799927e-03 
 2.655227e+01  2.784679e-03 
 2.655267e+01  2.771140e-03 
 2.655306e+01  2.759270e-03 
 2.655346e+01  2.748992e-03 
 2.655386e+01  2.740047e-03 
 2.655426e+01  2.732206e-03 
 2.655465e+01  2.725235e-03 
 2.655505e+01  2.719009e-03 
 2.655545e+01  2.713288e-03 
 2.655585e+01  2.708022e-03 
 2.655624e+01  2.703187e-03 
 2.655664e+01  2.698730e-03 
 2.655704e+01  2.694766e-03 
 2.655744e+01  2.691196e-03 
 2.655784e+01  2.688083e-03 
 2.655823e+01  2.685520e-03 
 2.655863e+01  2.683787e-03 
 2.655903e+01  2.683034e-03 
 2.655943e+01  2.683584e-03 
 2.655982e+01  2.685537e-03 
 2.656022e+01  2.688920e-03 
 2.656062e+01  2.693673e-03 
 2.656102e+01  2.699552e-03 
 2.656141e+01  2.706319e-03 
 2.656181e+01  2.713494e-03 
 2.656221e+01  2.720673e-03 
 2.656261e+01  2.727550e-03 
 2.656301e+01  2.733947e-03 
 2.656340e+01  2.739588e-03 
 2.656380e+01  2.744432e-03 
 2.656420e+01  2.748338e-03 
 2.656460e+01  2.751193e-03 
 2.656499e+01  2.752995e-03 
 2.656539e+01  2.753751e-03 
 2.656579e+01  2.753550e-03 
 2.656619e+01  2.752592e-03 
 2.656658e+01  2.751202e-03 
 2.656698e+01  2.749772e-03 
 2.656738e+01  2.748808e-03 
 2.656778e+01  2.748770e-03 
 2.656818e+01  2.750187e-03 
 2.656857e+01  2.753449e-03 
 2.656897e+01  2.758777e-03 
 2.656937e+01  2.766382e-03 
 2.656977e+01  2.776239e-03 
 2.657016e+01  2.788292e-03 
 2.657056e+01  2.802334e-03 
 2.657096e+01  2.818154e-03 
 2.657136e+01  2.835465e-03 
 2.657175e+01  2.853920e-03 
 2.657215e+01  2.873206e-03 
 2.657255e+01  2.893072e-03 
 2.657295e+01  2.913235e-03 
 2.657335e+01  2.933389e-03 
 2.657374e+01  2.953400e-03 
 2.657414e+01  2.973246e-03 
 2.657454e+01  2.992895e-03 
 2.657494e+01  3.012532e-03 
 2.657533e+01  3.032296e-03 
 2.657573e+01  3.052548e-03 
 2.657613e+01  3.073506e-03 
 2.657653e+01  3.095342e-03 
 2.657693e+01  3.118392e-03 
 2.657732e+01  3.142913e-03 
 2.657772e+01  3.169014e-03 
 2.657812e+01  3.196580e-03 
 2.657852e+01  3.225621e-03 
 2.657891e+01  3.255960e-03 
 2.657931e+01  3.287312e-03 
 2.657971e+01  3.319315e-03 
 2.658011e+01  3.351807e-03 
 2.658050e+01  3.384618e-03 
 2.658090e+01  3.417636e-03 
 2.658130e+01  3.450968e-03 
 2.658170e+01  3.484656e-03 
 2.658210e+01  3.518676e-03 
 2.658249e+01  3.552950e-03 
 2.658289e+01  3.587449e-03 
 2.658329e+01  3.622044e-03 
 2.658369e+01  3.656755e-03 
 2.658408e+01  3.691620e-03 
 2.658448e+01  3.726788e-03 
 2.658488e+01  3.762515e-03 
 2.658528e+01  3.799042e-03 
 2.658567e+01  3.836571e-03 
 2.658607e+01  3.875030e-03 
 2.658647e+01  3.914249e-03 
 2.658687e+01  3.954057e-03 
 2.658727e+01  3.994199e-03 
 2.658766e+01  4.034315e-03 
 2.658806e+01  4.074158e-03 
 2.658846e+01  4.113457e-03 
 2.658886e+01  4.151855e-03 
 2.658925e+01  4.189071e-03 
 2.658965e+01  4.224855e-03 
 2.659005e+01  4.259080e-03 
 2.659045e+01  4.291563e-03 
 2.659084e+01  4.322202e-03 
 2.659124e+01  4.351128e-03 
 2.659164e+01  4.378542e-03 
 2.659204e+01  4.404651e-03 
 2.659244e+01  4.429739e-03 
 2.659283e+01  4.454040e-03 
 2.659323e+01  4.477837e-03 
 2.659363e+01  4.501425e-03 
 2.659403e+01  4.525014e-03 
 2.659442e+01  4.548964e-03 
 2.659482e+01  4.573467e-03 
 2.659522e+01  4.598521e-03 
 2.659562e+01  4.624072e-03 
 2.659601e+01  4.650034e-03 
 2.659641e+01  4.676094e-03 
 2.659681e+01  4.701887e-03 
 2.659721e+01  4.726952e-03 
 2.659761e+01  4.750901e-03 
 2.659800e+01  4.773487e-03 
 2.659840e+01  4.794269e-03 
 2.659880e+01  4.813040e-03 
 2.659920e+01  4.829774e-03 
 2.659959e+01  4.844307e-03 
 2.659999e+01  4.856639e-03 
 2.660039e+01  4.866932e-03 
 2.660079e+01  4.875436e-03 
 2.660118e+01  4.882101e-03 
 2.660158e+01  4.887066e-03 
 2.660198e+01  4.890556e-03 
 2.660238e+01  4.892825e-03 
 2.660278e+01  4.894224e-03 
 2.660317e+01  4.895050e-03 
 2.660357e+01  4.895548e-03 
 2.660397e+01  4.895920e-03 
 2.660437e+01  4.896210e-03 
 2.660476e+01  4.896328e-03 
 2.660516e+01  4.896124e-03 
 2.660556e+01  4.895375e-03 
 2.660596e+01  4.893836e-03 
 2.660635e+01  4.891380e-03 
 2.660675e+01  4.887892e-03 
 2.660715e+01  4.883290e-03 
 2.660755e+01  4.877649e-03 
 2.660795e+01  4.871015e-03 
 2.660834e+01  4.863499e-03 
 2.660874e+01  4.855310e-03 
 2.660914e+01  4.846590e-03 
 2.660954e+01  4.837556e-03 
 2.660993e+01  4.828487e-03 
 2.661033e+01  4.819671e-03 
 2.661073e+01  4.811538e-03 
 2.661113e+01  4.804234e-03 
 2.661152e+01  4.797914e-03 
 2.661192e+01  4.792829e-03 
 2.661232e+01  4.788926e-03 
 2.661272e+01  4.786074e-03 
 2.661312e+01  4.784010e-03 
 2.661351e+01  4.782487e-03 
 2.661391e+01  4.781079e-03 
 2.661431e+01  4.779445e-03 
 2.661471e+01  4.777127e-03 
 2.661510e+01  4.773631e-03 
 2.661550e+01  4.768588e-03 
 2.661590e+01  4.761461e-03 
 2.661630e+01  4.752203e-03 
 2.661669e+01  4.740701e-03 
 2.661709e+01  4.726830e-03 
 2.661749e+01  4.710547e-03 
 2.661789e+01  4.692049e-03 
 2.661829e+01  4.671579e-03 
 2.661868e+01  4.649271e-03 
 2.661908e+01  4.625445e-03 
 2.661948e+01  4.600437e-03 
 2.661988e+01  4.574625e-03 
 2.662027e+01  4.548435e-03 
 2.662067e+01  4.522232e-03 
 2.662107e+01  4.496316e-03 
 2.662147e+01  4.470924e-03 
 2.662186e+01  4.446053e-03 
 2.662226e+01  4.421796e-03 
 2.662266e+01  4.398231e-03 
 2.662306e+01  4.375151e-03 
 2.662346e+01  4.352255e-03 
 2.662385e+01  4.329299e-03 
 2.662425e+01  4.306252e-03 
 2.662465e+01  4.282891e-03 
 2.662505e+01  4.259095e-03 
 2.662544e+01  4.234838e-03 
 2.662584e+01  4.210048e-03 
 2.662624e+01  4.184613e-03 
 2.662664e+01  4.158620e-03 
 2.662703e+01  4.132157e-03 
 2.662743e+01  4.105163e-03 
 2.662783e+01  4.077651e-03 
 2.662823e+01  4.049648e-03 
 2.662863e+01  4.021325e-03 
 2.662902e+01  3.992866e-03 
 2.662942e+01  3.964449e-03 
 2.662982e+01  3.936143e-03 
 2.663022e+01  3.907839e-03 
 2.663061e+01  3.879386e-03 
 2.663101e+01  3.850568e-03 
 2.663141e+01  3.821055e-03 
 2.663181e+01  3.790637e-03 
 2.663220e+01  3.759103e-03 
 2.663260e+01  3.726335e-03 
 2.663300e+01  3.692331e-03 
 2.663340e+01  3.657080e-03 
 2.663380e+01  3.620630e-03 
 2.663419e+01  3.583113e-03 
 2.663459e+01  3.544564e-03 
 2.663499e+01  3.505151e-03 
 2.663539e+01  3.465238e-03 
 2.663578e+01  3.425160e-03 
 2.663618e+01  3.385432e-03 
 2.663658e+01  3.346517e-03 
 2.663698e+01  3.308898e-03 
 2.663737e+01  3.272802e-03 
 2.663777e+01  3.238302e-03 
 2.663817e+01  3.205547e-03 
 2.663857e+01  3.174543e-03 
 2.663897e+01  3.145128e-03 
 2.663936e+01  3.117195e-03 
 2.663976e+01  3.090628e-03 
 2.664016e+01  3.065224e-03 
 2.664056e+01  3.040733e-03 
 2.664095e+01  3.016616e-03 
 2.664135e+01  2.992615e-03 
 2.664175e+01  2.968423e-03 
 2.664215e+01  2.943661e-03 
 2.664254e+01  2.918215e-03 
 2.664294e+01  2.892045e-03 
 2.664334e+01  2.865150e-03 
 2.664374e+01  2.837502e-03 
 2.664414e+01  2.809350e-03 
 2.664453e+01  2.780996e-03 
 2.664493e+01  2.752607e-03 
 2.664533e+01  2.724431e-03 
 2.664573e+01  2.696780e-03 
 2.664612e+01  2.669952e-03 
 2.664652e+01  2.644178e-03 
 2.664692e+01  2.619566e-03 
 2.664732e+01  2.596167e-03 
 2.664771e+01  2.573736e-03 
 2.664811e+01  2.552153e-03 
 2.664851e+01  2.531264e-03 
 2.664891e+01  2.510912e-03 
 2.664931e+01  2.490866e-03 
 2.664970e+01  2.470732e-03 
 2.665010e+01  2.450286e-03 
 2.665050e+01  2.429321e-03 
 2.665090e+01  2.407690e-03 
 2.665129e+01  2.385294e-03 
 2.665169e+01  2.362090e-03 
 2.665209e+01  2.338130e-03 
 2.665249e+01  2.313486e-03 
 2.665288e+01  2.288477e-03 
 2.665328e+01  2.263393e-03 
 2.665368e+01  2.238455e-03 
 2.665408e+01  2.214041e-03 
 2.665448e+01  2.190218e-03 
 2.665487e+01  2.167156e-03 
 2.665527e+01  2.144947e-03 
 2.665567e+01  2.123646e-03 
 2.665607e+01  2.103251e-03 
 2.665646e+01  2.083563e-03 
 2.665686e+01  2.064520e-03 
 2.665726e+01  2.045930e-03 
 2.665766e+01  2.027802e-03 
 2.665805e+01  2.009928e-03 
 2.665845e+01  1.992295e-03 
 2.665885e+01  1.974661e-03 
 2.665925e+01  1.956898e-03 
 2.665965e+01  1.938945e-03 
 2.666004e+01  1.920815e-03 
 2.666044e+01  1.902647e-03 
 2.666084e+01  1.884672e-03 
 2.666124e+01  1.867149e-03 
 2.666163e+01  1.850557e-03 
 2.666203e+01  1.835238e-03 
 2.666243e+01  1.821570e-03 
 2.666283e+01  1.809847e-03 
 2.666322e+01  1.800340e-03 
 2.666362e+01  1.793305e-03 
 2.666402e+01  1.788887e-03 
 2.666442e+01  1.787300e-03 
 2.666482e+01  1.788615e-03 
 2.666521e+01  1.792755e-03 
 2.666561e+01  1.799515e-03 
 2.666601e+01  1.808655e-03 
 2.666641e+01  1.819899e-03 
 2.666680e+01  1.832761e-03 
 2.666720e+01  1.846809e-03 
 2.666760e+01  1.861612e-03 
 2.666800e+01  1.876812e-03 
 2.666840e+01  1.892125e-03 
 2.666879e+01  1.907347e-03 
 2.666919e+01  1.922301e-03 
 2.666959e+01  1.936762e-03 
 2.666999e+01  1.950567e-03 
 2.667038e+01  1.963731e-03 
 2.667078e+01  1.976345e-03 
 2.667118e+01  1.988490e-03 
 2.667158e+01  2.000394e-03 
 2.667197e+01  2.012250e-03 
 2.667237e+01  2.024372e-03 
 2.667277e+01  2.036988e-03 
 2.667317e+01  2.050068e-03 
 2.667357e+01  2.063572e-03 
 2.667396e+01  2.077457e-03 
 2.667436e+01  2.091716e-03 
 2.667476e+01  2.106250e-03 
 2.667516e+01  2.121240e-03 
 2.667555e+01  2.136825e-03 
 2.667595e+01  2.153031e-03 
 2.667635e+01  2.169843e-03 
 2.667675e+01  2.187337e-03 
 2.667714e+01  2.205560e-03 
 2.667754e+01  2.224444e-03 
 2.667794e+01  2.244008e-03 
 2.667834e+01  2.264266e-03 
 2.667874e+01  2.285280e-03 
 2.667913e+01  2.307132e-03 
 2.667953e+01  2.329792e-03 
 2.667993e+01  2.353365e-03 
 2.668033e+01  2.377989e-03 
 2.668072e+01  2.403873e-03 
 2.668112e+01  2.431153e-03 
 2.668152e+01  2.459873e-03 
 2.668192e+01  2.489991e-03 
 2.668231e+01  2.521252e-03 
 2.668271e+01  2.553195e-03 
 2.668311e+01  2.585407e-03 
 2.668351e+01  2.617457e-03 
 2.668391e+01  2.648990e-03 
 2.668430e+01  2.679569e-03 
 2.668470e+01  2.709082e-03 
 2.668510e+01  2.737263e-03 
 2.668550e+01  2.763957e-03 
 2.668589e+01  2.788931e-03 
 2.668629e+01  2.812191e-03 
 2.668669e+01  2.833718e-03 
 2.668709e+01  2.853417e-03 
 2.668748e+01  2.871468e-03 
 2.668788e+01  2.888238e-03 
 2.668828e+01  2.904067e-03 
 2.668868e+01  2.919245e-03 
 2.668908e+01  2.934101e-03 
 2.668947e+01  2.948863e-03 
 2.668987e+01  2.963765e-03 
 2.669027e+01  2.979022e-03 
 2.669067e+01  2.994809e-03 
 2.669106e+01  3.011068e-03 
 2.669146e+01  3.027676e-03 
 2.669186e+01  3.044488e-03 
 2.669226e+01  3.061249e-03 
 2.669265e+01  3.077876e-03 
 2.669305e+01  3.094202e-03 
 2.669345e+01  3.110075e-03 
 2.669385e+01  3.125395e-03 
 2.669425e+01  3.140098e-03 
 2.669464e+01  3.154142e-03 
 2.669504e+01  3.167361e-03 
 2.669544e+01  3.179635e-03 
 2.669584e+01  3.190900e-03 
 2.669623e+01  3.201224e-03 
 2.669663e+01  3.210802e-03 
 2.669703e+01  3.220015e-03 
 2.669743e+01  3.229321e-03 
 2.669782e+01  3.238959e-03 
 2.669822e+01  3.249139e-03 
 2.669862e+01  3.260022e-03 
 2.669902e+01  3.271670e-03 
 2.669942e+01  3.284197e-03 
 2.669981e+01  3.297509e-03 
 2.670021e+01  3.311415e-03 
 2.670061e+01  3.325828e-03 
 2.670101e+01  3.340521e-03 
 2.670140e+01  3.355123e-03 
 2.670180e+01  3.369421e-03 
 2.670220e+01  3.383096e-03 
 2.670260e+01  3.395895e-03 
 2.670299e+01  3.407544e-03 
 2.670339e+01  3.418055e-03 
 2.670379e+01  3.427398e-03 
 2.670419e+01  3.435629e-03 
 2.670459e+01  3.442737e-03 
 2.670498e+01  3.448749e-03 
 2.670538e+01  3.453881e-03 
 2.670578e+01  3.458307e-03 
 2.670618e+01  3.462169e-03 
 2.670657e+01  3.465659e-03 
 2.670697e+01  3.468920e-03 
 2.670737e+01  3.472022e-03 
 2.670777e+01  3.475026e-03 
 2.670816e+01  3.477924e-03 
 2.670856e+01  3.480652e-03 
 2.670896e+01  3.482989e-03 
 2.670936e+01  3.484731e-03 
 2.670976e+01  3.485713e-03 
 2.671015e+01  3.485799e-03 
 2.671055e+01  3.484630e-03 
 2.671095e+01  3.481955e-03 
 2.671135e+01  3.477493e-03 
 2.671174e+01  3.471016e-03 
 2.671214e+01  3.462449e-03 
 2.671254e+01  3.451720e-03 
 2.671294e+01  3.438970e-03 
 2.671333e+01  3.424401e-03 
 2.671373e+01  3.408232e-03 
 2.671413e+01  3.390825e-03 
 2.671453e+01  3.372566e-03 
 2.671493e+01  3.353782e-03 
 2.671532e+01  3.334742e-03 
 2.671572e+01  3.315934e-03 
 2.671612e+01  3.297770e-03 
 2.671652e+01  3.280595e-03 
 2.671691e+01  3.264619e-03 
 2.671731e+01  3.249929e-03 
 2.671771e+01  3.236353e-03 
 2.671811e+01  3.223736e-03 
 2.671850e+01  3.211707e-03 
 2.671890e+01  3.200040e-03 
 2.671930e+01  3.188524e-03 
 2.671970e+01  3.177069e-03 
 2.672010e+01  3.165373e-03 
 2.672049e+01  3.153303e-03 
 2.672089e+01  3.140637e-03 
 2.672129e+01  3.127190e-03 
 2.672169e+01  3.112753e-03 
 2.672208e+01  3.097272e-03 
 2.672248e+01  3.080827e-03 
 2.672288e+01  3.063489e-03 
 2.672328e+01  3.045361e-03 
 2.672367e+01  3.026588e-03 
 2.672407e+01  3.007159e-03 
 2.672447e+01  2.987020e-03 
 2.672487e+01  2.965946e-03 
 2.672527e+01  2.943936e-03 
 2.672566e+01  2.920883e-03 
 2.672606e+01  2.896734e-03 
 2.672646e+01  2.871354e-03 
 2.672686e+01  2.844678e-03 
 2.672725e+01  2.816608e-03 
 2.672765e+01  2.787034e-03 
 2.672805e+01  2.755730e-03 
 2.672845e+01  2.722554e-03 
 2.672884e+01  2.687526e-03 
 2.672924e+01  2.650816e-03 
 2.672964e+01  2.612574e-03 
 2.673004e+01  2.573093e-03 
 2.673044e+01  2.532658e-03 
 2.673083e+01  2.491541e-03 
 2.673123e+01  2.450012e-03 
 2.673163e+01  2.408449e-03 
 2.673203e+01  2.367258e-03 
 2.673242e+01  2.326878e-03 
 2.673282e+01  2.287583e-03 
 2.673322e+01  2.249689e-03 
 2.673362e+01  2.213329e-03 
 2.673401e+01  2.178440e-03 
 2.673441e+01  2.144904e-03 
 2.673481e+01  2.112555e-03 
 2.673521e+01  2.081094e-03 
 2.673561e+01  2.050327e-03 
 2.673600e+01  2.019925e-03 
 2.673640e+01  1.989683e-03 
 2.673680e+01  1.959351e-03 
 2.673720e+01  1.928648e-03 
 2.673759e+01  1.897285e-03 
 2.673799e+01  1.865174e-03 
 2.673839e+01  1.832175e-03 
 2.673879e+01  1.798263e-03 
 2.673918e+01  1.763387e-03 
 2.673958e+01  1.727681e-03 
 2.673998e+01  1.691274e-03 
 2.674038e+01  1.654340e-03 
 2.674078e+01  1.617032e-03 
 2.674117e+01  1.579799e-03 
 2.674157e+01  1.542719e-03 
 2.674197e+01  1.505875e-03 
 2.674237e+01  1.469347e-03 
 2.674276e+01  1.433201e-03 
 2.674316e+01  1.397367e-03 
 2.674356e+01  1.361654e-03 
 2.674396e+01  1.326011e-03 
 2.674435e+01  1.290400e-03 
 2.674475e+01  1.254742e-03 
 2.674515e+01  1.219150e-03 
 2.674555e+01  1.183564e-03 
 2.674595e+01  1.147840e-03 
 2.674634e+01  1.111764e-03 
 2.674674e+01  1.075219e-03 
 2.674714e+01  1.038171e-03 
 2.674754e+01  1.000756e-03 
 2.674793e+01  9.631891e-04 
 2.674833e+01  9.257570e-04 
 2.674873e+01  8.888025e-04 
 2.674913e+01  8.527710e-04 
 2.674952e+01  8.179414e-04 
 2.674992e+01  7.843754e-04 
 2.675032e+01  7.521332e-04 
 2.675072e+01  7.213153e-04 
 2.675112e+01  6.919632e-04 
 2.675151e+01  6.640151e-04 
 2.675191e+01  6.375655e-04 
 2.675231e+01  6.125239e-04 
 2.675271e+01  5.886757e-04 
 2.675310e+01  5.658145e-04 
 2.675350e+01  5.437170e-04 
 2.675390e+01  5.221267e-04 
 2.675430e+01  5.009557e-04 
 2.675469e+01  4.800387e-04 
 2.675509e+01  4.592994e-04 
 2.675549e+01  4.386972e-04 
 2.675589e+01  4.183165e-04 
 2.675629e+01  3.981429e-04 
 2.675668e+01  3.783383e-04 
 2.675708e+01  3.590007e-04 
 2.675748e+01  3.403625e-04 
 2.675788e+01  3.226661e-04 
 2.675827e+01  3.063340e-04 
 2.675867e+01  2.917008e-04 
 2.675907e+01  2.790241e-04 
 2.675947e+01  2.683295e-04 
 2.675987e+01  2.596332e-04 
 2.676026e+01  2.528434e-04 
 2.676066e+01  2.478042e-04 
 2.676106e+01  2.444897e-04 
 2.676146e+01  2.428930e-04 
 2.676185e+01  2.427977e-04 
 2.676225e+01  2.439586e-04 
 2.676265e+01  2.461468e-04 
 2.676305e+01  2.490257e-04 
 2.676344e+01  2.522062e-04 
 2.676384e+01  2.553183e-04 
 2.676424e+01  2.580610e-04 
 2.676464e+01  2.604329e-04 
 2.676504e+01  2.624628e-04 
 2.676543e+01  2.642370e-04 
 2.676583e+01  2.658480e-04 
 2.676623e+01  2.673067e-04 
 2.676663e+01  2.688596e-04 
 2.676702e+01  2.707569e-04 
 2.676742e+01  2.732298e-04 
 2.676782e+01  2.764643e-04 
 2.676822e+01  2.806117e-04 
 2.676861e+01  2.857076e-04 
 2.676901e+01  2.919609e-04 
 2.676941e+01  2.995993e-04 
 2.676981e+01  3.086749e-04 
 2.677021e+01  3.191734e-04 
 2.677060e+01  3.311983e-04 
 2.677100e+01  3.448123e-04 
 2.677140e+01  3.600071e-04 
 2.677180e+01  3.767006e-04 
 2.677219e+01  3.946198e-04 
 2.677259e+01  4.135920e-04 
 2.677299e+01  4.334423e-04 
 2.677339e+01  4.541007e-04 
 2.677378e+01  4.757337e-04 
 2.677418e+01  4.983141e-04 
 2.677458e+01  5.219302e-04 
 2.677498e+01  5.465258e-04 
 2.677538e+01  5.719758e-04 
 2.677577e+01  5.983975e-04 
 2.677617e+01  6.256797e-04 
 2.677657e+01  6.537988e-04 
 2.677697e+01  6.827210e-04 
 2.677736e+01  7.123514e-04 
 2.677776e+01  7.425754e-04 
 2.677816e+01  7.731436e-04 
 2.677856e+01  8.036577e-04 
 2.677895e+01  8.337303e-04 
 2.677935e+01  8.629286e-04 
 2.677975e+01  8.909000e-04 
 2.678015e+01  9.174491e-04 
 2.678055e+01  9.424517e-04 
 2.678094e+01  9.657524e-04 
 2.678134e+01  9.873213e-04 
 2.678174e+01  1.006904e-03 
 2.678214e+01  1.024499e-03 
 2.678253e+01  1.040185e-03 
 2.678293e+01  1.054140e-03 
 2.678333e+01  1.066767e-03 
 2.678373e+01  1.078488e-03 
 2.678412e+01  1.089634e-03 
 2.678452e+01  1.100585e-03 
 2.678492e+01  1.111701e-03 
 2.678532e+01  1.123143e-03 
 2.678572e+01  1.135039e-03 
 2.678611e+01  1.147470e-03 
 2.678651e+01  1.160521e-03 
 2.678691e+01  1.174380e-03 
 2.678731e+01  1.189071e-03 
 2.678770e+01  1.204472e-03 
 2.678810e+01  1.220438e-03 
 2.678850e+01  1.236710e-03 
 2.678890e+01  1.253108e-03 
 2.678929e+01  1.269464e-03 
 2.678969e+01  1.285524e-03 
 2.679009e+01  1.301043e-03 
 2.679049e+01  1.315716e-03 
 2.679089e+01  1.329471e-03 
 2.679128e+01  1.342359e-03 
 2.679168e+01  1.354367e-03 
 2.679208e+01  1.365607e-03 
 2.679248e+01  1.376373e-03 
 2.679287e+01  1.386993e-03 
 2.679327e+01  1.397752e-03 
 2.679367e+01  1.408912e-03 
 2.679407e+01  1.420542e-03 
 2.679446e+01  1.432664e-03 
 2.679486e+01  1.445187e-03 
 2.679526e+01  1.458044e-03 
 2.679566e+01  1.471193e-03 
 2.679606e+01  1.484539e-03 
 2.679645e+01  1.498004e-03 
 2.679685e+01  1.511424e-03 
 2.679725e+01  1.524499e-03 
 2.679765e+01  1.537116e-03 
 2.679804e+01  1.549018e-03 
 2.679844e+01  1.560017e-03 
 2.679884e+01  1.570066e-03 
 2.679924e+01  1.579169e-03 
 2.679963e+01  1.587459e-03 
 2.680003e+01  1.595275e-03 
 2.680043e+01  1.602884e-03 
 2.680083e+01  1.610425e-03 
 2.680123e+01  1.618118e-03 
 2.680162e+01  1.626076e-03 
 2.680202e+01  1.634536e-03 
 2.680242e+01  1.643669e-03 
 2.680282e+01  1.653564e-03 
 2.680321e+01  1.664187e-03 
 2.680361e+01  1.675485e-03 
 2.680401e+01  1.687342e-03 
 2.680441e+01  1.699533e-03 
 2.680480e+01  1.711915e-03 
 2.680520e+01  1.724181e-03 
 2.680560e+01  1.736116e-03 
 2.680600e+01  1.747419e-03 
 2.680640e+01  1.757780e-03 
 2.680679e+01  1.766913e-03 
 2.680719e+01  1.774481e-03 
 2.680759e+01  1.780138e-03 
 2.680799e+01  1.783679e-03 
 2.680838e+01  1.785021e-03 
 2.680878e+01  1.784478e-03 
 2.680918e+01  1.782291e-03 
 2.680958e+01  1.778844e-03 
 2.680997e+01  1.774628e-03 
 2.681037e+01  1.769920e-03 
 2.681077e+01  1.765028e-03 
 2.681117e+01  1.760145e-03 
 2.681157e+01  1.755440e-03 
 2.681196e+01  1.750964e-03 
 2.681236e+01  1.746788e-03 
 2.681276e+01  1.743078e-03 
 2.681316e+01  1.739988e-03 
 2.681355e+01  1.737389e-03 
 2.681395e+01  1.735039e-03 
 2.681435e+01  1.732761e-03 
 2.681475e+01  1.730334e-03 
 2.681514e+01  1.727615e-03 
 2.681554e+01  1.724397e-03 
 2.681594e+01  1.720534e-03 
 2.681634e+01  1.715899e-03 
 2.681674e+01  1.710390e-03 
 2.681713e+01  1.704046e-03 
 2.681753e+01  1.696892e-03 
 2.681793e+01  1.688874e-03 
 2.681833e+01  1.679969e-03 
 2.681872e+01  1.670204e-03 
 2.681912e+01  1.659585e-03 
 2.681952e+01  1.648160e-03 
 2.681992e+01  1.636009e-03 
 2.682031e+01  1.623116e-03 
 2.682071e+01  1.609432e-03 
 2.682111e+01  1.594993e-03 
 2.682151e+01  1.579886e-03 
 2.682191e+01  1.564083e-03 
 2.682230e+01  1.547444e-03 
 2.682270e+01  1.529795e-03 
 2.682310e+01  1.510897e-03 
 2.682350e+01  1.490571e-03 
 2.682389e+01  1.468698e-03 
 2.682429e+01  1.445327e-03 
 2.682469e+01  1.420523e-03 
 2.682509e+01  1.394363e-03 
 2.682548e+01  1.367092e-03 
 2.682588e+01  1.338915e-03 
 2.682628e+01  1.310009e-03 
 2.682668e+01  1.280547e-03 
 2.682708e+01  1.250753e-03 
 2.682747e+01  1.220981e-03 
 2.682787e+01  1.191450e-03 
 2.682827e+01  1.162603e-03 
 2.682867e+01  1.134644e-03 
 2.682906e+01  1.107626e-03 
 2.682946e+01  1.081440e-03 
 2.682986e+01  1.055735e-03 
 2.683026e+01  1.030338e-03 
 2.683065e+01  1.005001e-03 
 2.683105e+01  9.794713e-04 
 2.683145e+01  9.535318e-04 
 2.683185e+01  9.270537e-04 
 2.683225e+01  8.996739e-04 
 2.683264e+01  8.712096e-04 
 2.683304e+01  8.413895e-04 
 2.683344e+01  8.098359e-04 
 2.683384e+01  7.763225e-04 
 2.683423e+01  7.406712e-04 
 2.683463e+01  7.028964e-04 
 2.683503e+01  6.632146e-04 
 2.683543e+01  6.216459e-04 
 2.683582e+01  5.781876e-04 
 2.683622e+01  5.329867e-04 
 2.683662e+01  4.861042e-04 
 2.683702e+01  4.378242e-04 
 2.683742e+01  3.883913e-04 
 2.683781e+01  3.380388e-04 
 2.683821e+01  2.869987e-04 
 2.683861e+01  2.353800e-04 
 2.683901e+01  1.832591e-04 
 2.683940e+01  1.308730e-04 
 2.683980e+01  7.826187e-05 
 2.684020e+01  2.526435e-05 
 2.684060e+01 -2.794321e-05 
 2.684099e+01 -8.141540e-05 
 2.684139e+01 -1.350302e-04 
 2.684179e+01 -1.887354e-04 
 2.684219e+01 -2.424765e-04 
 2.684259e+01 -2.962074e-04 
 2.684298e+01 -3.498427e-04 
 2.684338e+01 -4.030874e-04 
 2.684378e+01 -4.556699e-04 
 2.684418e+01 -5.073016e-04 
 2.684457e+01 -5.576557e-04 
 2.684497e+01 -6.064597e-04 
 2.684537e+01 -6.535168e-04 
 2.684577e+01 -6.984829e-04 
 2.684616e+01 -7.412157e-04 
 2.684656e+01 -7.816111e-04 
 2.684696e+01 -8.196916e-04 
 2.684736e+01 -8.554627e-04 
 2.684776e+01 -8.891466e-04 
 2.684815e+01 -9.207990e-04 
 2.684855e+01 -9.506312e-04 
 2.684895e+01 -9.788487e-04 
 2.684935e+01 -1.005722e-03 
 2.684974e+01 -1.031452e-03 
 2.685014e+01 -1.056172e-03 
 2.685054e+01 -1.080004e-03 
 2.685094e+01 -1.103323e-03 
 2.685134e+01 -1.126374e-03 
 2.685173e+01 -1.149246e-03 
 2.685213e+01 -1.172003e-03 
 2.685253e+01 -1.194456e-03 
 2.685293e+01 -1.216399e-03 
 2.685332e+01 -1.237593e-03 
 2.685372e+01 -1.257700e-03 
 2.685412e+01 -1.276507e-03 
 2.685452e+01 -1.293838e-03 
 2.685491e+01 -1.309417e-03 
 2.685531e+01 -1.323239e-03 
 2.685571e+01 -1.335247e-03 
 2.685611e+01 -1.345518e-03 
 2.685651e+01 -1.353904e-03 
 2.685690e+01 -1.360257e-03 
 2.685730e+01 -1.364862e-03 
 2.685770e+01 -1.368092e-03 
 2.685810e+01 -1.370302e-03 
 2.685849e+01 -1.371929e-03 
 2.685889e+01 -1.373496e-03 
 2.685929e+01 -1.375089e-03 
 2.685969e+01 -1.377009e-03 
 2.686008e+01 -1.379454e-03 
 2.686048e+01 -1.382369e-03 
 2.686088e+01 -1.385699e-03 
 2.686128e+01 -1.389128e-03 
 2.686168e+01 -1.392519e-03 
 2.686207e+01 -1.395675e-03 
 2.686247e+01 -1.398345e-03 
 2.686287e+01 -1.400242e-03 
 2.686327e+01 -1.401010e-03 
 2.686366e+01 -1.400407e-03 
 2.686406e+01 -1.398331e-03 
 2.686446e+01 -1.394666e-03 
 2.686486e+01 -1.389392e-03 
 2.686525e+01 -1.382565e-03 
 2.686565e+01 -1.374206e-03 
 2.686605e+01 -1.364469e-03 
 2.686645e+01 -1.353516e-03 
 2.686685e+01 -1.341529e-03 
 2.686724e+01 -1.328878e-03 
 2.686764e+01 -1.315644e-03 
 2.686804e+01 -1.301868e-03 
 2.686844e+01 -1.287755e-03 
 2.686883e+01 -1.273364e-03 
 2.686923e+01 -1.258715e-03 
 2.686963e+01 -1.243758e-03 
 2.687003e+01 -1.228533e-03 
 2.687042e+01 -1.213017e-03 
 2.687082e+01 -1.197247e-03 
 2.687122e+01 -1.181226e-03 
 2.687162e+01 -1.164937e-03 
 2.687202e+01 -1.148276e-03 
 2.687241e+01 -1.131097e-03 
 2.687281e+01 -1.113414e-03 
 2.687321e+01 -1.095292e-03 
 2.687361e+01 -1.076780e-03 
 2.687400e+01 -1.058077e-03 
 2.687440e+01 -1.039330e-03 
 2.687480e+01 -1.020916e-03 
 2.687520e+01 -1.003138e-03 
 2.687559e+01 -9.862561e-04 
 2.687599e+01 -9.705517e-04 
 2.687639e+01 -9.561420e-04 
 2.687679e+01 -9.429768e-04 
 2.687719e+01 -9.310560e-04 
 2.687758e+01 -9.202625e-04 
 2.687798e+01 -9.104421e-04 
 2.687838e+01 -9.012639e-04 
 2.687878e+01 -8.922482e-04 
 2.687917e+01 -8.831016e-04 
 2.687957e+01 -8.735047e-04 
 2.687997e+01 -8.631521e-04 
 2.688037e+01 -8.517185e-04 
 2.688076e+01 -8.388894e-04 
 2.688116e+01 -8.243887e-04 
 2.688156e+01 -8.080764e-04 
 2.688196e+01 -7.899139e-04 
 2.688236e+01 -7.698566e-04 
 2.688275e+01 -7.480918e-04 
 2.688315e+01 -7.246695e-04 
 2.688355e+01 -6.998837e-04 
 2.688395e+01 -6.741853e-04 
 2.688434e+01 -6.478969e-04 
 2.688474e+01 -6.213747e-04 
 2.688514e+01 -5.948117e-04 
 2.688554e+01 -5.684403e-04 
 2.688593e+01 -5.425100e-04 
 2.688633e+01 -5.170962e-04 
 2.688673e+01 -4.924066e-04 
 2.688713e+01 -4.684707e-04 
 2.688753e+01 -4.452394e-04 
 2.688792e+01 -4.226448e-04 
 2.688832e+01 -4.005170e-04 
 2.688872e+01 -3.787481e-04 
 2.688912e+01 -3.572703e-04 
 2.688951e+01 -3.359461e-04 
 2.688991e+01 -3.147436e-04 
 2.689031e+01 -2.937322e-04 
 2.689071e+01 -2.730634e-04 
 2.689110e+01 -2.528959e-04 
 2.689150e+01 -2.334576e-04 
 2.689190e+01 -2.148402e-04 
 2.689230e+01 -1.972720e-04 
 2.689270e+01 -1.808571e-04 
 2.689309e+01 -1.657858e-04 
 2.689349e+01 -1.521236e-04 
 2.689389e+01 -1.398499e-04 
 2.689429e+01 -1.288813e-04 
 2.689468e+01 -1.190129e-04 
 2.689508e+01 -1.101716e-04 
 2.689548e+01 -1.020635e-04 
 2.689588e+01 -9.440579e-05 
 2.689627e+01 -8.687911e-05 
 2.689667e+01 -7.907843e-05 
 2.689707e+01 -7.069117e-05 
 2.689747e+01 -6.139451e-05 
 2.689787e+01 -5.098437e-05 
 2.689826e+01 -3.924188e-05 
 2.689866e+01 -2.610473e-05 
 2.689906e+01 -1.162495e-05 
 2.689946e+01  3.986937e-06 
 2.689985e+01  2.055357e-05 
 2.690025e+01  3.804331e-05 
 2.690065e+01  5.630088e-05 
 2.690105e+01  7.533304e-05 
 2.690144e+01  9.489016e-05 
 2.690184e+01  1.146332e-04 
 2.690224e+01  1.342176e-04 
 2.690264e+01  1.534514e-04 
 2.690304e+01  1.720152e-04 
 2.690343e+01  1.897325e-04 
 2.690383e+01  2.065390e-04 
 2.690423e+01  2.225227e-04 
 2.690463e+01  2.378200e-04 
 2.690502e+01  2.527994e-04 
 2.690542e+01  2.676988e-04 
 2.690582e+01  2.826307e-04 
 2.690622e+01  2.976673e-04 
 2.690661e+01  3.129236e-04 
 2.690701e+01  3.284829e-04 
 2.690741e+01  3.444376e-04 
 2.690781e+01  3.607922e-04 
 2.690821e+01  3.775617e-04 
 2.690860e+01  3.947232e-04 
 2.690900e+01  4.120966e-04 
 2.690940e+01  4.295332e-04 
 2.690980e+01  4.468774e-04 
 2.691019e+01  4.637791e-04 
 2.691059e+01  4.799790e-04 
 2.691099e+01  4.952050e-04 
 2.691139e+01  5.091370e-04 
 2.691178e+01  5.216814e-04 
 2.691218e+01  5.324728e-04 
 2.691258e+01  5.414100e-04 
 2.691298e+01  5.484824e-04 
 2.691338e+01  5.536414e-04 
 2.691377e+01  5.570725e-04 
 2.691417e+01  5.588677e-04 
 2.691457e+01  5.591734e-04 
 2.691497e+01  5.581175e-04 
 2.691536e+01  5.557700e-04 
 2.691576e+01  5.523462e-04 
 2.691616e+01  5.480352e-04 
 2.691656e+01  5.429673e-04 
 2.691695e+01  5.372214e-04 
 2.691735e+01  5.308641e-04 
 2.691775e+01  5.238901e-04 
 2.691815e+01  5.162851e-04 
 2.691855e+01  5.078491e-04 
 2.691894e+01  4.985965e-04 
 2.691934e+01  4.883113e-04 
 2.691974e+01  4.768593e-04 
 2.692014e+01  4.642675e-04 
 2.692053e+01  4.504824e-04 
 2.692093e+01  4.355482e-04 
 2.692133e+01  4.195644e-04 
 2.692173e+01  4.026417e-04 
 2.692212e+01  3.850018e-04 
 2.692252e+01  3.669952e-04 
 2.692292e+01  3.488659e-04 
 2.692332e+01  3.308348e-04 
 2.692372e+01  3.130090e-04 
 2.692411e+01  2.953657e-04 
 2.692451e+01  2.779863e-04 
 2.692491e+01  2.607985e-04 
 2.692531e+01  2.437237e-04 
 2.692570e+01  2.266679e-04 
 2.692610e+01  2.094352e-04 
 2.692650e+01  1.918958e-04 
 2.692690e+01  1.737748e-04 
 2.692729e+01  1.548219e-04 
 2.692769e+01  1.345118e-04 
 2.692809e+01  1.125607e-04 
 2.692849e+01  8.861170e-05 
 2.692889e+01  6.256619e-05 
 2.692928e+01  3.431934e-05 
 2.692968e+01  3.785811e-06 
 2.693008e+01 -2.906445e-05 
 2.693048e+01 -6.425624e-05 
 2.693087e+01 -1.018687e-04 
 2.693127e+01 -1.416789e-04 
 2.693167e+01 -1.834709e-04 
 2.693207e+01 -2.269076e-04 
 2.693246e+01 -2.716134e-04 
 2.693286e+01 -3.171714e-04 
 2.693326e+01 -3.631574e-04 
 2.693366e+01 -4.092945e-04 
 2.693406e+01 -4.554241e-04 
 2.693445e+01 -5.014398e-04 
 2.693485e+01 -5.473958e-04 
 2.693525e+01 -5.932314e-04 
 2.693565e+01 -6.389379e-04 
 2.693604e+01 -6.843442e-04 
 2.693644e+01 -7.294327e-04 
 2.693684e+01 -7.742443e-04 
 2.693724e+01 -8.189223e-04 
 2.693763e+01 -8.634916e-04 
 2.693803e+01 -9.079643e-04 
 2.693843e+01 -9.523748e-04 
 2.693883e+01 -9.966140e-04 
 2.693923e+01 -1.040615e-03 
 2.693962e+01 -1.084216e-03 
 2.694002e+01 -1.127123e-03 
 2.694042e+01 -1.169176e-03 
 2.694082e+01 -1.210258e-03 
 2.694121e+01 -1.250328e-03 
 2.694161e+01 -1.289315e-03 
 2.694201e+01 -1.327287e-03 
 2.694241e+01 -1.364165e-03 
 2.694281e+01 -1.400023e-03 
 2.694320e+01 -1.435153e-03 
 2.694360e+01 -1.469639e-03 
 2.694400e+01 -1.503746e-03 
 2.694440e+01 -1.537694e-03 
 2.694479e+01 -1.571675e-03 
 2.694519e+01 -1.606051e-03 
 2.694559e+01 -1.641095e-03 
 2.694599e+01 -1.677098e-03 
 2.694638e+01 -1.714026e-03 
 2.694678e+01 -1.752027e-03 
 2.694718e+01 -1.791077e-03 
 2.694758e+01 -1.831105e-03 
 2.694798e+01 -1.871816e-03 
 2.694837e+01 -1.912883e-03 
 2.694877e+01 -1.953723e-03 
 2.694917e+01 -1.993733e-03 
 2.694957e+01 -2.032519e-03 
 2.694996e+01 -2.069653e-03 
 2.695036e+01 -2.104726e-03 
 2.695076e+01 -2.137419e-03 
 2.695116e+01 -2.167531e-03 
 2.695155e+01 -2.194855e-03 
 2.695195e+01 -2.219366e-03 
 2.695235e+01 -2.241130e-03 
 2.695275e+01 -2.260425e-03 
 2.695315e+01 -2.277572e-03 
 2.695354e+01 -2.292786e-03 
 2.695394e+01 -2.306516e-03 
 2.695434e+01 -2.319083e-03 
 2.695474e+01 -2.330844e-03 
 2.695513e+01 -2.342067e-03 
 2.695553e+01 -2.352837e-03 
 2.695593e+01 -2.363151e-03 
 2.695633e+01 -2.372877e-03 
 2.695672e+01 -2.381941e-03 
 2.695712e+01 -2.390214e-03 
 2.695752e+01 -2.397504e-03 
 2.695792e+01 -2.403613e-03 
 2.695832e+01 -2.408311e-03 
 2.695871e+01 -2.411468e-03 
 2.695911e+01 -2.413202e-03 
 2.695951e+01 -2.413507e-03 
 2.695991e+01 -2.412226e-03 
 2.696030e+01 -2.409436e-03 
 2.696070e+01 -2.405224e-03 
 2.696110e+01 -2.399594e-03 
 2.696150e+01 -2.392669e-03 
 2.696189e+01 -2.384707e-03 
 2.696229e+01 -2.375947e-03 
 2.696269e+01 -2.366794e-03 
 2.696309e+01 -2.357659e-03 
 2.696349e+01 -2.348923e-03 
 2.696388e+01 -2.340770e-03 
 2.696428e+01 -2.333147e-03 
 2.696468e+01 -2.326048e-03 
 2.696508e+01 -2.319310e-03 
 2.696547e+01 -2.312870e-03 
 2.696587e+01 -2.306489e-03 
 2.696627e+01 -2.299896e-03 
 2.696667e+01 -2.293024e-03 
 2.696706e+01 -2.285723e-03 
 2.696746e+01 -2.277964e-03 
 2.696786e+01 -2.269571e-03 
 2.696826e+01 -2.260460e-03 
 2.696866e+01 -2.250571e-03 
 2.696905e+01 -2.240014e-03 
 2.696945e+01 -2.229127e-03 
 2.696985e+01 -2.218060e-03 
 2.697025e+01 -2.206996e-03 
 2.697064e+01 -2.196232e-03 
 2.697104e+01 -2.186014e-03 
 2.697144e+01 -2.176563e-03 
 2.697184e+01 -2.168103e-03 
 2.697223e+01 -2.160753e-03 
 2.697263e+01 -2.154558e-03 
 2.697303e+01 -2.149286e-03 
 2.697343e+01 -2.144626e-03 
 2.697383e+01 -2.140183e-03 
 2.697422e+01 -2.135582e-03 
 2.697462e+01 -2.130463e-03 
 2.697502e+01 -2.124591e-03 
 2.697542e+01 -2.117629e-03 
 2.697581e+01 -2.109441e-03 
 2.697621e+01 -2.099933e-03 
 2.697661e+01 -2.089040e-03 
 2.697701e+01 -2.076729e-03 
 2.697740e+01 -2.062749e-03 
 2.697780e+01 -2.047007e-03 
 2.697820e+01 -2.029527e-03 
 2.697860e+01 -2.010478e-03 
 2.697900e+01 -1.990189e-03 
 2.697939e+01 -1.969038e-03 
 2.697979e+01 -1.947328e-03 
 2.698019e+01 -1.925366e-03 
 2.698059e+01 -1.903416e-03 
 2.698098e+01 -1.881874e-03 
 2.698138e+01 -1.860979e-03 
 2.698178e+01 -1.840899e-03 
 2.698218e+01 -1.821727e-03 
 2.698257e+01 -1.803598e-03 
 2.698297e+01 -1.786546e-03 
 2.698337e+01 -1.770350e-03 
 2.698377e+01 -1.754758e-03 
 2.698417e+01 -1.739538e-03 
 2.698456e+01 -1.724523e-03 
 2.698496e+01 -1.709665e-03 
 2.698536e+01 -1.694947e-03 
 2.698576e+01 -1.680407e-03 
 2.698615e+01 -1.666038e-03 
 2.698655e+01 -1.651842e-03 
 2.698695e+01 -1.638013e-03 
 2.698735e+01 -1.624685e-03 
 2.698774e+01 -1.612048e-03 
 2.698814e+01 -1.600226e-03 
 2.698854e+01 -1.589335e-03 
 2.698894e+01 -1.579467e-03 
 2.698934e+01 -1.570508e-03 
 2.698973e+01 -1.562345e-03 
 2.699013e+01 -1.554756e-03 
 2.699053e+01 -1.547347e-03 
 2.699093e+01 -1.539753e-03 
 2.699132e+01 -1.531660e-03 
 2.699172e+01 -1.522810e-03 
 2.699212e+01 -1.512861e-03 
 2.699252e+01 -1.501629e-03 
 2.699291e+01 -1.488924e-03 
 2.699331e+01 -1.474626e-03 
 2.699371e+01 -1.458682e-03 
 2.699411e+01 -1.441177e-03 
 2.699451e+01 -1.422238e-03 
 2.699490e+01 -1.401945e-03 
 2.699530e+01 -1.380415e-03 
 2.699570e+01 -1.357837e-03 
 2.699610e+01 -1.334463e-03 
 2.699649e+01 -1.310618e-03 
 2.699689e+01 -1.286631e-03 
 2.699729e+01 -1.262790e-03 
 2.699769e+01 -1.239449e-03 
 2.699808e+01 -1.216943e-03 
 2.699848e+01 -1.195502e-03 
 2.699888e+01 -1.175411e-03 
 2.699928e+01 -1.156682e-03 
 2.699968e+01 -1.139280e-03 
 2.700007e+01 -1.123127e-03 
 2.700047e+01 -1.108062e-03 
 2.700087e+01 -1.093969e-03 
 2.700127e+01 -1.080494e-03 
 2.700166e+01 -1.067321e-03 
 2.700206e+01 -1.054097e-03 
 2.700246e+01 -1.040529e-03 
 2.700286e+01 -1.026450e-03 
 2.700325e+01 -1.011656e-03 
 2.700365e+01 -9.959931e-04 
 2.700405e+01 -9.793485e-04 
 2.700445e+01 -9.618455e-04 
 2.700485e+01 -9.435473e-04 
 2.700524e+01 -9.246365e-04 
 2.700564e+01 -9.050322e-04 
 2.700604e+01 -8.848656e-04 
 2.700644e+01 -8.643203e-04 
 2.700683e+01 -8.436041e-04 
 2.700723e+01 -8.229115e-04 
 2.700763e+01 -8.022986e-04 
 2.700803e+01 -7.819962e-04 
 2.700842e+01 -7.621076e-04 
 2.700882e+01 -7.425998e-04 
 2.700922e+01 -7.233395e-04 
 2.700962e+01 -7.042075e-04 
 2.701002e+01 -6.850546e-04 
 2.701041e+01 -6.658303e-04 
 2.701081e+01 -6.464491e-04 
 2.701121e+01 -6.269558e-04 
 2.701161e+01 -6.073388e-04 
 2.701200e+01 -5.875884e-04 
 2.701240e+01 -5.676587e-04 
 2.701280e+01 -5.477439e-04 
 2.701320e+01 -5.279473e-04 
 2.701359e+01 -5.086448e-04 
 2.701399e+01 -4.903056e-04 
 2.701439e+01 -4.734403e-04 
 2.701479e+01 -4.584494e-04 
 2.701519e+01 -4.458577e-04 
 2.701558e+01 -4.358970e-04 
 2.701598e+01 -4.288281e-04 
 2.701638e+01 -4.247071e-04 
 2.701678e+01 -4.235311e-04 
 2.701717e+01 -4.252569e-04 
 2.701757e+01 -4.297240e-04 
 2.701797e+01 -4.367851e-04 
 2.701837e+01 -4.461860e-04 
 2.701876e+01 -4.577294e-04 
 2.701916e+01 -4.710138e-04 
 2.701956e+01 -4.857343e-04 
 2.701996e+01 -5.016609e-04 
 2.702036e+01 -5.186801e-04 
 2.702075e+01 -5.367364e-04 
 2.702115e+01 -5.558003e-04 
 2.702155e+01 -5.758914e-04 
 2.702195e+01 -5.970601e-04 
 2.702234e+01 -6.195577e-04 
 2.702274e+01 -6.435702e-04 
 2.702314e+01 -6.692869e-04 
 2.702354e+01 -6.967673e-04 
 2.702393e+01 -7.260794e-04 
 2.702433e+01 -7.572647e-04 
 2.702473e+01 -7.903107e-04 
 2.702513e+01 -8.251128e-04 
 2.702553e+01 -8.615099e-04 
 2.702592e+01 -8.992925e-04 
 2.702632e+01 -9.383582e-04 
 2.702672e+01 -9.785312e-04 
 2.702712e+01 -1.019511e-03 
 2.702751e+01 -1.061038e-03 
 2.702791e+01 -1.102799e-03 
 2.702831e+01 -1.144407e-03 
 2.702871e+01 -1.185625e-03 
 2.702910e+01 -1.226132e-03 
 2.702950e+01 -1.265623e-03 
 2.702990e+01 -1.303896e-03 
 2.703030e+01 -1.340940e-03 
 2.703070e+01 -1.376949e-03 
 2.703109e+01 -1.412139e-03 
 2.703149e+01 -1.446741e-03 
 2.703189e+01 -1.481094e-03 
 2.703229e+01 -1.515469e-03 
 2.703268e+01 -1.550029e-03 
 2.703308e+01 -1.585062e-03 
 2.703348e+01 -1.620785e-03 
 2.703388e+01 -1.657044e-03 
 2.703428e+01 -1.693884e-03 
 2.703467e+01 -1.731221e-03 
 2.703507e+01 -1.769057e-03 
 2.703547e+01 -1.807365e-03 
 2.703587e+01 -1.845888e-03 
 2.703626e+01 -1.884516e-03 
 2.703666e+01 -1.923134e-03 
 2.703706e+01 -1.961531e-03 
 2.703746e+01 -1.999533e-03 
 2.703785e+01 -2.037017e-03 
 2.703825e+01 -2.074016e-03 
 2.703865e+01 -2.110603e-03 
 2.703905e+01 -2.147056e-03 
 2.703945e+01 -2.183709e-03 
 2.703984e+01 -2.220967e-03 
 2.704024e+01 -2.259344e-03 
 2.704064e+01 -2.299132e-03 
 2.704104e+01 -2.340472e-03 
 2.704143e+01 -2.383369e-03 
 2.704183e+01 -2.427686e-03 
 2.704223e+01 -2.473208e-03 
 2.704263e+01 -2.519773e-03 
 2.704302e+01 -2.567025e-03 
 2.704342e+01 -2.614494e-03 
 2.704382e+01 -2.661741e-03 
 2.704422e+01 -2.708281e-03 
 2.704462e+01 -2.753698e-03 
 2.704501e+01 -2.797354e-03 
 2.704541e+01 -2.838751e-03 
 2.704581e+01 -2.877580e-03 
 2.704621e+01 -2.913658e-03 
 2.704660e+01 -2.946799e-03 
 2.704700e+01 -2.977147e-03 
 2.704740e+01 -3.004653e-03 
 2.704780e+01 -3.029598e-03 
 2.704819e+01 -3.052213e-03 
 2.704859e+01 -3.072874e-03 
 2.704899e+01 -3.092202e-03 
 2.704939e+01 -3.110534e-03 
 2.704979e+01 -3.128380e-03 
 2.705018e+01 -3.146035e-03 
 2.705058e+01 -3.163810e-03 
 2.705098e+01 -3.181835e-03 
 2.705138e+01 -3.200115e-03 
 2.705177e+01 -3.218582e-03 
 2.705217e+01 -3.237170e-03 
 2.705257e+01 -3.255835e-03 
 2.705297e+01 -3.274322e-03 
 2.705336e+01 -3.292392e-03 
 2.705376e+01 -3.309856e-03 
 2.705416e+01 -3.326510e-03 
 2.705456e+01 -3.342167e-03 
 2.705496e+01 -3.356829e-03 
 2.705535e+01 -3.370430e-03 
 2.705575e+01 -3.382989e-03 
 2.705615e+01 -3.394657e-03 
 2.705655e+01 -3.405618e-03 
 2.705694e+01 -3.416071e-03 
 2.705734e+01 -3.426166e-03 
 2.705774e+01 -3.436070e-03 
 2.705814e+01 -3.445983e-03 
 2.705853e+01 -3.455983e-03 
 2.705893e+01 -3.466108e-03 
 2.705933e+01 -3.476224e-03 
 2.705973e+01 -3.486317e-03 
 2.706013e+01 -3.496250e-03 
 2.706052e+01 -3.505727e-03 
 2.706092e+01 -3.514475e-03 
 2.706132e+01 -3.522198e-03 
 2.706172e+01 -3.528718e-03 
 2.706211e+01 -3.533830e-03 
 2.706251e+01 -3.537487e-03 
 2.706291e+01 -3.539568e-03 
 2.706331e+01 -3.539957e-03 
 2.706370e+01 -3.538730e-03 
 2.706410e+01 -3.535965e-03 
 2.706450e+01 -3.531872e-03 
 2.706490e+01 -3.526646e-03 
 2.706530e+01 -3.520497e-03 
 2.706569e+01 -3.513696e-03 
 2.706609e+01 -3.506582e-03 
 2.706649e+01 -3.499624e-03 
 2.706689e+01 -3.493204e-03 
 2.706728e+01 -3.487505e-03 
 2.706768e+01 -3.482707e-03 
 2.706808e+01 -3.478937e-03 
 2.706848e+01 -3.476342e-03 
 2.706887e+01 -3.474803e-03 
 2.706927e+01 -3.474216e-03 
 2.706967e+01 -3.474470e-03 
 2.707007e+01 -3.475286e-03 
 2.707047e+01 -3.476462e-03 
 2.707086e+01 -3.477767e-03 
 2.707126e+01 -3.478973e-03 
 2.707166e+01 -3.479801e-03 
 2.707206e+01 -3.480015e-03 
 2.707245e+01 -3.479635e-03 
 2.707285e+01 -3.478580e-03 
 2.707325e+01 -3.476911e-03 
 2.707365e+01 -3.474762e-03 
 2.707404e+01 -3.472275e-03 
 2.707444e+01 -3.469615e-03 
 2.707484e+01 -3.467135e-03 
 2.707524e+01 -3.464917e-03 
 2.707564e+01 -3.463205e-03 
 2.707603e+01 -3.462102e-03 
 2.707643e+01 -3.461701e-03 
 2.707683e+01 -3.462095e-03 
 2.707723e+01 -3.463210e-03 
 2.707762e+01 -3.464948e-03 
 2.707802e+01 -3.467138e-03 
 2.707842e+01 -3.469627e-03 
 2.707882e+01 -3.472129e-03 
 2.707921e+01 -3.474440e-03 
 2.707961e+01 -3.476201e-03 
 2.708001e+01 -3.477362e-03 
 2.708041e+01 -3.477721e-03 
 2.708081e+01 -3.477174e-03 
 2.708120e+01 -3.475606e-03 
 2.708160e+01 -3.473062e-03 
 2.708200e+01 -3.469592e-03 
 2.708240e+01 -3.465334e-03 
 2.708279e+01 -3.460309e-03 
 2.708319e+01 -3.454597e-03 
 2.708359e+01 -3.448384e-03 
 2.708399e+01 -3.441912e-03 
 2.708438e+01 -3.435206e-03 
 2.708478e+01 -3.428472e-03 
 2.708518e+01 -3.421573e-03 
 2.708558e+01 -3.414415e-03 
 2.708598e+01 -3.406929e-03 
 2.708637e+01 -3.398997e-03 
 2.708677e+01 -3.390525e-03 
 2.708717e+01 -3.381267e-03 
 2.708757e+01 -3.371057e-03 
 2.708796e+01 -3.359785e-03 
 2.708836e+01 -3.347329e-03 
 2.708876e+01 -3.333514e-03 
 2.708916e+01 -3.318186e-03 
 2.708955e+01 -3.301204e-03 
 2.708995e+01 -3.282601e-03 
 2.709035e+01 -3.262658e-03 
 2.709075e+01 -3.241618e-03 
 2.709115e+01 -3.219875e-03 
 2.709154e+01 -3.197693e-03 
 2.709194e+01 -3.175414e-03 
 2.709234e+01 -3.153413e-03 
 2.709274e+01 -3.131983e-03 
 2.709313e+01 -3.111349e-03 
 2.709353e+01 -3.091760e-03 
 2.709393e+01 -3.073302e-03 
 2.709433e+01 -3.056153e-03 
 2.709472e+01 -3.040377e-03 
 2.709512e+01 -3.025867e-03 
 2.709552e+01 -3.012459e-03 
 2.709592e+01 -2.999856e-03 
 2.709632e+01 -2.987734e-03 
 2.709671e+01 -2.975611e-03 
 2.709711e+01 -2.963105e-03 
 2.709751e+01 -2.949878e-03 
 2.709791e+01 -2.935703e-03 
 2.709830e+01 -2.920426e-03 
 2.709870e+01 -2.903940e-03 
 2.709910e+01 -2.886301e-03 
 2.709950e+01 -2.867478e-03 
 2.709989e+01 -2.847603e-03 
 2.710029e+01 -2.826874e-03 
 2.710069e+01 -2.805434e-03 
 2.710109e+01 -2.783447e-03 
 2.710149e+01 -2.761273e-03 
 2.710188e+01 -2.739149e-03 
 2.710228e+01 -2.717383e-03 
 2.710268e+01 -2.696188e-03 
 2.710308e+01 -2.675607e-03 
 2.710347e+01 -2.655847e-03 
 2.710387e+01 -2.637037e-03 
 2.710427e+01 -2.619090e-03 
 2.710467e+01 -2.601962e-03 
 2.710506e+01 -2.585459e-03 
 2.710546e+01 -2.569515e-03 
 2.710586e+01 -2.553996e-03 
 2.710626e+01 -2.538830e-03 
 2.710666e+01 -2.523759e-03 
 2.710705e+01 -2.508613e-03 
 2.710745e+01 -2.493311e-03 
 2.710785e+01 -2.477993e-03 
 2.710825e+01 -2.462704e-03 
 2.710864e+01 -2.447756e-03 
 2.710904e+01 -2.433468e-03 
 2.710944e+01 -2.420048e-03 
 2.710984e+01 -2.407817e-03 
 2.711023e+01 -2.397247e-03 
 2.711063e+01 -2.388518e-03 
 2.711103e+01 -2.381789e-03 
 2.711143e+01 -2.377139e-03 
 2.711183e+01 -2.374561e-03 
 2.711222e+01 -2.374039e-03 
 2.711262e+01 -2.375436e-03 
 2.711302e+01 -2.378451e-03 
 2.711342e+01 -2.382575e-03 
 2.711381e+01 -2.387434e-03 
 2.711421e+01 -2.392652e-03 
 2.711461e+01 -2.397914e-03 
 2.711501e+01 -2.403002e-03 
 2.711540e+01 -2.407812e-03 
 2.711580e+01 -2.412278e-03 
 2.711620e+01 -2.416478e-03 
 2.711660e+01 -2.420706e-03 
 2.711700e+01 -2.425163e-03 
 2.711739e+01 -2.430085e-03 
 2.711779e+01 -2.435832e-03 
 2.711819e+01 -2.442750e-03 
 2.711859e+01 -2.451135e-03 
 2.711898e+01 -2.461388e-03 
 2.711938e+01 -2.473886e-03 
 2.711978e+01 -2.488822e-03 
 2.712018e+01 -2.506366e-03 
 2.712057e+01 -2.526585e-03 
 2.712097e+01 -2.549465e-03 
 2.712137e+01 -2.574892e-03 
 2.712177e+01 -2.602717e-03 
 2.712217e+01 -2.632756e-03 
 2.712256e+01 -2.664685e-03 
 2.712296e+01 -2.698021e-03 
 2.712336e+01 -2.732468e-03 
 2.712376e+01 -2.767822e-03 
 2.712415e+01 -2.803841e-03 
 2.712455e+01 -2.840324e-03 
 2.712495e+01 -2.877179e-03 
 2.712535e+01 -2.914412e-03 
 2.712574e+01 -2.952021e-03 
 2.712614e+01 -2.990174e-03 
 2.712654e+01 -3.028851e-03 
 2.712694e+01 -3.068134e-03 
 2.712734e+01 -3.108214e-03 
 2.712773e+01 -3.149170e-03 
 2.712813e+01 -3.191178e-03 
 2.712853e+01 -3.234102e-03 
 2.712893e+01 -3.277876e-03 
 2.712932e+01 -3.322298e-03 
 2.712972e+01 -3.367111e-03 
 2.713012e+01 -3.412142e-03 
 2.713052e+01 -3.457070e-03 
 2.713092e+01 -3.501530e-03 
 2.713131e+01 -3.545197e-03 
 2.713171e+01 -3.587890e-03 
 2.713211e+01 -3.629469e-03 
 2.713251e+01 -3.669862e-03 
 2.713290e+01 -3.709070e-03 
 2.713330e+01 -3.747158e-03 
 2.713370e+01 -3.784311e-03 
 2.713410e+01 -3.820942e-03 
 2.713449e+01 -3.857423e-03 
 2.713489e+01 -3.893965e-03 
 2.713529e+01 -3.930721e-03 
 2.713569e+01 -3.967903e-03 
 2.713609e+01 -4.005771e-03 
 2.713648e+01 -4.044411e-03 
 2.713688e+01 -4.084007e-03 
 2.713728e+01 -4.124602e-03 
 2.713768e+01 -4.166124e-03 
 2.713807e+01 -4.208451e-03 
 2.713847e+01 -4.251450e-03 
 2.713887e+01 -4.294758e-03 
 2.713927e+01 -4.338018e-03 
 2.713966e+01 -4.380792e-03 
 2.714006e+01 -4.422560e-03 
 2.714046e+01 -4.462926e-03 
 2.714086e+01 -4.501478e-03 
 2.714126e+01 -4.537915e-03 
 2.714165e+01 -4.572161e-03 
 2.714205e+01 -4.604096e-03 
 2.714245e+01 -4.633894e-03 
 2.714285e+01 -4.661775e-03 
 2.714324e+01 -4.688029e-03 
 2.714364e+01 -4.713069e-03 
 2.714404e+01 -4.737280e-03 
 2.714444e+01 -4.760922e-03 
 2.714483e+01 -4.784374e-03 
 2.714523e+01 -4.807890e-03 
 2.714563e+01 -4.831741e-03 
 2.714603e+01 -4.856179e-03 
 2.714643e+01 -4.881239e-03 
 2.714682e+01 -4.906956e-03 
 2.714722e+01 -4.933337e-03 
 2.714762e+01 -4.960267e-03 
 2.714802e+01 -4.987579e-03 
 2.714841e+01 -5.015049e-03 
 2.714881e+01 -5.042411e-03 
 2.714921e+01 -5.069594e-03 
 2.714961e+01 -5.096574e-03 
 2.715000e+01 -5.123242e-03 
 2.715040e+01 -5.149628e-03 
 2.715080e+01 -5.175737e-03 
 2.715120e+01 -5.201507e-03 
 2.715160e+01 -5.227166e-03 
 2.715199e+01 -5.252785e-03 
 2.715239e+01 -5.278374e-03 
 2.715279e+01 -5.304088e-03 
 2.715319e+01 -5.329963e-03 
 2.715358e+01 -5.356102e-03 
 2.715398e+01 -5.382627e-03 
 2.715438e+01 -5.409602e-03 
 2.715478e+01 -5.436860e-03 
 2.715517e+01 -5.464143e-03 
 2.715557e+01 -5.491288e-03 
 2.715597e+01 -5.518019e-03 
 2.715637e+01 -5.544157e-03 
 2.715677e+01 -5.569412e-03 
 2.715716e+01 -5.593481e-03 
 2.715756e+01 -5.616061e-03 
 2.715796e+01 -5.636991e-03 
 2.715836e+01 -5.656061e-03 
 2.715875e+01 -5.673075e-03 
 2.715915e+01 -5.687848e-03 
 2.715955e+01 -5.700397e-03 
 2.715995e+01 -5.710754e-03 
 2.716034e+01 -5.719201e-03 
 2.716074e+01 -5.726021e-03 
 2.716114e+01 -5.731633e-03 
 2.716154e+01 -5.736404e-03 
 2.716194e+01 -5.740589e-03 
 2.716233e+01 -5.744489e-03 
 2.716273e+01 -5.748478e-03 
 2.716313e+01 -5.752746e-03 
 2.716353e+01 -5.757469e-03 
 2.716392e+01 -5.762752e-03 
 2.716432e+01 -5.768547e-03 
 2.716472e+01 -5.774709e-03 
 2.716512e+01 -5.781088e-03 
 2.716551e+01 -5.787579e-03 
 2.716591e+01 -5.793898e-03 
 2.716631e+01 -5.799788e-03 
 2.716671e+01 -5.805020e-03 
 2.716711e+01 -5.809456e-03 
 2.716750e+01 -5.813047e-03 
 2.716790e+01 -5.815827e-03 
 2.716830e+01 -5.817774e-03 
 2.716870e+01 -5.818918e-03 
 2.716909e+01 -5.819390e-03 
 2.716949e+01 -5.819376e-03 
 2.716989e+01 -5.818971e-03 
 2.717029e+01 -5.818419e-03 
 2.717068e+01 -5.817841e-03 
 2.717108e+01 -5.817407e-03 
 2.717148e+01 -5.817329e-03 
 2.717188e+01 -5.817739e-03 
 2.717228e+01 -5.818744e-03 
 2.717267e+01 -5.820296e-03 
 2.717307e+01 -5.822351e-03 
 2.717347e+01 -5.824890e-03 
 2.717387e+01 -5.827706e-03 
 2.717426e+01 -5.830689e-03 
 2.717466e+01 -5.833612e-03 
 2.717506e+01 -5.836194e-03 
 2.717546e+01 -5.838360e-03 
 2.717585e+01 -5.839928e-03 
 2.717625e+01 -5.840840e-03 
 2.717665e+01 -5.840945e-03 
 2.717705e+01 -5.840042e-03 
 2.717745e+01 -5.838072e-03 
 2.717784e+01 -5.835135e-03 
 2.717824e+01 -5.831391e-03 
 2.717864e+01 -5.827060e-03 
 2.717904e+01 -5.822274e-03 
 2.717943e+01 -5.817187e-03 
 2.717983e+01 -5.812033e-03 
 2.718023e+01 -5.806869e-03 
 2.718063e+01 -5.801745e-03 
 2.718102e+01 -5.796618e-03 
 2.718142e+01 -5.791344e-03 
 2.718182e+01 -5.785738e-03 
 2.718222e+01 -5.779584e-03 
 2.718262e+01 -5.772565e-03 
 2.718301e+01 -5.764392e-03 
 2.718341e+01 -5.754597e-03 
 2.718381e+01 -5.742944e-03 
 2.718421e+01 -5.729176e-03 
 2.718460e+01 -5.713289e-03 
 2.718500e+01 -5.695374e-03 
 2.718540e+01 -5.675545e-03 
 2.718580e+01 -5.654033e-03 
 2.718619e+01 -5.631030e-03 
 2.718659e+01 -5.606752e-03 
 2.718699e+01 -5.581516e-03 
 2.718739e+01 -5.555601e-03 
 2.718779e+01 -5.529467e-03 
 2.718818e+01 -5.503515e-03 
 2.718858e+01 -5.478137e-03 
 2.718898e+01 -5.453604e-03 
 2.718938e+01 -5.430271e-03 
 2.718977e+01 -5.408282e-03 
 2.719017e+01 -5.387457e-03 
 2.719057e+01 -5.367733e-03 
 2.719097e+01 -5.348888e-03 
 2.719136e+01 -5.330500e-03 
 2.719176e+01 -5.312255e-03 
 2.719216e+01 -5.293843e-03 
 2.719256e+01 -5.274998e-03 
 2.719296e+01 -5.255416e-03 
 2.719335e+01 -5.234921e-03 
 2.719375e+01 -5.213359e-03 
 2.719415e+01 -5.190676e-03 
 2.719455e+01 -5.166832e-03 
 2.719494e+01 -5.141947e-03 
 2.719534e+01 -5.116210e-03 
 2.719574e+01 -5.089854e-03 
 2.719614e+01 -5.063179e-03 
 2.719653e+01 -5.036491e-03 
 2.719693e+01 -5.010053e-03 
 2.719733e+01 -4.984206e-03 
 2.719773e+01 -4.959166e-03 
 2.719813e+01 -4.935161e-03 
 2.719852e+01 -4.912243e-03 
 2.719892e+01 -4.890321e-03 
 2.719932e+01 -4.869321e-03 
 2.719972e+01 -4.849034e-03 
 2.720011e+01 -4.829279e-03 
 2.720051e+01 -4.809903e-03 
 2.720091e+01 -4.790662e-03 
 2.720131e+01 -4.771460e-03 
 2.720170e+01 -4.752331e-03 
 2.720210e+01 -4.733259e-03 
 2.720250e+01 -4.714263e-03 
 2.720290e+01 -4.695455e-03 
 2.720330e+01 -4.677031e-03 
 2.720369e+01 -4.659215e-03 
 2.720409e+01 -4.642220e-03 
 2.720449e+01 -4.626405e-03 
 2.720489e+01 -4.612045e-03 
 2.720528e+01 -4.599523e-03 
 2.720568e+01 -4.589134e-03 
 2.720608e+01 -4.581089e-03 
 2.720648e+01 -4.575537e-03 
 2.720687e+01 -4.572563e-03 
 2.720727e+01 -4.572095e-03 
 2.720767e+01 -4.573846e-03 
 2.720807e+01 -4.577659e-03 
 2.720847e+01 -4.583064e-03 
 2.720886e+01 -4.589654e-03 
 2.720926e+01 -4.597084e-03 
 2.720966e+01 -4.604955e-03 
 2.721006e+01 -4.612854e-03 
 2.721045e+01 -4.620479e-03 
 2.721085e+01 -4.627489e-03 
 2.721125e+01 -4.633833e-03 
 2.721165e+01 -4.639522e-03 
 2.721204e+01 -4.644601e-03 
 2.721244e+01 -4.649257e-03 
 2.721284e+01 -4.653737e-03 
 2.721324e+01 -4.658266e-03 
 2.721364e+01 -4.663123e-03 
 2.721403e+01 -4.668604e-03 
 2.721443e+01 -4.674962e-03 
 2.721483e+01 -4.682429e-03 
 2.721523e+01 -4.691203e-03 
 2.721562e+01 -4.701453e-03 
 2.721602e+01 -4.713243e-03 
 2.721642e+01 -4.726498e-03 
 2.721682e+01 -4.741042e-03 
 2.721721e+01 -4.756672e-03 
 2.721761e+01 -4.773250e-03 
 2.721801e+01 -4.790511e-03 
 2.721841e+01 -4.808159e-03 
 2.721881e+01 -4.826025e-03 
 2.721920e+01 -4.844089e-03 
 2.721960e+01 -4.862341e-03 
 2.722000e+01 -4.880848e-03 
 2.722040e+01 -4.899777e-03 
 2.722079e+01 -4.919203e-03 
 2.722119e+01 -4.939287e-03 
 2.722159e+01 -4.960185e-03 
 2.722199e+01 -4.982089e-03 
 2.722239e+01 -5.005211e-03 
 2.722278e+01 -5.029626e-03 
 2.722318e+01 -5.055446e-03 
 2.722358e+01 -5.082693e-03 
 2.722398e+01 -5.111369e-03 
 2.722437e+01 -5.141429e-03 
 2.722477e+01 -5.172786e-03 
 2.722517e+01 -5.205209e-03 
 2.722557e+01 -5.238524e-03 
 2.722596e+01 -5.272516e-03 
 2.722636e+01 -5.306847e-03 
 2.722676e+01 -5.341413e-03 
 2.722716e+01 -5.376045e-03 
 2.722756e+01 -5.410509e-03 
 2.722795e+01 -5.444635e-03 
 2.722835e+01 -5.478316e-03 
 2.722875e+01 -5.511567e-03 
 2.722915e+01 -5.544464e-03 
 2.722954e+01 -5.577197e-03 
 2.722994e+01 -5.610004e-03 
 2.723034e+01 -5.643197e-03 
 2.723074e+01 -5.676908e-03 
 2.723113e+01 -5.711535e-03 
 2.723153e+01 -5.747315e-03 
 2.723193e+01 -5.784342e-03 
 2.723233e+01 -5.822793e-03 
 2.723273e+01 -5.862653e-03 
 2.723312e+01 -5.903893e-03 
 2.723352e+01 -5.946504e-03 
 2.723392e+01 -5.990239e-03 
 2.723432e+01 -6.034847e-03 
 2.723471e+01 -6.079875e-03 
 2.723511e+01 -6.124910e-03 
 2.723551e+01 -6.169553e-03 
 2.723591e+01 -6.213450e-03 
 2.723630e+01 -6.256366e-03 
 2.723670e+01 -6.298160e-03 
 2.723710e+01 -6.338722e-03 
 2.723750e+01 -6.378073e-03 
 2.723790e+01 -6.416383e-03 
 2.723829e+01 -6.453671e-03 
 2.723869e+01 -6.490135e-03 
 2.723909e+01 -6.526052e-03 
 2.723949e+01 -6.561658e-03 
 2.723988e+01 -6.597372e-03 
 2.724028e+01 -6.633334e-03 
 2.724068e+01 -6.669823e-03 
 2.724108e+01 -6.706947e-03 
 2.724147e+01 -6.744702e-03 
 2.724187e+01 -6.782946e-03 
 2.724227e+01 -6.821602e-03 
 2.724267e+01 -6.860432e-03 
 2.724307e+01 -6.899280e-03 
 2.724346e+01 -6.937937e-03 
 2.724386e+01 -6.976270e-03 
 2.724426e+01 -7.014135e-03 
 2.724466e+01 -7.051400e-03 
 2.724505e+01 -7.087892e-03 
 2.724545e+01 -7.123459e-03 
 2.724585e+01 -7.158102e-03 
 2.724625e+01 -7.191810e-03 
 2.724664e+01 -7.224562e-03 
 2.724704e+01 -7.256597e-03 
 2.724744e+01 -7.288063e-03 
 2.724784e+01 -7.319179e-03 
 2.724824e+01 -7.350212e-03 
 2.724863e+01 -7.381573e-03 
 2.724903e+01 -7.413535e-03 
 2.724943e+01 -7.446223e-03 
 2.724983e+01 -7.479740e-03 
 2.725022e+01 -7.514121e-03 
 2.725062e+01 -7.549349e-03 
 2.725102e+01 -7.585384e-03 
 2.725142e+01 -7.622155e-03 
 2.725181e+01 -7.659337e-03 
 2.725221e+01 -7.696689e-03 
 2.725261e+01 -7.733905e-03 
 2.725301e+01 -7.770729e-03 
 2.725341e+01 -7.806968e-03 
 2.725380e+01 -7.842511e-03 
 2.725420e+01 -7.877225e-03 
 2.725460e+01 -7.911053e-03 
 2.725500e+01 -7.944111e-03 
 2.725539e+01 -7.976532e-03 
 2.725579e+01 -8.008593e-03 
 2.725619e+01 -8.040533e-03 
 2.725659e+01 -8.072633e-03 
 2.725698e+01 -8.105212e-03 
 2.725738e+01 -8.138483e-03 
 2.725778e+01 -8.172737e-03 
 2.725818e+01 -8.208007e-03 
 2.725858e+01 -8.244315e-03 
 2.725897e+01 -8.281508e-03 
 2.725937e+01 -8.319449e-03 
 2.725977e+01 -8.357969e-03 
 2.726017e+01 -8.396709e-03 
 2.726056e+01 -8.435280e-03 
 2.726096e+01 -8.473459e-03 
 2.726136e+01 -8.510804e-03 
 2.726176e+01 -8.546902e-03 
 2.726215e+01 -8.581385e-03 
 2.726255e+01 -8.613969e-03 
 2.726295e+01 -8.644336e-03 
 2.726335e+01 -8.672339e-03 
 2.726375e+01 -8.697845e-03 
 2.726414e+01 -8.720849e-03 
 2.726454e+01 -8.741518e-03 
 2.726494e+01 -8.760081e-03 
 2.726534e+01 -8.776764e-03 
 2.726573e+01 -8.791944e-03 
 2.726613e+01 -8.805954e-03 
 2.726653e+01 -8.819164e-03 
 2.726693e+01 -8.831801e-03 
 2.726732e+01 -8.844062e-03 
 2.726772e+01 -8.856118e-03 
 2.726812e+01 -8.868026e-03 
 2.726852e+01 -8.879792e-03 
 2.726892e+01 -8.891436e-03 
 2.726931e+01 -8.902902e-03 
 2.726971e+01 -8.914014e-03 
 2.727011e+01 -8.924607e-03 
 2.727051e+01 -8.934630e-03 
 2.727090e+01 -8.944028e-03 
 2.727130e+01 -8.952765e-03 
 2.727170e+01 -8.960816e-03 
 2.727210e+01 -8.968232e-03 
 2.727249e+01 -8.975194e-03 
 2.727289e+01 -8.981781e-03 
 2.727329e+01 -8.988110e-03 
 2.727369e+01 -8.994375e-03 
 2.727409e+01 -9.000620e-03 
 2.727448e+01 -9.006848e-03 
 2.727488e+01 -9.013168e-03 
 2.727528e+01 -9.019767e-03 
 2.727568e+01 -9.026692e-03 
 2.727607e+01 -9.033906e-03 
 2.727647e+01 -9.041203e-03 
 2.727687e+01 -9.048425e-03 
 2.727727e+01 -9.055336e-03 
 2.727766e+01 -9.061692e-03 
 2.727806e+01 -9.067138e-03 
 2.727846e+01 -9.071329e-03 
 2.727886e+01 -9.073931e-03 
 2.727926e+01 -9.074655e-03 
 2.727965e+01 -9.073267e-03 
 2.728005e+01 -9.069547e-03 
 2.728045e+01 -9.063386e-03 
 2.728085e+01 -9.054806e-03 
 2.728124e+01 -9.043881e-03 
 2.728164e+01 -9.030836e-03 
 2.728204e+01 -9.015946e-03 
 2.728244e+01 -8.999668e-03 
 2.728283e+01 -8.982396e-03 
 2.728323e+01 -8.964570e-03 
 2.728363e+01 -8.946631e-03 
 2.728403e+01 -8.928890e-03 
 2.728443e+01 -8.911678e-03 
 2.728482e+01 -8.895114e-03 
 2.728522e+01 -8.879345e-03 
 2.728562e+01 -8.864155e-03 
 2.728602e+01 -8.849371e-03 
 2.728641e+01 -8.834815e-03 
 2.728681e+01 -8.820241e-03 
 2.728721e+01 -8.805378e-03 
 2.728761e+01 -8.790082e-03 
 2.728800e+01 -8.774152e-03 
 2.728840e+01 -8.757427e-03 
 2.728880e+01 -8.739793e-03 
 2.728920e+01 -8.721220e-03 
 2.728960e+01 -8.701697e-03 
 2.728999e+01 -8.681345e-03 
 2.729039e+01 -8.660297e-03 
 2.729079e+01 -8.638764e-03 
 2.729119e+01 -8.617060e-03 
 2.729158e+01 -8.595483e-03 
 2.729198e+01 -8.574254e-03 
 2.729238e+01 -8.553726e-03 
 2.729278e+01 -8.534064e-03 
 2.729317e+01 -8.515331e-03 
 2.729357e+01 -8.497554e-03 
 2.729397e+01 -8.480648e-03 
 2.729437e+01 -8.464442e-03 
 2.729477e+01 -8.448834e-03 
 2.729516e+01 -8.433649e-03 
 2.729556e+01 -8.418708e-03 
 2.729596e+01 -8.403729e-03 
 2.729636e+01 -8.388495e-03 
 2.729675e+01 -8.372862e-03 
 2.729715e+01 -8.356866e-03 
 2.729755e+01 -8.340452e-03 
 2.729795e+01 -8.323573e-03 
 2.729834e+01 -8.306298e-03 
 2.729874e+01 -8.288698e-03 
 2.729914e+01 -8.270985e-03 
 2.729954e+01 -8.253521e-03 
 2.729994e+01 -8.236727e-03 
 2.730033e+01 -8.220984e-03 
 2.730073e+01 -8.206681e-03 
 2.730113e+01 -8.194090e-03 
 2.730153e+01 -8.183555e-03 
 2.730192e+01 -8.175216e-03 
 2.730232e+01 -8.169012e-03 
 2.730272e+01 -8.164847e-03 
 2.730312e+01 -8.162537e-03 
 2.730351e+01 -8.161889e-03 
 2.730391e+01 -8.162622e-03 
 2.730431e+01 -8.164379e-03 
 2.730471e+01 -8.166935e-03 
 2.730511e+01 -8.169824e-03 
 2.730550e+01 -8.172933e-03 
 2.730590e+01 -8.175936e-03 
 2.730630e+01 -8.178777e-03 
 2.730670e+01 -8.181403e-03 
 2.730709e+01 -8.183952e-03 
 2.730749e+01 -8.186461e-03 
 2.730789e+01 -8.189187e-03 
 2.730829e+01 -8.192413e-03 
 2.730868e+01 -8.196445e-03 
 2.730908e+01 -8.201499e-03 
 2.730948e+01 -8.207908e-03 
 2.730988e+01 -8.216011e-03 
 2.731028e+01 -8.226058e-03 
 2.731067e+01 -8.238165e-03 
 2.731107e+01 -8.252313e-03 
 2.731147e+01 -8.268418e-03 
 2.731187e+01 -8.286246e-03 
 2.731226e+01 -8.305569e-03 
 2.731266e+01 -8.326022e-03 
 2.731306e+01 -8.347267e-03 
 2.731346e+01 -8.368893e-03 
 2.731386e+01 -8.390466e-03 
 2.731425e+01 -8.411689e-03 
 2.731465e+01 -8.432311e-03 
 2.731505e+01 -8.452197e-03 
 2.731545e+01 -8.471245e-03 
 2.731584e+01 -8.489494e-03 
 2.731624e+01 -8.506962e-03 
 2.731664e+01 -8.523823e-03 
 2.731704e+01 -8.540155e-03 
 2.731743e+01 -8.556191e-03 
 2.731783e+01 -8.571983e-03 
 2.731823e+01 -8.587664e-03 
 2.731863e+01 -8.603368e-03 
 2.731903e+01 -8.619134e-03 
 2.731942e+01 -8.635149e-03 
 2.731982e+01 -8.651364e-03 
 2.732022e+01 -8.667792e-03 
 2.732062e+01 -8.684226e-03 
 2.732101e+01 -8.700356e-03 
 2.732141e+01 -8.715965e-03 
 2.732181e+01 -8.730943e-03 
 2.732221e+01 -8.745167e-03 
 2.732260e+01 -8.758635e-03 
 2.732300e+01 -8.771472e-03 
 2.732340e+01 -8.783803e-03 
 2.732380e+01 -8.795870e-03 
 2.732420e+01 -8.807983e-03 
 2.732459e+01 -8.820409e-03 
 2.732499e+01 -8.833468e-03 
 2.732539e+01 -8.847369e-03 
 2.732579e+01 -8.862413e-03 
 2.732618e+01 -8.878928e-03 
 2.732658e+01 -8.897108e-03 
 2.732698e+01 -8.917227e-03 
 2.732738e+01 -8.939425e-03 
 2.732777e+01 -8.963732e-03 
 2.732817e+01 -8.990263e-03 
 2.732857e+01 -9.018947e-03 
 2.732897e+01 -9.049634e-03 
 2.732937e+01 -9.081939e-03 
 2.732976e+01 -9.115481e-03 
 2.733016e+01 -9.149887e-03 
 2.733056e+01 -9.184747e-03 
 2.733096e+01 -9.219634e-03 
 2.733135e+01 -9.254180e-03 
 2.733175e+01 -9.288108e-03 
 2.733215e+01 -9.321242e-03 
 2.733255e+01 -9.353453e-03 
 2.733294e+01 -9.384556e-03 
 2.733334e+01 -9.414699e-03 
 2.733374e+01 -9.443908e-03 
 2.733414e+01 -9.472391e-03 
 2.733454e+01 -9.500419e-03 
 2.733493e+01 -9.528171e-03 
 2.733533e+01 -9.555901e-03 
 2.733573e+01 -9.583837e-03 
 2.733613e+01 -9.612078e-03 
 2.733652e+01 -9.640792e-03 
 2.733692e+01 -9.670109e-03 
 2.733732e+01 -9.699922e-03 
 2.733772e+01 -9.730184e-03 
 2.733811e+01 -9.760806e-03 
 2.733851e+01 -9.791597e-03 
 2.733891e+01 -9.822437e-03 
 2.733931e+01 -9.853084e-03 
 2.733971e+01 -9.883354e-03 
 2.734010e+01 -9.912989e-03 
 2.734050e+01 -9.941886e-03 
 2.734090e+01 -9.970104e-03 
 2.734130e+01 -9.997740e-03 
 2.734169e+01 -1.002485e-02 
 2.734209e+01 -1.005166e-02 
 2.734249e+01 -1.007827e-02 
 2.734289e+01 -1.010490e-02 
 2.734328e+01 -1.013184e-02 
 2.734368e+01 -1.015936e-02 
 2.734408e+01 -1.018756e-02 
 2.734448e+01 -1.021669e-02 
 2.734488e+01 -1.024689e-02 
 2.734527e+01 -1.027825e-02 
 2.734567e+01 -1.031082e-02 
 2.734607e+01 -1.034444e-02 
 2.734647e+01 -1.037887e-02 
 2.734686e+01 -1.041385e-02 
 2.734726e+01 -1.044903e-02 
 2.734766e+01 -1.048410e-02 
 2.734806e+01 -1.051887e-02 
 2.734845e+01 -1.055318e-02 
 2.734885e+01 -1.058673e-02 
 2.734925e+01 -1.061947e-02 
 2.734965e+01 -1.065134e-02 
 2.735005e+01 -1.068239e-02 
 2.735044e+01 -1.071270e-02 
 2.735084e+01 -1.074248e-02 
 2.735124e+01 -1.077199e-02 
 2.735164e+01 -1.080149e-02 
 2.735203e+01 -1.083129e-02 
 2.735243e+01 -1.086175e-02 
 2.735283e+01 -1.089315e-02 
 2.735323e+01 -1.092570e-02 
 2.735362e+01 -1.095957e-02 
 2.735402e+01 -1.099490e-02 
 2.735442e+01 -1.103160e-02 
 2.735482e+01 -1.106940e-02 
 2.735522e+01 -1.110803e-02 
 2.735561e+01 -1.114721e-02 
 2.735601e+01 -1.118655e-02 
 2.735641e+01 -1.122564e-02 
 2.735681e+01 -1.126415e-02 
 2.735720e+01 -1.130173e-02 
 2.735760e+01 -1.133804e-02 
 2.735800e+01 -1.137273e-02 
 2.735840e+01 -1.140552e-02 
 2.735879e+01 -1.143622e-02 
 2.735919e+01 -1.146474e-02 
 2.735959e+01 -1.149113e-02 
 2.735999e+01 -1.151539e-02 
 2.736039e+01 -1.153787e-02 
 2.736078e+01 -1.155880e-02 
 2.736118e+01 -1.157854e-02 
 2.736158e+01 -1.159740e-02 
 2.736198e+01 -1.161568e-02 
 2.736237e+01 -1.163365e-02 
 2.736277e+01 -1.165153e-02 
 2.736317e+01 -1.166948e-02 
 2.736357e+01 -1.168757e-02 
 2.736396e+01 -1.170565e-02 
 2.736436e+01 -1.172360e-02 
 2.736476e+01 -1.174108e-02 
 2.736516e+01 -1.175789e-02 
 2.736556e+01 -1.177370e-02 
 2.736595e+01 -1.178837e-02 
 2.736635e+01 -1.180179e-02 
 2.736675e+01 -1.181400e-02 
 2.736715e+01 -1.182510e-02 
 2.736754e+01 -1.183525e-02 
 2.736794e+01 -1.184463e-02 
 2.736834e+01 -1.185325e-02 
 2.736874e+01 -1.186120e-02 
 2.736913e+01 -1.186852e-02 
 2.736953e+01 -1.187535e-02 
 2.736993e+01 -1.188183e-02 
 2.737033e+01 -1.188811e-02 
 2.737073e+01 -1.189427e-02 
 2.737112e+01 -1.190017e-02 
 2.737152e+01 -1.190583e-02 
 2.737192e+01 -1.191106e-02 
 2.737232e+01 -1.191557e-02 
 2.737271e+01 -1.191905e-02 
 2.737311e+01 -1.192116e-02 
 2.737351e+01 -1.192157e-02 
 2.737391e+01 -1.191999e-02 
 2.737430e+01 -1.191620e-02 
 2.737470e+01 -1.190998e-02 
 2.737510e+01 -1.190117e-02 
 2.737550e+01 -1.188966e-02 
 2.737590e+01 -1.187551e-02 
 2.737629e+01 -1.185885e-02 
 2.737669e+01 -1.183987e-02 
 2.737709e+01 -1.181890e-02 
 2.737749e+01 -1.179627e-02 
 2.737788e+01 -1.177228e-02 
 2.737828e+01 -1.174740e-02 
 2.737868e+01 -1.172208e-02 
 2.737908e+01 -1.169674e-02 
 2.737947e+01 -1.167189e-02 
 2.737987e+01 -1.164781e-02 
 2.738027e+01 -1.162475e-02 
 2.738067e+01 -1.160269e-02 
 2.738107e+01 -1.158146e-02 
 2.738146e+01 -1.156085e-02 
 2.738186e+01 -1.154046e-02 
 2.738226e+01 -1.151995e-02 
 2.738266e+01 -1.149912e-02 
 2.738305e+01 -1.147775e-02 
 2.738345e+01 -1.145557e-02 
 2.738385e+01 -1.143244e-02 
 2.738425e+01 -1.140831e-02 
 2.738464e+01 -1.138324e-02 
 2.738504e+01 -1.135737e-02 
 2.738544e+01 -1.133084e-02 
 2.738584e+01 -1.130402e-02 
 2.738624e+01 -1.127712e-02 
 2.738663e+01 -1.125036e-02 
 2.738703e+01 -1.122388e-02 
 2.738743e+01 -1.119794e-02 
 2.738783e+01 -1.117258e-02 
 2.738822e+01 -1.114792e-02 
 2.738862e+01 -1.112415e-02 
 2.738902e+01 -1.110124e-02 
 2.738942e+01 -1.107929e-02 
 2.738981e+01 -1.105816e-02 
 2.739021e+01 -1.103765e-02 
 2.739061e+01 -1.101749e-02 
 2.739101e+01 -1.099722e-02 
 2.739141e+01 -1.097648e-02 
 2.739180e+01 -1.095512e-02 
 2.739220e+01 -1.093305e-02 
 2.739260e+01 -1.091028e-02 
 2.739300e+01 -1.088689e-02 
 2.739339e+01 -1.086302e-02 
 2.739379e+01 -1.083889e-02 
 2.739419e+01 -1.081470e-02 
 2.739459e+01 -1.079079e-02 
 2.739498e+01 -1.076744e-02 
 2.739538e+01 -1.074505e-02 
 2.739578e+01 -1.072398e-02 
 2.739618e+01 -1.070456e-02 
 2.739658e+01 -1.068701e-02 
 2.739697e+01 -1.067147e-02 
 2.739737e+01 -1.065792e-02 
 2.739777e+01 -1.064620e-02 
 2.739817e+01 -1.063604e-02 
 2.739856e+01 -1.062714e-02 
 2.739896e+01 -1.061919e-02 
 2.739936e+01 -1.061177e-02 
 2.739976e+01 -1.060445e-02 
 2.740015e+01 -1.059687e-02 
 2.740055e+01 -1.058866e-02 
 2.740095e+01 -1.057962e-02 
 2.740135e+01 -1.056960e-02 
 2.740175e+01 -1.055860e-02 
 2.740214e+01 -1.054663e-02 
 2.740254e+01 -1.053391e-02 
 2.740294e+01 -1.052067e-02 
 2.740334e+01 -1.050713e-02 
 2.740373e+01 -1.049364e-02 
 2.740413e+01 -1.048051e-02 
 2.740453e+01 -1.046817e-02 
 2.740493e+01 -1.045695e-02 
 2.740533e+01 -1.044705e-02 
 2.740572e+01 -1.043881e-02 
 2.740612e+01 -1.043245e-02 
 2.740652e+01 -1.042808e-02 
 2.740692e+01 -1.042564e-02 
 2.740731e+01 -1.042491e-02 
 2.740771e+01 -1.042572e-02 
 2.740811e+01 -1.042802e-02 
 2.740851e+01 -1.043149e-02 
 2.740890e+01 -1.043596e-02 
 2.740930e+01 -1.044130e-02 
 2.740970e+01 -1.044722e-02 
 2.741010e+01 -1.045357e-02 
 2.741050e+01 -1.046021e-02 
 2.741089e+01 -1.046702e-02 
 2.741129e+01 -1.047409e-02 
 2.741169e+01 -1.048164e-02 
 2.741209e+01 -1.048976e-02 
 2.741248e+01 -1.049861e-02 
 2.741288e+01 -1.050832e-02 
 2.741328e+01 -1.051893e-02 
 2.741368e+01 -1.053052e-02 
 2.741407e+01 -1.054300e-02 
 2.741447e+01 -1.055636e-02 
 2.741487e+01 -1.057041e-02 
 2.741527e+01 -1.058495e-02 
 2.741567e+01 -1.059980e-02 
 2.741606e+01 -1.061462e-02 
 2.741646e+01 -1.062909e-02 
 2.741686e+01 -1.064288e-02 
 2.741726e+01 -1.065577e-02 
 2.741765e+01 -1.066782e-02 
 2.741805e+01 -1.067911e-02 
 2.741845e+01 -1.068962e-02 
 2.741885e+01 -1.069939e-02 
 2.741924e+01 -1.070843e-02 
 2.741964e+01 -1.071668e-02 
 2.742004e+01 -1.072422e-02 
 2.742044e+01 -1.073120e-02 
 2.742084e+01 -1.073797e-02 
 2.742123e+01 -1.074475e-02 
 2.742163e+01 -1.075184e-02 
 2.742203e+01 -1.075971e-02 
 2.742243e+01 -1.076857e-02 
 2.742282e+01 -1.077855e-02 
 2.742322e+01 -1.078958e-02 
 2.742362e+01 -1.080177e-02 
 2.742402e+01 -1.081508e-02 
 2.742441e+01 -1.082943e-02 
 2.742481e+01 -1.084474e-02 
 2.742521e+01 -1.086081e-02 
 2.742561e+01 -1.087748e-02 
 2.742601e+01 -1.089435e-02 
 2.742640e+01 -1.091123e-02 
 2.742680e+01 -1.092781e-02 
 2.742720e+01 -1.094376e-02 
 2.742760e+01 -1.095889e-02 
 2.742799e+01 -1.097311e-02 
 2.742839e+01 -1.098635e-02 
 2.742879e+01 -1.099857e-02 
 2.742919e+01 -1.100985e-02 
 2.742958e+01 -1.102051e-02 
 2.742998e+01 -1.103091e-02 
 2.743038e+01 -1.104140e-02 
 2.743078e+01 -1.105236e-02 
 2.743118e+01 -1.106411e-02 
 2.743157e+01 -1.107688e-02 
 2.743197e+01 -1.109070e-02 
 2.743237e+01 -1.110545e-02 
 2.743277e+01 -1.112111e-02 
 2.743316e+01 -1.113742e-02 
 2.743356e+01 -1.115429e-02 
 2.743396e+01 -1.117151e-02 
 2.743436e+01 -1.118893e-02 
 2.743475e+01 -1.120634e-02 
 2.743515e+01 -1.122355e-02 
 2.743555e+01 -1.124059e-02 
 2.743595e+01 -1.125738e-02 
 2.743635e+01 -1.127402e-02 
 2.743674e+01 -1.129069e-02 
 2.743714e+01 -1.130759e-02 
 2.743754e+01 -1.132489e-02 
 2.743794e+01 -1.134284e-02 
 2.743833e+01 -1.136159e-02 
 2.743873e+01 -1.138130e-02 
 2.743913e+01 -1.140217e-02 
 2.743953e+01 -1.142442e-02 
 2.743992e+01 -1.144839e-02 
 2.744032e+01 -1.147423e-02 
 2.744072e+01 -1.150192e-02 
 2.744112e+01 -1.153144e-02 
 2.744152e+01 -1.156238e-02 
 2.744191e+01 -1.159444e-02 
 2.744231e+01 -1.162721e-02 
 2.744271e+01 -1.166038e-02 
 2.744311e+01 -1.169363e-02 
 2.744350e+01 -1.172673e-02 
 2.744390e+01 -1.175963e-02 
 2.744430e+01 -1.179217e-02 
 2.744470e+01 -1.182409e-02 
 2.744509e+01 -1.185518e-02 
 2.744549e+01 -1.188538e-02 
 2.744589e+01 -1.191472e-02 
 2.744629e+01 -1.194334e-02 
 2.744669e+01 -1.197143e-02 
 2.744708e+01 -1.199933e-02 
 2.744748e+01 -1.202739e-02 
 2.744788e+01 -1.205595e-02 
 2.744828e+01 -1.208536e-02 
 2.744867e+01 -1.211582e-02 
 2.744907e+01 -1.214748e-02 
 2.744947e+01 -1.218035e-02 
 2.744987e+01 -1.221448e-02 
 2.745026e+01 -1.224977e-02 
 2.745066e+01 -1.228595e-02 
 2.745106e+01 -1.232267e-02 
 2.745146e+01 -1.235955e-02 
 2.745186e+01 -1.239630e-02 
 2.745225e+01 -1.243249e-02 
 2.745265e+01 -1.246788e-02 
 2.745305e+01 -1.250222e-02 
 2.745345e+01 -1.253525e-02 
 2.745384e+01 -1.256687e-02 
 2.745424e+01 -1.259689e-02 
 2.745464e+01 -1.262524e-02 
 2.745504e+01 -1.265194e-02 
 2.745543e+01 -1.267719e-02 
 2.745583e+01 -1.270134e-02 
 2.745623e+01 -1.272485e-02 
 2.745663e+01 -1.274807e-02 
 2.745703e+01 -1.277148e-02 
 2.745742e+01 -1.279528e-02 
 2.745782e+01 -1.281963e-02 
 2.745822e+01 -1.284454e-02 
 2.745862e+01 -1.286997e-02 
 2.745901e+01 -1.289570e-02 
 2.745941e+01 -1.292158e-02 
 2.745981e+01 -1.294752e-02 
 2.746021e+01 -1.297319e-02 
 2.746060e+01 -1.299829e-02 
 2.746100e+01 -1.302241e-02 
 2.746140e+01 -1.304523e-02 
 2.746180e+01 -1.306658e-02 
 2.746220e+01 -1.308627e-02 
 2.746259e+01 -1.310423e-02 
 2.746299e+01 -1.312045e-02 
 2.746339e+01 -1.313502e-02 
 2.746379e+01 -1.314807e-02 
 2.746418e+01 -1.315993e-02 
 2.746458e+01 -1.317084e-02 
 2.746498e+01 -1.318102e-02 
 2.746538e+01 -1.319075e-02 
 2.746577e+01 -1.320018e-02 
 2.746617e+01 -1.320945e-02 
 2.746657e+01 -1.321843e-02 
 2.746697e+01 -1.322693e-02 
 2.746737e+01 -1.323461e-02 
 2.746776e+01 -1.324107e-02 
 2.746816e+01 -1.324590e-02 
 2.746856e+01 -1.324871e-02 
 2.746896e+01 -1.324923e-02 
 2.746935e+01 -1.324734e-02 
 2.746975e+01 -1.324287e-02 
 2.747015e+01 -1.323570e-02 
 2.747055e+01 -1.322571e-02 
 2.747094e+01 -1.321271e-02 
 2.747134e+01 -1.319670e-02 
 2.747174e+01 -1.317788e-02 
 2.747214e+01 -1.315656e-02 
 2.747254e+01 -1.313319e-02 
 2.747293e+01 -1.310822e-02 
 2.747333e+01 -1.308217e-02 
 2.747373e+01 -1.305545e-02 
 2.747413e+01 -1.302838e-02 
 2.747452e+01 -1.300119e-02 
 2.747492e+01 -1.297414e-02 
 2.747532e+01 -1.294741e-02 
 2.747572e+01 -1.292110e-02 
 2.747611e+01 -1.289525e-02 
 2.747651e+01 -1.286977e-02 
 2.747691e+01 -1.284447e-02 
 2.747731e+01 -1.281909e-02 
 2.747771e+01 -1.279342e-02 
 2.747810e+01 -1.276726e-02 
 2.747850e+01 -1.274049e-02 
 2.747890e+01 -1.271301e-02 
 2.747930e+01 -1.268495e-02 
 2.747969e+01 -1.265631e-02 
 2.748009e+01 -1.262707e-02 
 2.748049e+01 -1.259735e-02 
 2.748089e+01 -1.256721e-02 
 2.748128e+01 -1.253688e-02 
 2.748168e+01 -1.250671e-02 
 2.748208e+01 -1.247696e-02 
 2.748248e+01 -1.244780e-02 
 2.748288e+01 -1.241934e-02 
 2.748327e+01 -1.239158e-02 
 2.748367e+01 -1.236448e-02 
 2.748407e+01 -1.233806e-02 
 2.748447e+01 -1.231218e-02 
 2.748486e+01 -1.228662e-02 
 2.748526e+01 -1.226124e-02 
 2.748566e+01 -1.223578e-02 
 2.748606e+01 -1.220999e-02 
 2.748645e+01 -1.218351e-02 
 2.748685e+01 -1.215599e-02 
 2.748725e+01 -1.212723e-02 
 2.748765e+01 -1.209724e-02 
 2.748805e+01 -1.206599e-02 
 2.748844e+01 -1.203363e-02 
 2.748884e+01 -1.200025e-02 
 2.748924e+01 -1.196603e-02 
 2.748964e+01 -1.193115e-02 
 2.749003e+01 -1.189587e-02 
 2.749043e+01 -1.186061e-02 
 2.749083e+01 -1.182578e-02 
 2.749123e+01 -1.179183e-02 
 2.749162e+01 -1.175921e-02 
 2.749202e+01 -1.172812e-02 
 2.749242e+01 -1.169875e-02 
 2.749282e+01 -1.167098e-02 
 2.749322e+01 -1.164472e-02 
 2.749361e+01 -1.161981e-02 
 2.749401e+01 -1.159607e-02 
 2.749441e+01 -1.157329e-02 
 2.749481e+01 -1.155132e-02 
 2.749520e+01 -1.152997e-02 
 2.749560e+01 -1.150897e-02 
 2.749600e+01 -1.148802e-02 
 2.749640e+01 -1.146691e-02 
 2.749680e+01 -1.144553e-02 
 2.749719e+01 -1.142394e-02 
 2.749759e+01 -1.140225e-02 
 2.749799e+01 -1.138074e-02 
 2.749839e+01 -1.135967e-02 
 2.749878e+01 -1.133933e-02 
 2.749918e+01 -1.132006e-02 
 2.749958e+01 -1.130221e-02 
 2.749998e+01 -1.128609e-02 
 2.750037e+01 -1.127186e-02 
 2.750077e+01 -1.125973e-02 
 2.750117e+01 -1.124990e-02 
 2.750157e+01 -1.124240e-02 
 2.750197e+01 -1.123725e-02 
 2.750236e+01 -1.123421e-02 
 2.750276e+01 -1.123289e-02 
 2.750316e+01 -1.123303e-02 
 2.750356e+01 -1.123433e-02 
 2.750395e+01 -1.123635e-02 
 2.750435e+01 -1.123875e-02 
 2.750475e+01 -1.124111e-02 
 2.750515e+01 -1.124313e-02 
 2.750554e+01 -1.124461e-02 
 2.750594e+01 -1.124552e-02 
 2.750634e+01 -1.124587e-02 
 2.750674e+01 -1.124572e-02 
 2.750714e+01 -1.124522e-02 
 2.750753e+01 -1.124456e-02 
 2.750793e+01 -1.124395e-02 
 2.750833e+01 -1.124353e-02 
 2.750873e+01 -1.124336e-02 
 2.750912e+01 -1.124344e-02 
 2.750952e+01 -1.124377e-02 
 2.750992e+01 -1.124424e-02 
 2.751032e+01 -1.124474e-02 
 2.751071e+01 -1.124521e-02 
 2.751111e+01 -1.124555e-02 
 2.751151e+01 -1.124559e-02 
 2.751191e+01 -1.124519e-02 
 2.751231e+01 -1.124427e-02 
 2.751270e+01 -1.124263e-02 
 2.751310e+01 -1.124018e-02 
 2.751350e+01 -1.123691e-02 
 2.751390e+01 -1.123289e-02 
 2.751429e+01 -1.122809e-02 
 2.751469e+01 -1.122263e-02 
 2.751509e+01 -1.121670e-02 
 2.751549e+01 -1.121064e-02 
 2.751588e+01 -1.120475e-02 
 2.751628e+01 -1.119937e-02 
 2.751668e+01 -1.119490e-02 
 2.751708e+01 -1.119167e-02 
 2.751748e+01 -1.118993e-02 
 2.751787e+01 -1.118982e-02 
 2.751827e+01 -1.119139e-02 
 2.751867e+01 -1.119453e-02 
 2.751907e+01 -1.119920e-02 
 2.751946e+01 -1.120551e-02 
 2.751986e+01 -1.121333e-02 
 2.752026e+01 -1.122240e-02 
 2.752066e+01 -1.123243e-02 
 2.752105e+01 -1.124307e-02 
 2.752145e+01 -1.125386e-02 
 2.752185e+01 -1.126426e-02 
 2.752225e+01 -1.127374e-02 
 2.752265e+01 -1.128197e-02 
 2.752304e+01 -1.128872e-02 
 2.752344e+01 -1.129399e-02 
 2.752384e+01 -1.129796e-02 
 2.752424e+01 -1.130086e-02 
 2.752463e+01 -1.130275e-02 
 2.752503e+01 -1.130400e-02 
 2.752543e+01 -1.130495e-02 
 2.752583e+01 -1.130587e-02 
 2.752622e+01 -1.130701e-02 
 2.752662e+01 -1.130855e-02 
 2.752702e+01 -1.131057e-02 
 2.752742e+01 -1.131328e-02 
 2.752782e+01 -1.131673e-02 
 2.752821e+01 -1.132090e-02 
 2.752861e+01 -1.132575e-02 
 2.752901e+01 -1.133117e-02 
 2.752941e+01 -1.133707e-02 
 2.752980e+01 -1.134349e-02 
 2.753020e+01 -1.135035e-02 
 2.753060e+01 -1.135746e-02 
 2.753100e+01 -1.136485e-02 
 2.753139e+01 -1.137239e-02 
 2.753179e+01 -1.138010e-02 
 2.753219e+01 -1.138808e-02 
 2.753259e+01 -1.139676e-02 
 2.753299e+01 -1.140641e-02 
 2.753338e+01 -1.141760e-02 
 2.753378e+01 -1.143080e-02 
 2.753418e+01 -1.144645e-02 
 2.753458e+01 -1.146472e-02 
 2.753497e+01 -1.148575e-02 
 2.753537e+01 -1.150950e-02 
 2.753577e+01 -1.153595e-02 
 2.753617e+01 -1.156485e-02 
 2.753656e+01 -1.159601e-02 
 2.753696e+01 -1.162916e-02 
 2.753736e+01 -1.166399e-02 
 2.753776e+01 -1.170013e-02 
 2.753816e+01 -1.173706e-02 
 2.753855e+01 -1.177440e-02 
 2.753895e+01 -1.181184e-02 
 2.753935e+01 -1.184905e-02 
 2.753975e+01 -1.188589e-02 
 2.754014e+01 -1.192220e-02 
 2.754054e+01 -1.195785e-02 
 2.754094e+01 -1.199277e-02 
 2.754134e+01 -1.202714e-02 
 2.754173e+01 -1.206115e-02 
 2.754213e+01 -1.209509e-02 
 2.754253e+01 -1.212928e-02 
 2.754293e+01 -1.216412e-02 
 2.754333e+01 -1.219980e-02 
 2.754372e+01 -1.223647e-02 
 2.754412e+01 -1.227406e-02 
 2.754452e+01 -1.231242e-02 
 2.754492e+01 -1.235141e-02 
 2.754531e+01 -1.239091e-02 
 2.754571e+01 -1.243071e-02 
 2.754611e+01 -1.247072e-02 
 2.754651e+01 -1.251055e-02 
 2.754690e+01 -1.254983e-02 
 2.754730e+01 -1.258832e-02 
 2.754770e+01 -1.262569e-02 
 2.754810e+01 -1.266159e-02 
 2.754850e+01 -1.269587e-02 
 2.754889e+01 -1.272837e-02 
 2.754929e+01 -1.275910e-02 
 2.754969e+01 -1.278816e-02 
 2.755009e+01 -1.281556e-02 
 2.755048e+01 -1.284151e-02 
 2.755088e+01 -1.286623e-02 
 2.755128e+01 -1.289009e-02 
 2.755168e+01 -1.291358e-02 
 2.755207e+01 -1.293703e-02 
 2.755247e+01 -1.296081e-02 
 2.755287e+01 -1.298520e-02 
 2.755327e+01 -1.301050e-02 
 2.755367e+01 -1.303676e-02 
 2.755406e+01 -1.306395e-02 
 2.755446e+01 -1.309182e-02 
 2.755486e+01 -1.312032e-02 
 2.755526e+01 -1.314910e-02 
 2.755565e+01 -1.317790e-02 
 2.755605e+01 -1.320650e-02 
 2.755645e+01 -1.323453e-02 
 2.755685e+01 -1.326171e-02 
 2.755724e+01 -1.328798e-02 
 2.755764e+01 -1.331331e-02 
 2.755804e+01 -1.333777e-02 
 2.755844e+01 -1.336131e-02 
 2.755884e+01 -1.338419e-02 
 2.755923e+01 -1.340675e-02 
 2.755963e+01 -1.342917e-02 
 2.756003e+01 -1.345168e-02 
 2.756043e+01 -1.347444e-02 
 2.756082e+01 -1.349753e-02 
 2.756122e+01 -1.352093e-02 
 2.756162e+01 -1.354460e-02 
 2.756202e+01 -1.356836e-02 
 2.756241e+01 -1.359186e-02 
 2.756281e+01 -1.361474e-02 
 2.756321e+01 -1.363658e-02 
 2.756361e+01 -1.365696e-02 
 2.756401e+01 -1.367530e-02 
 2.756440e+01 -1.369113e-02 
 2.756480e+01 -1.370417e-02 
 2.756520e+01 -1.371416e-02 
 2.756560e+01 -1.372092e-02 
 2.756599e+01 -1.372438e-02 
 2.756639e+01 -1.372444e-02 
 2.756679e+01 -1.372113e-02 
 2.756719e+01 -1.371474e-02 
 2.756758e+01 -1.370561e-02 
 2.756798e+01 -1.369408e-02 
 2.756838e+01 -1.368057e-02 
 2.756878e+01 -1.366542e-02 
 2.756918e+01 -1.364902e-02 
 2.756957e+01 -1.363159e-02 
 2.756997e+01 -1.361337e-02 
 2.757037e+01 -1.359449e-02 
 2.757077e+01 -1.357510e-02 
 2.757116e+01 -1.355529e-02 
 2.757156e+01 -1.353529e-02 
 2.757196e+01 -1.351510e-02 
 2.757236e+01 -1.349472e-02 
 2.757275e+01 -1.347396e-02 
 2.757315e+01 -1.345268e-02 
 2.757355e+01 -1.343071e-02 
 2.757395e+01 -1.340794e-02 
 2.757435e+01 -1.338441e-02 
 2.757474e+01 -1.336019e-02 
 2.757514e+01 -1.333544e-02 
 2.757554e+01 -1.331029e-02 
 2.757594e+01 -1.328497e-02 
 2.757633e+01 -1.325970e-02 
 2.757673e+01 -1.323469e-02 
 2.757713e+01 -1.321008e-02 
 2.757753e+01 -1.318595e-02 
 2.757792e+01 -1.316239e-02 
 2.757832e+01 -1.313937e-02 
 2.757872e+01 -1.311679e-02 
 2.757912e+01 -1.309460e-02 
 2.757952e+01 -1.307263e-02 
 2.757991e+01 -1.305069e-02 
 2.758031e+01 -1.302862e-02 
 2.758071e+01 -1.300625e-02 
 2.758111e+01 -1.298345e-02 
 2.758150e+01 -1.296006e-02 
 2.758190e+01 -1.293573e-02 
 2.758230e+01 -1.291023e-02 
 2.758270e+01 -1.288324e-02 
 2.758309e+01 -1.285455e-02 
 2.758349e+01 -1.282410e-02 
 2.758389e+01 -1.279191e-02 
 2.758429e+01 -1.275809e-02 
 2.758469e+01 -1.272294e-02 
 2.758508e+01 -1.268689e-02 
 2.758548e+01 -1.265036e-02 
 2.758588e+01 -1.261374e-02 
 2.758628e+01 -1.257747e-02 
 2.758667e+01 -1.254186e-02 
 2.758707e+01 -1.250728e-02 
 2.758747e+01 -1.247397e-02 
 2.758787e+01 -1.244214e-02 
 2.758827e+01 -1.241184e-02 
 2.758866e+01 -1.238310e-02 
 2.758906e+01 -1.235579e-02 
 2.758946e+01 -1.232964e-02 
 2.758986e+01 -1.230441e-02 
 2.759025e+01 -1.227970e-02 
 2.759065e+01 -1.225519e-02 
 2.759105e+01 -1.223063e-02 
 2.759145e+01 -1.220582e-02 
 2.759184e+01 -1.218065e-02 
 2.759224e+01 -1.215510e-02 
 2.759264e+01 -1.212931e-02 
 2.759304e+01 -1.210341e-02 
 2.759344e+01 -1.207772e-02 
 2.759383e+01 -1.205251e-02 
 2.759423e+01 -1.202813e-02 
 2.759463e+01 -1.200486e-02 
 2.759503e+01 -1.198311e-02 
 2.759542e+01 -1.196307e-02 
 2.759582e+01 -1.194491e-02 
 2.759622e+01 -1.192878e-02 
 2.759662e+01 -1.191482e-02 
 2.759701e+01 -1.190289e-02 
 2.759741e+01 -1.189276e-02 
 2.759781e+01 -1.188419e-02 
 2.759821e+01 -1.187680e-02 
 2.759861e+01 -1.187018e-02 
 2.759900e+01 -1.186393e-02 
 2.759940e+01 -1.185761e-02 
 2.759980e+01 -1.185096e-02 
 2.760020e+01 -1.184369e-02 
 2.760059e+01 -1.183558e-02 
 2.760099e+01 -1.182661e-02 
 2.760139e+01 -1.181673e-02 
 2.760179e+01 -1.180581e-02 
 2.760218e+01 -1.179393e-02 
 2.760258e+01 -1.178125e-02 
 2.760298e+01 -1.176793e-02 
 2.760338e+01 -1.175431e-02 
 2.760378e+01 -1.174061e-02 
 2.760417e+01 -1.172703e-02 
 2.760457e+01 -1.171370e-02 
 2.760497e+01 -1.170071e-02 
 2.760537e+01 -1.168807e-02 
 2.760576e+01 -1.167572e-02 
 2.760616e+01 -1.166342e-02 
 2.760656e+01 -1.165087e-02 
 2.760696e+01 -1.163796e-02 
 2.760735e+01 -1.162448e-02 
 2.760775e+01 -1.161015e-02 
 2.760815e+01 -1.159475e-02 
 2.760855e+01 -1.157812e-02 
 2.760895e+01 -1.156030e-02 
 2.760934e+01 -1.154141e-02 
 2.760974e+01 -1.152166e-02 
 2.761014e+01 -1.150128e-02 
 2.761054e+01 -1.148053e-02 
 2.761093e+01 -1.145976e-02 
 2.761133e+01 -1.143935e-02 
 2.761173e+01 -1.141965e-02 
 2.761213e+01 -1.140095e-02 
 2.761252e+01 -1.138358e-02 
 2.761292e+01 -1.136792e-02 
 2.761332e+01 -1.135424e-02 
 2.761372e+01 -1.134273e-02 
 2.761412e+01 -1.133358e-02 
 2.761451e+01 -1.132663e-02 
 2.761491e+01 -1.132169e-02 
 2.761531e+01 -1.131847e-02 
 2.761571e+01 -1.131654e-02 
 2.761610e+01 -1.131552e-02 
 2.761650e+01 -1.131488e-02 
 2.761690e+01 -1.131431e-02 
 2.761730e+01 -1.131356e-02 
 2.761769e+01 -1.131229e-02 
 2.761809e+01 -1.131037e-02 
 2.761849e+01 -1.130777e-02 
 2.761889e+01 -1.130441e-02 
 2.761929e+01 -1.130039e-02 
 2.761968e+01 -1.129586e-02 
 2.762008e+01 -1.129106e-02 
 2.762048e+01 -1.128621e-02 
 2.762088e+01 -1.128153e-02 
 2.762127e+01 -1.127720e-02 
 2.762167e+01 -1.127337e-02 
 2.762207e+01 -1.127020e-02 
 2.762247e+01 -1.126784e-02 
 2.762286e+01 -1.126640e-02 
 2.762326e+01 -1.126596e-02 
 2.762366e+01 -1.126634e-02 
 2.762406e+01 -1.126727e-02 
 2.762446e+01 -1.126849e-02 
 2.762485e+01 -1.126970e-02 
 2.762525e+01 -1.127058e-02 
 2.762565e+01 -1.127098e-02 
 2.762605e+01 -1.127083e-02 
 2.762644e+01 -1.127027e-02 
 2.762684e+01 -1.126943e-02 
 2.762724e+01 -1.126870e-02 
 2.762764e+01 -1.126839e-02 
 2.762803e+01 -1.126887e-02 
 2.762843e+01 -1.127051e-02 
 2.762883e+01 -1.127366e-02 
 2.762923e+01 -1.127870e-02 
 2.762963e+01 -1.128581e-02 
 2.763002e+01 -1.129507e-02 
 2.763042e+01 -1.130656e-02 
 2.763082e+01 -1.132016e-02 
 2.763122e+01 -1.133579e-02 
 2.763161e+01 -1.135321e-02 
 2.763201e+01 -1.137215e-02 
 2.763241e+01 -1.139224e-02 
 2.763281e+01 -1.141314e-02 
 2.763320e+01 -1.143443e-02 
 2.763360e+01 -1.145561e-02 
 2.763400e+01 -1.147622e-02 
 2.763440e+01 -1.149597e-02 
 2.763480e+01 -1.151476e-02 
 2.763519e+01 -1.153252e-02 
 2.763559e+01 -1.154942e-02 
 2.763599e+01 -1.156575e-02 
 2.763639e+01 -1.158176e-02 
 2.763678e+01 -1.159779e-02 
 2.763718e+01 -1.161423e-02 
 2.763758e+01 -1.163131e-02 
 2.763798e+01 -1.164923e-02 
 2.763837e+01 -1.166820e-02 
 2.763877e+01 -1.168842e-02 
 2.763917e+01 -1.171003e-02 
 2.763957e+01 -1.173317e-02 
 2.763997e+01 -1.175791e-02 
 2.764036e+01 -1.178430e-02 
 2.764076e+01 -1.181218e-02 
 2.764116e+01 -1.184137e-02 
 2.764156e+01 -1.187161e-02 
 2.764195e+01 -1.190266e-02 
 2.764235e+01 -1.193426e-02 
 2.764275e+01 -1.196603e-02 
 2.764315e+01 -1.199773e-02 
 2.764354e+01 -1.202908e-02 
 2.764394e+01 -1.205987e-02 
 2.764434e+01 -1.209007e-02 
 2.764474e+01 -1.211977e-02 
 2.764514e+01 -1.214906e-02 
 2.764553e+01 -1.217803e-02 
 2.764593e+01 -1.220688e-02 
 2.764633e+01 -1.223585e-02 
 2.764673e+01 -1.226503e-02 
 2.764712e+01 -1.229457e-02 
 2.764752e+01 -1.232447e-02 
 2.764792e+01 -1.235477e-02 
 2.764832e+01 -1.238545e-02 
 2.764871e+01 -1.241645e-02 
 2.764911e+01 -1.244776e-02 
 2.764951e+01 -1.247923e-02 
 2.764991e+01 -1.251057e-02 
 2.765031e+01 -1.254140e-02 
 2.765070e+01 -1.257143e-02 
 2.765110e+01 -1.260044e-02 
 2.765150e+01 -1.262821e-02 
 2.765190e+01 -1.265448e-02 
 2.765229e+01 -1.267899e-02 
 2.765269e+01 -1.270171e-02 
 2.765309e+01 -1.272257e-02 
 2.765349e+01 -1.274162e-02 
 2.765388e+01 -1.275891e-02 
 2.765428e+01 -1.277466e-02 
 2.765468e+01 -1.278927e-02 
 2.765508e+01 -1.280308e-02 
 2.765548e+01 -1.281649e-02 
 2.765587e+01 -1.282971e-02 
 2.765627e+01 -1.284290e-02 
 2.765667e+01 -1.285599e-02 
 2.765707e+01 -1.286893e-02 
 2.765746e+01 -1.288169e-02 
 2.765786e+01 -1.289409e-02 
 2.765826e+01 -1.290598e-02 
 2.765866e+01 -1.291713e-02 
 2.765905e+01 -1.292730e-02 
 2.765945e+01 -1.293621e-02 
 2.765985e+01 -1.294350e-02 
 2.766025e+01 -1.294895e-02 
 2.766065e+01 -1.295248e-02 
 2.766104e+01 -1.295405e-02 
 2.766144e+01 -1.295368e-02 
 2.766184e+01 -1.295156e-02 
 2.766224e+01 -1.294781e-02 
 2.766263e+01 -1.294249e-02 
 2.766303e+01 -1.293579e-02 
 2.766343e+01 -1.292779e-02 
 2.766383e+01 -1.291876e-02 
 2.766422e+01 -1.290894e-02 
 2.766462e+01 -1.289868e-02 
 2.766502e+01 -1.288823e-02 
 2.766542e+01 -1.287782e-02 
 2.766582e+01 -1.286753e-02 
 2.766621e+01 -1.285733e-02 
 2.766661e+01 -1.284719e-02 
 2.766701e+01 -1.283692e-02 
 2.766741e+01 -1.282626e-02 
 2.766780e+01 -1.281497e-02 
 2.766820e+01 -1.280288e-02 
 2.766860e+01 -1.278985e-02 
 2.766900e+01 -1.277575e-02 
 2.766939e+01 -1.276048e-02 
 2.766979e+01 -1.274393e-02 
 2.767019e+01 -1.272593e-02 
 2.767059e+01 -1.270645e-02 
 2.767099e+01 -1.268557e-02 
 2.767138e+01 -1.266339e-02 
 2.767178e+01 -1.264002e-02 
 2.767218e+01 -1.261562e-02 
 2.767258e+01 -1.259039e-02 
 2.767297e+01 -1.256455e-02 
 2.767337e+01 -1.253831e-02 
 2.767377e+01 -1.251180e-02 
 2.767417e+01 -1.248508e-02 
 2.767456e+01 -1.245830e-02 
 2.767496e+01 -1.243146e-02 
 2.767536e+01 -1.240445e-02 
 2.767576e+01 -1.237708e-02 
 2.767616e+01 -1.234908e-02 
 2.767655e+01 -1.232013e-02 
 2.767695e+01 -1.229006e-02 
 2.767735e+01 -1.225864e-02 
 2.767775e+01 -1.222576e-02 
 2.767814e+01 -1.219146e-02 
 2.767854e+01 -1.215590e-02 
 2.767894e+01 -1.211921e-02 
 2.767934e+01 -1.208171e-02 
 2.767974e+01 -1.204369e-02 
 2.768013e+01 -1.200534e-02 
 2.768053e+01 -1.196710e-02 
 2.768093e+01 -1.192938e-02 
 2.768133e+01 -1.189260e-02 
 2.768172e+01 -1.185717e-02 
 2.768212e+01 -1.182338e-02 
 2.768252e+01 -1.179161e-02 
 2.768292e+01 -1.176203e-02 
 2.768331e+01 -1.173476e-02 
 2.768371e+01 -1.170974e-02 
 2.768411e+01 -1.168677e-02 
 2.768451e+01 -1.166548e-02 
 2.768491e+01 -1.164531e-02 
 2.768530e+01 -1.162573e-02 
 2.768570e+01 -1.160623e-02 
 2.768610e+01 -1.158638e-02 
 2.768650e+01 -1.156582e-02 
 2.768689e+01 -1.154444e-02 
 2.768729e+01 -1.152213e-02 
 2.768769e+01 -1.149878e-02 
 2.768809e+01 -1.147444e-02 
 2.768848e+01 -1.144919e-02 
 2.768888e+01 -1.142322e-02 
 2.768928e+01 -1.139672e-02 
 2.768968e+01 -1.136995e-02 
 2.769008e+01 -1.134318e-02 
 2.769047e+01 -1.131670e-02 
 2.769087e+01 -1.129081e-02 
 2.769127e+01 -1.126558e-02 
 2.769167e+01 -1.124108e-02 
 2.769206e+01 -1.121722e-02 
 2.769246e+01 -1.119385e-02 
 2.769286e+01 -1.117088e-02 
 2.769326e+01 -1.114819e-02 
 2.769365e+01 -1.112552e-02 
 2.769405e+01 -1.110259e-02 
 2.769445e+01 -1.107916e-02 
 2.769485e+01 -1.105511e-02 
 2.769525e+01 -1.103027e-02 
 2.769564e+01 -1.100456e-02 
 2.769604e+01 -1.097792e-02 
 2.769644e+01 -1.095041e-02 
 2.769684e+01 -1.092225e-02 
 2.769723e+01 -1.089373e-02 
 2.769763e+01 -1.086518e-02 
 2.769803e+01 -1.083690e-02 
 2.769843e+01 -1.080922e-02 
 2.769882e+01 -1.078246e-02 
 2.769922e+01 -1.075685e-02 
 2.769962e+01 -1.073265e-02 
 2.770002e+01 -1.070996e-02 
 2.770042e+01 -1.068883e-02 
 2.770081e+01 -1.066916e-02 
 2.770121e+01 -1.065074e-02 
 2.770161e+01 -1.063330e-02 
 2.770201e+01 -1.061647e-02 
 2.770240e+01 -1.059987e-02 
 2.770280e+01 -1.058320e-02 
 2.770320e+01 -1.056612e-02 
 2.770360e+01 -1.054839e-02 
 2.770399e+01 -1.052982e-02 
 2.770439e+01 -1.051026e-02 
 2.770479e+01 -1.048965e-02 
 2.770519e+01 -1.046801e-02 
 2.770559e+01 -1.044539e-02 
 2.770598e+01 -1.042200e-02 
 2.770638e+01 -1.039808e-02 
 2.770678e+01 -1.037398e-02 
 2.770718e+01 -1.035006e-02 
 2.770757e+01 -1.032668e-02 
 2.770797e+01 -1.030419e-02 
 2.770837e+01 -1.028271e-02 
 2.770877e+01 -1.026239e-02 
 2.770916e+01 -1.024333e-02 
 2.770956e+01 -1.022545e-02 
 2.770996e+01 -1.020867e-02 
 2.771036e+01 -1.019277e-02 
 2.771076e+01 -1.017761e-02 
 2.771115e+01 -1.016290e-02 
 2.771155e+01 -1.014839e-02 
 2.771195e+01 -1.013383e-02 
 2.771235e+01 -1.011904e-02 
 2.771274e+01 -1.010392e-02 
 2.771314e+01 -1.008840e-02 
 2.771354e+01 -1.007230e-02 
 2.771394e+01 -1.005576e-02 
 2.771433e+01 -1.003886e-02 
 2.771473e+01 -1.002202e-02 
 2.771513e+01 -1.000573e-02 
 2.771553e+01 -9.990326e-03 
 2.771593e+01 -9.976325e-03 
 2.771632e+01 -9.963930e-03 
 2.771672e+01 -9.953355e-03 
 2.771712e+01 -9.944817e-03 
 2.771752e+01 -9.938235e-03 
 2.771791e+01 -9.933534e-03 
 2.771831e+01 -9.930325e-03 
 2.771871e+01 -9.928433e-03 
 2.771911e+01 -9.927531e-03 
 2.771950e+01 -9.927273e-03 
 2.771990e+01 -9.927377e-03 
 2.772030e+01 -9.927680e-03 
 2.772070e+01 -9.927903e-03 
 2.772110e+01 -9.927969e-03 
 2.772149e+01 -9.927925e-03 
 2.772189e+01 -9.927905e-03 
 2.772229e+01 -9.928001e-03 
 2.772269e+01 -9.928403e-03 
 2.772308e+01 -9.929317e-03 
 2.772348e+01 -9.930929e-03 
 2.772388e+01 -9.933390e-03 
 2.772428e+01 -9.936959e-03 
 2.772467e+01 -9.941886e-03 
 2.772507e+01 -9.948329e-03 
 2.772547e+01 -9.956356e-03 
 2.772587e+01 -9.966007e-03 
 2.772627e+01 -9.977200e-03 
 2.772666e+01 -9.989707e-03 
 2.772706e+01 -1.000322e-02 
 2.772746e+01 -1.001743e-02 
 2.772786e+01 -1.003201e-02 
 2.772825e+01 -1.004671e-02 
 2.772865e+01 -1.006124e-02 
 2.772905e+01 -1.007544e-02 
 2.772945e+01 -1.008925e-02 
 2.772984e+01 -1.010254e-02 
 2.773024e+01 -1.011530e-02 
 2.773064e+01 -1.012760e-02 
 2.773104e+01 -1.013956e-02 
 2.773144e+01 -1.015135e-02 
 2.773183e+01 -1.016305e-02 
 2.773223e+01 -1.017501e-02 
 2.773263e+01 -1.018743e-02 
 2.773303e+01 -1.020058e-02 
 2.773342e+01 -1.021490e-02 
 2.773382e+01 -1.023066e-02 
 2.773422e+01 -1.024814e-02 
 2.773462e+01 -1.026758e-02 
 2.773501e+01 -1.028913e-02 
 2.773541e+01 -1.031274e-02 
 2.773581e+01 -1.033825e-02 
 2.773621e+01 -1.036533e-02 
 2.773661e+01 -1.039369e-02 
 2.773700e+01 -1.042301e-02 
 2.773740e+01 -1.045301e-02 
 2.773780e+01 -1.048343e-02 
 2.773820e+01 -1.051404e-02 
 2.773859e+01 -1.054464e-02 
 2.773899e+01 -1.057520e-02 
 2.773939e+01 -1.060555e-02 
 2.773979e+01 -1.063554e-02 
 2.774018e+01 -1.066509e-02 
 2.774058e+01 -1.069408e-02 
 2.774098e+01 -1.072266e-02 
 2.774138e+01 -1.075094e-02 
 2.774178e+01 -1.077923e-02 
 2.774217e+01 -1.080775e-02 
 2.774257e+01 -1.083664e-02 
 2.774297e+01 -1.086601e-02 
 2.774337e+01 -1.089589e-02 
 2.774376e+01 -1.092623e-02 
 2.774416e+01 -1.095687e-02 
 2.774456e+01 -1.098758e-02 
 2.774496e+01 -1.101818e-02 
 2.774535e+01 -1.104833e-02 
 2.774575e+01 -1.107776e-02 
 2.774615e+01 -1.110614e-02 
 2.774655e+01 -1.113325e-02 
 2.774695e+01 -1.115891e-02 
 2.774734e+01 -1.118288e-02 
 2.774774e+01 -1.120501e-02 
 2.774814e+01 -1.122538e-02 
 2.774854e+01 -1.124406e-02 
 2.774893e+01 -1.126113e-02 
 2.774933e+01 -1.127680e-02 
 2.774973e+01 -1.129121e-02 
 2.775013e+01 -1.130465e-02 
 2.775052e+01 -1.131741e-02 
 2.775092e+01 -1.132976e-02 
 2.775132e+01 -1.134203e-02 
 2.775172e+01 -1.135436e-02 
 2.775212e+01 -1.136689e-02 
 2.775251e+01 -1.137962e-02 
 2.775291e+01 -1.139244e-02 
 2.775331e+01 -1.140510e-02 
 2.775371e+01 -1.141726e-02 
 2.775410e+01 -1.142859e-02 
 2.775450e+01 -1.143888e-02 
 2.775490e+01 -1.144796e-02 
 2.775530e+01 -1.145574e-02 
 2.775569e+01 -1.146208e-02 
 2.775609e+01 -1.146686e-02 
 2.775649e+01 -1.147003e-02 
 2.775689e+01 -1.147159e-02 
 2.775729e+01 -1.147149e-02 
 2.775768e+01 -1.146984e-02 
 2.775808e+01 -1.146682e-02 
 2.775848e+01 -1.146271e-02 
 2.775888e+01 -1.145777e-02 
 2.775927e+01 -1.145234e-02 
 2.775967e+01 -1.144673e-02 
 2.776007e+01 -1.144104e-02 
 2.776047e+01 -1.143543e-02 
 2.776086e+01 -1.142998e-02 
 2.776126e+01 -1.142463e-02 
 2.776166e+01 -1.141929e-02 
 2.776206e+01 -1.141380e-02 
 2.776246e+01 -1.140802e-02 
 2.776285e+01 -1.140180e-02 
 2.776325e+01 -1.139501e-02 
 2.776365e+01 -1.138755e-02 
 2.776405e+01 -1.137930e-02 
 2.776444e+01 -1.137002e-02 
 2.776484e+01 -1.135950e-02 
 2.776524e+01 -1.134758e-02 
 2.776564e+01 -1.133418e-02 
 2.776603e+01 -1.131932e-02 
 2.776643e+01 -1.130315e-02 
 2.776683e+01 -1.128592e-02 
 2.776723e+01 -1.126808e-02 
 2.776763e+01 -1.124992e-02 
 2.776802e+01 -1.123180e-02 
 2.776842e+01 -1.121403e-02 
 2.776882e+01 -1.119676e-02 
 2.776922e+01 -1.118009e-02 
 2.776961e+01 -1.116399e-02 
 2.777001e+01 -1.114842e-02 
 2.777041e+01 -1.113322e-02 
 2.777081e+01 -1.111817e-02 
 2.777121e+01 -1.110303e-02 
 2.777160e+01 -1.108754e-02 
 2.777200e+01 -1.107150e-02 
 2.777240e+01 -1.105473e-02 
 2.777280e+01 -1.103707e-02 
 2.777319e+01 -1.101827e-02 
 2.777359e+01 -1.099827e-02 
 2.777399e+01 -1.097690e-02 
 2.777439e+01 -1.095416e-02 
 2.777478e+01 -1.093013e-02 
 2.777518e+01 -1.090495e-02 
 2.777558e+01 -1.087885e-02 
 2.777598e+01 -1.085218e-02 
 2.777638e+01 -1.082541e-02 
 2.777677e+01 -1.079890e-02 
 2.777717e+01 -1.077298e-02 
 2.777757e+01 -1.074787e-02 
 2.777797e+01 -1.072354e-02 
 2.777836e+01 -1.069996e-02 
 2.777876e+01 -1.067700e-02 
 2.777916e+01 -1.065443e-02 
 2.777956e+01 -1.063178e-02 
 2.777995e+01 -1.060860e-02 
 2.778035e+01 -1.058448e-02 
 2.778075e+01 -1.055919e-02 
 2.778115e+01 -1.053245e-02 
 2.778155e+01 -1.050404e-02 
 2.778194e+01 -1.047374e-02 
 2.778234e+01 -1.044125e-02 
 2.778274e+01 -1.040669e-02 
 2.778314e+01 -1.037008e-02 
 2.778353e+01 -1.033157e-02 
 2.778393e+01 -1.029139e-02 
 2.778433e+01 -1.024987e-02 
 2.778473e+01 -1.020765e-02 
 2.778512e+01 -1.016522e-02 
 2.778552e+01 -1.012308e-02 
 2.778592e+01 -1.008155e-02 
 2.778632e+01 -1.004084e-02 
 2.778672e+01 -1.000099e-02 
 2.778711e+01 -9.962053e-03 
 2.778751e+01 -9.923956e-03 
 2.778791e+01 -9.886569e-03 
 2.778831e+01 -9.849703e-03 
 2.778870e+01 -9.813241e-03 
 2.778910e+01 -9.776943e-03 
 2.778950e+01 -9.740670e-03 
 2.778990e+01 -9.704301e-03 
 2.779029e+01 -9.667728e-03 
 2.779069e+01 -9.630899e-03 
 2.779109e+01 -9.593806e-03 
 2.779149e+01 -9.556571e-03 
 2.779189e+01 -9.519300e-03 
 2.779228e+01 -9.482206e-03 
 2.779268e+01 -9.445482e-03 
 2.779308e+01 -9.409296e-03 
 2.779348e+01 -9.373853e-03 
 2.779387e+01 -9.339414e-03 
 2.779427e+01 -9.306149e-03 
 2.779467e+01 -9.274157e-03 
 2.779507e+01 -9.243548e-03 
 2.779546e+01 -9.214282e-03 
 2.779586e+01 -9.186257e-03 
 2.779626e+01 -9.159283e-03 
 2.779666e+01 -9.133115e-03 
 2.779706e+01 -9.107485e-03 
 2.779745e+01 -9.082082e-03 
 2.779785e+01 -9.056589e-03 
 2.779825e+01 -9.030692e-03 
 2.779865e+01 -9.004118e-03 
 2.779904e+01 -8.976665e-03 
 2.779944e+01 -8.948148e-03 
 2.779984e+01 -8.918446e-03 
 2.780024e+01 -8.887592e-03 
 2.780063e+01 -8.855784e-03 
 2.780103e+01 -8.823148e-03 
 2.780143e+01 -8.789956e-03 
 2.780183e+01 -8.756386e-03 
 2.780223e+01 -8.722752e-03 
 2.780262e+01 -8.689463e-03 
 2.780302e+01 -8.656830e-03 
 2.780342e+01 -8.625078e-03 
 2.780382e+01 -8.594324e-03 
 2.780421e+01 -8.564635e-03 
 2.780461e+01 -8.536025e-03 
 2.780501e+01 -8.508380e-03 
 2.780541e+01 -8.481586e-03 
 2.780580e+01 -8.455347e-03 
 2.780620e+01 -8.429492e-03 
 2.780660e+01 -8.403765e-03 
 2.780700e+01 -8.377928e-03 
 2.780740e+01 -8.351800e-03 
 2.780779e+01 -8.325127e-03 
 2.780819e+01 -8.297686e-03 
 2.780859e+01 -8.269321e-03 
 2.780899e+01 -8.240111e-03 
 2.780938e+01 -8.210297e-03 
 2.780978e+01 -8.180207e-03 
 2.781018e+01 -8.150252e-03 
 2.781058e+01 -8.120845e-03 
 2.781097e+01 -8.092290e-03 
 2.781137e+01 -8.064885e-03 
 2.781177e+01 -8.038853e-03 
 2.781217e+01 -8.014235e-03 
 2.781257e+01 -7.990975e-03 
 2.781296e+01 -7.969014e-03 
 2.781336e+01 -7.948265e-03 
 2.781376e+01 -7.928684e-03 
 2.781416e+01 -7.910092e-03 
 2.781455e+01 -7.892364e-03 
 2.781495e+01 -7.875267e-03 
 2.781535e+01 -7.858560e-03 
 2.781575e+01 -7.842099e-03 
 2.781614e+01 -7.825741e-03 
 2.781654e+01 -7.809335e-03 
 2.781694e+01 -7.792784e-03 
 2.781734e+01 -7.776051e-03 
 2.781774e+01 -7.759192e-03 
 2.781813e+01 -7.742397e-03 
 2.781853e+01 -7.725981e-03 
 2.781893e+01 -7.710490e-03 
 2.781933e+01 -7.696337e-03 
 2.781972e+01 -7.683866e-03 
 2.782012e+01 -7.673242e-03 
 2.782052e+01 -7.664544e-03 
 2.782092e+01 -7.657636e-03 
 2.782131e+01 -7.652350e-03 
 2.782171e+01 -7.648491e-03 
 2.782211e+01 -7.645928e-03 
 2.782251e+01 -7.644692e-03 
 2.782291e+01 -7.644690e-03 
 2.782330e+01 -7.645768e-03 
 2.782370e+01 -7.647757e-03 
 2.782410e+01 -7.650525e-03 
 2.782450e+01 -7.653941e-03 
 2.782489e+01 -7.657862e-03 
 2.782529e+01 -7.662141e-03 
 2.782569e+01 -7.666604e-03 
 2.782609e+01 -7.671198e-03 
 2.782648e+01 -7.676020e-03 
 2.782688e+01 -7.681235e-03 
 2.782728e+01 -7.687124e-03 
 2.782768e+01 -7.694012e-03 
 2.782808e+01 -7.702267e-03 
 2.782847e+01 -7.712286e-03 
 2.782887e+01 -7.724323e-03 
 2.782927e+01 -7.738494e-03 
 2.782967e+01 -7.754789e-03 
 2.783006e+01 -7.772998e-03 
 2.783046e+01 -7.792941e-03 
 2.783086e+01 -7.814509e-03 
 2.783126e+01 -7.837503e-03 
 2.783165e+01 -7.861805e-03 
 2.783205e+01 -7.887264e-03 
 2.783245e+01 -7.913755e-03 
 2.783285e+01 -7.940888e-03 
 2.783325e+01 -7.968337e-03 
 2.783364e+01 -7.995671e-03 
 2.783404e+01 -8.022482e-03 
 2.783444e+01 -8.048440e-03 
 2.783484e+01 -8.073183e-03 
 2.783523e+01 -8.096680e-03 
 2.783563e+01 -8.118906e-03 
 2.783603e+01 -8.140124e-03 
 2.783643e+01 -8.160709e-03 
 2.783682e+01 -8.180897e-03 
 2.783722e+01 -8.200961e-03 
 2.783762e+01 -8.221029e-03 
 2.783802e+01 -8.241250e-03 
 2.783842e+01 -8.261716e-03 
 2.783881e+01 -8.282561e-03 
 2.783921e+01 -8.303742e-03 
 2.783961e+01 -8.325297e-03 
 2.784001e+01 -8.347204e-03 
 2.784040e+01 -8.369254e-03 
 2.784080e+01 -8.391319e-03 
 2.784120e+01 -8.413208e-03 
 2.784160e+01 -8.434603e-03 
 2.784199e+01 -8.455284e-03 
 2.784239e+01 -8.474997e-03 
 2.784279e+01 -8.493670e-03 
 2.784319e+01 -8.511175e-03 
 2.784359e+01 -8.527632e-03 
 2.784398e+01 -8.543245e-03 
 2.784438e+01 -8.558393e-03 
 2.784478e+01 -8.573442e-03 
 2.784518e+01 -8.588778e-03 
 2.784557e+01 -8.604807e-03 
 2.784597e+01 -8.621887e-03 
 2.784637e+01 -8.640252e-03 
 2.784677e+01 -8.660069e-03 
 2.784716e+01 -8.681272e-03 
 2.784756e+01 -8.703727e-03 
 2.784796e+01 -8.727325e-03 
 2.784836e+01 -8.751895e-03 
 2.784876e+01 -8.777237e-03 
 2.784915e+01 -8.802965e-03 
 2.784955e+01 -8.828651e-03 
 2.784995e+01 -8.853826e-03 
 2.785035e+01 -8.878134e-03 
 2.785074e+01 -8.901174e-03 
 2.785114e+01 -8.922687e-03 
 2.785154e+01 -8.942497e-03 
 2.785194e+01 -8.960394e-03 
 2.785233e+01 -8.976434e-03 
 2.785273e+01 -8.990760e-03 
 2.785313e+01 -9.003492e-03 
 2.785353e+01 -9.014883e-03 
 2.785393e+01 -9.025167e-03 
 2.785432e+01 -9.034676e-03 
 2.785472e+01 -9.043592e-03 
 2.785512e+01 -9.052126e-03 
 2.785552e+01 -9.060275e-03 
 2.785591e+01 -9.068128e-03 
 2.785631e+01 -9.075573e-03 
 2.785671e+01 -9.082470e-03 
 2.785711e+01 -9.088747e-03 
 2.785750e+01 -9.094235e-03 
 2.785790e+01 -9.098799e-03 
 2.785830e+01 -9.102253e-03 
 2.785870e+01 -9.104443e-03 
 2.785910e+01 -9.105017e-03 
 2.785949e+01 -9.103727e-03 
 2.785989e+01 -9.100411e-03 
 2.786029e+01 -9.094995e-03 
 2.786069e+01 -9.087549e-03 
 2.786108e+01 -9.078122e-03 
 2.786148e+01 -9.066994e-03 
 2.786188e+01 -9.054477e-03 
 2.786228e+01 -9.040976e-03 
 2.786267e+01 -9.026898e-03 
 2.786307e+01 -9.012619e-03 
 2.786347e+01 -8.998455e-03 
 2.786387e+01 -8.984681e-03 
 2.786427e+01 -8.971628e-03 
 2.786466e+01 -8.959369e-03 
 2.786506e+01 -8.947957e-03 
 2.786546e+01 -8.937285e-03 
 2.786586e+01 -8.927211e-03 
 2.786625e+01 -8.917646e-03 
 2.786665e+01 -8.908394e-03 
 2.786705e+01 -8.899178e-03 
 2.786745e+01 -8.889791e-03 
 2.786785e+01 -8.880084e-03 
 2.786824e+01 -8.869763e-03 
 2.786864e+01 -8.858702e-03 
 2.786904e+01 -8.846821e-03 
 2.786944e+01 -8.833935e-03 
 2.786983e+01 -8.820214e-03 
 2.787023e+01 -8.805949e-03 
 2.787063e+01 -8.791463e-03 
 2.787103e+01 -8.777126e-03 
 2.787142e+01 -8.763313e-03 
 2.787182e+01 -8.750358e-03 
 2.787222e+01 -8.738390e-03 
 2.787262e+01 -8.727479e-03 
 2.787302e+01 -8.717439e-03 
 2.787341e+01 -8.708083e-03 
 2.787381e+01 -8.699188e-03 
 2.787421e+01 -8.690429e-03 
 2.787461e+01 -8.681602e-03 
 2.787500e+01 -8.672423e-03 
 2.787540e+01 -8.662593e-03 
 2.787580e+01 -8.651719e-03 
 2.787620e+01 -8.639370e-03 
 2.787659e+01 -8.625196e-03 
 2.787699e+01 -8.608812e-03 
 2.787739e+01 -8.589993e-03 
 2.787779e+01 -8.568816e-03 
 2.787819e+01 -8.545475e-03 
 2.787858e+01 -8.520247e-03 
 2.787898e+01 -8.493544e-03 
 2.787938e+01 -8.465850e-03 
 2.787978e+01 -8.437678e-03 
 2.788017e+01 -8.409422e-03 
 2.788057e+01 -8.381460e-03 
 2.788097e+01 -8.353961e-03 
 2.788137e+01 -8.327003e-03 
 2.788176e+01 -8.300631e-03 
 2.788216e+01 -8.274831e-03 
 2.788256e+01 -8.249578e-03 
 2.788296e+01 -8.224770e-03 
 2.788336e+01 -8.200388e-03 
 2.788375e+01 -8.176424e-03 
 2.788415e+01 -8.152780e-03 
 2.788455e+01 -8.129254e-03 
 2.788495e+01 -8.105677e-03 
 2.788534e+01 -8.081794e-03 
 2.788574e+01 -8.057369e-03 
 2.788614e+01 -8.032254e-03 
 2.788654e+01 -8.006382e-03 
 2.788693e+01 -7.979805e-03 
 2.788733e+01 -7.952669e-03 
 2.788773e+01 -7.925226e-03 
 2.788813e+01 -7.897652e-03 
 2.788853e+01 -7.870101e-03 
 2.788892e+01 -7.842696e-03 
 2.788932e+01 -7.815474e-03 
 2.788972e+01 -7.788410e-03 
 2.789012e+01 -7.761467e-03 
 2.789051e+01 -7.734537e-03 
 2.789091e+01 -7.707503e-03 
 2.789131e+01 -7.680252e-03 
 2.789171e+01 -7.652672e-03 
 2.789210e+01 -7.624577e-03 
 2.789250e+01 -7.595725e-03 
 2.789290e+01 -7.565692e-03 
 2.789330e+01 -7.534087e-03 
 2.789370e+01 -7.500585e-03 
 2.789409e+01 -7.464948e-03 
 2.789449e+01 -7.427144e-03 
 2.789489e+01 -7.387242e-03 
 2.789529e+01 -7.345437e-03 
 2.789568e+01 -7.302033e-03 
 2.789608e+01 -7.257429e-03 
 2.789648e+01 -7.212080e-03 
 2.789688e+01 -7.166473e-03 
 2.789727e+01 -7.121038e-03 
 2.789767e+01 -7.076180e-03 
 2.789807e+01 -7.032151e-03 
 2.789847e+01 -6.989195e-03 
 2.789887e+01 -6.947419e-03 
 2.789926e+01 -6.906959e-03 
 2.789966e+01 -6.867965e-03 
 2.790006e+01 -6.830500e-03 
 2.790046e+01 -6.794517e-03 
 2.790085e+01 -6.759800e-03 
 2.790125e+01 -6.726094e-03 
 2.790165e+01 -6.693048e-03 
 2.790205e+01 -6.660306e-03 
 2.790244e+01 -6.627450e-03 
 2.790284e+01 -6.594226e-03 
 2.790324e+01 -6.560486e-03 
 2.790364e+01 -6.526310e-03 
 2.790404e+01 -6.491737e-03 
 2.790443e+01 -6.457039e-03 
 2.790483e+01 -6.422301e-03 
 2.790523e+01 -6.387623e-03 
 2.790563e+01 -6.353203e-03 
 2.790602e+01 -6.319106e-03 
 2.790642e+01 -6.285523e-03 
 2.790682e+01 -6.252562e-03 
 2.790722e+01 -6.220338e-03 
 2.790761e+01 -6.188867e-03 
 2.790801e+01 -6.158159e-03 
 2.790841e+01 -6.128098e-03 
 2.790881e+01 -6.098560e-03 
 2.790921e+01 -6.069375e-03 
 2.790960e+01 -6.040300e-03 
 2.791000e+01 -6.011118e-03 
 2.791040e+01 -5.981550e-03 
 2.791080e+01 -5.951320e-03 
 2.791119e+01 -5.920282e-03 
 2.791159e+01 -5.888288e-03 
 2.791199e+01 -5.855488e-03 
 2.791239e+01 -5.821971e-03 
 2.791278e+01 -5.787994e-03 
 2.791318e+01 -5.753983e-03 
 2.791358e+01 -5.720262e-03 
 2.791398e+01 -5.687233e-03 
 2.791438e+01 -5.655250e-03 
 2.791477e+01 -5.624445e-03 
 2.791517e+01 -5.594973e-03 
 2.791557e+01 -5.567086e-03 
 2.791597e+01 -5.540909e-03 
 2.791636e+01 -5.516677e-03 
 2.791676e+01 -5.494428e-03 
 2.791716e+01 -5.474216e-03 
 2.791756e+01 -5.455881e-03 
 2.791795e+01 -5.439280e-03 
 2.791835e+01 -5.424347e-03 
 2.791875e+01 -5.410798e-03 
 2.791915e+01 -5.398541e-03 
 2.791955e+01 -5.387380e-03 
 2.791994e+01 -5.377139e-03 
 2.792034e+01 -5.367749e-03 
 2.792074e+01 -5.359182e-03 
 2.792114e+01 -5.351466e-03 
 2.792153e+01 -5.344773e-03 
 2.792193e+01 -5.339303e-03 
 2.792233e+01 -5.335342e-03 
 2.792273e+01 -5.333168e-03 
 2.792312e+01 -5.333043e-03 
 2.792352e+01 -5.335031e-03 
 2.792392e+01 -5.339237e-03 
 2.792432e+01 -5.345573e-03 
 2.792472e+01 -5.353990e-03 
 2.792511e+01 -5.364602e-03 
 2.792551e+01 -5.377421e-03 
 2.792591e+01 -5.392577e-03 
 2.792631e+01 -5.410171e-03 
 2.792670e+01 -5.430029e-03 
 2.792710e+01 -5.451863e-03 
 2.792750e+01 -5.475236e-03 
 2.792790e+01 -5.499650e-03 
 2.792829e+01 -5.524492e-03 
 2.792869e+01 -5.549231e-03 
 2.792909e+01 -5.573497e-03 
 2.792949e+01 -5.597022e-03 
 2.792989e+01 -5.619660e-03 
 2.793028e+01 -5.641479e-03 
 2.793068e+01 -5.662637e-03 
 2.793108e+01 -5.683286e-03 
 2.793148e+01 -5.703776e-03 
 2.793187e+01 -5.724390e-03 
 2.793227e+01 -5.745151e-03 
 2.793267e+01 -5.766202e-03 
 2.793307e+01 -5.787585e-03 
 2.793346e+01 -5.809369e-03 
 2.793386e+01 -5.831583e-03 
 2.793426e+01 -5.854248e-03 
 2.793466e+01 -5.877473e-03 
 2.793506e+01 -5.901294e-03 
 2.793545e+01 -5.925755e-03 
 2.793585e+01 -5.950693e-03 
 2.793625e+01 -5.975856e-03 
 2.793665e+01 -6.000858e-03 
 2.793704e+01 -6.025286e-03 
 2.793744e+01 -6.048796e-03 
 2.793784e+01 -6.071246e-03 
 2.793824e+01 -6.092732e-03 
 2.793863e+01 -6.113397e-03 
 2.793903e+01 -6.133550e-03 
 2.793943e+01 -6.153569e-03 
 2.793983e+01 -6.173763e-03 
 2.794023e+01 -6.194444e-03 
 2.794062e+01 -6.215878e-03 
 2.794102e+01 -6.238202e-03 
 2.794142e+01 -6.261454e-03 
 2.794182e+01 -6.285572e-03 
 2.794221e+01 -6.310494e-03 
 2.794261e+01 -6.336081e-03 
 2.794301e+01 -6.362151e-03 
 2.794341e+01 -6.388407e-03 
 2.794380e+01 -6.414712e-03 
 2.794420e+01 -6.440684e-03 
 2.794460e+01 -6.465980e-03 
 2.794500e+01 -6.490150e-03 
 2.794540e+01 -6.512827e-03 
 2.794579e+01 -6.533596e-03 
 2.794619e+01 -6.552134e-03 
 2.794659e+01 -6.568272e-03 
 2.794699e+01 -6.582043e-03 
 2.794738e+01 -6.593576e-03 
 2.794778e+01 -6.603185e-03 
 2.794818e+01 -6.611323e-03 
 2.794858e+01 -6.618412e-03 
 2.794897e+01 -6.624754e-03 
 2.794937e+01 -6.630628e-03 
 2.794977e+01 -6.636191e-03 
 2.795017e+01 -6.641609e-03 
 2.795057e+01 -6.647100e-03 
 2.795096e+01 -6.652866e-03 
 2.795136e+01 -6.659136e-03 
 2.795176e+01 -6.666081e-03 
 2.795216e+01 -6.673776e-03 
 2.795255e+01 -6.682336e-03 
 2.795295e+01 -6.691724e-03 
 2.795335e+01 -6.701850e-03 
 2.795375e+01 -6.712459e-03 
 2.795414e+01 -6.723356e-03 
 2.795454e+01 -6.734295e-03 
 2.795494e+01 -6.745239e-03 
 2.795534e+01 -6.756058e-03 
 2.795574e+01 -6.766737e-03 
 2.795613e+01 -6.777247e-03 
 2.795653e+01 -6.787550e-03 
 2.795693e+01 -6.797759e-03 
 2.795733e+01 -6.807890e-03 
 2.795772e+01 -6.818155e-03 
 2.795812e+01 -6.828744e-03 
 2.795852e+01 -6.839808e-03 
 2.795892e+01 -6.851437e-03 
 2.795932e+01 -6.863790e-03 
 2.795971e+01 -6.876868e-03 
 2.796011e+01 -6.890543e-03 
 2.796051e+01 -6.904729e-03 
 2.796091e+01 -6.918985e-03 
 2.796130e+01 -6.932915e-03 
 2.796170e+01 -6.946143e-03 
 2.796210e+01 -6.958167e-03 
 2.796250e+01 -6.968614e-03 
 2.796289e+01 -6.977097e-03 
 2.796329e+01 -6.983363e-03 
 2.796369e+01 -6.987235e-03 
 2.796409e+01 -6.988699e-03 
 2.796449e+01 -6.987927e-03 
 2.796488e+01 -6.985224e-03 
 2.796528e+01 -6.980804e-03 
 2.796568e+01 -6.975074e-03 
 2.796608e+01 -6.968543e-03 
 2.796647e+01 -6.961646e-03 
 2.796687e+01 -6.954875e-03 
 2.796727e+01 -6.948669e-03 
 2.796767e+01 -6.943240e-03 
 2.796806e+01 -6.938866e-03 
 2.796846e+01 -6.935609e-03 
 2.796886e+01 -6.933516e-03 
 2.796926e+01 -6.932505e-03 
 2.796966e+01 -6.932363e-03 
 2.797005e+01 -6.932873e-03 
 2.797045e+01 -6.933778e-03 
 2.797085e+01 -6.934744e-03 
 2.797125e+01 -6.935587e-03 
 2.797164e+01 -6.936073e-03 
 2.797204e+01 -6.936068e-03 
 2.797244e+01 -6.935591e-03 
 2.797284e+01 -6.934746e-03 
 2.797323e+01 -6.933648e-03 
 2.797363e+01 -6.932503e-03 
 2.797403e+01 -6.931440e-03 
 2.797443e+01 -6.930797e-03 
 2.797483e+01 -6.930704e-03 
 2.797522e+01 -6.931340e-03 
 2.797562e+01 -6.932760e-03 
 2.797602e+01 -6.935018e-03 
 2.797642e+01 -6.938226e-03 
 2.797681e+01 -6.942512e-03 
 2.797721e+01 -6.947889e-03 
 2.797761e+01 -6.954260e-03 
 2.797801e+01 -6.961422e-03 
 2.797840e+01 -6.969021e-03 
 2.797880e+01 -6.976724e-03 
 2.797920e+01 -6.984161e-03 
 2.797960e+01 -6.990939e-03 
 2.798000e+01 -6.996715e-03 
 2.798039e+01 -7.001208e-03 
 2.798079e+01 -7.004295e-03 
 2.798119e+01 -7.005794e-03 
 2.798159e+01 -7.005691e-03 
 2.798198e+01 -7.003903e-03 
 2.798238e+01 -7.000398e-03 
 2.798278e+01 -6.995271e-03 
 2.798318e+01 -6.988580e-03 
 2.798357e+01 -6.980394e-03 
 2.798397e+01 -6.970853e-03 
 2.798437e+01 -6.959889e-03 
 2.798477e+01 -6.947711e-03 
 2.798517e+01 -6.934359e-03 
 2.798556e+01 -6.919962e-03 
 2.798596e+01 -6.904715e-03 
 2.798636e+01 -6.888598e-03 
 2.798676e+01 -6.871681e-03 
 2.798715e+01 -6.853690e-03 
 2.798755e+01 -6.834333e-03 
 2.798795e+01 -6.813376e-03 
 2.798835e+01 -6.790472e-03 
 2.798874e+01 -6.765470e-03 
 2.798914e+01 -6.738299e-03 
 2.798954e+01 -6.709141e-03 
 2.798994e+01 -6.678074e-03 
 2.799034e+01 -6.645441e-03 
 2.799073e+01 -6.611527e-03 
 2.799113e+01 -6.576584e-03 
 2.799153e+01 -6.541014e-03 
 2.799193e+01 -6.505104e-03 
 2.799232e+01 -6.469282e-03 
 2.799272e+01 -6.433731e-03 
 2.799312e+01 -6.398704e-03 
 2.799352e+01 -6.364344e-03 
 2.799391e+01 -6.330808e-03 
 2.799431e+01 -6.298322e-03 
 2.799471e+01 -6.266965e-03 
 2.799511e+01 -6.236827e-03 
 2.799551e+01 -6.207724e-03 
 2.799590e+01 -6.179421e-03 
 2.799630e+01 -6.151580e-03 
 2.799670e+01 -6.123766e-03 
 2.799710e+01 -6.095437e-03 
 2.799749e+01 -6.066186e-03 
 2.799789e+01 -6.035724e-03 
 2.799829e+01 -6.003905e-03 
 2.799869e+01 -5.970775e-03 
 2.799908e+01 -5.936326e-03 
 2.799948e+01 -5.900688e-03 
 2.799988e+01 -5.863862e-03 
 2.800028e+01 -5.825869e-03 
 2.800068e+01 -5.786862e-03 
 2.800107e+01 -5.747013e-03 
 2.800147e+01 -5.706523e-03 
 2.800187e+01 -5.665688e-03 
 2.800227e+01 -5.624755e-03 
 2.800266e+01 -5.584114e-03 
 2.800306e+01 -5.543926e-03 
 2.800346e+01 -5.504330e-03 
 2.800386e+01 -5.465468e-03 
 2.800425e+01 -5.427268e-03 
 2.800465e+01 -5.389535e-03 
 2.800505e+01 -5.352075e-03 
 2.800545e+01 -5.314708e-03 
 2.800585e+01 -5.277215e-03 
 2.800624e+01 -5.239687e-03 
 2.800664e+01 -5.202182e-03 
 2.800704e+01 -5.164961e-03 
 2.800744e+01 -5.128378e-03 
 2.800783e+01 -5.092699e-03 
 2.800823e+01 -5.058395e-03 
 2.800863e+01 -5.025727e-03 
 2.800903e+01 -4.994713e-03 
 2.800942e+01 -4.965608e-03 
 2.800982e+01 -4.938624e-03 
 2.801022e+01 -4.913942e-03 
 2.801062e+01 -4.891617e-03 
 2.801102e+01 -4.871948e-03 
 2.801141e+01 -4.854840e-03 
 2.801181e+01 -4.840274e-03 
 2.801221e+01 -4.828082e-03 
 2.801261e+01 -4.817930e-03 
 2.801300e+01 -4.809541e-03 
 2.801340e+01 -4.802457e-03 
 2.801380e+01 -4.796344e-03 
 2.801420e+01 -4.790760e-03 
 2.801459e+01 -4.785337e-03 
 2.801499e+01 -4.779693e-03 
 2.801539e+01 -4.773381e-03 
 2.801579e+01 -4.766258e-03 
 2.801619e+01 -4.758258e-03 
 2.801658e+01 -4.749474e-03 
 2.801698e+01 -4.739968e-03 
 2.801738e+01 -4.729938e-03 
 2.801778e+01 -4.719543e-03 
 2.801817e+01 -4.708966e-03 
 2.801857e+01 -4.698607e-03 
 2.801897e+01 -4.688601e-03 
 2.801937e+01 -4.679345e-03 
 2.801976e+01 -4.671011e-03 
 2.802016e+01 -4.664021e-03 
 2.802056e+01 -4.658664e-03 
 2.802096e+01 -4.655114e-03 
 2.802136e+01 -4.653331e-03 
 2.802175e+01 -4.653318e-03 
 2.802215e+01 -4.654775e-03 
 2.802255e+01 -4.657489e-03 
 2.802295e+01 -4.661356e-03 
 2.802334e+01 -4.666269e-03 
 2.802374e+01 -4.672052e-03 
 2.802414e+01 -4.678647e-03 
 2.802454e+01 -4.686060e-03 
 2.802493e+01 -4.694366e-03 
 2.802533e+01 -4.703470e-03 
 2.802573e+01 -4.713473e-03 
 2.802613e+01 -4.724376e-03 
 2.802653e+01 -4.736145e-03 
 2.802692e+01 -4.748861e-03 
 2.802732e+01 -4.762704e-03 
 2.802772e+01 -4.777855e-03 
 2.802812e+01 -4.794520e-03 
 2.802851e+01 -4.812847e-03 
 2.802891e+01 -4.832834e-03 
 2.802931e+01 -4.854532e-03 
 2.802971e+01 -4.877821e-03 
 2.803010e+01 -4.902346e-03 
 2.803050e+01 -4.927836e-03 
 2.803090e+01 -4.953697e-03 
 2.803130e+01 -4.979474e-03 
 2.803170e+01 -5.004729e-03 
 2.803209e+01 -5.029072e-03 
 2.803249e+01 -5.052184e-03 
 2.803289e+01 -5.073842e-03 
 2.803329e+01 -5.093958e-03 
 2.803368e+01 -5.112607e-03 
 2.803408e+01 -5.129807e-03 
 2.803448e+01 -5.145577e-03 
 2.803488e+01 -5.160075e-03 
 2.803527e+01 -5.173413e-03 
 2.803567e+01 -5.185809e-03 
 2.803607e+01 -5.197502e-03 
 2.803647e+01 -5.208886e-03 
 2.803687e+01 -5.219999e-03 
 2.803726e+01 -5.231004e-03 
 2.803766e+01 -5.241967e-03 
 2.803806e+01 -5.252990e-03 
 2.803846e+01 -5.264010e-03 
 2.803885e+01 -5.274837e-03 
 2.803925e+01 -5.285211e-03 
 2.803965e+01 -5.294823e-03 
 2.804005e+01 -5.303303e-03 
 2.804044e+01 -5.310292e-03 
 2.804084e+01 -5.315606e-03 
 2.804124e+01 -5.319013e-03 
 2.804164e+01 -5.320503e-03 
 2.804204e+01 -5.320404e-03 
 2.804243e+01 -5.318938e-03 
 2.804283e+01 -5.316421e-03 
 2.804323e+01 -5.313009e-03 
 2.804363e+01 -5.308912e-03 
 2.804402e+01 -5.304181e-03 
 2.804442e+01 -5.298893e-03 
 2.804482e+01 -5.293329e-03 
 2.804522e+01 -5.287791e-03 
 2.804561e+01 -5.282602e-03 
 2.804601e+01 -5.278005e-03 
 2.804641e+01 -5.274171e-03 
 2.804681e+01 -5.271222e-03 
 2.804721e+01 -5.269130e-03 
 2.804760e+01 -5.267752e-03 
 2.804800e+01 -5.266717e-03 
 2.804840e+01 -5.265883e-03 
 2.804880e+01 -5.264810e-03 
 2.804919e+01 -5.263320e-03 
 2.804959e+01 -5.261222e-03 
 2.804999e+01 -5.258416e-03 
 2.805039e+01 -5.254770e-03 
 2.805079e+01 -5.250193e-03 
 2.805118e+01 -5.244759e-03 
 2.805158e+01 -5.238459e-03 
 2.805198e+01 -5.231488e-03 
 2.805238e+01 -5.223924e-03 
 2.805277e+01 -5.215941e-03 
 2.805317e+01 -5.207654e-03 
 2.805357e+01 -5.199328e-03 
 2.805397e+01 -5.191153e-03 
 2.805436e+01 -5.183194e-03 
 2.805476e+01 -5.175624e-03 
 2.805516e+01 -5.168516e-03 
 2.805556e+01 -5.161825e-03 
 2.805596e+01 -5.155431e-03 
 2.805635e+01 -5.149054e-03 
 2.805675e+01 -5.142327e-03 
 2.805715e+01 -5.134797e-03 
 2.805755e+01 -5.126197e-03 
 2.805794e+01 -5.116285e-03 
 2.805834e+01 -5.105130e-03 
 2.805874e+01 -5.092715e-03 
 2.805914e+01 -5.079121e-03 
 2.805953e+01 -5.064614e-03 
 2.805993e+01 -5.049642e-03 
 2.806033e+01 -5.034463e-03 
 2.806073e+01 -5.019495e-03 
 2.806113e+01 -5.005260e-03 
 2.806152e+01 -4.992085e-03 
 2.806192e+01 -4.980362e-03 
 2.806232e+01 -4.970425e-03 
 2.806272e+01 -4.962522e-03 
 2.806311e+01 -4.956785e-03 
 2.806351e+01 -4.953027e-03 
 2.806391e+01 -4.951306e-03 
 2.806431e+01 -4.951465e-03 
 2.806470e+01 -4.953414e-03 
 2.806510e+01 -4.956754e-03 
 2.806550e+01 -4.961109e-03 
 2.806590e+01 -4.965890e-03 
 2.806630e+01 -4.970633e-03 
 2.806669e+01 -4.974818e-03 
 2.806709e+01 -4.978046e-03 
 2.806749e+01 -4.980068e-03 
 2.806789e+01 -4.980611e-03 
 2.806828e+01 -4.979581e-03 
 2.806868e+01 -4.976931e-03 
 2.806908e+01 -4.972617e-03 
 2.806948e+01 -4.966700e-03 
 2.806987e+01 -4.959321e-03 
 2.807027e+01 -4.950691e-03 
 2.807067e+01 -4.941061e-03 
 2.807107e+01 -4.930653e-03 
 2.807147e+01 -4.919775e-03 
 2.807186e+01 -4.908629e-03 
 2.807226e+01 -4.897087e-03 
 2.807266e+01 -4.885138e-03 
 2.807306e+01 -4.872486e-03 
 2.807345e+01 -4.859143e-03 
 2.807385e+01 -4.844782e-03 
 2.807425e+01 -4.829284e-03 
 2.807465e+01 -4.812541e-03 
 2.807504e+01 -4.794585e-03 
 2.807544e+01 -4.775589e-03 
 2.807584e+01 -4.755620e-03 
 2.807624e+01 -4.734873e-03 
 2.807664e+01 -4.713425e-03 
 2.807703e+01 -4.691404e-03 
 2.807743e+01 -4.668973e-03 
 2.807783e+01 -4.646142e-03 
 2.807823e+01 -4.623086e-03 
 2.807862e+01 -4.600021e-03 
 2.807902e+01 -4.577272e-03 
 2.807942e+01 -4.555191e-03 
 2.807982e+01 -4.534085e-03 
 2.808021e+01 -4.514217e-03 
 2.808061e+01 -4.495745e-03 
 2.808101e+01 -4.478643e-03 
 2.808141e+01 -4.462820e-03 
 2.808181e+01 -4.448160e-03 
 2.808220e+01 -4.434328e-03 
 2.808260e+01 -4.421020e-03 
 2.808300e+01 -4.407881e-03 
 2.808340e+01 -4.394512e-03 
 2.808379e+01 -4.380548e-03 
 2.808419e+01 -4.365658e-03 
 2.808459e+01 -4.349515e-03 
 2.808499e+01 -4.331933e-03 
 2.808538e+01 -4.312651e-03 
 2.808578e+01 -4.291485e-03 
 2.808618e+01 -4.268448e-03 
 2.808658e+01 -4.243431e-03 
 2.808698e+01 -4.216624e-03 
 2.808737e+01 -4.188161e-03 
 2.808777e+01 -4.158307e-03 
 2.808817e+01 -4.127239e-03 
 2.808857e+01 -4.095191e-03 
 2.808896e+01 -4.062505e-03 
 2.808936e+01 -4.029260e-03 
 2.808976e+01 -3.995469e-03 
 2.809016e+01 -3.960946e-03 
 2.809055e+01 -3.925481e-03 
 2.809095e+01 -3.888893e-03 
 2.809135e+01 -3.850919e-03 
 2.809175e+01 -3.811235e-03 
 2.809215e+01 -3.769694e-03 
 2.809254e+01 -3.726142e-03 
 2.809294e+01 -3.680450e-03 
 2.809334e+01 -3.632835e-03 
 2.809374e+01 -3.583600e-03 
 2.809413e+01 -3.532979e-03 
 2.809453e+01 -3.480894e-03 
 2.809493e+01 -3.427579e-03 
 2.809533e+01 -3.373235e-03 
 2.809572e+01 -3.317998e-03 
 2.809612e+01 -3.262041e-03 
 2.809652e+01 -3.205731e-03 
 2.809692e+01 -3.149405e-03 
 2.809732e+01 -3.093488e-03 
 2.809771e+01 -3.038391e-03 
 2.809811e+01 -2.984225e-03 
 2.809851e+01 -2.931108e-03 
 2.809891e+01 -2.878982e-03 
 2.809930e+01 -2.827603e-03 
 2.809970e+01 -2.776778e-03 
 2.810010e+01 -2.726272e-03 
 2.810050e+01 -2.675976e-03 
 2.810089e+01 -2.625767e-03 
 2.810129e+01 -2.575625e-03 
 2.810169e+01 -2.525585e-03 
 2.810209e+01 -2.475739e-03 
 2.810249e+01 -2.426045e-03 
 2.810288e+01 -2.376679e-03 
 2.810328e+01 -2.327775e-03 
 2.810368e+01 -2.279489e-03 
 2.810408e+01 -2.232080e-03 
 2.810447e+01 -2.185761e-03 
 2.810487e+01 -2.140646e-03 
 2.810527e+01 -2.096980e-03 
 2.810567e+01 -2.054947e-03 
 2.810606e+01 -2.014790e-03 
 2.810646e+01 -1.976720e-03 
 2.810686e+01 -1.940821e-03 
 2.810726e+01 -1.907093e-03 
 2.810766e+01 -1.875415e-03 
 2.810805e+01 -1.845346e-03 
 2.810845e+01 -1.816657e-03 
 2.810885e+01 -1.789040e-03 
 2.810925e+01 -1.762111e-03 
 2.810964e+01 -1.735716e-03 
 2.811004e+01 -1.709660e-03 
 2.811044e+01 -1.683871e-03 
 2.811084e+01 -1.658322e-03 
 2.811123e+01 -1.633009e-03 
 2.811163e+01 -1.607950e-03 
 2.811203e+01 -1.583156e-03 
 2.811243e+01 -1.558813e-03 
 2.811283e+01 -1.535116e-03 
 2.811322e+01 -1.512419e-03 
 2.811362e+01 -1.490967e-03 
 2.811402e+01 -1.471240e-03 
 2.811442e+01 -1.453598e-03 
 2.811481e+01 -1.438417e-03 
 2.811521e+01 -1.426015e-03 
 2.811561e+01 -1.416687e-03 
 2.811601e+01 -1.410474e-03 
 2.811640e+01 -1.407192e-03 
 2.811680e+01 -1.406386e-03 
 2.811720e+01 -1.407768e-03 
 2.811760e+01 -1.410783e-03 
 2.811800e+01 -1.414924e-03 
 2.811839e+01 -1.419825e-03 
 2.811879e+01 -1.425205e-03 
 2.811919e+01 -1.430829e-03 
 2.811959e+01 -1.436650e-03 
 2.811998e+01 -1.442466e-03 
 2.812038e+01 -1.448192e-03 
 2.812078e+01 -1.453750e-03 
 2.812118e+01 -1.458994e-03 
 2.812157e+01 -1.463929e-03 
 2.812197e+01 -1.468832e-03 
 2.812237e+01 -1.473843e-03 
 2.812277e+01 -1.479271e-03 
 2.812317e+01 -1.485311e-03 
 2.812356e+01 -1.492068e-03 
 2.812396e+01 -1.499537e-03 
 2.812436e+01 -1.507706e-03 
 2.812476e+01 -1.516456e-03 
 2.812515e+01 -1.525596e-03 
 2.812555e+01 -1.534904e-03 
 2.812595e+01 -1.544216e-03 
 2.812635e+01 -1.553415e-03 
 2.812674e+01 -1.562254e-03 
 2.812714e+01 -1.570596e-03 
 2.812754e+01 -1.578319e-03 
 2.812794e+01 -1.585285e-03 
 2.812834e+01 -1.591564e-03 
 2.812873e+01 -1.597188e-03 
 2.812913e+01 -1.602457e-03 
 2.812953e+01 -1.607459e-03 
 2.812993e+01 -1.612431e-03 
 2.813032e+01 -1.617744e-03 
 2.813072e+01 -1.623904e-03 
 2.813112e+01 -1.631229e-03 
 2.813152e+01 -1.640054e-03 
 2.813191e+01 -1.650684e-03 
 2.813231e+01 -1.663259e-03 
 2.813271e+01 -1.677842e-03 
 2.813311e+01 -1.694370e-03 
 2.813351e+01 -1.712628e-03 
 2.813390e+01 -1.732329e-03 
 2.813430e+01 -1.753051e-03 
 2.813470e+01 -1.774370e-03 
 2.813510e+01 -1.796109e-03 
 2.813549e+01 -1.817947e-03 
 2.813589e+01 -1.839613e-03 
 2.813629e+01 -1.860855e-03 
 2.813669e+01 -1.881413e-03 
 2.813708e+01 -1.901045e-03 
 2.813748e+01 -1.919591e-03 
 2.813788e+01 -1.936806e-03 
 2.813828e+01 -1.952626e-03 
 2.813868e+01 -1.967029e-03 
 2.813907e+01 -1.980207e-03 
 2.813947e+01 -1.992487e-03 
 2.813987e+01 -2.004000e-03 
 2.814027e+01 -2.014940e-03 
 2.814066e+01 -2.025437e-03 
 2.814106e+01 -2.035544e-03 
 2.814146e+01 -2.045265e-03 
 2.814186e+01 -2.054543e-03 
 2.814226e+01 -2.063249e-03 
 2.814265e+01 -2.071193e-03 
 2.814305e+01 -2.078157e-03 
 2.814345e+01 -2.083911e-03 
 2.814385e+01 -2.088444e-03 
 2.814424e+01 -2.091696e-03 
 2.814464e+01 -2.093691e-03 
 2.814504e+01 -2.094634e-03 
 2.814544e+01 -2.094678e-03 
 2.814583e+01 -2.093925e-03 
 2.814623e+01 -2.092389e-03 
 2.814663e+01 -2.090198e-03 
 2.814703e+01 -2.087333e-03 
 2.814743e+01 -2.083889e-03 
 2.814782e+01 -2.080156e-03 
 2.814822e+01 -2.076474e-03 
 2.814862e+01 -2.073168e-03 
 2.814902e+01 -2.070466e-03 
 2.814941e+01 -2.068570e-03 
 2.814981e+01 -2.067575e-03 
 2.815021e+01 -2.067314e-03 
 2.815061e+01 -2.067599e-03 
 2.815100e+01 -2.068345e-03 
 2.815140e+01 -2.069448e-03 
 2.815180e+01 -2.070569e-03 
 2.815220e+01 -2.071574e-03 
 2.815260e+01 -2.072335e-03 
 2.815299e+01 -2.072644e-03 
 2.815339e+01 -2.072278e-03 
 2.815379e+01 -2.071071e-03 
 2.815419e+01 -2.069012e-03 
 2.815458e+01 -2.066118e-03 
 2.815498e+01 -2.062364e-03 
 2.815538e+01 -2.057928e-03 
 2.815578e+01 -2.053058e-03 
 2.815617e+01 -2.047903e-03 
 2.815657e+01 -2.042658e-03 
 2.815697e+01 -2.037718e-03 
 2.815737e+01 -2.033530e-03 
 2.815777e+01 -2.030397e-03 
 2.815816e+01 -2.028509e-03 
 2.815856e+01 -2.028055e-03 
 2.815896e+01 -2.029042e-03 
 2.815936e+01 -2.031316e-03 
 2.815975e+01 -2.034658e-03 
 2.816015e+01 -2.038748e-03 
 2.816055e+01 -2.043111e-03 
 2.816095e+01 -2.047479e-03 
 2.816134e+01 -2.051554e-03 
 2.816174e+01 -2.055142e-03 
 2.816214e+01 -2.057995e-03 
 2.816254e+01 -2.060014e-03 
 2.816294e+01 -2.061105e-03 
 2.816333e+01 -2.061335e-03 
 2.816373e+01 -2.060751e-03 
 2.816413e+01 -2.059540e-03 
 2.816453e+01 -2.057959e-03 
 2.816492e+01 -2.056127e-03 
 2.816532e+01 -2.054363e-03 
 2.816572e+01 -2.053019e-03 
 2.816612e+01 -2.052410e-03 
 2.816651e+01 -2.052779e-03 
 2.816691e+01 -2.054318e-03 
 2.816731e+01 -2.057144e-03 
 2.816771e+01 -2.061204e-03 
 2.816811e+01 -2.066374e-03 
 2.816850e+01 -2.072425e-03 
 2.816890e+01 -2.079052e-03 
 2.816930e+01 -2.085959e-03 
 2.816970e+01 -2.092833e-03 
 2.817009e+01 -2.099721e-03 
 2.817049e+01 -2.106433e-03 
 2.817089e+01 -2.112998e-03 
 2.817129e+01 -2.119255e-03 
 2.817168e+01 -2.125055e-03 
 2.817208e+01 -2.130212e-03 
 2.817248e+01 -2.134572e-03 
 2.817288e+01 -2.137901e-03 
 2.817328e+01 -2.140320e-03 
 2.817367e+01 -2.141673e-03 
 2.817407e+01 -2.142023e-03 
 2.817447e+01 -2.141534e-03 
 2.817487e+01 -2.140305e-03 
 2.817526e+01 -2.138281e-03 
 2.817566e+01 -2.135491e-03 
 2.817606e+01 -2.131926e-03 
 2.817646e+01 -2.127614e-03 
 2.817685e+01 -2.122511e-03 
 2.817725e+01 -2.116591e-03 
 2.817765e+01 -2.109650e-03 
 2.817805e+01 -2.101420e-03 
 2.817845e+01 -2.091586e-03 
 2.817884e+01 -2.079848e-03 
 2.817924e+01 -2.065926e-03 
 2.817964e+01 -2.049608e-03 
 2.818004e+01 -2.030573e-03 
 2.818043e+01 -2.008599e-03 
 2.818083e+01 -1.983691e-03 
 2.818123e+01 -1.955810e-03 
 2.818163e+01 -1.925159e-03 
 2.818202e+01 -1.892090e-03 
 2.818242e+01 -1.856937e-03 
 2.818282e+01 -1.820274e-03 
 2.818322e+01 -1.782742e-03 
 2.818362e+01 -1.744783e-03 
 2.818401e+01 -1.706795e-03 
 2.818441e+01 -1.669037e-03 
 2.818481e+01 -1.631644e-03 
 2.818521e+01 -1.594722e-03 
 2.818560e+01 -1.558280e-03 
 2.818600e+01 -1.522307e-03 
 2.818640e+01 -1.486748e-03 
 2.818680e+01 -1.451485e-03 
 2.818719e+01 -1.416381e-03 
 2.818759e+01 -1.381377e-03 
 2.818799e+01 -1.346335e-03 
 2.818839e+01 -1.311080e-03 
 2.818879e+01 -1.275461e-03 
 2.818918e+01 -1.239273e-03 
 2.818958e+01 -1.202477e-03 
 2.818998e+01 -1.164952e-03 
 2.819038e+01 -1.126684e-03 
 2.819077e+01 -1.087859e-03 
 2.819117e+01 -1.048567e-03 
 2.819157e+01 -1.009111e-03 
 2.819197e+01 -9.698063e-04 
 2.819236e+01 -9.307522e-04 
 2.819276e+01 -8.920557e-04 
 2.819316e+01 -8.537091e-04 
 2.819356e+01 -8.154840e-04 
 2.819396e+01 -7.771551e-04 
 2.819435e+01 -7.384675e-04 
 2.819475e+01 -6.991701e-04 
 2.819515e+01 -6.590687e-04 
 2.819555e+01 -6.179142e-04 
 2.819594e+01 -5.755623e-04 
 2.819634e+01 -5.319599e-04 
 2.819674e+01 -4.870907e-04 
 2.819714e+01 -4.407627e-04 
 2.819753e+01 -3.929601e-04 
 2.819793e+01 -3.437378e-04 
 2.819833e+01 -2.931953e-04 
 2.819873e+01 -2.415491e-04 
 2.819913e+01 -1.892408e-04 
 2.819952e+01 -1.367504e-04 
 2.819992e+01 -8.444557e-05 
 2.820032e+01 -3.267035e-05 
 2.820072e+01  1.816126e-05 
 2.820111e+01  6.775437e-05 
 2.820151e+01  1.159151e-04 
 2.820191e+01  1.626542e-04 
 2.820231e+01  2.081066e-04 
 2.820270e+01  2.522498e-04 
 2.820310e+01  2.950223e-04 
 2.820350e+01  3.365803e-04 
 2.820390e+01  3.770324e-04 
 2.820430e+01  4.165091e-04 
 2.820469e+01  4.553361e-04 
 2.820509e+01  4.935795e-04 
 2.820549e+01  5.314229e-04 
 2.820589e+01  5.690036e-04 
 2.820628e+01  6.064625e-04 
 2.820668e+01  6.439260e-04 
 2.820708e+01  6.813133e-04 
 2.820748e+01  7.184601e-04 
 2.820787e+01  7.551665e-04 
 2.820827e+01  7.910449e-04 
 2.820867e+01  8.257634e-04 
 2.820907e+01  8.588075e-04 
 2.820947e+01  8.897713e-04 
 2.820986e+01  9.182782e-04 
 2.821026e+01  9.441023e-04 
 2.821066e+01  9.672413e-04 
 2.821106e+01  9.877729e-04 
 2.821145e+01  1.005887e-03 
 2.821185e+01  1.021769e-03 
 2.821225e+01  1.035642e-03 
 2.821265e+01  1.047886e-03 
 2.821304e+01  1.058835e-03 
 2.821344e+01  1.068886e-03 
 2.821384e+01  1.078312e-03 
 2.821424e+01  1.087479e-03 
 2.821464e+01  1.096616e-03 
 2.821503e+01  1.105934e-03 
 2.821543e+01  1.115558e-03 
 2.821583e+01  1.125480e-03 
 2.821623e+01  1.135510e-03 
 2.821662e+01  1.145389e-03 
 2.821702e+01  1.154863e-03 
 2.821742e+01  1.163660e-03 
 2.821782e+01  1.171456e-03 
 2.821821e+01  1.178042e-03 
 2.821861e+01  1.183175e-03 
 2.821901e+01  1.186722e-03 
 2.821941e+01  1.188658e-03 
 2.821981e+01  1.189062e-03 
 2.822020e+01  1.188079e-03 
 2.822060e+01  1.185946e-03 
 2.822100e+01  1.182905e-03 
 2.822140e+01  1.179199e-03 
 2.822179e+01  1.175044e-03 
 2.822219e+01  1.170559e-03 
 2.822259e+01  1.165906e-03 
 2.822299e+01  1.161156e-03 
 2.822338e+01  1.156433e-03 
 2.822378e+01  1.151861e-03 
 2.822418e+01  1.147585e-03 
 2.822458e+01  1.143419e-03 
 2.822498e+01  1.139130e-03 
 2.822537e+01  1.134507e-03 
 2.822577e+01  1.129241e-03 
 2.822617e+01  1.123045e-03 
 2.822657e+01  1.115672e-03 
 2.822696e+01  1.106960e-03 
 2.822736e+01  1.096916e-03 
 2.822776e+01  1.085574e-03 
 2.822816e+01  1.073007e-03 
 2.822855e+01  1.059327e-03 
 2.822895e+01  1.044672e-03 
 2.822935e+01  1.029217e-03 
 2.822975e+01  1.013299e-03 
 2.823015e+01  9.972602e-04 
 2.823054e+01  9.814361e-04 
 2.823094e+01  9.661818e-04 
 2.823134e+01  9.518503e-04 
 2.823174e+01  9.387483e-04 
 2.823213e+01  9.270835e-04 
 2.823253e+01  9.169904e-04 
 2.823293e+01  9.085165e-04 
 2.823333e+01  9.016183e-04 
 2.823373e+01  8.963193e-04 
 2.823412e+01  8.924467e-04 
 2.823452e+01  8.897470e-04 
 2.823492e+01  8.880769e-04 
 2.823532e+01  8.871866e-04 
 2.823571e+01  8.868133e-04 
 2.823611e+01  8.867990e-04 
 2.823651e+01  8.870371e-04 
 2.823691e+01  8.874635e-04 
 2.823730e+01  8.881139e-04 
 2.823770e+01  8.889874e-04 
 2.823810e+01  8.900634e-04 
 2.823850e+01  8.911576e-04 
 2.823890e+01  8.923220e-04 
 2.823929e+01  8.935529e-04 
 2.823969e+01  8.948499e-04 
 2.824009e+01  8.961380e-04 
 2.824049e+01  8.976708e-04 
 2.824088e+01  8.993233e-04 
 2.824128e+01  9.012349e-04 
 2.824168e+01  9.034161e-04 
 2.824208e+01  9.057342e-04 
 2.824247e+01  9.080460e-04 
 2.824287e+01  9.100406e-04 
 2.824327e+01  9.114266e-04 
 2.824367e+01  9.120517e-04 
 2.824407e+01  9.117461e-04 
 2.824446e+01  9.103845e-04 
 2.824486e+01  9.079041e-04 
 2.824526e+01  9.043885e-04 
 2.824566e+01  8.999645e-04 
 2.824605e+01  8.948351e-04 
 2.824645e+01  8.890819e-04 
 2.824685e+01  8.828782e-04 
 2.824725e+01  8.763899e-04 
 2.824764e+01  8.698624e-04 
 2.824804e+01  8.636062e-04 
 2.824844e+01  8.578891e-04 
 2.824884e+01  8.529244e-04 
 2.824924e+01  8.489508e-04 
 2.824963e+01  8.461806e-04 
 2.825003e+01  8.447008e-04 
 2.825043e+01  8.444737e-04 
 2.825083e+01  8.453272e-04 
 2.825122e+01  8.468890e-04 
 2.825162e+01  8.486977e-04 
 2.825202e+01  8.503691e-04 
 2.825242e+01  8.515837e-04 
 2.825281e+01  8.521028e-04 
 2.825321e+01  8.518043e-04 
 2.825361e+01  8.507044e-04 
 2.825401e+01  8.488093e-04 
 2.825441e+01  8.460767e-04 
 2.825480e+01  8.428064e-04 
 2.825520e+01  8.391640e-04 
 2.825560e+01  8.354278e-04 
 2.825600e+01  8.319290e-04 
 2.825639e+01  8.289071e-04 
 2.825679e+01  8.266638e-04 
 2.825719e+01  8.254789e-04 
 2.825759e+01  8.254043e-04 
 2.825798e+01  8.265828e-04 
 2.825838e+01  8.290181e-04 
 2.825878e+01  8.327277e-04 
 2.825918e+01  8.378363e-04 
 2.825958e+01  8.442010e-04 
 2.825997e+01  8.514434e-04 
 2.826037e+01  8.591499e-04 
 2.826077e+01  8.668567e-04 
 2.826117e+01  8.742794e-04 
 2.826156e+01  8.810611e-04 
 2.826196e+01  8.869202e-04 
 2.826236e+01  8.918266e-04 
 2.826276e+01  8.956720e-04 
 2.826315e+01  8.984873e-04 
 2.826355e+01  9.002401e-04 
 2.826395e+01  9.009066e-04 
 2.826435e+01  9.005256e-04 
 2.826475e+01  8.991957e-04 
 2.826514e+01  8.970947e-04 
 2.826554e+01  8.945793e-04 
 2.826594e+01  8.921393e-04 
 2.826634e+01  8.900140e-04 
 2.826673e+01  8.884044e-04 
 2.826713e+01  8.874704e-04 
 2.826753e+01  8.872850e-04 
 2.826793e+01  8.877402e-04 
 2.826832e+01  8.887531e-04 
 2.826872e+01  8.901290e-04 
 2.826912e+01  8.916427e-04 
 2.826952e+01  8.931232e-04 
 2.826992e+01  8.945102e-04 
 2.827031e+01  8.956364e-04 
 2.827071e+01  8.963921e-04 
 2.827111e+01  8.967735e-04 
 2.827151e+01  8.969529e-04 
 2.827190e+01  8.970136e-04 
 2.827230e+01  8.972004e-04 
 2.827270e+01  8.978763e-04 
 2.827310e+01  8.992622e-04 
 2.827349e+01  9.015747e-04 
 2.827389e+01  9.051821e-04 
 2.827429e+01  9.104981e-04 
 2.827469e+01  9.179190e-04 
 2.827509e+01  9.277289e-04 
 2.827548e+01  9.403297e-04 
 2.827588e+01  9.558321e-04 
 2.827628e+01  9.741065e-04 
 2.827668e+01  9.950842e-04 
 2.827707e+01  1.018499e-03 
 2.827747e+01  1.043860e-03 
 2.827787e+01  1.070832e-03 
 2.827827e+01  1.098932e-03 
 2.827866e+01  1.127716e-03 
 2.827906e+01  1.156797e-03 
 2.827946e+01  1.185797e-03 
 2.827986e+01  1.214331e-03 
 2.828026e+01  1.242093e-03 
 2.828065e+01  1.268908e-03 
 2.828105e+01  1.294831e-03 
 2.828145e+01  1.320034e-03 
 2.828185e+01  1.344753e-03 
 2.828224e+01  1.369167e-03 
 2.828264e+01  1.393639e-03 
 2.828304e+01  1.418591e-03 
 2.828344e+01  1.444313e-03 
 2.828383e+01  1.471104e-03 
 2.828423e+01  1.499160e-03 
 2.828463e+01  1.528592e-03 
 2.828503e+01  1.559368e-03 
 2.828543e+01  1.591383e-03 
 2.828582e+01  1.624643e-03 
 2.828622e+01  1.658985e-03 
 2.828662e+01  1.694065e-03 
 2.828702e+01  1.729677e-03 
 2.828741e+01  1.765770e-03 
 2.828781e+01  1.802449e-03 
 2.828821e+01  1.839749e-03 
 2.828861e+01  1.877658e-03 
 2.828900e+01  1.916254e-03 
 2.828940e+01  1.955522e-03 
 2.828980e+01  1.995560e-03 
 2.829020e+01  2.036529e-03 
 2.829060e+01  2.078597e-03 
 2.829099e+01  2.121999e-03 
 2.829139e+01  2.167021e-03 
 2.829179e+01  2.213923e-03 
 2.829219e+01  2.262794e-03 
 2.829258e+01  2.313546e-03 
 2.829298e+01  2.365919e-03 
 2.829338e+01  2.419559e-03 
 2.829378e+01  2.474014e-03 
 2.829417e+01  2.528799e-03 
 2.829457e+01  2.583550e-03 
 2.829497e+01  2.637889e-03 
 2.829537e+01  2.691411e-03 
 2.829577e+01  2.743785e-03 
 2.829616e+01  2.794765e-03 
 2.829656e+01  2.844224e-03 
 2.829696e+01  2.892103e-03 
 2.829736e+01  2.938395e-03 
 2.829775e+01  2.983161e-03 
 2.829815e+01  3.026491e-03 
 2.829855e+01  3.068567e-03 
 2.829895e+01  3.109521e-03 
 2.829934e+01  3.149481e-03 
 2.829974e+01  3.188585e-03 
 2.830014e+01  3.227053e-03 
 2.830054e+01  3.265107e-03 
 2.830094e+01  3.303085e-03 
 2.830133e+01  3.341288e-03 
 2.830173e+01  3.379830e-03 
 2.830213e+01  3.418688e-03 
 2.830253e+01  3.457781e-03 
 2.830292e+01  3.496776e-03 
 2.830332e+01  3.535458e-03 
 2.830372e+01  3.573487e-03 
 2.830412e+01  3.610574e-03 
 2.830451e+01  3.646508e-03 
 2.830491e+01  3.681295e-03 
 2.830531e+01  3.714843e-03 
 2.830571e+01  3.747001e-03 
 2.830611e+01  3.777757e-03 
 2.830650e+01  3.807120e-03 
 2.830690e+01  3.835058e-03 
 2.830730e+01  3.861940e-03 
 2.830770e+01  3.887931e-03 
 2.830809e+01  3.913357e-03 
 2.830849e+01  3.938438e-03 
 2.830889e+01  3.963363e-03 
 2.830929e+01  3.988458e-03 
 2.830968e+01  4.014010e-03 
 2.831008e+01  4.040092e-03 
 2.831048e+01  4.066711e-03 
 2.831088e+01  4.093716e-03 
 2.831128e+01  4.120959e-03 
 2.831167e+01  4.148091e-03 
 2.831207e+01  4.174712e-03 
 2.831247e+01  4.200411e-03 
 2.831287e+01  4.224875e-03 
 2.831326e+01  4.247831e-03 
 2.831366e+01  4.269257e-03 
 2.831406e+01  4.289105e-03 
 2.831446e+01  4.307331e-03 
 2.831485e+01  4.323906e-03 
 2.831525e+01  4.338809e-03 
 2.831565e+01  4.351992e-03 
 2.831605e+01  4.363567e-03 
 2.831645e+01  4.373733e-03 
 2.831684e+01  4.382762e-03 
 2.831724e+01  4.391064e-03 
 2.831764e+01  4.398955e-03 
 2.831804e+01  4.406726e-03 
 2.831843e+01  4.414608e-03 
 2.831883e+01  4.422485e-03 
 2.831923e+01  4.430218e-03 
 2.831963e+01  4.437632e-03 
 2.832002e+01  4.444531e-03 
 2.832042e+01  4.450580e-03 
 2.832082e+01  4.455543e-03 
 2.832122e+01  4.459138e-03 
 2.832162e+01  4.461074e-03 
 2.832201e+01  4.461123e-03 
 2.832241e+01  4.459257e-03 
 2.832281e+01  4.455453e-03 
 2.832321e+01  4.449839e-03 
 2.832360e+01  4.442585e-03 
 2.832400e+01  4.433895e-03 
 2.832440e+01  4.423957e-03 
 2.832480e+01  4.413035e-03 
 2.832520e+01  4.401387e-03 
 2.832559e+01  4.389271e-03 
 2.832599e+01  4.376979e-03 
 2.832639e+01  4.364894e-03 
 2.832679e+01  4.353374e-03 
 2.832718e+01  4.342842e-03 
 2.832758e+01  4.333537e-03 
 2.832798e+01  4.325729e-03 
 2.832838e+01  4.319489e-03 
 2.832877e+01  4.314785e-03 
 2.832917e+01  4.311695e-03 
 2.832957e+01  4.310220e-03 
 2.832997e+01  4.310201e-03 
 2.833037e+01  4.311317e-03 
 2.833076e+01  4.313205e-03 
 2.833116e+01  4.315663e-03 
 2.833156e+01  4.318328e-03 
 2.833196e+01  4.320887e-03 
 2.833235e+01  4.323050e-03 
 2.833275e+01  4.324684e-03 
 2.833315e+01  4.325679e-03 
 2.833355e+01  4.326183e-03 
 2.833394e+01  4.326127e-03 
 2.833434e+01  4.325625e-03 
 2.833474e+01  4.324793e-03 
 2.833514e+01  4.323710e-03 
 2.833554e+01  4.322436e-03 
 2.833593e+01  4.321158e-03 
 2.833633e+01  4.319810e-03 
 2.833673e+01  4.318233e-03 
 2.833713e+01  4.316350e-03 
 2.833752e+01  4.314055e-03 
 2.833792e+01  4.311191e-03 
 2.833832e+01  4.307740e-03 
 2.833872e+01  4.303643e-03 
 2.833911e+01  4.298919e-03 
 2.833951e+01  4.293470e-03 
 2.833991e+01  4.287208e-03 
 2.834031e+01  4.280205e-03 
 2.834071e+01  4.272368e-03 
 2.834110e+01  4.263638e-03 
 2.834150e+01  4.254139e-03 
 2.834190e+01  4.243993e-03 
 2.834230e+01  4.233577e-03 
 2.834269e+01  4.223234e-03 
 2.834309e+01  4.213435e-03 
 2.834349e+01  4.204453e-03 
 2.834389e+01  4.196536e-03 
 2.834428e+01  4.189858e-03 
 2.834468e+01  4.184574e-03 
 2.834508e+01  4.180743e-03 
 2.834548e+01  4.178337e-03 
 2.834588e+01  4.177170e-03 
 2.834627e+01  4.176979e-03 
 2.834667e+01  4.177538e-03 
 2.834707e+01  4.178561e-03 
 2.834747e+01  4.179591e-03 
 2.834786e+01  4.180196e-03 
 2.834826e+01  4.180000e-03 
 2.834866e+01  4.178724e-03 
 2.834906e+01  4.176200e-03 
 2.834945e+01  4.172228e-03 
 2.834985e+01  4.166819e-03 
 2.835025e+01  4.159917e-03 
 2.835065e+01  4.151468e-03 
 2.835105e+01  4.141752e-03 
 2.835144e+01  4.131078e-03 
 2.835184e+01  4.119829e-03 
 2.835224e+01  4.108221e-03 
 2.835264e+01  4.096563e-03 
 2.835303e+01  4.085142e-03 
 2.835343e+01  4.074114e-03 
 2.835383e+01  4.063350e-03 
 2.835423e+01  4.052687e-03 
 2.835462e+01  4.041936e-03 
 2.835502e+01  4.030960e-03 
 2.835542e+01  4.019584e-03 
 2.835582e+01  4.007740e-03 
 2.835622e+01  3.995356e-03 
 2.835661e+01  3.982314e-03 
 2.835701e+01  3.968418e-03 
 2.835741e+01  3.953647e-03 
 2.835781e+01  3.938011e-03 
 2.835820e+01  3.921423e-03 
 2.835860e+01  3.904026e-03 
 2.835900e+01  3.886183e-03 
 2.835940e+01  3.868166e-03 
 2.835979e+01  3.850517e-03 
 2.836019e+01  3.833647e-03 
 2.836059e+01  3.818000e-03 
 2.836099e+01  3.803968e-03 
 2.836139e+01  3.791950e-03 
 2.836178e+01  3.782131e-03 
 2.836218e+01  3.774616e-03 
 2.836258e+01  3.769362e-03 
 2.836298e+01  3.766118e-03 
 2.836337e+01  3.764582e-03 
 2.836377e+01  3.764413e-03 
 2.836417e+01  3.765387e-03 
 2.836457e+01  3.767161e-03 
 2.836496e+01  3.769521e-03 
 2.836536e+01  3.772139e-03 
 2.836576e+01  3.774870e-03 
 2.836616e+01  3.777524e-03 
 2.836656e+01  3.779869e-03 
 2.836695e+01  3.781885e-03 
 2.836735e+01  3.783655e-03 
 2.836775e+01  3.785264e-03 
 2.836815e+01  3.786923e-03 
 2.836854e+01  3.788972e-03 
 2.836894e+01  3.791803e-03 
 2.836934e+01  3.795634e-03 
 2.836974e+01  3.800788e-03 
 2.837013e+01  3.807422e-03 
 2.837053e+01  3.815655e-03 
 2.837093e+01  3.825639e-03 
 2.837133e+01  3.837395e-03 
 2.837173e+01  3.850841e-03 
 2.837212e+01  3.865784e-03 
 2.837252e+01  3.881910e-03 
 2.837292e+01  3.898870e-03 
 2.837332e+01  3.916351e-03 
 2.837371e+01  3.933943e-03 
 2.837411e+01  3.951107e-03 
 2.837451e+01  3.967414e-03 
 2.837491e+01  3.982619e-03 
 2.837530e+01  3.996525e-03 
 2.837570e+01  4.009019e-03 
 2.837610e+01  4.020137e-03 
 2.837650e+01  4.029912e-03 
 2.837690e+01  4.038549e-03 
 2.837729e+01  4.046517e-03 
 2.837769e+01  4.054207e-03 
 2.837809e+01  4.062063e-03 
 2.837849e+01  4.070549e-03 
 2.837888e+01  4.079979e-03 
 2.837928e+01  4.090598e-03 
 2.837968e+01  4.102604e-03 
 2.838008e+01  4.115993e-03 
 2.838047e+01  4.130711e-03 
 2.838087e+01  4.146608e-03 
 2.838127e+01  4.163605e-03 
 2.838167e+01  4.181499e-03 
 2.838207e+01  4.200299e-03 
 2.838246e+01  4.219824e-03 
 2.838286e+01  4.239990e-03 
 2.838326e+01  4.260831e-03 
 2.838366e+01  4.282204e-03 
 2.838405e+01  4.304197e-03 
 2.838445e+01  4.326794e-03 
 2.838485e+01  4.350294e-03 
 2.838525e+01  4.374647e-03 
 2.838564e+01  4.400046e-03 
 2.838604e+01  4.426595e-03 
 2.838644e+01  4.454361e-03 
 2.838684e+01  4.483297e-03 
 2.838724e+01  4.513337e-03 
 2.838763e+01  4.544391e-03 
 2.838803e+01  4.576264e-03 
 2.838843e+01  4.608758e-03 
 2.838883e+01  4.641725e-03 
 2.838922e+01  4.674977e-03 
 2.838962e+01  4.708247e-03 
 2.839002e+01  4.741146e-03 
 2.839042e+01  4.773483e-03 
 2.839081e+01  4.804966e-03 
 2.839121e+01  4.835434e-03 
 2.839161e+01  4.864676e-03 
 2.839201e+01  4.892576e-03 
 2.839241e+01  4.919021e-03 
 2.839280e+01  4.943981e-03 
 2.839320e+01  4.967556e-03 
 2.839360e+01  4.989904e-03 
 2.839400e+01  5.011191e-03 
 2.839439e+01  5.031613e-03 
 2.839479e+01  5.051528e-03 
 2.839519e+01  5.071424e-03 
 2.839559e+01  5.091491e-03 
 2.839598e+01  5.111888e-03 
 2.839638e+01  5.132664e-03 
 2.839678e+01  5.154022e-03 
 2.839718e+01  5.176025e-03 
 2.839758e+01  5.198623e-03 
 2.839797e+01  5.221869e-03 
 2.839837e+01  5.245725e-03 
 2.839877e+01  5.270047e-03 
 2.839917e+01  5.294827e-03 
 2.839956e+01  5.319911e-03 
 2.839996e+01  5.345034e-03 
 2.840036e+01  5.369918e-03 
 2.840076e+01  5.394336e-03 
 2.840115e+01  5.418156e-03 
 2.840155e+01  5.441288e-03 
 2.840195e+01  5.463683e-03 
 2.840235e+01  5.485332e-03 
 2.840275e+01  5.506275e-03 
 2.840314e+01  5.526610e-03 
 2.840354e+01  5.546516e-03 
 2.840394e+01  5.566318e-03 
 2.840434e+01  5.586161e-03 
 2.840473e+01  5.606228e-03 
 2.840513e+01  5.626572e-03 
 2.840553e+01  5.647067e-03 
 2.840593e+01  5.667518e-03 
 2.840632e+01  5.687778e-03 
 2.840672e+01  5.707532e-03 
 2.840712e+01  5.726529e-03 
 2.840752e+01  5.744522e-03 
 2.840792e+01  5.761327e-03 
 2.840831e+01  5.776758e-03 
 2.840871e+01  5.790531e-03 
 2.840911e+01  5.802350e-03 
 2.840951e+01  5.812033e-03 
 2.840990e+01  5.819459e-03 
 2.841030e+01  5.824448e-03 
 2.841070e+01  5.827156e-03 
 2.841110e+01  5.827982e-03 
 2.841149e+01  5.827358e-03 
 2.841189e+01  5.825545e-03 
 2.841229e+01  5.823053e-03 
 2.841269e+01  5.820364e-03 
 2.841309e+01  5.817831e-03 
 2.841348e+01  5.815723e-03 
 2.841388e+01  5.814212e-03 
 2.841428e+01  5.813439e-03 
 2.841468e+01  5.813373e-03 
 2.841507e+01  5.814114e-03 
 2.841547e+01  5.815544e-03 
 2.841587e+01  5.817371e-03 
 2.841627e+01  5.819384e-03 
 2.841667e+01  5.821391e-03 
 2.841706e+01  5.823036e-03 
 2.841746e+01  5.824307e-03 
 2.841786e+01  5.824799e-03 
 2.841826e+01  5.824388e-03 
 2.841865e+01  5.822828e-03 
 2.841905e+01  5.820081e-03 
 2.841945e+01  5.816263e-03 
 2.841985e+01  5.811332e-03 
 2.842024e+01  5.805558e-03 
 2.842064e+01  5.799147e-03 
 2.842104e+01  5.792481e-03 
 2.842144e+01  5.785946e-03 
 2.842184e+01  5.779785e-03 
 2.842223e+01  5.774190e-03 
 2.842263e+01  5.769354e-03 
 2.842303e+01  5.765329e-03 
 2.842343e+01  5.762160e-03 
 2.842382e+01  5.760068e-03 
 2.842422e+01  5.758864e-03 
 2.842462e+01  5.758507e-03 
 2.842502e+01  5.758757e-03 
 2.842541e+01  5.759365e-03 
 2.842581e+01  5.760065e-03 
 2.842621e+01  5.760440e-03 
 2.842661e+01  5.760118e-03 
 2.842701e+01  5.758744e-03 
 2.842740e+01  5.755809e-03 
 2.842780e+01  5.750950e-03 
 2.842820e+01  5.743950e-03 
 2.842860e+01  5.734848e-03 
 2.842899e+01  5.723732e-03 
 2.842939e+01  5.710702e-03 
 2.842979e+01  5.696217e-03 
 2.843019e+01  5.680646e-03 
 2.843058e+01  5.664189e-03 
 2.843098e+01  5.647033e-03 
 2.843138e+01  5.629361e-03 
 2.843178e+01  5.611155e-03 
 2.843218e+01  5.592319e-03 
 2.843257e+01  5.572868e-03 
 2.843297e+01  5.552969e-03 
 2.843337e+01  5.532519e-03 
 2.843377e+01  5.511455e-03 
 2.843416e+01  5.489667e-03 
 2.843456e+01  5.466991e-03 
 2.843496e+01  5.443275e-03 
 2.843536e+01  5.418321e-03 
 2.843575e+01  5.392119e-03 
 2.843615e+01  5.364683e-03 
 2.843655e+01  5.336331e-03 
 2.843695e+01  5.307293e-03 
 2.843735e+01  5.277859e-03 
 2.843774e+01  5.248265e-03 
 2.843814e+01  5.218755e-03 
 2.843854e+01  5.189771e-03 
 2.843894e+01  5.161615e-03 
 2.843933e+01  5.134634e-03 
 2.843973e+01  5.109055e-03 
 2.844013e+01  5.085039e-03 
 2.844053e+01  5.062759e-03 
 2.844092e+01  5.042108e-03 
 2.844132e+01  5.022866e-03 
 2.844172e+01  5.004792e-03 
 2.844212e+01  4.987362e-03 
 2.844252e+01  4.970035e-03 
 2.844291e+01  4.952350e-03 
 2.844331e+01  4.933906e-03 
 2.844371e+01  4.914166e-03 
 2.844411e+01  4.892683e-03 
 2.844450e+01  4.869245e-03 
 2.844490e+01  4.843799e-03 
 2.844530e+01  4.816377e-03 
 2.844570e+01  4.787305e-03 
 2.844609e+01  4.756904e-03 
 2.844649e+01  4.725505e-03 
 2.844689e+01  4.693413e-03 
 2.844729e+01  4.660929e-03 
 2.844769e+01  4.628306e-03 
 2.844808e+01  4.595732e-03 
 2.844848e+01  4.563332e-03 
 2.844888e+01  4.531289e-03 
 2.844928e+01  4.499604e-03 
 2.844967e+01  4.468225e-03 
 2.845007e+01  4.437100e-03 
 2.845047e+01  4.406172e-03 
 2.845087e+01  4.375180e-03 
 2.845126e+01  4.343927e-03 
 2.845166e+01  4.312283e-03 
 2.845206e+01  4.280274e-03 
 2.845246e+01  4.247995e-03 
 2.845286e+01  4.215508e-03 
 2.845325e+01  4.183023e-03 
 2.845365e+01  4.150542e-03 
 2.845405e+01  4.118166e-03 
 2.845445e+01  4.086074e-03 
 2.845484e+01  4.054565e-03 
 2.845524e+01  4.023979e-03 
 2.845564e+01  3.994658e-03 
 2.845604e+01  3.966892e-03 
 2.845643e+01  3.941170e-03 
 2.845683e+01  3.917813e-03 
 2.845723e+01  3.896896e-03 
 2.845763e+01  3.878370e-03 
 2.845803e+01  3.862142e-03 
 2.845842e+01  3.847951e-03 
 2.845882e+01  3.835617e-03 
 2.845922e+01  3.824879e-03 
 2.845962e+01  3.815137e-03 
 2.846001e+01  3.805856e-03 
 2.846041e+01  3.796555e-03 
 2.846081e+01  3.786925e-03 
 2.846121e+01  3.776635e-03 
 2.846160e+01  3.765321e-03 
 2.846200e+01  3.752990e-03 
 2.846240e+01  3.739814e-03 
 2.846280e+01  3.726056e-03 
 2.846320e+01  3.711941e-03 
 2.846359e+01  3.697704e-03 
 2.846399e+01  3.683653e-03 
 2.846439e+01  3.670094e-03 
 2.846479e+01  3.657347e-03 
 2.846518e+01  3.645893e-03 
 2.846558e+01  3.635969e-03 
 2.846598e+01  3.627879e-03 
 2.846638e+01  3.621615e-03 
 2.846677e+01  3.617110e-03 
 2.846717e+01  3.614333e-03 
 2.846757e+01  3.613114e-03 
 2.846797e+01  3.613292e-03 
 2.846837e+01  3.614621e-03 
 2.846876e+01  3.616790e-03 
 2.846916e+01  3.619550e-03 
 2.846956e+01  3.622510e-03 
 2.846996e+01  3.625326e-03 
 2.847035e+01  3.627678e-03 
 2.847075e+01  3.629457e-03 
 2.847115e+01  3.630595e-03 
 2.847155e+01  3.631226e-03 
 2.847194e+01  3.631731e-03 
 2.847234e+01  3.632543e-03 
 2.847274e+01  3.634020e-03 
 2.847314e+01  3.636536e-03 
 2.847354e+01  3.640323e-03 
 2.847393e+01  3.645706e-03 
 2.847433e+01  3.652941e-03 
 2.847473e+01  3.662070e-03 
 2.847513e+01  3.673069e-03 
 2.847552e+01  3.685968e-03 
 2.847592e+01  3.700526e-03 
 2.847632e+01  3.716702e-03 
 2.847672e+01  3.734335e-03 
 2.847711e+01  3.753213e-03 
 2.847751e+01  3.772979e-03 
 2.847791e+01  3.793445e-03 
 2.847831e+01  3.814349e-03 
 2.847871e+01  3.835588e-03 
 2.847910e+01  3.856769e-03 
 2.847950e+01  3.877741e-03 
 2.847990e+01  3.898492e-03 
 2.848030e+01  3.919031e-03 
 2.848069e+01  3.939598e-03 
 2.848109e+01  3.960384e-03 
 2.848149e+01  3.981321e-03 
 2.848189e+01  4.002526e-03 
 2.848228e+01  4.023943e-03 
 2.848268e+01  4.045700e-03 
 2.848308e+01  4.067706e-03 
 2.848348e+01  4.089823e-03 
 2.848388e+01  4.112006e-03 
 2.848427e+01  4.134310e-03 
 2.848467e+01  4.156700e-03 
 2.848507e+01  4.179073e-03 
 2.848547e+01  4.201321e-03 
 2.848586e+01  4.223056e-03 
 2.848626e+01  4.243919e-03 
 2.848666e+01  4.263533e-03 
 2.848706e+01  4.281717e-03 
 2.848745e+01  4.298399e-03 
 2.848785e+01  4.313591e-03 
 2.848825e+01  4.327543e-03 
 2.848865e+01  4.340391e-03 
 2.848905e+01  4.352409e-03 
 2.848944e+01  4.363978e-03 
 2.848984e+01  4.375378e-03 
 2.849024e+01  4.386889e-03 
 2.849064e+01  4.398813e-03 
 2.849103e+01  4.411402e-03 
 2.849143e+01  4.424959e-03 
 2.849183e+01  4.439867e-03 
 2.849223e+01  4.456320e-03 
 2.849262e+01  4.474363e-03 
 2.849302e+01  4.493905e-03 
 2.849342e+01  4.514828e-03 
 2.849382e+01  4.537061e-03 
 2.849422e+01  4.560494e-03 
 2.849461e+01  4.584905e-03 
 2.849501e+01  4.609990e-03 
 2.849541e+01  4.635503e-03 
 2.849581e+01  4.661227e-03 
 2.849620e+01  4.687037e-03 
 2.849660e+01  4.712721e-03 
 2.849700e+01  4.738187e-03 
 2.849740e+01  4.763277e-03 
 2.849779e+01  4.787850e-03 
 2.849819e+01  4.812004e-03 
 2.849859e+01  4.835775e-03 
 2.849899e+01  4.859156e-03 
 2.849939e+01  4.882129e-03 
 2.849978e+01  4.904830e-03 
 2.850018e+01  4.927469e-03 
 2.850058e+01  4.950224e-03 
 2.850098e+01  4.973136e-03 
 2.850137e+01  4.996106e-03 
 2.850177e+01  5.019047e-03 
 2.850217e+01  5.041818e-03 
 2.850257e+01  5.064242e-03 
 2.850296e+01  5.086057e-03 
 2.850336e+01  5.106849e-03 
 2.850376e+01  5.126329e-03 
 2.850416e+01  5.144317e-03 
 2.850456e+01  5.160625e-03 
 2.850495e+01  5.175226e-03 
 2.850535e+01  5.188012e-03 
 2.850575e+01  5.199120e-03 
 2.850615e+01  5.208920e-03 
 2.850654e+01  5.217769e-03 
 2.850694e+01  5.226107e-03 
 2.850734e+01  5.234348e-03 
 2.850774e+01  5.242960e-03 
 2.850814e+01  5.252414e-03 
 2.850853e+01  5.263128e-03 
 2.850893e+01  5.275604e-03 
 2.850933e+01  5.290156e-03 
 2.850973e+01  5.306992e-03 
 2.851012e+01  5.325946e-03 
 2.851052e+01  5.346880e-03 
 2.851092e+01  5.369377e-03 
 2.851132e+01  5.393017e-03 
 2.851171e+01  5.417320e-03 
 2.851211e+01  5.441735e-03 
 2.851251e+01  5.465721e-03 
 2.851291e+01  5.488911e-03 
 2.851331e+01  5.510986e-03 
 2.851370e+01  5.531675e-03 
 2.851410e+01  5.550875e-03 
 2.851450e+01  5.568488e-03 
 2.851490e+01  5.584363e-03 
 2.851529e+01  5.598642e-03 
 2.851569e+01  5.611537e-03 
 2.851609e+01  5.623331e-03 
 2.851649e+01  5.634316e-03 
 2.851688e+01  5.644835e-03 
 2.851728e+01  5.655252e-03 
 2.851768e+01  5.665872e-03 
 2.851808e+01  5.676891e-03 
 2.851848e+01  5.688533e-03 
 2.851887e+01  5.700776e-03 
 2.851927e+01  5.713533e-03 
 2.851967e+01  5.726615e-03 
 2.852007e+01  5.739892e-03 
 2.852046e+01  5.753118e-03 
 2.852086e+01  5.765996e-03 
 2.852126e+01  5.778092e-03 
 2.852166e+01  5.789175e-03 
 2.852205e+01  5.799058e-03 
 2.852245e+01  5.807709e-03 
 2.852285e+01  5.815046e-03 
 2.852325e+01  5.821118e-03 
 2.852365e+01  5.826015e-03 
 2.852404e+01  5.829891e-03 
 2.852444e+01  5.832985e-03 
 2.852484e+01  5.835564e-03 
 2.852524e+01  5.837764e-03 
 2.852563e+01  5.839790e-03 
 2.852603e+01  5.842021e-03 
 2.852643e+01  5.844654e-03 
 2.852683e+01  5.847860e-03 
 2.852722e+01  5.851704e-03 
 2.852762e+01  5.856081e-03 
 2.852802e+01  5.860884e-03 
 2.852842e+01  5.865925e-03 
 2.852882e+01  5.870934e-03 
 2.852921e+01  5.875683e-03 
 2.852961e+01  5.879708e-03 
 2.853001e+01  5.882608e-03 
 2.853041e+01  5.883994e-03 
 2.853080e+01  5.883536e-03 
 2.853120e+01  5.881023e-03 
 2.853160e+01  5.876406e-03 
 2.853200e+01  5.869630e-03 
 2.853239e+01  5.860843e-03 
 2.853279e+01  5.850200e-03 
 2.853319e+01  5.837974e-03 
 2.853359e+01  5.824618e-03 
 2.853399e+01  5.810287e-03 
 2.853438e+01  5.795281e-03 
 2.853478e+01  5.779839e-03 
 2.853518e+01  5.764158e-03 
 2.853558e+01  5.748276e-03 
 2.853597e+01  5.732352e-03 
 2.853637e+01  5.716200e-03 
 2.853677e+01  5.699498e-03 
 2.853717e+01  5.681959e-03 
 2.853756e+01  5.663314e-03 
 2.853796e+01  5.643033e-03 
 2.853836e+01  5.620786e-03 
 2.853876e+01  5.596268e-03 
 2.853916e+01  5.569185e-03 
 2.853955e+01  5.539555e-03 
 2.853995e+01  5.507538e-03 
 2.854035e+01  5.473329e-03 
 2.854075e+01  5.437313e-03 
 2.854114e+01  5.399824e-03 
 2.854154e+01  5.361242e-03 
 2.854194e+01  5.322070e-03 
 2.854234e+01  5.282883e-03 
 2.854273e+01  5.243979e-03 
 2.854313e+01  5.205581e-03 
 2.854353e+01  5.168019e-03 
 2.854393e+01  5.131396e-03 
 2.854433e+01  5.095934e-03 
 2.854472e+01  5.061479e-03 
 2.854512e+01  5.027894e-03 
 2.854552e+01  4.995120e-03 
 2.854592e+01  4.962975e-03 
 2.854631e+01  4.931396e-03 
 2.854671e+01  4.900298e-03 
 2.854711e+01  4.869383e-03 
 2.854751e+01  4.838595e-03 
 2.854790e+01  4.807867e-03 
 2.854830e+01  4.777261e-03 
 2.854870e+01  4.746860e-03 
 2.854910e+01  4.716606e-03 
 2.854950e+01  4.686678e-03 
 2.854989e+01  4.657374e-03 
 2.855029e+01  4.628762e-03 
 2.855069e+01  4.600915e-03 
 2.855109e+01  4.574092e-03 
 2.855148e+01  4.548435e-03 
 2.855188e+01  4.523985e-03 
 2.855228e+01  4.500975e-03 
 2.855268e+01  4.479386e-03 
 2.855307e+01  4.459202e-03 
 2.855347e+01  4.440286e-03 
 2.855387e+01  4.422349e-03 
 2.855427e+01  4.405112e-03 
 2.855467e+01  4.388207e-03 
 2.855506e+01  4.371160e-03 
 2.855546e+01  4.353685e-03 
 2.855586e+01  4.335441e-03 
 2.855626e+01  4.316123e-03 
 2.855665e+01  4.295570e-03 
 2.855705e+01  4.273733e-03 
 2.855745e+01  4.250738e-03 
 2.855785e+01  4.226934e-03 
 2.855824e+01  4.202569e-03 
 2.855864e+01  4.178024e-03 
 2.855904e+01  4.153691e-03 
 2.855944e+01  4.129925e-03 
 2.855984e+01  4.107379e-03 
 2.856023e+01  4.086387e-03 
 2.856063e+01  4.067438e-03 
 2.856103e+01  4.050939e-03 
 2.856143e+01  4.037146e-03 
 2.856182e+01  4.026306e-03 
 2.856222e+01  4.018444e-03 
 2.856262e+01  4.013428e-03 
 2.856302e+01  4.011036e-03 
 2.856341e+01  4.010810e-03 
 2.856381e+01  4.012542e-03 
 2.856421e+01  4.015952e-03 
 2.856461e+01  4.020693e-03 
 2.856501e+01  4.026303e-03 
 2.856540e+01  4.032508e-03 
 2.856580e+01  4.038878e-03 
 2.856620e+01  4.045165e-03 
 2.856660e+01  4.051078e-03 
 2.856699e+01  4.056380e-03 
 2.856739e+01  4.061112e-03 
 2.856779e+01  4.065266e-03 
 2.856819e+01  4.069125e-03 
 2.856858e+01  4.073026e-03 
 2.856898e+01  4.077292e-03 
 2.856938e+01  4.082161e-03 
 2.856978e+01  4.087894e-03 
 2.857018e+01  4.094626e-03 
 2.857057e+01  4.102311e-03 
 2.857097e+01  4.110824e-03 
 2.857137e+01  4.119865e-03 
 2.857177e+01  4.129102e-03 
 2.857216e+01  4.138245e-03 
 2.857256e+01  4.146975e-03 
 2.857296e+01  4.155126e-03 
 2.857336e+01  4.162456e-03 
 2.857375e+01  4.168854e-03 
 2.857415e+01  4.174167e-03 
 2.857455e+01  4.178350e-03 
 2.857495e+01  4.181595e-03 
 2.857535e+01  4.184143e-03 
 2.857574e+01  4.186022e-03 
 2.857614e+01  4.187536e-03 
 2.857654e+01  4.188886e-03 
 2.857694e+01  4.190262e-03 
 2.857733e+01  4.192026e-03 
 2.857773e+01  4.194535e-03 
 2.857813e+01  4.198022e-03 
 2.857853e+01  4.202715e-03 
 2.857892e+01  4.208746e-03 
 2.857932e+01  4.216231e-03 
 2.857972e+01  4.225221e-03 
 2.858012e+01  4.235570e-03 
 2.858052e+01  4.247065e-03 
 2.858091e+01  4.259482e-03 
 2.858131e+01  4.272610e-03 
 2.858171e+01  4.286148e-03 
 2.858211e+01  4.299834e-03 
 2.858250e+01  4.313276e-03 
 2.858290e+01  4.326177e-03 
 2.858330e+01  4.338331e-03 
 2.858370e+01  4.349630e-03 
 2.858409e+01  4.360086e-03 
 2.858449e+01  4.369784e-03 
 2.858489e+01  4.378816e-03 
 2.858529e+01  4.387475e-03 
 2.858569e+01  4.395993e-03 
 2.858608e+01  4.404679e-03 
 2.858648e+01  4.413718e-03 
 2.858688e+01  4.423229e-03 
 2.858728e+01  4.433280e-03 
 2.858767e+01  4.443917e-03 
 2.858807e+01  4.455104e-03 
 2.858847e+01  4.466649e-03 
 2.858887e+01  4.478323e-03 
 2.858926e+01  4.489910e-03 
 2.858966e+01  4.501167e-03 
 2.859006e+01  4.511903e-03 
 2.859046e+01  4.521811e-03 
 2.859086e+01  4.530671e-03 
 2.859125e+01  4.538190e-03 
 2.859165e+01  4.544242e-03 
 2.859205e+01  4.548692e-03 
 2.859245e+01  4.551621e-03 
 2.859284e+01  4.552956e-03 
 2.859324e+01  4.552808e-03 
 2.859364e+01  4.551534e-03 
 2.859404e+01  4.549458e-03 
 2.859443e+01  4.546890e-03 
 2.859483e+01  4.544281e-03 
 2.859523e+01  4.542008e-03 
 2.859563e+01  4.540423e-03 
 2.859603e+01  4.539695e-03 
 2.859642e+01  4.540020e-03 
 2.859682e+01  4.541458e-03 
 2.859722e+01  4.543964e-03 
 2.859762e+01  4.547443e-03 
 2.859801e+01  4.551772e-03 
 2.859841e+01  4.556666e-03 
 2.859881e+01  4.561783e-03 
 2.859921e+01  4.566904e-03 
 2.859960e+01  4.571885e-03 
 2.860000e+01  4.576531e-03 
 2.860040e+01  4.580732e-03 
 2.860080e+01  4.584520e-03 
 2.860120e+01  4.588094e-03 
 2.860159e+01  4.591894e-03 
 2.860199e+01  4.596279e-03 
 2.860239e+01  4.601607e-03 
 2.860279e+01  4.608378e-03 
 2.860318e+01  4.617132e-03 
 2.860358e+01  4.628412e-03 
 2.860398e+01  4.642611e-03 
 2.860438e+01  4.659900e-03 
 2.860478e+01  4.680297e-03 
 2.860517e+01  4.703575e-03 
 2.860557e+01  4.729408e-03 
 2.860597e+01  4.757430e-03 
 2.860637e+01  4.787139e-03 
 2.860676e+01  4.817835e-03 
 2.860716e+01  4.848928e-03 
 2.860756e+01  4.879811e-03 
 2.860796e+01  4.909940e-03 
 2.860835e+01  4.938806e-03 
 2.860875e+01  4.966005e-03 
 2.860915e+01  4.991296e-03 
 2.860955e+01  5.014481e-03 
 2.860995e+01  5.035585e-03 
 2.861034e+01  5.054680e-03 
 2.861074e+01  5.072015e-03 
 2.861114e+01  5.087879e-03 
 2.861154e+01  5.102629e-03 
 2.861193e+01  5.116628e-03 
 2.861233e+01  5.130372e-03 
 2.861273e+01  5.144267e-03 
 2.861313e+01  5.158639e-03 
 2.861352e+01  5.173732e-03 
 2.861392e+01  5.189473e-03 
 2.861432e+01  5.205915e-03 
 2.861472e+01  5.222816e-03 
 2.861512e+01  5.239992e-03 
 2.861551e+01  5.257305e-03 
 2.861591e+01  5.274452e-03 
 2.861631e+01  5.291187e-03 
 2.861671e+01  5.307393e-03 
 2.861710e+01  5.322874e-03 
 2.861750e+01  5.337480e-03 
 2.861790e+01  5.350961e-03 
 2.861830e+01  5.363135e-03 
 2.861869e+01  5.374087e-03 
 2.861909e+01  5.383880e-03 
 2.861949e+01  5.392722e-03 
 2.861989e+01  5.400923e-03 
 2.862029e+01  5.408786e-03 
 2.862068e+01  5.416805e-03 
 2.862108e+01  5.425239e-03 
 2.862148e+01  5.434239e-03 
 2.862188e+01  5.443980e-03 
 2.862227e+01  5.454383e-03 
 2.862267e+01  5.465404e-03 
 2.862307e+01  5.476798e-03 
 2.862347e+01  5.488382e-03 
 2.862386e+01  5.499787e-03 
 2.862426e+01  5.510480e-03 
 2.862466e+01  5.520218e-03 
 2.862506e+01  5.528660e-03 
 2.862546e+01  5.535536e-03 
 2.862585e+01  5.540588e-03 
 2.862625e+01  5.543616e-03 
 2.862665e+01  5.544553e-03 
 2.862705e+01  5.543290e-03 
 2.862744e+01  5.539900e-03 
 2.862784e+01  5.534529e-03 
 2.862824e+01  5.527309e-03 
 2.862864e+01  5.518565e-03 
 2.862903e+01  5.508592e-03 
 2.862943e+01  5.497796e-03 
 2.862983e+01  5.486420e-03 
 2.863023e+01  5.474742e-03 
 2.863063e+01  5.462868e-03 
 2.863102e+01  5.450896e-03 
 2.863142e+01  5.438829e-03 
 2.863182e+01  5.426512e-03 
 2.863222e+01  5.413675e-03 
 2.863261e+01  5.400182e-03 
 2.863301e+01  5.385763e-03 
 2.863341e+01  5.370146e-03 
 2.863381e+01  5.353090e-03 
 2.863420e+01  5.334424e-03 
 2.863460e+01  5.314002e-03 
 2.863500e+01  5.291731e-03 
 2.863540e+01  5.267752e-03 
 2.863580e+01  5.242136e-03 
 2.863619e+01  5.215108e-03 
 2.863659e+01  5.187082e-03 
 2.863699e+01  5.158450e-03 
 2.863739e+01  5.129625e-03 
 2.863778e+01  5.100970e-03 
 2.863818e+01  5.072801e-03 
 2.863858e+01  5.045426e-03 
 2.863898e+01  5.018907e-03 
 2.863937e+01  4.993356e-03 
 2.863977e+01  4.968615e-03 
 2.864017e+01  4.944505e-03 
 2.864057e+01  4.920862e-03 
 2.864097e+01  4.897535e-03 
 2.864136e+01  4.874416e-03 
 2.864176e+01  4.851318e-03 
 2.864216e+01  4.828027e-03 
 2.864256e+01  4.804318e-03 
 2.864295e+01  4.780056e-03 
 2.864335e+01  4.755133e-03 
 2.864375e+01  4.729443e-03 
 2.864415e+01  4.703108e-03 
 2.864454e+01  4.676108e-03 
 2.864494e+01  4.648717e-03 
 2.864534e+01  4.621299e-03 
 2.864574e+01  4.594133e-03 
 2.864614e+01  4.567454e-03 
 2.864653e+01  4.541303e-03 
 2.864693e+01  4.515852e-03 
 2.864733e+01  4.491305e-03 
 2.864773e+01  4.467815e-03 
 2.864812e+01  4.445490e-03 
 2.864852e+01  4.424325e-03 
 2.864892e+01  4.404164e-03 
 2.864932e+01  4.384749e-03 
 2.864971e+01  4.365985e-03 
 2.865011e+01  4.347649e-03 
 2.865051e+01  4.329427e-03 
 2.865091e+01  4.310990e-03 
 2.865131e+01  4.292121e-03 
 2.865170e+01  4.272728e-03 
 2.865210e+01  4.252766e-03 
 2.865250e+01  4.232292e-03 
 2.865290e+01  4.211317e-03 
 2.865329e+01  4.190002e-03 
 2.865369e+01  4.168640e-03 
 2.865409e+01  4.147683e-03 
 2.865449e+01  4.127644e-03 
 2.865488e+01  4.108883e-03 
 2.865528e+01  4.091899e-03 
 2.865568e+01  4.076961e-03 
 2.865608e+01  4.064474e-03 
 2.865648e+01  4.054655e-03 
 2.865687e+01  4.047643e-03 
 2.865727e+01  4.043543e-03 
 2.865767e+01  4.042255e-03 
 2.865807e+01  4.043719e-03 
 2.865846e+01  4.047740e-03 
 2.865886e+01  4.053894e-03 
 2.865926e+01  4.061848e-03 
 2.865966e+01  4.071082e-03 
 2.866005e+01  4.081035e-03 
 2.866045e+01  4.091283e-03 
 2.866085e+01  4.101298e-03 
 2.866125e+01  4.110734e-03 
 2.866165e+01  4.119339e-03 
 2.866204e+01  4.127009e-03 
 2.866244e+01  4.133896e-03 
 2.866284e+01  4.140206e-03 
 2.866324e+01  4.146260e-03 
 2.866363e+01  4.152325e-03 
 2.866403e+01  4.158793e-03 
 2.866443e+01  4.165901e-03 
 2.866483e+01  4.173853e-03 
 2.866522e+01  4.182787e-03 
 2.866562e+01  4.192821e-03 
 2.866602e+01  4.203951e-03 
 2.866642e+01  4.216019e-03 
 2.866682e+01  4.228984e-03 
 2.866721e+01  4.242649e-03 
 2.866761e+01  4.256705e-03 
 2.866801e+01  4.270840e-03 
 2.866841e+01  4.284720e-03 
 2.866880e+01  4.297952e-03 
 2.866920e+01  4.310186e-03 
 2.866960e+01  4.321336e-03 
 2.867000e+01  4.331342e-03 
 2.867039e+01  4.340202e-03 
 2.867079e+01  4.348065e-03 
 2.867119e+01  4.355196e-03 
 2.867159e+01  4.361963e-03 
 2.867199e+01  4.368775e-03 
 2.867238e+01  4.376022e-03 
 2.867278e+01  4.384009e-03 
 2.867318e+01  4.392965e-03 
 2.867358e+01  4.403034e-03 
 2.867397e+01  4.414377e-03 
 2.867437e+01  4.427001e-03 
 2.867477e+01  4.440955e-03 
 2.867517e+01  4.456216e-03 
 2.867556e+01  4.472666e-03 
 2.867596e+01  4.490208e-03 
 2.867636e+01  4.508640e-03 
 2.867676e+01  4.527663e-03 
 2.867716e+01  4.546911e-03 
 2.867755e+01  4.565818e-03 
 2.867795e+01  4.584051e-03 
 2.867835e+01  4.601184e-03 
 2.867875e+01  4.617037e-03 
 2.867914e+01  4.631457e-03 
 2.867954e+01  4.644462e-03 
 2.867994e+01  4.656136e-03 
 2.868034e+01  4.666745e-03 
 2.868073e+01  4.676708e-03 
 2.868113e+01  4.686396e-03 
 2.868153e+01  4.696065e-03 
 2.868193e+01  4.705895e-03 
 2.868233e+01  4.716030e-03 
 2.868272e+01  4.726479e-03 
 2.868312e+01  4.737270e-03 
 2.868352e+01  4.748375e-03 
 2.868392e+01  4.759596e-03 
 2.868431e+01  4.770890e-03 
 2.868471e+01  4.782167e-03 
 2.868511e+01  4.793245e-03 
 2.868551e+01  4.803875e-03 
 2.868590e+01  4.813841e-03 
 2.868630e+01  4.822814e-03 
 2.868670e+01  4.830590e-03 
 2.868710e+01  4.837086e-03 
 2.868750e+01  4.842398e-03 
 2.868789e+01  4.846606e-03 
 2.868829e+01  4.849895e-03 
 2.868869e+01  4.852591e-03 
 2.868909e+01  4.855129e-03 
 2.868948e+01  4.857921e-03 
 2.868988e+01  4.861273e-03 
 2.869028e+01  4.865496e-03 
 2.869068e+01  4.870728e-03 
 2.869107e+01  4.877307e-03 
 2.869147e+01  4.885284e-03 
 2.869187e+01  4.894773e-03 
 2.869227e+01  4.905721e-03 
 2.869267e+01  4.917901e-03 
 2.869306e+01  4.930983e-03 
 2.869346e+01  4.944781e-03 
 2.869386e+01  4.958920e-03 
 2.869426e+01  4.973013e-03 
 2.869465e+01  4.986686e-03 
 2.869505e+01  4.999518e-03 
 2.869545e+01  5.011318e-03 
 2.869585e+01  5.022073e-03 
 2.869625e+01  5.031864e-03 
 2.869664e+01  5.040862e-03 
 2.869704e+01  5.049423e-03 
 2.869744e+01  5.057924e-03 
 2.869784e+01  5.066788e-03 
 2.869823e+01  5.076526e-03 
 2.869863e+01  5.087619e-03 
 2.869903e+01  5.100262e-03 
 2.869943e+01  5.114506e-03 
 2.869982e+01  5.130464e-03 
 2.870022e+01  5.147984e-03 
 2.870062e+01  5.166837e-03 
 2.870102e+01  5.186728e-03 
 2.870142e+01  5.207287e-03 
 2.870181e+01  5.228301e-03 
 2.870221e+01  5.249427e-03 
 2.870261e+01  5.270357e-03 
 2.870301e+01  5.290830e-03 
 2.870340e+01  5.310414e-03 
 2.870380e+01  5.328711e-03 
 2.870420e+01  5.345482e-03 
 2.870460e+01  5.360559e-03 
 2.870499e+01  5.373987e-03 
 2.870539e+01  5.385905e-03 
 2.870579e+01  5.396642e-03 
 2.870619e+01  5.406842e-03 
 2.870659e+01  5.417029e-03 
 2.870698e+01  5.427631e-03 
 2.870738e+01  5.439240e-03 
 2.870778e+01  5.452407e-03 
 2.870818e+01  5.467321e-03 
 2.870857e+01  5.484373e-03 
 2.870897e+01  5.503611e-03 
 2.870937e+01  5.525066e-03 
 2.870977e+01  5.548563e-03 
 2.871016e+01  5.573809e-03 
 2.871056e+01  5.600529e-03 
 2.871096e+01  5.628382e-03 
 2.871136e+01  5.656932e-03 
 2.871176e+01  5.685690e-03 
 2.871215e+01  5.714203e-03 
 2.871255e+01  5.742005e-03 
 2.871295e+01  5.768737e-03 
 2.871335e+01  5.794274e-03 
 2.871374e+01  5.818595e-03 
 2.871414e+01  5.841790e-03 
 2.871454e+01  5.864044e-03 
 2.871494e+01  5.885441e-03 
 2.871533e+01  5.906132e-03 
 2.871573e+01  5.926444e-03 
 2.871613e+01  5.946420e-03 
 2.871653e+01  5.966093e-03 
 2.871693e+01  5.985493e-03 
 2.871732e+01  6.004584e-03 
 2.871772e+01  6.023352e-03 
 2.871812e+01  6.041638e-03 
 2.871852e+01  6.059311e-03 
 2.871891e+01  6.076138e-03 
 2.871931e+01  6.091831e-03 
 2.871971e+01  6.106149e-03 
 2.872011e+01  6.118909e-03 
 2.872050e+01  6.129841e-03 
 2.872090e+01  6.138759e-03 
 2.872130e+01  6.145352e-03 
 2.872170e+01  6.149356e-03 
 2.872210e+01  6.150643e-03 
 2.872249e+01  6.149172e-03 
 2.872289e+01  6.145134e-03 
 2.872329e+01  6.138783e-03 
 2.872369e+01  6.130534e-03 
 2.872408e+01  6.120819e-03 
 2.872448e+01  6.110148e-03 
 2.872488e+01  6.099022e-03 
 2.872528e+01  6.087711e-03 
 2.872567e+01  6.076460e-03 
 2.872607e+01  6.065430e-03 
 2.872647e+01  6.054828e-03 
 2.872687e+01  6.044806e-03 
 2.872727e+01  6.035424e-03 
 2.872766e+01  6.026401e-03 
 2.872806e+01  6.017693e-03 
 2.872846e+01  6.009124e-03 
 2.872886e+01  6.000363e-03 
 2.872925e+01  5.991074e-03 
 2.872965e+01  5.980984e-03 
 2.873005e+01  5.969704e-03 
 2.873045e+01  5.956973e-03 
 2.873084e+01  5.942908e-03 
 2.873124e+01  5.927545e-03 
 2.873164e+01  5.910902e-03 
 2.873204e+01  5.893225e-03 
 2.873244e+01  5.874748e-03 
 2.873283e+01  5.855756e-03 
 2.873323e+01  5.836465e-03 
 2.873363e+01  5.817017e-03 
 2.873403e+01  5.797610e-03 
 2.873442e+01  5.778238e-03 
 2.873482e+01  5.758895e-03 
 2.873522e+01  5.739503e-03 
 2.873562e+01  5.720041e-03 
 2.873601e+01  5.700316e-03 
 2.873641e+01  5.679968e-03 
 2.873681e+01  5.658664e-03 
 2.873721e+01  5.636115e-03 
 2.873761e+01  5.612131e-03 
 2.873800e+01  5.586583e-03 
 2.873840e+01  5.559430e-03 
 2.873880e+01  5.530627e-03 
 2.873920e+01  5.500389e-03 
 2.873959e+01  5.468888e-03 
 2.873999e+01  5.436322e-03 
 2.874039e+01  5.402924e-03 
 2.874079e+01  5.369011e-03 
 2.874118e+01  5.334818e-03 
 2.874158e+01  5.300650e-03 
 2.874198e+01  5.266869e-03 
 2.874238e+01  5.233868e-03 
 2.874278e+01  5.201895e-03 
 2.874317e+01  5.171178e-03 
 2.874357e+01  5.141749e-03 
 2.874397e+01  5.113714e-03 
 2.874437e+01  5.086929e-03 
 2.874476e+01  5.061397e-03 
 2.874516e+01  5.036865e-03 
 2.874556e+01  5.013157e-03 
 2.874596e+01  4.990109e-03 
 2.874635e+01  4.967411e-03 
 2.874675e+01  4.944777e-03 
 2.874715e+01  4.921970e-03 
 2.874755e+01  4.898784e-03 
 2.874795e+01  4.875166e-03 
 2.874834e+01  4.851269e-03 
 2.874874e+01  4.827278e-03 
 2.874914e+01  4.803522e-03 
 2.874954e+01  4.780395e-03 
 2.874993e+01  4.758366e-03 
 2.875033e+01  4.737873e-03 
 2.875073e+01  4.719123e-03 
 2.875113e+01  4.702351e-03 
 2.875152e+01  4.687931e-03 
 2.875192e+01  4.675955e-03 
 2.875232e+01  4.666508e-03 
 2.875272e+01  4.659756e-03 
 2.875312e+01  4.655596e-03 
 2.875351e+01  4.653874e-03 
 2.875391e+01  4.654135e-03 
 2.875431e+01  4.656040e-03 
 2.875471e+01  4.658896e-03 
 2.875510e+01  4.662071e-03 
 2.875550e+01  4.665059e-03 
 2.875590e+01  4.667437e-03 
 2.875630e+01  4.668776e-03 
 2.875669e+01  4.668891e-03 
 2.875709e+01  4.667733e-03 
 2.875749e+01  4.665418e-03 
 2.875789e+01  4.662153e-03 
 2.875829e+01  4.658211e-03 
 2.875868e+01  4.653844e-03 
 2.875908e+01  4.649422e-03 
 2.875948e+01  4.645521e-03 
 2.875988e+01  4.642583e-03 
 2.876027e+01  4.640971e-03 
 2.876067e+01  4.640966e-03 
 2.876107e+01  4.642639e-03 
 2.876147e+01  4.646129e-03 
 2.876186e+01  4.651294e-03 
 2.876226e+01  4.657827e-03 
 2.876266e+01  4.665353e-03 
 2.876306e+01  4.673291e-03 
 2.876346e+01  4.681317e-03 
 2.876385e+01  4.689195e-03 
 2.876425e+01  4.696629e-03 
 2.876465e+01  4.703447e-03 
 2.876505e+01  4.709722e-03 
 2.876544e+01  4.715458e-03 
 2.876584e+01  4.720954e-03 
 2.876624e+01  4.726456e-03 
 2.876664e+01  4.732202e-03 
 2.876703e+01  4.738496e-03 
 2.876743e+01  4.745756e-03 
 2.876783e+01  4.754310e-03 
 2.876823e+01  4.764504e-03 
 2.876863e+01  4.776613e-03 
 2.876902e+01  4.790766e-03 
 2.876942e+01  4.806991e-03 
 2.876982e+01  4.825335e-03 
 2.877022e+01  4.845813e-03 
 2.877061e+01  4.868395e-03 
 2.877101e+01  4.892792e-03 
 2.877141e+01  4.918831e-03 
 2.877181e+01  4.946178e-03 
 2.877220e+01  4.974392e-03 
 2.877260e+01  5.002870e-03 
 2.877300e+01  5.030993e-03 
 2.877340e+01  5.058141e-03 
 2.877380e+01  5.083880e-03 
 2.877419e+01  5.107892e-03 
 2.877459e+01  5.130241e-03 
 2.877499e+01  5.151059e-03 
 2.877539e+01  5.170520e-03 
 2.877578e+01  5.188804e-03 
 2.877618e+01  5.206049e-03 
 2.877658e+01  5.222445e-03 
 2.877698e+01  5.238111e-03 
 2.877737e+01  5.253343e-03 
 2.877777e+01  5.268446e-03 
 2.877817e+01  5.283638e-03 
 2.877857e+01  5.299036e-03 
 2.877897e+01  5.314821e-03 
 2.877936e+01  5.330998e-03 
 2.877976e+01  5.347290e-03 
 2.878016e+01  5.363475e-03 
 2.878056e+01  5.379179e-03 
 2.878095e+01  5.394155e-03 
 2.878135e+01  5.408115e-03 
 2.878175e+01  5.420911e-03 
 2.878215e+01  5.432536e-03 
 2.878254e+01  5.443031e-03 
 2.878294e+01  5.452596e-03 
 2.878334e+01  5.461579e-03 
 2.878374e+01  5.470236e-03 
 2.878414e+01  5.478909e-03 
 2.878453e+01  5.487962e-03 
 2.878493e+01  5.497659e-03 
 2.878533e+01  5.508368e-03 
 2.878573e+01  5.520431e-03 
 2.878612e+01  5.534087e-03 
 2.878652e+01  5.549501e-03 
 2.878692e+01  5.566831e-03 
 2.878732e+01  5.586118e-03 
 2.878772e+01  5.607160e-03 
 2.878811e+01  5.629772e-03 
 2.878851e+01  5.653527e-03 
 2.878891e+01  5.678093e-03 
 2.878931e+01  5.703037e-03 
 2.878970e+01  5.727976e-03 
 2.879010e+01  5.752614e-03 
 2.879050e+01  5.776627e-03 
 2.879090e+01  5.799907e-03 
 2.879129e+01  5.822455e-03 
 2.879169e+01  5.844479e-03 
 2.879209e+01  5.866260e-03 
 2.879249e+01  5.888070e-03 
 2.879289e+01  5.910339e-03 
 2.879328e+01  5.933504e-03 
 2.879368e+01  5.958039e-03 
 2.879408e+01  5.984245e-03 
 2.879448e+01  6.012291e-03 
 2.879487e+01  6.042277e-03 
 2.879527e+01  6.074149e-03 
 2.879567e+01  6.107686e-03 
 2.879607e+01  6.142688e-03 
 2.879646e+01  6.178833e-03 
 2.879686e+01  6.215974e-03 
 2.879726e+01  6.253630e-03 
 2.879766e+01  6.291368e-03 
 2.879806e+01  6.328657e-03 
 2.879845e+01  6.365001e-03 
 2.879885e+01  6.400042e-03 
 2.879925e+01  6.433493e-03 
 2.879965e+01  6.465302e-03 
 2.880004e+01  6.495396e-03 
 2.880044e+01  6.523996e-03 
 2.880084e+01  6.551490e-03 
 2.880124e+01  6.578171e-03 
 2.880163e+01  6.604440e-03 
 2.880203e+01  6.630542e-03 
 2.880243e+01  6.656722e-03 
 2.880283e+01  6.683302e-03 
 2.880323e+01  6.710737e-03 
 2.880362e+01  6.739246e-03 
 2.880402e+01  6.769159e-03 
 2.880442e+01  6.800664e-03 
 2.880482e+01  6.833620e-03 
 2.880521e+01  6.867856e-03 
 2.880561e+01  6.903160e-03 
 2.880601e+01  6.939162e-03 
 2.880641e+01  6.975430e-03 
 2.880680e+01  7.011577e-03 
 2.880720e+01  7.047381e-03 
 2.880760e+01  7.082506e-03 
 2.880800e+01  7.116819e-03 
 2.880840e+01  7.150076e-03 
 2.880879e+01  7.182207e-03 
 2.880919e+01  7.213283e-03 
 2.880959e+01  7.243575e-03 
 2.880999e+01  7.273255e-03 
 2.881038e+01  7.302680e-03 
 2.881078e+01  7.332113e-03 
 2.881118e+01  7.361870e-03 
 2.881158e+01  7.392306e-03 
 2.881197e+01  7.423616e-03 
 2.881237e+01  7.455925e-03 
 2.881277e+01  7.489249e-03 
 2.881317e+01  7.523560e-03 
 2.881357e+01  7.558616e-03 
 2.881396e+01  7.594237e-03 
 2.881436e+01  7.629989e-03 
 2.881476e+01  7.665392e-03 
 2.881516e+01  7.700042e-03 
 2.881555e+01  7.733592e-03 
 2.881595e+01  7.765544e-03 
 2.881635e+01  7.795445e-03 
 2.881675e+01  7.823014e-03 
 2.881714e+01  7.848006e-03 
 2.881754e+01  7.870094e-03 
 2.881794e+01  7.889232e-03 
 2.881834e+01  7.905583e-03 
 2.881874e+01  7.919441e-03 
 2.881913e+01  7.931188e-03 
 2.881953e+01  7.941188e-03 
 2.881993e+01  7.949831e-03 
 2.882033e+01  7.957438e-03 
 2.882072e+01  7.964378e-03 
 2.882112e+01  7.970892e-03 
 2.882152e+01  7.977215e-03 
 2.882192e+01  7.983643e-03 
 2.882231e+01  7.990247e-03 
 2.882271e+01  7.997128e-03 
 2.882311e+01  8.004172e-03 
 2.882351e+01  8.011053e-03 
 2.882391e+01  8.017393e-03 
 2.882430e+01  8.022771e-03 
 2.882470e+01  8.026903e-03 
 2.882510e+01  8.029631e-03 
 2.882550e+01  8.030919e-03 
 2.882589e+01  8.030975e-03 
 2.882629e+01  8.029926e-03 
 2.882669e+01  8.027885e-03 
 2.882709e+01  8.024967e-03 
 2.882748e+01  8.021409e-03 
 2.882788e+01  8.017360e-03 
 2.882828e+01  8.012861e-03 
 2.882868e+01  8.008087e-03 
 2.882908e+01  8.003183e-03 
 2.882947e+01  7.998493e-03 
 2.882987e+01  7.994006e-03 
 2.883027e+01  7.989895e-03 
 2.883067e+01  7.986172e-03 
 2.883106e+01  7.982592e-03 
 2.883146e+01  7.978981e-03 
 2.883186e+01  7.975059e-03 
 2.883226e+01  7.970520e-03 
 2.883265e+01  7.964953e-03 
 2.883305e+01  7.958091e-03 
 2.883345e+01  7.949676e-03 
 2.883385e+01  7.939380e-03 
 2.883425e+01  7.927207e-03 
 2.883464e+01  7.913042e-03 
 2.883504e+01  7.897094e-03 
 2.883544e+01  7.879485e-03 
 2.883584e+01  7.860503e-03 
 2.883623e+01  7.840468e-03 
 2.883663e+01  7.819593e-03 
 2.883703e+01  7.798351e-03 
 2.883743e+01  7.777058e-03 
 2.883782e+01  7.756038e-03 
 2.883822e+01  7.735668e-03 
 2.883862e+01  7.716158e-03 
 2.883902e+01  7.697684e-03 
 2.883942e+01  7.680160e-03 
 2.883981e+01  7.663339e-03 
 2.884021e+01  7.647099e-03 
 2.884061e+01  7.631177e-03 
 2.884101e+01  7.615221e-03 
 2.884140e+01  7.599035e-03 
 2.884180e+01  7.582399e-03 
 2.884220e+01  7.565114e-03 
 2.884260e+01  7.547016e-03 
 2.884299e+01  7.528139e-03 
 2.884339e+01  7.508455e-03 
 2.884379e+01  7.488108e-03 
 2.884419e+01  7.467316e-03 
 2.884459e+01  7.446415e-03 
 2.884498e+01  7.425793e-03 
 2.884538e+01  7.405746e-03 
 2.884578e+01  7.386638e-03 
 2.884618e+01  7.368780e-03 
 2.884657e+01  7.352283e-03 
 2.884697e+01  7.337497e-03 
 2.884737e+01  7.324697e-03 
 2.884777e+01  7.314005e-03 
 2.884816e+01  7.305441e-03 
 2.884856e+01  7.298710e-03 
 2.884896e+01  7.293365e-03 
 2.884936e+01  7.288968e-03 
 2.884976e+01  7.284967e-03 
 2.885015e+01  7.280747e-03 
 2.885055e+01  7.275803e-03 
 2.885095e+01  7.269794e-03 
 2.885135e+01  7.262441e-03 
 2.885174e+01  7.253651e-03 
 2.885214e+01  7.243484e-03 
 2.885254e+01  7.231882e-03 
 2.885294e+01  7.218904e-03 
 2.885333e+01  7.204926e-03 
 2.885373e+01  7.190272e-03 
 2.885413e+01  7.175380e-03 
 2.885453e+01  7.160803e-03 
 2.885493e+01  7.147002e-03 
 2.885532e+01  7.134478e-03 
 2.885572e+01  7.123554e-03 
 2.885612e+01  7.114352e-03 
 2.885652e+01  7.106953e-03 
 2.885691e+01  7.101312e-03 
 2.885731e+01  7.097136e-03 
 2.885771e+01  7.094146e-03 
 2.885811e+01  7.092003e-03 
 2.885850e+01  7.090308e-03 
 2.885890e+01  7.088514e-03 
 2.885930e+01  7.086336e-03 
 2.885970e+01  7.083379e-03 
 2.886010e+01  7.079310e-03 
 2.886049e+01  7.074216e-03 
 2.886089e+01  7.068192e-03 
 2.886129e+01  7.061473e-03 
 2.886169e+01  7.054442e-03 
 2.886208e+01  7.047610e-03 
 2.886248e+01  7.041448e-03 
 2.886288e+01  7.036357e-03 
 2.886328e+01  7.032650e-03 
 2.886367e+01  7.030683e-03 
 2.886407e+01  7.030700e-03 
 2.886447e+01  7.032899e-03 
 2.886487e+01  7.037461e-03 
 2.886527e+01  7.044317e-03 
 2.886566e+01  7.053372e-03 
 2.886606e+01  7.064403e-03 
 2.886646e+01  7.077117e-03 
 2.886686e+01  7.091161e-03 
 2.886725e+01  7.106005e-03 
 2.886765e+01  7.121114e-03 
 2.886805e+01  7.135930e-03 
 2.886845e+01  7.149891e-03 
 2.886884e+01  7.162546e-03 
 2.886924e+01  7.173766e-03 
 2.886964e+01  7.183538e-03 
 2.887004e+01  7.191860e-03 
 2.887044e+01  7.198813e-03 
 2.887083e+01  7.204674e-03 
 2.887123e+01  7.209717e-03 
 2.887163e+01  7.214191e-03 
 2.887203e+01  7.218342e-03 
 2.887242e+01  7.222332e-03 
 2.887282e+01  7.226346e-03 
 2.887322e+01  7.230766e-03 
 2.887362e+01  7.235815e-03 
 2.887401e+01  7.241630e-03 
 2.887441e+01  7.248224e-03 
 2.887481e+01  7.255432e-03 
 2.887521e+01  7.262978e-03 
 2.887561e+01  7.270701e-03 
 2.887600e+01  7.278290e-03 
 2.887640e+01  7.285554e-03 
 2.887680e+01  7.292356e-03 
 2.887720e+01  7.298723e-03 
 2.887759e+01  7.304710e-03 
 2.887799e+01  7.310471e-03 
 2.887839e+01  7.316049e-03 
 2.887879e+01  7.321699e-03 
 2.887919e+01  7.327676e-03 
 2.887958e+01  7.334195e-03 
 2.887998e+01  7.341644e-03 
 2.888038e+01  7.350429e-03 
 2.888078e+01  7.360879e-03 
 2.888117e+01  7.373291e-03 
 2.888157e+01  7.387830e-03 
 2.888197e+01  7.404544e-03 
 2.888237e+01  7.423466e-03 
 2.888276e+01  7.444504e-03 
 2.888316e+01  7.467349e-03 
 2.888356e+01  7.491713e-03 
 2.888396e+01  7.517183e-03 
 2.888436e+01  7.543299e-03 
 2.888475e+01  7.569557e-03 
 2.888515e+01  7.595351e-03 
 2.888555e+01  7.620257e-03 
 2.888595e+01  7.643915e-03 
 2.888634e+01  7.666056e-03 
 2.888674e+01  7.686696e-03 
 2.888714e+01  7.705974e-03 
 2.888754e+01  7.724118e-03 
 2.888793e+01  7.741372e-03 
 2.888833e+01  7.758231e-03 
 2.888873e+01  7.775114e-03 
 2.888913e+01  7.792457e-03 
 2.888953e+01  7.810666e-03 
 2.888992e+01  7.829953e-03 
 2.889032e+01  7.850256e-03 
 2.889072e+01  7.871595e-03 
 2.889112e+01  7.893788e-03 
 2.889151e+01  7.916579e-03 
 2.889191e+01  7.939672e-03 
 2.889231e+01  7.962639e-03 
 2.889271e+01  7.985221e-03 
 2.889310e+01  8.007303e-03 
 2.889350e+01  8.028722e-03 
 2.889390e+01  8.049399e-03 
 2.889430e+01  8.069245e-03 
 2.889470e+01  8.088229e-03 
 2.889509e+01  8.106501e-03 
 2.889549e+01  8.124305e-03 
 2.889589e+01  8.141984e-03 
 2.889629e+01  8.159806e-03 
 2.889668e+01  8.178094e-03 
 2.889708e+01  8.197213e-03 
 2.889748e+01  8.217505e-03 
 2.889788e+01  8.239335e-03 
 2.889827e+01  8.263100e-03 
 2.889867e+01  8.288984e-03 
 2.889907e+01  8.317150e-03 
 2.889947e+01  8.347739e-03 
 2.889987e+01  8.380697e-03 
 2.890026e+01  8.415794e-03 
 2.890066e+01  8.452624e-03 
 2.890106e+01  8.490772e-03 
 2.890146e+01  8.529749e-03 
 2.890185e+01  8.569047e-03 
 2.890225e+01  8.608317e-03 
 2.890265e+01  8.647156e-03 
 2.890305e+01  8.685226e-03 
 2.890344e+01  8.722237e-03 
 2.890384e+01  8.757773e-03 
 2.890424e+01  8.791758e-03 
 2.890464e+01  8.824135e-03 
 2.890504e+01  8.854958e-03 
 2.890543e+01  8.884481e-03 
 2.890583e+01  8.913081e-03 
 2.890623e+01  8.941184e-03 
 2.890663e+01  8.968953e-03 
 2.890702e+01  8.996774e-03 
 2.890742e+01  9.024932e-03 
 2.890782e+01  9.053426e-03 
 2.890822e+01  9.082325e-03 
 2.890861e+01  9.111623e-03 
 2.890901e+01  9.141141e-03 
 2.890941e+01  9.170574e-03 
 2.890981e+01  9.199600e-03 
 2.891021e+01  9.227729e-03 
 2.891060e+01  9.254643e-03 
 2.891100e+01  9.279976e-03 
 2.891140e+01  9.303438e-03 
 2.891180e+01  9.324876e-03 
 2.891219e+01  9.344069e-03 
 2.891259e+01  9.361026e-03 
 2.891299e+01  9.375913e-03 
 2.891339e+01  9.388929e-03 
 2.891378e+01  9.400232e-03 
 2.891418e+01  9.410132e-03 
 2.891458e+01  9.419123e-03 
 2.891498e+01  9.427730e-03 
 2.891538e+01  9.436515e-03 
 2.891577e+01  9.445980e-03 
 2.891617e+01  9.456438e-03 
 2.891657e+01  9.468187e-03 
 2.891697e+01  9.481367e-03 
 2.891736e+01  9.496103e-03 
 2.891776e+01  9.512256e-03 
 2.891816e+01  9.529638e-03 
 2.891856e+01  9.547890e-03 
 2.891895e+01  9.566596e-03 
 2.891935e+01  9.585438e-03 
 2.891975e+01  9.603944e-03 
 2.892015e+01  9.621795e-03 
 2.892055e+01  9.638719e-03 
 2.892094e+01  9.654502e-03 
 2.892134e+01  9.669025e-03 
 2.892174e+01  9.682221e-03 
 2.892214e+01  9.694075e-03 
 2.892253e+01  9.704495e-03 
 2.892293e+01  9.713545e-03 
 2.892333e+01  9.721367e-03 
 2.892373e+01  9.728167e-03 
 2.892412e+01  9.734137e-03 
 2.892452e+01  9.739602e-03 
 2.892492e+01  9.744814e-03 
 2.892532e+01  9.749849e-03 
 2.892572e+01  9.754712e-03 
 2.892611e+01  9.759213e-03 
 2.892651e+01  9.763196e-03 
 2.892691e+01  9.766388e-03 
 2.892731e+01  9.768442e-03 
 2.892770e+01  9.769165e-03 
 2.892810e+01  9.768346e-03 
 2.892850e+01  9.765826e-03 
 2.892890e+01  9.761501e-03 
 2.892929e+01  9.755424e-03 
 2.892969e+01  9.747477e-03 
 2.893009e+01  9.737715e-03 
 2.893049e+01  9.726407e-03 
 2.893089e+01  9.713791e-03 
 2.893128e+01  9.700257e-03 
 2.893168e+01  9.686228e-03 
 2.893208e+01  9.672046e-03 
 2.893248e+01  9.658175e-03 
 2.893287e+01  9.644990e-03 
 2.893327e+01  9.632913e-03 
 2.893367e+01  9.622178e-03 
 2.893407e+01  9.613081e-03 
 2.893446e+01  9.605784e-03 
 2.893486e+01  9.600236e-03 
 2.893526e+01  9.596203e-03 
 2.893566e+01  9.593350e-03 
 2.893606e+01  9.591171e-03 
 2.893645e+01  9.589199e-03 
 2.893685e+01  9.587070e-03 
 2.893725e+01  9.584417e-03 
 2.893765e+01  9.580939e-03 
 2.893804e+01  9.576487e-03 
 2.893844e+01  9.570897e-03 
 2.893884e+01  9.564145e-03 
 2.893924e+01  9.556238e-03 
 2.893963e+01  9.547296e-03 
 2.894003e+01  9.537467e-03 
 2.894043e+01  9.526923e-03 
 2.894083e+01  9.515948e-03 
 2.894123e+01  9.504785e-03 
 2.894162e+01  9.493600e-03 
 2.894202e+01  9.482714e-03 
 2.894242e+01  9.472265e-03 
 2.894282e+01  9.462257e-03 
 2.894321e+01  9.452751e-03 
 2.894361e+01  9.443778e-03 
 2.894401e+01  9.435120e-03 
 2.894441e+01  9.426439e-03 
 2.894480e+01  9.417373e-03 
 2.894520e+01  9.407550e-03 
 2.894560e+01  9.396437e-03 
 2.894600e+01  9.383782e-03 
 2.894640e+01  9.369457e-03 
 2.894679e+01  9.353529e-03 
 2.894719e+01  9.336145e-03 
 2.894759e+01  9.317447e-03 
 2.894799e+01  9.297846e-03 
 2.894838e+01  9.277654e-03 
 2.894878e+01  9.257296e-03 
 2.894918e+01  9.237257e-03 
 2.894958e+01  9.217994e-03 
 2.894997e+01  9.200032e-03 
 2.895037e+01  9.183897e-03 
 2.895077e+01  9.170035e-03 
 2.895117e+01  9.158699e-03 
 2.895157e+01  9.149949e-03 
 2.895196e+01  9.143655e-03 
 2.895236e+01  9.139569e-03 
 2.895276e+01  9.137299e-03 
 2.895316e+01  9.136298e-03 
 2.895355e+01  9.136027e-03 
 2.895395e+01  9.135814e-03 
 2.895435e+01  9.135094e-03 
 2.895475e+01  9.133362e-03 
 2.895514e+01  9.130237e-03 
 2.895554e+01  9.125537e-03 
 2.895594e+01  9.119263e-03 
 2.895634e+01  9.111501e-03 
 2.895674e+01  9.102509e-03 
 2.895713e+01  9.092569e-03 
 2.895753e+01  9.081922e-03 
 2.895793e+01  9.070895e-03 
 2.895833e+01  9.059917e-03 
 2.895872e+01  9.049361e-03 
 2.895912e+01  9.039515e-03 
 2.895952e+01  9.030779e-03 
 2.895992e+01  9.023324e-03 
 2.896031e+01  9.017121e-03 
 2.896071e+01  9.012154e-03 
 2.896111e+01  9.008294e-03 
 2.896151e+01  9.005223e-03 
 2.896191e+01  9.002568e-03 
 2.896230e+01  8.999972e-03 
 2.896270e+01  8.997039e-03 
 2.896310e+01  8.993552e-03 
 2.896350e+01  8.989228e-03 
 2.896389e+01  8.983925e-03 
 2.896429e+01  8.977604e-03 
 2.896469e+01  8.970318e-03 
 2.896509e+01  8.962167e-03 
 2.896548e+01  8.953445e-03 
 2.896588e+01  8.944435e-03 
 2.896628e+01  8.935382e-03 
 2.896668e+01  8.926672e-03 
 2.896708e+01  8.918728e-03 
 2.896747e+01  8.911705e-03 
 2.896787e+01  8.905882e-03 
 2.896827e+01  8.901515e-03 
 2.896867e+01  8.898871e-03 
 2.896906e+01  8.897981e-03 
 2.896946e+01  8.898878e-03 
 2.896986e+01  8.901469e-03 
 2.897026e+01  8.905591e-03 
 2.897066e+01  8.911037e-03 
 2.897105e+01  8.917482e-03 
 2.897145e+01  8.924467e-03 
 2.897185e+01  8.931665e-03 
 2.897225e+01  8.938843e-03 
 2.897264e+01  8.945760e-03 
 2.897304e+01  8.952281e-03 
 2.897344e+01  8.958326e-03 
 2.897384e+01  8.963882e-03 
 2.897423e+01  8.969088e-03 
 2.897463e+01  8.974086e-03 
 2.897503e+01  8.979036e-03 
 2.897543e+01  8.984190e-03 
 2.897583e+01  8.989824e-03 
 2.897622e+01  8.996150e-03 
 2.897662e+01  9.003361e-03 
 2.897702e+01  9.011685e-03 
 2.897742e+01  9.021146e-03 
 2.897781e+01  9.031735e-03 
 2.897821e+01  9.043406e-03 
 2.897861e+01  9.055956e-03 
 2.897901e+01  9.068989e-03 
 2.897940e+01  9.082168e-03 
 2.897980e+01  9.095104e-03 
 2.898020e+01  9.107403e-03 
 2.898060e+01  9.118763e-03 
 2.898100e+01  9.129048e-03 
 2.898139e+01  9.138341e-03 
 2.898179e+01  9.146715e-03 
 2.898219e+01  9.154413e-03 
 2.898259e+01  9.161662e-03 
 2.898298e+01  9.168898e-03 
 2.898338e+01  9.176528e-03 
 2.898378e+01  9.184990e-03 
 2.898418e+01  9.194746e-03 
 2.898457e+01  9.206244e-03 
 2.898497e+01  9.219800e-03 
 2.898537e+01  9.235684e-03 
 2.898577e+01  9.254013e-03 
 2.898617e+01  9.274767e-03 
 2.898656e+01  9.297740e-03 
 2.898696e+01  9.322739e-03 
 2.898736e+01  9.349491e-03 
 2.898776e+01  9.377810e-03 
 2.898815e+01  9.407457e-03 
 2.898855e+01  9.438122e-03 
 2.898895e+01  9.469587e-03 
 2.898935e+01  9.501613e-03 
 2.898974e+01  9.533973e-03 
 2.899014e+01  9.566511e-03 
 2.899054e+01  9.599143e-03 
 2.899094e+01  9.631783e-03 
 2.899134e+01  9.664353e-03 
 2.899173e+01  9.696861e-03 
 2.899213e+01  9.729393e-03 
 2.899253e+01  9.762019e-03 
 2.899293e+01  9.794898e-03 
 2.899332e+01  9.828149e-03 
 2.899372e+01  9.861774e-03 
 2.899412e+01  9.895773e-03 
 2.899452e+01  9.930093e-03 
 2.899491e+01  9.964667e-03 
 2.899531e+01  9.999152e-03 
 2.899571e+01  1.003335e-02 
 2.899611e+01  1.006697e-02 
 2.899651e+01  1.009962e-02 
 2.899690e+01  1.013096e-02 
 2.899730e+01  1.016075e-02 
 2.899770e+01  1.018875e-02 
 2.899810e+01  1.021461e-02 
 2.899849e+01  1.023827e-02 
 2.899889e+01  1.025969e-02 
 2.899929e+01  1.027895e-02 
 2.899969e+01  1.029619e-02 
 2.900008e+01  1.031176e-02 
 2.900048e+01  1.032613e-02 
 2.900088e+01  1.033968e-02 
 2.900128e+01  1.035297e-02 
 2.900168e+01  1.036662e-02 
 2.900207e+01  1.038112e-02 
 2.900247e+01  1.039689e-02 
 2.900287e+01  1.041424e-02 
 2.900327e+01  1.043348e-02 
 2.900366e+01  1.045473e-02 
 2.900406e+01  1.047800e-02 
 2.900446e+01  1.050316e-02 
 2.900486e+01  1.053004e-02 
 2.900525e+01  1.055821e-02 
 2.900565e+01  1.058733e-02 
 2.900605e+01  1.061713e-02 
 2.900645e+01  1.064720e-02 
 2.900685e+01  1.067721e-02 
 2.900724e+01  1.070684e-02 
 2.900764e+01  1.073566e-02 
 2.900804e+01  1.076339e-02 
 2.900844e+01  1.078976e-02 
 2.900883e+01  1.081461e-02 
 2.900923e+01  1.083795e-02 
 2.900963e+01  1.085998e-02 
 2.901003e+01  1.088103e-02 
 2.901042e+01  1.090151e-02 
 2.901082e+01  1.092187e-02 
 2.901122e+01  1.094244e-02 
 2.901162e+01  1.096341e-02 
 2.901202e+01  1.098485e-02 
 2.901241e+01  1.100674e-02 
 2.901281e+01  1.102890e-02 
 2.901321e+01  1.105101e-02 
 2.901361e+01  1.107275e-02 
 2.901400e+01  1.109370e-02 
 2.901440e+01  1.111346e-02 
 2.901480e+01  1.113169e-02 
 2.901520e+01  1.114814e-02 
 2.901559e+01  1.116248e-02 
 2.901599e+01  1.117452e-02 
 2.901639e+01  1.118424e-02 
 2.901679e+01  1.119165e-02 
 2.901719e+01  1.119689e-02 
 2.901758e+01  1.120024e-02 
 2.901798e+01  1.120202e-02 
 2.901838e+01  1.120263e-02 
 2.901878e+01  1.120243e-02 
 2.901917e+01  1.120196e-02 
 2.901957e+01  1.120167e-02 
 2.901997e+01  1.120192e-02 
 2.902037e+01  1.120313e-02 
 2.902076e+01  1.120570e-02 
 2.902116e+01  1.120968e-02 
 2.902156e+01  1.121511e-02 
 2.902196e+01  1.122199e-02 
 2.902236e+01  1.123011e-02 
 2.902275e+01  1.123916e-02 
 2.902315e+01  1.124900e-02 
 2.902355e+01  1.125936e-02 
 2.902395e+01  1.127001e-02 
 2.902434e+01  1.128069e-02 
 2.902474e+01  1.129128e-02 
 2.902514e+01  1.130162e-02 
 2.902554e+01  1.131170e-02 
 2.902593e+01  1.132144e-02 
 2.902633e+01  1.133080e-02 
 2.902673e+01  1.133986e-02 
 2.902713e+01  1.134879e-02 
 2.902753e+01  1.135785e-02 
 2.902792e+01  1.136731e-02 
 2.902832e+01  1.137751e-02 
 2.902872e+01  1.138871e-02 
 2.902912e+01  1.140100e-02 
 2.902951e+01  1.141432e-02 
 2.902991e+01  1.142839e-02 
 2.903031e+01  1.144273e-02 
 2.903071e+01  1.145693e-02 
 2.903110e+01  1.147054e-02 
 2.903150e+01  1.148312e-02 
 2.903190e+01  1.149431e-02 
 2.903230e+01  1.150396e-02 
 2.903270e+01  1.151166e-02 
 2.903309e+01  1.151715e-02 
 2.903349e+01  1.152040e-02 
 2.903389e+01  1.152116e-02 
 2.903429e+01  1.151954e-02 
 2.903468e+01  1.151564e-02 
 2.903508e+01  1.150969e-02 
 2.903548e+01  1.150216e-02 
 2.903588e+01  1.149346e-02 
 2.903627e+01  1.148405e-02 
 2.903667e+01  1.147449e-02 
 2.903707e+01  1.146520e-02 
 2.903747e+01  1.145640e-02 
 2.903787e+01  1.144848e-02 
 2.903826e+01  1.144157e-02 
 2.903866e+01  1.143559e-02 
 2.903906e+01  1.143055e-02 
 2.903946e+01  1.142641e-02 
 2.903985e+01  1.142293e-02 
 2.904025e+01  1.141998e-02 
 2.904065e+01  1.141737e-02 
 2.904105e+01  1.141491e-02 
 2.904144e+01  1.141231e-02 
 2.904184e+01  1.140938e-02 
 2.904224e+01  1.140606e-02 
 2.904264e+01  1.140234e-02 
 2.904304e+01  1.139819e-02 
 2.904343e+01  1.139372e-02 
 2.904383e+01  1.138931e-02 
 2.904423e+01  1.138515e-02 
 2.904463e+01  1.138153e-02 
 2.904502e+01  1.137874e-02 
 2.904542e+01  1.137702e-02 
 2.904582e+01  1.137658e-02 
 2.904622e+01  1.137746e-02 
 2.904661e+01  1.137964e-02 
 2.904701e+01  1.138301e-02 
 2.904741e+01  1.138728e-02 
 2.904781e+01  1.139201e-02 
 2.904821e+01  1.139660e-02 
 2.904860e+01  1.140039e-02 
 2.904900e+01  1.140267e-02 
 2.904940e+01  1.140284e-02 
 2.904980e+01  1.140044e-02 
 2.905019e+01  1.139512e-02 
 2.905059e+01  1.138680e-02 
 2.905099e+01  1.137539e-02 
 2.905139e+01  1.136107e-02 
 2.905178e+01  1.134408e-02 
 2.905218e+01  1.132469e-02 
 2.905258e+01  1.130326e-02 
 2.905298e+01  1.128021e-02 
 2.905338e+01  1.125612e-02 
 2.905377e+01  1.123160e-02 
 2.905417e+01  1.120733e-02 
 2.905457e+01  1.118368e-02 
 2.905497e+01  1.116101e-02 
 2.905536e+01  1.113952e-02 
 2.905576e+01  1.111936e-02 
 2.905616e+01  1.110051e-02 
 2.905656e+01  1.108288e-02 
 2.905695e+01  1.106632e-02 
 2.905735e+01  1.105061e-02 
 2.905775e+01  1.103548e-02 
 2.905815e+01  1.102071e-02 
 2.905855e+01  1.100610e-02 
 2.905894e+01  1.099140e-02 
 2.905934e+01  1.097645e-02 
 2.905974e+01  1.096110e-02 
 2.906014e+01  1.094543e-02 
 2.906053e+01  1.092953e-02 
 2.906093e+01  1.091354e-02 
 2.906133e+01  1.089771e-02 
 2.906173e+01  1.088226e-02 
 2.906213e+01  1.086741e-02 
 2.906252e+01  1.085356e-02 
 2.906292e+01  1.084098e-02 
 2.906332e+01  1.082981e-02 
 2.906372e+01  1.082022e-02 
 2.906411e+01  1.081232e-02 
 2.906451e+01  1.080613e-02 
 2.906491e+01  1.080153e-02 
 2.906531e+01  1.079824e-02 
 2.906570e+01  1.079604e-02 
 2.906610e+01  1.079459e-02 
 2.906650e+01  1.079347e-02 
 2.906690e+01  1.079247e-02 
 2.906730e+01  1.079132e-02 
 2.906769e+01  1.078984e-02 
 2.906809e+01  1.078784e-02 
 2.906849e+01  1.078531e-02 
 2.906889e+01  1.078225e-02 
 2.906928e+01  1.077874e-02 
 2.906968e+01  1.077499e-02 
 2.907008e+01  1.077118e-02 
 2.907048e+01  1.076756e-02 
 2.907087e+01  1.076445e-02 
 2.907127e+01  1.076208e-02 
 2.907167e+01  1.076077e-02 
 2.907207e+01  1.076074e-02 
 2.907247e+01  1.076222e-02 
 2.907286e+01  1.076550e-02 
 2.907326e+01  1.077060e-02 
 2.907366e+01  1.077757e-02 
 2.907406e+01  1.078630e-02 
 2.907445e+01  1.079673e-02 
 2.907485e+01  1.080852e-02 
 2.907525e+01  1.082137e-02 
 2.907565e+01  1.083503e-02 
 2.907604e+01  1.084924e-02 
 2.907644e+01  1.086371e-02 
 2.907684e+01  1.087829e-02 
 2.907724e+01  1.089292e-02 
 2.907764e+01  1.090748e-02 
 2.907803e+01  1.092205e-02 
 2.907843e+01  1.093681e-02 
 2.907883e+01  1.095212e-02 
 2.907923e+01  1.096839e-02 
 2.907962e+01  1.098600e-02 
 2.908002e+01  1.100547e-02 
 2.908042e+01  1.102713e-02 
 2.908082e+01  1.105115e-02 
 2.908121e+01  1.107748e-02 
 2.908161e+01  1.110595e-02 
 2.908201e+01  1.113630e-02 
 2.908241e+01  1.116820e-02 
 2.908281e+01  1.120137e-02 
 2.908320e+01  1.123554e-02 
 2.908360e+01  1.127037e-02 
 2.908400e+01  1.130533e-02 
 2.908440e+01  1.134014e-02 
 2.908479e+01  1.137448e-02 
 2.908519e+01  1.140794e-02 
 2.908559e+01  1.144029e-02 
 2.908599e+01  1.147140e-02 
 2.908638e+01  1.150128e-02 
 2.908678e+01  1.153024e-02 
 2.908718e+01  1.155851e-02 
 2.908758e+01  1.158640e-02 
 2.908798e+01  1.161405e-02 
 2.908837e+01  1.164166e-02 
 2.908877e+01  1.166927e-02 
 2.908917e+01  1.169698e-02 
 2.908957e+01  1.172487e-02 
 2.908996e+01  1.175293e-02 
 2.909036e+01  1.178117e-02 
 2.909076e+01  1.180954e-02 
 2.909116e+01  1.183800e-02 
 2.909155e+01  1.186647e-02 
 2.909195e+01  1.189481e-02 
 2.909235e+01  1.192281e-02 
 2.909275e+01  1.195022e-02 
 2.909315e+01  1.197683e-02 
 2.909354e+01  1.200239e-02 
 2.909394e+01  1.202675e-02 
 2.909434e+01  1.204989e-02 
 2.909474e+01  1.207182e-02 
 2.909513e+01  1.209280e-02 
 2.909553e+01  1.211313e-02 
 2.909593e+01  1.213316e-02 
 2.909633e+01  1.215326e-02 
 2.909672e+01  1.217373e-02 
 2.909712e+01  1.219494e-02 
 2.909752e+01  1.221726e-02 
 2.909792e+01  1.224100e-02 
 2.909832e+01  1.226634e-02 
 2.909871e+01  1.229334e-02 
 2.909911e+01  1.232196e-02 
 2.909951e+01  1.235197e-02 
 2.909991e+01  1.238309e-02 
 2.910030e+01  1.241484e-02 
 2.910070e+01  1.244687e-02 
 2.910110e+01  1.247870e-02 
 2.910150e+01  1.250983e-02 
 2.910189e+01  1.253985e-02 
 2.910229e+01  1.256829e-02 
 2.910269e+01  1.259464e-02 
 2.910309e+01  1.261856e-02 
 2.910349e+01  1.263977e-02 
 2.910388e+01  1.265822e-02 
 2.910428e+01  1.267407e-02 
 2.910468e+01  1.268781e-02 
 2.910508e+01  1.269993e-02 
 2.910547e+01  1.271087e-02 
 2.910587e+01  1.272110e-02 
 2.910627e+01  1.273106e-02 
 2.910667e+01  1.274105e-02 
 2.910706e+01  1.275122e-02 
 2.910746e+01  1.276171e-02 
 2.910786e+01  1.277265e-02 
 2.910826e+01  1.278410e-02 
 2.910866e+01  1.279603e-02 
 2.910905e+01  1.280834e-02 
 2.910945e+01  1.282082e-02 
 2.910985e+01  1.283321e-02 
 2.911025e+01  1.284510e-02 
 2.911064e+01  1.285615e-02 
 2.911104e+01  1.286600e-02 
 2.911144e+01  1.287455e-02 
 2.911184e+01  1.288186e-02 
 2.911223e+01  1.288801e-02 
 2.911263e+01  1.289316e-02 
 2.911303e+01  1.289760e-02 
 2.911343e+01  1.290161e-02 
 2.911383e+01  1.290561e-02 
 2.911422e+01  1.290993e-02 
 2.911462e+01  1.291487e-02 
 2.911502e+01  1.292074e-02 
 2.911542e+01  1.292777e-02 
 2.911581e+01  1.293600e-02 
 2.911621e+01  1.294546e-02 
 2.911661e+01  1.295598e-02 
 2.911701e+01  1.296736e-02 
 2.911740e+01  1.297942e-02 
 2.911780e+01  1.299197e-02 
 2.911820e+01  1.300482e-02 
 2.911860e+01  1.301774e-02 
 2.911900e+01  1.303037e-02 
 2.911939e+01  1.304238e-02 
 2.911979e+01  1.305338e-02 
 2.912019e+01  1.306312e-02 
 2.912059e+01  1.307145e-02 
 2.912098e+01  1.307836e-02 
 2.912138e+01  1.308394e-02 
 2.912178e+01  1.308844e-02 
 2.912218e+01  1.309227e-02 
 2.912257e+01  1.309581e-02 
 2.912297e+01  1.309944e-02 
 2.912337e+01  1.310360e-02 
 2.912377e+01  1.310865e-02 
 2.912417e+01  1.311503e-02 
 2.912456e+01  1.312289e-02 
 2.912496e+01  1.313229e-02 
 2.912536e+01  1.314304e-02 
 2.912576e+01  1.315482e-02 
 2.912615e+01  1.316749e-02 
 2.912655e+01  1.318089e-02 
 2.912695e+01  1.319481e-02 
 2.912735e+01  1.320886e-02 
 2.912774e+01  1.322276e-02 
 2.912814e+01  1.323623e-02 
 2.912854e+01  1.324894e-02 
 2.912894e+01  1.326051e-02 
 2.912934e+01  1.327056e-02 
 2.912973e+01  1.327909e-02 
 2.913013e+01  1.328621e-02 
 2.913053e+01  1.329231e-02 
 2.913093e+01  1.329790e-02 
 2.913132e+01  1.330337e-02 
 2.913172e+01  1.330907e-02 
 2.913212e+01  1.331513e-02 
 2.913252e+01  1.332183e-02 
 2.913291e+01  1.332916e-02 
 2.913331e+01  1.333707e-02 
 2.913371e+01  1.334560e-02 
 2.913411e+01  1.335469e-02 
 2.913451e+01  1.336412e-02 
 2.913490e+01  1.337372e-02 
 2.913530e+01  1.338312e-02 
 2.913570e+01  1.339196e-02 
 2.913610e+01  1.339982e-02 
 2.913649e+01  1.340638e-02 
 2.913689e+01  1.341141e-02 
 2.913729e+01  1.341473e-02 
 2.913769e+01  1.341614e-02 
 2.913808e+01  1.341570e-02 
 2.913848e+01  1.341346e-02 
 2.913888e+01  1.340966e-02 
 2.913928e+01  1.340457e-02 
 2.913968e+01  1.339860e-02 
 2.914007e+01  1.339215e-02 
 2.914047e+01  1.338555e-02 
 2.914087e+01  1.337907e-02 
 2.914127e+01  1.337274e-02 
 2.914166e+01  1.336655e-02 
 2.914206e+01  1.336034e-02 
 2.914246e+01  1.335391e-02 
 2.914286e+01  1.334704e-02 
 2.914325e+01  1.333939e-02 
 2.914365e+01  1.333076e-02 
 2.914405e+01  1.332081e-02 
 2.914445e+01  1.330939e-02 
 2.914485e+01  1.329618e-02 
 2.914524e+01  1.328090e-02 
 2.914564e+01  1.326347e-02 
 2.914604e+01  1.324379e-02 
 2.914644e+01  1.322193e-02 
 2.914683e+01  1.319810e-02 
 2.914723e+01  1.317242e-02 
 2.914763e+01  1.314519e-02 
 2.914803e+01  1.311681e-02 
 2.914842e+01  1.308784e-02 
 2.914882e+01  1.305896e-02 
 2.914922e+01  1.303064e-02 
 2.914962e+01  1.300351e-02 
 2.915002e+01  1.297809e-02 
 2.915041e+01  1.295462e-02 
 2.915081e+01  1.293311e-02 
 2.915121e+01  1.291343e-02 
 2.915161e+01  1.289542e-02 
 2.915200e+01  1.287892e-02 
 2.915240e+01  1.286371e-02 
 2.915280e+01  1.284965e-02 
 2.915320e+01  1.283646e-02 
 2.915360e+01  1.282374e-02 
 2.915399e+01  1.281100e-02 
 2.915439e+01  1.279783e-02 
 2.915479e+01  1.278386e-02 
 2.915519e+01  1.276890e-02 
 2.915558e+01  1.275293e-02 
 2.915598e+01  1.273609e-02 
 2.915638e+01  1.271851e-02 
 2.915678e+01  1.270033e-02 
 2.915717e+01  1.268183e-02 
 2.915757e+01  1.266311e-02 
 2.915797e+01  1.264436e-02 
 2.915837e+01  1.262574e-02 
 2.915877e+01  1.260739e-02 
 2.915916e+01  1.258942e-02 
 2.915956e+01  1.257190e-02 
 2.915996e+01  1.255480e-02 
 2.916036e+01  1.253803e-02 
 2.916075e+01  1.252133e-02 
 2.916115e+01  1.250431e-02 
 2.916155e+01  1.248677e-02 
 2.916195e+01  1.246855e-02 
 2.916234e+01  1.244944e-02 
 2.916274e+01  1.242925e-02 
 2.916314e+01  1.240802e-02 
 2.916354e+01  1.238580e-02 
 2.916394e+01  1.236273e-02 
 2.916433e+01  1.233906e-02 
 2.916473e+01  1.231508e-02 
 2.916513e+01  1.229103e-02 
 2.916553e+01  1.226729e-02 
 2.916592e+01  1.224437e-02 
 2.916632e+01  1.222272e-02 
 2.916672e+01  1.220279e-02 
 2.916712e+01  1.218490e-02 
 2.916751e+01  1.216954e-02 
 2.916791e+01  1.215711e-02 
 2.916831e+01  1.214780e-02 
 2.916871e+01  1.214171e-02 
 2.916911e+01  1.213883e-02 
 2.916950e+01  1.213890e-02 
 2.916990e+01  1.214173e-02 
 2.917030e+01  1.214703e-02 
 2.917070e+01  1.215451e-02 
 2.917109e+01  1.216360e-02 
 2.917149e+01  1.217395e-02 
 2.917189e+01  1.218536e-02 
 2.917229e+01  1.219767e-02 
 2.917268e+01  1.221062e-02 
 2.917308e+01  1.222407e-02 
 2.917348e+01  1.223810e-02 
 2.917388e+01  1.225273e-02 
 2.917428e+01  1.226808e-02 
 2.917467e+01  1.228438e-02 
 2.917507e+01  1.230172e-02 
 2.917547e+01  1.232017e-02 
 2.917587e+01  1.233988e-02 
 2.917626e+01  1.236086e-02 
 2.917666e+01  1.238307e-02 
 2.917706e+01  1.240641e-02 
 2.917746e+01  1.243071e-02 
 2.917785e+01  1.245577e-02 
 2.917825e+01  1.248133e-02 
 2.917865e+01  1.250703e-02 
 2.917905e+01  1.253241e-02 
 2.917945e+01  1.255708e-02 
 2.917984e+01  1.258071e-02 
 2.918024e+01  1.260304e-02 
 2.918064e+01  1.262413e-02 
 2.918104e+01  1.264398e-02 
 2.918143e+01  1.266287e-02 
 2.918183e+01  1.268112e-02 
 2.918223e+01  1.269917e-02 
 2.918263e+01  1.271726e-02 
 2.918302e+01  1.273561e-02 
 2.918342e+01  1.275439e-02 
 2.918382e+01  1.277373e-02 
 2.918422e+01  1.279391e-02 
 2.918462e+01  1.281506e-02 
 2.918501e+01  1.283738e-02 
 2.918541e+01  1.286110e-02 
 2.918581e+01  1.288630e-02 
 2.918621e+01  1.291306e-02 
 2.918660e+01  1.294134e-02 
 2.918700e+01  1.297094e-02 
 2.918740e+01  1.300157e-02 
 2.918780e+01  1.303298e-02 
 2.918819e+01  1.306488e-02 
 2.918859e+01  1.309689e-02 
 2.918899e+01  1.312863e-02 
 2.918939e+01  1.315988e-02 
 2.918979e+01  1.319052e-02 
 2.919018e+01  1.322054e-02 
 2.919058e+01  1.325003e-02 
 2.919098e+01  1.327924e-02 
 2.919138e+01  1.330832e-02 
 2.919177e+01  1.333756e-02 
 2.919217e+01  1.336716e-02 
 2.919257e+01  1.339720e-02 
 2.919297e+01  1.342765e-02 
 2.919336e+01  1.345847e-02 
 2.919376e+01  1.348970e-02 
 2.919416e+01  1.352127e-02 
 2.919456e+01  1.355305e-02 
 2.919496e+01  1.358482e-02 
 2.919535e+01  1.361631e-02 
 2.919575e+01  1.364710e-02 
 2.919615e+01  1.367674e-02 
 2.919655e+01  1.370470e-02 
 2.919694e+01  1.373043e-02 
 2.919734e+01  1.375342e-02 
 2.919774e+01  1.377336e-02 
 2.919814e+01  1.379000e-02 
 2.919853e+01  1.380330e-02 
 2.919893e+01  1.381335e-02 
 2.919933e+01  1.382046e-02 
 2.919973e+01  1.382499e-02 
 2.920013e+01  1.382744e-02 
 2.920052e+01  1.382842e-02 
 2.920092e+01  1.382847e-02 
 2.920132e+01  1.382811e-02 
 2.920172e+01  1.382776e-02 
 2.920211e+01  1.382781e-02 
 2.920251e+01  1.382850e-02 
 2.920291e+01  1.383011e-02 
 2.920331e+01  1.383291e-02 
 2.920370e+01  1.383717e-02 
 2.920410e+01  1.384299e-02 
 2.920450e+01  1.385022e-02 
 2.920490e+01  1.385866e-02 
 2.920530e+01  1.386796e-02 
 2.920569e+01  1.387779e-02 
 2.920609e+01  1.388780e-02 
 2.920649e+01  1.389775e-02 
 2.920689e+01  1.390760e-02 
 2.920728e+01  1.391740e-02 
 2.920768e+01  1.392748e-02 
 2.920808e+01  1.393811e-02 
 2.920848e+01  1.394954e-02 
 2.920887e+01  1.396190e-02 
 2.920927e+01  1.397532e-02 
 2.920967e+01  1.399004e-02 
 2.921007e+01  1.400605e-02 
 2.921047e+01  1.402331e-02 
 2.921086e+01  1.404173e-02 
 2.921126e+01  1.406111e-02 
 2.921166e+01  1.408132e-02 
 2.921206e+01  1.410217e-02 
 2.921245e+01  1.412338e-02 
 2.921285e+01  1.414470e-02 
 2.921325e+01  1.416577e-02 
 2.921365e+01  1.418626e-02 
 2.921404e+01  1.420580e-02 
 2.921444e+01  1.422390e-02 
 2.921484e+01  1.424008e-02 
 2.921524e+01  1.425400e-02 
 2.921564e+01  1.426552e-02 
 2.921603e+01  1.427460e-02 
 2.921643e+01  1.428128e-02 
 2.921683e+01  1.428570e-02 
 2.921723e+01  1.428807e-02 
 2.921762e+01  1.428863e-02 
 2.921802e+01  1.428779e-02 
 2.921842e+01  1.428597e-02 
 2.921882e+01  1.428356e-02 
 2.921921e+01  1.428099e-02 
 2.921961e+01  1.427877e-02 
 2.922001e+01  1.427719e-02 
 2.922041e+01  1.427655e-02 
 2.922081e+01  1.427701e-02 
 2.922120e+01  1.427857e-02 
 2.922160e+01  1.428132e-02 
 2.922200e+01  1.428518e-02 
 2.922240e+01  1.429002e-02 
 2.922279e+01  1.429568e-02 
 2.922319e+01  1.430189e-02 
 2.922359e+01  1.430859e-02 
 2.922399e+01  1.431574e-02 
 2.922438e+01  1.432332e-02 
 2.922478e+01  1.433131e-02 
 2.922518e+01  1.433979e-02 
 2.922558e+01  1.434888e-02 
 2.922598e+01  1.435869e-02 
 2.922637e+01  1.436932e-02 
 2.922677e+01  1.438087e-02 
 2.922717e+01  1.439340e-02 
 2.922757e+01  1.440706e-02 
 2.922796e+01  1.442197e-02 
 2.922836e+01  1.443818e-02 
 2.922876e+01  1.445560e-02 
 2.922916e+01  1.447398e-02 
 2.922955e+01  1.449300e-02 
 2.922995e+01  1.451236e-02 
 2.923035e+01  1.453161e-02 
 2.923075e+01  1.455021e-02 
 2.923115e+01  1.456766e-02 
 2.923154e+01  1.458346e-02 
 2.923194e+01  1.459732e-02 
 2.923234e+01  1.460880e-02 
 2.923274e+01  1.461764e-02 
 2.923313e+01  1.462375e-02 
 2.923353e+01  1.462706e-02 
 2.923393e+01  1.462764e-02 
 2.923433e+01  1.462570e-02 
 2.923472e+01  1.462146e-02 
 2.923512e+01  1.461505e-02 
 2.923552e+01  1.460698e-02 
 2.923592e+01  1.459752e-02 
 2.923632e+01  1.458702e-02 
 2.923671e+01  1.457572e-02 
 2.923711e+01  1.456386e-02 
 2.923751e+01  1.455163e-02 
 2.923791e+01  1.453898e-02 
 2.923830e+01  1.452585e-02 
 2.923870e+01  1.451208e-02 
 2.923910e+01  1.449748e-02 
 2.923950e+01  1.448179e-02 
 2.923989e+01  1.446491e-02 
 2.924029e+01  1.444679e-02 
 2.924069e+01  1.442737e-02 
 2.924109e+01  1.440672e-02 
 2.924149e+01  1.438498e-02 
 2.924188e+01  1.436231e-02 
 2.924228e+01  1.433883e-02 
 2.924268e+01  1.431478e-02 
 2.924308e+01  1.429047e-02 
 2.924347e+01  1.426603e-02 
 2.924387e+01  1.424184e-02 
 2.924427e+01  1.421819e-02 
 2.924467e+01  1.419529e-02 
 2.924506e+01  1.417340e-02 
 2.924546e+01  1.415270e-02 
 2.924586e+01  1.413326e-02 
 2.924626e+01  1.411510e-02 
 2.924666e+01  1.409813e-02 
 2.924705e+01  1.408221e-02 
 2.924745e+01  1.406723e-02 
 2.924785e+01  1.405277e-02 
 2.924825e+01  1.403832e-02 
 2.924864e+01  1.402342e-02 
 2.924904e+01  1.400747e-02 
 2.924944e+01  1.399019e-02 
 2.924984e+01  1.397124e-02 
 2.925024e+01  1.395038e-02 
 2.925063e+01  1.392741e-02 
 2.925103e+01  1.390230e-02 
 2.925143e+01  1.387515e-02 
 2.925183e+01  1.384609e-02 
 2.925222e+01  1.381530e-02 
 2.925262e+01  1.378286e-02 
 2.925302e+01  1.374919e-02 
 2.925342e+01  1.371460e-02 
 2.925381e+01  1.367946e-02 
 2.925421e+01  1.364412e-02 
 2.925461e+01  1.360888e-02 
 2.925501e+01  1.357399e-02 
 2.925541e+01  1.353957e-02 
 2.925580e+01  1.350570e-02 
 2.925620e+01  1.347231e-02 
 2.925660e+01  1.343932e-02 
 2.925700e+01  1.340659e-02 
 2.925739e+01  1.337393e-02 
 2.925779e+01  1.334138e-02 
 2.925819e+01  1.330875e-02 
 2.925859e+01  1.327596e-02 
 2.925898e+01  1.324318e-02 
 2.925938e+01  1.321048e-02 
 2.925978e+01  1.317821e-02 
 2.926018e+01  1.314658e-02 
 2.926058e+01  1.311593e-02 
 2.926097e+01  1.308671e-02 
 2.926137e+01  1.305921e-02 
 2.926177e+01  1.303381e-02 
 2.926217e+01  1.301070e-02 
 2.926256e+01  1.299013e-02 
 2.926296e+01  1.297217e-02 
 2.926336e+01  1.295710e-02 
 2.926376e+01  1.294495e-02 
 2.926415e+01  1.293573e-02 
 2.926455e+01  1.292920e-02 
 2.926495e+01  1.292513e-02 
 2.926535e+01  1.292316e-02 
 2.926575e+01  1.292283e-02 
 2.926614e+01  1.292363e-02 
 2.926654e+01  1.292501e-02 
 2.926694e+01  1.292658e-02 
 2.926734e+01  1.292813e-02 
 2.926773e+01  1.292942e-02 
 2.926813e+01  1.293037e-02 
 2.926853e+01  1.293091e-02 
 2.926893e+01  1.293104e-02 
 2.926932e+01  1.293094e-02 
 2.926972e+01  1.293069e-02 
 2.927012e+01  1.293041e-02 
 2.927052e+01  1.293028e-02 
 2.927092e+01  1.293053e-02 
 2.927131e+01  1.293136e-02 
 2.927171e+01  1.293301e-02 
 2.927211e+01  1.293559e-02 
 2.927251e+01  1.293914e-02 
 2.927290e+01  1.294364e-02 
 2.927330e+01  1.294899e-02 
 2.927370e+01  1.295507e-02 
 2.927410e+01  1.296160e-02 
 2.927449e+01  1.296838e-02 
 2.927489e+01  1.297529e-02 
 2.927529e+01  1.298222e-02 
 2.927569e+01  1.298920e-02 
 2.927609e+01  1.299632e-02 
 2.927648e+01  1.300369e-02 
 2.927688e+01  1.301143e-02 
 2.927728e+01  1.301957e-02 
 2.927768e+01  1.302822e-02 
 2.927807e+01  1.303750e-02 
 2.927847e+01  1.304749e-02 
 2.927887e+01  1.305851e-02 
 2.927927e+01  1.307086e-02 
 2.927966e+01  1.308471e-02 
 2.928006e+01  1.310028e-02 
 2.928046e+01  1.311765e-02 
 2.928086e+01  1.313684e-02 
 2.928126e+01  1.315775e-02 
 2.928165e+01  1.318022e-02 
 2.928205e+01  1.320398e-02 
 2.928245e+01  1.322875e-02 
 2.928285e+01  1.325424e-02 
 2.928324e+01  1.328016e-02 
 2.928364e+01  1.330609e-02 
 2.928404e+01  1.333173e-02 
 2.928444e+01  1.335684e-02 
 2.928483e+01  1.338125e-02 
 2.928523e+01  1.340487e-02 
 2.928563e+01  1.342760e-02 
 2.928603e+01  1.344949e-02 
 2.928643e+01  1.347053e-02 
 2.928682e+01  1.349083e-02 
 2.928722e+01  1.351051e-02 
 2.928762e+01  1.352974e-02 
 2.928802e+01  1.354878e-02 
 2.928841e+01  1.356787e-02 
 2.928881e+01  1.358724e-02 
 2.928921e+01  1.360705e-02 
 2.928961e+01  1.362736e-02 
 2.929000e+01  1.364803e-02 
 2.929040e+01  1.366878e-02 
 2.929080e+01  1.368930e-02 
 2.929120e+01  1.370932e-02 
 2.929160e+01  1.372859e-02 
 2.929199e+01  1.374693e-02 
 2.929239e+01  1.376420e-02 
 2.929279e+01  1.378030e-02 
 2.929319e+01  1.379523e-02 
 2.929358e+01  1.380890e-02 
 2.929398e+01  1.382128e-02 
 2.929438e+01  1.383241e-02 
 2.929478e+01  1.384229e-02 
 2.929517e+01  1.385116e-02 
 2.929557e+01  1.385935e-02 
 2.929597e+01  1.386719e-02 
 2.929637e+01  1.387516e-02 
 2.929677e+01  1.388358e-02 
 2.929716e+01  1.389277e-02 
 2.929756e+01  1.390305e-02 
 2.929796e+01  1.391460e-02 
 2.929836e+01  1.392755e-02 
 2.929875e+01  1.394189e-02 
 2.929915e+01  1.395744e-02 
 2.929955e+01  1.397383e-02 
 2.929995e+01  1.399069e-02 
 2.930034e+01  1.400759e-02 
 2.930074e+01  1.402412e-02 
 2.930114e+01  1.404000e-02 
 2.930154e+01  1.405494e-02 
 2.930194e+01  1.406874e-02 
 2.930233e+01  1.408133e-02 
 2.930273e+01  1.409271e-02 
 2.930313e+01  1.410298e-02 
 2.930353e+01  1.411224e-02 
 2.930392e+01  1.412065e-02 
 2.930432e+01  1.412856e-02 
 2.930472e+01  1.413626e-02 
 2.930512e+01  1.414403e-02 
 2.930551e+01  1.415214e-02 
 2.930591e+01  1.416070e-02 
 2.930631e+01  1.416978e-02 
 2.930671e+01  1.417939e-02 
 2.930711e+01  1.418962e-02 
 2.930750e+01  1.420056e-02 
 2.930790e+01  1.421224e-02 
 2.930830e+01  1.422470e-02 
 2.930870e+01  1.423787e-02 
 2.930909e+01  1.425162e-02 
 2.930949e+01  1.426569e-02 
 2.930989e+01  1.427982e-02 
 2.931029e+01  1.429380e-02 
 2.931068e+01  1.430738e-02 
 2.931108e+01  1.432062e-02 
 2.931148e+01  1.433354e-02 
 2.931188e+01  1.434610e-02 
 2.931228e+01  1.435838e-02 
 2.931267e+01  1.437050e-02 
 2.931307e+01  1.438258e-02 
 2.931347e+01  1.439474e-02 
 2.931387e+01  1.440722e-02 
 2.931426e+01  1.442026e-02 
 2.931466e+01  1.443418e-02 
 2.931506e+01  1.444926e-02 
 2.931546e+01  1.446579e-02 
 2.931585e+01  1.448376e-02 
 2.931625e+01  1.450313e-02 
 2.931665e+01  1.452377e-02 
 2.931705e+01  1.454545e-02 
 2.931745e+01  1.456784e-02 
 2.931784e+01  1.459050e-02 
 2.931824e+01  1.461299e-02 
 2.931864e+01  1.463483e-02 
 2.931904e+01  1.465559e-02 
 2.931943e+01  1.467496e-02 
 2.931983e+01  1.469275e-02 
 2.932023e+01  1.470876e-02 
 2.932063e+01  1.472306e-02 
 2.932102e+01  1.473570e-02 
 2.932142e+01  1.474678e-02 
 2.932182e+01  1.475642e-02 
 2.932222e+01  1.476478e-02 
 2.932262e+01  1.477199e-02 
 2.932301e+01  1.477833e-02 
 2.932341e+01  1.478408e-02 
 2.932381e+01  1.478945e-02 
 2.932421e+01  1.479468e-02 
 2.932460e+01  1.479999e-02 
 2.932500e+01  1.480544e-02 
 2.932540e+01  1.481089e-02 
 2.932580e+01  1.481618e-02 
 2.932619e+01  1.482116e-02 
 2.932659e+01  1.482562e-02 
 2.932699e+01  1.482948e-02 
 2.932739e+01  1.483258e-02 
 2.932779e+01  1.483488e-02 
 2.932818e+01  1.483614e-02 
 2.932858e+01  1.483642e-02 
 2.932898e+01  1.483581e-02 
 2.932938e+01  1.483443e-02 
 2.932977e+01  1.483247e-02 
 2.933017e+01  1.483025e-02 
 2.933057e+01  1.482815e-02 
 2.933097e+01  1.482653e-02 
 2.933136e+01  1.482561e-02 
 2.933176e+01  1.482552e-02 
 2.933216e+01  1.482627e-02 
 2.933256e+01  1.482786e-02 
 2.933296e+01  1.483026e-02 
 2.933335e+01  1.483331e-02 
 2.933375e+01  1.483679e-02 
 2.933415e+01  1.484026e-02 
 2.933455e+01  1.484344e-02 
 2.933494e+01  1.484601e-02 
 2.933534e+01  1.484761e-02 
 2.933574e+01  1.484804e-02 
 2.933614e+01  1.484713e-02 
 2.933653e+01  1.484482e-02 
 2.933693e+01  1.484116e-02 
 2.933733e+01  1.483617e-02 
 2.933773e+01  1.482972e-02 
 2.933813e+01  1.482173e-02 
 2.933852e+01  1.481213e-02 
 2.933892e+01  1.480088e-02 
 2.933932e+01  1.478826e-02 
 2.933972e+01  1.477457e-02 
 2.934011e+01  1.476015e-02 
 2.934051e+01  1.474545e-02 
 2.934091e+01  1.473074e-02 
 2.934131e+01  1.471613e-02 
 2.934171e+01  1.470156e-02 
 2.934210e+01  1.468693e-02 
 2.934250e+01  1.467212e-02 
 2.934290e+01  1.465699e-02 
 2.934330e+01  1.464140e-02 
 2.934369e+01  1.462524e-02 
 2.934409e+01  1.460844e-02 
 2.934449e+01  1.459090e-02 
 2.934489e+01  1.457250e-02 
 2.934528e+01  1.455292e-02 
 2.934568e+01  1.453189e-02 
 2.934608e+01  1.450922e-02 
 2.934648e+01  1.448481e-02 
 2.934688e+01  1.445879e-02 
 2.934727e+01  1.443128e-02 
 2.934767e+01  1.440266e-02 
 2.934807e+01  1.437329e-02 
 2.934847e+01  1.434367e-02 
 2.934886e+01  1.431428e-02 
 2.934926e+01  1.428554e-02 
 2.934966e+01  1.425762e-02 
 2.935006e+01  1.423070e-02 
 2.935045e+01  1.420480e-02 
 2.935085e+01  1.417980e-02 
 2.935125e+01  1.415560e-02 
 2.935165e+01  1.413195e-02 
 2.935205e+01  1.410860e-02 
 2.935244e+01  1.408547e-02 
 2.935284e+01  1.406228e-02 
 2.935324e+01  1.403890e-02 
 2.935364e+01  1.401505e-02 
 2.935403e+01  1.399062e-02 
 2.935443e+01  1.396551e-02 
 2.935483e+01  1.393983e-02 
 2.935523e+01  1.391365e-02 
 2.935562e+01  1.388718e-02 
 2.935602e+01  1.386067e-02 
 2.935642e+01  1.383452e-02 
 2.935682e+01  1.380913e-02 
 2.935722e+01  1.378487e-02 
 2.935761e+01  1.376197e-02 
 2.935801e+01  1.374067e-02 
 2.935841e+01  1.372115e-02 
 2.935881e+01  1.370365e-02 
 2.935920e+01  1.368828e-02 
 2.935960e+01  1.367489e-02 
 2.936000e+01  1.366331e-02 
 2.936040e+01  1.365339e-02 
 2.936079e+01  1.364473e-02 
 2.936119e+01  1.363709e-02 
 2.936159e+01  1.363010e-02 
 2.936199e+01  1.362349e-02 
 2.936239e+01  1.361723e-02 
 2.936278e+01  1.361113e-02 
 2.936318e+01  1.360510e-02 
 2.936358e+01  1.359895e-02 
 2.936398e+01  1.359264e-02 
 2.936437e+01  1.358617e-02 
 2.936477e+01  1.357958e-02 
 2.936517e+01  1.357297e-02 
 2.936557e+01  1.356651e-02 
 2.936596e+01  1.356046e-02 
 2.936636e+01  1.355508e-02 
 2.936676e+01  1.355059e-02 
 2.936716e+01  1.354714e-02 
 2.936756e+01  1.354482e-02 
 2.936795e+01  1.354376e-02 
 2.936835e+01  1.354401e-02 
 2.936875e+01  1.354550e-02 
 2.936915e+01  1.354804e-02 
 2.936954e+01  1.355129e-02 
 2.936994e+01  1.355492e-02 
 2.937034e+01  1.355859e-02 
 2.937074e+01  1.356209e-02 
 2.937113e+01  1.356527e-02 
 2.937153e+01  1.356809e-02 
 2.937193e+01  1.357061e-02 
 2.937233e+01  1.357305e-02 
 2.937273e+01  1.357557e-02 
 2.937312e+01  1.357832e-02 
 2.937352e+01  1.358147e-02 
 2.937392e+01  1.358509e-02 
 2.937432e+01  1.358931e-02 
 2.937471e+01  1.359424e-02 
 2.937511e+01  1.360008e-02 
 2.937551e+01  1.360702e-02 
 2.937591e+01  1.361520e-02 
 2.937630e+01  1.362489e-02 
 2.937670e+01  1.363617e-02 
 2.937710e+01  1.364909e-02 
 2.937750e+01  1.366359e-02 
 2.937790e+01  1.367937e-02 
 2.937829e+01  1.369624e-02 
 2.937869e+01  1.371391e-02 
 2.937909e+01  1.373199e-02 
 2.937949e+01  1.375025e-02 
 2.937988e+01  1.376846e-02 
 2.938028e+01  1.378660e-02 
 2.938068e+01  1.380469e-02 
 2.938108e+01  1.382269e-02 
 2.938147e+01  1.384061e-02 
 2.938187e+01  1.385848e-02 
 2.938227e+01  1.387626e-02 
 2.938267e+01  1.389401e-02 
 2.938307e+01  1.391184e-02 
 2.938346e+01  1.392990e-02 
 2.938386e+01  1.394840e-02 
 2.938426e+01  1.396766e-02 
 2.938466e+01  1.398785e-02 
 2.938505e+01  1.400894e-02 
 2.938545e+01  1.403085e-02 
 2.938585e+01  1.405324e-02 
 2.938625e+01  1.407576e-02 
 2.938664e+01  1.409820e-02 
 2.938704e+01  1.412028e-02 
 2.938744e+01  1.414173e-02 
 2.938784e+01  1.416235e-02 
 2.938824e+01  1.418217e-02 
 2.938863e+01  1.420097e-02 
 2.938903e+01  1.421856e-02 
 2.938943e+01  1.423494e-02 
 2.938983e+01  1.425016e-02 
 2.939022e+01  1.426432e-02 
 2.939062e+01  1.427767e-02 
 2.939102e+01  1.429049e-02 
 2.939142e+01  1.430314e-02 
 2.939181e+01  1.431602e-02 
 2.939221e+01  1.432951e-02 
 2.939261e+01  1.434396e-02 
 2.939301e+01  1.435961e-02 
 2.939341e+01  1.437657e-02 
 2.939380e+01  1.439494e-02 
 2.939420e+01  1.441478e-02 
 2.939460e+01  1.443596e-02 
 2.939500e+01  1.445830e-02 
 2.939539e+01  1.448157e-02 
 2.939579e+01  1.450555e-02 
 2.939619e+01  1.452999e-02 
 2.939659e+01  1.455458e-02 
 2.939698e+01  1.457903e-02 
 2.939738e+01  1.460296e-02 
 2.939778e+01  1.462618e-02 
 2.939818e+01  1.464864e-02 
 2.939858e+01  1.467036e-02 
 2.939897e+01  1.469148e-02 
 2.939937e+01  1.471232e-02 
 2.939977e+01  1.473319e-02 
 2.940017e+01  1.475433e-02 
 2.940056e+01  1.477594e-02 
 2.940096e+01  1.479809e-02 
 2.940136e+01  1.482070e-02 
 2.940176e+01  1.484372e-02 
 2.940215e+01  1.486707e-02 
 2.940255e+01  1.489066e-02 
 2.940295e+01  1.491436e-02 
 2.940335e+01  1.493793e-02 
 2.940375e+01  1.496119e-02 
 2.940414e+01  1.498395e-02 
 2.940454e+01  1.500604e-02 
 2.940494e+01  1.502724e-02 
 2.940534e+01  1.504737e-02 
 2.940573e+01  1.506628e-02 
 2.940613e+01  1.508387e-02 
 2.940653e+01  1.510006e-02 
 2.940693e+01  1.511475e-02 
 2.940732e+01  1.512788e-02 
 2.940772e+01  1.513956e-02 
 2.940812e+01  1.515001e-02 
 2.940852e+01  1.515954e-02 
 2.940892e+01  1.516846e-02 
 2.940931e+01  1.517707e-02 
 2.940971e+01  1.518568e-02 
 2.941011e+01  1.519472e-02 
 2.941051e+01  1.520445e-02 
 2.941090e+01  1.521504e-02 
 2.941130e+01  1.522660e-02 
 2.941170e+01  1.523922e-02 
 2.941210e+01  1.525296e-02 
 2.941249e+01  1.526782e-02 
 2.941289e+01  1.528373e-02 
 2.941329e+01  1.530061e-02 
 2.941369e+01  1.531823e-02 
 2.941409e+01  1.533633e-02 
 2.941448e+01  1.535476e-02 
 2.941488e+01  1.537330e-02 
 2.941528e+01  1.539170e-02 
 2.941568e+01  1.540982e-02 
 2.941607e+01  1.542762e-02 
 2.941647e+01  1.544519e-02 
 2.941687e+01  1.546269e-02 
 2.941727e+01  1.548028e-02 
 2.941766e+01  1.549809e-02 
 2.941806e+01  1.551629e-02 
 2.941846e+01  1.553492e-02 
 2.941886e+01  1.555402e-02 
 2.941926e+01  1.557370e-02 
 2.941965e+01  1.559397e-02 
 2.942005e+01  1.561485e-02 
 2.942045e+01  1.563625e-02 
 2.942085e+01  1.565805e-02 
 2.942124e+01  1.568004e-02 
 2.942164e+01  1.570189e-02 
 2.942204e+01  1.572323e-02 
 2.942244e+01  1.574365e-02 
 2.942283e+01  1.576269e-02 
 2.942323e+01  1.577993e-02 
 2.942363e+01  1.579512e-02 
 2.942403e+01  1.580804e-02 
 2.942443e+01  1.581873e-02 
 2.942482e+01  1.582720e-02 
 2.942522e+01  1.583351e-02 
 2.942562e+01  1.583775e-02 
 2.942602e+01  1.584010e-02 
 2.942641e+01  1.584076e-02 
 2.942681e+01  1.583986e-02 
 2.942721e+01  1.583772e-02 
 2.942761e+01  1.583460e-02 
 2.942800e+01  1.583079e-02 
 2.942840e+01  1.582640e-02 
 2.942880e+01  1.582151e-02 
 2.942920e+01  1.581603e-02 
 2.942960e+01  1.580968e-02 
 2.942999e+01  1.580240e-02 
 2.943039e+01  1.579405e-02 
 2.943079e+01  1.578458e-02 
 2.943119e+01  1.577401e-02 
 2.943158e+01  1.576242e-02 
 2.943198e+01  1.574991e-02 
 2.943238e+01  1.573669e-02 
 2.943278e+01  1.572277e-02 
 2.943318e+01  1.570826e-02 
 2.943357e+01  1.569332e-02 
 2.943397e+01  1.567816e-02 
 2.943437e+01  1.566289e-02 
 2.943477e+01  1.564772e-02 
 2.943516e+01  1.563285e-02 
 2.943556e+01  1.561841e-02 
 2.943596e+01  1.560455e-02 
 2.943636e+01  1.559138e-02 
 2.943675e+01  1.557913e-02 
 2.943715e+01  1.556788e-02 
 2.943755e+01  1.555753e-02 
 2.943795e+01  1.554797e-02 
 2.943835e+01  1.553902e-02 
 2.943874e+01  1.553040e-02 
 2.943914e+01  1.552175e-02 
 2.943954e+01  1.551273e-02 
 2.943994e+01  1.550309e-02 
 2.944033e+01  1.549247e-02 
 2.944073e+01  1.548056e-02 
 2.944113e+01  1.546719e-02 
 2.944153e+01  1.545230e-02 
 2.944192e+01  1.543576e-02 
 2.944232e+01  1.541771e-02 
 2.944272e+01  1.539822e-02 
 2.944312e+01  1.537755e-02 
 2.944352e+01  1.535594e-02 
 2.944391e+01  1.533366e-02 
 2.944431e+01  1.531095e-02 
 2.944471e+01  1.528799e-02 
 2.944511e+01  1.526491e-02 
 2.944550e+01  1.524174e-02 
 2.944590e+01  1.521854e-02 
 2.944630e+01  1.519542e-02 
 2.944670e+01  1.517241e-02 
 2.944709e+01  1.514943e-02 
 2.944749e+01  1.512647e-02 
 2.944789e+01  1.510342e-02 
 2.944829e+01  1.508016e-02 
 2.944869e+01  1.505642e-02 
 2.944908e+01  1.503201e-02 
 2.944948e+01  1.500686e-02 
 2.944988e+01  1.498094e-02 
 2.945028e+01  1.495426e-02 
 2.945067e+01  1.492693e-02 
 2.945107e+01  1.489919e-02 
 2.945147e+01  1.487112e-02 
 2.945187e+01  1.484315e-02 
 2.945226e+01  1.481564e-02 
 2.945266e+01  1.478894e-02 
 2.945306e+01  1.476338e-02 
 2.945346e+01  1.473934e-02 
 2.945386e+01  1.471701e-02 
 2.945425e+01  1.469654e-02 
 2.945465e+01  1.467784e-02 
 2.945505e+01  1.466069e-02 
 2.945545e+01  1.464500e-02 
 2.945584e+01  1.463069e-02 
 2.945624e+01  1.461767e-02 
 2.945664e+01  1.460590e-02 
 2.945704e+01  1.459516e-02 
 2.945743e+01  1.458516e-02 
 2.945783e+01  1.457554e-02 
 2.945823e+01  1.456591e-02 
 2.945863e+01  1.455607e-02 
 2.945903e+01  1.454581e-02 
 2.945942e+01  1.453512e-02 
 2.945982e+01  1.452402e-02 
 2.946022e+01  1.451283e-02 
 2.946062e+01  1.450180e-02 
 2.946101e+01  1.449124e-02 
 2.946141e+01  1.448141e-02 
 2.946181e+01  1.447240e-02 
 2.946221e+01  1.446437e-02 
 2.946260e+01  1.445729e-02 
 2.946300e+01  1.445105e-02 
 2.946340e+01  1.444566e-02 
 2.946380e+01  1.444098e-02 
 2.946420e+01  1.443686e-02 
 2.946459e+01  1.443317e-02 
 2.946499e+01  1.442986e-02 
 2.946539e+01  1.442674e-02 
 2.946579e+01  1.442362e-02 
 2.946618e+01  1.442029e-02 
 2.946658e+01  1.441653e-02 
 2.946698e+01  1.441213e-02 
 2.946738e+01  1.440683e-02 
 2.946777e+01  1.440057e-02 
 2.946817e+01  1.439345e-02 
 2.946857e+01  1.438562e-02 
 2.946897e+01  1.437730e-02 
 2.946937e+01  1.436874e-02 
 2.946976e+01  1.436022e-02 
 2.947016e+01  1.435198e-02 
 2.947056e+01  1.434422e-02 
 2.947096e+01  1.433716e-02 
 2.947135e+01  1.433103e-02 
 2.947175e+01  1.432593e-02 
 2.947215e+01  1.432205e-02 
 2.947255e+01  1.431957e-02 
 2.947294e+01  1.431852e-02 
 2.947334e+01  1.431891e-02 
 2.947374e+01  1.432068e-02 
 2.947414e+01  1.432371e-02 
 2.947454e+01  1.432782e-02 
 2.947493e+01  1.433284e-02 
 2.947533e+01  1.433873e-02 
 2.947573e+01  1.434547e-02 
 2.947613e+01  1.435298e-02 
 2.947652e+01  1.436119e-02 
 2.947692e+01  1.436990e-02 
 2.947732e+01  1.437904e-02 
 2.947772e+01  1.438859e-02 
 2.947811e+01  1.439865e-02 
 2.947851e+01  1.440930e-02 
 2.947891e+01  1.442078e-02 
 2.947931e+01  1.443335e-02 
 2.947971e+01  1.444716e-02 
 2.948010e+01  1.446235e-02 
 2.948050e+01  1.447882e-02 
 2.948090e+01  1.449635e-02 
 2.948130e+01  1.451455e-02 
 2.948169e+01  1.453300e-02 
 2.948209e+01  1.455142e-02 
 2.948249e+01  1.456962e-02 
 2.948289e+01  1.458732e-02 
 2.948328e+01  1.460425e-02 
 2.948368e+01  1.462033e-02 
 2.948408e+01  1.463543e-02 
 2.948448e+01  1.464953e-02 
 2.948488e+01  1.466271e-02 
 2.948527e+01  1.467505e-02 
 2.948567e+01  1.468661e-02 
 2.948607e+01  1.469758e-02 
 2.948647e+01  1.470804e-02 
 2.948686e+01  1.471825e-02 
 2.948726e+01  1.472847e-02 
 2.948766e+01  1.473897e-02 
 2.948806e+01  1.475016e-02 
 2.948845e+01  1.476235e-02 
 2.948885e+01  1.477583e-02 
 2.948925e+01  1.479075e-02 
 2.948965e+01  1.480708e-02 
 2.949005e+01  1.482477e-02 
 2.949044e+01  1.484371e-02 
 2.949084e+01  1.486374e-02 
 2.949124e+01  1.488473e-02 
 2.949164e+01  1.490666e-02 
 2.949203e+01  1.492944e-02 
 2.949243e+01  1.495292e-02 
 2.949283e+01  1.497697e-02 
 2.949323e+01  1.500156e-02 
 2.949362e+01  1.502664e-02 
 2.949402e+01  1.505214e-02 
 2.949442e+01  1.507805e-02 
 2.949482e+01  1.510447e-02 
 2.949522e+01  1.513137e-02 
 2.949561e+01  1.515877e-02 
 2.949601e+01  1.518682e-02 
 2.949641e+01  1.521559e-02 
 2.949681e+01  1.524521e-02 
 2.949720e+01  1.527584e-02 
 2.949760e+01  1.530756e-02 
 2.949800e+01  1.534038e-02 
 2.949840e+01  1.537404e-02 
 2.949879e+01  1.540827e-02 
 2.949919e+01  1.544274e-02 
 2.949959e+01  1.547723e-02 
 2.949999e+01  1.551154e-02 
 2.950039e+01  1.554535e-02 
 2.950078e+01  1.557850e-02 
 2.950118e+01  1.561081e-02 
 2.950158e+01  1.564211e-02 
 2.950198e+01  1.567224e-02 
 2.950237e+01  1.570117e-02 
 2.950277e+01  1.572877e-02 
 2.950317e+01  1.575500e-02 
 2.950357e+01  1.578001e-02 
 2.950396e+01  1.580402e-02 
 2.950436e+01  1.582733e-02 
 2.950476e+01  1.585030e-02 
 2.950516e+01  1.587310e-02 
 2.950556e+01  1.589603e-02 
 2.950595e+01  1.591947e-02 
 2.950635e+01  1.594359e-02 
 2.950675e+01  1.596850e-02 
 2.950715e+01  1.599431e-02 
 2.950754e+01  1.602102e-02 
 2.950794e+01  1.604854e-02 
 2.950834e+01  1.607663e-02 
 2.950874e+01  1.610514e-02 
 2.950913e+01  1.613385e-02 
 2.950953e+01  1.616243e-02 
 2.950993e+01  1.619071e-02 
 2.951033e+01  1.621856e-02 
 2.951073e+01  1.624590e-02 
 2.951112e+01  1.627265e-02 
 2.951152e+01  1.629897e-02 
 2.951192e+01  1.632505e-02 
 2.951232e+01  1.635105e-02 
 2.951271e+01  1.637713e-02 
 2.951311e+01  1.640343e-02 
 2.951351e+01  1.643003e-02 
 2.951391e+01  1.645705e-02 
 2.951430e+01  1.648454e-02 
 2.951470e+01  1.651260e-02 
 2.951510e+01  1.654122e-02 
 2.951550e+01  1.657044e-02 
 2.951590e+01  1.660024e-02 
 2.951629e+01  1.663058e-02 
 2.951669e+01  1.666118e-02 
 2.951709e+01  1.669192e-02 
 2.951749e+01  1.672246e-02 
 2.951788e+01  1.675241e-02 
 2.951828e+01  1.678145e-02 
 2.951868e+01  1.680915e-02 
 2.951908e+01  1.683519e-02 
 2.951947e+01  1.685944e-02 
 2.951987e+01  1.688183e-02 
 2.952027e+01  1.690221e-02 
 2.952067e+01  1.692080e-02 
 2.952107e+01  1.693773e-02 
 2.952146e+01  1.695309e-02 
 2.952186e+01  1.696705e-02 
 2.952226e+01  1.697968e-02 
 2.952266e+01  1.699109e-02 
 2.952305e+01  1.700136e-02 
 2.952345e+01  1.701059e-02 
 2.952385e+01  1.701883e-02 
 2.952425e+01  1.702612e-02 
 2.952465e+01  1.703244e-02 
 2.952504e+01  1.703772e-02 
 2.952544e+01  1.704198e-02 
 2.952584e+01  1.704521e-02 
 2.952624e+01  1.704741e-02 
 2.952663e+01  1.704852e-02 
 2.952703e+01  1.704854e-02 
 2.952743e+01  1.704739e-02 
 2.952783e+01  1.704511e-02 
 2.952822e+01  1.704183e-02 
 2.952862e+01  1.703752e-02 
 2.952902e+01  1.703237e-02 
 2.952942e+01  1.702654e-02 
 2.952982e+01  1.702019e-02 
 2.953021e+01  1.701350e-02 
 2.953061e+01  1.700675e-02 
 2.953101e+01  1.700009e-02 
 2.953141e+01  1.699361e-02 
 2.953180e+01  1.698739e-02 
 2.953220e+01  1.698143e-02 
 2.953260e+01  1.697581e-02 
 2.953300e+01  1.697054e-02 
 2.953339e+01  1.696557e-02 
 2.953379e+01  1.696098e-02 
 2.953419e+01  1.695668e-02 
 2.953459e+01  1.695258e-02 
 2.953499e+01  1.694846e-02 
 2.953538e+01  1.694401e-02 
 2.953578e+01  1.693890e-02 
 2.953618e+01  1.693283e-02 
 2.953658e+01  1.692559e-02 
 2.953697e+01  1.691711e-02 
 2.953737e+01  1.690740e-02 
 2.953777e+01  1.689642e-02 
 2.953817e+01  1.688427e-02 
 2.953856e+01  1.687108e-02 
 2.953896e+01  1.685697e-02 
 2.953936e+01  1.684207e-02 
 2.953976e+01  1.682669e-02 
 2.954016e+01  1.681111e-02 
 2.954055e+01  1.679568e-02 
 2.954095e+01  1.678056e-02 
 2.954135e+01  1.676602e-02 
 2.954175e+01  1.675201e-02 
 2.954214e+01  1.673838e-02 
 2.954254e+01  1.672511e-02 
 2.954294e+01  1.671212e-02 
 2.954334e+01  1.669937e-02 
 2.954373e+01  1.668676e-02 
 2.954413e+01  1.667422e-02 
 2.954453e+01  1.666167e-02 
 2.954493e+01  1.664902e-02 
 2.954533e+01  1.663612e-02 
 2.954572e+01  1.662294e-02 
 2.954612e+01  1.660957e-02 
 2.954652e+01  1.659591e-02 
 2.954692e+01  1.658210e-02 
 2.954731e+01  1.656824e-02 
 2.954771e+01  1.655453e-02 
 2.954811e+01  1.654116e-02 
 2.954851e+01  1.652840e-02 
 2.954890e+01  1.651659e-02 
 2.954930e+01  1.650580e-02 
 2.954970e+01  1.649601e-02 
 2.955010e+01  1.648719e-02 
 2.955050e+01  1.647912e-02 
 2.955089e+01  1.647144e-02 
 2.955129e+01  1.646387e-02 
 2.955169e+01  1.645605e-02 
 2.955209e+01  1.644774e-02 
 2.955248e+01  1.643885e-02 
 2.955288e+01  1.642919e-02 
 2.955328e+01  1.641866e-02 
 2.955368e+01  1.640710e-02 
 2.955407e+01  1.639437e-02 
 2.955447e+01  1.638040e-02 
 2.955487e+01  1.636528e-02 
 2.955527e+01  1.634905e-02 
 2.955567e+01  1.633198e-02 
 2.955606e+01  1.631440e-02 
 2.955646e+01  1.629665e-02 
 2.955686e+01  1.627898e-02 
 2.955726e+01  1.626165e-02 
 2.955765e+01  1.624482e-02 
 2.955805e+01  1.622870e-02 
 2.955845e+01  1.621343e-02 
 2.955885e+01  1.619915e-02 
 2.955924e+01  1.618598e-02 
 2.955964e+01  1.617400e-02 
 2.956004e+01  1.616325e-02 
 2.956044e+01  1.615369e-02 
 2.956084e+01  1.614534e-02 
 2.956123e+01  1.613792e-02 
 2.956163e+01  1.613115e-02 
 2.956203e+01  1.612489e-02 
 2.956243e+01  1.611882e-02 
 2.956282e+01  1.611272e-02 
 2.956322e+01  1.610641e-02 
 2.956362e+01  1.609971e-02 
 2.956402e+01  1.609245e-02 
 2.956441e+01  1.608466e-02 
 2.956481e+01  1.607656e-02 
 2.956521e+01  1.606828e-02 
 2.956561e+01  1.605991e-02 
 2.956601e+01  1.605167e-02 
 2.956640e+01  1.604369e-02 
 2.956680e+01  1.603600e-02 
 2.956720e+01  1.602861e-02 
 2.956760e+01  1.602166e-02 
 2.956799e+01  1.601509e-02 
 2.956839e+01  1.600891e-02 
 2.956879e+01  1.600310e-02 
 2.956919e+01  1.599764e-02 
 2.956958e+01  1.599247e-02 
 2.956998e+01  1.598734e-02 
 2.957038e+01  1.598198e-02 
 2.957078e+01  1.597599e-02 
 2.957118e+01  1.596907e-02 
 2.957157e+01  1.596093e-02 
 2.957197e+01  1.595158e-02 
 2.957237e+01  1.594125e-02 
 2.957277e+01  1.593017e-02 
 2.957316e+01  1.591879e-02 
 2.957356e+01  1.590741e-02 
 2.957396e+01  1.589632e-02 
 2.957436e+01  1.588567e-02 
 2.957475e+01  1.587557e-02 
 2.957515e+01  1.586614e-02 
 2.957555e+01  1.585735e-02 
 2.957595e+01  1.584933e-02 
 2.957635e+01  1.584207e-02 
 2.957674e+01  1.583570e-02 
 2.957714e+01  1.583036e-02 
 2.957754e+01  1.582596e-02 
 2.957794e+01  1.582241e-02 
 2.957833e+01  1.581955e-02 
 2.957873e+01  1.581724e-02 
 2.957913e+01  1.581523e-02 
 2.957953e+01  1.581340e-02 
 2.957992e+01  1.581167e-02 
 2.958032e+01  1.580994e-02 
 2.958072e+01  1.580834e-02 
 2.958112e+01  1.580683e-02 
 2.958152e+01  1.580554e-02 
 2.958191e+01  1.580470e-02 
 2.958231e+01  1.580445e-02 
 2.958271e+01  1.580502e-02 
 2.958311e+01  1.580661e-02 
 2.958350e+01  1.580934e-02 
 2.958390e+01  1.581331e-02 
 2.958430e+01  1.581864e-02 
 2.958470e+01  1.582545e-02 
 2.958509e+01  1.583377e-02 
 2.958549e+01  1.584358e-02 
 2.958589e+01  1.585474e-02 
 2.958629e+01  1.586725e-02 
 2.958669e+01  1.588086e-02 
 2.958708e+01  1.589526e-02 
 2.958748e+01  1.591028e-02 
 2.958788e+01  1.592567e-02 
 2.958828e+01  1.594116e-02 
 2.958867e+01  1.595660e-02 
 2.958907e+01  1.597186e-02 
 2.958947e+01  1.598709e-02 
 2.958987e+01  1.600227e-02 
 2.959026e+01  1.601734e-02 
 2.959066e+01  1.603262e-02 
 2.959106e+01  1.604836e-02 
 2.959146e+01  1.606480e-02 
 2.959186e+01  1.608211e-02 
 2.959225e+01  1.610049e-02 
 2.959265e+01  1.612006e-02 
 2.959305e+01  1.614078e-02 
 2.959345e+01  1.616249e-02 
 2.959384e+01  1.618510e-02 
 2.959424e+01  1.620850e-02 
 2.959464e+01  1.623267e-02 
 2.959504e+01  1.625751e-02 
 2.959543e+01  1.628307e-02 
 2.959583e+01  1.630933e-02 
 2.959623e+01  1.633621e-02 
 2.959663e+01  1.636372e-02 
 2.959703e+01  1.639175e-02 
 2.959742e+01  1.642019e-02 
 2.959782e+01  1.644885e-02 
 2.959822e+01  1.647759e-02 
 2.959862e+01  1.650634e-02 
 2.959901e+01  1.653511e-02 
 2.959941e+01  1.656402e-02 
 2.959981e+01  1.659318e-02 
 2.960021e+01  1.662289e-02 
 2.960060e+01  1.665347e-02 
 2.960100e+01  1.668518e-02 
 2.960140e+01  1.671818e-02 
 2.960180e+01  1.675259e-02 
 2.960220e+01  1.678835e-02 
 2.960259e+01  1.682521e-02 
 2.960299e+01  1.686293e-02 
 2.960339e+01  1.690121e-02 
 2.960379e+01  1.693987e-02 
 2.960418e+01  1.697869e-02 
 2.960458e+01  1.701734e-02 
 2.960498e+01  1.705560e-02 
 2.960538e+01  1.709306e-02 
 2.960577e+01  1.712924e-02 
 2.960617e+01  1.716382e-02 
 2.960657e+01  1.719658e-02 
 2.960697e+01  1.722736e-02 
 2.960737e+01  1.725603e-02 
 2.960776e+01  1.728259e-02 
 2.960816e+01  1.730731e-02 
 2.960856e+01  1.733048e-02 
 2.960896e+01  1.735241e-02 
 2.960935e+01  1.737342e-02 
 2.960975e+01  1.739372e-02 
 2.961015e+01  1.741357e-02 
 2.961055e+01  1.743302e-02 
 2.961094e+01  1.745218e-02 
 2.961134e+01  1.747114e-02 
 2.961174e+01  1.748990e-02 
 2.961214e+01  1.750843e-02 
 2.961254e+01  1.752679e-02 
 2.961293e+01  1.754499e-02 
 2.961333e+01  1.756296e-02 
 2.961373e+01  1.758046e-02 
 2.961413e+01  1.759734e-02 
 2.961452e+01  1.761348e-02 
 2.961492e+01  1.762878e-02 
 2.961532e+01  1.764315e-02 
 2.961572e+01  1.765665e-02 
 2.961612e+01  1.766940e-02 
 2.961651e+01  1.768164e-02 
 2.961691e+01  1.769364e-02 
 2.961731e+01  1.770553e-02 
 2.961771e+01  1.771733e-02 
 2.961810e+01  1.772920e-02 
 2.961850e+01  1.774107e-02 
 2.961890e+01  1.775315e-02 
 2.961930e+01  1.776537e-02 
 2.961969e+01  1.777767e-02 
 2.962009e+01  1.778993e-02 
 2.962049e+01  1.780208e-02 
 2.962089e+01  1.781398e-02 
 2.962129e+01  1.782541e-02 
 2.962168e+01  1.783608e-02 
 2.962208e+01  1.784567e-02 
 2.962248e+01  1.785387e-02 
 2.962288e+01  1.786057e-02 
 2.962327e+01  1.786552e-02 
 2.962367e+01  1.786868e-02 
 2.962407e+01  1.787011e-02 
 2.962447e+01  1.786986e-02 
 2.962486e+01  1.786784e-02 
 2.962526e+01  1.786405e-02 
 2.962566e+01  1.785851e-02 
 2.962606e+01  1.785114e-02 
 2.962646e+01  1.784200e-02 
 2.962685e+01  1.783116e-02 
 2.962725e+01  1.781889e-02 
 2.962765e+01  1.780539e-02 
 2.962805e+01  1.779095e-02 
 2.962844e+01  1.777608e-02 
 2.962884e+01  1.776104e-02 
 2.962924e+01  1.774583e-02 
 2.962964e+01  1.773050e-02 
 2.963003e+01  1.771518e-02 
 2.963043e+01  1.769984e-02 
 2.963083e+01  1.768430e-02 
 2.963123e+01  1.766836e-02 
 2.963163e+01  1.765189e-02 
 2.963202e+01  1.763485e-02 
 2.963242e+01  1.761724e-02 
 2.963282e+01  1.759923e-02 
 2.963322e+01  1.758108e-02 
 2.963361e+01  1.756287e-02 
 2.963401e+01  1.754492e-02 
 2.963441e+01  1.752760e-02 
 2.963481e+01  1.751101e-02 
 2.963520e+01  1.749537e-02 
 2.963560e+01  1.748070e-02 
 2.963600e+01  1.746711e-02 
 2.963640e+01  1.745477e-02 
 2.963680e+01  1.744388e-02 
 2.963719e+01  1.743446e-02 
 2.963759e+01  1.742642e-02 
 2.963799e+01  1.741965e-02 
 2.963839e+01  1.741407e-02 
 2.963878e+01  1.740942e-02 
 2.963918e+01  1.740519e-02 
 2.963958e+01  1.740095e-02 
 2.963998e+01  1.739632e-02 
 2.964037e+01  1.739110e-02 
 2.964077e+01  1.738513e-02 
 2.964117e+01  1.737838e-02 
 2.964157e+01  1.737088e-02 
 2.964197e+01  1.736271e-02 
 2.964236e+01  1.735422e-02 
 2.964276e+01  1.734557e-02 
 2.964316e+01  1.733696e-02 
 2.964356e+01  1.732843e-02 
 2.964395e+01  1.731994e-02 
 2.964435e+01  1.731145e-02 
 2.964475e+01  1.730291e-02 
 2.964515e+01  1.729429e-02 
 2.964554e+01  1.728560e-02 
 2.964594e+01  1.727694e-02 
 2.964634e+01  1.726832e-02 
 2.964674e+01  1.725972e-02 
 2.964714e+01  1.725100e-02 
 2.964753e+01  1.724215e-02 
 2.964793e+01  1.723304e-02 
 2.964833e+01  1.722351e-02 
 2.964873e+01  1.721345e-02 
 2.964912e+01  1.720277e-02 
 2.964952e+01  1.719151e-02 
 2.964992e+01  1.717967e-02 
 2.965032e+01  1.716744e-02 
 2.965071e+01  1.715493e-02 
 2.965111e+01  1.714216e-02 
 2.965151e+01  1.712917e-02 
 2.965191e+01  1.711628e-02 
 2.965231e+01  1.710373e-02 
 2.965270e+01  1.709176e-02 
 2.965310e+01  1.708047e-02 
 2.965350e+01  1.707007e-02 
 2.965390e+01  1.706065e-02 
 2.965429e+01  1.705213e-02 
 2.965469e+01  1.704458e-02 
 2.965509e+01  1.703807e-02 
 2.965549e+01  1.703249e-02 
 2.965588e+01  1.702779e-02 
 2.965628e+01  1.702398e-02 
 2.965668e+01  1.702095e-02 
 2.965708e+01  1.701828e-02 
 2.965748e+01  1.701541e-02 
 2.965787e+01  1.701173e-02 
 2.965827e+01  1.700686e-02 
 2.965867e+01  1.700042e-02 
 2.965907e+01  1.699214e-02 
 2.965946e+01  1.698201e-02 
 2.965986e+01  1.697019e-02 
 2.966026e+01  1.695684e-02 
 2.966066e+01  1.694228e-02 
 2.966105e+01  1.692677e-02 
 2.966145e+01  1.691033e-02 
 2.966185e+01  1.689304e-02 
 2.966225e+01  1.687504e-02 
 2.966265e+01  1.685637e-02 
 2.966304e+01  1.683709e-02 
 2.966344e+01  1.681727e-02 
 2.966384e+01  1.679701e-02 
 2.966424e+01  1.677634e-02 
 2.966463e+01  1.675529e-02 
 2.966503e+01  1.673395e-02 
 2.966543e+01  1.671226e-02 
 2.966583e+01  1.668996e-02 
 2.966622e+01  1.666702e-02 
 2.966662e+01  1.664332e-02 
 2.966702e+01  1.661878e-02 
 2.966742e+01  1.659349e-02 
 2.966782e+01  1.656757e-02 
 2.966821e+01  1.654124e-02 
 2.966861e+01  1.651472e-02 
 2.966901e+01  1.648834e-02 
 2.966941e+01  1.646237e-02 
 2.966980e+01  1.643713e-02 
 2.967020e+01  1.641294e-02 
 2.967060e+01  1.639008e-02 
 2.967100e+01  1.636876e-02 
 2.967139e+01  1.634914e-02 
 2.967179e+01  1.633125e-02 
 2.967219e+01  1.631520e-02 
 2.967259e+01  1.630090e-02 
 2.967299e+01  1.628814e-02 
 2.967338e+01  1.627671e-02 
 2.967378e+01  1.626648e-02 
 2.967418e+01  1.625750e-02 
 2.967458e+01  1.624934e-02 
 2.967497e+01  1.624185e-02 
 2.967537e+01  1.623480e-02 
 2.967577e+01  1.622800e-02 
 2.967617e+01  1.622131e-02 
 2.967656e+01  1.621456e-02 
 2.967696e+01  1.620796e-02 
 2.967736e+01  1.620146e-02 
 2.967776e+01  1.619511e-02 
 2.967816e+01  1.618896e-02 
 2.967855e+01  1.618309e-02 
 2.967895e+01  1.617744e-02 
 2.967935e+01  1.617197e-02 
 2.967975e+01  1.616684e-02 
 2.968014e+01  1.616212e-02 
 2.968054e+01  1.615787e-02 
 2.968094e+01  1.615413e-02 
 2.968134e+01  1.615091e-02 
 2.968173e+01  1.614815e-02 
 2.968213e+01  1.614572e-02 
 2.968253e+01  1.614348e-02 
 2.968293e+01  1.614124e-02 
 2.968333e+01  1.613884e-02 
 2.968372e+01  1.613603e-02 
 2.968412e+01  1.613287e-02 
 2.968452e+01  1.612943e-02 
 2.968492e+01  1.612594e-02 
 2.968531e+01  1.612255e-02 
 2.968571e+01  1.611941e-02 
 2.968611e+01  1.611672e-02 
 2.968651e+01  1.611470e-02 
 2.968690e+01  1.611351e-02 
 2.968730e+01  1.611331e-02 
 2.968770e+01  1.611429e-02 
 2.968810e+01  1.611673e-02 
 2.968850e+01  1.612100e-02 
 2.968889e+01  1.612740e-02 
 2.968929e+01  1.613624e-02 
 2.968969e+01  1.614763e-02 
 2.969009e+01  1.616154e-02 
 2.969048e+01  1.617774e-02 
 2.969088e+01  1.619601e-02 
 2.969128e+01  1.621612e-02 
 2.969168e+01  1.623790e-02 
 2.969207e+01  1.626125e-02 
 2.969247e+01  1.628597e-02 
 2.969287e+01  1.631198e-02 
 2.969327e+01  1.633919e-02 
 2.969367e+01  1.636754e-02 
 2.969406e+01  1.639694e-02 
 2.969446e+01  1.642725e-02 
 2.969486e+01  1.645835e-02 
 2.969526e+01  1.649007e-02 
 2.969565e+01  1.652264e-02 
 2.969605e+01  1.655627e-02 
 2.969645e+01  1.659105e-02 
 2.969685e+01  1.662713e-02 
 2.969724e+01  1.666461e-02 
 2.969764e+01  1.670349e-02 
 2.969804e+01  1.674352e-02 
 2.969844e+01  1.678446e-02 
 2.969884e+01  1.682610e-02 
 2.969923e+01  1.686798e-02 
 2.969963e+01  1.690963e-02 
 2.970003e+01  1.695063e-02 
 2.970043e+01  1.699062e-02 
 2.970082e+01  1.702923e-02 
 2.970122e+01  1.706611e-02 
 2.970162e+01  1.710111e-02 
 2.970202e+01  1.713421e-02 
 2.970241e+01  1.716543e-02 
 2.970281e+01  1.719491e-02 
 2.970321e+01  1.722287e-02 
 2.970361e+01  1.724941e-02 
 2.970401e+01  1.727479e-02 
 2.970440e+01  1.729917e-02 
 2.970480e+01  1.732272e-02 
 2.970520e+01  1.734564e-02 
 2.970560e+01  1.736811e-02 
 2.970599e+01  1.739026e-02 
 2.970639e+01  1.741236e-02 
 2.970679e+01  1.743459e-02 
 2.970719e+01  1.745697e-02 
 2.970759e+01  1.747962e-02 
 2.970798e+01  1.750258e-02 
 2.970838e+01  1.752574e-02 
 2.970878e+01  1.754899e-02 
 2.970918e+01  1.757198e-02 
 2.970957e+01  1.759441e-02 
 2.970997e+01  1.761597e-02 
 2.971037e+01  1.763646e-02 
 2.971077e+01  1.765585e-02 
 2.971116e+01  1.767418e-02 
 2.971156e+01  1.769149e-02 
 2.971196e+01  1.770791e-02 
 2.971236e+01  1.772358e-02 
 2.971276e+01  1.773857e-02 
 2.971315e+01  1.775294e-02 
 2.971355e+01  1.776672e-02 
 2.971395e+01  1.777987e-02 
 2.971435e+01  1.779243e-02 
 2.971474e+01  1.780438e-02 
 2.971514e+01  1.781569e-02 
 2.971554e+01  1.782640e-02 
 2.971594e+01  1.783637e-02 
 2.971633e+01  1.784538e-02 
 2.971673e+01  1.785325e-02 
 2.971713e+01  1.785976e-02 
 2.971753e+01  1.786478e-02 
 2.971793e+01  1.786821e-02 
 2.971832e+01  1.786984e-02 
 2.971872e+01  1.786946e-02 
 2.971912e+01  1.786694e-02 
 2.971952e+01  1.786220e-02 
 2.971991e+01  1.785509e-02 
 2.972031e+01  1.784571e-02 
 2.972071e+01  1.783421e-02 
 2.972111e+01  1.782077e-02 
 2.972150e+01  1.780564e-02 
 2.972190e+01  1.778912e-02 
 2.972230e+01  1.777152e-02 
 2.972270e+01  1.775299e-02 
 2.972310e+01  1.773380e-02 
 2.972349e+01  1.771411e-02 
 2.972389e+01  1.769426e-02 
 2.972429e+01  1.767459e-02 
 2.972469e+01  1.765525e-02 
 2.972508e+01  1.763645e-02 
 2.972548e+01  1.761827e-02 
 2.972588e+01  1.760066e-02 
 2.972628e+01  1.758347e-02 
 2.972667e+01  1.756655e-02 
 2.972707e+01  1.754968e-02 
 2.972747e+01  1.753271e-02 
 2.972787e+01  1.751551e-02 
 2.972827e+01  1.749826e-02 
 2.972866e+01  1.748117e-02 
 2.972906e+01  1.746431e-02 
 2.972946e+01  1.744792e-02 
 2.972986e+01  1.743227e-02 
 2.973025e+01  1.741754e-02 
 2.973065e+01  1.740389e-02 
 2.973105e+01  1.739137e-02 
 2.973145e+01  1.738000e-02 
 2.973184e+01  1.736965e-02 
 2.973224e+01  1.736035e-02 
 2.973264e+01  1.735192e-02 
 2.973304e+01  1.734443e-02 
 2.973344e+01  1.733780e-02 
 2.973383e+01  1.733171e-02 
 2.973423e+01  1.732587e-02 
 2.973463e+01  1.731985e-02 
 2.973503e+01  1.731326e-02 
 2.973542e+01  1.730577e-02 
 2.973582e+01  1.729728e-02 
 2.973622e+01  1.728774e-02 
 2.973662e+01  1.727718e-02 
 2.973701e+01  1.726531e-02 
 2.973741e+01  1.725220e-02 
 2.973781e+01  1.723791e-02 
 2.973821e+01  1.722233e-02 
 2.973861e+01  1.720537e-02 
 2.973900e+01  1.718713e-02 
 2.973940e+01  1.716790e-02 
 2.973980e+01  1.714805e-02 
 2.974020e+01  1.712795e-02 
 2.974059e+01  1.710791e-02 
 2.974099e+01  1.708818e-02 
 2.974139e+01  1.706870e-02 
 2.974179e+01  1.704927e-02 
 2.974218e+01  1.702989e-02 
 2.974258e+01  1.701048e-02 
 2.974298e+01  1.699106e-02 
 2.974338e+01  1.697163e-02 
 2.974378e+01  1.695219e-02 
 2.974417e+01  1.693287e-02 
 2.974457e+01  1.691379e-02 
 2.974497e+01  1.689492e-02 
 2.974537e+01  1.687634e-02 
 2.974576e+01  1.685818e-02 
 2.974616e+01  1.684047e-02 
 2.974656e+01  1.682331e-02 
 2.974696e+01  1.680684e-02 
 2.974735e+01  1.679114e-02 
 2.974775e+01  1.677627e-02 
 2.974815e+01  1.676232e-02 
 2.974855e+01  1.674940e-02 
 2.974895e+01  1.673760e-02 
 2.974934e+01  1.672699e-02 
 2.974974e+01  1.671771e-02 
 2.975014e+01  1.670967e-02 
 2.975054e+01  1.670283e-02 
 2.975093e+01  1.669690e-02 
 2.975133e+01  1.669150e-02 
 2.975173e+01  1.668610e-02 
 2.975213e+01  1.668037e-02 
 2.975252e+01  1.667387e-02 
 2.975292e+01  1.666627e-02 
 2.975332e+01  1.665722e-02 
 2.975372e+01  1.664658e-02 
 2.975412e+01  1.663416e-02 
 2.975451e+01  1.661982e-02 
 2.975491e+01  1.660358e-02 
 2.975531e+01  1.658542e-02 
 2.975571e+01  1.656524e-02 
 2.975610e+01  1.654297e-02 
 2.975650e+01  1.651883e-02 
 2.975690e+01  1.649301e-02 
 2.975730e+01  1.646568e-02 
 2.975769e+01  1.643715e-02 
 2.975809e+01  1.640779e-02 
 2.975849e+01  1.637795e-02 
 2.975889e+01  1.634773e-02 
 2.975929e+01  1.631736e-02 
 2.975968e+01  1.628691e-02 
 2.976008e+01  1.625619e-02 
 2.976048e+01  1.622496e-02 
 2.976088e+01  1.619308e-02 
 2.976127e+01  1.616049e-02 
 2.976167e+01  1.612720e-02 
 2.976207e+01  1.609324e-02 
 2.976247e+01  1.605869e-02 
 2.976286e+01  1.602361e-02 
 2.976326e+01  1.598808e-02 
 2.976366e+01  1.595204e-02 
 2.976406e+01  1.591573e-02 
 2.976446e+01  1.587943e-02 
 2.976485e+01  1.584331e-02 
 2.976525e+01  1.580753e-02 
 2.976565e+01  1.577242e-02 
 2.976605e+01  1.573816e-02 
 2.976644e+01  1.570489e-02 
 2.976684e+01  1.567273e-02 
 2.976724e+01  1.564173e-02 
 2.976764e+01  1.561193e-02 
 2.976803e+01  1.558325e-02 
 2.976843e+01  1.555575e-02 
 2.976883e+01  1.552935e-02 
 2.976923e+01  1.550393e-02 
 2.976963e+01  1.547918e-02 
 2.977002e+01  1.545478e-02 
 2.977042e+01  1.543023e-02 
 2.977082e+01  1.540533e-02 
 2.977122e+01  1.537997e-02 
 2.977161e+01  1.535422e-02 
 2.977201e+01  1.532821e-02 
 2.977241e+01  1.530204e-02 
 2.977281e+01  1.527602e-02 
 2.977320e+01  1.525024e-02 
 2.977360e+01  1.522472e-02 
 2.977400e+01  1.519952e-02 
 2.977440e+01  1.517466e-02 
 2.977480e+01  1.515025e-02 
 2.977519e+01  1.512641e-02 
 2.977559e+01  1.510344e-02 
 2.977599e+01  1.508153e-02 
 2.977639e+01  1.506079e-02 
 2.977678e+01  1.504146e-02 
 2.977718e+01  1.502366e-02 
 2.977758e+01  1.500731e-02 
 2.977798e+01  1.499238e-02 
 2.977837e+01  1.497878e-02 
 2.977877e+01  1.496634e-02 
 2.977917e+01  1.495485e-02 
 2.977957e+01  1.494414e-02 
 2.977997e+01  1.493424e-02 
 2.978036e+01  1.492504e-02 
 2.978076e+01  1.491654e-02 
 2.978116e+01  1.490882e-02 
 2.978156e+01  1.490211e-02 
 2.978195e+01  1.489660e-02 
 2.978235e+01  1.489231e-02 
 2.978275e+01  1.488938e-02 
 2.978315e+01  1.488806e-02 
 2.978354e+01  1.488857e-02 
 2.978394e+01  1.489099e-02 
 2.978434e+01  1.489556e-02 
 2.978474e+01  1.490245e-02 
 2.978514e+01  1.491151e-02 
 2.978553e+01  1.492258e-02 
 2.978593e+01  1.493552e-02 
 2.978633e+01  1.495003e-02 
 2.978673e+01  1.496583e-02 
 2.978712e+01  1.498261e-02 
 2.978752e+01  1.500026e-02 
 2.978792e+01  1.501855e-02 
 2.978832e+01  1.503724e-02 
 2.978871e+01  1.505614e-02 
 2.978911e+01  1.507526e-02 
 2.978951e+01  1.509434e-02 
 2.978991e+01  1.511332e-02 
 2.979031e+01  1.513235e-02 
 2.979070e+01  1.515152e-02 
 2.979110e+01  1.517092e-02 
 2.979150e+01  1.519073e-02 
 2.979190e+01  1.521107e-02 
 2.979229e+01  1.523202e-02 
 2.979269e+01  1.525368e-02 
 2.979309e+01  1.527609e-02 
 2.979349e+01  1.529924e-02 
 2.979388e+01  1.532304e-02 
 2.979428e+01  1.534739e-02 
 2.979468e+01  1.537221e-02 
 2.979508e+01  1.539728e-02 
 2.979548e+01  1.542240e-02 
 2.979587e+01  1.544739e-02 
 2.979627e+01  1.547209e-02 
 2.979667e+01  1.549655e-02 
 2.979707e+01  1.552082e-02 
 2.979746e+01  1.554493e-02 
 2.979786e+01  1.556888e-02 
 2.979826e+01  1.559283e-02 
 2.979866e+01  1.561677e-02 
 2.979906e+01  1.564092e-02 
 2.979945e+01  1.566541e-02 
 2.979985e+01  1.569045e-02 
 2.980025e+01  1.571627e-02 
 2.980065e+01  1.574320e-02 
 2.980104e+01  1.577148e-02 
 2.980144e+01  1.580116e-02 
 2.980184e+01  1.583233e-02 
 2.980224e+01  1.586493e-02 
 2.980263e+01  1.589874e-02 
 2.980303e+01  1.593354e-02 
 2.980343e+01  1.596921e-02 
 2.980383e+01  1.600544e-02 
 2.980423e+01  1.604190e-02 
 2.980462e+01  1.607825e-02 
 2.980502e+01  1.611432e-02 
 2.980542e+01  1.614984e-02 
 2.980582e+01  1.618449e-02 
 2.980621e+01  1.621795e-02 
 2.980661e+01  1.625013e-02 
 2.980701e+01  1.628071e-02 
 2.980741e+01  1.630936e-02 
 2.980780e+01  1.633611e-02 
 2.980820e+01  1.636104e-02 
 2.980860e+01  1.638416e-02 
 2.980900e+01  1.640572e-02 
 2.980940e+01  1.642599e-02 
 2.980979e+01  1.644525e-02 
 2.981019e+01  1.646353e-02 
 2.981059e+01  1.648094e-02 
 2.981099e+01  1.649748e-02 
 2.981138e+01  1.651302e-02 
 2.981178e+01  1.652733e-02 
 2.981218e+01  1.654035e-02 
 2.981258e+01  1.655210e-02 
 2.981297e+01  1.656249e-02 
 2.981337e+01  1.657164e-02 
 2.981377e+01  1.657949e-02 
 2.981417e+01  1.658588e-02 
 2.981457e+01  1.659093e-02 
 2.981496e+01  1.659458e-02 
 2.981536e+01  1.659697e-02 
 2.981576e+01  1.659822e-02 
 2.981616e+01  1.659847e-02 
 2.981655e+01  1.659788e-02 
 2.981695e+01  1.659664e-02 
 2.981735e+01  1.659494e-02 
 2.981775e+01  1.659288e-02 
 2.981814e+01  1.659067e-02 
 2.981854e+01  1.658857e-02 
 2.981894e+01  1.658686e-02 
 2.981934e+01  1.658572e-02 
 2.981974e+01  1.658537e-02 
 2.982013e+01  1.658579e-02 
 2.982053e+01  1.658697e-02 
 2.982093e+01  1.658875e-02 
 2.982133e+01  1.659088e-02 
 2.982172e+01  1.659298e-02 
 2.982212e+01  1.659475e-02 
 2.982252e+01  1.659590e-02 
 2.982292e+01  1.659622e-02 
 2.982331e+01  1.659564e-02 
 2.982371e+01  1.659411e-02 
 2.982411e+01  1.659159e-02 
 2.982451e+01  1.658794e-02 
 2.982491e+01  1.658318e-02 
 2.982530e+01  1.657747e-02 
 2.982570e+01  1.657094e-02 
 2.982610e+01  1.656369e-02 
 2.982650e+01  1.655586e-02 
 2.982689e+01  1.654790e-02 
 2.982729e+01  1.654002e-02 
 2.982769e+01  1.653239e-02 
 2.982809e+01  1.652531e-02 
 2.982848e+01  1.651890e-02 
 2.982888e+01  1.651314e-02 
 2.982928e+01  1.650802e-02 
 2.982968e+01  1.650350e-02 
 2.983008e+01  1.649946e-02 
 2.983047e+01  1.649575e-02 
 2.983087e+01  1.649224e-02 
 2.983127e+01  1.648888e-02 
 2.983167e+01  1.648563e-02 
 2.983206e+01  1.648255e-02 
 2.983246e+01  1.647966e-02 
 2.983286e+01  1.647706e-02 
 2.983326e+01  1.647482e-02 
 2.983365e+01  1.647293e-02 
 2.983405e+01  1.647148e-02 
 2.983445e+01  1.647058e-02 
 2.983485e+01  1.647030e-02 
 2.983525e+01  1.647075e-02 
 2.983564e+01  1.647201e-02 
 2.983604e+01  1.647411e-02 
 2.983644e+01  1.647705e-02 
 2.983684e+01  1.648076e-02 
 2.983723e+01  1.648509e-02 
 2.983763e+01  1.648973e-02 
 2.983803e+01  1.649450e-02 
 2.983843e+01  1.649913e-02 
 2.983882e+01  1.650336e-02 
 2.983922e+01  1.650678e-02 
 2.983962e+01  1.650906e-02 
 2.984002e+01  1.651001e-02 
 2.984042e+01  1.650957e-02 
 2.984081e+01  1.650778e-02 
 2.984121e+01  1.650469e-02 
 2.984161e+01  1.650040e-02 
 2.984201e+01  1.649508e-02 
 2.984240e+01  1.648881e-02 
 2.984280e+01  1.648162e-02 
 2.984320e+01  1.647356e-02 
 2.984360e+01  1.646457e-02 
 2.984399e+01  1.645467e-02 
 2.984439e+01  1.644404e-02 
 2.984479e+01  1.643289e-02 
 2.984519e+01  1.642138e-02 
 2.984559e+01  1.640978e-02 
 2.984598e+01  1.639813e-02 
 2.984638e+01  1.638640e-02 
 2.984678e+01  1.637475e-02 
 2.984718e+01  1.636325e-02 
 2.984757e+01  1.635182e-02 
 2.984797e+01  1.634033e-02 
 2.984837e+01  1.632867e-02 
 2.984877e+01  1.631673e-02 
 2.984916e+01  1.630429e-02 
 2.984956e+01  1.629119e-02 
 2.984996e+01  1.627729e-02 
 2.985036e+01  1.626255e-02 
 2.985076e+01  1.624701e-02 
 2.985115e+01  1.623077e-02 
 2.985155e+01  1.621421e-02 
 2.985195e+01  1.619773e-02 
 2.985235e+01  1.618173e-02 
 2.985274e+01  1.616644e-02 
 2.985314e+01  1.615222e-02 
 2.985354e+01  1.613925e-02 
 2.985394e+01  1.612753e-02 
 2.985433e+01  1.611709e-02 
 2.985473e+01  1.610783e-02 
 2.985513e+01  1.609962e-02 
 2.985553e+01  1.609207e-02 
 2.985593e+01  1.608494e-02 
 2.985632e+01  1.607793e-02 
 2.985672e+01  1.607074e-02 
 2.985712e+01  1.606302e-02 
 2.985752e+01  1.605446e-02 
 2.985791e+01  1.604482e-02 
 2.985831e+01  1.603391e-02 
 2.985871e+01  1.602148e-02 
 2.985911e+01  1.600748e-02 
 2.985950e+01  1.599194e-02 
 2.985990e+01  1.597485e-02 
 2.986030e+01  1.595647e-02 
 2.986070e+01  1.593713e-02 
 2.986110e+01  1.591701e-02 
 2.986149e+01  1.589636e-02 
 2.986189e+01  1.587525e-02 
 2.986229e+01  1.585364e-02 
 2.986269e+01  1.583155e-02 
 2.986308e+01  1.580884e-02 
 2.986348e+01  1.578534e-02 
 2.986388e+01  1.576092e-02 
 2.986428e+01  1.573551e-02 
 2.986467e+01  1.570908e-02 
 2.986507e+01  1.568162e-02 
 2.986547e+01  1.565325e-02 
 2.986587e+01  1.562409e-02 
 2.986627e+01  1.559418e-02 
 2.986666e+01  1.556372e-02 
 2.986706e+01  1.553294e-02 
 2.986746e+01  1.550194e-02 
 2.986786e+01  1.547076e-02 
 2.986825e+01  1.543946e-02 
 2.986865e+01  1.540820e-02 
 2.986905e+01  1.537727e-02 
 2.986945e+01  1.534699e-02 
 2.986984e+01  1.531766e-02 
 2.987024e+01  1.528967e-02 
 2.987064e+01  1.526338e-02 
 2.987104e+01  1.523902e-02 
 2.987144e+01  1.521674e-02 
 2.987183e+01  1.519664e-02 
 2.987223e+01  1.517874e-02 
 2.987263e+01  1.516297e-02 
 2.987303e+01  1.514916e-02 
 2.987342e+01  1.513715e-02 
 2.987382e+01  1.512689e-02 
 2.987422e+01  1.511807e-02 
 2.987462e+01  1.511048e-02 
 2.987501e+01  1.510398e-02 
 2.987541e+01  1.509830e-02 
 2.987581e+01  1.509319e-02 
 2.987621e+01  1.508839e-02 
 2.987661e+01  1.508370e-02 
 2.987700e+01  1.507901e-02 
 2.987740e+01  1.507424e-02 
 2.987780e+01  1.506946e-02 
 2.987820e+01  1.506487e-02 
 2.987859e+01  1.506060e-02 
 2.987899e+01  1.505679e-02 
 2.987939e+01  1.505371e-02 
 2.987979e+01  1.505142e-02 
 2.988018e+01  1.505006e-02 
 2.988058e+01  1.504972e-02 
 2.988098e+01  1.505041e-02 
 2.988138e+01  1.505208e-02 
 2.988178e+01  1.505466e-02 
 2.988217e+01  1.505808e-02 
 2.988257e+01  1.506220e-02 
 2.988297e+01  1.506686e-02 
 2.988337e+01  1.507204e-02 
 2.988376e+01  1.507774e-02 
 2.988416e+01  1.508399e-02 
 2.988456e+01  1.509097e-02 
 2.988496e+01  1.509884e-02 
 2.988535e+01  1.510760e-02 
 2.988575e+01  1.511734e-02 
 2.988615e+01  1.512814e-02 
 2.988655e+01  1.514018e-02 
 2.988695e+01  1.515353e-02 
 2.988734e+01  1.516840e-02 
 2.988774e+01  1.518492e-02 
 2.988814e+01  1.520330e-02 
 2.988854e+01  1.522359e-02 
 2.988893e+01  1.524582e-02 
 2.988933e+01  1.526992e-02 
 2.988973e+01  1.529554e-02 
 2.989013e+01  1.532244e-02 
 2.989053e+01  1.535036e-02 
 2.989092e+01  1.537894e-02 
 2.989132e+01  1.540790e-02 
 2.989172e+01  1.543683e-02 
 2.989212e+01  1.546553e-02 
 2.989251e+01  1.549388e-02 
 2.989291e+01  1.552178e-02 
 2.989331e+01  1.554915e-02 
 2.989371e+01  1.557597e-02 
 2.989410e+01  1.560221e-02 
 2.989450e+01  1.562785e-02 
 2.989490e+01  1.565287e-02 
 2.989530e+01  1.567735e-02 
 2.989570e+01  1.570146e-02 
 2.989609e+01  1.572534e-02 
 2.989649e+01  1.574911e-02 
 2.989689e+01  1.577301e-02 
 2.989729e+01  1.579706e-02 
 2.989768e+01  1.582120e-02 
 2.989808e+01  1.584547e-02 
 2.989848e+01  1.586983e-02 
 2.989888e+01  1.589420e-02 
 2.989927e+01  1.591845e-02 
 2.989967e+01  1.594249e-02 
 2.990007e+01  1.596619e-02 
 2.990047e+01  1.598924e-02 
 2.990087e+01  1.601151e-02 
 2.990126e+01  1.603279e-02 
 2.990166e+01  1.605295e-02 
 2.990206e+01  1.607202e-02 
 2.990246e+01  1.609002e-02 
 2.990285e+01  1.610714e-02 
 2.990325e+01  1.612359e-02 
 2.990365e+01  1.613956e-02 
 2.990405e+01  1.615532e-02 
 2.990444e+01  1.617111e-02 
 2.990484e+01  1.618710e-02 
 2.990524e+01  1.620340e-02 
 2.990564e+01  1.622013e-02 
 2.990604e+01  1.623735e-02 
 2.990643e+01  1.625516e-02 
 2.990683e+01  1.627350e-02 
 2.990723e+01  1.629231e-02 
 2.990763e+01  1.631145e-02 
 2.990802e+01  1.633088e-02 
 2.990842e+01  1.635050e-02 
 2.990882e+01  1.637014e-02 
 2.990922e+01  1.638964e-02 
 2.990961e+01  1.640875e-02 
 2.991001e+01  1.642726e-02 
 2.991041e+01  1.644497e-02 
 2.991081e+01  1.646178e-02 
 2.991121e+01  1.647759e-02 
 2.991160e+01  1.649236e-02 
 2.991200e+01  1.650614e-02 
 2.991240e+01  1.651908e-02 
 2.991280e+01  1.653145e-02 
 2.991319e+01  1.654335e-02 
 2.991359e+01  1.655482e-02 
 2.991399e+01  1.656602e-02 
 2.991439e+01  1.657701e-02 
 2.991478e+01  1.658776e-02 
 2.991518e+01  1.659816e-02 
 2.991558e+01  1.660823e-02 
 2.991598e+01  1.661791e-02 
 2.991638e+01  1.662700e-02 
 2.991677e+01  1.663555e-02 
 2.991717e+01  1.664350e-02 
 2.991757e+01  1.665074e-02 
 2.991797e+01  1.665704e-02 
 2.991836e+01  1.666217e-02 
 2.991876e+01  1.666584e-02 
 2.991916e+01  1.666787e-02 
 2.991956e+01  1.666811e-02 
 2.991995e+01  1.666657e-02 
 2.992035e+01  1.666339e-02 
 2.992075e+01  1.665896e-02 
 2.992115e+01  1.665363e-02 
 2.992155e+01  1.664789e-02 
 2.992194e+01  1.664218e-02 
 2.992234e+01  1.663680e-02 
 2.992274e+01  1.663198e-02 
 2.992314e+01  1.662793e-02 
 2.992353e+01  1.662471e-02 
 2.992393e+01  1.662248e-02 
 2.992433e+01  1.662135e-02 
 2.992473e+01  1.662133e-02 
 2.992512e+01  1.662244e-02 
 2.992552e+01  1.662465e-02 
 2.992592e+01  1.662788e-02 
 2.992632e+01  1.663197e-02 
 2.992672e+01  1.663672e-02 
 2.992711e+01  1.664189e-02 
 2.992751e+01  1.664726e-02 
 2.992791e+01  1.665273e-02 
 2.992831e+01  1.665823e-02 
 2.992870e+01  1.666366e-02 
 2.992910e+01  1.666897e-02 
 2.992950e+01  1.667408e-02 
 2.992990e+01  1.667907e-02 
 2.993029e+01  1.668406e-02 
 2.993069e+01  1.668911e-02 
 2.993109e+01  1.669419e-02 
 2.993149e+01  1.669925e-02 
 2.993189e+01  1.670425e-02 
 2.993228e+01  1.670896e-02 
 2.993268e+01  1.671327e-02 
 2.993308e+01  1.671695e-02 
 2.993348e+01  1.671973e-02 
 2.993387e+01  1.672145e-02 
 2.993427e+01  1.672191e-02 
 2.993467e+01  1.672108e-02 
 2.993507e+01  1.671888e-02 
 2.993546e+01  1.671523e-02 
 2.993586e+01  1.671019e-02 
 2.993626e+01  1.670382e-02 
 2.993666e+01  1.669606e-02 
 2.993706e+01  1.668694e-02 
 2.993745e+01  1.667660e-02 
 2.993785e+01  1.666521e-02 
 2.993825e+01  1.665295e-02 
 2.993865e+01  1.664011e-02 
 2.993904e+01  1.662703e-02 
 2.993944e+01  1.661408e-02 
 2.993984e+01  1.660151e-02 
 2.994024e+01  1.658955e-02 
 2.994063e+01  1.657834e-02 
 2.994103e+01  1.656793e-02 
 2.994143e+01  1.655833e-02 
 2.994183e+01  1.654961e-02 
 2.994223e+01  1.654175e-02 
 2.994262e+01  1.653470e-02 
 2.994302e+01  1.652827e-02 
 2.994342e+01  1.652229e-02 
 2.994382e+01  1.651665e-02 
 2.994421e+01  1.651117e-02 
 2.994461e+01  1.650565e-02 
 2.994501e+01  1.649992e-02 
 2.994541e+01  1.649384e-02 
 2.994580e+01  1.648717e-02 
 2.994620e+01  1.647983e-02 
 2.994660e+01  1.647179e-02 
 2.994700e+01  1.646300e-02 
 2.994740e+01  1.645358e-02 
 2.994779e+01  1.644377e-02 
 2.994819e+01  1.643381e-02 
 2.994859e+01  1.642384e-02 
 2.994899e+01  1.641401e-02 
 2.994938e+01  1.640438e-02 
 2.994978e+01  1.639495e-02 
 2.995018e+01  1.638579e-02 
 2.995058e+01  1.637685e-02 
 2.995097e+01  1.636783e-02 
 2.995137e+01  1.635855e-02 
 2.995177e+01  1.634865e-02 
 2.995217e+01  1.633791e-02 
 2.995257e+01  1.632618e-02 
 2.995296e+01  1.631320e-02 
 2.995336e+01  1.629884e-02 
 2.995376e+01  1.628312e-02 
 2.995416e+01  1.626609e-02 
 2.995455e+01  1.624786e-02 
 2.995495e+01  1.622853e-02 
 2.995535e+01  1.620811e-02 
 2.995575e+01  1.618672e-02 
 2.995614e+01  1.616454e-02 
 2.995654e+01  1.614183e-02 
 2.995694e+01  1.611884e-02 
 2.995734e+01  1.609582e-02 
 2.995774e+01  1.607302e-02 
 2.995813e+01  1.605071e-02 
 2.995853e+01  1.602903e-02 
 2.995893e+01  1.600804e-02 
 2.995933e+01  1.598773e-02 
 2.995972e+01  1.596803e-02 
 2.996012e+01  1.594883e-02 
 2.996052e+01  1.592998e-02 
 2.996092e+01  1.591140e-02 
 2.996131e+01  1.589293e-02 
 2.996171e+01  1.587450e-02 
 2.996211e+01  1.585601e-02 
 2.996251e+01  1.583759e-02 
 2.996291e+01  1.581932e-02 
 2.996330e+01  1.580135e-02 
 2.996370e+01  1.578387e-02 
 2.996410e+01  1.576716e-02 
 2.996450e+01  1.575141e-02 
 2.996489e+01  1.573673e-02 
 2.996529e+01  1.572325e-02 
 2.996569e+01  1.571105e-02 
 2.996609e+01  1.570017e-02 
 2.996648e+01  1.569072e-02 
 2.996688e+01  1.568269e-02 
 2.996728e+01  1.567605e-02 
 2.996768e+01  1.567074e-02 
 2.996808e+01  1.566669e-02 
 2.996847e+01  1.566376e-02 
 2.996887e+01  1.566180e-02 
 2.996927e+01  1.566051e-02 
 2.996967e+01  1.565959e-02 
 2.997006e+01  1.565876e-02 
 2.997046e+01  1.565767e-02 
 2.997086e+01  1.565604e-02 
 2.997126e+01  1.565353e-02 
 2.997165e+01  1.565013e-02 
 2.997205e+01  1.564584e-02 
 2.997245e+01  1.564065e-02 
 2.997285e+01  1.563481e-02 
 2.997325e+01  1.562834e-02 
 2.997364e+01  1.562141e-02 
 2.997404e+01  1.561416e-02 
 2.997444e+01  1.560673e-02 
 2.997484e+01  1.559929e-02 
 2.997523e+01  1.559201e-02 
 2.997563e+01  1.558508e-02 
 2.997603e+01  1.557866e-02 
 2.997643e+01  1.557299e-02 
 2.997682e+01  1.556817e-02 
 2.997722e+01  1.556431e-02 
 2.997762e+01  1.556143e-02 
 2.997802e+01  1.555958e-02 
 2.997842e+01  1.555882e-02 
 2.997881e+01  1.555919e-02 
 2.997921e+01  1.556061e-02 
 2.997961e+01  1.556308e-02 
 2.998001e+01  1.556661e-02 
 2.998040e+01  1.557125e-02 
 2.998080e+01  1.557713e-02 
 2.998120e+01  1.558440e-02 
 2.998160e+01  1.559329e-02 
 2.998199e+01  1.560396e-02 
 2.998239e+01  1.561659e-02 
 2.998279e+01  1.563141e-02 
 2.998319e+01  1.564851e-02 
 2.998359e+01  1.566782e-02 
 2.998398e+01  1.568936e-02 
 2.998438e+01  1.571309e-02 
 2.998478e+01  1.573881e-02 
 2.998518e+01  1.576636e-02 
 2.998557e+01  1.579548e-02 
 2.998597e+01  1.582588e-02 
 2.998637e+01  1.585723e-02 
 2.998677e+01  1.588914e-02 
 2.998717e+01  1.592122e-02 
 2.998756e+01  1.595307e-02 
 2.998796e+01  1.598431e-02 
 2.998836e+01  1.601465e-02 
 2.998876e+01  1.604392e-02 
 2.998915e+01  1.607194e-02 
 2.998955e+01  1.609874e-02 
 2.998995e+01  1.612444e-02 
 2.999035e+01  1.614916e-02 
 2.999074e+01  1.617310e-02 
 2.999114e+01  1.619640e-02 
 2.999154e+01  1.621926e-02 
 2.999194e+01  1.624173e-02 
 2.999234e+01  1.626383e-02 
 2.999273e+01  1.628560e-02 
 2.999313e+01  1.630707e-02 
 2.999353e+01  1.632833e-02 
 2.999393e+01  1.634946e-02 
 2.999432e+01  1.637055e-02 
 2.999472e+01  1.639157e-02 
 2.999512e+01  1.641255e-02 
 2.999552e+01  1.643341e-02 
 2.999591e+01  1.645399e-02 
 2.999631e+01  1.647430e-02 
 2.999671e+01  1.649420e-02 
 2.999711e+01  1.651356e-02 
 2.999751e+01  1.653241e-02 
 2.999790e+01  1.655081e-02 
 2.999830e+01  1.656886e-02 
 2.999870e+01  1.658673e-02 
 2.999910e+01  1.660452e-02 
 2.999949e+01  1.662248e-02 
 2.999989e+01  1.664088e-02 
 3.000029e+01  1.665991e-02 
 3.000069e+01  1.667982e-02 
 3.000108e+01  1.670078e-02 
 3.000148e+01  1.672291e-02 
 3.000188e+01  1.674634e-02 
 3.000228e+01  1.677103e-02 
 3.000268e+01  1.679693e-02 
 3.000307e+01  1.682379e-02 
 3.000347e+01  1.685144e-02 
 3.000387e+01  1.687958e-02 
 3.000427e+01  1.690815e-02 
 3.000466e+01  1.693706e-02 
 3.000506e+01  1.696620e-02 
 3.000546e+01  1.699546e-02 
 3.000586e+01  1.702472e-02 
 3.000625e+01  1.705380e-02 
 3.000665e+01  1.708256e-02 
 3.000705e+01  1.711082e-02 
 3.000745e+01  1.713842e-02 
 3.000785e+01  1.716534e-02 
 3.000824e+01  1.719162e-02 
 3.000864e+01  1.721739e-02 
 3.000904e+01  1.724272e-02 
 3.000944e+01  1.726777e-02 
 3.000983e+01  1.729255e-02 
 3.001023e+01  1.731711e-02 
 3.001063e+01  1.734153e-02 
 3.001103e+01  1.736577e-02 
 3.001142e+01  1.738979e-02 
 3.001182e+01  1.741342e-02 
 3.001222e+01  1.743656e-02 
 3.001262e+01  1.745904e-02 
 3.001302e+01  1.748057e-02 
 3.001341e+01  1.750088e-02 
 3.001381e+01  1.751983e-02 
 3.001421e+01  1.753719e-02 
 3.001461e+01  1.755294e-02 
 3.001500e+01  1.756701e-02 
 3.001540e+01  1.757950e-02 
 3.001580e+01  1.759052e-02 
 3.001620e+01  1.760024e-02 
 3.001659e+01  1.760896e-02 
 3.001699e+01  1.761704e-02 
 3.001739e+01  1.762476e-02 
 3.001779e+01  1.763240e-02 
 3.001819e+01  1.764032e-02 
 3.001858e+01  1.764868e-02 
 3.001898e+01  1.765761e-02 
 3.001938e+01  1.766720e-02 
 3.001978e+01  1.767754e-02 
 3.002017e+01  1.768857e-02 
 3.002057e+01  1.770039e-02 
 3.002097e+01  1.771285e-02 
 3.002137e+01  1.772579e-02 
 3.002176e+01  1.773907e-02 
 3.002216e+01  1.775263e-02 
 3.002256e+01  1.776628e-02 
 3.002296e+01  1.777987e-02 
 3.002336e+01  1.779332e-02 
 3.002375e+01  1.780648e-02 
 3.002415e+01  1.781924e-02 
 3.002455e+01  1.783149e-02 
 3.002495e+01  1.784316e-02 
 3.002534e+01  1.785418e-02 
 3.002574e+01  1.786445e-02 
 3.002614e+01  1.787400e-02 
 3.002654e+01  1.788289e-02 
 3.002693e+01  1.789114e-02 
 3.002733e+01  1.789865e-02 
 3.002773e+01  1.790547e-02 
 3.002813e+01  1.791159e-02 
 3.002853e+01  1.791699e-02 
 3.002892e+01  1.792159e-02 
 3.002932e+01  1.792527e-02 
 3.002972e+01  1.792789e-02 
 3.003012e+01  1.792921e-02 
 3.003051e+01  1.792906e-02 
 3.003091e+01  1.792741e-02 
 3.003131e+01  1.792421e-02 
 3.003171e+01  1.791939e-02 
 3.003210e+01  1.791302e-02 
 3.003250e+01  1.790538e-02 
 3.003290e+01  1.789667e-02 
 3.003330e+01  1.788715e-02 
 3.003370e+01  1.787707e-02 
 3.003409e+01  1.786654e-02 
 3.003449e+01  1.785584e-02 
 3.003489e+01  1.784504e-02 
 3.003529e+01  1.783446e-02 
 3.003568e+01  1.782424e-02 
 3.003608e+01  1.781453e-02 
 3.003648e+01  1.780545e-02 
 3.003688e+01  1.779704e-02 
 3.003727e+01  1.778938e-02 
 3.003767e+01  1.778242e-02 
 3.003807e+01  1.777613e-02 
 3.003847e+01  1.777032e-02 
 3.003887e+01  1.776489e-02 
 3.003926e+01  1.775955e-02 
 3.003966e+01  1.775401e-02 
 3.004006e+01  1.774804e-02 
 3.004046e+01  1.774134e-02 
 3.004085e+01  1.773369e-02 
 3.004125e+01  1.772493e-02 
 3.004165e+01  1.771495e-02 
 3.004205e+01  1.770381e-02 
 3.004244e+01  1.769153e-02 
 3.004284e+01  1.767818e-02 
 3.004324e+01  1.766386e-02 
 3.004364e+01  1.764869e-02 
 3.004404e+01  1.763285e-02 
 3.004443e+01  1.761661e-02 
 3.004483e+01  1.760016e-02 
 3.004523e+01  1.758369e-02 
 3.004563e+01  1.756732e-02 
 3.004602e+01  1.755108e-02 
 3.004642e+01  1.753478e-02 
 3.004682e+01  1.751826e-02 
 3.004722e+01  1.750129e-02 
 3.004761e+01  1.748373e-02 
 3.004801e+01  1.746535e-02 
 3.004841e+01  1.744604e-02 
 3.004881e+01  1.742567e-02 
 3.004921e+01  1.740415e-02 
 3.004960e+01  1.738149e-02 
 3.005000e+01  1.735777e-02 
 3.005040e+01  1.733308e-02 
 3.005080e+01  1.730765e-02 
 3.005119e+01  1.728166e-02 
 3.005159e+01  1.725542e-02 
 3.005199e+01  1.722927e-02 
 3.005239e+01  1.720350e-02 
 3.005278e+01  1.717832e-02 
 3.005318e+01  1.715377e-02 
 3.005358e+01  1.712987e-02 
 3.005398e+01  1.710646e-02 
 3.005438e+01  1.708336e-02 
 3.005477e+01  1.706047e-02 
 3.005517e+01  1.703766e-02 
 3.005557e+01  1.701470e-02 
 3.005597e+01  1.699166e-02 
 3.005636e+01  1.696860e-02 
 3.005676e+01  1.694554e-02 
 3.005716e+01  1.692250e-02 
 3.005756e+01  1.689954e-02 
 3.005795e+01  1.687656e-02 
 3.005835e+01  1.685348e-02 
 3.005875e+01  1.683030e-02 
 3.005915e+01  1.680707e-02 
 3.005955e+01  1.678390e-02 
 3.005994e+01  1.676092e-02 
 3.006034e+01  1.673847e-02 
 3.006074e+01  1.671674e-02 
 3.006114e+01  1.669599e-02 
 3.006153e+01  1.667644e-02 
 3.006193e+01  1.665824e-02 
 3.006233e+01  1.664152e-02 
 3.006273e+01  1.662635e-02 
 3.006312e+01  1.661271e-02 
 3.006352e+01  1.660047e-02 
 3.006392e+01  1.658959e-02 
 3.006432e+01  1.658007e-02 
 3.006472e+01  1.657170e-02 
 3.006511e+01  1.656436e-02 
 3.006551e+01  1.655788e-02 
 3.006591e+01  1.655206e-02 
 3.006631e+01  1.654683e-02 
 3.006670e+01  1.654196e-02 
 3.006710e+01  1.653739e-02 
 3.006750e+01  1.653288e-02 
 3.006790e+01  1.652825e-02 
 3.006829e+01  1.652355e-02 
 3.006869e+01  1.651860e-02 
 3.006909e+01  1.651344e-02 
 3.006949e+01  1.650817e-02 
 3.006989e+01  1.650304e-02 
 3.007028e+01  1.649823e-02 
 3.007068e+01  1.649404e-02 
 3.007108e+01  1.649067e-02 
 3.007148e+01  1.648826e-02 
 3.007187e+01  1.648685e-02 
 3.007227e+01  1.648635e-02 
 3.007267e+01  1.648666e-02 
 3.007307e+01  1.648744e-02 
 3.007346e+01  1.648853e-02 
 3.007386e+01  1.648985e-02 
 3.007426e+01  1.649133e-02 
 3.007466e+01  1.649298e-02 
 3.007506e+01  1.649481e-02 
 3.007545e+01  1.649678e-02 
 3.007585e+01  1.649889e-02 
 3.007625e+01  1.650115e-02 
 3.007665e+01  1.650354e-02 
 3.007704e+01  1.650618e-02 
 3.007744e+01  1.650912e-02 
 3.007784e+01  1.651248e-02 
 3.007824e+01  1.651632e-02 
 3.007864e+01  1.652081e-02 
 3.007903e+01  1.652608e-02 
 3.007943e+01  1.653230e-02 
 3.007983e+01  1.653969e-02 
 3.008023e+01  1.654834e-02 
 3.008062e+01  1.655813e-02 
 3.008102e+01  1.656898e-02 
 3.008142e+01  1.658066e-02 
 3.008182e+01  1.659278e-02 
 3.008221e+01  1.660513e-02 
 3.008261e+01  1.661734e-02 
 3.008301e+01  1.662922e-02 
 3.008341e+01  1.664063e-02 
 3.008381e+01  1.665160e-02 
 3.008420e+01  1.666226e-02 
 3.008460e+01  1.667257e-02 
 3.008500e+01  1.668259e-02 
 3.008540e+01  1.669246e-02 
 3.008579e+01  1.670238e-02 
 3.008619e+01  1.671245e-02 
 3.008659e+01  1.672278e-02 
 3.008699e+01  1.673348e-02 
 3.008738e+01  1.674466e-02 
 3.008778e+01  1.675649e-02 
 3.008818e+01  1.676907e-02 
 3.008858e+01  1.678274e-02 
 3.008898e+01  1.679760e-02 
 3.008937e+01  1.681384e-02 
 3.008977e+01  1.683144e-02 
 3.009017e+01  1.685035e-02 
 3.009057e+01  1.687044e-02 
 3.009096e+01  1.689148e-02 
 3.009136e+01  1.691328e-02 
 3.009176e+01  1.693565e-02 
 3.009216e+01  1.695847e-02 
 3.009255e+01  1.698156e-02 
 3.009295e+01  1.700471e-02 
 3.009335e+01  1.702784e-02 
 3.009375e+01  1.705078e-02 
 3.009415e+01  1.707342e-02 
 3.009454e+01  1.709557e-02 
 3.009494e+01  1.711729e-02 
 3.009534e+01  1.713862e-02 
 3.009574e+01  1.715979e-02 
 3.009613e+01  1.718102e-02 
 3.009653e+01  1.720253e-02 
 3.009693e+01  1.722444e-02 
 3.009733e+01  1.724683e-02 
 3.009772e+01  1.726978e-02 
 3.009812e+01  1.729324e-02 
 3.009852e+01  1.731717e-02 
 3.009892e+01  1.734140e-02 
 3.009932e+01  1.736573e-02 
 3.009971e+01  1.739001e-02 
 3.010011e+01  1.741402e-02 
 3.010051e+01  1.743751e-02 
 3.010091e+01  1.746036e-02 
 3.010130e+01  1.748250e-02 
 3.010170e+01  1.750396e-02 
 3.010210e+01  1.752481e-02 
 3.010250e+01  1.754511e-02 
 3.010289e+01  1.756516e-02 
 3.010329e+01  1.758526e-02 
 3.010369e+01  1.760555e-02 
 3.010409e+01  1.762627e-02 
 3.010449e+01  1.764756e-02 
 3.010488e+01  1.766941e-02 
 3.010528e+01  1.769183e-02 
 3.010568e+01  1.771492e-02 
 3.010608e+01  1.773876e-02 
 3.010647e+01  1.776333e-02 
 3.010687e+01  1.778860e-02 
 3.010727e+01  1.781459e-02 
 3.010767e+01  1.784130e-02 
 3.010806e+01  1.786870e-02 
 3.010846e+01  1.789662e-02 
 3.010886e+01  1.792488e-02 
 3.010926e+01  1.795311e-02 
 3.010966e+01  1.798104e-02 
 3.011005e+01  1.800834e-02 
 3.011045e+01  1.803472e-02 
 3.011085e+01  1.806013e-02 
 3.011125e+01  1.808446e-02 
 3.011164e+01  1.810773e-02 
 3.011204e+01  1.813031e-02 
 3.011244e+01  1.815240e-02 
 3.011284e+01  1.817426e-02 
 3.011323e+01  1.819608e-02 
 3.011363e+01  1.821804e-02 
 3.011403e+01  1.824035e-02 
 3.011443e+01  1.826313e-02 
 3.011483e+01  1.828652e-02 
 3.011522e+01  1.831058e-02 
 3.011562e+01  1.833525e-02 
 3.011602e+01  1.836045e-02 
 3.011642e+01  1.838599e-02 
 3.011681e+01  1.841165e-02 
 3.011721e+01  1.843735e-02 
 3.011761e+01  1.846302e-02 
 3.011801e+01  1.848851e-02 
 3.011840e+01  1.851375e-02 
 3.011880e+01  1.853852e-02 
 3.011920e+01  1.856257e-02 
 3.011960e+01  1.858574e-02 
 3.012000e+01  1.860788e-02 
 3.012039e+01  1.862899e-02 
 3.012079e+01  1.864917e-02 
 3.012119e+01  1.866863e-02 
 3.012159e+01  1.868768e-02 
 3.012198e+01  1.870661e-02 
 3.012238e+01  1.872556e-02 
 3.012278e+01  1.874457e-02 
 3.012318e+01  1.876369e-02 
 3.012357e+01  1.878283e-02 
 3.012397e+01  1.880185e-02 
 3.012437e+01  1.882055e-02 
 3.012477e+01  1.883878e-02 
 3.012517e+01  1.885646e-02 
 3.012556e+01  1.887342e-02 
 3.012596e+01  1.888946e-02 
 3.012636e+01  1.890453e-02 
 3.012676e+01  1.891839e-02 
 3.012715e+01  1.893087e-02 
 3.012755e+01  1.894206e-02 
 3.012795e+01  1.895200e-02 
 3.012835e+01  1.896071e-02 
 3.012874e+01  1.896830e-02 
 3.012914e+01  1.897491e-02 
 3.012954e+01  1.898079e-02 
 3.012994e+01  1.898612e-02 
 3.013034e+01  1.899102e-02 
 3.013073e+01  1.899570e-02 
 3.013113e+01  1.900026e-02 
 3.013153e+01  1.900473e-02 
 3.013193e+01  1.900915e-02 
 3.013232e+01  1.901342e-02 
 3.013272e+01  1.901742e-02 
 3.013312e+01  1.902094e-02 
 3.013352e+01  1.902393e-02 
 3.013391e+01  1.902624e-02 
 3.013431e+01  1.902786e-02 
 3.013471e+01  1.902874e-02 
 3.013511e+01  1.902873e-02 
 3.013551e+01  1.902769e-02 
 3.013590e+01  1.902537e-02 
 3.013630e+01  1.902165e-02 
 3.013670e+01  1.901633e-02 
 3.013710e+01  1.900930e-02 
 3.013749e+01  1.900044e-02 
 3.013789e+01  1.898976e-02 
 3.013829e+01  1.897735e-02 
 3.013869e+01  1.896327e-02 
 3.013908e+01  1.894784e-02 
 3.013948e+01  1.893136e-02 
 3.013988e+01  1.891411e-02 
 3.014028e+01  1.889637e-02 
 3.014068e+01  1.887841e-02 
 3.014107e+01  1.886033e-02 
 3.014147e+01  1.884207e-02 
 3.014187e+01  1.882356e-02 
 3.014227e+01  1.880463e-02 
 3.014266e+01  1.878519e-02 
 3.014306e+01  1.876526e-02 
 3.014346e+01  1.874485e-02 
 3.014386e+01  1.872416e-02 
 3.014425e+01  1.870311e-02 
 3.014465e+01  1.868168e-02 
 3.014505e+01  1.865990e-02 
 3.014545e+01  1.863781e-02 
 3.014585e+01  1.861531e-02 
 3.014624e+01  1.859234e-02 
 3.014664e+01  1.856908e-02 
 3.014704e+01  1.854582e-02 
 3.014744e+01  1.852278e-02 
 3.014783e+01  1.850006e-02 
 3.014823e+01  1.847787e-02 
 3.014863e+01  1.845627e-02 
 3.014903e+01  1.843515e-02 
 3.014942e+01  1.841457e-02 
 3.014982e+01  1.839470e-02 
 3.015022e+01  1.837546e-02 
 3.015062e+01  1.835679e-02 
 3.015102e+01  1.833846e-02 
 3.015141e+01  1.832027e-02 
 3.015181e+01  1.830195e-02 
 3.015221e+01  1.828320e-02 
 3.015261e+01  1.826380e-02 
 3.015300e+01  1.824371e-02 
 3.015340e+01  1.822286e-02 
 3.015380e+01  1.820123e-02 
 3.015420e+01  1.817906e-02 
 3.015459e+01  1.815640e-02 
 3.015499e+01  1.813328e-02 
 3.015539e+01  1.810991e-02 
 3.015579e+01  1.808657e-02 
 3.015619e+01  1.806353e-02 
 3.015658e+01  1.804110e-02 
 3.015698e+01  1.801951e-02 
 3.015738e+01  1.799892e-02 
 3.015778e+01  1.797945e-02 
 3.015817e+01  1.796124e-02 
 3.015857e+01  1.794431e-02 
 3.015897e+01  1.792869e-02 
 3.015937e+01  1.791440e-02 
 3.015976e+01  1.790140e-02 
 3.016016e+01  1.788950e-02 
 3.016056e+01  1.787857e-02 
 3.016096e+01  1.786838e-02 
 3.016136e+01  1.785876e-02 
 3.016175e+01  1.784946e-02 
 3.016215e+01  1.784036e-02 
 3.016255e+01  1.783128e-02 
 3.016295e+01  1.782212e-02 
 3.016334e+01  1.781288e-02 
 3.016374e+01  1.780365e-02 
 3.016414e+01  1.779440e-02 
 3.016454e+01  1.778539e-02 
 3.016493e+01  1.777667e-02 
 3.016533e+01  1.776845e-02 
 3.016573e+01  1.776093e-02 
 3.016613e+01  1.775433e-02 
 3.016653e+01  1.774870e-02 
 3.016692e+01  1.774408e-02 
 3.016732e+01  1.774073e-02 
 3.016772e+01  1.773858e-02 
 3.016812e+01  1.773750e-02 
 3.016851e+01  1.773752e-02 
 3.016891e+01  1.773865e-02 
 3.016931e+01  1.774083e-02 
 3.016971e+01  1.774381e-02 
 3.017011e+01  1.774739e-02 
 3.017050e+01  1.775122e-02 
 3.017090e+01  1.775494e-02 
 3.017130e+01  1.775837e-02 
 3.017170e+01  1.776135e-02 
 3.017209e+01  1.776400e-02 
 3.017249e+01  1.776648e-02 
 3.017289e+01  1.776892e-02 
 3.017329e+01  1.777164e-02 
 3.017368e+01  1.777482e-02 
 3.017408e+01  1.777848e-02 
 3.017448e+01  1.778274e-02 
 3.017488e+01  1.778752e-02 
 3.017528e+01  1.779285e-02 
 3.017567e+01  1.779868e-02 
 3.017607e+01  1.780497e-02 
 3.017647e+01  1.781171e-02 
 3.017687e+01  1.781867e-02 
 3.017726e+01  1.782560e-02 
 3.017766e+01  1.783239e-02 
 3.017806e+01  1.783894e-02 
 3.017846e+01  1.784521e-02 
 3.017885e+01  1.785131e-02 
 3.017925e+01  1.785692e-02 
 3.017965e+01  1.786188e-02 
 3.018005e+01  1.786600e-02 
 3.018045e+01  1.786919e-02 
 3.018084e+01  1.787134e-02 
 3.018124e+01  1.787240e-02 
 3.018164e+01  1.787262e-02 
 3.018204e+01  1.787242e-02 
 3.018243e+01  1.787208e-02 
 3.018283e+01  1.787182e-02 
 3.018323e+01  1.787180e-02 
 3.018363e+01  1.787220e-02 
 3.018402e+01  1.787310e-02 
 3.018442e+01  1.787456e-02 
 3.018482e+01  1.787683e-02 
 3.018522e+01  1.788000e-02 
 3.018562e+01  1.788413e-02 
 3.018601e+01  1.788926e-02 
 3.018641e+01  1.789534e-02 
 3.018681e+01  1.790223e-02 
 3.018721e+01  1.790975e-02 
 3.018760e+01  1.791765e-02 
 3.018800e+01  1.792581e-02 
 3.018840e+01  1.793380e-02 
 3.018880e+01  1.794154e-02 
 3.018919e+01  1.794890e-02 
 3.018959e+01  1.795570e-02 
 3.018999e+01  1.796199e-02 
 3.019039e+01  1.796781e-02 
 3.019079e+01  1.797349e-02 
 3.019118e+01  1.797957e-02 
 3.019158e+01  1.798633e-02 
 3.019198e+01  1.799402e-02 
 3.019238e+01  1.800273e-02 
 3.019277e+01  1.801236e-02 
 3.019317e+01  1.802297e-02 
 3.019357e+01  1.803449e-02 
 3.019397e+01  1.804669e-02 
 3.019436e+01  1.805953e-02 
 3.019476e+01  1.807292e-02 
 3.019516e+01  1.808679e-02 
 3.019556e+01  1.810101e-02 
 3.019596e+01  1.811535e-02 
 3.019635e+01  1.812957e-02 
 3.019675e+01  1.814346e-02 
 3.019715e+01  1.815696e-02 
 3.019755e+01  1.817018e-02 
 3.019794e+01  1.818336e-02 
 3.019834e+01  1.819684e-02 
 3.019874e+01  1.821070e-02 
 3.019914e+01  1.822517e-02 
 3.019953e+01  1.824051e-02 
 3.019993e+01  1.825698e-02 
 3.020033e+01  1.827477e-02 
 3.020073e+01  1.829412e-02 
 3.020113e+01  1.831518e-02 
 3.020152e+01  1.833807e-02 
 3.020192e+01  1.836262e-02 
 3.020232e+01  1.838869e-02 
 3.020272e+01  1.841607e-02 
 3.020311e+01  1.844435e-02 
 3.020351e+01  1.847326e-02 
 3.020391e+01  1.850253e-02 
 3.020431e+01  1.853191e-02 
 3.020470e+01  1.856108e-02 
 3.020510e+01  1.858973e-02 
 3.020550e+01  1.861762e-02 
 3.020590e+01  1.864454e-02 
 3.020630e+01  1.867022e-02 
 3.020669e+01  1.869458e-02 
 3.020709e+01  1.871778e-02 
 3.020749e+01  1.874009e-02 
 3.020789e+01  1.876180e-02 
 3.020828e+01  1.878316e-02 
 3.020868e+01  1.880448e-02 
 3.020908e+01  1.882598e-02 
 3.020948e+01  1.884780e-02 
 3.020987e+01  1.887014e-02 
 3.021027e+01  1.889308e-02 
 3.021067e+01  1.891668e-02 
 3.021107e+01  1.894095e-02 
 3.021147e+01  1.896582e-02 
 3.021186e+01  1.899115e-02 
 3.021226e+01  1.901664e-02 
 3.021266e+01  1.904212e-02 
 3.021306e+01  1.906752e-02 
 3.021345e+01  1.909277e-02 
 3.021385e+01  1.911782e-02 
 3.021425e+01  1.914256e-02 
 3.021465e+01  1.916681e-02 
 3.021504e+01  1.919046e-02 
 3.021544e+01  1.921347e-02 
 3.021584e+01  1.923582e-02 
 3.021624e+01  1.925765e-02 
 3.021664e+01  1.927924e-02 
 3.021703e+01  1.930082e-02 
 3.021743e+01  1.932266e-02 
 3.021783e+01  1.934499e-02 
 3.021823e+01  1.936784e-02 
 3.021862e+01  1.939125e-02 
 3.021902e+01  1.941514e-02 
 3.021942e+01  1.943955e-02 
 3.021982e+01  1.946467e-02 
 3.022021e+01  1.949056e-02 
 3.022061e+01  1.951707e-02 
 3.022101e+01  1.954391e-02 
 3.022141e+01  1.957075e-02 
 3.022181e+01  1.959729e-02 
 3.022220e+01  1.962326e-02 
 3.022260e+01  1.964840e-02 
 3.022300e+01  1.967249e-02 
 3.022340e+01  1.969536e-02 
 3.022379e+01  1.971691e-02 
 3.022419e+01  1.973718e-02 
 3.022459e+01  1.975629e-02 
 3.022499e+01  1.977438e-02 
 3.022538e+01  1.979161e-02 
 3.022578e+01  1.980832e-02 
 3.022618e+01  1.982479e-02 
 3.022658e+01  1.984134e-02 
 3.022698e+01  1.985794e-02 
 3.022737e+01  1.987435e-02 
 3.022777e+01  1.989038e-02 
 3.022817e+01  1.990579e-02 
 3.022857e+01  1.992024e-02 
 3.022896e+01  1.993365e-02 
 3.022936e+01  1.994596e-02 
 3.022976e+01  1.995698e-02 
 3.023016e+01  1.996669e-02 
 3.023055e+01  1.997491e-02 
 3.023095e+01  1.998159e-02 
 3.023135e+01  1.998652e-02 
 3.023175e+01  1.998945e-02 
 3.023215e+01  1.999027e-02 
 3.023254e+01  1.998912e-02 
 3.023294e+01  1.998625e-02 
 3.023334e+01  1.998158e-02 
 3.023374e+01  1.997524e-02 
 3.023413e+01  1.996735e-02 
 3.023453e+01  1.995816e-02 
 3.023493e+01  1.994781e-02 
 3.023533e+01  1.993649e-02 
 3.023572e+01  1.992434e-02 
 3.023612e+01  1.991143e-02 
 3.023652e+01  1.989789e-02 
 3.023692e+01  1.988394e-02 
 3.023732e+01  1.986962e-02 
 3.023771e+01  1.985486e-02 
 3.023811e+01  1.983965e-02 
 3.023851e+01  1.982405e-02 
 3.023891e+01  1.980796e-02 
 3.023930e+01  1.979129e-02 
 3.023970e+01  1.977392e-02 
 3.024010e+01  1.975578e-02 
 3.024050e+01  1.973671e-02 
 3.024089e+01  1.971665e-02 
 3.024129e+01  1.969580e-02 
 3.024169e+01  1.967432e-02 
 3.024209e+01  1.965246e-02 
 3.024249e+01  1.963043e-02 
 3.024288e+01  1.960836e-02 
 3.024328e+01  1.958636e-02 
 3.024368e+01  1.956447e-02 
 3.024408e+01  1.954264e-02 
 3.024447e+01  1.952081e-02 
 3.024487e+01  1.949910e-02 
 3.024527e+01  1.947764e-02 
 3.024567e+01  1.945639e-02 
 3.024606e+01  1.943544e-02 
 3.024646e+01  1.941471e-02 
 3.024686e+01  1.939409e-02 
 3.024726e+01  1.937335e-02 
 3.024766e+01  1.935236e-02 
 3.024805e+01  1.933099e-02 
 3.024845e+01  1.930912e-02 
 3.024885e+01  1.928663e-02 
 3.024925e+01  1.926362e-02 
 3.024964e+01  1.924006e-02 
 3.025004e+01  1.921602e-02 
 3.025044e+01  1.919174e-02 
 3.025084e+01  1.916739e-02 
 3.025123e+01  1.914338e-02 
 3.025163e+01  1.911990e-02 
 3.025203e+01  1.909715e-02 
 3.025243e+01  1.907541e-02 
 3.025283e+01  1.905498e-02 
 3.025322e+01  1.903601e-02 
 3.025362e+01  1.901848e-02 
 3.025402e+01  1.900248e-02 
 3.025442e+01  1.898798e-02 
 3.025481e+01  1.897507e-02 
 3.025521e+01  1.896363e-02 
 3.025561e+01  1.895341e-02 
 3.025601e+01  1.894419e-02 
 3.025640e+01  1.893556e-02 
 3.025680e+01  1.892717e-02 
 3.025720e+01  1.891883e-02 
 3.025760e+01  1.891024e-02 
 3.025800e+01  1.890110e-02 
 3.025839e+01  1.889135e-02 
 3.025879e+01  1.888093e-02 
 3.025919e+01  1.886988e-02 
 3.025959e+01  1.885826e-02 
 3.025998e+01  1.884623e-02 
 3.026038e+01  1.883391e-02 
 3.026078e+01  1.882146e-02 
 3.026118e+01  1.880923e-02 
 3.026158e+01  1.879760e-02 
 3.026197e+01  1.878679e-02 
 3.026237e+01  1.877694e-02 
 3.026277e+01  1.876798e-02 
 3.026317e+01  1.875986e-02 
 3.026356e+01  1.875252e-02 
 3.026396e+01  1.874598e-02 
 3.026436e+01  1.874003e-02 
 3.026476e+01  1.873430e-02 
 3.026515e+01  1.872855e-02 
 3.026555e+01  1.872250e-02 
 3.026595e+01  1.871605e-02 
 3.026635e+01  1.870906e-02 
 3.026675e+01  1.870133e-02 
 3.026714e+01  1.869288e-02 
 3.026754e+01  1.868382e-02 
 3.026794e+01  1.867440e-02 
 3.026834e+01  1.866484e-02 
 3.026873e+01  1.865524e-02 
 3.026913e+01  1.864573e-02 
 3.026953e+01  1.863650e-02 
 3.026993e+01  1.862790e-02 
 3.027032e+01  1.862026e-02 
 3.027072e+01  1.861372e-02 
 3.027112e+01  1.860839e-02 
 3.027152e+01  1.860436e-02 
 3.027192e+01  1.860166e-02 
 3.027231e+01  1.860010e-02 
 3.027271e+01  1.859940e-02 
 3.027311e+01  1.859934e-02 
 3.027351e+01  1.859957e-02 
 3.027390e+01  1.859979e-02 
 3.027430e+01  1.859973e-02 
 3.027470e+01  1.859907e-02 
 3.027510e+01  1.859759e-02 
 3.027549e+01  1.859507e-02 
 3.027589e+01  1.859166e-02 
 3.027629e+01  1.858768e-02 
 3.027669e+01  1.858334e-02 
 3.027709e+01  1.857897e-02 
 3.027748e+01  1.857481e-02 
 3.027788e+01  1.857113e-02 
 3.027828e+01  1.856805e-02 
 3.027868e+01  1.856550e-02 
 3.027907e+01  1.856367e-02 
 3.027947e+01  1.856273e-02 
 3.027987e+01  1.856273e-02 
 3.028027e+01  1.856379e-02 
 3.028066e+01  1.856589e-02 
 3.028106e+01  1.856891e-02 
 3.028146e+01  1.857255e-02 
 3.028186e+01  1.857656e-02 
 3.028226e+01  1.858070e-02 
 3.028265e+01  1.858451e-02 
 3.028305e+01  1.858772e-02 
 3.028345e+01  1.859016e-02 
 3.028385e+01  1.859161e-02 
 3.028424e+01  1.859188e-02 
 3.028464e+01  1.859091e-02 
 3.028504e+01  1.858868e-02 
 3.028544e+01  1.858539e-02 
 3.028583e+01  1.858137e-02 
 3.028623e+01  1.857681e-02 
 3.028663e+01  1.857186e-02 
 3.028703e+01  1.856665e-02 
 3.028743e+01  1.856104e-02 
 3.028782e+01  1.855517e-02 
 3.028822e+01  1.854913e-02 
 3.028862e+01  1.854314e-02 
 3.028902e+01  1.853739e-02 
 3.028941e+01  1.853196e-02 
 3.028981e+01  1.852702e-02 
 3.029021e+01  1.852245e-02 
 3.029061e+01  1.851798e-02 
 3.029100e+01  1.851328e-02 
 3.029140e+01  1.850803e-02 
 3.029180e+01  1.850213e-02 
 3.029220e+01  1.849560e-02 
 3.029260e+01  1.848861e-02 
 3.029299e+01  1.848128e-02 
 3.029339e+01  1.847390e-02 
 3.029379e+01  1.846675e-02 
 3.029419e+01  1.846020e-02 
 3.029458e+01  1.845455e-02 
 3.029498e+01  1.845012e-02 
 3.029538e+01  1.844717e-02 
 3.029578e+01  1.844578e-02 
 3.029617e+01  1.844606e-02 
 3.029657e+01  1.844803e-02 
 3.029697e+01  1.845171e-02 
 3.029737e+01  1.845690e-02 
 3.029777e+01  1.846347e-02 
 3.029816e+01  1.847145e-02 
 3.029856e+01  1.848074e-02 
 3.029896e+01  1.849117e-02 
 3.029936e+01  1.850249e-02 
 3.029975e+01  1.851425e-02 
 3.030015e+01  1.852599e-02 
 3.030055e+01  1.853748e-02 
 3.030095e+01  1.854847e-02 
 3.030134e+01  1.855902e-02 
 3.030174e+01  1.856916e-02 
 3.030214e+01  1.857905e-02 
 3.030254e+01  1.858897e-02 
 3.030294e+01  1.859915e-02 
 3.030333e+01  1.860981e-02 
 3.030373e+01  1.862107e-02 
 3.030413e+01  1.863306e-02 
 3.030453e+01  1.864595e-02 
 3.030492e+01  1.865989e-02 
 3.030532e+01  1.867514e-02 
 3.030572e+01  1.869173e-02 
 3.030612e+01  1.870957e-02 
 3.030651e+01  1.872858e-02 
 3.030691e+01  1.874874e-02 
 3.030731e+01  1.877000e-02 
 3.030771e+01  1.879233e-02 
 3.030811e+01  1.881557e-02 
 3.030850e+01  1.883948e-02 
 3.030890e+01  1.886390e-02 
 3.030930e+01  1.888851e-02 
 3.030970e+01  1.891309e-02 
 3.031009e+01  1.893741e-02 
 3.031049e+01  1.896137e-02 
 3.031089e+01  1.898497e-02 
 3.031129e+01  1.900827e-02 
 3.031168e+01  1.903159e-02 
 3.031208e+01  1.905514e-02 
 3.031248e+01  1.907898e-02 
 3.031288e+01  1.910315e-02 
 3.031328e+01  1.912778e-02 
 3.031367e+01  1.915297e-02 
 3.031407e+01  1.917894e-02 
 3.031447e+01  1.920578e-02 
 3.031487e+01  1.923337e-02 
 3.031526e+01  1.926169e-02 
 3.031566e+01  1.929044e-02 
 3.031606e+01  1.931918e-02 
 3.031646e+01  1.934752e-02 
 3.031685e+01  1.937505e-02 
 3.031725e+01  1.940143e-02 
 3.031765e+01  1.942647e-02 
 3.031805e+01  1.945011e-02 
 3.031845e+01  1.947223e-02 
 3.031884e+01  1.949276e-02 
 3.031924e+01  1.951159e-02 
 3.031964e+01  1.952892e-02 
 3.032004e+01  1.954490e-02 
 3.032043e+01  1.955988e-02 
 3.032083e+01  1.957409e-02 
 3.032123e+01  1.958779e-02 
 3.032163e+01  1.960113e-02 
 3.032202e+01  1.961418e-02 
 3.032242e+01  1.962683e-02 
 3.032282e+01  1.963900e-02 
 3.032322e+01  1.965066e-02 
 3.032362e+01  1.966167e-02 
 3.032401e+01  1.967199e-02 
 3.032441e+01  1.968142e-02 
 3.032481e+01  1.968974e-02 
 3.032521e+01  1.969683e-02 
 3.032560e+01  1.970248e-02 
 3.032600e+01  1.970656e-02 
 3.032640e+01  1.970902e-02 
 3.032680e+01  1.970980e-02 
 3.032719e+01  1.970897e-02 
 3.032759e+01  1.970665e-02 
 3.032799e+01  1.970274e-02 
 3.032839e+01  1.969720e-02 
 3.032879e+01  1.969006e-02 
 3.032918e+01  1.968141e-02 
 3.032958e+01  1.967154e-02 
 3.032998e+01  1.966076e-02 
 3.033038e+01  1.964943e-02 
 3.033077e+01  1.963784e-02 
 3.033117e+01  1.962613e-02 
 3.033157e+01  1.961465e-02 
 3.033197e+01  1.960347e-02 
 3.033236e+01  1.959268e-02 
 3.033276e+01  1.958242e-02 
 3.033316e+01  1.957265e-02 
 3.033356e+01  1.956341e-02 
 3.033396e+01  1.955468e-02 
 3.033435e+01  1.954632e-02 
 3.033475e+01  1.953794e-02 
 3.033515e+01  1.952919e-02 
 3.033555e+01  1.951989e-02 
 3.033594e+01  1.950989e-02 
 3.033634e+01  1.949913e-02 
 3.033674e+01  1.948759e-02 
 3.033714e+01  1.947529e-02 
 3.033753e+01  1.946222e-02 
 3.033793e+01  1.944838e-02 
 3.033833e+01  1.943377e-02 
 3.033873e+01  1.941842e-02 
 3.033913e+01  1.940241e-02 
 3.033952e+01  1.938584e-02 
 3.033992e+01  1.936883e-02 
 3.034032e+01  1.935148e-02 
 3.034072e+01  1.933377e-02 
 3.034111e+01  1.931549e-02 
 3.034151e+01  1.929644e-02 
 3.034191e+01  1.927642e-02 
 3.034231e+01  1.925528e-02 
 3.034270e+01  1.923293e-02 
 3.034310e+01  1.920928e-02 
 3.034350e+01  1.918424e-02 
 3.034390e+01  1.915764e-02 
 3.034430e+01  1.912946e-02 
 3.034469e+01  1.909969e-02 
 3.034509e+01  1.906833e-02 
 3.034549e+01  1.903565e-02 
 3.034589e+01  1.900187e-02 
 3.034628e+01  1.896728e-02 
 3.034668e+01  1.893227e-02 
 3.034708e+01  1.889720e-02 
 3.034748e+01  1.886240e-02 
 3.034787e+01  1.882817e-02 
 3.034827e+01  1.879496e-02 
 3.034867e+01  1.876320e-02 
 3.034907e+01  1.873324e-02 
 3.034947e+01  1.870544e-02 
 3.034986e+01  1.867980e-02 
 3.035026e+01  1.865628e-02 
 3.035066e+01  1.863479e-02 
 3.035106e+01  1.861499e-02 
 3.035145e+01  1.859669e-02 
 3.035185e+01  1.857960e-02 
 3.035225e+01  1.856341e-02 
 3.035265e+01  1.854800e-02 
 3.035305e+01  1.853322e-02 
 3.035344e+01  1.851911e-02 
 3.035384e+01  1.850566e-02 
 3.035424e+01  1.849289e-02 
 3.035464e+01  1.848087e-02 
 3.035503e+01  1.846969e-02 
 3.035543e+01  1.845941e-02 
 3.035583e+01  1.845017e-02 
 3.035623e+01  1.844203e-02 
 3.035662e+01  1.843508e-02 
 3.035702e+01  1.842944e-02 
 3.035742e+01  1.842512e-02 
 3.035782e+01  1.842217e-02 
 3.035822e+01  1.842054e-02 
 3.035861e+01  1.842012e-02 
 3.035901e+01  1.842086e-02 
 3.035941e+01  1.842258e-02 
 3.035981e+01  1.842495e-02 
 3.036020e+01  1.842767e-02 
 3.036060e+01  1.843028e-02 
 3.036100e+01  1.843242e-02 
 3.036140e+01  1.843393e-02 
 3.036179e+01  1.843477e-02 
 3.036219e+01  1.843486e-02 
 3.036259e+01  1.843414e-02 
 3.036299e+01  1.843277e-02 
 3.036339e+01  1.843092e-02 
 3.036378e+01  1.842869e-02 
 3.036418e+01  1.842637e-02 
 3.036458e+01  1.842423e-02 
 3.036498e+01  1.842266e-02 
 3.036537e+01  1.842197e-02 
 3.036577e+01  1.842249e-02 
 3.036617e+01  1.842433e-02 
 3.036657e+01  1.842750e-02 
 3.036696e+01  1.843188e-02 
 3.036736e+01  1.843719e-02 
 3.036776e+01  1.844311e-02 
 3.036816e+01  1.844925e-02 
 3.036856e+01  1.845527e-02 
 3.036895e+01  1.846100e-02 
 3.036935e+01  1.846635e-02 
 3.036975e+01  1.847109e-02 
 3.037015e+01  1.847497e-02 
 3.037054e+01  1.847786e-02 
 3.037094e+01  1.847981e-02 
 3.037134e+01  1.848097e-02 
 3.037174e+01  1.848146e-02 
 3.037213e+01  1.848153e-02 
 3.037253e+01  1.848141e-02 
 3.037293e+01  1.848138e-02 
 3.037333e+01  1.848173e-02 
 3.037373e+01  1.848276e-02 
 3.037412e+01  1.848461e-02 
 3.037452e+01  1.848740e-02 
 3.037492e+01  1.849119e-02 
 3.037532e+01  1.849601e-02 
 3.037571e+01  1.850183e-02 
 3.037611e+01  1.850837e-02 
 3.037651e+01  1.851544e-02 
 3.037691e+01  1.852267e-02 
 3.037730e+01  1.852986e-02 
 3.037770e+01  1.853704e-02 
 3.037810e+01  1.854403e-02 
 3.037850e+01  1.855062e-02 
 3.037890e+01  1.855653e-02 
 3.037929e+01  1.856150e-02 
 3.037969e+01  1.856535e-02 
 3.038009e+01  1.856797e-02 
 3.038049e+01  1.856927e-02 
 3.038088e+01  1.856940e-02 
 3.038128e+01  1.856844e-02 
 3.038168e+01  1.856675e-02 
 3.038208e+01  1.856470e-02 
 3.038247e+01  1.856260e-02 
 3.038287e+01  1.856066e-02 
 3.038327e+01  1.855923e-02 
 3.038367e+01  1.855860e-02 
 3.038407e+01  1.855896e-02 
 3.038446e+01  1.856038e-02 
 3.038486e+01  1.856280e-02 
 3.038526e+01  1.856616e-02 
 3.038566e+01  1.857017e-02 
 3.038605e+01  1.857454e-02 
 3.038645e+01  1.857904e-02 
 3.038685e+01  1.858361e-02 
 3.038725e+01  1.858823e-02 
 3.038764e+01  1.859296e-02 
 3.038804e+01  1.859793e-02 
 3.038844e+01  1.860320e-02 
 3.038884e+01  1.860885e-02 
 3.038924e+01  1.861495e-02 
 3.038963e+01  1.862168e-02 
 3.039003e+01  1.862930e-02 
 3.039043e+01  1.863799e-02 
 3.039083e+01  1.864811e-02 
 3.039122e+01  1.865990e-02 
 3.039162e+01  1.867337e-02 
 3.039202e+01  1.868843e-02 
 3.039242e+01  1.870496e-02 
 3.039281e+01  1.872274e-02 
 3.039321e+01  1.874159e-02 
 3.039361e+01  1.876119e-02 
 3.039401e+01  1.878131e-02 
 3.039441e+01  1.880175e-02 
 3.039480e+01  1.882222e-02 
 3.039520e+01  1.884243e-02 
 3.039560e+01  1.886203e-02 
 3.039600e+01  1.888094e-02 
 3.039639e+01  1.889891e-02 
 3.039679e+01  1.891595e-02 
 3.039719e+01  1.893217e-02 
 3.039759e+01  1.894777e-02 
 3.039798e+01  1.896288e-02 
 3.039838e+01  1.897755e-02 
 3.039878e+01  1.899188e-02 
 3.039918e+01  1.900609e-02 
 3.039958e+01  1.902054e-02 
 3.039997e+01  1.903560e-02 
 3.040037e+01  1.905156e-02 
 3.040077e+01  1.906863e-02 
 3.040117e+01  1.908688e-02 
 3.040156e+01  1.910628e-02 
 3.040196e+01  1.912688e-02 
 3.040236e+01  1.914865e-02 
 3.040276e+01  1.917144e-02 
 3.040315e+01  1.919524e-02 
 3.040355e+01  1.921992e-02 
 3.040395e+01  1.924556e-02 
 3.040435e+01  1.927203e-02 
 3.040475e+01  1.929927e-02 
 3.040514e+01  1.932720e-02 
 3.040554e+01  1.935592e-02 
 3.040594e+01  1.938549e-02 
 3.040634e+01  1.941593e-02 
 3.040673e+01  1.944734e-02 
 3.040713e+01  1.947973e-02 
 3.040753e+01  1.951301e-02 
 3.040793e+01  1.954706e-02 
 3.040832e+01  1.958191e-02 
 3.040872e+01  1.961760e-02 
 3.040912e+01  1.965418e-02 
 3.040952e+01  1.969175e-02 
 3.040992e+01  1.973029e-02 
 3.041031e+01  1.976974e-02 
 3.041071e+01  1.981008e-02 
 3.041111e+01  1.985098e-02 
 3.041151e+01  1.989219e-02 
 3.041190e+01  1.993328e-02 
 3.041230e+01  1.997379e-02 
 3.041270e+01  2.001339e-02 
 3.041310e+01  2.005177e-02 
 3.041349e+01  2.008861e-02 
 3.041389e+01  2.012358e-02 
 3.041429e+01  2.015638e-02 
 3.041469e+01  2.018717e-02 
 3.041509e+01  2.021606e-02 
 3.041548e+01  2.024315e-02 
 3.041588e+01  2.026873e-02 
 3.041628e+01  2.029313e-02 
 3.041668e+01  2.031671e-02 
 3.041707e+01  2.033980e-02 
 3.041747e+01  2.036263e-02 
 3.041787e+01  2.038541e-02 
 3.041827e+01  2.040804e-02 
 3.041866e+01  2.043039e-02 
 3.041906e+01  2.045241e-02 
 3.041946e+01  2.047406e-02 
 3.041986e+01  2.049500e-02 
 3.042026e+01  2.051510e-02 
 3.042065e+01  2.053404e-02 
 3.042105e+01  2.055173e-02 
 3.042145e+01  2.056799e-02 
 3.042185e+01  2.058277e-02 
 3.042224e+01  2.059572e-02 
 3.042264e+01  2.060691e-02 
 3.042304e+01  2.061630e-02 
 3.042344e+01  2.062391e-02 
 3.042383e+01  2.062986e-02 
 3.042423e+01  2.063426e-02 
 3.042463e+01  2.063734e-02 
 3.042503e+01  2.063930e-02 
 3.042543e+01  2.064042e-02 
 3.042582e+01  2.064114e-02 
 3.042622e+01  2.064155e-02 
 3.042662e+01  2.064190e-02 
 3.042702e+01  2.064229e-02 
 3.042741e+01  2.064290e-02 
 3.042781e+01  2.064372e-02 
 3.042821e+01  2.064471e-02 
 3.042861e+01  2.064574e-02 
 3.042900e+01  2.064685e-02 
 3.042940e+01  2.064796e-02 
 3.042980e+01  2.064883e-02 
 3.043020e+01  2.064925e-02 
 3.043060e+01  2.064900e-02 
 3.043099e+01  2.064794e-02 
 3.043139e+01  2.064584e-02 
 3.043179e+01  2.064257e-02 
 3.043219e+01  2.063804e-02 
 3.043258e+01  2.063223e-02 
 3.043298e+01  2.062508e-02 
 3.043338e+01  2.061667e-02 
 3.043378e+01  2.060706e-02 
 3.043417e+01  2.059639e-02 
 3.043457e+01  2.058474e-02 
 3.043497e+01  2.057238e-02 
 3.043537e+01  2.055940e-02 
 3.043577e+01  2.054589e-02 
 3.043616e+01  2.053170e-02 
 3.043656e+01  2.051685e-02 
 3.043696e+01  2.050133e-02 
 3.043736e+01  2.048502e-02 
 3.043775e+01  2.046780e-02 
 3.043815e+01  2.044962e-02 
 3.043855e+01  2.043024e-02 
 3.043895e+01  2.040950e-02 
 3.043934e+01  2.038731e-02 
 3.043974e+01  2.036352e-02 
 3.044014e+01  2.033800e-02 
 3.044054e+01  2.031058e-02 
 3.044094e+01  2.028150e-02 
 3.044133e+01  2.025120e-02 
 3.044173e+01  2.022011e-02 
 3.044213e+01  2.018860e-02 
 3.044253e+01  2.015711e-02 
 3.044292e+01  2.012607e-02 
 3.044332e+01  2.009597e-02 
 3.044372e+01  2.006715e-02 
 3.044412e+01  2.003991e-02 
 3.044452e+01  2.001438e-02 
 3.044491e+01  1.999054e-02 
 3.044531e+01  1.996831e-02 
 3.044571e+01  1.994772e-02 
 3.044611e+01  1.992855e-02 
 3.044650e+01  1.991055e-02 
 3.044690e+01  1.989346e-02 
 3.044730e+01  1.987698e-02 
 3.044770e+01  1.986091e-02 
 3.044809e+01  1.984487e-02 
 3.044849e+01  1.982859e-02 
 3.044889e+01  1.981179e-02 
 3.044929e+01  1.979431e-02 
 3.044969e+01  1.977615e-02 
 3.045008e+01  1.975729e-02 
 3.045048e+01  1.973792e-02 
 3.045088e+01  1.971825e-02 
 3.045128e+01  1.969855e-02 
 3.045167e+01  1.967894e-02 
 3.045207e+01  1.965952e-02 
 3.045247e+01  1.964029e-02 
 3.045287e+01  1.962118e-02 
 3.045326e+01  1.960201e-02 
 3.045366e+01  1.958273e-02 
 3.045406e+01  1.956323e-02 
 3.045446e+01  1.954359e-02 
 3.045486e+01  1.952363e-02 
 3.045525e+01  1.950328e-02 
 3.045565e+01  1.948250e-02 
 3.045605e+01  1.946111e-02 
 3.045645e+01  1.943916e-02 
 3.045684e+01  1.941658e-02 
 3.045724e+01  1.939341e-02 
 3.045764e+01  1.936967e-02 
 3.045804e+01  1.934551e-02 
 3.045843e+01  1.932115e-02 
 3.045883e+01  1.929687e-02 
 3.045923e+01  1.927300e-02 
 3.045963e+01  1.925007e-02 
 3.046003e+01  1.922847e-02 
 3.046042e+01  1.920875e-02 
 3.046082e+01  1.919132e-02 
 3.046122e+01  1.917634e-02 
 3.046162e+01  1.916390e-02 
 3.046201e+01  1.915393e-02 
 3.046241e+01  1.914616e-02 
 3.046281e+01  1.914037e-02 
 3.046321e+01  1.913642e-02 
 3.046360e+01  1.913414e-02 
 3.046400e+01  1.913310e-02 
 3.046440e+01  1.913296e-02 
 3.046480e+01  1.913334e-02 
 3.046520e+01  1.913393e-02 
 3.046559e+01  1.913424e-02 
 3.046599e+01  1.913408e-02 
 3.046639e+01  1.913325e-02 
 3.046679e+01  1.913171e-02 
 3.046718e+01  1.912946e-02 
 3.046758e+01  1.912668e-02 
 3.046798e+01  1.912349e-02 
 3.046838e+01  1.911998e-02 
 3.046877e+01  1.911629e-02 
 3.046917e+01  1.911269e-02 
 3.046957e+01  1.910941e-02 
 3.046997e+01  1.910654e-02 
 3.047037e+01  1.910409e-02 
 3.047076e+01  1.910206e-02 
 3.047116e+01  1.910022e-02 
 3.047156e+01  1.909830e-02 
 3.047196e+01  1.909608e-02 
 3.047235e+01  1.909338e-02 
 3.047275e+01  1.908997e-02 
 3.047315e+01  1.908568e-02 
 3.047355e+01  1.908018e-02 
 3.047394e+01  1.907321e-02 
 3.047434e+01  1.906474e-02 
 3.047474e+01  1.905464e-02 
 3.047514e+01  1.904285e-02 
 3.047554e+01  1.902940e-02 
 3.047593e+01  1.901451e-02 
 3.047633e+01  1.899843e-02 
 3.047673e+01  1.898142e-02 
 3.047713e+01  1.896394e-02 
 3.047752e+01  1.894638e-02 
 3.047792e+01  1.892899e-02 
 3.047832e+01  1.891217e-02 
 3.047872e+01  1.889616e-02 
 3.047911e+01  1.888119e-02 
 3.047951e+01  1.886733e-02 
 3.047991e+01  1.885455e-02 
 3.048031e+01  1.884281e-02 
 3.048071e+01  1.883209e-02 
 3.048110e+01  1.882240e-02 
 3.048150e+01  1.881372e-02 
 3.048190e+01  1.880585e-02 
 3.048230e+01  1.879861e-02 
 3.048269e+01  1.879196e-02 
 3.048309e+01  1.878586e-02 
 3.048349e+01  1.878024e-02 
 3.048389e+01  1.877518e-02 
 3.048428e+01  1.877064e-02 
 3.048468e+01  1.876669e-02 
 3.048508e+01  1.876357e-02 
 3.048548e+01  1.876149e-02 
 3.048588e+01  1.876053e-02 
 3.048627e+01  1.876078e-02 
 3.048667e+01  1.876227e-02 
 3.048707e+01  1.876509e-02 
 3.048747e+01  1.876940e-02 
 3.048786e+01  1.877507e-02 
 3.048826e+01  1.878203e-02 
 3.048866e+01  1.879004e-02 
 3.048906e+01  1.879877e-02 
 3.048945e+01  1.880803e-02 
 3.048985e+01  1.881748e-02 
 3.049025e+01  1.882676e-02 
 3.049065e+01  1.883560e-02 
 3.049105e+01  1.884369e-02 
 3.049144e+01  1.885091e-02 
 3.049184e+01  1.885715e-02 
 3.049224e+01  1.886227e-02 
 3.049264e+01  1.886632e-02 
 3.049303e+01  1.886938e-02 
 3.049343e+01  1.887151e-02 
 3.049383e+01  1.887307e-02 
 3.049423e+01  1.887435e-02 
 3.049462e+01  1.887566e-02 
 3.049502e+01  1.887738e-02 
 3.049542e+01  1.887983e-02 
 3.049582e+01  1.888324e-02 
 3.049622e+01  1.888783e-02 
 3.049661e+01  1.889362e-02 
 3.049701e+01  1.890066e-02 
 3.049741e+01  1.890908e-02 
 3.049781e+01  1.891892e-02 
 3.049820e+01  1.893033e-02 
 3.049860e+01  1.894333e-02 
 3.049900e+01  1.895794e-02 
 3.049940e+01  1.897417e-02 
 3.049979e+01  1.899182e-02 
 3.050019e+01  1.901080e-02 
 3.050059e+01  1.903100e-02 
 3.050099e+01  1.905227e-02 
 3.050139e+01  1.907460e-02 
 3.050178e+01  1.909803e-02 
 3.050218e+01  1.912257e-02 
 3.050258e+01  1.914820e-02 
 3.050298e+01  1.917484e-02 
 3.050337e+01  1.920255e-02 
 3.050377e+01  1.923124e-02 
 3.050417e+01  1.926073e-02 
 3.050457e+01  1.929105e-02 
 3.050496e+01  1.932216e-02 
 3.050536e+01  1.935397e-02 
 3.050576e+01  1.938636e-02 
 3.050616e+01  1.941911e-02 
 3.050656e+01  1.945198e-02 
 3.050695e+01  1.948477e-02 
 3.050735e+01  1.951727e-02 
 3.050775e+01  1.954909e-02 
 3.050815e+01  1.957989e-02 
 3.050854e+01  1.960928e-02 
 3.050894e+01  1.963697e-02 
 3.050934e+01  1.966274e-02 
 3.050974e+01  1.968652e-02 
 3.051013e+01  1.970840e-02 
 3.051053e+01  1.972863e-02 
 3.051093e+01  1.974748e-02 
 3.051133e+01  1.976532e-02 
 3.051173e+01  1.978267e-02 
 3.051212e+01  1.979990e-02 
 3.051252e+01  1.981723e-02 
 3.051292e+01  1.983498e-02 
 3.051332e+01  1.985344e-02 
 3.051371e+01  1.987289e-02 
 3.051411e+01  1.989352e-02 
 3.051451e+01  1.991542e-02 
 3.051491e+01  1.993851e-02 
 3.051530e+01  1.996255e-02 
 3.051570e+01  1.998715e-02 
 3.051610e+01  2.001206e-02 
 3.051650e+01  2.003706e-02 
 3.051690e+01  2.006187e-02 
 3.051729e+01  2.008628e-02 
 3.051769e+01  2.011012e-02 
 3.051809e+01  2.013322e-02 
 3.051849e+01  2.015556e-02 
 3.051888e+01  2.017702e-02 
 3.051928e+01  2.019775e-02 
 3.051968e+01  2.021762e-02 
 3.052008e+01  2.023667e-02 
 3.052047e+01  2.025545e-02 
 3.052087e+01  2.027371e-02 
 3.052127e+01  2.029169e-02 
 3.052167e+01  2.030918e-02 
 3.052207e+01  2.032639e-02 
 3.052246e+01  2.034316e-02 
 3.052286e+01  2.035980e-02 
 3.052326e+01  2.037620e-02 
 3.052366e+01  2.039239e-02 
 3.052405e+01  2.040819e-02 
 3.052445e+01  2.042339e-02 
 3.052485e+01  2.043772e-02 
 3.052525e+01  2.045081e-02 
 3.052564e+01  2.046233e-02 
 3.052604e+01  2.047182e-02 
 3.052644e+01  2.047912e-02 
 3.052684e+01  2.048426e-02 
 3.052724e+01  2.048729e-02 
 3.052763e+01  2.048829e-02 
 3.052803e+01  2.048718e-02 
 3.052843e+01  2.048410e-02 
 3.052883e+01  2.047933e-02 
 3.052922e+01  2.047299e-02 
 3.052962e+01  2.046531e-02 
 3.053002e+01  2.045653e-02 
 3.053042e+01  2.044689e-02 
 3.053081e+01  2.043666e-02 
 3.053121e+01  2.042611e-02 
 3.053161e+01  2.041535e-02 
 3.053201e+01  2.040446e-02 
 3.053241e+01  2.039346e-02 
 3.053280e+01  2.038243e-02 
 3.053320e+01  2.037138e-02 
 3.053360e+01  2.036027e-02 
 3.053400e+01  2.034895e-02 
 3.053439e+01  2.033716e-02 
 3.053479e+01  2.032447e-02 
 3.053519e+01  2.031073e-02 
 3.053559e+01  2.029586e-02 
 3.053599e+01  2.027970e-02 
 3.053638e+01  2.026247e-02 
 3.053678e+01  2.024425e-02 
 3.053718e+01  2.022523e-02 
 3.053758e+01  2.020568e-02 
 3.053797e+01  2.018597e-02 
 3.053837e+01  2.016660e-02 
 3.053877e+01  2.014793e-02 
 3.053917e+01  2.013034e-02 
 3.053956e+01  2.011396e-02 
 3.053996e+01  2.009900e-02 
 3.054036e+01  2.008533e-02 
 3.054076e+01  2.007268e-02 
 3.054116e+01  2.006079e-02 
 3.054155e+01  2.004904e-02 
 3.054195e+01  2.003727e-02 
 3.054235e+01  2.002508e-02 
 3.054275e+01  2.001225e-02 
 3.054314e+01  1.999851e-02 
 3.054354e+01  1.998348e-02 
 3.054394e+01  1.996699e-02 
 3.054434e+01  1.994895e-02 
 3.054473e+01  1.992944e-02 
 3.054513e+01  1.990866e-02 
 3.054553e+01  1.988679e-02 
 3.054593e+01  1.986411e-02 
 3.054633e+01  1.984070e-02 
 3.054672e+01  1.981683e-02 
 3.054712e+01  1.979277e-02 
 3.054752e+01  1.976873e-02 
 3.054792e+01  1.974477e-02 
 3.054831e+01  1.972095e-02 
 3.054871e+01  1.969759e-02 
 3.054911e+01  1.967481e-02 
 3.054951e+01  1.965279e-02 
 3.054990e+01  1.963156e-02 
 3.055030e+01  1.961109e-02 
 3.055070e+01  1.959129e-02 
 3.055110e+01  1.957209e-02 
 3.055150e+01  1.955325e-02 
 3.055189e+01  1.953459e-02 
 3.055229e+01  1.951594e-02 
 3.055269e+01  1.949722e-02 
 3.055309e+01  1.947858e-02 
 3.055348e+01  1.946026e-02 
 3.055388e+01  1.944252e-02 
 3.055428e+01  1.942551e-02 
 3.055468e+01  1.940945e-02 
 3.055507e+01  1.939443e-02 
 3.055547e+01  1.938064e-02 
 3.055587e+01  1.936818e-02 
 3.055627e+01  1.935703e-02 
 3.055667e+01  1.934712e-02 
 3.055706e+01  1.933840e-02 
 3.055746e+01  1.933078e-02 
 3.055786e+01  1.932417e-02 
 3.055826e+01  1.931834e-02 
 3.055865e+01  1.931300e-02 
 3.055905e+01  1.930762e-02 
 3.055945e+01  1.930172e-02 
 3.055985e+01  1.929499e-02 
 3.056024e+01  1.928685e-02 
 3.056064e+01  1.927693e-02 
 3.056104e+01  1.926492e-02 
 3.056144e+01  1.925066e-02 
 3.056184e+01  1.923425e-02 
 3.056223e+01  1.921585e-02 
 3.056263e+01  1.919578e-02 
 3.056303e+01  1.917434e-02 
 3.056343e+01  1.915178e-02 
 3.056382e+01  1.912853e-02 
 3.056422e+01  1.910501e-02 
 3.056462e+01  1.908153e-02 
 3.056502e+01  1.905848e-02 
 3.056541e+01  1.903605e-02 
 3.056581e+01  1.901434e-02 
 3.056621e+01  1.899358e-02 
 3.056661e+01  1.897394e-02 
 3.056701e+01  1.895554e-02 
 3.056740e+01  1.893847e-02 
 3.056780e+01  1.892264e-02 
 3.056820e+01  1.890806e-02 
 3.056860e+01  1.889446e-02 
 3.056899e+01  1.888158e-02 
 3.056939e+01  1.886906e-02 
 3.056979e+01  1.885663e-02 
 3.057019e+01  1.884401e-02 
 3.057058e+01  1.883136e-02 
 3.057098e+01  1.881900e-02 
 3.057138e+01  1.880698e-02 
 3.057178e+01  1.879549e-02 
 3.057218e+01  1.878460e-02 
 3.057257e+01  1.877431e-02 
 3.057297e+01  1.876474e-02 
 3.057337e+01  1.875575e-02 
 3.057377e+01  1.874732e-02 
 3.057416e+01  1.873949e-02 
 3.057456e+01  1.873237e-02 
 3.057496e+01  1.872598e-02 
 3.057536e+01  1.872032e-02 
 3.057575e+01  1.871519e-02 
 3.057615e+01  1.871034e-02 
 3.057655e+01  1.870541e-02 
 3.057695e+01  1.870010e-02 
 3.057735e+01  1.869414e-02 
 3.057774e+01  1.868748e-02 
 3.057814e+01  1.867979e-02 
 3.057854e+01  1.867106e-02 
 3.057894e+01  1.866107e-02 
 3.057933e+01  1.864986e-02 
 3.057973e+01  1.863745e-02 
 3.058013e+01  1.862388e-02 
 3.058053e+01  1.860954e-02 
 3.058092e+01  1.859470e-02 
 3.058132e+01  1.857977e-02 
 3.058172e+01  1.856516e-02 
 3.058212e+01  1.855117e-02 
 3.058252e+01  1.853809e-02 
 3.058291e+01  1.852608e-02 
 3.058331e+01  1.851519e-02 
 3.058371e+01  1.850553e-02 
 3.058411e+01  1.849716e-02 
 3.058450e+01  1.849017e-02 
 3.058490e+01  1.848446e-02 
 3.058530e+01  1.847985e-02 
 3.058570e+01  1.847616e-02 
 3.058609e+01  1.847324e-02 
 3.058649e+01  1.847087e-02 
 3.058689e+01  1.846890e-02 
 3.058729e+01  1.846715e-02 
 3.058769e+01  1.846549e-02 
 3.058808e+01  1.846393e-02 
 3.058848e+01  1.846239e-02 
 3.058888e+01  1.846109e-02 
 3.058928e+01  1.846008e-02 
 3.058967e+01  1.845964e-02 
 3.059007e+01  1.846000e-02 
 3.059047e+01  1.846150e-02 
 3.059087e+01  1.846434e-02 
 3.059126e+01  1.846869e-02 
 3.059166e+01  1.847451e-02 
 3.059206e+01  1.848170e-02 
 3.059246e+01  1.849018e-02 
 3.059286e+01  1.849999e-02 
 3.059325e+01  1.851099e-02 
 3.059365e+01  1.852310e-02 
 3.059405e+01  1.853613e-02 
 3.059445e+01  1.855002e-02 
 3.059484e+01  1.856453e-02 
 3.059524e+01  1.857951e-02 
 3.059564e+01  1.859466e-02 
 3.059604e+01  1.860974e-02 
 3.059643e+01  1.862458e-02 
 3.059683e+01  1.863909e-02 
 3.059723e+01  1.865312e-02 
 3.059763e+01  1.866671e-02 
 3.059803e+01  1.867979e-02 
 3.059842e+01  1.869215e-02 
 3.059882e+01  1.870384e-02 
 3.059922e+01  1.871518e-02 
 3.059962e+01  1.872628e-02 
 3.060001e+01  1.873741e-02 
 3.060041e+01  1.874889e-02 
 3.060081e+01  1.876075e-02 
 3.060121e+01  1.877320e-02 
 3.060160e+01  1.878630e-02 
 3.060200e+01  1.879995e-02 
 3.060240e+01  1.881404e-02 
 3.060280e+01  1.882827e-02 
 3.060320e+01  1.884250e-02 
 3.060359e+01  1.885664e-02 
 3.060399e+01  1.887047e-02 
 3.060439e+01  1.888381e-02 
 3.060479e+01  1.889657e-02 
 3.060518e+01  1.890858e-02 
 3.060558e+01  1.891999e-02 
 3.060598e+01  1.893114e-02 
 3.060638e+01  1.894236e-02 
 3.060677e+01  1.895413e-02 
 3.060717e+01  1.896668e-02 
 3.060757e+01  1.898048e-02 
 3.060797e+01  1.899582e-02 
 3.060837e+01  1.901280e-02 
 3.060876e+01  1.903168e-02 
 3.060916e+01  1.905248e-02 
 3.060956e+01  1.907520e-02 
 3.060996e+01  1.909969e-02 
 3.061035e+01  1.912585e-02 
 3.061075e+01  1.915339e-02 
 3.061115e+01  1.918189e-02 
 3.061155e+01  1.921083e-02 
 3.061194e+01  1.923960e-02 
 3.061234e+01  1.926779e-02 
 3.061274e+01  1.929492e-02 
 3.061314e+01  1.932066e-02 
 3.061354e+01  1.934465e-02 
 3.061393e+01  1.936678e-02 
 3.061433e+01  1.938705e-02 
 3.061473e+01  1.940543e-02 
 3.061513e+01  1.942204e-02 
 3.061552e+01  1.943694e-02 
 3.061592e+01  1.945031e-02 
 3.061632e+01  1.946234e-02 
 3.061672e+01  1.947329e-02 
 3.061711e+01  1.948336e-02 
 3.061751e+01  1.949274e-02 
 3.061791e+01  1.950168e-02 
 3.061831e+01  1.951040e-02 
 3.061871e+01  1.951910e-02 
 3.061910e+01  1.952778e-02 
 3.061950e+01  1.953644e-02 
 3.061990e+01  1.954486e-02 
 3.062030e+01  1.955277e-02 
 3.062069e+01  1.955980e-02 
 3.062109e+01  1.956578e-02 
 3.062149e+01  1.957055e-02 
 3.062189e+01  1.957398e-02 
 3.062228e+01  1.957620e-02 
 3.062268e+01  1.957748e-02 
 3.062308e+01  1.957792e-02 
 3.062348e+01  1.957770e-02 
 3.062388e+01  1.957692e-02 
 3.062427e+01  1.957578e-02 
 3.062467e+01  1.957439e-02 
 3.062507e+01  1.957303e-02 
 3.062547e+01  1.957193e-02 
 3.062586e+01  1.957126e-02 
 3.062626e+01  1.957111e-02 
 3.062666e+01  1.957169e-02 
 3.062706e+01  1.957282e-02 
 3.062746e+01  1.957433e-02 
 3.062785e+01  1.957602e-02 
 3.062825e+01  1.957767e-02 
 3.062865e+01  1.957904e-02 
 3.062905e+01  1.957971e-02 
 3.062944e+01  1.957926e-02 
 3.062984e+01  1.957744e-02 
 3.063024e+01  1.957386e-02 
 3.063064e+01  1.956838e-02 
 3.063103e+01  1.956094e-02 
 3.063143e+01  1.955134e-02 
 3.063183e+01  1.953972e-02 
 3.063223e+01  1.952628e-02 
 3.063263e+01  1.951136e-02 
 3.063302e+01  1.949527e-02 
 3.063342e+01  1.947824e-02 
 3.063382e+01  1.946061e-02 
 3.063422e+01  1.944294e-02 
 3.063461e+01  1.942560e-02 
 3.063501e+01  1.940896e-02 
 3.063541e+01  1.939327e-02 
 3.063581e+01  1.937859e-02 
 3.063620e+01  1.936498e-02 
 3.063660e+01  1.935244e-02 
 3.063700e+01  1.934072e-02 
 3.063740e+01  1.932959e-02 
 3.063780e+01  1.931874e-02 
 3.063819e+01  1.930779e-02 
 3.063859e+01  1.929661e-02 
 3.063899e+01  1.928501e-02 
 3.063939e+01  1.927290e-02 
 3.063978e+01  1.926023e-02 
 3.064018e+01  1.924690e-02 
 3.064058e+01  1.923299e-02 
 3.064098e+01  1.921872e-02 
 3.064137e+01  1.920428e-02 
 3.064177e+01  1.918984e-02 
 3.064217e+01  1.917540e-02 
 3.064257e+01  1.916100e-02 
 3.064297e+01  1.914670e-02 
 3.064336e+01  1.913249e-02 
 3.064376e+01  1.911834e-02 
 3.064416e+01  1.910423e-02 
 3.064456e+01  1.909009e-02 
 3.064495e+01  1.907583e-02 
 3.064535e+01  1.906130e-02 
 3.064575e+01  1.904647e-02 
 3.064615e+01  1.903114e-02 
 3.064654e+01  1.901510e-02 
 3.064694e+01  1.899837e-02 
 3.064734e+01  1.898081e-02 
 3.064774e+01  1.896240e-02 
 3.064814e+01  1.894311e-02 
 3.064853e+01  1.892292e-02 
 3.064893e+01  1.890169e-02 
 3.064933e+01  1.887935e-02 
 3.064973e+01  1.885598e-02 
 3.065012e+01  1.883185e-02 
 3.065052e+01  1.880738e-02 
 3.065092e+01  1.878285e-02 
 3.065132e+01  1.875868e-02 
 3.065171e+01  1.873526e-02 
 3.065211e+01  1.871280e-02 
 3.065251e+01  1.869142e-02 
 3.065291e+01  1.867105e-02 
 3.065331e+01  1.865152e-02 
 3.065370e+01  1.863266e-02 
 3.065410e+01  1.861433e-02 
 3.065450e+01  1.859640e-02 
 3.065490e+01  1.857872e-02 
 3.065529e+01  1.856099e-02 
 3.065569e+01  1.854293e-02 
 3.065609e+01  1.852438e-02 
 3.065649e+01  1.850517e-02 
 3.065688e+01  1.848515e-02 
 3.065728e+01  1.846430e-02 
 3.065768e+01  1.844267e-02 
 3.065808e+01  1.842046e-02 
 3.065848e+01  1.839796e-02 
 3.065887e+01  1.837536e-02 
 3.065927e+01  1.835297e-02 
 3.065967e+01  1.833099e-02 
 3.066007e+01  1.830972e-02 
 3.066046e+01  1.828944e-02 
 3.066086e+01  1.827038e-02 
 3.066126e+01  1.825274e-02 
 3.066166e+01  1.823676e-02 
 3.066205e+01  1.822243e-02 
 3.066245e+01  1.820957e-02 
 3.066285e+01  1.819799e-02 
 3.066325e+01  1.818732e-02 
 3.066365e+01  1.817716e-02 
 3.066404e+01  1.816711e-02 
 3.066444e+01  1.815677e-02 
 3.066484e+01  1.814594e-02 
 3.066524e+01  1.813452e-02 
 3.066563e+01  1.812245e-02 
 3.066603e+01  1.810975e-02 
 3.066643e+01  1.809654e-02 
 3.066683e+01  1.808275e-02 
 3.066722e+01  1.806838e-02 
 3.066762e+01  1.805349e-02 
 3.066802e+01  1.803823e-02 
 3.066842e+01  1.802264e-02 
 3.066882e+01  1.800686e-02 
 3.066921e+01  1.799115e-02 
 3.066961e+01  1.797574e-02 
 3.067001e+01  1.796085e-02 
 3.067041e+01  1.794666e-02 
 3.067080e+01  1.793316e-02 
 3.067120e+01  1.792023e-02 
 3.067160e+01  1.790761e-02 
 3.067200e+01  1.789528e-02 
 3.067239e+01  1.788311e-02 
 3.067279e+01  1.787091e-02 
 3.067319e+01  1.785859e-02 
 3.067359e+01  1.784617e-02 
 3.067399e+01  1.783371e-02 
 3.067438e+01  1.782136e-02 
 3.067478e+01  1.780919e-02 
 3.067518e+01  1.779731e-02 
 3.067558e+01  1.778577e-02 
 3.067597e+01  1.777478e-02 
 3.067637e+01  1.776456e-02 
 3.067677e+01  1.775541e-02 
 3.067717e+01  1.774755e-02 
 3.067756e+01  1.774121e-02 
 3.067796e+01  1.773672e-02 
 3.067836e+01  1.773437e-02 
 3.067876e+01  1.773441e-02 
 3.067916e+01  1.773689e-02 
 3.067955e+01  1.774182e-02 
 3.067995e+01  1.774908e-02 
 3.068035e+01  1.775842e-02 
 3.068075e+01  1.776943e-02 
 3.068114e+01  1.778155e-02 
 3.068154e+01  1.779426e-02 
 3.068194e+01  1.780698e-02 
 3.068234e+01  1.781925e-02 
 3.068273e+01  1.783077e-02 
 3.068313e+01  1.784131e-02 
 3.068353e+01  1.785076e-02 
 3.068393e+01  1.785895e-02 
 3.068433e+01  1.786578e-02 
 3.068472e+01  1.787131e-02 
 3.068512e+01  1.787565e-02 
 3.068552e+01  1.787900e-02 
 3.068592e+01  1.788161e-02 
 3.068631e+01  1.788386e-02 
 3.068671e+01  1.788628e-02 
 3.068711e+01  1.788926e-02 
 3.068751e+01  1.789313e-02 
 3.068790e+01  1.789817e-02 
 3.068830e+01  1.790443e-02 
 3.068870e+01  1.791197e-02 
 3.068910e+01  1.792066e-02 
 3.068950e+01  1.793030e-02 
 3.068989e+01  1.794086e-02 
 3.069029e+01  1.795216e-02 
 3.069069e+01  1.796406e-02 
 3.069109e+01  1.797646e-02 
 3.069148e+01  1.798929e-02 
 3.069188e+01  1.800260e-02 
 3.069228e+01  1.801641e-02 
 3.069268e+01  1.803079e-02 
 3.069307e+01  1.804596e-02 
 3.069347e+01  1.806198e-02 
 3.069387e+01  1.807909e-02 
 3.069427e+01  1.809762e-02 
 3.069467e+01  1.811760e-02 
 3.069506e+01  1.813919e-02 
 3.069546e+01  1.816238e-02 
 3.069586e+01  1.818709e-02 
 3.069626e+01  1.821319e-02 
 3.069665e+01  1.824053e-02 
 3.069705e+01  1.826888e-02 
 3.069745e+01  1.829808e-02 
 3.069785e+01  1.832794e-02 
 3.069824e+01  1.835823e-02 
 3.069864e+01  1.838863e-02 
 3.069904e+01  1.841875e-02 
 3.069944e+01  1.844822e-02 
 3.069984e+01  1.847666e-02 
 3.070023e+01  1.850377e-02 
 3.070063e+01  1.852945e-02 
 3.070103e+01  1.855357e-02 
 3.070143e+01  1.857625e-02 
 3.070182e+01  1.859770e-02 
 3.070222e+01  1.861818e-02 
 3.070262e+01  1.863811e-02 
 3.070302e+01  1.865783e-02 
 3.070341e+01  1.867769e-02 
 3.070381e+01  1.869794e-02 
 3.070421e+01  1.871879e-02 
 3.070461e+01  1.874025e-02 
 3.070501e+01  1.876234e-02 
 3.070540e+01  1.878505e-02 
 3.070580e+01  1.880816e-02 
 3.070620e+01  1.883152e-02 
 3.070660e+01  1.885500e-02 
 3.070699e+01  1.887846e-02 
 3.070739e+01  1.890159e-02 
 3.070779e+01  1.892409e-02 
 3.070819e+01  1.894560e-02 
 3.070858e+01  1.896595e-02 
 3.070898e+01  1.898493e-02 
 3.070938e+01  1.900249e-02 
 3.070978e+01  1.901878e-02 
 3.071018e+01  1.903391e-02 
 3.071057e+01  1.904800e-02 
 3.071097e+01  1.906128e-02 
 3.071137e+01  1.907413e-02 
 3.071177e+01  1.908686e-02 
 3.071216e+01  1.909981e-02 
 3.071256e+01  1.911317e-02 
 3.071296e+01  1.912729e-02 
 3.071336e+01  1.914235e-02 
 3.071375e+01  1.915850e-02 
 3.071415e+01  1.917573e-02 
 3.071455e+01  1.919392e-02 
 3.071495e+01  1.921279e-02 
 3.071535e+01  1.923205e-02 
 3.071574e+01  1.925148e-02 
 3.071614e+01  1.927091e-02 
 3.071654e+01  1.929008e-02 
 3.071694e+01  1.930867e-02 
 3.071733e+01  1.932647e-02 
 3.071773e+01  1.934333e-02 
 3.071813e+01  1.935923e-02 
 3.071853e+01  1.937410e-02 
 3.071892e+01  1.938797e-02 
 3.071932e+01  1.940098e-02 
 3.071972e+01  1.941334e-02 
 3.072012e+01  1.942537e-02 
 3.072052e+01  1.943727e-02 
 3.072091e+01  1.944921e-02 
 3.072131e+01  1.946120e-02 
 3.072171e+01  1.947335e-02 
 3.072211e+01  1.948557e-02 
 3.072250e+01  1.949771e-02 
 3.072290e+01  1.950962e-02 
 3.072330e+01  1.952106e-02 
 3.072370e+01  1.953183e-02 
 3.072410e+01  1.954174e-02 
 3.072449e+01  1.955051e-02 
 3.072489e+01  1.955786e-02 
 3.072529e+01  1.956359e-02 
 3.072569e+01  1.956741e-02 
 3.072608e+01  1.956915e-02 
 3.072648e+01  1.956869e-02 
 3.072688e+01  1.956596e-02 
 3.072728e+01  1.956094e-02 
 3.072767e+01  1.955380e-02 
 3.072807e+01  1.954472e-02 
 3.072847e+01  1.953414e-02 
 3.072887e+01  1.952264e-02 
 3.072927e+01  1.951075e-02 
 3.072966e+01  1.949908e-02 
 3.073006e+01  1.948815e-02 
 3.073046e+01  1.947843e-02 
 3.073086e+01  1.947027e-02 
 3.073125e+01  1.946381e-02 
 3.073165e+01  1.945908e-02 
 3.073205e+01  1.945600e-02 
 3.073245e+01  1.945444e-02 
 3.073284e+01  1.945416e-02 
 3.073324e+01  1.945486e-02 
 3.073364e+01  1.945627e-02 
 3.073404e+01  1.945803e-02 
 3.073444e+01  1.945981e-02 
 3.073483e+01  1.946127e-02 
 3.073523e+01  1.946226e-02 
 3.073563e+01  1.946265e-02 
 3.073603e+01  1.946235e-02 
 3.073642e+01  1.946134e-02 
 3.073682e+01  1.945961e-02 
 3.073722e+01  1.945717e-02 
 3.073762e+01  1.945400e-02 
 3.073801e+01  1.945033e-02 
 3.073841e+01  1.944629e-02 
 3.073881e+01  1.944186e-02 
 3.073921e+01  1.943709e-02 
 3.073961e+01  1.943185e-02 
 3.074000e+01  1.942599e-02 
 3.074040e+01  1.941929e-02 
 3.074080e+01  1.941147e-02 
 3.074120e+01  1.940237e-02 
 3.074159e+01  1.939195e-02 
 3.074199e+01  1.938003e-02 
 3.074239e+01  1.936663e-02 
 3.074279e+01  1.935162e-02 
 3.074318e+01  1.933481e-02 
 3.074358e+01  1.931610e-02 
 3.074398e+01  1.929537e-02 
 3.074438e+01  1.927275e-02 
 3.074478e+01  1.924848e-02 
 3.074517e+01  1.922290e-02 
 3.074557e+01  1.919643e-02 
 3.074597e+01  1.916942e-02 
 3.074637e+01  1.914226e-02 
 3.074676e+01  1.911522e-02 
 3.074716e+01  1.908855e-02 
 3.074756e+01  1.906251e-02 
 3.074796e+01  1.903722e-02 
 3.074835e+01  1.901280e-02 
 3.074875e+01  1.898940e-02 
 3.074915e+01  1.896700e-02 
 3.074955e+01  1.894543e-02 
 3.074995e+01  1.892445e-02 
 3.075034e+01  1.890381e-02 
 3.075074e+01  1.888326e-02 
 3.075114e+01  1.886249e-02 
 3.075154e+01  1.884112e-02 
 3.075193e+01  1.881895e-02 
 3.075233e+01  1.879568e-02 
 3.075273e+01  1.877119e-02 
 3.075313e+01  1.874543e-02 
 3.075352e+01  1.871844e-02 
 3.075392e+01  1.869033e-02 
 3.075432e+01  1.866130e-02 
 3.075472e+01  1.863172e-02 
 3.075512e+01  1.860196e-02 
 3.075551e+01  1.857239e-02 
 3.075591e+01  1.854326e-02 
 3.075631e+01  1.851475e-02 
 3.075671e+01  1.848690e-02 
 3.075710e+01  1.845976e-02 
 3.075750e+01  1.843344e-02 
 3.075790e+01  1.840795e-02 
 3.075830e+01  1.838309e-02 
 3.075869e+01  1.835862e-02 
 3.075909e+01  1.833430e-02 
 3.075949e+01  1.830976e-02 
 3.075989e+01  1.828461e-02 
 3.076029e+01  1.825846e-02 
 3.076068e+01  1.823095e-02 
 3.076108e+01  1.820184e-02 
 3.076148e+01  1.817105e-02 
 3.076188e+01  1.813871e-02 
 3.076227e+01  1.810500e-02 
 3.076267e+01  1.807017e-02 
 3.076307e+01  1.803445e-02 
 3.076347e+01  1.799835e-02 
 3.076386e+01  1.796231e-02 
 3.076426e+01  1.792672e-02 
 3.076466e+01  1.789190e-02 
 3.076506e+01  1.785806e-02 
 3.076546e+01  1.782538e-02 
 3.076585e+01  1.779387e-02 
 3.076625e+01  1.776351e-02 
 3.076665e+01  1.773421e-02 
 3.076705e+01  1.770596e-02 
 3.076744e+01  1.767864e-02 
 3.076784e+01  1.765226e-02 
 3.076824e+01  1.762679e-02 
 3.076864e+01  1.760199e-02 
 3.076903e+01  1.757776e-02 
 3.076943e+01  1.755390e-02 
 3.076983e+01  1.753032e-02 
 3.077023e+01  1.750708e-02 
 3.077063e+01  1.748437e-02 
 3.077102e+01  1.746248e-02 
 3.077142e+01  1.744170e-02 
 3.077182e+01  1.742238e-02 
 3.077222e+01  1.740496e-02 
 3.077261e+01  1.738968e-02 
 3.077301e+01  1.737686e-02 
 3.077341e+01  1.736671e-02 
 3.077381e+01  1.735930e-02 
 3.077420e+01  1.735472e-02 
 3.077460e+01  1.735291e-02 
 3.077500e+01  1.735364e-02 
 3.077540e+01  1.735661e-02 
 3.077580e+01  1.736142e-02 
 3.077619e+01  1.736757e-02 
 3.077659e+01  1.737461e-02 
 3.077699e+01  1.738197e-02 
 3.077739e+01  1.738924e-02 
 3.077778e+01  1.739589e-02 
 3.077818e+01  1.740154e-02 
 3.077858e+01  1.740578e-02 
 3.077898e+01  1.740832e-02 
 3.077937e+01  1.740911e-02 
 3.077977e+01  1.740820e-02 
 3.078017e+01  1.740587e-02 
 3.078057e+01  1.740243e-02 
 3.078097e+01  1.739824e-02 
 3.078136e+01  1.739380e-02 
 3.078176e+01  1.738948e-02 
 3.078216e+01  1.738567e-02 
 3.078256e+01  1.738256e-02 
 3.078295e+01  1.738032e-02 
 3.078335e+01  1.737911e-02 
 3.078375e+01  1.737906e-02 
 3.078415e+01  1.738036e-02 
 3.078454e+01  1.738300e-02 
 3.078494e+01  1.738685e-02 
 3.078534e+01  1.739179e-02 
 3.078574e+01  1.739767e-02 
 3.078614e+01  1.740442e-02 
 3.078653e+01  1.741195e-02 
 3.078693e+01  1.742022e-02 
 3.078733e+01  1.742928e-02 
 3.078773e+01  1.743927e-02 
 3.078812e+01  1.745033e-02 
 3.078852e+01  1.746259e-02 
 3.078892e+01  1.747631e-02 
 3.078932e+01  1.749161e-02 
 3.078971e+01  1.750869e-02 
 3.079011e+01  1.752767e-02 
 3.079051e+01  1.754866e-02 
 3.079091e+01  1.757169e-02 
 3.079131e+01  1.759658e-02 
 3.079170e+01  1.762308e-02 
 3.079210e+01  1.765093e-02 
 3.079250e+01  1.767986e-02 
 3.079290e+01  1.770961e-02 
 3.079329e+01  1.773986e-02 
 3.079369e+01  1.777020e-02 
 3.079409e+01  1.780017e-02 
 3.079449e+01  1.782934e-02 
 3.079488e+01  1.785715e-02 
 3.079528e+01  1.788333e-02 
 3.079568e+01  1.790764e-02 
 3.079608e+01  1.793001e-02 
 3.079648e+01  1.795054e-02 
 3.079687e+01  1.796956e-02 
 3.079727e+01  1.798730e-02 
 3.079767e+01  1.800400e-02 
 3.079807e+01  1.801982e-02 
 3.079846e+01  1.803506e-02 
 3.079886e+01  1.805005e-02 
 3.079926e+01  1.806511e-02 
 3.079966e+01  1.808053e-02 
 3.080005e+01  1.809668e-02 
 3.080045e+01  1.811362e-02 
 3.080085e+01  1.813138e-02 
 3.080125e+01  1.815004e-02 
 3.080165e+01  1.816942e-02 
 3.080204e+01  1.818925e-02 
 3.080244e+01  1.820934e-02 
 3.080284e+01  1.822942e-02 
 3.080324e+01  1.824923e-02 
 3.080363e+01  1.826855e-02 
 3.080403e+01  1.828707e-02 
 3.080443e+01  1.830468e-02 
 3.080483e+01  1.832134e-02 
 3.080522e+01  1.833707e-02 
 3.080562e+01  1.835219e-02 
 3.080602e+01  1.836705e-02 
 3.080642e+01  1.838188e-02 
 3.080682e+01  1.839695e-02 
 3.080721e+01  1.841245e-02 
 3.080761e+01  1.842851e-02 
 3.080801e+01  1.844518e-02 
 3.080841e+01  1.846253e-02 
 3.080880e+01  1.848063e-02 
 3.080920e+01  1.849954e-02 
 3.080960e+01  1.851928e-02 
 3.081000e+01  1.853977e-02 
 3.081039e+01  1.856079e-02 
 3.081079e+01  1.858208e-02 
 3.081119e+01  1.860334e-02 
 3.081159e+01  1.862421e-02 
 3.081199e+01  1.864439e-02 
 3.081238e+01  1.866354e-02 
 3.081278e+01  1.868152e-02 
 3.081318e+01  1.869821e-02 
 3.081358e+01  1.871357e-02 
 3.081397e+01  1.872769e-02 
 3.081437e+01  1.874068e-02 
 3.081477e+01  1.875284e-02 
 3.081517e+01  1.876447e-02 
 3.081557e+01  1.877588e-02 
 3.081596e+01  1.878732e-02 
 3.081636e+01  1.879904e-02 
 3.081676e+01  1.881114e-02 
 3.081716e+01  1.882372e-02 
 3.081755e+01  1.883679e-02 
 3.081795e+01  1.885030e-02 
 3.081835e+01  1.886420e-02 
 3.081875e+01  1.887843e-02 
 3.081914e+01  1.889301e-02 
 3.081954e+01  1.890779e-02 
 3.081994e+01  1.892259e-02 
 3.082034e+01  1.893708e-02 
 3.082074e+01  1.895094e-02 
 3.082113e+01  1.896387e-02 
 3.082153e+01  1.897569e-02 
 3.082193e+01  1.898640e-02 
 3.082233e+01  1.899604e-02 
 3.082272e+01  1.900477e-02 
 3.082312e+01  1.901297e-02 
 3.082352e+01  1.902108e-02 
 3.082392e+01  1.902946e-02 
 3.082431e+01  1.903847e-02 
 3.082471e+01  1.904859e-02 
 3.082511e+01  1.906015e-02 
 3.082551e+01  1.907355e-02 
 3.082591e+01  1.908918e-02 
 3.082630e+01  1.910713e-02 
 3.082670e+01  1.912744e-02 
 3.082710e+01  1.914992e-02 
 3.082750e+01  1.917431e-02 
 3.082789e+01  1.920034e-02 
 3.082829e+01  1.922767e-02 
 3.082869e+01  1.925578e-02 
 3.082909e+01  1.928422e-02 
 3.082948e+01  1.931243e-02 
 3.082988e+01  1.933993e-02 
 3.083028e+01  1.936626e-02 
 3.083068e+01  1.939098e-02 
 3.083108e+01  1.941382e-02 
 3.083147e+01  1.943467e-02 
 3.083187e+01  1.945365e-02 
 3.083227e+01  1.947086e-02 
 3.083267e+01  1.948649e-02 
 3.083306e+01  1.950061e-02 
 3.083346e+01  1.951326e-02 
 3.083386e+01  1.952444e-02 
 3.083426e+01  1.953410e-02 
 3.083465e+01  1.954240e-02 
 3.083505e+01  1.954934e-02 
 3.083545e+01  1.955496e-02 
 3.083585e+01  1.955930e-02 
 3.083625e+01  1.956242e-02 
 3.083664e+01  1.956426e-02 
 3.083704e+01  1.956475e-02 
 3.083744e+01  1.956379e-02 
 3.083784e+01  1.956134e-02 
 3.083823e+01  1.955733e-02 
 3.083863e+01  1.955178e-02 
 3.083903e+01  1.954476e-02 
 3.083943e+01  1.953635e-02 
 3.083982e+01  1.952667e-02 
 3.084022e+01  1.951597e-02 
 3.084062e+01  1.950467e-02 
 3.084102e+01  1.949323e-02 
 3.084142e+01  1.948201e-02 
 3.084181e+01  1.947150e-02 
 3.084221e+01  1.946205e-02 
 3.084261e+01  1.945392e-02 
 3.084301e+01  1.944731e-02 
 3.084340e+01  1.944228e-02 
 3.084380e+01  1.943884e-02 
 3.084420e+01  1.943681e-02 
 3.084460e+01  1.943590e-02 
 3.084499e+01  1.943580e-02 
 3.084539e+01  1.943601e-02 
 3.084579e+01  1.943595e-02 
 3.084619e+01  1.943501e-02 
 3.084659e+01  1.943270e-02 
 3.084698e+01  1.942852e-02 
 3.084738e+01  1.942209e-02 
 3.084778e+01  1.941333e-02 
 3.084818e+01  1.940219e-02 
 3.084857e+01  1.938855e-02 
 3.084897e+01  1.937242e-02 
 3.084937e+01  1.935385e-02 
 3.084977e+01  1.933298e-02 
 3.085016e+01  1.931003e-02 
 3.085056e+01  1.928526e-02 
 3.085096e+01  1.925904e-02 
 3.085136e+01  1.923182e-02 
 3.085176e+01  1.920400e-02 
 3.085215e+01  1.917591e-02 
 3.085255e+01  1.914769e-02 
 3.085295e+01  1.911934e-02 
 3.085335e+01  1.909084e-02 
 3.085374e+01  1.906211e-02 
 3.085414e+01  1.903293e-02 
 3.085454e+01  1.900321e-02 
 3.085494e+01  1.897286e-02 
 3.085533e+01  1.894172e-02 
 3.085573e+01  1.890968e-02 
 3.085613e+01  1.887674e-02 
 3.085653e+01  1.884301e-02 
 3.085693e+01  1.880877e-02 
 3.085732e+01  1.877441e-02 
 3.085772e+01  1.874024e-02 
 3.085812e+01  1.870666e-02 
 3.085852e+01  1.867399e-02 
 3.085891e+01  1.864252e-02 
 3.085931e+01  1.861243e-02 
 3.085971e+01  1.858390e-02 
 3.086011e+01  1.855708e-02 
 3.086050e+01  1.853205e-02 
 3.086090e+01  1.850896e-02 
 3.086130e+01  1.848782e-02 
 3.086170e+01  1.846841e-02 
 3.086210e+01  1.845028e-02 
 3.086249e+01  1.843307e-02 
 3.086289e+01  1.841630e-02 
 3.086329e+01  1.839947e-02 
 3.086369e+01  1.838225e-02 
 3.086408e+01  1.836434e-02 
 3.086448e+01  1.834559e-02 
 3.086488e+01  1.832587e-02 
 3.086528e+01  1.830524e-02 
 3.086567e+01  1.828379e-02 
 3.086607e+01  1.826166e-02 
 3.086647e+01  1.823896e-02 
 3.086687e+01  1.821588e-02 
 3.086727e+01  1.819273e-02 
 3.086766e+01  1.816982e-02 
 3.086806e+01  1.814742e-02 
 3.086846e+01  1.812579e-02 
 3.086886e+01  1.810519e-02 
 3.086925e+01  1.808579e-02 
 3.086965e+01  1.806782e-02 
 3.087005e+01  1.805150e-02 
 3.087045e+01  1.803682e-02 
 3.087084e+01  1.802365e-02 
 3.087124e+01  1.801185e-02 
 3.087164e+01  1.800109e-02 
 3.087204e+01  1.799107e-02 
 3.087244e+01  1.798147e-02 
 3.087283e+01  1.797183e-02 
 3.087323e+01  1.796202e-02 
 3.087363e+01  1.795195e-02 
 3.087403e+01  1.794168e-02 
 3.087442e+01  1.793130e-02 
 3.087482e+01  1.792105e-02 
 3.087522e+01  1.791114e-02 
 3.087562e+01  1.790192e-02 
 3.087601e+01  1.789369e-02 
 3.087641e+01  1.788678e-02 
 3.087681e+01  1.788136e-02 
 3.087721e+01  1.787775e-02 
 3.087761e+01  1.787610e-02 
 3.087800e+01  1.787656e-02 
 3.087840e+01  1.787932e-02 
 3.087880e+01  1.788442e-02 
 3.087920e+01  1.789187e-02 
 3.087959e+01  1.790169e-02 
 3.087999e+01  1.791371e-02 
 3.088039e+01  1.792765e-02 
 3.088079e+01  1.794312e-02 
 3.088118e+01  1.795966e-02 
 3.088158e+01  1.797693e-02 
 3.088198e+01  1.799453e-02 
 3.088238e+01  1.801233e-02 
 3.088278e+01  1.803030e-02 
 3.088317e+01  1.804841e-02 
 3.088357e+01  1.806672e-02 
 3.088397e+01  1.808520e-02 
 3.088437e+01  1.810386e-02 
 3.088476e+01  1.812265e-02 
 3.088516e+01  1.814147e-02 
 3.088556e+01  1.816025e-02 
 3.088596e+01  1.817894e-02 
 3.088635e+01  1.819746e-02 
 3.088675e+01  1.821585e-02 
 3.088715e+01  1.823404e-02 
 3.088755e+01  1.825203e-02 
 3.088795e+01  1.826958e-02 
 3.088834e+01  1.828641e-02 
 3.088874e+01  1.830225e-02 
 3.088914e+01  1.831680e-02 
 3.088954e+01  1.832977e-02 
 3.088993e+01  1.834101e-02 
 3.089033e+01  1.835039e-02 
 3.089073e+01  1.835784e-02 
 3.089113e+01  1.836343e-02 
 3.089152e+01  1.836734e-02 
 3.089192e+01  1.836988e-02 
 3.089232e+01  1.837134e-02 
 3.089272e+01  1.837213e-02 
 3.089312e+01  1.837264e-02 
 3.089351e+01  1.837338e-02 
 3.089391e+01  1.837476e-02 
 3.089431e+01  1.837720e-02 
 3.089471e+01  1.838109e-02 
 3.089510e+01  1.838672e-02 
 3.089550e+01  1.839427e-02 
 3.089590e+01  1.840400e-02 
 3.089630e+01  1.841599e-02 
 3.089669e+01  1.843010e-02 
 3.089709e+01  1.844618e-02 
 3.089749e+01  1.846396e-02 
 3.089789e+01  1.848308e-02 
 3.089829e+01  1.850317e-02 
 3.089868e+01  1.852395e-02 
 3.089908e+01  1.854509e-02 
 3.089948e+01  1.856635e-02 
 3.089988e+01  1.858751e-02 
 3.090027e+01  1.860844e-02 
 3.090067e+01  1.862903e-02 
 3.090107e+01  1.864909e-02 
 3.090147e+01  1.866857e-02 
 3.090186e+01  1.868735e-02 
 3.090226e+01  1.870538e-02 
 3.090266e+01  1.872265e-02 
 3.090306e+01  1.873926e-02 
 3.090346e+01  1.875530e-02 
 3.090385e+01  1.877082e-02 
 3.090425e+01  1.878593e-02 
 3.090465e+01  1.880062e-02 
 3.090505e+01  1.881484e-02 
 3.090544e+01  1.882841e-02 
 3.090584e+01  1.884114e-02 
 3.090624e+01  1.885286e-02 
 3.090664e+01  1.886335e-02 
 3.090704e+01  1.887239e-02 
 3.090743e+01  1.887991e-02 
 3.090783e+01  1.888588e-02 
 3.090823e+01  1.889036e-02 
 3.090863e+01  1.889348e-02 
 3.090902e+01  1.889555e-02 
 3.090942e+01  1.889696e-02 
 3.090982e+01  1.889810e-02 
 3.091022e+01  1.889927e-02 
 3.091061e+01  1.890077e-02 
 3.091101e+01  1.890302e-02 
 3.091141e+01  1.890635e-02 
 3.091181e+01  1.891117e-02 
 3.091221e+01  1.891778e-02 
 3.091260e+01  1.892635e-02 
 3.091300e+01  1.893708e-02 
 3.091340e+01  1.895000e-02 
 3.091380e+01  1.896508e-02 
 3.091419e+01  1.898202e-02 
 3.091459e+01  1.900039e-02 
 3.091499e+01  1.901980e-02 
 3.091539e+01  1.903983e-02 
 3.091578e+01  1.906007e-02 
 3.091618e+01  1.908014e-02 
 3.091658e+01  1.909970e-02 
 3.091698e+01  1.911846e-02 
 3.091738e+01  1.913619e-02 
 3.091777e+01  1.915278e-02 
 3.091817e+01  1.916828e-02 
 3.091857e+01  1.918264e-02 
 3.091897e+01  1.919604e-02 
 3.091936e+01  1.920876e-02 
 3.091976e+01  1.922110e-02 
 3.092016e+01  1.923339e-02 
 3.092056e+01  1.924593e-02 
 3.092095e+01  1.925903e-02 
 3.092135e+01  1.927295e-02 
 3.092175e+01  1.928788e-02 
 3.092215e+01  1.930403e-02 
 3.092255e+01  1.932141e-02 
 3.092294e+01  1.933985e-02 
 3.092334e+01  1.935911e-02 
 3.092374e+01  1.937875e-02 
 3.092414e+01  1.939832e-02 
 3.092453e+01  1.941730e-02 
 3.092493e+01  1.943537e-02 
 3.092533e+01  1.945219e-02 
 3.092573e+01  1.946758e-02 
 3.092612e+01  1.948154e-02 
 3.092652e+01  1.949417e-02 
 3.092692e+01  1.950555e-02 
 3.092732e+01  1.951591e-02 
 3.092772e+01  1.952549e-02 
 3.092811e+01  1.953457e-02 
 3.092851e+01  1.954347e-02 
 3.092891e+01  1.955246e-02 
 3.092931e+01  1.956180e-02 
 3.092970e+01  1.957167e-02 
 3.093010e+01  1.958210e-02 
 3.093050e+01  1.959301e-02 
 3.093090e+01  1.960435e-02 
 3.093129e+01  1.961610e-02 
 3.093169e+01  1.962802e-02 
 3.093209e+01  1.963984e-02 
 3.093249e+01  1.965126e-02 
 3.093289e+01  1.966194e-02 
 3.093328e+01  1.967160e-02 
 3.093368e+01  1.968008e-02 
 3.093408e+01  1.968720e-02 
 3.093448e+01  1.969295e-02 
 3.093487e+01  1.969736e-02 
 3.093527e+01  1.970074e-02 
 3.093567e+01  1.970336e-02 
 3.093607e+01  1.970541e-02 
 3.093646e+01  1.970701e-02 
 3.093686e+01  1.970824e-02 
 3.093726e+01  1.970930e-02 
 3.093766e+01  1.971039e-02 
 3.093806e+01  1.971174e-02 
 3.093845e+01  1.971355e-02 
 3.093885e+01  1.971582e-02 
 3.093925e+01  1.971846e-02 
 3.093965e+01  1.972126e-02 
 3.094004e+01  1.972380e-02 
 3.094044e+01  1.972573e-02 
 3.094084e+01  1.972658e-02 
 3.094124e+01  1.972604e-02 
 3.094163e+01  1.972383e-02 
 3.094203e+01  1.971974e-02 
 3.094243e+01  1.971353e-02 
 3.094283e+01  1.970502e-02 
 3.094323e+01  1.969412e-02 
 3.094362e+01  1.968075e-02 
 3.094402e+01  1.966498e-02 
 3.094442e+01  1.964696e-02 
 3.094482e+01  1.962701e-02 
 3.094521e+01  1.960551e-02 
 3.094561e+01  1.958274e-02 
 3.094601e+01  1.955910e-02 
 3.094641e+01  1.953490e-02 
 3.094680e+01  1.951046e-02 
 3.094720e+01  1.948612e-02 
 3.094760e+01  1.946210e-02 
 3.094800e+01  1.943865e-02 
 3.094840e+01  1.941604e-02 
 3.094879e+01  1.939436e-02 
 3.094919e+01  1.937350e-02 
 3.094959e+01  1.935322e-02 
 3.094999e+01  1.933330e-02 
 3.095038e+01  1.931356e-02 
 3.095078e+01  1.929380e-02 
 3.095118e+01  1.927401e-02 
 3.095158e+01  1.925407e-02 
 3.095197e+01  1.923395e-02 
 3.095237e+01  1.921365e-02 
 3.095277e+01  1.919319e-02 
 3.095317e+01  1.917273e-02 
 3.095357e+01  1.915230e-02 
 3.095396e+01  1.913201e-02 
 3.095436e+01  1.911214e-02 
 3.095476e+01  1.909296e-02 
 3.095516e+01  1.907466e-02 
 3.095555e+01  1.905725e-02 
 3.095595e+01  1.904047e-02 
 3.095635e+01  1.902402e-02 
 3.095675e+01  1.900746e-02 
 3.095714e+01  1.899041e-02 
 3.095754e+01  1.897253e-02 
 3.095794e+01  1.895336e-02 
 3.095834e+01  1.893253e-02 
 3.095874e+01  1.890968e-02 
 3.095913e+01  1.888466e-02 
 3.095953e+01  1.885749e-02 
 3.095993e+01  1.882821e-02 
 3.096033e+01  1.879701e-02 
 3.096072e+01  1.876414e-02 
 3.096112e+01  1.872989e-02 
 3.096152e+01  1.869473e-02 
 3.096192e+01  1.865907e-02 
 3.096231e+01  1.862326e-02 
 3.096271e+01  1.858773e-02 
 3.096311e+01  1.855293e-02 
 3.096351e+01  1.851931e-02 
 3.096391e+01  1.848742e-02 
 3.096430e+01  1.845771e-02 
 3.096470e+01  1.843044e-02 
 3.096510e+01  1.840582e-02 
 3.096550e+01  1.838386e-02 
 3.096589e+01  1.836457e-02 
 3.096629e+01  1.834782e-02 
 3.096669e+01  1.833344e-02 
 3.096709e+01  1.832128e-02 
 3.096748e+01  1.831116e-02 
 3.096788e+01  1.830275e-02 
 3.096828e+01  1.829578e-02 
 3.096868e+01  1.829006e-02 
 3.096908e+01  1.828530e-02 
 3.096947e+01  1.828127e-02 
 3.096987e+01  1.827783e-02 
 3.097027e+01  1.827494e-02 
 3.097067e+01  1.827262e-02 
 3.097106e+01  1.827088e-02 
 3.097146e+01  1.826970e-02 
 3.097186e+01  1.826909e-02 
 3.097226e+01  1.826898e-02 
 3.097265e+01  1.826948e-02 
 3.097305e+01  1.827071e-02 
 3.097345e+01  1.827281e-02 
 3.097385e+01  1.827583e-02 
 3.097425e+01  1.827966e-02 
 3.097464e+01  1.828422e-02 
 3.097504e+01  1.828930e-02 
 3.097544e+01  1.829470e-02 
 3.097584e+01  1.830005e-02 
 3.097623e+01  1.830521e-02 
 3.097663e+01  1.831006e-02 
 3.097703e+01  1.831462e-02 
 3.097743e+01  1.831892e-02 
 3.097782e+01  1.832293e-02 
 3.097822e+01  1.832662e-02 
 3.097862e+01  1.832998e-02 
 3.097902e+01  1.833314e-02 
 3.097942e+01  1.833629e-02 
 3.097981e+01  1.833966e-02 
 3.098021e+01  1.834356e-02 
 3.098061e+01  1.834817e-02 
 3.098101e+01  1.835366e-02 
 3.098140e+01  1.836023e-02 
 3.098180e+01  1.836806e-02 
 3.098220e+01  1.837727e-02 
 3.098260e+01  1.838787e-02 
 3.098299e+01  1.839994e-02 
 3.098339e+01  1.841345e-02 
 3.098379e+01  1.842827e-02 
 3.098419e+01  1.844404e-02 
 3.098459e+01  1.846040e-02 
 3.098498e+01  1.847698e-02 
 3.098538e+01  1.849348e-02 
 3.098578e+01  1.850983e-02 
 3.098618e+01  1.852601e-02 
 3.098657e+01  1.854204e-02 
 3.098697e+01  1.855796e-02 
 3.098737e+01  1.857377e-02 
 3.098777e+01  1.858948e-02 
 3.098816e+01  1.860506e-02 
 3.098856e+01  1.862069e-02 
 3.098896e+01  1.863654e-02 
 3.098936e+01  1.865292e-02 
 3.098976e+01  1.867004e-02 
 3.099015e+01  1.868803e-02 
 3.099055e+01  1.870705e-02 
 3.099095e+01  1.872713e-02 
 3.099135e+01  1.874816e-02 
 3.099174e+01  1.877002e-02 
 3.099214e+01  1.879266e-02 
 3.099254e+01  1.881606e-02 
 3.099294e+01  1.883999e-02 
 3.099333e+01  1.886416e-02 
 3.099373e+01  1.888825e-02 
 3.099413e+01  1.891183e-02 
 3.099453e+01  1.893451e-02 
 3.099493e+01  1.895601e-02 
 3.099532e+01  1.897617e-02 
 3.099572e+01  1.899476e-02 
 3.099612e+01  1.901176e-02 
 3.099652e+01  1.902724e-02 
 3.099691e+01  1.904130e-02 
 3.099731e+01  1.905401e-02 
 3.099771e+01  1.906549e-02 
 3.099811e+01  1.907593e-02 
 3.099851e+01  1.908557e-02 
 3.099890e+01  1.909467e-02 
 3.099930e+01  1.910344e-02 
 3.099970e+01  1.911214e-02 
 3.100010e+01  1.912072e-02 
 3.100049e+01  1.912921e-02 
 3.100089e+01  1.913760e-02 
 3.100129e+01  1.914582e-02 
 3.100169e+01  1.915379e-02 
 3.100208e+01  1.916149e-02 
 3.100248e+01  1.916884e-02 
 3.100288e+01  1.917576e-02 
 3.100328e+01  1.918233e-02 
 3.100368e+01  1.918863e-02 
 3.100407e+01  1.919478e-02 
 3.100447e+01  1.920095e-02 
 3.100487e+01  1.920733e-02 
 3.100527e+01  1.921431e-02 
 3.100566e+01  1.922230e-02 
 3.100606e+01  1.923176e-02 
 3.100646e+01  1.924300e-02 
 3.100686e+01  1.925634e-02 
 3.100725e+01  1.927193e-02 
 3.100765e+01  1.928980e-02 
 3.100805e+01  1.930995e-02 
 3.100845e+01  1.933221e-02 
 3.100885e+01  1.935629e-02 
 3.100924e+01  1.938172e-02 
 3.100964e+01  1.940806e-02 
 3.101004e+01  1.943472e-02 
 3.101044e+01  1.946120e-02 
 3.101083e+01  1.948710e-02 
 3.101123e+01  1.951203e-02 
 3.101163e+01  1.953564e-02 
 3.101203e+01  1.955770e-02 
 3.101242e+01  1.957806e-02 
 3.101282e+01  1.959652e-02 
 3.101322e+01  1.961291e-02 
 3.101362e+01  1.962713e-02 
 3.101402e+01  1.963929e-02 
 3.101441e+01  1.964962e-02 
 3.101481e+01  1.965856e-02 
 3.101521e+01  1.966658e-02 
 3.101561e+01  1.967413e-02 
 3.101600e+01  1.968168e-02 
 3.101640e+01  1.968952e-02 
 3.101680e+01  1.969789e-02 
 3.101720e+01  1.970695e-02 
 3.101759e+01  1.971676e-02 
 3.101799e+01  1.972732e-02 
 3.101839e+01  1.973861e-02 
 3.101879e+01  1.975062e-02 
 3.101919e+01  1.976321e-02 
 3.101958e+01  1.977619e-02 
 3.101998e+01  1.978929e-02 
 3.102038e+01  1.980235e-02 
 3.102078e+01  1.981531e-02 
 3.102117e+01  1.982809e-02 
 3.102157e+01  1.984073e-02 
 3.102197e+01  1.985338e-02 
 3.102237e+01  1.986606e-02 
 3.102276e+01  1.987886e-02 
 3.102316e+01  1.989195e-02 
 3.102356e+01  1.990544e-02 
 3.102396e+01  1.991954e-02 
 3.102436e+01  1.993438e-02 
 3.102475e+01  1.995006e-02 
 3.102515e+01  1.996671e-02 
 3.102555e+01  1.998420e-02 
 3.102595e+01  2.000238e-02 
 3.102634e+01  2.002087e-02 
 3.102674e+01  2.003924e-02 
 3.102714e+01  2.005716e-02 
 3.102754e+01  2.007434e-02 
 3.102793e+01  2.009055e-02 
 3.102833e+01  2.010557e-02 
 3.102873e+01  2.011930e-02 
 3.102913e+01  2.013157e-02 
 3.102953e+01  2.014214e-02 
 3.102992e+01  2.015098e-02 
 3.103032e+01  2.015805e-02 
 3.103072e+01  2.016337e-02 
 3.103112e+01  2.016707e-02 
 3.103151e+01  2.016939e-02 
 3.103191e+01  2.017054e-02 
 3.103231e+01  2.017082e-02 
 3.103271e+01  2.017052e-02 
 3.103310e+01  2.016991e-02 
 3.103350e+01  2.016919e-02 
 3.103390e+01  2.016854e-02 
 3.103430e+01  2.016806e-02 
 3.103470e+01  2.016768e-02 
 3.103509e+01  2.016727e-02 
 3.103549e+01  2.016653e-02 
 3.103589e+01  2.016515e-02 
 3.103629e+01  2.016286e-02 
 3.103668e+01  2.015928e-02 
 3.103708e+01  2.015421e-02 
 3.103748e+01  2.014754e-02 
 3.103788e+01  2.013914e-02 
 3.103827e+01  2.012893e-02 
 3.103867e+01  2.011697e-02 
 3.103907e+01  2.010331e-02 
 3.103947e+01  2.008795e-02 
 3.103987e+01  2.007096e-02 
 3.104026e+01  2.005256e-02 
 3.104066e+01  2.003305e-02 
 3.104106e+01  2.001263e-02 
 3.104146e+01  1.999145e-02 
 3.104185e+01  1.996968e-02 
 3.104225e+01  1.994753e-02 
 3.104265e+01  1.992512e-02 
 3.104305e+01  1.990262e-02 
 3.104344e+01  1.988016e-02 
 3.104384e+01  1.985774e-02 
 3.104424e+01  1.983535e-02 
 3.104464e+01  1.981288e-02 
 3.104504e+01  1.979035e-02 
 3.104543e+01  1.976764e-02 
 3.104583e+01  1.974470e-02 
 3.104623e+01  1.972146e-02 
 3.104663e+01  1.969776e-02 
 3.104702e+01  1.967363e-02 
 3.104742e+01  1.964908e-02 
 3.104782e+01  1.962419e-02 
 3.104822e+01  1.959888e-02 
 3.104861e+01  1.957312e-02 
 3.104901e+01  1.954698e-02 
 3.104941e+01  1.952047e-02 
 3.104981e+01  1.949371e-02 
 3.105021e+01  1.946670e-02 
 3.105060e+01  1.943944e-02 
 3.105100e+01  1.941191e-02 
 3.105140e+01  1.938397e-02 
 3.105180e+01  1.935547e-02 
 3.105219e+01  1.932626e-02 
 3.105259e+01  1.929618e-02 
 3.105299e+01  1.926491e-02 
 3.105339e+01  1.923224e-02 
 3.105378e+01  1.919796e-02 
 3.105418e+01  1.916188e-02 
 3.105458e+01  1.912391e-02 
 3.105498e+01  1.908410e-02 
 3.105538e+01  1.904252e-02 
 3.105577e+01  1.899935e-02 
 3.105617e+01  1.895478e-02 
 3.105657e+01  1.890910e-02 
 3.105697e+01  1.886266e-02 
 3.105736e+01  1.881581e-02 
 3.105776e+01  1.876891e-02 
 3.105816e+01  1.872243e-02 
 3.105856e+01  1.867679e-02 
 3.105895e+01  1.863242e-02 
 3.105935e+01  1.858981e-02 
 3.105975e+01  1.854927e-02 
 3.106015e+01  1.851100e-02 
 3.106055e+01  1.847506e-02 
 3.106094e+01  1.844154e-02 
 3.106134e+01  1.841039e-02 
 3.106174e+01  1.838141e-02 
 3.106214e+01  1.835448e-02 
 3.106253e+01  1.832944e-02 
 3.106293e+01  1.830595e-02 
 3.106333e+01  1.828362e-02 
 3.106373e+01  1.826210e-02 
 3.106412e+01  1.824107e-02 
 3.106452e+01  1.822012e-02 
 3.106492e+01  1.819895e-02 
 3.106532e+01  1.817739e-02 
 3.106572e+01  1.815526e-02 
 3.106611e+01  1.813247e-02 
 3.106651e+01  1.810903e-02 
 3.106691e+01  1.808511e-02 
 3.106731e+01  1.806084e-02 
 3.106770e+01  1.803637e-02 
 3.106810e+01  1.801180e-02 
 3.106850e+01  1.798717e-02 
 3.106890e+01  1.796258e-02 
 3.106929e+01  1.793809e-02 
 3.106969e+01  1.791377e-02 
 3.107009e+01  1.788965e-02 
 3.107049e+01  1.786575e-02 
 3.107089e+01  1.784202e-02 
 3.107128e+01  1.781847e-02 
 3.107168e+01  1.779500e-02 
 3.107208e+01  1.777170e-02 
 3.107248e+01  1.774857e-02 
 3.107287e+01  1.772560e-02 
 3.107327e+01  1.770300e-02 
 3.107367e+01  1.768097e-02 
 3.107407e+01  1.765974e-02 
 3.107446e+01  1.763946e-02 
 3.107486e+01  1.762029e-02 
 3.107526e+01  1.760236e-02 
 3.107566e+01  1.758595e-02 
 3.107606e+01  1.757142e-02 
 3.107645e+01  1.755911e-02 
 3.107685e+01  1.754923e-02 
 3.107725e+01  1.754187e-02 
 3.107765e+01  1.753704e-02 
 3.107804e+01  1.753460e-02 
 3.107844e+01  1.753431e-02 
 3.107884e+01  1.753590e-02 
 3.107924e+01  1.753899e-02 
 3.107963e+01  1.754325e-02 
 3.108003e+01  1.754832e-02 
 3.108043e+01  1.755378e-02 
 3.108083e+01  1.755922e-02 
 3.108123e+01  1.756429e-02 
 3.108162e+01  1.756856e-02 
 3.108202e+01  1.757171e-02 
 3.108242e+01  1.757357e-02 
 3.108282e+01  1.757412e-02 
 3.108321e+01  1.757341e-02 
 3.108361e+01  1.757148e-02 
 3.108401e+01  1.756862e-02 
 3.108441e+01  1.756508e-02 
 3.108480e+01  1.756104e-02 
 3.108520e+01  1.755675e-02 
 3.108560e+01  1.755243e-02 
 3.108600e+01  1.754830e-02 
 3.108640e+01  1.754458e-02 
 3.108679e+01  1.754143e-02 
 3.108719e+01  1.753883e-02 
 3.108759e+01  1.753679e-02 
 3.108799e+01  1.753520e-02 
 3.108838e+01  1.753393e-02 
 3.108878e+01  1.753285e-02 
 3.108918e+01  1.753189e-02 
 3.108958e+01  1.753089e-02 
 3.108998e+01  1.752980e-02 
 3.109037e+01  1.752861e-02 
 3.109077e+01  1.752730e-02 
 3.109117e+01  1.752591e-02 
 3.109157e+01  1.752449e-02 
 3.109196e+01  1.752317e-02 
 3.109236e+01  1.752212e-02 
 3.109276e+01  1.752145e-02 
 3.109316e+01  1.752128e-02 
 3.109355e+01  1.752172e-02 
 3.109395e+01  1.752302e-02 
 3.109435e+01  1.752529e-02 
 3.109475e+01  1.752864e-02 
 3.109515e+01  1.753304e-02 
 3.109554e+01  1.753847e-02 
 3.109594e+01  1.754483e-02 
 3.109634e+01  1.755202e-02 
 3.109674e+01  1.755973e-02 
 3.109713e+01  1.756775e-02 
 3.109753e+01  1.757585e-02 
 3.109793e+01  1.758383e-02 
 3.109833e+01  1.759162e-02 
 3.109872e+01  1.759923e-02 
 3.109912e+01  1.760673e-02 
 3.109952e+01  1.761425e-02 
 3.109992e+01  1.762188e-02 
 3.110032e+01  1.762985e-02 
 3.110071e+01  1.763827e-02 
 3.110111e+01  1.764730e-02 
 3.110151e+01  1.765713e-02 
 3.110191e+01  1.766783e-02 
 3.110230e+01  1.767948e-02 
 3.110270e+01  1.769214e-02 
 3.110310e+01  1.770584e-02 
 3.110350e+01  1.772039e-02 
 3.110389e+01  1.773556e-02 
 3.110429e+01  1.775107e-02 
 3.110469e+01  1.776660e-02 
 3.110509e+01  1.778185e-02 
 3.110549e+01  1.779642e-02 
 3.110588e+01  1.781009e-02 
 3.110628e+01  1.782258e-02 
 3.110668e+01  1.783358e-02 
 3.110708e+01  1.784276e-02 
 3.110747e+01  1.784987e-02 
 3.110787e+01  1.785481e-02 
 3.110827e+01  1.785768e-02 
 3.110867e+01  1.785876e-02 
 3.110906e+01  1.785833e-02 
 3.110946e+01  1.785680e-02 
 3.110986e+01  1.785455e-02 
 3.111026e+01  1.785187e-02 
 3.111066e+01  1.784916e-02 
 3.111105e+01  1.784674e-02 
 3.111145e+01  1.784494e-02 
 3.111185e+01  1.784410e-02 
 3.111225e+01  1.784455e-02 
 3.111264e+01  1.784655e-02 
 3.111304e+01  1.785030e-02 
 3.111344e+01  1.785591e-02 
 3.111384e+01  1.786335e-02 
 3.111423e+01  1.787258e-02 
 3.111463e+01  1.788345e-02 
 3.111503e+01  1.789580e-02 
 3.111543e+01  1.790950e-02 
 3.111583e+01  1.792442e-02 
 3.111622e+01  1.794034e-02 
 3.111662e+01  1.795696e-02 
 3.111702e+01  1.797404e-02 
 3.111742e+01  1.799157e-02 
 3.111781e+01  1.800948e-02 
 3.111821e+01  1.802788e-02 
 3.111861e+01  1.804680e-02 
 3.111901e+01  1.806625e-02 
 3.111940e+01  1.808627e-02 
 3.111980e+01  1.810667e-02 
 3.112020e+01  1.812730e-02 
 3.112060e+01  1.814788e-02 
 3.112100e+01  1.816803e-02 
 3.112139e+01  1.818750e-02 
 3.112179e+01  1.820605e-02 
 3.112219e+01  1.822339e-02 
 3.112259e+01  1.823925e-02 
 3.112298e+01  1.825336e-02 
 3.112338e+01  1.826551e-02 
 3.112378e+01  1.827552e-02 
 3.112418e+01  1.828319e-02 
 3.112457e+01  1.828859e-02 
 3.112497e+01  1.829179e-02 
 3.112537e+01  1.829292e-02 
 3.112577e+01  1.829220e-02 
 3.112617e+01  1.828987e-02 
 3.112656e+01  1.828618e-02 
 3.112696e+01  1.828153e-02 
 3.112736e+01  1.827638e-02 
 3.112776e+01  1.827116e-02 
 3.112815e+01  1.826650e-02 
 3.112855e+01  1.826284e-02 
 3.112895e+01  1.826044e-02 
 3.112935e+01  1.825954e-02 
 3.112974e+01  1.826013e-02 
 3.113014e+01  1.826212e-02 
 3.113054e+01  1.826535e-02 
 3.113094e+01  1.826970e-02 
 3.113134e+01  1.827507e-02 
 3.113173e+01  1.828137e-02 
 3.113213e+01  1.828844e-02 
 3.113253e+01  1.829601e-02 
 3.113293e+01  1.830376e-02 
 3.113332e+01  1.831140e-02 
 3.113372e+01  1.831858e-02 
 3.113412e+01  1.832497e-02 
 3.113452e+01  1.833036e-02 
 3.113491e+01  1.833451e-02 
 3.113531e+01  1.833735e-02 
 3.113571e+01  1.833871e-02 
 3.113611e+01  1.833851e-02 
 3.113651e+01  1.833660e-02 
 3.113690e+01  1.833283e-02 
 3.113730e+01  1.832719e-02 
 3.113770e+01  1.831970e-02 
 3.113810e+01  1.831040e-02 
 3.113849e+01  1.829919e-02 
 3.113889e+01  1.828600e-02 
 3.113929e+01  1.827081e-02 
 3.113969e+01  1.825360e-02 
 3.114008e+01  1.823450e-02 
 3.114048e+01  1.821355e-02 
 3.114088e+01  1.819087e-02 
 3.114128e+01  1.816654e-02 
 3.114168e+01  1.814064e-02 
 3.114207e+01  1.811324e-02 
 3.114247e+01  1.808435e-02 
 3.114287e+01  1.805395e-02 
 3.114327e+01  1.802209e-02 
 3.114366e+01  1.798898e-02 
 3.114406e+01  1.795486e-02 
 3.114446e+01  1.792014e-02 
 3.114486e+01  1.788512e-02 
 3.114525e+01  1.785022e-02 
 3.114565e+01  1.781569e-02 
 3.114605e+01  1.778171e-02 
 3.114645e+01  1.774851e-02 
 3.114685e+01  1.771624e-02 
 3.114724e+01  1.768498e-02 
 3.114764e+01  1.765464e-02 
 3.114804e+01  1.762502e-02 
 3.114844e+01  1.759596e-02 
 3.114883e+01  1.756722e-02 
 3.114923e+01  1.753855e-02 
 3.114963e+01  1.750971e-02 
 3.115003e+01  1.748057e-02 
 3.115042e+01  1.745106e-02 
 3.115082e+01  1.742114e-02 
 3.115122e+01  1.739087e-02 
 3.115162e+01  1.736027e-02 
 3.115202e+01  1.732935e-02 
 3.115241e+01  1.729812e-02 
 3.115281e+01  1.726676e-02 
 3.115321e+01  1.723548e-02 
 3.115361e+01  1.720458e-02 
 3.115400e+01  1.717426e-02 
 3.115440e+01  1.714469e-02 
 3.115480e+01  1.711592e-02 
 3.115520e+01  1.708802e-02 
 3.115559e+01  1.706098e-02 
 3.115599e+01  1.703469e-02 
 3.115639e+01  1.700911e-02 
 3.115679e+01  1.698410e-02 
 3.115719e+01  1.695947e-02 
 3.115758e+01  1.693494e-02 
 3.115798e+01  1.691023e-02 
 3.115838e+01  1.688492e-02 
 3.115878e+01  1.685871e-02 
 3.115917e+01  1.683146e-02 
 3.115957e+01  1.680308e-02 
 3.115997e+01  1.677362e-02 
 3.116037e+01  1.674295e-02 
 3.116076e+01  1.671117e-02 
 3.116116e+01  1.667831e-02 
 3.116156e+01  1.664440e-02 
 3.116196e+01  1.660956e-02 
 3.116236e+01  1.657398e-02 
 3.116275e+01  1.653791e-02 
 3.116315e+01  1.650172e-02 
 3.116355e+01  1.646563e-02 
 3.116395e+01  1.642990e-02 
 3.116434e+01  1.639460e-02 
 3.116474e+01  1.635984e-02 
 3.116514e+01  1.632558e-02 
 3.116554e+01  1.629189e-02 
 3.116593e+01  1.625878e-02 
 3.116633e+01  1.622633e-02 
 3.116673e+01  1.619460e-02 
 3.116713e+01  1.616373e-02 
 3.116753e+01  1.613369e-02 
 3.116792e+01  1.610446e-02 
 3.116832e+01  1.607598e-02 
 3.116872e+01  1.604841e-02 
 3.116912e+01  1.602182e-02 
 3.116951e+01  1.599641e-02 
 3.116991e+01  1.597239e-02 
 3.117031e+01  1.594989e-02 
 3.117071e+01  1.592922e-02 
 3.117110e+01  1.591042e-02 
 3.117150e+01  1.589358e-02 
 3.117190e+01  1.587878e-02 
 3.117230e+01  1.586607e-02 
 3.117270e+01  1.585538e-02 
 3.117309e+01  1.584669e-02 
 3.117349e+01  1.583984e-02 
 3.117389e+01  1.583451e-02 
 3.117429e+01  1.583013e-02 
 3.117468e+01  1.582623e-02 
 3.117508e+01  1.582234e-02 
 3.117548e+01  1.581811e-02 
 3.117588e+01  1.581312e-02 
 3.117627e+01  1.580714e-02 
 3.117667e+01  1.579991e-02 
 3.117707e+01  1.579125e-02 
 3.117747e+01  1.578106e-02 
 3.117787e+01  1.576930e-02 
 3.117826e+01  1.575606e-02 
 3.117866e+01  1.574151e-02 
 3.117906e+01  1.572581e-02 
 3.117946e+01  1.570937e-02 
 3.117985e+01  1.569245e-02 
 3.118025e+01  1.567531e-02 
 3.118065e+01  1.565818e-02 
 3.118105e+01  1.564124e-02 
 3.118145e+01  1.562479e-02 
 3.118184e+01  1.560909e-02 
 3.118224e+01  1.559434e-02 
 3.118264e+01  1.558068e-02 
 3.118304e+01  1.556820e-02 
 3.118343e+01  1.555705e-02 
 3.118383e+01  1.554717e-02 
 3.118423e+01  1.553846e-02 
 3.118463e+01  1.553095e-02 
 3.118502e+01  1.552453e-02 
 3.118542e+01  1.551919e-02 
 3.118582e+01  1.551490e-02 
 3.118622e+01  1.551164e-02 
 3.118662e+01  1.550940e-02 
 3.118701e+01  1.550807e-02 
 3.118741e+01  1.550774e-02 
 3.118781e+01  1.550829e-02 
 3.118821e+01  1.550975e-02 
 3.118860e+01  1.551212e-02 
 3.118900e+01  1.551539e-02 
 3.118940e+01  1.551957e-02 
 3.118980e+01  1.552437e-02 
 3.119019e+01  1.552960e-02 
 3.119059e+01  1.553498e-02 
 3.119099e+01  1.554020e-02 
 3.119139e+01  1.554504e-02 
 3.119179e+01  1.554929e-02 
 3.119218e+01  1.555284e-02 
 3.119258e+01  1.555556e-02 
 3.119298e+01  1.555741e-02 
 3.119338e+01  1.555826e-02 
 3.119377e+01  1.555795e-02 
 3.119417e+01  1.555645e-02 
 3.119457e+01  1.555380e-02 
 3.119497e+01  1.555016e-02 
 3.119536e+01  1.554575e-02 
 3.119576e+01  1.554110e-02 
 3.119616e+01  1.553639e-02 
 3.119656e+01  1.553191e-02 
 3.119696e+01  1.552799e-02 
 3.119735e+01  1.552489e-02 
 3.119775e+01  1.552270e-02 
 3.119815e+01  1.552151e-02 
 3.119855e+01  1.552145e-02 
 3.119894e+01  1.552264e-02 
 3.119934e+01  1.552500e-02 
 3.119974e+01  1.552837e-02 
 3.120014e+01  1.553254e-02 
 3.120053e+01  1.553725e-02 
 3.120093e+01  1.554232e-02 
 3.120133e+01  1.554758e-02 
 3.120173e+01  1.555306e-02 
 3.120213e+01  1.555870e-02 
 3.120252e+01  1.556440e-02 
 3.120292e+01  1.557016e-02 
 3.120332e+01  1.557598e-02 
 3.120372e+01  1.558189e-02 
 3.120411e+01  1.558789e-02 
 3.120451e+01  1.559406e-02 
 3.120491e+01  1.560056e-02 
 3.120531e+01  1.560757e-02 
 3.120570e+01  1.561530e-02 
 3.120610e+01  1.562384e-02 
 3.120650e+01  1.563322e-02 
 3.120690e+01  1.564339e-02 
 3.120730e+01  1.565435e-02 
 3.120769e+01  1.566614e-02 
 3.120809e+01  1.567870e-02 
 3.120849e+01  1.569206e-02 
 3.120889e+01  1.570617e-02 
 3.120928e+01  1.572093e-02 
 3.120968e+01  1.573627e-02 
 3.121008e+01  1.575209e-02 
 3.121048e+01  1.576830e-02 
 3.121087e+01  1.578482e-02 
 3.121127e+01  1.580156e-02 
 3.121167e+01  1.581838e-02 
 3.121207e+01  1.583521e-02 
 3.121247e+01  1.585201e-02 
 3.121286e+01  1.586871e-02 
 3.121326e+01  1.588525e-02 
 3.121366e+01  1.590168e-02 
 3.121406e+01  1.591799e-02 
 3.121445e+01  1.593425e-02 
 3.121485e+01  1.595051e-02 
 3.121525e+01  1.596669e-02 
 3.121565e+01  1.598277e-02 
 3.121604e+01  1.599855e-02 
 3.121644e+01  1.601395e-02 
 3.121684e+01  1.602877e-02 
 3.121724e+01  1.604301e-02 
 3.121764e+01  1.605659e-02 
 3.121803e+01  1.606925e-02 
 3.121843e+01  1.608091e-02 
 3.121883e+01  1.609136e-02 
 3.121923e+01  1.610050e-02 
 3.121962e+01  1.610831e-02 
 3.122002e+01  1.611480e-02 
 3.122042e+01  1.611998e-02 
 3.122082e+01  1.612418e-02 
 3.122121e+01  1.612769e-02 
 3.122161e+01  1.613073e-02 
 3.122201e+01  1.613361e-02 
 3.122241e+01  1.613657e-02 
 3.122281e+01  1.613981e-02 
 3.122320e+01  1.614341e-02 
 3.122360e+01  1.614762e-02 
 3.122400e+01  1.615267e-02 
 3.122440e+01  1.615868e-02 
 3.122479e+01  1.616574e-02 
 3.122519e+01  1.617390e-02 
 3.122559e+01  1.618310e-02 
 3.122599e+01  1.619328e-02 
 3.122638e+01  1.620436e-02 
 3.122678e+01  1.621610e-02 
 3.122718e+01  1.622838e-02 
 3.122758e+01  1.624094e-02 
 3.122798e+01  1.625351e-02 
 3.122837e+01  1.626595e-02 
 3.122877e+01  1.627790e-02 
 3.122917e+01  1.628902e-02 
 3.122957e+01  1.629924e-02 
 3.122996e+01  1.630812e-02 
 3.123036e+01  1.631549e-02 
 3.123076e+01  1.632129e-02 
 3.123116e+01  1.632539e-02 
 3.123155e+01  1.632760e-02 
 3.123195e+01  1.632784e-02 
 3.123235e+01  1.632617e-02 
 3.123275e+01  1.632241e-02 
 3.123315e+01  1.631658e-02 
 3.123354e+01  1.630862e-02 
 3.123394e+01  1.629862e-02 
 3.123434e+01  1.628670e-02 
 3.123474e+01  1.627300e-02 
 3.123513e+01  1.625775e-02 
 3.123553e+01  1.624117e-02 
 3.123593e+01  1.622336e-02 
 3.123633e+01  1.620454e-02 
 3.123672e+01  1.618480e-02 
 3.123712e+01  1.616427e-02 
 3.123752e+01  1.614295e-02 
 3.123792e+01  1.612093e-02 
 3.123832e+01  1.609834e-02 
 3.123871e+01  1.607533e-02 
 3.123911e+01  1.605205e-02 
 3.123951e+01  1.602876e-02 
 3.123991e+01  1.600566e-02 
 3.124030e+01  1.598289e-02 
 3.124070e+01  1.596075e-02 
 3.124110e+01  1.593940e-02 
 3.124150e+01  1.591887e-02 
 3.124189e+01  1.589918e-02 
 3.124229e+01  1.588022e-02 
 3.124269e+01  1.586206e-02 
 3.124309e+01  1.584460e-02 
 3.124349e+01  1.582769e-02 
 3.124388e+01  1.581126e-02 
 3.124428e+01  1.579507e-02 
 3.124468e+01  1.577884e-02 
 3.124508e+01  1.576229e-02 
 3.124547e+01  1.574516e-02 
 3.124587e+01  1.572725e-02 
 3.124627e+01  1.570840e-02 
 3.124667e+01  1.568849e-02 
 3.124706e+01  1.566748e-02 
 3.124746e+01  1.564549e-02 
 3.124786e+01  1.562269e-02 
 3.124826e+01  1.559932e-02 
 3.124866e+01  1.557550e-02 
 3.124905e+01  1.555131e-02 
 3.124945e+01  1.552699e-02 
 3.124985e+01  1.550274e-02 
 3.125025e+01  1.547863e-02 
 3.125064e+01  1.545474e-02 
 3.125104e+01  1.543103e-02 
 3.125144e+01  1.540741e-02 
 3.125184e+01  1.538380e-02 
 3.125223e+01  1.536024e-02 
 3.125263e+01  1.533673e-02 
 3.125303e+01  1.531329e-02 
 3.125343e+01  1.528996e-02 
 3.125383e+01  1.526678e-02 
 3.125422e+01  1.524369e-02 
 3.125462e+01  1.522057e-02 
 3.125502e+01  1.519722e-02 
 3.125542e+01  1.517348e-02 
 3.125581e+01  1.514937e-02 
 3.125621e+01  1.512496e-02 
 3.125661e+01  1.510043e-02 
 3.125701e+01  1.507588e-02 
 3.125740e+01  1.505159e-02 
 3.125780e+01  1.502762e-02 
 3.125820e+01  1.500396e-02 
 3.125860e+01  1.498061e-02 
 3.125900e+01  1.495761e-02 
 3.125939e+01  1.493492e-02 
 3.125979e+01  1.491251e-02 
 3.126019e+01  1.489041e-02 
 3.126059e+01  1.486863e-02 
 3.126098e+01  1.484702e-02 
 3.126138e+01  1.482557e-02 
 3.126178e+01  1.480415e-02 
 3.126218e+01  1.478272e-02 
 3.126257e+01  1.476125e-02 
 3.126297e+01  1.473976e-02 
 3.126337e+01  1.471831e-02 
 3.126377e+01  1.469688e-02 
 3.126417e+01  1.467546e-02 
 3.126456e+01  1.465408e-02 
 3.126496e+01  1.463278e-02 
 3.126536e+01  1.461167e-02 
 3.126576e+01  1.459087e-02 
 3.126615e+01  1.457057e-02 
 3.126655e+01  1.455079e-02 
 3.126695e+01  1.453160e-02 
 3.126735e+01  1.451308e-02 
 3.126774e+01  1.449525e-02 
 3.126814e+01  1.447802e-02 
 3.126854e+01  1.446134e-02 
 3.126894e+01  1.444508e-02 
 3.126934e+01  1.442906e-02 
 3.126973e+01  1.441314e-02 
 3.127013e+01  1.439716e-02 
 3.127053e+01  1.438077e-02 
 3.127093e+01  1.436367e-02 
 3.127132e+01  1.434574e-02 
 3.127172e+01  1.432689e-02 
 3.127212e+01  1.430710e-02 
 3.127252e+01  1.428625e-02 
 3.127292e+01  1.426430e-02 
 3.127331e+01  1.424131e-02 
 3.127371e+01  1.421728e-02 
 3.127411e+01  1.419240e-02 
 3.127451e+01  1.416698e-02 
 3.127490e+01  1.414130e-02 
 3.127530e+01  1.411568e-02 
 3.127570e+01  1.409043e-02 
 3.127610e+01  1.406592e-02 
 3.127649e+01  1.404239e-02 
 3.127689e+01  1.401993e-02 
 3.127729e+01  1.399862e-02 
 3.127769e+01  1.397852e-02 
 3.127809e+01  1.395966e-02 
 3.127848e+01  1.394211e-02 
 3.127888e+01  1.392606e-02 
 3.127928e+01  1.391161e-02 
 3.127968e+01  1.389883e-02 
 3.128007e+01  1.388773e-02 
 3.128047e+01  1.387829e-02 
 3.128087e+01  1.387044e-02 
 3.128127e+01  1.386409e-02 
 3.128166e+01  1.385906e-02 
 3.128206e+01  1.385526e-02 
 3.128246e+01  1.385260e-02 
 3.128286e+01  1.385107e-02 
 3.128326e+01  1.385059e-02 
 3.128365e+01  1.385102e-02 
 3.128405e+01  1.385215e-02 
 3.128445e+01  1.385380e-02 
 3.128485e+01  1.385579e-02 
 3.128524e+01  1.385795e-02 
 3.128564e+01  1.386003e-02 
 3.128604e+01  1.386184e-02 
 3.128644e+01  1.386317e-02 
 3.128683e+01  1.386380e-02 
 3.128723e+01  1.386355e-02 
 3.128763e+01  1.386242e-02 
 3.128803e+01  1.386030e-02 
 3.128843e+01  1.385718e-02 
 3.128882e+01  1.385316e-02 
 3.128922e+01  1.384840e-02 
 3.128962e+01  1.384310e-02 
 3.129002e+01  1.383749e-02 
 3.129041e+01  1.383165e-02 
 3.129081e+01  1.382579e-02 
 3.129121e+01  1.382012e-02 
 3.129161e+01  1.381480e-02 
 3.129200e+01  1.381012e-02 
 3.129240e+01  1.380628e-02 
 3.129280e+01  1.380340e-02 
 3.129320e+01  1.380163e-02 
 3.129360e+01  1.380111e-02 
 3.129399e+01  1.380187e-02 
 3.129439e+01  1.380392e-02 
 3.129479e+01  1.380728e-02 
 3.129519e+01  1.381196e-02 
 3.129558e+01  1.381805e-02 
 3.129598e+01  1.382547e-02 
 3.129638e+01  1.383419e-02 
 3.129678e+01  1.384417e-02 
 3.129717e+01  1.385517e-02 
 3.129757e+01  1.386704e-02 
 3.129797e+01  1.387966e-02 
 3.129837e+01  1.389288e-02 
 3.129877e+01  1.390667e-02 
 3.129916e+01  1.392090e-02 
 3.129956e+01  1.393554e-02 
 3.129996e+01  1.395065e-02 
 3.130036e+01  1.396609e-02 
 3.130075e+01  1.398184e-02 
 3.130115e+01  1.399779e-02 
 3.130155e+01  1.401391e-02 
 3.130195e+01  1.403005e-02 
 3.130234e+01  1.404623e-02 
 3.130274e+01  1.406241e-02 
 3.130314e+01  1.407859e-02 
 3.130354e+01  1.409480e-02 
 3.130394e+01  1.411109e-02 
 3.130433e+01  1.412749e-02 
 3.130473e+01  1.414417e-02 
 3.130513e+01  1.416118e-02 
 3.130553e+01  1.417847e-02 
 3.130592e+01  1.419593e-02 
 3.130632e+01  1.421345e-02 
 3.130672e+01  1.423089e-02 
 3.130712e+01  1.424820e-02 
 3.130751e+01  1.426534e-02 
 3.130791e+01  1.428241e-02 
 3.130831e+01  1.429954e-02 
 3.130871e+01  1.431681e-02 
 3.130911e+01  1.433428e-02 
 3.130950e+01  1.435202e-02 
 3.130990e+01  1.437003e-02 
 3.131030e+01  1.438816e-02 
 3.131070e+01  1.440637e-02 
 3.131109e+01  1.442473e-02 
 3.131149e+01  1.444319e-02 
 3.131189e+01  1.446179e-02 
 3.131229e+01  1.448039e-02 
 3.131268e+01  1.449891e-02 
 3.131308e+01  1.451714e-02 
 3.131348e+01  1.453493e-02 
 3.131388e+01  1.455216e-02 
 3.131428e+01  1.456870e-02 
 3.131467e+01  1.458439e-02 
 3.131507e+01  1.459918e-02 
 3.131547e+01  1.461311e-02 
 3.131587e+01  1.462613e-02 
 3.131626e+01  1.463831e-02 
 3.131666e+01  1.464958e-02 
 3.131706e+01  1.465993e-02 
 3.131746e+01  1.466949e-02 
 3.131785e+01  1.467834e-02 
 3.131825e+01  1.468668e-02 
 3.131865e+01  1.469468e-02 
 3.131905e+01  1.470241e-02 
 3.131945e+01  1.470985e-02 
 3.131984e+01  1.471714e-02 
 3.132024e+01  1.472436e-02 
 3.132064e+01  1.473151e-02 
 3.132104e+01  1.473858e-02 
 3.132143e+01  1.474565e-02 
 3.132183e+01  1.475271e-02 
 3.132223e+01  1.475974e-02 
 3.132263e+01  1.476673e-02 
 3.132302e+01  1.477352e-02 
 3.132342e+01  1.477984e-02 
 3.132382e+01  1.478549e-02 
 3.132422e+01  1.479021e-02 
 3.132462e+01  1.479375e-02 
 3.132501e+01  1.479593e-02 
 3.132541e+01  1.479666e-02 
 3.132581e+01  1.479584e-02 
 3.132621e+01  1.479343e-02 
 3.132660e+01  1.478948e-02 
 3.132700e+01  1.478410e-02 
 3.132740e+01  1.477727e-02 
 3.132780e+01  1.476905e-02 
 3.132819e+01  1.475954e-02 
 3.132859e+01  1.474880e-02 
 3.132899e+01  1.473695e-02 
 3.132939e+01  1.472403e-02 
 3.132979e+01  1.471018e-02 
 3.133018e+01  1.469559e-02 
 3.133058e+01  1.468042e-02 
 3.133098e+01  1.466484e-02 
 3.133138e+01  1.464911e-02 
 3.133177e+01  1.463332e-02 
 3.133217e+01  1.461743e-02 
 3.133257e+01  1.460144e-02 
 3.133297e+01  1.458543e-02 
 3.133336e+01  1.456949e-02 
 3.133376e+01  1.455359e-02 
 3.133416e+01  1.453787e-02 
 3.133456e+01  1.452246e-02 
 3.133496e+01  1.450739e-02 
 3.133535e+01  1.449277e-02 
 3.133575e+01  1.447860e-02 
 3.133615e+01  1.446495e-02 
 3.133655e+01  1.445171e-02 
 3.133694e+01  1.443891e-02 
 3.133734e+01  1.442657e-02 
 3.133774e+01  1.441468e-02 
 3.133814e+01  1.440310e-02 
 3.133853e+01  1.439165e-02 
 3.133893e+01  1.438023e-02 
 3.133933e+01  1.436854e-02 
 3.133973e+01  1.435640e-02 
 3.134013e+01  1.434369e-02 
 3.134052e+01  1.433024e-02 
 3.134092e+01  1.431592e-02 
 3.134132e+01  1.430051e-02 
 3.134172e+01  1.428396e-02 
 3.134211e+01  1.426616e-02 
 3.134251e+01  1.424711e-02 
 3.134291e+01  1.422688e-02 
 3.134331e+01  1.420566e-02 
 3.134370e+01  1.418371e-02 
 3.134410e+01  1.416130e-02 
 3.134450e+01  1.413872e-02 
 3.134490e+01  1.411607e-02 
 3.134530e+01  1.409343e-02 
 3.134569e+01  1.407087e-02 
 3.134609e+01  1.404849e-02 
 3.134649e+01  1.402636e-02 
 3.134689e+01  1.400461e-02 
 3.134728e+01  1.398334e-02 
 3.134768e+01  1.396257e-02 
 3.134808e+01  1.394235e-02 
 3.134848e+01  1.392254e-02 
 3.134887e+01  1.390322e-02 
 3.134927e+01  1.388432e-02 
 3.134967e+01  1.386568e-02 
 3.135007e+01  1.384740e-02 
 3.135047e+01  1.382941e-02 
 3.135086e+01  1.381168e-02 
 3.135126e+01  1.379421e-02 
 3.135166e+01  1.377696e-02 
 3.135206e+01  1.375987e-02 
 3.135245e+01  1.374280e-02 
 3.135285e+01  1.372571e-02 
 3.135325e+01  1.370854e-02 
 3.135365e+01  1.369124e-02 
 3.135404e+01  1.367364e-02 
 3.135444e+01  1.365558e-02 
 3.135484e+01  1.363696e-02 
 3.135524e+01  1.361766e-02 
 3.135564e+01  1.359764e-02 
 3.135603e+01  1.357681e-02 
 3.135643e+01  1.355517e-02 
 3.135683e+01  1.353266e-02 
 3.135723e+01  1.350924e-02 
 3.135762e+01  1.348485e-02 
 3.135802e+01  1.345951e-02 
 3.135842e+01  1.343318e-02 
 3.135882e+01  1.340582e-02 
 3.135921e+01  1.337766e-02 
 3.135961e+01  1.334899e-02 
 3.136001e+01  1.332013e-02 
 3.136041e+01  1.329125e-02 
 3.136081e+01  1.326258e-02 
 3.136120e+01  1.323423e-02 
 3.136160e+01  1.320626e-02 
 3.136200e+01  1.317871e-02 
 3.136240e+01  1.315170e-02 
 3.136279e+01  1.312520e-02 
 3.136319e+01  1.309926e-02 
 3.136359e+01  1.307393e-02 
 3.136399e+01  1.304922e-02 
 3.136439e+01  1.302516e-02 
 3.136478e+01  1.300162e-02 
 3.136518e+01  1.297859e-02 
 3.136558e+01  1.295599e-02 
 3.136598e+01  1.293378e-02 
 3.136637e+01  1.291192e-02 
 3.136677e+01  1.289031e-02 
 3.136717e+01  1.286880e-02 
 3.136757e+01  1.284718e-02 
 3.136796e+01  1.282542e-02 
 3.136836e+01  1.280334e-02 
 3.136876e+01  1.278101e-02 
 3.136916e+01  1.275846e-02 
 3.136956e+01  1.273580e-02 
 3.136995e+01  1.271304e-02 
 3.137035e+01  1.269018e-02 
 3.137075e+01  1.266725e-02 
 3.137115e+01  1.264412e-02 
 3.137154e+01  1.262082e-02 
 3.137194e+01  1.259742e-02 
 3.137234e+01  1.257410e-02 
 3.137274e+01  1.255102e-02 
 3.137313e+01  1.252832e-02 
 3.137353e+01  1.250619e-02 
 3.137393e+01  1.248463e-02 
 3.137433e+01  1.246367e-02 
 3.137473e+01  1.244334e-02 
 3.137512e+01  1.242384e-02 
 3.137552e+01  1.240511e-02 
 3.137592e+01  1.238729e-02 
 3.137632e+01  1.237047e-02 
 3.137671e+01  1.235469e-02 
 3.137711e+01  1.233994e-02 
 3.137751e+01  1.232618e-02 
 3.137791e+01  1.231339e-02 
 3.137830e+01  1.230141e-02 
 3.137870e+01  1.229016e-02 
 3.137910e+01  1.227949e-02 
 3.137950e+01  1.226929e-02 
 3.137990e+01  1.225936e-02 
 3.138029e+01  1.224951e-02 
 3.138069e+01  1.223960e-02 
 3.138109e+01  1.222958e-02 
 3.138149e+01  1.221941e-02 
 3.138188e+01  1.220924e-02 
 3.138228e+01  1.219921e-02 
 3.138268e+01  1.218938e-02 
 3.138308e+01  1.217988e-02 
 3.138347e+01  1.217074e-02 
 3.138387e+01  1.216205e-02 
 3.138427e+01  1.215387e-02 
 3.138467e+01  1.214628e-02 
 3.138507e+01  1.213941e-02 
 3.138546e+01  1.213342e-02 
 3.138586e+01  1.212843e-02 
 3.138626e+01  1.212453e-02 
 3.138666e+01  1.212182e-02 
 3.138705e+01  1.212029e-02 
 3.138745e+01  1.212000e-02 
 3.138785e+01  1.212104e-02 
 3.138825e+01  1.212356e-02 
 3.138864e+01  1.212766e-02 
 3.138904e+01  1.213341e-02 
 3.138944e+01  1.214083e-02 
 3.138984e+01  1.214994e-02 
 3.139024e+01  1.216072e-02 
 3.139063e+01  1.217314e-02 
 3.139103e+01  1.218728e-02 
 3.139143e+01  1.220318e-02 
 3.139183e+01  1.222069e-02 
 3.139222e+01  1.223981e-02 
 3.139262e+01  1.226035e-02 
 3.139302e+01  1.228212e-02 
 3.139342e+01  1.230479e-02 
 3.139381e+01  1.232811e-02 
 3.139421e+01  1.235188e-02 
 3.139461e+01  1.237595e-02 
 3.139501e+01  1.240030e-02 
 3.139541e+01  1.242486e-02 
 3.139580e+01  1.244957e-02 
 3.139620e+01  1.247423e-02 
 3.139660e+01  1.249874e-02 
 3.139700e+01  1.252318e-02 
 3.139739e+01  1.254740e-02 
 3.139779e+01  1.257144e-02 
 3.139819e+01  1.259533e-02 
 3.139859e+01  1.261917e-02 
 3.139898e+01  1.264312e-02 
 3.139938e+01  1.266731e-02 
 3.139978e+01  1.269188e-02 
 3.140018e+01  1.271689e-02 
 3.140058e+01  1.274249e-02 
 3.140097e+01  1.276879e-02 
 3.140137e+01  1.279599e-02 
 3.140177e+01  1.282417e-02 
 3.140217e+01  1.285331e-02 
 3.140256e+01  1.288341e-02 
 3.140296e+01  1.291442e-02 
 3.140336e+01  1.294633e-02 
 3.140376e+01  1.297903e-02 
 3.140415e+01  1.301245e-02 
 3.140455e+01  1.304646e-02 
 3.140495e+01  1.308095e-02 
 3.140535e+01  1.311580e-02 
 3.140575e+01  1.315093e-02 
 3.140614e+01  1.318625e-02 
 3.140654e+01  1.322161e-02 
 3.140694e+01  1.325694e-02 
 3.140734e+01  1.329221e-02 
 3.140773e+01  1.332741e-02 
 3.140813e+01  1.336245e-02 
 3.140853e+01  1.339724e-02 
 3.140893e+01  1.343160e-02 
 3.140932e+01  1.346532e-02 
 3.140972e+01  1.349818e-02 
 3.141012e+01  1.353003e-02 
 3.141052e+01  1.356071e-02 
 3.141092e+01  1.359013e-02 
 3.141131e+01  1.361822e-02 
 3.141171e+01  1.364499e-02 
 3.141211e+01  1.367039e-02 
 3.141251e+01  1.369445e-02 
 3.141290e+01  1.371726e-02 
 3.141330e+01  1.373890e-02 
 3.141370e+01  1.375951e-02 
 3.141410e+01  1.377921e-02 
 3.141449e+01  1.379815e-02 
 3.141489e+01  1.381653e-02 
 3.141529e+01  1.383447e-02 
 3.141569e+01  1.385219e-02 
 3.141609e+01  1.386987e-02 
 3.141648e+01  1.388763e-02 
 3.141688e+01  1.390565e-02 
 3.141728e+01  1.392399e-02 
 3.141768e+01  1.394262e-02 
 3.141807e+01  1.396139e-02 
 3.141847e+01  1.398026e-02 
 3.141887e+01  1.399908e-02 
 3.141927e+01  1.401776e-02 
 3.141966e+01  1.403615e-02 
 3.142006e+01  1.405413e-02 
 3.142046e+01  1.407158e-02 
 3.142086e+01  1.408849e-02 
 3.142126e+01  1.410478e-02 
 3.142165e+01  1.412023e-02 
 3.142205e+01  1.413470e-02 
 3.142245e+01  1.414797e-02 
 3.142285e+01  1.416002e-02 
 3.142324e+01  1.417078e-02 
 3.142364e+01  1.418030e-02 
 3.142404e+01  1.418867e-02 
 3.142444e+01  1.419589e-02 
 3.142483e+01  1.420204e-02 
 3.142523e+01  1.420726e-02 
 3.142563e+01  1.421163e-02 
 3.142603e+01  1.421518e-02 
 3.142643e+01  1.421790e-02 
 3.142682e+01  1.421989e-02 
 3.142722e+01  1.422121e-02 
 3.142762e+01  1.422205e-02 
 3.142802e+01  1.422245e-02 
 3.142841e+01  1.422251e-02 
 3.142881e+01  1.422228e-02 
 3.142921e+01  1.422174e-02 
 3.142961e+01  1.422108e-02 
 3.143000e+01  1.422030e-02 
 3.143040e+01  1.421943e-02 
 3.143080e+01  1.421847e-02 
 3.143120e+01  1.421740e-02 
 3.143160e+01  1.421622e-02 
 3.143199e+01  1.421492e-02 
 3.143239e+01  1.421360e-02 
 3.143279e+01  1.421225e-02 
 3.143319e+01  1.421096e-02 
 3.143358e+01  1.420970e-02 
 3.143398e+01  1.420847e-02 
 3.143438e+01  1.420726e-02 
 3.143478e+01  1.420605e-02 
 3.143517e+01  1.420461e-02 
 3.143557e+01  1.420273e-02 
 3.143597e+01  1.420030e-02 
 3.143637e+01  1.419717e-02 
 3.143677e+01  1.419326e-02 
 3.143716e+01  1.418856e-02 
 3.143756e+01  1.418307e-02 
 3.143796e+01  1.417690e-02 
 3.143836e+01  1.417015e-02 
 3.143875e+01  1.416301e-02 
 3.143915e+01  1.415568e-02 
 3.143955e+01  1.414821e-02 
 3.143995e+01  1.414066e-02 
 3.144034e+01  1.413313e-02 
 3.144074e+01  1.412570e-02 
 3.144114e+01  1.411845e-02 
 3.144154e+01  1.411141e-02 
 3.144194e+01  1.410465e-02 
 3.144233e+01  1.409822e-02 
 3.144273e+01  1.409218e-02 
 3.144313e+01  1.408664e-02 
 3.144353e+01  1.408160e-02 
 3.144392e+01  1.407707e-02 
 3.144432e+01  1.407299e-02 
 3.144472e+01  1.406926e-02 
 3.144512e+01  1.406584e-02 
 3.144551e+01  1.406270e-02 
 3.144591e+01  1.405984e-02 
 3.144631e+01  1.405727e-02 
 3.144671e+01  1.405500e-02 
 3.144711e+01  1.405295e-02 
 3.144750e+01  1.405102e-02 
 3.144790e+01  1.404891e-02 
 3.144830e+01  1.404633e-02 
 3.144870e+01  1.404298e-02 
 3.144909e+01  1.403860e-02 
 3.144949e+01  1.403296e-02 
 3.144989e+01  1.402592e-02 
 3.145029e+01  1.401734e-02 
 3.145068e+01  1.400710e-02 
 3.145108e+01  1.399523e-02 
 3.145148e+01  1.398172e-02 
 3.145188e+01  1.396664e-02 
 3.145228e+01  1.395009e-02 
 3.145267e+01  1.393224e-02 
 3.145307e+01  1.391318e-02 
 3.145347e+01  1.389318e-02 
 3.145387e+01  1.387229e-02 
 3.145426e+01  1.385072e-02 
 3.145466e+01  1.382863e-02 
 3.145506e+01  1.380616e-02 
 3.145546e+01  1.378342e-02 
 3.145585e+01  1.376049e-02 
 3.145625e+01  1.373746e-02 
 3.145665e+01  1.371434e-02 
 3.145705e+01  1.369102e-02 
 3.145745e+01  1.366749e-02 
 3.145784e+01  1.364377e-02 
 3.145824e+01  1.361990e-02 
 3.145864e+01  1.359595e-02 
 3.145904e+01  1.357206e-02 
 3.145943e+01  1.354829e-02 
 3.145983e+01  1.352472e-02 
 3.146023e+01  1.350139e-02 
 3.146063e+01  1.347829e-02 
 3.146103e+01  1.345547e-02 
 3.146142e+01  1.343283e-02 
 3.146182e+01  1.341035e-02 
 3.146222e+01  1.338794e-02 
 3.146262e+01  1.336548e-02 
 3.146301e+01  1.334291e-02 
 3.146341e+01  1.332003e-02 
 3.146381e+01  1.329664e-02 
 3.146421e+01  1.327269e-02 
 3.146460e+01  1.324810e-02 
 3.146500e+01  1.322279e-02 
 3.146540e+01  1.319669e-02 
 3.146580e+01  1.316978e-02 
 3.146620e+01  1.314204e-02 
 3.146659e+01  1.311345e-02 
 3.146699e+01  1.308414e-02 
 3.146739e+01  1.305427e-02 
 3.146779e+01  1.302400e-02 
 3.146818e+01  1.299354e-02 
 3.146858e+01  1.296312e-02 
 3.146898e+01  1.293294e-02 
 3.146938e+01  1.290330e-02 
 3.146977e+01  1.287430e-02 
 3.147017e+01  1.284614e-02 
 3.147057e+01  1.281898e-02 
 3.147097e+01  1.279289e-02 
 3.147137e+01  1.276796e-02 
 3.147176e+01  1.274426e-02 
 3.147216e+01  1.272179e-02 
 3.147256e+01  1.270050e-02 
 3.147296e+01  1.268034e-02 
 3.147335e+01  1.266117e-02 
 3.147375e+01  1.264283e-02 
 3.147415e+01  1.262506e-02 
 3.147455e+01  1.260759e-02 
 3.147494e+01  1.259020e-02 
 3.147534e+01  1.257266e-02 
 3.147574e+01  1.255486e-02 
 3.147614e+01  1.253677e-02 
 3.147654e+01  1.251847e-02 
 3.147693e+01  1.250003e-02 
 3.147733e+01  1.248146e-02 
 3.147773e+01  1.246287e-02 
 3.147813e+01  1.244435e-02 
 3.147852e+01  1.242605e-02 
 3.147892e+01  1.240803e-02 
 3.147932e+01  1.239043e-02 
 3.147972e+01  1.237337e-02 
 3.148011e+01  1.235693e-02 
 3.148051e+01  1.234112e-02 
 3.148091e+01  1.232594e-02 
 3.148131e+01  1.231140e-02 
 3.148171e+01  1.229752e-02 
 3.148210e+01  1.228427e-02 
 3.148250e+01  1.227172e-02 
 3.148290e+01  1.225991e-02 
 3.148330e+01  1.224890e-02 
 3.148369e+01  1.223867e-02 
 3.148409e+01  1.222927e-02 
 3.148449e+01  1.222089e-02 
 3.148489e+01  1.221365e-02 
 3.148528e+01  1.220780e-02 
 3.148568e+01  1.220357e-02 
 3.148608e+01  1.220113e-02 
 3.148648e+01  1.220061e-02 
 3.148688e+01  1.220201e-02 
 3.148727e+01  1.220533e-02 
 3.148767e+01  1.221038e-02 
 3.148807e+01  1.221708e-02 
 3.148847e+01  1.222523e-02 
 3.148886e+01  1.223471e-02 
 3.148926e+01  1.224547e-02 
 3.148966e+01  1.225725e-02 
 3.149006e+01  1.226978e-02 
 3.149045e+01  1.228280e-02 
 3.149085e+01  1.229605e-02 
 3.149125e+01  1.230924e-02 
 3.149165e+01  1.232227e-02 
 3.149205e+01  1.233500e-02 
 3.149244e+01  1.234748e-02 
 3.149284e+01  1.235977e-02 
 3.149324e+01  1.237204e-02 
 3.149364e+01  1.238447e-02 
 3.149403e+01  1.239728e-02 
 3.149443e+01  1.241069e-02 
 3.149483e+01  1.242496e-02 
 3.149523e+01  1.244028e-02 
 3.149562e+01  1.245688e-02 
 3.149602e+01  1.247495e-02 
 3.149642e+01  1.249455e-02 
 3.149682e+01  1.251571e-02 
 3.149722e+01  1.253844e-02 
 3.149761e+01  1.256259e-02 
 3.149801e+01  1.258812e-02 
 3.149841e+01  1.261491e-02 
 3.149881e+01  1.264283e-02 
 3.149920e+01  1.267173e-02 
 3.149960e+01  1.270144e-02 
 3.150000e+01  1.273184e-02 
 3.150040e+01  1.276286e-02 
 3.150079e+01  1.279446e-02 
 3.150119e+01  1.282670e-02 
 3.150159e+01  1.285956e-02 
 3.150199e+01  1.289310e-02 
 3.150239e+01  1.292727e-02 
 3.150278e+01  1.296191e-02 
 3.150318e+01  1.299695e-02 
 3.150358e+01  1.303221e-02 
 3.150398e+01  1.306743e-02 
 3.150437e+01  1.310241e-02 
 3.150477e+01  1.313695e-02 
 3.150517e+01  1.317080e-02 
 3.150557e+01  1.320380e-02 
 3.150596e+01  1.323570e-02 
 3.150636e+01  1.326630e-02 
 3.150676e+01  1.329554e-02 
 3.150716e+01  1.332328e-02 
 3.150756e+01  1.334952e-02 
 3.150795e+01  1.337428e-02 
 3.150835e+01  1.339754e-02 
 3.150875e+01  1.341936e-02 
 3.150915e+01  1.343986e-02 
 3.150954e+01  1.345918e-02 
 3.150994e+01  1.347741e-02 
 3.151034e+01  1.349469e-02 
 3.151074e+01  1.351126e-02 
 3.151113e+01  1.352725e-02 
 3.151153e+01  1.354294e-02 
 3.151193e+01  1.355841e-02 
 3.151233e+01  1.357377e-02 
 3.151273e+01  1.358910e-02 
 3.151312e+01  1.360436e-02 
 3.151352e+01  1.361968e-02 
 3.151392e+01  1.363498e-02 
 3.151432e+01  1.365030e-02 
 3.151471e+01  1.366567e-02 
 3.151511e+01  1.368092e-02 
 3.151551e+01  1.369608e-02 
 3.151591e+01  1.371108e-02 
 3.151630e+01  1.372576e-02 
 3.151670e+01  1.374000e-02 
 3.151710e+01  1.375365e-02 
 3.151750e+01  1.376660e-02 
 3.151790e+01  1.377876e-02 
 3.151829e+01  1.379014e-02 
 3.151869e+01  1.380071e-02 
 3.151909e+01  1.381046e-02 
 3.151949e+01  1.381933e-02 
 3.151988e+01  1.382743e-02 
 3.152028e+01  1.383489e-02 
 3.152068e+01  1.384193e-02 
 3.152108e+01  1.384866e-02 
 3.152147e+01  1.385520e-02 
 3.152187e+01  1.386171e-02 
 3.152227e+01  1.386820e-02 
 3.152267e+01  1.387468e-02 
 3.152307e+01  1.388121e-02 
 3.152346e+01  1.388779e-02 
 3.152386e+01  1.389454e-02 
 3.152426e+01  1.390162e-02 
 3.152466e+01  1.390907e-02 
 3.152505e+01  1.391689e-02 
 3.152545e+01  1.392498e-02 
 3.152585e+01  1.393309e-02 
 3.152625e+01  1.394104e-02 
 3.152664e+01  1.394873e-02 
 3.152704e+01  1.395610e-02 
 3.152744e+01  1.396317e-02 
 3.152784e+01  1.396999e-02 
 3.152824e+01  1.397659e-02 
 3.152863e+01  1.398295e-02 
 3.152903e+01  1.398907e-02 
 3.152943e+01  1.399489e-02 
 3.152983e+01  1.400033e-02 
 3.153022e+01  1.400533e-02 
 3.153062e+01  1.400989e-02 
 3.153102e+01  1.401390e-02 
 3.153142e+01  1.401731e-02 
 3.153181e+01  1.402002e-02 
 3.153221e+01  1.402197e-02 
 3.153261e+01  1.402320e-02 
 3.153301e+01  1.402381e-02 
 3.153341e+01  1.402386e-02 
 3.153380e+01  1.402342e-02 
 3.153420e+01  1.402248e-02 
 3.153460e+01  1.402108e-02 
 3.153500e+01  1.401913e-02 
 3.153539e+01  1.401658e-02 
 3.153579e+01  1.401348e-02 
 3.153619e+01  1.400995e-02 
 3.153659e+01  1.400617e-02 
 3.153698e+01  1.400239e-02 
 3.153738e+01  1.399877e-02 
 3.153778e+01  1.399548e-02 
 3.153818e+01  1.399256e-02 
 3.153858e+01  1.399009e-02 
 3.153897e+01  1.398810e-02 
 3.153937e+01  1.398668e-02 
 3.153977e+01  1.398599e-02 
 3.154017e+01  1.398609e-02 
 3.154056e+01  1.398705e-02 
 3.154096e+01  1.398885e-02 
 3.154136e+01  1.399137e-02 
 3.154176e+01  1.399436e-02 
 3.154215e+01  1.399760e-02 
 3.154255e+01  1.400081e-02 
 3.154295e+01  1.400375e-02 
 3.154335e+01  1.400618e-02 
 3.154375e+01  1.400782e-02 
 3.154414e+01  1.400848e-02 
 3.154454e+01  1.400792e-02 
 3.154494e+01  1.400596e-02 
 3.154534e+01  1.400255e-02 
 3.154573e+01  1.399764e-02 
 3.154613e+01  1.399133e-02 
 3.154653e+01  1.398373e-02 
 3.154693e+01  1.397507e-02 
 3.154732e+01  1.396542e-02 
 3.154772e+01  1.395492e-02 
 3.154812e+01  1.394364e-02 
 3.154852e+01  1.393171e-02 
 3.154892e+01  1.391934e-02 
 3.154931e+01  1.390673e-02 
 3.154971e+01  1.389413e-02 
 3.155011e+01  1.388174e-02 
 3.155051e+01  1.386966e-02 
 3.155090e+01  1.385792e-02 
 3.155130e+01  1.384648e-02 
 3.155170e+01  1.383521e-02 
 3.155210e+01  1.382401e-02 
 3.155250e+01  1.381281e-02 
 3.155289e+01  1.380166e-02 
 3.155329e+01  1.379057e-02 
 3.155369e+01  1.377962e-02 
 3.155409e+01  1.376883e-02 
 3.155448e+01  1.375838e-02 
 3.155488e+01  1.374840e-02 
 3.155528e+01  1.373901e-02 
 3.155568e+01  1.373035e-02 
 3.155607e+01  1.372249e-02 
 3.155647e+01  1.371537e-02 
 3.155687e+01  1.370892e-02 
 3.155727e+01  1.370295e-02 
 3.155767e+01  1.369728e-02 
 3.155806e+01  1.369163e-02 
 3.155846e+01  1.368579e-02 
 3.155886e+01  1.367945e-02 
 3.155926e+01  1.367241e-02 
 3.155965e+01  1.366440e-02 
 3.156005e+01  1.365515e-02 
 3.156045e+01  1.364438e-02 
 3.156085e+01  1.363179e-02 
 3.156124e+01  1.361723e-02 
 3.156164e+01  1.360072e-02 
 3.156204e+01  1.358235e-02 
 3.156244e+01  1.356232e-02 
 3.156284e+01  1.354090e-02 
 3.156323e+01  1.351833e-02 
 3.156363e+01  1.349493e-02 
 3.156403e+01  1.347101e-02 
 3.156443e+01  1.344685e-02 
 3.156482e+01  1.342273e-02 
 3.156522e+01  1.339884e-02 
 3.156562e+01  1.337544e-02 
 3.156602e+01  1.335264e-02 
 3.156641e+01  1.333052e-02 
 3.156681e+01  1.330912e-02 
 3.156721e+01  1.328827e-02 
 3.156761e+01  1.326789e-02 
 3.156801e+01  1.324791e-02 
 3.156840e+01  1.322817e-02 
 3.156880e+01  1.320856e-02 
 3.156920e+01  1.318893e-02 
 3.156960e+01  1.316917e-02 
 3.156999e+01  1.314914e-02 
 3.157039e+01  1.312888e-02 
 3.157079e+01  1.310840e-02 
 3.157119e+01  1.308768e-02 
 3.157158e+01  1.306697e-02 
 3.157198e+01  1.304650e-02 
 3.157238e+01  1.302649e-02 
 3.157278e+01  1.300704e-02 
 3.157318e+01  1.298834e-02 
 3.157357e+01  1.297037e-02 
 3.157397e+01  1.295309e-02 
 3.157437e+01  1.293653e-02 
 3.157477e+01  1.292067e-02 
 3.157516e+01  1.290561e-02 
 3.157556e+01  1.289125e-02 
 3.157596e+01  1.287771e-02 
 3.157636e+01  1.286497e-02 
 3.157675e+01  1.285302e-02 
 3.157715e+01  1.284182e-02 
 3.157755e+01  1.283130e-02 
 3.157795e+01  1.282150e-02 
 3.157835e+01  1.281246e-02 
 3.157874e+01  1.280430e-02 
 3.157914e+01  1.279717e-02 
 3.157954e+01  1.279108e-02 
 3.157994e+01  1.278619e-02 
 3.158033e+01  1.278256e-02 
 3.158073e+01  1.278031e-02 
 3.158113e+01  1.277947e-02 
 3.158153e+01  1.278020e-02 
 3.158192e+01  1.278256e-02 
 3.158232e+01  1.278648e-02 
 3.158272e+01  1.279190e-02 
 3.158312e+01  1.279881e-02 
 3.158352e+01  1.280702e-02 
 3.158391e+01  1.281633e-02 
 3.158431e+01  1.282660e-02 
 3.158471e+01  1.283752e-02 
 3.158511e+01  1.284886e-02 
 3.158550e+01  1.286031e-02 
 3.158590e+01  1.287158e-02 
 3.158630e+01  1.288246e-02 
 3.158670e+01  1.289283e-02 
 3.158709e+01  1.290263e-02 
 3.158749e+01  1.291188e-02 
 3.158789e+01  1.292074e-02 
 3.158829e+01  1.292943e-02 
 3.158869e+01  1.293817e-02 
 3.158908e+01  1.294715e-02 
 3.158948e+01  1.295654e-02 
 3.158988e+01  1.296657e-02 
 3.159028e+01  1.297747e-02 
 3.159067e+01  1.298949e-02 
 3.159107e+01  1.300285e-02 
 3.159147e+01  1.301764e-02 
 3.159187e+01  1.303395e-02 
 3.159226e+01  1.305184e-02 
 3.159266e+01  1.307135e-02 
 3.159306e+01  1.309228e-02 
 3.159346e+01  1.311463e-02 
 3.159386e+01  1.313837e-02 
 3.159425e+01  1.316342e-02 
 3.159465e+01  1.318969e-02 
 3.159505e+01  1.321710e-02 
 3.159545e+01  1.324547e-02 
 3.159584e+01  1.327465e-02 
 3.159624e+01  1.330457e-02 
 3.159664e+01  1.333521e-02 
 3.159704e+01  1.336660e-02 
 3.159743e+01  1.339868e-02 
 3.159783e+01  1.343144e-02 
 3.159823e+01  1.346477e-02 
 3.159863e+01  1.349851e-02 
 3.159903e+01  1.353245e-02 
 3.159942e+01  1.356634e-02 
 3.159982e+01  1.359994e-02 
 3.160022e+01  1.363308e-02 
 3.160062e+01  1.366560e-02 
 3.160101e+01  1.369744e-02 
 3.160141e+01  1.372857e-02 
 3.160181e+01  1.375887e-02 
 3.160221e+01  1.378832e-02 
 3.160260e+01  1.381683e-02 
 3.160300e+01  1.384440e-02 
 3.160340e+01  1.387099e-02 
 3.160380e+01  1.389666e-02 
 3.160420e+01  1.392149e-02 
 3.160459e+01  1.394551e-02 
 3.160499e+01  1.396888e-02 
 3.160539e+01  1.399175e-02 
 3.160579e+01  1.401431e-02 
 3.160618e+01  1.403677e-02 
 3.160658e+01  1.405921e-02 
 3.160698e+01  1.408184e-02 
 3.160738e+01  1.410479e-02 
 3.160777e+01  1.412822e-02 
 3.160817e+01  1.415215e-02 
 3.160857e+01  1.417668e-02 
 3.160897e+01  1.420183e-02 
 3.160937e+01  1.422751e-02 
 3.160976e+01  1.425383e-02 
 3.161016e+01  1.428064e-02 
 3.161056e+01  1.430778e-02 
 3.161096e+01  1.433509e-02 
 3.161135e+01  1.436230e-02 
 3.161175e+01  1.438917e-02 
 3.161215e+01  1.441538e-02 
 3.161255e+01  1.444068e-02 
 3.161294e+01  1.446485e-02 
 3.161334e+01  1.448766e-02 
 3.161374e+01  1.450902e-02 
 3.161414e+01  1.452890e-02 
 3.161454e+01  1.454721e-02 
 3.161493e+01  1.456389e-02 
 3.161533e+01  1.457896e-02 
 3.161573e+01  1.459249e-02 
 3.161613e+01  1.460463e-02 
 3.161652e+01  1.461547e-02 
 3.161692e+01  1.462517e-02 
 3.161732e+01  1.463392e-02 
 3.161772e+01  1.464195e-02 
 3.161811e+01  1.464956e-02 
 3.161851e+01  1.465698e-02 
 3.161891e+01  1.466430e-02 
 3.161931e+01  1.467162e-02 
 3.161971e+01  1.467896e-02 
 3.162010e+01  1.468626e-02 
 3.162050e+01  1.469353e-02 
 3.162090e+01  1.470062e-02 
 3.162130e+01  1.470742e-02 
 3.162169e+01  1.471380e-02 
 3.162209e+01  1.471969e-02 
 3.162249e+01  1.472515e-02 
 3.162289e+01  1.473028e-02 
 3.162328e+01  1.473514e-02 
 3.162368e+01  1.473991e-02 
 3.162408e+01  1.474464e-02 
 3.162448e+01  1.474939e-02 
 3.162488e+01  1.475425e-02 
 3.162527e+01  1.475921e-02 
 3.162567e+01  1.476435e-02 
 3.162607e+01  1.476957e-02 
 3.162647e+01  1.477491e-02 
 3.162686e+01  1.478026e-02 
 3.162726e+01  1.478555e-02 
 3.162766e+01  1.479069e-02 
 3.162806e+01  1.479555e-02 
 3.162845e+01  1.479988e-02 
 3.162885e+01  1.480351e-02 
 3.162925e+01  1.480630e-02 
 3.162965e+01  1.480813e-02 
 3.163005e+01  1.480889e-02 
 3.163044e+01  1.480859e-02 
 3.163084e+01  1.480725e-02 
 3.163124e+01  1.480495e-02 
 3.163164e+01  1.480187e-02 
 3.163203e+01  1.479816e-02 
 3.163243e+01  1.479411e-02 
 3.163283e+01  1.478987e-02 
 3.163323e+01  1.478564e-02 
 3.163362e+01  1.478158e-02 
 3.163402e+01  1.477789e-02 
 3.163442e+01  1.477475e-02 
 3.163482e+01  1.477236e-02 
 3.163522e+01  1.477083e-02 
 3.163561e+01  1.477017e-02 
 3.163601e+01  1.477052e-02 
 3.163641e+01  1.477182e-02 
 3.163681e+01  1.477394e-02 
 3.163720e+01  1.477676e-02 
 3.163760e+01  1.478003e-02 
 3.163800e+01  1.478351e-02 
 3.163840e+01  1.478688e-02 
 3.163879e+01  1.478983e-02 
 3.163919e+01  1.479212e-02 
 3.163959e+01  1.479347e-02 
 3.163999e+01  1.479371e-02 
 3.164039e+01  1.479291e-02 
 3.164078e+01  1.479107e-02 
 3.164118e+01  1.478828e-02 
 3.164158e+01  1.478476e-02 
 3.164198e+01  1.478054e-02 
 3.164237e+01  1.477571e-02 
 3.164277e+01  1.477038e-02 
 3.164317e+01  1.476458e-02 
 3.164357e+01  1.475842e-02 
 3.164397e+01  1.475192e-02 
 3.164436e+01  1.474515e-02 
 3.164476e+01  1.473821e-02 
 3.164516e+01  1.473113e-02 
 3.164556e+01  1.472385e-02 
 3.164595e+01  1.471627e-02 
 3.164635e+01  1.470823e-02 
 3.164675e+01  1.469959e-02 
 3.164715e+01  1.469026e-02 
 3.164754e+01  1.468015e-02 
 3.164794e+01  1.466921e-02 
 3.164834e+01  1.465745e-02 
 3.164874e+01  1.464506e-02 
 3.164914e+01  1.463223e-02 
 3.164953e+01  1.461918e-02 
 3.164993e+01  1.460617e-02 
 3.165033e+01  1.459337e-02 
 3.165073e+01  1.458086e-02 
 3.165112e+01  1.456885e-02 
 3.165152e+01  1.455741e-02 
 3.165192e+01  1.454654e-02 
 3.165232e+01  1.453623e-02 
 3.165271e+01  1.452645e-02 
 3.165311e+01  1.451700e-02 
 3.165351e+01  1.450771e-02 
 3.165391e+01  1.449828e-02 
 3.165431e+01  1.448835e-02 
 3.165470e+01  1.447758e-02 
 3.165510e+01  1.446560e-02 
 3.165550e+01  1.445224e-02 
 3.165590e+01  1.443743e-02 
 3.165629e+01  1.442109e-02 
 3.165669e+01  1.440339e-02 
 3.165709e+01  1.438444e-02 
 3.165749e+01  1.436448e-02 
 3.165788e+01  1.434377e-02 
 3.165828e+01  1.432257e-02 
 3.165868e+01  1.430117e-02 
 3.165908e+01  1.427984e-02 
 3.165948e+01  1.425887e-02 
 3.165987e+01  1.423854e-02 
 3.166027e+01  1.421897e-02 
 3.166067e+01  1.420030e-02 
 3.166107e+01  1.418259e-02 
 3.166146e+01  1.416584e-02 
 3.166186e+01  1.414995e-02 
 3.166226e+01  1.413486e-02 
 3.166266e+01  1.412046e-02 
 3.166305e+01  1.410654e-02 
 3.166345e+01  1.409297e-02 
 3.166385e+01  1.407956e-02 
 3.166425e+01  1.406609e-02 
 3.166465e+01  1.405241e-02 
 3.166504e+01  1.403843e-02 
 3.166544e+01  1.402402e-02 
 3.166584e+01  1.400909e-02 
 3.166624e+01  1.399365e-02 
 3.166663e+01  1.397767e-02 
 3.166703e+01  1.396123e-02 
 3.166743e+01  1.394446e-02 
 3.166783e+01  1.392732e-02 
 3.166822e+01  1.390982e-02 
 3.166862e+01  1.389203e-02 
 3.166902e+01  1.387398e-02 
 3.166942e+01  1.385573e-02 
 3.166982e+01  1.383734e-02 
 3.167021e+01  1.381882e-02 
 3.167061e+01  1.380016e-02 
 3.167101e+01  1.378136e-02 
 3.167141e+01  1.376237e-02 
 3.167180e+01  1.374323e-02 
 3.167220e+01  1.372394e-02 
 3.167260e+01  1.370462e-02 
 3.167300e+01  1.368530e-02 
 3.167339e+01  1.366622e-02 
 3.167379e+01  1.364748e-02 
 3.167419e+01  1.362935e-02 
 3.167459e+01  1.361200e-02 
 3.167499e+01  1.359568e-02 
 3.167538e+01  1.358062e-02 
 3.167578e+01  1.356708e-02 
 3.167618e+01  1.355534e-02 
 3.167658e+01  1.354558e-02 
 3.167697e+01  1.353792e-02 
 3.167737e+01  1.353246e-02 
 3.167777e+01  1.352926e-02 
 3.167817e+01  1.352831e-02 
 3.167856e+01  1.352956e-02 
 3.167896e+01  1.353292e-02 
 3.167936e+01  1.353828e-02 
 3.167976e+01  1.354547e-02 
 3.168016e+01  1.355418e-02 
 3.168055e+01  1.356408e-02 
 3.168095e+01  1.357493e-02 
 3.168135e+01  1.358642e-02 
 3.168175e+01  1.359837e-02 
 3.168214e+01  1.361072e-02 
 3.168254e+01  1.362337e-02 
 3.168294e+01  1.363627e-02 
 3.168334e+01  1.364937e-02 
 3.168373e+01  1.366265e-02 
 3.168413e+01  1.367613e-02 
 3.168453e+01  1.368984e-02 
 3.168493e+01  1.370389e-02 
 3.168533e+01  1.371844e-02 
 3.168572e+01  1.373368e-02 
 3.168612e+01  1.374963e-02 
 3.168652e+01  1.376642e-02 
 3.168692e+01  1.378408e-02 
 3.168731e+01  1.380264e-02 
 3.168771e+01  1.382211e-02 
 3.168811e+01  1.384245e-02 
 3.168851e+01  1.386380e-02 
 3.168890e+01  1.388620e-02 
 3.168930e+01  1.390966e-02 
 3.168970e+01  1.393413e-02 
 3.169010e+01  1.395949e-02 
 3.169050e+01  1.398559e-02 
 3.169089e+01  1.401245e-02 
 3.169129e+01  1.403997e-02 
 3.169169e+01  1.406815e-02 
 3.169209e+01  1.409687e-02 
 3.169248e+01  1.412606e-02 
 3.169288e+01  1.415566e-02 
 3.169328e+01  1.418563e-02 
 3.169368e+01  1.421591e-02 
 3.169407e+01  1.424647e-02 
 3.169447e+01  1.427726e-02 
 3.169487e+01  1.430829e-02 
 3.169527e+01  1.433961e-02 
 3.169567e+01  1.437121e-02 
 3.169606e+01  1.440300e-02 
 3.169646e+01  1.443484e-02 
 3.169686e+01  1.446657e-02 
 3.169726e+01  1.449801e-02 
 3.169765e+01  1.452901e-02 
 3.169805e+01  1.455944e-02 
 3.169845e+01  1.458920e-02 
 3.169885e+01  1.461809e-02 
 3.169924e+01  1.464601e-02 
 3.169964e+01  1.467296e-02 
 3.170004e+01  1.469899e-02 
 3.170044e+01  1.472429e-02 
 3.170084e+01  1.474900e-02 
 3.170123e+01  1.477341e-02 
 3.170163e+01  1.479771e-02 
 3.170203e+01  1.482205e-02 
 3.170243e+01  1.484658e-02 
 3.170282e+01  1.487143e-02 
 3.170322e+01  1.489670e-02 
 3.170362e+01  1.492250e-02 
 3.170402e+01  1.494892e-02 
 3.170441e+01  1.497618e-02 
 3.170481e+01  1.500435e-02 
 3.170521e+01  1.503344e-02 
 3.170561e+01  1.506334e-02 
 3.170601e+01  1.509389e-02 
 3.170640e+01  1.512486e-02 
 3.170680e+01  1.515597e-02 
 3.170720e+01  1.518705e-02 
 3.170760e+01  1.521789e-02 
 3.170799e+01  1.524829e-02 
 3.170839e+01  1.527804e-02 
 3.170879e+01  1.530700e-02 
 3.170919e+01  1.533499e-02 
 3.170958e+01  1.536179e-02 
 3.170998e+01  1.538732e-02 
 3.171038e+01  1.541162e-02 
 3.171078e+01  1.543484e-02 
 3.171118e+01  1.545720e-02 
 3.171157e+01  1.547889e-02 
 3.171197e+01  1.550011e-02 
 3.171237e+01  1.552106e-02 
 3.171277e+01  1.554197e-02 
 3.171316e+01  1.556301e-02 
 3.171356e+01  1.558445e-02 
 3.171396e+01  1.560648e-02 
 3.171436e+01  1.562913e-02 
 3.171475e+01  1.565243e-02 
 3.171515e+01  1.567635e-02 
 3.171555e+01  1.570074e-02 
 3.171595e+01  1.572536e-02 
 3.171635e+01  1.574997e-02 
 3.171674e+01  1.577432e-02 
 3.171714e+01  1.579831e-02 
 3.171754e+01  1.582189e-02 
 3.171794e+01  1.584503e-02 
 3.171833e+01  1.586776e-02 
 3.171873e+01  1.589004e-02 
 3.171913e+01  1.591189e-02 
 3.171953e+01  1.593336e-02 
 3.171992e+01  1.595461e-02 
 3.172032e+01  1.597582e-02 
 3.172072e+01  1.599705e-02 
 3.172112e+01  1.601839e-02 
 3.172152e+01  1.603986e-02 
 3.172191e+01  1.606133e-02 
 3.172231e+01  1.608265e-02 
 3.172271e+01  1.610348e-02 
 3.172311e+01  1.612351e-02 
 3.172350e+01  1.614243e-02 
 3.172390e+01  1.615989e-02 
 3.172430e+01  1.617562e-02 
 3.172470e+01  1.618934e-02 
 3.172509e+01  1.620088e-02 
 3.172549e+01  1.621012e-02 
 3.172589e+01  1.621709e-02 
 3.172629e+01  1.622194e-02 
 3.172669e+01  1.622491e-02 
 3.172708e+01  1.622626e-02 
 3.172748e+01  1.622627e-02 
 3.172788e+01  1.622523e-02 
 3.172828e+01  1.622348e-02 
 3.172867e+01  1.622141e-02 
 3.172907e+01  1.621940e-02 
 3.172947e+01  1.621784e-02 
 3.172987e+01  1.621712e-02 
 3.173026e+01  1.621755e-02 
 3.173066e+01  1.621931e-02 
 3.173106e+01  1.622252e-02 
 3.173146e+01  1.622705e-02 
 3.173186e+01  1.623273e-02 
 3.173225e+01  1.623941e-02 
 3.173265e+01  1.624693e-02 
 3.173305e+01  1.625518e-02 
 3.173345e+01  1.626398e-02 
 3.173384e+01  1.627315e-02 
 3.173424e+01  1.628243e-02 
 3.173464e+01  1.629172e-02 
 3.173504e+01  1.630093e-02 
 3.173544e+01  1.630991e-02 
 3.173583e+01  1.631868e-02 
 3.173623e+01  1.632725e-02 
 3.173663e+01  1.633555e-02 
 3.173703e+01  1.634369e-02 
 3.173742e+01  1.635164e-02 
 3.173782e+01  1.635928e-02 
 3.173822e+01  1.636646e-02 
 3.173862e+01  1.637311e-02 
 3.173901e+01  1.637912e-02 
 3.173941e+01  1.638446e-02 
 3.173981e+01  1.638896e-02 
 3.174021e+01  1.639251e-02 
 3.174061e+01  1.639492e-02 
 3.174100e+01  1.639597e-02 
 3.174140e+01  1.639550e-02 
 3.174180e+01  1.639344e-02 
 3.174220e+01  1.638979e-02 
 3.174259e+01  1.638453e-02 
 3.174299e+01  1.637766e-02 
 3.174339e+01  1.636923e-02 
 3.174379e+01  1.635937e-02 
 3.174418e+01  1.634814e-02 
 3.174458e+01  1.633574e-02 
 3.174498e+01  1.632237e-02 
 3.174538e+01  1.630821e-02 
 3.174578e+01  1.629359e-02 
 3.174617e+01  1.627870e-02 
 3.174657e+01  1.626377e-02 
 3.174697e+01  1.624901e-02 
 3.174737e+01  1.623443e-02 
 3.174776e+01  1.622009e-02 
 3.174816e+01  1.620599e-02 
 3.174856e+01  1.619204e-02 
 3.174896e+01  1.617813e-02 
 3.174935e+01  1.616397e-02 
 3.174975e+01  1.614926e-02 
 3.175015e+01  1.613368e-02 
 3.175055e+01  1.611694e-02 
 3.175095e+01  1.609886e-02 
 3.175134e+01  1.607929e-02 
 3.175174e+01  1.605824e-02 
 3.175214e+01  1.603596e-02 
 3.175254e+01  1.601265e-02 
 3.175293e+01  1.598860e-02 
 3.175333e+01  1.596408e-02 
 3.175373e+01  1.593928e-02 
 3.175413e+01  1.591434e-02 
 3.175452e+01  1.588958e-02 
 3.175492e+01  1.586523e-02 
 3.175532e+01  1.584146e-02 
 3.175572e+01  1.581841e-02 
 3.175612e+01  1.579618e-02 
 3.175651e+01  1.577484e-02 
 3.175691e+01  1.575442e-02 
 3.175731e+01  1.573481e-02 
 3.175771e+01  1.571587e-02 
 3.175810e+01  1.569743e-02 
 3.175850e+01  1.567936e-02 
 3.175890e+01  1.566157e-02 
 3.175930e+01  1.564399e-02 
 3.175969e+01  1.562648e-02 
 3.176009e+01  1.560890e-02 
 3.176049e+01  1.559123e-02 
 3.176089e+01  1.557340e-02 
 3.176129e+01  1.555546e-02 
 3.176168e+01  1.553745e-02 
 3.176208e+01  1.551932e-02 
 3.176248e+01  1.550107e-02 
 3.176288e+01  1.548264e-02 
 3.176327e+01  1.546403e-02 
 3.176367e+01  1.544524e-02 
 3.176407e+01  1.542625e-02 
 3.176447e+01  1.540717e-02 
 3.176486e+01  1.538799e-02 
 3.176526e+01  1.536879e-02 
 3.176566e+01  1.534959e-02 
 3.176606e+01  1.533045e-02 
 3.176646e+01  1.531135e-02 
 3.176685e+01  1.529225e-02 
 3.176725e+01  1.527305e-02 
 3.176765e+01  1.525381e-02 
 3.176805e+01  1.523451e-02 
 3.176844e+01  1.521530e-02 
 3.176884e+01  1.519619e-02 
 3.176924e+01  1.517730e-02 
 3.176964e+01  1.515882e-02 
 3.177003e+01  1.514091e-02 
 3.177043e+01  1.512378e-02 
 3.177083e+01  1.510762e-02 
 3.177123e+01  1.509262e-02 
 3.177163e+01  1.507890e-02 
 3.177202e+01  1.506667e-02 
 3.177242e+01  1.505613e-02 
 3.177282e+01  1.504740e-02 
 3.177322e+01  1.504054e-02 
 3.177361e+01  1.503558e-02 
 3.177401e+01  1.503251e-02 
 3.177441e+01  1.503127e-02 
 3.177481e+01  1.503172e-02 
 3.177520e+01  1.503372e-02 
 3.177560e+01  1.503699e-02 
 3.177600e+01  1.504126e-02 
 3.177640e+01  1.504621e-02 
 3.177680e+01  1.505158e-02 
 3.177719e+01  1.505701e-02 
 3.177759e+01  1.506221e-02 
 3.177799e+01  1.506694e-02 
 3.177839e+01  1.507104e-02 
 3.177878e+01  1.507432e-02 
 3.177918e+01  1.507663e-02 
 3.177958e+01  1.507793e-02 
 3.177998e+01  1.507824e-02 
 3.178037e+01  1.507758e-02 
 3.178077e+01  1.507611e-02 
 3.178117e+01  1.507412e-02 
 3.178157e+01  1.507179e-02 
 3.178197e+01  1.506930e-02 
 3.178236e+01  1.506688e-02 
 3.178276e+01  1.506463e-02 
 3.178316e+01  1.506262e-02 
 3.178356e+01  1.506103e-02 
 3.178395e+01  1.506003e-02 
 3.178435e+01  1.505962e-02 
 3.178475e+01  1.505988e-02 
 3.178515e+01  1.506084e-02 
 3.178554e+01  1.506257e-02 
 3.178594e+01  1.506511e-02 
 3.178634e+01  1.506848e-02 
 3.178674e+01  1.507262e-02 
 3.178714e+01  1.507764e-02 
 3.178753e+01  1.508365e-02 
 3.178793e+01  1.509086e-02 
 3.178833e+01  1.509952e-02 
 3.178873e+01  1.510967e-02 
 3.178912e+01  1.512142e-02 
 3.178952e+01  1.513487e-02 
 3.178992e+01  1.515015e-02 
 3.179032e+01  1.516722e-02 
 3.179071e+01  1.518601e-02 
 3.179111e+01  1.520634e-02 
 3.179151e+01  1.522801e-02 
 3.179191e+01  1.525085e-02 
 3.179231e+01  1.527460e-02 
 3.179270e+01  1.529900e-02 
 3.179310e+01  1.532386e-02 
 3.179350e+01  1.534889e-02 
 3.179390e+01  1.537381e-02 
 3.179429e+01  1.539845e-02 
 3.179469e+01  1.542257e-02 
 3.179509e+01  1.544591e-02 
 3.179549e+01  1.546827e-02 
 3.179588e+01  1.548963e-02 
 3.179628e+01  1.550999e-02 
 3.179668e+01  1.552935e-02 
 3.179708e+01  1.554784e-02 
 3.179748e+01  1.556555e-02 
 3.179787e+01  1.558265e-02 
 3.179827e+01  1.559936e-02 
 3.179867e+01  1.561596e-02 
 3.179907e+01  1.563268e-02 
 3.179946e+01  1.564968e-02 
 3.179986e+01  1.566710e-02 
 3.180026e+01  1.568501e-02 
 3.180066e+01  1.570334e-02 
 3.180105e+01  1.572201e-02 
 3.180145e+01  1.574079e-02 
 3.180185e+01  1.575948e-02 
 3.180225e+01  1.577795e-02 
 3.180265e+01  1.579597e-02 
 3.180304e+01  1.581339e-02 
 3.180344e+01  1.583002e-02 
 3.180384e+01  1.584571e-02 
 3.180424e+01  1.586035e-02 
 3.180463e+01  1.587393e-02 
 3.180503e+01  1.588650e-02 
 3.180543e+01  1.589826e-02 
 3.180583e+01  1.590946e-02 
 3.180622e+01  1.592047e-02 
 3.180662e+01  1.593161e-02 
 3.180702e+01  1.594321e-02 
 3.180742e+01  1.595552e-02 
 3.180782e+01  1.596888e-02 
 3.180821e+01  1.598347e-02 
 3.180861e+01  1.599940e-02 
 3.180901e+01  1.601669e-02 
 3.180941e+01  1.603541e-02 
 3.180980e+01  1.605547e-02 
 3.181020e+01  1.607672e-02 
 3.181060e+01  1.609894e-02 
 3.181100e+01  1.612194e-02 
 3.181139e+01  1.614549e-02 
 3.181179e+01  1.616940e-02 
 3.181219e+01  1.619361e-02 
 3.181259e+01  1.621792e-02 
 3.181299e+01  1.624223e-02 
 3.181338e+01  1.626647e-02 
 3.181378e+01  1.629058e-02 
 3.181418e+01  1.631460e-02 
 3.181458e+01  1.633866e-02 
 3.181497e+01  1.636281e-02 
 3.181537e+01  1.638723e-02 
 3.181577e+01  1.641204e-02 
 3.181617e+01  1.643734e-02 
 3.181656e+01  1.646315e-02 
 3.181696e+01  1.648938e-02 
 3.181736e+01  1.651581e-02 
 3.181776e+01  1.654220e-02 
 3.181816e+01  1.656824e-02 
 3.181855e+01  1.659351e-02 
 3.181895e+01  1.661758e-02 
 3.181935e+01  1.664012e-02 
 3.181975e+01  1.666081e-02 
 3.182014e+01  1.667939e-02 
 3.182054e+01  1.669572e-02 
 3.182094e+01  1.670971e-02 
 3.182134e+01  1.672139e-02 
 3.182173e+01  1.673088e-02 
 3.182213e+01  1.673837e-02 
 3.182253e+01  1.674421e-02 
 3.182293e+01  1.674879e-02 
 3.182333e+01  1.675242e-02 
 3.182372e+01  1.675541e-02 
 3.182412e+01  1.675813e-02 
 3.182452e+01  1.676094e-02 
 3.182492e+01  1.676417e-02 
 3.182531e+01  1.676800e-02 
 3.182571e+01  1.677264e-02 
 3.182611e+01  1.677820e-02 
 3.182651e+01  1.678462e-02 
 3.182691e+01  1.679191e-02 
 3.182730e+01  1.680000e-02 
 3.182770e+01  1.680881e-02 
 3.182810e+01  1.681817e-02 
 3.182850e+01  1.682792e-02 
 3.182889e+01  1.683791e-02 
 3.182929e+01  1.684807e-02 
 3.182969e+01  1.685820e-02 
 3.183009e+01  1.686814e-02 
 3.183048e+01  1.687775e-02 
 3.183088e+01  1.688688e-02 
 3.183128e+01  1.689557e-02 
 3.183168e+01  1.690373e-02 
 3.183208e+01  1.691143e-02 
 3.183247e+01  1.691854e-02 
 3.183287e+01  1.692499e-02 
 3.183327e+01  1.693069e-02 
 3.183367e+01  1.693558e-02 
 3.183406e+01  1.693948e-02 
 3.183446e+01  1.694226e-02 
 3.183486e+01  1.694362e-02 
 3.183526e+01  1.694339e-02 
 3.183565e+01  1.694141e-02 
 3.183605e+01  1.693750e-02 
 3.183645e+01  1.693142e-02 
 3.183685e+01  1.692310e-02 
 3.183725e+01  1.691245e-02 
 3.183764e+01  1.689950e-02 
 3.183804e+01  1.688436e-02 
 3.183844e+01  1.686722e-02 
 3.183884e+01  1.684816e-02 
 3.183923e+01  1.682749e-02 
 3.183963e+01  1.680546e-02 
 3.184003e+01  1.678244e-02 
 3.184043e+01  1.675870e-02 
 3.184082e+01  1.673455e-02 
 3.184122e+01  1.671031e-02 
 3.184162e+01  1.668622e-02 
 3.184202e+01  1.666250e-02 
 3.184242e+01  1.663929e-02 
 3.184281e+01  1.661667e-02 
 3.184321e+01  1.659468e-02 
 3.184361e+01  1.657332e-02 
 3.184401e+01  1.655250e-02 
 3.184440e+01  1.653210e-02 
 3.184480e+01  1.651205e-02 
 3.184520e+01  1.649204e-02 
 3.184560e+01  1.647183e-02 
 3.184599e+01  1.645112e-02 
 3.184639e+01  1.642976e-02 
 3.184679e+01  1.640764e-02 
 3.184719e+01  1.638455e-02 
 3.184759e+01  1.636058e-02 
 3.184798e+01  1.633579e-02 
 3.184838e+01  1.631017e-02 
 3.184878e+01  1.628373e-02 
 3.184918e+01  1.625653e-02 
 3.184957e+01  1.622884e-02 
 3.184997e+01  1.620065e-02 
 3.185037e+01  1.617213e-02 
 3.185077e+01  1.614336e-02 
 3.185116e+01  1.611448e-02 
 3.185156e+01  1.608544e-02 
 3.185196e+01  1.605625e-02 
 3.185236e+01  1.602678e-02 
 3.185276e+01  1.599691e-02 
 3.185315e+01  1.596663e-02 
 3.185355e+01  1.593598e-02 
 3.185395e+01  1.590484e-02 
 3.185435e+01  1.587325e-02 
 3.185474e+01  1.584122e-02 
 3.185514e+01  1.580862e-02 
 3.185554e+01  1.577548e-02 
 3.185594e+01  1.574190e-02 
 3.185633e+01  1.570788e-02 
 3.185673e+01  1.567356e-02 
 3.185713e+01  1.563912e-02 
 3.185753e+01  1.560477e-02 
 3.185793e+01  1.557067e-02 
 3.185832e+01  1.553697e-02 
 3.185872e+01  1.550386e-02 
 3.185912e+01  1.547151e-02 
 3.185952e+01  1.544008e-02 
 3.185991e+01  1.540961e-02 
 3.186031e+01  1.538012e-02 
 3.186071e+01  1.535172e-02 
 3.186111e+01  1.532426e-02 
 3.186150e+01  1.529778e-02 
 3.186190e+01  1.527216e-02 
 3.186230e+01  1.524738e-02 
 3.186270e+01  1.522336e-02 
 3.186310e+01  1.520008e-02 
 3.186349e+01  1.517753e-02 
 3.186389e+01  1.515567e-02 
 3.186429e+01  1.513446e-02 
 3.186469e+01  1.511380e-02 
 3.186508e+01  1.509362e-02 
 3.186548e+01  1.507398e-02 
 3.186588e+01  1.505482e-02 
 3.186628e+01  1.503610e-02 
 3.186667e+01  1.501798e-02 
 3.186707e+01  1.500059e-02 
 3.186747e+01  1.498378e-02 
 3.186787e+01  1.496769e-02 
 3.186827e+01  1.495245e-02 
 3.186866e+01  1.493809e-02 
 3.186906e+01  1.492470e-02 
 3.186946e+01  1.491238e-02 
 3.186986e+01  1.490115e-02 
 3.187025e+01  1.489093e-02 
 3.187065e+01  1.488160e-02 
 3.187105e+01  1.487294e-02 
 3.187145e+01  1.486482e-02 
 3.187184e+01  1.485701e-02 
 3.187224e+01  1.484923e-02 
 3.187264e+01  1.484116e-02 
 3.187304e+01  1.483264e-02 
 3.187344e+01  1.482339e-02 
 3.187383e+01  1.481323e-02 
 3.187423e+01  1.480199e-02 
 3.187463e+01  1.478968e-02 
 3.187503e+01  1.477635e-02 
 3.187542e+01  1.476225e-02 
 3.187582e+01  1.474763e-02 
 3.187622e+01  1.473282e-02 
 3.187662e+01  1.471800e-02 
 3.187701e+01  1.470344e-02 
 3.187741e+01  1.468929e-02 
 3.187781e+01  1.467569e-02 
 3.187821e+01  1.466276e-02 
 3.187861e+01  1.465061e-02 
 3.187900e+01  1.463935e-02 
 3.187940e+01  1.462903e-02 
 3.187980e+01  1.461953e-02 
 3.188020e+01  1.461067e-02 
 3.188059e+01  1.460233e-02 
 3.188099e+01  1.459432e-02 
 3.188139e+01  1.458652e-02 
 3.188179e+01  1.457890e-02 
 3.188218e+01  1.457141e-02 
 3.188258e+01  1.456400e-02 
 3.188298e+01  1.455682e-02 
 3.188338e+01  1.454991e-02 
 3.188378e+01  1.454332e-02 
 3.188417e+01  1.453717e-02 
 3.188457e+01  1.453159e-02 
 3.188497e+01  1.452669e-02 
 3.188537e+01  1.452261e-02 
 3.188576e+01  1.451944e-02 
 3.188616e+01  1.451713e-02 
 3.188656e+01  1.451553e-02 
 3.188696e+01  1.451453e-02 
 3.188735e+01  1.451387e-02 
 3.188775e+01  1.451330e-02 
 3.188815e+01  1.451246e-02 
 3.188855e+01  1.451121e-02 
 3.188895e+01  1.450926e-02 
 3.188934e+01  1.450633e-02 
 3.188974e+01  1.450230e-02 
 3.189014e+01  1.449709e-02 
 3.189054e+01  1.449059e-02 
 3.189093e+01  1.448291e-02 
 3.189133e+01  1.447418e-02 
 3.189173e+01  1.446469e-02 
 3.189213e+01  1.445480e-02 
 3.189252e+01  1.444480e-02 
 3.189292e+01  1.443491e-02 
 3.189332e+01  1.442551e-02 
 3.189372e+01  1.441686e-02 
 3.189412e+01  1.440913e-02 
 3.189451e+01  1.440261e-02 
 3.189491e+01  1.439758e-02 
 3.189531e+01  1.439420e-02 
 3.189571e+01  1.439252e-02 
 3.189610e+01  1.439254e-02 
 3.189650e+01  1.439418e-02 
 3.189690e+01  1.439727e-02 
 3.189730e+01  1.440164e-02 
 3.189769e+01  1.440709e-02 
 3.189809e+01  1.441347e-02 
 3.189849e+01  1.442054e-02 
 3.189889e+01  1.442805e-02 
 3.189929e+01  1.443594e-02 
 3.189968e+01  1.444402e-02 
 3.190008e+01  1.445218e-02 
 3.190048e+01  1.446044e-02 
 3.190088e+01  1.446892e-02 
 3.190127e+01  1.447776e-02 
 3.190167e+01  1.448710e-02 
 3.190207e+01  1.449710e-02 
 3.190247e+01  1.450784e-02 
 3.190286e+01  1.451940e-02 
 3.190326e+01  1.453185e-02 
 3.190366e+01  1.454522e-02 
 3.190406e+01  1.455941e-02 
 3.190446e+01  1.457434e-02 
 3.190485e+01  1.458989e-02 
 3.190525e+01  1.460576e-02 
 3.190565e+01  1.462171e-02 
 3.190605e+01  1.463744e-02 
 3.190644e+01  1.465263e-02 
 3.190684e+01  1.466704e-02 
 3.190724e+01  1.468059e-02 
 3.190764e+01  1.469315e-02 
 3.190803e+01  1.470461e-02 
 3.190843e+01  1.471499e-02 
 3.190883e+01  1.472436e-02 
 3.190923e+01  1.473286e-02 
 3.190963e+01  1.474067e-02 
 3.191002e+01  1.474803e-02 
 3.191042e+01  1.475544e-02 
 3.191082e+01  1.476329e-02 
 3.191122e+01  1.477187e-02 
 3.191161e+01  1.478143e-02 
 3.191201e+01  1.479219e-02 
 3.191241e+01  1.480415e-02 
 3.191281e+01  1.481728e-02 
 3.191320e+01  1.483149e-02 
 3.191360e+01  1.484657e-02 
 3.191400e+01  1.486231e-02 
 3.191440e+01  1.487839e-02 
 3.191480e+01  1.489461e-02 
 3.191519e+01  1.491074e-02 
 3.191559e+01  1.492654e-02 
 3.191599e+01  1.494187e-02 
 3.191639e+01  1.495662e-02 
 3.191678e+01  1.497092e-02 
 3.191718e+01  1.498487e-02 
 3.191758e+01  1.499863e-02 
 3.191798e+01  1.501241e-02 
 3.191838e+01  1.502644e-02 
 3.191877e+01  1.504081e-02 
 3.191917e+01  1.505570e-02 
 3.191957e+01  1.507128e-02 
 3.191997e+01  1.508758e-02 
 3.192036e+01  1.510468e-02 
 3.192076e+01  1.512258e-02 
 3.192116e+01  1.514109e-02 
 3.192156e+01  1.516004e-02 
 3.192195e+01  1.517915e-02 
 3.192235e+01  1.519815e-02 
 3.192275e+01  1.521683e-02 
 3.192315e+01  1.523499e-02 
 3.192355e+01  1.525236e-02 
 3.192394e+01  1.526861e-02 
 3.192434e+01  1.528349e-02 
 3.192474e+01  1.529683e-02 
 3.192514e+01  1.530844e-02 
 3.192553e+01  1.531823e-02 
 3.192593e+01  1.532611e-02 
 3.192633e+01  1.533209e-02 
 3.192673e+01  1.533632e-02 
 3.192712e+01  1.533886e-02 
 3.192752e+01  1.533978e-02 
 3.192792e+01  1.533913e-02 
 3.192832e+01  1.533685e-02 
 3.192872e+01  1.533301e-02 
 3.192911e+01  1.532768e-02 
 3.192951e+01  1.532087e-02 
 3.192991e+01  1.531266e-02 
 3.193031e+01  1.530308e-02 
 3.193070e+01  1.529219e-02 
 3.193110e+01  1.528001e-02 
 3.193150e+01  1.526656e-02 
 3.193190e+01  1.525188e-02 
 3.193229e+01  1.523593e-02 
 3.193269e+01  1.521886e-02 
 3.193309e+01  1.520074e-02 
 3.193349e+01  1.518169e-02 
 3.193389e+01  1.516188e-02 
 3.193428e+01  1.514147e-02 
 3.193468e+01  1.512060e-02 
 3.193508e+01  1.509934e-02 
 3.193548e+01  1.507790e-02 
 3.193587e+01  1.505642e-02 
 3.193627e+01  1.503492e-02 
 3.193667e+01  1.501352e-02 
 3.193707e+01  1.499237e-02 
 3.193746e+01  1.497143e-02 
 3.193786e+01  1.495067e-02 
 3.193826e+01  1.493009e-02 
 3.193866e+01  1.490970e-02 
 3.193906e+01  1.488952e-02 
 3.193945e+01  1.486938e-02 
 3.193985e+01  1.484911e-02 
 3.194025e+01  1.482840e-02 
 3.194065e+01  1.480683e-02 
 3.194104e+01  1.478391e-02 
 3.194144e+01  1.475934e-02 
 3.194184e+01  1.473268e-02 
 3.194224e+01  1.470374e-02 
 3.194263e+01  1.467248e-02 
 3.194303e+01  1.463893e-02 
 3.194343e+01  1.460320e-02 
 3.194383e+01  1.456549e-02 
 3.194423e+01  1.452606e-02 
 3.194462e+01  1.448514e-02 
 3.194502e+01  1.444309e-02 
 3.194542e+01  1.440025e-02 
 3.194582e+01  1.435697e-02 
 3.194621e+01  1.431363e-02 
 3.194661e+01  1.427060e-02 
 3.194701e+01  1.422805e-02 
 3.194741e+01  1.418617e-02 
 3.194780e+01  1.414510e-02 
 3.194820e+01  1.410489e-02 
 3.194860e+01  1.406565e-02 
 3.194900e+01  1.402735e-02 
 3.194940e+01  1.399003e-02 
 3.194979e+01  1.395369e-02 
 3.195019e+01  1.391833e-02 
 3.195059e+01  1.388402e-02 
 3.195099e+01  1.385085e-02 
 3.195138e+01  1.381889e-02 
 3.195178e+01  1.378825e-02 
 3.195218e+01  1.375903e-02 
 3.195258e+01  1.373123e-02 
 3.195297e+01  1.370483e-02 
 3.195337e+01  1.367975e-02 
 3.195377e+01  1.365590e-02 
 3.195417e+01  1.363329e-02 
 3.195457e+01  1.361195e-02 
 3.195496e+01  1.359187e-02 
 3.195536e+01  1.357305e-02 
 3.195576e+01  1.355551e-02 
 3.195616e+01  1.353902e-02 
 3.195655e+01  1.352333e-02 
 3.195695e+01  1.350812e-02 
 3.195735e+01  1.349309e-02 
 3.195775e+01  1.347794e-02 
 3.195814e+01  1.346240e-02 
 3.195854e+01  1.344621e-02 
 3.195894e+01  1.342918e-02 
 3.195934e+01  1.341109e-02 
 3.195974e+01  1.339167e-02 
 3.196013e+01  1.337082e-02 
 3.196053e+01  1.334839e-02 
 3.196093e+01  1.332446e-02 
 3.196133e+01  1.329925e-02 
 3.196172e+01  1.327298e-02 
 3.196212e+01  1.324606e-02 
 3.196252e+01  1.321875e-02 
 3.196292e+01  1.319135e-02 
 3.196331e+01  1.316407e-02 
 3.196371e+01  1.313719e-02 
 3.196411e+01  1.311102e-02 
 3.196451e+01  1.308566e-02 
 3.196491e+01  1.306136e-02 
 3.196530e+01  1.303821e-02 
 3.196570e+01  1.301632e-02 
 3.196610e+01  1.299568e-02 
 3.196650e+01  1.297621e-02 
 3.196689e+01  1.295779e-02 
 3.196729e+01  1.294019e-02 
 3.196769e+01  1.292320e-02 
 3.196809e+01  1.290668e-02 
 3.196848e+01  1.289036e-02 
 3.196888e+01  1.287406e-02 
 3.196928e+01  1.285771e-02 
 3.196968e+01  1.284133e-02 
 3.197008e+01  1.282495e-02 
 3.197047e+01  1.280880e-02 
 3.197087e+01  1.279316e-02 
 3.197127e+01  1.277821e-02 
 3.197167e+01  1.276418e-02 
 3.197206e+01  1.275124e-02 
 3.197246e+01  1.273951e-02 
 3.197286e+01  1.272908e-02 
 3.197326e+01  1.271994e-02 
 3.197365e+01  1.271204e-02 
 3.197405e+01  1.270530e-02 
 3.197445e+01  1.269959e-02 
 3.197485e+01  1.269471e-02 
 3.197525e+01  1.269042e-02 
 3.197564e+01  1.268636e-02 
 3.197604e+01  1.268215e-02 
 3.197644e+01  1.267764e-02 
 3.197684e+01  1.267256e-02 
 3.197723e+01  1.266679e-02 
 3.197763e+01  1.266027e-02 
 3.197803e+01  1.265303e-02 
 3.197843e+01  1.264524e-02 
 3.197882e+01  1.263700e-02 
 3.197922e+01  1.262853e-02 
 3.197962e+01  1.261986e-02 
 3.198002e+01  1.261101e-02 
 3.198042e+01  1.260206e-02 
 3.198081e+01  1.259311e-02 
 3.198121e+01  1.258415e-02 
 3.198161e+01  1.257517e-02 
 3.198201e+01  1.256603e-02 
 3.198240e+01  1.255664e-02 
 3.198280e+01  1.254689e-02 
 3.198320e+01  1.253674e-02 
 3.198360e+01  1.252609e-02 
 3.198399e+01  1.251481e-02 
 3.198439e+01  1.250280e-02 
 3.198479e+01  1.248994e-02 
 3.198519e+01  1.247608e-02 
 3.198559e+01  1.246127e-02 
 3.198598e+01  1.244557e-02 
 3.198638e+01  1.242918e-02 
 3.198678e+01  1.241240e-02 
 3.198718e+01  1.239563e-02 
 3.198757e+01  1.237929e-02 
 3.198797e+01  1.236381e-02 
 3.198837e+01  1.234956e-02 
 3.198877e+01  1.233680e-02 
 3.198916e+01  1.232586e-02 
 3.198956e+01  1.231694e-02 
 3.198996e+01  1.231033e-02 
 3.199036e+01  1.230617e-02 
 3.199076e+01  1.230451e-02 
 3.199115e+01  1.230527e-02 
 3.199155e+01  1.230819e-02 
 3.199195e+01  1.231299e-02 
 3.199235e+01  1.231928e-02 
 3.199274e+01  1.232681e-02 
 3.199314e+01  1.233522e-02 
 3.199354e+01  1.234424e-02 
 3.199394e+01  1.235357e-02 
 3.199433e+01  1.236307e-02 
 3.199473e+01  1.237254e-02 
 3.199513e+01  1.238189e-02 
 3.199553e+01  1.239098e-02 
 3.199593e+01  1.239967e-02 
 3.199632e+01  1.240799e-02 
 3.199672e+01  1.241594e-02 
 3.199712e+01  1.242362e-02 
 3.199752e+01  1.243110e-02 
 3.199791e+01  1.243858e-02 
 3.199831e+01  1.244609e-02 
 3.199871e+01  1.245373e-02 
 3.199911e+01  1.246161e-02 
 3.199950e+01  1.246968e-02 
 3.199990e+01  1.247780e-02 
 3.200030e+01  1.248587e-02 
 3.200070e+01  1.249377e-02 
 3.200110e+01  1.250134e-02 
 3.200149e+01  1.250852e-02 
 3.200189e+01  1.251531e-02 
 3.200229e+01  1.252173e-02 
 3.200269e+01  1.252792e-02 
 3.200308e+01  1.253406e-02 
 3.200348e+01  1.254041e-02 
 3.200388e+01  1.254712e-02 
 3.200428e+01  1.255443e-02 
 3.200467e+01  1.256261e-02 
 3.200507e+01  1.257197e-02 
 3.200547e+01  1.258288e-02 
 3.200587e+01  1.259568e-02 
 3.200627e+01  1.261074e-02 
 3.200666e+01  1.262833e-02 
 3.200706e+01  1.264863e-02 
 3.200746e+01  1.267172e-02 
 3.200786e+01  1.269752e-02 
 3.200825e+01  1.272574e-02 
 3.200865e+01  1.275605e-02 
 3.200905e+01  1.278809e-02 
 3.200945e+01  1.282150e-02 
 3.200985e+01  1.285594e-02 
 3.201024e+01  1.289101e-02 
 3.201064e+01  1.292626e-02 
 3.201104e+01  1.296135e-02 
 3.201144e+01  1.299593e-02 
 3.201183e+01  1.302968e-02 
 3.201223e+01  1.306237e-02 
 3.201263e+01  1.309381e-02 
 3.201303e+01  1.312396e-02 
 3.201342e+01  1.315277e-02 
 3.201382e+01  1.318026e-02 
 3.201422e+01  1.320655e-02 
 3.201462e+01  1.323168e-02 
 3.201502e+01  1.325577e-02 
 3.201541e+01  1.327886e-02 
 3.201581e+01  1.330099e-02 
 3.201621e+01  1.332225e-02 
 3.201661e+01  1.334263e-02 
 3.201700e+01  1.336203e-02 
 3.201740e+01  1.338039e-02 
 3.201780e+01  1.339768e-02 
 3.201820e+01  1.341387e-02 
 3.201859e+01  1.342896e-02 
 3.201899e+01  1.344304e-02 
 3.201939e+01  1.345604e-02 
 3.201979e+01  1.346802e-02 
 3.202019e+01  1.347902e-02 
 3.202058e+01  1.348907e-02 
 3.202098e+01  1.349823e-02 
 3.202138e+01  1.350661e-02 
 3.202178e+01  1.351425e-02 
 3.202217e+01  1.352135e-02 
 3.202257e+01  1.352812e-02 
 3.202297e+01  1.353471e-02 
 3.202337e+01  1.354117e-02 
 3.202376e+01  1.354755e-02 
 3.202416e+01  1.355398e-02 
 3.202456e+01  1.356053e-02 
 3.202496e+01  1.356717e-02 
 3.202536e+01  1.357391e-02 
 3.202575e+01  1.358070e-02 
 3.202615e+01  1.358743e-02 
 3.202655e+01  1.359401e-02 
 3.202695e+01  1.360027e-02 
 3.202734e+01  1.360608e-02 
 3.202774e+01  1.361127e-02 
 3.202814e+01  1.361555e-02 
 3.202854e+01  1.361884e-02 
 3.202893e+01  1.362095e-02 
 3.202933e+01  1.362171e-02 
 3.202973e+01  1.362105e-02 
 3.203013e+01  1.361885e-02 
 3.203053e+01  1.361506e-02 
 3.203092e+01  1.360968e-02 
 3.203132e+01  1.360272e-02 
 3.203172e+01  1.359429e-02 
 3.203212e+01  1.358440e-02 
 3.203251e+01  1.357320e-02 
 3.203291e+01  1.356075e-02 
 3.203331e+01  1.354717e-02 
 3.203371e+01  1.353253e-02 
 3.203410e+01  1.351686e-02 
 3.203450e+01  1.350012e-02 
 3.203490e+01  1.348228e-02 
 3.203530e+01  1.346315e-02 
 3.203570e+01  1.344258e-02 
 3.203609e+01  1.342031e-02 
 3.203649e+01  1.339616e-02 
 3.203689e+01  1.336998e-02 
 3.203729e+01  1.334162e-02 
 3.203768e+01  1.331098e-02 
 3.203808e+01  1.327828e-02 
 3.203848e+01  1.324371e-02 
 3.203888e+01  1.320750e-02 
 3.203927e+01  1.316991e-02 
 3.203967e+01  1.313118e-02 
 3.204007e+01  1.309163e-02 
 3.204047e+01  1.305155e-02 
 3.204087e+01  1.301130e-02 
 3.204126e+01  1.297131e-02 
 3.204166e+01  1.293194e-02 
 3.204206e+01  1.289351e-02 
 3.204246e+01  1.285632e-02 
 3.204285e+01  1.282051e-02 
 3.204325e+01  1.278601e-02 
 3.204365e+01  1.275268e-02 
 3.204405e+01  1.272037e-02 
 3.204444e+01  1.268891e-02 
 3.204484e+01  1.265823e-02 
 3.204524e+01  1.262812e-02 
 3.204564e+01  1.259849e-02 
 3.204604e+01  1.256921e-02 
 3.204643e+01  1.254009e-02 
 3.204683e+01  1.251114e-02 
 3.204723e+01  1.248220e-02 
 3.204763e+01  1.245321e-02 
 3.204802e+01  1.242412e-02 
 3.204842e+01  1.239494e-02 
 3.204882e+01  1.236571e-02 
 3.204922e+01  1.233656e-02 
 3.204961e+01  1.230758e-02 
 3.205001e+01  1.227881e-02 
 3.205041e+01  1.225030e-02 
 3.205081e+01  1.222208e-02 
 3.205121e+01  1.219416e-02 
 3.205160e+01  1.216636e-02 
 3.205200e+01  1.213855e-02 
 3.205240e+01  1.211041e-02 
 3.205280e+01  1.208176e-02 
 3.205319e+01  1.205239e-02 
 3.205359e+01  1.202214e-02 
 3.205399e+01  1.199082e-02 
 3.205439e+01  1.195830e-02 
 3.205478e+01  1.192455e-02 
 3.205518e+01  1.188958e-02 
 3.205558e+01  1.185355e-02 
 3.205598e+01  1.181664e-02 
 3.205638e+01  1.177912e-02 
 3.205677e+01  1.174135e-02 
 3.205717e+01  1.170371e-02 
 3.205757e+01  1.166658e-02 
 3.205797e+01  1.163040e-02 
 3.205836e+01  1.159559e-02 
 3.205876e+01  1.156248e-02 
 3.205916e+01  1.153138e-02 
 3.205956e+01  1.150241e-02 
 3.205995e+01  1.147577e-02 
 3.206035e+01  1.145156e-02 
 3.206075e+01  1.142964e-02 
 3.206115e+01  1.140989e-02 
 3.206155e+01  1.139210e-02 
 3.206194e+01  1.137599e-02 
 3.206234e+01  1.136124e-02 
 3.206274e+01  1.134747e-02 
 3.206314e+01  1.133428e-02 
 3.206353e+01  1.132130e-02 
 3.206393e+01  1.130823e-02 
 3.206433e+01  1.129473e-02 
 3.206473e+01  1.128066e-02 
 3.206512e+01  1.126588e-02 
 3.206552e+01  1.125035e-02 
 3.206592e+01  1.123404e-02 
 3.206632e+01  1.121710e-02 
 3.206672e+01  1.119968e-02 
 3.206711e+01  1.118190e-02 
 3.206751e+01  1.116387e-02 
 3.206791e+01  1.114573e-02 
 3.206831e+01  1.112756e-02 
 3.206870e+01  1.110922e-02 
 3.206910e+01  1.109060e-02 
 3.206950e+01  1.107157e-02 
 3.206990e+01  1.105190e-02 
 3.207029e+01  1.103140e-02 
 3.207069e+01  1.100991e-02 
 3.207109e+01  1.098730e-02 
 3.207149e+01  1.096346e-02 
 3.207189e+01  1.093837e-02 
 3.207228e+01  1.091206e-02 
 3.207268e+01  1.088464e-02 
 3.207308e+01  1.085634e-02 
 3.207348e+01  1.082749e-02 
 3.207387e+01  1.079846e-02 
 3.207427e+01  1.076959e-02 
 3.207467e+01  1.074132e-02 
 3.207507e+01  1.071394e-02 
 3.207546e+01  1.068767e-02 
 3.207586e+01  1.066278e-02 
 3.207626e+01  1.063930e-02 
 3.207666e+01  1.061726e-02 
 3.207706e+01  1.059663e-02 
 3.207745e+01  1.057738e-02 
 3.207785e+01  1.055937e-02 
 3.207825e+01  1.054241e-02 
 3.207865e+01  1.052639e-02 
 3.207904e+01  1.051106e-02 
 3.207944e+01  1.049613e-02 
 3.207984e+01  1.048142e-02 
 3.208024e+01  1.046680e-02 
 3.208063e+01  1.045220e-02 
 3.208103e+01  1.043752e-02 
 3.208143e+01  1.042271e-02 
 3.208183e+01  1.040788e-02 
 3.208223e+01  1.039314e-02 
 3.208262e+01  1.037863e-02 
 3.208302e+01  1.036447e-02 
 3.208342e+01  1.035085e-02 
 3.208382e+01  1.033787e-02 
 3.208421e+01  1.032565e-02 
 3.208461e+01  1.031422e-02 
 3.208501e+01  1.030356e-02 
 3.208541e+01  1.029361e-02 
 3.208580e+01  1.028426e-02 
 3.208620e+01  1.027543e-02 
 3.208660e+01  1.026696e-02 
 3.208700e+01  1.025865e-02 
 3.208740e+01  1.025027e-02 
 3.208779e+01  1.024165e-02 
 3.208819e+01  1.023255e-02 
 3.208859e+01  1.022287e-02 
 3.208899e+01  1.021250e-02 
 3.208938e+01  1.020134e-02 
 3.208978e+01  1.018941e-02 
 3.209018e+01  1.017680e-02 
 3.209058e+01  1.016359e-02 
 3.209097e+01  1.014989e-02 
 3.209137e+01  1.013581e-02 
 3.209177e+01  1.012151e-02 
 3.209217e+01  1.010723e-02 
 3.209257e+01  1.009325e-02 
 3.209296e+01  1.007981e-02 
 3.209336e+01  1.006708e-02 
 3.209376e+01  1.005524e-02 
 3.209416e+01  1.004437e-02 
 3.209455e+01  1.003454e-02 
 3.209495e+01  1.002579e-02 
 3.209535e+01  1.001814e-02 
 3.209575e+01  1.001169e-02 
 3.209614e+01  1.000641e-02 
 3.209654e+01  1.000243e-02 
 3.209694e+01  9.999723e-03 
 3.209734e+01  9.998259e-03 
 3.209774e+01  9.997993e-03 
 3.209813e+01  9.998865e-03 
 3.209853e+01  1.000077e-02 
 3.209893e+01  1.000368e-02 
 3.209933e+01  1.000775e-02 
 3.209972e+01  1.001310e-02 
 3.210012e+01  1.001986e-02 
 3.210052e+01  1.002830e-02 
 3.210092e+01  1.003863e-02 
 3.210131e+01  1.005103e-02 
 3.210171e+01  1.006559e-02 
 3.210211e+01  1.008245e-02 
 3.210251e+01  1.010155e-02 
 3.210291e+01  1.012279e-02 
 3.210330e+01  1.014596e-02 
 3.210370e+01  1.017077e-02 
 3.210410e+01  1.019694e-02 
 3.210450e+01  1.022396e-02 
 3.210489e+01  1.025150e-02 
 3.210529e+01  1.027908e-02 
 3.210569e+01  1.030633e-02 
 3.210609e+01  1.033296e-02 
 3.210649e+01  1.035868e-02 
 3.210688e+01  1.038329e-02 
 3.210728e+01  1.040669e-02 
 3.210768e+01  1.042877e-02 
 3.210808e+01  1.044952e-02 
 3.210847e+01  1.046905e-02 
 3.210887e+01  1.048747e-02 
 3.210927e+01  1.050489e-02 
 3.210967e+01  1.052153e-02 
 3.211006e+01  1.053758e-02 
 3.211046e+01  1.055328e-02 
 3.211086e+01  1.056887e-02 
 3.211126e+01  1.058464e-02 
 3.211166e+01  1.060084e-02 
 3.211205e+01  1.061759e-02 
 3.211245e+01  1.063500e-02 
 3.211285e+01  1.065315e-02 
 3.211325e+01  1.067200e-02 
 3.211364e+01  1.069150e-02 
 3.211404e+01  1.071169e-02 
 3.211444e+01  1.073255e-02 
 3.211484e+01  1.075396e-02 
 3.211523e+01  1.077592e-02 
 3.211563e+01  1.079836e-02 
 3.211603e+01  1.082107e-02 
 3.211643e+01  1.084390e-02 
 3.211683e+01  1.086663e-02 
 3.211722e+01  1.088908e-02 
 3.211762e+01  1.091121e-02 
 3.211802e+01  1.093296e-02 
 3.211842e+01  1.095432e-02 
 3.211881e+01  1.097525e-02 
 3.211921e+01  1.099573e-02 
 3.211961e+01  1.101575e-02 
 3.212001e+01  1.103521e-02 
 3.212040e+01  1.105397e-02 
 3.212080e+01  1.107191e-02 
 3.212120e+01  1.108888e-02 
 3.212160e+01  1.110477e-02 
 3.212200e+01  1.111943e-02 
 3.212239e+01  1.113270e-02 
 3.212279e+01  1.114438e-02 
 3.212319e+01  1.115423e-02 
 3.212359e+01  1.116199e-02 
 3.212398e+01  1.116755e-02 
 3.212438e+01  1.117073e-02 
 3.212478e+01  1.117140e-02 
 3.212518e+01  1.116969e-02 
 3.212557e+01  1.116560e-02 
 3.212597e+01  1.115948e-02 
 3.212637e+01  1.115157e-02 
 3.212677e+01  1.114214e-02 
 3.212717e+01  1.113148e-02 
 3.212756e+01  1.111988e-02 
 3.212796e+01  1.110763e-02 
 3.212836e+01  1.109504e-02 
 3.212876e+01  1.108241e-02 
 3.212915e+01  1.107003e-02 
 3.212955e+01  1.105808e-02 
 3.212995e+01  1.104667e-02 
 3.213035e+01  1.103586e-02 
 3.213074e+01  1.102550e-02 
 3.213114e+01  1.101545e-02 
 3.213154e+01  1.100547e-02 
 3.213194e+01  1.099532e-02 
 3.213234e+01  1.098477e-02 
 3.213273e+01  1.097367e-02 
 3.213313e+01  1.096175e-02 
 3.213353e+01  1.094893e-02 
 3.213393e+01  1.093522e-02 
 3.213432e+01  1.092061e-02 
 3.213472e+01  1.090521e-02 
 3.213512e+01  1.088918e-02 
 3.213552e+01  1.087270e-02 
 3.213591e+01  1.085598e-02 
 3.213631e+01  1.083924e-02 
 3.213671e+01  1.082249e-02 
 3.213711e+01  1.080581e-02 
 3.213751e+01  1.078921e-02 
 3.213790e+01  1.077264e-02 
 3.213830e+01  1.075594e-02 
 3.213870e+01  1.073897e-02 
 3.213910e+01  1.072149e-02 
 3.213949e+01  1.070340e-02 
 3.213989e+01  1.068440e-02 
 3.214029e+01  1.066433e-02 
 3.214069e+01  1.064295e-02 
 3.214108e+01  1.062011e-02 
 3.214148e+01  1.059576e-02 
 3.214188e+01  1.056982e-02 
 3.214228e+01  1.054231e-02 
 3.214268e+01  1.051341e-02 
 3.214307e+01  1.048333e-02 
 3.214347e+01  1.045235e-02 
 3.214387e+01  1.042076e-02 
 3.214427e+01  1.038889e-02 
 3.214466e+01  1.035707e-02 
 3.214506e+01  1.032554e-02 
 3.214546e+01  1.029444e-02 
 3.214586e+01  1.026402e-02 
 3.214625e+01  1.023428e-02 
 3.214665e+01  1.020524e-02 
 3.214705e+01  1.017695e-02 
 3.214745e+01  1.014937e-02 
 3.214785e+01  1.012239e-02 
 3.214824e+01  1.009582e-02 
 3.214864e+01  1.006943e-02 
 3.214904e+01  1.004300e-02 
 3.214944e+01  1.001629e-02 
 3.214983e+01  9.989092e-03 
 3.215023e+01  9.961418e-03 
 3.215063e+01  9.933224e-03 
 3.215103e+01  9.904658e-03 
 3.215142e+01  9.875778e-03 
 3.215182e+01  9.846768e-03 
 3.215222e+01  9.817890e-03 
 3.215262e+01  9.789371e-03 
 3.215302e+01  9.761541e-03 
 3.215341e+01  9.734648e-03 
 3.215381e+01  9.708935e-03 
 3.215421e+01  9.684678e-03 
 3.215461e+01  9.662129e-03 
 3.215500e+01  9.641342e-03 
 3.215540e+01  9.622351e-03 
 3.215580e+01  9.605002e-03 
 3.215620e+01  9.589040e-03 
 3.215659e+01  9.574151e-03 
 3.215699e+01  9.559997e-03 
 3.215739e+01  9.546238e-03 
 3.215779e+01  9.532545e-03 
 3.215819e+01  9.518636e-03 
 3.215858e+01  9.504173e-03 
 3.215898e+01  9.488900e-03 
 3.215938e+01  9.472645e-03 
 3.215978e+01  9.455270e-03 
 3.216017e+01  9.436724e-03 
 3.216057e+01  9.417070e-03 
 3.216097e+01  9.396499e-03 
 3.216137e+01  9.375359e-03 
 3.216176e+01  9.353921e-03 
 3.216216e+01  9.332414e-03 
 3.216256e+01  9.311129e-03 
 3.216296e+01  9.290244e-03 
 3.216336e+01  9.269880e-03 
 3.216375e+01  9.250064e-03 
 3.216415e+01  9.230779e-03 
 3.216455e+01  9.211915e-03 
 3.216495e+01  9.193329e-03 
 3.216534e+01  9.174940e-03 
 3.216574e+01  9.156618e-03 
 3.216614e+01  9.138177e-03 
 3.216654e+01  9.119513e-03 
 3.216693e+01  9.100564e-03 
 3.216733e+01  9.081297e-03 
 3.216773e+01  9.061792e-03 
 3.216813e+01  9.042197e-03 
 3.216853e+01  9.022614e-03 
 3.216892e+01  9.003126e-03 
 3.216932e+01  8.983950e-03 
 3.216972e+01  8.965262e-03 
 3.217012e+01  8.947168e-03 
 3.217051e+01  8.929802e-03 
 3.217091e+01  8.913250e-03 
 3.217131e+01  8.897418e-03 
 3.217171e+01  8.882239e-03 
 3.217210e+01  8.867738e-03 
 3.217250e+01  8.853766e-03 
 3.217290e+01  8.840185e-03 
 3.217330e+01  8.826700e-03 
 3.217370e+01  8.813119e-03 
 3.217409e+01  8.799256e-03 
 3.217449e+01  8.784910e-03 
 3.217489e+01  8.769851e-03 
 3.217529e+01  8.753876e-03 
 3.217568e+01  8.736891e-03 
 3.217608e+01  8.718778e-03 
 3.217648e+01  8.699654e-03 
 3.217688e+01  8.679546e-03 
 3.217727e+01  8.658445e-03 
 3.217767e+01  8.636560e-03 
 3.217807e+01  8.614003e-03 
 3.217847e+01  8.590900e-03 
 3.217887e+01  8.567490e-03 
 3.217926e+01  8.543942e-03 
 3.217966e+01  8.520494e-03 
 3.218006e+01  8.497322e-03 
 3.218046e+01  8.474549e-03 
 3.218085e+01  8.452369e-03 
 3.218125e+01  8.430879e-03 
 3.218165e+01  8.410186e-03 
 3.218205e+01  8.390296e-03 
 3.218244e+01  8.371145e-03 
 3.218284e+01  8.352699e-03 
 3.218324e+01  8.334882e-03 
 3.218364e+01  8.317663e-03 
 3.218404e+01  8.300983e-03 
 3.218443e+01  8.284788e-03 
 3.218483e+01  8.269102e-03 
 3.218523e+01  8.253923e-03 
 3.218563e+01  8.239250e-03 
 3.218602e+01  8.225111e-03 
 3.218642e+01  8.211606e-03 
 3.218682e+01  8.198864e-03 
 3.218722e+01  8.186964e-03 
 3.218761e+01  8.176059e-03 
 3.218801e+01  8.166295e-03 
 3.218841e+01  8.157747e-03 
 3.218881e+01  8.150476e-03 
 3.218921e+01  8.144587e-03 
 3.218960e+01  8.140110e-03 
 3.219000e+01  8.137001e-03 
 3.219040e+01  8.135224e-03 
 3.219080e+01  8.134680e-03 
 3.219119e+01  8.135163e-03 
 3.219159e+01  8.136436e-03 
 3.219199e+01  8.138168e-03 
 3.219239e+01  8.140129e-03 
 3.219278e+01  8.142095e-03 
 3.219318e+01  8.143890e-03 
 3.219358e+01  8.145368e-03 
 3.219398e+01  8.146560e-03 
 3.219438e+01  8.147644e-03 
 3.219477e+01  8.148754e-03 
 3.219517e+01  8.150027e-03 
 3.219557e+01  8.151595e-03 
 3.219597e+01  8.153544e-03 
 3.219636e+01  8.156052e-03 
 3.219676e+01  8.159201e-03 
 3.219716e+01  8.163062e-03 
 3.219756e+01  8.167741e-03 
 3.219796e+01  8.173257e-03 
 3.219835e+01  8.179786e-03 
 3.219875e+01  8.187408e-03 
 3.219915e+01  8.196024e-03 
 3.219955e+01  8.205570e-03 
 3.219994e+01  8.215855e-03 
 3.220034e+01  8.226586e-03 
 3.220074e+01  8.237519e-03 
 3.220114e+01  8.248365e-03 
 3.220153e+01  8.258892e-03 
 3.220193e+01  8.268906e-03 
 3.220233e+01  8.278303e-03 
 3.220273e+01  8.287027e-03 
 3.220313e+01  8.295055e-03 
 3.220352e+01  8.302468e-03 
 3.220392e+01  8.309323e-03 
 3.220432e+01  8.315765e-03 
 3.220472e+01  8.322053e-03 
 3.220511e+01  8.328473e-03 
 3.220551e+01  8.335289e-03 
 3.220591e+01  8.342770e-03 
 3.220631e+01  8.351143e-03 
 3.220670e+01  8.360583e-03 
 3.220710e+01  8.371304e-03 
 3.220750e+01  8.383380e-03 
 3.220790e+01  8.396867e-03 
 3.220830e+01  8.411809e-03 
 3.220869e+01  8.428133e-03 
 3.220909e+01  8.445675e-03 
 3.220949e+01  8.464300e-03 
 3.220989e+01  8.483684e-03 
 3.221028e+01  8.503498e-03 
 3.221068e+01  8.523453e-03 
 3.221108e+01  8.543259e-03 
 3.221148e+01  8.562694e-03 
 3.221187e+01  8.581604e-03 
 3.221227e+01  8.599862e-03 
 3.221267e+01  8.617476e-03 
 3.221307e+01  8.634495e-03 
 3.221347e+01  8.650912e-03 
 3.221386e+01  8.666765e-03 
 3.221426e+01  8.682159e-03 
 3.221466e+01  8.697072e-03 
 3.221506e+01  8.711516e-03 
 3.221545e+01  8.725481e-03 
 3.221585e+01  8.739023e-03 
 3.221625e+01  8.752150e-03 
 3.221665e+01  8.764922e-03 
 3.221704e+01  8.777239e-03 
 3.221744e+01  8.789033e-03 
 3.221784e+01  8.800079e-03 
 3.221824e+01  8.810238e-03 
 3.221864e+01  8.819340e-03 
 3.221903e+01  8.827125e-03 
 3.221943e+01  8.833532e-03 
 3.221983e+01  8.838503e-03 
 3.222023e+01  8.841987e-03 
 3.222062e+01  8.844160e-03 
 3.222102e+01  8.844894e-03 
 3.222142e+01  8.844240e-03 
 3.222182e+01  8.842460e-03 
 3.222221e+01  8.839816e-03 
 3.222261e+01  8.836610e-03 
 3.222301e+01  8.833187e-03 
 3.222341e+01  8.829923e-03 
 3.222381e+01  8.826974e-03 
 3.222420e+01  8.824523e-03 
 3.222460e+01  8.822647e-03 
 3.222500e+01  8.821225e-03 
 3.222540e+01  8.820158e-03 
 3.222579e+01  8.819323e-03 
 3.222619e+01  8.818454e-03 
 3.222659e+01  8.817230e-03 
 3.222699e+01  8.815378e-03 
 3.222738e+01  8.812648e-03 
 3.222778e+01  8.808592e-03 
 3.222818e+01  8.802915e-03 
 3.222858e+01  8.795324e-03 
 3.222898e+01  8.785686e-03 
 3.222937e+01  8.773915e-03 
 3.222977e+01  8.760160e-03 
 3.223017e+01  8.744671e-03 
 3.223057e+01  8.727718e-03 
 3.223096e+01  8.709681e-03 
 3.223136e+01  8.690901e-03 
 3.223176e+01  8.671712e-03 
 3.223216e+01  8.652291e-03 
 3.223255e+01  8.632813e-03 
 3.223295e+01  8.613363e-03 
 3.223335e+01  8.593915e-03 
 3.223375e+01  8.574425e-03 
 3.223415e+01  8.554765e-03 
 3.223454e+01  8.534861e-03 
 3.223494e+01  8.514513e-03 
 3.223534e+01  8.493572e-03 
 3.223574e+01  8.471893e-03 
 3.223613e+01  8.449443e-03 
 3.223653e+01  8.426191e-03 
 3.223693e+01  8.402174e-03 
 3.223733e+01  8.377549e-03 
 3.223772e+01  8.352479e-03 
 3.223812e+01  8.327240e-03 
 3.223852e+01  8.302050e-03 
 3.223892e+01  8.277147e-03 
 3.223932e+01  8.252705e-03 
 3.223971e+01  8.228827e-03 
 3.224011e+01  8.205680e-03 
 3.224051e+01  8.183360e-03 
 3.224091e+01  8.161920e-03 
 3.224130e+01  8.141427e-03 
 3.224170e+01  8.121814e-03 
 3.224210e+01  8.103044e-03 
 3.224250e+01  8.084913e-03 
 3.224289e+01  8.067001e-03 
 3.224329e+01  8.049003e-03 
 3.224369e+01  8.030530e-03 
 3.224409e+01  8.011290e-03 
 3.224449e+01  7.991023e-03 
 3.224488e+01  7.969547e-03 
 3.224528e+01  7.946773e-03 
 3.224568e+01  7.922674e-03 
 3.224608e+01  7.897209e-03 
 3.224647e+01  7.870315e-03 
 3.224687e+01  7.842129e-03 
 3.224727e+01  7.812763e-03 
 3.224767e+01  7.782457e-03 
 3.224806e+01  7.751430e-03 
 3.224846e+01  7.720019e-03 
 3.224886e+01  7.688617e-03 
 3.224926e+01  7.657496e-03 
 3.224966e+01  7.626913e-03 
 3.225005e+01  7.597089e-03 
 3.225045e+01  7.568086e-03 
 3.225085e+01  7.539953e-03 
 3.225125e+01  7.512698e-03 
 3.225164e+01  7.486231e-03 
 3.225204e+01  7.460437e-03 
 3.225244e+01  7.435199e-03 
 3.225284e+01  7.410183e-03 
 3.225323e+01  7.385211e-03 
 3.225363e+01  7.360077e-03 
 3.225403e+01  7.334577e-03 
 3.225443e+01  7.308548e-03 
 3.225483e+01  7.281920e-03 
 3.225522e+01  7.254756e-03 
 3.225562e+01  7.227083e-03 
 3.225602e+01  7.199070e-03 
 3.225642e+01  7.170918e-03 
 3.225681e+01  7.142816e-03 
 3.225721e+01  7.114985e-03 
 3.225761e+01  7.087708e-03 
 3.225801e+01  7.061261e-03 
 3.225840e+01  7.035879e-03 
 3.225880e+01  7.011672e-03 
 3.225920e+01  6.988698e-03 
 3.225960e+01  6.966981e-03 
 3.226000e+01  6.946423e-03 
 3.226039e+01  6.926742e-03 
 3.226079e+01  6.907737e-03 
 3.226119e+01  6.889193e-03 
 3.226159e+01  6.870949e-03 
 3.226198e+01  6.852833e-03 
 3.226238e+01  6.834644e-03 
 3.226278e+01  6.816277e-03 
 3.226318e+01  6.797709e-03 
 3.226357e+01  6.779008e-03 
 3.226397e+01  6.760225e-03 
 3.226437e+01  6.741495e-03 
 3.226477e+01  6.722911e-03 
 3.226517e+01  6.704537e-03 
 3.226556e+01  6.686531e-03 
 3.226596e+01  6.669005e-03 
 3.226636e+01  6.651949e-03 
 3.226676e+01  6.635348e-03 
 3.226715e+01  6.619267e-03 
 3.226755e+01  6.603619e-03 
 3.226795e+01  6.588208e-03 
 3.226835e+01  6.572817e-03 
 3.226874e+01  6.557198e-03 
 3.226914e+01  6.541142e-03 
 3.226954e+01  6.524530e-03 
 3.226994e+01  6.507307e-03 
 3.227034e+01  6.489436e-03 
 3.227073e+01  6.470940e-03 
 3.227113e+01  6.451855e-03 
 3.227153e+01  6.432067e-03 
 3.227193e+01  6.411618e-03 
 3.227232e+01  6.390445e-03 
 3.227272e+01  6.368388e-03 
 3.227312e+01  6.345629e-03 
 3.227352e+01  6.322346e-03 
 3.227391e+01  6.298873e-03 
 3.227431e+01  6.275495e-03 
 3.227471e+01  6.252532e-03 
 3.227511e+01  6.230260e-03 
 3.227551e+01  6.208894e-03 
 3.227590e+01  6.188599e-03 
 3.227630e+01  6.169494e-03 
 3.227670e+01  6.151643e-03 
 3.227710e+01  6.135159e-03 
 3.227749e+01  6.120083e-03 
 3.227789e+01  6.106400e-03 
 3.227829e+01  6.094072e-03 
 3.227869e+01  6.083000e-03 
 3.227908e+01  6.072964e-03 
 3.227948e+01  6.063838e-03 
 3.227988e+01  6.055392e-03 
 3.228028e+01  6.047445e-03 
 3.228068e+01  6.039825e-03 
 3.228107e+01  6.032381e-03 
 3.228147e+01  6.025037e-03 
 3.228187e+01  6.017828e-03 
 3.228227e+01  6.010707e-03 
 3.228266e+01  6.003676e-03 
 3.228306e+01  5.996872e-03 
 3.228346e+01  5.990426e-03 
 3.228386e+01  5.984346e-03 
 3.228425e+01  5.978779e-03 
 3.228465e+01  5.973786e-03 
 3.228505e+01  5.969430e-03 
 3.228545e+01  5.965718e-03 
 3.228585e+01  5.962675e-03 
 3.228624e+01  5.960219e-03 
 3.228664e+01  5.958218e-03 
 3.228704e+01  5.956544e-03 
 3.228744e+01  5.955029e-03 
 3.228783e+01  5.953565e-03 
 3.228823e+01  5.952113e-03 
 3.228863e+01  5.950602e-03 
 3.228903e+01  5.948972e-03 
 3.228943e+01  5.947304e-03 
 3.228982e+01  5.945622e-03 
 3.229022e+01  5.943981e-03 
 3.229062e+01  5.942582e-03 
 3.229102e+01  5.941683e-03 
 3.229141e+01  5.941590e-03 
 3.229181e+01  5.942746e-03 
 3.229221e+01  5.945568e-03 
 3.229261e+01  5.950391e-03 
 3.229300e+01  5.957479e-03 
 3.229340e+01  5.967018e-03 
 3.229380e+01  5.978988e-03 
 3.229420e+01  5.993279e-03 
 3.229460e+01  6.009653e-03 
 3.229499e+01  6.027802e-03 
 3.229539e+01  6.047467e-03 
 3.229579e+01  6.068327e-03 
 3.229619e+01  6.090140e-03 
 3.229658e+01  6.112533e-03 
 3.229698e+01  6.135131e-03 
 3.229738e+01  6.157612e-03 
 3.229778e+01  6.179593e-03 
 3.229817e+01  6.200867e-03 
 3.229857e+01  6.221221e-03 
 3.229897e+01  6.240639e-03 
 3.229937e+01  6.259176e-03 
 3.229977e+01  6.276954e-03 
 3.230016e+01  6.294224e-03 
 3.230056e+01  6.311170e-03 
 3.230096e+01  6.328063e-03 
 3.230136e+01  6.345088e-03 
 3.230175e+01  6.362433e-03 
 3.230215e+01  6.380301e-03 
 3.230255e+01  6.398748e-03 
 3.230295e+01  6.417855e-03 
 3.230334e+01  6.437557e-03 
 3.230374e+01  6.457694e-03 
 3.230414e+01  6.478010e-03 
 3.230454e+01  6.498235e-03 
 3.230494e+01  6.518209e-03 
 3.230533e+01  6.537601e-03 
 3.230573e+01  6.556237e-03 
 3.230613e+01  6.573939e-03 
 3.230653e+01  6.590569e-03 
 3.230692e+01  6.606080e-03 
 3.230732e+01  6.620499e-03 
 3.230772e+01  6.633800e-03 
 3.230812e+01  6.646031e-03 
 3.230851e+01  6.657279e-03 
 3.230891e+01  6.667675e-03 
 3.230931e+01  6.677533e-03 
 3.230971e+01  6.687141e-03 
 3.231011e+01  6.696767e-03 
 3.231050e+01  6.706670e-03 
 3.231090e+01  6.717168e-03 
 3.231130e+01  6.728434e-03 
 3.231170e+01  6.740395e-03 
 3.231209e+01  6.752934e-03 
 3.231249e+01  6.765909e-03 
 3.231289e+01  6.779038e-03 
 3.231329e+01  6.792148e-03 
 3.231368e+01  6.805054e-03 
 3.231408e+01  6.817535e-03 
 3.231448e+01  6.829441e-03 
 3.231488e+01  6.840661e-03 
 3.231528e+01  6.851088e-03 
 3.231567e+01  6.860675e-03 
 3.231607e+01  6.869308e-03 
 3.231647e+01  6.877037e-03 
 3.231687e+01  6.884068e-03 
 3.231726e+01  6.890701e-03 
 3.231766e+01  6.897272e-03 
 3.231806e+01  6.904116e-03 
 3.231846e+01  6.911537e-03 
 3.231885e+01  6.919647e-03 
 3.231925e+01  6.928530e-03 
 3.231965e+01  6.938208e-03 
 3.232005e+01  6.948543e-03 
 3.232045e+01  6.959327e-03 
 3.232084e+01  6.970445e-03 
 3.232124e+01  6.981577e-03 
 3.232164e+01  6.992406e-03 
 3.232204e+01  7.002484e-03 
 3.232243e+01  7.011319e-03 
 3.232283e+01  7.018547e-03 
 3.232323e+01  7.023670e-03 
 3.232363e+01  7.026450e-03 
 3.232402e+01  7.026667e-03 
 3.232442e+01  7.024356e-03 
 3.232482e+01  7.019714e-03 
 3.232522e+01  7.012971e-03 
 3.232562e+01  7.004430e-03 
 3.232601e+01  6.994362e-03 
 3.232641e+01  6.983038e-03 
 3.232681e+01  6.970721e-03 
 3.232721e+01  6.957729e-03 
 3.232760e+01  6.944317e-03 
 3.232800e+01  6.930642e-03 
 3.232840e+01  6.916950e-03 
 3.232880e+01  6.903386e-03 
 3.232919e+01  6.889927e-03 
 3.232959e+01  6.876467e-03 
 3.232999e+01  6.862994e-03 
 3.233039e+01  6.849335e-03 
 3.233079e+01  6.835407e-03 
 3.233118e+01  6.821092e-03 
 3.233158e+01  6.806339e-03 
 3.233198e+01  6.791066e-03 
 3.233238e+01  6.775256e-03 
 3.233277e+01  6.759068e-03 
 3.233317e+01  6.742649e-03 
 3.233357e+01  6.726214e-03 
 3.233397e+01  6.709925e-03 
 3.233436e+01  6.694039e-03 
 3.233476e+01  6.678793e-03 
 3.233516e+01  6.664276e-03 
 3.233556e+01  6.650554e-03 
 3.233596e+01  6.637605e-03 
 3.233635e+01  6.625343e-03 
 3.233675e+01  6.613581e-03 
 3.233715e+01  6.602081e-03 
 3.233755e+01  6.590623e-03 
 3.233794e+01  6.578855e-03 
 3.233834e+01  6.566475e-03 
 3.233874e+01  6.553151e-03 
 3.233914e+01  6.538661e-03 
 3.233953e+01  6.522757e-03 
 3.233993e+01  6.505218e-03 
 3.234033e+01  6.485836e-03 
 3.234073e+01  6.464461e-03 
 3.234113e+01  6.440902e-03 
 3.234152e+01  6.415152e-03 
 3.234192e+01  6.387339e-03 
 3.234232e+01  6.357732e-03 
 3.234272e+01  6.326636e-03 
 3.234311e+01  6.294466e-03 
 3.234351e+01  6.261691e-03 
 3.234391e+01  6.228736e-03 
 3.234431e+01  6.196031e-03 
 3.234470e+01  6.163961e-03 
 3.234510e+01  6.132719e-03 
 3.234550e+01  6.102463e-03 
 3.234590e+01  6.073272e-03 
 3.234630e+01  6.045183e-03 
 3.234669e+01  6.018268e-03 
 3.234709e+01  5.992360e-03 
 3.234749e+01  5.967290e-03 
 3.234789e+01  5.942841e-03 
 3.234828e+01  5.918781e-03 
 3.234868e+01  5.894927e-03 
 3.234908e+01  5.870998e-03 
 3.234948e+01  5.846783e-03 
 3.234987e+01  5.822042e-03 
 3.235027e+01  5.796635e-03 
 3.235067e+01  5.770568e-03 
 3.235107e+01  5.743816e-03 
 3.235147e+01  5.716443e-03 
 3.235186e+01  5.688543e-03 
 3.235226e+01  5.660327e-03 
 3.235266e+01  5.631903e-03 
 3.235306e+01  5.603488e-03 
 3.235345e+01  5.575203e-03 
 3.235385e+01  5.547048e-03 
 3.235425e+01  5.519117e-03 
 3.235465e+01  5.491379e-03 
 3.235504e+01  5.463665e-03 
 3.235544e+01  5.435852e-03 
 3.235584e+01  5.407626e-03 
 3.235624e+01  5.378826e-03 
 3.235664e+01  5.349230e-03 
 3.235703e+01  5.318734e-03 
 3.235743e+01  5.287216e-03 
 3.235783e+01  5.254547e-03 
 3.235823e+01  5.220716e-03 
 3.235862e+01  5.185792e-03 
 3.235902e+01  5.149825e-03 
 3.235942e+01  5.112939e-03 
 3.235982e+01  5.075303e-03 
 3.236021e+01  5.037088e-03 
 3.236061e+01  4.998492e-03 
 3.236101e+01  4.959823e-03 
 3.236141e+01  4.921340e-03 
 3.236181e+01  4.883307e-03 
 3.236220e+01  4.845844e-03 
 3.236260e+01  4.809038e-03 
 3.236300e+01  4.772962e-03 
 3.236340e+01  4.737566e-03 
 3.236379e+01  4.702801e-03 
 3.236419e+01  4.668597e-03 
 3.236459e+01  4.634806e-03 
 3.236499e+01  4.601326e-03 
 3.236538e+01  4.568085e-03 
 3.236578e+01  4.535006e-03 
 3.236618e+01  4.501981e-03 
 3.236658e+01  4.468895e-03 
 3.236698e+01  4.435680e-03 
 3.236737e+01  4.402294e-03 
 3.236777e+01  4.368712e-03 
 3.236817e+01  4.334993e-03 
 3.236857e+01  4.301299e-03 
 3.236896e+01  4.267861e-03 
 3.236936e+01  4.234906e-03 
 3.236976e+01  4.202645e-03 
 3.237016e+01  4.171310e-03 
 3.237055e+01  4.141160e-03 
 3.237095e+01  4.112410e-03 
 3.237135e+01  4.085258e-03 
 3.237175e+01  4.059991e-03 
 3.237215e+01  4.036840e-03 
 3.237254e+01  4.015897e-03 
 3.237294e+01  3.997236e-03 
 3.237334e+01  3.980924e-03 
 3.237374e+01  3.966596e-03 
 3.237413e+01  3.954111e-03 
 3.237453e+01  3.943189e-03 
 3.237493e+01  3.933544e-03 
 3.237533e+01  3.924803e-03 
 3.237572e+01  3.916708e-03 
 3.237612e+01  3.909136e-03 
 3.237652e+01  3.901911e-03 
 3.237692e+01  3.894967e-03 
 3.237732e+01  3.888186e-03 
 3.237771e+01  3.881505e-03 
 3.237811e+01  3.874839e-03 
 3.237851e+01  3.868336e-03 
 3.237891e+01  3.862089e-03 
 3.237930e+01  3.856228e-03 
 3.237970e+01  3.850877e-03 
 3.238010e+01  3.846065e-03 
 3.238050e+01  3.841850e-03 
 3.238090e+01  3.838183e-03 
 3.238129e+01  3.835009e-03 
 3.238169e+01  3.832278e-03 
 3.238209e+01  3.829769e-03 
 3.238249e+01  3.827303e-03 
 3.238288e+01  3.824739e-03 
 3.238328e+01  3.821986e-03 
 3.238368e+01  3.818879e-03 
 3.238408e+01  3.815407e-03 
 3.238447e+01  3.811476e-03 
 3.238487e+01  3.807132e-03 
 3.238527e+01  3.802582e-03 
 3.238567e+01  3.798114e-03 
 3.238607e+01  3.794133e-03 
 3.238646e+01  3.791056e-03 
 3.238686e+01  3.789346e-03 
 3.238726e+01  3.789456e-03 
 3.238766e+01  3.791797e-03 
 3.238805e+01  3.796665e-03 
 3.238845e+01  3.804235e-03 
 3.238885e+01  3.814535e-03 
 3.238925e+01  3.827525e-03 
 3.238964e+01  3.843143e-03 
 3.239004e+01  3.861181e-03 
 3.239044e+01  3.881431e-03 
 3.239084e+01  3.903583e-03 
 3.239124e+01  3.927084e-03 
 3.239163e+01  3.951390e-03 
 3.239203e+01  3.976029e-03 
 3.239243e+01  4.000470e-03 
 3.239283e+01  4.024300e-03 
 3.239322e+01  4.047102e-03 
 3.239362e+01  4.068676e-03 
 3.239402e+01  4.088986e-03 
 3.239442e+01  4.108117e-03 
 3.239481e+01  4.126156e-03 
 3.239521e+01  4.143254e-03 
 3.239561e+01  4.159625e-03 
 3.239601e+01  4.175384e-03 
 3.239641e+01  4.190739e-03 
 3.239680e+01  4.205935e-03 
 3.239720e+01  4.221097e-03 
 3.239760e+01  4.236376e-03 
 3.239800e+01  4.251977e-03 
 3.239839e+01  4.268032e-03 
 3.239879e+01  4.284477e-03 
 3.239919e+01  4.301165e-03 
 3.239959e+01  4.317878e-03 
 3.239998e+01  4.334425e-03 
 3.240038e+01  4.350556e-03 
 3.240078e+01  4.366103e-03 
 3.240118e+01  4.380877e-03 
 3.240158e+01  4.394705e-03 
 3.240197e+01  4.407524e-03 
 3.240237e+01  4.419390e-03 
 3.240277e+01  4.430399e-03 
 3.240317e+01  4.440723e-03 
 3.240356e+01  4.450617e-03 
 3.240396e+01  4.460440e-03 
 3.240436e+01  4.470521e-03 
 3.240476e+01  4.481265e-03 
 3.240515e+01  4.492956e-03 
 3.240555e+01  4.505825e-03 
 3.240595e+01  4.519927e-03 
 3.240635e+01  4.535250e-03 
 3.240675e+01  4.551765e-03 
 3.240714e+01  4.569277e-03 
 3.240754e+01  4.587618e-03 
 3.240794e+01  4.606591e-03 
 3.240834e+01  4.625864e-03 
 3.240873e+01  4.645145e-03 
 3.240913e+01  4.664035e-03 
 3.240953e+01  4.682241e-03 
 3.240993e+01  4.699497e-03 
 3.241032e+01  4.715524e-03 
 3.241072e+01  4.730285e-03 
 3.241112e+01  4.743703e-03 
 3.241152e+01  4.755845e-03 
 3.241192e+01  4.766903e-03 
 3.241231e+01  4.777170e-03 
 3.241271e+01  4.786921e-03 
 3.241311e+01  4.796531e-03 
 3.241351e+01  4.806212e-03 
 3.241390e+01  4.816210e-03 
 3.241430e+01  4.826798e-03 
 3.241470e+01  4.837992e-03 
 3.241510e+01  4.849840e-03 
 3.241549e+01  4.862347e-03 
 3.241589e+01  4.875396e-03 
 3.241629e+01  4.888918e-03 
 3.241669e+01  4.902723e-03 
 3.241709e+01  4.916595e-03 
 3.241748e+01  4.930217e-03 
 3.241788e+01  4.943337e-03 
 3.241828e+01  4.955647e-03 
 3.241868e+01  4.966909e-03 
 3.241907e+01  4.976896e-03 
 3.241947e+01  4.985458e-03 
 3.241987e+01  4.992636e-03 
 3.242027e+01  4.998582e-03 
 3.242066e+01  5.003470e-03 
 3.242106e+01  5.007552e-03 
 3.242146e+01  5.011092e-03 
 3.242186e+01  5.014417e-03 
 3.242226e+01  5.017850e-03 
 3.242265e+01  5.021617e-03 
 3.242305e+01  5.025878e-03 
 3.242345e+01  5.030749e-03 
 3.242385e+01  5.036281e-03 
 3.242424e+01  5.042458e-03 
 3.242464e+01  5.049256e-03 
 3.242504e+01  5.056509e-03 
 3.242544e+01  5.064025e-03 
 3.242583e+01  5.071620e-03 
 3.242623e+01  5.079122e-03 
 3.242663e+01  5.086406e-03 
 3.242703e+01  5.093286e-03 
 3.242743e+01  5.099757e-03 
 3.242782e+01  5.105798e-03 
 3.242822e+01  5.111380e-03 
 3.242862e+01  5.116597e-03 
 3.242902e+01  5.121622e-03 
 3.242941e+01  5.126564e-03 
 3.242981e+01  5.131562e-03 
 3.243021e+01  5.136745e-03 
 3.243061e+01  5.142220e-03 
 3.243100e+01  5.148066e-03 
 3.243140e+01  5.154222e-03 
 3.243180e+01  5.160610e-03 
 3.243220e+01  5.167114e-03 
 3.243260e+01  5.173375e-03 
 3.243299e+01  5.179155e-03 
 3.243339e+01  5.184161e-03 
 3.243379e+01  5.188040e-03 
 3.243419e+01  5.190491e-03 
 3.243458e+01  5.191329e-03 
 3.243498e+01  5.190236e-03 
 3.243538e+01  5.186978e-03 
 3.243578e+01  5.181413e-03 
 3.243617e+01  5.173528e-03 
 3.243657e+01  5.163380e-03 
 3.243697e+01  5.151028e-03 
 3.243737e+01  5.136603e-03 
 3.243777e+01  5.120430e-03 
 3.243816e+01  5.102760e-03 
 3.243856e+01  5.083925e-03 
 3.243896e+01  5.064247e-03 
 3.243936e+01  5.043970e-03 
 3.243975e+01  5.023345e-03 
 3.244015e+01  5.002588e-03 
 3.244055e+01  4.981976e-03 
 3.244095e+01  4.961791e-03 
 3.244134e+01  4.942139e-03 
 3.244174e+01  4.923236e-03 
 3.244214e+01  4.905197e-03 
 3.244254e+01  4.888042e-03 
 3.244294e+01  4.871622e-03 
 3.244333e+01  4.855632e-03 
 3.244373e+01  4.839794e-03 
 3.244413e+01  4.823834e-03 
 3.244453e+01  4.807514e-03 
 3.244492e+01  4.790478e-03 
 3.244532e+01  4.772412e-03 
 3.244572e+01  4.753211e-03 
 3.244612e+01  4.732711e-03 
 3.244651e+01  4.710965e-03 
 3.244691e+01  4.687973e-03 
 3.244731e+01  4.663860e-03 
 3.244771e+01  4.638647e-03 
 3.244811e+01  4.612546e-03 
 3.244850e+01  4.585799e-03 
 3.244890e+01  4.558518e-03 
 3.244930e+01  4.530816e-03 
 3.244970e+01  4.502824e-03 
 3.245009e+01  4.474528e-03 
 3.245049e+01  4.445896e-03 
 3.245089e+01  4.416854e-03 
 3.245129e+01  4.387192e-03 
 3.245168e+01  4.356746e-03 
 3.245208e+01  4.325322e-03 
 3.245248e+01  4.292647e-03 
 3.245288e+01  4.258479e-03 
 3.245328e+01  4.222661e-03 
 3.245367e+01  4.185104e-03 
 3.245407e+01  4.145799e-03 
 3.245447e+01  4.104964e-03 
 3.245487e+01  4.062768e-03 
 3.245526e+01  4.019562e-03 
 3.245566e+01  3.975763e-03 
 3.245606e+01  3.931845e-03 
 3.245646e+01  3.888239e-03 
 3.245685e+01  3.845385e-03 
 3.245725e+01  3.803491e-03 
 3.245765e+01  3.762809e-03 
 3.245805e+01  3.723430e-03 
 3.245845e+01  3.685451e-03 
 3.245884e+01  3.648863e-03 
 3.245924e+01  3.613665e-03 
 3.245964e+01  3.579792e-03 
 3.246004e+01  3.547189e-03 
 3.246043e+01  3.515726e-03 
 3.246083e+01  3.485078e-03 
 3.246123e+01  3.454878e-03 
 3.246163e+01  3.424752e-03 
 3.246202e+01  3.394394e-03 
 3.246242e+01  3.363538e-03 
 3.246282e+01  3.331948e-03 
 3.246322e+01  3.299616e-03 
 3.246362e+01  3.266529e-03 
 3.246401e+01  3.232788e-03 
 3.246441e+01  3.198646e-03 
 3.246481e+01  3.164346e-03 
 3.246521e+01  3.130065e-03 
 3.246560e+01  3.096110e-03 
 3.246600e+01  3.062773e-03 
 3.246640e+01  3.030346e-03 
 3.246680e+01  2.999091e-03 
 3.246719e+01  2.969071e-03 
 3.246759e+01  2.940397e-03 
 3.246799e+01  2.913347e-03 
 3.246839e+01  2.887774e-03 
 3.246879e+01  2.863565e-03 
 3.246918e+01  2.840554e-03 
 3.246958e+01  2.818646e-03 
 3.246998e+01  2.797573e-03 
 3.247038e+01  2.777049e-03 
 3.247077e+01  2.756981e-03 
 3.247117e+01  2.737175e-03 
 3.247157e+01  2.717537e-03 
 3.247197e+01  2.698126e-03 
 3.247237e+01  2.678935e-03 
 3.247276e+01  2.660021e-03 
 3.247316e+01  2.641664e-03 
 3.247356e+01  2.624132e-03 
 3.247396e+01  2.607779e-03 
 3.247435e+01  2.592855e-03 
 3.247475e+01  2.579524e-03 
 3.247515e+01  2.568041e-03 
 3.247555e+01  2.558482e-03 
 3.247594e+01  2.550858e-03 
 3.247634e+01  2.545112e-03 
 3.247674e+01  2.541087e-03 
 3.247714e+01  2.538533e-03 
 3.247754e+01  2.537172e-03 
 3.247793e+01  2.536757e-03 
 3.247833e+01  2.536962e-03 
 3.247873e+01  2.537433e-03 
 3.247913e+01  2.537908e-03 
 3.247952e+01  2.538113e-03 
 3.247992e+01  2.538041e-03 
 3.248032e+01  2.537738e-03 
 3.248072e+01  2.537348e-03 
 3.248111e+01  2.537042e-03 
 3.248151e+01  2.537083e-03 
 3.248191e+01  2.537894e-03 
 3.248231e+01  2.539841e-03 
 3.248271e+01  2.543233e-03 
 3.248310e+01  2.548258e-03 
 3.248350e+01  2.555073e-03 
 3.248390e+01  2.563779e-03 
 3.248430e+01  2.574350e-03 
 3.248469e+01  2.586661e-03 
 3.248509e+01  2.600390e-03 
 3.248549e+01  2.615201e-03 
 3.248589e+01  2.630651e-03 
 3.248628e+01  2.646312e-03 
 3.248668e+01  2.661657e-03 
 3.248708e+01  2.676207e-03 
 3.248748e+01  2.689582e-03 
 3.248788e+01  2.701452e-03 
 3.248827e+01  2.711706e-03 
 3.248867e+01  2.720202e-03 
 3.248907e+01  2.726853e-03 
 3.248947e+01  2.731738e-03 
 3.248986e+01  2.735078e-03 
 3.249026e+01  2.736975e-03 
 3.249066e+01  2.737719e-03 
 3.249106e+01  2.737604e-03 
 3.249145e+01  2.736960e-03 
 3.249185e+01  2.736121e-03 
 3.249225e+01  2.735484e-03 
 3.249265e+01  2.735256e-03 
 3.249305e+01  2.735700e-03 
 3.249344e+01  2.737023e-03 
 3.249384e+01  2.739247e-03 
 3.249424e+01  2.742316e-03 
 3.249464e+01  2.746089e-03 
 3.249503e+01  2.750398e-03 
 3.249543e+01  2.755062e-03 
 3.249583e+01  2.759940e-03 
 3.249623e+01  2.764838e-03 
 3.249662e+01  2.769595e-03 
 3.249702e+01  2.774122e-03 
 3.249742e+01  2.778412e-03 
 3.249782e+01  2.782595e-03 
 3.249822e+01  2.786856e-03 
 3.249861e+01  2.791406e-03 
 3.249901e+01  2.796418e-03 
 3.249941e+01  2.802144e-03 
 3.249981e+01  2.808827e-03 
 3.250020e+01  2.816749e-03 
 3.250060e+01  2.826040e-03 
 3.250100e+01  2.836728e-03 
 3.250140e+01  2.848818e-03 
 3.250179e+01  2.862232e-03 
 3.250219e+01  2.876845e-03 
 3.250259e+01  2.892393e-03 
 3.250299e+01  2.908429e-03 
 3.250339e+01  2.924553e-03 
 3.250378e+01  2.940227e-03 
 3.250418e+01  2.955140e-03 
 3.250458e+01  2.968848e-03 
 3.250498e+01  2.980971e-03 
 3.250537e+01  2.991261e-03 
 3.250577e+01  2.999647e-03 
 3.250617e+01  3.006137e-03 
 3.250657e+01  3.010815e-03 
 3.250696e+01  3.013991e-03 
 3.250736e+01  3.015850e-03 
 3.250776e+01  3.016677e-03 
 3.250816e+01  3.016857e-03 
 3.250856e+01  3.016727e-03 
 3.250895e+01  3.016530e-03 
 3.250935e+01  3.016530e-03 
 3.250975e+01  3.017007e-03 
 3.251015e+01  3.018234e-03 
 3.251054e+01  3.020426e-03 
 3.251094e+01  3.023663e-03 
 3.251134e+01  3.028011e-03 
 3.251174e+01  3.033506e-03 
 3.251213e+01  3.039899e-03 
 3.251253e+01  3.046894e-03 
 3.251293e+01  3.054341e-03 
 3.251333e+01  3.062035e-03 
 3.251373e+01  3.069736e-03 
 3.251412e+01  3.077364e-03 
 3.251452e+01  3.084858e-03 
 3.251492e+01  3.092184e-03 
 3.251532e+01  3.099409e-03 
 3.251571e+01  3.106572e-03 
 3.251611e+01  3.113747e-03 
 3.251651e+01  3.120972e-03 
 3.251691e+01  3.128362e-03 
 3.251730e+01  3.136130e-03 
 3.251770e+01  3.144376e-03 
 3.251810e+01  3.153153e-03 
 3.251850e+01  3.162449e-03 
 3.251890e+01  3.172215e-03 
 3.251929e+01  3.182472e-03 
 3.251969e+01  3.193101e-03 
 3.252009e+01  3.203933e-03 
 3.252049e+01  3.214815e-03 
 3.252088e+01  3.225394e-03 
 3.252128e+01  3.235470e-03 
 3.252168e+01  3.244831e-03 
 3.252208e+01  3.253314e-03 
 3.252247e+01  3.260758e-03 
 3.252287e+01  3.267027e-03 
 3.252327e+01  3.272128e-03 
 3.252367e+01  3.276114e-03 
 3.252407e+01  3.279161e-03 
 3.252446e+01  3.281471e-03 
 3.252486e+01  3.283210e-03 
 3.252526e+01  3.284529e-03 
 3.252566e+01  3.285721e-03 
 3.252605e+01  3.286926e-03 
 3.252645e+01  3.288364e-03 
 3.252685e+01  3.290105e-03 
 3.252725e+01  3.292250e-03 
 3.252764e+01  3.294954e-03 
 3.252804e+01  3.298252e-03 
 3.252844e+01  3.302189e-03 
 3.252884e+01  3.306693e-03 
 3.252924e+01  3.311712e-03 
 3.252963e+01  3.317003e-03 
 3.253003e+01  3.322291e-03 
 3.253043e+01  3.327434e-03 
 3.253083e+01  3.331942e-03 
 3.253122e+01  3.335586e-03 
 3.253162e+01  3.338238e-03 
 3.253202e+01  3.339768e-03 
 3.253242e+01  3.340141e-03 
 3.253281e+01  3.339424e-03 
 3.253321e+01  3.337813e-03 
 3.253361e+01  3.335537e-03 
 3.253401e+01  3.332708e-03 
 3.253441e+01  3.329505e-03 
 3.253480e+01  3.326097e-03 
 3.253520e+01  3.322766e-03 
 3.253560e+01  3.319665e-03 
 3.253600e+01  3.316876e-03 
 3.253639e+01  3.314455e-03 
 3.253679e+01  3.312366e-03 
 3.253719e+01  3.310464e-03 
 3.253759e+01  3.308482e-03 
 3.253798e+01  3.306227e-03 
 3.253838e+01  3.303224e-03 
 3.253878e+01  3.299075e-03 
 3.253918e+01  3.293473e-03 
 3.253958e+01  3.286060e-03 
 3.253997e+01  3.276487e-03 
 3.254037e+01  3.264422e-03 
 3.254077e+01  3.249613e-03 
 3.254117e+01  3.231914e-03 
 3.254156e+01  3.211350e-03 
 3.254196e+01  3.188092e-03 
 3.254236e+01  3.162275e-03 
 3.254276e+01  3.134087e-03 
 3.254315e+01  3.103860e-03 
 3.254355e+01  3.072016e-03 
 3.254395e+01  3.038937e-03 
 3.254435e+01  3.004950e-03 
 3.254475e+01  2.970229e-03 
 3.254514e+01  2.934954e-03 
 3.254554e+01  2.899312e-03 
 3.254594e+01  2.863405e-03 
 3.254634e+01  2.827264e-03 
 3.254673e+01  2.790818e-03 
 3.254713e+01  2.753935e-03 
 3.254753e+01  2.716496e-03 
 3.254793e+01  2.678365e-03 
 3.254832e+01  2.639394e-03 
 3.254872e+01  2.599526e-03 
 3.254912e+01  2.558744e-03 
 3.254952e+01  2.517018e-03 
 3.254992e+01  2.474531e-03 
 3.255031e+01  2.431531e-03 
 3.255071e+01  2.388306e-03 
 3.255111e+01  2.345252e-03 
 3.255151e+01  2.302688e-03 
 3.255190e+01  2.260923e-03 
 3.255230e+01  2.220354e-03 
 3.255270e+01  2.181219e-03 
 3.255310e+01  2.143755e-03 
 3.255349e+01  2.108123e-03 
 3.255389e+01  2.074416e-03 
 3.255429e+01  2.042518e-03 
 3.255469e+01  2.012267e-03 
 3.255509e+01  1.983415e-03 
 3.255548e+01  1.955631e-03 
 3.255588e+01  1.928439e-03 
 3.255628e+01  1.901304e-03 
 3.255668e+01  1.873833e-03 
 3.255707e+01  1.845688e-03 
 3.255747e+01  1.816542e-03 
 3.255787e+01  1.786160e-03 
 3.255827e+01  1.754368e-03 
 3.255866e+01  1.721065e-03 
 3.255906e+01  1.686276e-03 
 3.255946e+01  1.650186e-03 
 3.255986e+01  1.613051e-03 
 3.256026e+01  1.575213e-03 
 3.256065e+01  1.537043e-03 
 3.256105e+01  1.498992e-03 
 3.256145e+01  1.461568e-03 
 3.256185e+01  1.425059e-03 
 3.256224e+01  1.389783e-03 
 3.256264e+01  1.355853e-03 
 3.256304e+01  1.323465e-03 
 3.256344e+01  1.292582e-03 
 3.256384e+01  1.263194e-03 
 3.256423e+01  1.235059e-03 
 3.256463e+01  1.208157e-03 
 3.256503e+01  1.182101e-03 
 3.256543e+01  1.156827e-03 
 3.256582e+01  1.132130e-03 
 3.256622e+01  1.107861e-03 
 3.256662e+01  1.083865e-03 
 3.256702e+01  1.060102e-03 
 3.256741e+01  1.036768e-03 
 3.256781e+01  1.014094e-03 
 3.256821e+01  9.922997e-04 
 3.256861e+01  9.717165e-04 
 3.256901e+01  9.526059e-04 
 3.256940e+01  9.352134e-04 
 3.256980e+01  9.197259e-04 
 3.257020e+01  9.062987e-04 
 3.257060e+01  8.949938e-04 
 3.257099e+01  8.858368e-04 
 3.257139e+01  8.786226e-04 
 3.257179e+01  8.732624e-04 
 3.257219e+01  8.695656e-04 
 3.257258e+01  8.671462e-04 
 3.257298e+01  8.656152e-04 
 3.257338e+01  8.645209e-04 
 3.257378e+01  8.634386e-04 
 3.257418e+01  8.620219e-04 
 3.257457e+01  8.600099e-04 
 3.257497e+01  8.571306e-04 
 3.257537e+01  8.534067e-04 
 3.257577e+01  8.488943e-04 
 3.257616e+01  8.438056e-04 
 3.257656e+01  8.384003e-04 
 3.257696e+01  8.329903e-04 
 3.257736e+01  8.279970e-04 
 3.257775e+01  8.237025e-04 
 3.257815e+01  8.203873e-04 
 3.257855e+01  8.183581e-04 
 3.257895e+01  8.177624e-04 
 3.257935e+01  8.187688e-04 
 3.257974e+01  8.213410e-04 
 3.258014e+01  8.253541e-04 
 3.258054e+01  8.305885e-04 
 3.258094e+01  8.367155e-04 
 3.258133e+01  8.433846e-04 
 3.258173e+01  8.503321e-04 
 3.258213e+01  8.571617e-04 
 3.258253e+01  8.635204e-04 
 3.258292e+01  8.691831e-04 
 3.258332e+01  8.740609e-04 
 3.258372e+01  8.781375e-04 
 3.258412e+01  8.814065e-04 
 3.258452e+01  8.838835e-04 
 3.258491e+01  8.857182e-04 
 3.258531e+01  8.871882e-04 
 3.258571e+01  8.885993e-04 
 3.258611e+01  8.902455e-04 
 3.258650e+01  8.924326e-04 
 3.258690e+01  8.954642e-04 
 3.258730e+01  8.995432e-04 
 3.258770e+01  9.049505e-04 
 3.258809e+01  9.118082e-04 
 3.258849e+01  9.200138e-04 
 3.258889e+01  9.294748e-04 
 3.258929e+01  9.400928e-04 
 3.258969e+01  9.517113e-04 
 3.259008e+01  9.641053e-04 
 3.259048e+01  9.769478e-04 
 3.259088e+01  9.899682e-04 
 3.259128e+01  1.002846e-03 
 3.259167e+01  1.015269e-03 
 3.259207e+01  1.026984e-03 
 3.259247e+01  1.037831e-03 
 3.259287e+01  1.047759e-03 
 3.259326e+01  1.056683e-03 
 3.259366e+01  1.064744e-03 
 3.259406e+01  1.072101e-03 
 3.259446e+01  1.078934e-03 
 3.259486e+01  1.085456e-03 
 3.259525e+01  1.091846e-03 
 3.259565e+01  1.098222e-03 
 3.259605e+01  1.104697e-03 
 3.259645e+01  1.111311e-03 
 3.259684e+01  1.118028e-03 
 3.259724e+01  1.124807e-03 
 3.259764e+01  1.131429e-03 
 3.259804e+01  1.137769e-03 
 3.259843e+01  1.143613e-03 
 3.259883e+01  1.148746e-03 
 3.259923e+01  1.152997e-03 
 3.259963e+01  1.156122e-03 
 3.260003e+01  1.157915e-03 
 3.260042e+01  1.158332e-03 
 3.260082e+01  1.157357e-03 
 3.260122e+01  1.155016e-03 
 3.260162e+01  1.151514e-03 
 3.260201e+01  1.146991e-03 
 3.260241e+01  1.141708e-03 
 3.260281e+01  1.136052e-03 
 3.260321e+01  1.130350e-03 
 3.260360e+01  1.125019e-03 
 3.260400e+01  1.120429e-03 
 3.260440e+01  1.116990e-03 
 3.260480e+01  1.115116e-03 
 3.260520e+01  1.115169e-03 
 3.260559e+01  1.117410e-03 
 3.260599e+01  1.121868e-03 
 3.260639e+01  1.128476e-03 
 3.260679e+01  1.137108e-03 
 3.260718e+01  1.147544e-03 
 3.260758e+01  1.159497e-03 
 3.260798e+01  1.172698e-03 
 3.260838e+01  1.186813e-03 
 3.260877e+01  1.201502e-03 
 3.260917e+01  1.216493e-03 
 3.260957e+01  1.231450e-03 
 3.260997e+01  1.246149e-03 
 3.261037e+01  1.260328e-03 
 3.261076e+01  1.273836e-03 
 3.261116e+01  1.286672e-03 
 3.261156e+01  1.298903e-03 
 3.261196e+01  1.310561e-03 
 3.261235e+01  1.321703e-03 
 3.261275e+01  1.332420e-03 
 3.261315e+01  1.342732e-03 
 3.261355e+01  1.352626e-03 
 3.261394e+01  1.362151e-03 
 3.261434e+01  1.371406e-03 
 3.261474e+01  1.380376e-03 
 3.261514e+01  1.389030e-03 
 3.261554e+01  1.397389e-03 
 3.261593e+01  1.405470e-03 
 3.261633e+01  1.413164e-03 
 3.261673e+01  1.420369e-03 
 3.261713e+01  1.426922e-03 
 3.261752e+01  1.432637e-03 
 3.261792e+01  1.437470e-03 
 3.261832e+01  1.441383e-03 
 3.261872e+01  1.444375e-03 
 3.261911e+01  1.446726e-03 
 3.261951e+01  1.448605e-03 
 3.261991e+01  1.450140e-03 
 3.262031e+01  1.451610e-03 
 3.262071e+01  1.453290e-03 
 3.262110e+01  1.455411e-03 
 3.262150e+01  1.458230e-03 
 3.262190e+01  1.461934e-03 
 3.262230e+01  1.466779e-03 
 3.262269e+01  1.472915e-03 
 3.262309e+01  1.480387e-03 
 3.262349e+01  1.489211e-03 
 3.262389e+01  1.499179e-03 
 3.262428e+01  1.509962e-03 
 3.262468e+01  1.521220e-03 
 3.262508e+01  1.532621e-03 
 3.262548e+01  1.543845e-03 
 3.262588e+01  1.554471e-03 
 3.262627e+01  1.564086e-03 
 3.262667e+01  1.572390e-03 
 3.262707e+01  1.579112e-03 
 3.262747e+01  1.584176e-03 
 3.262786e+01  1.587508e-03 
 3.262826e+01  1.588985e-03 
 3.262866e+01  1.588670e-03 
 3.262906e+01  1.586674e-03 
 3.262945e+01  1.583235e-03 
 3.262985e+01  1.578618e-03 
 3.263025e+01  1.573074e-03 
 3.263065e+01  1.566933e-03 
 3.263105e+01  1.560455e-03 
 3.263144e+01  1.553850e-03 
 3.263184e+01  1.547312e-03 
 3.263224e+01  1.540827e-03 
 3.263264e+01  1.534192e-03 
 3.263303e+01  1.527350e-03 
 3.263343e+01  1.520140e-03 
 3.263383e+01  1.512300e-03 
 3.263423e+01  1.503615e-03 
 3.263462e+01  1.493758e-03 
 3.263502e+01  1.482429e-03 
 3.263542e+01  1.469428e-03 
 3.263582e+01  1.454605e-03 
 3.263622e+01  1.437897e-03 
 3.263661e+01  1.419268e-03 
 3.263701e+01  1.398827e-03 
 3.263741e+01  1.376816e-03 
 3.263781e+01  1.353568e-03 
 3.263820e+01  1.329374e-03 
 3.263860e+01  1.304529e-03 
 3.263900e+01  1.279269e-03 
 3.263940e+01  1.253802e-03 
 3.263979e+01  1.228354e-03 
 3.264019e+01  1.203041e-03 
 3.264059e+01  1.177919e-03 
 3.264099e+01  1.153007e-03 
 3.264139e+01  1.128250e-03 
 3.264178e+01  1.103341e-03 
 3.264218e+01  1.078006e-03 
 3.264258e+01  1.051839e-03 
 3.264298e+01  1.024444e-03 
 3.264337e+01  9.954178e-04 
 3.264377e+01  9.644817e-04 
 3.264417e+01  9.314919e-04 
 3.264457e+01  8.963807e-04 
 3.264496e+01  8.591952e-04 
 3.264536e+01  8.202086e-04 
 3.264576e+01  7.797371e-04 
 3.264616e+01  7.379735e-04 
 3.264656e+01  6.951320e-04 
 3.264695e+01  6.516752e-04 
 3.264735e+01  6.080169e-04 
 3.264775e+01  5.645465e-04 
 3.264815e+01  5.215782e-04 
 3.264854e+01  4.792508e-04 
 3.264894e+01  4.377727e-04 
 3.264934e+01  3.972111e-04 
 3.264974e+01  3.575231e-04 
 3.265013e+01  3.185170e-04 
 3.265053e+01  2.800016e-04 
 3.265093e+01  2.415659e-04 
 3.265133e+01  2.029415e-04 
 3.265173e+01  1.639212e-04 
 3.265212e+01  1.241605e-04 
 3.265252e+01  8.337460e-05 
 3.265292e+01  4.136731e-05 
 3.265332e+01 -1.967051e-06 
 3.265371e+01 -4.655141e-05 
 3.265411e+01 -9.231815e-05 
 3.265451e+01 -1.390398e-04 
 3.265491e+01 -1.862927e-04 
 3.265531e+01 -2.338605e-04 
 3.265570e+01 -2.812439e-04 
 3.265610e+01 -3.280697e-04 
 3.265650e+01 -3.741061e-04 
 3.265690e+01 -4.190562e-04 
 3.265729e+01 -4.627208e-04 
 3.265769e+01 -5.049386e-04 
 3.265809e+01 -5.455477e-04 
 3.265849e+01 -5.845448e-04 
 3.265888e+01 -6.219622e-04 
 3.265928e+01 -6.578787e-04 
 3.265968e+01 -6.924355e-04 
 3.266008e+01 -7.258577e-04 
 3.266048e+01 -7.584657e-04 
 3.266087e+01 -7.906122e-04 
 3.266127e+01 -8.225396e-04 
 3.266167e+01 -8.544702e-04 
 3.266207e+01 -8.864816e-04 
 3.266246e+01 -9.185806e-04 
 3.266286e+01 -9.504954e-04 
 3.266326e+01 -9.821187e-04 
 3.266366e+01 -1.013312e-03 
 3.266405e+01 -1.043848e-03 
 3.266445e+01 -1.073553e-03 
 3.266485e+01 -1.102270e-03 
 3.266525e+01 -1.129902e-03 
 3.266565e+01 -1.156332e-03 
 3.266604e+01 -1.181546e-03 
 3.266644e+01 -1.205546e-03 
 3.266684e+01 -1.228395e-03 
 3.266724e+01 -1.250142e-03 
 3.266763e+01 -1.271047e-03 
 3.266803e+01 -1.291440e-03 
 3.266843e+01 -1.311675e-03 
 3.266883e+01 -1.332045e-03 
 3.266922e+01 -1.352766e-03 
 3.266962e+01 -1.373990e-03 
 3.267002e+01 -1.395856e-03 
 3.267042e+01 -1.418303e-03 
 3.267082e+01 -1.441263e-03 
 3.267121e+01 -1.464504e-03 
 3.267161e+01 -1.487866e-03 
 3.267201e+01 -1.511039e-03 
 3.267241e+01 -1.533778e-03 
 3.267280e+01 -1.555784e-03 
 3.267320e+01 -1.576593e-03 
 3.267360e+01 -1.595791e-03 
 3.267400e+01 -1.613171e-03 
 3.267439e+01 -1.628689e-03 
 3.267479e+01 -1.642244e-03 
 3.267519e+01 -1.653933e-03 
 3.267559e+01 -1.663887e-03 
 3.267599e+01 -1.672361e-03 
 3.267638e+01 -1.679615e-03 
 3.267678e+01 -1.685808e-03 
 3.267718e+01 -1.691222e-03 
 3.267758e+01 -1.696070e-03 
 3.267797e+01 -1.700700e-03 
 3.267837e+01 -1.705371e-03 
 3.267877e+01 -1.710316e-03 
 3.267917e+01 -1.715616e-03 
 3.267956e+01 -1.721340e-03 
 3.267996e+01 -1.727450e-03 
 3.268036e+01 -1.733844e-03 
 3.268076e+01 -1.740501e-03 
 3.268116e+01 -1.747258e-03 
 3.268155e+01 -1.753882e-03 
 3.268195e+01 -1.760239e-03 
 3.268235e+01 -1.766178e-03 
 3.268275e+01 -1.771551e-03 
 3.268314e+01 -1.776209e-03 
 3.268354e+01 -1.780078e-03 
 3.268394e+01 -1.783125e-03 
 3.268434e+01 -1.785367e-03 
 3.268473e+01 -1.786770e-03 
 3.268513e+01 -1.787409e-03 
 3.268553e+01 -1.787339e-03 
 3.268593e+01 -1.786773e-03 
 3.268633e+01 -1.785848e-03 
 3.268672e+01 -1.784756e-03 
 3.268712e+01 -1.783675e-03 
 3.268752e+01 -1.782810e-03 
 3.268792e+01 -1.782235e-03 
 3.268831e+01 -1.781995e-03 
 3.268871e+01 -1.782163e-03 
 3.268911e+01 -1.782471e-03 
 3.268951e+01 -1.782739e-03 
 3.268990e+01 -1.782917e-03 
 3.269030e+01 -1.782861e-03 
 3.269070e+01 -1.782397e-03 
 3.269110e+01 -1.781159e-03 
 3.269150e+01 -1.778831e-03 
 3.269189e+01 -1.775212e-03 
 3.269229e+01 -1.770196e-03 
 3.269269e+01 -1.763790e-03 
 3.269309e+01 -1.756159e-03 
 3.269348e+01 -1.747531e-03 
 3.269388e+01 -1.738289e-03 
 3.269428e+01 -1.728891e-03 
 3.269468e+01 -1.719776e-03 
 3.269507e+01 -1.711257e-03 
 3.269547e+01 -1.703479e-03 
 3.269587e+01 -1.696713e-03 
 3.269627e+01 -1.691221e-03 
 3.269667e+01 -1.687154e-03 
 3.269706e+01 -1.684535e-03 
 3.269746e+01 -1.683306e-03 
 3.269786e+01 -1.683319e-03 
 3.269826e+01 -1.684229e-03 
 3.269865e+01 -1.685642e-03 
 3.269905e+01 -1.687146e-03 
 3.269945e+01 -1.688320e-03 
 3.269985e+01 -1.688793e-03 
 3.270024e+01 -1.688315e-03 
 3.270064e+01 -1.686772e-03 
 3.270104e+01 -1.684007e-03 
 3.270144e+01 -1.680038e-03 
 3.270184e+01 -1.674807e-03 
 3.270223e+01 -1.668426e-03 
 3.270263e+01 -1.661097e-03 
 3.270303e+01 -1.652955e-03 
 3.270343e+01 -1.644242e-03 
 3.270382e+01 -1.635281e-03 
 3.270422e+01 -1.626353e-03 
 3.270462e+01 -1.617738e-03 
 3.270502e+01 -1.609620e-03 
 3.270541e+01 -1.602013e-03 
 3.270581e+01 -1.594984e-03 
 3.270621e+01 -1.588548e-03 
 3.270661e+01 -1.582707e-03 
 3.270701e+01 -1.577458e-03 
 3.270740e+01 -1.572777e-03 
 3.270780e+01 -1.568569e-03 
 3.270820e+01 -1.564627e-03 
 3.270860e+01 -1.560827e-03 
 3.270899e+01 -1.556823e-03 
 3.270939e+01 -1.552446e-03 
 3.270979e+01 -1.547504e-03 
 3.271019e+01 -1.541898e-03 
 3.271058e+01 -1.535594e-03 
 3.271098e+01 -1.528530e-03 
 3.271138e+01 -1.520775e-03 
 3.271178e+01 -1.512534e-03 
 3.271218e+01 -1.504068e-03 
 3.271257e+01 -1.495596e-03 
 3.271297e+01 -1.487292e-03 
 3.271337e+01 -1.479292e-03 
 3.271377e+01 -1.471806e-03 
 3.271416e+01 -1.464870e-03 
 3.271456e+01 -1.458483e-03 
 3.271496e+01 -1.452649e-03 
 3.271536e+01 -1.447274e-03 
 3.271575e+01 -1.442246e-03 
 3.271615e+01 -1.437492e-03 
 3.271655e+01 -1.432798e-03 
 3.271695e+01 -1.427850e-03 
 3.271735e+01 -1.422202e-03 
 3.271774e+01 -1.415510e-03 
 3.271814e+01 -1.407540e-03 
 3.271854e+01 -1.398231e-03 
 3.271894e+01 -1.387609e-03 
 3.271933e+01 -1.375888e-03 
 3.271973e+01 -1.363424e-03 
 3.272013e+01 -1.350668e-03 
 3.272053e+01 -1.337946e-03 
 3.272092e+01 -1.325651e-03 
 3.272132e+01 -1.314167e-03 
 3.272172e+01 -1.303749e-03 
 3.272212e+01 -1.294719e-03 
 3.272252e+01 -1.287368e-03 
 3.272291e+01 -1.281710e-03 
 3.272331e+01 -1.277872e-03 
 3.272371e+01 -1.275671e-03 
 3.272411e+01 -1.274841e-03 
 3.272450e+01 -1.275015e-03 
 3.272490e+01 -1.275785e-03 
 3.272530e+01 -1.276828e-03 
 3.272570e+01 -1.277906e-03 
 3.272609e+01 -1.278854e-03 
 3.272649e+01 -1.279357e-03 
 3.272689e+01 -1.279327e-03 
 3.272729e+01 -1.278609e-03 
 3.272769e+01 -1.277272e-03 
 3.272808e+01 -1.275481e-03 
 3.272848e+01 -1.273334e-03 
 3.272888e+01 -1.271105e-03 
 3.272928e+01 -1.269236e-03 
 3.272967e+01 -1.268061e-03 
 3.273007e+01 -1.267871e-03 
 3.273047e+01 -1.269042e-03 
 3.273087e+01 -1.271667e-03 
 3.273126e+01 -1.275805e-03 
 3.273166e+01 -1.281542e-03 
 3.273206e+01 -1.288819e-03 
 3.273246e+01 -1.297535e-03 
 3.273286e+01 -1.307460e-03 
 3.273325e+01 -1.318386e-03 
 3.273365e+01 -1.330026e-03 
 3.273405e+01 -1.342198e-03 
 3.273445e+01 -1.354614e-03 
 3.273484e+01 -1.367089e-03 
 3.273524e+01 -1.379490e-03 
 3.273564e+01 -1.391883e-03 
 3.273604e+01 -1.404422e-03 
 3.273643e+01 -1.417267e-03 
 3.273683e+01 -1.430674e-03 
 3.273723e+01 -1.444826e-03 
 3.273763e+01 -1.459905e-03 
 3.273803e+01 -1.476208e-03 
 3.273842e+01 -1.494022e-03 
 3.273882e+01 -1.513584e-03 
 3.273922e+01 -1.534933e-03 
 3.273962e+01 -1.558079e-03 
 3.274001e+01 -1.583111e-03 
 3.274041e+01 -1.609894e-03 
 3.274081e+01 -1.638251e-03 
 3.274121e+01 -1.667985e-03 
 3.274160e+01 -1.698762e-03 
 3.274200e+01 -1.730208e-03 
 3.274240e+01 -1.761842e-03 
 3.274280e+01 -1.793291e-03 
 3.274320e+01 -1.824162e-03 
 3.274359e+01 -1.854161e-03 
 3.274399e+01 -1.883182e-03 
 3.274439e+01 -1.911190e-03 
 3.274479e+01 -1.938228e-03 
 3.274518e+01 -1.964441e-03 
 3.274558e+01 -1.990089e-03 
 3.274598e+01 -2.015337e-03 
 3.274638e+01 -2.040602e-03 
 3.274678e+01 -2.066289e-03 
 3.274717e+01 -2.092798e-03 
 3.274757e+01 -2.120600e-03 
 3.274797e+01 -2.150091e-03 
 3.274837e+01 -2.181553e-03 
 3.274876e+01 -2.215050e-03 
 3.274916e+01 -2.250659e-03 
 3.274956e+01 -2.288213e-03 
 3.274996e+01 -2.327497e-03 
 3.275035e+01 -2.368270e-03 
 3.275075e+01 -2.410178e-03 
 3.275115e+01 -2.453018e-03 
 3.275155e+01 -2.496492e-03 
 3.275195e+01 -2.540257e-03 
 3.275234e+01 -2.583964e-03 
 3.275274e+01 -2.627263e-03 
 3.275314e+01 -2.669886e-03 
 3.275354e+01 -2.711691e-03 
 3.275393e+01 -2.752680e-03 
 3.275433e+01 -2.792903e-03 
 3.275473e+01 -2.832433e-03 
 3.275513e+01 -2.871472e-03 
 3.275552e+01 -2.910164e-03 
 3.275592e+01 -2.948630e-03 
 3.275632e+01 -2.986972e-03 
 3.275672e+01 -3.025138e-03 
 3.275712e+01 -3.063144e-03 
 3.275751e+01 -3.101020e-03 
 3.275791e+01 -3.138735e-03 
 3.275831e+01 -3.176233e-03 
 3.275871e+01 -3.213369e-03 
 3.275910e+01 -3.249968e-03 
 3.275950e+01 -3.285759e-03 
 3.275990e+01 -3.320611e-03 
 3.276030e+01 -3.354364e-03 
 3.276069e+01 -3.386795e-03 
 3.276109e+01 -3.417751e-03 
 3.276149e+01 -3.447169e-03 
 3.276189e+01 -3.475069e-03 
 3.276229e+01 -3.501613e-03 
 3.276268e+01 -3.527031e-03 
 3.276308e+01 -3.551659e-03 
 3.276348e+01 -3.575803e-03 
 3.276388e+01 -3.599694e-03 
 3.276427e+01 -3.623631e-03 
 3.276467e+01 -3.647758e-03 
 3.276507e+01 -3.672261e-03 
 3.276547e+01 -3.697323e-03 
 3.276586e+01 -3.722958e-03 
 3.276626e+01 -3.749236e-03 
 3.276666e+01 -3.776199e-03 
 3.276706e+01 -3.803799e-03 
 3.276746e+01 -3.831860e-03 
 3.276785e+01 -3.860121e-03 
 3.276825e+01 -3.888237e-03 
 3.276865e+01 -3.915804e-03 
 3.276905e+01 -3.942549e-03 
 3.276944e+01 -3.968237e-03 
 3.276984e+01 -3.992693e-03 
 3.277024e+01 -4.015748e-03 
 3.277064e+01 -4.037379e-03 
 3.277103e+01 -4.057491e-03 
 3.277143e+01 -4.076160e-03 
 3.277183e+01 -4.093451e-03 
 3.277223e+01 -4.109472e-03 
 3.277263e+01 -4.124440e-03 
 3.277302e+01 -4.138474e-03 
 3.277342e+01 -4.151895e-03 
 3.277382e+01 -4.164879e-03 
 3.277422e+01 -4.177642e-03 
 3.277461e+01 -4.190241e-03 
 3.277501e+01 -4.202667e-03 
 3.277541e+01 -4.214971e-03 
 3.277581e+01 -4.227120e-03 
 3.277620e+01 -4.239107e-03 
 3.277660e+01 -4.250845e-03 
 3.277700e+01 -4.262233e-03 
 3.277740e+01 -4.273279e-03 
 3.277780e+01 -4.283806e-03 
 3.277819e+01 -4.293605e-03 
 3.277859e+01 -4.302452e-03 
 3.277899e+01 -4.310111e-03 
 3.277939e+01 -4.316496e-03 
 3.277978e+01 -4.321661e-03 
 3.278018e+01 -4.325761e-03 
 3.278058e+01 -4.328981e-03 
 3.278098e+01 -4.331440e-03 
 3.278137e+01 -4.333407e-03 
 3.278177e+01 -4.335176e-03 
 3.278217e+01 -4.337067e-03 
 3.278257e+01 -4.339289e-03 
 3.278297e+01 -4.342087e-03 
 3.278336e+01 -4.345635e-03 
 3.278376e+01 -4.350015e-03 
 3.278416e+01 -4.355263e-03 
 3.278456e+01 -4.361184e-03 
 3.278495e+01 -4.367579e-03 
 3.278535e+01 -4.374127e-03 
 3.278575e+01 -4.380475e-03 
 3.278615e+01 -4.386280e-03 
 3.278654e+01 -4.391285e-03 
 3.278694e+01 -4.395221e-03 
 3.278734e+01 -4.397882e-03 
 3.278774e+01 -4.399172e-03 
 3.278814e+01 -4.399216e-03 
 3.278853e+01 -4.398049e-03 
 3.278893e+01 -4.395860e-03 
 3.278933e+01 -4.392993e-03 
 3.278973e+01 -4.389611e-03 
 3.279012e+01 -4.386047e-03 
 3.279052e+01 -4.382658e-03 
 3.279092e+01 -4.379750e-03 
 3.279132e+01 -4.377756e-03 
 3.279171e+01 -4.376928e-03 
 3.279211e+01 -4.377324e-03 
 3.279251e+01 -4.378938e-03 
 3.279291e+01 -4.381549e-03 
 3.279331e+01 -4.384962e-03 
 3.279370e+01 -4.388848e-03 
 3.279410e+01 -4.392853e-03 
 3.279450e+01 -4.396610e-03 
 3.279490e+01 -4.399803e-03 
 3.279529e+01 -4.402206e-03 
 3.279569e+01 -4.403537e-03 
 3.279609e+01 -4.403566e-03 
 3.279649e+01 -4.402026e-03 
 3.279688e+01 -4.398755e-03 
 3.279728e+01 -4.393758e-03 
 3.279768e+01 -4.387252e-03 
 3.279808e+01 -4.379663e-03 
 3.279848e+01 -4.371215e-03 
 3.279887e+01 -4.362333e-03 
 3.279927e+01 -4.353462e-03 
 3.279967e+01 -4.344976e-03 
 3.280007e+01 -4.337186e-03 
 3.280046e+01 -4.330333e-03 
 3.280086e+01 -4.324568e-03 
 3.280126e+01 -4.319979e-03 
 3.280166e+01 -4.316591e-03 
 3.280205e+01 -4.314381e-03 
 3.280245e+01 -4.313175e-03 
 3.280285e+01 -4.312751e-03 
 3.280325e+01 -4.312803e-03 
 3.280365e+01 -4.313051e-03 
 3.280404e+01 -4.313237e-03 
 3.280444e+01 -4.313152e-03 
 3.280484e+01 -4.312417e-03 
 3.280524e+01 -4.310883e-03 
 3.280563e+01 -4.308514e-03 
 3.280603e+01 -4.305251e-03 
 3.280643e+01 -4.301193e-03 
 3.280683e+01 -4.296571e-03 
 3.280722e+01 -4.291539e-03 
 3.280762e+01 -4.286241e-03 
 3.280802e+01 -4.280852e-03 
 3.280842e+01 -4.275463e-03 
 3.280882e+01 -4.270197e-03 
 3.280921e+01 -4.265156e-03 
 3.280961e+01 -4.260341e-03 
 3.281001e+01 -4.255801e-03 
 3.281041e+01 -4.251413e-03 
 3.281080e+01 -4.247039e-03 
 3.281120e+01 -4.242473e-03 
 3.281160e+01 -4.237334e-03 
 3.281200e+01 -4.231118e-03 
 3.281239e+01 -4.223451e-03 
 3.281279e+01 -4.214110e-03 
 3.281319e+01 -4.202891e-03 
 3.281359e+01 -4.189829e-03 
 3.281399e+01 -4.175021e-03 
 3.281438e+01 -4.158635e-03 
 3.281478e+01 -4.140906e-03 
 3.281518e+01 -4.122148e-03 
 3.281558e+01 -4.102738e-03 
 3.281597e+01 -4.083008e-03 
 3.281637e+01 -4.063473e-03 
 3.281677e+01 -4.044621e-03 
 3.281717e+01 -4.026898e-03 
 3.281756e+01 -4.010719e-03 
 3.281796e+01 -3.996309e-03 
 3.281836e+01 -3.983636e-03 
 3.281876e+01 -3.972656e-03 
 3.281916e+01 -3.963329e-03 
 3.281955e+01 -3.955474e-03 
 3.281995e+01 -3.948801e-03 
 3.282035e+01 -3.943006e-03 
 3.282075e+01 -3.937765e-03 
 3.282114e+01 -3.932801e-03 
 3.282154e+01 -3.927783e-03 
 3.282194e+01 -3.922522e-03 
 3.282234e+01 -3.916813e-03 
 3.282273e+01 -3.910699e-03 
 3.282313e+01 -3.904358e-03 
 3.282353e+01 -3.898101e-03 
 3.282393e+01 -3.892256e-03 
 3.282433e+01 -3.887089e-03 
 3.282472e+01 -3.882735e-03 
 3.282512e+01 -3.879287e-03 
 3.282552e+01 -3.876926e-03 
 3.282592e+01 -3.875662e-03 
 3.282631e+01 -3.875589e-03 
 3.282671e+01 -3.876720e-03 
 3.282711e+01 -3.879097e-03 
 3.282751e+01 -3.882818e-03 
 3.282790e+01 -3.887552e-03 
 3.282830e+01 -3.893118e-03 
 3.282870e+01 -3.899442e-03 
 3.282910e+01 -3.906294e-03 
 3.282950e+01 -3.913445e-03 
 3.282989e+01 -3.920745e-03 
 3.283029e+01 -3.928134e-03 
 3.283069e+01 -3.935635e-03 
 3.283109e+01 -3.943321e-03 
 3.283148e+01 -3.951340e-03 
 3.283188e+01 -3.959868e-03 
 3.283228e+01 -3.969081e-03 
 3.283268e+01 -3.979229e-03 
 3.283307e+01 -3.990594e-03 
 3.283347e+01 -4.003290e-03 
 3.283387e+01 -4.017414e-03 
 3.283427e+01 -4.033176e-03 
 3.283467e+01 -4.050608e-03 
 3.283506e+01 -4.069723e-03 
 3.283546e+01 -4.090555e-03 
 3.283586e+01 -4.113064e-03 
 3.283626e+01 -4.137034e-03 
 3.283665e+01 -4.162175e-03 
 3.283705e+01 -4.188250e-03 
 3.283745e+01 -4.214904e-03 
 3.283785e+01 -4.241753e-03 
 3.283824e+01 -4.268411e-03 
 3.283864e+01 -4.294612e-03 
 3.283904e+01 -4.320104e-03 
 3.283944e+01 -4.344864e-03 
 3.283984e+01 -4.368741e-03 
 3.284023e+01 -4.391576e-03 
 3.284063e+01 -4.413345e-03 
 3.284103e+01 -4.434182e-03 
 3.284143e+01 -4.454298e-03 
 3.284182e+01 -4.473969e-03 
 3.284222e+01 -4.493571e-03 
 3.284262e+01 -4.513450e-03 
 3.284302e+01 -4.534030e-03 
 3.284342e+01 -4.555632e-03 
 3.284381e+01 -4.578536e-03 
 3.284421e+01 -4.602757e-03 
 3.284461e+01 -4.628336e-03 
 3.284501e+01 -4.655352e-03 
 3.284540e+01 -4.683715e-03 
 3.284580e+01 -4.713238e-03 
 3.284620e+01 -4.743735e-03 
 3.284660e+01 -4.774970e-03 
 3.284699e+01 -4.806650e-03 
 3.284739e+01 -4.838514e-03 
 3.284779e+01 -4.870354e-03 
 3.284819e+01 -4.901974e-03 
 3.284859e+01 -4.933099e-03 
 3.284898e+01 -4.963691e-03 
 3.284938e+01 -4.993824e-03 
 3.284978e+01 -5.023388e-03 
 3.285018e+01 -5.052551e-03 
 3.285057e+01 -5.081425e-03 
 3.285097e+01 -5.110145e-03 
 3.285137e+01 -5.138840e-03 
 3.285177e+01 -5.167705e-03 
 3.285216e+01 -5.196990e-03 
 3.285256e+01 -5.226837e-03 
 3.285296e+01 -5.257331e-03 
 3.285336e+01 -5.288390e-03 
 3.285376e+01 -5.319949e-03 
 3.285415e+01 -5.351823e-03 
 3.285455e+01 -5.383812e-03 
 3.285495e+01 -5.415691e-03 
 3.285535e+01 -5.447162e-03 
 3.285574e+01 -5.477953e-03 
 3.285614e+01 -5.507848e-03 
 3.285654e+01 -5.536699e-03 
 3.285694e+01 -5.564379e-03 
 3.285733e+01 -5.590815e-03 
 3.285773e+01 -5.616039e-03 
 3.285813e+01 -5.640237e-03 
 3.285853e+01 -5.663427e-03 
 3.285893e+01 -5.685822e-03 
 3.285932e+01 -5.707620e-03 
 3.285972e+01 -5.728970e-03 
 3.286012e+01 -5.750055e-03 
 3.286052e+01 -5.771128e-03 
 3.286091e+01 -5.792417e-03 
 3.286131e+01 -5.814131e-03 
 3.286171e+01 -5.836418e-03 
 3.286211e+01 -5.859300e-03 
 3.286250e+01 -5.882753e-03 
 3.286290e+01 -5.906584e-03 
 3.286330e+01 -5.930555e-03 
 3.286370e+01 -5.954439e-03 
 3.286410e+01 -5.977894e-03 
 3.286449e+01 -6.000574e-03 
 3.286489e+01 -6.022197e-03 
 3.286529e+01 -6.042587e-03 
 3.286569e+01 -6.061490e-03 
 3.286608e+01 -6.078800e-03 
 3.286648e+01 -6.094538e-03 
 3.286688e+01 -6.108688e-03 
 3.286728e+01 -6.121383e-03 
 3.286767e+01 -6.132805e-03 
 3.286807e+01 -6.143265e-03 
 3.286847e+01 -6.152980e-03 
 3.286887e+01 -6.162207e-03 
 3.286927e+01 -6.171245e-03 
 3.286966e+01 -6.180313e-03 
 3.287006e+01 -6.189700e-03 
 3.287046e+01 -6.199633e-03 
 3.287086e+01 -6.210289e-03 
 3.287125e+01 -6.221798e-03 
 3.287165e+01 -6.233972e-03 
 3.287205e+01 -6.246588e-03 
 3.287245e+01 -6.259417e-03 
 3.287284e+01 -6.272065e-03 
 3.287324e+01 -6.284168e-03 
 3.287364e+01 -6.295431e-03 
 3.287404e+01 -6.305662e-03 
 3.287444e+01 -6.314832e-03 
 3.287483e+01 -6.322817e-03 
 3.287523e+01 -6.329676e-03 
 3.287563e+01 -6.335430e-03 
 3.287603e+01 -6.340147e-03 
 3.287642e+01 -6.343991e-03 
 3.287682e+01 -6.347157e-03 
 3.287722e+01 -6.349849e-03 
 3.287762e+01 -6.352361e-03 
 3.287801e+01 -6.354921e-03 
 3.287841e+01 -6.357882e-03 
 3.287881e+01 -6.361397e-03 
 3.287921e+01 -6.365541e-03 
 3.287961e+01 -6.370327e-03 
 3.288000e+01 -6.375587e-03 
 3.288040e+01 -6.381017e-03 
 3.288080e+01 -6.386284e-03 
 3.288120e+01 -6.390977e-03 
 3.288159e+01 -6.394763e-03 
 3.288199e+01 -6.397156e-03 
 3.288239e+01 -6.397881e-03 
 3.288279e+01 -6.396900e-03 
 3.288318e+01 -6.394222e-03 
 3.288358e+01 -6.389974e-03 
 3.288398e+01 -6.384341e-03 
 3.288438e+01 -6.377553e-03 
 3.288478e+01 -6.370008e-03 
 3.288517e+01 -6.362000e-03 
 3.288557e+01 -6.353930e-03 
 3.288597e+01 -6.346133e-03 
 3.288637e+01 -6.338980e-03 
 3.288676e+01 -6.332803e-03 
 3.288716e+01 -6.327910e-03 
 3.288756e+01 -6.324312e-03 
 3.288796e+01 -6.322029e-03 
 3.288835e+01 -6.320733e-03 
 3.288875e+01 -6.320275e-03 
 3.288915e+01 -6.320201e-03 
 3.288955e+01 -6.320107e-03 
 3.288995e+01 -6.319530e-03 
 3.289034e+01 -6.318016e-03 
 3.289074e+01 -6.315222e-03 
 3.289114e+01 -6.310776e-03 
 3.289154e+01 -6.304464e-03 
 3.289193e+01 -6.296096e-03 
 3.289233e+01 -6.285533e-03 
 3.289273e+01 -6.272853e-03 
 3.289313e+01 -6.258271e-03 
 3.289352e+01 -6.242101e-03 
 3.289392e+01 -6.224643e-03 
 3.289432e+01 -6.206204e-03 
 3.289472e+01 -6.187219e-03 
 3.289512e+01 -6.167987e-03 
 3.289551e+01 -6.148757e-03 
 3.289591e+01 -6.129715e-03 
 3.289631e+01 -6.110957e-03 
 3.289671e+01 -6.092548e-03 
 3.289710e+01 -6.074444e-03 
 3.289750e+01 -6.056605e-03 
 3.289790e+01 -6.038838e-03 
 3.289830e+01 -6.020977e-03 
 3.289869e+01 -6.002841e-03 
 3.289909e+01 -5.984236e-03 
 3.289949e+01 -5.964970e-03 
 3.289989e+01 -5.945039e-03 
 3.290029e+01 -5.924336e-03 
 3.290068e+01 -5.902840e-03 
 3.290108e+01 -5.880599e-03 
 3.290148e+01 -5.857741e-03 
 3.290188e+01 -5.834249e-03 
 3.290227e+01 -5.810318e-03 
 3.290267e+01 -5.786145e-03 
 3.290307e+01 -5.762026e-03 
 3.290347e+01 -5.738258e-03 
 3.290386e+01 -5.715198e-03 
 3.290426e+01 -5.693075e-03 
 3.290466e+01 -5.672058e-03 
 3.290506e+01 -5.652250e-03 
 3.290546e+01 -5.633617e-03 
 3.290585e+01 -5.615993e-03 
 3.290625e+01 -5.599213e-03 
 3.290665e+01 -5.583111e-03 
 3.290705e+01 -5.567442e-03 
 3.290744e+01 -5.551801e-03 
 3.290784e+01 -5.535754e-03 
 3.290824e+01 -5.518967e-03 
 3.290864e+01 -5.501138e-03 
 3.290903e+01 -5.481965e-03 
 3.290943e+01 -5.461424e-03 
 3.290983e+01 -5.439618e-03 
 3.291023e+01 -5.416645e-03 
 3.291063e+01 -5.392763e-03 
 3.291102e+01 -5.368330e-03 
 3.291142e+01 -5.343738e-03 
 3.291182e+01 -5.319304e-03 
 3.291222e+01 -5.295436e-03 
 3.291261e+01 -5.272380e-03 
 3.291301e+01 -5.250329e-03 
 3.291341e+01 -5.229402e-03 
 3.291381e+01 -5.209551e-03 
 3.291420e+01 -5.190820e-03 
 3.291460e+01 -5.173128e-03 
 3.291500e+01 -5.156152e-03 
 3.291540e+01 -5.139752e-03 
 3.291580e+01 -5.123664e-03 
 3.291619e+01 -5.107586e-03 
 3.291659e+01 -5.091371e-03 
 3.291699e+01 -5.074763e-03 
 3.291739e+01 -5.057634e-03 
 3.291778e+01 -5.039956e-03 
 3.291818e+01 -5.021789e-03 
 3.291858e+01 -5.003232e-03 
 3.291898e+01 -4.984488e-03 
 3.291937e+01 -4.965790e-03 
 3.291977e+01 -4.947239e-03 
 3.292017e+01 -4.929172e-03 
 3.292057e+01 -4.911877e-03 
 3.292097e+01 -4.895630e-03 
 3.292136e+01 -4.880771e-03 
 3.292176e+01 -4.867576e-03 
 3.292216e+01 -4.856257e-03 
 3.292256e+01 -4.846843e-03 
 3.292295e+01 -4.839277e-03 
 3.292335e+01 -4.833401e-03 
 3.292375e+01 -4.828959e-03 
 3.292415e+01 -4.825759e-03 
 3.292454e+01 -4.823492e-03 
 3.292494e+01 -4.822004e-03 
 3.292534e+01 -4.821201e-03 
 3.292574e+01 -4.821043e-03 
 3.292614e+01 -4.821549e-03 
 3.292653e+01 -4.822795e-03 
 3.292693e+01 -4.824767e-03 
 3.292733e+01 -4.827452e-03 
 3.292773e+01 -4.830803e-03 
 3.292812e+01 -4.834912e-03 
 3.292852e+01 -4.839864e-03 
 3.292892e+01 -4.845763e-03 
 3.292932e+01 -4.852787e-03 
 3.292971e+01 -4.861049e-03 
 3.293011e+01 -4.870787e-03 
 3.293051e+01 -4.882147e-03 
 3.293091e+01 -4.895157e-03 
 3.293131e+01 -4.909730e-03 
 3.293170e+01 -4.925692e-03 
 3.293210e+01 -4.942830e-03 
 3.293250e+01 -4.960827e-03 
 3.293290e+01 -4.979394e-03 
 3.293329e+01 -4.998236e-03 
 3.293369e+01 -5.016992e-03 
 3.293409e+01 -5.035419e-03 
 3.293449e+01 -5.053139e-03 
 3.293489e+01 -5.070052e-03 
 3.293528e+01 -5.086001e-03 
 3.293568e+01 -5.100817e-03 
 3.293608e+01 -5.114530e-03 
 3.293648e+01 -5.127278e-03 
 3.293687e+01 -5.139247e-03 
 3.293727e+01 -5.150710e-03 
 3.293767e+01 -5.162173e-03 
 3.293807e+01 -5.174079e-03 
 3.293846e+01 -5.186870e-03 
 3.293886e+01 -5.201112e-03 
 3.293926e+01 -5.217154e-03 
 3.293966e+01 -5.235139e-03 
 3.294006e+01 -5.255124e-03 
 3.294045e+01 -5.277158e-03 
 3.294085e+01 -5.300982e-03 
 3.294125e+01 -5.326275e-03 
 3.294165e+01 -5.352696e-03 
 3.294204e+01 -5.379867e-03 
 3.294244e+01 -5.407416e-03 
 3.294284e+01 -5.435022e-03 
 3.294324e+01 -5.462345e-03 
 3.294363e+01 -5.489128e-03 
 3.294403e+01 -5.515115e-03 
 3.294443e+01 -5.540248e-03 
 3.294483e+01 -5.564592e-03 
 3.294523e+01 -5.588293e-03 
 3.294562e+01 -5.611434e-03 
 3.294602e+01 -5.634161e-03 
 3.294642e+01 -5.656702e-03 
 3.294682e+01 -5.679181e-03 
 3.294721e+01 -5.701882e-03 
 3.294761e+01 -5.724859e-03 
 3.294801e+01 -5.748235e-03 
 3.294841e+01 -5.772139e-03 
 3.294880e+01 -5.796554e-03 
 3.294920e+01 -5.821495e-03 
 3.294960e+01 -5.846792e-03 
 3.295000e+01 -5.872279e-03 
 3.295040e+01 -5.897756e-03 
 3.295079e+01 -5.923082e-03 
 3.295119e+01 -5.947912e-03 
 3.295159e+01 -5.972110e-03 
 3.295199e+01 -5.995461e-03 
 3.295238e+01 -6.017834e-03 
 3.295278e+01 -6.039129e-03 
 3.295318e+01 -6.059332e-03 
 3.295358e+01 -6.078542e-03 
 3.295397e+01 -6.096952e-03 
 3.295437e+01 -6.114850e-03 
 3.295477e+01 -6.132530e-03 
 3.295517e+01 -6.150410e-03 
 3.295557e+01 -6.168867e-03 
 3.295596e+01 -6.188270e-03 
 3.295636e+01 -6.208875e-03 
 3.295676e+01 -6.230936e-03 
 3.295716e+01 -6.254497e-03 
 3.295755e+01 -6.279550e-03 
 3.295795e+01 -6.306077e-03 
 3.295835e+01 -6.333907e-03 
 3.295875e+01 -6.362734e-03 
 3.295914e+01 -6.392160e-03 
 3.295954e+01 -6.421830e-03 
 3.295994e+01 -6.451286e-03 
 3.296034e+01 -6.480179e-03 
 3.296074e+01 -6.508230e-03 
 3.296113e+01 -6.535219e-03 
 3.296153e+01 -6.560998e-03 
 3.296193e+01 -6.585448e-03 
 3.296233e+01 -6.608576e-03 
 3.296272e+01 -6.630521e-03 
 3.296312e+01 -6.651529e-03 
 3.296352e+01 -6.671888e-03 
 3.296392e+01 -6.691909e-03 
 3.296431e+01 -6.711982e-03 
 3.296471e+01 -6.732423e-03 
 3.296511e+01 -6.753472e-03 
 3.296551e+01 -6.775310e-03 
 3.296591e+01 -6.798052e-03 
 3.296630e+01 -6.821604e-03 
 3.296670e+01 -6.845869e-03 
 3.296710e+01 -6.870745e-03 
 3.296750e+01 -6.895890e-03 
 3.296789e+01 -6.920955e-03 
 3.296829e+01 -6.945635e-03 
 3.296869e+01 -6.969577e-03 
 3.296909e+01 -6.992533e-03 
 3.296948e+01 -7.014234e-03 
 3.296988e+01 -7.034589e-03 
 3.297028e+01 -7.053646e-03 
 3.297068e+01 -7.071368e-03 
 3.297108e+01 -7.087773e-03 
 3.297147e+01 -7.103057e-03 
 3.297187e+01 -7.117368e-03 
 3.297227e+01 -7.131002e-03 
 3.297267e+01 -7.144306e-03 
 3.297306e+01 -7.157575e-03 
 3.297346e+01 -7.171104e-03 
 3.297386e+01 -7.185090e-03 
 3.297426e+01 -7.199693e-03 
 3.297465e+01 -7.214756e-03 
 3.297505e+01 -7.230082e-03 
 3.297545e+01 -7.245547e-03 
 3.297585e+01 -7.260954e-03 
 3.297625e+01 -7.276082e-03 
 3.297664e+01 -7.290619e-03 
 3.297704e+01 -7.304390e-03 
 3.297744e+01 -7.317163e-03 
 3.297784e+01 -7.328685e-03 
 3.297823e+01 -7.338871e-03 
 3.297863e+01 -7.347671e-03 
 3.297903e+01 -7.355162e-03 
 3.297943e+01 -7.361466e-03 
 3.297982e+01 -7.366879e-03 
 3.298022e+01 -7.371776e-03 
 3.298062e+01 -7.376576e-03 
 3.298102e+01 -7.381643e-03 
 3.298142e+01 -7.387396e-03 
 3.298181e+01 -7.394140e-03 
 3.298221e+01 -7.402183e-03 
 3.298261e+01 -7.411599e-03 
 3.298301e+01 -7.422368e-03 
 3.298340e+01 -7.434354e-03 
 3.298380e+01 -7.447205e-03 
 3.298420e+01 -7.460606e-03 
 3.298460e+01 -7.474109e-03 
 3.298499e+01 -7.487277e-03 
 3.298539e+01 -7.499524e-03 
 3.298579e+01 -7.510332e-03 
 3.298619e+01 -7.519294e-03 
 3.298659e+01 -7.526091e-03 
 3.298698e+01 -7.530491e-03 
 3.298738e+01 -7.532262e-03 
 3.298778e+01 -7.531326e-03 
 3.298818e+01 -7.527658e-03 
 3.298857e+01 -7.521354e-03 
 3.298897e+01 -7.512765e-03 
 3.298937e+01 -7.502147e-03 
 3.298977e+01 -7.489829e-03 
 3.299016e+01 -7.476211e-03 
 3.299056e+01 -7.461609e-03 
 3.299096e+01 -7.446308e-03 
 3.299136e+01 -7.430538e-03 
 3.299176e+01 -7.414542e-03 
 3.299215e+01 -7.398276e-03 
 3.299255e+01 -7.381785e-03 
 3.299295e+01 -7.364962e-03 
 3.299335e+01 -7.347741e-03 
 3.299374e+01 -7.329989e-03 
 3.299414e+01 -7.311611e-03 
 3.299454e+01 -7.292521e-03 
 3.299494e+01 -7.272473e-03 
 3.299533e+01 -7.251418e-03 
 3.299573e+01 -7.229369e-03 
 3.299613e+01 -7.206257e-03 
 3.299653e+01 -7.182119e-03 
 3.299693e+01 -7.157022e-03 
 3.299732e+01 -7.131105e-03 
 3.299772e+01 -7.104613e-03 
 3.299812e+01 -7.077795e-03 
 3.299852e+01 -7.050935e-03 
 3.299891e+01 -7.024297e-03 
 3.299931e+01 -6.998215e-03 
 3.299971e+01 -6.972922e-03 
 3.300011e+01 -6.948588e-03 
 3.300050e+01 -6.925213e-03 
 3.300090e+01 -6.902849e-03 
 3.300130e+01 -6.881355e-03 
 3.300170e+01 -6.860406e-03 
 3.300210e+01 -6.839769e-03 
 3.300249e+01 -6.819055e-03 
 3.300289e+01 -6.797937e-03 
 3.300329e+01 -6.775973e-03 
 3.300369e+01 -6.752732e-03 
 3.300408e+01 -6.728024e-03 
 3.300448e+01 -6.701594e-03 
 3.300488e+01 -6.673364e-03 
 3.300528e+01 -6.643426e-03 
 3.300567e+01 -6.611945e-03 
 3.300607e+01 -6.579227e-03 
 3.300647e+01 -6.545694e-03 
 3.300687e+01 -6.511769e-03 
 3.300727e+01 -6.477956e-03 
 3.300766e+01 -6.444694e-03 
 3.300806e+01 -6.412381e-03 
 3.300846e+01 -6.381382e-03 
 3.300886e+01 -6.352032e-03 
 3.300925e+01 -6.324345e-03 
 3.300965e+01 -6.298373e-03 
 3.301005e+01 -6.274001e-03 
 3.301045e+01 -6.250967e-03 
 3.301084e+01 -6.229149e-03 
 3.301124e+01 -6.208229e-03 
 3.301164e+01 -6.187935e-03 
 3.301204e+01 -6.168154e-03 
 3.301244e+01 -6.148756e-03 
 3.301283e+01 -6.129541e-03 
 3.301323e+01 -6.110420e-03 
 3.301363e+01 -6.091345e-03 
 3.301403e+01 -6.072380e-03 
 3.301442e+01 -6.053563e-03 
 3.301482e+01 -6.034999e-03 
 3.301522e+01 -6.016960e-03 
 3.301562e+01 -5.999664e-03 
 3.301601e+01 -5.983296e-03 
 3.301641e+01 -5.968082e-03 
 3.301681e+01 -5.954169e-03 
 3.301721e+01 -5.941626e-03 
 3.301761e+01 -5.930662e-03 
 3.301800e+01 -5.921292e-03 
 3.301840e+01 -5.913429e-03 
 3.301880e+01 -5.906968e-03 
 3.301920e+01 -5.901728e-03 
 3.301959e+01 -5.897670e-03 
 3.301999e+01 -5.894478e-03 
 3.302039e+01 -5.891930e-03 
 3.302079e+01 -5.889814e-03 
 3.302118e+01 -5.887868e-03 
 3.302158e+01 -5.886022e-03 
 3.302198e+01 -5.884130e-03 
 3.302238e+01 -5.882162e-03 
 3.302278e+01 -5.880240e-03 
 3.302317e+01 -5.878402e-03 
 3.302357e+01 -5.876955e-03 
 3.302397e+01 -5.876134e-03 
 3.302437e+01 -5.876199e-03 
 3.302476e+01 -5.877350e-03 
 3.302516e+01 -5.879800e-03 
 3.302556e+01 -5.883527e-03 
 3.302596e+01 -5.888656e-03 
 3.302636e+01 -5.895223e-03 
 3.302675e+01 -5.903171e-03 
 3.302715e+01 -5.912315e-03 
 3.302755e+01 -5.922532e-03 
 3.302795e+01 -5.933623e-03 
 3.302834e+01 -5.945358e-03 
 3.302874e+01 -5.957360e-03 
 3.302914e+01 -5.969182e-03 
 3.302954e+01 -5.980367e-03 
 3.302993e+01 -5.990491e-03 
 3.303033e+01 -5.999222e-03 
 3.303073e+01 -6.006417e-03 
 3.303113e+01 -6.011894e-03 
 3.303153e+01 -6.015712e-03 
 3.303192e+01 -6.018064e-03 
 3.303232e+01 -6.019314e-03 
 3.303272e+01 -6.019993e-03 
 3.303312e+01 -6.020647e-03 
 3.303351e+01 -6.021868e-03 
 3.303391e+01 -6.024269e-03 
 3.303431e+01 -6.028232e-03 
 3.303471e+01 -6.034068e-03 
 3.303510e+01 -6.041925e-03 
 3.303550e+01 -6.051883e-03 
 3.303590e+01 -6.063845e-03 
 3.303630e+01 -6.077618e-03 
 3.303670e+01 -6.092824e-03 
 3.303709e+01 -6.109097e-03 
 3.303749e+01 -6.126195e-03 
 3.303789e+01 -6.143703e-03 
 3.303829e+01 -6.161348e-03 
 3.303868e+01 -6.178782e-03 
 3.303908e+01 -6.195748e-03 
 3.303948e+01 -6.212197e-03 
 3.303988e+01 -6.228058e-03 
 3.304027e+01 -6.243428e-03 
 3.304067e+01 -6.258358e-03 
 3.304107e+01 -6.273105e-03 
 3.304147e+01 -6.287922e-03 
 3.304187e+01 -6.302980e-03 
 3.304226e+01 -6.318605e-03 
 3.304266e+01 -6.334934e-03 
 3.304306e+01 -6.352131e-03 
 3.304346e+01 -6.370180e-03 
 3.304385e+01 -6.389031e-03 
 3.304425e+01 -6.408416e-03 
 3.304465e+01 -6.428171e-03 
 3.304505e+01 -6.447980e-03 
 3.304544e+01 -6.467535e-03 
 3.304584e+01 -6.486612e-03 
 3.304624e+01 -6.504907e-03 
 3.304664e+01 -6.522127e-03 
 3.304704e+01 -6.538026e-03 
 3.304743e+01 -6.552402e-03 
 3.304783e+01 -6.565171e-03 
 3.304823e+01 -6.576302e-03 
 3.304863e+01 -6.585853e-03 
 3.304902e+01 -6.593945e-03 
 3.304942e+01 -6.600914e-03 
 3.304982e+01 -6.607134e-03 
 3.305022e+01 -6.613087e-03 
 3.305061e+01 -6.619197e-03 
 3.305101e+01 -6.626006e-03 
 3.305141e+01 -6.634005e-03 
 3.305181e+01 -6.643461e-03 
 3.305221e+01 -6.654665e-03 
 3.305260e+01 -6.667728e-03 
 3.305300e+01 -6.682615e-03 
 3.305340e+01 -6.699228e-03 
 3.305380e+01 -6.717327e-03 
 3.305419e+01 -6.736659e-03 
 3.305459e+01 -6.756948e-03 
 3.305499e+01 -6.777852e-03 
 3.305539e+01 -6.799004e-03 
 3.305578e+01 -6.820240e-03 
 3.305618e+01 -6.841338e-03 
 3.305658e+01 -6.862081e-03 
 3.305698e+01 -6.882427e-03 
 3.305738e+01 -6.902425e-03 
 3.305777e+01 -6.922101e-03 
 3.305817e+01 -6.941502e-03 
 3.305857e+01 -6.960820e-03 
 3.305897e+01 -6.980370e-03 
 3.305936e+01 -7.000370e-03 
 3.305976e+01 -7.021148e-03 
 3.306016e+01 -7.043052e-03 
 3.306056e+01 -7.066241e-03 
 3.306095e+01 -7.090852e-03 
 3.306135e+01 -7.117063e-03 
 3.306175e+01 -7.144838e-03 
 3.306215e+01 -7.173960e-03 
 3.306255e+01 -7.204154e-03 
 3.306294e+01 -7.235100e-03 
 3.306334e+01 -7.266446e-03 
 3.306374e+01 -7.297844e-03 
 3.306414e+01 -7.328872e-03 
 3.306453e+01 -7.359228e-03 
 3.306493e+01 -7.388577e-03 
 3.306533e+01 -7.416635e-03 
 3.306573e+01 -7.443370e-03 
 3.306612e+01 -7.468857e-03 
 3.306652e+01 -7.493207e-03 
 3.306692e+01 -7.516585e-03 
 3.306732e+01 -7.539313e-03 
 3.306772e+01 -7.561641e-03 
 3.306811e+01 -7.583836e-03 
 3.306851e+01 -7.606172e-03 
 3.306891e+01 -7.628840e-03 
 3.306931e+01 -7.651857e-03 
 3.306970e+01 -7.675266e-03 
 3.307010e+01 -7.699061e-03 
 3.307050e+01 -7.723018e-03 
 3.307090e+01 -7.746879e-03 
 3.307129e+01 -7.770414e-03 
 3.307169e+01 -7.793329e-03 
 3.307209e+01 -7.815331e-03 
 3.307249e+01 -7.836172e-03 
 3.307289e+01 -7.855720e-03 
 3.307328e+01 -7.873850e-03 
 3.307368e+01 -7.890591e-03 
 3.307408e+01 -7.905985e-03 
 3.307448e+01 -7.920230e-03 
 3.307487e+01 -7.933538e-03 
 3.307527e+01 -7.946203e-03 
 3.307567e+01 -7.958569e-03 
 3.307607e+01 -7.970991e-03 
 3.307646e+01 -7.983848e-03 
 3.307686e+01 -7.997294e-03 
 3.307726e+01 -8.011543e-03 
 3.307766e+01 -8.026768e-03 
 3.307806e+01 -8.042949e-03 
 3.307845e+01 -8.060081e-03 
 3.307885e+01 -8.078002e-03 
 3.307925e+01 -8.096544e-03 
 3.307965e+01 -8.115412e-03 
 3.308004e+01 -8.134252e-03 
 3.308044e+01 -8.152571e-03 
 3.308084e+01 -8.169899e-03 
 3.308124e+01 -8.185828e-03 
 3.308163e+01 -8.199917e-03 
 3.308203e+01 -8.211800e-03 
 3.308243e+01 -8.221213e-03 
 3.308283e+01 -8.227870e-03 
 3.308323e+01 -8.231677e-03 
 3.308362e+01 -8.232650e-03 
 3.308402e+01 -8.230905e-03 
 3.308442e+01 -8.226639e-03 
 3.308482e+01 -8.220211e-03 
 3.308521e+01 -8.212027e-03 
 3.308561e+01 -8.202439e-03 
 3.308601e+01 -8.191696e-03 
 3.308641e+01 -8.180057e-03 
 3.308680e+01 -8.167728e-03 
 3.308720e+01 -8.154948e-03 
 3.308760e+01 -8.141798e-03 
 3.308800e+01 -8.128334e-03 
 3.308840e+01 -8.114537e-03 
 3.308879e+01 -8.100362e-03 
 3.308919e+01 -8.085670e-03 
 3.308959e+01 -8.070418e-03 
 3.308999e+01 -8.054458e-03 
 3.309038e+01 -8.037603e-03 
 3.309078e+01 -8.019697e-03 
 3.309118e+01 -8.000688e-03 
 3.309158e+01 -7.980566e-03 
 3.309197e+01 -7.959470e-03 
 3.309237e+01 -7.937485e-03 
 3.309277e+01 -7.914799e-03 
 3.309317e+01 -7.891706e-03 
 3.309357e+01 -7.868565e-03 
 3.309396e+01 -7.845687e-03 
 3.309436e+01 -7.823340e-03 
 3.309476e+01 -7.801700e-03 
 3.309516e+01 -7.781043e-03 
 3.309555e+01 -7.761379e-03 
 3.309595e+01 -7.742737e-03 
 3.309635e+01 -7.725003e-03 
 3.309675e+01 -7.707977e-03 
 3.309714e+01 -7.691351e-03 
 3.309754e+01 -7.674707e-03 
 3.309794e+01 -7.657608e-03 
 3.309834e+01 -7.639607e-03 
 3.309874e+01 -7.620238e-03 
 3.309913e+01 -7.599091e-03 
 3.309953e+01 -7.575879e-03 
 3.309993e+01 -7.550466e-03 
 3.310033e+01 -7.522673e-03 
 3.310072e+01 -7.492605e-03 
 3.310112e+01 -7.460411e-03 
 3.310152e+01 -7.426495e-03 
 3.310192e+01 -7.391176e-03 
 3.310231e+01 -7.354856e-03 
 3.310271e+01 -7.318110e-03 
 3.310311e+01 -7.281393e-03 
 3.310351e+01 -7.245208e-03 
 3.310391e+01 -7.209955e-03 
 3.310430e+01 -7.175850e-03 
 3.310470e+01 -7.143046e-03 
 3.310510e+01 -7.111629e-03 
 3.310550e+01 -7.081601e-03 
 3.310589e+01 -7.052887e-03 
 3.310629e+01 -7.025335e-03 
 3.310669e+01 -6.998676e-03 
 3.310709e+01 -6.972768e-03 
 3.310748e+01 -6.947415e-03 
 3.310788e+01 -6.922446e-03 
 3.310828e+01 -6.897660e-03 
 3.310868e+01 -6.872896e-03 
 3.310908e+01 -6.848067e-03 
 3.310947e+01 -6.823243e-03 
 3.310987e+01 -6.798554e-03 
 3.311027e+01 -6.774138e-03 
 3.311067e+01 -6.750226e-03 
 3.311106e+01 -6.727126e-03 
 3.311146e+01 -6.705079e-03 
 3.311186e+01 -6.684321e-03 
 3.311226e+01 -6.665125e-03 
 3.311265e+01 -6.647583e-03 
 3.311305e+01 -6.631778e-03 
 3.311345e+01 -6.617827e-03 
 3.311385e+01 -6.605664e-03 
 3.311425e+01 -6.595144e-03 
 3.311464e+01 -6.586072e-03 
 3.311504e+01 -6.578237e-03 
 3.311544e+01 -6.571313e-03 
 3.311584e+01 -6.565015e-03 
 3.311623e+01 -6.559045e-03 
 3.311663e+01 -6.553167e-03 
 3.311703e+01 -6.547169e-03 
 3.311743e+01 -6.540906e-03 
 3.311783e+01 -6.534410e-03 
 3.311822e+01 -6.527678e-03 
 3.311862e+01 -6.520891e-03 
 3.311902e+01 -6.514240e-03 
 3.311942e+01 -6.507923e-03 
 3.311981e+01 -6.502273e-03 
 3.312021e+01 -6.497508e-03 
 3.312061e+01 -6.493904e-03 
 3.312101e+01 -6.491516e-03 
 3.312140e+01 -6.490498e-03 
 3.312180e+01 -6.490827e-03 
 3.312220e+01 -6.492379e-03 
 3.312260e+01 -6.494941e-03 
 3.312300e+01 -6.498259e-03 
 3.312339e+01 -6.501972e-03 
 3.312379e+01 -6.505674e-03 
 3.312419e+01 -6.508869e-03 
 3.312459e+01 -6.511201e-03 
 3.312498e+01 -6.512314e-03 
 3.312538e+01 -6.511928e-03 
 3.312578e+01 -6.509909e-03 
 3.312618e+01 -6.506166e-03 
 3.312657e+01 -6.500664e-03 
 3.312697e+01 -6.493638e-03 
 3.312737e+01 -6.485335e-03 
 3.312777e+01 -6.476161e-03 
 3.312817e+01 -6.466590e-03 
 3.312856e+01 -6.457231e-03 
 3.312896e+01 -6.448598e-03 
 3.312936e+01 -6.441299e-03 
 3.312976e+01 -6.435663e-03 
 3.313015e+01 -6.432165e-03 
 3.313055e+01 -6.430868e-03 
 3.313095e+01 -6.431906e-03 
 3.313135e+01 -6.435220e-03 
 3.313174e+01 -6.440557e-03 
 3.313214e+01 -6.447667e-03 
 3.313254e+01 -6.456147e-03 
 3.313294e+01 -6.465550e-03 
 3.313334e+01 -6.475421e-03 
 3.313373e+01 -6.485442e-03 
 3.313413e+01 -6.495213e-03 
 3.313453e+01 -6.504551e-03 
 3.313493e+01 -6.513368e-03 
 3.313532e+01 -6.521674e-03 
 3.313572e+01 -6.529726e-03 
 3.313612e+01 -6.537762e-03 
 3.313652e+01 -6.546012e-03 
 3.313691e+01 -6.554696e-03 
 3.313731e+01 -6.563912e-03 
 3.313771e+01 -6.573739e-03 
 3.313811e+01 -6.584161e-03 
 3.313851e+01 -6.595179e-03 
 3.313890e+01 -6.606740e-03 
 3.313930e+01 -6.618719e-03 
 3.313970e+01 -6.631029e-03 
 3.314010e+01 -6.643462e-03 
 3.314049e+01 -6.655757e-03 
 3.314089e+01 -6.667615e-03 
 3.314129e+01 -6.678755e-03 
 3.314169e+01 -6.688805e-03 
 3.314208e+01 -6.697463e-03 
 3.314248e+01 -6.704556e-03 
 3.314288e+01 -6.710032e-03 
 3.314328e+01 -6.713900e-03 
 3.314368e+01 -6.716380e-03 
 3.314407e+01 -6.717647e-03 
 3.314447e+01 -6.718049e-03 
 3.314487e+01 -6.717982e-03 
 3.314527e+01 -6.717926e-03 
 3.314566e+01 -6.718331e-03 
 3.314606e+01 -6.719672e-03 
 3.314646e+01 -6.722377e-03 
 3.314686e+01 -6.726779e-03 
 3.314725e+01 -6.733162e-03 
 3.314765e+01 -6.741735e-03 
 3.314805e+01 -6.752497e-03 
 3.314845e+01 -6.765468e-03 
 3.314885e+01 -6.780522e-03 
 3.314924e+01 -6.797416e-03 
 3.314964e+01 -6.815877e-03 
 3.315004e+01 -6.835579e-03 
 3.315044e+01 -6.856087e-03 
 3.315083e+01 -6.877009e-03 
 3.315123e+01 -6.897899e-03 
 3.315163e+01 -6.918392e-03 
 3.315203e+01 -6.938211e-03 
 3.315242e+01 -6.957070e-03 
 3.315282e+01 -6.974765e-03 
 3.315322e+01 -6.991284e-03 
 3.315362e+01 -7.006760e-03 
 3.315402e+01 -7.021335e-03 
 3.315441e+01 -7.035375e-03 
 3.315481e+01 -7.049244e-03 
 3.315521e+01 -7.063211e-03 
 3.315561e+01 -7.077528e-03 
 3.315600e+01 -7.092381e-03 
 3.315640e+01 -7.107856e-03 
 3.315680e+01 -7.123966e-03 
 3.315720e+01 -7.140789e-03 
 3.315759e+01 -7.158223e-03 
 3.315799e+01 -7.176154e-03 
 3.315839e+01 -7.194409e-03 
 3.315879e+01 -7.212776e-03 
 3.315919e+01 -7.231027e-03 
 3.315958e+01 -7.248821e-03 
 3.315998e+01 -7.266028e-03 
 3.316038e+01 -7.282498e-03 
 3.316078e+01 -7.298187e-03 
 3.316117e+01 -7.313203e-03 
 3.316157e+01 -7.327743e-03 
 3.316197e+01 -7.342051e-03 
 3.316237e+01 -7.356418e-03 
 3.316276e+01 -7.371183e-03 
 3.316316e+01 -7.386693e-03 
 3.316356e+01 -7.403249e-03 
 3.316396e+01 -7.421093e-03 
 3.316436e+01 -7.440391e-03 
 3.316475e+01 -7.461224e-03 
 3.316515e+01 -7.483469e-03 
 3.316555e+01 -7.506993e-03 
 3.316595e+01 -7.531554e-03 
 3.316634e+01 -7.556819e-03 
 3.316674e+01 -7.582551e-03 
 3.316714e+01 -7.608377e-03 
 3.316754e+01 -7.634050e-03 
 3.316793e+01 -7.659253e-03 
 3.316833e+01 -7.683860e-03 
 3.316873e+01 -7.707634e-03 
 3.316913e+01 -7.730498e-03 
 3.316953e+01 -7.752443e-03 
 3.316992e+01 -7.773486e-03 
 3.317032e+01 -7.793707e-03 
 3.317072e+01 -7.813337e-03 
 3.317112e+01 -7.832508e-03 
 3.317151e+01 -7.851453e-03 
 3.317191e+01 -7.870369e-03 
 3.317231e+01 -7.889377e-03 
 3.317271e+01 -7.908777e-03 
 3.317310e+01 -7.928684e-03 
 3.317350e+01 -7.949210e-03 
 3.317390e+01 -7.970391e-03 
 3.317430e+01 -7.992159e-03 
 3.317470e+01 -8.014416e-03 
 3.317509e+01 -8.036898e-03 
 3.317549e+01 -8.059252e-03 
 3.317589e+01 -8.081131e-03 
 3.317629e+01 -8.102215e-03 
 3.317668e+01 -8.122011e-03 
 3.317708e+01 -8.140122e-03 
 3.317748e+01 -8.156189e-03 
 3.317788e+01 -8.169854e-03 
 3.317827e+01 -8.180897e-03 
 3.317867e+01 -8.189213e-03 
 3.317907e+01 -8.194806e-03 
 3.317947e+01 -8.197830e-03 
 3.317987e+01 -8.198580e-03 
 3.318026e+01 -8.197371e-03 
 3.318066e+01 -8.194558e-03 
 3.318106e+01 -8.190451e-03 
 3.318146e+01 -8.185338e-03 
 3.318185e+01 -8.179562e-03 
 3.318225e+01 -8.173349e-03 
 3.318265e+01 -8.166949e-03 
 3.318305e+01 -8.160463e-03 
 3.318344e+01 -8.153905e-03 
 3.318384e+01 -8.147139e-03 
 3.318424e+01 -8.139986e-03 
 3.318464e+01 -8.132136e-03 
 3.318504e+01 -8.123327e-03 
 3.318543e+01 -8.113273e-03 
 3.318583e+01 -8.101805e-03 
 3.318623e+01 -8.088797e-03 
 3.318663e+01 -8.074285e-03 
 3.318702e+01 -8.058322e-03 
 3.318742e+01 -8.041106e-03 
 3.318782e+01 -8.022847e-03 
 3.318822e+01 -8.003780e-03 
 3.318861e+01 -7.984237e-03 
 3.318901e+01 -7.964563e-03 
 3.318941e+01 -7.945019e-03 
 3.318981e+01 -7.925859e-03 
 3.319021e+01 -7.907371e-03 
 3.319060e+01 -7.889806e-03 
 3.319100e+01 -7.873271e-03 
 3.319140e+01 -7.857884e-03 
 3.319180e+01 -7.843491e-03 
 3.319219e+01 -7.829856e-03 
 3.319259e+01 -7.816676e-03 
 3.319299e+01 -7.803462e-03 
 3.319339e+01 -7.789730e-03 
 3.319378e+01 -7.774936e-03 
 3.319418e+01 -7.758619e-03 
 3.319458e+01 -7.740397e-03 
 3.319498e+01 -7.719981e-03 
 3.319538e+01 -7.697201e-03 
 3.319577e+01 -7.671975e-03 
 3.319617e+01 -7.644393e-03 
 3.319657e+01 -7.614676e-03 
 3.319697e+01 -7.583270e-03 
 3.319736e+01 -7.550517e-03 
 3.319776e+01 -7.516973e-03 
 3.319816e+01 -7.483245e-03 
 3.319856e+01 -7.449764e-03 
 3.319895e+01 -7.416990e-03 
 3.319935e+01 -7.385251e-03 
 3.319975e+01 -7.354753e-03 
 3.320015e+01 -7.325576e-03 
 3.320055e+01 -7.297749e-03 
 3.320094e+01 -7.271199e-03 
 3.320134e+01 -7.245785e-03 
 3.320174e+01 -7.221253e-03 
 3.320214e+01 -7.197357e-03 
 3.320253e+01 -7.173830e-03 
 3.320293e+01 -7.150396e-03 
 3.320333e+01 -7.126759e-03 
 3.320373e+01 -7.102739e-03 
 3.320412e+01 -7.078190e-03 
 3.320452e+01 -7.053104e-03 
 3.320492e+01 -7.027532e-03 
 3.320532e+01 -7.001660e-03 
 3.320572e+01 -6.975705e-03 
 3.320611e+01 -6.949986e-03 
 3.320651e+01 -6.924749e-03 
 3.320691e+01 -6.900221e-03 
 3.320731e+01 -6.876690e-03 
 3.320770e+01 -6.854320e-03 
 3.320810e+01 -6.833239e-03 
 3.320850e+01 -6.813561e-03 
 3.320890e+01 -6.795272e-03 
 3.320930e+01 -6.778279e-03 
 3.320969e+01 -6.762427e-03 
 3.321009e+01 -6.747478e-03 
 3.321049e+01 -6.733243e-03 
 3.321089e+01 -6.719453e-03 
 3.321128e+01 -6.705803e-03 
 3.321168e+01 -6.692111e-03 
 3.321208e+01 -6.678258e-03 
 3.321248e+01 -6.664088e-03 
 3.321287e+01 -6.649708e-03 
 3.321327e+01 -6.635226e-03 
 3.321367e+01 -6.620867e-03 
 3.321407e+01 -6.606853e-03 
 3.321447e+01 -6.593551e-03 
 3.321486e+01 -6.581303e-03 
 3.321526e+01 -6.570312e-03 
 3.321566e+01 -6.560826e-03 
 3.321606e+01 -6.553090e-03 
 3.321645e+01 -6.547201e-03 
 3.321685e+01 -6.543270e-03 
 3.321725e+01 -6.541235e-03 
 3.321765e+01 -6.541007e-03 
 3.321804e+01 -6.542380e-03 
 3.321844e+01 -6.545205e-03 
 3.321884e+01 -6.549159e-03 
 3.321924e+01 -6.553776e-03 
 3.321964e+01 -6.558683e-03 
 3.322003e+01 -6.563461e-03 
 3.322043e+01 -6.567722e-03 
 3.322083e+01 -6.571137e-03 
 3.322123e+01 -6.573503e-03 
 3.322162e+01 -6.574646e-03 
 3.322202e+01 -6.574524e-03 
 3.322242e+01 -6.573313e-03 
 3.322282e+01 -6.571267e-03 
 3.322321e+01 -6.568811e-03 
 3.322361e+01 -6.566397e-03 
 3.322401e+01 -6.564494e-03 
 3.322441e+01 -6.563679e-03 
 3.322481e+01 -6.564327e-03 
 3.322520e+01 -6.566701e-03 
 3.322560e+01 -6.571014e-03 
 3.322600e+01 -6.577344e-03 
 3.322640e+01 -6.585588e-03 
 3.322679e+01 -6.595617e-03 
 3.322719e+01 -6.607211e-03 
 3.322759e+01 -6.619966e-03 
 3.322799e+01 -6.633518e-03 
 3.322838e+01 -6.647438e-03 
 3.322878e+01 -6.661291e-03 
 3.322918e+01 -6.674720e-03 
 3.322958e+01 -6.687494e-03 
 3.322998e+01 -6.699457e-03 
 3.323037e+01 -6.710671e-03 
 3.323077e+01 -6.721316e-03 
 3.323117e+01 -6.731590e-03 
 3.323157e+01 -6.741695e-03 
 3.323196e+01 -6.751874e-03 
 3.323236e+01 -6.762373e-03 
 3.323276e+01 -6.773390e-03 
 3.323316e+01 -6.785060e-03 
 3.323355e+01 -6.797436e-03 
 3.323395e+01 -6.810482e-03 
 3.323435e+01 -6.824187e-03 
 3.323475e+01 -6.838365e-03 
 3.323515e+01 -6.852795e-03 
 3.323554e+01 -6.867195e-03 
 3.323594e+01 -6.881256e-03 
 3.323634e+01 -6.894750e-03 
 3.323674e+01 -6.907487e-03 
 3.323713e+01 -6.919337e-03 
 3.323753e+01 -6.930169e-03 
 3.323793e+01 -6.939935e-03 
 3.323833e+01 -6.948646e-03 
 3.323872e+01 -6.956420e-03 
 3.323912e+01 -6.963340e-03 
 3.323952e+01 -6.969494e-03 
 3.323992e+01 -6.975204e-03 
 3.324032e+01 -6.980746e-03 
 3.324071e+01 -6.986463e-03 
 3.324111e+01 -6.992784e-03 
 3.324151e+01 -7.000042e-03 
 3.324191e+01 -7.008637e-03 
 3.324230e+01 -7.018955e-03 
 3.324270e+01 -7.031300e-03 
 3.324310e+01 -7.045912e-03 
 3.324350e+01 -7.062851e-03 
 3.324389e+01 -7.081957e-03 
 3.324429e+01 -7.103020e-03 
 3.324469e+01 -7.125767e-03 
 3.324509e+01 -7.149860e-03 
 3.324549e+01 -7.174881e-03 
 3.324588e+01 -7.200311e-03 
 3.324628e+01 -7.225770e-03 
 3.324668e+01 -7.250897e-03 
 3.324708e+01 -7.275277e-03 
 3.324747e+01 -7.298620e-03 
 3.324787e+01 -7.320777e-03 
 3.324827e+01 -7.341561e-03 
 3.324867e+01 -7.360992e-03 
 3.324906e+01 -7.379180e-03 
 3.324946e+01 -7.396397e-03 
 3.324986e+01 -7.412919e-03 
 3.325026e+01 -7.429006e-03 
 3.325066e+01 -7.445021e-03 
 3.325105e+01 -7.461339e-03 
 3.325145e+01 -7.478217e-03 
 3.325185e+01 -7.495927e-03 
 3.325225e+01 -7.514689e-03 
 3.325264e+01 -7.534593e-03 
 3.325304e+01 -7.555596e-03 
 3.325344e+01 -7.577588e-03 
 3.325384e+01 -7.600327e-03 
 3.325423e+01 -7.623566e-03 
 3.325463e+01 -7.647063e-03 
 3.325503e+01 -7.670725e-03 
 3.325543e+01 -7.694329e-03 
 3.325583e+01 -7.717801e-03 
 3.325622e+01 -7.741194e-03 
 3.325662e+01 -7.764592e-03 
 3.325702e+01 -7.788081e-03 
 3.325742e+01 -7.811858e-03 
 3.325781e+01 -7.836176e-03 
 3.325821e+01 -7.861293e-03 
 3.325861e+01 -7.887502e-03 
 3.325901e+01 -7.915114e-03 
 3.325940e+01 -7.944374e-03 
 3.325980e+01 -7.975319e-03 
 3.326020e+01 -8.007949e-03 
 3.326060e+01 -8.042188e-03 
 3.326100e+01 -8.077764e-03 
 3.326139e+01 -8.114329e-03 
 3.326179e+01 -8.151476e-03 
 3.326219e+01 -8.188810e-03 
 3.326259e+01 -8.225887e-03 
 3.326298e+01 -8.262281e-03 
 3.326338e+01 -8.297565e-03 
 3.326378e+01 -8.331405e-03 
 3.326418e+01 -8.363530e-03 
 3.326457e+01 -8.393807e-03 
 3.326497e+01 -8.422248e-03 
 3.326537e+01 -8.448877e-03 
 3.326577e+01 -8.473828e-03 
 3.326617e+01 -8.497369e-03 
 3.326656e+01 -8.519764e-03 
 3.326696e+01 -8.541249e-03 
 3.326736e+01 -8.562136e-03 
 3.326776e+01 -8.582709e-03 
 3.326815e+01 -8.603289e-03 
 3.326855e+01 -8.624270e-03 
 3.326895e+01 -8.645807e-03 
 3.326935e+01 -8.668046e-03 
 3.326974e+01 -8.691027e-03 
 3.327014e+01 -8.714709e-03 
 3.327054e+01 -8.739039e-03 
 3.327094e+01 -8.763825e-03 
 3.327134e+01 -8.788857e-03 
 3.327173e+01 -8.813858e-03 
 3.327213e+01 -8.838445e-03 
 3.327253e+01 -8.862281e-03 
 3.327293e+01 -8.885069e-03 
 3.327332e+01 -8.906565e-03 
 3.327372e+01 -8.926644e-03 
 3.327412e+01 -8.945221e-03 
 3.327452e+01 -8.962405e-03 
 3.327491e+01 -8.978259e-03 
 3.327531e+01 -8.993022e-03 
 3.327571e+01 -9.006853e-03 
 3.327611e+01 -9.019980e-03 
 3.327651e+01 -9.032641e-03 
 3.327690e+01 -9.045074e-03 
 3.327730e+01 -9.057448e-03 
 3.327770e+01 -9.069872e-03 
 3.327810e+01 -9.082478e-03 
 3.327849e+01 -9.095192e-03 
 3.327889e+01 -9.107673e-03 
 3.327929e+01 -9.119671e-03 
 3.327969e+01 -9.130726e-03 
 3.328008e+01 -9.140466e-03 
 3.328048e+01 -9.148528e-03 
 3.328088e+01 -9.154582e-03 
 3.328128e+01 -9.158317e-03 
 3.328168e+01 -9.159537e-03 
 3.328207e+01 -9.158214e-03 
 3.328247e+01 -9.154338e-03 
 3.328287e+01 -9.147985e-03 
 3.328327e+01 -9.139404e-03 
 3.328366e+01 -9.128888e-03 
 3.328406e+01 -9.116925e-03 
 3.328446e+01 -9.103972e-03 
 3.328486e+01 -9.090503e-03 
 3.328525e+01 -9.076858e-03 
 3.328565e+01 -9.063385e-03 
 3.328605e+01 -9.050377e-03 
 3.328645e+01 -9.037945e-03 
 3.328685e+01 -9.026163e-03 
 3.328724e+01 -9.014862e-03 
 3.328764e+01 -9.003778e-03 
 3.328804e+01 -8.992590e-03 
 3.328844e+01 -8.980919e-03 
 3.328883e+01 -8.968328e-03 
 3.328923e+01 -8.954423e-03 
 3.328963e+01 -8.938865e-03 
 3.329003e+01 -8.921392e-03 
 3.329042e+01 -8.901894e-03 
 3.329082e+01 -8.880311e-03 
 3.329122e+01 -8.856757e-03 
 3.329162e+01 -8.831393e-03 
 3.329202e+01 -8.804526e-03 
 3.329241e+01 -8.776524e-03 
 3.329281e+01 -8.747882e-03 
 3.329321e+01 -8.719078e-03 
 3.329361e+01 -8.690524e-03 
 3.329400e+01 -8.662700e-03 
 3.329440e+01 -8.635939e-03 
 3.329480e+01 -8.610553e-03 
 3.329520e+01 -8.586636e-03 
 3.329559e+01 -8.564148e-03 
 3.329599e+01 -8.542980e-03 
 3.329639e+01 -8.522903e-03 
 3.329679e+01 -8.503668e-03 
 3.329719e+01 -8.485000e-03 
 3.329758e+01 -8.466544e-03 
 3.329798e+01 -8.447999e-03 
 3.329838e+01 -8.429115e-03 
 3.329878e+01 -8.409675e-03 
 3.329917e+01 -8.389533e-03 
 3.329957e+01 -8.368653e-03 
 3.329997e+01 -8.347031e-03 
 3.330037e+01 -8.324690e-03 
 3.330077e+01 -8.301743e-03 
 3.330116e+01 -8.278335e-03 
 3.330156e+01 -8.254617e-03 
 3.330196e+01 -8.230764e-03 
 3.330236e+01 -8.206928e-03 
 3.330275e+01 -8.183269e-03 
 3.330315e+01 -8.160003e-03 
 3.330355e+01 -8.137256e-03 
 3.330395e+01 -8.115100e-03 
 3.330434e+01 -8.093582e-03 
 3.330474e+01 -8.072585e-03 
 3.330514e+01 -8.051896e-03 
 3.330554e+01 -8.031280e-03 
 3.330594e+01 -8.010538e-03 
 3.330633e+01 -7.989491e-03 
 3.330673e+01 -7.967881e-03 
 3.330713e+01 -7.945535e-03 
 3.330753e+01 -7.922376e-03 
 3.330792e+01 -7.898313e-03 
 3.330832e+01 -7.873417e-03 
 3.330872e+01 -7.847866e-03 
 3.330912e+01 -7.821909e-03 
 3.330951e+01 -7.795830e-03 
 3.330991e+01 -7.770174e-03 
 3.331031e+01 -7.745438e-03 
 3.331071e+01 -7.722057e-03 
 3.331111e+01 -7.700381e-03 
 3.331150e+01 -7.680632e-03 
 3.331190e+01 -7.662997e-03 
 3.331230e+01 -7.647521e-03 
 3.331270e+01 -7.634227e-03 
 3.331309e+01 -7.622998e-03 
 3.331349e+01 -7.613528e-03 
 3.331389e+01 -7.605585e-03 
 3.331429e+01 -7.598785e-03 
 3.331468e+01 -7.592759e-03 
 3.331508e+01 -7.587080e-03 
 3.331548e+01 -7.581398e-03 
 3.331588e+01 -7.575370e-03 
 3.331628e+01 -7.568786e-03 
 3.331667e+01 -7.561507e-03 
 3.331707e+01 -7.553420e-03 
 3.331747e+01 -7.544479e-03 
 3.331787e+01 -7.534679e-03 
 3.331826e+01 -7.524273e-03 
 3.331866e+01 -7.513468e-03 
 3.331906e+01 -7.502556e-03 
 3.331946e+01 -7.491935e-03 
 3.331985e+01 -7.481917e-03 
 3.332025e+01 -7.472738e-03 
 3.332065e+01 -7.464644e-03 
 3.332105e+01 -7.457706e-03 
 3.332145e+01 -7.451999e-03 
 3.332184e+01 -7.447376e-03 
 3.332224e+01 -7.443724e-03 
 3.332264e+01 -7.440838e-03 
 3.332304e+01 -7.438517e-03 
 3.332343e+01 -7.436520e-03 
 3.332383e+01 -7.434661e-03 
 3.332423e+01 -7.432706e-03 
 3.332463e+01 -7.430531e-03 
 3.332502e+01 -7.428201e-03 
 3.332542e+01 -7.425748e-03 
 3.332582e+01 -7.423259e-03 
 3.332622e+01 -7.420978e-03 
 3.332662e+01 -7.419110e-03 
 3.332701e+01 -7.417787e-03 
 3.332741e+01 -7.417205e-03 
 3.332781e+01 -7.417674e-03 
 3.332821e+01 -7.419318e-03 
 3.332860e+01 -7.422298e-03 
 3.332900e+01 -7.426707e-03 
 3.332940e+01 -7.432586e-03 
 3.332980e+01 -7.439930e-03 
 3.333019e+01 -7.448622e-03 
 3.333059e+01 -7.458427e-03 
 3.333099e+01 -7.469077e-03 
 3.333139e+01 -7.480270e-03 
 3.333179e+01 -7.491753e-03 
 3.333218e+01 -7.503369e-03 
 3.333258e+01 -7.514814e-03 
 3.333298e+01 -7.525746e-03 
 3.333338e+01 -7.535827e-03 
 3.333377e+01 -7.544872e-03 
 3.333417e+01 -7.552726e-03 
 3.333457e+01 -7.559309e-03 
 3.333497e+01 -7.564748e-03 
 3.333536e+01 -7.569155e-03 
 3.333576e+01 -7.572797e-03 
 3.333616e+01 -7.575951e-03 
 3.333656e+01 -7.578987e-03 
 3.333696e+01 -7.582214e-03 
 3.333735e+01 -7.585861e-03 
 3.333775e+01 -7.590180e-03 
 3.333815e+01 -7.595491e-03 
 3.333855e+01 -7.601986e-03 
 3.333894e+01 -7.609714e-03 
 3.333934e+01 -7.618641e-03 
 3.333974e+01 -7.628696e-03 
 3.334014e+01 -7.639633e-03 
 3.334053e+01 -7.651199e-03 
 3.334093e+01 -7.663136e-03 
 3.334133e+01 -7.675136e-03 
 3.334173e+01 -7.686951e-03 
 3.334213e+01 -7.698296e-03 
 3.334252e+01 -7.708975e-03 
 3.334292e+01 -7.718803e-03 
 3.334332e+01 -7.727709e-03 
 3.334372e+01 -7.735791e-03 
 3.334411e+01 -7.743137e-03 
 3.334451e+01 -7.749958e-03 
 3.334491e+01 -7.756632e-03 
 3.334531e+01 -7.763603e-03 
 3.334570e+01 -7.771263e-03 
 3.334610e+01 -7.780005e-03 
 3.334650e+01 -7.790171e-03 
 3.334690e+01 -7.801958e-03 
 3.334730e+01 -7.815586e-03 
 3.334769e+01 -7.831217e-03 
 3.334809e+01 -7.849001e-03 
 3.334849e+01 -7.868793e-03 
 3.334889e+01 -7.890425e-03 
 3.334928e+01 -7.913666e-03 
 3.334968e+01 -7.938245e-03 
 3.335008e+01 -7.963875e-03 
 3.335048e+01 -7.990200e-03 
 3.335087e+01 -8.016929e-03 
 3.335127e+01 -8.043767e-03 
 3.335167e+01 -8.070550e-03 
 3.335207e+01 -8.097243e-03 
 3.335247e+01 -8.123828e-03 
 3.335286e+01 -8.150376e-03 
 3.335326e+01 -8.176989e-03 
 3.335366e+01 -8.203953e-03 
 3.335406e+01 -8.231568e-03 
 3.335445e+01 -8.260132e-03 
 3.335485e+01 -8.289816e-03 
 3.335525e+01 -8.320579e-03 
 3.335565e+01 -8.352401e-03 
 3.335604e+01 -8.384996e-03 
 3.335644e+01 -8.418126e-03 
 3.335684e+01 -8.451445e-03 
 3.335724e+01 -8.484504e-03 
 3.335764e+01 -8.516975e-03 
 3.335803e+01 -8.548485e-03 
 3.335843e+01 -8.578689e-03 
 3.335883e+01 -8.607257e-03 
 3.335923e+01 -8.633939e-03 
 3.335962e+01 -8.658539e-03 
 3.336002e+01 -8.680991e-03 
 3.336042e+01 -8.701416e-03 
 3.336082e+01 -8.719964e-03 
 3.336121e+01 -8.736829e-03 
 3.336161e+01 -8.752354e-03 
 3.336201e+01 -8.766908e-03 
 3.336241e+01 -8.780789e-03 
 3.336281e+01 -8.794416e-03 
 3.336320e+01 -8.808223e-03 
 3.336360e+01 -8.822644e-03 
 3.336400e+01 -8.838002e-03 
 3.336440e+01 -8.854594e-03 
 3.336479e+01 -8.872545e-03 
 3.336519e+01 -8.891954e-03 
 3.336559e+01 -8.912727e-03 
 3.336599e+01 -8.934688e-03 
 3.336638e+01 -8.957658e-03 
 3.336678e+01 -8.981346e-03 
 3.336718e+01 -9.005466e-03 
 3.336758e+01 -9.029681e-03 
 3.336798e+01 -9.053701e-03 
 3.336837e+01 -9.077136e-03 
 3.336877e+01 -9.099675e-03 
 3.336917e+01 -9.121078e-03 
 3.336957e+01 -9.141273e-03 
 3.336996e+01 -9.160198e-03 
 3.337036e+01 -9.177987e-03 
 3.337076e+01 -9.194713e-03 
 3.337116e+01 -9.210575e-03 
 3.337155e+01 -9.225867e-03 
 3.337195e+01 -9.240826e-03 
 3.337235e+01 -9.255608e-03 
 3.337275e+01 -9.270224e-03 
 3.337315e+01 -9.284813e-03 
 3.337354e+01 -9.299299e-03 
 3.337394e+01 -9.313542e-03 
 3.337434e+01 -9.327352e-03 
 3.337474e+01 -9.340338e-03 
 3.337513e+01 -9.352118e-03 
 3.337553e+01 -9.362326e-03 
 3.337593e+01 -9.370609e-03 
 3.337633e+01 -9.376760e-03 
 3.337672e+01 -9.380552e-03 
 3.337712e+01 -9.381847e-03 
 3.337752e+01 -9.380696e-03 
 3.337792e+01 -9.377312e-03 
 3.337832e+01 -9.371915e-03 
 3.337871e+01 -9.364850e-03 
 3.337911e+01 -9.356565e-03 
 3.337951e+01 -9.347517e-03 
 3.337991e+01 -9.338314e-03 
 3.338030e+01 -9.329420e-03 
 3.338070e+01 -9.321317e-03 
 3.338110e+01 -9.314305e-03 
 3.338150e+01 -9.308620e-03 
 3.338189e+01 -9.304306e-03 
 3.338229e+01 -9.301317e-03 
 3.338269e+01 -9.299446e-03 
 3.338309e+01 -9.298392e-03 
 3.338349e+01 -9.297827e-03 
 3.338388e+01 -9.297265e-03 
 3.338428e+01 -9.296253e-03 
 3.338468e+01 -9.294211e-03 
 3.338508e+01 -9.290712e-03 
 3.338547e+01 -9.285484e-03 
 3.338587e+01 -9.278395e-03 
 3.338627e+01 -9.269386e-03 
 3.338667e+01 -9.258527e-03 
 3.338706e+01 -9.246099e-03 
 3.338746e+01 -9.232354e-03 
 3.338786e+01 -9.217586e-03 
 3.338826e+01 -9.202098e-03 
 3.338866e+01 -9.186193e-03 
 3.338905e+01 -9.170090e-03 
 3.338945e+01 -9.154028e-03 
 3.338985e+01 -9.138288e-03 
 3.339025e+01 -9.122905e-03 
 3.339064e+01 -9.107811e-03 
 3.339104e+01 -9.092950e-03 
 3.339144e+01 -9.078206e-03 
 3.339184e+01 -9.063441e-03 
 3.339224e+01 -9.048431e-03 
 3.339263e+01 -9.032946e-03 
 3.339303e+01 -9.016789e-03 
 3.339343e+01 -8.999747e-03 
 3.339383e+01 -8.981651e-03 
 3.339422e+01 -8.962335e-03 
 3.339462e+01 -8.941628e-03 
 3.339502e+01 -8.919446e-03 
 3.339542e+01 -8.895882e-03 
 3.339581e+01 -8.871070e-03 
 3.339621e+01 -8.845306e-03 
 3.339661e+01 -8.818817e-03 
 3.339701e+01 -8.791877e-03 
 3.339741e+01 -8.764838e-03 
 3.339780e+01 -8.737935e-03 
 3.339820e+01 -8.711427e-03 
 3.339860e+01 -8.685531e-03 
 3.339900e+01 -8.660377e-03 
 3.339939e+01 -8.636041e-03 
 3.339979e+01 -8.612578e-03 
 3.340019e+01 -8.589953e-03 
 3.340059e+01 -8.568017e-03 
 3.340098e+01 -8.546580e-03 
 3.340138e+01 -8.525417e-03 
 3.340178e+01 -8.504324e-03 
 3.340218e+01 -8.483135e-03 
 3.340258e+01 -8.461624e-03 
 3.340297e+01 -8.439730e-03 
 3.340337e+01 -8.417444e-03 
 3.340377e+01 -8.394833e-03 
 3.340417e+01 -8.372069e-03 
 3.340456e+01 -8.349403e-03 
 3.340496e+01 -8.327165e-03 
 3.340536e+01 -8.305680e-03 
 3.340576e+01 -8.285286e-03 
 3.340615e+01 -8.266247e-03 
 3.340655e+01 -8.248757e-03 
 3.340695e+01 -8.232954e-03 
 3.340735e+01 -8.218906e-03 
 3.340775e+01 -8.206635e-03 
 3.340814e+01 -8.196017e-03 
 3.340854e+01 -8.186828e-03 
 3.340894e+01 -8.178805e-03 
 3.340934e+01 -8.171638e-03 
 3.340973e+01 -8.164876e-03 
 3.341013e+01 -8.158091e-03 
 3.341053e+01 -8.150856e-03 
 3.341093e+01 -8.142802e-03 
 3.341132e+01 -8.133630e-03 
 3.341172e+01 -8.123029e-03 
 3.341212e+01 -8.110906e-03 
 3.341252e+01 -8.097172e-03 
 3.341292e+01 -8.081749e-03 
 3.341331e+01 -8.064749e-03 
 3.341371e+01 -8.046338e-03 
 3.341411e+01 -8.026791e-03 
 3.341451e+01 -8.006343e-03 
 3.341490e+01 -7.985280e-03 
 3.341530e+01 -7.964043e-03 
 3.341570e+01 -7.942883e-03 
 3.341610e+01 -7.922083e-03 
 3.341649e+01 -7.901883e-03 
 3.341689e+01 -7.882354e-03 
 3.341729e+01 -7.863552e-03 
 3.341769e+01 -7.845503e-03 
 3.341809e+01 -7.828288e-03 
 3.341848e+01 -7.811760e-03 
 3.341888e+01 -7.795727e-03 
 3.341928e+01 -7.780044e-03 
 3.341968e+01 -7.764593e-03 
 3.342007e+01 -7.749282e-03 
 3.342047e+01 -7.734042e-03 
 3.342087e+01 -7.718923e-03 
 3.342127e+01 -7.704019e-03 
 3.342166e+01 -7.689494e-03 
 3.342206e+01 -7.675591e-03 
 3.342246e+01 -7.662571e-03 
 3.342286e+01 -7.650676e-03 
 3.342326e+01 -7.640079e-03 
 3.342365e+01 -7.631058e-03 
 3.342405e+01 -7.623712e-03 
 3.342445e+01 -7.618039e-03 
 3.342485e+01 -7.613986e-03 
 3.342524e+01 -7.611511e-03 
 3.342564e+01 -7.610439e-03 
 3.342604e+01 -7.610513e-03 
 3.342644e+01 -7.611475e-03 
 3.342683e+01 -7.613042e-03 
 3.342723e+01 -7.614903e-03 
 3.342763e+01 -7.616746e-03 
 3.342803e+01 -7.618259e-03 
 3.342843e+01 -7.619027e-03 
 3.342882e+01 -7.618762e-03 
 3.342922e+01 -7.617292e-03 
 3.342962e+01 -7.614474e-03 
 3.343002e+01 -7.610356e-03 
 3.343041e+01 -7.605031e-03 
 3.343081e+01 -7.598739e-03 
 3.343121e+01 -7.591885e-03 
 3.343161e+01 -7.584805e-03 
 3.343200e+01 -7.577906e-03 
 3.343240e+01 -7.571606e-03 
 3.343280e+01 -7.566288e-03 
 3.343320e+01 -7.562329e-03 
 3.343360e+01 -7.560046e-03 
 3.343399e+01 -7.559728e-03 
 3.343439e+01 -7.561462e-03 
 3.343479e+01 -7.565230e-03 
 3.343519e+01 -7.570909e-03 
 3.343558e+01 -7.578401e-03 
 3.343598e+01 -7.587350e-03 
 3.343638e+01 -7.597427e-03 
 3.343678e+01 -7.608277e-03 
 3.343717e+01 -7.619582e-03 
 3.343757e+01 -7.631130e-03 
 3.343797e+01 -7.642652e-03 
 3.343837e+01 -7.654014e-03 
 3.343877e+01 -7.665107e-03 
 3.343916e+01 -7.675964e-03 
 3.343956e+01 -7.686706e-03 
 3.343996e+01 -7.697504e-03 
 3.344036e+01 -7.708613e-03 
 3.344075e+01 -7.720229e-03 
 3.344115e+01 -7.732659e-03 
 3.344155e+01 -7.746166e-03 
 3.344195e+01 -7.760985e-03 
 3.344234e+01 -7.777270e-03 
 3.344274e+01 -7.795041e-03 
 3.344314e+01 -7.814260e-03 
 3.344354e+01 -7.834863e-03 
 3.344394e+01 -7.856659e-03 
 3.344433e+01 -7.879346e-03 
 3.344473e+01 -7.902534e-03 
 3.344513e+01 -7.925772e-03 
 3.344553e+01 -7.948636e-03 
 3.344592e+01 -7.970789e-03 
 3.344632e+01 -7.991842e-03 
 3.344672e+01 -8.011559e-03 
 3.344712e+01 -8.029929e-03 
 3.344751e+01 -8.047059e-03 
 3.344791e+01 -8.063128e-03 
 3.344831e+01 -8.078463e-03 
 3.344871e+01 -8.093427e-03 
 3.344911e+01 -8.108465e-03 
 3.344950e+01 -8.123942e-03 
 3.344990e+01 -8.140200e-03 
 3.345030e+01 -8.157444e-03 
 3.345070e+01 -8.175797e-03 
 3.345109e+01 -8.195344e-03 
 3.345149e+01 -8.216052e-03 
 3.345189e+01 -8.237827e-03 
 3.345229e+01 -8.260429e-03 
 3.345268e+01 -8.283582e-03 
 3.345308e+01 -8.307063e-03 
 3.345348e+01 -8.330494e-03 
 3.345388e+01 -8.353574e-03 
 3.345428e+01 -8.376027e-03 
 3.345467e+01 -8.397681e-03 
 3.345507e+01 -8.418424e-03 
 3.345547e+01 -8.438205e-03 
 3.345587e+01 -8.457198e-03 
 3.345626e+01 -8.475555e-03 
 3.345666e+01 -8.493378e-03 
 3.345706e+01 -8.510912e-03 
 3.345746e+01 -8.528453e-03 
 3.345785e+01 -8.546229e-03 
 3.345825e+01 -8.564449e-03 
 3.345865e+01 -8.583342e-03 
 3.345905e+01 -8.603128e-03 
 3.345945e+01 -8.624001e-03 
 3.345984e+01 -8.646001e-03 
 3.346024e+01 -8.669122e-03 
 3.346064e+01 -8.693195e-03 
 3.346104e+01 -8.717994e-03 
 3.346143e+01 -8.743195e-03 
 3.346183e+01 -8.768436e-03 
 3.346223e+01 -8.793326e-03 
 3.346263e+01 -8.817412e-03 
 3.346302e+01 -8.840192e-03 
 3.346342e+01 -8.861341e-03 
 3.346382e+01 -8.880549e-03 
 3.346422e+01 -8.897577e-03 
 3.346462e+01 -8.912223e-03 
 3.346501e+01 -8.924462e-03 
 3.346541e+01 -8.934417e-03 
 3.346581e+01 -8.942326e-03 
 3.346621e+01 -8.948437e-03 
 3.346660e+01 -8.953171e-03 
 3.346700e+01 -8.956872e-03 
 3.346740e+01 -8.959813e-03 
 3.346780e+01 -8.962297e-03 
 3.346819e+01 -8.964459e-03 
 3.346859e+01 -8.966372e-03 
 3.346899e+01 -8.968099e-03 
 3.346939e+01 -8.969573e-03 
 3.346979e+01 -8.970561e-03 
 3.347018e+01 -8.970908e-03 
 3.347058e+01 -8.970361e-03 
 3.347098e+01 -8.968760e-03 
 3.347138e+01 -8.965910e-03 
 3.347177e+01 -8.961695e-03 
 3.347217e+01 -8.956054e-03 
 3.347257e+01 -8.949043e-03 
 3.347297e+01 -8.940871e-03 
 3.347336e+01 -8.931888e-03 
 3.347376e+01 -8.922374e-03 
 3.347416e+01 -8.912820e-03 
 3.347456e+01 -8.903697e-03 
 3.347496e+01 -8.895423e-03 
 3.347535e+01 -8.888365e-03 
 3.347575e+01 -8.882902e-03 
 3.347615e+01 -8.879235e-03 
 3.347655e+01 -8.877514e-03 
 3.347694e+01 -8.877780e-03 
 3.347734e+01 -8.879896e-03 
 3.347774e+01 -8.883600e-03 
 3.347814e+01 -8.888591e-03 
 3.347853e+01 -8.894408e-03 
 3.347893e+01 -8.900527e-03 
 3.347933e+01 -8.906479e-03 
 3.347973e+01 -8.911828e-03 
 3.348013e+01 -8.916192e-03 
 3.348052e+01 -8.919236e-03 
 3.348092e+01 -8.920785e-03 
 3.348132e+01 -8.920773e-03 
 3.348172e+01 -8.919166e-03 
 3.348211e+01 -8.915951e-03 
 3.348251e+01 -8.911249e-03 
 3.348291e+01 -8.905297e-03 
 3.348331e+01 -8.898239e-03 
 3.348371e+01 -8.890328e-03 
 3.348410e+01 -8.881876e-03 
 3.348450e+01 -8.873150e-03 
 3.348490e+01 -8.864324e-03 
 3.348530e+01 -8.855659e-03 
 3.348569e+01 -8.847198e-03 
 3.348609e+01 -8.839039e-03 
 3.348649e+01 -8.831195e-03 
 3.348689e+01 -8.823622e-03 
 3.348728e+01 -8.816258e-03 
 3.348768e+01 -8.809022e-03 
 3.348808e+01 -8.801753e-03 
 3.348848e+01 -8.794267e-03 
 3.348888e+01 -8.786416e-03 
 3.348927e+01 -8.778083e-03 
 3.348967e+01 -8.769103e-03 
 3.349007e+01 -8.759435e-03 
 3.349047e+01 -8.749128e-03 
 3.349086e+01 -8.738289e-03 
 3.349126e+01 -8.726964e-03 
 3.349166e+01 -8.715217e-03 
 3.349206e+01 -8.703198e-03 
 3.349245e+01 -8.691040e-03 
 3.349285e+01 -8.678849e-03 
 3.349325e+01 -8.666950e-03 
 3.349365e+01 -8.655484e-03 
 3.349405e+01 -8.644629e-03 
 3.349444e+01 -8.634515e-03 
 3.349484e+01 -8.625269e-03 
 3.349524e+01 -8.616824e-03 
 3.349564e+01 -8.608981e-03 
 3.349603e+01 -8.601553e-03 
 3.349643e+01 -8.594234e-03 
 3.349683e+01 -8.586628e-03 
 3.349723e+01 -8.578412e-03 
 3.349762e+01 -8.569282e-03 
 3.349802e+01 -8.558960e-03 
 3.349842e+01 -8.547278e-03 
 3.349882e+01 -8.534228e-03 
 3.349922e+01 -8.519860e-03 
 3.349961e+01 -8.504297e-03 
 3.350001e+01 -8.487745e-03 
 3.350041e+01 -8.470490e-03 
 3.350081e+01 -8.452690e-03 
 3.350120e+01 -8.434576e-03 
 3.350160e+01 -8.416387e-03 
 3.350200e+01 -8.398313e-03 
 3.350240e+01 -8.380539e-03 
 3.350279e+01 -8.363337e-03 
 3.350319e+01 -8.346884e-03 
 3.350359e+01 -8.331233e-03 
 3.350399e+01 -8.316366e-03 
 3.350439e+01 -8.302144e-03 
 3.350478e+01 -8.288387e-03 
 3.350518e+01 -8.274735e-03 
 3.350558e+01 -8.260948e-03 
 3.350598e+01 -8.246747e-03 
 3.350637e+01 -8.231902e-03 
 3.350677e+01 -8.216210e-03 
 3.350717e+01 -8.199592e-03 
 3.350757e+01 -8.181914e-03 
 3.350796e+01 -8.163148e-03 
 3.350836e+01 -8.143368e-03 
 3.350876e+01 -8.122724e-03 
 3.350916e+01 -8.101353e-03 
 3.350956e+01 -8.079625e-03 
 3.350995e+01 -8.057855e-03 
 3.351035e+01 -8.036302e-03 
 3.351075e+01 -8.015354e-03 
 3.351115e+01 -7.995242e-03 
 3.351154e+01 -7.976176e-03 
 3.351194e+01 -7.958295e-03 
 3.351234e+01 -7.941650e-03 
 3.351274e+01 -7.926353e-03 
 3.351313e+01 -7.912279e-03 
 3.351353e+01 -7.899260e-03 
 3.351393e+01 -7.887091e-03 
 3.351433e+01 -7.875510e-03 
 3.351473e+01 -7.864317e-03 
 3.351512e+01 -7.853322e-03 
 3.351552e+01 -7.842337e-03 
 3.351592e+01 -7.831162e-03 
 3.351632e+01 -7.819719e-03 
 3.351671e+01 -7.808034e-03 
 3.351711e+01 -7.796156e-03 
 3.351751e+01 -7.784131e-03 
 3.351791e+01 -7.772073e-03 
 3.351830e+01 -7.760100e-03 
 3.351870e+01 -7.748395e-03 
 3.351910e+01 -7.737107e-03 
 3.351950e+01 -7.726404e-03 
 3.351990e+01 -7.716410e-03 
 3.352029e+01 -7.707183e-03 
 3.352069e+01 -7.698848e-03 
 3.352109e+01 -7.691373e-03 
 3.352149e+01 -7.684689e-03 
 3.352188e+01 -7.678634e-03 
 3.352228e+01 -7.673012e-03 
 3.352268e+01 -7.667469e-03 
 3.352308e+01 -7.661727e-03 
 3.352347e+01 -7.655535e-03 
 3.352387e+01 -7.648596e-03 
 3.352427e+01 -7.640769e-03 
 3.352467e+01 -7.631971e-03 
 3.352507e+01 -7.622244e-03 
 3.352546e+01 -7.611799e-03 
 3.352586e+01 -7.600908e-03 
 3.352626e+01 -7.589880e-03 
 3.352666e+01 -7.579172e-03 
 3.352705e+01 -7.569317e-03 
 3.352745e+01 -7.560862e-03 
 3.352785e+01 -7.554332e-03 
 3.352825e+01 -7.550304e-03 
 3.352864e+01 -7.549235e-03 
 3.352904e+01 -7.551360e-03 
 3.352944e+01 -7.556893e-03 
 3.352984e+01 -7.565918e-03 
 3.353024e+01 -7.578271e-03 
 3.353063e+01 -7.593591e-03 
 3.353103e+01 -7.611588e-03 
 3.353143e+01 -7.631885e-03 
 3.353183e+01 -7.653928e-03 
 3.353222e+01 -7.677307e-03 
 3.353262e+01 -7.701539e-03 
 3.353302e+01 -7.726271e-03 
 3.353342e+01 -7.751103e-03 
 3.353381e+01 -7.775778e-03 
 3.353421e+01 -7.800222e-03 
 3.353461e+01 -7.824462e-03 
 3.353501e+01 -7.848609e-03 
 3.353541e+01 -7.872870e-03 
 3.353580e+01 -7.897482e-03 
 3.353620e+01 -7.922632e-03 
 3.353660e+01 -7.948646e-03 
 3.353700e+01 -7.975665e-03 
 3.353739e+01 -8.003741e-03 
 3.353779e+01 -8.032836e-03 
 3.353819e+01 -8.062910e-03 
 3.353859e+01 -8.093856e-03 
 3.353898e+01 -8.125473e-03 
 3.353938e+01 -8.157509e-03 
 3.353978e+01 -8.189585e-03 
 3.354018e+01 -8.221337e-03 
 3.354058e+01 -8.252438e-03 
 3.354097e+01 -8.282571e-03 
 3.354137e+01 -8.311554e-03 
 3.354177e+01 -8.339286e-03 
 3.354217e+01 -8.365752e-03 
 3.354256e+01 -8.391052e-03 
 3.354296e+01 -8.415371e-03 
 3.354336e+01 -8.439031e-03 
 3.354376e+01 -8.462323e-03 
 3.354415e+01 -8.485633e-03 
 3.354455e+01 -8.509396e-03 
 3.354495e+01 -8.534068e-03 
 3.354535e+01 -8.559943e-03 
 3.354575e+01 -8.587284e-03 
 3.354614e+01 -8.616269e-03 
 3.354654e+01 -8.646911e-03 
 3.354694e+01 -8.679099e-03 
 3.354734e+01 -8.712667e-03 
 3.354773e+01 -8.747256e-03 
 3.354813e+01 -8.782466e-03 
 3.354853e+01 -8.817864e-03 
 3.354893e+01 -8.853024e-03 
 3.354932e+01 -8.887626e-03 
 3.354972e+01 -8.921347e-03 
 3.355012e+01 -8.953961e-03 
 3.355052e+01 -8.985362e-03 
 3.355092e+01 -9.015498e-03 
 3.355131e+01 -9.044293e-03 
 3.355171e+01 -9.071858e-03 
 3.355211e+01 -9.098289e-03 
 3.355251e+01 -9.123645e-03 
 3.355290e+01 -9.148112e-03 
 3.355330e+01 -9.171935e-03 
 3.355370e+01 -9.195267e-03 
 3.355410e+01 -9.218377e-03 
 3.355449e+01 -9.241446e-03 
 3.355489e+01 -9.264606e-03 
 3.355529e+01 -9.287843e-03 
 3.355569e+01 -9.311057e-03 
 3.355609e+01 -9.334074e-03 
 3.355648e+01 -9.356762e-03 
 3.355688e+01 -9.378859e-03 
 3.355728e+01 -9.400109e-03 
 3.355768e+01 -9.420249e-03 
 3.355807e+01 -9.438953e-03 
 3.355847e+01 -9.456030e-03 
 3.355887e+01 -9.471337e-03 
 3.355927e+01 -9.484723e-03 
 3.355966e+01 -9.496125e-03 
 3.356006e+01 -9.505670e-03 
 3.356046e+01 -9.513617e-03 
 3.356086e+01 -9.520316e-03 
 3.356126e+01 -9.526125e-03 
 3.356165e+01 -9.531250e-03 
 3.356205e+01 -9.536070e-03 
 3.356245e+01 -9.540896e-03 
 3.356285e+01 -9.546016e-03 
 3.356324e+01 -9.551673e-03 
 3.356364e+01 -9.558012e-03 
 3.356404e+01 -9.565080e-03 
 3.356444e+01 -9.572770e-03 
 3.356483e+01 -9.581018e-03 
 3.356523e+01 -9.589639e-03 
 3.356563e+01 -9.598333e-03 
 3.356603e+01 -9.606854e-03 
 3.356643e+01 -9.614993e-03 
 3.356682e+01 -9.622598e-03 
 3.356722e+01 -9.629586e-03 
 3.356762e+01 -9.635990e-03 
 3.356802e+01 -9.641840e-03 
 3.356841e+01 -9.647201e-03 
 3.356881e+01 -9.652299e-03 
 3.356921e+01 -9.657279e-03 
 3.356961e+01 -9.662363e-03 
 3.357000e+01 -9.667722e-03 
 3.357040e+01 -9.673517e-03 
 3.357080e+01 -9.680016e-03 
 3.357120e+01 -9.687302e-03 
 3.357160e+01 -9.695536e-03 
 3.357199e+01 -9.704812e-03 
 3.357239e+01 -9.715002e-03 
 3.357279e+01 -9.725922e-03 
 3.357319e+01 -9.737304e-03 
 3.357358e+01 -9.748832e-03 
 3.357398e+01 -9.760022e-03 
 3.357438e+01 -9.770447e-03 
 3.357478e+01 -9.779743e-03 
 3.357517e+01 -9.787543e-03 
 3.357557e+01 -9.793529e-03 
 3.357597e+01 -9.797546e-03 
 3.357637e+01 -9.799446e-03 
 3.357677e+01 -9.799109e-03 
 3.357716e+01 -9.796515e-03 
 3.357756e+01 -9.791814e-03 
 3.357796e+01 -9.785160e-03 
 3.357836e+01 -9.776847e-03 
 3.357875e+01 -9.767249e-03 
 3.357915e+01 -9.756736e-03 
 3.357955e+01 -9.745646e-03 
 3.357995e+01 -9.734368e-03 
 3.358035e+01 -9.723252e-03 
 3.358074e+01 -9.712593e-03 
 3.358114e+01 -9.702603e-03 
 3.358154e+01 -9.693384e-03 
 3.358194e+01 -9.684997e-03 
 3.358233e+01 -9.677532e-03 
 3.358273e+01 -9.670969e-03 
 3.358313e+01 -9.665290e-03 
 3.358353e+01 -9.660404e-03 
 3.358392e+01 -9.656199e-03 
 3.358432e+01 -9.652630e-03 
 3.358472e+01 -9.649532e-03 
 3.358512e+01 -9.646814e-03 
 3.358552e+01 -9.644346e-03 
 3.358591e+01 -9.641943e-03 
 3.358631e+01 -9.639555e-03 
 3.358671e+01 -9.637136e-03 
 3.358711e+01 -9.634778e-03 
 3.358750e+01 -9.632538e-03 
 3.358790e+01 -9.630464e-03 
 3.358830e+01 -9.628623e-03 
 3.358870e+01 -9.627114e-03 
 3.358909e+01 -9.626026e-03 
 3.358949e+01 -9.625374e-03 
 3.358989e+01 -9.625136e-03 
 3.359029e+01 -9.625220e-03 
 3.359069e+01 -9.625489e-03 
 3.359108e+01 -9.625682e-03 
 3.359148e+01 -9.625451e-03 
 3.359188e+01 -9.624418e-03 
 3.359228e+01 -9.622160e-03 
 3.359267e+01 -9.618287e-03 
 3.359307e+01 -9.612501e-03 
 3.359347e+01 -9.604591e-03 
 3.359387e+01 -9.594315e-03 
 3.359426e+01 -9.581522e-03 
 3.359466e+01 -9.566157e-03 
 3.359506e+01 -9.548213e-03 
 3.359546e+01 -9.527856e-03 
 3.359586e+01 -9.505358e-03 
 3.359625e+01 -9.481144e-03 
 3.359665e+01 -9.455698e-03 
 3.359705e+01 -9.429519e-03 
 3.359745e+01 -9.403082e-03 
 3.359784e+01 -9.376795e-03 
 3.359824e+01 -9.350953e-03 
 3.359864e+01 -9.325784e-03 
 3.359904e+01 -9.301296e-03 
 3.359943e+01 -9.277387e-03 
 3.359983e+01 -9.253964e-03 
 3.360023e+01 -9.230929e-03 
 3.360063e+01 -9.208072e-03 
 3.360103e+01 -9.185156e-03 
 3.360142e+01 -9.161890e-03 
 3.360182e+01 -9.138051e-03 
 3.360222e+01 -9.113452e-03 
 3.360262e+01 -9.088014e-03 
 3.360301e+01 -9.061652e-03 
 3.360341e+01 -9.034285e-03 
 3.360381e+01 -9.005975e-03 
 3.360421e+01 -8.976931e-03 
 3.360460e+01 -8.947438e-03 
 3.360500e+01 -8.917695e-03 
 3.360540e+01 -8.887911e-03 
 3.360580e+01 -8.858347e-03 
 3.360620e+01 -8.829200e-03 
 3.360659e+01 -8.800687e-03 
 3.360699e+01 -8.773028e-03 
 3.360739e+01 -8.746308e-03 
 3.360779e+01 -8.720441e-03 
 3.360818e+01 -8.695323e-03 
 3.360858e+01 -8.670818e-03 
 3.360898e+01 -8.646744e-03 
 3.360938e+01 -8.622776e-03 
 3.360977e+01 -8.598667e-03 
 3.361017e+01 -8.574146e-03 
 3.361057e+01 -8.548979e-03 
 3.361097e+01 -8.523017e-03 
 3.361137e+01 -8.496169e-03 
 3.361176e+01 -8.468362e-03 
 3.361216e+01 -8.439614e-03 
 3.361256e+01 -8.410139e-03 
 3.361296e+01 -8.380076e-03 
 3.361335e+01 -8.349608e-03 
 3.361375e+01 -8.318993e-03 
 3.361415e+01 -8.288523e-03 
 3.361455e+01 -8.258435e-03 
 3.361494e+01 -8.229029e-03 
 3.361534e+01 -8.200555e-03 
 3.361574e+01 -8.173120e-03 
 3.361614e+01 -8.146749e-03 
 3.361654e+01 -8.121491e-03 
 3.361693e+01 -8.097219e-03 
 3.361733e+01 -8.073789e-03 
 3.361773e+01 -8.050935e-03 
 3.361813e+01 -8.028431e-03 
 3.361852e+01 -8.006022e-03 
 3.361892e+01 -7.983516e-03 
 3.361932e+01 -7.960749e-03 
 3.361972e+01 -7.937629e-03 
 3.362011e+01 -7.914181e-03 
 3.362051e+01 -7.890455e-03 
 3.362091e+01 -7.866583e-03 
 3.362131e+01 -7.842974e-03 
 3.362171e+01 -7.819957e-03 
 3.362210e+01 -7.798128e-03 
 3.362250e+01 -7.777998e-03 
 3.362290e+01 -7.760138e-03 
 3.362330e+01 -7.745066e-03 
 3.362369e+01 -7.733197e-03 
 3.362409e+01 -7.724861e-03 
 3.362449e+01 -7.720173e-03 
 3.362489e+01 -7.719102e-03 
 3.362528e+01 -7.721412e-03 
 3.362568e+01 -7.726687e-03 
 3.362608e+01 -7.734536e-03 
 3.362648e+01 -7.744464e-03 
 3.362688e+01 -7.755940e-03 
 3.362727e+01 -7.768418e-03 
 3.362767e+01 -7.781468e-03 
 3.362807e+01 -7.794603e-03 
 3.362847e+01 -7.807509e-03 
 3.362886e+01 -7.819981e-03 
 3.362926e+01 -7.831927e-03 
 3.362966e+01 -7.843335e-03 
 3.363006e+01 -7.854317e-03 
 3.363045e+01 -7.865048e-03 
 3.363085e+01 -7.875714e-03 
 3.363125e+01 -7.886523e-03 
 3.363165e+01 -7.897645e-03 
 3.363205e+01 -7.909233e-03 
 3.363244e+01 -7.921497e-03 
 3.363284e+01 -7.934503e-03 
 3.363324e+01 -7.948341e-03 
 3.363364e+01 -7.962938e-03 
 3.363403e+01 -7.978128e-03 
 3.363443e+01 -7.993726e-03 
 3.363483e+01 -8.009548e-03 
 3.363523e+01 -8.025467e-03 
 3.363562e+01 -8.041339e-03 
 3.363602e+01 -8.057116e-03 
 3.363642e+01 -8.072751e-03 
 3.363682e+01 -8.088207e-03 
 3.363722e+01 -8.103547e-03 
 3.363761e+01 -8.118881e-03 
 3.363801e+01 -8.134383e-03 
 3.363841e+01 -8.150299e-03 
 3.363881e+01 -8.167022e-03 
 3.363920e+01 -8.184936e-03 
 3.363960e+01 -8.204442e-03 
 3.364000e+01 -8.225884e-03 
 3.364040e+01 -8.249550e-03 
 3.364079e+01 -8.275617e-03 
 3.364119e+01 -8.304149e-03 
 3.364159e+01 -8.335065e-03 
 3.364199e+01 -8.368311e-03 
 3.364239e+01 -8.403556e-03 
 3.364278e+01 -8.440421e-03 
 3.364318e+01 -8.478435e-03 
 3.364358e+01 -8.517165e-03 
 3.364398e+01 -8.556155e-03 
 3.364437e+01 -8.594960e-03 
 3.364477e+01 -8.633147e-03 
 3.364517e+01 -8.670292e-03 
 3.364557e+01 -8.706065e-03 
 3.364596e+01 -8.740178e-03 
 3.364636e+01 -8.772420e-03 
 3.364676e+01 -8.802621e-03 
 3.364716e+01 -8.830788e-03 
 3.364756e+01 -8.856998e-03 
 3.364795e+01 -8.881479e-03 
 3.364835e+01 -8.904544e-03 
 3.364875e+01 -8.926424e-03 
 3.364915e+01 -8.947317e-03 
 3.364954e+01 -8.967417e-03 
 3.364994e+01 -8.986813e-03 
 3.365034e+01 -9.005657e-03 
 3.365074e+01 -9.024042e-03 
 3.365113e+01 -9.042060e-03 
 3.365153e+01 -9.059777e-03 
 3.365193e+01 -9.077174e-03 
 3.365233e+01 -9.094214e-03 
 3.365273e+01 -9.110832e-03 
 3.365312e+01 -9.126878e-03 
 3.365352e+01 -9.142255e-03 
 3.365392e+01 -9.156839e-03 
 3.365432e+01 -9.170639e-03 
 3.365471e+01 -9.183610e-03 
 3.365511e+01 -9.195795e-03 
 3.365551e+01 -9.207320e-03 
 3.365591e+01 -9.218338e-03 
 3.365630e+01 -9.229014e-03 
 3.365670e+01 -9.239617e-03 
 3.365710e+01 -9.250362e-03 
 3.365750e+01 -9.261546e-03 
 3.365790e+01 -9.273407e-03 
 3.365829e+01 -9.286066e-03 
 3.365869e+01 -9.299627e-03 
 3.365909e+01 -9.314041e-03 
 3.365949e+01 -9.329172e-03 
 3.365988e+01 -9.344814e-03 
 3.366028e+01 -9.360766e-03 
 3.366068e+01 -9.376776e-03 
 3.366108e+01 -9.392558e-03 
 3.366147e+01 -9.407879e-03 
 3.366187e+01 -9.422506e-03 
 3.366227e+01 -9.436269e-03 
 3.366267e+01 -9.449019e-03 
 3.366307e+01 -9.460701e-03 
 3.366346e+01 -9.471270e-03 
 3.366386e+01 -9.480788e-03 
 3.366426e+01 -9.489417e-03 
 3.366466e+01 -9.497357e-03 
 3.366505e+01 -9.504818e-03 
 3.366545e+01 -9.512122e-03 
 3.366585e+01 -9.519516e-03 
 3.366625e+01 -9.527262e-03 
 3.366664e+01 -9.535580e-03 
 3.366704e+01 -9.544666e-03 
 3.366744e+01 -9.554639e-03 
 3.366784e+01 -9.565530e-03 
 3.366824e+01 -9.577280e-03 
 3.366863e+01 -9.589632e-03 
 3.366903e+01 -9.602437e-03 
 3.366943e+01 -9.615330e-03 
 3.366983e+01 -9.628005e-03 
 3.367022e+01 -9.640257e-03 
 3.367062e+01 -9.651814e-03 
 3.367102e+01 -9.662460e-03 
 3.367142e+01 -9.671927e-03 
 3.367182e+01 -9.680123e-03 
 3.367221e+01 -9.686966e-03 
 3.367261e+01 -9.692468e-03 
 3.367301e+01 -9.696733e-03 
 3.367341e+01 -9.699880e-03 
 3.367380e+01 -9.702204e-03 
 3.367420e+01 -9.703952e-03 
 3.367460e+01 -9.705413e-03 
 3.367500e+01 -9.706822e-03 
 3.367539e+01 -9.708377e-03 
 3.367579e+01 -9.710269e-03 
 3.367619e+01 -9.712661e-03 
 3.367659e+01 -9.715726e-03 
 3.367699e+01 -9.719512e-03 
 3.367738e+01 -9.724110e-03 
 3.367778e+01 -9.729546e-03 
 3.367818e+01 -9.735750e-03 
 3.367858e+01 -9.742693e-03 
 3.367897e+01 -9.750166e-03 
 3.367937e+01 -9.758061e-03 
 3.367977e+01 -9.766252e-03 
 3.368017e+01 -9.774541e-03 
 3.368056e+01 -9.782725e-03 
 3.368096e+01 -9.790632e-03 
 3.368136e+01 -9.798094e-03 
 3.368176e+01 -9.804988e-03 
 3.368216e+01 -9.811203e-03 
 3.368255e+01 -9.816765e-03 
 3.368295e+01 -9.821767e-03 
 3.368335e+01 -9.826354e-03 
 3.368375e+01 -9.830774e-03 
 3.368414e+01 -9.835316e-03 
 3.368454e+01 -9.840145e-03 
 3.368494e+01 -9.845416e-03 
 3.368534e+01 -9.851127e-03 
 3.368573e+01 -9.857182e-03 
 3.368613e+01 -9.863410e-03 
 3.368653e+01 -9.869531e-03 
 3.368693e+01 -9.875237e-03 
 3.368733e+01 -9.880128e-03 
 3.368772e+01 -9.883886e-03 
 3.368812e+01 -9.886133e-03 
 3.368852e+01 -9.886488e-03 
 3.368892e+01 -9.884592e-03 
 3.368931e+01 -9.880246e-03 
 3.368971e+01 -9.873398e-03 
 3.369011e+01 -9.864193e-03 
 3.369051e+01 -9.852893e-03 
 3.369090e+01 -9.839928e-03 
 3.369130e+01 -9.825839e-03 
 3.369170e+01 -9.811117e-03 
 3.369210e+01 -9.796303e-03 
 3.369250e+01 -9.781950e-03 
 3.369289e+01 -9.768392e-03 
 3.369329e+01 -9.755939e-03 
 3.369369e+01 -9.744777e-03 
 3.369409e+01 -9.735036e-03 
 3.369448e+01 -9.726636e-03 
 3.369488e+01 -9.719403e-03 
 3.369528e+01 -9.713150e-03 
 3.369568e+01 -9.707580e-03 
 3.369607e+01 -9.702430e-03 
 3.369647e+01 -9.697344e-03 
 3.369687e+01 -9.691989e-03 
 3.369727e+01 -9.686031e-03 
 3.369767e+01 -9.679216e-03 
 3.369806e+01 -9.671300e-03 
 3.369846e+01 -9.662106e-03 
 3.369886e+01 -9.651520e-03 
 3.369926e+01 -9.639603e-03 
 3.369965e+01 -9.626437e-03 
 3.370005e+01 -9.612190e-03 
 3.370045e+01 -9.596940e-03 
 3.370085e+01 -9.580771e-03 
 3.370124e+01 -9.563754e-03 
 3.370164e+01 -9.545954e-03 
 3.370204e+01 -9.527468e-03 
 3.370244e+01 -9.508337e-03 
 3.370284e+01 -9.488571e-03 
 3.370323e+01 -9.468065e-03 
 3.370363e+01 -9.446828e-03 
 3.370403e+01 -9.424754e-03 
 3.370443e+01 -9.401653e-03 
 3.370482e+01 -9.377496e-03 
 3.370522e+01 -9.352136e-03 
 3.370562e+01 -9.325530e-03 
 3.370602e+01 -9.297629e-03 
 3.370641e+01 -9.268444e-03 
 3.370681e+01 -9.238064e-03 
 3.370721e+01 -9.206520e-03 
 3.370761e+01 -9.173992e-03 
 3.370801e+01 -9.140769e-03 
 3.370840e+01 -9.107176e-03 
 3.370880e+01 -9.073596e-03 
 3.370920e+01 -9.040450e-03 
 3.370960e+01 -9.008103e-03 
 3.370999e+01 -8.976918e-03 
 3.371039e+01 -8.947182e-03 
 3.371079e+01 -8.919014e-03 
 3.371119e+01 -8.892493e-03 
 3.371158e+01 -8.867637e-03 
 3.371198e+01 -8.844389e-03 
 3.371238e+01 -8.822549e-03 
 3.371278e+01 -8.801885e-03 
 3.371318e+01 -8.782076e-03 
 3.371357e+01 -8.762790e-03 
 3.371397e+01 -8.743643e-03 
 3.371437e+01 -8.724371e-03 
 3.371477e+01 -8.704716e-03 
 3.371516e+01 -8.684454e-03 
 3.371556e+01 -8.663524e-03 
 3.371596e+01 -8.642077e-03 
 3.371636e+01 -8.620252e-03 
 3.371675e+01 -8.598259e-03 
 3.371715e+01 -8.576446e-03 
 3.371755e+01 -8.555247e-03 
 3.371795e+01 -8.535039e-03 
 3.371835e+01 -8.516204e-03 
 3.371874e+01 -8.499170e-03 
 3.371914e+01 -8.484285e-03 
 3.371954e+01 -8.471738e-03 
 3.371994e+01 -8.461666e-03 
 3.372033e+01 -8.454113e-03 
 3.372073e+01 -8.448904e-03 
 3.372113e+01 -8.445736e-03 
 3.372153e+01 -8.444357e-03 
 3.372192e+01 -8.444393e-03 
 3.372232e+01 -8.445483e-03 
 3.372272e+01 -8.447247e-03 
 3.372312e+01 -8.449416e-03 
 3.372352e+01 -8.451809e-03 
 3.372391e+01 -8.454395e-03 
 3.372431e+01 -8.457119e-03 
 3.372471e+01 -8.460131e-03 
 3.372511e+01 -8.463576e-03 
 3.372550e+01 -8.467678e-03 
 3.372590e+01 -8.472629e-03 
 3.372630e+01 -8.478634e-03 
 3.372670e+01 -8.485810e-03 
 3.372709e+01 -8.494285e-03 
 3.372749e+01 -8.504080e-03 
 3.372789e+01 -8.515255e-03 
 3.372829e+01 -8.527721e-03 
 3.372869e+01 -8.541354e-03 
 3.372908e+01 -8.556092e-03 
 3.372948e+01 -8.571629e-03 
 3.372988e+01 -8.587764e-03 
 3.373028e+01 -8.604329e-03 
 3.373067e+01 -8.621069e-03 
 3.373107e+01 -8.637794e-03 
 3.373147e+01 -8.654364e-03 
 3.373187e+01 -8.670671e-03 
 3.373226e+01 -8.686633e-03 
 3.373266e+01 -8.702198e-03 
 3.373306e+01 -8.717455e-03 
 3.373346e+01 -8.732520e-03 
 3.373386e+01 -8.747506e-03 
 3.373425e+01 -8.762546e-03 
 3.373465e+01 -8.777897e-03 
 3.373505e+01 -8.793864e-03 
 3.373545e+01 -8.810657e-03 
 3.373584e+01 -8.828579e-03 
 3.373624e+01 -8.847881e-03 
 3.373664e+01 -8.868604e-03 
 3.373704e+01 -8.890731e-03 
 3.373743e+01 -8.914280e-03 
 3.373783e+01 -8.939113e-03 
 3.373823e+01 -8.965058e-03 
 3.373863e+01 -8.991823e-03 
 3.373903e+01 -9.019089e-03 
 3.373942e+01 -9.046613e-03 
 3.373982e+01 -9.074053e-03 
 3.374022e+01 -9.101127e-03 
 3.374062e+01 -9.127550e-03 
 3.374101e+01 -9.153176e-03 
 3.374141e+01 -9.177990e-03 
 3.374181e+01 -9.201991e-03 
 3.374221e+01 -9.225257e-03 
 3.374260e+01 -9.247934e-03 
 3.374300e+01 -9.270161e-03 
 3.374340e+01 -9.292104e-03 
 3.374380e+01 -9.313963e-03 
 3.374420e+01 -9.335999e-03 
 3.374459e+01 -9.358277e-03 
 3.374499e+01 -9.381008e-03 
 3.374539e+01 -9.404379e-03 
 3.374579e+01 -9.428533e-03 
 3.374618e+01 -9.453528e-03 
 3.374658e+01 -9.479386e-03 
 3.374698e+01 -9.506088e-03 
 3.374738e+01 -9.533664e-03 
 3.374777e+01 -9.562015e-03 
 3.374817e+01 -9.590973e-03 
 3.374857e+01 -9.620343e-03 
 3.374897e+01 -9.649875e-03 
 3.374937e+01 -9.679320e-03 
 3.374976e+01 -9.708423e-03 
 3.375016e+01 -9.736914e-03 
 3.375056e+01 -9.764652e-03 
 3.375096e+01 -9.791525e-03 
 3.375135e+01 -9.817511e-03 
 3.375175e+01 -9.842653e-03 
 3.375215e+01 -9.866974e-03 
 3.375255e+01 -9.890534e-03 
 3.375294e+01 -9.913362e-03 
 3.375334e+01 -9.935557e-03 
 3.375374e+01 -9.957262e-03 
 3.375414e+01 -9.978529e-03 
 3.375454e+01 -9.999328e-03 
 3.375493e+01 -1.001959e-02 
 3.375533e+01 -1.003918e-02 
 3.375573e+01 -1.005791e-02 
 3.375613e+01 -1.007557e-02 
 3.375652e+01 -1.009200e-02 
 3.375692e+01 -1.010703e-02 
 3.375732e+01 -1.012050e-02 
 3.375772e+01 -1.013231e-02 
 3.375811e+01 -1.014243e-02 
 3.375851e+01 -1.015087e-02 
 3.375891e+01 -1.015765e-02 
 3.375931e+01 -1.016304e-02 
 3.375971e+01 -1.016743e-02 
 3.376010e+01 -1.017111e-02 
 3.376050e+01 -1.017447e-02 
 3.376090e+01 -1.017793e-02 
 3.376130e+01 -1.018188e-02 
 3.376169e+01 -1.018665e-02 
 3.376209e+01 -1.019248e-02 
 3.376249e+01 -1.019953e-02 
 3.376289e+01 -1.020796e-02 
 3.376329e+01 -1.021785e-02 
 3.376368e+01 -1.022935e-02 
 3.376408e+01 -1.024239e-02 
 3.376448e+01 -1.025675e-02 
 3.376488e+01 -1.027228e-02 
 3.376527e+01 -1.028862e-02 
 3.376567e+01 -1.030548e-02 
 3.376607e+01 -1.032249e-02 
 3.376647e+01 -1.033927e-02 
 3.376686e+01 -1.035549e-02 
 3.376726e+01 -1.037091e-02 
 3.376766e+01 -1.038531e-02 
 3.376806e+01 -1.039854e-02 
 3.376846e+01 -1.041046e-02 
 3.376885e+01 -1.042101e-02 
 3.376925e+01 -1.043021e-02 
 3.376965e+01 -1.043827e-02 
 3.377005e+01 -1.044538e-02 
 3.377044e+01 -1.045172e-02 
 3.377084e+01 -1.045749e-02 
 3.377124e+01 -1.046295e-02 
 3.377164e+01 -1.046821e-02 
 3.377203e+01 -1.047331e-02 
 3.377243e+01 -1.047836e-02 
 3.377283e+01 -1.048337e-02 
 3.377323e+01 -1.048828e-02 
 3.377363e+01 -1.049307e-02 
 3.377402e+01 -1.049767e-02 
 3.377442e+01 -1.050199e-02 
 3.377482e+01 -1.050593e-02 
 3.377522e+01 -1.050948e-02 
 3.377561e+01 -1.051258e-02 
 3.377601e+01 -1.051518e-02 
 3.377641e+01 -1.051725e-02 
 3.377681e+01 -1.051889e-02 
 3.377720e+01 -1.052025e-02 
 3.377760e+01 -1.052138e-02 
 3.377800e+01 -1.052248e-02 
 3.377840e+01 -1.052389e-02 
 3.377880e+01 -1.052590e-02 
 3.377919e+01 -1.052881e-02 
 3.377959e+01 -1.053296e-02 
 3.377999e+01 -1.053858e-02 
 3.378039e+01 -1.054570e-02 
 3.378078e+01 -1.055428e-02 
 3.378118e+01 -1.056420e-02 
 3.378158e+01 -1.057519e-02 
 3.378198e+01 -1.058688e-02 
 3.378237e+01 -1.059881e-02 
 3.378277e+01 -1.061058e-02 
 3.378317e+01 -1.062170e-02 
 3.378357e+01 -1.063168e-02 
 3.378397e+01 -1.064007e-02 
 3.378436e+01 -1.064644e-02 
 3.378476e+01 -1.065061e-02 
 3.378516e+01 -1.065247e-02 
 3.378556e+01 -1.065203e-02 
 3.378595e+01 -1.064945e-02 
 3.378635e+01 -1.064493e-02 
 3.378675e+01 -1.063880e-02 
 3.378715e+01 -1.063145e-02 
 3.378754e+01 -1.062328e-02 
 3.378794e+01 -1.061465e-02 
 3.378834e+01 -1.060581e-02 
 3.378874e+01 -1.059708e-02 
 3.378914e+01 -1.058865e-02 
 3.378953e+01 -1.058055e-02 
 3.378993e+01 -1.057276e-02 
 3.379033e+01 -1.056513e-02 
 3.379073e+01 -1.055740e-02 
 3.379112e+01 -1.054938e-02 
 3.379152e+01 -1.054078e-02 
 3.379192e+01 -1.053146e-02 
 3.379232e+01 -1.052121e-02 
 3.379271e+01 -1.050993e-02 
 3.379311e+01 -1.049752e-02 
 3.379351e+01 -1.048394e-02 
 3.379391e+01 -1.046910e-02 
 3.379431e+01 -1.045304e-02 
 3.379470e+01 -1.043586e-02 
 3.379510e+01 -1.041774e-02 
 3.379550e+01 -1.039889e-02 
 3.379590e+01 -1.037958e-02 
 3.379629e+01 -1.036007e-02 
 3.379669e+01 -1.034057e-02 
 3.379709e+01 -1.032129e-02 
 3.379749e+01 -1.030241e-02 
 3.379788e+01 -1.028393e-02 
 3.379828e+01 -1.026591e-02 
 3.379868e+01 -1.024828e-02 
 3.379908e+01 -1.023101e-02 
 3.379948e+01 -1.021393e-02 
 3.379987e+01 -1.019689e-02 
 3.380027e+01 -1.017966e-02 
 3.380067e+01 -1.016199e-02 
 3.380107e+01 -1.014372e-02 
 3.380146e+01 -1.012475e-02 
 3.380186e+01 -1.010507e-02 
 3.380226e+01 -1.008469e-02 
 3.380266e+01 -1.006363e-02 
 3.380305e+01 -1.004207e-02 
 3.380345e+01 -1.002018e-02 
 3.380385e+01 -9.998114e-03 
 3.380425e+01 -9.976006e-03 
 3.380465e+01 -9.953969e-03 
 3.380504e+01 -9.932232e-03 
 3.380544e+01 -9.910945e-03 
 3.380584e+01 -9.890181e-03 
 3.380624e+01 -9.869987e-03 
 3.380663e+01 -9.850293e-03 
 3.380703e+01 -9.830936e-03 
 3.380743e+01 -9.811839e-03 
 3.380783e+01 -9.792772e-03 
 3.380822e+01 -9.773395e-03 
 3.380862e+01 -9.753463e-03 
 3.380902e+01 -9.732696e-03 
 3.380942e+01 -9.710779e-03 
 3.380982e+01 -9.687451e-03 
 3.381021e+01 -9.662478e-03 
 3.381061e+01 -9.635707e-03 
 3.381101e+01 -9.607126e-03 
 3.381141e+01 -9.576880e-03 
 3.381180e+01 -9.545269e-03 
 3.381220e+01 -9.512698e-03 
 3.381260e+01 -9.479568e-03 
 3.381300e+01 -9.446382e-03 
 3.381339e+01 -9.413663e-03 
 3.381379e+01 -9.381925e-03 
 3.381419e+01 -9.351645e-03 
 3.381459e+01 -9.323261e-03 
 3.381499e+01 -9.297085e-03 
 3.381538e+01 -9.273264e-03 
 3.381578e+01 -9.251854e-03 
 3.381618e+01 -9.232854e-03 
 3.381658e+01 -9.216138e-03 
 3.381697e+01 -9.201452e-03 
 3.381737e+01 -9.188608e-03 
 3.381777e+01 -9.177395e-03 
 3.381817e+01 -9.167550e-03 
 3.381856e+01 -9.158859e-03 
 3.381896e+01 -9.151233e-03 
 3.381936e+01 -9.144571e-03 
 3.381976e+01 -9.138852e-03 
 3.382016e+01 -9.134143e-03 
 3.382055e+01 -9.130542e-03 
 3.382095e+01 -9.128107e-03 
 3.382135e+01 -9.126946e-03 
 3.382175e+01 -9.127126e-03 
 3.382214e+01 -9.128694e-03 
 3.382254e+01 -9.131583e-03 
 3.382294e+01 -9.135732e-03 
 3.382334e+01 -9.141012e-03 
 3.382373e+01 -9.147263e-03 
 3.382413e+01 -9.154225e-03 
 3.382453e+01 -9.161587e-03 
 3.382493e+01 -9.169113e-03 
 3.382533e+01 -9.176617e-03 
 3.382572e+01 -9.183831e-03 
 3.382612e+01 -9.190576e-03 
 3.382652e+01 -9.196699e-03 
 3.382692e+01 -9.202053e-03 
 3.382731e+01 -9.206570e-03 
 3.382771e+01 -9.210224e-03 
 3.382811e+01 -9.213059e-03 
 3.382851e+01 -9.215189e-03 
 3.382890e+01 -9.216828e-03 
 3.382930e+01 -9.218283e-03 
 3.382970e+01 -9.219857e-03 
 3.383010e+01 -9.221876e-03 
 3.383050e+01 -9.224717e-03 
 3.383089e+01 -9.228739e-03 
 3.383129e+01 -9.234282e-03 
 3.383169e+01 -9.241603e-03 
 3.383209e+01 -9.250870e-03 
 3.383248e+01 -9.262238e-03 
 3.383288e+01 -9.275811e-03 
 3.383328e+01 -9.291629e-03 
 3.383368e+01 -9.309659e-03 
 3.383407e+01 -9.329783e-03 
 3.383447e+01 -9.351805e-03 
 3.383487e+01 -9.375441e-03 
 3.383527e+01 -9.400360e-03 
 3.383567e+01 -9.426163e-03 
 3.383606e+01 -9.452491e-03 
 3.383646e+01 -9.479003e-03 
 3.383686e+01 -9.505454e-03 
 3.383726e+01 -9.531659e-03 
 3.383765e+01 -9.557521e-03 
 3.383805e+01 -9.582933e-03 
 3.383845e+01 -9.607862e-03 
 3.383885e+01 -9.632332e-03 
 3.383924e+01 -9.656409e-03 
 3.383964e+01 -9.680196e-03 
 3.384004e+01 -9.703852e-03 
 3.384044e+01 -9.727545e-03 
 3.384084e+01 -9.751464e-03 
 3.384123e+01 -9.775713e-03 
 3.384163e+01 -9.800260e-03 
 3.384203e+01 -9.825050e-03 
 3.384243e+01 -9.850004e-03 
 3.384282e+01 -9.875096e-03 
 3.384322e+01 -9.900119e-03 
 3.384362e+01 -9.924890e-03 
 3.384402e+01 -9.949254e-03 
 3.384441e+01 -9.972992e-03 
 3.384481e+01 -9.995882e-03 
 3.384521e+01 -1.001778e-02 
 3.384561e+01 -1.003858e-02 
 3.384601e+01 -1.005817e-02 
 3.384640e+01 -1.007672e-02 
 3.384680e+01 -1.009444e-02 
 3.384720e+01 -1.011161e-02 
 3.384760e+01 -1.012849e-02 
 3.384799e+01 -1.014529e-02 
 3.384839e+01 -1.016229e-02 
 3.384879e+01 -1.017972e-02 
 3.384919e+01 -1.019767e-02 
 3.384958e+01 -1.021625e-02 
 3.384998e+01 -1.023543e-02 
 3.385038e+01 -1.025513e-02 
 3.385078e+01 -1.027521e-02 
 3.385118e+01 -1.029554e-02 
 3.385157e+01 -1.031589e-02 
 3.385197e+01 -1.033597e-02 
 3.385237e+01 -1.035559e-02 
 3.385277e+01 -1.037454e-02 
 3.385316e+01 -1.039268e-02 
 3.385356e+01 -1.040993e-02 
 3.385396e+01 -1.042623e-02 
 3.385436e+01 -1.044162e-02 
 3.385476e+01 -1.045614e-02 
 3.385515e+01 -1.046991e-02 
 3.385555e+01 -1.048314e-02 
 3.385595e+01 -1.049599e-02 
 3.385635e+01 -1.050867e-02 
 3.385674e+01 -1.052140e-02 
 3.385714e+01 -1.053437e-02 
 3.385754e+01 -1.054772e-02 
 3.385794e+01 -1.056158e-02 
 3.385833e+01 -1.057605e-02 
 3.385873e+01 -1.059117e-02 
 3.385913e+01 -1.060691e-02 
 3.385953e+01 -1.062316e-02 
 3.385993e+01 -1.063980e-02 
 3.386032e+01 -1.065662e-02 
 3.386072e+01 -1.067333e-02 
 3.386112e+01 -1.068966e-02 
 3.386152e+01 -1.070530e-02 
 3.386191e+01 -1.071984e-02 
 3.386231e+01 -1.073298e-02 
 3.386271e+01 -1.074456e-02 
 3.386311e+01 -1.075440e-02 
 3.386350e+01 -1.076241e-02 
 3.386390e+01 -1.076860e-02 
 3.386430e+01 -1.077312e-02 
 3.386470e+01 -1.077620e-02 
 3.386510e+01 -1.077810e-02 
 3.386549e+01 -1.077911e-02 
 3.386589e+01 -1.077957e-02 
 3.386629e+01 -1.077976e-02 
 3.386669e+01 -1.077988e-02 
 3.386708e+01 -1.078014e-02 
 3.386748e+01 -1.078062e-02 
 3.386788e+01 -1.078145e-02 
 3.386828e+01 -1.078261e-02 
 3.386867e+01 -1.078410e-02 
 3.386907e+01 -1.078589e-02 
 3.386947e+01 -1.078791e-02 
 3.386987e+01 -1.078998e-02 
 3.387027e+01 -1.079204e-02 
 3.387066e+01 -1.079394e-02 
 3.387106e+01 -1.079554e-02 
 3.387146e+01 -1.079684e-02 
 3.387186e+01 -1.079790e-02 
 3.387225e+01 -1.079885e-02 
 3.387265e+01 -1.079989e-02 
 3.387305e+01 -1.080125e-02 
 3.387345e+01 -1.080320e-02 
 3.387384e+01 -1.080590e-02 
 3.387424e+01 -1.080945e-02 
 3.387464e+01 -1.081407e-02 
 3.387504e+01 -1.081983e-02 
 3.387544e+01 -1.082677e-02 
 3.387583e+01 -1.083476e-02 
 3.387623e+01 -1.084369e-02 
 3.387663e+01 -1.085343e-02 
 3.387703e+01 -1.086358e-02 
 3.387742e+01 -1.087387e-02 
 3.387782e+01 -1.088385e-02 
 3.387822e+01 -1.089304e-02 
 3.387862e+01 -1.090103e-02 
 3.387901e+01 -1.090735e-02 
 3.387941e+01 -1.091154e-02 
 3.387981e+01 -1.091333e-02 
 3.388021e+01 -1.091253e-02 
 3.388061e+01 -1.090908e-02 
 3.388100e+01 -1.090315e-02 
 3.388140e+01 -1.089495e-02 
 3.388180e+01 -1.088485e-02 
 3.388220e+01 -1.087324e-02 
 3.388259e+01 -1.086054e-02 
 3.388299e+01 -1.084714e-02 
 3.388339e+01 -1.083347e-02 
 3.388379e+01 -1.081976e-02 
 3.388418e+01 -1.080626e-02 
 3.388458e+01 -1.079314e-02 
 3.388498e+01 -1.078047e-02 
 3.388538e+01 -1.076822e-02 
 3.388578e+01 -1.075632e-02 
 3.388617e+01 -1.074469e-02 
 3.388657e+01 -1.073318e-02 
 3.388697e+01 -1.072161e-02 
 3.388737e+01 -1.070973e-02 
 3.388776e+01 -1.069740e-02 
 3.388816e+01 -1.068445e-02 
 3.388856e+01 -1.067074e-02 
 3.388896e+01 -1.065623e-02 
 3.388935e+01 -1.064084e-02 
 3.388975e+01 -1.062457e-02 
 3.389015e+01 -1.060747e-02 
 3.389055e+01 -1.058963e-02 
 3.389095e+01 -1.057119e-02 
 3.389134e+01 -1.055224e-02 
 3.389174e+01 -1.053282e-02 
 3.389214e+01 -1.051304e-02 
 3.389254e+01 -1.049299e-02 
 3.389293e+01 -1.047266e-02 
 3.389333e+01 -1.045200e-02 
 3.389373e+01 -1.043096e-02 
 3.389413e+01 -1.040944e-02 
 3.389452e+01 -1.038735e-02 
 3.389492e+01 -1.036456e-02 
 3.389532e+01 -1.034097e-02 
 3.389572e+01 -1.031637e-02 
 3.389612e+01 -1.029058e-02 
 3.389651e+01 -1.026346e-02 
 3.389691e+01 -1.023490e-02 
 3.389731e+01 -1.020486e-02 
 3.389771e+01 -1.017332e-02 
 3.389810e+01 -1.014037e-02 
 3.389850e+01 -1.010620e-02 
 3.389890e+01 -1.007110e-02 
 3.389930e+01 -1.003535e-02 
 3.389969e+01 -9.999289e-03 
 3.390009e+01 -9.963213e-03 
 3.390049e+01 -9.927438e-03 
 3.390089e+01 -9.892308e-03 
 3.390129e+01 -9.857966e-03 
 3.390168e+01 -9.824676e-03 
 3.390208e+01 -9.792482e-03 
 3.390248e+01 -9.761420e-03 
 3.390288e+01 -9.731417e-03 
 3.390327e+01 -9.702344e-03 
 3.390367e+01 -9.674078e-03 
 3.390407e+01 -9.646365e-03 
 3.390447e+01 -9.619004e-03 
 3.390486e+01 -9.591770e-03 
 3.390526e+01 -9.564404e-03 
 3.390566e+01 -9.536589e-03 
 3.390606e+01 -9.508204e-03 
 3.390646e+01 -9.479169e-03 
 3.390685e+01 -9.449431e-03 
 3.390725e+01 -9.419056e-03 
 3.390765e+01 -9.388163e-03 
 3.390805e+01 -9.357024e-03 
 3.390844e+01 -9.325912e-03 
 3.390884e+01 -9.295165e-03 
 3.390924e+01 -9.265092e-03 
 3.390964e+01 -9.235965e-03 
 3.391003e+01 -9.208104e-03 
 3.391043e+01 -9.181626e-03 
 3.391083e+01 -9.156642e-03 
 3.391123e+01 -9.133097e-03 
 3.391163e+01 -9.110800e-03 
 3.391202e+01 -9.089538e-03 
 3.391242e+01 -9.069067e-03 
 3.391282e+01 -9.049149e-03 
 3.391322e+01 -9.029514e-03 
 3.391361e+01 -9.009886e-03 
 3.391401e+01 -8.990131e-03 
 3.391441e+01 -8.970161e-03 
 3.391481e+01 -8.949887e-03 
 3.391520e+01 -8.929305e-03 
 3.391560e+01 -8.908616e-03 
 3.391600e+01 -8.887938e-03 
 3.391640e+01 -8.867494e-03 
 3.391680e+01 -8.847544e-03 
 3.391719e+01 -8.828275e-03 
 3.391759e+01 -8.809796e-03 
 3.391799e+01 -8.792152e-03 
 3.391839e+01 -8.775405e-03 
 3.391878e+01 -8.759549e-03 
 3.391918e+01 -8.744566e-03 
 3.391958e+01 -8.730443e-03 
 3.391998e+01 -8.717137e-03 
 3.392037e+01 -8.704558e-03 
 3.392077e+01 -8.692609e-03 
 3.392117e+01 -8.681167e-03 
 3.392157e+01 -8.670078e-03 
 3.392197e+01 -8.659163e-03 
 3.392236e+01 -8.648353e-03 
 3.392276e+01 -8.637542e-03 
 3.392316e+01 -8.626642e-03 
 3.392356e+01 -8.615693e-03 
 3.392395e+01 -8.604754e-03 
 3.392435e+01 -8.593886e-03 
 3.392475e+01 -8.583290e-03 
 3.392515e+01 -8.573178e-03 
 3.392554e+01 -8.563833e-03 
 3.392594e+01 -8.555563e-03 
 3.392634e+01 -8.548693e-03 
 3.392674e+01 -8.543507e-03 
 3.392714e+01 -8.540303e-03 
 3.392753e+01 -8.539202e-03 
 3.392793e+01 -8.540399e-03 
 3.392833e+01 -8.543932e-03 
 3.392873e+01 -8.549708e-03 
 3.392912e+01 -8.557488e-03 
 3.392952e+01 -8.566987e-03 
 3.392992e+01 -8.577901e-03 
 3.393032e+01 -8.589826e-03 
 3.393071e+01 -8.602343e-03 
 3.393111e+01 -8.615024e-03 
 3.393151e+01 -8.627470e-03 
 3.393191e+01 -8.639355e-03 
 3.393231e+01 -8.650429e-03 
 3.393270e+01 -8.660528e-03 
 3.393310e+01 -8.669654e-03 
 3.393350e+01 -8.677887e-03 
 3.393390e+01 -8.685363e-03 
 3.393429e+01 -8.692373e-03 
 3.393469e+01 -8.699201e-03 
 3.393509e+01 -8.706100e-03 
 3.393549e+01 -8.713323e-03 
 3.393588e+01 -8.721046e-03 
 3.393628e+01 -8.729522e-03 
 3.393668e+01 -8.738780e-03 
 3.393708e+01 -8.748875e-03 
 3.393748e+01 -8.759855e-03 
 3.393787e+01 -8.771639e-03 
 3.393827e+01 -8.784145e-03 
 3.393867e+01 -8.797181e-03 
 3.393907e+01 -8.810522e-03 
 3.393946e+01 -8.823861e-03 
 3.393986e+01 -8.837024e-03 
 3.394026e+01 -8.849863e-03 
 3.394066e+01 -8.862282e-03 
 3.394105e+01 -8.874278e-03 
 3.394145e+01 -8.885975e-03 
 3.394185e+01 -8.897544e-03 
 3.394225e+01 -8.909172e-03 
 3.394265e+01 -8.921051e-03 
 3.394304e+01 -8.933306e-03 
 3.394344e+01 -8.946043e-03 
 3.394384e+01 -8.959356e-03 
 3.394424e+01 -8.973410e-03 
 3.394463e+01 -8.988302e-03 
 3.394503e+01 -9.004001e-03 
 3.394543e+01 -9.020496e-03 
 3.394583e+01 -9.037653e-03 
 3.394623e+01 -9.055243e-03 
 3.394662e+01 -9.073062e-03 
 3.394702e+01 -9.090784e-03 
 3.394742e+01 -9.108062e-03 
 3.394782e+01 -9.124619e-03 
 3.394821e+01 -9.140278e-03 
 3.394861e+01 -9.154868e-03 
 3.394901e+01 -9.168273e-03 
 3.394941e+01 -9.180392e-03 
 3.394980e+01 -9.191305e-03 
 3.395020e+01 -9.201097e-03 
 3.395060e+01 -9.209924e-03 
 3.395100e+01 -9.218040e-03 
 3.395140e+01 -9.225668e-03 
 3.395179e+01 -9.233071e-03 
 3.395219e+01 -9.240647e-03 
 3.395259e+01 -9.248669e-03 
 3.395299e+01 -9.257442e-03 
 3.395338e+01 -9.267292e-03 
 3.395378e+01 -9.278451e-03 
 3.395418e+01 -9.291073e-03 
 3.395458e+01 -9.305296e-03 
 3.395497e+01 -9.321123e-03 
 3.395537e+01 -9.338362e-03 
 3.395577e+01 -9.356845e-03 
 3.395617e+01 -9.376372e-03 
 3.395657e+01 -9.396639e-03 
 3.395696e+01 -9.417272e-03 
 3.395736e+01 -9.438003e-03 
 3.395776e+01 -9.458619e-03 
 3.395816e+01 -9.478930e-03 
 3.395855e+01 -9.498754e-03 
 3.395895e+01 -9.518030e-03 
 3.395935e+01 -9.536739e-03 
 3.395975e+01 -9.554954e-03 
 3.396014e+01 -9.572808e-03 
 3.396054e+01 -9.590518e-03 
 3.396094e+01 -9.608183e-03 
 3.396134e+01 -9.625903e-03 
 3.396174e+01 -9.643765e-03 
 3.396213e+01 -9.661859e-03 
 3.396253e+01 -9.680130e-03 
 3.396293e+01 -9.698480e-03 
 3.396333e+01 -9.716779e-03 
 3.396372e+01 -9.734836e-03 
 3.396412e+01 -9.752371e-03 
 3.396452e+01 -9.769133e-03 
 3.396492e+01 -9.784861e-03 
 3.396531e+01 -9.799303e-03 
 3.396571e+01 -9.812301e-03 
 3.396611e+01 -9.823820e-03 
 3.396651e+01 -9.833797e-03 
 3.396691e+01 -9.842206e-03 
 3.396730e+01 -9.849171e-03 
 3.396770e+01 -9.854846e-03 
 3.396810e+01 -9.859434e-03 
 3.396850e+01 -9.863263e-03 
 3.396889e+01 -9.866575e-03 
 3.396929e+01 -9.869729e-03 
 3.396969e+01 -9.872990e-03 
 3.397009e+01 -9.876645e-03 
 3.397048e+01 -9.880900e-03 
 3.397088e+01 -9.885851e-03 
 3.397128e+01 -9.891472e-03 
 3.397168e+01 -9.897754e-03 
 3.397208e+01 -9.904677e-03 
 3.397247e+01 -9.912017e-03 
 3.397287e+01 -9.919463e-03 
 3.397327e+01 -9.926684e-03 
 3.397367e+01 -9.933393e-03 
 3.397406e+01 -9.939164e-03 
 3.397446e+01 -9.943679e-03 
 3.397486e+01 -9.946692e-03 
 3.397526e+01 -9.948035e-03 
 3.397565e+01 -9.947589e-03 
 3.397605e+01 -9.945419e-03 
 3.397645e+01 -9.941662e-03 
 3.397685e+01 -9.936466e-03 
 3.397725e+01 -9.930054e-03 
 3.397764e+01 -9.922730e-03 
 3.397804e+01 -9.914847e-03 
 3.397844e+01 -9.906691e-03 
 3.397884e+01 -9.898463e-03 
 3.397923e+01 -9.890315e-03 
 3.397963e+01 -9.882363e-03 
 3.398003e+01 -9.874706e-03 
 3.398043e+01 -9.867244e-03 
 3.398082e+01 -9.859921e-03 
 3.398122e+01 -9.852622e-03 
 3.398162e+01 -9.845153e-03 
 3.398202e+01 -9.837334e-03 
 3.398242e+01 -9.828957e-03 
 3.398281e+01 -9.819703e-03 
 3.398321e+01 -9.809314e-03 
 3.398361e+01 -9.797555e-03 
 3.398401e+01 -9.784349e-03 
 3.398440e+01 -9.769651e-03 
 3.398480e+01 -9.753488e-03 
 3.398520e+01 -9.735906e-03 
 3.398560e+01 -9.717006e-03 
 3.398599e+01 -9.696985e-03 
 3.398639e+01 -9.676006e-03 
 3.398679e+01 -9.654177e-03 
 3.398719e+01 -9.631641e-03 
 3.398759e+01 -9.608545e-03 
 3.398798e+01 -9.585098e-03 
 3.398838e+01 -9.561399e-03 
 3.398878e+01 -9.537544e-03 
 3.398918e+01 -9.513618e-03 
 3.398957e+01 -9.489682e-03 
 3.398997e+01 -9.465760e-03 
 3.399037e+01 -9.441789e-03 
 3.399077e+01 -9.417635e-03 
 3.399116e+01 -9.393109e-03 
 3.399156e+01 -9.368065e-03 
 3.399196e+01 -9.342375e-03 
 3.399236e+01 -9.316095e-03 
 3.399276e+01 -9.289215e-03 
 3.399315e+01 -9.261762e-03 
 3.399355e+01 -9.233935e-03 
 3.399395e+01 -9.205954e-03 
 3.399435e+01 -9.178034e-03 
 3.399474e+01 -9.150358e-03 
 3.399514e+01 -9.123128e-03 
 3.399554e+01 -9.096559e-03 
 3.399594e+01 -9.070884e-03 
 3.399633e+01 -9.046312e-03 
 3.399673e+01 -9.022961e-03 
 3.399713e+01 -9.000893e-03 
 3.399753e+01 -8.980024e-03 
 3.399793e+01 -8.960199e-03 
 3.399832e+01 -8.941245e-03 
 3.399872e+01 -8.922924e-03 
 3.399912e+01 -8.904847e-03 
 3.399952e+01 -8.886676e-03 
 3.399991e+01 -8.868074e-03 
 3.400031e+01 -8.848707e-03 
 3.400071e+01 -8.828169e-03 
 3.400111e+01 -8.806229e-03 
 3.400150e+01 -8.782726e-03 
 3.400190e+01 -8.757575e-03 
 3.400230e+01 -8.730738e-03 
 3.400270e+01 -8.702334e-03 
 3.400310e+01 -8.672552e-03 
 3.400349e+01 -8.641627e-03 
 3.400389e+01 -8.609913e-03 
 3.400429e+01 -8.577813e-03 
 3.400469e+01 -8.545667e-03 
 3.400508e+01 -8.513780e-03 
 3.400548e+01 -8.482467e-03 
 3.400588e+01 -8.451961e-03 
 3.400628e+01 -8.422400e-03 
 3.400667e+01 -8.393809e-03 
 3.400707e+01 -8.366173e-03 
 3.400747e+01 -8.339448e-03 
 3.400787e+01 -8.313571e-03 
 3.400827e+01 -8.288491e-03 
 3.400866e+01 -8.264125e-03 
 3.400906e+01 -8.240357e-03 
 3.400946e+01 -8.217114e-03 
 3.400986e+01 -8.194355e-03 
 3.401025e+01 -8.172073e-03 
 3.401065e+01 -8.150225e-03 
 3.401105e+01 -8.128936e-03 
 3.401145e+01 -8.108374e-03 
 3.401184e+01 -8.088721e-03 
 3.401224e+01 -8.070167e-03 
 3.401264e+01 -8.052850e-03 
 3.401304e+01 -8.036865e-03 
 3.401344e+01 -8.022204e-03 
 3.401383e+01 -8.008911e-03 
 3.401423e+01 -7.996915e-03 
 3.401463e+01 -7.986036e-03 
 3.401503e+01 -7.976018e-03 
 3.401542e+01 -7.966577e-03 
 3.401582e+01 -7.957498e-03 
 3.401622e+01 -7.948435e-03 
 3.401662e+01 -7.939048e-03 
 3.401701e+01 -7.929087e-03 
 3.401741e+01 -7.918308e-03 
 3.401781e+01 -7.906573e-03 
 3.401821e+01 -7.893734e-03 
 3.401861e+01 -7.879709e-03 
 3.401900e+01 -7.864462e-03 
 3.401940e+01 -7.847933e-03 
 3.401980e+01 -7.830136e-03 
 3.402020e+01 -7.811207e-03 
 3.402059e+01 -7.791374e-03 
 3.402099e+01 -7.770889e-03 
 3.402139e+01 -7.750118e-03 
 3.402179e+01 -7.729554e-03 
 3.402218e+01 -7.709595e-03 
 3.402258e+01 -7.690578e-03 
 3.402298e+01 -7.672808e-03 
 3.402338e+01 -7.656521e-03 
 3.402378e+01 -7.641864e-03 
 3.402417e+01 -7.628852e-03 
 3.402457e+01 -7.617477e-03 
 3.402497e+01 -7.607627e-03 
 3.402537e+01 -7.599063e-03 
 3.402576e+01 -7.591509e-03 
 3.402616e+01 -7.584671e-03 
 3.402656e+01 -7.578220e-03 
 3.402696e+01 -7.571882e-03 
 3.402735e+01 -7.565495e-03 
 3.402775e+01 -7.558948e-03 
 3.402815e+01 -7.552222e-03 
 3.402855e+01 -7.545288e-03 
 3.402895e+01 -7.538184e-03 
 3.402934e+01 -7.531045e-03 
 3.402974e+01 -7.524062e-03 
 3.403014e+01 -7.517414e-03 
 3.403054e+01 -7.511291e-03 
 3.403093e+01 -7.505916e-03 
 3.403133e+01 -7.501446e-03 
 3.403173e+01 -7.498016e-03 
 3.403213e+01 -7.495690e-03 
 3.403252e+01 -7.494408e-03 
 3.403292e+01 -7.494036e-03 
 3.403332e+01 -7.494430e-03 
 3.403372e+01 -7.495364e-03 
 3.403412e+01 -7.496584e-03 
 3.403451e+01 -7.497798e-03 
 3.403491e+01 -7.498759e-03 
 3.403531e+01 -7.499270e-03 
 3.403571e+01 -7.499214e-03 
 3.403610e+01 -7.498644e-03 
 3.403650e+01 -7.497664e-03 
 3.403690e+01 -7.496360e-03 
 3.403730e+01 -7.494892e-03 
 3.403770e+01 -7.493530e-03 
 3.403809e+01 -7.492531e-03 
 3.403849e+01 -7.492092e-03 
 3.403889e+01 -7.492436e-03 
 3.403929e+01 -7.493901e-03 
 3.403968e+01 -7.496628e-03 
 3.404008e+01 -7.500721e-03 
 3.404048e+01 -7.506240e-03 
 3.404088e+01 -7.513135e-03 
 3.404127e+01 -7.521245e-03 
 3.404167e+01 -7.530337e-03 
 3.404207e+01 -7.540231e-03 
 3.404247e+01 -7.550588e-03 
 3.404287e+01 -7.561098e-03 
 3.404326e+01 -7.571529e-03 
 3.404366e+01 -7.581636e-03 
 3.404406e+01 -7.591307e-03 
 3.404446e+01 -7.600495e-03 
 3.404485e+01 -7.609245e-03 
 3.404525e+01 -7.617663e-03 
 3.404565e+01 -7.625933e-03 
 3.404605e+01 -7.634251e-03 
 3.404644e+01 -7.642717e-03 
 3.404684e+01 -7.651552e-03 
 3.404724e+01 -7.660927e-03 
 3.404764e+01 -7.671112e-03 
 3.404804e+01 -7.682380e-03 
 3.404843e+01 -7.694981e-03 
 3.404883e+01 -7.709123e-03 
 3.404923e+01 -7.724883e-03 
 3.404963e+01 -7.742373e-03 
 3.405002e+01 -7.761534e-03 
 3.405042e+01 -7.782224e-03 
 3.405082e+01 -7.804338e-03 
 3.405122e+01 -7.827663e-03 
 3.405161e+01 -7.851959e-03 
 3.405201e+01 -7.876976e-03 
 3.405241e+01 -7.902378e-03 
 3.405281e+01 -7.927822e-03 
 3.405321e+01 -7.953062e-03 
 3.405360e+01 -7.977880e-03 
 3.405400e+01 -8.002119e-03 
 3.405440e+01 -8.025588e-03 
 3.405480e+01 -8.048281e-03 
 3.405519e+01 -8.070259e-03 
 3.405559e+01 -8.091582e-03 
 3.405599e+01 -8.112399e-03 
 3.405639e+01 -8.132841e-03 
 3.405678e+01 -8.153109e-03 
 3.405718e+01 -8.173302e-03 
 3.405758e+01 -8.193534e-03 
 3.405798e+01 -8.213851e-03 
 3.405838e+01 -8.234206e-03 
 3.405877e+01 -8.254454e-03 
 3.405917e+01 -8.274423e-03 
 3.405957e+01 -8.293984e-03 
 3.405997e+01 -8.312916e-03 
 3.406036e+01 -8.331013e-03 
 3.406076e+01 -8.348076e-03 
 3.406116e+01 -8.363873e-03 
 3.406156e+01 -8.378350e-03 
 3.406195e+01 -8.391505e-03 
 3.406235e+01 -8.403422e-03 
 3.406275e+01 -8.414325e-03 
 3.406315e+01 -8.424513e-03 
 3.406355e+01 -8.434307e-03 
 3.406394e+01 -8.444020e-03 
 3.406434e+01 -8.453888e-03 
 3.406474e+01 -8.464245e-03 
 3.406514e+01 -8.475237e-03 
 3.406553e+01 -8.487072e-03 
 3.406593e+01 -8.499961e-03 
 3.406633e+01 -8.513842e-03 
 3.406673e+01 -8.528640e-03 
 3.406712e+01 -8.544281e-03 
 3.406752e+01 -8.560469e-03 
 3.406792e+01 -8.576886e-03 
 3.406832e+01 -8.593181e-03 
 3.406872e+01 -8.609049e-03 
 3.406911e+01 -8.624110e-03 
 3.406951e+01 -8.638094e-03 
 3.406991e+01 -8.650767e-03 
 3.407031e+01 -8.661807e-03 
 3.407070e+01 -8.670934e-03 
 3.407110e+01 -8.678001e-03 
 3.407150e+01 -8.683001e-03 
 3.407190e+01 -8.685912e-03 
 3.407229e+01 -8.686771e-03 
 3.407269e+01 -8.685743e-03 
 3.407309e+01 -8.683025e-03 
 3.407349e+01 -8.678781e-03 
 3.407389e+01 -8.673179e-03 
 3.407428e+01 -8.666401e-03 
 3.407468e+01 -8.658607e-03 
 3.407508e+01 -8.649850e-03 
 3.407548e+01 -8.640354e-03 
 3.407587e+01 -8.630146e-03 
 3.407627e+01 -8.619220e-03 
 3.407667e+01 -8.607558e-03 
 3.407707e+01 -8.595146e-03 
 3.407746e+01 -8.581891e-03 
 3.407786e+01 -8.567694e-03 
 3.407826e+01 -8.552518e-03 
 3.407866e+01 -8.536296e-03 
 3.407906e+01 -8.519048e-03 
 3.407945e+01 -8.500789e-03 
 3.407985e+01 -8.481591e-03 
 3.408025e+01 -8.461486e-03 
 3.408065e+01 -8.440592e-03 
 3.408104e+01 -8.419087e-03 
 3.408144e+01 -8.397173e-03 
 3.408184e+01 -8.375105e-03 
 3.408224e+01 -8.353080e-03 
 3.408263e+01 -8.331283e-03 
 3.408303e+01 -8.309956e-03 
 3.408343e+01 -8.289349e-03 
 3.408383e+01 -8.269586e-03 
 3.408423e+01 -8.250690e-03 
 3.408462e+01 -8.232679e-03 
 3.408502e+01 -8.215411e-03 
 3.408542e+01 -8.198706e-03 
 3.408582e+01 -8.182370e-03 
 3.408621e+01 -8.166020e-03 
 3.408661e+01 -8.149347e-03 
 3.408701e+01 -8.132054e-03 
 3.408741e+01 -8.113993e-03 
 3.408780e+01 -8.094996e-03 
 3.408820e+01 -8.075040e-03 
 3.408860e+01 -8.054095e-03 
 3.408900e+01 -8.032271e-03 
 3.408940e+01 -8.009693e-03 
 3.408979e+01 -7.986479e-03 
 3.409019e+01 -7.962901e-03 
 3.409059e+01 -7.939216e-03 
 3.409099e+01 -7.915708e-03 
 3.409138e+01 -7.892697e-03 
 3.409178e+01 -7.870491e-03 
 3.409218e+01 -7.849250e-03 
 3.409258e+01 -7.828967e-03 
 3.409297e+01 -7.809657e-03 
 3.409337e+01 -7.791224e-03 
 3.409377e+01 -7.773477e-03 
 3.409417e+01 -7.756188e-03 
 3.409457e+01 -7.739121e-03 
 3.409496e+01 -7.722017e-03 
 3.409536e+01 -7.704672e-03 
 3.409576e+01 -7.686835e-03 
 3.409616e+01 -7.668305e-03 
 3.409655e+01 -7.648907e-03 
 3.409695e+01 -7.628641e-03 
 3.409735e+01 -7.607504e-03 
 3.409775e+01 -7.585538e-03 
 3.409814e+01 -7.562860e-03 
 3.409854e+01 -7.539623e-03 
 3.409894e+01 -7.515989e-03 
 3.409934e+01 -7.492272e-03 
 3.409974e+01 -7.468796e-03 
 3.410013e+01 -7.445862e-03 
 3.410053e+01 -7.423723e-03 
 3.410093e+01 -7.402637e-03 
 3.410133e+01 -7.382754e-03 
 3.410172e+01 -7.364184e-03 
 3.410212e+01 -7.346896e-03 
 3.410252e+01 -7.330778e-03 
 3.410292e+01 -7.315702e-03 
 3.410331e+01 -7.301464e-03 
 3.410371e+01 -7.287869e-03 
 3.410411e+01 -7.274687e-03 
 3.410451e+01 -7.261713e-03 
 3.410491e+01 -7.248758e-03 
 3.410530e+01 -7.235774e-03 
 3.410570e+01 -7.222784e-03 
 3.410610e+01 -7.209813e-03 
 3.410650e+01 -7.196917e-03 
 3.410689e+01 -7.184197e-03 
 3.410729e+01 -7.171736e-03 
 3.410769e+01 -7.159605e-03 
 3.410809e+01 -7.147899e-03 
 3.410848e+01 -7.136621e-03 
 3.410888e+01 -7.125783e-03 
 3.410928e+01 -7.115431e-03 
 3.410968e+01 -7.105512e-03 
 3.411008e+01 -7.095912e-03 
 3.411047e+01 -7.086488e-03 
 3.411087e+01 -7.077190e-03 
 3.411127e+01 -7.067771e-03 
 3.411167e+01 -7.058067e-03 
 3.411206e+01 -7.047910e-03 
 3.411246e+01 -7.037073e-03 
 3.411286e+01 -7.025326e-03 
 3.411326e+01 -7.012535e-03 
 3.411365e+01 -6.998629e-03 
 3.411405e+01 -6.983531e-03 
 3.411445e+01 -6.967267e-03 
 3.411485e+01 -6.949937e-03 
 3.411525e+01 -6.931763e-03 
 3.411564e+01 -6.913008e-03 
 3.411604e+01 -6.893965e-03 
 3.411644e+01 -6.875023e-03 
 3.411684e+01 -6.856563e-03 
 3.411723e+01 -6.838934e-03 
 3.411763e+01 -6.822405e-03 
 3.411803e+01 -6.807201e-03 
 3.411843e+01 -6.793455e-03 
 3.411882e+01 -6.781241e-03 
 3.411922e+01 -6.770597e-03 
 3.411962e+01 -6.761455e-03 
 3.412002e+01 -6.753682e-03 
 3.412042e+01 -6.747111e-03 
 3.412081e+01 -6.741537e-03 
 3.412121e+01 -6.736713e-03 
 3.412161e+01 -6.732299e-03 
 3.412201e+01 -6.727947e-03 
 3.412240e+01 -6.723263e-03 
 3.412280e+01 -6.717987e-03 
 3.412320e+01 -6.711948e-03 
 3.412360e+01 -6.705067e-03 
 3.412399e+01 -6.697328e-03 
 3.412439e+01 -6.688803e-03 
 3.412479e+01 -6.679637e-03 
 3.412519e+01 -6.670067e-03 
 3.412559e+01 -6.660262e-03 
 3.412598e+01 -6.650390e-03 
 3.412638e+01 -6.640523e-03 
 3.412678e+01 -6.630764e-03 
 3.412718e+01 -6.621151e-03 
 3.412757e+01 -6.611676e-03 
 3.412797e+01 -6.602306e-03 
 3.412837e+01 -6.592943e-03 
 3.412877e+01 -6.583428e-03 
 3.412917e+01 -6.573686e-03 
 3.412956e+01 -6.563610e-03 
 3.412996e+01 -6.553082e-03 
 3.413036e+01 -6.541935e-03 
 3.413076e+01 -6.530176e-03 
 3.413115e+01 -6.517793e-03 
 3.413155e+01 -6.504832e-03 
 3.413195e+01 -6.491444e-03 
 3.413235e+01 -6.477886e-03 
 3.413274e+01 -6.464462e-03 
 3.413314e+01 -6.451542e-03 
 3.413354e+01 -6.439507e-03 
 3.413394e+01 -6.428747e-03 
 3.413434e+01 -6.419629e-03 
 3.413473e+01 -6.412500e-03 
 3.413513e+01 -6.407553e-03 
 3.413553e+01 -6.404982e-03 
 3.413593e+01 -6.404819e-03 
 3.413632e+01 -6.406877e-03 
 3.413672e+01 -6.410919e-03 
 3.413712e+01 -6.416768e-03 
 3.413752e+01 -6.424181e-03 
 3.413791e+01 -6.432886e-03 
 3.413831e+01 -6.442631e-03 
 3.413871e+01 -6.453230e-03 
 3.413911e+01 -6.464525e-03 
 3.413951e+01 -6.476431e-03 
 3.413990e+01 -6.488804e-03 
 3.414030e+01 -6.501535e-03 
 3.414070e+01 -6.514585e-03 
 3.414110e+01 -6.527898e-03 
 3.414149e+01 -6.541493e-03 
 3.414189e+01 -6.555404e-03 
 3.414229e+01 -6.569755e-03 
 3.414269e+01 -6.584683e-03 
 3.414308e+01 -6.600322e-03 
 3.414348e+01 -6.616925e-03 
 3.414388e+01 -6.634653e-03 
 3.414428e+01 -6.653575e-03 
 3.414468e+01 -6.673758e-03 
 3.414507e+01 -6.695191e-03 
 3.414547e+01 -6.717848e-03 
 3.414587e+01 -6.741659e-03 
 3.414627e+01 -6.766486e-03 
 3.414666e+01 -6.792270e-03 
 3.414706e+01 -6.818946e-03 
 3.414746e+01 -6.846340e-03 
 3.414786e+01 -6.874235e-03 
 3.414825e+01 -6.902365e-03 
 3.414865e+01 -6.930441e-03 
 3.414905e+01 -6.958204e-03 
 3.414945e+01 -6.985520e-03 
 3.414985e+01 -7.012238e-03 
 3.415024e+01 -7.038416e-03 
 3.415064e+01 -7.064080e-03 
 3.415104e+01 -7.089404e-03 
 3.415144e+01 -7.114625e-03 
 3.415183e+01 -7.139960e-03 
 3.415223e+01 -7.165565e-03 
 3.415263e+01 -7.191609e-03 
 3.415303e+01 -7.218197e-03 
 3.415342e+01 -7.245392e-03 
 3.415382e+01 -7.273071e-03 
 3.415422e+01 -7.301119e-03 
 3.415462e+01 -7.329340e-03 
 3.415502e+01 -7.357428e-03 
 3.415541e+01 -7.385147e-03 
 3.415581e+01 -7.412308e-03 
 3.415621e+01 -7.438736e-03 
 3.415661e+01 -7.464215e-03 
 3.415700e+01 -7.488722e-03 
 3.415740e+01 -7.512215e-03 
 3.415780e+01 -7.534654e-03 
 3.415820e+01 -7.556095e-03 
 3.415859e+01 -7.576618e-03 
 3.415899e+01 -7.596388e-03 
 3.415939e+01 -7.615656e-03 
 3.415979e+01 -7.634725e-03 
 3.416019e+01 -7.653857e-03 
 3.416058e+01 -7.673235e-03 
 3.416098e+01 -7.692978e-03 
 3.416138e+01 -7.713126e-03 
 3.416178e+01 -7.733596e-03 
 3.416217e+01 -7.754189e-03 
 3.416257e+01 -7.774714e-03 
 3.416297e+01 -7.794953e-03 
 3.416337e+01 -7.814586e-03 
 3.416376e+01 -7.833294e-03 
 3.416416e+01 -7.850858e-03 
 3.416456e+01 -7.866941e-03 
 3.416496e+01 -7.881222e-03 
 3.416536e+01 -7.893465e-03 
 3.416575e+01 -7.903499e-03 
 3.416615e+01 -7.911186e-03 
 3.416655e+01 -7.916474e-03 
 3.416695e+01 -7.919497e-03 
 3.416734e+01 -7.920420e-03 
 3.416774e+01 -7.919433e-03 
 3.416814e+01 -7.916800e-03 
 3.416854e+01 -7.912854e-03 
 3.416893e+01 -7.907917e-03 
 3.416933e+01 -7.902278e-03 
 3.416973e+01 -7.896196e-03 
 3.417013e+01 -7.889833e-03 
 3.417053e+01 -7.883317e-03 
 3.417092e+01 -7.876810e-03 
 3.417132e+01 -7.870301e-03 
 3.417172e+01 -7.863908e-03 
 3.417212e+01 -7.857641e-03 
 3.417251e+01 -7.851435e-03 
 3.417291e+01 -7.845247e-03 
 3.417331e+01 -7.839020e-03 
 3.417371e+01 -7.832619e-03 
 3.417410e+01 -7.825904e-03 
 3.417450e+01 -7.818814e-03 
 3.417490e+01 -7.811304e-03 
 3.417530e+01 -7.803279e-03 
 3.417570e+01 -7.794723e-03 
 3.417609e+01 -7.785605e-03 
 3.417649e+01 -7.775983e-03 
 3.417689e+01 -7.765838e-03 
 3.417729e+01 -7.755288e-03 
 3.417768e+01 -7.744432e-03 
 3.417808e+01 -7.733364e-03 
 3.417848e+01 -7.722155e-03 
 3.417888e+01 -7.710876e-03 
 3.417927e+01 -7.699561e-03 
 3.417967e+01 -7.688146e-03 
 3.418007e+01 -7.676410e-03 
 3.418047e+01 -7.664152e-03 
 3.418087e+01 -7.651143e-03 
 3.418126e+01 -7.637089e-03 
 3.418166e+01 -7.621764e-03 
 3.418206e+01 -7.604884e-03 
 3.418246e+01 -7.586180e-03 
 3.418285e+01 -7.565566e-03 
 3.418325e+01 -7.542966e-03 
 3.418365e+01 -7.518408e-03 
 3.418405e+01 -7.491967e-03 
 3.418444e+01 -7.463874e-03 
 3.418484e+01 -7.434458e-03 
 3.418524e+01 -7.404085e-03 
 3.418564e+01 -7.373181e-03 
 3.418604e+01 -7.342236e-03 
 3.418643e+01 -7.311676e-03 
 3.418683e+01 -7.281970e-03 
 3.418723e+01 -7.253497e-03 
 3.418763e+01 -7.226593e-03 
 3.418802e+01 -7.201473e-03 
 3.418842e+01 -7.178190e-03 
 3.418882e+01 -7.156753e-03 
 3.418922e+01 -7.137131e-03 
 3.418961e+01 -7.119202e-03 
 3.419001e+01 -7.102707e-03 
 3.419041e+01 -7.087512e-03 
 3.419081e+01 -7.073394e-03 
 3.419121e+01 -7.060107e-03 
 3.419160e+01 -7.047486e-03 
 3.419200e+01 -7.035258e-03 
 3.419240e+01 -7.023284e-03 
 3.419280e+01 -7.011394e-03 
 3.419319e+01 -6.999560e-03 
 3.419359e+01 -6.987826e-03 
 3.419399e+01 -6.976275e-03 
 3.419439e+01 -6.965001e-03 
 3.419478e+01 -6.954160e-03 
 3.419518e+01 -6.943900e-03 
 3.419558e+01 -6.934277e-03 
 3.419598e+01 -6.925329e-03 
 3.419638e+01 -6.917014e-03 
 3.419677e+01 -6.909301e-03 
 3.419717e+01 -6.902113e-03 
 3.419757e+01 -6.895257e-03 
 3.419797e+01 -6.888652e-03 
 3.419836e+01 -6.882106e-03 
 3.419876e+01 -6.875405e-03 
 3.419916e+01 -6.868349e-03 
 3.419956e+01 -6.860769e-03 
 3.419995e+01 -6.852521e-03 
 3.420035e+01 -6.843423e-03 
 3.420075e+01 -6.833523e-03 
 3.420115e+01 -6.822820e-03 
 3.420155e+01 -6.811436e-03 
 3.420194e+01 -6.799546e-03 
 3.420234e+01 -6.787313e-03 
 3.420274e+01 -6.774988e-03 
 3.420314e+01 -6.762793e-03 
 3.420353e+01 -6.750919e-03 
 3.420393e+01 -6.739468e-03 
 3.420433e+01 -6.728519e-03 
 3.420473e+01 -6.718133e-03 
 3.420512e+01 -6.708342e-03 
 3.420552e+01 -6.699113e-03 
 3.420592e+01 -6.690328e-03 
 3.420632e+01 -6.681889e-03 
 3.420672e+01 -6.673694e-03 
 3.420711e+01 -6.665610e-03 
 3.420751e+01 -6.657554e-03 
 3.420791e+01 -6.649459e-03 
 3.420831e+01 -6.641262e-03 
 3.420870e+01 -6.632834e-03 
 3.420910e+01 -6.624058e-03 
 3.420950e+01 -6.614833e-03 
 3.420990e+01 -6.605080e-03 
 3.421029e+01 -6.594741e-03 
 3.421069e+01 -6.583905e-03 
 3.421109e+01 -6.572777e-03 
 3.421149e+01 -6.561492e-03 
 3.421189e+01 -6.550280e-03 
 3.421228e+01 -6.539371e-03 
 3.421268e+01 -6.528914e-03 
 3.421308e+01 -6.519145e-03 
 3.421348e+01 -6.510234e-03 
 3.421387e+01 -6.502266e-03 
 3.421427e+01 -6.495331e-03 
 3.421467e+01 -6.489434e-03 
 3.421507e+01 -6.484503e-03 
 3.421546e+01 -6.480412e-03 
 3.421586e+01 -6.476902e-03 
 3.421626e+01 -6.473610e-03 
 3.421666e+01 -6.470256e-03 
 3.421706e+01 -6.466562e-03 
 3.421745e+01 -6.462282e-03 
 3.421785e+01 -6.457308e-03 
 3.421825e+01 -6.451485e-03 
 3.421865e+01 -6.444771e-03 
 3.421904e+01 -6.437210e-03 
 3.421944e+01 -6.428888e-03 
 3.421984e+01 -6.419922e-03 
 3.422024e+01 -6.410483e-03 
 3.422064e+01 -6.400812e-03 
 3.422103e+01 -6.391078e-03 
 3.422143e+01 -6.381531e-03 
 3.422183e+01 -6.372360e-03 
 3.422223e+01 -6.363695e-03 
 3.422262e+01 -6.355739e-03 
 3.422302e+01 -6.348628e-03 
 3.422342e+01 -6.342444e-03 
 3.422382e+01 -6.337093e-03 
 3.422421e+01 -6.332467e-03 
 3.422461e+01 -6.328419e-03 
 3.422501e+01 -6.324812e-03 
 3.422541e+01 -6.321496e-03 
 3.422581e+01 -6.318264e-03 
 3.422620e+01 -6.314986e-03 
 3.422660e+01 -6.311594e-03 
 3.422700e+01 -6.308172e-03 
 3.422740e+01 -6.304814e-03 
 3.422779e+01 -6.301707e-03 
 3.422819e+01 -6.299111e-03 
 3.422859e+01 -6.297355e-03 
 3.422899e+01 -6.296749e-03 
 3.422938e+01 -6.297613e-03 
 3.422978e+01 -6.300213e-03 
 3.423018e+01 -6.304700e-03 
 3.423058e+01 -6.311172e-03 
 3.423098e+01 -6.319637e-03 
 3.423137e+01 -6.330027e-03 
 3.423177e+01 -6.342210e-03 
 3.423217e+01 -6.355953e-03 
 3.423257e+01 -6.371016e-03 
 3.423296e+01 -6.387199e-03 
 3.423336e+01 -6.404220e-03 
 3.423376e+01 -6.421772e-03 
 3.423416e+01 -6.439558e-03 
 3.423455e+01 -6.457294e-03 
 3.423495e+01 -6.474760e-03 
 3.423535e+01 -6.491823e-03 
 3.423575e+01 -6.508382e-03 
 3.423615e+01 -6.524440e-03 
 3.423654e+01 -6.540062e-03 
 3.423694e+01 -6.555396e-03 
 3.423734e+01 -6.570662e-03 
 3.423774e+01 -6.586031e-03 
 3.423813e+01 -6.601658e-03 
 3.423853e+01 -6.617709e-03 
 3.423893e+01 -6.634400e-03 
 3.423933e+01 -6.651922e-03 
 3.423972e+01 -6.670449e-03 
 3.424012e+01 -6.690183e-03 
 3.424052e+01 -6.711326e-03 
 3.424092e+01 -6.734093e-03 
 3.424132e+01 -6.758580e-03 
 3.424171e+01 -6.784870e-03 
 3.424211e+01 -6.812888e-03 
 3.424251e+01 -6.842461e-03 
 3.424291e+01 -6.873417e-03 
 3.424330e+01 -6.905540e-03 
 3.424370e+01 -6.938551e-03 
 3.424410e+01 -6.972267e-03 
 3.424450e+01 -7.006484e-03 
 3.424489e+01 -7.041102e-03 
 3.424529e+01 -7.076038e-03 
 3.424569e+01 -7.111318e-03 
 3.424609e+01 -7.146974e-03 
 3.424649e+01 -7.183213e-03 
 3.424688e+01 -7.220187e-03 
 3.424728e+01 -7.258112e-03 
 3.424768e+01 -7.297027e-03 
 3.424808e+01 -7.336925e-03 
 3.424847e+01 -7.377764e-03 
 3.424887e+01 -7.419466e-03 
 3.424927e+01 -7.461885e-03 
 3.424967e+01 -7.504850e-03 
 3.425006e+01 -7.548093e-03 
 3.425046e+01 -7.591478e-03 
 3.425086e+01 -7.634635e-03 
 3.425126e+01 -7.677283e-03 
 3.425166e+01 -7.719114e-03 
 3.425205e+01 -7.759810e-03 
 3.425245e+01 -7.799106e-03 
 3.425285e+01 -7.836854e-03 
 3.425325e+01 -7.873118e-03 
 3.425364e+01 -7.907920e-03 
 3.425404e+01 -7.941414e-03 
 3.425444e+01 -7.973885e-03 
 3.425484e+01 -8.005558e-03 
 3.425523e+01 -8.036730e-03 
 3.425563e+01 -8.067627e-03 
 3.425603e+01 -8.098448e-03 
 3.425643e+01 -8.129329e-03 
 3.425683e+01 -8.160425e-03 
 3.425722e+01 -8.191801e-03 
 3.425762e+01 -8.223420e-03 
 3.425802e+01 -8.255124e-03 
 3.425842e+01 -8.286768e-03 
 3.425881e+01 -8.318181e-03 
 3.425921e+01 -8.349160e-03 
 3.425961e+01 -8.379458e-03 
 3.426001e+01 -8.408831e-03 
 3.426040e+01 -8.437092e-03 
 3.426080e+01 -8.464068e-03 
 3.426120e+01 -8.489551e-03 
 3.426160e+01 -8.513514e-03 
 3.426200e+01 -8.535925e-03 
 3.426239e+01 -8.556917e-03 
 3.426279e+01 -8.576701e-03 
 3.426319e+01 -8.595470e-03 
 3.426359e+01 -8.613424e-03 
 3.426398e+01 -8.630766e-03 
 3.426438e+01 -8.647755e-03 
 3.426478e+01 -8.664503e-03 
 3.426518e+01 -8.681130e-03 
 3.426557e+01 -8.697663e-03 
 3.426597e+01 -8.714067e-03 
 3.426637e+01 -8.730455e-03 
 3.426677e+01 -8.746759e-03 
 3.426717e+01 -8.762970e-03 
 3.426756e+01 -8.778961e-03 
 3.426796e+01 -8.794563e-03 
 3.426836e+01 -8.809698e-03 
 3.426876e+01 -8.824266e-03 
 3.426915e+01 -8.838060e-03 
 3.426955e+01 -8.850983e-03 
 3.426995e+01 -8.862840e-03 
 3.427035e+01 -8.873520e-03 
 3.427074e+01 -8.882946e-03 
 3.427114e+01 -8.891101e-03 
 3.427154e+01 -8.897965e-03 
 3.427194e+01 -8.903726e-03 
 3.427234e+01 -8.908486e-03 
 3.427273e+01 -8.912401e-03 
 3.427313e+01 -8.915663e-03 
 3.427353e+01 -8.918407e-03 
 3.427393e+01 -8.920719e-03 
 3.427432e+01 -8.922698e-03 
 3.427472e+01 -8.924475e-03 
 3.427512e+01 -8.926069e-03 
 3.427552e+01 -8.927412e-03 
 3.427591e+01 -8.928414e-03 
 3.427631e+01 -8.928917e-03 
 3.427671e+01 -8.928737e-03 
 3.427711e+01 -8.927578e-03 
 3.427751e+01 -8.925191e-03 
 3.427790e+01 -8.921301e-03 
 3.427830e+01 -8.915756e-03 
 3.427870e+01 -8.908549e-03 
 3.427910e+01 -8.899679e-03 
 3.427949e+01 -8.889279e-03 
 3.427989e+01 -8.877528e-03 
 3.428029e+01 -8.864849e-03 
 3.428069e+01 -8.851628e-03 
 3.428108e+01 -8.838323e-03 
 3.428148e+01 -8.825342e-03 
 3.428188e+01 -8.812991e-03 
 3.428228e+01 -8.801568e-03 
 3.428268e+01 -8.791279e-03 
 3.428307e+01 -8.782267e-03 
 3.428347e+01 -8.774535e-03 
 3.428387e+01 -8.768052e-03 
 3.428427e+01 -8.762762e-03 
 3.428466e+01 -8.758506e-03 
 3.428506e+01 -8.755084e-03 
 3.428546e+01 -8.752201e-03 
 3.428586e+01 -8.749546e-03 
 3.428625e+01 -8.746728e-03 
 3.428665e+01 -8.743480e-03 
 3.428705e+01 -8.739553e-03 
 3.428745e+01 -8.734711e-03 
 3.428785e+01 -8.728810e-03 
 3.428824e+01 -8.721804e-03 
 3.428864e+01 -8.713731e-03 
 3.428904e+01 -8.704630e-03 
 3.428944e+01 -8.694623e-03 
 3.428983e+01 -8.683840e-03 
 3.429023e+01 -8.672380e-03 
 3.429063e+01 -8.660457e-03 
 3.429103e+01 -8.648262e-03 
 3.429142e+01 -8.635901e-03 
 3.429182e+01 -8.623473e-03 
 3.429222e+01 -8.610991e-03 
 3.429262e+01 -8.598509e-03 
 3.429302e+01 -8.585948e-03 
 3.429341e+01 -8.573267e-03 
 3.429381e+01 -8.560463e-03 
 3.429421e+01 -8.547493e-03 
 3.429461e+01 -8.534296e-03 
 3.429500e+01 -8.520967e-03 
 3.429540e+01 -8.507584e-03 
 3.429580e+01 -8.494165e-03 
 3.429620e+01 -8.480813e-03 
 3.429659e+01 -8.467661e-03 
 3.429699e+01 -8.454828e-03 
 3.429739e+01 -8.442467e-03 
 3.429779e+01 -8.430756e-03 
 3.429819e+01 -8.419925e-03 
 3.429858e+01 -8.410167e-03 
 3.429898e+01 -8.401615e-03 
 3.429938e+01 -8.394397e-03 
 3.429978e+01 -8.388555e-03 
 3.430017e+01 -8.384114e-03 
 3.430057e+01 -8.381152e-03 
 3.430097e+01 -8.379582e-03 
 3.430137e+01 -8.379277e-03 
 3.430176e+01 -8.380094e-03 
 3.430216e+01 -8.381820e-03 
 3.430256e+01 -8.384176e-03 
 3.430296e+01 -8.386815e-03 
 3.430336e+01 -8.389362e-03 
 3.430375e+01 -8.391403e-03 
 3.430415e+01 -8.392662e-03 
 3.430455e+01 -8.392955e-03 
 3.430495e+01 -8.392116e-03 
 3.430534e+01 -8.390006e-03 
 3.430574e+01 -8.386623e-03 
 3.430614e+01 -8.381933e-03 
 3.430654e+01 -8.376022e-03 
 3.430693e+01 -8.368937e-03 
 3.430733e+01 -8.360869e-03 
 3.430773e+01 -8.351962e-03 
 3.430813e+01 -8.342460e-03 
 3.430853e+01 -8.332597e-03 
 3.430892e+01 -8.322563e-03 
 3.430932e+01 -8.312479e-03 
 3.430972e+01 -8.302404e-03 
 3.431012e+01 -8.292376e-03 
 3.431051e+01 -8.282440e-03 
 3.431091e+01 -8.272530e-03 
 3.431131e+01 -8.262577e-03 
 3.431171e+01 -8.252452e-03 
 3.431210e+01 -8.242089e-03 
 3.431250e+01 -8.231346e-03 
 3.431290e+01 -8.220089e-03 
 3.431330e+01 -8.208216e-03 
 3.431370e+01 -8.195740e-03 
 3.431409e+01 -8.182780e-03 
 3.431449e+01 -8.169415e-03 
 3.431489e+01 -8.155840e-03 
 3.431529e+01 -8.142225e-03 
 3.431568e+01 -8.128827e-03 
 3.431608e+01 -8.115869e-03 
 3.431648e+01 -8.103523e-03 
 3.431688e+01 -8.092011e-03 
 3.431728e+01 -8.081441e-03 
 3.431767e+01 -8.071873e-03 
 3.431807e+01 -8.063348e-03 
 3.431847e+01 -8.055809e-03 
 3.431887e+01 -8.049108e-03 
 3.431926e+01 -8.043187e-03 
 3.431966e+01 -8.037851e-03 
 3.432006e+01 -8.032937e-03 
 3.432046e+01 -8.028285e-03 
 3.432085e+01 -8.023655e-03 
 3.432125e+01 -8.018808e-03 
 3.432165e+01 -8.013534e-03 
 3.432205e+01 -8.007769e-03 
 3.432245e+01 -8.001575e-03 
 3.432284e+01 -7.995015e-03 
 3.432324e+01 -7.988299e-03 
 3.432364e+01 -7.981636e-03 
 3.432404e+01 -7.975228e-03 
 3.432443e+01 -7.969265e-03 
 3.432483e+01 -7.963972e-03 
 3.432523e+01 -7.959536e-03 
 3.432563e+01 -7.956071e-03 
 3.432602e+01 -7.953818e-03 
 3.432642e+01 -7.952929e-03 
 3.432682e+01 -7.953563e-03 
 3.432722e+01 -7.955685e-03 
 3.432762e+01 -7.959205e-03 
 3.432801e+01 -7.963983e-03 
 3.432841e+01 -7.969738e-03 
 3.432881e+01 -7.976212e-03 
 3.432921e+01 -7.983186e-03 
 3.432960e+01 -7.990444e-03 
 3.433000e+01 -7.997892e-03 
 3.433040e+01 -8.005435e-03 
 3.433080e+01 -8.012995e-03 
 3.433119e+01 -8.020556e-03 
 3.433159e+01 -8.028159e-03 
 3.433199e+01 -8.035867e-03 
 3.433239e+01 -8.043841e-03 
 3.433279e+01 -8.052237e-03 
 3.433318e+01 -8.061156e-03 
 3.433358e+01 -8.070719e-03 
 3.433398e+01 -8.081105e-03 
 3.433438e+01 -8.092511e-03 
 3.433477e+01 -8.105081e-03 
 3.433517e+01 -8.118911e-03 
 3.433557e+01 -8.134172e-03 
 3.433597e+01 -8.150914e-03 
 3.433636e+01 -8.169084e-03 
 3.433676e+01 -8.188642e-03 
 3.433716e+01 -8.209469e-03 
 3.433756e+01 -8.231361e-03 
 3.433796e+01 -8.254143e-03 
 3.433835e+01 -8.277595e-03 
 3.433875e+01 -8.301453e-03 
 3.433915e+01 -8.325598e-03 
 3.433955e+01 -8.349821e-03 
 3.433994e+01 -8.373976e-03 
 3.434034e+01 -8.398005e-03 
 3.434074e+01 -8.421842e-03 
 3.434114e+01 -8.445486e-03 
 3.434153e+01 -8.468865e-03 
 3.434193e+01 -8.492130e-03 
 3.434233e+01 -8.515454e-03 
 3.434273e+01 -8.538967e-03 
 3.434313e+01 -8.562833e-03 
 3.434352e+01 -8.587228e-03 
 3.434392e+01 -8.612282e-03 
 3.434432e+01 -8.638091e-03 
 3.434472e+01 -8.664672e-03 
 3.434511e+01 -8.691940e-03 
 3.434551e+01 -8.719769e-03 
 3.434591e+01 -8.747925e-03 
 3.434631e+01 -8.776194e-03 
 3.434670e+01 -8.804342e-03 
 3.434710e+01 -8.832052e-03 
 3.434750e+01 -8.859195e-03 
 3.434790e+01 -8.885711e-03 
 3.434830e+01 -8.911574e-03 
 3.434869e+01 -8.936929e-03 
 3.434909e+01 -8.961980e-03 
 3.434949e+01 -8.986911e-03 
 3.434989e+01 -9.011957e-03 
 3.435028e+01 -9.037353e-03 
 3.435068e+01 -9.063306e-03 
 3.435108e+01 -9.089991e-03 
 3.435148e+01 -9.117634e-03 
 3.435187e+01 -9.146489e-03 
 3.435227e+01 -9.176619e-03 
 3.435267e+01 -9.208088e-03 
 3.435307e+01 -9.240889e-03 
 3.435347e+01 -9.274858e-03 
 3.435386e+01 -9.309722e-03 
 3.435426e+01 -9.345204e-03 
 3.435466e+01 -9.380978e-03 
 3.435506e+01 -9.416630e-03 
 3.435545e+01 -9.451798e-03 
 3.435585e+01 -9.486127e-03 
 3.435625e+01 -9.519409e-03 
 3.435665e+01 -9.551407e-03 
 3.435704e+01 -9.582014e-03 
 3.435744e+01 -9.611153e-03 
 3.435784e+01 -9.638863e-03 
 3.435824e+01 -9.665221e-03 
 3.435864e+01 -9.690321e-03 
 3.435903e+01 -9.714285e-03 
 3.435943e+01 -9.737181e-03 
 3.435983e+01 -9.759089e-03 
 3.436023e+01 -9.780044e-03 
 3.436062e+01 -9.800096e-03 
 3.436102e+01 -9.819283e-03 
 3.436142e+01 -9.837568e-03 
 3.436182e+01 -9.854932e-03 
 3.436221e+01 -9.871324e-03 
 3.436261e+01 -9.886721e-03 
 3.436301e+01 -9.901097e-03 
 3.436341e+01 -9.914345e-03 
 3.436381e+01 -9.926445e-03 
 3.436420e+01 -9.937381e-03 
 3.436460e+01 -9.947095e-03 
 3.436500e+01 -9.955604e-03 
 3.436540e+01 -9.962938e-03 
 3.436579e+01 -9.969176e-03 
 3.436619e+01 -9.974405e-03 
 3.436659e+01 -9.978739e-03 
 3.436699e+01 -9.982265e-03 
 3.436738e+01 -9.985181e-03 
 3.436778e+01 -9.987636e-03 
 3.436818e+01 -9.989843e-03 
 3.436858e+01 -9.991985e-03 
 3.436898e+01 -9.994204e-03 
 3.436937e+01 -9.996671e-03 
 3.436977e+01 -9.999486e-03 
 3.437017e+01 -1.000268e-02 
 3.437057e+01 -1.000632e-02 
 3.437096e+01 -1.001034e-02 
 3.437136e+01 -1.001462e-02 
 3.437176e+01 -1.001900e-02 
 3.437216e+01 -1.002320e-02 
 3.437255e+01 -1.002689e-02 
 3.437295e+01 -1.002973e-02 
 3.437335e+01 -1.003145e-02 
 3.437375e+01 -1.003185e-02 
 3.437415e+01 -1.003076e-02 
 3.437454e+01 -1.002815e-02 
 3.437494e+01 -1.002411e-02 
 3.437534e+01 -1.001866e-02 
 3.437574e+01 -1.001196e-02 
 3.437613e+01 -1.000425e-02 
 3.437653e+01 -9.995757e-03 
 3.437693e+01 -9.986760e-03 
 3.437733e+01 -9.977576e-03 
 3.437772e+01 -9.968501e-03 
 3.437812e+01 -9.959829e-03 
 3.437852e+01 -9.951705e-03 
 3.437892e+01 -9.944157e-03 
 3.437932e+01 -9.937070e-03 
 3.437971e+01 -9.930292e-03 
 3.438011e+01 -9.923656e-03 
 3.438051e+01 -9.916980e-03 
 3.438091e+01 -9.910029e-03 
 3.438130e+01 -9.902646e-03 
 3.438170e+01 -9.894682e-03 
 3.438210e+01 -9.885956e-03 
 3.438250e+01 -9.876393e-03 
 3.438289e+01 -9.865936e-03 
 3.438329e+01 -9.854571e-03 
 3.438369e+01 -9.842313e-03 
 3.438409e+01 -9.829299e-03 
 3.438449e+01 -9.815658e-03 
 3.438488e+01 -9.801577e-03 
 3.438528e+01 -9.787192e-03 
 3.438568e+01 -9.772756e-03 
 3.438608e+01 -9.758490e-03 
 3.438647e+01 -9.744543e-03 
 3.438687e+01 -9.731081e-03 
 3.438727e+01 -9.718188e-03 
 3.438767e+01 -9.705863e-03 
 3.438806e+01 -9.694128e-03 
 3.438846e+01 -9.682942e-03 
 3.438886e+01 -9.672183e-03 
 3.438926e+01 -9.661758e-03 
 3.438966e+01 -9.651544e-03 
 3.439005e+01 -9.641406e-03 
 3.439045e+01 -9.631228e-03 
 3.439085e+01 -9.620900e-03 
 3.439125e+01 -9.610358e-03 
 3.439164e+01 -9.599543e-03 
 3.439204e+01 -9.588450e-03 
 3.439244e+01 -9.577118e-03 
 3.439284e+01 -9.565615e-03 
 3.439323e+01 -9.553976e-03 
 3.439363e+01 -9.542236e-03 
 3.439403e+01 -9.530404e-03 
 3.439443e+01 -9.518547e-03 
 3.439483e+01 -9.506687e-03 
 3.439522e+01 -9.494877e-03 
 3.439562e+01 -9.483202e-03 
 3.439602e+01 -9.471639e-03 
 3.439642e+01 -9.460194e-03 
 3.439681e+01 -9.448875e-03 
 3.439721e+01 -9.437553e-03 
 3.439761e+01 -9.426062e-03 
 3.439801e+01 -9.414267e-03 
 3.439840e+01 -9.402006e-03 
 3.439880e+01 -9.389066e-03 
 3.439920e+01 -9.375297e-03 
 3.439960e+01 -9.360578e-03 
 3.440000e+01 -9.344830e-03 
 3.440039e+01 -9.328020e-03 
 3.440079e+01 -9.310148e-03 
 3.440119e+01 -9.291251e-03 
 3.440159e+01 -9.271389e-03 
 3.440198e+01 -9.250664e-03 
 3.440238e+01 -9.229406e-03 
 3.440278e+01 -9.207885e-03 
 3.440318e+01 -9.186463e-03 
 3.440357e+01 -9.165482e-03 
 3.440397e+01 -9.145327e-03 
 3.440437e+01 -9.126282e-03 
 3.440477e+01 -9.108570e-03 
 3.440517e+01 -9.092246e-03 
 3.440556e+01 -9.077326e-03 
 3.440596e+01 -9.063727e-03 
 3.440636e+01 -9.051289e-03 
 3.440676e+01 -9.039849e-03 
 3.440715e+01 -9.029199e-03 
 3.440755e+01 -9.019135e-03 
 3.440795e+01 -9.009381e-03 
 3.440835e+01 -8.999752e-03 
 3.440875e+01 -8.990063e-03 
 3.440914e+01 -8.980138e-03 
 3.440954e+01 -8.969956e-03 
 3.440994e+01 -8.959437e-03 
 3.441034e+01 -8.948524e-03 
 3.441073e+01 -8.937184e-03 
 3.441113e+01 -8.925530e-03 
 3.441153e+01 -8.913694e-03 
 3.441193e+01 -8.901703e-03 
 3.441232e+01 -8.889675e-03 
 3.441272e+01 -8.877741e-03 
 3.441312e+01 -8.865983e-03 
 3.441352e+01 -8.854384e-03 
 3.441392e+01 -8.842851e-03 
 3.441431e+01 -8.831261e-03 
 3.441471e+01 -8.819443e-03 
 3.441511e+01 -8.807194e-03 
 3.441551e+01 -8.794386e-03 
 3.441590e+01 -8.780827e-03 
 3.441630e+01 -8.766402e-03 
 3.441670e+01 -8.751057e-03 
 3.441710e+01 -8.734890e-03 
 3.441749e+01 -8.718000e-03 
 3.441789e+01 -8.700528e-03 
 3.441829e+01 -8.682676e-03 
 3.441869e+01 -8.664745e-03 
 3.441909e+01 -8.646944e-03 
 3.441948e+01 -8.629676e-03 
 3.441988e+01 -8.613204e-03 
 3.442028e+01 -8.597933e-03 
 3.442068e+01 -8.584127e-03 
 3.442107e+01 -8.572142e-03 
 3.442147e+01 -8.562245e-03 
 3.442187e+01 -8.554548e-03 
 3.442227e+01 -8.549210e-03 
 3.442266e+01 -8.546109e-03 
 3.442306e+01 -8.545034e-03 
 3.442346e+01 -8.545847e-03 
 3.442386e+01 -8.548347e-03 
 3.442426e+01 -8.552268e-03 
 3.442465e+01 -8.557296e-03 
 3.442505e+01 -8.563081e-03 
 3.442545e+01 -8.569374e-03 
 3.442585e+01 -8.575916e-03 
 3.442624e+01 -8.582534e-03 
 3.442664e+01 -8.589040e-03 
 3.442704e+01 -8.595316e-03 
 3.442744e+01 -8.601379e-03 
 3.442783e+01 -8.607235e-03 
 3.442823e+01 -8.612992e-03 
 3.442863e+01 -8.618709e-03 
 3.442903e+01 -8.624524e-03 
 3.442943e+01 -8.630730e-03 
 3.442982e+01 -8.637432e-03 
 3.443022e+01 -8.644784e-03 
 3.443062e+01 -8.652905e-03 
 3.443102e+01 -8.661850e-03 
 3.443141e+01 -8.671628e-03 
 3.443181e+01 -8.682210e-03 
 3.443221e+01 -8.693542e-03 
 3.443261e+01 -8.705478e-03 
 3.443300e+01 -8.717905e-03 
 3.443340e+01 -8.730718e-03 
 3.443380e+01 -8.743771e-03 
 3.443420e+01 -8.756902e-03 
 3.443460e+01 -8.770002e-03 
 3.443499e+01 -8.783106e-03 
 3.443539e+01 -8.796193e-03 
 3.443579e+01 -8.809270e-03 
 3.443619e+01 -8.822482e-03 
 3.443658e+01 -8.835942e-03 
 3.443698e+01 -8.849752e-03 
 3.443738e+01 -8.864129e-03 
 3.443778e+01 -8.879241e-03 
 3.443817e+01 -8.895267e-03 
 3.443857e+01 -8.912410e-03 
 3.443897e+01 -8.930819e-03 
 3.443937e+01 -8.950497e-03 
 3.443977e+01 -8.971444e-03 
 3.444016e+01 -8.993558e-03 
 3.444056e+01 -9.016646e-03 
 3.444096e+01 -9.040427e-03 
 3.444136e+01 -9.064650e-03 
 3.444175e+01 -9.088944e-03 
 3.444215e+01 -9.113077e-03 
 3.444255e+01 -9.136779e-03 
 3.444295e+01 -9.159809e-03 
 3.444334e+01 -9.182079e-03 
 3.444374e+01 -9.203551e-03 
 3.444414e+01 -9.224264e-03 
 3.444454e+01 -9.244348e-03 
 3.444494e+01 -9.263955e-03 
 3.444533e+01 -9.283255e-03 
 3.444573e+01 -9.302431e-03 
 3.444613e+01 -9.321731e-03 
 3.444653e+01 -9.341326e-03 
 3.444692e+01 -9.361357e-03 
 3.444732e+01 -9.381945e-03 
 3.444772e+01 -9.403203e-03 
 3.444812e+01 -9.425084e-03 
 3.444851e+01 -9.447582e-03 
 3.444891e+01 -9.470593e-03 
 3.444931e+01 -9.493934e-03 
 3.444971e+01 -9.517441e-03 
 3.445011e+01 -9.540888e-03 
 3.445050e+01 -9.564082e-03 
 3.445090e+01 -9.586835e-03 
 3.445130e+01 -9.609048e-03 
 3.445170e+01 -9.630556e-03 
 3.445209e+01 -9.651252e-03 
 3.445249e+01 -9.671140e-03 
 3.445289e+01 -9.690249e-03 
 3.445329e+01 -9.708555e-03 
 3.445368e+01 -9.726163e-03 
 3.445408e+01 -9.743123e-03 
 3.445448e+01 -9.759532e-03 
 3.445488e+01 -9.775571e-03 
 3.445528e+01 -9.791390e-03 
 3.445567e+01 -9.807089e-03 
 3.445607e+01 -9.822819e-03 
 3.445647e+01 -9.838714e-03 
 3.445687e+01 -9.854767e-03 
 3.445726e+01 -9.870994e-03 
 3.445766e+01 -9.887313e-03 
 3.445806e+01 -9.903613e-03 
 3.445846e+01 -9.919858e-03 
 3.445885e+01 -9.935955e-03 
 3.445925e+01 -9.951834e-03 
 3.445965e+01 -9.967413e-03 
 3.446005e+01 -9.982577e-03 
 3.446045e+01 -9.997262e-03 
 3.446084e+01 -1.001142e-02 
 3.446124e+01 -1.002502e-02 
 3.446164e+01 -1.003804e-02 
 3.446204e+01 -1.005052e-02 
 3.446243e+01 -1.006243e-02 
 3.446283e+01 -1.007387e-02 
 3.446323e+01 -1.008491e-02 
 3.446363e+01 -1.009560e-02 
 3.446402e+01 -1.010605e-02 
 3.446442e+01 -1.011634e-02 
 3.446482e+01 -1.012645e-02 
 3.446522e+01 -1.013644e-02 
 3.446562e+01 -1.014630e-02 
 3.446601e+01 -1.015600e-02 
 3.446641e+01 -1.016531e-02 
 3.446681e+01 -1.017402e-02 
 3.446721e+01 -1.018190e-02 
 3.446760e+01 -1.018865e-02 
 3.446800e+01 -1.019401e-02 
 3.446840e+01 -1.019772e-02 
 3.446880e+01 -1.019961e-02 
 3.446919e+01 -1.019946e-02 
 3.446959e+01 -1.019721e-02 
 3.446999e+01 -1.019291e-02 
 3.447039e+01 -1.018658e-02 
 3.447079e+01 -1.017840e-02 
 3.447118e+01 -1.016864e-02 
 3.447158e+01 -1.015766e-02 
 3.447198e+01 -1.014584e-02 
 3.447238e+01 -1.013352e-02 
 3.447277e+01 -1.012110e-02 
 3.447317e+01 -1.010891e-02 
 3.447357e+01 -1.009719e-02 
 3.447397e+01 -1.008613e-02 
 3.447436e+01 -1.007587e-02 
 3.447476e+01 -1.006648e-02 
 3.447516e+01 -1.005798e-02 
 3.447556e+01 -1.005033e-02 
 3.447596e+01 -1.004345e-02 
 3.447635e+01 -1.003718e-02 
 3.447675e+01 -1.003133e-02 
 3.447715e+01 -1.002577e-02 
 3.447755e+01 -1.002035e-02 
 3.447794e+01 -1.001490e-02 
 3.447834e+01 -1.000938e-02 
 3.447874e+01 -1.000370e-02 
 3.447914e+01 -9.997801e-03 
 3.447953e+01 -9.991681e-03 
 3.447993e+01 -9.985412e-03 
 3.448033e+01 -9.979075e-03 
 3.448073e+01 -9.972721e-03 
 3.448113e+01 -9.966413e-03 
 3.448152e+01 -9.960208e-03 
 3.448192e+01 -9.954158e-03 
 3.448232e+01 -9.948232e-03 
 3.448272e+01 -9.942380e-03 
 3.448311e+01 -9.936472e-03 
 3.448351e+01 -9.930419e-03 
 3.448391e+01 -9.924084e-03 
 3.448431e+01 -9.917328e-03 
 3.448470e+01 -9.910025e-03 
 3.448510e+01 -9.902056e-03 
 3.448550e+01 -9.893248e-03 
 3.448590e+01 -9.883482e-03 
 3.448630e+01 -9.872706e-03 
 3.448669e+01 -9.860782e-03 
 3.448709e+01 -9.847632e-03 
 3.448749e+01 -9.833282e-03 
 3.448789e+01 -9.817744e-03 
 3.448828e+01 -9.801074e-03 
 3.448868e+01 -9.783382e-03 
 3.448908e+01 -9.764875e-03 
 3.448948e+01 -9.745715e-03 
 3.448987e+01 -9.726148e-03 
 3.449027e+01 -9.706410e-03 
 3.449067e+01 -9.686648e-03 
 3.449107e+01 -9.667027e-03 
 3.449147e+01 -9.647642e-03 
 3.449186e+01 -9.628549e-03 
 3.449226e+01 -9.609777e-03 
 3.449266e+01 -9.591273e-03 
 3.449306e+01 -9.573002e-03 
 3.449345e+01 -9.554852e-03 
 3.449385e+01 -9.536729e-03 
 3.449425e+01 -9.518450e-03 
 3.449465e+01 -9.499828e-03 
 3.449504e+01 -9.480675e-03 
 3.449544e+01 -9.460753e-03 
 3.449584e+01 -9.439903e-03 
 3.449624e+01 -9.418075e-03 
 3.449664e+01 -9.395258e-03 
 3.449703e+01 -9.371497e-03 
 3.449743e+01 -9.346903e-03 
 3.449783e+01 -9.321602e-03 
 3.449823e+01 -9.295848e-03 
 3.449862e+01 -9.269948e-03 
 3.449902e+01 -9.244126e-03 
 3.449942e+01 -9.218598e-03 
 3.449982e+01 -9.193590e-03 
 3.450022e+01 -9.169277e-03 
 3.450061e+01 -9.145681e-03 
 3.450101e+01 -9.122790e-03 
 3.450141e+01 -9.100570e-03 
 3.450181e+01 -9.078838e-03 
 3.450220e+01 -9.057428e-03 
 3.450260e+01 -9.036130e-03 
 3.450300e+01 -9.014766e-03 
 3.450340e+01 -8.993151e-03 
 3.450379e+01 -8.971168e-03 
 3.450419e+01 -8.948741e-03 
 3.450459e+01 -8.925805e-03 
 3.450499e+01 -8.902443e-03 
 3.450539e+01 -8.878713e-03 
 3.450578e+01 -8.854709e-03 
 3.450618e+01 -8.830634e-03 
 3.450658e+01 -8.806692e-03 
 3.450698e+01 -8.783154e-03 
 3.450737e+01 -8.760223e-03 
 3.450777e+01 -8.738211e-03 
 3.450817e+01 -8.717239e-03 
 3.450857e+01 -8.697358e-03 
 3.450896e+01 -8.678598e-03 
 3.450936e+01 -8.660900e-03 
 3.450976e+01 -8.644197e-03 
 3.451016e+01 -8.628395e-03 
 3.451056e+01 -8.613359e-03 
 3.451095e+01 -8.598977e-03 
 3.451135e+01 -8.585120e-03 
 3.451175e+01 -8.571613e-03 
 3.451215e+01 -8.558344e-03 
 3.451254e+01 -8.545339e-03 
 3.451294e+01 -8.532478e-03 
 3.451334e+01 -8.519836e-03 
 3.451374e+01 -8.507483e-03 
 3.451413e+01 -8.495569e-03 
 3.451453e+01 -8.484232e-03 
 3.451493e+01 -8.473613e-03 
 3.451533e+01 -8.463976e-03 
 3.451573e+01 -8.455480e-03 
 3.451612e+01 -8.448307e-03 
 3.451652e+01 -8.442645e-03 
 3.451692e+01 -8.438616e-03 
 3.451732e+01 -8.436333e-03 
 3.451771e+01 -8.435742e-03 
 3.451811e+01 -8.436681e-03 
 3.451851e+01 -8.438994e-03 
 3.451891e+01 -8.442425e-03 
 3.451930e+01 -8.446714e-03 
 3.451970e+01 -8.451596e-03 
 3.452010e+01 -8.456810e-03 
 3.452050e+01 -8.462128e-03 
 3.452090e+01 -8.467349e-03 
 3.452129e+01 -8.472252e-03 
 3.452169e+01 -8.476688e-03 
 3.452209e+01 -8.480561e-03 
 3.452249e+01 -8.483837e-03 
 3.452288e+01 -8.486541e-03 
 3.452328e+01 -8.488791e-03 
 3.452368e+01 -8.490854e-03 
 3.452408e+01 -8.492894e-03 
 3.452447e+01 -8.495182e-03 
 3.452487e+01 -8.498024e-03 
 3.452527e+01 -8.501662e-03 
 3.452567e+01 -8.506343e-03 
 3.452607e+01 -8.512201e-03 
 3.452646e+01 -8.519388e-03 
 3.452686e+01 -8.527961e-03 
 3.452726e+01 -8.537972e-03 
 3.452766e+01 -8.549391e-03 
 3.452805e+01 -8.562115e-03 
 3.452845e+01 -8.576038e-03 
 3.452885e+01 -8.591044e-03 
 3.452925e+01 -8.606957e-03 
 3.452964e+01 -8.623647e-03 
 3.453004e+01 -8.641028e-03 
 3.453044e+01 -8.658962e-03 
 3.453084e+01 -8.677369e-03 
 3.453124e+01 -8.696246e-03 
 3.453163e+01 -8.715680e-03 
 3.453203e+01 -8.735837e-03 
 3.453243e+01 -8.756817e-03 
 3.453283e+01 -8.778778e-03 
 3.453322e+01 -8.801922e-03 
 3.453362e+01 -8.826369e-03 
 3.453402e+01 -8.852188e-03 
 3.453442e+01 -8.879366e-03 
 3.453481e+01 -8.907831e-03 
 3.453521e+01 -8.937452e-03 
 3.453561e+01 -8.968011e-03 
 3.453601e+01 -8.999349e-03 
 3.453641e+01 -9.031228e-03 
 3.453680e+01 -9.063319e-03 
 3.453720e+01 -9.095345e-03 
 3.453760e+01 -9.127038e-03 
 3.453800e+01 -9.158146e-03 
 3.453839e+01 -9.188426e-03 
 3.453879e+01 -9.217810e-03 
 3.453919e+01 -9.246212e-03 
 3.453959e+01 -9.273681e-03 
 3.453998e+01 -9.300309e-03 
 3.454038e+01 -9.326334e-03 
 3.454078e+01 -9.351960e-03 
 3.454118e+01 -9.377391e-03 
 3.454158e+01 -9.402891e-03 
 3.454197e+01 -9.428622e-03 
 3.454237e+01 -9.454788e-03 
 3.454277e+01 -9.481539e-03 
 3.454317e+01 -9.508930e-03 
 3.454356e+01 -9.536991e-03 
 3.454396e+01 -9.565678e-03 
 3.454436e+01 -9.594955e-03 
 3.454476e+01 -9.624661e-03 
 3.454515e+01 -9.654658e-03 
 3.454555e+01 -9.684776e-03 
 3.454595e+01 -9.714786e-03 
 3.454635e+01 -9.744481e-03 
 3.454675e+01 -9.773651e-03 
 3.454714e+01 -9.802094e-03 
 3.454754e+01 -9.829693e-03 
 3.454794e+01 -9.856432e-03 
 3.454834e+01 -9.882245e-03 
 3.454873e+01 -9.907262e-03 
 3.454913e+01 -9.931517e-03 
 3.454953e+01 -9.955100e-03 
 3.454993e+01 -9.978162e-03 
 3.455032e+01 -1.000078e-02 
 3.455072e+01 -1.002307e-02 
 3.455112e+01 -1.004516e-02 
 3.455152e+01 -1.006715e-02 
 3.455192e+01 -1.008920e-02 
 3.455231e+01 -1.011136e-02 
 3.455271e+01 -1.013365e-02 
 3.455311e+01 -1.015607e-02 
 3.455351e+01 -1.017853e-02 
 3.455390e+01 -1.020089e-02 
 3.455430e+01 -1.022310e-02 
 3.455470e+01 -1.024506e-02 
 3.455510e+01 -1.026668e-02 
 3.455549e+01 -1.028796e-02 
 3.455589e+01 -1.030889e-02 
 3.455629e+01 -1.032949e-02 
 3.455669e+01 -1.034980e-02 
 3.455709e+01 -1.036985e-02 
 3.455748e+01 -1.038960e-02 
 3.455788e+01 -1.040913e-02 
 3.455828e+01 -1.042855e-02 
 3.455868e+01 -1.044803e-02 
 3.455907e+01 -1.046766e-02 
 3.455947e+01 -1.048752e-02 
 3.455987e+01 -1.050769e-02 
 3.456027e+01 -1.052828e-02 
 3.456066e+01 -1.054928e-02 
 3.456106e+01 -1.057073e-02 
 3.456146e+01 -1.059261e-02 
 3.456186e+01 -1.061473e-02 
 3.456226e+01 -1.063698e-02 
 3.456265e+01 -1.065921e-02 
 3.456305e+01 -1.068111e-02 
 3.456345e+01 -1.070240e-02 
 3.456385e+01 -1.072287e-02 
 3.456424e+01 -1.074231e-02 
 3.456464e+01 -1.076060e-02 
 3.456504e+01 -1.077764e-02 
 3.456544e+01 -1.079339e-02 
 3.456583e+01 -1.080789e-02 
 3.456623e+01 -1.082128e-02 
 3.456663e+01 -1.083378e-02 
 3.456703e+01 -1.084572e-02 
 3.456743e+01 -1.085743e-02 
 3.456782e+01 -1.086920e-02 
 3.456822e+01 -1.088134e-02 
 3.456862e+01 -1.089419e-02 
 3.456902e+01 -1.090794e-02 
 3.456941e+01 -1.092271e-02 
 3.456981e+01 -1.093849e-02 
 3.457021e+01 -1.095523e-02 
 3.457061e+01 -1.097285e-02 
 3.457100e+01 -1.099118e-02 
 3.457140e+01 -1.101004e-02 
 3.457180e+01 -1.102914e-02 
 3.457220e+01 -1.104824e-02 
 3.457260e+01 -1.106704e-02 
 3.457299e+01 -1.108528e-02 
 3.457339e+01 -1.110275e-02 
 3.457379e+01 -1.111930e-02 
 3.457419e+01 -1.113478e-02 
 3.457458e+01 -1.114913e-02 
 3.457498e+01 -1.116240e-02 
 3.457538e+01 -1.117463e-02 
 3.457578e+01 -1.118590e-02 
 3.457617e+01 -1.119628e-02 
 3.457657e+01 -1.120581e-02 
 3.457697e+01 -1.121453e-02 
 3.457737e+01 -1.122245e-02 
 3.457777e+01 -1.122957e-02 
 3.457816e+01 -1.123584e-02 
 3.457856e+01 -1.124123e-02 
 3.457896e+01 -1.124562e-02 
 3.457936e+01 -1.124887e-02 
 3.457975e+01 -1.125093e-02 
 3.458015e+01 -1.125171e-02 
 3.458055e+01 -1.125112e-02 
 3.458095e+01 -1.124909e-02 
 3.458134e+01 -1.124559e-02 
 3.458174e+01 -1.124049e-02 
 3.458214e+01 -1.123381e-02 
 3.458254e+01 -1.122563e-02 
 3.458294e+01 -1.121604e-02 
 3.458333e+01 -1.120515e-02 
 3.458373e+01 -1.119318e-02 
 3.458413e+01 -1.118033e-02 
 3.458453e+01 -1.116687e-02 
 3.458492e+01 -1.115299e-02 
 3.458532e+01 -1.113886e-02 
 3.458572e+01 -1.112462e-02 
 3.458612e+01 -1.111040e-02 
 3.458651e+01 -1.109636e-02 
 3.458691e+01 -1.108264e-02 
 3.458731e+01 -1.106934e-02 
 3.458771e+01 -1.105653e-02 
 3.458811e+01 -1.104416e-02 
 3.458850e+01 -1.103209e-02 
 3.458890e+01 -1.102003e-02 
 3.458930e+01 -1.100777e-02 
 3.458970e+01 -1.099502e-02 
 3.459009e+01 -1.098143e-02 
 3.459049e+01 -1.096671e-02 
 3.459089e+01 -1.095072e-02 
 3.459129e+01 -1.093326e-02 
 3.459169e+01 -1.091419e-02 
 3.459208e+01 -1.089351e-02 
 3.459248e+01 -1.087129e-02 
 3.459288e+01 -1.084761e-02 
 3.459328e+01 -1.082268e-02 
 3.459367e+01 -1.079675e-02 
 3.459407e+01 -1.077003e-02 
 3.459447e+01 -1.074275e-02 
 3.459487e+01 -1.071513e-02 
 3.459526e+01 -1.068729e-02 
 3.459566e+01 -1.065935e-02 
 3.459606e+01 -1.063137e-02 
 3.459646e+01 -1.060335e-02 
 3.459686e+01 -1.057528e-02 
 3.459725e+01 -1.054703e-02 
 3.459765e+01 -1.051849e-02 
 3.459805e+01 -1.048947e-02 
 3.459845e+01 -1.045979e-02 
 3.459884e+01 -1.042937e-02 
 3.459924e+01 -1.039815e-02 
 3.459964e+01 -1.036612e-02 
 3.460004e+01 -1.033341e-02 
 3.460043e+01 -1.030012e-02 
 3.460083e+01 -1.026639e-02 
 3.460123e+01 -1.023240e-02 
 3.460163e+01 -1.019836e-02 
 3.460203e+01 -1.016457e-02 
 3.460242e+01 -1.013133e-02 
 3.460282e+01 -1.009885e-02 
 3.460322e+01 -1.006731e-02 
 3.460362e+01 -1.003686e-02 
 3.460401e+01 -1.000750e-02 
 3.460441e+01 -9.979269e-03 
 3.460481e+01 -9.952094e-03 
 3.460521e+01 -9.925796e-03 
 3.460560e+01 -9.900215e-03 
 3.460600e+01 -9.875260e-03 
 3.460640e+01 -9.850756e-03 
 3.460680e+01 -9.826562e-03 
 3.460720e+01 -9.802591e-03 
 3.460759e+01 -9.778777e-03 
 3.460799e+01 -9.755129e-03 
 3.460839e+01 -9.731720e-03 
 3.460879e+01 -9.708628e-03 
 3.460918e+01 -9.685968e-03 
 3.460958e+01 -9.663902e-03 
 3.460998e+01 -9.642622e-03 
 3.461038e+01 -9.622265e-03 
 3.461077e+01 -9.603014e-03 
 3.461117e+01 -9.585066e-03 
 3.461157e+01 -9.568583e-03 
 3.461197e+01 -9.553670e-03 
 3.461237e+01 -9.540474e-03 
 3.461276e+01 -9.529086e-03 
 3.461316e+01 -9.519497e-03 
 3.461356e+01 -9.511665e-03 
 3.461396e+01 -9.505421e-03 
 3.461435e+01 -9.500670e-03 
 3.461475e+01 -9.497220e-03 
 3.461515e+01 -9.494865e-03 
 3.461555e+01 -9.493323e-03 
 3.461594e+01 -9.492327e-03 
 3.461634e+01 -9.491609e-03 
 3.461674e+01 -9.490929e-03 
 3.461714e+01 -9.490053e-03 
 3.461754e+01 -9.488937e-03 
 3.461793e+01 -9.487584e-03 
 3.461833e+01 -9.486083e-03 
 3.461873e+01 -9.484629e-03 
 3.461913e+01 -9.483398e-03 
 3.461952e+01 -9.482570e-03 
 3.461992e+01 -9.482392e-03 
 3.462032e+01 -9.483045e-03 
 3.462072e+01 -9.484644e-03 
 3.462111e+01 -9.487340e-03 
 3.462151e+01 -9.491225e-03 
 3.462191e+01 -9.496330e-03 
 3.462231e+01 -9.502640e-03 
 3.462271e+01 -9.510047e-03 
 3.462310e+01 -9.518382e-03 
 3.462350e+01 -9.527464e-03 
 3.462390e+01 -9.537106e-03 
 3.462430e+01 -9.547104e-03 
 3.462469e+01 -9.557319e-03 
 3.462509e+01 -9.567599e-03 
 3.462549e+01 -9.577782e-03 
 3.462589e+01 -9.587789e-03 
 3.462628e+01 -9.597611e-03 
 3.462668e+01 -9.607244e-03 
 3.462708e+01 -9.616772e-03 
 3.462748e+01 -9.626318e-03 
 3.462788e+01 -9.636106e-03 
 3.462827e+01 -9.646299e-03 
 3.462867e+01 -9.657086e-03 
 3.462907e+01 -9.668595e-03 
 3.462947e+01 -9.680904e-03 
 3.462986e+01 -9.694050e-03 
 3.463026e+01 -9.707896e-03 
 3.463066e+01 -9.722354e-03 
 3.463106e+01 -9.737325e-03 
 3.463145e+01 -9.752672e-03 
 3.463185e+01 -9.768191e-03 
 3.463225e+01 -9.783642e-03 
 3.463265e+01 -9.798829e-03 
 3.463305e+01 -9.813502e-03 
 3.463344e+01 -9.827420e-03 
 3.463384e+01 -9.840495e-03 
 3.463424e+01 -9.852712e-03 
 3.463464e+01 -9.864078e-03 
 3.463503e+01 -9.874744e-03 
 3.463543e+01 -9.884906e-03 
 3.463583e+01 -9.894752e-03 
 3.463623e+01 -9.904530e-03 
 3.463662e+01 -9.914423e-03 
 3.463702e+01 -9.924588e-03 
 3.463742e+01 -9.935222e-03 
 3.463782e+01 -9.946444e-03 
 3.463822e+01 -9.958372e-03 
 3.463861e+01 -9.971069e-03 
 3.463901e+01 -9.984510e-03 
 3.463941e+01 -9.998695e-03 
 3.463981e+01 -1.001355e-02 
 3.464020e+01 -1.002896e-02 
 3.464060e+01 -1.004477e-02 
 3.464100e+01 -1.006085e-02 
 3.464140e+01 -1.007705e-02 
 3.464179e+01 -1.009321e-02 
 3.464219e+01 -1.010923e-02 
 3.464259e+01 -1.012497e-02 
 3.464299e+01 -1.014026e-02 
 3.464339e+01 -1.015508e-02 
 3.464378e+01 -1.016940e-02 
 3.464418e+01 -1.018320e-02 
 3.464458e+01 -1.019644e-02 
 3.464498e+01 -1.020922e-02 
 3.464537e+01 -1.022162e-02 
 3.464577e+01 -1.023382e-02 
 3.464617e+01 -1.024599e-02 
 3.464657e+01 -1.025828e-02 
 3.464696e+01 -1.027080e-02 
 3.464736e+01 -1.028366e-02 
 3.464776e+01 -1.029691e-02 
 3.464816e+01 -1.031063e-02 
 3.464856e+01 -1.032478e-02 
 3.464895e+01 -1.033926e-02 
 3.464935e+01 -1.035397e-02 
 3.464975e+01 -1.036886e-02 
 3.465015e+01 -1.038385e-02 
 3.465054e+01 -1.039885e-02 
 3.465094e+01 -1.041378e-02 
 3.465134e+01 -1.042859e-02 
 3.465174e+01 -1.044328e-02 
 3.465213e+01 -1.045780e-02 
 3.465253e+01 -1.047224e-02 
 3.465293e+01 -1.048663e-02 
 3.465333e+01 -1.050107e-02 
 3.465373e+01 -1.051574e-02 
 3.465412e+01 -1.053072e-02 
 3.465452e+01 -1.054621e-02 
 3.465492e+01 -1.056233e-02 
 3.465532e+01 -1.057920e-02 
 3.465571e+01 -1.059684e-02 
 3.465611e+01 -1.061533e-02 
 3.465651e+01 -1.063465e-02 
 3.465691e+01 -1.065468e-02 
 3.465730e+01 -1.067524e-02 
 3.465770e+01 -1.069613e-02 
 3.465810e+01 -1.071711e-02 
 3.465850e+01 -1.073790e-02 
 3.465890e+01 -1.075821e-02 
 3.465929e+01 -1.077781e-02 
 3.465969e+01 -1.079656e-02 
 3.466009e+01 -1.081436e-02 
 3.466049e+01 -1.083119e-02 
 3.466088e+01 -1.084711e-02 
 3.466128e+01 -1.086220e-02 
 3.466168e+01 -1.087662e-02 
 3.466208e+01 -1.089062e-02 
 3.466247e+01 -1.090443e-02 
 3.466287e+01 -1.091833e-02 
 3.466327e+01 -1.093263e-02 
 3.466367e+01 -1.094764e-02 
 3.466407e+01 -1.096367e-02 
 3.466446e+01 -1.098083e-02 
 3.466486e+01 -1.099916e-02 
 3.466526e+01 -1.101862e-02 
 3.466566e+01 -1.103914e-02 
 3.466605e+01 -1.106055e-02 
 3.466645e+01 -1.108265e-02 
 3.466685e+01 -1.110523e-02 
 3.466725e+01 -1.112805e-02 
 3.466764e+01 -1.115084e-02 
 3.466804e+01 -1.117346e-02 
 3.466844e+01 -1.119573e-02 
 3.466884e+01 -1.121750e-02 
 3.466924e+01 -1.123871e-02 
 3.466963e+01 -1.125926e-02 
 3.467003e+01 -1.127914e-02 
 3.467043e+01 -1.129829e-02 
 3.467083e+01 -1.131665e-02 
 3.467122e+01 -1.133421e-02 
 3.467162e+01 -1.135102e-02 
 3.467202e+01 -1.136714e-02 
 3.467242e+01 -1.138265e-02 
 3.467281e+01 -1.139759e-02 
 3.467321e+01 -1.141203e-02 
 3.467361e+01 -1.142599e-02 
 3.467401e+01 -1.143935e-02 
 3.467441e+01 -1.145199e-02 
 3.467480e+01 -1.146386e-02 
 3.467520e+01 -1.147485e-02 
 3.467560e+01 -1.148488e-02 
 3.467600e+01 -1.149370e-02 
 3.467639e+01 -1.150119e-02 
 3.467679e+01 -1.150716e-02 
 3.467719e+01 -1.151148e-02 
 3.467759e+01 -1.151406e-02 
 3.467798e+01 -1.151498e-02 
 3.467838e+01 -1.151424e-02 
 3.467878e+01 -1.151197e-02 
 3.467918e+01 -1.150828e-02 
 3.467958e+01 -1.150330e-02 
 3.467997e+01 -1.149721e-02 
 3.468037e+01 -1.149014e-02 
 3.468077e+01 -1.148225e-02 
 3.468117e+01 -1.147373e-02 
 3.468156e+01 -1.146483e-02 
 3.468196e+01 -1.145570e-02 
 3.468236e+01 -1.144647e-02 
 3.468276e+01 -1.143713e-02 
 3.468316e+01 -1.142758e-02 
 3.468355e+01 -1.141768e-02 
 3.468395e+01 -1.140721e-02 
 3.468435e+01 -1.139594e-02 
 3.468475e+01 -1.138364e-02 
 3.468514e+01 -1.136997e-02 
 3.468554e+01 -1.135477e-02 
 3.468594e+01 -1.133784e-02 
 3.468634e+01 -1.131902e-02 
 3.468673e+01 -1.129823e-02 
 3.468713e+01 -1.127551e-02 
 3.468753e+01 -1.125106e-02 
 3.468793e+01 -1.122508e-02 
 3.468833e+01 -1.119780e-02 
 3.468872e+01 -1.116946e-02 
 3.468912e+01 -1.114034e-02 
 3.468952e+01 -1.111067e-02 
 3.468992e+01 -1.108068e-02 
 3.469031e+01 -1.105066e-02 
 3.469071e+01 -1.102079e-02 
 3.469111e+01 -1.099124e-02 
 3.469151e+01 -1.096210e-02 
 3.469190e+01 -1.093340e-02 
 3.469230e+01 -1.090506e-02 
 3.469270e+01 -1.087688e-02 
 3.469310e+01 -1.084866e-02 
 3.469350e+01 -1.082022e-02 
 3.469389e+01 -1.079142e-02 
 3.469429e+01 -1.076226e-02 
 3.469469e+01 -1.073272e-02 
 3.469509e+01 -1.070288e-02 
 3.469548e+01 -1.067286e-02 
 3.469588e+01 -1.064275e-02 
 3.469628e+01 -1.061269e-02 
 3.469668e+01 -1.058281e-02 
 3.469707e+01 -1.055331e-02 
 3.469747e+01 -1.052435e-02 
 3.469787e+01 -1.049603e-02 
 3.469827e+01 -1.046845e-02 
 3.469867e+01 -1.044171e-02 
 3.469906e+01 -1.041577e-02 
 3.469946e+01 -1.039056e-02 
 3.469986e+01 -1.036601e-02 
 3.470026e+01 -1.034204e-02 
 3.470065e+01 -1.031850e-02 
 3.470105e+01 -1.029526e-02 
 3.470145e+01 -1.027218e-02 
 3.470185e+01 -1.024912e-02 
 3.470224e+01 -1.022587e-02 
 3.470264e+01 -1.020219e-02 
 3.470304e+01 -1.017801e-02 
 3.470344e+01 -1.015338e-02 
 3.470384e+01 -1.012839e-02 
 3.470423e+01 -1.010326e-02 
 3.470463e+01 -1.007825e-02 
 3.470503e+01 -1.005365e-02 
 3.470543e+01 -1.002969e-02 
 3.470582e+01 -1.000667e-02 
 3.470622e+01 -9.984850e-03 
 3.470662e+01 -9.964403e-03 
 3.470702e+01 -9.945486e-03 
 3.470741e+01 -9.928234e-03 
 3.470781e+01 -9.912723e-03 
 3.470821e+01 -9.898927e-03 
 3.470861e+01 -9.886741e-03 
 3.470901e+01 -9.876033e-03 
 3.470940e+01 -9.866747e-03 
 3.470980e+01 -9.858798e-03 
 3.471020e+01 -9.851961e-03 
 3.471060e+01 -9.846032e-03 
 3.471099e+01 -9.840889e-03 
 3.471139e+01 -9.836272e-03 
 3.471179e+01 -9.831996e-03 
 3.471219e+01 -9.827915e-03 
 3.471258e+01 -9.823926e-03 
 3.471298e+01 -9.819940e-03 
 3.471338e+01 -9.816059e-03 
 3.471378e+01 -9.812310e-03 
 3.471418e+01 -9.808806e-03 
 3.471457e+01 -9.805689e-03 
 3.471497e+01 -9.803077e-03 
 3.471537e+01 -9.801175e-03 
 3.471577e+01 -9.800220e-03 
 3.471616e+01 -9.800380e-03 
 3.471656e+01 -9.801728e-03 
 3.471696e+01 -9.804300e-03 
 3.471736e+01 -9.808079e-03 
 3.471775e+01 -9.812932e-03 
 3.471815e+01 -9.818705e-03 
 3.471855e+01 -9.825262e-03 
 3.471895e+01 -9.832452e-03 
 3.471935e+01 -9.840164e-03 
 3.471974e+01 -9.848263e-03 
 3.472014e+01 -9.856626e-03 
 3.472054e+01 -9.865190e-03 
 3.472094e+01 -9.873916e-03 
 3.472133e+01 -9.882809e-03 
 3.472173e+01 -9.891939e-03 
 3.472213e+01 -9.901459e-03 
 3.472253e+01 -9.911508e-03 
 3.472292e+01 -9.922210e-03 
 3.472332e+01 -9.933676e-03 
 3.472372e+01 -9.946031e-03 
 3.472412e+01 -9.959242e-03 
 3.472452e+01 -9.973257e-03 
 3.472491e+01 -9.988146e-03 
 3.472531e+01 -1.000389e-02 
 3.472571e+01 -1.002051e-02 
 3.472611e+01 -1.003785e-02 
 3.472650e+01 -1.005577e-02 
 3.472690e+01 -1.007407e-02 
 3.472730e+01 -1.009241e-02 
 3.472770e+01 -1.011052e-02 
 3.472809e+01 -1.012807e-02 
 3.472849e+01 -1.014487e-02 
 3.472889e+01 -1.016075e-02 
 3.472929e+01 -1.017579e-02 
 3.472969e+01 -1.018997e-02 
 3.473008e+01 -1.020335e-02 
 3.473048e+01 -1.021599e-02 
 3.473088e+01 -1.022797e-02 
 3.473128e+01 -1.023947e-02 
 3.473167e+01 -1.025072e-02 
 3.473207e+01 -1.026193e-02 
 3.473247e+01 -1.027333e-02 
 3.473287e+01 -1.028513e-02 
 3.473326e+01 -1.029752e-02 
 3.473366e+01 -1.031062e-02 
 3.473406e+01 -1.032441e-02 
 3.473446e+01 -1.033886e-02 
 3.473486e+01 -1.035395e-02 
 3.473525e+01 -1.036958e-02 
 3.473565e+01 -1.038570e-02 
 3.473605e+01 -1.040219e-02 
 3.473645e+01 -1.041894e-02 
 3.473684e+01 -1.043581e-02 
 3.473724e+01 -1.045267e-02 
 3.473764e+01 -1.046947e-02 
 3.473804e+01 -1.048619e-02 
 3.473843e+01 -1.050276e-02 
 3.473883e+01 -1.051920e-02 
 3.473923e+01 -1.053549e-02 
 3.473963e+01 -1.055154e-02 
 3.474003e+01 -1.056725e-02 
 3.474042e+01 -1.058252e-02 
 3.474082e+01 -1.059726e-02 
 3.474122e+01 -1.061153e-02 
 3.474162e+01 -1.062545e-02 
 3.474201e+01 -1.063910e-02 
 3.474241e+01 -1.065273e-02 
 3.474281e+01 -1.066645e-02 
 3.474321e+01 -1.068036e-02 
 3.474360e+01 -1.069450e-02 
 3.474400e+01 -1.070882e-02 
 3.474440e+01 -1.072328e-02 
 3.474480e+01 -1.073779e-02 
 3.474520e+01 -1.075229e-02 
 3.474559e+01 -1.076680e-02 
 3.474599e+01 -1.078117e-02 
 3.474639e+01 -1.079531e-02 
 3.474679e+01 -1.080921e-02 
 3.474718e+01 -1.082294e-02 
 3.474758e+01 -1.083658e-02 
 3.474798e+01 -1.085031e-02 
 3.474838e+01 -1.086437e-02 
 3.474877e+01 -1.087899e-02 
 3.474917e+01 -1.089436e-02 
 3.474957e+01 -1.091064e-02 
 3.474997e+01 -1.092798e-02 
 3.475037e+01 -1.094649e-02 
 3.475076e+01 -1.096625e-02 
 3.475116e+01 -1.098736e-02 
 3.475156e+01 -1.100983e-02 
 3.475196e+01 -1.103360e-02 
 3.475235e+01 -1.105853e-02 
 3.475275e+01 -1.108442e-02 
 3.475315e+01 -1.111101e-02 
 3.475355e+01 -1.113804e-02 
 3.475394e+01 -1.116523e-02 
 3.475434e+01 -1.119234e-02 
 3.475474e+01 -1.121918e-02 
 3.475514e+01 -1.124563e-02 
 3.475554e+01 -1.127157e-02 
 3.475593e+01 -1.129693e-02 
 3.475633e+01 -1.132158e-02 
 3.475673e+01 -1.134555e-02 
 3.475713e+01 -1.136895e-02 
 3.475752e+01 -1.139198e-02 
 3.475792e+01 -1.141486e-02 
 3.475832e+01 -1.143785e-02 
 3.475872e+01 -1.146115e-02 
 3.475911e+01 -1.148483e-02 
 3.475951e+01 -1.150897e-02 
 3.475991e+01 -1.153358e-02 
 3.476031e+01 -1.155867e-02 
 3.476071e+01 -1.158424e-02 
 3.476110e+01 -1.161023e-02 
 3.476150e+01 -1.163654e-02 
 3.476190e+01 -1.166302e-02 
 3.476230e+01 -1.168945e-02 
 3.476269e+01 -1.171560e-02 
 3.476309e+01 -1.174123e-02 
 3.476349e+01 -1.176623e-02 
 3.476389e+01 -1.179053e-02 
 3.476428e+01 -1.181412e-02 
 3.476468e+01 -1.183714e-02 
 3.476508e+01 -1.185959e-02 
 3.476548e+01 -1.188147e-02 
 3.476588e+01 -1.190282e-02 
 3.476627e+01 -1.192363e-02 
 3.476667e+01 -1.194401e-02 
 3.476707e+01 -1.196400e-02 
 3.476747e+01 -1.198378e-02 
 3.476786e+01 -1.200347e-02 
 3.476826e+01 -1.202306e-02 
 3.476866e+01 -1.204258e-02 
 3.476906e+01 -1.206193e-02 
 3.476945e+01 -1.208102e-02 
 3.476985e+01 -1.209978e-02 
 3.477025e+01 -1.211806e-02 
 3.477065e+01 -1.213574e-02 
 3.477105e+01 -1.215270e-02 
 3.477144e+01 -1.216874e-02 
 3.477184e+01 -1.218373e-02 
 3.477224e+01 -1.219753e-02 
 3.477264e+01 -1.221004e-02 
 3.477303e+01 -1.222126e-02 
 3.477343e+01 -1.223120e-02 
 3.477383e+01 -1.223995e-02 
 3.477423e+01 -1.224760e-02 
 3.477463e+01 -1.225427e-02 
 3.477502e+01 -1.226003e-02 
 3.477542e+01 -1.226496e-02 
 3.477582e+01 -1.226914e-02 
 3.477622e+01 -1.227270e-02 
 3.477661e+01 -1.227582e-02 
 3.477701e+01 -1.227869e-02 
 3.477741e+01 -1.228139e-02 
 3.477781e+01 -1.228393e-02 
 3.477820e+01 -1.228620e-02 
 3.477860e+01 -1.228800e-02 
 3.477900e+01 -1.228917e-02 
 3.477940e+01 -1.228945e-02 
 3.477980e+01 -1.228858e-02 
 3.478019e+01 -1.228637e-02 
 3.478059e+01 -1.228260e-02 
 3.478099e+01 -1.227713e-02 
 3.478139e+01 -1.226982e-02 
 3.478178e+01 -1.226063e-02 
 3.478218e+01 -1.224954e-02 
 3.478258e+01 -1.223661e-02 
 3.478298e+01 -1.222192e-02 
 3.478337e+01 -1.220561e-02 
 3.478377e+01 -1.218783e-02 
 3.478417e+01 -1.216878e-02 
 3.478457e+01 -1.214867e-02 
 3.478497e+01 -1.212776e-02 
 3.478536e+01 -1.210629e-02 
 3.478576e+01 -1.208453e-02 
 3.478616e+01 -1.206265e-02 
 3.478656e+01 -1.204070e-02 
 3.478695e+01 -1.201871e-02 
 3.478735e+01 -1.199662e-02 
 3.478775e+01 -1.197427e-02 
 3.478815e+01 -1.195154e-02 
 3.478854e+01 -1.192837e-02 
 3.478894e+01 -1.190471e-02 
 3.478934e+01 -1.188062e-02 
 3.478974e+01 -1.185614e-02 
 3.479014e+01 -1.183128e-02 
 3.479053e+01 -1.180614e-02 
 3.479093e+01 -1.178073e-02 
 3.479133e+01 -1.175513e-02 
 3.479173e+01 -1.172940e-02 
 3.479212e+01 -1.170364e-02 
 3.479252e+01 -1.167801e-02 
 3.479292e+01 -1.165267e-02 
 3.479332e+01 -1.162772e-02 
 3.479371e+01 -1.160315e-02 
 3.479411e+01 -1.157894e-02 
 3.479451e+01 -1.155502e-02 
 3.479491e+01 -1.153130e-02 
 3.479531e+01 -1.150762e-02 
 3.479570e+01 -1.148385e-02 
 3.479610e+01 -1.145984e-02 
 3.479650e+01 -1.143548e-02 
 3.479690e+01 -1.141065e-02 
 3.479729e+01 -1.138524e-02 
 3.479769e+01 -1.135914e-02 
 3.479809e+01 -1.133237e-02 
 3.479849e+01 -1.130504e-02 
 3.479888e+01 -1.127734e-02 
 3.479928e+01 -1.124946e-02 
 3.479968e+01 -1.122158e-02 
 3.480008e+01 -1.119381e-02 
 3.480048e+01 -1.116625e-02 
 3.480087e+01 -1.113907e-02 
 3.480127e+01 -1.111239e-02 
 3.480167e+01 -1.108640e-02 
 3.480207e+01 -1.106131e-02 
 3.480246e+01 -1.103740e-02 
 3.480286e+01 -1.101488e-02 
 3.480326e+01 -1.099386e-02 
 3.480366e+01 -1.097437e-02 
 3.480405e+01 -1.095644e-02 
 3.480445e+01 -1.093998e-02 
 3.480485e+01 -1.092488e-02 
 3.480525e+01 -1.091106e-02 
 3.480565e+01 -1.089845e-02 
 3.480604e+01 -1.088693e-02 
 3.480644e+01 -1.087631e-02 
 3.480684e+01 -1.086643e-02 
 3.480724e+01 -1.085714e-02 
 3.480763e+01 -1.084829e-02 
 3.480803e+01 -1.083979e-02 
 3.480843e+01 -1.083159e-02 
 3.480883e+01 -1.082372e-02 
 3.480922e+01 -1.081624e-02 
 3.480962e+01 -1.080922e-02 
 3.481002e+01 -1.080271e-02 
 3.481042e+01 -1.079678e-02 
 3.481082e+01 -1.079149e-02 
 3.481121e+01 -1.078692e-02 
 3.481161e+01 -1.078316e-02 
 3.481201e+01 -1.078035e-02 
 3.481241e+01 -1.077856e-02 
 3.481280e+01 -1.077784e-02 
 3.481320e+01 -1.077813e-02 
 3.481360e+01 -1.077932e-02 
 3.481400e+01 -1.078126e-02 
 3.481439e+01 -1.078380e-02 
 3.481479e+01 -1.078674e-02 
 3.481519e+01 -1.078996e-02 
 3.481559e+01 -1.079342e-02 
 3.481599e+01 -1.079705e-02 
 3.481638e+01 -1.080090e-02 
 3.481678e+01 -1.080501e-02 
 3.481718e+01 -1.080943e-02 
 3.481758e+01 -1.081429e-02 
 3.481797e+01 -1.081967e-02 
 3.481837e+01 -1.082574e-02 
 3.481877e+01 -1.083265e-02 
 3.481917e+01 -1.084045e-02 
 3.481956e+01 -1.084921e-02 
 3.481996e+01 -1.085899e-02 
 3.482036e+01 -1.086980e-02 
 3.482076e+01 -1.088156e-02 
 3.482116e+01 -1.089415e-02 
 3.482155e+01 -1.090741e-02 
 3.482195e+01 -1.092117e-02 
 3.482235e+01 -1.093524e-02 
 3.482275e+01 -1.094947e-02 
 3.482314e+01 -1.096359e-02 
 3.482354e+01 -1.097735e-02 
 3.482394e+01 -1.099060e-02 
 3.482434e+01 -1.100319e-02 
 3.482473e+01 -1.101513e-02 
 3.482513e+01 -1.102637e-02 
 3.482553e+01 -1.103694e-02 
 3.482593e+01 -1.104697e-02 
 3.482633e+01 -1.105653e-02 
 3.482672e+01 -1.106578e-02 
 3.482712e+01 -1.107491e-02 
 3.482752e+01 -1.108415e-02 
 3.482792e+01 -1.109374e-02 
 3.482831e+01 -1.110395e-02 
 3.482871e+01 -1.111497e-02 
 3.482911e+01 -1.112692e-02 
 3.482951e+01 -1.113987e-02 
 3.482990e+01 -1.115376e-02 
 3.483030e+01 -1.116851e-02 
 3.483070e+01 -1.118407e-02 
 3.483110e+01 -1.120040e-02 
 3.483150e+01 -1.121745e-02 
 3.483189e+01 -1.123517e-02 
 3.483229e+01 -1.125349e-02 
 3.483269e+01 -1.127233e-02 
 3.483309e+01 -1.129154e-02 
 3.483348e+01 -1.131095e-02 
 3.483388e+01 -1.133038e-02 
 3.483428e+01 -1.134973e-02 
 3.483468e+01 -1.136887e-02 
 3.483507e+01 -1.138765e-02 
 3.483547e+01 -1.140605e-02 
 3.483587e+01 -1.142401e-02 
 3.483627e+01 -1.144157e-02 
 3.483667e+01 -1.145874e-02 
 3.483706e+01 -1.147563e-02 
 3.483746e+01 -1.149232e-02 
 3.483786e+01 -1.150888e-02 
 3.483826e+01 -1.152539e-02 
 3.483865e+01 -1.154181e-02 
 3.483905e+01 -1.155809e-02 
 3.483945e+01 -1.157410e-02 
 3.483985e+01 -1.158979e-02 
 3.484024e+01 -1.160513e-02 
 3.484064e+01 -1.162014e-02 
 3.484104e+01 -1.163483e-02 
 3.484144e+01 -1.164913e-02 
 3.484184e+01 -1.166309e-02 
 3.484223e+01 -1.167670e-02 
 3.484263e+01 -1.168996e-02 
 3.484303e+01 -1.170300e-02 
 3.484343e+01 -1.171593e-02 
 3.484382e+01 -1.172892e-02 
 3.484422e+01 -1.174225e-02 
 3.484462e+01 -1.175626e-02 
 3.484502e+01 -1.177123e-02 
 3.484541e+01 -1.178743e-02 
 3.484581e+01 -1.180504e-02 
 3.484621e+01 -1.182418e-02 
 3.484661e+01 -1.184488e-02 
 3.484701e+01 -1.186708e-02 
 3.484740e+01 -1.189063e-02 
 3.484780e+01 -1.191532e-02 
 3.484820e+01 -1.194092e-02 
 3.484860e+01 -1.196718e-02 
 3.484899e+01 -1.199394e-02 
 3.484939e+01 -1.202099e-02 
 3.484979e+01 -1.204816e-02 
 3.485019e+01 -1.207529e-02 
 3.485058e+01 -1.210224e-02 
 3.485098e+01 -1.212886e-02 
 3.485138e+01 -1.215509e-02 
 3.485178e+01 -1.218087e-02 
 3.485218e+01 -1.220615e-02 
 3.485257e+01 -1.223099e-02 
 3.485297e+01 -1.225553e-02 
 3.485337e+01 -1.227987e-02 
 3.485377e+01 -1.230419e-02 
 3.485416e+01 -1.232866e-02 
 3.485456e+01 -1.235347e-02 
 3.485496e+01 -1.237876e-02 
 3.485536e+01 -1.240461e-02 
 3.485575e+01 -1.243100e-02 
 3.485615e+01 -1.245782e-02 
 3.485655e+01 -1.248486e-02 
 3.485695e+01 -1.251190e-02 
 3.485735e+01 -1.253874e-02 
 3.485774e+01 -1.256523e-02 
 3.485814e+01 -1.259123e-02 
 3.485854e+01 -1.261663e-02 
 3.485894e+01 -1.264138e-02 
 3.485933e+01 -1.266549e-02 
 3.485973e+01 -1.268900e-02 
 3.486013e+01 -1.271193e-02 
 3.486053e+01 -1.273433e-02 
 3.486092e+01 -1.275623e-02 
 3.486132e+01 -1.277779e-02 
 3.486172e+01 -1.279917e-02 
 3.486212e+01 -1.282042e-02 
 3.486252e+01 -1.284158e-02 
 3.486291e+01 -1.286265e-02 
 3.486331e+01 -1.288356e-02 
 3.486371e+01 -1.290426e-02 
 3.486411e+01 -1.292476e-02 
 3.486450e+01 -1.294493e-02 
 3.486490e+01 -1.296465e-02 
 3.486530e+01 -1.298378e-02 
 3.486570e+01 -1.300221e-02 
 3.486610e+01 -1.301979e-02 
 3.486649e+01 -1.303640e-02 
 3.486689e+01 -1.305190e-02 
 3.486729e+01 -1.306617e-02 
 3.486769e+01 -1.307918e-02 
 3.486808e+01 -1.309090e-02 
 3.486848e+01 -1.310133e-02 
 3.486888e+01 -1.311057e-02 
 3.486928e+01 -1.311866e-02 
 3.486967e+01 -1.312570e-02 
 3.487007e+01 -1.313183e-02 
 3.487047e+01 -1.313716e-02 
 3.487087e+01 -1.314177e-02 
 3.487127e+01 -1.314587e-02 
 3.487166e+01 -1.314961e-02 
 3.487206e+01 -1.315315e-02 
 3.487246e+01 -1.315657e-02 
 3.487286e+01 -1.315989e-02 
 3.487325e+01 -1.316310e-02 
 3.487365e+01 -1.316607e-02 
 3.487405e+01 -1.316865e-02 
 3.487445e+01 -1.317065e-02 
 3.487484e+01 -1.317182e-02 
 3.487524e+01 -1.317199e-02 
 3.487564e+01 -1.317097e-02 
 3.487604e+01 -1.316866e-02 
 3.487644e+01 -1.316491e-02 
 3.487683e+01 -1.315963e-02 
 3.487723e+01 -1.315270e-02 
 3.487763e+01 -1.314408e-02 
 3.487803e+01 -1.313375e-02 
 3.487842e+01 -1.312172e-02 
 3.487882e+01 -1.310812e-02 
 3.487922e+01 -1.309314e-02 
 3.487962e+01 -1.307701e-02 
 3.488001e+01 -1.305997e-02 
 3.488041e+01 -1.304217e-02 
 3.488081e+01 -1.302374e-02 
 3.488121e+01 -1.300475e-02 
 3.488161e+01 -1.298528e-02 
 3.488200e+01 -1.296532e-02 
 3.488240e+01 -1.294487e-02 
 3.488280e+01 -1.292391e-02 
 3.488320e+01 -1.290239e-02 
 3.488359e+01 -1.288034e-02 
 3.488399e+01 -1.285772e-02 
 3.488439e+01 -1.283450e-02 
 3.488479e+01 -1.281069e-02 
 3.488518e+01 -1.278629e-02 
 3.488558e+01 -1.276143e-02 
 3.488598e+01 -1.273623e-02 
 3.488638e+01 -1.271083e-02 
 3.488678e+01 -1.268529e-02 
 3.488717e+01 -1.265969e-02 
 3.488757e+01 -1.263409e-02 
 3.488797e+01 -1.260850e-02 
 3.488837e+01 -1.258295e-02 
 3.488876e+01 -1.255744e-02 
 3.488916e+01 -1.253197e-02 
 3.488956e+01 -1.250644e-02 
 3.488996e+01 -1.248075e-02 
 3.489035e+01 -1.245477e-02 
 3.489075e+01 -1.242831e-02 
 3.489115e+01 -1.240121e-02 
 3.489155e+01 -1.237328e-02 
 3.489195e+01 -1.234433e-02 
 3.489234e+01 -1.231434e-02 
 3.489274e+01 -1.228327e-02 
 3.489314e+01 -1.225115e-02 
 3.489354e+01 -1.221801e-02 
 3.489393e+01 -1.218386e-02 
 3.489433e+01 -1.214873e-02 
 3.489473e+01 -1.211271e-02 
 3.489513e+01 -1.207589e-02 
 3.489552e+01 -1.203841e-02 
 3.489592e+01 -1.200045e-02 
 3.489632e+01 -1.196223e-02 
 3.489672e+01 -1.192403e-02 
 3.489712e+01 -1.188604e-02 
 3.489751e+01 -1.184844e-02 
 3.489791e+01 -1.181136e-02 
 3.489831e+01 -1.177486e-02 
 3.489871e+01 -1.173901e-02 
 3.489910e+01 -1.170385e-02 
 3.489950e+01 -1.166942e-02 
 3.489990e+01 -1.163575e-02 
 3.490030e+01 -1.160293e-02 
 3.490069e+01 -1.157102e-02 
 3.490109e+01 -1.154002e-02 
 3.490149e+01 -1.150989e-02 
 3.490189e+01 -1.148060e-02 
 3.490229e+01 -1.145200e-02 
 3.490268e+01 -1.142398e-02 
 3.490308e+01 -1.139647e-02 
 3.490348e+01 -1.136939e-02 
 3.490388e+01 -1.134267e-02 
 3.490427e+01 -1.131622e-02 
 3.490467e+01 -1.129003e-02 
 3.490507e+01 -1.126420e-02 
 3.490547e+01 -1.123878e-02 
 3.490586e+01 -1.121393e-02 
 3.490626e+01 -1.118973e-02 
 3.490666e+01 -1.116625e-02 
 3.490706e+01 -1.114358e-02 
 3.490746e+01 -1.112173e-02 
 3.490785e+01 -1.110075e-02 
 3.490825e+01 -1.108057e-02 
 3.490865e+01 -1.106104e-02 
 3.490905e+01 -1.104213e-02 
 3.490944e+01 -1.102375e-02 
 3.490984e+01 -1.100589e-02 
 3.491024e+01 -1.098842e-02 
 3.491064e+01 -1.097126e-02 
 3.491103e+01 -1.095436e-02 
 3.491143e+01 -1.093769e-02 
 3.491183e+01 -1.092117e-02 
 3.491223e+01 -1.090482e-02 
 3.491263e+01 -1.088875e-02 
 3.491302e+01 -1.087301e-02 
 3.491342e+01 -1.085773e-02 
 3.491382e+01 -1.084310e-02 
 3.491422e+01 -1.082917e-02 
 3.491461e+01 -1.081605e-02 
 3.491501e+01 -1.080379e-02 
 3.491541e+01 -1.079245e-02 
 3.491581e+01 -1.078203e-02 
 3.491620e+01 -1.077244e-02 
 3.491660e+01 -1.076356e-02 
 3.491700e+01 -1.075520e-02 
 3.491740e+01 -1.074717e-02 
 3.491780e+01 -1.073932e-02 
 3.491819e+01 -1.073148e-02 
 3.491859e+01 -1.072346e-02 
 3.491899e+01 -1.071515e-02 
 3.491939e+01 -1.070645e-02 
 3.491978e+01 -1.069728e-02 
 3.492018e+01 -1.068753e-02 
 3.492058e+01 -1.067715e-02 
 3.492098e+01 -1.066614e-02 
 3.492137e+01 -1.065455e-02 
 3.492177e+01 -1.064259e-02 
 3.492217e+01 -1.063049e-02 
 3.492257e+01 -1.061849e-02 
 3.492297e+01 -1.060683e-02 
 3.492336e+01 -1.059578e-02 
 3.492376e+01 -1.058554e-02 
 3.492416e+01 -1.057625e-02 
 3.492456e+01 -1.056806e-02 
 3.492495e+01 -1.056106e-02 
 3.492535e+01 -1.055536e-02 
 3.492575e+01 -1.055104e-02 
 3.492615e+01 -1.054810e-02 
 3.492654e+01 -1.054642e-02 
 3.492694e+01 -1.054587e-02 
 3.492734e+01 -1.054637e-02 
 3.492774e+01 -1.054782e-02 
 3.492814e+01 -1.055008e-02 
 3.492853e+01 -1.055310e-02 
 3.492893e+01 -1.055680e-02 
 3.492933e+01 -1.056107e-02 
 3.492973e+01 -1.056574e-02 
 3.493012e+01 -1.057068e-02 
 3.493052e+01 -1.057576e-02 
 3.493092e+01 -1.058083e-02 
 3.493132e+01 -1.058595e-02 
 3.493171e+01 -1.059113e-02 
 3.493211e+01 -1.059640e-02 
 3.493251e+01 -1.060174e-02 
 3.493291e+01 -1.060708e-02 
 3.493331e+01 -1.061242e-02 
 3.493370e+01 -1.061766e-02 
 3.493410e+01 -1.062274e-02 
 3.493450e+01 -1.062762e-02 
 3.493490e+01 -1.063232e-02 
 3.493529e+01 -1.063685e-02 
 3.493569e+01 -1.064112e-02 
 3.493609e+01 -1.064508e-02 
 3.493649e+01 -1.064863e-02 
 3.493688e+01 -1.065172e-02 
 3.493728e+01 -1.065427e-02 
 3.493768e+01 -1.065640e-02 
 3.493808e+01 -1.065820e-02 
 3.493848e+01 -1.065990e-02 
 3.493887e+01 -1.066170e-02 
 3.493927e+01 -1.066381e-02 
 3.493967e+01 -1.066647e-02 
 3.494007e+01 -1.066987e-02 
 3.494046e+01 -1.067421e-02 
 3.494086e+01 -1.067969e-02 
 3.494126e+01 -1.068648e-02 
 3.494166e+01 -1.069467e-02 
 3.494205e+01 -1.070433e-02 
 3.494245e+01 -1.071544e-02 
 3.494285e+01 -1.072784e-02 
 3.494325e+01 -1.074134e-02 
 3.494365e+01 -1.075574e-02 
 3.494404e+01 -1.077087e-02 
 3.494444e+01 -1.078650e-02 
 3.494484e+01 -1.080245e-02 
 3.494524e+01 -1.081852e-02 
 3.494563e+01 -1.083446e-02 
 3.494603e+01 -1.085010e-02 
 3.494643e+01 -1.086531e-02 
 3.494683e+01 -1.087998e-02 
 3.494722e+01 -1.089414e-02 
 3.494762e+01 -1.090790e-02 
 3.494802e+01 -1.092135e-02 
 3.494842e+01 -1.093469e-02 
 3.494882e+01 -1.094812e-02 
 3.494921e+01 -1.096177e-02 
 3.494961e+01 -1.097572e-02 
 3.495001e+01 -1.098999e-02 
 3.495041e+01 -1.100451e-02 
 3.495080e+01 -1.101923e-02 
 3.495120e+01 -1.103413e-02 
 3.495160e+01 -1.104920e-02 
 3.495200e+01 -1.106432e-02 
 3.495239e+01 -1.107940e-02 
 3.495279e+01 -1.109438e-02 
 3.495319e+01 -1.110911e-02 
 3.495359e+01 -1.112355e-02 
 3.495399e+01 -1.113765e-02 
 3.495438e+01 -1.115137e-02 
 3.495478e+01 -1.116477e-02 
 3.495518e+01 -1.117797e-02 
 3.495558e+01 -1.119106e-02 
 3.495597e+01 -1.120409e-02 
 3.495637e+01 -1.121717e-02 
 3.495677e+01 -1.123041e-02 
 3.495717e+01 -1.124393e-02 
 3.495756e+01 -1.125771e-02 
 3.495796e+01 -1.127173e-02 
 3.495836e+01 -1.128596e-02 
 3.495876e+01 -1.130021e-02 
 3.495916e+01 -1.131438e-02 
 3.495955e+01 -1.132833e-02 
 3.495995e+01 -1.134193e-02 
 3.496035e+01 -1.135502e-02 
 3.496075e+01 -1.136753e-02 
 3.496114e+01 -1.137949e-02 
 3.496154e+01 -1.139090e-02 
 3.496194e+01 -1.140169e-02 
 3.496234e+01 -1.141176e-02 
 3.496274e+01 -1.142101e-02 
 3.496313e+01 -1.142950e-02 
 3.496353e+01 -1.143722e-02 
 3.496393e+01 -1.144416e-02 
 3.496433e+01 -1.145038e-02 
 3.496472e+01 -1.145587e-02 
 3.496512e+01 -1.146076e-02 
 3.496552e+01 -1.146516e-02 
 3.496592e+01 -1.146922e-02 
 3.496631e+01 -1.147313e-02 
 3.496671e+01 -1.147708e-02 
 3.496711e+01 -1.148130e-02 
 3.496751e+01 -1.148588e-02 
 3.496791e+01 -1.149085e-02 
 3.496830e+01 -1.149612e-02 
 3.496870e+01 -1.150153e-02 
 3.496910e+01 -1.150692e-02 
 3.496950e+01 -1.151212e-02 
 3.496989e+01 -1.151695e-02 
 3.497029e+01 -1.152134e-02 
 3.497069e+01 -1.152500e-02 
 3.497109e+01 -1.152780e-02 
 3.497148e+01 -1.152950e-02 
 3.497188e+01 -1.152985e-02 
 3.497228e+01 -1.152862e-02 
 3.497268e+01 -1.152568e-02 
 3.497308e+01 -1.152099e-02 
 3.497347e+01 -1.151460e-02 
 3.497387e+01 -1.150663e-02 
 3.497427e+01 -1.149710e-02 
 3.497467e+01 -1.148608e-02 
 3.497506e+01 -1.147364e-02 
 3.497546e+01 -1.145987e-02 
 3.497586e+01 -1.144490e-02 
 3.497626e+01 -1.142885e-02 
 3.497665e+01 -1.141189e-02 
 3.497705e+01 -1.139421e-02 
 3.497745e+01 -1.137594e-02 
 3.497785e+01 -1.135709e-02 
 3.497825e+01 -1.133765e-02 
 3.497864e+01 -1.131764e-02 
 3.497904e+01 -1.129713e-02 
 3.497944e+01 -1.127622e-02 
 3.497984e+01 -1.125502e-02 
 3.498023e+01 -1.123363e-02 
 3.498063e+01 -1.121220e-02 
 3.498103e+01 -1.119084e-02 
 3.498143e+01 -1.116964e-02 
 3.498182e+01 -1.114868e-02 
 3.498222e+01 -1.112806e-02 
 3.498262e+01 -1.110795e-02 
 3.498302e+01 -1.108849e-02 
 3.498342e+01 -1.106980e-02 
 3.498381e+01 -1.105190e-02 
 3.498421e+01 -1.103464e-02 
 3.498461e+01 -1.101779e-02 
 3.498501e+01 -1.100116e-02 
 3.498540e+01 -1.098457e-02 
 3.498580e+01 -1.096780e-02 
 3.498620e+01 -1.095070e-02 
 3.498660e+01 -1.093320e-02 
 3.498699e+01 -1.091512e-02 
 3.498739e+01 -1.089633e-02 
 3.498779e+01 -1.087670e-02 
 3.498819e+01 -1.085611e-02 
 3.498859e+01 -1.083442e-02 
 3.498898e+01 -1.081154e-02 
 3.498938e+01 -1.078745e-02 
 3.498978e+01 -1.076214e-02 
 3.499018e+01 -1.073566e-02 
 3.499057e+01 -1.070805e-02 
 3.499097e+01 -1.067930e-02 
 3.499137e+01 -1.064952e-02 
 3.499177e+01 -1.061884e-02 
 3.499216e+01 -1.058743e-02 
 3.499256e+01 -1.055548e-02 
 3.499296e+01 -1.052321e-02 
 3.499336e+01 -1.049077e-02 
 3.499376e+01 -1.045835e-02 
 3.499415e+01 -1.042611e-02 
 3.499455e+01 -1.039419e-02 
 3.499495e+01 -1.036280e-02 
 3.499535e+01 -1.033211e-02 
 3.499574e+01 -1.030227e-02 
 3.499614e+01 -1.027331e-02 
 3.499654e+01 -1.024526e-02 
 3.499694e+01 -1.021802e-02 
 3.499733e+01 -1.019147e-02 
 3.499773e+01 -1.016548e-02 
 3.499813e+01 -1.013995e-02 
 3.499853e+01 -1.011486e-02 
 3.499893e+01 -1.009024e-02 
 3.499932e+01 -1.006611e-02 
 3.499972e+01 -1.004244e-02 
 3.500012e+01 -1.001923e-02 
 3.500052e+01 -9.996466e-03 
 3.500091e+01 -9.974169e-03 
 3.500131e+01 -9.952327e-03 
 3.500171e+01 -9.930954e-03 
 3.500211e+01 -9.910127e-03 
 3.500250e+01 -9.889955e-03 
 3.500290e+01 -9.870518e-03 
 3.500330e+01 -9.851806e-03 
 3.500370e+01 -9.833702e-03 
 3.500410e+01 -9.816055e-03 
 3.500449e+01 -9.798723e-03 
 3.500489e+01 -9.781587e-03 
 3.500529e+01 -9.764543e-03 
 3.500569e+01 -9.747450e-03 
 3.500608e+01 -9.730187e-03 
 3.500648e+01 -9.712699e-03 
 3.500688e+01 -9.694969e-03 
 3.500728e+01 -9.677083e-03 
 3.500767e+01 -9.659160e-03 
 3.500807e+01 -9.641315e-03 
 3.500847e+01 -9.623764e-03 
 3.500887e+01 -9.606726e-03 
 3.500927e+01 -9.590376e-03 
 3.500966e+01 -9.574806e-03 
 3.501006e+01 -9.560046e-03 
 3.501046e+01 -9.546044e-03 
 3.501086e+01 -9.532788e-03 
 3.501125e+01 -9.520232e-03 
 3.501165e+01 -9.508333e-03 
 3.501205e+01 -9.496992e-03 
 3.501245e+01 -9.486060e-03 
 3.501284e+01 -9.475378e-03 
 3.501324e+01 -9.464702e-03 
 3.501364e+01 -9.453863e-03 
 3.501404e+01 -9.442659e-03 
 3.501444e+01 -9.430966e-03 
 3.501483e+01 -9.418796e-03 
 3.501523e+01 -9.406136e-03 
 3.501563e+01 -9.393004e-03 
 3.501603e+01 -9.379446e-03 
 3.501642e+01 -9.365473e-03 
 3.501682e+01 -9.351166e-03 
 3.501722e+01 -9.336662e-03 
 3.501762e+01 -9.322195e-03 
 3.501801e+01 -9.307975e-03 
 3.501841e+01 -9.294306e-03 
 3.501881e+01 -9.281482e-03 
 3.501921e+01 -9.269716e-03 
 3.501961e+01 -9.259126e-03 
 3.502000e+01 -9.249786e-03 
 3.502040e+01 -9.241691e-03 
 3.502080e+01 -9.234900e-03 
 3.502120e+01 -9.229457e-03 
 3.502159e+01 -9.225388e-03 
 3.502199e+01 -9.222702e-03 
 3.502239e+01 -9.221312e-03 
 3.502279e+01 -9.221111e-03 
 3.502318e+01 -9.221954e-03 
 3.502358e+01 -9.223647e-03 
 3.502398e+01 -9.226024e-03 
 3.502438e+01 -9.229020e-03 
 3.502478e+01 -9.232561e-03 
 3.502517e+01 -9.236618e-03 
 3.502557e+01 -9.241139e-03 
 3.502597e+01 -9.245987e-03 
 3.502637e+01 -9.251085e-03 
 3.502676e+01 -9.256335e-03 
 3.502716e+01 -9.261683e-03 
 3.502756e+01 -9.267082e-03 
 3.502796e+01 -9.272424e-03 
 3.502835e+01 -9.277680e-03 
 3.502875e+01 -9.282832e-03 
 3.502915e+01 -9.287876e-03 
 3.502955e+01 -9.292739e-03 
 3.502995e+01 -9.297475e-03 
 3.503034e+01 -9.302028e-03 
 3.503074e+01 -9.306421e-03 
 3.503114e+01 -9.310724e-03 
 3.503154e+01 -9.314959e-03 
 3.503193e+01 -9.319082e-03 
 3.503233e+01 -9.323040e-03 
 3.503273e+01 -9.326871e-03 
 3.503313e+01 -9.330675e-03 
 3.503352e+01 -9.334643e-03 
 3.503392e+01 -9.339035e-03 
 3.503432e+01 -9.344164e-03 
 3.503472e+01 -9.350366e-03 
 3.503512e+01 -9.357904e-03 
 3.503551e+01 -9.367071e-03 
 3.503591e+01 -9.378052e-03 
 3.503631e+01 -9.390971e-03 
 3.503671e+01 -9.405924e-03 
 3.503710e+01 -9.422883e-03 
 3.503750e+01 -9.441790e-03 
 3.503790e+01 -9.462565e-03 
 3.503830e+01 -9.485001e-03 
 3.503869e+01 -9.508807e-03 
 3.503909e+01 -9.533740e-03 
 3.503949e+01 -9.559494e-03 
 3.503989e+01 -9.585820e-03 
 3.504029e+01 -9.612508e-03 
 3.504068e+01 -9.639391e-03 
 3.504108e+01 -9.666279e-03 
 3.504148e+01 -9.693034e-03 
 3.504188e+01 -9.719546e-03 
 3.504227e+01 -9.745796e-03 
 3.504267e+01 -9.771749e-03 
 3.504307e+01 -9.797356e-03 
 3.504347e+01 -9.822646e-03 
 3.504386e+01 -9.847616e-03 
 3.504426e+01 -9.872240e-03 
 3.504466e+01 -9.896426e-03 
 3.504506e+01 -9.920176e-03 
 3.504546e+01 -9.943385e-03 
 3.504585e+01 -9.966043e-03 
 3.504625e+01 -9.988202e-03 
 3.504665e+01 -1.000997e-02 
 3.504705e+01 -1.003139e-02 
 3.504744e+01 -1.005248e-02 
 3.504784e+01 -1.007328e-02 
 3.504824e+01 -1.009374e-02 
 3.504864e+01 -1.011389e-02 
 3.504903e+01 -1.013378e-02 
 3.504943e+01 -1.015345e-02 
 3.504983e+01 -1.017299e-02 
 3.505023e+01 -1.019256e-02 
 3.505063e+01 -1.021237e-02 
 3.505102e+01 -1.023258e-02 
 3.505142e+01 -1.025330e-02 
 3.505182e+01 -1.027448e-02 
 3.505222e+01 -1.029612e-02 
 3.505261e+01 -1.031810e-02 
 3.505301e+01 -1.034037e-02 
 3.505341e+01 -1.036284e-02 
 3.505381e+01 -1.038540e-02 
 3.505421e+01 -1.040794e-02 
 3.505460e+01 -1.043036e-02 
 3.505500e+01 -1.045254e-02 
 3.505540e+01 -1.047420e-02 
 3.505580e+01 -1.049516e-02 
 3.505619e+01 -1.051528e-02 
 3.505659e+01 -1.053440e-02 
 3.505699e+01 -1.055241e-02 
 3.505739e+01 -1.056918e-02 
 3.505778e+01 -1.058471e-02 
 3.505818e+01 -1.059894e-02 
 3.505858e+01 -1.061179e-02 
 3.505898e+01 -1.062324e-02 
 3.505938e+01 -1.063329e-02 
 3.505977e+01 -1.064209e-02 
 3.506017e+01 -1.064974e-02 
 3.506057e+01 -1.065636e-02 
 3.506097e+01 -1.066215e-02 
 3.506136e+01 -1.066720e-02 
 3.506176e+01 -1.067165e-02 
 3.506216e+01 -1.067561e-02 
 3.506256e+01 -1.067931e-02 
 3.506295e+01 -1.068288e-02 
 3.506335e+01 -1.068642e-02 
 3.506375e+01 -1.068998e-02 
 3.506415e+01 -1.069360e-02 
 3.506455e+01 -1.069721e-02 
 3.506494e+01 -1.070071e-02 
 3.506534e+01 -1.070403e-02 
 3.506574e+01 -1.070703e-02 
 3.506614e+01 -1.070965e-02 
 3.506653e+01 -1.071186e-02 
 3.506693e+01 -1.071357e-02 
 3.506733e+01 -1.071470e-02 
 3.506773e+01 -1.071513e-02 
 3.506812e+01 -1.071474e-02 
 3.506852e+01 -1.071344e-02 
 3.506892e+01 -1.071122e-02 
 3.506932e+01 -1.070809e-02 
 3.506972e+01 -1.070397e-02 
 3.507011e+01 -1.069894e-02 
 3.507051e+01 -1.069303e-02 
 3.507091e+01 -1.068629e-02 
 3.507131e+01 -1.067873e-02 
 3.507170e+01 -1.067032e-02 
 3.507210e+01 -1.066119e-02 
 3.507250e+01 -1.065140e-02 
 3.507290e+01 -1.064105e-02 
 3.507329e+01 -1.063023e-02 
 3.507369e+01 -1.061901e-02 
 3.507409e+01 -1.060742e-02 
 3.507449e+01 -1.059545e-02 
 3.507489e+01 -1.058317e-02 
 3.507528e+01 -1.057062e-02 
 3.507568e+01 -1.055792e-02 
 3.507608e+01 -1.054507e-02 
 3.507648e+01 -1.053211e-02 
 3.507687e+01 -1.051915e-02 
 3.507727e+01 -1.050612e-02 
 3.507767e+01 -1.049315e-02 
 3.507807e+01 -1.048032e-02 
 3.507846e+01 -1.046770e-02 
 3.507886e+01 -1.045535e-02 
 3.507926e+01 -1.044328e-02 
 3.507966e+01 -1.043159e-02 
 3.508006e+01 -1.042022e-02 
 3.508045e+01 -1.040909e-02 
 3.508085e+01 -1.039800e-02 
 3.508125e+01 -1.038681e-02 
 3.508165e+01 -1.037543e-02 
 3.508204e+01 -1.036374e-02 
 3.508244e+01 -1.035162e-02 
 3.508284e+01 -1.033893e-02 
 3.508324e+01 -1.032561e-02 
 3.508363e+01 -1.031151e-02 
 3.508403e+01 -1.029661e-02 
 3.508443e+01 -1.028087e-02 
 3.508483e+01 -1.026432e-02 
 3.508523e+01 -1.024694e-02 
 3.508562e+01 -1.022877e-02 
 3.508602e+01 -1.020988e-02 
 3.508642e+01 -1.019034e-02 
 3.508682e+01 -1.017018e-02 
 3.508721e+01 -1.014952e-02 
 3.508761e+01 -1.012850e-02 
 3.508801e+01 -1.010737e-02 
 3.508841e+01 -1.008630e-02 
 3.508880e+01 -1.006556e-02 
 3.508920e+01 -1.004535e-02 
 3.508960e+01 -1.002581e-02 
 3.509000e+01 -1.000706e-02 
 3.509040e+01 -9.989193e-03 
 3.509079e+01 -9.972272e-03 
 3.509119e+01 -9.956292e-03 
 3.509159e+01 -9.941217e-03 
 3.509199e+01 -9.926951e-03 
 3.509238e+01 -9.913356e-03 
 3.509278e+01 -9.900292e-03 
 3.509318e+01 -9.887584e-03 
 3.509358e+01 -9.875030e-03 
 3.509397e+01 -9.862513e-03 
 3.509437e+01 -9.849936e-03 
 3.509477e+01 -9.837178e-03 
 3.509517e+01 -9.824167e-03 
 3.509557e+01 -9.810881e-03 
 3.509596e+01 -9.797246e-03 
 3.509636e+01 -9.783184e-03 
 3.509676e+01 -9.768649e-03 
 3.509716e+01 -9.753612e-03 
 3.509755e+01 -9.738052e-03 
 3.509795e+01 -9.721946e-03 
 3.509835e+01 -9.705231e-03 
 3.509875e+01 -9.687855e-03 
 3.509914e+01 -9.669734e-03 
 3.509954e+01 -9.650782e-03 
 3.509994e+01 -9.630905e-03 
 3.510034e+01 -9.610053e-03 
 3.510074e+01 -9.588149e-03 
 3.510113e+01 -9.565198e-03 
 3.510153e+01 -9.541299e-03 
 3.510193e+01 -9.516621e-03 
 3.510233e+01 -9.491343e-03 
 3.510272e+01 -9.465681e-03 
 3.510312e+01 -9.439849e-03 
 3.510352e+01 -9.414089e-03 
 3.510392e+01 -9.388607e-03 
 3.510431e+01 -9.363582e-03 
 3.510471e+01 -9.339214e-03 
 3.510511e+01 -9.315732e-03 
 3.510551e+01 -9.293303e-03 
 3.510591e+01 -9.272018e-03 
 3.510630e+01 -9.252013e-03 
 3.510670e+01 -9.233225e-03 
 3.510710e+01 -9.215492e-03 
 3.510750e+01 -9.198601e-03 
 3.510789e+01 -9.182298e-03 
 3.510829e+01 -9.166346e-03 
 3.510869e+01 -9.150475e-03 
 3.510909e+01 -9.134506e-03 
 3.510948e+01 -9.118275e-03 
 3.510988e+01 -9.101621e-03 
 3.511028e+01 -9.084460e-03 
 3.511068e+01 -9.066703e-03 
 3.511108e+01 -9.048366e-03 
 3.511147e+01 -9.029454e-03 
 3.511187e+01 -9.010019e-03 
 3.511227e+01 -8.990114e-03 
 3.511267e+01 -8.969837e-03 
 3.511306e+01 -8.949328e-03 
 3.511346e+01 -8.928615e-03 
 3.511386e+01 -8.907846e-03 
 3.511426e+01 -8.887129e-03 
 3.511465e+01 -8.866686e-03 
 3.511505e+01 -8.846698e-03 
 3.511545e+01 -8.827291e-03 
 3.511585e+01 -8.808605e-03 
 3.511625e+01 -8.790748e-03 
 3.511664e+01 -8.773770e-03 
 3.511704e+01 -8.757752e-03 
 3.511744e+01 -8.742782e-03 
 3.511784e+01 -8.728919e-03 
 3.511823e+01 -8.716193e-03 
 3.511863e+01 -8.704740e-03 
 3.511903e+01 -8.694628e-03 
 3.511943e+01 -8.685939e-03 
 3.511982e+01 -8.678728e-03 
 3.512022e+01 -8.672988e-03 
 3.512062e+01 -8.668760e-03 
 3.512102e+01 -8.666022e-03 
 3.512142e+01 -8.664833e-03 
 3.512181e+01 -8.665201e-03 
 3.512221e+01 -8.667095e-03 
 3.512261e+01 -8.670463e-03 
 3.512301e+01 -8.675195e-03 
 3.512340e+01 -8.681279e-03 
 3.512380e+01 -8.688690e-03 
 3.512420e+01 -8.697329e-03 
 3.512460e+01 -8.707041e-03 
 3.512499e+01 -8.717666e-03 
 3.512539e+01 -8.729051e-03 
 3.512579e+01 -8.740978e-03 
 3.512619e+01 -8.753244e-03 
 3.512659e+01 -8.765714e-03 
 3.512698e+01 -8.778284e-03 
 3.512738e+01 -8.790882e-03 
 3.512778e+01 -8.803461e-03 
 3.512818e+01 -8.816079e-03 
 3.512857e+01 -8.828810e-03 
 3.512897e+01 -8.841707e-03 
 3.512937e+01 -8.854887e-03 
 3.512977e+01 -8.868447e-03 
 3.513016e+01 -8.882678e-03 
 3.513056e+01 -8.897751e-03 
 3.513096e+01 -8.913861e-03 
 3.513136e+01 -8.931169e-03 
 3.513176e+01 -8.949767e-03 
 3.513215e+01 -8.969690e-03 
 3.513255e+01 -8.990916e-03 
 3.513295e+01 -9.013387e-03 
 3.513335e+01 -9.037066e-03 
 3.513374e+01 -9.061849e-03 
 3.513414e+01 -9.087574e-03 
 3.513454e+01 -9.114161e-03 
 3.513494e+01 -9.141564e-03 
 3.513533e+01 -9.169671e-03 
 3.513573e+01 -9.198349e-03 
 3.513613e+01 -9.227555e-03 
 3.513653e+01 -9.257294e-03 
 3.513693e+01 -9.287508e-03 
 3.513732e+01 -9.318161e-03 
 3.513772e+01 -9.349297e-03 
 3.513812e+01 -9.380859e-03 
 3.513852e+01 -9.412770e-03 
 3.513891e+01 -9.445012e-03 
 3.513931e+01 -9.477467e-03 
 3.513971e+01 -9.510024e-03 
 3.514011e+01 -9.542575e-03 
 3.514050e+01 -9.575057e-03 
 3.514090e+01 -9.607450e-03 
 3.514130e+01 -9.639755e-03 
 3.514170e+01 -9.672004e-03 
 3.514210e+01 -9.704246e-03 
 3.514249e+01 -9.736439e-03 
 3.514289e+01 -9.768632e-03 
 3.514329e+01 -9.800855e-03 
 3.514369e+01 -9.833073e-03 
 3.514408e+01 -9.865272e-03 
 3.514448e+01 -9.897394e-03 
 3.514488e+01 -9.929426e-03 
 3.514528e+01 -9.961390e-03 
 3.514568e+01 -9.993307e-03 
 3.514607e+01 -1.002521e-02 
 3.514647e+01 -1.005707e-02 
 3.514687e+01 -1.008889e-02 
 3.514727e+01 -1.012067e-02 
 3.514766e+01 -1.015242e-02 
 3.514806e+01 -1.018406e-02 
 3.514846e+01 -1.021555e-02 
 3.514886e+01 -1.024676e-02 
 3.514925e+01 -1.027751e-02 
 3.514965e+01 -1.030763e-02 
 3.515005e+01 -1.033699e-02 
 3.515045e+01 -1.036540e-02 
 3.515085e+01 -1.039272e-02 
 3.515124e+01 -1.041880e-02 
 3.515164e+01 -1.044351e-02 
 3.515204e+01 -1.046670e-02 
 3.515244e+01 -1.048834e-02 
 3.515283e+01 -1.050841e-02 
 3.515323e+01 -1.052689e-02 
 3.515363e+01 -1.054383e-02 
 3.515403e+01 -1.055929e-02 
 3.515442e+01 -1.057334e-02 
 3.515482e+01 -1.058604e-02 
 3.515522e+01 -1.059741e-02 
 3.515562e+01 -1.060742e-02 
 3.515602e+01 -1.061611e-02 
 3.515641e+01 -1.062363e-02 
 3.515681e+01 -1.063023e-02 
 3.515721e+01 -1.063613e-02 
 3.515761e+01 -1.064155e-02 
 3.515800e+01 -1.064670e-02 
 3.515840e+01 -1.065178e-02 
 3.515880e+01 -1.065693e-02 
 3.515920e+01 -1.066221e-02 
 3.515959e+01 -1.066762e-02 
 3.515999e+01 -1.067316e-02 
 3.516039e+01 -1.067885e-02 
 3.516079e+01 -1.068464e-02 
 3.516119e+01 -1.069043e-02 
 3.516158e+01 -1.069612e-02 
 3.516198e+01 -1.070150e-02 
 3.516238e+01 -1.070646e-02 
 3.516278e+01 -1.071092e-02 
 3.516317e+01 -1.071489e-02 
 3.516357e+01 -1.071829e-02 
 3.516397e+01 -1.072114e-02 
 3.516437e+01 -1.072337e-02 
 3.516476e+01 -1.072490e-02 
 3.516516e+01 -1.072574e-02 
 3.516556e+01 -1.072587e-02 
 3.516596e+01 -1.072534e-02 
 3.516636e+01 -1.072420e-02 
 3.516675e+01 -1.072239e-02 
 3.516715e+01 -1.071995e-02 
 3.516755e+01 -1.071684e-02 
 3.516795e+01 -1.071305e-02 
 3.516834e+01 -1.070847e-02 
 3.516874e+01 -1.070309e-02 
 3.516914e+01 -1.069693e-02 
 3.516954e+01 -1.069003e-02 
 3.516993e+01 -1.068248e-02 
 3.517033e+01 -1.067439e-02 
 3.517073e+01 -1.066582e-02 
 3.517113e+01 -1.065678e-02 
 3.517153e+01 -1.064734e-02 
 3.517192e+01 -1.063760e-02 
 3.517232e+01 -1.062770e-02 
 3.517272e+01 -1.061782e-02 
 3.517312e+01 -1.060808e-02 
 3.517351e+01 -1.059860e-02 
 3.517391e+01 -1.058948e-02 
 3.517431e+01 -1.058089e-02 
 3.517471e+01 -1.057288e-02 
 3.517510e+01 -1.056551e-02 
 3.517550e+01 -1.055876e-02 
 3.517590e+01 -1.055261e-02 
 3.517630e+01 -1.054699e-02 
 3.517670e+01 -1.054180e-02 
 3.517709e+01 -1.053687e-02 
 3.517749e+01 -1.053202e-02 
 3.517789e+01 -1.052703e-02 
 3.517829e+01 -1.052184e-02 
 3.517868e+01 -1.051632e-02 
 3.517908e+01 -1.051038e-02 
 3.517948e+01 -1.050389e-02 
 3.517988e+01 -1.049675e-02 
 3.518027e+01 -1.048888e-02 
 3.518067e+01 -1.048022e-02 
 3.518107e+01 -1.047072e-02 
 3.518147e+01 -1.046037e-02 
 3.518187e+01 -1.044921e-02 
 3.518226e+01 -1.043735e-02 
 3.518266e+01 -1.042490e-02 
 3.518306e+01 -1.041198e-02 
 3.518346e+01 -1.039867e-02 
 3.518385e+01 -1.038508e-02 
 3.518425e+01 -1.037125e-02 
 3.518465e+01 -1.035728e-02 
 3.518505e+01 -1.034325e-02 
 3.518544e+01 -1.032925e-02 
 3.518584e+01 -1.031534e-02 
 3.518624e+01 -1.030153e-02 
 3.518664e+01 -1.028780e-02 
 3.518704e+01 -1.027411e-02 
 3.518743e+01 -1.026036e-02 
 3.518783e+01 -1.024648e-02 
 3.518823e+01 -1.023234e-02 
 3.518863e+01 -1.021786e-02 
 3.518902e+01 -1.020301e-02 
 3.518942e+01 -1.018779e-02 
 3.518982e+01 -1.017220e-02 
 3.519022e+01 -1.015619e-02 
 3.519061e+01 -1.013969e-02 
 3.519101e+01 -1.012266e-02 
 3.519141e+01 -1.010509e-02 
 3.519181e+01 -1.008703e-02 
 3.519221e+01 -1.006851e-02 
 3.519260e+01 -1.004955e-02 
 3.519300e+01 -1.003013e-02 
 3.519340e+01 -1.001017e-02 
 3.519380e+01 -9.989599e-03 
 3.519419e+01 -9.968358e-03 
 3.519459e+01 -9.946335e-03 
 3.519499e+01 -9.923415e-03 
 3.519539e+01 -9.899518e-03 
 3.519578e+01 -9.874624e-03 
 3.519618e+01 -9.848758e-03 
 3.519658e+01 -9.822024e-03 
 3.519698e+01 -9.794491e-03 
 3.519738e+01 -9.766251e-03 
 3.519777e+01 -9.737526e-03 
 3.519817e+01 -9.708539e-03 
 3.519857e+01 -9.679517e-03 
 3.519897e+01 -9.650661e-03 
 3.519936e+01 -9.622176e-03 
 3.519976e+01 -9.594183e-03 
 3.520016e+01 -9.566784e-03 
 3.520056e+01 -9.540096e-03 
 3.520095e+01 -9.514154e-03 
 3.520135e+01 -9.488880e-03 
 3.520175e+01 -9.464120e-03 
 3.520215e+01 -9.439711e-03 
 3.520255e+01 -9.415508e-03 
 3.520294e+01 -9.391211e-03 
 3.520334e+01 -9.366559e-03 
 3.520374e+01 -9.341330e-03 
 3.520414e+01 -9.315362e-03 
 3.520453e+01 -9.288555e-03 
 3.520493e+01 -9.260864e-03 
 3.520533e+01 -9.232262e-03 
 3.520573e+01 -9.202711e-03 
 3.520612e+01 -9.172193e-03 
 3.520652e+01 -9.140691e-03 
 3.520692e+01 -9.108181e-03 
 3.520732e+01 -9.074710e-03 
 3.520772e+01 -9.040387e-03 
 3.520811e+01 -9.005293e-03 
 3.520851e+01 -8.969577e-03 
 3.520891e+01 -8.933417e-03 
 3.520931e+01 -8.896964e-03 
 3.520970e+01 -8.860301e-03 
 3.521010e+01 -8.823514e-03 
 3.521050e+01 -8.786719e-03 
 3.521090e+01 -8.750024e-03 
 3.521129e+01 -8.713622e-03 
 3.521169e+01 -8.677709e-03 
 3.521209e+01 -8.642455e-03 
 3.521249e+01 -8.608037e-03 
 3.521289e+01 -8.574503e-03 
 3.521328e+01 -8.541928e-03 
 3.521368e+01 -8.510530e-03 
 3.521408e+01 -8.480419e-03 
 3.521448e+01 -8.451794e-03 
 3.521487e+01 -8.424771e-03 
 3.521527e+01 -8.399503e-03 
 3.521567e+01 -8.376069e-03 
 3.521607e+01 -8.354444e-03 
 3.521646e+01 -8.334603e-03 
 3.521686e+01 -8.316485e-03 
 3.521726e+01 -8.300074e-03 
 3.521766e+01 -8.285337e-03 
 3.521806e+01 -8.272231e-03 
 3.521845e+01 -8.260716e-03 
 3.521885e+01 -8.250590e-03 
 3.521925e+01 -8.241622e-03 
 3.521965e+01 -8.233588e-03 
 3.522004e+01 -8.226394e-03 
 3.522044e+01 -8.219907e-03 
 3.522084e+01 -8.214040e-03 
 3.522124e+01 -8.208762e-03 
 3.522163e+01 -8.203978e-03 
 3.522203e+01 -8.199605e-03 
 3.522243e+01 -8.195588e-03 
 3.522283e+01 -8.191926e-03 
 3.522323e+01 -8.188650e-03 
 3.522362e+01 -8.185796e-03 
 3.522402e+01 -8.183516e-03 
 3.522442e+01 -8.181968e-03 
 3.522482e+01 -8.181342e-03 
 3.522521e+01 -8.181748e-03 
 3.522561e+01 -8.183296e-03 
 3.522601e+01 -8.186183e-03 
 3.522641e+01 -8.190572e-03 
 3.522680e+01 -8.196581e-03 
 3.522720e+01 -8.204288e-03 
 3.522760e+01 -8.213762e-03 
 3.522800e+01 -8.224994e-03 
 3.522840e+01 -8.237948e-03 
 3.522879e+01 -8.252553e-03 
 3.522919e+01 -8.268696e-03 
 3.522959e+01 -8.286377e-03 
 3.522999e+01 -8.305511e-03 
 3.523038e+01 -8.326010e-03 
 3.523078e+01 -8.347820e-03 
 3.523118e+01 -8.370863e-03 
 3.523158e+01 -8.394950e-03 
 3.523197e+01 -8.419968e-03 
 3.523237e+01 -8.445763e-03 
 3.523277e+01 -8.472232e-03 
 3.523317e+01 -8.499287e-03 
 3.523357e+01 -8.526823e-03 
 3.523396e+01 -8.554780e-03 
 3.523436e+01 -8.583026e-03 
 3.523476e+01 -8.611368e-03 
 3.523516e+01 -8.639678e-03 
 3.523555e+01 -8.667831e-03 
 3.523595e+01 -8.695808e-03 
 3.523635e+01 -8.723562e-03 
 3.523675e+01 -8.751087e-03 
 3.523715e+01 -8.778414e-03 
 3.523754e+01 -8.805603e-03 
 3.523794e+01 -8.832699e-03 
 3.523834e+01 -8.859742e-03 
 3.523874e+01 -8.886808e-03 
 3.523913e+01 -8.913947e-03 
 3.523953e+01 -8.941234e-03 
 3.523993e+01 -8.968791e-03 
 3.524033e+01 -8.996722e-03 
 3.524072e+01 -9.025064e-03 
 3.524112e+01 -9.053874e-03 
 3.524152e+01 -9.083136e-03 
 3.524192e+01 -9.112837e-03 
 3.524232e+01 -9.142978e-03 
 3.524271e+01 -9.173558e-03 
 3.524311e+01 -9.204510e-03 
 3.524351e+01 -9.235808e-03 
 3.524391e+01 -9.267368e-03 
 3.524430e+01 -9.299084e-03 
 3.524470e+01 -9.330834e-03 
 3.524510e+01 -9.362461e-03 
 3.524550e+01 -9.393810e-03 
 3.524589e+01 -9.424688e-03 
 3.524629e+01 -9.454963e-03 
 3.524669e+01 -9.484571e-03 
 3.524709e+01 -9.513355e-03 
 3.524749e+01 -9.541177e-03 
 3.524788e+01 -9.567942e-03 
 3.524828e+01 -9.593601e-03 
 3.524868e+01 -9.618024e-03 
 3.524908e+01 -9.641149e-03 
 3.524947e+01 -9.662891e-03 
 3.524987e+01 -9.683228e-03 
 3.525027e+01 -9.702150e-03 
 3.525067e+01 -9.719628e-03 
 3.525106e+01 -9.735756e-03 
 3.525146e+01 -9.750679e-03 
 3.525186e+01 -9.764525e-03 
 3.525226e+01 -9.777487e-03 
 3.525266e+01 -9.789775e-03 
 3.525305e+01 -9.801619e-03 
 3.525345e+01 -9.813159e-03 
 3.525385e+01 -9.824560e-03 
 3.525425e+01 -9.835924e-03 
 3.525464e+01 -9.847375e-03 
 3.525504e+01 -9.858962e-03 
 3.525544e+01 -9.870744e-03 
 3.525584e+01 -9.882742e-03 
 3.525623e+01 -9.894976e-03 
 3.525663e+01 -9.907342e-03 
 3.525703e+01 -9.919738e-03 
 3.525743e+01 -9.932052e-03 
 3.525783e+01 -9.944150e-03 
 3.525822e+01 -9.955955e-03 
 3.525862e+01 -9.967330e-03 
 3.525902e+01 -9.978252e-03 
 3.525942e+01 -9.988785e-03 
 3.525981e+01 -9.998880e-03 
 3.526021e+01 -1.000860e-02 
 3.526061e+01 -1.001784e-02 
 3.526101e+01 -1.002656e-02 
 3.526140e+01 -1.003462e-02 
 3.526180e+01 -1.004196e-02 
 3.526220e+01 -1.004850e-02 
 3.526260e+01 -1.005421e-02 
 3.526300e+01 -1.005900e-02 
 3.526339e+01 -1.006280e-02 
 3.526379e+01 -1.006560e-02 
 3.526419e+01 -1.006740e-02 
 3.526459e+01 -1.006822e-02 
 3.526498e+01 -1.006821e-02 
 3.526538e+01 -1.006739e-02 
 3.526578e+01 -1.006591e-02 
 3.526618e+01 -1.006384e-02 
 3.526657e+01 -1.006129e-02 
 3.526697e+01 -1.005836e-02 
 3.526737e+01 -1.005513e-02 
 3.526777e+01 -1.005170e-02 
 3.526817e+01 -1.004828e-02 
 3.526856e+01 -1.004510e-02 
 3.526896e+01 -1.004241e-02 
 3.526936e+01 -1.004044e-02 
 3.526976e+01 -1.003938e-02 
 3.527015e+01 -1.003940e-02 
 3.527055e+01 -1.004060e-02 
 3.527095e+01 -1.004298e-02 
 3.527135e+01 -1.004656e-02 
 3.527174e+01 -1.005127e-02 
 3.527214e+01 -1.005700e-02 
 3.527254e+01 -1.006358e-02 
 3.527294e+01 -1.007085e-02 
 3.527334e+01 -1.007866e-02 
 3.527373e+01 -1.008679e-02 
 3.527413e+01 -1.009503e-02 
 3.527453e+01 -1.010328e-02 
 3.527493e+01 -1.011141e-02 
 3.527532e+01 -1.011934e-02 
 3.527572e+01 -1.012703e-02 
 3.527612e+01 -1.013437e-02 
 3.527652e+01 -1.014135e-02 
 3.527691e+01 -1.014798e-02 
 3.527731e+01 -1.015427e-02 
 3.527771e+01 -1.016031e-02 
 3.527811e+01 -1.016612e-02 
 3.527851e+01 -1.017165e-02 
 3.527890e+01 -1.017690e-02 
 3.527930e+01 -1.018179e-02 
 3.527970e+01 -1.018633e-02 
 3.528010e+01 -1.019057e-02 
 3.528049e+01 -1.019444e-02 
 3.528089e+01 -1.019803e-02 
 3.528129e+01 -1.020140e-02 
 3.528169e+01 -1.020447e-02 
 3.528208e+01 -1.020723e-02 
 3.528248e+01 -1.020963e-02 
 3.528288e+01 -1.021151e-02 
 3.528328e+01 -1.021285e-02 
 3.528368e+01 -1.021362e-02 
 3.528407e+01 -1.021383e-02 
 3.528447e+01 -1.021355e-02 
 3.528487e+01 -1.021283e-02 
 3.528527e+01 -1.021167e-02 
 3.528566e+01 -1.021010e-02 
 3.528606e+01 -1.020810e-02 
 3.528646e+01 -1.020570e-02 
 3.528686e+01 -1.020281e-02 
 3.528725e+01 -1.019942e-02 
 3.528765e+01 -1.019545e-02 
 3.528805e+01 -1.019084e-02 
 3.528845e+01 -1.018542e-02 
 3.528885e+01 -1.017912e-02 
 3.528924e+01 -1.017176e-02 
 3.528964e+01 -1.016320e-02 
 3.529004e+01 -1.015334e-02 
 3.529044e+01 -1.014216e-02 
 3.529083e+01 -1.012961e-02 
 3.529123e+01 -1.011570e-02 
 3.529163e+01 -1.010046e-02 
 3.529203e+01 -1.008404e-02 
 3.529242e+01 -1.006655e-02 
 3.529282e+01 -1.004818e-02 
 3.529322e+01 -1.002916e-02 
 3.529362e+01 -1.000970e-02 
 3.529402e+01 -9.989933e-03 
 3.529441e+01 -9.970024e-03 
 3.529481e+01 -9.950128e-03 
 3.529521e+01 -9.930395e-03 
 3.529561e+01 -9.910890e-03 
 3.529600e+01 -9.891657e-03 
 3.529640e+01 -9.872663e-03 
 3.529680e+01 -9.853866e-03 
 3.529720e+01 -9.835170e-03 
 3.529759e+01 -9.816459e-03 
 3.529799e+01 -9.797584e-03 
 3.529839e+01 -9.778398e-03 
 3.529879e+01 -9.758750e-03 
 3.529919e+01 -9.738538e-03 
 3.529958e+01 -9.717684e-03 
 3.529998e+01 -9.696151e-03 
 3.530038e+01 -9.673864e-03 
 3.530078e+01 -9.650782e-03 
 3.530117e+01 -9.626898e-03 
 3.530157e+01 -9.602240e-03 
 3.530197e+01 -9.576853e-03 
 3.530237e+01 -9.550824e-03 
 3.530276e+01 -9.524192e-03 
 3.530316e+01 -9.496986e-03 
 3.530356e+01 -9.469231e-03 
 3.530396e+01 -9.440957e-03 
 3.530436e+01 -9.412154e-03 
 3.530475e+01 -9.382780e-03 
 3.530515e+01 -9.352826e-03 
 3.530555e+01 -9.322360e-03 
 3.530595e+01 -9.291479e-03 
 3.530634e+01 -9.260327e-03 
 3.530674e+01 -9.229050e-03 
 3.530714e+01 -9.197772e-03 
 3.530754e+01 -9.166646e-03 
 3.530793e+01 -9.135865e-03 
 3.530833e+01 -9.105637e-03 
 3.530873e+01 -9.076162e-03 
 3.530913e+01 -9.047594e-03 
 3.530953e+01 -9.020119e-03 
 3.530992e+01 -8.993873e-03 
 3.531032e+01 -8.969023e-03 
 3.531072e+01 -8.945635e-03 
 3.531112e+01 -8.923781e-03 
 3.531151e+01 -8.903541e-03 
 3.531191e+01 -8.884899e-03 
 3.531231e+01 -8.867781e-03 
 3.531271e+01 -8.852233e-03 
 3.531310e+01 -8.838160e-03 
 3.531350e+01 -8.825420e-03 
 3.531390e+01 -8.813827e-03 
 3.531430e+01 -8.803218e-03 
 3.531470e+01 -8.793421e-03 
 3.531509e+01 -8.784370e-03 
 3.531549e+01 -8.776001e-03 
 3.531589e+01 -8.768249e-03 
 3.531629e+01 -8.761067e-03 
 3.531668e+01 -8.754398e-03 
 3.531708e+01 -8.748253e-03 
 3.531748e+01 -8.742541e-03 
 3.531788e+01 -8.737231e-03 
 3.531827e+01 -8.732273e-03 
 3.531867e+01 -8.727732e-03 
 3.531907e+01 -8.723563e-03 
 3.531947e+01 -8.719748e-03 
 3.531987e+01 -8.716424e-03 
 3.532026e+01 -8.713653e-03 
 3.532066e+01 -8.711540e-03 
 3.532106e+01 -8.710162e-03 
 3.532146e+01 -8.709704e-03 
 3.532185e+01 -8.710249e-03 
 3.532225e+01 -8.711888e-03 
 3.532265e+01 -8.714718e-03 
 3.532305e+01 -8.718800e-03 
 3.532344e+01 -8.724166e-03 
 3.532384e+01 -8.730869e-03 
 3.532424e+01 -8.738945e-03 
 3.532464e+01 -8.748408e-03 
 3.532504e+01 -8.759251e-03 
 3.532543e+01 -8.771410e-03 
 3.532583e+01 -8.784881e-03 
 3.532623e+01 -8.799674e-03 
 3.532663e+01 -8.815638e-03 
 3.532702e+01 -8.832717e-03 
 3.532742e+01 -8.850871e-03 
 3.532782e+01 -8.870131e-03 
 3.532822e+01 -8.890487e-03 
 3.532862e+01 -8.911932e-03 
 3.532901e+01 -8.934450e-03 
 3.532941e+01 -8.957890e-03 
 3.532981e+01 -8.982098e-03 
 3.533021e+01 -9.006914e-03 
 3.533060e+01 -9.032155e-03 
 3.533100e+01 -9.057660e-03 
 3.533140e+01 -9.083332e-03 
 3.533180e+01 -9.109121e-03 
 3.533219e+01 -9.135051e-03 
 3.533259e+01 -9.161185e-03 
 3.533299e+01 -9.187486e-03 
 3.533339e+01 -9.214033e-03 
 3.533379e+01 -9.240891e-03 
 3.533418e+01 -9.268070e-03 
 3.533458e+01 -9.295583e-03 
 3.533498e+01 -9.323505e-03 
 3.533538e+01 -9.351774e-03 
 3.533577e+01 -9.380339e-03 
 3.533617e+01 -9.409165e-03 
 3.533657e+01 -9.438173e-03 
 3.533697e+01 -9.467345e-03 
 3.533736e+01 -9.496644e-03 
 3.533776e+01 -9.525987e-03 
 3.533816e+01 -9.555272e-03 
 3.533856e+01 -9.584483e-03 
 3.533896e+01 -9.613549e-03 
 3.533935e+01 -9.642362e-03 
 3.533975e+01 -9.670828e-03 
 3.534015e+01 -9.698889e-03 
 3.534055e+01 -9.726448e-03 
 3.534094e+01 -9.753459e-03 
 3.534134e+01 -9.779896e-03 
 3.534174e+01 -9.805648e-03 
 3.534214e+01 -9.830595e-03 
 3.534253e+01 -9.854616e-03 
 3.534293e+01 -9.877560e-03 
 3.534333e+01 -9.899353e-03 
 3.534373e+01 -9.919958e-03 
 3.534413e+01 -9.939271e-03 
 3.534452e+01 -9.957278e-03 
 3.534492e+01 -9.974024e-03 
 3.534532e+01 -9.989538e-03 
 3.534572e+01 -1.000392e-02 
 3.534611e+01 -1.001728e-02 
 3.534651e+01 -1.002974e-02 
 3.534691e+01 -1.004144e-02 
 3.534731e+01 -1.005256e-02 
 3.534770e+01 -1.006332e-02 
 3.534810e+01 -1.007393e-02 
 3.534850e+01 -1.008450e-02 
 3.534890e+01 -1.009512e-02 
 3.534930e+01 -1.010601e-02 
 3.534969e+01 -1.011731e-02 
 3.535009e+01 -1.012915e-02 
 3.535049e+01 -1.014160e-02 
 3.535089e+01 -1.015464e-02 
 3.535128e+01 -1.016826e-02 
 3.535168e+01 -1.018232e-02 
 3.535208e+01 -1.019674e-02 
 3.535248e+01 -1.021148e-02 
 3.535287e+01 -1.022639e-02 
 3.535327e+01 -1.024139e-02 
 3.535367e+01 -1.025650e-02 
 3.535407e+01 -1.027170e-02 
 3.535447e+01 -1.028696e-02 
 3.535486e+01 -1.030225e-02 
 3.535526e+01 -1.031750e-02 
 3.535566e+01 -1.033256e-02 
 3.535606e+01 -1.034738e-02 
 3.535645e+01 -1.036182e-02 
 3.535685e+01 -1.037577e-02 
 3.535725e+01 -1.038918e-02 
 3.535765e+01 -1.040190e-02 
 3.535804e+01 -1.041377e-02 
 3.535844e+01 -1.042462e-02 
 3.535884e+01 -1.043433e-02 
 3.535924e+01 -1.044281e-02 
 3.535964e+01 -1.045002e-02 
 3.536003e+01 -1.045593e-02 
 3.536043e+01 -1.046061e-02 
 3.536083e+01 -1.046414e-02 
 3.536123e+01 -1.046660e-02 
 3.536162e+01 -1.046807e-02 
 3.536202e+01 -1.046867e-02 
 3.536242e+01 -1.046862e-02 
 3.536282e+01 -1.046807e-02 
 3.536321e+01 -1.046720e-02 
 3.536361e+01 -1.046631e-02 
 3.536401e+01 -1.046557e-02 
 3.536441e+01 -1.046516e-02 
 3.536481e+01 -1.046518e-02 
 3.536520e+01 -1.046575e-02 
 3.536560e+01 -1.046695e-02 
 3.536600e+01 -1.046874e-02 
 3.536640e+01 -1.047115e-02 
 3.536679e+01 -1.047416e-02 
 3.536719e+01 -1.047775e-02 
 3.536759e+01 -1.048191e-02 
 3.536799e+01 -1.048651e-02 
 3.536838e+01 -1.049143e-02 
 3.536878e+01 -1.049656e-02 
 3.536918e+01 -1.050173e-02 
 3.536958e+01 -1.050685e-02 
 3.536998e+01 -1.051189e-02 
 3.537037e+01 -1.051673e-02 
 3.537077e+01 -1.052128e-02 
 3.537117e+01 -1.052542e-02 
 3.537157e+01 -1.052917e-02 
 3.537196e+01 -1.053245e-02 
 3.537236e+01 -1.053530e-02 
 3.537276e+01 -1.053772e-02 
 3.537316e+01 -1.053971e-02 
 3.537355e+01 -1.054122e-02 
 3.537395e+01 -1.054221e-02 
 3.537435e+01 -1.054261e-02 
 3.537475e+01 -1.054236e-02 
 3.537515e+01 -1.054143e-02 
 3.537554e+01 -1.053979e-02 
 3.537594e+01 -1.053751e-02 
 3.537634e+01 -1.053467e-02 
 3.537674e+01 -1.053130e-02 
 3.537713e+01 -1.052738e-02 
 3.537753e+01 -1.052294e-02 
 3.537793e+01 -1.051800e-02 
 3.537833e+01 -1.051257e-02 
 3.537872e+01 -1.050676e-02 
 3.537912e+01 -1.050068e-02 
 3.537952e+01 -1.049440e-02 
 3.537992e+01 -1.048796e-02 
 3.538032e+01 -1.048143e-02 
 3.538071e+01 -1.047487e-02 
 3.538111e+01 -1.046832e-02 
 3.538151e+01 -1.046177e-02 
 3.538191e+01 -1.045522e-02 
 3.538230e+01 -1.044866e-02 
 3.538270e+01 -1.044210e-02 
 3.538310e+01 -1.043545e-02 
 3.538350e+01 -1.042857e-02 
 3.538389e+01 -1.042132e-02 
 3.538429e+01 -1.041350e-02 
 3.538469e+01 -1.040493e-02 
 3.538509e+01 -1.039557e-02 
 3.538549e+01 -1.038535e-02 
 3.538588e+01 -1.037426e-02 
 3.538628e+01 -1.036234e-02 
 3.538668e+01 -1.034962e-02 
 3.538708e+01 -1.033617e-02 
 3.538747e+01 -1.032215e-02 
 3.538787e+01 -1.030767e-02 
 3.538827e+01 -1.029280e-02 
 3.538867e+01 -1.027767e-02 
 3.538906e+01 -1.026248e-02 
 3.538946e+01 -1.024724e-02 
 3.538986e+01 -1.023194e-02 
 3.539026e+01 -1.021657e-02 
 3.539066e+01 -1.020107e-02 
 3.539105e+01 -1.018536e-02 
 3.539145e+01 -1.016944e-02 
 3.539185e+01 -1.015329e-02 
 3.539225e+01 -1.013690e-02 
 3.539264e+01 -1.012022e-02 
 3.539304e+01 -1.010318e-02 
 3.539344e+01 -1.008572e-02 
 3.539384e+01 -1.006775e-02 
 3.539423e+01 -1.004909e-02 
 3.539463e+01 -1.002968e-02 
 3.539503e+01 -1.000948e-02 
 3.539543e+01 -9.988505e-03 
 3.539583e+01 -9.966785e-03 
 3.539622e+01 -9.944385e-03 
 3.539662e+01 -9.921291e-03 
 3.539702e+01 -9.897524e-03 
 3.539742e+01 -9.873076e-03 
 3.539781e+01 -9.847967e-03 
 3.539821e+01 -9.822206e-03 
 3.539861e+01 -9.795796e-03 
 3.539901e+01 -9.768694e-03 
 3.539940e+01 -9.740829e-03 
 3.539980e+01 -9.712188e-03 
 3.540020e+01 -9.682740e-03 
 3.540060e+01 -9.652505e-03 
 3.540100e+01 -9.621597e-03 
 3.540139e+01 -9.590177e-03 
 3.540179e+01 -9.558356e-03 
 3.540219e+01 -9.526282e-03 
 3.540259e+01 -9.494149e-03 
 3.540298e+01 -9.462138e-03 
 3.540338e+01 -9.430421e-03 
 3.540378e+01 -9.399213e-03 
 3.540418e+01 -9.368799e-03 
 3.540457e+01 -9.339351e-03 
 3.540497e+01 -9.311057e-03 
 3.540537e+01 -9.284016e-03 
 3.540577e+01 -9.258294e-03 
 3.540617e+01 -9.233889e-03 
 3.540656e+01 -9.210646e-03 
 3.540696e+01 -9.188507e-03 
 3.540736e+01 -9.167447e-03 
 3.540776e+01 -9.147373e-03 
 3.540815e+01 -9.128177e-03 
 3.540855e+01 -9.109864e-03 
 3.540895e+01 -9.092373e-03 
 3.540935e+01 -9.075693e-03 
 3.540974e+01 -9.059820e-03 
 3.541014e+01 -9.044667e-03 
 3.541054e+01 -9.030184e-03 
 3.541094e+01 -9.016274e-03 
 3.541134e+01 -9.002824e-03 
 3.541173e+01 -8.989782e-03 
 3.541213e+01 -8.976943e-03 
 3.541253e+01 -8.964172e-03 
 3.541293e+01 -8.951400e-03 
 3.541332e+01 -8.938553e-03 
 3.541372e+01 -8.925662e-03 
 3.541412e+01 -8.912804e-03 
 3.541452e+01 -8.900030e-03 
 3.541491e+01 -8.887418e-03 
 3.541531e+01 -8.874984e-03 
 3.541571e+01 -8.862811e-03 
 3.541611e+01 -8.850967e-03 
 3.541651e+01 -8.839441e-03 
 3.541690e+01 -8.828288e-03 
 3.541730e+01 -8.817638e-03 
 3.541770e+01 -8.807653e-03 
 3.541810e+01 -8.798530e-03 
 3.541849e+01 -8.790452e-03 
 3.541889e+01 -8.783539e-03 
 3.541929e+01 -8.777842e-03 
 3.541969e+01 -8.773438e-03 
 3.542009e+01 -8.770410e-03 
 3.542048e+01 -8.768820e-03 
 3.542088e+01 -8.768654e-03 
 3.542128e+01 -8.769909e-03 
 3.542168e+01 -8.772576e-03 
 3.542207e+01 -8.776626e-03 
 3.542247e+01 -8.782043e-03 
 3.542287e+01 -8.788764e-03 
 3.542327e+01 -8.796706e-03 
 3.542366e+01 -8.805800e-03 
 3.542406e+01 -8.815960e-03 
 3.542446e+01 -8.827082e-03 
 3.542486e+01 -8.839098e-03 
 3.542526e+01 -8.851827e-03 
 3.542565e+01 -8.865181e-03 
 3.542605e+01 -8.879066e-03 
 3.542645e+01 -8.893447e-03 
 3.542685e+01 -8.908340e-03 
 3.542724e+01 -8.923724e-03 
 3.542764e+01 -8.939595e-03 
 3.542804e+01 -8.955892e-03 
 3.542844e+01 -8.972508e-03 
 3.542883e+01 -8.989418e-03 
 3.542923e+01 -9.006621e-03 
 3.542963e+01 -9.024108e-03 
 3.543003e+01 -9.041839e-03 
 3.543043e+01 -9.059840e-03 
 3.543082e+01 -9.078137e-03 
 3.543122e+01 -9.096755e-03 
 3.543162e+01 -9.115665e-03 
 3.543202e+01 -9.134830e-03 
 3.543241e+01 -9.154225e-03 
 3.543281e+01 -9.173912e-03 
 3.543321e+01 -9.193900e-03 
 3.543361e+01 -9.214193e-03 
 3.543400e+01 -9.234839e-03 
 3.543440e+01 -9.255786e-03 
 3.543480e+01 -9.277019e-03 
 3.543520e+01 -9.298573e-03 
 3.543560e+01 -9.320461e-03 
 3.543599e+01 -9.342678e-03 
 3.543639e+01 -9.365249e-03 
 3.543679e+01 -9.388139e-03 
 3.543719e+01 -9.411322e-03 
 3.543758e+01 -9.434678e-03 
 3.543798e+01 -9.458044e-03 
 3.543838e+01 -9.481281e-03 
 3.543878e+01 -9.504219e-03 
 3.543917e+01 -9.526749e-03 
 3.543957e+01 -9.548834e-03 
 3.543997e+01 -9.570471e-03 
 3.544037e+01 -9.591669e-03 
 3.544077e+01 -9.612436e-03 
 3.544116e+01 -9.632812e-03 
 3.544156e+01 -9.652778e-03 
 3.544196e+01 -9.672369e-03 
 3.544236e+01 -9.691620e-03 
 3.544275e+01 -9.710641e-03 
 3.544315e+01 -9.729479e-03 
 3.544355e+01 -9.748245e-03 
 3.544395e+01 -9.767016e-03 
 3.544434e+01 -9.785834e-03 
 3.544474e+01 -9.804744e-03 
 3.544514e+01 -9.823780e-03 
 3.544554e+01 -9.842894e-03 
 3.544594e+01 -9.862003e-03 
 3.544633e+01 -9.881038e-03 
 3.544673e+01 -9.899945e-03 
 3.544713e+01 -9.918563e-03 
 3.544753e+01 -9.936793e-03 
 3.544792e+01 -9.954571e-03 
 3.544832e+01 -9.971863e-03 
 3.544872e+01 -9.988689e-03 
 3.544912e+01 -1.000515e-02 
 3.544951e+01 -1.002136e-02 
 3.544991e+01 -1.003734e-02 
 3.545031e+01 -1.005309e-02 
 3.545071e+01 -1.006859e-02 
 3.545111e+01 -1.008384e-02 
 3.545150e+01 -1.009871e-02 
 3.545190e+01 -1.011308e-02 
 3.545230e+01 -1.012682e-02 
 3.545270e+01 -1.013989e-02 
 3.545309e+01 -1.015219e-02 
 3.545349e+01 -1.016358e-02 
 3.545389e+01 -1.017396e-02 
 3.545429e+01 -1.018316e-02 
 3.545468e+01 -1.019109e-02 
 3.545508e+01 -1.019780e-02 
 3.545548e+01 -1.020336e-02 
 3.545588e+01 -1.020787e-02 
 3.545628e+01 -1.021147e-02 
 3.545667e+01 -1.021431e-02 
 3.545707e+01 -1.021648e-02 
 3.545747e+01 -1.021822e-02 
 3.545787e+01 -1.021969e-02 
 3.545826e+01 -1.022103e-02 
 3.545866e+01 -1.022242e-02 
 3.545906e+01 -1.022399e-02 
 3.545946e+01 -1.022584e-02 
 3.545985e+01 -1.022805e-02 
 3.546025e+01 -1.023062e-02 
 3.546065e+01 -1.023353e-02 
 3.546105e+01 -1.023673e-02 
 3.546145e+01 -1.024024e-02 
 3.546184e+01 -1.024410e-02 
 3.546224e+01 -1.024827e-02 
 3.546264e+01 -1.025267e-02 
 3.546304e+01 -1.025717e-02 
 3.546343e+01 -1.026164e-02 
 3.546383e+01 -1.026591e-02 
 3.546423e+01 -1.026986e-02 
 3.546463e+01 -1.027342e-02 
 3.546502e+01 -1.027653e-02 
 3.546542e+01 -1.027917e-02 
 3.546582e+01 -1.028135e-02 
 3.546622e+01 -1.028311e-02 
 3.546662e+01 -1.028441e-02 
 3.546701e+01 -1.028517e-02 
 3.546741e+01 -1.028534e-02 
 3.546781e+01 -1.028486e-02 
 3.546821e+01 -1.028374e-02 
 3.546860e+01 -1.028201e-02 
 3.546900e+01 -1.027958e-02 
 3.546940e+01 -1.027640e-02 
 3.546980e+01 -1.027248e-02 
 3.547019e+01 -1.026780e-02 
 3.547059e+01 -1.026233e-02 
 3.547099e+01 -1.025606e-02 
 3.547139e+01 -1.024900e-02 
 3.547179e+01 -1.024121e-02 
 3.547218e+01 -1.023278e-02 
 3.547258e+01 -1.022384e-02 
 3.547298e+01 -1.021457e-02 
 3.547338e+01 -1.020507e-02 
 3.547377e+01 -1.019540e-02 
 3.547417e+01 -1.018561e-02 
 3.547457e+01 -1.017580e-02 
 3.547497e+01 -1.016602e-02 
 3.547536e+01 -1.015627e-02 
 3.547576e+01 -1.014651e-02 
 3.547616e+01 -1.013680e-02 
 3.547656e+01 -1.012711e-02 
 3.547696e+01 -1.011736e-02 
 3.547735e+01 -1.010745e-02 
 3.547775e+01 -1.009726e-02 
 3.547815e+01 -1.008664e-02 
 3.547855e+01 -1.007544e-02 
 3.547894e+01 -1.006353e-02 
 3.547934e+01 -1.005078e-02 
 3.547974e+01 -1.003706e-02 
 3.548014e+01 -1.002227e-02 
 3.548053e+01 -1.000637e-02 
 3.548093e+01 -9.989375e-03 
 3.548133e+01 -9.971268e-03 
 3.548173e+01 -9.952076e-03 
 3.548213e+01 -9.931884e-03 
 3.548252e+01 -9.910729e-03 
 3.548292e+01 -9.888714e-03 
 3.548332e+01 -9.865943e-03 
 3.548372e+01 -9.842525e-03 
 3.548411e+01 -9.818567e-03 
 3.548451e+01 -9.794152e-03 
 3.548491e+01 -9.769283e-03 
 3.548531e+01 -9.743945e-03 
 3.548570e+01 -9.718173e-03 
 3.548610e+01 -9.691962e-03 
 3.548650e+01 -9.665318e-03 
 3.548690e+01 -9.638266e-03 
 3.548730e+01 -9.610812e-03 
 3.548769e+01 -9.582974e-03 
 3.548809e+01 -9.554846e-03 
 3.548849e+01 -9.526545e-03 
 3.548889e+01 -9.498103e-03 
 3.548928e+01 -9.469604e-03 
 3.548968e+01 -9.441123e-03 
 3.549008e+01 -9.412772e-03 
 3.549048e+01 -9.384626e-03 
 3.549087e+01 -9.356649e-03 
 3.549127e+01 -9.328831e-03 
 3.549167e+01 -9.301101e-03 
 3.549207e+01 -9.273326e-03 
 3.549247e+01 -9.245386e-03 
 3.549286e+01 -9.217171e-03 
 3.549326e+01 -9.188542e-03 
 3.549366e+01 -9.159364e-03 
 3.549406e+01 -9.129531e-03 
 3.549445e+01 -9.098991e-03 
 3.549485e+01 -9.067695e-03 
 3.549525e+01 -9.035593e-03 
 3.549565e+01 -9.002698e-03 
 3.549604e+01 -8.969010e-03 
 3.549644e+01 -8.934633e-03 
 3.549684e+01 -8.899714e-03 
 3.549724e+01 -8.864360e-03 
 3.549764e+01 -8.828625e-03 
 3.549803e+01 -8.792642e-03 
 3.549843e+01 -8.756506e-03 
 3.549883e+01 -8.720304e-03 
 3.549923e+01 -8.684132e-03 
 3.549962e+01 -8.648090e-03 
 3.550002e+01 -8.612282e-03 
 3.550042e+01 -8.576754e-03 
 3.550082e+01 -8.541593e-03 
 3.550121e+01 -8.506849e-03 
 3.550161e+01 -8.472540e-03 
 3.550201e+01 -8.438642e-03 
 3.550241e+01 -8.405149e-03 
 3.550281e+01 -8.372104e-03 
 3.550320e+01 -8.339510e-03 
 3.550360e+01 -8.307392e-03 
 3.550400e+01 -8.275760e-03 
 3.550440e+01 -8.244615e-03 
 3.550479e+01 -8.213931e-03 
 3.550519e+01 -8.183687e-03 
 3.550559e+01 -8.153863e-03 
 3.550599e+01 -8.124468e-03 
 3.550638e+01 -8.095435e-03 
 3.550678e+01 -8.066676e-03 
 3.550718e+01 -8.038165e-03 
 3.550758e+01 -8.009874e-03 
 3.550798e+01 -7.981763e-03 
 3.550837e+01 -7.953774e-03 
 3.550877e+01 -7.925877e-03 
 3.550917e+01 -7.898039e-03 
 3.550957e+01 -7.870220e-03 
 3.550996e+01 -7.842486e-03 
 3.551036e+01 -7.814873e-03 
 3.551076e+01 -7.787357e-03 
 3.551116e+01 -7.759949e-03 
 3.551156e+01 -7.732740e-03 
 3.551195e+01 -7.705910e-03 
 3.551235e+01 -7.679635e-03 
 3.551275e+01 -7.654132e-03 
 3.551315e+01 -7.629550e-03 
 3.551354e+01 -7.606007e-03 
 3.551394e+01 -7.583629e-03 
 3.551434e+01 -7.562436e-03 
 3.551474e+01 -7.542405e-03 
 3.551513e+01 -7.523546e-03 
 3.551553e+01 -7.505857e-03 
 3.551593e+01 -7.489327e-03 
 3.551633e+01 -7.474009e-03 
 3.551673e+01 -7.459946e-03 
 3.551712e+01 -7.447119e-03 
 3.551752e+01 -7.435515e-03 
 3.551792e+01 -7.425103e-03 
 3.551832e+01 -7.415889e-03 
 3.551871e+01 -7.407818e-03 
 3.551911e+01 -7.400788e-03 
 3.551951e+01 -7.394729e-03 
 3.551991e+01 -7.389611e-03 
 3.552030e+01 -7.385379e-03 
 3.552070e+01 -7.381963e-03 
 3.552110e+01 -7.379328e-03 
 3.552150e+01 -7.377424e-03 
 3.552190e+01 -7.376193e-03 
 3.552229e+01 -7.375618e-03 
 3.552269e+01 -7.375619e-03 
 3.552309e+01 -7.376121e-03 
 3.552349e+01 -7.377039e-03 
 3.552388e+01 -7.378290e-03 
 3.552428e+01 -7.379764e-03 
 3.552468e+01 -7.381405e-03 
 3.552508e+01 -7.383177e-03 
 3.552547e+01 -7.385028e-03 
 3.552587e+01 -7.387012e-03 
 3.552627e+01 -7.389157e-03 
 3.552667e+01 -7.391454e-03 
 3.552707e+01 -7.393929e-03 
 3.552746e+01 -7.396586e-03 
 3.552786e+01 -7.399447e-03 
 3.552826e+01 -7.402526e-03 
 3.552866e+01 -7.405829e-03 
 3.552905e+01 -7.409378e-03 
 3.552945e+01 -7.413242e-03 
 3.552985e+01 -7.417512e-03 
 3.553025e+01 -7.422258e-03 
 3.553064e+01 -7.427525e-03 
 3.553104e+01 -7.433304e-03 
 3.553144e+01 -7.439573e-03 
 3.553184e+01 -7.446326e-03 
 3.553224e+01 -7.453540e-03 
 3.553263e+01 -7.461149e-03 
 3.553303e+01 -7.469088e-03 
 3.553343e+01 -7.477261e-03 
 3.553383e+01 -7.485596e-03 
 3.553422e+01 -7.494008e-03 
 3.553462e+01 -7.502435e-03 
 3.553502e+01 -7.510839e-03 
 3.553542e+01 -7.519262e-03 
 3.553581e+01 -7.527731e-03 
 3.553621e+01 -7.536321e-03 
 3.553661e+01 -7.545127e-03 
 3.553701e+01 -7.554240e-03 
 3.553741e+01 -7.563697e-03 
 3.553780e+01 -7.573557e-03 
 3.553820e+01 -7.583905e-03 
 3.553860e+01 -7.594819e-03 
 3.553900e+01 -7.606300e-03 
 3.553939e+01 -7.618385e-03 
 3.553979e+01 -7.631090e-03 
 3.554019e+01 -7.644416e-03 
 3.554059e+01 -7.658356e-03 
 3.554098e+01 -7.672875e-03 
 3.554138e+01 -7.687855e-03 
 3.554178e+01 -7.703222e-03 
 3.554218e+01 -7.718926e-03 
 3.554258e+01 -7.734922e-03 
 3.554297e+01 -7.751211e-03 
 3.554337e+01 -7.767852e-03 
 3.554377e+01 -7.784874e-03 
 3.554417e+01 -7.802305e-03 
 3.554456e+01 -7.820163e-03 
 3.554496e+01 -7.838437e-03 
 3.554536e+01 -7.857133e-03 
 3.554576e+01 -7.876161e-03 
 3.554615e+01 -7.895428e-03 
 3.554655e+01 -7.914839e-03 
 3.554695e+01 -7.934235e-03 
 3.554735e+01 -7.953449e-03 
 3.554775e+01 -7.972345e-03 
 3.554814e+01 -7.990792e-03 
 3.554854e+01 -8.008653e-03 
 3.554894e+01 -8.025799e-03 
 3.554934e+01 -8.042223e-03 
 3.554973e+01 -8.057868e-03 
 3.555013e+01 -8.072709e-03 
 3.555053e+01 -8.086734e-03 
 3.555093e+01 -8.099960e-03 
 3.555132e+01 -8.112474e-03 
 3.555172e+01 -8.124423e-03 
 3.555212e+01 -8.135983e-03 
 3.555252e+01 -8.147330e-03 
 3.555292e+01 -8.158646e-03 
 3.555331e+01 -8.170100e-03 
 3.555371e+01 -8.181800e-03 
 3.555411e+01 -8.193845e-03 
 3.555451e+01 -8.206228e-03 
 3.555490e+01 -8.218906e-03 
 3.555530e+01 -8.231841e-03 
 3.555570e+01 -8.244997e-03 
 3.555610e+01 -8.258297e-03 
 3.555649e+01 -8.271689e-03 
 3.555689e+01 -8.285160e-03 
 3.555729e+01 -8.298739e-03 
 3.555769e+01 -8.312355e-03 
 3.555809e+01 -8.325951e-03 
 3.555848e+01 -8.339462e-03 
 3.555888e+01 -8.352820e-03 
 3.555928e+01 -8.365942e-03 
 3.555968e+01 -8.378722e-03 
 3.556007e+01 -8.391121e-03 
 3.556047e+01 -8.403091e-03 
 3.556087e+01 -8.414535e-03 
 3.556127e+01 -8.425373e-03 
 3.556166e+01 -8.435529e-03 
 3.556206e+01 -8.444881e-03 
 3.556246e+01 -8.453304e-03 
 3.556286e+01 -8.460675e-03 
 3.556326e+01 -8.466921e-03 
 3.556365e+01 -8.472047e-03 
 3.556405e+01 -8.476032e-03 
 3.556445e+01 -8.478866e-03 
 3.556485e+01 -8.480540e-03 
 3.556524e+01 -8.481037e-03 
 3.556564e+01 -8.480362e-03 
 3.556604e+01 -8.478530e-03 
 3.556644e+01 -8.475624e-03 
 3.556683e+01 -8.471759e-03 
 3.556723e+01 -8.467105e-03 
 3.556763e+01 -8.461818e-03 
 3.556803e+01 -8.456053e-03 
 3.556843e+01 -8.449872e-03 
 3.556882e+01 -8.443388e-03 
 3.556922e+01 -8.436659e-03 
 3.556962e+01 -8.429796e-03 
 3.557002e+01 -8.422907e-03 
 3.557041e+01 -8.416033e-03 
 3.557081e+01 -8.409222e-03 
 3.557121e+01 -8.402528e-03 
 3.557161e+01 -8.396030e-03 
 3.557200e+01 -8.389688e-03 
 3.557240e+01 -8.383559e-03 
 3.557280e+01 -8.377562e-03 
 3.557320e+01 -8.371712e-03 
 3.557360e+01 -8.365969e-03 
 3.557399e+01 -8.360238e-03 
 3.557439e+01 -8.354438e-03 
 3.557479e+01 -8.348381e-03 
 3.557519e+01 -8.341948e-03 
 3.557558e+01 -8.335028e-03 
 3.557598e+01 -8.327599e-03 
 3.557638e+01 -8.319638e-03 
 3.557678e+01 -8.311092e-03 
 3.557717e+01 -8.301953e-03 
 3.557757e+01 -8.292181e-03 
 3.557797e+01 -8.281699e-03 
 3.557837e+01 -8.270427e-03 
 3.557877e+01 -8.258318e-03 
 3.557916e+01 -8.245319e-03 
 3.557956e+01 -8.231373e-03 
 3.557996e+01 -8.216442e-03 
 3.558036e+01 -8.200510e-03 
 3.558075e+01 -8.183527e-03 
 3.558115e+01 -8.165431e-03 
 3.558155e+01 -8.146142e-03 
 3.558195e+01 -8.125656e-03 
 3.558234e+01 -8.103958e-03 
 3.558274e+01 -8.081090e-03 
 3.558314e+01 -8.057127e-03 
 3.558354e+01 -8.032156e-03 
 3.558394e+01 -8.006329e-03 
 3.558433e+01 -7.979779e-03 
 3.558473e+01 -7.952593e-03 
 3.558513e+01 -7.924819e-03 
 3.558553e+01 -7.896510e-03 
 3.558592e+01 -7.867636e-03 
 3.558632e+01 -7.838144e-03 
 3.558672e+01 -7.808015e-03 
 3.558712e+01 -7.777243e-03 
 3.558751e+01 -7.745827e-03 
 3.558791e+01 -7.713700e-03 
 3.558831e+01 -7.680855e-03 
 3.558871e+01 -7.647300e-03 
 3.558911e+01 -7.613066e-03 
 3.558950e+01 -7.578197e-03 
 3.558990e+01 -7.542765e-03 
 3.559030e+01 -7.506834e-03 
 3.559070e+01 -7.470456e-03 
 3.559109e+01 -7.433741e-03 
 3.559149e+01 -7.396786e-03 
 3.559189e+01 -7.359715e-03 
 3.559229e+01 -7.322717e-03 
 3.559268e+01 -7.285923e-03 
 3.559308e+01 -7.249563e-03 
 3.559348e+01 -7.213821e-03 
 3.559388e+01 -7.178849e-03 
 3.559428e+01 -7.144703e-03 
 3.559467e+01 -7.111480e-03 
 3.559507e+01 -7.079209e-03 
 3.559547e+01 -7.047933e-03 
 3.559587e+01 -7.017697e-03 
 3.559626e+01 -6.988501e-03 
 3.559666e+01 -6.960312e-03 
 3.559706e+01 -6.933085e-03 
 3.559746e+01 -6.906725e-03 
 3.559785e+01 -6.881161e-03 
 3.559825e+01 -6.856337e-03 
 3.559865e+01 -6.832201e-03 
 3.559905e+01 -6.808736e-03 
 3.559945e+01 -6.785941e-03 
 3.559984e+01 -6.763762e-03 
 3.560024e+01 -6.742107e-03 
 3.560064e+01 -6.720879e-03 
 3.560104e+01 -6.699928e-03 
 3.560143e+01 -6.679070e-03 
 3.560183e+01 -6.658130e-03 
 3.560223e+01 -6.636945e-03 
 3.560263e+01 -6.615435e-03 
 3.560303e+01 -6.593459e-03 
 3.560342e+01 -6.570882e-03 
 3.560382e+01 -6.547594e-03 
 3.560422e+01 -6.523586e-03 
 3.560462e+01 -6.498821e-03 
 3.560501e+01 -6.473319e-03 
 3.560541e+01 -6.447212e-03 
 3.560581e+01 -6.420569e-03 
 3.560621e+01 -6.393506e-03 
 3.560660e+01 -6.366138e-03 
 3.560700e+01 -6.338613e-03 
 3.560740e+01 -6.311124e-03 
 3.560780e+01 -6.283772e-03 
 3.560820e+01 -6.256711e-03 
 3.560859e+01 -6.230044e-03 
 3.560899e+01 -6.203904e-03 
 3.560939e+01 -6.178396e-03 
 3.560979e+01 -6.153614e-03 
 3.561018e+01 -6.129557e-03 
 3.561058e+01 -6.106333e-03 
 3.561098e+01 -6.083998e-03 
 3.561138e+01 -6.062576e-03 
 3.561177e+01 -6.042116e-03 
 3.561217e+01 -6.022637e-03 
 3.561257e+01 -6.004127e-03 
 3.561297e+01 -5.986528e-03 
 3.561337e+01 -5.969796e-03 
 3.561376e+01 -5.953807e-03 
 3.561416e+01 -5.938478e-03 
 3.561456e+01 -5.923728e-03 
 3.561496e+01 -5.909512e-03 
 3.561535e+01 -5.895888e-03 
 3.561575e+01 -5.882930e-03 
 3.561615e+01 -5.870632e-03 
 3.561655e+01 -5.858953e-03 
 3.561694e+01 -5.847797e-03 
 3.561734e+01 -5.837054e-03 
 3.561774e+01 -5.826577e-03 
 3.561814e+01 -5.816272e-03 
 3.561854e+01 -5.805998e-03 
 3.561893e+01 -5.795656e-03 
 3.561933e+01 -5.785202e-03 
 3.561973e+01 -5.774594e-03 
 3.562013e+01 -5.763857e-03 
 3.562052e+01 -5.753017e-03 
 3.562092e+01 -5.742028e-03 
 3.562132e+01 -5.730923e-03 
 3.562172e+01 -5.719736e-03 
 3.562211e+01 -5.708502e-03 
 3.562251e+01 -5.697283e-03 
 3.562291e+01 -5.686225e-03 
 3.562331e+01 -5.675442e-03 
 3.562371e+01 -5.665078e-03 
 3.562410e+01 -5.655304e-03 
 3.562450e+01 -5.646263e-03 
 3.562490e+01 -5.638053e-03 
 3.562530e+01 -5.630695e-03 
 3.562569e+01 -5.624207e-03 
 3.562609e+01 -5.618558e-03 
 3.562649e+01 -5.613755e-03 
 3.562689e+01 -5.609754e-03 
 3.562728e+01 -5.606531e-03 
 3.562768e+01 -5.604085e-03 
 3.562808e+01 -5.602404e-03 
 3.562848e+01 -5.601448e-03 
 3.562888e+01 -5.601225e-03 
 3.562927e+01 -5.601680e-03 
 3.562967e+01 -5.602778e-03 
 3.563007e+01 -5.604450e-03 
 3.563047e+01 -5.606679e-03 
 3.563086e+01 -5.609426e-03 
 3.563126e+01 -5.612652e-03 
 3.563166e+01 -5.616234e-03 
 3.563206e+01 -5.620070e-03 
 3.563245e+01 -5.624131e-03 
 3.563285e+01 -5.628381e-03 
 3.563325e+01 -5.632798e-03 
 3.563365e+01 -5.637388e-03 
 3.563405e+01 -5.642145e-03 
 3.563444e+01 -5.647048e-03 
 3.563484e+01 -5.652093e-03 
 3.563524e+01 -5.657242e-03 
 3.563564e+01 -5.662465e-03 
 3.563603e+01 -5.667748e-03 
 3.563643e+01 -5.673127e-03 
 3.563683e+01 -5.678649e-03 
 3.563723e+01 -5.684335e-03 
 3.563762e+01 -5.690264e-03 
 3.563802e+01 -5.696508e-03 
 3.563842e+01 -5.703040e-03 
 3.563882e+01 -5.709862e-03 
 3.563922e+01 -5.717016e-03 
 3.563961e+01 -5.724511e-03 
 3.564001e+01 -5.732397e-03 
 3.564041e+01 -5.740703e-03 
 3.564081e+01 -5.749440e-03 
 3.564120e+01 -5.758542e-03 
 3.564160e+01 -5.767967e-03 
 3.564200e+01 -5.777693e-03 
 3.564240e+01 -5.787648e-03 
 3.564279e+01 -5.797793e-03 
 3.564319e+01 -5.808041e-03 
 3.564359e+01 -5.818412e-03 
 3.564399e+01 -5.828835e-03 
 3.564439e+01 -5.839285e-03 
 3.564478e+01 -5.849796e-03 
 3.564518e+01 -5.860334e-03 
 3.564558e+01 -5.870912e-03 
 3.564598e+01 -5.881613e-03 
 3.564637e+01 -5.892630e-03 
 3.564677e+01 -5.904045e-03 
 3.564717e+01 -5.916070e-03 
 3.564757e+01 -5.928830e-03 
 3.564796e+01 -5.942406e-03 
 3.564836e+01 -5.956848e-03 
 3.564876e+01 -5.972171e-03 
 3.564916e+01 -5.988334e-03 
 3.564956e+01 -6.005277e-03 
 3.564995e+01 -6.022964e-03 
 3.565035e+01 -6.041353e-03 
 3.565075e+01 -6.060396e-03 
 3.565115e+01 -6.080084e-03 
 3.565154e+01 -6.100352e-03 
 3.565194e+01 -6.121109e-03 
 3.565234e+01 -6.142236e-03 
 3.565274e+01 -6.163672e-03 
 3.565313e+01 -6.185324e-03 
 3.565353e+01 -6.207081e-03 
 3.565393e+01 -6.228846e-03 
 3.565433e+01 -6.250538e-03 
 3.565473e+01 -6.272063e-03 
 3.565512e+01 -6.293228e-03 
 3.565552e+01 -6.313928e-03 
 3.565592e+01 -6.334037e-03 
 3.565632e+01 -6.353416e-03 
 3.565671e+01 -6.372055e-03 
 3.565711e+01 -6.389851e-03 
 3.565751e+01 -6.406650e-03 
 3.565791e+01 -6.422330e-03 
 3.565830e+01 -6.436714e-03 
 3.565870e+01 -6.449670e-03 
 3.565910e+01 -6.461099e-03 
 3.565950e+01 -6.471007e-03 
 3.565990e+01 -6.479442e-03 
 3.566029e+01 -6.486464e-03 
 3.566069e+01 -6.492126e-03 
 3.566109e+01 -6.496490e-03 
 3.566149e+01 -6.499661e-03 
 3.566188e+01 -6.501710e-03 
 3.566228e+01 -6.502794e-03 
 3.566268e+01 -6.503040e-03 
 3.566308e+01 -6.502594e-03 
 3.566347e+01 -6.501627e-03 
 3.566387e+01 -6.500311e-03 
 3.566427e+01 -6.498718e-03 
 3.566467e+01 -6.496854e-03 
 3.566507e+01 -6.494719e-03 
 3.566546e+01 -6.492277e-03 
 3.566586e+01 -6.489539e-03 
 3.566626e+01 -6.486542e-03 
 3.566666e+01 -6.483281e-03 
 3.566705e+01 -6.479750e-03 
 3.566745e+01 -6.475916e-03 
 3.566785e+01 -6.471782e-03 
 3.566825e+01 -6.467341e-03 
 3.566864e+01 -6.462588e-03 
 3.566904e+01 -6.457544e-03 
 3.566944e+01 -6.452196e-03 
 3.566984e+01 -6.446472e-03 
 3.567024e+01 -6.440316e-03 
 3.567063e+01 -6.433658e-03 
 3.567103e+01 -6.426340e-03 
 3.567143e+01 -6.418237e-03 
 3.567183e+01 -6.409257e-03 
 3.567222e+01 -6.399261e-03 
 3.567262e+01 -6.388200e-03 
 3.567302e+01 -6.376014e-03 
 3.567342e+01 -6.362603e-03 
 3.567381e+01 -6.347864e-03 
 3.567421e+01 -6.331781e-03 
 3.567461e+01 -6.314368e-03 
 3.567501e+01 -6.295647e-03 
 3.567541e+01 -6.275711e-03 
 3.567580e+01 -6.254602e-03 
 3.567620e+01 -6.232372e-03 
 3.567660e+01 -6.209087e-03 
 3.567700e+01 -6.184818e-03 
 3.567739e+01 -6.159596e-03 
 3.567779e+01 -6.133495e-03 
 3.567819e+01 -6.106661e-03 
 3.567859e+01 -6.079282e-03 
 3.567898e+01 -6.051532e-03 
 3.567938e+01 -6.023522e-03 
 3.567978e+01 -5.995384e-03 
 3.568018e+01 -5.967241e-03 
 3.568058e+01 -5.939022e-03 
 3.568097e+01 -5.910773e-03 
 3.568137e+01 -5.882496e-03 
 3.568177e+01 -5.854179e-03 
 3.568217e+01 -5.825781e-03 
 3.568256e+01 -5.797252e-03 
 3.568296e+01 -5.768559e-03 
 3.568336e+01 -5.739615e-03 
 3.568376e+01 -5.710413e-03 
 3.568415e+01 -5.680885e-03 
 3.568455e+01 -5.651051e-03 
 3.568495e+01 -5.620963e-03 
 3.568535e+01 -5.590700e-03 
 3.568575e+01 -5.560357e-03 
 3.568614e+01 -5.529918e-03 
 3.568654e+01 -5.499449e-03 
 3.568694e+01 -5.468938e-03 
 3.568734e+01 -5.438356e-03 
 3.568773e+01 -5.407759e-03 
 3.568813e+01 -5.377169e-03 
 3.568853e+01 -5.346647e-03 
 3.568893e+01 -5.316211e-03 
 3.568932e+01 -5.285889e-03 
 3.568972e+01 -5.255715e-03 
 3.569012e+01 -5.225709e-03 
 3.569052e+01 -5.195889e-03 
 3.569092e+01 -5.166288e-03 
 3.569131e+01 -5.136951e-03 
 3.569171e+01 -5.107909e-03 
 3.569211e+01 -5.079170e-03 
 3.569251e+01 -5.050805e-03 
 3.569290e+01 -5.022839e-03 
 3.569330e+01 -4.995266e-03 
 3.569370e+01 -4.968076e-03 
 3.569410e+01 -4.941247e-03 
 3.569449e+01 -4.914756e-03 
 3.569489e+01 -4.888603e-03 
 3.569529e+01 -4.862760e-03 
 3.569569e+01 -4.837201e-03 
 3.569609e+01 -4.811934e-03 
 3.569648e+01 -4.786921e-03 
 3.569688e+01 -4.762126e-03 
 3.569728e+01 -4.737507e-03 
 3.569768e+01 -4.713058e-03 
 3.569807e+01 -4.688698e-03 
 3.569847e+01 -4.664433e-03 
 3.569887e+01 -4.640241e-03 
 3.569927e+01 -4.616095e-03 
 3.569967e+01 -4.592048e-03 
 3.570006e+01 -4.568156e-03 
 3.570046e+01 -4.544566e-03 
 3.570086e+01 -4.521410e-03 
 3.570126e+01 -4.498777e-03 
 3.570165e+01 -4.476826e-03 
 3.570205e+01 -4.455641e-03 
 3.570245e+01 -4.435299e-03 
 3.570285e+01 -4.415901e-03 
 3.570324e+01 -4.397526e-03 
 3.570364e+01 -4.380189e-03 
 3.570404e+01 -4.363912e-03 
 3.570444e+01 -4.348667e-03 
 3.570484e+01 -4.334385e-03 
 3.570523e+01 -4.320999e-03 
 3.570563e+01 -4.308444e-03 
 3.570603e+01 -4.296689e-03 
 3.570643e+01 -4.285651e-03 
 3.570682e+01 -4.275303e-03 
 3.570722e+01 -4.265639e-03 
 3.570762e+01 -4.256611e-03 
 3.570802e+01 -4.248090e-03 
 3.570841e+01 -4.239997e-03 
 3.570881e+01 -4.232153e-03 
 3.570921e+01 -4.224386e-03 
 3.570961e+01 -4.216600e-03 
 3.571001e+01 -4.208709e-03 
 3.571040e+01 -4.200656e-03 
 3.571080e+01 -4.192360e-03 
 3.571120e+01 -4.183688e-03 
 3.571160e+01 -4.174568e-03 
 3.571199e+01 -4.164899e-03 
 3.571239e+01 -4.154520e-03 
 3.571279e+01 -4.143372e-03 
 3.571319e+01 -4.131381e-03 
 3.571358e+01 -4.118542e-03 
 3.571398e+01 -4.104823e-03 
 3.571438e+01 -4.090215e-03 
 3.571478e+01 -4.074767e-03 
 3.571518e+01 -4.058523e-03 
 3.571557e+01 -4.041552e-03 
 3.571597e+01 -4.023945e-03 
 3.571637e+01 -4.005851e-03 
 3.571677e+01 -3.987446e-03 
 3.571716e+01 -3.968910e-03 
 3.571756e+01 -3.950420e-03 
 3.571796e+01 -3.932144e-03 
 3.571836e+01 -3.914224e-03 
 3.571875e+01 -3.896752e-03 
 3.571915e+01 -3.879807e-03 
 3.571955e+01 -3.863509e-03 
 3.571995e+01 -3.847875e-03 
 3.572035e+01 -3.833012e-03 
 3.572074e+01 -3.818967e-03 
 3.572114e+01 -3.805712e-03 
 3.572154e+01 -3.793218e-03 
 3.572194e+01 -3.781487e-03 
 3.572233e+01 -3.770527e-03 
 3.572273e+01 -3.760328e-03 
 3.572313e+01 -3.750932e-03 
 3.572353e+01 -3.742325e-03 
 3.572392e+01 -3.734525e-03 
 3.572432e+01 -3.727495e-03 
 3.572472e+01 -3.721155e-03 
 3.572512e+01 -3.715393e-03 
 3.572552e+01 -3.710071e-03 
 3.572591e+01 -3.705089e-03 
 3.572631e+01 -3.700392e-03 
 3.572671e+01 -3.695973e-03 
 3.572711e+01 -3.691783e-03 
 3.572750e+01 -3.687775e-03 
 3.572790e+01 -3.683913e-03 
 3.572830e+01 -3.680119e-03 
 3.572870e+01 -3.676311e-03 
 3.572909e+01 -3.672497e-03 
 3.572949e+01 -3.668715e-03 
 3.572989e+01 -3.664999e-03 
 3.573029e+01 -3.661454e-03 
 3.573069e+01 -3.658180e-03 
 3.573108e+01 -3.655283e-03 
 3.573148e+01 -3.652865e-03 
 3.573188e+01 -3.651081e-03 
 3.573228e+01 -3.650094e-03 
 3.573267e+01 -3.650048e-03 
 3.573307e+01 -3.651050e-03 
 3.573347e+01 -3.653225e-03 
 3.573387e+01 -3.656708e-03 
 3.573426e+01 -3.661544e-03 
 3.573466e+01 -3.667716e-03 
 3.573506e+01 -3.675213e-03 
 3.573546e+01 -3.684033e-03 
 3.573586e+01 -3.694058e-03 
 3.573625e+01 -3.705239e-03 
 3.573665e+01 -3.717521e-03 
 3.573705e+01 -3.730840e-03 
 3.573745e+01 -3.745034e-03 
 3.573784e+01 -3.760008e-03 
 3.573824e+01 -3.775647e-03 
 3.573864e+01 -3.791858e-03 
 3.573904e+01 -3.808575e-03 
 3.573943e+01 -3.825761e-03 
 3.573983e+01 -3.843303e-03 
 3.574023e+01 -3.861195e-03 
 3.574063e+01 -3.879380e-03 
 3.574103e+01 -3.897760e-03 
 3.574142e+01 -3.916341e-03 
 3.574182e+01 -3.935123e-03 
 3.574222e+01 -3.954079e-03 
 3.574262e+01 -3.973240e-03 
 3.574301e+01 -3.992566e-03 
 3.574341e+01 -4.012021e-03 
 3.574381e+01 -4.031559e-03 
 3.574421e+01 -4.051141e-03 
 3.574460e+01 -4.070713e-03 
 3.574500e+01 -4.090262e-03 
 3.574540e+01 -4.109804e-03 
 3.574580e+01 -4.129275e-03 
 3.574620e+01 -4.148646e-03 
 3.574659e+01 -4.167999e-03 
 3.574699e+01 -4.187336e-03 
 3.574739e+01 -4.206670e-03 
 3.574779e+01 -4.226087e-03 
 3.574818e+01 -4.245658e-03 
 3.574858e+01 -4.265426e-03 
 3.574898e+01 -4.285457e-03 
 3.574938e+01 -4.305818e-03 
 3.574977e+01 -4.326484e-03 
 3.575017e+01 -4.347442e-03 
 3.575057e+01 -4.368578e-03 
 3.575097e+01 -4.389818e-03 
 3.575137e+01 -4.411081e-03 
 3.575176e+01 -4.432232e-03 
 3.575216e+01 -4.453170e-03 
 3.575256e+01 -4.473781e-03 
 3.575296e+01 -4.493954e-03 
 3.575335e+01 -4.513633e-03 
 3.575375e+01 -4.532736e-03 
 3.575415e+01 -4.551260e-03 
 3.575455e+01 -4.569215e-03 
 3.575494e+01 -4.586567e-03 
 3.575534e+01 -4.603337e-03 
 3.575574e+01 -4.619589e-03 
 3.575614e+01 -4.635243e-03 
 3.575654e+01 -4.650300e-03 
 3.575693e+01 -4.664796e-03 
 3.575733e+01 -4.678758e-03 
 3.575773e+01 -4.692244e-03 
 3.575813e+01 -4.705250e-03 
 3.575852e+01 -4.717820e-03 
 3.575892e+01 -4.730068e-03 
 3.575932e+01 -4.741948e-03 
 3.575972e+01 -4.753367e-03 
 3.576011e+01 -4.764272e-03 
 3.576051e+01 -4.774499e-03 
 3.576091e+01 -4.783948e-03 
 3.576131e+01 -4.792508e-03 
 3.576171e+01 -4.800065e-03 
 3.576210e+01 -4.806549e-03 
 3.576250e+01 -4.811860e-03 
 3.576290e+01 -4.815911e-03 
 3.576330e+01 -4.818646e-03 
 3.576369e+01 -4.820002e-03 
 3.576409e+01 -4.819970e-03 
 3.576449e+01 -4.818478e-03 
 3.576489e+01 -4.815484e-03 
 3.576528e+01 -4.810956e-03 
 3.576568e+01 -4.804882e-03 
 3.576608e+01 -4.797207e-03 
 3.576648e+01 -4.787827e-03 
 3.576688e+01 -4.776640e-03 
 3.576727e+01 -4.763568e-03 
 3.576767e+01 -4.748484e-03 
 3.576807e+01 -4.731357e-03 
 3.576847e+01 -4.712194e-03 
 3.576886e+01 -4.691050e-03 
 3.576926e+01 -4.667944e-03 
 3.576966e+01 -4.643023e-03 
 3.577006e+01 -4.616443e-03 
 3.577045e+01 -4.588345e-03 
 3.577085e+01 -4.558920e-03 
 3.577125e+01 -4.528319e-03 
 3.577165e+01 -4.496756e-03 
 3.577205e+01 -4.464394e-03 
 3.577244e+01 -4.431370e-03 
 3.577284e+01 -4.397883e-03 
 3.577324e+01 -4.364173e-03 
 3.577364e+01 -4.330429e-03 
 3.577403e+01 -4.296809e-03 
 3.577443e+01 -4.263510e-03 
 3.577483e+01 -4.230648e-03 
 3.577523e+01 -4.198286e-03 
 3.577562e+01 -4.166477e-03 
 3.577602e+01 -4.135224e-03 
 3.577642e+01 -4.104530e-03 
 3.577682e+01 -4.074272e-03 
 3.577722e+01 -4.044382e-03 
 3.577761e+01 -4.014796e-03 
 3.577801e+01 -3.985372e-03 
 3.577841e+01 -3.956022e-03 
 3.577881e+01 -3.926658e-03 
 3.577920e+01 -3.897213e-03 
 3.577960e+01 -3.867586e-03 
 3.578000e+01 -3.837721e-03 
 3.578040e+01 -3.807558e-03 
 3.578079e+01 -3.777056e-03 
 3.578119e+01 -3.746155e-03 
 3.578159e+01 -3.714786e-03 
 3.578199e+01 -3.682915e-03 
 3.578239e+01 -3.650494e-03 
 3.578278e+01 -3.617546e-03 
 3.578318e+01 -3.584128e-03 
 3.578358e+01 -3.550180e-03 
 3.578398e+01 -3.515733e-03 
 3.578437e+01 -3.480824e-03 
 3.578477e+01 -3.445408e-03 
 3.578517e+01 -3.409520e-03 
 3.578557e+01 -3.373268e-03 
 3.578596e+01 -3.336789e-03 
 3.578636e+01 -3.300200e-03 
 3.578676e+01 -3.263645e-03 
 3.578716e+01 -3.227291e-03 
 3.578756e+01 -3.191261e-03 
 3.578795e+01 -3.155648e-03 
 3.578835e+01 -3.120511e-03 
 3.578875e+01 -3.085924e-03 
 3.578915e+01 -3.051922e-03 
 3.578954e+01 -3.018571e-03 
 3.578994e+01 -2.985916e-03 
 3.579034e+01 -2.954022e-03 
 3.579074e+01 -2.922961e-03 
 3.579114e+01 -2.892692e-03 
 3.579153e+01 -2.863185e-03 
 3.579193e+01 -2.834412e-03 
 3.579233e+01 -2.806314e-03 
 3.579273e+01 -2.778822e-03 
 3.579312e+01 -2.751869e-03 
 3.579352e+01 -2.725414e-03 
 3.579392e+01 -2.699375e-03 
 3.579432e+01 -2.673638e-03 
 3.579471e+01 -2.648141e-03 
 3.579511e+01 -2.622804e-03 
 3.579551e+01 -2.597563e-03 
 3.579591e+01 -2.572376e-03 
 3.579631e+01 -2.547248e-03 
 3.579670e+01 -2.522212e-03 
 3.579710e+01 -2.497281e-03 
 3.579750e+01 -2.472435e-03 
 3.579790e+01 -2.447660e-03 
 3.579829e+01 -2.422870e-03 
 3.579869e+01 -2.397954e-03 
 3.579909e+01 -2.372819e-03 
 3.579949e+01 -2.347431e-03 
 3.579988e+01 -2.321743e-03 
 3.580028e+01 -2.295775e-03 
 3.580068e+01 -2.269600e-03 
 3.580108e+01 -2.243264e-03 
 3.580148e+01 -2.216786e-03 
 3.580187e+01 -2.190163e-03 
 3.580227e+01 -2.163441e-03 
 3.580267e+01 -2.136656e-03 
 3.580307e+01 -2.109888e-03 
 3.580346e+01 -2.083198e-03 
 3.580386e+01 -2.056614e-03 
 3.580426e+01 -2.030159e-03 
 3.580466e+01 -2.003855e-03 
 3.580505e+01 -1.977726e-03 
 3.580545e+01 -1.951717e-03 
 3.580585e+01 -1.925807e-03 
 3.580625e+01 -1.899950e-03 
 3.580665e+01 -1.874127e-03 
 3.580704e+01 -1.848323e-03 
 3.580744e+01 -1.822536e-03 
 3.580784e+01 -1.796766e-03 
 3.580824e+01 -1.771034e-03 
 3.580863e+01 -1.745335e-03 
 3.580903e+01 -1.719737e-03 
 3.580943e+01 -1.694324e-03 
 3.580983e+01 -1.669251e-03 
 3.581022e+01 -1.644590e-03 
 3.581062e+01 -1.620397e-03 
 3.581102e+01 -1.596710e-03 
 3.581142e+01 -1.573521e-03 
 3.581182e+01 -1.550787e-03 
 3.581221e+01 -1.528537e-03 
 3.581261e+01 -1.506804e-03 
 3.581301e+01 -1.485628e-03 
 3.581341e+01 -1.464975e-03 
 3.581380e+01 -1.444914e-03 
 3.581420e+01 -1.425409e-03 
 3.581460e+01 -1.406385e-03 
 3.581500e+01 -1.387789e-03 
 3.581539e+01 -1.369551e-03 
 3.581579e+01 -1.351577e-03 
 3.581619e+01 -1.333723e-03 
 3.581659e+01 -1.315953e-03 
 3.581699e+01 -1.298270e-03 
 3.581738e+01 -1.280631e-03 
 3.581778e+01 -1.263085e-03 
 3.581818e+01 -1.245624e-03 
 3.581858e+01 -1.228221e-03 
 3.581897e+01 -1.210865e-03 
 3.581937e+01 -1.193535e-03 
 3.581977e+01 -1.176227e-03 
 3.582017e+01 -1.158874e-03 
 3.582056e+01 -1.141399e-03 
 3.582096e+01 -1.123782e-03 
 3.582136e+01 -1.105994e-03 
 3.582176e+01 -1.087972e-03 
 3.582216e+01 -1.069698e-03 
 3.582255e+01 -1.051243e-03 
 3.582295e+01 -1.032580e-03 
 3.582335e+01 -1.013747e-03 
 3.582375e+01 -9.948205e-04 
 3.582414e+01 -9.758517e-04 
 3.582454e+01 -9.569833e-04 
 3.582494e+01 -9.384207e-04 
 3.582534e+01 -9.203064e-04 
 3.582573e+01 -9.027901e-04 
 3.582613e+01 -8.860900e-04 
 3.582653e+01 -8.704277e-04 
 3.582693e+01 -8.560300e-04 
 3.582733e+01 -8.430334e-04 
 3.582772e+01 -8.315875e-04 
 3.582812e+01 -8.218180e-04 
 3.582852e+01 -8.138280e-04 
 3.582892e+01 -8.076785e-04 
 3.582931e+01 -8.034160e-04 
 3.582971e+01 -8.010294e-04 
 3.583011e+01 -8.004910e-04 
 3.583051e+01 -8.017090e-04 
 3.583090e+01 -8.045459e-04 
 3.583130e+01 -8.089226e-04 
 3.583170e+01 -8.147420e-04 
 3.583210e+01 -8.218605e-04 
 3.583250e+01 -8.301650e-04 
 3.583289e+01 -8.395552e-04 
 3.583329e+01 -8.499172e-04 
 3.583369e+01 -8.611762e-04 
 3.583409e+01 -8.732665e-04 
 3.583448e+01 -8.861446e-04 
 3.583488e+01 -8.997673e-04 
 3.583528e+01 -9.140429e-04 
 3.583568e+01 -9.289679e-04 
 3.583607e+01 -9.444559e-04 
 3.583647e+01 -9.603837e-04 
 3.583687e+01 -9.766833e-04 
 3.583727e+01 -9.932858e-04 
 3.583767e+01 -1.010083e-03 
 3.583806e+01 -1.026960e-03 
 3.583846e+01 -1.043881e-03 
 3.583886e+01 -1.060797e-03 
 3.583926e+01 -1.077629e-03 
 3.583965e+01 -1.094369e-03 
 3.584005e+01 -1.111048e-03 
 3.584045e+01 -1.127647e-03 
 3.584085e+01 -1.144257e-03 
 3.584124e+01 -1.161000e-03 
 3.584164e+01 -1.177944e-03 
 3.584204e+01 -1.195239e-03 
 3.584244e+01 -1.212961e-03 
 3.584284e+01 -1.231200e-03 
 3.584323e+01 -1.250052e-03 
 3.584363e+01 -1.269496e-03 
 3.584403e+01 -1.289591e-03 
 3.584443e+01 -1.310374e-03 
 3.584482e+01 -1.331853e-03 
 3.584522e+01 -1.353970e-03 
 3.584562e+01 -1.376653e-03 
 3.584602e+01 -1.399826e-03 
 3.584641e+01 -1.423311e-03 
 3.584681e+01 -1.446994e-03 
 3.584721e+01 -1.470680e-03 
 3.584761e+01 -1.494206e-03 
 3.584801e+01 -1.517416e-03 
 3.584840e+01 -1.540225e-03 
 3.584880e+01 -1.562586e-03 
 3.584920e+01 -1.584415e-03 
 3.584960e+01 -1.605621e-03 
 3.584999e+01 -1.626159e-03 
 3.585039e+01 -1.646058e-03 
 3.585079e+01 -1.665345e-03 
 3.585119e+01 -1.684011e-03 
 3.585158e+01 -1.702107e-03 
 3.585198e+01 -1.719684e-03 
 3.585238e+01 -1.736725e-03 
 3.585278e+01 -1.753195e-03 
 3.585318e+01 -1.769094e-03 
 3.585357e+01 -1.784372e-03 
 3.585397e+01 -1.798942e-03 
 3.585437e+01 -1.812784e-03 
 3.585477e+01 -1.825893e-03 
 3.585516e+01 -1.838271e-03 
 3.585556e+01 -1.849849e-03 
 3.585596e+01 -1.860719e-03 
 3.585636e+01 -1.870901e-03 
 3.585675e+01 -1.880406e-03 
 3.585715e+01 -1.889222e-03 
 3.585755e+01 -1.897361e-03 
 3.585795e+01 -1.904777e-03 
 3.585835e+01 -1.911493e-03 
 3.585874e+01 -1.917572e-03 
 3.585914e+01 -1.923068e-03 
 3.585954e+01 -1.927963e-03 
 3.585994e+01 -1.932288e-03 
 3.586033e+01 -1.936029e-03 
 3.586073e+01 -1.939132e-03 
 3.586113e+01 -1.941546e-03 
 3.586153e+01 -1.943163e-03 
 3.586192e+01 -1.943901e-03 
 3.586232e+01 -1.943616e-03 
 3.586272e+01 -1.942175e-03 
 3.586312e+01 -1.939555e-03 
 3.586352e+01 -1.935651e-03 
 3.586391e+01 -1.930442e-03 
 3.586431e+01 -1.923917e-03 
 3.586471e+01 -1.916090e-03 
 3.586511e+01 -1.907035e-03 
 3.586550e+01 -1.896784e-03 
 3.586590e+01 -1.885433e-03 
 3.586630e+01 -1.873096e-03 
 3.586670e+01 -1.859880e-03 
 3.586709e+01 -1.845836e-03 
 3.586749e+01 -1.831070e-03 
 3.586789e+01 -1.815696e-03 
 3.586829e+01 -1.799727e-03 
 3.586869e+01 -1.783278e-03 
 3.586908e+01 -1.766363e-03 
 3.586948e+01 -1.749004e-03 
 3.586988e+01 -1.731237e-03 
 3.587028e+01 -1.713121e-03 
 3.587067e+01 -1.694684e-03 
 3.587107e+01 -1.675942e-03 
 3.587147e+01 -1.656856e-03 
 3.587187e+01 -1.637363e-03 
 3.587226e+01 -1.617395e-03 
 3.587266e+01 -1.596872e-03 
 3.587306e+01 -1.575732e-03 
 3.587346e+01 -1.553938e-03 
 3.587386e+01 -1.531462e-03 
 3.587425e+01 -1.508235e-03 
 3.587465e+01 -1.484160e-03 
 3.587505e+01 -1.459166e-03 
 3.587545e+01 -1.433129e-03 
 3.587584e+01 -1.406001e-03 
 3.587624e+01 -1.377790e-03 
 3.587664e+01 -1.348493e-03 
 3.587704e+01 -1.318132e-03 
 3.587743e+01 -1.286812e-03 
 3.587783e+01 -1.254606e-03 
 3.587823e+01 -1.221582e-03 
 3.587863e+01 -1.187717e-03 
 3.587903e+01 -1.152995e-03 
 3.587942e+01 -1.117461e-03 
 3.587982e+01 -1.081171e-03 
 3.588022e+01 -1.044264e-03 
 3.588062e+01 -1.006962e-03 
 3.588101e+01 -9.694578e-04 
 3.588141e+01 -9.319548e-04 
 3.588181e+01 -8.946422e-04 
 3.588221e+01 -8.576464e-04 
 3.588261e+01 -8.211515e-04 
 3.588300e+01 -7.852244e-04 
 3.588340e+01 -7.499349e-04 
 3.588380e+01 -7.154051e-04 
 3.588420e+01 -6.816926e-04 
 3.588459e+01 -6.488056e-04 
 3.588499e+01 -6.167851e-04 
 3.588539e+01 -5.856726e-04 
 3.588579e+01 -5.553918e-04 
 3.588618e+01 -5.259049e-04 
 3.588658e+01 -4.971755e-04 
 3.588698e+01 -4.691605e-04 
 3.588738e+01 -4.418067e-04 
 3.588778e+01 -4.150030e-04 
 3.588817e+01 -3.886586e-04 
 3.588857e+01 -3.626508e-04 
 3.588897e+01 -3.367540e-04 
 3.588937e+01 -3.108508e-04 
 3.588976e+01 -2.848418e-04 
 3.589016e+01 -2.586602e-04 
 3.589056e+01 -2.322329e-04 
 3.589096e+01 -2.055150e-04 
 3.589135e+01 -1.784949e-04 
 3.589175e+01 -1.510729e-04 
 3.589215e+01 -1.232188e-04 
 3.589255e+01 -9.489938e-05 
 3.589295e+01 -6.602088e-05 
 3.589334e+01 -3.648641e-05 
 3.589374e+01 -6.277901e-06 
 3.589414e+01  2.463356e-05 
 3.589454e+01  5.623629e-05 
 3.589493e+01  8.850971e-05 
 3.589533e+01  1.214250e-04 
 3.589573e+01  1.549026e-04 
 3.589613e+01  1.888921e-04 
 3.589652e+01  2.232468e-04 
 3.589692e+01  2.578119e-04 
 3.589732e+01  2.924423e-04 
 3.589772e+01  3.269859e-04 
 3.589812e+01  3.613630e-04 
 3.589851e+01  3.953890e-04 
 3.589891e+01  4.290746e-04 
 3.589931e+01  4.624012e-04 
 3.589971e+01  4.953203e-04 
 3.590010e+01  5.278684e-04 
 3.590050e+01  5.601328e-04 
 3.590090e+01  5.921967e-04 
 3.590130e+01  6.241710e-04 
 3.590169e+01  6.562076e-04 
 3.590209e+01  6.884092e-04 
 3.590249e+01  7.207643e-04 
 3.590289e+01  7.532780e-04 
 3.590329e+01  7.859581e-04 
 3.590368e+01  8.187676e-04 
 3.590408e+01  8.516306e-04 
 3.590448e+01  8.845412e-04 
 3.590488e+01  9.174494e-04 
 3.590527e+01  9.503697e-04 
 3.590567e+01  9.832825e-04 
 3.590607e+01  1.016152e-03 
 3.590647e+01  1.048957e-03 
 3.590686e+01  1.081620e-03 
 3.590726e+01  1.114064e-03 
 3.590766e+01  1.146283e-03 
 3.590806e+01  1.178271e-03 
 3.590846e+01  1.210026e-03 
 3.590885e+01  1.241530e-03 
 3.590925e+01  1.272770e-03 
 3.590965e+01  1.303713e-03 
 3.591005e+01  1.334292e-03 
 3.591044e+01  1.364444e-03 
 3.591084e+01  1.394189e-03 
 3.591124e+01  1.423437e-03 
 3.591164e+01  1.452168e-03 
 3.591203e+01  1.480324e-03 
 3.591243e+01  1.507786e-03 
 3.591283e+01  1.534506e-03 
 3.591323e+01  1.560393e-03 
 3.591363e+01  1.585406e-03 
 3.591402e+01  1.609558e-03 
 3.591442e+01  1.632861e-03 
 3.591482e+01  1.655449e-03 
 3.591522e+01  1.677400e-03 
 3.591561e+01  1.698839e-03 
 3.591601e+01  1.719909e-03 
 3.591641e+01  1.740728e-03 
 3.591681e+01  1.761457e-03 
 3.591720e+01  1.782189e-03 
 3.591760e+01  1.803123e-03 
 3.591800e+01  1.824299e-03 
 3.591840e+01  1.845827e-03 
 3.591880e+01  1.867729e-03 
 3.591919e+01  1.890021e-03 
 3.591959e+01  1.912686e-03 
 3.591999e+01  1.935635e-03 
 3.592039e+01  1.958851e-03 
 3.592078e+01  1.982197e-03 
 3.592118e+01  2.005570e-03 
 3.592158e+01  2.028809e-03 
 3.592198e+01  2.051719e-03 
 3.592237e+01  2.074195e-03 
 3.592277e+01  2.096131e-03 
 3.592317e+01  2.117403e-03 
 3.592357e+01  2.137892e-03 
 3.592397e+01  2.157468e-03 
 3.592436e+01  2.176042e-03 
 3.592476e+01  2.193507e-03 
 3.592516e+01  2.209802e-03 
 3.592556e+01  2.224924e-03 
 3.592595e+01  2.238824e-03 
 3.592635e+01  2.251514e-03 
 3.592675e+01  2.263114e-03 
 3.592715e+01  2.273742e-03 
 3.592754e+01  2.283412e-03 
 3.592794e+01  2.292127e-03 
 3.592834e+01  2.299899e-03 
 3.592874e+01  2.306653e-03 
 3.592914e+01  2.312347e-03 
 3.592953e+01  2.317037e-03 
 3.592993e+01  2.320719e-03 
 3.593033e+01  2.323455e-03 
 3.593073e+01  2.325358e-03 
 3.593112e+01  2.326458e-03 
 3.593152e+01  2.326793e-03 
 3.593192e+01  2.326366e-03 
 3.593232e+01  2.325254e-03 
 3.593271e+01  2.323561e-03 
 3.593311e+01  2.321395e-03 
 3.593351e+01  2.318893e-03 
 3.593391e+01  2.316172e-03 
 3.593431e+01  2.313382e-03 
 3.593470e+01  2.310589e-03 
 3.593510e+01  2.307801e-03 
 3.593550e+01  2.305013e-03 
 3.593590e+01  2.302130e-03 
 3.593629e+01  2.299040e-03 
 3.593669e+01  2.295607e-03 
 3.593709e+01  2.291818e-03 
 3.593749e+01  2.287509e-03 
 3.593788e+01  2.282592e-03 
 3.593828e+01  2.277003e-03 
 3.593868e+01  2.270575e-03 
 3.593908e+01  2.263229e-03 
 3.593948e+01  2.254924e-03 
 3.593987e+01  2.245643e-03 
 3.594027e+01  2.235392e-03 
 3.594067e+01  2.224198e-03 
 3.594107e+01  2.212197e-03 
 3.594146e+01  2.199450e-03 
 3.594186e+01  2.186048e-03 
 3.594226e+01  2.172143e-03 
 3.594266e+01  2.157833e-03 
 3.594305e+01  2.143275e-03 
 3.594345e+01  2.128537e-03 
 3.594385e+01  2.113707e-03 
 3.594425e+01  2.098831e-03 
 3.594465e+01  2.084023e-03 
 3.594504e+01  2.069298e-03 
 3.594544e+01  2.054704e-03 
 3.594584e+01  2.040295e-03 
 3.594624e+01  2.026012e-03 
 3.594663e+01  2.011915e-03 
 3.594703e+01  1.998058e-03 
 3.594743e+01  1.984486e-03 
 3.594783e+01  1.971189e-03 
 3.594822e+01  1.958277e-03 
 3.594862e+01  1.945862e-03 
 3.594902e+01  1.933983e-03 
 3.594942e+01  1.922752e-03 
 3.594982e+01  1.912177e-03 
 3.595021e+01  1.902266e-03 
 3.595061e+01  1.892960e-03 
 3.595101e+01  1.884209e-03 
 3.595141e+01  1.876020e-03 
 3.595180e+01  1.868360e-03 
 3.595220e+01  1.861237e-03 
 3.595260e+01  1.854607e-03 
 3.595300e+01  1.848430e-03 
 3.595339e+01  1.842611e-03 
 3.595379e+01  1.837053e-03 
 3.595419e+01  1.831731e-03 
 3.595459e+01  1.826627e-03 
 3.595499e+01  1.821820e-03 
 3.595538e+01  1.817368e-03 
 3.595578e+01  1.813411e-03 
 3.595618e+01  1.810060e-03 
 3.595658e+01  1.807379e-03 
 3.595697e+01  1.805479e-03 
 3.595737e+01  1.804412e-03 
 3.595777e+01  1.804229e-03 
 3.595817e+01  1.805016e-03 
 3.595856e+01  1.806848e-03 
 3.595896e+01  1.809748e-03 
 3.595936e+01  1.813757e-03 
 3.595976e+01  1.818837e-03 
 3.596016e+01  1.825002e-03 
 3.596055e+01  1.832156e-03 
 3.596095e+01  1.840252e-03 
 3.596135e+01  1.849236e-03 
 3.596175e+01  1.859055e-03 
 3.596214e+01  1.869665e-03 
 3.596254e+01  1.880995e-03 
 3.596294e+01  1.892958e-03 
 3.596334e+01  1.905481e-03 
 3.596373e+01  1.918391e-03 
 3.596413e+01  1.931558e-03 
 3.596453e+01  1.944943e-03 
 3.596493e+01  1.958404e-03 
 3.596533e+01  1.971906e-03 
 3.596572e+01  1.985373e-03 
 3.596612e+01  1.998802e-03 
 3.596652e+01  2.012163e-03 
 3.596692e+01  2.025380e-03 
 3.596731e+01  2.038392e-03 
 3.596771e+01  2.051129e-03 
 3.596811e+01  2.063543e-03 
 3.596851e+01  2.075699e-03 
 3.596890e+01  2.087730e-03 
 3.596930e+01  2.099772e-03 
 3.596970e+01  2.111919e-03 
 3.597010e+01  2.124373e-03 
 3.597050e+01  2.137266e-03 
 3.597089e+01  2.150741e-03 
 3.597129e+01  2.164833e-03 
 3.597169e+01  2.179655e-03 
 3.597209e+01  2.195246e-03 
 3.597248e+01  2.211643e-03 
 3.597288e+01  2.228990e-03 
 3.597328e+01  2.247354e-03 
 3.597368e+01  2.266799e-03 
 3.597408e+01  2.287362e-03 
 3.597447e+01  2.309071e-03 
 3.597487e+01  2.331910e-03 
 3.597527e+01  2.355796e-03 
 3.597567e+01  2.380610e-03 
 3.597606e+01  2.406282e-03 
 3.597646e+01  2.432723e-03 
 3.597686e+01  2.459830e-03 
 3.597726e+01  2.487523e-03 
 3.597765e+01  2.515731e-03 
 3.597805e+01  2.544336e-03 
 3.597845e+01  2.573276e-03 
 3.597885e+01  2.602423e-03 
 3.597925e+01  2.631700e-03 
 3.597964e+01  2.660984e-03 
 3.598004e+01  2.690216e-03 
 3.598044e+01  2.719398e-03 
 3.598084e+01  2.748553e-03 
 3.598123e+01  2.777673e-03 
 3.598163e+01  2.806763e-03 
 3.598203e+01  2.835859e-03 
 3.598243e+01  2.864912e-03 
 3.598282e+01  2.893846e-03 
 3.598322e+01  2.922642e-03 
 3.598362e+01  2.951251e-03 
 3.598402e+01  2.979625e-03 
 3.598442e+01  3.007751e-03 
 3.598481e+01  3.035683e-03 
 3.598521e+01  3.063480e-03 
 3.598561e+01  3.091195e-03 
 3.598601e+01  3.118887e-03 
 3.598640e+01  3.146705e-03 
 3.598680e+01  3.174732e-03 
 3.598720e+01  3.203045e-03 
 3.598760e+01  3.231721e-03 
 3.598799e+01  3.260817e-03 
 3.598839e+01  3.290336e-03 
 3.598879e+01  3.320365e-03 
 3.598919e+01  3.350907e-03 
 3.598959e+01  3.381938e-03 
 3.598998e+01  3.413345e-03 
 3.599038e+01  3.445066e-03 
 3.599078e+01  3.477025e-03 
 3.599118e+01  3.509065e-03 
 3.599157e+01  3.541024e-03 
 3.599197e+01  3.572769e-03 
 3.599237e+01  3.604171e-03 
 3.599277e+01  3.635082e-03 
 3.599316e+01  3.665399e-03 
 3.599356e+01  3.695057e-03 
 3.599396e+01  3.723969e-03 
 3.599436e+01  3.752095e-03 
 3.599476e+01  3.779478e-03 
 3.599515e+01  3.806241e-03 
 3.599555e+01  3.832515e-03 
 3.599595e+01  3.858458e-03 
 3.599635e+01  3.884254e-03 
 3.599674e+01  3.910039e-03 
 3.599714e+01  3.935919e-03 
 3.599754e+01  3.961940e-03 
 3.599794e+01  3.988148e-03 
 3.599833e+01  4.014548e-03 
 3.599873e+01  4.041076e-03 
 3.599913e+01  4.067731e-03 
 3.599953e+01  4.094510e-03 
 3.599993e+01  4.121394e-03 
 3.600032e+01  4.148352e-03 
 3.600072e+01  4.175378e-03 
 3.600112e+01  4.202455e-03 
 3.600152e+01  4.229598e-03 
 3.600191e+01  4.256841e-03 
 3.600231e+01  4.284217e-03 
 3.600271e+01  4.311790e-03 
 3.600311e+01  4.339566e-03 
 3.600350e+01  4.367576e-03 
 3.600390e+01  4.395789e-03 
 3.600430e+01  4.424191e-03 
 3.600470e+01  4.452692e-03 
 3.600510e+01  4.481186e-03 
 3.600549e+01  4.509604e-03 
 3.600589e+01  4.537796e-03 
 3.600629e+01  4.565619e-03 
 3.600669e+01  4.592916e-03 
 3.600708e+01  4.619525e-03 
 3.600748e+01  4.645283e-03 
 3.600788e+01  4.669947e-03 
 3.600828e+01  4.693524e-03 
 3.600867e+01  4.715888e-03 
 3.600907e+01  4.737002e-03 
 3.600947e+01  4.756853e-03 
 3.600987e+01  4.775479e-03 
 3.601027e+01  4.792971e-03 
 3.601066e+01  4.809393e-03 
 3.601106e+01  4.824996e-03 
 3.601146e+01  4.839944e-03 
 3.601186e+01  4.854365e-03 
 3.601225e+01  4.868484e-03 
 3.601265e+01  4.882513e-03 
 3.601305e+01  4.896597e-03 
 3.601345e+01  4.910816e-03 
 3.601384e+01  4.925244e-03 
 3.601424e+01  4.939974e-03 
 3.601464e+01  4.954948e-03 
 3.601504e+01  4.970090e-03 
 3.601544e+01  4.985372e-03 
 3.601583e+01  5.000680e-03 
 3.601623e+01  5.015891e-03 
 3.601663e+01  5.030927e-03 
 3.601703e+01  5.045769e-03 
 3.601742e+01  5.060303e-03 
 3.601782e+01  5.074461e-03 
 3.601822e+01  5.088193e-03 
 3.601862e+01  5.101379e-03 
 3.601901e+01  5.113880e-03 
 3.601941e+01  5.125558e-03 
 3.601981e+01  5.136264e-03 
 3.602021e+01  5.145937e-03 
 3.602061e+01  5.154506e-03 
 3.602100e+01  5.161881e-03 
 3.602140e+01  5.168050e-03 
 3.602180e+01  5.172958e-03 
 3.602220e+01  5.176536e-03 
 3.602259e+01  5.178731e-03 
 3.602299e+01  5.179501e-03 
 3.602339e+01  5.178730e-03 
 3.602379e+01  5.176413e-03 
 3.602418e+01  5.172595e-03 
 3.602458e+01  5.167378e-03 
 3.602498e+01  5.160806e-03 
 3.602538e+01  5.152946e-03 
 3.602578e+01  5.143901e-03 
 3.602617e+01  5.133741e-03 
 3.602657e+01  5.122530e-03 
 3.602697e+01  5.110438e-03 
 3.602737e+01  5.097664e-03 
 3.602776e+01  5.084368e-03 
 3.602816e+01  5.070776e-03 
 3.602856e+01  5.057168e-03 
 3.602896e+01  5.043769e-03 
 3.602935e+01  5.030672e-03 
 3.602975e+01  5.017957e-03 
 3.603015e+01  5.005673e-03 
 3.603055e+01  4.993833e-03 
 3.603095e+01  4.982413e-03 
 3.603134e+01  4.971346e-03 
 3.603174e+01  4.960642e-03 
 3.603214e+01  4.950236e-03 
 3.603254e+01  4.940091e-03 
 3.603293e+01  4.930208e-03 
 3.603333e+01  4.920451e-03 
 3.603373e+01  4.910705e-03 
 3.603413e+01  4.900838e-03 
 3.603452e+01  4.890802e-03 
 3.603492e+01  4.880541e-03 
 3.603532e+01  4.869960e-03 
 3.603572e+01  4.859030e-03 
 3.603612e+01  4.847679e-03 
 3.603651e+01  4.835798e-03 
 3.603691e+01  4.823389e-03 
 3.603731e+01  4.810399e-03 
 3.603771e+01  4.796829e-03 
 3.603810e+01  4.782619e-03 
 3.603850e+01  4.767788e-03 
 3.603890e+01  4.752401e-03 
 3.603930e+01  4.736429e-03 
 3.603969e+01  4.719940e-03 
 3.604009e+01  4.702925e-03 
 3.604049e+01  4.685361e-03 
 3.604089e+01  4.667296e-03 
 3.604129e+01  4.648710e-03 
 3.604168e+01  4.629673e-03 
 3.604208e+01  4.610269e-03 
 3.604248e+01  4.590540e-03 
 3.604288e+01  4.570593e-03 
 3.604327e+01  4.550533e-03 
 3.604367e+01  4.530522e-03 
 3.604407e+01  4.510597e-03 
 3.604447e+01  4.490801e-03 
 3.604486e+01  4.471169e-03 
 3.604526e+01  4.451640e-03 
 3.604566e+01  4.432195e-03 
 3.604606e+01  4.412810e-03 
 3.604646e+01  4.393488e-03 
 3.604685e+01  4.374166e-03 
 3.604725e+01  4.354837e-03 
 3.604765e+01  4.335470e-03 
 3.604805e+01  4.316028e-03 
 3.604844e+01  4.296482e-03 
 3.604884e+01  4.276841e-03 
 3.604924e+01  4.257144e-03 
 3.604964e+01  4.237438e-03 
 3.605003e+01  4.217810e-03 
 3.605043e+01  4.198392e-03 
 3.605083e+01  4.179302e-03 
 3.605123e+01  4.160623e-03 
 3.605163e+01  4.142414e-03 
 3.605202e+01  4.124727e-03 
 3.605242e+01  4.107615e-03 
 3.605282e+01  4.091133e-03 
 3.605322e+01  4.075344e-03 
 3.605361e+01  4.060291e-03 
 3.605401e+01  4.046002e-03 
 3.605441e+01  4.032539e-03 
 3.605481e+01  4.019937e-03 
 3.605520e+01  4.008198e-03 
 3.605560e+01  3.997373e-03 
 3.605600e+01  3.987523e-03 
 3.605640e+01  3.978678e-03 
 3.605680e+01  3.970928e-03 
 3.605719e+01  3.964243e-03 
 3.605759e+01  3.958660e-03 
 3.605799e+01  3.954137e-03 
 3.605839e+01  3.950617e-03 
 3.605878e+01  3.948058e-03 
 3.605918e+01  3.946393e-03 
 3.605958e+01  3.945548e-03 
 3.605998e+01  3.945357e-03 
 3.606037e+01  3.945676e-03 
 3.606077e+01  3.946345e-03 
 3.606117e+01  3.947183e-03 
 3.606157e+01  3.947986e-03 
 3.606197e+01  3.948608e-03 
 3.606236e+01  3.948888e-03 
 3.606276e+01  3.948745e-03 
 3.606316e+01  3.948112e-03 
 3.606356e+01  3.946989e-03 
 3.606395e+01  3.945426e-03 
 3.606435e+01  3.943504e-03 
 3.606475e+01  3.941254e-03 
 3.606515e+01  3.938823e-03 
 3.606555e+01  3.936352e-03 
 3.606594e+01  3.933993e-03 
 3.606634e+01  3.931927e-03 
 3.606674e+01  3.930303e-03 
 3.606714e+01  3.929266e-03 
 3.606753e+01  3.928894e-03 
 3.606793e+01  3.929279e-03 
 3.606833e+01  3.930525e-03 
 3.606873e+01  3.932678e-03 
 3.606912e+01  3.935778e-03 
 3.606952e+01  3.939870e-03 
 3.606992e+01  3.944910e-03 
 3.607032e+01  3.950874e-03 
 3.607072e+01  3.957738e-03 
 3.607111e+01  3.965447e-03 
 3.607151e+01  3.973948e-03 
 3.607191e+01  3.983260e-03 
 3.607231e+01  3.993412e-03 
 3.607270e+01  4.004423e-03 
 3.607310e+01  4.016299e-03 
 3.607350e+01  4.029027e-03 
 3.607390e+01  4.042597e-03 
 3.607429e+01  4.056975e-03 
 3.607469e+01  4.072152e-03 
 3.607509e+01  4.088115e-03 
 3.607549e+01  4.104810e-03 
 3.607589e+01  4.122137e-03 
 3.607628e+01  4.140035e-03 
 3.607668e+01  4.158482e-03 
 3.607708e+01  4.177259e-03 
 3.607748e+01  4.196219e-03 
 3.607787e+01  4.215232e-03 
 3.607827e+01  4.234195e-03 
 3.607867e+01  4.253059e-03 
 3.607907e+01  4.271762e-03 
 3.607946e+01  4.290369e-03 
 3.607986e+01  4.308862e-03 
 3.608026e+01  4.327319e-03 
 3.608066e+01  4.345830e-03 
 3.608106e+01  4.364494e-03 
 3.608145e+01  4.383405e-03 
 3.608185e+01  4.402707e-03 
 3.608225e+01  4.422524e-03 
 3.608265e+01  4.442992e-03 
 3.608304e+01  4.464233e-03 
 3.608344e+01  4.486308e-03 
 3.608384e+01  4.509271e-03 
 3.608424e+01  4.533141e-03 
 3.608463e+01  4.557928e-03 
 3.608503e+01  4.583639e-03 
 3.608543e+01  4.610215e-03 
 3.608583e+01  4.637570e-03 
 3.608623e+01  4.665632e-03 
 3.608662e+01  4.694233e-03 
 3.608702e+01  4.723276e-03 
 3.608742e+01  4.752648e-03 
 3.608782e+01  4.782281e-03 
 3.608821e+01  4.812088e-03 
 3.608861e+01  4.841978e-03 
 3.608901e+01  4.871943e-03 
 3.608941e+01  4.901983e-03 
 3.608980e+01  4.932070e-03 
 3.609020e+01  4.962244e-03 
 3.609060e+01  4.992548e-03 
 3.609100e+01  5.023012e-03 
 3.609140e+01  5.053696e-03 
 3.609179e+01  5.084618e-03 
 3.609219e+01  5.115764e-03 
 3.609259e+01  5.147137e-03 
 3.609299e+01  5.178680e-03 
 3.609338e+01  5.210301e-03 
 3.609378e+01  5.241964e-03 
 3.609418e+01  5.273630e-03 
 3.609458e+01  5.305188e-03 
 3.609497e+01  5.336538e-03 
 3.609537e+01  5.367601e-03 
 3.609577e+01  5.398266e-03 
 3.609617e+01  5.428476e-03 
 3.609657e+01  5.458192e-03 
 3.609696e+01  5.487477e-03 
 3.609736e+01  5.516387e-03 
 3.609776e+01  5.545041e-03 
 3.609816e+01  5.573583e-03 
 3.609855e+01  5.602087e-03 
 3.609895e+01  5.630587e-03 
 3.609935e+01  5.659029e-03 
 3.609975e+01  5.687384e-03 
 3.610014e+01  5.715570e-03 
 3.610054e+01  5.743487e-03 
 3.610094e+01  5.771045e-03 
 3.610134e+01  5.798113e-03 
 3.610174e+01  5.824615e-03 
 3.610213e+01  5.850400e-03 
 3.610253e+01  5.875351e-03 
 3.610293e+01  5.899393e-03 
 3.610333e+01  5.922419e-03 
 3.610372e+01  5.944374e-03 
 3.610412e+01  5.965252e-03 
 3.610452e+01  5.985122e-03 
 3.610492e+01  6.004037e-03 
 3.610531e+01  6.022105e-03 
 3.610571e+01  6.039456e-03 
 3.610611e+01  6.056215e-03 
 3.610651e+01  6.072485e-03 
 3.610691e+01  6.088424e-03 
 3.610730e+01  6.104192e-03 
 3.610770e+01  6.119942e-03 
 3.610810e+01  6.135795e-03 
 3.610850e+01  6.151889e-03 
 3.610889e+01  6.168278e-03 
 3.610929e+01  6.185016e-03 
 3.610969e+01  6.202108e-03 
 3.611009e+01  6.219533e-03 
 3.611048e+01  6.237307e-03 
 3.611088e+01  6.255334e-03 
 3.611128e+01  6.273600e-03 
 3.611168e+01  6.292023e-03 
 3.611208e+01  6.310476e-03 
 3.611247e+01  6.328862e-03 
 3.611287e+01  6.347092e-03 
 3.611327e+01  6.365026e-03 
 3.611367e+01  6.382550e-03 
 3.611406e+01  6.399554e-03 
 3.611446e+01  6.415964e-03 
 3.611486e+01  6.431604e-03 
 3.611526e+01  6.446296e-03 
 3.611565e+01  6.459938e-03 
 3.611605e+01  6.472380e-03 
 3.611645e+01  6.483492e-03 
 3.611685e+01  6.493098e-03 
 3.611725e+01  6.501066e-03 
 3.611764e+01  6.507307e-03 
 3.611804e+01  6.511723e-03 
 3.611844e+01  6.514286e-03 
 3.611884e+01  6.515017e-03 
 3.611923e+01  6.513991e-03 
 3.611963e+01  6.511238e-03 
 3.612003e+01  6.506872e-03 
 3.612043e+01  6.501017e-03 
 3.612082e+01  6.493772e-03 
 3.612122e+01  6.485167e-03 
 3.612162e+01  6.475291e-03 
 3.612202e+01  6.464278e-03 
 3.612242e+01  6.452180e-03 
 3.612281e+01  6.439195e-03 
 3.612321e+01  6.425476e-03 
 3.612361e+01  6.411203e-03 
 3.612401e+01  6.396548e-03 
 3.612440e+01  6.381673e-03 
 3.612480e+01  6.366673e-03 
 3.612520e+01  6.351629e-03 
 3.612560e+01  6.336586e-03 
 3.612599e+01  6.321561e-03 
 3.612639e+01  6.306642e-03 
 3.612679e+01  6.291864e-03 
 3.612719e+01  6.277231e-03 
 3.612759e+01  6.262723e-03 
 3.612798e+01  6.248302e-03 
 3.612838e+01  6.233908e-03 
 3.612878e+01  6.219469e-03 
 3.612918e+01  6.204938e-03 
 3.612957e+01  6.190215e-03 
 3.612997e+01  6.175226e-03 
 3.613037e+01  6.159895e-03 
 3.613077e+01  6.144131e-03 
 3.613116e+01  6.127817e-03 
 3.613156e+01  6.110908e-03 
 3.613196e+01  6.093365e-03 
 3.613236e+01  6.075153e-03 
 3.613276e+01  6.056297e-03 
 3.613315e+01  6.036834e-03 
 3.613355e+01  6.016802e-03 
 3.613395e+01  5.996226e-03 
 3.613435e+01  5.975155e-03 
 3.613474e+01  5.953633e-03 
 3.613514e+01  5.931750e-03 
 3.613554e+01  5.909622e-03 
 3.613594e+01  5.887366e-03 
 3.613633e+01  5.865178e-03 
 3.613673e+01  5.843223e-03 
 3.613713e+01  5.821540e-03 
 3.613753e+01  5.800200e-03 
 3.613793e+01  5.779280e-03 
 3.613832e+01  5.758754e-03 
 3.613872e+01  5.738634e-03 
 3.613912e+01  5.718932e-03 
 3.613952e+01  5.699638e-03 
 3.613991e+01  5.680750e-03 
 3.614031e+01  5.662243e-03 
 3.614071e+01  5.644077e-03 
 3.614111e+01  5.626193e-03 
 3.614150e+01  5.608483e-03 
 3.614190e+01  5.590861e-03 
 3.614230e+01  5.573254e-03 
 3.614270e+01  5.555614e-03 
 3.614310e+01  5.537869e-03 
 3.614349e+01  5.519943e-03 
 3.614389e+01  5.501843e-03 
 3.614429e+01  5.483558e-03 
 3.614469e+01  5.465037e-03 
 3.614508e+01  5.446363e-03 
 3.614548e+01  5.427566e-03 
 3.614588e+01  5.408621e-03 
 3.614628e+01  5.389560e-03 
 3.614667e+01  5.370376e-03 
 3.614707e+01  5.350949e-03 
 3.614747e+01  5.331226e-03 
 3.614787e+01  5.311159e-03 
 3.614827e+01  5.290705e-03 
 3.614866e+01  5.269829e-03 
 3.614906e+01  5.248561e-03 
 3.614946e+01  5.227004e-03 
 3.614986e+01  5.205151e-03 
 3.615025e+01  5.183091e-03 
 3.615065e+01  5.160987e-03 
 3.615105e+01  5.138961e-03 
 3.615145e+01  5.117199e-03 
 3.615184e+01  5.095873e-03 
 3.615224e+01  5.075135e-03 
 3.615264e+01  5.055117e-03 
 3.615304e+01  5.035883e-03 
 3.615344e+01  5.017425e-03 
 3.615383e+01  4.999803e-03 
 3.615423e+01  4.982923e-03 
 3.615463e+01  4.966731e-03 
 3.615503e+01  4.951204e-03 
 3.615542e+01  4.936253e-03 
 3.615582e+01  4.921676e-03 
 3.615622e+01  4.907341e-03 
 3.615662e+01  4.893125e-03 
 3.615702e+01  4.878873e-03 
 3.615741e+01  4.864431e-03 
 3.615781e+01  4.849742e-03 
 3.615821e+01  4.834808e-03 
 3.615861e+01  4.819649e-03 
 3.615900e+01  4.804285e-03 
 3.615940e+01  4.788782e-03 
 3.615980e+01  4.773263e-03 
 3.616020e+01  4.757871e-03 
 3.616059e+01  4.742705e-03 
 3.616099e+01  4.727908e-03 
 3.616139e+01  4.713632e-03 
 3.616179e+01  4.699977e-03 
 3.616219e+01  4.687018e-03 
 3.616258e+01  4.674775e-03 
 3.616298e+01  4.663249e-03 
 3.616338e+01  4.652403e-03 
 3.616378e+01  4.642155e-03 
 3.616417e+01  4.632480e-03 
 3.616457e+01  4.623290e-03 
 3.616497e+01  4.614533e-03 
 3.616537e+01  4.606205e-03 
 3.616576e+01  4.598286e-03 
 3.616616e+01  4.590804e-03 
 3.616656e+01  4.583815e-03 
 3.616696e+01  4.577369e-03 
 3.616736e+01  4.571585e-03 
 3.616775e+01  4.566531e-03 
 3.616815e+01  4.562264e-03 
 3.616855e+01  4.558824e-03 
 3.616895e+01  4.556213e-03 
 3.616934e+01  4.554390e-03 
 3.616974e+01  4.553304e-03 
 3.617014e+01  4.552892e-03 
 3.617054e+01  4.553048e-03 
 3.617093e+01  4.553703e-03 
 3.617133e+01  4.554764e-03 
 3.617173e+01  4.556139e-03 
 3.617213e+01  4.557685e-03 
 3.617253e+01  4.559320e-03 
 3.617292e+01  4.560937e-03 
 3.617332e+01  4.562450e-03 
 3.617372e+01  4.563786e-03 
 3.617412e+01  4.564956e-03 
 3.617451e+01  4.566029e-03 
 3.617491e+01  4.567093e-03 
 3.617531e+01  4.568217e-03 
 3.617571e+01  4.569547e-03 
 3.617610e+01  4.571228e-03 
 3.617650e+01  4.573375e-03 
 3.617690e+01  4.576167e-03 
 3.617730e+01  4.579766e-03 
 3.617770e+01  4.584356e-03 
 3.617809e+01  4.590104e-03 
 3.617849e+01  4.597141e-03 
 3.617889e+01  4.605584e-03 
 3.617929e+01  4.615447e-03 
 3.617968e+01  4.626705e-03 
 3.618008e+01  4.639373e-03 
 3.618048e+01  4.653423e-03 
 3.618088e+01  4.668741e-03 
 3.618127e+01  4.685276e-03 
 3.618167e+01  4.702987e-03 
 3.618207e+01  4.721739e-03 
 3.618247e+01  4.741422e-03 
 3.618287e+01  4.761927e-03 
 3.618326e+01  4.783221e-03 
 3.618366e+01  4.805215e-03 
 3.618406e+01  4.827926e-03 
 3.618446e+01  4.851370e-03 
 3.618485e+01  4.875520e-03 
 3.618525e+01  4.900352e-03 
 3.618565e+01  4.925852e-03 
 3.618605e+01  4.951985e-03 
 3.618644e+01  4.978714e-03 
 3.618684e+01  5.006027e-03 
 3.618724e+01  5.033930e-03 
 3.618764e+01  5.062416e-03 
 3.618804e+01  5.091386e-03 
 3.618843e+01  5.120807e-03 
 3.618883e+01  5.150627e-03 
 3.618923e+01  5.180738e-03 
 3.618963e+01  5.211091e-03 
 3.619002e+01  5.241630e-03 
 3.619042e+01  5.272360e-03 
 3.619082e+01  5.303325e-03 
 3.619122e+01  5.334570e-03 
 3.619161e+01  5.366188e-03 
 3.619201e+01  5.398249e-03 
 3.619241e+01  5.430788e-03 
 3.619281e+01  5.463924e-03 
 3.619321e+01  5.497729e-03 
 3.619360e+01  5.532249e-03 
 3.619400e+01  5.567504e-03 
 3.619440e+01  5.603478e-03 
 3.619480e+01  5.640118e-03 
 3.619519e+01  5.677346e-03 
 3.619559e+01  5.715088e-03 
 3.619599e+01  5.753225e-03 
 3.619639e+01  5.791611e-03 
 3.619678e+01  5.830145e-03 
 3.619718e+01  5.868653e-03 
 3.619758e+01  5.907029e-03 
 3.619798e+01  5.945104e-03 
 3.619838e+01  5.982673e-03 
 3.619877e+01  6.019619e-03 
 3.619917e+01  6.055830e-03 
 3.619957e+01  6.091194e-03 
 3.619997e+01  6.125639e-03 
 3.620036e+01  6.159112e-03 
 3.620076e+01  6.191549e-03 
 3.620116e+01  6.222889e-03 
 3.620156e+01  6.253121e-03 
 3.620195e+01  6.282251e-03 
 3.620235e+01  6.310323e-03 
 3.620275e+01  6.337334e-03 
 3.620315e+01  6.363349e-03 
 3.620355e+01  6.388434e-03 
 3.620394e+01  6.412624e-03 
 3.620434e+01  6.435950e-03 
 3.620474e+01  6.458443e-03 
 3.620514e+01  6.480154e-03 
 3.620553e+01  6.501173e-03 
 3.620593e+01  6.521513e-03 
 3.620633e+01  6.541296e-03 
 3.620673e+01  6.560599e-03 
 3.620712e+01  6.579399e-03 
 3.620752e+01  6.597759e-03 
 3.620792e+01  6.615649e-03 
 3.620832e+01  6.633090e-03 
 3.620872e+01  6.650115e-03 
 3.620911e+01  6.666776e-03 
 3.620951e+01  6.683063e-03 
 3.620991e+01  6.698937e-03 
 3.621031e+01  6.714357e-03 
 3.621070e+01  6.729253e-03 
 3.621110e+01  6.743530e-03 
 3.621150e+01  6.757125e-03 
 3.621190e+01  6.769989e-03 
 3.621229e+01  6.782141e-03 
 3.621269e+01  6.793636e-03 
 3.621309e+01  6.804511e-03 
 3.621349e+01  6.814801e-03 
 3.621389e+01  6.824548e-03 
 3.621428e+01  6.833694e-03 
 3.621468e+01  6.842213e-03 
 3.621508e+01  6.850068e-03 
 3.621548e+01  6.857202e-03 
 3.621587e+01  6.863580e-03 
 3.621627e+01  6.869150e-03 
 3.621667e+01  6.873879e-03 
 3.621707e+01  6.877743e-03 
 3.621746e+01  6.880691e-03 
 3.621786e+01  6.882741e-03 
 3.621826e+01  6.883866e-03 
 3.621866e+01  6.884099e-03 
 3.621906e+01  6.883521e-03 
 3.621945e+01  6.882212e-03 
 3.621985e+01  6.880279e-03 
 3.622025e+01  6.877797e-03 
 3.622065e+01  6.874903e-03 
 3.622104e+01  6.871715e-03 
 3.622144e+01  6.868346e-03 
 3.622184e+01  6.864918e-03 
 3.622224e+01  6.861479e-03 
 3.622263e+01  6.858067e-03 
 3.622303e+01  6.854680e-03 
 3.622343e+01  6.851283e-03 
 3.622383e+01  6.847813e-03 
 3.622423e+01  6.844180e-03 
 3.622462e+01  6.840285e-03 
 3.622502e+01  6.836053e-03 
 3.622542e+01  6.831415e-03 
 3.622582e+01  6.826319e-03 
 3.622621e+01  6.820680e-03 
 3.622661e+01  6.814455e-03 
 3.622701e+01  6.807593e-03 
 3.622741e+01  6.800061e-03 
 3.622780e+01  6.791877e-03 
 3.622820e+01  6.783058e-03 
 3.622860e+01  6.773662e-03 
 3.622900e+01  6.763749e-03 
 3.622940e+01  6.753416e-03 
 3.622979e+01  6.742757e-03 
 3.623019e+01  6.731869e-03 
 3.623059e+01  6.720889e-03 
 3.623099e+01  6.709958e-03 
 3.623138e+01  6.699197e-03 
 3.623178e+01  6.688687e-03 
 3.623218e+01  6.678538e-03 
 3.623258e+01  6.668803e-03 
 3.623297e+01  6.659483e-03 
 3.623337e+01  6.650551e-03 
 3.623377e+01  6.641944e-03 
 3.623417e+01  6.633624e-03 
 3.623457e+01  6.625540e-03 
 3.623496e+01  6.617665e-03 
 3.623536e+01  6.609993e-03 
 3.623576e+01  6.602497e-03 
 3.623616e+01  6.595131e-03 
 3.623655e+01  6.587864e-03 
 3.623695e+01  6.580719e-03 
 3.623735e+01  6.573675e-03 
 3.623775e+01  6.566751e-03 
 3.623814e+01  6.559963e-03 
 3.623854e+01  6.553308e-03 
 3.623894e+01  6.546819e-03 
 3.623934e+01  6.540484e-03 
 3.623974e+01  6.534270e-03 
 3.624013e+01  6.528131e-03 
 3.624053e+01  6.521985e-03 
 3.624093e+01  6.515801e-03 
 3.624133e+01  6.509524e-03 
 3.624172e+01  6.503063e-03 
 3.624212e+01  6.496350e-03 
 3.624252e+01  6.489305e-03 
 3.624292e+01  6.481864e-03 
 3.624331e+01  6.473993e-03 
 3.624371e+01  6.465646e-03 
 3.624411e+01  6.456855e-03 
 3.624451e+01  6.447666e-03 
 3.624491e+01  6.438182e-03 
 3.624530e+01  6.428567e-03 
 3.624570e+01  6.418988e-03 
 3.624610e+01  6.409535e-03 
 3.624650e+01  6.400313e-03 
 3.624689e+01  6.391458e-03 
 3.624729e+01  6.383069e-03 
 3.624769e+01  6.375218e-03 
 3.624809e+01  6.368011e-03 
 3.624849e+01  6.361468e-03 
 3.624888e+01  6.355557e-03 
 3.624928e+01  6.350183e-03 
 3.624968e+01  6.345216e-03 
 3.625008e+01  6.340443e-03 
 3.625047e+01  6.335619e-03 
 3.625087e+01  6.330490e-03 
 3.625127e+01  6.324796e-03 
 3.625167e+01  6.318371e-03 
 3.625206e+01  6.311062e-03 
 3.625246e+01  6.302762e-03 
 3.625286e+01  6.293414e-03 
 3.625326e+01  6.283029e-03 
 3.625366e+01  6.271625e-03 
 3.625405e+01  6.259263e-03 
 3.625445e+01  6.246066e-03 
 3.625485e+01  6.232117e-03 
 3.625525e+01  6.217467e-03 
 3.625564e+01  6.202202e-03 
 3.625604e+01  6.186422e-03 
 3.625644e+01  6.170203e-03 
 3.625684e+01  6.153606e-03 
 3.625723e+01  6.136661e-03 
 3.625763e+01  6.119377e-03 
 3.625803e+01  6.101740e-03 
 3.625843e+01  6.083738e-03 
 3.625883e+01  6.065405e-03 
 3.625922e+01  6.046780e-03 
 3.625962e+01  6.027933e-03 
 3.626002e+01  6.009013e-03 
 3.626042e+01  5.990165e-03 
 3.626081e+01  5.971571e-03 
 3.626121e+01  5.953439e-03 
 3.626161e+01  5.935904e-03 
 3.626201e+01  5.919090e-03 
 3.626240e+01  5.903102e-03 
 3.626280e+01  5.888094e-03 
 3.626320e+01  5.874189e-03 
 3.626360e+01  5.861491e-03 
 3.626400e+01  5.850024e-03 
 3.626439e+01  5.839816e-03 
 3.626479e+01  5.830844e-03 
 3.626519e+01  5.823033e-03 
 3.626559e+01  5.816256e-03 
 3.626598e+01  5.810338e-03 
 3.626638e+01  5.805167e-03 
 3.626678e+01  5.800557e-03 
 3.626718e+01  5.796395e-03 
 3.626757e+01  5.792572e-03 
 3.626797e+01  5.789003e-03 
 3.626837e+01  5.785602e-03 
 3.626877e+01  5.782320e-03 
 3.626917e+01  5.779183e-03 
 3.626956e+01  5.776141e-03 
 3.626996e+01  5.773171e-03 
 3.627036e+01  5.770310e-03 
 3.627076e+01  5.767571e-03 
 3.627115e+01  5.764989e-03 
 3.627155e+01  5.762670e-03 
 3.627195e+01  5.760767e-03 
 3.627235e+01  5.759413e-03 
 3.627274e+01  5.758733e-03 
 3.627314e+01  5.758844e-03 
 3.627354e+01  5.759828e-03 
 3.627394e+01  5.761802e-03 
 3.627434e+01  5.764832e-03 
 3.627473e+01  5.769017e-03 
 3.627513e+01  5.774384e-03 
 3.627553e+01  5.780967e-03 
 3.627593e+01  5.788769e-03 
 3.627632e+01  5.797823e-03 
 3.627672e+01  5.808128e-03 
 3.627712e+01  5.819637e-03 
 3.627752e+01  5.832309e-03 
 3.627791e+01  5.846149e-03 
 3.627831e+01  5.861139e-03 
 3.627871e+01  5.877272e-03 
 3.627911e+01  5.894498e-03 
 3.627951e+01  5.912760e-03 
 3.627990e+01  5.931986e-03 
 3.628030e+01  5.952130e-03 
 3.628070e+01  5.973154e-03 
 3.628110e+01  5.994985e-03 
 3.628149e+01  6.017564e-03 
 3.628189e+01  6.040854e-03 
 3.628229e+01  6.064797e-03 
 3.628269e+01  6.089362e-03 
 3.628308e+01  6.114479e-03 
 3.628348e+01  6.140064e-03 
 3.628388e+01  6.165971e-03 
 3.628428e+01  6.192133e-03 
 3.628468e+01  6.218528e-03 
 3.628507e+01  6.245131e-03 
 3.628547e+01  6.271888e-03 
 3.628587e+01  6.298789e-03 
 3.628627e+01  6.325849e-03 
 3.628666e+01  6.353097e-03 
 3.628706e+01  6.380580e-03 
 3.628746e+01  6.408328e-03 
 3.628786e+01  6.436427e-03 
 3.628825e+01  6.464963e-03 
 3.628865e+01  6.494018e-03 
 3.628905e+01  6.523674e-03 
 3.628945e+01  6.554009e-03 
 3.628985e+01  6.585000e-03 
 3.629024e+01  6.616591e-03 
 3.629064e+01  6.648742e-03 
 3.629104e+01  6.681368e-03 
 3.629144e+01  6.714399e-03 
 3.629183e+01  6.747754e-03 
 3.629223e+01  6.781384e-03 
 3.629263e+01  6.815194e-03 
 3.629303e+01  6.849075e-03 
 3.629342e+01  6.882970e-03 
 3.629382e+01  6.916812e-03 
 3.629422e+01  6.950522e-03 
 3.629462e+01  6.984019e-03 
 3.629502e+01  7.017248e-03 
 3.629541e+01  7.050124e-03 
 3.629581e+01  7.082573e-03 
 3.629621e+01  7.114566e-03 
 3.629661e+01  7.146023e-03 
 3.629700e+01  7.176878e-03 
 3.629740e+01  7.207071e-03 
 3.629780e+01  7.236552e-03 
 3.629820e+01  7.265294e-03 
 3.629859e+01  7.293244e-03 
 3.629899e+01  7.320391e-03 
 3.629939e+01  7.346722e-03 
 3.629979e+01  7.372293e-03 
 3.630019e+01  7.397203e-03 
 3.630058e+01  7.421558e-03 
 3.630098e+01  7.445427e-03 
 3.630138e+01  7.468826e-03 
 3.630178e+01  7.491726e-03 
 3.630217e+01  7.514075e-03 
 3.630257e+01  7.535856e-03 
 3.630297e+01  7.557082e-03 
 3.630337e+01  7.577648e-03 
 3.630376e+01  7.597494e-03 
 3.630416e+01  7.616602e-03 
 3.630456e+01  7.634814e-03 
 3.630496e+01  7.652023e-03 
 3.630536e+01  7.668102e-03 
 3.630575e+01  7.682911e-03 
 3.630615e+01  7.696372e-03 
 3.630655e+01  7.708459e-03 
 3.630695e+01  7.719188e-03 
 3.630734e+01  7.728528e-03 
 3.630774e+01  7.736471e-03 
 3.630814e+01  7.743062e-03 
 3.630854e+01  7.748364e-03 
 3.630893e+01  7.752372e-03 
 3.630933e+01  7.755153e-03 
 3.630973e+01  7.756777e-03 
 3.631013e+01  7.757295e-03 
 3.631053e+01  7.756743e-03 
 3.631092e+01  7.755130e-03 
 3.631132e+01  7.752513e-03 
 3.631172e+01  7.748816e-03 
 3.631212e+01  7.744004e-03 
 3.631251e+01  7.738096e-03 
 3.631291e+01  7.731136e-03 
 3.631331e+01  7.723202e-03 
 3.631371e+01  7.714455e-03 
 3.631410e+01  7.705053e-03 
 3.631450e+01  7.695173e-03 
 3.631490e+01  7.685019e-03 
 3.631530e+01  7.674853e-03 
 3.631570e+01  7.664934e-03 
 3.631609e+01  7.655468e-03 
 3.631649e+01  7.646608e-03 
 3.631689e+01  7.638483e-03 
 3.631729e+01  7.631171e-03 
 3.631768e+01  7.624682e-03 
 3.631808e+01  7.619020e-03 
 3.631848e+01  7.614091e-03 
 3.631888e+01  7.609778e-03 
 3.631927e+01  7.605966e-03 
 3.631967e+01  7.602553e-03 
 3.632007e+01  7.599396e-03 
 3.632047e+01  7.596334e-03 
 3.632087e+01  7.593169e-03 
 3.632126e+01  7.589700e-03 
 3.632166e+01  7.585707e-03 
 3.632206e+01  7.581023e-03 
 3.632246e+01  7.575519e-03 
 3.632285e+01  7.569093e-03 
 3.632325e+01  7.561721e-03 
 3.632365e+01  7.553389e-03 
 3.632405e+01  7.544122e-03 
 3.632444e+01  7.533978e-03 
 3.632484e+01  7.523033e-03 
 3.632524e+01  7.511329e-03 
 3.632564e+01  7.498958e-03 
 3.632604e+01  7.485998e-03 
 3.632643e+01  7.472491e-03 
 3.632683e+01  7.458531e-03 
 3.632723e+01  7.444104e-03 
 3.632763e+01  7.429270e-03 
 3.632802e+01  7.414052e-03 
 3.632842e+01  7.398532e-03 
 3.632882e+01  7.382864e-03 
 3.632922e+01  7.367099e-03 
 3.632961e+01  7.351324e-03 
 3.633001e+01  7.335647e-03 
 3.633041e+01  7.320135e-03 
 3.633081e+01  7.304830e-03 
 3.633121e+01  7.289776e-03 
 3.633160e+01  7.275042e-03 
 3.633200e+01  7.260677e-03 
 3.633240e+01  7.246816e-03 
 3.633280e+01  7.233559e-03 
 3.633319e+01  7.220996e-03 
 3.633359e+01  7.209171e-03 
 3.633399e+01  7.198004e-03 
 3.633439e+01  7.187451e-03 
 3.633478e+01  7.177392e-03 
 3.633518e+01  7.167740e-03 
 3.633558e+01  7.158377e-03 
 3.633598e+01  7.149201e-03 
 3.633638e+01  7.140052e-03 
 3.633677e+01  7.130823e-03 
 3.633717e+01  7.121351e-03 
 3.633757e+01  7.111505e-03 
 3.633797e+01  7.101105e-03 
 3.633836e+01  7.090035e-03 
 3.633876e+01  7.078160e-03 
 3.633916e+01  7.065421e-03 
 3.633956e+01  7.051804e-03 
 3.633996e+01  7.037327e-03 
 3.634035e+01  7.022065e-03 
 3.634075e+01  7.006114e-03 
 3.634115e+01  6.989628e-03 
 3.634155e+01  6.972806e-03 
 3.634194e+01  6.955819e-03 
 3.634234e+01  6.938804e-03 
 3.634274e+01  6.921855e-03 
 3.634314e+01  6.905071e-03 
 3.634353e+01  6.888453e-03 
 3.634393e+01  6.872000e-03 
 3.634433e+01  6.855680e-03 
 3.634473e+01  6.839468e-03 
 3.634513e+01  6.823287e-03 
 3.634552e+01  6.807053e-03 
 3.634592e+01  6.790699e-03 
 3.634632e+01  6.774198e-03 
 3.634672e+01  6.757409e-03 
 3.634711e+01  6.740291e-03 
 3.634751e+01  6.722854e-03 
 3.634791e+01  6.705126e-03 
 3.634831e+01  6.687113e-03 
 3.634870e+01  6.668912e-03 
 3.634910e+01  6.650532e-03 
 3.634950e+01  6.631990e-03 
 3.634990e+01  6.613304e-03 
 3.635030e+01  6.594494e-03 
 3.635069e+01  6.575572e-03 
 3.635109e+01  6.556539e-03 
 3.635149e+01  6.537404e-03 
 3.635189e+01  6.518206e-03 
 3.635228e+01  6.498942e-03 
 3.635268e+01  6.479522e-03 
 3.635308e+01  6.459881e-03 
 3.635348e+01  6.439957e-03 
 3.635387e+01  6.419704e-03 
 3.635427e+01  6.399104e-03 
 3.635467e+01  6.378250e-03 
 3.635507e+01  6.357239e-03 
 3.635547e+01  6.336173e-03 
 3.635586e+01  6.315161e-03 
 3.635626e+01  6.294269e-03 
 3.635666e+01  6.273584e-03 
 3.635706e+01  6.253201e-03 
 3.635745e+01  6.233210e-03 
 3.635785e+01  6.213693e-03 
 3.635825e+01  6.194681e-03 
 3.635865e+01  6.176205e-03 
 3.635904e+01  6.158244e-03 
 3.635944e+01  6.140791e-03 
 3.635984e+01  6.123764e-03 
 3.636024e+01  6.107123e-03 
 3.636064e+01  6.090774e-03 
 3.636103e+01  6.074693e-03 
 3.636143e+01  6.058846e-03 
 3.636183e+01  6.043201e-03 
 3.636223e+01  6.027694e-03 
 3.636262e+01  6.012274e-03 
 3.636302e+01  5.996855e-03 
 3.636342e+01  5.981364e-03 
 3.636382e+01  5.965832e-03 
 3.636421e+01  5.950259e-03 
 3.636461e+01  5.934677e-03 
 3.636501e+01  5.919165e-03 
 3.636541e+01  5.903752e-03 
 3.636581e+01  5.888536e-03 
 3.636620e+01  5.873573e-03 
 3.636660e+01  5.858976e-03 
 3.636700e+01  5.844867e-03 
 3.636740e+01  5.831366e-03 
 3.636779e+01  5.818606e-03 
 3.636819e+01  5.806771e-03 
 3.636859e+01  5.796012e-03 
 3.636899e+01  5.786395e-03 
 3.636938e+01  5.778098e-03 
 3.636978e+01  5.771244e-03 
 3.637018e+01  5.765961e-03 
 3.637058e+01  5.762365e-03 
 3.637098e+01  5.760566e-03 
 3.637137e+01  5.760666e-03 
 3.637177e+01  5.762716e-03 
 3.637217e+01  5.766776e-03 
 3.637257e+01  5.772862e-03 
 3.637296e+01  5.780933e-03 
 3.637336e+01  5.790897e-03 
 3.637376e+01  5.802676e-03 
 3.637416e+01  5.816152e-03 
 3.637455e+01  5.831156e-03 
 3.637495e+01  5.847539e-03 
 3.637535e+01  5.865120e-03 
 3.637575e+01  5.883745e-03 
 3.637615e+01  5.903320e-03 
 3.637654e+01  5.923744e-03 
 3.637694e+01  5.944946e-03 
 3.637734e+01  5.966852e-03 
 3.637774e+01  5.989355e-03 
 3.637813e+01  6.012358e-03 
 3.637853e+01  6.035744e-03 
 3.637893e+01  6.059449e-03 
 3.637933e+01  6.083334e-03 
 3.637972e+01  6.107363e-03 
 3.638012e+01  6.131494e-03 
 3.638052e+01  6.155691e-03 
 3.638092e+01  6.179927e-03 
 3.638132e+01  6.204161e-03 
 3.638171e+01  6.228355e-03 
 3.638211e+01  6.252473e-03 
 3.638251e+01  6.276520e-03 
 3.638291e+01  6.300518e-03 
 3.638330e+01  6.324555e-03 
 3.638370e+01  6.348797e-03 
 3.638410e+01  6.373367e-03 
 3.638450e+01  6.398375e-03 
 3.638489e+01  6.423899e-03 
 3.638529e+01  6.450012e-03 
 3.638569e+01  6.476773e-03 
 3.638609e+01  6.504192e-03 
 3.638649e+01  6.532339e-03 
 3.638688e+01  6.561231e-03 
 3.638728e+01  6.590866e-03 
 3.638768e+01  6.621225e-03 
 3.638808e+01  6.652259e-03 
 3.638847e+01  6.683883e-03 
 3.638887e+01  6.716016e-03 
 3.638927e+01  6.748510e-03 
 3.638967e+01  6.781231e-03 
 3.639006e+01  6.814111e-03 
 3.639046e+01  6.846992e-03 
 3.639086e+01  6.879705e-03 
 3.639126e+01  6.912139e-03 
 3.639166e+01  6.944113e-03 
 3.639205e+01  6.975508e-03 
 3.639245e+01  7.006217e-03 
 3.639285e+01  7.036221e-03 
 3.639325e+01  7.065497e-03 
 3.639364e+01  7.094060e-03 
 3.639404e+01  7.121935e-03 
 3.639444e+01  7.149156e-03 
 3.639484e+01  7.175777e-03 
 3.639523e+01  7.201871e-03 
 3.639563e+01  7.227565e-03 
 3.639603e+01  7.252955e-03 
 3.639643e+01  7.278122e-03 
 3.639683e+01  7.303128e-03 
 3.639722e+01  7.327960e-03 
 3.639762e+01  7.352626e-03 
 3.639802e+01  7.377059e-03 
 3.639842e+01  7.401227e-03 
 3.639881e+01  7.425072e-03 
 3.639921e+01  7.448525e-03 
 3.639961e+01  7.471528e-03 
 3.640001e+01  7.494040e-03 
 3.640040e+01  7.515976e-03 
 3.640080e+01  7.537266e-03 
 3.640120e+01  7.557868e-03 
 3.640160e+01  7.577764e-03 
 3.640200e+01  7.596958e-03 
 3.640239e+01  7.615441e-03 
 3.640279e+01  7.633253e-03 
 3.640319e+01  7.650418e-03 
 3.640359e+01  7.666919e-03 
 3.640398e+01  7.682759e-03 
 3.640438e+01  7.697864e-03 
 3.640478e+01  7.712193e-03 
 3.640518e+01  7.725633e-03 
 3.640557e+01  7.738186e-03 
 3.640597e+01  7.749810e-03 
 3.640637e+01  7.760374e-03 
 3.640677e+01  7.769768e-03 
 3.640717e+01  7.777912e-03 
 3.640756e+01  7.784763e-03 
 3.640796e+01  7.790282e-03 
 3.640836e+01  7.794446e-03 
 3.640876e+01  7.797384e-03 
 3.640915e+01  7.799228e-03 
 3.640955e+01  7.800092e-03 
 3.640995e+01  7.800161e-03 
 3.641035e+01  7.799612e-03 
 3.641074e+01  7.798665e-03 
 3.641114e+01  7.797470e-03 
 3.641154e+01  7.796250e-03 
 3.641194e+01  7.795225e-03 
 3.641234e+01  7.794538e-03 
 3.641273e+01  7.794257e-03 
 3.641313e+01  7.794410e-03 
 3.641353e+01  7.795002e-03 
 3.641393e+01  7.795904e-03 
 3.641432e+01  7.796965e-03 
 3.641472e+01  7.798010e-03 
 3.641512e+01  7.798881e-03 
 3.641552e+01  7.799411e-03 
 3.641591e+01  7.799475e-03 
 3.641631e+01  7.798926e-03 
 3.641671e+01  7.797646e-03 
 3.641711e+01  7.795488e-03 
 3.641751e+01  7.792422e-03 
 3.641790e+01  7.788411e-03 
 3.641830e+01  7.783461e-03 
 3.641870e+01  7.777587e-03 
 3.641910e+01  7.770802e-03 
 3.641949e+01  7.763079e-03 
 3.641989e+01  7.754467e-03 
 3.642029e+01  7.744968e-03 
 3.642069e+01  7.734604e-03 
 3.642108e+01  7.723434e-03 
 3.642148e+01  7.711584e-03 
 3.642188e+01  7.699156e-03 
 3.642228e+01  7.686253e-03 
 3.642268e+01  7.672921e-03 
 3.642307e+01  7.659213e-03 
 3.642347e+01  7.645215e-03 
 3.642387e+01  7.630999e-03 
 3.642427e+01  7.616651e-03 
 3.642466e+01  7.602317e-03 
 3.642506e+01  7.588101e-03 
 3.642546e+01  7.574173e-03 
 3.642586e+01  7.560620e-03 
 3.642625e+01  7.547563e-03 
 3.642665e+01  7.535061e-03 
 3.642705e+01  7.523157e-03 
 3.642745e+01  7.511973e-03 
 3.642785e+01  7.501618e-03 
 3.642824e+01  7.492143e-03 
 3.642864e+01  7.483514e-03 
 3.642904e+01  7.475679e-03 
 3.642944e+01  7.468562e-03 
 3.642983e+01  7.462002e-03 
 3.643023e+01  7.455834e-03 
 3.643063e+01  7.449851e-03 
 3.643103e+01  7.443917e-03 
 3.643142e+01  7.437772e-03 
 3.643182e+01  7.431270e-03 
 3.643222e+01  7.424228e-03 
 3.643262e+01  7.416447e-03 
 3.643302e+01  7.407700e-03 
 3.643341e+01  7.397795e-03 
 3.643381e+01  7.386612e-03 
 3.643421e+01  7.374030e-03 
 3.643461e+01  7.359998e-03 
 3.643500e+01  7.344536e-03 
 3.643540e+01  7.327612e-03 
 3.643580e+01  7.309285e-03 
 3.643620e+01  7.289629e-03 
 3.643660e+01  7.268758e-03 
 3.643699e+01  7.246814e-03 
 3.643739e+01  7.223961e-03 
 3.643779e+01  7.200341e-03 
 3.643819e+01  7.176121e-03 
 3.643858e+01  7.151420e-03 
 3.643898e+01  7.126319e-03 
 3.643938e+01  7.100916e-03 
 3.643978e+01  7.075278e-03 
 3.644017e+01  7.049431e-03 
 3.644057e+01  7.023421e-03 
 3.644097e+01  6.997271e-03 
 3.644137e+01  6.971005e-03 
 3.644177e+01  6.944655e-03 
 3.644216e+01  6.918291e-03 
 3.644256e+01  6.891935e-03 
 3.644296e+01  6.865622e-03 
 3.644336e+01  6.839429e-03 
 3.644375e+01  6.813401e-03 
 3.644415e+01  6.787597e-03 
 3.644455e+01  6.762036e-03 
 3.644495e+01  6.736738e-03 
 3.644534e+01  6.711739e-03 
 3.644574e+01  6.686976e-03 
 3.644614e+01  6.662389e-03 
 3.644654e+01  6.637950e-03 
 3.644694e+01  6.613603e-03 
 3.644733e+01  6.589294e-03 
 3.644773e+01  6.564987e-03 
 3.644813e+01  6.540681e-03 
 3.644853e+01  6.516320e-03 
 3.644892e+01  6.491866e-03 
 3.644932e+01  6.467366e-03 
 3.644972e+01  6.442876e-03 
 3.645012e+01  6.418412e-03 
 3.645051e+01  6.393949e-03 
 3.645091e+01  6.369545e-03 
 3.645131e+01  6.345233e-03 
 3.645171e+01  6.321032e-03 
 3.645211e+01  6.296990e-03 
 3.645250e+01  6.273187e-03 
 3.645290e+01  6.249674e-03 
 3.645330e+01  6.226507e-03 
 3.645370e+01  6.203801e-03 
 3.645409e+01  6.181609e-03 
 3.645449e+01  6.159964e-03 
 3.645489e+01  6.138803e-03 
 3.645529e+01  6.118106e-03 
 3.645568e+01  6.097860e-03 
 3.645608e+01  6.078036e-03 
 3.645648e+01  6.058643e-03 
 3.645688e+01  6.039711e-03 
 3.645728e+01  6.021183e-03 
 3.645767e+01  6.002997e-03 
 3.645807e+01  5.985108e-03 
 3.645847e+01  5.967481e-03 
 3.645887e+01  5.950069e-03 
 3.645926e+01  5.932869e-03 
 3.645966e+01  5.915896e-03 
 3.646006e+01  5.899190e-03 
 3.646046e+01  5.882703e-03 
 3.646085e+01  5.866406e-03 
 3.646125e+01  5.850254e-03 
 3.646165e+01  5.834190e-03 
 3.646205e+01  5.818196e-03 
 3.646245e+01  5.802325e-03 
 3.646284e+01  5.786707e-03 
 3.646324e+01  5.771473e-03 
 3.646364e+01  5.756828e-03 
 3.646404e+01  5.742913e-03 
 3.646443e+01  5.729895e-03 
 3.646483e+01  5.717950e-03 
 3.646523e+01  5.707222e-03 
 3.646563e+01  5.697891e-03 
 3.646602e+01  5.690066e-03 
 3.646642e+01  5.683779e-03 
 3.646682e+01  5.679061e-03 
 3.646722e+01  5.675915e-03 
 3.646762e+01  5.674243e-03 
 3.646801e+01  5.673969e-03 
 3.646841e+01  5.674999e-03 
 3.646881e+01  5.677255e-03 
 3.646921e+01  5.680659e-03 
 3.646960e+01  5.685140e-03 
 3.647000e+01  5.690625e-03 
 3.647040e+01  5.697011e-03 
 3.647080e+01  5.704153e-03 
 3.647119e+01  5.711980e-03 
 3.647159e+01  5.720447e-03 
 3.647199e+01  5.729459e-03 
 3.647239e+01  5.738942e-03 
 3.647279e+01  5.748857e-03 
 3.647318e+01  5.759124e-03 
 3.647358e+01  5.769715e-03 
 3.647398e+01  5.780559e-03 
 3.647438e+01  5.791583e-03 
 3.647477e+01  5.802697e-03 
 3.647517e+01  5.813779e-03 
 3.647557e+01  5.824818e-03 
 3.647597e+01  5.835858e-03 
 3.647636e+01  5.846900e-03 
 3.647676e+01  5.857930e-03 
 3.647716e+01  5.868945e-03 
 3.647756e+01  5.880040e-03 
 3.647796e+01  5.891241e-03 
 3.647835e+01  5.902643e-03 
 3.647875e+01  5.914370e-03 
 3.647915e+01  5.926584e-03 
 3.647955e+01  5.939443e-03 
 3.647994e+01  5.953149e-03 
 3.648034e+01  5.967896e-03 
 3.648074e+01  5.983811e-03 
 3.648114e+01  6.000985e-03 
 3.648153e+01  6.019492e-03 
 3.648193e+01  6.039443e-03 
 3.648233e+01  6.060874e-03 
 3.648273e+01  6.083769e-03 
 3.648313e+01  6.108114e-03 
 3.648352e+01  6.133862e-03 
 3.648392e+01  6.160873e-03 
 3.648432e+01  6.189034e-03 
 3.648472e+01  6.218169e-03 
 3.648511e+01  6.248053e-03 
 3.648551e+01  6.278468e-03 
 3.648591e+01  6.309157e-03 
 3.648631e+01  6.339893e-03 
 3.648670e+01  6.370452e-03 
 3.648710e+01  6.400620e-03 
 3.648750e+01  6.430250e-03 
 3.648790e+01  6.459256e-03 
 3.648830e+01  6.487556e-03 
 3.648869e+01  6.515168e-03 
 3.648909e+01  6.542107e-03 
 3.648949e+01  6.568379e-03 
 3.648989e+01  6.594012e-03 
 3.649028e+01  6.619021e-03 
 3.649068e+01  6.643468e-03 
 3.649108e+01  6.667396e-03 
 3.649148e+01  6.690819e-03 
 3.649187e+01  6.713793e-03 
 3.649227e+01  6.736283e-03 
 3.649267e+01  6.758263e-03 
 3.649307e+01  6.779697e-03 
 3.649347e+01  6.800628e-03 
 3.649386e+01  6.821025e-03 
 3.649426e+01  6.840878e-03 
 3.649466e+01  6.860208e-03 
 3.649506e+01  6.879069e-03 
 3.649545e+01  6.897514e-03 
 3.649585e+01  6.915618e-03 
 3.649625e+01  6.933465e-03 
 3.649665e+01  6.951115e-03 
 3.649704e+01  6.968663e-03 
 3.649744e+01  6.986265e-03 
 3.649784e+01  7.004088e-03 
 3.649824e+01  7.022226e-03 
 3.649864e+01  7.040708e-03 
 3.649903e+01  7.059535e-03 
 3.649943e+01  7.078715e-03 
 3.649983e+01  7.098214e-03 
 3.650023e+01  7.117957e-03 
 3.650062e+01  7.137840e-03 
 3.650102e+01  7.157776e-03 
 3.650142e+01  7.177641e-03 
 3.650182e+01  7.197309e-03 
 3.650221e+01  7.216699e-03 
 3.650261e+01  7.235719e-03 
 3.650301e+01  7.254242e-03 
 3.650341e+01  7.272202e-03 
 3.650381e+01  7.289582e-03 
 3.650420e+01  7.306398e-03 
 3.650460e+01  7.322705e-03 
 3.650500e+01  7.338606e-03 
 3.650540e+01  7.354237e-03 
 3.650579e+01  7.369726e-03 
 3.650619e+01  7.385188e-03 
 3.650659e+01  7.400727e-03 
 3.650699e+01  7.416449e-03 
 3.650738e+01  7.432426e-03 
 3.650778e+01  7.448671e-03 
 3.650818e+01  7.465160e-03 
 3.650858e+01  7.481805e-03 
 3.650898e+01  7.498471e-03 
 3.650937e+01  7.515007e-03 
 3.650977e+01  7.531257e-03 
 3.651017e+01  7.547033e-03 
 3.651057e+01  7.562191e-03 
 3.651096e+01  7.576609e-03 
 3.651136e+01  7.590200e-03 
 3.651176e+01  7.602846e-03 
 3.651216e+01  7.614459e-03 
 3.651255e+01  7.624950e-03 
 3.651295e+01  7.634195e-03 
 3.651335e+01  7.642170e-03 
 3.651375e+01  7.648831e-03 
 3.651415e+01  7.654138e-03 
 3.651454e+01  7.658055e-03 
 3.651494e+01  7.660643e-03 
 3.651534e+01  7.661947e-03 
 3.651574e+01  7.662076e-03 
 3.651613e+01  7.660954e-03 
 3.651653e+01  7.658695e-03 
 3.651693e+01  7.655326e-03 
 3.651733e+01  7.650881e-03 
 3.651772e+01  7.645481e-03 
 3.651812e+01  7.639219e-03 
 3.651852e+01  7.632131e-03 
 3.651892e+01  7.624275e-03 
 3.651932e+01  7.615791e-03 
 3.651971e+01  7.606873e-03 
 3.652011e+01  7.597631e-03 
 3.652051e+01  7.588164e-03 
 3.652091e+01  7.578603e-03 
 3.652130e+01  7.569089e-03 
 3.652170e+01  7.559724e-03 
 3.652210e+01  7.550646e-03 
 3.652250e+01  7.541898e-03 
 3.652289e+01  7.533554e-03 
 3.652329e+01  7.525650e-03 
 3.652369e+01  7.518236e-03 
 3.652409e+01  7.511275e-03 
 3.652449e+01  7.504681e-03 
 3.652488e+01  7.498354e-03 
 3.652528e+01  7.492164e-03 
 3.652568e+01  7.485949e-03 
 3.652608e+01  7.479582e-03 
 3.652647e+01  7.472854e-03 
 3.652687e+01  7.465581e-03 
 3.652727e+01  7.457576e-03 
 3.652767e+01  7.448649e-03 
 3.652807e+01  7.438628e-03 
 3.652846e+01  7.427394e-03 
 3.652886e+01  7.414835e-03 
 3.652926e+01  7.400936e-03 
 3.652966e+01  7.385675e-03 
 3.653005e+01  7.369049e-03 
 3.653045e+01  7.351070e-03 
 3.653085e+01  7.331777e-03 
 3.653125e+01  7.311266e-03 
 3.653164e+01  7.289636e-03 
 3.653204e+01  7.267015e-03 
 3.653244e+01  7.243608e-03 
 3.653284e+01  7.219620e-03 
 3.653324e+01  7.195236e-03 
 3.653363e+01  7.170670e-03 
 3.653403e+01  7.146072e-03 
 3.653443e+01  7.121565e-03 
 3.653483e+01  7.097289e-03 
 3.653522e+01  7.073353e-03 
 3.653562e+01  7.049909e-03 
 3.653602e+01  7.026981e-03 
 3.653642e+01  7.004580e-03 
 3.653681e+01  6.982767e-03 
 3.653721e+01  6.961473e-03 
 3.653761e+01  6.940651e-03 
 3.653801e+01  6.920251e-03 
 3.653841e+01  6.900219e-03 
 3.653880e+01  6.880489e-03 
 3.653920e+01  6.861051e-03 
 3.653960e+01  6.841863e-03 
 3.654000e+01  6.822915e-03 
 3.654039e+01  6.804097e-03 
 3.654079e+01  6.785302e-03 
 3.654119e+01  6.766469e-03 
 3.654159e+01  6.747499e-03 
 3.654198e+01  6.728237e-03 
 3.654238e+01  6.708563e-03 
 3.654278e+01  6.688303e-03 
 3.654318e+01  6.667368e-03 
 3.654358e+01  6.645702e-03 
 3.654397e+01  6.623196e-03 
 3.654437e+01  6.599824e-03 
 3.654477e+01  6.575585e-03 
 3.654517e+01  6.550518e-03 
 3.654556e+01  6.524664e-03 
 3.654596e+01  6.498129e-03 
 3.654636e+01  6.470976e-03 
 3.654676e+01  6.443273e-03 
 3.654715e+01  6.415142e-03 
 3.654755e+01  6.386684e-03 
 3.654795e+01  6.357967e-03 
 3.654835e+01  6.329102e-03 
 3.654875e+01  6.300195e-03 
 3.654914e+01  6.271414e-03 
 3.654954e+01  6.242915e-03 
 3.654994e+01  6.214902e-03 
 3.655034e+01  6.187544e-03 
 3.655073e+01  6.160996e-03 
 3.655113e+01  6.135431e-03 
 3.655153e+01  6.110950e-03 
 3.655193e+01  6.087621e-03 
 3.655232e+01  6.065496e-03 
 3.655272e+01  6.044616e-03 
 3.655312e+01  6.024996e-03 
 3.655352e+01  6.006588e-03 
 3.655392e+01  5.989342e-03 
 3.655431e+01  5.973139e-03 
 3.655471e+01  5.957868e-03 
 3.655511e+01  5.943353e-03 
 3.655551e+01  5.929487e-03 
 3.655590e+01  5.916175e-03 
 3.655630e+01  5.903282e-03 
 3.655670e+01  5.890759e-03 
 3.655710e+01  5.878651e-03 
 3.655749e+01  5.866951e-03 
 3.655789e+01  5.855624e-03 
 3.655829e+01  5.844679e-03 
 3.655869e+01  5.834139e-03 
 3.655909e+01  5.824049e-03 
 3.655948e+01  5.814501e-03 
 3.655988e+01  5.805544e-03 
 3.656028e+01  5.797231e-03 
 3.656068e+01  5.789618e-03 
 3.656107e+01  5.782785e-03 
 3.656147e+01  5.776795e-03 
 3.656187e+01  5.771662e-03 
 3.656227e+01  5.767336e-03 
 3.656266e+01  5.763721e-03 
 3.656306e+01  5.760750e-03 
 3.656346e+01  5.758362e-03 
 3.656386e+01  5.756438e-03 
 3.656426e+01  5.754832e-03 
 3.656465e+01  5.753471e-03 
 3.656505e+01  5.752336e-03 
 3.656545e+01  5.751397e-03 
 3.656585e+01  5.750683e-03 
 3.656624e+01  5.750184e-03 
 3.656664e+01  5.749907e-03 
 3.656704e+01  5.749868e-03 
 3.656744e+01  5.750108e-03 
 3.656783e+01  5.750623e-03 
 3.656823e+01  5.751373e-03 
 3.656863e+01  5.752308e-03 
 3.656903e+01  5.753406e-03 
 3.656943e+01  5.754593e-03 
 3.656982e+01  5.755798e-03 
 3.657022e+01  5.756937e-03 
 3.657062e+01  5.757971e-03 
 3.657102e+01  5.758847e-03 
 3.657141e+01  5.759587e-03 
 3.657181e+01  5.760210e-03 
 3.657221e+01  5.760720e-03 
 3.657261e+01  5.761150e-03 
 3.657300e+01  5.761577e-03 
 3.657340e+01  5.762122e-03 
 3.657380e+01  5.762888e-03 
 3.657420e+01  5.764053e-03 
 3.657460e+01  5.765820e-03 
 3.657499e+01  5.768343e-03 
 3.657539e+01  5.771801e-03 
 3.657579e+01  5.776387e-03 
 3.657619e+01  5.782222e-03 
 3.657658e+01  5.789467e-03 
 3.657698e+01  5.798176e-03 
 3.657738e+01  5.808463e-03 
 3.657778e+01  5.820343e-03 
 3.657817e+01  5.833808e-03 
 3.657857e+01  5.848718e-03 
 3.657897e+01  5.864973e-03 
 3.657937e+01  5.882439e-03 
 3.657977e+01  5.900892e-03 
 3.658016e+01  5.920097e-03 
 3.658056e+01  5.939869e-03 
 3.658096e+01  5.960038e-03 
 3.658136e+01  5.980387e-03 
 3.658175e+01  6.000731e-03 
 3.658215e+01  6.020974e-03 
 3.658255e+01  6.040949e-03 
 3.658295e+01  6.060579e-03 
 3.658334e+01  6.079867e-03 
 3.658374e+01  6.098791e-03 
 3.658414e+01  6.117313e-03 
 3.658454e+01  6.135422e-03 
 3.658494e+01  6.153180e-03 
 3.658533e+01  6.170623e-03 
 3.658573e+01  6.187819e-03 
 3.658613e+01  6.204803e-03 
 3.658653e+01  6.221661e-03 
 3.658692e+01  6.238484e-03 
 3.658732e+01  6.255342e-03 
 3.658772e+01  6.272281e-03 
 3.658812e+01  6.289312e-03 
 3.658851e+01  6.306435e-03 
 3.658891e+01  6.323709e-03 
 3.658931e+01  6.341122e-03 
 3.658971e+01  6.358738e-03 
 3.659011e+01  6.376590e-03 
 3.659050e+01  6.394775e-03 
 3.659090e+01  6.413412e-03 
 3.659130e+01  6.432584e-03 
 3.659170e+01  6.452420e-03 
 3.659209e+01  6.472968e-03 
 3.659249e+01  6.494315e-03 
 3.659289e+01  6.516495e-03 
 3.659329e+01  6.539517e-03 
 3.659368e+01  6.563341e-03 
 3.659408e+01  6.587891e-03 
 3.659448e+01  6.613048e-03 
 3.659488e+01  6.638628e-03 
 3.659528e+01  6.664515e-03 
 3.659567e+01  6.690514e-03 
 3.659607e+01  6.716365e-03 
 3.659647e+01  6.741879e-03 
 3.659687e+01  6.766845e-03 
 3.659726e+01  6.791044e-03 
 3.659766e+01  6.814292e-03 
 3.659806e+01  6.836408e-03 
 3.659846e+01  6.857286e-03 
 3.659885e+01  6.876854e-03 
 3.659925e+01  6.895113e-03 
 3.659965e+01  6.912154e-03 
 3.660005e+01  6.928062e-03 
 3.660045e+01  6.942934e-03 
 3.660084e+01  6.956939e-03 
 3.660124e+01  6.970291e-03 
 3.660164e+01  6.983119e-03 
 3.660204e+01  6.995566e-03 
 3.660243e+01  7.007839e-03 
 3.660283e+01  7.020061e-03 
 3.660323e+01  7.032369e-03 
 3.660363e+01  7.044842e-03 
 3.660402e+01  7.057546e-03 
 3.660442e+01  7.070492e-03 
 3.660482e+01  7.083737e-03 
 3.660522e+01  7.097318e-03 
 3.660562e+01  7.111249e-03 
 3.660601e+01  7.125471e-03 
 3.660641e+01  7.139932e-03 
 3.660681e+01  7.154562e-03 
 3.660721e+01  7.169349e-03 
 3.660760e+01  7.184178e-03 
 3.660800e+01  7.198999e-03 
 3.660840e+01  7.213789e-03 
 3.660880e+01  7.228504e-03 
 3.660919e+01  7.243101e-03 
 3.660959e+01  7.257509e-03 
 3.660999e+01  7.271583e-03 
 3.661039e+01  7.285190e-03 
 3.661079e+01  7.298222e-03 
 3.661118e+01  7.310563e-03 
 3.661158e+01  7.322099e-03 
 3.661198e+01  7.332758e-03 
 3.661238e+01  7.342520e-03 
 3.661277e+01  7.351352e-03 
 3.661317e+01  7.359218e-03 
 3.661357e+01  7.366114e-03 
 3.661397e+01  7.372007e-03 
 3.661436e+01  7.376878e-03 
 3.661476e+01  7.380734e-03 
 3.661516e+01  7.383673e-03 
 3.661556e+01  7.385660e-03 
 3.661596e+01  7.386762e-03 
 3.661635e+01  7.387013e-03 
 3.661675e+01  7.386439e-03 
 3.661715e+01  7.385212e-03 
 3.661755e+01  7.383383e-03 
 3.661794e+01  7.381010e-03 
 3.661834e+01  7.378215e-03 
 3.661874e+01  7.375066e-03 
 3.661914e+01  7.371604e-03 
 3.661954e+01  7.367903e-03 
 3.661993e+01  7.363982e-03 
 3.662033e+01  7.359793e-03 
 3.662073e+01  7.355244e-03 
 3.662113e+01  7.350292e-03 
 3.662152e+01  7.344900e-03 
 3.662192e+01  7.338958e-03 
 3.662232e+01  7.332405e-03 
 3.662272e+01  7.325156e-03 
 3.662311e+01  7.317160e-03 
 3.662351e+01  7.308280e-03 
 3.662391e+01  7.298378e-03 
 3.662431e+01  7.287385e-03 
 3.662471e+01  7.275204e-03 
 3.662510e+01  7.261749e-03 
 3.662550e+01  7.246982e-03 
 3.662590e+01  7.230895e-03 
 3.662630e+01  7.213477e-03 
 3.662669e+01  7.194751e-03 
 3.662709e+01  7.174867e-03 
 3.662749e+01  7.153930e-03 
 3.662789e+01  7.132075e-03 
 3.662828e+01  7.109484e-03 
 3.662868e+01  7.086335e-03 
 3.662908e+01  7.062823e-03 
 3.662948e+01  7.039108e-03 
 3.662988e+01  7.015306e-03 
 3.663027e+01  6.991534e-03 
 3.663067e+01  6.967913e-03 
 3.663107e+01  6.944507e-03 
 3.663147e+01  6.921324e-03 
 3.663186e+01  6.898363e-03 
 3.663226e+01  6.875577e-03 
 3.663266e+01  6.852916e-03 
 3.663306e+01  6.830310e-03 
 3.663345e+01  6.807741e-03 
 3.663385e+01  6.785180e-03 
 3.663425e+01  6.762663e-03 
 3.663465e+01  6.740181e-03 
 3.663505e+01  6.717724e-03 
 3.663544e+01  6.695207e-03 
 3.663584e+01  6.672556e-03 
 3.663624e+01  6.649738e-03 
 3.663664e+01  6.626667e-03 
 3.663703e+01  6.603334e-03 
 3.663743e+01  6.579699e-03 
 3.663783e+01  6.555692e-03 
 3.663823e+01  6.531305e-03 
 3.663862e+01  6.506552e-03 
 3.663902e+01  6.481411e-03 
 3.663942e+01  6.455916e-03 
 3.663982e+01  6.430010e-03 
 3.664022e+01  6.403744e-03 
 3.664061e+01  6.377140e-03 
 3.664101e+01  6.350241e-03 
 3.664141e+01  6.323074e-03 
 3.664181e+01  6.295666e-03 
 3.664220e+01  6.268058e-03 
 3.664260e+01  6.240252e-03 
 3.664300e+01  6.212319e-03 
 3.664340e+01  6.184413e-03 
 3.664379e+01  6.156634e-03 
 3.664419e+01  6.129144e-03 
 3.664459e+01  6.102154e-03 
 3.664499e+01  6.075861e-03 
 3.664539e+01  6.050421e-03 
 3.664578e+01  6.026022e-03 
 3.664618e+01  6.002771e-03 
 3.664658e+01  5.980800e-03 
 3.664698e+01  5.960182e-03 
 3.664737e+01  5.940925e-03 
 3.664777e+01  5.922978e-03 
 3.664817e+01  5.906254e-03 
 3.664857e+01  5.890628e-03 
 3.664896e+01  5.875936e-03 
 3.664936e+01  5.861947e-03 
 3.664976e+01  5.848441e-03 
 3.665016e+01  5.835242e-03 
 3.665056e+01  5.822151e-03 
 3.665095e+01  5.809058e-03 
 3.665135e+01  5.795818e-03 
 3.665175e+01  5.782271e-03 
 3.665215e+01  5.768315e-03 
 3.665254e+01  5.753967e-03 
 3.665294e+01  5.739260e-03 
 3.665334e+01  5.724212e-03 
 3.665374e+01  5.708951e-03 
 3.665413e+01  5.693650e-03 
 3.665453e+01  5.678399e-03 
 3.665493e+01  5.663345e-03 
 3.665533e+01  5.648606e-03 
 3.665573e+01  5.634319e-03 
 3.665612e+01  5.620621e-03 
 3.665652e+01  5.607618e-03 
 3.665692e+01  5.595430e-03 
 3.665732e+01  5.584144e-03 
 3.665771e+01  5.573741e-03 
 3.665811e+01  5.564296e-03 
 3.665851e+01  5.555763e-03 
 3.665891e+01  5.548179e-03 
 3.665930e+01  5.541563e-03 
 3.665970e+01  5.535863e-03 
 3.666010e+01  5.531122e-03 
 3.666050e+01  5.527391e-03 
 3.666090e+01  5.524746e-03 
 3.666129e+01  5.523265e-03 
 3.666169e+01  5.522989e-03 
 3.666209e+01  5.524020e-03 
 3.666249e+01  5.526389e-03 
 3.666288e+01  5.530137e-03 
 3.666328e+01  5.535265e-03 
 3.666368e+01  5.541705e-03 
 3.666408e+01  5.549301e-03 
 3.666447e+01  5.557878e-03 
 3.666487e+01  5.567259e-03 
 3.666527e+01  5.577272e-03 
 3.666567e+01  5.587651e-03 
 3.666607e+01  5.598136e-03 
 3.666646e+01  5.608488e-03 
 3.666686e+01  5.618449e-03 
 3.666726e+01  5.627842e-03 
 3.666766e+01  5.636565e-03 
 3.666805e+01  5.644561e-03 
 3.666845e+01  5.651854e-03 
 3.666885e+01  5.658532e-03 
 3.666925e+01  5.664694e-03 
 3.666964e+01  5.670456e-03 
 3.667004e+01  5.675936e-03 
 3.667044e+01  5.681289e-03 
 3.667084e+01  5.686701e-03 
 3.667124e+01  5.692295e-03 
 3.667163e+01  5.698272e-03 
 3.667203e+01  5.704743e-03 
 3.667243e+01  5.711818e-03 
 3.667283e+01  5.719570e-03 
 3.667322e+01  5.728025e-03 
 3.667362e+01  5.737232e-03 
 3.667402e+01  5.747162e-03 
 3.667442e+01  5.757787e-03 
 3.667481e+01  5.769076e-03 
 3.667521e+01  5.780927e-03 
 3.667561e+01  5.793249e-03 
 3.667601e+01  5.805959e-03 
 3.667641e+01  5.818897e-03 
 3.667680e+01  5.831963e-03 
 3.667720e+01  5.845049e-03 
 3.667760e+01  5.858098e-03 
 3.667800e+01  5.871115e-03 
 3.667839e+01  5.884110e-03 
 3.667879e+01  5.897095e-03 
 3.667919e+01  5.910091e-03 
 3.667959e+01  5.923160e-03 
 3.667998e+01  5.936356e-03 
 3.668038e+01  5.949724e-03 
 3.668078e+01  5.963321e-03 
 3.668118e+01  5.977198e-03 
 3.668158e+01  5.991349e-03 
 3.668197e+01  6.005785e-03 
 3.668237e+01  6.020568e-03 
 3.668277e+01  6.035668e-03 
 3.668317e+01  6.051027e-03 
 3.668356e+01  6.066597e-03 
 3.668396e+01  6.082370e-03 
 3.668436e+01  6.098340e-03 
 3.668476e+01  6.114570e-03 
 3.668515e+01  6.131139e-03 
 3.668555e+01  6.148150e-03 
 3.668595e+01  6.165694e-03 
 3.668635e+01  6.183894e-03 
 3.668675e+01  6.202833e-03 
 3.668714e+01  6.222618e-03 
 3.668754e+01  6.243323e-03 
 3.668794e+01  6.265007e-03 
 3.668834e+01  6.287715e-03 
 3.668873e+01  6.311474e-03 
 3.668913e+01  6.336247e-03 
 3.668953e+01  6.361956e-03 
 3.668993e+01  6.388460e-03 
 3.669032e+01  6.415614e-03 
 3.669072e+01  6.443217e-03 
 3.669112e+01  6.471056e-03 
 3.669152e+01  6.498932e-03 
 3.669192e+01  6.526670e-03 
 3.669231e+01  6.554060e-03 
 3.669271e+01  6.580971e-03 
 3.669311e+01  6.607262e-03 
 3.669351e+01  6.632790e-03 
 3.669390e+01  6.657535e-03 
 3.669430e+01  6.681477e-03 
 3.669470e+01  6.704651e-03 
 3.669510e+01  6.727109e-03 
 3.669549e+01  6.748906e-03 
 3.669589e+01  6.770167e-03 
 3.669629e+01  6.791023e-03 
 3.669669e+01  6.811635e-03 
 3.669709e+01  6.832215e-03 
 3.669748e+01  6.852942e-03 
 3.669788e+01  6.873982e-03 
 3.669828e+01  6.895448e-03 
 3.669868e+01  6.917437e-03 
 3.669907e+01  6.940003e-03 
 3.669947e+01  6.963178e-03 
 3.669987e+01  6.987010e-03 
 3.670027e+01  7.011539e-03 
 3.670066e+01  7.036775e-03 
 3.670106e+01  7.062653e-03 
 3.670146e+01  7.089136e-03 
 3.670186e+01  7.116150e-03 
 3.670226e+01  7.143609e-03 
 3.670265e+01  7.171456e-03 
 3.670305e+01  7.199588e-03 
 3.670345e+01  7.227895e-03 
 3.670385e+01  7.256265e-03 
 3.670424e+01  7.284632e-03 
 3.670464e+01  7.312854e-03 
 3.670504e+01  7.340761e-03 
 3.670544e+01  7.368176e-03 
 3.670583e+01  7.394915e-03 
 3.670623e+01  7.420834e-03 
 3.670663e+01  7.445809e-03 
 3.670703e+01  7.469763e-03 
 3.670743e+01  7.492592e-03 
 3.670782e+01  7.514207e-03 
 3.670822e+01  7.534562e-03 
 3.670862e+01  7.553656e-03 
 3.670902e+01  7.571520e-03 
 3.670941e+01  7.588182e-03 
 3.670981e+01  7.603643e-03 
 3.671021e+01  7.617943e-03 
 3.671061e+01  7.631123e-03 
 3.671101e+01  7.643205e-03 
 3.671140e+01  7.654275e-03 
 3.671180e+01  7.664429e-03 
 3.671220e+01  7.673753e-03 
 3.671260e+01  7.682426e-03 
 3.671299e+01  7.690652e-03 
 3.671339e+01  7.698592e-03 
 3.671379e+01  7.706437e-03 
 3.671419e+01  7.714355e-03 
 3.671458e+01  7.722473e-03 
 3.671498e+01  7.730901e-03 
 3.671538e+01  7.739694e-03 
 3.671578e+01  7.748885e-03 
 3.671618e+01  7.758426e-03 
 3.671657e+01  7.768258e-03 
 3.671697e+01  7.778247e-03 
 3.671737e+01  7.788241e-03 
 3.671777e+01  7.798088e-03 
 3.671816e+01  7.807539e-03 
 3.671856e+01  7.816381e-03 
 3.671896e+01  7.824396e-03 
 3.671936e+01  7.831421e-03 
 3.671975e+01  7.837203e-03 
 3.672015e+01  7.841575e-03 
 3.672055e+01  7.844365e-03 
 3.672095e+01  7.845383e-03 
 3.672135e+01  7.844532e-03 
 3.672174e+01  7.841763e-03 
 3.672214e+01  7.837015e-03 
 3.672254e+01  7.830310e-03 
 3.672294e+01  7.821669e-03 
 3.672333e+01  7.811169e-03 
 3.672373e+01  7.798906e-03 
 3.672413e+01  7.785013e-03 
 3.672453e+01  7.769609e-03 
 3.672492e+01  7.752878e-03 
 3.672532e+01  7.735006e-03 
 3.672572e+01  7.716166e-03 
 3.672612e+01  7.696558e-03 
 3.672652e+01  7.676296e-03 
 3.672691e+01  7.655444e-03 
 3.672731e+01  7.634035e-03 
 3.672771e+01  7.612086e-03 
 3.672811e+01  7.589640e-03 
 3.672850e+01  7.566680e-03 
 3.672890e+01  7.543272e-03 
 3.672930e+01  7.519463e-03 
 3.672970e+01  7.495334e-03 
 3.673009e+01  7.470877e-03 
 3.673049e+01  7.446162e-03 
 3.673089e+01  7.421227e-03 
 3.673129e+01  7.396126e-03 
 3.673169e+01  7.370936e-03 
 3.673208e+01  7.345741e-03 
 3.673248e+01  7.320569e-03 
 3.673288e+01  7.295457e-03 
 3.673328e+01  7.270347e-03 
 3.673367e+01  7.245201e-03 
 3.673407e+01  7.219996e-03 
 3.673447e+01  7.194685e-03 
 3.673487e+01  7.169198e-03 
 3.673526e+01  7.143535e-03 
 3.673566e+01  7.117668e-03 
 3.673606e+01  7.091576e-03 
 3.673646e+01  7.065245e-03 
 3.673686e+01  7.038614e-03 
 3.673725e+01  7.011662e-03 
 3.673765e+01  6.984384e-03 
 3.673805e+01  6.956794e-03 
 3.673845e+01  6.929025e-03 
 3.673884e+01  6.901112e-03 
 3.673924e+01  6.873204e-03 
 3.673964e+01  6.845510e-03 
 3.674004e+01  6.818253e-03 
 3.674043e+01  6.791674e-03 
 3.674083e+01  6.766010e-03 
 3.674123e+01  6.741559e-03 
 3.674163e+01  6.718471e-03 
 3.674203e+01  6.696861e-03 
 3.674242e+01  6.676743e-03 
 3.674282e+01  6.658041e-03 
 3.674322e+01  6.640633e-03 
 3.674362e+01  6.624427e-03 
 3.674401e+01  6.609298e-03 
 3.674441e+01  6.595111e-03 
 3.674481e+01  6.581704e-03 
 3.674521e+01  6.568898e-03 
 3.674560e+01  6.556485e-03 
 3.674600e+01  6.544352e-03 
 3.674640e+01  6.532283e-03 
 3.674680e+01  6.520164e-03 
 3.674720e+01  6.507906e-03 
 3.674759e+01  6.495467e-03 
 3.674799e+01  6.482876e-03 
 3.674839e+01  6.470175e-03 
 3.674879e+01  6.457378e-03 
 3.674918e+01  6.444517e-03 
 3.674958e+01  6.431614e-03 
 3.674998e+01  6.418725e-03 
 3.675038e+01  6.405929e-03 
 3.675077e+01  6.393335e-03 
 3.675117e+01  6.381014e-03 
 3.675157e+01  6.369092e-03 
 3.675197e+01  6.357620e-03 
 3.675237e+01  6.346617e-03 
 3.675276e+01  6.336131e-03 
 3.675316e+01  6.326161e-03 
 3.675356e+01  6.316668e-03 
 3.675396e+01  6.307722e-03 
 3.675435e+01  6.299326e-03 
 3.675475e+01  6.291579e-03 
 3.675515e+01  6.284516e-03 
 3.675555e+01  6.278234e-03 
 3.675594e+01  6.272851e-03 
 3.675634e+01  6.268468e-03 
 3.675674e+01  6.265199e-03 
 3.675714e+01  6.263279e-03 
 3.675754e+01  6.262793e-03 
 3.675793e+01  6.263879e-03 
 3.675833e+01  6.266542e-03 
 3.675873e+01  6.270713e-03 
 3.675913e+01  6.276293e-03 
 3.675952e+01  6.283045e-03 
 3.675992e+01  6.290777e-03 
 3.676032e+01  6.299241e-03 
 3.676072e+01  6.308200e-03 
 3.676111e+01  6.317459e-03 
 3.676151e+01  6.326735e-03 
 3.676191e+01  6.335816e-03 
 3.676231e+01  6.344484e-03 
 3.676271e+01  6.352591e-03 
 3.676310e+01  6.360044e-03 
 3.676350e+01  6.366813e-03 
 3.676390e+01  6.372880e-03 
 3.676430e+01  6.378232e-03 
 3.676469e+01  6.382976e-03 
 3.676509e+01  6.387192e-03 
 3.676549e+01  6.390992e-03 
 3.676589e+01  6.394486e-03 
 3.676628e+01  6.397841e-03 
 3.676668e+01  6.401223e-03 
 3.676708e+01  6.404871e-03 
 3.676748e+01  6.408995e-03 
 3.676788e+01  6.413771e-03 
 3.676827e+01  6.419313e-03 
 3.676867e+01  6.425691e-03 
 3.676907e+01  6.432962e-03 
 3.676947e+01  6.441178e-03 
 3.676986e+01  6.450325e-03 
 3.677026e+01  6.460356e-03 
 3.677066e+01  6.471199e-03 
 3.677106e+01  6.482761e-03 
 3.677145e+01  6.494986e-03 
 3.677185e+01  6.507754e-03 
 3.677225e+01  6.520964e-03 
 3.677265e+01  6.534626e-03 
 3.677305e+01  6.548716e-03 
 3.677344e+01  6.563217e-03 
 3.677384e+01  6.578118e-03 
 3.677424e+01  6.593314e-03 
 3.677464e+01  6.608746e-03 
 3.677503e+01  6.624372e-03 
 3.677543e+01  6.640145e-03 
 3.677583e+01  6.656009e-03 
 3.677623e+01  6.671937e-03 
 3.677662e+01  6.687899e-03 
 3.677702e+01  6.703841e-03 
 3.677742e+01  6.719718e-03 
 3.677782e+01  6.735444e-03 
 3.677822e+01  6.750927e-03 
 3.677861e+01  6.766059e-03 
 3.677901e+01  6.780793e-03 
 3.677941e+01  6.795173e-03 
 3.677981e+01  6.809265e-03 
 3.678020e+01  6.823120e-03 
 3.678060e+01  6.836784e-03 
 3.678100e+01  6.850391e-03 
 3.678140e+01  6.864028e-03 
 3.678179e+01  6.877758e-03 
 3.678219e+01  6.891699e-03 
 3.678259e+01  6.905990e-03 
 3.678299e+01  6.920726e-03 
 3.678339e+01  6.936008e-03 
 3.678378e+01  6.951971e-03 
 3.678418e+01  6.968691e-03 
 3.678458e+01  6.986185e-03 
 3.678498e+01  7.004463e-03 
 3.678537e+01  7.023521e-03 
 3.678577e+01  7.043316e-03 
 3.678617e+01  7.063741e-03 
 3.678657e+01  7.084748e-03 
 3.678696e+01  7.106241e-03 
 3.678736e+01  7.128085e-03 
 3.678776e+01  7.150185e-03 
 3.678816e+01  7.172444e-03 
 3.678856e+01  7.194743e-03 
 3.678895e+01  7.217042e-03 
 3.678935e+01  7.239291e-03 
 3.678975e+01  7.261478e-03 
 3.679015e+01  7.283626e-03 
 3.679054e+01  7.305751e-03 
 3.679094e+01  7.327899e-03 
 3.679134e+01  7.350129e-03 
 3.679174e+01  7.372557e-03 
 3.679213e+01  7.395297e-03 
 3.679253e+01  7.418458e-03 
 3.679293e+01  7.442225e-03 
 3.679333e+01  7.466724e-03 
 3.679373e+01  7.492030e-03 
 3.679412e+01  7.518193e-03 
 3.679452e+01  7.545263e-03 
 3.679492e+01  7.573325e-03 
 3.679532e+01  7.602420e-03 
 3.679571e+01  7.632612e-03 
 3.679611e+01  7.663946e-03 
 3.679651e+01  7.696420e-03 
 3.679691e+01  7.729930e-03 
 3.679730e+01  7.764426e-03 
 3.679770e+01  7.799747e-03 
 3.679810e+01  7.835745e-03 
 3.679850e+01  7.872353e-03 
 3.679890e+01  7.909435e-03 
 3.679929e+01  7.946871e-03 
 3.679969e+01  7.984544e-03 
 3.680009e+01  8.022287e-03 
 3.680049e+01  8.059929e-03 
 3.680088e+01  8.097294e-03 
 3.680128e+01  8.134249e-03 
 3.680168e+01  8.170694e-03 
 3.680208e+01  8.206574e-03 
 3.680248e+01  8.241760e-03 
 3.680287e+01  8.276203e-03 
 3.680327e+01  8.309793e-03 
 3.680367e+01  8.342402e-03 
 3.680407e+01  8.373913e-03 
 3.680446e+01  8.404280e-03 
 3.680486e+01  8.433417e-03 
 3.680526e+01  8.461264e-03 
 3.680566e+01  8.487745e-03 
 3.680605e+01  8.512810e-03 
 3.680645e+01  8.536429e-03 
 3.680685e+01  8.558566e-03 
 3.680725e+01  8.579256e-03 
 3.680765e+01  8.598585e-03 
 3.680804e+01  8.616683e-03 
 3.680844e+01  8.633803e-03 
 3.680884e+01  8.650222e-03 
 3.680924e+01  8.666216e-03 
 3.680963e+01  8.681965e-03 
 3.681003e+01  8.697646e-03 
 3.681043e+01  8.713460e-03 
 3.681083e+01  8.729561e-03 
 3.681122e+01  8.746046e-03 
 3.681162e+01  8.762991e-03 
 3.681202e+01  8.780350e-03 
 3.681242e+01  8.798093e-03 
 3.681282e+01  8.816084e-03 
 3.681321e+01  8.834211e-03 
 3.681361e+01  8.852294e-03 
 3.681401e+01  8.870113e-03 
 3.681441e+01  8.887418e-03 
 3.681480e+01  8.904064e-03 
 3.681520e+01  8.919877e-03 
 3.681560e+01  8.934535e-03 
 3.681600e+01  8.947917e-03 
 3.681639e+01  8.959791e-03 
 3.681679e+01  8.970105e-03 
 3.681719e+01  8.978793e-03 
 3.681759e+01  8.985787e-03 
 3.681799e+01  8.991101e-03 
 3.681838e+01  8.994738e-03 
 3.681878e+01  8.996746e-03 
 3.681918e+01  8.997188e-03 
 3.681958e+01  8.996143e-03 
 3.681997e+01  8.993646e-03 
 3.682037e+01  8.989753e-03 
 3.682077e+01  8.984592e-03 
 3.682117e+01  8.978230e-03 
 3.682156e+01  8.970713e-03 
 3.682196e+01  8.962080e-03 
 3.682236e+01  8.952248e-03 
 3.682276e+01  8.941144e-03 
 3.682316e+01  8.928767e-03 
 3.682355e+01  8.915075e-03 
 3.682395e+01  8.900100e-03 
 3.682435e+01  8.883892e-03 
 3.682475e+01  8.866532e-03 
 3.682514e+01  8.848131e-03 
 3.682554e+01  8.828781e-03 
 3.682594e+01  8.808602e-03 
 3.682634e+01  8.787703e-03 
 3.682673e+01  8.766205e-03 
 3.682713e+01  8.744304e-03 
 3.682753e+01  8.722103e-03 
 3.682793e+01  8.699691e-03 
 3.682833e+01  8.677145e-03 
 3.682872e+01  8.654486e-03 
 3.682912e+01  8.631630e-03 
 3.682952e+01  8.608506e-03 
 3.682992e+01  8.585035e-03 
 3.683031e+01  8.561156e-03 
 3.683071e+01  8.536820e-03 
 3.683111e+01  8.511989e-03 
 3.683151e+01  8.486652e-03 
 3.683190e+01  8.460765e-03 
 3.683230e+01  8.434265e-03 
 3.683270e+01  8.407179e-03 
 3.683310e+01  8.379471e-03 
 3.683350e+01  8.351171e-03 
 3.683389e+01  8.322356e-03 
 3.683429e+01  8.293143e-03 
 3.683469e+01  8.263695e-03 
 3.683509e+01  8.234133e-03 
 3.683548e+01  8.204627e-03 
 3.683588e+01  8.175347e-03 
 3.683628e+01  8.146387e-03 
 3.683668e+01  8.117930e-03 
 3.683707e+01  8.090169e-03 
 3.683747e+01  8.063211e-03 
 3.683787e+01  8.037054e-03 
 3.683827e+01  8.011752e-03 
 3.683867e+01  7.987216e-03 
 3.683906e+01  7.963327e-03 
 3.683946e+01  7.939952e-03 
 3.683986e+01  7.916929e-03 
 3.684026e+01  7.894149e-03 
 3.684065e+01  7.871504e-03 
 3.684105e+01  7.848938e-03 
 3.684145e+01  7.826454e-03 
 3.684185e+01  7.804001e-03 
 3.684224e+01  7.781613e-03 
 3.684264e+01  7.759325e-03 
 3.684304e+01  7.737188e-03 
 3.684344e+01  7.715357e-03 
 3.684384e+01  7.693884e-03 
 3.684423e+01  7.672888e-03 
 3.684463e+01  7.652453e-03 
 3.684503e+01  7.632592e-03 
 3.684543e+01  7.613352e-03 
 3.684582e+01  7.594752e-03 
 3.684622e+01  7.576778e-03 
 3.684662e+01  7.559399e-03 
 3.684702e+01  7.542608e-03 
 3.684741e+01  7.526411e-03 
 3.684781e+01  7.510803e-03 
 3.684821e+01  7.495792e-03 
 3.684861e+01  7.481431e-03 
 3.684901e+01  7.467739e-03 
 3.684940e+01  7.454689e-03 
 3.684980e+01  7.442356e-03 
 3.685020e+01  7.430808e-03 
 3.685060e+01  7.420078e-03 
 3.685099e+01  7.410222e-03 
 3.685139e+01  7.401280e-03 
 3.685179e+01  7.393266e-03 
 3.685219e+01  7.386272e-03 
 3.685258e+01  7.380386e-03 
 3.685298e+01  7.375618e-03 
 3.685338e+01  7.371954e-03 
 3.685378e+01  7.369277e-03 
 3.685418e+01  7.367496e-03 
 3.685457e+01  7.366511e-03 
 3.685497e+01  7.366153e-03 
 3.685537e+01  7.366209e-03 
 3.685577e+01  7.366456e-03 
 3.685616e+01  7.366745e-03 
 3.685656e+01  7.366819e-03 
 3.685696e+01  7.366494e-03 
 3.685736e+01  7.365612e-03 
 3.685775e+01  7.363916e-03 
 3.685815e+01  7.361319e-03 
 3.685855e+01  7.357731e-03 
 3.685895e+01  7.353173e-03 
 3.685935e+01  7.347700e-03 
 3.685974e+01  7.341355e-03 
 3.686014e+01  7.334294e-03 
 3.686054e+01  7.326646e-03 
 3.686094e+01  7.318612e-03 
 3.686133e+01  7.310290e-03 
 3.686173e+01  7.301781e-03 
 3.686213e+01  7.293190e-03 
 3.686253e+01  7.284635e-03 
 3.686292e+01  7.276309e-03 
 3.686332e+01  7.268360e-03 
 3.686372e+01  7.260976e-03 
 3.686412e+01  7.254255e-03 
 3.686452e+01  7.248312e-03 
 3.686491e+01  7.243302e-03 
 3.686531e+01  7.239280e-03 
 3.686571e+01  7.236255e-03 
 3.686611e+01  7.234160e-03 
 3.686650e+01  7.232975e-03 
 3.686690e+01  7.232553e-03 
 3.686730e+01  7.232815e-03 
 3.686770e+01  7.233681e-03 
 3.686809e+01  7.235022e-03 
 3.686849e+01  7.236779e-03 
 3.686889e+01  7.238902e-03 
 3.686929e+01  7.241371e-03 
 3.686969e+01  7.244171e-03 
 3.687008e+01  7.247238e-03 
 3.687048e+01  7.250512e-03 
 3.687088e+01  7.253919e-03 
 3.687128e+01  7.257367e-03 
 3.687167e+01  7.260783e-03 
 3.687207e+01  7.264100e-03 
 3.687247e+01  7.267303e-03 
 3.687287e+01  7.270339e-03 
 3.687326e+01  7.273157e-03 
 3.687366e+01  7.275729e-03 
 3.687406e+01  7.277998e-03 
 3.687446e+01  7.279974e-03 
 3.687486e+01  7.281648e-03 
 3.687525e+01  7.282976e-03 
 3.687565e+01  7.283978e-03 
 3.687605e+01  7.284657e-03 
 3.687645e+01  7.285071e-03 
 3.687684e+01  7.285323e-03 
 3.687724e+01  7.285478e-03 
 3.687764e+01  7.285606e-03 
 3.687804e+01  7.285832e-03 
 3.687843e+01  7.286286e-03 
 3.687883e+01  7.287101e-03 
 3.687923e+01  7.288397e-03 
 3.687963e+01  7.290285e-03 
 3.688003e+01  7.292860e-03 
 3.688042e+01  7.296170e-03 
 3.688082e+01  7.300328e-03 
 3.688122e+01  7.305405e-03 
 3.688162e+01  7.311383e-03 
 3.688201e+01  7.318242e-03 
 3.688241e+01  7.325927e-03 
 3.688281e+01  7.334405e-03 
 3.688321e+01  7.343581e-03 
 3.688360e+01  7.353374e-03 
 3.688400e+01  7.363666e-03 
 3.688440e+01  7.374369e-03 
 3.688480e+01  7.385391e-03 
 3.688520e+01  7.396692e-03 
 3.688559e+01  7.408204e-03 
 3.688599e+01  7.419843e-03 
 3.688639e+01  7.431618e-03 
 3.688679e+01  7.443529e-03 
 3.688718e+01  7.455689e-03 
 3.688758e+01  7.468229e-03 
 3.688798e+01  7.481256e-03 
 3.688838e+01  7.494911e-03 
 3.688877e+01  7.509320e-03 
 3.688917e+01  7.524581e-03 
 3.688957e+01  7.540728e-03 
 3.688997e+01  7.557774e-03 
 3.689037e+01  7.575734e-03 
 3.689076e+01  7.594621e-03 
 3.689116e+01  7.614467e-03 
 3.689156e+01  7.635267e-03 
 3.689196e+01  7.656973e-03 
 3.689235e+01  7.679516e-03 
 3.689275e+01  7.702802e-03 
 3.689315e+01  7.726732e-03 
 3.689355e+01  7.751175e-03 
 3.689395e+01  7.776014e-03 
 3.689434e+01  7.801158e-03 
 3.689474e+01  7.826535e-03 
 3.689514e+01  7.852060e-03 
 3.689554e+01  7.877674e-03 
 3.689593e+01  7.903386e-03 
 3.689633e+01  7.929242e-03 
 3.689673e+01  7.955266e-03 
 3.689713e+01  7.981461e-03 
 3.689752e+01  8.007816e-03 
 3.689792e+01  8.034317e-03 
 3.689832e+01  8.060927e-03 
 3.689872e+01  8.087541e-03 
 3.689912e+01  8.114117e-03 
 3.689951e+01  8.140487e-03 
 3.689991e+01  8.166562e-03 
 3.690031e+01  8.192263e-03 
 3.690071e+01  8.217480e-03 
 3.690110e+01  8.242109e-03 
 3.690150e+01  8.266052e-03 
 3.690190e+01  8.289293e-03 
 3.690230e+01  8.311800e-03 
 3.690269e+01  8.333658e-03 
 3.690309e+01  8.354935e-03 
 3.690349e+01  8.375728e-03 
 3.690389e+01  8.396199e-03 
 3.690429e+01  8.416531e-03 
 3.690468e+01  8.436913e-03 
 3.690508e+01  8.457479e-03 
 3.690548e+01  8.478391e-03 
 3.690588e+01  8.499698e-03 
 3.690627e+01  8.521474e-03 
 3.690667e+01  8.543722e-03 
 3.690707e+01  8.566413e-03 
 3.690747e+01  8.589419e-03 
 3.690786e+01  8.612550e-03 
 3.690826e+01  8.635621e-03 
 3.690866e+01  8.658349e-03 
 3.690906e+01  8.680408e-03 
 3.690946e+01  8.701496e-03 
 3.690985e+01  8.721273e-03 
 3.691025e+01  8.739485e-03 
 3.691065e+01  8.755970e-03 
 3.691105e+01  8.770630e-03 
 3.691144e+01  8.783392e-03 
 3.691184e+01  8.794188e-03 
 3.691224e+01  8.802999e-03 
 3.691264e+01  8.809835e-03 
 3.691303e+01  8.814692e-03 
 3.691343e+01  8.817594e-03 
 3.691383e+01  8.818623e-03 
 3.691423e+01  8.817875e-03 
 3.691463e+01  8.815470e-03 
 3.691502e+01  8.811564e-03 
 3.691542e+01  8.806257e-03 
 3.691582e+01  8.799643e-03 
 3.691622e+01  8.791805e-03 
 3.691661e+01  8.782821e-03 
 3.691701e+01  8.772680e-03 
 3.691741e+01  8.761400e-03 
 3.691781e+01  8.749019e-03 
 3.691820e+01  8.735596e-03 
 3.691860e+01  8.721202e-03 
 3.691900e+01  8.705918e-03 
 3.691940e+01  8.689830e-03 
 3.691980e+01  8.673115e-03 
 3.692019e+01  8.655928e-03 
 3.692059e+01  8.638419e-03 
 3.692099e+01  8.620718e-03 
 3.692139e+01  8.602932e-03 
 3.692178e+01  8.585179e-03 
 3.692218e+01  8.567541e-03 
 3.692258e+01  8.550128e-03 
 3.692298e+01  8.533001e-03 
 3.692337e+01  8.516139e-03 
 3.692377e+01  8.499498e-03 
 3.692417e+01  8.483028e-03 
 3.692457e+01  8.466673e-03 
 3.692497e+01  8.450317e-03 
 3.692536e+01  8.433804e-03 
 3.692576e+01  8.416982e-03 
 3.692616e+01  8.399717e-03 
 3.692656e+01  8.381831e-03 
 3.692695e+01  8.363230e-03 
 3.692735e+01  8.343810e-03 
 3.692775e+01  8.323484e-03 
 3.692815e+01  8.302213e-03 
 3.692854e+01  8.280022e-03 
 3.692894e+01  8.256982e-03 
 3.692934e+01  8.233126e-03 
 3.692974e+01  8.208488e-03 
 3.693014e+01  8.183174e-03 
 3.693053e+01  8.157287e-03 
 3.693093e+01  8.130979e-03 
 3.693133e+01  8.104431e-03 
 3.693173e+01  8.077823e-03 
 3.693212e+01  8.051271e-03 
 3.693252e+01  8.024952e-03 
 3.693292e+01  7.998961e-03 
 3.693332e+01  7.973286e-03 
 3.693371e+01  7.947929e-03 
 3.693411e+01  7.922831e-03 
 3.693451e+01  7.897958e-03 
 3.693491e+01  7.873312e-03 
 3.693531e+01  7.848875e-03 
 3.693570e+01  7.824602e-03 
 3.693610e+01  7.800437e-03 
 3.693650e+01  7.776346e-03 
 3.693690e+01  7.752346e-03 
 3.693729e+01  7.728429e-03 
 3.693769e+01  7.704640e-03 
 3.693809e+01  7.681065e-03 
 3.693849e+01  7.657788e-03 
 3.693888e+01  7.634893e-03 
 3.693928e+01  7.612420e-03 
 3.693968e+01  7.590371e-03 
 3.694008e+01  7.568726e-03 
 3.694048e+01  7.547448e-03 
 3.694087e+01  7.526431e-03 
 3.694127e+01  7.505612e-03 
 3.694167e+01  7.484909e-03 
 3.694207e+01  7.464247e-03 
 3.694246e+01  7.443555e-03 
 3.694286e+01  7.422805e-03 
 3.694326e+01  7.401981e-03 
 3.694366e+01  7.381076e-03 
 3.694405e+01  7.360128e-03 
 3.694445e+01  7.339194e-03 
 3.694485e+01  7.318307e-03 
 3.694525e+01  7.297490e-03 
 3.694565e+01  7.276789e-03 
 3.694604e+01  7.256311e-03 
 3.694644e+01  7.236177e-03 
 3.694684e+01  7.216476e-03 
 3.694724e+01  7.197326e-03 
 3.694763e+01  7.178807e-03 
 3.694803e+01  7.160977e-03 
 3.694843e+01  7.143907e-03 
 3.694883e+01  7.127645e-03 
 3.694922e+01  7.112182e-03 
 3.694962e+01  7.097500e-03 
 3.695002e+01  7.083626e-03 
 3.695042e+01  7.070572e-03 
 3.695082e+01  7.058365e-03 
 3.695121e+01  7.046928e-03 
 3.695161e+01  7.036169e-03 
 3.695201e+01  7.025916e-03 
 3.695241e+01  7.016069e-03 
 3.695280e+01  7.006529e-03 
 3.695320e+01  6.997216e-03 
 3.695360e+01  6.988042e-03 
 3.695400e+01  6.978995e-03 
 3.695439e+01  6.970065e-03 
 3.695479e+01  6.961252e-03 
 3.695519e+01  6.952575e-03 
 3.695559e+01  6.944012e-03 
 3.695599e+01  6.935576e-03 
 3.695638e+01  6.927276e-03 
 3.695678e+01  6.919168e-03 
 3.695718e+01  6.911301e-03 
 3.695758e+01  6.903691e-03 
 3.695797e+01  6.896431e-03 
 3.695837e+01  6.889518e-03 
 3.695877e+01  6.883006e-03 
 3.695917e+01  6.876899e-03 
 3.695956e+01  6.871235e-03 
 3.695996e+01  6.866040e-03 
 3.696036e+01  6.861338e-03 
 3.696076e+01  6.857138e-03 
 3.696116e+01  6.853370e-03 
 3.696155e+01  6.849939e-03 
 3.696195e+01  6.846786e-03 
 3.696235e+01  6.843767e-03 
 3.696275e+01  6.840774e-03 
 3.696314e+01  6.837678e-03 
 3.696354e+01  6.834413e-03 
 3.696394e+01  6.830905e-03 
 3.696434e+01  6.827077e-03 
 3.696473e+01  6.822888e-03 
 3.696513e+01  6.818353e-03 
 3.696553e+01  6.813505e-03 
 3.696593e+01  6.808376e-03 
 3.696633e+01  6.803065e-03 
 3.696672e+01  6.797707e-03 
 3.696712e+01  6.792345e-03 
 3.696752e+01  6.787030e-03 
 3.696792e+01  6.781863e-03 
 3.696831e+01  6.776887e-03 
 3.696871e+01  6.772106e-03 
 3.696911e+01  6.767535e-03 
 3.696951e+01  6.763189e-03 
 3.696990e+01  6.759040e-03 
 3.697030e+01  6.755083e-03 
 3.697070e+01  6.751348e-03 
 3.697110e+01  6.747883e-03 
 3.697150e+01  6.744734e-03 
 3.697189e+01  6.742007e-03 
 3.697229e+01  6.739858e-03 
 3.697269e+01  6.738408e-03 
 3.697309e+01  6.737745e-03 
 3.697348e+01  6.737971e-03 
 3.697388e+01  6.739189e-03 
 3.697428e+01  6.741514e-03 
 3.697468e+01  6.745069e-03 
 3.697507e+01  6.749959e-03 
 3.697547e+01  6.756265e-03 
 3.697587e+01  6.763994e-03 
 3.697627e+01  6.773126e-03 
 3.697667e+01  6.783637e-03 
 3.697706e+01  6.795421e-03 
 3.697746e+01  6.808340e-03 
 3.697786e+01  6.822248e-03 
 3.697826e+01  6.836944e-03 
 3.697865e+01  6.852265e-03 
 3.697905e+01  6.867996e-03 
 3.697945e+01  6.883945e-03 
 3.697985e+01  6.899882e-03 
 3.698024e+01  6.915608e-03 
 3.698064e+01  6.930964e-03 
 3.698104e+01  6.945870e-03 
 3.698144e+01  6.960282e-03 
 3.698184e+01  6.974234e-03 
 3.698223e+01  6.987804e-03 
 3.698263e+01  7.001098e-03 
 3.698303e+01  7.014267e-03 
 3.698343e+01  7.027452e-03 
 3.698382e+01  7.040800e-03 
 3.698422e+01  7.054463e-03 
 3.698462e+01  7.068476e-03 
 3.698502e+01  7.082914e-03 
 3.698542e+01  7.097841e-03 
 3.698581e+01  7.113266e-03 
 3.698621e+01  7.129187e-03 
 3.698661e+01  7.145616e-03 
 3.698701e+01  7.162561e-03 
 3.698740e+01  7.180021e-03 
 3.698780e+01  7.197955e-03 
 3.698820e+01  7.216377e-03 
 3.698860e+01  7.235317e-03 
 3.698899e+01  7.254785e-03 
 3.698939e+01  7.274834e-03 
 3.698979e+01  7.295483e-03 
 3.699019e+01  7.316787e-03 
 3.699059e+01  7.338784e-03 
 3.699098e+01  7.361466e-03 
 3.699138e+01  7.384847e-03 
 3.699178e+01  7.408939e-03 
 3.699218e+01  7.433709e-03 
 3.699257e+01  7.459101e-03 
 3.699297e+01  7.485070e-03 
 3.699337e+01  7.511508e-03 
 3.699377e+01  7.538316e-03 
 3.699416e+01  7.565358e-03 
 3.699456e+01  7.592494e-03 
 3.699496e+01  7.619590e-03 
 3.699536e+01  7.646454e-03 
 3.699576e+01  7.672926e-03 
 3.699615e+01  7.698817e-03 
 3.699655e+01  7.723907e-03 
 3.699695e+01  7.748049e-03 
 3.699735e+01  7.771115e-03 
 3.699774e+01  7.793035e-03 
 3.699814e+01  7.813799e-03 
 3.699854e+01  7.833487e-03 
 3.699894e+01  7.852170e-03 
 3.699933e+01  7.869999e-03 
 3.699973e+01  7.887131e-03 
 3.700013e+01  7.903729e-03 
 3.700053e+01  7.919980e-03 
 3.700093e+01  7.936056e-03 
 3.700132e+01  7.952092e-03 
 3.700172e+01  7.968208e-03 
 3.700212e+01  7.984456e-03 
 3.700252e+01  8.000775e-03 
 3.700291e+01  8.017100e-03 
 3.700331e+01  8.033341e-03 
 3.700371e+01  8.049342e-03 
 3.700411e+01  8.065034e-03 
 3.700450e+01  8.080371e-03 
 3.700490e+01  8.095272e-03 
 3.700530e+01  8.109675e-03 
 3.700570e+01  8.123560e-03 
 3.700610e+01  8.136875e-03 
 3.700649e+01  8.149573e-03 
 3.700689e+01  8.161652e-03 
 3.700729e+01  8.173157e-03 
 3.700769e+01  8.184160e-03 
 3.700808e+01  8.194698e-03 
 3.700848e+01  8.204896e-03 
 3.700888e+01  8.214823e-03 
 3.700928e+01  8.224510e-03 
 3.700967e+01  8.233973e-03 
 3.701007e+01  8.243215e-03 
 3.701047e+01  8.252206e-03 
 3.701087e+01  8.260834e-03 
 3.701127e+01  8.269003e-03 
 3.701166e+01  8.276595e-03 
 3.701206e+01  8.283456e-03 
 3.701246e+01  8.289413e-03 
 3.701286e+01  8.294293e-03 
 3.701325e+01  8.297931e-03 
 3.701365e+01  8.300209e-03 
 3.701405e+01  8.301060e-03 
 3.701445e+01  8.300435e-03 
 3.701484e+01  8.298340e-03 
 3.701524e+01  8.294826e-03 
 3.701564e+01  8.289912e-03 
 3.701604e+01  8.283729e-03 
 3.701644e+01  8.276314e-03 
 3.701683e+01  8.267773e-03 
 3.701723e+01  8.258192e-03 
 3.701763e+01  8.247602e-03 
 3.701803e+01  8.236089e-03 
 3.701842e+01  8.223695e-03 
 3.701882e+01  8.210481e-03 
 3.701922e+01  8.196502e-03 
 3.701962e+01  8.181751e-03 
 3.702001e+01  8.166197e-03 
 3.702041e+01  8.149836e-03 
 3.702081e+01  8.132645e-03 
 3.702121e+01  8.114620e-03 
 3.702161e+01  8.095813e-03 
 3.702200e+01  8.076281e-03 
 3.702240e+01  8.056133e-03 
 3.702280e+01  8.035489e-03 
 3.702320e+01  8.014435e-03 
 3.702359e+01  7.993135e-03 
 3.702399e+01  7.971717e-03 
 3.702439e+01  7.950258e-03 
 3.702479e+01  7.928875e-03 
 3.702518e+01  7.907640e-03 
 3.702558e+01  7.886648e-03 
 3.702598e+01  7.865968e-03 
 3.702638e+01  7.845696e-03 
 3.702678e+01  7.825925e-03 
 3.702717e+01  7.806664e-03 
 3.702757e+01  7.787964e-03 
 3.702797e+01  7.769839e-03 
 3.702837e+01  7.752258e-03 
 3.702876e+01  7.735170e-03 
 3.702916e+01  7.718424e-03 
 3.702956e+01  7.701920e-03 
 3.702996e+01  7.685533e-03 
 3.703035e+01  7.669152e-03 
 3.703075e+01  7.652598e-03 
 3.703115e+01  7.635715e-03 
 3.703155e+01  7.618340e-03 
 3.703195e+01  7.600315e-03 
 3.703234e+01  7.581539e-03 
 3.703274e+01  7.561966e-03 
 3.703314e+01  7.541512e-03 
 3.703354e+01  7.520198e-03 
 3.703393e+01  7.498014e-03 
 3.703433e+01  7.475012e-03 
 3.703473e+01  7.451208e-03 
 3.703513e+01  7.426590e-03 
 3.703552e+01  7.401189e-03 
 3.703592e+01  7.375015e-03 
 3.703632e+01  7.348087e-03 
 3.703672e+01  7.320464e-03 
 3.703712e+01  7.292210e-03 
 3.703751e+01  7.263403e-03 
 3.703791e+01  7.234096e-03 
 3.703831e+01  7.204382e-03 
 3.703871e+01  7.174343e-03 
 3.703910e+01  7.144072e-03 
 3.703950e+01  7.113666e-03 
 3.703990e+01  7.083197e-03 
 3.704030e+01  7.052778e-03 
 3.704069e+01  7.022534e-03 
 3.704109e+01  6.992620e-03 
 3.704149e+01  6.963201e-03 
 3.704189e+01  6.934402e-03 
 3.704229e+01  6.906372e-03 
 3.704268e+01  6.879222e-03 
 3.704308e+01  6.853084e-03 
 3.704348e+01  6.828046e-03 
 3.704388e+01  6.804191e-03 
 3.704427e+01  6.781571e-03 
 3.704467e+01  6.760179e-03 
 3.704507e+01  6.740035e-03 
 3.704547e+01  6.721029e-03 
 3.704586e+01  6.703070e-03 
 3.704626e+01  6.686020e-03 
 3.704666e+01  6.669711e-03 
 3.704706e+01  6.653987e-03 
 3.704746e+01  6.638714e-03 
 3.704785e+01  6.623748e-03 
 3.704825e+01  6.608928e-03 
 3.704865e+01  6.594110e-03 
 3.704905e+01  6.579145e-03 
 3.704944e+01  6.563935e-03 
 3.704984e+01  6.548420e-03 
 3.705024e+01  6.532563e-03 
 3.705064e+01  6.516381e-03 
 3.705103e+01  6.499879e-03 
 3.705143e+01  6.483083e-03 
 3.705183e+01  6.466041e-03 
 3.705223e+01  6.448787e-03 
 3.705263e+01  6.431331e-03 
 3.705302e+01  6.413721e-03 
 3.705342e+01  6.396080e-03 
 3.705382e+01  6.378550e-03 
 3.705422e+01  6.361256e-03 
 3.705461e+01  6.344373e-03 
 3.705501e+01  6.328034e-03 
 3.705541e+01  6.312359e-03 
 3.705581e+01  6.297461e-03 
 3.705620e+01  6.283392e-03 
 3.705660e+01  6.270200e-03 
 3.705700e+01  6.257830e-03 
 3.705740e+01  6.246237e-03 
 3.705780e+01  6.235401e-03 
 3.705819e+01  6.225272e-03 
 3.705859e+01  6.215810e-03 
 3.705899e+01  6.207026e-03 
 3.705939e+01  6.198904e-03 
 3.705978e+01  6.191480e-03 
 3.706018e+01  6.184790e-03 
 3.706058e+01  6.178889e-03 
 3.706098e+01  6.173877e-03 
 3.706137e+01  6.169810e-03 
 3.706177e+01  6.166728e-03 
 3.706217e+01  6.164693e-03 
 3.706257e+01  6.163727e-03 
 3.706297e+01  6.163824e-03 
 3.706336e+01  6.164909e-03 
 3.706376e+01  6.166862e-03 
 3.706416e+01  6.169535e-03 
 3.706456e+01  6.172788e-03 
 3.706495e+01  6.176465e-03 
 3.706535e+01  6.180445e-03 
 3.706575e+01  6.184620e-03 
 3.706615e+01  6.188864e-03 
 3.706654e+01  6.193100e-03 
 3.706694e+01  6.197255e-03 
 3.706734e+01  6.201311e-03 
 3.706774e+01  6.205298e-03 
 3.706814e+01  6.209229e-03 
 3.706853e+01  6.213162e-03 
 3.706893e+01  6.217184e-03 
 3.706933e+01  6.221398e-03 
 3.706973e+01  6.225930e-03 
 3.707012e+01  6.230897e-03 
 3.707052e+01  6.236397e-03 
 3.707092e+01  6.242500e-03 
 3.707132e+01  6.249242e-03 
 3.707171e+01  6.256671e-03 
 3.707211e+01  6.264799e-03 
 3.707251e+01  6.273574e-03 
 3.707291e+01  6.282917e-03 
 3.707331e+01  6.292719e-03 
 3.707370e+01  6.302928e-03 
 3.707410e+01  6.313447e-03 
 3.707450e+01  6.324165e-03 
 3.707490e+01  6.335003e-03 
 3.707529e+01  6.345939e-03 
 3.707569e+01  6.356981e-03 
 3.707609e+01  6.368146e-03 
 3.707649e+01  6.379556e-03 
 3.707688e+01  6.391357e-03 
 3.707728e+01  6.403708e-03 
 3.707768e+01  6.416826e-03 
 3.707808e+01  6.430918e-03 
 3.707848e+01  6.446145e-03 
 3.707887e+01  6.462648e-03 
 3.707927e+01  6.480494e-03 
 3.707967e+01  6.499722e-03 
 3.708007e+01  6.520359e-03 
 3.708046e+01  6.542356e-03 
 3.708086e+01  6.565678e-03 
 3.708126e+01  6.590259e-03 
 3.708166e+01  6.616047e-03 
 3.708206e+01  6.642958e-03 
 3.708245e+01  6.670910e-03 
 3.708285e+01  6.699853e-03 
 3.708325e+01  6.729649e-03 
 3.708365e+01  6.760129e-03 
 3.708404e+01  6.791167e-03 
 3.708444e+01  6.822668e-03 
 3.708484e+01  6.854553e-03 
 3.708524e+01  6.886786e-03 
 3.708563e+01  6.919279e-03 
 3.708603e+01  6.951972e-03 
 3.708643e+01  6.984827e-03 
 3.708683e+01  7.017743e-03 
 3.708723e+01  7.050647e-03 
 3.708762e+01  7.083438e-03 
 3.708802e+01  7.115962e-03 
 3.708842e+01  7.148128e-03 
 3.708882e+01  7.179802e-03 
 3.708921e+01  7.210898e-03 
 3.708961e+01  7.241331e-03 
 3.709001e+01  7.270983e-03 
 3.709041e+01  7.299745e-03 
 3.709080e+01  7.327518e-03 
 3.709120e+01  7.354238e-03 
 3.709160e+01  7.379873e-03 
 3.709200e+01  7.404395e-03 
 3.709240e+01  7.427786e-03 
 3.709279e+01  7.450076e-03 
 3.709319e+01  7.471339e-03 
 3.709359e+01  7.491712e-03 
 3.709399e+01  7.511405e-03 
 3.709438e+01  7.530665e-03 
 3.709478e+01  7.549720e-03 
 3.709518e+01  7.568802e-03 
 3.709558e+01  7.588160e-03 
 3.709597e+01  7.608006e-03 
 3.709637e+01  7.628460e-03 
 3.709677e+01  7.649574e-03 
 3.709717e+01  7.671420e-03 
 3.709757e+01  7.694037e-03 
 3.709796e+01  7.717380e-03 
 3.709836e+01  7.741381e-03 
 3.709876e+01  7.765987e-03 
 3.709916e+01  7.791056e-03 
 3.709955e+01  7.816392e-03 
 3.709995e+01  7.841825e-03 
 3.710035e+01  7.867203e-03 
 3.710075e+01  7.892400e-03 
 3.710114e+01  7.917330e-03 
 3.710154e+01  7.941967e-03 
 3.710194e+01  7.966305e-03 
 3.710234e+01  7.990320e-03 
 3.710274e+01  8.014009e-03 
 3.710313e+01  8.037319e-03 
 3.710353e+01  8.060207e-03 
 3.710393e+01  8.082645e-03 
 3.710433e+01  8.104590e-03 
 3.710472e+01  8.126035e-03 
 3.710512e+01  8.146984e-03 
 3.710552e+01  8.167410e-03 
 3.710592e+01  8.187224e-03 
 3.710631e+01  8.206393e-03 
 3.710671e+01  8.224839e-03 
 3.710711e+01  8.242447e-03 
 3.710751e+01  8.259097e-03 
 3.710791e+01  8.274712e-03 
 3.710830e+01  8.289210e-03 
 3.710870e+01  8.302541e-03 
 3.710910e+01  8.314730e-03 
 3.710950e+01  8.325821e-03 
 3.710989e+01  8.335830e-03 
 3.711029e+01  8.344841e-03 
 3.711069e+01  8.352999e-03 
 3.711109e+01  8.360425e-03 
 3.711148e+01  8.367265e-03 
 3.711188e+01  8.373626e-03 
 3.711228e+01  8.379624e-03 
 3.711268e+01  8.385349e-03 
 3.711308e+01  8.390887e-03 
 3.711347e+01  8.396337e-03 
 3.711387e+01  8.401743e-03 
 3.711427e+01  8.407073e-03 
 3.711467e+01  8.412275e-03 
 3.711506e+01  8.417243e-03 
 3.711546e+01  8.421945e-03 
 3.711586e+01  8.426281e-03 
 3.711626e+01  8.430219e-03 
 3.711665e+01  8.433728e-03 
 3.711705e+01  8.436807e-03 
 3.711745e+01  8.439457e-03 
 3.711785e+01  8.441742e-03 
 3.711825e+01  8.443630e-03 
 3.711864e+01  8.445099e-03 
 3.711904e+01  8.446150e-03 
 3.711944e+01  8.446759e-03 
 3.711984e+01  8.446900e-03 
 3.712023e+01  8.446500e-03 
 3.712063e+01  8.445549e-03 
 3.712103e+01  8.444000e-03 
 3.712143e+01  8.441841e-03 
 3.712182e+01  8.439083e-03 
 3.712222e+01  8.435775e-03 
 3.712262e+01  8.431966e-03 
 3.712302e+01  8.427663e-03 
 3.712342e+01  8.422860e-03 
 3.712381e+01  8.417592e-03 
 3.712421e+01  8.411862e-03 
 3.712461e+01  8.405634e-03 
 3.712501e+01  8.398875e-03 
 3.712540e+01  8.391543e-03 
 3.712580e+01  8.383592e-03 
 3.712620e+01  8.374939e-03 
 3.712660e+01  8.365502e-03 
 3.712699e+01  8.355226e-03 
 3.712739e+01  8.343973e-03 
 3.712779e+01  8.331646e-03 
 3.712819e+01  8.318223e-03 
 3.712859e+01  8.303717e-03 
 3.712898e+01  8.288141e-03 
 3.712938e+01  8.271557e-03 
 3.712978e+01  8.254049e-03 
 3.713018e+01  8.235726e-03 
 3.713057e+01  8.216735e-03 
 3.713097e+01  8.197209e-03 
 3.713137e+01  8.177283e-03 
 3.713177e+01  8.157026e-03 
 3.713216e+01  8.136496e-03 
 3.713256e+01  8.115768e-03 
 3.713296e+01  8.094901e-03 
 3.713336e+01  8.073944e-03 
 3.713376e+01  8.052980e-03 
 3.713415e+01  8.032075e-03 
 3.713455e+01  8.011296e-03 
 3.713495e+01  7.990723e-03 
 3.713535e+01  7.970405e-03 
 3.713574e+01  7.950378e-03 
 3.713614e+01  7.930617e-03 
 3.713654e+01  7.911130e-03 
 3.713694e+01  7.891915e-03 
 3.713733e+01  7.873011e-03 
 3.713773e+01  7.854533e-03 
 3.713813e+01  7.836487e-03 
 3.713853e+01  7.818901e-03 
 3.713893e+01  7.801797e-03 
 3.713932e+01  7.785147e-03 
 3.713972e+01  7.768949e-03 
 3.714012e+01  7.753142e-03 
 3.714052e+01  7.737664e-03 
 3.714091e+01  7.722429e-03 
 3.714131e+01  7.707316e-03 
 3.714171e+01  7.692181e-03 
 3.714211e+01  7.676805e-03 
 3.714250e+01  7.660964e-03 
 3.714290e+01  7.644466e-03 
 3.714330e+01  7.627092e-03 
 3.714370e+01  7.608682e-03 
 3.714410e+01  7.589173e-03 
 3.714449e+01  7.568537e-03 
 3.714489e+01  7.546765e-03 
 3.714529e+01  7.523914e-03 
 3.714569e+01  7.500069e-03 
 3.714608e+01  7.475384e-03 
 3.714648e+01  7.449963e-03 
 3.714688e+01  7.423929e-03 
 3.714728e+01  7.397427e-03 
 3.714767e+01  7.370600e-03 
 3.714807e+01  7.343641e-03 
 3.714847e+01  7.316778e-03 
 3.714887e+01  7.290262e-03 
 3.714927e+01  7.264286e-03 
 3.714966e+01  7.239017e-03 
 3.715006e+01  7.214620e-03 
 3.715046e+01  7.191176e-03 
 3.715086e+01  7.168713e-03 
 3.715125e+01  7.147248e-03 
 3.715165e+01  7.126792e-03 
 3.715205e+01  7.107393e-03 
 3.715245e+01  7.089121e-03 
 3.715284e+01  7.072058e-03 
 3.715324e+01  7.056224e-03 
 3.715364e+01  7.041615e-03 
 3.715404e+01  7.028188e-03 
 3.715444e+01  7.015848e-03 
 3.715483e+01  7.004523e-03 
 3.715523e+01  6.994164e-03 
 3.715563e+01  6.984722e-03 
 3.715603e+01  6.976236e-03 
 3.715642e+01  6.968716e-03 
 3.715682e+01  6.962210e-03 
 3.715722e+01  6.956693e-03 
 3.715762e+01  6.952191e-03 
 3.715801e+01  6.948650e-03 
 3.715841e+01  6.945906e-03 
 3.715881e+01  6.943836e-03 
 3.715921e+01  6.942267e-03 
 3.715961e+01  6.941023e-03 
 3.716000e+01  6.939909e-03 
 3.716040e+01  6.938691e-03 
 3.716080e+01  6.937183e-03 
 3.716120e+01  6.935269e-03 
 3.716159e+01  6.932885e-03 
 3.716199e+01  6.930047e-03 
 3.716239e+01  6.926779e-03 
 3.716279e+01  6.923168e-03 
 3.716318e+01  6.919310e-03 
 3.716358e+01  6.915335e-03 
 3.716398e+01  6.911416e-03 
 3.716438e+01  6.907740e-03 
 3.716478e+01  6.904556e-03 
 3.716517e+01  6.902059e-03 
 3.716557e+01  6.900448e-03 
 3.716597e+01  6.899910e-03 
 3.716637e+01  6.900582e-03 
 3.716676e+01  6.902528e-03 
 3.716716e+01  6.905751e-03 
 3.716756e+01  6.910221e-03 
 3.716796e+01  6.915909e-03 
 3.716835e+01  6.922687e-03 
 3.716875e+01  6.930466e-03 
 3.716915e+01  6.939149e-03 
 3.716955e+01  6.948626e-03 
 3.716995e+01  6.958826e-03 
 3.717034e+01  6.969732e-03 
 3.717074e+01  6.981325e-03 
 3.717114e+01  6.993615e-03 
 3.717154e+01  7.006627e-03 
 3.717193e+01  7.020399e-03 
 3.717233e+01  7.035021e-03 
 3.717273e+01  7.050572e-03 
 3.717313e+01  7.067114e-03 
 3.717353e+01  7.084748e-03 
 3.717392e+01  7.103515e-03 
 3.717432e+01  7.123436e-03 
 3.717472e+01  7.144485e-03 
 3.717512e+01  7.166589e-03 
 3.717551e+01  7.189598e-03 
 3.717591e+01  7.213335e-03 
 3.717631e+01  7.237628e-03 
 3.717671e+01  7.262344e-03 
 3.717710e+01  7.287356e-03 
 3.717750e+01  7.312568e-03 
 3.717790e+01  7.337870e-03 
 3.717830e+01  7.363193e-03 
 3.717870e+01  7.388487e-03 
 3.717909e+01  7.413698e-03 
 3.717949e+01  7.438831e-03 
 3.717989e+01  7.463833e-03 
 3.718029e+01  7.488663e-03 
 3.718068e+01  7.513269e-03 
 3.718108e+01  7.537680e-03 
 3.718148e+01  7.561935e-03 
 3.718188e+01  7.586005e-03 
 3.718227e+01  7.609863e-03 
 3.718267e+01  7.633478e-03 
 3.718307e+01  7.656820e-03 
 3.718347e+01  7.679845e-03 
 3.718387e+01  7.702494e-03 
 3.718426e+01  7.724719e-03 
 3.718466e+01  7.746493e-03 
 3.718506e+01  7.767832e-03 
 3.718546e+01  7.788752e-03 
 3.718585e+01  7.809310e-03 
 3.718625e+01  7.829568e-03 
 3.718665e+01  7.849549e-03 
 3.718705e+01  7.869283e-03 
 3.718744e+01  7.888827e-03 
 3.718784e+01  7.908290e-03 
 3.718824e+01  7.927830e-03 
 3.718864e+01  7.947635e-03 
 3.718904e+01  7.967913e-03 
 3.718943e+01  7.988827e-03 
 3.718983e+01  8.010554e-03 
 3.719023e+01  8.033198e-03 
 3.719063e+01  8.056785e-03 
 3.719102e+01  8.081335e-03 
 3.719142e+01  8.106840e-03 
 3.719182e+01  8.133271e-03 
 3.719222e+01  8.160629e-03 
 3.719261e+01  8.188880e-03 
 3.719301e+01  8.217910e-03 
 3.719341e+01  8.247553e-03 
 3.719381e+01  8.277635e-03 
 3.719421e+01  8.307953e-03 
 3.719460e+01  8.338319e-03 
 3.719500e+01  8.368528e-03 
 3.719540e+01  8.398429e-03 
 3.719580e+01  8.427859e-03 
 3.719619e+01  8.456670e-03 
 3.719659e+01  8.484738e-03 
 3.719699e+01  8.511945e-03 
 3.719739e+01  8.538164e-03 
 3.719778e+01  8.563327e-03 
 3.719818e+01  8.587386e-03 
 3.719858e+01  8.610388e-03 
 3.719898e+01  8.632367e-03 
 3.719938e+01  8.653395e-03 
 3.719977e+01  8.673522e-03 
 3.720017e+01  8.692845e-03 
 3.720057e+01  8.711451e-03 
 3.720097e+01  8.729437e-03 
 3.720136e+01  8.746887e-03 
 3.720176e+01  8.763837e-03 
 3.720216e+01  8.780276e-03 
 3.720256e+01  8.796202e-03 
 3.720295e+01  8.811621e-03 
 3.720335e+01  8.826569e-03 
 3.720375e+01  8.841117e-03 
 3.720415e+01  8.855310e-03 
 3.720455e+01  8.869230e-03 
 3.720494e+01  8.882923e-03 
 3.720534e+01  8.896487e-03 
 3.720574e+01  8.909976e-03 
 3.720614e+01  8.923452e-03 
 3.720653e+01  8.937008e-03 
 3.720693e+01  8.950723e-03 
 3.720733e+01  8.964666e-03 
 3.720773e+01  8.978913e-03 
 3.720812e+01  8.993529e-03 
 3.720852e+01  9.008503e-03 
 3.720892e+01  9.023757e-03 
 3.720932e+01  9.039241e-03 
 3.720972e+01  9.054858e-03 
 3.721011e+01  9.070542e-03 
 3.721051e+01  9.086144e-03 
 3.721091e+01  9.101561e-03 
 3.721131e+01  9.116632e-03 
 3.721170e+01  9.131224e-03 
 3.721210e+01  9.145224e-03 
 3.721250e+01  9.158565e-03 
 3.721290e+01  9.171168e-03 
 3.721329e+01  9.182993e-03 
 3.721369e+01  9.194003e-03 
 3.721409e+01  9.204191e-03 
 3.721449e+01  9.213548e-03 
 3.721489e+01  9.222080e-03 
 3.721528e+01  9.229773e-03 
 3.721568e+01  9.236670e-03 
 3.721608e+01  9.242838e-03 
 3.721648e+01  9.248348e-03 
 3.721687e+01  9.253327e-03 
 3.721727e+01  9.257889e-03 
 3.721767e+01  9.262146e-03 
 3.721807e+01  9.266213e-03 
 3.721846e+01  9.270182e-03 
 3.721886e+01  9.274110e-03 
 3.721926e+01  9.277973e-03 
 3.721966e+01  9.281751e-03 
 3.722006e+01  9.285438e-03 
 3.722045e+01  9.288998e-03 
 3.722085e+01  9.292410e-03 
 3.722125e+01  9.295652e-03 
 3.722165e+01  9.298639e-03 
 3.722204e+01  9.301276e-03 
 3.722244e+01  9.303472e-03 
 3.722284e+01  9.305149e-03 
 3.722324e+01  9.306184e-03 
 3.722363e+01  9.306506e-03 
 3.722403e+01  9.306047e-03 
 3.722443e+01  9.304758e-03 
 3.722483e+01  9.302641e-03 
 3.722523e+01  9.299738e-03 
 3.722562e+01  9.296109e-03 
 3.722602e+01  9.291742e-03 
 3.722642e+01  9.286675e-03 
 3.722682e+01  9.280925e-03 
 3.722721e+01  9.274516e-03 
 3.722761e+01  9.267488e-03 
 3.722801e+01  9.259860e-03 
 3.722841e+01  9.251674e-03 
 3.722880e+01  9.242953e-03 
 3.722920e+01  9.233742e-03 
 3.722960e+01  9.224080e-03 
 3.723000e+01  9.213997e-03 
 3.723040e+01  9.203446e-03 
 3.723079e+01  9.192358e-03 
 3.723119e+01  9.180722e-03 
 3.723159e+01  9.168533e-03 
 3.723199e+01  9.155845e-03 
 3.723238e+01  9.142779e-03 
 3.723278e+01  9.129473e-03 
 3.723318e+01  9.116088e-03 
 3.723358e+01  9.102758e-03 
 3.723397e+01  9.089592e-03 
 3.723437e+01  9.076666e-03 
 3.723477e+01  9.064022e-03 
 3.723517e+01  9.051622e-03 
 3.723557e+01  9.039422e-03 
 3.723596e+01  9.027386e-03 
 3.723636e+01  9.015429e-03 
 3.723676e+01  9.003428e-03 
 3.723716e+01  8.991247e-03 
 3.723755e+01  8.978668e-03 
 3.723795e+01  8.965509e-03 
 3.723835e+01  8.951575e-03 
 3.723875e+01  8.936730e-03 
 3.723914e+01  8.920852e-03 
 3.723954e+01  8.903905e-03 
 3.723994e+01  8.885907e-03 
 3.724034e+01  8.866955e-03 
 3.724074e+01  8.847160e-03 
 3.724113e+01  8.826650e-03 
 3.724153e+01  8.805549e-03 
 3.724193e+01  8.784029e-03 
 3.724233e+01  8.762238e-03 
 3.724272e+01  8.740376e-03 
 3.724312e+01  8.718594e-03 
 3.724352e+01  8.697061e-03 
 3.724392e+01  8.675942e-03 
 3.724431e+01  8.655284e-03 
 3.724471e+01  8.635141e-03 
 3.724511e+01  8.615583e-03 
 3.724551e+01  8.596641e-03 
 3.724591e+01  8.578373e-03 
 3.724630e+01  8.560855e-03 
 3.724670e+01  8.544096e-03 
 3.724710e+01  8.528097e-03 
 3.724750e+01  8.512837e-03 
 3.724789e+01  8.498174e-03 
 3.724829e+01  8.483985e-03 
 3.724869e+01  8.470162e-03 
 3.724909e+01  8.456645e-03 
 3.724948e+01  8.443400e-03 
 3.724988e+01  8.430456e-03 
 3.725028e+01  8.417853e-03 
 3.725068e+01  8.405587e-03 
 3.725108e+01  8.393679e-03 
 3.725147e+01  8.382143e-03 
 3.725187e+01  8.371052e-03 
 3.725227e+01  8.360402e-03 
 3.725267e+01  8.350164e-03 
 3.725306e+01  8.340267e-03 
 3.725346e+01  8.330614e-03 
 3.725386e+01  8.321096e-03 
 3.725426e+01  8.311556e-03 
 3.725465e+01  8.301865e-03 
 3.725505e+01  8.291928e-03 
 3.725545e+01  8.281694e-03 
 3.725585e+01  8.271153e-03 
 3.725625e+01  8.260347e-03 
 3.725664e+01  8.249300e-03 
 3.725704e+01  8.238054e-03 
 3.725744e+01  8.226649e-03 
 3.725784e+01  8.215210e-03 
 3.725823e+01  8.203902e-03 
 3.725863e+01  8.192905e-03 
 3.725903e+01  8.182468e-03 
 3.725943e+01  8.172826e-03 
 3.725982e+01  8.164149e-03 
 3.726022e+01  8.156646e-03 
 3.726062e+01  8.150460e-03 
 3.726102e+01  8.145788e-03 
 3.726142e+01  8.142719e-03 
 3.726181e+01  8.141326e-03 
 3.726221e+01  8.141672e-03 
 3.726261e+01  8.143738e-03 
 3.726301e+01  8.147385e-03 
 3.726340e+01  8.152439e-03 
 3.726380e+01  8.158759e-03 
 3.726420e+01  8.166169e-03 
 3.726460e+01  8.174531e-03 
 3.726500e+01  8.183777e-03 
 3.726539e+01  8.193810e-03 
 3.726579e+01  8.204566e-03 
 3.726619e+01  8.215981e-03 
 3.726659e+01  8.228012e-03 
 3.726698e+01  8.240633e-03 
 3.726738e+01  8.253879e-03 
 3.726778e+01  8.267798e-03 
 3.726818e+01  8.282464e-03 
 3.726857e+01  8.297938e-03 
 3.726897e+01  8.314275e-03 
 3.726937e+01  8.331480e-03 
 3.726977e+01  8.349484e-03 
 3.727017e+01  8.368177e-03 
 3.727056e+01  8.387466e-03 
 3.727096e+01  8.407263e-03 
 3.727136e+01  8.427500e-03 
 3.727176e+01  8.448141e-03 
 3.727215e+01  8.469147e-03 
 3.727255e+01  8.490461e-03 
 3.727295e+01  8.512047e-03 
 3.727335e+01  8.533852e-03 
 3.727374e+01  8.555876e-03 
 3.727414e+01  8.578160e-03 
 3.727454e+01  8.600694e-03 
 3.727494e+01  8.623523e-03 
 3.727534e+01  8.646704e-03 
 3.727573e+01  8.670286e-03 
 3.727613e+01  8.694348e-03 
 3.727653e+01  8.718940e-03 
 3.727693e+01  8.744090e-03 
 3.727732e+01  8.769706e-03 
 3.727772e+01  8.795692e-03 
 3.727812e+01  8.821923e-03 
 3.727852e+01  8.848300e-03 
 3.727891e+01  8.874739e-03 
 3.727931e+01  8.901118e-03 
 3.727971e+01  8.927382e-03 
 3.728011e+01  8.953523e-03 
 3.728051e+01  8.979497e-03 
 3.728090e+01  9.005266e-03 
 3.728130e+01  9.030756e-03 
 3.728170e+01  9.055859e-03 
 3.728210e+01  9.080483e-03 
 3.728249e+01  9.104615e-03 
 3.728289e+01  9.128279e-03 
 3.728329e+01  9.151543e-03 
 3.728369e+01  9.174538e-03 
 3.728408e+01  9.197403e-03 
 3.728448e+01  9.220325e-03 
 3.728488e+01  9.243463e-03 
 3.728528e+01  9.266970e-03 
 3.728568e+01  9.290936e-03 
 3.728607e+01  9.315384e-03 
 3.728647e+01  9.340289e-03 
 3.728687e+01  9.365636e-03 
 3.728727e+01  9.391407e-03 
 3.728766e+01  9.417597e-03 
 3.728806e+01  9.444160e-03 
 3.728846e+01  9.471000e-03 
 3.728886e+01  9.498028e-03 
 3.728925e+01  9.525152e-03 
 3.728965e+01  9.552207e-03 
 3.729005e+01  9.579042e-03 
 3.729045e+01  9.605523e-03 
 3.729085e+01  9.631522e-03 
 3.729124e+01  9.656939e-03 
 3.729164e+01  9.681692e-03 
 3.729204e+01  9.705727e-03 
 3.729244e+01  9.728967e-03 
 3.729283e+01  9.751413e-03 
 3.729323e+01  9.773101e-03 
 3.729363e+01  9.794068e-03 
 3.729403e+01  9.814349e-03 
 3.729442e+01  9.833975e-03 
 3.729482e+01  9.852943e-03 
 3.729522e+01  9.871257e-03 
 3.729562e+01  9.888977e-03 
 3.729602e+01  9.906163e-03 
 3.729641e+01  9.922876e-03 
 3.729681e+01  9.939185e-03 
 3.729721e+01  9.955175e-03 
 3.729761e+01  9.970977e-03 
 3.729800e+01  9.986689e-03 
 3.729840e+01  1.000240e-02 
 3.729880e+01  1.001815e-02 
 3.729920e+01  1.003392e-02 
 3.729959e+01  1.004966e-02 
 3.729999e+01  1.006543e-02 
 3.730039e+01  1.008123e-02 
 3.730079e+01  1.009706e-02 
 3.730119e+01  1.011297e-02 
 3.730158e+01  1.012896e-02 
 3.730198e+01  1.014508e-02 
 3.730238e+01  1.016141e-02 
 3.730278e+01  1.017798e-02 
 3.730317e+01  1.019471e-02 
 3.730357e+01  1.021159e-02 
 3.730397e+01  1.022853e-02 
 3.730437e+01  1.024544e-02 
 3.730476e+01  1.026222e-02 
 3.730516e+01  1.027874e-02 
 3.730556e+01  1.029490e-02 
 3.730596e+01  1.031056e-02 
 3.730636e+01  1.032562e-02 
 3.730675e+01  1.033998e-02 
 3.730715e+01  1.035356e-02 
 3.730755e+01  1.036628e-02 
 3.730795e+01  1.037809e-02 
 3.730834e+01  1.038885e-02 
 3.730874e+01  1.039851e-02 
 3.730914e+01  1.040701e-02 
 3.730954e+01  1.041433e-02 
 3.730993e+01  1.042043e-02 
 3.731033e+01  1.042535e-02 
 3.731073e+01  1.042916e-02 
 3.731113e+01  1.043199e-02 
 3.731153e+01  1.043400e-02 
 3.731192e+01  1.043529e-02 
 3.731232e+01  1.043604e-02 
 3.731272e+01  1.043644e-02 
 3.731312e+01  1.043667e-02 
 3.731351e+01  1.043694e-02 
 3.731391e+01  1.043741e-02 
 3.731431e+01  1.043820e-02 
 3.731471e+01  1.043943e-02 
 3.731510e+01  1.044116e-02 
 3.731550e+01  1.044347e-02 
 3.731590e+01  1.044634e-02 
 3.731630e+01  1.044976e-02 
 3.731670e+01  1.045361e-02 
 3.731709e+01  1.045776e-02 
 3.731749e+01  1.046210e-02 
 3.731789e+01  1.046652e-02 
 3.731829e+01  1.047089e-02 
 3.731868e+01  1.047514e-02 
 3.731908e+01  1.047923e-02 
 3.731948e+01  1.048314e-02 
 3.731988e+01  1.048690e-02 
 3.732027e+01  1.049051e-02 
 3.732067e+01  1.049393e-02 
 3.732107e+01  1.049710e-02 
 3.732147e+01  1.049993e-02 
 3.732187e+01  1.050233e-02 
 3.732226e+01  1.050419e-02 
 3.732266e+01  1.050539e-02 
 3.732306e+01  1.050585e-02 
 3.732346e+01  1.050543e-02 
 3.732385e+01  1.050405e-02 
 3.732425e+01  1.050161e-02 
 3.732465e+01  1.049800e-02 
 3.732505e+01  1.049312e-02 
 3.732544e+01  1.048693e-02 
 3.732584e+01  1.047937e-02 
 3.732624e+01  1.047043e-02 
 3.732664e+01  1.046023e-02 
 3.732704e+01  1.044884e-02 
 3.732743e+01  1.043640e-02 
 3.732783e+01  1.042307e-02 
 3.732823e+01  1.040898e-02 
 3.732863e+01  1.039426e-02 
 3.732902e+01  1.037907e-02 
 3.732942e+01  1.036359e-02 
 3.732982e+01  1.034788e-02 
 3.733022e+01  1.033204e-02 
 3.733061e+01  1.031618e-02 
 3.733101e+01  1.030037e-02 
 3.733141e+01  1.028471e-02 
 3.733181e+01  1.026913e-02 
 3.733221e+01  1.025351e-02 
 3.733260e+01  1.023770e-02 
 3.733300e+01  1.022146e-02 
 3.733340e+01  1.020464e-02 
 3.733380e+01  1.018706e-02 
 3.733419e+01  1.016858e-02 
 3.733459e+01  1.014915e-02 
 3.733499e+01  1.012874e-02 
 3.733539e+01  1.010738e-02 
 3.733578e+01  1.008513e-02 
 3.733618e+01  1.006207e-02 
 3.733658e+01  1.003830e-02 
 3.733698e+01  1.001391e-02 
 3.733738e+01  9.989013e-03 
 3.733777e+01  9.963694e-03 
 3.733817e+01  9.938042e-03 
 3.733857e+01  9.912135e-03 
 3.733897e+01  9.886043e-03 
 3.733936e+01  9.859838e-03 
 3.733976e+01  9.833601e-03 
 3.734016e+01  9.807350e-03 
 3.734056e+01  9.781034e-03 
 3.734095e+01  9.754599e-03 
 3.734135e+01  9.727984e-03 
 3.734175e+01  9.701155e-03 
 3.734215e+01  9.674034e-03 
 3.734255e+01  9.646570e-03 
 3.734294e+01  9.618716e-03 
 3.734334e+01  9.590477e-03 
 3.734374e+01  9.561919e-03 
 3.734414e+01  9.533092e-03 
 3.734453e+01  9.504080e-03 
 3.734493e+01  9.474961e-03 
 3.734533e+01  9.445781e-03 
 3.734573e+01  9.416596e-03 
 3.734612e+01  9.387482e-03 
 3.734652e+01  9.358518e-03 
 3.734692e+01  9.329757e-03 
 3.734732e+01  9.301262e-03 
 3.734772e+01  9.273104e-03 
 3.734811e+01  9.245340e-03 
 3.734851e+01  9.218046e-03 
 3.734891e+01  9.191259e-03 
 3.734931e+01  9.164996e-03 
 3.734970e+01  9.139199e-03 
 3.735010e+01  9.113822e-03 
 3.735050e+01  9.088805e-03 
 3.735090e+01  9.064147e-03 
 3.735129e+01  9.039870e-03 
 3.735169e+01  9.015943e-03 
 3.735209e+01  8.992413e-03 
 3.735249e+01  8.969468e-03 
 3.735289e+01  8.947316e-03 
 3.735328e+01  8.926127e-03 
 3.735368e+01  8.906107e-03 
 3.735408e+01  8.887339e-03 
 3.735448e+01  8.869952e-03 
 3.735487e+01  8.854032e-03 
 3.735527e+01  8.839626e-03 
 3.735567e+01  8.826816e-03 
 3.735607e+01  8.815566e-03 
 3.735647e+01  8.805817e-03 
 3.735686e+01  8.797564e-03 
 3.735726e+01  8.790768e-03 
 3.735766e+01  8.785332e-03 
 3.735806e+01  8.781109e-03 
 3.735845e+01  8.778008e-03 
 3.735885e+01  8.775852e-03 
 3.735925e+01  8.774561e-03 
 3.735965e+01  8.773985e-03 
 3.736004e+01  8.773947e-03 
 3.736044e+01  8.774281e-03 
 3.736084e+01  8.774842e-03 
 3.736124e+01  8.775563e-03 
 3.736164e+01  8.776412e-03 
 3.736203e+01  8.777390e-03 
 3.736243e+01  8.778555e-03 
 3.736283e+01  8.779956e-03 
 3.736323e+01  8.781687e-03 
 3.736362e+01  8.783854e-03 
 3.736402e+01  8.786496e-03 
 3.736442e+01  8.789616e-03 
 3.736482e+01  8.793241e-03 
 3.736521e+01  8.797446e-03 
 3.736561e+01  8.802263e-03 
 3.736601e+01  8.807761e-03 
 3.736641e+01  8.813973e-03 
 3.736681e+01  8.820924e-03 
 3.736720e+01  8.828659e-03 
 3.736760e+01  8.837221e-03 
 3.736800e+01  8.846681e-03 
 3.736840e+01  8.857126e-03 
 3.736879e+01  8.868674e-03 
 3.736919e+01  8.881431e-03 
 3.736959e+01  8.895511e-03 
 3.736999e+01  8.911024e-03 
 3.737038e+01  8.928021e-03 
 3.737078e+01  8.946472e-03 
 3.737118e+01  8.966383e-03 
 3.737158e+01  8.987716e-03 
 3.737198e+01  9.010396e-03 
 3.737237e+01  9.034345e-03 
 3.737277e+01  9.059478e-03 
 3.737317e+01  9.085711e-03 
 3.737357e+01  9.112860e-03 
 3.737396e+01  9.140736e-03 
 3.737436e+01  9.169179e-03 
 3.737476e+01  9.198031e-03 
 3.737516e+01  9.227119e-03 
 3.737555e+01  9.256248e-03 
 3.737595e+01  9.285221e-03 
 3.737635e+01  9.313822e-03 
 3.737675e+01  9.341863e-03 
 3.737715e+01  9.369195e-03 
 3.737754e+01  9.395733e-03 
 3.737794e+01  9.421422e-03 
 3.737834e+01  9.446284e-03 
 3.737874e+01  9.470367e-03 
 3.737913e+01  9.493770e-03 
 3.737953e+01  9.516537e-03 
 3.737993e+01  9.538705e-03 
 3.738033e+01  9.560303e-03 
 3.738072e+01  9.581367e-03 
 3.738112e+01  9.601965e-03 
 3.738152e+01  9.622234e-03 
 3.738192e+01  9.642322e-03 
 3.738232e+01  9.662353e-03 
 3.738271e+01  9.682499e-03 
 3.738311e+01  9.702912e-03 
 3.738351e+01  9.723695e-03 
 3.738391e+01  9.744914e-03 
 3.738430e+01  9.766527e-03 
 3.738470e+01  9.788545e-03 
 3.738510e+01  9.810917e-03 
 3.738550e+01  9.833581e-03 
 3.738589e+01  9.856483e-03 
 3.738629e+01  9.879532e-03 
 3.738669e+01  9.902636e-03 
 3.738709e+01  9.925721e-03 
 3.738749e+01  9.948735e-03 
 3.738788e+01  9.971655e-03 
 3.738828e+01  9.994441e-03 
 3.738868e+01  1.001706e-02 
 3.738908e+01  1.003947e-02 
 3.738947e+01  1.006163e-02 
 3.738987e+01  1.008351e-02 
 3.739027e+01  1.010514e-02 
 3.739067e+01  1.012659e-02 
 3.739106e+01  1.014794e-02 
 3.739146e+01  1.016930e-02 
 3.739186e+01  1.019071e-02 
 3.739226e+01  1.021217e-02 
 3.739266e+01  1.023368e-02 
 3.739305e+01  1.025512e-02 
 3.739345e+01  1.027638e-02 
 3.739385e+01  1.029733e-02 
 3.739425e+01  1.031787e-02 
 3.739464e+01  1.033801e-02 
 3.739504e+01  1.035778e-02 
 3.739544e+01  1.037718e-02 
 3.739584e+01  1.039621e-02 
 3.739623e+01  1.041497e-02 
 3.739663e+01  1.043353e-02 
 3.739703e+01  1.045193e-02 
 3.739743e+01  1.047016e-02 
 3.739783e+01  1.048823e-02 
 3.739822e+01  1.050615e-02 
 3.739862e+01  1.052394e-02 
 3.739902e+01  1.054168e-02 
 3.739942e+01  1.055943e-02 
 3.739981e+01  1.057723e-02 
 3.740021e+01  1.059509e-02 
 3.740061e+01  1.061305e-02 
 3.740101e+01  1.063113e-02 
 3.740140e+01  1.064929e-02 
 3.740180e+01  1.066743e-02 
 3.740220e+01  1.068543e-02 
 3.740260e+01  1.070320e-02 
 3.740300e+01  1.072060e-02 
 3.740339e+01  1.073753e-02 
 3.740379e+01  1.075397e-02 
 3.740419e+01  1.076987e-02 
 3.740459e+01  1.078516e-02 
 3.740498e+01  1.079992e-02 
 3.740538e+01  1.081417e-02 
 3.740578e+01  1.082790e-02 
 3.740618e+01  1.084117e-02 
 3.740657e+01  1.085401e-02 
 3.740697e+01  1.086656e-02 
 3.740737e+01  1.087890e-02 
 3.740777e+01  1.089116e-02 
 3.740817e+01  1.090344e-02 
 3.740856e+01  1.091582e-02 
 3.740896e+01  1.092838e-02 
 3.740936e+01  1.094120e-02 
 3.740976e+01  1.095430e-02 
 3.741015e+01  1.096763e-02 
 3.741055e+01  1.098114e-02 
 3.741095e+01  1.099474e-02 
 3.741135e+01  1.100833e-02 
 3.741174e+01  1.102179e-02 
 3.741214e+01  1.103503e-02 
 3.741254e+01  1.104793e-02 
 3.741294e+01  1.106042e-02 
 3.741334e+01  1.107242e-02 
 3.741373e+01  1.108390e-02 
 3.741413e+01  1.109486e-02 
 3.741453e+01  1.110533e-02 
 3.741493e+01  1.111530e-02 
 3.741532e+01  1.112480e-02 
 3.741572e+01  1.113386e-02 
 3.741612e+01  1.114250e-02 
 3.741652e+01  1.115084e-02 
 3.741691e+01  1.115890e-02 
 3.741731e+01  1.116667e-02 
 3.741771e+01  1.117403e-02 
 3.741811e+01  1.118090e-02 
 3.741851e+01  1.118714e-02 
 3.741890e+01  1.119261e-02 
 3.741930e+01  1.119714e-02 
 3.741970e+01  1.120066e-02 
 3.742010e+01  1.120309e-02 
 3.742049e+01  1.120438e-02 
 3.742089e+01  1.120451e-02 
 3.742129e+01  1.120349e-02 
 3.742169e+01  1.120133e-02 
 3.742208e+01  1.119803e-02 
 3.742248e+01  1.119366e-02 
 3.742288e+01  1.118839e-02 
 3.742328e+01  1.118239e-02 
 3.742368e+01  1.117592e-02 
 3.742407e+01  1.116921e-02 
 3.742447e+01  1.116248e-02 
 3.742487e+01  1.115587e-02 
 3.742527e+01  1.114946e-02 
 3.742566e+01  1.114328e-02 
 3.742606e+01  1.113734e-02 
 3.742646e+01  1.113154e-02 
 3.742686e+01  1.112579e-02 
 3.742725e+01  1.111992e-02 
 3.742765e+01  1.111376e-02 
 3.742805e+01  1.110708e-02 
 3.742845e+01  1.109973e-02 
 3.742885e+01  1.109153e-02 
 3.742924e+01  1.108241e-02 
 3.742964e+01  1.107229e-02 
 3.743004e+01  1.106114e-02 
 3.743044e+01  1.104897e-02 
 3.743083e+01  1.103571e-02 
 3.743123e+01  1.102130e-02 
 3.743163e+01  1.100573e-02 
 3.743203e+01  1.098901e-02 
 3.743242e+01  1.097121e-02 
 3.743282e+01  1.095243e-02 
 3.743322e+01  1.093279e-02 
 3.743362e+01  1.091235e-02 
 3.743402e+01  1.089117e-02 
 3.743441e+01  1.086928e-02 
 3.743481e+01  1.084665e-02 
 3.743521e+01  1.082323e-02 
 3.743561e+01  1.079893e-02 
 3.743600e+01  1.077375e-02 
 3.743640e+01  1.074770e-02 
 3.743680e+01  1.072078e-02 
 3.743720e+01  1.069298e-02 
 3.743759e+01  1.066429e-02 
 3.743799e+01  1.063472e-02 
 3.743839e+01  1.060432e-02 
 3.743879e+01  1.057323e-02 
 3.743919e+01  1.054152e-02 
 3.743958e+01  1.050926e-02 
 3.743998e+01  1.047658e-02 
 3.744038e+01  1.044359e-02 
 3.744078e+01  1.041040e-02 
 3.744117e+01  1.037707e-02 
 3.744157e+01  1.034374e-02 
 3.744197e+01  1.031057e-02 
 3.744237e+01  1.027766e-02 
 3.744276e+01  1.024516e-02 
 3.744316e+01  1.021315e-02 
 3.744356e+01  1.018164e-02 
 3.744396e+01  1.015056e-02 
 3.744436e+01  1.011982e-02 
 3.744475e+01  1.008936e-02 
 3.744515e+01  1.005914e-02 
 3.744555e+01  1.002914e-02 
 3.744595e+01  9.999399e-03 
 3.744634e+01  9.970025e-03 
 3.744674e+01  9.941069e-03 
 3.744714e+01  9.912630e-03 
 3.744754e+01  9.884798e-03 
 3.744794e+01  9.857667e-03 
 3.744833e+01  9.831328e-03 
 3.744873e+01  9.805851e-03 
 3.744913e+01  9.781390e-03 
 3.744953e+01  9.757983e-03 
 3.744992e+01  9.735672e-03 
 3.745032e+01  9.714554e-03 
 3.745072e+01  9.694647e-03 
 3.745112e+01  9.675997e-03 
 3.745151e+01  9.658623e-03 
 3.745191e+01  9.642494e-03 
 3.745231e+01  9.627552e-03 
 3.745271e+01  9.613634e-03 
 3.745311e+01  9.600636e-03 
 3.745350e+01  9.588328e-03 
 3.745390e+01  9.576563e-03 
 3.745430e+01  9.565250e-03 
 3.745470e+01  9.554243e-03 
 3.745509e+01  9.543434e-03 
 3.745549e+01  9.532744e-03 
 3.745589e+01  9.522093e-03 
 3.745629e+01  9.511463e-03 
 3.745668e+01  9.500747e-03 
 3.745708e+01  9.489901e-03 
 3.745748e+01  9.478933e-03 
 3.745788e+01  9.467847e-03 
 3.745828e+01  9.456744e-03 
 3.745867e+01  9.445765e-03 
 3.745907e+01  9.434963e-03 
 3.745947e+01  9.424399e-03 
 3.745987e+01  9.414195e-03 
 3.746026e+01  9.404463e-03 
 3.746066e+01  9.395311e-03 
 3.746106e+01  9.386790e-03 
 3.746146e+01  9.378950e-03 
 3.746185e+01  9.371822e-03 
 3.746225e+01  9.365454e-03 
 3.746265e+01  9.359923e-03 
 3.746305e+01  9.355341e-03 
 3.746345e+01  9.351802e-03 
 3.746384e+01  9.349464e-03 
 3.746424e+01  9.348470e-03 
 3.746464e+01  9.348909e-03 
 3.746504e+01  9.350831e-03 
 3.746543e+01  9.354295e-03 
 3.746583e+01  9.359302e-03 
 3.746623e+01  9.365819e-03 
 3.746663e+01  9.373788e-03 
 3.746702e+01  9.383222e-03 
 3.746742e+01  9.394025e-03 
 3.746782e+01  9.406136e-03 
 3.746822e+01  9.419465e-03 
 3.746862e+01  9.433841e-03 
 3.746901e+01  9.449024e-03 
 3.746941e+01  9.464799e-03 
 3.746981e+01  9.481003e-03 
 3.747021e+01  9.497425e-03 
 3.747060e+01  9.513900e-03 
 3.747100e+01  9.530336e-03 
 3.747140e+01  9.546676e-03 
 3.747180e+01  9.562778e-03 
 3.747219e+01  9.578555e-03 
 3.747259e+01  9.593939e-03 
 3.747299e+01  9.608782e-03 
 3.747339e+01  9.622987e-03 
 3.747379e+01  9.636444e-03 
 3.747418e+01  9.649093e-03 
 3.747458e+01  9.660890e-03 
 3.747498e+01  9.671861e-03 
 3.747538e+01  9.682162e-03 
 3.747577e+01  9.691995e-03 
 3.747617e+01  9.701658e-03 
 3.747657e+01  9.711397e-03 
 3.747697e+01  9.721441e-03 
 3.747736e+01  9.731925e-03 
 3.747776e+01  9.742938e-03 
 3.747816e+01  9.754533e-03 
 3.747856e+01  9.766776e-03 
 3.747896e+01  9.779673e-03 
 3.747935e+01  9.793317e-03 
 3.747975e+01  9.807806e-03 
 3.748015e+01  9.823266e-03 
 3.748055e+01  9.839766e-03 
 3.748094e+01  9.857338e-03 
 3.748134e+01  9.875848e-03 
 3.748174e+01  9.895220e-03 
 3.748214e+01  9.915323e-03 
 3.748253e+01  9.936050e-03 
 3.748293e+01  9.957241e-03 
 3.748333e+01  9.978785e-03 
 3.748373e+01  1.000058e-02 
 3.748413e+01  1.002260e-02 
 3.748452e+01  1.004487e-02 
 3.748492e+01  1.006741e-02 
 3.748532e+01  1.009025e-02 
 3.748572e+01  1.011348e-02 
 3.748611e+01  1.013708e-02 
 3.748651e+01  1.016104e-02 
 3.748691e+01  1.018528e-02 
 3.748731e+01  1.020971e-02 
 3.748770e+01  1.023413e-02 
 3.748810e+01  1.025837e-02 
 3.748850e+01  1.028235e-02 
 3.748890e+01  1.030598e-02 
 3.748930e+01  1.032915e-02 
 3.748969e+01  1.035177e-02 
 3.749009e+01  1.037377e-02 
 3.749049e+01  1.039506e-02 
 3.749089e+01  1.041553e-02 
 3.749128e+01  1.043515e-02 
 3.749168e+01  1.045390e-02 
 3.749208e+01  1.047183e-02 
 3.749248e+01  1.048904e-02 
 3.749287e+01  1.050573e-02 
 3.749327e+01  1.052212e-02 
 3.749367e+01  1.053845e-02 
 3.749407e+01  1.055491e-02 
 3.749447e+01  1.057156e-02 
 3.749486e+01  1.058849e-02 
 3.749526e+01  1.060564e-02 
 3.749566e+01  1.062296e-02 
 3.749606e+01  1.064037e-02 
 3.749645e+01  1.065782e-02 
 3.749685e+01  1.067528e-02 
 3.749725e+01  1.069266e-02 
 3.749765e+01  1.070996e-02 
 3.749804e+01  1.072724e-02 
 3.749844e+01  1.074445e-02 
 3.749884e+01  1.076160e-02 
 3.749924e+01  1.077870e-02 
 3.749964e+01  1.079574e-02 
 3.750003e+01  1.081272e-02 
 3.750043e+01  1.082966e-02 
 3.750083e+01  1.084659e-02 
 3.750123e+01  1.086350e-02 
 3.750162e+01  1.088050e-02 
 3.750202e+01  1.089775e-02 
 3.750242e+01  1.091538e-02 
 3.750282e+01  1.093351e-02 
 3.750321e+01  1.095221e-02 
 3.750361e+01  1.097151e-02 
 3.750401e+01  1.099136e-02 
 3.750441e+01  1.101176e-02 
 3.750481e+01  1.103260e-02 
 3.750520e+01  1.105378e-02 
 3.750560e+01  1.107516e-02 
 3.750600e+01  1.109665e-02 
 3.750640e+01  1.111810e-02 
 3.750679e+01  1.113939e-02 
 3.750719e+01  1.116036e-02 
 3.750759e+01  1.118093e-02 
 3.750799e+01  1.120098e-02 
 3.750838e+01  1.122039e-02 
 3.750878e+01  1.123913e-02 
 3.750918e+01  1.125716e-02 
 3.750958e+01  1.127440e-02 
 3.750998e+01  1.129086e-02 
 3.751037e+01  1.130655e-02 
 3.751077e+01  1.132151e-02 
 3.751117e+01  1.133581e-02 
 3.751157e+01  1.134949e-02 
 3.751196e+01  1.136259e-02 
 3.751236e+01  1.137509e-02 
 3.751276e+01  1.138689e-02 
 3.751316e+01  1.139790e-02 
 3.751355e+01  1.140807e-02 
 3.751395e+01  1.141737e-02 
 3.751435e+01  1.142583e-02 
 3.751475e+01  1.143352e-02 
 3.751515e+01  1.144048e-02 
 3.751554e+01  1.144684e-02 
 3.751594e+01  1.145262e-02 
 3.751634e+01  1.145790e-02 
 3.751674e+01  1.146278e-02 
 3.751713e+01  1.146732e-02 
 3.751753e+01  1.147170e-02 
 3.751793e+01  1.147608e-02 
 3.751833e+01  1.148066e-02 
 3.751872e+01  1.148556e-02 
 3.751912e+01  1.149094e-02 
 3.751952e+01  1.149691e-02 
 3.751992e+01  1.150354e-02 
 3.752032e+01  1.151086e-02 
 3.752071e+01  1.151882e-02 
 3.752111e+01  1.152730e-02 
 3.752151e+01  1.153614e-02 
 3.752191e+01  1.154512e-02 
 3.752230e+01  1.155394e-02 
 3.752270e+01  1.156232e-02 
 3.752310e+01  1.156997e-02 
 3.752350e+01  1.157665e-02 
 3.752389e+01  1.158218e-02 
 3.752429e+01  1.158642e-02 
 3.752469e+01  1.158918e-02 
 3.752509e+01  1.159028e-02 
 3.752549e+01  1.158960e-02 
 3.752588e+01  1.158703e-02 
 3.752628e+01  1.158254e-02 
 3.752668e+01  1.157618e-02 
 3.752708e+01  1.156802e-02 
 3.752747e+01  1.155818e-02 
 3.752787e+01  1.154679e-02 
 3.752827e+01  1.153396e-02 
 3.752867e+01  1.151978e-02 
 3.752906e+01  1.150433e-02 
 3.752946e+01  1.148762e-02 
 3.752986e+01  1.146969e-02 
 3.753026e+01  1.145064e-02 
 3.753066e+01  1.143059e-02 
 3.753105e+01  1.140968e-02 
 3.753145e+01  1.138804e-02 
 3.753185e+01  1.136583e-02 
 3.753225e+01  1.134321e-02 
 3.753264e+01  1.132042e-02 
 3.753304e+01  1.129772e-02 
 3.753344e+01  1.127537e-02 
 3.753384e+01  1.125360e-02 
 3.753423e+01  1.123260e-02 
 3.753463e+01  1.121253e-02 
 3.753503e+01  1.119343e-02 
 3.753543e+01  1.117540e-02 
 3.753583e+01  1.115844e-02 
 3.753622e+01  1.114257e-02 
 3.753662e+01  1.112787e-02 
 3.753702e+01  1.111435e-02 
 3.753742e+01  1.110200e-02 
 3.753781e+01  1.109071e-02 
 3.753821e+01  1.108029e-02 
 3.753861e+01  1.107050e-02 
 3.753901e+01  1.106107e-02 
 3.753941e+01  1.105180e-02 
 3.753980e+01  1.104255e-02 
 3.754020e+01  1.103319e-02 
 3.754060e+01  1.102364e-02 
 3.754100e+01  1.101376e-02 
 3.754139e+01  1.100342e-02 
 3.754179e+01  1.099252e-02 
 3.754219e+01  1.098090e-02 
 3.754259e+01  1.096848e-02 
 3.754298e+01  1.095521e-02 
 3.754338e+01  1.094109e-02 
 3.754378e+01  1.092612e-02 
 3.754418e+01  1.091036e-02 
 3.754458e+01  1.089384e-02 
 3.754497e+01  1.087660e-02 
 3.754537e+01  1.085874e-02 
 3.754577e+01  1.084035e-02 
 3.754617e+01  1.082155e-02 
 3.754656e+01  1.080246e-02 
 3.754696e+01  1.078321e-02 
 3.754736e+01  1.076392e-02 
 3.754776e+01  1.074473e-02 
 3.754815e+01  1.072578e-02 
 3.754855e+01  1.070726e-02 
 3.754895e+01  1.068929e-02 
 3.754935e+01  1.067200e-02 
 3.754975e+01  1.065550e-02 
 3.755014e+01  1.063984e-02 
 3.755054e+01  1.062502e-02 
 3.755094e+01  1.061102e-02 
 3.755134e+01  1.059780e-02 
 3.755173e+01  1.058531e-02 
 3.755213e+01  1.057359e-02 
 3.755253e+01  1.056270e-02 
 3.755293e+01  1.055275e-02 
 3.755332e+01  1.054376e-02 
 3.755372e+01  1.053571e-02 
 3.755412e+01  1.052858e-02 
 3.755452e+01  1.052235e-02 
 3.755492e+01  1.051705e-02 
 3.755531e+01  1.051263e-02 
 3.755571e+01  1.050918e-02 
 3.755611e+01  1.050661e-02 
 3.755651e+01  1.050499e-02 
 3.755690e+01  1.050432e-02 
 3.755730e+01  1.050454e-02 
 3.755770e+01  1.050556e-02 
 3.755810e+01  1.050732e-02 
 3.755849e+01  1.050975e-02 
 3.755889e+01  1.051277e-02 
 3.755929e+01  1.051634e-02 
 3.755969e+01  1.052041e-02 
 3.756009e+01  1.052492e-02 
 3.756048e+01  1.052976e-02 
 3.756088e+01  1.053483e-02 
 3.756128e+01  1.054010e-02 
 3.756168e+01  1.054559e-02 
 3.756207e+01  1.055122e-02 
 3.756247e+01  1.055698e-02 
 3.756287e+01  1.056279e-02 
 3.756327e+01  1.056855e-02 
 3.756366e+01  1.057421e-02 
 3.756406e+01  1.057969e-02 
 3.756446e+01  1.058496e-02 
 3.756486e+01  1.058999e-02 
 3.756526e+01  1.059483e-02 
 3.756565e+01  1.059958e-02 
 3.756605e+01  1.060428e-02 
 3.756645e+01  1.060898e-02 
 3.756685e+01  1.061366e-02 
 3.756724e+01  1.061827e-02 
 3.756764e+01  1.062280e-02 
 3.756804e+01  1.062732e-02 
 3.756844e+01  1.063193e-02 
 3.756883e+01  1.063675e-02 
 3.756923e+01  1.064190e-02 
 3.756963e+01  1.064750e-02 
 3.757003e+01  1.065368e-02 
 3.757043e+01  1.066056e-02 
 3.757082e+01  1.066833e-02 
 3.757122e+01  1.067708e-02 
 3.757162e+01  1.068693e-02 
 3.757202e+01  1.069800e-02 
 3.757241e+01  1.071038e-02 
 3.757281e+01  1.072416e-02 
 3.757321e+01  1.073938e-02 
 3.757361e+01  1.075608e-02 
 3.757400e+01  1.077436e-02 
 3.757440e+01  1.079425e-02 
 3.757480e+01  1.081576e-02 
 3.757520e+01  1.083877e-02 
 3.757560e+01  1.086313e-02 
 3.757599e+01  1.088854e-02 
 3.757639e+01  1.091474e-02 
 3.757679e+01  1.094144e-02 
 3.757719e+01  1.096839e-02 
 3.757758e+01  1.099541e-02 
 3.757798e+01  1.102228e-02 
 3.757838e+01  1.104886e-02 
 3.757878e+01  1.107500e-02 
 3.757917e+01  1.110058e-02 
 3.757957e+01  1.112547e-02 
 3.757997e+01  1.114960e-02 
 3.758037e+01  1.117298e-02 
 3.758077e+01  1.119556e-02 
 3.758116e+01  1.121737e-02 
 3.758156e+01  1.123835e-02 
 3.758196e+01  1.125849e-02 
 3.758236e+01  1.127777e-02 
 3.758275e+01  1.129615e-02 
 3.758315e+01  1.131370e-02 
 3.758355e+01  1.133051e-02 
 3.758395e+01  1.134666e-02 
 3.758434e+01  1.136218e-02 
 3.758474e+01  1.137714e-02 
 3.758514e+01  1.139153e-02 
 3.758554e+01  1.140541e-02 
 3.758594e+01  1.141884e-02 
 3.758633e+01  1.143200e-02 
 3.758673e+01  1.144509e-02 
 3.758713e+01  1.145841e-02 
 3.758753e+01  1.147229e-02 
 3.758792e+01  1.148701e-02 
 3.758832e+01  1.150285e-02 
 3.758872e+01  1.152001e-02 
 3.758912e+01  1.153866e-02 
 3.758951e+01  1.155885e-02 
 3.758991e+01  1.158060e-02 
 3.759031e+01  1.160387e-02 
 3.759071e+01  1.162860e-02 
 3.759111e+01  1.165468e-02 
 3.759150e+01  1.168198e-02 
 3.759190e+01  1.171039e-02 
 3.759230e+01  1.173979e-02 
 3.759270e+01  1.177000e-02 
 3.759309e+01  1.180076e-02 
 3.759349e+01  1.183184e-02 
 3.759389e+01  1.186295e-02 
 3.759429e+01  1.189386e-02 
 3.759468e+01  1.192439e-02 
 3.759508e+01  1.195440e-02 
 3.759548e+01  1.198378e-02 
 3.759588e+01  1.201251e-02 
 3.759628e+01  1.204066e-02 
 3.759667e+01  1.206825e-02 
 3.759707e+01  1.209528e-02 
 3.759747e+01  1.212169e-02 
 3.759787e+01  1.214744e-02 
 3.759826e+01  1.217242e-02 
 3.759866e+01  1.219657e-02 
 3.759906e+01  1.221984e-02 
 3.759946e+01  1.224216e-02 
 3.759985e+01  1.226351e-02 
 3.760025e+01  1.228393e-02 
 3.760065e+01  1.230347e-02 
 3.760105e+01  1.232227e-02 
 3.760145e+01  1.234036e-02 
 3.760184e+01  1.235777e-02 
 3.760224e+01  1.237450e-02 
 3.760264e+01  1.239051e-02 
 3.760304e+01  1.240574e-02 
 3.760343e+01  1.242021e-02 
 3.760383e+01  1.243394e-02 
 3.760423e+01  1.244703e-02 
 3.760463e+01  1.245953e-02 
 3.760502e+01  1.247157e-02 
 3.760542e+01  1.248328e-02 
 3.760582e+01  1.249472e-02 
 3.760622e+01  1.250588e-02 
 3.760662e+01  1.251678e-02 
 3.760701e+01  1.252735e-02 
 3.760741e+01  1.253753e-02 
 3.760781e+01  1.254733e-02 
 3.760821e+01  1.255669e-02 
 3.760860e+01  1.256559e-02 
 3.760900e+01  1.257400e-02 
 3.760940e+01  1.258194e-02 
 3.760980e+01  1.258939e-02 
 3.761019e+01  1.259638e-02 
 3.761059e+01  1.260295e-02 
 3.761099e+01  1.260909e-02 
 3.761139e+01  1.261478e-02 
 3.761179e+01  1.261999e-02 
 3.761218e+01  1.262474e-02 
 3.761258e+01  1.262902e-02 
 3.761298e+01  1.263290e-02 
 3.761338e+01  1.263645e-02 
 3.761377e+01  1.263978e-02 
 3.761417e+01  1.264303e-02 
 3.761457e+01  1.264625e-02 
 3.761497e+01  1.264943e-02 
 3.761536e+01  1.265253e-02 
 3.761576e+01  1.265545e-02 
 3.761616e+01  1.265808e-02 
 3.761656e+01  1.266033e-02 
 3.761696e+01  1.266211e-02 
 3.761735e+01  1.266333e-02 
 3.761775e+01  1.266389e-02 
 3.761815e+01  1.266370e-02 
 3.761855e+01  1.266265e-02 
 3.761894e+01  1.266066e-02 
 3.761934e+01  1.265762e-02 
 3.761974e+01  1.265345e-02 
 3.762014e+01  1.264817e-02 
 3.762053e+01  1.264179e-02 
 3.762093e+01  1.263433e-02 
 3.762133e+01  1.262583e-02 
 3.762173e+01  1.261630e-02 
 3.762213e+01  1.260579e-02 
 3.762252e+01  1.259436e-02 
 3.762292e+01  1.258208e-02 
 3.762332e+01  1.256893e-02 
 3.762372e+01  1.255494e-02 
 3.762411e+01  1.254015e-02 
 3.762451e+01  1.252459e-02 
 3.762491e+01  1.250832e-02 
 3.762531e+01  1.249139e-02 
 3.762570e+01  1.247396e-02 
 3.762610e+01  1.245613e-02 
 3.762650e+01  1.243807e-02 
 3.762690e+01  1.241993e-02 
 3.762730e+01  1.240192e-02 
 3.762769e+01  1.238416e-02 
 3.762809e+01  1.236673e-02 
 3.762849e+01  1.234973e-02 
 3.762889e+01  1.233325e-02 
 3.762928e+01  1.231734e-02 
 3.762968e+01  1.230204e-02 
 3.763008e+01  1.228741e-02 
 3.763048e+01  1.227339e-02 
 3.763088e+01  1.225991e-02 
 3.763127e+01  1.224691e-02 
 3.763167e+01  1.223428e-02 
 3.763207e+01  1.222196e-02 
 3.763247e+01  1.220982e-02 
 3.763286e+01  1.219777e-02 
 3.763326e+01  1.218564e-02 
 3.763366e+01  1.217327e-02 
 3.763406e+01  1.216056e-02 
 3.763445e+01  1.214736e-02 
 3.763485e+01  1.213351e-02 
 3.763525e+01  1.211895e-02 
 3.763565e+01  1.210362e-02 
 3.763605e+01  1.208747e-02 
 3.763644e+01  1.207050e-02 
 3.763684e+01  1.205262e-02 
 3.763724e+01  1.203377e-02 
 3.763764e+01  1.201391e-02 
 3.763803e+01  1.199302e-02 
 3.763843e+01  1.197115e-02 
 3.763883e+01  1.194837e-02 
 3.763923e+01  1.192473e-02 
 3.763962e+01  1.190034e-02 
 3.764002e+01  1.187535e-02 
 3.764042e+01  1.184991e-02 
 3.764082e+01  1.182416e-02 
 3.764122e+01  1.179827e-02 
 3.764161e+01  1.177245e-02 
 3.764201e+01  1.174687e-02 
 3.764241e+01  1.172179e-02 
 3.764281e+01  1.169745e-02 
 3.764320e+01  1.167404e-02 
 3.764360e+01  1.165175e-02 
 3.764400e+01  1.163069e-02 
 3.764440e+01  1.161094e-02 
 3.764479e+01  1.159251e-02 
 3.764519e+01  1.157541e-02 
 3.764559e+01  1.155956e-02 
 3.764599e+01  1.154482e-02 
 3.764639e+01  1.153112e-02 
 3.764678e+01  1.151831e-02 
 3.764718e+01  1.150622e-02 
 3.764758e+01  1.149473e-02 
 3.764798e+01  1.148369e-02 
 3.764837e+01  1.147296e-02 
 3.764877e+01  1.146241e-02 
 3.764917e+01  1.145202e-02 
 3.764957e+01  1.144177e-02 
 3.764996e+01  1.143160e-02 
 3.765036e+01  1.142149e-02 
 3.765076e+01  1.141140e-02 
 3.765116e+01  1.140128e-02 
 3.765156e+01  1.139111e-02 
 3.765195e+01  1.138086e-02 
 3.765235e+01  1.137052e-02 
 3.765275e+01  1.136008e-02 
 3.765315e+01  1.134948e-02 
 3.765354e+01  1.133869e-02 
 3.765394e+01  1.132764e-02 
 3.765434e+01  1.131627e-02 
 3.765474e+01  1.130454e-02 
 3.765513e+01  1.129244e-02 
 3.765553e+01  1.127999e-02 
 3.765593e+01  1.126729e-02 
 3.765633e+01  1.125443e-02 
 3.765673e+01  1.124146e-02 
 3.765712e+01  1.122845e-02 
 3.765752e+01  1.121545e-02 
 3.765792e+01  1.120256e-02 
 3.765832e+01  1.118986e-02 
 3.765871e+01  1.117744e-02 
 3.765911e+01  1.116544e-02 
 3.765951e+01  1.115390e-02 
 3.765991e+01  1.114299e-02 
 3.766030e+01  1.113281e-02 
 3.766070e+01  1.112344e-02 
 3.766110e+01  1.111496e-02 
 3.766150e+01  1.110739e-02 
 3.766190e+01  1.110071e-02 
 3.766229e+01  1.109491e-02 
 3.766269e+01  1.108993e-02 
 3.766309e+01  1.108563e-02 
 3.766349e+01  1.108194e-02 
 3.766388e+01  1.107883e-02 
 3.766428e+01  1.107637e-02 
 3.766468e+01  1.107467e-02 
 3.766508e+01  1.107378e-02 
 3.766547e+01  1.107382e-02 
 3.766587e+01  1.107488e-02 
 3.766627e+01  1.107704e-02 
 3.766667e+01  1.108040e-02 
 3.766707e+01  1.108494e-02 
 3.766746e+01  1.109072e-02 
 3.766786e+01  1.109774e-02 
 3.766826e+01  1.110610e-02 
 3.766866e+01  1.111577e-02 
 3.766905e+01  1.112676e-02 
 3.766945e+01  1.113904e-02 
 3.766985e+01  1.115254e-02 
 3.767025e+01  1.116714e-02 
 3.767064e+01  1.118275e-02 
 3.767104e+01  1.119923e-02 
 3.767144e+01  1.121642e-02 
 3.767184e+01  1.123417e-02 
 3.767224e+01  1.125230e-02 
 3.767263e+01  1.127066e-02 
 3.767303e+01  1.128909e-02 
 3.767343e+01  1.130748e-02 
 3.767383e+01  1.132577e-02 
 3.767422e+01  1.134385e-02 
 3.767462e+01  1.136168e-02 
 3.767502e+01  1.137922e-02 
 3.767542e+01  1.139645e-02 
 3.767581e+01  1.141333e-02 
 3.767621e+01  1.143000e-02 
 3.767661e+01  1.144649e-02 
 3.767701e+01  1.146289e-02 
 3.767741e+01  1.147931e-02 
 3.767780e+01  1.149588e-02 
 3.767820e+01  1.151264e-02 
 3.767860e+01  1.152954e-02 
 3.767900e+01  1.154653e-02 
 3.767939e+01  1.156353e-02 
 3.767979e+01  1.158048e-02 
 3.768019e+01  1.159740e-02 
 3.768059e+01  1.161436e-02 
 3.768098e+01  1.163148e-02 
 3.768138e+01  1.164895e-02 
 3.768178e+01  1.166700e-02 
 3.768218e+01  1.168589e-02 
 3.768258e+01  1.170588e-02 
 3.768297e+01  1.172715e-02 
 3.768337e+01  1.174987e-02 
 3.768377e+01  1.177412e-02 
 3.768417e+01  1.179997e-02 
 3.768456e+01  1.182740e-02 
 3.768496e+01  1.185629e-02 
 3.768536e+01  1.188650e-02 
 3.768576e+01  1.191786e-02 
 3.768615e+01  1.195023e-02 
 3.768655e+01  1.198340e-02 
 3.768695e+01  1.201720e-02 
 3.768735e+01  1.205139e-02 
 3.768775e+01  1.208576e-02 
 3.768814e+01  1.212011e-02 
 3.768854e+01  1.215421e-02 
 3.768894e+01  1.218789e-02 
 3.768934e+01  1.222093e-02 
 3.768973e+01  1.225319e-02 
 3.769013e+01  1.228462e-02 
 3.769053e+01  1.231518e-02 
 3.769093e+01  1.234488e-02 
 3.769132e+01  1.237373e-02 
 3.769172e+01  1.240176e-02 
 3.769212e+01  1.242897e-02 
 3.769252e+01  1.245537e-02 
 3.769292e+01  1.248100e-02 
 3.769331e+01  1.250584e-02 
 3.769371e+01  1.252996e-02 
 3.769411e+01  1.255341e-02 
 3.769451e+01  1.257624e-02 
 3.769490e+01  1.259854e-02 
 3.769530e+01  1.262038e-02 
 3.769570e+01  1.264183e-02 
 3.769610e+01  1.266295e-02 
 3.769649e+01  1.268382e-02 
 3.769689e+01  1.270451e-02 
 3.769729e+01  1.272507e-02 
 3.769769e+01  1.274565e-02 
 3.769809e+01  1.276634e-02 
 3.769848e+01  1.278725e-02 
 3.769888e+01  1.280848e-02 
 3.769928e+01  1.283012e-02 
 3.769968e+01  1.285223e-02 
 3.770007e+01  1.287483e-02 
 3.770047e+01  1.289783e-02 
 3.770087e+01  1.292112e-02 
 3.770127e+01  1.294457e-02 
 3.770166e+01  1.296804e-02 
 3.770206e+01  1.299135e-02 
 3.770246e+01  1.301433e-02 
 3.770286e+01  1.303677e-02 
 3.770326e+01  1.305853e-02 
 3.770365e+01  1.307951e-02 
 3.770405e+01  1.309970e-02 
 3.770445e+01  1.311910e-02 
 3.770485e+01  1.313766e-02 
 3.770524e+01  1.315538e-02 
 3.770564e+01  1.317221e-02 
 3.770604e+01  1.318808e-02 
 3.770644e+01  1.320290e-02 
 3.770683e+01  1.321655e-02 
 3.770723e+01  1.322901e-02 
 3.770763e+01  1.324034e-02 
 3.770803e+01  1.325059e-02 
 3.770843e+01  1.325988e-02 
 3.770882e+01  1.326836e-02 
 3.770922e+01  1.327605e-02 
 3.770962e+01  1.328300e-02 
 3.771002e+01  1.328928e-02 
 3.771041e+01  1.329492e-02 
 3.771081e+01  1.329994e-02 
 3.771121e+01  1.330437e-02 
 3.771161e+01  1.330823e-02 
 3.771200e+01  1.331150e-02 
 3.771240e+01  1.331420e-02 
 3.771280e+01  1.331640e-02 
 3.771320e+01  1.331810e-02 
 3.771360e+01  1.331932e-02 
 3.771399e+01  1.332015e-02 
 3.771439e+01  1.332056e-02 
 3.771479e+01  1.332058e-02 
 3.771519e+01  1.332022e-02 
 3.771558e+01  1.331946e-02 
 3.771598e+01  1.331829e-02 
 3.771638e+01  1.331663e-02 
 3.771678e+01  1.331442e-02 
 3.771717e+01  1.331168e-02 
 3.771757e+01  1.330837e-02 
 3.771797e+01  1.330442e-02 
 3.771837e+01  1.329980e-02 
 3.771877e+01  1.329447e-02 
 3.771916e+01  1.328840e-02 
 3.771956e+01  1.328157e-02 
 3.771996e+01  1.327405e-02 
 3.772036e+01  1.326583e-02 
 3.772075e+01  1.325692e-02 
 3.772115e+01  1.324741e-02 
 3.772155e+01  1.323746e-02 
 3.772195e+01  1.322717e-02 
 3.772235e+01  1.321668e-02 
 3.772274e+01  1.320608e-02 
 3.772314e+01  1.319548e-02 
 3.772354e+01  1.318498e-02 
 3.772394e+01  1.317462e-02 
 3.772433e+01  1.316444e-02 
 3.772473e+01  1.315442e-02 
 3.772513e+01  1.314455e-02 
 3.772553e+01  1.313479e-02 
 3.772592e+01  1.312507e-02 
 3.772632e+01  1.311535e-02 
 3.772672e+01  1.310555e-02 
 3.772712e+01  1.309558e-02 
 3.772752e+01  1.308545e-02 
 3.772791e+01  1.307508e-02 
 3.772831e+01  1.306440e-02 
 3.772871e+01  1.305334e-02 
 3.772911e+01  1.304181e-02 
 3.772950e+01  1.302973e-02 
 3.772990e+01  1.301708e-02 
 3.773030e+01  1.300384e-02 
 3.773070e+01  1.299000e-02 
 3.773109e+01  1.297549e-02 
 3.773149e+01  1.296031e-02 
 3.773189e+01  1.294446e-02 
 3.773229e+01  1.292792e-02 
 3.773269e+01  1.291074e-02 
 3.773308e+01  1.289293e-02 
 3.773348e+01  1.287449e-02 
 3.773388e+01  1.285550e-02 
 3.773428e+01  1.283588e-02 
 3.773467e+01  1.281565e-02 
 3.773507e+01  1.279488e-02 
 3.773547e+01  1.277357e-02 
 3.773587e+01  1.275188e-02 
 3.773626e+01  1.273000e-02 
 3.773666e+01  1.270815e-02 
 3.773706e+01  1.268655e-02 
 3.773746e+01  1.266538e-02 
 3.773786e+01  1.264482e-02 
 3.773825e+01  1.262499e-02 
 3.773865e+01  1.260592e-02 
 3.773905e+01  1.258771e-02 
 3.773945e+01  1.257040e-02 
 3.773984e+01  1.255396e-02 
 3.774024e+01  1.253834e-02 
 3.774064e+01  1.252343e-02 
 3.774104e+01  1.250906e-02 
 3.774143e+01  1.249512e-02 
 3.774183e+01  1.248143e-02 
 3.774223e+01  1.246784e-02 
 3.774263e+01  1.245423e-02 
 3.774303e+01  1.244047e-02 
 3.774342e+01  1.242649e-02 
 3.774382e+01  1.241222e-02 
 3.774422e+01  1.239757e-02 
 3.774462e+01  1.238246e-02 
 3.774501e+01  1.236691e-02 
 3.774541e+01  1.235096e-02 
 3.774581e+01  1.233461e-02 
 3.774621e+01  1.231788e-02 
 3.774660e+01  1.230080e-02 
 3.774700e+01  1.228334e-02 
 3.774740e+01  1.226553e-02 
 3.774780e+01  1.224736e-02 
 3.774820e+01  1.222881e-02 
 3.774859e+01  1.220983e-02 
 3.774899e+01  1.219045e-02 
 3.774939e+01  1.217070e-02 
 3.774979e+01  1.215066e-02 
 3.775018e+01  1.213048e-02 
 3.775058e+01  1.211024e-02 
 3.775098e+01  1.209008e-02 
 3.775138e+01  1.207010e-02 
 3.775177e+01  1.205047e-02 
 3.775217e+01  1.203130e-02 
 3.775257e+01  1.201277e-02 
 3.775297e+01  1.199494e-02 
 3.775337e+01  1.197790e-02 
 3.775376e+01  1.196179e-02 
 3.775416e+01  1.194668e-02 
 3.775456e+01  1.193265e-02 
 3.775496e+01  1.191977e-02 
 3.775535e+01  1.190806e-02 
 3.775575e+01  1.189746e-02 
 3.775615e+01  1.188787e-02 
 3.775655e+01  1.187918e-02 
 3.775694e+01  1.187120e-02 
 3.775734e+01  1.186373e-02 
 3.775774e+01  1.185661e-02 
 3.775814e+01  1.184973e-02 
 3.775854e+01  1.184303e-02 
 3.775893e+01  1.183648e-02 
 3.775933e+01  1.183010e-02 
 3.775973e+01  1.182381e-02 
 3.776013e+01  1.181757e-02 
 3.776052e+01  1.181126e-02 
 3.776092e+01  1.180483e-02 
 3.776132e+01  1.179827e-02 
 3.776172e+01  1.179154e-02 
 3.776211e+01  1.178470e-02 
 3.776251e+01  1.177786e-02 
 3.776291e+01  1.177107e-02 
 3.776331e+01  1.176447e-02 
 3.776371e+01  1.175808e-02 
 3.776410e+01  1.175196e-02 
 3.776450e+01  1.174614e-02 
 3.776490e+01  1.174068e-02 
 3.776530e+01  1.173568e-02 
 3.776569e+01  1.173118e-02 
 3.776609e+01  1.172723e-02 
 3.776649e+01  1.172380e-02 
 3.776689e+01  1.172091e-02 
 3.776728e+01  1.171854e-02 
 3.776768e+01  1.171675e-02 
 3.776808e+01  1.171556e-02 
 3.776848e+01  1.171502e-02 
 3.776888e+01  1.171515e-02 
 3.776927e+01  1.171598e-02 
 3.776967e+01  1.171749e-02 
 3.777007e+01  1.171968e-02 
 3.777047e+01  1.172248e-02 
 3.777086e+01  1.172595e-02 
 3.777126e+01  1.173015e-02 
 3.777166e+01  1.173521e-02 
 3.777206e+01  1.174119e-02 
 3.777245e+01  1.174809e-02 
 3.777285e+01  1.175585e-02 
 3.777325e+01  1.176440e-02 
 3.777365e+01  1.177362e-02 
 3.777405e+01  1.178345e-02 
 3.777444e+01  1.179380e-02 
 3.777484e+01  1.180464e-02 
 3.777524e+01  1.181597e-02 
 3.777564e+01  1.182784e-02 
 3.777603e+01  1.184034e-02 
 3.777643e+01  1.185354e-02 
 3.777683e+01  1.186754e-02 
 3.777723e+01  1.188252e-02 
 3.777762e+01  1.189860e-02 
 3.777802e+01  1.191591e-02 
 3.777842e+01  1.193450e-02 
 3.777882e+01  1.195443e-02 
 3.777922e+01  1.197563e-02 
 3.777961e+01  1.199798e-02 
 3.778001e+01  1.202138e-02 
 3.778041e+01  1.204567e-02 
 3.778081e+01  1.207069e-02 
 3.778120e+01  1.209630e-02 
 3.778160e+01  1.212239e-02 
 3.778200e+01  1.214878e-02 
 3.778240e+01  1.217534e-02 
 3.778279e+01  1.220192e-02 
 3.778319e+01  1.222845e-02 
 3.778359e+01  1.225482e-02 
 3.778399e+01  1.228098e-02 
 3.778439e+01  1.230693e-02 
 3.778478e+01  1.233271e-02 
 3.778518e+01  1.235841e-02 
 3.778558e+01  1.238405e-02 
 3.778598e+01  1.240963e-02 
 3.778637e+01  1.243505e-02 
 3.778677e+01  1.246023e-02 
 3.778717e+01  1.248514e-02 
 3.778757e+01  1.250978e-02 
 3.778796e+01  1.253408e-02 
 3.778836e+01  1.255802e-02 
 3.778876e+01  1.258168e-02 
 3.778916e+01  1.260500e-02 
 3.778956e+01  1.262806e-02 
 3.778995e+01  1.265088e-02 
 3.779035e+01  1.267353e-02 
 3.779075e+01  1.269612e-02 
 3.779115e+01  1.271875e-02 
 3.779154e+01  1.274157e-02 
 3.779194e+01  1.276465e-02 
 3.779234e+01  1.278802e-02 
 3.779274e+01  1.281169e-02 
 3.779313e+01  1.283575e-02 
 3.779353e+01  1.286024e-02 
 3.779393e+01  1.288529e-02 
 3.779433e+01  1.291097e-02 
 3.779473e+01  1.293731e-02 
 3.779512e+01  1.296428e-02 
 3.779552e+01  1.299176e-02 
 3.779592e+01  1.301955e-02 
 3.779632e+01  1.304743e-02 
 3.779671e+01  1.307521e-02 
 3.779711e+01  1.310269e-02 
 3.779751e+01  1.312975e-02 
 3.779791e+01  1.315629e-02 
 3.779830e+01  1.318220e-02 
 3.779870e+01  1.320741e-02 
 3.779910e+01  1.323188e-02 
 3.779950e+01  1.325558e-02 
 3.779990e+01  1.327839e-02 
 3.780029e+01  1.330025e-02 
 3.780069e+01  1.332114e-02 
 3.780109e+01  1.334101e-02 
 3.780149e+01  1.335981e-02 
 3.780188e+01  1.337751e-02 
 3.780228e+01  1.339404e-02 
 3.780268e+01  1.340941e-02 
 3.780308e+01  1.342361e-02 
 3.780347e+01  1.343666e-02 
 3.780387e+01  1.344856e-02 
 3.780427e+01  1.345931e-02 
 3.780467e+01  1.346897e-02 
 3.780507e+01  1.347759e-02 
 3.780546e+01  1.348529e-02 
 3.780586e+01  1.349227e-02 
 3.780626e+01  1.349865e-02 
 3.780666e+01  1.350461e-02 
 3.780705e+01  1.351033e-02 
 3.780745e+01  1.351591e-02 
 3.780785e+01  1.352136e-02 
 3.780825e+01  1.352663e-02 
 3.780864e+01  1.353175e-02 
 3.780904e+01  1.353667e-02 
 3.780944e+01  1.354144e-02 
 3.780984e+01  1.354610e-02 
 3.781024e+01  1.355067e-02 
 3.781063e+01  1.355519e-02 
 3.781103e+01  1.355961e-02 
 3.781143e+01  1.356390e-02 
 3.781183e+01  1.356794e-02 
 3.781222e+01  1.357161e-02 
 3.781262e+01  1.357476e-02 
 3.781302e+01  1.357731e-02 
 3.781342e+01  1.357910e-02 
 3.781381e+01  1.357997e-02 
 3.781421e+01  1.357972e-02 
 3.781461e+01  1.357816e-02 
 3.781501e+01  1.357517e-02 
 3.781541e+01  1.357076e-02 
 3.781580e+01  1.356494e-02 
 3.781620e+01  1.355786e-02 
 3.781660e+01  1.354973e-02 
 3.781700e+01  1.354072e-02 
 3.781739e+01  1.353098e-02 
 3.781779e+01  1.352063e-02 
 3.781819e+01  1.350971e-02 
 3.781859e+01  1.349823e-02 
 3.781899e+01  1.348627e-02 
 3.781938e+01  1.347392e-02 
 3.781978e+01  1.346122e-02 
 3.782018e+01  1.344823e-02 
 3.782058e+01  1.343498e-02 
 3.782097e+01  1.342147e-02 
 3.782137e+01  1.340773e-02 
 3.782177e+01  1.339374e-02 
 3.782217e+01  1.337960e-02 
 3.782256e+01  1.336542e-02 
 3.782296e+01  1.335130e-02 
 3.782336e+01  1.333733e-02 
 3.782376e+01  1.332358e-02 
 3.782416e+01  1.331006e-02 
 3.782455e+01  1.329675e-02 
 3.782495e+01  1.328372e-02 
 3.782535e+01  1.327092e-02 
 3.782575e+01  1.325839e-02 
 3.782614e+01  1.324616e-02 
 3.782654e+01  1.323427e-02 
 3.782694e+01  1.322270e-02 
 3.782734e+01  1.321139e-02 
 3.782773e+01  1.320025e-02 
 3.782813e+01  1.318916e-02 
 3.782853e+01  1.317799e-02 
 3.782893e+01  1.316670e-02 
 3.782933e+01  1.315527e-02 
 3.782972e+01  1.314369e-02 
 3.783012e+01  1.313194e-02 
 3.783052e+01  1.312003e-02 
 3.783092e+01  1.310798e-02 
 3.783131e+01  1.309581e-02 
 3.783171e+01  1.308349e-02 
 3.783211e+01  1.307111e-02 
 3.783251e+01  1.305870e-02 
 3.783290e+01  1.304631e-02 
 3.783330e+01  1.303395e-02 
 3.783370e+01  1.302173e-02 
 3.783410e+01  1.300967e-02 
 3.783450e+01  1.299776e-02 
 3.783489e+01  1.298593e-02 
 3.783529e+01  1.297410e-02 
 3.783569e+01  1.296216e-02 
 3.783609e+01  1.294997e-02 
 3.783648e+01  1.293738e-02 
 3.783688e+01  1.292429e-02 
 3.783728e+01  1.291060e-02 
 3.783768e+01  1.289624e-02 
 3.783807e+01  1.288120e-02 
 3.783847e+01  1.286553e-02 
 3.783887e+01  1.284934e-02 
 3.783927e+01  1.283268e-02 
 3.783967e+01  1.281561e-02 
 3.784006e+01  1.279828e-02 
 3.784046e+01  1.278069e-02 
 3.784086e+01  1.276291e-02 
 3.784126e+01  1.274502e-02 
 3.784165e+01  1.272697e-02 
 3.784205e+01  1.270879e-02 
 3.784245e+01  1.269043e-02 
 3.784285e+01  1.267188e-02 
 3.784324e+01  1.265311e-02 
 3.784364e+01  1.263409e-02 
 3.784404e+01  1.261477e-02 
 3.784444e+01  1.259524e-02 
 3.784484e+01  1.257562e-02 
 3.784523e+01  1.255600e-02 
 3.784563e+01  1.253657e-02 
 3.784603e+01  1.251749e-02 
 3.784643e+01  1.249888e-02 
 3.784682e+01  1.248085e-02 
 3.784722e+01  1.246346e-02 
 3.784762e+01  1.244674e-02 
 3.784802e+01  1.243072e-02 
 3.784841e+01  1.241546e-02 
 3.784881e+01  1.240092e-02 
 3.784921e+01  1.238713e-02 
 3.784961e+01  1.237406e-02 
 3.785001e+01  1.236165e-02 
 3.785040e+01  1.234983e-02 
 3.785080e+01  1.233847e-02 
 3.785120e+01  1.232751e-02 
 3.785160e+01  1.231683e-02 
 3.785199e+01  1.230632e-02 
 3.785239e+01  1.229589e-02 
 3.785279e+01  1.228540e-02 
 3.785319e+01  1.227482e-02 
 3.785358e+01  1.226398e-02 
 3.785398e+01  1.225287e-02 
 3.785438e+01  1.224147e-02 
 3.785478e+01  1.222978e-02 
 3.785518e+01  1.221775e-02 
 3.785557e+01  1.220543e-02 
 3.785597e+01  1.219282e-02 
 3.785637e+01  1.217993e-02 
 3.785677e+01  1.216677e-02 
 3.785716e+01  1.215339e-02 
 3.785756e+01  1.213989e-02 
 3.785796e+01  1.212638e-02 
 3.785836e+01  1.211291e-02 
 3.785875e+01  1.209960e-02 
 3.785915e+01  1.208643e-02 
 3.785955e+01  1.207346e-02 
 3.785995e+01  1.206076e-02 
 3.786035e+01  1.204845e-02 
 3.786074e+01  1.203669e-02 
 3.786114e+01  1.202559e-02 
 3.786154e+01  1.201533e-02 
 3.786194e+01  1.200605e-02 
 3.786233e+01  1.199786e-02 
 3.786273e+01  1.199086e-02 
 3.786313e+01  1.198509e-02 
 3.786353e+01  1.198058e-02 
 3.786392e+01  1.197729e-02 
 3.786432e+01  1.197528e-02 
 3.786472e+01  1.197450e-02 
 3.786512e+01  1.197483e-02 
 3.786552e+01  1.197616e-02 
 3.786591e+01  1.197835e-02 
 3.786631e+01  1.198124e-02 
 3.786671e+01  1.198469e-02 
 3.786711e+01  1.198859e-02 
 3.786750e+01  1.199279e-02 
 3.786790e+01  1.199722e-02 
 3.786830e+01  1.200176e-02 
 3.786870e+01  1.200633e-02 
 3.786909e+01  1.201089e-02 
 3.786949e+01  1.201541e-02 
 3.786989e+01  1.201988e-02 
 3.787029e+01  1.202431e-02 
 3.787069e+01  1.202874e-02 
 3.787108e+01  1.203324e-02 
 3.787148e+01  1.203790e-02 
 3.787188e+01  1.204277e-02 
 3.787228e+01  1.204793e-02 
 3.787267e+01  1.205350e-02 
 3.787307e+01  1.205959e-02 
 3.787347e+01  1.206633e-02 
 3.787387e+01  1.207382e-02 
 3.787426e+01  1.208216e-02 
 3.787466e+01  1.209141e-02 
 3.787506e+01  1.210161e-02 
 3.787546e+01  1.211274e-02 
 3.787586e+01  1.212476e-02 
 3.787625e+01  1.213768e-02 
 3.787665e+01  1.215140e-02 
 3.787705e+01  1.216594e-02 
 3.787745e+01  1.218138e-02 
 3.787784e+01  1.219783e-02 
 3.787824e+01  1.221540e-02 
 3.787864e+01  1.223409e-02 
 3.787904e+01  1.225404e-02 
 3.787943e+01  1.227530e-02 
 3.787983e+01  1.229782e-02 
 3.788023e+01  1.232159e-02 
 3.788063e+01  1.234655e-02 
 3.788103e+01  1.237267e-02 
 3.788142e+01  1.239993e-02 
 3.788182e+01  1.242826e-02 
 3.788222e+01  1.245763e-02 
 3.788262e+01  1.248787e-02 
 3.788301e+01  1.251878e-02 
 3.788341e+01  1.255018e-02 
 3.788381e+01  1.258188e-02 
 3.788421e+01  1.261367e-02 
 3.788460e+01  1.264544e-02 
 3.788500e+01  1.267715e-02 
 3.788540e+01  1.270881e-02 
 3.788580e+01  1.274045e-02 
 3.788620e+01  1.277209e-02 
 3.788659e+01  1.280381e-02 
 3.788699e+01  1.283564e-02 
 3.788739e+01  1.286751e-02 
 3.788779e+01  1.289942e-02 
 3.788818e+01  1.293132e-02 
 3.788858e+01  1.296318e-02 
 3.788898e+01  1.299489e-02 
 3.788938e+01  1.302642e-02 
 3.788977e+01  1.305772e-02 
 3.789017e+01  1.308865e-02 
 3.789057e+01  1.311912e-02 
 3.789097e+01  1.314900e-02 
 3.789137e+01  1.317817e-02 
 3.789176e+01  1.320653e-02 
 3.789216e+01  1.323399e-02 
 3.789256e+01  1.326056e-02 
 3.789296e+01  1.328623e-02 
 3.789335e+01  1.331102e-02 
 3.789375e+01  1.333502e-02 
 3.789415e+01  1.335829e-02 
 3.789455e+01  1.338087e-02 
 3.789494e+01  1.340282e-02 
 3.789534e+01  1.342419e-02 
 3.789574e+01  1.344496e-02 
 3.789614e+01  1.346510e-02 
 3.789654e+01  1.348457e-02 
 3.789693e+01  1.350332e-02 
 3.789733e+01  1.352130e-02 
 3.789773e+01  1.353848e-02 
 3.789813e+01  1.355486e-02 
 3.789852e+01  1.357042e-02 
 3.789892e+01  1.358518e-02 
 3.789932e+01  1.359916e-02 
 3.789972e+01  1.361245e-02 
 3.790011e+01  1.362510e-02 
 3.790051e+01  1.363717e-02 
 3.790091e+01  1.364874e-02 
 3.790131e+01  1.365994e-02 
 3.790171e+01  1.367086e-02 
 3.790210e+01  1.368152e-02 
 3.790250e+01  1.369204e-02 
 3.790290e+01  1.370245e-02 
 3.790330e+01  1.371284e-02 
 3.790369e+01  1.372326e-02 
 3.790409e+01  1.373379e-02 
 3.790449e+01  1.374440e-02 
 3.790489e+01  1.375504e-02 
 3.790528e+01  1.376560e-02 
 3.790568e+01  1.377598e-02 
 3.790608e+01  1.378606e-02 
 3.790648e+01  1.379578e-02 
 3.790688e+01  1.380509e-02 
 3.790727e+01  1.381389e-02 
 3.790767e+01  1.382205e-02 
 3.790807e+01  1.382947e-02 
 3.790847e+01  1.383604e-02 
 3.790886e+01  1.384171e-02 
 3.790926e+01  1.384641e-02 
 3.790966e+01  1.385011e-02 
 3.791006e+01  1.385279e-02 
 3.791046e+01  1.385443e-02 
 3.791085e+01  1.385499e-02 
 3.791125e+01  1.385439e-02 
 3.791165e+01  1.385257e-02 
 3.791205e+01  1.384952e-02 
 3.791244e+01  1.384525e-02 
 3.791284e+01  1.383985e-02 
 3.791324e+01  1.383347e-02 
 3.791364e+01  1.382625e-02 
 3.791403e+01  1.381834e-02 
 3.791443e+01  1.380983e-02 
 3.791483e+01  1.380086e-02 
 3.791523e+01  1.379147e-02 
 3.791563e+01  1.378171e-02 
 3.791602e+01  1.377162e-02 
 3.791642e+01  1.376123e-02 
 3.791682e+01  1.375063e-02 
 3.791722e+01  1.373992e-02 
 3.791761e+01  1.372913e-02 
 3.791801e+01  1.371833e-02 
 3.791841e+01  1.370748e-02 
 3.791881e+01  1.369664e-02 
 3.791920e+01  1.368580e-02 
 3.791960e+01  1.367496e-02 
 3.792000e+01  1.366408e-02 
 3.792040e+01  1.365317e-02 
 3.792080e+01  1.364223e-02 
 3.792119e+01  1.363127e-02 
 3.792159e+01  1.362024e-02 
 3.792199e+01  1.360904e-02 
 3.792239e+01  1.359755e-02 
 3.792278e+01  1.358564e-02 
 3.792318e+01  1.357322e-02 
 3.792358e+01  1.356016e-02 
 3.792398e+01  1.354637e-02 
 3.792437e+01  1.353178e-02 
 3.792477e+01  1.351636e-02 
 3.792517e+01  1.350012e-02 
 3.792557e+01  1.348313e-02 
 3.792597e+01  1.346545e-02 
 3.792636e+01  1.344714e-02 
 3.792676e+01  1.342828e-02 
 3.792716e+01  1.340898e-02 
 3.792756e+01  1.338932e-02 
 3.792795e+01  1.336938e-02 
 3.792835e+01  1.334921e-02 
 3.792875e+01  1.332888e-02 
 3.792915e+01  1.330840e-02 
 3.792954e+01  1.328778e-02 
 3.792994e+01  1.326698e-02 
 3.793034e+01  1.324603e-02 
 3.793074e+01  1.322488e-02 
 3.793114e+01  1.320351e-02 
 3.793153e+01  1.318194e-02 
 3.793193e+01  1.316019e-02 
 3.793233e+01  1.313838e-02 
 3.793273e+01  1.311662e-02 
 3.793312e+01  1.309513e-02 
 3.793352e+01  1.307408e-02 
 3.793392e+01  1.305359e-02 
 3.793432e+01  1.303377e-02 
 3.793471e+01  1.301467e-02 
 3.793511e+01  1.299629e-02 
 3.793551e+01  1.297856e-02 
 3.793591e+01  1.296139e-02 
 3.793631e+01  1.294472e-02 
 3.793670e+01  1.292849e-02 
 3.793710e+01  1.291262e-02 
 3.793750e+01  1.289706e-02 
 3.793790e+01  1.288174e-02 
 3.793829e+01  1.286654e-02 
 3.793869e+01  1.285139e-02 
 3.793909e+01  1.283624e-02 
 3.793949e+01  1.282103e-02 
 3.793988e+01  1.280571e-02 
 3.794028e+01  1.279027e-02 
 3.794068e+01  1.277468e-02 
 3.794108e+01  1.275900e-02 
 3.794148e+01  1.274328e-02 
 3.794187e+01  1.272758e-02 
 3.794227e+01  1.271192e-02 
 3.794267e+01  1.269626e-02 
 3.794307e+01  1.268057e-02 
 3.794346e+01  1.266478e-02 
 3.794386e+01  1.264873e-02 
 3.794426e+01  1.263232e-02 
 3.794466e+01  1.261543e-02 
 3.794505e+01  1.259796e-02 
 3.794545e+01  1.257985e-02 
 3.794585e+01  1.256103e-02 
 3.794625e+01  1.254147e-02 
 3.794665e+01  1.252108e-02 
 3.794704e+01  1.249983e-02 
 3.794744e+01  1.247773e-02 
 3.794784e+01  1.245477e-02 
 3.794824e+01  1.243100e-02 
 3.794863e+01  1.240654e-02 
 3.794903e+01  1.238146e-02 
 3.794943e+01  1.235586e-02 
 3.794983e+01  1.232983e-02 
 3.795022e+01  1.230352e-02 
 3.795062e+01  1.227703e-02 
 3.795102e+01  1.225044e-02 
 3.795142e+01  1.222382e-02 
 3.795182e+01  1.219721e-02 
 3.795221e+01  1.217067e-02 
 3.795261e+01  1.214425e-02 
 3.795301e+01  1.211804e-02 
 3.795341e+01  1.209209e-02 
 3.795380e+01  1.206656e-02 
 3.795420e+01  1.204161e-02 
 3.795460e+01  1.201741e-02 
 3.795500e+01  1.199416e-02 
 3.795539e+01  1.197201e-02 
 3.795579e+01  1.195111e-02 
 3.795619e+01  1.193154e-02 
 3.795659e+01  1.191346e-02 
 3.795699e+01  1.189692e-02 
 3.795738e+01  1.188200e-02 
 3.795778e+01  1.186877e-02 
 3.795818e+01  1.185719e-02 
 3.795858e+01  1.184729e-02 
 3.795897e+01  1.183896e-02 
 3.795937e+01  1.183202e-02 
 3.795977e+01  1.182624e-02 
 3.796017e+01  1.182141e-02 
 3.796056e+01  1.181733e-02 
 3.796096e+01  1.181383e-02 
 3.796136e+01  1.181070e-02 
 3.796176e+01  1.180775e-02 
 3.796216e+01  1.180480e-02 
 3.796255e+01  1.180166e-02 
 3.796295e+01  1.179818e-02 
 3.796335e+01  1.179427e-02 
 3.796375e+01  1.178977e-02 
 3.796414e+01  1.178467e-02 
 3.796454e+01  1.177897e-02 
 3.796494e+01  1.177272e-02 
 3.796534e+01  1.176601e-02 
 3.796573e+01  1.175888e-02 
 3.796613e+01  1.175150e-02 
 3.796653e+01  1.174400e-02 
 3.796693e+01  1.173652e-02 
 3.796733e+01  1.172925e-02 
 3.796772e+01  1.172233e-02 
 3.796812e+01  1.171595e-02 
 3.796852e+01  1.171026e-02 
 3.796892e+01  1.170540e-02 
 3.796931e+01  1.170153e-02 
 3.796971e+01  1.169874e-02 
 3.797011e+01  1.169711e-02 
 3.797051e+01  1.169673e-02 
 3.797090e+01  1.169770e-02 
 3.797130e+01  1.170007e-02 
 3.797170e+01  1.170389e-02 
 3.797210e+01  1.170923e-02 
 3.797250e+01  1.171621e-02 
 3.797289e+01  1.172489e-02 
 3.797329e+01  1.173529e-02 
 3.797369e+01  1.174739e-02 
 3.797409e+01  1.176125e-02 
 3.797448e+01  1.177680e-02 
 3.797488e+01  1.179407e-02 
 3.797528e+01  1.181299e-02 
 3.797568e+01  1.183350e-02 
 3.797607e+01  1.185552e-02 
 3.797647e+01  1.187885e-02 
 3.797687e+01  1.190337e-02 
 3.797727e+01  1.192884e-02 
 3.797767e+01  1.195498e-02 
 3.797806e+01  1.198153e-02 
 3.797846e+01  1.200829e-02 
 3.797886e+01  1.203508e-02 
 3.797926e+01  1.206176e-02 
 3.797965e+01  1.208822e-02 
 3.798005e+01  1.211431e-02 
 3.798045e+01  1.214001e-02 
 3.798085e+01  1.216529e-02 
 3.798124e+01  1.219013e-02 
 3.798164e+01  1.221454e-02 
 3.798204e+01  1.223853e-02 
 3.798244e+01  1.226210e-02 
 3.798284e+01  1.228526e-02 
 3.798323e+01  1.230801e-02 
 3.798363e+01  1.233041e-02 
 3.798403e+01  1.235245e-02 
 3.798443e+01  1.237418e-02 
 3.798482e+01  1.239568e-02 
 3.798522e+01  1.241706e-02 
 3.798562e+01  1.243840e-02 
 3.798602e+01  1.245972e-02 
 3.798641e+01  1.248107e-02 
 3.798681e+01  1.250248e-02 
 3.798721e+01  1.252401e-02 
 3.798761e+01  1.254572e-02 
 3.798801e+01  1.256766e-02 
 3.798840e+01  1.258994e-02 
 3.798880e+01  1.261261e-02 
 3.798920e+01  1.263581e-02 
 3.798960e+01  1.265965e-02 
 3.798999e+01  1.268417e-02 
 3.799039e+01  1.270942e-02 
 3.799079e+01  1.273533e-02 
 3.799119e+01  1.276183e-02 
 3.799158e+01  1.278881e-02 
 3.799198e+01  1.281604e-02 
 3.799238e+01  1.284334e-02 
 3.799278e+01  1.287052e-02 
 3.799318e+01  1.289743e-02 
 3.799357e+01  1.292399e-02 
 3.799397e+01  1.295011e-02 
 3.799437e+01  1.297577e-02 
 3.799477e+01  1.300095e-02 
 3.799516e+01  1.302551e-02 
 3.799556e+01  1.304941e-02 
 3.799596e+01  1.307265e-02 
 3.799636e+01  1.309520e-02 
 3.799675e+01  1.311714e-02 
 3.799715e+01  1.313855e-02 
 3.799755e+01  1.315947e-02 
 3.799795e+01  1.317992e-02 
 3.799835e+01  1.319984e-02 
 3.799874e+01  1.321906e-02 
 3.799914e+01  1.323743e-02 
 3.799954e+01  1.325480e-02 
 3.799994e+01  1.327102e-02 
 3.800033e+01  1.328601e-02 
 3.800073e+01  1.329975e-02 
 3.800113e+01  1.331225e-02 
 3.800153e+01  1.332347e-02 
 3.800193e+01  1.333344e-02 
 3.800232e+01  1.334220e-02 
 3.800272e+01  1.334978e-02 
 3.800312e+01  1.335617e-02 
 3.800352e+01  1.336138e-02 
 3.800391e+01  1.336550e-02 
 3.800431e+01  1.336852e-02 
 3.800471e+01  1.337044e-02 
 3.800511e+01  1.337127e-02 
 3.800550e+01  1.337103e-02 
 3.800590e+01  1.336976e-02 
 3.800630e+01  1.336754e-02 
 3.800670e+01  1.336446e-02 
 3.800710e+01  1.336074e-02 
 3.800749e+01  1.335650e-02 
 3.800789e+01  1.335182e-02 
 3.800829e+01  1.334683e-02 
 3.800869e+01  1.334162e-02 
 3.800908e+01  1.333633e-02 
 3.800948e+01  1.333109e-02 
 3.800988e+01  1.332611e-02 
 3.801028e+01  1.332158e-02 
 3.801067e+01  1.331762e-02 
 3.801107e+01  1.331439e-02 
 3.801147e+01  1.331195e-02 
 3.801187e+01  1.331034e-02 
 3.801227e+01  1.330958e-02 
 3.801266e+01  1.330963e-02 
 3.801306e+01  1.331044e-02 
 3.801346e+01  1.331192e-02 
 3.801386e+01  1.331394e-02 
 3.801425e+01  1.331631e-02 
 3.801465e+01  1.331887e-02 
 3.801505e+01  1.332134e-02 
 3.801545e+01  1.332348e-02 
 3.801584e+01  1.332510e-02 
 3.801624e+01  1.332606e-02 
 3.801664e+01  1.332624e-02 
 3.801704e+01  1.332543e-02 
 3.801744e+01  1.332350e-02 
 3.801783e+01  1.332034e-02 
 3.801823e+01  1.331586e-02 
 3.801863e+01  1.330995e-02 
 3.801903e+01  1.330259e-02 
 3.801942e+01  1.329373e-02 
 3.801982e+01  1.328338e-02 
 3.802022e+01  1.327158e-02 
 3.802062e+01  1.325841e-02 
 3.802101e+01  1.324398e-02 
 3.802141e+01  1.322835e-02 
 3.802181e+01  1.321154e-02 
 3.802221e+01  1.319372e-02 
 3.802261e+01  1.317496e-02 
 3.802300e+01  1.315540e-02 
 3.802340e+01  1.313511e-02 
 3.802380e+01  1.311414e-02 
 3.802420e+01  1.309256e-02 
 3.802459e+01  1.307045e-02 
 3.802499e+01  1.304796e-02 
 3.802539e+01  1.302517e-02 
 3.802579e+01  1.300227e-02 
 3.802618e+01  1.297946e-02 
 3.802658e+01  1.295688e-02 
 3.802698e+01  1.293471e-02 
 3.802738e+01  1.291308e-02 
 3.802778e+01  1.289212e-02 
 3.802817e+01  1.287189e-02 
 3.802857e+01  1.285248e-02 
 3.802897e+01  1.283402e-02 
 3.802937e+01  1.281655e-02 
 3.802976e+01  1.280005e-02 
 3.803016e+01  1.278445e-02 
 3.803056e+01  1.276965e-02 
 3.803096e+01  1.275549e-02 
 3.803135e+01  1.274174e-02 
 3.803175e+01  1.272818e-02 
 3.803215e+01  1.271458e-02 
 3.803255e+01  1.270064e-02 
 3.803295e+01  1.268618e-02 
 3.803334e+01  1.267096e-02 
 3.803374e+01  1.265481e-02 
 3.803414e+01  1.263760e-02 
 3.803454e+01  1.261923e-02 
 3.803493e+01  1.259969e-02 
 3.803533e+01  1.257906e-02 
 3.803573e+01  1.255740e-02 
 3.803613e+01  1.253473e-02 
 3.803652e+01  1.251114e-02 
 3.803692e+01  1.248667e-02 
 3.803732e+01  1.246135e-02 
 3.803772e+01  1.243522e-02 
 3.803812e+01  1.240837e-02 
 3.803851e+01  1.238092e-02 
 3.803891e+01  1.235300e-02 
 3.803931e+01  1.232467e-02 
 3.803971e+01  1.229598e-02 
 3.804010e+01  1.226699e-02 
 3.804050e+01  1.223769e-02 
 3.804090e+01  1.220815e-02 
 3.804130e+01  1.217846e-02 
 3.804169e+01  1.214872e-02 
 3.804209e+01  1.211905e-02 
 3.804249e+01  1.208953e-02 
 3.804289e+01  1.206031e-02 
 3.804329e+01  1.203146e-02 
 3.804368e+01  1.200312e-02 
 3.804408e+01  1.197542e-02 
 3.804448e+01  1.194853e-02 
 3.804488e+01  1.192255e-02 
 3.804527e+01  1.189755e-02 
 3.804567e+01  1.187352e-02 
 3.804607e+01  1.185041e-02 
 3.804647e+01  1.182806e-02 
 3.804686e+01  1.180630e-02 
 3.804726e+01  1.178498e-02 
 3.804766e+01  1.176402e-02 
 3.804806e+01  1.174335e-02 
 3.804846e+01  1.172298e-02 
 3.804885e+01  1.170285e-02 
 3.804925e+01  1.168299e-02 
 3.804965e+01  1.166337e-02 
 3.805005e+01  1.164398e-02 
 3.805044e+01  1.162488e-02 
 3.805084e+01  1.160611e-02 
 3.805124e+01  1.158771e-02 
 3.805164e+01  1.156975e-02 
 3.805203e+01  1.155223e-02 
 3.805243e+01  1.153517e-02 
 3.805283e+01  1.151857e-02 
 3.805323e+01  1.150238e-02 
 3.805363e+01  1.148659e-02 
 3.805402e+01  1.147112e-02 
 3.805442e+01  1.145594e-02 
 3.805482e+01  1.144091e-02 
 3.805522e+01  1.142595e-02 
 3.805561e+01  1.141095e-02 
 3.805601e+01  1.139579e-02 
 3.805641e+01  1.138040e-02 
 3.805681e+01  1.136473e-02 
 3.805720e+01  1.134881e-02 
 3.805760e+01  1.133272e-02 
 3.805800e+01  1.131653e-02 
 3.805840e+01  1.130031e-02 
 3.805880e+01  1.128412e-02 
 3.805919e+01  1.126798e-02 
 3.805959e+01  1.125197e-02 
 3.805999e+01  1.123624e-02 
 3.806039e+01  1.122092e-02 
 3.806078e+01  1.120619e-02 
 3.806118e+01  1.119223e-02 
 3.806158e+01  1.117924e-02 
 3.806198e+01  1.116740e-02 
 3.806237e+01  1.115689e-02 
 3.806277e+01  1.114783e-02 
 3.806317e+01  1.114028e-02 
 3.806357e+01  1.113432e-02 
 3.806397e+01  1.112997e-02 
 3.806436e+01  1.112730e-02 
 3.806476e+01  1.112634e-02 
 3.806516e+01  1.112710e-02 
 3.806556e+01  1.112956e-02 
 3.806595e+01  1.113375e-02 
 3.806635e+01  1.113972e-02 
 3.806675e+01  1.114748e-02 
 3.806715e+01  1.115700e-02 
 3.806754e+01  1.116823e-02 
 3.806794e+01  1.118103e-02 
 3.806834e+01  1.119525e-02 
 3.806874e+01  1.121069e-02 
 3.806914e+01  1.122713e-02 
 3.806953e+01  1.124441e-02 
 3.806993e+01  1.126241e-02 
 3.807033e+01  1.128100e-02 
 3.807073e+01  1.130006e-02 
 3.807112e+01  1.131944e-02 
 3.807152e+01  1.133900e-02 
 3.807192e+01  1.135851e-02 
 3.807232e+01  1.137782e-02 
 3.807271e+01  1.139678e-02 
 3.807311e+01  1.141527e-02 
 3.807351e+01  1.143321e-02 
 3.807391e+01  1.145051e-02 
 3.807431e+01  1.146714e-02 
 3.807470e+01  1.148299e-02 
 3.807510e+01  1.149804e-02 
 3.807550e+01  1.151222e-02 
 3.807590e+01  1.152551e-02 
 3.807629e+01  1.153800e-02 
 3.807669e+01  1.154979e-02 
 3.807709e+01  1.156106e-02 
 3.807749e+01  1.157195e-02 
 3.807788e+01  1.158258e-02 
 3.807828e+01  1.159312e-02 
 3.807868e+01  1.160372e-02 
 3.807908e+01  1.161453e-02 
 3.807948e+01  1.162571e-02 
 3.807987e+01  1.163744e-02 
 3.808027e+01  1.164983e-02 
 3.808067e+01  1.166304e-02 
 3.808107e+01  1.167719e-02 
 3.808146e+01  1.169237e-02 
 3.808186e+01  1.170869e-02 
 3.808226e+01  1.172630e-02 
 3.808266e+01  1.174534e-02 
 3.808305e+01  1.176590e-02 
 3.808345e+01  1.178806e-02 
 3.808385e+01  1.181180e-02 
 3.808425e+01  1.183705e-02 
 3.808465e+01  1.186369e-02 
 3.808504e+01  1.189152e-02 
 3.808544e+01  1.192032e-02 
 3.808584e+01  1.194986e-02 
 3.808624e+01  1.197992e-02 
 3.808663e+01  1.201028e-02 
 3.808703e+01  1.204073e-02 
 3.808743e+01  1.207097e-02 
 3.808783e+01  1.210083e-02 
 3.808822e+01  1.213018e-02 
 3.808862e+01  1.215887e-02 
 3.808902e+01  1.218680e-02 
 3.808942e+01  1.221392e-02 
 3.808982e+01  1.224024e-02 
 3.809021e+01  1.226575e-02 
 3.809061e+01  1.229050e-02 
 3.809101e+01  1.231458e-02 
 3.809141e+01  1.233801e-02 
 3.809180e+01  1.236086e-02 
 3.809220e+01  1.238315e-02 
 3.809260e+01  1.240496e-02 
 3.809300e+01  1.242635e-02 
 3.809340e+01  1.244741e-02 
 3.809379e+01  1.246820e-02 
 3.809419e+01  1.248876e-02 
 3.809459e+01  1.250915e-02 
 3.809499e+01  1.252943e-02 
 3.809538e+01  1.254963e-02 
 3.809578e+01  1.256978e-02 
 3.809618e+01  1.258988e-02 
 3.809658e+01  1.260999e-02 
 3.809697e+01  1.263019e-02 
 3.809737e+01  1.265055e-02 
 3.809777e+01  1.267121e-02 
 3.809817e+01  1.269217e-02 
 3.809857e+01  1.271352e-02 
 3.809896e+01  1.273527e-02 
 3.809936e+01  1.275737e-02 
 3.809976e+01  1.277978e-02 
 3.810016e+01  1.280237e-02 
 3.810055e+01  1.282499e-02 
 3.810095e+01  1.284748e-02 
 3.810135e+01  1.286968e-02 
 3.810175e+01  1.289144e-02 
 3.810214e+01  1.291260e-02 
 3.810254e+01  1.293299e-02 
 3.810294e+01  1.295245e-02 
 3.810334e+01  1.297091e-02 
 3.810374e+01  1.298834e-02 
 3.810413e+01  1.300477e-02 
 3.810453e+01  1.302030e-02 
 3.810493e+01  1.303503e-02 
 3.810533e+01  1.304908e-02 
 3.810572e+01  1.306254e-02 
 3.810612e+01  1.307555e-02 
 3.810652e+01  1.308815e-02 
 3.810692e+01  1.310035e-02 
 3.810731e+01  1.311219e-02 
 3.810771e+01  1.312365e-02 
 3.810811e+01  1.313477e-02 
 3.810851e+01  1.314557e-02 
 3.810891e+01  1.315603e-02 
 3.810930e+01  1.316607e-02 
 3.810970e+01  1.317561e-02 
 3.811010e+01  1.318456e-02 
 3.811050e+01  1.319284e-02 
 3.811089e+01  1.320034e-02 
 3.811129e+01  1.320700e-02 
 3.811169e+01  1.321279e-02 
 3.811209e+01  1.321770e-02 
 3.811248e+01  1.322174e-02 
 3.811288e+01  1.322493e-02 
 3.811328e+01  1.322736e-02 
 3.811368e+01  1.322908e-02 
 3.811408e+01  1.323016e-02 
 3.811447e+01  1.323063e-02 
 3.811487e+01  1.323055e-02 
 3.811527e+01  1.322991e-02 
 3.811567e+01  1.322867e-02 
 3.811606e+01  1.322683e-02 
 3.811646e+01  1.322438e-02 
 3.811686e+01  1.322128e-02 
 3.811726e+01  1.321755e-02 
 3.811765e+01  1.321324e-02 
 3.811805e+01  1.320835e-02 
 3.811845e+01  1.320288e-02 
 3.811885e+01  1.319688e-02 
 3.811925e+01  1.319035e-02 
 3.811964e+01  1.318331e-02 
 3.812004e+01  1.317577e-02 
 3.812044e+01  1.316776e-02 
 3.812084e+01  1.315934e-02 
 3.812123e+01  1.315059e-02 
 3.812163e+01  1.314155e-02 
 3.812203e+01  1.313229e-02 
 3.812243e+01  1.312288e-02 
 3.812282e+01  1.311334e-02 
 3.812322e+01  1.310371e-02 
 3.812362e+01  1.309406e-02 
 3.812402e+01  1.308438e-02 
 3.812442e+01  1.307468e-02 
 3.812481e+01  1.306490e-02 
 3.812521e+01  1.305499e-02 
 3.812561e+01  1.304481e-02 
 3.812601e+01  1.303421e-02 
 3.812640e+01  1.302304e-02 
 3.812680e+01  1.301105e-02 
 3.812720e+01  1.299802e-02 
 3.812760e+01  1.298375e-02 
 3.812799e+01  1.296801e-02 
 3.812839e+01  1.295069e-02 
 3.812879e+01  1.293169e-02 
 3.812919e+01  1.291095e-02 
 3.812959e+01  1.288846e-02 
 3.812998e+01  1.286433e-02 
 3.813038e+01  1.283869e-02 
 3.813078e+01  1.281169e-02 
 3.813118e+01  1.278352e-02 
 3.813157e+01  1.275431e-02 
 3.813197e+01  1.272426e-02 
 3.813237e+01  1.269355e-02 
 3.813277e+01  1.266235e-02 
 3.813316e+01  1.263080e-02 
 3.813356e+01  1.259907e-02 
 3.813396e+01  1.256728e-02 
 3.813436e+01  1.253554e-02 
 3.813476e+01  1.250399e-02 
 3.813515e+01  1.247273e-02 
 3.813555e+01  1.244182e-02 
 3.813595e+01  1.241135e-02 
 3.813635e+01  1.238147e-02 
 3.813674e+01  1.235229e-02 
 3.813714e+01  1.232401e-02 
 3.813754e+01  1.229677e-02 
 3.813794e+01  1.227067e-02 
 3.813833e+01  1.224583e-02 
 3.813873e+01  1.222227e-02 
 3.813913e+01  1.220001e-02 
 3.813953e+01  1.217898e-02 
 3.813993e+01  1.215906e-02 
 3.814032e+01  1.214008e-02 
 3.814072e+01  1.212185e-02 
 3.814112e+01  1.210420e-02 
 3.814152e+01  1.208692e-02 
 3.814191e+01  1.206983e-02 
 3.814231e+01  1.205275e-02 
 3.814271e+01  1.203559e-02 
 3.814311e+01  1.201821e-02 
 3.814350e+01  1.200048e-02 
 3.814390e+01  1.198235e-02 
 3.814430e+01  1.196373e-02 
 3.814470e+01  1.194459e-02 
 3.814510e+01  1.192494e-02 
 3.814549e+01  1.190486e-02 
 3.814589e+01  1.188445e-02 
 3.814629e+01  1.186379e-02 
 3.814669e+01  1.184297e-02 
 3.814708e+01  1.182208e-02 
 3.814748e+01  1.180120e-02 
 3.814788e+01  1.178033e-02 
 3.814828e+01  1.175951e-02 
 3.814867e+01  1.173880e-02 
 3.814907e+01  1.171821e-02 
 3.814947e+01  1.169775e-02 
 3.814987e+01  1.167751e-02 
 3.815027e+01  1.165756e-02 
 3.815066e+01  1.163795e-02 
 3.815106e+01  1.161877e-02 
 3.815146e+01  1.160014e-02 
 3.815186e+01  1.158218e-02 
 3.815225e+01  1.156504e-02 
 3.815265e+01  1.154883e-02 
 3.815305e+01  1.153358e-02 
 3.815345e+01  1.151931e-02 
 3.815384e+01  1.150599e-02 
 3.815424e+01  1.149356e-02 
 3.815464e+01  1.148197e-02 
 3.815504e+01  1.147122e-02 
 3.815544e+01  1.146125e-02 
 3.815583e+01  1.145198e-02 
 3.815623e+01  1.144337e-02 
 3.815663e+01  1.143536e-02 
 3.815703e+01  1.142794e-02 
 3.815742e+01  1.142108e-02 
 3.815782e+01  1.141473e-02 
 3.815822e+01  1.140889e-02 
 3.815862e+01  1.140356e-02 
 3.815901e+01  1.139866e-02 
 3.815941e+01  1.139418e-02 
 3.815981e+01  1.139009e-02 
 3.816021e+01  1.138634e-02 
 3.816061e+01  1.138289e-02 
 3.816100e+01  1.137970e-02 
 3.816140e+01  1.137671e-02 
 3.816180e+01  1.137389e-02 
 3.816220e+01  1.137113e-02 
 3.816259e+01  1.136841e-02 
 3.816299e+01  1.136567e-02 
 3.816339e+01  1.136290e-02 
 3.816379e+01  1.136012e-02 
 3.816418e+01  1.135736e-02 
 3.816458e+01  1.135464e-02 
 3.816498e+01  1.135200e-02 
 3.816538e+01  1.134951e-02 
 3.816578e+01  1.134718e-02 
 3.816617e+01  1.134505e-02 
 3.816657e+01  1.134316e-02 
 3.816697e+01  1.134149e-02 
 3.816737e+01  1.134008e-02 
 3.816776e+01  1.133896e-02 
 3.816816e+01  1.133821e-02 
 3.816856e+01  1.133781e-02 
 3.816896e+01  1.133782e-02 
 3.816935e+01  1.133828e-02 
 3.816975e+01  1.133921e-02 
 3.817015e+01  1.134066e-02 
 3.817055e+01  1.134263e-02 
 3.817095e+01  1.134517e-02 
 3.817134e+01  1.134830e-02 
 3.817174e+01  1.135199e-02 
 3.817214e+01  1.135630e-02 
 3.817254e+01  1.136122e-02 
 3.817293e+01  1.136665e-02 
 3.817333e+01  1.137256e-02 
 3.817373e+01  1.137896e-02 
 3.817413e+01  1.138592e-02 
 3.817452e+01  1.139351e-02 
 3.817492e+01  1.140183e-02 
 3.817532e+01  1.141096e-02 
 3.817572e+01  1.142102e-02 
 3.817612e+01  1.143207e-02 
 3.817651e+01  1.144417e-02 
 3.817691e+01  1.145738e-02 
 3.817731e+01  1.147173e-02 
 3.817771e+01  1.148722e-02 
 3.817810e+01  1.150383e-02 
 3.817850e+01  1.152153e-02 
 3.817890e+01  1.154019e-02 
 3.817930e+01  1.155963e-02 
 3.817969e+01  1.157962e-02 
 3.818009e+01  1.159995e-02 
 3.818049e+01  1.162044e-02 
 3.818089e+01  1.164087e-02 
 3.818129e+01  1.166106e-02 
 3.818168e+01  1.168081e-02 
 3.818208e+01  1.169989e-02 
 3.818248e+01  1.171818e-02 
 3.818288e+01  1.173554e-02 
 3.818327e+01  1.175188e-02 
 3.818367e+01  1.176723e-02 
 3.818407e+01  1.178161e-02 
 3.818447e+01  1.179511e-02 
 3.818487e+01  1.180788e-02 
 3.818526e+01  1.182005e-02 
 3.818566e+01  1.183172e-02 
 3.818606e+01  1.184303e-02 
 3.818646e+01  1.185408e-02 
 3.818685e+01  1.186495e-02 
 3.818725e+01  1.187573e-02 
 3.818765e+01  1.188650e-02 
 3.818805e+01  1.189730e-02 
 3.818844e+01  1.190823e-02 
 3.818884e+01  1.191937e-02 
 3.818924e+01  1.193081e-02 
 3.818964e+01  1.194270e-02 
 3.819004e+01  1.195516e-02 
 3.819043e+01  1.196831e-02 
 3.819083e+01  1.198231e-02 
 3.819123e+01  1.199727e-02 
 3.819163e+01  1.201328e-02 
 3.819202e+01  1.203050e-02 
 3.819242e+01  1.204905e-02 
 3.819282e+01  1.206898e-02 
 3.819322e+01  1.209040e-02 
 3.819361e+01  1.211333e-02 
 3.819401e+01  1.213776e-02 
 3.819441e+01  1.216363e-02 
 3.819481e+01  1.219076e-02 
 3.819521e+01  1.221893e-02 
 3.819560e+01  1.224785e-02 
 3.819600e+01  1.227732e-02 
 3.819640e+01  1.230708e-02 
 3.819680e+01  1.233684e-02 
 3.819719e+01  1.236638e-02 
 3.819759e+01  1.239549e-02 
 3.819799e+01  1.242397e-02 
 3.819839e+01  1.245165e-02 
 3.819878e+01  1.247843e-02 
 3.819918e+01  1.250423e-02 
 3.819958e+01  1.252894e-02 
 3.819998e+01  1.255259e-02 
 3.820038e+01  1.257523e-02 
 3.820077e+01  1.259691e-02 
 3.820117e+01  1.261768e-02 
 3.820157e+01  1.263761e-02 
 3.820197e+01  1.265670e-02 
 3.820236e+01  1.267501e-02 
 3.820276e+01  1.269255e-02 
 3.820316e+01  1.270928e-02 
 3.820356e+01  1.272521e-02 
 3.820395e+01  1.274032e-02 
 3.820435e+01  1.275458e-02 
 3.820475e+01  1.276800e-02 
 3.820515e+01  1.278056e-02 
 3.820555e+01  1.279227e-02 
 3.820594e+01  1.280324e-02 
 3.820634e+01  1.281356e-02 
 3.820674e+01  1.282331e-02 
 3.820714e+01  1.283257e-02 
 3.820753e+01  1.284142e-02 
 3.820793e+01  1.284991e-02 
 3.820833e+01  1.285809e-02 
 3.820873e+01  1.286601e-02 
 3.820912e+01  1.287363e-02 
 3.820952e+01  1.288099e-02 
 3.820992e+01  1.288813e-02 
 3.821032e+01  1.289501e-02 
 3.821072e+01  1.290160e-02 
 3.821111e+01  1.290784e-02 
 3.821151e+01  1.291365e-02 
 3.821191e+01  1.291898e-02 
 3.821231e+01  1.292371e-02 
 3.821270e+01  1.292772e-02 
 3.821310e+01  1.293093e-02 
 3.821350e+01  1.293319e-02 
 3.821390e+01  1.293445e-02 
 3.821429e+01  1.293460e-02 
 3.821469e+01  1.293356e-02 
 3.821509e+01  1.293127e-02 
 3.821549e+01  1.292774e-02 
 3.821589e+01  1.292300e-02 
 3.821628e+01  1.291714e-02 
 3.821668e+01  1.291019e-02 
 3.821708e+01  1.290220e-02 
 3.821748e+01  1.289326e-02 
 3.821787e+01  1.288348e-02 
 3.821827e+01  1.287293e-02 
 3.821867e+01  1.286170e-02 
 3.821907e+01  1.284982e-02 
 3.821946e+01  1.283740e-02 
 3.821986e+01  1.282447e-02 
 3.822026e+01  1.281102e-02 
 3.822066e+01  1.279711e-02 
 3.822106e+01  1.278269e-02 
 3.822145e+01  1.276771e-02 
 3.822185e+01  1.275220e-02 
 3.822225e+01  1.273617e-02 
 3.822265e+01  1.271954e-02 
 3.822304e+01  1.270233e-02 
 3.822344e+01  1.268447e-02 
 3.822384e+01  1.266591e-02 
 3.822424e+01  1.264666e-02 
 3.822463e+01  1.262674e-02 
 3.822503e+01  1.260620e-02 
 3.822543e+01  1.258513e-02 
 3.822583e+01  1.256363e-02 
 3.822623e+01  1.254184e-02 
 3.822662e+01  1.251988e-02 
 3.822702e+01  1.249786e-02 
 3.822742e+01  1.247584e-02 
 3.822782e+01  1.245390e-02 
 3.822821e+01  1.243213e-02 
 3.822861e+01  1.241058e-02 
 3.822901e+01  1.238925e-02 
 3.822941e+01  1.236816e-02 
 3.822980e+01  1.234735e-02 
 3.823020e+01  1.232681e-02 
 3.823060e+01  1.230655e-02 
 3.823100e+01  1.228653e-02 
 3.823140e+01  1.226675e-02 
 3.823179e+01  1.224721e-02 
 3.823219e+01  1.222787e-02 
 3.823259e+01  1.220869e-02 
 3.823299e+01  1.218961e-02 
 3.823338e+01  1.217057e-02 
 3.823378e+01  1.215154e-02 
 3.823418e+01  1.213239e-02 
 3.823458e+01  1.211306e-02 
 3.823497e+01  1.209342e-02 
 3.823537e+01  1.207335e-02 
 3.823577e+01  1.205278e-02 
 3.823617e+01  1.203161e-02 
 3.823657e+01  1.200973e-02 
 3.823696e+01  1.198705e-02 
 3.823736e+01  1.196350e-02 
 3.823776e+01  1.193905e-02 
 3.823816e+01  1.191370e-02 
 3.823855e+01  1.188750e-02 
 3.823895e+01  1.186050e-02 
 3.823935e+01  1.183282e-02 
 3.823975e+01  1.180463e-02 
 3.824014e+01  1.177611e-02 
 3.824054e+01  1.174740e-02 
 3.824094e+01  1.171871e-02 
 3.824134e+01  1.169019e-02 
 3.824174e+01  1.166198e-02 
 3.824213e+01  1.163421e-02 
 3.824253e+01  1.160699e-02 
 3.824293e+01  1.158038e-02 
 3.824333e+01  1.155449e-02 
 3.824372e+01  1.152943e-02 
 3.824412e+01  1.150537e-02 
 3.824452e+01  1.148246e-02 
 3.824492e+01  1.146090e-02 
 3.824531e+01  1.144086e-02 
 3.824571e+01  1.142245e-02 
 3.824611e+01  1.140581e-02 
 3.824651e+01  1.139097e-02 
 3.824691e+01  1.137802e-02 
 3.824730e+01  1.136698e-02 
 3.824770e+01  1.135785e-02 
 3.824810e+01  1.135060e-02 
 3.824850e+01  1.134513e-02 
 3.824889e+01  1.134138e-02 
 3.824929e+01  1.133921e-02 
 3.824969e+01  1.133840e-02 
 3.825009e+01  1.133874e-02 
 3.825048e+01  1.133998e-02 
 3.825088e+01  1.134189e-02 
 3.825128e+01  1.134424e-02 
 3.825168e+01  1.134681e-02 
 3.825208e+01  1.134946e-02 
 3.825247e+01  1.135209e-02 
 3.825287e+01  1.135456e-02 
 3.825327e+01  1.135691e-02 
 3.825367e+01  1.135912e-02 
 3.825406e+01  1.136118e-02 
 3.825446e+01  1.136304e-02 
 3.825486e+01  1.136467e-02 
 3.825526e+01  1.136603e-02 
 3.825565e+01  1.136710e-02 
 3.825605e+01  1.136786e-02 
 3.825645e+01  1.136822e-02 
 3.825685e+01  1.136817e-02 
 3.825725e+01  1.136772e-02 
 3.825764e+01  1.136694e-02 
 3.825804e+01  1.136585e-02 
 3.825844e+01  1.136455e-02 
 3.825884e+01  1.136305e-02 
 3.825923e+01  1.136139e-02 
 3.825963e+01  1.135970e-02 
 3.826003e+01  1.135810e-02 
 3.826043e+01  1.135668e-02 
 3.826082e+01  1.135559e-02 
 3.826122e+01  1.135500e-02 
 3.826162e+01  1.135507e-02 
 3.826202e+01  1.135602e-02 
 3.826242e+01  1.135798e-02 
 3.826281e+01  1.136099e-02 
 3.826321e+01  1.136510e-02 
 3.826361e+01  1.137028e-02 
 3.826401e+01  1.137653e-02 
 3.826440e+01  1.138380e-02 
 3.826480e+01  1.139197e-02 
 3.826520e+01  1.140096e-02 
 3.826560e+01  1.141060e-02 
 3.826599e+01  1.142081e-02 
 3.826639e+01  1.143149e-02 
 3.826679e+01  1.144250e-02 
 3.826719e+01  1.145374e-02 
 3.826759e+01  1.146507e-02 
 3.826798e+01  1.147647e-02 
 3.826838e+01  1.148787e-02 
 3.826878e+01  1.149922e-02 
 3.826918e+01  1.151052e-02 
 3.826957e+01  1.152180e-02 
 3.826997e+01  1.153307e-02 
 3.827037e+01  1.154436e-02 
 3.827077e+01  1.155576e-02 
 3.827116e+01  1.156738e-02 
 3.827156e+01  1.157927e-02 
 3.827196e+01  1.159155e-02 
 3.827236e+01  1.160432e-02 
 3.827276e+01  1.161763e-02 
 3.827315e+01  1.163155e-02 
 3.827355e+01  1.164613e-02 
 3.827395e+01  1.166141e-02 
 3.827435e+01  1.167735e-02 
 3.827474e+01  1.169387e-02 
 3.827514e+01  1.171088e-02 
 3.827554e+01  1.172833e-02 
 3.827594e+01  1.174610e-02 
 3.827634e+01  1.176413e-02 
 3.827673e+01  1.178232e-02 
 3.827713e+01  1.180066e-02 
 3.827753e+01  1.181916e-02 
 3.827793e+01  1.183788e-02 
 3.827832e+01  1.185689e-02 
 3.827872e+01  1.187631e-02 
 3.827912e+01  1.189622e-02 
 3.827952e+01  1.191672e-02 
 3.827991e+01  1.193793e-02 
 3.828031e+01  1.195992e-02 
 3.828071e+01  1.198275e-02 
 3.828111e+01  1.200644e-02 
 3.828151e+01  1.203104e-02 
 3.828190e+01  1.205658e-02 
 3.828230e+01  1.208307e-02 
 3.828270e+01  1.211047e-02 
 3.828310e+01  1.213877e-02 
 3.828349e+01  1.216787e-02 
 3.828389e+01  1.219769e-02 
 3.828429e+01  1.222820e-02 
 3.828469e+01  1.225926e-02 
 3.828508e+01  1.229082e-02 
 3.828548e+01  1.232287e-02 
 3.828588e+01  1.235535e-02 
 3.828628e+01  1.238831e-02 
 3.828668e+01  1.242175e-02 
 3.828707e+01  1.245568e-02 
 3.828747e+01  1.249009e-02 
 3.828787e+01  1.252502e-02 
 3.828827e+01  1.256046e-02 
 3.828866e+01  1.259637e-02 
 3.828906e+01  1.263264e-02 
 3.828946e+01  1.266908e-02 
 3.828986e+01  1.270554e-02 
 3.829025e+01  1.274180e-02 
 3.829065e+01  1.277772e-02 
 3.829105e+01  1.281309e-02 
 3.829145e+01  1.284778e-02 
 3.829185e+01  1.288161e-02 
 3.829224e+01  1.291445e-02 
 3.829264e+01  1.294624e-02 
 3.829304e+01  1.297698e-02 
 3.829344e+01  1.300663e-02 
 3.829383e+01  1.303521e-02 
 3.829423e+01  1.306281e-02 
 3.829463e+01  1.308952e-02 
 3.829503e+01  1.311548e-02 
 3.829542e+01  1.314086e-02 
 3.829582e+01  1.316582e-02 
 3.829622e+01  1.319052e-02 
 3.829662e+01  1.321501e-02 
 3.829702e+01  1.323944e-02 
 3.829741e+01  1.326393e-02 
 3.829781e+01  1.328851e-02 
 3.829821e+01  1.331325e-02 
 3.829861e+01  1.333821e-02 
 3.829900e+01  1.336349e-02 
 3.829940e+01  1.338918e-02 
 3.829980e+01  1.341537e-02 
 3.830020e+01  1.344212e-02 
 3.830059e+01  1.346951e-02 
 3.830099e+01  1.349752e-02 
 3.830139e+01  1.352613e-02 
 3.830179e+01  1.355533e-02 
 3.830219e+01  1.358499e-02 
 3.830258e+01  1.361504e-02 
 3.830298e+01  1.364534e-02 
 3.830338e+01  1.367580e-02 
 3.830378e+01  1.370631e-02 
 3.830417e+01  1.373678e-02 
 3.830457e+01  1.376709e-02 
 3.830497e+01  1.379706e-02 
 3.830537e+01  1.382655e-02 
 3.830576e+01  1.385542e-02 
 3.830616e+01  1.388348e-02 
 3.830656e+01  1.391050e-02 
 3.830696e+01  1.393628e-02 
 3.830736e+01  1.396067e-02 
 3.830775e+01  1.398354e-02 
 3.830815e+01  1.400480e-02 
 3.830855e+01  1.402438e-02 
 3.830895e+01  1.404220e-02 
 3.830934e+01  1.405823e-02 
 3.830974e+01  1.407249e-02 
 3.831014e+01  1.408502e-02 
 3.831054e+01  1.409581e-02 
 3.831093e+01  1.410483e-02 
 3.831133e+01  1.411212e-02 
 3.831173e+01  1.411774e-02 
 3.831213e+01  1.412176e-02 
 3.831253e+01  1.412432e-02 
 3.831292e+01  1.412556e-02 
 3.831332e+01  1.412573e-02 
 3.831372e+01  1.412500e-02 
 3.831412e+01  1.412357e-02 
 3.831451e+01  1.412163e-02 
 3.831491e+01  1.411929e-02 
 3.831531e+01  1.411662e-02 
 3.831571e+01  1.411367e-02 
 3.831610e+01  1.411047e-02 
 3.831650e+01  1.410707e-02 
 3.831690e+01  1.410346e-02 
 3.831730e+01  1.409963e-02 
 3.831770e+01  1.409556e-02 
 3.831809e+01  1.409114e-02 
 3.831849e+01  1.408630e-02 
 3.831889e+01  1.408090e-02 
 3.831929e+01  1.407482e-02 
 3.831968e+01  1.406797e-02 
 3.832008e+01  1.406022e-02 
 3.832048e+01  1.405148e-02 
 3.832088e+01  1.404173e-02 
 3.832127e+01  1.403090e-02 
 3.832167e+01  1.401897e-02 
 3.832207e+01  1.400597e-02 
 3.832247e+01  1.399190e-02 
 3.832287e+01  1.397680e-02 
 3.832326e+01  1.396067e-02 
 3.832366e+01  1.394355e-02 
 3.832406e+01  1.392549e-02 
 3.832446e+01  1.390652e-02 
 3.832485e+01  1.388669e-02 
 3.832525e+01  1.386603e-02 
 3.832565e+01  1.384459e-02 
 3.832605e+01  1.382250e-02 
 3.832644e+01  1.379982e-02 
 3.832684e+01  1.377665e-02 
 3.832724e+01  1.375304e-02 
 3.832764e+01  1.372903e-02 
 3.832804e+01  1.370468e-02 
 3.832843e+01  1.367997e-02 
 3.832883e+01  1.365488e-02 
 3.832923e+01  1.362942e-02 
 3.832963e+01  1.360360e-02 
 3.833002e+01  1.357743e-02 
 3.833042e+01  1.355091e-02 
 3.833082e+01  1.352409e-02 
 3.833122e+01  1.349702e-02 
 3.833161e+01  1.346976e-02 
 3.833201e+01  1.344242e-02 
 3.833241e+01  1.341505e-02 
 3.833281e+01  1.338767e-02 
 3.833321e+01  1.336035e-02 
 3.833360e+01  1.333317e-02 
 3.833400e+01  1.330617e-02 
 3.833440e+01  1.327942e-02 
 3.833480e+01  1.325297e-02 
 3.833519e+01  1.322681e-02 
 3.833559e+01  1.320092e-02 
 3.833599e+01  1.317526e-02 
 3.833639e+01  1.314983e-02 
 3.833678e+01  1.312462e-02 
 3.833718e+01  1.309962e-02 
 3.833758e+01  1.307478e-02 
 3.833798e+01  1.305013e-02 
 3.833838e+01  1.302568e-02 
 3.833877e+01  1.300142e-02 
 3.833917e+01  1.297737e-02 
 3.833957e+01  1.295359e-02 
 3.833997e+01  1.293010e-02 
 3.834036e+01  1.290692e-02 
 3.834076e+01  1.288416e-02 
 3.834116e+01  1.286191e-02 
 3.834156e+01  1.284025e-02 
 3.834195e+01  1.281924e-02 
 3.834235e+01  1.279897e-02 
 3.834275e+01  1.277944e-02 
 3.834315e+01  1.276064e-02 
 3.834355e+01  1.274251e-02 
 3.834394e+01  1.272494e-02 
 3.834434e+01  1.270776e-02 
 3.834474e+01  1.269079e-02 
 3.834514e+01  1.267386e-02 
 3.834553e+01  1.265683e-02 
 3.834593e+01  1.263954e-02 
 3.834633e+01  1.262192e-02 
 3.834673e+01  1.260386e-02 
 3.834712e+01  1.258536e-02 
 3.834752e+01  1.256641e-02 
 3.834792e+01  1.254710e-02 
 3.834832e+01  1.252745e-02 
 3.834872e+01  1.250755e-02 
 3.834911e+01  1.248748e-02 
 3.834951e+01  1.246737e-02 
 3.834991e+01  1.244729e-02 
 3.835031e+01  1.242733e-02 
 3.835070e+01  1.240755e-02 
 3.835110e+01  1.238803e-02 
 3.835150e+01  1.236884e-02 
 3.835190e+01  1.235003e-02 
 3.835229e+01  1.233167e-02 
 3.835269e+01  1.231379e-02 
 3.835309e+01  1.229640e-02 
 3.835349e+01  1.227958e-02 
 3.835389e+01  1.226337e-02 
 3.835428e+01  1.224785e-02 
 3.835468e+01  1.223314e-02 
 3.835508e+01  1.221937e-02 
 3.835548e+01  1.220674e-02 
 3.835587e+01  1.219540e-02 
 3.835627e+01  1.218548e-02 
 3.835667e+01  1.217706e-02 
 3.835707e+01  1.217019e-02 
 3.835746e+01  1.216490e-02 
 3.835786e+01  1.216121e-02 
 3.835826e+01  1.215908e-02 
 3.835866e+01  1.215846e-02 
 3.835906e+01  1.215921e-02 
 3.835945e+01  1.216117e-02 
 3.835985e+01  1.216414e-02 
 3.836025e+01  1.216792e-02 
 3.836065e+01  1.217221e-02 
 3.836104e+01  1.217675e-02 
 3.836144e+01  1.218125e-02 
 3.836184e+01  1.218545e-02 
 3.836224e+01  1.218909e-02 
 3.836263e+01  1.219199e-02 
 3.836303e+01  1.219399e-02 
 3.836343e+01  1.219499e-02 
 3.836383e+01  1.219496e-02 
 3.836423e+01  1.219387e-02 
 3.836462e+01  1.219179e-02 
 3.836502e+01  1.218881e-02 
 3.836542e+01  1.218506e-02 
 3.836582e+01  1.218071e-02 
 3.836621e+01  1.217589e-02 
 3.836661e+01  1.217073e-02 
 3.836701e+01  1.216535e-02 
 3.836741e+01  1.215986e-02 
 3.836781e+01  1.215447e-02 
 3.836820e+01  1.214932e-02 
 3.836860e+01  1.214455e-02 
 3.836900e+01  1.214028e-02 
 3.836940e+01  1.213660e-02 
 3.836979e+01  1.213361e-02 
 3.837019e+01  1.213137e-02 
 3.837059e+01  1.212987e-02 
 3.837099e+01  1.212913e-02 
 3.837138e+01  1.212916e-02 
 3.837178e+01  1.213001e-02 
 3.837218e+01  1.213169e-02 
 3.837258e+01  1.213420e-02 
 3.837298e+01  1.213756e-02 
 3.837337e+01  1.214182e-02 
 3.837377e+01  1.214700e-02 
 3.837417e+01  1.215317e-02 
 3.837457e+01  1.216038e-02 
 3.837496e+01  1.216866e-02 
 3.837536e+01  1.217803e-02 
 3.837576e+01  1.218849e-02 
 3.837616e+01  1.219999e-02 
 3.837655e+01  1.221248e-02 
 3.837695e+01  1.222583e-02 
 3.837735e+01  1.223994e-02 
 3.837775e+01  1.225472e-02 
 3.837815e+01  1.226999e-02 
 3.837854e+01  1.228564e-02 
 3.837894e+01  1.230154e-02 
 3.837934e+01  1.231750e-02 
 3.837974e+01  1.233341e-02 
 3.838013e+01  1.234924e-02 
 3.838053e+01  1.236496e-02 
 3.838093e+01  1.238062e-02 
 3.838133e+01  1.239625e-02 
 3.838172e+01  1.241193e-02 
 3.838212e+01  1.242766e-02 
 3.838252e+01  1.244347e-02 
 3.838292e+01  1.245939e-02 
 3.838332e+01  1.247546e-02 
 3.838371e+01  1.249165e-02 
 3.838411e+01  1.250804e-02 
 3.838451e+01  1.252462e-02 
 3.838491e+01  1.254141e-02 
 3.838530e+01  1.255841e-02 
 3.838570e+01  1.257560e-02 
 3.838610e+01  1.259297e-02 
 3.838650e+01  1.261045e-02 
 3.838689e+01  1.262800e-02 
 3.838729e+01  1.264562e-02 
 3.838769e+01  1.266323e-02 
 3.838809e+01  1.268078e-02 
 3.838849e+01  1.269822e-02 
 3.838888e+01  1.271551e-02 
 3.838928e+01  1.273270e-02 
 3.838968e+01  1.274989e-02 
 3.839008e+01  1.276718e-02 
 3.839047e+01  1.278462e-02 
 3.839087e+01  1.280226e-02 
 3.839127e+01  1.282014e-02 
 3.839167e+01  1.283825e-02 
 3.839206e+01  1.285655e-02 
 3.839246e+01  1.287503e-02 
 3.839286e+01  1.289367e-02 
 3.839326e+01  1.291249e-02 
 3.839366e+01  1.293154e-02 
 3.839405e+01  1.295086e-02 
 3.839445e+01  1.297050e-02 
 3.839485e+01  1.299051e-02 
 3.839525e+01  1.301092e-02 
 3.839564e+01  1.303178e-02 
 3.839604e+01  1.305312e-02 
 3.839644e+01  1.307493e-02 
 3.839684e+01  1.309723e-02 
 3.839723e+01  1.311997e-02 
 3.839763e+01  1.314308e-02 
 3.839803e+01  1.316648e-02 
 3.839843e+01  1.319006e-02 
 3.839883e+01  1.321372e-02 
 3.839922e+01  1.323733e-02 
 3.839962e+01  1.326075e-02 
 3.840002e+01  1.328386e-02 
 3.840042e+01  1.330651e-02 
 3.840081e+01  1.332857e-02 
 3.840121e+01  1.334992e-02 
 3.840161e+01  1.337046e-02 
 3.840201e+01  1.339012e-02 
 3.840240e+01  1.340886e-02 
 3.840280e+01  1.342661e-02 
 3.840320e+01  1.344336e-02 
 3.840360e+01  1.345907e-02 
 3.840400e+01  1.347364e-02 
 3.840439e+01  1.348703e-02 
 3.840479e+01  1.349914e-02 
 3.840519e+01  1.350997e-02 
 3.840559e+01  1.351947e-02 
 3.840598e+01  1.352766e-02 
 3.840638e+01  1.353459e-02 
 3.840678e+01  1.354037e-02 
 3.840718e+01  1.354513e-02 
 3.840757e+01  1.354895e-02 
 3.840797e+01  1.355194e-02 
 3.840837e+01  1.355418e-02 
 3.840877e+01  1.355579e-02 
 3.840917e+01  1.355689e-02 
 3.840956e+01  1.355769e-02 
 3.840996e+01  1.355835e-02 
 3.841036e+01  1.355898e-02 
 3.841076e+01  1.355974e-02 
 3.841115e+01  1.356075e-02 
 3.841155e+01  1.356212e-02 
 3.841195e+01  1.356390e-02 
 3.841235e+01  1.356609e-02 
 3.841274e+01  1.356862e-02 
 3.841314e+01  1.357132e-02 
 3.841354e+01  1.357409e-02 
 3.841394e+01  1.357671e-02 
 3.841434e+01  1.357886e-02 
 3.841473e+01  1.358030e-02 
 3.841513e+01  1.358076e-02 
 3.841553e+01  1.358004e-02 
 3.841593e+01  1.357793e-02 
 3.841632e+01  1.357430e-02 
 3.841672e+01  1.356910e-02 
 3.841712e+01  1.356228e-02 
 3.841752e+01  1.355383e-02 
 3.841791e+01  1.354382e-02 
 3.841831e+01  1.353225e-02 
 3.841871e+01  1.351913e-02 
 3.841911e+01  1.350451e-02 
 3.841951e+01  1.348841e-02 
 3.841990e+01  1.347082e-02 
 3.842030e+01  1.345180e-02 
 3.842070e+01  1.343142e-02 
 3.842110e+01  1.340975e-02 
 3.842149e+01  1.338690e-02 
 3.842189e+01  1.336294e-02 
 3.842229e+01  1.333793e-02 
 3.842269e+01  1.331190e-02 
 3.842308e+01  1.328485e-02 
 3.842348e+01  1.325679e-02 
 3.842388e+01  1.322775e-02 
 3.842428e+01  1.319774e-02 
 3.842468e+01  1.316684e-02 
 3.842507e+01  1.313515e-02 
 3.842547e+01  1.310278e-02 
 3.842587e+01  1.306984e-02 
 3.842627e+01  1.303648e-02 
 3.842666e+01  1.300287e-02 
 3.842706e+01  1.296916e-02 
 3.842746e+01  1.293548e-02 
 3.842786e+01  1.290194e-02 
 3.842825e+01  1.286867e-02 
 3.842865e+01  1.283577e-02 
 3.842905e+01  1.280331e-02 
 3.842945e+01  1.277135e-02 
 3.842985e+01  1.273987e-02 
 3.843024e+01  1.270888e-02 
 3.843064e+01  1.267829e-02 
 3.843104e+01  1.264807e-02 
 3.843144e+01  1.261812e-02 
 3.843183e+01  1.258835e-02 
 3.843223e+01  1.255863e-02 
 3.843263e+01  1.252881e-02 
 3.843303e+01  1.249880e-02 
 3.843342e+01  1.246859e-02 
 3.843382e+01  1.243814e-02 
 3.843422e+01  1.240744e-02 
 3.843462e+01  1.237660e-02 
 3.843502e+01  1.234576e-02 
 3.843541e+01  1.231502e-02 
 3.843581e+01  1.228458e-02 
 3.843621e+01  1.225453e-02 
 3.843661e+01  1.222500e-02 
 3.843700e+01  1.219601e-02 
 3.843740e+01  1.216765e-02 
 3.843780e+01  1.213994e-02 
 3.843820e+01  1.211288e-02 
 3.843859e+01  1.208647e-02 
 3.843899e+01  1.206064e-02 
 3.843939e+01  1.203533e-02 
 3.843979e+01  1.201043e-02 
 3.844019e+01  1.198577e-02 
 3.844058e+01  1.196124e-02 
 3.844098e+01  1.193673e-02 
 3.844138e+01  1.191211e-02 
 3.844178e+01  1.188729e-02 
 3.844217e+01  1.186227e-02 
 3.844257e+01  1.183703e-02 
 3.844297e+01  1.181162e-02 
 3.844337e+01  1.178615e-02 
 3.844376e+01  1.176068e-02 
 3.844416e+01  1.173535e-02 
 3.844456e+01  1.171028e-02 
 3.844496e+01  1.168558e-02 
 3.844536e+01  1.166134e-02 
 3.844575e+01  1.163761e-02 
 3.844615e+01  1.161442e-02 
 3.844655e+01  1.159171e-02 
 3.844695e+01  1.156943e-02 
 3.844734e+01  1.154754e-02 
 3.844774e+01  1.152593e-02 
 3.844814e+01  1.150449e-02 
 3.844854e+01  1.148326e-02 
 3.844893e+01  1.146232e-02 
 3.844933e+01  1.144169e-02 
 3.844973e+01  1.142154e-02 
 3.845013e+01  1.140203e-02 
 3.845053e+01  1.138331e-02 
 3.845092e+01  1.136555e-02 
 3.845132e+01  1.134881e-02 
 3.845172e+01  1.133318e-02 
 3.845212e+01  1.131874e-02 
 3.845251e+01  1.130559e-02 
 3.845291e+01  1.129380e-02 
 3.845331e+01  1.128342e-02 
 3.845371e+01  1.127450e-02 
 3.845410e+01  1.126696e-02 
 3.845450e+01  1.126072e-02 
 3.845490e+01  1.125564e-02 
 3.845530e+01  1.125148e-02 
 3.845570e+01  1.124803e-02 
 3.845609e+01  1.124504e-02 
 3.845649e+01  1.124226e-02 
 3.845689e+01  1.123946e-02 
 3.845729e+01  1.123651e-02 
 3.845768e+01  1.123326e-02 
 3.845808e+01  1.122963e-02 
 3.845848e+01  1.122558e-02 
 3.845888e+01  1.122106e-02 
 3.845928e+01  1.121607e-02 
 3.845967e+01  1.121064e-02 
 3.846007e+01  1.120483e-02 
 3.846047e+01  1.119870e-02 
 3.846087e+01  1.119231e-02 
 3.846126e+01  1.118584e-02 
 3.846166e+01  1.117944e-02 
 3.846206e+01  1.117327e-02 
 3.846246e+01  1.116740e-02 
 3.846285e+01  1.116196e-02 
 3.846325e+01  1.115702e-02 
 3.846365e+01  1.115265e-02 
 3.846405e+01  1.114894e-02 
 3.846445e+01  1.114592e-02 
 3.846484e+01  1.114359e-02 
 3.846524e+01  1.114194e-02 
 3.846564e+01  1.114092e-02 
 3.846604e+01  1.114054e-02 
 3.846643e+01  1.114076e-02 
 3.846683e+01  1.114155e-02 
 3.846723e+01  1.114292e-02 
 3.846763e+01  1.114494e-02 
 3.846802e+01  1.114759e-02 
 3.846842e+01  1.115089e-02 
 3.846882e+01  1.115485e-02 
 3.846922e+01  1.115944e-02 
 3.846962e+01  1.116462e-02 
 3.847001e+01  1.117035e-02 
 3.847041e+01  1.117662e-02 
 3.847081e+01  1.118342e-02 
 3.847121e+01  1.119071e-02 
 3.847160e+01  1.119844e-02 
 3.847200e+01  1.120652e-02 
 3.847240e+01  1.121489e-02 
 3.847280e+01  1.122346e-02 
 3.847319e+01  1.123215e-02 
 3.847359e+01  1.124085e-02 
 3.847399e+01  1.124946e-02 
 3.847439e+01  1.125792e-02 
 3.847479e+01  1.126615e-02 
 3.847518e+01  1.127408e-02 
 3.847558e+01  1.128167e-02 
 3.847598e+01  1.128898e-02 
 3.847638e+01  1.129602e-02 
 3.847677e+01  1.130290e-02 
 3.847717e+01  1.130977e-02 
 3.847757e+01  1.131679e-02 
 3.847797e+01  1.132410e-02 
 3.847836e+01  1.133188e-02 
 3.847876e+01  1.134025e-02 
 3.847916e+01  1.134932e-02 
 3.847956e+01  1.135920e-02 
 3.847996e+01  1.136995e-02 
 3.848035e+01  1.138164e-02 
 3.848075e+01  1.139430e-02 
 3.848115e+01  1.140796e-02 
 3.848155e+01  1.142264e-02 
 3.848194e+01  1.143833e-02 
 3.848234e+01  1.145501e-02 
 3.848274e+01  1.147264e-02 
 3.848314e+01  1.149114e-02 
 3.848353e+01  1.151049e-02 
 3.848393e+01  1.153063e-02 
 3.848433e+01  1.155147e-02 
 3.848473e+01  1.157301e-02 
 3.848513e+01  1.159513e-02 
 3.848552e+01  1.161779e-02 
 3.848592e+01  1.164089e-02 
 3.848632e+01  1.166441e-02 
 3.848672e+01  1.168831e-02 
 3.848711e+01  1.171253e-02 
 3.848751e+01  1.173707e-02 
 3.848791e+01  1.176191e-02 
 3.848831e+01  1.178702e-02 
 3.848870e+01  1.181240e-02 
 3.848910e+01  1.183805e-02 
 3.848950e+01  1.186401e-02 
 3.848990e+01  1.189033e-02 
 3.849030e+01  1.191702e-02 
 3.849069e+01  1.194417e-02 
 3.849109e+01  1.197178e-02 
 3.849149e+01  1.199987e-02 
 3.849189e+01  1.202839e-02 
 3.849228e+01  1.205733e-02 
 3.849268e+01  1.208667e-02 
 3.849308e+01  1.211637e-02 
 3.849348e+01  1.214637e-02 
 3.849387e+01  1.217660e-02 
 3.849427e+01  1.220699e-02 
 3.849467e+01  1.223748e-02 
 3.849507e+01  1.226794e-02 
 3.849547e+01  1.229832e-02 
 3.849586e+01  1.232856e-02 
 3.849626e+01  1.235862e-02 
 3.849666e+01  1.238846e-02 
 3.849706e+01  1.241807e-02 
 3.849745e+01  1.244740e-02 
 3.849785e+01  1.247639e-02 
 3.849825e+01  1.250497e-02 
 3.849865e+01  1.253304e-02 
 3.849904e+01  1.256051e-02 
 3.849944e+01  1.258734e-02 
 3.849984e+01  1.261342e-02 
 3.850024e+01  1.263865e-02 
 3.850064e+01  1.266295e-02 
 3.850103e+01  1.268625e-02 
 3.850143e+01  1.270844e-02 
 3.850183e+01  1.272940e-02 
 3.850223e+01  1.274909e-02 
 3.850262e+01  1.276743e-02 
 3.850302e+01  1.278443e-02 
 3.850342e+01  1.280015e-02 
 3.850382e+01  1.281475e-02 
 3.850421e+01  1.282833e-02 
 3.850461e+01  1.284106e-02 
 3.850501e+01  1.285315e-02 
 3.850541e+01  1.286487e-02 
 3.850581e+01  1.287641e-02 
 3.850620e+01  1.288791e-02 
 3.850660e+01  1.289950e-02 
 3.850700e+01  1.291116e-02 
 3.850740e+01  1.292288e-02 
 3.850779e+01  1.293462e-02 
 3.850819e+01  1.294631e-02 
 3.850859e+01  1.295780e-02 
 3.850899e+01  1.296897e-02 
 3.850938e+01  1.297967e-02 
 3.850978e+01  1.298976e-02 
 3.851018e+01  1.299914e-02 
 3.851058e+01  1.300772e-02 
 3.851098e+01  1.301546e-02 
 3.851137e+01  1.302229e-02 
 3.851177e+01  1.302820e-02 
 3.851217e+01  1.303322e-02 
 3.851257e+01  1.303744e-02 
 3.851296e+01  1.304090e-02 
 3.851336e+01  1.304370e-02 
 3.851376e+01  1.304587e-02 
 3.851416e+01  1.304747e-02 
 3.851455e+01  1.304857e-02 
 3.851495e+01  1.304918e-02 
 3.851535e+01  1.304930e-02 
 3.851575e+01  1.304894e-02 
 3.851615e+01  1.304801e-02 
 3.851654e+01  1.304643e-02 
 3.851694e+01  1.304416e-02 
 3.851734e+01  1.304108e-02 
 3.851774e+01  1.303717e-02 
 3.851813e+01  1.303241e-02 
 3.851853e+01  1.302682e-02 
 3.851893e+01  1.302037e-02 
 3.851933e+01  1.301305e-02 
 3.851972e+01  1.300485e-02 
 3.852012e+01  1.299572e-02 
 3.852052e+01  1.298560e-02 
 3.852092e+01  1.297454e-02 
 3.852132e+01  1.296263e-02 
 3.852171e+01  1.295002e-02 
 3.852211e+01  1.293682e-02 
 3.852251e+01  1.292326e-02 
 3.852291e+01  1.290945e-02 
 3.852330e+01  1.289546e-02 
 3.852370e+01  1.288136e-02 
 3.852410e+01  1.286720e-02 
 3.852450e+01  1.285296e-02 
 3.852489e+01  1.283860e-02 
 3.852529e+01  1.282408e-02 
 3.852569e+01  1.280933e-02 
 3.852609e+01  1.279416e-02 
 3.852649e+01  1.277843e-02 
 3.852688e+01  1.276199e-02 
 3.852728e+01  1.274478e-02 
 3.852768e+01  1.272673e-02 
 3.852808e+01  1.270782e-02 
 3.852847e+01  1.268813e-02 
 3.852887e+01  1.266774e-02 
 3.852927e+01  1.264676e-02 
 3.852967e+01  1.262535e-02 
 3.853006e+01  1.260371e-02 
 3.853046e+01  1.258195e-02 
 3.853086e+01  1.256031e-02 
 3.853126e+01  1.253894e-02 
 3.853166e+01  1.251804e-02 
 3.853205e+01  1.249771e-02 
 3.853245e+01  1.247806e-02 
 3.853285e+01  1.245911e-02 
 3.853325e+01  1.244091e-02 
 3.853364e+01  1.242342e-02 
 3.853404e+01  1.240656e-02 
 3.853444e+01  1.239027e-02 
 3.853484e+01  1.237448e-02 
 3.853523e+01  1.235904e-02 
 3.853563e+01  1.234376e-02 
 3.853603e+01  1.232859e-02 
 3.853643e+01  1.231344e-02 
 3.853683e+01  1.229826e-02 
 3.853722e+01  1.228305e-02 
 3.853762e+01  1.226783e-02 
 3.853802e+01  1.225261e-02 
 3.853842e+01  1.223744e-02 
 3.853881e+01  1.222241e-02 
 3.853921e+01  1.220760e-02 
 3.853961e+01  1.219303e-02 
 3.854001e+01  1.217876e-02 
 3.854040e+01  1.216484e-02 
 3.854080e+01  1.215125e-02 
 3.854120e+01  1.213798e-02 
 3.854160e+01  1.212494e-02 
 3.854200e+01  1.211205e-02 
 3.854239e+01  1.209915e-02 
 3.854279e+01  1.208614e-02 
 3.854319e+01  1.207299e-02 
 3.854359e+01  1.205965e-02 
 3.854398e+01  1.204608e-02 
 3.854438e+01  1.203233e-02 
 3.854478e+01  1.201851e-02 
 3.854518e+01  1.200466e-02 
 3.854557e+01  1.199091e-02 
 3.854597e+01  1.197743e-02 
 3.854637e+01  1.196433e-02 
 3.854677e+01  1.195173e-02 
 3.854717e+01  1.193986e-02 
 3.854756e+01  1.192895e-02 
 3.854796e+01  1.191908e-02 
 3.854836e+01  1.191030e-02 
 3.854876e+01  1.190263e-02 
 3.854915e+01  1.189598e-02 
 3.854955e+01  1.189029e-02 
 3.854995e+01  1.188545e-02 
 3.855035e+01  1.188134e-02 
 3.855074e+01  1.187784e-02 
 3.855114e+01  1.187484e-02 
 3.855154e+01  1.187218e-02 
 3.855194e+01  1.186966e-02 
 3.855234e+01  1.186709e-02 
 3.855273e+01  1.186431e-02 
 3.855313e+01  1.186123e-02 
 3.855353e+01  1.185779e-02 
 3.855393e+01  1.185395e-02 
 3.855432e+01  1.184972e-02 
 3.855472e+01  1.184515e-02 
 3.855512e+01  1.184030e-02 
 3.855552e+01  1.183518e-02 
 3.855592e+01  1.182987e-02 
 3.855631e+01  1.182444e-02 
 3.855671e+01  1.181906e-02 
 3.855711e+01  1.181387e-02 
 3.855751e+01  1.180899e-02 
 3.855790e+01  1.180450e-02 
 3.855830e+01  1.180047e-02 
 3.855870e+01  1.179693e-02 
 3.855910e+01  1.179392e-02 
 3.855949e+01  1.179150e-02 
 3.855989e+01  1.178969e-02 
 3.856029e+01  1.178853e-02 
 3.856069e+01  1.178812e-02 
 3.856109e+01  1.178853e-02 
 3.856148e+01  1.178979e-02 
 3.856188e+01  1.179194e-02 
 3.856228e+01  1.179500e-02 
 3.856268e+01  1.179899e-02 
 3.856307e+01  1.180392e-02 
 3.856347e+01  1.180986e-02 
 3.856387e+01  1.181679e-02 
 3.856427e+01  1.182472e-02 
 3.856466e+01  1.183367e-02 
 3.856506e+01  1.184367e-02 
 3.856546e+01  1.185470e-02 
 3.856586e+01  1.186677e-02 
 3.856626e+01  1.187984e-02 
 3.856665e+01  1.189381e-02 
 3.856705e+01  1.190861e-02 
 3.856745e+01  1.192410e-02 
 3.856785e+01  1.194006e-02 
 3.856824e+01  1.195634e-02 
 3.856864e+01  1.197275e-02 
 3.856904e+01  1.198918e-02 
 3.856944e+01  1.200561e-02 
 3.856983e+01  1.202196e-02 
 3.857023e+01  1.203816e-02 
 3.857063e+01  1.205411e-02 
 3.857103e+01  1.206976e-02 
 3.857143e+01  1.208510e-02 
 3.857182e+01  1.210015e-02 
 3.857222e+01  1.211497e-02 
 3.857262e+01  1.212966e-02 
 3.857302e+01  1.214433e-02 
 3.857341e+01  1.215916e-02 
 3.857381e+01  1.217426e-02 
 3.857421e+01  1.218971e-02 
 3.857461e+01  1.220561e-02 
 3.857500e+01  1.222206e-02 
 3.857540e+01  1.223912e-02 
 3.857580e+01  1.225690e-02 
 3.857620e+01  1.227547e-02 
 3.857660e+01  1.229492e-02 
 3.857699e+01  1.231524e-02 
 3.857739e+01  1.233634e-02 
 3.857779e+01  1.235813e-02 
 3.857819e+01  1.238053e-02 
 3.857858e+01  1.240350e-02 
 3.857898e+01  1.242697e-02 
 3.857938e+01  1.245086e-02 
 3.857978e+01  1.247513e-02 
 3.858017e+01  1.249970e-02 
 3.858057e+01  1.252451e-02 
 3.858097e+01  1.254954e-02 
 3.858137e+01  1.257474e-02 
 3.858177e+01  1.260006e-02 
 3.858216e+01  1.262552e-02 
 3.858256e+01  1.265113e-02 
 3.858296e+01  1.267694e-02 
 3.858336e+01  1.270294e-02 
 3.858375e+01  1.272912e-02 
 3.858415e+01  1.275549e-02 
 3.858455e+01  1.278207e-02 
 3.858495e+01  1.280890e-02 
 3.858534e+01  1.283609e-02 
 3.858574e+01  1.286368e-02 
 3.858614e+01  1.289166e-02 
 3.858654e+01  1.291999e-02 
 3.858694e+01  1.294859e-02 
 3.858733e+01  1.297738e-02 
 3.858773e+01  1.300624e-02 
 3.858813e+01  1.303511e-02 
 3.858853e+01  1.306389e-02 
 3.858892e+01  1.309253e-02 
 3.858932e+01  1.312101e-02 
 3.858972e+01  1.314932e-02 
 3.859012e+01  1.317742e-02 
 3.859051e+01  1.320532e-02 
 3.859091e+01  1.323307e-02 
 3.859131e+01  1.326075e-02 
 3.859171e+01  1.328841e-02 
 3.859211e+01  1.331609e-02 
 3.859250e+01  1.334377e-02 
 3.859290e+01  1.337142e-02 
 3.859330e+01  1.339893e-02 
 3.859370e+01  1.342622e-02 
 3.859409e+01  1.345320e-02 
 3.859449e+01  1.347978e-02 
 3.859489e+01  1.350588e-02 
 3.859529e+01  1.353144e-02 
 3.859568e+01  1.355636e-02 
 3.859608e+01  1.358050e-02 
 3.859648e+01  1.360378e-02 
 3.859688e+01  1.362612e-02 
 3.859728e+01  1.364747e-02 
 3.859767e+01  1.366782e-02 
 3.859807e+01  1.368724e-02 
 3.859847e+01  1.370589e-02 
 3.859887e+01  1.372392e-02 
 3.859926e+01  1.374147e-02 
 3.859966e+01  1.375866e-02 
 3.860006e+01  1.377563e-02 
 3.860046e+01  1.379253e-02 
 3.860085e+01  1.380953e-02 
 3.860125e+01  1.382669e-02 
 3.860165e+01  1.384407e-02 
 3.860205e+01  1.386174e-02 
 3.860245e+01  1.387971e-02 
 3.860284e+01  1.389790e-02 
 3.860324e+01  1.391623e-02 
 3.860364e+01  1.393456e-02 
 3.860404e+01  1.395266e-02 
 3.860443e+01  1.397036e-02 
 3.860483e+01  1.398747e-02 
 3.860523e+01  1.400380e-02 
 3.860563e+01  1.401917e-02 
 3.860602e+01  1.403338e-02 
 3.860642e+01  1.404631e-02 
 3.860682e+01  1.405792e-02 
 3.860722e+01  1.406821e-02 
 3.860762e+01  1.407720e-02 
 3.860801e+01  1.408492e-02 
 3.860841e+01  1.409139e-02 
 3.860881e+01  1.409669e-02 
 3.860921e+01  1.410083e-02 
 3.860960e+01  1.410387e-02 
 3.861000e+01  1.410577e-02 
 3.861040e+01  1.410651e-02 
 3.861080e+01  1.410612e-02 
 3.861119e+01  1.410463e-02 
 3.861159e+01  1.410207e-02 
 3.861199e+01  1.409843e-02 
 3.861239e+01  1.409378e-02 
 3.861279e+01  1.408813e-02 
 3.861318e+01  1.408154e-02 
 3.861358e+01  1.407403e-02 
 3.861398e+01  1.406562e-02 
 3.861438e+01  1.405638e-02 
 3.861477e+01  1.404640e-02 
 3.861517e+01  1.403582e-02 
 3.861557e+01  1.402481e-02 
 3.861597e+01  1.401355e-02 
 3.861636e+01  1.400224e-02 
 3.861676e+01  1.399111e-02 
 3.861716e+01  1.398039e-02 
 3.861756e+01  1.397023e-02 
 3.861796e+01  1.396077e-02 
 3.861835e+01  1.395206e-02 
 3.861875e+01  1.394405e-02 
 3.861915e+01  1.393659e-02 
 3.861955e+01  1.392955e-02 
 3.861994e+01  1.392279e-02 
 3.862034e+01  1.391616e-02 
 3.862074e+01  1.390951e-02 
 3.862114e+01  1.390263e-02 
 3.862153e+01  1.389525e-02 
 3.862193e+01  1.388712e-02 
 3.862233e+01  1.387803e-02 
 3.862273e+01  1.386779e-02 
 3.862313e+01  1.385629e-02 
 3.862352e+01  1.384345e-02 
 3.862392e+01  1.382930e-02 
 3.862432e+01  1.381391e-02 
 3.862472e+01  1.379736e-02 
 3.862511e+01  1.377973e-02 
 3.862551e+01  1.376104e-02 
 3.862591e+01  1.374136e-02 
 3.862631e+01  1.372080e-02 
 3.862670e+01  1.369944e-02 
 3.862710e+01  1.367744e-02 
 3.862750e+01  1.365491e-02 
 3.862790e+01  1.363192e-02 
 3.862830e+01  1.360851e-02 
 3.862869e+01  1.358471e-02 
 3.862909e+01  1.356053e-02 
 3.862949e+01  1.353598e-02 
 3.862989e+01  1.351106e-02 
 3.863028e+01  1.348579e-02 
 3.863068e+01  1.346022e-02 
 3.863108e+01  1.343438e-02 
 3.863148e+01  1.340827e-02 
 3.863187e+01  1.338197e-02 
 3.863227e+01  1.335542e-02 
 3.863267e+01  1.332871e-02 
 3.863307e+01  1.330195e-02 
 3.863347e+01  1.327527e-02 
 3.863386e+01  1.324875e-02 
 3.863426e+01  1.322257e-02 
 3.863466e+01  1.319683e-02 
 3.863506e+01  1.317152e-02 
 3.863545e+01  1.314667e-02 
 3.863585e+01  1.312217e-02 
 3.863625e+01  1.309790e-02 
 3.863665e+01  1.307380e-02 
 3.863704e+01  1.304968e-02 
 3.863744e+01  1.302545e-02 
 3.863784e+01  1.300097e-02 
 3.863824e+01  1.297611e-02 
 3.863864e+01  1.295079e-02 
 3.863903e+01  1.292496e-02 
 3.863943e+01  1.289861e-02 
 3.863983e+01  1.287177e-02 
 3.864023e+01  1.284449e-02 
 3.864062e+01  1.281686e-02 
 3.864102e+01  1.278899e-02 
 3.864142e+01  1.276094e-02 
 3.864182e+01  1.273282e-02 
 3.864221e+01  1.270476e-02 
 3.864261e+01  1.267683e-02 
 3.864301e+01  1.264915e-02 
 3.864341e+01  1.262179e-02 
 3.864381e+01  1.259479e-02 
 3.864420e+01  1.256821e-02 
 3.864460e+01  1.254205e-02 
 3.864500e+01  1.251634e-02 
 3.864540e+01  1.249106e-02 
 3.864579e+01  1.246623e-02 
 3.864619e+01  1.244189e-02 
 3.864659e+01  1.241804e-02 
 3.864699e+01  1.239467e-02 
 3.864739e+01  1.237166e-02 
 3.864778e+01  1.234893e-02 
 3.864818e+01  1.232644e-02 
 3.864858e+01  1.230413e-02 
 3.864898e+01  1.228203e-02 
 3.864937e+01  1.226012e-02 
 3.864977e+01  1.223844e-02 
 3.865017e+01  1.221701e-02 
 3.865057e+01  1.219593e-02 
 3.865096e+01  1.217528e-02 
 3.865136e+01  1.215511e-02 
 3.865176e+01  1.213554e-02 
 3.865216e+01  1.211664e-02 
 3.865256e+01  1.209854e-02 
 3.865295e+01  1.208130e-02 
 3.865335e+01  1.206502e-02 
 3.865375e+01  1.204969e-02 
 3.865415e+01  1.203537e-02 
 3.865454e+01  1.202203e-02 
 3.865494e+01  1.200971e-02 
 3.865534e+01  1.199846e-02 
 3.865574e+01  1.198823e-02 
 3.865613e+01  1.197896e-02 
 3.865653e+01  1.197056e-02 
 3.865693e+01  1.196293e-02 
 3.865733e+01  1.195600e-02 
 3.865773e+01  1.194966e-02 
 3.865812e+01  1.194387e-02 
 3.865852e+01  1.193857e-02 
 3.865892e+01  1.193378e-02 
 3.865932e+01  1.192950e-02 
 3.865971e+01  1.192576e-02 
 3.866011e+01  1.192257e-02 
 3.866051e+01  1.191992e-02 
 3.866091e+01  1.191781e-02 
 3.866130e+01  1.191624e-02 
 3.866170e+01  1.191520e-02 
 3.866210e+01  1.191468e-02 
 3.866250e+01  1.191467e-02 
 3.866290e+01  1.191510e-02 
 3.866329e+01  1.191594e-02 
 3.866369e+01  1.191714e-02 
 3.866409e+01  1.191865e-02 
 3.866449e+01  1.192037e-02 
 3.866488e+01  1.192221e-02 
 3.866528e+01  1.192405e-02 
 3.866568e+01  1.192586e-02 
 3.866608e+01  1.192761e-02 
 3.866647e+01  1.192938e-02 
 3.866687e+01  1.193125e-02 
 3.866727e+01  1.193339e-02 
 3.866767e+01  1.193594e-02 
 3.866807e+01  1.193914e-02 
 3.866846e+01  1.194324e-02 
 3.866886e+01  1.194839e-02 
 3.866926e+01  1.195470e-02 
 3.866966e+01  1.196229e-02 
 3.867005e+01  1.197124e-02 
 3.867045e+01  1.198160e-02 
 3.867085e+01  1.199346e-02 
 3.867125e+01  1.200684e-02 
 3.867164e+01  1.202176e-02 
 3.867204e+01  1.203822e-02 
 3.867244e+01  1.205617e-02 
 3.867284e+01  1.207550e-02 
 3.867324e+01  1.209610e-02 
 3.867363e+01  1.211778e-02 
 3.867403e+01  1.214039e-02 
 3.867443e+01  1.216378e-02 
 3.867483e+01  1.218777e-02 
 3.867522e+01  1.221223e-02 
 3.867562e+01  1.223700e-02 
 3.867602e+01  1.226194e-02 
 3.867642e+01  1.228689e-02 
 3.867681e+01  1.231175e-02 
 3.867721e+01  1.233642e-02 
 3.867761e+01  1.236088e-02 
 3.867801e+01  1.238517e-02 
 3.867841e+01  1.240930e-02 
 3.867880e+01  1.243334e-02 
 3.867920e+01  1.245730e-02 
 3.867960e+01  1.248124e-02 
 3.868000e+01  1.250515e-02 
 3.868039e+01  1.252906e-02 
 3.868079e+01  1.255296e-02 
 3.868119e+01  1.257685e-02 
 3.868159e+01  1.260073e-02 
 3.868198e+01  1.262457e-02 
 3.868238e+01  1.264831e-02 
 3.868278e+01  1.267187e-02 
 3.868318e+01  1.269521e-02 
 3.868358e+01  1.271832e-02 
 3.868397e+01  1.274117e-02 
 3.868437e+01  1.276383e-02 
 3.868477e+01  1.278635e-02 
 3.868517e+01  1.280879e-02 
 3.868556e+01  1.283126e-02 
 3.868596e+01  1.285388e-02 
 3.868636e+01  1.287671e-02 
 3.868676e+01  1.289987e-02 
 3.868715e+01  1.292345e-02 
 3.868755e+01  1.294747e-02 
 3.868795e+01  1.297199e-02 
 3.868835e+01  1.299700e-02 
 3.868875e+01  1.302239e-02 
 3.868914e+01  1.304804e-02 
 3.868954e+01  1.307376e-02 
 3.868994e+01  1.309934e-02 
 3.869034e+01  1.312460e-02 
 3.869073e+01  1.314936e-02 
 3.869113e+01  1.317336e-02 
 3.869153e+01  1.319640e-02 
 3.869193e+01  1.321838e-02 
 3.869232e+01  1.323928e-02 
 3.869272e+01  1.325913e-02 
 3.869312e+01  1.327804e-02 
 3.869352e+01  1.329612e-02 
 3.869392e+01  1.331351e-02 
 3.869431e+01  1.333036e-02 
 3.869471e+01  1.334683e-02 
 3.869511e+01  1.336304e-02 
 3.869551e+01  1.337908e-02 
 3.869590e+01  1.339506e-02 
 3.869630e+01  1.341104e-02 
 3.869670e+01  1.342712e-02 
 3.869710e+01  1.344338e-02 
 3.869749e+01  1.345983e-02 
 3.869789e+01  1.347646e-02 
 3.869829e+01  1.349320e-02 
 3.869869e+01  1.350997e-02 
 3.869909e+01  1.352667e-02 
 3.869948e+01  1.354320e-02 
 3.869988e+01  1.355945e-02 
 3.870028e+01  1.357530e-02 
 3.870068e+01  1.359066e-02 
 3.870107e+01  1.360555e-02 
 3.870147e+01  1.361991e-02 
 3.870187e+01  1.363375e-02 
 3.870227e+01  1.364712e-02 
 3.870266e+01  1.366003e-02 
 3.870306e+01  1.367262e-02 
 3.870346e+01  1.368500e-02 
 3.870386e+01  1.369724e-02 
 3.870426e+01  1.370943e-02 
 3.870465e+01  1.372164e-02 
 3.870505e+01  1.373384e-02 
 3.870545e+01  1.374601e-02 
 3.870585e+01  1.375811e-02 
 3.870624e+01  1.377004e-02 
 3.870664e+01  1.378178e-02 
 3.870704e+01  1.379326e-02 
 3.870744e+01  1.380440e-02 
 3.870783e+01  1.381512e-02 
 3.870823e+01  1.382530e-02 
 3.870863e+01  1.383488e-02 
 3.870903e+01  1.384376e-02 
 3.870943e+01  1.385194e-02 
 3.870982e+01  1.385944e-02 
 3.871022e+01  1.386630e-02 
 3.871062e+01  1.387264e-02 
 3.871102e+01  1.387849e-02 
 3.871141e+01  1.388393e-02 
 3.871181e+01  1.388892e-02 
 3.871221e+01  1.389352e-02 
 3.871261e+01  1.389774e-02 
 3.871300e+01  1.390153e-02 
 3.871340e+01  1.390488e-02 
 3.871380e+01  1.390775e-02 
 3.871420e+01  1.391014e-02 
 3.871460e+01  1.391205e-02 
 3.871499e+01  1.391341e-02 
 3.871539e+01  1.391413e-02 
 3.871579e+01  1.391410e-02 
 3.871619e+01  1.391315e-02 
 3.871658e+01  1.391109e-02 
 3.871698e+01  1.390774e-02 
 3.871738e+01  1.390300e-02 
 3.871778e+01  1.389672e-02 
 3.871817e+01  1.388892e-02 
 3.871857e+01  1.387964e-02 
 3.871897e+01  1.386901e-02 
 3.871937e+01  1.385717e-02 
 3.871977e+01  1.384433e-02 
 3.872016e+01  1.383066e-02 
 3.872056e+01  1.381635e-02 
 3.872096e+01  1.380157e-02 
 3.872136e+01  1.378649e-02 
 3.872175e+01  1.377124e-02 
 3.872215e+01  1.375596e-02 
 3.872255e+01  1.374069e-02 
 3.872295e+01  1.372549e-02 
 3.872334e+01  1.371036e-02 
 3.872374e+01  1.369528e-02 
 3.872414e+01  1.368028e-02 
 3.872454e+01  1.366530e-02 
 3.872494e+01  1.365032e-02 
 3.872533e+01  1.363533e-02 
 3.872573e+01  1.362033e-02 
 3.872613e+01  1.360527e-02 
 3.872653e+01  1.359012e-02 
 3.872692e+01  1.357487e-02 
 3.872732e+01  1.355943e-02 
 3.872772e+01  1.354382e-02 
 3.872812e+01  1.352802e-02 
 3.872851e+01  1.351201e-02 
 3.872891e+01  1.349574e-02 
 3.872931e+01  1.347915e-02 
 3.872971e+01  1.346221e-02 
 3.873011e+01  1.344482e-02 
 3.873050e+01  1.342687e-02 
 3.873090e+01  1.340830e-02 
 3.873130e+01  1.338902e-02 
 3.873170e+01  1.336893e-02 
 3.873209e+01  1.334797e-02 
 3.873249e+01  1.332605e-02 
 3.873289e+01  1.330302e-02 
 3.873329e+01  1.327879e-02 
 3.873368e+01  1.325327e-02 
 3.873408e+01  1.322638e-02 
 3.873448e+01  1.319808e-02 
 3.873488e+01  1.316843e-02 
 3.873528e+01  1.313743e-02 
 3.873567e+01  1.310520e-02 
 3.873607e+01  1.307183e-02 
 3.873647e+01  1.303749e-02 
 3.873687e+01  1.300231e-02 
 3.873726e+01  1.296642e-02 
 3.873766e+01  1.292994e-02 
 3.873806e+01  1.289309e-02 
 3.873846e+01  1.285597e-02 
 3.873886e+01  1.281876e-02 
 3.873925e+01  1.278159e-02 
 3.873965e+01  1.274452e-02 
 3.874005e+01  1.270761e-02 
 3.874045e+01  1.267095e-02 
 3.874084e+01  1.263456e-02 
 3.874124e+01  1.259852e-02 
 3.874164e+01  1.256278e-02 
 3.874204e+01  1.252733e-02 
 3.874243e+01  1.249213e-02 
 3.874283e+01  1.245713e-02 
 3.874323e+01  1.242231e-02 
 3.874363e+01  1.238763e-02 
 3.874403e+01  1.235309e-02 
 3.874442e+01  1.231866e-02 
 3.874482e+01  1.228432e-02 
 3.874522e+01  1.225007e-02 
 3.874562e+01  1.221592e-02 
 3.874601e+01  1.218191e-02 
 3.874641e+01  1.214808e-02 
 3.874681e+01  1.211457e-02 
 3.874721e+01  1.208147e-02 
 3.874760e+01  1.204896e-02 
 3.874800e+01  1.201718e-02 
 3.874840e+01  1.198623e-02 
 3.874880e+01  1.195620e-02 
 3.874920e+01  1.192709e-02 
 3.874959e+01  1.189895e-02 
 3.874999e+01  1.187175e-02 
 3.875039e+01  1.184549e-02 
 3.875079e+01  1.182014e-02 
 3.875118e+01  1.179565e-02 
 3.875158e+01  1.177207e-02 
 3.875198e+01  1.174931e-02 
 3.875238e+01  1.172738e-02 
 3.875277e+01  1.170617e-02 
 3.875317e+01  1.168572e-02 
 3.875357e+01  1.166598e-02 
 3.875397e+01  1.164693e-02 
 3.875437e+01  1.162864e-02 
 3.875476e+01  1.161109e-02 
 3.875516e+01  1.159430e-02 
 3.875556e+01  1.157830e-02 
 3.875596e+01  1.156312e-02 
 3.875635e+01  1.154877e-02 
 3.875675e+01  1.153531e-02 
 3.875715e+01  1.152275e-02 
 3.875755e+01  1.151109e-02 
 3.875794e+01  1.150034e-02 
 3.875834e+01  1.149047e-02 
 3.875874e+01  1.148142e-02 
 3.875914e+01  1.147308e-02 
 3.875954e+01  1.146535e-02 
 3.875993e+01  1.145815e-02 
 3.876033e+01  1.145139e-02 
 3.876073e+01  1.144500e-02 
 3.876113e+01  1.143896e-02 
 3.876152e+01  1.143329e-02 
 3.876192e+01  1.142796e-02 
 3.876232e+01  1.142303e-02 
 3.876272e+01  1.141857e-02 
 3.876311e+01  1.141467e-02 
 3.876351e+01  1.141141e-02 
 3.876391e+01  1.140889e-02 
 3.876431e+01  1.140721e-02 
 3.876471e+01  1.140647e-02 
 3.876510e+01  1.140678e-02 
 3.876550e+01  1.140828e-02 
 3.876590e+01  1.141109e-02 
 3.876630e+01  1.141521e-02 
 3.876669e+01  1.142066e-02 
 3.876709e+01  1.142736e-02 
 3.876749e+01  1.143519e-02 
 3.876789e+01  1.144398e-02 
 3.876828e+01  1.145352e-02 
 3.876868e+01  1.146363e-02 
 3.876908e+01  1.147415e-02 
 3.876948e+01  1.148494e-02 
 3.876988e+01  1.149588e-02 
 3.877027e+01  1.150686e-02 
 3.877067e+01  1.151771e-02 
 3.877107e+01  1.152827e-02 
 3.877147e+01  1.153848e-02 
 3.877186e+01  1.154826e-02 
 3.877226e+01  1.155755e-02 
 3.877266e+01  1.156636e-02 
 3.877306e+01  1.157473e-02 
 3.877345e+01  1.158276e-02 
 3.877385e+01  1.159052e-02 
 3.877425e+01  1.159809e-02 
 3.877465e+01  1.160555e-02 
 3.877505e+01  1.161301e-02 
 3.877544e+01  1.162052e-02 
 3.877584e+01  1.162817e-02 
 3.877624e+01  1.163600e-02 
 3.877664e+01  1.164400e-02 
 3.877703e+01  1.165212e-02 
 3.877743e+01  1.166027e-02 
 3.877783e+01  1.166843e-02 
 3.877823e+01  1.167656e-02 
 3.877862e+01  1.168469e-02 
 3.877902e+01  1.169290e-02 
 3.877942e+01  1.170127e-02 
 3.877982e+01  1.170993e-02 
 3.878022e+01  1.171905e-02 
 3.878061e+01  1.172878e-02 
 3.878101e+01  1.173915e-02 
 3.878141e+01  1.175025e-02 
 3.878181e+01  1.176220e-02 
 3.878220e+01  1.177506e-02 
 3.878260e+01  1.178883e-02 
 3.878300e+01  1.180356e-02 
 3.878340e+01  1.181919e-02 
 3.878379e+01  1.183562e-02 
 3.878419e+01  1.185265e-02 
 3.878459e+01  1.187009e-02 
 3.878499e+01  1.188775e-02 
 3.878539e+01  1.190537e-02 
 3.878578e+01  1.192275e-02 
 3.878618e+01  1.193968e-02 
 3.878658e+01  1.195596e-02 
 3.878698e+01  1.197149e-02 
 3.878737e+01  1.198615e-02 
 3.878777e+01  1.199990e-02 
 3.878817e+01  1.201271e-02 
 3.878857e+01  1.202458e-02 
 3.878896e+01  1.203558e-02 
 3.878936e+01  1.204582e-02 
 3.878976e+01  1.205544e-02 
 3.879016e+01  1.206451e-02 
 3.879056e+01  1.207318e-02 
 3.879095e+01  1.208160e-02 
 3.879135e+01  1.208988e-02 
 3.879175e+01  1.209809e-02 
 3.879215e+01  1.210630e-02 
 3.879254e+01  1.211449e-02 
 3.879294e+01  1.212259e-02 
 3.879334e+01  1.213049e-02 
 3.879374e+01  1.213810e-02 
 3.879413e+01  1.214530e-02 
 3.879453e+01  1.215197e-02 
 3.879493e+01  1.215805e-02 
 3.879533e+01  1.216354e-02 
 3.879573e+01  1.216839e-02 
 3.879612e+01  1.217260e-02 
 3.879652e+01  1.217624e-02 
 3.879692e+01  1.217934e-02 
 3.879732e+01  1.218195e-02 
 3.879771e+01  1.218418e-02 
 3.879811e+01  1.218622e-02 
 3.879851e+01  1.218818e-02 
 3.879891e+01  1.219019e-02 
 3.879930e+01  1.219239e-02 
 3.879970e+01  1.219476e-02 
 3.880010e+01  1.219738e-02 
 3.880050e+01  1.220031e-02 
 3.880090e+01  1.220359e-02 
 3.880129e+01  1.220720e-02 
 3.880169e+01  1.221118e-02 
 3.880209e+01  1.221553e-02 
 3.880249e+01  1.222018e-02 
 3.880288e+01  1.222507e-02 
 3.880328e+01  1.223014e-02 
 3.880368e+01  1.223536e-02 
 3.880408e+01  1.224069e-02 
 3.880447e+01  1.224620e-02 
 3.880487e+01  1.225190e-02 
 3.880527e+01  1.225780e-02 
 3.880567e+01  1.226393e-02 
 3.880607e+01  1.227025e-02 
 3.880646e+01  1.227672e-02 
 3.880686e+01  1.228335e-02 
 3.880726e+01  1.229017e-02 
 3.880766e+01  1.229718e-02 
 3.880805e+01  1.230439e-02 
 3.880845e+01  1.231180e-02 
 3.880885e+01  1.231937e-02 
 3.880925e+01  1.232705e-02 
 3.880964e+01  1.233467e-02 
 3.881004e+01  1.234206e-02 
 3.881044e+01  1.234904e-02 
 3.881084e+01  1.235537e-02 
 3.881124e+01  1.236089e-02 
 3.881163e+01  1.236539e-02 
 3.881203e+01  1.236868e-02 
 3.881243e+01  1.237063e-02 
 3.881283e+01  1.237114e-02 
 3.881322e+01  1.237012e-02 
 3.881362e+01  1.236750e-02 
 3.881402e+01  1.236335e-02 
 3.881442e+01  1.235770e-02 
 3.881481e+01  1.235062e-02 
 3.881521e+01  1.234221e-02 
 3.881561e+01  1.233259e-02 
 3.881601e+01  1.232186e-02 
 3.881641e+01  1.231015e-02 
 3.881680e+01  1.229760e-02 
 3.881720e+01  1.228433e-02 
 3.881760e+01  1.227048e-02 
 3.881800e+01  1.225610e-02 
 3.881839e+01  1.224128e-02 
 3.881879e+01  1.222604e-02 
 3.881919e+01  1.221033e-02 
 3.881959e+01  1.219415e-02 
 3.881998e+01  1.217750e-02 
 3.882038e+01  1.216038e-02 
 3.882078e+01  1.214285e-02 
 3.882118e+01  1.212491e-02 
 3.882158e+01  1.210662e-02 
 3.882197e+01  1.208801e-02 
 3.882237e+01  1.206911e-02 
 3.882277e+01  1.204988e-02 
 3.882317e+01  1.203032e-02 
 3.882356e+01  1.201042e-02 
 3.882396e+01  1.199016e-02 
 3.882436e+01  1.196951e-02 
 3.882476e+01  1.194841e-02 
 3.882515e+01  1.192678e-02 
 3.882555e+01  1.190458e-02 
 3.882595e+01  1.188172e-02 
 3.882635e+01  1.185815e-02 
 3.882675e+01  1.183387e-02 
 3.882714e+01  1.180885e-02 
 3.882754e+01  1.178302e-02 
 3.882794e+01  1.175633e-02 
 3.882834e+01  1.172862e-02 
 3.882873e+01  1.169981e-02 
 3.882913e+01  1.166984e-02 
 3.882953e+01  1.163866e-02 
 3.882993e+01  1.160634e-02 
 3.883033e+01  1.157291e-02 
 3.883072e+01  1.153847e-02 
 3.883112e+01  1.150316e-02 
 3.883152e+01  1.146708e-02 
 3.883192e+01  1.143034e-02 
 3.883231e+01  1.139308e-02 
 3.883271e+01  1.135546e-02 
 3.883311e+01  1.131765e-02 
 3.883351e+01  1.127985e-02 
 3.883390e+01  1.124223e-02 
 3.883430e+01  1.120495e-02 
 3.883470e+01  1.116812e-02 
 3.883510e+01  1.113182e-02 
 3.883550e+01  1.109605e-02 
 3.883589e+01  1.106087e-02 
 3.883629e+01  1.102627e-02 
 3.883669e+01  1.099218e-02 
 3.883709e+01  1.095855e-02 
 3.883748e+01  1.092531e-02 
 3.883788e+01  1.089238e-02 
 3.883828e+01  1.085971e-02 
 3.883868e+01  1.082720e-02 
 3.883907e+01  1.079473e-02 
 3.883947e+01  1.076218e-02 
 3.883987e+01  1.072944e-02 
 3.884027e+01  1.069642e-02 
 3.884067e+01  1.066303e-02 
 3.884106e+01  1.062920e-02 
 3.884146e+01  1.059484e-02 
 3.884186e+01  1.056001e-02 
 3.884226e+01  1.052481e-02 
 3.884265e+01  1.048938e-02 
 3.884305e+01  1.045385e-02 
 3.884345e+01  1.041837e-02 
 3.884385e+01  1.038307e-02 
 3.884424e+01  1.034803e-02 
 3.884464e+01  1.031333e-02 
 3.884504e+01  1.027899e-02 
 3.884544e+01  1.024500e-02 
 3.884584e+01  1.021135e-02 
 3.884623e+01  1.017805e-02 
 3.884663e+01  1.014510e-02 
 3.884703e+01  1.011249e-02 
 3.884743e+01  1.008024e-02 
 3.884782e+01  1.004834e-02 
 3.884822e+01  1.001681e-02 
 3.884862e+01  9.985695e-03 
 3.884902e+01  9.955097e-03 
 3.884941e+01  9.925084e-03 
 3.884981e+01  9.895727e-03 
 3.885021e+01  9.867106e-03 
 3.885061e+01  9.839315e-03 
 3.885101e+01  9.812468e-03 
 3.885140e+01  9.786602e-03 
 3.885180e+01  9.761822e-03 
 3.885220e+01  9.738196e-03 
 3.885260e+01  9.715744e-03 
 3.885299e+01  9.694492e-03 
 3.885339e+01  9.674331e-03 
 3.885379e+01  9.655154e-03 
 3.885419e+01  9.636810e-03 
 3.885458e+01  9.619169e-03 
 3.885498e+01  9.602124e-03 
 3.885538e+01  9.585561e-03 
 3.885578e+01  9.569427e-03 
 3.885618e+01  9.553648e-03 
 3.885657e+01  9.538161e-03 
 3.885697e+01  9.522923e-03 
 3.885737e+01  9.507898e-03 
 3.885777e+01  9.493133e-03 
 3.885816e+01  9.478714e-03 
 3.885856e+01  9.464750e-03 
 3.885896e+01  9.451463e-03 
 3.885936e+01  9.439102e-03 
 3.885975e+01  9.427906e-03 
 3.886015e+01  9.418110e-03 
 3.886055e+01  9.409899e-03 
 3.886095e+01  9.403352e-03 
 3.886135e+01  9.398468e-03 
 3.886174e+01  9.395209e-03 
 3.886214e+01  9.393553e-03 
 3.886254e+01  9.393455e-03 
 3.886294e+01  9.394785e-03 
 3.886333e+01  9.397382e-03 
 3.886373e+01  9.401058e-03 
 3.886413e+01  9.405622e-03 
 3.886453e+01  9.410897e-03 
 3.886492e+01  9.416691e-03 
 3.886532e+01  9.422849e-03 
 3.886572e+01  9.429249e-03 
 3.886612e+01  9.435783e-03 
 3.886652e+01  9.442397e-03 
 3.886691e+01  9.449033e-03 
 3.886731e+01  9.455610e-03 
 3.886771e+01  9.462084e-03 
 3.886811e+01  9.468461e-03 
 3.886850e+01  9.474728e-03 
 3.886890e+01  9.480903e-03 
 3.886930e+01  9.487002e-03 
 3.886970e+01  9.493017e-03 
 3.887009e+01  9.498926e-03 
 3.887049e+01  9.504712e-03 
 3.887089e+01  9.510386e-03 
 3.887129e+01  9.515907e-03 
 3.887169e+01  9.521265e-03 
 3.887208e+01  9.526432e-03 
 3.887248e+01  9.531376e-03 
 3.887288e+01  9.536155e-03 
 3.887328e+01  9.540813e-03 
 3.887367e+01  9.545408e-03 
 3.887407e+01  9.550015e-03 
 3.887447e+01  9.554722e-03 
 3.887487e+01  9.559644e-03 
 3.887526e+01  9.564927e-03 
 3.887566e+01  9.570638e-03 
 3.887606e+01  9.576935e-03 
 3.887646e+01  9.583907e-03 
 3.887686e+01  9.591669e-03 
 3.887725e+01  9.600366e-03 
 3.887765e+01  9.610091e-03 
 3.887805e+01  9.620927e-03 
 3.887845e+01  9.632908e-03 
 3.887884e+01  9.645941e-03 
 3.887924e+01  9.659905e-03 
 3.887964e+01  9.674556e-03 
 3.888004e+01  9.689630e-03 
 3.888043e+01  9.704857e-03 
 3.888083e+01  9.719974e-03 
 3.888123e+01  9.734789e-03 
 3.888163e+01  9.749107e-03 
 3.888203e+01  9.762804e-03 
 3.888242e+01  9.775770e-03 
 3.888282e+01  9.787915e-03 
 3.888322e+01  9.799162e-03 
 3.888362e+01  9.809550e-03 
 3.888401e+01  9.819181e-03 
 3.888441e+01  9.828214e-03 
 3.888481e+01  9.836816e-03 
 3.888521e+01  9.845191e-03 
 3.888560e+01  9.853504e-03 
 3.888600e+01  9.861886e-03 
 3.888640e+01  9.870466e-03 
 3.888680e+01  9.879310e-03 
 3.888720e+01  9.888452e-03 
 3.888759e+01  9.897909e-03 
 3.888799e+01  9.907702e-03 
 3.888839e+01  9.917845e-03 
 3.888879e+01  9.928276e-03 
 3.888918e+01  9.938943e-03 
 3.888958e+01  9.949752e-03 
 3.888998e+01  9.960644e-03 
 3.889038e+01  9.971542e-03 
 3.889077e+01  9.982438e-03 
 3.889117e+01  9.993326e-03 
 3.889157e+01  1.000422e-02 
 3.889197e+01  1.001513e-02 
 3.889237e+01  1.002606e-02 
 3.889276e+01  1.003702e-02 
 3.889316e+01  1.004803e-02 
 3.889356e+01  1.005906e-02 
 3.889396e+01  1.007015e-02 
 3.889435e+01  1.008127e-02 
 3.889475e+01  1.009243e-02 
 3.889515e+01  1.010354e-02 
 3.889555e+01  1.011449e-02 
 3.889594e+01  1.012513e-02 
 3.889634e+01  1.013531e-02 
 3.889674e+01  1.014491e-02 
 3.889714e+01  1.015377e-02 
 3.889754e+01  1.016174e-02 
 3.889793e+01  1.016876e-02 
 3.889833e+01  1.017485e-02 
 3.889873e+01  1.017996e-02 
 3.889913e+01  1.018412e-02 
 3.889952e+01  1.018741e-02 
 3.889992e+01  1.018986e-02 
 3.890032e+01  1.019153e-02 
 3.890072e+01  1.019250e-02 
 3.890111e+01  1.019283e-02 
 3.890151e+01  1.019269e-02 
 3.890191e+01  1.019225e-02 
 3.890231e+01  1.019165e-02 
 3.890271e+01  1.019107e-02 
 3.890310e+01  1.019071e-02 
 3.890350e+01  1.019071e-02 
 3.890390e+01  1.019117e-02 
 3.890430e+01  1.019223e-02 
 3.890469e+01  1.019386e-02 
 3.890509e+01  1.019596e-02 
 3.890549e+01  1.019842e-02 
 3.890589e+01  1.020121e-02 
 3.890628e+01  1.020422e-02 
 3.890668e+01  1.020738e-02 
 3.890708e+01  1.021054e-02 
 3.890748e+01  1.021358e-02 
 3.890788e+01  1.021637e-02 
 3.890827e+01  1.021879e-02 
 3.890867e+01  1.022071e-02 
 3.890907e+01  1.022206e-02 
 3.890947e+01  1.022271e-02 
 3.890986e+01  1.022269e-02 
 3.891026e+01  1.022207e-02 
 3.891066e+01  1.022091e-02 
 3.891106e+01  1.021924e-02 
 3.891145e+01  1.021711e-02 
 3.891185e+01  1.021454e-02 
 3.891225e+01  1.021152e-02 
 3.891265e+01  1.020804e-02 
 3.891305e+01  1.020408e-02 
 3.891344e+01  1.019957e-02 
 3.891384e+01  1.019447e-02 
 3.891424e+01  1.018875e-02 
 3.891464e+01  1.018241e-02 
 3.891503e+01  1.017545e-02 
 3.891543e+01  1.016785e-02 
 3.891583e+01  1.015963e-02 
 3.891623e+01  1.015082e-02 
 3.891662e+01  1.014143e-02 
 3.891702e+01  1.013146e-02 
 3.891742e+01  1.012085e-02 
 3.891782e+01  1.010959e-02 
 3.891822e+01  1.009764e-02 
 3.891861e+01  1.008497e-02 
 3.891901e+01  1.007161e-02 
 3.891941e+01  1.005761e-02 
 3.891981e+01  1.004300e-02 
 3.892020e+01  1.002792e-02 
 3.892060e+01  1.001240e-02 
 3.892100e+01  9.996445e-03 
 3.892140e+01  9.980028e-03 
 3.892180e+01  9.963141e-03 
 3.892219e+01  9.945674e-03 
 3.892259e+01  9.927486e-03 
 3.892299e+01  9.908545e-03 
 3.892339e+01  9.888807e-03 
 3.892378e+01  9.868226e-03 
 3.892418e+01  9.846735e-03 
 3.892458e+01  9.824310e-03 
 3.892498e+01  9.800970e-03 
 3.892537e+01  9.776675e-03 
 3.892577e+01  9.751418e-03 
 3.892617e+01  9.725197e-03 
 3.892657e+01  9.698004e-03 
 3.892697e+01  9.669845e-03 
 3.892736e+01  9.640788e-03 
 3.892776e+01  9.611016e-03 
 3.892816e+01  9.580578e-03 
 3.892856e+01  9.549643e-03 
 3.892895e+01  9.518321e-03 
 3.892935e+01  9.486731e-03 
 3.892975e+01  9.455035e-03 
 3.893015e+01  9.423286e-03 
 3.893054e+01  9.391623e-03 
 3.893094e+01  9.359968e-03 
 3.893134e+01  9.328339e-03 
 3.893174e+01  9.296704e-03 
 3.893214e+01  9.265049e-03 
 3.893253e+01  9.233346e-03 
 3.893293e+01  9.201531e-03 
 3.893333e+01  9.169507e-03 
 3.893373e+01  9.137106e-03 
 3.893412e+01  9.104199e-03 
 3.893452e+01  9.070639e-03 
 3.893492e+01  9.036321e-03 
 3.893532e+01  9.001202e-03 
 3.893571e+01  8.965240e-03 
 3.893611e+01  8.928515e-03 
 3.893651e+01  8.891105e-03 
 3.893691e+01  8.853146e-03 
 3.893731e+01  8.814808e-03 
 3.893770e+01  8.776230e-03 
 3.893810e+01  8.737558e-03 
 3.893850e+01  8.698935e-03 
 3.893890e+01  8.660452e-03 
 3.893929e+01  8.622240e-03 
 3.893969e+01  8.584381e-03 
 3.894009e+01  8.546893e-03 
 3.894049e+01  8.509836e-03 
 3.894088e+01  8.473154e-03 
 3.894128e+01  8.436847e-03 
 3.894168e+01  8.400998e-03 
 3.894208e+01  8.365611e-03 
 3.894248e+01  8.330740e-03 
 3.894287e+01  8.296425e-03 
 3.894327e+01  8.262756e-03 
 3.894367e+01  8.229796e-03 
 3.894407e+01  8.197597e-03 
 3.894446e+01  8.166192e-03 
 3.894486e+01  8.135653e-03 
 3.894526e+01  8.106116e-03 
 3.894566e+01  8.077712e-03 
 3.894605e+01  8.050527e-03 
 3.894645e+01  8.024645e-03 
 3.894685e+01  8.000079e-03 
 3.894725e+01  7.976818e-03 
 3.894765e+01  7.954770e-03 
 3.894804e+01  7.933863e-03 
 3.894844e+01  7.913974e-03 
 3.894884e+01  7.894874e-03 
 3.894924e+01  7.876401e-03 
 3.894963e+01  7.858399e-03 
 3.895003e+01  7.840647e-03 
 3.895043e+01  7.822964e-03 
 3.895083e+01  7.805105e-03 
 3.895122e+01  7.786849e-03 
 3.895162e+01  7.768095e-03 
 3.895202e+01  7.748742e-03 
 3.895242e+01  7.728756e-03 
 3.895282e+01  7.708109e-03 
 3.895321e+01  7.686865e-03 
 3.895361e+01  7.665115e-03 
 3.895401e+01  7.643115e-03 
 3.895441e+01  7.621072e-03 
 3.895480e+01  7.599231e-03 
 3.895520e+01  7.577868e-03 
 3.895560e+01  7.557214e-03 
 3.895600e+01  7.537466e-03 
 3.895639e+01  7.518772e-03 
 3.895679e+01  7.501260e-03 
 3.895719e+01  7.485037e-03 
 3.895759e+01  7.470138e-03 
 3.895799e+01  7.456634e-03 
 3.895838e+01  7.444564e-03 
 3.895878e+01  7.433942e-03 
 3.895918e+01  7.424714e-03 
 3.895958e+01  7.416856e-03 
 3.895997e+01  7.410298e-03 
 3.896037e+01  7.404993e-03 
 3.896077e+01  7.400881e-03 
 3.896117e+01  7.397952e-03 
 3.896156e+01  7.396259e-03 
 3.896196e+01  7.395818e-03 
 3.896236e+01  7.396620e-03 
 3.896276e+01  7.398691e-03 
 3.896316e+01  7.402016e-03 
 3.896355e+01  7.406575e-03 
 3.896395e+01  7.412391e-03 
 3.896435e+01  7.419429e-03 
 3.896475e+01  7.427580e-03 
 3.896514e+01  7.436784e-03 
 3.896554e+01  7.446943e-03 
 3.896594e+01  7.457921e-03 
 3.896634e+01  7.469547e-03 
 3.896673e+01  7.481727e-03 
 3.896713e+01  7.494324e-03 
 3.896753e+01  7.507220e-03 
 3.896793e+01  7.520301e-03 
 3.896833e+01  7.533451e-03 
 3.896872e+01  7.546561e-03 
 3.896912e+01  7.559525e-03 
 3.896952e+01  7.572311e-03 
 3.896992e+01  7.584937e-03 
 3.897031e+01  7.597474e-03 
 3.897071e+01  7.610007e-03 
 3.897111e+01  7.622720e-03 
 3.897151e+01  7.635813e-03 
 3.897190e+01  7.649426e-03 
 3.897230e+01  7.663656e-03 
 3.897270e+01  7.678524e-03 
 3.897310e+01  7.694018e-03 
 3.897350e+01  7.710076e-03 
 3.897389e+01  7.726639e-03 
 3.897429e+01  7.743622e-03 
 3.897469e+01  7.760870e-03 
 3.897509e+01  7.778278e-03 
 3.897548e+01  7.795745e-03 
 3.897588e+01  7.813198e-03 
 3.897628e+01  7.830532e-03 
 3.897668e+01  7.847641e-03 
 3.897707e+01  7.864425e-03 
 3.897747e+01  7.880772e-03 
 3.897787e+01  7.896576e-03 
 3.897827e+01  7.911839e-03 
 3.897867e+01  7.926637e-03 
 3.897906e+01  7.941096e-03 
 3.897946e+01  7.955308e-03 
 3.897986e+01  7.969433e-03 
 3.898026e+01  7.983607e-03 
 3.898065e+01  7.997943e-03 
 3.898105e+01  8.012543e-03 
 3.898145e+01  8.027445e-03 
 3.898185e+01  8.042751e-03 
 3.898224e+01  8.058459e-03 
 3.898264e+01  8.074590e-03 
 3.898304e+01  8.091141e-03 
 3.898344e+01  8.108096e-03 
 3.898384e+01  8.125418e-03 
 3.898423e+01  8.143083e-03 
 3.898463e+01  8.161035e-03 
 3.898503e+01  8.179224e-03 
 3.898543e+01  8.197636e-03 
 3.898582e+01  8.216219e-03 
 3.898622e+01  8.234922e-03 
 3.898662e+01  8.253711e-03 
 3.898702e+01  8.272575e-03 
 3.898741e+01  8.291492e-03 
 3.898781e+01  8.310499e-03 
 3.898821e+01  8.329586e-03 
 3.898861e+01  8.348811e-03 
 3.898901e+01  8.368177e-03 
 3.898940e+01  8.387717e-03 
 3.898980e+01  8.407422e-03 
 3.899020e+01  8.427248e-03 
 3.899060e+01  8.447156e-03 
 3.899099e+01  8.467068e-03 
 3.899139e+01  8.486908e-03 
 3.899179e+01  8.506602e-03 
 3.899219e+01  8.526045e-03 
 3.899258e+01  8.545109e-03 
 3.899298e+01  8.563695e-03 
 3.899338e+01  8.581775e-03 
 3.899378e+01  8.599335e-03 
 3.899418e+01  8.616307e-03 
 3.899457e+01  8.632709e-03 
 3.899497e+01  8.648531e-03 
 3.899537e+01  8.663800e-03 
 3.899577e+01  8.678590e-03 
 3.899616e+01  8.693034e-03 
 3.899656e+01  8.707253e-03 
 3.899696e+01  8.721384e-03 
 3.899736e+01  8.735610e-03 
 3.899775e+01  8.750107e-03 
 3.899815e+01  8.765017e-03 
 3.899855e+01  8.780422e-03 
 3.899895e+01  8.796381e-03 
 3.899935e+01  8.812935e-03 
 3.899974e+01  8.830084e-03 
 3.900014e+01  8.847846e-03 
 3.900054e+01  8.866243e-03 
 3.900094e+01  8.885232e-03 
 3.900133e+01  8.904716e-03 
 3.900173e+01  8.924560e-03 
 3.900213e+01  8.944637e-03 
 3.900253e+01  8.964781e-03 
 3.900292e+01  8.984814e-03 
 3.900332e+01  9.004566e-03 
 3.900372e+01  9.023844e-03 
 3.900412e+01  9.042454e-03 
 3.900452e+01  9.060271e-03 
 3.900491e+01  9.077156e-03 
 3.900531e+01  9.093079e-03 
 3.900571e+01  9.107983e-03 
 3.900611e+01  9.121862e-03 
 3.900650e+01  9.134696e-03 
 3.900690e+01  9.146484e-03 
 3.900730e+01  9.157260e-03 
 3.900770e+01  9.167042e-03 
 3.900809e+01  9.175822e-03 
 3.900849e+01  9.183584e-03 
 3.900889e+01  9.190368e-03 
 3.900929e+01  9.196221e-03 
 3.900969e+01  9.201136e-03 
 3.901008e+01  9.205069e-03 
 3.901048e+01  9.208048e-03 
 3.901088e+01  9.210059e-03 
 3.901128e+01  9.211073e-03 
 3.901167e+01  9.211139e-03 
 3.901207e+01  9.210357e-03 
 3.901247e+01  9.208792e-03 
 3.901287e+01  9.206570e-03 
 3.901327e+01  9.203860e-03 
 3.901366e+01  9.200814e-03 
 3.901406e+01  9.197542e-03 
 3.901446e+01  9.194183e-03 
 3.901486e+01  9.190855e-03 
 3.901525e+01  9.187688e-03 
 3.901565e+01  9.184778e-03 
 3.901605e+01  9.182216e-03 
 3.901645e+01  9.180035e-03 
 3.901684e+01  9.178254e-03 
 3.901724e+01  9.176894e-03 
 3.901764e+01  9.175958e-03 
 3.901804e+01  9.175440e-03 
 3.901844e+01  9.175265e-03 
 3.901883e+01  9.175307e-03 
 3.901923e+01  9.175448e-03 
 3.901963e+01  9.175532e-03 
 3.902003e+01  9.175389e-03 
 3.902042e+01  9.174810e-03 
 3.902082e+01  9.173623e-03 
 3.902122e+01  9.171658e-03 
 3.902162e+01  9.168805e-03 
 3.902201e+01  9.165004e-03 
 3.902241e+01  9.160216e-03 
 3.902281e+01  9.154465e-03 
 3.902321e+01  9.147752e-03 
 3.902361e+01  9.140021e-03 
 3.902400e+01  9.131361e-03 
 3.902440e+01  9.121808e-03 
 3.902480e+01  9.111351e-03 
 3.902520e+01  9.099995e-03 
 3.902559e+01  9.087766e-03 
 3.902599e+01  9.074653e-03 
 3.902639e+01  9.060670e-03 
 3.902679e+01  9.045851e-03 
 3.902718e+01  9.030206e-03 
 3.902758e+01  9.013687e-03 
 3.902798e+01  8.996236e-03 
 3.902838e+01  8.977756e-03 
 3.902878e+01  8.958164e-03 
 3.902917e+01  8.937377e-03 
 3.902957e+01  8.915319e-03 
 3.902997e+01  8.892023e-03 
 3.903037e+01  8.867458e-03 
 3.903076e+01  8.841696e-03 
 3.903116e+01  8.814896e-03 
 3.903156e+01  8.787134e-03 
 3.903196e+01  8.758571e-03 
 3.903235e+01  8.729396e-03 
 3.903275e+01  8.699814e-03 
 3.903315e+01  8.670002e-03 
 3.903355e+01  8.640159e-03 
 3.903395e+01  8.610469e-03 
 3.903434e+01  8.581074e-03 
 3.903474e+01  8.552026e-03 
 3.903514e+01  8.523426e-03 
 3.903554e+01  8.495302e-03 
 3.903593e+01  8.467621e-03 
 3.903633e+01  8.440332e-03 
 3.903673e+01  8.413364e-03 
 3.903713e+01  8.386635e-03 
 3.903752e+01  8.360105e-03 
 3.903792e+01  8.333733e-03 
 3.903832e+01  8.307503e-03 
 3.903872e+01  8.281474e-03 
 3.903912e+01  8.255725e-03 
 3.903951e+01  8.230367e-03 
 3.903991e+01  8.205567e-03 
 3.904031e+01  8.181446e-03 
 3.904071e+01  8.158091e-03 
 3.904110e+01  8.135585e-03 
 3.904150e+01  8.114032e-03 
 3.904190e+01  8.093458e-03 
 3.904230e+01  8.073864e-03 
 3.904269e+01  8.055217e-03 
 3.904309e+01  8.037467e-03 
 3.904349e+01  8.020471e-03 
 3.904389e+01  8.004164e-03 
 3.904429e+01  7.988417e-03 
 3.904468e+01  7.973088e-03 
 3.904508e+01  7.957972e-03 
 3.904548e+01  7.942869e-03 
 3.904588e+01  7.927598e-03 
 3.904627e+01  7.911981e-03 
 3.904667e+01  7.895819e-03 
 3.904707e+01  7.878998e-03 
 3.904747e+01  7.861466e-03 
 3.904786e+01  7.843247e-03 
 3.904826e+01  7.824490e-03 
 3.904866e+01  7.805393e-03 
 3.904906e+01  7.786131e-03 
 3.904946e+01  7.766915e-03 
 3.904985e+01  7.747942e-03 
 3.905025e+01  7.729360e-03 
 3.905065e+01  7.711326e-03 
 3.905105e+01  7.694040e-03 
 3.905144e+01  7.677694e-03 
 3.905184e+01  7.662446e-03 
 3.905224e+01  7.648447e-03 
 3.905264e+01  7.635817e-03 
 3.905303e+01  7.624592e-03 
 3.905343e+01  7.614694e-03 
 3.905383e+01  7.606027e-03 
 3.905423e+01  7.598495e-03 
 3.905463e+01  7.592021e-03 
 3.905502e+01  7.586547e-03 
 3.905542e+01  7.582082e-03 
 3.905582e+01  7.578606e-03 
 3.905622e+01  7.576106e-03 
 3.905661e+01  7.574582e-03 
 3.905701e+01  7.574048e-03 
 3.905741e+01  7.574534e-03 
 3.905781e+01  7.576026e-03 
 3.905820e+01  7.578452e-03 
 3.905860e+01  7.581786e-03 
 3.905900e+01  7.586059e-03 
 3.905940e+01  7.591198e-03 
 3.905980e+01  7.597166e-03 
 3.906019e+01  7.603861e-03 
 3.906059e+01  7.611207e-03 
 3.906099e+01  7.619051e-03 
 3.906139e+01  7.627244e-03 
 3.906178e+01  7.635650e-03 
 3.906218e+01  7.644122e-03 
 3.906258e+01  7.652455e-03 
 3.906298e+01  7.660537e-03 
 3.906337e+01  7.668230e-03 
 3.906377e+01  7.675470e-03 
 3.906417e+01  7.682229e-03 
 3.906457e+01  7.688528e-03 
 3.906497e+01  7.694379e-03 
 3.906536e+01  7.699866e-03 
 3.906576e+01  7.705142e-03 
 3.906616e+01  7.710399e-03 
 3.906656e+01  7.715820e-03 
 3.906695e+01  7.721585e-03 
 3.906735e+01  7.727852e-03 
 3.906775e+01  7.734813e-03 
 3.906815e+01  7.742614e-03 
 3.906854e+01  7.751357e-03 
 3.906894e+01  7.761118e-03 
 3.906934e+01  7.771990e-03 
 3.906974e+01  7.783979e-03 
 3.907014e+01  7.797082e-03 
 3.907053e+01  7.811268e-03 
 3.907093e+01  7.826440e-03 
 3.907133e+01  7.842489e-03 
 3.907173e+01  7.859350e-03 
 3.907212e+01  7.876945e-03 
 3.907252e+01  7.895270e-03 
 3.907292e+01  7.914344e-03 
 3.907332e+01  7.934209e-03 
 3.907371e+01  7.954897e-03 
 3.907411e+01  7.976447e-03 
 3.907451e+01  7.998868e-03 
 3.907491e+01  8.022152e-03 
 3.907531e+01  8.046271e-03 
 3.907570e+01  8.071168e-03 
 3.907610e+01  8.096773e-03 
 3.907650e+01  8.123068e-03 
 3.907690e+01  8.149973e-03 
 3.907729e+01  8.177441e-03 
 3.907769e+01  8.205441e-03 
 3.907809e+01  8.233904e-03 
 3.907849e+01  8.262750e-03 
 3.907888e+01  8.291870e-03 
 3.907928e+01  8.321120e-03 
 3.907968e+01  8.350336e-03 
 3.908008e+01  8.379263e-03 
 3.908048e+01  8.407754e-03 
 3.908087e+01  8.435654e-03 
 3.908127e+01  8.462803e-03 
 3.908167e+01  8.489158e-03 
 3.908207e+01  8.514673e-03 
 3.908246e+01  8.539372e-03 
 3.908286e+01  8.563310e-03 
 3.908326e+01  8.586564e-03 
 3.908366e+01  8.609253e-03 
 3.908405e+01  8.631430e-03 
 3.908445e+01  8.653157e-03 
 3.908485e+01  8.674471e-03 
 3.908525e+01  8.695404e-03 
 3.908565e+01  8.716000e-03 
 3.908604e+01  8.736347e-03 
 3.908644e+01  8.756459e-03 
 3.908684e+01  8.776363e-03 
 3.908724e+01  8.796062e-03 
 3.908763e+01  8.815617e-03 
 3.908803e+01  8.835053e-03 
 3.908843e+01  8.854377e-03 
 3.908883e+01  8.873563e-03 
 3.908922e+01  8.892609e-03 
 3.908962e+01  8.911508e-03 
 3.909002e+01  8.930364e-03 
 3.909042e+01  8.949265e-03 
 3.909082e+01  8.968346e-03 
 3.909121e+01  8.987735e-03 
 3.909161e+01  9.007581e-03 
 3.909201e+01  9.027996e-03 
 3.909241e+01  9.049052e-03 
 3.909280e+01  9.070857e-03 
 3.909320e+01  9.093493e-03 
 3.909360e+01  9.117019e-03 
 3.909400e+01  9.141502e-03 
 3.909439e+01  9.167002e-03 
 3.909479e+01  9.193575e-03 
 3.909519e+01  9.221196e-03 
 3.909559e+01  9.249775e-03 
 3.909599e+01  9.279190e-03 
 3.909638e+01  9.309258e-03 
 3.909678e+01  9.339758e-03 
 3.909718e+01  9.370432e-03 
 3.909758e+01  9.401033e-03 
 3.909797e+01  9.431314e-03 
 3.909837e+01  9.460990e-03 
 3.909877e+01  9.489844e-03 
 3.909917e+01  9.517700e-03 
 3.909956e+01  9.544440e-03 
 3.909996e+01  9.570029e-03 
 3.910036e+01  9.594412e-03 
 3.910076e+01  9.617616e-03 
 3.910116e+01  9.639711e-03 
 3.910155e+01  9.660739e-03 
 3.910195e+01  9.680707e-03 
 3.910235e+01  9.699690e-03 
 3.910275e+01  9.717732e-03 
 3.910314e+01  9.734853e-03 
 3.910354e+01  9.751143e-03 
 3.910394e+01  9.766695e-03 
 3.910434e+01  9.781509e-03 
 3.910474e+01  9.795651e-03 
 3.910513e+01  9.809135e-03 
 3.910553e+01  9.822000e-03 
 3.910593e+01  9.834245e-03 
 3.910633e+01  9.845883e-03 
 3.910672e+01  9.856969e-03 
 3.910712e+01  9.867530e-03 
 3.910752e+01  9.877637e-03 
 3.910792e+01  9.887380e-03 
 3.910831e+01  9.896838e-03 
 3.910871e+01  9.906034e-03 
 3.910911e+01  9.915042e-03 
 3.910951e+01  9.923981e-03 
 3.910991e+01  9.932948e-03 
 3.911030e+01  9.942068e-03 
 3.911070e+01  9.951454e-03 
 3.911110e+01  9.961170e-03 
 3.911150e+01  9.971261e-03 
 3.911189e+01  9.981736e-03 
 3.911229e+01  9.992555e-03 
 3.911269e+01  1.000361e-02 
 3.911309e+01  1.001482e-02 
 3.911348e+01  1.002605e-02 
 3.911388e+01  1.003719e-02 
 3.911428e+01  1.004808e-02 
 3.911468e+01  1.005855e-02 
 3.911508e+01  1.006835e-02 
 3.911547e+01  1.007727e-02 
 3.911587e+01  1.008509e-02 
 3.911627e+01  1.009165e-02 
 3.911667e+01  1.009683e-02 
 3.911706e+01  1.010060e-02 
 3.911746e+01  1.010288e-02 
 3.911786e+01  1.010366e-02 
 3.911826e+01  1.010296e-02 
 3.911865e+01  1.010091e-02 
 3.911905e+01  1.009753e-02 
 3.911945e+01  1.009300e-02 
 3.911985e+01  1.008750e-02 
 3.912025e+01  1.008122e-02 
 3.912064e+01  1.007427e-02 
 3.912104e+01  1.006686e-02 
 3.912144e+01  1.005902e-02 
 3.912184e+01  1.005078e-02 
 3.912223e+01  1.004208e-02 
 3.912263e+01  1.003287e-02 
 3.912303e+01  1.002309e-02 
 3.912343e+01  1.001268e-02 
 3.912382e+01  1.000164e-02 
 3.912422e+01  9.990022e-03 
 3.912462e+01  9.977845e-03 
 3.912502e+01  9.965179e-03 
 3.912542e+01  9.952149e-03 
 3.912581e+01  9.938836e-03 
 3.912621e+01  9.925275e-03 
 3.912661e+01  9.911562e-03 
 3.912701e+01  9.897797e-03 
 3.912740e+01  9.884010e-03 
 3.912780e+01  9.870346e-03 
 3.912820e+01  9.856926e-03 
 3.912860e+01  9.843849e-03 
 3.912899e+01  9.831221e-03 
 3.912939e+01  9.819083e-03 
 3.912979e+01  9.807426e-03 
 3.913019e+01  9.796175e-03 
 3.913059e+01  9.785134e-03 
 3.913098e+01  9.774099e-03 
 3.913138e+01  9.762854e-03 
 3.913178e+01  9.751219e-03 
 3.913218e+01  9.739095e-03 
 3.913257e+01  9.726402e-03 
 3.913297e+01  9.713082e-03 
 3.913337e+01  9.699161e-03 
 3.913377e+01  9.684607e-03 
 3.913416e+01  9.669450e-03 
 3.913456e+01  9.653781e-03 
 3.913496e+01  9.637616e-03 
 3.913536e+01  9.621083e-03 
 3.913576e+01  9.604323e-03 
 3.913615e+01  9.587505e-03 
 3.913655e+01  9.570780e-03 
 3.913695e+01  9.554254e-03 
 3.913735e+01  9.538019e-03 
 3.913774e+01  9.522099e-03 
 3.913814e+01  9.506472e-03 
 3.913854e+01  9.491155e-03 
 3.913894e+01  9.476094e-03 
 3.913933e+01  9.461166e-03 
 3.913973e+01  9.446258e-03 
 3.914013e+01  9.431242e-03 
 3.914053e+01  9.415958e-03 
 3.914093e+01  9.400279e-03 
 3.914132e+01  9.384210e-03 
 3.914172e+01  9.367791e-03 
 3.914212e+01  9.351096e-03 
 3.914252e+01  9.334215e-03 
 3.914291e+01  9.317266e-03 
 3.914331e+01  9.300326e-03 
 3.914371e+01  9.283426e-03 
 3.914411e+01  9.266633e-03 
 3.914450e+01  9.250052e-03 
 3.914490e+01  9.233853e-03 
 3.914530e+01  9.218216e-03 
 3.914570e+01  9.203352e-03 
 3.914610e+01  9.189490e-03 
 3.914649e+01  9.176788e-03 
 3.914689e+01  9.165297e-03 
 3.914729e+01  9.155035e-03 
 3.914769e+01  9.145974e-03 
 3.914808e+01  9.138042e-03 
 3.914848e+01  9.131156e-03 
 3.914888e+01  9.125251e-03 
 3.914928e+01  9.120197e-03 
 3.914967e+01  9.115946e-03 
 3.915007e+01  9.112379e-03 
 3.915047e+01  9.109371e-03 
 3.915087e+01  9.106842e-03 
 3.915127e+01  9.104739e-03 
 3.915166e+01  9.103025e-03 
 3.915206e+01  9.101740e-03 
 3.915246e+01  9.100866e-03 
 3.915286e+01  9.100432e-03 
 3.915325e+01  9.100454e-03 
 3.915365e+01  9.100933e-03 
 3.915405e+01  9.101815e-03 
 3.915445e+01  9.103055e-03 
 3.915484e+01  9.104586e-03 
 3.915524e+01  9.106340e-03 
 3.915564e+01  9.108293e-03 
 3.915604e+01  9.110400e-03 
 3.915644e+01  9.112575e-03 
 3.915683e+01  9.114697e-03 
 3.915723e+01  9.116641e-03 
 3.915763e+01  9.118362e-03 
 3.915803e+01  9.119761e-03 
 3.915842e+01  9.120784e-03 
 3.915882e+01  9.121411e-03 
 3.915922e+01  9.121614e-03 
 3.915962e+01  9.121443e-03 
 3.916001e+01  9.120941e-03 
 3.916041e+01  9.120184e-03 
 3.916081e+01  9.119307e-03 
 3.916121e+01  9.118433e-03 
 3.916161e+01  9.117714e-03 
 3.916200e+01  9.117340e-03 
 3.916240e+01  9.117477e-03 
 3.916280e+01  9.118181e-03 
 3.916320e+01  9.119570e-03 
 3.916359e+01  9.121759e-03 
 3.916399e+01  9.124800e-03 
 3.916439e+01  9.128801e-03 
 3.916479e+01  9.133816e-03 
 3.916518e+01  9.139857e-03 
 3.916558e+01  9.146888e-03 
 3.916598e+01  9.154826e-03 
 3.916638e+01  9.163586e-03 
 3.916678e+01  9.173009e-03 
 3.916717e+01  9.183047e-03 
 3.916757e+01  9.193650e-03 
 3.916797e+01  9.204827e-03 
 3.916837e+01  9.216601e-03 
 3.916876e+01  9.228937e-03 
 3.916916e+01  9.241790e-03 
 3.916956e+01  9.255125e-03 
 3.916996e+01  9.268952e-03 
 3.917035e+01  9.283265e-03 
 3.917075e+01  9.298096e-03 
 3.917115e+01  9.313534e-03 
 3.917155e+01  9.329591e-03 
 3.917195e+01  9.346268e-03 
 3.917234e+01  9.363492e-03 
 3.917274e+01  9.381150e-03 
 3.917314e+01  9.399150e-03 
 3.917354e+01  9.417421e-03 
 3.917393e+01  9.435911e-03 
 3.917433e+01  9.454572e-03 
 3.917473e+01  9.473399e-03 
 3.917513e+01  9.492390e-03 
 3.917552e+01  9.511504e-03 
 3.917592e+01  9.530698e-03 
 3.917632e+01  9.549961e-03 
 3.917672e+01  9.569275e-03 
 3.917712e+01  9.588686e-03 
 3.917751e+01  9.608192e-03 
 3.917791e+01  9.627846e-03 
 3.917831e+01  9.647664e-03 
 3.917871e+01  9.667604e-03 
 3.917910e+01  9.687734e-03 
 3.917950e+01  9.708105e-03 
 3.917990e+01  9.728845e-03 
 3.918030e+01  9.750074e-03 
 3.918069e+01  9.771971e-03 
 3.918109e+01  9.794641e-03 
 3.918149e+01  9.818098e-03 
 3.918189e+01  9.842269e-03 
 3.918229e+01  9.867051e-03 
 3.918268e+01  9.892284e-03 
 3.918308e+01  9.917795e-03 
 3.918348e+01  9.943464e-03 
 3.918388e+01  9.969211e-03 
 3.918427e+01  9.994987e-03 
 3.918467e+01  1.002072e-02 
 3.918507e+01  1.004634e-02 
 3.918547e+01  1.007177e-02 
 3.918586e+01  1.009691e-02 
 3.918626e+01  1.012169e-02 
 3.918666e+01  1.014616e-02 
 3.918706e+01  1.017036e-02 
 3.918746e+01  1.019433e-02 
 3.918785e+01  1.021814e-02 
 3.918825e+01  1.024184e-02 
 3.918865e+01  1.026549e-02 
 3.918905e+01  1.028913e-02 
 3.918944e+01  1.031282e-02 
 3.918984e+01  1.033660e-02 
 3.919024e+01  1.036045e-02 
 3.919064e+01  1.038437e-02 
 3.919103e+01  1.040829e-02 
 3.919143e+01  1.043214e-02 
 3.919183e+01  1.045577e-02 
 3.919223e+01  1.047905e-02 
 3.919263e+01  1.050192e-02 
 3.919302e+01  1.052429e-02 
 3.919342e+01  1.054615e-02 
 3.919382e+01  1.056745e-02 
 3.919422e+01  1.058812e-02 
 3.919461e+01  1.060803e-02 
 3.919501e+01  1.062712e-02 
 3.919541e+01  1.064538e-02 
 3.919581e+01  1.066288e-02 
 3.919621e+01  1.067971e-02 
 3.919660e+01  1.069607e-02 
 3.919700e+01  1.071218e-02 
 3.919740e+01  1.072819e-02 
 3.919780e+01  1.074425e-02 
 3.919819e+01  1.076041e-02 
 3.919859e+01  1.077664e-02 
 3.919899e+01  1.079292e-02 
 3.919939e+01  1.080920e-02 
 3.919978e+01  1.082539e-02 
 3.920018e+01  1.084141e-02 
 3.920058e+01  1.085711e-02 
 3.920098e+01  1.087233e-02 
 3.920138e+01  1.088703e-02 
 3.920177e+01  1.090105e-02 
 3.920217e+01  1.091434e-02 
 3.920257e+01  1.092684e-02 
 3.920297e+01  1.093854e-02 
 3.920336e+01  1.094942e-02 
 3.920376e+01  1.095945e-02 
 3.920416e+01  1.096868e-02 
 3.920456e+01  1.097707e-02 
 3.920495e+01  1.098467e-02 
 3.920535e+01  1.099160e-02 
 3.920575e+01  1.099791e-02 
 3.920615e+01  1.100368e-02 
 3.920655e+01  1.100896e-02 
 3.920694e+01  1.101382e-02 
 3.920734e+01  1.101824e-02 
 3.920774e+01  1.102222e-02 
 3.920814e+01  1.102570e-02 
 3.920853e+01  1.102866e-02 
 3.920893e+01  1.103111e-02 
 3.920933e+01  1.103299e-02 
 3.920973e+01  1.103421e-02 
 3.921012e+01  1.103467e-02 
 3.921052e+01  1.103419e-02 
 3.921092e+01  1.103264e-02 
 3.921132e+01  1.102996e-02 
 3.921172e+01  1.102610e-02 
 3.921211e+01  1.102116e-02 
 3.921251e+01  1.101525e-02 
 3.921291e+01  1.100847e-02 
 3.921331e+01  1.100095e-02 
 3.921370e+01  1.099278e-02 
 3.921410e+01  1.098402e-02 
 3.921450e+01  1.097475e-02 
 3.921490e+01  1.096501e-02 
 3.921529e+01  1.095486e-02 
 3.921569e+01  1.094437e-02 
 3.921609e+01  1.093352e-02 
 3.921649e+01  1.092230e-02 
 3.921689e+01  1.091060e-02 
 3.921728e+01  1.089835e-02 
 3.921768e+01  1.088544e-02 
 3.921808e+01  1.087178e-02 
 3.921848e+01  1.085735e-02 
 3.921887e+01  1.084216e-02 
 3.921927e+01  1.082624e-02 
 3.921967e+01  1.080953e-02 
 3.922007e+01  1.079201e-02 
 3.922046e+01  1.077365e-02 
 3.922086e+01  1.075440e-02 
 3.922126e+01  1.073431e-02 
 3.922166e+01  1.071349e-02 
 3.922206e+01  1.069209e-02 
 3.922245e+01  1.067029e-02 
 3.922285e+01  1.064828e-02 
 3.922325e+01  1.062616e-02 
 3.922365e+01  1.060398e-02 
 3.922404e+01  1.058183e-02 
 3.922444e+01  1.055972e-02 
 3.922484e+01  1.053770e-02 
 3.922524e+01  1.051580e-02 
 3.922563e+01  1.049407e-02 
 3.922603e+01  1.047256e-02 
 3.922643e+01  1.045120e-02 
 3.922683e+01  1.042998e-02 
 3.922723e+01  1.040878e-02 
 3.922762e+01  1.038760e-02 
 3.922802e+01  1.036639e-02 
 3.922842e+01  1.034525e-02 
 3.922882e+01  1.032425e-02 
 3.922921e+01  1.030348e-02 
 3.922961e+01  1.028304e-02 
 3.923001e+01  1.026297e-02 
 3.923041e+01  1.024341e-02 
 3.923080e+01  1.022447e-02 
 3.923120e+01  1.020629e-02 
 3.923160e+01  1.018899e-02 
 3.923200e+01  1.017270e-02 
 3.923240e+01  1.015742e-02 
 3.923279e+01  1.014314e-02 
 3.923319e+01  1.012970e-02 
 3.923359e+01  1.011688e-02 
 3.923399e+01  1.010441e-02 
 3.923438e+01  1.009204e-02 
 3.923478e+01  1.007961e-02 
 3.923518e+01  1.006694e-02 
 3.923558e+01  1.005386e-02 
 3.923597e+01  1.004031e-02 
 3.923637e+01  1.002618e-02 
 3.923677e+01  1.001138e-02 
 3.923717e+01  9.995871e-03 
 3.923757e+01  9.979576e-03 
 3.923796e+01  9.962466e-03 
 3.923836e+01  9.944488e-03 
 3.923876e+01  9.925641e-03 
 3.923916e+01  9.905972e-03 
 3.923955e+01  9.885536e-03 
 3.923995e+01  9.864378e-03 
 3.924035e+01  9.842650e-03 
 3.924075e+01  9.820478e-03 
 3.924114e+01  9.797943e-03 
 3.924154e+01  9.775134e-03 
 3.924194e+01  9.752144e-03 
 3.924234e+01  9.728976e-03 
 3.924274e+01  9.705675e-03 
 3.924313e+01  9.682298e-03 
 3.924353e+01  9.658951e-03 
 3.924393e+01  9.635706e-03 
 3.924433e+01  9.612667e-03 
 3.924472e+01  9.589895e-03 
 3.924512e+01  9.567451e-03 
 3.924552e+01  9.545359e-03 
 3.924592e+01  9.523656e-03 
 3.924631e+01  9.502358e-03 
 3.924671e+01  9.481508e-03 
 3.924711e+01  9.461134e-03 
 3.924751e+01  9.441339e-03 
 3.924791e+01  9.422247e-03 
 3.924830e+01  9.403961e-03 
 3.924870e+01  9.386562e-03 
 3.924910e+01  9.370153e-03 
 3.924950e+01  9.354763e-03 
 3.924989e+01  9.340380e-03 
 3.925029e+01  9.326984e-03 
 3.925069e+01  9.314550e-03 
 3.925109e+01  9.302982e-03 
 3.925148e+01  9.292149e-03 
 3.925188e+01  9.281933e-03 
 3.925228e+01  9.272174e-03 
 3.925268e+01  9.262808e-03 
 3.925308e+01  9.253744e-03 
 3.925347e+01  9.244946e-03 
 3.925387e+01  9.236397e-03 
 3.925427e+01  9.227997e-03 
 3.925467e+01  9.219738e-03 
 3.925506e+01  9.211482e-03 
 3.925546e+01  9.203169e-03 
 3.925586e+01  9.194743e-03 
 3.925626e+01  9.186153e-03 
 3.925665e+01  9.177456e-03 
 3.925705e+01  9.168709e-03 
 3.925745e+01  9.159951e-03 
 3.925785e+01  9.151272e-03 
 3.925825e+01  9.142713e-03 
 3.925864e+01  9.134342e-03 
 3.925904e+01  9.126232e-03 
 3.925944e+01  9.118465e-03 
 3.925984e+01  9.111115e-03 
 3.926023e+01  9.104218e-03 
 3.926063e+01  9.097784e-03 
 3.926103e+01  9.091914e-03 
 3.926143e+01  9.086623e-03 
 3.926182e+01  9.081912e-03 
 3.926222e+01  9.077830e-03 
 3.926262e+01  9.074400e-03 
 3.926302e+01  9.071674e-03 
 3.926342e+01  9.069755e-03 
 3.926381e+01  9.068672e-03 
 3.926421e+01  9.068521e-03 
 3.926461e+01  9.069344e-03 
 3.926501e+01  9.071143e-03 
 3.926540e+01  9.073994e-03 
 3.926580e+01  9.077898e-03 
 3.926620e+01  9.082867e-03 
 3.926660e+01  9.088860e-03 
 3.926699e+01  9.095827e-03 
 3.926739e+01  9.103732e-03 
 3.926779e+01  9.112623e-03 
 3.926819e+01  9.122516e-03 
 3.926859e+01  9.133396e-03 
 3.926898e+01  9.145242e-03 
 3.926938e+01  9.158019e-03 
 3.926978e+01  9.171693e-03 
 3.927018e+01  9.186183e-03 
 3.927057e+01  9.201380e-03 
 3.927097e+01  9.217169e-03 
 3.927137e+01  9.233373e-03 
 3.927177e+01  9.249884e-03 
 3.927216e+01  9.266615e-03 
 3.927256e+01  9.283539e-03 
 3.927296e+01  9.300603e-03 
 3.927336e+01  9.317782e-03 
 3.927376e+01  9.335055e-03 
 3.927415e+01  9.352401e-03 
 3.927455e+01  9.369851e-03 
 3.927495e+01  9.387387e-03 
 3.927535e+01  9.405038e-03 
 3.927574e+01  9.422855e-03 
 3.927614e+01  9.440889e-03 
 3.927654e+01  9.459181e-03 
 3.927694e+01  9.477833e-03 
 3.927733e+01  9.496915e-03 
 3.927773e+01  9.516377e-03 
 3.927813e+01  9.536234e-03 
 3.927853e+01  9.556475e-03 
 3.927893e+01  9.577080e-03 
 3.927932e+01  9.597974e-03 
 3.927972e+01  9.619141e-03 
 3.928012e+01  9.640593e-03 
 3.928052e+01  9.662292e-03 
 3.928091e+01  9.684295e-03 
 3.928131e+01  9.706598e-03 
 3.928171e+01  9.729298e-03 
 3.928211e+01  9.752502e-03 
 3.928250e+01  9.776323e-03 
 3.928290e+01  9.800893e-03 
 3.928330e+01  9.826258e-03 
 3.928370e+01  9.852441e-03 
 3.928410e+01  9.879501e-03 
 3.928449e+01  9.907417e-03 
 3.928489e+01  9.936182e-03 
 3.928529e+01  9.965757e-03 
 3.928569e+01  9.996103e-03 
 3.928608e+01  1.002717e-02 
 3.928648e+01  1.005889e-02 
 3.928688e+01  1.009115e-02 
 3.928728e+01  1.012387e-02 
 3.928767e+01  1.015682e-02 
 3.928807e+01  1.018986e-02 
 3.928847e+01  1.022280e-02 
 3.928887e+01  1.025543e-02 
 3.928927e+01  1.028756e-02 
 3.928966e+01  1.031906e-02 
 3.929006e+01  1.034979e-02 
 3.929046e+01  1.037964e-02 
 3.929086e+01  1.040853e-02 
 3.929125e+01  1.043649e-02 
 3.929165e+01  1.046358e-02 
 3.929205e+01  1.048984e-02 
 3.929245e+01  1.051531e-02 
 3.929285e+01  1.054003e-02 
 3.929324e+01  1.056397e-02 
 3.929364e+01  1.058706e-02 
 3.929404e+01  1.060923e-02 
 3.929444e+01  1.063047e-02 
 3.929483e+01  1.065074e-02 
 3.929523e+01  1.066999e-02 
 3.929563e+01  1.068814e-02 
 3.929603e+01  1.070522e-02 
 3.929642e+01  1.072116e-02 
 3.929682e+01  1.073585e-02 
 3.929722e+01  1.074924e-02 
 3.929762e+01  1.076124e-02 
 3.929802e+01  1.077184e-02 
 3.929841e+01  1.078111e-02 
 3.929881e+01  1.078915e-02 
 3.929921e+01  1.079612e-02 
 3.929961e+01  1.080216e-02 
 3.930000e+01  1.080743e-02 
 3.930040e+01  1.081213e-02 
 3.930080e+01  1.081648e-02 
 3.930120e+01  1.082060e-02 
 3.930159e+01  1.082460e-02 
 3.930199e+01  1.082858e-02 
 3.930239e+01  1.083260e-02 
 3.930279e+01  1.083667e-02 
 3.930319e+01  1.084085e-02 
 3.930358e+01  1.084517e-02 
 3.930398e+01  1.084970e-02 
 3.930438e+01  1.085446e-02 
 3.930478e+01  1.085948e-02 
 3.930517e+01  1.086481e-02 
 3.930557e+01  1.087039e-02 
 3.930597e+01  1.087613e-02 
 3.930637e+01  1.088187e-02 
 3.930676e+01  1.088743e-02 
 3.930716e+01  1.089263e-02 
 3.930756e+01  1.089731e-02 
 3.930796e+01  1.090139e-02 
 3.930836e+01  1.090477e-02 
 3.930875e+01  1.090739e-02 
 3.930915e+01  1.090928e-02 
 3.930955e+01  1.091045e-02 
 3.930995e+01  1.091091e-02 
 3.931034e+01  1.091061e-02 
 3.931074e+01  1.090948e-02 
 3.931114e+01  1.090734e-02 
 3.931154e+01  1.090410e-02 
 3.931193e+01  1.089966e-02 
 3.931233e+01  1.089389e-02 
 3.931273e+01  1.088667e-02 
 3.931313e+01  1.087795e-02 
 3.931353e+01  1.086770e-02 
 3.931392e+01  1.085593e-02 
 3.931432e+01  1.084265e-02 
 3.931472e+01  1.082792e-02 
 3.931512e+01  1.081177e-02 
 3.931551e+01  1.079425e-02 
 3.931591e+01  1.077551e-02 
 3.931631e+01  1.075572e-02 
 3.931671e+01  1.073505e-02 
 3.931710e+01  1.071365e-02 
 3.931750e+01  1.069166e-02 
 3.931790e+01  1.066921e-02 
 3.931830e+01  1.064643e-02 
 3.931870e+01  1.062341e-02 
 3.931909e+01  1.060030e-02 
 3.931949e+01  1.057728e-02 
 3.931989e+01  1.055448e-02 
 3.932029e+01  1.053206e-02 
 3.932068e+01  1.051013e-02 
 3.932108e+01  1.048875e-02 
 3.932148e+01  1.046795e-02 
 3.932188e+01  1.044769e-02 
 3.932227e+01  1.042794e-02 
 3.932267e+01  1.040862e-02 
 3.932307e+01  1.038964e-02 
 3.932347e+01  1.037094e-02 
 3.932387e+01  1.035244e-02 
 3.932426e+01  1.033407e-02 
 3.932466e+01  1.031577e-02 
 3.932506e+01  1.029753e-02 
 3.932546e+01  1.027935e-02 
 3.932585e+01  1.026128e-02 
 3.932625e+01  1.024331e-02 
 3.932665e+01  1.022540e-02 
 3.932705e+01  1.020747e-02 
 3.932744e+01  1.018938e-02 
 3.932784e+01  1.017106e-02 
 3.932824e+01  1.015236e-02 
 3.932864e+01  1.013315e-02 
 3.932904e+01  1.011333e-02 
 3.932943e+01  1.009283e-02 
 3.932983e+01  1.007158e-02 
 3.933023e+01  1.004956e-02 
 3.933063e+01  1.002674e-02 
 3.933102e+01  1.000305e-02 
 3.933142e+01  9.978526e-03 
 3.933182e+01  9.953142e-03 
 3.933222e+01  9.926950e-03 
 3.933261e+01  9.899984e-03 
 3.933301e+01  9.872297e-03 
 3.933341e+01  9.844054e-03 
 3.933381e+01  9.815407e-03 
 3.933421e+01  9.786472e-03 
 3.933460e+01  9.757379e-03 
 3.933500e+01  9.728220e-03 
 3.933540e+01  9.699029e-03 
 3.933580e+01  9.669882e-03 
 3.933619e+01  9.640915e-03 
 3.933659e+01  9.612239e-03 
 3.933699e+01  9.583966e-03 
 3.933739e+01  9.556268e-03 
 3.933778e+01  9.529301e-03 
 3.933818e+01  9.503212e-03 
 3.933858e+01  9.478120e-03 
 3.933898e+01  9.454022e-03 
 3.933938e+01  9.430838e-03 
 3.933977e+01  9.408454e-03 
 3.934017e+01  9.386781e-03 
 3.934057e+01  9.365646e-03 
 3.934097e+01  9.344919e-03 
 3.934136e+01  9.324443e-03 
 3.934176e+01  9.304082e-03 
 3.934216e+01  9.283777e-03 
 3.934256e+01  9.263504e-03 
 3.934295e+01  9.243300e-03 
 3.934335e+01  9.223099e-03 
 3.934375e+01  9.202853e-03 
 3.934415e+01  9.182520e-03 
 3.934455e+01  9.162089e-03 
 3.934494e+01  9.141462e-03 
 3.934534e+01  9.120661e-03 
 3.934574e+01  9.099673e-03 
 3.934614e+01  9.078464e-03 
 3.934653e+01  9.057027e-03 
 3.934693e+01  9.035345e-03 
 3.934733e+01  9.013401e-03 
 3.934773e+01  8.991188e-03 
 3.934812e+01  8.968705e-03 
 3.934852e+01  8.945939e-03 
 3.934892e+01  8.922899e-03 
 3.934932e+01  8.899582e-03 
 3.934972e+01  8.875915e-03 
 3.935011e+01  8.851870e-03 
 3.935051e+01  8.827333e-03 
 3.935091e+01  8.802297e-03 
 3.935131e+01  8.776784e-03 
 3.935170e+01  8.750835e-03 
 3.935210e+01  8.724592e-03 
 3.935250e+01  8.698178e-03 
 3.935290e+01  8.671765e-03 
 3.935329e+01  8.645516e-03 
 3.935369e+01  8.619616e-03 
 3.935409e+01  8.594196e-03 
 3.935449e+01  8.569416e-03 
 3.935489e+01  8.545427e-03 
 3.935528e+01  8.522351e-03 
 3.935568e+01  8.500366e-03 
 3.935608e+01  8.479566e-03 
 3.935648e+01  8.460033e-03 
 3.935687e+01  8.441776e-03 
 3.935727e+01  8.424778e-03 
 3.935767e+01  8.409036e-03 
 3.935807e+01  8.394515e-03 
 3.935846e+01  8.381181e-03 
 3.935886e+01  8.369021e-03 
 3.935926e+01  8.357998e-03 
 3.935966e+01  8.348120e-03 
 3.936006e+01  8.339425e-03 
 3.936045e+01  8.331973e-03 
 3.936085e+01  8.325784e-03 
 3.936125e+01  8.320901e-03 
 3.936165e+01  8.317347e-03 
 3.936204e+01  8.315141e-03 
 3.936244e+01  8.314242e-03 
 3.936284e+01  8.314517e-03 
 3.936324e+01  8.315788e-03 
 3.936363e+01  8.317918e-03 
 3.936403e+01  8.320779e-03 
 3.936443e+01  8.324301e-03 
 3.936483e+01  8.328422e-03 
 3.936523e+01  8.333094e-03 
 3.936562e+01  8.338218e-03 
 3.936602e+01  8.343632e-03 
 3.936642e+01  8.349159e-03 
 3.936682e+01  8.354622e-03 
 3.936721e+01  8.359878e-03 
 3.936761e+01  8.364833e-03 
 3.936801e+01  8.369373e-03 
 3.936841e+01  8.373474e-03 
 3.936880e+01  8.377125e-03 
 3.936920e+01  8.380339e-03 
 3.936960e+01  8.383180e-03 
 3.937000e+01  8.385738e-03 
 3.937040e+01  8.388151e-03 
 3.937079e+01  8.390591e-03 
 3.937119e+01  8.393234e-03 
 3.937159e+01  8.396281e-03 
 3.937199e+01  8.399870e-03 
 3.937238e+01  8.404065e-03 
 3.937278e+01  8.408974e-03 
 3.937318e+01  8.414667e-03 
 3.937358e+01  8.421241e-03 
 3.937397e+01  8.428787e-03 
 3.937437e+01  8.437354e-03 
 3.937477e+01  8.446989e-03 
 3.937517e+01  8.457710e-03 
 3.937557e+01  8.469562e-03 
 3.937596e+01  8.482593e-03 
 3.937636e+01  8.496893e-03 
 3.937676e+01  8.512538e-03 
 3.937716e+01  8.529620e-03 
 3.937755e+01  8.548228e-03 
 3.937795e+01  8.568409e-03 
 3.937835e+01  8.590135e-03 
 3.937875e+01  8.613278e-03 
 3.937914e+01  8.637742e-03 
 3.937954e+01  8.663469e-03 
 3.937994e+01  8.690433e-03 
 3.938034e+01  8.718571e-03 
 3.938074e+01  8.747792e-03 
 3.938113e+01  8.777981e-03 
 3.938153e+01  8.809000e-03 
 3.938193e+01  8.840635e-03 
 3.938233e+01  8.872604e-03 
 3.938272e+01  8.904627e-03 
 3.938312e+01  8.936399e-03 
 3.938352e+01  8.967631e-03 
 3.938392e+01  8.998103e-03 
 3.938432e+01  9.027696e-03 
 3.938471e+01  9.056331e-03 
 3.938511e+01  9.083942e-03 
 3.938551e+01  9.110551e-03 
 3.938591e+01  9.136232e-03 
 3.938630e+01  9.161112e-03 
 3.938670e+01  9.185268e-03 
 3.938710e+01  9.208850e-03 
 3.938750e+01  9.231943e-03 
 3.938789e+01  9.254624e-03 
 3.938829e+01  9.276937e-03 
 3.938869e+01  9.299021e-03 
 3.938909e+01  9.321000e-03 
 3.938949e+01  9.342990e-03 
 3.938988e+01  9.365059e-03 
 3.939028e+01  9.387244e-03 
 3.939068e+01  9.409538e-03 
 3.939108e+01  9.431854e-03 
 3.939147e+01  9.454103e-03 
 3.939187e+01  9.476189e-03 
 3.939227e+01  9.498018e-03 
 3.939267e+01  9.519622e-03 
 3.939306e+01  9.541010e-03 
 3.939346e+01  9.562255e-03 
 3.939386e+01  9.583420e-03 
 3.939426e+01  9.604503e-03 
 3.939466e+01  9.625423e-03 
 3.939505e+01  9.646185e-03 
 3.939545e+01  9.666737e-03 
 3.939585e+01  9.687007e-03 
 3.939625e+01  9.707006e-03 
 3.939664e+01  9.726676e-03 
 3.939704e+01  9.745956e-03 
 3.939744e+01  9.764817e-03 
 3.939784e+01  9.783246e-03 
 3.939823e+01  9.801180e-03 
 3.939863e+01  9.818508e-03 
 3.939903e+01  9.835197e-03 
 3.939943e+01  9.851171e-03 
 3.939983e+01  9.866352e-03 
 3.940022e+01  9.880644e-03 
 3.940062e+01  9.893918e-03 
 3.940102e+01  9.906041e-03 
 3.940142e+01  9.916902e-03 
 3.940181e+01  9.926476e-03 
 3.940221e+01  9.934776e-03 
 3.940261e+01  9.941797e-03 
 3.940301e+01  9.947596e-03 
 3.940340e+01  9.952226e-03 
 3.940380e+01  9.955727e-03 
 3.940420e+01  9.958084e-03 
 3.940460e+01  9.959298e-03 
 3.940500e+01  9.959363e-03 
 3.940539e+01  9.958254e-03 
 3.940579e+01  9.956046e-03 
 3.940619e+01  9.952770e-03 
 3.940659e+01  9.948543e-03 
 3.940698e+01  9.943425e-03 
 3.940738e+01  9.937457e-03 
 3.940778e+01  9.930737e-03 
 3.940818e+01  9.923351e-03 
 3.940857e+01  9.915327e-03 
 3.940897e+01  9.906758e-03 
 3.940937e+01  9.897703e-03 
 3.940977e+01  9.888183e-03 
 3.941017e+01  9.878188e-03 
 3.941056e+01  9.867767e-03 
 3.941096e+01  9.856981e-03 
 3.941136e+01  9.845914e-03 
 3.941176e+01  9.834645e-03 
 3.941215e+01  9.823289e-03 
 3.941255e+01  9.811975e-03 
 3.941295e+01  9.800778e-03 
 3.941335e+01  9.789780e-03 
 3.941374e+01  9.778977e-03 
 3.941414e+01  9.768370e-03 
 3.941454e+01  9.757895e-03 
 3.941494e+01  9.747564e-03 
 3.941534e+01  9.737401e-03 
 3.941573e+01  9.727438e-03 
 3.941613e+01  9.717679e-03 
 3.941653e+01  9.708094e-03 
 3.941693e+01  9.698714e-03 
 3.941732e+01  9.689527e-03 
 3.941772e+01  9.680515e-03 
 3.941812e+01  9.671672e-03 
 3.941852e+01  9.662905e-03 
 3.941891e+01  9.654071e-03 
 3.941931e+01  9.645067e-03 
 3.941971e+01  9.635777e-03 
 3.942011e+01  9.626076e-03 
 3.942051e+01  9.615834e-03 
 3.942090e+01  9.604976e-03 
 3.942130e+01  9.593479e-03 
 3.942170e+01  9.581351e-03 
 3.942210e+01  9.568606e-03 
 3.942249e+01  9.555183e-03 
 3.942289e+01  9.540979e-03 
 3.942329e+01  9.525948e-03 
 3.942369e+01  9.510034e-03 
 3.942408e+01  9.493215e-03 
 3.942448e+01  9.475499e-03 
 3.942488e+01  9.456863e-03 
 3.942528e+01  9.437379e-03 
 3.942568e+01  9.417104e-03 
 3.942607e+01  9.396102e-03 
 3.942647e+01  9.374463e-03 
 3.942687e+01  9.352204e-03 
 3.942727e+01  9.329439e-03 
 3.942766e+01  9.306261e-03 
 3.942806e+01  9.282835e-03 
 3.942846e+01  9.259307e-03 
 3.942886e+01  9.235821e-03 
 3.942925e+01  9.212421e-03 
 3.942965e+01  9.189139e-03 
 3.943005e+01  9.166025e-03 
 3.943045e+01  9.143133e-03 
 3.943085e+01  9.120506e-03 
 3.943124e+01  9.098272e-03 
 3.943164e+01  9.076575e-03 
 3.943204e+01  9.055517e-03 
 3.943244e+01  9.035197e-03 
 3.943283e+01  9.015739e-03 
 3.943323e+01  8.997166e-03 
 3.943363e+01  8.979430e-03 
 3.943403e+01  8.962474e-03 
 3.943442e+01  8.946202e-03 
 3.943482e+01  8.930500e-03 
 3.943522e+01  8.915205e-03 
 3.943562e+01  8.900162e-03 
 3.943602e+01  8.885198e-03 
 3.943641e+01  8.870130e-03 
 3.943681e+01  8.854848e-03 
 3.943721e+01  8.839291e-03 
 3.943761e+01  8.823387e-03 
 3.943800e+01  8.807063e-03 
 3.943840e+01  8.790251e-03 
 3.943880e+01  8.772899e-03 
 3.943920e+01  8.754977e-03 
 3.943959e+01  8.736488e-03 
 3.943999e+01  8.717516e-03 
 3.944039e+01  8.698124e-03 
 3.944079e+01  8.678436e-03 
 3.944119e+01  8.658624e-03 
 3.944158e+01  8.638856e-03 
 3.944198e+01  8.619223e-03 
 3.944238e+01  8.599750e-03 
 3.944278e+01  8.580488e-03 
 3.944317e+01  8.561454e-03 
 3.944357e+01  8.542651e-03 
 3.944397e+01  8.524159e-03 
 3.944437e+01  8.505987e-03 
 3.944476e+01  8.488128e-03 
 3.944516e+01  8.470609e-03 
 3.944556e+01  8.453429e-03 
 3.944596e+01  8.436578e-03 
 3.944636e+01  8.419980e-03 
 3.944675e+01  8.403586e-03 
 3.944715e+01  8.387330e-03 
 3.944755e+01  8.371171e-03 
 3.944795e+01  8.355119e-03 
 3.944834e+01  8.339163e-03 
 3.944874e+01  8.323404e-03 
 3.944914e+01  8.307965e-03 
 3.944954e+01  8.292965e-03 
 3.944993e+01  8.278578e-03 
 3.945033e+01  8.264913e-03 
 3.945073e+01  8.252017e-03 
 3.945113e+01  8.239769e-03 
 3.945153e+01  8.228009e-03 
 3.945192e+01  8.216594e-03 
 3.945232e+01  8.205307e-03 
 3.945272e+01  8.194064e-03 
 3.945312e+01  8.182813e-03 
 3.945351e+01  8.171552e-03 
 3.945391e+01  8.160308e-03 
 3.945431e+01  8.149145e-03 
 3.945471e+01  8.138122e-03 
 3.945510e+01  8.127310e-03 
 3.945550e+01  8.116695e-03 
 3.945590e+01  8.106320e-03 
 3.945630e+01  8.096206e-03 
 3.945670e+01  8.086445e-03 
 3.945709e+01  8.077138e-03 
 3.945749e+01  8.068369e-03 
 3.945789e+01  8.060147e-03 
 3.945829e+01  8.052537e-03 
 3.945868e+01  8.045638e-03 
 3.945908e+01  8.039575e-03 
 3.945948e+01  8.034418e-03 
 3.945988e+01  8.030243e-03 
 3.946027e+01  8.027043e-03 
 3.946067e+01  8.024782e-03 
 3.946107e+01  8.023460e-03 
 3.946147e+01  8.023050e-03 
 3.946187e+01  8.023459e-03 
 3.946226e+01  8.024647e-03 
 3.946266e+01  8.026569e-03 
 3.946306e+01  8.029207e-03 
 3.946346e+01  8.032553e-03 
 3.946385e+01  8.036575e-03 
 3.946425e+01  8.041241e-03 
 3.946465e+01  8.046498e-03 
 3.946505e+01  8.052378e-03 
 3.946544e+01  8.058924e-03 
 3.946584e+01  8.066193e-03 
 3.946624e+01  8.074255e-03 
 3.946664e+01  8.083149e-03 
 3.946704e+01  8.092927e-03 
 3.946743e+01  8.103616e-03 
 3.946783e+01  8.115298e-03 
 3.946823e+01  8.128042e-03 
 3.946863e+01  8.141827e-03 
 3.946902e+01  8.156655e-03 
 3.946942e+01  8.172485e-03 
 3.946982e+01  8.189281e-03 
 3.947022e+01  8.206939e-03 
 3.947061e+01  8.225393e-03 
 3.947101e+01  8.244588e-03 
 3.947141e+01  8.264453e-03 
 3.947181e+01  8.285029e-03 
 3.947221e+01  8.306401e-03 
 3.947260e+01  8.328659e-03 
 3.947300e+01  8.351811e-03 
 3.947340e+01  8.375900e-03 
 3.947380e+01  8.400889e-03 
 3.947419e+01  8.426698e-03 
 3.947459e+01  8.453257e-03 
 3.947499e+01  8.480473e-03 
 3.947539e+01  8.508184e-03 
 3.947579e+01  8.536253e-03 
 3.947618e+01  8.564581e-03 
 3.947658e+01  8.593044e-03 
 3.947698e+01  8.621512e-03 
 3.947738e+01  8.649844e-03 
 3.947777e+01  8.677939e-03 
 3.947817e+01  8.705686e-03 
 3.947857e+01  8.733035e-03 
 3.947897e+01  8.759958e-03 
 3.947936e+01  8.786399e-03 
 3.947976e+01  8.812345e-03 
 3.948016e+01  8.837753e-03 
 3.948056e+01  8.862702e-03 
 3.948096e+01  8.887243e-03 
 3.948135e+01  8.911496e-03 
 3.948175e+01  8.935617e-03 
 3.948215e+01  8.959799e-03 
 3.948255e+01  8.984242e-03 
 3.948294e+01  9.009145e-03 
 3.948334e+01  9.034690e-03 
 3.948374e+01  9.060983e-03 
 3.948414e+01  9.088119e-03 
 3.948453e+01  9.116152e-03 
 3.948493e+01  9.145155e-03 
 3.948533e+01  9.175164e-03 
 3.948573e+01  9.206132e-03 
 3.948613e+01  9.237983e-03 
 3.948652e+01  9.270606e-03 
 3.948692e+01  9.303853e-03 
 3.948732e+01  9.337590e-03 
 3.948772e+01  9.371711e-03 
 3.948811e+01  9.406160e-03 
 3.948851e+01  9.440841e-03 
 3.948891e+01  9.475698e-03 
 3.948931e+01  9.510676e-03 
 3.948970e+01  9.545624e-03 
 3.949010e+01  9.580381e-03 
 3.949050e+01  9.614829e-03 
 3.949090e+01  9.648809e-03 
 3.949130e+01  9.682170e-03 
 3.949169e+01  9.714839e-03 
 3.949209e+01  9.746751e-03 
 3.949249e+01  9.777820e-03 
 3.949289e+01  9.807972e-03 
 3.949328e+01  9.837134e-03 
 3.949368e+01  9.865271e-03 
 3.949408e+01  9.892374e-03 
 3.949448e+01  9.918466e-03 
 3.949487e+01  9.943587e-03 
 3.949527e+01  9.967775e-03 
 3.949567e+01  9.991031e-03 
 3.949607e+01  1.001341e-02 
 3.949647e+01  1.003505e-02 
 3.949686e+01  1.005600e-02 
 3.949726e+01  1.007632e-02 
 3.949766e+01  1.009605e-02 
 3.949806e+01  1.011519e-02 
 3.949845e+01  1.013375e-02 
 3.949885e+01  1.015165e-02 
 3.949925e+01  1.016894e-02 
 3.949965e+01  1.018553e-02 
 3.950004e+01  1.020149e-02 
 3.950044e+01  1.021691e-02 
 3.950084e+01  1.023194e-02 
 3.950124e+01  1.024669e-02 
 3.950164e+01  1.026114e-02 
 3.950203e+01  1.027529e-02 
 3.950243e+01  1.028907e-02 
 3.950283e+01  1.030231e-02 
 3.950323e+01  1.031484e-02 
 3.950362e+01  1.032649e-02 
 3.950402e+01  1.033720e-02 
 3.950442e+01  1.034692e-02 
 3.950482e+01  1.035566e-02 
 3.950521e+01  1.036342e-02 
 3.950561e+01  1.037021e-02 
 3.950601e+01  1.037592e-02 
 3.950641e+01  1.038051e-02 
 3.950681e+01  1.038391e-02 
 3.950720e+01  1.038600e-02 
 3.950760e+01  1.038674e-02 
 3.950800e+01  1.038606e-02 
 3.950840e+01  1.038398e-02 
 3.950879e+01  1.038053e-02 
 3.950919e+01  1.037580e-02 
 3.950959e+01  1.036994e-02 
 3.950999e+01  1.036313e-02 
 3.951038e+01  1.035556e-02 
 3.951078e+01  1.034738e-02 
 3.951118e+01  1.033877e-02 
 3.951158e+01  1.032988e-02 
 3.951198e+01  1.032080e-02 
 3.951237e+01  1.031166e-02 
 3.951277e+01  1.030257e-02 
 3.951317e+01  1.029364e-02 
 3.951357e+01  1.028498e-02 
 3.951396e+01  1.027670e-02 
 3.951436e+01  1.026887e-02 
 3.951476e+01  1.026145e-02 
 3.951516e+01  1.025442e-02 
 3.951555e+01  1.024775e-02 
 3.951595e+01  1.024137e-02 
 3.951635e+01  1.023528e-02 
 3.951675e+01  1.022940e-02 
 3.951715e+01  1.022368e-02 
 3.951754e+01  1.021796e-02 
 3.951794e+01  1.021212e-02 
 3.951834e+01  1.020612e-02 
 3.951874e+01  1.019985e-02 
 3.951913e+01  1.019323e-02 
 3.951953e+01  1.018618e-02 
 3.951993e+01  1.017872e-02 
 3.952033e+01  1.017077e-02 
 3.952072e+01  1.016224e-02 
 3.952112e+01  1.015307e-02 
 3.952152e+01  1.014316e-02 
 3.952192e+01  1.013243e-02 
 3.952232e+01  1.012083e-02 
 3.952271e+01  1.010842e-02 
 3.952311e+01  1.009522e-02 
 3.952351e+01  1.008125e-02 
 3.952391e+01  1.006653e-02 
 3.952430e+01  1.005113e-02 
 3.952470e+01  1.003512e-02 
 3.952510e+01  1.001845e-02 
 3.952550e+01  1.000123e-02 
 3.952589e+01  9.983569e-03 
 3.952629e+01  9.965552e-03 
 3.952669e+01  9.947304e-03 
 3.952709e+01  9.928907e-03 
 3.952749e+01  9.910512e-03 
 3.952788e+01  9.892174e-03 
 3.952828e+01  9.873977e-03 
 3.952868e+01  9.856021e-03 
 3.952908e+01  9.838385e-03 
 3.952947e+01  9.821073e-03 
 3.952987e+01  9.804096e-03 
 3.953027e+01  9.787436e-03 
 3.953067e+01  9.770989e-03 
 3.953106e+01  9.754660e-03 
 3.953146e+01  9.738338e-03 
 3.953186e+01  9.721939e-03 
 3.953226e+01  9.705372e-03 
 3.953266e+01  9.688561e-03 
 3.953305e+01  9.671500e-03 
 3.953345e+01  9.654131e-03 
 3.953385e+01  9.636469e-03 
 3.953425e+01  9.618563e-03 
 3.953464e+01  9.600468e-03 
 3.953504e+01  9.582233e-03 
 3.953544e+01  9.563928e-03 
 3.953584e+01  9.545683e-03 
 3.953623e+01  9.527580e-03 
 3.953663e+01  9.509686e-03 
 3.953703e+01  9.492091e-03 
 3.953743e+01  9.474827e-03 
 3.953783e+01  9.457924e-03 
 3.953822e+01  9.441474e-03 
 3.953862e+01  9.425545e-03 
 3.953902e+01  9.410127e-03 
 3.953942e+01  9.395219e-03 
 3.953981e+01  9.380819e-03 
 3.954021e+01  9.366917e-03 
 3.954061e+01  9.353446e-03 
 3.954101e+01  9.340322e-03 
 3.954140e+01  9.327496e-03 
 3.954180e+01  9.314950e-03 
 3.954220e+01  9.302655e-03 
 3.954260e+01  9.290628e-03 
 3.954300e+01  9.278872e-03 
 3.954339e+01  9.267391e-03 
 3.954379e+01  9.256202e-03 
 3.954419e+01  9.245325e-03 
 3.954459e+01  9.234813e-03 
 3.954498e+01  9.224675e-03 
 3.954538e+01  9.214853e-03 
 3.954578e+01  9.205291e-03 
 3.954618e+01  9.195900e-03 
 3.954657e+01  9.186576e-03 
 3.954697e+01  9.177174e-03 
 3.954737e+01  9.167594e-03 
 3.954777e+01  9.157809e-03 
 3.954817e+01  9.147814e-03 
 3.954856e+01  9.137589e-03 
 3.954896e+01  9.127155e-03 
 3.954936e+01  9.116534e-03 
 3.954976e+01  9.105673e-03 
 3.955015e+01  9.094551e-03 
 3.955055e+01  9.083194e-03 
 3.955095e+01  9.071631e-03 
 3.955135e+01  9.059956e-03 
 3.955174e+01  9.048325e-03 
 3.955214e+01  9.036928e-03 
 3.955254e+01  9.025934e-03 
 3.955294e+01  9.015475e-03 
 3.955334e+01  9.005650e-03 
 3.955373e+01  8.996550e-03 
 3.955413e+01  8.988211e-03 
 3.955453e+01  8.980625e-03 
 3.955493e+01  8.973803e-03 
 3.955532e+01  8.967752e-03 
 3.955572e+01  8.962470e-03 
 3.955612e+01  8.957976e-03 
 3.955652e+01  8.954314e-03 
 3.955691e+01  8.951434e-03 
 3.955731e+01  8.949302e-03 
 3.955771e+01  8.947866e-03 
 3.955811e+01  8.947023e-03 
 3.955851e+01  8.946618e-03 
 3.955890e+01  8.946488e-03 
 3.955930e+01  8.946504e-03 
 3.955970e+01  8.946561e-03 
 3.956010e+01  8.946647e-03 
 3.956049e+01  8.946758e-03 
 3.956089e+01  8.946928e-03 
 3.956129e+01  8.947220e-03 
 3.956169e+01  8.947706e-03 
 3.956208e+01  8.948429e-03 
 3.956248e+01  8.949443e-03 
 3.956288e+01  8.950768e-03 
 3.956328e+01  8.952357e-03 
 3.956368e+01  8.954234e-03 
 3.956407e+01  8.956455e-03 
 3.956447e+01  8.959100e-03 
 3.956487e+01  8.962234e-03 
 3.956527e+01  8.966017e-03 
 3.956566e+01  8.970570e-03 
 3.956606e+01  8.976071e-03 
 3.956646e+01  8.982757e-03 
 3.956686e+01  8.990779e-03 
 3.956726e+01  9.000255e-03 
 3.956765e+01  9.011271e-03 
 3.956805e+01  9.023858e-03 
 3.956845e+01  9.038022e-03 
 3.956885e+01  9.053730e-03 
 3.956924e+01  9.070957e-03 
 3.956964e+01  9.089679e-03 
 3.957004e+01  9.109850e-03 
 3.957044e+01  9.131473e-03 
 3.957083e+01  9.154434e-03 
 3.957123e+01  9.178707e-03 
 3.957163e+01  9.204188e-03 
 3.957203e+01  9.230709e-03 
 3.957243e+01  9.258169e-03 
 3.957282e+01  9.286409e-03 
 3.957322e+01  9.315286e-03 
 3.957362e+01  9.344674e-03 
 3.957402e+01  9.374477e-03 
 3.957441e+01  9.404582e-03 
 3.957481e+01  9.434879e-03 
 3.957521e+01  9.465281e-03 
 3.957561e+01  9.495730e-03 
 3.957600e+01  9.526180e-03 
 3.957640e+01  9.556626e-03 
 3.957680e+01  9.587044e-03 
 3.957720e+01  9.617451e-03 
 3.957760e+01  9.647880e-03 
 3.957799e+01  9.678336e-03 
 3.957839e+01  9.708854e-03 
 3.957879e+01  9.739452e-03 
 3.957919e+01  9.770140e-03 
 3.957958e+01  9.800939e-03 
 3.957998e+01  9.831922e-03 
 3.958038e+01  9.863186e-03 
 3.958078e+01  9.894759e-03 
 3.958117e+01  9.926663e-03 
 3.958157e+01  9.958929e-03 
 3.958197e+01  9.991579e-03 
 3.958237e+01  1.002456e-02 
 3.958277e+01  1.005782e-02 
 3.958316e+01  1.009130e-02 
 3.958356e+01  1.012488e-02 
 3.958396e+01  1.015850e-02 
 3.958436e+01  1.019202e-02 
 3.958475e+01  1.022540e-02 
 3.958515e+01  1.025856e-02 
 3.958555e+01  1.029138e-02 
 3.958595e+01  1.032380e-02 
 3.958634e+01  1.035581e-02 
 3.958674e+01  1.038732e-02 
 3.958714e+01  1.041823e-02 
 3.958754e+01  1.044843e-02 
 3.958794e+01  1.047791e-02 
 3.958833e+01  1.050661e-02 
 3.958873e+01  1.053453e-02 
 3.958913e+01  1.056173e-02 
 3.958953e+01  1.058827e-02 
 3.958992e+01  1.061424e-02 
 3.959032e+01  1.063968e-02 
 3.959072e+01  1.066462e-02 
 3.959112e+01  1.068911e-02 
 3.959151e+01  1.071311e-02 
 3.959191e+01  1.073666e-02 
 3.959231e+01  1.075975e-02 
 3.959271e+01  1.078244e-02 
 3.959311e+01  1.080476e-02 
 3.959350e+01  1.082672e-02 
 3.959390e+01  1.084840e-02 
 3.959430e+01  1.086981e-02 
 3.959470e+01  1.089093e-02 
 3.959509e+01  1.091180e-02 
 3.959549e+01  1.093252e-02 
 3.959589e+01  1.095315e-02 
 3.959629e+01  1.097374e-02 
 3.959668e+01  1.099428e-02 
 3.959708e+01  1.101474e-02 
 3.959748e+01  1.103512e-02 
 3.959788e+01  1.105542e-02 
 3.959828e+01  1.107557e-02 
 3.959867e+01  1.109555e-02 
 3.959907e+01  1.111529e-02 
 3.959947e+01  1.113470e-02 
 3.959987e+01  1.115368e-02 
 3.960026e+01  1.117202e-02 
 3.960066e+01  1.118954e-02 
 3.960106e+01  1.120598e-02 
 3.960146e+01  1.122116e-02 
 3.960185e+01  1.123493e-02 
 3.960225e+01  1.124726e-02 
 3.960265e+01  1.125802e-02 
 3.960305e+01  1.126715e-02 
 3.960345e+01  1.127462e-02 
 3.960384e+01  1.128045e-02 
 3.960424e+01  1.128467e-02 
 3.960464e+01  1.128733e-02 
 3.960504e+01  1.128850e-02 
 3.960543e+01  1.128828e-02 
 3.960583e+01  1.128680e-02 
 3.960623e+01  1.128428e-02 
 3.960663e+01  1.128087e-02 
 3.960702e+01  1.127670e-02 
 3.960742e+01  1.127194e-02 
 3.960782e+01  1.126678e-02 
 3.960822e+01  1.126138e-02 
 3.960862e+01  1.125588e-02 
 3.960901e+01  1.125031e-02 
 3.960941e+01  1.124462e-02 
 3.960981e+01  1.123879e-02 
 3.961021e+01  1.123276e-02 
 3.961060e+01  1.122644e-02 
 3.961100e+01  1.121974e-02 
 3.961140e+01  1.121264e-02 
 3.961180e+01  1.120519e-02 
 3.961219e+01  1.119745e-02 
 3.961259e+01  1.118947e-02 
 3.961299e+01  1.118131e-02 
 3.961339e+01  1.117295e-02 
 3.961379e+01  1.116437e-02 
 3.961418e+01  1.115552e-02 
 3.961458e+01  1.114630e-02 
 3.961498e+01  1.113659e-02 
 3.961538e+01  1.112625e-02 
 3.961577e+01  1.111516e-02 
 3.961617e+01  1.110330e-02 
 3.961657e+01  1.109062e-02 
 3.961697e+01  1.107709e-02 
 3.961736e+01  1.106274e-02 
 3.961776e+01  1.104763e-02 
 3.961816e+01  1.103180e-02 
 3.961856e+01  1.101524e-02 
 3.961896e+01  1.099789e-02 
 3.961935e+01  1.097975e-02 
 3.961975e+01  1.096085e-02 
 3.962015e+01  1.094116e-02 
 3.962055e+01  1.092076e-02 
 3.962094e+01  1.089981e-02 
 3.962134e+01  1.087847e-02 
 3.962174e+01  1.085691e-02 
 3.962214e+01  1.083530e-02 
 3.962253e+01  1.081379e-02 
 3.962293e+01  1.079241e-02 
 3.962333e+01  1.077117e-02 
 3.962373e+01  1.075017e-02 
 3.962413e+01  1.072954e-02 
 3.962452e+01  1.070937e-02 
 3.962492e+01  1.068963e-02 
 3.962532e+01  1.067033e-02 
 3.962572e+01  1.065142e-02 
 3.962611e+01  1.063275e-02 
 3.962651e+01  1.061416e-02 
 3.962691e+01  1.059552e-02 
 3.962731e+01  1.057672e-02 
 3.962770e+01  1.055763e-02 
 3.962810e+01  1.053820e-02 
 3.962850e+01  1.051851e-02 
 3.962890e+01  1.049857e-02 
 3.962930e+01  1.047836e-02 
 3.962969e+01  1.045791e-02 
 3.963009e+01  1.043728e-02 
 3.963049e+01  1.041649e-02 
 3.963089e+01  1.039553e-02 
 3.963128e+01  1.037440e-02 
 3.963168e+01  1.035308e-02 
 3.963208e+01  1.033151e-02 
 3.963248e+01  1.030962e-02 
 3.963287e+01  1.028739e-02 
 3.963327e+01  1.026482e-02 
 3.963367e+01  1.024189e-02 
 3.963407e+01  1.021863e-02 
 3.963447e+01  1.019503e-02 
 3.963486e+01  1.017114e-02 
 3.963526e+01  1.014699e-02 
 3.963566e+01  1.012256e-02 
 3.963606e+01  1.009790e-02 
 3.963645e+01  1.007306e-02 
 3.963685e+01  1.004808e-02 
 3.963725e+01  1.002306e-02 
 3.963765e+01  9.998038e-03 
 3.963804e+01  9.973050e-03 
 3.963844e+01  9.948082e-03 
 3.963884e+01  9.923120e-03 
 3.963924e+01  9.898153e-03 
 3.963964e+01  9.873197e-03 
 3.964003e+01  9.848271e-03 
 3.964043e+01  9.823354e-03 
 3.964083e+01  9.798408e-03 
 3.964123e+01  9.773477e-03 
 3.964162e+01  9.748575e-03 
 3.964202e+01  9.723610e-03 
 3.964242e+01  9.698512e-03 
 3.964282e+01  9.673238e-03 
 3.964321e+01  9.647760e-03 
 3.964361e+01  9.622106e-03 
 3.964401e+01  9.596295e-03 
 3.964441e+01  9.570353e-03 
 3.964481e+01  9.544323e-03 
 3.964520e+01  9.518264e-03 
 3.964560e+01  9.492268e-03 
 3.964600e+01  9.466482e-03 
 3.964640e+01  9.441044e-03 
 3.964679e+01  9.416036e-03 
 3.964719e+01  9.391611e-03 
 3.964759e+01  9.367904e-03 
 3.964799e+01  9.345004e-03 
 3.964838e+01  9.322939e-03 
 3.964878e+01  9.301799e-03 
 3.964918e+01  9.281702e-03 
 3.964958e+01  9.262674e-03 
 3.964998e+01  9.244864e-03 
 3.965037e+01  9.228347e-03 
 3.965077e+01  9.213215e-03 
 3.965117e+01  9.199443e-03 
 3.965157e+01  9.186957e-03 
 3.965196e+01  9.175775e-03 
 3.965236e+01  9.165875e-03 
 3.965276e+01  9.157221e-03 
 3.965316e+01  9.149656e-03 
 3.965355e+01  9.143162e-03 
 3.965395e+01  9.137576e-03 
 3.965435e+01  9.132704e-03 
 3.965475e+01  9.128302e-03 
 3.965515e+01  9.124231e-03 
 3.965554e+01  9.120341e-03 
 3.965594e+01  9.116499e-03 
 3.965634e+01  9.112641e-03 
 3.965674e+01  9.108744e-03 
 3.965713e+01  9.104762e-03 
 3.965753e+01  9.100648e-03 
 3.965793e+01  9.096359e-03 
 3.965833e+01  9.091890e-03 
 3.965873e+01  9.087210e-03 
 3.965912e+01  9.082382e-03 
 3.965952e+01  9.077530e-03 
 3.965992e+01  9.072812e-03 
 3.966032e+01  9.068365e-03 
 3.966071e+01  9.064260e-03 
 3.966111e+01  9.060642e-03 
 3.966151e+01  9.057589e-03 
 3.966191e+01  9.055232e-03 
 3.966230e+01  9.053639e-03 
 3.966270e+01  9.052913e-03 
 3.966310e+01  9.053198e-03 
 3.966350e+01  9.054625e-03 
 3.966390e+01  9.057297e-03 
 3.966429e+01  9.061264e-03 
 3.966469e+01  9.066555e-03 
 3.966509e+01  9.073203e-03 
 3.966549e+01  9.081187e-03 
 3.966588e+01  9.090489e-03 
 3.966628e+01  9.101107e-03 
 3.966668e+01  9.112957e-03 
 3.966708e+01  9.125861e-03 
 3.966747e+01  9.139820e-03 
 3.966787e+01  9.154729e-03 
 3.966827e+01  9.170539e-03 
 3.966867e+01  9.187215e-03 
 3.966907e+01  9.204720e-03 
 3.966946e+01  9.222978e-03 
 3.966986e+01  9.241855e-03 
 3.967026e+01  9.261228e-03 
 3.967066e+01  9.280949e-03 
 3.967105e+01  9.300821e-03 
 3.967145e+01  9.320728e-03 
 3.967185e+01  9.340592e-03 
 3.967225e+01  9.360383e-03 
 3.967264e+01  9.380126e-03 
 3.967304e+01  9.399753e-03 
 3.967344e+01  9.419321e-03 
 3.967384e+01  9.438842e-03 
 3.967424e+01  9.458349e-03 
 3.967463e+01  9.477897e-03 
 3.967503e+01  9.497510e-03 
 3.967543e+01  9.517313e-03 
 3.967583e+01  9.537383e-03 
 3.967622e+01  9.557843e-03 
 3.967662e+01  9.578729e-03 
 3.967702e+01  9.600113e-03 
 3.967742e+01  9.622012e-03 
 3.967781e+01  9.644475e-03 
 3.967821e+01  9.667542e-03 
 3.967861e+01  9.691254e-03 
 3.967901e+01  9.715671e-03 
 3.967941e+01  9.740701e-03 
 3.967980e+01  9.766302e-03 
 3.968020e+01  9.792409e-03 
 3.968060e+01  9.818884e-03 
 3.968100e+01  9.845586e-03 
 3.968139e+01  9.872430e-03 
 3.968179e+01  9.899328e-03 
 3.968219e+01  9.926261e-03 
 3.968259e+01  9.953193e-03 
 3.968298e+01  9.980092e-03 
 3.968338e+01  1.000696e-02 
 3.968378e+01  1.003374e-02 
 3.968418e+01  1.006040e-02 
 3.968458e+01  1.008692e-02 
 3.968497e+01  1.011334e-02 
 3.968537e+01  1.013966e-02 
 3.968577e+01  1.016579e-02 
 3.968617e+01  1.019170e-02 
 3.968656e+01  1.021732e-02 
 3.968696e+01  1.024256e-02 
 3.968736e+01  1.026739e-02 
 3.968776e+01  1.029176e-02 
 3.968815e+01  1.031572e-02 
 3.968855e+01  1.033927e-02 
 3.968895e+01  1.036242e-02 
 3.968935e+01  1.038522e-02 
 3.968975e+01  1.040764e-02 
 3.969014e+01  1.042968e-02 
 3.969054e+01  1.045127e-02 
 3.969094e+01  1.047246e-02 
 3.969134e+01  1.049330e-02 
 3.969173e+01  1.051386e-02 
 3.969213e+01  1.053420e-02 
 3.969253e+01  1.055440e-02 
 3.969293e+01  1.057454e-02 
 3.969332e+01  1.059462e-02 
 3.969372e+01  1.061464e-02 
 3.969412e+01  1.063455e-02 
 3.969452e+01  1.065432e-02 
 3.969492e+01  1.067382e-02 
 3.969531e+01  1.069293e-02 
 3.969571e+01  1.071155e-02 
 3.969611e+01  1.072955e-02 
 3.969651e+01  1.074683e-02 
 3.969690e+01  1.076332e-02 
 3.969730e+01  1.077899e-02 
 3.969770e+01  1.079385e-02 
 3.969810e+01  1.080786e-02 
 3.969849e+01  1.082099e-02 
 3.969889e+01  1.083326e-02 
 3.969929e+01  1.084469e-02 
 3.969969e+01  1.085532e-02 
 3.970009e+01  1.086524e-02 
 3.970048e+01  1.087460e-02 
 3.970088e+01  1.088354e-02 
 3.970128e+01  1.089225e-02 
 3.970168e+01  1.090084e-02 
 3.970207e+01  1.090947e-02 
 3.970247e+01  1.091814e-02 
 3.970287e+01  1.092685e-02 
 3.970327e+01  1.093560e-02 
 3.970366e+01  1.094440e-02 
 3.970406e+01  1.095327e-02 
 3.970446e+01  1.096222e-02 
 3.970486e+01  1.097122e-02 
 3.970526e+01  1.098032e-02 
 3.970565e+01  1.098948e-02 
 3.970605e+01  1.099864e-02 
 3.970645e+01  1.100773e-02 
 3.970685e+01  1.101669e-02 
 3.970724e+01  1.102541e-02 
 3.970764e+01  1.103376e-02 
 3.970804e+01  1.104164e-02 
 3.970844e+01  1.104891e-02 
 3.970883e+01  1.105544e-02 
 3.970923e+01  1.106107e-02 
 3.970963e+01  1.106576e-02 
 3.971003e+01  1.106946e-02 
 3.971043e+01  1.107213e-02 
 3.971082e+01  1.107374e-02 
 3.971122e+01  1.107426e-02 
 3.971162e+01  1.107364e-02 
 3.971202e+01  1.107178e-02 
 3.971241e+01  1.106858e-02 
 3.971281e+01  1.106389e-02 
 3.971321e+01  1.105764e-02 
 3.971361e+01  1.104977e-02 
 3.971400e+01  1.104030e-02 
 3.971440e+01  1.102937e-02 
 3.971480e+01  1.101708e-02 
 3.971520e+01  1.100360e-02 
 3.971560e+01  1.098906e-02 
 3.971599e+01  1.097362e-02 
 3.971639e+01  1.095740e-02 
 3.971679e+01  1.094054e-02 
 3.971719e+01  1.092315e-02 
 3.971758e+01  1.090535e-02 
 3.971798e+01  1.088732e-02 
 3.971838e+01  1.086916e-02 
 3.971878e+01  1.085099e-02 
 3.971917e+01  1.083289e-02 
 3.971957e+01  1.081498e-02 
 3.971997e+01  1.079733e-02 
 3.972037e+01  1.077995e-02 
 3.972077e+01  1.076292e-02 
 3.972116e+01  1.074614e-02 
 3.972156e+01  1.072958e-02 
 3.972196e+01  1.071315e-02 
 3.972236e+01  1.069679e-02 
 3.972275e+01  1.068045e-02 
 3.972315e+01  1.066405e-02 
 3.972355e+01  1.064753e-02 
 3.972395e+01  1.063089e-02 
 3.972434e+01  1.061405e-02 
 3.972474e+01  1.059696e-02 
 3.972514e+01  1.057951e-02 
 3.972554e+01  1.056166e-02 
 3.972594e+01  1.054335e-02 
 3.972633e+01  1.052450e-02 
 3.972673e+01  1.050504e-02 
 3.972713e+01  1.048494e-02 
 3.972753e+01  1.046418e-02 
 3.972792e+01  1.044268e-02 
 3.972832e+01  1.042048e-02 
 3.972872e+01  1.039764e-02 
 3.972912e+01  1.037421e-02 
 3.972951e+01  1.035031e-02 
 3.972991e+01  1.032603e-02 
 3.973031e+01  1.030147e-02 
 3.973071e+01  1.027665e-02 
 3.973111e+01  1.025158e-02 
 3.973150e+01  1.022636e-02 
 3.973190e+01  1.020106e-02 
 3.973230e+01  1.017573e-02 
 3.973270e+01  1.015050e-02 
 3.973309e+01  1.012545e-02 
 3.973349e+01  1.010067e-02 
 3.973389e+01  1.007627e-02 
 3.973429e+01  1.005222e-02 
 3.973468e+01  1.002853e-02 
 3.973508e+01  1.000517e-02 
 3.973548e+01  9.982114e-03 
 3.973588e+01  9.959334e-03 
 3.973628e+01  9.936870e-03 
 3.973667e+01  9.914751e-03 
 3.973707e+01  9.892913e-03 
 3.973747e+01  9.871312e-03 
 3.973787e+01  9.849938e-03 
 3.973826e+01  9.828692e-03 
 3.973866e+01  9.807530e-03 
 3.973906e+01  9.786373e-03 
 3.973946e+01  9.765186e-03 
 3.973985e+01  9.743946e-03 
 3.974025e+01  9.722649e-03 
 3.974065e+01  9.701340e-03 
 3.974105e+01  9.680048e-03 
 3.974145e+01  9.658780e-03 
 3.974184e+01  9.637578e-03 
 3.974224e+01  9.616473e-03 
 3.974264e+01  9.595505e-03 
 3.974304e+01  9.574708e-03 
 3.974343e+01  9.554138e-03 
 3.974383e+01  9.533817e-03 
 3.974423e+01  9.513831e-03 
 3.974463e+01  9.494304e-03 
 3.974502e+01  9.475240e-03 
 3.974542e+01  9.456763e-03 
 3.974582e+01  9.439027e-03 
 3.974622e+01  9.422137e-03 
 3.974662e+01  9.406110e-03 
 3.974701e+01  9.391002e-03 
 3.974741e+01  9.376863e-03 
 3.974781e+01  9.363703e-03 
 3.974821e+01  9.351432e-03 
 3.974860e+01  9.340025e-03 
 3.974900e+01  9.329426e-03 
 3.974940e+01  9.319554e-03 
 3.974980e+01  9.310327e-03 
 3.975020e+01  9.301652e-03 
 3.975059e+01  9.293419e-03 
 3.975099e+01  9.285501e-03 
 3.975139e+01  9.277837e-03 
 3.975179e+01  9.270504e-03 
 3.975218e+01  9.263447e-03 
 3.975258e+01  9.256706e-03 
 3.975298e+01  9.250334e-03 
 3.975338e+01  9.244389e-03 
 3.975377e+01  9.238963e-03 
 3.975417e+01  9.234057e-03 
 3.975457e+01  9.229763e-03 
 3.975497e+01  9.226144e-03 
 3.975537e+01  9.223280e-03 
 3.975576e+01  9.221267e-03 
 3.975616e+01  9.220154e-03 
 3.975656e+01  9.219993e-03 
 3.975696e+01  9.220850e-03 
 3.975735e+01  9.222809e-03 
 3.975775e+01  9.225947e-03 
 3.975815e+01  9.230349e-03 
 3.975855e+01  9.236053e-03 
 3.975894e+01  9.243039e-03 
 3.975934e+01  9.251261e-03 
 3.975974e+01  9.260612e-03 
 3.976014e+01  9.271021e-03 
 3.976054e+01  9.282385e-03 
 3.976093e+01  9.294606e-03 
 3.976133e+01  9.307606e-03 
 3.976173e+01  9.321322e-03 
 3.976213e+01  9.335690e-03 
 3.976252e+01  9.350597e-03 
 3.976292e+01  9.365884e-03 
 3.976332e+01  9.381448e-03 
 3.976372e+01  9.397119e-03 
 3.976411e+01  9.412743e-03 
 3.976451e+01  9.428210e-03 
 3.976491e+01  9.443378e-03 
 3.976531e+01  9.458123e-03 
 3.976571e+01  9.472360e-03 
 3.976610e+01  9.485989e-03 
 3.976650e+01  9.498964e-03 
 3.976690e+01  9.511229e-03 
 3.976730e+01  9.522699e-03 
 3.976769e+01  9.533390e-03 
 3.976809e+01  9.543353e-03 
 3.976849e+01  9.552620e-03 
 3.976889e+01  9.561275e-03 
 3.976928e+01  9.569499e-03 
 3.976968e+01  9.577441e-03 
 3.977008e+01  9.585285e-03 
 3.977048e+01  9.593196e-03 
 3.977088e+01  9.601358e-03 
 3.977127e+01  9.609934e-03 
 3.977167e+01  9.619069e-03 
 3.977207e+01  9.628870e-03 
 3.977247e+01  9.639510e-03 
 3.977286e+01  9.651048e-03 
 3.977326e+01  9.663616e-03 
 3.977366e+01  9.677361e-03 
 3.977406e+01  9.692336e-03 
 3.977445e+01  9.708554e-03 
 3.977485e+01  9.725978e-03 
 3.977525e+01  9.744580e-03 
 3.977565e+01  9.764347e-03 
 3.977605e+01  9.785170e-03 
 3.977644e+01  9.806996e-03 
 3.977684e+01  9.829738e-03 
 3.977724e+01  9.853306e-03 
 3.977764e+01  9.877520e-03 
 3.977803e+01  9.902246e-03 
 3.977843e+01  9.927366e-03 
 3.977883e+01  9.952690e-03 
 3.977923e+01  9.978082e-03 
 3.977962e+01  1.000347e-02 
 3.978002e+01  1.002881e-02 
 3.978042e+01  1.005403e-02 
 3.978082e+01  1.007914e-02 
 3.978122e+01  1.010401e-02 
 3.978161e+01  1.012858e-02 
 3.978201e+01  1.015276e-02 
 3.978241e+01  1.017646e-02 
 3.978281e+01  1.019959e-02 
 3.978320e+01  1.022213e-02 
 3.978360e+01  1.024401e-02 
 3.978400e+01  1.026524e-02 
 3.978440e+01  1.028590e-02 
 3.978479e+01  1.030606e-02 
 3.978519e+01  1.032581e-02 
 3.978559e+01  1.034525e-02 
 3.978599e+01  1.036451e-02 
 3.978639e+01  1.038374e-02 
 3.978678e+01  1.040306e-02 
 3.978718e+01  1.042261e-02 
 3.978758e+01  1.044246e-02 
 3.978798e+01  1.046271e-02 
 3.978837e+01  1.048333e-02 
 3.978877e+01  1.050431e-02 
 3.978917e+01  1.052561e-02 
 3.978957e+01  1.054718e-02 
 3.978996e+01  1.056896e-02 
 3.979036e+01  1.059088e-02 
 3.979076e+01  1.061287e-02 
 3.979116e+01  1.063490e-02 
 3.979156e+01  1.065688e-02 
 3.979195e+01  1.067879e-02 
 3.979235e+01  1.070057e-02 
 3.979275e+01  1.072213e-02 
 3.979315e+01  1.074338e-02 
 3.979354e+01  1.076426e-02 
 3.979394e+01  1.078462e-02 
 3.979434e+01  1.080439e-02 
 3.979474e+01  1.082347e-02 
 3.979513e+01  1.084181e-02 
 3.979553e+01  1.085947e-02 
 3.979593e+01  1.087644e-02 
 3.979633e+01  1.089273e-02 
 3.979673e+01  1.090842e-02 
 3.979712e+01  1.092355e-02 
 3.979752e+01  1.093817e-02 
 3.979792e+01  1.095231e-02 
 3.979832e+01  1.096600e-02 
 3.979871e+01  1.097929e-02 
 3.979911e+01  1.099224e-02 
 3.979951e+01  1.100490e-02 
 3.979991e+01  1.101725e-02 
 3.980030e+01  1.102927e-02 
 3.980070e+01  1.104094e-02 
 3.980110e+01  1.105218e-02 
 3.980150e+01  1.106293e-02 
 3.980190e+01  1.107321e-02 
 3.980229e+01  1.108302e-02 
 3.980269e+01  1.109235e-02 
 3.980309e+01  1.110119e-02 
 3.980349e+01  1.110950e-02 
 3.980388e+01  1.111716e-02 
 3.980428e+01  1.112414e-02 
 3.980468e+01  1.113038e-02 
 3.980508e+01  1.113586e-02 
 3.980547e+01  1.114050e-02 
 3.980587e+01  1.114424e-02 
 3.980627e+01  1.114704e-02 
 3.980667e+01  1.114888e-02 
 3.980707e+01  1.114973e-02 
 3.980746e+01  1.114953e-02 
 3.980786e+01  1.114829e-02 
 3.980826e+01  1.114610e-02 
 3.980866e+01  1.114305e-02 
 3.980905e+01  1.113926e-02 
 3.980945e+01  1.113480e-02 
 3.980985e+01  1.112974e-02 
 3.981025e+01  1.112412e-02 
 3.981064e+01  1.111786e-02 
 3.981104e+01  1.111103e-02 
 3.981144e+01  1.110366e-02 
 3.981184e+01  1.109579e-02 
 3.981224e+01  1.108751e-02 
 3.981263e+01  1.107888e-02 
 3.981303e+01  1.107000e-02 
 3.981343e+01  1.106094e-02 
 3.981383e+01  1.105174e-02 
 3.981422e+01  1.104240e-02 
 3.981462e+01  1.103288e-02 
 3.981502e+01  1.102317e-02 
 3.981542e+01  1.101321e-02 
 3.981581e+01  1.100297e-02 
 3.981621e+01  1.099238e-02 
 3.981661e+01  1.098131e-02 
 3.981701e+01  1.096974e-02 
 3.981741e+01  1.095766e-02 
 3.981780e+01  1.094500e-02 
 3.981820e+01  1.093170e-02 
 3.981860e+01  1.091763e-02 
 3.981900e+01  1.090269e-02 
 3.981939e+01  1.088673e-02 
 3.981979e+01  1.086959e-02 
 3.982019e+01  1.085110e-02 
 3.982059e+01  1.083115e-02 
 3.982098e+01  1.080970e-02 
 3.982138e+01  1.078671e-02 
 3.982178e+01  1.076217e-02 
 3.982218e+01  1.073614e-02 
 3.982258e+01  1.070864e-02 
 3.982297e+01  1.067971e-02 
 3.982337e+01  1.064943e-02 
 3.982377e+01  1.061792e-02 
 3.982417e+01  1.058530e-02 
 3.982456e+01  1.055175e-02 
 3.982496e+01  1.051740e-02 
 3.982536e+01  1.048243e-02 
 3.982576e+01  1.044699e-02 
 3.982615e+01  1.041129e-02 
 3.982655e+01  1.037547e-02 
 3.982695e+01  1.033974e-02 
 3.982735e+01  1.030428e-02 
 3.982775e+01  1.026923e-02 
 3.982814e+01  1.023478e-02 
 3.982854e+01  1.020106e-02 
 3.982894e+01  1.016816e-02 
 3.982934e+01  1.013606e-02 
 3.982973e+01  1.010475e-02 
 3.983013e+01  1.007429e-02 
 3.983053e+01  1.004465e-02 
 3.983093e+01  1.001587e-02 
 3.983132e+01  9.987943e-03 
 3.983172e+01  9.960806e-03 
 3.983212e+01  9.934413e-03 
 3.983252e+01  9.908608e-03 
 3.983292e+01  9.883319e-03 
 3.983331e+01  9.858448e-03 
 3.983371e+01  9.833906e-03 
 3.983411e+01  9.809624e-03 
 3.983451e+01  9.785541e-03 
 3.983490e+01  9.761573e-03 
 3.983530e+01  9.737652e-03 
 3.983570e+01  9.713720e-03 
 3.983610e+01  9.689716e-03 
 3.983649e+01  9.665525e-03 
 3.983689e+01  9.641156e-03 
 3.983729e+01  9.616592e-03 
 3.983769e+01  9.591880e-03 
 3.983809e+01  9.567066e-03 
 3.983848e+01  9.542196e-03 
 3.983888e+01  9.517328e-03 
 3.983928e+01  9.492601e-03 
 3.983968e+01  9.468095e-03 
 3.984007e+01  9.443935e-03 
 3.984047e+01  9.420224e-03 
 3.984087e+01  9.397128e-03 
 3.984127e+01  9.374752e-03 
 3.984167e+01  9.353221e-03 
 3.984206e+01  9.332664e-03 
 3.984246e+01  9.313193e-03 
 3.984286e+01  9.294873e-03 
 3.984326e+01  9.277744e-03 
 3.984365e+01  9.261769e-03 
 3.984405e+01  9.246943e-03 
 3.984445e+01  9.233191e-03 
 3.984485e+01  9.220399e-03 
 3.984524e+01  9.208479e-03 
 3.984564e+01  9.197323e-03 
 3.984604e+01  9.186905e-03 
 3.984644e+01  9.177127e-03 
 3.984684e+01  9.167938e-03 
 3.984723e+01  9.159254e-03 
 3.984763e+01  9.151002e-03 
 3.984803e+01  9.143085e-03 
 3.984843e+01  9.135467e-03 
 3.984882e+01  9.128163e-03 
 3.984922e+01  9.121166e-03 
 3.984962e+01  9.114473e-03 
 3.985002e+01  9.108188e-03 
 3.985041e+01  9.102369e-03 
 3.985081e+01  9.097079e-03 
 3.985121e+01  9.092323e-03 
 3.985161e+01  9.088128e-03 
 3.985201e+01  9.084526e-03 
 3.985240e+01  9.081552e-03 
 3.985280e+01  9.079236e-03 
 3.985320e+01  9.077621e-03 
 3.985360e+01  9.076765e-03 
 3.985399e+01  9.076664e-03 
 3.985439e+01  9.077324e-03 
 3.985479e+01  9.078783e-03 
 3.985519e+01  9.081046e-03 
 3.985558e+01  9.084094e-03 
 3.985598e+01  9.087901e-03 
 3.985638e+01  9.092469e-03 
 3.985678e+01  9.097816e-03 
 3.985718e+01  9.103883e-03 
 3.985757e+01  9.110649e-03 
 3.985797e+01  9.118100e-03 
 3.985837e+01  9.126138e-03 
 3.985877e+01  9.134662e-03 
 3.985916e+01  9.143639e-03 
 3.985956e+01  9.152999e-03 
 3.985996e+01  9.162703e-03 
 3.986036e+01  9.172630e-03 
 3.986075e+01  9.182709e-03 
 3.986115e+01  9.192850e-03 
 3.986155e+01  9.202954e-03 
 3.986195e+01  9.212906e-03 
 3.986235e+01  9.222624e-03 
 3.986274e+01  9.232074e-03 
 3.986314e+01  9.241247e-03 
 3.986354e+01  9.250131e-03 
 3.986394e+01  9.258751e-03 
 3.986433e+01  9.267141e-03 
 3.986473e+01  9.275322e-03 
 3.986513e+01  9.283357e-03 
 3.986553e+01  9.291337e-03 
 3.986592e+01  9.299353e-03 
 3.986632e+01  9.307483e-03 
 3.986672e+01  9.315797e-03 
 3.986712e+01  9.324437e-03 
 3.986752e+01  9.333548e-03 
 3.986791e+01  9.343230e-03 
 3.986831e+01  9.353629e-03 
 3.986871e+01  9.364899e-03 
 3.986911e+01  9.377148e-03 
 3.986950e+01  9.390423e-03 
 3.986990e+01  9.404748e-03 
 3.987030e+01  9.420065e-03 
 3.987070e+01  9.436365e-03 
 3.987109e+01  9.453499e-03 
 3.987149e+01  9.471340e-03 
 3.987189e+01  9.489802e-03 
 3.987229e+01  9.508846e-03 
 3.987269e+01  9.528399e-03 
 3.987308e+01  9.548340e-03 
 3.987348e+01  9.568615e-03 
 3.987388e+01  9.589176e-03 
 3.987428e+01  9.609946e-03 
 3.987467e+01  9.630887e-03 
 3.987507e+01  9.651900e-03 
 3.987547e+01  9.672925e-03 
 3.987587e+01  9.693856e-03 
 3.987626e+01  9.714588e-03 
 3.987666e+01  9.735076e-03 
 3.987706e+01  9.755290e-03 
 3.987746e+01  9.775212e-03 
 3.987786e+01  9.794860e-03 
 3.987825e+01  9.814257e-03 
 3.987865e+01  9.833500e-03 
 3.987905e+01  9.852651e-03 
 3.987945e+01  9.871824e-03 
 3.987984e+01  9.891105e-03 
 3.988024e+01  9.910569e-03 
 3.988064e+01  9.930310e-03 
 3.988104e+01  9.950432e-03 
 3.988143e+01  9.971081e-03 
 3.988183e+01  9.992360e-03 
 3.988223e+01  1.001437e-02 
 3.988263e+01  1.003717e-02 
 3.988303e+01  1.006082e-02 
 3.988342e+01  1.008533e-02 
 3.988382e+01  1.011067e-02 
 3.988422e+01  1.013680e-02 
 3.988462e+01  1.016373e-02 
 3.988501e+01  1.019142e-02 
 3.988541e+01  1.021986e-02 
 3.988581e+01  1.024900e-02 
 3.988621e+01  1.027884e-02 
 3.988660e+01  1.030926e-02 
 3.988700e+01  1.034014e-02 
 3.988740e+01  1.037132e-02 
 3.988780e+01  1.040268e-02 
 3.988820e+01  1.043408e-02 
 3.988859e+01  1.046535e-02 
 3.988899e+01  1.049635e-02 
 3.988939e+01  1.052700e-02 
 3.988979e+01  1.055721e-02 
 3.989018e+01  1.058687e-02 
 3.989058e+01  1.061602e-02 
 3.989098e+01  1.064452e-02 
 3.989138e+01  1.067233e-02 
 3.989177e+01  1.069945e-02 
 3.989217e+01  1.072591e-02 
 3.989257e+01  1.075175e-02 
 3.989297e+01  1.077702e-02 
 3.989337e+01  1.080177e-02 
 3.989376e+01  1.082607e-02 
 3.989416e+01  1.085006e-02 
 3.989456e+01  1.087388e-02 
 3.989496e+01  1.089753e-02 
 3.989535e+01  1.092101e-02 
 3.989575e+01  1.094438e-02 
 3.989615e+01  1.096764e-02 
 3.989655e+01  1.099078e-02 
 3.989694e+01  1.101383e-02 
 3.989734e+01  1.103675e-02 
 3.989774e+01  1.105949e-02 
 3.989814e+01  1.108199e-02 
 3.989854e+01  1.110421e-02 
 3.989893e+01  1.112613e-02 
 3.989933e+01  1.114759e-02 
 3.989973e+01  1.116852e-02 
 3.990013e+01  1.118888e-02 
 3.990052e+01  1.120861e-02 
 3.990092e+01  1.122764e-02 
 3.990132e+01  1.124596e-02 
 3.990172e+01  1.126348e-02 
 3.990211e+01  1.128013e-02 
 3.990251e+01  1.129585e-02 
 3.990291e+01  1.131060e-02 
 3.990331e+01  1.132436e-02 
 3.990371e+01  1.133708e-02 
 3.990410e+01  1.134871e-02 
 3.990450e+01  1.135919e-02 
 3.990490e+01  1.136850e-02 
 3.990530e+01  1.137656e-02 
 3.990569e+01  1.138334e-02 
 3.990609e+01  1.138878e-02 
 3.990649e+01  1.139287e-02 
 3.990689e+01  1.139563e-02 
 3.990728e+01  1.139707e-02 
 3.990768e+01  1.139722e-02 
 3.990808e+01  1.139617e-02 
 3.990848e+01  1.139400e-02 
 3.990888e+01  1.139076e-02 
 3.990927e+01  1.138657e-02 
 3.990967e+01  1.138156e-02 
 3.991007e+01  1.137583e-02 
 3.991047e+01  1.136945e-02 
 3.991086e+01  1.136250e-02 
 3.991126e+01  1.135506e-02 
 3.991166e+01  1.134717e-02 
 3.991206e+01  1.133883e-02 
 3.991245e+01  1.133008e-02 
 3.991285e+01  1.132090e-02 
 3.991325e+01  1.131123e-02 
 3.991365e+01  1.130105e-02 
 3.991405e+01  1.129033e-02 
 3.991444e+01  1.127906e-02 
 3.991484e+01  1.126718e-02 
 3.991524e+01  1.125465e-02 
 3.991564e+01  1.124138e-02 
 3.991603e+01  1.122730e-02 
 3.991643e+01  1.121237e-02 
 3.991683e+01  1.119647e-02 
 3.991723e+01  1.117944e-02 
 3.991762e+01  1.116117e-02 
 3.991802e+01  1.114155e-02 
 3.991842e+01  1.112056e-02 
 3.991882e+01  1.109825e-02 
 3.991922e+01  1.107464e-02 
 3.991961e+01  1.104981e-02 
 3.992001e+01  1.102388e-02 
 3.992041e+01  1.099704e-02 
 3.992081e+01  1.096944e-02 
 3.992120e+01  1.094132e-02 
 3.992160e+01  1.091279e-02 
 3.992200e+01  1.088398e-02 
 3.992240e+01  1.085491e-02 
 3.992279e+01  1.082573e-02 
 3.992319e+01  1.079648e-02 
 3.992359e+01  1.076710e-02 
 3.992399e+01  1.073765e-02 
 3.992439e+01  1.070808e-02 
 3.992478e+01  1.067848e-02 
 3.992518e+01  1.064894e-02 
 3.992558e+01  1.061957e-02 
 3.992598e+01  1.059047e-02 
 3.992637e+01  1.056167e-02 
 3.992677e+01  1.053324e-02 
 3.992717e+01  1.050515e-02 
 3.992757e+01  1.047739e-02 
 3.992796e+01  1.044988e-02 
 3.992836e+01  1.042257e-02 
 3.992876e+01  1.039538e-02 
 3.992916e+01  1.036822e-02 
 3.992956e+01  1.034101e-02 
 3.992995e+01  1.031374e-02 
 3.993035e+01  1.028633e-02 
 3.993075e+01  1.025875e-02 
 3.993115e+01  1.023095e-02 
 3.993154e+01  1.020290e-02 
 3.993194e+01  1.017457e-02 
 3.993234e+01  1.014593e-02 
 3.993274e+01  1.011696e-02 
 3.993313e+01  1.008773e-02 
 3.993353e+01  1.005822e-02 
 3.993393e+01  1.002850e-02 
 3.993433e+01  9.998647e-03 
 3.993473e+01  9.968718e-03 
 3.993512e+01  9.938838e-03 
 3.993552e+01  9.909107e-03 
 3.993592e+01  9.879672e-03 
 3.993632e+01  9.850697e-03 
 3.993671e+01  9.822308e-03 
 3.993711e+01  9.794622e-03 
 3.993751e+01  9.767767e-03 
 3.993791e+01  9.741878e-03 
 3.993831e+01  9.717077e-03 
 3.993870e+01  9.693394e-03 
 3.993910e+01  9.670818e-03 
 3.993950e+01  9.649310e-03 
 3.993990e+01  9.628832e-03 
 3.994029e+01  9.609374e-03 
 3.994069e+01  9.590839e-03 
 3.994109e+01  9.573104e-03 
 3.994149e+01  9.556024e-03 
 3.994188e+01  9.539528e-03 
 3.994228e+01  9.523560e-03 
 3.994268e+01  9.508056e-03 
 3.994308e+01  9.492992e-03 
 3.994348e+01  9.478271e-03 
 3.994387e+01  9.463863e-03 
 3.994427e+01  9.449680e-03 
 3.994467e+01  9.435698e-03 
 3.994507e+01  9.421943e-03 
 3.994546e+01  9.408267e-03 
 3.994586e+01  9.394659e-03 
 3.994626e+01  9.381058e-03 
 3.994666e+01  9.367539e-03 
 3.994705e+01  9.354025e-03 
 3.994745e+01  9.340547e-03 
 3.994785e+01  9.327185e-03 
 3.994825e+01  9.314015e-03 
 3.994865e+01  9.301091e-03 
 3.994904e+01  9.288449e-03 
 3.994944e+01  9.276183e-03 
 3.994984e+01  9.264287e-03 
 3.995024e+01  9.252783e-03 
 3.995063e+01  9.241640e-03 
 3.995103e+01  9.230823e-03 
 3.995143e+01  9.220356e-03 
 3.995183e+01  9.210293e-03 
 3.995222e+01  9.200696e-03 
 3.995262e+01  9.191629e-03 
 3.995302e+01  9.183186e-03 
 3.995342e+01  9.175453e-03 
 3.995382e+01  9.168465e-03 
 3.995421e+01  9.162335e-03 
 3.995461e+01  9.157030e-03 
 3.995501e+01  9.152604e-03 
 3.995541e+01  9.149035e-03 
 3.995580e+01  9.146224e-03 
 3.995620e+01  9.144117e-03 
 3.995660e+01  9.142553e-03 
 3.995700e+01  9.141482e-03 
 3.995739e+01  9.140750e-03 
 3.995779e+01  9.140340e-03 
 3.995819e+01  9.140201e-03 
 3.995859e+01  9.140321e-03 
 3.995899e+01  9.140627e-03 
 3.995938e+01  9.141091e-03 
 3.995978e+01  9.141658e-03 
 3.996018e+01  9.142331e-03 
 3.996058e+01  9.143107e-03 
 3.996097e+01  9.144017e-03 
 3.996137e+01  9.145071e-03 
 3.996177e+01  9.146310e-03 
 3.996217e+01  9.147885e-03 
 3.996256e+01  9.149882e-03 
 3.996296e+01  9.152402e-03 
 3.996336e+01  9.155478e-03 
 3.996376e+01  9.159205e-03 
 3.996416e+01  9.163718e-03 
 3.996455e+01  9.169053e-03 
 3.996495e+01  9.175262e-03 
 3.996535e+01  9.182362e-03 
 3.996575e+01  9.190355e-03 
 3.996614e+01  9.199216e-03 
 3.996654e+01  9.208981e-03 
 3.996694e+01  9.219584e-03 
 3.996734e+01  9.230982e-03 
 3.996773e+01  9.243049e-03 
 3.996813e+01  9.255674e-03 
 3.996853e+01  9.268779e-03 
 3.996893e+01  9.282215e-03 
 3.996933e+01  9.295876e-03 
 3.996972e+01  9.309673e-03 
 3.997012e+01  9.323564e-03 
 3.997052e+01  9.337509e-03 
 3.997092e+01  9.351488e-03 
 3.997131e+01  9.365520e-03 
 3.997171e+01  9.379644e-03 
 3.997211e+01  9.393858e-03 
 3.997251e+01  9.408122e-03 
 3.997290e+01  9.422473e-03 
 3.997330e+01  9.436912e-03 
 3.997370e+01  9.451451e-03 
 3.997410e+01  9.466107e-03 
 3.997450e+01  9.480824e-03 
 3.997489e+01  9.495678e-03 
 3.997529e+01  9.510717e-03 
 3.997569e+01  9.525991e-03 
 3.997609e+01  9.541602e-03 
 3.997648e+01  9.557660e-03 
 3.997688e+01  9.574333e-03 
 3.997728e+01  9.591720e-03 
 3.997768e+01  9.609920e-03 
 3.997807e+01  9.628994e-03 
 3.997847e+01  9.648960e-03 
 3.997887e+01  9.669806e-03 
 3.997927e+01  9.691526e-03 
 3.997967e+01  9.714115e-03 
 3.998006e+01  9.737544e-03 
 3.998046e+01  9.761797e-03 
 3.998086e+01  9.786825e-03 
 3.998126e+01  9.812591e-03 
 3.998165e+01  9.839003e-03 
 3.998205e+01  9.865984e-03 
 3.998245e+01  9.893444e-03 
 3.998285e+01  9.921205e-03 
 3.998324e+01  9.949157e-03 
 3.998364e+01  9.977186e-03 
 3.998404e+01  1.000518e-02 
 3.998444e+01  1.003307e-02 
 3.998484e+01  1.006072e-02 
 3.998523e+01  1.008800e-02 
 3.998563e+01  1.011486e-02 
 3.998603e+01  1.014129e-02 
 3.998643e+01  1.016726e-02 
 3.998682e+01  1.019268e-02 
 3.998722e+01  1.021756e-02 
 3.998762e+01  1.024185e-02 
 3.998802e+01  1.026549e-02 
 3.998841e+01  1.028846e-02 
 3.998881e+01  1.031084e-02 
 3.998921e+01  1.033265e-02 
 3.998961e+01  1.035400e-02 
 3.999001e+01  1.037502e-02 
 3.999040e+01  1.039585e-02 
 3.999080e+01  1.041656e-02 
 3.999120e+01  1.043723e-02 
 3.999160e+01  1.045793e-02 
 3.999199e+01  1.047875e-02 
 3.999239e+01  1.049977e-02 
 3.999279e+01  1.052100e-02 
 3.999319e+01  1.054252e-02 
 3.999358e+01  1.056431e-02 
 3.999398e+01  1.058634e-02 
 3.999438e+01  1.060852e-02 
 3.999478e+01  1.063073e-02 
 3.999518e+01  1.065295e-02 
 3.999557e+01  1.067515e-02 
 3.999597e+01  1.069730e-02 
 3.999637e+01  1.071934e-02 
 3.999677e+01  1.074125e-02 
 3.999716e+01  1.076299e-02 
 3.999756e+01  1.078452e-02 
 3.999796e+01  1.080583e-02 
 3.999836e+01  1.082688e-02 
 3.999875e+01  1.084764e-02 
 3.999915e+01  1.086807e-02 
 3.999955e+01  1.088808e-02 
 3.999995e+01  1.090765e-02 
 4.000035e+01  1.092666e-02 
 4.000074e+01  1.094500e-02 
 4.000114e+01  1.096252e-02 
 4.000154e+01  1.097914e-02 
 4.000194e+01  1.099477e-02 
 4.000233e+01  1.100938e-02 
 4.000273e+01  1.102294e-02 
 4.000313e+01  1.103547e-02 
 4.000353e+01  1.104700e-02 
 4.000392e+01  1.105759e-02 
 4.000432e+01  1.106728e-02 
 4.000472e+01  1.107615e-02 
 4.000512e+01  1.108420e-02 
 4.000552e+01  1.109151e-02 
 4.000591e+01  1.109816e-02 
 4.000631e+01  1.110425e-02 
 4.000671e+01  1.110985e-02 
 4.000711e+01  1.111499e-02 
 4.000750e+01  1.111976e-02 
 4.000790e+01  1.112424e-02 
 4.000830e+01  1.112841e-02 
 4.000870e+01  1.113230e-02 
 4.000909e+01  1.113586e-02 
 4.000949e+01  1.113904e-02 
 4.000989e+01  1.114174e-02 
 4.001029e+01  1.114387e-02 
 4.001069e+01  1.114530e-02 
 4.001108e+01  1.114589e-02 
 4.001148e+01  1.114548e-02 
 4.001188e+01  1.114395e-02 
 4.001228e+01  1.114123e-02 
 4.001267e+01  1.113727e-02 
 4.001307e+01  1.113205e-02 
 4.001347e+01  1.112549e-02 
 4.001387e+01  1.111757e-02 
 4.001426e+01  1.110828e-02 
 4.001466e+01  1.109757e-02 
 4.001506e+01  1.108547e-02 
 4.001546e+01  1.107207e-02 
 4.001586e+01  1.105749e-02 
 4.001625e+01  1.104179e-02 
 4.001665e+01  1.102516e-02 
 4.001705e+01  1.100777e-02 
 4.001745e+01  1.098976e-02 
 4.001784e+01  1.097127e-02 
 4.001824e+01  1.095243e-02 
 4.001864e+01  1.093337e-02 
 4.001904e+01  1.091414e-02 
 4.001943e+01  1.089475e-02 
 4.001983e+01  1.087520e-02 
 4.002023e+01  1.085542e-02 
 4.002063e+01  1.083536e-02 
 4.002103e+01  1.081501e-02 
 4.002142e+01  1.079440e-02 
 4.002182e+01  1.077355e-02 
 4.002222e+01  1.075249e-02 
 4.002262e+01  1.073123e-02 
 4.002301e+01  1.070973e-02 
 4.002341e+01  1.068797e-02 
 4.002381e+01  1.066597e-02 
 4.002421e+01  1.064369e-02 
 4.002460e+01  1.062112e-02 
 4.002500e+01  1.059823e-02 
 4.002540e+01  1.057508e-02 
 4.002580e+01  1.055158e-02 
 4.002620e+01  1.052775e-02 
 4.002659e+01  1.050356e-02 
 4.002699e+01  1.047895e-02 
 4.002739e+01  1.045389e-02 
 4.002779e+01  1.042837e-02 
 4.002818e+01  1.040237e-02 
 4.002858e+01  1.037584e-02 
 4.002898e+01  1.034877e-02 
 4.002938e+01  1.032117e-02 
 4.002978e+01  1.029308e-02 
 4.003017e+01  1.026457e-02 
 4.003057e+01  1.023576e-02 
 4.003097e+01  1.020683e-02 
 4.003137e+01  1.017786e-02 
 4.003176e+01  1.014907e-02 
 4.003216e+01  1.012058e-02 
 4.003256e+01  1.009253e-02 
 4.003296e+01  1.006507e-02 
 4.003335e+01  1.003834e-02 
 4.003375e+01  1.001245e-02 
 4.003415e+01  9.987423e-03 
 4.003455e+01  9.963319e-03 
 4.003495e+01  9.940142e-03 
 4.003534e+01  9.917870e-03 
 4.003574e+01  9.896466e-03 
 4.003614e+01  9.875838e-03 
 4.003654e+01  9.855881e-03 
 4.003693e+01  9.836423e-03 
 4.003733e+01  9.817385e-03 
 4.003773e+01  9.798701e-03 
 4.003813e+01  9.780302e-03 
 4.003852e+01  9.762108e-03 
 4.003892e+01  9.744119e-03 
 4.003932e+01  9.726361e-03 
 4.003972e+01  9.708775e-03 
 4.004012e+01  9.691440e-03 
 4.004051e+01  9.674317e-03 
 4.004091e+01  9.657381e-03 
 4.004131e+01  9.640629e-03 
 4.004171e+01  9.624074e-03 
 4.004210e+01  9.607760e-03 
 4.004250e+01  9.591630e-03 
 4.004290e+01  9.575722e-03 
 4.004330e+01  9.560103e-03 
 4.004369e+01  9.544830e-03 
 4.004409e+01  9.529979e-03 
 4.004449e+01  9.515551e-03 
 4.004489e+01  9.501561e-03 
 4.004529e+01  9.488025e-03 
 4.004568e+01  9.474915e-03 
 4.004608e+01  9.462247e-03 
 4.004648e+01  9.449963e-03 
 4.004688e+01  9.438095e-03 
 4.004727e+01  9.426649e-03 
 4.004767e+01  9.415704e-03 
 4.004807e+01  9.405330e-03 
 4.004847e+01  9.395615e-03 
 4.004886e+01  9.386565e-03 
 4.004926e+01  9.378207e-03 
 4.004966e+01  9.370585e-03 
 4.005006e+01  9.363671e-03 
 4.005046e+01  9.357437e-03 
 4.005085e+01  9.351860e-03 
 4.005125e+01  9.346864e-03 
 4.005165e+01  9.342369e-03 
 4.005205e+01  9.338347e-03 
 4.005244e+01  9.334705e-03 
 4.005284e+01  9.331377e-03 
 4.005324e+01  9.328286e-03 
 4.005364e+01  9.325397e-03 
 4.005403e+01  9.322750e-03 
 4.005443e+01  9.320261e-03 
 4.005483e+01  9.317933e-03 
 4.005523e+01  9.315751e-03 
 4.005563e+01  9.313707e-03 
 4.005602e+01  9.311823e-03 
 4.005642e+01  9.310147e-03 
 4.005682e+01  9.308717e-03 
 4.005722e+01  9.307634e-03 
 4.005761e+01  9.306996e-03 
 4.005801e+01  9.306899e-03 
 4.005841e+01  9.307388e-03 
 4.005881e+01  9.308562e-03 
 4.005920e+01  9.310549e-03 
 4.005960e+01  9.313435e-03 
 4.006000e+01  9.317324e-03 
 4.006040e+01  9.322286e-03 
 4.006080e+01  9.328361e-03 
 4.006119e+01  9.335564e-03 
 4.006159e+01  9.343911e-03 
 4.006199e+01  9.353354e-03 
 4.006239e+01  9.363810e-03 
 4.006278e+01  9.375153e-03 
 4.006318e+01  9.387235e-03 
 4.006358e+01  9.399919e-03 
 4.006398e+01  9.413030e-03 
 4.006437e+01  9.426446e-03 
 4.006477e+01  9.439985e-03 
 4.006517e+01  9.453534e-03 
 4.006557e+01  9.467044e-03 
 4.006597e+01  9.480480e-03 
 4.006636e+01  9.493770e-03 
 4.006676e+01  9.506902e-03 
 4.006716e+01  9.519847e-03 
 4.006756e+01  9.532563e-03 
 4.006795e+01  9.544987e-03 
 4.006835e+01  9.557118e-03 
 4.006875e+01  9.568901e-03 
 4.006915e+01  9.580335e-03 
 4.006954e+01  9.591433e-03 
 4.006994e+01  9.602288e-03 
 4.007034e+01  9.612966e-03 
 4.007074e+01  9.623514e-03 
 4.007114e+01  9.634005e-03 
 4.007153e+01  9.644500e-03 
 4.007193e+01  9.655086e-03 
 4.007233e+01  9.665782e-03 
 4.007273e+01  9.676726e-03 
 4.007312e+01  9.687997e-03 
 4.007352e+01  9.699639e-03 
 4.007392e+01  9.711728e-03 
 4.007432e+01  9.724284e-03 
 4.007471e+01  9.737354e-03 
 4.007511e+01  9.750909e-03 
 4.007551e+01  9.765014e-03 
 4.007591e+01  9.779702e-03 
 4.007631e+01  9.795008e-03 
 4.007670e+01  9.810981e-03 
 4.007710e+01  9.827637e-03 
 4.007750e+01  9.844992e-03 
 4.007790e+01  9.863042e-03 
 4.007829e+01  9.881700e-03 
 4.007869e+01  9.900943e-03 
 4.007909e+01  9.920762e-03 
 4.007949e+01  9.941125e-03 
 4.007988e+01  9.961996e-03 
 4.008028e+01  9.983288e-03 
 4.008068e+01  1.000488e-02 
 4.008108e+01  1.002670e-02 
 4.008148e+01  1.004864e-02 
 4.008187e+01  1.007058e-02 
 4.008227e+01  1.009247e-02 
 4.008267e+01  1.011424e-02 
 4.008307e+01  1.013592e-02 
 4.008346e+01  1.015754e-02 
 4.008386e+01  1.017912e-02 
 4.008426e+01  1.020074e-02 
 4.008466e+01  1.022241e-02 
 4.008505e+01  1.024416e-02 
 4.008545e+01  1.026608e-02 
 4.008585e+01  1.028822e-02 
 4.008625e+01  1.031059e-02 
 4.008665e+01  1.033324e-02 
 4.008704e+01  1.035615e-02 
 4.008744e+01  1.037931e-02 
 4.008784e+01  1.040275e-02 
 4.008824e+01  1.042643e-02 
 4.008863e+01  1.045034e-02 
 4.008903e+01  1.047445e-02 
 4.008943e+01  1.049873e-02 
 4.008983e+01  1.052309e-02 
 4.009022e+01  1.054744e-02 
 4.009062e+01  1.057169e-02 
 4.009102e+01  1.059568e-02 
 4.009142e+01  1.061929e-02 
 4.009182e+01  1.064244e-02 
 4.009221e+01  1.066502e-02 
 4.009261e+01  1.068701e-02 
 4.009301e+01  1.070841e-02 
 4.009341e+01  1.072923e-02 
 4.009380e+01  1.074954e-02 
 4.009420e+01  1.076936e-02 
 4.009460e+01  1.078874e-02 
 4.009500e+01  1.080771e-02 
 4.009539e+01  1.082631e-02 
 4.009579e+01  1.084449e-02 
 4.009619e+01  1.086228e-02 
 4.009659e+01  1.087960e-02 
 4.009699e+01  1.089632e-02 
 4.009738e+01  1.091240e-02 
 4.009778e+01  1.092773e-02 
 4.009818e+01  1.094230e-02 
 4.009858e+01  1.095600e-02 
 4.009897e+01  1.096895e-02 
 4.009937e+01  1.098112e-02 
 4.009977e+01  1.099263e-02 
 4.010017e+01  1.100350e-02 
 4.010056e+01  1.101376e-02 
 4.010096e+01  1.102357e-02 
 4.010136e+01  1.103296e-02 
 4.010176e+01  1.104205e-02 
 4.010216e+01  1.105080e-02 
 4.010255e+01  1.105929e-02 
 4.010295e+01  1.106760e-02 
 4.010335e+01  1.107575e-02 
 4.010375e+01  1.108380e-02 
 4.010414e+01  1.109169e-02 
 4.010454e+01  1.109936e-02 
 4.010494e+01  1.110667e-02 
 4.010534e+01  1.111349e-02 
 4.010573e+01  1.111968e-02 
 4.010613e+01  1.112505e-02 
 4.010653e+01  1.112943e-02 
 4.010693e+01  1.113266e-02 
 4.010733e+01  1.113467e-02 
 4.010772e+01  1.113541e-02 
 4.010812e+01  1.113478e-02 
 4.010852e+01  1.113276e-02 
 4.010892e+01  1.112928e-02 
 4.010931e+01  1.112435e-02 
 4.010971e+01  1.111806e-02 
 4.011011e+01  1.111049e-02 
 4.011051e+01  1.110178e-02 
 4.011090e+01  1.109210e-02 
 4.011130e+01  1.108164e-02 
 4.011170e+01  1.107056e-02 
 4.011210e+01  1.105901e-02 
 4.011250e+01  1.104707e-02 
 4.011289e+01  1.103479e-02 
 4.011329e+01  1.102216e-02 
 4.011369e+01  1.100923e-02 
 4.011409e+01  1.099598e-02 
 4.011448e+01  1.098237e-02 
 4.011488e+01  1.096842e-02 
 4.011528e+01  1.095411e-02 
 4.011568e+01  1.093942e-02 
 4.011607e+01  1.092433e-02 
 4.011647e+01  1.090882e-02 
 4.011687e+01  1.089284e-02 
 4.011727e+01  1.087629e-02 
 4.011767e+01  1.085912e-02 
 4.011806e+01  1.084128e-02 
 4.011846e+01  1.082271e-02 
 4.011886e+01  1.080339e-02 
 4.011926e+01  1.078333e-02 
 4.011965e+01  1.076260e-02 
 4.012005e+01  1.074119e-02 
 4.012045e+01  1.071915e-02 
 4.012085e+01  1.069652e-02 
 4.012125e+01  1.067326e-02 
 4.012164e+01  1.064937e-02 
 4.012204e+01  1.062476e-02 
 4.012244e+01  1.059936e-02 
 4.012284e+01  1.057315e-02 
 4.012323e+01  1.054614e-02 
 4.012363e+01  1.051832e-02 
 4.012403e+01  1.048966e-02 
 4.012443e+01  1.046024e-02 
 4.012482e+01  1.043014e-02 
 4.012522e+01  1.039947e-02 
 4.012562e+01  1.036831e-02 
 4.012602e+01  1.033678e-02 
 4.012642e+01  1.030508e-02 
 4.012681e+01  1.027338e-02 
 4.012721e+01  1.024177e-02 
 4.012761e+01  1.021042e-02 
 4.012801e+01  1.017948e-02 
 4.012840e+01  1.014905e-02 
 4.012880e+01  1.011923e-02 
 4.012920e+01  1.009018e-02 
 4.012960e+01  1.006200e-02 
 4.012999e+01  1.003476e-02 
 4.013039e+01  1.000843e-02 
 4.013079e+01  9.983014e-03 
 4.013119e+01  9.958392e-03 
 4.013159e+01  9.934480e-03 
 4.013198e+01  9.911190e-03 
 4.013238e+01  9.888389e-03 
 4.013278e+01  9.866005e-03 
 4.013318e+01  9.843915e-03 
 4.013357e+01  9.822061e-03 
 4.013397e+01  9.800351e-03 
 4.013437e+01  9.778725e-03 
 4.013477e+01  9.757123e-03 
 4.013516e+01  9.735467e-03 
 4.013556e+01  9.713779e-03 
 4.013596e+01  9.692041e-03 
 4.013636e+01  9.670261e-03 
 4.013676e+01  9.648418e-03 
 4.013715e+01  9.626512e-03 
 4.013755e+01  9.604552e-03 
 4.013795e+01  9.582574e-03 
 4.013835e+01  9.560638e-03 
 4.013874e+01  9.538792e-03 
 4.013914e+01  9.517108e-03 
 4.013954e+01  9.495614e-03 
 4.013994e+01  9.474388e-03 
 4.014033e+01  9.453426e-03 
 4.014073e+01  9.432782e-03 
 4.014113e+01  9.412474e-03 
 4.014153e+01  9.392573e-03 
 4.014193e+01  9.373097e-03 
 4.014232e+01  9.354196e-03 
 4.014272e+01  9.336002e-03 
 4.014312e+01  9.318591e-03 
 4.014352e+01  9.302031e-03 
 4.014391e+01  9.286314e-03 
 4.014431e+01  9.271448e-03 
 4.014471e+01  9.257406e-03 
 4.014511e+01  9.244226e-03 
 4.014550e+01  9.231920e-03 
 4.014590e+01  9.220425e-03 
 4.014630e+01  9.209746e-03 
 4.014670e+01  9.199904e-03 
 4.014710e+01  9.190875e-03 
 4.014749e+01  9.182625e-03 
 4.014789e+01  9.175096e-03 
 4.014829e+01  9.168240e-03 
 4.014869e+01  9.161953e-03 
 4.014908e+01  9.156158e-03 
 4.014948e+01  9.150735e-03 
 4.014988e+01  9.145567e-03 
 4.015028e+01  9.140510e-03 
 4.015067e+01  9.135493e-03 
 4.015107e+01  9.130486e-03 
 4.015147e+01  9.125518e-03 
 4.015187e+01  9.120594e-03 
 4.015227e+01  9.115730e-03 
 4.015266e+01  9.110878e-03 
 4.015306e+01  9.106095e-03 
 4.015346e+01  9.101422e-03 
 4.015386e+01  9.096948e-03 
 4.015425e+01  9.092790e-03 
 4.015465e+01  9.089087e-03 
 4.015505e+01  9.086022e-03 
 4.015545e+01  9.083777e-03 
 4.015584e+01  9.082466e-03 
 4.015624e+01  9.082150e-03 
 4.015664e+01  9.082833e-03 
 4.015704e+01  9.084524e-03 
 4.015744e+01  9.087224e-03 
 4.015783e+01  9.090951e-03 
 4.015823e+01  9.095584e-03 
 4.015863e+01  9.101139e-03 
 4.015903e+01  9.107516e-03 
 4.015942e+01  9.114643e-03 
 4.015982e+01  9.122436e-03 
 4.016022e+01  9.130768e-03 
 4.016062e+01  9.139548e-03 
 4.016101e+01  9.148702e-03 
 4.016141e+01  9.158206e-03 
 4.016181e+01  9.168046e-03 
 4.016221e+01  9.178208e-03 
 4.016261e+01  9.188737e-03 
 4.016300e+01  9.199678e-03 
 4.016340e+01  9.211088e-03 
 4.016380e+01  9.223024e-03 
 4.016420e+01  9.235516e-03 
 4.016459e+01  9.248619e-03 
 4.016499e+01  9.262330e-03 
 4.016539e+01  9.276679e-03 
 4.016579e+01  9.291606e-03 
 4.016618e+01  9.307131e-03 
 4.016658e+01  9.323241e-03 
 4.016698e+01  9.339916e-03 
 4.016738e+01  9.357146e-03 
 4.016778e+01  9.374823e-03 
 4.016817e+01  9.392855e-03 
 4.016857e+01  9.411130e-03 
 4.016897e+01  9.429514e-03 
 4.016937e+01  9.447987e-03 
 4.016976e+01  9.466476e-03 
 4.017016e+01  9.485050e-03 
 4.017056e+01  9.503803e-03 
 4.017096e+01  9.522798e-03 
 4.017135e+01  9.542172e-03 
 4.017175e+01  9.561951e-03 
 4.017215e+01  9.582102e-03 
 4.017255e+01  9.602629e-03 
 4.017295e+01  9.623516e-03 
 4.017334e+01  9.644797e-03 
 4.017374e+01  9.666428e-03 
 4.017414e+01  9.688403e-03 
 4.017454e+01  9.710639e-03 
 4.017493e+01  9.733090e-03 
 4.017533e+01  9.755622e-03 
 4.017573e+01  9.778127e-03 
 4.017613e+01  9.800540e-03 
 4.017652e+01  9.822815e-03 
 4.017692e+01  9.844904e-03 
 4.017732e+01  9.866845e-03 
 4.017772e+01  9.888608e-03 
 4.017812e+01  9.910200e-03 
 4.017851e+01  9.931593e-03 
 4.017891e+01  9.952788e-03 
 4.017931e+01  9.973826e-03 
 4.017971e+01  9.994801e-03 
 4.018010e+01  1.001583e-02 
 4.018050e+01  1.003706e-02 
 4.018090e+01  1.005869e-02 
 4.018130e+01  1.008080e-02 
 4.018169e+01  1.010352e-02 
 4.018209e+01  1.012694e-02 
 4.018249e+01  1.015107e-02 
 4.018289e+01  1.017594e-02 
 4.018329e+01  1.020155e-02 
 4.018368e+01  1.022791e-02 
 4.018408e+01  1.025500e-02 
 4.018448e+01  1.028273e-02 
 4.018488e+01  1.031103e-02 
 4.018527e+01  1.033974e-02 
 4.018567e+01  1.036873e-02 
 4.018607e+01  1.039790e-02 
 4.018647e+01  1.042713e-02 
 4.018686e+01  1.045635e-02 
 4.018726e+01  1.048549e-02 
 4.018766e+01  1.051453e-02 
 4.018806e+01  1.054346e-02 
 4.018846e+01  1.057229e-02 
 4.018885e+01  1.060106e-02 
 4.018925e+01  1.062975e-02 
 4.018965e+01  1.065837e-02 
 4.019005e+01  1.068686e-02 
 4.019044e+01  1.071522e-02 
 4.019084e+01  1.074339e-02 
 4.019124e+01  1.077125e-02 
 4.019164e+01  1.079871e-02 
 4.019203e+01  1.082562e-02 
 4.019243e+01  1.085183e-02 
 4.019283e+01  1.087726e-02 
 4.019323e+01  1.090184e-02 
 4.019363e+01  1.092542e-02 
 4.019402e+01  1.094797e-02 
 4.019442e+01  1.096950e-02 
 4.019482e+01  1.098992e-02 
 4.019522e+01  1.100932e-02 
 4.019561e+01  1.102781e-02 
 4.019601e+01  1.104540e-02 
 4.019641e+01  1.106220e-02 
 4.019681e+01  1.107842e-02 
 4.019720e+01  1.109416e-02 
 4.019760e+01  1.110954e-02 
 4.019800e+01  1.112466e-02 
 4.019840e+01  1.113961e-02 
 4.019880e+01  1.115440e-02 
 4.019919e+01  1.116908e-02 
 4.019959e+01  1.118363e-02 
 4.019999e+01  1.119799e-02 
 4.020039e+01  1.121203e-02 
 4.020078e+01  1.122565e-02 
 4.020118e+01  1.123873e-02 
 4.020158e+01  1.125116e-02 
 4.020198e+01  1.126282e-02 
 4.020237e+01  1.127367e-02 
 4.020277e+01  1.128361e-02 
 4.020317e+01  1.129260e-02 
 4.020357e+01  1.130052e-02 
 4.020397e+01  1.130728e-02 
 4.020436e+01  1.131281e-02 
 4.020476e+01  1.131705e-02 
 4.020516e+01  1.132006e-02 
 4.020556e+01  1.132191e-02 
 4.020595e+01  1.132272e-02 
 4.020635e+01  1.132259e-02 
 4.020675e+01  1.132171e-02 
 4.020715e+01  1.132012e-02 
 4.020754e+01  1.131787e-02 
 4.020794e+01  1.131500e-02 
 4.020834e+01  1.131146e-02 
 4.020874e+01  1.130729e-02 
 4.020914e+01  1.130247e-02 
 4.020953e+01  1.129704e-02 
 4.020993e+01  1.129093e-02 
 4.021033e+01  1.128414e-02 
 4.021073e+01  1.127661e-02 
 4.021112e+01  1.126830e-02 
 4.021152e+01  1.125922e-02 
 4.021192e+01  1.124936e-02 
 4.021232e+01  1.123873e-02 
 4.021272e+01  1.122738e-02 
 4.021311e+01  1.121536e-02 
 4.021351e+01  1.120267e-02 
 4.021391e+01  1.118931e-02 
 4.021431e+01  1.117526e-02 
 4.021470e+01  1.116057e-02 
 4.021510e+01  1.114528e-02 
 4.021550e+01  1.112941e-02 
 4.021590e+01  1.111300e-02 
 4.021629e+01  1.109607e-02 
 4.021669e+01  1.107869e-02 
 4.021709e+01  1.106087e-02 
 4.021749e+01  1.104262e-02 
 4.021789e+01  1.102397e-02 
 4.021828e+01  1.100488e-02 
 4.021868e+01  1.098536e-02 
 4.021908e+01  1.096542e-02 
 4.021948e+01  1.094502e-02 
 4.021987e+01  1.092411e-02 
 4.022027e+01  1.090266e-02 
 4.022067e+01  1.088061e-02 
 4.022107e+01  1.085798e-02 
 4.022146e+01  1.083476e-02 
 4.022186e+01  1.081101e-02 
 4.022226e+01  1.078679e-02 
 4.022266e+01  1.076226e-02 
 4.022306e+01  1.073749e-02 
 4.022345e+01  1.071259e-02 
 4.022385e+01  1.068765e-02 
 4.022425e+01  1.066275e-02 
 4.022465e+01  1.063798e-02 
 4.022504e+01  1.061334e-02 
 4.022544e+01  1.058887e-02 
 4.022584e+01  1.056454e-02 
 4.022624e+01  1.054033e-02 
 4.022663e+01  1.051616e-02 
 4.022703e+01  1.049197e-02 
 4.022743e+01  1.046769e-02 
 4.022783e+01  1.044328e-02 
 4.022823e+01  1.041865e-02 
 4.022862e+01  1.039374e-02 
 4.022902e+01  1.036848e-02 
 4.022942e+01  1.034278e-02 
 4.022982e+01  1.031649e-02 
 4.023021e+01  1.028955e-02 
 4.023061e+01  1.026188e-02 
 4.023101e+01  1.023345e-02 
 4.023141e+01  1.020430e-02 
 4.023180e+01  1.017449e-02 
 4.023220e+01  1.014412e-02 
 4.023260e+01  1.011327e-02 
 4.023300e+01  1.008204e-02 
 4.023340e+01  1.005054e-02 
 4.023379e+01  1.001884e-02 
 4.023419e+01  9.987084e-03 
 4.023459e+01  9.955399e-03 
 4.023499e+01  9.923939e-03 
 4.023538e+01  9.892784e-03 
 4.023578e+01  9.861986e-03 
 4.023618e+01  9.831583e-03 
 4.023658e+01  9.801597e-03 
 4.023697e+01  9.772041e-03 
 4.023737e+01  9.742892e-03 
 4.023777e+01  9.714170e-03 
 4.023817e+01  9.685888e-03 
 4.023857e+01  9.658139e-03 
 4.023896e+01  9.631008e-03 
 4.023936e+01  9.604561e-03 
 4.023976e+01  9.578889e-03 
 4.024016e+01  9.554039e-03 
 4.024055e+01  9.530143e-03 
 4.024095e+01  9.507234e-03 
 4.024135e+01  9.485329e-03 
 4.024175e+01  9.464419e-03 
 4.024214e+01  9.444498e-03 
 4.024254e+01  9.425566e-03 
 4.024294e+01  9.407599e-03 
 4.024334e+01  9.390532e-03 
 4.024374e+01  9.374282e-03 
 4.024413e+01  9.358762e-03 
 4.024453e+01  9.343878e-03 
 4.024493e+01  9.329527e-03 
 4.024533e+01  9.315535e-03 
 4.024572e+01  9.301766e-03 
 4.024612e+01  9.288109e-03 
 4.024652e+01  9.274459e-03 
 4.024692e+01  9.260782e-03 
 4.024731e+01  9.247026e-03 
 4.024771e+01  9.233130e-03 
 4.024811e+01  9.219082e-03 
 4.024851e+01  9.204892e-03 
 4.024891e+01  9.190635e-03 
 4.024930e+01  9.176316e-03 
 4.024970e+01  9.162017e-03 
 4.025010e+01  9.147837e-03 
 4.025050e+01  9.133902e-03 
 4.025089e+01  9.120385e-03 
 4.025129e+01  9.107405e-03 
 4.025169e+01  9.095060e-03 
 4.025209e+01  9.083365e-03 
 4.025248e+01  9.072343e-03 
 4.025288e+01  9.062031e-03 
 4.025328e+01  9.052424e-03 
 4.025368e+01  9.043457e-03 
 4.025408e+01  9.035095e-03 
 4.025447e+01  9.027276e-03 
 4.025487e+01  9.019926e-03 
 4.025527e+01  9.012963e-03 
 4.025567e+01  9.006336e-03 
 4.025606e+01  8.999953e-03 
 4.025646e+01  8.993832e-03 
 4.025686e+01  8.988064e-03 
 4.025726e+01  8.982775e-03 
 4.025765e+01  8.978052e-03 
 4.025805e+01  8.974021e-03 
 4.025845e+01  8.970827e-03 
 4.025885e+01  8.968602e-03 
 4.025925e+01  8.967401e-03 
 4.025964e+01  8.967296e-03 
 4.026004e+01  8.968379e-03 
 4.026044e+01  8.970720e-03 
 4.026084e+01  8.974398e-03 
 4.026123e+01  8.979429e-03 
 4.026163e+01  8.985755e-03 
 4.026203e+01  8.993289e-03 
 4.026243e+01  9.001888e-03 
 4.026282e+01  9.011401e-03 
 4.026322e+01  9.021683e-03 
 4.026362e+01  9.032594e-03 
 4.026402e+01  9.044014e-03 
 4.026442e+01  9.055869e-03 
 4.026481e+01  9.068130e-03 
 4.026521e+01  9.080764e-03 
 4.026561e+01  9.093779e-03 
 4.026601e+01  9.107185e-03 
 4.026640e+01  9.121045e-03 
 4.026680e+01  9.135383e-03 
 4.026720e+01  9.150238e-03 
 4.026760e+01  9.165654e-03 
 4.026799e+01  9.181676e-03 
 4.026839e+01  9.198320e-03 
 4.026879e+01  9.215578e-03 
 4.026919e+01  9.233457e-03 
 4.026959e+01  9.251934e-03 
 4.026998e+01  9.270942e-03 
 4.027038e+01  9.290433e-03 
 4.027078e+01  9.310316e-03 
 4.027118e+01  9.330500e-03 
 4.027157e+01  9.350878e-03 
 4.027197e+01  9.371308e-03 
 4.027237e+01  9.391719e-03 
 4.027277e+01  9.412057e-03 
 4.027316e+01  9.432324e-03 
 4.027356e+01  9.452574e-03 
 4.027396e+01  9.472902e-03 
 4.027436e+01  9.493427e-03 
 4.027476e+01  9.514296e-03 
 4.027515e+01  9.535699e-03 
 4.027555e+01  9.557737e-03 
 4.027595e+01  9.580500e-03 
 4.027635e+01  9.604059e-03 
 4.027674e+01  9.628468e-03 
 4.027714e+01  9.653766e-03 
 4.027754e+01  9.679972e-03 
 4.027794e+01  9.707042e-03 
 4.027833e+01  9.734993e-03 
 4.027873e+01  9.763756e-03 
 4.027913e+01  9.793295e-03 
 4.027953e+01  9.823498e-03 
 4.027993e+01  9.854219e-03 
 4.028032e+01  9.885331e-03 
 4.028072e+01  9.916654e-03 
 4.028112e+01  9.948039e-03 
 4.028152e+01  9.979338e-03 
 4.028191e+01  1.001044e-02 
 4.028231e+01  1.004130e-02 
 4.028271e+01  1.007194e-02 
 4.028311e+01  1.010230e-02 
 4.028350e+01  1.013242e-02 
 4.028390e+01  1.016231e-02 
 4.028430e+01  1.019196e-02 
 4.028470e+01  1.022129e-02 
 4.028510e+01  1.025022e-02 
 4.028549e+01  1.027864e-02 
 4.028589e+01  1.030650e-02 
 4.028629e+01  1.033369e-02 
 4.028669e+01  1.036020e-02 
 4.028708e+01  1.038592e-02 
 4.028748e+01  1.041080e-02 
 4.028788e+01  1.043475e-02 
 4.028828e+01  1.045773e-02 
 4.028867e+01  1.047968e-02 
 4.028907e+01  1.050053e-02 
 4.028947e+01  1.052024e-02 
 4.028987e+01  1.053887e-02 
 4.029027e+01  1.055652e-02 
 4.029066e+01  1.057329e-02 
 4.029106e+01  1.058930e-02 
 4.029146e+01  1.060468e-02 
 4.029186e+01  1.061953e-02 
 4.029225e+01  1.063403e-02 
 4.029265e+01  1.064833e-02 
 4.029305e+01  1.066261e-02 
 4.029345e+01  1.067695e-02 
 4.029384e+01  1.069151e-02 
 4.029424e+01  1.070635e-02 
 4.029464e+01  1.072158e-02 
 4.029504e+01  1.073724e-02 
 4.029544e+01  1.075330e-02 
 4.029583e+01  1.076972e-02 
 4.029623e+01  1.078646e-02 
 4.029663e+01  1.080346e-02 
 4.029703e+01  1.082062e-02 
 4.029742e+01  1.083780e-02 
 4.029782e+01  1.085485e-02 
 4.029822e+01  1.087165e-02 
 4.029862e+01  1.088808e-02 
 4.029901e+01  1.090406e-02 
 4.029941e+01  1.091950e-02 
 4.029981e+01  1.093432e-02 
 4.030021e+01  1.094852e-02 
 4.030061e+01  1.096208e-02 
 4.030100e+01  1.097504e-02 
 4.030140e+01  1.098738e-02 
 4.030180e+01  1.099911e-02 
 4.030220e+01  1.101024e-02 
 4.030259e+01  1.102077e-02 
 4.030299e+01  1.103068e-02 
 4.030339e+01  1.103996e-02 
 4.030379e+01  1.104856e-02 
 4.030419e+01  1.105643e-02 
 4.030458e+01  1.106357e-02 
 4.030498e+01  1.106999e-02 
 4.030538e+01  1.107566e-02 
 4.030578e+01  1.108055e-02 
 4.030617e+01  1.108461e-02 
 4.030657e+01  1.108773e-02 
 4.030697e+01  1.108979e-02 
 4.030737e+01  1.109073e-02 
 4.030776e+01  1.109045e-02 
 4.030816e+01  1.108897e-02 
 4.030856e+01  1.108634e-02 
 4.030896e+01  1.108266e-02 
 4.030936e+01  1.107803e-02 
 4.030975e+01  1.107258e-02 
 4.031015e+01  1.106641e-02 
 4.031055e+01  1.105963e-02 
 4.031095e+01  1.105237e-02 
 4.031134e+01  1.104473e-02 
 4.031174e+01  1.103677e-02 
 4.031214e+01  1.102869e-02 
 4.031254e+01  1.102058e-02 
 4.031293e+01  1.101246e-02 
 4.031333e+01  1.100434e-02 
 4.031373e+01  1.099624e-02 
 4.031413e+01  1.098812e-02 
 4.031453e+01  1.097992e-02 
 4.031492e+01  1.097165e-02 
 4.031532e+01  1.096326e-02 
 4.031572e+01  1.095478e-02 
 4.031612e+01  1.094615e-02 
 4.031651e+01  1.093739e-02 
 4.031691e+01  1.092851e-02 
 4.031731e+01  1.091947e-02 
 4.031771e+01  1.091020e-02 
 4.031810e+01  1.090069e-02 
 4.031850e+01  1.089094e-02 
 4.031890e+01  1.088096e-02 
 4.031930e+01  1.087085e-02 
 4.031970e+01  1.086060e-02 
 4.032009e+01  1.085024e-02 
 4.032049e+01  1.083979e-02 
 4.032089e+01  1.082922e-02 
 4.032129e+01  1.081851e-02 
 4.032168e+01  1.080758e-02 
 4.032208e+01  1.079636e-02 
 4.032248e+01  1.078480e-02 
 4.032288e+01  1.077280e-02 
 4.032327e+01  1.076024e-02 
 4.032367e+01  1.074699e-02 
 4.032407e+01  1.073288e-02 
 4.032447e+01  1.071776e-02 
 4.032487e+01  1.070158e-02 
 4.032526e+01  1.068426e-02 
 4.032566e+01  1.066576e-02 
 4.032606e+01  1.064612e-02 
 4.032646e+01  1.062532e-02 
 4.032685e+01  1.060343e-02 
 4.032725e+01  1.058052e-02 
 4.032765e+01  1.055670e-02 
 4.032805e+01  1.053209e-02 
 4.032844e+01  1.050684e-02 
 4.032884e+01  1.048110e-02 
 4.032924e+01  1.045503e-02 
 4.032964e+01  1.042877e-02 
 4.033004e+01  1.040245e-02 
 4.033043e+01  1.037615e-02 
 4.033083e+01  1.034994e-02 
 4.033123e+01  1.032386e-02 
 4.033163e+01  1.029795e-02 
 4.033202e+01  1.027217e-02 
 4.033242e+01  1.024654e-02 
 4.033282e+01  1.022096e-02 
 4.033322e+01  1.019537e-02 
 4.033361e+01  1.016973e-02 
 4.033401e+01  1.014408e-02 
 4.033441e+01  1.011843e-02 
 4.033481e+01  1.009276e-02 
 4.033521e+01  1.006707e-02 
 4.033560e+01  1.004137e-02 
 4.033600e+01  1.001567e-02 
 4.033640e+01  9.989979e-03 
 4.033680e+01  9.964303e-03 
 4.033719e+01  9.938673e-03 
 4.033759e+01  9.913175e-03 
 4.033799e+01  9.887853e-03 
 4.033839e+01  9.862749e-03 
 4.033878e+01  9.837860e-03 
 4.033918e+01  9.813157e-03 
 4.033958e+01  9.788501e-03 
 4.033998e+01  9.763796e-03 
 4.034038e+01  9.738975e-03 
 4.034077e+01  9.713943e-03 
 4.034117e+01  9.688699e-03 
 4.034157e+01  9.663168e-03 
 4.034197e+01  9.637339e-03 
 4.034236e+01  9.611235e-03 
 4.034276e+01  9.584889e-03 
 4.034316e+01  9.558382e-03 
 4.034356e+01  9.531842e-03 
 4.034395e+01  9.505462e-03 
 4.034435e+01  9.479432e-03 
 4.034475e+01  9.454000e-03 
 4.034515e+01  9.429390e-03 
 4.034555e+01  9.405769e-03 
 4.034594e+01  9.383339e-03 
 4.034634e+01  9.362232e-03 
 4.034674e+01  9.342551e-03 
 4.034714e+01  9.324427e-03 
 4.034753e+01  9.307874e-03 
 4.034793e+01  9.292888e-03 
 4.034833e+01  9.279379e-03 
 4.034873e+01  9.267229e-03 
 4.034912e+01  9.256287e-03 
 4.034952e+01  9.246301e-03 
 4.034992e+01  9.237117e-03 
 4.035032e+01  9.228592e-03 
 4.035072e+01  9.220594e-03 
 4.035111e+01  9.213084e-03 
 4.035151e+01  9.206025e-03 
 4.035191e+01  9.199484e-03 
 4.035231e+01  9.193418e-03 
 4.035270e+01  9.187876e-03 
 4.035310e+01  9.182894e-03 
 4.035350e+01  9.178497e-03 
 4.035390e+01  9.174778e-03 
 4.035429e+01  9.171750e-03 
 4.035469e+01  9.169506e-03 
 4.035509e+01  9.168082e-03 
 4.035549e+01  9.167468e-03 
 4.035589e+01  9.167758e-03 
 4.035628e+01  9.168954e-03 
 4.035668e+01  9.171011e-03 
 4.035708e+01  9.173841e-03 
 4.035748e+01  9.177381e-03 
 4.035787e+01  9.181572e-03 
 4.035827e+01  9.186276e-03 
 4.035867e+01  9.191438e-03 
 4.035907e+01  9.197009e-03 
 4.035946e+01  9.202937e-03 
 4.035986e+01  9.209262e-03 
 4.036026e+01  9.216026e-03 
 4.036066e+01  9.223260e-03 
 4.036106e+01  9.231017e-03 
 4.036145e+01  9.239288e-03 
 4.036185e+01  9.248093e-03 
 4.036225e+01  9.257508e-03 
 4.036265e+01  9.267604e-03 
 4.036304e+01  9.278456e-03 
 4.036344e+01  9.290175e-03 
 4.036384e+01  9.302867e-03 
 4.036424e+01  9.316534e-03 
 4.036463e+01  9.331199e-03 
 4.036503e+01  9.346836e-03 
 4.036543e+01  9.363345e-03 
 4.036583e+01  9.380600e-03 
 4.036623e+01  9.398471e-03 
 4.036662e+01  9.416851e-03 
 4.036702e+01  9.435625e-03 
 4.036742e+01  9.454713e-03 
 4.036782e+01  9.474044e-03 
 4.036821e+01  9.493597e-03 
 4.036861e+01  9.513303e-03 
 4.036901e+01  9.533188e-03 
 4.036941e+01  9.553259e-03 
 4.036980e+01  9.573547e-03 
 4.037020e+01  9.594078e-03 
 4.037060e+01  9.614909e-03 
 4.037100e+01  9.636138e-03 
 4.037140e+01  9.657810e-03 
 4.037179e+01  9.679997e-03 
 4.037219e+01  9.702723e-03 
 4.037259e+01  9.726007e-03 
 4.037299e+01  9.749837e-03 
 4.037338e+01  9.774162e-03 
 4.037378e+01  9.798951e-03 
 4.037418e+01  9.824146e-03 
 4.037458e+01  9.849636e-03 
 4.037497e+01  9.875296e-03 
 4.037537e+01  9.901012e-03 
 4.037577e+01  9.926648e-03 
 4.037617e+01  9.952123e-03 
 4.037657e+01  9.977310e-03 
 4.037696e+01  1.000212e-02 
 4.037736e+01  1.002654e-02 
 4.037776e+01  1.005050e-02 
 4.037816e+01  1.007402e-02 
 4.037855e+01  1.009709e-02 
 4.037895e+01  1.011969e-02 
 4.037935e+01  1.014181e-02 
 4.037975e+01  1.016354e-02 
 4.038014e+01  1.018493e-02 
 4.038054e+01  1.020603e-02 
 4.038094e+01  1.022689e-02 
 4.038134e+01  1.024750e-02 
 4.038174e+01  1.026788e-02 
 4.038213e+01  1.028799e-02 
 4.038253e+01  1.030781e-02 
 4.038293e+01  1.032731e-02 
 4.038333e+01  1.034643e-02 
 4.038372e+01  1.036512e-02 
 4.038412e+01  1.038335e-02 
 4.038452e+01  1.040112e-02 
 4.038492e+01  1.041836e-02 
 4.038531e+01  1.043504e-02 
 4.038571e+01  1.045126e-02 
 4.038611e+01  1.046703e-02 
 4.038651e+01  1.048244e-02 
 4.038691e+01  1.049757e-02 
 4.038730e+01  1.051250e-02 
 4.038770e+01  1.052723e-02 
 4.038810e+01  1.054180e-02 
 4.038850e+01  1.055625e-02 
 4.038889e+01  1.057061e-02 
 4.038929e+01  1.058490e-02 
 4.038969e+01  1.059914e-02 
 4.039009e+01  1.061331e-02 
 4.039048e+01  1.062737e-02 
 4.039088e+01  1.064127e-02 
 4.039128e+01  1.065493e-02 
 4.039168e+01  1.066832e-02 
 4.039208e+01  1.068133e-02 
 4.039247e+01  1.069393e-02 
 4.039287e+01  1.070605e-02 
 4.039327e+01  1.071760e-02 
 4.039367e+01  1.072847e-02 
 4.039406e+01  1.073857e-02 
 4.039446e+01  1.074785e-02 
 4.039486e+01  1.075627e-02 
 4.039526e+01  1.076390e-02 
 4.039566e+01  1.077084e-02 
 4.039605e+01  1.077721e-02 
 4.039645e+01  1.078318e-02 
 4.039685e+01  1.078887e-02 
 4.039725e+01  1.079442e-02 
 4.039764e+01  1.079999e-02 
 4.039804e+01  1.080571e-02 
 4.039844e+01  1.081170e-02 
 4.039884e+01  1.081809e-02 
 4.039923e+01  1.082497e-02 
 4.039963e+01  1.083240e-02 
 4.040003e+01  1.084041e-02 
 4.040043e+01  1.084892e-02 
 4.040083e+01  1.085785e-02 
 4.040122e+01  1.086704e-02 
 4.040162e+01  1.087642e-02 
 4.040202e+01  1.088590e-02 
 4.040242e+01  1.089539e-02 
 4.040281e+01  1.090479e-02 
 4.040321e+01  1.091401e-02 
 4.040361e+01  1.092291e-02 
 4.040401e+01  1.093136e-02 
 4.040440e+01  1.093926e-02 
 4.040480e+01  1.094652e-02 
 4.040520e+01  1.095309e-02 
 4.040560e+01  1.095892e-02 
 4.040600e+01  1.096404e-02 
 4.040639e+01  1.096848e-02 
 4.040679e+01  1.097227e-02 
 4.040719e+01  1.097544e-02 
 4.040759e+01  1.097799e-02 
 4.040798e+01  1.097993e-02 
 4.040838e+01  1.098122e-02 
 4.040878e+01  1.098188e-02 
 4.040918e+01  1.098184e-02 
 4.040957e+01  1.098103e-02 
 4.040997e+01  1.097932e-02 
 4.041037e+01  1.097671e-02 
 4.041077e+01  1.097306e-02 
 4.041117e+01  1.096836e-02 
 4.041156e+01  1.096259e-02 
 4.041196e+01  1.095567e-02 
 4.041236e+01  1.094768e-02 
 4.041276e+01  1.093864e-02 
 4.041315e+01  1.092860e-02 
 4.041355e+01  1.091767e-02 
 4.041395e+01  1.090597e-02 
 4.041435e+01  1.089371e-02 
 4.041474e+01  1.088104e-02 
 4.041514e+01  1.086814e-02 
 4.041554e+01  1.085514e-02 
 4.041594e+01  1.084211e-02 
 4.041634e+01  1.082913e-02 
 4.041673e+01  1.081619e-02 
 4.041713e+01  1.080332e-02 
 4.041753e+01  1.079049e-02 
 4.041793e+01  1.077769e-02 
 4.041832e+01  1.076491e-02 
 4.041872e+01  1.075198e-02 
 4.041912e+01  1.073872e-02 
 4.041952e+01  1.072505e-02 
 4.041991e+01  1.071076e-02 
 4.042031e+01  1.069570e-02 
 4.042071e+01  1.067971e-02 
 4.042111e+01  1.066271e-02 
 4.042151e+01  1.064468e-02 
 4.042190e+01  1.062559e-02 
 4.042230e+01  1.060553e-02 
 4.042270e+01  1.058454e-02 
 4.042310e+01  1.056270e-02 
 4.042349e+01  1.054012e-02 
 4.042389e+01  1.051696e-02 
 4.042429e+01  1.049334e-02 
 4.042469e+01  1.046937e-02 
 4.042508e+01  1.044511e-02 
 4.042548e+01  1.042061e-02 
 4.042588e+01  1.039590e-02 
 4.042628e+01  1.037098e-02 
 4.042668e+01  1.034585e-02 
 4.042707e+01  1.032049e-02 
 4.042747e+01  1.029490e-02 
 4.042787e+01  1.026912e-02 
 4.042827e+01  1.024315e-02 
 4.042866e+01  1.021697e-02 
 4.042906e+01  1.019053e-02 
 4.042946e+01  1.016381e-02 
 4.042986e+01  1.013677e-02 
 4.043025e+01  1.010938e-02 
 4.043065e+01  1.008165e-02 
 4.043105e+01  1.005367e-02 
 4.043145e+01  1.002550e-02 
 4.043185e+01  9.997256e-03 
 4.043224e+01  9.969082e-03 
 4.043264e+01  9.941044e-03 
 4.043304e+01  9.913185e-03 
 4.043344e+01  9.885537e-03 
 4.043383e+01  9.858069e-03 
 4.043423e+01  9.830755e-03 
 4.043463e+01  9.803583e-03 
 4.043503e+01  9.776448e-03 
 4.043542e+01  9.749276e-03 
 4.043582e+01  9.722044e-03 
 4.043622e+01  9.694651e-03 
 4.043662e+01  9.667007e-03 
 4.043702e+01  9.639077e-03 
 4.043741e+01  9.610830e-03 
 4.043781e+01  9.582319e-03 
 4.043821e+01  9.553601e-03 
 4.043861e+01  9.524828e-03 
 4.043900e+01  9.496115e-03 
 4.043940e+01  9.467613e-03 
 4.043980e+01  9.439538e-03 
 4.044020e+01  9.412111e-03 
 4.044059e+01  9.385565e-03 
 4.044099e+01  9.360096e-03 
 4.044139e+01  9.335923e-03 
 4.044179e+01  9.313160e-03 
 4.044219e+01  9.291846e-03 
 4.044258e+01  9.271956e-03 
 4.044298e+01  9.253388e-03 
 4.044338e+01  9.236076e-03 
 4.044378e+01  9.219927e-03 
 4.044417e+01  9.204834e-03 
 4.044457e+01  9.190710e-03 
 4.044497e+01  9.177334e-03 
 4.044537e+01  9.164579e-03 
 4.044576e+01  9.152299e-03 
 4.044616e+01  9.140381e-03 
 4.044656e+01  9.128697e-03 
 4.044696e+01  9.117111e-03 
 4.044736e+01  9.105612e-03 
 4.044775e+01  9.094191e-03 
 4.044815e+01  9.082869e-03 
 4.044855e+01  9.071676e-03 
 4.044895e+01  9.060674e-03 
 4.044934e+01  9.049955e-03 
 4.044974e+01  9.039691e-03 
 4.045014e+01  9.030020e-03 
 4.045054e+01  9.021091e-03 
 4.045093e+01  9.013009e-03 
 4.045133e+01  9.005803e-03 
 4.045173e+01  8.999512e-03 
 4.045213e+01  8.994119e-03 
 4.045253e+01  8.989609e-03 
 4.045292e+01  8.986001e-03 
 4.045332e+01  8.983318e-03 
 4.045372e+01  8.981547e-03 
 4.045412e+01  8.980659e-03 
 4.045451e+01  8.980687e-03 
 4.045491e+01  8.981635e-03 
 4.045531e+01  8.983488e-03 
 4.045571e+01  8.986295e-03 
 4.045610e+01  8.990123e-03 
 4.045650e+01  8.995097e-03 
 4.045690e+01  9.001264e-03 
 4.045730e+01  9.008720e-03 
 4.045770e+01  9.017555e-03 
 4.045809e+01  9.027785e-03 
 4.045849e+01  9.039432e-03 
 4.045889e+01  9.052532e-03 
 4.045929e+01  9.067096e-03 
 4.045968e+01  9.083053e-03 
 4.046008e+01  9.100344e-03 
 4.046048e+01  9.118889e-03 
 4.046088e+01  9.138548e-03 
 4.046127e+01  9.159120e-03 
 4.046167e+01  9.180453e-03 
 4.046207e+01  9.202344e-03 
 4.046247e+01  9.224548e-03 
 4.046287e+01  9.246862e-03 
 4.046326e+01  9.269106e-03 
 4.046366e+01  9.291204e-03 
 4.046406e+01  9.313060e-03 
 4.046446e+01  9.334615e-03 
 4.046485e+01  9.355834e-03 
 4.046525e+01  9.376756e-03 
 4.046565e+01  9.397411e-03 
 4.046605e+01  9.417851e-03 
 4.046644e+01  9.438145e-03 
 4.046684e+01  9.458365e-03 
 4.046724e+01  9.478601e-03 
 4.046764e+01  9.498985e-03 
 4.046804e+01  9.519610e-03 
 4.046843e+01  9.540585e-03 
 4.046883e+01  9.561937e-03 
 4.046923e+01  9.583654e-03 
 4.046963e+01  9.605797e-03 
 4.047002e+01  9.628335e-03 
 4.047042e+01  9.651251e-03 
 4.047082e+01  9.674456e-03 
 4.047122e+01  9.697849e-03 
 4.047161e+01  9.721376e-03 
 4.047201e+01  9.744936e-03 
 4.047241e+01  9.768479e-03 
 4.047281e+01  9.791984e-03 
 4.047321e+01  9.815461e-03 
 4.047360e+01  9.838920e-03 
 4.047400e+01  9.862399e-03 
 4.047440e+01  9.885913e-03 
 4.047480e+01  9.909496e-03 
 4.047519e+01  9.933171e-03 
 4.047559e+01  9.956991e-03 
 4.047599e+01  9.980955e-03 
 4.047639e+01  1.000514e-02 
 4.047678e+01  1.002955e-02 
 4.047718e+01  1.005419e-02 
 4.047758e+01  1.007899e-02 
 4.047798e+01  1.010393e-02 
 4.047838e+01  1.012895e-02 
 4.047877e+01  1.015405e-02 
 4.047917e+01  1.017919e-02 
 4.047957e+01  1.020436e-02 
 4.047997e+01  1.022953e-02 
 4.048036e+01  1.025461e-02 
 4.048076e+01  1.027956e-02 
 4.048116e+01  1.030433e-02 
 4.048156e+01  1.032887e-02 
 4.048195e+01  1.035316e-02 
 4.048235e+01  1.037722e-02 
 4.048275e+01  1.040114e-02 
 4.048315e+01  1.042495e-02 
 4.048355e+01  1.044875e-02 
 4.048394e+01  1.047267e-02 
 4.048434e+01  1.049667e-02 
 4.048474e+01  1.052075e-02 
 4.048514e+01  1.054493e-02 
 4.048553e+01  1.056917e-02 
 4.048593e+01  1.059345e-02 
 4.048633e+01  1.061769e-02 
 4.048673e+01  1.064180e-02 
 4.048713e+01  1.066571e-02 
 4.048752e+01  1.068924e-02 
 4.048792e+01  1.071228e-02 
 4.048832e+01  1.073466e-02 
 4.048872e+01  1.075615e-02 
 4.048911e+01  1.077659e-02 
 4.048951e+01  1.079585e-02 
 4.048991e+01  1.081385e-02 
 4.049031e+01  1.083058e-02 
 4.049070e+01  1.084601e-02 
 4.049110e+01  1.086016e-02 
 4.049150e+01  1.087314e-02 
 4.049190e+01  1.088515e-02 
 4.049230e+01  1.089639e-02 
 4.049269e+01  1.090707e-02 
 4.049309e+01  1.091741e-02 
 4.049349e+01  1.092761e-02 
 4.049389e+01  1.093785e-02 
 4.049428e+01  1.094824e-02 
 4.049468e+01  1.095890e-02 
 4.049508e+01  1.096996e-02 
 4.049548e+01  1.098147e-02 
 4.049587e+01  1.099347e-02 
 4.049627e+01  1.100594e-02 
 4.049667e+01  1.101887e-02 
 4.049707e+01  1.103213e-02 
 4.049747e+01  1.104558e-02 
 4.049786e+01  1.105905e-02 
 4.049826e+01  1.107238e-02 
 4.049866e+01  1.108552e-02 
 4.049906e+01  1.109836e-02 
 4.049945e+01  1.111086e-02 
 4.049985e+01  1.112303e-02 
 4.050025e+01  1.113488e-02 
 4.050065e+01  1.114641e-02 
 4.050104e+01  1.115766e-02 
 4.050144e+01  1.116861e-02 
 4.050184e+01  1.117928e-02 
 4.050224e+01  1.118959e-02 
 4.050264e+01  1.119951e-02 
 4.050303e+01  1.120898e-02 
 4.050343e+01  1.121791e-02 
 4.050383e+01  1.122618e-02 
 4.050423e+01  1.123377e-02 
 4.050462e+01  1.124057e-02 
 4.050502e+01  1.124646e-02 
 4.050542e+01  1.125135e-02 
 4.050582e+01  1.125513e-02 
 4.050621e+01  1.125764e-02 
 4.050661e+01  1.125877e-02 
 4.050701e+01  1.125847e-02 
 4.050741e+01  1.125675e-02 
 4.050781e+01  1.125368e-02 
 4.050820e+01  1.124941e-02 
 4.050860e+01  1.124406e-02 
 4.050900e+01  1.123789e-02 
 4.050940e+01  1.123112e-02 
 4.050979e+01  1.122395e-02 
 4.051019e+01  1.121658e-02 
 4.051059e+01  1.120918e-02 
 4.051099e+01  1.120188e-02 
 4.051138e+01  1.119481e-02 
 4.051178e+01  1.118805e-02 
 4.051218e+01  1.118164e-02 
 4.051258e+01  1.117550e-02 
 4.051298e+01  1.116959e-02 
 4.051337e+01  1.116377e-02 
 4.051377e+01  1.115790e-02 
 4.051417e+01  1.115181e-02 
 4.051457e+01  1.114530e-02 
 4.051496e+01  1.113818e-02 
 4.051536e+01  1.113029e-02 
 4.051576e+01  1.112146e-02 
 4.051616e+01  1.111155e-02 
 4.051655e+01  1.110039e-02 
 4.051695e+01  1.108787e-02 
 4.051735e+01  1.107389e-02 
 4.051775e+01  1.105843e-02 
 4.051815e+01  1.104151e-02 
 4.051854e+01  1.102319e-02 
 4.051894e+01  1.100356e-02 
 4.051934e+01  1.098274e-02 
 4.051974e+01  1.096078e-02 
 4.052013e+01  1.093781e-02 
 4.052053e+01  1.091395e-02 
 4.052093e+01  1.088928e-02 
 4.052133e+01  1.086387e-02 
 4.052172e+01  1.083778e-02 
 4.052212e+01  1.081107e-02 
 4.052252e+01  1.078370e-02 
 4.052292e+01  1.075567e-02 
 4.052332e+01  1.072695e-02 
 4.052371e+01  1.069745e-02 
 4.052411e+01  1.066717e-02 
 4.052451e+01  1.063614e-02 
 4.052491e+01  1.060446e-02 
 4.052530e+01  1.057225e-02 
 4.052570e+01  1.053966e-02 
 4.052610e+01  1.050686e-02 
 4.052650e+01  1.047400e-02 
 4.052689e+01  1.044126e-02 
 4.052729e+01  1.040876e-02 
 4.052769e+01  1.037666e-02 
 4.052809e+01  1.034504e-02 
 4.052849e+01  1.031392e-02 
 4.052888e+01  1.028331e-02 
 4.052928e+01  1.025320e-02 
 4.052968e+01  1.022350e-02 
 4.053008e+01  1.019414e-02 
 4.053047e+01  1.016499e-02 
 4.053087e+01  1.013597e-02 
 4.053127e+01  1.010701e-02 
 4.053167e+01  1.007799e-02 
 4.053206e+01  1.004881e-02 
 4.053246e+01  1.001932e-02 
 4.053286e+01  9.989458e-03 
 4.053326e+01  9.959198e-03 
 4.053366e+01  9.928590e-03 
 4.053405e+01  9.897736e-03 
 4.053445e+01  9.866728e-03 
 4.053485e+01  9.835675e-03 
 4.053525e+01  9.804744e-03 
 4.053564e+01  9.774069e-03 
 4.053604e+01  9.743789e-03 
 4.053644e+01  9.714018e-03 
 4.053684e+01  9.684817e-03 
 4.053723e+01  9.656279e-03 
 4.053763e+01  9.628509e-03 
 4.053803e+01  9.601535e-03 
 4.053843e+01  9.575357e-03 
 4.053883e+01  9.549917e-03 
 4.053922e+01  9.525140e-03 
 4.053962e+01  9.500898e-03 
 4.054002e+01  9.477051e-03 
 4.054042e+01  9.453480e-03 
 4.054081e+01  9.430047e-03 
 4.054121e+01  9.406631e-03 
 4.054161e+01  9.383105e-03 
 4.054201e+01  9.359414e-03 
 4.054240e+01  9.335561e-03 
 4.054280e+01  9.311530e-03 
 4.054320e+01  9.287425e-03 
 4.054360e+01  9.263338e-03 
 4.054400e+01  9.239363e-03 
 4.054439e+01  9.215666e-03 
 4.054479e+01  9.192371e-03 
 4.054519e+01  9.169590e-03 
 4.054559e+01  9.147414e-03 
 4.054598e+01  9.125926e-03 
 4.054638e+01  9.105258e-03 
 4.054678e+01  9.085417e-03 
 4.054718e+01  9.066460e-03 
 4.054757e+01  9.048417e-03 
 4.054797e+01  9.031267e-03 
 4.054837e+01  9.014998e-03 
 4.054877e+01  8.999590e-03 
 4.054917e+01  8.985014e-03 
 4.054956e+01  8.971212e-03 
 4.054996e+01  8.958155e-03 
 4.055036e+01  8.945838e-03 
 4.055076e+01  8.934272e-03 
 4.055115e+01  8.923568e-03 
 4.055155e+01  8.913751e-03 
 4.055195e+01  8.904968e-03 
 4.055235e+01  8.897269e-03 
 4.055274e+01  8.890789e-03 
 4.055314e+01  8.885596e-03 
 4.055354e+01  8.881819e-03 
 4.055394e+01  8.879509e-03 
 4.055434e+01  8.878648e-03 
 4.055473e+01  8.879249e-03 
 4.055513e+01  8.881264e-03 
 4.055553e+01  8.884621e-03 
 4.055593e+01  8.889223e-03 
 4.055632e+01  8.894946e-03 
 4.055672e+01  8.901642e-03 
 4.055712e+01  8.909149e-03 
 4.055752e+01  8.917305e-03 
 4.055791e+01  8.925903e-03 
 4.055831e+01  8.934758e-03 
 4.055871e+01  8.943648e-03 
 4.055911e+01  8.952443e-03 
 4.055951e+01  8.961110e-03 
 4.055990e+01  8.969641e-03 
 4.056030e+01  8.978075e-03 
 4.056070e+01  8.986552e-03 
 4.056110e+01  8.995185e-03 
 4.056149e+01  9.004076e-03 
 4.056189e+01  9.013371e-03 
 4.056229e+01  9.023256e-03 
 4.056269e+01  9.033848e-03 
 4.056308e+01  9.045260e-03 
 4.056348e+01  9.057698e-03 
 4.056388e+01  9.071223e-03 
 4.056428e+01  9.085904e-03 
 4.056468e+01  9.101727e-03 
 4.056507e+01  9.118684e-03 
 4.056547e+01  9.136707e-03 
 4.056587e+01  9.155678e-03 
 4.056627e+01  9.175491e-03 
 4.056666e+01  9.196073e-03 
 4.056706e+01  9.217343e-03 
 4.056746e+01  9.239180e-03 
 4.056786e+01  9.261468e-03 
 4.056825e+01  9.284099e-03 
 4.056865e+01  9.306997e-03 
 4.056905e+01  9.330153e-03 
 4.056945e+01  9.353561e-03 
 4.056985e+01  9.377236e-03 
 4.057024e+01  9.401184e-03 
 4.057064e+01  9.425365e-03 
 4.057104e+01  9.449753e-03 
 4.057144e+01  9.474332e-03 
 4.057183e+01  9.499008e-03 
 4.057223e+01  9.523723e-03 
 4.057263e+01  9.548460e-03 
 4.057303e+01  9.573187e-03 
 4.057342e+01  9.597867e-03 
 4.057382e+01  9.622375e-03 
 4.057422e+01  9.646585e-03 
 4.057462e+01  9.670382e-03 
 4.057502e+01  9.693589e-03 
 4.057541e+01  9.716154e-03 
 4.057581e+01  9.738044e-03 
 4.057621e+01  9.759236e-03 
 4.057661e+01  9.779798e-03 
 4.057700e+01  9.799832e-03 
 4.057740e+01  9.819464e-03 
 4.057780e+01  9.838776e-03 
 4.057820e+01  9.857887e-03 
 4.057860e+01  9.876899e-03 
 4.057899e+01  9.895953e-03 
 4.057939e+01  9.915214e-03 
 4.057979e+01  9.934859e-03 
 4.058019e+01  9.955002e-03 
 4.058058e+01  9.975741e-03 
 4.058098e+01  9.997183e-03 
 4.058138e+01  1.001940e-02 
 4.058178e+01  1.004240e-02 
 4.058217e+01  1.006616e-02 
 4.058257e+01  1.009062e-02 
 4.058297e+01  1.011570e-02 
 4.058337e+01  1.014123e-02 
 4.058377e+01  1.016705e-02 
 4.058416e+01  1.019302e-02 
 4.058456e+01  1.021895e-02 
 4.058496e+01  1.024472e-02 
 4.058536e+01  1.027030e-02 
 4.058575e+01  1.029564e-02 
 4.058615e+01  1.032072e-02 
 4.058655e+01  1.034556e-02 
 4.058695e+01  1.037016e-02 
 4.058734e+01  1.039452e-02 
 4.058774e+01  1.041869e-02 
 4.058814e+01  1.044269e-02 
 4.058854e+01  1.046659e-02 
 4.058894e+01  1.049051e-02 
 4.058933e+01  1.051451e-02 
 4.058973e+01  1.053860e-02 
 4.059013e+01  1.056286e-02 
 4.059053e+01  1.058725e-02 
 4.059092e+01  1.061172e-02 
 4.059132e+01  1.063620e-02 
 4.059172e+01  1.066057e-02 
 4.059212e+01  1.068466e-02 
 4.059251e+01  1.070834e-02 
 4.059291e+01  1.073146e-02 
 4.059331e+01  1.075388e-02 
 4.059371e+01  1.077549e-02 
 4.059411e+01  1.079620e-02 
 4.059450e+01  1.081597e-02 
 4.059490e+01  1.083484e-02 
 4.059530e+01  1.085292e-02 
 4.059570e+01  1.087026e-02 
 4.059609e+01  1.088698e-02 
 4.059649e+01  1.090315e-02 
 4.059689e+01  1.091885e-02 
 4.059729e+01  1.093417e-02 
 4.059768e+01  1.094928e-02 
 4.059808e+01  1.096419e-02 
 4.059848e+01  1.097894e-02 
 4.059888e+01  1.099354e-02 
 4.059928e+01  1.100790e-02 
 4.059967e+01  1.102194e-02 
 4.060007e+01  1.103549e-02 
 4.060047e+01  1.104837e-02 
 4.060087e+01  1.106041e-02 
 4.060126e+01  1.107151e-02 
 4.060166e+01  1.108158e-02 
 4.060206e+01  1.109055e-02 
 4.060246e+01  1.109845e-02 
 4.060285e+01  1.110526e-02 
 4.060325e+01  1.111106e-02 
 4.060365e+01  1.111594e-02 
 4.060405e+01  1.111994e-02 
 4.060445e+01  1.112326e-02 
 4.060484e+01  1.112600e-02 
 4.060524e+01  1.112829e-02 
 4.060564e+01  1.113019e-02 
 4.060604e+01  1.113182e-02 
 4.060643e+01  1.113327e-02 
 4.060683e+01  1.113458e-02 
 4.060723e+01  1.113583e-02 
 4.060763e+01  1.113708e-02 
 4.060802e+01  1.113830e-02 
 4.060842e+01  1.113948e-02 
 4.060882e+01  1.114056e-02 
 4.060922e+01  1.114137e-02 
 4.060962e+01  1.114168e-02 
 4.061001e+01  1.114132e-02 
 4.061041e+01  1.114007e-02 
 4.061081e+01  1.113774e-02 
 4.061121e+01  1.113423e-02 
 4.061160e+01  1.112949e-02 
 4.061200e+01  1.112347e-02 
 4.061240e+01  1.111626e-02 
 4.061280e+01  1.110788e-02 
 4.061319e+01  1.109846e-02 
 4.061359e+01  1.108811e-02 
 4.061399e+01  1.107694e-02 
 4.061439e+01  1.106507e-02 
 4.061479e+01  1.105270e-02 
 4.061518e+01  1.103997e-02 
 4.061558e+01  1.102697e-02 
 4.061598e+01  1.101383e-02 
 4.061638e+01  1.100061e-02 
 4.061677e+01  1.098731e-02 
 4.061717e+01  1.097399e-02 
 4.061757e+01  1.096062e-02 
 4.061797e+01  1.094711e-02 
 4.061836e+01  1.093342e-02 
 4.061876e+01  1.091947e-02 
 4.061916e+01  1.090516e-02 
 4.061956e+01  1.089044e-02 
 4.061996e+01  1.087525e-02 
 4.062035e+01  1.085958e-02 
 4.062075e+01  1.084343e-02 
 4.062115e+01  1.082684e-02 
 4.062155e+01  1.080987e-02 
 4.062194e+01  1.079256e-02 
 4.062234e+01  1.077494e-02 
 4.062274e+01  1.075702e-02 
 4.062314e+01  1.073886e-02 
 4.062353e+01  1.072049e-02 
 4.062393e+01  1.070198e-02 
 4.062433e+01  1.068331e-02 
 4.062473e+01  1.066450e-02 
 4.062513e+01  1.064544e-02 
 4.062552e+01  1.062600e-02 
 4.062592e+01  1.060603e-02 
 4.062632e+01  1.058536e-02 
 4.062672e+01  1.056388e-02 
 4.062711e+01  1.054142e-02 
 4.062751e+01  1.051788e-02 
 4.062791e+01  1.049324e-02 
 4.062831e+01  1.046742e-02 
 4.062870e+01  1.044046e-02 
 4.062910e+01  1.041235e-02 
 4.062950e+01  1.038322e-02 
 4.062990e+01  1.035317e-02 
 4.063030e+01  1.032240e-02 
 4.063069e+01  1.029112e-02 
 4.063109e+01  1.025953e-02 
 4.063149e+01  1.022785e-02 
 4.063189e+01  1.019625e-02 
 4.063228e+01  1.016494e-02 
 4.063268e+01  1.013410e-02 
 4.063308e+01  1.010388e-02 
 4.063348e+01  1.007441e-02 
 4.063387e+01  1.004567e-02 
 4.063427e+01  1.001767e-02 
 4.063467e+01  9.990310e-03 
 4.063507e+01  9.963479e-03 
 4.063547e+01  9.937060e-03 
 4.063586e+01  9.910948e-03 
 4.063626e+01  9.885034e-03 
 4.063666e+01  9.859334e-03 
 4.063706e+01  9.833874e-03 
 4.063745e+01  9.808600e-03 
 4.063785e+01  9.783543e-03 
 4.063825e+01  9.758709e-03 
 4.063865e+01  9.734114e-03 
 4.063904e+01  9.709852e-03 
 4.063944e+01  9.685947e-03 
 4.063984e+01  9.662549e-03 
 4.064024e+01  9.639743e-03 
 4.064064e+01  9.617610e-03 
 4.064103e+01  9.596222e-03 
 4.064143e+01  9.575651e-03 
 4.064183e+01  9.555908e-03 
 4.064223e+01  9.536936e-03 
 4.064262e+01  9.518731e-03 
 4.064302e+01  9.501209e-03 
 4.064342e+01  9.484262e-03 
 4.064382e+01  9.467829e-03 
 4.064421e+01  9.451747e-03 
 4.064461e+01  9.435877e-03 
 4.064501e+01  9.420145e-03 
 4.064541e+01  9.404537e-03 
 4.064581e+01  9.389042e-03 
 4.064620e+01  9.373675e-03 
 4.064660e+01  9.358507e-03 
 4.064700e+01  9.343559e-03 
 4.064740e+01  9.328865e-03 
 4.064779e+01  9.314480e-03 
 4.064819e+01  9.300505e-03 
 4.064859e+01  9.287036e-03 
 4.064899e+01  9.274216e-03 
 4.064938e+01  9.262196e-03 
 4.064978e+01  9.251139e-03 
 4.065018e+01  9.241143e-03 
 4.065058e+01  9.232269e-03 
 4.065098e+01  9.224503e-03 
 4.065137e+01  9.217774e-03 
 4.065177e+01  9.211949e-03 
 4.065217e+01  9.206865e-03 
 4.065257e+01  9.202377e-03 
 4.065296e+01  9.198330e-03 
 4.065336e+01  9.194549e-03 
 4.065376e+01  9.190953e-03 
 4.065416e+01  9.187433e-03 
 4.065455e+01  9.183987e-03 
 4.065495e+01  9.180643e-03 
 4.065535e+01  9.177427e-03 
 4.065575e+01  9.174433e-03 
 4.065615e+01  9.171760e-03 
 4.065654e+01  9.169589e-03 
 4.065694e+01  9.168039e-03 
 4.065734e+01  9.167260e-03 
 4.065774e+01  9.167422e-03 
 4.065813e+01  9.168642e-03 
 4.065853e+01  9.171094e-03 
 4.065893e+01  9.174894e-03 
 4.065933e+01  9.180071e-03 
 4.065972e+01  9.186635e-03 
 4.066012e+01  9.194579e-03 
 4.066052e+01  9.203826e-03 
 4.066092e+01  9.214273e-03 
 4.066132e+01  9.225789e-03 
 4.066171e+01  9.238205e-03 
 4.066211e+01  9.251303e-03 
 4.066251e+01  9.264957e-03 
 4.066291e+01  9.279044e-03 
 4.066330e+01  9.293440e-03 
 4.066370e+01  9.308053e-03 
 4.066410e+01  9.322848e-03 
 4.066450e+01  9.337782e-03 
 4.066489e+01  9.352881e-03 
 4.066529e+01  9.368198e-03 
 4.066569e+01  9.383726e-03 
 4.066609e+01  9.399563e-03 
 4.066649e+01  9.415713e-03 
 4.066688e+01  9.432268e-03 
 4.066728e+01  9.449292e-03 
 4.066768e+01  9.466772e-03 
 4.066808e+01  9.484734e-03 
 4.066847e+01  9.503118e-03 
 4.066887e+01  9.521832e-03 
 4.066927e+01  9.540782e-03 
 4.066967e+01  9.559902e-03 
 4.067006e+01  9.579080e-03 
 4.067046e+01  9.598218e-03 
 4.067086e+01  9.617295e-03 
 4.067126e+01  9.636236e-03 
 4.067166e+01  9.655085e-03 
 4.067205e+01  9.673867e-03 
 4.067245e+01  9.692697e-03 
 4.067285e+01  9.711655e-03 
 4.067325e+01  9.730829e-03 
 4.067364e+01  9.750318e-03 
 4.067404e+01  9.770191e-03 
 4.067444e+01  9.790539e-03 
 4.067484e+01  9.811452e-03 
 4.067524e+01  9.833029e-03 
 4.067563e+01  9.855261e-03 
 4.067603e+01  9.878223e-03 
 4.067643e+01  9.901919e-03 
 4.067683e+01  9.926287e-03 
 4.067722e+01  9.951296e-03 
 4.067762e+01  9.976808e-03 
 4.067802e+01  1.000271e-02 
 4.067842e+01  1.002891e-02 
 4.067881e+01  1.005526e-02 
 4.067921e+01  1.008159e-02 
 4.067961e+01  1.010768e-02 
 4.068001e+01  1.013333e-02 
 4.068041e+01  1.015837e-02 
 4.068080e+01  1.018266e-02 
 4.068120e+01  1.020609e-02 
 4.068160e+01  1.022859e-02 
 4.068200e+01  1.025015e-02 
 4.068239e+01  1.027082e-02 
 4.068279e+01  1.029068e-02 
 4.068319e+01  1.030981e-02 
 4.068359e+01  1.032840e-02 
 4.068398e+01  1.034662e-02 
 4.068438e+01  1.036462e-02 
 4.068478e+01  1.038260e-02 
 4.068518e+01  1.040066e-02 
 4.068558e+01  1.041881e-02 
 4.068597e+01  1.043704e-02 
 4.068637e+01  1.045527e-02 
 4.068677e+01  1.047343e-02 
 4.068717e+01  1.049149e-02 
 4.068756e+01  1.050937e-02 
 4.068796e+01  1.052702e-02 
 4.068836e+01  1.054437e-02 
 4.068876e+01  1.056138e-02 
 4.068915e+01  1.057803e-02 
 4.068955e+01  1.059429e-02 
 4.068995e+01  1.061016e-02 
 4.069035e+01  1.062567e-02 
 4.069075e+01  1.064090e-02 
 4.069114e+01  1.065594e-02 
 4.069154e+01  1.067089e-02 
 4.069194e+01  1.068587e-02 
 4.069234e+01  1.070095e-02 
 4.069273e+01  1.071620e-02 
 4.069313e+01  1.073170e-02 
 4.069353e+01  1.074750e-02 
 4.069393e+01  1.076355e-02 
 4.069432e+01  1.077980e-02 
 4.069472e+01  1.079611e-02 
 4.069512e+01  1.081229e-02 
 4.069552e+01  1.082814e-02 
 4.069592e+01  1.084348e-02 
 4.069631e+01  1.085815e-02 
 4.069671e+01  1.087198e-02 
 4.069711e+01  1.088485e-02 
 4.069751e+01  1.089666e-02 
 4.069790e+01  1.090739e-02 
 4.069830e+01  1.091697e-02 
 4.069870e+01  1.092546e-02 
 4.069910e+01  1.093288e-02 
 4.069949e+01  1.093928e-02 
 4.069989e+01  1.094483e-02 
 4.070029e+01  1.094972e-02 
 4.070069e+01  1.095416e-02 
 4.070109e+01  1.095825e-02 
 4.070148e+01  1.096216e-02 
 4.070188e+01  1.096597e-02 
 4.070228e+01  1.096979e-02 
 4.070268e+01  1.097360e-02 
 4.070307e+01  1.097737e-02 
 4.070347e+01  1.098099e-02 
 4.070387e+01  1.098438e-02 
 4.070427e+01  1.098741e-02 
 4.070466e+01  1.098998e-02 
 4.070506e+01  1.099193e-02 
 4.070546e+01  1.099315e-02 
 4.070586e+01  1.099356e-02 
 4.070626e+01  1.099302e-02 
 4.070665e+01  1.099147e-02 
 4.070705e+01  1.098882e-02 
 4.070745e+01  1.098505e-02 
 4.070785e+01  1.098006e-02 
 4.070824e+01  1.097381e-02 
 4.070864e+01  1.096639e-02 
 4.070904e+01  1.095792e-02 
 4.070944e+01  1.094853e-02 
 4.070983e+01  1.093839e-02 
 4.071023e+01  1.092772e-02 
 4.071063e+01  1.091666e-02 
 4.071103e+01  1.090536e-02 
 4.071143e+01  1.089395e-02 
 4.071182e+01  1.088246e-02 
 4.071222e+01  1.087091e-02 
 4.071262e+01  1.085929e-02 
 4.071302e+01  1.084759e-02 
 4.071341e+01  1.083573e-02 
 4.071381e+01  1.082369e-02 
 4.071421e+01  1.081136e-02 
 4.071461e+01  1.079866e-02 
 4.071500e+01  1.078554e-02 
 4.071540e+01  1.077195e-02 
 4.071580e+01  1.075788e-02 
 4.071620e+01  1.074335e-02 
 4.071660e+01  1.072841e-02 
 4.071699e+01  1.071309e-02 
 4.071739e+01  1.069742e-02 
 4.071779e+01  1.068154e-02 
 4.071819e+01  1.066551e-02 
 4.071858e+01  1.064948e-02 
 4.071898e+01  1.063347e-02 
 4.071938e+01  1.061757e-02 
 4.071978e+01  1.060179e-02 
 4.072017e+01  1.058609e-02 
 4.072057e+01  1.057039e-02 
 4.072097e+01  1.055457e-02 
 4.072137e+01  1.053844e-02 
 4.072177e+01  1.052173e-02 
 4.072216e+01  1.050434e-02 
 4.072256e+01  1.048605e-02 
 4.072296e+01  1.046667e-02 
 4.072336e+01  1.044609e-02 
 4.072375e+01  1.042422e-02 
 4.072415e+01  1.040106e-02 
 4.072455e+01  1.037664e-02 
 4.072495e+01  1.035106e-02 
 4.072534e+01  1.032445e-02 
 4.072574e+01  1.029694e-02 
 4.072614e+01  1.026874e-02 
 4.072654e+01  1.024007e-02 
 4.072694e+01  1.021111e-02 
 4.072733e+01  1.018206e-02 
 4.072773e+01  1.015308e-02 
 4.072813e+01  1.012431e-02 
 4.072853e+01  1.009586e-02 
 4.072892e+01  1.006780e-02 
 4.072932e+01  1.004017e-02 
 4.072972e+01  1.001297e-02 
 4.073012e+01  9.986153e-03 
 4.073051e+01  9.959654e-03 
 4.073091e+01  9.933426e-03 
 4.073131e+01  9.907432e-03 
 4.073171e+01  9.881542e-03 
 4.073211e+01  9.855701e-03 
 4.073250e+01  9.829886e-03 
 4.073290e+01  9.804098e-03 
 4.073330e+01  9.778338e-03 
 4.073370e+01  9.752644e-03 
 4.073409e+01  9.727087e-03 
 4.073449e+01  9.701707e-03 
 4.073489e+01  9.676571e-03 
 4.073529e+01  9.651797e-03 
 4.073568e+01  9.627507e-03 
 4.073608e+01  9.603757e-03 
 4.073648e+01  9.580616e-03 
 4.073688e+01  9.558160e-03 
 4.073728e+01  9.536413e-03 
 4.073767e+01  9.515352e-03 
 4.073807e+01  9.494933e-03 
 4.073847e+01  9.475120e-03 
 4.073887e+01  9.455762e-03 
 4.073926e+01  9.436777e-03 
 4.073966e+01  9.418110e-03 
 4.074006e+01  9.399661e-03 
 4.074046e+01  9.381346e-03 
 4.074085e+01  9.363085e-03 
 4.074125e+01  9.344870e-03 
 4.074165e+01  9.326693e-03 
 4.074205e+01  9.308670e-03 
 4.074245e+01  9.290887e-03 
 4.074284e+01  9.273482e-03 
 4.074324e+01  9.256584e-03 
 4.074364e+01  9.240374e-03 
 4.074404e+01  9.225010e-03 
 4.074443e+01  9.210661e-03 
 4.074483e+01  9.197486e-03 
 4.074523e+01  9.185601e-03 
 4.074563e+01  9.175088e-03 
 4.074602e+01  9.165959e-03 
 4.074642e+01  9.158192e-03 
 4.074682e+01  9.151673e-03 
 4.074722e+01  9.146309e-03 
 4.074762e+01  9.141990e-03 
 4.074801e+01  9.138607e-03 
 4.074841e+01  9.136012e-03 
 4.074881e+01  9.134040e-03 
 4.074921e+01  9.132576e-03 
 4.074960e+01  9.131435e-03 
 4.075000e+01  9.130520e-03 
 4.075040e+01  9.129725e-03 
 4.075080e+01  9.129034e-03 
 4.075119e+01  9.128461e-03 
 4.075159e+01  9.128074e-03 
 4.075199e+01  9.127948e-03 
 4.075239e+01  9.128184e-03 
 4.075279e+01  9.128939e-03 
 4.075318e+01  9.130336e-03 
 4.075358e+01  9.132444e-03 
 4.075398e+01  9.135353e-03 
 4.075438e+01  9.139120e-03 
 4.075477e+01  9.143757e-03 
 4.075517e+01  9.149200e-03 
 4.075557e+01  9.155374e-03 
 4.075597e+01  9.162149e-03 
 4.075636e+01  9.169344e-03 
 4.075676e+01  9.176948e-03 
 4.075716e+01  9.184755e-03 
 4.075756e+01  9.192729e-03 
 4.075796e+01  9.200708e-03 
 4.075835e+01  9.208621e-03 
 4.075875e+01  9.216337e-03 
 4.075915e+01  9.223764e-03 
 4.075955e+01  9.230928e-03 
 4.075994e+01  9.237857e-03 
 4.076034e+01  9.244652e-03 
 4.076074e+01  9.251437e-03 
 4.076114e+01  9.258346e-03 
 4.076153e+01  9.265533e-03 
 4.076193e+01  9.273195e-03 
 4.076233e+01  9.281440e-03 
 4.076273e+01  9.290349e-03 
 4.076313e+01  9.299993e-03 
 4.076352e+01  9.310443e-03 
 4.076392e+01  9.321749e-03 
 4.076432e+01  9.333879e-03 
 4.076472e+01  9.346809e-03 
 4.076511e+01  9.360520e-03 
 4.076551e+01  9.374982e-03 
 4.076591e+01  9.390076e-03 
 4.076631e+01  9.405761e-03 
 4.076671e+01  9.422003e-03 
 4.076710e+01  9.438768e-03 
 4.076750e+01  9.456044e-03 
 4.076790e+01  9.473821e-03 
 4.076830e+01  9.492166e-03 
 4.076869e+01  9.511138e-03 
 4.076909e+01  9.530847e-03 
 4.076949e+01  9.551380e-03 
 4.076989e+01  9.572845e-03 
 4.077028e+01  9.595378e-03 
 4.077068e+01  9.619065e-03 
 4.077108e+01  9.643927e-03 
 4.077148e+01  9.670003e-03 
 4.077188e+01  9.697257e-03 
 4.077227e+01  9.725608e-03 
 4.077267e+01  9.754976e-03 
 4.077307e+01  9.785192e-03 
 4.077347e+01  9.816110e-03 
 4.077386e+01  9.847507e-03 
 4.077426e+01  9.879168e-03 
 4.077466e+01  9.910909e-03 
 4.077506e+01  9.942476e-03 
 4.077545e+01  9.973660e-03 
 4.077585e+01  1.000429e-02 
 4.077625e+01  1.003425e-02 
 4.077665e+01  1.006347e-02 
 4.077705e+01  1.009189e-02 
 4.077744e+01  1.011952e-02 
 4.077784e+01  1.014639e-02 
 4.077824e+01  1.017258e-02 
 4.077864e+01  1.019822e-02 
 4.077903e+01  1.022346e-02 
 4.077943e+01  1.024844e-02 
 4.077983e+01  1.027331e-02 
 4.078023e+01  1.029821e-02 
 4.078062e+01  1.032318e-02 
 4.078102e+01  1.034830e-02 
 4.078142e+01  1.037359e-02 
 4.078182e+01  1.039904e-02 
 4.078222e+01  1.042462e-02 
 4.078261e+01  1.045029e-02 
 4.078301e+01  1.047601e-02 
 4.078341e+01  1.050165e-02 
 4.078381e+01  1.052712e-02 
 4.078420e+01  1.055237e-02 
 4.078460e+01  1.057729e-02 
 4.078500e+01  1.060186e-02 
 4.078540e+01  1.062610e-02 
 4.078579e+01  1.065008e-02 
 4.078619e+01  1.067390e-02 
 4.078659e+01  1.069764e-02 
 4.078699e+01  1.072143e-02 
 4.078739e+01  1.074535e-02 
 4.078778e+01  1.076942e-02 
 4.078818e+01  1.079368e-02 
 4.078858e+01  1.081815e-02 
 4.078898e+01  1.084287e-02 
 4.078937e+01  1.086775e-02 
 4.078977e+01  1.089274e-02 
 4.079017e+01  1.091766e-02 
 4.079057e+01  1.094236e-02 
 4.079096e+01  1.096663e-02 
 4.079136e+01  1.099020e-02 
 4.079176e+01  1.101285e-02 
 4.079216e+01  1.103443e-02 
 4.079256e+01  1.105473e-02 
 4.079295e+01  1.107368e-02 
 4.079335e+01  1.109119e-02 
 4.079375e+01  1.110727e-02 
 4.079415e+01  1.112191e-02 
 4.079454e+01  1.113523e-02 
 4.079494e+01  1.114739e-02 
 4.079534e+01  1.115854e-02 
 4.079574e+01  1.116892e-02 
 4.079613e+01  1.117867e-02 
 4.079653e+01  1.118798e-02 
 4.079693e+01  1.119704e-02 
 4.079733e+01  1.120600e-02 
 4.079773e+01  1.121493e-02 
 4.079812e+01  1.122390e-02 
 4.079852e+01  1.123291e-02 
 4.079892e+01  1.124193e-02 
 4.079932e+01  1.125093e-02 
 4.079971e+01  1.125980e-02 
 4.080011e+01  1.126844e-02 
 4.080051e+01  1.127668e-02 
 4.080091e+01  1.128438e-02 
 4.080130e+01  1.129135e-02 
 4.080170e+01  1.129748e-02 
 4.080210e+01  1.130262e-02 
 4.080250e+01  1.130662e-02 
 4.080290e+01  1.130941e-02 
 4.080329e+01  1.131101e-02 
 4.080369e+01  1.131143e-02 
 4.080409e+01  1.131068e-02 
 4.080449e+01  1.130884e-02 
 4.080488e+01  1.130599e-02 
 4.080528e+01  1.130223e-02 
 4.080568e+01  1.129766e-02 
 4.080608e+01  1.129237e-02 
 4.080647e+01  1.128641e-02 
 4.080687e+01  1.127983e-02 
 4.080727e+01  1.127266e-02 
 4.080767e+01  1.126483e-02 
 4.080807e+01  1.125637e-02 
 4.080846e+01  1.124720e-02 
 4.080886e+01  1.123721e-02 
 4.080926e+01  1.122626e-02 
 4.080966e+01  1.121423e-02 
 4.081005e+01  1.120094e-02 
 4.081045e+01  1.118631e-02 
 4.081085e+01  1.117033e-02 
 4.081125e+01  1.115298e-02 
 4.081164e+01  1.113430e-02 
 4.081204e+01  1.111447e-02 
 4.081244e+01  1.109366e-02 
 4.081284e+01  1.107209e-02 
 4.081324e+01  1.104994e-02 
 4.081363e+01  1.102739e-02 
 4.081403e+01  1.100460e-02 
 4.081443e+01  1.098170e-02 
 4.081483e+01  1.095873e-02 
 4.081522e+01  1.093571e-02 
 4.081562e+01  1.091263e-02 
 4.081602e+01  1.088943e-02 
 4.081642e+01  1.086603e-02 
 4.081681e+01  1.084239e-02 
 4.081721e+01  1.081841e-02 
 4.081761e+01  1.079401e-02 
 4.081801e+01  1.076911e-02 
 4.081841e+01  1.074367e-02 
 4.081880e+01  1.071766e-02 
 4.081920e+01  1.069103e-02 
 4.081960e+01  1.066381e-02 
 4.082000e+01  1.063600e-02 
 4.082039e+01  1.060763e-02 
 4.082079e+01  1.057881e-02 
 4.082119e+01  1.054977e-02 
 4.082159e+01  1.052066e-02 
 4.082198e+01  1.049165e-02 
 4.082238e+01  1.046297e-02 
 4.082278e+01  1.043474e-02 
 4.082318e+01  1.040712e-02 
 4.082358e+01  1.038022e-02 
 4.082397e+01  1.035411e-02 
 4.082437e+01  1.032878e-02 
 4.082477e+01  1.030421e-02 
 4.082517e+01  1.028033e-02 
 4.082556e+01  1.025707e-02 
 4.082596e+01  1.023433e-02 
 4.082636e+01  1.021196e-02 
 4.082676e+01  1.018981e-02 
 4.082715e+01  1.016778e-02 
 4.082755e+01  1.014571e-02 
 4.082795e+01  1.012352e-02 
 4.082835e+01  1.010109e-02 
 4.082875e+01  1.007836e-02 
 4.082914e+01  1.005529e-02 
 4.082954e+01  1.003184e-02 
 4.082994e+01  1.000810e-02 
 4.083034e+01  9.984128e-03 
 4.083073e+01  9.960032e-03 
 4.083113e+01  9.935874e-03 
 4.083153e+01  9.911739e-03 
 4.083193e+01  9.887680e-03 
 4.083232e+01  9.863758e-03 
 4.083272e+01  9.840055e-03 
 4.083312e+01  9.816522e-03 
 4.083352e+01  9.793145e-03 
 4.083392e+01  9.769860e-03 
 4.083431e+01  9.746668e-03 
 4.083471e+01  9.723512e-03 
 4.083511e+01  9.700288e-03 
 4.083551e+01  9.676895e-03 
 4.083590e+01  9.653267e-03 
 4.083630e+01  9.629377e-03 
 4.083670e+01  9.605257e-03 
 4.083710e+01  9.580958e-03 
 4.083749e+01  9.556574e-03 
 4.083789e+01  9.532218e-03 
 4.083829e+01  9.507998e-03 
 4.083869e+01  9.484089e-03 
 4.083909e+01  9.460650e-03 
 4.083948e+01  9.437834e-03 
 4.083988e+01  9.415837e-03 
 4.084028e+01  9.394835e-03 
 4.084068e+01  9.374966e-03 
 4.084107e+01  9.356367e-03 
 4.084147e+01  9.339100e-03 
 4.084187e+01  9.323052e-03 
 4.084227e+01  9.308105e-03 
 4.084266e+01  9.294079e-03 
 4.084306e+01  9.280785e-03 
 4.084346e+01  9.268001e-03 
 4.084386e+01  9.255534e-03 
 4.084426e+01  9.243126e-03 
 4.084465e+01  9.230613e-03 
 4.084505e+01  9.217862e-03 
 4.084545e+01  9.204788e-03 
 4.084585e+01  9.191329e-03 
 4.084624e+01  9.177527e-03 
 4.084664e+01  9.163389e-03 
 4.084704e+01  9.149015e-03 
 4.084744e+01  9.134541e-03 
 4.084783e+01  9.120103e-03 
 4.084823e+01  9.105817e-03 
 4.084863e+01  9.091855e-03 
 4.084903e+01  9.078355e-03 
 4.084943e+01  9.065443e-03 
 4.084982e+01  9.053251e-03 
 4.085022e+01  9.041865e-03 
 4.085062e+01  9.031321e-03 
 4.085102e+01  9.021586e-03 
 4.085141e+01  9.012615e-03 
 4.085181e+01  9.004371e-03 
 4.085221e+01  8.996792e-03 
 4.085261e+01  8.989757e-03 
 4.085300e+01  8.983190e-03 
 4.085340e+01  8.977017e-03 
 4.085380e+01  8.971174e-03 
 4.085420e+01  8.965659e-03 
 4.085460e+01  8.960474e-03 
 4.085499e+01  8.955681e-03 
 4.085539e+01  8.951284e-03 
 4.085579e+01  8.947364e-03 
 4.085619e+01  8.944102e-03 
 4.085658e+01  8.941548e-03 
 4.085698e+01  8.939830e-03 
 4.085738e+01  8.939015e-03 
 4.085778e+01  8.939157e-03 
 4.085818e+01  8.940327e-03 
 4.085857e+01  8.942620e-03 
 4.085897e+01  8.946064e-03 
 4.085937e+01  8.950612e-03 
 4.085977e+01  8.956185e-03 
 4.086016e+01  8.962667e-03 
 4.086056e+01  8.969914e-03 
 4.086096e+01  8.977773e-03 
 4.086136e+01  8.986092e-03 
 4.086175e+01  8.994712e-03 
 4.086215e+01  9.003508e-03 
 4.086255e+01  9.012400e-03 
 4.086295e+01  9.021410e-03 
 4.086335e+01  9.030555e-03 
 4.086374e+01  9.039880e-03 
 4.086414e+01  9.049406e-03 
 4.086454e+01  9.059289e-03 
 4.086494e+01  9.069667e-03 
 4.086533e+01  9.080666e-03 
 4.086573e+01  9.092438e-03 
 4.086613e+01  9.105162e-03 
 4.086653e+01  9.118952e-03 
 4.086692e+01  9.133901e-03 
 4.086732e+01  9.150148e-03 
 4.086772e+01  9.167728e-03 
 4.086812e+01  9.186602e-03 
 4.086852e+01  9.206686e-03 
 4.086891e+01  9.227867e-03 
 4.086931e+01  9.250052e-03 
 4.086971e+01  9.273097e-03 
 4.087011e+01  9.296803e-03 
 4.087050e+01  9.321041e-03 
 4.087090e+01  9.345589e-03 
 4.087130e+01  9.370296e-03 
 4.087170e+01  9.395078e-03 
 4.087209e+01  9.419865e-03 
 4.087249e+01  9.444697e-03 
 4.087289e+01  9.469621e-03 
 4.087329e+01  9.494729e-03 
 4.087369e+01  9.520223e-03 
 4.087408e+01  9.546249e-03 
 4.087448e+01  9.572990e-03 
 4.087488e+01  9.600509e-03 
 4.087528e+01  9.628875e-03 
 4.087567e+01  9.658175e-03 
 4.087607e+01  9.688438e-03 
 4.087647e+01  9.719676e-03 
 4.087687e+01  9.751851e-03 
 4.087726e+01  9.784856e-03 
 4.087766e+01  9.818563e-03 
 4.087806e+01  9.852811e-03 
 4.087846e+01  9.887472e-03 
 4.087886e+01  9.922275e-03 
 4.087925e+01  9.957069e-03 
 4.087965e+01  9.991676e-03 
 4.088005e+01  1.002599e-02 
 4.088045e+01  1.005998e-02 
 4.088084e+01  1.009365e-02 
 4.088124e+01  1.012709e-02 
 4.088164e+01  1.016027e-02 
 4.088204e+01  1.019331e-02 
 4.088243e+01  1.022629e-02 
 4.088283e+01  1.025928e-02 
 4.088323e+01  1.029237e-02 
 4.088363e+01  1.032556e-02 
 4.088403e+01  1.035886e-02 
 4.088442e+01  1.039222e-02 
 4.088482e+01  1.042557e-02 
 4.088522e+01  1.045886e-02 
 4.088562e+01  1.049189e-02 
 4.088601e+01  1.052445e-02 
 4.088641e+01  1.055635e-02 
 4.088681e+01  1.058744e-02 
 4.088721e+01  1.061753e-02 
 4.088760e+01  1.064649e-02 
 4.088800e+01  1.067421e-02 
 4.088840e+01  1.070055e-02 
 4.088880e+01  1.072551e-02 
 4.088920e+01  1.074918e-02 
 4.088959e+01  1.077155e-02 
 4.088999e+01  1.079286e-02 
 4.089039e+01  1.081321e-02 
 4.089079e+01  1.083281e-02 
 4.089118e+01  1.085187e-02 
 4.089158e+01  1.087060e-02 
 4.089198e+01  1.088918e-02 
 4.089238e+01  1.090773e-02 
 4.089277e+01  1.092636e-02 
 4.089317e+01  1.094517e-02 
 4.089357e+01  1.096423e-02 
 4.089397e+01  1.098358e-02 
 4.089437e+01  1.100312e-02 
 4.089476e+01  1.102275e-02 
 4.089516e+01  1.104231e-02 
 4.089556e+01  1.106158e-02 
 4.089596e+01  1.108039e-02 
 4.089635e+01  1.109854e-02 
 4.089675e+01  1.111578e-02 
 4.089715e+01  1.113195e-02 
 4.089755e+01  1.114686e-02 
 4.089794e+01  1.116047e-02 
 4.089834e+01  1.117266e-02 
 4.089874e+01  1.118340e-02 
 4.089914e+01  1.119269e-02 
 4.089954e+01  1.120059e-02 
 4.089993e+01  1.120721e-02 
 4.090033e+01  1.121270e-02 
 4.090073e+01  1.121713e-02 
 4.090113e+01  1.122065e-02 
 4.090152e+01  1.122335e-02 
 4.090192e+01  1.122528e-02 
 4.090232e+01  1.122651e-02 
 4.090272e+01  1.122705e-02 
 4.090311e+01  1.122687e-02 
 4.090351e+01  1.122588e-02 
 4.090391e+01  1.122398e-02 
 4.090431e+01  1.122113e-02 
 4.090471e+01  1.121726e-02 
 4.090510e+01  1.121235e-02 
 4.090550e+01  1.120641e-02 
 4.090590e+01  1.119945e-02 
 4.090630e+01  1.119153e-02 
 4.090669e+01  1.118278e-02 
 4.090709e+01  1.117334e-02 
 4.090749e+01  1.116333e-02 
 4.090789e+01  1.115285e-02 
 4.090828e+01  1.114204e-02 
 4.090868e+01  1.113108e-02 
 4.090908e+01  1.112006e-02 
 4.090948e+01  1.110916e-02 
 4.090988e+01  1.109852e-02 
 4.091027e+01  1.108818e-02 
 4.091067e+01  1.107814e-02 
 4.091107e+01  1.106840e-02 
 4.091147e+01  1.105890e-02 
 4.091186e+01  1.104940e-02 
 4.091226e+01  1.103973e-02 
 4.091266e+01  1.102968e-02 
 4.091306e+01  1.101900e-02 
 4.091345e+01  1.100754e-02 
 4.091385e+01  1.099512e-02 
 4.091425e+01  1.098160e-02 
 4.091465e+01  1.096691e-02 
 4.091505e+01  1.095103e-02 
 4.091544e+01  1.093404e-02 
 4.091584e+01  1.091601e-02 
 4.091624e+01  1.089703e-02 
 4.091664e+01  1.087723e-02 
 4.091703e+01  1.085671e-02 
 4.091743e+01  1.083566e-02 
 4.091783e+01  1.081421e-02 
 4.091823e+01  1.079256e-02 
 4.091862e+01  1.077085e-02 
 4.091902e+01  1.074921e-02 
 4.091942e+01  1.072773e-02 
 4.091982e+01  1.070648e-02 
 4.092022e+01  1.068552e-02 
 4.092061e+01  1.066481e-02 
 4.092101e+01  1.064437e-02 
 4.092141e+01  1.062412e-02 
 4.092181e+01  1.060403e-02 
 4.092220e+01  1.058405e-02 
 4.092260e+01  1.056414e-02 
 4.092300e+01  1.054424e-02 
 4.092340e+01  1.052422e-02 
 4.092379e+01  1.050412e-02 
 4.092419e+01  1.048389e-02 
 4.092459e+01  1.046361e-02 
 4.092499e+01  1.044336e-02 
 4.092539e+01  1.042322e-02 
 4.092578e+01  1.040325e-02 
 4.092618e+01  1.038353e-02 
 4.092658e+01  1.036414e-02 
 4.092698e+01  1.034510e-02 
 4.092737e+01  1.032648e-02 
 4.092777e+01  1.030826e-02 
 4.092817e+01  1.029044e-02 
 4.092857e+01  1.027302e-02 
 4.092896e+01  1.025603e-02 
 4.092936e+01  1.023939e-02 
 4.092976e+01  1.022296e-02 
 4.093016e+01  1.020661e-02 
 4.093056e+01  1.019019e-02 
 4.093095e+01  1.017358e-02 
 4.093135e+01  1.015668e-02 
 4.093175e+01  1.013936e-02 
 4.093215e+01  1.012155e-02 
 4.093254e+01  1.010322e-02 
 4.093294e+01  1.008439e-02 
 4.093334e+01  1.006517e-02 
 4.093374e+01  1.004565e-02 
 4.093413e+01  1.002600e-02 
 4.093453e+01  1.000639e-02 
 4.093493e+01  9.987016e-03 
 4.093533e+01  9.968092e-03 
 4.093573e+01  9.949724e-03 
 4.093612e+01  9.931999e-03 
 4.093652e+01  9.914909e-03 
 4.093692e+01  9.898445e-03 
 4.093732e+01  9.882524e-03 
 4.093771e+01  9.867049e-03 
 4.093811e+01  9.851882e-03 
 4.093851e+01  9.836849e-03 
 4.093891e+01  9.821727e-03 
 4.093930e+01  9.806321e-03 
 4.093970e+01  9.790400e-03 
 4.094010e+01  9.773777e-03 
 4.094050e+01  9.756333e-03 
 4.094090e+01  9.737957e-03 
 4.094129e+01  9.718637e-03 
 4.094169e+01  9.698453e-03 
 4.094209e+01  9.677534e-03 
 4.094249e+01  9.656006e-03 
 4.094288e+01  9.634017e-03 
 4.094328e+01  9.611719e-03 
 4.094368e+01  9.589322e-03 
 4.094408e+01  9.567005e-03 
 4.094447e+01  9.544965e-03 
 4.094487e+01  9.523356e-03 
 4.094527e+01  9.502290e-03 
 4.094567e+01  9.481802e-03 
 4.094607e+01  9.461947e-03 
 4.094646e+01  9.442726e-03 
 4.094686e+01  9.424137e-03 
 4.094726e+01  9.406129e-03 
 4.094766e+01  9.388653e-03 
 4.094805e+01  9.371704e-03 
 4.094845e+01  9.355224e-03 
 4.094885e+01  9.339239e-03 
 4.094925e+01  9.323720e-03 
 4.094965e+01  9.308589e-03 
 4.095004e+01  9.293881e-03 
 4.095044e+01  9.279612e-03 
 4.095084e+01  9.265829e-03 
 4.095124e+01  9.252577e-03 
 4.095163e+01  9.239944e-03 
 4.095203e+01  9.227997e-03 
 4.095243e+01  9.216815e-03 
 4.095283e+01  9.206556e-03 
 4.095322e+01  9.197325e-03 
 4.095362e+01  9.189248e-03 
 4.095402e+01  9.182374e-03 
 4.095442e+01  9.176645e-03 
 4.095482e+01  9.171950e-03 
 4.095521e+01  9.168120e-03 
 4.095561e+01  9.164941e-03 
 4.095601e+01  9.162212e-03 
 4.095641e+01  9.159793e-03 
 4.095680e+01  9.157552e-03 
 4.095720e+01  9.155383e-03 
 4.095760e+01  9.153255e-03 
 4.095800e+01  9.151128e-03 
 4.095839e+01  9.148942e-03 
 4.095879e+01  9.146712e-03 
 4.095919e+01  9.144525e-03 
 4.095959e+01  9.142493e-03 
 4.095999e+01  9.140760e-03 
 4.096038e+01  9.139553e-03 
 4.096078e+01  9.139054e-03 
 4.096118e+01  9.139500e-03 
 4.096158e+01  9.141104e-03 
 4.096197e+01  9.144070e-03 
 4.096237e+01  9.148593e-03 
 4.096277e+01  9.154800e-03 
 4.096317e+01  9.162738e-03 
 4.096356e+01  9.172393e-03 
 4.096396e+01  9.183662e-03 
 4.096436e+01  9.196395e-03 
 4.096476e+01  9.210398e-03 
 4.096516e+01  9.225449e-03 
 4.096555e+01  9.241319e-03 
 4.096595e+01  9.257815e-03 
 4.096635e+01  9.274808e-03 
 4.096675e+01  9.292209e-03 
 4.096714e+01  9.309876e-03 
 4.096754e+01  9.327717e-03 
 4.096794e+01  9.345715e-03 
 4.096834e+01  9.363885e-03 
 4.096873e+01  9.382296e-03 
 4.096913e+01  9.401046e-03 
 4.096953e+01  9.420229e-03 
 4.096993e+01  9.439933e-03 
 4.097033e+01  9.460289e-03 
 4.097072e+01  9.481363e-03 
 4.097112e+01  9.503185e-03 
 4.097152e+01  9.525691e-03 
 4.097192e+01  9.548785e-03 
 4.097231e+01  9.572407e-03 
 4.097271e+01  9.596419e-03 
 4.097311e+01  9.620694e-03 
 4.097351e+01  9.645129e-03 
 4.097390e+01  9.669596e-03 
 4.097430e+01  9.694056e-03 
 4.097470e+01  9.718462e-03 
 4.097510e+01  9.742849e-03 
 4.097550e+01  9.767277e-03 
 4.097589e+01  9.791815e-03 
 4.097629e+01  9.816549e-03 
 4.097669e+01  9.841595e-03 
 4.097709e+01  9.867109e-03 
 4.097748e+01  9.893182e-03 
 4.097788e+01  9.919914e-03 
 4.097828e+01  9.947370e-03 
 4.097868e+01  9.975593e-03 
 4.097907e+01  1.000461e-02 
 4.097947e+01  1.003445e-02 
 4.097987e+01  1.006510e-02 
 4.098027e+01  1.009653e-02 
 4.098067e+01  1.012864e-02 
 4.098106e+01  1.016130e-02 
 4.098146e+01  1.019437e-02 
 4.098186e+01  1.022761e-02 
 4.098226e+01  1.026079e-02 
 4.098265e+01  1.029363e-02 
 4.098305e+01  1.032590e-02 
 4.098345e+01  1.035739e-02 
 4.098385e+01  1.038797e-02 
 4.098424e+01  1.041754e-02 
 4.098464e+01  1.044605e-02 
 4.098504e+01  1.047350e-02 
 4.098544e+01  1.049995e-02 
 4.098584e+01  1.052552e-02 
 4.098623e+01  1.055032e-02 
 4.098663e+01  1.057452e-02 
 4.098703e+01  1.059825e-02 
 4.098743e+01  1.062161e-02 
 4.098782e+01  1.064474e-02 
 4.098822e+01  1.066779e-02 
 4.098862e+01  1.069081e-02 
 4.098902e+01  1.071382e-02 
 4.098941e+01  1.073679e-02 
 4.098981e+01  1.075961e-02 
 4.099021e+01  1.078217e-02 
 4.099061e+01  1.080430e-02 
 4.099101e+01  1.082580e-02 
 4.099140e+01  1.084648e-02 
 4.099180e+01  1.086617e-02 
 4.099220e+01  1.088472e-02 
 4.099260e+01  1.090207e-02 
 4.099299e+01  1.091814e-02 
 4.099339e+01  1.093282e-02 
 4.099379e+01  1.094612e-02 
 4.099419e+01  1.095803e-02 
 4.099458e+01  1.096861e-02 
 4.099498e+01  1.097791e-02 
 4.099538e+01  1.098604e-02 
 4.099578e+01  1.099308e-02 
 4.099618e+01  1.099911e-02 
 4.099657e+01  1.100419e-02 
 4.099697e+01  1.100843e-02 
 4.099737e+01  1.101190e-02 
 4.099777e+01  1.101461e-02 
 4.099816e+01  1.101658e-02 
 4.099856e+01  1.101777e-02 
 4.099896e+01  1.101810e-02 
 4.099936e+01  1.101751e-02 
 4.099975e+01  1.101596e-02 
 4.100015e+01  1.101334e-02 
 4.100055e+01  1.100963e-02 
 4.100095e+01  1.100483e-02 
 4.100135e+01  1.099900e-02 
 4.100174e+01  1.099225e-02 
 4.100214e+01  1.098464e-02 
 4.100254e+01  1.097632e-02 
 4.100294e+01  1.096743e-02 
 4.100333e+01  1.095820e-02 
 4.100373e+01  1.094883e-02 
 4.100413e+01  1.093955e-02 
 4.100453e+01  1.093058e-02 
 4.100492e+01  1.092207e-02 
 4.100532e+01  1.091414e-02 
 4.100572e+01  1.090683e-02 
 4.100612e+01  1.090010e-02 
 4.100652e+01  1.089387e-02 
 4.100691e+01  1.088801e-02 
 4.100731e+01  1.088231e-02 
 4.100771e+01  1.087665e-02 
 4.100811e+01  1.087087e-02 
 4.100850e+01  1.086481e-02 
 4.100890e+01  1.085831e-02 
 4.100930e+01  1.085122e-02 
 4.100970e+01  1.084338e-02 
 4.101009e+01  1.083466e-02 
 4.101049e+01  1.082503e-02 
 4.101089e+01  1.081439e-02 
 4.101129e+01  1.080267e-02 
 4.101169e+01  1.078993e-02 
 4.101208e+01  1.077623e-02 
 4.101248e+01  1.076172e-02 
 4.101288e+01  1.074653e-02 
 4.101328e+01  1.073079e-02 
 4.101367e+01  1.071464e-02 
 4.101407e+01  1.069823e-02 
 4.101447e+01  1.068165e-02 
 4.101487e+01  1.066497e-02 
 4.101526e+01  1.064821e-02 
 4.101566e+01  1.063134e-02 
 4.101606e+01  1.061442e-02 
 4.101646e+01  1.059744e-02 
 4.101686e+01  1.058042e-02 
 4.101725e+01  1.056337e-02 
 4.101765e+01  1.054631e-02 
 4.101805e+01  1.052921e-02 
 4.101845e+01  1.051203e-02 
 4.101884e+01  1.049470e-02 
 4.101924e+01  1.047721e-02 
 4.101964e+01  1.045949e-02 
 4.102004e+01  1.044150e-02 
 4.102043e+01  1.042330e-02 
 4.102083e+01  1.040494e-02 
 4.102123e+01  1.038650e-02 
 4.102163e+01  1.036813e-02 
 4.102203e+01  1.034993e-02 
 4.102242e+01  1.033197e-02 
 4.102282e+01  1.031437e-02 
 4.102322e+01  1.029718e-02 
 4.102362e+01  1.028039e-02 
 4.102401e+01  1.026395e-02 
 4.102441e+01  1.024769e-02 
 4.102481e+01  1.023153e-02 
 4.102521e+01  1.021532e-02 
 4.102560e+01  1.019895e-02 
 4.102600e+01  1.018224e-02 
 4.102640e+01  1.016508e-02 
 4.102680e+01  1.014741e-02 
 4.102720e+01  1.012912e-02 
 4.102759e+01  1.011020e-02 
 4.102799e+01  1.009062e-02 
 4.102839e+01  1.007045e-02 
 4.102879e+01  1.004977e-02 
 4.102918e+01  1.002871e-02 
 4.102958e+01  1.000744e-02 
 4.102998e+01  9.986179e-03 
 4.103038e+01  9.965099e-03 
 4.103077e+01  9.944422e-03 
 4.103117e+01  9.924267e-03 
 4.103157e+01  9.904745e-03 
 4.103197e+01  9.886013e-03 
 4.103237e+01  9.868080e-03 
 4.103276e+01  9.850905e-03 
 4.103316e+01  9.834366e-03 
 4.103356e+01  9.818316e-03 
 4.103396e+01  9.802533e-03 
 4.103435e+01  9.786829e-03 
 4.103475e+01  9.771016e-03 
 4.103515e+01  9.754874e-03 
 4.103555e+01  9.738231e-03 
 4.103594e+01  9.721026e-03 
 4.103634e+01  9.703201e-03 
 4.103674e+01  9.684762e-03 
 4.103714e+01  9.665734e-03 
 4.103754e+01  9.646187e-03 
 4.103793e+01  9.626224e-03 
 4.103833e+01  9.605979e-03 
 4.103873e+01  9.585619e-03 
 4.103913e+01  9.565340e-03 
 4.103952e+01  9.545271e-03 
 4.103992e+01  9.525566e-03 
 4.104032e+01  9.506311e-03 
 4.104072e+01  9.487575e-03 
 4.104112e+01  9.469398e-03 
 4.104151e+01  9.451771e-03 
 4.104191e+01  9.434667e-03 
 4.104231e+01  9.418040e-03 
 4.104271e+01  9.401835e-03 
 4.104310e+01  9.385985e-03 
 4.104350e+01  9.370477e-03 
 4.104390e+01  9.355265e-03 
 4.104430e+01  9.340276e-03 
 4.104469e+01  9.325507e-03 
 4.104509e+01  9.310961e-03 
 4.104549e+01  9.296673e-03 
 4.104589e+01  9.282690e-03 
 4.104629e+01  9.269012e-03 
 4.104668e+01  9.255767e-03 
 4.104708e+01  9.243039e-03 
 4.104748e+01  9.230938e-03 
 4.104788e+01  9.219608e-03 
 4.104827e+01  9.209113e-03 
 4.104867e+01  9.199516e-03 
 4.104907e+01  9.190867e-03 
 4.104947e+01  9.183196e-03 
 4.104986e+01  9.176476e-03 
 4.105026e+01  9.170628e-03 
 4.105066e+01  9.165546e-03 
 4.105106e+01  9.161061e-03 
 4.105146e+01  9.157013e-03 
 4.105185e+01  9.153247e-03 
 4.105225e+01  9.149599e-03 
 4.105265e+01  9.145883e-03 
 4.105305e+01  9.141981e-03 
 4.105344e+01  9.137744e-03 
 4.105384e+01  9.133159e-03 
 4.105424e+01  9.128269e-03 
 4.105464e+01  9.123123e-03 
 4.105503e+01  9.117885e-03 
 4.105543e+01  9.112749e-03 
 4.105583e+01  9.108044e-03 
 4.105623e+01  9.104046e-03 
 4.105663e+01  9.101105e-03 
 4.105702e+01  9.099503e-03 
 4.105742e+01  9.099454e-03 
 4.105782e+01  9.101163e-03 
 4.105822e+01  9.104740e-03 
 4.105861e+01  9.110240e-03 
 4.105901e+01  9.117623e-03 
 4.105941e+01  9.126773e-03 
 4.105981e+01  9.137604e-03 
 4.106020e+01  9.149941e-03 
 4.106060e+01  9.163674e-03 
 4.106100e+01  9.178661e-03 
 4.106140e+01  9.194708e-03 
 4.106180e+01  9.211660e-03 
 4.106219e+01  9.229329e-03 
 4.106259e+01  9.247620e-03 
 4.106299e+01  9.266425e-03 
 4.106339e+01  9.285692e-03 
 4.106378e+01  9.305420e-03 
 4.106418e+01  9.325663e-03 
 4.106458e+01  9.346518e-03 
 4.106498e+01  9.368032e-03 
 4.106537e+01  9.390307e-03 
 4.106577e+01  9.413339e-03 
 4.106617e+01  9.437004e-03 
 4.106657e+01  9.461221e-03 
 4.106697e+01  9.485872e-03 
 4.106736e+01  9.510830e-03 
 4.106776e+01  9.535956e-03 
 4.106816e+01  9.561083e-03 
 4.106856e+01  9.586114e-03 
 4.106895e+01  9.610967e-03 
 4.106935e+01  9.635584e-03 
 4.106975e+01  9.659910e-03 
 4.107015e+01  9.683999e-03 
 4.107054e+01  9.707840e-03 
 4.107094e+01  9.731506e-03 
 4.107134e+01  9.755051e-03 
 4.107174e+01  9.778620e-03 
 4.107214e+01  9.802312e-03 
 4.107253e+01  9.826213e-03 
 4.107293e+01  9.850488e-03 
 4.107333e+01  9.875239e-03 
 4.107373e+01  9.900655e-03 
 4.107412e+01  9.926848e-03 
 4.107452e+01  9.953875e-03 
 4.107492e+01  9.981791e-03 
 4.107532e+01  1.001050e-02 
 4.107571e+01  1.003995e-02 
 4.107611e+01  1.007006e-02 
 4.107651e+01  1.010066e-02 
 4.107691e+01  1.013163e-02 
 4.107731e+01  1.016278e-02 
 4.107770e+01  1.019389e-02 
 4.107810e+01  1.022483e-02 
 4.107850e+01  1.025538e-02 
 4.107890e+01  1.028539e-02 
 4.107929e+01  1.031473e-02 
 4.107969e+01  1.034329e-02 
 4.108009e+01  1.037107e-02 
 4.108049e+01  1.039810e-02 
 4.108088e+01  1.042446e-02 
 4.108128e+01  1.045024e-02 
 4.108168e+01  1.047557e-02 
 4.108208e+01  1.050059e-02 
 4.108248e+01  1.052545e-02 
 4.108287e+01  1.055034e-02 
 4.108327e+01  1.057542e-02 
 4.108367e+01  1.060079e-02 
 4.108407e+01  1.062656e-02 
 4.108446e+01  1.065270e-02 
 4.108486e+01  1.067921e-02 
 4.108526e+01  1.070601e-02 
 4.108566e+01  1.073296e-02 
 4.108605e+01  1.075997e-02 
 4.108645e+01  1.078692e-02 
 4.108685e+01  1.081363e-02 
 4.108725e+01  1.084001e-02 
 4.108765e+01  1.086592e-02 
 4.108804e+01  1.089120e-02 
 4.108844e+01  1.091572e-02 
 4.108884e+01  1.093947e-02 
 4.108924e+01  1.096240e-02 
 4.108963e+01  1.098448e-02 
 4.109003e+01  1.100572e-02 
 4.109043e+01  1.102620e-02 
 4.109083e+01  1.104597e-02 
 4.109122e+01  1.106506e-02 
 4.109162e+01  1.108353e-02 
 4.109202e+01  1.110140e-02 
 4.109242e+01  1.111868e-02 
 4.109282e+01  1.113532e-02 
 4.109321e+01  1.115132e-02 
 4.109361e+01  1.116662e-02 
 4.109401e+01  1.118108e-02 
 4.109441e+01  1.119457e-02 
 4.109480e+01  1.120696e-02 
 4.109520e+01  1.121813e-02 
 4.109560e+01  1.122795e-02 
 4.109600e+01  1.123636e-02 
 4.109639e+01  1.124335e-02 
 4.109679e+01  1.124894e-02 
 4.109719e+01  1.125319e-02 
 4.109759e+01  1.125617e-02 
 4.109799e+01  1.125801e-02 
 4.109838e+01  1.125889e-02 
 4.109878e+01  1.125896e-02 
 4.109918e+01  1.125846e-02 
 4.109958e+01  1.125757e-02 
 4.109997e+01  1.125651e-02 
 4.110037e+01  1.125541e-02 
 4.110077e+01  1.125436e-02 
 4.110117e+01  1.125340e-02 
 4.110156e+01  1.125253e-02 
 4.110196e+01  1.125168e-02 
 4.110236e+01  1.125086e-02 
 4.110276e+01  1.124994e-02 
 4.110316e+01  1.124877e-02 
 4.110355e+01  1.124724e-02 
 4.110395e+01  1.124517e-02 
 4.110435e+01  1.124237e-02 
 4.110475e+01  1.123869e-02 
 4.110514e+01  1.123394e-02 
 4.110554e+01  1.122798e-02 
 4.110594e+01  1.122072e-02 
 4.110634e+01  1.121208e-02 
 4.110673e+01  1.120196e-02 
 4.110713e+01  1.119038e-02 
 4.110753e+01  1.117739e-02 
 4.110793e+01  1.116311e-02 
 4.110833e+01  1.114768e-02 
 4.110872e+01  1.113126e-02 
 4.110912e+01  1.111405e-02 
 4.110952e+01  1.109625e-02 
 4.110992e+01  1.107798e-02 
 4.111031e+01  1.105937e-02 
 4.111071e+01  1.104054e-02 
 4.111111e+01  1.102156e-02 
 4.111151e+01  1.100248e-02 
 4.111190e+01  1.098332e-02 
 4.111230e+01  1.096410e-02 
 4.111270e+01  1.094485e-02 
 4.111310e+01  1.092550e-02 
 4.111350e+01  1.090598e-02 
 4.111389e+01  1.088622e-02 
 4.111429e+01  1.086617e-02 
 4.111469e+01  1.084582e-02 
 4.111509e+01  1.082522e-02 
 4.111548e+01  1.080448e-02 
 4.111588e+01  1.078371e-02 
 4.111628e+01  1.076299e-02 
 4.111668e+01  1.074247e-02 
 4.111707e+01  1.072221e-02 
 4.111747e+01  1.070224e-02 
 4.111787e+01  1.068253e-02 
 4.111827e+01  1.066305e-02 
 4.111867e+01  1.064378e-02 
 4.111906e+01  1.062462e-02 
 4.111946e+01  1.060547e-02 
 4.111986e+01  1.058625e-02 
 4.112026e+01  1.056686e-02 
 4.112065e+01  1.054717e-02 
 4.112105e+01  1.052698e-02 
 4.112145e+01  1.050614e-02 
 4.112185e+01  1.048445e-02 
 4.112224e+01  1.046180e-02 
 4.112264e+01  1.043802e-02 
 4.112304e+01  1.041304e-02 
 4.112344e+01  1.038686e-02 
 4.112384e+01  1.035947e-02 
 4.112423e+01  1.033107e-02 
 4.112463e+01  1.030187e-02 
 4.112503e+01  1.027209e-02 
 4.112543e+01  1.024202e-02 
 4.112582e+01  1.021186e-02 
 4.112622e+01  1.018188e-02 
 4.112662e+01  1.015226e-02 
 4.112702e+01  1.012310e-02 
 4.112741e+01  1.009450e-02 
 4.112781e+01  1.006653e-02 
 4.112821e+01  1.003919e-02 
 4.112861e+01  1.001245e-02 
 4.112901e+01  9.986197e-03 
 4.112940e+01  9.960354e-03 
 4.112980e+01  9.934731e-03 
 4.113020e+01  9.909149e-03 
 4.113060e+01  9.883430e-03 
 4.113099e+01  9.857448e-03 
 4.113139e+01  9.831105e-03 
 4.113179e+01  9.804367e-03 
 4.113219e+01  9.777221e-03 
 4.113259e+01  9.749750e-03 
 4.113298e+01  9.722063e-03 
 4.113338e+01  9.694305e-03 
 4.113378e+01  9.666628e-03 
 4.113418e+01  9.639249e-03 
 4.113457e+01  9.612343e-03 
 4.113497e+01  9.585970e-03 
 4.113537e+01  9.560234e-03 
 4.113577e+01  9.535131e-03 
 4.113616e+01  9.510673e-03 
 4.113656e+01  9.486879e-03 
 4.113696e+01  9.463722e-03 
 4.113736e+01  9.441232e-03 
 4.113776e+01  9.419391e-03 
 4.113815e+01  9.398133e-03 
 4.113855e+01  9.377458e-03 
 4.113895e+01  9.357294e-03 
 4.113935e+01  9.337531e-03 
 4.113974e+01  9.318107e-03 
 4.114014e+01  9.299038e-03 
 4.114054e+01  9.280362e-03 
 4.114094e+01  9.262085e-03 
 4.114133e+01  9.244260e-03 
 4.114173e+01  9.227021e-03 
 4.114213e+01  9.210485e-03 
 4.114253e+01  9.194782e-03 
 4.114293e+01  9.180019e-03 
 4.114332e+01  9.166306e-03 
 4.114372e+01  9.153798e-03 
 4.114412e+01  9.142554e-03 
 4.114452e+01  9.132589e-03 
 4.114491e+01  9.123792e-03 
 4.114531e+01  9.116040e-03 
 4.114571e+01  9.109085e-03 
 4.114611e+01  9.102691e-03 
 4.114650e+01  9.096621e-03 
 4.114690e+01  9.090624e-03 
 4.114730e+01  9.084480e-03 
 4.114770e+01  9.077961e-03 
 4.114810e+01  9.070910e-03 
 4.114849e+01  9.063177e-03 
 4.114889e+01  9.054631e-03 
 4.114929e+01  9.045188e-03 
 4.114969e+01  9.034878e-03 
 4.115008e+01  9.023779e-03 
 4.115048e+01  9.012051e-03 
 4.115088e+01  8.999923e-03 
 4.115128e+01  8.987659e-03 
 4.115167e+01  8.975537e-03 
 4.115207e+01  8.963816e-03 
 4.115247e+01  8.952785e-03 
 4.115287e+01  8.942712e-03 
 4.115327e+01  8.933818e-03 
 4.115366e+01  8.926262e-03 
 4.115406e+01  8.920189e-03 
 4.115446e+01  8.915632e-03 
 4.115486e+01  8.912630e-03 
 4.115525e+01  8.911057e-03 
 4.115565e+01  8.910800e-03 
 4.115605e+01  8.911822e-03 
 4.115645e+01  8.914004e-03 
 4.115684e+01  8.917223e-03 
 4.115724e+01  8.921362e-03 
 4.115764e+01  8.926358e-03 
 4.115804e+01  8.932111e-03 
 4.115844e+01  8.938555e-03 
 4.115883e+01  8.945655e-03 
 4.115923e+01  8.953421e-03 
 4.115963e+01  8.961935e-03 
 4.116003e+01  8.971254e-03 
 4.116042e+01  8.981499e-03 
 4.116082e+01  8.992645e-03 
 4.116122e+01  9.004655e-03 
 4.116162e+01  9.017457e-03 
 4.116201e+01  9.030982e-03 
 4.116241e+01  9.045163e-03 
 4.116281e+01  9.059879e-03 
 4.116321e+01  9.074972e-03 
 4.116361e+01  9.090371e-03 
 4.116400e+01  9.105957e-03 
 4.116440e+01  9.121635e-03 
 4.116480e+01  9.137286e-03 
 4.116520e+01  9.152833e-03 
 4.116559e+01  9.168297e-03 
 4.116599e+01  9.183790e-03 
 4.116639e+01  9.199411e-03 
 4.116679e+01  9.215316e-03 
 4.116718e+01  9.231670e-03 
 4.116758e+01  9.248638e-03 
 4.116798e+01  9.266382e-03 
 4.116838e+01  9.285071e-03 
 4.116878e+01  9.304869e-03 
 4.116917e+01  9.325901e-03 
 4.116957e+01  9.348240e-03 
 4.116997e+01  9.371931e-03 
 4.117037e+01  9.397018e-03 
 4.117076e+01  9.423487e-03 
 4.117116e+01  9.451294e-03 
 4.117156e+01  9.480413e-03 
 4.117196e+01  9.510753e-03 
 4.117235e+01  9.542201e-03 
 4.117275e+01  9.574620e-03 
 4.117315e+01  9.607765e-03 
 4.117355e+01  9.641424e-03 
 4.117395e+01  9.675305e-03 
 4.117434e+01  9.709140e-03 
 4.117474e+01  9.742757e-03 
 4.117514e+01  9.775977e-03 
 4.117554e+01  9.808720e-03 
 4.117593e+01  9.840983e-03 
 4.117633e+01  9.872808e-03 
 4.117673e+01  9.904270e-03 
 4.117713e+01  9.935413e-03 
 4.117752e+01  9.966345e-03 
 4.117792e+01  9.997177e-03 
 4.117832e+01  1.002800e-02 
 4.117872e+01  1.005885e-02 
 4.117912e+01  1.008981e-02 
 4.117951e+01  1.012097e-02 
 4.117991e+01  1.015234e-02 
 4.118031e+01  1.018388e-02 
 4.118071e+01  1.021557e-02 
 4.118110e+01  1.024730e-02 
 4.118150e+01  1.027895e-02 
 4.118190e+01  1.031040e-02 
 4.118230e+01  1.034148e-02 
 4.118269e+01  1.037202e-02 
 4.118309e+01  1.040190e-02 
 4.118349e+01  1.043105e-02 
 4.118389e+01  1.045941e-02 
 4.118429e+01  1.048703e-02 
 4.118468e+01  1.051389e-02 
 4.118508e+01  1.054008e-02 
 4.118548e+01  1.056569e-02 
 4.118588e+01  1.059093e-02 
 4.118627e+01  1.061590e-02 
 4.118667e+01  1.064067e-02 
 4.118707e+01  1.066528e-02 
 4.118747e+01  1.068977e-02 
 4.118786e+01  1.071417e-02 
 4.118826e+01  1.073841e-02 
 4.118866e+01  1.076247e-02 
 4.118906e+01  1.078628e-02 
 4.118946e+01  1.080971e-02 
 4.118985e+01  1.083267e-02 
 4.119025e+01  1.085505e-02 
 4.119065e+01  1.087671e-02 
 4.119105e+01  1.089754e-02 
 4.119144e+01  1.091744e-02 
 4.119184e+01  1.093636e-02 
 4.119224e+01  1.095436e-02 
 4.119264e+01  1.097149e-02 
 4.119303e+01  1.098785e-02 
 4.119343e+01  1.100356e-02 
 4.119383e+01  1.101883e-02 
 4.119423e+01  1.103384e-02 
 4.119463e+01  1.104874e-02 
 4.119502e+01  1.106374e-02 
 4.119542e+01  1.107902e-02 
 4.119582e+01  1.109466e-02 
 4.119622e+01  1.111070e-02 
 4.119661e+01  1.112721e-02 
 4.119701e+01  1.114410e-02 
 4.119741e+01  1.116133e-02 
 4.119781e+01  1.117878e-02 
 4.119820e+01  1.119631e-02 
 4.119860e+01  1.121371e-02 
 4.119900e+01  1.123068e-02 
 4.119940e+01  1.124699e-02 
 4.119980e+01  1.126237e-02 
 4.120019e+01  1.127655e-02 
 4.120059e+01  1.128924e-02 
 4.120099e+01  1.130023e-02 
 4.120139e+01  1.130931e-02 
 4.120178e+01  1.131640e-02 
 4.120218e+01  1.132134e-02 
 4.120258e+01  1.132417e-02 
 4.120298e+01  1.132489e-02 
 4.120337e+01  1.132360e-02 
 4.120377e+01  1.132048e-02 
 4.120417e+01  1.131571e-02 
 4.120457e+01  1.130944e-02 
 4.120497e+01  1.130182e-02 
 4.120536e+01  1.129296e-02 
 4.120576e+01  1.128303e-02 
 4.120616e+01  1.127216e-02 
 4.120656e+01  1.126049e-02 
 4.120695e+01  1.124812e-02 
 4.120735e+01  1.123517e-02 
 4.120775e+01  1.122172e-02 
 4.120815e+01  1.120780e-02 
 4.120854e+01  1.119340e-02 
 4.120894e+01  1.117847e-02 
 4.120934e+01  1.116302e-02 
 4.120974e+01  1.114714e-02 
 4.121014e+01  1.113095e-02 
 4.121053e+01  1.111458e-02 
 4.121093e+01  1.109816e-02 
 4.121133e+01  1.108188e-02 
 4.121173e+01  1.106589e-02 
 4.121212e+01  1.105035e-02 
 4.121252e+01  1.103535e-02 
 4.121292e+01  1.102099e-02 
 4.121332e+01  1.100728e-02 
 4.121371e+01  1.099421e-02 
 4.121411e+01  1.098173e-02 
 4.121451e+01  1.096973e-02 
 4.121491e+01  1.095805e-02 
 4.121531e+01  1.094648e-02 
 4.121570e+01  1.093477e-02 
 4.121610e+01  1.092269e-02 
 4.121650e+01  1.090997e-02 
 4.121690e+01  1.089634e-02 
 4.121729e+01  1.088164e-02 
 4.121769e+01  1.086571e-02 
 4.121809e+01  1.084841e-02 
 4.121849e+01  1.082973e-02 
 4.121888e+01  1.080969e-02 
 4.121928e+01  1.078831e-02 
 4.121968e+01  1.076577e-02 
 4.122008e+01  1.074221e-02 
 4.122048e+01  1.071784e-02 
 4.122087e+01  1.069284e-02 
 4.122127e+01  1.066741e-02 
 4.122167e+01  1.064182e-02 
 4.122207e+01  1.061625e-02 
 4.122246e+01  1.059084e-02 
 4.122286e+01  1.056582e-02 
 4.122326e+01  1.054127e-02 
 4.122366e+01  1.051725e-02 
 4.122406e+01  1.049375e-02 
 4.122445e+01  1.047067e-02 
 4.122485e+01  1.044791e-02 
 4.122525e+01  1.042530e-02 
 4.122565e+01  1.040270e-02 
 4.122604e+01  1.037997e-02 
 4.122644e+01  1.035699e-02 
 4.122684e+01  1.033371e-02 
 4.122724e+01  1.031013e-02 
 4.122763e+01  1.028630e-02 
 4.122803e+01  1.026230e-02 
 4.122843e+01  1.023822e-02 
 4.122883e+01  1.021414e-02 
 4.122923e+01  1.019015e-02 
 4.122962e+01  1.016635e-02 
 4.123002e+01  1.014275e-02 
 4.123042e+01  1.011933e-02 
 4.123082e+01  1.009605e-02 
 4.123121e+01  1.007291e-02 
 4.123161e+01  1.004986e-02 
 4.123201e+01  1.002691e-02 
 4.123241e+01  1.000397e-02 
 4.123280e+01  9.980984e-03 
 4.123320e+01  9.957793e-03 
 4.123360e+01  9.934302e-03 
 4.123400e+01  9.910365e-03 
 4.123440e+01  9.885912e-03 
 4.123479e+01  9.860901e-03 
 4.123519e+01  9.835319e-03 
 4.123559e+01  9.809224e-03 
 4.123599e+01  9.782770e-03 
 4.123638e+01  9.756096e-03 
 4.123678e+01  9.729385e-03 
 4.123718e+01  9.702881e-03 
 4.123758e+01  9.676782e-03 
 4.123797e+01  9.651295e-03 
 4.123837e+01  9.626605e-03 
 4.123877e+01  9.602904e-03 
 4.123917e+01  9.580372e-03 
 4.123957e+01  9.559084e-03 
 4.123996e+01  9.539109e-03 
 4.124036e+01  9.520446e-03 
 4.124076e+01  9.503065e-03 
 4.124116e+01  9.486830e-03 
 4.124155e+01  9.471621e-03 
 4.124195e+01  9.457266e-03 
 4.124235e+01  9.443479e-03 
 4.124275e+01  9.430004e-03 
 4.124314e+01  9.416621e-03 
 4.124354e+01  9.403195e-03 
 4.124394e+01  9.389528e-03 
 4.124434e+01  9.375571e-03 
 4.124474e+01  9.361268e-03 
 4.124513e+01  9.346660e-03 
 4.124553e+01  9.331819e-03 
 4.124593e+01  9.316844e-03 
 4.124633e+01  9.301906e-03 
 4.124672e+01  9.287180e-03 
 4.124712e+01  9.272849e-03 
 4.124752e+01  9.259138e-03 
 4.124792e+01  9.246263e-03 
 4.124831e+01  9.234396e-03 
 4.124871e+01  9.223674e-03 
 4.124911e+01  9.214190e-03 
 4.124951e+01  9.205998e-03 
 4.124991e+01  9.199109e-03 
 4.125030e+01  9.193449e-03 
 4.125070e+01  9.188901e-03 
 4.125110e+01  9.185399e-03 
 4.125150e+01  9.182823e-03 
 4.125189e+01  9.181017e-03 
 4.125229e+01  9.179823e-03 
 4.125269e+01  9.179073e-03 
 4.125309e+01  9.178650e-03 
 4.125348e+01  9.178474e-03 
 4.125388e+01  9.178556e-03 
 4.125428e+01  9.178906e-03 
 4.125468e+01  9.179569e-03 
 4.125508e+01  9.180633e-03 
 4.125547e+01  9.182138e-03 
 4.125587e+01  9.184155e-03 
 4.125627e+01  9.186676e-03 
 4.125667e+01  9.189630e-03 
 4.125706e+01  9.192956e-03 
 4.125746e+01  9.196587e-03 
 4.125786e+01  9.200442e-03 
 4.125826e+01  9.204411e-03 
 4.125865e+01  9.208365e-03 
 4.125905e+01  9.212195e-03 
 4.125945e+01  9.215779e-03 
 4.125985e+01  9.219023e-03 
 4.126025e+01  9.221953e-03 
 4.126064e+01  9.224602e-03 
 4.126104e+01  9.227077e-03 
 4.126144e+01  9.229493e-03 
 4.126184e+01  9.232005e-03 
 4.126223e+01  9.234813e-03 
 4.126263e+01  9.238102e-03 
 4.126303e+01  9.242047e-03 
 4.126343e+01  9.246845e-03 
 4.126382e+01  9.252681e-03 
 4.126422e+01  9.259717e-03 
 4.126462e+01  9.268052e-03 
 4.126502e+01  9.277819e-03 
 4.126542e+01  9.289120e-03 
 4.126581e+01  9.302009e-03 
 4.126621e+01  9.316539e-03 
 4.126661e+01  9.332747e-03 
 4.126701e+01  9.350591e-03 
 4.126740e+01  9.369968e-03 
 4.126780e+01  9.390736e-03 
 4.126820e+01  9.412626e-03 
 4.126860e+01  9.435408e-03 
 4.126899e+01  9.458780e-03 
 4.126939e+01  9.482525e-03 
 4.126979e+01  9.506481e-03 
 4.127019e+01  9.530485e-03 
 4.127059e+01  9.554402e-03 
 4.127098e+01  9.578119e-03 
 4.127138e+01  9.601550e-03 
 4.127178e+01  9.624658e-03 
 4.127218e+01  9.647421e-03 
 4.127257e+01  9.669864e-03 
 4.127297e+01  9.692077e-03 
 4.127337e+01  9.714242e-03 
 4.127377e+01  9.736487e-03 
 4.127416e+01  9.758952e-03 
 4.127456e+01  9.781715e-03 
 4.127496e+01  9.804845e-03 
 4.127536e+01  9.828342e-03 
 4.127576e+01  9.852201e-03 
 4.127615e+01  9.876376e-03 
 4.127655e+01  9.900819e-03 
 4.127695e+01  9.925411e-03 
 4.127735e+01  9.950070e-03 
 4.127774e+01  9.974720e-03 
 4.127814e+01  9.999272e-03 
 4.127854e+01  1.002372e-02 
 4.127894e+01  1.004805e-02 
 4.127933e+01  1.007236e-02 
 4.127973e+01  1.009674e-02 
 4.128013e+01  1.012125e-02 
 4.128053e+01  1.014595e-02 
 4.128093e+01  1.017090e-02 
 4.128132e+01  1.019610e-02 
 4.128172e+01  1.022152e-02 
 4.128212e+01  1.024717e-02 
 4.128252e+01  1.027310e-02 
 4.128291e+01  1.029930e-02 
 4.128331e+01  1.032578e-02 
 4.128371e+01  1.035252e-02 
 4.128411e+01  1.037942e-02 
 4.128450e+01  1.040630e-02 
 4.128490e+01  1.043292e-02 
 4.128530e+01  1.045902e-02 
 4.128570e+01  1.048430e-02 
 4.128610e+01  1.050848e-02 
 4.128649e+01  1.053129e-02 
 4.128689e+01  1.055260e-02 
 4.128729e+01  1.057236e-02 
 4.128769e+01  1.059055e-02 
 4.128808e+01  1.060724e-02 
 4.128848e+01  1.062258e-02 
 4.128888e+01  1.063674e-02 
 4.128928e+01  1.064994e-02 
 4.128967e+01  1.066242e-02 
 4.129007e+01  1.067449e-02 
 4.129047e+01  1.068636e-02 
 4.129087e+01  1.069830e-02 
 4.129127e+01  1.071055e-02 
 4.129166e+01  1.072326e-02 
 4.129206e+01  1.073660e-02 
 4.129246e+01  1.075061e-02 
 4.129286e+01  1.076535e-02 
 4.129325e+01  1.078077e-02 
 4.129365e+01  1.079678e-02 
 4.129405e+01  1.081324e-02 
 4.129445e+01  1.082996e-02 
 4.129484e+01  1.084679e-02 
 4.129524e+01  1.086357e-02 
 4.129564e+01  1.088018e-02 
 4.129604e+01  1.089641e-02 
 4.129644e+01  1.091209e-02 
 4.129683e+01  1.092710e-02 
 4.129723e+01  1.094130e-02 
 4.129763e+01  1.095462e-02 
 4.129803e+01  1.096702e-02 
 4.129842e+01  1.097847e-02 
 4.129882e+01  1.098897e-02 
 4.129922e+01  1.099852e-02 
 4.129962e+01  1.100718e-02 
 4.130001e+01  1.101496e-02 
 4.130041e+01  1.102189e-02 
 4.130081e+01  1.102798e-02 
 4.130121e+01  1.103325e-02 
 4.130161e+01  1.103774e-02 
 4.130200e+01  1.104145e-02 
 4.130240e+01  1.104432e-02 
 4.130280e+01  1.104630e-02 
 4.130320e+01  1.104728e-02 
 4.130359e+01  1.104714e-02 
 4.130399e+01  1.104575e-02 
 4.130439e+01  1.104311e-02 
 4.130479e+01  1.103919e-02 
 4.130518e+01  1.103408e-02 
 4.130558e+01  1.102786e-02 
 4.130598e+01  1.102075e-02 
 4.130638e+01  1.101291e-02 
 4.130678e+01  1.100449e-02 
 4.130717e+01  1.099569e-02 
 4.130757e+01  1.098666e-02 
 4.130797e+01  1.097753e-02 
 4.130837e+01  1.096841e-02 
 4.130876e+01  1.095940e-02 
 4.130916e+01  1.095056e-02 
 4.130956e+01  1.094184e-02 
 4.130996e+01  1.093318e-02 
 4.131035e+01  1.092442e-02 
 4.131075e+01  1.091536e-02 
 4.131115e+01  1.090582e-02 
 4.131155e+01  1.089562e-02 
 4.131195e+01  1.088458e-02 
 4.131234e+01  1.087252e-02 
 4.131274e+01  1.085926e-02 
 4.131314e+01  1.084468e-02 
 4.131354e+01  1.082870e-02 
 4.131393e+01  1.081130e-02 
 4.131433e+01  1.079250e-02 
 4.131473e+01  1.077241e-02 
 4.131513e+01  1.075116e-02 
 4.131553e+01  1.072897e-02 
 4.131592e+01  1.070604e-02 
 4.131632e+01  1.068254e-02 
 4.131672e+01  1.065868e-02 
 4.131712e+01  1.063465e-02 
 4.131751e+01  1.061061e-02 
 4.131791e+01  1.058671e-02 
 4.131831e+01  1.056307e-02 
 4.131871e+01  1.053974e-02 
 4.131910e+01  1.051672e-02 
 4.131950e+01  1.049395e-02 
 4.131990e+01  1.047135e-02 
 4.132030e+01  1.044880e-02 
 4.132070e+01  1.042624e-02 
 4.132109e+01  1.040360e-02 
 4.132149e+01  1.038078e-02 
 4.132189e+01  1.035778e-02 
 4.132229e+01  1.033459e-02 
 4.132268e+01  1.031119e-02 
 4.132308e+01  1.028762e-02 
 4.132348e+01  1.026394e-02 
 4.132388e+01  1.024026e-02 
 4.132427e+01  1.021665e-02 
 4.132467e+01  1.019325e-02 
 4.132507e+01  1.017011e-02 
 4.132547e+01  1.014726e-02 
 4.132587e+01  1.012468e-02 
 4.132626e+01  1.010237e-02 
 4.132666e+01  1.008031e-02 
 4.132706e+01  1.005844e-02 
 4.132746e+01  1.003668e-02 
 4.132785e+01  1.001493e-02 
 4.132825e+01  9.993045e-03 
 4.132865e+01  9.970900e-03 
 4.132905e+01  9.948380e-03 
 4.132944e+01  9.925418e-03 
 4.132984e+01  9.901951e-03 
 4.133024e+01  9.878036e-03 
 4.133064e+01  9.853763e-03 
 4.133104e+01  9.829278e-03 
 4.133143e+01  9.804714e-03 
 4.133183e+01  9.780204e-03 
 4.133223e+01  9.755884e-03 
 4.133263e+01  9.731894e-03 
 4.133302e+01  9.708372e-03 
 4.133342e+01  9.685546e-03 
 4.133382e+01  9.663595e-03 
 4.133422e+01  9.642720e-03 
 4.133461e+01  9.623080e-03 
 4.133501e+01  9.604787e-03 
 4.133541e+01  9.587877e-03 
 4.133581e+01  9.572289e-03 
 4.133621e+01  9.557906e-03 
 4.133660e+01  9.544543e-03 
 4.133700e+01  9.531957e-03 
 4.133740e+01  9.519883e-03 
 4.133780e+01  9.508049e-03 
 4.133819e+01  9.496202e-03 
 4.133859e+01  9.484125e-03 
 4.133899e+01  9.471630e-03 
 4.133939e+01  9.458593e-03 
 4.133978e+01  9.444917e-03 
 4.134018e+01  9.430520e-03 
 4.134058e+01  9.415390e-03 
 4.134098e+01  9.399579e-03 
 4.134138e+01  9.383198e-03 
 4.134177e+01  9.366371e-03 
 4.134217e+01  9.349267e-03 
 4.134257e+01  9.332094e-03 
 4.134297e+01  9.315076e-03 
 4.134336e+01  9.298449e-03 
 4.134376e+01  9.282456e-03 
 4.134416e+01  9.267260e-03 
 4.134456e+01  9.253006e-03 
 4.134495e+01  9.239787e-03 
 4.134535e+01  9.227656e-03 
 4.134575e+01  9.216626e-03 
 4.134615e+01  9.206732e-03 
 4.134655e+01  9.197995e-03 
 4.134694e+01  9.190441e-03 
 4.134734e+01  9.184060e-03 
 4.134774e+01  9.178813e-03 
 4.134814e+01  9.174677e-03 
 4.134853e+01  9.171617e-03 
 4.134893e+01  9.169646e-03 
 4.134933e+01  9.168774e-03 
 4.134973e+01  9.169059e-03 
 4.135012e+01  9.170544e-03 
 4.135052e+01  9.173265e-03 
 4.135092e+01  9.177285e-03 
 4.135132e+01  9.182601e-03 
 4.135172e+01  9.189164e-03 
 4.135211e+01  9.196923e-03 
 4.135251e+01  9.205809e-03 
 4.135291e+01  9.215751e-03 
 4.135331e+01  9.226597e-03 
 4.135370e+01  9.238155e-03 
 4.135410e+01  9.250193e-03 
 4.135450e+01  9.262429e-03 
 4.135490e+01  9.274627e-03 
 4.135529e+01  9.286549e-03 
 4.135569e+01  9.298027e-03 
 4.135609e+01  9.308934e-03 
 4.135649e+01  9.319206e-03 
 4.135689e+01  9.328889e-03 
 4.135728e+01  9.338060e-03 
 4.135768e+01  9.346816e-03 
 4.135808e+01  9.355264e-03 
 4.135848e+01  9.363551e-03 
 4.135887e+01  9.371816e-03 
 4.135927e+01  9.380228e-03 
 4.135967e+01  9.388989e-03 
 4.136007e+01  9.398262e-03 
 4.136046e+01  9.408188e-03 
 4.136086e+01  9.418903e-03 
 4.136126e+01  9.430496e-03 
 4.136166e+01  9.443008e-03 
 4.136206e+01  9.456470e-03 
 4.136245e+01  9.470840e-03 
 4.136285e+01  9.486066e-03 
 4.136325e+01  9.502095e-03 
 4.136365e+01  9.518845e-03 
 4.136404e+01  9.536188e-03 
 4.136444e+01  9.553960e-03 
 4.136484e+01  9.572033e-03 
 4.136524e+01  9.590287e-03 
 4.136563e+01  9.608596e-03 
 4.136603e+01  9.626893e-03 
 4.136643e+01  9.645142e-03 
 4.136683e+01  9.663339e-03 
 4.136723e+01  9.681468e-03 
 4.136762e+01  9.699555e-03 
 4.136802e+01  9.717658e-03 
 4.136842e+01  9.735810e-03 
 4.136882e+01  9.754070e-03 
 4.136921e+01  9.772506e-03 
 4.136961e+01  9.791210e-03 
 4.137001e+01  9.810227e-03 
 4.137041e+01  9.829593e-03 
 4.137080e+01  9.849306e-03 
 4.137120e+01  9.869313e-03 
 4.137160e+01  9.889562e-03 
 4.137200e+01  9.909966e-03 
 4.137240e+01  9.930492e-03 
 4.137279e+01  9.951076e-03 
 4.137319e+01  9.971666e-03 
 4.137359e+01  9.992212e-03 
 4.137399e+01  1.001271e-02 
 4.137438e+01  1.003320e-02 
 4.137478e+01  1.005376e-02 
 4.137518e+01  1.007446e-02 
 4.137558e+01  1.009539e-02 
 4.137597e+01  1.011663e-02 
 4.137637e+01  1.013828e-02 
 4.137677e+01  1.016042e-02 
 4.137717e+01  1.018314e-02 
 4.137757e+01  1.020651e-02 
 4.137796e+01  1.023065e-02 
 4.137836e+01  1.025557e-02 
 4.137876e+01  1.028132e-02 
 4.137916e+01  1.030780e-02 
 4.137955e+01  1.033487e-02 
 4.137995e+01  1.036225e-02 
 4.138035e+01  1.038968e-02 
 4.138075e+01  1.041687e-02 
 4.138114e+01  1.044357e-02 
 4.138154e+01  1.046958e-02 
 4.138194e+01  1.049474e-02 
 4.138234e+01  1.051894e-02 
 4.138274e+01  1.054212e-02 
 4.138313e+01  1.056422e-02 
 4.138353e+01  1.058523e-02 
 4.138393e+01  1.060523e-02 
 4.138433e+01  1.062434e-02 
 4.138472e+01  1.064279e-02 
 4.138512e+01  1.066082e-02 
 4.138552e+01  1.067873e-02 
 4.138592e+01  1.069676e-02 
 4.138631e+01  1.071510e-02 
 4.138671e+01  1.073390e-02 
 4.138711e+01  1.075329e-02 
 4.138751e+01  1.077331e-02 
 4.138791e+01  1.079397e-02 
 4.138830e+01  1.081526e-02 
 4.138870e+01  1.083707e-02 
 4.138910e+01  1.085928e-02 
 4.138950e+01  1.088171e-02 
 4.138989e+01  1.090415e-02 
 4.139029e+01  1.092646e-02 
 4.139069e+01  1.094841e-02 
 4.139109e+01  1.096993e-02 
 4.139148e+01  1.099088e-02 
 4.139188e+01  1.101112e-02 
 4.139228e+01  1.103056e-02 
 4.139268e+01  1.104909e-02 
 4.139308e+01  1.106662e-02 
 4.139347e+01  1.108306e-02 
 4.139387e+01  1.109837e-02 
 4.139427e+01  1.111254e-02 
 4.139467e+01  1.112566e-02 
 4.139506e+01  1.113777e-02 
 4.139546e+01  1.114890e-02 
 4.139586e+01  1.115911e-02 
 4.139626e+01  1.116844e-02 
 4.139665e+01  1.117693e-02 
 4.139705e+01  1.118459e-02 
 4.139745e+01  1.119143e-02 
 4.139785e+01  1.119746e-02 
 4.139825e+01  1.120264e-02 
 4.139864e+01  1.120696e-02 
 4.139904e+01  1.121038e-02 
 4.139944e+01  1.121282e-02 
 4.139984e+01  1.121428e-02 
 4.140023e+01  1.121479e-02 
 4.140063e+01  1.121446e-02 
 4.140103e+01  1.121344e-02 
 4.140143e+01  1.121187e-02 
 4.140182e+01  1.120994e-02 
 4.140222e+01  1.120782e-02 
 4.140262e+01  1.120570e-02 
 4.140302e+01  1.120377e-02 
 4.140342e+01  1.120218e-02 
 4.140381e+01  1.120101e-02 
 4.140421e+01  1.120036e-02 
 4.140461e+01  1.120018e-02 
 4.140501e+01  1.120041e-02 
 4.140540e+01  1.120089e-02 
 4.140580e+01  1.120144e-02 
 4.140620e+01  1.120181e-02 
 4.140660e+01  1.120178e-02 
 4.140699e+01  1.120113e-02 
 4.140739e+01  1.119964e-02 
 4.140779e+01  1.119707e-02 
 4.140819e+01  1.119319e-02 
 4.140859e+01  1.118778e-02 
 4.140898e+01  1.118071e-02 
 4.140938e+01  1.117185e-02 
 4.140978e+01  1.116118e-02 
 4.141018e+01  1.114869e-02 
 4.141057e+01  1.113444e-02 
 4.141097e+01  1.111852e-02 
 4.141137e+01  1.110106e-02 
 4.141177e+01  1.108220e-02 
 4.141217e+01  1.106211e-02 
 4.141256e+01  1.104090e-02 
 4.141296e+01  1.101870e-02 
 4.141336e+01  1.099565e-02 
 4.141376e+01  1.097183e-02 
 4.141415e+01  1.094726e-02 
 4.141455e+01  1.092197e-02 
 4.141495e+01  1.089594e-02 
 4.141535e+01  1.086912e-02 
 4.141574e+01  1.084144e-02 
 4.141614e+01  1.081289e-02 
 4.141654e+01  1.078350e-02 
 4.141694e+01  1.075327e-02 
 4.141734e+01  1.072221e-02 
 4.141773e+01  1.069040e-02 
 4.141813e+01  1.065791e-02 
 4.141853e+01  1.062490e-02 
 4.141893e+01  1.059150e-02 
 4.141932e+01  1.055786e-02 
 4.141972e+01  1.052417e-02 
 4.142012e+01  1.049053e-02 
 4.142052e+01  1.045705e-02 
 4.142091e+01  1.042379e-02 
 4.142131e+01  1.039075e-02 
 4.142171e+01  1.035785e-02 
 4.142211e+01  1.032507e-02 
 4.142251e+01  1.029232e-02 
 4.142290e+01  1.025953e-02 
 4.142330e+01  1.022664e-02 
 4.142370e+01  1.019358e-02 
 4.142410e+01  1.016028e-02 
 4.142449e+01  1.012670e-02 
 4.142489e+01  1.009281e-02 
 4.142529e+01  1.005852e-02 
 4.142569e+01  1.002386e-02 
 4.142608e+01  9.988884e-03 
 4.142648e+01  9.953669e-03 
 4.142688e+01  9.918358e-03 
 4.142728e+01  9.883102e-03 
 4.142768e+01  9.848130e-03 
 4.142807e+01  9.813662e-03 
 4.142847e+01  9.779924e-03 
 4.142887e+01  9.747185e-03 
 4.142927e+01  9.715703e-03 
 4.142966e+01  9.685693e-03 
 4.143006e+01  9.657283e-03 
 4.143046e+01  9.630547e-03 
 4.143086e+01  9.605468e-03 
 4.143125e+01  9.581905e-03 
 4.143165e+01  9.559696e-03 
 4.143205e+01  9.538657e-03 
 4.143245e+01  9.518590e-03 
 4.143285e+01  9.499294e-03 
 4.143324e+01  9.480576e-03 
 4.143364e+01  9.462199e-03 
 4.143404e+01  9.443977e-03 
 4.143444e+01  9.425668e-03 
 4.143483e+01  9.407057e-03 
 4.143523e+01  9.388016e-03 
 4.143563e+01  9.368467e-03 
 4.143603e+01  9.348412e-03 
 4.143642e+01  9.327924e-03 
 4.143682e+01  9.307129e-03 
 4.143722e+01  9.286167e-03 
 4.143762e+01  9.265145e-03 
 4.143802e+01  9.244206e-03 
 4.143841e+01  9.223562e-03 
 4.143881e+01  9.203307e-03 
 4.143921e+01  9.183548e-03 
 4.143961e+01  9.164417e-03 
 4.144000e+01  9.146027e-03 
 4.144040e+01  9.128452e-03 
 4.144080e+01  9.111761e-03 
 4.144120e+01  9.096014e-03 
 4.144159e+01  9.081305e-03 
 4.144199e+01  9.067613e-03 
 4.144239e+01  9.055006e-03 
 4.144279e+01  9.043524e-03 
 4.144319e+01  9.033129e-03 
 4.144358e+01  9.023761e-03 
 4.144398e+01  9.015343e-03 
 4.144438e+01  9.007892e-03 
 4.144478e+01  9.001401e-03 
 4.144517e+01  8.995923e-03 
 4.144557e+01  8.991517e-03 
 4.144597e+01  8.988282e-03 
 4.144637e+01  8.986277e-03 
 4.144676e+01  8.985588e-03 
 4.144716e+01  8.986205e-03 
 4.144756e+01  8.988113e-03 
 4.144796e+01  8.991212e-03 
 4.144836e+01  8.995353e-03 
 4.144875e+01  9.000317e-03 
 4.144915e+01  9.005868e-03 
 4.144955e+01  9.011765e-03 
 4.144995e+01  9.017745e-03 
 4.145034e+01  9.023601e-03 
 4.145074e+01  9.029144e-03 
 4.145114e+01  9.034269e-03 
 4.145154e+01  9.038910e-03 
 4.145193e+01  9.043005e-03 
 4.145233e+01  9.046539e-03 
 4.145273e+01  9.049577e-03 
 4.145313e+01  9.052173e-03 
 4.145353e+01  9.054440e-03 
 4.145392e+01  9.056503e-03 
 4.145432e+01  9.058582e-03 
 4.145472e+01  9.060909e-03 
 4.145512e+01  9.063688e-03 
 4.145551e+01  9.067154e-03 
 4.145591e+01  9.071484e-03 
 4.145631e+01  9.076783e-03 
 4.145671e+01  9.083107e-03 
 4.145710e+01  9.090525e-03 
 4.145750e+01  9.099095e-03 
 4.145790e+01  9.108810e-03 
 4.145830e+01  9.119676e-03 
 4.145870e+01  9.131708e-03 
 4.145909e+01  9.144857e-03 
 4.145949e+01  9.158990e-03 
 4.145989e+01  9.174007e-03 
 4.146029e+01  9.189792e-03 
 4.146068e+01  9.206195e-03 
 4.146108e+01  9.223099e-03 
 4.146148e+01  9.240373e-03 
 4.146188e+01  9.257910e-03 
 4.146227e+01  9.275660e-03 
 4.146267e+01  9.293512e-03 
 4.146307e+01  9.311441e-03 
 4.146347e+01  9.329417e-03 
 4.146387e+01  9.347454e-03 
 4.146426e+01  9.365576e-03 
 4.146466e+01  9.383809e-03 
 4.146506e+01  9.402222e-03 
 4.146546e+01  9.420759e-03 
 4.146585e+01  9.439372e-03 
 4.146625e+01  9.457976e-03 
 4.146665e+01  9.476479e-03 
 4.146705e+01  9.494777e-03 
 4.146744e+01  9.512765e-03 
 4.146784e+01  9.530396e-03 
 4.146824e+01  9.547615e-03 
 4.146864e+01  9.564414e-03 
 4.146904e+01  9.580790e-03 
 4.146943e+01  9.596784e-03 
 4.146983e+01  9.612481e-03 
 4.147023e+01  9.627960e-03 
 4.147063e+01  9.643347e-03 
 4.147102e+01  9.658797e-03 
 4.147142e+01  9.674487e-03 
 4.147182e+01  9.690604e-03 
 4.147222e+01  9.707280e-03 
 4.147261e+01  9.724659e-03 
 4.147301e+01  9.742845e-03 
 4.147341e+01  9.761913e-03 
 4.147381e+01  9.781887e-03 
 4.147421e+01  9.802747e-03 
 4.147460e+01  9.824471e-03 
 4.147500e+01  9.846947e-03 
 4.147540e+01  9.870013e-03 
 4.147580e+01  9.893472e-03 
 4.147619e+01  9.917151e-03 
 4.147659e+01  9.940861e-03 
 4.147699e+01  9.964403e-03 
 4.147739e+01  9.987647e-03 
 4.147778e+01  1.001052e-02 
 4.147818e+01  1.003295e-02 
 4.147858e+01  1.005493e-02 
 4.147898e+01  1.007656e-02 
 4.147938e+01  1.009796e-02 
 4.147977e+01  1.011929e-02 
 4.148017e+01  1.014079e-02 
 4.148057e+01  1.016271e-02 
 4.148097e+01  1.018529e-02 
 4.148136e+01  1.020872e-02 
 4.148176e+01  1.023316e-02 
 4.148216e+01  1.025879e-02 
 4.148256e+01  1.028568e-02 
 4.148295e+01  1.031388e-02 
 4.148335e+01  1.034338e-02 
 4.148375e+01  1.037413e-02 
 4.148415e+01  1.040608e-02 
 4.148455e+01  1.043911e-02 
 4.148494e+01  1.047304e-02 
 4.148534e+01  1.050767e-02 
 4.148574e+01  1.054277e-02 
 4.148614e+01  1.057812e-02 
 4.148653e+01  1.061360e-02 
 4.148693e+01  1.064899e-02 
 4.148733e+01  1.068413e-02 
 4.148773e+01  1.071883e-02 
 4.148812e+01  1.075297e-02 
 4.148852e+01  1.078648e-02 
 4.148892e+01  1.081926e-02 
 4.148932e+01  1.085130e-02 
 4.148972e+01  1.088253e-02 
 4.149011e+01  1.091292e-02 
 4.149051e+01  1.094242e-02 
 4.149091e+01  1.097096e-02 
 4.149131e+01  1.099844e-02 
 4.149170e+01  1.102478e-02 
 4.149210e+01  1.104996e-02 
 4.149250e+01  1.107391e-02 
 4.149290e+01  1.109667e-02 
 4.149329e+01  1.111814e-02 
 4.149369e+01  1.113833e-02 
 4.149409e+01  1.115718e-02 
 4.149449e+01  1.117459e-02 
 4.149489e+01  1.119052e-02 
 4.149528e+01  1.120502e-02 
 4.149568e+01  1.121805e-02 
 4.149608e+01  1.122972e-02 
 4.149648e+01  1.124029e-02 
 4.149687e+01  1.124992e-02 
 4.149727e+01  1.125884e-02 
 4.149767e+01  1.126729e-02 
 4.149807e+01  1.127548e-02 
 4.149846e+01  1.128365e-02 
 4.149886e+01  1.129193e-02 
 4.149926e+01  1.130049e-02 
 4.149966e+01  1.130943e-02 
 4.150006e+01  1.131881e-02 
 4.150045e+01  1.132861e-02 
 4.150085e+01  1.133878e-02 
 4.150125e+01  1.134917e-02 
 4.150165e+01  1.135961e-02 
 4.150204e+01  1.136987e-02 
 4.150244e+01  1.137973e-02 
 4.150284e+01  1.138897e-02 
 4.150324e+01  1.139729e-02 
 4.150364e+01  1.140444e-02 
 4.150403e+01  1.141020e-02 
 4.150443e+01  1.141439e-02 
 4.150483e+01  1.141686e-02 
 4.150523e+01  1.141755e-02 
 4.150562e+01  1.141649e-02 
 4.150602e+01  1.141368e-02 
 4.150642e+01  1.140920e-02 
 4.150682e+01  1.140308e-02 
 4.150721e+01  1.139539e-02 
 4.150761e+01  1.138614e-02 
 4.150801e+01  1.137537e-02 
 4.150841e+01  1.136315e-02 
 4.150881e+01  1.134956e-02 
 4.150920e+01  1.133471e-02 
 4.150960e+01  1.131863e-02 
 4.151000e+01  1.130143e-02 
 4.151040e+01  1.128322e-02 
 4.151079e+01  1.126401e-02 
 4.151119e+01  1.124388e-02 
 4.151159e+01  1.122287e-02 
 4.151199e+01  1.120104e-02 
 4.151238e+01  1.117840e-02 
 4.151278e+01  1.115511e-02 
 4.151318e+01  1.113121e-02 
 4.151358e+01  1.110685e-02 
 4.151398e+01  1.108222e-02 
 4.151437e+01  1.105745e-02 
 4.151477e+01  1.103271e-02 
 4.151517e+01  1.100817e-02 
 4.151557e+01  1.098392e-02 
 4.151596e+01  1.096001e-02 
 4.151636e+01  1.093644e-02 
 4.151676e+01  1.091315e-02 
 4.151716e+01  1.089008e-02 
 4.151755e+01  1.086710e-02 
 4.151795e+01  1.084411e-02 
 4.151835e+01  1.082099e-02 
 4.151875e+01  1.079762e-02 
 4.151915e+01  1.077383e-02 
 4.151954e+01  1.074949e-02 
 4.151994e+01  1.072444e-02 
 4.152034e+01  1.069855e-02 
 4.152074e+01  1.067170e-02 
 4.152113e+01  1.064380e-02 
 4.152153e+01  1.061481e-02 
 4.152193e+01  1.058476e-02 
 4.152233e+01  1.055370e-02 
 4.152272e+01  1.052175e-02 
 4.152312e+01  1.048902e-02 
 4.152352e+01  1.045571e-02 
 4.152392e+01  1.042202e-02 
 4.152432e+01  1.038819e-02 
 4.152471e+01  1.035441e-02 
 4.152511e+01  1.032087e-02 
 4.152551e+01  1.028772e-02 
 4.152591e+01  1.025506e-02 
 4.152630e+01  1.022295e-02 
 4.152670e+01  1.019145e-02 
 4.152710e+01  1.016058e-02 
 4.152750e+01  1.013030e-02 
 4.152789e+01  1.010062e-02 
 4.152829e+01  1.007144e-02 
 4.152869e+01  1.004266e-02 
 4.152909e+01  1.001415e-02 
 4.152949e+01  9.985716e-03 
 4.152988e+01  9.957265e-03 
 4.153028e+01  9.928744e-03 
 4.153068e+01  9.900161e-03 
 4.153108e+01  9.871560e-03 
 4.153147e+01  9.843046e-03 
 4.153187e+01  9.814742e-03 
 4.153227e+01  9.786791e-03 
 4.153267e+01  9.759348e-03 
 4.153306e+01  9.732507e-03 
 4.153346e+01  9.706424e-03 
 4.153386e+01  9.681228e-03 
 4.153426e+01  9.657049e-03 
 4.153466e+01  9.634015e-03 
 4.153505e+01  9.612174e-03 
 4.153545e+01  9.591577e-03 
 4.153585e+01  9.572267e-03 
 4.153625e+01  9.554202e-03 
 4.153664e+01  9.537338e-03 
 4.153704e+01  9.521625e-03 
 4.153744e+01  9.506940e-03 
 4.153784e+01  9.493163e-03 
 4.153823e+01  9.480158e-03 
 4.153863e+01  9.467752e-03 
 4.153903e+01  9.455893e-03 
 4.153943e+01  9.444470e-03 
 4.153983e+01  9.433469e-03 
 4.154022e+01  9.422972e-03 
 4.154062e+01  9.413026e-03 
 4.154102e+01  9.403725e-03 
 4.154142e+01  9.395102e-03 
 4.154181e+01  9.387208e-03 
 4.154221e+01  9.380050e-03 
 4.154261e+01  9.373543e-03 
 4.154301e+01  9.367639e-03 
 4.154340e+01  9.362266e-03 
 4.154380e+01  9.357314e-03 
 4.154420e+01  9.352718e-03 
 4.154460e+01  9.348334e-03 
 4.154500e+01  9.343932e-03 
 4.154539e+01  9.339321e-03 
 4.154579e+01  9.334283e-03 
 4.154619e+01  9.328637e-03 
 4.154659e+01  9.322258e-03 
 4.154698e+01  9.315013e-03 
 4.154738e+01  9.306850e-03 
 4.154778e+01  9.297826e-03 
 4.154818e+01  9.287973e-03 
 4.154857e+01  9.277459e-03 
 4.154897e+01  9.266488e-03 
 4.154937e+01  9.255223e-03 
 4.154977e+01  9.243924e-03 
 4.155017e+01  9.232823e-03 
 4.155056e+01  9.222188e-03 
 4.155096e+01  9.212250e-03 
 4.155136e+01  9.203180e-03 
 4.155176e+01  9.195147e-03 
 4.155215e+01  9.188319e-03 
 4.155255e+01  9.182814e-03 
 4.155295e+01  9.178751e-03 
 4.155335e+01  9.176166e-03 
 4.155374e+01  9.175046e-03 
 4.155414e+01  9.175349e-03 
 4.155454e+01  9.176959e-03 
 4.155494e+01  9.179761e-03 
 4.155534e+01  9.183626e-03 
 4.155573e+01  9.188403e-03 
 4.155613e+01  9.193944e-03 
 4.155653e+01  9.200110e-03 
 4.155693e+01  9.206804e-03 
 4.155732e+01  9.213917e-03 
 4.155772e+01  9.221346e-03 
 4.155812e+01  9.229015e-03 
 4.155852e+01  9.236883e-03 
 4.155891e+01  9.244943e-03 
 4.155931e+01  9.253216e-03 
 4.155971e+01  9.261669e-03 
 4.156011e+01  9.270279e-03 
 4.156051e+01  9.278986e-03 
 4.156090e+01  9.287718e-03 
 4.156130e+01  9.296367e-03 
 4.156170e+01  9.304877e-03 
 4.156210e+01  9.313190e-03 
 4.156249e+01  9.321257e-03 
 4.156289e+01  9.329058e-03 
 4.156329e+01  9.336559e-03 
 4.156369e+01  9.343690e-03 
 4.156408e+01  9.350468e-03 
 4.156448e+01  9.356855e-03 
 4.156488e+01  9.362904e-03 
 4.156528e+01  9.368800e-03 
 4.156568e+01  9.374709e-03 
 4.156607e+01  9.380875e-03 
 4.156647e+01  9.387560e-03 
 4.156687e+01  9.394926e-03 
 4.156727e+01  9.403155e-03 
 4.156766e+01  9.412457e-03 
 4.156806e+01  9.422953e-03 
 4.156846e+01  9.434784e-03 
 4.156886e+01  9.448049e-03 
 4.156925e+01  9.462807e-03 
 4.156965e+01  9.479060e-03 
 4.157005e+01  9.496783e-03 
 4.157045e+01  9.515818e-03 
 4.157085e+01  9.535996e-03 
 4.157124e+01  9.557052e-03 
 4.157164e+01  9.578760e-03 
 4.157204e+01  9.600908e-03 
 4.157244e+01  9.623298e-03 
 4.157283e+01  9.645753e-03 
 4.157323e+01  9.668117e-03 
 4.157363e+01  9.690263e-03 
 4.157403e+01  9.712144e-03 
 4.157442e+01  9.733760e-03 
 4.157482e+01  9.755192e-03 
 4.157522e+01  9.776521e-03 
 4.157562e+01  9.797882e-03 
 4.157602e+01  9.819403e-03 
 4.157641e+01  9.841203e-03 
 4.157681e+01  9.863368e-03 
 4.157721e+01  9.885970e-03 
 4.157761e+01  9.909057e-03 
 4.157800e+01  9.932637e-03 
 4.157840e+01  9.956683e-03 
 4.157880e+01  9.981155e-03 
 4.157920e+01  1.000599e-02 
 4.157959e+01  1.003110e-02 
 4.157999e+01  1.005633e-02 
 4.158039e+01  1.008154e-02 
 4.158079e+01  1.010663e-02 
 4.158119e+01  1.013153e-02 
 4.158158e+01  1.015618e-02 
 4.158198e+01  1.018058e-02 
 4.158238e+01  1.020480e-02 
 4.158278e+01  1.022887e-02 
 4.158317e+01  1.025282e-02 
 4.158357e+01  1.027669e-02 
 4.158397e+01  1.030051e-02 
 4.158437e+01  1.032428e-02 
 4.158476e+01  1.034799e-02 
 4.158516e+01  1.037169e-02 
 4.158556e+01  1.039539e-02 
 4.158596e+01  1.041916e-02 
 4.158636e+01  1.044306e-02 
 4.158675e+01  1.046714e-02 
 4.158715e+01  1.049145e-02 
 4.158755e+01  1.051599e-02 
 4.158795e+01  1.054072e-02 
 4.158834e+01  1.056558e-02 
 4.158874e+01  1.059043e-02 
 4.158914e+01  1.061507e-02 
 4.158954e+01  1.063937e-02 
 4.158993e+01  1.066317e-02 
 4.159033e+01  1.068636e-02 
 4.159073e+01  1.070889e-02 
 4.159113e+01  1.073079e-02 
 4.159153e+01  1.075211e-02 
 4.159192e+01  1.077291e-02 
 4.159232e+01  1.079332e-02 
 4.159272e+01  1.081338e-02 
 4.159312e+01  1.083310e-02 
 4.159351e+01  1.085255e-02 
 4.159391e+01  1.087180e-02 
 4.159431e+01  1.089089e-02 
 4.159471e+01  1.090990e-02 
 4.159511e+01  1.092885e-02 
 4.159550e+01  1.094772e-02 
 4.159590e+01  1.096650e-02 
 4.159630e+01  1.098502e-02 
 4.159670e+01  1.100316e-02 
 4.159709e+01  1.102072e-02 
 4.159749e+01  1.103750e-02 
 4.159789e+01  1.105333e-02 
 4.159829e+01  1.106797e-02 
 4.159868e+01  1.108121e-02 
 4.159908e+01  1.109286e-02 
 4.159948e+01  1.110275e-02 
 4.159988e+01  1.111078e-02 
 4.160028e+01  1.111692e-02 
 4.160067e+01  1.112122e-02 
 4.160107e+01  1.112377e-02 
 4.160147e+01  1.112462e-02 
 4.160187e+01  1.112384e-02 
 4.160226e+01  1.112148e-02 
 4.160266e+01  1.111771e-02 
 4.160306e+01  1.111263e-02 
 4.160346e+01  1.110642e-02 
 4.160385e+01  1.109927e-02 
 4.160425e+01  1.109135e-02 
 4.160465e+01  1.108285e-02 
 4.160505e+01  1.107390e-02 
 4.160545e+01  1.106453e-02 
 4.160584e+01  1.105477e-02 
 4.160624e+01  1.104462e-02 
 4.160664e+01  1.103405e-02 
 4.160704e+01  1.102311e-02 
 4.160743e+01  1.101182e-02 
 4.160783e+01  1.100023e-02 
 4.160823e+01  1.098839e-02 
 4.160863e+01  1.097639e-02 
 4.160902e+01  1.096434e-02 
 4.160942e+01  1.095231e-02 
 4.160982e+01  1.094036e-02 
 4.161022e+01  1.092855e-02 
 4.161062e+01  1.091686e-02 
 4.161101e+01  1.090527e-02 
 4.161141e+01  1.089371e-02 
 4.161181e+01  1.088209e-02 
 4.161221e+01  1.087028e-02 
 4.161260e+01  1.085816e-02 
 4.161300e+01  1.084563e-02 
 4.161340e+01  1.083266e-02 
 4.161380e+01  1.081916e-02 
 4.161419e+01  1.080498e-02 
 4.161459e+01  1.079003e-02 
 4.161499e+01  1.077410e-02 
 4.161539e+01  1.075702e-02 
 4.161579e+01  1.073864e-02 
 4.161618e+01  1.071884e-02 
 4.161658e+01  1.069761e-02 
 4.161698e+01  1.067493e-02 
 4.161738e+01  1.065088e-02 
 4.161777e+01  1.062559e-02 
 4.161817e+01  1.059923e-02 
 4.161857e+01  1.057196e-02 
 4.161897e+01  1.054398e-02 
 4.161936e+01  1.051545e-02 
 4.161976e+01  1.048663e-02 
 4.162016e+01  1.045781e-02 
 4.162056e+01  1.042922e-02 
 4.162096e+01  1.040109e-02 
 4.162135e+01  1.037366e-02 
 4.162175e+01  1.034705e-02 
 4.162215e+01  1.032136e-02 
 4.162255e+01  1.029667e-02 
 4.162294e+01  1.027293e-02 
 4.162334e+01  1.025003e-02 
 4.162374e+01  1.022785e-02 
 4.162414e+01  1.020615e-02 
 4.162453e+01  1.018477e-02 
 4.162493e+01  1.016349e-02 
 4.162533e+01  1.014216e-02 
 4.162573e+01  1.012068e-02 
 4.162613e+01  1.009903e-02 
 4.162652e+01  1.007721e-02 
 4.162692e+01  1.005527e-02 
 4.162732e+01  1.003329e-02 
 4.162772e+01  1.001131e-02 
 4.162811e+01  9.989367e-03 
 4.162851e+01  9.967517e-03 
 4.162891e+01  9.945827e-03 
 4.162931e+01  9.924346e-03 
 4.162970e+01  9.903119e-03 
 4.163010e+01  9.882171e-03 
 4.163050e+01  9.861472e-03 
 4.163090e+01  9.840957e-03 
 4.163130e+01  9.820561e-03 
 4.163169e+01  9.800211e-03 
 4.163209e+01  9.779820e-03 
 4.163249e+01  9.759301e-03 
 4.163289e+01  9.738586e-03 
 4.163328e+01  9.717636e-03 
 4.163368e+01  9.696445e-03 
 4.163408e+01  9.675005e-03 
 4.163448e+01  9.653363e-03 
 4.163487e+01  9.631604e-03 
 4.163527e+01  9.609900e-03 
 4.163567e+01  9.588445e-03 
 4.163607e+01  9.567438e-03 
 4.163647e+01  9.547085e-03 
 4.163686e+01  9.527522e-03 
 4.163726e+01  9.508889e-03 
 4.163766e+01  9.491367e-03 
 4.163806e+01  9.475062e-03 
 4.163845e+01  9.460076e-03 
 4.163885e+01  9.446458e-03 
 4.163925e+01  9.434163e-03 
 4.163965e+01  9.423144e-03 
 4.164004e+01  9.413316e-03 
 4.164044e+01  9.404457e-03 
 4.164084e+01  9.396347e-03 
 4.164124e+01  9.388809e-03 
 4.164164e+01  9.381636e-03 
 4.164203e+01  9.374743e-03 
 4.164243e+01  9.368056e-03 
 4.164283e+01  9.361473e-03 
 4.164323e+01  9.354966e-03 
 4.164362e+01  9.348543e-03 
 4.164402e+01  9.342221e-03 
 4.164442e+01  9.336032e-03 
 4.164482e+01  9.330044e-03 
 4.164521e+01  9.324397e-03 
 4.164561e+01  9.319200e-03 
 4.164601e+01  9.314589e-03 
 4.164641e+01  9.310725e-03 
 4.164681e+01  9.307704e-03 
 4.164720e+01  9.305594e-03 
 4.164760e+01  9.304409e-03 
 4.164800e+01  9.304128e-03 
 4.164840e+01  9.304715e-03 
 4.164879e+01  9.306076e-03 
 4.164919e+01  9.308119e-03 
 4.164959e+01  9.310729e-03 
 4.164999e+01  9.313734e-03 
 4.165038e+01  9.317001e-03 
 4.165078e+01  9.320400e-03 
 4.165118e+01  9.323828e-03 
 4.165158e+01  9.327201e-03 
 4.165198e+01  9.330441e-03 
 4.165237e+01  9.333537e-03 
 4.165277e+01  9.336491e-03 
 4.165317e+01  9.339297e-03 
 4.165357e+01  9.341964e-03 
 4.165396e+01  9.344530e-03 
 4.165436e+01  9.347015e-03 
 4.165476e+01  9.349510e-03 
 4.165516e+01  9.352112e-03 
 4.165555e+01  9.354901e-03 
 4.165595e+01  9.357926e-03 
 4.165635e+01  9.361208e-03 
 4.165675e+01  9.364723e-03 
 4.165715e+01  9.368469e-03 
 4.165754e+01  9.372408e-03 
 4.165794e+01  9.376495e-03 
 4.165834e+01  9.380739e-03 
 4.165874e+01  9.385169e-03 
 4.165913e+01  9.389803e-03 
 4.165953e+01  9.394717e-03 
 4.165993e+01  9.400045e-03 
 4.166033e+01  9.405906e-03 
 4.166072e+01  9.412432e-03 
 4.166112e+01  9.419794e-03 
 4.166152e+01  9.428126e-03 
 4.166192e+01  9.437597e-03 
 4.166232e+01  9.448312e-03 
 4.166271e+01  9.460355e-03 
 4.166311e+01  9.473799e-03 
 4.166351e+01  9.488706e-03 
 4.166391e+01  9.505159e-03 
 4.166430e+01  9.523136e-03 
 4.166470e+01  9.542616e-03 
 4.166510e+01  9.563493e-03 
 4.166550e+01  9.585608e-03 
 4.166589e+01  9.608734e-03 
 4.166629e+01  9.632641e-03 
 4.166669e+01  9.657054e-03 
 4.166709e+01  9.681736e-03 
 4.166749e+01  9.706418e-03 
 4.166788e+01  9.730929e-03 
 4.166828e+01  9.755095e-03 
 4.166868e+01  9.778795e-03 
 4.166908e+01  9.801944e-03 
 4.166947e+01  9.824488e-03 
 4.166987e+01  9.846431e-03 
 4.167027e+01  9.867785e-03 
 4.167067e+01  9.888616e-03 
 4.167106e+01  9.909011e-03 
 4.167146e+01  9.929056e-03 
 4.167186e+01  9.948832e-03 
 4.167226e+01  9.968449e-03 
 4.167266e+01  9.988059e-03 
 4.167305e+01  1.000773e-02 
 4.167345e+01  1.002753e-02 
 4.167385e+01  1.004753e-02 
 4.167425e+01  1.006775e-02 
 4.167464e+01  1.008823e-02 
 4.167504e+01  1.010895e-02 
 4.167544e+01  1.012988e-02 
 4.167584e+01  1.015100e-02 
 4.167623e+01  1.017229e-02 
 4.167663e+01  1.019375e-02 
 4.167703e+01  1.021540e-02 
 4.167743e+01  1.023730e-02 
 4.167783e+01  1.025948e-02 
 4.167822e+01  1.028198e-02 
 4.167862e+01  1.030479e-02 
 4.167902e+01  1.032791e-02 
 4.167942e+01  1.035134e-02 
 4.167981e+01  1.037503e-02 
 4.168021e+01  1.039898e-02 
 4.168061e+01  1.042321e-02 
 4.168101e+01  1.044771e-02 
 4.168140e+01  1.047250e-02 
 4.168180e+01  1.049759e-02 
 4.168220e+01  1.052294e-02 
 4.168260e+01  1.054843e-02 
 4.168300e+01  1.057394e-02 
 4.168339e+01  1.059934e-02 
 4.168379e+01  1.062451e-02 
 4.168419e+01  1.064931e-02 
 4.168459e+01  1.067355e-02 
 4.168498e+01  1.069706e-02 
 4.168538e+01  1.071973e-02 
 4.168578e+01  1.074148e-02 
 4.168618e+01  1.076221e-02 
 4.168658e+01  1.078186e-02 
 4.168697e+01  1.080044e-02 
 4.168737e+01  1.081798e-02 
 4.168777e+01  1.083450e-02 
 4.168817e+01  1.085013e-02 
 4.168856e+01  1.086501e-02 
 4.168896e+01  1.087930e-02 
 4.168936e+01  1.089321e-02 
 4.168976e+01  1.090693e-02 
 4.169015e+01  1.092069e-02 
 4.169055e+01  1.093467e-02 
 4.169095e+01  1.094894e-02 
 4.169135e+01  1.096352e-02 
 4.169175e+01  1.097837e-02 
 4.169214e+01  1.099341e-02 
 4.169254e+01  1.100854e-02 
 4.169294e+01  1.102363e-02 
 4.169334e+01  1.103859e-02 
 4.169373e+01  1.105327e-02 
 4.169413e+01  1.106757e-02 
 4.169453e+01  1.108136e-02 
 4.169493e+01  1.109457e-02 
 4.169532e+01  1.110702e-02 
 4.169572e+01  1.111858e-02 
 4.169612e+01  1.112920e-02 
 4.169652e+01  1.113879e-02 
 4.169692e+01  1.114732e-02 
 4.169731e+01  1.115481e-02 
 4.169771e+01  1.116134e-02 
 4.169811e+01  1.116698e-02 
 4.169851e+01  1.117186e-02 
 4.169890e+01  1.117607e-02 
 4.169930e+01  1.117966e-02 
 4.169970e+01  1.118264e-02 
 4.170010e+01  1.118498e-02 
 4.170049e+01  1.118660e-02 
 4.170089e+01  1.118743e-02 
 4.170129e+01  1.118736e-02 
 4.170169e+01  1.118630e-02 
 4.170209e+01  1.118417e-02 
 4.170248e+01  1.118096e-02 
 4.170288e+01  1.117661e-02 
 4.170328e+01  1.117112e-02 
 4.170368e+01  1.116453e-02 
 4.170407e+01  1.115684e-02 
 4.170447e+01  1.114809e-02 
 4.170487e+01  1.113833e-02 
 4.170527e+01  1.112765e-02 
 4.170566e+01  1.111614e-02 
 4.170606e+01  1.110391e-02 
 4.170646e+01  1.109105e-02 
 4.170686e+01  1.107763e-02 
 4.170726e+01  1.106375e-02 
 4.170765e+01  1.104943e-02 
 4.170805e+01  1.103475e-02 
 4.170845e+01  1.101967e-02 
 4.170885e+01  1.100421e-02 
 4.170924e+01  1.098833e-02 
 4.170964e+01  1.097200e-02 
 4.171004e+01  1.095511e-02 
 4.171044e+01  1.093759e-02 
 4.171083e+01  1.091936e-02 
 4.171123e+01  1.090032e-02 
 4.171163e+01  1.088043e-02 
 4.171203e+01  1.085972e-02 
 4.171243e+01  1.083821e-02 
 4.171282e+01  1.081591e-02 
 4.171322e+01  1.079286e-02 
 4.171362e+01  1.076915e-02 
 4.171402e+01  1.074491e-02 
 4.171441e+01  1.072026e-02 
 4.171481e+01  1.069539e-02 
 4.171521e+01  1.067054e-02 
 4.171561e+01  1.064589e-02 
 4.171600e+01  1.062171e-02 
 4.171640e+01  1.059819e-02 
 4.171680e+01  1.057545e-02 
 4.171720e+01  1.055348e-02 
 4.171760e+01  1.053223e-02 
 4.171799e+01  1.051153e-02 
 4.171839e+01  1.049121e-02 
 4.171879e+01  1.047108e-02 
 4.171919e+01  1.045090e-02 
 4.171958e+01  1.043046e-02 
 4.171998e+01  1.040957e-02 
 4.172038e+01  1.038809e-02 
 4.172078e+01  1.036593e-02 
 4.172117e+01  1.034304e-02 
 4.172157e+01  1.031940e-02 
 4.172197e+01  1.029498e-02 
 4.172237e+01  1.026981e-02 
 4.172277e+01  1.024395e-02 
 4.172316e+01  1.021746e-02 
 4.172356e+01  1.019040e-02 
 4.172396e+01  1.016287e-02 
 4.172436e+01  1.013499e-02 
 4.172475e+01  1.010684e-02 
 4.172515e+01  1.007849e-02 
 4.172555e+01  1.005001e-02 
 4.172595e+01  1.002140e-02 
 4.172634e+01  9.992571e-03 
 4.172674e+01  9.963495e-03 
 4.172714e+01  9.934063e-03 
 4.172754e+01  9.904240e-03 
 4.172794e+01  9.873924e-03 
 4.172833e+01  9.843084e-03 
 4.172873e+01  9.811725e-03 
 4.172913e+01  9.779896e-03 
 4.172953e+01  9.747740e-03 
 4.172992e+01  9.715395e-03 
 4.173032e+01  9.683000e-03 
 4.173072e+01  9.650774e-03 
 4.173112e+01  9.618904e-03 
 4.173151e+01  9.587590e-03 
 4.173191e+01  9.557024e-03 
 4.173231e+01  9.527446e-03 
 4.173271e+01  9.499028e-03 
 4.173311e+01  9.471927e-03 
 4.173350e+01  9.446295e-03 
 4.173390e+01  9.422214e-03 
 4.173430e+01  9.399657e-03 
 4.173470e+01  9.378545e-03 
 4.173509e+01  9.358708e-03 
 4.173549e+01  9.339969e-03 
 4.173589e+01  9.322118e-03 
 4.173629e+01  9.304944e-03 
 4.173668e+01  9.288265e-03 
 4.173708e+01  9.271917e-03 
 4.173748e+01  9.255846e-03 
 4.173788e+01  9.239856e-03 
 4.173828e+01  9.223913e-03 
 4.173867e+01  9.207948e-03 
 4.173907e+01  9.191968e-03 
 4.173947e+01  9.175977e-03 
 4.173987e+01  9.159950e-03 
 4.174026e+01  9.144023e-03 
 4.174066e+01  9.128281e-03 
 4.174106e+01  9.112866e-03 
 4.174146e+01  9.097882e-03 
 4.174185e+01  9.083451e-03 
 4.174225e+01  9.069615e-03 
 4.174265e+01  9.056424e-03 
 4.174305e+01  9.043935e-03 
 4.174345e+01  9.032182e-03 
 4.174384e+01  9.021160e-03 
 4.174424e+01  9.010899e-03 
 4.174464e+01  9.001408e-03 
 4.174504e+01  8.992651e-03 
 4.174543e+01  8.984615e-03 
 4.174583e+01  8.977260e-03 
 4.174623e+01  8.970560e-03 
 4.174663e+01  8.964420e-03 
 4.174702e+01  8.958810e-03 
 4.174742e+01  8.953708e-03 
 4.174782e+01  8.949129e-03 
 4.174822e+01  8.945135e-03 
 4.174862e+01  8.941829e-03 
 4.174901e+01  8.939293e-03 
 4.174941e+01  8.937650e-03 
 4.174981e+01  8.937010e-03 
 4.175021e+01  8.937430e-03 
 4.175060e+01  8.938954e-03 
 4.175100e+01  8.941591e-03 
 4.175140e+01  8.945339e-03 
 4.175180e+01  8.950105e-03 
 4.175219e+01  8.955824e-03 
 4.175259e+01  8.962405e-03 
 4.175299e+01  8.969771e-03 
 4.175339e+01  8.977822e-03 
 4.175379e+01  8.986487e-03 
 4.175418e+01  8.995691e-03 
 4.175458e+01  9.005371e-03 
 4.175498e+01  9.015452e-03 
 4.175538e+01  9.025879e-03 
 4.175577e+01  9.036639e-03 
 4.175617e+01  9.047710e-03 
 4.175657e+01  9.059088e-03 
 4.175697e+01  9.070848e-03 
 4.175736e+01  9.083042e-03 
 4.175776e+01  9.095756e-03 
 4.175816e+01  9.109087e-03 
 4.175856e+01  9.123102e-03 
 4.175896e+01  9.137855e-03 
 4.175935e+01  9.153329e-03 
 4.175975e+01  9.169491e-03 
 4.176015e+01  9.186295e-03 
 4.176055e+01  9.203660e-03 
 4.176094e+01  9.221507e-03 
 4.176134e+01  9.239693e-03 
 4.176174e+01  9.258117e-03 
 4.176214e+01  9.276699e-03 
 4.176253e+01  9.295340e-03 
 4.176293e+01  9.313975e-03 
 4.176333e+01  9.332499e-03 
 4.176373e+01  9.350880e-03 
 4.176413e+01  9.369065e-03 
 4.176452e+01  9.387065e-03 
 4.176492e+01  9.404894e-03 
 4.176532e+01  9.422589e-03 
 4.176572e+01  9.440258e-03 
 4.176611e+01  9.458023e-03 
 4.176651e+01  9.476054e-03 
 4.176691e+01  9.494481e-03 
 4.176731e+01  9.513512e-03 
 4.176770e+01  9.533293e-03 
 4.176810e+01  9.553938e-03 
 4.176850e+01  9.575524e-03 
 4.176890e+01  9.598036e-03 
 4.176930e+01  9.621456e-03 
 4.176969e+01  9.645733e-03 
 4.177009e+01  9.670867e-03 
 4.177049e+01  9.696790e-03 
 4.177089e+01  9.723475e-03 
 4.177128e+01  9.750906e-03 
 4.177168e+01  9.779044e-03 
 4.177208e+01  9.807858e-03 
 4.177248e+01  9.837253e-03 
 4.177287e+01  9.867160e-03 
 4.177327e+01  9.897465e-03 
 4.177367e+01  9.928061e-03 
 4.177407e+01  9.958850e-03 
 4.177447e+01  9.989811e-03 
 4.177486e+01  1.002089e-02 
 4.177526e+01  1.005209e-02 
 4.177566e+01  1.008342e-02 
 4.177606e+01  1.011488e-02 
 4.177645e+01  1.014651e-02 
 4.177685e+01  1.017827e-02 
 4.177725e+01  1.021011e-02 
 4.177765e+01  1.024196e-02 
 4.177805e+01  1.027372e-02 
 4.177844e+01  1.030527e-02 
 4.177884e+01  1.033645e-02 
 4.177924e+01  1.036711e-02 
 4.177964e+01  1.039711e-02 
 4.178003e+01  1.042628e-02 
 4.178043e+01  1.045450e-02 
 4.178083e+01  1.048165e-02 
 4.178123e+01  1.050763e-02 
 4.178162e+01  1.053236e-02 
 4.178202e+01  1.055581e-02 
 4.178242e+01  1.057798e-02 
 4.178282e+01  1.059892e-02 
 4.178322e+01  1.061872e-02 
 4.178361e+01  1.063754e-02 
 4.178401e+01  1.065562e-02 
 4.178441e+01  1.067317e-02 
 4.178481e+01  1.069047e-02 
 4.178520e+01  1.070779e-02 
 4.178560e+01  1.072529e-02 
 4.178600e+01  1.074315e-02 
 4.178640e+01  1.076147e-02 
 4.178679e+01  1.078030e-02 
 4.178719e+01  1.079963e-02 
 4.178759e+01  1.081941e-02 
 4.178799e+01  1.083958e-02 
 4.178839e+01  1.086006e-02 
 4.178878e+01  1.088076e-02 
 4.178918e+01  1.090155e-02 
 4.178958e+01  1.092232e-02 
 4.178998e+01  1.094294e-02 
 4.179037e+01  1.096325e-02 
 4.179077e+01  1.098315e-02 
 4.179117e+01  1.100257e-02 
 4.179157e+01  1.102147e-02 
 4.179196e+01  1.103988e-02 
 4.179236e+01  1.105784e-02 
 4.179276e+01  1.107542e-02 
 4.179316e+01  1.109265e-02 
 4.179356e+01  1.110959e-02 
 4.179395e+01  1.112629e-02 
 4.179435e+01  1.114274e-02 
 4.179475e+01  1.115888e-02 
 4.179515e+01  1.117472e-02 
 4.179554e+01  1.119014e-02 
 4.179594e+01  1.120502e-02 
 4.179634e+01  1.121926e-02 
 4.179674e+01  1.123275e-02 
 4.179713e+01  1.124532e-02 
 4.179753e+01  1.125691e-02 
 4.179793e+01  1.126740e-02 
 4.179833e+01  1.127673e-02 
 4.179873e+01  1.128485e-02 
 4.179912e+01  1.129171e-02 
 4.179952e+01  1.129734e-02 
 4.179992e+01  1.130180e-02 
 4.180032e+01  1.130519e-02 
 4.180071e+01  1.130760e-02 
 4.180111e+01  1.130918e-02 
 4.180151e+01  1.131003e-02 
 4.180191e+01  1.131027e-02 
 4.180230e+01  1.131002e-02 
 4.180270e+01  1.130937e-02 
 4.180310e+01  1.130837e-02 
 4.180350e+01  1.130706e-02 
 4.180390e+01  1.130543e-02 
 4.180429e+01  1.130347e-02 
 4.180469e+01  1.130111e-02 
 4.180509e+01  1.129824e-02 
 4.180549e+01  1.129479e-02 
 4.180588e+01  1.129069e-02 
 4.180628e+01  1.128585e-02 
 4.180668e+01  1.128019e-02 
 4.180708e+01  1.127367e-02 
 4.180747e+01  1.126621e-02 
 4.180787e+01  1.125773e-02 
 4.180827e+01  1.124825e-02 
 4.180867e+01  1.123781e-02 
 4.180907e+01  1.122652e-02 
 4.180946e+01  1.121448e-02 
 4.180986e+01  1.120185e-02 
 4.181026e+01  1.118878e-02 
 4.181066e+01  1.117535e-02 
 4.181105e+01  1.116166e-02 
 4.181145e+01  1.114780e-02 
 4.181185e+01  1.113379e-02 
 4.181225e+01  1.111957e-02 
 4.181264e+01  1.110514e-02 
 4.181304e+01  1.109039e-02 
 4.181344e+01  1.107519e-02 
 4.181384e+01  1.105939e-02 
 4.181424e+01  1.104283e-02 
 4.181463e+01  1.102532e-02 
 4.181503e+01  1.100669e-02 
 4.181543e+01  1.098681e-02 
 4.181583e+01  1.096559e-02 
 4.181622e+01  1.094299e-02 
 4.181662e+01  1.091900e-02 
 4.181702e+01  1.089366e-02 
 4.181742e+01  1.086704e-02 
 4.181781e+01  1.083929e-02 
 4.181821e+01  1.081061e-02 
 4.181861e+01  1.078117e-02 
 4.181901e+01  1.075117e-02 
 4.181941e+01  1.072078e-02 
 4.181980e+01  1.069016e-02 
 4.182020e+01  1.065947e-02 
 4.182060e+01  1.062882e-02 
 4.182100e+01  1.059825e-02 
 4.182139e+01  1.056780e-02 
 4.182179e+01  1.053747e-02 
 4.182219e+01  1.050724e-02 
 4.182259e+01  1.047707e-02 
 4.182298e+01  1.044690e-02 
 4.182338e+01  1.041673e-02 
 4.182378e+01  1.038657e-02 
 4.182418e+01  1.035643e-02 
 4.182458e+01  1.032639e-02 
 4.182497e+01  1.029650e-02 
 4.182537e+01  1.026683e-02 
 4.182577e+01  1.023746e-02 
 4.182617e+01  1.020854e-02 
 4.182656e+01  1.018021e-02 
 4.182696e+01  1.015262e-02 
 4.182736e+01  1.012591e-02 
 4.182776e+01  1.010024e-02 
 4.182815e+01  1.007565e-02 
 4.182855e+01  1.005213e-02 
 4.182895e+01  1.002964e-02 
 4.182935e+01  1.000807e-02 
 4.182975e+01  9.987196e-03 
 4.183014e+01  9.966845e-03 
 4.183054e+01  9.946797e-03 
 4.183094e+01  9.926835e-03 
 4.183134e+01  9.906719e-03 
 4.183173e+01  9.886273e-03 
 4.183213e+01  9.865291e-03 
 4.183253e+01  9.843620e-03 
 4.183293e+01  9.821138e-03 
 4.183332e+01  9.797779e-03 
 4.183372e+01  9.773466e-03 
 4.183412e+01  9.748154e-03 
 4.183452e+01  9.721865e-03 
 4.183492e+01  9.694656e-03 
 4.183531e+01  9.666627e-03 
 4.183571e+01  9.637918e-03 
 4.183611e+01  9.608684e-03 
 4.183651e+01  9.579098e-03 
 4.183690e+01  9.549348e-03 
 4.183730e+01  9.519638e-03 
 4.183770e+01  9.490189e-03 
 4.183810e+01  9.461182e-03 
 4.183849e+01  9.432789e-03 
 4.183889e+01  9.405130e-03 
 4.183929e+01  9.378314e-03 
 4.183969e+01  9.352410e-03 
 4.184009e+01  9.327494e-03 
 4.184048e+01  9.303579e-03 
 4.184088e+01  9.280663e-03 
 4.184128e+01  9.258800e-03 
 4.184168e+01  9.237956e-03 
 4.184207e+01  9.218170e-03 
 4.184247e+01  9.199391e-03 
 4.184287e+01  9.181633e-03 
 4.184327e+01  9.164923e-03 
 4.184366e+01  9.149314e-03 
 4.184406e+01  9.134883e-03 
 4.184446e+01  9.121652e-03 
 4.184486e+01  9.109681e-03 
 4.184526e+01  9.098966e-03 
 4.184565e+01  9.089521e-03 
 4.184605e+01  9.081322e-03 
 4.184645e+01  9.074319e-03 
 4.184685e+01  9.068467e-03 
 4.184724e+01  9.063603e-03 
 4.184764e+01  9.059651e-03 
 4.184804e+01  9.056466e-03 
 4.184844e+01  9.053915e-03 
 4.184883e+01  9.051840e-03 
 4.184923e+01  9.050113e-03 
 4.184963e+01  9.048621e-03 
 4.185003e+01  9.047219e-03 
 4.185043e+01  9.045836e-03 
 4.185082e+01  9.044426e-03 
 4.185122e+01  9.042951e-03 
 4.185162e+01  9.041446e-03 
 4.185202e+01  9.039954e-03 
 4.185241e+01  9.038587e-03 
 4.185281e+01  9.037421e-03 
 4.185321e+01  9.036591e-03 
 4.185361e+01  9.036185e-03 
 4.185400e+01  9.036274e-03 
 4.185440e+01  9.036951e-03 
 4.185480e+01  9.038279e-03 
 4.185520e+01  9.040363e-03 
 4.185560e+01  9.043285e-03 
 4.185599e+01  9.047112e-03 
 4.185639e+01  9.051842e-03 
 4.185679e+01  9.057428e-03 
 4.185719e+01  9.063823e-03 
 4.185758e+01  9.070952e-03 
 4.185798e+01  9.078720e-03 
 4.185838e+01  9.087069e-03 
 4.185878e+01  9.095913e-03 
 4.185917e+01  9.105198e-03 
 4.185957e+01  9.114947e-03 
 4.185997e+01  9.125229e-03 
 4.186037e+01  9.136128e-03 
 4.186077e+01  9.147702e-03 
 4.186116e+01  9.160068e-03 
 4.186156e+01  9.173288e-03 
 4.186196e+01  9.187484e-03 
 4.186236e+01  9.202688e-03 
 4.186275e+01  9.218920e-03 
 4.186315e+01  9.236188e-03 
 4.186355e+01  9.254448e-03 
 4.186395e+01  9.273691e-03 
 4.186434e+01  9.293915e-03 
 4.186474e+01  9.315027e-03 
 4.186514e+01  9.336946e-03 
 4.186554e+01  9.359594e-03 
 4.186594e+01  9.382861e-03 
 4.186633e+01  9.406604e-03 
 4.186673e+01  9.430688e-03 
 4.186713e+01  9.454965e-03 
 4.186753e+01  9.479284e-03 
 4.186792e+01  9.503506e-03 
 4.186832e+01  9.527555e-03 
 4.186872e+01  9.551349e-03 
 4.186912e+01  9.574845e-03 
 4.186952e+01  9.598039e-03 
 4.186991e+01  9.620968e-03 
 4.187031e+01  9.643677e-03 
 4.187071e+01  9.666221e-03 
 4.187111e+01  9.688659e-03 
 4.187150e+01  9.711064e-03 
 4.187190e+01  9.733503e-03 
 4.187230e+01  9.756039e-03 
 4.187270e+01  9.778721e-03 
 4.187309e+01  9.801577e-03 
 4.187349e+01  9.824608e-03 
 4.187389e+01  9.847790e-03 
 4.187429e+01  9.871088e-03 
 4.187469e+01  9.894445e-03 
 4.187508e+01  9.917806e-03 
 4.187548e+01  9.941075e-03 
 4.187588e+01  9.964166e-03 
 4.187628e+01  9.986996e-03 
 4.187667e+01  1.000949e-02 
 4.187707e+01  1.003161e-02 
 4.187747e+01  1.005338e-02 
 4.187787e+01  1.007488e-02 
 4.187826e+01  1.009624e-02 
 4.187866e+01  1.011768e-02 
 4.187906e+01  1.013941e-02 
 4.187946e+01  1.016166e-02 
 4.187986e+01  1.018463e-02 
 4.188025e+01  1.020844e-02 
 4.188065e+01  1.023316e-02 
 4.188105e+01  1.025880e-02 
 4.188145e+01  1.028532e-02 
 4.188184e+01  1.031267e-02 
 4.188224e+01  1.034074e-02 
 4.188264e+01  1.036936e-02 
 4.188304e+01  1.039839e-02 
 4.188343e+01  1.042763e-02 
 4.188383e+01  1.045684e-02 
 4.188423e+01  1.048581e-02 
 4.188463e+01  1.051423e-02 
 4.188503e+01  1.054188e-02 
 4.188542e+01  1.056851e-02 
 4.188582e+01  1.059388e-02 
 4.188622e+01  1.061786e-02 
 4.188662e+01  1.064034e-02 
 4.188701e+01  1.066127e-02 
 4.188741e+01  1.068069e-02 
 4.188781e+01  1.069866e-02 
 4.188821e+01  1.071524e-02 
 4.188860e+01  1.073057e-02 
 4.188900e+01  1.074477e-02 
 4.188940e+01  1.075793e-02 
 4.188980e+01  1.077018e-02 
 4.189020e+01  1.078158e-02 
 4.189059e+01  1.079214e-02 
 4.189099e+01  1.080193e-02 
 4.189139e+01  1.081095e-02 
 4.189179e+01  1.081919e-02 
 4.189218e+01  1.082666e-02 
 4.189258e+01  1.083338e-02 
 4.189298e+01  1.083938e-02 
 4.189338e+01  1.084474e-02 
 4.189377e+01  1.084952e-02 
 4.189417e+01  1.085385e-02 
 4.189457e+01  1.085784e-02 
 4.189497e+01  1.086164e-02 
 4.189537e+01  1.086540e-02 
 4.189576e+01  1.086930e-02 
 4.189616e+01  1.087350e-02 
 4.189656e+01  1.087813e-02 
 4.189696e+01  1.088332e-02 
 4.189735e+01  1.088915e-02 
 4.189775e+01  1.089564e-02 
 4.189815e+01  1.090277e-02 
 4.189855e+01  1.091047e-02 
 4.189894e+01  1.091866e-02 
 4.189934e+01  1.092719e-02 
 4.189974e+01  1.093592e-02 
 4.190014e+01  1.094468e-02 
 4.190054e+01  1.095328e-02 
 4.190093e+01  1.096153e-02 
 4.190133e+01  1.096922e-02 
 4.190173e+01  1.097617e-02 
 4.190213e+01  1.098221e-02 
 4.190252e+01  1.098722e-02 
 4.190292e+01  1.099111e-02 
 4.190332e+01  1.099385e-02 
 4.190372e+01  1.099545e-02 
 4.190411e+01  1.099587e-02 
 4.190451e+01  1.099515e-02 
 4.190491e+01  1.099332e-02 
 4.190531e+01  1.099047e-02 
 4.190571e+01  1.098669e-02 
 4.190610e+01  1.098211e-02 
 4.190650e+01  1.097685e-02 
 4.190690e+01  1.097103e-02 
 4.190730e+01  1.096478e-02 
 4.190769e+01  1.095818e-02 
 4.190809e+01  1.095128e-02 
 4.190849e+01  1.094405e-02 
 4.190889e+01  1.093639e-02 
 4.190928e+01  1.092819e-02 
 4.190968e+01  1.091939e-02 
 4.191008e+01  1.090990e-02 
 4.191048e+01  1.089972e-02 
 4.191088e+01  1.088883e-02 
 4.191127e+01  1.087730e-02 
 4.191167e+01  1.086516e-02 
 4.191207e+01  1.085252e-02 
 4.191247e+01  1.083947e-02 
 4.191286e+01  1.082605e-02 
 4.191326e+01  1.081235e-02 
 4.191366e+01  1.079846e-02 
 4.191406e+01  1.078450e-02 
 4.191445e+01  1.077053e-02 
 4.191485e+01  1.075664e-02 
 4.191525e+01  1.074286e-02 
 4.191565e+01  1.072916e-02 
 4.191605e+01  1.071555e-02 
 4.191644e+01  1.070197e-02 
 4.191684e+01  1.068834e-02 
 4.191724e+01  1.067454e-02 
 4.191764e+01  1.066044e-02 
 4.191803e+01  1.064591e-02 
 4.191843e+01  1.063079e-02 
 4.191883e+01  1.061499e-02 
 4.191923e+01  1.059844e-02 
 4.191962e+01  1.058107e-02 
 4.192002e+01  1.056290e-02 
 4.192042e+01  1.054397e-02 
 4.192082e+01  1.052436e-02 
 4.192122e+01  1.050419e-02 
 4.192161e+01  1.048358e-02 
 4.192201e+01  1.046264e-02 
 4.192241e+01  1.044149e-02 
 4.192281e+01  1.042021e-02 
 4.192320e+01  1.039888e-02 
 4.192360e+01  1.037754e-02 
 4.192400e+01  1.035622e-02 
 4.192440e+01  1.033490e-02 
 4.192479e+01  1.031355e-02 
 4.192519e+01  1.029210e-02 
 4.192559e+01  1.027048e-02 
 4.192599e+01  1.024860e-02 
 4.192639e+01  1.022636e-02 
 4.192678e+01  1.020364e-02 
 4.192718e+01  1.018040e-02 
 4.192758e+01  1.015656e-02 
 4.192798e+01  1.013203e-02 
 4.192837e+01  1.010680e-02 
 4.192877e+01  1.008089e-02 
 4.192917e+01  1.005432e-02 
 4.192957e+01  1.002714e-02 
 4.192996e+01  9.999500e-03 
 4.193036e+01  9.971475e-03 
 4.193076e+01  9.943184e-03 
 4.193116e+01  9.914763e-03 
 4.193156e+01  9.886370e-03 
 4.193195e+01  9.858182e-03 
 4.193235e+01  9.830338e-03 
 4.193275e+01  9.803018e-03 
 4.193315e+01  9.776345e-03 
 4.193354e+01  9.750452e-03 
 4.193394e+01  9.725451e-03 
 4.193434e+01  9.701421e-03 
 4.193474e+01  9.678422e-03 
 4.193513e+01  9.656447e-03 
 4.193553e+01  9.635471e-03 
 4.193593e+01  9.615446e-03 
 4.193633e+01  9.596277e-03 
 4.193673e+01  9.577849e-03 
 4.193712e+01  9.560018e-03 
 4.193752e+01  9.542658e-03 
 4.193792e+01  9.525645e-03 
 4.193832e+01  9.508922e-03 
 4.193871e+01  9.492453e-03 
 4.193911e+01  9.476249e-03 
 4.193951e+01  9.460293e-03 
 4.193991e+01  9.444572e-03 
 4.194030e+01  9.429108e-03 
 4.194070e+01  9.413888e-03 
 4.194110e+01  9.398937e-03 
 4.194150e+01  9.384214e-03 
 4.194190e+01  9.369680e-03 
 4.194229e+01  9.355320e-03 
 4.194269e+01  9.341095e-03 
 4.194309e+01  9.326956e-03 
 4.194349e+01  9.312872e-03 
 4.194388e+01  9.298824e-03 
 4.194428e+01  9.284765e-03 
 4.194468e+01  9.270689e-03 
 4.194508e+01  9.256584e-03 
 4.194547e+01  9.242460e-03 
 4.194587e+01  9.228322e-03 
 4.194627e+01  9.214246e-03 
 4.194667e+01  9.200300e-03 
 4.194707e+01  9.186611e-03 
 4.194746e+01  9.173359e-03 
 4.194786e+01  9.160724e-03 
 4.194826e+01  9.148862e-03 
 4.194866e+01  9.138021e-03 
 4.194905e+01  9.128399e-03 
 4.194945e+01  9.120191e-03 
 4.194985e+01  9.113619e-03 
 4.195025e+01  9.108841e-03 
 4.195064e+01  9.105957e-03 
 4.195104e+01  9.105054e-03 
 4.195144e+01  9.106143e-03 
 4.195184e+01  9.109237e-03 
 4.195224e+01  9.114246e-03 
 4.195263e+01  9.121043e-03 
 4.195303e+01  9.129508e-03 
 4.195343e+01  9.139525e-03 
 4.195383e+01  9.150937e-03 
 4.195422e+01  9.163628e-03 
 4.195462e+01  9.177484e-03 
 4.195502e+01  9.192380e-03 
 4.195542e+01  9.208261e-03 
 4.195581e+01  9.225052e-03 
 4.195621e+01  9.242681e-03 
 4.195661e+01  9.261090e-03 
 4.195701e+01  9.280180e-03 
 4.195741e+01  9.299896e-03 
 4.195780e+01  9.320167e-03 
 4.195820e+01  9.340939e-03 
 4.195860e+01  9.362147e-03 
 4.195900e+01  9.383708e-03 
 4.195939e+01  9.405537e-03 
 4.195979e+01  9.427575e-03 
 4.196019e+01  9.449745e-03 
 4.196059e+01  9.471933e-03 
 4.196099e+01  9.494054e-03 
 4.196138e+01  9.516022e-03 
 4.196178e+01  9.537769e-03 
 4.196218e+01  9.559254e-03 
 4.196258e+01  9.580483e-03 
 4.196297e+01  9.601416e-03 
 4.196337e+01  9.621998e-03 
 4.196377e+01  9.642206e-03 
 4.196417e+01  9.662025e-03 
 4.196456e+01  9.681496e-03 
 4.196496e+01  9.700658e-03 
 4.196536e+01  9.719597e-03 
 4.196576e+01  9.738465e-03 
 4.196616e+01  9.757443e-03 
 4.196655e+01  9.776710e-03 
 4.196695e+01  9.796412e-03 
 4.196735e+01  9.816703e-03 
 4.196775e+01  9.837676e-03 
 4.196814e+01  9.859354e-03 
 4.196854e+01  9.881735e-03 
 4.196894e+01  9.904741e-03 
 4.196934e+01  9.928284e-03 
 4.196973e+01  9.952196e-03 
 4.197013e+01  9.976294e-03 
 4.197053e+01  1.000042e-02 
 4.197093e+01  1.002444e-02 
 4.197133e+01  1.004824e-02 
 4.197172e+01  1.007176e-02 
 4.197212e+01  1.009497e-02 
 4.197252e+01  1.011787e-02 
 4.197292e+01  1.014048e-02 
 4.197331e+01  1.016285e-02 
 4.197371e+01  1.018503e-02 
 4.197411e+01  1.020710e-02 
 4.197451e+01  1.022913e-02 
 4.197490e+01  1.025121e-02 
 4.197530e+01  1.027344e-02 
 4.197570e+01  1.029594e-02 
 4.197610e+01  1.031875e-02 
 4.197650e+01  1.034190e-02 
 4.197689e+01  1.036541e-02 
 4.197729e+01  1.038919e-02 
 4.197769e+01  1.041315e-02 
 4.197809e+01  1.043714e-02 
 4.197848e+01  1.046098e-02 
 4.197888e+01  1.048450e-02 
 4.197928e+01  1.050750e-02 
 4.197968e+01  1.052982e-02 
 4.198007e+01  1.055131e-02 
 4.198047e+01  1.057187e-02 
 4.198087e+01  1.059141e-02 
 4.198127e+01  1.060985e-02 
 4.198167e+01  1.062719e-02 
 4.198206e+01  1.064348e-02 
 4.198246e+01  1.065875e-02 
 4.198286e+01  1.067313e-02 
 4.198326e+01  1.068675e-02 
 4.198365e+01  1.069974e-02 
 4.198405e+01  1.071223e-02 
 4.198445e+01  1.072435e-02 
 4.198485e+01  1.073615e-02 
 4.198524e+01  1.074770e-02 
 4.198564e+01  1.075900e-02 
 4.198604e+01  1.077003e-02 
 4.198644e+01  1.078079e-02 
 4.198684e+01  1.079124e-02 
 4.198723e+01  1.080132e-02 
 4.198763e+01  1.081097e-02 
 4.198803e+01  1.082019e-02 
 4.198843e+01  1.082894e-02 
 4.198882e+01  1.083723e-02 
 4.198922e+01  1.084515e-02 
 4.198962e+01  1.085274e-02 
 4.199002e+01  1.086012e-02 
 4.199041e+01  1.086739e-02 
 4.199081e+01  1.087468e-02 
 4.199121e+01  1.088210e-02 
 4.199161e+01  1.088972e-02 
 4.199201e+01  1.089757e-02 
 4.199240e+01  1.090571e-02 
 4.199280e+01  1.091412e-02 
 4.199320e+01  1.092278e-02 
 4.199360e+01  1.093162e-02 
 4.199399e+01  1.094059e-02 
 4.199439e+01  1.094960e-02 
 4.199479e+01  1.095856e-02 
 4.199519e+01  1.096732e-02 
 4.199558e+01  1.097577e-02 
 4.199598e+01  1.098375e-02 
 4.199638e+01  1.099109e-02 
 4.199678e+01  1.099763e-02 
 4.199718e+01  1.100324e-02 
 4.199757e+01  1.100781e-02 
 4.199797e+01  1.101126e-02 
 4.199837e+01  1.101353e-02 
 4.199877e+01  1.101458e-02 
 4.199916e+01  1.101436e-02 
 4.199956e+01  1.101291e-02 
 4.199996e+01  1.101024e-02 
 4.200036e+01  1.100643e-02 
 4.200075e+01  1.100162e-02 
 4.200115e+01  1.099597e-02 
 4.200155e+01  1.098964e-02 
 4.200195e+01  1.098281e-02 
 4.200235e+01  1.097562e-02 
 4.200274e+01  1.096815e-02 
 4.200314e+01  1.096045e-02 
 4.200354e+01  1.095256e-02 
 4.200394e+01  1.094450e-02 
 4.200433e+01  1.093624e-02 
 4.200473e+01  1.092778e-02 
 4.200513e+01  1.091915e-02 
 4.200553e+01  1.091037e-02 
 4.200592e+01  1.090148e-02 
 4.200632e+01  1.089256e-02 
 4.200672e+01  1.088369e-02 
 4.200712e+01  1.087493e-02 
 4.200752e+01  1.086632e-02 
 4.200791e+01  1.085794e-02 
 4.200831e+01  1.084982e-02 
 4.200871e+01  1.084201e-02 
 4.200911e+01  1.083444e-02 
 4.200950e+01  1.082714e-02 
 4.200990e+01  1.082010e-02 
 4.201030e+01  1.081323e-02 
 4.201070e+01  1.080651e-02 
 4.201109e+01  1.079984e-02 
 4.201149e+01  1.079309e-02 
 4.201189e+01  1.078608e-02 
 4.201229e+01  1.077864e-02 
 4.201269e+01  1.077060e-02 
 4.201308e+01  1.076181e-02 
 4.201348e+01  1.075211e-02 
 4.201388e+01  1.074140e-02 
 4.201428e+01  1.072963e-02 
 4.201467e+01  1.071675e-02 
 4.201507e+01  1.070270e-02 
 4.201547e+01  1.068743e-02 
 4.201587e+01  1.067090e-02 
 4.201626e+01  1.065309e-02 
 4.201666e+01  1.063401e-02 
 4.201706e+01  1.061372e-02 
 4.201746e+01  1.059233e-02 
 4.201786e+01  1.056996e-02 
 4.201825e+01  1.054674e-02 
 4.201865e+01  1.052281e-02 
 4.201905e+01  1.049825e-02 
 4.201945e+01  1.047316e-02 
 4.201984e+01  1.044757e-02 
 4.202024e+01  1.042149e-02 
 4.202064e+01  1.039492e-02 
 4.202104e+01  1.036781e-02 
 4.202143e+01  1.034006e-02 
 4.202183e+01  1.031164e-02 
 4.202223e+01  1.028253e-02 
 4.202263e+01  1.025273e-02 
 4.202303e+01  1.022230e-02 
 4.202342e+01  1.019134e-02 
 4.202382e+01  1.015992e-02 
 4.202422e+01  1.012813e-02 
 4.202462e+01  1.009603e-02 
 4.202501e+01  1.006363e-02 
 4.202541e+01  1.003102e-02 
 4.202581e+01  9.998266e-03 
 4.202621e+01  9.965462e-03 
 4.202660e+01  9.932754e-03 
 4.202700e+01  9.900288e-03 
 4.202740e+01  9.868196e-03 
 4.202780e+01  9.836577e-03 
 4.202820e+01  9.805534e-03 
 4.202859e+01  9.775185e-03 
 4.202899e+01  9.745632e-03 
 4.202939e+01  9.716944e-03 
 4.202979e+01  9.689194e-03 
 4.203018e+01  9.662399e-03 
 4.203058e+01  9.636518e-03 
 4.203098e+01  9.611456e-03 
 4.203138e+01  9.587084e-03 
 4.203177e+01  9.563283e-03 
 4.203217e+01  9.539934e-03 
 4.203257e+01  9.516876e-03 
 4.203297e+01  9.493963e-03 
 4.203337e+01  9.471085e-03 
 4.203376e+01  9.448120e-03 
 4.203416e+01  9.425005e-03 
 4.203456e+01  9.401739e-03 
 4.203496e+01  9.378371e-03 
 4.203535e+01  9.354953e-03 
 4.203575e+01  9.331595e-03 
 4.203615e+01  9.308406e-03 
 4.203655e+01  9.285470e-03 
 4.203694e+01  9.262838e-03 
 4.203734e+01  9.240538e-03 
 4.203774e+01  9.218564e-03 
 4.203814e+01  9.196885e-03 
 4.203854e+01  9.175481e-03 
 4.203893e+01  9.154323e-03 
 4.203933e+01  9.133396e-03 
 4.203973e+01  9.112660e-03 
 4.204013e+01  9.092075e-03 
 4.204052e+01  9.071639e-03 
 4.204092e+01  9.051372e-03 
 4.204132e+01  9.031369e-03 
 4.204172e+01  9.011710e-03 
 4.204211e+01  8.992557e-03 
 4.204251e+01  8.974007e-03 
 4.204291e+01  8.956227e-03 
 4.204331e+01  8.939372e-03 
 4.204371e+01  8.923615e-03 
 4.204410e+01  8.909123e-03 
 4.204450e+01  8.896087e-03 
 4.204490e+01  8.884659e-03 
 4.204530e+01  8.874988e-03 
 4.204569e+01  8.867202e-03 
 4.204609e+01  8.861369e-03 
 4.204649e+01  8.857498e-03 
 4.204689e+01  8.855569e-03 
 4.204728e+01  8.855507e-03 
 4.204768e+01  8.857204e-03 
 4.204808e+01  8.860514e-03 
 4.204848e+01  8.865283e-03 
 4.204888e+01  8.871362e-03 
 4.204927e+01  8.878578e-03 
 4.204967e+01  8.886757e-03 
 4.205007e+01  8.895758e-03 
 4.205047e+01  8.905460e-03 
 4.205086e+01  8.915740e-03 
 4.205126e+01  8.926484e-03 
 4.205166e+01  8.937587e-03 
 4.205206e+01  8.949021e-03 
 4.205246e+01  8.960755e-03 
 4.205285e+01  8.972791e-03 
 4.205325e+01  8.985179e-03 
 4.205365e+01  8.997912e-03 
 4.205405e+01  9.010953e-03 
 4.205444e+01  9.024298e-03 
 4.205484e+01  9.037868e-03 
 4.205524e+01  9.051610e-03 
 4.205564e+01  9.065464e-03 
 4.205603e+01  9.079399e-03 
 4.205643e+01  9.093397e-03 
 4.205683e+01  9.107487e-03 
 4.205723e+01  9.121699e-03 
 4.205763e+01  9.136065e-03 
 4.205802e+01  9.150639e-03 
 4.205842e+01  9.165491e-03 
 4.205882e+01  9.180673e-03 
 4.205922e+01  9.196275e-03 
 4.205961e+01  9.212389e-03 
 4.206001e+01  9.229140e-03 
 4.206041e+01  9.246666e-03 
 4.206081e+01  9.265142e-03 
 4.206120e+01  9.284748e-03 
 4.206160e+01  9.305636e-03 
 4.206200e+01  9.327961e-03 
 4.206240e+01  9.351807e-03 
 4.206280e+01  9.377236e-03 
 4.206319e+01  9.404224e-03 
 4.206359e+01  9.432703e-03 
 4.206399e+01  9.462558e-03 
 4.206439e+01  9.493642e-03 
 4.206478e+01  9.525758e-03 
 4.206518e+01  9.558698e-03 
 4.206558e+01  9.592227e-03 
 4.206598e+01  9.626126e-03 
 4.206637e+01  9.660172e-03 
 4.206677e+01  9.694124e-03 
 4.206717e+01  9.727810e-03 
 4.206757e+01  9.761075e-03 
 4.206797e+01  9.793812e-03 
 4.206836e+01  9.825980e-03 
 4.206876e+01  9.857563e-03 
 4.206916e+01  9.888596e-03 
 4.206956e+01  9.919119e-03 
 4.206995e+01  9.949208e-03 
 4.207035e+01  9.978930e-03 
 4.207075e+01  1.000832e-02 
 4.207115e+01  1.003737e-02 
 4.207154e+01  1.006604e-02 
 4.207194e+01  1.009426e-02 
 4.207234e+01  1.012196e-02 
 4.207274e+01  1.014906e-02 
 4.207314e+01  1.017545e-02 
 4.207353e+01  1.020109e-02 
 4.207393e+01  1.022592e-02 
 4.207433e+01  1.024991e-02 
 4.207473e+01  1.027304e-02 
 4.207512e+01  1.029529e-02 
 4.207552e+01  1.031668e-02 
 4.207592e+01  1.033718e-02 
 4.207632e+01  1.035681e-02 
 4.207671e+01  1.037566e-02 
 4.207711e+01  1.039382e-02 
 4.207751e+01  1.041146e-02 
 4.207791e+01  1.042878e-02 
 4.207831e+01  1.044597e-02 
 4.207870e+01  1.046323e-02 
 4.207910e+01  1.048071e-02 
 4.207950e+01  1.049853e-02 
 4.207990e+01  1.051676e-02 
 4.208029e+01  1.053544e-02 
 4.208069e+01  1.055460e-02 
 4.208109e+01  1.057424e-02 
 4.208149e+01  1.059433e-02 
 4.208188e+01  1.061482e-02 
 4.208228e+01  1.063563e-02 
 4.208268e+01  1.065661e-02 
 4.208308e+01  1.067771e-02 
 4.208348e+01  1.069886e-02 
 4.208387e+01  1.072001e-02 
 4.208427e+01  1.074113e-02 
 4.208467e+01  1.076222e-02 
 4.208507e+01  1.078325e-02 
 4.208546e+01  1.080423e-02 
 4.208586e+01  1.082516e-02 
 4.208626e+01  1.084601e-02 
 4.208666e+01  1.086683e-02 
 4.208705e+01  1.088762e-02 
 4.208745e+01  1.090837e-02 
 4.208785e+01  1.092911e-02 
 4.208825e+01  1.094979e-02 
 4.208865e+01  1.097036e-02 
 4.208904e+01  1.099071e-02 
 4.208944e+01  1.101076e-02 
 4.208984e+01  1.103042e-02 
 4.209024e+01  1.104956e-02 
 4.209063e+01  1.106808e-02 
 4.209103e+01  1.108590e-02 
 4.209143e+01  1.110289e-02 
 4.209183e+01  1.111897e-02 
 4.209222e+01  1.113406e-02 
