exp_T9_run23
3414	0
0.000000	-0.000000000e+00
0.005000	-3.252054552e-05
0.010001	-1.025222856e-04
0.015001	-3.419601701e-04
0.020001	-4.656794458e-04
0.025001	-8.985742669e-04
0.030002	-9.264370490e-04
0.035002	-1.650391992e-03
0.040002	-1.540133708e-03
0.045002	-1.158664712e-03
0.050003	-3.891626888e-03
0.055003	-2.343138348e-03
0.060003	-4.238345380e-04
0.065003	-2.001088008e-03
0.070004	-5.875194762e-03
0.075004	-3.422594219e-03
0.080004	-4.418071659e-04
0.085004	-7.930649743e-04
0.090005	-2.778305020e-04
0.095005	-9.437458661e-05
0.100005	-9.057384345e-04
0.105005	-9.042955619e-03
0.110006	-1.155189281e-02
0.115006	-2.329436921e-03
0.120006	-6.952674422e-03
0.125006	-1.736997654e-02
0.130007	-1.593080281e-02
0.135007	-2.016535089e-02
0.140007	-2.232799706e-02
0.145007	-2.485810277e-02
0.150008	-2.758594574e-02
0.155008	-2.663583812e-02
0.160008	-2.834356320e-02
0.165008	-2.786201194e-02
0.170009	-3.168304710e-02
0.175009	-2.266187901e-02
0.180009	-2.830120502e-02
0.185009	-2.557325848e-02
0.190010	-9.289903076e-03
0.195010	-3.231971246e-02
0.200010	-2.206772929e-02
0.205010	-1.243684714e-03
0.210011	-4.118965600e-03
0.215011	-2.551126339e-03
0.220011	-2.476522365e-02
0.225011	-3.108335450e-02
0.230012	-3.730006691e-03
0.235012	-1.830279066e-03
0.240012	-3.771605461e-03
0.245013	7.994416957e-04
0.250013	-2.583140821e-02
0.255013	-3.296204391e-02
0.260013	-7.486345421e-03
0.265014	-1.799635945e-03
0.270014	-1.909175252e-02
0.275014	-3.445396769e-02
0.280014	-1.207611094e-02
0.285015	-1.626644783e-03
0.290015	-3.557546137e-03
0.295015	1.518194553e-03
0.300015	-4.676488972e-03
0.305016	-2.622338818e-02
0.310016	-2.909024172e-02
0.315016	-5.488447490e-03
0.320016	1.412199968e-03
0.325017	3.065115524e-03
0.330017	-1.245664246e-03
0.335017	-1.740638959e-03
0.340017	7.532336335e-04
0.345018	9.252248468e-04
0.350018	1.021219943e-03
0.355018	1.574191692e-03
0.360018	1.402649489e-04
0.365019	1.298205792e-03
0.370019	-4.597043997e-04
0.375019	-1.455653518e-03
0.380019	-3.405553902e-03
0.385020	-2.943522409e-02
0.390020	-2.765631497e-02
0.395020	-5.163464093e-03
0.400020	-3.097414547e-02
0.405021	-3.025618215e-02
0.410021	-2.671936284e-02
0.415021	-3.733082072e-02
0.420021	-3.108913960e-02
0.425022	-3.688984325e-02
0.430022	-3.904173331e-02
0.435022	-3.804778409e-02
0.440022	-3.407098726e-02
0.445023	-3.662385684e-02
0.450023	-3.960470455e-02
0.455023	-4.013967722e-02
0.460024	-3.981569377e-02
0.465024	-2.849727201e-02
0.470024	-3.401299022e-02
0.475024	-3.268505807e-02
0.480025	-2.898524708e-02
0.485025	-3.661285740e-02
0.490025	-1.732284289e-02
0.495025	-3.401399017e-02
0.500026	-2.584140769e-02
0.505026	-1.439799232e-02
0.510026	-4.142061178e-02
0.515026	-1.958872713e-02
0.520027	-2.085966220e-02
0.525027	-3.639386859e-02
0.530027	-1.091017050e-02
0.535027	-2.196860555e-02
0.540028	-3.728182322e-02
0.545028	-1.096616764e-02
0.550028	-2.356552397e-02
0.555028	-3.496094179e-02
0.560029	-1.246709096e-02
0.565029	-3.268305817e-02
0.570029	-3.025718210e-02
0.575029	-1.870977204e-02
0.580030	-3.915672744e-02
0.585030	-1.820379789e-02
0.590030	-2.776030966e-02
0.595030	-3.843776417e-02
0.600031	-4.284508997e-03
0.605031	-2.008670169e-02
0.610031	-3.716882900e-02
0.615031	-9.150260415e-03
0.620032	-1.903630632e-03
0.625032	-4.829481156e-03
0.630032	-2.677735988e-02
0.635032	-3.097314552e-02
0.640033	-2.563596916e-03
0.645033	-6.225409840e-03
0.650033	-3.550591395e-02
0.655033	-2.643237750e-02
0.660034	-1.550593572e-02
0.665034	-4.092463712e-02
0.670034	-2.080366506e-02
0.675034	-2.606039651e-02
0.680035	-3.301904100e-02
0.685035	-1.660587952e-02
0.690035	-3.755980902e-02
0.695036	-2.302155176e-02
0.700036	-1.329004892e-02
0.705036	-3.578089990e-02
0.710036	-2.400350159e-02
0.715037	-4.007523148e-03
0.720037	-2.076621794e-03
0.725037	-6.876376584e-03
0.730037	-1.212410849e-02
0.735038	-8.814277580e-03
0.740038	-1.903630632e-03
0.745038	4.347050032e-03
0.750038	1.207965499e-02
0.755039	9.421790773e-03
0.760039	1.518194553e-03
0.765039	3.957069955e-03
0.770039	5.112010951e-03
0.775040	1.052973417e-02
0.780040	3.071070316e-02
0.785040	2.335107915e-02
0.790040	5.387996852e-03
0.795041	3.132561111e-04
0.800041	1.242208653e-03
0.805041	-9.096814112e-04
0.810041	-2.909124167e-02
0.815042	-2.649937408e-02
0.820042	-1.626644783e-03
0.825042	-1.467697807e-02
0.830042	-3.617487978e-02
0.835043	-1.594591324e-02
0.840043	-1.831579216e-02
0.845043	-3.494994236e-02
0.850043	-3.053516790e-02
0.855044	-3.478895058e-02
0.860044	-3.694784029e-02
0.865044	-3.760580667e-02
0.870044	-3.749181250e-02
0.875045	-3.700683727e-02
0.880045	-3.589589403e-02
0.885045	-3.655586031e-02
0.890045	-1.782081745e-02
0.895046	-3.246406936e-02
0.900046	-2.744732565e-02
0.905046	-8.319302867e-03
0.910046	-3.379400141e-02
0.915047	-2.566841653e-02
0.920047	-1.438699288e-02
0.925047	-3.600088867e-02
0.930048	-2.274356596e-02
0.935048	-2.788630322e-02
0.940048	-3.639386859e-02
0.945048	-2.412049561e-02
0.950049	-3.412898430e-02
0.955049	-2.506444739e-02
0.960049	-3.572290287e-02
0.965049	-3.290604678e-02
0.970050	-3.418598139e-02
0.975050	-3.490194481e-02
0.980050	-4.092463712e-02
0.985050	-5.126710874e-02
0.990051	-4.323751896e-02
0.995051	-4.180359222e-02
1.000051	-4.264554920e-02
1.005051	-5.048414874e-02
1.010052	-5.203206966e-02
1.015052	-4.767329234e-02
1.020052	-4.402147891e-02
1.025052	-4.390648478e-02
1.030053	-4.423246813e-02
1.035053	-4.379149066e-02
1.040053	-3.849576121e-02
1.045053	-3.408098675e-02
1.050054	-3.998768499e-02
1.055054	-3.931871916e-02
1.060054	-3.953970787e-02
1.065054	-3.136512550e-02
1.070055	-2.208359967e-02
1.075055	-3.610788320e-02
1.080055	-1.726584580e-02
1.085055	-2.202460269e-02
1.090056	-3.517893066e-02
1.095056	-1.848978328e-02
1.100056	-3.362101025e-02
1.105056	-2.815428953e-02
1.110057	-2.379551222e-02
1.115057	-3.318203268e-02
1.120057	-3.042917331e-02
1.125057	-3.678484861e-02
1.130058	-3.671885199e-02
1.135058	-3.644086619e-02
1.140058	-2.489345612e-02
1.145058	-4.026667073e-02
1.150059	-4.634436024e-02
1.155059	-3.971069914e-02
1.160059	-4.728131237e-02
1.165060	-4.257655273e-02
1.170060	-4.551240274e-02
1.175060	-4.722531523e-02
1.180060	-5.186907799e-02
1.185061	-5.375298174e-02
1.190061	-5.352399344e-02
1.195061	-5.109411758e-02
1.200061	-3.975969663e-02
1.205062	-4.031266838e-02
1.210062	-4.269154685e-02
1.215062	-3.772280070e-02
1.220062	-3.130812841e-02
1.225063	-3.959570501e-02
1.230063	-2.937722706e-02
1.235063	-3.009419043e-02
1.240063	-3.268505807e-02
1.245064	-1.969472172e-02
1.250064	-3.750281193e-02
1.255064	-1.605190782e-02
1.260064	-1.074717883e-02
1.265065	-3.921272458e-02
1.270065	-2.411849572e-02
1.275065	-5.661438653e-03
1.280065	-5.441449891e-03
1.285066	-1.329804851e-02
1.290066	-3.042817337e-02
1.295066	-1.134914808e-02
1.300066	8.672278097e-04
1.305067	8.426780973e-05
1.310067	-2.736588078e-03
1.315067	-3.285704928e-02
1.320067	-2.942522460e-02
1.325068	-4.007523148e-03
1.330068	-2.396650348e-02
1.335068	-3.429097602e-02
1.340068	-2.765631497e-02
1.345069	-3.898373628e-02
1.350069	-3.915572749e-02
1.355069	-3.821877536e-02
1.360069	-3.959570501e-02
1.365070	-3.711083196e-02
1.370070	-3.832476994e-02
1.375070	-4.755829822e-02
1.380071	-4.827626154e-02
1.385071	-4.517841980e-02
1.390071	-4.562739686e-02
1.395071	-4.662234603e-02
1.400072	-5.716480744e-02
1.405072	-5.656283819e-02
1.410072	-5.010216826e-02
1.415072	-5.904971114e-02
1.420073	-5.220406087e-02
1.425073	-5.551089193e-02
1.430073	-6.734528734e-02
1.435073	-6.325449633e-02
1.440074	-6.413345142e-02
1.445074	-6.944817990e-02
1.450074	-6.971716616e-02
1.455074	-6.661932443e-02
1.460075	-6.778526486e-02
1.465075	-7.143707829e-02
1.470075	-6.585536345e-02
1.475075	-5.882872243e-02
1.480076	-5.943969122e-02
1.485076	-4.966119079e-02
1.490076	-4.523641684e-02
1.495076	-4.412747349e-02
1.500077	-2.975820759e-02
1.505077	-3.689084320e-02
1.510077	-2.312654639e-02
1.515077	-2.876525832e-02
1.520078	-3.472895365e-02
1.525078	-9.313252088e-03
1.530078	-3.883174404e-02
1.535078	-3.164211135e-02
1.540079	-2.257157474e-02
1.545079	-3.683284616e-02
1.550079	-7.210359521e-03
1.555079	-1.555593316e-02
1.560080	-4.163960059e-02
1.565080	-1.687286588e-02
1.570080	4.948019330e-03
1.575080	-1.180812463e-02
1.580081	-3.954770746e-02
1.585081	-2.041168509e-02
1.590081	-1.130670121e-03
1.595081	-2.295610607e-03
1.600082	-6.434399163e-03
1.605082	-3.450996483e-02
1.610082	-2.760831743e-02
1.615083	-8.536842720e-04
1.620083	-1.896630990e-03
1.625083	1.804535021e-02
1.630083	3.473649749e-02
1.635084	1.583746301e-02
1.640084	3.214462990e-02
1.645084	4.297507660e-02
1.650084	3.993523190e-02
1.655085	4.611991593e-02
1.660085	5.396851496e-02
1.665085	5.922524640e-02
1.670085	5.922524640e-02
1.675086	6.878575798e-02
1.680086	7.144362219e-02
1.685086	7.183360227e-02
1.690086	7.623937718e-02
1.695087	8.160410311e-02
1.700087	8.608787404e-02
1.705087	9.232955517e-02
1.710087	9.697331792e-02
1.715088	1.041619507e-01
1.720088	1.081407474e-01
1.725088	1.078047646e-01
1.730088	1.105666235e-01
1.735089	1.187982029e-01
1.740089	1.247139007e-01
1.745089	1.236719539e-01
1.750089	1.254418635e-01
1.755090	1.362723102e-01
1.760090	1.400861154e-01
1.765090	1.381452145e-01
1.770090	1.432309547e-01
1.775091	1.495396324e-01
1.780091	1.543383872e-01
1.785091	1.629609467e-01
1.790091	1.689336416e-01
1.795092	1.681026841e-01
1.800092	1.734104129e-01
1.805092	1.849668225e-01
1.810092	1.955752805e-01
1.815093	2.084506228e-01
1.820093	2.173511680e-01
1.825093	2.254197558e-01
1.830093	2.294535498e-01
1.835094	2.401120052e-01
1.840094	2.536093157e-01
1.845094	2.510094485e-01
1.850095	2.562581804e-01
1.855095	2.644497619e-01
1.860095	2.711204211e-01
1.865095	2.826688311e-01
1.870096	2.873815903e-01
1.875096	2.916343730e-01
1.880096	3.010318929e-01
1.885096	3.161161223e-01
1.890097	3.187629871e-01
1.895097	3.252926535e-01
1.900097	3.325862809e-01
1.905097	3.252926535e-01
1.910098	3.250726647e-01
1.915098	3.198249328e-01
1.920098	3.203699050e-01
1.925098	3.274435436e-01
1.930099	3.271185602e-01
1.935099	3.240207185e-01
1.940099	3.226347893e-01
1.945099	3.207038879e-01
1.950100	3.071685794e-01
1.955100	2.994839720e-01
1.960100	2.973230824e-01
1.965100	2.904684326e-01
1.970101	2.791410113e-01
1.975101	2.680815763e-01
1.980101	2.596890051e-01
1.985101	2.431138519e-01
1.990102	2.306672877e-01
1.995102	2.237557408e-01
2.000102	2.144746150e-01
2.005102	2.112717786e-01
2.010103	2.054695750e-01
2.015103	1.935782826e-01
2.020103	1.914847895e-01
2.025103	1.839719733e-01
2.030104	1.814196037e-01
2.035104	1.937496738e-01
2.040104	1.851275143e-01
2.045104	1.748522392e-01
2.050105	1.692124274e-01
2.055105	1.661056861e-01
2.060105	1.685530610e-01
2.065105	1.703686683e-01
2.070106	1.626257639e-01
2.075106	1.561164964e-01
2.080106	1.491475524e-01
2.085107	1.370461707e-01
2.090107	1.311865700e-01
2.095107	1.206811067e-01
2.100107	1.087414167e-01
2.105108	1.023945410e-01
2.110108	9.492872238e-02
2.115108	8.281694115e-02
2.120108	7.663325706e-02
2.125109	6.751342298e-02
2.130109	5.889136346e-02
2.135109	5.457998372e-02
2.140109	5.276347652e-02
2.145110	4.612991542e-02
2.150110	4.844319724e-02
2.155110	4.496387499e-02
2.160110	3.822451929e-02
2.165111	3.578684383e-02
2.170111	3.319637617e-02
2.175111	3.800473052e-02
2.180111	3.141796703e-02
2.185112	4.220061616e-02
2.190112	2.462191423e-02
2.195112	3.568174920e-02
2.200112	2.855121349e-02
2.205113	2.362806500e-02
2.210113	4.136915864e-02
2.215113	2.136248074e-02
2.220113	4.225811322e-02
2.225114	2.467931129e-02
2.230114	3.142836650e-02
2.235114	3.401813419e-02
2.240114	2.716468432e-02
2.245115	3.850160514e-02
2.250115	3.042411780e-02
2.255115	3.894118268e-02
2.260115	2.739417260e-02
2.265116	3.590153797e-02
2.270116	3.733496474e-02
2.275116	3.954395189e-02
2.280116	3.960124896e-02
2.285117	4.120676694e-02
2.290117	4.458109455e-02
2.295117	4.480158328e-02
2.300118	5.347124037e-02
2.305118	5.988521269e-02
2.310118	6.607939624e-02
2.315118	6.840227757e-02
2.320119	7.978759591e-02
2.325119	8.630656287e-02
2.330119	9.403996778e-02
2.335119	1.018872669e-01
2.340120	1.017247752e-01
2.345120	9.653494032e-02
2.350120	9.432675313e-02
2.355120	9.011146848e-02
2.360121	8.122102268e-02
2.365121	6.221709356e-02
2.370121	2.953536321e-02
2.375121	8.209152724e-03
2.380122	9.260399018e-03
2.385122	-1.064138424e-02
2.390122	-4.738650699e-02
2.395122	-7.591034976e-02
2.400123	-9.613761639e-02
2.405123	-1.215651173e-01
2.410123	-1.463229525e-01
2.415123	-1.667119109e-01
2.420124	-1.840231265e-01
2.425124	-2.040791019e-01
2.430124	-2.202147775e-01
2.435124	-2.309966267e-01
2.440125	-2.470176082e-01
2.445125	-2.556494672e-01
2.450125	-2.630577887e-01
2.455125	-2.760964226e-01
2.460126	-2.814591487e-01
2.465126	-2.846045880e-01
2.470126	-2.898525198e-01
2.475126	-2.996406198e-01
2.480127	-3.148486428e-01
2.485127	-3.137304000e-01
2.490127	-3.053854263e-01
2.495127	-3.063889750e-01
2.500128	-3.076034130e-01
2.505128	-3.079377959e-01
2.510128	-2.987509652e-01
2.515128	-2.868694722e-01
2.520129	-2.794144531e-01
2.525129	-2.656486564e-01
2.530129	-2.470271077e-01
2.535130	-2.344767489e-01
2.540130	-2.163426753e-01
2.545130	-1.971196574e-01
2.550130	-1.805915018e-01
2.555131	-1.707550043e-01
2.560131	-1.643993290e-01
2.565131	-1.467052330e-01
2.570131	-1.338288908e-01
2.575132	-1.191846390e-01
2.580132	-1.019495195e-01
2.585132	-9.172104202e-02
2.590132	-7.816673449e-02
2.595133	-6.053963503e-02
2.600133	-3.313403513e-02
2.605133	-1.042219543e-02
2.610133	-6.330404476e-03
2.615134	5.723979687e-03
2.620134	3.701038132e-02
2.625134	5.894826056e-02
2.630134	7.331652651e-02
2.635135	9.100962260e-02
2.640135	1.027760215e-01
2.645135	1.113895814e-01
2.650135	1.173642762e-01
2.655136	1.195821629e-01
2.660136	1.274867590e-01
2.665136	1.314055588e-01
2.670136	1.302976154e-01
2.675137	1.350573723e-01
2.680137	1.277547454e-01
2.685137	1.262638215e-01
2.690137	1.324005080e-01
2.695138	1.233859686e-01
2.700138	1.091906938e-01
2.705138	1.002441508e-01
2.710138	9.100962260e-02
2.715139	7.911723016e-02
2.720139	6.827778393e-02
2.725139	5.651138505e-02
2.730139	4.281308487e-02
2.735140	4.414101703e-02
2.740140	3.236421869e-02
2.745140	3.678084208e-03
2.750140	3.181009603e-03
2.755141	8.426780973e-05
2.760141	1.795280397e-03
2.765141	4.672533404e-03
2.770142	-2.112680585e-05
2.775142	-7.959872196e-04
2.780142	-2.125019322e-03
2.785142	2.501379421e-02
2.790143	3.634181548e-02
2.795143	1.534048840e-02
2.800143	3.496428585e-02
2.805143	2.854071402e-02
2.810144	2.744257012e-02
2.815144	3.905597682e-02
2.820144	3.324397374e-02
2.825144	3.634181548e-02
2.830145	2.970745442e-02
2.835145	4.927465476e-02
2.840145	5.967442346e-02
2.845145	6.612699381e-02
2.850146	7.894653888e-02
2.855146	8.785548374e-02
2.860146	8.868614130e-02
2.865146	8.962339342e-02
2.870147	8.370649570e-02
2.875147	8.310452646e-02
2.880147	9.144950013e-02
2.885147	8.735780916e-02
2.890148	8.016987638e-02
2.895148	7.800928676e-02
2.900148	6.872706097e-02
2.905148	6.486565825e-02
2.910149	6.524783872e-02
2.915149	5.739983966e-02
2.920149	4.999211811e-02
2.925149	5.573622465e-02
2.930150	4.430390871e-02
2.935150	1.279771830e-02
2.940150	-5.753984891e-04
2.945150	-2.904264415e-02
2.950151	-4.473874226e-02
2.955151	-4.843765329e-02
2.960151	-6.264302757e-02
2.965151	-7.889339737e-02
2.970152	-9.907226646e-02
2.975152	-1.184681756e-01
2.980152	-1.370406267e-01
2.985152	-1.548302179e-01
2.990153	-1.685953147e-01
2.995153	-1.833064631e-01
3.000153	-1.949593678e-01
3.005154	-2.072231412e-01
3.010154	-2.179490933e-01
3.015154	-2.162381807e-01
3.020154	-2.167346553e-01
3.025155	-2.195065137e-01
3.030155	-2.148037540e-01
3.035155	-2.070041524e-01
3.040155	-2.017554206e-01
3.045156	-1.954657419e-01
3.050156	-1.902180100e-01
3.055156	-1.832973636e-01
3.060156	-1.773806658e-01
3.065157	-1.701440355e-01
3.070157	-1.645033237e-01
3.075157	-1.634523774e-01
3.080157	-1.590366030e-01
3.085158	-1.469912184e-01
3.090158	-1.367067438e-01
3.095158	-1.294611140e-01
3.100158	-1.222244837e-01
3.105159	-1.113940370e-01
3.110159	-9.917666113e-02
3.115159	-8.763025102e-02
3.120159	-8.055661239e-02
3.125160	-7.519288642e-02
3.130160	-6.419144846e-02
3.135160	-5.771977909e-02
3.140160	-5.402096805e-02
3.145161	-3.545691646e-02
3.150161	-3.645086568e-02
3.155161	-2.777130910e-02
3.160161	-5.555444068e-03
3.165162	-6.875376635e-03
3.170162	-2.067622254e-03
3.175162	7.432341443e-04
3.180162	-1.129670172e-03
3.185163	3.123112561e-03
3.190163	2.684134987e-03
3.195163	1.004475895e-02
3.200163	3.568144921e-02
3.205164	2.186015532e-02
3.210164	4.338050492e-03
3.215164	4.662482950e-04
3.220165	2.158216952e-02
3.225165	3.778334183e-02
3.230165	1.014875363e-02
3.235165	3.042565709e-04
3.240166	1.795180402e-03
3.245166	4.175058819e-03
3.250166	1.632188729e-03
3.255166	1.982619860e-04
3.260167	3.955070057e-03
3.265167	2.191715241e-02
3.270167	2.855181345e-02
3.275167	6.774925996e-03
3.280168	2.625138001e-03
3.285168	-6.607390326e-03
3.290168	-2.904224417e-02
3.295168	-1.450398690e-02
3.300169	1.087216571e-03
3.305169	-3.337557375e-03
3.310169	-2.975920754e-02
3.315169	-3.081115380e-02
3.320170	-2.258057428e-02
3.325170	-3.744481490e-02
3.330170	-2.433948443e-02
3.335170	-3.329702680e-02
3.340171	-3.401299022e-02
3.345171	-4.026467084e-02
3.350171	-2.705434573e-02
3.355171	-4.772484068e-03
3.360172	-5.001472369e-03
3.365172	-7.476896871e-04
3.370172	-2.401605192e-03
3.375172	4.752478353e-04
3.380173	1.893330485e-02
3.385173	4.214411905e-02
3.390173	4.484898086e-02
3.395173	4.253509907e-02
3.400174	4.269909070e-02
3.405174	5.066168390e-02
3.410174	5.359453407e-02
3.415174	5.396851496e-02
3.420175	5.319455450e-02
3.425175	5.320255409e-02
3.430175	5.281057412e-02
3.435175	4.661789049e-02
3.440176	3.943925724e-02
3.445176	4.164614449e-02
3.450176	2.114219200e-02
3.455177	6.392945511e-03
3.460177	6.775925945e-03
3.465177	2.462595339e-04
3.470177	-2.622338818e-02
3.475178	-3.965270210e-02
3.480178	-4.169859758e-02
3.485178	-6.236554174e-02
3.490178	-7.253602215e-02
3.495179	-7.989664611e-02
3.500179	-8.735326517e-02
3.505179	-9.282098583e-02
3.510179	-9.939764984e-02
3.515180	-1.109450599e-01
3.520180	-1.176937151e-01
3.525180	-1.218995003e-01
3.530180	-1.206755628e-01
3.535181	-1.261432835e-01
3.540181	-1.312380232e-01
3.545181	-1.239933933e-01
3.550181	-1.189076531e-01
3.555182	-1.120620028e-01
3.560182	-1.001226128e-01
3.565182	-8.938816121e-02
3.570182	-8.248851370e-02
3.575183	-6.579836637e-02
3.580183	-5.286302721e-02
3.585183	-4.396448182e-02
3.590183	-1.599491073e-02
3.595184	-3.844531475e-03
3.600184	-5.995421590e-03
3.605184	-2.842582663e-03
3.610184	1.771936686e-02
3.615185	3.971624308e-02
3.620185	4.617691302e-02
3.625185	5.933124099e-02
3.630185	7.204559144e-02
3.635186	8.404197856e-02
3.640186	1.009601142e-01
3.645186	1.178112534e-01
3.650186	1.252688724e-01
3.655187	1.384811974e-01
3.660187	1.546163730e-01
3.665187	1.623589775e-01
3.670187	1.742393705e-01
3.675188	1.859497723e-01
3.680188	1.894405939e-01
3.685188	1.948013201e-01
3.690189	2.024299303e-01
3.695189	2.037018654e-01
3.700189	2.052967839e-01
3.705189	1.969522102e-01
3.710190	1.895445886e-01
3.715190	1.794311053e-01
3.720190	1.608670537e-01
3.725190	1.501416017e-01
3.730191	1.328974826e-01
3.735191	1.199731429e-01
3.740191	1.024990356e-01
3.745191	8.663284620e-02
3.750192	7.990319001e-02
3.755192	5.833629182e-02
3.760192	4.728585637e-02
3.765192	4.751484467e-02
3.770193	1.361957632e-02
3.775193	-2.876425837e-02
3.780193	-3.550391405e-02
3.785193	-4.584838557e-02
3.790194	-7.342597669e-02
3.795194	-7.916968325e-02
3.800194	-8.342446588e-02
3.805194	-9.951264397e-02
3.810195	-1.025514887e-01
3.815195	-1.079042153e-01
3.820195	-1.115080311e-01
3.825195	-9.829770603e-02
3.830196	-9.795472356e-02
3.835196	-1.021605087e-01
3.840196	-8.719027349e-02
3.845196	-7.514588882e-02
3.850197	-7.690479896e-02
3.855197	-7.585285270e-02
3.860197	-7.446792345e-02
3.865197	-7.944866900e-02
3.870198	-8.270650256e-02
3.875198	-9.220901709e-02
3.880198	-9.569783886e-02
3.885198	-9.807771727e-02
3.890199	-1.090811551e-01
3.895199	-1.143188875e-01
3.900199	-1.076272294e-01
3.905199	-9.984562695e-02
3.910200	-1.026574833e-01
3.915200	-1.014345458e-01
3.920200	-9.879468064e-02
3.925201	-9.365194338e-02
3.930201	-9.315496877e-02
3.935201	-9.404392335e-02
3.940201	-9.331796044e-02
3.945202	-9.862368938e-02
3.950202	-9.381493505e-02
3.955202	-8.895818317e-02
3.960202	-8.751525689e-02
3.965203	-8.491538971e-02
3.970203	-7.823373107e-02
3.975203	-7.253602215e-02
3.980203	-7.028013740e-02
3.985204	-6.718429556e-02
3.990204	-6.413445137e-02
3.995204	-6.242353878e-02
4.000204	-6.772726782e-02
4.005205	-6.673331860e-02
4.010205	-6.905719988e-02
4.015205	-8.203853669e-02
4.020205	-8.701928223e-02
4.025206	-9.155805035e-02
4.030206	-1.006785844e-01
4.035206	-1.098451161e-01
4.040206	-1.195096224e-01
4.045207	-1.228844499e-01
4.050207	-1.228354524e-01
4.055207	-1.288581448e-01
4.060207	-1.336658991e-01
4.065208	-1.378146872e-01
4.070208	-1.469342213e-01
4.075208	-1.510750097e-01
4.080208	-1.514659898e-01
4.085209	-1.577646680e-01
4.090209	-1.601925439e-01
4.095209	-1.618554590e-01
4.100209	-1.680981401e-01
4.105210	-1.669411992e-01
4.110210	-1.582046455e-01
4.115210	-1.490281143e-01
4.120210	-1.429584244e-01
4.125211	-1.343848624e-01
4.130211	-1.247573543e-01
4.135211	-1.198516049e-01
4.140212	-1.125599774e-01
4.145212	-1.036034350e-01
4.150212	-9.724775967e-02
4.155212	-9.364294384e-02
4.160213	-8.828821740e-02
4.165213	-7.829172810e-02
4.170213	-7.242202798e-02
4.175213	-6.772826777e-02
4.180214	-4.291353551e-02
4.185214	-3.031417919e-02
4.190214	-4.214657469e-02
4.195214	-5.603441616e-03
4.200215	3.097768952e-02
4.205215	2.595094633e-02
4.210215	4.248810148e-02
4.215215	6.386200952e-02
4.220216	6.789580344e-02
4.225216	7.823827506e-02
4.230216	9.492942234e-02
4.235216	1.005111372e-01
4.240217	1.029380132e-01
4.245217	1.089717049e-01
4.250217	1.225070135e-01
4.255217	1.295216551e-01
4.260218	1.268747903e-01
4.265218	1.341704176e-01
4.270218	1.379822229e-01
4.275218	1.368732795e-01
4.280219	1.424659938e-01
4.285219	1.466627794e-01
4.290219	1.489766612e-01
4.295219	1.482097004e-01
4.300220	1.482686973e-01
4.305220	1.500856045e-01
4.310220	1.464907882e-01
4.315220	1.466617794e-01
4.320221	1.440619123e-01
4.325221	1.425139913e-01
4.330221	1.428469743e-01
4.335221	1.348283840e-01
4.340222	1.267037990e-01
4.345222	1.252218748e-01
4.350222	1.206901063e-01
4.355222	1.139424510e-01
4.360223	1.021650527e-01
4.365223	9.105662020e-02
4.370223	8.299003231e-02
4.375224	7.558141080e-02
4.380224	7.171960809e-02
4.385224	5.640539047e-02
4.390224	5.126365315e-02
4.395225	3.811032513e-02
4.400225	1.351358173e-02
4.405225	7.873869853e-03
4.410225	3.457095498e-03
4.415226	-1.073717934e-02
4.420226	-4.131461720e-02
4.425226	-5.381097878e-02
4.430226	-6.407745428e-02
4.435227	-7.740077362e-02
4.440227	-8.099658992e-02
4.445227	-9.220901709e-02
4.450227	-1.032684521e-01
4.455228	-1.139939041e-01
4.460228	-1.178647064e-01
4.465228	-1.155328255e-01
4.470228	-1.188506560e-01
4.475229	-1.227304578e-01
4.480229	-1.198436053e-01
4.485229	-1.246533596e-01
4.490229	-1.237254070e-01
4.495230	-1.202935823e-01
4.500230	-1.160877972e-01
4.505230	-1.103410908e-01
4.510230	-1.119960062e-01
4.515231	-1.091291527e-01
4.520231	-1.020555141e-01
4.525231	-1.022175058e-01
4.530231	-1.011745591e-01
4.535232	-9.862368938e-02
4.540232	-1.014425454e-01
4.545232	-9.829770603e-02
4.550232	-9.343295457e-02
4.555233	-9.492387840e-02
4.560233	-9.391892974e-02
4.565233	-9.110907329e-02
4.570233	-9.034511232e-02
4.575234	-8.856620320e-02
4.580234	-9.342395503e-02
4.585234	-9.646279978e-02
4.590234	-9.414891799e-02
4.595235	-9.636780463e-02
4.600235	-1.002866044e-01
4.605235	-1.063662938e-01
4.610236	-1.134959296e-01
4.615236	-1.202825829e-01
4.620236	-1.275302126e-01
4.625236	-1.289171417e-01
4.630237	-1.335519050e-01
4.635237	-1.364857551e-01
4.640237	-1.316790006e-01
4.645237	-1.362097692e-01
4.650238	-1.306250545e-01
4.655238	-1.244323709e-01
4.660238	-1.212305344e-01
4.665238	-1.064792881e-01
4.670239	-1.004495961e-01
4.675239	-9.480888427e-02
4.680239	-7.602584386e-02
4.685239	-6.043564034e-02
4.690240	-5.169808672e-02
4.695240	-2.848827247e-02
4.700240	-1.489396698e-02
4.705240	1.470197005e-03
4.710241	9.317796086e-03
4.715241	1.301760707e-02
4.720241	3.882628855e-02
4.725241	4.153215031e-02
4.730242	4.933175185e-02
4.735242	5.972322096e-02
4.740242	6.713084252e-02
4.745242	7.160361402e-02
4.750243	6.839377800e-02
4.755243	7.188159981e-02
4.760243	7.912722965e-02
4.765243	7.519843036e-02
4.770244	7.613638245e-02
4.775244	8.851475006e-02
4.780244	9.697331792e-02
4.785244	9.862923333e-02
4.790245	9.752028998e-02
4.795245	1.076407729e-01
4.800245	1.107866122e-01
4.805245	1.169822957e-01
4.810246	1.294176604e-01
4.815246	1.270947791e-01
4.820246	1.294186604e-01
4.825247	1.389771720e-01
4.830247	1.392531579e-01
4.835247	1.424659938e-01
4.840247	1.507535704e-01
4.845248	1.500846046e-01
4.850248	1.496936245e-01
4.855248	1.488136695e-01
4.860248	1.394261491e-01
4.865249	1.351053698e-01
4.870249	1.259868357e-01
4.875249	1.194181713e-01
4.880249	1.123445326e-01
4.885250	1.002251518e-01
4.890250	8.712882086e-02
4.895250	8.321902061e-02
4.900250	7.823827506e-02
4.905251	7.343052068e-02
4.910251	6.801079757e-02
4.915251	5.866127522e-02
4.920251	5.602241003e-02
4.925252	5.535444416e-02
4.930252	4.838680012e-02
4.935252	4.690487583e-02
4.940252	3.291859036e-02
4.945253	2.833082474e-02
4.950253	4.042420692e-02
4.955253	1.224264666e-02
4.960253	7.825872305e-03
4.965254	3.473549754e-02
4.970254	3.031972314e-02
4.975254	6.946917209e-03
4.980254	4.337050543e-03
4.985255	3.522541188e-04
4.990255	9.252248468e-04
4.995255	-1.085217347e-02
5.000255	-3.385199845e-02
5.005256	-1.428399814e-02
5.010256	-7.380350837e-03
5.015256	-3.434797311e-02
5.020256	-2.328753817e-02
5.025257	-2.638537990e-02
5.030257	-4.032266787e-02
5.035257	-3.601088815e-02
5.040257	-5.070413750e-02
5.045258	-5.169808672e-02
5.050258	-5.065514001e-02
5.055258	-5.540589730e-02
5.060259	-6.319849919e-02
5.065259	-6.734528734e-02
5.070259	-7.468591232e-02
5.075259	-7.684780187e-02
5.080260	-7.973465439e-02
5.085260	-8.729526813e-02
5.090260	-8.833821485e-02
5.095260	-9.293597996e-02
5.100261	-9.779973148e-02
5.105261	-9.834570358e-02
5.110261	-9.476088672e-02
5.115261	-9.509486966e-02
5.120262	-9.740075186e-02
5.125262	-9.894867278e-02
5.130262	-9.531485842e-02
5.135262	-8.735326517e-02
5.140263	-8.624432182e-02
5.145263	-8.393044003e-02
5.150263	-7.861571155e-02
5.155263	-7.303399671e-02
5.160264	-6.856022527e-02
5.165264	-6.291951344e-02
5.170264	-5.993766578e-02
5.175264	-6.021465163e-02
5.180265	-5.518590854e-02
5.185265	-5.811075911e-02
5.190265	-5.689882103e-02
5.195265	-5.092312632e-02
5.200266	-4.865624213e-02
5.205266	-4.601037730e-02
5.210266	-3.921472448e-02
5.215266	-4.175659462e-02
5.220267	-2.793330082e-02
5.225267	-7.822328257e-03
5.230267	-1.859477791e-02
5.235267	-1.488496744e-02
5.240268	4.777028065e-03
5.245268	1.035874291e-02
5.250268	2.032023399e-02
5.255268	4.695187343e-02
5.260269	6.066017310e-02
5.265269	7.039167593e-02
5.270269	8.635386045e-02
5.275269	9.840824462e-02
5.280270	1.068678124e-01
5.285270	1.154323749e-01
5.290270	1.201371345e-01
5.295271	1.300306291e-01
5.300271	1.349993752e-01
5.305271	1.335554490e-01
5.310271	1.356033444e-01
5.315272	1.297536432e-01
5.320272	1.277547454e-01
5.325272	1.304596072e-01
5.330272	1.261008299e-01
5.335273	1.211880808e-01
5.340273	1.154903719e-01
5.345273	1.064758325e-01
5.350273	1.021650527e-01
5.355274	9.907821039e-02
5.360274	9.393447317e-02
5.365274	8.917271644e-02
5.370274	9.077963435e-02
5.375275	8.602987701e-02
5.380275	8.177509437e-02
5.385275	8.083814224e-02
5.390275	7.476045274e-02
5.395276	6.944572426e-02
5.400276	6.458797243e-02
5.405276	6.109915067e-02
5.410276	5.258258577e-02
5.415277	4.956074015e-02
5.420277	3.435351706e-02
5.425277	2.660991266e-02
5.430277	4.115816942e-02
5.435278	1.539848543e-02
5.440278	2.569140862e-03
5.445278	5.502990977e-03
5.450278	4.290052944e-03
5.455279	4.395047580e-03
5.460279	2.626137950e-03
5.465279	4.223056367e-03
5.470279	-4.697038889e-04
5.475280	2.552590741e-04
5.480280	-1.859577786e-02
5.485280	-3.335302394e-02
5.490280	-2.063967344e-02
5.495281	-3.296204391e-02
5.500281	-3.710983201e-02
5.505281	-3.794178951e-02
5.510281	-4.590538266e-02
5.515282	-4.617236902e-02
5.520282	-5.169708678e-02
5.525282	-5.938369408e-02
5.530283	-6.828423937e-02
5.535283	-6.983016039e-02
5.540283	-7.221103875e-02
5.545283	-7.795674522e-02
5.550284	-8.242951671e-02
5.555284	-8.193254210e-02
5.560284	-8.563235308e-02
5.565284	-8.492638915e-02
5.570285	-8.337646833e-02
5.575285	-8.348046302e-02
5.580285	-8.828921735e-02
5.585285	-8.906517771e-02
5.590286	-8.419842634e-02
5.595286	-8.414042930e-02
5.600286	-8.286949423e-02
5.605286	-7.668381025e-02
5.610287	-7.436292882e-02
5.615287	-6.657232683e-02
5.620287	-5.872372780e-02
5.625287	-5.850373904e-02
5.630288	-5.623785480e-02
5.635288	-4.357250185e-02
5.640288	-4.269154685e-02
5.645288	-3.953770798e-02
5.650289	-3.843976407e-02
5.655289	-3.408198670e-02
5.660289	-3.025618215e-02
5.665289	-3.677484913e-02
5.670290	-1.019320713e-02
5.675290	-1.660587952e-02
5.680290	-3.677684902e-02
5.685290	-1.748683451e-02
5.690291	-2.018624757e-03
5.695291	-1.130670121e-03
5.700291	-2.067622254e-03
5.705291	6.382395083e-04
5.710292	5.170007989e-03
5.715292	3.009073483e-02
5.720292	2.710688727e-02
5.725292	9.757773608e-03
5.730293	3.552045744e-02
5.735293	3.458250536e-02
5.740293	3.391253958e-02
5.745294	4.402702285e-02
5.750294	4.534695542e-02
5.755294	4.369203997e-02
5.760294	4.589892722e-02
5.765295	5.104266444e-02
5.770295	4.722885928e-02
5.775295	4.717186219e-02
5.780295	4.132216104e-02
5.785296	4.474298628e-02
5.790296	4.402702285e-02
5.795296	2.815983348e-02
5.800296	4.186613325e-02
5.805297	2.727887849e-02
5.810297	-5.177014368e-04
5.815297	5.666982599e-03
5.820297	7.442340933e-04
5.825298	3.457095498e-03
5.830298	2.552590741e-04
5.835298	-2.970221045e-02
5.840298	-3.208308882e-02
5.845299	-3.069515973e-02
5.850299	-4.628636320e-02
5.855299	-4.817126690e-02
5.860299	-5.600886649e-02
5.865300	-6.684831273e-02
5.870300	-7.138008121e-02
5.875300	-7.176206169e-02
5.880300	-8.204853617e-02
5.885301	-8.552735845e-02
5.890301	-8.817322328e-02
5.895301	-9.387193214e-02
5.900301	-9.404492330e-02
5.905302	-9.177003952e-02
5.910302	-9.514386716e-02
5.915302	-9.337395758e-02
5.920302	-9.492387840e-02
5.925303	-9.895767232e-02
5.930303	-9.784872897e-02
5.935303	-1.001716103e-01
5.940303	-9.835570307e-02
5.945304	-9.160704785e-02
5.950304	-8.950315533e-02
5.955304	-9.702677096e-02
5.960304	-9.458889551e-02
5.965305	-8.431342047e-02
5.970305	-8.447541219e-02
5.975305	-8.254451084e-02
5.980306	-8.038462118e-02
5.985306	-6.822424243e-02
5.990306	-5.684982353e-02
5.995306	-5.988066869e-02
6.000307	-5.916370532e-02
6.005307	-5.032115707e-02
6.010307	-4.329551600e-02
6.015307	-4.031266838e-02
6.020308	-3.329602685e-02
6.025308	-3.949071038e-02
6.030308	-2.351752642e-02
6.035308	-2.843027543e-02
6.040309	-3.290404688e-02
6.045309	-5.337455204e-03
6.050309	-7.381350785e-03
6.055309	-1.416800407e-02
6.060310	-3.615543174e-03
6.065310	1.967171616e-03
6.070310	-4.137067497e-04
6.075310	6.821923595e-03
6.080311	8.762824438e-03
6.085311	1.911174476e-03
6.090311	1.931728523e-02
6.095311	3.385554250e-02
6.100312	1.777736390e-02
6.105312	3.479249463e-02
6.110312	3.246961330e-02
6.115312	3.065370607e-02
6.120313	3.777634219e-02
6.125313	3.689538720e-02
6.130313	4.590992666e-02
6.135313	4.441000329e-02
6.140314	5.021070694e-02
6.145314	4.203712451e-02
6.150314	4.955174061e-02
6.155314	6.215209688e-02
6.160315	6.232208819e-02
6.165315	6.651887379e-02
6.170315	6.657687082e-02
6.175315	6.469296707e-02
6.180316	6.817378924e-02
6.185316	7.718832870e-02
6.190316	7.779929749e-02
6.195316	7.585839665e-02
6.200317	8.100113391e-02
6.205317	8.382098985e-02
6.210317	9.000567389e-02
6.215318	9.227155813e-02
6.220318	8.968069049e-02
6.225318	9.620935695e-02
6.230318	9.492942234e-02
6.235319	9.718530709e-02
6.240319	9.718330720e-02
6.245319	9.641934623e-02
6.250319	9.780727532e-02
6.255320	9.863823287e-02
6.260320	9.967917969e-02
6.265320	9.868423052e-02
6.270320	9.884822214e-02
6.275321	9.747129248e-02
6.280321	9.697431787e-02
6.285321	9.586637448e-02
6.290321	9.830225003e-02
6.295322	9.431745361e-02
6.300322	8.968169044e-02
6.305322	8.624886582e-02
6.310322	8.188108896e-02
6.315323	7.978719593e-02
6.320323	7.370750653e-02
6.325323	7.232157734e-02
6.330323	7.408948702e-02
6.335324	6.679685958e-02
6.340324	6.530593575e-02
6.345324	6.304005151e-02
6.350324	5.894826056e-02
6.355325	5.878526888e-02
6.360325	5.673037386e-02
6.365325	5.589941632e-02
6.370325	4.800381969e-02
6.375326	4.370203946e-02
6.380326	4.253509907e-02
6.385326	4.241110541e-02
6.390326	3.308258199e-02
6.395327	1.772036681e-02
6.400327	3.872029397e-02
6.405327	2.749886725e-02
6.410327	-1.520650198e-03
6.415328	1.251963251e-02
6.420328	3.805132814e-02
6.425328	2.231013233e-02
6.430328	3.142560601e-04
6.435329	1.736183416e-03
6.440329	5.284002165e-03
6.445329	2.882779936e-02
6.450330	3.302358500e-02
6.455330	1.031174531e-02
6.460330	6.660931820e-03
6.465330	3.242261570e-02
6.470331	2.600794342e-02
6.475331	9.756773659e-03
6.480331	3.617842383e-02
6.485331	3.153466107e-02
6.490332	8.925816111e-03
6.495332	3.467850045e-02
6.500332	3.075970066e-02
6.505332	7.719877720e-03
6.510333	1.545348262e-02
6.515333	8.012311814e-04
6.520333	9.757773608e-03
6.525333	2.450702010e-02
6.530334	1.063772865e-02
6.535334	-5.651439163e-03
6.540334	-2.743732616e-02
6.545334	-1.097616713e-02
6.550335	5.561987963e-03
6.555335	-2.449602739e-03
6.560335	-5.939424451e-03
6.565335	6.862370562e-04
6.570336	-4.618491935e-03
6.575336	-3.003619339e-02
6.580336	-2.832628075e-02
6.585336	-4.830481105e-03
6.590337	-1.234664808e-03
6.595337	-2.318254353e-02
6.600337	-3.219708299e-02
6.605337	-1.002921551e-02
6.610338	-5.938424502e-03
6.615338	-2.981620463e-02
6.620338	-3.019918506e-02
6.625338	-4.505497708e-03
6.630339	-1.472297572e-02
6.635339	-3.683384611e-02
6.640339	-1.998070711e-02
6.645339	-4.388503685e-03
6.650340	-2.866026368e-02
6.655340	-2.765831487e-02
6.660340	-5.881427414e-03
6.665341	-3.362900984e-02
6.670341	-3.047617091e-02
6.675341	-7.153362433e-03
6.680341	-3.848776162e-02
6.685342	-2.727433449e-02
6.690342	-1.638689071e-02
6.695342	-4.010267911e-02
6.700342	-1.328904897e-02
6.705343	-1.947273306e-02
6.710343	-4.065665081e-02
6.715343	-1.113915881e-02
6.720343	-2.318254353e-02
6.725344	-3.777079824e-02
6.730344	-8.366300466e-03
6.735344	-2.854526956e-02
6.740344	-3.578189985e-02
6.745345	-4.170514821e-03
6.750345	-6.906925990e-04
6.755345	-2.610739411e-02
6.760345	-3.810378123e-02
6.765346	-8.423297554e-03
6.770346	4.172507982e-04
6.775346	-2.238613518e-03
6.780346	3.182109547e-03
6.785347	-1.654988238e-02
6.790347	-3.909973035e-02
6.795347	-1.417800356e-02
6.800347	4.672482440e-04
6.805348	-1.904630581e-03
6.810348	1.688185868e-03
6.815348	2.130163289e-03
6.820348	2.684134987e-03
6.825349	-1.236664706e-03
6.830349	-9.666784993e-04
6.835349	-1.521650147e-03
6.840349	9.722224457e-04
6.845350	-2.030569050e-02
6.850350	-3.445196780e-02
6.855350	-9.972218423e-03
6.860350	-4.717037867e-04
6.865351	-3.072631543e-05
6.870351	5.232453832e-04
6.875351	3.627026184e-05
6.880351	1.805179891e-03
6.885352	1.240208755e-03
6.890352	6.382395083e-04
6.895352	-2.287611015e-03
6.900353	2.462595339e-04
6.905353	-5.057469508e-03
6.910353	-2.970221045e-02
6.915353	-2.782030660e-02
6.920354	-2.841582714e-03
6.925354	5.812424202e-04
6.930354	-5.187013857e-04
6.935354	2.789129623e-03
6.940355	-2.031469004e-02
6.945355	-4.031266838e-02
6.950355	-1.091017050e-02
6.955355	-1.626644783e-03
6.960356	-4.697038889e-04
6.965356	2.186160428e-03
6.970356	3.042565709e-04
6.975356	-2.067622254e-03
6.980357	-1.628644681e-03
6.985357	2.073166201e-03
6.990357	-2.171616941e-03
6.995357	-1.367209004e-04
7.000358	-3.077121647e-04
7.005358	1.141168911e-02
7.010358	4.137015859e-02
7.015358	1.976526234e-02
7.020359	1.501350510e-02
7.025359	4.313906822e-02
7.030359	2.036823154e-02
7.035359	3.087269489e-02
7.040360	3.639941254e-02
7.045360	3.457350582e-02
7.050360	3.993423195e-02
7.055360	3.932326316e-02
7.060361	4.286208237e-02
7.065361	4.612991542e-02
7.070361	5.043069570e-02
7.075361	4.933175185e-02
7.080362	5.149364140e-02
7.085362	4.899776891e-02
7.090362	5.060168697e-02
7.095362	4.921775767e-02
7.100363	5.225760237e-02
7.105363	5.126165325e-02
7.110363	4.551894663e-02
7.115363	4.347305116e-02
7.120364	4.048020405e-02
7.125364	4.054720063e-02
7.130364	2.789084722e-02
7.135365	3.695338423e-02
7.140365	2.744087021e-02
7.145365	6.985915217e-03
7.150365	3.617942377e-02
7.155366	2.772885550e-02
7.160366	4.567038793e-03
7.165366	1.124869744e-02
7.170366	3.042371782e-02
7.175367	2.666790970e-02
7.180367	6.000965536e-03
7.185367	2.910378526e-02
7.190367	3.330157080e-02
7.195368	2.080920901e-02
7.200368	3.811032513e-02
7.205368	3.153266117e-02
7.210368	3.761335052e-02
7.215369	2.987874566e-02
7.220369	3.357855665e-02
7.225369	3.374054837e-02
7.230369	2.358006745e-02
7.235370	4.021421764e-02
7.240370	1.848432778e-02
7.245370	4.394047631e-03
7.250370	2.308309284e-02
7.255371	3.446851118e-02
7.260371	1.108670572e-02
7.265371	2.015169163e-03
7.270371	3.008118436e-03
7.275372	-9.116813090e-04
7.280372	3.401098359e-03
7.285372	4.232055907e-03
7.290372	1.224264666e-02
7.295373	3.164965519e-02
7.300373	2.070321443e-02
7.305373	2.406149189e-03
7.310373	5.007016315e-03
7.315374	2.252912114e-02
7.320374	3.147466413e-02
7.325374	1.389656216e-02
7.330374	7.167905920e-03
7.335375	1.091371455e-02
7.340375	3.114068119e-02
7.345375	2.296709877e-02
7.350375	4.338050492e-03
7.355376	7.167905920e-03
7.360376	4.624035881e-03
7.365376	1.470197005e-03
7.370377	3.229107146e-03
7.375377	4.777028065e-03
7.380377	1.134214170e-03
7.385377	3.032566220e-04
7.390378	-9.576789591e-04
7.395378	-3.224563148e-03
7.400378	-4.137067497e-04
7.405378	1.959172024e-03
7.410379	4.762477842e-04
7.415379	4.172507982e-04
7.420379	-3.072631543e-05
7.425379	-1.951628180e-03
7.430380	-2.228614029e-03
7.435380	-8.872335246e-05
7.440380	1.240208755e-03
7.445380	1.528194042e-03
7.450381	4.172507982e-04
7.455381	-6.326955619e-04
7.460381	-5.756984738e-04
7.465381	3.592537612e-04
7.470382	2.073166201e-03
7.475382	3.124112510e-03
7.480382	2.799129112e-03
7.485382	3.573089572e-03
7.490383	3.228107197e-03
7.495383	5.232453832e-04
7.500383	-6.806931098e-04
7.505383	-1.292661845e-03
7.510384	-5.499446928e-03
7.515384	-2.705434573e-02
7.520384	-2.715834042e-02
7.525384	-1.445598936e-02
7.530385	-3.158511426e-02
7.535385	-3.489094537e-02
7.540385	-3.782879528e-02
7.545385	-3.672885148e-02
7.550386	-4.059865377e-02
7.555386	-4.666934363e-02
7.560386	-4.915621658e-02
7.565386	-5.131510629e-02
7.570387	-5.220306093e-02
7.575387	-5.717580688e-02
7.580387	-5.656383814e-02
7.585388	-5.578887773e-02
7.590388	-5.578887773e-02
7.595388	-5.933469658e-02
7.600388	-6.281451881e-02
7.605389	-6.711729898e-02
7.610389	-6.446743436e-02
7.615389	-6.490841183e-02
7.620389	-6.436543957e-02
7.625390	-6.613134936e-02
7.630390	-6.927518874e-02
7.635390	-6.557637771e-02
7.640390	-6.629434103e-02
7.645391	-6.767127068e-02
7.650391	-6.463242593e-02
7.655391	-6.502340596e-02
7.660391	-6.269952468e-02
7.665392	-5.701281520e-02
7.670392	-5.479492851e-02
7.675392	-5.573188064e-02
7.680392	-5.186907799e-02
7.685393	-4.755829822e-02
7.690393	-4.666934363e-02
7.695393	-4.175659462e-02
7.700393	-4.402247886e-02
7.705394	-3.882074460e-02
7.710394	-3.164211135e-02
7.715394	-3.948971043e-02
7.720394	-2.135763676e-02
7.725395	-3.605988565e-02
7.730395	-3.180410307e-02
7.735395	-2.181616430e-03
7.740395	-3.053516790e-02
7.745396	-3.423297898e-02
7.750396	-7.151362535e-03
7.755396	1.355202880e-03
7.760396	-2.517150255e-04
7.765397	-1.292661845e-03
7.770397	-1.972687737e-05
7.775397	-1.187667209e-03
7.780397	-1.905630530e-03
7.785398	3.612536590e-04
7.790398	1.747182854e-03
7.795398	3.516092484e-03
7.800398	-3.012573978e-03
7.805399	1.240208755e-03
7.810399	3.313857913e-02
7.815399	3.446751123e-02
7.820400	5.006016367e-03
7.825400	-5.866979119e-04
7.830400	1.080871992e-02
7.835400	3.790033586e-02
7.840401	2.307409330e-02
7.845401	1.354202931e-03
7.850401	9.732223947e-04
7.855401	1.450953085e-02
7.860402	3.904627731e-02
7.865402	2.158216952e-02
7.870402	9.732223947e-04
7.875402	1.573246837e-02
7.880403	3.805132814e-02
7.885403	1.599845478e-02
7.890403	5.666982599e-03
7.895403	3.656240421e-02
7.900404	2.943976809e-02
7.905404	1.411200019e-03
7.910404	2.522398347e-02
7.915404	4.054720063e-02
7.920405	1.031074536e-02
7.925405	2.905123697e-03
7.930405	3.093269182e-02
7.935405	3.495548630e-02
7.940406	7.109908883e-03
7.945406	-1.790636405e-03
7.950406	2.571995813e-02
7.955406	4.076818934e-02
7.960407	9.098807273e-03
7.965407	6.942366475e-04
7.970407	5.284002165e-03
7.975407	5.822423691e-04
7.980408	4.172507982e-04
7.985408	2.242157567e-03
7.990408	4.176058768e-03
7.995408	-8.432297094e-03
8.000409	-3.611688274e-02
8.005409	-2.318354348e-02
8.010409	-1.301661386e-03
8.015409	-3.274105520e-02
8.020410	-2.948322164e-02
8.025410	-1.074617888e-02
8.030410	-3.639386859e-02
8.035410	-2.633738236e-02
8.040411	-3.085815140e-02
8.045411	-3.258106338e-02
8.050411	-3.025618215e-02
8.055412	-3.588689449e-02
8.060412	-3.004619288e-02
8.065412	-3.694684034e-02
8.070412	-2.748432376e-02
8.075413	-3.727382363e-02
8.080413	-2.976020749e-02
8.085413	-3.479695017e-02
8.090413	-3.037117628e-02
8.095414	-3.816177827e-02
8.100414	-3.307703804e-02
8.105414	-3.280005219e-02
8.110414	-3.296204391e-02
8.115415	-3.262706103e-02
8.120415	-3.396499268e-02
8.125415	-3.219608305e-02
8.130415	-3.539991937e-02
8.135416	-2.147263089e-02
8.140416	-3.589589403e-02
8.145416	-1.859477791e-02
8.150416	-2.986420218e-02
8.155417	-3.484394777e-02
8.160417	-7.928322842e-03
8.165417	-1.859577786e-02
8.170417	-3.584789648e-02
8.175418	-1.124315349e-02
8.180418	2.082165741e-03
8.185418	-7.151362535e-03
8.190418	-4.341506086e-03
8.195419	-1.082672573e-03
8.200419	5.902419604e-04
8.205419	6.382395083e-04
8.210419	4.059064745e-03
8.215420	1.803179994e-03
8.220420	1.329459292e-02
8.225420	3.457350582e-02
8.230420	1.738638388e-02
8.235421	-2.407155875e-04
8.240421	1.196566081e-02
8.245421	3.512647757e-02
8.250421	2.556796589e-02
8.255422	7.442340933e-04
8.260422	1.655342643e-02
8.265422	3.827231685e-02
8.270422	1.799935256e-02
8.275423	5.064013404e-03
8.280423	3.584344094e-02
8.285423	3.059570904e-02
8.290424	1.186066617e-02
8.295424	3.550945800e-02
8.300424	2.412403966e-02
8.305424	2.318808748e-02
8.310425	3.771834515e-02
8.315425	2.197414950e-02
8.320425	3.983023726e-02
8.325425	2.661991215e-02
8.330426	2.849381642e-02
8.335426	3.523247215e-02
8.340426	3.180964702e-02
8.345426	3.755535348e-02
8.350427	2.960275976e-02
8.355427	4.066219476e-02
8.360427	4.059519818e-02
8.365427	3.489748927e-02
8.370428	3.363555374e-02
8.375428	3.860729974e-02
8.380428	2.942976860e-02
8.385428	3.484949172e-02
8.390429	3.169665279e-02
8.395429	3.955425136e-02
8.400429	3.281259578e-02
8.405429	3.739236181e-02
8.410430	2.644892089e-02
8.415430	2.793884477e-02
8.420430	3.661840135e-02
8.425430	2.590194883e-02
8.430431	4.186613325e-02
8.435431	2.218613867e-02
8.440431	3.645540967e-02
8.445431	3.009773448e-02
8.450432	3.346456247e-02
8.455432	4.065319522e-02
8.460432	3.695338423e-02
8.465432	3.723037008e-02
8.470433	3.711537596e-02
8.475433	4.126416400e-02
8.480433	4.198112738e-02
8.485433	4.379703460e-02
8.490434	4.291807951e-02
8.495434	4.446700038e-02
8.500434	4.529795792e-02
8.505435	4.275508784e-02
8.510435	3.949725427e-02
8.515435	4.441000329e-02
8.520435	4.379703460e-02
8.525436	4.623491006e-02
8.530436	4.656889299e-02
8.535436	4.286908201e-02
8.540436	4.457199501e-02
8.545437	4.711586505e-02
8.550437	4.463899159e-02
8.555437	4.485798040e-02
8.560437	4.999171813e-02
8.565438	5.352853744e-02
8.570438	5.104266444e-02
8.575438	5.264758245e-02
8.580438	5.630039583e-02
8.585439	5.120665606e-02
8.590439	5.021170689e-02
8.595439	5.475147496e-02
8.600439	5.231459946e-02
8.605440	4.506996957e-02
8.610440	4.927475476e-02
8.615440	5.541044130e-02
8.620440	5.219960533e-02
8.625441	5.441849197e-02
8.630441	5.590841586e-02
8.635441	5.894826056e-02
8.640441	5.491546658e-02
8.645442	4.889277427e-02
8.650442	5.143364446e-02
8.655442	5.225660242e-02
8.660442	4.723085918e-02
8.665443	4.446600043e-02
8.670443	4.617591307e-02
8.675443	4.247810199e-02
8.680443	4.419001453e-02
8.685444	3.634141550e-02
8.690444	3.502248288e-02
8.695444	3.616942428e-02
8.700444	3.429452007e-02
8.705445	3.717237305e-02
8.710445	3.004273729e-02
8.715445	3.661940130e-02
8.720445	2.551096881e-02
8.725446	3.446851118e-02
8.730446	2.793884477e-02
8.735446	2.506099179e-02
8.740447	3.733536472e-02
8.745447	2.391405039e-02
8.750447	3.844430807e-02
8.755447	2.467901131e-02
8.760448	1.092371404e-02
8.765448	3.451650873e-02
8.770448	2.893279399e-02
8.775448	1.191766326e-02
8.780449	3.169565284e-02
8.785449	2.998474025e-02
8.790449	8.266849777e-03
8.795449	1.186066617e-02
8.800450	2.805383890e-02
8.805450	2.285310459e-02
8.810450	9.259799049e-03
8.815450	5.227005077e-03
8.820451	3.344101271e-03
8.825451	2.627077270e-05
8.830451	-2.987126245e-04
8.835451	1.967171616e-03
8.840452	4.662482950e-04
8.845452	1.114270285e-02
8.850452	2.142017780e-02
8.855452	1.379156753e-02
8.860453	3.295103774e-03
8.865453	5.242453321e-04
8.870453	-2.344608103e-03
8.875453	-1.742883748e-02
8.880454	-1.976071835e-02
8.885454	-1.406656022e-03
8.890454	1.365202369e-03
8.895454	9.632229055e-04
8.900455	1.020219994e-03
8.905455	-1.465653008e-03
8.910455	2.015169164e-03
8.915455	1.805179891e-03
8.920456	-2.172677520e-05
8.925456	-2.344608103e-03
8.930456	-1.903630632e-03
8.935456	-2.678591041e-03
8.940457	-2.052567927e-02
8.945457	-2.766631446e-02
8.950457	-9.533240849e-03
8.955457	5.332448723e-04
8.960458	-5.756984738e-04
8.965458	-2.534343314e-02
8.970458	-3.611588279e-02
8.975459	-4.944475281e-03
8.980459	-4.724486520e-03
8.985459	-3.483494823e-02
8.990459	-2.606039651e-02
8.995460	-3.290559776e-03
9.000460	-1.345204064e-02
9.005460	-3.246506930e-02
9.010460	-2.224559140e-02
9.015461	-1.666387656e-02
9.020461	-3.749281245e-02
9.025461	-1.754283165e-02
9.030461	-4.390503582e-03
9.035462	-2.661436821e-02
9.040462	-2.959621587e-02
9.045462	-1.241009388e-02
9.050462	-5.279458167e-03
9.055463	-2.185461137e-02
9.060463	-3.025718210e-02
9.065463	-1.477997280e-02
9.070463	-6.606390377e-03
9.075464	-1.997170757e-02
9.080464	-2.926223293e-02
9.085464	-1.152013934e-02
9.090464	-3.397554310e-03
9.095465	-4.008523097e-03
9.100465	-1.626989669e-02
9.105465	-3.186210011e-02
9.110465	-1.235409674e-02
9.115466	-5.268458729e-03
9.120466	-2.401605192e-03
9.125466	-1.699885944e-02
9.130466	-3.522692821e-02
9.135467	-1.400601234e-02
9.140467	-1.731639419e-03
9.145467	-1.068918179e-02
9.150467	-2.965421291e-02
9.155468	-1.948373250e-02
9.160468	-6.273407388e-03
9.165468	-1.273407732e-02
9.170468	-2.654837158e-02
9.175469	-2.125264213e-02
9.180469	-5.833429866e-03
9.185469	-4.332506545e-03
9.190470	-8.480294642e-03
9.195470	-3.374600386e-02
9.200470	-2.020069587e-02
9.205470	-2.563596916e-03
9.210471	-6.378402024e-03
9.215471	-9.036266239e-03
9.220471	-2.611839354e-02
9.225471	-2.301055232e-02
9.230472	-4.886478244e-03
9.235472	-2.515599368e-03
9.240472	-5.746985249e-04
9.245472	4.172507982e-04
9.250473	4.762477842e-04
9.255473	-7.476896871e-04
9.260473	-1.293661794e-03
9.265473	-1.234664808e-03
9.270474	1.240208755e-03
9.275474	3.066115473e-03
9.280474	1.299205741e-03
9.285474	-1.904630581e-03
9.290475	3.677084259e-03
9.295475	3.125567532e-02
9.300475	3.043371731e-02
9.305475	4.070064183e-03
9.310476	1.804435026e-02
9.315476	3.866429683e-02
9.320476	1.551347956e-02
9.325476	1.893430480e-02
9.330477	3.854930270e-02
9.335477	1.528249136e-02
9.340477	2.396204794e-02
9.345477	3.926726602e-02
9.350478	2.080720911e-02
9.355478	3.053871195e-02
9.360478	2.943076855e-02
9.365478	4.891022241e-03
9.370479	1.285461540e-02
9.375479	3.706837836e-02
9.380479	2.390505085e-02
9.385479	2.235157925e-03
9.390480	5.894970951e-03
9.395480	4.012067146e-03
9.400480	9.146804821e-03
9.405480	3.109268365e-02
9.410481	2.235513003e-02
9.415481	3.020117823e-03
9.420481	3.353100811e-03
9.425482	4.652483461e-04
9.430482	-7.772391441e-05
9.435482	2.798129163e-03
9.440482	5.551988474e-03
9.445483	3.841075881e-03
9.450483	2.684134987e-03
9.455483	2.191615246e-02
9.460483	2.666690975e-02
9.465484	6.718928857e-03
9.470484	2.522143263e-03
9.475484	3.238106686e-03
9.480484	2.740132126e-03
9.485485	1.737183365e-03
9.490485	1.413199917e-03
9.495485	2.081165792e-03
9.500485	5.232453832e-04
9.505486	-4.697038889e-04
9.510486	7.532336335e-04
9.515486	2.081165792e-03
9.520486	6.382395083e-04
9.525487	-1.579647184e-03
9.530487	1.909174579e-03
9.535487	3.239106635e-03
9.540487	-1.741638908e-03
9.545488	-2.997125734e-04
9.550488	3.897073020e-03
9.555488	2.684134987e-03
9.560488	-2.977126756e-04
9.565489	1.135214119e-03
9.570489	1.910174527e-03
9.575489	-6.896926500e-04
9.580489	5.802424713e-04
9.585490	8.582282695e-04
9.590490	5.388996801e-03
9.595490	2.269011292e-02
9.600490	2.296809872e-02
9.605491	1.019775113e-02
9.610491	4.892022190e-03
9.615491	1.030219483e-03
9.620491	2.562590230e-04
9.625492	3.612536590e-04
9.630492	5.802424713e-04
9.635492	1.020219994e-03
9.640492	1.030219483e-03
9.645493	1.412648979e-04
9.650493	3.066115473e-03
9.655493	2.406149189e-03
9.660494	-6.896926500e-04
9.665494	4.762477842e-04
9.670494	2.358151641e-03
9.675494	3.400098410e-03
9.680495	1.240208755e-03
9.685495	-2.018624757e-03
9.690495	-1.014676047e-03
9.695495	3.076114962e-03
9.700496	1.460197516e-03
9.705496	1.795180402e-03
9.710496	2.244157465e-03
9.715496	-1.789636456e-03
9.720497	-1.072673084e-03
9.725497	-3.836531884e-03
9.730497	-2.091765924e-02
9.735497	-2.589740483e-02
9.740498	-8.261305830e-03
9.745498	-2.401605192e-03
9.750498	-6.215410351e-03
9.755498	-1.494296448e-02
9.760499	-2.782830619e-02
9.765499	-1.654888243e-02
9.770499	-2.841582714e-03
9.775499	-1.904630581e-03
9.780500	-1.464653059e-03
9.785500	-1.312605730e-02
9.790500	-3.063916259e-02
9.795500	-1.992271007e-02
9.800501	-1.024675536e-03
9.805501	2.846126711e-03
9.810501	1.134214170e-03
9.815501	-1.277213601e-04
9.820502	1.470197005e-03
9.825502	-1.522650096e-03
9.830502	-2.066622305e-03
9.835502	-2.967127267e-04
9.840503	4.652483461e-04
9.845503	-1.245664246e-03
9.850503	6.221954247e-03
9.855503	2.910578515e-02
9.860504	2.479300549e-02
9.865504	4.280053455e-03
9.870504	7.550886354e-03
9.875504	2.932477397e-02
9.880505	2.942876865e-02
9.885505	9.537784847e-03
9.890505	2.252912114e-02
9.895506	3.584344094e-02
9.900506	1.412555047e-02
9.905506	1.871531598e-02
9.910506	3.866429683e-02
9.915507	2.031023450e-02
9.920507	3.274759910e-02
9.925507	3.109368360e-02
9.930507	1.534048840e-02
9.935508	3.644641013e-02
9.940508	2.638892395e-02
9.945508	2.612193759e-02
9.950508	3.705937882e-02
9.955509	1.788335849e-02
9.960509	2.938177105e-02
9.965509	3.352155956e-02
9.970509	7.874869802e-03
9.975510	2.495599716e-02
9.980510	3.607342919e-02
9.985510	1.269262367e-02
9.990510	2.569140862e-03
9.995511	2.846126711e-03
10.000511	1.899130188e-02
10.005511	3.048171486e-02
10.010511	1.588546056e-02
10.015512	6.163957209e-03
10.020512	3.850075421e-03
10.025512	1.861177031e-03
10.030512	2.072166252e-03
10.035513	2.727072161e-05
10.040513	1.213765202e-02
10.045513	3.440951420e-02
10.050513	2.225113534e-02
10.055514	2.292155013e-03
10.060514	7.817872714e-03
10.065514	2.617993463e-02
10.070514	2.296809872e-02
10.075515	1.201365836e-02
10.080515	6.554937235e-03
10.085515	7.329897644e-03
10.090515	3.159065821e-02
10.095516	2.634292630e-02
10.100516	6.325948934e-03
10.105516	2.396104799e-02
10.110517	3.252661039e-02
10.115517	2.269211282e-02
10.120517	3.695338423e-02
10.125517	2.384705381e-02
10.130518	6.220954298e-03
10.135518	3.679139251e-02
10.140518	3.103568656e-02
10.145518	2.870280574e-02
10.150519	3.639841259e-02
10.155519	1.966126766e-02
10.160519	3.634141550e-02
10.165519	3.495448635e-02
10.170520	3.590143798e-02
10.175520	3.667639838e-02
10.180520	3.727836763e-02
10.185520	3.612142674e-02
10.190521	3.534746628e-02
10.195521	3.086369534e-02
10.200521	3.186764405e-02
10.205521	3.303458444e-02
10.210522	3.214462990e-02
10.215522	4.026021529e-02
10.220522	3.816732222e-02
10.225522	3.391353953e-02
10.230523	2.887579690e-02
10.235523	3.572944676e-02
10.240523	3.347356201e-02
10.245523	3.872129391e-02
10.250524	2.644792094e-02
10.255524	3.800433054e-02
10.260524	3.695238428e-02
10.265524	3.733536472e-02
10.270525	2.351407082e-02
10.275525	2.279610750e-02
10.280525	3.894128268e-02
10.285525	1.899230183e-02
10.290526	3.556645509e-02
10.295526	2.971675394e-02
10.300526	6.889920121e-03
10.305526	2.951121347e-03
10.310527	7.432341443e-04
10.315527	2.258611823e-02
10.320527	3.419052538e-02
10.325527	1.279661836e-02
10.330528	2.235157925e-03
10.335528	1.958172075e-03
10.340528	3.295103774e-03
10.345529	1.584191181e-03
10.350529	2.904123748e-03
10.355529	3.229107146e-03
10.360529	-1.937179885e-04
10.365530	-1.952628129e-03
10.370530	8.102307216e-04
10.375530	2.235157925e-03
10.380530	-5.277009259e-04
10.385531	3.702531993e-04
10.390531	2.359151590e-03
10.395531	3.042565709e-04
10.400531	5.802424713e-04
10.405532	2.158216952e-02
10.410532	2.986974612e-02
10.415532	1.009175655e-02
10.420532	2.799129112e-03
10.425533	2.130163289e-03
10.430533	1.957172126e-03
10.435533	4.174058870e-03
10.440533	3.702531993e-04
10.445534	8.371844413e-03
10.450534	3.434351757e-02
10.455534	2.274810996e-02
10.460534	4.128061220e-03
10.465535	3.133112050e-03
10.470535	6.659931871e-03
10.475535	3.512747752e-02
10.480535	2.539697463e-02
10.485536	3.344101271e-03
10.490536	1.641188270e-03
10.495536	2.191615246e-02
10.500536	3.682939057e-02
10.505537	1.141168911e-02
10.510537	3.965069547e-03
10.515537	2.169716365e-02
10.520537	3.489748927e-02
10.525538	1.401055634e-02
10.530538	1.158368033e-02
10.535538	3.198263818e-02
10.540538	2.247112411e-02
10.545539	7.157906430e-03
10.550539	2.412403966e-02
10.555539	3.661740140e-02
10.560539	1.241563782e-02
10.565540	1.500650546e-02
10.570540	3.849130566e-02
10.575540	2.131418321e-02
10.580541	3.955070057e-03
10.585541	3.302358500e-02
10.590541	3.164865524e-02
10.595541	7.272900556e-03
10.600542	3.379854541e-02
10.605542	3.163765580e-02
10.610542	1.124869744e-02
10.615542	3.679139251e-02
10.620543	2.938277100e-02
10.625543	1.953627404e-02
10.630543	3.612142674e-02
10.635543	2.307309335e-02
10.640544	3.534646633e-02
10.645544	3.053871195e-02
10.650544	7.329897644e-03
10.655544	3.182064646e-02
10.660545	3.445851169e-02
10.665545	3.628341846e-02
10.670545	3.418952543e-02
10.675545	1.672641759e-02
10.680546	3.650440717e-02
10.685546	2.291110163e-02
10.690546	2.324508457e-02
10.695546	4.202912492e-02
10.700547	1.317959879e-02
10.705547	2.903123800e-03
10.710547	2.811183593e-02
10.715547	3.667639838e-02
10.720548	8.103858103e-03
10.725548	2.244157465e-03
10.730548	2.925777739e-02
10.735548	3.490648881e-02
10.740549	9.212801450e-03
10.745549	3.679084157e-03
10.750549	5.232453832e-04
10.755549	-1.579647184e-03
10.760550	1.298205792e-03
10.765550	3.620087171e-03
10.770550	1.632188729e-03
10.775550	-2.407155875e-04
10.780551	1.919174068e-03
10.785551	-1.244664298e-03
10.790551	-6.906925990e-04
10.795551	3.018117925e-03
10.800552	4.752478353e-04
10.805552	3.612536590e-04
10.810552	2.512143774e-03
10.815553	-1.937179885e-04
10.820553	4.762477842e-04
10.825553	-1.129670172e-03
10.830553	1.297205843e-03
10.835554	-7.152362484e-03
10.840554	-3.059016509e-02
10.845554	-2.180661383e-02
10.850554	-3.558546086e-03
10.855555	-2.784585626e-03
10.860555	-1.688386532e-02
10.865555	-3.500693944e-02
10.870555	-1.450298695e-02
10.875556	3.032566220e-04
10.880556	-5.287008748e-04
10.885556	1.250208244e-03
10.890556	-2.124164269e-02
10.895557	-3.805678363e-02
10.900557	-1.384402062e-02
10.905557	3.621087120e-03
10.910557	-1.815480039e-02
10.915558	-3.550491400e-02
10.920558	-1.152113929e-02
10.925558	1.413199917e-03
10.930558	-2.334553520e-02
10.935559	-3.616488029e-02
10.940559	-1.191211932e-02
10.945559	-4.179514361e-03
10.950559	-2.477946195e-02
10.955560	-3.069615967e-02
10.960560	-8.930271654e-03
10.965560	9.722224457e-04
10.970560	-2.564596865e-03
10.975561	-2.898579802e-03
10.980561	-2.075621845e-03
10.985561	6.862370562e-04
10.990561	-1.328104938e-02
10.995562	-3.163311181e-02
11.000562	-1.406300943e-02
11.005562	-5.756984738e-04
11.010562	-5.499446928e-03
11.015563	1.412199968e-03
11.020563	-4.723486571e-03
11.025563	-2.821028667e-02
11.030564	-2.716933985e-02
11.035564	-7.162361973e-03
11.040564	-5.269458678e-03
11.045564	-6.655387874e-03
11.050565	-2.826828371e-02
11.055565	-2.395750394e-02
11.060565	-1.357209514e-04
11.065565	-1.683641871e-03
11.070566	-3.453551450e-03
11.075566	3.032566220e-04
11.080566	-2.783585677e-03
11.085566	-4.389503633e-03
11.090567	-8.700283404e-03
11.095567	-2.704534619e-02
11.100567	-2.086966169e-02
11.105567	-1.522650096e-03
11.110568	6.382395083e-04
11.115568	1.690185766e-03
11.120568	9.722224457e-04
11.125568	1.135214119e-03
11.130569	9.732223947e-04
11.135569	5.812424202e-04
11.140569	-1.937179885e-04
11.145569	-2.072682628e-05
11.150570	3.527031292e-05
11.155570	-5.766984227e-04
11.160570	2.727072161e-05
11.165570	3.238106686e-03
11.170571	1.297205843e-03
11.175571	-2.400605243e-03
11.180571	5.902419604e-04
11.185571	3.123112561e-03
11.190572	6.382395083e-04
11.195572	-5.277009259e-04
11.200572	1.346203340e-03
11.205572	2.244157465e-03
11.210573	-1.837184993e-04
11.215573	-2.841582714e-03
11.220573	-5.277009259e-04
11.225573	-3.070571015e-03
11.230574	-2.605039702e-02
11.235574	-2.759931789e-02
11.240574	-3.511548487e-03
11.245574	-8.526843231e-04
11.250575	-6.052418678e-03
11.255575	-2.904324412e-02
11.260575	-3.047717086e-02
11.265576	-8.758280441e-03
11.270576	-2.699634869e-02
11.275576	-3.125013137e-02
11.280576	-6.990370760e-03
11.285577	-2.800129735e-02
11.290577	-3.301904100e-02
11.295577	-9.188258474e-03
11.300577	-3.290404688e-02
11.305578	-2.722633694e-02
11.310578	-1.688386532e-02
11.315578	-4.070464836e-02
11.320578	-2.390050685e-02
11.325579	-3.107914011e-02
11.330579	-3.341002103e-02
11.335579	-2.782830619e-02
11.340579	-3.313403513e-02
11.345580	-1.340404310e-02
11.350580	-3.103114256e-02
11.355580	-3.025618215e-02
11.360580	-4.552495306e-03
11.365581	-3.119568512e-03
11.370581	-2.417749270e-02
11.375581	-3.450996483e-02
11.380581	-8.260305881e-03
11.385582	-2.019624706e-03
11.390582	-3.013573927e-03
11.395582	1.088216520e-03
11.400582	2.627077270e-05
11.405583	1.900175038e-03
11.410583	-3.223563199e-03
11.415583	-5.177014368e-04
11.420583	-9.695232573e-03
11.425584	-3.280005219e-02
11.430584	-1.710385408e-02
11.435584	-1.130670121e-03
11.440584	-2.018624757e-03
11.445585	-3.892529023e-03
11.450585	-2.727433449e-02
11.455585	-2.782830619e-02
11.460585	-6.980371271e-03
11.465586	-6.158413263e-03
11.470586	-3.330502639e-02
11.475586	-2.655737112e-02
11.480586	-1.649288529e-02
11.485587	-3.937571625e-02
11.490587	-1.577392202e-02
11.495587	-2.240858307e-02
11.500588	-3.706283441e-02
11.505588	-2.229458890e-02
11.510588	-3.362201020e-02
11.515588	-2.821028667e-02
11.520589	-3.446196729e-02
11.525589	-3.130812841e-02
11.530589	-3.522692821e-02
11.535589	-3.545691646e-02
11.540590	-3.446296723e-02
11.545590	-2.937722706e-02
11.550590	-2.654837158e-02
11.555590	-3.749281245e-02
11.560591	-3.313303518e-02
11.565591	-3.832476994e-02
11.570591	-3.225508003e-02
11.575591	-3.351601561e-02
11.580592	-2.688135457e-02
11.585592	-3.579189934e-02
11.590592	-2.932122992e-02
11.595592	-3.538891993e-02
11.600593	-2.765531503e-02
11.605593	-2.959821577e-02
11.610593	-3.600188861e-02
11.615593	-1.693986246e-02
11.620594	-3.678584856e-02
11.625594	-2.616539114e-02
11.630594	-3.080215426e-02
11.635594	-3.224508054e-02
11.640595	-8.872274617e-03
11.645595	-2.705434573e-02
11.650595	-3.147112008e-02
11.655595	-8.424297503e-03
11.660596	-5.001472369e-03
11.665596	-2.169061975e-02
11.670596	-3.268505807e-02
11.675596	-8.319302867e-03
11.680597	2.073166201e-03
11.685597	-5.881427414e-03
11.690597	-3.396554361e-03
11.695597	-5.115466545e-03
11.700598	-1.025820381e-02
11.705598	-5.824430326e-03
11.710598	-2.295355523e-02
11.715598	-1.992271007e-02
11.720599	1.982619860e-04
11.725599	3.612536590e-04
11.730599	1.957172126e-03
11.735600	5.322449234e-04
11.740600	3.132561111e-04
11.745600	-1.961627669e-03
11.750600	-6.426950511e-04
11.755601	2.082165741e-03
11.760601	1.527194093e-03
11.765601	-2.239613467e-03
11.770601	-3.557097126e-04
11.775602	5.232453832e-04
11.780602	-1.129670172e-03
11.785602	1.193211156e-03
11.790602	5.232453832e-04
11.795603	-1.015675996e-03
11.800603	-1.847184482e-04
11.805603	-2.507150766e-04
11.810603	1.576191590e-03
11.815604	1.469197056e-03
11.820604	-1.904630581e-03
11.825604	-2.075621845e-03
11.830604	-1.025675485e-03
11.835605	5.902419604e-04
11.840605	3.712531482e-04
11.845605	-5.277009259e-04
11.850605	1.737183365e-03
11.855606	2.579140351e-03
11.860606	-3.557097126e-04
11.865606	-4.147066986e-04
11.870606	2.798129164e-03
11.875607	3.450095856e-03
11.880607	2.961120837e-03
11.885607	2.415148729e-03
11.890607	3.042565709e-04
11.895608	1.135214119e-03
11.900608	6.952365965e-04
11.905608	-2.507150766e-04
11.910608	2.627077270e-05
11.915609	-1.015675996e-03
11.920609	-5.187013857e-04
11.925609	6.382395083e-04
11.930609	3.229107146e-03
11.935610	2.073166201e-03
11.940610	5.902419604e-04
11.945610	1.135214119e-03
11.950611	1.852177490e-03
11.955611	5.232453832e-04
11.960611	-5.756984738e-04
11.965611	5.902419604e-04
11.970612	-2.133618882e-03
11.975612	-3.077121647e-04
11.980612	-1.488596739e-02
11.985612	-2.931123043e-02
11.990613	-1.241009388e-02
11.995613	-4.127068007e-04
12.000613	3.627026184e-05
12.005613	-2.735588129e-03
12.010614	-7.926322944e-03
12.015614	-2.854626951e-02
12.020614	-2.655737112e-02
12.025614	-3.060571526e-03
12.030615	-1.108116177e-02
12.035615	-3.180610297e-02
12.040615	-2.224659135e-02
12.045615	-5.163464093e-03
12.050616	-2.356452402e-02
12.055616	-3.257906348e-02
12.060616	-9.590237937e-03
12.065616	-1.483896979e-02
12.070617	-3.711083196e-02
12.075617	-2.041968468e-02
12.080617	-5.058469457e-03
12.085617	-2.616539114e-02
12.090618	-3.141312305e-02
12.095618	-5.384452803e-03
12.100618	-2.135763676e-02
12.105618	-3.672785153e-02
12.110619	-1.046919303e-02
12.115619	-4.127068007e-04
12.120619	-2.202660259e-02
12.125619	-3.622187738e-02
12.130620	-1.168313102e-02
12.135620	-2.353607644e-03
12.140620	-2.898524708e-02
12.145620	-3.296204391e-02
12.150621	-6.110415715e-03
12.155621	-1.749583405e-02
12.160621	-3.534192233e-02
12.165621	-1.052619012e-02
12.170622	-1.130115053e-02
12.175622	-3.699583784e-02
12.180622	-2.318354348e-02
12.185623	-5.545444579e-03
12.190623	-2.826828371e-02
12.195623	-3.197709423e-02
12.200623	-6.205410862e-03
12.205624	-2.224759130e-02
12.210624	-3.728382312e-02
12.215624	-7.314354208e-03
12.220624	-7.820328359e-03
12.225625	-3.583889694e-02
12.230625	-2.638537990e-02
12.235625	-9.106813601e-04
12.240625	-1.301206312e-02
12.245626	-3.838276698e-02
12.250626	-1.975071886e-02
12.255626	-2.407155875e-04
12.260626	-5.833429866e-03
12.265627	-2.965421291e-02
12.270627	-2.810629199e-02
12.275627	-1.903630632e-03
12.280627	-2.009625217e-03
12.285628	-4.170514821e-03
12.290628	-3.061571475e-03
12.295628	-1.213310803e-02
12.300628	-3.258806302e-02
12.305629	-1.660587952e-02
12.310629	4.070064183e-03
12.315629	1.422199457e-03
12.320629	-3.119568512e-03
12.325630	-4.180514310e-03
12.330630	-9.096814112e-04
12.335630	-1.176667771e-03
12.340630	-1.024675536e-03
12.345631	-1.082672573e-03
12.350631	-2.318354348e-02
12.355631	-2.848927242e-02
12.360631	-4.494498269e-03
12.365632	6.382395083e-04
12.370632	-4.007523148e-03
12.375632	-1.846633544e-03
12.380632	-1.072673084e-03
12.385633	-2.771331206e-02
12.390633	-3.081215375e-02
12.395633	-5.661438653e-03
12.400633	-4.389503633e-03
12.405634	-2.459602229e-03
12.410634	-2.389950690e-02
12.415634	-3.329602685e-02
12.420635	-7.267356609e-03
12.425635	1.355202880e-03
12.430635	-5.002472318e-03
12.435635	-3.395599314e-02
12.440636	-2.677635993e-02
12.445636	1.982619860e-04
12.450636	-4.597043997e-04
12.455636	-3.567545626e-03
12.460637	-2.182616379e-03
12.465637	-1.570647644e-03
12.470637	-2.373751518e-02
12.475637	-3.108713970e-02
12.480638	-4.944475281e-03
12.485638	2.015169163e-03
12.490638	-2.678591041e-03
12.495638	-2.841582714e-03
12.500639	-5.746985249e-04
12.505639	-7.430348282e-03
12.510639	-3.025818205e-02
12.515639	-2.169161970e-02
12.520640	-7.476896871e-04
12.525640	-2.898579802e-03
12.530640	-3.232562739e-03
12.535640	-2.124619342e-03
12.540641	-1.015675996e-03
12.545641	-2.296255477e-02
12.550641	-3.152711722e-02
12.555641	-5.823430377e-03
12.560642	1.972620371e-04
12.565642	1.909174579e-03
12.570642	1.690185766e-03
12.575642	-2.353607644e-03
12.580643	-1.301661386e-03
12.585643	9.152253576e-04
12.590643	2.244157465e-03
12.595643	1.527194093e-03
12.600644	-1.905630530e-03
12.605644	2.462595339e-04
12.610644	2.187160377e-03
12.615644	-5.756984738e-04
12.620645	-6.896926500e-04
12.625645	6.382395083e-04
12.630645	2.071166303e-03
12.635645	1.528194042e-03
12.640646	1.470197005e-03
12.645646	-1.245664246e-03
12.650646	-1.349658934e-03
12.655647	2.301154553e-03
12.660647	-6.906925990e-04
12.665647	-1.961627669e-03
12.670647	3.123112561e-03
12.675648	3.067115421e-03
12.680648	-1.731639419e-03
12.685648	-1.847184482e-04
12.690648	2.740132126e-03
12.695649	8.482287804e-04
12.700649	-1.463653110e-03
12.705649	1.690185766e-03
12.710649	1.460197516e-03
12.715650	1.545548252e-02
12.720650	2.938277100e-02
12.725650	9.813770747e-03
12.730650	2.797129215e-03
12.735651	3.507092944e-03
12.740651	-6.896926500e-04
12.745651	9.732223947e-04
12.750651	-1.292661845e-03
12.755652	-2.600339942e-02
12.760652	-2.556342190e-02
12.765652	2.552590741e-04
12.770652	2.350152050e-03
12.775653	-7.476896871e-04
12.780653	-1.513650556e-03
12.785653	-9.576789591e-04
12.790653	-6.326955619e-04
12.795654	-1.213310803e-02
12.800654	-3.285604933e-02
12.805654	-1.572692443e-02
12.810654	-2.622593902e-03
12.815655	-7.946872861e-04
12.820655	-1.765782578e-02
12.825655	-3.671885199e-02
12.830655	-1.241009388e-02
12.835656	-2.517150255e-04
12.840656	-1.267708024e-02
12.845656	-3.379300146e-02
12.850656	-2.036168764e-02
12.855657	-1.684641820e-03
12.860657	-1.423700054e-02
12.865657	-3.434797311e-02
12.870658	-2.080166517e-02
12.875658	-5.746985249e-04
12.880658	-5.995421590e-03
12.885658	-3.307703804e-02
12.890659	-2.881425582e-02
12.895659	-4.228511858e-03
12.900659	-2.401605192e-03
12.905659	-1.942473551e-02
12.910660	-3.446296723e-02
12.915660	-9.199257912e-03
12.920660	-1.904630581e-03
12.925660	-4.609492395e-03
12.930661	-2.755032039e-02
12.935661	-2.987320172e-02
12.940661	-3.396554361e-03
12.945661	-2.669591501e-03
12.950662	-3.558546086e-03
12.955662	-2.285856008e-02
12.960662	-3.269305766e-02
12.965662	-9.197258014e-03
12.970663	-5.766984227e-04
12.975663	1.402649489e-04
12.980663	-2.107865102e-02
12.985663	-3.550391405e-02
12.990664	-1.047019298e-02
12.995664	-1.245664246e-03
13.000664	-3.453551450e-03
13.005664	-1.740638959e-03
13.010665	-2.500845025e-02
13.015665	-3.362301015e-02
13.020665	-5.718435741e-03
13.025665	8.592282184e-04
13.030666	-1.234664808e-03
13.035666	1.019220045e-03
13.040666	-3.626542612e-03
13.045666	-2.955576890e-03
13.050667	-9.589237988e-03
13.055667	-3.063916259e-02
13.060667	-2.030569050e-02
13.065667	2.188160326e-03
13.070668	2.847126660e-03
13.075668	-2.678591041e-03
13.080668	-3.893528972e-03
13.085668	-1.130670121e-03
13.090669	-2.448602791e-03
13.095669	-6.906925990e-04
13.100669	-6.550393238e-03
13.105670	-2.987520162e-02
13.110670	-2.345952938e-02
13.115670	2.026168602e-03
13.120670	1.019220045e-03
13.125671	1.296205894e-03
13.130671	-1.396656533e-03
13.135671	-5.545444579e-03
13.140671	-2.622593902e-03
13.145672	7.432341443e-04
13.150672	1.021219943e-03
13.155672	-3.118568563e-03
13.160672	-2.495145316e-02
13.165673	-2.727433449e-02
13.170673	-1.847633493e-03
13.175673	3.042565709e-04
13.180673	-2.353607644e-03
13.185674	-6.816930587e-04
13.190674	-2.172677520e-05
13.195674	-2.157662557e-02
13.200674	-3.423297898e-02
13.205675	-9.867223787e-03
13.210675	-6.896926500e-04
13.215675	-2.113664805e-02
13.220675	-3.346801807e-02
13.225676	-1.191411921e-02
13.230676	-5.824430326e-03
13.235676	-3.256906399e-02
13.240676	-2.793330082e-02
13.245677	-1.207611094e-02
13.250677	-3.694784029e-02
13.255677	-2.562041898e-02
13.260677	-1.865177500e-02
13.265678	-3.534192233e-02
13.270678	-1.632889367e-02
13.275678	-2.920423589e-02
13.280678	-3.390899554e-02
13.285679	-1.213310803e-02
13.290679	-3.257006394e-02
13.295679	-2.676836034e-02
13.300679	-2.136663630e-02
13.305680	-3.678484861e-02
13.310680	-1.146414220e-02
13.315680	-2.169161970e-02
13.320680	-3.925972218e-02
13.325681	-1.787681459e-02
13.330681	-3.170010838e-02
13.335681	-2.936822752e-02
13.340682	-9.639235434e-03
13.345682	-3.738781781e-02
13.350682	-2.511344489e-02
13.355682	-1.267808019e-02
13.360683	-3.827577245e-02
13.365683	-1.997970716e-02
13.370683	-2.661536815e-02
13.375683	-3.750281193e-02
13.380684	-1.438799283e-02
13.385684	-3.594489153e-02
13.390684	-2.484645852e-02
13.395684	-1.583091911e-02
13.400685	-4.114562583e-02
13.405685	-1.881576662e-02
13.410685	-3.009319048e-02
13.415685	-3.059016509e-02
13.420686	-1.660587952e-02
13.425686	-4.137461413e-02
13.430686	-2.173961725e-02
13.435686	-2.992119927e-02
13.440687	-3.097414547e-02
13.445687	-1.787881449e-02
13.450687	-3.782779533e-02
13.455687	-2.036168764e-02
13.460688	-2.323954062e-02
13.465688	-3.462595891e-02
13.470688	-1.257208560e-02
13.475688	-2.312554644e-02
13.480689	-3.522892810e-02
13.485689	-1.201811390e-02
13.490689	-2.031469004e-02
13.495689	-3.633587155e-02
13.500690	-1.235209684e-02
13.505690	-1.605190782e-02
13.510690	-3.578189985e-02
13.515690	-1.533494445e-02
13.520691	-5.335455306e-03
13.525691	-6.493396149e-03
13.530691	-2.438748197e-02
13.535691	-2.915623835e-02
13.540692	-4.944475281e-03
13.545692	-4.113517733e-03
13.550692	-2.899579751e-03
13.555693	2.292155013e-03
13.560693	4.672482440e-04
13.565693	-3.395554412e-03
13.570693	-1.130670121e-03
13.575694	8.102307216e-04
13.580694	1.298205792e-03
13.585694	1.298205792e-03
13.590694	3.527031293e-05
13.595695	1.192211207e-03
13.600695	-1.349658934e-03
13.605695	2.292155013e-03
13.610695	1.136214068e-03
13.615696	-2.987126245e-04
13.620696	2.292155013e-03
13.625696	1.595145718e-02
13.630696	3.518247471e-02
13.635697	1.876331353e-02
13.640697	1.690185766e-03
13.645697	1.302560666e-02
13.650697	3.384754291e-02
13.655698	2.058822030e-02
13.660698	1.225264615e-02
13.665698	3.783333928e-02
13.670698	2.330208165e-02
13.675699	1.008175706e-02
13.680699	3.898828027e-02
13.685699	2.474700784e-02
13.690699	1.351558163e-02
13.695700	4.324306291e-02
13.700700	1.899130188e-02
13.705700	2.004324814e-02
13.710700	4.070919236e-02
13.715701	1.466952268e-02
13.720701	2.357006796e-02
13.725701	3.596043496e-02
13.730701	9.930764770e-03
13.735702	2.562396303e-02
13.740702	4.097817861e-02
13.745702	8.037861475e-03
13.750702	5.502990977e-03
13.755703	3.645640962e-02
13.760703	3.153266117e-02
13.765703	2.684134987e-03
13.770703	-3.557097126e-04
13.775704	2.119918909e-02
13.780704	3.806232758e-02
13.785704	1.671641810e-02
13.790705	1.517194604e-03
13.795705	2.024168704e-03
13.800705	1.982619860e-04
13.805705	1.295961003e-02
13.810706	3.854930270e-02
13.815706	2.384905371e-02
13.820706	-2.967127267e-04
13.825706	3.132561111e-04
13.830707	-2.997125734e-04
13.835707	6.382395083e-04
13.840707	3.678084208e-03
13.845707	3.505093046e-03
13.850708	2.168716416e-02
13.855708	3.994523139e-02
13.860708	1.285461540e-02
13.865708	-1.407655971e-03
13.870709	2.727072161e-05
13.875709	-1.186667261e-03
13.880709	4.762477842e-04
13.885709	2.961120837e-03
13.890710	1.192211207e-03
13.895710	6.382395083e-04
13.900710	2.740132126e-03
13.905710	1.355202880e-03
13.910711	-1.903630632e-03
13.915711	-3.903528461e-03
13.920711	2.568140913e-03
13.925711	8.104858052e-03
13.930712	3.794078282e-03
13.935712	-1.351658831e-03
13.940712	1.078217031e-03
13.945712	3.052565198e-04
13.950713	-1.015675996e-03
13.955713	-5.187013857e-04
13.960713	-1.245664246e-03
13.965713	-1.244664298e-03
13.970714	2.130163289e-03
13.975714	-5.187013857e-04
13.980714	-2.892924994e-02
13.985714	-3.152811717e-02
13.990715	-4.446500722e-03
13.995715	1.135214119e-03
14.000715	-2.274356596e-02
14.005715	-3.706183446e-02
14.010716	-7.764331220e-03
14.015716	6.382395083e-04
14.020716	-2.826828371e-02
14.025717	-3.406198772e-02
14.030717	-3.997523659e-03
14.035717	-9.150260415e-03
14.040717	-3.910872989e-02
14.045718	-2.379551222e-02
14.050718	3.353100811e-03
14.055718	-1.891876136e-02
14.060718	-4.159360294e-02
14.065719	-1.804080621e-02
14.070719	4.192506961e-04
14.075719	-2.190615971e-03
14.080719	-3.025618215e-02
14.085720	-3.240707227e-02
14.090720	-4.391503531e-03
14.095720	1.078217031e-03
14.100720	6.382395083e-04
14.105721	1.982619860e-04
14.110721	1.422648468e-04
14.115721	-2.956576839e-03
14.120721	-1.015675996e-03
14.125722	2.302154502e-03
14.130722	-1.175112754e-02
14.135722	-3.258106338e-02
14.140722	-1.698786001e-02
14.145723	3.067115421e-03
14.150723	-6.906925990e-04
14.155723	-2.067622254e-03
14.160723	4.762477842e-04
14.165724	1.853177439e-03
14.170724	-2.574596354e-03
14.175724	-1.847633493e-03
14.180724	-5.746985249e-04
14.185725	1.193211156e-03
14.190725	3.295103774e-03
14.195725	-2.296610556e-03
14.200725	-7.476896871e-04
14.205726	2.962120785e-03
14.210726	1.632188729e-03
14.215726	-1.465653008e-03
14.220726	-6.806931098e-04
14.225727	1.250208244e-03
14.230727	-4.446500722e-03
14.235727	-2.749332330e-02
14.240727	-2.407349801e-02
14.245728	-4.285508946e-03
14.250728	-4.990472931e-03
14.255728	-1.177667720e-03
14.260729	1.344203442e-03
14.265729	-2.285856008e-02
14.270729	-3.439497071e-02
14.275729	-9.474243863e-03
14.280730	-1.072673084e-03
14.285730	1.134214170e-03
14.290730	-2.417749270e-02
14.295730	-3.335402389e-02
14.300731	-9.092263378e-03
14.305731	-2.563596916e-03
14.310731	-4.170514821e-03
14.315731	-2.594540238e-02
14.320732	-2.937722706e-02
14.325732	-4.285508946e-03
14.330732	-9.576789591e-04
14.335732	-1.511650658e-03
14.340733	1.402649489e-04
14.345733	-1.245664246e-03
14.350733	-5.277009259e-04
14.355733	-2.563596916e-03
14.360734	-2.401605192e-03
14.365734	-1.157813638e-02
14.370734	-2.799129786e-02
14.375734	-1.483796984e-02
14.380735	-2.181616430e-03
14.385735	-1.569647695e-03
14.390735	2.301154553e-03
14.395735	-1.292661845e-03
14.400736	-1.348658985e-03
14.405736	-8.772340355e-05
14.410736	5.232453832e-04
14.415736	3.122561622e-04
14.420737	3.238106686e-03
14.425737	-1.520650198e-03
14.430737	-1.522650096e-03
14.435737	-1.351003768e-02
14.440738	-3.556191109e-02
14.445738	-1.356603482e-02
14.450738	4.176058768e-03
14.455738	-2.899579751e-03
14.460739	-3.836531884e-03
14.465739	-2.407155875e-04
14.470739	1.413199917e-03
14.475740	2.627077270e-05
14.480740	-1.024675536e-03
14.485740	-1.937179885e-04
14.490740	-9.035266290e-03
14.495741	-3.053316800e-02
14.500741	-1.836578961e-02
14.505741	1.413199917e-03
14.510741	-8.872335246e-05
14.515742	-1.847633493e-03
14.520742	1.982619860e-04
14.525742	1.355202880e-03
14.530742	-1.347210025e-04
14.535743	-2.459602229e-03
14.540743	-2.124619342e-03
14.545743	-2.009625217e-03
14.550743	-9.676784483e-04
14.555744	3.229107146e-03
14.560744	1.363202471e-03
14.565744	-2.612594412e-03
14.570744	5.242453321e-04
14.575745	2.846126711e-03
14.580745	-1.937179885e-04
14.585745	-1.071673135e-03
14.590745	-7.946872861e-04
14.595746	-1.187667209e-03
14.600746	-7.956872350e-04
14.605746	-6.445398602e-03
14.610746	-2.871826072e-02
14.615747	-1.842178675e-02
14.620747	2.082165741e-03
14.625747	-1.245664246e-03
14.630747	8.582282695e-04
14.635748	1.088216520e-03
14.640748	-3.950526060e-03
14.645748	-3.950526060e-03
14.650748	2.799129112e-03
14.655749	-8.319302867e-03
14.660749	-3.108813965e-02
14.665749	-1.914874961e-02
14.670749	-1.073673033e-03
14.675750	-4.006523199e-03
14.680750	-3.070571015e-03
14.685750	-1.952628129e-03
14.690750	-2.395650399e-02
14.695751	-3.136512550e-02
14.700751	-5.001472369e-03
14.705751	-7.972381223e-05
14.710752	-4.772484068e-03
14.715752	-1.798635996e-03
14.720752	1.182211718e-03
14.725752	-1.543993909e-02
14.730753	-3.301004146e-02
14.735753	-1.450398690e-02
14.740753	2.472594828e-04
14.745753	4.672482440e-04
14.750754	1.077217082e-03
14.755754	-2.678591041e-03
14.760754	-4.053520798e-03
14.765754	-4.055520696e-03
14.770755	2.186160428e-03
14.775755	4.613036443e-03
14.780755	5.802424713e-04
14.785755	-7.946872861e-04
14.790756	-1.024675536e-03
14.795756	-2.517150255e-04
14.800756	2.578140402e-03
14.805756	1.194211105e-03
14.810757	-3.072631543e-05
14.815757	9.722224457e-04
14.820757	5.342448212e-04
14.825757	1.355202880e-03
14.830758	1.354202931e-03
14.835758	3.042565709e-04
14.840758	-2.507150766e-04
14.845758	-4.707038378e-04
14.850759	1.422648468e-04
14.855759	1.134214170e-03
14.860759	1.134214170e-03
14.865759	9.262247957e-04
14.870760	8.112306705e-04
14.875760	-2.517150255e-04
14.880760	1.851177542e-03
14.885760	1.853177439e-03
14.890761	-6.896926500e-04
14.895761	4.728030568e-03
14.900761	3.295103774e-03
14.905761	-1.972687737e-05
14.910762	1.413199917e-03
14.915762	-4.137067497e-04
14.920762	-1.962627618e-03
14.925762	-5.187013857e-04
14.930763	6.952365965e-04
14.935763	-3.077121647e-04
14.940763	-4.609492395e-03
14.945764	-2.876625827e-02
14.950764	-2.617539063e-02
14.955764	-8.516843742e-04
14.960764	-2.180616481e-03
14.965765	-7.966871839e-04
14.970765	-1.561193030e-02
14.975765	-3.473995308e-02
14.980765	-1.505795860e-02
14.985766	-2.065622356e-03
14.990766	-3.338557324e-03
14.995766	-3.234562637e-03
15.000766	-2.218959426e-02
15.005767	-3.041917383e-02
15.010767	-8.758280441e-03
15.015767	1.738183314e-03
15.020767	-4.723486571e-03
15.025768	-3.663540722e-03
15.030768	-1.178912560e-02
15.035768	-2.804829495e-02
15.040768	-1.771482287e-02
15.045769	-8.056867241e-04
15.050769	-3.280560287e-03
15.055769	-3.002574489e-03
15.060769	-2.238613518e-03
15.065770	-2.284956054e-02
15.070770	-3.065016202e-02
15.075770	-8.537291730e-03
15.080770	1.528194042e-03
15.085771	3.612536590e-04
15.090771	-1.741638908e-03
15.095771	-3.397554310e-03
15.100771	-1.961627669e-03
15.105772	-7.151362535e-03
15.110772	-2.677735988e-02
15.115772	-2.412949515e-02
15.120772	-1.790636405e-03
15.125773	-4.607043486e-04
15.130773	-2.725588640e-03
15.135773	-1.301661386e-03
15.140773	-1.407655971e-03
15.145774	-7.476896871e-04
15.150774	-2.053567875e-02
15.155774	-3.395599314e-02
15.160774	-9.418246724e-03
15.165775	4.451044719e-03
15.170775	1.853177439e-03
15.175775	-1.464653059e-03
15.180776	-3.510548538e-03
15.185776	-2.725588640e-03
15.190776	-1.846633544e-03
15.195776	4.082512580e-04
15.200777	1.517194604e-03
15.205777	-1.121670581e-03
15.210777	-1.015675996e-03
15.215777	4.092512069e-04
15.220778	-1.292661845e-03
15.225778	3.712531482e-04
15.230778	-8.056867241e-04
15.235778	-2.851582203e-03
15.240779	2.417148627e-03
15.245779	2.301154553e-03
15.250779	-2.019624706e-03
15.255779	-5.746985249e-04
15.260780	1.135214119e-03
15.265780	2.072166252e-03
15.270780	3.181109598e-03
15.275780	4.117061782e-03
15.280781	3.008118436e-03
15.285781	9.152253576e-04
15.290781	-1.827185504e-04
15.295781	-9.676784483e-04
15.300782	-6.336955108e-04
15.305782	4.626035779e-03
15.310782	2.465146175e-03
15.315782	8.002312325e-04
15.320783	1.688185868e-03
15.325783	-1.073673033e-03
15.330783	1.900175038e-03
15.335783	5.232453832e-04
15.340784	-2.840582765e-03
15.345784	-1.781981750e-02
15.350784	-2.650037403e-02
15.355784	-8.815277529e-03
15.360785	-1.927180396e-04
15.365785	-5.767433238e-03
15.370785	-3.395554412e-03
15.375785	-6.491396252e-03
15.380786	-3.213008642e-02
15.385786	-2.224759130e-02
15.390786	-2.793585166e-03
15.395787	-4.886478244e-03
15.400787	-6.876376584e-03
15.405787	-2.970221045e-02
15.410787	-2.196860555e-02
15.415788	-4.447500670e-03
15.420788	-4.772484068e-03
15.425788	-3.730537299e-03
15.430788	-2.949122123e-02
15.435789	-2.798929796e-02
15.440789	-3.338557324e-03
15.445789	-2.517599266e-03
15.450789	-1.015675996e-03
15.455790	-2.024769347e-02
15.460790	-3.346801807e-02
15.465790	-1.036419840e-02
15.470790	-4.607043486e-04
15.475791	-2.726588589e-03
15.480791	-6.326955619e-04
15.485791	-3.077121647e-04
15.490791	-2.956576839e-03
15.495792	-3.501548997e-03
15.500792	-1.937179885e-04
15.505792	1.738183314e-03
15.510792	-7.376901979e-04
15.515793	-7.486896360e-04
15.520793	-1.457204406e-04
15.525793	-1.406656022e-03
15.530793	-7.386901468e-04
15.535794	-1.512650607e-03
15.540794	1.992619349e-04
15.545794	1.794180453e-03
15.550794	3.032566220e-04
15.555795	-1.674642331e-03
15.560795	2.521143314e-03
15.565795	5.723979687e-03
15.570795	2.741132075e-03
15.575796	3.343101322e-03
15.580796	3.678084208e-03
15.585796	-1.015675996e-03
15.590796	-1.937179885e-04
15.595797	1.183211667e-03
15.600797	5.007016315e-03
15.605797	3.296103723e-03
15.610797	3.784078793e-03
15.615798	3.075870071e-02
15.620798	2.783285019e-02
15.625798	1.192211207e-03
15.630799	-1.937179885e-04
15.635799	9.152253576e-04
15.640799	4.013067095e-03
15.645799	3.784078793e-03
15.650800	1.357257872e-02
15.655800	3.380754495e-02
15.660800	1.975526285e-02
15.665800	9.632229055e-04
15.670801	4.192506961e-04
15.675801	2.904123748e-03
15.680801	3.515092535e-03
15.685801	2.678190388e-02
15.690802	3.749735644e-02
15.695802	7.826872254e-03
15.700802	-2.286611066e-03
15.705802	6.382395083e-04
15.710803	2.578895460e-02
15.715803	3.898928022e-02
15.720803	1.085671746e-02
15.725803	1.469197056e-03
15.730804	1.297205843e-03
15.735804	8.152855600e-03
15.740804	3.391353953e-02
15.745804	2.567296053e-02
15.750805	1.852177490e-03
15.755805	-5.187013857e-04
15.760805	1.451853039e-02
15.765805	3.645640962e-02
15.770806	2.147617494e-02
15.775806	3.344101271e-03
15.780806	2.998474025e-02
15.785806	3.661740140e-02
15.790807	4.996016877e-03
15.795807	1.506350255e-02
15.800807	4.015622061e-02
15.805807	1.826433902e-02
15.810808	8.935815600e-03
15.815808	3.806232758e-02
15.820808	2.573095757e-02
15.825808	5.828974323e-03
15.830809	3.467850045e-02
15.835809	3.120767777e-02
15.840809	2.023168755e-03
15.845809	2.484300293e-02
15.850810	4.220211609e-02
15.855810	6.831923084e-03
15.860810	8.819821526e-03
15.865811	4.170414153e-02
15.870811	2.279610750e-02
15.875811	4.336050594e-03
15.880811	3.253760983e-02
15.885812	3.353255900e-02
15.890812	2.569140862e-03
15.895812	1.665942102e-02
15.900812	4.275608778e-02
15.905813	1.749937810e-02
15.910813	3.065115524e-03
15.915813	3.208863277e-02
15.920813	3.440951420e-02
15.925814	3.782078895e-03
15.930814	1.357257872e-02
15.935814	4.098717815e-02
15.940814	2.042522863e-02
15.945815	-3.012573978e-03
15.950815	1.738538393e-02
15.955815	4.114916988e-02
15.960815	1.738638388e-02
15.965816	2.856126201e-03
15.970816	3.378854592e-02
15.975816	3.501148344e-02
15.980816	4.128061220e-03
15.985817	1.367757335e-02
15.990817	4.137015859e-02
15.995817	1.849532722e-02
16.000817	1.573191743e-03
16.005818	3.629341795e-02
16.010818	3.313957907e-02
16.015818	3.725081807e-03
16.020818	3.296758786e-02
16.025819	3.628441841e-02
16.030819	3.468094936e-03
16.035819	2.971675394e-02
16.040819	3.749735644e-02
16.045820	8.819821526e-03
16.050820	3.463050291e-02
16.055820	3.136166990e-02
16.060820	1.992825402e-02
16.065821	4.220111614e-02
16.070821	1.699440390e-02
16.075821	1.976626229e-02
16.080821	4.087218403e-02
16.085822	1.213865197e-02
16.090822	1.567347139e-02
16.095822	4.335705708e-02
16.100823	1.583746301e-02
16.105823	8.572283206e-04
16.110823	3.572944676e-02
16.115823	3.441051414e-02
16.120824	8.102307216e-04
16.125824	1.053173407e-02
16.130824	3.828231634e-02
16.135824	2.396304789e-02
16.140825	1.402200479e-03
16.145825	2.495599716e-02
16.150825	3.844530801e-02
16.155825	9.202801960e-03
16.160826	1.324559542e-02
16.165826	4.413301744e-02
16.170826	1.892530526e-02
16.175826	1.235664084e-02
16.180827	4.496397499e-02
16.185827	1.849532722e-02
16.190827	2.081165792e-03
16.195827	3.683839011e-02
16.200828	2.899079103e-02
16.205828	2.452595850e-04
16.210828	2.219413826e-02
16.215828	3.927626556e-02
16.220829	1.467052262e-02
16.225829	7.654881041e-03
16.230829	3.153366112e-02
16.235829	3.004173734e-02
16.240830	8.877818563e-03
16.245830	9.152253576e-04
16.250830	7.768875217e-03
16.255830	3.347356201e-02
16.260831	2.561696339e-02
16.265831	4.338050492e-03
16.270831	4.012067146e-03
16.275831	1.141168911e-02
16.280832	3.031972314e-02
16.285832	2.358006745e-02
16.290832	6.381946073e-03
16.295832	2.349152101e-03
16.300833	8.592282184e-04
16.305833	2.462595339e-04
16.310833	6.219954349e-03
16.315834	2.794784431e-02
16.320834	2.805283895e-02
16.325834	9.260798997e-03
16.330834	4.013067095e-03
16.335835	3.229107146e-03
16.340835	-6.326955619e-04
16.345835	1.412648979e-04
16.350835	4.453044617e-03
16.355836	1.688840932e-02
16.360836	3.213463042e-02
16.365836	1.434653918e-02
16.370836	4.176058768e-03
16.375837	4.012067146e-03
16.380837	7.522336846e-04
16.385837	1.909174579e-03
16.390837	5.242453321e-04
16.395838	-1.903630632e-03
16.400838	1.982619860e-04
16.405838	2.014169215e-03
16.410838	2.463146277e-03
16.415839	8.102307216e-04
16.420839	-2.238613518e-03
16.425839	2.569140862e-03
16.430839	1.584191181e-03
16.435840	3.018117925e-03
16.440840	1.240208755e-03
16.445840	-4.112517784e-03
16.450840	3.042565709e-04
16.455841	1.021219943e-03
16.460841	-9.106813601e-04
16.465841	-5.197013346e-04
16.470841	7.522336846e-04
16.475842	3.124112510e-03
16.480842	1.911174476e-03
16.485842	-1.128670223e-03
16.490842	-2.987126245e-04
16.495843	4.613036443e-03
16.500843	2.521143314e-03
16.505843	-2.955576890e-03
16.510843	-2.191615920e-03
16.515844	1.030219483e-03
16.520844	-8.692283812e-03
16.525844	-2.915623835e-02
16.530844	-1.821179748e-02
16.535845	-1.905630530e-03
16.540845	-3.729537350e-03
16.545845	1.078217031e-03
16.550846	1.355202880e-03
16.555846	-2.783585677e-03
16.560846	-1.638689071e-02
16.565846	-2.914723881e-02
16.570847	-1.489496693e-02
16.575847	-1.465653008e-03
16.580847	-4.037072605e-04
16.585847	-1.130670121e-03
16.590848	-2.103265337e-02
16.595848	-3.512093362e-02
16.600848	-1.356703477e-02
16.605848	4.059064745e-03
16.610849	-5.382452905e-03
16.615849	-3.534192233e-02
16.620849	-2.926223293e-02
16.625849	-4.027073116e-04
16.630850	4.172507982e-04
16.635850	-2.456947268e-02
16.640850	-3.600188861e-02
16.645850	-6.770381999e-03
16.650851	-9.264254591e-03
16.655851	-3.926172208e-02
16.660851	-2.284756064e-02
16.665851	3.019117874e-03
16.670852	-2.511444483e-02
16.675852	-3.744581485e-02
16.680852	-5.661438653e-03
16.685852	-8.595288768e-03
16.690853	-4.269354675e-02
16.695853	-2.478946144e-02
16.700853	4.338050492e-03
16.705853	-2.024769347e-02
16.710854	-4.114462588e-02
16.715854	-1.091817010e-02
16.720854	1.527194093e-03
16.725854	-1.235664757e-03
16.730855	-1.119615589e-02
16.735855	-3.821977531e-02
16.740855	-2.262857183e-02
16.745855	-1.511650658e-03
16.750856	2.904123748e-03
16.755856	4.652483461e-04
16.760856	3.032566220e-04
16.765856	1.805179891e-03
16.770857	-1.013676098e-03
16.775857	-1.367209004e-04
16.780857	-5.197013346e-04
16.785858	1.853177439e-03
16.790858	3.042565709e-04
16.795858	-1.685641769e-03
16.800858	1.517194604e-03
16.805859	3.345101220e-03
16.810859	-6.906925990e-04
16.815859	-1.618645192e-03
16.820859	-1.616049216e-03
16.825860	1.599414287e-02
16.830860	4.078473741e-02
16.835860	1.874022213e-02
16.840860	-2.342833729e-03
16.845861	-7.677492581e-04
16.850861	8.183405773e-04
16.855861	3.915907270e-03
16.860861	9.933707729e-04
16.865862	2.177286849e-03
16.870862	2.698325470e-02
16.875862	2.902813550e-02
16.880862	5.200160444e-03
16.885863	2.511084185e-03
16.890863	7.194459941e-04
16.895863	-1.080957879e-03
16.900863	-3.065057481e-04
16.905864	1.599836620e-03
16.910864	1.685629477e-03
16.915864	-1.422035898e-05
16.920864	3.471974748e-03
16.925865	1.914689445e-02
16.930865	1.793142210e-02
16.935865	2.893975337e-03
16.940865	-3.458462739e-04
16.945866	-1.174862733e-04
16.950866	7.391746594e-04
16.955866	8.096198579e-05
16.960866	-2.196447654e-04
16.965867	5.832538727e-04
16.970867	9.200496190e-04
16.975867	2.419416070e-05
16.980867	1.139117740e-03
16.985868	5.523906261e-03
16.990868	6.578049076e-03
16.995868	2.188083768e-03
17.000868	-4.711488095e-05
17.005869	7.239855359e-05
17.010869	1.752354101e-04
17.015869	-7.517460016e-06
17.020870	6.236466008e-05
17.025870	1.857981114e-03
17.030870	1.742540595e-03
17.035870	2.590157536e-04
17.040871	-1.062931572e-04
17.045871	2.106434177e-04
17.050871	3.581801833e-04
17.055871	8.727504263e-05
17.060872	1.712980689e-06
17.065872	0.000000000e+00
