exp_T9_run24
3455	0
0.000000	-0.000000000e+00
0.005000	-3.686145217e-05
0.010000	-1.431568111e-04
0.015001	-3.175968782e-04
0.020001	-5.885276228e-04
0.025001	-8.223222925e-04
0.030001	-1.313837933e-03
0.035002	-1.519960212e-03
0.040002	-1.688057611e-03
0.045002	-2.963896216e-03
0.050002	-2.433154910e-03
0.055003	-4.362510790e-03
0.060003	-2.486262545e-03
0.065003	-1.561032764e-03
0.070003	-7.324144339e-03
0.075004	-4.737058700e-03
0.080004	-6.267361113e-04
0.085004	-6.303051211e-04
0.090004	1.533883885e-05
0.095005	-7.089161492e-03
0.100005	-1.189385332e-02
0.105005	-2.386259528e-03
0.110005	1.342492272e-04
0.115006	-2.559837742e-03
0.120006	-1.468046975e-02
0.125006	-1.334713489e-02
0.130006	-1.442379325e-02
0.135007	-2.431252281e-02
0.140007	-2.388275582e-02
0.145007	-2.878063044e-02
0.150007	-3.179811824e-02
0.155008	-3.171744339e-02
0.160008	-2.895799812e-02
0.165008	-3.185064676e-02
0.170008	-3.585410224e-02
0.175009	-2.755909209e-02
0.180009	-2.936705352e-02
0.185009	-3.034780183e-02
0.190009	-1.953861586e-02
0.195010	-3.488588251e-02
0.200010	-1.949082025e-02
0.205010	-7.796121618e-03
0.210010	-2.971509399e-02
0.215010	-2.209927024e-02
0.220011	-5.916958349e-03
0.225011	-3.229399427e-03
0.230011	-5.487721261e-03
0.235011	-2.338744221e-02
0.240012	-2.961589420e-02
0.245012	-9.658561788e-03
0.250012	-1.705489272e-03
0.255012	-1.000308433e-02
0.260013	-3.515185703e-02
0.265013	-2.001059595e-02
0.270013	-1.215497932e-02
0.275013	-3.652878983e-02
0.280014	-2.243847746e-02
0.285014	-4.306362345e-03
0.290014	-2.756437984e-03
0.295014	-1.912163933e-02
0.300015	-3.265797873e-02
0.305015	-1.171400084e-02
0.310015	-2.593445938e-03
0.315015	-2.537448671e-03
0.320016	4.454057597e-04
0.325016	-4.905485639e-04
0.330016	-1.095671565e-04
0.335016	-1.665643750e-04
0.340017	1.674193260e-04
0.345017	-7.105378280e-04
0.350017	3.036279320e-03
0.355017	2.757292935e-03
0.360018	-1.046521431e-03
0.365018	8.953837999e-04
0.370018	1.335362328e-03
0.375018	1.104221076e-04
0.380019	-1.735272566e-02
0.385019	-3.664278427e-02
0.390019	-9.449111369e-03
0.395019	-1.104503348e-02
0.400020	-3.740874689e-02
0.405020	-1.989660151e-02
0.410020	-3.034509161e-02
0.415020	-4.278048473e-02
0.420020	-3.752274132e-02
0.425021	-4.111756589e-02
0.430021	-4.105956872e-02
0.435021	-3.635779817e-02
0.440021	-4.228450894e-02
0.445022	-4.747425567e-02
0.450022	-4.034260371e-02
0.455022	-4.189152812e-02
0.460022	-4.442440451e-02
0.465023	-4.377443623e-02
0.470023	-4.145354949e-02
0.475023	-3.929265495e-02
0.480023	-3.774273059e-02
0.485024	-3.581182482e-02
0.490024	-3.912866295e-02
0.495024	-3.354693535e-02
0.500024	-3.692177065e-02
0.505025	-3.044908653e-02
0.510025	-3.382292188e-02
0.515025	-3.271497595e-02
0.520025	-3.305095955e-02
0.525026	-3.249498669e-02
0.530026	-2.717924610e-02
0.535026	-3.636679773e-02
0.540026	-2.211449327e-02
0.545027	-3.901366856e-02
0.550027	-2.209449425e-02
0.555027	-2.630028900e-02
0.560027	-3.410090831e-02
0.565028	-1.873065841e-02
0.570028	-3.863268715e-02
0.575028	-3.161602958e-02
0.580028	-3.509485981e-02
0.585029	-2.508734819e-02
0.590029	-2.779221619e-02
0.595029	-3.459788406e-02
0.600029	-2.023058521e-02
0.605030	-3.801971707e-02
0.610030	-2.182750728e-02
0.615030	-9.067130010e-03
0.620030	-3.343294091e-02
0.625031	-2.514334546e-02
0.630031	-5.088324184e-03
0.635031	-2.537448671e-03
0.640031	-2.370041588e-02
0.645031	-3.476087611e-02
0.650032	-8.847140746e-03
0.655032	-1.922663421e-02
0.660032	-3.226499791e-02
0.665032	-2.680726426e-02
0.670033	-3.564983272e-02
0.675033	-3.249498669e-02
0.680033	-3.575482760e-02
0.685033	-3.233299459e-02
0.690034	-3.996062235e-02
0.695034	-3.027709492e-02
0.700034	-3.591681969e-02
0.705034	-3.288696756e-02
0.710035	-1.375990099e-02
0.715035	-3.718875762e-02
0.720035	-2.127353431e-02
0.725035	-3.531400165e-03
0.730036	-1.322507963e-03
0.735036	2.724142021e-04
0.740036	-9.985237737e-04
0.745036	-2.135620814e-04
0.750037	-3.253413731e-03
0.755037	-5.495456847e-04
0.760037	1.545352080e-03
0.765037	8.283870695e-04
0.770038	5.482159956e-03
0.775038	2.426624326e-02
0.780038	3.288882246e-02
0.785038	1.139187155e-02
0.790039	2.931284444e-03
0.795039	6.163974150e-04
0.800039	-3.865536391e-04
0.805039	1.487354911e-03
0.810040	2.873287274e-03
0.815040	-8.005181835e-03
0.820040	-3.603281403e-02
0.825040	-1.989660151e-02
0.830041	-2.144467849e-03
0.835041	-3.160503012e-02
0.840041	-2.929214299e-02
0.845041	-1.868266075e-02
0.850041	-3.569783038e-02
0.855042	-3.011510283e-02
0.860042	-4.206351972e-02
0.865042	-5.112507750e-02
0.870042	-4.094557428e-02
0.875043	-4.272448747e-02
0.880043	-4.758825011e-02
0.885043	-4.388043105e-02
0.890043	-4.326946087e-02
0.895044	-3.022809731e-02
0.900044	-3.392891671e-02
0.905044	-3.078507013e-02
0.910044	-1.685674986e-02
0.915045	-3.867968486e-02
0.920045	-2.160751802e-02
0.925045	-2.802220497e-02
0.930045	-3.619480613e-02
0.935046	-2.270646438e-02
0.940046	-3.664278427e-02
0.945046	-3.559183555e-02
0.950046	-3.841269789e-02
0.955047	-4.382343384e-02
0.960047	-3.896767081e-02
0.965047	-3.603081413e-02
0.970047	-3.452988738e-02
0.975048	-3.559283551e-02
0.980048	-4.554334990e-02
0.985048	-4.648030418e-02
0.990048	-4.658529905e-02
0.995049	-4.802922859e-02
1.000049	-5.283699396e-02
1.005049	-5.079109380e-02
1.010049	-4.769424493e-02
1.015050	-5.675580271e-02
1.020050	-5.620182975e-02
1.025050	-5.277999674e-02
1.030050	-4.902218013e-02
1.035051	-4.846820716e-02
1.040051	-5.162305320e-02
1.045051	-5.034111576e-02
1.050051	-5.155705642e-02
1.055051	-4.637530930e-02
1.060052	-3.863068725e-02
1.065052	-3.784872541e-02
1.070052	-3.869068432e-02
1.075052	-3.974063308e-02
1.080053	-3.486587098e-02
1.085053	-3.199801094e-02
1.090053	-2.442638045e-02
1.095053	-3.454188679e-02
1.100054	-3.217000255e-02
1.105054	-3.569683043e-02
1.110054	-3.635779817e-02
1.115054	-3.183501889e-02
1.120055	-3.288696756e-02
1.125055	-3.509485981e-02
1.130055	-4.797123142e-02
1.135055	-3.758073849e-02
1.140056	-3.553483834e-02
1.145056	-4.845920760e-02
1.150056	-4.427241193e-02
1.155056	-4.261849264e-02
1.160057	-5.880170287e-02
1.165057	-5.393694028e-02
1.170057	-4.559134756e-02
1.175057	-5.123107233e-02
1.180058	-5.880170287e-02
1.185058	-5.924068145e-02
1.190058	-5.621182926e-02
1.195058	-5.527487498e-02
1.200059	-5.940367349e-02
1.205059	-6.217553822e-02
1.210059	-5.222402387e-02
1.215059	-4.559234751e-02
1.220060	-5.289599108e-02
1.225060	-3.934765226e-02
1.230060	-2.984711591e-02
1.235060	-4.200752246e-02
1.240061	-3.818170916e-02
1.245061	-3.652778988e-02
1.250061	-2.730523996e-02
1.255061	-3.729475245e-02
1.260061	-2.713224840e-02
1.265062	-2.410139631e-02
1.270062	-3.823970633e-02
1.275062	-1.082604417e-02
1.280062	-8.790143528e-03
1.285063	-3.338394330e-02
1.290063	-2.580231330e-02
1.295063	-1.600494396e-03
1.300063	1.324362865e-03
1.305064	-1.819483709e-03
1.310064	-2.868117281e-02
1.315064	-3.260098151e-02
1.320064	-8.339165536e-03
1.325065	-5.528302712e-03
1.330065	-2.802220497e-02
1.335065	-2.546932955e-02
1.340065	-2.242947790e-02
1.345066	-3.880367881e-02
1.350066	-4.117456311e-02
1.355066	-4.199652299e-02
1.360066	-4.062059014e-02
1.365067	-4.880419077e-02
1.370067	-4.929916661e-02
1.375067	-4.785723698e-02
1.380067	-5.095408585e-02
1.385068	-5.339096692e-02
1.390068	-5.687079710e-02
1.395068	-5.774975421e-02
1.400068	-5.869670799e-02
1.405069	-6.350447336e-02
1.410069	-6.007264084e-02
1.415069	-6.106759229e-02
1.420069	-6.731028763e-02
1.425070	-6.455642203e-02
1.430070	-6.577036278e-02
1.435070	-6.897320648e-02
1.440070	-7.294801250e-02
1.445071	-7.598886410e-02
1.450071	-7.367697693e-02
1.455071	-7.538589353e-02
1.460071	-8.057764016e-02
1.465071	-8.041464811e-02
1.470072	-8.069163460e-02
1.475072	-7.615185615e-02
1.480072	-7.145808521e-02
1.485072	-6.903120365e-02
1.490073	-6.382945750e-02
1.495073	-5.542686757e-02
1.500073	-5.212002895e-02
1.505073	-4.643230652e-02
1.510074	-3.564983272e-02
1.515074	-4.006661718e-02
1.520074	-2.574631603e-02
1.525074	-3.619480613e-02
1.530075	-3.172202441e-02
1.535075	-2.657727548e-02
1.540075	-3.830570311e-02
1.545075	-2.503935054e-02
1.550076	-3.951164426e-02
1.555076	-2.182650733e-02
1.560076	-3.194101372e-02
1.565076	-3.023009722e-02
1.570077	-3.923381035e-03
1.575077	-2.923614572e-02
1.580077	-3.630880056e-02
1.585077	-6.407259817e-03
1.590078	7.223922423e-04
1.595078	-2.774421853e-02
1.600078	-3.647179261e-02
1.605078	-1.016507643e-02
1.610079	1.114220588e-04
1.615079	-3.865383865e-03
1.620079	-1.658491566e-03
1.625079	-7.125377304e-04
1.630080	-2.536448720e-03
1.635080	5.342488915e-05
1.640080	2.835704362e-02
1.645080	3.664563912e-02
1.650081	3.543169836e-02
1.655081	4.782009378e-02
1.660081	5.477975414e-02
1.665081	6.289435813e-02
1.670081	6.919405069e-02
1.675082	7.135494524e-02
1.680082	7.152693685e-02
1.685082	8.318936770e-02
1.690082	8.627621705e-02
1.695083	8.467029542e-02
1.700083	9.159195763e-02
1.705083	9.208893338e-02
1.710083	9.981155650e-02
1.715084	1.104790359e-01
1.720084	1.108250190e-01
1.725084	1.176206874e-01
1.730084	1.289951323e-01
1.735085	1.303920641e-01
1.740085	1.342058780e-01
1.745085	1.397786060e-01
1.750085	1.440313985e-01
1.755086	1.496731232e-01
1.760086	1.550358614e-01
1.765086	1.544218914e-01
1.770086	1.580747131e-01
1.775087	1.712860684e-01
1.780087	1.721640256e-01
1.785087	1.729959850e-01
1.790087	1.851073939e-01
1.795088	1.910721028e-01
1.800088	1.978127739e-01
1.805088	2.053834044e-01
1.810088	2.178187975e-01
1.815089	2.316891206e-01
1.820089	2.377688239e-01
1.825089	2.404346938e-01
1.830089	2.494972516e-01
1.835090	2.525281036e-01
1.840090	2.655764669e-01
1.845090	2.822096551e-01
1.850090	2.870634183e-01
1.855091	2.937080940e-01
1.860091	3.055335169e-01
1.865091	3.145950747e-01
1.870091	3.171959477e-01
1.875092	3.272514570e-01
1.880092	3.341141221e-01
1.885092	3.428996933e-01
1.890092	3.465425156e-01
1.895092	3.541691434e-01
1.900093	3.604678360e-01
1.905093	3.580979516e-01
1.910093	3.650096143e-01
1.915093	3.669315205e-01
1.920094	3.615207846e-01
1.925094	3.511872889e-01
1.930094	3.450505884e-01
1.935094	3.522382376e-01
1.940095	3.588159166e-01
1.945095	3.602018490e-01
1.950095	3.622947468e-01
1.955095	3.573139899e-01
1.960096	3.547241163e-01
1.965096	3.656695821e-01
1.970096	3.661655579e-01
1.975096	3.594748844e-01
1.980097	3.515122730e-01
1.985097	3.367049956e-01
1.990097	3.260374162e-01
1.995097	3.140507012e-01
2.000098	2.968634400e-01
2.005098	2.784524385e-01
2.010098	2.629753938e-01
2.015098	2.509216820e-01
2.020099	2.453400544e-01
2.025099	2.313641365e-01
2.030099	2.208108515e-01
2.035099	2.169398404e-01
2.040100	2.142822701e-01
2.045100	2.111271241e-01
2.050100	2.080397748e-01
2.055100	2.073804069e-01
2.060101	2.005165419e-01
2.065101	1.946576278e-01
2.070101	1.907954163e-01
2.075101	1.898008649e-01
2.080102	1.781964312e-01
2.085102	1.719449363e-01
2.090102	1.690676767e-01
2.095102	1.560864102e-01
2.100102	1.428756549e-01
2.105103	1.313189189e-01
2.110103	1.211575148e-01
2.115103	1.122097514e-01
2.120103	1.025268240e-01
2.125104	9.561596125e-02
2.130104	8.776794425e-02
2.135104	7.665968636e-02
2.140104	6.864907729e-02
2.145105	6.505515268e-02
2.150105	6.223529030e-02
2.155105	5.627068138e-02
2.160105	5.024867526e-02
2.165106	4.637666423e-02
2.170106	4.499093185e-02
2.175106	4.880484573e-02
2.180106	4.543950996e-02
2.185107	4.239085874e-02
2.190107	4.272544241e-02
2.195107	3.477223055e-02
2.200107	3.802207195e-02
2.205108	3.078572509e-02
2.210108	3.737240365e-02
2.215108	3.068063022e-02
2.220108	3.277412806e-02
2.225109	3.221975511e-02
2.230109	3.454274174e-02
2.235109	3.930350941e-02
2.240109	3.405486555e-02
2.245110	4.067954226e-02
2.250110	3.449514407e-02
2.255110	3.946520152e-02
2.260110	3.829915842e-02
2.265111	3.709531717e-02
2.270111	3.908302017e-02
2.275111	4.173079095e-02
2.280111	4.327971536e-02
2.285112	4.880474573e-02
2.290112	4.758140543e-02
2.295112	4.941641588e-02
2.300112	5.455926490e-02
2.305112	5.886105496e-02
2.310113	6.306674972e-02
2.315113	6.958643155e-02
2.320113	7.909806736e-02
2.325113	8.871409808e-02
2.330114	9.318717978e-02
2.335114	1.009208024e-01
2.340114	1.083868380e-01
2.345114	1.099349625e-01
2.350115	1.100972545e-01
2.355115	1.112159999e-01
2.360115	1.063409379e-01
2.365115	9.672450716e-02
2.370116	8.489998421e-02
2.375116	6.344933105e-02
2.380116	5.223667825e-02
2.385116	1.542437476e-02
2.390117	-3.173052399e-02
2.395117	-4.858290157e-02
2.400117	-7.394356392e-02
2.405117	-9.517402783e-02
2.410118	-1.220827146e-01
2.415118	-1.528633125e-01
2.420118	-1.757093975e-01
2.425118	-1.965383811e-01
2.430119	-2.181421268e-01
2.435119	-2.463892482e-01
2.440119	-2.614736121e-01
2.445119	-2.723136831e-01
2.450120	-2.908290795e-01
2.455120	-3.046991026e-01
2.460120	-3.135894687e-01
2.465120	-3.221646503e-01
2.470121	-3.295723887e-01
2.475121	-3.371425193e-01
2.480121	-3.411194252e-01
2.485121	-3.471422313e-01
2.490122	-3.509083475e-01
2.495122	-3.567582620e-01
2.500122	-3.613468381e-01
2.505122	-3.527820561e-01
2.510122	-3.441590769e-01
2.515123	-3.415590038e-01
2.520123	-3.341610648e-01
2.525123	-3.246590285e-01
2.530123	-3.179105579e-01
2.535124	-3.084562193e-01
2.540124	-3.012675701e-01
2.545124	-2.887266821e-01
2.550124	-2.651246339e-01
2.555125	-2.485974405e-01
2.560125	-2.274914705e-01
2.565125	-2.028376736e-01
2.570125	-1.852015343e-01
2.575126	-1.678993787e-01
2.580126	-1.489533033e-01
2.585126	-1.306571962e-01
2.590126	-1.137370219e-01
2.595127	-8.947720584e-02
2.600127	-6.991016075e-02
2.605127	-5.321997527e-02
2.610127	-4.841120994e-02
2.615128	-2.305044760e-02
2.620128	2.216334588e-02
2.625128	4.063244456e-02
2.630128	5.549671915e-02
2.635129	7.577072974e-02
2.640129	9.412483402e-02
2.645129	1.106040298e-01
2.650129	1.203825526e-01
2.655130	1.353048244e-01
2.660130	1.392246331e-01
2.665130	1.426464661e-01
2.670130	1.465752743e-01
2.675131	1.494051362e-01
2.680131	1.599576213e-01
2.685131	1.533709427e-01
2.690131	1.479032095e-01
2.695132	1.486781717e-01
2.700132	1.443103849e-01
2.705132	1.382298816e-01
2.710132	1.306584511e-01
2.715132	1.153552979e-01
2.720133	9.739357450e-02
2.725133	8.273978964e-02
2.730133	7.135514523e-02
2.735133	6.091585469e-02
2.740134	5.350731624e-02
2.745134	3.670333630e-02
2.750134	1.210793661e-02
2.755134	4.526606589e-03
2.760135	2.481606389e-03
2.765135	8.800098035e-03
2.770135	3.107251110e-02
2.775135	2.735409256e-02
2.780136	6.687201148e-03
2.785136	1.222273100e-02
2.790136	3.233454951e-02
2.795136	2.122629161e-02
2.800137	2.293830806e-02
2.805137	3.547999600e-02
2.810137	2.443813487e-02
2.815137	3.759149296e-02
2.820138	3.233454951e-02
2.825138	3.686582837e-02
2.830138	4.653995626e-02
2.835138	4.997068883e-02
2.840139	5.992190319e-02
2.845139	6.046737657e-02
2.850139	6.720604771e-02
2.855139	7.428890206e-02
2.860140	8.136295683e-02
2.865140	8.693578486e-02
2.870140	9.644672071e-02
2.875140	1.026415184e-01
2.880141	9.827343156e-02
2.885141	9.396194197e-02
2.890141	9.733627730e-02
2.895141	9.401943917e-02
2.900142	8.898148503e-02
2.905142	8.494798187e-02
2.910142	7.361993470e-02
2.915142	6.793251226e-02
2.920143	6.511254988e-02
2.925143	6.201540103e-02
2.930143	5.345071900e-02
2.935143	2.337718664e-02
2.940143	1.481240462e-02
2.945144	9.183079345e-03
2.950144	-2.202365024e-03
2.955144	-1.354021172e-02
2.960144	-4.791393421e-02
2.965145	-7.090301230e-02
2.970145	-8.533710789e-02
2.975145	-1.049535506e-01
2.980145	-1.313176640e-01
2.985146	-1.488384089e-01
2.990146	-1.614947912e-01
2.995146	-1.895701211e-01
3.000146	-2.026757815e-01
3.005147	-2.136782446e-01
3.010147	-2.253781736e-01
3.015147	-2.331784929e-01
3.020147	-2.383787392e-01
3.025148	-2.470486161e-01
3.030148	-2.563874603e-01
3.035148	-2.515226977e-01
3.040148	-2.486074400e-01
3.045149	-2.429097180e-01
3.050149	-2.318502578e-01
3.055149	-2.254455703e-01
3.060149	-2.204068162e-01
3.065150	-2.112392636e-01
3.070150	-2.020057142e-01
3.075150	-1.907842619e-01
3.080150	-1.832236308e-01
3.085151	-1.771339280e-01
3.090151	-1.706052466e-01
3.095151	-1.702802625e-01
3.100151	-1.647635317e-01
3.105152	-1.543150416e-01
3.110152	-1.471183928e-01
3.115152	-1.376648542e-01
3.120152	-1.257344364e-01
3.125153	-1.135850293e-01
3.130153	-9.932272536e-02
3.135153	-8.494542700e-02
3.140153	-6.686930915e-02
3.145153	-5.625882697e-02
3.150154	-4.449240119e-02
3.155154	-3.835470072e-02
3.160154	-3.724575484e-02
3.165154	-1.513583385e-02
3.170155	-3.808386647e-03
3.175155	-3.981378205e-03
3.180155	-1.322507963e-03
3.185155	8.853842879e-04
3.190156	-3.646394553e-03
3.195156	7.793894607e-04
3.200156	3.924235986e-03
3.205156	5.866141217e-03
3.210157	3.532670349e-02
3.215157	2.824304918e-02
3.220157	4.031230765e-03
3.225157	-5.485457335e-04
3.230158	2.078641308e-02
3.235158	3.869153928e-02
3.240158	1.045391733e-02
3.245158	3.884085413e-04
3.250159	2.099325045e-03
3.255159	-1.046521431e-03
3.260159	3.762243892e-03
3.265159	4.259219638e-03
3.270160	8.853842879e-04
3.275160	-2.479451502e-03
3.280160	8.789998528e-03
3.285160	3.520170959e-02
3.290161	2.305330245e-02
3.295161	4.977184600e-03
3.300161	3.982233156e-03
3.305161	-1.266510695e-03
3.310162	2.768292398e-03
3.315162	-2.304044809e-02
3.320162	-3.089906457e-02
3.325162	-2.619529412e-02
3.330163	-4.392742876e-02
3.335163	-4.321146370e-02
3.340163	-4.559234751e-02
3.345163	-4.974014509e-02
3.350163	-5.146006115e-02
3.355164	-3.382392183e-02
3.360164	-3.647179261e-02
3.365164	-3.282897039e-02
3.370164	-4.860335310e-03
3.375165	-1.763486442e-03
3.380165	2.609315410e-02
3.385165	3.271683085e-02
3.390165	2.702910842e-02
3.395166	4.605218006e-02
3.400166	4.521022115e-02
3.405166	4.028746139e-02
3.410166	5.063095661e-02
3.415167	5.621268421e-02
3.420167	5.909054376e-02
3.425167	6.566722281e-02
3.430167	6.543723403e-02
3.435168	6.450127971e-02
3.440168	5.903354655e-02
3.445168	4.985599443e-02
3.450168	4.670114839e-02
3.455169	4.256335032e-02
3.460169	1.548267191e-02
3.465169	2.873287274e-03
3.470169	1.674193260e-04
3.475170	-2.850918120e-02
3.480170	-4.189152812e-02
3.485170	-5.057110454e-02
3.490170	-6.748127929e-02
3.495171	-7.815075860e-02
3.500171	-8.848225440e-02
3.505171	-9.356800621e-02
3.510171	-9.744081721e-02
3.515172	-1.107551674e-01
3.520172	-1.158879170e-01
3.525172	-1.175038381e-01
3.530172	-1.282293147e-01
3.535173	-1.360679321e-01
3.540173	-1.421476354e-01
3.545173	-1.446895114e-01
3.550173	-1.440305435e-01
3.555173	-1.413836727e-01
3.560174	-1.310401775e-01
3.565174	-1.246824878e-01
3.570174	-1.204286954e-01
3.575174	-1.103151889e-01
3.580175	-9.279404398e-02
3.585175	-7.217505022e-02
3.590175	-5.885870009e-02
3.595175	-4.073458458e-02
3.600176	-1.481084971e-02
3.605176	-6.467256889e-03
3.610176	-6.848238296e-03
3.615176	-1.810484149e-03
3.620177	2.311029967e-02
3.625177	4.869005133e-02
3.630177	6.538023682e-02
3.635177	8.003452166e-02
3.640178	9.539577200e-02
3.645178	1.104330382e-01
3.650178	1.251913179e-01
3.655178	1.430384469e-01
3.660179	1.565257887e-01
3.665179	1.707300955e-01
3.670179	1.843814293e-01
3.675179	2.001916578e-01
3.680180	2.058313825e-01
3.685180	2.073233097e-01
3.690180	2.223495764e-01
3.695180	2.336300259e-01
3.700181	2.306481714e-01
3.705181	2.335150315e-01
3.710181	2.300342014e-01
3.715181	2.249504495e-01
3.720182	2.157738973e-01
3.725182	2.003536499e-01
3.730182	1.839994480e-01
3.735182	1.631034677e-01
3.740183	1.533709427e-01
3.745183	1.312130240e-01
3.750183	1.127079271e-01
3.755183	1.002615345e-01
3.760183	7.648769475e-02
3.765184	5.217888107e-02
3.770184	2.051042655e-02
3.775184	8.456014827e-03
3.780184	8.407017218e-03
3.785185	2.606300304e-03
3.790185	-2.768622136e-02
3.795185	-5.830472712e-02
3.800185	-7.765278290e-02
3.805186	-9.125511908e-02
3.810186	-1.021325882e-01
3.815186	-1.185467872e-01
3.820186	-1.220356169e-01
3.825187	-1.255144472e-01
3.830187	-1.272833608e-01
3.835187	-1.299302317e-01
3.840187	-1.212606548e-01
3.845188	-1.068363587e-01
3.850188	-1.016836101e-01
3.855188	-9.505993340e-02
3.860188	-8.180158043e-02
3.865189	-7.908571297e-02
3.870189	-8.610237054e-02
3.875189	-8.721131642e-02
3.880189	-9.229606828e-02
3.885190	-9.849176592e-02
3.890190	-1.065593722e-01
3.895190	-1.135740299e-01
3.900190	-1.183837951e-01
3.905191	-1.276663421e-01
3.910191	-1.291082718e-01
3.915191	-1.203237005e-01
3.920191	-1.220346170e-01
3.925192	-1.273983552e-01
3.930192	-1.200947117e-01
3.935192	-1.170538601e-01
3.940192	-1.154009407e-01
3.945193	-1.160039113e-01
3.950193	-1.143499920e-01
3.955193	-1.082692888e-01
3.960193	-1.084322808e-01
3.965193	-1.102011945e-01
3.970194	-1.067213643e-01
3.975194	-1.007566554e-01
3.980194	-1.002606796e-01
3.985194	-1.014166232e-01
3.990195	-9.473394931e-02
3.995195	-8.417146478e-02
4.000195	-7.692481843e-02
4.005195	-7.168807399e-02
4.010196	-7.704181272e-02
4.015196	-8.162858887e-02
4.020196	-8.417146478e-02
4.025196	-9.400698478e-02
4.030197	-1.079923023e-01
4.035197	-1.149049649e-01
4.040197	-1.196547331e-01
4.045197	-1.303802097e-01
4.050198	-1.350269829e-01
4.055198	-1.431975842e-01
4.060198	-1.495552739e-01
4.065198	-1.544700341e-01
4.070199	-1.633206021e-01
4.075199	-1.665794431e-01
4.080199	-1.730421277e-01
4.085199	-1.793528197e-01
4.090200	-1.821146850e-01
4.095200	-1.832126314e-01
4.100200	-1.837086072e-01
4.105200	-1.827166556e-01
4.110201	-1.790178361e-01
4.115201	-1.774669118e-01
4.120201	-1.733201142e-01
4.125201	-1.698982811e-01
4.130202	-1.638165779e-01
4.135202	-1.535890771e-01
4.140202	-1.419846434e-01
4.145202	-1.288892825e-01
4.150203	-1.271693664e-01
4.155203	-1.205916874e-01
4.160203	-1.091582454e-01
4.165203	-1.087202667e-01
4.170204	-9.798579061e-02
4.175204	-8.554739763e-02
4.180204	-7.179106896e-02
4.185204	-6.233753031e-02
4.190204	-5.388894262e-02
4.195205	-2.913115085e-02
4.200205	-1.032806847e-02
4.205205	-5.854286803e-03
4.210205	3.151273708e-03
4.215206	3.493372266e-02
4.220206	6.002649809e-02
4.225206	6.583021486e-02
4.230206	8.428831407e-02
4.235207	1.014744753e-01
4.240207	1.087691194e-01
4.245207	1.155757872e-01
4.250207	1.287851425e-01
4.255208	1.349228430e-01
4.260208	1.392236331e-01
4.265208	1.476262231e-01
4.270208	1.539839128e-01
4.275209	1.602836053e-01
4.280209	1.595186427e-01
4.285209	1.666972923e-01
4.290209	1.721160279e-01
4.295210	1.694581576e-01
4.300210	1.681322223e-01
4.305210	1.705691034e-01
4.310210	1.699551334e-01
4.315211	1.694601575e-01
4.320211	1.737719471e-01
4.325211	1.723260177e-01
4.330211	1.682342173e-01
4.335212	1.634954486e-01
4.340212	1.603516020e-01
4.345212	1.583506997e-01
4.350212	1.533709427e-01
4.355213	1.479042095e-01
4.360213	1.401135897e-01
4.365213	1.261862694e-01
4.370213	1.203255554e-01
4.375214	1.152878012e-01
4.380214	1.032433890e-01
4.385214	8.855110603e-02
4.390214	7.417380767e-02
4.395214	6.721614722e-02
4.400215	4.146340400e-02
4.405215	2.552818167e-02
4.410215	2.503320583e-02
4.415215	-4.410357270e-03
4.420216	-1.861666397e-02
4.425216	-3.404491105e-02
4.430216	-5.897369447e-02
4.435216	-7.002315524e-02
4.440217	-8.057664021e-02
4.445217	-9.589189280e-02
4.450217	-1.090452509e-01
4.455217	-1.093212374e-01
4.460218	-1.173318465e-01
4.465218	-1.271683664e-01
4.470218	-1.328660884e-01
4.475218	-1.353029695e-01
4.480219	-1.380078375e-01
4.485219	-1.403787218e-01
4.490219	-1.382848239e-01
4.495219	-1.386678052e-01
4.500220	-1.387158029e-01
4.505220	-1.347479965e-01
4.510220	-1.361829265e-01
4.515220	-1.357909456e-01
4.520221	-1.313171640e-01
4.525221	-1.257924336e-01
4.530221	-1.240805171e-01
4.535221	-1.247404849e-01
4.540222	-1.226945848e-01
4.545222	-1.189847658e-01
4.550222	-1.229725712e-01
4.555222	-1.269013795e-01
4.560223	-1.199887168e-01
4.565223	-1.185457872e-01
4.570223	-1.161669033e-01
4.575223	-1.109281590e-01
4.580224	-1.054014287e-01
4.585224	-1.038445047e-01
4.590224	-1.053354319e-01
4.595224	-1.066633671e-01
4.600224	-1.117591184e-01
4.605225	-1.191097597e-01
4.610225	-1.234115498e-01
4.615225	-1.324731076e-01
4.620225	-1.387248025e-01
4.625226	-1.338600399e-01
4.630226	-1.459054520e-01
4.635226	-1.622686535e-01
4.640226	-1.531490985e-01
4.645227	-1.528251143e-01
4.650227	-1.628236264e-01
4.655227	-1.581208559e-01
4.660227	-1.497762631e-01
4.665228	-1.403797217e-01
4.670228	-1.290512746e-01
4.675228	-1.140140084e-01
4.680228	-1.001916830e-01
4.685229	-8.621836488e-02
4.690229	-7.395296346e-02
4.695229	-6.372446263e-02
4.700229	-3.592781916e-02
4.705230	-1.187599293e-02
4.710230	-1.303193652e-02
4.715230	-1.771486052e-03
4.720230	3.485257409e-03
4.725231	1.653262067e-02
4.730231	4.487523750e-02
4.735231	5.693064917e-02
4.740231	6.135543323e-02
4.745232	6.825709642e-02
4.750232	7.782662941e-02
4.755232	7.943255104e-02
4.760232	8.594223335e-02
4.765233	9.329187467e-02
4.770233	9.324587692e-02
4.775233	9.689669875e-02
4.780233	1.007105126e-01
4.785234	1.046203218e-01
4.790234	1.115309846e-01
4.795234	1.156317844e-01
4.800234	1.223704556e-01
4.805234	1.303340669e-01
4.810235	1.304400618e-01
4.815235	1.362897763e-01
4.820235	1.412695333e-01
4.825235	1.484111847e-01
4.830236	1.506670747e-01
4.835236	1.528739670e-01
4.840236	1.613905513e-01
4.845236	1.599006240e-01
4.850237	1.702911170e-01
4.855237	1.721640256e-01
4.860237	1.701761226e-01
4.865237	1.694601575e-01
4.870238	1.657033409e-01
4.875238	1.603985997e-01
4.880238	1.492321447e-01
4.885238	1.393376276e-01
4.890239	1.312710212e-01
4.895239	1.208235311e-01
4.900239	1.101560517e-01
4.905239	9.954356958e-02
4.910240	8.876209574e-02
4.915240	8.224241391e-02
4.920240	7.218490473e-02
4.925240	6.644118504e-02
4.930241	6.368031977e-02
4.935241	5.477075458e-02
4.940241	4.835406773e-02
4.945241	4.853705880e-02
4.950242	4.355730182e-02
4.955242	4.221836716e-02
4.960242	3.068093021e-02
4.965242	1.078790103e-02
4.970243	3.300281690e-02
4.975243	3.283182524e-02
4.980243	5.752146781e-03
4.985243	1.994330169e-03
4.990244	2.757292935e-03
4.995244	-7.125224779e-03
5.000244	-3.039108936e-02
5.005244	-2.083355579e-02
5.010244	-8.745298249e-04
5.015245	-2.210549371e-02
5.020245	-3.354693535e-02
5.025245	-2.458837254e-02
5.030245	-3.669978148e-02
5.035246	-3.282997034e-02
5.040246	-3.929265495e-02
5.045246	-4.719726919e-02
5.050246	-5.631582418e-02
5.055247	-6.201354612e-02
5.060247	-6.372546258e-02
5.065247	-7.565488040e-02
5.070247	-8.184757819e-02
5.075248	-8.555739714e-02
5.080248	-8.677133790e-02
5.085248	-9.086313821e-02
5.090248	-9.643786615e-02
5.095249	-1.031835369e-01
5.100249	-1.063953802e-01
5.105249	-1.061673913e-01
5.110249	-1.091022481e-01
5.115250	-1.151239542e-01
5.120250	-1.131260517e-01
5.125250	-1.146279784e-01
5.130250	-1.167858731e-01
5.135251	-1.163358951e-01
5.140251	-1.124670839e-01
5.145251	-1.043424804e-01
5.150251	-9.915073376e-02
5.155252	-9.606288445e-02
5.160252	-8.909422454e-02
5.165252	-8.472543774e-02
5.170252	-8.268153749e-02
5.175253	-7.858973717e-02
5.180253	-7.030014172e-02
5.185253	-6.515839265e-02
5.190253	-6.852422839e-02
5.195254	-6.488140617e-02
5.200254	-5.698579149e-02
5.205254	-5.681379988e-02
5.210254	-5.061810224e-02
5.215255	-4.244650103e-02
5.220255	-4.614632047e-02
5.225255	-4.731026367e-02
5.230255	-2.895815929e-02
5.235255	-8.225171100e-03
5.240256	-6.417259329e-03
5.245256	-5.194319011e-03
5.250256	-6.545405608e-04
5.255256	2.144538092e-02
5.260257	4.947401307e-02
5.265257	5.720763565e-02
5.270257	6.947103718e-02
5.275257	8.832211721e-02
5.280258	1.032433890e-01
5.285258	1.133098978e-01
5.290258	1.285091560e-01
5.295258	1.403325790e-01
5.300259	1.414425248e-01
5.305259	1.521580019e-01
5.310259	1.591256619e-01
5.315259	1.602346077e-01
5.320260	1.591156623e-01
5.325260	1.559138186e-01
5.330260	1.569757668e-01
5.335260	1.490131554e-01
5.340261	1.422654847e-01
5.345261	1.356398080e-01
5.350261	1.262892643e-01
5.355261	1.240823720e-01
5.360262	1.197715824e-01
5.365262	1.111970009e-01
5.370262	1.074501837e-01
5.375262	1.067902159e-01
5.380263	9.871161018e-02
5.385263	9.379085032e-02
5.390263	9.672470715e-02
5.395263	9.286189566e-02
5.400264	8.595123291e-02
5.405264	7.826560798e-02
5.410264	7.887857807e-02
5.415264	7.074297510e-02
5.420265	5.720763565e-02
5.425265	5.207388619e-02
5.430265	4.034345866e-02
5.435265	4.366129674e-02
5.440265	2.692511350e-02
5.445266	2.434308697e-03
5.450266	5.856141705e-03
5.455266	5.865141266e-03
5.460266	2.270316701e-03
5.465267	1.440357204e-03
5.470267	4.039230374e-03
5.475267	-2.710440229e-03
5.480267	-1.158515966e-03
5.485268	-8.778144113e-03
5.490268	-3.525985176e-02
5.495268	-2.961712713e-02
5.500268	-3.255098395e-02
5.505269	-4.151054671e-02
5.510269	-4.122356071e-02
5.515269	-4.785723698e-02
5.520269	-5.881070243e-02
5.525270	-6.400144911e-02
5.530270	-6.736628490e-02
5.535270	-7.439194203e-02
5.540270	-7.350398537e-02
5.545271	-7.958368867e-02
5.550271	-8.665734346e-02
5.555271	-9.323302255e-02
5.560271	-9.782279856e-02
5.565272	-1.001446853e-01
5.570272	-9.965670907e-02
5.575272	-1.010346418e-01
5.580272	-1.027345589e-01
5.585273	-9.787879583e-02
5.590273	-9.827177665e-02
5.595273	-1.015306176e-01
5.600273	-1.014646208e-01
5.605274	-9.610188255e-02
5.610274	-9.036516251e-02
5.615274	-8.998418110e-02
5.620274	-8.312051606e-02
5.625275	-7.587386971e-02
5.630275	-7.179206891e-02
5.635275	-6.731928719e-02
5.640275	-6.167856247e-02
5.645275	-5.697479202e-02
5.650276	-4.858320155e-02
5.655276	-4.637630925e-02
5.660276	-4.769524488e-02
5.665276	-4.062059014e-02
5.670277	-2.950213274e-02
5.675277	-3.889867417e-02
5.680277	-2.100554739e-02
5.685277	-9.897089507e-03
5.690278	-3.426390036e-02
5.695278	-2.276446155e-02
5.700278	-5.796289634e-03
5.705278	-4.257364736e-03
5.710279	-2.929429542e-03
5.715279	1.681060711e-02
5.720279	3.698162272e-02
5.725279	1.459271534e-02
5.730280	2.089140796e-02
5.735280	3.675963356e-02
5.740280	3.145489244e-02
5.745280	4.626216981e-02
5.750281	4.785809193e-02
5.755281	5.029697291e-02
5.760281	5.400479196e-02
5.765281	5.787560306e-02
5.770282	5.825958432e-02
5.775282	5.681565478e-02
5.780282	5.565871124e-02
5.785282	5.649067064e-02
5.790283	5.195989175e-02
5.795283	4.913802947e-02
5.800283	4.139540732e-02
5.805283	3.830955792e-02
5.810284	3.864254167e-02
5.815284	7.959039080e-03
5.820284	-5.057003570e-05
5.825284	3.600251797e-03
5.830285	2.987281711e-03
5.835285	3.426260288e-03
5.840285	-2.106154466e-02
5.845285	-3.752174137e-02
5.850285	-3.845969560e-02
5.855286	-4.714927153e-02
5.860286	-5.703478910e-02
5.865286	-6.239652743e-02
5.870286	-6.847423083e-02
5.875287	-8.322451099e-02
5.880287	-8.726931359e-02
5.885287	-9.312902763e-02
5.890287	-9.936972307e-02
5.895288	-1.003166769e-01
5.900288	-1.055084235e-01
5.905288	-1.040644940e-01
5.910288	-1.063963802e-01
5.915289	-1.108691619e-01
5.920289	-1.088142622e-01
5.925289	-1.100392024e-01
5.930289	-1.161189057e-01
5.935290	-1.114731324e-01
5.940290	-1.057844100e-01
5.945290	-1.105921754e-01
5.950290	-1.086042724e-01
5.955291	-1.143009944e-01
5.960291	-1.186037844e-01
5.965291	-1.064923755e-01
5.970291	-1.029645476e-01
5.975292	-1.005946633e-01
5.980292	-9.831977431e-02
5.985292	-9.742981774e-02
5.990292	-9.020217047e-02
5.995293	-7.842674513e-02
6.000293	-7.338999093e-02
6.005293	-7.765178295e-02
6.010293	-6.930619023e-02
6.015294	-5.383094545e-02
6.020294	-5.338196736e-02
6.025294	-4.984513997e-02
6.030294	-4.482738484e-02
6.035295	-3.415790553e-02
6.040295	-3.017110010e-02
6.045295	-2.818419706e-02
6.050295	-1.066205218e-02
6.055295	-8.455159876e-03
6.060296	-1.232597097e-02
6.065296	-8.234170660e-03
6.070296	-4.915485151e-04
6.075296	3.218270439e-03
6.080297	3.266268096e-03
6.085297	6.296120234e-03
6.090297	4.201222469e-03
6.095297	1.581665561e-02
6.100298	3.305081455e-02
6.105298	2.305230250e-02
6.110298	3.139789522e-02
6.115298	3.796457475e-02
6.120299	3.676063351e-02
6.125299	4.289633407e-02
6.130299	4.344230743e-02
6.135299	5.052596173e-02
6.140300	5.693064917e-02
6.145300	5.985450648e-02
6.150300	6.074446305e-02
6.155300	6.439528488e-02
6.160301	6.550323081e-02
6.165301	7.195691586e-02
6.170301	7.521775673e-02
6.175301	7.772263448e-02
6.180302	8.092247832e-02
6.185302	8.483228752e-02
6.190302	8.838011438e-02
6.195302	8.910607895e-02
6.200303	9.020402537e-02
6.205303	9.290989332e-02
6.210303	9.595174487e-02
6.215303	9.998454806e-02
6.220304	1.002035374e-01
6.225304	9.755666654e-02
6.230304	1.068372136e-01
6.235304	1.023644319e-01
6.240305	1.024214291e-01
6.245305	1.209265261e-01
6.250305	1.092760946e-01
6.255305	1.040763484e-01
6.260305	1.120859575e-01
6.265306	1.165697387e-01
6.270306	1.196555881e-01
6.275306	1.206495396e-01
6.280306	1.170667144e-01
6.285307	1.119809626e-01
6.290307	1.119819626e-01
6.295307	1.145238385e-01
6.300307	1.125919328e-01
6.305308	1.051262971e-01
6.310308	1.040743485e-01
6.315308	9.811063951e-02
6.320308	9.307388531e-02
6.325309	8.947806080e-02
6.330309	8.522426839e-02
6.335309	8.429831358e-02
6.340309	8.164144324e-02
6.345310	7.604871617e-02
6.350310	7.528275355e-02
6.355310	7.340084539e-02
6.360310	7.340084539e-02
6.365311	7.019700175e-02
6.370311	6.201540103e-02
6.375311	5.953052229e-02
6.380311	6.036148174e-02
6.385312	5.582070334e-02
6.390312	4.449225619e-02
6.395312	4.151140166e-02
6.400312	3.056693577e-02
6.405313	4.013446886e-02
6.410313	2.647513546e-02
6.415313	5.139176695e-03
6.420313	3.372078186e-02
6.425314	3.073792743e-02
6.430314	5.310168350e-03
6.435314	6.653950238e-04
6.440314	9.335971883e-03
6.445315	3.454174179e-02
6.450315	2.786006787e-02
6.455315	2.264164468e-04
6.460315	1.891450443e-02
6.465316	3.924651219e-02
6.470316	1.398074521e-02
6.475316	2.305230250e-02
6.480316	3.940850429e-02
6.485316	1.668561321e-02
6.490317	3.477173057e-02
6.495317	2.974397593e-02
6.500317	2.420924604e-02
6.505317	3.930250946e-02
6.510318	1.464971256e-02
6.515318	6.663949750e-04
6.520318	2.470722174e-02
6.525318	3.592867411e-02
6.530319	1.072990386e-02
6.535319	1.936333000e-03
6.540319	1.441357155e-03
6.545319	-2.317459407e-03
6.550320	1.276365207e-03
6.555320	-1.530782545e-02
6.560320	-3.189301606e-02
6.565320	-1.010807921e-02
6.570321	3.485257409e-03
6.575321	-4.753340532e-03
6.580321	-2.033658004e-02
6.585321	-3.392991666e-02
6.590322	-1.320492808e-02
6.595322	-6.801240590e-03
6.600322	-3.360293262e-02
6.605322	-2.735123771e-02
6.610323	-2.089470533e-03
6.615323	-1.972460990e-02
6.620323	-3.658478710e-02
6.625323	-1.226797380e-02
6.630324	-2.349142608e-02
6.635324	-3.829770350e-02
6.640324	-1.121702509e-02
6.645324	-2.929214299e-02
6.650325	-3.128004598e-02
6.655325	-1.326292525e-02
6.660325	-3.653078973e-02
6.665325	-2.464736966e-02
6.670326	-2.276346160e-02
6.675326	-3.718875762e-02
6.680326	-1.691274713e-02
6.685326	-3.465488128e-02
6.690326	-2.481136166e-02
6.695327	-2.022158565e-02
6.700327	-4.018061161e-02
6.705327	-2.188450450e-02
6.710327	-3.946264665e-02
6.715328	-2.520134263e-02
6.720328	-2.298345087e-02
6.725328	-3.913066285e-02
6.730328	-1.585279886e-02
6.735329	-3.686377348e-02
6.740329	-2.354842330e-02
6.745329	-1.352891227e-02
6.750329	-4.487438255e-02
6.755330	-1.978260707e-02
6.760330	2.328313870e-03
6.765330	-3.161602958e-02
6.770330	-3.570782989e-02
6.775331	-4.256364785e-03
6.780331	-6.045430008e-04
6.785331	-9.553106294e-03
6.790331	-3.652978978e-02
6.795332	-2.729524044e-02
6.800332	1.220367940e-03
6.805332	2.652298059e-03
6.810332	2.824137141e-04
6.815333	-1.044521529e-03
6.820333	6.083978054e-04
6.825333	-4.477354000e-03
6.830333	-2.652227817e-02
6.835334	-3.332694608e-02
6.840334	-6.742243469e-03
6.845334	1.000378676e-03
6.850334	-1.665643750e-04
6.855335	7.223922423e-04
6.860335	-2.135620814e-04
6.865335	1.381360083e-03
6.870335	1.601349347e-03
6.875336	-2.135620814e-04
6.880336	-2.039472973e-03
6.885336	3.394109325e-04
6.890336	-1.248796307e-02
6.895336	-3.576382716e-02
6.900337	-1.608278763e-02
6.905337	5.024029782e-04
6.910337	-1.981475804e-03
6.915337	-1.265510744e-03
6.920338	1.773340954e-03
6.925338	-3.369408070e-03
6.930338	-3.503786259e-02
6.935338	-2.995111083e-02
6.940339	-1.045521480e-03
6.945339	1.659346517e-03
6.950339	-2.871432372e-03
6.955339	-2.901515651e-02
6.960340	-3.515385693e-02
6.965340	-7.461208382e-03
6.970340	-2.125621302e-04
6.975340	-3.185569574e-04
6.980341	-1.675643262e-04
6.985341	8.843843367e-04
6.990341	-8.835293857e-04
6.995341	-1.992475267e-03
7.000342	-8.165326553e-04
7.005342	6.200124918e-03
7.010342	3.575768245e-02
7.015342	2.675212194e-02
7.020343	8.789998528e-03
7.025343	3.636965259e-02
7.030343	2.769807578e-02
7.035343	3.150189014e-02
7.040344	3.863354211e-02
7.045344	3.632165493e-02
7.050344	4.411127478e-02
7.055344	4.532521554e-02
7.060345	4.753410774e-02
7.065345	4.846906211e-02
7.070345	5.532372759e-02
7.075345	5.372780548e-02
7.080346	5.527772984e-02
7.085346	5.665266274e-02
7.090346	6.334233627e-02
7.095346	5.942452747e-02
7.100346	5.687365195e-02
7.105347	6.124243875e-02
7.110347	5.670965996e-02
7.115347	5.300084095e-02
7.120347	5.195889180e-02
7.125348	5.223587829e-02
7.130348	4.250635311e-02
7.135348	4.306132602e-02
7.140348	2.990696798e-02
7.145349	3.189387101e-02
7.150349	3.348979313e-02
7.155349	2.083541069e-02
7.160349	3.936050663e-02
7.165350	1.874151287e-02
7.170350	1.171685569e-02
7.175350	3.935950668e-02
7.180350	2.033743499e-02
7.185351	1.829253479e-02
7.190351	3.747759852e-02
7.195351	2.161937243e-02
7.200351	3.443774687e-02
7.205352	3.724760974e-02
7.210352	3.615666298e-02
7.215352	3.272583041e-02
7.220352	3.415176083e-02
7.225353	3.869253923e-02
7.230353	3.415976043e-02
7.235353	3.376677961e-02
7.240353	1.808254503e-02
7.245354	3.819456353e-02
7.250354	2.641713829e-02
7.255354	3.103276051e-03
7.260354	1.945847789e-02
7.265355	3.747759852e-02
7.270355	1.581665561e-02
7.275355	-1.104518601e-03
7.280355	4.584203778e-03
7.285356	2.099325045e-03
7.290356	6.419114231e-03
7.295356	3.139789522e-02
7.300356	2.548118397e-02
7.305356	2.931284444e-03
7.310357	7.739049816e-03
7.315357	3.139789522e-02
7.320357	3.062293304e-02
7.325357	3.656249064e-03
7.330358	2.001345080e-02
7.335358	3.636865264e-02
7.340358	1.801454835e-02
7.345358	3.868238719e-03
7.350359	2.366427263e-02
7.355359	3.465673618e-02
7.360359	1.260381241e-02
7.365359	1.439357253e-03
7.370360	1.660346468e-03
7.375360	3.414108349e-04
7.380360	2.434308697e-03
7.385360	6.073978542e-04
7.390361	1.194216684e-04
7.395361	1.162370770e-03
7.400361	-9.975238225e-04
7.405361	-1.323507914e-03
7.410362	1.994330169e-03
7.415362	-2.705592998e-04
7.420362	-1.565648630e-04
7.425362	1.716343736e-03
7.430363	1.209368477e-03
7.435363	-1.819483709e-03
7.440363	-2.700440717e-03
7.445363	-1.161515819e-03
7.450364	-9.965238713e-04
7.455364	5.024029782e-04
7.460364	1.887335391e-03
7.465364	1.774340905e-03
7.470365	1.383359986e-03
7.475365	1.993330218e-03
7.480365	4.201222469e-03
7.485365	-1.044521529e-03
7.490366	-9.875243105e-04
7.495366	4.641200997e-03
7.500366	2.214319433e-03
7.505366	1.214215708e-04
7.510367	-2.986426760e-03
7.515367	-2.227648537e-02
7.520367	-2.735323761e-02
7.525367	-1.497384175e-02
7.530367	-3.039208931e-02
7.535368	-3.570782989e-02
7.540368	-3.863068725e-02
7.545368	-4.735926128e-02
7.550368	-4.537235825e-02
7.555369	-4.841020999e-02
7.560369	-5.001613162e-02
7.565369	-5.256000747e-02
7.570369	-5.333496966e-02
7.575370	-5.586784605e-02
7.580370	-5.824772990e-02
7.585370	-6.151657038e-02
7.590370	-6.753927646e-02
7.595371	-6.803525225e-02
7.600371	-6.897120658e-02
7.605371	-7.289201523e-02
7.610371	-7.040713650e-02
7.615372	-7.693481794e-02
7.620372	-8.086362620e-02
7.625372	-7.704181272e-02
7.630372	-8.101661874e-02
7.635373	-7.980267798e-02
7.640373	-7.665883141e-02
7.645373	-7.814975865e-02
7.650373	-7.946869428e-02
7.655374	-8.025165607e-02
7.660374	-7.633284731e-02
7.665374	-7.317800128e-02
7.670374	-7.261502875e-02
7.675375	-7.046413372e-02
7.680375	-6.814124708e-02
7.685375	-6.416444116e-02
7.690375	-5.958566461e-02
7.695376	-5.515088104e-02
7.700376	-4.968214792e-02
7.705376	-4.808522585e-02
7.710376	-4.708227480e-02
7.715377	-4.702527758e-02
7.720377	-3.537284624e-02
7.725377	-3.747574362e-02
7.730377	-3.547784112e-02
7.735377	-2.464736966e-02
7.740378	-3.952064382e-02
7.745378	-1.568980681e-02
7.750378	-1.607278812e-02
7.755378	-3.730375201e-02
7.760379	-1.635977412e-02
7.765379	-2.756437984e-03
7.770379	-2.373456674e-03
7.775379	-1.056520943e-03
7.780380	-2.145620326e-04
7.785380	-1.761486540e-03
7.790380	5.427231524e-06
7.795380	5.024029782e-04
7.800381	-5.485457335e-04
7.805381	2.099325045e-03
7.810381	2.724909769e-02
7.815381	3.604266855e-02
7.820382	7.079082024e-03
7.825382	-1.761486540e-03
7.830382	1.906649701e-02
7.835382	3.752459622e-02
7.840383	1.647662341e-02
7.845383	1.056375943e-03
7.850383	1.951447515e-02
7.855383	3.708561765e-02
7.860384	1.531068031e-02
7.865384	-1.983475706e-03
7.870384	2.420924604e-02
7.875384	3.835855553e-02
7.880385	1.205083939e-02
7.885385	1.990645602e-02
7.890385	4.162539610e-02
7.895385	1.132487482e-02
7.900386	1.884750770e-02
7.905386	4.295433124e-02
7.910386	1.155186374e-02
7.915386	1.674361038e-02
7.920387	4.289733402e-02
7.925387	1.426673125e-02
7.930387	1.945747793e-02
7.935387	4.189438297e-02
7.940387	1.216683373e-02
7.945388	5.923138436e-03
7.950388	4.095642874e-02
7.955388	2.824304918e-02
7.960388	6.643950726e-04
7.965389	1.162370770e-03
7.970389	3.304113717e-04
7.975389	3.160273269e-03
7.980389	5.752146781e-03
7.985390	5.081179525e-03
7.990390	-9.895242129e-04
7.995390	-2.977427199e-03
8.000390	1.774340905e-03
8.005391	1.822338563e-03
8.010391	-2.343242896e-02
8.015391	-3.630980052e-02
8.020391	-1.149501153e-02
8.025392	-3.055308145e-02
8.030392	-3.044908653e-02
8.035392	-2.663627260e-02
8.040392	-3.442589245e-02
8.045393	-3.062207809e-02
8.050393	-4.084957897e-02
8.055393	-3.431989763e-02
8.060393	-3.917766056e-02
8.065394	-4.122256076e-02
8.070394	-3.929165500e-02
8.075394	-3.658678700e-02
8.080394	-3.924465729e-02
8.085395	-4.183453090e-02
8.090395	-3.895567139e-02
8.095395	-3.857468998e-02
8.100395	-3.586982199e-02
8.105396	-3.984662791e-02
8.110396	-4.382243389e-02
8.115396	-4.018061161e-02
8.120396	-3.736174918e-02
8.125397	-3.978863074e-02
8.130397	-3.962563870e-02
8.135397	-4.051559527e-02
8.140397	-3.758073849e-02
8.145397	-2.713224840e-02
8.150398	-3.730375201e-02
8.155398	-2.741023483e-02
8.160398	-2.878616768e-02
8.165398	-3.497986542e-02
8.170399	-1.011707877e-02
8.175399	-1.795669618e-02
8.180399	-3.221800020e-02
8.185399	-1.381589826e-02
8.190400	8.853842879e-04
8.195400	-5.415308226e-03
8.200400	-9.885242617e-04
8.205400	5.044028806e-04
8.210401	-3.752389380e-03
8.215401	1.380360132e-03
8.220401	2.043327778e-03
8.225401	1.393374750e-02
8.230402	3.703761999e-02
8.235402	1.409573960e-02
8.240402	2.270316701e-03
8.245402	3.012695724e-02
8.250403	3.310881172e-02
8.255403	4.756195385e-03
8.260403	1.514768826e-02
8.265403	4.073743943e-02
8.270404	1.381875311e-02
8.275404	7.462063333e-03
8.280404	4.057344743e-02
8.285404	2.410425116e-02
8.290405	2.619814898e-02
8.295405	3.819456353e-02
8.300405	2.526019475e-02
8.305405	3.747559862e-02
8.310406	3.056693577e-02
8.315406	3.642664981e-02
8.320406	3.117790595e-02
8.325406	3.675963356e-02
8.330407	3.211486023e-02
8.335407	3.359778786e-02
8.340407	4.189338302e-02
8.345407	3.825056080e-02
8.350407	3.830955792e-02
8.355408	3.648364702e-02
8.360408	3.985648242e-02
8.365408	4.045845305e-02
8.370408	4.614817538e-02
8.375409	3.886353088e-02
8.380409	3.813656636e-02
8.385409	4.151240161e-02
8.390409	4.394828274e-02
8.395410	4.111942079e-02
8.400410	3.835655562e-02
8.405410	3.648164712e-02
8.410410	3.708561765e-02
8.415411	3.576768197e-02
8.420411	3.803157148e-02
8.425411	3.714161491e-02
8.430411	3.797557422e-02
8.435412	3.597667177e-02
8.440412	3.979848525e-02
8.445412	3.836555518e-02
8.450412	4.095642874e-02
8.455413	4.079443665e-02
8.460413	4.544020993e-02
8.465413	4.521122110e-02
8.470413	4.366329664e-02
8.475414	4.217136945e-02
8.480414	4.482723984e-02
8.485414	5.411078679e-02
8.490414	4.576519407e-02
8.495415	5.074395109e-02
8.500415	5.510473828e-02
8.505415	4.737211565e-02
8.510415	4.477124257e-02
8.515416	4.864205367e-02
8.520416	5.129892401e-02
8.525416	4.968400282e-02
8.530416	4.747611057e-02
8.535417	4.764810218e-02
8.540417	5.510473828e-02
8.545417	5.776160862e-02
8.550417	5.046696461e-02
8.555418	5.698664644e-02
8.560418	5.637567626e-02
8.565418	5.411078679e-02
8.570418	5.859356802e-02
8.575418	5.842157641e-02
8.580419	5.869856289e-02
8.585419	5.831558158e-02
8.590419	5.825858437e-02
8.595419	6.074446305e-02
8.600420	6.146142806e-02
8.605420	6.234938473e-02
8.610420	6.710115283e-02
8.615420	6.814210203e-02
8.620421	6.068646588e-02
8.625421	5.660566503e-02
8.630421	5.809659227e-02
8.635421	5.809659227e-02
8.640422	5.405278962e-02
8.645422	5.957752000e-02
8.650422	6.135543323e-02
8.655422	5.732163009e-02
8.660423	5.897554938e-02
8.665423	5.913854142e-02
8.670423	5.361281109e-02
8.675423	5.428177844e-02
8.680424	5.366980831e-02
8.685424	4.847106202e-02
8.690424	5.472175697e-02
8.695424	4.715112643e-02
8.700425	3.526970627e-02
8.705425	4.278233964e-02
8.710425	4.084343426e-02
8.715425	3.752459622e-02
8.720426	3.504871705e-02
8.725426	3.654064424e-02
8.730426	3.569968528e-02
8.735426	4.062244504e-02
8.740427	3.665463868e-02
8.745427	3.338579821e-02
8.750427	2.967697920e-02
8.755427	3.504971700e-02
8.760428	3.078592508e-02
8.765428	2.476421896e-02
8.770428	3.820356309e-02
8.775428	2.830004640e-02
8.780428	3.702762048e-02
8.785429	2.261232397e-02
8.790429	6.248122576e-03
8.795429	2.824404913e-02
8.800429	3.437974970e-02
8.805430	1.121788004e-02
8.810430	6.342440115e-05
8.815430	1.697359915e-02
8.820430	3.465773613e-02
8.825431	1.796655069e-02
8.830431	4.641200997e-03
8.835431	4.757195336e-03
8.840431	1.497354423e-03
8.845432	8.273871183e-04
8.850432	4.454057597e-04
8.855432	1.276365207e-03
8.860432	2.319314309e-03
8.865433	-3.285564694e-04
8.870433	3.394109325e-04
8.875433	3.542254628e-03
8.880433	1.684192772e-04
8.885434	-2.316459456e-03
8.890434	-2.259462238e-03
8.895434	2.538303622e-03
8.900434	2.873287274e-03
8.905435	1.057375894e-03
8.910435	5.024029782e-04
8.915435	1.057375894e-03
8.920435	1.114220588e-04
8.925436	-5.080324574e-03
8.930436	-8.894138453e-03
8.935436	-2.211349332e-02
8.940436	-2.641528339e-02
8.945437	-5.853286852e-03
8.950437	1.439357253e-03
8.955437	7.793894607e-04
8.960437	-1.409388470e-02
8.965438	-3.542084390e-02
8.970438	-1.905564255e-02
8.975438	-2.871432372e-03
8.980438	-7.182221997e-03
8.985438	-2.647228061e-02
8.990439	-2.763922366e-02
8.995439	-2.343342891e-02
9.000439	-3.674877909e-02
9.005439	-1.684675035e-02
9.010440	-1.441886884e-02
9.015440	-3.404391110e-02
9.020440	-2.155052080e-02
9.025440	-1.741172278e-02
9.030441	-3.277197317e-02
9.035441	-2.150152319e-02
9.040441	-1.878865558e-02
9.045441	-3.325994935e-02
9.050442	-1.923663372e-02
9.055442	-1.591979559e-02
9.060442	-3.409090880e-02
9.065442	-1.823268271e-02
9.070443	-6.742243469e-03
9.075443	-2.740923488e-02
9.080443	-2.878616768e-02
9.085443	-1.155300869e-02
9.090444	-8.177173442e-03
9.095444	-2.370941544e-02
9.100444	-2.675126699e-02
9.105444	-1.060505496e-02
9.110445	-6.082275677e-03
9.115445	-2.249647463e-02
9.120445	-2.463837010e-02
9.125445	-1.010707926e-02
9.130446	-6.131273286e-03
9.135446	-2.155052080e-02
9.140446	-3.631880008e-02
9.145446	-1.237296868e-02
9.150447	-9.667100731e-03
9.155447	-3.598481638e-02
9.160447	-2.199049933e-02
9.165447	-5.485457335e-04
9.170448	-1.143601440e-02
9.175448	-3.718875762e-02
9.180448	-2.293645316e-02
9.185448	1.267365647e-03
9.190448	-1.375890104e-02
9.195449	-3.961663914e-02
9.200449	-2.409239675e-02
9.205449	2.099325045e-03
9.210449	-1.248896302e-02
9.215450	-3.740774693e-02
9.220450	-1.795569623e-02
9.225450	6.553955118e-04
9.230450	-3.043423979e-03
9.235451	-1.868481318e-03
9.240451	-2.951313221e-02
9.245451	-3.161602958e-02
9.250451	-5.902284461e-03
9.255452	-1.427502839e-03
9.260452	-1.494499569e-03
9.265452	-2.490450965e-03
9.270452	-1.763486442e-03
9.275453	6.083978054e-04
9.280453	1.058375846e-03
9.285453	1.889335293e-03
9.290453	2.027943782e-02
9.295454	3.587067694e-02
9.300454	1.200184178e-02
9.305454	-8.835293857e-04
9.310454	2.891301649e-02
9.315455	3.571068475e-02
9.320455	1.187884779e-02
9.325455	3.587967650e-02
9.330455	2.493521061e-02
9.335456	2.818605196e-02
9.340456	4.266734525e-02
9.345456	1.768956421e-02
9.350456	3.742060130e-02
9.355457	2.802405987e-02
9.360457	3.189487097e-02
9.365457	3.354879025e-02
9.370457	1.719358842e-02
9.375458	3.433175204e-02
9.380458	2.515419992e-02
9.385458	8.618006921e-03
9.390458	1.895150263e-02
9.395458	3.173187892e-02
9.400459	1.619963692e-02
9.405459	1.105373552e-03
9.410459	2.052327339e-03
9.415459	4.375213978e-03
9.420460	9.840947239e-03
9.425460	1.155186374e-02
9.430460	2.072941586e-02
9.435460	1.973546437e-02
9.440461	6.908090368e-03
9.445461	2.549303086e-03
9.450461	2.244165444e-04
9.455461	8.853842879e-04
9.460462	3.485257409e-03
9.465462	7.022084805e-03
9.470462	8.853842879e-04
9.475462	5.024029782e-04
9.480463	2.029143724e-02
9.485463	2.200135379e-02
9.490463	7.193076460e-03
9.495463	5.254171083e-03
9.500464	3.752244380e-03
9.505464	4.454057597e-04
9.510464	3.103276051e-03
9.515464	1.486354959e-03
9.520465	1.775340856e-03
9.525465	2.768292398e-03
9.530465	-5.015480271e-04
9.535465	-9.956764453e-05
9.540466	2.223318994e-03
9.545466	6.663949750e-04
9.550466	-7.775345584e-04
9.555466	1.486354959e-03
9.560467	1.218368038e-03
9.565467	1.612348811e-03
9.570467	2.883286786e-03
9.575467	2.244165444e-04
9.580468	-2.373456674e-03
9.585468	1.545352080e-03
9.590468	3.703246771e-03
9.595468	-1.565648630e-04
9.600468	1.880335732e-03
9.605469	1.022292860e-02
9.610469	1.536667757e-02
9.615469	1.697459910e-02
9.620469	1.227082866e-02
9.625470	4.316216857e-03
9.630470	1.277365159e-03
9.635470	-1.085672053e-04
9.640470	1.993330218e-03
9.645471	2.816290056e-03
9.650471	3.974081021e-04
9.655471	5.604001478e-04
9.660471	3.035279369e-03
9.665472	2.376311528e-03
9.670472	1.334362377e-03
9.675472	-1.585647654e-04
9.680472	7.143926327e-04
9.685473	-2.705592998e-04
9.690473	2.354160076e-04
9.695473	-6.055429520e-04
9.700473	1.103373650e-03
9.705474	3.866238817e-03
9.710474	7.223922423e-04
9.715474	-2.705592998e-04
9.720474	-3.529400262e-03
9.725475	-3.092421588e-03
9.730475	-1.266095462e-02
9.735475	-2.735123771e-02
9.740475	-1.242996590e-02
9.745476	-3.808386647e-03
9.750476	-7.518205601e-03
9.755476	-1.934262855e-02
9.760476	-2.868117281e-02
9.765477	-9.113127766e-03
9.770477	-7.507206138e-03
9.775477	-6.580251375e-03
9.780477	-3.321410412e-03
9.785478	-2.691325909e-02
9.790478	-2.596530535e-02
9.795478	-3.923381035e-03
9.800478	-3.923381035e-03
9.805479	-5.576300369e-03
9.810479	-2.375456577e-03
9.815479	-2.422454283e-03
9.820479	-1.207513575e-03
9.825479	-1.055520992e-03
9.830480	-7.215372912e-04
9.835480	-2.705592998e-04
9.840480	-5.475457823e-04
9.845480	2.872287323e-03
9.850481	2.547303183e-03
9.855481	4.097227544e-03
9.860481	2.989281614e-03
9.865481	9.507963490e-03
9.870482	3.001096290e-02
9.875482	2.686511643e-02
9.880482	7.968038641e-03
9.885482	2.051042655e-02
9.890483	3.426475531e-02
9.895483	1.846452639e-02
9.900483	3.172287936e-02
9.905483	2.835904352e-02
9.910484	1.901949931e-02
9.915484	3.847055006e-02
9.920484	2.211534823e-02
9.925484	2.868302771e-02
9.930485	3.531670397e-02
9.935485	2.575817045e-02
9.940485	3.504971700e-02
9.945485	3.471373340e-02
9.950486	4.089943153e-02
9.955486	2.371227029e-02
9.960486	3.183787375e-02
9.965486	3.465773613e-02
9.970487	2.869202727e-02
9.975487	3.836655514e-02
9.980487	1.314978576e-02
9.985487	2.045242938e-02
9.990488	3.383477629e-02
9.995488	1.741257773e-02
10.000488	4.757195336e-03
10.005488	2.166737009e-02
10.010489	3.139789522e-02
10.015489	9.506963538e-03
10.020489	5.138176744e-03
10.025489	8.570009264e-03
10.030489	2.930284493e-03
10.035490	3.762243892e-03
10.040490	2.791806504e-02
10.045490	2.659012985e-02
10.050490	7.128079632e-03
10.055491	4.374214026e-03
10.060491	-1.208513526e-03
10.065491	1.077890147e-02
10.070491	3.620666054e-02
10.075492	2.464822462e-02
10.080492	3.207270975e-03
10.085492	2.371327024e-02
10.090492	3.328080333e-02
10.095493	1.205883900e-02
10.100493	1.469771022e-02
10.105493	3.714361482e-02
10.110493	1.647662341e-02
10.115494	1.746957495e-02
10.120494	3.902552298e-02
10.125494	3.271683085e-02
10.130494	3.774558544e-02
10.135495	1.957247232e-02
10.140495	2.499320778e-02
10.145495	4.173239088e-02
10.150495	3.443674692e-02
10.155496	3.487672545e-02
10.160496	3.084392225e-02
10.165496	4.338531021e-02
10.170496	4.326931587e-02
10.175497	4.190238258e-02
10.180497	3.930350941e-02
10.185497	3.962849355e-02
10.190497	3.725760925e-02
10.195498	3.272683036e-02
10.200498	4.167339376e-02
10.205498	4.056444787e-02
10.210498	4.272534242e-02
10.215499	4.273434198e-02
10.220499	4.349930465e-02
10.225499	4.067944226e-02
10.230499	3.925551175e-02
10.235499	4.002047442e-02
10.240500	3.581367972e-02
10.245500	3.869053932e-02
10.250500	4.250535315e-02
10.255500	3.570868484e-02
10.260501	3.056593582e-02
10.265501	3.825156075e-02
10.270501	4.366229669e-02
10.275501	3.752559618e-02
10.280502	2.321529455e-02
10.285502	3.681763073e-02
10.290502	2.730609491e-02
10.295502	3.321380660e-02
10.300503	3.427575477e-02
10.305503	8.351019951e-03
10.310503	3.056593582e-02
10.315503	3.111990879e-02
10.320504	8.016036298e-03
10.325504	1.383359986e-03
10.330504	4.259219638e-03
10.335504	2.736309213e-02
10.340505	3.079492465e-02
10.345505	8.294022732e-03
10.350505	2.042327827e-03
10.355505	-1.380505132e-03
10.360506	1.162370770e-03
10.365506	3.874085901e-04
10.370506	1.774188380e-04
10.375506	3.275267657e-03
10.380507	1.105373552e-03
10.385507	1.439357253e-03
10.390507	1.382360035e-03
10.395507	-1.599494445e-03
10.400508	2.605300353e-03
10.405508	4.861190261e-03
10.410508	-2.235615934e-04
10.415508	1.730758285e-02
10.420509	3.482972774e-02
10.425509	1.254681519e-02
10.430509	6.643950726e-04
10.435509	6.083978054e-04
10.440509	2.874287226e-03
10.445510	2.433308746e-03
10.450510	7.242074069e-03
10.455510	3.106291157e-02
10.460510	2.366327268e-02
10.465511	4.537206072e-03
10.470511	3.036279320e-03
10.475511	7.749049328e-03
10.480511	2.686711633e-02
10.485512	2.901701141e-02
10.490512	7.022084805e-03
10.495512	3.150273757e-03
10.500512	2.747908646e-02
10.505513	3.327180377e-02
10.510513	8.455014875e-03
10.515513	2.338728615e-02
10.520513	3.858654440e-02
10.525514	9.343971493e-03
10.530514	9.946942067e-03
10.535514	3.841555274e-02
10.540514	2.581516767e-02
10.545515	1.293879606e-02
10.550515	3.625365825e-02
10.555515	2.337728664e-02
10.560515	6.583106228e-03
10.565516	3.250684110e-02
10.570516	2.984797086e-02
10.575516	1.011893367e-02
10.580516	3.432275248e-02
10.585517	2.896001419e-02
10.590517	2.151437755e-02
10.595517	3.996347720e-02
10.600517	1.415273682e-02
10.605518	1.984945880e-02
10.610518	4.017346695e-02
10.615518	4.012546930e-02
10.620518	3.338579821e-02
10.625519	3.073792743e-02
10.630519	3.687562790e-02
10.635519	3.011695773e-02
10.640519	4.051645022e-02
10.645519	1.758456934e-02
10.650520	2.315729738e-02
10.655520	4.509622671e-02
10.660520	4.532621549e-02
10.665520	2.913200580e-02
10.670521	2.830004640e-02
10.675521	3.709461721e-02
10.680521	2.786006787e-02
10.685521	4.050745066e-02
10.690522	1.596964815e-02
10.695522	2.543318631e-02
10.700522	3.471473335e-02
10.705522	2.382626473e-02
10.710523	4.024046368e-02
10.715523	2.377026746e-02
10.720523	2.051327388e-03
10.725523	2.763107905e-02
10.730524	3.686562838e-02
10.735524	7.023084756e-03
10.740524	5.645152002e-03
10.745524	2.642613785e-02
10.750525	3.161688453e-02
10.755525	1.077890147e-02
10.760525	1.325362816e-03
10.765525	1.334362377e-03
10.770526	2.051327388e-03
10.775526	1.764341393e-03
10.780526	-1.265510744e-03
10.785526	1.774340905e-03
10.790527	2.051327388e-03
10.795527	1.497354423e-03
10.800527	-5.585452455e-04
10.805527	1.831338124e-03
10.810528	-5.965433912e-04
10.815528	-1.380505132e-03
10.820528	2.204319921e-03
10.825528	4.454057597e-04
10.830529	-4.582348876e-03
10.835529	-2.840418632e-02
10.840529	-2.641628334e-02
10.845529	-2.269461750e-03
10.850530	-4.859335359e-03
10.855530	4.454057597e-04
10.860530	-1.558581189e-02
10.865530	-3.531484907e-02
10.870530	-1.303193652e-02
10.875531	-3.091421636e-03
10.880531	-2.766437496e-03
10.885531	-2.093855066e-02
10.890531	-3.520085463e-02
10.895532	-7.240219167e-03
10.900532	-5.911284022e-03
10.905532	-3.216000303e-02
10.910532	-2.746723205e-02
10.915533	-4.860335310e-03
10.920533	-8.778144113e-03
10.925533	-3.294396478e-02
10.930533	-2.669326982e-02
10.935534	-4.411357221e-03
10.940534	-2.713324835e-02
10.945534	-3.426290041e-02
10.950534	-1.055705730e-02
10.955535	8.273871183e-04
10.960535	-1.005008204e-02
10.965535	-3.586882204e-02
10.970535	-2.033658004e-02
10.975536	-4.468354439e-03
10.980536	-2.708440327e-03
10.985536	-1.353991173e-02
10.990536	-3.509585976e-02
10.995537	-1.221097658e-02
11.000537	8.283870695e-04
11.005537	-1.934478097e-03
11.010537	-1.093519138e-03
11.015538	-1.868481318e-03
11.020538	-8.340165488e-03
11.025538	-3.073507257e-02
11.030538	-2.625329129e-02
11.035539	-5.348311496e-03
11.040539	-6.083275628e-03
11.045539	-3.084106740e-02
11.050539	-2.513434590e-02
11.055540	-3.866383817e-03
11.060540	-6.857237857e-03
11.065540	-2.176951011e-02
11.070540	-2.973212152e-02
11.075540	-1.083404378e-02
11.080541	-4.917332528e-03
11.085541	-2.097470143e-03
11.090541	-1.486499960e-03
11.095541	-1.110203070e-02
11.100542	-2.226648586e-02
11.105542	-1.906464211e-02
11.110542	-5.252316181e-03
11.115542	-3.865536391e-04
11.120543	-1.599494445e-03
11.125543	-1.217513087e-03
11.130543	7.793894607e-04
11.135543	1.056375943e-03
11.140544	5.514005870e-04
11.145544	-1.427502839e-03
11.150544	1.764188868e-04
11.155544	1.659346517e-03
11.160545	1.114220588e-04
11.165545	-1.715488784e-03
11.170545	1.439357253e-03
11.175545	2.768292398e-03
11.180546	5.442484034e-05
11.185546	2.834136653e-04
11.190546	1.611348859e-03
11.195546	-1.665643750e-04
11.200547	-5.156998690e-05
11.205547	5.342488914e-05
11.210547	6.073978542e-04
11.215547	1.115373064e-03
11.220548	7.223922423e-04
11.225548	-1.217513087e-03
11.230548	-4.859335359e-03
11.235548	-2.193350211e-02
11.240549	-2.995311073e-02
11.245549	-9.123127278e-03
11.250549	-1.542497227e-03
11.255549	-2.580331325e-02
11.260550	-3.282997034e-02
11.265550	-9.945087164e-03
11.270550	-1.557481242e-02
11.275550	-3.454088684e-02
11.280550	-1.697174425e-02
11.285551	-1.807069062e-02
11.290551	-3.714075996e-02
11.295551	-2.243947741e-02
11.300551	-3.375792505e-02
11.305552	-2.867117330e-02
11.310552	-2.283045833e-02
11.315552	-3.813571141e-02
11.320552	-3.718875762e-02
11.325553	-3.570682994e-02
11.330553	-3.388091905e-02
11.335553	-3.553483834e-02
11.340553	-1.862466358e-02
11.345554	-3.575482760e-02
11.350554	-2.624429173e-02
11.355554	-2.000159639e-02
11.360554	-4.128955749e-02
11.365555	-1.188499249e-02
11.370555	-1.718073405e-02
11.375555	-4.022860927e-02
11.380555	-1.403788743e-02
11.385556	-1.705489272e-03
11.390556	-2.392040514e-02
11.395556	-3.398691388e-02
11.400556	-9.562105855e-03
11.405557	4.454057597e-04
11.410557	-4.802338140e-03
11.415557	7.703898999e-04
11.420557	-9.415265553e-04
11.425558	-1.657491615e-03
11.430558	-1.546981755e-02
11.435558	-3.508586025e-02
11.440558	-1.204798454e-02
11.445559	3.265268145e-03
11.450559	-1.323507914e-03
11.455559	-9.505108636e-03
11.460559	-3.221800020e-02
11.465560	-2.426538831e-02
11.470560	-3.426405288e-03
11.475560	-1.938862630e-02
11.480560	-3.597381691e-02
11.485560	-2.343342891e-02
11.490561	-3.625280330e-02
11.495561	-2.282245872e-02
11.500561	-2.785821297e-02
11.505561	-3.824870589e-02
11.510562	-3.127204637e-02
11.515562	-3.498086537e-02
11.520562	-3.239099176e-02
11.525562	-4.344045253e-02
11.530563	-4.122156081e-02
11.535563	-3.758073849e-02
11.540563	-3.829770350e-02
11.545563	-4.404242315e-02
11.550564	-4.244650103e-02
11.555564	-4.327846043e-02
11.560564	-3.304895965e-02
11.565564	-3.166302729e-02
11.570565	-4.111756589e-02
11.575565	-3.934965217e-02
11.580565	-4.216951455e-02
11.585565	-4.193852582e-02
11.590566	-3.503786259e-02
11.595566	-3.570782989e-02
11.600566	-3.968363587e-02
11.605566	-3.614580852e-02
11.610567	-3.928165548e-02
11.615567	-3.420690314e-02
11.620567	-2.387240748e-02
11.625567	-3.625180335e-02
11.630568	-3.415890548e-02
11.635568	-3.857468998e-02
11.640568	-2.907315368e-02
11.645568	-2.873817003e-02
11.650569	-3.188301655e-02
11.655569	-1.259295794e-02
11.660569	-3.392991666e-02
11.665569	-2.901615646e-02
11.670570	-6.026278410e-03
11.675570	-1.906464211e-02
11.680570	-3.531484907e-02
11.685570	-1.254496029e-02
11.690570	1.879335781e-03
11.695571	-1.485500008e-03
11.700571	-3.473402995e-03
11.705571	-4.975329698e-03
11.710571	-1.878480830e-03
11.715572	-4.248365175e-03
11.720572	-4.467354488e-03
11.725572	-1.696074479e-02
11.730572	-2.780121575e-02
11.735573	-8.961135183e-03
11.740573	9.423815064e-04
11.745573	8.373866303e-04
11.750573	1.219367989e-03
11.755574	-5.485457335e-04
11.760574	1.439357253e-03
11.765574	8.843843367e-04
11.770574	-8.835293857e-04
11.775575	-1.762486491e-03
11.780575	-2.641443596e-03
11.785575	-2.537448671e-03
11.790575	8.273871183e-04
11.795576	5.034029294e-04
11.800576	-4.435508575e-04
11.805576	4.934034174e-04
11.810576	3.404108837e-04
11.815577	-4.345512967e-04
11.820577	-2.097470143e-03
11.825577	-6.635401216e-04
11.830577	-3.645394601e-03
11.835578	-1.066205218e-02
11.840578	-1.480185015e-02
11.845578	-1.773570697e-02
11.850578	-7.851189351e-03
11.855579	4.454057597e-04
11.860579	-1.665643750e-04
11.865579	-7.685349976e-04
11.870579	6.173973662e-04
11.875580	1.624663463e-02
11.880580	2.917900351e-02
11.885580	1.476470695e-02
11.890580	6.183973174e-04
11.895580	2.156322264e-03
11.900581	1.056375943e-03
11.905581	2.214319433e-03
11.910581	3.094276490e-03
11.915581	1.544352129e-03
11.920582	1.496354471e-03
11.925582	-1.371505572e-03
11.930582	1.277365159e-03
11.935582	2.491305916e-03
11.940583	8.273871183e-04
11.945583	-2.374456626e-03
11.950583	-3.285564694e-04
11.955583	3.925235937e-03
11.960584	-1.045521480e-03
11.965584	-1.820483661e-03
11.970584	1.219367989e-03
11.975584	5.604001478e-04
11.980585	-2.122453671e-02
11.985585	-3.222799972e-02
11.990585	-7.460208431e-03
11.995585	2.549303086e-03
12.000586	-1.810484149e-03
12.005586	-4.345512967e-04
12.010586	-5.529302663e-03
12.015586	-3.238999181e-02
12.020587	-2.895815929e-02
12.025587	-3.645394601e-03
12.030587	-4.860335310e-03
12.035587	-2.945613499e-02
12.040588	-2.983811635e-02
12.045588	-1.027007130e-02
12.050588	-3.409990836e-02
12.055588	-2.685526192e-02
12.060589	-1.204898449e-02
12.065589	-3.747474366e-02
12.070589	-2.375841305e-02
12.075589	-1.918063645e-02
12.080590	-3.753274083e-02
12.085590	-1.396889080e-02
12.090590	-2.022158565e-02
12.095590	-3.874768154e-02
12.100591	-1.165600367e-02
12.105591	-1.337691968e-02
12.110591	-3.929265495e-02
12.115591	-1.718073405e-02
12.120591	-9.122127326e-03
12.125592	-3.503786259e-02
12.130592	-2.127353431e-02
12.135592	-7.900186959e-03
12.140592	-3.431989763e-02
12.145593	-2.530733746e-02
12.150593	-5.683295148e-03
12.155593	-3.625080340e-02
12.160593	-2.863217520e-02
12.165594	-7.680197695e-03
12.170594	-3.714175991e-02
12.175594	-2.835518872e-02
12.180594	-1.032706852e-02
12.185595	-3.680777621e-02
12.190595	-2.431338596e-02
12.195595	-1.221097658e-02
12.200595	-3.714075996e-02
12.205596	-2.094655027e-02
12.210596	-1.254496029e-02
12.215596	-3.828870394e-02
12.220596	-2.066056423e-02
12.225597	-1.204898449e-02
12.230597	-3.868968437e-02
12.235597	-2.160651806e-02
12.240597	-1.580480120e-02
12.245598	-3.934965217e-02
12.250598	-1.519383102e-02
12.255598	-1.298393886e-02
12.260598	-3.841269789e-02
12.265599	-2.045157443e-02
12.270599	-1.045521480e-03
12.275599	-1.209598220e-02
12.280599	-3.409090880e-02
12.285600	-1.856766637e-02
12.290600	-2.929429542e-03
12.295600	-7.574202868e-03
12.300600	5.514005870e-04
12.305601	-3.254413682e-03
12.310601	-3.067007575e-02
12.315601	-2.956112986e-02
12.320601	-2.096470192e-03
12.325601	3.314265754e-03
12.330602	1.333362426e-03
12.335602	-3.808386647e-03
12.340602	-1.992475267e-03
12.345602	5.504006358e-04
12.350603	-1.925478537e-03
12.355603	-1.705489272e-03
12.360603	-2.183650684e-02
12.365603	-3.221800020e-02
12.370604	-5.902284461e-03
12.375604	1.774340905e-03
12.380604	-4.534351219e-03
12.385604	1.684192772e-04
12.390605	-1.132102002e-02
12.395605	-3.498086537e-02
12.400605	-1.923663372e-02
12.405605	-7.785345096e-04
12.410606	-1.016507643e-02
12.415606	-3.094606228e-02
12.420606	-2.486735893e-02
12.425606	-4.468354439e-03
12.430607	-4.248365175e-03
12.435607	-2.459937201e-02
12.440607	-3.222699976e-02
12.445607	-8.617151970e-03
12.450608	-4.306362345e-03
12.455608	-1.542497227e-03
12.460608	-1.602379051e-02
12.465608	-3.144403797e-02
12.470609	-1.243196580e-02
12.475609	-2.432453795e-03
12.480609	-5.079324623e-03
12.485609	5.044028806e-04
12.490610	2.768292398e-03
12.495610	-1.441986879e-02
12.500610	-3.630980052e-02
12.505610	-1.641577138e-02
12.510611	-2.211464580e-03
12.515611	-3.092421588e-03
12.520611	-3.033424467e-03
12.525611	-2.846118354e-02
12.530611	-2.790721058e-02
12.535612	-7.125224779e-03
12.540612	-2.537448671e-03
12.545612	-1.427502839e-03
12.550612	-2.871432372e-03
12.555613	-2.426538831e-02
12.560613	-3.138604080e-02
12.565613	-5.022327404e-03
12.570613	2.759292838e-03
12.575614	-1.877480879e-03
12.580614	-2.098470094e-03
12.585614	1.821338612e-03
12.590614	-3.775540783e-04
12.595615	-1.095671565e-04
12.600615	1.880335732e-03
12.605615	-1.565648630e-04
12.610615	-5.475457823e-04
12.615616	1.220367940e-03
12.620616	4.454057597e-04
12.625616	-3.865383865e-03
12.630616	-1.658491566e-03
12.635617	8.273871183e-04
12.640617	9.423815064e-04
12.645617	3.414108349e-04
12.650617	-2.145620326e-04
12.655618	-2.317459407e-03
12.660618	1.601349347e-03
12.665618	3.208270927e-03
12.670618	-1.655644238e-04
12.675619	-2.155467313e-03
12.680619	6.427182724e-06
12.685619	-6.065429032e-04
12.690619	5.427231524e-06
12.695620	2.825289617e-03
12.700620	3.819241110e-03
12.705620	3.705246673e-03
12.710620	4.454057597e-04
12.715621	1.536667757e-02
12.720621	3.239184671e-02
12.725621	1.542567469e-02
12.730621	2.264164468e-04
12.735621	1.438357302e-03
12.740622	1.820338660e-03
12.745622	1.000378676e-03
12.750622	2.989281614e-03
12.755622	1.684192772e-04
12.760623	-1.762486491e-03
12.765623	-1.459086044e-02
12.770623	-3.084106740e-02
12.775623	-1.419887957e-02
12.780624	-5.505456359e-04
12.785624	-1.485500008e-03
12.790624	-7.675350464e-04
12.795624	-5.485457335e-04
12.800625	-2.613829690e-02
12.805625	-3.205600811e-02
12.810625	-8.559154800e-03
12.815625	-1.935478049e-03
12.820626	-1.095003812e-02
12.825626	-3.553483834e-02
12.830626	-1.823268271e-02
12.835626	1.684192772e-04
12.840627	-1.215297941e-02
12.845627	-3.088806511e-02
12.850627	-2.381541027e-02
12.855627	-1.429502741e-03
12.860628	-1.923763367e-02
12.865628	-3.642379495e-02
12.870628	-1.364490661e-02
12.875628	-3.090421685e-03
12.880629	-2.862317564e-02
12.885629	-3.415990543e-02
12.890629	-8.072178566e-03
12.895629	-3.252413780e-03
12.900630	-3.110905432e-02
12.905630	-2.895915924e-02
12.910630	-6.580251375e-03
12.915630	-4.974329747e-03
12.920631	-2.541133238e-02
12.925631	-3.277297312e-02
12.930631	-9.401113711e-03
12.935631	-5.156998690e-05
12.940631	-1.352891227e-02
12.945632	-3.255298386e-02
12.950632	-1.934262855e-02
12.955632	-5.346311593e-03
12.960632	-3.263413243e-03
12.965633	-2.515534487e-02
12.970633	-3.476087611e-02
12.975633	-5.681295246e-03
12.980633	-3.253413731e-03
12.985634	-3.062207809e-02
12.990634	-2.901515651e-02
12.995634	-5.853286852e-03
13.000634	-2.155467313e-03
13.005635	-7.345214043e-03
13.010635	-3.525685190e-02
13.015635	-2.331843452e-02
13.020635	-2.757437935e-03
13.025636	-3.310410949e-03
13.030636	1.104373601e-03
13.035636	-9.009132841e-03
13.040636	-3.537184629e-02
13.045637	-2.227648537e-02
13.050637	3.974081021e-04
13.055637	-3.765541271e-04
13.060637	-6.156949891e-05
13.065638	-1.675643262e-04
13.070638	-1.264510793e-03
13.075638	-7.459208480e-03
13.080638	-2.763022410e-02
13.085639	-2.719024557e-02
13.090639	-1.323507914e-03
13.095639	1.784187892e-04
13.100639	-2.373456674e-03
13.105640	-1.935478049e-03
13.110640	-1.585647654e-04
13.115640	-1.819483709e-03
13.120640	-5.911284022e-03
13.125641	-2.979111864e-02
13.130641	-2.470336693e-02
13.135641	8.853842879e-04
13.140641	1.277365159e-03
13.145642	-2.421454332e-03
13.150642	-4.917332528e-03
13.155642	-2.098470094e-03
13.160642	-8.275321185e-04
13.165642	-2.927429639e-03
13.170643	-2.653027778e-02
13.175643	-2.707625113e-02
13.180643	-3.090421685e-03
13.185643	-2.154467361e-03
13.190644	-4.029375862e-03
13.195644	-4.142370348e-03
13.200644	-2.923414582e-02
13.205644	-2.608129969e-02
13.210645	-4.421356733e-03
13.215645	-3.205416073e-03
13.220645	-2.039257731e-02
13.225645	-3.603281403e-02
13.230646	-1.027007130e-02
13.235646	-2.619629407e-02
13.240646	-3.326994887e-02
13.245646	-1.265095511e-02
13.250647	-3.392991666e-02
13.255647	-2.653027778e-02
13.260647	-2.680726426e-02
13.265647	-3.569683043e-02
13.270648	-3.100305950e-02
13.275648	-3.819270863e-02
13.280648	-2.359542100e-02
13.285648	-3.426390036e-02
13.290649	-3.083206784e-02
13.295649	-3.464488177e-02
13.300649	-2.984711591e-02
13.305649	-2.901615646e-02
13.310650	-3.531584902e-02
13.315650	-2.591730769e-02
13.320650	-4.040060088e-02
13.325650	-2.624429173e-02
13.330651	-3.426390036e-02
13.335651	-2.426538831e-02
13.340651	-3.216000303e-02
13.345651	-3.078307023e-02
13.350652	-2.647328056e-02
13.355652	-3.973263348e-02
13.360652	-1.906364216e-02
13.365652	-3.503686264e-02
13.370652	-2.741123478e-02
13.375653	-2.736323713e-02
13.380653	-3.454088684e-02
13.385653	-2.695925684e-02
13.390653	-3.708276279e-02
13.395654	-2.857617793e-02
13.400654	-3.514285746e-02
13.405654	-2.900715690e-02
13.410654	-3.499086488e-02
13.415655	-2.934914021e-02
13.420655	-3.299196243e-02
13.425655	-3.376792456e-02
13.430655	-2.773521897e-02
13.435656	-3.708276279e-02
13.440656	-2.918614816e-02
13.445656	-3.531584902e-02
13.450656	-3.089106496e-02
13.455657	-3.940564943e-02
13.460657	-2.608029974e-02
13.465657	-3.343194096e-02
13.470657	-2.879616720e-02
13.475658	-3.304895965e-02
13.480658	-3.271397600e-02
13.485658	-1.624477973e-02
13.490658	-3.636779769e-02
13.495659	-1.994459917e-02
13.500659	-2.242847795e-02
13.505659	-3.775273010e-02
13.510659	-1.470685478e-02
13.515660	-2.375741310e-02
13.520660	-3.669078192e-02
13.525660	-1.143701436e-02
13.530660	-7.461208382e-03
13.535661	-2.962812659e-02
13.540661	-2.453137533e-02
13.545661	-5.633297588e-03
13.550661	-4.640346046e-03
13.555662	-1.429502741e-03
13.560662	-4.305362394e-03
13.565662	-2.066956379e-02
13.570662	-3.044908653e-02
13.575662	-9.611103463e-03
13.580663	-7.205373400e-04
13.585663	-5.005480759e-04
13.590663	5.014030270e-04
13.595663	-5.256993810e-05
13.600664	1.114220588e-04
13.605664	6.028133312e-03
13.610664	2.542318680e-02
13.615664	2.294830758e-02
13.620665	5.866141217e-03
13.625665	1.324362865e-03
13.630665	4.039230374e-03
13.635665	2.245033188e-02
13.640666	3.499271978e-02
13.645666	1.265181006e-02
13.650666	1.177285296e-02
13.655666	3.863454206e-02
13.660667	1.979146164e-02
13.665667	1.686860428e-02
13.670667	4.095742870e-02
13.675667	1.641862624e-02
13.680668	3.166588214e-02
13.685668	3.217085750e-02
13.690668	1.702959642e-02
13.695668	3.973348843e-02
13.700669	2.531819192e-02
13.705669	3.592967406e-02
13.710669	2.653213268e-02
13.715669	2.990596803e-02
13.720670	4.067944226e-02
13.725670	1.846452639e-02
13.730670	4.146340400e-02
13.735670	2.376926751e-02
13.740671	2.266232153e-02
13.745671	4.045945300e-02
13.750671	9.563960757e-03
13.755671	1.675360989e-02
13.760672	4.051745017e-02
13.765672	1.569166171e-02
13.770672	4.479208902e-03
13.775672	3.687562790e-02
13.780672	3.211386028e-02
13.785673	3.705246673e-03
13.790673	-2.705592998e-04
13.795673	1.824453713e-02
13.800673	3.847055006e-02
13.805674	1.779455909e-02
13.810674	1.104373601e-03
13.815674	1.554351641e-03
13.820674	-7.105378280e-04
13.825675	1.083589868e-02
13.830675	3.719161247e-02
13.835675	2.492621105e-02
13.840675	-3.205568598e-04
13.845676	2.214319433e-03
13.850676	-8.825294345e-04
13.855676	-1.762486491e-03
13.860676	2.930284493e-03
13.865677	2.913100585e-02
13.870677	3.648264707e-02
13.875677	8.073033517e-03
13.880677	-1.102518699e-03
13.885678	1.268365598e-03
13.890678	1.276365207e-03
13.895678	1.497354423e-03
13.900678	-1.160515868e-03
13.905679	1.612348811e-03
13.910679	2.319314309e-03
13.915679	2.815290105e-03
13.920679	1.000378676e-03
13.925680	-6.065429032e-04
13.930680	4.454057597e-04
13.935680	2.834136653e-04
13.940680	-2.202465019e-03
13.945681	6.073978542e-04
13.950681	2.987281711e-03
13.955681	-5.955434400e-04
13.960681	5.514005870e-04
13.965682	5.081179525e-03
13.970682	2.244165444e-04
13.975682	1.204216196e-04
13.980682	-1.640677182e-02
13.985682	-3.824970584e-02
13.990683	-1.453386322e-02
13.995683	2.270316701e-03
14.000683	-2.603330203e-02
14.005683	-3.581182482e-02
14.010684	-6.350262599e-03
14.015684	-1.104403353e-02
14.020684	-3.945464704e-02
14.025684	-2.178050957e-02
14.030685	-1.877480879e-03
14.035685	-3.404291114e-02
14.040685	-3.199801094e-02
14.045685	-5.079324623e-03
14.050686	-3.034409165e-02
14.055686	-3.249698659e-02
14.060686	-4.028375911e-03
14.065686	-1.928363143e-02
14.070687	-3.912966290e-02
14.075687	-1.569080676e-02
14.080687	-1.322507963e-03
14.085687	-2.321343964e-02
14.090688	-3.470287894e-02
14.095688	-1.093803871e-02
14.100688	1.439357253e-03
14.105688	-2.375456577e-03
14.110689	-1.820483661e-03
14.115689	6.342440115e-05
14.120689	-2.349142608e-02
14.125689	-3.123404822e-02
14.130690	-4.248365175e-03
14.135690	-3.090421685e-03
14.140690	-5.079324623e-03
14.145690	2.834136653e-04
14.150691	-9.965238713e-04
14.155691	-2.929429542e-03
14.160691	1.772341003e-03
14.165691	4.374214026e-03
14.170692	1.718343638e-03
14.175692	-2.756437984e-03
14.180692	-2.715592510e-04
14.185692	9.993787248e-04
14.190692	1.674193260e-04
14.195693	1.162370770e-03
14.200693	-5.156998690e-05
14.205693	5.494006846e-04
14.210693	1.937332951e-03
14.215694	-2.715592510e-04
14.220694	-4.421356733e-03
14.225694	-2.751522971e-02
14.230694	-2.790721058e-02
14.235695	-1.933478146e-03
14.240695	-2.594445890e-03
14.245695	-4.257364736e-03
14.250695	2.874287226e-03
14.255696	-1.569080676e-02
14.260696	-3.884267691e-02
14.265696	-1.381689821e-02
14.270696	-4.572280481e-06
14.275697	-1.981475804e-03
14.280697	-2.370941544e-02
14.285697	-3.487687045e-02
14.290697	-9.171124935e-03
14.295698	2.166321776e-03
14.300698	-1.811768833e-02
14.305698	-3.592581925e-02
14.310698	-1.403588753e-02
14.315699	-1.992475267e-03
14.320699	-9.669100633e-03
14.325699	-3.276297361e-02
14.330699	-2.248647512e-02
14.335700	-4.536351121e-03
14.340700	-4.315361906e-03
14.345700	6.442435235e-05
14.350700	-1.877480879e-03
14.355701	-1.544497129e-03
14.360701	-1.535482316e-02
14.365701	-3.028609448e-02
14.370701	-1.287994394e-02
14.375702	2.491305916e-03
14.380702	9.993787248e-04
14.385702	-7.215372912e-04
14.390702	-1.600494396e-03
14.395703	-1.646492152e-03
14.400703	-3.033424467e-03
14.405703	4.924034662e-04
14.410703	-1.675643262e-04
14.415703	-3.531400165e-03
14.420704	-2.862432811e-03
14.425704	-9.888089946e-03
14.430704	-3.056408092e-02
14.435704	-1.757371487e-02
14.440705	1.602349299e-03
14.445705	-1.762486491e-03
14.450705	-3.807386696e-03
14.455705	5.514005870e-04
14.460706	8.843843367e-04
14.465706	-5.692294709e-03
14.470706	-2.039357726e-02
14.475706	-2.806920267e-02
14.480707	-1.022207365e-02
14.485707	-1.323507914e-03
14.490707	2.108324606e-03
14.495707	6.653950238e-04
14.500708	-3.923381035e-03
14.505708	-2.814435154e-03
14.510708	-2.096470192e-03
14.515708	1.684192772e-04
14.520709	-2.479451502e-03
14.525709	-7.565203307e-03
14.530709	-1.160900596e-02
14.535709	-1.779270419e-02
14.540710	-1.712373683e-02
14.545710	-3.254413682e-03
14.550710	3.703246771e-03
14.555710	1.487354911e-03
14.560711	-1.158515966e-03
14.565711	-2.715592510e-04
14.570711	-2.146467752e-03
14.575711	-2.756437984e-03
14.580712	-3.148418855e-03
14.585712	-3.207415976e-03
14.590712	1.601349347e-03
14.595712	2.606300304e-03
14.600713	3.894084925e-04
14.605713	-9.965238713e-04
14.610713	1.887335391e-03
14.615713	8.843843367e-04
14.620713	-3.148418855e-03
14.625714	-8.560154752e-03
14.630714	-2.210349381e-02
14.635714	-2.094755022e-02
14.640714	-2.872432323e-03
14.645715	-1.264510793e-03
14.650715	-6.522254205e-03
14.655715	-2.642443547e-03
14.660715	-6.352262501e-03
14.665716	-2.420839109e-02
14.670716	-2.502835107e-02
14.675716	-4.591348437e-03
14.680716	-1.056520943e-03
14.685717	-4.850335798e-03
14.690717	5.034029294e-04
14.695717	-8.235170612e-03
14.700717	-3.205500816e-02
14.705718	-2.150152319e-02
14.710718	-2.146467752e-03
14.715718	-5.404308763e-03
14.720718	-1.217513087e-03
14.725719	-1.039506520e-02
14.730719	-3.331694657e-02
14.735719	-2.121553714e-02
14.740719	-3.369408070e-03
14.745720	-2.594445890e-03
14.750720	5.514005870e-04
14.755720	5.024029782e-04
14.760720	-1.046521431e-03
14.765721	-3.980378254e-03
14.770721	-8.255322161e-04
14.775721	-1.085672053e-04
14.780721	-3.091421636e-03
14.785722	-1.045521480e-03
14.790722	-5.796289634e-03
14.795722	-9.114127717e-03
14.800722	-2.871432372e-03
14.805723	-4.085373130e-03
14.810723	-1.715488784e-03
14.815723	6.073978542e-04
14.820723	-5.485457335e-04
14.825723	2.319314309e-03
14.830724	7.223922423e-04
14.835724	1.172370282e-03
14.840724	6.421114134e-03
14.845724	9.343971493e-03
14.850725	8.570009264e-03
14.855725	4.422211684e-03
14.860725	-2.815587630e-04
14.865725	2.826289568e-03
14.870726	4.039230374e-03
14.875726	-2.815587630e-04
14.880726	1.684192772e-04
14.885726	1.391359595e-03
14.890727	1.612348811e-03
14.895727	4.934034174e-04
14.900727	1.684192772e-04
14.905727	3.404108837e-04
14.910728	6.643950726e-04
14.915728	2.491305916e-03
14.920728	1.674193260e-04
14.925728	-2.316459456e-03
14.930729	2.931284444e-03
14.935729	3.207270975e-03
14.940729	-5.690294806e-03
14.945729	-3.084206735e-02
14.950730	-2.508834814e-02
14.955730	-3.694392210e-03
14.960730	-4.582348876e-03
14.965730	-1.453186332e-02
14.970731	-3.188401650e-02
14.975731	-1.735472556e-02
14.980731	-3.367408168e-03
14.985731	-3.090421685e-03
14.990732	-1.735472556e-02
14.995732	-3.062207809e-02
15.000732	-1.696974435e-02
15.005732	-5.796289634e-03
15.010733	-1.209698215e-02
15.015733	-3.023009722e-02
15.020733	-1.767870975e-02
15.025733	-1.763486442e-03
15.030733	-4.640346046e-03
15.035734	-3.808386647e-03
15.040734	-1.679875269e-02
15.045734	-3.056408092e-02
15.050734	-1.447586605e-02
15.055735	-1.714488833e-03
15.060735	-5.090324086e-03
15.065735	-1.486499960e-03
15.070735	-7.182221997e-03
15.075736	-2.365241822e-02
15.080736	-2.232348307e-02
15.085736	-8.005181835e-03
15.090736	-3.149418806e-03
15.095737	-1.600494396e-03
15.100737	-7.450208919e-03
15.105737	-1.508683624e-02
15.110737	-2.542133189e-02
15.115738	-1.259395789e-02
15.120738	2.099325045e-03
15.125738	-6.417259329e-03
15.130738	-3.971378693e-03
15.135739	-7.695349488e-04
15.140739	-4.802338140e-03
15.145739	-1.513583385e-02
15.150739	-2.587130993e-02
15.155740	-1.309893325e-02
15.160740	-2.480451453e-03
15.165740	-4.860335310e-03
15.170740	-2.431453844e-03
15.175741	-1.150516356e-03
15.180741	-3.473402995e-03
15.185741	-8.626151531e-03
15.190741	-1.133201948e-02
15.195742	-2.061356652e-02
15.200742	-1.403588753e-02
15.205742	5.604001478e-04
15.210742	-9.315270433e-04
15.215743	1.684192772e-04
15.220743	-1.713488882e-03
15.225743	-2.929429542e-03
15.230743	-1.104518601e-03
15.235743	-4.925484663e-04
15.240744	5.427231524e-06
15.245744	3.894084925e-04
15.250744	3.414108349e-04
15.255744	-1.706489224e-03
15.260745	4.454057597e-04
15.265745	2.491305916e-03
15.270745	-4.445508087e-04
15.275745	-7.195373888e-04
15.280746	2.825289617e-03
15.285746	-6.545405608e-04
15.290746	1.765341344e-03
15.295746	9.947942018e-03
15.300747	4.259219638e-03
15.305747	-1.821483612e-03
15.310747	-3.473402995e-03
15.315747	-5.485457335e-04
15.320748	1.382360035e-03
15.325748	-1.085672053e-04
15.330748	1.105373552e-03
15.335748	1.497354423e-03
15.340749	7.313918031e-04
15.345749	-2.756437984e-03
15.350749	-2.546448232e-03
15.355749	-1.773485954e-03
15.360750	-1.542497227e-03
15.365750	-1.485884736e-02
15.370750	-2.868217276e-02
15.375750	-1.370090387e-02
15.380751	-4.362359612e-03
15.385751	-3.646394553e-03
15.390751	-2.986426760e-03
15.395751	-1.072004934e-02
15.400752	-2.542133189e-02
15.405752	-2.812619989e-02
15.410752	-6.676246690e-03
15.415752	-1.315693042e-02
15.420753	-2.984711591e-02
15.425753	-1.707773908e-02
15.430753	-7.679197744e-03
15.435753	-1.396889080e-02
15.440754	-2.276546151e-02
15.445754	-2.205749606e-02
15.450754	-8.176173491e-03
15.455754	-8.004181884e-03
15.460754	-1.248796307e-02
15.465755	-1.072004934e-02
15.470755	-2.359642095e-02
15.475755	-1.890065012e-02
15.480755	1.105373552e-03
15.485756	-1.983475706e-03
15.490756	-5.183319548e-03
15.495756	-3.865536391e-04
15.500756	6.073978542e-04
15.505757	-9.333117030e-03
15.510757	-4.583348827e-03
15.515757	1.022392855e-02
15.520757	5.253171132e-03
15.525758	-2.652443059e-03
15.530758	-1.494499569e-03
15.535758	-5.485457335e-04
15.540758	-6.016278898e-03
15.545759	-1.022107370e-02
15.550759	-9.334116981e-03
15.555759	-4.746340873e-03
15.560759	-8.355317281e-04
15.565760	7.520060503e-03
15.570760	1.122887951e-02
15.575760	1.182985018e-02
15.580760	8.016036298e-03
15.585761	-4.200367518e-03
15.590761	-5.023327356e-03
15.595761	7.242074069e-03
15.600761	8.895993355e-03
15.605762	2.213319482e-03
15.610762	1.099889073e-02
15.615762	2.161837248e-02
15.620762	1.432472842e-02
15.625763	1.348476941e-02
15.630763	9.183979301e-03
15.635763	4.317216808e-03
15.640763	1.266365695e-03
15.645764	2.041327876e-03
15.650764	1.470770973e-02
15.655764	2.122639161e-02
15.660764	2.216234593e-02
15.665764	1.260581231e-02
15.670765	6.183973174e-04
15.675765	1.554351641e-03
15.680765	1.044391781e-02
15.685765	3.078492513e-02
15.690766	2.664812702e-02
15.695766	4.317216808e-03
15.700766	7.624055428e-03
15.705766	2.366427263e-02
15.710767	2.664612711e-02
15.715767	1.182985018e-02
15.720767	3.370263021e-03
15.725767	3.534255018e-03
15.730768	5.483159908e-03
15.735768	2.636914063e-02
15.740768	3.249684159e-02
15.745768	7.576057770e-03
15.750769	5.427231524e-06
15.755769	1.918149140e-02
15.760769	3.531670397e-02
15.765769	1.393374750e-02
15.770770	5.369165471e-03
15.775770	2.957098438e-02
15.780770	3.199986584e-02
15.785770	8.293022781e-03
15.790771	2.875002444e-02
15.795771	3.863454206e-02
15.800771	9.278974665e-03
15.805771	3.123490317e-02
15.810772	3.516271149e-02
15.815772	5.531157565e-03
15.820772	3.011695773e-02
15.825772	3.559369046e-02
15.830773	1.034792250e-02
15.835773	3.559469041e-02
15.840773	2.951498711e-02
15.845773	1.724958568e-02
15.850774	4.499123184e-02
15.855774	2.182936218e-02
15.860774	2.050942660e-02
15.865774	3.548969553e-02
15.870774	9.392969102e-03
15.875775	2.570917284e-02
15.880775	3.841455279e-02
15.885775	9.890944799e-03
15.890775	2.769807578e-02
15.895776	3.874853649e-02
15.900776	9.898944409e-03
15.905776	2.708610564e-02
15.910776	3.515371193e-02
15.915777	5.751146829e-03
15.920777	2.249832953e-02
15.925777	4.079443665e-02
15.930777	1.117088234e-02
15.935778	2.851903571e-02
15.940778	3.923751263e-02
15.945778	7.414065676e-03
15.950778	2.350028064e-02
15.955779	3.697062326e-02
15.960779	8.571009215e-03
15.965779	1.713559125e-02
15.970779	4.360629943e-02
15.975780	1.311278757e-02
15.980780	1.951447515e-02
15.985780	4.377529118e-02
15.990780	1.177285296e-02
15.995781	2.343528381e-02
16.000781	3.924651219e-02
16.005781	7.185076851e-03
16.010781	3.072892787e-02
16.015782	4.045945300e-02
16.020782	8.187027954e-03
16.025782	3.709461721e-02
16.030782	3.040494368e-02
16.035783	1.856952127e-02
16.040783	3.873753703e-02
16.045783	1.763356694e-02
16.050783	3.499171983e-02
16.055784	2.984797086e-02
16.060784	2.946698945e-02
16.065784	3.870153879e-02
16.070784	2.315829733e-02
16.075784	4.217036950e-02
16.080785	2.261332392e-02
16.085785	3.349179303e-02
16.090785	3.138789571e-02
16.095785	1.609264214e-02
16.100786	4.079343670e-02
16.105786	1.823453762e-02
16.110786	6.746098274e-03
16.115786	3.980048516e-02
16.120787	2.775407304e-02
16.125787	4.641200997e-03
16.130787	3.548169592e-02
16.135787	3.267983266e-02
16.140788	4.812192652e-03
16.145788	3.122490366e-02
16.150788	3.261283593e-02
16.155788	1.127687716e-02
16.160789	4.101342596e-02
16.165789	2.476321900e-02
16.170789	1.747057490e-02
16.175789	4.090843109e-02
16.180790	1.663861550e-02
16.185790	3.183787375e-02
16.190790	3.741960135e-02
16.195790	7.796047034e-03
16.200791	3.189387101e-02
16.205791	3.194286862e-02
16.210791	8.629006384e-03
16.215791	3.681763073e-02
16.220792	2.901701141e-02
16.225792	2.653298010e-03
16.230792	3.476273101e-02
16.235792	3.720061204e-02
16.240793	8.953837999e-04
16.245793	1.337877459e-02
16.250793	4.073643948e-02
16.255793	2.029043728e-02
16.260794	-4.445508087e-04
16.265794	1.022392855e-02
16.270794	3.493572257e-02
16.275794	2.675212194e-02
16.280794	3.149273806e-03
16.285795	-4.915485151e-04
16.290795	1.504369334e-02
16.295795	3.681763073e-02
16.300795	1.978346203e-02
16.305796	4.201222469e-03
16.310796	1.114373113e-03
16.315796	-2.048472534e-03
16.320796	1.619763702e-02
16.325797	3.803157148e-02
16.330797	1.890450492e-02
16.335797	8.373866303e-04
16.340797	1.601349347e-03
16.345798	1.047376382e-03
16.350798	1.889335293e-03
16.355798	1.862651849e-02
16.360798	3.570868484e-02
16.365799	1.548167196e-02
16.370799	1.707344175e-03
16.375799	1.114220588e-04
16.380799	1.889335293e-03
16.385800	1.889335293e-03
16.390800	2.254164956e-04
16.395800	1.544352129e-03
16.400800	5.970136142e-03
16.405801	2.305330245e-02
16.410801	2.780407060e-02
16.415801	6.640103447e-03
16.420801	-1.160515868e-03
16.425802	3.864086389e-04
16.430802	-4.925484663e-04
16.435802	2.329313821e-03
16.440802	-9.332117078e-03
16.445803	-2.923614572e-02
16.450803	-1.641677133e-02
16.455803	-6.635401216e-04
16.460803	-7.115377792e-04
16.465804	2.264164468e-04
16.470804	-4.915485151e-04
16.475804	2.834136653e-04
16.480804	-7.775345584e-04
16.485804	4.454057597e-04
16.490805	1.204216196e-04
16.495805	1.094221564e-04
16.500805	-1.935478049e-03
16.505805	9.433814576e-04
16.510806	2.157322215e-03
16.515806	1.104221076e-04
16.520806	2.604300402e-03
16.525806	1.449356765e-03
16.530807	-1.713488882e-03
16.535807	9.413815552e-04
16.540807	-1.668575821e-02
16.545807	-3.570582999e-02
16.550808	-1.331992247e-02
16.555808	1.554351641e-03
16.560808	-2.316459456e-03
16.565808	1.545352080e-03
16.570809	-2.216149098e-02
16.575809	-3.774473049e-02
16.580809	-9.726097851e-03
16.585809	3.151273708e-03
16.590810	-5.404308763e-03
16.595810	-3.281997083e-02
16.600810	-2.907215373e-02
16.605810	-3.311410900e-03
16.610811	-3.427405240e-03
16.615811	-2.869017237e-02
16.620811	-3.359293310e-02
16.625811	-2.977427199e-03
16.630812	-1.254696019e-02
16.635812	-3.791572214e-02
16.640812	-1.967561230e-02
16.645812	-2.871432372e-03
16.650813	-3.774273059e-02
16.655813	-3.221800020e-02
16.660813	-2.317459407e-03
16.665813	-3.122404871e-02
16.670814	-3.167402675e-02
16.675814	-6.456257426e-03
16.680814	-3.337394379e-02
16.685814	-2.907215373e-02
16.690815	-4.305362394e-03
16.695815	-3.211400528e-02
16.700815	-3.338394330e-02
16.705815	-1.542497227e-03
16.710815	-2.415139387e-02
16.715816	-4.034260371e-02
16.720816	-8.673149237e-03
16.725816	-2.202465019e-03
16.730816	-3.315495448e-02
16.735817	-3.128104593e-02
16.740817	-2.536448720e-03
16.745817	-2.039472973e-03
16.750817	-2.929429542e-03
16.755818	1.684192772e-04
16.760818	1.878335830e-03
16.765818	-2.625329129e-02
16.770818	-3.607781184e-02
16.775819	-4.583348827e-03
16.780819	7.693899487e-04
16.785819	-2.040472925e-03
16.790819	2.254164956e-04
16.795820	1.831338124e-03
16.800820	-3.425405337e-03
16.805820	1.237582353e-02
16.810820	4.073543953e-02
16.815821	1.553866918e-02
16.820821	-4.189368054e-03
16.825821	3.207270975e-03
16.830821	1.267365647e-03
16.835822	-1.273510354e-03
16.840822	3.874085901e-04
16.845822	2.703810798e-02
16.850822	3.847155001e-02
16.855823	8.838996136e-03
16.860823	-5.965433912e-04
16.865823	-8.745298249e-04
16.870823	3.304113717e-04
16.875824	1.325362816e-03
16.880824	9.124982180e-03
16.885824	3.958049589e-02
16.890824	2.586316532e-02
16.895825	1.324362865e-03
16.900825	2.549303086e-03
16.905825	-8.165326553e-04
16.910825	3.874085901e-04
16.915825	-1.655644238e-04
16.920826	-1.565648630e-04
16.925826	3.647249504e-03
16.930826	-2.715592510e-04
16.935826	1.812954274e-02
16.940827	3.957049638e-02
16.945827	1.619963692e-02
16.950827	1.684192772e-04
16.955827	-2.700440717e-03
16.960828	-1.543497178e-03
16.965828	3.753244331e-03
16.970828	4.454057597e-04
16.975828	-3.765541271e-04
16.980829	-1.819483709e-03
16.985829	6.907090417e-03
16.990829	3.344379538e-02
16.995829	2.891101658e-02
17.000830	3.819241110e-03
17.005830	1.278365110e-03
17.010830	8.283870695e-04
17.015830	-3.808386647e-03
17.020831	5.368165520e-03
17.025831	3.936962245e-02
17.030831	2.995040871e-02
17.035831	1.529683673e-03
17.040832	-2.883412834e-03
17.045832	1.909447531e-02
17.050832	3.925111557e-02
17.055832	1.342497305e-02
17.060833	4.157155630e-03
17.065833	3.456049076e-02
17.070833	2.919468719e-02
17.075833	2.544481798e-03
17.080834	2.657245610e-02
17.085834	2.751609421e-02
17.090834	6.829712155e-03
17.095834	2.804481555e-02
17.100835	2.500697559e-02
17.105835	6.633804179e-03
17.110835	2.592683590e-02
17.115835	1.723987265e-02
17.120835	1.215325498e-02
17.125836	2.616278932e-02
17.130836	1.273845257e-02
17.135836	1.955982825e-02
17.140836	1.441893387e-02
17.145837	6.029419501e-03
17.150837	1.989150081e-02
17.155837	1.003125056e-02
17.160837	7.704235471e-03
17.165838	1.405723809e-02
17.170838	9.245740085e-03
17.175838	1.232647567e-02
17.180838	6.711861048e-03
17.185839	7.378023654e-03
17.190839	8.504961880e-03
17.195839	3.998788229e-03
17.200839	6.794239072e-03
17.205840	2.912344144e-03
17.210840	3.130453029e-03
17.215840	4.655534441e-03
17.220840	1.668291452e-03
17.225841	2.344184644e-03
17.230841	1.921137330e-03
17.235841	1.126146873e-03
17.240841	1.290730433e-03
17.245842	4.139297744e-04
17.250842	1.814615209e-04
17.255842	3.113432986e-04
17.260842	1.031008769e-04
17.265843	3.599493468e-06
17.270843	-0.000000000e+00
