exp_T9_run22
3345	0
0.000000	-0.000000000e+00
0.005000	-1.433383567e-05
0.010001	-1.416229425e-04
0.015001	-1.247598940e-04
0.020001	6.353955907e-05
0.025001	-7.924223953e-06
0.030002	-9.292948126e-05
0.035002	-1.391267196e-04
0.040002	5.869961062e-05
0.045003	6.118883169e-05
0.050003	-4.425613126e-04
0.055003	-3.639086051e-03
0.060003	-3.510308069e-03
0.065004	-1.097370412e-03
0.070004	-5.690452288e-03
0.075004	-6.548648538e-03
0.080005	-3.962146258e-03
0.085005	-9.463623769e-03
0.090005	-7.200837193e-03
0.095005	-8.413513805e-03
0.100006	-1.124469474e-02
0.105006	-3.776929561e-03
0.110006	-1.081932383e-02
0.115007	-1.500265553e-02
0.120007	-4.658050993e-03
0.125007	-4.553651959e-03
0.130008	-1.644139219e-02
0.135008	-1.246618855e-02
0.140008	-1.735750247e-03
0.145008	-1.790411692e-03
0.150009	-3.932255618e-04
0.155009	5.705913470e-04
0.160009	-2.710841497e-03
0.165010	-2.157923572e-03
0.170010	-9.834736180e-03
0.175010	-2.443526266e-02
0.180010	-1.203505070e-02
0.185011	-8.757706417e-04
0.190011	-1.327624178e-03
0.195011	-1.462208905e-03
0.200012	-1.692988270e-03
0.205012	-1.344974993e-02
0.210012	-3.115223738e-02
0.215012	-1.467377814e-02
0.220013	3.330313421e-04
0.225013	-3.654927357e-03
0.230013	-3.526345642e-03
0.235014	-2.404206986e-03
0.240014	-9.301472972e-03
0.245014	-1.887709539e-02
0.250014	-1.983268449e-02
0.255015	-9.385287863e-03
0.260015	-1.756728438e-03
0.265015	2.115047953e-03
0.270016	1.388089938e-03
0.275016	-6.587918479e-04
0.280016	-8.777792006e-04
0.285016	8.341219313e-04
0.290017	2.321566968e-04
0.295017	-3.718084222e-04
0.300017	-2.088178354e-04
0.305018	1.389089880e-03
0.310018	2.601019887e-03
0.315018	1.167102700e-03
0.320018	5.661374083e-04
0.325019	-4.911546237e-03
0.330019	-6.124476186e-03
0.335019	-2.855918051e-02
0.340020	-2.889516110e-02
0.345020	-1.709731153e-03
0.350020	-1.734882794e-02
0.355021	-3.558677464e-02
0.360021	-1.419301020e-02
0.365021	-2.502338471e-02
0.370021	-3.746866595e-02
0.375022	-1.204113448e-02
0.380022	-3.088404624e-02
0.385022	-3.143901419e-02
0.390023	-1.347605161e-02
0.395023	-3.767865383e-02
0.400023	-2.585533666e-02
0.405023	-1.420300962e-02
0.410024	-3.763065660e-02
0.415024	-1.861975454e-02
0.420024	-6.069479362e-03
0.425025	-3.419985474e-02
0.430025	-2.878916722e-02
0.435025	-1.814725089e-03
0.440025	-1.065721441e-02
0.445026	-3.541378463e-02
0.450026	-2.375145817e-02
0.455026	-9.347759089e-04
0.460027	-7.119418725e-03
0.465027	-3.259494743e-02
0.470027	-2.713726263e-02
0.475027	-3.638619753e-03
0.480028	-1.975715791e-03
0.485028	-2.436542271e-02
0.490028	-3.288093091e-02
0.495029	-9.499281280e-03
0.500029	-2.971658272e-03
0.505029	-1.635388540e-02
0.510029	-3.486781616e-02
0.515030	-1.695485070e-02
0.520030	-6.597917901e-04
0.525030	-2.226154422e-02
0.530031	-3.497381004e-02
0.535031	-1.027423652e-02
0.540031	-3.524626336e-03
0.545031	-3.142648397e-03
0.550032	-7.894373968e-03
0.555032	-3.359788950e-02
0.560032	-2.027165914e-02
0.565033	2.401562348e-04
0.570033	-4.968012034e-04
0.575033	-2.818667108e-03
0.580033	-7.047891914e-04
0.585034	-6.898431488e-03
0.590034	-3.221196954e-02
0.595034	-2.469940342e-02
0.600035	-3.305638983e-03
0.605035	-7.386403306e-03
0.610035	-2.834919263e-02
0.615036	-2.835119252e-02
0.620036	-3.803610224e-03
0.625036	-1.115318576e-02
0.630036	-3.458183268e-02
0.635037	-2.248053157e-02
0.640037	-4.472571589e-03
0.645037	-4.634562234e-03
0.650038	-8.782322686e-03
0.655038	-3.315791491e-02
0.660038	-1.894473577e-02
0.665038	7.851247610e-04
0.670039	-2.865664394e-03
0.675039	-1.871721797e-03
0.680039	-8.777792006e-04
0.685040	1.723070591e-03
0.690040	-9.257764286e-04
0.695040	4.045936438e-03
0.700040	3.145135368e-02
0.705041	2.592567281e-02
0.710041	2.946999905e-03
0.715041	4.876888448e-03
0.720042	-1.098766438e-03
0.725042	-3.808079024e-04
0.730042	3.548965140e-03
0.735042	1.168102643e-03
0.740043	5.561379858e-04
0.745043	1.226099293e-03
0.750043	1.169102585e-03
0.755044	1.224099409e-03
0.760044	-1.248210901e-02
0.765044	-3.503080675e-02
0.770044	-1.844676453e-02
0.775045	-2.425689804e-03
0.780045	-2.558935202e-02
0.785045	-3.204097942e-02
0.790046	-7.176415433e-03
0.795046	-2.050164586e-02
0.800046	-3.762165712e-02
0.805046	-1.607590146e-02
0.810047	-3.165800154e-02
0.815047	-2.889516110e-02
0.820047	-1.541693951e-02
0.825048	-3.707868848e-02
0.830048	-2.021566237e-02
0.835048	6.241340588e-04
0.840049	-8.447342033e-03
0.845049	-3.155300760e-02
0.850049	-2.967011635e-02
0.855049	-4.634562234e-03
0.860050	8.341219313e-04
0.865050	-1.645787940e-02
0.870050	-3.718268247e-02
0.875051	-1.640188263e-02
0.880051	2.277038598e-03
0.885051	-1.950770326e-02
0.890051	-3.730667531e-02
0.895052	-1.463298479e-02
0.900052	-9.837730791e-04
0.905052	-2.359946695e-02
0.910053	-3.380787738e-02
0.915053	-1.729083129e-02
0.920053	-3.166800096e-02
0.925053	-2.607432401e-02
0.930054	-2.529936877e-02
0.935054	-3.895058037e-02
0.940054	-2.176457292e-02
0.945055	-3.658071723e-02
0.950055	-2.901015446e-02
0.955055	-3.530979064e-02
0.960055	-2.950612582e-02
0.965056	-2.447841618e-02
0.970056	-4.011751297e-02
0.975056	-1.391602620e-02
0.980057	-2.784322185e-02
0.985057	-3.397986744e-02
0.990057	-9.165300568e-03
0.995057	-3.005109434e-02
1.000058	-3.426685087e-02
1.005058	-3.755612996e-03
1.010058	-1.341905490e-02
1.015059	-3.701969188e-02
1.020059	-1.707084400e-02
1.025059	-6.577919057e-04
1.030059	-1.866675183e-02
1.035060	-3.580576199e-02
1.040060	-1.369603890e-02
1.045060	-2.531683682e-03
1.050061	-2.950712576e-02
1.055061	-3.155200766e-02
1.060061	-7.673386731e-03
1.065062	-1.739682517e-02
1.070062	-3.674370782e-02
1.075062	-1.231911842e-02
1.080062	-2.259452498e-02
1.085063	-3.646672382e-02
1.090063	-1.967069385e-02
1.095063	-3.292792820e-02
1.100064	-3.337790221e-02
1.105064	-3.790864054e-02
1.110064	-3.005209428e-02
1.115064	-3.143801424e-02
1.120065	-3.646572388e-02
1.125065	-3.260394691e-02
1.130065	-3.343489892e-02
1.135066	-2.154458562e-02
1.140066	-3.751766312e-02
1.145066	-1.806378665e-02
1.150066	-1.352404884e-02
1.155067	-3.735567248e-02
1.160067	-2.061663921e-02
1.165067	-1.723283464e-02
1.170068	-3.762365700e-02
1.175068	-2.110361109e-02
1.180068	-1.488743915e-03
1.185068	-2.005267179e-02
1.190069	-3.414285803e-02
1.195069	-1.109718900e-02
1.200069	-3.142648397e-03
1.205070	-6.567919634e-04
1.210070	-8.611332562e-03
1.215070	-3.608274599e-02
1.220070	-2.038665250e-02
1.225071	-9.257764286e-04
1.230071	-4.682559462e-03
1.235071	1.161633958e-04
1.240072	8.911186395e-04
1.245072	-1.039769845e-03
1.250072	-1.778680265e-02
1.255072	-3.453383545e-02
1.260073	-1.065721441e-02
1.265073	-2.369693038e-03
1.270073	-2.758139662e-04
1.275074	-1.607690140e-02
1.280074	-3.962054167e-02
1.285074	-1.270209631e-02
1.290075	-1.739482529e-02
1.295075	-3.641672671e-02
1.300075	-1.794879329e-02
1.305075	-3.154300818e-02
1.310076	-2.984310635e-02
1.315076	-2.984110647e-02
1.320076	-3.441984203e-02
1.325077	-2.563634931e-02
1.330077	-3.807063119e-02
1.335077	-3.785164383e-02
1.340077	-3.834961507e-02
1.345078	-3.424685202e-02
1.350078	-3.459083216e-02
1.355078	-4.067248092e-02
1.360079	-4.691412045e-02
1.365079	-4.166642352e-02
1.370079	-3.912357038e-02
1.375079	-4.382629878e-02
1.380080	-4.453325795e-02
1.385080	-4.260136952e-02
1.390080	-4.575718726e-02
1.395081	-4.713510768e-02
1.400081	-4.204840146e-02
1.405081	-4.503022925e-02
1.410081	-4.913099241e-02
1.415082	-3.934155779e-02
1.420082	-3.420085468e-02
1.425082	-3.796763714e-02
1.430083	-1.435500085e-02
1.435083	-2.496638800e-02
1.440083	-3.719168195e-02
1.445083	-1.430700362e-02
1.450084	-1.961369714e-02
1.455084	-3.072105565e-02
1.460084	-1.496796544e-02
1.465085	-5.743498189e-03
1.470085	-1.944070713e-02
1.475085	-3.243095690e-02
1.480085	-1.579891745e-02
1.485086	-2.149705743e-03
1.490086	-1.508195886e-02
1.495086	-2.921914239e-02
1.500087	-1.695685058e-02
1.505087	-5.246526891e-03
1.510087	-5.024539711e-03
1.515087	-1.422747727e-03
1.520088	-6.728441305e-03
1.525088	-2.354247024e-02
1.530088	-2.718425991e-02
1.535089	-6.736440843e-03
1.540089	1.828064528e-03
1.545089	-3.190645625e-03
1.550090	-3.582622987e-03
1.555090	-1.608206074e-04
1.560090	-6.007951974e-04
1.565090	8.421214693e-04
1.570091	5.315863096e-03
1.575091	3.394720954e-02
1.580091	2.852652260e-02
1.585092	2.117494718e-02
1.590092	3.797897669e-02
1.595092	3.250129304e-02
1.600092	4.085781043e-02
1.605093	4.185175302e-02
1.610093	4.410762274e-02
1.615093	4.400162886e-02
1.620094	4.201274373e-02
1.625094	4.837037655e-02
1.630094	5.478500608e-02
1.635094	5.936474159e-02
1.640095	5.898076377e-02
1.645095	6.169560697e-02
1.650095	6.595036125e-02
1.655096	7.070008693e-02
1.660096	7.362491802e-02
1.665096	8.058351613e-02
1.670096	8.081250291e-02
1.675097	8.329935928e-02
1.680097	8.788809427e-02
1.685097	8.545923454e-02
1.690098	8.848905956e-02
1.695098	8.993197623e-02
1.700098	8.866104963e-02
1.705098	9.247682925e-02
1.710099	9.994239809e-02
1.715099	1.006003601e-01
1.720099	1.025312486e-01
1.725100	1.123676805e-01
1.730100	1.152445143e-01
1.735100	1.187813101e-01
1.740100	1.279587801e-01
1.745101	1.327675023e-01
1.750101	1.354153494e-01
1.755101	1.423259503e-01
1.760102	1.485765893e-01
1.765102	1.519993916e-01
1.770102	1.575240726e-01
1.775103	1.642626834e-01
1.780103	1.686324310e-01
1.785103	1.726771974e-01
1.790103	1.798547829e-01
1.795104	1.856554479e-01
1.800104	1.932270106e-01
1.805104	1.978727423e-01
1.810105	1.999766208e-01
1.815105	2.114659572e-01
1.820105	2.186545421e-01
1.825105	2.158917016e-01
1.830106	2.171056315e-01
1.835106	2.188175326e-01
1.840106	2.133488485e-01
1.845107	2.105290113e-01
1.850107	2.172686221e-01
1.855107	2.150027530e-01
1.860107	2.152227403e-01
1.865108	2.185485482e-01
1.870108	2.150697491e-01
1.875108	2.160556922e-01
1.880109	2.069922156e-01
1.885109	2.042293752e-01
1.890109	2.013515414e-01
1.895109	1.878163231e-01
1.900110	1.849974859e-01
1.905110	1.795777989e-01
1.910110	1.708983001e-01
1.915111	1.655346099e-01
1.920111	1.622747982e-01
1.925111	1.521143850e-01
1.930111	1.387891546e-01
1.935112	1.393431226e-01
1.940112	1.312175918e-01
1.945112	1.312085924e-01
1.950113	1.384651733e-01
1.955113	1.266398562e-01
1.960113	1.220411218e-01
1.965113	1.213821599e-01
1.970114	1.182273421e-01
1.975114	1.195562653e-01
1.980114	1.191163907e-01
1.985115	1.168408222e-01
1.990115	1.139735877e-01
1.995115	1.105516854e-01
2.000116	1.106567793e-01
2.005116	1.092709593e-01
2.010116	1.045200337e-01
2.015116	1.011556280e-01
2.020117	9.823059695e-02
2.025117	8.832636896e-02
2.030117	7.893031161e-02
2.035118	7.682783304e-02
2.040118	7.003112557e-02
2.045118	6.412386673e-02
2.050118	6.926586977e-02
2.055119	4.859926333e-02
2.060119	3.449087814e-02
2.065119	3.830535784e-02
2.070120	3.632587216e-02
2.075120	3.654565947e-02
2.080120	2.631805015e-02
2.085120	4.013065242e-02
2.090121	2.084076648e-02
2.095121	1.802972883e-02
2.100121	3.980507123e-02
2.105122	3.394630959e-02
2.110122	3.438578421e-02
2.115122	1.708358347e-02
2.120122	2.123264385e-02
2.125123	3.488275551e-02
2.130123	1.443583639e-02
2.135123	8.194096868e-03
2.140124	3.124036587e-02
2.145124	3.017942714e-02
2.150124	5.804034902e-03
2.155124	9.627514083e-03
2.160125	3.482545882e-02
2.165125	2.371800031e-02
2.170125	9.570817357e-03
2.175126	3.476796214e-02
2.180126	2.964385807e-02
2.185126	3.720355241e-03
2.190126	2.586877610e-02
2.195127	3.643086610e-02
2.200127	1.344199378e-02
2.205127	3.106897577e-02
2.210128	3.383081626e-02
2.215128	5.756437651e-03
2.220128	2.880340661e-02
2.225129	3.372572233e-02
2.230129	1.908176807e-02
2.235129	3.925080324e-02
2.240129	3.095348244e-02
2.245130	3.543702350e-02
2.250130	4.494867417e-02
2.255130	4.687006320e-02
2.260131	5.682048853e-02
2.265131	6.219277826e-02
2.270131	6.627394256e-02
2.275131	6.919887363e-02
2.280132	7.175212618e-02
2.285132	7.296575608e-02
2.290132	6.788014980e-02
2.295133	5.544436800e-02
2.300133	4.837057654e-02
2.305133	3.146015317e-02
2.310133	4.134428233e-02
2.315134	1.890967801e-02
2.320134	-3.015708822e-02
2.325134	-3.431494809e-02
2.330135	-3.680930403e-02
2.335135	-5.166414612e-02
2.340135	-8.162271591e-02
2.345135	-1.041244164e-01
2.350136	-1.095346039e-01
2.355136	-1.205847657e-01
2.360136	-1.304211976e-01
2.365137	-1.437465280e-01
2.370137	-1.601107830e-01
2.375137	-1.640876533e-01
2.380137	-1.743643598e-01
2.385138	-1.804429087e-01
2.390138	-1.809972767e-01
2.395138	-1.917709545e-01
2.400139	-1.935962491e-01
2.405139	-1.960913050e-01
2.410139	-2.015022925e-01
2.415139	-2.055358595e-01
2.420140	-2.095120299e-01
2.425140	-2.141578616e-01
2.430140	-2.067592888e-01
2.435141	-1.976874128e-01
2.440141	-1.985663620e-01
2.445141	-1.953655469e-01
2.450141	-1.863040702e-01
2.455142	-1.755296925e-01
2.460142	-1.655792671e-01
2.465142	-1.616504940e-01
2.470143	-1.530369915e-01
2.475143	-1.426365921e-01
2.480143	-1.355640006e-01
2.485144	-1.278314472e-01
2.490144	-1.152791721e-01
2.495144	-1.090375326e-01
2.500144	-1.040678196e-01
2.505145	-9.494734636e-02
2.510145	-8.946966272e-02
2.515145	-8.029319269e-02
2.520146	-7.035176684e-02
2.525146	-5.542162911e-02
2.530146	-4.807105363e-02
2.535146	-3.901857644e-02
2.540147	-1.353404826e-02
2.545147	-3.524626336e-03
2.550147	-3.964600926e-03
2.555148	6.864773641e-03
2.560148	3.228230569e-02
2.565148	4.046583307e-02
2.570148	4.815038926e-02
2.575149	6.157061419e-02
2.580149	6.792824702e-02
2.585149	7.435187603e-02
2.590150	7.772668113e-02
2.595150	8.490526654e-02
2.600150	8.821207556e-02
2.605150	8.572721907e-02
2.610151	8.893903357e-02
2.615151	9.136689336e-02
2.620151	8.816407833e-02
2.625152	8.645217720e-02
2.630152	8.882404021e-02
2.635152	8.440829524e-02
2.640152	7.137004824e-02
2.645153	7.268897207e-02
2.650153	6.931316703e-02
2.655153	5.499399401e-02
2.660154	4.372564480e-02
2.665154	4.312267962e-02
2.670154	2.460674898e-02
2.675154	7.247751522e-03
2.680155	7.963710173e-03
2.685155	7.467738817e-03
2.690155	2.498972686e-02
2.695156	1.410135570e-02
2.700156	-1.518211272e-04
2.705156	1.454086126e-03
2.710157	-5.997952552e-04
2.715157	5.259866330e-03
2.720157	9.235636715e-03
2.725157	7.964710116e-03
2.730158	8.431214115e-04
2.735158	-1.652734444e-03
2.740158	5.746838205e-03
2.745159	3.362222831e-02
2.750159	2.692961483e-02
2.755159	1.011458595e-02
2.760159	3.410820024e-02
2.765160	3.112637245e-02
2.770160	3.328624771e-02
2.775160	4.383863827e-02
2.780161	4.090480771e-02
2.785161	3.670805009e-02
2.790161	4.113379449e-02
2.795161	4.621050129e-02
2.800162	4.841837378e-02
2.805162	5.997570630e-02
2.810162	6.197359092e-02
2.815163	6.307152751e-02
2.820163	5.974471964e-02
2.825163	5.279612095e-02
2.830163	5.683088793e-02
2.835164	5.527197796e-02
2.840164	5.074123963e-02
2.845164	5.793882394e-02
2.850165	4.528155494e-02
2.855165	3.250229299e-02
2.860165	4.018884906e-02
2.865165	1.913906476e-02
2.870166	4.532908314e-03
2.875166	5.861831564e-03
2.880166	2.669015960e-03
2.885167	-2.703673749e-03
2.890167	-2.967011635e-02
2.895167	-3.845260913e-02
2.900167	-5.316475945e-02
2.905168	-7.029577008e-02
2.910168	-7.322060116e-02
2.915168	-8.532190227e-02
2.920169	-1.030148804e-01
2.925169	-1.185489833e-01
2.930169	-1.199829005e-01
2.935170	-1.288723871e-01
2.940170	-1.421396208e-01
2.945170	-1.394347771e-01
2.950170	-1.446264772e-01
2.955171	-1.466813585e-01
2.960171	-1.455144259e-01
2.965171	-1.443484933e-01
2.970172	-1.369499206e-01
2.975172	-1.346840514e-01
2.980172	-1.288823865e-01
2.985172	-1.203078817e-01
2.990173	-1.165510987e-01
2.995173	-1.138552544e-01
3.000173	-1.091525260e-01
3.005174	-1.010179958e-01
3.010174	-9.875212662e-02
3.015174	-1.020689351e-01
3.020174	-9.731720950e-02
3.025175	-9.097057604e-02
3.030175	-9.046460526e-02
3.035175	-8.559888627e-02
3.040176	-8.184310318e-02
3.045176	-7.250264262e-02
3.050176	-6.576303186e-02
3.055176	-6.222823600e-02
3.060177	-5.426469593e-02
3.065177	-4.630115585e-02
3.070177	-3.182999161e-02
3.075178	-3.912357038e-02
3.080178	-3.016608770e-02
3.085178	-1.077120782e-02
3.090178	-3.232696290e-02
3.095179	-3.149501095e-02
3.100179	-4.241584929e-03
3.105179	8.331219890e-04
3.110180	-1.260757082e-03
3.115180	-5.897958327e-04
3.120180	-1.096766553e-03
3.125180	1.170037061e-06
3.130181	1.502083354e-03
3.135181	-2.751670977e-03
3.140181	5.641844269e-03
3.145182	3.256028964e-02
3.150182	2.471174292e-02
3.155182	5.478853682e-03
3.160183	5.039879035e-03
3.165183	2.058051245e-03
3.170183	1.116945956e-05
3.175183	1.502083354e-03
3.180184	1.445086646e-03
3.185184	-1.373750557e-03
3.190184	5.916668756e-05
3.195185	2.333035364e-03
3.200185	1.780067300e-03
3.205185	2.018200453e-02
3.210185	2.554369487e-02
3.215186	8.738665417e-03
3.220186	4.264923791e-03
3.225186	2.276038656e-03
3.230187	2.105048531e-03
3.235187	2.382032534e-03
3.240187	2.286038078e-03
3.245187	-5.513511471e-03
3.250188	-2.845418657e-02
3.255188	-2.420143218e-02
3.260188	-3.201644990e-03
3.265189	-2.325448687e-02
3.270189	-3.591075593e-02
3.275189	-1.087620176e-02
3.280189	-2.099861715e-02
3.285190	-3.879858915e-02
3.290190	-1.043722711e-02
3.295190	-3.353636211e-03
3.300191	-8.448341975e-03
3.305191	-1.593737852e-03
3.310191	-4.858018387e-04
3.315191	9.481153478e-04
3.320192	2.822007124e-03
3.325192	2.083996653e-02
3.330192	3.344823836e-02
3.335193	1.880408410e-02
3.340193	3.361222888e-02
3.345193	4.079981378e-02
3.350193	3.626807550e-02
3.355194	3.719602191e-02
3.360194	3.736901192e-02
3.365194	3.362122836e-02
3.370195	3.803697334e-02
3.375195	3.029442050e-02
3.380195	2.643164359e-02
3.385195	3.814196728e-02
3.390196	1.261044181e-02
3.395196	7.916712888e-03
3.400196	4.427914378e-03
3.405197	1.713071169e-03
3.410197	-8.286351330e-03
3.415197	-3.160000489e-02
3.420198	-3.784164441e-02
3.425198	-4.658013973e-02
3.430198	-5.576560924e-02
3.435198	-6.123229352e-02
3.440199	-6.487408320e-02
3.445199	-6.835388223e-02
3.450199	-7.526648300e-02
3.455200	-7.836330415e-02
3.460200	-8.311402978e-02
3.465200	-8.151712200e-02
3.470200	-8.251106460e-02
3.475201	-8.432795967e-02
3.480201	-8.079016399e-02
3.485201	-8.278904855e-02
3.490202	-7.908026274e-02
3.495202	-6.924283089e-02
3.500202	-6.051533493e-02
3.505202	-5.702753636e-02
3.510203	-4.415227995e-02
3.515203	-3.066205906e-02
3.520203	-3.917956714e-02
3.525204	-1.801778931e-02
3.530204	-2.473687032e-03
3.535204	-8.333348616e-03
3.540204	-9.837730791e-04
3.545205	-6.477924832e-04
3.550205	1.155950250e-02
3.555205	3.140335645e-02
3.560206	3.013042997e-02
3.565206	4.090380777e-02
3.570206	4.892634444e-02
3.575206	5.947773506e-02
3.580207	7.495384127e-02
3.585207	8.031653155e-02
3.590207	9.407173714e-02
3.595208	1.026942392e-01
3.600208	1.078369422e-01
3.605208	1.125976672e-01
3.610208	1.235890324e-01
3.615209	1.287327354e-01
3.620209	1.307216205e-01
3.625209	1.391141358e-01
3.630210	1.450407935e-01
3.635210	1.400690806e-01
3.640210	1.363512954e-01
3.645211	1.346983908e-01
3.650211	1.264668662e-01
3.655211	1.135816104e-01
3.660211	1.012613219e-01
3.665212	9.535266316e-02
3.670212	8.600420307e-02
3.675212	6.942016085e-02
3.680213	6.202958769e-02
3.685213	4.588452012e-02
3.690213	4.184175360e-02
3.695213	3.748200539e-02
3.700214	9.685610728e-03
3.705214	3.931943022e-03
3.710214	3.929943137e-03
3.715215	-9.605275158e-03
3.720215	-3.094004300e-02
3.725215	-3.580576199e-02
3.730215	-4.476324467e-02
3.735216	-5.879643420e-02
3.740216	-7.183468120e-02
3.745216	-7.625942565e-02
3.750217	-7.095373208e-02
3.755217	-6.797190429e-02
3.760217	-6.802990094e-02
3.765217	-6.874585959e-02
3.770218	-6.349816266e-02
3.775218	-6.327917531e-02
3.780218	-5.398771192e-02
3.785219	-4.829004098e-02
3.790219	-5.072790019e-02
3.795219	-5.294577210e-02
3.800219	-4.989594824e-02
3.805220	-5.277378203e-02
3.810220	-5.371972740e-02
3.815220	-5.265878867e-02
3.820221	-6.432011519e-02
3.825221	-7.156569673e-02
3.830221	-6.604201574e-02
3.835221	-6.736093957e-02
3.840222	-7.211066526e-02
3.845222	-6.189225541e-02
3.850222	-6.311618472e-02
3.855223	-6.747493299e-02
3.860223	-6.304918859e-02
3.865223	-6.753292964e-02
3.870224	-6.691996504e-02
3.875224	-5.934940227e-02
3.880224	-5.592859983e-02
3.885224	-6.459809914e-02
3.890225	-6.757992693e-02
3.895225	-6.560104121e-02
3.900225	-6.117529681e-02
3.905226	-5.901542155e-02
3.910226	-5.835645961e-02
3.915226	-5.050791289e-02
3.920226	-4.337732471e-02
3.925227	-4.315733741e-02
3.930227	-4.371030548e-02
3.935227	-4.133044292e-02
3.940228	-4.304334400e-02
3.945228	-4.271836276e-02
3.950228	-4.862402169e-02
3.955228	-5.575560982e-02
3.960229	-5.968538286e-02
3.965229	-6.432011519e-02
3.970229	-6.775191699e-02
3.975230	-7.615443172e-02
3.980230	-8.654383170e-02
3.985230	-8.930867202e-02
3.990230	-8.935666924e-02
3.995231	-8.990963731e-02
4.000231	-8.968965001e-02
4.005231	-9.505234030e-02
4.010232	-9.926009729e-02
4.015232	-1.078236027e-01
4.020232	-1.088735421e-01
4.025232	-1.052817495e-01
4.030233	-1.073746286e-01
4.035233	-1.062166955e-01
4.040233	-1.063796861e-01
4.045234	-1.054437402e-01
4.050234	-1.009130018e-01
4.055234	-9.455636894e-02
4.060234	-9.003563003e-02
4.065235	-8.980464337e-02
4.070235	-8.377299172e-02
4.075235	-7.615343178e-02
4.080236	-7.140370609e-02
4.085236	-6.221823658e-02
4.090236	-6.238922671e-02
4.095237	-5.852744974e-02
4.100237	-5.149285601e-02
4.105237	-4.304334400e-02
4.110237	-4.388329549e-02
4.115238	-3.740266976e-02
4.120238	-8.724326036e-03
4.125238	-1.895373525e-02
4.130239	-3.259494743e-02
4.135239	6.645786288e-03
4.140239	3.029342056e-02
4.145239	8.079703474e-03
4.150240	2.842252861e-02
4.155240	4.593251735e-02
4.160240	4.515756210e-02
4.165241	5.754684658e-02
4.170241	6.495441877e-02
4.175241	6.925717027e-02
4.180241	7.732470434e-02
4.185242	8.152946150e-02
4.190242	8.021253756e-02
4.195242	8.546123443e-02
4.200243	8.689215179e-02
4.205243	8.871904628e-02
4.210243	9.092791871e-02
4.215243	9.782752023e-02
4.220244	9.760853288e-02
4.225244	9.523766981e-02
4.230244	9.496068580e-02
4.235245	9.861247490e-02
4.240245	1.011563280e-01
4.245245	9.889045885e-02
4.250245	9.655659363e-02
4.255246	9.788551688e-02
4.260246	9.606962176e-02
4.265246	8.987497952e-02
4.270247	9.031595405e-02
4.275247	9.407273708e-02
4.280247	9.093591825e-02
4.285247	8.601320255e-02
4.290248	8.103349015e-02
4.295248	7.505983514e-02
4.300248	6.953315433e-02
4.305249	5.975471907e-02
4.310249	5.411604472e-02
4.315249	4.654548195e-02
4.320249	4.372464486e-02
4.325250	3.787398275e-02
4.330250	1.570826290e-02
4.335250	5.478853682e-03
4.340251	4.713897861e-03
4.345251	6.196812218e-03
4.350251	2.764010474e-03
4.355252	-3.354636154e-03
4.360252	-2.618031789e-02
4.365252	-4.194140764e-02
4.370252	-4.261236889e-02
4.375253	-5.277478197e-02
4.380253	-6.050633545e-02
4.385253	-6.669997775e-02
4.390254	-7.311460728e-02
4.395254	-8.212008718e-02
4.400254	-8.659282887e-02
4.405254	-8.720479352e-02
4.410255	-8.781675818e-02
4.415255	-8.483293051e-02
4.420255	-8.217708389e-02
4.425256	-8.289404248e-02
4.430256	-8.035018940e-02
4.435256	-8.146012530e-02
4.440256	-8.356300385e-02
4.445257	-7.797032684e-02
4.450257	-7.305761057e-02
4.455257	-7.084973808e-02
4.460258	-6.664398098e-02
4.465258	-6.316418195e-02
4.470258	-6.393913719e-02
4.475258	-6.322117866e-02
4.480259	-6.322017872e-02
4.485259	-6.476008978e-02
4.490259	-5.945539614e-02
4.495260	-6.085131553e-02
4.500260	-6.520906385e-02
4.505260	-5.608059105e-02
4.510260	-5.802247890e-02
4.515261	-6.411112726e-02
4.520261	-6.029534763e-02
4.525261	-5.890042820e-02
4.530262	-6.271420794e-02
4.535262	-6.681497110e-02
4.540262	-6.537205444e-02
4.545262	-7.034376730e-02
4.550263	-7.565846036e-02
4.555263	-8.267305525e-02
4.560263	-9.190652198e-02
4.565264	-8.942266543e-02
4.570264	-9.046460526e-02
4.575264	-9.151654450e-02
4.580265	-8.903168801e-02
4.585265	-9.052160197e-02
4.590265	-8.377299172e-02
4.595265	-7.951823745e-02
4.600266	-7.859129098e-02
4.605266	-6.930182748e-02
4.610266	-6.354715983e-02
4.615267	-5.117687426e-02
4.620267	-4.514522261e-02
4.625267	-3.342589944e-02
4.630267	-7.836377318e-03
4.635268	-4.357578230e-03
4.640268	-3.143648339e-03
4.645268	-2.367693153e-03
4.650269	6.916611006e-05
4.655269	-1.537741086e-03
4.660269	1.769514815e-02
4.665269	3.488215554e-02
4.670270	3.167134098e-02
4.675270	4.046583307e-02
4.680270	4.262470838e-02
4.685271	4.765441790e-02
4.690271	5.312110218e-02
4.695271	5.589194216e-02
4.700271	5.057824904e-02
4.705272	5.632391721e-02
4.710272	6.572037453e-02
4.715272	6.351250204e-02
4.720273	6.562538002e-02
4.725273	6.799424321e-02
4.730273	6.997312892e-02
4.735273	7.257497865e-02
4.740274	7.539381586e-02
4.745274	8.108948691e-02
4.750274	8.307937199e-02
4.755275	8.351934658e-02
4.760275	8.993297617e-02
4.765275	9.120390277e-02
4.770275	8.827807175e-02
4.775276	9.019996075e-02
4.780276	9.296380113e-02
4.785276	8.877704293e-02
4.790277	9.070693147e-02
4.795277	9.231283872e-02
4.800277	8.949400152e-02
4.805278	8.932101151e-02
4.810278	8.794409103e-02
4.815278	8.004054749e-02
4.820278	7.014611893e-02
4.825279	6.798524373e-02
4.830279	6.395147669e-02
4.835279	6.130362961e-02
4.840280	5.445002543e-02
4.845280	4.444160345e-02
4.850280	4.322667362e-02
4.855280	3.660205621e-02
4.860281	3.980587118e-02
4.865281	2.697761206e-02
4.870281	3.577210414e-02
4.875282	3.179533382e-02
4.880282	6.578790157e-03
4.885282	2.652863799e-02
4.890282	3.168034046e-02
4.895283	1.217046722e-02
4.900283	3.375975131e-03
4.905283	1.674073421e-03
4.910284	1.235098773e-03
4.915284	2.382032534e-03
4.920284	1.387089995e-03
4.925284	-4.582724869e-05
4.930285	2.555022543e-03
4.935285	1.942057944e-03
4.940285	-2.980657752e-03
4.945286	-1.679286005e-02
4.950286	-3.182999161e-02
4.955286	-1.403001961e-02
4.960286	-1.038238992e-04
4.965287	-2.386845141e-02
4.970287	-3.259394748e-02
4.975287	-1.856075795e-02
4.980288	-3.618773993e-02
4.985288	-3.614174259e-02
4.990288	-3.890358308e-02
4.995288	-4.254437281e-02
5.000289	-4.641614921e-02
5.005289	-5.055591012e-02
5.010289	-5.034492231e-02
5.015290	-5.626258054e-02
5.020290	-5.398871186e-02
5.025290	-5.575560982e-02
5.030290	-5.869044032e-02
5.035291	-6.338316930e-02
5.040291	-6.410112784e-02
5.045291	-6.509507043e-02
5.050292	-6.493107991e-02
5.055292	-6.493307979e-02
5.060292	-6.658698427e-02
5.065293	-6.272320742e-02
5.070293	-5.918741162e-02
5.075293	-6.249522058e-02
5.080293	-5.885243097e-02
5.085294	-4.962896365e-02
5.090294	-4.403628665e-02
5.095294	-4.398928936e-02
5.100295	-4.232638540e-02
5.105295	-3.961954173e-02
5.110295	-3.371188292e-02
5.115295	-4.016451026e-02
5.120296	-3.552877799e-02
5.125296	-3.597875200e-02
5.130296	-2.851318316e-02
5.135297	-3.094004300e-02
5.140297	-3.591075593e-02
5.145297	-1.425100685e-02
5.150297	-3.558577470e-02
5.155298	-2.994610041e-02
5.160298	-4.578565468e-03
5.165298	-1.508211849e-04
5.170299	-3.638619753e-03
5.175299	-4.796552878e-03
5.180299	8.911186395e-04
5.185299	-2.425689804e-03
5.190300	7.915712945e-03
5.195300	3.587609814e-02
5.200300	4.395463158e-02
5.205301	4.920232850e-02
5.210301	5.969772236e-02
5.215301	6.809923714e-02
5.220301	7.478185120e-02
5.225302	7.700072305e-02
5.230302	8.556522842e-02
5.235302	8.760911038e-02
5.240303	8.860305298e-02
5.245303	9.015396341e-02
5.250303	8.999097282e-02
5.255303	8.650017443e-02
5.260304	8.633818378e-02
5.265304	8.600420307e-02
5.270304	8.208542939e-02
5.275305	7.832864636e-02
5.280305	7.390190202e-02
5.285305	7.290895936e-02
5.290306	6.960115040e-02
5.295306	6.633133924e-02
5.300306	6.787025037e-02
5.305306	6.329151480e-02
5.310307	5.567395474e-02
5.315307	5.108521976e-02
5.320307	5.101922357e-02
5.325308	4.786340583e-02
5.330308	4.449760022e-02
5.335308	4.284569562e-02
5.340308	3.875393193e-02
5.345309	4.163076579e-02
5.350309	2.736958942e-02
5.355309	2.570568551e-02
5.360310	3.681404397e-02
5.365310	1.167449586e-02
5.370310	3.767952493e-03
5.375310	2.117394724e-02
5.380311	3.444318089e-02
5.385311	1.503930153e-02
5.390311	2.220041890e-03
5.395312	4.492910624e-03
5.400312	5.551380435e-04
5.405312	-3.198645163e-03
5.410312	-1.413601349e-02
5.415313	-2.259552493e-02
5.420313	-1.486197157e-02
5.425313	-3.860606932e-03
5.430314	-2.076963038e-02
5.435314	-3.177299490e-02
5.440314	-1.939370984e-02
5.445314	-3.016608770e-02
5.450315	-3.778464770e-02
5.455315	-3.619673941e-02
5.460315	-3.248895355e-02
5.465316	-3.900957696e-02
5.470316	-4.968596036e-02
5.475316	-4.675012992e-02
5.480316	-5.205682344e-02
5.485317	-5.641557170e-02
5.490317	-5.774349501e-02
5.495317	-5.874843697e-02
5.500318	-6.211324264e-02
5.505318	-6.050533551e-02
5.510318	-6.266621071e-02
5.515319	-5.895942479e-02
5.520319	-5.669155577e-02
5.525319	-5.930240498e-02
5.530319	-5.487666058e-02
5.535320	-5.083289412e-02
5.540320	-4.939997688e-02
5.545320	-4.868101840e-02
5.550321	-4.100546169e-02
5.555321	-3.951554774e-02
5.560321	-3.906657367e-02
5.565321	-2.635130802e-02
5.570322	-4.083447157e-02
5.575322	-2.806420909e-02
5.580322	-3.193398560e-02
5.585323	-3.321591156e-02
5.590323	-3.697616345e-03
5.595323	-2.712626326e-02
5.600323	-3.668571117e-02
5.605324	-9.661271924e-03
5.610324	1.273096579e-03
5.615324	-1.098766438e-03
5.620325	-9.709269152e-03
5.625325	-3.342489949e-02
5.630325	-2.320748958e-02
5.635325	2.871535205e-04
5.640326	-2.092709034e-03
5.645326	1.122552179e-02
5.650326	3.538112672e-02
5.655327	1.437833971e-02
5.660327	-1.652734444e-03
5.665327	1.006111998e-03
5.670327	2.361280638e-02
5.675328	3.753900210e-02
5.680328	1.206447334e-02
5.685328	3.365922617e-02
5.690329	3.283727364e-02
5.695329	3.013142991e-02
5.700329	3.659505662e-02
5.705329	2.548669816e-02
5.710330	3.930789994e-02
5.715330	2.234087984e-02
5.720330	3.643106609e-02
5.725331	3.052440722e-02
5.730331	1.531528559e-02
5.735331	3.929790052e-02
5.740332	2.250387043e-02
5.745332	4.102933146e-03
5.750332	2.554022601e-03
5.755332	8.911186395e-04
5.760333	-1.038238992e-04
5.765333	3.156987778e-03
5.770333	3.652959134e-03
5.775334	-2.574034330e-02
5.780334	-3.133102042e-02
5.785334	-2.149758834e-02
5.790334	-3.811962836e-02
5.795335	-3.525079404e-02
5.800335	-3.945755109e-02
5.805335	-4.426627337e-02
5.810336	-5.271578538e-02
5.815336	-5.298276996e-02
5.820336	-5.233380744e-02
5.825336	-5.891042762e-02
5.830337	-6.050733539e-02
5.835337	-5.807847567e-02
5.840337	-5.647256841e-02
5.845338	-6.327917531e-02
5.850338	-6.112729959e-02
5.855338	-5.967438350e-02
5.860338	-6.265721123e-02
5.865339	-6.063132823e-02
5.870339	-6.129129012e-02
5.875339	-6.476008978e-02
5.880340	-6.448310578e-02
5.885340	-6.018235416e-02
5.890340	-5.730352042e-02
5.895340	-6.233123006e-02
5.900341	-6.371914990e-02
5.905341	-5.984737351e-02
5.910341	-5.658656183e-02
5.915342	-5.321375662e-02
5.920342	-4.923698629e-02
5.925342	-4.547920332e-02
5.930342	-4.017450968e-02
5.935343	-4.194340752e-02
5.940343	-4.105345892e-02
5.945343	-3.387487351e-02
5.950344	-3.729767583e-02
5.955344	-1.446099472e-02
5.960344	-1.569492346e-02
5.965344	-3.846360849e-02
5.970345	-1.700284792e-02
5.975345	-2.530683740e-03
5.980345	-2.205702509e-03
5.985346	-4.415574881e-03
5.990346	-2.750671035e-03
5.995346	-2.033712442e-03
6.000347	-1.652734444e-03
6.005347	8.901186973e-04
6.010347	9.481153478e-04
6.015347	1.781067242e-03
6.020348	1.837064008e-03
6.025348	1.151634536e-04
6.030348	2.162045239e-03
6.035349	4.161929739e-03
6.040349	2.609866282e-02
6.045349	3.576110478e-02
6.050349	4.034937073e-03
6.055350	1.930205535e-02
6.060350	3.737801140e-02
6.065350	2.184290860e-02
6.070351	3.996686188e-02
6.075351	2.747458335e-02
6.080351	2.819254189e-02
6.085351	3.703503121e-02
6.090352	3.472016490e-02
6.095352	4.201174378e-02
6.100352	3.913590987e-02
6.105353	4.240672097e-02
6.110353	4.511156476e-02
6.115353	4.892434456e-02
6.120353	4.753742466e-02
6.125354	5.195516952e-02
6.130354	5.285411760e-02
6.135354	5.212715958e-02
6.140355	5.367507019e-02
6.145355	6.080665831e-02
6.150355	6.113263949e-02
6.155355	5.914275441e-02
6.160356	6.108364232e-02
6.165356	6.335051140e-02
6.170356	6.478342864e-02
6.175357	6.589136465e-02
6.180357	6.710629449e-02
6.185357	6.340650816e-02
6.190357	6.671331718e-02
6.195358	6.743127572e-02
6.200358	6.025269031e-02
6.205358	6.114163897e-02
6.210359	6.517440606e-02
6.215359	6.544339053e-02
6.220359	6.489842200e-02
6.225360	6.207658497e-02
6.230360	5.947873501e-02
6.235360	5.953573171e-02
6.240360	5.831080246e-02
6.245361	5.660990069e-02
6.250361	5.058924840e-02
6.255361	5.157319158e-02
6.260362	5.268112759e-02
6.265362	4.660147871e-02
6.270362	4.708845059e-02
6.275362	4.510156534e-02
6.280363	4.345766028e-02
6.285363	4.317867639e-02
6.290363	4.157376908e-02
6.295364	4.278969885e-02
6.300364	3.669905061e-02
6.305364	3.903091594e-02
6.310364	2.698661154e-02
6.315365	2.929947796e-02
6.320365	3.432818754e-02
6.325365	9.675611305e-03
6.330366	2.648064076e-02
6.335366	3.505614549e-02
6.340366	9.962594731e-03
6.345366	1.778067415e-03
6.350367	7.409742167e-03
6.355367	4.648901615e-03
6.360367	2.440029185e-03
6.365368	2.526571092e-02
6.370368	2.731159277e-02
6.375368	6.970767519e-03
6.380368	2.831006604e-03
6.385369	2.830006662e-03
6.390369	1.168102643e-03
6.395369	1.255344510e-02
6.400370	3.621107879e-02
6.405370	1.686419614e-02
6.410370	-1.154763204e-03
6.415370	7.476738298e-03
6.420371	2.648964024e-02
6.425371	3.339224159e-02
6.430371	9.733607956e-03
6.435372	2.707013765e-03
6.440372	6.530792929e-03
6.445372	2.637464688e-02
6.450373	3.073339515e-02
6.455373	8.251693541e-03
6.460373	2.172044662e-03
6.465373	2.878003890e-03
6.470374	1.550080582e-03
6.475374	1.111105934e-03
6.480374	1.064108649e-03
6.485375	-1.977715676e-03
6.490375	-2.198702913e-03
6.495375	-1.049222393e-02
6.500375	-2.570134556e-02
6.505376	-1.640188263e-02
6.510376	-4.519568875e-03
6.515376	-2.979657810e-03
6.520377	1.261628183e-04
6.525377	-3.248642275e-03
6.530377	-2.199355969e-02
6.535377	-3.033907771e-02
6.540378	-9.050307209e-03
6.545378	-2.750671035e-03
6.550378	-5.857491605e-03
6.555379	-1.657387270e-02
6.560379	-2.977411034e-02
6.565379	-1.331406096e-02
6.570379	-2.703673749e-03
6.575380	-3.305638984e-03
6.580380	-1.524494945e-02
6.585380	-2.961111975e-02
6.590381	-1.480497486e-02
6.595381	-3.257641756e-03
6.600381	6.816616781e-05
6.605381	-1.336205819e-02
6.610382	-3.729767583e-02
6.615382	-1.922171978e-02
6.620382	1.741600463e-04
6.625383	-1.353204837e-02
6.630383	-3.669371071e-02
6.635383	-2.144059163e-02
6.640383	2.668016018e-03
6.645384	-1.585591416e-02
6.650384	-3.923656385e-02
6.655384	-1.910672642e-02
6.660385	2.333035364e-03
6.665385	-6.899431430e-03
6.670385	-3.679970459e-02
6.675386	-2.597033002e-02
6.680386	6.816616781e-05
6.685386	-3.142648397e-03
6.690386	-1.028239569e-04
6.695387	-2.446941670e-02
6.700387	-2.967911583e-02
6.705387	-1.188014378e-02
6.710388	-7.386403306e-03
6.715388	-3.698085377e-04
6.720388	2.324035884e-03
6.725388	9.951126335e-04
6.730389	2.301568123e-04
6.735389	6.711313445e-04
6.740389	2.105048531e-03
6.745390	-9.817731946e-04
6.750390	-1.698731788e-03
6.755390	-1.618205497e-04
6.760390	1.389089880e-03
6.765391	-1.778680265e-02
6.770391	-3.177299490e-02
6.775391	-1.203313494e-02
6.780392	-7.062422017e-03
6.785392	-2.588680390e-03
6.790392	2.880003775e-03
6.795392	-3.808079024e-04
6.800393	-1.919719025e-03
6.805393	5.091407000e-04
6.810393	5.200869737e-03
6.815394	1.722070649e-03
6.820394	-1.756728438e-03
6.825394	-1.594737794e-03
6.830394	2.321566968e-04
6.835395	-8.777792006e-04
6.840395	9.951126335e-04
6.845395	-1.784479930e-02
6.850396	-3.231596354e-02
6.855396	-1.004424981e-02
6.860396	-1.098766438e-03
6.865396	-2.043711864e-03
6.870397	-3.228112519e-04
6.875397	1.952057367e-03
6.880397	-3.228112519e-04
6.885398	-2.090709150e-03
6.890398	-4.288051304e-04
6.895398	-1.547740508e-03
6.900398	-1.116318518e-02
6.905399	-3.303392207e-02
6.910399	-1.812178330e-02
6.915399	-1.813725147e-03
6.920400	-1.259757140e-03
6.925400	2.047051880e-03
6.930400	-9.257764286e-04
6.935401	1.128051862e-02
6.940401	3.383121624e-02
6.945401	1.786813816e-02
6.950401	2.602019829e-03
6.955402	1.560080005e-03
6.960402	1.322240647e-02
6.965402	3.985286847e-02
6.970403	1.587025354e-02
6.975403	1.936005200e-02
6.980403	4.035883924e-02
6.985403	1.531428565e-02
6.990404	3.234030234e-02
6.995404	3.377421953e-02
7.000404	3.062940115e-02
7.005405	3.400320630e-02
7.010405	2.764657342e-02
7.015405	3.985386841e-02
7.020405	2.614566010e-02
7.025406	3.748300533e-02
7.030406	3.052240733e-02
7.035406	3.775998934e-02
7.040407	3.089738568e-02
7.045407	2.643064365e-02
7.050407	3.615308214e-02
7.055407	2.398678479e-02
7.060408	3.732101469e-02
7.065408	1.819311939e-02
7.070408	1.177848986e-02
7.075409	3.411619978e-02
7.080409	2.725459606e-02
7.085409	4.371917612e-03
7.090409	2.891534050e-04
7.095410	1.129051804e-02
7.100410	3.273127976e-02
7.105410	2.238887707e-02
7.110411	5.364860266e-03
7.115411	5.641844269e-03
7.120411	2.355480973e-02
7.125411	3.654505950e-02
7.130412	9.235636715e-03
7.135412	8.519678064e-03
7.140412	3.605008809e-02
7.145413	2.432876504e-02
7.150413	5.152872509e-03
7.155413	2.697861200e-02
7.160414	3.681404397e-02
7.165414	9.732608013e-03
7.170414	7.907713407e-03
7.175414	3.588709750e-02
7.180415	2.555169441e-02
7.185415	2.219041947e-03
7.190415	2.163045181e-03
7.195416	1.664073999e-03
7.200416	3.328977845e-03
7.205416	5.594846983e-03
7.210416	2.105048531e-03
7.215417	5.421856974e-03
7.220417	2.532270763e-02
7.225417	2.034299523e-02
7.230418	2.717013188e-03
7.235418	3.328977845e-03
7.240418	5.593847041e-03
7.245418	2.553022659e-03
7.250419	2.105048531e-03
7.255419	4.590904964e-03
7.260419	1.614723755e-02
7.265420	3.467216767e-02
7.270420	1.653821497e-02
7.275420	-5.427985469e-04
7.280420	3.930943079e-03
7.285421	4.982882326e-03
7.290421	1.722070649e-03
7.295421	8.403684763e-03
7.300422	2.321982908e-02
7.305422	1.725517356e-02
7.310422	7.305748173e-03
7.315422	3.490968489e-03
7.320423	1.063108706e-03
7.325423	2.994997133e-03
7.330423	-6.007951974e-04
7.335424	-4.253584236e-03
7.340424	-1.005324929e-02
7.345424	-1.325506437e-02
7.350424	-1.452799085e-02
7.355425	-8.668329270e-03
7.360425	3.451501710e-04
7.365425	-1.479744435e-03
7.370426	-4.368046684e-04
7.375426	3.050993899e-03
7.380426	-4.278051882e-04
7.385427	-2.760670457e-03
7.390427	1.330093287e-03
7.395427	1.732070072e-03
7.400427	1.741600463e-04
7.405428	-2.178173157e-04
7.410428	2.945000021e-03
7.415428	2.891534050e-04
7.420429	-2.482686512e-03
7.425429	1.282096059e-03
7.430429	1.387089995e-03
7.435429	1.053109284e-03
7.440430	2.718013130e-03
7.445430	-1.202760432e-03
7.450430	6.801308248e-04
7.455431	-1.317753791e-03
7.460431	-5.188530240e-03
7.465431	-1.923071926e-02
7.470431	-3.254695020e-02
7.475432	-1.772980594e-02
7.480432	-2.873317046e-02
7.485432	-3.060606229e-02
7.490433	-2.795721527e-02
7.495433	-3.415185751e-02
7.500433	-3.602674923e-02
7.505433	-3.867359636e-02
7.510434	-3.497381004e-02
7.515434	-4.055748756e-02
7.520434	-4.001251904e-02
7.525435	-4.559419668e-02
7.530435	-4.226738881e-02
7.535435	-4.359631206e-02
7.540435	-4.530821319e-02
7.545436	-4.514522261e-02
7.550436	-4.835803705e-02
7.555436	-4.133144286e-02
7.560437	-4.137844015e-02
7.565437	-4.464925125e-02
7.570437	-4.166542358e-02
7.575437	-4.210539817e-02
7.580438	-4.105345892e-02
7.585438	-4.277435953e-02
7.590438	-4.514622255e-02
7.595439	-4.099746215e-02
7.600439	-4.090146770e-02
7.605439	-4.061348433e-02
7.610440	-4.365330877e-02
7.615440	-3.646572388e-02
7.620440	-3.833861571e-02
7.625440	-3.210597567e-02
7.630441	-3.127602360e-02
7.635441	-3.365588615e-02
7.640441	-8.170358029e-03
7.645442	-3.143701430e-02
7.650442	-3.641872659e-02
7.655442	-4.959543465e-03
7.660442	-1.435500085e-02
7.665443	-3.558677464e-02
7.670443	-1.806578653e-02
7.675443	-3.798079602e-04
7.680444	-2.473687032e-03
7.685444	-2.658145437e-04
7.690444	-9.776265283e-03
7.695444	-3.276793744e-02
7.700445	-2.331348346e-02
7.705445	-7.617858996e-04
7.710445	1.445086646e-03
7.715446	1.723070591e-03
7.720446	4.648901615e-03
7.725446	2.725359612e-02
7.730446	2.554269493e-02
7.735447	4.485911028e-03
7.740447	-2.310696445e-03
7.745447	-4.858018387e-04
7.750448	2.774009896e-03
7.755448	3.548965140e-03
7.760448	2.439029242e-03
7.765448	2.601019887e-03
7.770449	2.515071757e-02
7.775449	3.356423166e-02
7.780449	6.426798935e-03
7.785450	5.551380435e-04
7.790450	4.511440495e-04
7.795450	2.162045239e-03
7.800450	-2.658145437e-04
7.805451	1.576525961e-02
7.810451	4.052282977e-02
7.815451	1.636622490e-02
7.820452	-3.808079024e-04
7.825452	-9.817731946e-04
7.830452	6.807776932e-03
7.835452	3.681304403e-02
7.840453	2.780756412e-02
7.845453	4.599904445e-03
7.850453	1.007111941e-03
7.855454	1.471332036e-02
7.860454	3.774998991e-02
7.865454	1.730317079e-02
7.870455	5.661374083e-04
7.875455	1.885061236e-03
7.880455	2.881534628e-04
7.885455	2.168291784e-02
7.890456	4.030184254e-02
7.895456	1.398636234e-02
7.900456	4.511440495e-04
7.905457	1.120105415e-03
7.910457	-1.594737794e-03
7.915457	2.276038656e-03
7.920457	1.886061178e-03
7.925458	4.511440495e-04
7.930458	3.371506330e-04
7.935458	-1.015924316e-02
7.940459	-3.508980334e-02
7.945459	-1.994767785e-02
7.950459	1.283096001e-03
7.955459	-4.252584294e-03
7.960460	-3.332090550e-02
7.965460	-3.171399830e-02
7.970460	-3.525626278e-03
7.975461	-1.711784128e-02
7.980461	-3.503180669e-02
7.985461	-1.275909301e-02
7.990461	-3.228112519e-04
7.995462	-2.867617375e-02
8.000462	-3.574876528e-02
8.005462	-4.576565583e-03
8.010463	-1.182214713e-02
8.015463	-3.912357038e-02
8.020463	-1.755881581e-02
8.025463	-8.887316623e-03
8.030464	-3.790964049e-02
8.035464	-2.359046747e-02
8.040464	-4.241584929e-03
8.045465	-3.327290827e-02
8.050465	-3.117002972e-02
8.055465	-5.293524176e-03
8.060465	-2.712626326e-02
8.065466	-3.607274657e-02
8.070466	-5.629504772e-03
8.075466	-1.243511173e-02
8.080467	-4.000151967e-02
8.085467	-2.043564967e-02
8.090467	-1.040769787e-03
8.095468	-2.263699159e-03
8.100468	-1.800678994e-02
8.105468	-3.662871446e-02
8.110468	-1.386802897e-02
8.115469	-2.178173157e-04
8.120469	-8.787791429e-04
8.125469	-1.258757198e-03
8.130470	1.216940181e-05
8.135470	-2.034712384e-03
8.140470	4.511440495e-04
8.145470	1.999054652e-03
8.150471	1.111105934e-03
8.155471	1.551080524e-03
8.160471	6.969767577e-03
8.165472	3.201432117e-02
8.170472	2.577268164e-02
8.175472	3.271981137e-03
8.180472	6.141346363e-04
8.185473	1.780067300e-03
8.190473	2.555022543e-03
8.195473	2.365980367e-02
8.200474	3.653506008e-02
8.205474	1.023057925e-02
8.210474	-1.421747785e-03
8.215474	1.951057424e-03
8.220475	1.978802728e-02
8.225475	3.647906331e-02
8.230475	1.632022756e-02
8.235476	-1.374750499e-03
8.240476	6.032821689e-03
8.245476	3.494015219e-02
8.250476	2.968245584e-02
8.255477	8.901186973e-04
8.260477	1.763915138e-02
8.265477	3.997886119e-02
8.270478	1.471232042e-02
8.275478	1.017258260e-02
8.280478	4.151777231e-02
8.285478	2.029499800e-02
8.290479	1.056356002e-02
8.295479	4.223473091e-02
8.300479	2.355580968e-02
8.305480	2.658016595e-03
8.310480	3.516013949e-02
8.315480	2.941547126e-02
8.320481	6.471796336e-03
8.325481	3.377421953e-02
8.330481	3.201632105e-02
8.335481	2.610019367e-03
8.340482	2.510372028e-02
8.345482	4.163276567e-02
8.350482	9.675611305e-03
8.355483	8.461681414e-03
8.360483	3.792297992e-02
8.365483	2.582067887e-02
8.370483	1.559080062e-03
8.375484	2.476773968e-02
8.380484	3.720602133e-02
8.385484	7.248751465e-03
8.390485	2.526571092e-02
8.395485	4.040783641e-02
8.400485	1.195047992e-02
8.405485	3.450017760e-02
8.410486	2.946346849e-02
8.415486	1.736116744e-02
8.420486	4.201374367e-02
8.425487	2.123094395e-02
8.430487	3.361022900e-02
8.435487	3.212031505e-02
8.440487	1.554527231e-02
8.445488	3.925190317e-02
8.450488	2.256186708e-02
8.455488	3.273227970e-02
8.460489	3.421219423e-02
8.465489	2.675662482e-02
8.470489	3.836295451e-02
8.475489	2.300084173e-02
8.480490	3.350623501e-02
8.485490	3.222630893e-02
8.490490	3.936489665e-02
8.495491	3.074339457e-02
8.500491	3.327824817e-02
8.505491	3.687004073e-02
8.510491	3.145935322e-02
8.515492	3.692903733e-02
8.520492	3.476816213e-02
8.525492	3.588509762e-02
8.530493	3.394620960e-02
8.535493	3.769299321e-02
8.540493	3.466216825e-02
8.545494	3.605008809e-02
8.550494	3.317225429e-02
8.555494	3.714702474e-02
8.560494	3.295126706e-02
8.565495	3.710202734e-02
8.570495	3.029342056e-02
8.575495	3.255928970e-02
8.580496	3.770299263e-02
8.585496	4.068382048e-02
8.590496	2.753258000e-02
8.595496	3.605008809e-02
8.600497	2.753158006e-02
8.605497	2.343981638e-02
8.610497	3.792197998e-02
8.615498	2.427276827e-02
8.620498	3.875393193e-02
8.625498	2.111695053e-02
8.630498	9.187639487e-03
8.635499	3.312425707e-02
8.640499	3.013242985e-02
8.645499	7.849716757e-03
8.650500	2.532370757e-02
8.655500	3.511214226e-02
8.660500	1.211347051e-02
8.665500	1.227546116e-02
8.670501	3.272228028e-02
8.675501	2.172991513e-02
8.680501	1.266743852e-02
8.685502	3.040841392e-02
8.690502	2.454975227e-02
8.695502	1.084254391e-02
8.700502	6.080818917e-03
8.705503	1.072655061e-02
8.710503	3.157534652e-02
8.715503	2.267586050e-02
8.720504	7.964710116e-03
8.725504	5.364860266e-03
8.730504	5.651374660e-04
8.735504	7.851247610e-04
8.740505	1.741600463e-04
8.745505	2.277038598e-03
8.750505	2.084096647e-02
8.755506	2.924248125e-02
8.760506	1.255244516e-02
8.765506	3.433971781e-03
8.770506	1.063108706e-03
8.775507	-1.608206074e-04
8.780507	7.281280528e-04
8.785507	3.107990608e-03
8.790508	4.542907736e-03
8.795508	1.886061178e-03
8.800508	-2.149705743e-03
8.805509	-4.288051304e-04
8.810509	2.660016480e-03
8.815509	3.931473990e-04
8.820509	-9.257764286e-04
8.825510	3.825949143e-03
8.830510	1.780067300e-03
8.835510	-2.540683162e-03
8.840511	-1.259757140e-03
8.845511	6.231341165e-04
8.850511	1.111105934e-03
8.855511	-4.858018387e-04
8.860512	-2.149705743e-03
8.865512	-2.263699159e-03
8.870512	-2.591233337e-02
8.875513	-2.922014233e-02
8.880513	-3.477629050e-03
8.885513	6.621318643e-04
8.890513	1.617076713e-03
8.895514	-5.907957749e-04
8.900514	-3.802610282e-03
8.905514	-9.777265225e-03
8.910515	-2.812120580e-02
8.915515	-2.535836536e-02
8.920515	-1.650734560e-03
8.925515	-1.608206074e-04
8.930516	-4.252584294e-03
8.935516	-1.236711565e-02
8.940516	-2.867517381e-02
8.945517	-1.895373525e-02
8.950517	-4.127591513e-03
8.955517	-4.844550106e-03
8.960517	-2.483686454e-03
8.965518	-1.508195886e-02
8.970518	-3.193398560e-02
8.975518	-1.253910572e-02
8.980519	-2.808667685e-03
8.985519	-7.836377318e-03
8.990519	-1.033123323e-02
8.995519	-2.757623727e-02
9.000520	-2.170657627e-02
9.005520	-3.028654980e-03
9.010520	-3.808079024e-04
9.015521	-4.853549586e-03
9.020521	-1.961269720e-02
9.025521	-2.923014176e-02
9.030522	-1.353404826e-02
9.035522	1.054109226e-03
9.040522	-2.865664394e-03
9.045522	-3.908604160e-03
9.050523	-1.814725089e-03
9.055523	-8.767792584e-04
9.060523	-1.319906760e-02
9.065524	-2.933513569e-02
9.070524	-1.601890475e-02
9.075524	-3.592622409e-03
9.080524	-4.691558942e-03
9.085525	-1.144763781e-03
9.090525	-8.171357972e-03
9.095525	-3.348289614e-02
9.100526	-2.198356027e-02
9.105526	8.331219890e-04
9.110526	-3.027655038e-03
9.115526	1.161633958e-04
9.120527	5.561379858e-04
9.125527	1.261628183e-04
9.130527	-1.872474848e-02
9.135528	-3.741166924e-02
9.140528	-1.087620176e-02
9.145528	-5.907957749e-04
9.150528	-5.026539596e-03
9.155529	3.040994477e-03
9.160529	3.461501133e-04
9.165529	-3.027655038e-03
9.170530	-1.986715156e-03
9.175530	5.081407578e-04
9.180530	-2.033712442e-03
9.185530	-2.332248294e-02
9.190531	-3.016608770e-02
9.195531	-7.615390081e-03
9.200531	1.503083296e-03
9.205532	8.431214115e-04
9.210532	6.080818917e-03
9.215532	3.277927699e-02
9.220532	2.295284450e-02
9.225533	-3.028654980e-03
9.230533	1.942057944e-03
9.235533	1.551080524e-03
9.240534	8.341219313e-04
9.245534	2.448028723e-03
9.250534	2.670962753e-02
9.255535	3.665205332e-02
9.260535	1.066955390e-02
9.265535	-6.587918479e-04
9.270535	9.465623433e-03
9.275536	3.587709808e-02
9.280536	2.349781303e-02
9.285536	1.732070072e-03
9.290537	8.958652712e-03
9.295537	2.648064076e-02
9.300537	3.107837522e-02
9.305537	8.576674773e-03
9.310538	3.929943137e-03
9.315538	4.818891797e-03
9.320538	2.765010416e-03
9.325539	2.581167939e-02
9.330539	3.040841392e-02
9.335539	4.819891740e-03
9.340539	1.261628183e-04
9.345540	1.827064585e-03
9.350540	3.548965140e-03
9.355540	1.282096059e-03
9.360541	-8.297819726e-04
9.365541	1.838063950e-03
9.370541	5.985824403e-03
9.375541	1.168102643e-03
9.380542	1.168102643e-03
9.385542	6.367802342e-03
9.390542	-2.760670457e-03
9.395543	1.410135570e-02
9.400543	3.046641057e-02
9.405543	9.188639430e-03
9.410543	2.554022601e-03
9.415544	4.149930432e-03
9.420544	-6.587918479e-04
9.425544	-8.197825501e-04
9.430545	2.555022543e-03
9.435545	5.143873029e-03
9.440545	6.916611006e-05
9.445545	3.461501133e-04
9.450546	-9.927725594e-04
9.455546	-4.193587701e-03
9.460546	1.111105934e-03
9.465547	2.553022659e-03
9.470547	9.001181198e-04
9.475547	1.331093229e-03
9.480548	5.561379858e-04
9.485548	1.120105415e-03
9.490548	2.057051303e-03
9.495548	-1.269756563e-03
9.500549	-1.928718505e-03
9.505549	3.222983966e-03
9.510549	1.168102643e-03
9.515550	2.791539825e-04
9.520550	7.851247610e-04
9.525550	1.261628183e-04
9.530550	3.882945851e-03
9.535551	2.880003775e-03
9.540551	-4.948013189e-04
9.545551	1.330093287e-03
9.550552	2.056051361e-03
9.555552	-7.627858419e-04
9.560552	8.921185818e-04
9.565552	-4.582724869e-05
9.570553	1.161633958e-04
9.575553	8.911186395e-04
9.580553	-5.437984892e-04
9.585554	1.664073999e-03
9.590554	1.561079947e-03
9.595554	7.871246455e-04
9.600554	3.107990608e-03
9.605555	2.276038656e-03
9.610555	-1.651734502e-03
9.615555	-2.645677099e-03
9.620556	9.481153478e-04
9.625556	3.767952493e-03
9.630556	1.063108706e-03
9.635556	7.281280528e-04
9.640557	1.005112056e-03
9.645557	-1.259757140e-03
9.650557	-1.880721277e-03
9.655558	7.861247033e-04
9.660558	7.381274753e-04
9.665558	-2.178173157e-04
9.670558	1.641606238e-04
9.675559	1.560080005e-03
9.680559	-1.756728438e-03
9.685559	-3.362635692e-03
9.690560	-1.584738371e-03
9.695560	-1.292208360e-02
9.700560	-2.945012905e-02
9.705560	-1.851376066e-02
9.710561	1.550080582e-03
9.715561	-1.202760432e-03
9.720561	-4.242584872e-03
9.725562	-1.489743858e-03
9.730562	-7.511396087e-03
9.735562	-7.167415953e-03
9.740563	-1.309307373e-02
9.745563	-2.303549952e-02
9.750563	-9.328291155e-03
9.755563	-1.211759912e-03
9.760564	-3.859606990e-03
9.765564	5.081407578e-04
9.770564	1.116945956e-05
9.775565	1.310741311e-02
9.780565	3.128936304e-02
9.785565	1.415935235e-02
9.790565	2.658016595e-03
9.795566	3.097991185e-03
9.800566	2.000054595e-03
9.805566	3.987939788e-03
9.810567	7.305748173e-03
9.815567	2.996943927e-02
9.820567	2.543770099e-02
9.825567	5.374859688e-03
9.830568	3.433971781e-03
9.835568	1.442533699e-02
9.840568	3.250229299e-02
9.845569	1.819311939e-02
9.850569	4.321920499e-03
9.855569	1.155850256e-02
9.860569	3.035141721e-02
9.865570	2.604966565e-02
9.870570	7.248751465e-03
9.875570	4.255924311e-03
9.880571	2.472074240e-02
9.885571	3.212031505e-02
9.890571	9.618614597e-03
9.895571	7.037763650e-03
9.900572	2.311567545e-04
9.905572	1.376637505e-02
9.910572	3.797997663e-02
9.915573	2.078296982e-02
9.920573	2.831006604e-03
9.925573	4.437913800e-03
9.930573	1.283042910e-02
9.935574	2.415677497e-02
9.940574	1.874708740e-02
9.945574	7.084760936e-03
9.950575	4.254924368e-03
9.955575	3.768952435e-03
9.960575	1.560080005e-03
9.965576	-1.040769787e-03
9.970576	1.116945956e-05
9.975576	1.388089938e-03
9.980576	2.555022543e-03
9.985577	1.703618621e-02
9.990577	2.083996653e-02
9.995577	1.172149315e-02
10.000578	1.161649921e-02
10.005578	7.859716179e-03
10.010578	4.541907794e-03
10.015578	6.131346940e-04
10.020579	3.155987836e-03
10.025579	2.029599794e-02
10.030579	2.963545856e-02
10.035580	1.515329495e-02
10.040580	4.322920441e-03
10.045580	1.278143193e-02
10.050580	2.719659941e-02
10.055581	2.272385772e-02
10.060581	8.519678064e-03
10.065581	3.538965717e-03
10.070582	2.062897871e-02
10.075582	3.510214284e-02
10.080582	1.327040369e-02
10.085582	7.476738298e-03
10.090583	2.874550995e-02
10.095583	2.675762476e-02
10.100583	1.057455939e-02
10.105584	2.670962753e-02
10.110584	3.162334375e-02
10.115584	1.337539763e-02
10.120584	2.449175562e-02
10.125585	3.384021572e-02
10.130585	1.415835241e-02
10.135585	2.393778762e-02
10.140586	3.498814942e-02
10.145586	1.570726296e-02
10.150586	2.366980309e-02
10.155586	3.366922559e-02
10.160587	1.255244516e-02
10.165587	1.133851527e-02
10.170587	3.549512014e-02
10.175588	2.582067887e-02
10.180588	5.975824980e-03
10.185588	2.637464688e-02
10.190589	3.394620960e-02
10.195589	1.088954120e-02
10.200589	2.410877774e-02
10.205589	3.593409479e-02
10.210590	1.039256990e-02
10.215590	1.360438441e-02
10.220590	3.571410749e-02
10.225591	2.150992783e-02
10.230591	5.756837628e-03
10.235591	4.599904445e-03
10.240591	2.399478432e-02
10.245592	3.217731176e-02
10.250592	8.691668131e-03
10.255592	3.929943137e-03
10.260593	2.277038598e-03
10.265593	3.941473413e-04
10.270593	-4.388045529e-04
10.275593	3.662958556e-03
10.280594	2.832006547e-03
10.285594	-9.347759089e-04
10.290594	3.040994477e-03
10.295595	4.511440495e-04
10.300595	1.169102585e-03
10.305595	1.837064008e-03
10.310595	-1.422747727e-03
10.315596	-4.378046107e-04
10.320596	1.063108706e-03
10.325596	2.311567545e-04
10.330597	-2.758139662e-04
10.335597	-1.536741143e-03
10.340597	2.993997191e-03
10.345597	4.484911086e-03
10.350598	1.465532371e-02
10.355598	2.604066617e-02
10.360598	1.648221820e-02
10.365599	3.872946429e-03
10.370599	-1.317753791e-03
10.375599	-5.427985469e-04
10.380599	3.213984486e-03
10.385600	4.542907736e-03
10.390600	6.032821689e-03
10.395600	8.431214115e-04
10.400601	4.819891740e-03
10.405601	3.327624829e-02
10.410601	2.443475891e-02
10.415602	-4.582724869e-05
10.420602	2.115047953e-03
10.425602	2.162045239e-03
10.430602	2.601019887e-03
10.435603	-3.238111942e-04
10.440603	1.449433301e-02
10.445603	3.488315548e-02
10.450604	1.642422155e-02
10.455604	4.217926505e-03
10.460604	3.375975131e-03
10.465604	1.116652520e-02
10.470605	3.410820024e-02
10.475605	2.106995324e-02
10.480605	2.993997191e-03
10.485606	4.369917727e-03
10.490606	4.031468215e-04
10.495606	8.853658776e-03
10.500606	3.388921289e-02
10.505607	2.317283179e-02
10.510607	6.195812275e-03
10.515607	2.879003832e-03
10.520608	1.387089995e-03
10.525608	2.797255459e-02
10.530608	3.124036587e-02
10.535608	9.244636196e-03
10.540609	1.226099293e-03
10.545609	2.449175562e-02
10.550609	3.521713620e-02
10.555610	7.352745459e-03
10.560610	1.033557319e-02
10.565610	3.721502081e-02
10.570610	2.625965352e-02
10.575611	2.383032476e-03
10.580611	2.377579697e-02
10.585611	3.493915225e-02
10.590612	1.129051804e-02
10.595612	3.433971781e-03
10.600612	2.266686102e-02
10.605612	3.676504680e-02
10.610613	1.537228230e-02
10.615613	1.551080524e-03
10.620613	1.222746393e-02
10.625614	3.416519695e-02
10.630614	2.194990242e-02
10.635614	1.838063950e-03
10.640614	7.362744881e-03
10.645615	2.736858948e-02
10.650615	3.188932839e-02
10.655615	6.912770869e-03
10.660616	8.431214115e-04
10.665616	4.657901095e-03
10.670616	2.889003255e-03
10.675617	2.244587378e-02
10.680617	3.443418141e-02
10.685617	8.901656004e-03
10.690617	2.000054595e-03
10.695618	2.449028665e-03
10.700618	9.471154055e-04
10.705618	1.641606238e-04
10.710619	-5.427985469e-04
10.715619	2.726012668e-03
10.720619	3.156987778e-03
10.725619	-1.211759912e-03
10.730620	-2.091709092e-03
10.735620	9.481153478e-04
10.740620	2.057051303e-03
10.745621	2.439029242e-03
10.750621	-1.038238992e-04
10.755621	-1.259757140e-03
10.760621	-1.756728438e-03
10.765622	-1.039769845e-03
10.770622	-2.082762703e-02
10.775622	-3.232696290e-02
10.780623	-5.627504888e-03
10.785623	1.837064008e-03
10.790623	1.836064066e-03
10.795623	-1.594737794e-03
10.800624	-7.176415433e-03
10.805624	-1.303607702e-02
10.810624	-2.967911583e-02
10.815625	-1.651587605e-02
10.820625	-1.593737852e-03
10.825625	-1.040769787e-03
10.830625	-1.259757140e-03
10.835626	-3.419632400e-03
10.840626	-2.137259556e-02
10.845626	-3.276593755e-02
10.850627	-1.144016919e-02
10.855627	2.219041947e-03
10.860627	-1.259757140e-03
10.865627	-3.142648397e-03
10.870628	-6.068479420e-03
10.875628	-3.199198225e-02
10.880628	-2.674428532e-02
10.885629	-1.508211849e-04
10.890629	1.389089880e-03
10.895629	-1.260757082e-03
10.900630	-1.642735022e-03
10.905630	-1.374750499e-03
10.910630	-4.854549529e-03
10.915630	-3.798079602e-04
10.920631	-2.760670457e-03
10.925631	-2.541636201e-02
10.930631	-2.717426049e-02
10.935632	-7.047891914e-04
10.940632	3.203985064e-03
10.945632	-3.802610282e-03
10.950632	-3.744613631e-03
10.955633	-2.760670457e-03
10.960633	-1.374750499e-03
10.965633	-4.195587586e-03
10.970634	-2.795821521e-02
10.975634	-2.407643940e-02
10.980634	-3.248642275e-03
10.985634	-2.760670457e-03
10.990635	-3.142648397e-03
10.995635	-1.976715733e-03
11.000635	-1.684185722e-02
11.005636	-3.641872659e-02
11.010636	-1.220512501e-02
11.015636	2.277038598e-03
11.020636	-1.268756620e-03
11.025637	2.775009838e-03
11.030637	1.445086646e-03
11.035637	3.361506908e-04
11.040638	-1.976715733e-03
11.045638	-3.085651689e-03
11.050638	5.651374660e-04
11.055638	2.659016537e-03
11.060639	-2.748140239e-04
11.065639	1.895060658e-03
11.070639	2.335035248e-03
11.075640	-8.207824924e-04
11.080640	-1.608206074e-04
11.085640	1.273096579e-03
11.090640	9.481153478e-04
11.095641	6.231341165e-04
11.100641	-3.228112519e-04
11.105641	-6.007951974e-04
11.110642	1.894060716e-03
11.115642	6.231341165e-04
11.120642	-1.929718448e-03
11.125643	2.822007124e-03
11.130643	2.000054595e-03
11.135643	-2.078178932e-04
11.140643	1.216940181e-05
11.145644	-5.527979694e-04
11.150644	-1.269756563e-03
11.155644	-1.976715733e-03
11.160645	-1.508211849e-04
11.165645	-1.297908031e-02
11.170645	-3.165800154e-02
11.175645	-1.568392410e-02
11.180646	-1.431747207e-03
11.185646	-2.098177777e-04
11.190646	1.608077233e-03
11.195647	-5.417517015e-03
11.200647	-1.032223375e-02
11.205647	-2.883816439e-02
11.210647	-2.326448629e-02
11.215648	-2.530683740e-03
11.220648	-2.531683682e-03
11.225648	-3.257641756e-03
11.230649	-2.746124392e-02
11.235649	-3.132302088e-02
11.240649	-3.524626336e-03
11.245649	-1.767280923e-02
11.250650	-3.630373323e-02
11.255650	-1.724183412e-02
11.260650	-1.814725089e-03
11.265651	-1.204313436e-02
11.270651	-3.415285745e-02
11.275651	-2.292050616e-02
11.280651	-2.195703086e-03
11.285652	-2.265252164e-02
11.290652	-3.420085468e-02
11.295652	-7.836377318e-03
11.300653	-2.263699159e-03
11.305653	-5.848492125e-03
11.310653	-3.027655038e-03
11.315653	-3.315638406e-03
11.320654	-1.673586334e-02
11.325654	-3.221196954e-02
11.330654	-1.099119512e-02
11.335655	3.165987258e-03
11.340655	1.837064008e-03
11.345655	-2.178173157e-04
11.350656	3.361506908e-04
11.355656	-1.918719083e-03
11.360656	-9.247764864e-04
11.365656	-1.618205497e-04
11.370657	-3.477629050e-03
11.375657	-5.628504830e-03
11.380657	-2.209855363e-02
11.385658	-2.696327267e-02
11.390658	-4.022597577e-03
11.395658	-1.929718448e-03
11.400658	-7.062422017e-03
11.405659	-1.374303619e-02
11.410659	-3.321491162e-02
11.415659	-1.829477331e-02
11.420660	1.225099351e-03
11.425660	-9.547278508e-03
11.430660	-2.933413575e-02
11.435660	-2.380945482e-02
11.440661	-7.120418667e-03
11.445661	-1.109618905e-02
11.450661	-2.857017987e-02
11.455662	-2.437342225e-02
11.460662	-5.732498824e-03
11.465662	-2.640930467e-02
11.470662	-3.564477129e-02
11.475663	-9.213297796e-03
11.480663	-2.110461103e-02
11.485663	-3.614074264e-02
11.490664	-1.596090810e-02
11.495664	-2.674428532e-02
11.500664	-3.117002972e-02
11.505664	-7.062422017e-03
11.510665	-2.446941670e-02
11.515665	-3.674270788e-02
11.520665	-9.165300568e-03
11.525666	-1.182214713e-02
11.530666	-3.646472393e-02
11.535666	-2.060763973e-02
11.540666	-8.841319279e-03
11.545667	-3.387587345e-02
11.550667	-2.430642612e-02
11.555667	-3.744613631e-03
11.560668	-4.634562234e-03
11.565668	-2.098961767e-02
11.570668	-3.503180669e-02
11.575668	-1.568492404e-02
11.580669	-1.922071983e-02
11.585669	-2.973611253e-02
11.590669	-1.337105767e-02
11.595670	6.811307670e-04
11.600670	1.731601040e-04
11.605670	-5.361520249e-03
11.610671	-5.073536881e-03
11.615671	-6.449457417e-03
11.620671	-6.679444135e-03
11.625671	-4.519568875e-03
11.630672	-3.802610282e-03
11.635672	-1.082920447e-02
11.640672	-2.011066844e-02
11.645673	-8.725325978e-03
11.650673	1.283096001e-03
11.655673	-8.197825501e-04
11.660673	-1.608206074e-04
11.665674	2.888003313e-03
11.670674	6.711313445e-04
11.675674	-1.871721797e-03
11.680675	1.120105415e-03
11.685675	2.169979311e-06
11.690675	-7.627858419e-04
11.695675	7.381274753e-04
11.700676	5.561379858e-04
11.705676	-8.777792006e-04
11.710676	-3.362635692e-03
11.715677	-7.627858419e-04
11.720677	1.560080005e-03
11.725677	-3.798079602e-04
11.730677	1.340092710e-03
11.735678	-2.188172579e-04
11.740678	5.916668756e-05
11.745678	1.837064008e-03
11.750679	-2.483686454e-03
11.755679	-3.257641756e-03
11.760679	-2.658145437e-04
11.765679	2.114048011e-03
11.770680	3.490968489e-03
11.775680	1.226099293e-03
11.780680	5.661374083e-04
11.785681	-2.658145437e-04
11.790681	1.053109284e-03
11.795681	2.057051303e-03
11.800681	-5.907957749e-04
11.805682	-1.546740566e-03
11.810682	1.331093229e-03
11.815682	1.063108706e-03
11.820683	6.131346940e-04
11.825683	1.550080582e-03
11.830683	1.235098773e-03
11.835684	-2.658145437e-04
11.840684	-1.154763204e-03
11.845684	2.881534628e-04
11.850684	5.916668756e-05
11.855685	1.063108706e-03
11.860685	1.780067300e-03
11.865685	1.771067819e-03
11.870686	7.281280528e-04
11.875686	-1.202760432e-03
11.880686	-1.986715156e-03
11.885686	-7.627858419e-04
11.890687	3.662958556e-03
11.895687	1.827064585e-03
11.900687	1.741600463e-04
11.905688	1.063108706e-03
11.910688	-2.196703028e-03
11.915688	-4.378046107e-04
11.920688	1.641606238e-04
11.925689	-1.202760432e-03
11.930689	-1.789179658e-02
11.935689	-2.972711305e-02
11.940690	-7.731383382e-03
11.945690	1.169102585e-03
11.950690	-4.080594227e-03
11.955690	-3.860606932e-03
11.960691	-1.917272261e-02
11.965691	-3.397986744e-02
11.970691	-9.376288383e-03
11.975692	1.780067300e-03
11.980692	-5.025539653e-03
11.985692	-5.303523599e-03
11.990692	-1.093419841e-02
11.995693	-2.662929196e-02
12.000693	-2.204055698e-02
12.005693	-3.248642275e-03
12.010694	-7.177415375e-03
12.015694	-8.197825501e-04
12.020694	-1.220512501e-02
12.025694	-3.387587345e-02
12.030695	-1.480497486e-02
12.035695	-3.467629628e-03
12.040695	-3.305638983e-03
12.045696	-2.923661044e-03
12.050696	-3.117002972e-02
12.055696	-2.574934278e-02
12.060697	-9.817731946e-04
12.065697	-5.179530760e-03
12.070697	-4.577565525e-03
12.075697	-1.790179601e-02
12.080698	-3.310091821e-02
12.085698	-9.385287863e-03
12.090698	-3.582622987e-03
12.095699	-3.965600868e-03
12.100699	-7.616390023e-03
12.105699	-3.271794032e-02
12.110699	-1.966169437e-02
12.115700	-5.456514763e-03
12.120700	-3.314638464e-03
12.125700	-2.531683682e-03
12.130701	-2.917214511e-02
12.135701	-2.630331079e-02
12.140701	-8.667329328e-03
12.145701	-2.589680333e-03
12.150702	-6.011482712e-03
12.155702	-3.188598837e-02
12.160702	-2.364746417e-02
12.165703	-3.086651631e-03
12.170703	-2.865664394e-03
12.175703	2.411561770e-04
12.180703	-1.640188263e-02
12.185704	-3.536578740e-02
12.190704	-1.270109636e-02
12.195704	-1.814725089e-03
12.200705	-4.366577711e-03
12.205705	2.267039175e-03
12.210705	6.916611006e-05
12.215705	-3.582622987e-03
12.220706	-2.503438407e-02
12.225706	-2.989010364e-02
12.230706	-4.184588221e-03
12.235707	-1.028239569e-04
12.240707	-1.374750499e-03
12.245707	-1.258757198e-03
12.250707	-2.531683682e-03
12.255708	-3.143648339e-03
12.260708	-1.536741143e-03
12.265708	2.992997249e-03
12.270709	6.721312868e-04
12.275709	1.168102643e-03
12.280709	-1.490743800e-03
12.285710	-6.467925409e-04
12.290710	-8.552335969e-03
12.295710	-3.177199495e-02
12.300710	-2.176457292e-02
12.305711	5.071408155e-04
12.310711	-2.758139662e-04
12.315711	1.770067877e-03
12.320712	-4.848018964e-04
12.325712	-2.252699794e-03
12.330712	-2.091709092e-03
12.335712	1.282096059e-03
12.340713	-1.966169437e-02
12.345713	-3.497381004e-02
12.350713	-7.788380090e-03
12.355714	2.211573320e-04
12.360714	-4.519568875e-03
12.365714	1.116945956e-05
12.370714	2.717013188e-03
12.375715	-1.004424981e-02
12.380715	-3.293892756e-02
12.385715	-2.331348346e-02
12.390716	-1.421747785e-03
12.395716	-1.822724627e-03
12.400716	-2.206702451e-03
12.405716	-1.862722317e-03
12.410717	-3.084651746e-03
12.415717	1.999054652e-03
12.420717	3.451501710e-04
12.425718	-1.038769903e-03
12.430718	-9.927725594e-04
12.435718	-2.779622457e-02
12.440718	-3.021308499e-02
12.445719	-8.767792584e-04
12.450719	1.827064585e-03
12.455719	-1.919719025e-03
12.460720	-2.033712442e-03
12.465720	-2.148705800e-03
12.470720	-4.858018387e-04
12.475720	-2.369693038e-03
12.480721	-3.328106744e-04
12.485721	-1.303607702e-02
12.490721	-3.259494743e-02
12.495722	-1.457598808e-02
12.500722	5.571379280e-04
12.505722	-9.917726171e-04
12.510722	5.661374083e-04
12.515723	5.661374083e-04
12.520723	-5.427985469e-04
12.525723	2.781540403e-04
12.530724	-9.837730791e-04
12.535724	1.397089418e-03
12.540724	3.491968432e-03
12.545725	-1.488743915e-03
12.550725	-4.388045529e-04
12.555725	1.666073883e-03
12.560725	-1.508211849e-04
12.565726	4.511440495e-04
12.570726	-1.028239569e-04
12.575726	1.261628183e-04
12.580727	1.224099409e-03
12.585727	5.081407578e-04
12.590727	1.053109284e-03
12.595727	9.481153478e-04
12.600728	3.951472835e-04
12.605728	2.000054595e-03
12.610728	1.674073421e-03
12.615729	-3.038654403e-03
12.620729	-1.096766553e-03
12.625729	1.617076713e-03
12.630729	2.301568123e-04
12.635730	5.571379280e-04
12.640730	6.141346363e-04
12.645730	-1.039769845e-03
12.650731	2.717013188e-03
12.655731	2.283685120e-02
12.660731	2.604166611e-02
12.665731	7.133758106e-03
12.670732	2.878003890e-03
12.675732	1.560080005e-03
12.680732	1.503083296e-03
12.685733	4.265923733e-03
12.690733	7.281280528e-04
12.695733	5.071408155e-04
12.700733	-2.281551222e-02
12.705734	-3.226996620e-02
12.710734	-3.744613631e-03
12.715734	1.609077175e-03
12.720735	6.701314023e-04
12.725735	6.221341743e-04
12.730735	-4.968542945e-03
12.735735	-4.863549009e-03
12.740736	6.811307670e-04
12.745736	-2.090709150e-03
12.750736	-2.624731402e-02
12.755737	-2.961111975e-02
12.760737	-3.802610282e-03
12.765737	-2.098177777e-04
12.770738	-4.251584352e-03
12.775738	1.064108649e-03
12.780738	-1.264509960e-02
12.785738	-3.680970401e-02
12.790739	-1.585691410e-02
12.795739	1.120105415e-03
12.800739	-3.697616345e-03
12.805740	-1.211759912e-03
12.810740	-2.254699679e-03
12.815740	-2.380945482e-02
12.820740	-3.320491220e-02
12.825741	-7.005425308e-03
12.830741	-6.577919057e-04
12.835741	-2.263699159e-03
12.840742	-7.047891914e-04
12.845742	-1.679485994e-02
12.850742	-3.586475858e-02
12.855742	-1.424900697e-02
12.860743	1.006111998e-03
12.865743	-4.357578230e-03
12.870743	8.901186973e-04
12.875744	-1.010224646e-02
12.880744	-3.602574929e-02
12.885744	-1.822677724e-02
12.890744	4.379917150e-03
12.895745	-2.646677041e-03
12.900745	-3.534625759e-03
12.905745	-1.096766553e-03
12.910746	-5.848492125e-03
12.915746	-3.033907771e-02
12.920746	-2.790121851e-02
12.925746	1.895060658e-03
12.930747	6.721312868e-04
12.935747	-4.854549529e-03
12.940747	-4.682719094e-05
12.945748	-1.870721855e-03
12.950748	-3.028654980e-03
12.955748	-1.927971643e-02
12.960748	-3.276593755e-02
12.965749	-1.087620176e-02
12.970749	2.000054595e-03
12.975749	-1.028239569e-04
12.980750	3.825949143e-03
12.985750	-3.314638464e-03
12.990750	-6.461456724e-03
12.995751	5.661374083e-04
13.000751	7.301279373e-04
13.005751	-1.039769845e-03
13.010751	-1.375750441e-03
13.015752	-1.480744377e-03
13.020752	-9.882259161e-03
13.025752	-2.769023069e-02
13.030753	-1.717583793e-02
13.035753	-2.091709092e-03
13.040753	-8.767792584e-04
13.045753	1.675073363e-03
13.050754	1.161633958e-04
13.055754	-1.317753791e-03
13.060754	2.791539825e-04
13.065755	-1.813725147e-03
13.070755	-4.462572167e-03
13.075755	1.826064643e-03
13.080755	2.220041890e-03
13.085756	-8.667798359e-04
13.090756	1.116945956e-05
13.095756	-5.427985469e-04
13.100757	-3.859606990e-03
13.105757	-7.455399321e-03
13.110757	-2.104661438e-02
13.115757	-2.336848029e-02
13.120758	-2.980657752e-03
13.125758	1.722070649e-03
13.130758	-2.866664336e-03
13.135759	-2.206702451e-03
13.140759	-2.692674384e-03
13.145759	-3.361635749e-03
13.150759	-2.585533666e-02
13.155760	-2.961311964e-02
13.160760	-3.535625701e-03
13.165760	-1.651734502e-03
13.170761	-1.422747727e-03
13.175761	-2.618931737e-02
13.180761	-3.254595026e-02
13.185761	-8.056364613e-03
13.190762	-2.540683162e-03
13.195762	-1.563692681e-02
13.200762	-3.480281991e-02
13.205763	-1.540694009e-02
13.210763	-3.696616403e-03
13.215763	-2.746224386e-02
13.220763	-3.237496013e-02
13.225764	-7.234412084e-03
13.230764	-7.617389965e-03
13.235764	-3.116003030e-02
13.240765	-2.851218322e-02
13.245765	-1.975715791e-03
13.250765	-1.231911842e-02
13.255766	-3.807163113e-02
13.260766	-1.695585064e-02
13.265766	2.211573320e-04
13.270766	-1.546493674e-02
13.275767	-3.602574929e-02
13.280767	-2.187856633e-02
13.285767	-2.088178354e-04
13.290768	-1.436600021e-02
13.295768	-3.569176857e-02
13.300768	-1.750981864e-02
13.305768	-5.427985469e-04
13.310769	-7.061422074e-03
13.315769	-3.067205848e-02
13.320769	-3.006209371e-02
13.325770	-4.348578750e-03
13.330770	-5.571508122e-03
13.335770	-2.795721527e-02
13.340770	-2.988810376e-02
13.345771	-3.420632342e-03
13.350771	-7.951370677e-03
13.355771	-3.149501095e-02
13.360772	-2.613232067e-02
13.365772	-2.254699679e-03
13.370772	-1.198513771e-02
13.375772	-3.426685087e-02
13.380773	-2.475540019e-02
13.385773	-1.918719083e-03
13.390773	-7.779380610e-03
13.395774	-3.216497226e-02
13.400774	-2.563534937e-02
13.405774	-6.831435357e-03
13.410774	-3.038654403e-03
13.415775	-2.138259498e-02
13.420775	-3.259494743e-02
13.425775	-8.401344689e-03
13.430776	-5.790495475e-03
13.435776	-3.027655038e-03
13.440776	-1.607590146e-02
13.445776	-3.336790279e-02
13.450777	-1.530194616e-02
13.455777	-2.148705800e-03
13.460777	-4.582724869e-05
13.465778	-3.305638984e-03
13.470778	-2.502438465e-02
13.475778	-3.133302031e-02
13.480779	-5.522510952e-03
13.485779	3.931473990e-04
13.490779	-5.427985469e-04
13.495779	-2.090709150e-03
13.500780	-2.310696445e-03
13.505780	-1.096766553e-03
13.510780	1.721601618e-04
13.515781	7.371275330e-04
13.520781	-6.577919057e-04
13.525781	1.445086646e-03
13.530781	1.503083296e-03
13.535782	-1.928718505e-03
13.540782	-1.641735080e-03
13.545782	1.339092767e-03
13.550783	4.991412775e-04
13.555783	9.491152900e-04
13.560783	1.942057944e-03
13.565783	2.316383231e-02
13.570784	3.322925100e-02
13.575784	7.304748231e-03
13.580784	1.226099293e-03
13.585785	3.213984486e-03
13.590785	1.841110680e-02
13.595785	3.593309485e-02
13.600785	1.427334577e-02
13.605786	1.063108706e-03
13.610786	5.804834856e-03
13.615786	3.023742379e-02
13.620787	3.289527029e-02
13.625787	4.704898381e-03
13.630787	8.421214693e-04
13.635787	2.687261812e-02
13.640788	3.659405667e-02
13.645788	9.234636773e-03
13.650788	-2.088178354e-04
13.655789	1.819311939e-02
13.660789	3.687104068e-02
13.665789	1.758015479e-02
13.670789	4.101933204e-03
13.675790	3.386974495e-03
13.680790	1.398636234e-02
13.685790	3.626807550e-02
13.690791	1.714118014e-02
13.695791	2.992997249e-03
13.700791	1.006111998e-03
13.705792	2.221572743e-04
13.710792	5.927827752e-03
13.715792	3.068639786e-02
13.720792	3.377421953e-02
13.725793	3.882945851e-03
13.730793	-6.567919634e-04
13.735793	2.221572743e-04
13.740794	-4.288051304e-04
13.745794	1.617076713e-03
13.750794	3.547965198e-03
13.755794	4.322920441e-03
13.760795	6.131346940e-04
13.765795	9.675611305e-03
13.770795	3.477916149e-02
13.775796	2.128894060e-02
13.780796	1.170037061e-06
13.785796	3.767952493e-03
13.790796	1.340092710e-03
13.795797	9.491152900e-04
13.800797	8.331219890e-04
13.805797	7.851247610e-04
13.810798	5.651374660e-04
13.815798	1.169102585e-03
13.820798	-3.218113097e-04
13.825798	5.816674531e-05
13.830799	3.384974611e-03
13.835799	3.987939788e-03
13.840799	3.361506908e-04
13.845800	5.661374083e-04
13.850800	3.051993842e-03
13.855800	5.091407000e-04
13.860800	1.053109284e-03
13.865801	2.218042005e-03
13.870801	6.141346363e-04
13.875801	3.169921560e-06
13.880802	9.001181198e-04
13.885802	1.261628183e-04
13.890802	-4.251584352e-03
13.895802	-1.767727803e-03
13.900803	3.442971261e-03
13.905803	-2.138706378e-03
13.910803	-2.702673807e-03
13.915804	2.311567545e-04
13.920804	8.321220468e-04
13.925804	-5.570508180e-03
13.930805	-3.126502423e-02
13.935805	-2.332248294e-02
13.940805	-3.314638464e-03
13.945805	-5.131533532e-03
13.950806	2.333035364e-03
13.955806	-8.007367443e-03
13.960806	-3.469682604e-02
13.965807	-2.159258285e-02
13.970807	-2.530683740e-03
13.975807	-2.530683740e-03
13.980807	2.324035884e-03
13.985808	-2.149658839e-02
13.990808	-3.503080675e-02
13.995808	-1.010324640e-02
14.000809	-3.583622929e-03
14.005809	-3.027655038e-03
14.010809	-5.997952552e-04
14.015809	1.446086588e-03
14.020810	-1.170915365e-02
14.025810	-3.631373265e-02
14.030810	-1.679286005e-02
14.035811	3.386974495e-03
14.040811	-3.304639041e-03
14.045811	-5.132533474e-03
14.050811	-6.007951974e-04
14.055812	9.491152900e-04
14.060812	1.723070591e-03
14.065812	-9.827731369e-04
14.070813	-2.866664336e-03
14.075813	-1.154763204e-03
14.080813	2.881534628e-04
14.085813	3.155987836e-03
14.090814	1.609077175e-03
14.095814	-1.038238992e-04
14.100814	1.397089418e-03
14.105815	6.241340588e-04
14.110815	-1.929718448e-03
14.115815	-1.098766438e-03
14.120815	2.321566968e-04
14.125816	-8.757793161e-04
14.130816	2.497025893e-03
14.135816	3.327977903e-03
14.140817	-7.627858419e-04
14.145817	-2.980657752e-03
14.150817	-2.092709034e-03
14.155817	-6.125476128e-03
14.160818	-2.646630138e-02
14.165818	-2.093262097e-02
14.170818	-4.948013189e-04
14.175819	9.471154055e-04
14.180819	-4.278051882e-04
14.185819	-2.262699217e-03
14.190820	-9.257764286e-04
14.195820	-2.588680390e-03
14.200820	-1.269756563e-03
14.205820	-7.176415433e-03
14.210821	-3.176399542e-02
14.215821	-2.192656356e-02
14.220821	-2.146705916e-03
14.225822	-2.808667685e-03
14.230822	7.751253385e-04
14.235822	-2.148705800e-03
14.240822	1.121105357e-03
14.245823	-1.270209631e-02
14.250823	-3.630373323e-02
14.255823	-1.662986946e-02
14.260824	-2.088178354e-04
14.265824	-3.746613516e-03
14.270824	-2.748140239e-04
14.275824	-4.848018964e-04
14.280825	1.779067357e-03
14.285825	1.006111998e-03
14.290825	2.321566968e-04
14.295826	1.655074518e-03
14.300826	2.781540403e-04
14.305826	-5.017540115e-03
14.310826	-3.907604218e-03
14.315827	-3.801610339e-03
14.320827	-2.231754098e-02
14.325827	-2.237653757e-02
14.330828	-3.861606874e-03
14.335828	-9.337759666e-04
14.340828	8.341219313e-04
14.345828	-2.678144282e-04
14.350829	-1.431747207e-03
14.355829	1.064108649e-03
14.360829	-3.907604218e-03
14.365830	-2.482686512e-03
14.370830	7.761252808e-04
14.375830	-9.837730791e-04
14.380830	2.774009896e-03
14.385831	6.241340588e-04
14.390831	-4.682719094e-05
14.395831	1.445086646e-03
14.400832	-1.373750557e-03
14.405832	-2.034712384e-03
14.410832	-1.698731788e-03
14.415833	-4.920545717e-03
14.420833	-2.663029191e-02
14.425833	-2.347547411e-02
14.430833	-1.765727919e-03
14.435834	-2.658145437e-04
14.440834	8.431214115e-04
14.445834	1.330093287e-03
14.450835	-7.637857841e-04
14.455835	-5.427985469e-04
14.460835	-1.977715676e-03
14.465835	-3.744613631e-03
14.470836	1.447086530e-03
14.475836	-3.238111942e-04
14.480836	-1.328753155e-03
14.485837	8.341219313e-04
14.490837	9.011180620e-04
14.495837	6.231341165e-04
14.500837	-1.154763204e-03
14.505838	1.445086646e-03
14.510838	1.226099293e-03
14.515838	9.481153478e-04
14.520839	2.301568123e-04
14.525839	-7.147886139e-04
14.530839	-1.598206652e-04
14.535839	9.011180620e-04
14.540840	1.617076713e-03
14.545840	-4.682719094e-05
14.550840	-8.197825501e-04
14.555841	-1.259757140e-03
14.560841	-3.697616345e-03
14.565841	-2.183056911e-02
14.570841	-2.790121851e-02
14.575842	-6.671444597e-03
14.580842	1.389089880e-03
14.585842	1.217099813e-03
14.590843	1.999054652e-03
14.595843	-3.143648339e-03
14.600843	-4.796552878e-03
14.605843	-1.642735022e-03
14.610844	1.225099351e-03
14.615844	-1.037823052e-02
14.620844	-2.962211912e-02
14.625845	-1.663086941e-02
14.630845	-2.473687032e-03
14.635845	-2.694674269e-03
14.640846	1.503083296e-03
14.645846	9.971125180e-04
14.650846	-4.300581522e-03
14.655846	-3.420632342e-03
14.660847	4.511440495e-04
14.665847	5.661374083e-04
14.670847	1.112105877e-03
14.675848	-2.254699679e-03
14.680848	-1.065721441e-02
14.685848	-2.309249623e-02
14.690848	-2.005167184e-02
14.695849	-5.743498189e-03
14.700849	4.981413353e-04
14.705849	-1.608206074e-04
14.710850	-9.247764864e-04
14.715850	1.120105415e-03
14.720850	1.501083412e-03
14.725850	-1.928718505e-03
14.730851	-3.361635749e-03
14.735851	1.341092652e-03
14.740851	2.439029242e-03
14.745852	-6.577919057e-04
14.750852	2.105048531e-03
14.755852	3.107990608e-03
14.760852	-1.259757140e-03
14.765853	6.721312868e-04
14.770853	1.502083354e-03
14.775853	-1.490743800e-03
14.780854	1.169102585e-03
14.785854	9.011180620e-04
14.790854	-1.146763666e-03
14.795854	-6.007951974e-04
14.800855	6.016662981e-05
14.805855	-2.658145437e-04
14.810855	-1.155763146e-03
14.815856	6.701314023e-04
14.820856	2.946999905e-03
14.825856	3.769952377e-03
14.830856	5.916668755e-05
14.835857	-1.213759797e-03
14.840857	1.616076771e-03
14.845857	1.226099293e-03
14.850858	-4.482730644e-05
14.855858	1.168102643e-03
14.860858	1.170037061e-06
14.865859	-1.642735022e-03
14.870859	5.661374083e-04
14.875859	2.822007124e-03
14.880859	3.213984486e-03
14.885860	-1.373750557e-03
14.890860	-4.691558942e-03
14.895860	-1.040769787e-03
14.900861	-1.699731730e-03
14.905861	-2.392444818e-02
14.910861	-3.022308441e-02
14.915861	-7.119418725e-03
14.920862	2.601019887e-03
14.925862	-6.007951974e-04
14.930862	-6.784438071e-03
14.935863	-1.583738429e-03
14.940863	1.062108764e-03
14.945863	-1.928718505e-03
14.950863	-1.950770326e-02
14.955864	-3.298692479e-02
14.960864	-8.726325920e-03
14.965864	8.331219890e-04
14.970865	1.007111941e-03
14.975865	1.561079947e-03
14.980865	-3.802610282e-03
14.985865	-2.417690266e-03
14.990866	-2.531683682e-03
14.995866	-2.319695925e-03
15.000866	-8.008367385e-03
15.005867	-2.950812570e-02
15.010867	-2.281551222e-02
15.015867	1.271627606e-04
15.020867	-1.608206074e-04
15.025868	-4.868017809e-04
15.030868	3.461501133e-04
15.035868	-1.708731210e-03
15.040869	-2.148705800e-03
15.045869	-1.211759912e-03
15.050869	1.225099351e-03
15.055869	7.381274753e-04
15.060870	-5.427985469e-04
15.065870	-2.287350887e-02
15.070870	-3.552877799e-02
15.075871	-5.245526948e-03
15.080871	3.987939788e-03
15.085871	-1.756728438e-03
15.090871	1.062108764e-03
15.095872	-5.427985469e-04
15.100872	-1.325753329e-03
15.105872	1.161633958e-04
15.110873	-7.057891336e-04
15.115873	-1.155763146e-03
15.120873	-2.088178354e-04
15.125874	1.216940181e-05
15.130874	-6.007951974e-04
15.135874	-1.709731153e-03
15.140874	1.216940181e-05
15.145875	1.895060658e-03
15.150875	1.827064585e-03
15.155875	-1.373750557e-03
15.160876	-1.154763204e-03
15.165876	4.511440495e-04
15.170876	6.241340588e-04
15.175876	-6.597917902e-04
15.180877	7.281280528e-04
15.185877	2.891534050e-04
15.190877	-7.157885561e-04
15.195878	1.838063950e-03
15.200878	2.114048011e-03
15.205878	-2.758139662e-04
15.210878	2.321566968e-04
15.215879	2.439029242e-03
15.220879	1.225099351e-03
15.225879	2.287038020e-03
15.230880	-1.598206652e-04
15.235880	-2.378692518e-03
15.240880	-1.038238992e-04
15.245880	2.411561770e-04
15.250881	1.560080005e-03
15.255881	3.260981772e-03
15.260881	5.571379280e-04
15.265882	-2.529683798e-03
15.270882	5.071408155e-04
15.275882	2.830006662e-03
15.280882	1.121105357e-03
15.285883	-2.865664394e-03
15.290883	-3.011909042e-02
15.295883	-2.817820251e-02
15.300884	6.816616781e-05
15.305884	1.283096001e-03
15.310884	-3.218113097e-04
15.315884	-3.974600349e-03
15.320885	-8.777792006e-04
15.325885	1.741600463e-04
15.330885	-2.588680390e-03
15.335886	-2.453641283e-02
15.340886	-3.199298219e-02
15.345886	-4.405575458e-03
15.350887	2.497025893e-03
15.355887	-4.967543003e-03
15.360887	-3.696616403e-03
15.365887	1.116945956e-05
15.370888	-2.309349617e-02
15.375888	-3.110303359e-02
15.380888	-6.459456840e-03
15.385889	8.331219890e-04
15.390889	-3.467629628e-03
15.395889	-1.708731210e-03
15.400889	8.911186395e-04
15.405890	-2.637677561e-03
15.410890	-7.637857841e-04
15.415890	-1.176415048e-02
15.420891	-3.370288344e-02
15.425891	-1.894373583e-02
15.430891	1.171633381e-04
15.435891	5.561379858e-04
15.440892	1.397089418e-03
15.445892	1.168102643e-03
15.450892	-3.818078447e-04
15.455893	-6.007951974e-04
15.460893	-2.146705916e-03
15.465893	-1.040769787e-03
15.470893	1.607077290e-03
15.475894	1.724070534e-03
15.480894	6.801308248e-04
15.485894	1.282096059e-03
15.490895	7.761252808e-04
15.495895	-8.207824924e-04
15.500895	1.120105415e-03
15.505895	8.921185818e-04
15.510896	6.701314023e-04
15.515896	2.104048589e-03
15.520896	-1.048769325e-03
15.525897	-2.913661622e-03
15.530897	3.940942502e-03
15.535897	2.819054201e-02
15.540897	3.118236922e-02
15.545898	5.976824923e-03
15.550898	-4.378046107e-04
15.555898	-1.421747785e-03
15.560899	-1.976715733e-03
15.565899	6.711313445e-04
15.570899	3.490968489e-03
15.575900	4.876888448e-03
15.580900	2.880003775e-03
15.585900	-1.929718448e-03
15.590900	1.487431106e-02
15.595901	3.394620960e-02
15.600901	1.582225632e-02
15.605901	2.162045239e-03
15.610902	5.916668755e-05
15.615902	-9.817731946e-04
15.620902	2.891534050e-04
15.625902	4.148930490e-03
15.630903	3.652959134e-03
15.635903	8.242694061e-03
15.640903	3.549512014e-02
15.645904	2.372679980e-02
15.650904	-1.212759854e-03
15.655904	3.596962368e-03
15.660904	3.442971261e-03
15.665905	-1.038238992e-04
15.670905	2.994997133e-03
15.675905	3.986939845e-03
15.680906	2.471174292e-02
15.685906	3.207331776e-02
15.690906	6.194812333e-03
15.695906	7.751253385e-04
15.700907	3.548965140e-03
15.705907	2.173044604e-03
15.710907	7.305748173e-03
15.715908	3.321925158e-02
15.720908	2.459674956e-02
15.725908	2.114048011e-03
15.730908	3.661958614e-03
15.735909	6.034821573e-03
15.740909	3.289527029e-02
15.745909	2.802855136e-02
15.750910	3.709955842e-03
15.755910	2.601019887e-03
15.760910	7.133758106e-03
15.765910	3.234030234e-02
15.770911	2.947246797e-02
15.775911	5.153872451e-03
15.780911	-7.067890759e-04
15.785912	1.040156938e-02
15.790912	3.770299263e-02
15.795912	2.282885166e-02
15.800913	1.112105877e-03
15.805913	2.936000541e-03
15.810913	6.309805692e-03
15.815913	2.974945197e-02
15.820914	3.051340785e-02
15.825914	4.380917092e-03
15.830914	9.011180620e-04
15.835915	1.273096579e-03
15.840915	1.343239434e-02
15.845915	3.886892529e-02
15.850915	1.957903935e-02
15.855916	4.991412775e-04
15.860916	2.544023179e-03
15.865916	9.073646071e-03
15.870917	3.626907544e-02
15.875917	2.659363423e-02
15.880917	1.339092767e-03
15.885917	5.661374083e-04
15.890918	-1.870721855e-03
15.895918	2.078396976e-02
15.900918	4.096280436e-02
15.905919	1.366138111e-02
15.910919	-1.202760432e-03
15.915919	2.056051361e-03
15.920919	5.038879092e-03
15.925920	3.102237846e-02
15.930920	3.067639844e-02
15.935920	6.080818917e-03
15.940921	-2.078178932e-04
15.945921	4.436913858e-03
15.950921	3.443318147e-02
15.955921	2.930047790e-02
15.960922	7.861247033e-04
15.965922	-3.238111942e-04
15.970922	1.388036847e-02
15.975923	3.980587118e-02
15.980923	2.250387043e-02
15.985923	-2.263699159e-03
15.990923	1.681619891e-02
15.995924	4.030184254e-02
16.000924	1.730317079e-02
16.005924	-1.927718563e-03
16.010925	1.250544787e-02
16.015925	3.670805009e-02
16.020925	2.581167939e-02
16.025925	4.379917150e-03
16.030926	-7.627858419e-04
16.035926	8.844659296e-03
16.040926	4.030284248e-02
16.045927	2.134593730e-02
16.050927	1.941058002e-03
16.055927	2.001054537e-03
16.060928	9.513620661e-03
16.065928	3.626807550e-02
16.070928	2.410977768e-02
16.075928	3.873946371e-03
16.080929	2.497025893e-03
16.085929	2.716013246e-03
16.090929	3.040841392e-02
16.095930	3.289527029e-02
16.100930	5.087876263e-03
16.105930	2.218042005e-03
16.110930	1.445086646e-03
16.115931	2.565968817e-02
16.120931	3.666105280e-02
16.125931	8.794662183e-03
16.130932	3.941473413e-04
16.135932	5.571379280e-04
16.140932	2.659363423e-02
16.145932	3.670805009e-02
16.150933	9.073646071e-03
16.155933	2.057051303e-03
16.160933	-5.427985469e-04
16.165934	2.089796318e-02
16.170934	3.675604732e-02
16.175934	1.067855338e-02
16.180934	1.005112056e-03
16.185935	2.612019252e-03
16.190935	9.491152900e-04
16.195935	2.880003775e-03
16.200936	2.625965352e-02
16.205936	3.603908872e-02
16.210936	1.034557261e-02
16.215936	-1.040769787e-03
16.220937	-1.038238992e-04
16.225937	2.162045239e-03
16.230937	7.851247610e-04
16.235938	-4.848018964e-04
16.240938	2.832006547e-03
16.245938	2.405178103e-02
16.250938	3.599209144e-02
16.255939	1.211347051e-02
16.260939	-1.038238992e-04
16.265939	5.071408155e-04
16.270940	2.162045239e-03
16.275940	-1.535741201e-03
16.280940	-7.617858996e-04
16.285941	1.167102700e-03
16.290941	-6.007951974e-04
16.295941	5.478853682e-03
16.300941	4.369917727e-03
16.305942	1.653021543e-02
16.310942	3.549512014e-02
16.315942	1.405335848e-02
16.320943	-2.254699679e-03
16.325943	3.213984486e-03
16.330943	1.005112056e-03
16.335943	7.861247033e-04
16.340944	3.319978365e-03
16.345944	7.761252808e-04
16.350944	-2.750671035e-03
16.355945	-1.977715676e-03
16.360945	1.109106050e-03
16.365945	3.548965140e-03
16.370945	1.741600463e-04
16.375946	-7.627858419e-04
16.380946	1.841594688e-04
16.385946	9.961125758e-04
16.390947	9.951126335e-04
16.395947	3.451501710e-04
16.400947	1.503083296e-03
16.405947	-8.777792006e-04
16.410948	-1.536741143e-03
16.415948	8.921185818e-04
16.420948	8.911186395e-04
16.425949	1.445086646e-03
16.430949	2.301568123e-04
16.435949	4.031468215e-04
16.440949	7.871246455e-04
16.445950	-6.007951974e-04
16.450950	-3.803610224e-03
16.455950	-2.453641283e-02
16.460951	-2.768023127e-02
16.465951	-3.409632977e-03
16.470951	-1.756728438e-03
16.475951	-9.348525812e-04
16.480952	1.152541226e-03
16.485952	-5.944832437e-04
16.490952	3.968140222e-04
16.495953	-9.128757861e-04
16.500953	-5.237399362e-04
16.505953	-4.723536280e-03
16.510954	-2.451612391e-02
16.515954	-2.511998304e-02
16.520954	-6.197180453e-03
16.525954	-2.774968658e-03
16.530955	-4.692408293e-04
16.535955	9.358551432e-04
16.540955	2.544549190e-03
16.545956	-1.530443701e-02
16.550956	-2.851622231e-02
16.555956	-8.100894332e-03
16.560956	-3.195692261e-05
16.565957	-3.713080096e-04
16.570957	-2.433517716e-04
16.575957	-1.776585182e-02
16.580958	-2.188207287e-02
16.585958	-4.070562171e-03
16.590958	6.207242073e-04
16.595958	-9.068625733e-04
16.600959	-1.069145718e-02
16.605959	-1.512860027e-02
16.610959	-3.657722651e-03
16.615960	-1.367241542e-03
16.620960	-5.312764786e-04
16.625960	-3.454525755e-03
16.630960	-9.662953395e-03
16.635961	-5.052565797e-03
16.640961	-6.005659636e-04
16.645961	-7.828122124e-05
16.650962	3.227048498e-04
16.655962	-3.646156578e-04
16.660962	-3.069907523e-03
16.665962	-3.823238539e-03
16.670963	-9.016579437e-04
16.675963	2.686512157e-05
16.680963	-1.329521201e-04
16.685964	5.011375732e-05
16.690964	6.501272257e-06
16.695964	-4.159539612e-05
16.700964	9.631376944e-06
16.705965	-1.022701555e-05
16.710965	6.866519921e-07
16.715965	2.247594345e-06
16.720966	-0.000000000e+00
