Run22_FR76_s1p00_4_adaptive_record
75	0
0.000000	0.000000000e+00
0.005000	4.587970645e-03
0.010000	8.804251194e-03
0.015000	1.230726367e-02
0.020000	1.481321484e-02
0.025000	1.611908744e-02
0.030000	1.611908744e-02
0.035000	1.481321484e-02
0.040000	1.230726367e-02
0.045000	8.804251194e-03
0.050000	4.587970645e-03
0.055000	1.994318167e-18
0.060000	-4.587970645e-03
0.065000	-8.804251194e-03
0.070000	-1.230726367e-02
0.075000	-1.481321484e-02
0.080000	-1.611908744e-02
0.085000	-1.611908744e-02
0.090000	-1.481321484e-02
0.095000	-1.230726367e-02
0.100000	-8.804251194e-03
0.105000	-4.587970645e-03
0.110000	-3.988636335e-18
0.115000	1.390247500e-02
0.120000	2.760222061e-02
0.125000	4.089946369e-02
0.130000	5.360030049e-02
0.135000	6.551952421e-02
0.140000	7.648332573e-02
0.145000	8.633182813e-02
0.150000	9.492141808e-02
0.155000	1.021268400e-01
0.160000	1.078430226e-01
0.165000	1.119866112e-01
0.170000	1.144971827e-01
0.175000	1.153381275e-01
0.180000	1.144971827e-01
0.185000	1.119866112e-01
0.190000	1.078430226e-01
0.195000	1.021268400e-01
0.200000	9.492141808e-02
0.205000	8.633182813e-02
0.210000	7.648332573e-02
0.215000	6.551952421e-02
0.220000	5.360030049e-02
0.225000	4.089946369e-02
0.230000	2.760222061e-02
0.235000	1.390247500e-02
0.240000	1.412484687e-17
0.245000	-1.390247500e-02
0.250000	-2.760222061e-02
0.255000	-4.089946369e-02
0.260000	-5.360030049e-02
0.265000	-6.551952421e-02
0.270000	-7.648332573e-02
0.275000	-8.633182813e-02
0.280000	-9.492141808e-02
0.285000	-1.021268400e-01
0.290000	-1.078430226e-01
0.295000	-1.119866112e-01
0.300000	-1.144971827e-01
0.305000	-1.153381275e-01
0.310000	-1.144971827e-01
0.315000	-1.119866112e-01
0.320000	-1.078430226e-01
0.325000	-1.021268400e-01
0.330000	-9.492141808e-02
0.335000	-8.633182813e-02
0.340000	-7.648332573e-02
0.345000	-6.551952421e-02
0.350000	-5.360030049e-02
0.355000	-4.089946369e-02
0.360000	-2.760222061e-02
0.365000	-1.390247500e-02
0.370000	-2.824969374e-17
