Run24_FR76_s1p75_4_adaptive_record
75	0
0.000000	0.000000000e+00
0.005000	8.028948628e-03
0.010000	1.540743959e-02
0.015000	2.153771143e-02
0.020000	2.592312597e-02
0.025000	2.820840302e-02
0.030000	2.820840302e-02
0.035000	2.592312597e-02
0.040000	2.153771143e-02
0.045000	1.540743959e-02
0.050000	8.028948628e-03
0.055000	3.490056793e-18
0.060000	-8.028948628e-03
0.065000	-1.540743959e-02
0.070000	-2.153771143e-02
0.075000	-2.592312597e-02
0.080000	-2.820840302e-02
0.085000	-2.820840302e-02
0.090000	-2.592312597e-02
0.095000	-2.153771143e-02
0.100000	-1.540743959e-02
0.105000	-8.028948628e-03
0.110000	-6.980113586e-18
0.115000	2.432933125e-02
0.120000	4.830388607e-02
0.125000	7.157406145e-02
0.130000	9.380052585e-02
0.135000	1.146591674e-01
0.140000	1.338458200e-01
0.145000	1.510806992e-01
0.150000	1.661124816e-01
0.155000	1.787219700e-01
0.160000	1.887252896e-01
0.165000	1.959765695e-01
0.170000	2.003700698e-01
0.175000	2.018417232e-01
0.180000	2.003700698e-01
0.185000	1.959765695e-01
0.190000	1.887252896e-01
0.195000	1.787219700e-01
0.200000	1.661124816e-01
0.205000	1.510806992e-01
0.210000	1.338458200e-01
0.215000	1.146591674e-01
0.220000	9.380052585e-02
0.225000	7.157406145e-02
0.230000	4.830388607e-02
0.235000	2.432933125e-02
0.240000	2.471848202e-17
0.245000	-2.432933125e-02
0.250000	-4.830388607e-02
0.255000	-7.157406145e-02
0.260000	-9.380052585e-02
0.265000	-1.146591674e-01
0.270000	-1.338458200e-01
0.275000	-1.510806992e-01
0.280000	-1.661124816e-01
0.285000	-1.787219700e-01
0.290000	-1.887252896e-01
0.295000	-1.959765695e-01
0.300000	-2.003700698e-01
0.305000	-2.018417232e-01
0.310000	-2.003700698e-01
0.315000	-1.959765695e-01
0.320000	-1.887252896e-01
0.325000	-1.787219700e-01
0.330000	-1.661124816e-01
0.335000	-1.510806992e-01
0.340000	-1.338458200e-01
0.345000	-1.146591674e-01
0.350000	-9.380052585e-02
0.355000	-7.157406145e-02
0.360000	-4.830388607e-02
0.365000	-2.432933125e-02
0.370000	-4.943696405e-17
