Run23_FR76_s1p50_4_adaptive_record
75	0
0.000000	0.000000000e+00
0.005000	6.881955967e-03
0.010000	1.320637679e-02
0.015000	1.846089551e-02
0.020000	2.221982226e-02
0.025000	2.417863116e-02
0.030000	2.417863116e-02
0.035000	2.221982226e-02
0.040000	1.846089551e-02
0.045000	1.320637679e-02
0.050000	6.881955967e-03
0.055000	2.991477251e-18
0.060000	-6.881955967e-03
0.065000	-1.320637679e-02
0.070000	-1.846089551e-02
0.075000	-2.221982226e-02
0.080000	-2.417863116e-02
0.085000	-2.417863116e-02
0.090000	-2.221982226e-02
0.095000	-1.846089551e-02
0.100000	-1.320637679e-02
0.105000	-6.881955967e-03
0.110000	-5.982954502e-18
0.115000	2.085371250e-02
0.120000	4.140333091e-02
0.125000	6.134919553e-02
0.130000	8.040045073e-02
0.135000	9.827928631e-02
0.140000	1.147249886e-01
0.145000	1.294977422e-01
0.150000	1.423821271e-01
0.155000	1.531902600e-01
0.160000	1.617645340e-01
0.165000	1.679799167e-01
0.170000	1.717457741e-01
0.175000	1.730071913e-01
0.180000	1.717457741e-01
0.185000	1.679799167e-01
0.190000	1.617645340e-01
0.195000	1.531902600e-01
0.200000	1.423821271e-01
0.205000	1.294977422e-01
0.210000	1.147249886e-01
0.215000	9.827928631e-02
0.220000	8.040045073e-02
0.225000	6.134919553e-02
0.230000	4.140333091e-02
0.235000	2.085371250e-02
0.240000	2.118727031e-17
0.245000	-2.085371250e-02
0.250000	-4.140333091e-02
0.255000	-6.134919553e-02
0.260000	-8.040045073e-02
0.265000	-9.827928631e-02
0.270000	-1.147249886e-01
0.275000	-1.294977422e-01
0.280000	-1.423821271e-01
0.285000	-1.531902600e-01
0.290000	-1.617645340e-01
0.295000	-1.679799167e-01
0.300000	-1.717457741e-01
0.305000	-1.730071913e-01
0.310000	-1.717457741e-01
0.315000	-1.679799167e-01
0.320000	-1.617645340e-01
0.325000	-1.531902600e-01
0.330000	-1.423821271e-01
0.335000	-1.294977422e-01
0.340000	-1.147249886e-01
0.345000	-9.827928631e-02
0.350000	-8.040045073e-02
0.355000	-6.134919553e-02
0.360000	-4.140333091e-02
0.365000	-2.085371250e-02
0.370000	-4.237454061e-17
