Run25_FR76_s2p00_4_adaptive_record
75	0
0.000000	0.000000000e+00
0.005000	9.175941290e-03
0.010000	1.760850239e-02
0.015000	2.461452734e-02
0.020000	2.962642968e-02
0.025000	3.223817488e-02
0.030000	3.223817488e-02
0.035000	2.962642968e-02
0.040000	2.461452734e-02
0.045000	1.760850239e-02
0.050000	9.175941290e-03
0.055000	3.988636335e-18
0.060000	-9.175941290e-03
0.065000	-1.760850239e-02
0.070000	-2.461452734e-02
0.075000	-2.962642968e-02
0.080000	-3.223817488e-02
0.085000	-3.223817488e-02
0.090000	-2.962642968e-02
0.095000	-2.461452734e-02
0.100000	-1.760850239e-02
0.105000	-9.175941290e-03
0.110000	-7.977272670e-18
0.115000	2.780495000e-02
0.120000	5.520444122e-02
0.125000	8.179892737e-02
0.130000	1.072006010e-01
0.135000	1.310390484e-01
0.140000	1.529666515e-01
0.145000	1.726636563e-01
0.150000	1.898428362e-01
0.155000	2.042536800e-01
0.160000	2.156860453e-01
0.165000	2.239732223e-01
0.170000	2.289943654e-01
0.175000	2.306762551e-01
0.180000	2.289943654e-01
0.185000	2.239732223e-01
0.190000	2.156860453e-01
0.195000	2.042536800e-01
0.200000	1.898428362e-01
0.205000	1.726636563e-01
0.210000	1.529666515e-01
0.215000	1.310390484e-01
0.220000	1.072006010e-01
0.225000	8.179892737e-02
0.230000	5.520444122e-02
0.235000	2.780495000e-02
0.240000	2.824969374e-17
0.245000	-2.780495000e-02
0.250000	-5.520444122e-02
0.255000	-8.179892737e-02
0.260000	-1.072006010e-01
0.265000	-1.310390484e-01
0.270000	-1.529666515e-01
0.275000	-1.726636563e-01
0.280000	-1.898428362e-01
0.285000	-2.042536800e-01
0.290000	-2.156860453e-01
0.295000	-2.239732223e-01
0.300000	-2.289943654e-01
0.305000	-2.306762551e-01
0.310000	-2.289943654e-01
0.315000	-2.239732223e-01
0.320000	-2.156860453e-01
0.325000	-2.042536800e-01
0.330000	-1.898428362e-01
0.335000	-1.726636563e-01
0.340000	-1.529666515e-01
0.345000	-1.310390484e-01
0.350000	-1.072006010e-01
0.355000	-8.179892737e-02
0.360000	-5.520444122e-02
0.365000	-2.780495000e-02
0.370000	-5.649938748e-17
