StratC_run22_T0.5000
801	0
0.000000	0.000000000e+00
0.005000	6.064967014e-03
0.010000	1.210599837e-02
0.015000	1.809925289e-02
0.020000	2.402107792e-02
0.025000	2.984810274e-02
0.030000	3.555733072e-02
0.035000	4.112623017e-02
0.040000	4.653282318e-02
0.045000	5.175577239e-02
0.050000	5.677446521e-02
0.055000	6.156909516e-02
0.060000	6.612074002e-02
0.065000	7.041143652e-02
0.070000	7.442425125e-02
0.075000	7.814334746e-02
0.080000	8.155404758e-02
0.085000	8.464289114e-02
0.090000	8.739768787e-02
0.095000	8.980756586e-02
0.100000	9.186301441e-02
0.105000	9.355592161e-02
0.110000	9.487960633e-02
0.115000	9.582884459e-02
0.120000	9.639989019e-02
0.125000	9.659048945e-02
0.130000	9.639989019e-02
0.135000	9.582884459e-02
0.140000	9.487960633e-02
0.145000	9.355592161e-02
0.150000	9.186301441e-02
0.155000	8.980756586e-02
0.160000	8.739768787e-02
0.165000	8.464289114e-02
0.170000	8.155404758e-02
0.175000	7.814334746e-02
0.180000	7.442425125e-02
0.185000	7.041143652e-02
0.190000	6.612074002e-02
0.195000	6.156909516e-02
0.200000	5.677446521e-02
0.205000	5.175577239e-02
0.210000	4.653282318e-02
0.215000	4.112623017e-02
0.220000	3.555733072e-02
0.225000	2.984810274e-02
0.230000	2.402107792e-02
0.235000	1.809925289e-02
0.240000	1.210599837e-02
0.245000	6.064967014e-03
0.250000	1.182892337e-17
0.255000	-6.064967014e-03
0.260000	-1.210599837e-02
0.265000	-1.809925289e-02
0.270000	-2.402107792e-02
0.275000	-2.984810274e-02
0.280000	-3.555733072e-02
0.285000	-4.112623017e-02
0.290000	-4.653282318e-02
0.295000	-5.175577239e-02
0.300000	-5.677446521e-02
0.305000	-6.156909516e-02
0.310000	-6.612074002e-02
0.315000	-7.041143652e-02
0.320000	-7.442425125e-02
0.325000	-7.814334746e-02
0.330000	-8.155404758e-02
0.335000	-8.464289114e-02
0.340000	-8.739768787e-02
0.345000	-8.980756586e-02
0.350000	-9.186301441e-02
0.355000	-9.355592161e-02
0.360000	-9.487960633e-02
0.365000	-9.582884459e-02
0.370000	-9.639989019e-02
0.375000	-9.659048945e-02
0.380000	-9.639989019e-02
0.385000	-9.582884459e-02
0.390000	-9.487960633e-02
0.395000	-9.355592161e-02
0.400000	-9.186301441e-02
0.405000	-8.980756586e-02
0.410000	-8.739768787e-02
0.415000	-8.464289114e-02
0.420000	-8.155404758e-02
0.425000	-7.814334746e-02
0.430000	-7.442425125e-02
0.435000	-7.041143652e-02
0.440000	-6.612074002e-02
0.445000	-6.156909516e-02
0.450000	-5.677446521e-02
0.455000	-5.175577239e-02
0.460000	-4.653282318e-02
0.465000	-4.112623017e-02
0.470000	-3.555733072e-02
0.475000	-2.984810274e-02
0.480000	-2.402107792e-02
0.485000	-1.809925289e-02
0.490000	-1.210599837e-02
0.495000	-6.064967014e-03
0.500000	-2.365784675e-17
0.505000	6.064967014e-03
0.510000	1.210599837e-02
0.515000	1.809925289e-02
0.520000	2.402107792e-02
0.525000	2.984810274e-02
0.530000	3.555733072e-02
0.535000	4.112623017e-02
0.540000	4.653282318e-02
0.545000	5.175577239e-02
0.550000	5.677446521e-02
0.555000	6.156909516e-02
0.560000	6.612074002e-02
0.565000	7.041143652e-02
0.570000	7.442425125e-02
0.575000	7.814334746e-02
0.580000	8.155404758e-02
0.585000	8.464289114e-02
0.590000	8.739768787e-02
0.595000	8.980756586e-02
0.600000	9.186301441e-02
0.605000	9.355592161e-02
0.610000	9.487960633e-02
0.615000	9.582884459e-02
0.620000	9.639989019e-02
0.625000	9.659048945e-02
0.630000	9.639989019e-02
0.635000	9.582884459e-02
0.640000	9.487960633e-02
0.645000	9.355592161e-02
0.650000	9.186301441e-02
0.655000	8.980756586e-02
0.660000	8.739768787e-02
0.665000	8.464289114e-02
0.670000	8.155404758e-02
0.675000	7.814334746e-02
0.680000	7.442425125e-02
0.685000	7.041143652e-02
0.690000	6.612074002e-02
0.695000	6.156909516e-02
0.700000	5.677446521e-02
0.705000	5.175577239e-02
0.710000	4.653282318e-02
0.715000	4.112623017e-02
0.720000	3.555733072e-02
0.725000	2.984810274e-02
0.730000	2.402107792e-02
0.735000	1.809925289e-02
0.740000	1.210599837e-02
0.745000	6.064967014e-03
0.750000	3.548677012e-17
0.755000	-6.064967014e-03
0.760000	-1.210599837e-02
0.765000	-1.809925289e-02
0.770000	-2.402107792e-02
0.775000	-2.984810274e-02
0.780000	-3.555733072e-02
0.785000	-4.112623017e-02
0.790000	-4.653282318e-02
0.795000	-5.175577239e-02
0.800000	-5.677446521e-02
0.805000	-6.156909516e-02
0.810000	-6.612074002e-02
0.815000	-7.041143652e-02
0.820000	-7.442425125e-02
0.825000	-7.814334746e-02
0.830000	-8.155404758e-02
0.835000	-8.464289114e-02
0.840000	-8.739768787e-02
0.845000	-8.980756586e-02
0.850000	-9.186301441e-02
0.855000	-9.355592161e-02
0.860000	-9.487960633e-02
0.865000	-9.582884459e-02
0.870000	-9.639989019e-02
0.875000	-9.659048945e-02
0.880000	-9.639989019e-02
0.885000	-9.582884459e-02
0.890000	-9.487960633e-02
0.895000	-9.355592161e-02
0.900000	-9.186301441e-02
0.905000	-8.980756586e-02
0.910000	-8.739768787e-02
0.915000	-8.464289114e-02
0.920000	-8.155404758e-02
0.925000	-7.814334746e-02
0.930000	-7.442425125e-02
0.935000	-7.041143652e-02
0.940000	-6.612074002e-02
0.945000	-6.156909516e-02
0.950000	-5.677446521e-02
0.955000	-5.175577239e-02
0.960000	-4.653282318e-02
0.965000	-4.112623017e-02
0.970000	-3.555733072e-02
0.975000	-2.984810274e-02
0.980000	-2.402107792e-02
0.985000	-1.809925289e-02
0.990000	-1.210599837e-02
0.995000	-6.064967014e-03
1.000000	-4.731569350e-17
1.005000	6.064967014e-03
1.010000	1.210599837e-02
1.015000	1.809925289e-02
1.020000	2.402107792e-02
1.025000	2.984810274e-02
1.030000	3.555733072e-02
1.035000	4.112623017e-02
1.040000	4.653282318e-02
1.045000	5.175577239e-02
1.050000	5.677446521e-02
1.055000	6.156909516e-02
1.060000	6.612074002e-02
1.065000	7.041143652e-02
1.070000	7.442425125e-02
1.075000	7.814334746e-02
1.080000	8.155404758e-02
1.085000	8.464289114e-02
1.090000	8.739768787e-02
1.095000	8.980756586e-02
1.100000	9.186301441e-02
1.105000	9.355592161e-02
1.110000	9.487960633e-02
1.115000	9.582884459e-02
1.120000	9.639989019e-02
1.125000	9.659048945e-02
1.130000	9.639989019e-02
1.135000	9.582884459e-02
1.140000	9.487960633e-02
1.145000	9.355592161e-02
1.150000	9.186301441e-02
1.155000	8.980756586e-02
1.160000	8.739768787e-02
1.165000	8.464289114e-02
1.170000	8.155404758e-02
1.175000	7.814334746e-02
1.180000	7.442425125e-02
1.185000	7.041143652e-02
1.190000	6.612074002e-02
1.195000	6.156909516e-02
1.200000	5.677446521e-02
1.205000	5.175577239e-02
1.210000	4.653282318e-02
1.215000	4.112623017e-02
1.220000	3.555733072e-02
1.225000	2.984810274e-02
1.230000	2.402107792e-02
1.235000	1.809925289e-02
1.240000	1.210599837e-02
1.245000	6.064967014e-03
1.250000	5.914461687e-17
1.255000	-6.064967014e-03
1.260000	-1.210599837e-02
1.265000	-1.809925289e-02
1.270000	-2.402107792e-02
1.275000	-2.984810274e-02
1.280000	-3.555733072e-02
1.285000	-4.112623017e-02
1.290000	-4.653282318e-02
1.295000	-5.175577239e-02
1.300000	-5.677446521e-02
1.305000	-6.156909516e-02
1.310000	-6.612074002e-02
1.315000	-7.041143652e-02
1.320000	-7.442425125e-02
1.325000	-7.814334746e-02
1.330000	-8.155404758e-02
1.335000	-8.464289114e-02
1.340000	-8.739768787e-02
1.345000	-8.980756586e-02
1.350000	-9.186301441e-02
1.355000	-9.355592161e-02
1.360000	-9.487960633e-02
1.365000	-9.582884459e-02
1.370000	-9.639989019e-02
1.375000	-9.659048945e-02
1.380000	-9.639989019e-02
1.385000	-9.582884459e-02
1.390000	-9.487960633e-02
1.395000	-9.355592161e-02
1.400000	-9.186301441e-02
1.405000	-8.980756586e-02
1.410000	-8.739768787e-02
1.415000	-8.464289114e-02
1.420000	-8.155404758e-02
1.425000	-7.814334746e-02
1.430000	-7.442425125e-02
1.435000	-7.041143652e-02
1.440000	-6.612074002e-02
1.445000	-6.156909516e-02
1.450000	-5.677446521e-02
1.455000	-5.175577239e-02
1.460000	-4.653282318e-02
1.465000	-4.112623017e-02
1.470000	-3.555733072e-02
1.475000	-2.984810274e-02
1.480000	-2.402107792e-02
1.485000	-1.809925289e-02
1.490000	-1.210599837e-02
1.495000	-6.064967014e-03
1.500000	-7.097354024e-17
1.505000	-7.097354024e-17
1.510000	-7.090062887e-17
1.515000	-7.068219435e-17
1.520000	-7.031913429e-17
1.525000	-6.981294057e-17
1.530000	-6.916569325e-17
1.535000	-6.838005201e-17
1.540000	-6.745924522e-17
1.545000	-6.640705668e-17
1.550000	-6.522781004e-17
1.555000	-6.392635109e-17
1.560000	-6.250802781e-17
1.565000	-6.097866838e-17
1.570000	-5.934455727e-17
1.575000	-5.761240939e-17
1.580000	-5.578934252e-17
1.585000	-5.388284803e-17
1.590000	-5.190076010e-17
1.595000	-4.985122357e-17
1.600000	-4.774266042e-17
1.605000	-4.558373518e-17
1.610000	-4.338331935e-17
1.615000	-4.115045491e-17
1.620000	-3.889431717e-17
1.625000	-3.662417709e-17
1.630000	-3.434936316e-17
1.635000	-3.207922307e-17
1.640000	-2.982308534e-17
1.645000	-2.759022089e-17
1.650000	-2.538980506e-17
1.655000	-2.323087983e-17
1.660000	-2.112231668e-17
1.665000	-1.907278014e-17
1.670000	-1.709069222e-17
1.675000	-1.518419772e-17
1.680000	-1.336113085e-17
1.685000	-1.162898298e-17
1.690000	-9.994871868e-18
1.695000	-8.465512437e-18
1.700000	-7.047189150e-18
1.705000	-5.745730202e-18
1.710000	-4.566483566e-18
1.715000	-3.514295020e-18
1.720000	-2.593488232e-18
1.725000	-1.807846995e-18
1.730000	-1.160599677e-18
1.735000	-6.544059567e-19
1.740000	-2.913458922e-19
1.745000	-7.291137516e-20
1.750000	-0.000000000e+00
1.755000	0.000000000e+00
1.760000	0.000000000e+00
1.765000	0.000000000e+00
1.770000	0.000000000e+00
1.775000	0.000000000e+00
1.780000	0.000000000e+00
1.785000	0.000000000e+00
1.790000	0.000000000e+00
1.795000	0.000000000e+00
1.800000	0.000000000e+00
1.805000	0.000000000e+00
1.810000	0.000000000e+00
1.815000	0.000000000e+00
1.820000	0.000000000e+00
1.825000	0.000000000e+00
1.830000	0.000000000e+00
1.835000	0.000000000e+00
1.840000	0.000000000e+00
1.845000	0.000000000e+00
1.850000	0.000000000e+00
1.855000	0.000000000e+00
1.860000	0.000000000e+00
1.865000	0.000000000e+00
1.870000	0.000000000e+00
1.875000	0.000000000e+00
1.880000	0.000000000e+00
1.885000	0.000000000e+00
1.890000	0.000000000e+00
1.895000	0.000000000e+00
1.900000	0.000000000e+00
1.905000	0.000000000e+00
1.910000	0.000000000e+00
1.915000	0.000000000e+00
1.920000	0.000000000e+00
1.925000	0.000000000e+00
1.930000	0.000000000e+00
1.935000	0.000000000e+00
1.940000	0.000000000e+00
1.945000	0.000000000e+00
1.950000	0.000000000e+00
1.955000	0.000000000e+00
1.960000	0.000000000e+00
1.965000	0.000000000e+00
1.970000	0.000000000e+00
1.975000	0.000000000e+00
1.980000	0.000000000e+00
1.985000	0.000000000e+00
1.990000	0.000000000e+00
1.995000	0.000000000e+00
2.000000	0.000000000e+00
2.005000	0.000000000e+00
2.010000	0.000000000e+00
2.015000	0.000000000e+00
2.020000	0.000000000e+00
2.025000	0.000000000e+00
2.030000	0.000000000e+00
2.035000	0.000000000e+00
2.040000	0.000000000e+00
2.045000	0.000000000e+00
2.050000	0.000000000e+00
2.055000	0.000000000e+00
2.060000	0.000000000e+00
2.065000	0.000000000e+00
2.070000	0.000000000e+00
2.075000	0.000000000e+00
2.080000	0.000000000e+00
2.085000	0.000000000e+00
2.090000	0.000000000e+00
2.095000	0.000000000e+00
2.100000	0.000000000e+00
2.105000	0.000000000e+00
2.110000	0.000000000e+00
2.115000	0.000000000e+00
2.120000	0.000000000e+00
2.125000	0.000000000e+00
2.130000	0.000000000e+00
2.135000	0.000000000e+00
2.140000	0.000000000e+00
2.145000	0.000000000e+00
2.150000	0.000000000e+00
2.155000	0.000000000e+00
2.160000	0.000000000e+00
2.165000	0.000000000e+00
2.170000	0.000000000e+00
2.175000	0.000000000e+00
2.180000	0.000000000e+00
2.185000	0.000000000e+00
2.190000	0.000000000e+00
2.195000	0.000000000e+00
2.200000	0.000000000e+00
2.205000	0.000000000e+00
2.210000	0.000000000e+00
2.215000	0.000000000e+00
2.220000	0.000000000e+00
2.225000	0.000000000e+00
2.230000	0.000000000e+00
2.235000	0.000000000e+00
2.240000	0.000000000e+00
2.245000	0.000000000e+00
2.250000	0.000000000e+00
2.255000	0.000000000e+00
2.260000	0.000000000e+00
2.265000	0.000000000e+00
2.270000	0.000000000e+00
2.275000	0.000000000e+00
2.280000	0.000000000e+00
2.285000	0.000000000e+00
2.290000	0.000000000e+00
2.295000	0.000000000e+00
2.300000	0.000000000e+00
2.305000	0.000000000e+00
2.310000	0.000000000e+00
2.315000	0.000000000e+00
2.320000	0.000000000e+00
2.325000	0.000000000e+00
2.330000	0.000000000e+00
2.335000	0.000000000e+00
2.340000	0.000000000e+00
2.345000	0.000000000e+00
2.350000	0.000000000e+00
2.355000	0.000000000e+00
2.360000	0.000000000e+00
2.365000	0.000000000e+00
2.370000	0.000000000e+00
2.375000	0.000000000e+00
2.380000	0.000000000e+00
2.385000	0.000000000e+00
2.390000	0.000000000e+00
2.395000	0.000000000e+00
2.400000	0.000000000e+00
2.405000	0.000000000e+00
2.410000	0.000000000e+00
2.415000	0.000000000e+00
2.420000	0.000000000e+00
2.425000	0.000000000e+00
2.430000	0.000000000e+00
2.435000	0.000000000e+00
2.440000	0.000000000e+00
2.445000	0.000000000e+00
2.450000	0.000000000e+00
2.455000	0.000000000e+00
2.460000	0.000000000e+00
2.465000	0.000000000e+00
2.470000	0.000000000e+00
2.475000	0.000000000e+00
2.480000	0.000000000e+00
2.485000	0.000000000e+00
2.490000	0.000000000e+00
2.495000	0.000000000e+00
2.500000	0.000000000e+00
2.505000	0.000000000e+00
2.510000	0.000000000e+00
2.515000	0.000000000e+00
2.520000	0.000000000e+00
2.525000	0.000000000e+00
2.530000	0.000000000e+00
2.535000	0.000000000e+00
2.540000	0.000000000e+00
2.545000	0.000000000e+00
2.550000	0.000000000e+00
2.555000	0.000000000e+00
2.560000	0.000000000e+00
2.565000	0.000000000e+00
2.570000	0.000000000e+00
2.575000	0.000000000e+00
2.580000	0.000000000e+00
2.585000	0.000000000e+00
2.590000	0.000000000e+00
2.595000	0.000000000e+00
2.600000	0.000000000e+00
2.605000	0.000000000e+00
2.610000	0.000000000e+00
2.615000	0.000000000e+00
2.620000	0.000000000e+00
2.625000	0.000000000e+00
2.630000	0.000000000e+00
2.635000	0.000000000e+00
2.640000	0.000000000e+00
2.645000	0.000000000e+00
2.650000	0.000000000e+00
2.655000	0.000000000e+00
2.660000	0.000000000e+00
2.665000	0.000000000e+00
2.670000	0.000000000e+00
2.675000	0.000000000e+00
2.680000	0.000000000e+00
2.685000	0.000000000e+00
2.690000	0.000000000e+00
2.695000	0.000000000e+00
2.700000	0.000000000e+00
2.705000	0.000000000e+00
2.710000	0.000000000e+00
2.715000	0.000000000e+00
2.720000	0.000000000e+00
2.725000	0.000000000e+00
2.730000	0.000000000e+00
2.735000	0.000000000e+00
2.740000	0.000000000e+00
2.745000	0.000000000e+00
2.750000	0.000000000e+00
2.755000	0.000000000e+00
2.760000	0.000000000e+00
2.765000	0.000000000e+00
2.770000	0.000000000e+00
2.775000	0.000000000e+00
2.780000	0.000000000e+00
2.785000	0.000000000e+00
2.790000	0.000000000e+00
2.795000	0.000000000e+00
2.800000	0.000000000e+00
2.805000	0.000000000e+00
2.810000	0.000000000e+00
2.815000	0.000000000e+00
2.820000	0.000000000e+00
2.825000	0.000000000e+00
2.830000	0.000000000e+00
2.835000	0.000000000e+00
2.840000	0.000000000e+00
2.845000	0.000000000e+00
2.850000	0.000000000e+00
2.855000	0.000000000e+00
2.860000	0.000000000e+00
2.865000	0.000000000e+00
2.870000	0.000000000e+00
2.875000	0.000000000e+00
2.880000	0.000000000e+00
2.885000	0.000000000e+00
2.890000	0.000000000e+00
2.895000	0.000000000e+00
2.900000	0.000000000e+00
2.905000	0.000000000e+00
2.910000	0.000000000e+00
2.915000	0.000000000e+00
2.920000	0.000000000e+00
2.925000	0.000000000e+00
2.930000	0.000000000e+00
2.935000	0.000000000e+00
2.940000	0.000000000e+00
2.945000	0.000000000e+00
2.950000	0.000000000e+00
2.955000	0.000000000e+00
2.960000	0.000000000e+00
2.965000	0.000000000e+00
2.970000	0.000000000e+00
2.975000	0.000000000e+00
2.980000	0.000000000e+00
2.985000	0.000000000e+00
2.990000	0.000000000e+00
2.995000	0.000000000e+00
3.000000	0.000000000e+00
3.005000	0.000000000e+00
3.010000	0.000000000e+00
3.015000	0.000000000e+00
3.020000	0.000000000e+00
3.025000	0.000000000e+00
3.030000	0.000000000e+00
3.035000	0.000000000e+00
3.040000	0.000000000e+00
3.045000	0.000000000e+00
3.050000	0.000000000e+00
3.055000	0.000000000e+00
3.060000	0.000000000e+00
3.065000	0.000000000e+00
3.070000	0.000000000e+00
3.075000	0.000000000e+00
3.080000	0.000000000e+00
3.085000	0.000000000e+00
3.090000	0.000000000e+00
3.095000	0.000000000e+00
3.100000	0.000000000e+00
3.105000	0.000000000e+00
3.110000	0.000000000e+00
3.115000	0.000000000e+00
3.120000	0.000000000e+00
3.125000	0.000000000e+00
3.130000	0.000000000e+00
3.135000	0.000000000e+00
3.140000	0.000000000e+00
3.145000	0.000000000e+00
3.150000	0.000000000e+00
3.155000	0.000000000e+00
3.160000	0.000000000e+00
3.165000	0.000000000e+00
3.170000	0.000000000e+00
3.175000	0.000000000e+00
3.180000	0.000000000e+00
3.185000	0.000000000e+00
3.190000	0.000000000e+00
3.195000	0.000000000e+00
3.200000	0.000000000e+00
3.205000	0.000000000e+00
3.210000	0.000000000e+00
3.215000	0.000000000e+00
3.220000	0.000000000e+00
3.225000	0.000000000e+00
3.230000	0.000000000e+00
3.235000	0.000000000e+00
3.240000	0.000000000e+00
3.245000	0.000000000e+00
3.250000	0.000000000e+00
3.255000	0.000000000e+00
3.260000	0.000000000e+00
3.265000	0.000000000e+00
3.270000	0.000000000e+00
3.275000	0.000000000e+00
3.280000	0.000000000e+00
3.285000	0.000000000e+00
3.290000	0.000000000e+00
3.295000	0.000000000e+00
3.300000	0.000000000e+00
3.305000	0.000000000e+00
3.310000	0.000000000e+00
3.315000	0.000000000e+00
3.320000	0.000000000e+00
3.325000	0.000000000e+00
3.330000	0.000000000e+00
3.335000	0.000000000e+00
3.340000	0.000000000e+00
3.345000	0.000000000e+00
3.350000	0.000000000e+00
3.355000	0.000000000e+00
3.360000	0.000000000e+00
3.365000	0.000000000e+00
3.370000	0.000000000e+00
3.375000	0.000000000e+00
3.380000	0.000000000e+00
3.385000	0.000000000e+00
3.390000	0.000000000e+00
3.395000	0.000000000e+00
3.400000	0.000000000e+00
3.405000	0.000000000e+00
3.410000	0.000000000e+00
3.415000	0.000000000e+00
3.420000	0.000000000e+00
3.425000	0.000000000e+00
3.430000	0.000000000e+00
3.435000	0.000000000e+00
3.440000	0.000000000e+00
3.445000	0.000000000e+00
3.450000	0.000000000e+00
3.455000	0.000000000e+00
3.460000	0.000000000e+00
3.465000	0.000000000e+00
3.470000	0.000000000e+00
3.475000	0.000000000e+00
3.480000	0.000000000e+00
3.485000	0.000000000e+00
3.490000	0.000000000e+00
3.495000	0.000000000e+00
3.500000	0.000000000e+00
3.505000	0.000000000e+00
3.510000	0.000000000e+00
3.515000	0.000000000e+00
3.520000	0.000000000e+00
3.525000	0.000000000e+00
3.530000	0.000000000e+00
3.535000	0.000000000e+00
3.540000	0.000000000e+00
3.545000	0.000000000e+00
3.550000	0.000000000e+00
3.555000	0.000000000e+00
3.560000	0.000000000e+00
3.565000	0.000000000e+00
3.570000	0.000000000e+00
3.575000	0.000000000e+00
3.580000	0.000000000e+00
3.585000	0.000000000e+00
3.590000	0.000000000e+00
3.595000	0.000000000e+00
3.600000	0.000000000e+00
3.605000	0.000000000e+00
3.610000	0.000000000e+00
3.615000	0.000000000e+00
3.620000	0.000000000e+00
3.625000	0.000000000e+00
3.630000	0.000000000e+00
3.635000	0.000000000e+00
3.640000	0.000000000e+00
3.645000	0.000000000e+00
3.650000	0.000000000e+00
3.655000	0.000000000e+00
3.660000	0.000000000e+00
3.665000	0.000000000e+00
3.670000	0.000000000e+00
3.675000	0.000000000e+00
3.680000	0.000000000e+00
3.685000	0.000000000e+00
3.690000	0.000000000e+00
3.695000	0.000000000e+00
3.700000	0.000000000e+00
3.705000	0.000000000e+00
3.710000	0.000000000e+00
3.715000	0.000000000e+00
3.720000	0.000000000e+00
3.725000	0.000000000e+00
3.730000	0.000000000e+00
3.735000	0.000000000e+00
3.740000	0.000000000e+00
3.745000	0.000000000e+00
3.750000	0.000000000e+00
3.755000	0.000000000e+00
3.760000	0.000000000e+00
3.765000	0.000000000e+00
3.770000	0.000000000e+00
3.775000	0.000000000e+00
3.780000	0.000000000e+00
3.785000	0.000000000e+00
3.790000	0.000000000e+00
3.795000	0.000000000e+00
3.800000	0.000000000e+00
3.805000	0.000000000e+00
3.810000	0.000000000e+00
3.815000	0.000000000e+00
3.820000	0.000000000e+00
3.825000	0.000000000e+00
3.830000	0.000000000e+00
3.835000	0.000000000e+00
3.840000	0.000000000e+00
3.845000	0.000000000e+00
3.850000	0.000000000e+00
3.855000	0.000000000e+00
3.860000	0.000000000e+00
3.865000	0.000000000e+00
3.870000	0.000000000e+00
3.875000	0.000000000e+00
3.880000	0.000000000e+00
3.885000	0.000000000e+00
3.890000	0.000000000e+00
3.895000	0.000000000e+00
3.900000	0.000000000e+00
3.905000	0.000000000e+00
3.910000	0.000000000e+00
3.915000	0.000000000e+00
3.920000	0.000000000e+00
3.925000	0.000000000e+00
3.930000	0.000000000e+00
3.935000	0.000000000e+00
3.940000	0.000000000e+00
3.945000	0.000000000e+00
3.950000	0.000000000e+00
3.955000	0.000000000e+00
3.960000	0.000000000e+00
3.965000	0.000000000e+00
3.970000	0.000000000e+00
3.975000	0.000000000e+00
3.980000	0.000000000e+00
3.985000	0.000000000e+00
3.990000	0.000000000e+00
3.995000	0.000000000e+00
4.000000	0.000000000e+00
