StratC_run08_T1.1000
1161	0
0.000000	0.000000000e+00
0.005000	1.320441615e-03
0.010000	2.639806258e-03
0.015000	3.957017837e-03
0.020000	5.271002017e-03
0.025000	6.580687091e-03
0.030000	7.885004862e-03
0.035000	9.182891511e-03
0.040000	1.047328846e-02
0.045000	1.175514325e-02
0.050000	1.302741037e-02
0.055000	1.428905215e-02
0.060000	1.553903957e-02
0.065000	1.677635313e-02
0.070000	1.799998366e-02
0.075000	1.920893314e-02
0.080000	2.040221554e-02
0.085000	2.157885760e-02
0.090000	2.273789964e-02
0.095000	2.387839631e-02
0.100000	2.499941743e-02
0.105000	2.610004866e-02
0.110000	2.717939232e-02
0.115000	2.823656807e-02
0.120000	2.927071368e-02
0.125000	3.028098567e-02
0.130000	3.126656005e-02
0.135000	3.222663298e-02
0.140000	3.316042141e-02
0.145000	3.406716372e-02
0.150000	3.494612036e-02
0.155000	3.579657445e-02
0.160000	3.661783234e-02
0.165000	3.740922419e-02
0.170000	3.817010455e-02
0.175000	3.889985282e-02
0.180000	3.959787382e-02
0.185000	4.026359822e-02
0.190000	4.089648305e-02
0.195000	4.149601213e-02
0.200000	4.206169646e-02
0.205000	4.259307467e-02
0.210000	4.308971335e-02
0.215000	4.355120745e-02
0.220000	4.397718056e-02
0.225000	4.436728525e-02
0.230000	4.472120335e-02
0.235000	4.503864619e-02
0.240000	4.531935486e-02
0.245000	4.556310042e-02
0.250000	4.576968406e-02
0.255000	4.593893729e-02
0.260000	4.607072206e-02
0.265000	4.616493089e-02
0.270000	4.622148695e-02
0.275000	4.624034409e-02
0.280000	4.622148695e-02
0.285000	4.616493089e-02
0.290000	4.607072206e-02
0.295000	4.593893729e-02
0.300000	4.576968406e-02
0.305000	4.556310042e-02
0.310000	4.531935486e-02
0.315000	4.503864619e-02
0.320000	4.472120335e-02
0.325000	4.436728525e-02
0.330000	4.397718056e-02
0.335000	4.355120745e-02
0.340000	4.308971335e-02
0.345000	4.259307467e-02
0.350000	4.206169646e-02
0.355000	4.149601213e-02
0.360000	4.089648305e-02
0.365000	4.026359822e-02
0.370000	3.959787382e-02
0.375000	3.889985282e-02
0.380000	3.817010455e-02
0.385000	3.740922419e-02
0.390000	3.661783234e-02
0.395000	3.579657445e-02
0.400000	3.494612036e-02
0.405000	3.406716372e-02
0.410000	3.316042141e-02
0.415000	3.222663298e-02
0.420000	3.126656005e-02
0.425000	3.028098567e-02
0.430000	2.927071368e-02
0.435000	2.823656807e-02
0.440000	2.717939232e-02
0.445000	2.610004866e-02
0.450000	2.499941743e-02
0.455000	2.387839631e-02
0.460000	2.273789964e-02
0.465000	2.157885760e-02
0.470000	2.040221554e-02
0.475000	1.920893314e-02
0.480000	1.799998366e-02
0.485000	1.677635313e-02
0.490000	1.553903957e-02
0.495000	1.428905215e-02
0.500000	1.302741037e-02
0.505000	1.175514325e-02
0.510000	1.047328846e-02
0.515000	9.182891511e-03
0.520000	7.885004862e-03
0.525000	6.580687091e-03
0.530000	5.271002017e-03
0.535000	3.957017837e-03
0.540000	2.639806258e-03
0.545000	1.320441615e-03
0.550000	5.662808938e-18
0.555000	-1.320441615e-03
0.560000	-2.639806258e-03
0.565000	-3.957017837e-03
0.570000	-5.271002017e-03
0.575000	-6.580687091e-03
0.580000	-7.885004862e-03
0.585000	-9.182891511e-03
0.590000	-1.047328846e-02
0.595000	-1.175514325e-02
0.600000	-1.302741037e-02
0.605000	-1.428905215e-02
0.610000	-1.553903957e-02
0.615000	-1.677635313e-02
0.620000	-1.799998366e-02
0.625000	-1.920893314e-02
0.630000	-2.040221554e-02
0.635000	-2.157885760e-02
0.640000	-2.273789964e-02
0.645000	-2.387839631e-02
0.650000	-2.499941743e-02
0.655000	-2.610004866e-02
0.660000	-2.717939232e-02
0.665000	-2.823656807e-02
0.670000	-2.927071368e-02
0.675000	-3.028098567e-02
0.680000	-3.126656005e-02
0.685000	-3.222663298e-02
0.690000	-3.316042141e-02
0.695000	-3.406716372e-02
0.700000	-3.494612036e-02
0.705000	-3.579657445e-02
0.710000	-3.661783234e-02
0.715000	-3.740922419e-02
0.720000	-3.817010455e-02
0.725000	-3.889985282e-02
0.730000	-3.959787382e-02
0.735000	-4.026359822e-02
0.740000	-4.089648305e-02
0.745000	-4.149601213e-02
0.750000	-4.206169646e-02
0.755000	-4.259307467e-02
0.760000	-4.308971335e-02
0.765000	-4.355120745e-02
0.770000	-4.397718056e-02
0.775000	-4.436728525e-02
0.780000	-4.472120335e-02
0.785000	-4.503864619e-02
0.790000	-4.531935486e-02
0.795000	-4.556310042e-02
0.800000	-4.576968406e-02
0.805000	-4.593893729e-02
0.810000	-4.607072206e-02
0.815000	-4.616493089e-02
0.820000	-4.622148695e-02
0.825000	-4.624034409e-02
0.830000	-4.622148695e-02
0.835000	-4.616493089e-02
0.840000	-4.607072206e-02
0.845000	-4.593893729e-02
0.850000	-4.576968406e-02
0.855000	-4.556310042e-02
0.860000	-4.531935486e-02
0.865000	-4.503864619e-02
0.870000	-4.472120335e-02
0.875000	-4.436728525e-02
0.880000	-4.397718056e-02
0.885000	-4.355120745e-02
0.890000	-4.308971335e-02
0.895000	-4.259307467e-02
0.900000	-4.206169646e-02
0.905000	-4.149601213e-02
0.910000	-4.089648305e-02
0.915000	-4.026359822e-02
0.920000	-3.959787382e-02
0.925000	-3.889985282e-02
0.930000	-3.817010455e-02
0.935000	-3.740922419e-02
0.940000	-3.661783234e-02
0.945000	-3.579657445e-02
0.950000	-3.494612036e-02
0.955000	-3.406716372e-02
0.960000	-3.316042141e-02
0.965000	-3.222663298e-02
0.970000	-3.126656005e-02
0.975000	-3.028098567e-02
0.980000	-2.927071368e-02
0.985000	-2.823656807e-02
0.990000	-2.717939232e-02
0.995000	-2.610004866e-02
1.000000	-2.499941743e-02
1.005000	-2.387839631e-02
1.010000	-2.273789964e-02
1.015000	-2.157885760e-02
1.020000	-2.040221554e-02
1.025000	-1.920893314e-02
1.030000	-1.799998366e-02
1.035000	-1.677635313e-02
1.040000	-1.553903957e-02
1.045000	-1.428905215e-02
1.050000	-1.302741037e-02
1.055000	-1.175514325e-02
1.060000	-1.047328846e-02
1.065000	-9.182891511e-03
1.070000	-7.885004862e-03
1.075000	-6.580687091e-03
1.080000	-5.271002017e-03
1.085000	-3.957017837e-03
1.090000	-2.639806258e-03
1.095000	-1.320441615e-03
1.100000	-1.132561788e-17
1.105000	1.320441615e-03
1.110000	2.639806258e-03
1.115000	3.957017837e-03
1.120000	5.271002017e-03
1.125000	6.580687091e-03
1.130000	7.885004862e-03
1.135000	9.182891511e-03
1.140000	1.047328846e-02
1.145000	1.175514325e-02
1.150000	1.302741037e-02
1.155000	1.428905215e-02
1.160000	1.553903957e-02
1.165000	1.677635313e-02
1.170000	1.799998366e-02
1.175000	1.920893314e-02
1.180000	2.040221554e-02
1.185000	2.157885760e-02
1.190000	2.273789964e-02
1.195000	2.387839631e-02
1.200000	2.499941743e-02
1.205000	2.610004866e-02
1.210000	2.717939232e-02
1.215000	2.823656807e-02
1.220000	2.927071368e-02
1.225000	3.028098567e-02
1.230000	3.126656005e-02
1.235000	3.222663298e-02
1.240000	3.316042141e-02
1.245000	3.406716372e-02
1.250000	3.494612036e-02
1.255000	3.579657445e-02
1.260000	3.661783234e-02
1.265000	3.740922419e-02
1.270000	3.817010455e-02
1.275000	3.889985282e-02
1.280000	3.959787382e-02
1.285000	4.026359822e-02
1.290000	4.089648305e-02
1.295000	4.149601213e-02
1.300000	4.206169646e-02
1.305000	4.259307467e-02
1.310000	4.308971335e-02
1.315000	4.355120745e-02
1.320000	4.397718056e-02
1.325000	4.436728525e-02
1.330000	4.472120335e-02
1.335000	4.503864619e-02
1.340000	4.531935486e-02
1.345000	4.556310042e-02
1.350000	4.576968406e-02
1.355000	4.593893729e-02
1.360000	4.607072206e-02
1.365000	4.616493089e-02
1.370000	4.622148695e-02
1.375000	4.624034409e-02
1.380000	4.622148695e-02
1.385000	4.616493089e-02
1.390000	4.607072206e-02
1.395000	4.593893729e-02
1.400000	4.576968406e-02
1.405000	4.556310042e-02
1.410000	4.531935486e-02
1.415000	4.503864619e-02
1.420000	4.472120335e-02
1.425000	4.436728525e-02
1.430000	4.397718056e-02
1.435000	4.355120745e-02
1.440000	4.308971335e-02
1.445000	4.259307467e-02
1.450000	4.206169646e-02
1.455000	4.149601213e-02
1.460000	4.089648305e-02
1.465000	4.026359822e-02
1.470000	3.959787382e-02
1.475000	3.889985282e-02
1.480000	3.817010455e-02
1.485000	3.740922419e-02
1.490000	3.661783234e-02
1.495000	3.579657445e-02
1.500000	3.494612036e-02
1.505000	3.406716372e-02
1.510000	3.316042141e-02
1.515000	3.222663298e-02
1.520000	3.126656005e-02
1.525000	3.028098567e-02
1.530000	2.927071368e-02
1.535000	2.823656807e-02
1.540000	2.717939232e-02
1.545000	2.610004866e-02
1.550000	2.499941743e-02
1.555000	2.387839631e-02
1.560000	2.273789964e-02
1.565000	2.157885760e-02
1.570000	2.040221554e-02
1.575000	1.920893314e-02
1.580000	1.799998366e-02
1.585000	1.677635313e-02
1.590000	1.553903957e-02
1.595000	1.428905215e-02
1.600000	1.302741037e-02
1.605000	1.175514325e-02
1.610000	1.047328846e-02
1.615000	9.182891511e-03
1.620000	7.885004862e-03
1.625000	6.580687091e-03
1.630000	5.271002017e-03
1.635000	3.957017837e-03
1.640000	2.639806258e-03
1.645000	1.320441615e-03
1.650000	1.698842681e-17
1.655000	-1.320441615e-03
1.660000	-2.639806258e-03
1.665000	-3.957017837e-03
1.670000	-5.271002017e-03
1.675000	-6.580687091e-03
1.680000	-7.885004862e-03
1.685000	-9.182891511e-03
1.690000	-1.047328846e-02
1.695000	-1.175514325e-02
1.700000	-1.302741037e-02
1.705000	-1.428905215e-02
1.710000	-1.553903957e-02
1.715000	-1.677635313e-02
1.720000	-1.799998366e-02
1.725000	-1.920893314e-02
1.730000	-2.040221554e-02
1.735000	-2.157885760e-02
1.740000	-2.273789964e-02
1.745000	-2.387839631e-02
1.750000	-2.499941743e-02
1.755000	-2.610004866e-02
1.760000	-2.717939232e-02
1.765000	-2.823656807e-02
1.770000	-2.927071368e-02
1.775000	-3.028098567e-02
1.780000	-3.126656005e-02
1.785000	-3.222663298e-02
1.790000	-3.316042141e-02
1.795000	-3.406716372e-02
1.800000	-3.494612036e-02
1.805000	-3.579657445e-02
1.810000	-3.661783234e-02
1.815000	-3.740922419e-02
1.820000	-3.817010455e-02
1.825000	-3.889985282e-02
1.830000	-3.959787382e-02
1.835000	-4.026359822e-02
1.840000	-4.089648305e-02
1.845000	-4.149601213e-02
1.850000	-4.206169646e-02
1.855000	-4.259307467e-02
1.860000	-4.308971335e-02
1.865000	-4.355120745e-02
1.870000	-4.397718056e-02
1.875000	-4.436728525e-02
1.880000	-4.472120335e-02
1.885000	-4.503864619e-02
1.890000	-4.531935486e-02
1.895000	-4.556310042e-02
1.900000	-4.576968406e-02
1.905000	-4.593893729e-02
1.910000	-4.607072206e-02
1.915000	-4.616493089e-02
1.920000	-4.622148695e-02
1.925000	-4.624034409e-02
1.930000	-4.622148695e-02
1.935000	-4.616493089e-02
1.940000	-4.607072206e-02
1.945000	-4.593893729e-02
1.950000	-4.576968406e-02
1.955000	-4.556310042e-02
1.960000	-4.531935486e-02
1.965000	-4.503864619e-02
1.970000	-4.472120335e-02
1.975000	-4.436728525e-02
1.980000	-4.397718056e-02
1.985000	-4.355120745e-02
1.990000	-4.308971335e-02
1.995000	-4.259307467e-02
2.000000	-4.206169646e-02
2.005000	-4.149601213e-02
2.010000	-4.089648305e-02
2.015000	-4.026359822e-02
2.020000	-3.959787382e-02
2.025000	-3.889985282e-02
2.030000	-3.817010455e-02
2.035000	-3.740922419e-02
2.040000	-3.661783234e-02
2.045000	-3.579657445e-02
2.050000	-3.494612036e-02
2.055000	-3.406716372e-02
2.060000	-3.316042141e-02
2.065000	-3.222663298e-02
2.070000	-3.126656005e-02
2.075000	-3.028098567e-02
2.080000	-2.927071368e-02
2.085000	-2.823656807e-02
2.090000	-2.717939232e-02
2.095000	-2.610004866e-02
2.100000	-2.499941743e-02
2.105000	-2.387839631e-02
2.110000	-2.273789964e-02
2.115000	-2.157885760e-02
2.120000	-2.040221554e-02
2.125000	-1.920893314e-02
2.130000	-1.799998366e-02
2.135000	-1.677635313e-02
2.140000	-1.553903957e-02
2.145000	-1.428905215e-02
2.150000	-1.302741037e-02
2.155000	-1.175514325e-02
2.160000	-1.047328846e-02
2.165000	-9.182891511e-03
2.170000	-7.885004862e-03
2.175000	-6.580687091e-03
2.180000	-5.271002017e-03
2.185000	-3.957017837e-03
2.190000	-2.639806258e-03
2.195000	-1.320441615e-03
2.200000	-2.265123575e-17
2.205000	1.320441615e-03
2.210000	2.639806258e-03
2.215000	3.957017837e-03
2.220000	5.271002017e-03
2.225000	6.580687091e-03
2.230000	7.885004862e-03
2.235000	9.182891511e-03
2.240000	1.047328846e-02
2.245000	1.175514325e-02
2.250000	1.302741037e-02
2.255000	1.428905215e-02
2.260000	1.553903957e-02
2.265000	1.677635313e-02
2.270000	1.799998366e-02
2.275000	1.920893314e-02
2.280000	2.040221554e-02
2.285000	2.157885760e-02
2.290000	2.273789964e-02
2.295000	2.387839631e-02
2.300000	2.499941743e-02
2.305000	2.610004866e-02
2.310000	2.717939232e-02
2.315000	2.823656807e-02
2.320000	2.927071368e-02
2.325000	3.028098567e-02
2.330000	3.126656005e-02
2.335000	3.222663298e-02
2.340000	3.316042141e-02
2.345000	3.406716372e-02
2.350000	3.494612036e-02
2.355000	3.579657445e-02
2.360000	3.661783234e-02
2.365000	3.740922419e-02
2.370000	3.817010455e-02
2.375000	3.889985282e-02
2.380000	3.959787382e-02
2.385000	4.026359822e-02
2.390000	4.089648305e-02
2.395000	4.149601213e-02
2.400000	4.206169646e-02
2.405000	4.259307467e-02
2.410000	4.308971335e-02
2.415000	4.355120745e-02
2.420000	4.397718056e-02
2.425000	4.436728525e-02
2.430000	4.472120335e-02
2.435000	4.503864619e-02
2.440000	4.531935486e-02
2.445000	4.556310042e-02
2.450000	4.576968406e-02
2.455000	4.593893729e-02
2.460000	4.607072206e-02
2.465000	4.616493089e-02
2.470000	4.622148695e-02
2.475000	4.624034409e-02
2.480000	4.622148695e-02
2.485000	4.616493089e-02
2.490000	4.607072206e-02
2.495000	4.593893729e-02
2.500000	4.576968406e-02
2.505000	4.556310042e-02
2.510000	4.531935486e-02
2.515000	4.503864619e-02
2.520000	4.472120335e-02
2.525000	4.436728525e-02
2.530000	4.397718056e-02
2.535000	4.355120745e-02
2.540000	4.308971335e-02
2.545000	4.259307467e-02
2.550000	4.206169646e-02
2.555000	4.149601213e-02
2.560000	4.089648305e-02
2.565000	4.026359822e-02
2.570000	3.959787382e-02
2.575000	3.889985282e-02
2.580000	3.817010455e-02
2.585000	3.740922419e-02
2.590000	3.661783234e-02
2.595000	3.579657445e-02
2.600000	3.494612036e-02
2.605000	3.406716372e-02
2.610000	3.316042141e-02
2.615000	3.222663298e-02
2.620000	3.126656005e-02
2.625000	3.028098567e-02
2.630000	2.927071368e-02
2.635000	2.823656807e-02
2.640000	2.717939232e-02
2.645000	2.610004866e-02
2.650000	2.499941743e-02
2.655000	2.387839631e-02
2.660000	2.273789964e-02
2.665000	2.157885760e-02
2.670000	2.040221554e-02
2.675000	1.920893314e-02
2.680000	1.799998366e-02
2.685000	1.677635313e-02
2.690000	1.553903957e-02
2.695000	1.428905215e-02
2.700000	1.302741037e-02
2.705000	1.175514325e-02
2.710000	1.047328846e-02
2.715000	9.182891511e-03
2.720000	7.885004862e-03
2.725000	6.580687091e-03
2.730000	5.271002017e-03
2.735000	3.957017837e-03
2.740000	2.639806258e-03
2.745000	1.320441615e-03
2.750000	1.104533962e-16
2.755000	-1.320441615e-03
2.760000	-2.639806258e-03
2.765000	-3.957017837e-03
2.770000	-5.271002017e-03
2.775000	-6.580687091e-03
2.780000	-7.885004862e-03
2.785000	-9.182891511e-03
2.790000	-1.047328846e-02
2.795000	-1.175514325e-02
2.800000	-1.302741037e-02
2.805000	-1.428905215e-02
2.810000	-1.553903957e-02
2.815000	-1.677635313e-02
2.820000	-1.799998366e-02
2.825000	-1.920893314e-02
2.830000	-2.040221554e-02
2.835000	-2.157885760e-02
2.840000	-2.273789964e-02
2.845000	-2.387839631e-02
2.850000	-2.499941743e-02
2.855000	-2.610004866e-02
2.860000	-2.717939232e-02
2.865000	-2.823656807e-02
2.870000	-2.927071368e-02
2.875000	-3.028098567e-02
2.880000	-3.126656005e-02
2.885000	-3.222663298e-02
2.890000	-3.316042141e-02
2.895000	-3.406716372e-02
2.900000	-3.494612036e-02
2.905000	-3.579657445e-02
2.910000	-3.661783234e-02
2.915000	-3.740922419e-02
2.920000	-3.817010455e-02
2.925000	-3.889985282e-02
2.930000	-3.959787382e-02
2.935000	-4.026359822e-02
2.940000	-4.089648305e-02
2.945000	-4.149601213e-02
2.950000	-4.206169646e-02
2.955000	-4.259307467e-02
2.960000	-4.308971335e-02
2.965000	-4.355120745e-02
2.970000	-4.397718056e-02
2.975000	-4.436728525e-02
2.980000	-4.472120335e-02
2.985000	-4.503864619e-02
2.990000	-4.531935486e-02
2.995000	-4.556310042e-02
3.000000	-4.576968406e-02
3.005000	-4.593893729e-02
3.010000	-4.607072206e-02
3.015000	-4.616493089e-02
3.020000	-4.622148695e-02
3.025000	-4.624034409e-02
3.030000	-4.622148695e-02
3.035000	-4.616493089e-02
3.040000	-4.607072206e-02
3.045000	-4.593893729e-02
3.050000	-4.576968406e-02
3.055000	-4.556310042e-02
3.060000	-4.531935486e-02
3.065000	-4.503864619e-02
3.070000	-4.472120335e-02
3.075000	-4.436728525e-02
3.080000	-4.397718056e-02
3.085000	-4.355120745e-02
3.090000	-4.308971335e-02
3.095000	-4.259307467e-02
3.100000	-4.206169646e-02
3.105000	-4.149601213e-02
3.110000	-4.089648305e-02
3.115000	-4.026359822e-02
3.120000	-3.959787382e-02
3.125000	-3.889985282e-02
3.130000	-3.817010455e-02
3.135000	-3.740922419e-02
3.140000	-3.661783234e-02
3.145000	-3.579657445e-02
3.150000	-3.494612036e-02
3.155000	-3.406716372e-02
3.160000	-3.316042141e-02
3.165000	-3.222663298e-02
3.170000	-3.126656005e-02
3.175000	-3.028098567e-02
3.180000	-2.927071368e-02
3.185000	-2.823656807e-02
3.190000	-2.717939232e-02
3.195000	-2.610004866e-02
3.200000	-2.499941743e-02
3.205000	-2.387839631e-02
3.210000	-2.273789964e-02
3.215000	-2.157885760e-02
3.220000	-2.040221554e-02
3.225000	-1.920893314e-02
3.230000	-1.799998366e-02
3.235000	-1.677635313e-02
3.240000	-1.553903957e-02
3.245000	-1.428905215e-02
3.250000	-1.302741037e-02
3.255000	-1.175514325e-02
3.260000	-1.047328846e-02
3.265000	-9.182891511e-03
3.270000	-7.885004862e-03
3.275000	-6.580687091e-03
3.280000	-5.271002017e-03
3.285000	-3.957017837e-03
3.290000	-2.639806258e-03
3.295000	-1.320441615e-03
3.300000	-3.397685363e-17
3.305000	-3.397685363e-17
3.310000	-3.396979793e-17
3.315000	-3.394863671e-17
3.320000	-3.391338753e-17
3.325000	-3.386407967e-17
3.330000	-3.380075410e-17
3.335000	-3.372346341e-17
3.340000	-3.363227182e-17
3.345000	-3.352725505e-17
3.350000	-3.340850035e-17
3.355000	-3.327610636e-17
3.360000	-3.313018305e-17
3.365000	-3.297085164e-17
3.370000	-3.279824447e-17
3.375000	-3.261250491e-17
3.380000	-3.241378725e-17
3.385000	-3.220225656e-17
3.390000	-3.197808854e-17
3.395000	-3.174146940e-17
3.400000	-3.149259569e-17
3.405000	-3.123167412e-17
3.410000	-3.095892144e-17
3.415000	-3.067456420e-17
3.420000	-3.037883861e-17
3.425000	-3.007199031e-17
3.430000	-2.975427419e-17
3.435000	-2.942595414e-17
3.440000	-2.908730290e-17
3.445000	-2.873860175e-17
3.450000	-2.838014036e-17
3.455000	-2.801221647e-17
3.460000	-2.763513569e-17
3.465000	-2.724921126e-17
3.470000	-2.685476373e-17
3.475000	-2.645212076e-17
3.480000	-2.604161679e-17
3.485000	-2.562359282e-17
3.490000	-2.519839607e-17
3.495000	-2.476637972e-17
3.500000	-2.432790265e-17
3.505000	-2.388332905e-17
3.510000	-2.343302823e-17
3.515000	-2.297737421e-17
3.520000	-2.251674549e-17
3.525000	-2.205152469e-17
3.530000	-2.158209823e-17
3.535000	-2.110885606e-17
3.540000	-2.063219126e-17
3.545000	-2.015249978e-17
3.550000	-1.967018007e-17
3.555000	-1.918563277e-17
3.560000	-1.869926037e-17
3.565000	-1.821146687e-17
3.570000	-1.772265745e-17
3.575000	-1.723323814e-17
3.580000	-1.674361549e-17
3.585000	-1.625419618e-17
3.590000	-1.576538676e-17
3.595000	-1.527759326e-17
3.600000	-1.479122086e-17
3.605000	-1.430667356e-17
3.610000	-1.382435385e-17
3.615000	-1.334466237e-17
3.620000	-1.286799757e-17
3.625000	-1.239475539e-17
3.630000	-1.192532894e-17
3.635000	-1.146010814e-17
3.640000	-1.099947942e-17
3.645000	-1.054382540e-17
3.650000	-1.009352458e-17
3.655000	-9.648950981e-18
3.660000	-9.210473904e-18
3.665000	-8.778457562e-18
3.670000	-8.353260810e-18
3.675000	-7.935236835e-18
3.680000	-7.524732869e-18
3.685000	-7.122089895e-18
3.690000	-6.727642368e-18
3.695000	-6.341717934e-18
3.700000	-5.964637161e-18
3.705000	-5.596713269e-18
3.710000	-5.238251874e-18
3.715000	-4.889550731e-18
3.720000	-4.550899487e-18
3.725000	-4.222579442e-18
3.730000	-3.904863315e-18
3.735000	-3.598015015e-18
3.740000	-3.302289425e-18
3.745000	-3.017932189e-18
3.750000	-2.745179507e-18
3.755000	-2.484257941e-18
3.760000	-2.235384224e-18
3.765000	-1.998765084e-18
3.770000	-1.774597066e-18
3.775000	-1.563066375e-18
3.780000	-1.364348719e-18
3.785000	-1.178609162e-18
3.790000	-1.006001989e-18
3.795000	-8.466705741e-19
3.800000	-7.007472665e-19
3.805000	-5.683532768e-19
3.810000	-4.495985777e-19
3.815000	-3.445818125e-19
3.820000	-2.533902131e-19
3.825000	-1.760995275e-19
3.830000	-1.127739571e-19
3.835000	-6.346610299e-20
3.840000	-2.821692271e-20
3.845000	-7.055695876e-21
3.850000	-0.000000000e+00
3.855000	0.000000000e+00
3.860000	0.000000000e+00
3.865000	0.000000000e+00
3.870000	0.000000000e+00
3.875000	0.000000000e+00
3.880000	0.000000000e+00
3.885000	0.000000000e+00
3.890000	0.000000000e+00
3.895000	0.000000000e+00
3.900000	0.000000000e+00
3.905000	0.000000000e+00
3.910000	0.000000000e+00
3.915000	0.000000000e+00
3.920000	0.000000000e+00
3.925000	0.000000000e+00
3.930000	0.000000000e+00
3.935000	0.000000000e+00
3.940000	0.000000000e+00
3.945000	0.000000000e+00
3.950000	0.000000000e+00
3.955000	0.000000000e+00
3.960000	0.000000000e+00
3.965000	0.000000000e+00
3.970000	0.000000000e+00
3.975000	0.000000000e+00
3.980000	0.000000000e+00
3.985000	0.000000000e+00
3.990000	0.000000000e+00
3.995000	0.000000000e+00
4.000000	0.000000000e+00
4.005000	0.000000000e+00
4.010000	0.000000000e+00
4.015000	0.000000000e+00
4.020000	0.000000000e+00
4.025000	0.000000000e+00
4.030000	0.000000000e+00
4.035000	0.000000000e+00
4.040000	0.000000000e+00
4.045000	0.000000000e+00
4.050000	0.000000000e+00
4.055000	0.000000000e+00
4.060000	0.000000000e+00
4.065000	0.000000000e+00
4.070000	0.000000000e+00
4.075000	0.000000000e+00
4.080000	0.000000000e+00
4.085000	0.000000000e+00
4.090000	0.000000000e+00
4.095000	0.000000000e+00
4.100000	0.000000000e+00
4.105000	0.000000000e+00
4.110000	0.000000000e+00
4.115000	0.000000000e+00
4.120000	0.000000000e+00
4.125000	0.000000000e+00
4.130000	0.000000000e+00
4.135000	0.000000000e+00
4.140000	0.000000000e+00
4.145000	0.000000000e+00
4.150000	0.000000000e+00
4.155000	0.000000000e+00
4.160000	0.000000000e+00
4.165000	0.000000000e+00
4.170000	0.000000000e+00
4.175000	0.000000000e+00
4.180000	0.000000000e+00
4.185000	0.000000000e+00
4.190000	0.000000000e+00
4.195000	0.000000000e+00
4.200000	0.000000000e+00
4.205000	0.000000000e+00
4.210000	0.000000000e+00
4.215000	0.000000000e+00
4.220000	0.000000000e+00
4.225000	0.000000000e+00
4.230000	0.000000000e+00
4.235000	0.000000000e+00
4.240000	0.000000000e+00
4.245000	0.000000000e+00
4.250000	0.000000000e+00
4.255000	0.000000000e+00
4.260000	0.000000000e+00
4.265000	0.000000000e+00
4.270000	0.000000000e+00
4.275000	0.000000000e+00
4.280000	0.000000000e+00
4.285000	0.000000000e+00
4.290000	0.000000000e+00
4.295000	0.000000000e+00
4.300000	0.000000000e+00
4.305000	0.000000000e+00
4.310000	0.000000000e+00
4.315000	0.000000000e+00
4.320000	0.000000000e+00
4.325000	0.000000000e+00
4.330000	0.000000000e+00
4.335000	0.000000000e+00
4.340000	0.000000000e+00
4.345000	0.000000000e+00
4.350000	0.000000000e+00
4.355000	0.000000000e+00
4.360000	0.000000000e+00
4.365000	0.000000000e+00
4.370000	0.000000000e+00
4.375000	0.000000000e+00
4.380000	0.000000000e+00
4.385000	0.000000000e+00
4.390000	0.000000000e+00
4.395000	0.000000000e+00
4.400000	0.000000000e+00
4.405000	0.000000000e+00
4.410000	0.000000000e+00
4.415000	0.000000000e+00
4.420000	0.000000000e+00
4.425000	0.000000000e+00
4.430000	0.000000000e+00
4.435000	0.000000000e+00
4.440000	0.000000000e+00
4.445000	0.000000000e+00
4.450000	0.000000000e+00
4.455000	0.000000000e+00
4.460000	0.000000000e+00
4.465000	0.000000000e+00
4.470000	0.000000000e+00
4.475000	0.000000000e+00
4.480000	0.000000000e+00
4.485000	0.000000000e+00
4.490000	0.000000000e+00
4.495000	0.000000000e+00
4.500000	0.000000000e+00
4.505000	0.000000000e+00
4.510000	0.000000000e+00
4.515000	0.000000000e+00
4.520000	0.000000000e+00
4.525000	0.000000000e+00
4.530000	0.000000000e+00
4.535000	0.000000000e+00
4.540000	0.000000000e+00
4.545000	0.000000000e+00
4.550000	0.000000000e+00
4.555000	0.000000000e+00
4.560000	0.000000000e+00
4.565000	0.000000000e+00
4.570000	0.000000000e+00
4.575000	0.000000000e+00
4.580000	0.000000000e+00
4.585000	0.000000000e+00
4.590000	0.000000000e+00
4.595000	0.000000000e+00
4.600000	0.000000000e+00
4.605000	0.000000000e+00
4.610000	0.000000000e+00
4.615000	0.000000000e+00
4.620000	0.000000000e+00
4.625000	0.000000000e+00
4.630000	0.000000000e+00
4.635000	0.000000000e+00
4.640000	0.000000000e+00
4.645000	0.000000000e+00
4.650000	0.000000000e+00
4.655000	0.000000000e+00
4.660000	0.000000000e+00
4.665000	0.000000000e+00
4.670000	0.000000000e+00
4.675000	0.000000000e+00
4.680000	0.000000000e+00
4.685000	0.000000000e+00
4.690000	0.000000000e+00
4.695000	0.000000000e+00
4.700000	0.000000000e+00
4.705000	0.000000000e+00
4.710000	0.000000000e+00
4.715000	0.000000000e+00
4.720000	0.000000000e+00
4.725000	0.000000000e+00
4.730000	0.000000000e+00
4.735000	0.000000000e+00
4.740000	0.000000000e+00
4.745000	0.000000000e+00
4.750000	0.000000000e+00
4.755000	0.000000000e+00
4.760000	0.000000000e+00
4.765000	0.000000000e+00
4.770000	0.000000000e+00
4.775000	0.000000000e+00
4.780000	0.000000000e+00
4.785000	0.000000000e+00
4.790000	0.000000000e+00
4.795000	0.000000000e+00
4.800000	0.000000000e+00
4.805000	0.000000000e+00
4.810000	0.000000000e+00
4.815000	0.000000000e+00
4.820000	0.000000000e+00
4.825000	0.000000000e+00
4.830000	0.000000000e+00
4.835000	0.000000000e+00
4.840000	0.000000000e+00
4.845000	0.000000000e+00
4.850000	0.000000000e+00
4.855000	0.000000000e+00
4.860000	0.000000000e+00
4.865000	0.000000000e+00
4.870000	0.000000000e+00
4.875000	0.000000000e+00
4.880000	0.000000000e+00
4.885000	0.000000000e+00
4.890000	0.000000000e+00
4.895000	0.000000000e+00
4.900000	0.000000000e+00
4.905000	0.000000000e+00
4.910000	0.000000000e+00
4.915000	0.000000000e+00
4.920000	0.000000000e+00
4.925000	0.000000000e+00
4.930000	0.000000000e+00
4.935000	0.000000000e+00
4.940000	0.000000000e+00
4.945000	0.000000000e+00
4.950000	0.000000000e+00
4.955000	0.000000000e+00
4.960000	0.000000000e+00
4.965000	0.000000000e+00
4.970000	0.000000000e+00
4.975000	0.000000000e+00
4.980000	0.000000000e+00
4.985000	0.000000000e+00
4.990000	0.000000000e+00
4.995000	0.000000000e+00
5.000000	0.000000000e+00
5.005000	0.000000000e+00
5.010000	0.000000000e+00
5.015000	0.000000000e+00
5.020000	0.000000000e+00
5.025000	0.000000000e+00
5.030000	0.000000000e+00
5.035000	0.000000000e+00
5.040000	0.000000000e+00
5.045000	0.000000000e+00
5.050000	0.000000000e+00
5.055000	0.000000000e+00
5.060000	0.000000000e+00
5.065000	0.000000000e+00
5.070000	0.000000000e+00
5.075000	0.000000000e+00
5.080000	0.000000000e+00
5.085000	0.000000000e+00
5.090000	0.000000000e+00
5.095000	0.000000000e+00
5.100000	0.000000000e+00
5.105000	0.000000000e+00
5.110000	0.000000000e+00
5.115000	0.000000000e+00
5.120000	0.000000000e+00
5.125000	0.000000000e+00
5.130000	0.000000000e+00
5.135000	0.000000000e+00
5.140000	0.000000000e+00
5.145000	0.000000000e+00
5.150000	0.000000000e+00
5.155000	0.000000000e+00
5.160000	0.000000000e+00
5.165000	0.000000000e+00
5.170000	0.000000000e+00
5.175000	0.000000000e+00
5.180000	0.000000000e+00
5.185000	0.000000000e+00
5.190000	0.000000000e+00
5.195000	0.000000000e+00
5.200000	0.000000000e+00
5.205000	0.000000000e+00
5.210000	0.000000000e+00
5.215000	0.000000000e+00
5.220000	0.000000000e+00
5.225000	0.000000000e+00
5.230000	0.000000000e+00
5.235000	0.000000000e+00
5.240000	0.000000000e+00
5.245000	0.000000000e+00
5.250000	0.000000000e+00
5.255000	0.000000000e+00
5.260000	0.000000000e+00
5.265000	0.000000000e+00
5.270000	0.000000000e+00
5.275000	0.000000000e+00
5.280000	0.000000000e+00
5.285000	0.000000000e+00
5.290000	0.000000000e+00
5.295000	0.000000000e+00
5.300000	0.000000000e+00
5.305000	0.000000000e+00
5.310000	0.000000000e+00
5.315000	0.000000000e+00
5.320000	0.000000000e+00
5.325000	0.000000000e+00
5.330000	0.000000000e+00
5.335000	0.000000000e+00
5.340000	0.000000000e+00
5.345000	0.000000000e+00
5.350000	0.000000000e+00
5.355000	0.000000000e+00
5.360000	0.000000000e+00
5.365000	0.000000000e+00
5.370000	0.000000000e+00
5.375000	0.000000000e+00
5.380000	0.000000000e+00
5.385000	0.000000000e+00
5.390000	0.000000000e+00
5.395000	0.000000000e+00
5.400000	0.000000000e+00
5.405000	0.000000000e+00
5.410000	0.000000000e+00
5.415000	0.000000000e+00
5.420000	0.000000000e+00
5.425000	0.000000000e+00
5.430000	0.000000000e+00
5.435000	0.000000000e+00
5.440000	0.000000000e+00
5.445000	0.000000000e+00
5.450000	0.000000000e+00
5.455000	0.000000000e+00
5.460000	0.000000000e+00
5.465000	0.000000000e+00
5.470000	0.000000000e+00
5.475000	0.000000000e+00
5.480000	0.000000000e+00
5.485000	0.000000000e+00
5.490000	0.000000000e+00
5.495000	0.000000000e+00
5.500000	0.000000000e+00
5.505000	0.000000000e+00
5.510000	0.000000000e+00
5.515000	0.000000000e+00
5.520000	0.000000000e+00
5.525000	0.000000000e+00
5.530000	0.000000000e+00
5.535000	0.000000000e+00
5.540000	0.000000000e+00
5.545000	0.000000000e+00
5.550000	0.000000000e+00
5.555000	0.000000000e+00
5.560000	0.000000000e+00
5.565000	0.000000000e+00
5.570000	0.000000000e+00
5.575000	0.000000000e+00
5.580000	0.000000000e+00
5.585000	0.000000000e+00
5.590000	0.000000000e+00
5.595000	0.000000000e+00
5.600000	0.000000000e+00
5.605000	0.000000000e+00
5.610000	0.000000000e+00
5.615000	0.000000000e+00
5.620000	0.000000000e+00
5.625000	0.000000000e+00
5.630000	0.000000000e+00
5.635000	0.000000000e+00
5.640000	0.000000000e+00
5.645000	0.000000000e+00
5.650000	0.000000000e+00
5.655000	0.000000000e+00
5.660000	0.000000000e+00
5.665000	0.000000000e+00
5.670000	0.000000000e+00
5.675000	0.000000000e+00
5.680000	0.000000000e+00
5.685000	0.000000000e+00
5.690000	0.000000000e+00
5.695000	0.000000000e+00
5.700000	0.000000000e+00
5.705000	0.000000000e+00
5.710000	0.000000000e+00
5.715000	0.000000000e+00
5.720000	0.000000000e+00
5.725000	0.000000000e+00
5.730000	0.000000000e+00
5.735000	0.000000000e+00
5.740000	0.000000000e+00
5.745000	0.000000000e+00
5.750000	0.000000000e+00
5.755000	0.000000000e+00
5.760000	0.000000000e+00
5.765000	0.000000000e+00
5.770000	0.000000000e+00
5.775000	0.000000000e+00
5.780000	0.000000000e+00
5.785000	0.000000000e+00
5.790000	0.000000000e+00
5.795000	0.000000000e+00
5.800000	0.000000000e+00
