StratC_run03_T1.1000
1161	0
0.000000	0.000000000e+00
0.005000	6.602208073e-04
0.010000	1.319903129e-03
0.015000	1.978508919e-03
0.020000	2.635501008e-03
0.025000	3.290343545e-03
0.030000	3.942502431e-03
0.035000	4.591445755e-03
0.040000	5.236644230e-03
0.045000	5.877571623e-03
0.050000	6.513705185e-03
0.055000	7.144526075e-03
0.060000	7.769519787e-03
0.065000	8.388176567e-03
0.070000	8.999991830e-03
0.075000	9.604466570e-03
0.080000	1.020110777e-02
0.085000	1.078942880e-02
0.090000	1.136894982e-02
0.095000	1.193919816e-02
0.100000	1.249970871e-02
0.105000	1.305002433e-02
0.110000	1.358969616e-02
0.115000	1.411828404e-02
0.120000	1.463535684e-02
0.125000	1.514049283e-02
0.130000	1.563328003e-02
0.135000	1.611331649e-02
0.140000	1.658021070e-02
0.145000	1.703358186e-02
0.150000	1.747306018e-02
0.155000	1.789828722e-02
0.160000	1.830891617e-02
0.165000	1.870461210e-02
0.170000	1.908505228e-02
0.175000	1.944992641e-02
0.180000	1.979893691e-02
0.185000	2.013179911e-02
0.190000	2.044824153e-02
0.195000	2.074800606e-02
0.200000	2.103084823e-02
0.205000	2.129653733e-02
0.210000	2.154485668e-02
0.215000	2.177560373e-02
0.220000	2.198859028e-02
0.225000	2.218364263e-02
0.230000	2.236060167e-02
0.235000	2.251932309e-02
0.240000	2.265967743e-02
0.245000	2.278155021e-02
0.250000	2.288484203e-02
0.255000	2.296946864e-02
0.260000	2.303536103e-02
0.265000	2.308246545e-02
0.270000	2.311074347e-02
0.275000	2.312017204e-02
0.280000	2.311074347e-02
0.285000	2.308246545e-02
0.290000	2.303536103e-02
0.295000	2.296946864e-02
0.300000	2.288484203e-02
0.305000	2.278155021e-02
0.310000	2.265967743e-02
0.315000	2.251932309e-02
0.320000	2.236060167e-02
0.325000	2.218364263e-02
0.330000	2.198859028e-02
0.335000	2.177560373e-02
0.340000	2.154485668e-02
0.345000	2.129653733e-02
0.350000	2.103084823e-02
0.355000	2.074800606e-02
0.360000	2.044824153e-02
0.365000	2.013179911e-02
0.370000	1.979893691e-02
0.375000	1.944992641e-02
0.380000	1.908505228e-02
0.385000	1.870461210e-02
0.390000	1.830891617e-02
0.395000	1.789828722e-02
0.400000	1.747306018e-02
0.405000	1.703358186e-02
0.410000	1.658021070e-02
0.415000	1.611331649e-02
0.420000	1.563328003e-02
0.425000	1.514049283e-02
0.430000	1.463535684e-02
0.435000	1.411828404e-02
0.440000	1.358969616e-02
0.445000	1.305002433e-02
0.450000	1.249970871e-02
0.455000	1.193919816e-02
0.460000	1.136894982e-02
0.465000	1.078942880e-02
0.470000	1.020110777e-02
0.475000	9.604466570e-03
0.480000	8.999991830e-03
0.485000	8.388176567e-03
0.490000	7.769519787e-03
0.495000	7.144526075e-03
0.500000	6.513705185e-03
0.505000	5.877571623e-03
0.510000	5.236644230e-03
0.515000	4.591445755e-03
0.520000	3.942502431e-03
0.525000	3.290343545e-03
0.530000	2.635501008e-03
0.535000	1.978508919e-03
0.540000	1.319903129e-03
0.545000	6.602208073e-04
0.550000	2.831404469e-18
0.555000	-6.602208073e-04
0.560000	-1.319903129e-03
0.565000	-1.978508919e-03
0.570000	-2.635501008e-03
0.575000	-3.290343545e-03
0.580000	-3.942502431e-03
0.585000	-4.591445755e-03
0.590000	-5.236644230e-03
0.595000	-5.877571623e-03
0.600000	-6.513705185e-03
0.605000	-7.144526075e-03
0.610000	-7.769519787e-03
0.615000	-8.388176567e-03
0.620000	-8.999991830e-03
0.625000	-9.604466570e-03
0.630000	-1.020110777e-02
0.635000	-1.078942880e-02
0.640000	-1.136894982e-02
0.645000	-1.193919816e-02
0.650000	-1.249970871e-02
0.655000	-1.305002433e-02
0.660000	-1.358969616e-02
0.665000	-1.411828404e-02
0.670000	-1.463535684e-02
0.675000	-1.514049283e-02
0.680000	-1.563328003e-02
0.685000	-1.611331649e-02
0.690000	-1.658021070e-02
0.695000	-1.703358186e-02
0.700000	-1.747306018e-02
0.705000	-1.789828722e-02
0.710000	-1.830891617e-02
0.715000	-1.870461210e-02
0.720000	-1.908505228e-02
0.725000	-1.944992641e-02
0.730000	-1.979893691e-02
0.735000	-2.013179911e-02
0.740000	-2.044824153e-02
0.745000	-2.074800606e-02
0.750000	-2.103084823e-02
0.755000	-2.129653733e-02
0.760000	-2.154485668e-02
0.765000	-2.177560373e-02
0.770000	-2.198859028e-02
0.775000	-2.218364263e-02
0.780000	-2.236060167e-02
0.785000	-2.251932309e-02
0.790000	-2.265967743e-02
0.795000	-2.278155021e-02
0.800000	-2.288484203e-02
0.805000	-2.296946864e-02
0.810000	-2.303536103e-02
0.815000	-2.308246545e-02
0.820000	-2.311074347e-02
0.825000	-2.312017204e-02
0.830000	-2.311074347e-02
0.835000	-2.308246545e-02
0.840000	-2.303536103e-02
0.845000	-2.296946864e-02
0.850000	-2.288484203e-02
0.855000	-2.278155021e-02
0.860000	-2.265967743e-02
0.865000	-2.251932309e-02
0.870000	-2.236060167e-02
0.875000	-2.218364263e-02
0.880000	-2.198859028e-02
0.885000	-2.177560373e-02
0.890000	-2.154485668e-02
0.895000	-2.129653733e-02
0.900000	-2.103084823e-02
0.905000	-2.074800606e-02
0.910000	-2.044824153e-02
0.915000	-2.013179911e-02
0.920000	-1.979893691e-02
0.925000	-1.944992641e-02
0.930000	-1.908505228e-02
0.935000	-1.870461210e-02
0.940000	-1.830891617e-02
0.945000	-1.789828722e-02
0.950000	-1.747306018e-02
0.955000	-1.703358186e-02
0.960000	-1.658021070e-02
0.965000	-1.611331649e-02
0.970000	-1.563328003e-02
0.975000	-1.514049283e-02
0.980000	-1.463535684e-02
0.985000	-1.411828404e-02
0.990000	-1.358969616e-02
0.995000	-1.305002433e-02
1.000000	-1.249970871e-02
1.005000	-1.193919816e-02
1.010000	-1.136894982e-02
1.015000	-1.078942880e-02
1.020000	-1.020110777e-02
1.025000	-9.604466570e-03
1.030000	-8.999991830e-03
1.035000	-8.388176567e-03
1.040000	-7.769519787e-03
1.045000	-7.144526075e-03
1.050000	-6.513705185e-03
1.055000	-5.877571623e-03
1.060000	-5.236644230e-03
1.065000	-4.591445755e-03
1.070000	-3.942502431e-03
1.075000	-3.290343545e-03
1.080000	-2.635501008e-03
1.085000	-1.978508919e-03
1.090000	-1.319903129e-03
1.095000	-6.602208073e-04
1.100000	-5.662808938e-18
1.105000	6.602208073e-04
1.110000	1.319903129e-03
1.115000	1.978508919e-03
1.120000	2.635501008e-03
1.125000	3.290343545e-03
1.130000	3.942502431e-03
1.135000	4.591445755e-03
1.140000	5.236644230e-03
1.145000	5.877571623e-03
1.150000	6.513705185e-03
1.155000	7.144526075e-03
1.160000	7.769519787e-03
1.165000	8.388176567e-03
1.170000	8.999991830e-03
1.175000	9.604466570e-03
1.180000	1.020110777e-02
1.185000	1.078942880e-02
1.190000	1.136894982e-02
1.195000	1.193919816e-02
1.200000	1.249970871e-02
1.205000	1.305002433e-02
1.210000	1.358969616e-02
1.215000	1.411828404e-02
1.220000	1.463535684e-02
1.225000	1.514049283e-02
1.230000	1.563328003e-02
1.235000	1.611331649e-02
1.240000	1.658021070e-02
1.245000	1.703358186e-02
1.250000	1.747306018e-02
1.255000	1.789828722e-02
1.260000	1.830891617e-02
1.265000	1.870461210e-02
1.270000	1.908505228e-02
1.275000	1.944992641e-02
1.280000	1.979893691e-02
1.285000	2.013179911e-02
1.290000	2.044824153e-02
1.295000	2.074800606e-02
1.300000	2.103084823e-02
1.305000	2.129653733e-02
1.310000	2.154485668e-02
1.315000	2.177560373e-02
1.320000	2.198859028e-02
1.325000	2.218364263e-02
1.330000	2.236060167e-02
1.335000	2.251932309e-02
1.340000	2.265967743e-02
1.345000	2.278155021e-02
1.350000	2.288484203e-02
1.355000	2.296946864e-02
1.360000	2.303536103e-02
1.365000	2.308246545e-02
1.370000	2.311074347e-02
1.375000	2.312017204e-02
1.380000	2.311074347e-02
1.385000	2.308246545e-02
1.390000	2.303536103e-02
1.395000	2.296946864e-02
1.400000	2.288484203e-02
1.405000	2.278155021e-02
1.410000	2.265967743e-02
1.415000	2.251932309e-02
1.420000	2.236060167e-02
1.425000	2.218364263e-02
1.430000	2.198859028e-02
1.435000	2.177560373e-02
1.440000	2.154485668e-02
1.445000	2.129653733e-02
1.450000	2.103084823e-02
1.455000	2.074800606e-02
1.460000	2.044824153e-02
1.465000	2.013179911e-02
1.470000	1.979893691e-02
1.475000	1.944992641e-02
1.480000	1.908505228e-02
1.485000	1.870461210e-02
1.490000	1.830891617e-02
1.495000	1.789828722e-02
1.500000	1.747306018e-02
1.505000	1.703358186e-02
1.510000	1.658021070e-02
1.515000	1.611331649e-02
1.520000	1.563328003e-02
1.525000	1.514049283e-02
1.530000	1.463535684e-02
1.535000	1.411828404e-02
1.540000	1.358969616e-02
1.545000	1.305002433e-02
1.550000	1.249970871e-02
1.555000	1.193919816e-02
1.560000	1.136894982e-02
1.565000	1.078942880e-02
1.570000	1.020110777e-02
1.575000	9.604466570e-03
1.580000	8.999991830e-03
1.585000	8.388176567e-03
1.590000	7.769519787e-03
1.595000	7.144526075e-03
1.600000	6.513705185e-03
1.605000	5.877571623e-03
1.610000	5.236644230e-03
1.615000	4.591445755e-03
1.620000	3.942502431e-03
1.625000	3.290343545e-03
1.630000	2.635501008e-03
1.635000	1.978508919e-03
1.640000	1.319903129e-03
1.645000	6.602208073e-04
1.650000	8.494213407e-18
1.655000	-6.602208073e-04
1.660000	-1.319903129e-03
1.665000	-1.978508919e-03
1.670000	-2.635501008e-03
1.675000	-3.290343545e-03
1.680000	-3.942502431e-03
1.685000	-4.591445755e-03
1.690000	-5.236644230e-03
1.695000	-5.877571623e-03
1.700000	-6.513705185e-03
1.705000	-7.144526075e-03
1.710000	-7.769519787e-03
1.715000	-8.388176567e-03
1.720000	-8.999991830e-03
1.725000	-9.604466570e-03
1.730000	-1.020110777e-02
1.735000	-1.078942880e-02
1.740000	-1.136894982e-02
1.745000	-1.193919816e-02
1.750000	-1.249970871e-02
1.755000	-1.305002433e-02
1.760000	-1.358969616e-02
1.765000	-1.411828404e-02
1.770000	-1.463535684e-02
1.775000	-1.514049283e-02
1.780000	-1.563328003e-02
1.785000	-1.611331649e-02
1.790000	-1.658021070e-02
1.795000	-1.703358186e-02
1.800000	-1.747306018e-02
1.805000	-1.789828722e-02
1.810000	-1.830891617e-02
1.815000	-1.870461210e-02
1.820000	-1.908505228e-02
1.825000	-1.944992641e-02
1.830000	-1.979893691e-02
1.835000	-2.013179911e-02
1.840000	-2.044824153e-02
1.845000	-2.074800606e-02
1.850000	-2.103084823e-02
1.855000	-2.129653733e-02
1.860000	-2.154485668e-02
1.865000	-2.177560373e-02
1.870000	-2.198859028e-02
1.875000	-2.218364263e-02
1.880000	-2.236060167e-02
1.885000	-2.251932309e-02
1.890000	-2.265967743e-02
1.895000	-2.278155021e-02
1.900000	-2.288484203e-02
1.905000	-2.296946864e-02
1.910000	-2.303536103e-02
1.915000	-2.308246545e-02
1.920000	-2.311074347e-02
1.925000	-2.312017204e-02
1.930000	-2.311074347e-02
1.935000	-2.308246545e-02
1.940000	-2.303536103e-02
1.945000	-2.296946864e-02
1.950000	-2.288484203e-02
1.955000	-2.278155021e-02
1.960000	-2.265967743e-02
1.965000	-2.251932309e-02
1.970000	-2.236060167e-02
1.975000	-2.218364263e-02
1.980000	-2.198859028e-02
1.985000	-2.177560373e-02
1.990000	-2.154485668e-02
1.995000	-2.129653733e-02
2.000000	-2.103084823e-02
2.005000	-2.074800606e-02
2.010000	-2.044824153e-02
2.015000	-2.013179911e-02
2.020000	-1.979893691e-02
2.025000	-1.944992641e-02
2.030000	-1.908505228e-02
2.035000	-1.870461210e-02
2.040000	-1.830891617e-02
2.045000	-1.789828722e-02
2.050000	-1.747306018e-02
2.055000	-1.703358186e-02
2.060000	-1.658021070e-02
2.065000	-1.611331649e-02
2.070000	-1.563328003e-02
2.075000	-1.514049283e-02
2.080000	-1.463535684e-02
2.085000	-1.411828404e-02
2.090000	-1.358969616e-02
2.095000	-1.305002433e-02
2.100000	-1.249970871e-02
2.105000	-1.193919816e-02
2.110000	-1.136894982e-02
2.115000	-1.078942880e-02
2.120000	-1.020110777e-02
2.125000	-9.604466570e-03
2.130000	-8.999991830e-03
2.135000	-8.388176567e-03
2.140000	-7.769519787e-03
2.145000	-7.144526075e-03
2.150000	-6.513705185e-03
2.155000	-5.877571623e-03
2.160000	-5.236644230e-03
2.165000	-4.591445755e-03
2.170000	-3.942502431e-03
2.175000	-3.290343545e-03
2.180000	-2.635501008e-03
2.185000	-1.978508919e-03
2.190000	-1.319903129e-03
2.195000	-6.602208073e-04
2.200000	-1.132561788e-17
2.205000	6.602208073e-04
2.210000	1.319903129e-03
2.215000	1.978508919e-03
2.220000	2.635501008e-03
2.225000	3.290343545e-03
2.230000	3.942502431e-03
2.235000	4.591445755e-03
2.240000	5.236644230e-03
2.245000	5.877571623e-03
2.250000	6.513705185e-03
2.255000	7.144526075e-03
2.260000	7.769519787e-03
2.265000	8.388176567e-03
2.270000	8.999991830e-03
2.275000	9.604466570e-03
2.280000	1.020110777e-02
2.285000	1.078942880e-02
2.290000	1.136894982e-02
2.295000	1.193919816e-02
2.300000	1.249970871e-02
2.305000	1.305002433e-02
2.310000	1.358969616e-02
2.315000	1.411828404e-02
2.320000	1.463535684e-02
2.325000	1.514049283e-02
2.330000	1.563328003e-02
2.335000	1.611331649e-02
2.340000	1.658021070e-02
2.345000	1.703358186e-02
2.350000	1.747306018e-02
2.355000	1.789828722e-02
2.360000	1.830891617e-02
2.365000	1.870461210e-02
2.370000	1.908505228e-02
2.375000	1.944992641e-02
2.380000	1.979893691e-02
2.385000	2.013179911e-02
2.390000	2.044824153e-02
2.395000	2.074800606e-02
2.400000	2.103084823e-02
2.405000	2.129653733e-02
2.410000	2.154485668e-02
2.415000	2.177560373e-02
2.420000	2.198859028e-02
2.425000	2.218364263e-02
2.430000	2.236060167e-02
2.435000	2.251932309e-02
2.440000	2.265967743e-02
2.445000	2.278155021e-02
2.450000	2.288484203e-02
2.455000	2.296946864e-02
2.460000	2.303536103e-02
2.465000	2.308246545e-02
2.470000	2.311074347e-02
2.475000	2.312017204e-02
2.480000	2.311074347e-02
2.485000	2.308246545e-02
2.490000	2.303536103e-02
2.495000	2.296946864e-02
2.500000	2.288484203e-02
2.505000	2.278155021e-02
2.510000	2.265967743e-02
2.515000	2.251932309e-02
2.520000	2.236060167e-02
2.525000	2.218364263e-02
2.530000	2.198859028e-02
2.535000	2.177560373e-02
2.540000	2.154485668e-02
2.545000	2.129653733e-02
2.550000	2.103084823e-02
2.555000	2.074800606e-02
2.560000	2.044824153e-02
2.565000	2.013179911e-02
2.570000	1.979893691e-02
2.575000	1.944992641e-02
2.580000	1.908505228e-02
2.585000	1.870461210e-02
2.590000	1.830891617e-02
2.595000	1.789828722e-02
2.600000	1.747306018e-02
2.605000	1.703358186e-02
2.610000	1.658021070e-02
2.615000	1.611331649e-02
2.620000	1.563328003e-02
2.625000	1.514049283e-02
2.630000	1.463535684e-02
2.635000	1.411828404e-02
2.640000	1.358969616e-02
2.645000	1.305002433e-02
2.650000	1.249970871e-02
2.655000	1.193919816e-02
2.660000	1.136894982e-02
2.665000	1.078942880e-02
2.670000	1.020110777e-02
2.675000	9.604466570e-03
2.680000	8.999991830e-03
2.685000	8.388176567e-03
2.690000	7.769519787e-03
2.695000	7.144526075e-03
2.700000	6.513705185e-03
2.705000	5.877571623e-03
2.710000	5.236644230e-03
2.715000	4.591445755e-03
2.720000	3.942502431e-03
2.725000	3.290343545e-03
2.730000	2.635501008e-03
2.735000	1.978508919e-03
2.740000	1.319903129e-03
2.745000	6.602208073e-04
2.750000	5.522669808e-17
2.755000	-6.602208073e-04
2.760000	-1.319903129e-03
2.765000	-1.978508919e-03
2.770000	-2.635501008e-03
2.775000	-3.290343545e-03
2.780000	-3.942502431e-03
2.785000	-4.591445755e-03
2.790000	-5.236644230e-03
2.795000	-5.877571623e-03
2.800000	-6.513705185e-03
2.805000	-7.144526075e-03
2.810000	-7.769519787e-03
2.815000	-8.388176567e-03
2.820000	-8.999991830e-03
2.825000	-9.604466570e-03
2.830000	-1.020110777e-02
2.835000	-1.078942880e-02
2.840000	-1.136894982e-02
2.845000	-1.193919816e-02
2.850000	-1.249970871e-02
2.855000	-1.305002433e-02
2.860000	-1.358969616e-02
2.865000	-1.411828404e-02
2.870000	-1.463535684e-02
2.875000	-1.514049283e-02
2.880000	-1.563328003e-02
2.885000	-1.611331649e-02
2.890000	-1.658021070e-02
2.895000	-1.703358186e-02
2.900000	-1.747306018e-02
2.905000	-1.789828722e-02
2.910000	-1.830891617e-02
2.915000	-1.870461210e-02
2.920000	-1.908505228e-02
2.925000	-1.944992641e-02
2.930000	-1.979893691e-02
2.935000	-2.013179911e-02
2.940000	-2.044824153e-02
2.945000	-2.074800606e-02
2.950000	-2.103084823e-02
2.955000	-2.129653733e-02
2.960000	-2.154485668e-02
2.965000	-2.177560373e-02
2.970000	-2.198859028e-02
2.975000	-2.218364263e-02
2.980000	-2.236060167e-02
2.985000	-2.251932309e-02
2.990000	-2.265967743e-02
2.995000	-2.278155021e-02
3.000000	-2.288484203e-02
3.005000	-2.296946864e-02
3.010000	-2.303536103e-02
3.015000	-2.308246545e-02
3.020000	-2.311074347e-02
3.025000	-2.312017204e-02
3.030000	-2.311074347e-02
3.035000	-2.308246545e-02
3.040000	-2.303536103e-02
3.045000	-2.296946864e-02
3.050000	-2.288484203e-02
3.055000	-2.278155021e-02
3.060000	-2.265967743e-02
3.065000	-2.251932309e-02
3.070000	-2.236060167e-02
3.075000	-2.218364263e-02
3.080000	-2.198859028e-02
3.085000	-2.177560373e-02
3.090000	-2.154485668e-02
3.095000	-2.129653733e-02
3.100000	-2.103084823e-02
3.105000	-2.074800606e-02
3.110000	-2.044824153e-02
3.115000	-2.013179911e-02
3.120000	-1.979893691e-02
3.125000	-1.944992641e-02
3.130000	-1.908505228e-02
3.135000	-1.870461210e-02
3.140000	-1.830891617e-02
3.145000	-1.789828722e-02
3.150000	-1.747306018e-02
3.155000	-1.703358186e-02
3.160000	-1.658021070e-02
3.165000	-1.611331649e-02
3.170000	-1.563328003e-02
3.175000	-1.514049283e-02
3.180000	-1.463535684e-02
3.185000	-1.411828404e-02
3.190000	-1.358969616e-02
3.195000	-1.305002433e-02
3.200000	-1.249970871e-02
3.205000	-1.193919816e-02
3.210000	-1.136894982e-02
3.215000	-1.078942880e-02
3.220000	-1.020110777e-02
3.225000	-9.604466570e-03
3.230000	-8.999991830e-03
3.235000	-8.388176567e-03
3.240000	-7.769519787e-03
3.245000	-7.144526075e-03
3.250000	-6.513705185e-03
3.255000	-5.877571623e-03
3.260000	-5.236644230e-03
3.265000	-4.591445755e-03
3.270000	-3.942502431e-03
3.275000	-3.290343545e-03
3.280000	-2.635501008e-03
3.285000	-1.978508919e-03
3.290000	-1.319903129e-03
3.295000	-6.602208073e-04
3.300000	-1.698842681e-17
3.305000	-1.698842681e-17
3.310000	-1.698489897e-17
3.315000	-1.697431835e-17
3.320000	-1.695669376e-17
3.325000	-1.693203984e-17
3.330000	-1.690037705e-17
3.335000	-1.686173171e-17
3.340000	-1.681613591e-17
3.345000	-1.676362753e-17
3.350000	-1.670425018e-17
3.355000	-1.663805318e-17
3.360000	-1.656509153e-17
3.365000	-1.648542582e-17
3.370000	-1.639912223e-17
3.375000	-1.630625245e-17
3.380000	-1.620689363e-17
3.385000	-1.610112828e-17
3.390000	-1.598904427e-17
3.395000	-1.587073470e-17
3.400000	-1.574629784e-17
3.405000	-1.561583706e-17
3.410000	-1.547946072e-17
3.415000	-1.533728210e-17
3.420000	-1.518941931e-17
3.425000	-1.503599516e-17
3.430000	-1.487713709e-17
3.435000	-1.471297707e-17
3.440000	-1.454365145e-17
3.445000	-1.436930088e-17
3.450000	-1.419007018e-17
3.455000	-1.400610823e-17
3.460000	-1.381756785e-17
3.465000	-1.362460563e-17
3.470000	-1.342738187e-17
3.475000	-1.322606038e-17
3.480000	-1.302080840e-17
3.485000	-1.281179641e-17
3.490000	-1.259919803e-17
3.495000	-1.238318986e-17
3.500000	-1.216395132e-17
3.505000	-1.194166453e-17
3.510000	-1.171651411e-17
3.515000	-1.148868710e-17
3.520000	-1.125837274e-17
3.525000	-1.102576234e-17
3.530000	-1.079104912e-17
3.535000	-1.055442803e-17
3.540000	-1.031609563e-17
3.545000	-1.007624989e-17
3.550000	-9.835090037e-18
3.555000	-9.592816386e-18
3.560000	-9.349630184e-18
3.565000	-9.105733433e-18
3.570000	-8.861328724e-18
3.575000	-8.616619071e-18
3.580000	-8.371807743e-18
3.585000	-8.127098090e-18
3.590000	-7.882693381e-18
3.595000	-7.638796630e-18
3.600000	-7.395610428e-18
3.605000	-7.153336778e-18
3.610000	-6.912176923e-18
3.615000	-6.672331183e-18
3.620000	-6.433998784e-18
3.625000	-6.197377697e-18
3.630000	-5.962664471e-18
3.635000	-5.730054069e-18
3.640000	-5.499739709e-18
3.645000	-5.271912701e-18
3.650000	-5.046762288e-18
3.655000	-4.824475491e-18
3.660000	-4.605236952e-18
3.665000	-4.389228781e-18
3.670000	-4.176630405e-18
3.675000	-3.967618418e-18
3.680000	-3.762366435e-18
3.685000	-3.561044948e-18
3.690000	-3.363821184e-18
3.695000	-3.170858967e-18
3.700000	-2.982318580e-18
3.705000	-2.798356635e-18
3.710000	-2.619125937e-18
3.715000	-2.444775365e-18
3.720000	-2.275449744e-18
3.725000	-2.111289721e-18
3.730000	-1.952431657e-18
3.735000	-1.799007507e-18
3.740000	-1.651144712e-18
3.745000	-1.508966094e-18
3.750000	-1.372589754e-18
3.755000	-1.242128971e-18
3.760000	-1.117692112e-18
3.765000	-9.993825418e-19
3.770000	-8.872985328e-19
3.775000	-7.815331874e-19
3.780000	-6.821743595e-19
3.785000	-5.893045812e-19
3.790000	-5.030009944e-19
3.795000	-4.233352871e-19
3.800000	-3.503736333e-19
3.805000	-2.841766384e-19
3.810000	-2.247992889e-19
3.815000	-1.722909063e-19
3.820000	-1.266951065e-19
3.825000	-8.804976375e-20
3.830000	-5.638697853e-20
3.835000	-3.173305149e-20
3.840000	-1.410846136e-20
3.845000	-3.527847938e-21
3.850000	-0.000000000e+00
3.855000	0.000000000e+00
3.860000	0.000000000e+00
3.865000	0.000000000e+00
3.870000	0.000000000e+00
3.875000	0.000000000e+00
3.880000	0.000000000e+00
3.885000	0.000000000e+00
3.890000	0.000000000e+00
3.895000	0.000000000e+00
3.900000	0.000000000e+00
3.905000	0.000000000e+00
3.910000	0.000000000e+00
3.915000	0.000000000e+00
3.920000	0.000000000e+00
3.925000	0.000000000e+00
3.930000	0.000000000e+00
3.935000	0.000000000e+00
3.940000	0.000000000e+00
3.945000	0.000000000e+00
3.950000	0.000000000e+00
3.955000	0.000000000e+00
3.960000	0.000000000e+00
3.965000	0.000000000e+00
3.970000	0.000000000e+00
3.975000	0.000000000e+00
3.980000	0.000000000e+00
3.985000	0.000000000e+00
3.990000	0.000000000e+00
3.995000	0.000000000e+00
4.000000	0.000000000e+00
4.005000	0.000000000e+00
4.010000	0.000000000e+00
4.015000	0.000000000e+00
4.020000	0.000000000e+00
4.025000	0.000000000e+00
4.030000	0.000000000e+00
4.035000	0.000000000e+00
4.040000	0.000000000e+00
4.045000	0.000000000e+00
4.050000	0.000000000e+00
4.055000	0.000000000e+00
4.060000	0.000000000e+00
4.065000	0.000000000e+00
4.070000	0.000000000e+00
4.075000	0.000000000e+00
4.080000	0.000000000e+00
4.085000	0.000000000e+00
4.090000	0.000000000e+00
4.095000	0.000000000e+00
4.100000	0.000000000e+00
4.105000	0.000000000e+00
4.110000	0.000000000e+00
4.115000	0.000000000e+00
4.120000	0.000000000e+00
4.125000	0.000000000e+00
4.130000	0.000000000e+00
4.135000	0.000000000e+00
4.140000	0.000000000e+00
4.145000	0.000000000e+00
4.150000	0.000000000e+00
4.155000	0.000000000e+00
4.160000	0.000000000e+00
4.165000	0.000000000e+00
4.170000	0.000000000e+00
4.175000	0.000000000e+00
4.180000	0.000000000e+00
4.185000	0.000000000e+00
4.190000	0.000000000e+00
4.195000	0.000000000e+00
4.200000	0.000000000e+00
4.205000	0.000000000e+00
4.210000	0.000000000e+00
4.215000	0.000000000e+00
4.220000	0.000000000e+00
4.225000	0.000000000e+00
4.230000	0.000000000e+00
4.235000	0.000000000e+00
4.240000	0.000000000e+00
4.245000	0.000000000e+00
4.250000	0.000000000e+00
4.255000	0.000000000e+00
4.260000	0.000000000e+00
4.265000	0.000000000e+00
4.270000	0.000000000e+00
4.275000	0.000000000e+00
4.280000	0.000000000e+00
4.285000	0.000000000e+00
4.290000	0.000000000e+00
4.295000	0.000000000e+00
4.300000	0.000000000e+00
4.305000	0.000000000e+00
4.310000	0.000000000e+00
4.315000	0.000000000e+00
4.320000	0.000000000e+00
4.325000	0.000000000e+00
4.330000	0.000000000e+00
4.335000	0.000000000e+00
4.340000	0.000000000e+00
4.345000	0.000000000e+00
4.350000	0.000000000e+00
4.355000	0.000000000e+00
4.360000	0.000000000e+00
4.365000	0.000000000e+00
4.370000	0.000000000e+00
4.375000	0.000000000e+00
4.380000	0.000000000e+00
4.385000	0.000000000e+00
4.390000	0.000000000e+00
4.395000	0.000000000e+00
4.400000	0.000000000e+00
4.405000	0.000000000e+00
4.410000	0.000000000e+00
4.415000	0.000000000e+00
4.420000	0.000000000e+00
4.425000	0.000000000e+00
4.430000	0.000000000e+00
4.435000	0.000000000e+00
4.440000	0.000000000e+00
4.445000	0.000000000e+00
4.450000	0.000000000e+00
4.455000	0.000000000e+00
4.460000	0.000000000e+00
4.465000	0.000000000e+00
4.470000	0.000000000e+00
4.475000	0.000000000e+00
4.480000	0.000000000e+00
4.485000	0.000000000e+00
4.490000	0.000000000e+00
4.495000	0.000000000e+00
4.500000	0.000000000e+00
4.505000	0.000000000e+00
4.510000	0.000000000e+00
4.515000	0.000000000e+00
4.520000	0.000000000e+00
4.525000	0.000000000e+00
4.530000	0.000000000e+00
4.535000	0.000000000e+00
4.540000	0.000000000e+00
4.545000	0.000000000e+00
4.550000	0.000000000e+00
4.555000	0.000000000e+00
4.560000	0.000000000e+00
4.565000	0.000000000e+00
4.570000	0.000000000e+00
4.575000	0.000000000e+00
4.580000	0.000000000e+00
4.585000	0.000000000e+00
4.590000	0.000000000e+00
4.595000	0.000000000e+00
4.600000	0.000000000e+00
4.605000	0.000000000e+00
4.610000	0.000000000e+00
4.615000	0.000000000e+00
4.620000	0.000000000e+00
4.625000	0.000000000e+00
4.630000	0.000000000e+00
4.635000	0.000000000e+00
4.640000	0.000000000e+00
4.645000	0.000000000e+00
4.650000	0.000000000e+00
4.655000	0.000000000e+00
4.660000	0.000000000e+00
4.665000	0.000000000e+00
4.670000	0.000000000e+00
4.675000	0.000000000e+00
4.680000	0.000000000e+00
4.685000	0.000000000e+00
4.690000	0.000000000e+00
4.695000	0.000000000e+00
4.700000	0.000000000e+00
4.705000	0.000000000e+00
4.710000	0.000000000e+00
4.715000	0.000000000e+00
4.720000	0.000000000e+00
4.725000	0.000000000e+00
4.730000	0.000000000e+00
4.735000	0.000000000e+00
4.740000	0.000000000e+00
4.745000	0.000000000e+00
4.750000	0.000000000e+00
4.755000	0.000000000e+00
4.760000	0.000000000e+00
4.765000	0.000000000e+00
4.770000	0.000000000e+00
4.775000	0.000000000e+00
4.780000	0.000000000e+00
4.785000	0.000000000e+00
4.790000	0.000000000e+00
4.795000	0.000000000e+00
4.800000	0.000000000e+00
4.805000	0.000000000e+00
4.810000	0.000000000e+00
4.815000	0.000000000e+00
4.820000	0.000000000e+00
4.825000	0.000000000e+00
4.830000	0.000000000e+00
4.835000	0.000000000e+00
4.840000	0.000000000e+00
4.845000	0.000000000e+00
4.850000	0.000000000e+00
4.855000	0.000000000e+00
4.860000	0.000000000e+00
4.865000	0.000000000e+00
4.870000	0.000000000e+00
4.875000	0.000000000e+00
4.880000	0.000000000e+00
4.885000	0.000000000e+00
4.890000	0.000000000e+00
4.895000	0.000000000e+00
4.900000	0.000000000e+00
4.905000	0.000000000e+00
4.910000	0.000000000e+00
4.915000	0.000000000e+00
4.920000	0.000000000e+00
4.925000	0.000000000e+00
4.930000	0.000000000e+00
4.935000	0.000000000e+00
4.940000	0.000000000e+00
4.945000	0.000000000e+00
4.950000	0.000000000e+00
4.955000	0.000000000e+00
4.960000	0.000000000e+00
4.965000	0.000000000e+00
4.970000	0.000000000e+00
4.975000	0.000000000e+00
4.980000	0.000000000e+00
4.985000	0.000000000e+00
4.990000	0.000000000e+00
4.995000	0.000000000e+00
5.000000	0.000000000e+00
5.005000	0.000000000e+00
5.010000	0.000000000e+00
5.015000	0.000000000e+00
5.020000	0.000000000e+00
5.025000	0.000000000e+00
5.030000	0.000000000e+00
5.035000	0.000000000e+00
5.040000	0.000000000e+00
5.045000	0.000000000e+00
5.050000	0.000000000e+00
5.055000	0.000000000e+00
5.060000	0.000000000e+00
5.065000	0.000000000e+00
5.070000	0.000000000e+00
5.075000	0.000000000e+00
5.080000	0.000000000e+00
5.085000	0.000000000e+00
5.090000	0.000000000e+00
5.095000	0.000000000e+00
5.100000	0.000000000e+00
5.105000	0.000000000e+00
5.110000	0.000000000e+00
5.115000	0.000000000e+00
5.120000	0.000000000e+00
5.125000	0.000000000e+00
5.130000	0.000000000e+00
5.135000	0.000000000e+00
5.140000	0.000000000e+00
5.145000	0.000000000e+00
5.150000	0.000000000e+00
5.155000	0.000000000e+00
5.160000	0.000000000e+00
5.165000	0.000000000e+00
5.170000	0.000000000e+00
5.175000	0.000000000e+00
5.180000	0.000000000e+00
5.185000	0.000000000e+00
5.190000	0.000000000e+00
5.195000	0.000000000e+00
5.200000	0.000000000e+00
5.205000	0.000000000e+00
5.210000	0.000000000e+00
5.215000	0.000000000e+00
5.220000	0.000000000e+00
5.225000	0.000000000e+00
5.230000	0.000000000e+00
5.235000	0.000000000e+00
5.240000	0.000000000e+00
5.245000	0.000000000e+00
5.250000	0.000000000e+00
5.255000	0.000000000e+00
5.260000	0.000000000e+00
5.265000	0.000000000e+00
5.270000	0.000000000e+00
5.275000	0.000000000e+00
5.280000	0.000000000e+00
5.285000	0.000000000e+00
5.290000	0.000000000e+00
5.295000	0.000000000e+00
5.300000	0.000000000e+00
5.305000	0.000000000e+00
5.310000	0.000000000e+00
5.315000	0.000000000e+00
5.320000	0.000000000e+00
5.325000	0.000000000e+00
5.330000	0.000000000e+00
5.335000	0.000000000e+00
5.340000	0.000000000e+00
5.345000	0.000000000e+00
5.350000	0.000000000e+00
5.355000	0.000000000e+00
5.360000	0.000000000e+00
5.365000	0.000000000e+00
5.370000	0.000000000e+00
5.375000	0.000000000e+00
5.380000	0.000000000e+00
5.385000	0.000000000e+00
5.390000	0.000000000e+00
5.395000	0.000000000e+00
5.400000	0.000000000e+00
5.405000	0.000000000e+00
5.410000	0.000000000e+00
5.415000	0.000000000e+00
5.420000	0.000000000e+00
5.425000	0.000000000e+00
5.430000	0.000000000e+00
5.435000	0.000000000e+00
5.440000	0.000000000e+00
5.445000	0.000000000e+00
5.450000	0.000000000e+00
5.455000	0.000000000e+00
5.460000	0.000000000e+00
5.465000	0.000000000e+00
5.470000	0.000000000e+00
5.475000	0.000000000e+00
5.480000	0.000000000e+00
5.485000	0.000000000e+00
5.490000	0.000000000e+00
5.495000	0.000000000e+00
5.500000	0.000000000e+00
5.505000	0.000000000e+00
5.510000	0.000000000e+00
5.515000	0.000000000e+00
5.520000	0.000000000e+00
5.525000	0.000000000e+00
5.530000	0.000000000e+00
5.535000	0.000000000e+00
5.540000	0.000000000e+00
5.545000	0.000000000e+00
5.550000	0.000000000e+00
5.555000	0.000000000e+00
5.560000	0.000000000e+00
5.565000	0.000000000e+00
5.570000	0.000000000e+00
5.575000	0.000000000e+00
5.580000	0.000000000e+00
5.585000	0.000000000e+00
5.590000	0.000000000e+00
5.595000	0.000000000e+00
5.600000	0.000000000e+00
5.605000	0.000000000e+00
5.610000	0.000000000e+00
5.615000	0.000000000e+00
5.620000	0.000000000e+00
5.625000	0.000000000e+00
5.630000	0.000000000e+00
5.635000	0.000000000e+00
5.640000	0.000000000e+00
5.645000	0.000000000e+00
5.650000	0.000000000e+00
5.655000	0.000000000e+00
5.660000	0.000000000e+00
5.665000	0.000000000e+00
5.670000	0.000000000e+00
5.675000	0.000000000e+00
5.680000	0.000000000e+00
5.685000	0.000000000e+00
5.690000	0.000000000e+00
5.695000	0.000000000e+00
5.700000	0.000000000e+00
5.705000	0.000000000e+00
5.710000	0.000000000e+00
5.715000	0.000000000e+00
5.720000	0.000000000e+00
5.725000	0.000000000e+00
5.730000	0.000000000e+00
5.735000	0.000000000e+00
5.740000	0.000000000e+00
5.745000	0.000000000e+00
5.750000	0.000000000e+00
5.755000	0.000000000e+00
5.760000	0.000000000e+00
5.765000	0.000000000e+00
5.770000	0.000000000e+00
5.775000	0.000000000e+00
5.780000	0.000000000e+00
5.785000	0.000000000e+00
5.790000	0.000000000e+00
5.795000	0.000000000e+00
5.800000	0.000000000e+00
