         time Z Displace... 
------------- ------------- 
 3.215565e-05  3.014918e-02 
 3.537122e-04  3.014918e-02 
 6.752687e-04  3.014918e-02 
 9.968252e-04  3.014918e-02 
 1.318382e-03  3.014918e-02 
 1.639938e-03  3.014918e-02 
 1.961495e-03  3.014918e-02 
 2.283051e-03  3.014918e-02 
 2.604608e-03  3.014918e-02 
 2.926164e-03  3.014918e-02 
 3.247721e-03  3.014918e-02 
 3.569277e-03  3.014918e-02 
 3.890834e-03  3.014918e-02 
 4.212390e-03  3.014918e-02 
 4.533947e-03  3.014918e-02 
 4.855503e-03  3.014918e-02 
 5.177060e-03  3.014918e-02 
 5.498616e-03  3.014918e-02 
 5.820173e-03  3.014918e-02 
 6.141730e-03  3.014918e-02 
 6.463286e-03  3.014918e-02 
 6.784843e-03  3.014918e-02 
 7.106399e-03  3.014918e-02 
 7.427956e-03  3.014918e-02 
 7.749512e-03  3.014918e-02 
 8.071069e-03  3.014918e-02 
 8.392625e-03  3.014918e-02 
 8.714182e-03  3.014918e-02 
 9.035738e-03  3.014918e-02 
 9.357295e-03  3.014918e-02 
 9.678851e-03  3.014918e-02 
 1.000041e-02  3.014918e-02 
 1.032196e-02  3.014918e-02 
 1.064352e-02  3.014918e-02 
 1.096508e-02  3.014918e-02 
 1.128663e-02  3.014919e-02 
 1.160819e-02  3.014919e-02 
 1.192975e-02  3.014919e-02 
 1.225130e-02  3.014919e-02 
 1.257286e-02  3.014919e-02 
 1.289442e-02  3.014919e-02 
 1.321597e-02  3.014919e-02 
 1.353753e-02  3.014919e-02 
 1.385909e-02  3.014919e-02 
 1.418064e-02  3.014919e-02 
 1.450220e-02  3.014919e-02 
 1.482376e-02  3.014919e-02 
 1.514531e-02  3.014919e-02 
 1.546687e-02  3.014919e-02 
 1.578843e-02  3.014919e-02 
 1.610998e-02  3.014919e-02 
 1.643154e-02  3.014919e-02 
 1.675309e-02  3.014919e-02 
 1.707465e-02  3.014919e-02 
 1.739621e-02  3.014920e-02 
 1.771776e-02  3.014920e-02 
 1.803932e-02  3.014920e-02 
 1.836088e-02  3.014920e-02 
 1.868243e-02  3.014920e-02 
 1.900399e-02  3.014920e-02 
 1.932555e-02  3.014920e-02 
 1.964710e-02  3.014920e-02 
 1.996866e-02  3.014920e-02 
 2.029022e-02  3.014920e-02 
 2.061177e-02  3.014921e-02 
 2.093333e-02  3.014921e-02 
 2.125489e-02  3.014921e-02 
 2.157644e-02  3.014921e-02 
 2.189800e-02  3.014921e-02 
 2.221956e-02  3.014921e-02 
 2.254111e-02  3.014921e-02 
 2.286267e-02  3.014921e-02 
 2.318422e-02  3.014922e-02 
 2.350578e-02  3.014922e-02 
 2.382734e-02  3.014922e-02 
 2.414889e-02  3.014922e-02 
 2.447045e-02  3.014922e-02 
 2.479201e-02  3.014922e-02 
 2.511356e-02  3.014923e-02 
 2.543512e-02  3.014923e-02 
 2.575668e-02  3.014923e-02 
 2.607823e-02  3.014923e-02 
 2.639979e-02  3.014923e-02 
 2.672135e-02  3.014924e-02 
 2.704290e-02  3.014924e-02 
 2.736446e-02  3.014924e-02 
 2.768602e-02  3.014924e-02 
 2.800757e-02  3.014924e-02 
 2.832913e-02  3.014925e-02 
 2.865069e-02  3.014925e-02 
 2.897224e-02  3.014925e-02 
 2.929380e-02  3.014925e-02 
 2.961535e-02  3.014925e-02 
 2.993691e-02  3.014926e-02 
 3.025847e-02  3.014926e-02 
 3.058002e-02  3.014926e-02 
 3.090158e-02  3.014926e-02 
 3.122314e-02  3.014927e-02 
 3.154469e-02  3.014927e-02 
 3.186625e-02  3.014927e-02 
 3.218781e-02  3.014928e-02 
 3.250936e-02  3.014928e-02 
 3.283092e-02  3.014928e-02 
 3.315248e-02  3.014928e-02 
 3.347403e-02  3.014929e-02 
 3.379559e-02  3.014929e-02 
 3.411715e-02  3.014929e-02 
 3.443870e-02  3.014930e-02 
 3.476026e-02  3.014930e-02 
 3.508182e-02  3.014930e-02 
 3.540337e-02  3.014931e-02 
 3.572493e-02  3.014931e-02 
 3.604648e-02  3.014931e-02 
 3.636804e-02  3.014932e-02 
 3.668960e-02  3.014932e-02 
 3.701115e-02  3.014932e-02 
 3.733271e-02  3.014933e-02 
 3.765427e-02  3.014933e-02 
 3.797582e-02  3.014933e-02 
 3.829738e-02  3.014934e-02 
 3.861894e-02  3.014934e-02 
 3.894049e-02  3.014934e-02 
 3.926205e-02  3.014935e-02 
 3.958361e-02  3.014935e-02 
 3.990516e-02  3.014936e-02 
 4.022672e-02  3.014936e-02 
 4.054828e-02  3.014936e-02 
 4.086983e-02  3.014937e-02 
 4.119139e-02  3.014937e-02 
 4.151295e-02  3.014938e-02 
 4.183450e-02  3.014938e-02 
 4.215606e-02  3.014939e-02 
 4.247762e-02  3.014939e-02 
 4.279917e-02  3.014939e-02 
 4.312073e-02  3.014940e-02 
 4.344228e-02  3.014940e-02 
 4.376384e-02  3.014941e-02 
 4.408540e-02  3.014941e-02 
 4.440695e-02  3.014942e-02 
 4.472851e-02  3.014942e-02 
 4.505007e-02  3.014943e-02 
 4.537162e-02  3.014943e-02 
 4.569318e-02  3.014944e-02 
 4.601474e-02  3.014944e-02 
 4.633629e-02  3.014945e-02 
 4.665785e-02  3.014945e-02 
 4.697941e-02  3.014946e-02 
 4.730096e-02  3.014946e-02 
 4.762252e-02  3.014947e-02 
 4.794408e-02  3.014947e-02 
 4.826563e-02  3.014948e-02 
 4.858719e-02  3.014948e-02 
 4.890875e-02  3.014949e-02 
 4.923030e-02  3.014950e-02 
 4.955186e-02  3.014950e-02 
 4.987341e-02  3.014951e-02 
 5.019497e-02  3.014951e-02 
 5.051653e-02  3.014952e-02 
 5.083808e-02  3.014953e-02 
 5.115964e-02  3.014953e-02 
 5.148120e-02  3.014954e-02 
 5.180275e-02  3.014954e-02 
 5.212431e-02  3.014955e-02 
 5.244587e-02  3.014956e-02 
 5.276742e-02  3.014956e-02 
 5.308898e-02  3.014957e-02 
 5.341054e-02  3.014957e-02 
 5.373209e-02  3.014958e-02 
 5.405365e-02  3.014959e-02 
 5.437521e-02  3.014959e-02 
 5.469676e-02  3.014960e-02 
 5.501832e-02  3.014961e-02 
 5.533988e-02  3.014961e-02 
 5.566143e-02  3.014962e-02 
 5.598299e-02  3.014963e-02 
 5.630454e-02  3.014963e-02 
 5.662610e-02  3.014964e-02 
 5.694766e-02  3.014965e-02 
 5.726921e-02  3.014965e-02 
 5.759077e-02  3.014966e-02 
 5.791233e-02  3.014967e-02 
 5.823388e-02  3.014967e-02 
 5.855544e-02  3.014968e-02 
 5.887700e-02  3.014969e-02 
 5.919855e-02  3.014969e-02 
 5.952011e-02  3.014970e-02 
 5.984167e-02  3.014971e-02 
 6.016322e-02  3.014971e-02 
 6.048478e-02  3.014972e-02 
 6.080634e-02  3.014973e-02 
 6.112789e-02  3.014974e-02 
 6.144945e-02  3.014974e-02 
 6.177101e-02  3.014975e-02 
 6.209256e-02  3.014976e-02 
 6.241412e-02  3.014976e-02 
 6.273568e-02  3.014977e-02 
 6.305723e-02  3.014978e-02 
 6.337879e-02  3.014979e-02 
 6.370034e-02  3.014979e-02 
 6.402190e-02  3.014980e-02 
 6.434346e-02  3.014981e-02 
 6.466501e-02  3.014982e-02 
 6.498657e-02  3.014982e-02 
 6.530813e-02  3.014983e-02 
 6.562968e-02  3.014984e-02 
 6.595124e-02  3.014984e-02 
 6.627280e-02  3.014985e-02 
 6.659435e-02  3.014986e-02 
 6.691591e-02  3.014987e-02 
 6.723747e-02  3.014987e-02 
 6.755902e-02  3.014988e-02 
 6.788058e-02  3.014989e-02 
 6.820214e-02  3.014990e-02 
 6.852369e-02  3.014990e-02 
 6.884525e-02  3.014991e-02 
 6.916681e-02  3.014992e-02 
 6.948836e-02  3.014993e-02 
 6.980992e-02  3.014994e-02 
 7.013148e-02  3.014994e-02 
 7.045303e-02  3.014995e-02 
 7.077459e-02  3.014996e-02 
 7.109614e-02  3.014997e-02 
 7.141770e-02  3.014997e-02 
 7.173926e-02  3.014998e-02 
 7.206081e-02  3.014999e-02 
 7.238237e-02  3.015000e-02 
 7.270393e-02  3.015001e-02 
 7.302548e-02  3.015001e-02 
 7.334704e-02  3.015002e-02 
 7.366860e-02  3.015003e-02 
 7.399015e-02  3.015004e-02 
 7.431171e-02  3.015005e-02 
 7.463327e-02  3.015005e-02 
 7.495482e-02  3.015006e-02 
 7.527638e-02  3.015007e-02 
 7.559794e-02  3.015008e-02 
 7.591949e-02  3.015009e-02 
 7.624105e-02  3.015009e-02 
 7.656261e-02  3.015010e-02 
 7.688416e-02  3.015011e-02 
 7.720572e-02  3.015012e-02 
 7.752728e-02  3.015013e-02 
 7.784883e-02  3.015014e-02 
 7.817039e-02  3.015014e-02 
 7.849194e-02  3.015015e-02 
 7.881350e-02  3.015016e-02 
 7.913506e-02  3.015017e-02 
 7.945661e-02  3.015018e-02 
 7.977817e-02  3.015019e-02 
 8.009973e-02  3.015019e-02 
 8.042128e-02  3.015020e-02 
 8.074284e-02  3.015021e-02 
 8.106440e-02  3.015022e-02 
 8.138595e-02  3.015023e-02 
 8.170751e-02  3.015024e-02 
 8.202907e-02  3.015025e-02 
 8.235062e-02  3.015026e-02 
 8.267218e-02  3.015026e-02 
 8.299374e-02  3.015027e-02 
 8.331529e-02  3.015028e-02 
 8.363685e-02  3.015029e-02 
 8.395841e-02  3.015030e-02 
 8.427996e-02  3.015031e-02 
 8.460152e-02  3.015032e-02 
 8.492308e-02  3.015033e-02 
 8.524463e-02  3.015034e-02 
 8.556619e-02  3.015035e-02 
 8.588774e-02  3.015036e-02 
 8.620930e-02  3.015037e-02 
 8.653086e-02  3.015038e-02 
 8.685241e-02  3.015038e-02 
 8.717397e-02  3.015039e-02 
 8.749553e-02  3.015040e-02 
 8.781708e-02  3.015041e-02 
 8.813864e-02  3.015042e-02 
 8.846020e-02  3.015043e-02 
 8.878175e-02  3.015044e-02 
 8.910331e-02  3.015045e-02 
 8.942487e-02  3.015046e-02 
 8.974642e-02  3.015047e-02 
 9.006798e-02  3.015048e-02 
 9.038954e-02  3.015049e-02 
 9.071109e-02  3.015050e-02 
 9.103265e-02  3.015051e-02 
 9.135421e-02  3.015052e-02 
 9.167576e-02  3.015053e-02 
 9.199732e-02  3.015055e-02 
 9.231888e-02  3.015056e-02 
 9.264043e-02  3.015057e-02 
 9.296199e-02  3.015058e-02 
 9.328354e-02  3.015059e-02 
 9.360510e-02  3.015060e-02 
 9.392666e-02  3.015061e-02 
 9.424821e-02  3.015062e-02 
 9.456977e-02  3.015063e-02 
 9.489133e-02  3.015064e-02 
 9.521288e-02  3.015065e-02 
 9.553444e-02  3.015067e-02 
 9.585600e-02  3.015068e-02 
 9.617755e-02  3.015069e-02 
 9.649911e-02  3.015070e-02 
 9.682067e-02  3.015071e-02 
 9.714222e-02  3.015072e-02 
 9.746378e-02  3.015074e-02 
 9.778534e-02  3.015075e-02 
 9.810689e-02  3.015076e-02 
 9.842845e-02  3.015077e-02 
 9.875001e-02  3.015078e-02 
 9.907156e-02  3.015080e-02 
 9.939312e-02  3.015081e-02 
 9.971467e-02  3.015082e-02 
 1.000362e-01  3.015083e-02 
 1.003578e-01  3.015085e-02 
 1.006793e-01  3.015086e-02 
 1.010009e-01  3.015087e-02 
 1.013225e-01  3.015088e-02 
 1.016440e-01  3.015090e-02 
 1.019656e-01  3.015091e-02 
 1.022871e-01  3.015092e-02 
 1.026087e-01  3.015093e-02 
 1.029302e-01  3.015095e-02 
 1.032518e-01  3.015096e-02 
 1.035734e-01  3.015097e-02 
 1.038949e-01  3.015099e-02 
 1.042165e-01  3.015100e-02 
 1.045380e-01  3.015101e-02 
 1.048596e-01  3.015103e-02 
 1.051811e-01  3.015104e-02 
 1.055027e-01  3.015106e-02 
 1.058242e-01  3.015107e-02 
 1.061458e-01  3.015108e-02 
 1.064674e-01  3.015110e-02 
 1.067889e-01  3.015111e-02 
 1.071105e-01  3.015112e-02 
 1.074320e-01  3.015114e-02 
 1.077536e-01  3.015115e-02 
 1.080751e-01  3.015117e-02 
 1.083967e-01  3.015118e-02 
 1.087183e-01  3.015119e-02 
 1.090398e-01  3.015121e-02 
 1.093614e-01  3.015122e-02 
 1.096829e-01  3.015124e-02 
 1.100045e-01  3.015125e-02 
 1.103260e-01  3.015127e-02 
 1.106476e-01  3.015128e-02 
 1.109692e-01  3.015129e-02 
 1.112907e-01  3.015131e-02 
 1.116123e-01  3.015132e-02 
 1.119338e-01  3.015134e-02 
 1.122554e-01  3.015135e-02 
 1.125769e-01  3.015137e-02 
 1.128985e-01  3.015138e-02 
 1.132200e-01  3.015140e-02 
 1.135416e-01  3.015141e-02 
 1.138632e-01  3.015143e-02 
 1.141847e-01  3.015144e-02 
 1.145063e-01  3.015146e-02 
 1.148278e-01  3.015147e-02 
 1.151494e-01  3.015149e-02 
 1.154709e-01  3.015150e-02 
 1.157925e-01  3.015152e-02 
 1.161141e-01  3.015153e-02 
 1.164356e-01  3.015155e-02 
 1.167572e-01  3.015156e-02 
 1.170787e-01  3.015158e-02 
 1.174003e-01  3.015159e-02 
 1.177218e-01  3.015161e-02 
 1.180434e-01  3.015162e-02 
 1.183650e-01  3.015164e-02 
 1.186865e-01  3.015165e-02 
 1.190081e-01  3.015167e-02 
 1.193296e-01  3.015168e-02 
 1.196512e-01  3.015170e-02 
 1.199727e-01  3.015171e-02 
 1.202943e-01  3.015173e-02 
 1.206158e-01  3.015174e-02 
 1.209374e-01  3.015176e-02 
 1.212590e-01  3.015177e-02 
 1.215805e-01  3.015179e-02 
 1.219021e-01  3.015180e-02 
 1.222236e-01  3.015182e-02 
 1.225452e-01  3.015184e-02 
 1.228667e-01  3.015185e-02 
 1.231883e-01  3.015187e-02 
 1.235099e-01  3.015188e-02 
 1.238314e-01  3.015190e-02 
 1.241530e-01  3.015191e-02 
 1.244745e-01  3.015193e-02 
 1.247961e-01  3.015194e-02 
 1.251176e-01  3.015196e-02 
 1.254392e-01  3.015197e-02 
 1.257608e-01  3.015199e-02 
 1.260823e-01  3.015200e-02 
 1.264039e-01  3.015202e-02 
 1.267254e-01  3.015203e-02 
 1.270470e-01  3.015205e-02 
 1.273685e-01  3.015206e-02 
 1.276901e-01  3.015208e-02 
 1.280116e-01  3.015210e-02 
 1.283332e-01  3.015211e-02 
 1.286548e-01  3.015213e-02 
 1.289763e-01  3.015214e-02 
 1.292979e-01  3.015216e-02 
 1.296194e-01  3.015217e-02 
 1.299410e-01  3.015219e-02 
 1.302625e-01  3.015220e-02 
 1.305841e-01  3.015222e-02 
 1.309057e-01  3.015223e-02 
 1.312272e-01  3.015225e-02 
 1.315488e-01  3.015226e-02 
 1.318703e-01  3.015228e-02 
 1.321919e-01  3.015229e-02 
 1.325134e-01  3.015231e-02 
 1.328350e-01  3.015232e-02 
 1.331566e-01  3.015234e-02 
 1.334781e-01  3.015235e-02 
 1.337997e-01  3.015237e-02 
 1.341212e-01  3.015238e-02 
 1.344428e-01  3.015240e-02 
 1.347643e-01  3.015241e-02 
 1.350859e-01  3.015243e-02 
 1.354074e-01  3.015244e-02 
 1.357290e-01  3.015246e-02 
 1.360506e-01  3.015247e-02 
 1.363721e-01  3.015249e-02 
 1.366937e-01  3.015250e-02 
 1.370152e-01  3.015252e-02 
 1.373368e-01  3.015253e-02 
 1.376583e-01  3.015255e-02 
 1.379799e-01  3.015256e-02 
 1.383015e-01  3.015258e-02 
 1.386230e-01  3.015259e-02 
 1.389446e-01  3.015261e-02 
 1.392661e-01  3.015262e-02 
 1.395877e-01  3.015264e-02 
 1.399092e-01  3.015265e-02 
 1.402308e-01  3.015266e-02 
 1.405524e-01  3.015268e-02 
 1.408739e-01  3.015269e-02 
 1.411955e-01  3.015271e-02 
 1.415170e-01  3.015272e-02 
 1.418386e-01  3.015274e-02 
 1.421601e-01  3.015275e-02 
 1.424817e-01  3.015277e-02 
 1.428032e-01  3.015278e-02 
 1.431248e-01  3.015280e-02 
 1.434464e-01  3.015281e-02 
 1.437679e-01  3.015282e-02 
 1.440895e-01  3.015284e-02 
 1.444110e-01  3.015285e-02 
 1.447326e-01  3.015287e-02 
 1.450541e-01  3.015288e-02 
 1.453757e-01  3.015290e-02 
 1.456973e-01  3.015291e-02 
 1.460188e-01  3.015292e-02 
 1.463404e-01  3.015294e-02 
 1.466619e-01  3.015295e-02 
 1.469835e-01  3.015297e-02 
 1.473050e-01  3.015298e-02 
 1.476266e-01  3.015300e-02 
 1.479482e-01  3.015301e-02 
 1.482697e-01  3.015302e-02 
 1.485913e-01  3.015304e-02 
 1.489128e-01  3.015305e-02 
 1.492344e-01  3.015307e-02 
 1.495559e-01  3.015308e-02 
 1.498775e-01  3.015309e-02 
 1.501990e-01  3.015311e-02 
 1.505206e-01  3.015312e-02 
 1.508422e-01  3.015314e-02 
 1.511637e-01  3.015315e-02 
 1.514853e-01  3.015316e-02 
 1.518068e-01  3.015318e-02 
 1.521284e-01  3.015319e-02 
 1.524499e-01  3.015321e-02 
 1.527715e-01  3.015322e-02 
 1.530931e-01  3.015323e-02 
 1.534146e-01  3.015325e-02 
 1.537362e-01  3.015326e-02 
 1.540577e-01  3.015328e-02 
 1.543793e-01  3.015329e-02 
 1.547008e-01  3.015330e-02 
 1.550224e-01  3.015332e-02 
 1.553440e-01  3.015333e-02 
 1.556655e-01  3.015334e-02 
 1.559871e-01  3.015336e-02 
 1.563086e-01  3.015337e-02 
 1.566302e-01  3.015338e-02 
 1.569517e-01  3.015340e-02 
 1.572733e-01  3.015341e-02 
 1.575948e-01  3.015343e-02 
 1.579164e-01  3.015344e-02 
 1.582380e-01  3.015345e-02 
 1.585595e-01  3.015347e-02 
 1.588811e-01  3.015348e-02 
 1.592026e-01  3.015349e-02 
 1.595242e-01  3.015351e-02 
 1.598457e-01  3.015352e-02 
 1.601673e-01  3.015353e-02 
 1.604889e-01  3.015355e-02 
 1.608104e-01  3.015356e-02 
 1.611320e-01  3.015357e-02 
 1.614535e-01  3.015359e-02 
 1.617751e-01  3.015360e-02 
 1.620966e-01  3.015361e-02 
 1.624182e-01  3.015363e-02 
 1.627398e-01  3.015364e-02 
 1.630613e-01  3.015365e-02 
 1.633829e-01  3.015367e-02 
 1.637044e-01  3.015368e-02 
 1.640260e-01  3.015369e-02 
 1.643475e-01  3.015370e-02 
 1.646691e-01  3.015372e-02 
 1.649906e-01  3.015373e-02 
 1.653122e-01  3.015374e-02 
 1.656338e-01  3.015376e-02 
 1.659553e-01  3.015377e-02 
 1.662769e-01  3.015378e-02 
 1.665984e-01  3.015380e-02 
 1.669200e-01  3.015381e-02 
 1.672415e-01  3.015382e-02 
 1.675631e-01  3.015383e-02 
 1.678847e-01  3.015385e-02 
 1.682062e-01  3.015386e-02 
 1.685278e-01  3.015387e-02 
 1.688493e-01  3.015388e-02 
 1.691709e-01  3.015390e-02 
 1.694924e-01  3.015391e-02 
 1.698140e-01  3.015392e-02 
 1.701356e-01  3.015393e-02 
 1.704571e-01  3.015395e-02 
 1.707787e-01  3.015396e-02 
 1.711002e-01  3.015397e-02 
 1.714218e-01  3.015398e-02 
 1.717433e-01  3.015400e-02 
 1.720649e-01  3.015401e-02 
 1.723865e-01  3.015402e-02 
 1.727080e-01  3.015403e-02 
 1.730296e-01  3.015405e-02 
 1.733511e-01  3.015406e-02 
 1.736727e-01  3.015407e-02 
 1.739942e-01  3.015408e-02 
 1.743158e-01  3.015409e-02 
 1.746373e-01  3.015411e-02 
 1.749589e-01  3.015412e-02 
 1.752805e-01  3.015413e-02 
 1.756020e-01  3.015414e-02 
 1.759236e-01  3.015415e-02 
 1.762451e-01  3.015417e-02 
 1.765667e-01  3.015418e-02 
 1.768882e-01  3.015419e-02 
 1.772098e-01  3.015420e-02 
 1.775314e-01  3.015421e-02 
 1.778529e-01  3.015423e-02 
 1.781745e-01  3.015424e-02 
 1.784960e-01  3.015425e-02 
 1.788176e-01  3.015426e-02 
 1.791391e-01  3.015427e-02 
 1.794607e-01  3.015428e-02 
 1.797823e-01  3.015429e-02 
 1.801038e-01  3.015431e-02 
 1.804254e-01  3.015432e-02 
 1.807469e-01  3.015433e-02 
 1.810685e-01  3.015434e-02 
 1.813900e-01  3.015435e-02 
 1.817116e-01  3.015436e-02 
 1.820331e-01  3.015437e-02 
 1.823547e-01  3.015439e-02 
 1.826763e-01  3.015440e-02 
 1.829978e-01  3.015441e-02 
 1.833194e-01  3.015442e-02 
 1.836409e-01  3.015443e-02 
 1.839625e-01  3.015444e-02 
 1.842840e-01  3.015445e-02 
 1.846056e-01  3.015446e-02 
 1.849272e-01  3.015447e-02 
 1.852487e-01  3.015448e-02 
 1.855703e-01  3.015449e-02 
 1.858918e-01  3.015451e-02 
 1.862134e-01  3.015452e-02 
 1.865349e-01  3.015453e-02 
 1.868565e-01  3.015454e-02 
 1.871781e-01  3.015455e-02 
 1.874996e-01  3.015456e-02 
 1.878212e-01  3.015457e-02 
 1.881427e-01  3.015458e-02 
 1.884643e-01  3.015459e-02 
 1.887858e-01  3.015460e-02 
 1.891074e-01  3.015461e-02 
 1.894289e-01  3.015462e-02 
 1.897505e-01  3.015463e-02 
 1.900721e-01  3.015464e-02 
 1.903936e-01  3.015465e-02 
 1.907152e-01  3.015466e-02 
 1.910367e-01  3.015467e-02 
 1.913583e-01  3.015468e-02 
 1.916798e-01  3.015469e-02 
 1.920014e-01  3.015470e-02 
 1.923230e-01  3.015471e-02 
 1.926445e-01  3.015472e-02 
 1.929661e-01  3.015473e-02 
 1.932876e-01  3.015474e-02 
 1.936092e-01  3.015475e-02 
 1.939307e-01  3.015476e-02 
 1.942523e-01  3.015477e-02 
 1.945739e-01  3.015478e-02 
 1.948954e-01  3.015479e-02 
 1.952170e-01  3.015480e-02 
 1.955385e-01  3.015481e-02 
 1.958601e-01  3.015482e-02 
 1.961816e-01  3.015483e-02 
 1.965032e-01  3.015484e-02 
 1.968247e-01  3.015485e-02 
 1.971463e-01  3.015486e-02 
 1.974679e-01  3.015487e-02 
 1.977894e-01  3.015488e-02 
 1.981110e-01  3.015489e-02 
 1.984325e-01  3.015490e-02 
 1.987541e-01  3.015491e-02 
 1.990756e-01  3.015492e-02 
 1.993972e-01  3.015493e-02 
 1.997188e-01  3.015494e-02 
 2.000403e-01  3.015495e-02 
 2.003619e-01  3.015495e-02 
 2.006834e-01  3.015496e-02 
 2.010050e-01  3.015497e-02 
 2.013265e-01  3.015498e-02 
 2.016481e-01  3.015499e-02 
 2.019697e-01  3.015500e-02 
 2.022912e-01  3.015501e-02 
 2.026128e-01  3.015502e-02 
 2.029343e-01  3.015503e-02 
 2.032559e-01  3.015504e-02 
 2.035774e-01  3.015505e-02 
 2.038990e-01  3.015506e-02 
 2.042205e-01  3.015506e-02 
 2.045421e-01  3.015507e-02 
 2.048637e-01  3.015508e-02 
 2.051852e-01  3.015509e-02 
 2.055068e-01  3.015510e-02 
 2.058283e-01  3.015511e-02 
 2.061499e-01  3.015512e-02 
 2.064714e-01  3.015513e-02 
 2.067930e-01  3.015514e-02 
 2.071146e-01  3.015514e-02 
 2.074361e-01  3.015515e-02 
 2.077577e-01  3.015516e-02 
 2.080792e-01  3.015517e-02 
 2.084008e-01  3.015518e-02 
 2.087223e-01  3.015519e-02 
 2.090439e-01  3.015520e-02 
 2.093655e-01  3.015520e-02 
 2.096870e-01  3.015521e-02 
 2.100086e-01  3.015522e-02 
 2.103301e-01  3.015523e-02 
 2.106517e-01  3.015524e-02 
 2.109732e-01  3.015525e-02 
 2.112948e-01  3.015525e-02 
 2.116163e-01  3.015526e-02 
 2.119379e-01  3.015527e-02 
 2.122595e-01  3.015528e-02 
 2.125810e-01  3.015529e-02 
 2.129026e-01  3.015529e-02 
 2.132241e-01  3.015530e-02 
 2.135457e-01  3.015531e-02 
 2.138672e-01  3.015532e-02 
 2.141888e-01  3.015533e-02 
 2.145104e-01  3.015533e-02 
 2.148319e-01  3.015534e-02 
 2.151535e-01  3.015535e-02 
 2.154750e-01  3.015536e-02 
 2.157966e-01  3.015536e-02 
 2.161181e-01  3.015537e-02 
 2.164397e-01  3.015538e-02 
 2.167613e-01  3.015539e-02 
 2.170828e-01  3.015539e-02 
 2.174044e-01  3.015540e-02 
 2.177259e-01  3.015541e-02 
 2.180475e-01  3.015542e-02 
 2.183690e-01  3.015542e-02 
 2.186906e-01  3.015543e-02 
 2.190121e-01  3.015544e-02 
 2.193337e-01  3.015544e-02 
 2.196553e-01  3.015545e-02 
 2.199768e-01  3.015546e-02 
 2.202984e-01  3.015547e-02 
 2.206199e-01  3.015547e-02 
 2.209415e-01  3.015548e-02 
 2.212630e-01  3.015549e-02 
 2.215846e-01  3.015549e-02 
 2.219062e-01  3.015550e-02 
 2.222277e-01  3.015551e-02 
 2.225493e-01  3.015551e-02 
 2.228708e-01  3.015552e-02 
 2.231924e-01  3.015552e-02 
 2.235139e-01  3.015553e-02 
 2.238355e-01  3.015554e-02 
 2.241571e-01  3.015554e-02 
 2.244786e-01  3.015555e-02 
 2.248002e-01  3.015556e-02 
 2.251217e-01  3.015556e-02 
 2.254433e-01  3.015557e-02 
 2.257648e-01  3.015557e-02 
 2.260864e-01  3.015558e-02 
 2.264079e-01  3.015559e-02 
 2.267295e-01  3.015559e-02 
 2.270511e-01  3.015560e-02 
 2.273726e-01  3.015560e-02 
 2.276942e-01  3.015561e-02 
 2.280157e-01  3.015562e-02 
 2.283373e-01  3.015562e-02 
 2.286588e-01  3.015563e-02 
 2.289804e-01  3.015563e-02 
 2.293020e-01  3.015564e-02 
 2.296235e-01  3.015564e-02 
 2.299451e-01  3.015565e-02 
 2.302666e-01  3.015565e-02 
 2.305882e-01  3.015566e-02 
 2.309097e-01  3.015566e-02 
 2.312313e-01  3.015567e-02 
 2.315529e-01  3.015568e-02 
 2.318744e-01  3.015568e-02 
 2.321960e-01  3.015569e-02 
 2.325175e-01  3.015569e-02 
 2.328391e-01  3.015570e-02 
 2.331606e-01  3.015570e-02 
 2.334822e-01  3.015570e-02 
 2.338037e-01  3.015571e-02 
 2.341253e-01  3.015571e-02 
 2.344469e-01  3.015572e-02 
 2.347684e-01  3.015572e-02 
 2.350900e-01  3.015573e-02 
 2.354115e-01  3.015573e-02 
 2.357331e-01  3.015574e-02 
 2.360546e-01  3.015574e-02 
 2.363762e-01  3.015575e-02 
 2.366978e-01  3.015575e-02 
 2.370193e-01  3.015575e-02 
 2.373409e-01  3.015576e-02 
 2.376624e-01  3.015576e-02 
 2.379840e-01  3.015577e-02 
 2.383055e-01  3.015577e-02 
 2.386271e-01  3.015577e-02 
 2.389487e-01  3.015578e-02 
 2.392702e-01  3.015578e-02 
 2.395918e-01  3.015579e-02 
 2.399133e-01  3.015579e-02 
 2.402349e-01  3.015579e-02 
 2.405564e-01  3.015580e-02 
 2.408780e-01  3.015580e-02 
 2.411996e-01  3.015580e-02 
 2.415211e-01  3.015581e-02 
 2.418427e-01  3.015581e-02 
 2.421642e-01  3.015581e-02 
 2.424858e-01  3.015582e-02 
 2.428073e-01  3.015582e-02 
 2.431289e-01  3.015582e-02 
 2.434504e-01  3.015583e-02 
 2.437720e-01  3.015583e-02 
 2.440936e-01  3.015583e-02 
 2.444151e-01  3.015583e-02 
 2.447367e-01  3.015584e-02 
 2.450582e-01  3.015584e-02 
 2.453798e-01  3.015584e-02 
 2.457013e-01  3.015584e-02 
 2.460229e-01  3.015585e-02 
 2.463445e-01  3.015585e-02 
 2.466660e-01  3.015585e-02 
 2.469876e-01  3.015585e-02 
 2.473091e-01  3.015586e-02 
 2.476307e-01  3.015586e-02 
 2.479522e-01  3.015586e-02 
 2.482738e-01  3.015586e-02 
 2.485954e-01  3.015586e-02 
 2.489169e-01  3.015586e-02 
 2.492385e-01  3.015587e-02 
 2.495600e-01  3.015587e-02 
 2.498816e-01  3.015587e-02 
 2.502031e-01  3.015587e-02 
 2.505247e-01  3.015587e-02 
 2.508462e-01  3.015587e-02 
 2.511678e-01  3.015587e-02 
 2.514894e-01  3.015587e-02 
 2.518109e-01  3.015587e-02 
 2.521325e-01  3.015587e-02 
 2.524540e-01  3.015587e-02 
 2.527756e-01  3.015588e-02 
 2.530971e-01  3.015588e-02 
 2.534187e-01  3.015588e-02 
 2.537403e-01  3.015588e-02 
 2.540618e-01  3.015588e-02 
 2.543834e-01  3.015588e-02 
 2.547049e-01  3.015588e-02 
 2.550265e-01  3.015587e-02 
 2.553480e-01  3.015587e-02 
 2.556696e-01  3.015587e-02 
 2.559912e-01  3.015587e-02 
 2.563127e-01  3.015587e-02 
 2.566343e-01  3.015587e-02 
 2.569558e-01  3.015587e-02 
 2.572774e-01  3.015587e-02 
 2.575989e-01  3.015587e-02 
 2.579205e-01  3.015587e-02 
 2.582420e-01  3.015586e-02 
 2.585636e-01  3.015586e-02 
 2.588852e-01  3.015586e-02 
 2.592067e-01  3.015586e-02 
 2.595283e-01  3.015586e-02 
 2.598498e-01  3.015585e-02 
 2.601714e-01  3.015585e-02 
 2.604929e-01  3.015585e-02 
 2.608145e-01  3.015585e-02 
 2.611361e-01  3.015584e-02 
 2.614576e-01  3.015584e-02 
 2.617792e-01  3.015584e-02 
 2.621007e-01  3.015583e-02 
 2.624223e-01  3.015583e-02 
 2.627438e-01  3.015583e-02 
 2.630654e-01  3.015582e-02 
 2.633870e-01  3.015582e-02 
 2.637085e-01  3.015581e-02 
 2.640301e-01  3.015581e-02 
 2.643516e-01  3.015581e-02 
 2.646732e-01  3.015580e-02 
 2.649947e-01  3.015580e-02 
 2.653163e-01  3.015579e-02 
 2.656378e-01  3.015579e-02 
 2.659594e-01  3.015578e-02 
 2.662810e-01  3.015578e-02 
 2.666025e-01  3.015577e-02 
 2.669241e-01  3.015577e-02 
 2.672456e-01  3.015576e-02 
 2.675672e-01  3.015576e-02 
 2.678887e-01  3.015575e-02 
 2.682103e-01  3.015575e-02 
 2.685319e-01  3.015574e-02 
 2.688534e-01  3.015573e-02 
 2.691750e-01  3.015573e-02 
 2.694965e-01  3.015572e-02 
 2.698181e-01  3.015572e-02 
 2.701396e-01  3.015571e-02 
 2.704612e-01  3.015570e-02 
 2.707828e-01  3.015570e-02 
 2.711043e-01  3.015569e-02 
 2.714259e-01  3.015568e-02 
 2.717474e-01  3.015568e-02 
 2.720690e-01  3.015567e-02 
 2.723905e-01  3.015566e-02 
 2.727121e-01  3.015566e-02 
 2.730336e-01  3.015565e-02 
 2.733552e-01  3.015564e-02 
 2.736768e-01  3.015563e-02 
 2.739983e-01  3.015563e-02 
 2.743199e-01  3.015562e-02 
 2.746414e-01  3.015561e-02 
 2.749630e-01  3.015560e-02 
 2.752845e-01  3.015559e-02 
 2.756061e-01  3.015559e-02 
 2.759277e-01  3.015558e-02 
 2.762492e-01  3.015557e-02 
 2.765708e-01  3.015556e-02 
 2.768923e-01  3.015555e-02 
 2.772139e-01  3.015554e-02 
 2.775354e-01  3.015554e-02 
 2.778570e-01  3.015553e-02 
 2.781786e-01  3.015552e-02 
 2.785001e-01  3.015551e-02 
 2.788217e-01  3.015550e-02 
 2.791432e-01  3.015549e-02 
 2.794648e-01  3.015548e-02 
 2.797863e-01  3.015547e-02 
 2.801079e-01  3.015546e-02 
 2.804294e-01  3.015545e-02 
 2.807510e-01  3.015544e-02 
 2.810726e-01  3.015544e-02 
 2.813941e-01  3.015543e-02 
 2.817157e-01  3.015542e-02 
 2.820372e-01  3.015541e-02 
 2.823588e-01  3.015540e-02 
 2.826803e-01  3.015539e-02 
 2.830019e-01  3.015538e-02 
 2.833235e-01  3.015537e-02 
 2.836450e-01  3.015536e-02 
 2.839666e-01  3.015535e-02 
 2.842881e-01  3.015534e-02 
 2.846097e-01  3.015533e-02 
 2.849312e-01  3.015531e-02 
 2.852528e-01  3.015530e-02 
 2.855744e-01  3.015529e-02 
 2.858959e-01  3.015528e-02 
 2.862175e-01  3.015527e-02 
 2.865390e-01  3.015526e-02 
 2.868606e-01  3.015525e-02 
 2.871821e-01  3.015524e-02 
 2.875037e-01  3.015523e-02 
 2.878252e-01  3.015522e-02 
 2.881468e-01  3.015521e-02 
 2.884684e-01  3.015519e-02 
 2.887899e-01  3.015518e-02 
 2.891115e-01  3.015517e-02 
 2.894330e-01  3.015516e-02 
 2.897546e-01  3.015515e-02 
 2.900761e-01  3.015514e-02 
 2.903977e-01  3.015513e-02 
 2.907193e-01  3.015511e-02 
 2.910408e-01  3.015510e-02 
 2.913624e-01  3.015509e-02 
 2.916839e-01  3.015508e-02 
 2.920055e-01  3.015507e-02 
 2.923270e-01  3.015505e-02 
 2.926486e-01  3.015504e-02 
 2.929702e-01  3.015503e-02 
 2.932917e-01  3.015502e-02 
 2.936133e-01  3.015501e-02 
 2.939348e-01  3.015499e-02 
 2.942564e-01  3.015498e-02 
 2.945779e-01  3.015497e-02 
 2.948995e-01  3.015496e-02 
 2.952211e-01  3.015494e-02 
 2.955426e-01  3.015493e-02 
 2.958642e-01  3.015492e-02 
 2.961857e-01  3.015490e-02 
 2.965073e-01  3.015489e-02 
 2.968288e-01  3.015488e-02 
 2.971504e-01  3.015486e-02 
 2.974719e-01  3.015485e-02 
 2.977935e-01  3.015484e-02 
 2.981151e-01  3.015482e-02 
 2.984366e-01  3.015481e-02 
 2.987582e-01  3.015480e-02 
 2.990797e-01  3.015478e-02 
 2.994013e-01  3.015477e-02 
 2.997228e-01  3.015476e-02 
 3.000444e-01  3.015474e-02 
 3.003660e-01  3.015473e-02 
 3.006875e-01  3.015472e-02 
 3.010091e-01  3.015470e-02 
 3.013306e-01  3.015469e-02 
 3.016522e-01  3.015467e-02 
 3.019737e-01  3.015466e-02 
 3.022953e-01  3.015464e-02 
 3.026169e-01  3.015463e-02 
 3.029384e-01  3.015462e-02 
 3.032600e-01  3.015460e-02 
 3.035815e-01  3.015459e-02 
 3.039031e-01  3.015457e-02 
 3.042246e-01  3.015456e-02 
 3.045462e-01  3.015454e-02 
 3.048677e-01  3.015453e-02 
 3.051893e-01  3.015451e-02 
 3.055109e-01  3.015450e-02 
 3.058324e-01  3.015448e-02 
 3.061540e-01  3.015447e-02 
 3.064755e-01  3.015445e-02 
 3.067971e-01  3.015444e-02 
 3.071186e-01  3.015442e-02 
 3.074402e-01  3.015441e-02 
 3.077618e-01  3.015439e-02 
 3.080833e-01  3.015438e-02 
 3.084049e-01  3.015436e-02 
 3.087264e-01  3.015434e-02 
 3.090480e-01  3.015433e-02 
 3.093695e-01  3.015431e-02 
 3.096911e-01  3.015430e-02 
 3.100127e-01  3.015428e-02 
 3.103342e-01  3.015426e-02 
 3.106558e-01  3.015425e-02 
 3.109773e-01  3.015423e-02 
 3.112989e-01  3.015422e-02 
 3.116204e-01  3.015420e-02 
 3.119420e-01  3.015418e-02 
 3.122635e-01  3.015417e-02 
 3.125851e-01  3.015415e-02 
 3.129067e-01  3.015413e-02 
 3.132282e-01  3.015412e-02 
 3.135498e-01  3.015410e-02 
 3.138713e-01  3.015408e-02 
 3.141929e-01  3.015407e-02 
 3.145144e-01  3.015405e-02 
 3.148360e-01  3.015403e-02 
 3.151576e-01  3.015402e-02 
 3.154791e-01  3.015400e-02 
 3.158007e-01  3.015398e-02 
 3.161222e-01  3.015397e-02 
 3.164438e-01  3.015395e-02 
 3.167653e-01  3.015393e-02 
 3.170869e-01  3.015392e-02 
 3.174085e-01  3.015390e-02 
 3.177300e-01  3.015388e-02 
 3.180516e-01  3.015386e-02 
 3.183731e-01  3.015385e-02 
 3.186947e-01  3.015383e-02 
 3.190162e-01  3.015381e-02 
 3.193378e-01  3.015379e-02 
 3.196593e-01  3.015378e-02 
 3.199809e-01  3.015376e-02 
 3.203025e-01  3.015374e-02 
 3.206240e-01  3.015372e-02 
 3.209456e-01  3.015371e-02 
 3.212671e-01  3.015369e-02 
 3.215887e-01  3.015367e-02 
 3.219102e-01  3.015365e-02 
 3.222318e-01  3.015364e-02 
 3.225534e-01  3.015362e-02 
 3.228749e-01  3.015360e-02 
 3.231965e-01  3.015358e-02 
 3.235180e-01  3.015356e-02 
 3.238396e-01  3.015355e-02 
 3.241611e-01  3.015353e-02 
 3.244827e-01  3.015351e-02 
 3.248043e-01  3.015349e-02 
 3.251258e-01  3.015347e-02 
 3.254474e-01  3.015346e-02 
 3.257689e-01  3.015344e-02 
 3.260905e-01  3.015342e-02 
 3.264120e-01  3.015340e-02 
 3.267336e-01  3.015338e-02 
 3.270551e-01  3.015336e-02 
 3.273767e-01  3.015335e-02 
 3.276983e-01  3.015333e-02 
 3.280198e-01  3.015331e-02 
 3.283414e-01  3.015329e-02 
 3.286629e-01  3.015327e-02 
 3.289845e-01  3.015325e-02 
 3.293060e-01  3.015323e-02 
 3.296276e-01  3.015322e-02 
 3.299492e-01  3.015320e-02 
 3.302707e-01  3.015318e-02 
 3.305923e-01  3.015316e-02 
 3.309138e-01  3.015314e-02 
 3.312354e-01  3.015312e-02 
 3.315569e-01  3.015310e-02 
 3.318785e-01  3.015309e-02 
 3.322001e-01  3.015307e-02 
 3.325216e-01  3.015305e-02 
 3.328432e-01  3.015303e-02 
 3.331647e-01  3.015301e-02 
 3.334863e-01  3.015299e-02 
 3.338078e-01  3.015297e-02 
 3.341294e-01  3.015295e-02 
 3.344509e-01  3.015293e-02 
 3.347725e-01  3.015292e-02 
 3.350941e-01  3.015290e-02 
 3.354156e-01  3.015288e-02 
 3.357372e-01  3.015286e-02 
 3.360587e-01  3.015284e-02 
 3.363803e-01  3.015282e-02 
 3.367018e-01  3.015280e-02 
 3.370234e-01  3.015278e-02 
 3.373450e-01  3.015276e-02 
 3.376665e-01  3.015274e-02 
 3.379881e-01  3.015272e-02 
 3.383096e-01  3.015270e-02 
 3.386312e-01  3.015269e-02 
 3.389527e-01  3.015267e-02 
 3.392743e-01  3.015265e-02 
 3.395959e-01  3.015263e-02 
 3.399174e-01  3.015261e-02 
 3.402390e-01  3.015259e-02 
 3.405605e-01  3.015257e-02 
 3.408821e-01  3.015255e-02 
 3.412036e-01  3.015253e-02 
 3.415252e-01  3.015251e-02 
 3.418467e-01  3.015249e-02 
 3.421683e-01  3.015247e-02 
 3.424899e-01  3.015245e-02 
 3.428114e-01  3.015243e-02 
 3.431330e-01  3.015241e-02 
 3.434545e-01  3.015239e-02 
 3.437761e-01  3.015237e-02 
 3.440976e-01  3.015235e-02 
 3.444192e-01  3.015234e-02 
 3.447408e-01  3.015232e-02 
 3.450623e-01  3.015230e-02 
 3.453839e-01  3.015228e-02 
 3.457054e-01  3.015226e-02 
 3.460270e-01  3.015224e-02 
 3.463485e-01  3.015222e-02 
 3.466701e-01  3.015220e-02 
 3.469917e-01  3.015218e-02 
 3.473132e-01  3.015216e-02 
 3.476348e-01  3.015214e-02 
 3.479563e-01  3.015212e-02 
 3.482779e-01  3.015210e-02 
 3.485994e-01  3.015208e-02 
 3.489210e-01  3.015206e-02 
 3.492425e-01  3.015204e-02 
 3.495641e-01  3.015202e-02 
 3.498857e-01  3.015200e-02 
 3.502072e-01  3.015198e-02 
 3.505288e-01  3.015196e-02 
 3.508503e-01  3.015194e-02 
 3.511719e-01  3.015192e-02 
 3.514934e-01  3.015190e-02 
 3.518150e-01  3.015188e-02 
 3.521366e-01  3.015187e-02 
 3.524581e-01  3.015185e-02 
 3.527797e-01  3.015183e-02 
 3.531012e-01  3.015181e-02 
 3.534228e-01  3.015179e-02 
 3.537443e-01  3.015177e-02 
 3.540659e-01  3.015175e-02 
 3.543875e-01  3.015173e-02 
 3.547090e-01  3.015171e-02 
 3.550306e-01  3.015169e-02 
 3.553521e-01  3.015167e-02 
 3.556737e-01  3.015165e-02 
 3.559952e-01  3.015163e-02 
 3.563168e-01  3.015161e-02 
 3.566383e-01  3.015159e-02 
 3.569599e-01  3.015157e-02 
 3.572815e-01  3.015155e-02 
 3.576030e-01  3.015153e-02 
 3.579246e-01  3.015151e-02 
 3.582461e-01  3.015149e-02 
 3.585677e-01  3.015147e-02 
 3.588892e-01  3.015145e-02 
 3.592108e-01  3.015143e-02 
 3.595324e-01  3.015141e-02 
 3.598539e-01  3.015139e-02 
 3.601755e-01  3.015138e-02 
 3.604970e-01  3.015136e-02 
 3.608186e-01  3.015134e-02 
 3.611401e-01  3.015132e-02 
 3.614617e-01  3.015130e-02 
 3.617833e-01  3.015128e-02 
 3.621048e-01  3.015126e-02 
 3.624264e-01  3.015124e-02 
 3.627479e-01  3.015122e-02 
 3.630695e-01  3.015120e-02 
 3.633910e-01  3.015118e-02 
 3.637126e-01  3.015116e-02 
 3.640341e-01  3.015114e-02 
 3.643557e-01  3.015112e-02 
 3.646773e-01  3.015110e-02 
 3.649988e-01  3.015108e-02 
 3.653204e-01  3.015106e-02 
 3.656419e-01  3.015104e-02 
 3.659635e-01  3.015102e-02 
 3.662850e-01  3.015100e-02 
 3.666066e-01  3.015098e-02 
 3.669282e-01  3.015096e-02 
 3.672497e-01  3.015094e-02 
 3.675713e-01  3.015092e-02 
 3.678928e-01  3.015090e-02 
 3.682144e-01  3.015088e-02 
 3.685359e-01  3.015086e-02 
 3.688575e-01  3.015084e-02 
 3.691791e-01  3.015082e-02 
 3.695006e-01  3.015080e-02 
 3.698222e-01  3.015078e-02 
 3.701437e-01  3.015075e-02 
 3.704653e-01  3.015073e-02 
 3.707868e-01  3.015071e-02 
 3.711084e-01  3.015069e-02 
 3.714299e-01  3.015067e-02 
 3.717515e-01  3.015065e-02 
 3.720731e-01  3.015063e-02 
 3.723946e-01  3.015061e-02 
 3.727162e-01  3.015059e-02 
 3.730377e-01  3.015057e-02 
 3.733593e-01  3.015055e-02 
 3.736808e-01  3.015053e-02 
 3.740024e-01  3.015050e-02 
 3.743240e-01  3.015048e-02 
 3.746455e-01  3.015046e-02 
 3.749671e-01  3.015044e-02 
 3.752886e-01  3.015042e-02 
 3.756102e-01  3.015040e-02 
 3.759317e-01  3.015038e-02 
 3.762533e-01  3.015035e-02 
 3.765749e-01  3.015033e-02 
 3.768964e-01  3.015031e-02 
 3.772180e-01  3.015029e-02 
 3.775395e-01  3.015027e-02 
 3.778611e-01  3.015025e-02 
 3.781826e-01  3.015022e-02 
 3.785042e-01  3.015020e-02 
 3.788257e-01  3.015018e-02 
 3.791473e-01  3.015016e-02 
 3.794689e-01  3.015014e-02 
 3.797904e-01  3.015011e-02 
 3.801120e-01  3.015009e-02 
 3.804335e-01  3.015007e-02 
 3.807551e-01  3.015005e-02 
 3.810766e-01  3.015002e-02 
 3.813982e-01  3.015000e-02 
 3.817198e-01  3.014998e-02 
 3.820413e-01  3.014996e-02 
 3.823629e-01  3.014993e-02 
 3.826844e-01  3.014991e-02 
 3.830060e-01  3.014989e-02 
 3.833275e-01  3.014987e-02 
 3.836491e-01  3.014984e-02 
 3.839707e-01  3.014982e-02 
 3.842922e-01  3.014980e-02 
 3.846138e-01  3.014977e-02 
 3.849353e-01  3.014975e-02 
 3.852569e-01  3.014973e-02 
 3.855784e-01  3.014970e-02 
 3.859000e-01  3.014968e-02 
 3.862215e-01  3.014966e-02 
 3.865431e-01  3.014964e-02 
 3.868647e-01  3.014961e-02 
 3.871862e-01  3.014959e-02 
 3.875078e-01  3.014956e-02 
 3.878293e-01  3.014954e-02 
 3.881509e-01  3.014952e-02 
 3.884724e-01  3.014949e-02 
 3.887940e-01  3.014947e-02 
 3.891156e-01  3.014945e-02 
 3.894371e-01  3.014942e-02 
 3.897587e-01  3.014940e-02 
 3.900802e-01  3.014938e-02 
 3.904018e-01  3.014935e-02 
 3.907233e-01  3.014933e-02 
 3.910449e-01  3.014930e-02 
 3.913665e-01  3.014928e-02 
 3.916880e-01  3.014926e-02 
 3.920096e-01  3.014923e-02 
 3.923311e-01  3.014921e-02 
 3.926527e-01  3.014918e-02 
 3.929742e-01  3.014916e-02 
 3.932958e-01  3.014913e-02 
 3.936173e-01  3.014911e-02 
 3.939389e-01  3.014909e-02 
 3.942605e-01  3.014906e-02 
 3.945820e-01  3.014904e-02 
 3.949036e-01  3.014901e-02 
 3.952251e-01  3.014899e-02 
 3.955467e-01  3.014896e-02 
 3.958682e-01  3.014894e-02 
 3.961898e-01  3.014892e-02 
 3.965114e-01  3.014889e-02 
 3.968329e-01  3.014887e-02 
 3.971545e-01  3.014884e-02 
 3.974760e-01  3.014882e-02 
 3.977976e-01  3.014879e-02 
 3.981191e-01  3.014877e-02 
 3.984407e-01  3.014874e-02 
 3.987623e-01  3.014872e-02 
 3.990838e-01  3.014870e-02 
 3.994054e-01  3.014867e-02 
 3.997269e-01  3.014865e-02 
 4.000485e-01  3.014862e-02 
 4.003700e-01  3.014860e-02 
 4.006916e-01  3.014857e-02 
 4.010131e-01  3.014855e-02 
 4.013347e-01  3.014852e-02 
 4.016563e-01  3.014850e-02 
 4.019778e-01  3.014847e-02 
 4.022994e-01  3.014845e-02 
 4.026209e-01  3.014843e-02 
 4.029425e-01  3.014840e-02 
 4.032640e-01  3.014838e-02 
 4.035856e-01  3.014835e-02 
 4.039072e-01  3.014833e-02 
 4.042287e-01  3.014830e-02 
 4.045503e-01  3.014828e-02 
 4.048718e-01  3.014825e-02 
 4.051934e-01  3.014823e-02 
 4.055149e-01  3.014820e-02 
 4.058365e-01  3.014818e-02 
 4.061581e-01  3.014815e-02 
 4.064796e-01  3.014813e-02 
 4.068012e-01  3.014811e-02 
 4.071227e-01  3.014808e-02 
 4.074443e-01  3.014806e-02 
 4.077658e-01  3.014803e-02 
 4.080874e-01  3.014801e-02 
 4.084089e-01  3.014798e-02 
 4.087305e-01  3.014796e-02 
 4.090521e-01  3.014793e-02 
 4.093736e-01  3.014791e-02 
 4.096952e-01  3.014788e-02 
 4.100167e-01  3.014786e-02 
 4.103383e-01  3.014784e-02 
 4.106598e-01  3.014781e-02 
 4.109814e-01  3.014779e-02 
 4.113030e-01  3.014776e-02 
 4.116245e-01  3.014774e-02 
 4.119461e-01  3.014771e-02 
 4.122676e-01  3.014769e-02 
 4.125892e-01  3.014766e-02 
 4.129107e-01  3.014764e-02 
 4.132323e-01  3.014761e-02 
 4.135539e-01  3.014759e-02 
 4.138754e-01  3.014757e-02 
 4.141970e-01  3.014754e-02 
 4.145185e-01  3.014752e-02 
 4.148401e-01  3.014749e-02 
 4.151616e-01  3.014747e-02 
 4.154832e-01  3.014744e-02 
 4.158047e-01  3.014742e-02 
 4.161263e-01  3.014739e-02 
 4.164479e-01  3.014737e-02 
 4.167694e-01  3.014734e-02 
 4.170910e-01  3.014732e-02 
 4.174125e-01  3.014730e-02 
 4.177341e-01  3.014727e-02 
 4.180556e-01  3.014725e-02 
 4.183772e-01  3.014722e-02 
 4.186988e-01  3.014720e-02 
 4.190203e-01  3.014717e-02 
 4.193419e-01  3.014715e-02 
 4.196634e-01  3.014713e-02 
 4.199850e-01  3.014710e-02 
 4.203065e-01  3.014708e-02 
 4.206281e-01  3.014705e-02 
 4.209497e-01  3.014703e-02 
 4.212712e-01  3.014700e-02 
 4.215928e-01  3.014698e-02 
 4.219143e-01  3.014696e-02 
 4.222359e-01  3.014693e-02 
 4.225574e-01  3.014691e-02 
 4.228790e-01  3.014688e-02 
 4.232005e-01  3.014686e-02 
 4.235221e-01  3.014683e-02 
 4.238437e-01  3.014681e-02 
 4.241652e-01  3.014679e-02 
 4.244868e-01  3.014676e-02 
 4.248083e-01  3.014674e-02 
 4.251299e-01  3.014671e-02 
 4.254514e-01  3.014669e-02 
 4.257730e-01  3.014667e-02 
 4.260946e-01  3.014664e-02 
 4.264161e-01  3.014662e-02 
 4.267377e-01  3.014660e-02 
 4.270592e-01  3.014657e-02 
 4.273808e-01  3.014655e-02 
 4.277023e-01  3.014652e-02 
 4.280239e-01  3.014650e-02 
 4.283455e-01  3.014648e-02 
 4.286670e-01  3.014645e-02 
 4.289886e-01  3.014643e-02 
 4.293101e-01  3.014641e-02 
 4.296317e-01  3.014638e-02 
 4.299532e-01  3.014636e-02 
 4.302748e-01  3.014634e-02 
 4.305963e-01  3.014631e-02 
 4.309179e-01  3.014629e-02 
 4.312395e-01  3.014627e-02 
 4.315610e-01  3.014624e-02 
 4.318826e-01  3.014622e-02 
 4.322041e-01  3.014620e-02 
 4.325257e-01  3.014618e-02 
 4.328472e-01  3.014615e-02 
 4.331688e-01  3.014613e-02 
 4.334904e-01  3.014611e-02 
 4.338119e-01  3.014608e-02 
 4.341335e-01  3.014606e-02 
 4.344550e-01  3.014604e-02 
 4.347766e-01  3.014602e-02 
 4.350981e-01  3.014599e-02 
 4.354197e-01  3.014597e-02 
 4.357413e-01  3.014595e-02 
 4.360628e-01  3.014593e-02 
 4.363844e-01  3.014590e-02 
 4.367059e-01  3.014588e-02 
 4.370275e-01  3.014586e-02 
 4.373490e-01  3.014584e-02 
 4.376706e-01  3.014582e-02 
 4.379921e-01  3.014579e-02 
 4.383137e-01  3.014577e-02 
 4.386353e-01  3.014575e-02 
 4.389568e-01  3.014573e-02 
 4.392784e-01  3.014571e-02 
 4.395999e-01  3.014569e-02 
 4.399215e-01  3.014566e-02 
 4.402430e-01  3.014564e-02 
 4.405646e-01  3.014562e-02 
 4.408862e-01  3.014560e-02 
 4.412077e-01  3.014558e-02 
 4.415293e-01  3.014556e-02 
 4.418508e-01  3.014554e-02 
 4.421724e-01  3.014551e-02 
 4.424939e-01  3.014549e-02 
 4.428155e-01  3.014547e-02 
 4.431370e-01  3.014545e-02 
 4.434586e-01  3.014543e-02 
 4.437802e-01  3.014541e-02 
 4.441017e-01  3.014539e-02 
 4.444233e-01  3.014537e-02 
 4.447448e-01  3.014535e-02 
 4.450664e-01  3.014533e-02 
 4.453879e-01  3.014531e-02 
 4.457095e-01  3.014529e-02 
 4.460311e-01  3.014527e-02 
 4.463526e-01  3.014525e-02 
 4.466742e-01  3.014523e-02 
 4.469957e-01  3.014521e-02 
 4.473173e-01  3.014519e-02 
 4.476388e-01  3.014517e-02 
 4.479604e-01  3.014515e-02 
 4.482820e-01  3.014513e-02 
 4.486035e-01  3.014511e-02 
 4.489251e-01  3.014509e-02 
 4.492466e-01  3.014507e-02 
 4.495682e-01  3.014505e-02 
 4.498897e-01  3.014503e-02 
 4.502113e-01  3.014501e-02 
 4.505328e-01  3.014499e-02 
 4.508544e-01  3.014497e-02 
 4.511760e-01  3.014495e-02 
 4.514975e-01  3.014493e-02 
 4.518191e-01  3.014492e-02 
 4.521406e-01  3.014490e-02 
 4.524622e-01  3.014488e-02 
 4.527837e-01  3.014486e-02 
 4.531053e-01  3.014484e-02 
 4.534269e-01  3.014482e-02 
 4.537484e-01  3.014481e-02 
 4.540700e-01  3.014479e-02 
 4.543915e-01  3.014477e-02 
 4.547131e-01  3.014475e-02 
 4.550346e-01  3.014473e-02 
 4.553562e-01  3.014472e-02 
 4.556778e-01  3.014470e-02 
 4.559993e-01  3.014468e-02 
 4.563209e-01  3.014466e-02 
 4.566424e-01  3.014465e-02 
 4.569640e-01  3.014463e-02 
 4.572855e-01  3.014461e-02 
 4.576071e-01  3.014460e-02 
 4.579286e-01  3.014458e-02 
 4.582502e-01  3.014456e-02 
 4.585718e-01  3.014455e-02 
 4.588933e-01  3.014453e-02 
 4.592149e-01  3.014452e-02 
 4.595364e-01  3.014450e-02 
 4.598580e-01  3.014448e-02 
 4.601795e-01  3.014447e-02 
 4.605011e-01  3.014445e-02 
 4.608227e-01  3.014444e-02 
 4.611442e-01  3.014442e-02 
 4.614658e-01  3.014441e-02 
 4.617873e-01  3.014439e-02 
 4.621089e-01  3.014438e-02 
 4.624304e-01  3.014436e-02 
 4.627520e-01  3.014435e-02 
 4.630736e-01  3.014433e-02 
 4.633951e-01  3.014432e-02 
 4.637167e-01  3.014430e-02 
 4.640382e-01  3.014429e-02 
 4.643598e-01  3.014428e-02 
 4.646813e-01  3.014426e-02 
 4.650029e-01  3.014425e-02 
 4.653244e-01  3.014424e-02 
 4.656460e-01  3.014422e-02 
 4.659676e-01  3.014421e-02 
 4.662891e-01  3.014420e-02 
 4.666107e-01  3.014418e-02 
 4.669322e-01  3.014417e-02 
 4.672538e-01  3.014416e-02 
 4.675753e-01  3.014415e-02 
 4.678969e-01  3.014413e-02 
 4.682185e-01  3.014412e-02 
 4.685400e-01  3.014411e-02 
 4.688616e-01  3.014410e-02 
 4.691831e-01  3.014409e-02 
 4.695047e-01  3.014407e-02 
 4.698262e-01  3.014406e-02 
 4.701478e-01  3.014405e-02 
 4.704694e-01  3.014404e-02 
 4.707909e-01  3.014403e-02 
 4.711125e-01  3.014402e-02 
 4.714340e-01  3.014401e-02 
 4.717556e-01  3.014400e-02 
 4.720771e-01  3.014399e-02 
 4.723987e-01  3.014398e-02 
 4.727202e-01  3.014397e-02 
 4.730418e-01  3.014396e-02 
 4.733634e-01  3.014395e-02 
 4.736849e-01  3.014394e-02 
 4.740065e-01  3.014393e-02 
 4.743280e-01  3.014392e-02 
 4.746496e-01  3.014391e-02 
 4.749711e-01  3.014390e-02 
 4.752927e-01  3.014389e-02 
 4.756143e-01  3.014388e-02 
 4.759358e-01  3.014387e-02 
 4.762574e-01  3.014387e-02 
 4.765789e-01  3.014386e-02 
 4.769005e-01  3.014385e-02 
 4.772220e-01  3.014384e-02 
 4.775436e-01  3.014383e-02 
 4.778651e-01  3.014383e-02 
 4.781867e-01  3.014382e-02 
 4.785083e-01  3.014381e-02 
 4.788298e-01  3.014380e-02 
 4.791514e-01  3.014380e-02 
 4.794729e-01  3.014379e-02 
 4.797945e-01  3.014378e-02 
 4.801160e-01  3.014377e-02 
 4.804376e-01  3.014377e-02 
 4.807592e-01  3.014376e-02 
 4.810807e-01  3.014376e-02 
 4.814023e-01  3.014375e-02 
 4.817238e-01  3.014374e-02 
 4.820454e-01  3.014374e-02 
 4.823669e-01  3.014373e-02 
 4.826885e-01  3.014373e-02 
 4.830101e-01  3.014372e-02 
 4.833316e-01  3.014371e-02 
 4.836532e-01  3.014371e-02 
 4.839747e-01  3.014370e-02 
 4.842963e-01  3.014370e-02 
 4.846178e-01  3.014369e-02 
 4.849394e-01  3.014369e-02 
 4.852609e-01  3.014368e-02 
 4.855825e-01  3.014368e-02 
 4.859041e-01  3.014368e-02 
 4.862256e-01  3.014367e-02 
 4.865472e-01  3.014367e-02 
 4.868687e-01  3.014366e-02 
 4.871903e-01  3.014366e-02 
 4.875118e-01  3.014366e-02 
 4.878334e-01  3.014365e-02 
 4.881550e-01  3.014365e-02 
 4.884765e-01  3.014364e-02 
 4.887981e-01  3.014364e-02 
 4.891196e-01  3.014364e-02 
 4.894412e-01  3.014363e-02 
 4.897627e-01  3.014363e-02 
 4.900843e-01  3.014363e-02 
 4.904059e-01  3.014363e-02 
 4.907274e-01  3.014362e-02 
 4.910490e-01  3.014362e-02 
 4.913705e-01  3.014362e-02 
 4.916921e-01  3.014362e-02 
 4.920136e-01  3.014361e-02 
 4.923352e-01  3.014361e-02 
 4.926567e-01  3.014361e-02 
 4.929783e-01  3.014361e-02 
 4.932999e-01  3.014361e-02 
 4.936214e-01  3.014361e-02 
 4.939430e-01  3.014360e-02 
 4.942645e-01  3.014360e-02 
 4.945861e-01  3.014360e-02 
 4.949076e-01  3.014360e-02 
 4.952292e-01  3.014360e-02 
 4.955508e-01  3.014360e-02 
 4.958723e-01  3.014360e-02 
 4.961939e-01  3.014360e-02 
 4.965154e-01  3.014360e-02 
 4.968370e-01  3.014359e-02 
 4.971585e-01  3.014359e-02 
 4.974801e-01  3.014359e-02 
 4.978017e-01  3.014359e-02 
 4.981232e-01  3.014359e-02 
 4.984448e-01  3.014359e-02 
 4.987663e-01  3.014359e-02 
 4.990879e-01  3.014359e-02 
 4.994094e-01  3.014359e-02 
 4.997310e-01  3.014359e-02 
 5.000525e-01  3.014359e-02 
 5.003741e-01  3.014359e-02 
 5.006957e-01  3.014360e-02 
 5.010172e-01  3.014360e-02 
 5.013388e-01  3.014360e-02 
 5.016603e-01  3.014360e-02 
 5.019819e-01  3.014360e-02 
 5.023034e-01  3.014360e-02 
 5.026250e-01  3.014360e-02 
 5.029466e-01  3.014360e-02 
 5.032681e-01  3.014361e-02 
 5.035897e-01  3.014361e-02 
 5.039112e-01  3.014361e-02 
 5.042328e-01  3.014361e-02 
 5.045543e-01  3.014361e-02 
 5.048759e-01  3.014361e-02 
 5.051975e-01  3.014362e-02 
 5.055190e-01  3.014362e-02 
 5.058406e-01  3.014362e-02 
 5.061621e-01  3.014362e-02 
 5.064837e-01  3.014363e-02 
 5.068052e-01  3.014363e-02 
 5.071268e-01  3.014363e-02 
 5.074483e-01  3.014364e-02 
 5.077699e-01  3.014364e-02 
 5.080915e-01  3.014364e-02 
 5.084130e-01  3.014365e-02 
 5.087346e-01  3.014365e-02 
 5.090561e-01  3.014365e-02 
 5.093777e-01  3.014366e-02 
 5.096992e-01  3.014366e-02 
 5.100208e-01  3.014366e-02 
 5.103424e-01  3.014367e-02 
 5.106639e-01  3.014367e-02 
 5.109855e-01  3.014368e-02 
 5.113070e-01  3.014368e-02 
 5.116286e-01  3.014369e-02 
 5.119501e-01  3.014369e-02 
 5.122717e-01  3.014370e-02 
 5.125932e-01  3.014370e-02 
 5.129148e-01  3.014371e-02 
 5.132364e-01  3.014371e-02 
 5.135579e-01  3.014372e-02 
 5.138795e-01  3.014372e-02 
 5.142010e-01  3.014373e-02 
 5.145226e-01  3.014373e-02 
 5.148441e-01  3.014374e-02 
 5.151657e-01  3.014375e-02 
 5.154873e-01  3.014375e-02 
 5.158088e-01  3.014376e-02 
 5.161304e-01  3.014376e-02 
 5.164519e-01  3.014377e-02 
 5.167735e-01  3.014378e-02 
 5.170950e-01  3.014378e-02 
 5.174166e-01  3.014379e-02 
 5.177382e-01  3.014380e-02 
 5.180597e-01  3.014380e-02 
 5.183813e-01  3.014381e-02 
 5.187028e-01  3.014382e-02 
 5.190244e-01  3.014382e-02 
 5.193459e-01  3.014383e-02 
 5.196675e-01  3.014384e-02 
 5.199890e-01  3.014384e-02 
 5.203106e-01  3.014385e-02 
 5.206322e-01  3.014386e-02 
 5.209537e-01  3.014387e-02 
 5.212753e-01  3.014387e-02 
 5.215968e-01  3.014388e-02 
 5.219184e-01  3.014389e-02 
 5.222399e-01  3.014390e-02 
 5.225615e-01  3.014391e-02 
 5.228831e-01  3.014391e-02 
 5.232046e-01  3.014392e-02 
 5.235262e-01  3.014393e-02 
 5.238477e-01  3.014394e-02 
 5.241693e-01  3.014395e-02 
 5.244908e-01  3.014396e-02 
 5.248124e-01  3.014397e-02 
 5.251340e-01  3.014397e-02 
 5.254555e-01  3.014398e-02 
 5.257771e-01  3.014399e-02 
 5.260986e-01  3.014400e-02 
 5.264202e-01  3.014401e-02 
 5.267417e-01  3.014402e-02 
 5.270633e-01  3.014403e-02 
 5.273848e-01  3.014404e-02 
 5.277064e-01  3.014405e-02 
 5.280280e-01  3.014406e-02 
 5.283495e-01  3.014407e-02 
 5.286711e-01  3.014408e-02 
 5.289926e-01  3.014409e-02 
 5.293142e-01  3.014409e-02 
 5.296357e-01  3.014410e-02 
 5.299573e-01  3.014411e-02 
 5.302789e-01  3.014412e-02 
 5.306004e-01  3.014414e-02 
 5.309220e-01  3.014415e-02 
 5.312435e-01  3.014416e-02 
 5.315651e-01  3.014417e-02 
 5.318866e-01  3.014418e-02 
 5.322082e-01  3.014419e-02 
 5.325298e-01  3.014420e-02 
 5.328513e-01  3.014421e-02 
 5.331729e-01  3.014422e-02 
 5.334944e-01  3.014423e-02 
 5.338160e-01  3.014424e-02 
 5.341375e-01  3.014425e-02 
 5.344591e-01  3.014427e-02 
 5.347806e-01  3.014428e-02 
 5.351022e-01  3.014429e-02 
 5.354238e-01  3.014430e-02 
 5.357453e-01  3.014431e-02 
 5.360669e-01  3.014432e-02 
 5.363884e-01  3.014434e-02 
 5.367100e-01  3.014435e-02 
 5.370315e-01  3.014436e-02 
 5.373531e-01  3.014437e-02 
 5.376747e-01  3.014438e-02 
 5.379962e-01  3.014440e-02 
 5.383178e-01  3.014441e-02 
 5.386393e-01  3.014442e-02 
 5.389609e-01  3.014443e-02 
 5.392824e-01  3.014445e-02 
 5.396040e-01  3.014446e-02 
 5.399256e-01  3.014447e-02 
 5.402471e-01  3.014449e-02 
 5.405687e-01  3.014450e-02 
 5.408902e-01  3.014451e-02 
 5.412118e-01  3.014453e-02 
 5.415333e-01  3.014454e-02 
 5.418549e-01  3.014455e-02 
 5.421764e-01  3.014457e-02 
 5.424980e-01  3.014458e-02 
 5.428196e-01  3.014460e-02 
 5.431411e-01  3.014461e-02 
 5.434627e-01  3.014462e-02 
 5.437842e-01  3.014464e-02 
 5.441058e-01  3.014465e-02 
 5.444273e-01  3.014467e-02 
 5.447489e-01  3.014468e-02 
 5.450705e-01  3.014470e-02 
 5.453920e-01  3.014471e-02 
 5.457136e-01  3.014473e-02 
 5.460351e-01  3.014474e-02 
 5.463567e-01  3.014476e-02 
 5.466782e-01  3.014477e-02 
 5.469998e-01  3.014479e-02 
 5.473213e-01  3.014480e-02 
 5.476429e-01  3.014482e-02 
 5.479645e-01  3.014483e-02 
 5.482860e-01  3.014485e-02 
 5.486076e-01  3.014486e-02 
 5.489291e-01  3.014488e-02 
 5.492507e-01  3.014489e-02 
 5.495722e-01  3.014491e-02 
 5.498938e-01  3.014493e-02 
 5.502154e-01  3.014494e-02 
 5.505369e-01  3.014496e-02 
 5.508585e-01  3.014497e-02 
 5.511800e-01  3.014499e-02 
 5.515016e-01  3.014501e-02 
 5.518231e-01  3.014502e-02 
 5.521447e-01  3.014504e-02 
 5.524663e-01  3.014506e-02 
 5.527878e-01  3.014507e-02 
 5.531094e-01  3.014509e-02 
 5.534309e-01  3.014511e-02 
 5.537525e-01  3.014512e-02 
 5.540740e-01  3.014514e-02 
 5.543956e-01  3.014516e-02 
 5.547171e-01  3.014517e-02 
 5.550387e-01  3.014519e-02 
 5.553603e-01  3.014521e-02 
 5.556818e-01  3.014523e-02 
 5.560034e-01  3.014524e-02 
 5.563249e-01  3.014526e-02 
 5.566465e-01  3.014528e-02 
 5.569680e-01  3.014530e-02 
 5.572896e-01  3.014531e-02 
 5.576112e-01  3.014533e-02 
 5.579327e-01  3.014535e-02 
 5.582543e-01  3.014537e-02 
 5.585758e-01  3.014538e-02 
 5.588974e-01  3.014540e-02 
 5.592189e-01  3.014542e-02 
 5.595405e-01  3.014544e-02 
 5.598621e-01  3.014546e-02 
 5.601836e-01  3.014547e-02 
 5.605052e-01  3.014549e-02 
 5.608267e-01  3.014551e-02 
 5.611483e-01  3.014553e-02 
 5.614698e-01  3.014555e-02 
 5.617914e-01  3.014556e-02 
 5.621129e-01  3.014558e-02 
 5.624345e-01  3.014560e-02 
 5.627561e-01  3.014562e-02 
 5.630776e-01  3.014564e-02 
 5.633992e-01  3.014566e-02 
 5.637207e-01  3.014567e-02 
 5.640423e-01  3.014569e-02 
 5.643638e-01  3.014571e-02 
 5.646854e-01  3.014573e-02 
 5.650070e-01  3.014575e-02 
 5.653285e-01  3.014577e-02 
 5.656501e-01  3.014579e-02 
 5.659716e-01  3.014581e-02 
 5.662932e-01  3.014582e-02 
 5.666147e-01  3.014584e-02 
 5.669363e-01  3.014586e-02 
 5.672579e-01  3.014588e-02 
 5.675794e-01  3.014590e-02 
 5.679010e-01  3.014592e-02 
 5.682225e-01  3.014594e-02 
 5.685441e-01  3.014596e-02 
 5.688656e-01  3.014598e-02 
 5.691872e-01  3.014600e-02 
 5.695087e-01  3.014602e-02 
 5.698303e-01  3.014604e-02 
 5.701519e-01  3.014605e-02 
 5.704734e-01  3.014607e-02 
 5.707950e-01  3.014609e-02 
 5.711165e-01  3.014611e-02 
 5.714381e-01  3.014613e-02 
 5.717596e-01  3.014615e-02 
 5.720812e-01  3.014617e-02 
 5.724028e-01  3.014619e-02 
 5.727243e-01  3.014621e-02 
 5.730459e-01  3.014623e-02 
 5.733674e-01  3.014625e-02 
 5.736890e-01  3.014627e-02 
 5.740105e-01  3.014629e-02 
 5.743321e-01  3.014631e-02 
 5.746537e-01  3.014633e-02 
 5.749752e-01  3.014635e-02 
 5.752968e-01  3.014637e-02 
 5.756183e-01  3.014639e-02 
 5.759399e-01  3.014641e-02 
 5.762614e-01  3.014643e-02 
 5.765830e-01  3.014645e-02 
 5.769045e-01  3.014647e-02 
 5.772261e-01  3.014649e-02 
 5.775477e-01  3.014651e-02 
 5.778692e-01  3.014653e-02 
 5.781908e-01  3.014655e-02 
 5.785123e-01  3.014657e-02 
 5.788339e-01  3.014659e-02 
 5.791554e-01  3.014661e-02 
 5.794770e-01  3.014664e-02 
 5.797986e-01  3.014666e-02 
 5.801201e-01  3.014668e-02 
 5.804417e-01  3.014670e-02 
 5.807632e-01  3.014672e-02 
 5.810848e-01  3.014674e-02 
 5.814063e-01  3.014676e-02 
 5.817279e-01  3.014678e-02 
 5.820495e-01  3.014680e-02 
 5.823710e-01  3.014682e-02 
 5.826926e-01  3.014684e-02 
 5.830141e-01  3.014686e-02 
 5.833357e-01  3.014688e-02 
 5.836572e-01  3.014690e-02 
 5.839788e-01  3.014693e-02 
 5.843003e-01  3.014695e-02 
 5.846219e-01  3.014697e-02 
 5.849435e-01  3.014699e-02 
 5.852650e-01  3.014701e-02 
 5.855866e-01  3.014703e-02 
 5.859081e-01  3.014705e-02 
 5.862297e-01  3.014707e-02 
 5.865512e-01  3.014709e-02 
 5.868728e-01  3.014711e-02 
 5.871944e-01  3.014714e-02 
 5.875159e-01  3.014716e-02 
 5.878375e-01  3.014718e-02 
 5.881590e-01  3.014720e-02 
 5.884806e-01  3.014722e-02 
 5.888021e-01  3.014724e-02 
 5.891237e-01  3.014726e-02 
 5.894453e-01  3.014728e-02 
 5.897668e-01  3.014731e-02 
 5.900884e-01  3.014733e-02 
 5.904099e-01  3.014735e-02 
 5.907315e-01  3.014737e-02 
 5.910530e-01  3.014739e-02 
 5.913746e-01  3.014741e-02 
 5.916961e-01  3.014743e-02 
 5.920177e-01  3.014746e-02 
 5.923393e-01  3.014748e-02 
 5.926608e-01  3.014750e-02 
 5.929824e-01  3.014752e-02 
 5.933039e-01  3.014754e-02 
 5.936255e-01  3.014756e-02 
 5.939470e-01  3.014758e-02 
 5.942686e-01  3.014761e-02 
 5.945902e-01  3.014763e-02 
 5.949117e-01  3.014765e-02 
 5.952333e-01  3.014767e-02 
 5.955548e-01  3.014769e-02 
 5.958764e-01  3.014771e-02 
 5.961979e-01  3.014774e-02 
 5.965195e-01  3.014776e-02 
 5.968410e-01  3.014778e-02 
 5.971626e-01  3.014780e-02 
 5.974842e-01  3.014782e-02 
 5.978057e-01  3.014784e-02 
 5.981273e-01  3.014786e-02 
 5.984488e-01  3.014789e-02 
 5.987704e-01  3.014791e-02 
 5.990919e-01  3.014793e-02 
 5.994135e-01  3.014795e-02 
 5.997351e-01  3.014797e-02 
 6.000566e-01  3.014799e-02 
 6.003782e-01  3.014802e-02 
 6.006997e-01  3.014804e-02 
 6.010213e-01  3.014806e-02 
 6.013428e-01  3.014808e-02 
 6.016644e-01  3.014810e-02 
 6.019860e-01  3.014812e-02 
 6.023075e-01  3.014815e-02 
 6.026291e-01  3.014817e-02 
 6.029506e-01  3.014819e-02 
 6.032722e-01  3.014821e-02 
 6.035937e-01  3.014823e-02 
 6.039153e-01  3.014825e-02 
 6.042368e-01  3.014828e-02 
 6.045584e-01  3.014830e-02 
 6.048800e-01  3.014832e-02 
 6.052015e-01  3.014834e-02 
 6.055231e-01  3.014836e-02 
 6.058446e-01  3.014838e-02 
 6.061662e-01  3.014841e-02 
 6.064877e-01  3.014843e-02 
 6.068093e-01  3.014845e-02 
 6.071309e-01  3.014847e-02 
 6.074524e-01  3.014849e-02 
 6.077740e-01  3.014851e-02 
 6.080955e-01  3.014854e-02 
 6.084171e-01  3.014856e-02 
 6.087386e-01  3.014858e-02 
 6.090602e-01  3.014860e-02 
 6.093818e-01  3.014862e-02 
 6.097033e-01  3.014864e-02 
 6.100249e-01  3.014867e-02 
 6.103464e-01  3.014869e-02 
 6.106680e-01  3.014871e-02 
 6.109895e-01  3.014873e-02 
 6.113111e-01  3.014875e-02 
 6.116326e-01  3.014877e-02 
 6.119542e-01  3.014880e-02 
 6.122758e-01  3.014882e-02 
 6.125973e-01  3.014884e-02 
 6.129189e-01  3.014886e-02 
 6.132404e-01  3.014888e-02 
 6.135620e-01  3.014890e-02 
 6.138835e-01  3.014893e-02 
 6.142051e-01  3.014895e-02 
 6.145267e-01  3.014897e-02 
 6.148482e-01  3.014899e-02 
 6.151698e-01  3.014901e-02 
 6.154913e-01  3.014903e-02 
 6.158129e-01  3.014906e-02 
 6.161344e-01  3.014908e-02 
 6.164560e-01  3.014910e-02 
 6.167776e-01  3.014912e-02 
 6.170991e-01  3.014914e-02 
 6.174207e-01  3.014916e-02 
 6.177422e-01  3.014918e-02 
 6.180638e-01  3.014921e-02 
 6.183853e-01  3.014923e-02 
 6.187069e-01  3.014925e-02 
 6.190284e-01  3.014927e-02 
 6.193500e-01  3.014929e-02 
 6.196716e-01  3.014931e-02 
 6.199931e-01  3.014933e-02 
 6.203147e-01  3.014936e-02 
 6.206362e-01  3.014938e-02 
 6.209578e-01  3.014940e-02 
 6.212793e-01  3.014942e-02 
 6.216009e-01  3.014944e-02 
 6.219225e-01  3.014946e-02 
 6.222440e-01  3.014948e-02 
 6.225656e-01  3.014951e-02 
 6.228871e-01  3.014953e-02 
 6.232087e-01  3.014955e-02 
 6.235302e-01  3.014957e-02 
 6.238518e-01  3.014959e-02 
 6.241734e-01  3.014961e-02 
 6.244949e-01  3.014963e-02 
 6.248165e-01  3.014965e-02 
 6.251380e-01  3.014967e-02 
 6.254596e-01  3.014969e-02 
 6.257811e-01  3.014972e-02 
 6.261027e-01  3.014974e-02 
 6.264242e-01  3.014976e-02 
 6.267458e-01  3.014978e-02 
 6.270674e-01  3.014980e-02 
 6.273889e-01  3.014982e-02 
 6.277105e-01  3.014984e-02 
 6.280320e-01  3.014986e-02 
 6.283536e-01  3.014988e-02 
 6.286751e-01  3.014990e-02 
 6.289967e-01  3.014992e-02 
 6.293183e-01  3.014994e-02 
 6.296398e-01  3.014996e-02 
 6.299614e-01  3.014998e-02 
 6.302829e-01  3.015000e-02 
 6.306045e-01  3.015002e-02 
 6.309260e-01  3.015004e-02 
 6.312476e-01  3.015006e-02 
 6.315692e-01  3.015008e-02 
 6.318907e-01  3.015010e-02 
 6.322123e-01  3.015012e-02 
 6.325338e-01  3.015014e-02 
 6.328554e-01  3.015016e-02 
 6.331769e-01  3.015018e-02 
 6.334985e-01  3.015020e-02 
 6.338200e-01  3.015022e-02 
 6.341416e-01  3.015024e-02 
 6.344632e-01  3.015026e-02 
 6.347847e-01  3.015028e-02 
 6.351063e-01  3.015030e-02 
 6.354278e-01  3.015032e-02 
 6.357494e-01  3.015034e-02 
 6.360709e-01  3.015036e-02 
 6.363925e-01  3.015038e-02 
 6.367141e-01  3.015039e-02 
 6.370356e-01  3.015041e-02 
 6.373572e-01  3.015043e-02 
 6.376787e-01  3.015045e-02 
 6.380003e-01  3.015047e-02 
 6.383218e-01  3.015049e-02 
 6.386434e-01  3.015051e-02 
 6.389650e-01  3.015053e-02 
 6.392865e-01  3.015055e-02 
 6.396081e-01  3.015056e-02 
 6.399296e-01  3.015058e-02 
 6.402512e-01  3.015060e-02 
 6.405727e-01  3.015062e-02 
 6.408943e-01  3.015064e-02 
 6.412158e-01  3.015066e-02 
 6.415374e-01  3.015068e-02 
 6.418590e-01  3.015069e-02 
 6.421805e-01  3.015071e-02 
 6.425021e-01  3.015073e-02 
 6.428236e-01  3.015075e-02 
 6.431452e-01  3.015077e-02 
 6.434667e-01  3.015078e-02 
 6.437883e-01  3.015080e-02 
 6.441099e-01  3.015082e-02 
 6.444314e-01  3.015084e-02 
 6.447530e-01  3.015086e-02 
 6.450745e-01  3.015088e-02 
 6.453961e-01  3.015089e-02 
 6.457176e-01  3.015091e-02 
 6.460392e-01  3.015093e-02 
 6.463608e-01  3.015095e-02 
 6.466823e-01  3.015096e-02 
 6.470039e-01  3.015098e-02 
 6.473254e-01  3.015100e-02 
 6.476470e-01  3.015102e-02 
 6.479685e-01  3.015104e-02 
 6.482901e-01  3.015105e-02 
 6.486116e-01  3.015107e-02 
 6.489332e-01  3.015109e-02 
 6.492548e-01  3.015111e-02 
 6.495763e-01  3.015112e-02 
 6.498979e-01  3.015114e-02 
 6.502194e-01  3.015116e-02 
 6.505410e-01  3.015118e-02 
 6.508625e-01  3.015119e-02 
 6.511841e-01  3.015121e-02 
 6.515057e-01  3.015123e-02 
 6.518272e-01  3.015125e-02 
 6.521488e-01  3.015126e-02 
 6.524703e-01  3.015128e-02 
 6.527919e-01  3.015130e-02 
 6.531134e-01  3.015132e-02 
 6.534350e-01  3.015133e-02 
 6.537566e-01  3.015135e-02 
 6.540781e-01  3.015137e-02 
 6.543997e-01  3.015138e-02 
 6.547212e-01  3.015140e-02 
 6.550428e-01  3.015142e-02 
 6.553643e-01  3.015144e-02 
 6.556859e-01  3.015145e-02 
 6.560074e-01  3.015147e-02 
 6.563290e-01  3.015149e-02 
 6.566506e-01  3.015150e-02 
 6.569721e-01  3.015152e-02 
 6.572937e-01  3.015154e-02 
 6.576152e-01  3.015155e-02 
 6.579368e-01  3.015157e-02 
 6.582583e-01  3.015159e-02 
 6.585799e-01  3.015160e-02 
 6.589015e-01  3.015162e-02 
 6.592230e-01  3.015164e-02 
 6.595446e-01  3.015165e-02 
 6.598661e-01  3.015167e-02 
 6.601877e-01  3.015169e-02 
 6.605092e-01  3.015170e-02 
 6.608308e-01  3.015172e-02 
 6.611524e-01  3.015174e-02 
 6.614739e-01  3.015175e-02 
 6.617955e-01  3.015177e-02 
 6.621170e-01  3.015178e-02 
 6.624386e-01  3.015180e-02 
 6.627601e-01  3.015182e-02 
 6.630817e-01  3.015183e-02 
 6.634032e-01  3.015185e-02 
 6.637248e-01  3.015186e-02 
 6.640464e-01  3.015188e-02 
 6.643679e-01  3.015190e-02 
 6.646895e-01  3.015191e-02 
 6.650110e-01  3.015193e-02 
 6.653326e-01  3.015194e-02 
 6.656541e-01  3.015196e-02 
 6.659757e-01  3.015197e-02 
 6.662973e-01  3.015199e-02 
 6.666188e-01  3.015200e-02 
 6.669404e-01  3.015202e-02 
 6.672619e-01  3.015203e-02 
 6.675835e-01  3.015205e-02 
 6.679050e-01  3.015206e-02 
 6.682266e-01  3.015208e-02 
 6.685482e-01  3.015209e-02 
 6.688697e-01  3.015211e-02 
 6.691913e-01  3.015212e-02 
 6.695128e-01  3.015214e-02 
 6.698344e-01  3.015215e-02 
 6.701559e-01  3.015217e-02 
 6.704775e-01  3.015218e-02 
 6.707990e-01  3.015219e-02 
 6.711206e-01  3.015221e-02 
 6.714422e-01  3.015222e-02 
 6.717637e-01  3.015224e-02 
 6.720853e-01  3.015225e-02 
 6.724068e-01  3.015226e-02 
 6.727284e-01  3.015228e-02 
 6.730499e-01  3.015229e-02 
 6.733715e-01  3.015230e-02 
 6.736931e-01  3.015232e-02 
 6.740146e-01  3.015233e-02 
 6.743362e-01  3.015234e-02 
 6.746577e-01  3.015236e-02 
 6.749793e-01  3.015237e-02 
 6.753008e-01  3.015238e-02 
 6.756224e-01  3.015239e-02 
 6.759440e-01  3.015241e-02 
 6.762655e-01  3.015242e-02 
 6.765871e-01  3.015243e-02 
 6.769086e-01  3.015244e-02 
 6.772302e-01  3.015246e-02 
 6.775517e-01  3.015247e-02 
 6.778733e-01  3.015248e-02 
 6.781948e-01  3.015249e-02 
 6.785164e-01  3.015250e-02 
 6.788380e-01  3.015251e-02 
 6.791595e-01  3.015253e-02 
 6.794811e-01  3.015254e-02 
 6.798026e-01  3.015255e-02 
 6.801242e-01  3.015256e-02 
 6.804457e-01  3.015257e-02 
 6.807673e-01  3.015258e-02 
 6.810889e-01  3.015259e-02 
 6.814104e-01  3.015260e-02 
 6.817320e-01  3.015261e-02 
 6.820535e-01  3.015262e-02 
 6.823751e-01  3.015263e-02 
 6.826966e-01  3.015264e-02 
 6.830182e-01  3.015265e-02 
 6.833398e-01  3.015266e-02 
 6.836613e-01  3.015267e-02 
 6.839829e-01  3.015268e-02 
 6.843044e-01  3.015269e-02 
 6.846260e-01  3.015270e-02 
 6.849475e-01  3.015271e-02 
 6.852691e-01  3.015272e-02 
 6.855906e-01  3.015273e-02 
 6.859122e-01  3.015274e-02 
 6.862338e-01  3.015275e-02 
 6.865553e-01  3.015276e-02 
 6.868769e-01  3.015277e-02 
 6.871984e-01  3.015278e-02 
 6.875200e-01  3.015279e-02 
 6.878415e-01  3.015279e-02 
 6.881631e-01  3.015280e-02 
 6.884847e-01  3.015281e-02 
 6.888062e-01  3.015282e-02 
 6.891278e-01  3.015283e-02 
 6.894493e-01  3.015284e-02 
 6.897709e-01  3.015284e-02 
 6.900924e-01  3.015285e-02 
 6.904140e-01  3.015286e-02 
 6.907356e-01  3.015287e-02 
 6.910571e-01  3.015288e-02 
 6.913787e-01  3.015288e-02 
 6.917002e-01  3.015289e-02 
 6.920218e-01  3.015290e-02 
 6.923433e-01  3.015291e-02 
 6.926649e-01  3.015291e-02 
 6.929864e-01  3.015292e-02 
 6.933080e-01  3.015293e-02 
 6.936296e-01  3.015294e-02 
 6.939511e-01  3.015294e-02 
 6.942727e-01  3.015295e-02 
 6.945942e-01  3.015296e-02 
 6.949158e-01  3.015296e-02 
 6.952373e-01  3.015297e-02 
 6.955589e-01  3.015298e-02 
 6.958805e-01  3.015298e-02 
 6.962020e-01  3.015299e-02 
 6.965236e-01  3.015300e-02 
 6.968451e-01  3.015300e-02 
 6.971667e-01  3.015301e-02 
 6.974882e-01  3.015302e-02 
 6.978098e-01  3.015302e-02 
 6.981314e-01  3.015303e-02 
 6.984529e-01  3.015303e-02 
 6.987745e-01  3.015304e-02 
 6.990960e-01  3.015305e-02 
 6.994176e-01  3.015305e-02 
 6.997391e-01  3.015306e-02 
 7.000607e-01  3.015306e-02 
 7.003822e-01  3.015307e-02 
 7.007038e-01  3.015307e-02 
 7.010254e-01  3.015308e-02 
 7.013469e-01  3.015308e-02 
 7.016685e-01  3.015309e-02 
 7.019900e-01  3.015309e-02 
 7.023116e-01  3.015310e-02 
 7.026331e-01  3.015310e-02 
 7.029547e-01  3.015311e-02 
 7.032763e-01  3.015311e-02 
 7.035978e-01  3.015312e-02 
 7.039194e-01  3.015312e-02 
 7.042409e-01  3.015312e-02 
 7.045625e-01  3.015313e-02 
 7.048840e-01  3.015313e-02 
 7.052056e-01  3.015314e-02 
 7.055272e-01  3.015314e-02 
 7.058487e-01  3.015314e-02 
 7.061703e-01  3.015315e-02 
 7.064918e-01  3.015315e-02 
 7.068134e-01  3.015315e-02 
 7.071349e-01  3.015316e-02 
 7.074565e-01  3.015316e-02 
 7.077780e-01  3.015316e-02 
 7.080996e-01  3.015317e-02 
 7.084212e-01  3.015317e-02 
 7.087427e-01  3.015317e-02 
 7.090643e-01  3.015317e-02 
 7.093858e-01  3.015318e-02 
 7.097074e-01  3.015318e-02 
 7.100289e-01  3.015318e-02 
 7.103505e-01  3.015318e-02 
 7.106721e-01  3.015319e-02 
 7.109936e-01  3.015319e-02 
 7.113152e-01  3.015319e-02 
 7.116367e-01  3.015319e-02 
 7.119583e-01  3.015319e-02 
 7.122798e-01  3.015319e-02 
 7.126014e-01  3.015320e-02 
 7.129230e-01  3.015320e-02 
 7.132445e-01  3.015320e-02 
 7.135661e-01  3.015320e-02 
 7.138876e-01  3.015320e-02 
 7.142092e-01  3.015320e-02 
 7.145307e-01  3.015320e-02 
 7.148523e-01  3.015320e-02 
 7.151738e-01  3.015320e-02 
 7.154954e-01  3.015320e-02 
 7.158170e-01  3.015321e-02 
 7.161385e-01  3.015321e-02 
 7.164601e-01  3.015321e-02 
 7.167816e-01  3.015321e-02 
 7.171032e-01  3.015321e-02 
 7.174247e-01  3.015321e-02 
 7.177463e-01  3.015321e-02 
 7.180679e-01  3.015321e-02 
 7.183894e-01  3.015321e-02 
 7.187110e-01  3.015320e-02 
 7.190325e-01  3.015320e-02 
 7.193541e-01  3.015320e-02 
 7.196756e-01  3.015320e-02 
 7.199972e-01  3.015320e-02 
 7.203188e-01  3.015320e-02 
 7.206403e-01  3.015320e-02 
 7.209619e-01  3.015320e-02 
 7.212834e-01  3.015320e-02 
 7.216050e-01  3.015320e-02 
 7.219265e-01  3.015319e-02 
 7.222481e-01  3.015319e-02 
 7.225696e-01  3.015319e-02 
 7.228912e-01  3.015319e-02 
 7.232128e-01  3.015319e-02 
 7.235343e-01  3.015319e-02 
 7.238559e-01  3.015318e-02 
 7.241774e-01  3.015318e-02 
 7.244990e-01  3.015318e-02 
 7.248205e-01  3.015318e-02 
 7.251421e-01  3.015318e-02 
 7.254637e-01  3.015317e-02 
 7.257852e-01  3.015317e-02 
 7.261068e-01  3.015317e-02 
 7.264283e-01  3.015317e-02 
 7.267499e-01  3.015316e-02 
 7.270714e-01  3.015316e-02 
 7.273930e-01  3.015316e-02 
 7.277146e-01  3.015315e-02 
 7.280361e-01  3.015315e-02 
 7.283577e-01  3.015315e-02 
 7.286792e-01  3.015314e-02 
 7.290008e-01  3.015314e-02 
 7.293223e-01  3.015314e-02 
 7.296439e-01  3.015313e-02 
 7.299654e-01  3.015313e-02 
 7.302870e-01  3.015313e-02 
 7.306086e-01  3.015312e-02 
 7.309301e-01  3.015312e-02 
 7.312517e-01  3.015311e-02 
 7.315732e-01  3.015311e-02 
 7.318948e-01  3.015311e-02 
 7.322163e-01  3.015310e-02 
 7.325379e-01  3.015310e-02 
 7.328595e-01  3.015309e-02 
 7.331810e-01  3.015309e-02 
 7.335026e-01  3.015308e-02 
 7.338241e-01  3.015308e-02 
 7.341457e-01  3.015307e-02 
 7.344672e-01  3.015307e-02 
 7.347888e-01  3.015306e-02 
 7.351104e-01  3.015306e-02 
 7.354319e-01  3.015305e-02 
 7.357535e-01  3.015305e-02 
 7.360750e-01  3.015304e-02 
 7.363966e-01  3.015304e-02 
 7.367181e-01  3.015303e-02 
 7.370397e-01  3.015303e-02 
 7.373612e-01  3.015302e-02 
 7.376828e-01  3.015301e-02 
 7.380044e-01  3.015301e-02 
 7.383259e-01  3.015300e-02 
 7.386475e-01  3.015300e-02 
 7.389690e-01  3.015299e-02 
 7.392906e-01  3.015298e-02 
 7.396121e-01  3.015298e-02 
 7.399337e-01  3.015297e-02 
 7.402553e-01  3.015297e-02 
 7.405768e-01  3.015296e-02 
 7.408984e-01  3.015295e-02 
 7.412199e-01  3.015295e-02 
 7.415415e-01  3.015294e-02 
 7.418630e-01  3.015293e-02 
 7.421846e-01  3.015293e-02 
 7.425062e-01  3.015292e-02 
 7.428277e-01  3.015291e-02 
 7.431493e-01  3.015291e-02 
 7.434708e-01  3.015290e-02 
 7.437924e-01  3.015289e-02 
 7.441139e-01  3.015288e-02 
 7.444355e-01  3.015288e-02 
 7.447571e-01  3.015287e-02 
 7.450786e-01  3.015286e-02 
 7.454002e-01  3.015286e-02 
 7.457217e-01  3.015285e-02 
 7.460433e-01  3.015284e-02 
 7.463648e-01  3.015283e-02 
 7.466864e-01  3.015283e-02 
 7.470079e-01  3.015282e-02 
 7.473295e-01  3.015281e-02 
 7.476511e-01  3.015280e-02 
 7.479726e-01  3.015280e-02 
 7.482942e-01  3.015279e-02 
 7.486157e-01  3.015278e-02 
 7.489373e-01  3.015277e-02 
 7.492588e-01  3.015276e-02 
 7.495804e-01  3.015276e-02 
 7.499020e-01  3.015275e-02 
 7.502235e-01  3.015274e-02 
 7.505451e-01  3.015273e-02 
 7.508666e-01  3.015272e-02 
 7.511882e-01  3.015272e-02 
 7.515097e-01  3.015271e-02 
 7.518313e-01  3.015270e-02 
 7.521529e-01  3.015269e-02 
 7.524744e-01  3.015268e-02 
 7.527960e-01  3.015268e-02 
 7.531175e-01  3.015267e-02 
 7.534391e-01  3.015266e-02 
 7.537606e-01  3.015265e-02 
 7.540822e-01  3.015264e-02 
 7.544037e-01  3.015263e-02 
 7.547253e-01  3.015263e-02 
 7.550469e-01  3.015262e-02 
 7.553684e-01  3.015261e-02 
 7.556900e-01  3.015260e-02 
 7.560115e-01  3.015259e-02 
 7.563331e-01  3.015258e-02 
 7.566546e-01  3.015258e-02 
 7.569762e-01  3.015257e-02 
 7.572978e-01  3.015256e-02 
 7.576193e-01  3.015255e-02 
 7.579409e-01  3.015254e-02 
 7.582624e-01  3.015253e-02 
 7.585840e-01  3.015253e-02 
 7.589055e-01  3.015252e-02 
 7.592271e-01  3.015251e-02 
 7.595487e-01  3.015250e-02 
 7.598702e-01  3.015249e-02 
 7.601918e-01  3.015248e-02 
 7.605133e-01  3.015247e-02 
 7.608349e-01  3.015247e-02 
 7.611564e-01  3.015246e-02 
 7.614780e-01  3.015245e-02 
 7.617995e-01  3.015244e-02 
 7.621211e-01  3.015243e-02 
 7.624427e-01  3.015242e-02 
 7.627642e-01  3.015241e-02 
 7.630858e-01  3.015241e-02 
 7.634073e-01  3.015240e-02 
 7.637289e-01  3.015239e-02 
 7.640504e-01  3.015238e-02 
 7.643720e-01  3.015237e-02 
 7.646936e-01  3.015236e-02 
 7.650151e-01  3.015235e-02 
 7.653367e-01  3.015234e-02 
 7.656582e-01  3.015234e-02 
 7.659798e-01  3.015233e-02 
 7.663013e-01  3.015232e-02 
 7.666229e-01  3.015231e-02 
 7.669445e-01  3.015230e-02 
 7.672660e-01  3.015229e-02 
 7.675876e-01  3.015228e-02 
 7.679091e-01  3.015228e-02 
 7.682307e-01  3.015227e-02 
 7.685522e-01  3.015226e-02 
 7.688738e-01  3.015225e-02 
 7.691953e-01  3.015224e-02 
 7.695169e-01  3.015223e-02 
 7.698385e-01  3.015222e-02 
 7.701600e-01  3.015221e-02 
 7.704816e-01  3.015221e-02 
 7.708031e-01  3.015220e-02 
 7.711247e-01  3.015219e-02 
 7.714462e-01  3.015218e-02 
 7.717678e-01  3.015217e-02 
 7.720894e-01  3.015216e-02 
 7.724109e-01  3.015215e-02 
 7.727325e-01  3.015214e-02 
 7.730540e-01  3.015214e-02 
 7.733756e-01  3.015213e-02 
 7.736971e-01  3.015212e-02 
 7.740187e-01  3.015211e-02 
 7.743403e-01  3.015210e-02 
 7.746618e-01  3.015209e-02 
 7.749834e-01  3.015208e-02 
 7.753049e-01  3.015207e-02 
 7.756265e-01  3.015206e-02 
 7.759480e-01  3.015205e-02 
 7.762696e-01  3.015204e-02 
 7.765911e-01  3.015204e-02 
 7.769127e-01  3.015203e-02 
 7.772343e-01  3.015202e-02 
 7.775558e-01  3.015201e-02 
 7.778774e-01  3.015200e-02 
 7.781989e-01  3.015199e-02 
 7.785205e-01  3.015198e-02 
 7.788420e-01  3.015197e-02 
 7.791636e-01  3.015196e-02 
 7.794852e-01  3.015195e-02 
 7.798067e-01  3.015194e-02 
 7.801283e-01  3.015193e-02 
 7.804498e-01  3.015192e-02 
 7.807714e-01  3.015191e-02 
 7.810929e-01  3.015190e-02 
 7.814145e-01  3.015189e-02 
 7.817361e-01  3.015188e-02 
 7.820576e-01  3.015187e-02 
 7.823792e-01  3.015186e-02 
 7.827007e-01  3.015185e-02 
 7.830223e-01  3.015184e-02 
 7.833438e-01  3.015183e-02 
 7.836654e-01  3.015182e-02 
 7.839869e-01  3.015181e-02 
 7.843085e-01  3.015180e-02 
 7.846301e-01  3.015179e-02 
 7.849516e-01  3.015178e-02 
 7.852732e-01  3.015177e-02 
 7.855947e-01  3.015176e-02 
 7.859163e-01  3.015175e-02 
 7.862378e-01  3.015174e-02 
 7.865594e-01  3.015173e-02 
 7.868810e-01  3.015172e-02 
 7.872025e-01  3.015171e-02 
 7.875241e-01  3.015170e-02 
 7.878456e-01  3.015169e-02 
 7.881672e-01  3.015168e-02 
 7.884887e-01  3.015167e-02 
 7.888103e-01  3.015166e-02 
 7.891319e-01  3.015165e-02 
 7.894534e-01  3.015164e-02 
 7.897750e-01  3.015163e-02 
 7.900965e-01  3.015161e-02 
 7.904181e-01  3.015160e-02 
 7.907396e-01  3.015159e-02 
 7.910612e-01  3.015158e-02 
 7.913827e-01  3.015157e-02 
 7.917043e-01  3.015156e-02 
 7.920259e-01  3.015155e-02 
 7.923474e-01  3.015154e-02 
 7.926690e-01  3.015153e-02 
 7.929905e-01  3.015152e-02 
 7.933121e-01  3.015151e-02 
 7.936336e-01  3.015149e-02 
 7.939552e-01  3.015148e-02 
 7.942768e-01  3.015147e-02 
 7.945983e-01  3.015146e-02 
 7.949199e-01  3.015145e-02 
 7.952414e-01  3.015144e-02 
 7.955630e-01  3.015143e-02 
 7.958845e-01  3.015142e-02 
 7.962061e-01  3.015140e-02 
 7.965277e-01  3.015139e-02 
 7.968492e-01  3.015138e-02 
 7.971708e-01  3.015137e-02 
 7.974923e-01  3.015136e-02 
 7.978139e-01  3.015135e-02 
 7.981354e-01  3.015134e-02 
 7.984570e-01  3.015133e-02 
 7.987785e-01  3.015131e-02 
 7.991001e-01  3.015130e-02 
 7.994217e-01  3.015129e-02 
 7.997432e-01  3.015128e-02 
 8.000648e-01  3.015127e-02 
 8.003863e-01  3.015126e-02 
 8.007079e-01  3.015124e-02 
 8.010294e-01  3.015123e-02 
 8.013510e-01  3.015122e-02 
 8.016726e-01  3.015121e-02 
 8.019941e-01  3.015120e-02 
 8.023157e-01  3.015119e-02 
 8.026372e-01  3.015117e-02 
 8.029588e-01  3.015116e-02 
 8.032803e-01  3.015115e-02 
 8.036019e-01  3.015114e-02 
 8.039235e-01  3.015113e-02 
 8.042450e-01  3.015111e-02 
 8.045666e-01  3.015110e-02 
 8.048881e-01  3.015109e-02 
 8.052097e-01  3.015108e-02 
 8.055312e-01  3.015107e-02 
 8.058528e-01  3.015106e-02 
 8.061743e-01  3.015104e-02 
 8.064959e-01  3.015103e-02 
 8.068175e-01  3.015102e-02 
 8.071390e-01  3.015101e-02 
 8.074606e-01  3.015099e-02 
 8.077821e-01  3.015098e-02 
 8.081037e-01  3.015097e-02 
 8.084252e-01  3.015096e-02 
 8.087468e-01  3.015095e-02 
 8.090684e-01  3.015093e-02 
 8.093899e-01  3.015092e-02 
 8.097115e-01  3.015091e-02 
 8.100330e-01  3.015090e-02 
 8.103546e-01  3.015088e-02 
 8.106761e-01  3.015087e-02 
 8.109977e-01  3.015086e-02 
 8.113193e-01  3.015085e-02 
 8.116408e-01  3.015083e-02 
 8.119624e-01  3.015082e-02 
 8.122839e-01  3.015081e-02 
 8.126055e-01  3.015080e-02 
 8.129270e-01  3.015078e-02 
 8.132486e-01  3.015077e-02 
 8.135701e-01  3.015076e-02 
 8.138917e-01  3.015075e-02 
 8.142133e-01  3.015073e-02 
 8.145348e-01  3.015072e-02 
 8.148564e-01  3.015071e-02 
 8.151779e-01  3.015069e-02 
 8.154995e-01  3.015068e-02 
 8.158210e-01  3.015067e-02 
 8.161426e-01  3.015066e-02 
 8.164642e-01  3.015064e-02 
 8.167857e-01  3.015063e-02 
 8.171073e-01  3.015062e-02 
 8.174288e-01  3.015060e-02 
 8.177504e-01  3.015059e-02 
 8.180719e-01  3.015058e-02 
 8.183935e-01  3.015056e-02 
 8.187151e-01  3.015055e-02 
 8.190366e-01  3.015054e-02 
 8.193582e-01  3.015052e-02 
 8.196797e-01  3.015051e-02 
 8.200013e-01  3.015050e-02 
 8.203228e-01  3.015048e-02 
 8.206444e-01  3.015047e-02 
 8.209659e-01  3.015046e-02 
 8.212875e-01  3.015044e-02 
 8.216091e-01  3.015043e-02 
 8.219306e-01  3.015042e-02 
 8.222522e-01  3.015040e-02 
 8.225737e-01  3.015039e-02 
 8.228953e-01  3.015038e-02 
 8.232168e-01  3.015036e-02 
 8.235384e-01  3.015035e-02 
 8.238600e-01  3.015034e-02 
 8.241815e-01  3.015032e-02 
 8.245031e-01  3.015031e-02 
 8.248246e-01  3.015029e-02 
 8.251462e-01  3.015028e-02 
 8.254677e-01  3.015027e-02 
 8.257893e-01  3.015025e-02 
 8.261109e-01  3.015024e-02 
 8.264324e-01  3.015023e-02 
 8.267540e-01  3.015021e-02 
 8.270755e-01  3.015020e-02 
 8.273971e-01  3.015018e-02 
 8.277186e-01  3.015017e-02 
 8.280402e-01  3.015016e-02 
 8.283617e-01  3.015014e-02 
 8.286833e-01  3.015013e-02 
 8.290049e-01  3.015011e-02 
 8.293264e-01  3.015010e-02 
 8.296480e-01  3.015009e-02 
 8.299695e-01  3.015007e-02 
 8.302911e-01  3.015006e-02 
 8.306126e-01  3.015004e-02 
 8.309342e-01  3.015003e-02 
 8.312558e-01  3.015001e-02 
 8.315773e-01  3.015000e-02 
 8.318989e-01  3.014999e-02 
 8.322204e-01  3.014997e-02 
 8.325420e-01  3.014996e-02 
 8.328635e-01  3.014994e-02 
 8.331851e-01  3.014993e-02 
 8.335067e-01  3.014991e-02 
 8.338282e-01  3.014990e-02 
 8.341498e-01  3.014989e-02 
 8.344713e-01  3.014987e-02 
 8.347929e-01  3.014986e-02 
 8.351144e-01  3.014984e-02 
 8.354360e-01  3.014983e-02 
 8.357575e-01  3.014981e-02 
 8.360791e-01  3.014980e-02 
 8.364007e-01  3.014978e-02 
 8.367222e-01  3.014977e-02 
 8.370438e-01  3.014975e-02 
 8.373653e-01  3.014974e-02 
 8.376869e-01  3.014973e-02 
 8.380084e-01  3.014971e-02 
 8.383300e-01  3.014970e-02 
 8.386516e-01  3.014968e-02 
 8.389731e-01  3.014967e-02 
 8.392947e-01  3.014965e-02 
 8.396162e-01  3.014964e-02 
 8.399378e-01  3.014962e-02 
 8.402593e-01  3.014961e-02 
 8.405809e-01  3.014959e-02 
 8.409025e-01  3.014958e-02 
 8.412240e-01  3.014956e-02 
 8.415456e-01  3.014955e-02 
 8.418671e-01  3.014953e-02 
 8.421887e-01  3.014952e-02 
 8.425102e-01  3.014950e-02 
 8.428318e-01  3.014949e-02 
 8.431533e-01  3.014947e-02 
 8.434749e-01  3.014946e-02 
 8.437965e-01  3.014944e-02 
 8.441180e-01  3.014943e-02 
 8.444396e-01  3.014941e-02 
 8.447611e-01  3.014940e-02 
 8.450827e-01  3.014938e-02 
 8.454042e-01  3.014937e-02 
 8.457258e-01  3.014935e-02 
 8.460474e-01  3.014933e-02 
 8.463689e-01  3.014932e-02 
 8.466905e-01  3.014930e-02 
 8.470120e-01  3.014929e-02 
 8.473336e-01  3.014927e-02 
 8.476551e-01  3.014926e-02 
 8.479767e-01  3.014924e-02 
 8.482983e-01  3.014923e-02 
 8.486198e-01  3.014921e-02 
 8.489414e-01  3.014919e-02 
 8.492629e-01  3.014918e-02 
 8.495845e-01  3.014916e-02 
 8.499060e-01  3.014915e-02 
 8.502276e-01  3.014913e-02 
 8.505491e-01  3.014912e-02 
 8.508707e-01  3.014910e-02 
 8.511923e-01  3.014908e-02 
 8.515138e-01  3.014907e-02 
 8.518354e-01  3.014905e-02 
 8.521569e-01  3.014904e-02 
 8.524785e-01  3.014902e-02 
 8.528000e-01  3.014900e-02 
 8.531216e-01  3.014899e-02 
 8.534432e-01  3.014897e-02 
 8.537647e-01  3.014896e-02 
 8.540863e-01  3.014894e-02 
 8.544078e-01  3.014892e-02 
 8.547294e-01  3.014891e-02 
 8.550509e-01  3.014889e-02 
 8.553725e-01  3.014887e-02 
 8.556941e-01  3.014886e-02 
 8.560156e-01  3.014884e-02 
 8.563372e-01  3.014883e-02 
 8.566587e-01  3.014881e-02 
 8.569803e-01  3.014879e-02 
 8.573018e-01  3.014878e-02 
 8.576234e-01  3.014876e-02 
 8.579449e-01  3.014874e-02 
 8.582665e-01  3.014873e-02 
 8.585881e-01  3.014871e-02 
 8.589096e-01  3.014870e-02 
 8.592312e-01  3.014868e-02 
 8.595527e-01  3.014866e-02 
 8.598743e-01  3.014865e-02 
 8.601958e-01  3.014863e-02 
 8.605174e-01  3.014861e-02 
 8.608390e-01  3.014860e-02 
 8.611605e-01  3.014858e-02 
 8.614821e-01  3.014857e-02 
 8.618036e-01  3.014855e-02 
 8.621252e-01  3.014853e-02 
 8.624467e-01  3.014852e-02 
 8.627683e-01  3.014850e-02 
 8.630898e-01  3.014848e-02 
 8.634114e-01  3.014847e-02 
 8.637330e-01  3.014845e-02 
 8.640545e-01  3.014844e-02 
 8.643761e-01  3.014842e-02 
 8.646976e-01  3.014840e-02 
 8.650192e-01  3.014839e-02 
 8.653407e-01  3.014837e-02 
 8.656623e-01  3.014836e-02 
 8.659839e-01  3.014834e-02 
 8.663054e-01  3.014832e-02 
 8.666270e-01  3.014831e-02 
 8.669485e-01  3.014829e-02 
 8.672701e-01  3.014828e-02 
 8.675916e-01  3.014826e-02 
 8.679132e-01  3.014824e-02 
 8.682348e-01  3.014823e-02 
 8.685563e-01  3.014821e-02 
 8.688779e-01  3.014820e-02 
 8.691994e-01  3.014818e-02 
 8.695210e-01  3.014816e-02 
 8.698425e-01  3.014815e-02 
 8.701641e-01  3.014813e-02 
 8.704856e-01  3.014812e-02 
 8.708072e-01  3.014810e-02 
 8.711288e-01  3.014809e-02 
 8.714503e-01  3.014807e-02 
 8.717719e-01  3.014805e-02 
 8.720934e-01  3.014804e-02 
 8.724150e-01  3.014802e-02 
 8.727365e-01  3.014801e-02 
 8.730581e-01  3.014799e-02 
 8.733797e-01  3.014798e-02 
 8.737012e-01  3.014796e-02 
 8.740228e-01  3.014795e-02 
 8.743443e-01  3.014793e-02 
 8.746659e-01  3.014791e-02 
 8.749874e-01  3.014790e-02 
 8.753090e-01  3.014788e-02 
 8.756306e-01  3.014787e-02 
 8.759521e-01  3.014785e-02 
 8.762737e-01  3.014784e-02 
 8.765952e-01  3.014782e-02 
 8.769168e-01  3.014781e-02 
 8.772383e-01  3.014779e-02 
 8.775599e-01  3.014778e-02 
 8.778814e-01  3.014776e-02 
 8.782030e-01  3.014774e-02 
 8.785246e-01  3.014773e-02 
 8.788461e-01  3.014771e-02 
 8.791677e-01  3.014770e-02 
 8.794892e-01  3.014768e-02 
 8.798108e-01  3.014767e-02 
 8.801323e-01  3.014765e-02 
 8.804539e-01  3.014764e-02 
 8.807755e-01  3.014762e-02 
 8.810970e-01  3.014761e-02 
 8.814186e-01  3.014759e-02 
 8.817401e-01  3.014758e-02 
 8.820617e-01  3.014756e-02 
 8.823832e-01  3.014754e-02 
 8.827048e-01  3.014753e-02 
 8.830264e-01  3.014751e-02 
 8.833479e-01  3.014750e-02 
 8.836695e-01  3.014748e-02 
 8.839910e-01  3.014747e-02 
 8.843126e-01  3.014745e-02 
 8.846341e-01  3.014744e-02 
 8.849557e-01  3.014742e-02 
 8.852772e-01  3.014741e-02 
 8.855988e-01  3.014739e-02 
 8.859204e-01  3.014737e-02 
 8.862419e-01  3.014736e-02 
 8.865635e-01  3.014734e-02 
 8.868850e-01  3.014733e-02 
 8.872066e-01  3.014731e-02 
 8.875281e-01  3.014730e-02 
 8.878497e-01  3.014728e-02 
 8.881713e-01  3.014727e-02 
 8.884928e-01  3.014725e-02 
 8.888144e-01  3.014723e-02 
 8.891359e-01  3.014722e-02 
 8.894575e-01  3.014720e-02 
 8.897790e-01  3.014719e-02 
 8.901006e-01  3.014717e-02 
 8.904222e-01  3.014716e-02 
 8.907437e-01  3.014714e-02 
 8.910653e-01  3.014712e-02 
 8.913868e-01  3.014711e-02 
 8.917084e-01  3.014709e-02 
 8.920299e-01  3.014708e-02 
 8.923515e-01  3.014706e-02 
 8.926730e-01  3.014704e-02 
 8.929946e-01  3.014703e-02 
 8.933162e-01  3.014701e-02 
 8.936377e-01  3.014700e-02 
 8.939593e-01  3.014698e-02 
 8.942808e-01  3.014696e-02 
 8.946024e-01  3.014695e-02 
 8.949239e-01  3.014693e-02 
 8.952455e-01  3.014692e-02 
 8.955671e-01  3.014690e-02 
 8.958886e-01  3.014688e-02 
 8.962102e-01  3.014687e-02 
 8.965317e-01  3.014685e-02 
 8.968533e-01  3.014684e-02 
 8.971748e-01  3.014682e-02 
 8.974964e-01  3.014680e-02 
 8.978180e-01  3.014679e-02 
 8.981395e-01  3.014677e-02 
 8.984611e-01  3.014676e-02 
 8.987826e-01  3.014674e-02 
 8.991042e-01  3.014672e-02 
 8.994257e-01  3.014671e-02 
 8.997473e-01  3.014669e-02 
 9.000688e-01  3.014667e-02 
 9.003904e-01  3.014666e-02 
 9.007120e-01  3.014664e-02 
 9.010335e-01  3.014663e-02 
 9.013551e-01  3.014661e-02 
 9.016766e-01  3.014659e-02 
 9.019982e-01  3.014658e-02 
 9.023197e-01  3.014656e-02 
 9.026413e-01  3.014654e-02 
 9.029629e-01  3.014653e-02 
 9.032844e-01  3.014651e-02 
 9.036060e-01  3.014650e-02 
 9.039275e-01  3.014648e-02 
 9.042491e-01  3.014646e-02 
 9.045706e-01  3.014645e-02 
 9.048922e-01  3.014643e-02 
 9.052138e-01  3.014642e-02 
 9.055353e-01  3.014640e-02 
 9.058569e-01  3.014638e-02 
 9.061784e-01  3.014637e-02 
 9.065000e-01  3.014635e-02 
 9.068215e-01  3.014633e-02 
 9.071431e-01  3.014632e-02 
 9.074646e-01  3.014630e-02 
 9.077862e-01  3.014629e-02 
 9.081078e-01  3.014627e-02 
 9.084293e-01  3.014625e-02 
 9.087509e-01  3.014624e-02 
 9.090724e-01  3.014622e-02 
 9.093940e-01  3.014621e-02 
 9.097155e-01  3.014619e-02 
 9.100371e-01  3.014618e-02 
 9.103587e-01  3.014616e-02 
 9.106802e-01  3.014614e-02 
 9.110018e-01  3.014613e-02 
 9.113233e-01  3.014611e-02 
 9.116449e-01  3.014610e-02 
 9.119664e-01  3.014608e-02 
 9.122880e-01  3.014607e-02 
 9.126096e-01  3.014605e-02 
 9.129311e-01  3.014603e-02 
 9.132527e-01  3.014602e-02 
 9.135742e-01  3.014600e-02 
 9.138958e-01  3.014599e-02 
 9.142173e-01  3.014597e-02 
 9.145389e-01  3.014596e-02 
 9.148604e-01  3.014594e-02 
 9.151820e-01  3.014593e-02 
 9.155036e-01  3.014591e-02 
 9.158251e-01  3.014589e-02 
 9.161467e-01  3.014588e-02 
 9.164682e-01  3.014586e-02 
 9.167898e-01  3.014585e-02 
 9.171113e-01  3.014583e-02 
 9.174329e-01  3.014582e-02 
 9.177545e-01  3.014580e-02 
 9.180760e-01  3.014579e-02 
 9.183976e-01  3.014577e-02 
 9.187191e-01  3.014576e-02 
 9.190407e-01  3.014574e-02 
 9.193622e-01  3.014573e-02 
 9.196838e-01  3.014571e-02 
 9.200054e-01  3.014570e-02 
 9.203269e-01  3.014568e-02 
 9.206485e-01  3.014567e-02 
 9.209700e-01  3.014565e-02 
 9.212916e-01  3.014564e-02 
 9.216131e-01  3.014562e-02 
 9.219347e-01  3.014561e-02 
 9.222562e-01  3.014559e-02 
 9.225778e-01  3.014558e-02 
 9.228994e-01  3.014556e-02 
 9.232209e-01  3.014555e-02 
 9.235425e-01  3.014553e-02 
 9.238640e-01  3.014552e-02 
 9.241856e-01  3.014550e-02 
 9.245071e-01  3.014549e-02 
 9.248287e-01  3.014547e-02 
 9.251503e-01  3.014546e-02 
 9.254718e-01  3.014544e-02 
 9.257934e-01  3.014543e-02 
 9.261149e-01  3.014541e-02 
 9.264365e-01  3.014540e-02 
 9.267580e-01  3.014538e-02 
 9.270796e-01  3.014537e-02 
 9.274011e-01  3.014535e-02 
 9.277227e-01  3.014534e-02 
 9.280443e-01  3.014533e-02 
 9.283658e-01  3.014531e-02 
 9.286874e-01  3.014530e-02 
 9.290089e-01  3.014528e-02 
 9.293305e-01  3.014527e-02 
 9.296520e-01  3.014525e-02 
 9.299736e-01  3.014524e-02 
 9.302952e-01  3.014522e-02 
 9.306167e-01  3.014521e-02 
 9.309383e-01  3.014519e-02 
 9.312598e-01  3.014518e-02 
 9.315814e-01  3.014516e-02 
 9.319029e-01  3.014515e-02 
 9.322245e-01  3.014514e-02 
 9.325461e-01  3.014512e-02 
 9.328676e-01  3.014511e-02 
 9.331892e-01  3.014509e-02 
 9.335107e-01  3.014508e-02 
 9.338323e-01  3.014506e-02 
 9.341538e-01  3.014505e-02 
 9.344754e-01  3.014503e-02 
 9.347969e-01  3.014502e-02 
 9.351185e-01  3.014500e-02 
 9.354401e-01  3.014499e-02 
 9.357616e-01  3.014498e-02 
 9.360832e-01  3.014496e-02 
 9.364047e-01  3.014495e-02 
 9.367263e-01  3.014493e-02 
 9.370478e-01  3.014492e-02 
 9.373694e-01  3.014490e-02 
 9.376910e-01  3.014489e-02 
 9.380125e-01  3.014487e-02 
 9.383341e-01  3.014486e-02 
 9.386556e-01  3.014485e-02 
 9.389772e-01  3.014483e-02 
 9.392987e-01  3.014482e-02 
 9.396203e-01  3.014480e-02 
 9.399419e-01  3.014479e-02 
 9.402634e-01  3.014477e-02 
 9.405850e-01  3.014476e-02 
 9.409065e-01  3.014475e-02 
 9.412281e-01  3.014473e-02 
 9.415496e-01  3.014472e-02 
 9.418712e-01  3.014470e-02 
 9.421927e-01  3.014469e-02 
 9.425143e-01  3.014467e-02 
 9.428359e-01  3.014466e-02 
 9.431574e-01  3.014465e-02 
 9.434790e-01  3.014463e-02 
 9.438005e-01  3.014462e-02 
 9.441221e-01  3.014460e-02 
 9.444436e-01  3.014459e-02 
 9.447652e-01  3.014457e-02 
 9.450868e-01  3.014456e-02 
 9.454083e-01  3.014455e-02 
 9.457299e-01  3.014453e-02 
 9.460514e-01  3.014452e-02 
 9.463730e-01  3.014450e-02 
 9.466945e-01  3.014449e-02 
 9.470161e-01  3.014448e-02 
 9.473377e-01  3.014446e-02 
 9.476592e-01  3.014445e-02 
 9.479808e-01  3.014443e-02 
 9.483023e-01  3.014442e-02 
 9.486239e-01  3.014441e-02 
 9.489454e-01  3.014439e-02 
 9.492670e-01  3.014438e-02 
 9.495885e-01  3.014437e-02 
 9.499101e-01  3.014435e-02 
 9.502317e-01  3.014434e-02 
 9.505532e-01  3.014432e-02 
 9.508748e-01  3.014431e-02 
 9.511963e-01  3.014430e-02 
 9.515179e-01  3.014428e-02 
 9.518394e-01  3.014427e-02 
 9.521610e-01  3.014426e-02 
 9.524826e-01  3.014424e-02 
 9.528041e-01  3.014423e-02 
 9.531257e-01  3.014421e-02 
 9.534472e-01  3.014420e-02 
 9.537688e-01  3.014419e-02 
 9.540903e-01  3.014417e-02 
 9.544119e-01  3.014416e-02 
 9.547335e-01  3.014415e-02 
 9.550550e-01  3.014413e-02 
 9.553766e-01  3.014412e-02 
 9.556981e-01  3.014411e-02 
 9.560197e-01  3.014409e-02 
 9.563412e-01  3.014408e-02 
 9.566628e-01  3.014407e-02 
 9.569843e-01  3.014405e-02 
 9.573059e-01  3.014404e-02 
 9.576275e-01  3.014403e-02 
 9.579490e-01  3.014401e-02 
 9.582706e-01  3.014400e-02 
 9.585921e-01  3.014399e-02 
 9.589137e-01  3.014397e-02 
 9.592352e-01  3.014396e-02 
 9.595568e-01  3.014395e-02 
 9.598784e-01  3.014393e-02 
 9.601999e-01  3.014392e-02 
 9.605215e-01  3.014391e-02 
 9.608430e-01  3.014390e-02 
 9.611646e-01  3.014388e-02 
 9.614861e-01  3.014387e-02 
 9.618077e-01  3.014386e-02 
 9.621292e-01  3.014384e-02 
 9.624508e-01  3.014383e-02 
 9.627724e-01  3.014382e-02 
 9.630939e-01  3.014380e-02 
 9.634155e-01  3.014379e-02 
 9.637370e-01  3.014378e-02 
 9.640586e-01  3.014377e-02 
 9.643801e-01  3.014375e-02 
 9.647017e-01  3.014374e-02 
 9.650233e-01  3.014373e-02 
 9.653448e-01  3.014372e-02 
 9.656664e-01  3.014370e-02 
 9.659879e-01  3.014369e-02 
 9.663095e-01  3.014368e-02 
 9.666310e-01  3.014367e-02 
 9.669526e-01  3.014365e-02 
 9.672742e-01  3.014364e-02 
 9.675957e-01  3.014363e-02 
 9.679173e-01  3.014362e-02 
 9.682388e-01  3.014360e-02 
 9.685604e-01  3.014359e-02 
 9.688819e-01  3.014358e-02 
 9.692035e-01  3.014357e-02 
 9.695250e-01  3.014355e-02 
 9.698466e-01  3.014354e-02 
 9.701682e-01  3.014353e-02 
 9.704897e-01  3.014352e-02 
 9.708113e-01  3.014350e-02 
 9.711328e-01  3.014349e-02 
 9.714544e-01  3.014348e-02 
 9.717759e-01  3.014347e-02 
 9.720975e-01  3.014346e-02 
 9.724191e-01  3.014344e-02 
 9.727406e-01  3.014343e-02 
 9.730622e-01  3.014342e-02 
 9.733837e-01  3.014341e-02 
 9.737053e-01  3.014340e-02 
 9.740268e-01  3.014339e-02 
 9.743484e-01  3.014337e-02 
 9.746700e-01  3.014336e-02 
 9.749915e-01  3.014335e-02 
 9.753131e-01  3.014334e-02 
 9.756346e-01  3.014333e-02 
 9.759562e-01  3.014332e-02 
 9.762777e-01  3.014330e-02 
 9.765993e-01  3.014329e-02 
 9.769208e-01  3.014328e-02 
 9.772424e-01  3.014327e-02 
 9.775640e-01  3.014326e-02 
 9.778855e-01  3.014325e-02 
 9.782071e-01  3.014324e-02 
 9.785286e-01  3.014322e-02 
 9.788502e-01  3.014321e-02 
 9.791717e-01  3.014320e-02 
 9.794933e-01  3.014319e-02 
 9.798149e-01  3.014318e-02 
 9.801364e-01  3.014317e-02 
 9.804580e-01  3.014316e-02 
 9.807795e-01  3.014315e-02 
 9.811011e-01  3.014314e-02 
 9.814226e-01  3.014313e-02 
 9.817442e-01  3.014311e-02 
 9.820658e-01  3.014310e-02 
 9.823873e-01  3.014309e-02 
 9.827089e-01  3.014308e-02 
 9.830304e-01  3.014307e-02 
 9.833520e-01  3.014306e-02 
 9.836735e-01  3.014305e-02 
 9.839951e-01  3.014304e-02 
 9.843166e-01  3.014303e-02 
 9.846382e-01  3.014302e-02 
 9.849598e-01  3.014301e-02 
 9.852813e-01  3.014300e-02 
 9.856029e-01  3.014299e-02 
 9.859244e-01  3.014298e-02 
 9.862460e-01  3.014297e-02 
 9.865675e-01  3.014296e-02 
 9.868891e-01  3.014295e-02 
 9.872107e-01  3.014294e-02 
 9.875322e-01  3.014293e-02 
 9.878538e-01  3.014292e-02 
 9.881753e-01  3.014291e-02 
 9.884969e-01  3.014290e-02 
 9.888184e-01  3.014289e-02 
 9.891400e-01  3.014288e-02 
 9.894616e-01  3.014287e-02 
 9.897831e-01  3.014286e-02 
 9.901047e-01  3.014285e-02 
 9.904262e-01  3.014284e-02 
 9.907478e-01  3.014283e-02 
 9.910693e-01  3.014282e-02 
 9.913909e-01  3.014281e-02 
 9.917124e-01  3.014280e-02 
 9.920340e-01  3.014279e-02 
 9.923556e-01  3.014278e-02 
 9.926771e-01  3.014278e-02 
 9.929987e-01  3.014277e-02 
 9.933202e-01  3.014276e-02 
 9.936418e-01  3.014275e-02 
 9.939633e-01  3.014274e-02 
 9.942849e-01  3.014273e-02 
 9.946065e-01  3.014272e-02 
 9.949280e-01  3.014271e-02 
 9.952496e-01  3.014270e-02 
 9.955711e-01  3.014269e-02 
 9.958927e-01  3.014269e-02 
 9.962142e-01  3.014268e-02 
 9.965358e-01  3.014267e-02 
 9.968573e-01  3.014266e-02 
 9.971789e-01  3.014265e-02 
 9.975005e-01  3.014264e-02 
 9.978220e-01  3.014263e-02 
 9.981436e-01  3.014262e-02 
 9.984651e-01  3.014262e-02 
 9.987867e-01  3.014261e-02 
 9.991082e-01  3.014260e-02 
 9.994298e-01  3.014259e-02 
 9.997514e-01  3.014258e-02 
 1.000073e+00  3.014257e-02 
 1.000394e+00  3.014256e-02 
 1.000716e+00  3.014256e-02 
 1.001038e+00  3.014255e-02 
 1.001359e+00  3.014254e-02 
 1.001681e+00  3.014253e-02 
 1.002002e+00  3.014252e-02 
 1.002324e+00  3.014251e-02 
 1.002645e+00  3.014251e-02 
 1.002967e+00  3.014250e-02 
 1.003288e+00  3.014249e-02 
 1.003610e+00  3.014248e-02 
 1.003932e+00  3.014247e-02 
 1.004253e+00  3.014247e-02 
 1.004575e+00  3.014246e-02 
 1.004896e+00  3.014245e-02 
 1.005218e+00  3.014244e-02 
 1.005539e+00  3.014243e-02 
 1.005861e+00  3.014243e-02 
 1.006182e+00  3.014242e-02 
 1.006504e+00  3.014241e-02 
 1.006826e+00  3.014240e-02 
 1.007147e+00  3.014239e-02 
 1.007469e+00  3.014239e-02 
 1.007790e+00  3.014238e-02 
 1.008112e+00  3.014237e-02 
 1.008433e+00  3.014236e-02 
 1.008755e+00  3.014235e-02 
 1.009076e+00  3.014235e-02 
 1.009398e+00  3.014234e-02 
 1.009720e+00  3.014233e-02 
 1.010041e+00  3.014232e-02 
 1.010363e+00  3.014232e-02 
 1.010684e+00  3.014231e-02 
 1.011006e+00  3.014230e-02 
 1.011327e+00  3.014229e-02 
 1.011649e+00  3.014229e-02 
 1.011971e+00  3.014228e-02 
 1.012292e+00  3.014227e-02 
 1.012614e+00  3.014226e-02 
 1.012935e+00  3.014225e-02 
 1.013257e+00  3.014225e-02 
 1.013578e+00  3.014224e-02 
 1.013900e+00  3.014223e-02 
 1.014221e+00  3.014223e-02 
 1.014543e+00  3.014222e-02 
 1.014865e+00  3.014221e-02 
 1.015186e+00  3.014220e-02 
 1.015508e+00  3.014220e-02 
 1.015829e+00  3.014219e-02 
 1.016151e+00  3.014218e-02 
 1.016472e+00  3.014217e-02 
 1.016794e+00  3.014217e-02 
 1.017115e+00  3.014216e-02 
 1.017437e+00  3.014215e-02 
 1.017759e+00  3.014215e-02 
 1.018080e+00  3.014214e-02 
 1.018402e+00  3.014213e-02 
 1.018723e+00  3.014213e-02 
 1.019045e+00  3.014212e-02 
 1.019366e+00  3.014211e-02 
 1.019688e+00  3.014210e-02 
 1.020009e+00  3.014210e-02 
 1.020331e+00  3.014209e-02 
 1.020653e+00  3.014208e-02 
 1.020974e+00  3.014208e-02 
 1.021296e+00  3.014207e-02 
 1.021617e+00  3.014206e-02 
 1.021939e+00  3.014206e-02 
 1.022260e+00  3.014205e-02 
 1.022582e+00  3.014204e-02 
 1.022903e+00  3.014204e-02 
 1.023225e+00  3.014203e-02 
 1.023547e+00  3.014203e-02 
 1.023868e+00  3.014202e-02 
 1.024190e+00  3.014201e-02 
 1.024511e+00  3.014201e-02 
 1.024833e+00  3.014200e-02 
 1.025154e+00  3.014199e-02 
 1.025476e+00  3.014199e-02 
 1.025797e+00  3.014198e-02 
 1.026119e+00  3.014198e-02 
 1.026441e+00  3.014197e-02 
 1.026762e+00  3.014197e-02 
 1.027084e+00  3.014196e-02 
 1.027405e+00  3.014195e-02 
 1.027727e+00  3.014195e-02 
 1.028048e+00  3.014194e-02 
 1.028370e+00  3.014194e-02 
 1.028691e+00  3.014193e-02 
 1.029013e+00  3.014193e-02 
 1.029335e+00  3.014192e-02 
 1.029656e+00  3.014191e-02 
 1.029978e+00  3.014191e-02 
 1.030299e+00  3.014190e-02 
 1.030621e+00  3.014190e-02 
 1.030942e+00  3.014189e-02 
 1.031264e+00  3.014189e-02 
 1.031585e+00  3.014188e-02 
 1.031907e+00  3.014188e-02 
 1.032229e+00  3.014187e-02 
 1.032550e+00  3.014187e-02 
 1.032872e+00  3.014186e-02 
 1.033193e+00  3.014186e-02 
 1.033515e+00  3.014185e-02 
 1.033836e+00  3.014185e-02 
 1.034158e+00  3.014184e-02 
 1.034479e+00  3.014184e-02 
 1.034801e+00  3.014183e-02 
 1.035123e+00  3.014183e-02 
 1.035444e+00  3.014183e-02 
 1.035766e+00  3.014182e-02 
 1.036087e+00  3.014182e-02 
 1.036409e+00  3.014181e-02 
 1.036730e+00  3.014181e-02 
 1.037052e+00  3.014180e-02 
 1.037373e+00  3.014180e-02 
 1.037695e+00  3.014180e-02 
 1.038017e+00  3.014179e-02 
 1.038338e+00  3.014179e-02 
 1.038660e+00  3.014178e-02 
 1.038981e+00  3.014178e-02 
 1.039303e+00  3.014177e-02 
 1.039624e+00  3.014177e-02 
 1.039946e+00  3.014177e-02 
 1.040267e+00  3.014176e-02 
 1.040589e+00  3.014176e-02 
 1.040911e+00  3.014175e-02 
 1.041232e+00  3.014175e-02 
 1.041554e+00  3.014175e-02 
 1.041875e+00  3.014174e-02 
 1.042197e+00  3.014174e-02 
 1.042518e+00  3.014174e-02 
 1.042840e+00  3.014173e-02 
 1.043161e+00  3.014173e-02 
 1.043483e+00  3.014172e-02 
 1.043805e+00  3.014172e-02 
 1.044126e+00  3.014172e-02 
 1.044448e+00  3.014171e-02 
 1.044769e+00  3.014171e-02 
 1.045091e+00  3.014171e-02 
 1.045412e+00  3.014170e-02 
 1.045734e+00  3.014170e-02 
 1.046055e+00  3.014170e-02 
 1.046377e+00  3.014169e-02 
 1.046699e+00  3.014169e-02 
 1.047020e+00  3.014169e-02 
 1.047342e+00  3.014168e-02 
 1.047663e+00  3.014168e-02 
 1.047985e+00  3.014168e-02 
 1.048306e+00  3.014167e-02 
 1.048628e+00  3.014167e-02 
 1.048949e+00  3.014167e-02 
 1.049271e+00  3.014166e-02 
 1.049593e+00  3.014166e-02 
 1.049914e+00  3.014166e-02 
 1.050236e+00  3.014165e-02 
 1.050557e+00  3.014165e-02 
 1.050879e+00  3.014165e-02 
 1.051200e+00  3.014165e-02 
 1.051522e+00  3.014164e-02 
 1.051844e+00  3.014164e-02 
 1.052165e+00  3.014164e-02 
 1.052487e+00  3.014163e-02 
 1.052808e+00  3.014163e-02 
 1.053130e+00  3.014163e-02 
 1.053451e+00  3.014162e-02 
 1.053773e+00  3.014162e-02 
 1.054094e+00  3.014162e-02 
 1.054416e+00  3.014161e-02 
 1.054738e+00  3.014161e-02 
 1.055059e+00  3.014161e-02 
 1.055381e+00  3.014160e-02 
 1.055702e+00  3.014160e-02 
 1.056024e+00  3.014160e-02 
 1.056345e+00  3.014160e-02 
 1.056667e+00  3.014159e-02 
 1.056988e+00  3.014159e-02 
 1.057310e+00  3.014159e-02 
 1.057632e+00  3.014158e-02 
 1.057953e+00  3.014158e-02 
 1.058275e+00  3.014158e-02 
 1.058596e+00  3.014157e-02 
 1.058918e+00  3.014157e-02 
 1.059239e+00  3.014157e-02 
 1.059561e+00  3.014156e-02 
 1.059882e+00  3.014156e-02 
 1.060204e+00  3.014156e-02 
 1.060526e+00  3.014156e-02 
 1.060847e+00  3.014155e-02 
 1.061169e+00  3.014155e-02 
 1.061490e+00  3.014155e-02 
 1.061812e+00  3.014154e-02 
 1.062133e+00  3.014154e-02 
 1.062455e+00  3.014154e-02 
 1.062776e+00  3.014153e-02 
 1.063098e+00  3.014153e-02 
 1.063420e+00  3.014153e-02 
 1.063741e+00  3.014152e-02 
 1.064063e+00  3.014152e-02 
 1.064384e+00  3.014152e-02 
 1.064706e+00  3.014151e-02 
 1.065027e+00  3.014151e-02 
 1.065349e+00  3.014151e-02 
 1.065670e+00  3.014150e-02 
 1.065992e+00  3.014150e-02 
 1.066314e+00  3.014150e-02 
 1.066635e+00  3.014149e-02 
 1.066957e+00  3.014149e-02 
 1.067278e+00  3.014149e-02 
 1.067600e+00  3.014148e-02 
 1.067921e+00  3.014148e-02 
 1.068243e+00  3.014148e-02 
 1.068564e+00  3.014147e-02 
 1.068886e+00  3.014147e-02 
 1.069208e+00  3.014147e-02 
 1.069529e+00  3.014146e-02 
 1.069851e+00  3.014146e-02 
 1.070172e+00  3.014146e-02 
 1.070494e+00  3.014145e-02 
 1.070815e+00  3.014145e-02 
 1.071137e+00  3.014145e-02 
 1.071458e+00  3.014144e-02 
 1.071780e+00  3.014144e-02 
 1.072102e+00  3.014144e-02 
 1.072423e+00  3.014144e-02 
 1.072745e+00  3.014143e-02 
 1.073066e+00  3.014143e-02 
 1.073388e+00  3.014143e-02 
 1.073709e+00  3.014142e-02 
 1.074031e+00  3.014142e-02 
 1.074352e+00  3.014142e-02 
 1.074674e+00  3.014141e-02 
 1.074996e+00  3.014141e-02 
 1.075317e+00  3.014141e-02 
 1.075639e+00  3.014141e-02 
 1.075960e+00  3.014140e-02 
 1.076282e+00  3.014140e-02 
 1.076603e+00  3.014140e-02 
 1.076925e+00  3.014140e-02 
 1.077246e+00  3.014139e-02 
 1.077568e+00  3.014139e-02 
 1.077890e+00  3.014139e-02 
 1.078211e+00  3.014139e-02 
 1.078533e+00  3.014138e-02 
 1.078854e+00  3.014138e-02 
 1.079176e+00  3.014138e-02 
 1.079497e+00  3.014138e-02 
 1.079819e+00  3.014138e-02 
 1.080140e+00  3.014137e-02 
 1.080462e+00  3.014137e-02 
 1.080784e+00  3.014137e-02 
 1.081105e+00  3.014137e-02 
 1.081427e+00  3.014137e-02 
 1.081748e+00  3.014136e-02 
 1.082070e+00  3.014136e-02 
 1.082391e+00  3.014136e-02 
 1.082713e+00  3.014136e-02 
 1.083034e+00  3.014136e-02 
 1.083356e+00  3.014136e-02 
 1.083678e+00  3.014136e-02 
 1.083999e+00  3.014135e-02 
 1.084321e+00  3.014135e-02 
 1.084642e+00  3.014135e-02 
 1.084964e+00  3.014135e-02 
 1.085285e+00  3.014135e-02 
 1.085607e+00  3.014135e-02 
 1.085928e+00  3.014135e-02 
 1.086250e+00  3.014135e-02 
 1.086572e+00  3.014135e-02 
 1.086893e+00  3.014135e-02 
 1.087215e+00  3.014135e-02 
 1.087536e+00  3.014135e-02 
 1.087858e+00  3.014135e-02 
 1.088179e+00  3.014135e-02 
 1.088501e+00  3.014134e-02 
 1.088822e+00  3.014134e-02 
 1.089144e+00  3.014134e-02 
 1.089466e+00  3.014134e-02 
 1.089787e+00  3.014134e-02 
 1.090109e+00  3.014134e-02 
 1.090430e+00  3.014135e-02 
 1.090752e+00  3.014135e-02 
 1.091073e+00  3.014135e-02 
 1.091395e+00  3.014135e-02 
 1.091717e+00  3.014135e-02 
 1.092038e+00  3.014135e-02 
 1.092360e+00  3.014135e-02 
 1.092681e+00  3.014135e-02 
 1.093003e+00  3.014135e-02 
 1.093324e+00  3.014135e-02 
 1.093646e+00  3.014135e-02 
 1.093967e+00  3.014135e-02 
 1.094289e+00  3.014135e-02 
 1.094611e+00  3.014135e-02 
 1.094932e+00  3.014135e-02 
 1.095254e+00  3.014136e-02 
 1.095575e+00  3.014136e-02 
 1.095897e+00  3.014136e-02 
 1.096218e+00  3.014136e-02 
 1.096540e+00  3.014136e-02 
 1.096861e+00  3.014136e-02 
 1.097183e+00  3.014136e-02 
 1.097505e+00  3.014137e-02 
 1.097826e+00  3.014137e-02 
 1.098148e+00  3.014137e-02 
 1.098469e+00  3.014137e-02 
 1.098791e+00  3.014137e-02 
 1.099112e+00  3.014138e-02 
 1.099434e+00  3.014138e-02 
 1.099755e+00  3.014138e-02 
 1.100077e+00  3.014138e-02 
 1.100399e+00  3.014138e-02 
 1.100720e+00  3.014139e-02 
 1.101042e+00  3.014139e-02 
 1.101363e+00  3.014139e-02 
 1.101685e+00  3.014139e-02 
 1.102006e+00  3.014140e-02 
 1.102328e+00  3.014140e-02 
 1.102649e+00  3.014140e-02 
 1.102971e+00  3.014140e-02 
 1.103293e+00  3.014141e-02 
 1.103614e+00  3.014141e-02 
 1.103936e+00  3.014141e-02 
 1.104257e+00  3.014142e-02 
 1.104579e+00  3.014142e-02 
 1.104900e+00  3.014142e-02 
 1.105222e+00  3.014143e-02 
 1.105543e+00  3.014143e-02 
 1.105865e+00  3.014143e-02 
 1.106187e+00  3.014144e-02 
 1.106508e+00  3.014144e-02 
 1.106830e+00  3.014144e-02 
 1.107151e+00  3.014145e-02 
 1.107473e+00  3.014145e-02 
 1.107794e+00  3.014145e-02 
 1.108116e+00  3.014146e-02 
 1.108437e+00  3.014146e-02 
 1.108759e+00  3.014146e-02 
 1.109081e+00  3.014147e-02 
 1.109402e+00  3.014147e-02 
 1.109724e+00  3.014148e-02 
 1.110045e+00  3.014148e-02 
 1.110367e+00  3.014148e-02 
 1.110688e+00  3.014149e-02 
 1.111010e+00  3.014149e-02 
 1.111331e+00  3.014150e-02 
 1.111653e+00  3.014150e-02 
 1.111975e+00  3.014151e-02 
 1.112296e+00  3.014151e-02 
 1.112618e+00  3.014151e-02 
 1.112939e+00  3.014152e-02 
 1.113261e+00  3.014152e-02 
 1.113582e+00  3.014153e-02 
 1.113904e+00  3.014153e-02 
 1.114225e+00  3.014154e-02 
 1.114547e+00  3.014154e-02 
 1.114869e+00  3.014155e-02 
 1.115190e+00  3.014155e-02 
 1.115512e+00  3.014156e-02 
 1.115833e+00  3.014156e-02 
 1.116155e+00  3.014157e-02 
 1.116476e+00  3.014157e-02 
 1.116798e+00  3.014158e-02 
 1.117119e+00  3.014158e-02 
 1.117441e+00  3.014159e-02 
 1.117763e+00  3.014159e-02 
 1.118084e+00  3.014160e-02 
 1.118406e+00  3.014160e-02 
 1.118727e+00  3.014161e-02 
 1.119049e+00  3.014161e-02 
 1.119370e+00  3.014162e-02 
 1.119692e+00  3.014162e-02 
 1.120013e+00  3.014163e-02 
 1.120335e+00  3.014164e-02 
 1.120657e+00  3.014164e-02 
 1.120978e+00  3.014165e-02 
 1.121300e+00  3.014165e-02 
 1.121621e+00  3.014166e-02 
 1.121943e+00  3.014166e-02 
 1.122264e+00  3.014167e-02 
 1.122586e+00  3.014168e-02 
 1.122907e+00  3.014168e-02 
 1.123229e+00  3.014169e-02 
 1.123551e+00  3.014169e-02 
 1.123872e+00  3.014170e-02 
 1.124194e+00  3.014171e-02 
 1.124515e+00  3.014171e-02 
 1.124837e+00  3.014172e-02 
 1.125158e+00  3.014172e-02 
 1.125480e+00  3.014173e-02 
 1.125801e+00  3.014174e-02 
 1.126123e+00  3.014174e-02 
 1.126445e+00  3.014175e-02 
 1.126766e+00  3.014176e-02 
 1.127088e+00  3.014176e-02 
 1.127409e+00  3.014177e-02 
 1.127731e+00  3.014177e-02 
 1.128052e+00  3.014178e-02 
 1.128374e+00  3.014179e-02 
 1.128696e+00  3.014179e-02 
 1.129017e+00  3.014180e-02 
 1.129339e+00  3.014181e-02 
 1.129660e+00  3.014182e-02 
 1.129982e+00  3.014182e-02 
 1.130303e+00  3.014183e-02 
 1.130625e+00  3.014184e-02 
 1.130946e+00  3.014184e-02 
 1.131268e+00  3.014185e-02 
 1.131590e+00  3.014186e-02 
 1.131911e+00  3.014186e-02 
 1.132233e+00  3.014187e-02 
 1.132554e+00  3.014188e-02 
 1.132876e+00  3.014189e-02 
 1.133197e+00  3.014189e-02 
 1.133519e+00  3.014190e-02 
 1.133840e+00  3.014191e-02 
 1.134162e+00  3.014192e-02 
 1.134484e+00  3.014193e-02 
 1.134805e+00  3.014193e-02 
 1.135127e+00  3.014194e-02 
 1.135448e+00  3.014195e-02 
 1.135770e+00  3.014196e-02 
 1.136091e+00  3.014197e-02 
 1.136413e+00  3.014197e-02 
 1.136734e+00  3.014198e-02 
 1.137056e+00  3.014199e-02 
 1.137378e+00  3.014200e-02 
 1.137699e+00  3.014201e-02 
 1.138021e+00  3.014202e-02 
 1.138342e+00  3.014202e-02 
 1.138664e+00  3.014203e-02 
 1.138985e+00  3.014204e-02 
 1.139307e+00  3.014205e-02 
 1.139628e+00  3.014206e-02 
 1.139950e+00  3.014207e-02 
 1.140272e+00  3.014208e-02 
 1.140593e+00  3.014209e-02 
 1.140915e+00  3.014210e-02 
 1.141236e+00  3.014211e-02 
 1.141558e+00  3.014212e-02 
 1.141879e+00  3.014213e-02 
 1.142201e+00  3.014214e-02 
 1.142522e+00  3.014215e-02 
 1.142844e+00  3.014216e-02 
 1.143166e+00  3.014217e-02 
 1.143487e+00  3.014218e-02 
 1.143809e+00  3.014219e-02 
 1.144130e+00  3.014220e-02 
 1.144452e+00  3.014221e-02 
 1.144773e+00  3.014222e-02 
 1.145095e+00  3.014223e-02 
 1.145416e+00  3.014224e-02 
 1.145738e+00  3.014225e-02 
 1.146060e+00  3.014226e-02 
 1.146381e+00  3.014227e-02 
 1.146703e+00  3.014228e-02 
 1.147024e+00  3.014230e-02 
 1.147346e+00  3.014231e-02 
 1.147667e+00  3.014232e-02 
 1.147989e+00  3.014233e-02 
 1.148310e+00  3.014234e-02 
 1.148632e+00  3.014235e-02 
 1.148954e+00  3.014237e-02 
 1.149275e+00  3.014238e-02 
 1.149597e+00  3.014239e-02 
 1.149918e+00  3.014240e-02 
 1.150240e+00  3.014241e-02 
 1.150561e+00  3.014243e-02 
 1.150883e+00  3.014244e-02 
 1.151204e+00  3.014245e-02 
 1.151526e+00  3.014246e-02 
 1.151848e+00  3.014248e-02 
 1.152169e+00  3.014249e-02 
 1.152491e+00  3.014250e-02 
 1.152812e+00  3.014252e-02 
 1.153134e+00  3.014253e-02 
 1.153455e+00  3.014254e-02 
 1.153777e+00  3.014256e-02 
 1.154098e+00  3.014257e-02 
 1.154420e+00  3.014258e-02 
 1.154742e+00  3.014260e-02 
 1.155063e+00  3.014261e-02 
 1.155385e+00  3.014263e-02 
 1.155706e+00  3.014264e-02 
 1.156028e+00  3.014266e-02 
 1.156349e+00  3.014267e-02 
 1.156671e+00  3.014268e-02 
 1.156992e+00  3.014270e-02 
 1.157314e+00  3.014271e-02 
 1.157636e+00  3.014273e-02 
 1.157957e+00  3.014274e-02 
 1.158279e+00  3.014276e-02 
 1.158600e+00  3.014277e-02 
 1.158922e+00  3.014279e-02 
 1.159243e+00  3.014280e-02 
 1.159565e+00  3.014282e-02 
 1.159886e+00  3.014283e-02 
 1.160208e+00  3.014285e-02 
 1.160530e+00  3.014287e-02 
 1.160851e+00  3.014288e-02 
 1.161173e+00  3.014290e-02 
 1.161494e+00  3.014291e-02 
 1.161816e+00  3.014293e-02 
 1.162137e+00  3.014295e-02 
 1.162459e+00  3.014296e-02 
 1.162780e+00  3.014298e-02 
 1.163102e+00  3.014300e-02 
 1.163424e+00  3.014301e-02 
 1.163745e+00  3.014303e-02 
 1.164067e+00  3.014305e-02 
 1.164388e+00  3.014306e-02 
 1.164710e+00  3.014308e-02 
 1.165031e+00  3.014310e-02 
 1.165353e+00  3.014311e-02 
 1.165674e+00  3.014313e-02 
 1.165996e+00  3.014315e-02 
 1.166318e+00  3.014317e-02 
 1.166639e+00  3.014318e-02 
 1.166961e+00  3.014320e-02 
 1.167282e+00  3.014322e-02 
 1.167604e+00  3.014324e-02 
 1.167925e+00  3.014325e-02 
 1.168247e+00  3.014327e-02 
 1.168569e+00  3.014329e-02 
 1.168890e+00  3.014331e-02 
 1.169212e+00  3.014333e-02 
 1.169533e+00  3.014334e-02 
 1.169855e+00  3.014336e-02 
 1.170176e+00  3.014338e-02 
 1.170498e+00  3.014340e-02 
 1.170819e+00  3.014342e-02 
 1.171141e+00  3.014344e-02 
 1.171463e+00  3.014345e-02 
 1.171784e+00  3.014347e-02 
 1.172106e+00  3.014349e-02 
 1.172427e+00  3.014351e-02 
 1.172749e+00  3.014353e-02 
 1.173070e+00  3.014355e-02 
 1.173392e+00  3.014357e-02 
 1.173713e+00  3.014359e-02 
 1.174035e+00  3.014361e-02 
 1.174357e+00  3.014362e-02 
 1.174678e+00  3.014364e-02 
 1.175000e+00  3.014366e-02 
 1.175321e+00  3.014368e-02 
 1.175643e+00  3.014370e-02 
 1.175964e+00  3.014372e-02 
 1.176286e+00  3.014374e-02 
 1.176607e+00  3.014376e-02 
 1.176929e+00  3.014378e-02 
 1.177251e+00  3.014380e-02 
 1.177572e+00  3.014382e-02 
 1.177894e+00  3.014384e-02 
 1.178215e+00  3.014386e-02 
 1.178537e+00  3.014388e-02 
 1.178858e+00  3.014390e-02 
 1.179180e+00  3.014392e-02 
 1.179501e+00  3.014394e-02 
 1.179823e+00  3.014396e-02 
 1.180145e+00  3.014398e-02 
 1.180466e+00  3.014400e-02 
 1.180788e+00  3.014402e-02 
 1.181109e+00  3.014404e-02 
 1.181431e+00  3.014406e-02 
 1.181752e+00  3.014408e-02 
 1.182074e+00  3.014410e-02 
 1.182395e+00  3.014413e-02 
 1.182717e+00  3.014415e-02 
 1.183039e+00  3.014417e-02 
 1.183360e+00  3.014419e-02 
 1.183682e+00  3.014421e-02 
 1.184003e+00  3.014423e-02 
 1.184325e+00  3.014425e-02 
 1.184646e+00  3.014427e-02 
 1.184968e+00  3.014429e-02 
 1.185289e+00  3.014431e-02 
 1.185611e+00  3.014433e-02 
 1.185933e+00  3.014436e-02 
 1.186254e+00  3.014438e-02 
 1.186576e+00  3.014440e-02 
 1.186897e+00  3.014442e-02 
 1.187219e+00  3.014444e-02 
 1.187540e+00  3.014446e-02 
 1.187862e+00  3.014449e-02 
 1.188183e+00  3.014451e-02 
 1.188505e+00  3.014453e-02 
 1.188827e+00  3.014455e-02 
 1.189148e+00  3.014457e-02 
 1.189470e+00  3.014459e-02 
 1.189791e+00  3.014462e-02 
 1.190113e+00  3.014464e-02 
 1.190434e+00  3.014466e-02 
 1.190756e+00  3.014468e-02 
 1.191077e+00  3.014471e-02 
 1.191399e+00  3.014473e-02 
 1.191721e+00  3.014475e-02 
 1.192042e+00  3.014477e-02 
 1.192364e+00  3.014479e-02 
 1.192685e+00  3.014482e-02 
 1.193007e+00  3.014484e-02 
 1.193328e+00  3.014486e-02 
 1.193650e+00  3.014489e-02 
 1.193971e+00  3.014491e-02 
 1.194293e+00  3.014493e-02 
 1.194615e+00  3.014495e-02 
 1.194936e+00  3.014498e-02 
 1.195258e+00  3.014500e-02 
 1.195579e+00  3.014502e-02 
 1.195901e+00  3.014505e-02 
 1.196222e+00  3.014507e-02 
 1.196544e+00  3.014509e-02 
 1.196865e+00  3.014512e-02 
 1.197187e+00  3.014514e-02 
 1.197509e+00  3.014516e-02 
 1.197830e+00  3.014519e-02 
 1.198152e+00  3.014521e-02 
 1.198473e+00  3.014524e-02 
 1.198795e+00  3.014526e-02 
 1.199116e+00  3.014528e-02 
 1.199438e+00  3.014531e-02 
 1.199759e+00  3.014533e-02 
 1.200081e+00  3.014536e-02 
 1.200403e+00  3.014538e-02 
 1.200724e+00  3.014540e-02 
 1.201046e+00  3.014543e-02 
 1.201367e+00  3.014545e-02 
 1.201689e+00  3.014548e-02 
 1.202010e+00  3.014550e-02 
 1.202332e+00  3.014553e-02 
 1.202653e+00  3.014555e-02 
 1.202975e+00  3.014558e-02 
 1.203297e+00  3.014560e-02 
 1.203618e+00  3.014563e-02 
 1.203940e+00  3.014565e-02 
 1.204261e+00  3.014568e-02 
 1.204583e+00  3.014570e-02 
 1.204904e+00  3.014573e-02 
 1.205226e+00  3.014575e-02 
 1.205547e+00  3.014578e-02 
 1.205869e+00  3.014580e-02 
 1.206191e+00  3.014583e-02 
 1.206512e+00  3.014585e-02 
 1.206834e+00  3.014588e-02 
 1.207155e+00  3.014590e-02 
 1.207477e+00  3.014593e-02 
 1.207798e+00  3.014596e-02 
 1.208120e+00  3.014598e-02 
 1.208442e+00  3.014601e-02 
 1.208763e+00  3.014603e-02 
 1.209085e+00  3.014606e-02 
 1.209406e+00  3.014608e-02 
 1.209728e+00  3.014611e-02 
 1.210049e+00  3.014614e-02 
 1.210371e+00  3.014616e-02 
 1.210692e+00  3.014619e-02 
 1.211014e+00  3.014622e-02 
 1.211336e+00  3.014624e-02 
 1.211657e+00  3.014627e-02 
 1.211979e+00  3.014630e-02 
 1.212300e+00  3.014632e-02 
 1.212622e+00  3.014635e-02 
 1.212943e+00  3.014637e-02 
 1.213265e+00  3.014640e-02 
 1.213586e+00  3.014643e-02 
 1.213908e+00  3.014646e-02 
 1.214230e+00  3.014648e-02 
 1.214551e+00  3.014651e-02 
 1.214873e+00  3.014654e-02 
 1.215194e+00  3.014656e-02 
 1.215516e+00  3.014659e-02 
 1.215837e+00  3.014662e-02 
 1.216159e+00  3.014664e-02 
 1.216480e+00  3.014667e-02 
 1.216802e+00  3.014670e-02 
 1.217124e+00  3.014673e-02 
 1.217445e+00  3.014675e-02 
 1.217767e+00  3.014678e-02 
 1.218088e+00  3.014681e-02 
 1.218410e+00  3.014684e-02 
 1.218731e+00  3.014686e-02 
 1.219053e+00  3.014689e-02 
 1.219374e+00  3.014692e-02 
 1.219696e+00  3.014695e-02 
 1.220018e+00  3.014697e-02 
 1.220339e+00  3.014700e-02 
 1.220661e+00  3.014703e-02 
 1.220982e+00  3.014706e-02 
 1.221304e+00  3.014709e-02 
 1.221625e+00  3.014711e-02 
 1.221947e+00  3.014714e-02 
 1.222268e+00  3.014717e-02 
 1.222590e+00  3.014720e-02 
 1.222912e+00  3.014723e-02 
 1.223233e+00  3.014725e-02 
 1.223555e+00  3.014728e-02 
 1.223876e+00  3.014731e-02 
 1.224198e+00  3.014734e-02 
 1.224519e+00  3.014737e-02 
 1.224841e+00  3.014740e-02 
 1.225162e+00  3.014742e-02 
 1.225484e+00  3.014745e-02 
 1.225806e+00  3.014748e-02 
 1.226127e+00  3.014751e-02 
 1.226449e+00  3.014754e-02 
 1.226770e+00  3.014757e-02 
 1.227092e+00  3.014760e-02 
 1.227413e+00  3.014763e-02 
 1.227735e+00  3.014765e-02 
 1.228056e+00  3.014768e-02 
 1.228378e+00  3.014771e-02 
 1.228700e+00  3.014774e-02 
 1.229021e+00  3.014777e-02 
 1.229343e+00  3.014780e-02 
 1.229664e+00  3.014783e-02 
 1.229986e+00  3.014786e-02 
 1.230307e+00  3.014789e-02 
 1.230629e+00  3.014792e-02 
 1.230950e+00  3.014795e-02 
 1.231272e+00  3.014798e-02 
 1.231594e+00  3.014800e-02 
 1.231915e+00  3.014803e-02 
 1.232237e+00  3.014806e-02 
 1.232558e+00  3.014809e-02 
 1.232880e+00  3.014812e-02 
 1.233201e+00  3.014815e-02 
 1.233523e+00  3.014818e-02 
 1.233844e+00  3.014821e-02 
 1.234166e+00  3.014824e-02 
 1.234488e+00  3.014827e-02 
 1.234809e+00  3.014830e-02 
 1.235131e+00  3.014833e-02 
 1.235452e+00  3.014836e-02 
 1.235774e+00  3.014839e-02 
 1.236095e+00  3.014842e-02 
 1.236417e+00  3.014845e-02 
 1.236738e+00  3.014848e-02 
 1.237060e+00  3.014851e-02 
 1.237382e+00  3.014855e-02 
 1.237703e+00  3.014858e-02 
 1.238025e+00  3.014861e-02 
 1.238346e+00  3.014864e-02 
 1.238668e+00  3.014867e-02 
 1.238989e+00  3.014870e-02 
 1.239311e+00  3.014873e-02 
 1.239632e+00  3.014876e-02 
 1.239954e+00  3.014879e-02 
 1.240276e+00  3.014882e-02 
 1.240597e+00  3.014885e-02 
 1.240919e+00  3.014888e-02 
 1.241240e+00  3.014892e-02 
 1.241562e+00  3.014895e-02 
 1.241883e+00  3.014898e-02 
 1.242205e+00  3.014901e-02 
 1.242526e+00  3.014904e-02 
 1.242848e+00  3.014907e-02 
 1.243170e+00  3.014910e-02 
 1.243491e+00  3.014914e-02 
 1.243813e+00  3.014917e-02 
 1.244134e+00  3.014920e-02 
 1.244456e+00  3.014923e-02 
 1.244777e+00  3.014926e-02 
 1.245099e+00  3.014929e-02 
 1.245421e+00  3.014933e-02 
 1.245742e+00  3.014936e-02 
 1.246064e+00  3.014939e-02 
 1.246385e+00  3.014942e-02 
 1.246707e+00  3.014945e-02 
 1.247028e+00  3.014949e-02 
 1.247350e+00  3.014952e-02 
 1.247671e+00  3.014955e-02 
 1.247993e+00  3.014958e-02 
 1.248315e+00  3.014961e-02 
 1.248636e+00  3.014965e-02 
 1.248958e+00  3.014968e-02 
 1.249279e+00  3.014971e-02 
 1.249601e+00  3.014974e-02 
 1.249922e+00  3.014978e-02 
 1.250244e+00  3.014981e-02 
 1.250565e+00  3.014984e-02 
 1.250887e+00  3.014987e-02 
 1.251209e+00  3.014991e-02 
 1.251530e+00  3.014994e-02 
 1.251852e+00  3.014997e-02 
 1.252173e+00  3.015000e-02 
 1.252495e+00  3.015004e-02 
 1.252816e+00  3.015007e-02 
 1.253138e+00  3.015010e-02 
 1.253459e+00  3.015013e-02 
 1.253781e+00  3.015017e-02 
 1.254103e+00  3.015020e-02 
 1.254424e+00  3.015023e-02 
 1.254746e+00  3.015026e-02 
 1.255067e+00  3.015030e-02 
 1.255389e+00  3.015033e-02 
 1.255710e+00  3.015036e-02 
 1.256032e+00  3.015039e-02 
 1.256353e+00  3.015043e-02 
 1.256675e+00  3.015046e-02 
 1.256997e+00  3.015049e-02 
 1.257318e+00  3.015052e-02 
 1.257640e+00  3.015056e-02 
 1.257961e+00  3.015059e-02 
 1.258283e+00  3.015062e-02 
 1.258604e+00  3.015065e-02 
 1.258926e+00  3.015069e-02 
 1.259247e+00  3.015072e-02 
 1.259569e+00  3.015075e-02 
 1.259891e+00  3.015078e-02 
 1.260212e+00  3.015081e-02 
 1.260534e+00  3.015085e-02 
 1.260855e+00  3.015088e-02 
 1.261177e+00  3.015091e-02 
 1.261498e+00  3.015094e-02 
 1.261820e+00  3.015097e-02 
 1.262141e+00  3.015101e-02 
 1.262463e+00  3.015104e-02 
 1.262785e+00  3.015107e-02 
 1.263106e+00  3.015110e-02 
 1.263428e+00  3.015113e-02 
 1.263749e+00  3.015117e-02 
 1.264071e+00  3.015120e-02 
 1.264392e+00  3.015123e-02 
 1.264714e+00  3.015126e-02 
 1.265035e+00  3.015129e-02 
 1.265357e+00  3.015132e-02 
 1.265679e+00  3.015135e-02 
 1.266000e+00  3.015138e-02 
 1.266322e+00  3.015142e-02 
 1.266643e+00  3.015145e-02 
 1.266965e+00  3.015148e-02 
 1.267286e+00  3.015151e-02 
 1.267608e+00  3.015154e-02 
 1.267929e+00  3.015157e-02 
 1.268251e+00  3.015160e-02 
 1.268573e+00  3.015163e-02 
 1.268894e+00  3.015166e-02 
 1.269216e+00  3.015169e-02 
 1.269537e+00  3.015172e-02 
 1.269859e+00  3.015175e-02 
 1.270180e+00  3.015178e-02 
 1.270502e+00  3.015181e-02 
 1.270823e+00  3.015184e-02 
 1.271145e+00  3.015187e-02 
 1.271467e+00  3.015190e-02 
 1.271788e+00  3.015193e-02 
 1.272110e+00  3.015196e-02 
 1.272431e+00  3.015199e-02 
 1.272753e+00  3.015202e-02 
 1.273074e+00  3.015205e-02 
 1.273396e+00  3.015208e-02 
 1.273717e+00  3.015211e-02 
 1.274039e+00  3.015214e-02 
 1.274361e+00  3.015217e-02 
 1.274682e+00  3.015220e-02 
 1.275004e+00  3.015223e-02 
 1.275325e+00  3.015226e-02 
 1.275647e+00  3.015229e-02 
 1.275968e+00  3.015231e-02 
 1.276290e+00  3.015234e-02 
 1.276611e+00  3.015237e-02 
 1.276933e+00  3.015240e-02 
 1.277255e+00  3.015243e-02 
 1.277576e+00  3.015246e-02 
 1.277898e+00  3.015249e-02 
 1.278219e+00  3.015251e-02 
 1.278541e+00  3.015254e-02 
 1.278862e+00  3.015257e-02 
 1.279184e+00  3.015260e-02 
 1.279505e+00  3.015263e-02 
 1.279827e+00  3.015265e-02 
 1.280149e+00  3.015268e-02 
 1.280470e+00  3.015271e-02 
 1.280792e+00  3.015274e-02 
 1.281113e+00  3.015276e-02 
 1.281435e+00  3.015279e-02 
 1.281756e+00  3.015282e-02 
 1.282078e+00  3.015284e-02 
 1.282400e+00  3.015287e-02 
 1.282721e+00  3.015290e-02 
 1.283043e+00  3.015292e-02 
 1.283364e+00  3.015295e-02 
 1.283686e+00  3.015298e-02 
 1.284007e+00  3.015300e-02 
 1.284329e+00  3.015303e-02 
 1.284650e+00  3.015306e-02 
 1.284972e+00  3.015308e-02 
 1.285294e+00  3.015311e-02 
 1.285615e+00  3.015314e-02 
 1.285937e+00  3.015316e-02 
 1.286258e+00  3.015319e-02 
 1.286580e+00  3.015321e-02 
 1.286901e+00  3.015324e-02 
 1.287223e+00  3.015326e-02 
 1.287544e+00  3.015329e-02 
 1.287866e+00  3.015332e-02 
 1.288188e+00  3.015334e-02 
 1.288509e+00  3.015337e-02 
 1.288831e+00  3.015339e-02 
 1.289152e+00  3.015342e-02 
 1.289474e+00  3.015344e-02 
 1.289795e+00  3.015347e-02 
 1.290117e+00  3.015349e-02 
 1.290438e+00  3.015352e-02 
 1.290760e+00  3.015354e-02 
 1.291082e+00  3.015356e-02 
 1.291403e+00  3.015359e-02 
 1.291725e+00  3.015361e-02 
 1.292046e+00  3.015364e-02 
 1.292368e+00  3.015366e-02 
 1.292689e+00  3.015369e-02 
 1.293011e+00  3.015371e-02 
 1.293332e+00  3.015373e-02 
 1.293654e+00  3.015376e-02 
 1.293976e+00  3.015378e-02 
 1.294297e+00  3.015380e-02 
 1.294619e+00  3.015383e-02 
 1.294940e+00  3.015385e-02 
 1.295262e+00  3.015387e-02 
 1.295583e+00  3.015390e-02 
 1.295905e+00  3.015392e-02 
 1.296226e+00  3.015394e-02 
 1.296548e+00  3.015397e-02 
 1.296870e+00  3.015399e-02 
 1.297191e+00  3.015401e-02 
 1.297513e+00  3.015403e-02 
 1.297834e+00  3.015406e-02 
 1.298156e+00  3.015408e-02 
 1.298477e+00  3.015410e-02 
 1.298799e+00  3.015412e-02 
 1.299120e+00  3.015415e-02 
 1.299442e+00  3.015417e-02 
 1.299764e+00  3.015419e-02 
 1.300085e+00  3.015421e-02 
 1.300407e+00  3.015423e-02 
 1.300728e+00  3.015426e-02 
 1.301050e+00  3.015428e-02 
 1.301371e+00  3.015430e-02 
 1.301693e+00  3.015432e-02 
 1.302014e+00  3.015434e-02 
 1.302336e+00  3.015436e-02 
 1.302658e+00  3.015439e-02 
 1.302979e+00  3.015441e-02 
 1.303301e+00  3.015443e-02 
 1.303622e+00  3.015445e-02 
 1.303944e+00  3.015447e-02 
 1.304265e+00  3.015449e-02 
 1.304587e+00  3.015451e-02 
 1.304908e+00  3.015453e-02 
 1.305230e+00  3.015455e-02 
 1.305552e+00  3.015457e-02 
 1.305873e+00  3.015459e-02 
 1.306195e+00  3.015461e-02 
 1.306516e+00  3.015463e-02 
 1.306838e+00  3.015465e-02 
 1.307159e+00  3.015467e-02 
 1.307481e+00  3.015469e-02 
 1.307802e+00  3.015471e-02 
 1.308124e+00  3.015473e-02 
 1.308446e+00  3.015475e-02 
 1.308767e+00  3.015477e-02 
 1.309089e+00  3.015479e-02 
 1.309410e+00  3.015481e-02 
 1.309732e+00  3.015483e-02 
 1.310053e+00  3.015485e-02 
 1.310375e+00  3.015487e-02 
 1.310696e+00  3.015488e-02 
 1.311018e+00  3.015490e-02 
 1.311340e+00  3.015492e-02 
 1.311661e+00  3.015494e-02 
 1.311983e+00  3.015496e-02 
 1.312304e+00  3.015498e-02 
 1.312626e+00  3.015500e-02 
 1.312947e+00  3.015501e-02 
 1.313269e+00  3.015503e-02 
 1.313590e+00  3.015505e-02 
 1.313912e+00  3.015507e-02 
 1.314234e+00  3.015508e-02 
 1.314555e+00  3.015510e-02 
 1.314877e+00  3.015512e-02 
 1.315198e+00  3.015514e-02 
 1.315520e+00  3.015515e-02 
 1.315841e+00  3.015517e-02 
 1.316163e+00  3.015519e-02 
 1.316484e+00  3.015521e-02 
 1.316806e+00  3.015522e-02 
 1.317128e+00  3.015524e-02 
 1.317449e+00  3.015525e-02 
 1.317771e+00  3.015527e-02 
 1.318092e+00  3.015529e-02 
 1.318414e+00  3.015530e-02 
 1.318735e+00  3.015532e-02 
 1.319057e+00  3.015534e-02 
 1.319379e+00  3.015535e-02 
 1.319700e+00  3.015537e-02 
 1.320022e+00  3.015538e-02 
 1.320343e+00  3.015540e-02 
 1.320665e+00  3.015541e-02 
 1.320986e+00  3.015543e-02 
 1.321308e+00  3.015544e-02 
 1.321629e+00  3.015546e-02 
 1.321951e+00  3.015547e-02 
 1.322273e+00  3.015549e-02 
 1.322594e+00  3.015550e-02 
 1.322916e+00  3.015552e-02 
 1.323237e+00  3.015553e-02 
 1.323559e+00  3.015555e-02 
 1.323880e+00  3.015556e-02 
 1.324202e+00  3.015557e-02 
 1.324523e+00  3.015559e-02 
 1.324845e+00  3.015560e-02 
 1.325167e+00  3.015561e-02 
 1.325488e+00  3.015563e-02 
 1.325810e+00  3.015564e-02 
 1.326131e+00  3.015565e-02 
 1.326453e+00  3.015567e-02 
 1.326774e+00  3.015568e-02 
 1.327096e+00  3.015569e-02 
 1.327417e+00  3.015570e-02 
 1.327739e+00  3.015572e-02 
 1.328061e+00  3.015573e-02 
 1.328382e+00  3.015574e-02 
 1.328704e+00  3.015575e-02 
 1.329025e+00  3.015576e-02 
 1.329347e+00  3.015577e-02 
 1.329668e+00  3.015579e-02 
 1.329990e+00  3.015580e-02 
 1.330311e+00  3.015581e-02 
 1.330633e+00  3.015582e-02 
 1.330955e+00  3.015583e-02 
 1.331276e+00  3.015584e-02 
 1.331598e+00  3.015585e-02 
 1.331919e+00  3.015586e-02 
 1.332241e+00  3.015587e-02 
 1.332562e+00  3.015588e-02 
 1.332884e+00  3.015589e-02 
 1.333205e+00  3.015590e-02 
 1.333527e+00  3.015591e-02 
 1.333849e+00  3.015592e-02 
 1.334170e+00  3.015593e-02 
 1.334492e+00  3.015594e-02 
 1.334813e+00  3.015594e-02 
 1.335135e+00  3.015595e-02 
 1.335456e+00  3.015596e-02 
 1.335778e+00  3.015597e-02 
 1.336099e+00  3.015598e-02 
 1.336421e+00  3.015599e-02 
 1.336743e+00  3.015599e-02 
 1.337064e+00  3.015600e-02 
 1.337386e+00  3.015601e-02 
 1.337707e+00  3.015602e-02 
 1.338029e+00  3.015602e-02 
 1.338350e+00  3.015603e-02 
 1.338672e+00  3.015604e-02 
 1.338993e+00  3.015604e-02 
 1.339315e+00  3.015605e-02 
 1.339637e+00  3.015605e-02 
 1.339958e+00  3.015606e-02 
 1.340280e+00  3.015607e-02 
 1.340601e+00  3.015607e-02 
 1.340923e+00  3.015608e-02 
 1.341244e+00  3.015608e-02 
 1.341566e+00  3.015609e-02 
 1.341887e+00  3.015609e-02 
 1.342209e+00  3.015610e-02 
 1.342531e+00  3.015610e-02 
 1.342852e+00  3.015611e-02 
 1.343174e+00  3.015611e-02 
 1.343495e+00  3.015612e-02 
 1.343817e+00  3.015612e-02 
 1.344138e+00  3.015612e-02 
 1.344460e+00  3.015613e-02 
 1.344781e+00  3.015613e-02 
 1.345103e+00  3.015613e-02 
 1.345425e+00  3.015614e-02 
 1.345746e+00  3.015614e-02 
 1.346068e+00  3.015614e-02 
 1.346389e+00  3.015614e-02 
 1.346711e+00  3.015615e-02 
 1.347032e+00  3.015615e-02 
 1.347354e+00  3.015615e-02 
 1.347675e+00  3.015615e-02 
 1.347997e+00  3.015616e-02 
 1.348319e+00  3.015616e-02 
 1.348640e+00  3.015616e-02 
 1.348962e+00  3.015616e-02 
 1.349283e+00  3.015616e-02 
 1.349605e+00  3.015616e-02 
 1.349926e+00  3.015616e-02 
 1.350248e+00  3.015616e-02 
 1.350569e+00  3.015616e-02 
 1.350891e+00  3.015617e-02 
 1.351213e+00  3.015617e-02 
 1.351534e+00  3.015617e-02 
 1.351856e+00  3.015617e-02 
 1.352177e+00  3.015617e-02 
 1.352499e+00  3.015617e-02 
 1.352820e+00  3.015617e-02 
 1.353142e+00  3.015616e-02 
 1.353464e+00  3.015616e-02 
 1.353785e+00  3.015616e-02 
 1.354107e+00  3.015616e-02 
 1.354428e+00  3.015616e-02 
 1.354750e+00  3.015616e-02 
 1.355071e+00  3.015616e-02 
 1.355393e+00  3.015616e-02 
 1.355714e+00  3.015616e-02 
 1.356036e+00  3.015615e-02 
 1.356358e+00  3.015615e-02 
 1.356679e+00  3.015615e-02 
 1.357001e+00  3.015615e-02 
 1.357322e+00  3.015615e-02 
 1.357644e+00  3.015614e-02 
 1.357965e+00  3.015614e-02 
 1.358287e+00  3.015614e-02 
 1.358608e+00  3.015614e-02 
 1.358930e+00  3.015613e-02 
 1.359252e+00  3.015613e-02 
 1.359573e+00  3.015613e-02 
 1.359895e+00  3.015612e-02 
 1.360216e+00  3.015612e-02 
 1.360538e+00  3.015612e-02 
 1.360859e+00  3.015611e-02 
 1.361181e+00  3.015611e-02 
 1.361502e+00  3.015610e-02 
 1.361824e+00  3.015610e-02 
 1.362146e+00  3.015610e-02 
 1.362467e+00  3.015609e-02 
 1.362789e+00  3.015609e-02 
 1.363110e+00  3.015608e-02 
 1.363432e+00  3.015608e-02 
 1.363753e+00  3.015607e-02 
 1.364075e+00  3.015607e-02 
 1.364396e+00  3.015606e-02 
 1.364718e+00  3.015606e-02 
 1.365040e+00  3.015605e-02 
 1.365361e+00  3.015605e-02 
 1.365683e+00  3.015604e-02 
 1.366004e+00  3.015604e-02 
 1.366326e+00  3.015603e-02 
 1.366647e+00  3.015602e-02 
 1.366969e+00  3.015602e-02 
 1.367290e+00  3.015601e-02 
 1.367612e+00  3.015601e-02 
 1.367934e+00  3.015600e-02 
 1.368255e+00  3.015599e-02 
 1.368577e+00  3.015599e-02 
 1.368898e+00  3.015598e-02 
 1.369220e+00  3.015597e-02 
 1.369541e+00  3.015596e-02 
 1.369863e+00  3.015596e-02 
 1.370184e+00  3.015595e-02 
 1.370506e+00  3.015594e-02 
 1.370828e+00  3.015593e-02 
 1.371149e+00  3.015593e-02 
 1.371471e+00  3.015592e-02 
 1.371792e+00  3.015591e-02 
 1.372114e+00  3.015590e-02 
 1.372435e+00  3.015589e-02 
 1.372757e+00  3.015588e-02 
 1.373078e+00  3.015588e-02 
 1.373400e+00  3.015587e-02 
 1.373722e+00  3.015586e-02 
 1.374043e+00  3.015585e-02 
 1.374365e+00  3.015584e-02 
 1.374686e+00  3.015583e-02 
 1.375008e+00  3.015582e-02 
 1.375329e+00  3.015581e-02 
 1.375651e+00  3.015580e-02 
 1.375972e+00  3.015579e-02 
 1.376294e+00  3.015578e-02 
 1.376616e+00  3.015577e-02 
 1.376937e+00  3.015576e-02 
 1.377259e+00  3.015575e-02 
 1.377580e+00  3.015574e-02 
 1.377902e+00  3.015573e-02 
 1.378223e+00  3.015572e-02 
 1.378545e+00  3.015571e-02 
 1.378866e+00  3.015569e-02 
 1.379188e+00  3.015568e-02 
 1.379510e+00  3.015567e-02 
 1.379831e+00  3.015566e-02 
 1.380153e+00  3.015565e-02 
 1.380474e+00  3.015564e-02 
 1.380796e+00  3.015562e-02 
 1.381117e+00  3.015561e-02 
 1.381439e+00  3.015560e-02 
 1.381760e+00  3.015559e-02 
 1.382082e+00  3.015557e-02 
 1.382404e+00  3.015556e-02 
 1.382725e+00  3.015555e-02 
 1.383047e+00  3.015553e-02 
 1.383368e+00  3.015552e-02 
 1.383690e+00  3.015551e-02 
 1.384011e+00  3.015549e-02 
 1.384333e+00  3.015548e-02 
 1.384654e+00  3.015547e-02 
 1.384976e+00  3.015545e-02 
 1.385298e+00  3.015544e-02 
 1.385619e+00  3.015542e-02 
 1.385941e+00  3.015541e-02 
 1.386262e+00  3.015540e-02 
 1.386584e+00  3.015538e-02 
 1.386905e+00  3.015537e-02 
 1.387227e+00  3.015535e-02 
 1.387548e+00  3.015534e-02 
 1.387870e+00  3.015532e-02 
 1.388192e+00  3.015530e-02 
 1.388513e+00  3.015529e-02 
 1.388835e+00  3.015527e-02 
 1.389156e+00  3.015526e-02 
 1.389478e+00  3.015524e-02 
 1.389799e+00  3.015522e-02 
 1.390121e+00  3.015521e-02 
 1.390443e+00  3.015519e-02 
 1.390764e+00  3.015518e-02 
 1.391086e+00  3.015516e-02 
 1.391407e+00  3.015514e-02 
 1.391729e+00  3.015512e-02 
 1.392050e+00  3.015511e-02 
 1.392372e+00  3.015509e-02 
 1.392693e+00  3.015507e-02 
 1.393015e+00  3.015505e-02 
 1.393337e+00  3.015504e-02 
 1.393658e+00  3.015502e-02 
 1.393980e+00  3.015500e-02 
 1.394301e+00  3.015498e-02 
 1.394623e+00  3.015496e-02 
 1.394944e+00  3.015495e-02 
 1.395266e+00  3.015493e-02 
 1.395587e+00  3.015491e-02 
 1.395909e+00  3.015489e-02 
 1.396231e+00  3.015487e-02 
 1.396552e+00  3.015485e-02 
 1.396874e+00  3.015483e-02 
 1.397195e+00  3.015481e-02 
 1.397517e+00  3.015479e-02 
 1.397838e+00  3.015477e-02 
 1.398160e+00  3.015475e-02 
 1.398481e+00  3.015473e-02 
 1.398803e+00  3.015471e-02 
 1.399125e+00  3.015469e-02 
 1.399446e+00  3.015467e-02 
 1.399768e+00  3.015465e-02 
 1.400089e+00  3.015463e-02 
 1.400411e+00  3.015461e-02 
 1.400732e+00  3.015459e-02 
 1.401054e+00  3.015457e-02 
 1.401375e+00  3.015455e-02 
 1.401697e+00  3.015453e-02 
 1.402019e+00  3.015451e-02 
 1.402340e+00  3.015449e-02 
 1.402662e+00  3.015446e-02 
 1.402983e+00  3.015444e-02 
 1.403305e+00  3.015442e-02 
 1.403626e+00  3.015440e-02 
 1.403948e+00  3.015438e-02 
 1.404269e+00  3.015436e-02 
 1.404591e+00  3.015433e-02 
 1.404913e+00  3.015431e-02 
 1.405234e+00  3.015429e-02 
 1.405556e+00  3.015427e-02 
 1.405877e+00  3.015424e-02 
 1.406199e+00  3.015422e-02 
 1.406520e+00  3.015420e-02 
 1.406842e+00  3.015418e-02 
 1.407163e+00  3.015415e-02 
 1.407485e+00  3.015413e-02 
 1.407807e+00  3.015411e-02 
 1.408128e+00  3.015408e-02 
 1.408450e+00  3.015406e-02 
 1.408771e+00  3.015404e-02 
 1.409093e+00  3.015402e-02 
 1.409414e+00  3.015399e-02 
 1.409736e+00  3.015397e-02 
 1.410057e+00  3.015394e-02 
 1.410379e+00  3.015392e-02 
 1.410701e+00  3.015390e-02 
 1.411022e+00  3.015387e-02 
 1.411344e+00  3.015385e-02 
 1.411665e+00  3.015383e-02 
 1.411987e+00  3.015380e-02 
 1.412308e+00  3.015378e-02 
 1.412630e+00  3.015375e-02 
 1.412951e+00  3.015373e-02 
 1.413273e+00  3.015371e-02 
 1.413595e+00  3.015368e-02 
 1.413916e+00  3.015366e-02 
 1.414238e+00  3.015363e-02 
 1.414559e+00  3.015361e-02 
 1.414881e+00  3.015358e-02 
 1.415202e+00  3.015356e-02 
 1.415524e+00  3.015354e-02 
 1.415845e+00  3.015351e-02 
 1.416167e+00  3.015349e-02 
 1.416489e+00  3.015346e-02 
 1.416810e+00  3.015344e-02 
 1.417132e+00  3.015341e-02 
 1.417453e+00  3.015339e-02 
 1.417775e+00  3.015336e-02 
 1.418096e+00  3.015334e-02 
 1.418418e+00  3.015331e-02 
 1.418739e+00  3.015329e-02 
 1.419061e+00  3.015326e-02 
 1.419383e+00  3.015324e-02 
 1.419704e+00  3.015321e-02 
 1.420026e+00  3.015319e-02 
 1.420347e+00  3.015316e-02 
 1.420669e+00  3.015314e-02 
 1.420990e+00  3.015311e-02 
 1.421312e+00  3.015309e-02 
 1.421633e+00  3.015306e-02 
 1.421955e+00  3.015304e-02 
 1.422277e+00  3.015302e-02 
 1.422598e+00  3.015299e-02 
 1.422920e+00  3.015297e-02 
 1.423241e+00  3.015294e-02 
 1.423563e+00  3.015292e-02 
 1.423884e+00  3.015289e-02 
 1.424206e+00  3.015287e-02 
 1.424527e+00  3.015284e-02 
 1.424849e+00  3.015282e-02 
 1.425171e+00  3.015279e-02 
 1.425492e+00  3.015277e-02 
 1.425814e+00  3.015274e-02 
 1.426135e+00  3.015272e-02 
 1.426457e+00  3.015269e-02 
 1.426778e+00  3.015267e-02 
 1.427100e+00  3.015265e-02 
 1.427422e+00  3.015262e-02 
 1.427743e+00  3.015260e-02 
 1.428065e+00  3.015257e-02 
 1.428386e+00  3.015255e-02 
 1.428708e+00  3.015252e-02 
 1.429029e+00  3.015250e-02 
 1.429351e+00  3.015248e-02 
 1.429672e+00  3.015245e-02 
 1.429994e+00  3.015243e-02 
 1.430316e+00  3.015240e-02 
 1.430637e+00  3.015238e-02 
 1.430959e+00  3.015236e-02 
 1.431280e+00  3.015233e-02 
 1.431602e+00  3.015231e-02 
 1.431923e+00  3.015228e-02 
 1.432245e+00  3.015226e-02 
 1.432566e+00  3.015224e-02 
 1.432888e+00  3.015221e-02 
 1.433210e+00  3.015219e-02 
 1.433531e+00  3.015217e-02 
 1.433853e+00  3.015214e-02 
 1.434174e+00  3.015212e-02 
 1.434496e+00  3.015210e-02 
 1.434817e+00  3.015207e-02 
 1.435139e+00  3.015205e-02 
 1.435460e+00  3.015203e-02 
 1.435782e+00  3.015200e-02 
 1.436104e+00  3.015198e-02 
 1.436425e+00  3.015196e-02 
 1.436747e+00  3.015194e-02 
 1.437068e+00  3.015191e-02 
 1.437390e+00  3.015189e-02 
 1.437711e+00  3.015187e-02 
 1.438033e+00  3.015185e-02 
 1.438354e+00  3.015182e-02 
 1.438676e+00  3.015180e-02 
 1.438998e+00  3.015178e-02 
 1.439319e+00  3.015176e-02 
 1.439641e+00  3.015174e-02 
 1.439962e+00  3.015172e-02 
 1.440284e+00  3.015169e-02 
 1.440605e+00  3.015167e-02 
 1.440927e+00  3.015165e-02 
 1.441248e+00  3.015163e-02 
 1.441570e+00  3.015161e-02 
 1.441892e+00  3.015159e-02 
 1.442213e+00  3.015157e-02 
 1.442535e+00  3.015154e-02 
 1.442856e+00  3.015152e-02 
 1.443178e+00  3.015150e-02 
 1.443499e+00  3.015148e-02 
 1.443821e+00  3.015146e-02 
 1.444142e+00  3.015144e-02 
 1.444464e+00  3.015142e-02 
 1.444786e+00  3.015140e-02 
 1.445107e+00  3.015138e-02 
 1.445429e+00  3.015136e-02 
 1.445750e+00  3.015134e-02 
 1.446072e+00  3.015132e-02 
 1.446393e+00  3.015130e-02 
 1.446715e+00  3.015128e-02 
 1.447036e+00  3.015126e-02 
 1.447358e+00  3.015124e-02 
 1.447680e+00  3.015122e-02 
 1.448001e+00  3.015120e-02 
 1.448323e+00  3.015118e-02 
 1.448644e+00  3.015116e-02 
 1.448966e+00  3.015114e-02 
 1.449287e+00  3.015112e-02 
 1.449609e+00  3.015111e-02 
 1.449930e+00  3.015109e-02 
 1.450252e+00  3.015107e-02 
 1.450574e+00  3.015105e-02 
 1.450895e+00  3.015103e-02 
 1.451217e+00  3.015101e-02 
 1.451538e+00  3.015099e-02 
 1.451860e+00  3.015098e-02 
 1.452181e+00  3.015096e-02 
 1.452503e+00  3.015094e-02 
 1.452824e+00  3.015092e-02 
 1.453146e+00  3.015090e-02 
 1.453468e+00  3.015089e-02 
 1.453789e+00  3.015087e-02 
 1.454111e+00  3.015085e-02 
 1.454432e+00  3.015083e-02 
 1.454754e+00  3.015082e-02 
 1.455075e+00  3.015080e-02 
 1.455397e+00  3.015078e-02 
 1.455718e+00  3.015076e-02 
 1.456040e+00  3.015075e-02 
 1.456362e+00  3.015073e-02 
 1.456683e+00  3.015071e-02 
 1.457005e+00  3.015070e-02 
 1.457326e+00  3.015068e-02 
 1.457648e+00  3.015066e-02 
 1.457969e+00  3.015065e-02 
 1.458291e+00  3.015063e-02 
 1.458612e+00  3.015061e-02 
 1.458934e+00  3.015060e-02 
 1.459256e+00  3.015058e-02 
 1.459577e+00  3.015057e-02 
 1.459899e+00  3.015055e-02 
 1.460220e+00  3.015053e-02 
 1.460542e+00  3.015052e-02 
 1.460863e+00  3.015050e-02 
 1.461185e+00  3.015049e-02 
 1.461506e+00  3.015047e-02 
 1.461828e+00  3.015046e-02 
 1.462150e+00  3.015044e-02 
 1.462471e+00  3.015043e-02 
 1.462793e+00  3.015041e-02 
 1.463114e+00  3.015040e-02 
 1.463436e+00  3.015038e-02 
 1.463757e+00  3.015037e-02 
 1.464079e+00  3.015035e-02 
 1.464401e+00  3.015034e-02 
 1.464722e+00  3.015032e-02 
 1.465044e+00  3.015031e-02 
 1.465365e+00  3.015029e-02 
 1.465687e+00  3.015028e-02 
 1.466008e+00  3.015027e-02 
 1.466330e+00  3.015025e-02 
 1.466651e+00  3.015024e-02 
 1.466973e+00  3.015023e-02 
 1.467295e+00  3.015021e-02 
 1.467616e+00  3.015020e-02 
 1.467938e+00  3.015018e-02 
 1.468259e+00  3.015017e-02 
 1.468581e+00  3.015016e-02 
 1.468902e+00  3.015014e-02 
 1.469224e+00  3.015013e-02 
 1.469545e+00  3.015012e-02 
 1.469867e+00  3.015011e-02 
 1.470189e+00  3.015009e-02 
 1.470510e+00  3.015008e-02 
 1.470832e+00  3.015007e-02 
 1.471153e+00  3.015005e-02 
 1.471475e+00  3.015004e-02 
 1.471796e+00  3.015003e-02 
 1.472118e+00  3.015002e-02 
 1.472439e+00  3.015001e-02 
 1.472761e+00  3.014999e-02 
 1.473083e+00  3.014998e-02 
 1.473404e+00  3.014997e-02 
 1.473726e+00  3.014996e-02 
 1.474047e+00  3.014995e-02 
 1.474369e+00  3.014993e-02 
 1.474690e+00  3.014992e-02 
 1.475012e+00  3.014991e-02 
 1.475333e+00  3.014990e-02 
 1.475655e+00  3.014989e-02 
 1.475977e+00  3.014988e-02 
 1.476298e+00  3.014987e-02 
 1.476620e+00  3.014985e-02 
 1.476941e+00  3.014984e-02 
 1.477263e+00  3.014983e-02 
 1.477584e+00  3.014982e-02 
 1.477906e+00  3.014981e-02 
 1.478227e+00  3.014980e-02 
 1.478549e+00  3.014979e-02 
 1.478871e+00  3.014978e-02 
 1.479192e+00  3.014977e-02 
 1.479514e+00  3.014976e-02 
 1.479835e+00  3.014975e-02 
 1.480157e+00  3.014974e-02 
 1.480478e+00  3.014973e-02 
 1.480800e+00  3.014972e-02 
 1.481121e+00  3.014971e-02 
 1.481443e+00  3.014970e-02 
 1.481765e+00  3.014969e-02 
 1.482086e+00  3.014968e-02 
 1.482408e+00  3.014967e-02 
 1.482729e+00  3.014966e-02 
 1.483051e+00  3.014965e-02 
 1.483372e+00  3.014964e-02 
 1.483694e+00  3.014963e-02 
 1.484015e+00  3.014962e-02 
 1.484337e+00  3.014961e-02 
 1.484659e+00  3.014960e-02 
 1.484980e+00  3.014959e-02 
 1.485302e+00  3.014958e-02 
 1.485623e+00  3.014957e-02 
 1.485945e+00  3.014957e-02 
 1.486266e+00  3.014956e-02 
 1.486588e+00  3.014955e-02 
 1.486909e+00  3.014954e-02 
 1.487231e+00  3.014953e-02 
 1.487553e+00  3.014952e-02 
 1.487874e+00  3.014951e-02 
 1.488196e+00  3.014951e-02 
 1.488517e+00  3.014950e-02 
 1.488839e+00  3.014949e-02 
 1.489160e+00  3.014948e-02 
 1.489482e+00  3.014947e-02 
 1.489803e+00  3.014946e-02 
 1.490125e+00  3.014946e-02 
 1.490447e+00  3.014945e-02 
 1.490768e+00  3.014944e-02 
 1.491090e+00  3.014943e-02 
 1.491411e+00  3.014943e-02 
 1.491733e+00  3.014942e-02 
 1.492054e+00  3.014941e-02 
 1.492376e+00  3.014940e-02 
 1.492697e+00  3.014940e-02 
 1.493019e+00  3.014939e-02 
 1.493341e+00  3.014938e-02 
 1.493662e+00  3.014937e-02 
 1.493984e+00  3.014937e-02 
 1.494305e+00  3.014936e-02 
 1.494627e+00  3.014935e-02 
 1.494948e+00  3.014935e-02 
 1.495270e+00  3.014934e-02 
 1.495591e+00  3.014933e-02 
 1.495913e+00  3.014933e-02 
 1.496235e+00  3.014932e-02 
 1.496556e+00  3.014931e-02 
 1.496878e+00  3.014931e-02 
 1.497199e+00  3.014930e-02 
 1.497521e+00  3.014930e-02 
 1.497842e+00  3.014929e-02 
 1.498164e+00  3.014928e-02 
 1.498485e+00  3.014928e-02 
 1.498807e+00  3.014927e-02 
 1.499129e+00  3.014927e-02 
 1.499450e+00  3.014926e-02 
 1.499772e+00  3.014925e-02 
 1.500093e+00  3.014925e-02 
 1.500415e+00  3.014924e-02 
 1.500736e+00  3.014924e-02 
 1.501058e+00  3.014923e-02 
 1.501380e+00  3.014923e-02 
 1.501701e+00  3.014922e-02 
 1.502023e+00  3.014922e-02 
 1.502344e+00  3.014921e-02 
 1.502666e+00  3.014921e-02 
 1.502987e+00  3.014920e-02 
 1.503309e+00  3.014920e-02 
 1.503630e+00  3.014919e-02 
 1.503952e+00  3.014919e-02 
 1.504274e+00  3.014918e-02 
 1.504595e+00  3.014918e-02 
 1.504917e+00  3.014918e-02 
 1.505238e+00  3.014917e-02 
 1.505560e+00  3.014917e-02 
 1.505881e+00  3.014916e-02 
 1.506203e+00  3.014916e-02 
 1.506524e+00  3.014916e-02 
 1.506846e+00  3.014915e-02 
 1.507168e+00  3.014915e-02 
 1.507489e+00  3.014914e-02 
 1.507811e+00  3.014914e-02 
 1.508132e+00  3.014914e-02 
 1.508454e+00  3.014913e-02 
 1.508775e+00  3.014913e-02 
 1.509097e+00  3.014913e-02 
 1.509418e+00  3.014912e-02 
 1.509740e+00  3.014912e-02 
 1.510062e+00  3.014912e-02 
 1.510383e+00  3.014911e-02 
 1.510705e+00  3.014911e-02 
 1.511026e+00  3.014911e-02 
 1.511348e+00  3.014910e-02 
 1.511669e+00  3.014910e-02 
 1.511991e+00  3.014910e-02 
 1.512312e+00  3.014910e-02 
 1.512634e+00  3.014909e-02 
 1.512956e+00  3.014909e-02 
 1.513277e+00  3.014909e-02 
 1.513599e+00  3.014909e-02 
 1.513920e+00  3.014908e-02 
 1.514242e+00  3.014908e-02 
 1.514563e+00  3.014908e-02 
 1.514885e+00  3.014908e-02 
 1.515206e+00  3.014908e-02 
 1.515528e+00  3.014908e-02 
 1.515850e+00  3.014907e-02 
 1.516171e+00  3.014907e-02 
 1.516493e+00  3.014907e-02 
 1.516814e+00  3.014907e-02 
 1.517136e+00  3.014907e-02 
 1.517457e+00  3.014907e-02 
 1.517779e+00  3.014906e-02 
 1.518100e+00  3.014906e-02 
 1.518422e+00  3.014906e-02 
 1.518744e+00  3.014906e-02 
 1.519065e+00  3.014906e-02 
 1.519387e+00  3.014906e-02 
 1.519708e+00  3.014906e-02 
 1.520030e+00  3.014906e-02 
 1.520351e+00  3.014906e-02 
 1.520673e+00  3.014906e-02 
 1.520994e+00  3.014906e-02 
 1.521316e+00  3.014906e-02 
 1.521638e+00  3.014906e-02 
 1.521959e+00  3.014906e-02 
 1.522281e+00  3.014906e-02 
 1.522602e+00  3.014906e-02 
 1.522924e+00  3.014906e-02 
 1.523245e+00  3.014906e-02 
 1.523567e+00  3.014906e-02 
 1.523888e+00  3.014906e-02 
 1.524210e+00  3.014906e-02 
 1.524532e+00  3.014906e-02 
 1.524853e+00  3.014906e-02 
 1.525175e+00  3.014906e-02 
 1.525496e+00  3.014906e-02 
 1.525818e+00  3.014906e-02 
 1.526139e+00  3.014906e-02 
 1.526461e+00  3.014907e-02 
 1.526782e+00  3.014907e-02 
 1.527104e+00  3.014907e-02 
 1.527426e+00  3.014907e-02 
 1.527747e+00  3.014907e-02 
 1.528069e+00  3.014907e-02 
 1.528390e+00  3.014908e-02 
 1.528712e+00  3.014908e-02 
 1.529033e+00  3.014908e-02 
 1.529355e+00  3.014908e-02 
 1.529676e+00  3.014908e-02 
 1.529998e+00  3.014909e-02 
 1.530320e+00  3.014909e-02 
 1.530641e+00  3.014909e-02 
 1.530963e+00  3.014909e-02 
 1.531284e+00  3.014910e-02 
 1.531606e+00  3.014910e-02 
 1.531927e+00  3.014910e-02 
 1.532249e+00  3.014910e-02 
 1.532570e+00  3.014911e-02 
 1.532892e+00  3.014911e-02 
 1.533214e+00  3.014911e-02 
 1.533535e+00  3.014912e-02 
 1.533857e+00  3.014912e-02 
 1.534178e+00  3.014912e-02 
 1.534500e+00  3.014913e-02 
 1.534821e+00  3.014913e-02 
 1.535143e+00  3.014913e-02 
 1.535464e+00  3.014914e-02 
 1.535786e+00  3.014914e-02 
 1.536108e+00  3.014915e-02 
 1.536429e+00  3.014915e-02 
 1.536751e+00  3.014915e-02 
 1.537072e+00  3.014916e-02 
 1.537394e+00  3.014916e-02 
 1.537715e+00  3.014917e-02 
 1.538037e+00  3.014917e-02 
 1.538359e+00  3.014918e-02 
 1.538680e+00  3.014918e-02 
 1.539002e+00  3.014919e-02 
 1.539323e+00  3.014919e-02 
 1.539645e+00  3.014920e-02 
 1.539966e+00  3.014920e-02 
 1.540288e+00  3.014920e-02 
 1.540609e+00  3.014921e-02 
 1.540931e+00  3.014922e-02 
 1.541253e+00  3.014922e-02 
 1.541574e+00  3.014923e-02 
 1.541896e+00  3.014923e-02 
 1.542217e+00  3.014924e-02 
 1.542539e+00  3.014924e-02 
 1.542860e+00  3.014925e-02 
 1.543182e+00  3.014925e-02 
 1.543503e+00  3.014926e-02 
 1.543825e+00  3.014926e-02 
 1.544147e+00  3.014927e-02 
 1.544468e+00  3.014928e-02 
 1.544790e+00  3.014928e-02 
 1.545111e+00  3.014929e-02 
 1.545433e+00  3.014929e-02 
 1.545754e+00  3.014930e-02 
 1.546076e+00  3.014931e-02 
 1.546397e+00  3.014931e-02 
 1.546719e+00  3.014932e-02 
 1.547041e+00  3.014933e-02 
 1.547362e+00  3.014933e-02 
 1.547684e+00  3.014934e-02 
 1.548005e+00  3.014935e-02 
 1.548327e+00  3.014935e-02 
 1.548648e+00  3.014936e-02 
 1.548970e+00  3.014937e-02 
 1.549291e+00  3.014937e-02 
 1.549613e+00  3.014938e-02 
 1.549935e+00  3.014939e-02 
 1.550256e+00  3.014939e-02 
 1.550578e+00  3.014940e-02 
 1.550899e+00  3.014941e-02 
 1.551221e+00  3.014942e-02 
 1.551542e+00  3.014942e-02 
 1.551864e+00  3.014943e-02 
 1.552185e+00  3.014944e-02 
 1.552507e+00  3.014945e-02 
 1.552829e+00  3.014945e-02 
 1.553150e+00  3.014946e-02 
 1.553472e+00  3.014947e-02 
 1.553793e+00  3.014948e-02 
 1.554115e+00  3.014948e-02 
 1.554436e+00  3.014949e-02 
 1.554758e+00  3.014950e-02 
 1.555079e+00  3.014951e-02 
 1.555401e+00  3.014952e-02 
 1.555723e+00  3.014952e-02 
 1.556044e+00  3.014953e-02 
 1.556366e+00  3.014954e-02 
 1.556687e+00  3.014955e-02 
 1.557009e+00  3.014956e-02 
 1.557330e+00  3.014956e-02 
 1.557652e+00  3.014957e-02 
 1.557973e+00  3.014958e-02 
 1.558295e+00  3.014959e-02 
 1.558617e+00  3.014960e-02 
 1.558938e+00  3.014961e-02 
 1.559260e+00  3.014961e-02 
 1.559581e+00  3.014962e-02 
 1.559903e+00  3.014963e-02 
 1.560224e+00  3.014964e-02 
 1.560546e+00  3.014965e-02 
 1.560867e+00  3.014966e-02 
 1.561189e+00  3.014967e-02 
 1.561511e+00  3.014968e-02 
 1.561832e+00  3.014969e-02 
 1.562154e+00  3.014969e-02 
 1.562475e+00  3.014970e-02 
 1.562797e+00  3.014971e-02 
 1.563118e+00  3.014972e-02 
 1.563440e+00  3.014973e-02 
 1.563761e+00  3.014974e-02 
 1.564083e+00  3.014975e-02 
 1.564405e+00  3.014976e-02 
 1.564726e+00  3.014977e-02 
 1.565048e+00  3.014978e-02 
 1.565369e+00  3.014979e-02 
 1.565691e+00  3.014980e-02 
 1.566012e+00  3.014981e-02 
 1.566334e+00  3.014982e-02 
 1.566655e+00  3.014983e-02 
 1.566977e+00  3.014984e-02 
 1.567299e+00  3.014985e-02 
 1.567620e+00  3.014986e-02 
 1.567942e+00  3.014987e-02 
 1.568263e+00  3.014988e-02 
 1.568585e+00  3.014989e-02 
 1.568906e+00  3.014990e-02 
 1.569228e+00  3.014991e-02 
 1.569549e+00  3.014992e-02 
 1.569871e+00  3.014993e-02 
 1.570193e+00  3.014994e-02 
 1.570514e+00  3.014995e-02 
 1.570836e+00  3.014996e-02 
 1.571157e+00  3.014998e-02 
 1.571479e+00  3.014999e-02 
 1.571800e+00  3.015000e-02 
 1.572122e+00  3.015001e-02 
 1.572443e+00  3.015002e-02 
 1.572765e+00  3.015003e-02 
 1.573087e+00  3.015004e-02 
 1.573408e+00  3.015005e-02 
 1.573730e+00  3.015007e-02 
 1.574051e+00  3.015008e-02 
 1.574373e+00  3.015009e-02 
 1.574694e+00  3.015010e-02 
 1.575016e+00  3.015011e-02 
 1.575338e+00  3.015012e-02 
 1.575659e+00  3.015014e-02 
 1.575981e+00  3.015015e-02 
 1.576302e+00  3.015016e-02 
 1.576624e+00  3.015017e-02 
 1.576945e+00  3.015018e-02 
 1.577267e+00  3.015020e-02 
 1.577588e+00  3.015021e-02 
 1.577910e+00  3.015022e-02 
 1.578232e+00  3.015023e-02 
 1.578553e+00  3.015025e-02 
 1.578875e+00  3.015026e-02 
 1.579196e+00  3.015027e-02 
 1.579518e+00  3.015028e-02 
 1.579839e+00  3.015030e-02 
 1.580161e+00  3.015031e-02 
 1.580482e+00  3.015032e-02 
 1.580804e+00  3.015033e-02 
 1.581126e+00  3.015035e-02 
 1.581447e+00  3.015036e-02 
 1.581769e+00  3.015037e-02 
 1.582090e+00  3.015038e-02 
 1.582412e+00  3.015040e-02 
 1.582733e+00  3.015041e-02 
 1.583055e+00  3.015042e-02 
 1.583376e+00  3.015043e-02 
 1.583698e+00  3.015045e-02 
 1.584020e+00  3.015046e-02 
 1.584341e+00  3.015047e-02 
 1.584663e+00  3.015049e-02 
 1.584984e+00  3.015050e-02 
 1.585306e+00  3.015051e-02 
 1.585627e+00  3.015052e-02 
 1.585949e+00  3.015054e-02 
 1.586270e+00  3.015055e-02 
 1.586592e+00  3.015056e-02 
 1.586914e+00  3.015058e-02 
 1.587235e+00  3.015059e-02 
 1.587557e+00  3.015060e-02 
 1.587878e+00  3.015061e-02 
 1.588200e+00  3.015063e-02 
 1.588521e+00  3.015064e-02 
 1.588843e+00  3.015065e-02 
 1.589164e+00  3.015067e-02 
 1.589486e+00  3.015068e-02 
 1.589808e+00  3.015069e-02 
 1.590129e+00  3.015070e-02 
 1.590451e+00  3.015072e-02 
 1.590772e+00  3.015073e-02 
 1.591094e+00  3.015074e-02 
 1.591415e+00  3.015075e-02 
 1.591737e+00  3.015077e-02 
 1.592058e+00  3.015078e-02 
 1.592380e+00  3.015079e-02 
 1.592702e+00  3.015081e-02 
 1.593023e+00  3.015082e-02 
 1.593345e+00  3.015083e-02 
 1.593666e+00  3.015084e-02 
 1.593988e+00  3.015085e-02 
 1.594309e+00  3.015087e-02 
 1.594631e+00  3.015088e-02 
 1.594952e+00  3.015089e-02 
 1.595274e+00  3.015090e-02 
 1.595596e+00  3.015092e-02 
 1.595917e+00  3.015093e-02 
 1.596239e+00  3.015094e-02 
 1.596560e+00  3.015095e-02 
 1.596882e+00  3.015097e-02 
 1.597203e+00  3.015098e-02 
 1.597525e+00  3.015099e-02 
 1.597846e+00  3.015100e-02 
 1.598168e+00  3.015101e-02 
 1.598490e+00  3.015103e-02 
 1.598811e+00  3.015104e-02 
 1.599133e+00  3.015105e-02 
 1.599454e+00  3.015106e-02 
 1.599776e+00  3.015107e-02 
 1.600097e+00  3.015108e-02 
 1.600419e+00  3.015110e-02 
 1.600740e+00  3.015111e-02 
 1.601062e+00  3.015112e-02 
 1.601384e+00  3.015113e-02 
 1.601705e+00  3.015114e-02 
 1.602027e+00  3.015116e-02 
 1.602348e+00  3.015117e-02 
 1.602670e+00  3.015118e-02 
 1.602991e+00  3.015119e-02 
 1.603313e+00  3.015120e-02 
 1.603634e+00  3.015121e-02 
 1.603956e+00  3.015122e-02 
 1.604278e+00  3.015124e-02 
 1.604599e+00  3.015125e-02 
 1.604921e+00  3.015126e-02 
 1.605242e+00  3.015127e-02 
 1.605564e+00  3.015128e-02 
 1.605885e+00  3.015129e-02 
 1.606207e+00  3.015130e-02 
 1.606528e+00  3.015132e-02 
 1.606850e+00  3.015133e-02 
 1.607172e+00  3.015134e-02 
 1.607493e+00  3.015135e-02 
 1.607815e+00  3.015136e-02 
 1.608136e+00  3.015137e-02 
 1.608458e+00  3.015138e-02 
 1.608779e+00  3.015139e-02 
 1.609101e+00  3.015141e-02 
 1.609422e+00  3.015142e-02 
 1.609744e+00  3.015143e-02 
 1.610066e+00  3.015144e-02 
 1.610387e+00  3.015145e-02 
 1.610709e+00  3.015146e-02 
 1.611030e+00  3.015147e-02 
 1.611352e+00  3.015149e-02 
 1.611673e+00  3.015150e-02 
 1.611995e+00  3.015151e-02 
 1.612317e+00  3.015152e-02 
 1.612638e+00  3.015153e-02 
 1.612960e+00  3.015154e-02 
 1.613281e+00  3.015155e-02 
 1.613603e+00  3.015157e-02 
 1.613924e+00  3.015158e-02 
 1.614246e+00  3.015159e-02 
 1.614567e+00  3.015160e-02 
 1.614889e+00  3.015161e-02 
 1.615211e+00  3.015162e-02 
 1.615532e+00  3.015163e-02 
 1.615854e+00  3.015165e-02 
 1.616175e+00  3.015166e-02 
 1.616497e+00  3.015167e-02 
 1.616818e+00  3.015168e-02 
 1.617140e+00  3.015169e-02 
 1.617461e+00  3.015170e-02 
 1.617783e+00  3.015172e-02 
 1.618105e+00  3.015173e-02 
 1.618426e+00  3.015174e-02 
 1.618748e+00  3.015175e-02 
 1.619069e+00  3.015176e-02 
 1.619391e+00  3.015177e-02 
 1.619712e+00  3.015179e-02 
 1.620034e+00  3.015180e-02 
 1.620355e+00  3.015181e-02 
 1.620677e+00  3.015182e-02 
 1.620999e+00  3.015183e-02 
 1.621320e+00  3.015185e-02 
 1.621642e+00  3.015186e-02 
 1.621963e+00  3.015187e-02 
 1.622285e+00  3.015188e-02 
 1.622606e+00  3.015189e-02 
 1.622928e+00  3.015190e-02 
 1.623249e+00  3.015192e-02 
 1.623571e+00  3.015193e-02 
 1.623893e+00  3.015194e-02 
 1.624214e+00  3.015195e-02 
 1.624536e+00  3.015196e-02 
 1.624857e+00  3.015198e-02 
 1.625179e+00  3.015199e-02 
 1.625500e+00  3.015200e-02 
 1.625822e+00  3.015201e-02 
 1.626143e+00  3.015202e-02 
 1.626465e+00  3.015204e-02 
 1.626787e+00  3.015205e-02 
 1.627108e+00  3.015206e-02 
 1.627430e+00  3.015207e-02 
 1.627751e+00  3.015208e-02 
 1.628073e+00  3.015210e-02 
 1.628394e+00  3.015211e-02 
 1.628716e+00  3.015212e-02 
 1.629037e+00  3.015213e-02 
 1.629359e+00  3.015214e-02 
 1.629681e+00  3.015215e-02 
 1.630002e+00  3.015217e-02 
 1.630324e+00  3.015218e-02 
 1.630645e+00  3.015219e-02 
 1.630967e+00  3.015220e-02 
 1.631288e+00  3.015221e-02 
 1.631610e+00  3.015223e-02 
 1.631931e+00  3.015224e-02 
 1.632253e+00  3.015225e-02 
 1.632575e+00  3.015226e-02 
 1.632896e+00  3.015227e-02 
 1.633218e+00  3.015228e-02 
 1.633539e+00  3.015230e-02 
 1.633861e+00  3.015231e-02 
 1.634182e+00  3.015232e-02 
 1.634504e+00  3.015233e-02 
 1.634825e+00  3.015234e-02 
 1.635147e+00  3.015235e-02 
 1.635469e+00  3.015237e-02 
 1.635790e+00  3.015238e-02 
 1.636112e+00  3.015239e-02 
 1.636433e+00  3.015240e-02 
 1.636755e+00  3.015241e-02 
 1.637076e+00  3.015242e-02 
 1.637398e+00  3.015243e-02 
 1.637719e+00  3.015244e-02 
 1.638041e+00  3.015246e-02 
 1.638363e+00  3.015247e-02 
 1.638684e+00  3.015248e-02 
 1.639006e+00  3.015249e-02 
 1.639327e+00  3.015250e-02 
 1.639649e+00  3.015251e-02 
 1.639970e+00  3.015252e-02 
 1.640292e+00  3.015253e-02 
 1.640613e+00  3.015254e-02 
 1.640935e+00  3.015256e-02 
 1.641257e+00  3.015257e-02 
 1.641578e+00  3.015258e-02 
 1.641900e+00  3.015259e-02 
 1.642221e+00  3.015260e-02 
 1.642543e+00  3.015261e-02 
 1.642864e+00  3.015262e-02 
 1.643186e+00  3.015263e-02 
 1.643507e+00  3.015264e-02 
 1.643829e+00  3.015265e-02 
 1.644151e+00  3.015266e-02 
 1.644472e+00  3.015267e-02 
 1.644794e+00  3.015268e-02 
 1.645115e+00  3.015270e-02 
 1.645437e+00  3.015271e-02 
 1.645758e+00  3.015272e-02 
 1.646080e+00  3.015273e-02 
 1.646401e+00  3.015274e-02 
 1.646723e+00  3.015275e-02 
 1.647045e+00  3.015276e-02 
 1.647366e+00  3.015277e-02 
 1.647688e+00  3.015278e-02 
 1.648009e+00  3.015279e-02 
 1.648331e+00  3.015280e-02 
 1.648652e+00  3.015281e-02 
 1.648974e+00  3.015282e-02 
 1.649296e+00  3.015283e-02 
 1.649617e+00  3.015284e-02 
 1.649939e+00  3.015285e-02 
 1.650260e+00  3.015286e-02 
 1.650582e+00  3.015287e-02 
 1.650903e+00  3.015288e-02 
 1.651225e+00  3.015289e-02 
 1.651546e+00  3.015290e-02 
 1.651868e+00  3.015291e-02 
 1.652190e+00  3.015292e-02 
 1.652511e+00  3.015293e-02 
 1.652833e+00  3.015294e-02 
 1.653154e+00  3.015295e-02 
 1.653476e+00  3.015296e-02 
 1.653797e+00  3.015297e-02 
 1.654119e+00  3.015298e-02 
 1.654440e+00  3.015299e-02 
 1.654762e+00  3.015300e-02 
 1.655084e+00  3.015301e-02 
 1.655405e+00  3.015302e-02 
 1.655727e+00  3.015303e-02 
 1.656048e+00  3.015304e-02 
 1.656370e+00  3.015305e-02 
 1.656691e+00  3.015306e-02 
 1.657013e+00  3.015306e-02 
 1.657334e+00  3.015307e-02 
 1.657656e+00  3.015308e-02 
 1.657978e+00  3.015309e-02 
 1.658299e+00  3.015310e-02 
 1.658621e+00  3.015311e-02 
 1.658942e+00  3.015312e-02 
 1.659264e+00  3.015313e-02 
 1.659585e+00  3.015314e-02 
 1.659907e+00  3.015315e-02 
 1.660228e+00  3.015316e-02 
 1.660550e+00  3.015316e-02 
 1.660872e+00  3.015317e-02 
 1.661193e+00  3.015318e-02 
 1.661515e+00  3.015319e-02 
 1.661836e+00  3.015320e-02 
 1.662158e+00  3.015321e-02 
 1.662479e+00  3.015322e-02 
 1.662801e+00  3.015322e-02 
 1.663122e+00  3.015323e-02 
 1.663444e+00  3.015324e-02 
 1.663766e+00  3.015325e-02 
 1.664087e+00  3.015326e-02 
 1.664409e+00  3.015326e-02 
 1.664730e+00  3.015327e-02 
 1.665052e+00  3.015328e-02 
 1.665373e+00  3.015329e-02 
 1.665695e+00  3.015330e-02 
 1.666016e+00  3.015330e-02 
 1.666338e+00  3.015331e-02 
 1.666660e+00  3.015332e-02 
 1.666981e+00  3.015332e-02 
 1.667303e+00  3.015333e-02 
 1.667624e+00  3.015334e-02 
 1.667946e+00  3.015335e-02 
 1.668267e+00  3.015335e-02 
 1.668589e+00  3.015336e-02 
 1.668910e+00  3.015337e-02 
 1.669232e+00  3.015337e-02 
 1.669554e+00  3.015338e-02 
 1.669875e+00  3.015339e-02 
 1.670197e+00  3.015339e-02 
 1.670518e+00  3.015340e-02 
 1.670840e+00  3.015340e-02 
 1.671161e+00  3.015341e-02 
 1.671483e+00  3.015342e-02 
 1.671804e+00  3.015342e-02 
 1.672126e+00  3.015343e-02 
 1.672448e+00  3.015343e-02 
 1.672769e+00  3.015344e-02 
 1.673091e+00  3.015344e-02 
 1.673412e+00  3.015345e-02 
 1.673734e+00  3.015346e-02 
 1.674055e+00  3.015346e-02 
 1.674377e+00  3.015347e-02 
 1.674698e+00  3.015347e-02 
 1.675020e+00  3.015347e-02 
 1.675342e+00  3.015348e-02 
 1.675663e+00  3.015348e-02 
 1.675985e+00  3.015349e-02 
 1.676306e+00  3.015349e-02 
 1.676628e+00  3.015350e-02 
 1.676949e+00  3.015350e-02 
 1.677271e+00  3.015351e-02 
 1.677592e+00  3.015351e-02 
 1.677914e+00  3.015351e-02 
 1.678236e+00  3.015352e-02 
 1.678557e+00  3.015352e-02 
 1.678879e+00  3.015352e-02 
 1.679200e+00  3.015353e-02 
 1.679522e+00  3.015353e-02 
 1.679843e+00  3.015353e-02 
 1.680165e+00  3.015354e-02 
 1.680486e+00  3.015354e-02 
 1.680808e+00  3.015354e-02 
 1.681130e+00  3.015355e-02 
 1.681451e+00  3.015355e-02 
 1.681773e+00  3.015355e-02 
 1.682094e+00  3.015355e-02 
 1.682416e+00  3.015356e-02 
 1.682737e+00  3.015356e-02 
 1.683059e+00  3.015356e-02 
 1.683380e+00  3.015356e-02 
 1.683702e+00  3.015356e-02 
 1.684024e+00  3.015357e-02 
 1.684345e+00  3.015357e-02 
 1.684667e+00  3.015357e-02 
 1.684988e+00  3.015357e-02 
 1.685310e+00  3.015357e-02 
 1.685631e+00  3.015357e-02 
 1.685953e+00  3.015358e-02 
 1.686275e+00  3.015358e-02 
 1.686596e+00  3.015358e-02 
 1.686918e+00  3.015358e-02 
 1.687239e+00  3.015358e-02 
 1.687561e+00  3.015358e-02 
 1.687882e+00  3.015358e-02 
 1.688204e+00  3.015358e-02 
 1.688525e+00  3.015358e-02 
 1.688847e+00  3.015358e-02 
 1.689169e+00  3.015358e-02 
 1.689490e+00  3.015358e-02 
 1.689812e+00  3.015358e-02 
 1.690133e+00  3.015358e-02 
 1.690455e+00  3.015358e-02 
 1.690776e+00  3.015358e-02 
 1.691098e+00  3.015358e-02 
 1.691419e+00  3.015358e-02 
 1.691741e+00  3.015358e-02 
 1.692063e+00  3.015358e-02 
 1.692384e+00  3.015358e-02 
 1.692706e+00  3.015358e-02 
 1.693027e+00  3.015358e-02 
 1.693349e+00  3.015358e-02 
 1.693670e+00  3.015358e-02 
 1.693992e+00  3.015358e-02 
 1.694313e+00  3.015358e-02 
 1.694635e+00  3.015358e-02 
 1.694957e+00  3.015358e-02 
 1.695278e+00  3.015358e-02 
 1.695600e+00  3.015358e-02 
 1.695921e+00  3.015358e-02 
 1.696243e+00  3.015357e-02 
 1.696564e+00  3.015357e-02 
 1.696886e+00  3.015357e-02 
 1.697207e+00  3.015357e-02 
 1.697529e+00  3.015357e-02 
 1.697851e+00  3.015357e-02 
 1.698172e+00  3.015357e-02 
 1.698494e+00  3.015356e-02 
 1.698815e+00  3.015356e-02 
 1.699137e+00  3.015356e-02 
 1.699458e+00  3.015356e-02 
 1.699780e+00  3.015356e-02 
 1.700101e+00  3.015355e-02 
 1.700423e+00  3.015355e-02 
 1.700745e+00  3.015355e-02 
 1.701066e+00  3.015355e-02 
 1.701388e+00  3.015354e-02 
 1.701709e+00  3.015354e-02 
 1.702031e+00  3.015354e-02 
 1.702352e+00  3.015354e-02 
 1.702674e+00  3.015353e-02 
 1.702995e+00  3.015353e-02 
 1.703317e+00  3.015353e-02 
 1.703639e+00  3.015353e-02 
 1.703960e+00  3.015352e-02 
 1.704282e+00  3.015352e-02 
 1.704603e+00  3.015352e-02 
 1.704925e+00  3.015351e-02 
 1.705246e+00  3.015351e-02 
 1.705568e+00  3.015351e-02 
 1.705889e+00  3.015351e-02 
 1.706211e+00  3.015350e-02 
 1.706533e+00  3.015350e-02 
 1.706854e+00  3.015349e-02 
 1.707176e+00  3.015349e-02 
 1.707497e+00  3.015349e-02 
 1.707819e+00  3.015348e-02 
 1.708140e+00  3.015348e-02 
 1.708462e+00  3.015348e-02 
 1.708783e+00  3.015347e-02 
 1.709105e+00  3.015347e-02 
 1.709427e+00  3.015346e-02 
 1.709748e+00  3.015346e-02 
 1.710070e+00  3.015346e-02 
 1.710391e+00  3.015345e-02 
 1.710713e+00  3.015345e-02 
 1.711034e+00  3.015344e-02 
 1.711356e+00  3.015344e-02 
 1.711677e+00  3.015344e-02 
 1.711999e+00  3.015343e-02 
 1.712321e+00  3.015343e-02 
 1.712642e+00  3.015342e-02 
 1.712964e+00  3.015342e-02 
 1.713285e+00  3.015341e-02 
 1.713607e+00  3.015341e-02 
 1.713928e+00  3.015340e-02 
 1.714250e+00  3.015340e-02 
 1.714571e+00  3.015339e-02 
 1.714893e+00  3.015339e-02 
 1.715215e+00  3.015338e-02 
 1.715536e+00  3.015338e-02 
 1.715858e+00  3.015337e-02 
 1.716179e+00  3.015337e-02 
 1.716501e+00  3.015336e-02 
 1.716822e+00  3.015336e-02 
 1.717144e+00  3.015335e-02 
 1.717465e+00  3.015335e-02 
 1.717787e+00  3.015334e-02 
 1.718109e+00  3.015334e-02 
 1.718430e+00  3.015333e-02 
 1.718752e+00  3.015333e-02 
 1.719073e+00  3.015332e-02 
 1.719395e+00  3.015331e-02 
 1.719716e+00  3.015331e-02 
 1.720038e+00  3.015330e-02 
 1.720359e+00  3.015330e-02 
 1.720681e+00  3.015329e-02 
 1.721003e+00  3.015329e-02 
 1.721324e+00  3.015328e-02 
 1.721646e+00  3.015328e-02 
 1.721967e+00  3.015327e-02 
 1.722289e+00  3.015327e-02 
 1.722610e+00  3.015326e-02 
 1.722932e+00  3.015325e-02 
 1.723254e+00  3.015325e-02 
 1.723575e+00  3.015324e-02 
 1.723897e+00  3.015324e-02 
 1.724218e+00  3.015323e-02 
 1.724540e+00  3.015323e-02 
 1.724861e+00  3.015322e-02 
 1.725183e+00  3.015322e-02 
 1.725504e+00  3.015321e-02 
 1.725826e+00  3.015321e-02 
 1.726148e+00  3.015320e-02 
 1.726469e+00  3.015320e-02 
 1.726791e+00  3.015319e-02 
 1.727112e+00  3.015319e-02 
 1.727434e+00  3.015318e-02 
 1.727755e+00  3.015318e-02 
 1.728077e+00  3.015317e-02 
 1.728398e+00  3.015317e-02 
 1.728720e+00  3.015316e-02 
 1.729042e+00  3.015316e-02 
 1.729363e+00  3.015315e-02 
 1.729685e+00  3.015315e-02 
 1.730006e+00  3.015314e-02 
 1.730328e+00  3.015314e-02 
 1.730649e+00  3.015314e-02 
 1.730971e+00  3.015313e-02 
 1.731292e+00  3.015313e-02 
 1.731614e+00  3.015312e-02 
 1.731936e+00  3.015312e-02 
 1.732257e+00  3.015312e-02 
 1.732579e+00  3.015311e-02 
 1.732900e+00  3.015311e-02 
 1.733222e+00  3.015311e-02 
 1.733543e+00  3.015310e-02 
 1.733865e+00  3.015310e-02 
 1.734186e+00  3.015310e-02 
 1.734508e+00  3.015309e-02 
 1.734830e+00  3.015309e-02 
 1.735151e+00  3.015309e-02 
 1.735473e+00  3.015308e-02 
 1.735794e+00  3.015308e-02 
 1.736116e+00  3.015308e-02 
 1.736437e+00  3.015308e-02 
 1.736759e+00  3.015308e-02 
 1.737080e+00  3.015307e-02 
 1.737402e+00  3.015307e-02 
 1.737724e+00  3.015307e-02 
 1.738045e+00  3.015307e-02 
 1.738367e+00  3.015307e-02 
 1.738688e+00  3.015306e-02 
 1.739010e+00  3.015306e-02 
 1.739331e+00  3.015306e-02 
 1.739653e+00  3.015306e-02 
 1.739974e+00  3.015306e-02 
 1.740296e+00  3.015306e-02 
 1.740618e+00  3.015306e-02 
 1.740939e+00  3.015306e-02 
 1.741261e+00  3.015306e-02 
 1.741582e+00  3.015306e-02 
 1.741904e+00  3.015306e-02 
 1.742225e+00  3.015306e-02 
 1.742547e+00  3.015306e-02 
 1.742868e+00  3.015306e-02 
 1.743190e+00  3.015306e-02 
 1.743512e+00  3.015306e-02 
 1.743833e+00  3.015306e-02 
 1.744155e+00  3.015306e-02 
 1.744476e+00  3.015306e-02 
 1.744798e+00  3.015306e-02 
 1.745119e+00  3.015306e-02 
 1.745441e+00  3.015306e-02 
 1.745762e+00  3.015306e-02 
 1.746084e+00  3.015307e-02 
 1.746406e+00  3.015307e-02 
 1.746727e+00  3.015307e-02 
 1.747049e+00  3.015307e-02 
 1.747370e+00  3.015307e-02 
 1.747692e+00  3.015307e-02 
 1.748013e+00  3.015308e-02 
 1.748335e+00  3.015308e-02 
 1.748656e+00  3.015308e-02 
 1.748978e+00  3.015308e-02 
 1.749300e+00  3.015309e-02 
 1.749621e+00  3.015309e-02 
 1.749943e+00  3.015309e-02 
 1.750264e+00  3.015309e-02 
 1.750586e+00  3.015310e-02 
 1.750907e+00  3.015310e-02 
 1.751229e+00  3.015310e-02 
 1.751550e+00  3.015310e-02 
 1.751872e+00  3.015311e-02 
 1.752194e+00  3.015311e-02 
 1.752515e+00  3.015311e-02 
 1.752837e+00  3.015312e-02 
 1.753158e+00  3.015312e-02 
 1.753480e+00  3.015312e-02 
 1.753801e+00  3.015313e-02 
 1.754123e+00  3.015313e-02 
 1.754444e+00  3.015314e-02 
 1.754766e+00  3.015314e-02 
 1.755088e+00  3.015314e-02 
 1.755409e+00  3.015315e-02 
 1.755731e+00  3.015315e-02 
 1.756052e+00  3.015315e-02 
 1.756374e+00  3.015316e-02 
 1.756695e+00  3.015316e-02 
 1.757017e+00  3.015317e-02 
 1.757338e+00  3.015317e-02 
 1.757660e+00  3.015318e-02 
 1.757982e+00  3.015318e-02 
 1.758303e+00  3.015318e-02 
 1.758625e+00  3.015319e-02 
 1.758946e+00  3.015319e-02 
 1.759268e+00  3.015320e-02 
 1.759589e+00  3.015320e-02 
 1.759911e+00  3.015321e-02 
 1.760233e+00  3.015321e-02 
 1.760554e+00  3.015322e-02 
 1.760876e+00  3.015322e-02 
 1.761197e+00  3.015323e-02 
 1.761519e+00  3.015323e-02 
 1.761840e+00  3.015324e-02 
 1.762162e+00  3.015324e-02 
 1.762483e+00  3.015325e-02 
 1.762805e+00  3.015325e-02 
 1.763127e+00  3.015326e-02 
 1.763448e+00  3.015326e-02 
 1.763770e+00  3.015327e-02 
 1.764091e+00  3.015327e-02 
 1.764413e+00  3.015328e-02 
 1.764734e+00  3.015328e-02 
 1.765056e+00  3.015329e-02 
 1.765377e+00  3.015329e-02 
 1.765699e+00  3.015330e-02 
 1.766021e+00  3.015330e-02 
 1.766342e+00  3.015331e-02 
 1.766664e+00  3.015332e-02 
 1.766985e+00  3.015332e-02 
 1.767307e+00  3.015333e-02 
 1.767628e+00  3.015333e-02 
 1.767950e+00  3.015334e-02 
 1.768271e+00  3.015334e-02 
 1.768593e+00  3.015335e-02 
 1.768915e+00  3.015336e-02 
 1.769236e+00  3.015336e-02 
 1.769558e+00  3.015337e-02 
 1.769879e+00  3.015337e-02 
 1.770201e+00  3.015338e-02 
 1.770522e+00  3.015338e-02 
 1.770844e+00  3.015339e-02 
 1.771165e+00  3.015340e-02 
 1.771487e+00  3.015340e-02 
 1.771809e+00  3.015341e-02 
 1.772130e+00  3.015342e-02 
 1.772452e+00  3.015342e-02 
 1.772773e+00  3.015343e-02 
 1.773095e+00  3.015343e-02 
 1.773416e+00  3.015344e-02 
 1.773738e+00  3.015345e-02 
 1.774059e+00  3.015345e-02 
 1.774381e+00  3.015346e-02 
 1.774703e+00  3.015347e-02 
 1.775024e+00  3.015347e-02 
 1.775346e+00  3.015348e-02 
 1.775667e+00  3.015349e-02 
 1.775989e+00  3.015349e-02 
 1.776310e+00  3.015350e-02 
 1.776632e+00  3.015351e-02 
 1.776953e+00  3.015351e-02 
 1.777275e+00  3.015352e-02 
 1.777597e+00  3.015353e-02 
 1.777918e+00  3.015353e-02 
 1.778240e+00  3.015354e-02 
 1.778561e+00  3.015355e-02 
 1.778883e+00  3.015356e-02 
 1.779204e+00  3.015356e-02 
 1.779526e+00  3.015357e-02 
 1.779847e+00  3.015358e-02 
 1.780169e+00  3.015358e-02 
 1.780491e+00  3.015359e-02 
 1.780812e+00  3.015360e-02 
 1.781134e+00  3.015361e-02 
 1.781455e+00  3.015361e-02 
 1.781777e+00  3.015362e-02 
 1.782098e+00  3.015363e-02 
 1.782420e+00  3.015364e-02 
 1.782741e+00  3.015364e-02 
 1.783063e+00  3.015365e-02 
 1.783385e+00  3.015366e-02 
 1.783706e+00  3.015367e-02 
 1.784028e+00  3.015367e-02 
 1.784349e+00  3.015368e-02 
 1.784671e+00  3.015369e-02 
 1.784992e+00  3.015370e-02 
 1.785314e+00  3.015370e-02 
 1.785635e+00  3.015371e-02 
 1.785957e+00  3.015372e-02 
 1.786279e+00  3.015373e-02 
 1.786600e+00  3.015374e-02 
 1.786922e+00  3.015374e-02 
 1.787243e+00  3.015375e-02 
 1.787565e+00  3.015376e-02 
 1.787886e+00  3.015377e-02 
 1.788208e+00  3.015378e-02 
 1.788529e+00  3.015378e-02 
 1.788851e+00  3.015379e-02 
 1.789173e+00  3.015380e-02 
 1.789494e+00  3.015381e-02 
 1.789816e+00  3.015382e-02 
 1.790137e+00  3.015382e-02 
 1.790459e+00  3.015383e-02 
 1.790780e+00  3.015384e-02 
 1.791102e+00  3.015385e-02 
 1.791423e+00  3.015386e-02 
 1.791745e+00  3.015387e-02 
 1.792067e+00  3.015387e-02 
 1.792388e+00  3.015388e-02 
 1.792710e+00  3.015389e-02 
 1.793031e+00  3.015390e-02 
 1.793353e+00  3.015391e-02 
 1.793674e+00  3.015392e-02 
 1.793996e+00  3.015392e-02 
 1.794317e+00  3.015393e-02 
 1.794639e+00  3.015394e-02 
 1.794961e+00  3.015395e-02 
 1.795282e+00  3.015396e-02 
 1.795604e+00  3.015397e-02 
 1.795925e+00  3.015398e-02 
 1.796247e+00  3.015399e-02 
 1.796568e+00  3.015399e-02 
 1.796890e+00  3.015400e-02 
 1.797212e+00  3.015401e-02 
 1.797533e+00  3.015402e-02 
 1.797855e+00  3.015403e-02 
 1.798176e+00  3.015404e-02 
 1.798498e+00  3.015405e-02 
 1.798819e+00  3.015406e-02 
 1.799141e+00  3.015407e-02 
 1.799462e+00  3.015407e-02 
 1.799784e+00  3.015408e-02 
 1.800106e+00  3.015409e-02 
 1.800427e+00  3.015410e-02 
 1.800749e+00  3.015411e-02 
 1.801070e+00  3.015412e-02 
 1.801392e+00  3.015413e-02 
 1.801713e+00  3.015414e-02 
 1.802035e+00  3.015415e-02 
 1.802356e+00  3.015416e-02 
 1.802678e+00  3.015416e-02 
 1.803000e+00  3.015417e-02 
 1.803321e+00  3.015418e-02 
 1.803643e+00  3.015419e-02 
 1.803964e+00  3.015420e-02 
 1.804286e+00  3.015421e-02 
 1.804607e+00  3.015422e-02 
 1.804929e+00  3.015423e-02 
 1.805250e+00  3.015424e-02 
 1.805572e+00  3.015425e-02 
 1.805894e+00  3.015426e-02 
 1.806215e+00  3.015426e-02 
 1.806537e+00  3.015427e-02 
 1.806858e+00  3.015428e-02 
 1.807180e+00  3.015429e-02 
 1.807501e+00  3.015430e-02 
 1.807823e+00  3.015431e-02 
 1.808144e+00  3.015432e-02 
 1.808466e+00  3.015433e-02 
 1.808788e+00  3.015434e-02 
 1.809109e+00  3.015435e-02 
 1.809431e+00  3.015436e-02 
 1.809752e+00  3.015437e-02 
 1.810074e+00  3.015438e-02 
 1.810395e+00  3.015439e-02 
 1.810717e+00  3.015439e-02 
 1.811038e+00  3.015440e-02 
 1.811360e+00  3.015441e-02 
 1.811682e+00  3.015442e-02 
 1.812003e+00  3.015443e-02 
 1.812325e+00  3.015444e-02 
 1.812646e+00  3.015445e-02 
 1.812968e+00  3.015446e-02 
 1.813289e+00  3.015447e-02 
 1.813611e+00  3.015448e-02 
 1.813932e+00  3.015449e-02 
 1.814254e+00  3.015450e-02 
 1.814576e+00  3.015451e-02 
 1.814897e+00  3.015452e-02 
 1.815219e+00  3.015453e-02 
 1.815540e+00  3.015454e-02 
 1.815862e+00  3.015455e-02 
 1.816183e+00  3.015455e-02 
 1.816505e+00  3.015456e-02 
 1.816826e+00  3.015457e-02 
 1.817148e+00  3.015458e-02 
 1.817470e+00  3.015459e-02 
 1.817791e+00  3.015460e-02 
 1.818113e+00  3.015461e-02 
 1.818434e+00  3.015462e-02 
 1.818756e+00  3.015463e-02 
 1.819077e+00  3.015464e-02 
 1.819399e+00  3.015465e-02 
 1.819720e+00  3.015466e-02 
 1.820042e+00  3.015467e-02 
 1.820364e+00  3.015468e-02 
 1.820685e+00  3.015469e-02 
 1.821007e+00  3.015470e-02 
 1.821328e+00  3.015471e-02 
 1.821650e+00  3.015472e-02 
 1.821971e+00  3.015473e-02 
 1.822293e+00  3.015474e-02 
 1.822614e+00  3.015475e-02 
 1.822936e+00  3.015476e-02 
 1.823258e+00  3.015477e-02 
 1.823579e+00  3.015478e-02 
 1.823901e+00  3.015479e-02 
 1.824222e+00  3.015480e-02 
 1.824544e+00  3.015481e-02 
 1.824865e+00  3.015482e-02 
 1.825187e+00  3.015483e-02 
 1.825508e+00  3.015484e-02 
 1.825830e+00  3.015485e-02 
 1.826152e+00  3.015486e-02 
 1.826473e+00  3.015487e-02 
 1.826795e+00  3.015488e-02 
 1.827116e+00  3.015489e-02 
 1.827438e+00  3.015490e-02 
 1.827759e+00  3.015491e-02 
 1.828081e+00  3.015492e-02 
 1.828402e+00  3.015493e-02 
 1.828724e+00  3.015494e-02 
 1.829046e+00  3.015495e-02 
 1.829367e+00  3.015496e-02 
 1.829689e+00  3.015497e-02 
 1.830010e+00  3.015498e-02 
 1.830332e+00  3.015499e-02 
 1.830653e+00  3.015500e-02 
 1.830975e+00  3.015501e-02 
 1.831297e+00  3.015502e-02 
 1.831618e+00  3.015503e-02 
 1.831940e+00  3.015504e-02 
 1.832261e+00  3.015505e-02 
 1.832583e+00  3.015506e-02 
 1.832904e+00  3.015507e-02 
 1.833226e+00  3.015509e-02 
 1.833547e+00  3.015510e-02 
 1.833869e+00  3.015511e-02 
 1.834191e+00  3.015512e-02 
 1.834512e+00  3.015513e-02 
 1.834834e+00  3.015514e-02 
 1.835155e+00  3.015515e-02 
 1.835477e+00  3.015516e-02 
 1.835798e+00  3.015517e-02 
 1.836120e+00  3.015518e-02 
 1.836441e+00  3.015519e-02 
 1.836763e+00  3.015520e-02 
 1.837085e+00  3.015522e-02 
 1.837406e+00  3.015523e-02 
 1.837728e+00  3.015524e-02 
 1.838049e+00  3.015525e-02 
 1.838371e+00  3.015526e-02 
 1.838692e+00  3.015527e-02 
 1.839014e+00  3.015528e-02 
 1.839335e+00  3.015529e-02 
 1.839657e+00  3.015530e-02 
 1.839979e+00  3.015531e-02 
 1.840300e+00  3.015532e-02 
 1.840622e+00  3.015534e-02 
 1.840943e+00  3.015535e-02 
 1.841265e+00  3.015536e-02 
 1.841586e+00  3.015537e-02 
 1.841908e+00  3.015538e-02 
 1.842229e+00  3.015539e-02 
 1.842551e+00  3.015540e-02 
 1.842873e+00  3.015541e-02 
 1.843194e+00  3.015542e-02 
 1.843516e+00  3.015544e-02 
 1.843837e+00  3.015545e-02 
 1.844159e+00  3.015546e-02 
 1.844480e+00  3.015547e-02 
 1.844802e+00  3.015548e-02 
 1.845123e+00  3.015549e-02 
 1.845445e+00  3.015550e-02 
 1.845767e+00  3.015551e-02 
 1.846088e+00  3.015553e-02 
 1.846410e+00  3.015554e-02 
 1.846731e+00  3.015555e-02 
 1.847053e+00  3.015556e-02 
 1.847374e+00  3.015557e-02 
 1.847696e+00  3.015558e-02 
 1.848017e+00  3.015559e-02 
 1.848339e+00  3.015560e-02 
 1.848661e+00  3.015561e-02 
 1.848982e+00  3.015563e-02 
 1.849304e+00  3.015564e-02 
 1.849625e+00  3.015565e-02 
 1.849947e+00  3.015566e-02 
 1.850268e+00  3.015567e-02 
 1.850590e+00  3.015568e-02 
 1.850911e+00  3.015569e-02 
 1.851233e+00  3.015570e-02 
 1.851555e+00  3.015571e-02 
 1.851876e+00  3.015573e-02 
 1.852198e+00  3.015574e-02 
 1.852519e+00  3.015575e-02 
 1.852841e+00  3.015576e-02 
 1.853162e+00  3.015577e-02 
 1.853484e+00  3.015578e-02 
 1.853805e+00  3.015579e-02 
 1.854127e+00  3.015580e-02 
 1.854449e+00  3.015581e-02 
 1.854770e+00  3.015582e-02 
 1.855092e+00  3.015584e-02 
 1.855413e+00  3.015585e-02 
 1.855735e+00  3.015586e-02 
 1.856056e+00  3.015587e-02 
 1.856378e+00  3.015588e-02 
 1.856699e+00  3.015589e-02 
 1.857021e+00  3.015590e-02 
 1.857343e+00  3.015591e-02 
 1.857664e+00  3.015592e-02 
 1.857986e+00  3.015593e-02 
 1.858307e+00  3.015594e-02 
 1.858629e+00  3.015595e-02 
 1.858950e+00  3.015596e-02 
 1.859272e+00  3.015598e-02 
 1.859593e+00  3.015599e-02 
 1.859915e+00  3.015600e-02 
 1.860237e+00  3.015601e-02 
 1.860558e+00  3.015602e-02 
 1.860880e+00  3.015603e-02 
 1.861201e+00  3.015604e-02 
 1.861523e+00  3.015605e-02 
 1.861844e+00  3.015606e-02 
 1.862166e+00  3.015607e-02 
 1.862487e+00  3.015608e-02 
 1.862809e+00  3.015609e-02 
 1.863131e+00  3.015610e-02 
 1.863452e+00  3.015611e-02 
 1.863774e+00  3.015612e-02 
 1.864095e+00  3.015613e-02 
 1.864417e+00  3.015614e-02 
 1.864738e+00  3.015615e-02 
 1.865060e+00  3.015616e-02 
 1.865381e+00  3.015617e-02 
 1.865703e+00  3.015618e-02 
 1.866025e+00  3.015619e-02 
 1.866346e+00  3.015620e-02 
 1.866668e+00  3.015621e-02 
 1.866989e+00  3.015622e-02 
 1.867311e+00  3.015623e-02 
 1.867632e+00  3.015624e-02 
 1.867954e+00  3.015625e-02 
 1.868276e+00  3.015626e-02 
 1.868597e+00  3.015627e-02 
 1.868919e+00  3.015628e-02 
 1.869240e+00  3.015629e-02 
 1.869562e+00  3.015630e-02 
 1.869883e+00  3.015631e-02 
 1.870205e+00  3.015632e-02 
 1.870526e+00  3.015633e-02 
 1.870848e+00  3.015634e-02 
 1.871170e+00  3.015635e-02 
 1.871491e+00  3.015636e-02 
 1.871813e+00  3.015637e-02 
 1.872134e+00  3.015638e-02 
 1.872456e+00  3.015639e-02 
 1.872777e+00  3.015640e-02 
 1.873099e+00  3.015641e-02 
 1.873420e+00  3.015641e-02 
 1.873742e+00  3.015642e-02 
 1.874064e+00  3.015643e-02 
 1.874385e+00  3.015644e-02 
 1.874707e+00  3.015645e-02 
 1.875028e+00  3.015646e-02 
 1.875350e+00  3.015647e-02 
 1.875671e+00  3.015648e-02 
 1.875993e+00  3.015649e-02 
 1.876314e+00  3.015650e-02 
 1.876636e+00  3.015651e-02 
 1.876958e+00  3.015652e-02 
 1.877279e+00  3.015653e-02 
 1.877601e+00  3.015653e-02 
 1.877922e+00  3.015654e-02 
 1.878244e+00  3.015655e-02 
 1.878565e+00  3.015656e-02 
 1.878887e+00  3.015657e-02 
 1.879208e+00  3.015658e-02 
 1.879530e+00  3.015659e-02 
 1.879852e+00  3.015660e-02 
 1.880173e+00  3.015661e-02 
 1.880495e+00  3.015661e-02 
 1.880816e+00  3.015662e-02 
 1.881138e+00  3.015663e-02 
 1.881459e+00  3.015664e-02 
 1.881781e+00  3.015665e-02 
 1.882102e+00  3.015666e-02 
 1.882424e+00  3.015667e-02 
 1.882746e+00  3.015668e-02 
 1.883067e+00  3.015668e-02 
 1.883389e+00  3.015669e-02 
 1.883710e+00  3.015670e-02 
 1.884032e+00  3.015671e-02 
 1.884353e+00  3.015672e-02 
 1.884675e+00  3.015673e-02 
 1.884996e+00  3.015673e-02 
 1.885318e+00  3.015674e-02 
 1.885640e+00  3.015675e-02 
 1.885961e+00  3.015676e-02 
 1.886283e+00  3.015677e-02 
 1.886604e+00  3.015678e-02 
 1.886926e+00  3.015678e-02 
 1.887247e+00  3.015679e-02 
 1.887569e+00  3.015680e-02 
 1.887890e+00  3.015681e-02 
 1.888212e+00  3.015682e-02 
 1.888534e+00  3.015682e-02 
 1.888855e+00  3.015683e-02 
 1.889177e+00  3.015684e-02 
 1.889498e+00  3.015685e-02 
 1.889820e+00  3.015685e-02 
 1.890141e+00  3.015686e-02 
 1.890463e+00  3.015687e-02 
 1.890784e+00  3.015688e-02 
 1.891106e+00  3.015689e-02 
 1.891428e+00  3.015689e-02 
 1.891749e+00  3.015690e-02 
 1.892071e+00  3.015691e-02 
 1.892392e+00  3.015692e-02 
 1.892714e+00  3.015692e-02 
 1.893035e+00  3.015693e-02 
 1.893357e+00  3.015694e-02 
 1.893678e+00  3.015695e-02 
 1.894000e+00  3.015695e-02 
 1.894322e+00  3.015696e-02 
 1.894643e+00  3.015697e-02 
 1.894965e+00  3.015697e-02 
 1.895286e+00  3.015698e-02 
 1.895608e+00  3.015699e-02 
 1.895929e+00  3.015700e-02 
 1.896251e+00  3.015700e-02 
 1.896572e+00  3.015701e-02 
 1.896894e+00  3.015702e-02 
 1.897216e+00  3.015702e-02 
 1.897537e+00  3.015703e-02 
 1.897859e+00  3.015704e-02 
 1.898180e+00  3.015705e-02 
 1.898502e+00  3.015705e-02 
 1.898823e+00  3.015706e-02 
 1.899145e+00  3.015707e-02 
 1.899466e+00  3.015707e-02 
 1.899788e+00  3.015708e-02 
 1.900110e+00  3.015709e-02 
 1.900431e+00  3.015709e-02 
 1.900753e+00  3.015710e-02 
 1.901074e+00  3.015711e-02 
 1.901396e+00  3.015711e-02 
 1.901717e+00  3.015712e-02 
 1.902039e+00  3.015713e-02 
 1.902360e+00  3.015713e-02 
 1.902682e+00  3.015714e-02 
 1.903004e+00  3.015715e-02 
 1.903325e+00  3.015715e-02 
 1.903647e+00  3.015716e-02 
 1.903968e+00  3.015717e-02 
 1.904290e+00  3.015717e-02 
 1.904611e+00  3.015718e-02 
 1.904933e+00  3.015719e-02 
 1.905255e+00  3.015719e-02 
 1.905576e+00  3.015720e-02 
 1.905898e+00  3.015721e-02 
 1.906219e+00  3.015721e-02 
 1.906541e+00  3.015722e-02 
 1.906862e+00  3.015722e-02 
 1.907184e+00  3.015723e-02 
 1.907505e+00  3.015724e-02 
 1.907827e+00  3.015724e-02 
 1.908149e+00  3.015725e-02 
 1.908470e+00  3.015726e-02 
 1.908792e+00  3.015726e-02 
 1.909113e+00  3.015727e-02 
 1.909435e+00  3.015727e-02 
 1.909756e+00  3.015728e-02 
 1.910078e+00  3.015729e-02 
 1.910399e+00  3.015729e-02 
 1.910721e+00  3.015730e-02 
 1.911043e+00  3.015730e-02 
 1.911364e+00  3.015731e-02 
 1.911686e+00  3.015732e-02 
 1.912007e+00  3.015732e-02 
 1.912329e+00  3.015733e-02 
 1.912650e+00  3.015733e-02 
 1.912972e+00  3.015734e-02 
 1.913293e+00  3.015735e-02 
 1.913615e+00  3.015735e-02 
 1.913937e+00  3.015736e-02 
 1.914258e+00  3.015736e-02 
 1.914580e+00  3.015737e-02 
 1.914901e+00  3.015737e-02 
 1.915223e+00  3.015738e-02 
 1.915544e+00  3.015738e-02 
 1.915866e+00  3.015739e-02 
 1.916187e+00  3.015739e-02 
 1.916509e+00  3.015740e-02 
 1.916831e+00  3.015741e-02 
 1.917152e+00  3.015741e-02 
 1.917474e+00  3.015742e-02 
 1.917795e+00  3.015742e-02 
 1.918117e+00  3.015743e-02 
 1.918438e+00  3.015743e-02 
 1.918760e+00  3.015744e-02 
 1.919081e+00  3.015744e-02 
 1.919403e+00  3.015745e-02 
 1.919725e+00  3.015745e-02 
 1.920046e+00  3.015746e-02 
 1.920368e+00  3.015746e-02 
 1.920689e+00  3.015747e-02 
 1.921011e+00  3.015747e-02 
 1.921332e+00  3.015748e-02 
 1.921654e+00  3.015748e-02 
 1.921975e+00  3.015749e-02 
 1.922297e+00  3.015749e-02 
 1.922619e+00  3.015749e-02 
 1.922940e+00  3.015750e-02 
 1.923262e+00  3.015750e-02 
 1.923583e+00  3.015751e-02 
 1.923905e+00  3.015751e-02 
 1.924226e+00  3.015752e-02 
 1.924548e+00  3.015752e-02 
 1.924869e+00  3.015753e-02 
 1.925191e+00  3.015753e-02 
 1.925513e+00  3.015753e-02 
 1.925834e+00  3.015754e-02 
 1.926156e+00  3.015754e-02 
 1.926477e+00  3.015755e-02 
 1.926799e+00  3.015755e-02 
 1.927120e+00  3.015755e-02 
 1.927442e+00  3.015756e-02 
 1.927763e+00  3.015756e-02 
 1.928085e+00  3.015757e-02 
 1.928407e+00  3.015757e-02 
 1.928728e+00  3.015757e-02 
 1.929050e+00  3.015758e-02 
 1.929371e+00  3.015758e-02 
 1.929693e+00  3.015758e-02 
 1.930014e+00  3.015759e-02 
 1.930336e+00  3.015759e-02 
 1.930657e+00  3.015759e-02 
 1.930979e+00  3.015760e-02 
 1.931301e+00  3.015760e-02 
 1.931622e+00  3.015761e-02 
 1.931944e+00  3.015761e-02 
 1.932265e+00  3.015761e-02 
 1.932587e+00  3.015762e-02 
 1.932908e+00  3.015762e-02 
 1.933230e+00  3.015762e-02 
 1.933551e+00  3.015763e-02 
 1.933873e+00  3.015763e-02 
 1.934195e+00  3.015763e-02 
 1.934516e+00  3.015763e-02 
 1.934838e+00  3.015764e-02 
 1.935159e+00  3.015764e-02 
 1.935481e+00  3.015764e-02 
 1.935802e+00  3.015765e-02 
 1.936124e+00  3.015765e-02 
 1.936445e+00  3.015765e-02 
 1.936767e+00  3.015766e-02 
 1.937089e+00  3.015766e-02 
 1.937410e+00  3.015766e-02 
 1.937732e+00  3.015767e-02 
 1.938053e+00  3.015767e-02 
 1.938375e+00  3.015767e-02 
 1.938696e+00  3.015767e-02 
 1.939018e+00  3.015768e-02 
 1.939340e+00  3.015768e-02 
 1.939661e+00  3.015768e-02 
 1.939983e+00  3.015769e-02 
 1.940304e+00  3.015769e-02 
 1.940626e+00  3.015769e-02 
 1.940947e+00  3.015769e-02 
 1.941269e+00  3.015770e-02 
 1.941590e+00  3.015770e-02 
 1.941912e+00  3.015770e-02 
 1.942234e+00  3.015771e-02 
 1.942555e+00  3.015771e-02 
 1.942877e+00  3.015771e-02 
 1.943198e+00  3.015772e-02 
 1.943520e+00  3.015772e-02 
 1.943841e+00  3.015772e-02 
 1.944163e+00  3.015773e-02 
 1.944484e+00  3.015773e-02 
 1.944806e+00  3.015773e-02 
 1.945128e+00  3.015774e-02 
 1.945449e+00  3.015774e-02 
 1.945771e+00  3.015774e-02 
 1.946092e+00  3.015775e-02 
 1.946414e+00  3.015775e-02 
 1.946735e+00  3.015775e-02 
 1.947057e+00  3.015776e-02 
 1.947378e+00  3.015776e-02 
 1.947700e+00  3.015776e-02 
 1.948022e+00  3.015777e-02 
 1.948343e+00  3.015777e-02 
 1.948665e+00  3.015777e-02 
 1.948986e+00  3.015778e-02 
 1.949308e+00  3.015778e-02 
 1.949629e+00  3.015778e-02 
 1.949951e+00  3.015779e-02 
 1.950272e+00  3.015779e-02 
 1.950594e+00  3.015780e-02 
 1.950916e+00  3.015780e-02 
 1.951237e+00  3.015780e-02 
 1.951559e+00  3.015781e-02 
 1.951880e+00  3.015781e-02 
 1.952202e+00  3.015782e-02 
 1.952523e+00  3.015782e-02 
 1.952845e+00  3.015783e-02 
 1.953166e+00  3.015783e-02 
 1.953488e+00  3.015783e-02 
 1.953810e+00  3.015784e-02 
 1.954131e+00  3.015784e-02 
 1.954453e+00  3.015785e-02 
 1.954774e+00  3.015785e-02 
 1.955096e+00  3.015786e-02 
 1.955417e+00  3.015786e-02 
 1.955739e+00  3.015787e-02 
 1.956060e+00  3.015787e-02 
 1.956382e+00  3.015788e-02 
 1.956704e+00  3.015788e-02 
 1.957025e+00  3.015789e-02 
 1.957347e+00  3.015789e-02 
 1.957668e+00  3.015790e-02 
 1.957990e+00  3.015790e-02 
 1.958311e+00  3.015791e-02 
 1.958633e+00  3.015791e-02 
 1.958954e+00  3.015792e-02 
 1.959276e+00  3.015792e-02 
 1.959598e+00  3.015793e-02 
 1.959919e+00  3.015794e-02 
 1.960241e+00  3.015794e-02 
 1.960562e+00  3.015795e-02 
 1.960884e+00  3.015795e-02 
 1.961205e+00  3.015796e-02 
 1.961527e+00  3.015796e-02 
 1.961848e+00  3.015797e-02 
 1.962170e+00  3.015798e-02 
 1.962492e+00  3.015798e-02 
 1.962813e+00  3.015799e-02 
 1.963135e+00  3.015799e-02 
 1.963456e+00  3.015800e-02 
 1.963778e+00  3.015801e-02 
 1.964099e+00  3.015801e-02 
 1.964421e+00  3.015802e-02 
 1.964742e+00  3.015802e-02 
 1.965064e+00  3.015803e-02 
 1.965386e+00  3.015804e-02 
 1.965707e+00  3.015804e-02 
 1.966029e+00  3.015805e-02 
 1.966350e+00  3.015806e-02 
 1.966672e+00  3.015806e-02 
 1.966993e+00  3.015807e-02 
 1.967315e+00  3.015807e-02 
 1.967636e+00  3.015808e-02 
 1.967958e+00  3.015809e-02 
 1.968280e+00  3.015809e-02 
 1.968601e+00  3.015810e-02 
 1.968923e+00  3.015811e-02 
 1.969244e+00  3.015811e-02 
 1.969566e+00  3.015812e-02 
 1.969887e+00  3.015813e-02 
 1.970209e+00  3.015813e-02 
 1.970530e+00  3.015814e-02 
 1.970852e+00  3.015815e-02 
 1.971174e+00  3.015815e-02 
 1.971495e+00  3.015816e-02 
 1.971817e+00  3.015817e-02 
 1.972138e+00  3.015817e-02 
 1.972460e+00  3.015818e-02 
 1.972781e+00  3.015819e-02 
 1.973103e+00  3.015819e-02 
 1.973424e+00  3.015820e-02 
 1.973746e+00  3.015821e-02 
 1.974068e+00  3.015821e-02 
 1.974389e+00  3.015822e-02 
 1.974711e+00  3.015823e-02 
 1.975032e+00  3.015823e-02 
 1.975354e+00  3.015824e-02 
 1.975675e+00  3.015825e-02 
 1.975997e+00  3.015826e-02 
 1.976319e+00  3.015826e-02 
 1.976640e+00  3.015827e-02 
 1.976962e+00  3.015828e-02 
 1.977283e+00  3.015828e-02 
 1.977605e+00  3.015829e-02 
 1.977926e+00  3.015830e-02 
 1.978248e+00  3.015830e-02 
 1.978569e+00  3.015831e-02 
 1.978891e+00  3.015832e-02 
 1.979213e+00  3.015832e-02 
 1.979534e+00  3.015833e-02 
 1.979856e+00  3.015834e-02 
 1.980177e+00  3.015835e-02 
 1.980499e+00  3.015835e-02 
 1.980820e+00  3.015836e-02 
 1.981142e+00  3.015837e-02 
 1.981463e+00  3.015837e-02 
 1.981785e+00  3.015838e-02 
 1.982107e+00  3.015839e-02 
 1.982428e+00  3.015839e-02 
 1.982750e+00  3.015840e-02 
 1.983071e+00  3.015841e-02 
 1.983393e+00  3.015842e-02 
 1.983714e+00  3.015842e-02 
 1.984036e+00  3.015843e-02 
 1.984357e+00  3.015844e-02 
 1.984679e+00  3.015844e-02 
 1.985001e+00  3.015845e-02 
 1.985322e+00  3.015846e-02 
 1.985644e+00  3.015846e-02 
 1.985965e+00  3.015847e-02 
 1.986287e+00  3.015848e-02 
 1.986608e+00  3.015849e-02 
 1.986930e+00  3.015849e-02 
 1.987251e+00  3.015850e-02 
 1.987573e+00  3.015851e-02 
 1.987895e+00  3.015851e-02 
 1.988216e+00  3.015852e-02 
 1.988538e+00  3.015853e-02 
 1.988859e+00  3.015854e-02 
 1.989181e+00  3.015854e-02 
 1.989502e+00  3.015855e-02 
 1.989824e+00  3.015856e-02 
 1.990145e+00  3.015857e-02 
 1.990467e+00  3.015857e-02 
 1.990789e+00  3.015858e-02 
 1.991110e+00  3.015859e-02 
 1.991432e+00  3.015859e-02 
 1.991753e+00  3.015860e-02 
 1.992075e+00  3.015861e-02 
 1.992396e+00  3.015862e-02 
 1.992718e+00  3.015862e-02 
 1.993039e+00  3.015863e-02 
 1.993361e+00  3.015864e-02 
 1.993683e+00  3.015865e-02 
 1.994004e+00  3.015865e-02 
 1.994326e+00  3.015866e-02 
 1.994647e+00  3.015867e-02 
 1.994969e+00  3.015868e-02 
 1.995290e+00  3.015868e-02 
 1.995612e+00  3.015869e-02 
 1.995933e+00  3.015870e-02 
 1.996255e+00  3.015871e-02 
 1.996577e+00  3.015872e-02 
 1.996898e+00  3.015872e-02 
 1.997220e+00  3.015873e-02 
 1.997541e+00  3.015874e-02 
 1.997863e+00  3.015875e-02 
 1.998184e+00  3.015875e-02 
 1.998506e+00  3.015876e-02 
 1.998827e+00  3.015877e-02 
 1.999149e+00  3.015878e-02 
 1.999471e+00  3.015879e-02 
 1.999792e+00  3.015879e-02 
 2.000114e+00  3.015880e-02 
 2.000435e+00  3.015881e-02 
 2.000757e+00  3.015882e-02 
 2.001078e+00  3.015883e-02 
 2.001400e+00  3.015883e-02 
 2.001721e+00  3.015884e-02 
 2.002043e+00  3.015885e-02 
 2.002365e+00  3.015886e-02 
 2.002686e+00  3.015887e-02 
 2.003008e+00  3.015888e-02 
 2.003329e+00  3.015888e-02 
 2.003651e+00  3.015889e-02 
 2.003972e+00  3.015890e-02 
 2.004294e+00  3.015891e-02 
 2.004615e+00  3.015892e-02 
 2.004937e+00  3.015893e-02 
 2.005259e+00  3.015894e-02 
 2.005580e+00  3.015894e-02 
 2.005902e+00  3.015895e-02 
 2.006223e+00  3.015896e-02 
 2.006545e+00  3.015897e-02 
 2.006866e+00  3.015898e-02 
 2.007188e+00  3.015899e-02 
 2.007509e+00  3.015900e-02 
 2.007831e+00  3.015901e-02 
 2.008153e+00  3.015902e-02 
 2.008474e+00  3.015902e-02 
 2.008796e+00  3.015903e-02 
 2.009117e+00  3.015904e-02 
 2.009439e+00  3.015905e-02 
 2.009760e+00  3.015906e-02 
 2.010082e+00  3.015907e-02 
 2.010404e+00  3.015908e-02 
 2.010725e+00  3.015909e-02 
 2.011047e+00  3.015910e-02 
 2.011368e+00  3.015911e-02 
 2.011690e+00  3.015912e-02 
 2.012011e+00  3.015913e-02 
 2.012333e+00  3.015914e-02 
 2.012654e+00  3.015915e-02 
 2.012976e+00  3.015916e-02 
 2.013298e+00  3.015917e-02 
 2.013619e+00  3.015918e-02 
 2.013941e+00  3.015919e-02 
 2.014262e+00  3.015920e-02 
 2.014584e+00  3.015921e-02 
 2.014905e+00  3.015922e-02 
 2.015227e+00  3.015923e-02 
 2.015548e+00  3.015925e-02 
 2.015870e+00  3.015926e-02 
 2.016192e+00  3.015927e-02 
 2.016513e+00  3.015928e-02 
 2.016835e+00  3.015929e-02 
 2.017156e+00  3.015930e-02 
 2.017478e+00  3.015931e-02 
 2.017799e+00  3.015933e-02 
 2.018121e+00  3.015934e-02 
 2.018442e+00  3.015935e-02 
 2.018764e+00  3.015936e-02 
 2.019086e+00  3.015937e-02 
 2.019407e+00  3.015939e-02 
 2.019729e+00  3.015940e-02 
 2.020050e+00  3.015941e-02 
 2.020372e+00  3.015942e-02 
 2.020693e+00  3.015944e-02 
 2.021015e+00  3.015945e-02 
 2.021336e+00  3.015946e-02 
 2.021658e+00  3.015948e-02 
 2.021980e+00  3.015949e-02 
 2.022301e+00  3.015950e-02 
 2.022623e+00  3.015952e-02 
 2.022944e+00  3.015953e-02 
 2.023266e+00  3.015954e-02 
 2.023587e+00  3.015956e-02 
 2.023909e+00  3.015957e-02 
 2.024230e+00  3.015959e-02 
 2.024552e+00  3.015960e-02 
 2.024874e+00  3.015961e-02 
 2.025195e+00  3.015963e-02 
 2.025517e+00  3.015964e-02 
 2.025838e+00  3.015966e-02 
 2.026160e+00  3.015967e-02 
 2.026481e+00  3.015969e-02 
 2.026803e+00  3.015970e-02 
 2.027124e+00  3.015972e-02 
 2.027446e+00  3.015973e-02 
 2.027768e+00  3.015975e-02 
 2.028089e+00  3.015977e-02 
 2.028411e+00  3.015978e-02 
 2.028732e+00  3.015980e-02 
 2.029054e+00  3.015981e-02 
 2.029375e+00  3.015983e-02 
 2.029697e+00  3.015985e-02 
 2.030018e+00  3.015986e-02 
 2.030340e+00  3.015988e-02 
 2.030662e+00  3.015990e-02 
 2.030983e+00  3.015991e-02 
 2.031305e+00  3.015993e-02 
 2.031626e+00  3.015995e-02 
 2.031948e+00  3.015996e-02 
 2.032269e+00  3.015998e-02 
 2.032591e+00  3.016000e-02 
 2.032912e+00  3.016002e-02 
 2.033234e+00  3.016003e-02 
 2.033556e+00  3.016005e-02 
 2.033877e+00  3.016007e-02 
 2.034199e+00  3.016009e-02 
 2.034520e+00  3.016010e-02 
 2.034842e+00  3.016012e-02 
 2.035163e+00  3.016014e-02 
 2.035485e+00  3.016016e-02 
 2.035806e+00  3.016018e-02 
 2.036128e+00  3.016020e-02 
 2.036450e+00  3.016021e-02 
 2.036771e+00  3.016023e-02 
 2.037093e+00  3.016025e-02 
 2.037414e+00  3.016027e-02 
 2.037736e+00  3.016029e-02 
 2.038057e+00  3.016031e-02 
 2.038379e+00  3.016033e-02 
 2.038700e+00  3.016035e-02 
 2.039022e+00  3.016037e-02 
 2.039344e+00  3.016039e-02 
 2.039665e+00  3.016040e-02 
 2.039987e+00  3.016042e-02 
 2.040308e+00  3.016044e-02 
 2.040630e+00  3.016046e-02 
 2.040951e+00  3.016048e-02 
 2.041273e+00  3.016050e-02 
 2.041594e+00  3.016052e-02 
 2.041916e+00  3.016054e-02 
 2.042238e+00  3.016056e-02 
 2.042559e+00  3.016058e-02 
 2.042881e+00  3.016060e-02 
 2.043202e+00  3.016062e-02 
 2.043524e+00  3.016064e-02 
 2.043845e+00  3.016066e-02 
 2.044167e+00  3.016068e-02 
 2.044489e+00  3.016070e-02 
 2.044810e+00  3.016072e-02 
 2.045132e+00  3.016074e-02 
 2.045453e+00  3.016076e-02 
 2.045775e+00  3.016078e-02 
 2.046096e+00  3.016080e-02 
 2.046418e+00  3.016082e-02 
 2.046739e+00  3.016084e-02 
 2.047061e+00  3.016086e-02 
 2.047383e+00  3.016088e-02 
 2.047704e+00  3.016090e-02 
 2.048026e+00  3.016092e-02 
 2.048347e+00  3.016094e-02 
 2.048669e+00  3.016097e-02 
 2.048990e+00  3.016099e-02 
 2.049312e+00  3.016101e-02 
 2.049633e+00  3.016103e-02 
 2.049955e+00  3.016105e-02 
 2.050277e+00  3.016107e-02 
 2.050598e+00  3.016109e-02 
 2.050920e+00  3.016111e-02 
 2.051241e+00  3.016113e-02 
 2.051563e+00  3.016115e-02 
 2.051884e+00  3.016117e-02 
 2.052206e+00  3.016119e-02 
 2.052527e+00  3.016121e-02 
 2.052849e+00  3.016123e-02 
 2.053171e+00  3.016125e-02 
 2.053492e+00  3.016127e-02 
 2.053814e+00  3.016129e-02 
 2.054135e+00  3.016132e-02 
 2.054457e+00  3.016134e-02 
 2.054778e+00  3.016136e-02 
 2.055100e+00  3.016138e-02 
 2.055421e+00  3.016140e-02 
 2.055743e+00  3.016142e-02 
 2.056065e+00  3.016144e-02 
 2.056386e+00  3.016146e-02 
 2.056708e+00  3.016148e-02 
 2.057029e+00  3.016150e-02 
 2.057351e+00  3.016152e-02 
 2.057672e+00  3.016154e-02 
 2.057994e+00  3.016156e-02 
 2.058315e+00  3.016158e-02 
 2.058637e+00  3.016160e-02 
 2.058959e+00  3.016163e-02 
 2.059280e+00  3.016165e-02 
 2.059602e+00  3.016167e-02 
 2.059923e+00  3.016169e-02 
 2.060245e+00  3.016171e-02 
 2.060566e+00  3.016173e-02 
 2.060888e+00  3.016175e-02 
 2.061209e+00  3.016177e-02 
 2.061531e+00  3.016179e-02 
 2.061853e+00  3.016181e-02 
 2.062174e+00  3.016183e-02 
 2.062496e+00  3.016185e-02 
 2.062817e+00  3.016187e-02 
 2.063139e+00  3.016189e-02 
 2.063460e+00  3.016191e-02 
 2.063782e+00  3.016194e-02 
 2.064103e+00  3.016196e-02 
 2.064425e+00  3.016198e-02 
 2.064747e+00  3.016200e-02 
 2.065068e+00  3.016202e-02 
 2.065390e+00  3.016204e-02 
 2.065711e+00  3.016206e-02 
 2.066033e+00  3.016208e-02 
 2.066354e+00  3.016210e-02 
 2.066676e+00  3.016212e-02 
 2.066997e+00  3.016214e-02 
 2.067319e+00  3.016216e-02 
 2.067641e+00  3.016218e-02 
 2.067962e+00  3.016220e-02 
 2.068284e+00  3.016222e-02 
 2.068605e+00  3.016224e-02 
 2.068927e+00  3.016227e-02 
 2.069248e+00  3.016229e-02 
 2.069570e+00  3.016231e-02 
 2.069891e+00  3.016233e-02 
 2.070213e+00  3.016235e-02 
 2.070535e+00  3.016237e-02 
 2.070856e+00  3.016239e-02 
 2.071178e+00  3.016241e-02 
 2.071499e+00  3.016243e-02 
 2.071821e+00  3.016245e-02 
 2.072142e+00  3.016247e-02 
 2.072464e+00  3.016249e-02 
 2.072785e+00  3.016251e-02 
 2.073107e+00  3.016253e-02 
 2.073429e+00  3.016255e-02 
 2.073750e+00  3.016257e-02 
 2.074072e+00  3.016259e-02 
 2.074393e+00  3.016261e-02 
 2.074715e+00  3.016263e-02 
 2.075036e+00  3.016265e-02 
 2.075358e+00  3.016267e-02 
 2.075679e+00  3.016269e-02 
 2.076001e+00  3.016271e-02 
 2.076323e+00  3.016273e-02 
 2.076644e+00  3.016275e-02 
 2.076966e+00  3.016277e-02 
 2.077287e+00  3.016279e-02 
 2.077609e+00  3.016281e-02 
 2.077930e+00  3.016283e-02 
 2.078252e+00  3.016285e-02 
 2.078573e+00  3.016287e-02 
 2.078895e+00  3.016289e-02 
 2.079217e+00  3.016291e-02 
 2.079538e+00  3.016293e-02 
 2.079860e+00  3.016295e-02 
 2.080181e+00  3.016297e-02 
 2.080503e+00  3.016299e-02 
 2.080824e+00  3.016301e-02 
 2.081146e+00  3.016303e-02 
 2.081468e+00  3.016305e-02 
 2.081789e+00  3.016307e-02 
 2.082111e+00  3.016309e-02 
 2.082432e+00  3.016311e-02 
 2.082754e+00  3.016313e-02 
 2.083075e+00  3.016315e-02 
 2.083397e+00  3.016317e-02 
 2.083718e+00  3.016318e-02 
 2.084040e+00  3.016320e-02 
 2.084362e+00  3.016322e-02 
 2.084683e+00  3.016324e-02 
 2.085005e+00  3.016326e-02 
 2.085326e+00  3.016328e-02 
 2.085648e+00  3.016330e-02 
 2.085969e+00  3.016332e-02 
 2.086291e+00  3.016333e-02 
 2.086612e+00  3.016335e-02 
 2.086934e+00  3.016337e-02 
 2.087256e+00  3.016339e-02 
 2.087577e+00  3.016341e-02 
 2.087899e+00  3.016342e-02 
 2.088220e+00  3.016344e-02 
 2.088542e+00  3.016346e-02 
 2.088863e+00  3.016348e-02 
 2.089185e+00  3.016350e-02 
 2.089506e+00  3.016351e-02 
 2.089828e+00  3.016353e-02 
 2.090150e+00  3.016355e-02 
 2.090471e+00  3.016356e-02 
 2.090793e+00  3.016358e-02 
 2.091114e+00  3.016360e-02 
 2.091436e+00  3.016362e-02 
 2.091757e+00  3.016363e-02 
 2.092079e+00  3.016365e-02 
 2.092400e+00  3.016367e-02 
 2.092722e+00  3.016368e-02 
 2.093044e+00  3.016370e-02 
 2.093365e+00  3.016371e-02 
 2.093687e+00  3.016373e-02 
 2.094008e+00  3.016375e-02 
 2.094330e+00  3.016376e-02 
 2.094651e+00  3.016378e-02 
 2.094973e+00  3.016379e-02 
 2.095294e+00  3.016381e-02 
 2.095616e+00  3.016383e-02 
 2.095938e+00  3.016384e-02 
 2.096259e+00  3.016386e-02 
 2.096581e+00  3.016387e-02 
 2.096902e+00  3.016389e-02 
 2.097224e+00  3.016390e-02 
 2.097545e+00  3.016392e-02 
 2.097867e+00  3.016393e-02 
 2.098188e+00  3.016394e-02 
 2.098510e+00  3.016396e-02 
 2.098832e+00  3.016397e-02 
 2.099153e+00  3.016399e-02 
 2.099475e+00  3.016400e-02 
 2.099796e+00  3.016401e-02 
 2.100118e+00  3.016403e-02 
 2.100439e+00  3.016404e-02 
 2.100761e+00  3.016405e-02 
 2.101082e+00  3.016407e-02 
 2.101404e+00  3.016408e-02 
 2.101726e+00  3.016409e-02 
 2.102047e+00  3.016411e-02 
 2.102369e+00  3.016412e-02 
 2.102690e+00  3.016413e-02 
 2.103012e+00  3.016414e-02 
 2.103333e+00  3.016415e-02 
 2.103655e+00  3.016417e-02 
 2.103976e+00  3.016418e-02 
 2.104298e+00  3.016419e-02 
 2.104620e+00  3.016420e-02 
 2.104941e+00  3.016421e-02 
 2.105263e+00  3.016422e-02 
 2.105584e+00  3.016423e-02 
 2.105906e+00  3.016424e-02 
 2.106227e+00  3.016426e-02 
 2.106549e+00  3.016427e-02 
 2.106870e+00  3.016428e-02 
 2.107192e+00  3.016429e-02 
 2.107514e+00  3.016430e-02 
 2.107835e+00  3.016430e-02 
 2.108157e+00  3.016431e-02 
 2.108478e+00  3.016432e-02 
 2.108800e+00  3.016433e-02 
 2.109121e+00  3.016434e-02 
 2.109443e+00  3.016435e-02 
 2.109764e+00  3.016436e-02 
 2.110086e+00  3.016437e-02 
 2.110408e+00  3.016437e-02 
 2.110729e+00  3.016438e-02 
 2.111051e+00  3.016439e-02 
 2.111372e+00  3.016440e-02 
 2.111694e+00  3.016440e-02 
 2.112015e+00  3.016441e-02 
 2.112337e+00  3.016442e-02 
 2.112658e+00  3.016443e-02 
 2.112980e+00  3.016443e-02 
 2.113302e+00  3.016444e-02 
 2.113623e+00  3.016444e-02 
 2.113945e+00  3.016445e-02 
 2.114266e+00  3.016446e-02 
 2.114588e+00  3.016446e-02 
 2.114909e+00  3.016447e-02 
 2.115231e+00  3.016447e-02 
 2.115553e+00  3.016448e-02 
 2.115874e+00  3.016448e-02 
 2.116196e+00  3.016449e-02 
 2.116517e+00  3.016449e-02 
 2.116839e+00  3.016449e-02 
 2.117160e+00  3.016450e-02 
 2.117482e+00  3.016450e-02 
 2.117803e+00  3.016451e-02 
 2.118125e+00  3.016451e-02 
 2.118447e+00  3.016451e-02 
 2.118768e+00  3.016452e-02 
 2.119090e+00  3.016452e-02 
 2.119411e+00  3.016452e-02 
 2.119733e+00  3.016452e-02 
 2.120054e+00  3.016452e-02 
 2.120376e+00  3.016453e-02 
 2.120697e+00  3.016453e-02 
 2.121019e+00  3.016453e-02 
 2.121341e+00  3.016453e-02 
 2.121662e+00  3.016453e-02 
 2.121984e+00  3.016453e-02 
 2.122305e+00  3.016453e-02 
 2.122627e+00  3.016453e-02 
 2.122948e+00  3.016454e-02 
 2.123270e+00  3.016454e-02 
 2.123591e+00  3.016454e-02 
 2.123913e+00  3.016453e-02 
 2.124235e+00  3.016453e-02 
 2.124556e+00  3.016453e-02 
 2.124878e+00  3.016453e-02 
 2.125199e+00  3.016453e-02 
 2.125521e+00  3.016453e-02 
 2.125842e+00  3.016453e-02 
 2.126164e+00  3.016453e-02 
 2.126485e+00  3.016453e-02 
 2.126807e+00  3.016452e-02 
 2.127129e+00  3.016452e-02 
 2.127450e+00  3.016452e-02 
 2.127772e+00  3.016452e-02 
 2.128093e+00  3.016451e-02 
 2.128415e+00  3.016451e-02 
 2.128736e+00  3.016451e-02 
 2.129058e+00  3.016450e-02 
 2.129379e+00  3.016450e-02 
 2.129701e+00  3.016450e-02 
 2.130023e+00  3.016449e-02 
 2.130344e+00  3.016449e-02 
 2.130666e+00  3.016448e-02 
 2.130987e+00  3.016448e-02 
 2.131309e+00  3.016447e-02 
 2.131630e+00  3.016447e-02 
 2.131952e+00  3.016446e-02 
 2.132273e+00  3.016446e-02 
 2.132595e+00  3.016445e-02 
 2.132917e+00  3.016445e-02 
 2.133238e+00  3.016444e-02 
 2.133560e+00  3.016443e-02 
 2.133881e+00  3.016443e-02 
 2.134203e+00  3.016442e-02 
 2.134524e+00  3.016441e-02 
 2.134846e+00  3.016441e-02 
 2.135167e+00  3.016440e-02 
 2.135489e+00  3.016439e-02 
 2.135811e+00  3.016438e-02 
 2.136132e+00  3.016437e-02 
 2.136454e+00  3.016437e-02 
 2.136775e+00  3.016436e-02 
 2.137097e+00  3.016435e-02 
 2.137418e+00  3.016434e-02 
 2.137740e+00  3.016433e-02 
 2.138061e+00  3.016432e-02 
 2.138383e+00  3.016431e-02 
 2.138705e+00  3.016430e-02 
 2.139026e+00  3.016429e-02 
 2.139348e+00  3.016428e-02 
 2.139669e+00  3.016427e-02 
 2.139991e+00  3.016426e-02 
 2.140312e+00  3.016425e-02 
 2.140634e+00  3.016424e-02 
 2.140955e+00  3.016423e-02 
 2.141277e+00  3.016421e-02 
 2.141599e+00  3.016420e-02 
 2.141920e+00  3.016419e-02 
 2.142242e+00  3.016418e-02 
 2.142563e+00  3.016417e-02 
 2.142885e+00  3.016415e-02 
 2.143206e+00  3.016414e-02 
 2.143528e+00  3.016413e-02 
 2.143849e+00  3.016411e-02 
 2.144171e+00  3.016410e-02 
 2.144493e+00  3.016408e-02 
 2.144814e+00  3.016407e-02 
 2.145136e+00  3.016406e-02 
 2.145457e+00  3.016404e-02 
 2.145779e+00  3.016403e-02 
 2.146100e+00  3.016401e-02 
 2.146422e+00  3.016399e-02 
 2.146743e+00  3.016398e-02 
 2.147065e+00  3.016396e-02 
 2.147387e+00  3.016395e-02 
 2.147708e+00  3.016393e-02 
 2.148030e+00  3.016391e-02 
 2.148351e+00  3.016390e-02 
 2.148673e+00  3.016388e-02 
 2.148994e+00  3.016386e-02 
 2.149316e+00  3.016384e-02 
 2.149637e+00  3.016383e-02 
 2.149959e+00  3.016381e-02 
 2.150281e+00  3.016379e-02 
 2.150602e+00  3.016377e-02 
 2.150924e+00  3.016375e-02 
 2.151245e+00  3.016373e-02 
 2.151567e+00  3.016371e-02 
 2.151888e+00  3.016369e-02 
 2.152210e+00  3.016367e-02 
 2.152532e+00  3.016365e-02 
 2.152853e+00  3.016363e-02 
 2.153175e+00  3.016361e-02 
 2.153496e+00  3.016359e-02 
 2.153818e+00  3.016357e-02 
 2.154139e+00  3.016355e-02 
 2.154461e+00  3.016353e-02 
 2.154782e+00  3.016351e-02 
 2.155104e+00  3.016348e-02 
 2.155426e+00  3.016346e-02 
 2.155747e+00  3.016344e-02 
 2.156069e+00  3.016342e-02 
 2.156390e+00  3.016340e-02 
 2.156712e+00  3.016337e-02 
 2.157033e+00  3.016335e-02 
 2.157355e+00  3.016333e-02 
 2.157676e+00  3.016330e-02 
 2.157998e+00  3.016328e-02 
 2.158320e+00  3.016325e-02 
 2.158641e+00  3.016323e-02 
 2.158963e+00  3.016321e-02 
 2.159284e+00  3.016318e-02 
 2.159606e+00  3.016316e-02 
 2.159927e+00  3.016313e-02 
 2.160249e+00  3.016311e-02 
 2.160570e+00  3.016308e-02 
 2.160892e+00  3.016305e-02 
 2.161214e+00  3.016303e-02 
 2.161535e+00  3.016300e-02 
 2.161857e+00  3.016298e-02 
 2.162178e+00  3.016295e-02 
 2.162500e+00  3.016292e-02 
 2.162821e+00  3.016290e-02 
 2.163143e+00  3.016287e-02 
 2.163464e+00  3.016284e-02 
 2.163786e+00  3.016282e-02 
 2.164108e+00  3.016279e-02 
 2.164429e+00  3.016276e-02 
 2.164751e+00  3.016273e-02 
 2.165072e+00  3.016271e-02 
 2.165394e+00  3.016268e-02 
 2.165715e+00  3.016265e-02 
 2.166037e+00  3.016262e-02 
 2.166358e+00  3.016259e-02 
 2.166680e+00  3.016256e-02 
 2.167002e+00  3.016253e-02 
 2.167323e+00  3.016251e-02 
 2.167645e+00  3.016248e-02 
 2.167966e+00  3.016245e-02 
 2.168288e+00  3.016242e-02 
 2.168609e+00  3.016239e-02 
 2.168931e+00  3.016236e-02 
 2.169252e+00  3.016233e-02 
 2.169574e+00  3.016230e-02 
 2.169896e+00  3.016227e-02 
 2.170217e+00  3.016224e-02 
 2.170539e+00  3.016221e-02 
 2.170860e+00  3.016218e-02 
 2.171182e+00  3.016214e-02 
 2.171503e+00  3.016211e-02 
 2.171825e+00  3.016208e-02 
 2.172146e+00  3.016205e-02 
 2.172468e+00  3.016202e-02 
 2.172790e+00  3.016199e-02 
 2.173111e+00  3.016196e-02 
 2.173433e+00  3.016192e-02 
 2.173754e+00  3.016189e-02 
 2.174076e+00  3.016186e-02 
 2.174397e+00  3.016183e-02 
 2.174719e+00  3.016180e-02 
 2.175040e+00  3.016176e-02 
 2.175362e+00  3.016173e-02 
 2.175684e+00  3.016170e-02 
 2.176005e+00  3.016167e-02 
 2.176327e+00  3.016163e-02 
 2.176648e+00  3.016160e-02 
 2.176970e+00  3.016157e-02 
 2.177291e+00  3.016153e-02 
 2.177613e+00  3.016150e-02 
 2.177934e+00  3.016146e-02 
 2.178256e+00  3.016143e-02 
 2.178578e+00  3.016140e-02 
 2.178899e+00  3.016136e-02 
 2.179221e+00  3.016133e-02 
 2.179542e+00  3.016129e-02 
 2.179864e+00  3.016126e-02 
 2.180185e+00  3.016123e-02 
 2.180507e+00  3.016119e-02 
 2.180828e+00  3.016116e-02 
 2.181150e+00  3.016112e-02 
 2.181472e+00  3.016109e-02 
 2.181793e+00  3.016105e-02 
 2.182115e+00  3.016102e-02 
 2.182436e+00  3.016098e-02 
 2.182758e+00  3.016094e-02 
 2.183079e+00  3.016091e-02 
 2.183401e+00  3.016087e-02 
 2.183722e+00  3.016084e-02 
 2.184044e+00  3.016080e-02 
 2.184366e+00  3.016076e-02 
 2.184687e+00  3.016073e-02 
 2.185009e+00  3.016069e-02 
 2.185330e+00  3.016066e-02 
 2.185652e+00  3.016062e-02 
 2.185973e+00  3.016058e-02 
 2.186295e+00  3.016055e-02 
 2.186616e+00  3.016051e-02 
 2.186938e+00  3.016047e-02 
 2.187260e+00  3.016043e-02 
 2.187581e+00  3.016040e-02 
 2.187903e+00  3.016036e-02 
 2.188224e+00  3.016032e-02 
 2.188546e+00  3.016028e-02 
 2.188867e+00  3.016025e-02 
 2.189189e+00  3.016021e-02 
 2.189511e+00  3.016017e-02 
 2.189832e+00  3.016013e-02 
 2.190154e+00  3.016009e-02 
 2.190475e+00  3.016006e-02 
 2.190797e+00  3.016002e-02 
 2.191118e+00  3.015998e-02 
 2.191440e+00  3.015994e-02 
 2.191761e+00  3.015990e-02 
 2.192083e+00  3.015986e-02 
 2.192405e+00  3.015982e-02 
 2.192726e+00  3.015979e-02 
 2.193048e+00  3.015975e-02 
 2.193369e+00  3.015971e-02 
 2.193691e+00  3.015967e-02 
 2.194012e+00  3.015963e-02 
 2.194334e+00  3.015959e-02 
 2.194655e+00  3.015955e-02 
 2.194977e+00  3.015951e-02 
 2.195299e+00  3.015947e-02 
 2.195620e+00  3.015943e-02 
 2.195942e+00  3.015939e-02 
 2.196263e+00  3.015935e-02 
 2.196585e+00  3.015931e-02 
 2.196906e+00  3.015927e-02 
 2.197228e+00  3.015923e-02 
 2.197549e+00  3.015919e-02 
 2.197871e+00  3.015915e-02 
 2.198193e+00  3.015911e-02 
 2.198514e+00  3.015907e-02 
 2.198836e+00  3.015903e-02 
 2.199157e+00  3.015898e-02 
 2.199479e+00  3.015894e-02 
 2.199800e+00  3.015890e-02 
 2.200122e+00  3.015886e-02 
 2.200443e+00  3.015882e-02 
 2.200765e+00  3.015878e-02 
 2.201087e+00  3.015874e-02 
 2.201408e+00  3.015870e-02 
 2.201730e+00  3.015865e-02 
 2.202051e+00  3.015861e-02 
 2.202373e+00  3.015857e-02 
 2.202694e+00  3.015853e-02 
 2.203016e+00  3.015849e-02 
 2.203337e+00  3.015844e-02 
 2.203659e+00  3.015840e-02 
 2.203981e+00  3.015836e-02 
 2.204302e+00  3.015832e-02 
 2.204624e+00  3.015827e-02 
 2.204945e+00  3.015823e-02 
 2.205267e+00  3.015819e-02 
 2.205588e+00  3.015815e-02 
 2.205910e+00  3.015810e-02 
 2.206231e+00  3.015806e-02 
 2.206553e+00  3.015802e-02 
 2.206875e+00  3.015798e-02 
 2.207196e+00  3.015793e-02 
 2.207518e+00  3.015789e-02 
 2.207839e+00  3.015785e-02 
 2.208161e+00  3.015780e-02 
 2.208482e+00  3.015776e-02 
 2.208804e+00  3.015772e-02 
 2.209125e+00  3.015767e-02 
 2.209447e+00  3.015763e-02 
 2.209769e+00  3.015759e-02 
 2.210090e+00  3.015754e-02 
 2.210412e+00  3.015750e-02 
 2.210733e+00  3.015746e-02 
 2.211055e+00  3.015741e-02 
 2.211376e+00  3.015737e-02 
 2.211698e+00  3.015732e-02 
 2.212019e+00  3.015728e-02 
 2.212341e+00  3.015724e-02 
 2.212663e+00  3.015719e-02 
 2.212984e+00  3.015715e-02 
 2.213306e+00  3.015710e-02 
 2.213627e+00  3.015706e-02 
 2.213949e+00  3.015701e-02 
 2.214270e+00  3.015697e-02 
 2.214592e+00  3.015692e-02 
 2.214913e+00  3.015688e-02 
 2.215235e+00  3.015684e-02 
 2.215557e+00  3.015679e-02 
 2.215878e+00  3.015675e-02 
 2.216200e+00  3.015670e-02 
 2.216521e+00  3.015666e-02 
 2.216843e+00  3.015661e-02 
 2.217164e+00  3.015657e-02 
 2.217486e+00  3.015652e-02 
 2.217807e+00  3.015648e-02 
 2.218129e+00  3.015643e-02 
 2.218451e+00  3.015639e-02 
 2.218772e+00  3.015634e-02 
 2.219094e+00  3.015630e-02 
 2.219415e+00  3.015625e-02 
 2.219737e+00  3.015620e-02 
 2.220058e+00  3.015616e-02 
 2.220380e+00  3.015611e-02 
 2.220701e+00  3.015607e-02 
 2.221023e+00  3.015602e-02 
 2.221345e+00  3.015598e-02 
 2.221666e+00  3.015593e-02 
 2.221988e+00  3.015589e-02 
 2.222309e+00  3.015584e-02 
 2.222631e+00  3.015579e-02 
 2.222952e+00  3.015575e-02 
 2.223274e+00  3.015570e-02 
 2.223595e+00  3.015566e-02 
 2.223917e+00  3.015561e-02 
 2.224239e+00  3.015556e-02 
 2.224560e+00  3.015552e-02 
 2.224882e+00  3.015547e-02 
 2.225203e+00  3.015543e-02 
 2.225525e+00  3.015538e-02 
 2.225846e+00  3.015533e-02 
 2.226168e+00  3.015529e-02 
 2.226490e+00  3.015524e-02 
 2.226811e+00  3.015520e-02 
 2.227133e+00  3.015515e-02 
 2.227454e+00  3.015510e-02 
 2.227776e+00  3.015506e-02 
 2.228097e+00  3.015501e-02 
 2.228419e+00  3.015497e-02 
 2.228740e+00  3.015492e-02 
 2.229062e+00  3.015487e-02 
 2.229384e+00  3.015483e-02 
 2.229705e+00  3.015478e-02 
 2.230027e+00  3.015474e-02 
 2.230348e+00  3.015469e-02 
 2.230670e+00  3.015464e-02 
 2.230991e+00  3.015460e-02 
 2.231313e+00  3.015455e-02 
 2.231634e+00  3.015450e-02 
 2.231956e+00  3.015446e-02 
 2.232278e+00  3.015441e-02 
 2.232599e+00  3.015437e-02 
 2.232921e+00  3.015432e-02 
 2.233242e+00  3.015427e-02 
 2.233564e+00  3.015423e-02 
 2.233885e+00  3.015418e-02 
 2.234207e+00  3.015414e-02 
 2.234528e+00  3.015409e-02 
 2.234850e+00  3.015404e-02 
 2.235172e+00  3.015400e-02 
 2.235493e+00  3.015395e-02 
 2.235815e+00  3.015391e-02 
 2.236136e+00  3.015386e-02 
 2.236458e+00  3.015382e-02 
 2.236779e+00  3.015377e-02 
 2.237101e+00  3.015372e-02 
 2.237422e+00  3.015368e-02 
 2.237744e+00  3.015363e-02 
 2.238066e+00  3.015359e-02 
 2.238387e+00  3.015354e-02 
 2.238709e+00  3.015350e-02 
 2.239030e+00  3.015345e-02 
 2.239352e+00  3.015341e-02 
 2.239673e+00  3.015336e-02 
 2.239995e+00  3.015332e-02 
 2.240316e+00  3.015327e-02 
 2.240638e+00  3.015323e-02 
 2.240960e+00  3.015318e-02 
 2.241281e+00  3.015314e-02 
 2.241603e+00  3.015309e-02 
 2.241924e+00  3.015305e-02 
 2.242246e+00  3.015300e-02 
 2.242567e+00  3.015296e-02 
 2.242889e+00  3.015292e-02 
 2.243210e+00  3.015287e-02 
 2.243532e+00  3.015283e-02 
 2.243854e+00  3.015278e-02 
 2.244175e+00  3.015274e-02 
 2.244497e+00  3.015270e-02 
 2.244818e+00  3.015265e-02 
 2.245140e+00  3.015261e-02 
 2.245461e+00  3.015256e-02 
 2.245783e+00  3.015252e-02 
 2.246104e+00  3.015248e-02 
 2.246426e+00  3.015243e-02 
 2.246748e+00  3.015239e-02 
 2.247069e+00  3.015235e-02 
 2.247391e+00  3.015230e-02 
 2.247712e+00  3.015226e-02 
 2.248034e+00  3.015222e-02 
 2.248355e+00  3.015217e-02 
 2.248677e+00  3.015213e-02 
 2.248998e+00  3.015209e-02 
 2.249320e+00  3.015205e-02 
 2.249642e+00  3.015200e-02 
 2.249963e+00  3.015196e-02 
 2.250285e+00  3.015192e-02 
 2.250606e+00  3.015188e-02 
 2.250928e+00  3.015183e-02 
 2.251249e+00  3.015179e-02 
 2.251571e+00  3.015175e-02 
 2.251892e+00  3.015171e-02 
 2.252214e+00  3.015166e-02 
 2.252536e+00  3.015162e-02 
 2.252857e+00  3.015158e-02 
 2.253179e+00  3.015154e-02 
 2.253500e+00  3.015150e-02 
 2.253822e+00  3.015146e-02 
 2.254143e+00  3.015141e-02 
 2.254465e+00  3.015137e-02 
 2.254786e+00  3.015133e-02 
 2.255108e+00  3.015129e-02 
 2.255430e+00  3.015125e-02 
 2.255751e+00  3.015121e-02 
 2.256073e+00  3.015117e-02 
 2.256394e+00  3.015113e-02 
 2.256716e+00  3.015108e-02 
 2.257037e+00  3.015104e-02 
 2.257359e+00  3.015100e-02 
 2.257680e+00  3.015096e-02 
 2.258002e+00  3.015092e-02 
 2.258324e+00  3.015088e-02 
 2.258645e+00  3.015084e-02 
 2.258967e+00  3.015080e-02 
 2.259288e+00  3.015076e-02 
 2.259610e+00  3.015072e-02 
 2.259931e+00  3.015068e-02 
 2.260253e+00  3.015064e-02 
 2.260574e+00  3.015060e-02 
 2.260896e+00  3.015056e-02 
 2.261218e+00  3.015052e-02 
 2.261539e+00  3.015048e-02 
 2.261861e+00  3.015044e-02 
 2.262182e+00  3.015040e-02 
 2.262504e+00  3.015036e-02 
 2.262825e+00  3.015032e-02 
 2.263147e+00  3.015028e-02 
 2.263469e+00  3.015024e-02 
 2.263790e+00  3.015020e-02 
 2.264112e+00  3.015016e-02 
 2.264433e+00  3.015013e-02 
 2.264755e+00  3.015009e-02 
 2.265076e+00  3.015005e-02 
 2.265398e+00  3.015001e-02 
 2.265719e+00  3.014997e-02 
 2.266041e+00  3.014993e-02 
 2.266363e+00  3.014989e-02 
 2.266684e+00  3.014985e-02 
 2.267006e+00  3.014982e-02 
 2.267327e+00  3.014978e-02 
 2.267649e+00  3.014974e-02 
 2.267970e+00  3.014970e-02 
 2.268292e+00  3.014966e-02 
 2.268613e+00  3.014963e-02 
 2.268935e+00  3.014959e-02 
 2.269257e+00  3.014955e-02 
 2.269578e+00  3.014951e-02 
 2.269900e+00  3.014948e-02 
 2.270221e+00  3.014944e-02 
 2.270543e+00  3.014940e-02 
 2.270864e+00  3.014937e-02 
 2.271186e+00  3.014933e-02 
 2.271507e+00  3.014929e-02 
 2.271829e+00  3.014926e-02 
 2.272151e+00  3.014922e-02 
 2.272472e+00  3.014918e-02 
 2.272794e+00  3.014915e-02 
 2.273115e+00  3.014911e-02 
 2.273437e+00  3.014907e-02 
 2.273758e+00  3.014904e-02 
 2.274080e+00  3.014900e-02 
 2.274401e+00  3.014897e-02 
 2.274723e+00  3.014893e-02 
 2.275045e+00  3.014890e-02 
 2.275366e+00  3.014886e-02 
 2.275688e+00  3.014883e-02 
 2.276009e+00  3.014879e-02 
 2.276331e+00  3.014876e-02 
 2.276652e+00  3.014872e-02 
 2.276974e+00  3.014869e-02 
 2.277295e+00  3.014865e-02 
 2.277617e+00  3.014862e-02 
 2.277939e+00  3.014859e-02 
 2.278260e+00  3.014855e-02 
 2.278582e+00  3.014852e-02 
 2.278903e+00  3.014849e-02 
 2.279225e+00  3.014845e-02 
 2.279546e+00  3.014842e-02 
 2.279868e+00  3.014839e-02 
 2.280189e+00  3.014835e-02 
 2.280511e+00  3.014832e-02 
 2.280833e+00  3.014829e-02 
 2.281154e+00  3.014826e-02 
 2.281476e+00  3.014823e-02 
 2.281797e+00  3.014819e-02 
 2.282119e+00  3.014816e-02 
 2.282440e+00  3.014813e-02 
 2.282762e+00  3.014810e-02 
 2.283083e+00  3.014807e-02 
 2.283405e+00  3.014804e-02 
 2.283727e+00  3.014801e-02 
 2.284048e+00  3.014798e-02 
 2.284370e+00  3.014795e-02 
 2.284691e+00  3.014792e-02 
 2.285013e+00  3.014789e-02 
 2.285334e+00  3.014786e-02 
 2.285656e+00  3.014783e-02 
 2.285977e+00  3.014780e-02 
 2.286299e+00  3.014777e-02 
 2.286621e+00  3.014774e-02 
 2.286942e+00  3.014771e-02 
 2.287264e+00  3.014768e-02 
 2.287585e+00  3.014766e-02 
 2.287907e+00  3.014763e-02 
 2.288228e+00  3.014760e-02 
 2.288550e+00  3.014757e-02 
 2.288871e+00  3.014755e-02 
 2.289193e+00  3.014752e-02 
 2.289515e+00  3.014749e-02 
 2.289836e+00  3.014747e-02 
 2.290158e+00  3.014744e-02 
 2.290479e+00  3.014741e-02 
 2.290801e+00  3.014739e-02 
 2.291122e+00  3.014736e-02 
 2.291444e+00  3.014734e-02 
 2.291765e+00  3.014731e-02 
 2.292087e+00  3.014729e-02 
 2.292409e+00  3.014726e-02 
 2.292730e+00  3.014724e-02 
 2.293052e+00  3.014721e-02 
 2.293373e+00  3.014719e-02 
 2.293695e+00  3.014716e-02 
 2.294016e+00  3.014714e-02 
 2.294338e+00  3.014712e-02 
 2.294659e+00  3.014710e-02 
 2.294981e+00  3.014707e-02 
 2.295303e+00  3.014705e-02 
 2.295624e+00  3.014703e-02 
 2.295946e+00  3.014701e-02 
 2.296267e+00  3.014698e-02 
 2.296589e+00  3.014696e-02 
 2.296910e+00  3.014694e-02 
 2.297232e+00  3.014692e-02 
 2.297553e+00  3.014690e-02 
 2.297875e+00  3.014688e-02 
 2.298197e+00  3.014686e-02 
 2.298518e+00  3.014684e-02 
 2.298840e+00  3.014682e-02 
 2.299161e+00  3.014680e-02 
 2.299483e+00  3.014678e-02 
 2.299804e+00  3.014676e-02 
 2.300126e+00  3.014674e-02 
 2.300447e+00  3.014673e-02 
 2.300769e+00  3.014671e-02 
 2.301091e+00  3.014669e-02 
 2.301412e+00  3.014667e-02 
 2.301734e+00  3.014666e-02 
 2.302055e+00  3.014664e-02 
 2.302377e+00  3.014662e-02 
 2.302698e+00  3.014661e-02 
 2.303020e+00  3.014659e-02 
 2.303342e+00  3.014657e-02 
 2.303663e+00  3.014656e-02 
 2.303985e+00  3.014654e-02 
 2.304306e+00  3.014653e-02 
 2.304628e+00  3.014651e-02 
 2.304949e+00  3.014650e-02 
 2.305271e+00  3.014648e-02 
 2.305592e+00  3.014647e-02 
 2.305914e+00  3.014646e-02 
 2.306236e+00  3.014644e-02 
 2.306557e+00  3.014643e-02 
 2.306879e+00  3.014642e-02 
 2.307200e+00  3.014641e-02 
 2.307522e+00  3.014639e-02 
 2.307843e+00  3.014638e-02 
 2.308165e+00  3.014637e-02 
 2.308486e+00  3.014636e-02 
 2.308808e+00  3.014635e-02 
 2.309130e+00  3.014634e-02 
 2.309451e+00  3.014632e-02 
 2.309773e+00  3.014631e-02 
 2.310094e+00  3.014630e-02 
 2.310416e+00  3.014629e-02 
 2.310737e+00  3.014629e-02 
 2.311059e+00  3.014628e-02 
 2.311380e+00  3.014627e-02 
 2.311702e+00  3.014626e-02 
 2.312024e+00  3.014625e-02 
 2.312345e+00  3.014624e-02 
 2.312667e+00  3.014623e-02 
 2.312988e+00  3.014623e-02 
 2.313310e+00  3.014622e-02 
 2.313631e+00  3.014621e-02 
 2.313953e+00  3.014620e-02 
 2.314274e+00  3.014620e-02 
 2.314596e+00  3.014619e-02 
 2.314918e+00  3.014619e-02 
 2.315239e+00  3.014618e-02 
 2.315561e+00  3.014618e-02 
 2.315882e+00  3.014617e-02 
 2.316204e+00  3.014617e-02 
 2.316525e+00  3.014616e-02 
 2.316847e+00  3.014616e-02 
 2.317168e+00  3.014615e-02 
 2.317490e+00  3.014615e-02 
 2.317812e+00  3.014615e-02 
 2.318133e+00  3.014614e-02 
 2.318455e+00  3.014614e-02 
 2.318776e+00  3.014614e-02 
 2.319098e+00  3.014613e-02 
 2.319419e+00  3.014613e-02 
 2.319741e+00  3.014613e-02 
 2.320062e+00  3.014613e-02 
 2.320384e+00  3.014613e-02 
 2.320706e+00  3.014613e-02 
 2.321027e+00  3.014613e-02 
 2.321349e+00  3.014613e-02 
 2.321670e+00  3.014613e-02 
 2.321992e+00  3.014613e-02 
 2.322313e+00  3.014613e-02 
 2.322635e+00  3.014613e-02 
 2.322956e+00  3.014613e-02 
 2.323278e+00  3.014613e-02 
 2.323600e+00  3.014613e-02 
 2.323921e+00  3.014613e-02 
 2.324243e+00  3.014614e-02 
 2.324564e+00  3.014614e-02 
 2.324886e+00  3.014614e-02 
 2.325207e+00  3.014615e-02 
 2.325529e+00  3.014615e-02 
 2.325850e+00  3.014615e-02 
 2.326172e+00  3.014616e-02 
 2.326494e+00  3.014616e-02 
 2.326815e+00  3.014617e-02 
 2.327137e+00  3.014617e-02 
 2.327458e+00  3.014618e-02 
 2.327780e+00  3.014618e-02 
 2.328101e+00  3.014619e-02 
 2.328423e+00  3.014619e-02 
 2.328744e+00  3.014620e-02 
 2.329066e+00  3.014621e-02 
 2.329388e+00  3.014621e-02 
 2.329709e+00  3.014622e-02 
 2.330031e+00  3.014623e-02 
 2.330352e+00  3.014624e-02 
 2.330674e+00  3.014625e-02 
 2.330995e+00  3.014625e-02 
 2.331317e+00  3.014626e-02 
 2.331638e+00  3.014627e-02 
 2.331960e+00  3.014628e-02 
 2.332282e+00  3.014629e-02 
 2.332603e+00  3.014630e-02 
 2.332925e+00  3.014631e-02 
 2.333246e+00  3.014632e-02 
 2.333568e+00  3.014633e-02 
 2.333889e+00  3.014634e-02 
 2.334211e+00  3.014635e-02 
 2.334532e+00  3.014637e-02 
 2.334854e+00  3.014638e-02 
 2.335176e+00  3.014639e-02 
 2.335497e+00  3.014640e-02 
 2.335819e+00  3.014642e-02 
 2.336140e+00  3.014643e-02 
 2.336462e+00  3.014644e-02 
 2.336783e+00  3.014646e-02 
 2.337105e+00  3.014647e-02 
 2.337426e+00  3.014648e-02 
 2.337748e+00  3.014650e-02 
 2.338070e+00  3.014651e-02 
 2.338391e+00  3.014653e-02 
 2.338713e+00  3.014654e-02 
 2.339034e+00  3.014656e-02 
 2.339356e+00  3.014658e-02 
 2.339677e+00  3.014659e-02 
 2.339999e+00  3.014661e-02 
 2.340320e+00  3.014663e-02 
 2.340642e+00  3.014664e-02 
 2.340964e+00  3.014666e-02 
 2.341285e+00  3.014668e-02 
 2.341607e+00  3.014670e-02 
 2.341928e+00  3.014671e-02 
 2.342250e+00  3.014673e-02 
 2.342571e+00  3.014675e-02 
 2.342893e+00  3.014677e-02 
 2.343215e+00  3.014679e-02 
 2.343536e+00  3.014681e-02 
 2.343858e+00  3.014683e-02 
 2.344179e+00  3.014685e-02 
 2.344501e+00  3.014687e-02 
 2.344822e+00  3.014689e-02 
 2.345144e+00  3.014691e-02 
 2.345465e+00  3.014693e-02 
 2.345787e+00  3.014695e-02 
 2.346109e+00  3.014698e-02 
 2.346430e+00  3.014700e-02 
 2.346752e+00  3.014702e-02 
 2.347073e+00  3.014704e-02 
 2.347395e+00  3.014707e-02 
 2.347716e+00  3.014709e-02 
 2.348038e+00  3.014711e-02 
 2.348359e+00  3.014714e-02 
 2.348681e+00  3.014716e-02 
 2.349003e+00  3.014719e-02 
 2.349324e+00  3.014721e-02 
 2.349646e+00  3.014724e-02 
 2.349967e+00  3.014726e-02 
 2.350289e+00  3.014729e-02 
 2.350610e+00  3.014731e-02 
 2.350932e+00  3.014734e-02 
 2.351253e+00  3.014736e-02 
 2.351575e+00  3.014739e-02 
 2.351897e+00  3.014742e-02 
 2.352218e+00  3.014744e-02 
 2.352540e+00  3.014747e-02 
 2.352861e+00  3.014750e-02 
 2.353183e+00  3.014753e-02 
 2.353504e+00  3.014756e-02 
 2.353826e+00  3.014758e-02 
 2.354147e+00  3.014761e-02 
 2.354469e+00  3.014764e-02 
 2.354791e+00  3.014767e-02 
 2.355112e+00  3.014770e-02 
 2.355434e+00  3.014773e-02 
 2.355755e+00  3.014776e-02 
 2.356077e+00  3.014779e-02 
 2.356398e+00  3.014782e-02 
 2.356720e+00  3.014785e-02 
 2.357041e+00  3.014788e-02 
 2.357363e+00  3.014791e-02 
 2.357685e+00  3.014795e-02 
 2.358006e+00  3.014798e-02 
 2.358328e+00  3.014801e-02 
 2.358649e+00  3.014804e-02 
 2.358971e+00  3.014807e-02 
 2.359292e+00  3.014811e-02 
 2.359614e+00  3.014814e-02 
 2.359935e+00  3.014817e-02 
 2.360257e+00  3.014821e-02 
 2.360579e+00  3.014824e-02 
 2.360900e+00  3.014828e-02 
 2.361222e+00  3.014831e-02 
 2.361543e+00  3.014834e-02 
 2.361865e+00  3.014838e-02 
 2.362186e+00  3.014841e-02 
 2.362508e+00  3.014845e-02 
 2.362829e+00  3.014849e-02 
 2.363151e+00  3.014852e-02 
 2.363473e+00  3.014856e-02 
 2.363794e+00  3.014859e-02 
 2.364116e+00  3.014863e-02 
 2.364437e+00  3.014867e-02 
 2.364759e+00  3.014870e-02 
 2.365080e+00  3.014874e-02 
 2.365402e+00  3.014878e-02 
 2.365723e+00  3.014882e-02 
 2.366045e+00  3.014886e-02 
 2.366367e+00  3.014889e-02 
 2.366688e+00  3.014893e-02 
 2.367010e+00  3.014897e-02 
 2.367331e+00  3.014901e-02 
 2.367653e+00  3.014905e-02 
 2.367974e+00  3.014909e-02 
 2.368296e+00  3.014913e-02 
 2.368617e+00  3.014917e-02 
 2.368939e+00  3.014921e-02 
 2.369261e+00  3.014925e-02 
 2.369582e+00  3.014929e-02 
 2.369904e+00  3.014933e-02 
 2.370225e+00  3.014937e-02 
 2.370547e+00  3.014941e-02 
 2.370868e+00  3.014945e-02 
 2.371190e+00  3.014949e-02 
 2.371511e+00  3.014954e-02 
 2.371833e+00  3.014958e-02 
 2.372155e+00  3.014962e-02 
 2.372476e+00  3.014966e-02 
 2.372798e+00  3.014971e-02 
 2.373119e+00  3.014975e-02 
 2.373441e+00  3.014979e-02 
 2.373762e+00  3.014984e-02 
 2.374084e+00  3.014988e-02 
 2.374405e+00  3.014992e-02 
 2.374727e+00  3.014997e-02 
 2.375049e+00  3.015001e-02 
 2.375370e+00  3.015006e-02 
 2.375692e+00  3.015010e-02 
 2.376013e+00  3.015015e-02 
 2.376335e+00  3.015019e-02 
 2.376656e+00  3.015024e-02 
 2.376978e+00  3.015028e-02 
 2.377299e+00  3.015033e-02 
 2.377621e+00  3.015038e-02 
 2.377943e+00  3.015042e-02 
 2.378264e+00  3.015047e-02 
 2.378586e+00  3.015052e-02 
 2.378907e+00  3.015056e-02 
 2.379229e+00  3.015061e-02 
 2.379550e+00  3.015066e-02 
 2.379872e+00  3.015071e-02 
 2.380193e+00  3.015075e-02 
 2.380515e+00  3.015080e-02 
 2.380837e+00  3.015085e-02 
 2.381158e+00  3.015090e-02 
 2.381480e+00  3.015095e-02 
 2.381801e+00  3.015100e-02 
 2.382123e+00  3.015105e-02 
 2.382444e+00  3.015110e-02 
 2.382766e+00  3.015114e-02 
 2.383088e+00  3.015119e-02 
 2.383409e+00  3.015125e-02 
 2.383731e+00  3.015130e-02 
 2.384052e+00  3.015135e-02 
 2.384374e+00  3.015140e-02 
 2.384695e+00  3.015145e-02 
 2.385017e+00  3.015150e-02 
 2.385338e+00  3.015155e-02 
 2.385660e+00  3.015160e-02 
 2.385982e+00  3.015166e-02 
 2.386303e+00  3.015171e-02 
 2.386625e+00  3.015176e-02 
 2.386946e+00  3.015181e-02 
 2.387268e+00  3.015187e-02 
 2.387589e+00  3.015192e-02 
 2.387911e+00  3.015197e-02 
 2.388232e+00  3.015203e-02 
 2.388554e+00  3.015208e-02 
 2.388876e+00  3.015214e-02 
 2.389197e+00  3.015219e-02 
 2.389519e+00  3.015224e-02 
 2.389840e+00  3.015230e-02 
 2.390162e+00  3.015235e-02 
 2.390483e+00  3.015241e-02 
 2.390805e+00  3.015247e-02 
 2.391126e+00  3.015252e-02 
 2.391448e+00  3.015258e-02 
 2.391770e+00  3.015263e-02 
 2.392091e+00  3.015269e-02 
 2.392413e+00  3.015275e-02 
 2.392734e+00  3.015280e-02 
 2.393056e+00  3.015286e-02 
 2.393377e+00  3.015292e-02 
 2.393699e+00  3.015298e-02 
 2.394020e+00  3.015303e-02 
 2.394342e+00  3.015309e-02 
 2.394664e+00  3.015315e-02 
 2.394985e+00  3.015321e-02 
 2.395307e+00  3.015327e-02 
 2.395628e+00  3.015333e-02 
 2.395950e+00  3.015339e-02 
 2.396271e+00  3.015345e-02 
 2.396593e+00  3.015351e-02 
 2.396914e+00  3.015356e-02 
 2.397236e+00  3.015362e-02 
 2.397558e+00  3.015369e-02 
 2.397879e+00  3.015375e-02 
 2.398201e+00  3.015381e-02 
 2.398522e+00  3.015387e-02 
 2.398844e+00  3.015393e-02 
 2.399165e+00  3.015399e-02 
 2.399487e+00  3.015405e-02 
 2.399808e+00  3.015411e-02 
 2.400130e+00  3.015418e-02 
 2.400452e+00  3.015424e-02 
 2.400773e+00  3.015430e-02 
 2.401095e+00  3.015436e-02 
 2.401416e+00  3.015443e-02 
 2.401738e+00  3.015449e-02 
 2.402059e+00  3.015455e-02 
 2.402381e+00  3.015461e-02 
 2.402702e+00  3.015468e-02 
 2.403024e+00  3.015474e-02 
 2.403346e+00  3.015481e-02 
 2.403667e+00  3.015487e-02 
 2.403989e+00  3.015493e-02 
 2.404310e+00  3.015500e-02 
 2.404632e+00  3.015506e-02 
 2.404953e+00  3.015513e-02 
 2.405275e+00  3.015519e-02 
 2.405596e+00  3.015526e-02 
 2.405918e+00  3.015532e-02 
 2.406240e+00  3.015539e-02 
 2.406561e+00  3.015545e-02 
 2.406883e+00  3.015552e-02 
 2.407204e+00  3.015559e-02 
 2.407526e+00  3.015565e-02 
 2.407847e+00  3.015572e-02 
 2.408169e+00  3.015578e-02 
 2.408490e+00  3.015585e-02 
 2.408812e+00  3.015592e-02 
 2.409134e+00  3.015598e-02 
 2.409455e+00  3.015605e-02 
 2.409777e+00  3.015612e-02 
 2.410098e+00  3.015618e-02 
 2.410420e+00  3.015625e-02 
 2.410741e+00  3.015632e-02 
 2.411063e+00  3.015639e-02 
 2.411384e+00  3.015645e-02 
 2.411706e+00  3.015652e-02 
 2.412028e+00  3.015659e-02 
 2.412349e+00  3.015666e-02 
 2.412671e+00  3.015673e-02 
 2.412992e+00  3.015679e-02 
 2.413314e+00  3.015686e-02 
 2.413635e+00  3.015693e-02 
 2.413957e+00  3.015700e-02 
 2.414278e+00  3.015707e-02 
 2.414600e+00  3.015714e-02 
 2.414922e+00  3.015720e-02 
 2.415243e+00  3.015727e-02 
 2.415565e+00  3.015734e-02 
 2.415886e+00  3.015741e-02 
 2.416208e+00  3.015748e-02 
 2.416529e+00  3.015755e-02 
 2.416851e+00  3.015762e-02 
 2.417172e+00  3.015769e-02 
 2.417494e+00  3.015776e-02 
 2.417816e+00  3.015783e-02 
 2.418137e+00  3.015790e-02 
 2.418459e+00  3.015797e-02 
 2.418780e+00  3.015804e-02 
 2.419102e+00  3.015811e-02 
 2.419423e+00  3.015818e-02 
 2.419745e+00  3.015824e-02 
 2.420067e+00  3.015831e-02 
 2.420388e+00  3.015838e-02 
 2.420710e+00  3.015845e-02 
 2.421031e+00  3.015852e-02 
 2.421353e+00  3.015859e-02 
 2.421674e+00  3.015866e-02 
 2.421996e+00  3.015873e-02 
 2.422317e+00  3.015880e-02 
 2.422639e+00  3.015887e-02 
 2.422961e+00  3.015894e-02 
 2.423282e+00  3.015902e-02 
 2.423604e+00  3.015909e-02 
 2.423925e+00  3.015916e-02 
 2.424247e+00  3.015923e-02 
 2.424568e+00  3.015930e-02 
 2.424890e+00  3.015937e-02 
 2.425211e+00  3.015944e-02 
 2.425533e+00  3.015951e-02 
 2.425855e+00  3.015958e-02 
 2.426176e+00  3.015965e-02 
 2.426498e+00  3.015972e-02 
 2.426819e+00  3.015979e-02 
 2.427141e+00  3.015986e-02 
 2.427462e+00  3.015993e-02 
 2.427784e+00  3.016000e-02 
 2.428105e+00  3.016007e-02 
 2.428427e+00  3.016014e-02 
 2.428749e+00  3.016021e-02 
 2.429070e+00  3.016028e-02 
 2.429392e+00  3.016035e-02 
 2.429713e+00  3.016042e-02 
 2.430035e+00  3.016049e-02 
 2.430356e+00  3.016056e-02 
 2.430678e+00  3.016063e-02 
 2.430999e+00  3.016070e-02 
 2.431321e+00  3.016077e-02 
 2.431643e+00  3.016084e-02 
 2.431964e+00  3.016091e-02 
 2.432286e+00  3.016098e-02 
 2.432607e+00  3.016105e-02 
 2.432929e+00  3.016113e-02 
 2.433250e+00  3.016120e-02 
 2.433572e+00  3.016127e-02 
 2.433893e+00  3.016134e-02 
 2.434215e+00  3.016141e-02 
 2.434537e+00  3.016148e-02 
 2.434858e+00  3.016155e-02 
 2.435180e+00  3.016162e-02 
 2.435501e+00  3.016169e-02 
 2.435823e+00  3.016176e-02 
 2.436144e+00  3.016183e-02 
 2.436466e+00  3.016190e-02 
 2.436787e+00  3.016197e-02 
 2.437109e+00  3.016204e-02 
 2.437431e+00  3.016211e-02 
 2.437752e+00  3.016218e-02 
 2.438074e+00  3.016225e-02 
 2.438395e+00  3.016232e-02 
 2.438717e+00  3.016239e-02 
 2.439038e+00  3.016246e-02 
 2.439360e+00  3.016253e-02 
 2.439681e+00  3.016260e-02 
 2.440003e+00  3.016266e-02 
 2.440325e+00  3.016273e-02 
 2.440646e+00  3.016280e-02 
 2.440968e+00  3.016287e-02 
 2.441289e+00  3.016294e-02 
 2.441611e+00  3.016301e-02 
 2.441932e+00  3.016308e-02 
 2.442254e+00  3.016315e-02 
 2.442575e+00  3.016322e-02 
 2.442897e+00  3.016329e-02 
 2.443219e+00  3.016336e-02 
 2.443540e+00  3.016343e-02 
 2.443862e+00  3.016350e-02 
 2.444183e+00  3.016357e-02 
 2.444505e+00  3.016364e-02 
 2.444826e+00  3.016370e-02 
 2.445148e+00  3.016377e-02 
 2.445469e+00  3.016384e-02 
 2.445791e+00  3.016391e-02 
 2.446113e+00  3.016398e-02 
 2.446434e+00  3.016405e-02 
 2.446756e+00  3.016412e-02 
 2.447077e+00  3.016418e-02 
 2.447399e+00  3.016425e-02 
 2.447720e+00  3.016432e-02 
 2.448042e+00  3.016439e-02 
 2.448363e+00  3.016446e-02 
 2.448685e+00  3.016453e-02 
 2.449007e+00  3.016459e-02 
 2.449328e+00  3.016466e-02 
 2.449650e+00  3.016473e-02 
 2.449971e+00  3.016480e-02 
 2.450293e+00  3.016487e-02 
 2.450614e+00  3.016493e-02 
 2.450936e+00  3.016500e-02 
 2.451257e+00  3.016507e-02 
 2.451579e+00  3.016514e-02 
 2.451901e+00  3.016520e-02 
 2.452222e+00  3.016527e-02 
 2.452544e+00  3.016534e-02 
 2.452865e+00  3.016541e-02 
 2.453187e+00  3.016547e-02 
 2.453508e+00  3.016554e-02 
 2.453830e+00  3.016561e-02 
 2.454151e+00  3.016567e-02 
 2.454473e+00  3.016574e-02 
 2.454795e+00  3.016581e-02 
 2.455116e+00  3.016587e-02 
 2.455438e+00  3.016594e-02 
 2.455759e+00  3.016600e-02 
 2.456081e+00  3.016607e-02 
 2.456402e+00  3.016614e-02 
 2.456724e+00  3.016620e-02 
 2.457046e+00  3.016627e-02 
 2.457367e+00  3.016633e-02 
 2.457689e+00  3.016640e-02 
 2.458010e+00  3.016647e-02 
 2.458332e+00  3.016653e-02 
 2.458653e+00  3.016660e-02 
 2.458975e+00  3.016666e-02 
 2.459296e+00  3.016673e-02 
 2.459618e+00  3.016679e-02 
 2.459940e+00  3.016686e-02 
 2.460261e+00  3.016692e-02 
 2.460583e+00  3.016698e-02 
 2.460904e+00  3.016705e-02 
 2.461226e+00  3.016711e-02 
 2.461547e+00  3.016718e-02 
 2.461869e+00  3.016724e-02 
 2.462190e+00  3.016730e-02 
 2.462512e+00  3.016737e-02 
 2.462834e+00  3.016743e-02 
 2.463155e+00  3.016749e-02 
 2.463477e+00  3.016756e-02 
 2.463798e+00  3.016762e-02 
 2.464120e+00  3.016768e-02 
 2.464441e+00  3.016775e-02 
 2.464763e+00  3.016781e-02 
 2.465084e+00  3.016787e-02 
 2.465406e+00  3.016793e-02 
 2.465728e+00  3.016800e-02 
 2.466049e+00  3.016806e-02 
 2.466371e+00  3.016812e-02 
 2.466692e+00  3.016818e-02 
 2.467014e+00  3.016824e-02 
 2.467335e+00  3.016830e-02 
 2.467657e+00  3.016836e-02 
 2.467978e+00  3.016843e-02 
 2.468300e+00  3.016849e-02 
 2.468622e+00  3.016855e-02 
 2.468943e+00  3.016861e-02 
 2.469265e+00  3.016867e-02 
 2.469586e+00  3.016873e-02 
 2.469908e+00  3.016879e-02 
 2.470229e+00  3.016885e-02 
 2.470551e+00  3.016891e-02 
 2.470872e+00  3.016897e-02 
 2.471194e+00  3.016902e-02 
 2.471516e+00  3.016908e-02 
 2.471837e+00  3.016914e-02 
 2.472159e+00  3.016920e-02 
 2.472480e+00  3.016926e-02 
 2.472802e+00  3.016932e-02 
 2.473123e+00  3.016937e-02 
 2.473445e+00  3.016943e-02 
 2.473766e+00  3.016949e-02 
 2.474088e+00  3.016955e-02 
 2.474410e+00  3.016960e-02 
 2.474731e+00  3.016966e-02 
 2.475053e+00  3.016972e-02 
 2.475374e+00  3.016977e-02 
 2.475696e+00  3.016983e-02 
 2.476017e+00  3.016989e-02 
 2.476339e+00  3.016994e-02 
 2.476660e+00  3.017000e-02 
 2.476982e+00  3.017005e-02 
 2.477304e+00  3.017011e-02 
 2.477625e+00  3.017016e-02 
 2.477947e+00  3.017022e-02 
 2.478268e+00  3.017027e-02 
 2.478590e+00  3.017032e-02 
 2.478911e+00  3.017038e-02 
 2.479233e+00  3.017043e-02 
 2.479554e+00  3.017049e-02 
 2.479876e+00  3.017054e-02 
 2.480198e+00  3.017059e-02 
 2.480519e+00  3.017064e-02 
 2.480841e+00  3.017070e-02 
 2.481162e+00  3.017075e-02 
 2.481484e+00  3.017080e-02 
 2.481805e+00  3.017085e-02 
 2.482127e+00  3.017090e-02 
 2.482448e+00  3.017095e-02 
 2.482770e+00  3.017101e-02 
 2.483092e+00  3.017106e-02 
 2.483413e+00  3.017111e-02 
 2.483735e+00  3.017116e-02 
 2.484056e+00  3.017121e-02 
 2.484378e+00  3.017126e-02 
 2.484699e+00  3.017131e-02 
 2.485021e+00  3.017135e-02 
 2.485342e+00  3.017140e-02 
 2.485664e+00  3.017145e-02 
 2.485986e+00  3.017150e-02 
 2.486307e+00  3.017155e-02 
 2.486629e+00  3.017160e-02 
 2.486950e+00  3.017164e-02 
 2.487272e+00  3.017169e-02 
 2.487593e+00  3.017174e-02 
 2.487915e+00  3.017178e-02 
 2.488236e+00  3.017183e-02 
 2.488558e+00  3.017188e-02 
 2.488880e+00  3.017192e-02 
 2.489201e+00  3.017197e-02 
 2.489523e+00  3.017201e-02 
 2.489844e+00  3.017206e-02 
 2.490166e+00  3.017210e-02 
 2.490487e+00  3.017215e-02 
 2.490809e+00  3.017219e-02 
 2.491131e+00  3.017224e-02 
 2.491452e+00  3.017228e-02 
 2.491774e+00  3.017232e-02 
 2.492095e+00  3.017237e-02 
 2.492417e+00  3.017241e-02 
 2.492738e+00  3.017245e-02 
 2.493060e+00  3.017249e-02 
 2.493381e+00  3.017253e-02 
 2.493703e+00  3.017258e-02 
 2.494025e+00  3.017262e-02 
 2.494346e+00  3.017266e-02 
 2.494668e+00  3.017270e-02 
 2.494989e+00  3.017274e-02 
 2.495311e+00  3.017278e-02 
 2.495632e+00  3.017282e-02 
 2.495954e+00  3.017286e-02 
 2.496275e+00  3.017290e-02 
 2.496597e+00  3.017293e-02 
 2.496919e+00  3.017297e-02 
 2.497240e+00  3.017301e-02 
 2.497562e+00  3.017305e-02 
 2.497883e+00  3.017309e-02 
 2.498205e+00  3.017312e-02 
 2.498526e+00  3.017316e-02 
 2.498848e+00  3.017320e-02 
 2.499169e+00  3.017323e-02 
 2.499491e+00  3.017327e-02 
 2.499813e+00  3.017330e-02 
 2.500134e+00  3.017334e-02 
 2.500456e+00  3.017337e-02 
 2.500777e+00  3.017341e-02 
 2.501099e+00  3.017344e-02 
 2.501420e+00  3.017348e-02 
 2.501742e+00  3.017351e-02 
 2.502063e+00  3.017354e-02 
 2.502385e+00  3.017358e-02 
 2.502707e+00  3.017361e-02 
 2.503028e+00  3.017364e-02 
 2.503350e+00  3.017367e-02 
 2.503671e+00  3.017370e-02 
 2.503993e+00  3.017374e-02 
 2.504314e+00  3.017377e-02 
 2.504636e+00  3.017380e-02 
 2.504957e+00  3.017383e-02 
 2.505279e+00  3.017386e-02 
 2.505601e+00  3.017389e-02 
 2.505922e+00  3.017392e-02 
 2.506244e+00  3.017394e-02 
 2.506565e+00  3.017397e-02 
 2.506887e+00  3.017400e-02 
 2.507208e+00  3.017403e-02 
 2.507530e+00  3.017406e-02 
 2.507851e+00  3.017408e-02 
 2.508173e+00  3.017411e-02 
 2.508495e+00  3.017414e-02 
 2.508816e+00  3.017416e-02 
 2.509138e+00  3.017419e-02 
 2.509459e+00  3.017421e-02 
 2.509781e+00  3.017424e-02 
 2.510102e+00  3.017426e-02 
 2.510424e+00  3.017429e-02 
 2.510745e+00  3.017431e-02 
 2.511067e+00  3.017433e-02 
 2.511389e+00  3.017436e-02 
 2.511710e+00  3.017438e-02 
 2.512032e+00  3.017440e-02 
 2.512353e+00  3.017442e-02 
 2.512675e+00  3.017445e-02 
 2.512996e+00  3.017447e-02 
 2.513318e+00  3.017449e-02 
 2.513639e+00  3.017451e-02 
 2.513961e+00  3.017453e-02 
 2.514283e+00  3.017455e-02 
 2.514604e+00  3.017457e-02 
 2.514926e+00  3.017459e-02 
 2.515247e+00  3.017460e-02 
 2.515569e+00  3.017462e-02 
 2.515890e+00  3.017464e-02 
 2.516212e+00  3.017466e-02 
 2.516533e+00  3.017467e-02 
 2.516855e+00  3.017469e-02 
 2.517177e+00  3.017471e-02 
 2.517498e+00  3.017472e-02 
 2.517820e+00  3.017474e-02 
 2.518141e+00  3.017475e-02 
 2.518463e+00  3.017477e-02 
 2.518784e+00  3.017478e-02 
 2.519106e+00  3.017480e-02 
 2.519427e+00  3.017481e-02 
 2.519749e+00  3.017482e-02 
 2.520071e+00  3.017484e-02 
 2.520392e+00  3.017485e-02 
 2.520714e+00  3.017486e-02 
 2.521035e+00  3.017487e-02 
 2.521357e+00  3.017488e-02 
 2.521678e+00  3.017489e-02 
 2.522000e+00  3.017490e-02 
 2.522321e+00  3.017491e-02 
 2.522643e+00  3.017492e-02 
 2.522965e+00  3.017493e-02 
 2.523286e+00  3.017494e-02 
 2.523608e+00  3.017495e-02 
 2.523929e+00  3.017496e-02 
 2.524251e+00  3.017496e-02 
 2.524572e+00  3.017497e-02 
 2.524894e+00  3.017498e-02 
 2.525215e+00  3.017498e-02 
 2.525537e+00  3.017499e-02 
 2.525859e+00  3.017500e-02 
 2.526180e+00  3.017500e-02 
 2.526502e+00  3.017501e-02 
 2.526823e+00  3.017501e-02 
 2.527145e+00  3.017501e-02 
 2.527466e+00  3.017502e-02 
 2.527788e+00  3.017502e-02 
 2.528110e+00  3.017502e-02 
 2.528431e+00  3.017502e-02 
 2.528753e+00  3.017503e-02 
 2.529074e+00  3.017503e-02 
 2.529396e+00  3.017503e-02 
 2.529717e+00  3.017503e-02 
 2.530039e+00  3.017503e-02 
 2.530360e+00  3.017503e-02 
 2.530682e+00  3.017503e-02 
 2.531004e+00  3.017503e-02 
 2.531325e+00  3.017503e-02 
 2.531647e+00  3.017502e-02 
 2.531968e+00  3.017502e-02 
 2.532290e+00  3.017502e-02 
 2.532611e+00  3.017502e-02 
 2.532933e+00  3.017501e-02 
 2.533254e+00  3.017501e-02 
 2.533576e+00  3.017500e-02 
 2.533898e+00  3.017500e-02 
 2.534219e+00  3.017499e-02 
 2.534541e+00  3.017499e-02 
 2.534862e+00  3.017498e-02 
 2.535184e+00  3.017498e-02 
 2.535505e+00  3.017497e-02 
 2.535827e+00  3.017496e-02 
 2.536148e+00  3.017495e-02 
 2.536470e+00  3.017495e-02 
 2.536792e+00  3.017494e-02 
 2.537113e+00  3.017493e-02 
 2.537435e+00  3.017492e-02 
 2.537756e+00  3.017491e-02 
 2.538078e+00  3.017490e-02 
 2.538399e+00  3.017489e-02 
 2.538721e+00  3.017488e-02 
 2.539042e+00  3.017487e-02 
 2.539364e+00  3.017486e-02 
 2.539686e+00  3.017484e-02 
 2.540007e+00  3.017483e-02 
 2.540329e+00  3.017482e-02 
 2.540650e+00  3.017481e-02 
 2.540972e+00  3.017479e-02 
 2.541293e+00  3.017478e-02 
 2.541615e+00  3.017476e-02 
 2.541936e+00  3.017475e-02 
 2.542258e+00  3.017473e-02 
 2.542580e+00  3.017472e-02 
 2.542901e+00  3.017470e-02 
 2.543223e+00  3.017469e-02 
 2.543544e+00  3.017467e-02 
 2.543866e+00  3.017465e-02 
 2.544187e+00  3.017464e-02 
 2.544509e+00  3.017462e-02 
 2.544830e+00  3.017460e-02 
 2.545152e+00  3.017458e-02 
 2.545474e+00  3.017456e-02 
 2.545795e+00  3.017454e-02 
 2.546117e+00  3.017452e-02 
 2.546438e+00  3.017450e-02 
 2.546760e+00  3.017448e-02 
 2.547081e+00  3.017446e-02 
 2.547403e+00  3.017444e-02 
 2.547724e+00  3.017442e-02 
 2.548046e+00  3.017440e-02 
 2.548368e+00  3.017437e-02 
 2.548689e+00  3.017435e-02 
 2.549011e+00  3.017433e-02 
 2.549332e+00  3.017430e-02 
 2.549654e+00  3.017428e-02 
 2.549975e+00  3.017426e-02 
 2.550297e+00  3.017423e-02 
 2.550618e+00  3.017421e-02 
 2.550940e+00  3.017418e-02 
 2.551262e+00  3.017415e-02 
 2.551583e+00  3.017413e-02 
 2.551905e+00  3.017410e-02 
 2.552226e+00  3.017408e-02 
 2.552548e+00  3.017405e-02 
 2.552869e+00  3.017402e-02 
 2.553191e+00  3.017399e-02 
 2.553512e+00  3.017396e-02 
 2.553834e+00  3.017394e-02 
 2.554156e+00  3.017391e-02 
 2.554477e+00  3.017388e-02 
 2.554799e+00  3.017385e-02 
 2.555120e+00  3.017382e-02 
 2.555442e+00  3.017379e-02 
 2.555763e+00  3.017376e-02 
 2.556085e+00  3.017372e-02 
 2.556406e+00  3.017369e-02 
 2.556728e+00  3.017366e-02 
 2.557050e+00  3.017363e-02 
 2.557371e+00  3.017360e-02 
 2.557693e+00  3.017356e-02 
 2.558014e+00  3.017353e-02 
 2.558336e+00  3.017350e-02 
 2.558657e+00  3.017346e-02 
 2.558979e+00  3.017343e-02 
 2.559300e+00  3.017339e-02 
 2.559622e+00  3.017336e-02 
 2.559944e+00  3.017332e-02 
 2.560265e+00  3.017329e-02 
 2.560587e+00  3.017325e-02 
 2.560908e+00  3.017321e-02 
 2.561230e+00  3.017318e-02 
 2.561551e+00  3.017314e-02 
 2.561873e+00  3.017310e-02 
 2.562194e+00  3.017307e-02 
 2.562516e+00  3.017303e-02 
 2.562838e+00  3.017299e-02 
 2.563159e+00  3.017295e-02 
 2.563481e+00  3.017291e-02 
 2.563802e+00  3.017287e-02 
 2.564124e+00  3.017283e-02 
 2.564445e+00  3.017279e-02 
 2.564767e+00  3.017275e-02 
 2.565089e+00  3.017271e-02 
 2.565410e+00  3.017267e-02 
 2.565732e+00  3.017263e-02 
 2.566053e+00  3.017258e-02 
 2.566375e+00  3.017254e-02 
 2.566696e+00  3.017250e-02 
 2.567018e+00  3.017246e-02 
 2.567339e+00  3.017241e-02 
 2.567661e+00  3.017237e-02 
 2.567983e+00  3.017233e-02 
 2.568304e+00  3.017228e-02 
 2.568626e+00  3.017224e-02 
 2.568947e+00  3.017219e-02 
 2.569269e+00  3.017215e-02 
 2.569590e+00  3.017210e-02 
 2.569912e+00  3.017205e-02 
 2.570233e+00  3.017201e-02 
 2.570555e+00  3.017196e-02 
 2.570877e+00  3.017191e-02 
 2.571198e+00  3.017187e-02 
 2.571520e+00  3.017182e-02 
 2.571841e+00  3.017177e-02 
 2.572163e+00  3.017172e-02 
 2.572484e+00  3.017167e-02 
 2.572806e+00  3.017163e-02 
 2.573127e+00  3.017158e-02 
 2.573449e+00  3.017153e-02 
 2.573771e+00  3.017148e-02 
 2.574092e+00  3.017143e-02 
 2.574414e+00  3.017138e-02 
 2.574735e+00  3.017132e-02 
 2.575057e+00  3.017127e-02 
 2.575378e+00  3.017122e-02 
 2.575700e+00  3.017117e-02 
 2.576021e+00  3.017112e-02 
 2.576343e+00  3.017106e-02 
 2.576665e+00  3.017101e-02 
 2.576986e+00  3.017096e-02 
 2.577308e+00  3.017090e-02 
 2.577629e+00  3.017085e-02 
 2.577951e+00  3.017080e-02 
 2.578272e+00  3.017074e-02 
 2.578594e+00  3.017069e-02 
 2.578915e+00  3.017063e-02 
 2.579237e+00  3.017057e-02 
 2.579559e+00  3.017052e-02 
 2.579880e+00  3.017046e-02 
 2.580202e+00  3.017041e-02 
 2.580523e+00  3.017035e-02 
 2.580845e+00  3.017029e-02 
 2.581166e+00  3.017023e-02 
 2.581488e+00  3.017018e-02 
 2.581809e+00  3.017012e-02 
 2.582131e+00  3.017006e-02 
 2.582453e+00  3.017000e-02 
 2.582774e+00  3.016994e-02 
 2.583096e+00  3.016988e-02 
 2.583417e+00  3.016982e-02 
 2.583739e+00  3.016976e-02 
 2.584060e+00  3.016970e-02 
 2.584382e+00  3.016964e-02 
 2.584703e+00  3.016958e-02 
 2.585025e+00  3.016952e-02 
 2.585347e+00  3.016946e-02 
 2.585668e+00  3.016939e-02 
 2.585990e+00  3.016933e-02 
 2.586311e+00  3.016927e-02 
 2.586633e+00  3.016921e-02 
 2.586954e+00  3.016914e-02 
 2.587276e+00  3.016908e-02 
 2.587597e+00  3.016902e-02 
 2.587919e+00  3.016895e-02 
 2.588241e+00  3.016889e-02 
 2.588562e+00  3.016882e-02 
 2.588884e+00  3.016876e-02 
 2.589205e+00  3.016870e-02 
 2.589527e+00  3.016863e-02 
 2.589848e+00  3.016856e-02 
 2.590170e+00  3.016850e-02 
 2.590491e+00  3.016843e-02 
 2.590813e+00  3.016837e-02 
 2.591135e+00  3.016830e-02 
 2.591456e+00  3.016823e-02 
 2.591778e+00  3.016817e-02 
 2.592099e+00  3.016810e-02 
 2.592421e+00  3.016803e-02 
 2.592742e+00  3.016796e-02 
 2.593064e+00  3.016789e-02 
 2.593385e+00  3.016783e-02 
 2.593707e+00  3.016776e-02 
 2.594029e+00  3.016769e-02 
 2.594350e+00  3.016762e-02 
 2.594672e+00  3.016755e-02 
 2.594993e+00  3.016748e-02 
 2.595315e+00  3.016741e-02 
 2.595636e+00  3.016734e-02 
 2.595958e+00  3.016727e-02 
 2.596279e+00  3.016720e-02 
 2.596601e+00  3.016713e-02 
 2.596923e+00  3.016706e-02 
 2.597244e+00  3.016699e-02 
 2.597566e+00  3.016691e-02 
 2.597887e+00  3.016684e-02 
 2.598209e+00  3.016677e-02 
 2.598530e+00  3.016670e-02 
 2.598852e+00  3.016663e-02 
 2.599173e+00  3.016655e-02 
 2.599495e+00  3.016648e-02 
 2.599817e+00  3.016641e-02 
 2.600138e+00  3.016633e-02 
 2.600460e+00  3.016626e-02 
 2.600781e+00  3.016619e-02 
 2.601103e+00  3.016611e-02 
 2.601424e+00  3.016604e-02 
 2.601746e+00  3.016596e-02 
 2.602067e+00  3.016589e-02 
 2.602389e+00  3.016582e-02 
 2.602711e+00  3.016574e-02 
 2.603032e+00  3.016567e-02 
 2.603354e+00  3.016559e-02 
 2.603675e+00  3.016551e-02 
 2.603997e+00  3.016544e-02 
 2.604318e+00  3.016536e-02 
 2.604640e+00  3.016529e-02 
 2.604962e+00  3.016521e-02 
 2.605283e+00  3.016513e-02 
 2.605605e+00  3.016506e-02 
 2.605926e+00  3.016498e-02 
 2.606248e+00  3.016490e-02 
 2.606569e+00  3.016483e-02 
 2.606891e+00  3.016475e-02 
 2.607212e+00  3.016467e-02 
 2.607534e+00  3.016459e-02 
 2.607856e+00  3.016452e-02 
 2.608177e+00  3.016444e-02 
 2.608499e+00  3.016436e-02 
 2.608820e+00  3.016428e-02 
 2.609142e+00  3.016420e-02 
 2.609463e+00  3.016412e-02 
 2.609785e+00  3.016404e-02 
 2.610106e+00  3.016397e-02 
 2.610428e+00  3.016389e-02 
 2.610750e+00  3.016381e-02 
 2.611071e+00  3.016373e-02 
 2.611393e+00  3.016365e-02 
 2.611714e+00  3.016357e-02 
 2.612036e+00  3.016349e-02 
 2.612357e+00  3.016341e-02 
 2.612679e+00  3.016333e-02 
 2.613000e+00  3.016325e-02 
 2.613322e+00  3.016316e-02 
 2.613644e+00  3.016308e-02 
 2.613965e+00  3.016300e-02 
 2.614287e+00  3.016292e-02 
 2.614608e+00  3.016284e-02 
 2.614930e+00  3.016276e-02 
 2.615251e+00  3.016268e-02 
 2.615573e+00  3.016259e-02 
 2.615894e+00  3.016251e-02 
 2.616216e+00  3.016243e-02 
 2.616538e+00  3.016235e-02 
 2.616859e+00  3.016226e-02 
 2.617181e+00  3.016218e-02 
 2.617502e+00  3.016210e-02 
 2.617824e+00  3.016202e-02 
 2.618145e+00  3.016193e-02 
 2.618467e+00  3.016185e-02 
 2.618788e+00  3.016177e-02 
 2.619110e+00  3.016168e-02 
 2.619432e+00  3.016160e-02 
 2.619753e+00  3.016151e-02 
 2.620075e+00  3.016143e-02 
 2.620396e+00  3.016135e-02 
 2.620718e+00  3.016126e-02 
 2.621039e+00  3.016118e-02 
 2.621361e+00  3.016109e-02 
 2.621682e+00  3.016101e-02 
 2.622004e+00  3.016092e-02 
 2.622326e+00  3.016084e-02 
 2.622647e+00  3.016075e-02 
 2.622969e+00  3.016067e-02 
 2.623290e+00  3.016058e-02 
 2.623612e+00  3.016050e-02 
 2.623933e+00  3.016041e-02 
 2.624255e+00  3.016033e-02 
 2.624576e+00  3.016024e-02 
 2.624898e+00  3.016015e-02 
 2.625220e+00  3.016007e-02 
 2.625541e+00  3.015998e-02 
 2.625863e+00  3.015990e-02 
 2.626184e+00  3.015981e-02 
 2.626506e+00  3.015972e-02 
 2.626827e+00  3.015964e-02 
 2.627149e+00  3.015955e-02 
 2.627470e+00  3.015946e-02 
 2.627792e+00  3.015938e-02 
 2.628114e+00  3.015929e-02 
 2.628435e+00  3.015920e-02 
 2.628757e+00  3.015911e-02 
 2.629078e+00  3.015903e-02 
 2.629400e+00  3.015894e-02 
 2.629721e+00  3.015885e-02 
 2.630043e+00  3.015876e-02 
 2.630364e+00  3.015868e-02 
 2.630686e+00  3.015859e-02 
 2.631008e+00  3.015850e-02 
 2.631329e+00  3.015841e-02 
 2.631651e+00  3.015833e-02 
 2.631972e+00  3.015824e-02 
 2.632294e+00  3.015815e-02 
 2.632615e+00  3.015806e-02 
 2.632937e+00  3.015797e-02 
 2.633258e+00  3.015788e-02 
 2.633580e+00  3.015780e-02 
 2.633902e+00  3.015771e-02 
 2.634223e+00  3.015762e-02 
 2.634545e+00  3.015753e-02 
 2.634866e+00  3.015744e-02 
 2.635188e+00  3.015735e-02 
 2.635509e+00  3.015727e-02 
 2.635831e+00  3.015718e-02 
 2.636152e+00  3.015709e-02 
 2.636474e+00  3.015700e-02 
 2.636796e+00  3.015691e-02 
 2.637117e+00  3.015682e-02 
 2.637439e+00  3.015673e-02 
 2.637760e+00  3.015664e-02 
 2.638082e+00  3.015656e-02 
 2.638403e+00  3.015647e-02 
 2.638725e+00  3.015638e-02 
 2.639046e+00  3.015629e-02 
 2.639368e+00  3.015620e-02 
 2.639690e+00  3.015611e-02 
 2.640011e+00  3.015602e-02 
 2.640333e+00  3.015593e-02 
 2.640654e+00  3.015585e-02 
 2.640976e+00  3.015576e-02 
 2.641297e+00  3.015567e-02 
 2.641619e+00  3.015558e-02 
 2.641940e+00  3.015549e-02 
 2.642262e+00  3.015540e-02 
 2.642584e+00  3.015531e-02 
 2.642905e+00  3.015522e-02 
 2.643227e+00  3.015514e-02 
 2.643548e+00  3.015505e-02 
 2.643870e+00  3.015496e-02 
 2.644191e+00  3.015487e-02 
 2.644513e+00  3.015478e-02 
 2.644835e+00  3.015469e-02 
 2.645156e+00  3.015460e-02 
 2.645478e+00  3.015452e-02 
 2.645799e+00  3.015443e-02 
 2.646121e+00  3.015434e-02 
 2.646442e+00  3.015425e-02 
 2.646764e+00  3.015416e-02 
 2.647085e+00  3.015407e-02 
 2.647407e+00  3.015399e-02 
 2.647729e+00  3.015390e-02 
 2.648050e+00  3.015381e-02 
 2.648372e+00  3.015372e-02 
 2.648693e+00  3.015364e-02 
 2.649015e+00  3.015355e-02 
 2.649336e+00  3.015346e-02 
 2.649658e+00  3.015337e-02 
 2.649979e+00  3.015328e-02 
 2.650301e+00  3.015320e-02 
 2.650623e+00  3.015311e-02 
 2.650944e+00  3.015302e-02 
 2.651266e+00  3.015294e-02 
 2.651587e+00  3.015285e-02 
 2.651909e+00  3.015276e-02 
 2.652230e+00  3.015267e-02 
 2.652552e+00  3.015259e-02 
 2.652873e+00  3.015250e-02 
 2.653195e+00  3.015242e-02 
 2.653517e+00  3.015233e-02 
 2.653838e+00  3.015224e-02 
 2.654160e+00  3.015216e-02 
 2.654481e+00  3.015207e-02 
 2.654803e+00  3.015198e-02 
 2.655124e+00  3.015190e-02 
 2.655446e+00  3.015181e-02 
 2.655767e+00  3.015173e-02 
 2.656089e+00  3.015164e-02 
 2.656411e+00  3.015156e-02 
 2.656732e+00  3.015147e-02 
 2.657054e+00  3.015139e-02 
 2.657375e+00  3.015130e-02 
 2.657697e+00  3.015122e-02 
 2.658018e+00  3.015113e-02 
 2.658340e+00  3.015105e-02 
 2.658661e+00  3.015096e-02 
 2.658983e+00  3.015088e-02 
 2.659305e+00  3.015079e-02 
 2.659626e+00  3.015071e-02 
 2.659948e+00  3.015063e-02 
 2.660269e+00  3.015054e-02 
 2.660591e+00  3.015046e-02 
 2.660912e+00  3.015038e-02 
 2.661234e+00  3.015029e-02 
 2.661555e+00  3.015021e-02 
 2.661877e+00  3.015013e-02 
 2.662199e+00  3.015005e-02 
 2.662520e+00  3.014996e-02 
 2.662842e+00  3.014988e-02 
 2.663163e+00  3.014980e-02 
 2.663485e+00  3.014972e-02 
 2.663806e+00  3.014964e-02 
 2.664128e+00  3.014956e-02 
 2.664449e+00  3.014948e-02 
 2.664771e+00  3.014939e-02 
 2.665093e+00  3.014931e-02 
 2.665414e+00  3.014923e-02 
 2.665736e+00  3.014915e-02 
 2.666057e+00  3.014907e-02 
 2.666379e+00  3.014899e-02 
 2.666700e+00  3.014891e-02 
 2.667022e+00  3.014884e-02 
 2.667343e+00  3.014876e-02 
 2.667665e+00  3.014868e-02 
 2.667987e+00  3.014860e-02 
 2.668308e+00  3.014852e-02 
 2.668630e+00  3.014844e-02 
 2.668951e+00  3.014836e-02 
 2.669273e+00  3.014829e-02 
 2.669594e+00  3.014821e-02 
 2.669916e+00  3.014813e-02 
 2.670237e+00  3.014806e-02 
 2.670559e+00  3.014798e-02 
 2.670881e+00  3.014790e-02 
 2.671202e+00  3.014783e-02 
 2.671524e+00  3.014775e-02 
 2.671845e+00  3.014768e-02 
 2.672167e+00  3.014760e-02 
 2.672488e+00  3.014753e-02 
 2.672810e+00  3.014745e-02 
 2.673131e+00  3.014738e-02 
 2.673453e+00  3.014730e-02 
 2.673775e+00  3.014723e-02 
 2.674096e+00  3.014716e-02 
 2.674418e+00  3.014708e-02 
 2.674739e+00  3.014701e-02 
 2.675061e+00  3.014694e-02 
 2.675382e+00  3.014687e-02 
 2.675704e+00  3.014679e-02 
 2.676025e+00  3.014672e-02 
 2.676347e+00  3.014665e-02 
 2.676669e+00  3.014658e-02 
 2.676990e+00  3.014651e-02 
 2.677312e+00  3.014644e-02 
 2.677633e+00  3.014637e-02 
 2.677955e+00  3.014630e-02 
 2.678276e+00  3.014623e-02 
 2.678598e+00  3.014616e-02 
 2.678919e+00  3.014609e-02 
 2.679241e+00  3.014602e-02 
 2.679563e+00  3.014596e-02 
 2.679884e+00  3.014589e-02 
 2.680206e+00  3.014582e-02 
 2.680527e+00  3.014575e-02 
 2.680849e+00  3.014569e-02 
 2.681170e+00  3.014562e-02 
 2.681492e+00  3.014555e-02 
 2.681813e+00  3.014549e-02 
 2.682135e+00  3.014542e-02 
 2.682457e+00  3.014536e-02 
 2.682778e+00  3.014529e-02 
 2.683100e+00  3.014523e-02 
 2.683421e+00  3.014516e-02 
 2.683743e+00  3.014510e-02 
 2.684064e+00  3.014504e-02 
 2.684386e+00  3.014497e-02 
 2.684707e+00  3.014491e-02 
 2.685029e+00  3.014485e-02 
 2.685351e+00  3.014479e-02 
 2.685672e+00  3.014473e-02 
 2.685994e+00  3.014467e-02 
 2.686315e+00  3.014460e-02 
 2.686637e+00  3.014454e-02 
 2.686958e+00  3.014448e-02 
 2.687280e+00  3.014442e-02 
 2.687602e+00  3.014437e-02 
 2.687923e+00  3.014431e-02 
 2.688245e+00  3.014425e-02 
 2.688566e+00  3.014419e-02 
 2.688888e+00  3.014413e-02 
 2.689209e+00  3.014408e-02 
 2.689531e+00  3.014402e-02 
 2.689852e+00  3.014396e-02 
 2.690174e+00  3.014391e-02 
 2.690496e+00  3.014385e-02 
 2.690817e+00  3.014379e-02 
 2.691139e+00  3.014374e-02 
 2.691460e+00  3.014369e-02 
 2.691782e+00  3.014363e-02 
 2.692103e+00  3.014358e-02 
 2.692425e+00  3.014352e-02 
 2.692746e+00  3.014347e-02 
 2.693068e+00  3.014342e-02 
 2.693390e+00  3.014337e-02 
 2.693711e+00  3.014331e-02 
 2.694033e+00  3.014326e-02 
 2.694354e+00  3.014321e-02 
 2.694676e+00  3.014316e-02 
 2.694997e+00  3.014311e-02 
 2.695319e+00  3.014306e-02 
 2.695640e+00  3.014301e-02 
 2.695962e+00  3.014296e-02 
 2.696284e+00  3.014292e-02 
 2.696605e+00  3.014287e-02 
 2.696927e+00  3.014282e-02 
 2.697248e+00  3.014277e-02 
 2.697570e+00  3.014273e-02 
 2.697891e+00  3.014268e-02 
 2.698213e+00  3.014264e-02 
 2.698534e+00  3.014259e-02 
 2.698856e+00  3.014255e-02 
 2.699178e+00  3.014250e-02 
 2.699499e+00  3.014246e-02 
 2.699821e+00  3.014241e-02 
 2.700142e+00  3.014237e-02 
 2.700464e+00  3.014233e-02 
 2.700785e+00  3.014229e-02 
 2.701107e+00  3.014224e-02 
 2.701428e+00  3.014220e-02 
 2.701750e+00  3.014216e-02 
 2.702072e+00  3.014212e-02 
 2.702393e+00  3.014208e-02 
 2.702715e+00  3.014204e-02 
 2.703036e+00  3.014200e-02 
 2.703358e+00  3.014196e-02 
 2.703679e+00  3.014193e-02 
 2.704001e+00  3.014189e-02 
 2.704322e+00  3.014185e-02 
 2.704644e+00  3.014181e-02 
 2.704966e+00  3.014178e-02 
 2.705287e+00  3.014174e-02 
 2.705609e+00  3.014171e-02 
 2.705930e+00  3.014167e-02 
 2.706252e+00  3.014164e-02 
 2.706573e+00  3.014160e-02 
 2.706895e+00  3.014157e-02 
 2.707216e+00  3.014154e-02 
 2.707538e+00  3.014150e-02 
 2.707860e+00  3.014147e-02 
 2.708181e+00  3.014144e-02 
 2.708503e+00  3.014141e-02 
 2.708824e+00  3.014138e-02 
 2.709146e+00  3.014135e-02 
 2.709467e+00  3.014132e-02 
 2.709789e+00  3.014129e-02 
 2.710110e+00  3.014126e-02 
 2.710432e+00  3.014123e-02 
 2.710754e+00  3.014120e-02 
 2.711075e+00  3.014117e-02 
 2.711397e+00  3.014115e-02 
 2.711718e+00  3.014112e-02 
 2.712040e+00  3.014109e-02 
 2.712361e+00  3.014107e-02 
 2.712683e+00  3.014104e-02 
 2.713004e+00  3.014102e-02 
 2.713326e+00  3.014099e-02 
 2.713648e+00  3.014097e-02 
 2.713969e+00  3.014095e-02 
 2.714291e+00  3.014092e-02 
 2.714612e+00  3.014090e-02 
 2.714934e+00  3.014088e-02 
 2.715255e+00  3.014086e-02 
 2.715577e+00  3.014084e-02 
 2.715898e+00  3.014082e-02 
 2.716220e+00  3.014080e-02 
 2.716542e+00  3.014078e-02 
 2.716863e+00  3.014076e-02 
 2.717185e+00  3.014074e-02 
 2.717506e+00  3.014072e-02 
 2.717828e+00  3.014071e-02 
 2.718149e+00  3.014069e-02 
 2.718471e+00  3.014067e-02 
 2.718792e+00  3.014066e-02 
 2.719114e+00  3.014064e-02 
 2.719436e+00  3.014062e-02 
 2.719757e+00  3.014061e-02 
 2.720079e+00  3.014060e-02 
 2.720400e+00  3.014058e-02 
 2.720722e+00  3.014057e-02 
 2.721043e+00  3.014056e-02 
 2.721365e+00  3.014054e-02 
 2.721686e+00  3.014053e-02 
 2.722008e+00  3.014052e-02 
 2.722330e+00  3.014051e-02 
 2.722651e+00  3.014050e-02 
 2.722973e+00  3.014049e-02 
 2.723294e+00  3.014048e-02 
 2.723616e+00  3.014047e-02 
 2.723937e+00  3.014046e-02 
 2.724259e+00  3.014046e-02 
 2.724580e+00  3.014045e-02 
 2.724902e+00  3.014044e-02 
 2.725224e+00  3.014044e-02 
 2.725545e+00  3.014043e-02 
 2.725867e+00  3.014042e-02 
 2.726188e+00  3.014042e-02 
 2.726510e+00  3.014042e-02 
 2.726831e+00  3.014041e-02 
 2.727153e+00  3.014041e-02 
 2.727474e+00  3.014040e-02 
 2.727796e+00  3.014040e-02 
 2.728118e+00  3.014040e-02 
 2.728439e+00  3.014040e-02 
 2.728761e+00  3.014040e-02 
 2.729082e+00  3.014040e-02 
 2.729404e+00  3.014040e-02 
 2.729725e+00  3.014040e-02 
 2.730047e+00  3.014040e-02 
 2.730368e+00  3.014040e-02 
 2.730690e+00  3.014040e-02 
 2.731012e+00  3.014040e-02 
 2.731333e+00  3.014041e-02 
 2.731655e+00  3.014041e-02 
 2.731976e+00  3.014041e-02 
 2.732298e+00  3.014042e-02 
 2.732619e+00  3.014042e-02 
 2.732941e+00  3.014043e-02 
 2.733263e+00  3.014043e-02 
 2.733584e+00  3.014044e-02 
 2.733906e+00  3.014044e-02 
 2.734227e+00  3.014045e-02 
 2.734549e+00  3.014046e-02 
 2.734870e+00  3.014047e-02 
 2.735192e+00  3.014047e-02 
 2.735513e+00  3.014048e-02 
 2.735835e+00  3.014049e-02 
 2.736157e+00  3.014050e-02 
 2.736478e+00  3.014051e-02 
 2.736800e+00  3.014052e-02 
 2.737121e+00  3.014053e-02 
 2.737443e+00  3.014054e-02 
 2.737764e+00  3.014056e-02 
 2.738086e+00  3.014057e-02 
 2.738407e+00  3.014058e-02 
 2.738729e+00  3.014059e-02 
 2.739051e+00  3.014061e-02 
 2.739372e+00  3.014062e-02 
 2.739694e+00  3.014063e-02 
 2.740015e+00  3.014065e-02 
 2.740337e+00  3.014066e-02 
 2.740658e+00  3.014068e-02 
 2.740980e+00  3.014070e-02 
 2.741301e+00  3.014071e-02 
 2.741623e+00  3.014073e-02 
 2.741945e+00  3.014075e-02 
 2.742266e+00  3.014076e-02 
 2.742588e+00  3.014078e-02 
 2.742909e+00  3.014080e-02 
 2.743231e+00  3.014082e-02 
 2.743552e+00  3.014084e-02 
 2.743874e+00  3.014086e-02 
 2.744195e+00  3.014088e-02 
 2.744517e+00  3.014090e-02 
 2.744839e+00  3.014092e-02 
 2.745160e+00  3.014094e-02 
 2.745482e+00  3.014097e-02 
 2.745803e+00  3.014099e-02 
 2.746125e+00  3.014101e-02 
 2.746446e+00  3.014103e-02 
 2.746768e+00  3.014106e-02 
 2.747089e+00  3.014108e-02 
 2.747411e+00  3.014111e-02 
 2.747733e+00  3.014113e-02 
 2.748054e+00  3.014116e-02 
 2.748376e+00  3.014118e-02 
 2.748697e+00  3.014121e-02 
 2.749019e+00  3.014123e-02 
 2.749340e+00  3.014126e-02 
 2.749662e+00  3.014129e-02 
 2.749983e+00  3.014132e-02 
 2.750305e+00  3.014134e-02 
 2.750627e+00  3.014137e-02 
 2.750948e+00  3.014140e-02 
 2.751270e+00  3.014143e-02 
 2.751591e+00  3.014146e-02 
 2.751913e+00  3.014149e-02 
 2.752234e+00  3.014152e-02 
 2.752556e+00  3.014155e-02 
 2.752877e+00  3.014158e-02 
 2.753199e+00  3.014162e-02 
 2.753521e+00  3.014165e-02 
 2.753842e+00  3.014168e-02 
 2.754164e+00  3.014171e-02 
 2.754485e+00  3.014175e-02 
 2.754807e+00  3.014178e-02 
 2.755128e+00  3.014182e-02 
 2.755450e+00  3.014185e-02 
 2.755771e+00  3.014189e-02 
 2.756093e+00  3.014192e-02 
 2.756415e+00  3.014196e-02 
 2.756736e+00  3.014199e-02 
 2.757058e+00  3.014203e-02 
 2.757379e+00  3.014207e-02 
 2.757701e+00  3.014210e-02 
 2.758022e+00  3.014214e-02 
 2.758344e+00  3.014218e-02 
 2.758665e+00  3.014222e-02 
 2.758987e+00  3.014226e-02 
 2.759309e+00  3.014229e-02 
 2.759630e+00  3.014233e-02 
 2.759952e+00  3.014237e-02 
 2.760273e+00  3.014241e-02 
 2.760595e+00  3.014245e-02 
 2.760916e+00  3.014250e-02 
 2.761238e+00  3.014254e-02 
 2.761559e+00  3.014258e-02 
 2.761881e+00  3.014262e-02 
 2.762203e+00  3.014266e-02 
 2.762524e+00  3.014270e-02 
 2.762846e+00  3.014275e-02 
 2.763167e+00  3.014279e-02 
 2.763489e+00  3.014283e-02 
 2.763810e+00  3.014288e-02 
 2.764132e+00  3.014292e-02 
 2.764453e+00  3.014297e-02 
 2.764775e+00  3.014301e-02 
 2.765097e+00  3.014306e-02 
 2.765418e+00  3.014310e-02 
 2.765740e+00  3.014315e-02 
 2.766061e+00  3.014320e-02 
 2.766383e+00  3.014324e-02 
 2.766704e+00  3.014329e-02 
 2.767026e+00  3.014334e-02 
 2.767347e+00  3.014338e-02 
 2.767669e+00  3.014343e-02 
 2.767991e+00  3.014348e-02 
 2.768312e+00  3.014353e-02 
 2.768634e+00  3.014358e-02 
 2.768955e+00  3.014363e-02 
 2.769277e+00  3.014368e-02 
 2.769598e+00  3.014373e-02 
 2.769920e+00  3.014378e-02 
 2.770241e+00  3.014383e-02 
 2.770563e+00  3.014388e-02 
 2.770885e+00  3.014393e-02 
 2.771206e+00  3.014398e-02 
 2.771528e+00  3.014403e-02 
 2.771849e+00  3.014408e-02 
 2.772171e+00  3.014414e-02 
 2.772492e+00  3.014419e-02 
 2.772814e+00  3.014424e-02 
 2.773135e+00  3.014429e-02 
 2.773457e+00  3.014435e-02 
 2.773779e+00  3.014440e-02 
 2.774100e+00  3.014445e-02 
 2.774422e+00  3.014451e-02 
 2.774743e+00  3.014456e-02 
 2.775065e+00  3.014462e-02 
 2.775386e+00  3.014467e-02 
 2.775708e+00  3.014473e-02 
 2.776029e+00  3.014478e-02 
 2.776351e+00  3.014484e-02 
 2.776673e+00  3.014490e-02 
 2.776994e+00  3.014495e-02 
 2.777316e+00  3.014501e-02 
 2.777637e+00  3.014506e-02 
 2.777959e+00  3.014512e-02 
 2.778280e+00  3.014518e-02 
 2.778602e+00  3.014524e-02 
 2.778924e+00  3.014529e-02 
 2.779245e+00  3.014535e-02 
 2.779567e+00  3.014541e-02 
 2.779888e+00  3.014547e-02 
 2.780210e+00  3.014553e-02 
 2.780531e+00  3.014559e-02 
 2.780853e+00  3.014565e-02 
 2.781174e+00  3.014571e-02 
 2.781496e+00  3.014577e-02 
 2.781818e+00  3.014583e-02 
 2.782139e+00  3.014589e-02 
 2.782461e+00  3.014595e-02 
 2.782782e+00  3.014601e-02 
 2.783104e+00  3.014607e-02 
 2.783425e+00  3.014613e-02 
 2.783747e+00  3.014619e-02 
 2.784068e+00  3.014625e-02 
 2.784390e+00  3.014631e-02 
 2.784712e+00  3.014637e-02 
 2.785033e+00  3.014644e-02 
 2.785355e+00  3.014650e-02 
 2.785676e+00  3.014656e-02 
 2.785998e+00  3.014662e-02 
 2.786319e+00  3.014669e-02 
 2.786641e+00  3.014675e-02 
 2.786962e+00  3.014681e-02 
 2.787284e+00  3.014688e-02 
 2.787606e+00  3.014694e-02 
 2.787927e+00  3.014700e-02 
 2.788249e+00  3.014707e-02 
 2.788570e+00  3.014713e-02 
 2.788892e+00  3.014720e-02 
 2.789213e+00  3.014726e-02 
 2.789535e+00  3.014733e-02 
 2.789856e+00  3.014739e-02 
 2.790178e+00  3.014746e-02 
 2.790500e+00  3.014752e-02 
 2.790821e+00  3.014759e-02 
 2.791143e+00  3.014765e-02 
 2.791464e+00  3.014772e-02 
 2.791786e+00  3.014778e-02 
 2.792107e+00  3.014785e-02 
 2.792429e+00  3.014792e-02 
 2.792750e+00  3.014798e-02 
 2.793072e+00  3.014805e-02 
 2.793394e+00  3.014811e-02 
 2.793715e+00  3.014818e-02 
 2.794037e+00  3.014825e-02 
 2.794358e+00  3.014832e-02 
 2.794680e+00  3.014838e-02 
 2.795001e+00  3.014845e-02 
 2.795323e+00  3.014852e-02 
 2.795644e+00  3.014858e-02 
 2.795966e+00  3.014865e-02 
 2.796288e+00  3.014872e-02 
 2.796609e+00  3.014879e-02 
 2.796931e+00  3.014886e-02 
 2.797252e+00  3.014892e-02 
 2.797574e+00  3.014899e-02 
 2.797895e+00  3.014906e-02 
 2.798217e+00  3.014913e-02 
 2.798538e+00  3.014920e-02 
 2.798860e+00  3.014927e-02 
 2.799182e+00  3.014934e-02 
 2.799503e+00  3.014941e-02 
 2.799825e+00  3.014948e-02 
 2.800146e+00  3.014955e-02 
 2.800468e+00  3.014961e-02 
 2.800789e+00  3.014968e-02 
 2.801111e+00  3.014975e-02 
 2.801432e+00  3.014982e-02 
 2.801754e+00  3.014989e-02 
 2.802076e+00  3.014996e-02 
 2.802397e+00  3.015003e-02 
 2.802719e+00  3.015011e-02 
 2.803040e+00  3.015018e-02 
 2.803362e+00  3.015025e-02 
 2.803683e+00  3.015032e-02 
 2.804005e+00  3.015039e-02 
 2.804326e+00  3.015046e-02 
 2.804648e+00  3.015053e-02 
 2.804970e+00  3.015060e-02 
 2.805291e+00  3.015067e-02 
 2.805613e+00  3.015074e-02 
 2.805934e+00  3.015082e-02 
 2.806256e+00  3.015089e-02 
 2.806577e+00  3.015096e-02 
 2.806899e+00  3.015103e-02 
 2.807220e+00  3.015110e-02 
 2.807542e+00  3.015118e-02 
 2.807864e+00  3.015125e-02 
 2.808185e+00  3.015132e-02 
 2.808507e+00  3.015139e-02 
 2.808828e+00  3.015147e-02 
 2.809150e+00  3.015154e-02 
 2.809471e+00  3.015161e-02 
 2.809793e+00  3.015168e-02 
 2.810114e+00  3.015176e-02 
 2.810436e+00  3.015183e-02 
 2.810758e+00  3.015190e-02 
 2.811079e+00  3.015198e-02 
 2.811401e+00  3.015205e-02 
 2.811722e+00  3.015212e-02 
 2.812044e+00  3.015220e-02 
 2.812365e+00  3.015227e-02 
 2.812687e+00  3.015234e-02 
 2.813008e+00  3.015242e-02 
 2.813330e+00  3.015249e-02 
 2.813652e+00  3.015256e-02 
 2.813973e+00  3.015264e-02 
 2.814295e+00  3.015271e-02 
 2.814616e+00  3.015279e-02 
 2.814938e+00  3.015286e-02 
 2.815259e+00  3.015293e-02 
 2.815581e+00  3.015301e-02 
 2.815902e+00  3.015308e-02 
 2.816224e+00  3.015316e-02 
 2.816546e+00  3.015323e-02 
 2.816867e+00  3.015331e-02 
 2.817189e+00  3.015338e-02 
 2.817510e+00  3.015346e-02 
 2.817832e+00  3.015353e-02 
 2.818153e+00  3.015360e-02 
 2.818475e+00  3.015368e-02 
 2.818796e+00  3.015375e-02 
 2.819118e+00  3.015383e-02 
 2.819440e+00  3.015390e-02 
 2.819761e+00  3.015398e-02 
 2.820083e+00  3.015405e-02 
 2.820404e+00  3.015413e-02 
 2.820726e+00  3.015420e-02 
 2.821047e+00  3.015428e-02 
 2.821369e+00  3.015435e-02 
 2.821691e+00  3.015443e-02 
 2.822012e+00  3.015450e-02 
 2.822334e+00  3.015458e-02 
 2.822655e+00  3.015465e-02 
 2.822977e+00  3.015473e-02 
 2.823298e+00  3.015480e-02 
 2.823620e+00  3.015488e-02 
 2.823941e+00  3.015495e-02 
 2.824263e+00  3.015503e-02 
 2.824585e+00  3.015510e-02 
 2.824906e+00  3.015518e-02 
 2.825228e+00  3.015525e-02 
 2.825549e+00  3.015533e-02 
 2.825871e+00  3.015540e-02 
 2.826192e+00  3.015548e-02 
 2.826514e+00  3.015555e-02 
 2.826835e+00  3.015563e-02 
 2.827157e+00  3.015570e-02 
 2.827479e+00  3.015578e-02 
 2.827800e+00  3.015585e-02 
 2.828122e+00  3.015593e-02 
 2.828443e+00  3.015600e-02 
 2.828765e+00  3.015608e-02 
 2.829086e+00  3.015615e-02 
 2.829408e+00  3.015623e-02 
 2.829729e+00  3.015630e-02 
 2.830051e+00  3.015638e-02 
 2.830373e+00  3.015645e-02 
 2.830694e+00  3.015653e-02 
 2.831016e+00  3.015660e-02 
 2.831337e+00  3.015667e-02 
 2.831659e+00  3.015675e-02 
 2.831980e+00  3.015682e-02 
 2.832302e+00  3.015690e-02 
 2.832623e+00  3.015697e-02 
 2.832945e+00  3.015705e-02 
 2.833267e+00  3.015712e-02 
 2.833588e+00  3.015720e-02 
 2.833910e+00  3.015727e-02 
 2.834231e+00  3.015734e-02 
 2.834553e+00  3.015742e-02 
 2.834874e+00  3.015749e-02 
 2.835196e+00  3.015756e-02 
 2.835517e+00  3.015764e-02 
 2.835839e+00  3.015771e-02 
 2.836161e+00  3.015779e-02 
 2.836482e+00  3.015786e-02 
 2.836804e+00  3.015793e-02 
 2.837125e+00  3.015801e-02 
 2.837447e+00  3.015808e-02 
 2.837768e+00  3.015815e-02 
 2.838090e+00  3.015822e-02 
 2.838411e+00  3.015830e-02 
 2.838733e+00  3.015837e-02 
 2.839055e+00  3.015844e-02 
 2.839376e+00  3.015851e-02 
 2.839698e+00  3.015859e-02 
 2.840019e+00  3.015866e-02 
 2.840341e+00  3.015873e-02 
 2.840662e+00  3.015880e-02 
 2.840984e+00  3.015888e-02 
 2.841305e+00  3.015895e-02 
 2.841627e+00  3.015902e-02 
 2.841949e+00  3.015909e-02 
 2.842270e+00  3.015916e-02 
 2.842592e+00  3.015923e-02 
 2.842913e+00  3.015930e-02 
 2.843235e+00  3.015937e-02 
 2.843556e+00  3.015944e-02 
 2.843878e+00  3.015951e-02 
 2.844199e+00  3.015958e-02 
 2.844521e+00  3.015965e-02 
 2.844843e+00  3.015972e-02 
 2.845164e+00  3.015979e-02 
 2.845486e+00  3.015986e-02 
 2.845807e+00  3.015993e-02 
 2.846129e+00  3.016000e-02 
 2.846450e+00  3.016007e-02 
 2.846772e+00  3.016014e-02 
 2.847093e+00  3.016021e-02 
 2.847415e+00  3.016028e-02 
 2.847737e+00  3.016034e-02 
 2.848058e+00  3.016041e-02 
 2.848380e+00  3.016048e-02 
 2.848701e+00  3.016055e-02 
 2.849023e+00  3.016061e-02 
 2.849344e+00  3.016068e-02 
 2.849666e+00  3.016075e-02 
 2.849987e+00  3.016082e-02 
 2.850309e+00  3.016088e-02 
 2.850631e+00  3.016095e-02 
 2.850952e+00  3.016101e-02 
 2.851274e+00  3.016108e-02 
 2.851595e+00  3.016114e-02 
 2.851917e+00  3.016121e-02 
 2.852238e+00  3.016127e-02 
 2.852560e+00  3.016134e-02 
 2.852881e+00  3.016140e-02 
 2.853203e+00  3.016147e-02 
 2.853525e+00  3.016153e-02 
 2.853846e+00  3.016160e-02 
 2.854168e+00  3.016166e-02 
 2.854489e+00  3.016172e-02 
 2.854811e+00  3.016179e-02 
 2.855132e+00  3.016185e-02 
 2.855454e+00  3.016191e-02 
 2.855775e+00  3.016197e-02 
 2.856097e+00  3.016203e-02 
 2.856419e+00  3.016210e-02 
 2.856740e+00  3.016216e-02 
 2.857062e+00  3.016222e-02 
 2.857383e+00  3.016228e-02 
 2.857705e+00  3.016234e-02 
 2.858026e+00  3.016240e-02 
 2.858348e+00  3.016246e-02 
 2.858669e+00  3.016252e-02 
 2.858991e+00  3.016258e-02 
 2.859313e+00  3.016264e-02 
 2.859634e+00  3.016270e-02 
 2.859956e+00  3.016275e-02 
 2.860277e+00  3.016281e-02 
 2.860599e+00  3.016287e-02 
 2.860920e+00  3.016293e-02 
 2.861242e+00  3.016298e-02 
 2.861564e+00  3.016304e-02 
 2.861885e+00  3.016310e-02 
 2.862207e+00  3.016315e-02 
 2.862528e+00  3.016321e-02 
 2.862850e+00  3.016327e-02 
 2.863171e+00  3.016332e-02 
 2.863493e+00  3.016338e-02 
 2.863814e+00  3.016343e-02 
 2.864136e+00  3.016349e-02 
 2.864458e+00  3.016354e-02 
 2.864779e+00  3.016359e-02 
 2.865101e+00  3.016365e-02 
 2.865422e+00  3.016370e-02 
 2.865744e+00  3.016375e-02 
 2.866065e+00  3.016380e-02 
 2.866387e+00  3.016386e-02 
 2.866708e+00  3.016391e-02 
 2.867030e+00  3.016396e-02 
 2.867352e+00  3.016401e-02 
 2.867673e+00  3.016406e-02 
 2.867995e+00  3.016411e-02 
 2.868316e+00  3.016416e-02 
 2.868638e+00  3.016421e-02 
 2.868959e+00  3.016426e-02 
 2.869281e+00  3.016431e-02 
 2.869602e+00  3.016436e-02 
 2.869924e+00  3.016441e-02 
 2.870246e+00  3.016445e-02 
 2.870567e+00  3.016450e-02 
 2.870889e+00  3.016455e-02 
 2.871210e+00  3.016460e-02 
 2.871532e+00  3.016464e-02 
 2.871853e+00  3.016469e-02 
 2.872175e+00  3.016473e-02 
 2.872496e+00  3.016478e-02 
 2.872818e+00  3.016482e-02 
 2.873140e+00  3.016487e-02 
 2.873461e+00  3.016491e-02 
 2.873783e+00  3.016496e-02 
 2.874104e+00  3.016500e-02 
 2.874426e+00  3.016504e-02 
 2.874747e+00  3.016508e-02 
 2.875069e+00  3.016513e-02 
 2.875390e+00  3.016517e-02 
 2.875712e+00  3.016521e-02 
 2.876034e+00  3.016525e-02 
 2.876355e+00  3.016529e-02 
 2.876677e+00  3.016533e-02 
 2.876998e+00  3.016537e-02 
 2.877320e+00  3.016541e-02 
 2.877641e+00  3.016545e-02 
 2.877963e+00  3.016549e-02 
 2.878284e+00  3.016553e-02 
 2.878606e+00  3.016556e-02 
 2.878928e+00  3.016560e-02 
 2.879249e+00  3.016564e-02 
 2.879571e+00  3.016568e-02 
 2.879892e+00  3.016571e-02 
 2.880214e+00  3.016575e-02 
 2.880535e+00  3.016578e-02 
 2.880857e+00  3.016582e-02 
 2.881178e+00  3.016585e-02 
 2.881500e+00  3.016589e-02 
 2.881822e+00  3.016592e-02 
 2.882143e+00  3.016596e-02 
 2.882465e+00  3.016599e-02 
 2.882786e+00  3.016602e-02 
 2.883108e+00  3.016605e-02 
 2.883429e+00  3.016609e-02 
 2.883751e+00  3.016612e-02 
 2.884072e+00  3.016615e-02 
 2.884394e+00  3.016618e-02 
 2.884716e+00  3.016621e-02 
 2.885037e+00  3.016624e-02 
 2.885359e+00  3.016627e-02 
 2.885680e+00  3.016630e-02 
 2.886002e+00  3.016633e-02 
 2.886323e+00  3.016636e-02 
 2.886645e+00  3.016638e-02 
 2.886966e+00  3.016641e-02 
 2.887288e+00  3.016644e-02 
 2.887610e+00  3.016646e-02 
 2.887931e+00  3.016649e-02 
 2.888253e+00  3.016652e-02 
 2.888574e+00  3.016654e-02 
 2.888896e+00  3.016657e-02 
 2.889217e+00  3.016659e-02 
 2.889539e+00  3.016662e-02 
 2.889860e+00  3.016664e-02 
 2.890182e+00  3.016666e-02 
 2.890504e+00  3.016669e-02 
 2.890825e+00  3.016671e-02 
 2.891147e+00  3.016673e-02 
 2.891468e+00  3.016675e-02 
 2.891790e+00  3.016677e-02 
 2.892111e+00  3.016679e-02 
 2.892433e+00  3.016681e-02 
 2.892754e+00  3.016683e-02 
 2.893076e+00  3.016685e-02 
 2.893398e+00  3.016687e-02 
 2.893719e+00  3.016689e-02 
 2.894041e+00  3.016691e-02 
 2.894362e+00  3.016693e-02 
 2.894684e+00  3.016695e-02 
 2.895005e+00  3.016696e-02 
 2.895327e+00  3.016698e-02 
 2.895648e+00  3.016700e-02 
 2.895970e+00  3.016701e-02 
 2.896292e+00  3.016703e-02 
 2.896613e+00  3.016704e-02 
 2.896935e+00  3.016706e-02 
 2.897256e+00  3.016707e-02 
 2.897578e+00  3.016708e-02 
 2.897899e+00  3.016710e-02 
 2.898221e+00  3.016711e-02 
 2.898542e+00  3.016712e-02 
 2.898864e+00  3.016713e-02 
 2.899186e+00  3.016715e-02 
 2.899507e+00  3.016716e-02 
 2.899829e+00  3.016717e-02 
 2.900150e+00  3.016718e-02 
 2.900472e+00  3.016719e-02 
 2.900793e+00  3.016720e-02 
 2.901115e+00  3.016721e-02 
 2.901437e+00  3.016721e-02 
 2.901758e+00  3.016722e-02 
 2.902080e+00  3.016723e-02 
 2.902401e+00  3.016724e-02 
 2.902723e+00  3.016725e-02 
 2.903044e+00  3.016725e-02 
 2.903366e+00  3.016726e-02 
 2.903687e+00  3.016726e-02 
 2.904009e+00  3.016727e-02 
 2.904331e+00  3.016727e-02 
 2.904652e+00  3.016728e-02 
 2.904974e+00  3.016728e-02 
 2.905295e+00  3.016729e-02 
 2.905617e+00  3.016729e-02 
 2.905938e+00  3.016729e-02 
 2.906260e+00  3.016729e-02 
 2.906581e+00  3.016730e-02 
 2.906903e+00  3.016730e-02 
 2.907225e+00  3.016730e-02 
 2.907546e+00  3.016730e-02 
 2.907868e+00  3.016730e-02 
 2.908189e+00  3.016730e-02 
 2.908511e+00  3.016730e-02 
 2.908832e+00  3.016730e-02 
 2.909154e+00  3.016730e-02 
 2.909475e+00  3.016729e-02 
 2.909797e+00  3.016729e-02 
 2.910119e+00  3.016729e-02 
 2.910440e+00  3.016729e-02 
 2.910762e+00  3.016728e-02 
 2.911083e+00  3.016728e-02 
 2.911405e+00  3.016727e-02 
 2.911726e+00  3.016727e-02 
 2.912048e+00  3.016726e-02 
 2.912369e+00  3.016726e-02 
 2.912691e+00  3.016725e-02 
 2.913013e+00  3.016725e-02 
 2.913334e+00  3.016724e-02 
 2.913656e+00  3.016723e-02 
 2.913977e+00  3.016723e-02 
 2.914299e+00  3.016722e-02 
 2.914620e+00  3.016721e-02 
 2.914942e+00  3.016720e-02 
 2.915263e+00  3.016719e-02 
 2.915585e+00  3.016718e-02 
 2.915907e+00  3.016717e-02 
 2.916228e+00  3.016716e-02 
 2.916550e+00  3.016715e-02 
 2.916871e+00  3.016714e-02 
 2.917193e+00  3.016713e-02 
 2.917514e+00  3.016712e-02 
 2.917836e+00  3.016710e-02 
 2.918157e+00  3.016709e-02 
 2.918479e+00  3.016708e-02 
 2.918801e+00  3.016706e-02 
 2.919122e+00  3.016705e-02 
 2.919444e+00  3.016704e-02 
 2.919765e+00  3.016702e-02 
 2.920087e+00  3.016701e-02 
 2.920408e+00  3.016699e-02 
 2.920730e+00  3.016697e-02 
 2.921051e+00  3.016696e-02 
 2.921373e+00  3.016694e-02 
 2.921695e+00  3.016692e-02 
 2.922016e+00  3.016691e-02 
 2.922338e+00  3.016689e-02 
 2.922659e+00  3.016687e-02 
 2.922981e+00  3.016685e-02 
 2.923302e+00  3.016683e-02 
 2.923624e+00  3.016681e-02 
 2.923945e+00  3.016679e-02 
 2.924267e+00  3.016677e-02 
 2.924589e+00  3.016675e-02 
 2.924910e+00  3.016673e-02 
 2.925232e+00  3.016671e-02 
 2.925553e+00  3.016669e-02 
 2.925875e+00  3.016667e-02 
 2.926196e+00  3.016664e-02 
 2.926518e+00  3.016662e-02 
 2.926839e+00  3.016660e-02 
 2.927161e+00  3.016657e-02 
 2.927483e+00  3.016655e-02 
 2.927804e+00  3.016652e-02 
 2.928126e+00  3.016650e-02 
 2.928447e+00  3.016648e-02 
 2.928769e+00  3.016645e-02 
 2.929090e+00  3.016642e-02 
 2.929412e+00  3.016640e-02 
 2.929733e+00  3.016637e-02 
 2.930055e+00  3.016634e-02 
 2.930377e+00  3.016632e-02 
 2.930698e+00  3.016629e-02 
 2.931020e+00  3.016626e-02 
 2.931341e+00  3.016623e-02 
 2.931663e+00  3.016621e-02 
 2.931984e+00  3.016618e-02 
 2.932306e+00  3.016615e-02 
 2.932627e+00  3.016612e-02 
 2.932949e+00  3.016609e-02 
 2.933271e+00  3.016606e-02 
 2.933592e+00  3.016603e-02 
 2.933914e+00  3.016600e-02 
 2.934235e+00  3.016597e-02 
 2.934557e+00  3.016593e-02 
 2.934878e+00  3.016590e-02 
 2.935200e+00  3.016587e-02 
 2.935521e+00  3.016584e-02 
 2.935843e+00  3.016581e-02 
 2.936165e+00  3.016577e-02 
 2.936486e+00  3.016574e-02 
 2.936808e+00  3.016571e-02 
 2.937129e+00  3.016567e-02 
 2.937451e+00  3.016564e-02 
 2.937772e+00  3.016560e-02 
 2.938094e+00  3.016557e-02 
 2.938415e+00  3.016553e-02 
 2.938737e+00  3.016550e-02 
 2.939059e+00  3.016546e-02 
 2.939380e+00  3.016543e-02 
 2.939702e+00  3.016539e-02 
 2.940023e+00  3.016535e-02 
 2.940345e+00  3.016532e-02 
 2.940666e+00  3.016528e-02 
 2.940988e+00  3.016524e-02 
 2.941310e+00  3.016520e-02 
 2.941631e+00  3.016517e-02 
 2.941953e+00  3.016513e-02 
 2.942274e+00  3.016509e-02 
 2.942596e+00  3.016505e-02 
 2.942917e+00  3.016501e-02 
 2.943239e+00  3.016497e-02 
 2.943560e+00  3.016493e-02 
 2.943882e+00  3.016489e-02 
 2.944204e+00  3.016485e-02 
 2.944525e+00  3.016481e-02 
 2.944847e+00  3.016477e-02 
 2.945168e+00  3.016473e-02 
 2.945490e+00  3.016469e-02 
 2.945811e+00  3.016465e-02 
 2.946133e+00  3.016461e-02 
 2.946454e+00  3.016457e-02 
 2.946776e+00  3.016452e-02 
 2.947098e+00  3.016448e-02 
 2.947419e+00  3.016444e-02 
 2.947741e+00  3.016440e-02 
 2.948062e+00  3.016435e-02 
 2.948384e+00  3.016431e-02 
 2.948705e+00  3.016427e-02 
 2.949027e+00  3.016422e-02 
 2.949348e+00  3.016418e-02 
 2.949670e+00  3.016413e-02 
 2.949992e+00  3.016409e-02 
 2.950313e+00  3.016404e-02 
 2.950635e+00  3.016400e-02 
 2.950956e+00  3.016395e-02 
 2.951278e+00  3.016391e-02 
 2.951599e+00  3.016386e-02 
 2.951921e+00  3.016382e-02 
 2.952242e+00  3.016377e-02 
 2.952564e+00  3.016373e-02 
 2.952886e+00  3.016368e-02 
 2.953207e+00  3.016363e-02 
 2.953529e+00  3.016359e-02 
 2.953850e+00  3.016354e-02 
 2.954172e+00  3.016349e-02 
 2.954493e+00  3.016344e-02 
 2.954815e+00  3.016340e-02 
 2.955136e+00  3.016335e-02 
 2.955458e+00  3.016330e-02 
 2.955780e+00  3.016325e-02 
 2.956101e+00  3.016320e-02 
 2.956423e+00  3.016315e-02 
 2.956744e+00  3.016311e-02 
 2.957066e+00  3.016306e-02 
 2.957387e+00  3.016301e-02 
 2.957709e+00  3.016296e-02 
 2.958030e+00  3.016291e-02 
 2.958352e+00  3.016286e-02 
 2.958674e+00  3.016281e-02 
 2.958995e+00  3.016276e-02 
 2.959317e+00  3.016271e-02 
 2.959638e+00  3.016266e-02 
 2.959960e+00  3.016261e-02 
 2.960281e+00  3.016256e-02 
 2.960603e+00  3.016251e-02 
 2.960924e+00  3.016245e-02 
 2.961246e+00  3.016240e-02 
 2.961568e+00  3.016235e-02 
 2.961889e+00  3.016230e-02 
 2.962211e+00  3.016225e-02 
 2.962532e+00  3.016220e-02 
 2.962854e+00  3.016214e-02 
 2.963175e+00  3.016209e-02 
 2.963497e+00  3.016204e-02 
 2.963818e+00  3.016199e-02 
 2.964140e+00  3.016193e-02 
 2.964462e+00  3.016188e-02 
 2.964783e+00  3.016183e-02 
 2.965105e+00  3.016177e-02 
 2.965426e+00  3.016172e-02 
 2.965748e+00  3.016167e-02 
 2.966069e+00  3.016161e-02 
 2.966391e+00  3.016156e-02 
 2.966712e+00  3.016151e-02 
 2.967034e+00  3.016145e-02 
 2.967356e+00  3.016140e-02 
 2.967677e+00  3.016134e-02 
 2.967999e+00  3.016129e-02 
 2.968320e+00  3.016124e-02 
 2.968642e+00  3.016118e-02 
 2.968963e+00  3.016113e-02 
 2.969285e+00  3.016107e-02 
 2.969606e+00  3.016102e-02 
 2.969928e+00  3.016096e-02 
 2.970250e+00  3.016091e-02 
 2.970571e+00  3.016085e-02 
 2.970893e+00  3.016080e-02 
 2.971214e+00  3.016074e-02 
 2.971536e+00  3.016069e-02 
 2.971857e+00  3.016063e-02 
 2.972179e+00  3.016058e-02 
 2.972500e+00  3.016052e-02 
 2.972822e+00  3.016046e-02 
 2.973144e+00  3.016041e-02 
 2.973465e+00  3.016035e-02 
 2.973787e+00  3.016030e-02 
 2.974108e+00  3.016024e-02 
 2.974430e+00  3.016018e-02 
 2.974751e+00  3.016013e-02 
 2.975073e+00  3.016007e-02 
 2.975394e+00  3.016002e-02 
 2.975716e+00  3.015996e-02 
 2.976038e+00  3.015990e-02 
 2.976359e+00  3.015985e-02 
 2.976681e+00  3.015979e-02 
 2.977002e+00  3.015973e-02 
 2.977324e+00  3.015968e-02 
 2.977645e+00  3.015962e-02 
 2.977967e+00  3.015956e-02 
 2.978288e+00  3.015951e-02 
 2.978610e+00  3.015945e-02 
 2.978932e+00  3.015939e-02 
 2.979253e+00  3.015934e-02 
 2.979575e+00  3.015928e-02 
 2.979896e+00  3.015922e-02 
 2.980218e+00  3.015917e-02 
 2.980539e+00  3.015911e-02 
 2.980861e+00  3.015905e-02 
 2.981183e+00  3.015900e-02 
 2.981504e+00  3.015894e-02 
 2.981826e+00  3.015888e-02 
 2.982147e+00  3.015883e-02 
 2.982469e+00  3.015877e-02 
 2.982790e+00  3.015871e-02 
 2.983112e+00  3.015866e-02 
 2.983433e+00  3.015860e-02 
 2.983755e+00  3.015854e-02 
 2.984077e+00  3.015848e-02 
 2.984398e+00  3.015843e-02 
 2.984720e+00  3.015837e-02 
 2.985041e+00  3.015831e-02 
 2.985363e+00  3.015826e-02 
 2.985684e+00  3.015820e-02 
 2.986006e+00  3.015814e-02 
 2.986327e+00  3.015809e-02 
 2.986649e+00  3.015803e-02 
 2.986971e+00  3.015798e-02 
 2.987292e+00  3.015792e-02 
 2.987614e+00  3.015786e-02 
 2.987935e+00  3.015781e-02 
 2.988257e+00  3.015775e-02 
 2.988578e+00  3.015769e-02 
 2.988900e+00  3.015764e-02 
 2.989221e+00  3.015758e-02 
 2.989543e+00  3.015752e-02 
 2.989865e+00  3.015747e-02 
 2.990186e+00  3.015741e-02 
 2.990508e+00  3.015736e-02 
 2.990829e+00  3.015730e-02 
 2.991151e+00  3.015725e-02 
 2.991472e+00  3.015719e-02 
 2.991794e+00  3.015713e-02 
 2.992115e+00  3.015708e-02 
 2.992437e+00  3.015702e-02 
 2.992759e+00  3.015697e-02 
 2.993080e+00  3.015691e-02 
 2.993402e+00  3.015686e-02 
 2.993723e+00  3.015680e-02 
 2.994045e+00  3.015675e-02 
 2.994366e+00  3.015669e-02 
 2.994688e+00  3.015664e-02 
 2.995009e+00  3.015658e-02 
 2.995331e+00  3.015653e-02 
 2.995653e+00  3.015647e-02 
 2.995974e+00  3.015642e-02 
 2.996296e+00  3.015636e-02 
 2.996617e+00  3.015631e-02 
 2.996939e+00  3.015625e-02 
 2.997260e+00  3.015620e-02 
 2.997582e+00  3.015615e-02 
 2.997903e+00  3.015609e-02 
 2.998225e+00  3.015604e-02 
 2.998547e+00  3.015599e-02 
 2.998868e+00  3.015593e-02 
 2.999190e+00  3.015588e-02 
 2.999511e+00  3.015582e-02 
 2.999833e+00  3.015577e-02 
 3.000154e+00  3.015572e-02 
 3.000476e+00  3.015566e-02 
 3.000797e+00  3.015561e-02 
 3.001119e+00  3.015556e-02 
 3.001441e+00  3.015551e-02 
 3.001762e+00  3.015545e-02 
 3.002084e+00  3.015540e-02 
 3.002405e+00  3.015535e-02 
 3.002727e+00  3.015530e-02 
 3.003048e+00  3.015524e-02 
 3.003370e+00  3.015519e-02 
 3.003691e+00  3.015514e-02 
 3.004013e+00  3.015509e-02 
 3.004335e+00  3.015504e-02 
 3.004656e+00  3.015498e-02 
 3.004978e+00  3.015493e-02 
 3.005299e+00  3.015488e-02 
 3.005621e+00  3.015483e-02 
 3.005942e+00  3.015478e-02 
 3.006264e+00  3.015473e-02 
 3.006585e+00  3.015468e-02 
 3.006907e+00  3.015463e-02 
 3.007229e+00  3.015458e-02 
 3.007550e+00  3.015453e-02 
 3.007872e+00  3.015448e-02 
 3.008193e+00  3.015443e-02 
 3.008515e+00  3.015438e-02 
 3.008836e+00  3.015433e-02 
 3.009158e+00  3.015428e-02 
 3.009479e+00  3.015423e-02 
 3.009801e+00  3.015418e-02 
 3.010123e+00  3.015413e-02 
 3.010444e+00  3.015408e-02 
 3.010766e+00  3.015403e-02 
 3.011087e+00  3.015398e-02 
 3.011409e+00  3.015393e-02 
 3.011730e+00  3.015389e-02 
 3.012052e+00  3.015384e-02 
 3.012373e+00  3.015379e-02 
 3.012695e+00  3.015374e-02 
 3.013017e+00  3.015369e-02 
 3.013338e+00  3.015365e-02 
 3.013660e+00  3.015360e-02 
 3.013981e+00  3.015355e-02 
 3.014303e+00  3.015350e-02 
 3.014624e+00  3.015346e-02 
 3.014946e+00  3.015341e-02 
 3.015267e+00  3.015336e-02 
 3.015589e+00  3.015332e-02 
 3.015911e+00  3.015327e-02 
 3.016232e+00  3.015323e-02 
 3.016554e+00  3.015318e-02 
 3.016875e+00  3.015313e-02 
 3.017197e+00  3.015309e-02 
 3.017518e+00  3.015304e-02 
 3.017840e+00  3.015300e-02 
 3.018161e+00  3.015295e-02 
 3.018483e+00  3.015291e-02 
 3.018805e+00  3.015286e-02 
 3.019126e+00  3.015282e-02 
 3.019448e+00  3.015277e-02 
 3.019769e+00  3.015273e-02 
 3.020091e+00  3.015269e-02 
 3.020412e+00  3.015264e-02 
 3.020734e+00  3.015260e-02 
 3.021056e+00  3.015256e-02 
 3.021377e+00  3.015251e-02 
 3.021699e+00  3.015247e-02 
 3.022020e+00  3.015243e-02 
 3.022342e+00  3.015238e-02 
 3.022663e+00  3.015234e-02 
 3.022985e+00  3.015230e-02 
 3.023306e+00  3.015226e-02 
 3.023628e+00  3.015221e-02 
 3.023950e+00  3.015217e-02 
 3.024271e+00  3.015213e-02 
 3.024593e+00  3.015209e-02 
 3.024914e+00  3.015205e-02 
 3.025236e+00  3.015201e-02 
 3.025557e+00  3.015197e-02 
 3.025879e+00  3.015193e-02 
 3.026200e+00  3.015189e-02 
 3.026522e+00  3.015185e-02 
 3.026844e+00  3.015181e-02 
 3.027165e+00  3.015177e-02 
 3.027487e+00  3.015173e-02 
 3.027808e+00  3.015169e-02 
 3.028130e+00  3.015165e-02 
 3.028451e+00  3.015161e-02 
 3.028773e+00  3.015157e-02 
 3.029094e+00  3.015153e-02 
 3.029416e+00  3.015150e-02 
 3.029738e+00  3.015146e-02 
 3.030059e+00  3.015142e-02 
 3.030381e+00  3.015138e-02 
 3.030702e+00  3.015135e-02 
 3.031024e+00  3.015131e-02 
 3.031345e+00  3.015127e-02 
 3.031667e+00  3.015124e-02 
 3.031988e+00  3.015120e-02 
 3.032310e+00  3.015116e-02 
 3.032632e+00  3.015113e-02 
 3.032953e+00  3.015109e-02 
 3.033275e+00  3.015106e-02 
 3.033596e+00  3.015102e-02 
 3.033918e+00  3.015099e-02 
 3.034239e+00  3.015095e-02 
 3.034561e+00  3.015092e-02 
 3.034882e+00  3.015088e-02 
 3.035204e+00  3.015085e-02 
 3.035526e+00  3.015082e-02 
 3.035847e+00  3.015078e-02 
 3.036169e+00  3.015075e-02 
 3.036490e+00  3.015072e-02 
 3.036812e+00  3.015068e-02 
 3.037133e+00  3.015065e-02 
 3.037455e+00  3.015062e-02 
 3.037776e+00  3.015059e-02 
 3.038098e+00  3.015055e-02 
 3.038420e+00  3.015052e-02 
 3.038741e+00  3.015049e-02 
 3.039063e+00  3.015046e-02 
 3.039384e+00  3.015043e-02 
 3.039706e+00  3.015040e-02 
 3.040027e+00  3.015037e-02 
 3.040349e+00  3.015034e-02 
 3.040670e+00  3.015031e-02 
 3.040992e+00  3.015028e-02 
 3.041314e+00  3.015025e-02 
 3.041635e+00  3.015022e-02 
 3.041957e+00  3.015019e-02 
 3.042278e+00  3.015017e-02 
 3.042600e+00  3.015014e-02 
 3.042921e+00  3.015011e-02 
 3.043243e+00  3.015008e-02 
 3.043564e+00  3.015006e-02 
 3.043886e+00  3.015003e-02 
 3.044208e+00  3.015000e-02 
 3.044529e+00  3.014997e-02 
 3.044851e+00  3.014995e-02 
 3.045172e+00  3.014992e-02 
 3.045494e+00  3.014990e-02 
 3.045815e+00  3.014987e-02 
 3.046137e+00  3.014985e-02 
 3.046458e+00  3.014982e-02 
 3.046780e+00  3.014980e-02 
 3.047102e+00  3.014977e-02 
 3.047423e+00  3.014975e-02 
 3.047745e+00  3.014972e-02 
 3.048066e+00  3.014970e-02 
 3.048388e+00  3.014968e-02 
 3.048709e+00  3.014965e-02 
 3.049031e+00  3.014963e-02 
 3.049352e+00  3.014961e-02 
 3.049674e+00  3.014959e-02 
 3.049996e+00  3.014956e-02 
 3.050317e+00  3.014954e-02 
 3.050639e+00  3.014952e-02 
 3.050960e+00  3.014950e-02 
 3.051282e+00  3.014948e-02 
 3.051603e+00  3.014946e-02 
 3.051925e+00  3.014944e-02 
 3.052246e+00  3.014942e-02 
 3.052568e+00  3.014940e-02 
 3.052890e+00  3.014938e-02 
 3.053211e+00  3.014936e-02 
 3.053533e+00  3.014934e-02 
 3.053854e+00  3.014932e-02 
 3.054176e+00  3.014930e-02 
 3.054497e+00  3.014928e-02 
 3.054819e+00  3.014926e-02 
 3.055140e+00  3.014925e-02 
 3.055462e+00  3.014923e-02 
 3.055784e+00  3.014921e-02 
 3.056105e+00  3.014919e-02 
 3.056427e+00  3.014918e-02 
 3.056748e+00  3.014916e-02 
 3.057070e+00  3.014914e-02 
 3.057391e+00  3.014913e-02 
 3.057713e+00  3.014911e-02 
 3.058034e+00  3.014910e-02 
 3.058356e+00  3.014908e-02 
 3.058678e+00  3.014907e-02 
 3.058999e+00  3.014905e-02 
 3.059321e+00  3.014904e-02 
 3.059642e+00  3.014902e-02 
 3.059964e+00  3.014901e-02 
 3.060285e+00  3.014899e-02 
 3.060607e+00  3.014898e-02 
 3.060928e+00  3.014897e-02 
 3.061250e+00  3.014895e-02 
 3.061572e+00  3.014894e-02 
 3.061893e+00  3.014893e-02 
 3.062215e+00  3.014891e-02 
 3.062536e+00  3.014890e-02 
 3.062858e+00  3.014889e-02 
 3.063179e+00  3.014888e-02 
 3.063501e+00  3.014887e-02 
 3.063823e+00  3.014886e-02 
 3.064144e+00  3.014884e-02 
 3.064466e+00  3.014883e-02 
 3.064787e+00  3.014882e-02 
 3.065109e+00  3.014881e-02 
 3.065430e+00  3.014880e-02 
 3.065752e+00  3.014879e-02 
 3.066073e+00  3.014878e-02 
 3.066395e+00  3.014877e-02 
 3.066717e+00  3.014876e-02 
 3.067038e+00  3.014876e-02 
 3.067360e+00  3.014875e-02 
 3.067681e+00  3.014874e-02 
 3.068003e+00  3.014873e-02 
 3.068324e+00  3.014872e-02 
 3.068646e+00  3.014871e-02 
 3.068967e+00  3.014871e-02 
 3.069289e+00  3.014870e-02 
 3.069611e+00  3.014869e-02 
 3.069932e+00  3.014868e-02 
 3.070254e+00  3.014868e-02 
 3.070575e+00  3.014867e-02 
 3.070897e+00  3.014867e-02 
 3.071218e+00  3.014866e-02 
 3.071540e+00  3.014865e-02 
 3.071861e+00  3.014865e-02 
 3.072183e+00  3.014864e-02 
 3.072505e+00  3.014864e-02 
 3.072826e+00  3.014863e-02 
 3.073148e+00  3.014863e-02 
 3.073469e+00  3.014862e-02 
 3.073791e+00  3.014862e-02 
 3.074112e+00  3.014861e-02 
 3.074434e+00  3.014861e-02 
 3.074755e+00  3.014861e-02 
 3.075077e+00  3.014860e-02 
 3.075399e+00  3.014860e-02 
 3.075720e+00  3.014860e-02 
 3.076042e+00  3.014859e-02 
 3.076363e+00  3.014859e-02 
 3.076685e+00  3.014859e-02 
 3.077006e+00  3.014859e-02 
 3.077328e+00  3.014859e-02 
 3.077649e+00  3.014858e-02 
 3.077971e+00  3.014858e-02 
 3.078293e+00  3.014858e-02 
 3.078614e+00  3.014858e-02 
 3.078936e+00  3.014858e-02 
 3.079257e+00  3.014858e-02 
 3.079579e+00  3.014858e-02 
 3.079900e+00  3.014858e-02 
 3.080222e+00  3.014858e-02 
 3.080543e+00  3.014858e-02 
 3.080865e+00  3.014858e-02 
 3.081187e+00  3.014858e-02 
 3.081508e+00  3.014858e-02 
 3.081830e+00  3.014858e-02 
 3.082151e+00  3.014858e-02 
 3.082473e+00  3.014858e-02 
 3.082794e+00  3.014859e-02 
 3.083116e+00  3.014859e-02 
 3.083437e+00  3.014859e-02 
 3.083759e+00  3.014859e-02 
 3.084081e+00  3.014859e-02 
 3.084402e+00  3.014860e-02 
 3.084724e+00  3.014860e-02 
 3.085045e+00  3.014860e-02 
 3.085367e+00  3.014860e-02 
 3.085688e+00  3.014861e-02 
 3.086010e+00  3.014861e-02 
 3.086331e+00  3.014862e-02 
 3.086653e+00  3.014862e-02 
 3.086975e+00  3.014862e-02 
 3.087296e+00  3.014863e-02 
 3.087618e+00  3.014863e-02 
 3.087939e+00  3.014864e-02 
 3.088261e+00  3.014864e-02 
 3.088582e+00  3.014865e-02 
 3.088904e+00  3.014865e-02 
 3.089225e+00  3.014866e-02 
 3.089547e+00  3.014866e-02 
 3.089869e+00  3.014867e-02 
 3.090190e+00  3.014867e-02 
 3.090512e+00  3.014868e-02 
 3.090833e+00  3.014869e-02 
 3.091155e+00  3.014869e-02 
 3.091476e+00  3.014870e-02 
 3.091798e+00  3.014871e-02 
 3.092119e+00  3.014871e-02 
 3.092441e+00  3.014872e-02 
 3.092763e+00  3.014873e-02 
 3.093084e+00  3.014874e-02 
 3.093406e+00  3.014874e-02 
 3.093727e+00  3.014875e-02 
 3.094049e+00  3.014876e-02 
 3.094370e+00  3.014877e-02 
 3.094692e+00  3.014878e-02 
 3.095013e+00  3.014879e-02 
 3.095335e+00  3.014880e-02 
 3.095657e+00  3.014880e-02 
 3.095978e+00  3.014881e-02 
 3.096300e+00  3.014882e-02 
 3.096621e+00  3.014883e-02 
 3.096943e+00  3.014884e-02 
 3.097264e+00  3.014885e-02 
 3.097586e+00  3.014886e-02 
 3.097907e+00  3.014887e-02 
 3.098229e+00  3.014888e-02 
 3.098551e+00  3.014889e-02 
 3.098872e+00  3.014890e-02 
 3.099194e+00  3.014891e-02 
 3.099515e+00  3.014893e-02 
 3.099837e+00  3.014894e-02 
 3.100158e+00  3.014895e-02 
 3.100480e+00  3.014896e-02 
 3.100801e+00  3.014897e-02 
 3.101123e+00  3.014898e-02 
 3.101445e+00  3.014900e-02 
 3.101766e+00  3.014901e-02 
 3.102088e+00  3.014902e-02 
 3.102409e+00  3.014903e-02 
 3.102731e+00  3.014905e-02 
 3.103052e+00  3.014906e-02 
 3.103374e+00  3.014907e-02 
 3.103695e+00  3.014909e-02 
 3.104017e+00  3.014910e-02 
 3.104339e+00  3.014911e-02 
 3.104660e+00  3.014913e-02 
 3.104982e+00  3.014914e-02 
 3.105303e+00  3.014915e-02 
 3.105625e+00  3.014917e-02 
 3.105946e+00  3.014918e-02 
 3.106268e+00  3.014920e-02 
 3.106590e+00  3.014921e-02 
 3.106911e+00  3.014923e-02 
 3.107233e+00  3.014924e-02 
 3.107554e+00  3.014926e-02 
 3.107876e+00  3.014927e-02 
 3.108197e+00  3.014929e-02 
 3.108519e+00  3.014930e-02 
 3.108840e+00  3.014932e-02 
 3.109162e+00  3.014934e-02 
 3.109484e+00  3.014935e-02 
 3.109805e+00  3.014937e-02 
 3.110127e+00  3.014939e-02 
 3.110448e+00  3.014940e-02 
 3.110770e+00  3.014942e-02 
 3.111091e+00  3.014944e-02 
 3.111413e+00  3.014945e-02 
 3.111734e+00  3.014947e-02 
 3.112056e+00  3.014949e-02 
 3.112378e+00  3.014951e-02 
 3.112699e+00  3.014952e-02 
 3.113021e+00  3.014954e-02 
 3.113342e+00  3.014956e-02 
 3.113664e+00  3.014958e-02 
 3.113985e+00  3.014960e-02 
 3.114307e+00  3.014961e-02 
 3.114628e+00  3.014963e-02 
 3.114950e+00  3.014965e-02 
 3.115272e+00  3.014967e-02 
 3.115593e+00  3.014969e-02 
 3.115915e+00  3.014971e-02 
 3.116236e+00  3.014973e-02 
 3.116558e+00  3.014975e-02 
 3.116879e+00  3.014977e-02 
 3.117201e+00  3.014979e-02 
 3.117522e+00  3.014981e-02 
 3.117844e+00  3.014983e-02 
 3.118166e+00  3.014985e-02 
 3.118487e+00  3.014987e-02 
 3.118809e+00  3.014989e-02 
 3.119130e+00  3.014991e-02 
 3.119452e+00  3.014993e-02 
 3.119773e+00  3.014995e-02 
 3.120095e+00  3.014997e-02 
 3.120416e+00  3.014999e-02 
 3.120738e+00  3.015002e-02 
 3.121060e+00  3.015004e-02 
 3.121381e+00  3.015006e-02 
 3.121703e+00  3.015008e-02 
 3.122024e+00  3.015010e-02 
 3.122346e+00  3.015012e-02 
 3.122667e+00  3.015015e-02 
 3.122989e+00  3.015017e-02 
 3.123310e+00  3.015019e-02 
 3.123632e+00  3.015021e-02 
 3.123954e+00  3.015024e-02 
 3.124275e+00  3.015026e-02 
 3.124597e+00  3.015028e-02 
 3.124918e+00  3.015031e-02 
 3.125240e+00  3.015033e-02 
 3.125561e+00  3.015035e-02 
 3.125883e+00  3.015038e-02 
 3.126204e+00  3.015040e-02 
 3.126526e+00  3.015042e-02 
 3.126848e+00  3.015045e-02 
 3.127169e+00  3.015047e-02 
 3.127491e+00  3.015049e-02 
 3.127812e+00  3.015052e-02 
 3.128134e+00  3.015054e-02 
 3.128455e+00  3.015057e-02 
 3.128777e+00  3.015059e-02 
 3.129098e+00  3.015061e-02 
 3.129420e+00  3.015064e-02 
 3.129742e+00  3.015066e-02 
 3.130063e+00  3.015069e-02 
 3.130385e+00  3.015071e-02 
 3.130706e+00  3.015074e-02 
 3.131028e+00  3.015076e-02 
 3.131349e+00  3.015079e-02 
 3.131671e+00  3.015081e-02 
 3.131992e+00  3.015084e-02 
 3.132314e+00  3.015086e-02 
 3.132636e+00  3.015089e-02 
 3.132957e+00  3.015091e-02 
 3.133279e+00  3.015094e-02 
 3.133600e+00  3.015096e-02 
 3.133922e+00  3.015099e-02 
 3.134243e+00  3.015101e-02 
 3.134565e+00  3.015104e-02 
 3.134886e+00  3.015106e-02 
 3.135208e+00  3.015109e-02 
 3.135530e+00  3.015111e-02 
 3.135851e+00  3.015114e-02 
 3.136173e+00  3.015116e-02 
 3.136494e+00  3.015119e-02 
 3.136816e+00  3.015122e-02 
 3.137137e+00  3.015124e-02 
 3.137459e+00  3.015127e-02 
 3.137780e+00  3.015129e-02 
 3.138102e+00  3.015132e-02 
 3.138424e+00  3.015134e-02 
 3.138745e+00  3.015137e-02 
 3.139067e+00  3.015140e-02 
 3.139388e+00  3.015142e-02 
 3.139710e+00  3.015145e-02 
 3.140031e+00  3.015147e-02 
 3.140353e+00  3.015150e-02 
 3.140674e+00  3.015153e-02 
 3.140996e+00  3.015155e-02 
 3.141318e+00  3.015158e-02 
 3.141639e+00  3.015160e-02 
 3.141961e+00  3.015163e-02 
 3.142282e+00  3.015166e-02 
 3.142604e+00  3.015168e-02 
 3.142925e+00  3.015171e-02 
 3.143247e+00  3.015173e-02 
 3.143568e+00  3.015176e-02 
 3.143890e+00  3.015179e-02 
 3.144212e+00  3.015181e-02 
 3.144533e+00  3.015184e-02 
 3.144855e+00  3.015186e-02 
 3.145176e+00  3.015189e-02 
 3.145498e+00  3.015192e-02 
 3.145819e+00  3.015194e-02 
 3.146141e+00  3.015197e-02 
 3.146462e+00  3.015199e-02 
 3.146784e+00  3.015202e-02 
 3.147106e+00  3.015204e-02 
 3.147427e+00  3.015207e-02 
 3.147749e+00  3.015210e-02 
 3.148070e+00  3.015212e-02 
 3.148392e+00  3.015215e-02 
 3.148713e+00  3.015217e-02 
 3.149035e+00  3.015220e-02 
 3.149356e+00  3.015222e-02 
 3.149678e+00  3.015225e-02 
 3.150000e+00  3.015228e-02 
 3.150321e+00  3.015230e-02 
 3.150643e+00  3.015233e-02 
 3.150964e+00  3.015235e-02 
 3.151286e+00  3.015238e-02 
 3.151607e+00  3.015240e-02 
 3.151929e+00  3.015243e-02 
 3.152251e+00  3.015246e-02 
 3.152572e+00  3.015248e-02 
 3.152894e+00  3.015251e-02 
 3.153215e+00  3.015253e-02 
 3.153537e+00  3.015256e-02 
 3.153858e+00  3.015258e-02 
 3.154180e+00  3.015261e-02 
 3.154501e+00  3.015263e-02 
 3.154823e+00  3.015266e-02 
 3.155145e+00  3.015268e-02 
 3.155466e+00  3.015271e-02 
 3.155788e+00  3.015273e-02 
 3.156109e+00  3.015276e-02 
 3.156431e+00  3.015278e-02 
 3.156752e+00  3.015281e-02 
 3.157074e+00  3.015284e-02 
 3.157395e+00  3.015286e-02 
 3.157717e+00  3.015289e-02 
 3.158039e+00  3.015291e-02 
 3.158360e+00  3.015294e-02 
 3.158682e+00  3.015296e-02 
 3.159003e+00  3.015299e-02 
 3.159325e+00  3.015301e-02 
 3.159646e+00  3.015304e-02 
 3.159968e+00  3.015306e-02 
 3.160289e+00  3.015309e-02 
 3.160611e+00  3.015311e-02 
 3.160933e+00  3.015313e-02 
 3.161254e+00  3.015316e-02 
 3.161576e+00  3.015318e-02 
 3.161897e+00  3.015321e-02 
 3.162219e+00  3.015323e-02 
 3.162540e+00  3.015326e-02 
 3.162862e+00  3.015328e-02 
 3.163183e+00  3.015331e-02 
 3.163505e+00  3.015333e-02 
 3.163827e+00  3.015336e-02 
 3.164148e+00  3.015338e-02 
 3.164470e+00  3.015340e-02 
 3.164791e+00  3.015343e-02 
 3.165113e+00  3.015345e-02 
 3.165434e+00  3.015348e-02 
 3.165756e+00  3.015350e-02 
 3.166077e+00  3.015353e-02 
 3.166399e+00  3.015355e-02 
 3.166721e+00  3.015357e-02 
 3.167042e+00  3.015360e-02 
 3.167364e+00  3.015362e-02 
 3.167685e+00  3.015364e-02 
 3.168007e+00  3.015367e-02 
 3.168328e+00  3.015369e-02 
 3.168650e+00  3.015372e-02 
 3.168971e+00  3.015374e-02 
 3.169293e+00  3.015376e-02 
 3.169615e+00  3.015379e-02 
 3.169936e+00  3.015381e-02 
 3.170258e+00  3.015383e-02 
 3.170579e+00  3.015386e-02 
 3.170901e+00  3.015388e-02 
 3.171222e+00  3.015390e-02 
 3.171544e+00  3.015392e-02 
 3.171865e+00  3.015395e-02 
 3.172187e+00  3.015397e-02 
 3.172509e+00  3.015399e-02 
 3.172830e+00  3.015401e-02 
 3.173152e+00  3.015404e-02 
 3.173473e+00  3.015406e-02 
 3.173795e+00  3.015408e-02 
 3.174116e+00  3.015410e-02 
 3.174438e+00  3.015412e-02 
 3.174759e+00  3.015415e-02 
 3.175081e+00  3.015417e-02 
 3.175403e+00  3.015419e-02 
 3.175724e+00  3.015421e-02 
 3.176046e+00  3.015423e-02 
 3.176367e+00  3.015425e-02 
 3.176689e+00  3.015428e-02 
 3.177010e+00  3.015430e-02 
 3.177332e+00  3.015432e-02 
 3.177653e+00  3.015434e-02 
 3.177975e+00  3.015436e-02 
 3.178297e+00  3.015438e-02 
 3.178618e+00  3.015440e-02 
 3.178940e+00  3.015442e-02 
 3.179261e+00  3.015444e-02 
 3.179583e+00  3.015446e-02 
 3.179904e+00  3.015448e-02 
 3.180226e+00  3.015450e-02 
 3.180547e+00  3.015452e-02 
 3.180869e+00  3.015454e-02 
 3.181191e+00  3.015456e-02 
 3.181512e+00  3.015458e-02 
 3.181834e+00  3.015460e-02 
 3.182155e+00  3.015461e-02 
 3.182477e+00  3.015463e-02 
 3.182798e+00  3.015465e-02 
 3.183120e+00  3.015467e-02 
 3.183441e+00  3.015469e-02 
 3.183763e+00  3.015471e-02 
 3.184085e+00  3.015472e-02 
 3.184406e+00  3.015474e-02 
 3.184728e+00  3.015476e-02 
 3.185049e+00  3.015478e-02 
 3.185371e+00  3.015479e-02 
 3.185692e+00  3.015481e-02 
 3.186014e+00  3.015483e-02 
 3.186335e+00  3.015484e-02 
 3.186657e+00  3.015486e-02 
 3.186979e+00  3.015488e-02 
 3.187300e+00  3.015489e-02 
 3.187622e+00  3.015491e-02 
 3.187943e+00  3.015492e-02 
 3.188265e+00  3.015494e-02 
 3.188586e+00  3.015496e-02 
 3.188908e+00  3.015497e-02 
 3.189229e+00  3.015499e-02 
 3.189551e+00  3.015500e-02 
 3.189873e+00  3.015502e-02 
 3.190194e+00  3.015503e-02 
 3.190516e+00  3.015504e-02 
 3.190837e+00  3.015506e-02 
 3.191159e+00  3.015507e-02 
 3.191480e+00  3.015509e-02 
 3.191802e+00  3.015510e-02 
 3.192124e+00  3.015511e-02 
 3.192445e+00  3.015513e-02 
 3.192767e+00  3.015514e-02 
 3.193088e+00  3.015515e-02 
 3.193410e+00  3.015516e-02 
 3.193731e+00  3.015518e-02 
 3.194053e+00  3.015519e-02 
 3.194374e+00  3.015520e-02 
 3.194696e+00  3.015521e-02 
 3.195018e+00  3.015523e-02 
 3.195339e+00  3.015524e-02 
 3.195661e+00  3.015525e-02 
 3.195982e+00  3.015526e-02 
 3.196304e+00  3.015527e-02 
 3.196625e+00  3.015528e-02 
 3.196947e+00  3.015529e-02 
 3.197268e+00  3.015530e-02 
 3.197590e+00  3.015531e-02 
 3.197912e+00  3.015532e-02 
 3.198233e+00  3.015533e-02 
 3.198555e+00  3.015534e-02 
 3.198876e+00  3.015535e-02 
 3.199198e+00  3.015536e-02 
 3.199519e+00  3.015537e-02 
 3.199841e+00  3.015538e-02 
 3.200162e+00  3.015539e-02 
 3.200484e+00  3.015540e-02 
 3.200806e+00  3.015540e-02 
 3.201127e+00  3.015541e-02 
 3.201449e+00  3.015542e-02 
 3.201770e+00  3.015543e-02 
 3.202092e+00  3.015544e-02 
 3.202413e+00  3.015544e-02 
 3.202735e+00  3.015545e-02 
 3.203056e+00  3.015546e-02 
 3.203378e+00  3.015546e-02 
 3.203700e+00  3.015547e-02 
 3.204021e+00  3.015548e-02 
 3.204343e+00  3.015548e-02 
 3.204664e+00  3.015549e-02 
 3.204986e+00  3.015550e-02 
 3.205307e+00  3.015550e-02 
 3.205629e+00  3.015551e-02 
 3.205950e+00  3.015551e-02 
 3.206272e+00  3.015552e-02 
 3.206594e+00  3.015552e-02 
 3.206915e+00  3.015553e-02 
 3.207237e+00  3.015553e-02 
 3.207558e+00  3.015554e-02 
 3.207880e+00  3.015554e-02 
 3.208201e+00  3.015555e-02 
 3.208523e+00  3.015555e-02 
 3.208844e+00  3.015555e-02 
 3.209166e+00  3.015556e-02 
 3.209488e+00  3.015556e-02 
 3.209809e+00  3.015557e-02 
 3.210131e+00  3.015557e-02 
 3.210452e+00  3.015557e-02 
 3.210774e+00  3.015557e-02 
 3.211095e+00  3.015558e-02 
 3.211417e+00  3.015558e-02 
 3.211738e+00  3.015558e-02 
 3.212060e+00  3.015558e-02 
 3.212382e+00  3.015559e-02 
 3.212703e+00  3.015559e-02 
 3.213025e+00  3.015559e-02 
 3.213346e+00  3.015559e-02 
 3.213668e+00  3.015559e-02 
 3.213989e+00  3.015559e-02 
 3.214311e+00  3.015559e-02 
 3.214632e+00  3.015559e-02 
 3.214954e+00  3.015560e-02 
 3.215276e+00  3.015560e-02 
 3.215597e+00  3.015560e-02 
 3.215919e+00  3.015560e-02 
 3.216240e+00  3.015560e-02 
 3.216562e+00  3.015560e-02 
 3.216883e+00  3.015560e-02 
 3.217205e+00  3.015559e-02 
 3.217526e+00  3.015559e-02 
 3.217848e+00  3.015559e-02 
 3.218170e+00  3.015559e-02 
 3.218491e+00  3.015559e-02 
 3.218813e+00  3.015559e-02 
 3.219134e+00  3.015559e-02 
 3.219456e+00  3.015559e-02 
 3.219777e+00  3.015558e-02 
 3.220099e+00  3.015558e-02 
 3.220420e+00  3.015558e-02 
 3.220742e+00  3.015558e-02 
 3.221064e+00  3.015558e-02 
 3.221385e+00  3.015557e-02 
 3.221707e+00  3.015557e-02 
 3.222028e+00  3.015557e-02 
 3.222350e+00  3.015556e-02 
 3.222671e+00  3.015556e-02 
 3.222993e+00  3.015556e-02 
 3.223314e+00  3.015555e-02 
 3.223636e+00  3.015555e-02 
 3.223958e+00  3.015555e-02 
 3.224279e+00  3.015554e-02 
 3.224601e+00  3.015554e-02 
 3.224922e+00  3.015554e-02 
 3.225244e+00  3.015553e-02 
 3.225565e+00  3.015553e-02 
 3.225887e+00  3.015552e-02 
 3.226208e+00  3.015552e-02 
 3.226530e+00  3.015551e-02 
 3.226852e+00  3.015551e-02 
 3.227173e+00  3.015550e-02 
 3.227495e+00  3.015550e-02 
 3.227816e+00  3.015549e-02 
 3.228138e+00  3.015549e-02 
 3.228459e+00  3.015548e-02 
 3.228781e+00  3.015548e-02 
 3.229102e+00  3.015547e-02 
 3.229424e+00  3.015546e-02 
 3.229746e+00  3.015546e-02 
 3.230067e+00  3.015545e-02 
 3.230389e+00  3.015545e-02 
 3.230710e+00  3.015544e-02 
 3.231032e+00  3.015543e-02 
 3.231353e+00  3.015543e-02 
 3.231675e+00  3.015542e-02 
 3.231996e+00  3.015541e-02 
 3.232318e+00  3.015541e-02 
 3.232640e+00  3.015540e-02 
 3.232961e+00  3.015539e-02 
 3.233283e+00  3.015539e-02 
 3.233604e+00  3.015538e-02 
 3.233926e+00  3.015537e-02 
 3.234247e+00  3.015536e-02 
 3.234569e+00  3.015536e-02 
 3.234891e+00  3.015535e-02 
 3.235212e+00  3.015534e-02 
 3.235534e+00  3.015533e-02 
 3.235855e+00  3.015532e-02 
 3.236177e+00  3.015532e-02 
 3.236498e+00  3.015531e-02 
 3.236820e+00  3.015530e-02 
 3.237141e+00  3.015529e-02 
 3.237463e+00  3.015528e-02 
 3.237785e+00  3.015527e-02 
 3.238106e+00  3.015527e-02 
 3.238428e+00  3.015526e-02 
 3.238749e+00  3.015525e-02 
 3.239071e+00  3.015524e-02 
 3.239392e+00  3.015523e-02 
 3.239714e+00  3.015522e-02 
 3.240035e+00  3.015521e-02 
 3.240357e+00  3.015520e-02 
 3.240679e+00  3.015519e-02 
 3.241000e+00  3.015518e-02 
 3.241322e+00  3.015517e-02 
 3.241643e+00  3.015516e-02 
 3.241965e+00  3.015515e-02 
 3.242286e+00  3.015514e-02 
 3.242608e+00  3.015513e-02 
 3.242929e+00  3.015512e-02 
 3.243251e+00  3.015511e-02 
 3.243573e+00  3.015510e-02 
 3.243894e+00  3.015509e-02 
 3.244216e+00  3.015508e-02 
 3.244537e+00  3.015507e-02 
 3.244859e+00  3.015506e-02 
 3.245180e+00  3.015505e-02 
 3.245502e+00  3.015504e-02 
 3.245823e+00  3.015503e-02 
 3.246145e+00  3.015502e-02 
 3.246467e+00  3.015501e-02 
 3.246788e+00  3.015500e-02 
 3.247110e+00  3.015499e-02 
 3.247431e+00  3.015498e-02 
 3.247753e+00  3.015497e-02 
 3.248074e+00  3.015495e-02 
 3.248396e+00  3.015494e-02 
 3.248717e+00  3.015493e-02 
 3.249039e+00  3.015492e-02 
 3.249361e+00  3.015491e-02 
 3.249682e+00  3.015490e-02 
 3.250004e+00  3.015489e-02 
 3.250325e+00  3.015488e-02 
 3.250647e+00  3.015486e-02 
 3.250968e+00  3.015485e-02 
 3.251290e+00  3.015484e-02 
 3.251611e+00  3.015483e-02 
 3.251933e+00  3.015482e-02 
 3.252255e+00  3.015480e-02 
 3.252576e+00  3.015479e-02 
 3.252898e+00  3.015478e-02 
 3.253219e+00  3.015477e-02 
 3.253541e+00  3.015476e-02 
 3.253862e+00  3.015474e-02 
 3.254184e+00  3.015473e-02 
 3.254505e+00  3.015472e-02 
 3.254827e+00  3.015471e-02 
 3.255149e+00  3.015470e-02 
 3.255470e+00  3.015468e-02 
 3.255792e+00  3.015467e-02 
 3.256113e+00  3.015466e-02 
 3.256435e+00  3.015465e-02 
 3.256756e+00  3.015463e-02 
 3.257078e+00  3.015462e-02 
 3.257399e+00  3.015461e-02 
 3.257721e+00  3.015460e-02 
 3.258043e+00  3.015458e-02 
 3.258364e+00  3.015457e-02 
 3.258686e+00  3.015456e-02 
 3.259007e+00  3.015455e-02 
 3.259329e+00  3.015453e-02 
 3.259650e+00  3.015452e-02 
 3.259972e+00  3.015451e-02 
 3.260293e+00  3.015449e-02 
 3.260615e+00  3.015448e-02 
 3.260937e+00  3.015447e-02 
 3.261258e+00  3.015446e-02 
 3.261580e+00  3.015444e-02 
 3.261901e+00  3.015443e-02 
 3.262223e+00  3.015442e-02 
 3.262544e+00  3.015440e-02 
 3.262866e+00  3.015439e-02 
 3.263187e+00  3.015438e-02 
 3.263509e+00  3.015437e-02 
 3.263831e+00  3.015435e-02 
 3.264152e+00  3.015434e-02 
 3.264474e+00  3.015433e-02 
 3.264795e+00  3.015431e-02 
 3.265117e+00  3.015430e-02 
 3.265438e+00  3.015429e-02 
 3.265760e+00  3.015428e-02 
 3.266081e+00  3.015426e-02 
 3.266403e+00  3.015425e-02 
 3.266725e+00  3.015424e-02 
 3.267046e+00  3.015422e-02 
 3.267368e+00  3.015421e-02 
 3.267689e+00  3.015420e-02 
 3.268011e+00  3.015419e-02 
 3.268332e+00  3.015417e-02 
 3.268654e+00  3.015416e-02 
 3.268975e+00  3.015415e-02 
 3.269297e+00  3.015413e-02 
 3.269619e+00  3.015412e-02 
 3.269940e+00  3.015411e-02 
 3.270262e+00  3.015410e-02 
 3.270583e+00  3.015408e-02 
 3.270905e+00  3.015407e-02 
 3.271226e+00  3.015406e-02 
 3.271548e+00  3.015404e-02 
 3.271869e+00  3.015403e-02 
 3.272191e+00  3.015402e-02 
 3.272513e+00  3.015401e-02 
 3.272834e+00  3.015399e-02 
 3.273156e+00  3.015398e-02 
 3.273477e+00  3.015397e-02 
 3.273799e+00  3.015395e-02 
 3.274120e+00  3.015394e-02 
 3.274442e+00  3.015393e-02 
 3.274763e+00  3.015392e-02 
 3.275085e+00  3.015390e-02 
 3.275407e+00  3.015389e-02 
 3.275728e+00  3.015388e-02 
 3.276050e+00  3.015387e-02 
 3.276371e+00  3.015385e-02 
 3.276693e+00  3.015384e-02 
 3.277014e+00  3.015383e-02 
 3.277336e+00  3.015382e-02 
 3.277658e+00  3.015380e-02 
 3.277979e+00  3.015379e-02 
 3.278301e+00  3.015378e-02 
 3.278622e+00  3.015377e-02 
 3.278944e+00  3.015375e-02 
 3.279265e+00  3.015374e-02 
 3.279587e+00  3.015373e-02 
 3.279908e+00  3.015372e-02 
 3.280230e+00  3.015370e-02 
 3.280552e+00  3.015369e-02 
 3.280873e+00  3.015368e-02 
 3.281195e+00  3.015367e-02 
 3.281516e+00  3.015366e-02 
 3.281838e+00  3.015364e-02 
 3.282159e+00  3.015363e-02 
 3.282481e+00  3.015362e-02 
 3.282802e+00  3.015361e-02 
 3.283124e+00  3.015360e-02 
 3.283446e+00  3.015358e-02 
 3.283767e+00  3.015357e-02 
 3.284089e+00  3.015356e-02 
 3.284410e+00  3.015355e-02 
 3.284732e+00  3.015354e-02 
 3.285053e+00  3.015353e-02 
 3.285375e+00  3.015352e-02 
 3.285696e+00  3.015350e-02 
 3.286018e+00  3.015349e-02 
 3.286340e+00  3.015348e-02 
 3.286661e+00  3.015347e-02 
 3.286983e+00  3.015346e-02 
 3.287304e+00  3.015345e-02 
 3.287626e+00  3.015344e-02 
 3.287947e+00  3.015342e-02 
 3.288269e+00  3.015341e-02 
 3.288590e+00  3.015340e-02 
 3.288912e+00  3.015339e-02 
 3.289234e+00  3.015338e-02 
 3.289555e+00  3.015337e-02 
 3.289877e+00  3.015336e-02 
 3.290198e+00  3.015335e-02 
 3.290520e+00  3.015334e-02 
 3.290841e+00  3.015333e-02 
 3.291163e+00  3.015332e-02 
 3.291484e+00  3.015331e-02 
 3.291806e+00  3.015329e-02 
 3.292128e+00  3.015328e-02 
 3.292449e+00  3.015327e-02 
 3.292771e+00  3.015326e-02 
 3.293092e+00  3.015325e-02 
 3.293414e+00  3.015324e-02 
 3.293735e+00  3.015323e-02 
 3.294057e+00  3.015322e-02 
 3.294378e+00  3.015321e-02 
 3.294700e+00  3.015320e-02 
 3.295022e+00  3.015319e-02 
 3.295343e+00  3.015318e-02 
 3.295665e+00  3.015317e-02 
 3.295986e+00  3.015316e-02 
 3.296308e+00  3.015315e-02 
 3.296629e+00  3.015314e-02 
 3.296951e+00  3.015313e-02 
 3.297272e+00  3.015312e-02 
 3.297594e+00  3.015311e-02 
 3.297916e+00  3.015311e-02 
 3.298237e+00  3.015310e-02 
 3.298559e+00  3.015309e-02 
 3.298880e+00  3.015308e-02 
 3.299202e+00  3.015307e-02 
 3.299523e+00  3.015306e-02 
 3.299845e+00  3.015305e-02 
 3.300166e+00  3.015304e-02 
 3.300488e+00  3.015303e-02 
 3.300810e+00  3.015302e-02 
 3.301131e+00  3.015302e-02 
 3.301453e+00  3.015301e-02 
 3.301774e+00  3.015300e-02 
 3.302096e+00  3.015299e-02 
 3.302417e+00  3.015298e-02 
 3.302739e+00  3.015297e-02 
 3.303060e+00  3.015297e-02 
 3.303382e+00  3.015296e-02 
 3.303704e+00  3.015295e-02 
 3.304025e+00  3.015294e-02 
 3.304347e+00  3.015293e-02 
 3.304668e+00  3.015293e-02 
 3.304990e+00  3.015292e-02 
 3.305311e+00  3.015291e-02 
 3.305633e+00  3.015290e-02 
 3.305954e+00  3.015290e-02 
 3.306276e+00  3.015289e-02 
 3.306598e+00  3.015288e-02 
 3.306919e+00  3.015287e-02 
 3.307241e+00  3.015287e-02 
 3.307562e+00  3.015286e-02 
 3.307884e+00  3.015285e-02 
 3.308205e+00  3.015285e-02 
 3.308527e+00  3.015284e-02 
 3.308848e+00  3.015284e-02 
 3.309170e+00  3.015283e-02 
 3.309492e+00  3.015282e-02 
 3.309813e+00  3.015282e-02 
 3.310135e+00  3.015281e-02 
 3.310456e+00  3.015280e-02 
 3.310778e+00  3.015280e-02 
 3.311099e+00  3.015279e-02 
 3.311421e+00  3.015279e-02 
 3.311742e+00  3.015278e-02 
 3.312064e+00  3.015278e-02 
 3.312386e+00  3.015277e-02 
 3.312707e+00  3.015277e-02 
 3.313029e+00  3.015276e-02 
 3.313350e+00  3.015276e-02 
 3.313672e+00  3.015275e-02 
 3.313993e+00  3.015275e-02 
 3.314315e+00  3.015274e-02 
 3.314636e+00  3.015274e-02 
 3.314958e+00  3.015273e-02 
 3.315280e+00  3.015273e-02 
 3.315601e+00  3.015273e-02 
 3.315923e+00  3.015272e-02 
 3.316244e+00  3.015272e-02 
 3.316566e+00  3.015271e-02 
 3.316887e+00  3.015271e-02 
 3.317209e+00  3.015271e-02 
 3.317531e+00  3.015270e-02 
 3.317852e+00  3.015270e-02 
 3.318174e+00  3.015270e-02 
 3.318495e+00  3.015269e-02 
 3.318817e+00  3.015269e-02 
 3.319138e+00  3.015269e-02 
 3.319460e+00  3.015269e-02 
 3.319781e+00  3.015268e-02 
 3.320103e+00  3.015268e-02 
 3.320425e+00  3.015268e-02 
 3.320746e+00  3.015268e-02 
 3.321068e+00  3.015267e-02 
 3.321389e+00  3.015267e-02 
 3.321711e+00  3.015267e-02 
 3.322032e+00  3.015267e-02 
 3.322354e+00  3.015267e-02 
 3.322675e+00  3.015266e-02 
 3.322997e+00  3.015266e-02 
 3.323319e+00  3.015266e-02 
 3.323640e+00  3.015266e-02 
 3.323962e+00  3.015266e-02 
 3.324283e+00  3.015266e-02 
 3.324605e+00  3.015266e-02 
 3.324926e+00  3.015265e-02 
 3.325248e+00  3.015265e-02 
 3.325569e+00  3.015265e-02 
 3.325891e+00  3.015265e-02 
 3.326213e+00  3.015265e-02 
 3.326534e+00  3.015265e-02 
 3.326856e+00  3.015265e-02 
 3.327177e+00  3.015265e-02 
 3.327499e+00  3.015265e-02 
 3.327820e+00  3.015265e-02 
 3.328142e+00  3.015265e-02 
 3.328463e+00  3.015265e-02 
 3.328785e+00  3.015265e-02 
 3.329107e+00  3.015265e-02 
 3.329428e+00  3.015265e-02 
 3.329750e+00  3.015266e-02 
 3.330071e+00  3.015266e-02 
 3.330393e+00  3.015266e-02 
 3.330714e+00  3.015266e-02 
 3.331036e+00  3.015266e-02 
 3.331357e+00  3.015266e-02 
 3.331679e+00  3.015266e-02 
 3.332001e+00  3.015266e-02 
 3.332322e+00  3.015267e-02 
 3.332644e+00  3.015267e-02 
 3.332965e+00  3.015267e-02 
 3.333287e+00  3.015267e-02 
 3.333608e+00  3.015267e-02 
 3.333930e+00  3.015268e-02 
 3.334251e+00  3.015268e-02 
 3.334573e+00  3.015268e-02 
 3.334895e+00  3.015269e-02 
 3.335216e+00  3.015269e-02 
 3.335538e+00  3.015269e-02 
 3.335859e+00  3.015269e-02 
 3.336181e+00  3.015270e-02 
 3.336502e+00  3.015270e-02 
 3.336824e+00  3.015270e-02 
 3.337145e+00  3.015271e-02 
 3.337467e+00  3.015271e-02 
 3.337789e+00  3.015272e-02 
 3.338110e+00  3.015272e-02 
 3.338432e+00  3.015272e-02 
 3.338753e+00  3.015273e-02 
 3.339075e+00  3.015273e-02 
 3.339396e+00  3.015274e-02 
 3.339718e+00  3.015274e-02 
 3.340039e+00  3.015275e-02 
 3.340361e+00  3.015275e-02 
 3.340683e+00  3.015276e-02 
 3.341004e+00  3.015276e-02 
 3.341326e+00  3.015277e-02 
 3.341647e+00  3.015277e-02 
 3.341969e+00  3.015278e-02 
 3.342290e+00  3.015278e-02 
 3.342612e+00  3.015279e-02 
 3.342933e+00  3.015279e-02 
 3.343255e+00  3.015280e-02 
 3.343577e+00  3.015280e-02 
 3.343898e+00  3.015281e-02 
 3.344220e+00  3.015282e-02 
 3.344541e+00  3.015282e-02 
 3.344863e+00  3.015283e-02 
 3.345184e+00  3.015284e-02 
 3.345506e+00  3.015284e-02 
 3.345827e+00  3.015285e-02 
 3.346149e+00  3.015286e-02 
 3.346471e+00  3.015286e-02 
 3.346792e+00  3.015287e-02 
 3.347114e+00  3.015288e-02 
 3.347435e+00  3.015288e-02 
 3.347757e+00  3.015289e-02 
 3.348078e+00  3.015290e-02 
 3.348400e+00  3.015291e-02 
 3.348721e+00  3.015291e-02 
 3.349043e+00  3.015292e-02 
 3.349365e+00  3.015293e-02 
 3.349686e+00  3.015294e-02 
 3.350008e+00  3.015295e-02 
 3.350329e+00  3.015295e-02 
 3.350651e+00  3.015296e-02 
 3.350972e+00  3.015297e-02 
 3.351294e+00  3.015298e-02 
 3.351615e+00  3.015299e-02 
 3.351937e+00  3.015300e-02 
 3.352259e+00  3.015300e-02 
 3.352580e+00  3.015301e-02 
 3.352902e+00  3.015302e-02 
 3.353223e+00  3.015303e-02 
 3.353545e+00  3.015304e-02 
 3.353866e+00  3.015305e-02 
 3.354188e+00  3.015306e-02 
 3.354509e+00  3.015307e-02 
 3.354831e+00  3.015308e-02 
 3.355153e+00  3.015309e-02 
 3.355474e+00  3.015310e-02 
 3.355796e+00  3.015311e-02 
 3.356117e+00  3.015312e-02 
 3.356439e+00  3.015313e-02 
 3.356760e+00  3.015314e-02 
 3.357082e+00  3.015315e-02 
 3.357403e+00  3.015316e-02 
 3.357725e+00  3.015317e-02 
 3.358047e+00  3.015318e-02 
 3.358368e+00  3.015319e-02 
 3.358690e+00  3.015320e-02 
 3.359011e+00  3.015321e-02 
 3.359333e+00  3.015322e-02 
 3.359654e+00  3.015324e-02 
 3.359976e+00  3.015325e-02 
 3.360298e+00  3.015326e-02 
 3.360619e+00  3.015327e-02 
 3.360941e+00  3.015328e-02 
 3.361262e+00  3.015329e-02 
 3.361584e+00  3.015330e-02 
 3.361905e+00  3.015332e-02 
 3.362227e+00  3.015333e-02 
 3.362548e+00  3.015334e-02 
 3.362870e+00  3.015335e-02 
 3.363192e+00  3.015336e-02 
 3.363513e+00  3.015337e-02 
 3.363835e+00  3.015339e-02 
 3.364156e+00  3.015340e-02 
 3.364478e+00  3.015341e-02 
 3.364799e+00  3.015342e-02 
 3.365121e+00  3.015344e-02 
 3.365442e+00  3.015345e-02 
 3.365764e+00  3.015346e-02 
 3.366086e+00  3.015347e-02 
 3.366407e+00  3.015349e-02 
 3.366729e+00  3.015350e-02 
 3.367050e+00  3.015351e-02 
 3.367372e+00  3.015352e-02 
 3.367693e+00  3.015354e-02 
 3.368015e+00  3.015355e-02 
 3.368336e+00  3.015356e-02 
 3.368658e+00  3.015358e-02 
 3.368980e+00  3.015359e-02 
 3.369301e+00  3.015360e-02 
 3.369623e+00  3.015362e-02 
 3.369944e+00  3.015363e-02 
 3.370266e+00  3.015364e-02 
 3.370587e+00  3.015366e-02 
 3.370909e+00  3.015367e-02 
 3.371230e+00  3.015368e-02 
 3.371552e+00  3.015370e-02 
 3.371874e+00  3.015371e-02 
 3.372195e+00  3.015372e-02 
 3.372517e+00  3.015374e-02 
 3.372838e+00  3.015375e-02 
 3.373160e+00  3.015376e-02 
 3.373481e+00  3.015378e-02 
 3.373803e+00  3.015379e-02 
 3.374124e+00  3.015380e-02 
 3.374446e+00  3.015382e-02 
 3.374768e+00  3.015383e-02 
 3.375089e+00  3.015384e-02 
 3.375411e+00  3.015386e-02 
 3.375732e+00  3.015387e-02 
 3.376054e+00  3.015389e-02 
 3.376375e+00  3.015390e-02 
 3.376697e+00  3.015391e-02 
 3.377018e+00  3.015393e-02 
 3.377340e+00  3.015394e-02 
 3.377662e+00  3.015395e-02 
 3.377983e+00  3.015397e-02 
 3.378305e+00  3.015398e-02 
 3.378626e+00  3.015399e-02 
 3.378948e+00  3.015401e-02 
 3.379269e+00  3.015402e-02 
 3.379591e+00  3.015404e-02 
 3.379912e+00  3.015405e-02 
 3.380234e+00  3.015406e-02 
 3.380556e+00  3.015408e-02 
 3.380877e+00  3.015409e-02 
 3.381199e+00  3.015410e-02 
 3.381520e+00  3.015412e-02 
 3.381842e+00  3.015413e-02 
 3.382163e+00  3.015415e-02 
 3.382485e+00  3.015416e-02 
 3.382806e+00  3.015417e-02 
 3.383128e+00  3.015419e-02 
 3.383450e+00  3.015420e-02 
 3.383771e+00  3.015421e-02 
 3.384093e+00  3.015423e-02 
 3.384414e+00  3.015424e-02 
 3.384736e+00  3.015425e-02 
 3.385057e+00  3.015427e-02 
 3.385379e+00  3.015428e-02 
 3.385700e+00  3.015430e-02 
 3.386022e+00  3.015431e-02 
 3.386344e+00  3.015432e-02 
 3.386665e+00  3.015434e-02 
 3.386987e+00  3.015435e-02 
 3.387308e+00  3.015436e-02 
 3.387630e+00  3.015438e-02 
 3.387951e+00  3.015439e-02 
 3.388273e+00  3.015440e-02 
 3.388594e+00  3.015442e-02 
 3.388916e+00  3.015443e-02 
 3.389238e+00  3.015444e-02 
 3.389559e+00  3.015446e-02 
 3.389881e+00  3.015447e-02 
 3.390202e+00  3.015448e-02 
 3.390524e+00  3.015450e-02 
 3.390845e+00  3.015451e-02 
 3.391167e+00  3.015452e-02 
 3.391488e+00  3.015453e-02 
 3.391810e+00  3.015455e-02 
 3.392132e+00  3.015456e-02 
 3.392453e+00  3.015457e-02 
 3.392775e+00  3.015459e-02 
 3.393096e+00  3.015460e-02 
 3.393418e+00  3.015461e-02 
 3.393739e+00  3.015462e-02 
 3.394061e+00  3.015464e-02 
 3.394382e+00  3.015465e-02 
 3.394704e+00  3.015466e-02 
 3.395026e+00  3.015467e-02 
 3.395347e+00  3.015469e-02 
 3.395669e+00  3.015470e-02 
 3.395990e+00  3.015471e-02 
 3.396312e+00  3.015472e-02 
 3.396633e+00  3.015474e-02 
 3.396955e+00  3.015475e-02 
 3.397276e+00  3.015476e-02 
 3.397598e+00  3.015477e-02 
 3.397920e+00  3.015478e-02 
 3.398241e+00  3.015480e-02 
 3.398563e+00  3.015481e-02 
 3.398884e+00  3.015482e-02 
 3.399206e+00  3.015483e-02 
 3.399527e+00  3.015484e-02 
 3.399849e+00  3.015485e-02 
 3.400170e+00  3.015487e-02 
 3.400492e+00  3.015488e-02 
 3.400814e+00  3.015489e-02 
 3.401135e+00  3.015490e-02 
 3.401457e+00  3.015491e-02 
 3.401778e+00  3.015492e-02 
 3.402100e+00  3.015493e-02 
 3.402421e+00  3.015494e-02 
 3.402743e+00  3.015496e-02 
 3.403065e+00  3.015497e-02 
 3.403386e+00  3.015498e-02 
 3.403708e+00  3.015499e-02 
 3.404029e+00  3.015500e-02 
 3.404351e+00  3.015501e-02 
 3.404672e+00  3.015502e-02 
 3.404994e+00  3.015503e-02 
 3.405315e+00  3.015504e-02 
 3.405637e+00  3.015505e-02 
 3.405959e+00  3.015506e-02 
 3.406280e+00  3.015507e-02 
 3.406602e+00  3.015508e-02 
 3.406923e+00  3.015509e-02 
 3.407245e+00  3.015510e-02 
 3.407566e+00  3.015511e-02 
 3.407888e+00  3.015512e-02 
 3.408209e+00  3.015513e-02 
 3.408531e+00  3.015514e-02 
 3.408853e+00  3.015515e-02 
 3.409174e+00  3.015516e-02 
 3.409496e+00  3.015517e-02 
 3.409817e+00  3.015518e-02 
 3.410139e+00  3.015519e-02 
 3.410460e+00  3.015520e-02 
 3.410782e+00  3.015521e-02 
 3.411103e+00  3.015522e-02 
 3.411425e+00  3.015523e-02 
 3.411747e+00  3.015524e-02 
 3.412068e+00  3.015525e-02 
 3.412390e+00  3.015526e-02 
 3.412711e+00  3.015526e-02 
 3.413033e+00  3.015527e-02 
 3.413354e+00  3.015528e-02 
 3.413676e+00  3.015529e-02 
 3.413997e+00  3.015530e-02 
 3.414319e+00  3.015531e-02 
 3.414641e+00  3.015532e-02 
 3.414962e+00  3.015533e-02 
 3.415284e+00  3.015533e-02 
 3.415605e+00  3.015534e-02 
 3.415927e+00  3.015535e-02 
 3.416248e+00  3.015536e-02 
 3.416570e+00  3.015537e-02 
 3.416891e+00  3.015537e-02 
 3.417213e+00  3.015538e-02 
 3.417535e+00  3.015539e-02 
 3.417856e+00  3.015540e-02 
 3.418178e+00  3.015541e-02 
 3.418499e+00  3.015541e-02 
 3.418821e+00  3.015542e-02 
 3.419142e+00  3.015543e-02 
 3.419464e+00  3.015544e-02 
 3.419785e+00  3.015544e-02 
 3.420107e+00  3.015545e-02 
 3.420429e+00  3.015546e-02 
 3.420750e+00  3.015546e-02 
 3.421072e+00  3.015547e-02 
 3.421393e+00  3.015548e-02 
 3.421715e+00  3.015549e-02 
 3.422036e+00  3.015549e-02 
 3.422358e+00  3.015550e-02 
 3.422679e+00  3.015551e-02 
 3.423001e+00  3.015551e-02 
 3.423323e+00  3.015552e-02 
 3.423644e+00  3.015552e-02 
 3.423966e+00  3.015553e-02 
 3.424287e+00  3.015554e-02 
 3.424609e+00  3.015554e-02 
 3.424930e+00  3.015555e-02 
 3.425252e+00  3.015555e-02 
 3.425573e+00  3.015556e-02 
 3.425895e+00  3.015557e-02 
 3.426217e+00  3.015557e-02 
 3.426538e+00  3.015558e-02 
 3.426860e+00  3.015558e-02 
 3.427181e+00  3.015559e-02 
 3.427503e+00  3.015559e-02 
 3.427824e+00  3.015560e-02 
 3.428146e+00  3.015560e-02 
 3.428467e+00  3.015561e-02 
 3.428789e+00  3.015561e-02 
 3.429111e+00  3.015562e-02 
 3.429432e+00  3.015562e-02 
 3.429754e+00  3.015563e-02 
 3.430075e+00  3.015563e-02 
 3.430397e+00  3.015563e-02 
 3.430718e+00  3.015564e-02 
 3.431040e+00  3.015564e-02 
 3.431361e+00  3.015565e-02 
 3.431683e+00  3.015565e-02 
 3.432005e+00  3.015565e-02 
 3.432326e+00  3.015566e-02 
 3.432648e+00  3.015566e-02 
 3.432969e+00  3.015566e-02 
 3.433291e+00  3.015567e-02 
 3.433612e+00  3.015567e-02 
 3.433934e+00  3.015567e-02 
 3.434255e+00  3.015568e-02 
 3.434577e+00  3.015568e-02 
 3.434899e+00  3.015568e-02 
 3.435220e+00  3.015569e-02 
 3.435542e+00  3.015569e-02 
 3.435863e+00  3.015569e-02 
 3.436185e+00  3.015569e-02 
 3.436506e+00  3.015569e-02 
 3.436828e+00  3.015570e-02 
 3.437149e+00  3.015570e-02 
 3.437471e+00  3.015570e-02 
 3.437793e+00  3.015570e-02 
 3.438114e+00  3.015570e-02 
 3.438436e+00  3.015570e-02 
 3.438757e+00  3.015571e-02 
 3.439079e+00  3.015571e-02 
 3.439400e+00  3.015571e-02 
 3.439722e+00  3.015571e-02 
 3.440043e+00  3.015571e-02 
 3.440365e+00  3.015571e-02 
 3.440687e+00  3.015571e-02 
 3.441008e+00  3.015571e-02 
 3.441330e+00  3.015571e-02 
 3.441651e+00  3.015571e-02 
 3.441973e+00  3.015571e-02 
 3.442294e+00  3.015571e-02 
 3.442616e+00  3.015571e-02 
 3.442937e+00  3.015571e-02 
 3.443259e+00  3.015571e-02 
 3.443581e+00  3.015571e-02 
 3.443902e+00  3.015571e-02 
 3.444224e+00  3.015570e-02 
 3.444545e+00  3.015570e-02 
 3.444867e+00  3.015570e-02 
 3.445188e+00  3.015570e-02 
 3.445510e+00  3.015570e-02 
 3.445832e+00  3.015570e-02 
 3.446153e+00  3.015569e-02 
 3.446475e+00  3.015569e-02 
 3.446796e+00  3.015569e-02 
 3.447118e+00  3.015569e-02 
 3.447439e+00  3.015568e-02 
 3.447761e+00  3.015568e-02 
 3.448082e+00  3.015568e-02 
 3.448404e+00  3.015568e-02 
 3.448726e+00  3.015567e-02 
 3.449047e+00  3.015567e-02 
 3.449369e+00  3.015567e-02 
 3.449690e+00  3.015566e-02 
 3.450012e+00  3.015566e-02 
 3.450333e+00  3.015565e-02 
 3.450655e+00  3.015565e-02 
 3.450976e+00  3.015565e-02 
 3.451298e+00  3.015564e-02 
 3.451620e+00  3.015564e-02 
 3.451941e+00  3.015563e-02 
 3.452263e+00  3.015563e-02 
 3.452584e+00  3.015562e-02 
 3.452906e+00  3.015562e-02 
 3.453227e+00  3.015561e-02 
 3.453549e+00  3.015561e-02 
 3.453870e+00  3.015560e-02 
 3.454192e+00  3.015559e-02 
 3.454514e+00  3.015559e-02 
 3.454835e+00  3.015558e-02 
 3.455157e+00  3.015558e-02 
 3.455478e+00  3.015557e-02 
 3.455800e+00  3.015556e-02 
 3.456121e+00  3.015556e-02 
 3.456443e+00  3.015555e-02 
 3.456764e+00  3.015554e-02 
 3.457086e+00  3.015553e-02 
 3.457408e+00  3.015553e-02 
 3.457729e+00  3.015552e-02 
 3.458051e+00  3.015551e-02 
 3.458372e+00  3.015550e-02 
 3.458694e+00  3.015549e-02 
 3.459015e+00  3.015549e-02 
 3.459337e+00  3.015548e-02 
 3.459658e+00  3.015547e-02 
 3.459980e+00  3.015546e-02 
 3.460302e+00  3.015545e-02 
 3.460623e+00  3.015544e-02 
 3.460945e+00  3.015543e-02 
 3.461266e+00  3.015542e-02 
 3.461588e+00  3.015541e-02 
 3.461909e+00  3.015541e-02 
 3.462231e+00  3.015540e-02 
 3.462552e+00  3.015539e-02 
 3.462874e+00  3.015538e-02 
 3.463196e+00  3.015537e-02 
 3.463517e+00  3.015535e-02 
 3.463839e+00  3.015534e-02 
 3.464160e+00  3.015533e-02 
 3.464482e+00  3.015532e-02 
 3.464803e+00  3.015531e-02 
 3.465125e+00  3.015530e-02 
 3.465446e+00  3.015529e-02 
 3.465768e+00  3.015528e-02 
 3.466090e+00  3.015527e-02 
 3.466411e+00  3.015526e-02 
 3.466733e+00  3.015524e-02 
 3.467054e+00  3.015523e-02 
 3.467376e+00  3.015522e-02 
 3.467697e+00  3.015521e-02 
 3.468019e+00  3.015520e-02 
 3.468340e+00  3.015518e-02 
 3.468662e+00  3.015517e-02 
 3.468984e+00  3.015516e-02 
 3.469305e+00  3.015514e-02 
 3.469627e+00  3.015513e-02 
 3.469948e+00  3.015512e-02 
 3.470270e+00  3.015511e-02 
 3.470591e+00  3.015509e-02 
 3.470913e+00  3.015508e-02 
 3.471234e+00  3.015507e-02 
 3.471556e+00  3.015505e-02 
 3.471878e+00  3.015504e-02 
 3.472199e+00  3.015502e-02 
 3.472521e+00  3.015501e-02 
 3.472842e+00  3.015500e-02 
 3.473164e+00  3.015498e-02 
 3.473485e+00  3.015497e-02 
 3.473807e+00  3.015495e-02 
 3.474128e+00  3.015494e-02 
 3.474450e+00  3.015492e-02 
 3.474772e+00  3.015491e-02 
 3.475093e+00  3.015489e-02 
 3.475415e+00  3.015488e-02 
 3.475736e+00  3.015486e-02 
 3.476058e+00  3.015485e-02 
 3.476379e+00  3.015483e-02 
 3.476701e+00  3.015482e-02 
 3.477022e+00  3.015480e-02 
 3.477344e+00  3.015479e-02 
 3.477666e+00  3.015477e-02 
 3.477987e+00  3.015476e-02 
 3.478309e+00  3.015474e-02 
 3.478630e+00  3.015472e-02 
 3.478952e+00  3.015471e-02 
 3.479273e+00  3.015469e-02 
 3.479595e+00  3.015468e-02 
 3.479916e+00  3.015466e-02 
 3.480238e+00  3.015464e-02 
 3.480560e+00  3.015463e-02 
 3.480881e+00  3.015461e-02 
 3.481203e+00  3.015459e-02 
 3.481524e+00  3.015458e-02 
 3.481846e+00  3.015456e-02 
 3.482167e+00  3.015454e-02 
 3.482489e+00  3.015453e-02 
 3.482810e+00  3.015451e-02 
 3.483132e+00  3.015449e-02 
 3.483454e+00  3.015447e-02 
 3.483775e+00  3.015446e-02 
 3.484097e+00  3.015444e-02 
 3.484418e+00  3.015442e-02 
 3.484740e+00  3.015440e-02 
 3.485061e+00  3.015439e-02 
 3.485383e+00  3.015437e-02 
 3.485705e+00  3.015435e-02 
 3.486026e+00  3.015433e-02 
 3.486348e+00  3.015432e-02 
 3.486669e+00  3.015430e-02 
 3.486991e+00  3.015428e-02 
 3.487312e+00  3.015426e-02 
 3.487634e+00  3.015424e-02 
 3.487955e+00  3.015422e-02 
 3.488277e+00  3.015421e-02 
 3.488599e+00  3.015419e-02 
 3.488920e+00  3.015417e-02 
 3.489242e+00  3.015415e-02 
 3.489563e+00  3.015413e-02 
 3.489885e+00  3.015411e-02 
 3.490206e+00  3.015409e-02 
 3.490528e+00  3.015408e-02 
 3.490849e+00  3.015406e-02 
 3.491171e+00  3.015404e-02 
 3.491493e+00  3.015402e-02 
 3.491814e+00  3.015400e-02 
 3.492136e+00  3.015398e-02 
 3.492457e+00  3.015396e-02 
 3.492779e+00  3.015394e-02 
 3.493100e+00  3.015392e-02 
 3.493422e+00  3.015390e-02 
 3.493743e+00  3.015388e-02 
 3.494065e+00  3.015387e-02 
 3.494387e+00  3.015385e-02 
 3.494708e+00  3.015383e-02 
 3.495030e+00  3.015381e-02 
 3.495351e+00  3.015379e-02 
 3.495673e+00  3.015377e-02 
 3.495994e+00  3.015375e-02 
 3.496316e+00  3.015373e-02 
 3.496637e+00  3.015371e-02 
 3.496959e+00  3.015369e-02 
 3.497281e+00  3.015367e-02 
 3.497602e+00  3.015365e-02 
 3.497924e+00  3.015363e-02 
 3.498245e+00  3.015361e-02 
 3.498567e+00  3.015359e-02 
 3.498888e+00  3.015357e-02 
 3.499210e+00  3.015355e-02 
 3.499531e+00  3.015353e-02 
 3.499853e+00  3.015351e-02 
 3.500175e+00  3.015349e-02 
 3.500496e+00  3.015347e-02 
 3.500818e+00  3.015345e-02 
 3.501139e+00  3.015343e-02 
 3.501461e+00  3.015341e-02 
 3.501782e+00  3.015339e-02 
 3.502104e+00  3.015337e-02 
 3.502425e+00  3.015335e-02 
 3.502747e+00  3.015333e-02 
 3.503069e+00  3.015331e-02 
 3.503390e+00  3.015329e-02 
 3.503712e+00  3.015327e-02 
 3.504033e+00  3.015325e-02 
 3.504355e+00  3.015323e-02 
 3.504676e+00  3.015321e-02 
 3.504998e+00  3.015319e-02 
 3.505319e+00  3.015317e-02 
 3.505641e+00  3.015314e-02 
 3.505963e+00  3.015312e-02 
 3.506284e+00  3.015310e-02 
 3.506606e+00  3.015308e-02 
 3.506927e+00  3.015306e-02 
 3.507249e+00  3.015304e-02 
 3.507570e+00  3.015302e-02 
 3.507892e+00  3.015300e-02 
 3.508213e+00  3.015298e-02 
 3.508535e+00  3.015296e-02 
 3.508857e+00  3.015294e-02 
 3.509178e+00  3.015292e-02 
 3.509500e+00  3.015290e-02 
 3.509821e+00  3.015288e-02 
 3.510143e+00  3.015286e-02 
 3.510464e+00  3.015284e-02 
 3.510786e+00  3.015282e-02 
 3.511107e+00  3.015280e-02 
 3.511429e+00  3.015278e-02 
 3.511751e+00  3.015276e-02 
 3.512072e+00  3.015274e-02 
 3.512394e+00  3.015272e-02 
 3.512715e+00  3.015270e-02 
 3.513037e+00  3.015268e-02 
 3.513358e+00  3.015266e-02 
 3.513680e+00  3.015264e-02 
 3.514001e+00  3.015262e-02 
 3.514323e+00  3.015260e-02 
 3.514645e+00  3.015258e-02 
 3.514966e+00  3.015256e-02 
 3.515288e+00  3.015255e-02 
 3.515609e+00  3.015253e-02 
 3.515931e+00  3.015251e-02 
 3.516252e+00  3.015249e-02 
 3.516574e+00  3.015247e-02 
 3.516895e+00  3.015245e-02 
 3.517217e+00  3.015243e-02 
 3.517539e+00  3.015241e-02 
 3.517860e+00  3.015239e-02 
 3.518182e+00  3.015237e-02 
 3.518503e+00  3.015235e-02 
 3.518825e+00  3.015233e-02 
 3.519146e+00  3.015231e-02 
 3.519468e+00  3.015229e-02 
 3.519789e+00  3.015227e-02 
 3.520111e+00  3.015226e-02 
 3.520433e+00  3.015224e-02 
 3.520754e+00  3.015222e-02 
 3.521076e+00  3.015220e-02 
 3.521397e+00  3.015218e-02 
 3.521719e+00  3.015216e-02 
 3.522040e+00  3.015214e-02 
 3.522362e+00  3.015212e-02 
 3.522683e+00  3.015211e-02 
 3.523005e+00  3.015209e-02 
 3.523327e+00  3.015207e-02 
 3.523648e+00  3.015205e-02 
 3.523970e+00  3.015203e-02 
 3.524291e+00  3.015202e-02 
 3.524613e+00  3.015200e-02 
 3.524934e+00  3.015198e-02 
 3.525256e+00  3.015196e-02 
 3.525577e+00  3.015194e-02 
 3.525899e+00  3.015193e-02 
 3.526221e+00  3.015191e-02 
 3.526542e+00  3.015189e-02 
 3.526864e+00  3.015187e-02 
 3.527185e+00  3.015186e-02 
 3.527507e+00  3.015184e-02 
 3.527828e+00  3.015182e-02 
 3.528150e+00  3.015180e-02 
 3.528472e+00  3.015179e-02 
 3.528793e+00  3.015177e-02 
 3.529115e+00  3.015175e-02 
 3.529436e+00  3.015174e-02 
 3.529758e+00  3.015172e-02 
 3.530079e+00  3.015170e-02 
 3.530401e+00  3.015169e-02 
 3.530722e+00  3.015167e-02 
 3.531044e+00  3.015165e-02 
 3.531366e+00  3.015164e-02 
 3.531687e+00  3.015162e-02 
 3.532009e+00  3.015161e-02 
 3.532330e+00  3.015159e-02 
 3.532652e+00  3.015157e-02 
 3.532973e+00  3.015156e-02 
 3.533295e+00  3.015154e-02 
 3.533616e+00  3.015153e-02 
 3.533938e+00  3.015151e-02 
 3.534260e+00  3.015150e-02 
 3.534581e+00  3.015148e-02 
 3.534903e+00  3.015147e-02 
 3.535224e+00  3.015145e-02 
 3.535546e+00  3.015144e-02 
 3.535867e+00  3.015142e-02 
 3.536189e+00  3.015141e-02 
 3.536510e+00  3.015140e-02 
 3.536832e+00  3.015138e-02 
 3.537154e+00  3.015137e-02 
 3.537475e+00  3.015135e-02 
 3.537797e+00  3.015134e-02 
 3.538118e+00  3.015133e-02 
 3.538440e+00  3.015131e-02 
 3.538761e+00  3.015130e-02 
 3.539083e+00  3.015129e-02 
 3.539404e+00  3.015127e-02 
 3.539726e+00  3.015126e-02 
 3.540048e+00  3.015125e-02 
 3.540369e+00  3.015123e-02 
 3.540691e+00  3.015122e-02 
 3.541012e+00  3.015121e-02 
 3.541334e+00  3.015120e-02 
 3.541655e+00  3.015118e-02 
 3.541977e+00  3.015117e-02 
 3.542298e+00  3.015116e-02 
 3.542620e+00  3.015115e-02 
 3.542942e+00  3.015114e-02 
 3.543263e+00  3.015112e-02 
 3.543585e+00  3.015111e-02 
 3.543906e+00  3.015110e-02 
 3.544228e+00  3.015109e-02 
 3.544549e+00  3.015108e-02 
 3.544871e+00  3.015107e-02 
 3.545192e+00  3.015106e-02 
 3.545514e+00  3.015105e-02 
 3.545836e+00  3.015104e-02 
 3.546157e+00  3.015103e-02 
 3.546479e+00  3.015102e-02 
 3.546800e+00  3.015101e-02 
 3.547122e+00  3.015100e-02 
 3.547443e+00  3.015099e-02 
 3.547765e+00  3.015098e-02 
 3.548086e+00  3.015097e-02 
 3.548408e+00  3.015096e-02 
 3.548730e+00  3.015095e-02 
 3.549051e+00  3.015094e-02 
 3.549373e+00  3.015093e-02 
 3.549694e+00  3.015092e-02 
 3.550016e+00  3.015092e-02 
 3.550337e+00  3.015091e-02 
 3.550659e+00  3.015090e-02 
 3.550980e+00  3.015089e-02 
 3.551302e+00  3.015088e-02 
 3.551624e+00  3.015087e-02 
 3.551945e+00  3.015087e-02 
 3.552267e+00  3.015086e-02 
 3.552588e+00  3.015085e-02 
 3.552910e+00  3.015085e-02 
 3.553231e+00  3.015084e-02 
 3.553553e+00  3.015083e-02 
 3.553874e+00  3.015082e-02 
 3.554196e+00  3.015082e-02 
 3.554518e+00  3.015081e-02 
 3.554839e+00  3.015081e-02 
 3.555161e+00  3.015080e-02 
 3.555482e+00  3.015079e-02 
 3.555804e+00  3.015079e-02 
 3.556125e+00  3.015078e-02 
 3.556447e+00  3.015078e-02 
 3.556768e+00  3.015077e-02 
 3.557090e+00  3.015077e-02 
 3.557412e+00  3.015076e-02 
 3.557733e+00  3.015076e-02 
 3.558055e+00  3.015075e-02 
 3.558376e+00  3.015075e-02 
 3.558698e+00  3.015074e-02 
 3.559019e+00  3.015074e-02 
 3.559341e+00  3.015073e-02 
 3.559662e+00  3.015073e-02 
 3.559984e+00  3.015073e-02 
 3.560306e+00  3.015072e-02 
 3.560627e+00  3.015072e-02 
 3.560949e+00  3.015072e-02 
 3.561270e+00  3.015071e-02 
 3.561592e+00  3.015071e-02 
 3.561913e+00  3.015071e-02 
 3.562235e+00  3.015070e-02 
 3.562556e+00  3.015070e-02 
 3.562878e+00  3.015070e-02 
 3.563200e+00  3.015070e-02 
 3.563521e+00  3.015070e-02 
 3.563843e+00  3.015069e-02 
 3.564164e+00  3.015069e-02 
 3.564486e+00  3.015069e-02 
 3.564807e+00  3.015069e-02 
 3.565129e+00  3.015069e-02 
 3.565450e+00  3.015069e-02 
 3.565772e+00  3.015069e-02 
 3.566094e+00  3.015069e-02 
 3.566415e+00  3.015069e-02 
 3.566737e+00  3.015069e-02 
 3.567058e+00  3.015069e-02 
 3.567380e+00  3.015069e-02 
 3.567701e+00  3.015069e-02 
 3.568023e+00  3.015069e-02 
 3.568344e+00  3.015069e-02 
 3.568666e+00  3.015069e-02 
 3.568988e+00  3.015069e-02 
 3.569309e+00  3.015069e-02 
 3.569631e+00  3.015069e-02 
 3.569952e+00  3.015069e-02 
 3.570274e+00  3.015069e-02 
 3.570595e+00  3.015070e-02 
 3.570917e+00  3.015070e-02 
 3.571239e+00  3.015070e-02 
 3.571560e+00  3.015070e-02 
 3.571882e+00  3.015070e-02 
 3.572203e+00  3.015071e-02 
 3.572525e+00  3.015071e-02 
 3.572846e+00  3.015071e-02 
 3.573168e+00  3.015072e-02 
 3.573489e+00  3.015072e-02 
 3.573811e+00  3.015072e-02 
 3.574133e+00  3.015073e-02 
 3.574454e+00  3.015073e-02 
 3.574776e+00  3.015073e-02 
 3.575097e+00  3.015074e-02 
 3.575419e+00  3.015074e-02 
 3.575740e+00  3.015075e-02 
 3.576062e+00  3.015075e-02 
 3.576383e+00  3.015076e-02 
 3.576705e+00  3.015076e-02 
 3.577027e+00  3.015077e-02 
 3.577348e+00  3.015077e-02 
 3.577670e+00  3.015078e-02 
 3.577991e+00  3.015078e-02 
 3.578313e+00  3.015079e-02 
 3.578634e+00  3.015079e-02 
 3.578956e+00  3.015080e-02 
 3.579277e+00  3.015081e-02 
 3.579599e+00  3.015081e-02 
 3.579921e+00  3.015082e-02 
 3.580242e+00  3.015083e-02 
 3.580564e+00  3.015083e-02 
 3.580885e+00  3.015084e-02 
 3.581207e+00  3.015085e-02 
 3.581528e+00  3.015085e-02 
 3.581850e+00  3.015086e-02 
 3.582171e+00  3.015087e-02 
 3.582493e+00  3.015088e-02 
 3.582815e+00  3.015088e-02 
 3.583136e+00  3.015089e-02 
 3.583458e+00  3.015090e-02 
 3.583779e+00  3.015091e-02 
 3.584101e+00  3.015092e-02 
 3.584422e+00  3.015093e-02 
 3.584744e+00  3.015093e-02 
 3.585065e+00  3.015094e-02 
 3.585387e+00  3.015095e-02 
 3.585709e+00  3.015096e-02 
 3.586030e+00  3.015097e-02 
 3.586352e+00  3.015098e-02 
 3.586673e+00  3.015099e-02 
 3.586995e+00  3.015100e-02 
 3.587316e+00  3.015101e-02 
 3.587638e+00  3.015102e-02 
 3.587959e+00  3.015103e-02 
 3.588281e+00  3.015104e-02 
 3.588603e+00  3.015105e-02 
 3.588924e+00  3.015106e-02 
 3.589246e+00  3.015107e-02 
 3.589567e+00  3.015108e-02 
 3.589889e+00  3.015109e-02 
 3.590210e+00  3.015110e-02 
 3.590532e+00  3.015111e-02 
 3.590853e+00  3.015112e-02 
 3.591175e+00  3.015113e-02 
 3.591497e+00  3.015115e-02 
 3.591818e+00  3.015116e-02 
 3.592140e+00  3.015117e-02 
 3.592461e+00  3.015118e-02 
 3.592783e+00  3.015119e-02 
 3.593104e+00  3.015120e-02 
 3.593426e+00  3.015122e-02 
 3.593747e+00  3.015123e-02 
 3.594069e+00  3.015124e-02 
 3.594391e+00  3.015125e-02 
 3.594712e+00  3.015126e-02 
 3.595034e+00  3.015128e-02 
 3.595355e+00  3.015129e-02 
 3.595677e+00  3.015130e-02 
 3.595998e+00  3.015132e-02 
 3.596320e+00  3.015133e-02 
 3.596641e+00  3.015134e-02 
 3.596963e+00  3.015135e-02 
 3.597285e+00  3.015137e-02 
 3.597606e+00  3.015138e-02 
 3.597928e+00  3.015139e-02 
 3.598249e+00  3.015141e-02 
 3.598571e+00  3.015142e-02 
 3.598892e+00  3.015144e-02 
 3.599214e+00  3.015145e-02 
 3.599535e+00  3.015146e-02 
 3.599857e+00  3.015148e-02 
 3.600179e+00  3.015149e-02 
 3.600500e+00  3.015151e-02 
 3.600822e+00  3.015152e-02 
 3.601143e+00  3.015154e-02 
 3.601465e+00  3.015155e-02 
 3.601786e+00  3.015157e-02 
 3.602108e+00  3.015158e-02 
 3.602429e+00  3.015159e-02 
 3.602751e+00  3.015161e-02 
 3.603073e+00  3.015163e-02 
 3.603394e+00  3.015164e-02 
 3.603716e+00  3.015166e-02 
 3.604037e+00  3.015167e-02 
 3.604359e+00  3.015169e-02 
 3.604680e+00  3.015170e-02 
 3.605002e+00  3.015172e-02 
 3.605323e+00  3.015174e-02 
 3.605645e+00  3.015175e-02 
 3.605967e+00  3.015177e-02 
 3.606288e+00  3.015178e-02 
 3.606610e+00  3.015180e-02 
 3.606931e+00  3.015182e-02 
 3.607253e+00  3.015183e-02 
 3.607574e+00  3.015185e-02 
 3.607896e+00  3.015187e-02 
 3.608217e+00  3.015188e-02 
 3.608539e+00  3.015190e-02 
 3.608861e+00  3.015192e-02 
 3.609182e+00  3.015194e-02 
 3.609504e+00  3.015195e-02 
 3.609825e+00  3.015197e-02 
 3.610147e+00  3.015199e-02 
 3.610468e+00  3.015201e-02 
 3.610790e+00  3.015202e-02 
 3.611111e+00  3.015204e-02 
 3.611433e+00  3.015206e-02 
 3.611755e+00  3.015208e-02 
 3.612076e+00  3.015210e-02 
 3.612398e+00  3.015212e-02 
 3.612719e+00  3.015213e-02 
 3.613041e+00  3.015215e-02 
 3.613362e+00  3.015217e-02 
 3.613684e+00  3.015219e-02 
 3.614006e+00  3.015221e-02 
 3.614327e+00  3.015223e-02 
 3.614649e+00  3.015225e-02 
 3.614970e+00  3.015227e-02 
 3.615292e+00  3.015229e-02 
 3.615613e+00  3.015231e-02 
 3.615935e+00  3.015233e-02 
 3.616256e+00  3.015235e-02 
 3.616578e+00  3.015237e-02 
 3.616900e+00  3.015239e-02 
 3.617221e+00  3.015241e-02 
 3.617543e+00  3.015243e-02 
 3.617864e+00  3.015245e-02 
 3.618186e+00  3.015247e-02 
 3.618507e+00  3.015249e-02 
 3.618829e+00  3.015251e-02 
 3.619150e+00  3.015253e-02 
 3.619472e+00  3.015255e-02 
 3.619794e+00  3.015257e-02 
 3.620115e+00  3.015260e-02 
 3.620437e+00  3.015262e-02 
 3.620758e+00  3.015264e-02 
 3.621080e+00  3.015266e-02 
 3.621401e+00  3.015268e-02 
 3.621723e+00  3.015270e-02 
 3.622044e+00  3.015273e-02 
 3.622366e+00  3.015275e-02 
 3.622688e+00  3.015277e-02 
 3.623009e+00  3.015279e-02 
 3.623331e+00  3.015282e-02 
 3.623652e+00  3.015284e-02 
 3.623974e+00  3.015286e-02 
 3.624295e+00  3.015288e-02 
 3.624617e+00  3.015291e-02 
 3.624938e+00  3.015293e-02 
 3.625260e+00  3.015295e-02 
 3.625582e+00  3.015298e-02 
 3.625903e+00  3.015300e-02 
 3.626225e+00  3.015302e-02 
 3.626546e+00  3.015305e-02 
 3.626868e+00  3.015307e-02 
 3.627189e+00  3.015309e-02 
 3.627511e+00  3.015312e-02 
 3.627832e+00  3.015314e-02 
 3.628154e+00  3.015316e-02 
 3.628476e+00  3.015319e-02 
 3.628797e+00  3.015321e-02 
 3.629119e+00  3.015324e-02 
 3.629440e+00  3.015326e-02 
 3.629762e+00  3.015328e-02 
 3.630083e+00  3.015331e-02 
 3.630405e+00  3.015333e-02 
 3.630726e+00  3.015336e-02 
 3.631048e+00  3.015338e-02 
 3.631370e+00  3.015341e-02 
 3.631691e+00  3.015343e-02 
 3.632013e+00  3.015346e-02 
 3.632334e+00  3.015348e-02 
 3.632656e+00  3.015351e-02 
 3.632977e+00  3.015353e-02 
 3.633299e+00  3.015356e-02 
 3.633620e+00  3.015358e-02 
 3.633942e+00  3.015361e-02 
 3.634264e+00  3.015363e-02 
 3.634585e+00  3.015366e-02 
 3.634907e+00  3.015368e-02 
 3.635228e+00  3.015371e-02 
 3.635550e+00  3.015373e-02 
 3.635871e+00  3.015376e-02 
 3.636193e+00  3.015379e-02 
 3.636514e+00  3.015381e-02 
 3.636836e+00  3.015384e-02 
 3.637158e+00  3.015386e-02 
 3.637479e+00  3.015389e-02 
 3.637801e+00  3.015391e-02 
 3.638122e+00  3.015394e-02 
 3.638444e+00  3.015397e-02 
 3.638765e+00  3.015399e-02 
 3.639087e+00  3.015402e-02 
 3.639408e+00  3.015405e-02 
 3.639730e+00  3.015407e-02 
 3.640052e+00  3.015410e-02 
 3.640373e+00  3.015412e-02 
 3.640695e+00  3.015415e-02 
 3.641016e+00  3.015418e-02 
 3.641338e+00  3.015420e-02 
 3.641659e+00  3.015423e-02 
 3.641981e+00  3.015426e-02 
 3.642302e+00  3.015428e-02 
 3.642624e+00  3.015431e-02 
 3.642946e+00  3.015434e-02 
 3.643267e+00  3.015436e-02 
 3.643589e+00  3.015439e-02 
 3.643910e+00  3.015442e-02 
 3.644232e+00  3.015444e-02 
 3.644553e+00  3.015447e-02 
 3.644875e+00  3.015450e-02 
 3.645196e+00  3.015452e-02 
 3.645518e+00  3.015455e-02 
 3.645840e+00  3.015458e-02 
 3.646161e+00  3.015460e-02 
 3.646483e+00  3.015463e-02 
 3.646804e+00  3.015466e-02 
 3.647126e+00  3.015468e-02 
 3.647447e+00  3.015471e-02 
 3.647769e+00  3.015474e-02 
 3.648090e+00  3.015476e-02 
 3.648412e+00  3.015479e-02 
 3.648734e+00  3.015482e-02 
 3.649055e+00  3.015485e-02 
 3.649377e+00  3.015487e-02 
 3.649698e+00  3.015490e-02 
 3.650020e+00  3.015493e-02 
 3.650341e+00  3.015495e-02 
 3.650663e+00  3.015498e-02 
 3.650984e+00  3.015501e-02 
 3.651306e+00  3.015503e-02 
 3.651628e+00  3.015506e-02 
 3.651949e+00  3.015509e-02 
 3.652271e+00  3.015512e-02 
 3.652592e+00  3.015514e-02 
 3.652914e+00  3.015517e-02 
 3.653235e+00  3.015520e-02 
 3.653557e+00  3.015522e-02 
 3.653878e+00  3.015525e-02 
 3.654200e+00  3.015528e-02 
 3.654522e+00  3.015530e-02 
 3.654843e+00  3.015533e-02 
 3.655165e+00  3.015536e-02 
 3.655486e+00  3.015538e-02 
 3.655808e+00  3.015541e-02 
 3.656129e+00  3.015544e-02 
 3.656451e+00  3.015546e-02 
 3.656773e+00  3.015549e-02 
 3.657094e+00  3.015552e-02 
 3.657416e+00  3.015554e-02 
 3.657737e+00  3.015557e-02 
 3.658059e+00  3.015560e-02 
 3.658380e+00  3.015562e-02 
 3.658702e+00  3.015565e-02 
 3.659023e+00  3.015568e-02 
 3.659345e+00  3.015570e-02 
 3.659667e+00  3.015573e-02 
 3.659988e+00  3.015575e-02 
 3.660310e+00  3.015578e-02 
 3.660631e+00  3.015581e-02 
 3.660953e+00  3.015583e-02 
 3.661274e+00  3.015586e-02 
 3.661596e+00  3.015588e-02 
 3.661917e+00  3.015591e-02 
 3.662239e+00  3.015594e-02 
 3.662561e+00  3.015596e-02 
 3.662882e+00  3.015599e-02 
 3.663204e+00  3.015601e-02 
 3.663525e+00  3.015604e-02 
 3.663847e+00  3.015606e-02 
 3.664168e+00  3.015609e-02 
 3.664490e+00  3.015611e-02 
 3.664811e+00  3.015614e-02 
 3.665133e+00  3.015616e-02 
 3.665455e+00  3.015619e-02 
 3.665776e+00  3.015622e-02 
 3.666098e+00  3.015624e-02 
 3.666419e+00  3.015626e-02 
 3.666741e+00  3.015629e-02 
 3.667062e+00  3.015631e-02 
 3.667384e+00  3.015634e-02 
 3.667705e+00  3.015636e-02 
 3.668027e+00  3.015639e-02 
 3.668349e+00  3.015641e-02 
 3.668670e+00  3.015644e-02 
 3.668992e+00  3.015646e-02 
 3.669313e+00  3.015648e-02 
 3.669635e+00  3.015651e-02 
 3.669956e+00  3.015653e-02 
 3.670278e+00  3.015656e-02 
 3.670599e+00  3.015658e-02 
 3.670921e+00  3.015660e-02 
 3.671243e+00  3.015663e-02 
 3.671564e+00  3.015665e-02 
 3.671886e+00  3.015667e-02 
 3.672207e+00  3.015670e-02 
 3.672529e+00  3.015672e-02 
 3.672850e+00  3.015674e-02 
 3.673172e+00  3.015677e-02 
 3.673493e+00  3.015679e-02 
 3.673815e+00  3.015681e-02 
 3.674137e+00  3.015683e-02 
 3.674458e+00  3.015686e-02 
 3.674780e+00  3.015688e-02 
 3.675101e+00  3.015690e-02 
 3.675423e+00  3.015692e-02 
 3.675744e+00  3.015694e-02 
 3.676066e+00  3.015697e-02 
 3.676387e+00  3.015699e-02 
 3.676709e+00  3.015701e-02 
 3.677031e+00  3.015703e-02 
 3.677352e+00  3.015705e-02 
 3.677674e+00  3.015707e-02 
 3.677995e+00  3.015710e-02 
 3.678317e+00  3.015712e-02 
 3.678638e+00  3.015714e-02 
 3.678960e+00  3.015716e-02 
 3.679281e+00  3.015718e-02 
 3.679603e+00  3.015720e-02 
 3.679925e+00  3.015722e-02 
 3.680246e+00  3.015724e-02 
 3.680568e+00  3.015726e-02 
 3.680889e+00  3.015728e-02 
 3.681211e+00  3.015730e-02 
 3.681532e+00  3.015732e-02 
 3.681854e+00  3.015734e-02 
 3.682175e+00  3.015736e-02 
 3.682497e+00  3.015738e-02 
 3.682819e+00  3.015740e-02 
 3.683140e+00  3.015742e-02 
 3.683462e+00  3.015744e-02 
 3.683783e+00  3.015745e-02 
 3.684105e+00  3.015747e-02 
 3.684426e+00  3.015749e-02 
 3.684748e+00  3.015751e-02 
 3.685069e+00  3.015753e-02 
 3.685391e+00  3.015755e-02 
 3.685713e+00  3.015756e-02 
 3.686034e+00  3.015758e-02 
 3.686356e+00  3.015760e-02 
 3.686677e+00  3.015762e-02 
 3.686999e+00  3.015763e-02 
 3.687320e+00  3.015765e-02 
 3.687642e+00  3.015767e-02 
 3.687963e+00  3.015768e-02 
 3.688285e+00  3.015770e-02 
 3.688607e+00  3.015772e-02 
 3.688928e+00  3.015773e-02 
 3.689250e+00  3.015775e-02 
 3.689571e+00  3.015777e-02 
 3.689893e+00  3.015778e-02 
 3.690214e+00  3.015780e-02 
 3.690536e+00  3.015781e-02 
 3.690857e+00  3.015783e-02 
 3.691179e+00  3.015784e-02 
 3.691501e+00  3.015786e-02 
 3.691822e+00  3.015787e-02 
 3.692144e+00  3.015789e-02 
 3.692465e+00  3.015790e-02 
 3.692787e+00  3.015792e-02 
 3.693108e+00  3.015793e-02 
 3.693430e+00  3.015795e-02 
 3.693751e+00  3.015796e-02 
 3.694073e+00  3.015797e-02 
 3.694395e+00  3.015799e-02 
 3.694716e+00  3.015800e-02 
 3.695038e+00  3.015801e-02 
 3.695359e+00  3.015803e-02 
 3.695681e+00  3.015804e-02 
 3.696002e+00  3.015805e-02 
 3.696324e+00  3.015807e-02 
 3.696646e+00  3.015808e-02 
 3.696967e+00  3.015809e-02 
 3.697289e+00  3.015810e-02 
 3.697610e+00  3.015811e-02 
 3.697932e+00  3.015813e-02 
 3.698253e+00  3.015814e-02 
 3.698575e+00  3.015815e-02 
 3.698896e+00  3.015816e-02 
 3.699218e+00  3.015817e-02 
 3.699540e+00  3.015818e-02 
 3.699861e+00  3.015819e-02 
 3.700183e+00  3.015820e-02 
 3.700504e+00  3.015821e-02 
 3.700826e+00  3.015822e-02 
 3.701147e+00  3.015823e-02 
 3.701469e+00  3.015824e-02 
 3.701790e+00  3.015825e-02 
 3.702112e+00  3.015826e-02 
 3.702434e+00  3.015827e-02 
 3.702755e+00  3.015828e-02 
 3.703077e+00  3.015829e-02 
 3.703398e+00  3.015830e-02 
 3.703720e+00  3.015831e-02 
 3.704041e+00  3.015832e-02 
 3.704363e+00  3.015832e-02 
 3.704684e+00  3.015833e-02 
 3.705006e+00  3.015834e-02 
 3.705328e+00  3.015835e-02 
 3.705649e+00  3.015835e-02 
 3.705971e+00  3.015836e-02 
 3.706292e+00  3.015837e-02 
 3.706614e+00  3.015838e-02 
 3.706935e+00  3.015838e-02 
 3.707257e+00  3.015839e-02 
 3.707578e+00  3.015840e-02 
 3.707900e+00  3.015840e-02 
 3.708222e+00  3.015841e-02 
 3.708543e+00  3.015841e-02 
 3.708865e+00  3.015842e-02 
 3.709186e+00  3.015842e-02 
 3.709508e+00  3.015843e-02 
 3.709829e+00  3.015843e-02 
 3.710151e+00  3.015844e-02 
 3.710472e+00  3.015844e-02 
 3.710794e+00  3.015845e-02 
 3.711116e+00  3.015845e-02 
 3.711437e+00  3.015845e-02 
 3.711759e+00  3.015846e-02 
 3.712080e+00  3.015846e-02 
 3.712402e+00  3.015846e-02 
 3.712723e+00  3.015847e-02 
 3.713045e+00  3.015847e-02 
 3.713366e+00  3.015847e-02 
 3.713688e+00  3.015848e-02 
 3.714010e+00  3.015848e-02 
 3.714331e+00  3.015848e-02 
 3.714653e+00  3.015848e-02 
 3.714974e+00  3.015848e-02 
 3.715296e+00  3.015848e-02 
 3.715617e+00  3.015848e-02 
 3.715939e+00  3.015849e-02 
 3.716260e+00  3.015849e-02 
 3.716582e+00  3.015849e-02 
 3.716904e+00  3.015849e-02 
 3.717225e+00  3.015849e-02 
 3.717547e+00  3.015849e-02 
 3.717868e+00  3.015849e-02 
 3.718190e+00  3.015849e-02 
 3.718511e+00  3.015848e-02 
 3.718833e+00  3.015848e-02 
 3.719154e+00  3.015848e-02 
 3.719476e+00  3.015848e-02 
 3.719798e+00  3.015848e-02 
 3.720119e+00  3.015848e-02 
 3.720441e+00  3.015847e-02 
 3.720762e+00  3.015847e-02 
 3.721084e+00  3.015847e-02 
 3.721405e+00  3.015847e-02 
 3.721727e+00  3.015846e-02 
 3.722048e+00  3.015846e-02 
 3.722370e+00  3.015846e-02 
 3.722692e+00  3.015845e-02 
 3.723013e+00  3.015845e-02 
 3.723335e+00  3.015844e-02 
 3.723656e+00  3.015844e-02 
 3.723978e+00  3.015844e-02 
 3.724299e+00  3.015843e-02 
 3.724621e+00  3.015843e-02 
 3.724942e+00  3.015842e-02 
 3.725264e+00  3.015841e-02 
 3.725586e+00  3.015841e-02 
 3.725907e+00  3.015840e-02 
 3.726229e+00  3.015840e-02 
 3.726550e+00  3.015839e-02 
 3.726872e+00  3.015838e-02 
 3.727193e+00  3.015838e-02 
 3.727515e+00  3.015837e-02 
 3.727836e+00  3.015836e-02 
 3.728158e+00  3.015836e-02 
 3.728480e+00  3.015835e-02 
 3.728801e+00  3.015834e-02 
 3.729123e+00  3.015833e-02 
 3.729444e+00  3.015832e-02 
 3.729766e+00  3.015832e-02 
 3.730087e+00  3.015831e-02 
 3.730409e+00  3.015830e-02 
 3.730730e+00  3.015829e-02 
 3.731052e+00  3.015828e-02 
 3.731374e+00  3.015827e-02 
 3.731695e+00  3.015826e-02 
 3.732017e+00  3.015825e-02 
 3.732338e+00  3.015824e-02 
 3.732660e+00  3.015823e-02 
 3.732981e+00  3.015822e-02 
 3.733303e+00  3.015821e-02 
 3.733624e+00  3.015820e-02 
 3.733946e+00  3.015819e-02 
 3.734268e+00  3.015818e-02 
 3.734589e+00  3.015817e-02 
 3.734911e+00  3.015815e-02 
 3.735232e+00  3.015814e-02 
 3.735554e+00  3.015813e-02 
 3.735875e+00  3.015812e-02 
 3.736197e+00  3.015811e-02 
 3.736518e+00  3.015809e-02 
 3.736840e+00  3.015808e-02 
 3.737162e+00  3.015807e-02 
 3.737483e+00  3.015806e-02 
 3.737805e+00  3.015804e-02 
 3.738126e+00  3.015803e-02 
 3.738448e+00  3.015802e-02 
 3.738769e+00  3.015800e-02 
 3.739091e+00  3.015799e-02 
 3.739413e+00  3.015797e-02 
 3.739734e+00  3.015796e-02 
 3.740056e+00  3.015794e-02 
 3.740377e+00  3.015793e-02 
 3.740699e+00  3.015791e-02 
 3.741020e+00  3.015790e-02 
 3.741342e+00  3.015788e-02 
 3.741663e+00  3.015787e-02 
 3.741985e+00  3.015785e-02 
 3.742307e+00  3.015784e-02 
 3.742628e+00  3.015782e-02 
 3.742950e+00  3.015780e-02 
 3.743271e+00  3.015779e-02 
 3.743593e+00  3.015777e-02 
 3.743914e+00  3.015775e-02 
 3.744236e+00  3.015774e-02 
 3.744557e+00  3.015772e-02 
 3.744879e+00  3.015770e-02 
 3.745201e+00  3.015768e-02 
 3.745522e+00  3.015767e-02 
 3.745844e+00  3.015765e-02 
 3.746165e+00  3.015763e-02 
 3.746487e+00  3.015761e-02 
 3.746808e+00  3.015759e-02 
 3.747130e+00  3.015757e-02 
 3.747451e+00  3.015756e-02 
 3.747773e+00  3.015754e-02 
 3.748095e+00  3.015752e-02 
 3.748416e+00  3.015750e-02 
 3.748738e+00  3.015748e-02 
 3.749059e+00  3.015746e-02 
 3.749381e+00  3.015744e-02 
 3.749702e+00  3.015742e-02 
 3.750024e+00  3.015740e-02 
 3.750345e+00  3.015738e-02 
 3.750667e+00  3.015736e-02 
 3.750989e+00  3.015734e-02 
 3.751310e+00  3.015731e-02 
 3.751632e+00  3.015729e-02 
 3.751953e+00  3.015727e-02 
 3.752275e+00  3.015725e-02 
 3.752596e+00  3.015723e-02 
 3.752918e+00  3.015721e-02 
 3.753239e+00  3.015719e-02 
 3.753561e+00  3.015716e-02 
 3.753883e+00  3.015714e-02 
 3.754204e+00  3.015712e-02 
 3.754526e+00  3.015710e-02 
 3.754847e+00  3.015707e-02 
 3.755169e+00  3.015705e-02 
 3.755490e+00  3.015703e-02 
 3.755812e+00  3.015700e-02 
 3.756133e+00  3.015698e-02 
 3.756455e+00  3.015696e-02 
 3.756777e+00  3.015693e-02 
 3.757098e+00  3.015691e-02 
 3.757420e+00  3.015689e-02 
 3.757741e+00  3.015686e-02 
 3.758063e+00  3.015684e-02 
 3.758384e+00  3.015681e-02 
 3.758706e+00  3.015679e-02 
 3.759027e+00  3.015677e-02 
 3.759349e+00  3.015674e-02 
 3.759671e+00  3.015672e-02 
 3.759992e+00  3.015669e-02 
 3.760314e+00  3.015667e-02 
 3.760635e+00  3.015664e-02 
 3.760957e+00  3.015662e-02 
 3.761278e+00  3.015659e-02 
 3.761600e+00  3.015656e-02 
 3.761921e+00  3.015654e-02 
 3.762243e+00  3.015651e-02 
 3.762565e+00  3.015649e-02 
 3.762886e+00  3.015646e-02 
 3.763208e+00  3.015643e-02 
 3.763529e+00  3.015641e-02 
 3.763851e+00  3.015638e-02 
 3.764172e+00  3.015636e-02 
 3.764494e+00  3.015633e-02 
 3.764815e+00  3.015630e-02 
 3.765137e+00  3.015628e-02 
 3.765459e+00  3.015625e-02 
 3.765780e+00  3.015622e-02 
 3.766102e+00  3.015619e-02 
 3.766423e+00  3.015617e-02 
 3.766745e+00  3.015614e-02 
 3.767066e+00  3.015611e-02 
 3.767388e+00  3.015608e-02 
 3.767709e+00  3.015606e-02 
 3.768031e+00  3.015603e-02 
 3.768353e+00  3.015600e-02 
 3.768674e+00  3.015597e-02 
 3.768996e+00  3.015594e-02 
 3.769317e+00  3.015592e-02 
 3.769639e+00  3.015589e-02 
 3.769960e+00  3.015586e-02 
 3.770282e+00  3.015583e-02 
 3.770603e+00  3.015580e-02 
 3.770925e+00  3.015577e-02 
 3.771247e+00  3.015574e-02 
 3.771568e+00  3.015571e-02 
 3.771890e+00  3.015569e-02 
 3.772211e+00  3.015566e-02 
 3.772533e+00  3.015563e-02 
 3.772854e+00  3.015560e-02 
 3.773176e+00  3.015557e-02 
 3.773497e+00  3.015554e-02 
 3.773819e+00  3.015551e-02 
 3.774141e+00  3.015548e-02 
 3.774462e+00  3.015545e-02 
 3.774784e+00  3.015542e-02 
 3.775105e+00  3.015539e-02 
 3.775427e+00  3.015536e-02 
 3.775748e+00  3.015533e-02 
 3.776070e+00  3.015530e-02 
 3.776391e+00  3.015527e-02 
 3.776713e+00  3.015524e-02 
 3.777035e+00  3.015521e-02 
 3.777356e+00  3.015518e-02 
 3.777678e+00  3.015515e-02 
 3.777999e+00  3.015512e-02 
 3.778321e+00  3.015508e-02 
 3.778642e+00  3.015505e-02 
 3.778964e+00  3.015502e-02 
 3.779286e+00  3.015499e-02 
 3.779607e+00  3.015496e-02 
 3.779929e+00  3.015493e-02 
 3.780250e+00  3.015490e-02 
 3.780572e+00  3.015487e-02 
 3.780893e+00  3.015483e-02 
 3.781215e+00  3.015480e-02 
 3.781536e+00  3.015477e-02 
 3.781858e+00  3.015474e-02 
 3.782180e+00  3.015471e-02 
 3.782501e+00  3.015468e-02 
 3.782823e+00  3.015464e-02 
 3.783144e+00  3.015461e-02 
 3.783466e+00  3.015458e-02 
 3.783787e+00  3.015455e-02 
 3.784109e+00  3.015451e-02 
 3.784430e+00  3.015448e-02 
 3.784752e+00  3.015445e-02 
 3.785074e+00  3.015442e-02 
 3.785395e+00  3.015438e-02 
 3.785717e+00  3.015435e-02 
 3.786038e+00  3.015432e-02 
 3.786360e+00  3.015429e-02 
 3.786681e+00  3.015425e-02 
 3.787003e+00  3.015422e-02 
 3.787324e+00  3.015419e-02 
 3.787646e+00  3.015416e-02 
 3.787968e+00  3.015412e-02 
 3.788289e+00  3.015409e-02 
 3.788611e+00  3.015406e-02 
 3.788932e+00  3.015402e-02 
 3.789254e+00  3.015399e-02 
 3.789575e+00  3.015396e-02 
 3.789897e+00  3.015392e-02 
 3.790218e+00  3.015389e-02 
 3.790540e+00  3.015386e-02 
 3.790862e+00  3.015382e-02 
 3.791183e+00  3.015379e-02 
 3.791505e+00  3.015375e-02 
 3.791826e+00  3.015372e-02 
 3.792148e+00  3.015369e-02 
 3.792469e+00  3.015365e-02 
 3.792791e+00  3.015362e-02 
 3.793112e+00  3.015359e-02 
 3.793434e+00  3.015355e-02 
 3.793756e+00  3.015352e-02 
 3.794077e+00  3.015349e-02 
 3.794399e+00  3.015345e-02 
 3.794720e+00  3.015342e-02 
 3.795042e+00  3.015338e-02 
 3.795363e+00  3.015335e-02 
 3.795685e+00  3.015332e-02 
 3.796006e+00  3.015328e-02 
 3.796328e+00  3.015325e-02 
 3.796650e+00  3.015321e-02 
 3.796971e+00  3.015318e-02 
 3.797293e+00  3.015315e-02 
 3.797614e+00  3.015311e-02 
 3.797936e+00  3.015308e-02 
 3.798257e+00  3.015304e-02 
 3.798579e+00  3.015301e-02 
 3.798900e+00  3.015298e-02 
 3.799222e+00  3.015294e-02 
 3.799544e+00  3.015291e-02 
 3.799865e+00  3.015287e-02 
 3.800187e+00  3.015284e-02 
 3.800508e+00  3.015281e-02 
 3.800830e+00  3.015277e-02 
 3.801151e+00  3.015274e-02 
 3.801473e+00  3.015270e-02 
 3.801794e+00  3.015267e-02 
 3.802116e+00  3.015264e-02 
 3.802438e+00  3.015260e-02 
 3.802759e+00  3.015257e-02 
 3.803081e+00  3.015253e-02 
 3.803402e+00  3.015250e-02 
 3.803724e+00  3.015247e-02 
 3.804045e+00  3.015243e-02 
 3.804367e+00  3.015240e-02 
 3.804688e+00  3.015237e-02 
 3.805010e+00  3.015233e-02 
 3.805332e+00  3.015230e-02 
 3.805653e+00  3.015227e-02 
 3.805975e+00  3.015223e-02 
 3.806296e+00  3.015220e-02 
 3.806618e+00  3.015217e-02 
 3.806939e+00  3.015213e-02 
 3.807261e+00  3.015210e-02 
 3.807582e+00  3.015207e-02 
 3.807904e+00  3.015203e-02 
 3.808226e+00  3.015200e-02 
 3.808547e+00  3.015197e-02 
 3.808869e+00  3.015193e-02 
 3.809190e+00  3.015190e-02 
 3.809512e+00  3.015187e-02 
 3.809833e+00  3.015183e-02 
 3.810155e+00  3.015180e-02 
 3.810476e+00  3.015177e-02 
 3.810798e+00  3.015174e-02 
 3.811120e+00  3.015170e-02 
 3.811441e+00  3.015167e-02 
 3.811763e+00  3.015164e-02 
 3.812084e+00  3.015161e-02 
 3.812406e+00  3.015157e-02 
 3.812727e+00  3.015154e-02 
 3.813049e+00  3.015151e-02 
 3.813370e+00  3.015148e-02 
 3.813692e+00  3.015145e-02 
 3.814014e+00  3.015141e-02 
 3.814335e+00  3.015138e-02 
 3.814657e+00  3.015135e-02 
 3.814978e+00  3.015132e-02 
 3.815300e+00  3.015129e-02 
 3.815621e+00  3.015126e-02 
 3.815943e+00  3.015122e-02 
 3.816264e+00  3.015119e-02 
 3.816586e+00  3.015116e-02 
 3.816908e+00  3.015113e-02 
 3.817229e+00  3.015110e-02 
 3.817551e+00  3.015107e-02 
 3.817872e+00  3.015104e-02 
 3.818194e+00  3.015101e-02 
 3.818515e+00  3.015097e-02 
 3.818837e+00  3.015094e-02 
 3.819158e+00  3.015091e-02 
 3.819480e+00  3.015088e-02 
 3.819802e+00  3.015085e-02 
 3.820123e+00  3.015082e-02 
 3.820445e+00  3.015079e-02 
 3.820766e+00  3.015076e-02 
 3.821088e+00  3.015073e-02 
 3.821409e+00  3.015070e-02 
 3.821731e+00  3.015067e-02 
 3.822053e+00  3.015064e-02 
 3.822374e+00  3.015061e-02 
 3.822696e+00  3.015058e-02 
 3.823017e+00  3.015055e-02 
 3.823339e+00  3.015052e-02 
 3.823660e+00  3.015049e-02 
 3.823982e+00  3.015046e-02 
 3.824303e+00  3.015043e-02 
 3.824625e+00  3.015040e-02 
 3.824947e+00  3.015037e-02 
 3.825268e+00  3.015034e-02 
 3.825590e+00  3.015031e-02 
 3.825911e+00  3.015028e-02 
 3.826233e+00  3.015025e-02 
 3.826554e+00  3.015022e-02 
 3.826876e+00  3.015019e-02 
 3.827197e+00  3.015016e-02 
 3.827519e+00  3.015014e-02 
 3.827841e+00  3.015011e-02 
 3.828162e+00  3.015008e-02 
 3.828484e+00  3.015005e-02 
 3.828805e+00  3.015002e-02 
 3.829127e+00  3.014999e-02 
 3.829448e+00  3.014996e-02 
 3.829770e+00  3.014993e-02 
 3.830091e+00  3.014991e-02 
 3.830413e+00  3.014988e-02 
 3.830735e+00  3.014985e-02 
 3.831056e+00  3.014982e-02 
 3.831378e+00  3.014979e-02 
 3.831699e+00  3.014976e-02 
 3.832021e+00  3.014974e-02 
 3.832342e+00  3.014971e-02 
 3.832664e+00  3.014968e-02 
 3.832985e+00  3.014965e-02 
 3.833307e+00  3.014963e-02 
 3.833629e+00  3.014960e-02 
 3.833950e+00  3.014957e-02 
 3.834272e+00  3.014954e-02 
 3.834593e+00  3.014951e-02 
 3.834915e+00  3.014949e-02 
 3.835236e+00  3.014946e-02 
 3.835558e+00  3.014943e-02 
 3.835879e+00  3.014941e-02 
 3.836201e+00  3.014938e-02 
 3.836523e+00  3.014935e-02 
 3.836844e+00  3.014933e-02 
 3.837166e+00  3.014930e-02 
 3.837487e+00  3.014927e-02 
 3.837809e+00  3.014925e-02 
 3.838130e+00  3.014922e-02 
 3.838452e+00  3.014919e-02 
 3.838773e+00  3.014917e-02 
 3.839095e+00  3.014914e-02 
 3.839417e+00  3.014911e-02 
 3.839738e+00  3.014909e-02 
 3.840060e+00  3.014906e-02 
 3.840381e+00  3.014904e-02 
 3.840703e+00  3.014901e-02 
 3.841024e+00  3.014899e-02 
 3.841346e+00  3.014896e-02 
 3.841667e+00  3.014893e-02 
 3.841989e+00  3.014891e-02 
 3.842311e+00  3.014888e-02 
 3.842632e+00  3.014886e-02 
 3.842954e+00  3.014883e-02 
 3.843275e+00  3.014881e-02 
 3.843597e+00  3.014878e-02 
 3.843918e+00  3.014876e-02 
 3.844240e+00  3.014873e-02 
 3.844561e+00  3.014871e-02 
 3.844883e+00  3.014869e-02 
 3.845205e+00  3.014866e-02 
 3.845526e+00  3.014864e-02 
 3.845848e+00  3.014861e-02 
 3.846169e+00  3.014859e-02 
 3.846491e+00  3.014857e-02 
 3.846812e+00  3.014854e-02 
 3.847134e+00  3.014852e-02 
 3.847455e+00  3.014849e-02 
 3.847777e+00  3.014847e-02 
 3.848099e+00  3.014845e-02 
 3.848420e+00  3.014842e-02 
 3.848742e+00  3.014840e-02 
 3.849063e+00  3.014838e-02 
 3.849385e+00  3.014835e-02 
 3.849706e+00  3.014833e-02 
 3.850028e+00  3.014831e-02 
 3.850349e+00  3.014829e-02 
 3.850671e+00  3.014826e-02 
 3.850993e+00  3.014824e-02 
 3.851314e+00  3.014822e-02 
 3.851636e+00  3.014820e-02 
 3.851957e+00  3.014818e-02 
 3.852279e+00  3.014815e-02 
 3.852600e+00  3.014813e-02 
 3.852922e+00  3.014811e-02 
 3.853243e+00  3.014809e-02 
 3.853565e+00  3.014807e-02 
 3.853887e+00  3.014804e-02 
 3.854208e+00  3.014802e-02 
 3.854530e+00  3.014800e-02 
 3.854851e+00  3.014798e-02 
 3.855173e+00  3.014796e-02 
 3.855494e+00  3.014794e-02 
 3.855816e+00  3.014792e-02 
 3.856137e+00  3.014790e-02 
 3.856459e+00  3.014788e-02 
 3.856781e+00  3.014786e-02 
 3.857102e+00  3.014784e-02 
 3.857424e+00  3.014782e-02 
 3.857745e+00  3.014780e-02 
 3.858067e+00  3.014778e-02 
 3.858388e+00  3.014776e-02 
 3.858710e+00  3.014774e-02 
 3.859031e+00  3.014772e-02 
 3.859353e+00  3.014770e-02 
 3.859675e+00  3.014768e-02 
 3.859996e+00  3.014766e-02 
 3.860318e+00  3.014764e-02 
 3.860639e+00  3.014762e-02 
 3.860961e+00  3.014760e-02 
 3.861282e+00  3.014758e-02 
 3.861604e+00  3.014756e-02 
 3.861925e+00  3.014754e-02 
 3.862247e+00  3.014752e-02 
 3.862569e+00  3.014751e-02 
 3.862890e+00  3.014749e-02 
 3.863212e+00  3.014747e-02 
 3.863533e+00  3.014745e-02 
 3.863855e+00  3.014743e-02 
 3.864176e+00  3.014742e-02 
 3.864498e+00  3.014740e-02 
 3.864820e+00  3.014738e-02 
 3.865141e+00  3.014736e-02 
 3.865463e+00  3.014734e-02 
 3.865784e+00  3.014733e-02 
 3.866106e+00  3.014731e-02 
 3.866427e+00  3.014729e-02 
 3.866749e+00  3.014727e-02 
 3.867070e+00  3.014726e-02 
 3.867392e+00  3.014724e-02 
 3.867714e+00  3.014722e-02 
 3.868035e+00  3.014721e-02 
 3.868357e+00  3.014719e-02 
 3.868678e+00  3.014717e-02 
 3.869000e+00  3.014716e-02 
 3.869321e+00  3.014714e-02 
 3.869643e+00  3.014713e-02 
 3.869964e+00  3.014711e-02 
 3.870286e+00  3.014709e-02 
 3.870608e+00  3.014708e-02 
 3.870929e+00  3.014706e-02 
 3.871251e+00  3.014705e-02 
 3.871572e+00  3.014703e-02 
 3.871894e+00  3.014702e-02 
 3.872215e+00  3.014700e-02 
 3.872537e+00  3.014699e-02 
 3.872858e+00  3.014697e-02 
 3.873180e+00  3.014696e-02 
 3.873502e+00  3.014694e-02 
 3.873823e+00  3.014693e-02 
 3.874145e+00  3.014691e-02 
 3.874466e+00  3.014690e-02 
 3.874788e+00  3.014688e-02 
 3.875109e+00  3.014687e-02 
 3.875431e+00  3.014686e-02 
 3.875752e+00  3.014684e-02 
 3.876074e+00  3.014683e-02 
 3.876396e+00  3.014681e-02 
 3.876717e+00  3.014680e-02 
 3.877039e+00  3.014679e-02 
 3.877360e+00  3.014677e-02 
 3.877682e+00  3.014676e-02 
 3.878003e+00  3.014675e-02 
 3.878325e+00  3.014674e-02 
 3.878646e+00  3.014672e-02 
 3.878968e+00  3.014671e-02 
 3.879290e+00  3.014670e-02 
 3.879611e+00  3.014669e-02 
 3.879933e+00  3.014667e-02 
 3.880254e+00  3.014666e-02 
 3.880576e+00  3.014665e-02 
 3.880897e+00  3.014664e-02 
 3.881219e+00  3.014663e-02 
 3.881540e+00  3.014661e-02 
 3.881862e+00  3.014660e-02 
 3.882184e+00  3.014659e-02 
 3.882505e+00  3.014658e-02 
 3.882827e+00  3.014657e-02 
 3.883148e+00  3.014656e-02 
 3.883470e+00  3.014655e-02 
 3.883791e+00  3.014654e-02 
 3.884113e+00  3.014653e-02 
 3.884434e+00  3.014652e-02 
 3.884756e+00  3.014651e-02 
 3.885078e+00  3.014650e-02 
 3.885399e+00  3.014649e-02 
 3.885721e+00  3.014648e-02 
 3.886042e+00  3.014647e-02 
 3.886364e+00  3.014646e-02 
 3.886685e+00  3.014645e-02 
 3.887007e+00  3.014644e-02 
 3.887328e+00  3.014643e-02 
 3.887650e+00  3.014642e-02 
 3.887972e+00  3.014641e-02 
 3.888293e+00  3.014640e-02 
 3.888615e+00  3.014639e-02 
 3.888936e+00  3.014638e-02 
 3.889258e+00  3.014637e-02 
 3.889579e+00  3.014637e-02 
 3.889901e+00  3.014636e-02 
 3.890222e+00  3.014635e-02 
 3.890544e+00  3.014634e-02 
 3.890866e+00  3.014633e-02 
 3.891187e+00  3.014633e-02 
 3.891509e+00  3.014632e-02 
 3.891830e+00  3.014631e-02 
 3.892152e+00  3.014630e-02 
 3.892473e+00  3.014629e-02 
 3.892795e+00  3.014629e-02 
 3.893116e+00  3.014628e-02 
 3.893438e+00  3.014627e-02 
 3.893760e+00  3.014627e-02 
 3.894081e+00  3.014626e-02 
 3.894403e+00  3.014625e-02 
 3.894724e+00  3.014624e-02 
 3.895046e+00  3.014624e-02 
 3.895367e+00  3.014623e-02 
 3.895689e+00  3.014622e-02 
 3.896010e+00  3.014622e-02 
 3.896332e+00  3.014621e-02 
 3.896654e+00  3.014621e-02 
 3.896975e+00  3.014620e-02 
 3.897297e+00  3.014619e-02 
 3.897618e+00  3.014619e-02 
 3.897940e+00  3.014618e-02 
 3.898261e+00  3.014618e-02 
 3.898583e+00  3.014617e-02 
 3.898904e+00  3.014616e-02 
 3.899226e+00  3.014616e-02 
 3.899548e+00  3.014615e-02 
 3.899869e+00  3.014615e-02 
 3.900191e+00  3.014614e-02 
 3.900512e+00  3.014614e-02 
 3.900834e+00  3.014613e-02 
 3.901155e+00  3.014613e-02 
 3.901477e+00  3.014612e-02 
 3.901798e+00  3.014612e-02 
 3.902120e+00  3.014611e-02 
 3.902442e+00  3.014611e-02 
 3.902763e+00  3.014610e-02 
 3.903085e+00  3.014610e-02 
 3.903406e+00  3.014610e-02 
 3.903728e+00  3.014609e-02 
 3.904049e+00  3.014609e-02 
 3.904371e+00  3.014608e-02 
 3.904692e+00  3.014608e-02 
 3.905014e+00  3.014607e-02 
 3.905336e+00  3.014607e-02 
 3.905657e+00  3.014607e-02 
 3.905979e+00  3.014606e-02 
 3.906300e+00  3.014606e-02 
 3.906622e+00  3.014606e-02 
 3.906943e+00  3.014605e-02 
 3.907265e+00  3.014605e-02 
 3.907586e+00  3.014605e-02 
 3.907908e+00  3.014604e-02 
 3.908230e+00  3.014604e-02 
 3.908551e+00  3.014604e-02 
 3.908873e+00  3.014603e-02 
 3.909194e+00  3.014603e-02 
 3.909516e+00  3.014603e-02 
 3.909837e+00  3.014603e-02 
 3.910159e+00  3.014602e-02 
 3.910481e+00  3.014602e-02 
 3.910802e+00  3.014602e-02 
 3.911124e+00  3.014602e-02 
 3.911445e+00  3.014601e-02 
 3.911767e+00  3.014601e-02 
 3.912088e+00  3.014601e-02 
 3.912410e+00  3.014601e-02 
 3.912731e+00  3.014601e-02 
 3.913053e+00  3.014601e-02 
 3.913375e+00  3.014600e-02 
 3.913696e+00  3.014600e-02 
 3.914018e+00  3.014600e-02 
 3.914339e+00  3.014600e-02 
 3.914661e+00  3.014600e-02 
 3.914982e+00  3.014600e-02 
 3.915304e+00  3.014600e-02 
 3.915625e+00  3.014600e-02 
 3.915947e+00  3.014600e-02 
 3.916269e+00  3.014600e-02 
 3.916590e+00  3.014600e-02 
 3.916912e+00  3.014600e-02 
 3.917233e+00  3.014600e-02 
 3.917555e+00  3.014600e-02 
 3.917876e+00  3.014600e-02 
 3.918198e+00  3.014600e-02 
 3.918519e+00  3.014600e-02 
 3.918841e+00  3.014600e-02 
 3.919163e+00  3.014600e-02 
 3.919484e+00  3.014600e-02 
 3.919806e+00  3.014600e-02 
 3.920127e+00  3.014600e-02 
 3.920449e+00  3.014600e-02 
 3.920770e+00  3.014601e-02 
 3.921092e+00  3.014601e-02 
 3.921413e+00  3.014601e-02 
 3.921735e+00  3.014601e-02 
 3.922057e+00  3.014601e-02 
 3.922378e+00  3.014602e-02 
 3.922700e+00  3.014602e-02 
 3.923021e+00  3.014602e-02 
 3.923343e+00  3.014602e-02 
 3.923664e+00  3.014603e-02 
 3.923986e+00  3.014603e-02 
 3.924307e+00  3.014603e-02 
 3.924629e+00  3.014604e-02 
 3.924951e+00  3.014604e-02 
 3.925272e+00  3.014604e-02 
 3.925594e+00  3.014605e-02 
 3.925915e+00  3.014605e-02 
 3.926237e+00  3.014605e-02 
 3.926558e+00  3.014606e-02 
 3.926880e+00  3.014606e-02 
 3.927201e+00  3.014607e-02 
 3.927523e+00  3.014607e-02 
 3.927845e+00  3.014608e-02 
 3.928166e+00  3.014608e-02 
 3.928488e+00  3.014608e-02 
 3.928809e+00  3.014609e-02 
 3.929131e+00  3.014610e-02 
 3.929452e+00  3.014610e-02 
 3.929774e+00  3.014611e-02 
 3.930095e+00  3.014611e-02 
 3.930417e+00  3.014612e-02 
 3.930739e+00  3.014612e-02 
 3.931060e+00  3.014613e-02 
 3.931382e+00  3.014614e-02 
 3.931703e+00  3.014614e-02 
 3.932025e+00  3.014615e-02 
 3.932346e+00  3.014615e-02 
 3.932668e+00  3.014616e-02 
 3.932989e+00  3.014617e-02 
 3.933311e+00  3.014618e-02 
 3.933633e+00  3.014618e-02 
 3.933954e+00  3.014619e-02 
 3.934276e+00  3.014620e-02 
 3.934597e+00  3.014620e-02 
 3.934919e+00  3.014621e-02 
 3.935240e+00  3.014622e-02 
 3.935562e+00  3.014623e-02 
 3.935883e+00  3.014623e-02 
 3.936205e+00  3.014624e-02 
 3.936527e+00  3.014625e-02 
 3.936848e+00  3.014626e-02 
 3.937170e+00  3.014627e-02 
 3.937491e+00  3.014628e-02 
 3.937813e+00  3.014628e-02 
 3.938134e+00  3.014629e-02 
 3.938456e+00  3.014630e-02 
 3.938777e+00  3.014631e-02 
 3.939099e+00  3.014632e-02 
 3.939421e+00  3.014633e-02 
 3.939742e+00  3.014634e-02 
 3.940064e+00  3.014635e-02 
 3.940385e+00  3.014636e-02 
 3.940707e+00  3.014636e-02 
 3.941028e+00  3.014637e-02 
 3.941350e+00  3.014638e-02 
 3.941671e+00  3.014639e-02 
 3.941993e+00  3.014640e-02 
 3.942315e+00  3.014641e-02 
 3.942636e+00  3.014642e-02 
 3.942958e+00  3.014643e-02 
 3.943279e+00  3.014644e-02 
 3.943601e+00  3.014645e-02 
 3.943922e+00  3.014646e-02 
 3.944244e+00  3.014647e-02 
 3.944565e+00  3.014648e-02 
 3.944887e+00  3.014649e-02 
 3.945209e+00  3.014650e-02 
 3.945530e+00  3.014651e-02 
 3.945852e+00  3.014652e-02 
 3.946173e+00  3.014653e-02 
 3.946495e+00  3.014654e-02 
 3.946816e+00  3.014655e-02 
 3.947138e+00  3.014657e-02 
 3.947459e+00  3.014658e-02 
 3.947781e+00  3.014659e-02 
 3.948103e+00  3.014660e-02 
 3.948424e+00  3.014661e-02 
 3.948746e+00  3.014662e-02 
 3.949067e+00  3.014663e-02 
 3.949389e+00  3.014664e-02 
 3.949710e+00  3.014665e-02 
 3.950032e+00  3.014666e-02 
 3.950353e+00  3.014667e-02 
 3.950675e+00  3.014668e-02 
 3.950997e+00  3.014670e-02 
 3.951318e+00  3.014671e-02 
 3.951640e+00  3.014672e-02 
 3.951961e+00  3.014673e-02 
 3.952283e+00  3.014674e-02 
 3.952604e+00  3.014675e-02 
 3.952926e+00  3.014676e-02 
 3.953248e+00  3.014677e-02 
 3.953569e+00  3.014679e-02 
 3.953891e+00  3.014680e-02 
 3.954212e+00  3.014681e-02 
 3.954534e+00  3.014682e-02 
 3.954855e+00  3.014683e-02 
 3.955177e+00  3.014684e-02 
 3.955498e+00  3.014685e-02 
 3.955820e+00  3.014687e-02 
 3.956142e+00  3.014688e-02 
 3.956463e+00  3.014689e-02 
 3.956785e+00  3.014690e-02 
 3.957106e+00  3.014691e-02 
 3.957428e+00  3.014692e-02 
 3.957749e+00  3.014693e-02 
 3.958071e+00  3.014695e-02 
 3.958392e+00  3.014696e-02 
 3.958714e+00  3.014697e-02 
 3.959036e+00  3.014698e-02 
 3.959357e+00  3.014699e-02 
 3.959679e+00  3.014700e-02 
 3.960000e+00  3.014702e-02 
 3.960322e+00  3.014703e-02 
 3.960643e+00  3.014704e-02 
 3.960965e+00  3.014705e-02 
 3.961286e+00  3.014706e-02 
 3.961608e+00  3.014707e-02 
 3.961930e+00  3.014709e-02 
 3.962251e+00  3.014710e-02 
 3.962573e+00  3.014711e-02 
 3.962894e+00  3.014712e-02 
 3.963216e+00  3.014713e-02 
 3.963537e+00  3.014714e-02 
 3.963859e+00  3.014715e-02 
 3.964180e+00  3.014717e-02 
 3.964502e+00  3.014718e-02 
 3.964824e+00  3.014719e-02 
 3.965145e+00  3.014720e-02 
 3.965467e+00  3.014721e-02 
 3.965788e+00  3.014722e-02 
 3.966110e+00  3.014723e-02 
 3.966431e+00  3.014725e-02 
 3.966753e+00  3.014726e-02 
 3.967074e+00  3.014727e-02 
 3.967396e+00  3.014728e-02 
 3.967718e+00  3.014729e-02 
 3.968039e+00  3.014730e-02 
 3.968361e+00  3.014731e-02 
 3.968682e+00  3.014732e-02 
 3.969004e+00  3.014733e-02 
 3.969325e+00  3.014735e-02 
 3.969647e+00  3.014736e-02 
 3.969968e+00  3.014737e-02 
 3.970290e+00  3.014738e-02 
 3.970612e+00  3.014739e-02 
 3.970933e+00  3.014740e-02 
 3.971255e+00  3.014741e-02 
 3.971576e+00  3.014742e-02 
 3.971898e+00  3.014743e-02 
 3.972219e+00  3.014744e-02 
 3.972541e+00  3.014745e-02 
 3.972862e+00  3.014746e-02 
 3.973184e+00  3.014747e-02 
 3.973506e+00  3.014748e-02 
 3.973827e+00  3.014749e-02 
 3.974149e+00  3.014750e-02 
 3.974470e+00  3.014751e-02 
 3.974792e+00  3.014752e-02 
 3.975113e+00  3.014753e-02 
 3.975435e+00  3.014754e-02 
 3.975756e+00  3.014755e-02 
 3.976078e+00  3.014756e-02 
 3.976400e+00  3.014757e-02 
 3.976721e+00  3.014758e-02 
 3.977043e+00  3.014759e-02 
 3.977364e+00  3.014760e-02 
 3.977686e+00  3.014761e-02 
 3.978007e+00  3.014762e-02 
 3.978329e+00  3.014763e-02 
 3.978650e+00  3.014764e-02 
 3.978972e+00  3.014765e-02 
 3.979294e+00  3.014766e-02 
 3.979615e+00  3.014767e-02 
 3.979937e+00  3.014768e-02 
 3.980258e+00  3.014769e-02 
 3.980580e+00  3.014770e-02 
 3.980901e+00  3.014771e-02 
 3.981223e+00  3.014771e-02 
 3.981544e+00  3.014772e-02 
 3.981866e+00  3.014773e-02 
 3.982188e+00  3.014774e-02 
 3.982509e+00  3.014775e-02 
 3.982831e+00  3.014776e-02 
 3.983152e+00  3.014777e-02 
 3.983474e+00  3.014777e-02 
 3.983795e+00  3.014778e-02 
 3.984117e+00  3.014779e-02 
 3.984438e+00  3.014780e-02 
 3.984760e+00  3.014781e-02 
 3.985082e+00  3.014782e-02 
 3.985403e+00  3.014782e-02 
 3.985725e+00  3.014783e-02 
 3.986046e+00  3.014784e-02 
 3.986368e+00  3.014785e-02 
 3.986689e+00  3.014786e-02 
 3.987011e+00  3.014786e-02 
 3.987332e+00  3.014787e-02 
 3.987654e+00  3.014788e-02 
 3.987976e+00  3.014789e-02 
 3.988297e+00  3.014789e-02 
 3.988619e+00  3.014790e-02 
 3.988940e+00  3.014791e-02 
 3.989262e+00  3.014792e-02 
 3.989583e+00  3.014792e-02 
 3.989905e+00  3.014793e-02 
 3.990226e+00  3.014794e-02 
 3.990548e+00  3.014794e-02 
 3.990870e+00  3.014795e-02 
 3.991191e+00  3.014796e-02 
 3.991513e+00  3.014797e-02 
 3.991834e+00  3.014797e-02 
 3.992156e+00  3.014798e-02 
 3.992477e+00  3.014799e-02 
 3.992799e+00  3.014799e-02 
 3.993120e+00  3.014800e-02 
 3.993442e+00  3.014801e-02 
 3.993764e+00  3.014801e-02 
 3.994085e+00  3.014802e-02 
 3.994407e+00  3.014803e-02 
 3.994728e+00  3.014803e-02 
 3.995050e+00  3.014804e-02 
 3.995371e+00  3.014805e-02 
 3.995693e+00  3.014805e-02 
 3.996014e+00  3.014806e-02 
 3.996336e+00  3.014806e-02 
 3.996658e+00  3.014807e-02 
 3.996979e+00  3.014808e-02 
 3.997301e+00  3.014808e-02 
 3.997622e+00  3.014809e-02 
 3.997944e+00  3.014809e-02 
 3.998265e+00  3.014810e-02 
 3.998587e+00  3.014811e-02 
 3.998909e+00  3.014811e-02 
 3.999230e+00  3.014812e-02 
 3.999552e+00  3.014812e-02 
 3.999873e+00  3.014813e-02 
 4.000195e+00  3.014814e-02 
 4.000516e+00  3.014814e-02 
 4.000838e+00  3.014815e-02 
 4.001159e+00  3.014815e-02 
 4.001481e+00  3.014816e-02 
 4.001803e+00  3.014816e-02 
 4.002124e+00  3.014817e-02 
 4.002446e+00  3.014817e-02 
 4.002767e+00  3.014818e-02 
 4.003089e+00  3.014819e-02 
 4.003410e+00  3.014819e-02 
 4.003732e+00  3.014820e-02 
 4.004053e+00  3.014820e-02 
 4.004375e+00  3.014821e-02 
 4.004697e+00  3.014821e-02 
 4.005018e+00  3.014822e-02 
 4.005340e+00  3.014822e-02 
 4.005661e+00  3.014823e-02 
 4.005983e+00  3.014823e-02 
 4.006304e+00  3.014824e-02 
 4.006626e+00  3.014824e-02 
 4.006947e+00  3.014825e-02 
 4.007269e+00  3.014825e-02 
 4.007591e+00  3.014826e-02 
 4.007912e+00  3.014826e-02 
 4.008234e+00  3.014826e-02 
 4.008555e+00  3.014827e-02 
 4.008877e+00  3.014827e-02 
 4.009198e+00  3.014828e-02 
 4.009520e+00  3.014828e-02 
 4.009841e+00  3.014829e-02 
 4.010163e+00  3.014829e-02 
 4.010485e+00  3.014830e-02 
 4.010806e+00  3.014830e-02 
 4.011128e+00  3.014830e-02 
 4.011449e+00  3.014831e-02 
 4.011771e+00  3.014831e-02 
 4.012092e+00  3.014832e-02 
 4.012414e+00  3.014832e-02 
 4.012735e+00  3.014832e-02 
 4.013057e+00  3.014833e-02 
 4.013379e+00  3.014833e-02 
 4.013700e+00  3.014833e-02 
 4.014022e+00  3.014834e-02 
 4.014343e+00  3.014834e-02 
 4.014665e+00  3.014834e-02 
 4.014986e+00  3.014835e-02 
 4.015308e+00  3.014835e-02 
 4.015629e+00  3.014835e-02 
 4.015951e+00  3.014836e-02 
 4.016273e+00  3.014836e-02 
 4.016594e+00  3.014836e-02 
 4.016916e+00  3.014837e-02 
 4.017237e+00  3.014837e-02 
 4.017559e+00  3.014837e-02 
 4.017880e+00  3.014838e-02 
 4.018202e+00  3.014838e-02 
 4.018523e+00  3.014838e-02 
 4.018845e+00  3.014838e-02 
 4.019167e+00  3.014839e-02 
 4.019488e+00  3.014839e-02 
 4.019810e+00  3.014839e-02 
 4.020131e+00  3.014839e-02 
 4.020453e+00  3.014839e-02 
 4.020774e+00  3.014840e-02 
 4.021096e+00  3.014840e-02 
 4.021417e+00  3.014840e-02 
 4.021739e+00  3.014840e-02 
 4.022061e+00  3.014840e-02 
 4.022382e+00  3.014841e-02 
 4.022704e+00  3.014841e-02 
 4.023025e+00  3.014841e-02 
 4.023347e+00  3.014841e-02 
 4.023668e+00  3.014841e-02 
 4.023990e+00  3.014841e-02 
 4.024311e+00  3.014841e-02 
 4.024633e+00  3.014841e-02 
 4.024955e+00  3.014842e-02 
 4.025276e+00  3.014842e-02 
 4.025598e+00  3.014842e-02 
 4.025919e+00  3.014842e-02 
 4.026241e+00  3.014842e-02 
 4.026562e+00  3.014842e-02 
 4.026884e+00  3.014842e-02 
 4.027205e+00  3.014842e-02 
 4.027527e+00  3.014842e-02 
 4.027849e+00  3.014842e-02 
 4.028170e+00  3.014842e-02 
 4.028492e+00  3.014842e-02 
 4.028813e+00  3.014842e-02 
 4.029135e+00  3.014842e-02 
 4.029456e+00  3.014842e-02 
 4.029778e+00  3.014842e-02 
 4.030099e+00  3.014842e-02 
 4.030421e+00  3.014842e-02 
 4.030743e+00  3.014842e-02 
 4.031064e+00  3.014842e-02 
 4.031386e+00  3.014842e-02 
 4.031707e+00  3.014842e-02 
 4.032029e+00  3.014842e-02 
 4.032350e+00  3.014842e-02 
 4.032672e+00  3.014842e-02 
 4.032993e+00  3.014842e-02 
 4.033315e+00  3.014842e-02 
 4.033637e+00  3.014842e-02 
 4.033958e+00  3.014842e-02 
 4.034280e+00  3.014841e-02 
 4.034601e+00  3.014841e-02 
 4.034923e+00  3.014841e-02 
 4.035244e+00  3.014841e-02 
 4.035566e+00  3.014841e-02 
 4.035887e+00  3.014841e-02 
 4.036209e+00  3.014841e-02 
 4.036531e+00  3.014841e-02 
 4.036852e+00  3.014840e-02 
 4.037174e+00  3.014840e-02 
 4.037495e+00  3.014840e-02 
 4.037817e+00  3.014840e-02 
 4.038138e+00  3.014840e-02 
 4.038460e+00  3.014840e-02 
 4.038781e+00  3.014839e-02 
 4.039103e+00  3.014839e-02 
 4.039425e+00  3.014839e-02 
 4.039746e+00  3.014839e-02 
 4.040068e+00  3.014839e-02 
 4.040389e+00  3.014838e-02 
 4.040711e+00  3.014838e-02 
 4.041032e+00  3.014838e-02 
 4.041354e+00  3.014838e-02 
 4.041676e+00  3.014837e-02 
 4.041997e+00  3.014837e-02 
 4.042319e+00  3.014837e-02 
 4.042640e+00  3.014837e-02 
 4.042962e+00  3.014836e-02 
 4.043283e+00  3.014836e-02 
 4.043605e+00  3.014836e-02 
 4.043926e+00  3.014835e-02 
 4.044248e+00  3.014835e-02 
 4.044570e+00  3.014835e-02 
 4.044891e+00  3.014835e-02 
 4.045213e+00  3.014834e-02 
 4.045534e+00  3.014834e-02 
 4.045856e+00  3.014834e-02 
 4.046177e+00  3.014833e-02 
 4.046499e+00  3.014833e-02 
 4.046820e+00  3.014833e-02 
 4.047142e+00  3.014832e-02 
 4.047464e+00  3.014832e-02 
 4.047785e+00  3.014832e-02 
 4.048107e+00  3.014831e-02 
 4.048428e+00  3.014831e-02 
 4.048750e+00  3.014830e-02 
 4.049071e+00  3.014830e-02 
 4.049393e+00  3.014830e-02 
 4.049714e+00  3.014829e-02 
 4.050036e+00  3.014829e-02 
 4.050358e+00  3.014829e-02 
 4.050679e+00  3.014828e-02 
 4.051001e+00  3.014828e-02 
 4.051322e+00  3.014827e-02 
 4.051644e+00  3.014827e-02 
 4.051965e+00  3.014826e-02 
 4.052287e+00  3.014826e-02 
 4.052608e+00  3.014826e-02 
 4.052930e+00  3.014825e-02 
 4.053252e+00  3.014825e-02 
 4.053573e+00  3.014824e-02 
 4.053895e+00  3.014824e-02 
 4.054216e+00  3.014823e-02 
 4.054538e+00  3.014823e-02 
 4.054859e+00  3.014822e-02 
 4.055181e+00  3.014822e-02 
 4.055502e+00  3.014822e-02 
 4.055824e+00  3.014821e-02 
 4.056146e+00  3.014821e-02 
 4.056467e+00  3.014820e-02 
 4.056789e+00  3.014820e-02 
 4.057110e+00  3.014819e-02 
 4.057432e+00  3.014819e-02 
 4.057753e+00  3.014818e-02 
 4.058075e+00  3.014818e-02 
 4.058396e+00  3.014817e-02 
 4.058718e+00  3.014817e-02 
 4.059040e+00  3.014816e-02 
 4.059361e+00  3.014815e-02 
 4.059683e+00  3.014815e-02 
 4.060004e+00  3.014814e-02 
 4.060326e+00  3.014814e-02 
 4.060647e+00  3.014813e-02 
 4.060969e+00  3.014813e-02 
 4.061290e+00  3.014812e-02 
 4.061612e+00  3.014812e-02 
 4.061934e+00  3.014811e-02 
 4.062255e+00  3.014811e-02 
 4.062577e+00  3.014810e-02 
 4.062898e+00  3.014809e-02 
 4.063220e+00  3.014809e-02 
 4.063541e+00  3.014808e-02 
 4.063863e+00  3.014808e-02 
 4.064184e+00  3.014807e-02 
 4.064506e+00  3.014806e-02 
 4.064828e+00  3.014806e-02 
 4.065149e+00  3.014805e-02 
 4.065471e+00  3.014805e-02 
 4.065792e+00  3.014804e-02 
 4.066114e+00  3.014803e-02 
 4.066435e+00  3.014803e-02 
 4.066757e+00  3.014802e-02 
 4.067078e+00  3.014802e-02 
 4.067400e+00  3.014801e-02 
 4.067722e+00  3.014800e-02 
 4.068043e+00  3.014800e-02 
 4.068365e+00  3.014799e-02 
 4.068686e+00  3.014798e-02 
 4.069008e+00  3.014798e-02 
 4.069329e+00  3.014797e-02 
 4.069651e+00  3.014796e-02 
 4.069972e+00  3.014796e-02 
 4.070294e+00  3.014795e-02 
 4.070616e+00  3.014795e-02 
 4.070937e+00  3.014794e-02 
 4.071259e+00  3.014793e-02 
 4.071580e+00  3.014793e-02 
 4.071902e+00  3.014792e-02 
 4.072223e+00  3.014791e-02 
 4.072545e+00  3.014791e-02 
 4.072866e+00  3.014790e-02 
 4.073188e+00  3.014789e-02 
 4.073510e+00  3.014789e-02 
 4.073831e+00  3.014788e-02 
 4.074153e+00  3.014787e-02 
 4.074474e+00  3.014787e-02 
 4.074796e+00  3.014786e-02 
 4.075117e+00  3.014785e-02 
 4.075439e+00  3.014785e-02 
 4.075760e+00  3.014784e-02 
 4.076082e+00  3.014783e-02 
 4.076404e+00  3.014782e-02 
 4.076725e+00  3.014782e-02 
 4.077047e+00  3.014781e-02 
 4.077368e+00  3.014780e-02 
 4.077690e+00  3.014780e-02 
 4.078011e+00  3.014779e-02 
 4.078333e+00  3.014778e-02 
 4.078654e+00  3.014778e-02 
 4.078976e+00  3.014777e-02 
 4.079298e+00  3.014776e-02 
 4.079619e+00  3.014776e-02 
 4.079941e+00  3.014775e-02 
 4.080262e+00  3.014774e-02 
 4.080584e+00  3.014774e-02 
 4.080905e+00  3.014773e-02 
 4.081227e+00  3.014772e-02 
 4.081548e+00  3.014772e-02 
 4.081870e+00  3.014771e-02 
 4.082192e+00  3.014770e-02 
 4.082513e+00  3.014770e-02 
 4.082835e+00  3.014769e-02 
 4.083156e+00  3.014768e-02 
 4.083478e+00  3.014768e-02 
 4.083799e+00  3.014767e-02 
 4.084121e+00  3.014766e-02 
 4.084443e+00  3.014766e-02 
 4.084764e+00  3.014765e-02 
 4.085086e+00  3.014764e-02 
 4.085407e+00  3.014764e-02 
 4.085729e+00  3.014763e-02 
 4.086050e+00  3.014763e-02 
 4.086372e+00  3.014762e-02 
 4.086693e+00  3.014761e-02 
 4.087015e+00  3.014761e-02 
 4.087337e+00  3.014760e-02 
 4.087658e+00  3.014759e-02 
 4.087980e+00  3.014759e-02 
 4.088301e+00  3.014758e-02 
 4.088623e+00  3.014758e-02 
 4.088944e+00  3.014757e-02 
 4.089266e+00  3.014756e-02 
 4.089587e+00  3.014756e-02 
 4.089909e+00  3.014755e-02 
 4.090231e+00  3.014755e-02 
 4.090552e+00  3.014754e-02 
 4.090874e+00  3.014753e-02 
 4.091195e+00  3.014753e-02 
 4.091517e+00  3.014752e-02 
 4.091838e+00  3.014752e-02 
 4.092160e+00  3.014751e-02 
 4.092481e+00  3.014751e-02 
 4.092803e+00  3.014750e-02 
 4.093125e+00  3.014749e-02 
 4.093446e+00  3.014749e-02 
 4.093768e+00  3.014748e-02 
 4.094089e+00  3.014748e-02 
 4.094411e+00  3.014747e-02 
 4.094732e+00  3.014747e-02 
 4.095054e+00  3.014746e-02 
 4.095375e+00  3.014746e-02 
 4.095697e+00  3.014745e-02 
 4.096019e+00  3.014745e-02 
 4.096340e+00  3.014744e-02 
 4.096662e+00  3.014744e-02 
 4.096983e+00  3.014743e-02 
 4.097305e+00  3.014743e-02 
 4.097626e+00  3.014742e-02 
 4.097948e+00  3.014742e-02 
 4.098269e+00  3.014741e-02 
 4.098591e+00  3.014741e-02 
 4.098913e+00  3.014740e-02 
 4.099234e+00  3.014740e-02 
 4.099556e+00  3.014739e-02 
 4.099877e+00  3.014739e-02 
 4.100199e+00  3.014738e-02 
 4.100520e+00  3.014738e-02 
 4.100842e+00  3.014737e-02 
 4.101163e+00  3.014737e-02 
 4.101485e+00  3.014736e-02 
 4.101807e+00  3.014736e-02 
 4.102128e+00  3.014736e-02 
 4.102450e+00  3.014735e-02 
 4.102771e+00  3.014735e-02 
 4.103093e+00  3.014734e-02 
 4.103414e+00  3.014734e-02 
 4.103736e+00  3.014733e-02 
 4.104057e+00  3.014733e-02 
 4.104379e+00  3.014733e-02 
 4.104701e+00  3.014732e-02 
 4.105022e+00  3.014732e-02 
 4.105344e+00  3.014731e-02 
 4.105665e+00  3.014731e-02 
 4.105987e+00  3.014731e-02 
 4.106308e+00  3.014730e-02 
 4.106630e+00  3.014730e-02 
 4.106951e+00  3.014729e-02 
 4.107273e+00  3.014729e-02 
 4.107595e+00  3.014729e-02 
 4.107916e+00  3.014728e-02 
 4.108238e+00  3.014728e-02 
 4.108559e+00  3.014727e-02 
 4.108881e+00  3.014727e-02 
 4.109202e+00  3.014727e-02 
 4.109524e+00  3.014726e-02 
 4.109845e+00  3.014726e-02 
 4.110167e+00  3.014726e-02 
 4.110489e+00  3.014725e-02 
 4.110810e+00  3.014725e-02 
 4.111132e+00  3.014725e-02 
 4.111453e+00  3.014724e-02 
 4.111775e+00  3.014724e-02 
 4.112096e+00  3.014724e-02 
 4.112418e+00  3.014723e-02 
 4.112739e+00  3.014723e-02 
 4.113061e+00  3.014723e-02 
 4.113383e+00  3.014722e-02 
 4.113704e+00  3.014722e-02 
 4.114026e+00  3.014722e-02 
 4.114347e+00  3.014721e-02 
 4.114669e+00  3.014721e-02 
 4.114990e+00  3.014721e-02 
 4.115312e+00  3.014720e-02 
 4.115633e+00  3.014720e-02 
 4.115955e+00  3.014720e-02 
 4.116277e+00  3.014719e-02 
 4.116598e+00  3.014719e-02 
 4.116920e+00  3.014719e-02 
 4.117241e+00  3.014718e-02 
 4.117563e+00  3.014718e-02 
 4.117884e+00  3.014718e-02 
 4.118206e+00  3.014717e-02 
 4.118527e+00  3.014717e-02 
 4.118849e+00  3.014717e-02 
 4.119171e+00  3.014717e-02 
 4.119492e+00  3.014716e-02 
 4.119814e+00  3.014716e-02 
 4.120135e+00  3.014716e-02 
 4.120457e+00  3.014715e-02 
 4.120778e+00  3.014715e-02 
 4.121100e+00  3.014715e-02 
 4.121421e+00  3.014714e-02 
 4.121743e+00  3.014714e-02 
 4.122065e+00  3.014714e-02 
 4.122386e+00  3.014714e-02 
 4.122708e+00  3.014713e-02 
 4.123029e+00  3.014713e-02 
 4.123351e+00  3.014713e-02 
 4.123672e+00  3.014712e-02 
 4.123994e+00  3.014712e-02 
 4.124315e+00  3.014712e-02 
 4.124637e+00  3.014711e-02 
 4.124959e+00  3.014711e-02 
 4.125280e+00  3.014711e-02 
 4.125602e+00  3.014711e-02 
 4.125923e+00  3.014710e-02 
 4.126245e+00  3.014710e-02 
 4.126566e+00  3.014710e-02 
 4.126888e+00  3.014710e-02 
 4.127209e+00  3.014709e-02 
 4.127531e+00  3.014709e-02 
 4.127853e+00  3.014709e-02 
 4.128174e+00  3.014709e-02 
 4.128496e+00  3.014708e-02 
 4.128817e+00  3.014708e-02 
 4.129139e+00  3.014708e-02 
 4.129460e+00  3.014708e-02 
 4.129782e+00  3.014707e-02 
 4.130104e+00  3.014707e-02 
 4.130425e+00  3.014707e-02 
 4.130747e+00  3.014707e-02 
 4.131068e+00  3.014706e-02 
 4.131390e+00  3.014706e-02 
 4.131711e+00  3.014706e-02 
 4.132033e+00  3.014706e-02 
 4.132354e+00  3.014706e-02 
 4.132676e+00  3.014705e-02 
 4.132998e+00  3.014705e-02 
 4.133319e+00  3.014705e-02 
 4.133641e+00  3.014705e-02 
 4.133962e+00  3.014705e-02 
 4.134284e+00  3.014705e-02 
 4.134605e+00  3.014704e-02 
 4.134927e+00  3.014704e-02 
 4.135248e+00  3.014704e-02 
 4.135570e+00  3.014704e-02 
 4.135892e+00  3.014704e-02 
 4.136213e+00  3.014704e-02 
 4.136535e+00  3.014704e-02 
 4.136856e+00  3.014704e-02 
 4.137178e+00  3.014703e-02 
 4.137499e+00  3.014703e-02 
 4.137821e+00  3.014703e-02 
 4.138142e+00  3.014703e-02 
 4.138464e+00  3.014703e-02 
 4.138786e+00  3.014703e-02 
 4.139107e+00  3.014703e-02 
 4.139429e+00  3.014703e-02 
 4.139750e+00  3.014703e-02 
 4.140072e+00  3.014703e-02 
 4.140393e+00  3.014703e-02 
 4.140715e+00  3.014703e-02 
 4.141036e+00  3.014703e-02 
 4.141358e+00  3.014703e-02 
 4.141680e+00  3.014703e-02 
 4.142001e+00  3.014703e-02 
 4.142323e+00  3.014702e-02 
 4.142644e+00  3.014702e-02 
 4.142966e+00  3.014702e-02 
 4.143287e+00  3.014702e-02 
 4.143609e+00  3.014702e-02 
 4.143930e+00  3.014702e-02 
 4.144252e+00  3.014702e-02 
 4.144574e+00  3.014703e-02 
 4.144895e+00  3.014703e-02 
 4.145217e+00  3.014703e-02 
 4.145538e+00  3.014703e-02 
 4.145860e+00  3.014703e-02 
 4.146181e+00  3.014703e-02 
 4.146503e+00  3.014703e-02 
 4.146824e+00  3.014703e-02 
 4.147146e+00  3.014703e-02 
 4.147468e+00  3.014703e-02 
 4.147789e+00  3.014703e-02 
 4.148111e+00  3.014703e-02 
 4.148432e+00  3.014703e-02 
 4.148754e+00  3.014703e-02 
 4.149075e+00  3.014703e-02 
 4.149397e+00  3.014703e-02 
 4.149718e+00  3.014703e-02 
 4.150040e+00  3.014703e-02 
 4.150362e+00  3.014703e-02 
 4.150683e+00  3.014703e-02 
 4.151005e+00  3.014704e-02 
 4.151326e+00  3.014704e-02 
 4.151648e+00  3.014704e-02 
 4.151969e+00  3.014704e-02 
 4.152291e+00  3.014704e-02 
 4.152612e+00  3.014704e-02 
 4.152934e+00  3.014704e-02 
 4.153256e+00  3.014704e-02 
 4.153577e+00  3.014704e-02 
 4.153899e+00  3.014704e-02 
 4.154220e+00  3.014704e-02 
 4.154542e+00  3.014704e-02 
 4.154863e+00  3.014704e-02 
 4.155185e+00  3.014704e-02 
 4.155506e+00  3.014705e-02 
 4.155828e+00  3.014705e-02 
 4.156150e+00  3.014705e-02 
 4.156471e+00  3.014705e-02 
 4.156793e+00  3.014705e-02 
 4.157114e+00  3.014705e-02 
 4.157436e+00  3.014705e-02 
 4.157757e+00  3.014705e-02 
 4.158079e+00  3.014705e-02 
 4.158400e+00  3.014705e-02 
 4.158722e+00  3.014705e-02 
 4.159044e+00  3.014705e-02 
 4.159365e+00  3.014705e-02 
 4.159687e+00  3.014705e-02 
 4.160008e+00  3.014705e-02 
 4.160330e+00  3.014705e-02 
 4.160651e+00  3.014705e-02 
 4.160973e+00  3.014705e-02 
 4.161294e+00  3.014705e-02 
 4.161616e+00  3.014705e-02 
 4.161938e+00  3.014705e-02 
 4.162259e+00  3.014705e-02 
 4.162581e+00  3.014705e-02 
 4.162902e+00  3.014705e-02 
 4.163224e+00  3.014705e-02 
 4.163545e+00  3.014705e-02 
 4.163867e+00  3.014705e-02 
 4.164188e+00  3.014705e-02 
 4.164510e+00  3.014705e-02 
 4.164832e+00  3.014705e-02 
 4.165153e+00  3.014705e-02 
 4.165475e+00  3.014705e-02 
 4.165796e+00  3.014705e-02 
 4.166118e+00  3.014705e-02 
 4.166439e+00  3.014705e-02 
 4.166761e+00  3.014705e-02 
 4.167082e+00  3.014704e-02 
 4.167404e+00  3.014704e-02 
 4.167726e+00  3.014704e-02 
 4.168047e+00  3.014704e-02 
 4.168369e+00  3.014704e-02 
 4.168690e+00  3.014704e-02 
 4.169012e+00  3.014704e-02 
 4.169333e+00  3.014704e-02 
 4.169655e+00  3.014704e-02 
 4.169976e+00  3.014703e-02 
 4.170298e+00  3.014703e-02 
 4.170620e+00  3.014703e-02 
 4.170941e+00  3.014703e-02 
 4.171263e+00  3.014703e-02 
 4.171584e+00  3.014703e-02 
 4.171906e+00  3.014703e-02 
 4.172227e+00  3.014702e-02 
 4.172549e+00  3.014702e-02 
 4.172871e+00  3.014702e-02 
 4.173192e+00  3.014702e-02 
 4.173514e+00  3.014702e-02 
 4.173835e+00  3.014702e-02 
 4.174157e+00  3.014701e-02 
 4.174478e+00  3.014701e-02 
 4.174800e+00  3.014701e-02 
 4.175121e+00  3.014701e-02 
 4.175443e+00  3.014701e-02 
 4.175765e+00  3.014700e-02 
 4.176086e+00  3.014700e-02 
 4.176408e+00  3.014700e-02 
 4.176729e+00  3.014700e-02 
 4.177051e+00  3.014700e-02 
 4.177372e+00  3.014699e-02 
 4.177694e+00  3.014699e-02 
 4.178015e+00  3.014699e-02 
 4.178337e+00  3.014699e-02 
 4.178659e+00  3.014699e-02 
 4.178980e+00  3.014698e-02 
 4.179302e+00  3.014698e-02 
 4.179623e+00  3.014698e-02 
 4.179945e+00  3.014698e-02 
 4.180266e+00  3.014697e-02 
 4.180588e+00  3.014697e-02 
 4.180909e+00  3.014697e-02 
 4.181231e+00  3.014697e-02 
 4.181553e+00  3.014696e-02 
 4.181874e+00  3.014696e-02 
 4.182196e+00  3.014696e-02 
 4.182517e+00  3.014696e-02 
 4.182839e+00  3.014695e-02 
 4.183160e+00  3.014695e-02 
 4.183482e+00  3.014695e-02 
 4.183803e+00  3.014695e-02 
 4.184125e+00  3.014694e-02 
 4.184447e+00  3.014694e-02 
 4.184768e+00  3.014694e-02 
 4.185090e+00  3.014694e-02 
 4.185411e+00  3.014693e-02 
 4.185733e+00  3.014693e-02 
 4.186054e+00  3.014693e-02 
 4.186376e+00  3.014693e-02 
 4.186697e+00  3.014692e-02 
 4.187019e+00  3.014692e-02 
 4.187341e+00  3.014692e-02 
 4.187662e+00  3.014692e-02 
 4.187984e+00  3.014691e-02 
 4.188305e+00  3.014691e-02 
 4.188627e+00  3.014691e-02 
 4.188948e+00  3.014691e-02 
 4.189270e+00  3.014690e-02 
 4.189591e+00  3.014690e-02 
 4.189913e+00  3.014690e-02 
 4.190235e+00  3.014690e-02 
 4.190556e+00  3.014689e-02 
 4.190878e+00  3.014689e-02 
 4.191199e+00  3.014689e-02 
 4.191521e+00  3.014689e-02 
 4.191842e+00  3.014688e-02 
 4.192164e+00  3.014688e-02 
 4.192485e+00  3.014688e-02 
 4.192807e+00  3.014688e-02 
 4.193129e+00  3.014687e-02 
 4.193450e+00  3.014687e-02 
 4.193772e+00  3.014687e-02 
 4.194093e+00  3.014687e-02 
 4.194415e+00  3.014686e-02 
 4.194736e+00  3.014686e-02 
 4.195058e+00  3.014686e-02 
 4.195379e+00  3.014686e-02 
 4.195701e+00  3.014685e-02 
 4.196023e+00  3.014685e-02 
 4.196344e+00  3.014685e-02 
 4.196666e+00  3.014685e-02 
 4.196987e+00  3.014685e-02 
 4.197309e+00  3.014684e-02 
 4.197630e+00  3.014684e-02 
 4.197952e+00  3.014684e-02 
 4.198273e+00  3.014684e-02 
 4.198595e+00  3.014683e-02 
 4.198917e+00  3.014683e-02 
 4.199238e+00  3.014683e-02 
 4.199560e+00  3.014683e-02 
 4.199881e+00  3.014682e-02 
 4.200203e+00  3.014682e-02 
 4.200524e+00  3.014682e-02 
 4.200846e+00  3.014682e-02 
 4.201167e+00  3.014681e-02 
 4.201489e+00  3.014681e-02 
 4.201811e+00  3.014681e-02 
 4.202132e+00  3.014681e-02 
 4.202454e+00  3.014681e-02 
 4.202775e+00  3.014680e-02 
 4.203097e+00  3.014680e-02 
 4.203418e+00  3.014680e-02 
 4.203740e+00  3.014680e-02 
 4.204061e+00  3.014679e-02 
 4.204383e+00  3.014679e-02 
 4.204705e+00  3.014679e-02 
 4.205026e+00  3.014679e-02 
 4.205348e+00  3.014678e-02 
 4.205669e+00  3.014678e-02 
 4.205991e+00  3.014678e-02 
 4.206312e+00  3.014678e-02 
 4.206634e+00  3.014678e-02 
 4.206955e+00  3.014677e-02 
 4.207277e+00  3.014677e-02 
 4.207599e+00  3.014677e-02 
 4.207920e+00  3.014677e-02 
 4.208242e+00  3.014676e-02 
 4.208563e+00  3.014676e-02 
 4.208885e+00  3.014676e-02 
 4.209206e+00  3.014676e-02 
 4.209528e+00  3.014675e-02 
 4.209849e+00  3.014675e-02 
 4.210171e+00  3.014675e-02 
 4.210493e+00  3.014675e-02 
 4.210814e+00  3.014675e-02 
 4.211136e+00  3.014674e-02 
 4.211457e+00  3.014674e-02 
 4.211779e+00  3.014674e-02 
 4.212100e+00  3.014674e-02 
 4.212422e+00  3.014673e-02 
 4.212743e+00  3.014673e-02 
 4.213065e+00  3.014673e-02 
 4.213387e+00  3.014673e-02 
 4.213708e+00  3.014672e-02 
 4.214030e+00  3.014672e-02 
 4.214351e+00  3.014672e-02 
 4.214673e+00  3.014672e-02 
 4.214994e+00  3.014671e-02 
 4.215316e+00  3.014671e-02 
 4.215637e+00  3.014671e-02 
 4.215959e+00  3.014671e-02 
 4.216281e+00  3.014670e-02 
 4.216602e+00  3.014670e-02 
 4.216924e+00  3.014670e-02 
 4.217245e+00  3.014670e-02 
 4.217567e+00  3.014669e-02 
 4.217888e+00  3.014669e-02 
 4.218210e+00  3.014669e-02 
 4.218532e+00  3.014669e-02 
 4.218853e+00  3.014668e-02 
 4.219175e+00  3.014668e-02 
 4.219496e+00  3.014668e-02 
 4.219818e+00  3.014668e-02 
 4.220139e+00  3.014667e-02 
 4.220461e+00  3.014667e-02 
 4.220782e+00  3.014667e-02 
 4.221104e+00  3.014666e-02 
 4.221426e+00  3.014666e-02 
 4.221747e+00  3.014666e-02 
 4.222069e+00  3.014666e-02 
 4.222390e+00  3.014665e-02 
 4.222712e+00  3.014665e-02 
 4.223033e+00  3.014665e-02 
 4.223355e+00  3.014664e-02 
 4.223676e+00  3.014664e-02 
 4.223998e+00  3.014664e-02 
 4.224320e+00  3.014663e-02 
 4.224641e+00  3.014663e-02 
 4.224963e+00  3.014663e-02 
 4.225284e+00  3.014662e-02 
 4.225606e+00  3.014662e-02 
 4.225927e+00  3.014661e-02 
 4.226249e+00  3.014661e-02 
 4.226570e+00  3.014661e-02 
 4.226892e+00  3.014660e-02 
 4.227214e+00  3.014660e-02 
 4.227535e+00  3.014660e-02 
 4.227857e+00  3.014659e-02 
 4.228178e+00  3.014659e-02 
 4.228500e+00  3.014658e-02 
 4.228821e+00  3.014658e-02 
 4.229143e+00  3.014657e-02 
 4.229464e+00  3.014657e-02 
 4.229786e+00  3.014657e-02 
 4.230108e+00  3.014656e-02 
 4.230429e+00  3.014656e-02 
 4.230751e+00  3.014655e-02 
 4.231072e+00  3.014655e-02 
 4.231394e+00  3.014654e-02 
 4.231715e+00  3.014654e-02 
 4.232037e+00  3.014653e-02 
 4.232358e+00  3.014653e-02 
 4.232680e+00  3.014652e-02 
 4.233002e+00  3.014652e-02 
 4.233323e+00  3.014651e-02 
 4.233645e+00  3.014650e-02 
 4.233966e+00  3.014650e-02 
 4.234288e+00  3.014649e-02 
 4.234609e+00  3.014649e-02 
 4.234931e+00  3.014648e-02 
 4.235252e+00  3.014648e-02 
 4.235574e+00  3.014647e-02 
 4.235896e+00  3.014646e-02 
 4.236217e+00  3.014646e-02 
 4.236539e+00  3.014645e-02 
 4.236860e+00  3.014644e-02 
 4.237182e+00  3.014644e-02 
 4.237503e+00  3.014643e-02 
 4.237825e+00  3.014642e-02 
 4.238146e+00  3.014642e-02 
 4.238468e+00  3.014641e-02 
 4.238790e+00  3.014640e-02 
 4.239111e+00  3.014640e-02 
 4.239433e+00  3.014639e-02 
 4.239754e+00  3.014638e-02 
 4.240076e+00  3.014638e-02 
 4.240397e+00  3.014637e-02 
 4.240719e+00  3.014636e-02 
 4.241040e+00  3.014635e-02 
 4.241362e+00  3.014635e-02 
 4.241684e+00  3.014634e-02 
 4.242005e+00  3.014633e-02 
 4.242327e+00  3.014632e-02 
 4.242648e+00  3.014631e-02 
 4.242970e+00  3.014631e-02 
 4.243291e+00  3.014630e-02 
 4.243613e+00  3.014629e-02 
 4.243934e+00  3.014628e-02 
 4.244256e+00  3.014627e-02 
 4.244578e+00  3.014627e-02 
 4.244899e+00  3.014626e-02 
 4.245221e+00  3.014625e-02 
 4.245542e+00  3.014624e-02 
 4.245864e+00  3.014623e-02 
 4.246185e+00  3.014622e-02 
 4.246507e+00  3.014621e-02 
 4.246828e+00  3.014621e-02 
 4.247150e+00  3.014620e-02 
 4.247472e+00  3.014619e-02 
 4.247793e+00  3.014618e-02 
 4.248115e+00  3.014617e-02 
 4.248436e+00  3.014616e-02 
 4.248758e+00  3.014615e-02 
 4.249079e+00  3.014614e-02 
 4.249401e+00  3.014613e-02 
 4.249722e+00  3.014612e-02 
 4.250044e+00  3.014611e-02 
 4.250366e+00  3.014610e-02 
 4.250687e+00  3.014609e-02 
 4.251009e+00  3.014608e-02 
 4.251330e+00  3.014607e-02 
 4.251652e+00  3.014607e-02 
 4.251973e+00  3.014606e-02 
 4.252295e+00  3.014605e-02 
 4.252616e+00  3.014604e-02 
 4.252938e+00  3.014603e-02 
 4.253260e+00  3.014602e-02 
 4.253581e+00  3.014601e-02 
 4.253903e+00  3.014600e-02 
 4.254224e+00  3.014599e-02 
 4.254546e+00  3.014598e-02 
 4.254867e+00  3.014597e-02 
 4.255189e+00  3.014596e-02 
 4.255510e+00  3.014595e-02 
 4.255832e+00  3.014593e-02 
 4.256154e+00  3.014592e-02 
 4.256475e+00  3.014591e-02 
 4.256797e+00  3.014590e-02 
 4.257118e+00  3.014589e-02 
 4.257440e+00  3.014588e-02 
 4.257761e+00  3.014587e-02 
 4.258083e+00  3.014586e-02 
 4.258404e+00  3.014585e-02 
 4.258726e+00  3.014584e-02 
 4.259048e+00  3.014583e-02 
 4.259369e+00  3.014582e-02 
 4.259691e+00  3.014581e-02 
 4.260012e+00  3.014580e-02 
 4.260334e+00  3.014579e-02 
 4.260655e+00  3.014578e-02 
 4.260977e+00  3.014576e-02 
 4.261299e+00  3.014575e-02 
 4.261620e+00  3.014574e-02 
 4.261942e+00  3.014573e-02 
 4.262263e+00  3.014572e-02 
 4.262585e+00  3.014571e-02 
 4.262906e+00  3.014570e-02 
 4.263228e+00  3.014569e-02 
 4.263549e+00  3.014568e-02 
 4.263871e+00  3.014566e-02 
 4.264193e+00  3.014565e-02 
 4.264514e+00  3.014564e-02 
 4.264836e+00  3.014563e-02 
 4.265157e+00  3.014562e-02 
 4.265479e+00  3.014561e-02 
 4.265800e+00  3.014560e-02 
 4.266122e+00  3.014558e-02 
 4.266443e+00  3.014557e-02 
 4.266765e+00  3.014556e-02 
 4.267087e+00  3.014555e-02 
 4.267408e+00  3.014554e-02 
 4.267730e+00  3.014552e-02 
 4.268051e+00  3.014551e-02 
 4.268373e+00  3.014550e-02 
 4.268694e+00  3.014549e-02 
 4.269016e+00  3.014548e-02 
 4.269337e+00  3.014547e-02 
 4.269659e+00  3.014545e-02 
 4.269981e+00  3.014544e-02 
 4.270302e+00  3.014543e-02 
 4.270624e+00  3.014542e-02 
 4.270945e+00  3.014540e-02 
 4.271267e+00  3.014539e-02 
 4.271588e+00  3.014538e-02 
 4.271910e+00  3.014537e-02 
 4.272231e+00  3.014536e-02 
 4.272553e+00  3.014534e-02 
 4.272875e+00  3.014533e-02 
 4.273196e+00  3.014532e-02 
 4.273518e+00  3.014531e-02 
 4.273839e+00  3.014529e-02 
 4.274161e+00  3.014528e-02 
 4.274482e+00  3.014527e-02 
 4.274804e+00  3.014526e-02 
 4.275125e+00  3.014524e-02 
 4.275447e+00  3.014523e-02 
 4.275769e+00  3.014522e-02 
 4.276090e+00  3.014521e-02 
 4.276412e+00  3.014519e-02 
 4.276733e+00  3.014518e-02 
 4.277055e+00  3.014517e-02 
 4.277376e+00  3.014515e-02 
 4.277698e+00  3.014514e-02 
 4.278019e+00  3.014513e-02 
 4.278341e+00  3.014512e-02 
 4.278663e+00  3.014510e-02 
 4.278984e+00  3.014509e-02 
 4.279306e+00  3.014508e-02 
 4.279627e+00  3.014506e-02 
 4.279949e+00  3.014505e-02 
 4.280270e+00  3.014504e-02 
 4.280592e+00  3.014502e-02 
 4.280913e+00  3.014501e-02 
 4.281235e+00  3.014500e-02 
 4.281557e+00  3.014499e-02 
 4.281878e+00  3.014497e-02 
 4.282200e+00  3.014496e-02 
 4.282521e+00  3.014495e-02 
 4.282843e+00  3.014493e-02 
 4.283164e+00  3.014492e-02 
 4.283486e+00  3.014491e-02 
 4.283807e+00  3.014489e-02 
 4.284129e+00  3.014488e-02 
 4.284451e+00  3.014487e-02 
 4.284772e+00  3.014485e-02 
 4.285094e+00  3.014484e-02 
 4.285415e+00  3.014483e-02 
 4.285737e+00  3.014482e-02 
 4.286058e+00  3.014480e-02 
 4.286380e+00  3.014479e-02 
 4.286701e+00  3.014478e-02 
 4.287023e+00  3.014476e-02 
 4.287345e+00  3.014475e-02 
 4.287666e+00  3.014474e-02 
 4.287988e+00  3.014472e-02 
 4.288309e+00  3.014471e-02 
 4.288631e+00  3.014470e-02 
 4.288952e+00  3.014468e-02 
 4.289274e+00  3.014467e-02 
 4.289595e+00  3.014466e-02 
 4.289917e+00  3.014464e-02 
 4.290239e+00  3.014463e-02 
 4.290560e+00  3.014462e-02 
 4.290882e+00  3.014460e-02 
 4.291203e+00  3.014459e-02 
 4.291525e+00  3.014458e-02 
 4.291846e+00  3.014457e-02 
 4.292168e+00  3.014455e-02 
 4.292489e+00  3.014454e-02 
 4.292811e+00  3.014453e-02 
 4.293133e+00  3.014451e-02 
 4.293454e+00  3.014450e-02 
 4.293776e+00  3.014449e-02 
 4.294097e+00  3.014447e-02 
 4.294419e+00  3.014446e-02 
 4.294740e+00  3.014445e-02 
 4.295062e+00  3.014443e-02 
 4.295383e+00  3.014442e-02 
 4.295705e+00  3.014441e-02 
 4.296027e+00  3.014440e-02 
 4.296348e+00  3.014438e-02 
 4.296670e+00  3.014437e-02 
 4.296991e+00  3.014436e-02 
 4.297313e+00  3.014434e-02 
 4.297634e+00  3.014433e-02 
 4.297956e+00  3.014432e-02 
 4.298277e+00  3.014431e-02 
 4.298599e+00  3.014429e-02 
 4.298921e+00  3.014428e-02 
 4.299242e+00  3.014427e-02 
 4.299564e+00  3.014425e-02 
 4.299885e+00  3.014424e-02 
 4.300207e+00  3.014423e-02 
 4.300528e+00  3.014422e-02 
 4.300850e+00  3.014420e-02 
 4.301171e+00  3.014419e-02 
 4.301493e+00  3.014418e-02 
 4.301815e+00  3.014416e-02 
 4.302136e+00  3.014415e-02 
 4.302458e+00  3.014414e-02 
 4.302779e+00  3.014413e-02 
 4.303101e+00  3.014411e-02 
 4.303422e+00  3.014410e-02 
 4.303744e+00  3.014409e-02 
 4.304065e+00  3.014407e-02 
 4.304387e+00  3.014406e-02 
 4.304709e+00  3.014405e-02 
 4.305030e+00  3.014404e-02 
 4.305352e+00  3.014402e-02 
 4.305673e+00  3.014401e-02 
 4.305995e+00  3.014400e-02 
 4.306316e+00  3.014399e-02 
 4.306638e+00  3.014397e-02 
 4.306960e+00  3.014396e-02 
 4.307281e+00  3.014395e-02 
 4.307603e+00  3.014393e-02 
 4.307924e+00  3.014392e-02 
 4.308246e+00  3.014391e-02 
 4.308567e+00  3.014390e-02 
 4.308889e+00  3.014388e-02 
 4.309210e+00  3.014387e-02 
 4.309532e+00  3.014386e-02 
 4.309854e+00  3.014384e-02 
 4.310175e+00  3.014383e-02 
 4.310497e+00  3.014382e-02 
 4.310818e+00  3.014381e-02 
 4.311140e+00  3.014379e-02 
 4.311461e+00  3.014378e-02 
 4.311783e+00  3.014377e-02 
 4.312104e+00  3.014375e-02 
 4.312426e+00  3.014374e-02 
 4.312748e+00  3.014373e-02 
 4.313069e+00  3.014372e-02 
 4.313391e+00  3.014370e-02 
 4.313712e+00  3.014369e-02 
 4.314034e+00  3.014368e-02 
 4.314355e+00  3.014366e-02 
 4.314677e+00  3.014365e-02 
 4.314998e+00  3.014364e-02 
 4.315320e+00  3.014362e-02 
 4.315642e+00  3.014361e-02 
 4.315963e+00  3.014360e-02 
 4.316285e+00  3.014359e-02 
 4.316606e+00  3.014357e-02 
 4.316928e+00  3.014356e-02 
 4.317249e+00  3.014355e-02 
 4.317571e+00  3.014353e-02 
 4.317892e+00  3.014352e-02 
 4.318214e+00  3.014351e-02 
 4.318536e+00  3.014349e-02 
 4.318857e+00  3.014348e-02 
 4.319179e+00  3.014347e-02 
 4.319500e+00  3.014345e-02 
 4.319822e+00  3.014344e-02 
 4.320143e+00  3.014343e-02 
 4.320465e+00  3.014341e-02 
 4.320786e+00  3.014340e-02 
 4.321108e+00  3.014339e-02 
 4.321430e+00  3.014337e-02 
 4.321751e+00  3.014336e-02 
 4.322073e+00  3.014335e-02 
 4.322394e+00  3.014333e-02 
 4.322716e+00  3.014332e-02 
 4.323037e+00  3.014331e-02 
 4.323359e+00  3.014329e-02 
 4.323680e+00  3.014328e-02 
 4.324002e+00  3.014327e-02 
 4.324324e+00  3.014325e-02 
 4.324645e+00  3.014324e-02 
 4.324967e+00  3.014323e-02 
 4.325288e+00  3.014321e-02 
 4.325610e+00  3.014320e-02 
 4.325931e+00  3.014319e-02 
 4.326253e+00  3.014317e-02 
 4.326574e+00  3.014316e-02 
 4.326896e+00  3.014314e-02 
 4.327218e+00  3.014313e-02 
 4.327539e+00  3.014312e-02 
 4.327861e+00  3.014310e-02 
 4.328182e+00  3.014309e-02 
 4.328504e+00  3.014308e-02 
 4.328825e+00  3.014306e-02 
 4.329147e+00  3.014305e-02 
 4.329468e+00  3.014304e-02 
 4.329790e+00  3.014302e-02 
 4.330112e+00  3.014301e-02 
 4.330433e+00  3.014300e-02 
 4.330755e+00  3.014298e-02 
 4.331076e+00  3.014297e-02 
 4.331398e+00  3.014296e-02 
 4.331719e+00  3.014294e-02 
 4.332041e+00  3.014293e-02 
 4.332362e+00  3.014292e-02 
 4.332684e+00  3.014290e-02 
 4.333006e+00  3.014289e-02 
 4.333327e+00  3.014288e-02 
 4.333649e+00  3.014286e-02 
 4.333970e+00  3.014285e-02 
 4.334292e+00  3.014284e-02 
 4.334613e+00  3.014282e-02 
 4.334935e+00  3.014281e-02 
 4.335256e+00  3.014280e-02 
 4.335578e+00  3.014278e-02 
 4.335900e+00  3.014277e-02 
 4.336221e+00  3.014276e-02 
 4.336543e+00  3.014274e-02 
 4.336864e+00  3.014273e-02 
 4.337186e+00  3.014272e-02 
 4.337507e+00  3.014270e-02 
 4.337829e+00  3.014269e-02 
 4.338150e+00  3.014268e-02 
 4.338472e+00  3.014266e-02 
 4.338794e+00  3.014265e-02 
 4.339115e+00  3.014264e-02 
 4.339437e+00  3.014262e-02 
 4.339758e+00  3.014261e-02 
 4.340080e+00  3.014260e-02 
 4.340401e+00  3.014258e-02 
 4.340723e+00  3.014257e-02 
 4.341044e+00  3.014256e-02 
 4.341366e+00  3.014254e-02 
 4.341688e+00  3.014253e-02 
 4.342009e+00  3.014252e-02 
 4.342331e+00  3.014251e-02 
 4.342652e+00  3.014249e-02 
 4.342974e+00  3.014248e-02 
 4.343295e+00  3.014247e-02 
 4.343617e+00  3.014245e-02 
 4.343938e+00  3.014244e-02 
 4.344260e+00  3.014243e-02 
 4.344582e+00  3.014242e-02 
 4.344903e+00  3.014240e-02 
 4.345225e+00  3.014239e-02 
 4.345546e+00  3.014238e-02 
 4.345868e+00  3.014237e-02 
 4.346189e+00  3.014235e-02 
 4.346511e+00  3.014234e-02 
 4.346832e+00  3.014233e-02 
 4.347154e+00  3.014231e-02 
 4.347476e+00  3.014230e-02 
 4.347797e+00  3.014229e-02 
 4.348119e+00  3.014228e-02 
 4.348440e+00  3.014226e-02 
 4.348762e+00  3.014225e-02 
 4.349083e+00  3.014224e-02 
 4.349405e+00  3.014223e-02 
 4.349726e+00  3.014222e-02 
 4.350048e+00  3.014220e-02 
 4.350370e+00  3.014219e-02 
 4.350691e+00  3.014218e-02 
 4.351013e+00  3.014217e-02 
 4.351334e+00  3.014215e-02 
 4.351656e+00  3.014214e-02 
 4.351977e+00  3.014213e-02 
 4.352299e+00  3.014212e-02 
 4.352621e+00  3.014211e-02 
 4.352942e+00  3.014209e-02 
 4.353264e+00  3.014208e-02 
 4.353585e+00  3.014207e-02 
 4.353907e+00  3.014206e-02 
 4.354228e+00  3.014205e-02 
 4.354550e+00  3.014203e-02 
 4.354871e+00  3.014202e-02 
 4.355193e+00  3.014201e-02 
 4.355515e+00  3.014200e-02 
 4.355836e+00  3.014199e-02 
 4.356158e+00  3.014197e-02 
 4.356479e+00  3.014196e-02 
 4.356801e+00  3.014195e-02 
 4.357122e+00  3.014194e-02 
 4.357444e+00  3.014193e-02 
 4.357765e+00  3.014192e-02 
 4.358087e+00  3.014190e-02 
 4.358409e+00  3.014189e-02 
 4.358730e+00  3.014188e-02 
 4.359052e+00  3.014187e-02 
 4.359373e+00  3.014186e-02 
 4.359695e+00  3.014185e-02 
 4.360016e+00  3.014184e-02 
 4.360338e+00  3.014182e-02 
 4.360659e+00  3.014181e-02 
 4.360981e+00  3.014180e-02 
 4.361303e+00  3.014179e-02 
 4.361624e+00  3.014178e-02 
 4.361946e+00  3.014177e-02 
 4.362267e+00  3.014176e-02 
 4.362589e+00  3.014174e-02 
 4.362910e+00  3.014173e-02 
 4.363232e+00  3.014172e-02 
 4.363553e+00  3.014171e-02 
 4.363875e+00  3.014170e-02 
 4.364197e+00  3.014169e-02 
 4.364518e+00  3.014168e-02 
 4.364840e+00  3.014167e-02 
 4.365161e+00  3.014165e-02 
 4.365483e+00  3.014164e-02 
 4.365804e+00  3.014163e-02 
 4.366126e+00  3.014162e-02 
 4.366447e+00  3.014161e-02 
 4.366769e+00  3.014160e-02 
 4.367091e+00  3.014159e-02 
 4.367412e+00  3.014158e-02 
 4.367734e+00  3.014156e-02 
 4.368055e+00  3.014155e-02 
 4.368377e+00  3.014154e-02 
 4.368698e+00  3.014153e-02 
 4.369020e+00  3.014152e-02 
 4.369341e+00  3.014151e-02 
 4.369663e+00  3.014150e-02 
 4.369985e+00  3.014149e-02 
 4.370306e+00  3.014147e-02 
 4.370628e+00  3.014146e-02 
 4.370949e+00  3.014145e-02 
 4.371271e+00  3.014144e-02 
 4.371592e+00  3.014143e-02 
 4.371914e+00  3.014142e-02 
 4.372235e+00  3.014141e-02 
 4.372557e+00  3.014140e-02 
 4.372879e+00  3.014139e-02 
 4.373200e+00  3.014137e-02 
 4.373522e+00  3.014136e-02 
 4.373843e+00  3.014135e-02 
 4.374165e+00  3.014134e-02 
 4.374486e+00  3.014133e-02 
 4.374808e+00  3.014132e-02 
 4.375129e+00  3.014131e-02 
 4.375451e+00  3.014130e-02 
 4.375773e+00  3.014129e-02 
 4.376094e+00  3.014128e-02 
 4.376416e+00  3.014126e-02 
 4.376737e+00  3.014125e-02 
 4.377059e+00  3.014124e-02 
 4.377380e+00  3.014123e-02 
 4.377702e+00  3.014122e-02 
 4.378023e+00  3.014121e-02 
 4.378345e+00  3.014120e-02 
 4.378667e+00  3.014119e-02 
 4.378988e+00  3.014118e-02 
 4.379310e+00  3.014117e-02 
 4.379631e+00  3.014116e-02 
 4.379953e+00  3.014114e-02 
 4.380274e+00  3.014113e-02 
 4.380596e+00  3.014112e-02 
 4.380917e+00  3.014111e-02 
 4.381239e+00  3.014110e-02 
 4.381561e+00  3.014109e-02 
 4.381882e+00  3.014108e-02 
 4.382204e+00  3.014107e-02 
 4.382525e+00  3.014106e-02 
 4.382847e+00  3.014105e-02 
 4.383168e+00  3.014104e-02 
 4.383490e+00  3.014103e-02 
 4.383811e+00  3.014102e-02 
 4.384133e+00  3.014101e-02 
 4.384455e+00  3.014100e-02 
 4.384776e+00  3.014099e-02 
 4.385098e+00  3.014098e-02 
 4.385419e+00  3.014096e-02 
 4.385741e+00  3.014095e-02 
 4.386062e+00  3.014094e-02 
 4.386384e+00  3.014093e-02 
 4.386705e+00  3.014092e-02 
 4.387027e+00  3.014091e-02 
 4.387349e+00  3.014090e-02 
 4.387670e+00  3.014089e-02 
 4.387992e+00  3.014088e-02 
 4.388313e+00  3.014087e-02 
 4.388635e+00  3.014086e-02 
 4.388956e+00  3.014085e-02 
 4.389278e+00  3.014084e-02 
 4.389599e+00  3.014083e-02 
 4.389921e+00  3.014082e-02 
 4.390243e+00  3.014081e-02 
 4.390564e+00  3.014080e-02 
 4.390886e+00  3.014080e-02 
 4.391207e+00  3.014079e-02 
 4.391529e+00  3.014078e-02 
 4.391850e+00  3.014077e-02 
 4.392172e+00  3.014076e-02 
 4.392493e+00  3.014075e-02 
 4.392815e+00  3.014074e-02 
 4.393137e+00  3.014073e-02 
 4.393458e+00  3.014072e-02 
 4.393780e+00  3.014071e-02 
 4.394101e+00  3.014070e-02 
 4.394423e+00  3.014069e-02 
 4.394744e+00  3.014068e-02 
 4.395066e+00  3.014068e-02 
 4.395387e+00  3.014067e-02 
 4.395709e+00  3.014066e-02 
 4.396031e+00  3.014065e-02 
 4.396352e+00  3.014064e-02 
 4.396674e+00  3.014063e-02 
 4.396995e+00  3.014062e-02 
 4.397317e+00  3.014061e-02 
 4.397638e+00  3.014061e-02 
 4.397960e+00  3.014060e-02 
 4.398282e+00  3.014059e-02 
 4.398603e+00  3.014058e-02 
 4.398925e+00  3.014057e-02 
 4.399246e+00  3.014057e-02 
 4.399568e+00  3.014056e-02 
 4.399889e+00  3.014055e-02 
 4.400211e+00  3.014054e-02 
 4.400532e+00  3.014054e-02 
 4.400854e+00  3.014053e-02 
 4.401176e+00  3.014052e-02 
 4.401497e+00  3.014051e-02 
 4.401819e+00  3.014051e-02 
 4.402140e+00  3.014050e-02 
 4.402462e+00  3.014049e-02 
 4.402783e+00  3.014049e-02 
 4.403105e+00  3.014048e-02 
 4.403426e+00  3.014047e-02 
 4.403748e+00  3.014046e-02 
 4.404070e+00  3.014046e-02 
 4.404391e+00  3.014045e-02 
 4.404713e+00  3.014045e-02 
 4.405034e+00  3.014044e-02 
 4.405356e+00  3.014043e-02 
 4.405677e+00  3.014043e-02 
 4.405999e+00  3.014042e-02 
 4.406320e+00  3.014042e-02 
 4.406642e+00  3.014041e-02 
 4.406964e+00  3.014040e-02 
 4.407285e+00  3.014040e-02 
 4.407607e+00  3.014039e-02 
 4.407928e+00  3.014039e-02 
 4.408250e+00  3.014038e-02 
 4.408571e+00  3.014038e-02 
 4.408893e+00  3.014037e-02 
 4.409214e+00  3.014037e-02 
 4.409536e+00  3.014036e-02 
 4.409858e+00  3.014036e-02 
 4.410179e+00  3.014035e-02 
 4.410501e+00  3.014035e-02 
 4.410822e+00  3.014035e-02 
 4.411144e+00  3.014034e-02 
 4.411465e+00  3.014034e-02 
 4.411787e+00  3.014033e-02 
 4.412108e+00  3.014033e-02 
 4.412430e+00  3.014033e-02 
 4.412752e+00  3.014032e-02 
 4.413073e+00  3.014032e-02 
 4.413395e+00  3.014032e-02 
 4.413716e+00  3.014031e-02 
 4.414038e+00  3.014031e-02 
 4.414359e+00  3.014031e-02 
 4.414681e+00  3.014030e-02 
 4.415002e+00  3.014030e-02 
 4.415324e+00  3.014030e-02 
 4.415646e+00  3.014029e-02 
 4.415967e+00  3.014029e-02 
 4.416289e+00  3.014029e-02 
 4.416610e+00  3.014029e-02 
 4.416932e+00  3.014028e-02 
 4.417253e+00  3.014028e-02 
 4.417575e+00  3.014028e-02 
 4.417896e+00  3.014028e-02 
 4.418218e+00  3.014028e-02 
 4.418540e+00  3.014027e-02 
 4.418861e+00  3.014027e-02 
 4.419183e+00  3.014027e-02 
 4.419504e+00  3.014027e-02 
 4.419826e+00  3.014027e-02 
 4.420147e+00  3.014026e-02 
 4.420469e+00  3.014026e-02 
 4.420790e+00  3.014026e-02 
 4.421112e+00  3.014026e-02 
 4.421434e+00  3.014026e-02 
 4.421755e+00  3.014026e-02 
 4.422077e+00  3.014026e-02 
 4.422398e+00  3.014026e-02 
 4.422720e+00  3.014026e-02 
 4.423041e+00  3.014025e-02 
 4.423363e+00  3.014025e-02 
 4.423684e+00  3.014025e-02 
 4.424006e+00  3.014025e-02 
 4.424328e+00  3.014025e-02 
 4.424649e+00  3.014025e-02 
 4.424971e+00  3.014025e-02 
 4.425292e+00  3.014025e-02 
 4.425614e+00  3.014025e-02 
 4.425935e+00  3.014025e-02 
 4.426257e+00  3.014025e-02 
 4.426578e+00  3.014025e-02 
 4.426900e+00  3.014025e-02 
 4.427222e+00  3.014025e-02 
 4.427543e+00  3.014025e-02 
 4.427865e+00  3.014025e-02 
 4.428186e+00  3.014025e-02 
 4.428508e+00  3.014025e-02 
 4.428829e+00  3.014025e-02 
 4.429151e+00  3.014025e-02 
 4.429472e+00  3.014025e-02 
 4.429794e+00  3.014025e-02 
 4.430116e+00  3.014025e-02 
 4.430437e+00  3.014025e-02 
 4.430759e+00  3.014025e-02 
 4.431080e+00  3.014025e-02 
 4.431402e+00  3.014025e-02 
 4.431723e+00  3.014025e-02 
 4.432045e+00  3.014025e-02 
 4.432366e+00  3.014025e-02 
 4.432688e+00  3.014026e-02 
 4.433010e+00  3.014026e-02 
 4.433331e+00  3.014026e-02 
 4.433653e+00  3.014026e-02 
 4.433974e+00  3.014026e-02 
 4.434296e+00  3.014026e-02 
 4.434617e+00  3.014026e-02 
 4.434939e+00  3.014026e-02 
 4.435260e+00  3.014026e-02 
 4.435582e+00  3.014026e-02 
 4.435904e+00  3.014027e-02 
 4.436225e+00  3.014027e-02 
 4.436547e+00  3.014027e-02 
 4.436868e+00  3.014027e-02 
 4.437190e+00  3.014027e-02 
 4.437511e+00  3.014027e-02 
 4.437833e+00  3.014027e-02 
 4.438154e+00  3.014028e-02 
 4.438476e+00  3.014028e-02 
 4.438798e+00  3.014028e-02 
 4.439119e+00  3.014028e-02 
 4.439441e+00  3.014028e-02 
 4.439762e+00  3.014028e-02 
 4.440084e+00  3.014028e-02 
 4.440405e+00  3.014029e-02 
 4.440727e+00  3.014029e-02 
 4.441048e+00  3.014029e-02 
 4.441370e+00  3.014029e-02 
 4.441692e+00  3.014029e-02 
 4.442013e+00  3.014030e-02 
 4.442335e+00  3.014030e-02 
 4.442656e+00  3.014030e-02 
 4.442978e+00  3.014030e-02 
 4.443299e+00  3.014030e-02 
 4.443621e+00  3.014031e-02 
 4.443943e+00  3.014031e-02 
 4.444264e+00  3.014031e-02 
 4.444586e+00  3.014031e-02 
 4.444907e+00  3.014031e-02 
 4.445229e+00  3.014032e-02 
 4.445550e+00  3.014032e-02 
 4.445872e+00  3.014032e-02 
 4.446193e+00  3.014032e-02 
 4.446515e+00  3.014033e-02 
 4.446837e+00  3.014033e-02 
 4.447158e+00  3.014033e-02 
 4.447480e+00  3.014033e-02 
 4.447801e+00  3.014034e-02 
 4.448123e+00  3.014034e-02 
 4.448444e+00  3.014034e-02 
 4.448766e+00  3.014034e-02 
 4.449087e+00  3.014035e-02 
 4.449409e+00  3.014035e-02 
 4.449731e+00  3.014035e-02 
 4.450052e+00  3.014035e-02 
 4.450374e+00  3.014036e-02 
 4.450695e+00  3.014036e-02 
 4.451017e+00  3.014036e-02 
 4.451338e+00  3.014037e-02 
 4.451660e+00  3.014037e-02 
 4.451981e+00  3.014037e-02 
 4.452303e+00  3.014037e-02 
 4.452625e+00  3.014038e-02 
 4.452946e+00  3.014038e-02 
 4.453268e+00  3.014038e-02 
 4.453589e+00  3.014039e-02 
 4.453911e+00  3.014039e-02 
 4.454232e+00  3.014039e-02 
 4.454554e+00  3.014039e-02 
 4.454875e+00  3.014040e-02 
 4.455197e+00  3.014040e-02 
 4.455519e+00  3.014040e-02 
 4.455840e+00  3.014041e-02 
 4.456162e+00  3.014041e-02 
 4.456483e+00  3.014041e-02 
 4.456805e+00  3.014042e-02 
 4.457126e+00  3.014042e-02 
 4.457448e+00  3.014042e-02 
 4.457769e+00  3.014043e-02 
 4.458091e+00  3.014043e-02 
 4.458413e+00  3.014043e-02 
 4.458734e+00  3.014044e-02 
 4.459056e+00  3.014044e-02 
 4.459377e+00  3.014044e-02 
 4.459699e+00  3.014045e-02 
 4.460020e+00  3.014045e-02 
 4.460342e+00  3.014045e-02 
 4.460663e+00  3.014046e-02 
 4.460985e+00  3.014046e-02 
 4.461307e+00  3.014046e-02 
 4.461628e+00  3.014047e-02 
 4.461950e+00  3.014047e-02 
 4.462271e+00  3.014047e-02 
 4.462593e+00  3.014048e-02 
 4.462914e+00  3.014048e-02 
 4.463236e+00  3.014048e-02 
 4.463557e+00  3.014049e-02 
 4.463879e+00  3.014049e-02 
 4.464201e+00  3.014050e-02 
 4.464522e+00  3.014050e-02 
 4.464844e+00  3.014050e-02 
 4.465165e+00  3.014051e-02 
 4.465487e+00  3.014051e-02 
 4.465808e+00  3.014051e-02 
 4.466130e+00  3.014052e-02 
 4.466451e+00  3.014052e-02 
 4.466773e+00  3.014052e-02 
 4.467095e+00  3.014053e-02 
 4.467416e+00  3.014053e-02 
 4.467738e+00  3.014054e-02 
 4.468059e+00  3.014054e-02 
 4.468381e+00  3.014054e-02 
 4.468702e+00  3.014055e-02 
 4.469024e+00  3.014055e-02 
 4.469345e+00  3.014055e-02 
 4.469667e+00  3.014056e-02 
 4.469989e+00  3.014056e-02 
 4.470310e+00  3.014057e-02 
 4.470632e+00  3.014057e-02 
 4.470953e+00  3.014057e-02 
 4.471275e+00  3.014058e-02 
 4.471596e+00  3.014058e-02 
 4.471918e+00  3.014058e-02 
 4.472239e+00  3.014059e-02 
 4.472561e+00  3.014059e-02 
 4.472883e+00  3.014060e-02 
 4.473204e+00  3.014060e-02 
 4.473526e+00  3.014060e-02 
 4.473847e+00  3.014061e-02 
 4.474169e+00  3.014061e-02 
 4.474490e+00  3.014061e-02 
 4.474812e+00  3.014062e-02 
 4.475133e+00  3.014062e-02 
 4.475455e+00  3.014062e-02 
 4.475777e+00  3.014063e-02 
 4.476098e+00  3.014063e-02 
 4.476420e+00  3.014064e-02 
 4.476741e+00  3.014064e-02 
 4.477063e+00  3.014064e-02 
 4.477384e+00  3.014065e-02 
 4.477706e+00  3.014065e-02 
 4.478027e+00  3.014065e-02 
 4.478349e+00  3.014066e-02 
 4.478671e+00  3.014066e-02 
 4.478992e+00  3.014066e-02 
 4.479314e+00  3.014067e-02 
 4.479635e+00  3.014067e-02 
 4.479957e+00  3.014067e-02 
 4.480278e+00  3.014068e-02 
 4.480600e+00  3.014068e-02 
 4.480921e+00  3.014068e-02 
 4.481243e+00  3.014069e-02 
 4.481565e+00  3.014069e-02 
 4.481886e+00  3.014069e-02 
 4.482208e+00  3.014070e-02 
 4.482529e+00  3.014070e-02 
 4.482851e+00  3.014070e-02 
 4.483172e+00  3.014071e-02 
 4.483494e+00  3.014071e-02 
 4.483815e+00  3.014071e-02 
 4.484137e+00  3.014071e-02 
 4.484459e+00  3.014072e-02 
 4.484780e+00  3.014072e-02 
 4.485102e+00  3.014072e-02 
 4.485423e+00  3.014073e-02 
 4.485745e+00  3.014073e-02 
 4.486066e+00  3.014073e-02 
 4.486388e+00  3.014074e-02 
 4.486709e+00  3.014074e-02 
 4.487031e+00  3.014074e-02 
 4.487353e+00  3.014074e-02 
 4.487674e+00  3.014075e-02 
 4.487996e+00  3.014075e-02 
 4.488317e+00  3.014075e-02 
 4.488639e+00  3.014075e-02 
 4.488960e+00  3.014076e-02 
 4.489282e+00  3.014076e-02 
 4.489604e+00  3.014076e-02 
 4.489925e+00  3.014076e-02 
 4.490247e+00  3.014077e-02 
 4.490568e+00  3.014077e-02 
 4.490890e+00  3.014077e-02 
 4.491211e+00  3.014077e-02 
 4.491533e+00  3.014078e-02 
 4.491854e+00  3.014078e-02 
 4.492176e+00  3.014078e-02 
 4.492498e+00  3.014078e-02 
 4.492819e+00  3.014078e-02 
 4.493141e+00  3.014079e-02 
 4.493462e+00  3.014079e-02 
 4.493784e+00  3.014079e-02 
 4.494105e+00  3.014079e-02 
 4.494427e+00  3.014080e-02 
 4.494748e+00  3.014080e-02 
 4.495070e+00  3.014080e-02 
 4.495392e+00  3.014080e-02 
 4.495713e+00  3.014080e-02 
 4.496035e+00  3.014080e-02 
 4.496356e+00  3.014081e-02 
 4.496678e+00  3.014081e-02 
 4.496999e+00  3.014081e-02 
 4.497321e+00  3.014081e-02 
 4.497642e+00  3.014081e-02 
 4.497964e+00  3.014081e-02 
 4.498286e+00  3.014082e-02 
 4.498607e+00  3.014082e-02 
 4.498929e+00  3.014082e-02 
 4.499250e+00  3.014082e-02 
 4.499572e+00  3.014082e-02 
 4.499893e+00  3.014082e-02 
 4.500215e+00  3.014082e-02 
 4.500536e+00  3.014083e-02 
 4.500858e+00  3.014083e-02 
 4.501180e+00  3.014083e-02 
 4.501501e+00  3.014083e-02 
 4.501823e+00  3.014083e-02 
 4.502144e+00  3.014083e-02 
 4.502466e+00  3.014083e-02 
 4.502787e+00  3.014083e-02 
 4.503109e+00  3.014084e-02 
 4.503430e+00  3.014084e-02 
 4.503752e+00  3.014084e-02 
 4.504074e+00  3.014084e-02 
 4.504395e+00  3.014084e-02 
 4.504717e+00  3.014084e-02 
 4.505038e+00  3.014084e-02 
 4.505360e+00  3.014084e-02 
 4.505681e+00  3.014084e-02 
 4.506003e+00  3.014084e-02 
 4.506324e+00  3.014084e-02 
 4.506646e+00  3.014084e-02 
 4.506968e+00  3.014084e-02 
 4.507289e+00  3.014085e-02 
 4.507611e+00  3.014085e-02 
 4.507932e+00  3.014085e-02 
 4.508254e+00  3.014085e-02 
 4.508575e+00  3.014085e-02 
 4.508897e+00  3.014085e-02 
 4.509218e+00  3.014085e-02 
 4.509540e+00  3.014085e-02 
 4.509862e+00  3.014085e-02 
 4.510183e+00  3.014085e-02 
 4.510505e+00  3.014085e-02 
 4.510826e+00  3.014085e-02 
 4.511148e+00  3.014085e-02 
 4.511469e+00  3.014085e-02 
 4.511791e+00  3.014085e-02 
 4.512112e+00  3.014085e-02 
 4.512434e+00  3.014085e-02 
 4.512756e+00  3.014085e-02 
 4.513077e+00  3.014085e-02 
 4.513399e+00  3.014085e-02 
 4.513720e+00  3.014085e-02 
 4.514042e+00  3.014085e-02 
 4.514363e+00  3.014086e-02 
 4.514685e+00  3.014086e-02 
 4.515006e+00  3.014086e-02 
 4.515328e+00  3.014086e-02 
 4.515650e+00  3.014086e-02 
 4.515971e+00  3.014086e-02 
 4.516293e+00  3.014086e-02 
 4.516614e+00  3.014086e-02 
 4.516936e+00  3.014086e-02 
 4.517257e+00  3.014086e-02 
 4.517579e+00  3.014086e-02 
 4.517900e+00  3.014086e-02 
 4.518222e+00  3.014086e-02 
 4.518544e+00  3.014086e-02 
 4.518865e+00  3.014086e-02 
 4.519187e+00  3.014086e-02 
 4.519508e+00  3.014086e-02 
 4.519830e+00  3.014086e-02 
 4.520151e+00  3.014086e-02 
 4.520473e+00  3.014086e-02 
 4.520794e+00  3.014086e-02 
 4.521116e+00  3.014086e-02 
 4.521438e+00  3.014086e-02 
 4.521759e+00  3.014086e-02 
 4.522081e+00  3.014086e-02 
 4.522402e+00  3.014086e-02 
 4.522724e+00  3.014086e-02 
 4.523045e+00  3.014086e-02 
 4.523367e+00  3.014086e-02 
 4.523688e+00  3.014086e-02 
 4.524010e+00  3.014086e-02 
 4.524332e+00  3.014086e-02 
 4.524653e+00  3.014087e-02 
 4.524975e+00  3.014087e-02 
 4.525296e+00  3.014087e-02 
 4.525618e+00  3.014087e-02 
 4.525939e+00  3.014087e-02 
 4.526261e+00  3.014087e-02 
 4.526582e+00  3.014087e-02 
 4.526904e+00  3.014087e-02 
 4.527226e+00  3.014087e-02 
 4.527547e+00  3.014087e-02 
 4.527869e+00  3.014087e-02 
 4.528190e+00  3.014087e-02 
 4.528512e+00  3.014087e-02 
 4.528833e+00  3.014087e-02 
 4.529155e+00  3.014087e-02 
 4.529476e+00  3.014087e-02 
 4.529798e+00  3.014087e-02 
 4.530120e+00  3.014088e-02 
 4.530441e+00  3.014088e-02 
 4.530763e+00  3.014088e-02 
 4.531084e+00  3.014088e-02 
 4.531406e+00  3.014088e-02 
 4.531727e+00  3.014088e-02 
 4.532049e+00  3.014088e-02 
 4.532370e+00  3.014088e-02 
 4.532692e+00  3.014088e-02 
 4.533014e+00  3.014088e-02 
 4.533335e+00  3.014088e-02 
 4.533657e+00  3.014089e-02 
 4.533978e+00  3.014089e-02 
 4.534300e+00  3.014089e-02 
 4.534621e+00  3.014089e-02 
 4.534943e+00  3.014089e-02 
 4.535265e+00  3.014089e-02 
 4.535586e+00  3.014089e-02 
 4.535908e+00  3.014089e-02 
 4.536229e+00  3.014089e-02 
 4.536551e+00  3.014090e-02 
 4.536872e+00  3.014090e-02 
 4.537194e+00  3.014090e-02 
 4.537515e+00  3.014090e-02 
 4.537837e+00  3.014090e-02 
 4.538159e+00  3.014090e-02 
 4.538480e+00  3.014090e-02 
 4.538802e+00  3.014091e-02 
 4.539123e+00  3.014091e-02 
 4.539445e+00  3.014091e-02 
 4.539766e+00  3.014091e-02 
 4.540088e+00  3.014091e-02 
 4.540409e+00  3.014091e-02 
 4.540731e+00  3.014092e-02 
 4.541053e+00  3.014092e-02 
 4.541374e+00  3.014092e-02 
 4.541696e+00  3.014092e-02 
 4.542017e+00  3.014092e-02 
 4.542339e+00  3.014093e-02 
 4.542660e+00  3.014093e-02 
 4.542982e+00  3.014093e-02 
 4.543303e+00  3.014093e-02 
 4.543625e+00  3.014093e-02 
 4.543947e+00  3.014093e-02 
 4.544268e+00  3.014094e-02 
 4.544590e+00  3.014094e-02 
 4.544911e+00  3.014094e-02 
 4.545233e+00  3.014094e-02 
 4.545554e+00  3.014095e-02 
 4.545876e+00  3.014095e-02 
 4.546197e+00  3.014095e-02 
 4.546519e+00  3.014095e-02 
 4.546841e+00  3.014095e-02 
 4.547162e+00  3.014096e-02 
 4.547484e+00  3.014096e-02 
 4.547805e+00  3.014096e-02 
 4.548127e+00  3.014096e-02 
 4.548448e+00  3.014097e-02 
 4.548770e+00  3.014097e-02 
 4.549091e+00  3.014097e-02 
 4.549413e+00  3.014097e-02 
 4.549735e+00  3.014098e-02 
 4.550056e+00  3.014098e-02 
 4.550378e+00  3.014098e-02 
 4.550699e+00  3.014098e-02 
 4.551021e+00  3.014099e-02 
 4.551342e+00  3.014099e-02 
 4.551664e+00  3.014099e-02 
 4.551985e+00  3.014099e-02 
 4.552307e+00  3.014100e-02 
 4.552629e+00  3.014100e-02 
 4.552950e+00  3.014100e-02 
 4.553272e+00  3.014100e-02 
 4.553593e+00  3.014101e-02 
 4.553915e+00  3.014101e-02 
 4.554236e+00  3.014101e-02 
 4.554558e+00  3.014101e-02 
 4.554879e+00  3.014102e-02 
 4.555201e+00  3.014102e-02 
 4.555523e+00  3.014102e-02 
 4.555844e+00  3.014103e-02 
 4.556166e+00  3.014103e-02 
 4.556487e+00  3.014103e-02 
 4.556809e+00  3.014103e-02 
 4.557130e+00  3.014104e-02 
 4.557452e+00  3.014104e-02 
 4.557773e+00  3.014104e-02 
 4.558095e+00  3.014105e-02 
 4.558417e+00  3.014105e-02 
 4.558738e+00  3.014105e-02 
 4.559060e+00  3.014105e-02 
 4.559381e+00  3.014106e-02 
 4.559703e+00  3.014106e-02 
 4.560024e+00  3.014106e-02 
 4.560346e+00  3.014106e-02 
 4.560667e+00  3.014107e-02 
 4.560989e+00  3.014107e-02 
 4.561311e+00  3.014107e-02 
 4.561632e+00  3.014108e-02 
 4.561954e+00  3.014108e-02 
 4.562275e+00  3.014108e-02 
 4.562597e+00  3.014109e-02 
 4.562918e+00  3.014109e-02 
 4.563240e+00  3.014109e-02 
 4.563561e+00  3.014109e-02 
 4.563883e+00  3.014110e-02 
 4.564205e+00  3.014110e-02 
 4.564526e+00  3.014110e-02 
 4.564848e+00  3.014111e-02 
 4.565169e+00  3.014111e-02 
 4.565491e+00  3.014111e-02 
 4.565812e+00  3.014112e-02 
 4.566134e+00  3.014112e-02 
 4.566455e+00  3.014112e-02 
 4.566777e+00  3.014112e-02 
 4.567099e+00  3.014113e-02 
 4.567420e+00  3.014113e-02 
 4.567742e+00  3.014113e-02 
 4.568063e+00  3.014114e-02 
 4.568385e+00  3.014114e-02 
 4.568706e+00  3.014114e-02 
 4.569028e+00  3.014115e-02 
 4.569349e+00  3.014115e-02 
 4.569671e+00  3.014115e-02 
 4.569993e+00  3.014115e-02 
 4.570314e+00  3.014116e-02 
 4.570636e+00  3.014116e-02 
 4.570957e+00  3.014116e-02 
 4.571279e+00  3.014117e-02 
 4.571600e+00  3.014117e-02 
 4.571922e+00  3.014117e-02 
 4.572243e+00  3.014118e-02 
 4.572565e+00  3.014118e-02 
 4.572887e+00  3.014118e-02 
 4.573208e+00  3.014118e-02 
 4.573530e+00  3.014119e-02 
 4.573851e+00  3.014119e-02 
 4.574173e+00  3.014119e-02 
 4.574494e+00  3.014120e-02 
 4.574816e+00  3.014120e-02 
 4.575137e+00  3.014120e-02 
 4.575459e+00  3.014120e-02 
 4.575781e+00  3.014121e-02 
 4.576102e+00  3.014121e-02 
 4.576424e+00  3.014121e-02 
 4.576745e+00  3.014122e-02 
 4.577067e+00  3.014122e-02 
 4.577388e+00  3.014122e-02 
 4.577710e+00  3.014122e-02 
 4.578031e+00  3.014123e-02 
 4.578353e+00  3.014123e-02 
 4.578675e+00  3.014123e-02 
 4.578996e+00  3.014123e-02 
 4.579318e+00  3.014124e-02 
 4.579639e+00  3.014124e-02 
 4.579961e+00  3.014124e-02 
 4.580282e+00  3.014124e-02 
 4.580604e+00  3.014125e-02 
 4.580925e+00  3.014125e-02 
 4.581247e+00  3.014125e-02 
 4.581569e+00  3.014125e-02 
 4.581890e+00  3.014126e-02 
 4.582212e+00  3.014126e-02 
 4.582533e+00  3.014126e-02 
 4.582855e+00  3.014126e-02 
 4.583176e+00  3.014126e-02 
 4.583498e+00  3.014127e-02 
 4.583820e+00  3.014127e-02 
 4.584141e+00  3.014127e-02 
 4.584463e+00  3.014127e-02 
 4.584784e+00  3.014127e-02 
 4.585106e+00  3.014128e-02 
 4.585427e+00  3.014128e-02 
 4.585749e+00  3.014128e-02 
 4.586070e+00  3.014128e-02 
 4.586392e+00  3.014128e-02 
 4.586714e+00  3.014128e-02 
 4.587035e+00  3.014129e-02 
 4.587357e+00  3.014129e-02 
 4.587678e+00  3.014129e-02 
 4.588000e+00  3.014129e-02 
 4.588321e+00  3.014129e-02 
 4.588643e+00  3.014129e-02 
 4.588964e+00  3.014129e-02 
 4.589286e+00  3.014129e-02 
 4.589608e+00  3.014130e-02 
 4.589929e+00  3.014130e-02 
 4.590251e+00  3.014130e-02 
 4.590572e+00  3.014130e-02 
 4.590894e+00  3.014130e-02 
 4.591215e+00  3.014130e-02 
 4.591537e+00  3.014130e-02 
 4.591858e+00  3.014130e-02 
 4.592180e+00  3.014130e-02 
 4.592502e+00  3.014130e-02 
 4.592823e+00  3.014130e-02 
 4.593145e+00  3.014130e-02 
 4.593466e+00  3.014130e-02 
 4.593788e+00  3.014130e-02 
 4.594109e+00  3.014130e-02 
 4.594431e+00  3.014130e-02 
 4.594752e+00  3.014130e-02 
 4.595074e+00  3.014130e-02 
 4.595396e+00  3.014130e-02 
 4.595717e+00  3.014130e-02 
 4.596039e+00  3.014130e-02 
 4.596360e+00  3.014130e-02 
 4.596682e+00  3.014130e-02 
 4.597003e+00  3.014130e-02 
 4.597325e+00  3.014130e-02 
 4.597646e+00  3.014130e-02 
 4.597968e+00  3.014130e-02 
 4.598290e+00  3.014130e-02 
 4.598611e+00  3.014130e-02 
 4.598933e+00  3.014130e-02 
 4.599254e+00  3.014130e-02 
 4.599576e+00  3.014129e-02 
 4.599897e+00  3.014129e-02 
 4.600219e+00  3.014129e-02 
 4.600540e+00  3.014129e-02 
 4.600862e+00  3.014129e-02 
 4.601184e+00  3.014129e-02 
 4.601505e+00  3.014128e-02 
 4.601827e+00  3.014128e-02 
 4.602148e+00  3.014128e-02 
 4.602470e+00  3.014128e-02 
 4.602791e+00  3.014128e-02 
 4.603113e+00  3.014127e-02 
 4.603434e+00  3.014127e-02 
 4.603756e+00  3.014127e-02 
 4.604078e+00  3.014126e-02 
 4.604399e+00  3.014126e-02 
 4.604721e+00  3.014126e-02 
 4.605042e+00  3.014126e-02 
 4.605364e+00  3.014125e-02 
 4.605685e+00  3.014125e-02 
 4.606007e+00  3.014125e-02 
 4.606328e+00  3.014124e-02 
 4.606650e+00  3.014124e-02 
 4.606972e+00  3.014123e-02 
 4.607293e+00  3.014123e-02 
 4.607615e+00  3.014123e-02 
 4.607936e+00  3.014122e-02 
 4.608258e+00  3.014122e-02 
 4.608579e+00  3.014121e-02 
 4.608901e+00  3.014121e-02 
 4.609222e+00  3.014121e-02 
 4.609544e+00  3.014120e-02 
 4.609866e+00  3.014120e-02 
 4.610187e+00  3.014119e-02 
 4.610509e+00  3.014119e-02 
 4.610830e+00  3.014118e-02 
 4.611152e+00  3.014118e-02 
 4.611473e+00  3.014117e-02 
 4.611795e+00  3.014116e-02 
 4.612116e+00  3.014116e-02 
 4.612438e+00  3.014115e-02 
 4.612760e+00  3.014115e-02 
 4.613081e+00  3.014114e-02 
 4.613403e+00  3.014114e-02 
 4.613724e+00  3.014113e-02 
 4.614046e+00  3.014112e-02 
 4.614367e+00  3.014112e-02 
 4.614689e+00  3.014111e-02 
 4.615010e+00  3.014110e-02 
 4.615332e+00  3.014110e-02 
 4.615654e+00  3.014109e-02 
 4.615975e+00  3.014108e-02 
 4.616297e+00  3.014108e-02 
 4.616618e+00  3.014107e-02 
 4.616940e+00  3.014106e-02 
 4.617261e+00  3.014106e-02 
 4.617583e+00  3.014105e-02 
 4.617904e+00  3.014104e-02 
 4.618226e+00  3.014103e-02 
 4.618548e+00  3.014103e-02 
 4.618869e+00  3.014102e-02 
 4.619191e+00  3.014101e-02 
 4.619512e+00  3.014100e-02 
 4.619834e+00  3.014100e-02 
 4.620155e+00  3.014099e-02 
 4.620477e+00  3.014098e-02 
 4.620798e+00  3.014097e-02 
 4.621120e+00  3.014096e-02 
 4.621442e+00  3.014096e-02 
 4.621763e+00  3.014095e-02 
 4.622085e+00  3.014094e-02 
 4.622406e+00  3.014093e-02 
 4.622728e+00  3.014092e-02 
 4.623049e+00  3.014091e-02 
 4.623371e+00  3.014090e-02 
 4.623692e+00  3.014089e-02 
 4.624014e+00  3.014089e-02 
 4.624336e+00  3.014088e-02 
 4.624657e+00  3.014087e-02 
 4.624979e+00  3.014086e-02 
 4.625300e+00  3.014085e-02 
 4.625622e+00  3.014084e-02 
 4.625943e+00  3.014083e-02 
 4.626265e+00  3.014082e-02 
 4.626586e+00  3.014081e-02 
 4.626908e+00  3.014080e-02 
 4.627230e+00  3.014079e-02 
 4.627551e+00  3.014078e-02 
 4.627873e+00  3.014077e-02 
 4.628194e+00  3.014076e-02 
 4.628516e+00  3.014075e-02 
 4.628837e+00  3.014074e-02 
 4.629159e+00  3.014073e-02 
 4.629481e+00  3.014072e-02 
 4.629802e+00  3.014071e-02 
 4.630124e+00  3.014070e-02 
 4.630445e+00  3.014069e-02 
 4.630767e+00  3.014068e-02 
 4.631088e+00  3.014067e-02 
 4.631410e+00  3.014066e-02 
 4.631731e+00  3.014065e-02 
 4.632053e+00  3.014064e-02 
 4.632375e+00  3.014063e-02 
 4.632696e+00  3.014062e-02 
 4.633018e+00  3.014061e-02 
 4.633339e+00  3.014060e-02 
 4.633661e+00  3.014058e-02 
 4.633982e+00  3.014057e-02 
 4.634304e+00  3.014056e-02 
 4.634625e+00  3.014055e-02 
 4.634947e+00  3.014054e-02 
 4.635269e+00  3.014053e-02 
 4.635590e+00  3.014052e-02 
 4.635912e+00  3.014050e-02 
 4.636233e+00  3.014049e-02 
 4.636555e+00  3.014048e-02 
 4.636876e+00  3.014047e-02 
 4.637198e+00  3.014046e-02 
 4.637519e+00  3.014044e-02 
 4.637841e+00  3.014043e-02 
 4.638163e+00  3.014042e-02 
 4.638484e+00  3.014041e-02 
 4.638806e+00  3.014040e-02 
 4.639127e+00  3.014038e-02 
 4.639449e+00  3.014037e-02 
 4.639770e+00  3.014036e-02 
 4.640092e+00  3.014035e-02 
 4.640413e+00  3.014033e-02 
 4.640735e+00  3.014032e-02 
 4.641057e+00  3.014031e-02 
 4.641378e+00  3.014029e-02 
 4.641700e+00  3.014028e-02 
 4.642021e+00  3.014027e-02 
 4.642343e+00  3.014026e-02 
 4.642664e+00  3.014024e-02 
 4.642986e+00  3.014023e-02 
 4.643307e+00  3.014022e-02 
 4.643629e+00  3.014020e-02 
 4.643951e+00  3.014019e-02 
 4.644272e+00  3.014017e-02 
 4.644594e+00  3.014016e-02 
 4.644915e+00  3.014015e-02 
 4.645237e+00  3.014013e-02 
 4.645558e+00  3.014012e-02 
 4.645880e+00  3.014011e-02 
 4.646201e+00  3.014009e-02 
 4.646523e+00  3.014008e-02 
 4.646845e+00  3.014006e-02 
 4.647166e+00  3.014005e-02 
 4.647488e+00  3.014003e-02 
 4.647809e+00  3.014002e-02 
 4.648131e+00  3.014001e-02 
 4.648452e+00  3.013999e-02 
 4.648774e+00  3.013998e-02 
 4.649095e+00  3.013996e-02 
 4.649417e+00  3.013995e-02 
 4.649739e+00  3.013993e-02 
 4.650060e+00  3.013992e-02 
 4.650382e+00  3.013990e-02 
 4.650703e+00  3.013989e-02 
 4.651025e+00  3.013987e-02 
 4.651346e+00  3.013986e-02 
 4.651668e+00  3.013984e-02 
 4.651989e+00  3.013983e-02 
 4.652311e+00  3.013981e-02 
 4.652633e+00  3.013980e-02 
 4.652954e+00  3.013978e-02 
 4.653276e+00  3.013977e-02 
 4.653597e+00  3.013975e-02 
 4.653919e+00  3.013973e-02 
 4.654240e+00  3.013972e-02 
 4.654562e+00  3.013970e-02 
 4.654883e+00  3.013969e-02 
 4.655205e+00  3.013967e-02 
 4.655527e+00  3.013966e-02 
 4.655848e+00  3.013964e-02 
 4.656170e+00  3.013962e-02 
 4.656491e+00  3.013961e-02 
 4.656813e+00  3.013959e-02 
 4.657134e+00  3.013958e-02 
 4.657456e+00  3.013956e-02 
 4.657777e+00  3.013955e-02 
 4.658099e+00  3.013953e-02 
 4.658421e+00  3.013951e-02 
 4.658742e+00  3.013950e-02 
 4.659064e+00  3.013948e-02 
 4.659385e+00  3.013946e-02 
 4.659707e+00  3.013945e-02 
 4.660028e+00  3.013943e-02 
 4.660350e+00  3.013942e-02 
 4.660671e+00  3.013940e-02 
 4.660993e+00  3.013938e-02 
 4.661315e+00  3.013937e-02 
 4.661636e+00  3.013935e-02 
 4.661958e+00  3.013933e-02 
 4.662279e+00  3.013932e-02 
 4.662601e+00  3.013930e-02 
 4.662922e+00  3.013928e-02 
 4.663244e+00  3.013927e-02 
 4.663565e+00  3.013925e-02 
 4.663887e+00  3.013924e-02 
 4.664209e+00  3.013922e-02 
 4.664530e+00  3.013920e-02 
 4.664852e+00  3.013919e-02 
 4.665173e+00  3.013917e-02 
 4.665495e+00  3.013915e-02 
 4.665816e+00  3.013914e-02 
 4.666138e+00  3.013912e-02 
 4.666459e+00  3.013910e-02 
 4.666781e+00  3.013909e-02 
 4.667103e+00  3.013907e-02 
 4.667424e+00  3.013905e-02 
 4.667746e+00  3.013904e-02 
 4.668067e+00  3.013902e-02 
 4.668389e+00  3.013900e-02 
 4.668710e+00  3.013899e-02 
 4.669032e+00  3.013897e-02 
 4.669353e+00  3.013895e-02 
 4.669675e+00  3.013894e-02 
 4.669997e+00  3.013892e-02 
 4.670318e+00  3.013890e-02 
 4.670640e+00  3.013889e-02 
 4.670961e+00  3.013887e-02 
 4.671283e+00  3.013885e-02 
 4.671604e+00  3.013884e-02 
 4.671926e+00  3.013882e-02 
 4.672247e+00  3.013880e-02 
 4.672569e+00  3.013879e-02 
 4.672891e+00  3.013877e-02 
 4.673212e+00  3.013875e-02 
 4.673534e+00  3.013874e-02 
 4.673855e+00  3.013872e-02 
 4.674177e+00  3.013870e-02 
 4.674498e+00  3.013869e-02 
 4.674820e+00  3.013867e-02 
 4.675142e+00  3.013865e-02 
 4.675463e+00  3.013864e-02 
 4.675785e+00  3.013862e-02 
 4.676106e+00  3.013860e-02 
 4.676428e+00  3.013859e-02 
 4.676749e+00  3.013857e-02 
 4.677071e+00  3.013855e-02 
 4.677392e+00  3.013854e-02 
 4.677714e+00  3.013852e-02 
 4.678036e+00  3.013850e-02 
 4.678357e+00  3.013849e-02 
 4.678679e+00  3.013847e-02 
 4.679000e+00  3.013845e-02 
 4.679322e+00  3.013844e-02 
 4.679643e+00  3.013842e-02 
 4.679965e+00  3.013840e-02 
 4.680286e+00  3.013838e-02 
 4.680608e+00  3.013837e-02 
 4.680930e+00  3.013835e-02 
 4.681251e+00  3.013833e-02 
 4.681573e+00  3.013832e-02 
 4.681894e+00  3.013830e-02 
 4.682216e+00  3.013828e-02 
 4.682537e+00  3.013827e-02 
 4.682859e+00  3.013825e-02 
 4.683180e+00  3.013823e-02 
 4.683502e+00  3.013822e-02 
 4.683824e+00  3.013820e-02 
 4.684145e+00  3.013818e-02 
 4.684467e+00  3.013817e-02 
 4.684788e+00  3.013815e-02 
 4.685110e+00  3.013813e-02 
 4.685431e+00  3.013812e-02 
 4.685753e+00  3.013810e-02 
 4.686074e+00  3.013808e-02 
 4.686396e+00  3.013806e-02 
 4.686718e+00  3.013805e-02 
 4.687039e+00  3.013803e-02 
 4.687361e+00  3.013801e-02 
 4.687682e+00  3.013800e-02 
 4.688004e+00  3.013798e-02 
 4.688325e+00  3.013796e-02 
 4.688647e+00  3.013795e-02 
 4.688968e+00  3.013793e-02 
 4.689290e+00  3.013791e-02 
 4.689612e+00  3.013790e-02 
 4.689933e+00  3.013788e-02 
 4.690255e+00  3.013786e-02 
 4.690576e+00  3.013784e-02 
 4.690898e+00  3.013783e-02 
 4.691219e+00  3.013781e-02 
 4.691541e+00  3.013779e-02 
 4.691862e+00  3.013778e-02 
 4.692184e+00  3.013776e-02 
 4.692506e+00  3.013774e-02 
 4.692827e+00  3.013773e-02 
 4.693149e+00  3.013771e-02 
 4.693470e+00  3.013769e-02 
 4.693792e+00  3.013768e-02 
 4.694113e+00  3.013766e-02 
 4.694435e+00  3.013764e-02 
 4.694756e+00  3.013762e-02 
 4.695078e+00  3.013761e-02 
 4.695400e+00  3.013759e-02 
 4.695721e+00  3.013757e-02 
 4.696043e+00  3.013756e-02 
 4.696364e+00  3.013754e-02 
 4.696686e+00  3.013752e-02 
 4.697007e+00  3.013751e-02 
 4.697329e+00  3.013749e-02 
 4.697650e+00  3.013747e-02 
 4.697972e+00  3.013746e-02 
 4.698294e+00  3.013744e-02 
 4.698615e+00  3.013742e-02 
 4.698937e+00  3.013741e-02 
 4.699258e+00  3.013739e-02 
 4.699580e+00  3.013737e-02 
 4.699901e+00  3.013736e-02 
 4.700223e+00  3.013734e-02 
 4.700544e+00  3.013732e-02 
 4.700866e+00  3.013731e-02 
 4.701188e+00  3.013729e-02 
 4.701509e+00  3.013727e-02 
 4.701831e+00  3.013726e-02 
 4.702152e+00  3.013724e-02 
 4.702474e+00  3.013723e-02 
 4.702795e+00  3.013721e-02 
 4.703117e+00  3.013719e-02 
 4.703438e+00  3.013718e-02 
 4.703760e+00  3.013716e-02 
 4.704082e+00  3.013714e-02 
 4.704403e+00  3.013713e-02 
 4.704725e+00  3.013711e-02 
 4.705046e+00  3.013709e-02 
 4.705368e+00  3.013708e-02 
 4.705689e+00  3.013706e-02 
 4.706011e+00  3.013705e-02 
 4.706332e+00  3.013703e-02 
 4.706654e+00  3.013701e-02 
 4.706976e+00  3.013700e-02 
 4.707297e+00  3.013698e-02 
 4.707619e+00  3.013697e-02 
 4.707940e+00  3.013695e-02 
 4.708262e+00  3.013693e-02 
 4.708583e+00  3.013692e-02 
 4.708905e+00  3.013690e-02 
 4.709226e+00  3.013689e-02 
 4.709548e+00  3.013687e-02 
 4.709870e+00  3.013685e-02 
 4.710191e+00  3.013684e-02 
 4.710513e+00  3.013682e-02 
 4.710834e+00  3.013681e-02 
 4.711156e+00  3.013679e-02 
 4.711477e+00  3.013677e-02 
 4.711799e+00  3.013676e-02 
 4.712120e+00  3.013674e-02 
 4.712442e+00  3.013673e-02 
 4.712764e+00  3.013671e-02 
 4.713085e+00  3.013670e-02 
 4.713407e+00  3.013668e-02 
 4.713728e+00  3.013666e-02 
 4.714050e+00  3.013665e-02 
 4.714371e+00  3.013663e-02 
 4.714693e+00  3.013662e-02 
 4.715014e+00  3.013660e-02 
 4.715336e+00  3.013659e-02 
 4.715658e+00  3.013657e-02 
 4.715979e+00  3.013655e-02 
 4.716301e+00  3.013654e-02 
 4.716622e+00  3.013652e-02 
 4.716944e+00  3.013651e-02 
 4.717265e+00  3.013649e-02 
 4.717587e+00  3.013648e-02 
 4.717908e+00  3.013646e-02 
 4.718230e+00  3.013645e-02 
 4.718552e+00  3.013643e-02 
 4.718873e+00  3.013641e-02 
 4.719195e+00  3.013640e-02 
 4.719516e+00  3.013638e-02 
 4.719838e+00  3.013637e-02 
 4.720159e+00  3.013635e-02 
 4.720481e+00  3.013634e-02 
 4.720803e+00  3.013632e-02 
 4.721124e+00  3.013631e-02 
 4.721446e+00  3.013629e-02 
 4.721767e+00  3.013627e-02 
 4.722089e+00  3.013626e-02 
 4.722410e+00  3.013624e-02 
 4.722732e+00  3.013623e-02 
 4.723053e+00  3.013621e-02 
 4.723375e+00  3.013620e-02 
 4.723697e+00  3.013618e-02 
 4.724018e+00  3.013617e-02 
 4.724340e+00  3.013615e-02 
 4.724661e+00  3.013613e-02 
 4.724983e+00  3.013612e-02 
 4.725304e+00  3.013610e-02 
 4.725626e+00  3.013609e-02 
 4.725947e+00  3.013607e-02 
 4.726269e+00  3.013606e-02 
 4.726591e+00  3.013604e-02 
 4.726912e+00  3.013603e-02 
 4.727234e+00  3.013601e-02 
 4.727555e+00  3.013599e-02 
 4.727877e+00  3.013598e-02 
 4.728198e+00  3.013596e-02 
 4.728520e+00  3.013595e-02 
 4.728841e+00  3.013593e-02 
 4.729163e+00  3.013592e-02 
 4.729485e+00  3.013590e-02 
 4.729806e+00  3.013589e-02 
 4.730128e+00  3.013587e-02 
 4.730449e+00  3.013585e-02 
 4.730771e+00  3.013584e-02 
 4.731092e+00  3.013582e-02 
 4.731414e+00  3.013581e-02 
 4.731735e+00  3.013579e-02 
 4.732057e+00  3.013578e-02 
 4.732379e+00  3.013576e-02 
 4.732700e+00  3.013574e-02 
 4.733022e+00  3.013573e-02 
 4.733343e+00  3.013571e-02 
 4.733665e+00  3.013570e-02 
 4.733986e+00  3.013568e-02 
 4.734308e+00  3.013566e-02 
 4.734629e+00  3.013565e-02 
 4.734951e+00  3.013563e-02 
 4.735273e+00  3.013562e-02 
 4.735594e+00  3.013560e-02 
 4.735916e+00  3.013559e-02 
 4.736237e+00  3.013557e-02 
 4.736559e+00  3.013555e-02 
 4.736880e+00  3.013554e-02 
 4.737202e+00  3.013552e-02 
 4.737523e+00  3.013551e-02 
 4.737845e+00  3.013549e-02 
 4.738167e+00  3.013547e-02 
 4.738488e+00  3.013546e-02 
 4.738810e+00  3.013544e-02 
 4.739131e+00  3.013543e-02 
 4.739453e+00  3.013541e-02 
 4.739774e+00  3.013539e-02 
 4.740096e+00  3.013538e-02 
 4.740417e+00  3.013536e-02 
 4.740739e+00  3.013535e-02 
 4.741061e+00  3.013533e-02 
 4.741382e+00  3.013531e-02 
 4.741704e+00  3.013530e-02 
 4.742025e+00  3.013528e-02 
 4.742347e+00  3.013526e-02 
 4.742668e+00  3.013525e-02 
 4.742990e+00  3.013523e-02 
 4.743311e+00  3.013522e-02 
 4.743633e+00  3.013520e-02 
 4.743955e+00  3.013518e-02 
 4.744276e+00  3.013517e-02 
 4.744598e+00  3.013515e-02 
 4.744919e+00  3.013513e-02 
 4.745241e+00  3.013512e-02 
 4.745562e+00  3.013510e-02 
 4.745884e+00  3.013509e-02 
 4.746205e+00  3.013507e-02 
 4.746527e+00  3.013505e-02 
 4.746849e+00  3.013504e-02 
 4.747170e+00  3.013502e-02 
 4.747492e+00  3.013500e-02 
 4.747813e+00  3.013499e-02 
 4.748135e+00  3.013497e-02 
 4.748456e+00  3.013495e-02 
 4.748778e+00  3.013494e-02 
 4.749099e+00  3.013492e-02 
 4.749421e+00  3.013490e-02 
 4.749743e+00  3.013489e-02 
 4.750064e+00  3.013487e-02 
 4.750386e+00  3.013485e-02 
 4.750707e+00  3.013484e-02 
 4.751029e+00  3.013482e-02 
 4.751350e+00  3.013480e-02 
 4.751672e+00  3.013479e-02 
 4.751993e+00  3.013477e-02 
 4.752315e+00  3.013475e-02 
 4.752637e+00  3.013474e-02 
 4.752958e+00  3.013472e-02 
 4.753280e+00  3.013470e-02 
 4.753601e+00  3.013469e-02 
 4.753923e+00  3.013467e-02 
 4.754244e+00  3.013465e-02 
 4.754566e+00  3.013464e-02 
 4.754887e+00  3.013462e-02 
 4.755209e+00  3.013460e-02 
 4.755531e+00  3.013458e-02 
 4.755852e+00  3.013457e-02 
 4.756174e+00  3.013455e-02 
 4.756495e+00  3.013453e-02 
 4.756817e+00  3.013452e-02 
 4.757138e+00  3.013450e-02 
 4.757460e+00  3.013448e-02 
 4.757781e+00  3.013446e-02 
 4.758103e+00  3.013445e-02 
 4.758425e+00  3.013443e-02 
 4.758746e+00  3.013441e-02 
 4.759068e+00  3.013439e-02 
 4.759389e+00  3.013438e-02 
 4.759711e+00  3.013436e-02 
 4.760032e+00  3.013434e-02 
 4.760354e+00  3.013432e-02 
 4.760675e+00  3.013431e-02 
 4.760997e+00  3.013429e-02 
 4.761319e+00  3.013427e-02 
 4.761640e+00  3.013425e-02 
 4.761962e+00  3.013423e-02 
 4.762283e+00  3.013422e-02 
 4.762605e+00  3.013420e-02 
 4.762926e+00  3.013418e-02 
 4.763248e+00  3.013416e-02 
 4.763569e+00  3.013414e-02 
 4.763891e+00  3.013413e-02 
 4.764213e+00  3.013411e-02 
 4.764534e+00  3.013409e-02 
 4.764856e+00  3.013407e-02 
 4.765177e+00  3.013405e-02 
 4.765499e+00  3.013403e-02 
 4.765820e+00  3.013402e-02 
 4.766142e+00  3.013400e-02 
 4.766463e+00  3.013398e-02 
 4.766785e+00  3.013396e-02 
 4.767107e+00  3.013394e-02 
 4.767428e+00  3.013392e-02 
 4.767750e+00  3.013390e-02 
 4.768071e+00  3.013389e-02 
 4.768393e+00  3.013387e-02 
 4.768714e+00  3.013385e-02 
 4.769036e+00  3.013383e-02 
 4.769358e+00  3.013381e-02 
 4.769679e+00  3.013379e-02 
 4.770001e+00  3.013377e-02 
 4.770322e+00  3.013375e-02 
 4.770644e+00  3.013374e-02 
 4.770965e+00  3.013372e-02 
 4.771287e+00  3.013370e-02 
 4.771608e+00  3.013368e-02 
 4.771930e+00  3.013366e-02 
 4.772252e+00  3.013364e-02 
 4.772573e+00  3.013362e-02 
 4.772895e+00  3.013360e-02 
 4.773216e+00  3.013358e-02 
 4.773538e+00  3.013356e-02 
 4.773859e+00  3.013354e-02 
 4.774181e+00  3.013352e-02 
 4.774502e+00  3.013351e-02 
 4.774824e+00  3.013349e-02 
 4.775146e+00  3.013347e-02 
 4.775467e+00  3.013345e-02 
 4.775789e+00  3.013343e-02 
 4.776110e+00  3.013341e-02 
 4.776432e+00  3.013339e-02 
 4.776753e+00  3.013337e-02 
 4.777075e+00  3.013335e-02 
 4.777396e+00  3.013333e-02 
 4.777718e+00  3.013331e-02 
 4.778040e+00  3.013329e-02 
 4.778361e+00  3.013327e-02 
 4.778683e+00  3.013325e-02 
 4.779004e+00  3.013323e-02 
 4.779326e+00  3.013321e-02 
 4.779647e+00  3.013319e-02 
 4.779969e+00  3.013317e-02 
 4.780290e+00  3.013315e-02 
 4.780612e+00  3.013313e-02 
 4.780934e+00  3.013311e-02 
 4.781255e+00  3.013309e-02 
 4.781577e+00  3.013307e-02 
 4.781898e+00  3.013305e-02 
 4.782220e+00  3.013303e-02 
 4.782541e+00  3.013301e-02 
 4.782863e+00  3.013299e-02 
 4.783184e+00  3.013297e-02 
 4.783506e+00  3.013295e-02 
 4.783828e+00  3.013293e-02 
 4.784149e+00  3.013291e-02 
 4.784471e+00  3.013289e-02 
 4.784792e+00  3.013287e-02 
 4.785114e+00  3.013285e-02 
 4.785435e+00  3.013283e-02 
 4.785757e+00  3.013281e-02 
 4.786078e+00  3.013279e-02 
 4.786400e+00  3.013277e-02 
 4.786722e+00  3.013275e-02 
 4.787043e+00  3.013273e-02 
 4.787365e+00  3.013271e-02 
 4.787686e+00  3.013269e-02 
 4.788008e+00  3.013267e-02 
 4.788329e+00  3.013265e-02 
 4.788651e+00  3.013263e-02 
 4.788972e+00  3.013261e-02 
 4.789294e+00  3.013259e-02 
 4.789616e+00  3.013257e-02 
 4.789937e+00  3.013255e-02 
 4.790259e+00  3.013253e-02 
 4.790580e+00  3.013251e-02 
 4.790902e+00  3.013249e-02 
 4.791223e+00  3.013247e-02 
 4.791545e+00  3.013245e-02 
 4.791866e+00  3.013243e-02 
 4.792188e+00  3.013241e-02 
 4.792510e+00  3.013239e-02 
 4.792831e+00  3.013237e-02 
 4.793153e+00  3.013235e-02 
 4.793474e+00  3.013233e-02 
 4.793796e+00  3.013231e-02 
 4.794117e+00  3.013229e-02 
 4.794439e+00  3.013227e-02 
 4.794760e+00  3.013225e-02 
 4.795082e+00  3.013223e-02 
 4.795404e+00  3.013221e-02 
 4.795725e+00  3.013219e-02 
 4.796047e+00  3.013217e-02 
 4.796368e+00  3.013215e-02 
 4.796690e+00  3.013213e-02 
 4.797011e+00  3.013211e-02 
 4.797333e+00  3.013208e-02 
 4.797654e+00  3.013206e-02 
 4.797976e+00  3.013204e-02 
 4.798298e+00  3.013202e-02 
 4.798619e+00  3.013200e-02 
 4.798941e+00  3.013198e-02 
 4.799262e+00  3.013196e-02 
 4.799584e+00  3.013194e-02 
 4.799905e+00  3.013192e-02 
 4.800227e+00  3.013190e-02 
 4.800548e+00  3.013188e-02 
 4.800870e+00  3.013186e-02 
 4.801192e+00  3.013184e-02 
 4.801513e+00  3.013182e-02 
 4.801835e+00  3.013180e-02 
 4.802156e+00  3.013178e-02 
 4.802478e+00  3.013176e-02 
 4.802799e+00  3.013174e-02 
 4.803121e+00  3.013172e-02 
 4.803442e+00  3.013170e-02 
 4.803764e+00  3.013168e-02 
 4.804086e+00  3.013166e-02 
 4.804407e+00  3.013165e-02 
 4.804729e+00  3.013163e-02 
 4.805050e+00  3.013161e-02 
 4.805372e+00  3.013159e-02 
 4.805693e+00  3.013157e-02 
 4.806015e+00  3.013155e-02 
 4.806336e+00  3.013153e-02 
 4.806658e+00  3.013151e-02 
 4.806980e+00  3.013149e-02 
 4.807301e+00  3.013147e-02 
 4.807623e+00  3.013145e-02 
 4.807944e+00  3.013143e-02 
 4.808266e+00  3.013141e-02 
 4.808587e+00  3.013139e-02 
 4.808909e+00  3.013137e-02 
 4.809230e+00  3.013135e-02 
 4.809552e+00  3.013133e-02 
 4.809874e+00  3.013131e-02 
 4.810195e+00  3.013129e-02 
 4.810517e+00  3.013127e-02 
 4.810838e+00  3.013125e-02 
 4.811160e+00  3.013123e-02 
 4.811481e+00  3.013122e-02 
 4.811803e+00  3.013120e-02 
 4.812124e+00  3.013118e-02 
 4.812446e+00  3.013116e-02 
 4.812768e+00  3.013114e-02 
 4.813089e+00  3.013112e-02 
 4.813411e+00  3.013110e-02 
 4.813732e+00  3.013108e-02 
 4.814054e+00  3.013106e-02 
 4.814375e+00  3.013104e-02 
 4.814697e+00  3.013103e-02 
 4.815018e+00  3.013101e-02 
 4.815340e+00  3.013099e-02 
 4.815662e+00  3.013097e-02 
 4.815983e+00  3.013095e-02 
 4.816305e+00  3.013093e-02 
 4.816626e+00  3.013091e-02 
 4.816948e+00  3.013089e-02 
 4.817269e+00  3.013088e-02 
 4.817591e+00  3.013086e-02 
 4.817912e+00  3.013084e-02 
 4.818234e+00  3.013082e-02 
 4.818556e+00  3.013080e-02 
 4.818877e+00  3.013078e-02 
 4.819199e+00  3.013077e-02 
 4.819520e+00  3.013075e-02 
 4.819842e+00  3.013073e-02 
 4.820163e+00  3.013071e-02 
 4.820485e+00  3.013069e-02 
 4.820807e+00  3.013068e-02 
 4.821128e+00  3.013066e-02 
 4.821450e+00  3.013064e-02 
 4.821771e+00  3.013062e-02 
 4.822093e+00  3.013060e-02 
 4.822414e+00  3.013059e-02 
 4.822736e+00  3.013057e-02 
 4.823057e+00  3.013055e-02 
 4.823379e+00  3.013053e-02 
 4.823701e+00  3.013051e-02 
 4.824022e+00  3.013050e-02 
 4.824344e+00  3.013048e-02 
 4.824665e+00  3.013046e-02 
 4.824987e+00  3.013044e-02 
 4.825308e+00  3.013043e-02 
 4.825630e+00  3.013041e-02 
 4.825951e+00  3.013039e-02 
 4.826273e+00  3.013037e-02 
 4.826595e+00  3.013036e-02 
 4.826916e+00  3.013034e-02 
 4.827238e+00  3.013032e-02 
 4.827559e+00  3.013031e-02 
 4.827881e+00  3.013029e-02 
 4.828202e+00  3.013027e-02 
 4.828524e+00  3.013025e-02 
 4.828845e+00  3.013024e-02 
 4.829167e+00  3.013022e-02 
 4.829489e+00  3.013020e-02 
 4.829810e+00  3.013019e-02 
 4.830132e+00  3.013017e-02 
 4.830453e+00  3.013015e-02 
 4.830775e+00  3.013014e-02 
 4.831096e+00  3.013012e-02 
 4.831418e+00  3.013010e-02 
 4.831739e+00  3.013008e-02 
 4.832061e+00  3.013007e-02 
 4.832383e+00  3.013005e-02 
 4.832704e+00  3.013003e-02 
 4.833026e+00  3.013002e-02 
 4.833347e+00  3.013000e-02 
 4.833669e+00  3.012999e-02 
 4.833990e+00  3.012997e-02 
 4.834312e+00  3.012995e-02 
 4.834633e+00  3.012994e-02 
 4.834955e+00  3.012992e-02 
 4.835277e+00  3.012990e-02 
 4.835598e+00  3.012989e-02 
 4.835920e+00  3.012987e-02 
 4.836241e+00  3.012985e-02 
 4.836563e+00  3.012984e-02 
 4.836884e+00  3.012982e-02 
 4.837206e+00  3.012981e-02 
 4.837527e+00  3.012979e-02 
 4.837849e+00  3.012977e-02 
 4.838171e+00  3.012976e-02 
 4.838492e+00  3.012974e-02 
 4.838814e+00  3.012972e-02 
 4.839135e+00  3.012971e-02 
 4.839457e+00  3.012969e-02 
 4.839778e+00  3.012968e-02 
 4.840100e+00  3.012966e-02 
 4.840421e+00  3.012965e-02 
 4.840743e+00  3.012963e-02 
 4.841065e+00  3.012961e-02 
 4.841386e+00  3.012960e-02 
 4.841708e+00  3.012958e-02 
 4.842029e+00  3.012957e-02 
 4.842351e+00  3.012955e-02 
 4.842672e+00  3.012954e-02 
 4.842994e+00  3.012952e-02 
 4.843315e+00  3.012950e-02 
 4.843637e+00  3.012949e-02 
 4.843959e+00  3.012947e-02 
 4.844280e+00  3.012946e-02 
 4.844602e+00  3.012944e-02 
 4.844923e+00  3.012943e-02 
 4.845245e+00  3.012941e-02 
 4.845566e+00  3.012940e-02 
 4.845888e+00  3.012938e-02 
 4.846209e+00  3.012937e-02 
 4.846531e+00  3.012935e-02 
 4.846853e+00  3.012934e-02 
 4.847174e+00  3.012932e-02 
 4.847496e+00  3.012931e-02 
 4.847817e+00  3.012929e-02 
 4.848139e+00  3.012928e-02 
 4.848460e+00  3.012926e-02 
 4.848782e+00  3.012925e-02 
 4.849103e+00  3.012923e-02 
 4.849425e+00  3.012922e-02 
 4.849747e+00  3.012920e-02 
 4.850068e+00  3.012919e-02 
 4.850390e+00  3.012917e-02 
 4.850711e+00  3.012916e-02 
 4.851033e+00  3.012915e-02 
 4.851354e+00  3.012913e-02 
 4.851676e+00  3.012912e-02 
 4.851997e+00  3.012910e-02 
 4.852319e+00  3.012909e-02 
 4.852641e+00  3.012907e-02 
 4.852962e+00  3.012906e-02 
 4.853284e+00  3.012904e-02 
 4.853605e+00  3.012903e-02 
 4.853927e+00  3.012902e-02 
 4.854248e+00  3.012900e-02 
 4.854570e+00  3.012899e-02 
 4.854891e+00  3.012897e-02 
 4.855213e+00  3.012896e-02 
 4.855535e+00  3.012894e-02 
 4.855856e+00  3.012893e-02 
 4.856178e+00  3.012892e-02 
 4.856499e+00  3.012890e-02 
 4.856821e+00  3.012889e-02 
 4.857142e+00  3.012887e-02 
 4.857464e+00  3.012886e-02 
 4.857785e+00  3.012885e-02 
 4.858107e+00  3.012883e-02 
 4.858429e+00  3.012882e-02 
 4.858750e+00  3.012880e-02 
 4.859072e+00  3.012879e-02 
 4.859393e+00  3.012878e-02 
 4.859715e+00  3.012876e-02 
 4.860036e+00  3.012875e-02 
 4.860358e+00  3.012873e-02 
 4.860679e+00  3.012872e-02 
 4.861001e+00  3.012871e-02 
 4.861323e+00  3.012869e-02 
 4.861644e+00  3.012868e-02 
 4.861966e+00  3.012866e-02 
 4.862287e+00  3.012865e-02 
 4.862609e+00  3.012864e-02 
 4.862930e+00  3.012862e-02 
 4.863252e+00  3.012861e-02 
 4.863573e+00  3.012859e-02 
 4.863895e+00  3.012858e-02 
 4.864217e+00  3.012856e-02 
 4.864538e+00  3.012855e-02 
 4.864860e+00  3.012854e-02 
 4.865181e+00  3.012852e-02 
 4.865503e+00  3.012851e-02 
 4.865824e+00  3.012849e-02 
 4.866146e+00  3.012848e-02 
 4.866467e+00  3.012846e-02 
 4.866789e+00  3.012845e-02 
 4.867111e+00  3.012843e-02 
 4.867432e+00  3.012842e-02 
 4.867754e+00  3.012841e-02 
 4.868075e+00  3.012839e-02 
 4.868397e+00  3.012838e-02 
 4.868718e+00  3.012836e-02 
 4.869040e+00  3.012835e-02 
 4.869362e+00  3.012833e-02 
 4.869683e+00  3.012832e-02 
 4.870005e+00  3.012830e-02 
 4.870326e+00  3.012829e-02 
 4.870648e+00  3.012827e-02 
 4.870969e+00  3.012826e-02 
 4.871291e+00  3.012824e-02 
 4.871612e+00  3.012823e-02 
 4.871934e+00  3.012821e-02 
 4.872256e+00  3.012820e-02 
 4.872577e+00  3.012818e-02 
 4.872899e+00  3.012816e-02 
 4.873220e+00  3.012815e-02 
 4.873542e+00  3.012813e-02 
 4.873863e+00  3.012812e-02 
 4.874185e+00  3.012810e-02 
 4.874506e+00  3.012809e-02 
 4.874828e+00  3.012807e-02 
 4.875150e+00  3.012805e-02 
 4.875471e+00  3.012804e-02 
 4.875793e+00  3.012802e-02 
 4.876114e+00  3.012801e-02 
 4.876436e+00  3.012799e-02 
 4.876757e+00  3.012797e-02 
 4.877079e+00  3.012796e-02 
 4.877400e+00  3.012794e-02 
 4.877722e+00  3.012792e-02 
 4.878044e+00  3.012791e-02 
 4.878365e+00  3.012789e-02 
 4.878687e+00  3.012787e-02 
 4.879008e+00  3.012786e-02 
 4.879330e+00  3.012784e-02 
 4.879651e+00  3.012782e-02 
 4.879973e+00  3.012781e-02 
 4.880294e+00  3.012779e-02 
 4.880616e+00  3.012777e-02 
 4.880938e+00  3.012775e-02 
 4.881259e+00  3.012774e-02 
 4.881581e+00  3.012772e-02 
 4.881902e+00  3.012770e-02 
 4.882224e+00  3.012768e-02 
 4.882545e+00  3.012767e-02 
 4.882867e+00  3.012765e-02 
 4.883188e+00  3.012763e-02 
 4.883510e+00  3.012761e-02 
 4.883832e+00  3.012760e-02 
 4.884153e+00  3.012758e-02 
 4.884475e+00  3.012756e-02 
 4.884796e+00  3.012754e-02 
 4.885118e+00  3.012753e-02 
 4.885439e+00  3.012751e-02 
 4.885761e+00  3.012749e-02 
 4.886082e+00  3.012747e-02 
 4.886404e+00  3.012745e-02 
 4.886726e+00  3.012743e-02 
 4.887047e+00  3.012742e-02 
 4.887369e+00  3.012740e-02 
 4.887690e+00  3.012738e-02 
 4.888012e+00  3.012736e-02 
 4.888333e+00  3.012734e-02 
 4.888655e+00  3.012732e-02 
 4.888976e+00  3.012731e-02 
 4.889298e+00  3.012729e-02 
 4.889620e+00  3.012727e-02 
 4.889941e+00  3.012725e-02 
 4.890263e+00  3.012723e-02 
 4.890584e+00  3.012721e-02 
 4.890906e+00  3.012719e-02 
 4.891227e+00  3.012718e-02 
 4.891549e+00  3.012716e-02 
 4.891870e+00  3.012714e-02 
 4.892192e+00  3.012712e-02 
 4.892514e+00  3.012710e-02 
 4.892835e+00  3.012708e-02 
 4.893157e+00  3.012706e-02 
 4.893478e+00  3.012705e-02 
 4.893800e+00  3.012703e-02 
 4.894121e+00  3.012701e-02 
 4.894443e+00  3.012699e-02 
 4.894764e+00  3.012697e-02 
 4.895086e+00  3.012695e-02 
 4.895408e+00  3.012693e-02 
 4.895729e+00  3.012691e-02 
 4.896051e+00  3.012689e-02 
 4.896372e+00  3.012688e-02 
 4.896694e+00  3.012686e-02 
 4.897015e+00  3.012684e-02 
 4.897337e+00  3.012682e-02 
 4.897658e+00  3.012680e-02 
 4.897980e+00  3.012678e-02 
 4.898302e+00  3.012676e-02 
 4.898623e+00  3.012674e-02 
 4.898945e+00  3.012672e-02 
 4.899266e+00  3.012671e-02 
 4.899588e+00  3.012669e-02 
 4.899909e+00  3.012667e-02 
 4.900231e+00  3.012665e-02 
 4.900552e+00  3.012663e-02 
 4.900874e+00  3.012661e-02 
 4.901196e+00  3.012659e-02 
 4.901517e+00  3.012657e-02 
 4.901839e+00  3.012655e-02 
 4.902160e+00  3.012654e-02 
 4.902482e+00  3.012652e-02 
 4.902803e+00  3.012650e-02 
 4.903125e+00  3.012648e-02 
 4.903446e+00  3.012646e-02 
 4.903768e+00  3.012644e-02 
 4.904090e+00  3.012642e-02 
 4.904411e+00  3.012640e-02 
 4.904733e+00  3.012638e-02 
 4.905054e+00  3.012636e-02 
 4.905376e+00  3.012635e-02 
 4.905697e+00  3.012633e-02 
 4.906019e+00  3.012631e-02 
 4.906340e+00  3.012629e-02 
 4.906662e+00  3.012627e-02 
 4.906984e+00  3.012625e-02 
 4.907305e+00  3.012623e-02 
 4.907627e+00  3.012621e-02 
 4.907948e+00  3.012619e-02 
 4.908270e+00  3.012618e-02 
 4.908591e+00  3.012616e-02 
 4.908913e+00  3.012614e-02 
 4.909234e+00  3.012612e-02 
 4.909556e+00  3.012610e-02 
 4.909878e+00  3.012608e-02 
 4.910199e+00  3.012606e-02 
 4.910521e+00  3.012604e-02 
 4.910842e+00  3.012602e-02 
 4.911164e+00  3.012600e-02 
 4.911485e+00  3.012599e-02 
 4.911807e+00  3.012597e-02 
 4.912128e+00  3.012595e-02 
 4.912450e+00  3.012593e-02 
 4.912772e+00  3.012591e-02 
 4.913093e+00  3.012589e-02 
 4.913415e+00  3.012587e-02 
 4.913736e+00  3.012585e-02 
 4.914058e+00  3.012583e-02 
 4.914379e+00  3.012581e-02 
 4.914701e+00  3.012579e-02 
 4.915022e+00  3.012578e-02 
 4.915344e+00  3.012576e-02 
 4.915666e+00  3.012574e-02 
 4.915987e+00  3.012572e-02 
 4.916309e+00  3.012570e-02 
 4.916630e+00  3.012568e-02 
 4.916952e+00  3.012566e-02 
 4.917273e+00  3.012564e-02 
 4.917595e+00  3.012562e-02 
 4.917916e+00  3.012560e-02 
 4.918238e+00  3.012558e-02 
 4.918560e+00  3.012556e-02 
 4.918881e+00  3.012554e-02 
 4.919203e+00  3.012553e-02 
 4.919524e+00  3.012551e-02 
 4.919846e+00  3.012549e-02 
 4.920167e+00  3.012547e-02 
 4.920489e+00  3.012545e-02 
 4.920811e+00  3.012543e-02 
 4.921132e+00  3.012541e-02 
 4.921454e+00  3.012539e-02 
 4.921775e+00  3.012537e-02 
 4.922097e+00  3.012535e-02 
 4.922418e+00  3.012533e-02 
 4.922740e+00  3.012531e-02 
 4.923061e+00  3.012530e-02 
 4.923383e+00  3.012528e-02 
 4.923705e+00  3.012526e-02 
 4.924026e+00  3.012524e-02 
 4.924348e+00  3.012522e-02 
 4.924669e+00  3.012520e-02 
 4.924991e+00  3.012518e-02 
 4.925312e+00  3.012516e-02 
 4.925634e+00  3.012514e-02 
 4.925955e+00  3.012512e-02 
 4.926277e+00  3.012510e-02 
 4.926599e+00  3.012508e-02 
 4.926920e+00  3.012507e-02 
 4.927242e+00  3.012505e-02 
 4.927563e+00  3.012503e-02 
 4.927885e+00  3.012501e-02 
 4.928206e+00  3.012499e-02 
 4.928528e+00  3.012497e-02 
 4.928849e+00  3.012495e-02 
 4.929171e+00  3.012493e-02 
 4.929493e+00  3.012491e-02 
 4.929814e+00  3.012490e-02 
 4.930136e+00  3.012488e-02 
 4.930457e+00  3.012486e-02 
 4.930779e+00  3.012484e-02 
 4.931100e+00  3.012482e-02 
 4.931422e+00  3.012480e-02 
 4.931743e+00  3.012478e-02 
 4.932065e+00  3.012476e-02 
 4.932387e+00  3.012475e-02 
 4.932708e+00  3.012473e-02 
 4.933030e+00  3.012471e-02 
 4.933351e+00  3.012469e-02 
 4.933673e+00  3.012467e-02 
 4.933994e+00  3.012465e-02 
 4.934316e+00  3.012464e-02 
 4.934637e+00  3.012462e-02 
 4.934959e+00  3.012460e-02 
 4.935281e+00  3.012458e-02 
 4.935602e+00  3.012456e-02 
 4.935924e+00  3.012455e-02 
 4.936245e+00  3.012453e-02 
 4.936567e+00  3.012451e-02 
 4.936888e+00  3.012449e-02 
 4.937210e+00  3.012447e-02 
 4.937531e+00  3.012446e-02 
 4.937853e+00  3.012444e-02 
 4.938175e+00  3.012442e-02 
 4.938496e+00  3.012440e-02 
 4.938818e+00  3.012438e-02 
 4.939139e+00  3.012437e-02 
 4.939461e+00  3.012435e-02 
 4.939782e+00  3.012433e-02 
 4.940104e+00  3.012431e-02 
 4.940425e+00  3.012430e-02 
 4.940747e+00  3.012428e-02 
 4.941069e+00  3.012426e-02 
 4.941390e+00  3.012425e-02 
 4.941712e+00  3.012423e-02 
 4.942033e+00  3.012421e-02 
 4.942355e+00  3.012419e-02 
 4.942676e+00  3.012418e-02 
 4.942998e+00  3.012416e-02 
 4.943319e+00  3.012414e-02 
 4.943641e+00  3.012413e-02 
 4.943963e+00  3.012411e-02 
 4.944284e+00  3.012409e-02 
 4.944606e+00  3.012408e-02 
 4.944927e+00  3.012406e-02 
 4.945249e+00  3.012404e-02 
 4.945570e+00  3.012403e-02 
 4.945892e+00  3.012401e-02 
 4.946213e+00  3.012400e-02 
 4.946535e+00  3.012398e-02 
 4.946857e+00  3.012396e-02 
 4.947178e+00  3.012395e-02 
 4.947500e+00  3.012393e-02 
 4.947821e+00  3.012392e-02 
 4.948143e+00  3.012390e-02 
 4.948464e+00  3.012388e-02 
 4.948786e+00  3.012387e-02 
 4.949107e+00  3.012385e-02 
 4.949429e+00  3.012384e-02 
 4.949751e+00  3.012382e-02 
 4.950072e+00  3.012381e-02 
 4.950394e+00  3.012379e-02 
 4.950715e+00  3.012378e-02 
 4.951037e+00  3.012376e-02 
 4.951358e+00  3.012375e-02 
 4.951680e+00  3.012373e-02 
 4.952001e+00  3.012372e-02 
 4.952323e+00  3.012370e-02 
 4.952645e+00  3.012369e-02 
 4.952966e+00  3.012367e-02 
 4.953288e+00  3.012366e-02 
 4.953609e+00  3.012364e-02 
 4.953931e+00  3.012363e-02 
 4.954252e+00  3.012361e-02 
 4.954574e+00  3.012360e-02 
 4.954895e+00  3.012358e-02 
 4.955217e+00  3.012357e-02 
 4.955539e+00  3.012356e-02 
 4.955860e+00  3.012354e-02 
 4.956182e+00  3.012353e-02 
 4.956503e+00  3.012351e-02 
 4.956825e+00  3.012350e-02 
 4.957146e+00  3.012349e-02 
 4.957468e+00  3.012347e-02 
 4.957789e+00  3.012346e-02 
 4.958111e+00  3.012344e-02 
 4.958433e+00  3.012343e-02 
 4.958754e+00  3.012342e-02 
 4.959076e+00  3.012340e-02 
 4.959397e+00  3.012339e-02 
 4.959719e+00  3.012338e-02 
 4.960040e+00  3.012336e-02 
 4.960362e+00  3.012335e-02 
 4.960683e+00  3.012334e-02 
 4.961005e+00  3.012333e-02 
 4.961327e+00  3.012331e-02 
 4.961648e+00  3.012330e-02 
 4.961970e+00  3.012329e-02 
 4.962291e+00  3.012327e-02 
 4.962613e+00  3.012326e-02 
 4.962934e+00  3.012325e-02 
 4.963256e+00  3.012324e-02 
 4.963577e+00  3.012322e-02 
 4.963899e+00  3.012321e-02 
 4.964221e+00  3.012320e-02 
 4.964542e+00  3.012319e-02 
 4.964864e+00  3.012318e-02 
 4.965185e+00  3.012316e-02 
 4.965507e+00  3.012315e-02 
 4.965828e+00  3.012314e-02 
 4.966150e+00  3.012313e-02 
 4.966471e+00  3.012312e-02 
 4.966793e+00  3.012310e-02 
 4.967115e+00  3.012309e-02 
 4.967436e+00  3.012308e-02 
 4.967758e+00  3.012307e-02 
 4.968079e+00  3.012306e-02 
 4.968401e+00  3.012305e-02 
 4.968722e+00  3.012303e-02 
 4.969044e+00  3.012302e-02 
 4.969365e+00  3.012301e-02 
 4.969687e+00  3.012300e-02 
 4.970009e+00  3.012299e-02 
 4.970330e+00  3.012298e-02 
 4.970652e+00  3.012297e-02 
 4.970973e+00  3.012296e-02 
 4.971295e+00  3.012295e-02 
 4.971616e+00  3.012294e-02 
 4.971938e+00  3.012292e-02 
 4.972260e+00  3.012291e-02 
 4.972581e+00  3.012290e-02 
 4.972903e+00  3.012289e-02 
 4.973224e+00  3.012288e-02 
 4.973546e+00  3.012287e-02 
 4.973867e+00  3.012286e-02 
 4.974189e+00  3.012285e-02 
 4.974510e+00  3.012284e-02 
 4.974832e+00  3.012283e-02 
 4.975154e+00  3.012282e-02 
 4.975475e+00  3.012281e-02 
 4.975797e+00  3.012280e-02 
 4.976118e+00  3.012279e-02 
 4.976440e+00  3.012278e-02 
 4.976761e+00  3.012277e-02 
 4.977083e+00  3.012276e-02 
 4.977404e+00  3.012275e-02 
 4.977726e+00  3.012274e-02 
 4.978048e+00  3.012273e-02 
 4.978369e+00  3.012272e-02 
 4.978691e+00  3.012271e-02 
 4.979012e+00  3.012270e-02 
 4.979334e+00  3.012269e-02 
 4.979655e+00  3.012268e-02 
 4.979977e+00  3.012267e-02 
 4.980298e+00  3.012266e-02 
 4.980620e+00  3.012266e-02 
 4.980942e+00  3.012265e-02 
 4.981263e+00  3.012264e-02 
 4.981585e+00  3.012263e-02 
 4.981906e+00  3.012262e-02 
 4.982228e+00  3.012261e-02 
 4.982549e+00  3.012260e-02 
 4.982871e+00  3.012259e-02 
 4.983192e+00  3.012258e-02 
 4.983514e+00  3.012258e-02 
 4.983836e+00  3.012257e-02 
 4.984157e+00  3.012256e-02 
 4.984479e+00  3.012255e-02 
 4.984800e+00  3.012254e-02 
 4.985122e+00  3.012253e-02 
 4.985443e+00  3.012252e-02 
 4.985765e+00  3.012252e-02 
 4.986086e+00  3.012251e-02 
 4.986408e+00  3.012250e-02 
 4.986730e+00  3.012249e-02 
 4.987051e+00  3.012248e-02 
 4.987373e+00  3.012248e-02 
 4.987694e+00  3.012247e-02 
 4.988016e+00  3.012246e-02 
 4.988337e+00  3.012245e-02 
 4.988659e+00  3.012245e-02 
 4.988980e+00  3.012244e-02 
 4.989302e+00  3.012243e-02 
 4.989624e+00  3.012242e-02 
 4.989945e+00  3.012242e-02 
 4.990267e+00  3.012241e-02 
 4.990588e+00  3.012240e-02 
 4.990910e+00  3.012240e-02 
 4.991231e+00  3.012239e-02 
 4.991553e+00  3.012238e-02 
 4.991874e+00  3.012238e-02 
 4.992196e+00  3.012237e-02 
 4.992518e+00  3.012236e-02 
 4.992839e+00  3.012236e-02 
 4.993161e+00  3.012235e-02 
 4.993482e+00  3.012234e-02 
 4.993804e+00  3.012234e-02 
 4.994125e+00  3.012233e-02 
 4.994447e+00  3.012233e-02 
 4.994768e+00  3.012232e-02 
 4.995090e+00  3.012231e-02 
 4.995412e+00  3.012231e-02 
 4.995733e+00  3.012230e-02 
 4.996055e+00  3.012230e-02 
 4.996376e+00  3.012229e-02 
 4.996698e+00  3.012229e-02 
 4.997019e+00  3.012228e-02 
 4.997341e+00  3.012228e-02 
 4.997662e+00  3.012227e-02 
 4.997984e+00  3.012227e-02 
 4.998306e+00  3.012226e-02 
 4.998627e+00  3.012226e-02 
 4.998949e+00  3.012225e-02 
 4.999270e+00  3.012225e-02 
 4.999592e+00  3.012225e-02 
 4.999913e+00  3.012224e-02 
 5.000235e+00  3.012224e-02 
 5.000556e+00  3.012223e-02 
 5.000878e+00  3.012223e-02 
 5.001200e+00  3.012223e-02 
 5.001521e+00  3.012222e-02 
 5.001843e+00  3.012222e-02 
 5.002164e+00  3.012222e-02 
 5.002486e+00  3.012221e-02 
 5.002807e+00  3.012221e-02 
 5.003129e+00  3.012221e-02 
 5.003450e+00  3.012221e-02 
 5.003772e+00  3.012220e-02 
 5.004094e+00  3.012220e-02 
 5.004415e+00  3.012220e-02 
 5.004737e+00  3.012220e-02 
 5.005058e+00  3.012219e-02 
 5.005380e+00  3.012219e-02 
 5.005701e+00  3.012219e-02 
 5.006023e+00  3.012219e-02 
 5.006344e+00  3.012219e-02 
 5.006666e+00  3.012218e-02 
 5.006988e+00  3.012218e-02 
 5.007309e+00  3.012218e-02 
 5.007631e+00  3.012218e-02 
 5.007952e+00  3.012218e-02 
 5.008274e+00  3.012218e-02 
 5.008595e+00  3.012218e-02 
 5.008917e+00  3.012218e-02 
 5.009238e+00  3.012218e-02 
 5.009560e+00  3.012218e-02 
 5.009882e+00  3.012218e-02 
 5.010203e+00  3.012218e-02 
 5.010525e+00  3.012218e-02 
 5.010846e+00  3.012218e-02 
 5.011168e+00  3.012218e-02 
 5.011489e+00  3.012218e-02 
 5.011811e+00  3.012218e-02 
 5.012132e+00  3.012218e-02 
 5.012454e+00  3.012218e-02 
 5.012776e+00  3.012218e-02 
 5.013097e+00  3.012218e-02 
 5.013419e+00  3.012218e-02 
 5.013740e+00  3.012218e-02 
 5.014062e+00  3.012218e-02 
 5.014383e+00  3.012219e-02 
 5.014705e+00  3.012219e-02 
 5.015026e+00  3.012219e-02 
 5.015348e+00  3.012219e-02 
 5.015670e+00  3.012219e-02 
 5.015991e+00  3.012219e-02 
 5.016313e+00  3.012220e-02 
 5.016634e+00  3.012220e-02 
 5.016956e+00  3.012220e-02 
 5.017277e+00  3.012220e-02 
 5.017599e+00  3.012221e-02 
 5.017920e+00  3.012221e-02 
 5.018242e+00  3.012221e-02 
 5.018564e+00  3.012222e-02 
 5.018885e+00  3.012222e-02 
 5.019207e+00  3.012222e-02 
 5.019528e+00  3.012222e-02 
 5.019850e+00  3.012223e-02 
 5.020171e+00  3.012223e-02 
 5.020493e+00  3.012224e-02 
 5.020814e+00  3.012224e-02 
 5.021136e+00  3.012224e-02 
 5.021458e+00  3.012225e-02 
 5.021779e+00  3.012225e-02 
 5.022101e+00  3.012225e-02 
 5.022422e+00  3.012226e-02 
 5.022744e+00  3.012226e-02 
 5.023065e+00  3.012227e-02 
 5.023387e+00  3.012227e-02 
 5.023708e+00  3.012228e-02 
 5.024030e+00  3.012228e-02 
 5.024352e+00  3.012229e-02 
 5.024673e+00  3.012229e-02 
 5.024995e+00  3.012230e-02 
 5.025316e+00  3.012230e-02 
 5.025638e+00  3.012231e-02 
 5.025959e+00  3.012231e-02 
 5.026281e+00  3.012232e-02 
 5.026603e+00  3.012232e-02 
 5.026924e+00  3.012233e-02 
 5.027246e+00  3.012233e-02 
 5.027567e+00  3.012234e-02 
 5.027889e+00  3.012235e-02 
 5.028210e+00  3.012235e-02 
 5.028532e+00  3.012236e-02 
 5.028853e+00  3.012236e-02 
 5.029175e+00  3.012237e-02 
 5.029497e+00  3.012238e-02 
 5.029818e+00  3.012238e-02 
 5.030140e+00  3.012239e-02 
 5.030461e+00  3.012240e-02 
 5.030783e+00  3.012240e-02 
 5.031104e+00  3.012241e-02 
 5.031426e+00  3.012242e-02 
 5.031747e+00  3.012242e-02 
 5.032069e+00  3.012243e-02 
 5.032391e+00  3.012244e-02 
 5.032712e+00  3.012245e-02 
 5.033034e+00  3.012245e-02 
 5.033355e+00  3.012246e-02 
 5.033677e+00  3.012247e-02 
 5.033998e+00  3.012248e-02 
 5.034320e+00  3.012248e-02 
 5.034641e+00  3.012249e-02 
 5.034963e+00  3.012250e-02 
 5.035285e+00  3.012251e-02 
 5.035606e+00  3.012252e-02 
 5.035928e+00  3.012253e-02 
 5.036249e+00  3.012253e-02 
 5.036571e+00  3.012254e-02 
 5.036892e+00  3.012255e-02 
 5.037214e+00  3.012256e-02 
 5.037535e+00  3.012257e-02 
 5.037857e+00  3.012258e-02 
 5.038179e+00  3.012259e-02 
 5.038500e+00  3.012259e-02 
 5.038822e+00  3.012260e-02 
 5.039143e+00  3.012261e-02 
 5.039465e+00  3.012262e-02 
 5.039786e+00  3.012263e-02 
 5.040108e+00  3.012264e-02 
 5.040429e+00  3.012265e-02 
 5.040751e+00  3.012266e-02 
 5.041073e+00  3.012267e-02 
 5.041394e+00  3.012268e-02 
 5.041716e+00  3.012269e-02 
 5.042037e+00  3.012270e-02 
 5.042359e+00  3.012271e-02 
 5.042680e+00  3.012272e-02 
 5.043002e+00  3.012273e-02 
 5.043323e+00  3.012274e-02 
 5.043645e+00  3.012275e-02 
 5.043967e+00  3.012276e-02 
 5.044288e+00  3.012277e-02 
 5.044610e+00  3.012278e-02 
 5.044931e+00  3.012279e-02 
 5.045253e+00  3.012280e-02 
 5.045574e+00  3.012281e-02 
 5.045896e+00  3.012282e-02 
 5.046217e+00  3.012283e-02 
 5.046539e+00  3.012284e-02 
 5.046861e+00  3.012285e-02 
 5.047182e+00  3.012286e-02 
 5.047504e+00  3.012288e-02 
 5.047825e+00  3.012289e-02 
 5.048147e+00  3.012290e-02 
 5.048468e+00  3.012291e-02 
 5.048790e+00  3.012292e-02 
 5.049111e+00  3.012293e-02 
 5.049433e+00  3.012294e-02 
 5.049755e+00  3.012296e-02 
 5.050076e+00  3.012297e-02 
 5.050398e+00  3.012298e-02 
 5.050719e+00  3.012299e-02 
 5.051041e+00  3.012300e-02 
 5.051362e+00  3.012301e-02 
 5.051684e+00  3.012303e-02 
 5.052005e+00  3.012304e-02 
 5.052327e+00  3.012305e-02 
 5.052649e+00  3.012306e-02 
 5.052970e+00  3.012307e-02 
 5.053292e+00  3.012309e-02 
 5.053613e+00  3.012310e-02 
 5.053935e+00  3.012311e-02 
 5.054256e+00  3.012312e-02 
 5.054578e+00  3.012314e-02 
 5.054899e+00  3.012315e-02 
 5.055221e+00  3.012316e-02 
 5.055543e+00  3.012317e-02 
 5.055864e+00  3.012319e-02 
 5.056186e+00  3.012320e-02 
 5.056507e+00  3.012321e-02 
 5.056829e+00  3.012322e-02 
 5.057150e+00  3.012324e-02 
 5.057472e+00  3.012325e-02 
 5.057793e+00  3.012326e-02 
 5.058115e+00  3.012328e-02 
 5.058437e+00  3.012329e-02 
 5.058758e+00  3.012330e-02 
 5.059080e+00  3.012332e-02 
 5.059401e+00  3.012333e-02 
 5.059723e+00  3.012334e-02 
 5.060044e+00  3.012336e-02 
 5.060366e+00  3.012337e-02 
 5.060687e+00  3.012338e-02 
 5.061009e+00  3.012340e-02 
 5.061331e+00  3.012341e-02 
 5.061652e+00  3.012343e-02 
 5.061974e+00  3.012344e-02 
 5.062295e+00  3.012345e-02 
 5.062617e+00  3.012347e-02 
 5.062938e+00  3.012348e-02 
 5.063260e+00  3.012350e-02 
 5.063581e+00  3.012351e-02 
 5.063903e+00  3.012352e-02 
 5.064225e+00  3.012354e-02 
 5.064546e+00  3.012355e-02 
 5.064868e+00  3.012357e-02 
 5.065189e+00  3.012358e-02 
 5.065511e+00  3.012360e-02 
 5.065832e+00  3.012361e-02 
 5.066154e+00  3.012363e-02 
 5.066475e+00  3.012364e-02 
 5.066797e+00  3.012366e-02 
 5.067119e+00  3.012367e-02 
 5.067440e+00  3.012369e-02 
 5.067762e+00  3.012370e-02 
 5.068083e+00  3.012372e-02 
 5.068405e+00  3.012373e-02 
 5.068726e+00  3.012375e-02 
 5.069048e+00  3.012376e-02 
 5.069369e+00  3.012378e-02 
 5.069691e+00  3.012379e-02 
 5.070013e+00  3.012381e-02 
 5.070334e+00  3.012383e-02 
 5.070656e+00  3.012384e-02 
 5.070977e+00  3.012386e-02 
 5.071299e+00  3.012387e-02 
 5.071620e+00  3.012389e-02 
 5.071942e+00  3.012390e-02 
 5.072263e+00  3.012392e-02 
 5.072585e+00  3.012394e-02 
 5.072907e+00  3.012395e-02 
 5.073228e+00  3.012397e-02 
 5.073550e+00  3.012398e-02 
 5.073871e+00  3.012400e-02 
 5.074193e+00  3.012402e-02 
 5.074514e+00  3.012403e-02 
 5.074836e+00  3.012405e-02 
 5.075157e+00  3.012407e-02 
 5.075479e+00  3.012408e-02 
 5.075801e+00  3.012410e-02 
 5.076122e+00  3.012412e-02 
 5.076444e+00  3.012413e-02 
 5.076765e+00  3.012415e-02 
 5.077087e+00  3.012417e-02 
 5.077408e+00  3.012418e-02 
 5.077730e+00  3.012420e-02 
 5.078051e+00  3.012422e-02 
 5.078373e+00  3.012423e-02 
 5.078695e+00  3.012425e-02 
 5.079016e+00  3.012427e-02 
 5.079338e+00  3.012428e-02 
 5.079659e+00  3.012430e-02 
 5.079981e+00  3.012432e-02 
 5.080302e+00  3.012433e-02 
 5.080624e+00  3.012435e-02 
 5.080946e+00  3.012437e-02 
 5.081267e+00  3.012439e-02 
 5.081589e+00  3.012440e-02 
 5.081910e+00  3.012442e-02 
 5.082232e+00  3.012444e-02 
 5.082553e+00  3.012445e-02 
 5.082875e+00  3.012447e-02 
 5.083196e+00  3.012449e-02 
 5.083518e+00  3.012451e-02 
 5.083840e+00  3.012452e-02 
 5.084161e+00  3.012454e-02 
 5.084483e+00  3.012456e-02 
 5.084804e+00  3.012457e-02 
 5.085126e+00  3.012459e-02 
 5.085447e+00  3.012461e-02 
 5.085769e+00  3.012463e-02 
 5.086090e+00  3.012464e-02 
 5.086412e+00  3.012466e-02 
 5.086734e+00  3.012468e-02 
 5.087055e+00  3.012470e-02 
 5.087377e+00  3.012471e-02 
 5.087698e+00  3.012473e-02 
 5.088020e+00  3.012475e-02 
 5.088341e+00  3.012477e-02 
 5.088663e+00  3.012478e-02 
 5.088984e+00  3.012480e-02 
 5.089306e+00  3.012482e-02 
 5.089628e+00  3.012483e-02 
 5.089949e+00  3.012485e-02 
 5.090271e+00  3.012487e-02 
 5.090592e+00  3.012489e-02 
 5.090914e+00  3.012490e-02 
 5.091235e+00  3.012492e-02 
 5.091557e+00  3.012494e-02 
 5.091878e+00  3.012496e-02 
 5.092200e+00  3.012497e-02 
 5.092522e+00  3.012499e-02 
 5.092843e+00  3.012501e-02 
 5.093165e+00  3.012502e-02 
 5.093486e+00  3.012504e-02 
 5.093808e+00  3.012506e-02 
 5.094129e+00  3.012508e-02 
 5.094451e+00  3.012509e-02 
 5.094772e+00  3.012511e-02 
 5.095094e+00  3.012513e-02 
 5.095416e+00  3.012514e-02 
 5.095737e+00  3.012516e-02 
 5.096059e+00  3.012518e-02 
 5.096380e+00  3.012519e-02 
 5.096702e+00  3.012521e-02 
 5.097023e+00  3.012523e-02 
 5.097345e+00  3.012524e-02 
 5.097666e+00  3.012526e-02 
 5.097988e+00  3.012528e-02 
 5.098310e+00  3.012529e-02 
 5.098631e+00  3.012531e-02 
 5.098953e+00  3.012533e-02 
 5.099274e+00  3.012534e-02 
 5.099596e+00  3.012536e-02 
 5.099917e+00  3.012538e-02 
 5.100239e+00  3.012539e-02 
 5.100560e+00  3.012541e-02 
 5.100882e+00  3.012543e-02 
 5.101204e+00  3.012544e-02 
 5.101525e+00  3.012546e-02 
 5.101847e+00  3.012548e-02 
 5.102168e+00  3.012549e-02 
 5.102490e+00  3.012551e-02 
 5.102811e+00  3.012552e-02 
 5.103133e+00  3.012554e-02 
 5.103454e+00  3.012556e-02 
 5.103776e+00  3.012557e-02 
 5.104098e+00  3.012559e-02 
 5.104419e+00  3.012560e-02 
 5.104741e+00  3.012562e-02 
 5.105062e+00  3.012563e-02 
 5.105384e+00  3.012565e-02 
 5.105705e+00  3.012567e-02 
 5.106027e+00  3.012568e-02 
 5.106348e+00  3.012570e-02 
 5.106670e+00  3.012571e-02 
 5.106992e+00  3.012573e-02 
 5.107313e+00  3.012574e-02 
 5.107635e+00  3.012576e-02 
 5.107956e+00  3.012577e-02 
 5.108278e+00  3.012579e-02 
 5.108599e+00  3.012581e-02 
 5.108921e+00  3.012582e-02 
 5.109242e+00  3.012584e-02 
 5.109564e+00  3.012585e-02 
 5.109886e+00  3.012587e-02 
 5.110207e+00  3.012588e-02 
 5.110529e+00  3.012590e-02 
 5.110850e+00  3.012591e-02 
 5.111172e+00  3.012593e-02 
 5.111493e+00  3.012594e-02 
 5.111815e+00  3.012596e-02 
 5.112136e+00  3.012597e-02 
 5.112458e+00  3.012598e-02 
 5.112780e+00  3.012600e-02 
 5.113101e+00  3.012601e-02 
 5.113423e+00  3.012603e-02 
 5.113744e+00  3.012604e-02 
 5.114066e+00  3.012606e-02 
 5.114387e+00  3.012607e-02 
 5.114709e+00  3.012609e-02 
 5.115030e+00  3.012610e-02 
 5.115352e+00  3.012611e-02 
 5.115674e+00  3.012613e-02 
 5.115995e+00  3.012614e-02 
 5.116317e+00  3.012616e-02 
 5.116638e+00  3.012617e-02 
 5.116960e+00  3.012618e-02 
 5.117281e+00  3.012620e-02 
 5.117603e+00  3.012621e-02 
 5.117924e+00  3.012622e-02 
 5.118246e+00  3.012624e-02 
 5.118568e+00  3.012625e-02 
 5.118889e+00  3.012626e-02 
 5.119211e+00  3.012628e-02 
 5.119532e+00  3.012629e-02 
 5.119854e+00  3.012630e-02 
 5.120175e+00  3.012632e-02 
 5.120497e+00  3.012633e-02 
 5.120818e+00  3.012634e-02 
 5.121140e+00  3.012636e-02 
 5.121462e+00  3.012637e-02 
 5.121783e+00  3.012638e-02 
 5.122105e+00  3.012640e-02 
 5.122426e+00  3.012641e-02 
 5.122748e+00  3.012642e-02 
 5.123069e+00  3.012643e-02 
 5.123391e+00  3.012645e-02 
 5.123712e+00  3.012646e-02 
 5.124034e+00  3.012647e-02 
 5.124356e+00  3.012648e-02 
 5.124677e+00  3.012650e-02 
 5.124999e+00  3.012651e-02 
 5.125320e+00  3.012652e-02 
 5.125642e+00  3.012653e-02 
 5.125963e+00  3.012654e-02 
 5.126285e+00  3.012656e-02 
 5.126606e+00  3.012657e-02 
 5.126928e+00  3.012658e-02 
 5.127250e+00  3.012659e-02 
 5.127571e+00  3.012660e-02 
 5.127893e+00  3.012661e-02 
 5.128214e+00  3.012663e-02 
 5.128536e+00  3.012664e-02 
 5.128857e+00  3.012665e-02 
 5.129179e+00  3.012666e-02 
 5.129500e+00  3.012667e-02 
 5.129822e+00  3.012668e-02 
 5.130144e+00  3.012669e-02 
 5.130465e+00  3.012671e-02 
 5.130787e+00  3.012672e-02 
 5.131108e+00  3.012673e-02 
 5.131430e+00  3.012674e-02 
 5.131751e+00  3.012675e-02 
 5.132073e+00  3.012676e-02 
 5.132395e+00  3.012677e-02 
 5.132716e+00  3.012678e-02 
 5.133038e+00  3.012679e-02 
 5.133359e+00  3.012680e-02 
 5.133681e+00  3.012681e-02 
 5.134002e+00  3.012682e-02 
 5.134324e+00  3.012683e-02 
 5.134645e+00  3.012684e-02 
 5.134967e+00  3.012685e-02 
 5.135289e+00  3.012686e-02 
 5.135610e+00  3.012687e-02 
 5.135932e+00  3.012688e-02 
 5.136253e+00  3.012689e-02 
 5.136575e+00  3.012690e-02 
 5.136896e+00  3.012691e-02 
 5.137218e+00  3.012692e-02 
 5.137539e+00  3.012693e-02 
 5.137861e+00  3.012694e-02 
 5.138183e+00  3.012695e-02 
 5.138504e+00  3.012696e-02 
 5.138826e+00  3.012697e-02 
 5.139147e+00  3.012698e-02 
 5.139469e+00  3.012699e-02 
 5.139790e+00  3.012700e-02 
 5.140112e+00  3.012701e-02 
 5.140433e+00  3.012702e-02 
 5.140755e+00  3.012702e-02 
 5.141077e+00  3.012703e-02 
 5.141398e+00  3.012704e-02 
 5.141720e+00  3.012705e-02 
 5.142041e+00  3.012706e-02 
 5.142363e+00  3.012707e-02 
 5.142684e+00  3.012708e-02 
 5.143006e+00  3.012708e-02 
 5.143327e+00  3.012709e-02 
 5.143649e+00  3.012710e-02 
 5.143971e+00  3.012711e-02 
 5.144292e+00  3.012712e-02 
 5.144614e+00  3.012712e-02 
 5.144935e+00  3.012713e-02 
 5.145257e+00  3.012714e-02 
 5.145578e+00  3.012715e-02 
 5.145900e+00  3.012715e-02 
 5.146221e+00  3.012716e-02 
 5.146543e+00  3.012717e-02 
 5.146865e+00  3.012717e-02 
 5.147186e+00  3.012718e-02 
 5.147508e+00  3.012719e-02 
 5.147829e+00  3.012720e-02 
 5.148151e+00  3.012720e-02 
 5.148472e+00  3.012721e-02 
 5.148794e+00  3.012722e-02 
 5.149115e+00  3.012722e-02 
 5.149437e+00  3.012723e-02 
 5.149759e+00  3.012723e-02 
 5.150080e+00  3.012724e-02 
 5.150402e+00  3.012725e-02 
 5.150723e+00  3.012725e-02 
 5.151045e+00  3.012726e-02 
 5.151366e+00  3.012726e-02 
 5.151688e+00  3.012727e-02 
 5.152009e+00  3.012727e-02 
 5.152331e+00  3.012728e-02 
 5.152653e+00  3.012729e-02 
 5.152974e+00  3.012729e-02 
 5.153296e+00  3.012730e-02 
 5.153617e+00  3.012730e-02 
 5.153939e+00  3.012731e-02 
 5.154260e+00  3.012731e-02 
 5.154582e+00  3.012732e-02 
 5.154903e+00  3.012732e-02 
 5.155225e+00  3.012733e-02 
 5.155547e+00  3.012733e-02 
 5.155868e+00  3.012733e-02 
 5.156190e+00  3.012734e-02 
 5.156511e+00  3.012734e-02 
 5.156833e+00  3.012735e-02 
 5.157154e+00  3.012735e-02 
 5.157476e+00  3.012735e-02 
 5.157797e+00  3.012736e-02 
 5.158119e+00  3.012736e-02 
 5.158441e+00  3.012737e-02 
 5.158762e+00  3.012737e-02 
 5.159084e+00  3.012737e-02 
 5.159405e+00  3.012738e-02 
 5.159727e+00  3.012738e-02 
 5.160048e+00  3.012738e-02 
 5.160370e+00  3.012739e-02 
 5.160691e+00  3.012739e-02 
 5.161013e+00  3.012739e-02 
 5.161335e+00  3.012740e-02 
 5.161656e+00  3.012740e-02 
 5.161978e+00  3.012740e-02 
 5.162299e+00  3.012740e-02 
 5.162621e+00  3.012741e-02 
 5.162942e+00  3.012741e-02 
 5.163264e+00  3.012741e-02 
 5.163585e+00  3.012741e-02 
 5.163907e+00  3.012742e-02 
 5.164229e+00  3.012742e-02 
 5.164550e+00  3.012742e-02 
 5.164872e+00  3.012742e-02 
 5.165193e+00  3.012742e-02 
 5.165515e+00  3.012743e-02 
 5.165836e+00  3.012743e-02 
 5.166158e+00  3.012743e-02 
 5.166479e+00  3.012743e-02 
 5.166801e+00  3.012743e-02 
 5.167123e+00  3.012743e-02 
 5.167444e+00  3.012743e-02 
 5.167766e+00  3.012744e-02 
 5.168087e+00  3.012744e-02 
 5.168409e+00  3.012744e-02 
 5.168730e+00  3.012744e-02 
 5.169052e+00  3.012744e-02 
 5.169373e+00  3.012744e-02 
 5.169695e+00  3.012744e-02 
 5.170017e+00  3.012744e-02 
 5.170338e+00  3.012744e-02 
 5.170660e+00  3.012744e-02 
 5.170981e+00  3.012744e-02 
 5.171303e+00  3.012744e-02 
 5.171624e+00  3.012744e-02 
 5.171946e+00  3.012744e-02 
 5.172267e+00  3.012744e-02 
 5.172589e+00  3.012744e-02 
 5.172911e+00  3.012744e-02 
 5.173232e+00  3.012744e-02 
 5.173554e+00  3.012744e-02 
 5.173875e+00  3.012744e-02 
 5.174197e+00  3.012744e-02 
 5.174518e+00  3.012744e-02 
 5.174840e+00  3.012744e-02 
 5.175161e+00  3.012744e-02 
 5.175483e+00  3.012744e-02 
 5.175805e+00  3.012744e-02 
 5.176126e+00  3.012744e-02 
 5.176448e+00  3.012743e-02 
 5.176769e+00  3.012743e-02 
 5.177091e+00  3.012743e-02 
 5.177412e+00  3.012743e-02 
 5.177734e+00  3.012743e-02 
 5.178055e+00  3.012743e-02 
 5.178377e+00  3.012743e-02 
 5.178699e+00  3.012742e-02 
 5.179020e+00  3.012742e-02 
 5.179342e+00  3.012742e-02 
 5.179663e+00  3.012742e-02 
 5.179985e+00  3.012741e-02 
 5.180306e+00  3.012741e-02 
 5.180628e+00  3.012741e-02 
 5.180949e+00  3.012741e-02 
 5.181271e+00  3.012740e-02 
 5.181593e+00  3.012740e-02 
 5.181914e+00  3.012740e-02 
 5.182236e+00  3.012740e-02 
 5.182557e+00  3.012739e-02 
 5.182879e+00  3.012739e-02 
 5.183200e+00  3.012739e-02 
 5.183522e+00  3.012738e-02 
 5.183844e+00  3.012738e-02 
 5.184165e+00  3.012738e-02 
 5.184487e+00  3.012737e-02 
 5.184808e+00  3.012737e-02 
 5.185130e+00  3.012736e-02 
 5.185451e+00  3.012736e-02 
 5.185773e+00  3.012736e-02 
 5.186094e+00  3.012735e-02 
 5.186416e+00  3.012735e-02 
 5.186738e+00  3.012734e-02 
 5.187059e+00  3.012734e-02 
 5.187381e+00  3.012733e-02 
 5.187702e+00  3.012733e-02 
 5.188024e+00  3.012732e-02 
 5.188345e+00  3.012732e-02 
 5.188667e+00  3.012731e-02 
 5.188988e+00  3.012731e-02 
 5.189310e+00  3.012730e-02 
 5.189632e+00  3.012730e-02 
 5.189953e+00  3.012729e-02 
 5.190275e+00  3.012728e-02 
 5.190596e+00  3.012728e-02 
 5.190918e+00  3.012727e-02 
 5.191239e+00  3.012727e-02 
 5.191561e+00  3.012726e-02 
 5.191882e+00  3.012725e-02 
 5.192204e+00  3.012725e-02 
 5.192526e+00  3.012724e-02 
 5.192847e+00  3.012723e-02 
 5.193169e+00  3.012723e-02 
 5.193490e+00  3.012722e-02 
 5.193812e+00  3.012721e-02 
 5.194133e+00  3.012721e-02 
 5.194455e+00  3.012720e-02 
 5.194776e+00  3.012719e-02 
 5.195098e+00  3.012718e-02 
 5.195420e+00  3.012718e-02 
 5.195741e+00  3.012717e-02 
 5.196063e+00  3.012716e-02 
 5.196384e+00  3.012715e-02 
 5.196706e+00  3.012714e-02 
 5.197027e+00  3.012714e-02 
 5.197349e+00  3.012713e-02 
 5.197670e+00  3.012712e-02 
 5.197992e+00  3.012711e-02 
 5.198314e+00  3.012710e-02 
 5.198635e+00  3.012709e-02 
 5.198957e+00  3.012709e-02 
 5.199278e+00  3.012708e-02 
 5.199600e+00  3.012707e-02 
 5.199921e+00  3.012706e-02 
 5.200243e+00  3.012705e-02 
 5.200564e+00  3.012704e-02 
 5.200886e+00  3.012703e-02 
 5.201208e+00  3.012702e-02 
 5.201529e+00  3.012701e-02 
 5.201851e+00  3.012700e-02 
 5.202172e+00  3.012699e-02 
 5.202494e+00  3.012698e-02 
 5.202815e+00  3.012697e-02 
 5.203137e+00  3.012696e-02 
 5.203458e+00  3.012695e-02 
 5.203780e+00  3.012694e-02 
 5.204102e+00  3.012693e-02 
 5.204423e+00  3.012692e-02 
 5.204745e+00  3.012691e-02 
 5.205066e+00  3.012690e-02 
 5.205388e+00  3.012689e-02 
 5.205709e+00  3.012688e-02 
 5.206031e+00  3.012687e-02 
 5.206352e+00  3.012686e-02 
 5.206674e+00  3.012685e-02 
 5.206996e+00  3.012684e-02 
 5.207317e+00  3.012683e-02 
 5.207639e+00  3.012681e-02 
 5.207960e+00  3.012680e-02 
 5.208282e+00  3.012679e-02 
 5.208603e+00  3.012678e-02 
 5.208925e+00  3.012677e-02 
 5.209246e+00  3.012676e-02 
 5.209568e+00  3.012675e-02 
 5.209890e+00  3.012673e-02 
 5.210211e+00  3.012672e-02 
 5.210533e+00  3.012671e-02 
 5.210854e+00  3.012670e-02 
 5.211176e+00  3.012669e-02 
 5.211497e+00  3.012668e-02 
 5.211819e+00  3.012666e-02 
 5.212140e+00  3.012665e-02 
 5.212462e+00  3.012664e-02 
 5.212784e+00  3.012663e-02 
 5.213105e+00  3.012661e-02 
 5.213427e+00  3.012660e-02 
 5.213748e+00  3.012659e-02 
 5.214070e+00  3.012658e-02 
 5.214391e+00  3.012657e-02 
 5.214713e+00  3.012655e-02 
 5.215034e+00  3.012654e-02 
 5.215356e+00  3.012653e-02 
 5.215678e+00  3.012651e-02 
 5.215999e+00  3.012650e-02 
 5.216321e+00  3.012649e-02 
 5.216642e+00  3.012648e-02 
 5.216964e+00  3.012646e-02 
 5.217285e+00  3.012645e-02 
 5.217607e+00  3.012644e-02 
 5.217928e+00  3.012642e-02 
 5.218250e+00  3.012641e-02 
 5.218572e+00  3.012640e-02 
 5.218893e+00  3.012638e-02 
 5.219215e+00  3.012637e-02 
 5.219536e+00  3.012636e-02 
 5.219858e+00  3.012634e-02 
 5.220179e+00  3.012633e-02 
 5.220501e+00  3.012631e-02 
 5.220822e+00  3.012630e-02 
 5.221144e+00  3.012629e-02 
 5.221466e+00  3.012627e-02 
 5.221787e+00  3.012626e-02 
 5.222109e+00  3.012624e-02 
 5.222430e+00  3.012623e-02 
 5.222752e+00  3.012622e-02 
 5.223073e+00  3.012620e-02 
 5.223395e+00  3.012619e-02 
 5.223716e+00  3.012617e-02 
 5.224038e+00  3.012616e-02 
 5.224360e+00  3.012614e-02 
 5.224681e+00  3.012613e-02 
 5.225003e+00  3.012611e-02 
 5.225324e+00  3.012610e-02 
 5.225646e+00  3.012608e-02 
 5.225967e+00  3.012607e-02 
 5.226289e+00  3.012605e-02 
 5.226610e+00  3.012604e-02 
 5.226932e+00  3.012602e-02 
 5.227254e+00  3.012601e-02 
 5.227575e+00  3.012599e-02 
 5.227897e+00  3.012598e-02 
 5.228218e+00  3.012596e-02 
 5.228540e+00  3.012595e-02 
 5.228861e+00  3.012593e-02 
 5.229183e+00  3.012592e-02 
 5.229504e+00  3.012590e-02 
 5.229826e+00  3.012589e-02 
 5.230148e+00  3.012587e-02 
 5.230469e+00  3.012585e-02 
 5.230791e+00  3.012584e-02 
 5.231112e+00  3.012582e-02 
 5.231434e+00  3.012581e-02 
 5.231755e+00  3.012579e-02 
 5.232077e+00  3.012577e-02 
 5.232398e+00  3.012576e-02 
 5.232720e+00  3.012574e-02 
 5.233042e+00  3.012572e-02 
 5.233363e+00  3.012571e-02 
 5.233685e+00  3.012569e-02 
 5.234006e+00  3.012567e-02 
 5.234328e+00  3.012566e-02 
 5.234649e+00  3.012564e-02 
 5.234971e+00  3.012562e-02 
 5.235293e+00  3.012561e-02 
 5.235614e+00  3.012559e-02 
 5.235936e+00  3.012557e-02 
 5.236257e+00  3.012556e-02 
 5.236579e+00  3.012554e-02 
 5.236900e+00  3.012552e-02 
 5.237222e+00  3.012551e-02 
 5.237543e+00  3.012549e-02 
 5.237865e+00  3.012547e-02 
 5.238187e+00  3.012545e-02 
 5.238508e+00  3.012544e-02 
 5.238830e+00  3.012542e-02 
 5.239151e+00  3.012540e-02 
 5.239473e+00  3.012538e-02 
 5.239794e+00  3.012537e-02 
 5.240116e+00  3.012535e-02 
 5.240437e+00  3.012533e-02 
 5.240759e+00  3.012531e-02 
 5.241081e+00  3.012529e-02 
 5.241402e+00  3.012528e-02 
 5.241724e+00  3.012526e-02 
 5.242045e+00  3.012524e-02 
 5.242367e+00  3.012522e-02 
 5.242688e+00  3.012520e-02 
 5.243010e+00  3.012518e-02 
 5.243331e+00  3.012517e-02 
 5.243653e+00  3.012515e-02 
 5.243975e+00  3.012513e-02 
 5.244296e+00  3.012511e-02 
 5.244618e+00  3.012509e-02 
 5.244939e+00  3.012507e-02 
 5.245261e+00  3.012505e-02 
 5.245582e+00  3.012503e-02 
 5.245904e+00  3.012502e-02 
 5.246225e+00  3.012500e-02 
 5.246547e+00  3.012498e-02 
 5.246869e+00  3.012496e-02 
 5.247190e+00  3.012494e-02 
 5.247512e+00  3.012492e-02 
 5.247833e+00  3.012490e-02 
 5.248155e+00  3.012488e-02 
 5.248476e+00  3.012486e-02 
 5.248798e+00  3.012484e-02 
 5.249119e+00  3.012482e-02 
 5.249441e+00  3.012480e-02 
 5.249763e+00  3.012478e-02 
 5.250084e+00  3.012476e-02 
 5.250406e+00  3.012474e-02 
 5.250727e+00  3.012472e-02 
 5.251049e+00  3.012470e-02 
 5.251370e+00  3.012468e-02 
 5.251692e+00  3.012466e-02 
 5.252013e+00  3.012464e-02 
 5.252335e+00  3.012462e-02 
 5.252657e+00  3.012460e-02 
 5.252978e+00  3.012458e-02 
 5.253300e+00  3.012456e-02 
 5.253621e+00  3.012454e-02 
 5.253943e+00  3.012452e-02 
 5.254264e+00  3.012450e-02 
 5.254586e+00  3.012447e-02 
 5.254907e+00  3.012445e-02 
 5.255229e+00  3.012443e-02 
 5.255551e+00  3.012441e-02 
 5.255872e+00  3.012439e-02 
 5.256194e+00  3.012437e-02 
 5.256515e+00  3.012435e-02 
 5.256837e+00  3.012433e-02 
 5.257158e+00  3.012430e-02 
 5.257480e+00  3.012428e-02 
 5.257801e+00  3.012426e-02 
 5.258123e+00  3.012424e-02 
 5.258445e+00  3.012422e-02 
 5.258766e+00  3.012420e-02 
 5.259088e+00  3.012417e-02 
 5.259409e+00  3.012415e-02 
 5.259731e+00  3.012413e-02 
 5.260052e+00  3.012411e-02 
 5.260374e+00  3.012409e-02 
 5.260695e+00  3.012406e-02 
 5.261017e+00  3.012404e-02 
 5.261339e+00  3.012402e-02 
 5.261660e+00  3.012400e-02 
 5.261982e+00  3.012398e-02 
 5.262303e+00  3.012395e-02 
 5.262625e+00  3.012393e-02 
 5.262946e+00  3.012391e-02 
 5.263268e+00  3.012388e-02 
 5.263589e+00  3.012386e-02 
 5.263911e+00  3.012384e-02 
 5.264233e+00  3.012382e-02 
 5.264554e+00  3.012379e-02 
 5.264876e+00  3.012377e-02 
 5.265197e+00  3.012375e-02 
 5.265519e+00  3.012372e-02 
 5.265840e+00  3.012370e-02 
 5.266162e+00  3.012368e-02 
 5.266483e+00  3.012366e-02 
 5.266805e+00  3.012363e-02 
 5.267127e+00  3.012361e-02 
 5.267448e+00  3.012359e-02 
 5.267770e+00  3.012356e-02 
 5.268091e+00  3.012354e-02 
 5.268413e+00  3.012352e-02 
 5.268734e+00  3.012349e-02 
 5.269056e+00  3.012347e-02 
 5.269377e+00  3.012345e-02 
 5.269699e+00  3.012342e-02 
 5.270021e+00  3.012340e-02 
 5.270342e+00  3.012337e-02 
 5.270664e+00  3.012335e-02 
 5.270985e+00  3.012333e-02 
 5.271307e+00  3.012330e-02 
 5.271628e+00  3.012328e-02 
 5.271950e+00  3.012326e-02 
 5.272271e+00  3.012323e-02 
 5.272593e+00  3.012321e-02 
 5.272915e+00  3.012319e-02 
 5.273236e+00  3.012316e-02 
 5.273558e+00  3.012314e-02 
 5.273879e+00  3.012311e-02 
 5.274201e+00  3.012309e-02 
 5.274522e+00  3.012307e-02 
 5.274844e+00  3.012304e-02 
 5.275165e+00  3.012302e-02 
 5.275487e+00  3.012299e-02 
 5.275809e+00  3.012297e-02 
 5.276130e+00  3.012295e-02 
 5.276452e+00  3.012292e-02 
 5.276773e+00  3.012290e-02 
 5.277095e+00  3.012287e-02 
 5.277416e+00  3.012285e-02 
 5.277738e+00  3.012283e-02 
 5.278059e+00  3.012280e-02 
 5.278381e+00  3.012278e-02 
 5.278703e+00  3.012275e-02 
 5.279024e+00  3.012273e-02 
 5.279346e+00  3.012271e-02 
 5.279667e+00  3.012268e-02 
 5.279989e+00  3.012266e-02 
 5.280310e+00  3.012263e-02 
 5.280632e+00  3.012261e-02 
 5.280953e+00  3.012259e-02 
 5.281275e+00  3.012256e-02 
 5.281597e+00  3.012254e-02 
 5.281918e+00  3.012252e-02 
 5.282240e+00  3.012249e-02 
 5.282561e+00  3.012247e-02 
 5.282883e+00  3.012244e-02 
 5.283204e+00  3.012242e-02 
 5.283526e+00  3.012240e-02 
 5.283847e+00  3.012237e-02 
 5.284169e+00  3.012235e-02 
 5.284491e+00  3.012232e-02 
 5.284812e+00  3.012230e-02 
 5.285134e+00  3.012228e-02 
 5.285455e+00  3.012225e-02 
 5.285777e+00  3.012223e-02 
 5.286098e+00  3.012221e-02 
 5.286420e+00  3.012218e-02 
 5.286742e+00  3.012216e-02 
 5.287063e+00  3.012214e-02 
 5.287385e+00  3.012211e-02 
 5.287706e+00  3.012209e-02 
 5.288028e+00  3.012206e-02 
 5.288349e+00  3.012204e-02 
 5.288671e+00  3.012202e-02 
 5.288992e+00  3.012199e-02 
 5.289314e+00  3.012197e-02 
 5.289636e+00  3.012195e-02 
 5.289957e+00  3.012192e-02 
 5.290279e+00  3.012190e-02 
 5.290600e+00  3.012188e-02 
 5.290922e+00  3.012185e-02 
 5.291243e+00  3.012183e-02 
 5.291565e+00  3.012181e-02 
 5.291886e+00  3.012178e-02 
 5.292208e+00  3.012176e-02 
 5.292530e+00  3.012174e-02 
 5.292851e+00  3.012171e-02 
 5.293173e+00  3.012169e-02 
 5.293494e+00  3.012167e-02 
 5.293816e+00  3.012164e-02 
 5.294137e+00  3.012162e-02 
 5.294459e+00  3.012160e-02 
 5.294780e+00  3.012158e-02 
 5.295102e+00  3.012155e-02 
 5.295424e+00  3.012153e-02 
 5.295745e+00  3.012151e-02 
 5.296067e+00  3.012148e-02 
 5.296388e+00  3.012146e-02 
 5.296710e+00  3.012144e-02 
 5.297031e+00  3.012141e-02 
 5.297353e+00  3.012139e-02 
 5.297674e+00  3.012137e-02 
 5.297996e+00  3.012135e-02 
 5.298318e+00  3.012132e-02 
 5.298639e+00  3.012130e-02 
 5.298961e+00  3.012128e-02 
 5.299282e+00  3.012125e-02 
 5.299604e+00  3.012123e-02 
 5.299925e+00  3.012121e-02 
 5.300247e+00  3.012119e-02 
 5.300568e+00  3.012116e-02 
 5.300890e+00  3.012114e-02 
 5.301212e+00  3.012112e-02 
 5.301533e+00  3.012109e-02 
 5.301855e+00  3.012107e-02 
 5.302176e+00  3.012105e-02 
 5.302498e+00  3.012103e-02 
 5.302819e+00  3.012100e-02 
 5.303141e+00  3.012098e-02 
 5.303462e+00  3.012096e-02 
 5.303784e+00  3.012094e-02 
 5.304106e+00  3.012091e-02 
 5.304427e+00  3.012089e-02 
 5.304749e+00  3.012087e-02 
 5.305070e+00  3.012084e-02 
 5.305392e+00  3.012082e-02 
 5.305713e+00  3.012080e-02 
 5.306035e+00  3.012078e-02 
 5.306356e+00  3.012075e-02 
 5.306678e+00  3.012073e-02 
 5.307000e+00  3.012071e-02 
 5.307321e+00  3.012069e-02 
 5.307643e+00  3.012066e-02 
 5.307964e+00  3.012064e-02 
 5.308286e+00  3.012062e-02 
 5.308607e+00  3.012060e-02 
 5.308929e+00  3.012057e-02 
 5.309250e+00  3.012055e-02 
 5.309572e+00  3.012053e-02 
 5.309894e+00  3.012051e-02 
 5.310215e+00  3.012048e-02 
 5.310537e+00  3.012046e-02 
 5.310858e+00  3.012044e-02 
 5.311180e+00  3.012042e-02 
 5.311501e+00  3.012039e-02 
 5.311823e+00  3.012037e-02 
 5.312144e+00  3.012035e-02 
 5.312466e+00  3.012033e-02 
 5.312788e+00  3.012030e-02 
 5.313109e+00  3.012028e-02 
 5.313431e+00  3.012026e-02 
 5.313752e+00  3.012024e-02 
 5.314074e+00  3.012021e-02 
 5.314395e+00  3.012019e-02 
 5.314717e+00  3.012017e-02 
 5.315038e+00  3.012015e-02 
 5.315360e+00  3.012012e-02 
 5.315682e+00  3.012010e-02 
 5.316003e+00  3.012008e-02 
 5.316325e+00  3.012006e-02 
 5.316646e+00  3.012003e-02 
 5.316968e+00  3.012001e-02 
 5.317289e+00  3.011999e-02 
 5.317611e+00  3.011997e-02 
 5.317932e+00  3.011995e-02 
 5.318254e+00  3.011992e-02 
 5.318576e+00  3.011990e-02 
 5.318897e+00  3.011988e-02 
 5.319219e+00  3.011986e-02 
 5.319540e+00  3.011983e-02 
 5.319862e+00  3.011981e-02 
 5.320183e+00  3.011979e-02 
 5.320505e+00  3.011977e-02 
 5.320826e+00  3.011975e-02 
 5.321148e+00  3.011972e-02 
 5.321470e+00  3.011970e-02 
 5.321791e+00  3.011968e-02 
 5.322113e+00  3.011966e-02 
 5.322434e+00  3.011964e-02 
 5.322756e+00  3.011961e-02 
 5.323077e+00  3.011959e-02 
 5.323399e+00  3.011957e-02 
 5.323720e+00  3.011955e-02 
 5.324042e+00  3.011953e-02 
 5.324364e+00  3.011951e-02 
 5.324685e+00  3.011948e-02 
 5.325007e+00  3.011946e-02 
 5.325328e+00  3.011944e-02 
 5.325650e+00  3.011942e-02 
 5.325971e+00  3.011940e-02 
 5.326293e+00  3.011938e-02 
 5.326614e+00  3.011935e-02 
 5.326936e+00  3.011933e-02 
 5.327258e+00  3.011931e-02 
 5.327579e+00  3.011929e-02 
 5.327901e+00  3.011927e-02 
 5.328222e+00  3.011925e-02 
 5.328544e+00  3.011923e-02 
 5.328865e+00  3.011920e-02 
 5.329187e+00  3.011918e-02 
 5.329508e+00  3.011916e-02 
 5.329830e+00  3.011914e-02 
 5.330152e+00  3.011912e-02 
 5.330473e+00  3.011910e-02 
 5.330795e+00  3.011908e-02 
 5.331116e+00  3.011906e-02 
 5.331438e+00  3.011903e-02 
 5.331759e+00  3.011901e-02 
 5.332081e+00  3.011899e-02 
 5.332402e+00  3.011897e-02 
 5.332724e+00  3.011895e-02 
 5.333046e+00  3.011893e-02 
 5.333367e+00  3.011891e-02 
 5.333689e+00  3.011889e-02 
 5.334010e+00  3.011887e-02 
 5.334332e+00  3.011885e-02 
 5.334653e+00  3.011883e-02 
 5.334975e+00  3.011881e-02 
 5.335296e+00  3.011879e-02 
 5.335618e+00  3.011877e-02 
 5.335940e+00  3.011875e-02 
 5.336261e+00  3.011873e-02 
 5.336583e+00  3.011871e-02 
 5.336904e+00  3.011869e-02 
 5.337226e+00  3.011867e-02 
 5.337547e+00  3.011865e-02 
 5.337869e+00  3.011863e-02 
 5.338190e+00  3.011861e-02 
 5.338512e+00  3.011859e-02 
 5.338834e+00  3.011857e-02 
 5.339155e+00  3.011855e-02 
 5.339477e+00  3.011853e-02 
 5.339798e+00  3.011851e-02 
 5.340120e+00  3.011849e-02 
 5.340441e+00  3.011847e-02 
 5.340763e+00  3.011845e-02 
 5.341084e+00  3.011843e-02 
 5.341406e+00  3.011841e-02 
 5.341728e+00  3.011839e-02 
 5.342049e+00  3.011837e-02 
 5.342371e+00  3.011835e-02 
 5.342692e+00  3.011833e-02 
 5.343014e+00  3.011831e-02 
 5.343335e+00  3.011830e-02 
 5.343657e+00  3.011828e-02 
 5.343979e+00  3.011826e-02 
 5.344300e+00  3.011824e-02 
 5.344622e+00  3.011822e-02 
 5.344943e+00  3.011820e-02 
 5.345265e+00  3.011818e-02 
 5.345586e+00  3.011816e-02 
 5.345908e+00  3.011815e-02 
 5.346229e+00  3.011813e-02 
 5.346551e+00  3.011811e-02 
 5.346873e+00  3.011809e-02 
 5.347194e+00  3.011807e-02 
 5.347516e+00  3.011806e-02 
 5.347837e+00  3.011804e-02 
 5.348159e+00  3.011802e-02 
 5.348480e+00  3.011800e-02 
 5.348802e+00  3.011798e-02 
 5.349123e+00  3.011797e-02 
 5.349445e+00  3.011795e-02 
 5.349767e+00  3.011793e-02 
 5.350088e+00  3.011791e-02 
 5.350410e+00  3.011790e-02 
 5.350731e+00  3.011788e-02 
 5.351053e+00  3.011786e-02 
 5.351374e+00  3.011784e-02 
 5.351696e+00  3.011783e-02 
 5.352017e+00  3.011781e-02 
 5.352339e+00  3.011779e-02 
 5.352661e+00  3.011778e-02 
 5.352982e+00  3.011776e-02 
 5.353304e+00  3.011774e-02 
 5.353625e+00  3.011773e-02 
 5.353947e+00  3.011771e-02 
 5.354268e+00  3.011769e-02 
 5.354590e+00  3.011768e-02 
 5.354911e+00  3.011766e-02 
 5.355233e+00  3.011765e-02 
 5.355555e+00  3.011763e-02 
 5.355876e+00  3.011761e-02 
 5.356198e+00  3.011760e-02 
 5.356519e+00  3.011758e-02 
 5.356841e+00  3.011757e-02 
 5.357162e+00  3.011755e-02 
 5.357484e+00  3.011754e-02 
 5.357805e+00  3.011752e-02 
 5.358127e+00  3.011751e-02 
 5.358449e+00  3.011749e-02 
 5.358770e+00  3.011748e-02 
 5.359092e+00  3.011746e-02 
 5.359413e+00  3.011745e-02 
 5.359735e+00  3.011743e-02 
 5.360056e+00  3.011742e-02 
 5.360378e+00  3.011740e-02 
 5.360699e+00  3.011739e-02 
 5.361021e+00  3.011737e-02 
 5.361343e+00  3.011736e-02 
 5.361664e+00  3.011734e-02 
 5.361986e+00  3.011733e-02 
 5.362307e+00  3.011732e-02 
 5.362629e+00  3.011730e-02 
 5.362950e+00  3.011729e-02 
 5.363272e+00  3.011727e-02 
 5.363593e+00  3.011726e-02 
 5.363915e+00  3.011725e-02 
 5.364237e+00  3.011723e-02 
 5.364558e+00  3.011722e-02 
 5.364880e+00  3.011721e-02 
 5.365201e+00  3.011719e-02 
 5.365523e+00  3.011718e-02 
 5.365844e+00  3.011717e-02 
 5.366166e+00  3.011716e-02 
 5.366487e+00  3.011714e-02 
 5.366809e+00  3.011713e-02 
 5.367131e+00  3.011712e-02 
 5.367452e+00  3.011710e-02 
 5.367774e+00  3.011709e-02 
 5.368095e+00  3.011708e-02 
 5.368417e+00  3.011707e-02 
 5.368738e+00  3.011706e-02 
 5.369060e+00  3.011704e-02 
 5.369381e+00  3.011703e-02 
 5.369703e+00  3.011702e-02 
 5.370025e+00  3.011701e-02 
 5.370346e+00  3.011700e-02 
 5.370668e+00  3.011698e-02 
 5.370989e+00  3.011697e-02 
 5.371311e+00  3.011696e-02 
 5.371632e+00  3.011695e-02 
 5.371954e+00  3.011694e-02 
 5.372275e+00  3.011693e-02 
 5.372597e+00  3.011692e-02 
 5.372919e+00  3.011691e-02 
 5.373240e+00  3.011690e-02 
 5.373562e+00  3.011689e-02 
 5.373883e+00  3.011687e-02 
 5.374205e+00  3.011686e-02 
 5.374526e+00  3.011685e-02 
 5.374848e+00  3.011684e-02 
 5.375169e+00  3.011683e-02 
 5.375491e+00  3.011682e-02 
 5.375813e+00  3.011681e-02 
 5.376134e+00  3.011680e-02 
 5.376456e+00  3.011679e-02 
 5.376777e+00  3.011678e-02 
 5.377099e+00  3.011677e-02 
 5.377420e+00  3.011677e-02 
 5.377742e+00  3.011676e-02 
 5.378063e+00  3.011675e-02 
 5.378385e+00  3.011674e-02 
 5.378707e+00  3.011673e-02 
 5.379028e+00  3.011672e-02 
 5.379350e+00  3.011671e-02 
 5.379671e+00  3.011670e-02 
 5.379993e+00  3.011669e-02 
 5.380314e+00  3.011668e-02 
 5.380636e+00  3.011668e-02 
 5.380957e+00  3.011667e-02 
 5.381279e+00  3.011666e-02 
 5.381601e+00  3.011665e-02 
 5.381922e+00  3.011664e-02 
 5.382244e+00  3.011664e-02 
 5.382565e+00  3.011663e-02 
 5.382887e+00  3.011662e-02 
 5.383208e+00  3.011661e-02 
 5.383530e+00  3.011660e-02 
 5.383851e+00  3.011660e-02 
 5.384173e+00  3.011659e-02 
 5.384495e+00  3.011658e-02 
 5.384816e+00  3.011658e-02 
 5.385138e+00  3.011657e-02 
 5.385459e+00  3.011656e-02 
 5.385781e+00  3.011655e-02 
 5.386102e+00  3.011655e-02 
 5.386424e+00  3.011654e-02 
 5.386745e+00  3.011654e-02 
 5.387067e+00  3.011653e-02 
 5.387389e+00  3.011652e-02 
 5.387710e+00  3.011652e-02 
 5.388032e+00  3.011651e-02 
 5.388353e+00  3.011650e-02 
 5.388675e+00  3.011650e-02 
 5.388996e+00  3.011649e-02 
 5.389318e+00  3.011649e-02 
 5.389639e+00  3.011648e-02 
 5.389961e+00  3.011648e-02 
 5.390283e+00  3.011647e-02 
 5.390604e+00  3.011647e-02 
 5.390926e+00  3.011646e-02 
 5.391247e+00  3.011646e-02 
 5.391569e+00  3.011645e-02 
 5.391890e+00  3.011645e-02 
 5.392212e+00  3.011644e-02 
 5.392533e+00  3.011644e-02 
 5.392855e+00  3.011643e-02 
 5.393177e+00  3.011643e-02 
 5.393498e+00  3.011642e-02 
 5.393820e+00  3.011642e-02 
 5.394141e+00  3.011642e-02 
 5.394463e+00  3.011641e-02 
 5.394784e+00  3.011641e-02 
 5.395106e+00  3.011640e-02 
 5.395427e+00  3.011640e-02 
 5.395749e+00  3.011640e-02 
 5.396071e+00  3.011639e-02 
 5.396392e+00  3.011639e-02 
 5.396714e+00  3.011639e-02 
 5.397035e+00  3.011638e-02 
 5.397357e+00  3.011638e-02 
 5.397678e+00  3.011638e-02 
 5.398000e+00  3.011638e-02 
 5.398322e+00  3.011637e-02 
 5.398643e+00  3.011637e-02 
 5.398965e+00  3.011637e-02 
 5.399286e+00  3.011637e-02 
 5.399608e+00  3.011636e-02 
 5.399929e+00  3.011636e-02 
 5.400251e+00  3.011636e-02 
 5.400572e+00  3.011636e-02 
 5.400894e+00  3.011635e-02 
 5.401216e+00  3.011635e-02 
 5.401537e+00  3.011635e-02 
 5.401859e+00  3.011635e-02 
 5.402180e+00  3.011635e-02 
 5.402502e+00  3.011635e-02 
 5.402823e+00  3.011634e-02 
 5.403145e+00  3.011634e-02 
 5.403466e+00  3.011634e-02 
 5.403788e+00  3.011634e-02 
 5.404110e+00  3.011634e-02 
 5.404431e+00  3.011634e-02 
 5.404753e+00  3.011634e-02 
 5.405074e+00  3.011634e-02 
 5.405396e+00  3.011634e-02 
 5.405717e+00  3.011634e-02 
 5.406039e+00  3.011634e-02 
 5.406360e+00  3.011633e-02 
 5.406682e+00  3.011633e-02 
 5.407004e+00  3.011633e-02 
 5.407325e+00  3.011633e-02 
 5.407647e+00  3.011633e-02 
 5.407968e+00  3.011633e-02 
 5.408290e+00  3.011633e-02 
 5.408611e+00  3.011633e-02 
 5.408933e+00  3.011633e-02 
 5.409254e+00  3.011633e-02 
 5.409576e+00  3.011633e-02 
 5.409898e+00  3.011633e-02 
 5.410219e+00  3.011633e-02 
 5.410541e+00  3.011634e-02 
 5.410862e+00  3.011634e-02 
 5.411184e+00  3.011634e-02 
 5.411505e+00  3.011634e-02 
 5.411827e+00  3.011634e-02 
 5.412148e+00  3.011634e-02 
 5.412470e+00  3.011634e-02 
 5.412792e+00  3.011634e-02 
 5.413113e+00  3.011634e-02 
 5.413435e+00  3.011634e-02 
 5.413756e+00  3.011634e-02 
 5.414078e+00  3.011634e-02 
 5.414399e+00  3.011635e-02 
 5.414721e+00  3.011635e-02 
 5.415042e+00  3.011635e-02 
 5.415364e+00  3.011635e-02 
 5.415686e+00  3.011635e-02 
 5.416007e+00  3.011635e-02 
 5.416329e+00  3.011635e-02 
 5.416650e+00  3.011636e-02 
 5.416972e+00  3.011636e-02 
 5.417293e+00  3.011636e-02 
 5.417615e+00  3.011636e-02 
 5.417936e+00  3.011636e-02 
 5.418258e+00  3.011637e-02 
 5.418580e+00  3.011637e-02 
 5.418901e+00  3.011637e-02 
 5.419223e+00  3.011637e-02 
 5.419544e+00  3.011637e-02 
 5.419866e+00  3.011638e-02 
 5.420187e+00  3.011638e-02 
 5.420509e+00  3.011638e-02 
 5.420830e+00  3.011638e-02 
 5.421152e+00  3.011639e-02 
 5.421474e+00  3.011639e-02 
 5.421795e+00  3.011639e-02 
 5.422117e+00  3.011639e-02 
 5.422438e+00  3.011640e-02 
 5.422760e+00  3.011640e-02 
 5.423081e+00  3.011640e-02 
 5.423403e+00  3.011641e-02 
 5.423724e+00  3.011641e-02 
 5.424046e+00  3.011641e-02 
 5.424368e+00  3.011641e-02 
 5.424689e+00  3.011642e-02 
 5.425011e+00  3.011642e-02 
 5.425332e+00  3.011642e-02 
 5.425654e+00  3.011643e-02 
 5.425975e+00  3.011643e-02 
 5.426297e+00  3.011643e-02 
 5.426618e+00  3.011644e-02 
 5.426940e+00  3.011644e-02 
 5.427262e+00  3.011645e-02 
 5.427583e+00  3.011645e-02 
 5.427905e+00  3.011645e-02 
 5.428226e+00  3.011646e-02 
 5.428548e+00  3.011646e-02 
 5.428869e+00  3.011646e-02 
 5.429191e+00  3.011647e-02 
 5.429512e+00  3.011647e-02 
 5.429834e+00  3.011648e-02 
 5.430156e+00  3.011648e-02 
 5.430477e+00  3.011649e-02 
 5.430799e+00  3.011649e-02 
 5.431120e+00  3.011649e-02 
 5.431442e+00  3.011650e-02 
 5.431763e+00  3.011650e-02 
 5.432085e+00  3.011651e-02 
 5.432406e+00  3.011651e-02 
 5.432728e+00  3.011652e-02 
 5.433050e+00  3.011652e-02 
 5.433371e+00  3.011653e-02 
 5.433693e+00  3.011653e-02 
 5.434014e+00  3.011654e-02 
 5.434336e+00  3.011654e-02 
 5.434657e+00  3.011655e-02 
 5.434979e+00  3.011655e-02 
 5.435300e+00  3.011656e-02 
 5.435622e+00  3.011656e-02 
 5.435944e+00  3.011657e-02 
 5.436265e+00  3.011657e-02 
 5.436587e+00  3.011658e-02 
 5.436908e+00  3.011658e-02 
 5.437230e+00  3.011659e-02 
 5.437551e+00  3.011660e-02 
 5.437873e+00  3.011660e-02 
 5.438194e+00  3.011661e-02 
 5.438516e+00  3.011661e-02 
 5.438838e+00  3.011662e-02 
 5.439159e+00  3.011663e-02 
 5.439481e+00  3.011663e-02 
 5.439802e+00  3.011664e-02 
 5.440124e+00  3.011664e-02 
 5.440445e+00  3.011665e-02 
 5.440767e+00  3.011666e-02 
 5.441088e+00  3.011666e-02 
 5.441410e+00  3.011667e-02 
 5.441732e+00  3.011668e-02 
 5.442053e+00  3.011668e-02 
 5.442375e+00  3.011669e-02 
 5.442696e+00  3.011670e-02 
 5.443018e+00  3.011670e-02 
 5.443339e+00  3.011671e-02 
 5.443661e+00  3.011672e-02 
 5.443982e+00  3.011672e-02 
 5.444304e+00  3.011673e-02 
 5.444626e+00  3.011674e-02 
 5.444947e+00  3.011674e-02 
 5.445269e+00  3.011675e-02 
 5.445590e+00  3.011676e-02 
 5.445912e+00  3.011677e-02 
 5.446233e+00  3.011677e-02 
 5.446555e+00  3.011678e-02 
 5.446876e+00  3.011679e-02 
 5.447198e+00  3.011680e-02 
 5.447520e+00  3.011680e-02 
 5.447841e+00  3.011681e-02 
 5.448163e+00  3.011682e-02 
 5.448484e+00  3.011683e-02 
 5.448806e+00  3.011683e-02 
 5.449127e+00  3.011684e-02 
 5.449449e+00  3.011685e-02 
 5.449770e+00  3.011686e-02 
 5.450092e+00  3.011687e-02 
 5.450414e+00  3.011687e-02 
 5.450735e+00  3.011688e-02 
 5.451057e+00  3.011689e-02 
 5.451378e+00  3.011690e-02 
 5.451700e+00  3.011691e-02 
 5.452021e+00  3.011691e-02 
 5.452343e+00  3.011692e-02 
 5.452664e+00  3.011693e-02 
 5.452986e+00  3.011694e-02 
 5.453308e+00  3.011695e-02 
 5.453629e+00  3.011696e-02 
 5.453951e+00  3.011697e-02 
 5.454272e+00  3.011697e-02 
 5.454594e+00  3.011698e-02 
 5.454915e+00  3.011699e-02 
 5.455237e+00  3.011700e-02 
 5.455559e+00  3.011701e-02 
 5.455880e+00  3.011702e-02 
 5.456202e+00  3.011703e-02 
 5.456523e+00  3.011704e-02 
 5.456845e+00  3.011705e-02 
 5.457166e+00  3.011705e-02 
 5.457488e+00  3.011706e-02 
 5.457809e+00  3.011707e-02 
 5.458131e+00  3.011708e-02 
 5.458453e+00  3.011709e-02 
 5.458774e+00  3.011710e-02 
 5.459096e+00  3.011711e-02 
 5.459417e+00  3.011712e-02 
 5.459739e+00  3.011713e-02 
 5.460060e+00  3.011714e-02 
 5.460382e+00  3.011715e-02 
 5.460703e+00  3.011716e-02 
 5.461025e+00  3.011717e-02 
 5.461347e+00  3.011718e-02 
 5.461668e+00  3.011719e-02 
 5.461990e+00  3.011720e-02 
 5.462311e+00  3.011721e-02 
 5.462633e+00  3.011722e-02 
 5.462954e+00  3.011723e-02 
 5.463276e+00  3.011724e-02 
 5.463597e+00  3.011725e-02 
 5.463919e+00  3.011726e-02 
 5.464241e+00  3.011727e-02 
 5.464562e+00  3.011728e-02 
 5.464884e+00  3.011729e-02 
 5.465205e+00  3.011730e-02 
 5.465527e+00  3.011731e-02 
 5.465848e+00  3.011732e-02 
 5.466170e+00  3.011733e-02 
 5.466491e+00  3.011734e-02 
 5.466813e+00  3.011735e-02 
 5.467135e+00  3.011736e-02 
 5.467456e+00  3.011737e-02 
 5.467778e+00  3.011738e-02 
 5.468099e+00  3.011739e-02 
 5.468421e+00  3.011740e-02 
 5.468742e+00  3.011741e-02 
 5.469064e+00  3.011742e-02 
 5.469385e+00  3.011743e-02 
 5.469707e+00  3.011744e-02 
 5.470029e+00  3.011745e-02 
 5.470350e+00  3.011746e-02 
 5.470672e+00  3.011748e-02 
 5.470993e+00  3.011749e-02 
 5.471315e+00  3.011750e-02 
 5.471636e+00  3.011751e-02 
 5.471958e+00  3.011752e-02 
 5.472279e+00  3.011753e-02 
 5.472601e+00  3.011754e-02 
 5.472923e+00  3.011755e-02 
 5.473244e+00  3.011756e-02 
 5.473566e+00  3.011757e-02 
 5.473887e+00  3.011758e-02 
 5.474209e+00  3.011759e-02 
 5.474530e+00  3.011760e-02 
 5.474852e+00  3.011762e-02 
 5.475173e+00  3.011763e-02 
 5.475495e+00  3.011764e-02 
 5.475817e+00  3.011765e-02 
 5.476138e+00  3.011766e-02 
 5.476460e+00  3.011767e-02 
 5.476781e+00  3.011768e-02 
 5.477103e+00  3.011769e-02 
 5.477424e+00  3.011770e-02 
 5.477746e+00  3.011771e-02 
 5.478067e+00  3.011772e-02 
 5.478389e+00  3.011774e-02 
 5.478711e+00  3.011775e-02 
 5.479032e+00  3.011776e-02 
 5.479354e+00  3.011777e-02 
 5.479675e+00  3.011778e-02 
 5.479997e+00  3.011779e-02 
 5.480318e+00  3.011780e-02 
 5.480640e+00  3.011781e-02 
 5.480961e+00  3.011782e-02 
 5.481283e+00  3.011783e-02 
 5.481605e+00  3.011784e-02 
 5.481926e+00  3.011786e-02 
 5.482248e+00  3.011787e-02 
 5.482569e+00  3.011788e-02 
 5.482891e+00  3.011789e-02 
 5.483212e+00  3.011790e-02 
 5.483534e+00  3.011791e-02 
 5.483855e+00  3.011792e-02 
 5.484177e+00  3.011793e-02 
 5.484499e+00  3.011794e-02 
 5.484820e+00  3.011795e-02 
 5.485142e+00  3.011796e-02 
 5.485463e+00  3.011797e-02 
 5.485785e+00  3.011799e-02 
 5.486106e+00  3.011800e-02 
 5.486428e+00  3.011801e-02 
 5.486749e+00  3.011802e-02 
 5.487071e+00  3.011803e-02 
 5.487393e+00  3.011804e-02 
 5.487714e+00  3.011805e-02 
 5.488036e+00  3.011806e-02 
 5.488357e+00  3.011807e-02 
 5.488679e+00  3.011808e-02 
 5.489000e+00  3.011809e-02 
 5.489322e+00  3.011810e-02 
 5.489643e+00  3.011811e-02 
 5.489965e+00  3.011813e-02 
 5.490287e+00  3.011814e-02 
 5.490608e+00  3.011815e-02 
 5.490930e+00  3.011816e-02 
 5.491251e+00  3.011817e-02 
 5.491573e+00  3.011818e-02 
 5.491894e+00  3.011819e-02 
 5.492216e+00  3.011820e-02 
 5.492537e+00  3.011821e-02 
 5.492859e+00  3.011822e-02 
 5.493181e+00  3.011823e-02 
 5.493502e+00  3.011824e-02 
 5.493824e+00  3.011825e-02 
 5.494145e+00  3.011826e-02 
 5.494467e+00  3.011827e-02 
 5.494788e+00  3.011829e-02 
 5.495110e+00  3.011830e-02 
 5.495431e+00  3.011831e-02 
 5.495753e+00  3.011832e-02 
 5.496075e+00  3.011833e-02 
 5.496396e+00  3.011834e-02 
 5.496718e+00  3.011835e-02 
 5.497039e+00  3.011836e-02 
 5.497361e+00  3.011837e-02 
 5.497682e+00  3.011838e-02 
 5.498004e+00  3.011839e-02 
 5.498325e+00  3.011840e-02 
 5.498647e+00  3.011841e-02 
 5.498969e+00  3.011842e-02 
 5.499290e+00  3.011843e-02 
 5.499612e+00  3.011844e-02 
 5.499933e+00  3.011845e-02 
 5.500255e+00  3.011846e-02 
 5.500576e+00  3.011848e-02 
 5.500898e+00  3.011849e-02 
 5.501219e+00  3.011850e-02 
 5.501541e+00  3.011851e-02 
 5.501863e+00  3.011852e-02 
 5.502184e+00  3.011853e-02 
 5.502506e+00  3.011854e-02 
 5.502827e+00  3.011855e-02 
 5.503149e+00  3.011856e-02 
 5.503470e+00  3.011857e-02 
 5.503792e+00  3.011858e-02 
 5.504113e+00  3.011859e-02 
 5.504435e+00  3.011860e-02 
 5.504757e+00  3.011861e-02 
 5.505078e+00  3.011862e-02 
 5.505400e+00  3.011864e-02 
 5.505721e+00  3.011865e-02 
 5.506043e+00  3.011866e-02 
 5.506364e+00  3.011867e-02 
 5.506686e+00  3.011868e-02 
 5.507007e+00  3.011869e-02 
 5.507329e+00  3.011870e-02 
 5.507651e+00  3.011871e-02 
 5.507972e+00  3.011872e-02 
 5.508294e+00  3.011873e-02 
 5.508615e+00  3.011874e-02 
 5.508937e+00  3.011876e-02 
 5.509258e+00  3.011877e-02 
 5.509580e+00  3.011878e-02 
 5.509902e+00  3.011879e-02 
 5.510223e+00  3.011880e-02 
 5.510545e+00  3.011881e-02 
 5.510866e+00  3.011882e-02 
 5.511188e+00  3.011883e-02 
 5.511509e+00  3.011884e-02 
 5.511831e+00  3.011885e-02 
 5.512152e+00  3.011887e-02 
 5.512474e+00  3.011888e-02 
 5.512796e+00  3.011889e-02 
 5.513117e+00  3.011890e-02 
 5.513439e+00  3.011891e-02 
 5.513760e+00  3.011892e-02 
 5.514082e+00  3.011893e-02 
 5.514403e+00  3.011894e-02 
 5.514725e+00  3.011896e-02 
 5.515046e+00  3.011897e-02 
 5.515368e+00  3.011898e-02 
 5.515690e+00  3.011899e-02 
 5.516011e+00  3.011900e-02 
 5.516333e+00  3.011901e-02 
 5.516654e+00  3.011902e-02 
 5.516976e+00  3.011904e-02 
 5.517297e+00  3.011905e-02 
 5.517619e+00  3.011906e-02 
 5.517940e+00  3.011907e-02 
 5.518262e+00  3.011908e-02 
 5.518584e+00  3.011909e-02 
 5.518905e+00  3.011911e-02 
 5.519227e+00  3.011912e-02 
 5.519548e+00  3.011913e-02 
 5.519870e+00  3.011914e-02 
 5.520191e+00  3.011915e-02 
 5.520513e+00  3.011916e-02 
 5.520834e+00  3.011918e-02 
 5.521156e+00  3.011919e-02 
 5.521478e+00  3.011920e-02 
 5.521799e+00  3.011921e-02 
 5.522121e+00  3.011922e-02 
 5.522442e+00  3.011924e-02 
 5.522764e+00  3.011925e-02 
 5.523085e+00  3.011926e-02 
 5.523407e+00  3.011927e-02 
 5.523728e+00  3.011928e-02 
 5.524050e+00  3.011929e-02 
 5.524372e+00  3.011931e-02 
 5.524693e+00  3.011932e-02 
 5.525015e+00  3.011933e-02 
 5.525336e+00  3.011934e-02 
 5.525658e+00  3.011936e-02 
 5.525979e+00  3.011937e-02 
 5.526301e+00  3.011938e-02 
 5.526622e+00  3.011939e-02 
 5.526944e+00  3.011940e-02 
 5.527266e+00  3.011942e-02 
 5.527587e+00  3.011943e-02 
 5.527909e+00  3.011944e-02 
 5.528230e+00  3.011945e-02 
 5.528552e+00  3.011947e-02 
 5.528873e+00  3.011948e-02 
 5.529195e+00  3.011949e-02 
 5.529516e+00  3.011950e-02 
 5.529838e+00  3.011952e-02 
 5.530160e+00  3.011953e-02 
 5.530481e+00  3.011954e-02 
 5.530803e+00  3.011955e-02 
 5.531124e+00  3.011957e-02 
 5.531446e+00  3.011958e-02 
 5.531767e+00  3.011959e-02 
 5.532089e+00  3.011961e-02 
 5.532410e+00  3.011962e-02 
 5.532732e+00  3.011963e-02 
 5.533054e+00  3.011964e-02 
 5.533375e+00  3.011966e-02 
 5.533697e+00  3.011967e-02 
 5.534018e+00  3.011968e-02 
 5.534340e+00  3.011970e-02 
 5.534661e+00  3.011971e-02 
 5.534983e+00  3.011972e-02 
 5.535304e+00  3.011974e-02 
 5.535626e+00  3.011975e-02 
 5.535948e+00  3.011976e-02 
 5.536269e+00  3.011978e-02 
 5.536591e+00  3.011979e-02 
 5.536912e+00  3.011980e-02 
 5.537234e+00  3.011982e-02 
 5.537555e+00  3.011983e-02 
 5.537877e+00  3.011984e-02 
 5.538198e+00  3.011986e-02 
 5.538520e+00  3.011987e-02 
 5.538842e+00  3.011988e-02 
 5.539163e+00  3.011990e-02 
 5.539485e+00  3.011991e-02 
 5.539806e+00  3.011992e-02 
 5.540128e+00  3.011994e-02 
 5.540449e+00  3.011995e-02 
 5.540771e+00  3.011997e-02 
 5.541092e+00  3.011998e-02 
 5.541414e+00  3.011999e-02 
 5.541736e+00  3.012001e-02 
 5.542057e+00  3.012002e-02 
 5.542379e+00  3.012004e-02 
 5.542700e+00  3.012005e-02 
 5.543022e+00  3.012006e-02 
 5.543343e+00  3.012008e-02 
 5.543665e+00  3.012009e-02 
 5.543986e+00  3.012011e-02 
 5.544308e+00  3.012012e-02 
 5.544630e+00  3.012014e-02 
 5.544951e+00  3.012015e-02 
 5.545273e+00  3.012017e-02 
 5.545594e+00  3.012018e-02 
 5.545916e+00  3.012020e-02 
 5.546237e+00  3.012021e-02 
 5.546559e+00  3.012022e-02 
 5.546880e+00  3.012024e-02 
 5.547202e+00  3.012025e-02 
 5.547524e+00  3.012027e-02 
 5.547845e+00  3.012028e-02 
 5.548167e+00  3.012030e-02 
 5.548488e+00  3.012031e-02 
 5.548810e+00  3.012033e-02 
 5.549131e+00  3.012034e-02 
 5.549453e+00  3.012036e-02 
 5.549774e+00  3.012037e-02 
 5.550096e+00  3.012039e-02 
 5.550418e+00  3.012040e-02 
 5.550739e+00  3.012042e-02 
 5.551061e+00  3.012044e-02 
 5.551382e+00  3.012045e-02 
 5.551704e+00  3.012047e-02 
 5.552025e+00  3.012048e-02 
 5.552347e+00  3.012050e-02 
 5.552668e+00  3.012051e-02 
 5.552990e+00  3.012053e-02 
 5.553312e+00  3.012054e-02 
 5.553633e+00  3.012056e-02 
 5.553955e+00  3.012058e-02 
 5.554276e+00  3.012059e-02 
 5.554598e+00  3.012061e-02 
 5.554919e+00  3.012062e-02 
 5.555241e+00  3.012064e-02 
 5.555562e+00  3.012065e-02 
 5.555884e+00  3.012067e-02 
 5.556206e+00  3.012069e-02 
 5.556527e+00  3.012070e-02 
 5.556849e+00  3.012072e-02 
 5.557170e+00  3.012073e-02 
 5.557492e+00  3.012075e-02 
 5.557813e+00  3.012077e-02 
 5.558135e+00  3.012078e-02 
 5.558456e+00  3.012080e-02 
 5.558778e+00  3.012081e-02 
 5.559100e+00  3.012083e-02 
 5.559421e+00  3.012085e-02 
 5.559743e+00  3.012086e-02 
 5.560064e+00  3.012088e-02 
 5.560386e+00  3.012090e-02 
 5.560707e+00  3.012091e-02 
 5.561029e+00  3.012093e-02 
 5.561350e+00  3.012094e-02 
 5.561672e+00  3.012096e-02 
 5.561994e+00  3.012098e-02 
 5.562315e+00  3.012099e-02 
 5.562637e+00  3.012101e-02 
 5.562958e+00  3.012103e-02 
 5.563280e+00  3.012104e-02 
 5.563601e+00  3.012106e-02 
 5.563923e+00  3.012107e-02 
 5.564245e+00  3.012109e-02 
 5.564566e+00  3.012111e-02 
 5.564888e+00  3.012112e-02 
 5.565209e+00  3.012114e-02 
 5.565531e+00  3.012116e-02 
 5.565852e+00  3.012117e-02 
 5.566174e+00  3.012119e-02 
 5.566495e+00  3.012121e-02 
 5.566817e+00  3.012122e-02 
 5.567139e+00  3.012124e-02 
 5.567460e+00  3.012125e-02 
 5.567782e+00  3.012127e-02 
 5.568103e+00  3.012129e-02 
 5.568425e+00  3.012130e-02 
 5.568746e+00  3.012132e-02 
 5.569068e+00  3.012134e-02 
 5.569389e+00  3.012135e-02 
 5.569711e+00  3.012137e-02 
 5.570033e+00  3.012139e-02 
 5.570354e+00  3.012140e-02 
 5.570676e+00  3.012142e-02 
 5.570997e+00  3.012143e-02 
 5.571319e+00  3.012145e-02 
 5.571640e+00  3.012147e-02 
 5.571962e+00  3.012148e-02 
 5.572283e+00  3.012150e-02 
 5.572605e+00  3.012152e-02 
 5.572927e+00  3.012153e-02 
 5.573248e+00  3.012155e-02 
 5.573570e+00  3.012156e-02 
 5.573891e+00  3.012158e-02 
 5.574213e+00  3.012160e-02 
 5.574534e+00  3.012161e-02 
 5.574856e+00  3.012163e-02 
 5.575177e+00  3.012164e-02 
 5.575499e+00  3.012166e-02 
 5.575821e+00  3.012168e-02 
 5.576142e+00  3.012169e-02 
 5.576464e+00  3.012171e-02 
 5.576785e+00  3.012172e-02 
 5.577107e+00  3.012174e-02 
 5.577428e+00  3.012175e-02 
 5.577750e+00  3.012177e-02 
 5.578071e+00  3.012179e-02 
 5.578393e+00  3.012180e-02 
 5.578715e+00  3.012182e-02 
 5.579036e+00  3.012183e-02 
 5.579358e+00  3.012185e-02 
 5.579679e+00  3.012186e-02 
 5.580001e+00  3.012188e-02 
 5.580322e+00  3.012189e-02 
 5.580644e+00  3.012191e-02 
 5.580965e+00  3.012192e-02 
 5.581287e+00  3.012194e-02 
 5.581609e+00  3.012195e-02 
 5.581930e+00  3.012197e-02 
 5.582252e+00  3.012198e-02 
 5.582573e+00  3.012200e-02 
 5.582895e+00  3.012202e-02 
 5.583216e+00  3.012203e-02 
 5.583538e+00  3.012205e-02 
 5.583859e+00  3.012206e-02 
 5.584181e+00  3.012208e-02 
 5.584503e+00  3.012209e-02 
 5.584824e+00  3.012211e-02 
 5.585146e+00  3.012212e-02 
 5.585467e+00  3.012213e-02 
 5.585789e+00  3.012215e-02 
 5.586110e+00  3.012216e-02 
 5.586432e+00  3.012218e-02 
 5.586753e+00  3.012219e-02 
 5.587075e+00  3.012221e-02 
 5.587397e+00  3.012222e-02 
 5.587718e+00  3.012224e-02 
 5.588040e+00  3.012225e-02 
 5.588361e+00  3.012227e-02 
 5.588683e+00  3.012228e-02 
 5.589004e+00  3.012230e-02 
 5.589326e+00  3.012231e-02 
 5.589647e+00  3.012233e-02 
 5.589969e+00  3.012234e-02 
 5.590291e+00  3.012235e-02 
 5.590612e+00  3.012237e-02 
 5.590934e+00  3.012238e-02 
 5.591255e+00  3.012240e-02 
 5.591577e+00  3.012241e-02 
 5.591898e+00  3.012243e-02 
 5.592220e+00  3.012244e-02 
 5.592541e+00  3.012246e-02 
 5.592863e+00  3.012247e-02 
 5.593185e+00  3.012248e-02 
 5.593506e+00  3.012250e-02 
 5.593828e+00  3.012251e-02 
 5.594149e+00  3.012253e-02 
 5.594471e+00  3.012254e-02 
 5.594792e+00  3.012256e-02 
 5.595114e+00  3.012257e-02 
 5.595435e+00  3.012258e-02 
 5.595757e+00  3.012260e-02 
 5.596079e+00  3.012261e-02 
 5.596400e+00  3.012263e-02 
 5.596722e+00  3.012264e-02 
 5.597043e+00  3.012266e-02 
 5.597365e+00  3.012267e-02 
 5.597686e+00  3.012268e-02 
 5.598008e+00  3.012270e-02 
 5.598329e+00  3.012271e-02 
 5.598651e+00  3.012273e-02 
 5.598973e+00  3.012274e-02 
 5.599294e+00  3.012275e-02 
 5.599616e+00  3.012277e-02 
 5.599937e+00  3.012278e-02 
 5.600259e+00  3.012280e-02 
 5.600580e+00  3.012281e-02 
 5.600902e+00  3.012283e-02 
 5.601223e+00  3.012284e-02 
 5.601545e+00  3.012285e-02 
 5.601867e+00  3.012287e-02 
 5.602188e+00  3.012288e-02 
 5.602510e+00  3.012290e-02 
 5.602831e+00  3.012291e-02 
 5.603153e+00  3.012292e-02 
 5.603474e+00  3.012294e-02 
 5.603796e+00  3.012295e-02 
 5.604117e+00  3.012297e-02 
 5.604439e+00  3.012298e-02 
 5.604761e+00  3.012299e-02 
 5.605082e+00  3.012301e-02 
 5.605404e+00  3.012302e-02 
 5.605725e+00  3.012303e-02 
 5.606047e+00  3.012305e-02 
 5.606368e+00  3.012306e-02 
 5.606690e+00  3.012308e-02 
 5.607011e+00  3.012309e-02 
 5.607333e+00  3.012310e-02 
 5.607655e+00  3.012312e-02 
 5.607976e+00  3.012313e-02 
 5.608298e+00  3.012315e-02 
 5.608619e+00  3.012316e-02 
 5.608941e+00  3.012317e-02 
 5.609262e+00  3.012319e-02 
 5.609584e+00  3.012320e-02 
 5.609905e+00  3.012321e-02 
 5.610227e+00  3.012323e-02 
 5.610549e+00  3.012324e-02 
 5.610870e+00  3.012325e-02 
 5.611192e+00  3.012327e-02 
 5.611513e+00  3.012328e-02 
 5.611835e+00  3.012330e-02 
 5.612156e+00  3.012331e-02 
 5.612478e+00  3.012332e-02 
 5.612799e+00  3.012334e-02 
 5.613121e+00  3.012335e-02 
 5.613443e+00  3.012336e-02 
 5.613764e+00  3.012338e-02 
 5.614086e+00  3.012339e-02 
 5.614407e+00  3.012340e-02 
 5.614729e+00  3.012342e-02 
 5.615050e+00  3.012343e-02 
 5.615372e+00  3.012344e-02 
 5.615693e+00  3.012346e-02 
 5.616015e+00  3.012347e-02 
 5.616337e+00  3.012348e-02 
 5.616658e+00  3.012350e-02 
 5.616980e+00  3.012351e-02 
 5.617301e+00  3.012352e-02 
 5.617623e+00  3.012354e-02 
 5.617944e+00  3.012355e-02 
 5.618266e+00  3.012356e-02 
 5.618588e+00  3.012358e-02 
 5.618909e+00  3.012359e-02 
 5.619231e+00  3.012360e-02 
 5.619552e+00  3.012362e-02 
 5.619874e+00  3.012363e-02 
 5.620195e+00  3.012364e-02 
 5.620517e+00  3.012366e-02 
 5.620838e+00  3.012367e-02 
 5.621160e+00  3.012368e-02 
 5.621482e+00  3.012370e-02 
 5.621803e+00  3.012371e-02 
 5.622125e+00  3.012372e-02 
 5.622446e+00  3.012374e-02 
 5.622768e+00  3.012375e-02 
 5.623089e+00  3.012376e-02 
 5.623411e+00  3.012378e-02 
 5.623732e+00  3.012379e-02 
 5.624054e+00  3.012380e-02 
 5.624376e+00  3.012381e-02 
 5.624697e+00  3.012383e-02 
 5.625019e+00  3.012384e-02 
 5.625340e+00  3.012385e-02 
 5.625662e+00  3.012387e-02 
 5.625983e+00  3.012388e-02 
 5.626305e+00  3.012389e-02 
 5.626626e+00  3.012391e-02 
 5.626948e+00  3.012392e-02 
 5.627270e+00  3.012393e-02 
 5.627591e+00  3.012394e-02 
 5.627913e+00  3.012396e-02 
 5.628234e+00  3.012397e-02 
 5.628556e+00  3.012398e-02 
 5.628877e+00  3.012399e-02 
 5.629199e+00  3.012401e-02 
 5.629520e+00  3.012402e-02 
 5.629842e+00  3.012403e-02 
 5.630164e+00  3.012405e-02 
 5.630485e+00  3.012406e-02 
 5.630807e+00  3.012407e-02 
 5.631128e+00  3.012408e-02 
 5.631450e+00  3.012410e-02 
 5.631771e+00  3.012411e-02 
 5.632093e+00  3.012412e-02 
 5.632414e+00  3.012413e-02 
 5.632736e+00  3.012414e-02 
 5.633058e+00  3.012416e-02 
 5.633379e+00  3.012417e-02 
 5.633701e+00  3.012418e-02 
 5.634022e+00  3.012419e-02 
 5.634344e+00  3.012421e-02 
 5.634665e+00  3.012422e-02 
 5.634987e+00  3.012423e-02 
 5.635308e+00  3.012424e-02 
 5.635630e+00  3.012425e-02 
 5.635952e+00  3.012427e-02 
 5.636273e+00  3.012428e-02 
 5.636595e+00  3.012429e-02 
 5.636916e+00  3.012430e-02 
 5.637238e+00  3.012431e-02 
 5.637559e+00  3.012433e-02 
 5.637881e+00  3.012434e-02 
 5.638202e+00  3.012435e-02 
 5.638524e+00  3.012436e-02 
 5.638846e+00  3.012437e-02 
 5.639167e+00  3.012439e-02 
 5.639489e+00  3.012440e-02 
 5.639810e+00  3.012441e-02 
 5.640132e+00  3.012442e-02 
 5.640453e+00  3.012443e-02 
 5.640775e+00  3.012444e-02 
 5.641096e+00  3.012446e-02 
 5.641418e+00  3.012447e-02 
 5.641740e+00  3.012448e-02 
 5.642061e+00  3.012449e-02 
 5.642383e+00  3.012450e-02 
 5.642704e+00  3.012451e-02 
 5.643026e+00  3.012452e-02 
 5.643347e+00  3.012453e-02 
 5.643669e+00  3.012455e-02 
 5.643990e+00  3.012456e-02 
 5.644312e+00  3.012457e-02 
 5.644634e+00  3.012458e-02 
 5.644955e+00  3.012459e-02 
 5.645277e+00  3.012460e-02 
 5.645598e+00  3.012461e-02 
 5.645920e+00  3.012462e-02 
 5.646241e+00  3.012463e-02 
 5.646563e+00  3.012465e-02 
 5.646884e+00  3.012466e-02 
 5.647206e+00  3.012467e-02 
 5.647528e+00  3.012468e-02 
 5.647849e+00  3.012469e-02 
 5.648171e+00  3.012470e-02 
 5.648492e+00  3.012471e-02 
 5.648814e+00  3.012472e-02 
 5.649135e+00  3.012473e-02 
 5.649457e+00  3.012474e-02 
 5.649778e+00  3.012475e-02 
 5.650100e+00  3.012476e-02 
 5.650422e+00  3.012477e-02 
 5.650743e+00  3.012479e-02 
 5.651065e+00  3.012480e-02 
 5.651386e+00  3.012481e-02 
 5.651708e+00  3.012482e-02 
 5.652029e+00  3.012483e-02 
 5.652351e+00  3.012484e-02 
 5.652672e+00  3.012485e-02 
 5.652994e+00  3.012486e-02 
 5.653316e+00  3.012487e-02 
 5.653637e+00  3.012488e-02 
 5.653959e+00  3.012489e-02 
 5.654280e+00  3.012490e-02 
 5.654602e+00  3.012491e-02 
 5.654923e+00  3.012492e-02 
 5.655245e+00  3.012493e-02 
 5.655566e+00  3.012494e-02 
 5.655888e+00  3.012495e-02 
 5.656210e+00  3.012496e-02 
 5.656531e+00  3.012497e-02 
 5.656853e+00  3.012498e-02 
 5.657174e+00  3.012499e-02 
 5.657496e+00  3.012500e-02 
 5.657817e+00  3.012501e-02 
 5.658139e+00  3.012502e-02 
 5.658460e+00  3.012503e-02 
 5.658782e+00  3.012504e-02 
 5.659104e+00  3.012505e-02 
 5.659425e+00  3.012506e-02 
 5.659747e+00  3.012507e-02 
 5.660068e+00  3.012508e-02 
 5.660390e+00  3.012509e-02 
 5.660711e+00  3.012510e-02 
 5.661033e+00  3.012511e-02 
 5.661354e+00  3.012512e-02 
 5.661676e+00  3.012513e-02 
 5.661998e+00  3.012514e-02 
 5.662319e+00  3.012515e-02 
 5.662641e+00  3.012516e-02 
 5.662962e+00  3.012517e-02 
 5.663284e+00  3.012518e-02 
 5.663605e+00  3.012519e-02 
 5.663927e+00  3.012520e-02 
 5.664248e+00  3.012521e-02 
 5.664570e+00  3.012522e-02 
 5.664892e+00  3.012523e-02 
 5.665213e+00  3.012524e-02 
 5.665535e+00  3.012525e-02 
 5.665856e+00  3.012526e-02 
 5.666178e+00  3.012527e-02 
 5.666499e+00  3.012528e-02 
 5.666821e+00  3.012528e-02 
 5.667142e+00  3.012529e-02 
 5.667464e+00  3.012530e-02 
 5.667786e+00  3.012531e-02 
 5.668107e+00  3.012532e-02 
 5.668429e+00  3.012533e-02 
 5.668750e+00  3.012534e-02 
 5.669072e+00  3.012535e-02 
 5.669393e+00  3.012536e-02 
 5.669715e+00  3.012537e-02 
 5.670036e+00  3.012538e-02 
 5.670358e+00  3.012539e-02 
 5.670680e+00  3.012539e-02 
 5.671001e+00  3.012540e-02 
 5.671323e+00  3.012541e-02 
 5.671644e+00  3.012542e-02 
 5.671966e+00  3.012543e-02 
 5.672287e+00  3.012544e-02 
 5.672609e+00  3.012545e-02 
 5.672931e+00  3.012546e-02 
 5.673252e+00  3.012546e-02 
 5.673574e+00  3.012547e-02 
 5.673895e+00  3.012548e-02 
 5.674217e+00  3.012549e-02 
 5.674538e+00  3.012550e-02 
 5.674860e+00  3.012551e-02 
 5.675181e+00  3.012552e-02 
 5.675503e+00  3.012553e-02 
 5.675825e+00  3.012553e-02 
 5.676146e+00  3.012554e-02 
 5.676468e+00  3.012555e-02 
 5.676789e+00  3.012556e-02 
 5.677111e+00  3.012557e-02 
 5.677432e+00  3.012558e-02 
 5.677754e+00  3.012558e-02 
 5.678075e+00  3.012559e-02 
 5.678397e+00  3.012560e-02 
 5.678719e+00  3.012561e-02 
 5.679040e+00  3.012562e-02 
 5.679362e+00  3.012563e-02 
 5.679683e+00  3.012563e-02 
 5.680005e+00  3.012564e-02 
 5.680326e+00  3.012565e-02 
 5.680648e+00  3.012566e-02 
 5.680969e+00  3.012567e-02 
 5.681291e+00  3.012568e-02 
 5.681613e+00  3.012568e-02 
 5.681934e+00  3.012569e-02 
 5.682256e+00  3.012570e-02 
 5.682577e+00  3.012571e-02 
 5.682899e+00  3.012572e-02 
 5.683220e+00  3.012572e-02 
 5.683542e+00  3.012573e-02 
 5.683863e+00  3.012574e-02 
 5.684185e+00  3.012575e-02 
 5.684507e+00  3.012576e-02 
 5.684828e+00  3.012576e-02 
 5.685150e+00  3.012577e-02 
 5.685471e+00  3.012578e-02 
 5.685793e+00  3.012579e-02 
 5.686114e+00  3.012580e-02 
 5.686436e+00  3.012580e-02 
 5.686757e+00  3.012581e-02 
 5.687079e+00  3.012582e-02 
 5.687401e+00  3.012583e-02 
 5.687722e+00  3.012584e-02 
 5.688044e+00  3.012584e-02 
 5.688365e+00  3.012585e-02 
 5.688687e+00  3.012586e-02 
 5.689008e+00  3.012587e-02 
 5.689330e+00  3.012588e-02 
 5.689651e+00  3.012588e-02 
 5.689973e+00  3.012589e-02 
 5.690295e+00  3.012590e-02 
 5.690616e+00  3.012591e-02 
 5.690938e+00  3.012591e-02 
 5.691259e+00  3.012592e-02 
 5.691581e+00  3.012593e-02 
 5.691902e+00  3.012594e-02 
 5.692224e+00  3.012595e-02 
 5.692545e+00  3.012595e-02 
 5.692867e+00  3.012596e-02 
 5.693189e+00  3.012597e-02 
 5.693510e+00  3.012598e-02 
 5.693832e+00  3.012598e-02 
 5.694153e+00  3.012599e-02 
 5.694475e+00  3.012600e-02 
 5.694796e+00  3.012601e-02 
 5.695118e+00  3.012601e-02 
 5.695439e+00  3.012602e-02 
 5.695761e+00  3.012603e-02 
 5.696083e+00  3.012604e-02 
 5.696404e+00  3.012604e-02 
 5.696726e+00  3.012605e-02 
 5.697047e+00  3.012606e-02 
 5.697369e+00  3.012607e-02 
 5.697690e+00  3.012607e-02 
 5.698012e+00  3.012608e-02 
 5.698333e+00  3.012609e-02 
 5.698655e+00  3.012610e-02 
 5.698977e+00  3.012610e-02 
 5.699298e+00  3.012611e-02 
 5.699620e+00  3.012612e-02 
 5.699941e+00  3.012613e-02 
 5.700263e+00  3.012613e-02 
 5.700584e+00  3.012614e-02 
 5.700906e+00  3.012615e-02 
 5.701227e+00  3.012615e-02 
 5.701549e+00  3.012616e-02 
 5.701871e+00  3.012617e-02 
 5.702192e+00  3.012618e-02 
 5.702514e+00  3.012618e-02 
 5.702835e+00  3.012619e-02 
 5.703157e+00  3.012620e-02 
 5.703478e+00  3.012620e-02 
 5.703800e+00  3.012621e-02 
 5.704121e+00  3.012622e-02 
 5.704443e+00  3.012622e-02 
 5.704765e+00  3.012623e-02 
 5.705086e+00  3.012624e-02 
 5.705408e+00  3.012625e-02 
 5.705729e+00  3.012625e-02 
 5.706051e+00  3.012626e-02 
 5.706372e+00  3.012627e-02 
 5.706694e+00  3.012627e-02 
 5.707015e+00  3.012628e-02 
 5.707337e+00  3.012629e-02 
 5.707659e+00  3.012629e-02 
 5.707980e+00  3.012630e-02 
 5.708302e+00  3.012631e-02 
 5.708623e+00  3.012631e-02 
 5.708945e+00  3.012632e-02 
 5.709266e+00  3.012632e-02 
 5.709588e+00  3.012633e-02 
 5.709909e+00  3.012634e-02 
 5.710231e+00  3.012634e-02 
 5.710553e+00  3.012635e-02 
 5.710874e+00  3.012636e-02 
 5.711196e+00  3.012636e-02 
 5.711517e+00  3.012637e-02 
 5.711839e+00  3.012637e-02 
 5.712160e+00  3.012638e-02 
 5.712482e+00  3.012639e-02 
 5.712803e+00  3.012639e-02 
 5.713125e+00  3.012640e-02 
 5.713447e+00  3.012640e-02 
 5.713768e+00  3.012641e-02 
 5.714090e+00  3.012641e-02 
 5.714411e+00  3.012642e-02 
 5.714733e+00  3.012643e-02 
 5.715054e+00  3.012643e-02 
 5.715376e+00  3.012644e-02 
 5.715697e+00  3.012644e-02 
 5.716019e+00  3.012645e-02 
 5.716341e+00  3.012645e-02 
 5.716662e+00  3.012646e-02 
 5.716984e+00  3.012646e-02 
 5.717305e+00  3.012647e-02 
 5.717627e+00  3.012647e-02 
 5.717948e+00  3.012648e-02 
 5.718270e+00  3.012648e-02 
 5.718591e+00  3.012649e-02 
 5.718913e+00  3.012649e-02 
 5.719235e+00  3.012650e-02 
 5.719556e+00  3.012650e-02 
 5.719878e+00  3.012651e-02 
 5.720199e+00  3.012651e-02 
 5.720521e+00  3.012652e-02 
 5.720842e+00  3.012652e-02 
 5.721164e+00  3.012653e-02 
 5.721485e+00  3.012653e-02 
 5.721807e+00  3.012654e-02 
 5.722129e+00  3.012654e-02 
 5.722450e+00  3.012654e-02 
 5.722772e+00  3.012655e-02 
 5.723093e+00  3.012655e-02 
 5.723415e+00  3.012656e-02 
 5.723736e+00  3.012656e-02 
 5.724058e+00  3.012657e-02 
 5.724380e+00  3.012657e-02 
 5.724701e+00  3.012657e-02 
 5.725023e+00  3.012658e-02 
 5.725344e+00  3.012658e-02 
 5.725666e+00  3.012659e-02 
 5.725987e+00  3.012659e-02 
 5.726309e+00  3.012659e-02 
 5.726630e+00  3.012660e-02 
 5.726952e+00  3.012660e-02 
 5.727274e+00  3.012661e-02 
 5.727595e+00  3.012661e-02 
 5.727917e+00  3.012661e-02 
 5.728238e+00  3.012662e-02 
 5.728560e+00  3.012662e-02 
 5.728881e+00  3.012662e-02 
 5.729203e+00  3.012663e-02 
 5.729524e+00  3.012663e-02 
 5.729846e+00  3.012664e-02 
 5.730168e+00  3.012664e-02 
 5.730489e+00  3.012664e-02 
 5.730811e+00  3.012665e-02 
 5.731132e+00  3.012665e-02 
 5.731454e+00  3.012665e-02 
 5.731775e+00  3.012666e-02 
 5.732097e+00  3.012666e-02 
 5.732418e+00  3.012666e-02 
 5.732740e+00  3.012667e-02 
 5.733062e+00  3.012667e-02 
 5.733383e+00  3.012667e-02 
 5.733705e+00  3.012668e-02 
 5.734026e+00  3.012668e-02 
 5.734348e+00  3.012668e-02 
 5.734669e+00  3.012669e-02 
 5.734991e+00  3.012669e-02 
 5.735312e+00  3.012669e-02 
 5.735634e+00  3.012669e-02 
 5.735956e+00  3.012670e-02 
 5.736277e+00  3.012670e-02 
 5.736599e+00  3.012670e-02 
 5.736920e+00  3.012671e-02 
 5.737242e+00  3.012671e-02 
 5.737563e+00  3.012671e-02 
 5.737885e+00  3.012672e-02 
 5.738206e+00  3.012672e-02 
 5.738528e+00  3.012672e-02 
 5.738850e+00  3.012672e-02 
 5.739171e+00  3.012673e-02 
 5.739493e+00  3.012673e-02 
 5.739814e+00  3.012673e-02 
 5.740136e+00  3.012673e-02 
 5.740457e+00  3.012674e-02 
 5.740779e+00  3.012674e-02 
 5.741100e+00  3.012674e-02 
 5.741422e+00  3.012674e-02 
 5.741744e+00  3.012675e-02 
 5.742065e+00  3.012675e-02 
 5.742387e+00  3.012675e-02 
 5.742708e+00  3.012675e-02 
 5.743030e+00  3.012676e-02 
 5.743351e+00  3.012676e-02 
 5.743673e+00  3.012676e-02 
 5.743994e+00  3.012676e-02 
 5.744316e+00  3.012677e-02 
 5.744638e+00  3.012677e-02 
 5.744959e+00  3.012677e-02 
 5.745281e+00  3.012677e-02 
 5.745602e+00  3.012678e-02 
 5.745924e+00  3.012678e-02 
 5.746245e+00  3.012678e-02 
 5.746567e+00  3.012678e-02 
 5.746888e+00  3.012678e-02 
 5.747210e+00  3.012679e-02 
 5.747532e+00  3.012679e-02 
 5.747853e+00  3.012679e-02 
 5.748175e+00  3.012679e-02 
 5.748496e+00  3.012679e-02 
 5.748818e+00  3.012680e-02 
 5.749139e+00  3.012680e-02 
 5.749461e+00  3.012680e-02 
 5.749782e+00  3.012680e-02 
 5.750104e+00  3.012680e-02 
 5.750426e+00  3.012680e-02 
 5.750747e+00  3.012681e-02 
 5.751069e+00  3.012681e-02 
 5.751390e+00  3.012681e-02 
 5.751712e+00  3.012681e-02 
 5.752033e+00  3.012681e-02 
 5.752355e+00  3.012681e-02 
 5.752676e+00  3.012682e-02 
 5.752998e+00  3.012682e-02 
 5.753320e+00  3.012682e-02 
 5.753641e+00  3.012682e-02 
 5.753963e+00  3.012682e-02 
 5.754284e+00  3.012682e-02 
 5.754606e+00  3.012683e-02 
 5.754927e+00  3.012683e-02 
 5.755249e+00  3.012683e-02 
 5.755570e+00  3.012683e-02 
 5.755892e+00  3.012683e-02 
 5.756214e+00  3.012683e-02 
 5.756535e+00  3.012683e-02 
 5.756857e+00  3.012684e-02 
 5.757178e+00  3.012684e-02 
 5.757500e+00  3.012684e-02 
 5.757821e+00  3.012684e-02 
 5.758143e+00  3.012684e-02 
 5.758464e+00  3.012684e-02 
 5.758786e+00  3.012684e-02 
 5.759108e+00  3.012684e-02 
 5.759429e+00  3.012684e-02 
 5.759751e+00  3.012685e-02 
 5.760072e+00  3.012685e-02 
 5.760394e+00  3.012685e-02 
 5.760715e+00  3.012685e-02 
 5.761037e+00  3.012685e-02 
 5.761358e+00  3.012685e-02 
 5.761680e+00  3.012685e-02 
 5.762002e+00  3.012685e-02 
 5.762323e+00  3.012685e-02 
 5.762645e+00  3.012685e-02 
 5.762966e+00  3.012686e-02 
 5.763288e+00  3.012686e-02 
 5.763609e+00  3.012686e-02 
 5.763931e+00  3.012686e-02 
 5.764252e+00  3.012686e-02 
 5.764574e+00  3.012686e-02 
 5.764896e+00  3.012686e-02 
 5.765217e+00  3.012686e-02 
 5.765539e+00  3.012686e-02 
 5.765860e+00  3.012686e-02 
 5.766182e+00  3.012686e-02 
 5.766503e+00  3.012686e-02 
 5.766825e+00  3.012686e-02 
 5.767146e+00  3.012686e-02 
 5.767468e+00  3.012686e-02 
 5.767790e+00  3.012686e-02 
 5.768111e+00  3.012686e-02 
 5.768433e+00  3.012687e-02 
 5.768754e+00  3.012687e-02 
 5.769076e+00  3.012687e-02 
 5.769397e+00  3.012687e-02 
 5.769719e+00  3.012687e-02 
 5.770040e+00  3.012687e-02 
 5.770362e+00  3.012687e-02 
 5.770684e+00  3.012687e-02 
 5.771005e+00  3.012687e-02 
 5.771327e+00  3.012687e-02 
 5.771648e+00  3.012687e-02 
 5.771970e+00  3.012687e-02 
 5.772291e+00  3.012687e-02 
 5.772613e+00  3.012687e-02 
 5.772934e+00  3.012687e-02 
 5.773256e+00  3.012687e-02 
 5.773578e+00  3.012687e-02 
 5.773899e+00  3.012687e-02 
 5.774221e+00  3.012687e-02 
 5.774542e+00  3.012686e-02 
 5.774864e+00  3.012686e-02 
 5.775185e+00  3.012686e-02 
 5.775507e+00  3.012686e-02 
 5.775829e+00  3.012686e-02 
 5.776150e+00  3.012686e-02 
 5.776472e+00  3.012686e-02 
 5.776793e+00  3.012686e-02 
 5.777115e+00  3.012686e-02 
 5.777436e+00  3.012686e-02 
 5.777758e+00  3.012686e-02 
 5.778079e+00  3.012686e-02 
 5.778401e+00  3.012686e-02 
 5.778723e+00  3.012686e-02 
 5.779044e+00  3.012686e-02 
 5.779366e+00  3.012686e-02 
 5.779687e+00  3.012685e-02 
 5.780009e+00  3.012685e-02 
 5.780330e+00  3.012685e-02 
 5.780652e+00  3.012685e-02 
 5.780973e+00  3.012685e-02 
 5.781295e+00  3.012685e-02 
 5.781617e+00  3.012685e-02 
 5.781938e+00  3.012685e-02 
 5.782260e+00  3.012685e-02 
 5.782581e+00  3.012684e-02 
 5.782903e+00  3.012684e-02 
 5.783224e+00  3.012684e-02 
 5.783546e+00  3.012684e-02 
 5.783867e+00  3.012684e-02 
 5.784189e+00  3.012684e-02 
 5.784511e+00  3.012683e-02 
 5.784832e+00  3.012683e-02 
 5.785154e+00  3.012683e-02 
 5.785475e+00  3.012683e-02 
 5.785797e+00  3.012683e-02 
 5.786118e+00  3.012683e-02 
 5.786440e+00  3.012682e-02 
 5.786761e+00  3.012682e-02 
 5.787083e+00  3.012682e-02 
 5.787405e+00  3.012682e-02 
 5.787726e+00  3.012682e-02 
 5.788048e+00  3.012681e-02 
 5.788369e+00  3.012681e-02 
 5.788691e+00  3.012681e-02 
 5.789012e+00  3.012681e-02 
 5.789334e+00  3.012680e-02 
 5.789655e+00  3.012680e-02 
 5.789977e+00  3.012680e-02 
 5.790299e+00  3.012680e-02 
 5.790620e+00  3.012679e-02 
 5.790942e+00  3.012679e-02 
 5.791263e+00  3.012679e-02 
 5.791585e+00  3.012678e-02 
 5.791906e+00  3.012678e-02 
 5.792228e+00  3.012678e-02 
 5.792549e+00  3.012678e-02 
 5.792871e+00  3.012677e-02 
 5.793193e+00  3.012677e-02 
 5.793514e+00  3.012677e-02 
 5.793836e+00  3.012676e-02 
 5.794157e+00  3.012676e-02 
 5.794479e+00  3.012676e-02 
 5.794800e+00  3.012675e-02 
 5.795122e+00  3.012675e-02 
 5.795443e+00  3.012675e-02 
 5.795765e+00  3.012674e-02 
 5.796087e+00  3.012674e-02 
 5.796408e+00  3.012673e-02 
 5.796730e+00  3.012673e-02 
 5.797051e+00  3.012673e-02 
 5.797373e+00  3.012672e-02 
 5.797694e+00  3.012672e-02 
 5.798016e+00  3.012671e-02 
 5.798337e+00  3.012671e-02 
 5.798659e+00  3.012671e-02 
 5.798981e+00  3.012670e-02 
 5.799302e+00  3.012670e-02 
 5.799624e+00  3.012669e-02 
 5.799945e+00  3.012669e-02 
 5.800267e+00  3.012668e-02 
 5.800588e+00  3.012668e-02 
 5.800910e+00  3.012667e-02 
 5.801231e+00  3.012667e-02 
 5.801553e+00  3.012666e-02 
 5.801875e+00  3.012666e-02 
 5.802196e+00  3.012665e-02 
 5.802518e+00  3.012665e-02 
 5.802839e+00  3.012664e-02 
 5.803161e+00  3.012664e-02 
 5.803482e+00  3.012663e-02 
 5.803804e+00  3.012663e-02 
 5.804125e+00  3.012662e-02 
 5.804447e+00  3.012662e-02 
 5.804769e+00  3.012661e-02 
 5.805090e+00  3.012661e-02 
 5.805412e+00  3.012660e-02 
 5.805733e+00  3.012660e-02 
 5.806055e+00  3.012659e-02 
 5.806376e+00  3.012658e-02 
 5.806698e+00  3.012658e-02 
 5.807019e+00  3.012657e-02 
 5.807341e+00  3.012657e-02 
 5.807663e+00  3.012656e-02 
 5.807984e+00  3.012655e-02 
 5.808306e+00  3.012655e-02 
 5.808627e+00  3.012654e-02 
 5.808949e+00  3.012654e-02 
 5.809270e+00  3.012653e-02 
 5.809592e+00  3.012652e-02 
 5.809913e+00  3.012652e-02 
 5.810235e+00  3.012651e-02 
 5.810557e+00  3.012651e-02 
 5.810878e+00  3.012650e-02 
 5.811200e+00  3.012649e-02 
 5.811521e+00  3.012649e-02 
 5.811843e+00  3.012648e-02 
 5.812164e+00  3.012647e-02 
 5.812486e+00  3.012647e-02 
 5.812807e+00  3.012646e-02 
 5.813129e+00  3.012645e-02 
 5.813451e+00  3.012645e-02 
 5.813772e+00  3.012644e-02 
 5.814094e+00  3.012643e-02 
 5.814415e+00  3.012643e-02 
 5.814737e+00  3.012642e-02 
 5.815058e+00  3.012641e-02 
 5.815380e+00  3.012641e-02 
 5.815701e+00  3.012640e-02 
 5.816023e+00  3.012639e-02 
 5.816345e+00  3.012639e-02 
 5.816666e+00  3.012638e-02 
 5.816988e+00  3.012637e-02 
 5.817309e+00  3.012637e-02 
 5.817631e+00  3.012636e-02 
 5.817952e+00  3.012635e-02 
 5.818274e+00  3.012634e-02 
 5.818595e+00  3.012634e-02 
 5.818917e+00  3.012633e-02 
 5.819239e+00  3.012632e-02 
 5.819560e+00  3.012632e-02 
 5.819882e+00  3.012631e-02 
 5.820203e+00  3.012630e-02 
 5.820525e+00  3.012629e-02 
 5.820846e+00  3.012629e-02 
 5.821168e+00  3.012628e-02 
 5.821489e+00  3.012627e-02 
 5.821811e+00  3.012627e-02 
 5.822133e+00  3.012626e-02 
 5.822454e+00  3.012625e-02 
 5.822776e+00  3.012624e-02 
 5.823097e+00  3.012624e-02 
 5.823419e+00  3.012623e-02 
 5.823740e+00  3.012622e-02 
 5.824062e+00  3.012621e-02 
 5.824383e+00  3.012621e-02 
 5.824705e+00  3.012620e-02 
 5.825027e+00  3.012619e-02 
 5.825348e+00  3.012618e-02 
 5.825670e+00  3.012618e-02 
 5.825991e+00  3.012617e-02 
 5.826313e+00  3.012616e-02 
 5.826634e+00  3.012615e-02 
 5.826956e+00  3.012615e-02 
 5.827278e+00  3.012614e-02 
 5.827599e+00  3.012613e-02 
 5.827921e+00  3.012612e-02 
 5.828242e+00  3.012612e-02 
 5.828564e+00  3.012611e-02 
 5.828885e+00  3.012610e-02 
 5.829207e+00  3.012609e-02 
 5.829528e+00  3.012609e-02 
 5.829850e+00  3.012608e-02 
 5.830172e+00  3.012607e-02 
 5.830493e+00  3.012606e-02 
 5.830815e+00  3.012606e-02 
 5.831136e+00  3.012605e-02 
 5.831458e+00  3.012604e-02 
 5.831779e+00  3.012603e-02 
 5.832101e+00  3.012603e-02 
 5.832422e+00  3.012602e-02 
 5.832744e+00  3.012601e-02 
 5.833066e+00  3.012600e-02 
 5.833387e+00  3.012600e-02 
 5.833709e+00  3.012599e-02 
 5.834030e+00  3.012598e-02 
 5.834352e+00  3.012597e-02 
 5.834673e+00  3.012597e-02 
 5.834995e+00  3.012596e-02 
 5.835316e+00  3.012595e-02 
 5.835638e+00  3.012594e-02 
 5.835960e+00  3.012593e-02 
 5.836281e+00  3.012593e-02 
 5.836603e+00  3.012592e-02 
 5.836924e+00  3.012591e-02 
 5.837246e+00  3.012590e-02 
 5.837567e+00  3.012590e-02 
 5.837889e+00  3.012589e-02 
 5.838210e+00  3.012588e-02 
 5.838532e+00  3.012587e-02 
 5.838854e+00  3.012587e-02 
 5.839175e+00  3.012586e-02 
 5.839497e+00  3.012585e-02 
 5.839818e+00  3.012584e-02 
 5.840140e+00  3.012584e-02 
 5.840461e+00  3.012583e-02 
 5.840783e+00  3.012582e-02 
 5.841104e+00  3.012581e-02 
 5.841426e+00  3.012580e-02 
 5.841748e+00  3.012580e-02 
 5.842069e+00  3.012579e-02 
 5.842391e+00  3.012578e-02 
 5.842712e+00  3.012577e-02 
 5.843034e+00  3.012577e-02 
 5.843355e+00  3.012576e-02 
 5.843677e+00  3.012575e-02 
 5.843998e+00  3.012574e-02 
 5.844320e+00  3.012574e-02 
 5.844642e+00  3.012573e-02 
 5.844963e+00  3.012572e-02 
 5.845285e+00  3.012571e-02 
 5.845606e+00  3.012571e-02 
 5.845928e+00  3.012570e-02 
 5.846249e+00  3.012569e-02 
 5.846571e+00  3.012568e-02 
 5.846892e+00  3.012568e-02 
 5.847214e+00  3.012567e-02 
 5.847536e+00  3.012566e-02 
 5.847857e+00  3.012565e-02 
 5.848179e+00  3.012565e-02 
 5.848500e+00  3.012564e-02 
 5.848822e+00  3.012563e-02 
 5.849143e+00  3.012562e-02 
 5.849465e+00  3.012562e-02 
 5.849786e+00  3.012561e-02 
 5.850108e+00  3.012560e-02 
 5.850430e+00  3.012559e-02 
 5.850751e+00  3.012559e-02 
 5.851073e+00  3.012558e-02 
 5.851394e+00  3.012557e-02 
 5.851716e+00  3.012556e-02 
 5.852037e+00  3.012556e-02 
 5.852359e+00  3.012555e-02 
 5.852680e+00  3.012554e-02 
 5.853002e+00  3.012553e-02 
 5.853324e+00  3.012553e-02 
 5.853645e+00  3.012552e-02 
 5.853967e+00  3.012551e-02 
 5.854288e+00  3.012550e-02 
 5.854610e+00  3.012550e-02 
 5.854931e+00  3.012549e-02 
 5.855253e+00  3.012548e-02 
 5.855574e+00  3.012547e-02 
 5.855896e+00  3.012547e-02 
 5.856218e+00  3.012546e-02 
 5.856539e+00  3.012545e-02 
 5.856861e+00  3.012544e-02 
 5.857182e+00  3.012544e-02 
 5.857504e+00  3.012543e-02 
 5.857825e+00  3.012542e-02 
 5.858147e+00  3.012541e-02 
 5.858468e+00  3.012541e-02 
 5.858790e+00  3.012540e-02 
 5.859112e+00  3.012539e-02 
 5.859433e+00  3.012539e-02 
 5.859755e+00  3.012538e-02 
 5.860076e+00  3.012537e-02 
 5.860398e+00  3.012536e-02 
 5.860719e+00  3.012536e-02 
 5.861041e+00  3.012535e-02 
 5.861362e+00  3.012534e-02 
 5.861684e+00  3.012533e-02 
 5.862006e+00  3.012533e-02 
 5.862327e+00  3.012532e-02 
 5.862649e+00  3.012531e-02 
 5.862970e+00  3.012530e-02 
 5.863292e+00  3.012530e-02 
 5.863613e+00  3.012529e-02 
 5.863935e+00  3.012528e-02 
 5.864256e+00  3.012528e-02 
 5.864578e+00  3.012527e-02 
 5.864900e+00  3.012526e-02 
 5.865221e+00  3.012525e-02 
 5.865543e+00  3.012525e-02 
 5.865864e+00  3.012524e-02 
 5.866186e+00  3.012523e-02 
 5.866507e+00  3.012523e-02 
 5.866829e+00  3.012522e-02 
 5.867150e+00  3.012521e-02 
 5.867472e+00  3.012520e-02 
 5.867794e+00  3.012520e-02 
 5.868115e+00  3.012519e-02 
 5.868437e+00  3.012518e-02 
 5.868758e+00  3.012518e-02 
 5.869080e+00  3.012517e-02 
 5.869401e+00  3.012516e-02 
 5.869723e+00  3.012515e-02 
 5.870044e+00  3.012515e-02 
 5.870366e+00  3.012514e-02 
 5.870688e+00  3.012513e-02 
 5.871009e+00  3.012513e-02 
 5.871331e+00  3.012512e-02 
 5.871652e+00  3.012511e-02 
 5.871974e+00  3.012511e-02 
 5.872295e+00  3.012510e-02 
 5.872617e+00  3.012509e-02 
 5.872938e+00  3.012508e-02 
 5.873260e+00  3.012508e-02 
 5.873582e+00  3.012507e-02 
 5.873903e+00  3.012506e-02 
 5.874225e+00  3.012506e-02 
 5.874546e+00  3.012505e-02 
 5.874868e+00  3.012504e-02 
 5.875189e+00  3.012504e-02 
 5.875511e+00  3.012503e-02 
 5.875832e+00  3.012502e-02 
 5.876154e+00  3.012502e-02 
 5.876476e+00  3.012501e-02 
 5.876797e+00  3.012500e-02 
 5.877119e+00  3.012500e-02 
 5.877440e+00  3.012499e-02 
 5.877762e+00  3.012499e-02 
 5.878083e+00  3.012498e-02 
 5.878405e+00  3.012497e-02 
 5.878727e+00  3.012497e-02 
 5.879048e+00  3.012496e-02 
 5.879370e+00  3.012495e-02 
 5.879691e+00  3.012495e-02 
 5.880013e+00  3.012494e-02 
 5.880334e+00  3.012493e-02 
 5.880656e+00  3.012493e-02 
 5.880977e+00  3.012492e-02 
 5.881299e+00  3.012492e-02 
 5.881621e+00  3.012491e-02 
 5.881942e+00  3.012490e-02 
 5.882264e+00  3.012490e-02 
 5.882585e+00  3.012489e-02 
 5.882907e+00  3.012489e-02 
 5.883228e+00  3.012488e-02 
 5.883550e+00  3.012488e-02 
 5.883871e+00  3.012487e-02 
 5.884193e+00  3.012486e-02 
 5.884515e+00  3.012486e-02 
 5.884836e+00  3.012485e-02 
 5.885158e+00  3.012485e-02 
 5.885479e+00  3.012484e-02 
 5.885801e+00  3.012484e-02 
 5.886122e+00  3.012483e-02 
 5.886444e+00  3.012482e-02 
 5.886765e+00  3.012482e-02 
 5.887087e+00  3.012481e-02 
 5.887409e+00  3.012481e-02 
 5.887730e+00  3.012480e-02 
 5.888052e+00  3.012480e-02 
 5.888373e+00  3.012479e-02 
 5.888695e+00  3.012479e-02 
 5.889016e+00  3.012478e-02 
 5.889338e+00  3.012478e-02 
 5.889659e+00  3.012477e-02 
 5.889981e+00  3.012477e-02 
 5.890303e+00  3.012476e-02 
 5.890624e+00  3.012476e-02 
 5.890946e+00  3.012475e-02 
 5.891267e+00  3.012475e-02 
 5.891589e+00  3.012474e-02 
 5.891910e+00  3.012474e-02 
 5.892232e+00  3.012473e-02 
 5.892553e+00  3.012473e-02 
 5.892875e+00  3.012472e-02 
 5.893197e+00  3.012472e-02 
 5.893518e+00  3.012471e-02 
 5.893840e+00  3.012471e-02 
 5.894161e+00  3.012470e-02 
 5.894483e+00  3.012470e-02 
 5.894804e+00  3.012469e-02 
 5.895126e+00  3.012469e-02 
 5.895447e+00  3.012468e-02 
 5.895769e+00  3.012468e-02 
 5.896091e+00  3.012467e-02 
 5.896412e+00  3.012467e-02 
 5.896734e+00  3.012466e-02 
 5.897055e+00  3.012466e-02 
 5.897377e+00  3.012465e-02 
 5.897698e+00  3.012465e-02 
 5.898020e+00  3.012465e-02 
 5.898341e+00  3.012464e-02 
 5.898663e+00  3.012464e-02 
 5.898985e+00  3.012463e-02 
 5.899306e+00  3.012463e-02 
 5.899628e+00  3.012462e-02 
 5.899949e+00  3.012462e-02 
 5.900271e+00  3.012462e-02 
 5.900592e+00  3.012461e-02 
 5.900914e+00  3.012461e-02 
 5.901235e+00  3.012460e-02 
 5.901557e+00  3.012460e-02 
 5.901879e+00  3.012459e-02 
 5.902200e+00  3.012459e-02 
 5.902522e+00  3.012459e-02 
 5.902843e+00  3.012458e-02 
 5.903165e+00  3.012458e-02 
 5.903486e+00  3.012457e-02 
 5.903808e+00  3.012457e-02 
 5.904129e+00  3.012457e-02 
 5.904451e+00  3.012456e-02 
 5.904773e+00  3.012456e-02 
 5.905094e+00  3.012455e-02 
 5.905416e+00  3.012455e-02 
 5.905737e+00  3.012455e-02 
 5.906059e+00  3.012454e-02 
 5.906380e+00  3.012454e-02 
 5.906702e+00  3.012453e-02 
 5.907023e+00  3.012453e-02 
 5.907345e+00  3.012453e-02 
 5.907667e+00  3.012452e-02 
 5.907988e+00  3.012452e-02 
 5.908310e+00  3.012452e-02 
 5.908631e+00  3.012451e-02 
 5.908953e+00  3.012451e-02 
 5.909274e+00  3.012451e-02 
 5.909596e+00  3.012450e-02 
 5.909917e+00  3.012450e-02 
 5.910239e+00  3.012450e-02 
 5.910561e+00  3.012449e-02 
 5.910882e+00  3.012449e-02 
 5.911204e+00  3.012449e-02 
 5.911525e+00  3.012448e-02 
 5.911847e+00  3.012448e-02 
 5.912168e+00  3.012448e-02 
 5.912490e+00  3.012447e-02 
 5.912811e+00  3.012447e-02 
 5.913133e+00  3.012447e-02 
 5.913455e+00  3.012446e-02 
 5.913776e+00  3.012446e-02 
 5.914098e+00  3.012446e-02 
 5.914419e+00  3.012446e-02 
 5.914741e+00  3.012445e-02 
 5.915062e+00  3.012445e-02 
 5.915384e+00  3.012445e-02 
 5.915705e+00  3.012445e-02 
 5.916027e+00  3.012444e-02 
 5.916349e+00  3.012444e-02 
 5.916670e+00  3.012444e-02 
 5.916992e+00  3.012444e-02 
 5.917313e+00  3.012443e-02 
 5.917635e+00  3.012443e-02 
 5.917956e+00  3.012443e-02 
 5.918278e+00  3.012443e-02 
 5.918599e+00  3.012443e-02 
 5.918921e+00  3.012442e-02 
 5.919243e+00  3.012442e-02 
 5.919564e+00  3.012442e-02 
 5.919886e+00  3.012442e-02 
 5.920207e+00  3.012442e-02 
 5.920529e+00  3.012442e-02 
 5.920850e+00  3.012441e-02 
 5.921172e+00  3.012441e-02 
 5.921493e+00  3.012441e-02 
 5.921815e+00  3.012441e-02 
 5.922137e+00  3.012441e-02 
 5.922458e+00  3.012441e-02 
 5.922780e+00  3.012441e-02 
 5.923101e+00  3.012441e-02 
 5.923423e+00  3.012440e-02 
 5.923744e+00  3.012440e-02 
 5.924066e+00  3.012440e-02 
 5.924387e+00  3.012440e-02 
 5.924709e+00  3.012440e-02 
 5.925031e+00  3.012440e-02 
 5.925352e+00  3.012440e-02 
 5.925674e+00  3.012440e-02 
 5.925995e+00  3.012440e-02 
 5.926317e+00  3.012440e-02 
 5.926638e+00  3.012440e-02 
 5.926960e+00  3.012440e-02 
 5.927281e+00  3.012440e-02 
 5.927603e+00  3.012440e-02 
 5.927925e+00  3.012440e-02 
 5.928246e+00  3.012440e-02 
 5.928568e+00  3.012440e-02 
 5.928889e+00  3.012440e-02 
 5.929211e+00  3.012440e-02 
 5.929532e+00  3.012440e-02 
 5.929854e+00  3.012441e-02 
 5.930176e+00  3.012441e-02 
 5.930497e+00  3.012441e-02 
 5.930819e+00  3.012441e-02 
 5.931140e+00  3.012441e-02 
 5.931462e+00  3.012441e-02 
 5.931783e+00  3.012441e-02 
 5.932105e+00  3.012441e-02 
 5.932426e+00  3.012442e-02 
 5.932748e+00  3.012442e-02 
 5.933070e+00  3.012442e-02 
 5.933391e+00  3.012442e-02 
 5.933713e+00  3.012442e-02 
 5.934034e+00  3.012443e-02 
 5.934356e+00  3.012443e-02 
 5.934677e+00  3.012443e-02 
 5.934999e+00  3.012443e-02 
 5.935320e+00  3.012444e-02 
 5.935642e+00  3.012444e-02 
 5.935964e+00  3.012444e-02 
 5.936285e+00  3.012444e-02 
 5.936607e+00  3.012445e-02 
 5.936928e+00  3.012445e-02 
 5.937250e+00  3.012445e-02 
 5.937571e+00  3.012446e-02 
 5.937893e+00  3.012446e-02 
 5.938214e+00  3.012446e-02 
 5.938536e+00  3.012447e-02 
 5.938858e+00  3.012447e-02 
 5.939179e+00  3.012447e-02 
 5.939501e+00  3.012448e-02 
 5.939822e+00  3.012448e-02 
 5.940144e+00  3.012448e-02 
 5.940465e+00  3.012449e-02 
 5.940787e+00  3.012449e-02 
 5.941108e+00  3.012449e-02 
 5.941430e+00  3.012450e-02 
 5.941752e+00  3.012450e-02 
 5.942073e+00  3.012451e-02 
 5.942395e+00  3.012451e-02 
 5.942716e+00  3.012452e-02 
 5.943038e+00  3.012452e-02 
 5.943359e+00  3.012452e-02 
 5.943681e+00  3.012453e-02 
 5.944002e+00  3.012453e-02 
 5.944324e+00  3.012454e-02 
 5.944646e+00  3.012454e-02 
 5.944967e+00  3.012455e-02 
 5.945289e+00  3.012455e-02 
 5.945610e+00  3.012456e-02 
 5.945932e+00  3.012456e-02 
 5.946253e+00  3.012457e-02 
 5.946575e+00  3.012457e-02 
 5.946896e+00  3.012458e-02 
 5.947218e+00  3.012458e-02 
 5.947540e+00  3.012459e-02 
 5.947861e+00  3.012459e-02 
 5.948183e+00  3.012460e-02 
 5.948504e+00  3.012460e-02 
 5.948826e+00  3.012461e-02 
 5.949147e+00  3.012462e-02 
 5.949469e+00  3.012462e-02 
 5.949790e+00  3.012463e-02 
 5.950112e+00  3.012463e-02 
 5.950434e+00  3.012464e-02 
 5.950755e+00  3.012465e-02 
 5.951077e+00  3.012465e-02 
 5.951398e+00  3.012466e-02 
 5.951720e+00  3.012466e-02 
 5.952041e+00  3.012467e-02 
 5.952363e+00  3.012468e-02 
 5.952684e+00  3.012468e-02 
 5.953006e+00  3.012469e-02 
 5.953328e+00  3.012470e-02 
 5.953649e+00  3.012470e-02 
 5.953971e+00  3.012471e-02 
 5.954292e+00  3.012472e-02 
 5.954614e+00  3.012472e-02 
 5.954935e+00  3.012473e-02 
 5.955257e+00  3.012474e-02 
 5.955578e+00  3.012474e-02 
 5.955900e+00  3.012475e-02 
 5.956222e+00  3.012476e-02 
 5.956543e+00  3.012476e-02 
 5.956865e+00  3.012477e-02 
 5.957186e+00  3.012478e-02 
 5.957508e+00  3.012478e-02 
 5.957829e+00  3.012479e-02 
 5.958151e+00  3.012480e-02 
 5.958472e+00  3.012481e-02 
 5.958794e+00  3.012481e-02 
 5.959116e+00  3.012482e-02 
 5.959437e+00  3.012483e-02 
 5.959759e+00  3.012484e-02 
 5.960080e+00  3.012484e-02 
 5.960402e+00  3.012485e-02 
 5.960723e+00  3.012486e-02 
 5.961045e+00  3.012487e-02 
 5.961366e+00  3.012488e-02 
 5.961688e+00  3.012488e-02 
 5.962010e+00  3.012489e-02 
 5.962331e+00  3.012490e-02 
 5.962653e+00  3.012491e-02 
 5.962974e+00  3.012492e-02 
 5.963296e+00  3.012492e-02 
 5.963617e+00  3.012493e-02 
 5.963939e+00  3.012494e-02 
 5.964260e+00  3.012495e-02 
 5.964582e+00  3.012496e-02 
 5.964904e+00  3.012497e-02 
 5.965225e+00  3.012497e-02 
 5.965547e+00  3.012498e-02 
 5.965868e+00  3.012499e-02 
 5.966190e+00  3.012500e-02 
 5.966511e+00  3.012501e-02 
 5.966833e+00  3.012502e-02 
 5.967154e+00  3.012503e-02 
 5.967476e+00  3.012503e-02 
 5.967798e+00  3.012504e-02 
 5.968119e+00  3.012505e-02 
 5.968441e+00  3.012506e-02 
 5.968762e+00  3.012507e-02 
 5.969084e+00  3.012508e-02 
 5.969405e+00  3.012509e-02 
 5.969727e+00  3.012510e-02 
 5.970048e+00  3.012511e-02 
 5.970370e+00  3.012512e-02 
 5.970692e+00  3.012513e-02 
 5.971013e+00  3.012514e-02 
 5.971335e+00  3.012515e-02 
 5.971656e+00  3.012516e-02 
 5.971978e+00  3.012516e-02 
 5.972299e+00  3.012517e-02 
 5.972621e+00  3.012518e-02 
 5.972942e+00  3.012519e-02 
 5.973264e+00  3.012520e-02 
 5.973586e+00  3.012521e-02 
 5.973907e+00  3.012522e-02 
 5.974229e+00  3.012523e-02 
 5.974550e+00  3.012524e-02 
 5.974872e+00  3.012525e-02 
 5.975193e+00  3.012526e-02 
 5.975515e+00  3.012528e-02 
 5.975836e+00  3.012529e-02 
 5.976158e+00  3.012530e-02 
 5.976480e+00  3.012531e-02 
 5.976801e+00  3.012532e-02 
 5.977123e+00  3.012533e-02 
 5.977444e+00  3.012534e-02 
 5.977766e+00  3.012535e-02 
 5.978087e+00  3.012536e-02 
 5.978409e+00  3.012537e-02 
 5.978730e+00  3.012538e-02 
 5.979052e+00  3.012539e-02 
 5.979374e+00  3.012540e-02 
 5.979695e+00  3.012542e-02 
 5.980017e+00  3.012543e-02 
 5.980338e+00  3.012544e-02 
 5.980660e+00  3.012545e-02 
 5.980981e+00  3.012546e-02 
 5.981303e+00  3.012547e-02 
 5.981624e+00  3.012548e-02 
 5.981946e+00  3.012550e-02 
 5.982268e+00  3.012551e-02 
 5.982589e+00  3.012552e-02 
 5.982911e+00  3.012553e-02 
 5.983232e+00  3.012554e-02 
 5.983554e+00  3.012556e-02 
 5.983875e+00  3.012557e-02 
 5.984197e+00  3.012558e-02 
 5.984519e+00  3.012559e-02 
 5.984840e+00  3.012560e-02 
 5.985162e+00  3.012562e-02 
 5.985483e+00  3.012563e-02 
 5.985805e+00  3.012564e-02 
 5.986126e+00  3.012565e-02 
 5.986448e+00  3.012567e-02 
 5.986769e+00  3.012568e-02 
 5.987091e+00  3.012569e-02 
 5.987413e+00  3.012570e-02 
 5.987734e+00  3.012572e-02 
 5.988056e+00  3.012573e-02 
 5.988377e+00  3.012574e-02 
 5.988699e+00  3.012576e-02 
 5.989020e+00  3.012577e-02 
 5.989342e+00  3.012578e-02 
 5.989663e+00  3.012580e-02 
 5.989985e+00  3.012581e-02 
 5.990307e+00  3.012582e-02 
 5.990628e+00  3.012583e-02 
 5.990950e+00  3.012585e-02 
 5.991271e+00  3.012586e-02 
 5.991593e+00  3.012588e-02 
 5.991914e+00  3.012589e-02 
 5.992236e+00  3.012590e-02 
 5.992557e+00  3.012592e-02 
 5.992879e+00  3.012593e-02 
 5.993201e+00  3.012594e-02 
 5.993522e+00  3.012596e-02 
 5.993844e+00  3.012597e-02 
 5.994165e+00  3.012599e-02 
 5.994487e+00  3.012600e-02 
 5.994808e+00  3.012601e-02 
 5.995130e+00  3.012603e-02 
 5.995451e+00  3.012604e-02 
 5.995773e+00  3.012606e-02 
 5.996095e+00  3.012607e-02 
 5.996416e+00  3.012608e-02 
 5.996738e+00  3.012610e-02 
 5.997059e+00  3.012611e-02 
 5.997381e+00  3.012613e-02 
 5.997702e+00  3.012614e-02 
 5.998024e+00  3.012616e-02 
 5.998345e+00  3.012617e-02 
 5.998667e+00  3.012619e-02 
 5.998989e+00  3.012620e-02 
 5.999310e+00  3.012621e-02 
 5.999632e+00  3.012623e-02 
 5.999953e+00  3.012624e-02 
 6.000275e+00  3.012626e-02 
 6.000596e+00  3.012627e-02 
 6.000918e+00  3.012629e-02 
 6.001239e+00  3.012630e-02 
 6.001561e+00  3.012632e-02 
 6.001883e+00  3.012633e-02 
 6.002204e+00  3.012635e-02 
 6.002526e+00  3.012636e-02 
 6.002847e+00  3.012638e-02 
 6.003169e+00  3.012639e-02 
 6.003490e+00  3.012641e-02 
 6.003812e+00  3.012642e-02 
 6.004133e+00  3.012644e-02 
 6.004455e+00  3.012645e-02 
 6.004777e+00  3.012647e-02 
 6.005098e+00  3.012649e-02 
 6.005420e+00  3.012650e-02 
 6.005741e+00  3.012652e-02 
 6.006063e+00  3.012653e-02 
 6.006384e+00  3.012655e-02 
 6.006706e+00  3.012656e-02 
 6.007027e+00  3.012658e-02 
 6.007349e+00  3.012659e-02 
 6.007671e+00  3.012661e-02 
 6.007992e+00  3.012662e-02 
 6.008314e+00  3.012664e-02 
 6.008635e+00  3.012665e-02 
 6.008957e+00  3.012667e-02 
 6.009278e+00  3.012669e-02 
 6.009600e+00  3.012670e-02 
 6.009921e+00  3.012672e-02 
 6.010243e+00  3.012673e-02 
 6.010565e+00  3.012675e-02 
 6.010886e+00  3.012676e-02 
 6.011208e+00  3.012678e-02 
 6.011529e+00  3.012680e-02 
 6.011851e+00  3.012681e-02 
 6.012172e+00  3.012683e-02 
 6.012494e+00  3.012684e-02 
 6.012815e+00  3.012686e-02 
 6.013137e+00  3.012687e-02 
 6.013459e+00  3.012689e-02 
 6.013780e+00  3.012691e-02 
 6.014102e+00  3.012692e-02 
 6.014423e+00  3.012694e-02 
 6.014745e+00  3.012695e-02 
 6.015066e+00  3.012697e-02 
 6.015388e+00  3.012698e-02 
 6.015709e+00  3.012700e-02 
 6.016031e+00  3.012702e-02 
 6.016353e+00  3.012703e-02 
 6.016674e+00  3.012705e-02 
 6.016996e+00  3.012706e-02 
 6.017317e+00  3.012708e-02 
 6.017639e+00  3.012709e-02 
 6.017960e+00  3.012711e-02 
 6.018282e+00  3.012713e-02 
 6.018603e+00  3.012714e-02 
 6.018925e+00  3.012716e-02 
 6.019247e+00  3.012717e-02 
 6.019568e+00  3.012719e-02 
 6.019890e+00  3.012721e-02 
 6.020211e+00  3.012722e-02 
 6.020533e+00  3.012724e-02 
 6.020854e+00  3.012725e-02 
 6.021176e+00  3.012727e-02 
 6.021497e+00  3.012728e-02 
 6.021819e+00  3.012730e-02 
 6.022141e+00  3.012732e-02 
 6.022462e+00  3.012733e-02 
 6.022784e+00  3.012735e-02 
 6.023105e+00  3.012736e-02 
 6.023427e+00  3.012738e-02 
 6.023748e+00  3.012739e-02 
 6.024070e+00  3.012741e-02 
 6.024391e+00  3.012743e-02 
 6.024713e+00  3.012744e-02 
 6.025035e+00  3.012746e-02 
 6.025356e+00  3.012747e-02 
 6.025678e+00  3.012749e-02 
 6.025999e+00  3.012750e-02 
 6.026321e+00  3.012752e-02 
 6.026642e+00  3.012753e-02 
 6.026964e+00  3.012755e-02 
 6.027285e+00  3.012757e-02 
 6.027607e+00  3.012758e-02 
 6.027929e+00  3.012760e-02 
 6.028250e+00  3.012761e-02 
 6.028572e+00  3.012763e-02 
 6.028893e+00  3.012764e-02 
 6.029215e+00  3.012766e-02 
 6.029536e+00  3.012768e-02 
 6.029858e+00  3.012769e-02 
 6.030179e+00  3.012771e-02 
 6.030501e+00  3.012772e-02 
 6.030823e+00  3.012774e-02 
 6.031144e+00  3.012775e-02 
 6.031466e+00  3.012777e-02 
 6.031787e+00  3.012778e-02 
 6.032109e+00  3.012780e-02 
 6.032430e+00  3.012782e-02 
 6.032752e+00  3.012783e-02 
 6.033073e+00  3.012785e-02 
 6.033395e+00  3.012786e-02 
 6.033717e+00  3.012788e-02 
 6.034038e+00  3.012789e-02 
 6.034360e+00  3.012791e-02 
 6.034681e+00  3.012792e-02 
 6.035003e+00  3.012794e-02 
 6.035324e+00  3.012796e-02 
 6.035646e+00  3.012797e-02 
 6.035968e+00  3.012799e-02 
 6.036289e+00  3.012800e-02 
 6.036611e+00  3.012802e-02 
 6.036932e+00  3.012803e-02 
 6.037254e+00  3.012805e-02 
 6.037575e+00  3.012807e-02 
 6.037897e+00  3.012808e-02 
 6.038218e+00  3.012810e-02 
 6.038540e+00  3.012811e-02 
 6.038862e+00  3.012813e-02 
 6.039183e+00  3.012815e-02 
 6.039505e+00  3.012816e-02 
 6.039826e+00  3.012818e-02 
 6.040148e+00  3.012819e-02 
 6.040469e+00  3.012821e-02 
 6.040791e+00  3.012822e-02 
 6.041112e+00  3.012824e-02 
 6.041434e+00  3.012826e-02 
 6.041756e+00  3.012827e-02 
 6.042077e+00  3.012829e-02 
 6.042399e+00  3.012830e-02 
 6.042720e+00  3.012832e-02 
 6.043042e+00  3.012834e-02 
 6.043363e+00  3.012835e-02 
 6.043685e+00  3.012837e-02 
 6.044006e+00  3.012838e-02 
 6.044328e+00  3.012840e-02 
 6.044650e+00  3.012841e-02 
 6.044971e+00  3.012843e-02 
 6.045293e+00  3.012845e-02 
 6.045614e+00  3.012846e-02 
 6.045936e+00  3.012848e-02 
 6.046257e+00  3.012849e-02 
 6.046579e+00  3.012851e-02 
 6.046900e+00  3.012853e-02 
 6.047222e+00  3.012854e-02 
 6.047544e+00  3.012856e-02 
 6.047865e+00  3.012857e-02 
 6.048187e+00  3.012859e-02 
 6.048508e+00  3.012861e-02 
 6.048830e+00  3.012862e-02 
 6.049151e+00  3.012864e-02 
 6.049473e+00  3.012865e-02 
 6.049794e+00  3.012867e-02 
 6.050116e+00  3.012869e-02 
 6.050438e+00  3.012870e-02 
 6.050759e+00  3.012872e-02 
 6.051081e+00  3.012873e-02 
 6.051402e+00  3.012875e-02 
 6.051724e+00  3.012876e-02 
 6.052045e+00  3.012878e-02 
 6.052367e+00  3.012880e-02 
 6.052688e+00  3.012881e-02 
 6.053010e+00  3.012883e-02 
 6.053332e+00  3.012884e-02 
 6.053653e+00  3.012886e-02 
 6.053975e+00  3.012887e-02 
 6.054296e+00  3.012889e-02 
 6.054618e+00  3.012890e-02 
 6.054939e+00  3.012892e-02 
 6.055261e+00  3.012894e-02 
 6.055582e+00  3.012895e-02 
 6.055904e+00  3.012897e-02 
 6.056226e+00  3.012898e-02 
 6.056547e+00  3.012900e-02 
 6.056869e+00  3.012901e-02 
 6.057190e+00  3.012903e-02 
 6.057512e+00  3.012904e-02 
 6.057833e+00  3.012906e-02 
 6.058155e+00  3.012907e-02 
 6.058476e+00  3.012909e-02 
 6.058798e+00  3.012910e-02 
 6.059120e+00  3.012912e-02 
 6.059441e+00  3.012913e-02 
 6.059763e+00  3.012915e-02 
 6.060084e+00  3.012916e-02 
 6.060406e+00  3.012918e-02 
 6.060727e+00  3.012919e-02 
 6.061049e+00  3.012921e-02 
 6.061370e+00  3.012922e-02 
 6.061692e+00  3.012924e-02 
 6.062014e+00  3.012925e-02 
 6.062335e+00  3.012927e-02 
 6.062657e+00  3.012928e-02 
 6.062978e+00  3.012929e-02 
 6.063300e+00  3.012931e-02 
 6.063621e+00  3.012932e-02 
 6.063943e+00  3.012934e-02 
 6.064264e+00  3.012935e-02 
 6.064586e+00  3.012937e-02 
 6.064908e+00  3.012938e-02 
 6.065229e+00  3.012939e-02 
 6.065551e+00  3.012941e-02 
 6.065872e+00  3.012942e-02 
 6.066194e+00  3.012944e-02 
 6.066515e+00  3.012945e-02 
 6.066837e+00  3.012946e-02 
 6.067158e+00  3.012948e-02 
 6.067480e+00  3.012949e-02 
 6.067802e+00  3.012950e-02 
 6.068123e+00  3.012952e-02 
 6.068445e+00  3.012953e-02 
 6.068766e+00  3.012954e-02 
 6.069088e+00  3.012956e-02 
 6.069409e+00  3.012957e-02 
 6.069731e+00  3.012958e-02 
 6.070052e+00  3.012960e-02 
 6.070374e+00  3.012961e-02 
 6.070696e+00  3.012962e-02 
 6.071017e+00  3.012964e-02 
 6.071339e+00  3.012965e-02 
 6.071660e+00  3.012966e-02 
 6.071982e+00  3.012968e-02 
 6.072303e+00  3.012969e-02 
 6.072625e+00  3.012970e-02 
 6.072946e+00  3.012972e-02 
 6.073268e+00  3.012973e-02 
 6.073590e+00  3.012974e-02 
 6.073911e+00  3.012975e-02 
 6.074233e+00  3.012977e-02 
 6.074554e+00  3.012978e-02 
 6.074876e+00  3.012979e-02 
 6.075197e+00  3.012980e-02 
 6.075519e+00  3.012982e-02 
 6.075840e+00  3.012983e-02 
 6.076162e+00  3.012984e-02 
 6.076484e+00  3.012985e-02 
 6.076805e+00  3.012986e-02 
 6.077127e+00  3.012988e-02 
 6.077448e+00  3.012989e-02 
 6.077770e+00  3.012990e-02 
 6.078091e+00  3.012991e-02 
 6.078413e+00  3.012992e-02 
 6.078734e+00  3.012994e-02 
 6.079056e+00  3.012995e-02 
 6.079378e+00  3.012996e-02 
 6.079699e+00  3.012997e-02 
 6.080021e+00  3.012998e-02 
 6.080342e+00  3.012999e-02 
 6.080664e+00  3.013000e-02 
 6.080985e+00  3.013002e-02 
 6.081307e+00  3.013003e-02 
 6.081628e+00  3.013004e-02 
 6.081950e+00  3.013005e-02 
 6.082272e+00  3.013006e-02 
 6.082593e+00  3.013007e-02 
 6.082915e+00  3.013008e-02 
 6.083236e+00  3.013009e-02 
 6.083558e+00  3.013010e-02 
 6.083879e+00  3.013011e-02 
 6.084201e+00  3.013012e-02 
 6.084522e+00  3.013014e-02 
 6.084844e+00  3.013015e-02 
 6.085166e+00  3.013016e-02 
 6.085487e+00  3.013017e-02 
 6.085809e+00  3.013018e-02 
 6.086130e+00  3.013019e-02 
 6.086452e+00  3.013020e-02 
 6.086773e+00  3.013021e-02 
 6.087095e+00  3.013022e-02 
 6.087417e+00  3.013023e-02 
 6.087738e+00  3.013024e-02 
 6.088060e+00  3.013025e-02 
 6.088381e+00  3.013026e-02 
 6.088703e+00  3.013027e-02 
 6.089024e+00  3.013028e-02 
 6.089346e+00  3.013028e-02 
 6.089667e+00  3.013029e-02 
 6.089989e+00  3.013030e-02 
 6.090311e+00  3.013031e-02 
 6.090632e+00  3.013032e-02 
 6.090954e+00  3.013033e-02 
 6.091275e+00  3.013034e-02 
 6.091597e+00  3.013035e-02 
 6.091918e+00  3.013036e-02 
 6.092240e+00  3.013037e-02 
 6.092561e+00  3.013038e-02 
 6.092883e+00  3.013038e-02 
 6.093205e+00  3.013039e-02 
 6.093526e+00  3.013040e-02 
 6.093848e+00  3.013041e-02 
 6.094169e+00  3.013042e-02 
 6.094491e+00  3.013043e-02 
 6.094812e+00  3.013043e-02 
 6.095134e+00  3.013044e-02 
 6.095455e+00  3.013045e-02 
 6.095777e+00  3.013046e-02 
 6.096099e+00  3.013047e-02 
 6.096420e+00  3.013047e-02 
 6.096742e+00  3.013048e-02 
 6.097063e+00  3.013049e-02 
 6.097385e+00  3.013050e-02 
 6.097706e+00  3.013050e-02 
 6.098028e+00  3.013051e-02 
 6.098349e+00  3.013052e-02 
 6.098671e+00  3.013053e-02 
 6.098993e+00  3.013053e-02 
 6.099314e+00  3.013054e-02 
 6.099636e+00  3.013055e-02 
 6.099957e+00  3.013055e-02 
 6.100279e+00  3.013056e-02 
 6.100600e+00  3.013057e-02 
 6.100922e+00  3.013058e-02 
 6.101243e+00  3.013058e-02 
 6.101565e+00  3.013059e-02 
 6.101887e+00  3.013060e-02 
 6.102208e+00  3.013060e-02 
 6.102530e+00  3.013061e-02 
 6.102851e+00  3.013061e-02 
 6.103173e+00  3.013062e-02 
 6.103494e+00  3.013063e-02 
 6.103816e+00  3.013063e-02 
 6.104137e+00  3.013064e-02 
 6.104459e+00  3.013065e-02 
 6.104781e+00  3.013065e-02 
 6.105102e+00  3.013066e-02 
 6.105424e+00  3.013066e-02 
 6.105745e+00  3.013067e-02 
 6.106067e+00  3.013067e-02 
 6.106388e+00  3.013068e-02 
 6.106710e+00  3.013069e-02 
 6.107031e+00  3.013069e-02 
 6.107353e+00  3.013070e-02 
 6.107675e+00  3.013070e-02 
 6.107996e+00  3.013071e-02 
 6.108318e+00  3.013071e-02 
 6.108639e+00  3.013072e-02 
 6.108961e+00  3.013072e-02 
 6.109282e+00  3.013073e-02 
 6.109604e+00  3.013073e-02 
 6.109925e+00  3.013074e-02 
 6.110247e+00  3.013074e-02 
 6.110569e+00  3.013075e-02 
 6.110890e+00  3.013075e-02 
 6.111212e+00  3.013076e-02 
 6.111533e+00  3.013076e-02 
 6.111855e+00  3.013077e-02 
 6.112176e+00  3.013077e-02 
 6.112498e+00  3.013077e-02 
 6.112819e+00  3.013078e-02 
 6.113141e+00  3.013078e-02 
 6.113463e+00  3.013079e-02 
 6.113784e+00  3.013079e-02 
 6.114106e+00  3.013080e-02 
 6.114427e+00  3.013080e-02 
 6.114749e+00  3.013080e-02 
 6.115070e+00  3.013081e-02 
 6.115392e+00  3.013081e-02 
 6.115713e+00  3.013082e-02 
 6.116035e+00  3.013082e-02 
 6.116357e+00  3.013082e-02 
 6.116678e+00  3.013083e-02 
 6.117000e+00  3.013083e-02 
 6.117321e+00  3.013083e-02 
 6.117643e+00  3.013084e-02 
 6.117964e+00  3.013084e-02 
 6.118286e+00  3.013084e-02 
 6.118607e+00  3.013085e-02 
 6.118929e+00  3.013085e-02 
 6.119251e+00  3.013085e-02 
 6.119572e+00  3.013086e-02 
 6.119894e+00  3.013086e-02 
 6.120215e+00  3.013086e-02 
 6.120537e+00  3.013087e-02 
 6.120858e+00  3.013087e-02 
 6.121180e+00  3.013087e-02 
 6.121501e+00  3.013088e-02 
 6.121823e+00  3.013088e-02 
 6.122145e+00  3.013088e-02 
 6.122466e+00  3.013088e-02 
 6.122788e+00  3.013089e-02 
 6.123109e+00  3.013089e-02 
 6.123431e+00  3.013089e-02 
 6.123752e+00  3.013089e-02 
 6.124074e+00  3.013090e-02 
 6.124395e+00  3.013090e-02 
 6.124717e+00  3.013090e-02 
 6.125039e+00  3.013090e-02 
 6.125360e+00  3.013091e-02 
 6.125682e+00  3.013091e-02 
 6.126003e+00  3.013091e-02 
 6.126325e+00  3.013091e-02 
 6.126646e+00  3.013091e-02 
 6.126968e+00  3.013092e-02 
 6.127289e+00  3.013092e-02 
 6.127611e+00  3.013092e-02 
 6.127933e+00  3.013092e-02 
 6.128254e+00  3.013092e-02 
 6.128576e+00  3.013093e-02 
 6.128897e+00  3.013093e-02 
 6.129219e+00  3.013093e-02 
 6.129540e+00  3.013093e-02 
 6.129862e+00  3.013093e-02 
 6.130183e+00  3.013093e-02 
 6.130505e+00  3.013093e-02 
 6.130827e+00  3.013094e-02 
 6.131148e+00  3.013094e-02 
 6.131470e+00  3.013094e-02 
 6.131791e+00  3.013094e-02 
 6.132113e+00  3.013094e-02 
 6.132434e+00  3.013094e-02 
 6.132756e+00  3.013094e-02 
 6.133077e+00  3.013094e-02 
 6.133399e+00  3.013094e-02 
 6.133721e+00  3.013094e-02 
 6.134042e+00  3.013094e-02 
 6.134364e+00  3.013094e-02 
 6.134685e+00  3.013094e-02 
 6.135007e+00  3.013094e-02 
 6.135328e+00  3.013094e-02 
 6.135650e+00  3.013094e-02 
 6.135972e+00  3.013094e-02 
 6.136293e+00  3.013094e-02 
 6.136615e+00  3.013094e-02 
 6.136936e+00  3.013094e-02 
 6.137258e+00  3.013094e-02 
 6.137579e+00  3.013094e-02 
 6.137901e+00  3.013094e-02 
 6.138222e+00  3.013094e-02 
 6.138544e+00  3.013094e-02 
 6.138866e+00  3.013094e-02 
 6.139187e+00  3.013094e-02 
 6.139509e+00  3.013094e-02 
 6.139830e+00  3.013094e-02 
 6.140152e+00  3.013094e-02 
 6.140473e+00  3.013094e-02 
 6.140795e+00  3.013094e-02 
 6.141116e+00  3.013094e-02 
 6.141438e+00  3.013094e-02 
 6.141760e+00  3.013094e-02 
 6.142081e+00  3.013093e-02 
 6.142403e+00  3.013093e-02 
 6.142724e+00  3.013093e-02 
 6.143046e+00  3.013093e-02 
 6.143367e+00  3.013093e-02 
 6.143689e+00  3.013093e-02 
 6.144010e+00  3.013093e-02 
 6.144332e+00  3.013092e-02 
 6.144654e+00  3.013092e-02 
 6.144975e+00  3.013092e-02 
 6.145297e+00  3.013092e-02 
 6.145618e+00  3.013092e-02 
 6.145940e+00  3.013092e-02 
 6.146261e+00  3.013091e-02 
 6.146583e+00  3.013091e-02 
 6.146904e+00  3.013091e-02 
 6.147226e+00  3.013091e-02 
 6.147548e+00  3.013091e-02 
 6.147869e+00  3.013090e-02 
 6.148191e+00  3.013090e-02 
 6.148512e+00  3.013090e-02 
 6.148834e+00  3.013090e-02 
 6.149155e+00  3.013089e-02 
 6.149477e+00  3.013089e-02 
 6.149798e+00  3.013089e-02 
 6.150120e+00  3.013089e-02 
 6.150442e+00  3.013088e-02 
 6.150763e+00  3.013088e-02 
 6.151085e+00  3.013088e-02 
 6.151406e+00  3.013088e-02 
 6.151728e+00  3.013087e-02 
 6.152049e+00  3.013087e-02 
 6.152371e+00  3.013087e-02 
 6.152692e+00  3.013087e-02 
 6.153014e+00  3.013086e-02 
 6.153336e+00  3.013086e-02 
 6.153657e+00  3.013086e-02 
 6.153979e+00  3.013085e-02 
 6.154300e+00  3.013085e-02 
 6.154622e+00  3.013085e-02 
 6.154943e+00  3.013084e-02 
 6.155265e+00  3.013084e-02 
 6.155586e+00  3.013084e-02 
 6.155908e+00  3.013083e-02 
 6.156230e+00  3.013083e-02 
 6.156551e+00  3.013083e-02 
 6.156873e+00  3.013082e-02 
 6.157194e+00  3.013082e-02 
 6.157516e+00  3.013082e-02 
 6.157837e+00  3.013081e-02 
 6.158159e+00  3.013081e-02 
 6.158480e+00  3.013081e-02 
 6.158802e+00  3.013080e-02 
 6.159124e+00  3.013080e-02 
 6.159445e+00  3.013079e-02 
 6.159767e+00  3.013079e-02 
 6.160088e+00  3.013079e-02 
 6.160410e+00  3.013078e-02 
 6.160731e+00  3.013078e-02 
 6.161053e+00  3.013077e-02 
 6.161374e+00  3.013077e-02 
 6.161696e+00  3.013077e-02 
 6.162018e+00  3.013076e-02 
 6.162339e+00  3.013076e-02 
 6.162661e+00  3.013075e-02 
 6.162982e+00  3.013075e-02 
 6.163304e+00  3.013075e-02 
 6.163625e+00  3.013074e-02 
 6.163947e+00  3.013074e-02 
 6.164268e+00  3.013073e-02 
 6.164590e+00  3.013073e-02 
 6.164912e+00  3.013072e-02 
 6.165233e+00  3.013072e-02 
 6.165555e+00  3.013072e-02 
 6.165876e+00  3.013071e-02 
 6.166198e+00  3.013071e-02 
 6.166519e+00  3.013070e-02 
 6.166841e+00  3.013070e-02 
 6.167162e+00  3.013069e-02 
 6.167484e+00  3.013069e-02 
 6.167806e+00  3.013068e-02 
 6.168127e+00  3.013068e-02 
 6.168449e+00  3.013067e-02 
 6.168770e+00  3.013067e-02 
 6.169092e+00  3.013066e-02 
 6.169413e+00  3.013066e-02 
 6.169735e+00  3.013065e-02 
 6.170056e+00  3.013065e-02 
 6.170378e+00  3.013064e-02 
 6.170700e+00  3.013064e-02 
 6.171021e+00  3.013063e-02 
 6.171343e+00  3.013063e-02 
 6.171664e+00  3.013062e-02 
 6.171986e+00  3.013062e-02 
 6.172307e+00  3.013061e-02 
 6.172629e+00  3.013061e-02 
 6.172950e+00  3.013060e-02 
 6.173272e+00  3.013060e-02 
 6.173594e+00  3.013059e-02 
 6.173915e+00  3.013059e-02 
 6.174237e+00  3.013058e-02 
 6.174558e+00  3.013058e-02 
 6.174880e+00  3.013057e-02 
 6.175201e+00  3.013057e-02 
 6.175523e+00  3.013056e-02 
 6.175844e+00  3.013055e-02 
 6.176166e+00  3.013055e-02 
 6.176488e+00  3.013054e-02 
 6.176809e+00  3.013054e-02 
 6.177131e+00  3.013053e-02 
 6.177452e+00  3.013053e-02 
 6.177774e+00  3.013052e-02 
 6.178095e+00  3.013051e-02 
 6.178417e+00  3.013051e-02 
 6.178738e+00  3.013050e-02 
 6.179060e+00  3.013050e-02 
 6.179382e+00  3.013049e-02 
 6.179703e+00  3.013048e-02 
 6.180025e+00  3.013048e-02 
 6.180346e+00  3.013047e-02 
 6.180668e+00  3.013047e-02 
 6.180989e+00  3.013046e-02 
 6.181311e+00  3.013045e-02 
 6.181632e+00  3.013045e-02 
 6.181954e+00  3.013044e-02 
 6.182276e+00  3.013044e-02 
 6.182597e+00  3.013043e-02 
 6.182919e+00  3.013042e-02 
 6.183240e+00  3.013042e-02 
 6.183562e+00  3.013041e-02 
 6.183883e+00  3.013040e-02 
 6.184205e+00  3.013040e-02 
 6.184526e+00  3.013039e-02 
 6.184848e+00  3.013038e-02 
 6.185170e+00  3.013038e-02 
 6.185491e+00  3.013037e-02 
 6.185813e+00  3.013036e-02 
 6.186134e+00  3.013036e-02 
 6.186456e+00  3.013035e-02 
 6.186777e+00  3.013034e-02 
 6.187099e+00  3.013034e-02 
 6.187421e+00  3.013033e-02 
 6.187742e+00  3.013032e-02 
 6.188064e+00  3.013032e-02 
 6.188385e+00  3.013031e-02 
 6.188707e+00  3.013030e-02 
 6.189028e+00  3.013030e-02 
 6.189350e+00  3.013029e-02 
 6.189671e+00  3.013028e-02 
 6.189993e+00  3.013027e-02 
 6.190315e+00  3.013027e-02 
 6.190636e+00  3.013026e-02 
 6.190958e+00  3.013025e-02 
 6.191279e+00  3.013025e-02 
 6.191601e+00  3.013024e-02 
 6.191922e+00  3.013023e-02 
 6.192244e+00  3.013022e-02 
 6.192565e+00  3.013022e-02 
 6.192887e+00  3.013021e-02 
 6.193209e+00  3.013020e-02 
 6.193530e+00  3.013020e-02 
 6.193852e+00  3.013019e-02 
 6.194173e+00  3.013018e-02 
 6.194495e+00  3.013017e-02 
 6.194816e+00  3.013017e-02 
 6.195138e+00  3.013016e-02 
 6.195459e+00  3.013015e-02 
 6.195781e+00  3.013014e-02 
 6.196103e+00  3.013014e-02 
 6.196424e+00  3.013013e-02 
 6.196746e+00  3.013012e-02 
 6.197067e+00  3.013011e-02 
 6.197389e+00  3.013011e-02 
 6.197710e+00  3.013010e-02 
 6.198032e+00  3.013009e-02 
 6.198353e+00  3.013009e-02 
 6.198675e+00  3.013008e-02 
 6.198997e+00  3.013007e-02 
 6.199318e+00  3.013006e-02 
 6.199640e+00  3.013006e-02 
 6.199961e+00  3.013005e-02 
 6.200283e+00  3.013004e-02 
 6.200604e+00  3.013003e-02 
 6.200926e+00  3.013003e-02 
 6.201247e+00  3.013002e-02 
 6.201569e+00  3.013001e-02 
 6.201891e+00  3.013000e-02 
 6.202212e+00  3.013000e-02 
 6.202534e+00  3.012999e-02 
 6.202855e+00  3.012998e-02 
 6.203177e+00  3.012997e-02 
 6.203498e+00  3.012997e-02 
 6.203820e+00  3.012996e-02 
 6.204141e+00  3.012995e-02 
 6.204463e+00  3.012994e-02 
 6.204785e+00  3.012994e-02 
 6.205106e+00  3.012993e-02 
 6.205428e+00  3.012992e-02 
 6.205749e+00  3.012991e-02 
 6.206071e+00  3.012991e-02 
 6.206392e+00  3.012990e-02 
 6.206714e+00  3.012989e-02 
 6.207035e+00  3.012988e-02 
 6.207357e+00  3.012988e-02 
 6.207679e+00  3.012987e-02 
 6.208000e+00  3.012986e-02 
 6.208322e+00  3.012985e-02 
 6.208643e+00  3.012985e-02 
 6.208965e+00  3.012984e-02 
 6.209286e+00  3.012983e-02 
 6.209608e+00  3.012982e-02 
 6.209929e+00  3.012982e-02 
 6.210251e+00  3.012981e-02 
 6.210573e+00  3.012980e-02 
 6.210894e+00  3.012980e-02 
 6.211216e+00  3.012979e-02 
 6.211537e+00  3.012978e-02 
 6.211859e+00  3.012977e-02 
 6.212180e+00  3.012977e-02 
 6.212502e+00  3.012976e-02 
 6.212823e+00  3.012975e-02 
 6.213145e+00  3.012975e-02 
 6.213467e+00  3.012974e-02 
 6.213788e+00  3.012973e-02 
 6.214110e+00  3.012973e-02 
 6.214431e+00  3.012972e-02 
 6.214753e+00  3.012971e-02 
 6.215074e+00  3.012971e-02 
 6.215396e+00  3.012970e-02 
 6.215717e+00  3.012969e-02 
 6.216039e+00  3.012969e-02 
 6.216361e+00  3.012968e-02 
 6.216682e+00  3.012967e-02 
 6.217004e+00  3.012967e-02 
 6.217325e+00  3.012966e-02 
 6.217647e+00  3.012965e-02 
 6.217968e+00  3.012965e-02 
 6.218290e+00  3.012964e-02 
 6.218611e+00  3.012963e-02 
 6.218933e+00  3.012963e-02 
 6.219255e+00  3.012962e-02 
 6.219576e+00  3.012962e-02 
 6.219898e+00  3.012961e-02 
 6.220219e+00  3.012960e-02 
 6.220541e+00  3.012960e-02 
 6.220862e+00  3.012959e-02 
 6.221184e+00  3.012959e-02 
 6.221505e+00  3.012958e-02 
 6.221827e+00  3.012957e-02 
 6.222149e+00  3.012957e-02 
 6.222470e+00  3.012956e-02 
 6.222792e+00  3.012956e-02 
 6.223113e+00  3.012955e-02 
 6.223435e+00  3.012955e-02 
 6.223756e+00  3.012954e-02 
 6.224078e+00  3.012953e-02 
 6.224399e+00  3.012953e-02 
 6.224721e+00  3.012952e-02 
 6.225043e+00  3.012952e-02 
 6.225364e+00  3.012951e-02 
 6.225686e+00  3.012951e-02 
 6.226007e+00  3.012950e-02 
 6.226329e+00  3.012950e-02 
 6.226650e+00  3.012949e-02 
 6.226972e+00  3.012949e-02 
 6.227293e+00  3.012948e-02 
 6.227615e+00  3.012948e-02 
 6.227937e+00  3.012947e-02 
 6.228258e+00  3.012947e-02 
 6.228580e+00  3.012946e-02 
 6.228901e+00  3.012946e-02 
 6.229223e+00  3.012945e-02 
 6.229544e+00  3.012945e-02 
 6.229866e+00  3.012944e-02 
 6.230187e+00  3.012944e-02 
 6.230509e+00  3.012943e-02 
 6.230831e+00  3.012943e-02 
 6.231152e+00  3.012942e-02 
 6.231474e+00  3.012942e-02 
 6.231795e+00  3.012942e-02 
 6.232117e+00  3.012941e-02 
 6.232438e+00  3.012941e-02 
 6.232760e+00  3.012940e-02 
 6.233081e+00  3.012940e-02 
 6.233403e+00  3.012939e-02 
 6.233725e+00  3.012939e-02 
 6.234046e+00  3.012939e-02 
 6.234368e+00  3.012938e-02 
 6.234689e+00  3.012938e-02 
 6.235011e+00  3.012937e-02 
 6.235332e+00  3.012937e-02 
 6.235654e+00  3.012936e-02 
 6.235976e+00  3.012936e-02 
 6.236297e+00  3.012936e-02 
 6.236619e+00  3.012935e-02 
 6.236940e+00  3.012935e-02 
 6.237262e+00  3.012934e-02 
 6.237583e+00  3.012934e-02 
 6.237905e+00  3.012934e-02 
 6.238226e+00  3.012933e-02 
 6.238548e+00  3.012933e-02 
 6.238870e+00  3.012933e-02 
 6.239191e+00  3.012932e-02 
 6.239513e+00  3.012932e-02 
 6.239834e+00  3.012931e-02 
 6.240156e+00  3.012931e-02 
 6.240477e+00  3.012931e-02 
 6.240799e+00  3.012930e-02 
 6.241120e+00  3.012930e-02 
 6.241442e+00  3.012930e-02 
 6.241764e+00  3.012929e-02 
 6.242085e+00  3.012929e-02 
 6.242407e+00  3.012929e-02 
 6.242728e+00  3.012928e-02 
 6.243050e+00  3.012928e-02 
 6.243371e+00  3.012927e-02 
 6.243693e+00  3.012927e-02 
 6.244014e+00  3.012927e-02 
 6.244336e+00  3.012926e-02 
 6.244658e+00  3.012926e-02 
 6.244979e+00  3.012926e-02 
 6.245301e+00  3.012925e-02 
 6.245622e+00  3.012925e-02 
 6.245944e+00  3.012925e-02 
 6.246265e+00  3.012924e-02 
 6.246587e+00  3.012924e-02 
 6.246908e+00  3.012924e-02 
 6.247230e+00  3.012923e-02 
 6.247552e+00  3.012923e-02 
 6.247873e+00  3.012923e-02 
 6.248195e+00  3.012922e-02 
 6.248516e+00  3.012922e-02 
 6.248838e+00  3.012922e-02 
 6.249159e+00  3.012921e-02 
 6.249481e+00  3.012921e-02 
 6.249802e+00  3.012921e-02 
 6.250124e+00  3.012920e-02 
 6.250446e+00  3.012920e-02 
 6.250767e+00  3.012920e-02 
 6.251089e+00  3.012920e-02 
 6.251410e+00  3.012919e-02 
 6.251732e+00  3.012919e-02 
 6.252053e+00  3.012919e-02 
 6.252375e+00  3.012918e-02 
 6.252696e+00  3.012918e-02 
 6.253018e+00  3.012918e-02 
 6.253340e+00  3.012917e-02 
 6.253661e+00  3.012917e-02 
 6.253983e+00  3.012917e-02 
 6.254304e+00  3.012916e-02 
 6.254626e+00  3.012916e-02 
 6.254947e+00  3.012916e-02 
 6.255269e+00  3.012916e-02 
 6.255590e+00  3.012915e-02 
 6.255912e+00  3.012915e-02 
 6.256234e+00  3.012915e-02 
 6.256555e+00  3.012914e-02 
 6.256877e+00  3.012914e-02 
 6.257198e+00  3.012914e-02 
 6.257520e+00  3.012914e-02 
 6.257841e+00  3.012913e-02 
 6.258163e+00  3.012913e-02 
 6.258484e+00  3.012913e-02 
 6.258806e+00  3.012913e-02 
 6.259128e+00  3.012912e-02 
 6.259449e+00  3.012912e-02 
 6.259771e+00  3.012912e-02 
 6.260092e+00  3.012912e-02 
 6.260414e+00  3.012911e-02 
 6.260735e+00  3.012911e-02 
 6.261057e+00  3.012911e-02 
 6.261378e+00  3.012911e-02 
 6.261700e+00  3.012910e-02 
 6.262022e+00  3.012910e-02 
 6.262343e+00  3.012910e-02 
 6.262665e+00  3.012910e-02 
 6.262986e+00  3.012909e-02 
 6.263308e+00  3.012909e-02 
 6.263629e+00  3.012909e-02 
 6.263951e+00  3.012909e-02 
 6.264272e+00  3.012908e-02 
 6.264594e+00  3.012908e-02 
 6.264916e+00  3.012908e-02 
 6.265237e+00  3.012908e-02 
 6.265559e+00  3.012908e-02 
 6.265880e+00  3.012907e-02 
 6.266202e+00  3.012907e-02 
 6.266523e+00  3.012907e-02 
 6.266845e+00  3.012907e-02 
 6.267166e+00  3.012907e-02 
 6.267488e+00  3.012906e-02 
 6.267810e+00  3.012906e-02 
 6.268131e+00  3.012906e-02 
 6.268453e+00  3.012906e-02 
 6.268774e+00  3.012906e-02 
 6.269096e+00  3.012906e-02 
 6.269417e+00  3.012905e-02 
 6.269739e+00  3.012905e-02 
 6.270060e+00  3.012905e-02 
 6.270382e+00  3.012905e-02 
 6.270704e+00  3.012905e-02 
 6.271025e+00  3.012905e-02 
 6.271347e+00  3.012905e-02 
 6.271668e+00  3.012904e-02 
 6.271990e+00  3.012904e-02 
 6.272311e+00  3.012904e-02 
 6.272633e+00  3.012904e-02 
 6.272954e+00  3.012904e-02 
 6.273276e+00  3.012904e-02 
 6.273598e+00  3.012904e-02 
 6.273919e+00  3.012903e-02 
 6.274241e+00  3.012903e-02 
 6.274562e+00  3.012903e-02 
 6.274884e+00  3.012903e-02 
 6.275205e+00  3.012903e-02 
 6.275527e+00  3.012903e-02 
 6.275848e+00  3.012903e-02 
 6.276170e+00  3.012903e-02 
 6.276492e+00  3.012903e-02 
 6.276813e+00  3.012902e-02 
 6.277135e+00  3.012902e-02 
 6.277456e+00  3.012902e-02 
 6.277778e+00  3.012902e-02 
 6.278099e+00  3.012902e-02 
 6.278421e+00  3.012902e-02 
 6.278742e+00  3.012902e-02 
 6.279064e+00  3.012902e-02 
 6.279386e+00  3.012902e-02 
 6.279707e+00  3.012902e-02 
 6.280029e+00  3.012902e-02 
 6.280350e+00  3.012902e-02 
 6.280672e+00  3.012902e-02 
 6.280993e+00  3.012901e-02 
 6.281315e+00  3.012901e-02 
 6.281636e+00  3.012901e-02 
 6.281958e+00  3.012901e-02 
 6.282280e+00  3.012901e-02 
 6.282601e+00  3.012901e-02 
 6.282923e+00  3.012901e-02 
 6.283244e+00  3.012901e-02 
 6.283566e+00  3.012901e-02 
 6.283887e+00  3.012901e-02 
 6.284209e+00  3.012901e-02 
 6.284530e+00  3.012901e-02 
 6.284852e+00  3.012901e-02 
 6.285174e+00  3.012901e-02 
 6.285495e+00  3.012901e-02 
 6.285817e+00  3.012901e-02 
 6.286138e+00  3.012901e-02 
 6.286460e+00  3.012901e-02 
 6.286781e+00  3.012901e-02 
 6.287103e+00  3.012901e-02 
 6.287425e+00  3.012901e-02 
 6.287746e+00  3.012901e-02 
 6.288068e+00  3.012901e-02 
 6.288389e+00  3.012901e-02 
 6.288711e+00  3.012901e-02 
 6.289032e+00  3.012901e-02 
 6.289354e+00  3.012901e-02 
 6.289675e+00  3.012901e-02 
 6.289997e+00  3.012901e-02 
 6.290319e+00  3.012901e-02 
 6.290640e+00  3.012901e-02 
 6.290962e+00  3.012901e-02 
 6.291283e+00  3.012901e-02 
 6.291605e+00  3.012902e-02 
 6.291926e+00  3.012902e-02 
 6.292248e+00  3.012902e-02 
 6.292569e+00  3.012902e-02 
 6.292891e+00  3.012902e-02 
 6.293213e+00  3.012902e-02 
 6.293534e+00  3.012902e-02 
 6.293856e+00  3.012902e-02 
 6.294177e+00  3.012902e-02 
 6.294499e+00  3.012902e-02 
 6.294820e+00  3.012903e-02 
 6.295142e+00  3.012903e-02 
 6.295463e+00  3.012903e-02 
 6.295785e+00  3.012903e-02 
 6.296107e+00  3.012903e-02 
 6.296428e+00  3.012903e-02 
 6.296750e+00  3.012904e-02 
 6.297071e+00  3.012904e-02 
 6.297393e+00  3.012904e-02 
 6.297714e+00  3.012904e-02 
 6.298036e+00  3.012904e-02 
 6.298357e+00  3.012904e-02 
 6.298679e+00  3.012905e-02 
 6.299001e+00  3.012905e-02 
 6.299322e+00  3.012905e-02 
 6.299644e+00  3.012905e-02 
 6.299965e+00  3.012906e-02 
 6.300287e+00  3.012906e-02 
 6.300608e+00  3.012906e-02 
 6.300930e+00  3.012906e-02 
 6.301251e+00  3.012907e-02 
 6.301573e+00  3.012907e-02 
 6.301895e+00  3.012907e-02 
 6.302216e+00  3.012908e-02 
 6.302538e+00  3.012908e-02 
 6.302859e+00  3.012908e-02 
 6.303181e+00  3.012908e-02 
 6.303502e+00  3.012909e-02 
 6.303824e+00  3.012909e-02 
 6.304145e+00  3.012909e-02 
 6.304467e+00  3.012910e-02 
 6.304789e+00  3.012910e-02 
 6.305110e+00  3.012910e-02 
 6.305432e+00  3.012911e-02 
 6.305753e+00  3.012911e-02 
 6.306075e+00  3.012912e-02 
 6.306396e+00  3.012912e-02 
 6.306718e+00  3.012912e-02 
 6.307039e+00  3.012913e-02 
 6.307361e+00  3.012913e-02 
 6.307683e+00  3.012914e-02 
 6.308004e+00  3.012914e-02 
 6.308326e+00  3.012914e-02 
 6.308647e+00  3.012915e-02 
 6.308969e+00  3.012915e-02 
 6.309290e+00  3.012916e-02 
 6.309612e+00  3.012916e-02 
 6.309933e+00  3.012917e-02 
 6.310255e+00  3.012917e-02 
 6.310577e+00  3.012918e-02 
 6.310898e+00  3.012918e-02 
 6.311220e+00  3.012919e-02 
 6.311541e+00  3.012919e-02 
 6.311863e+00  3.012920e-02 
 6.312184e+00  3.012920e-02 
 6.312506e+00  3.012921e-02 
 6.312827e+00  3.012921e-02 
 6.313149e+00  3.012922e-02 
 6.313471e+00  3.012922e-02 
 6.313792e+00  3.012923e-02 
 6.314114e+00  3.012923e-02 
 6.314435e+00  3.012924e-02 
 6.314757e+00  3.012924e-02 
 6.315078e+00  3.012925e-02 
 6.315400e+00  3.012926e-02 
 6.315721e+00  3.012926e-02 
 6.316043e+00  3.012927e-02 
 6.316365e+00  3.012927e-02 
 6.316686e+00  3.012928e-02 
 6.317008e+00  3.012929e-02 
 6.317329e+00  3.012929e-02 
 6.317651e+00  3.012930e-02 
 6.317972e+00  3.012931e-02 
 6.318294e+00  3.012931e-02 
 6.318615e+00  3.012932e-02 
 6.318937e+00  3.012932e-02 
 6.319259e+00  3.012933e-02 
 6.319580e+00  3.012934e-02 
 6.319902e+00  3.012934e-02 
 6.320223e+00  3.012935e-02 
 6.320545e+00  3.012936e-02 
 6.320866e+00  3.012936e-02 
 6.321188e+00  3.012937e-02 
 6.321509e+00  3.012938e-02 
 6.321831e+00  3.012939e-02 
 6.322153e+00  3.012939e-02 
 6.322474e+00  3.012940e-02 
 6.322796e+00  3.012941e-02 
 6.323117e+00  3.012941e-02 
 6.323439e+00  3.012942e-02 
 6.323760e+00  3.012943e-02 
 6.324082e+00  3.012944e-02 
 6.324403e+00  3.012944e-02 
 6.324725e+00  3.012945e-02 
 6.325047e+00  3.012946e-02 
 6.325368e+00  3.012947e-02 
 6.325690e+00  3.012948e-02 
 6.326011e+00  3.012948e-02 
 6.326333e+00  3.012949e-02 
 6.326654e+00  3.012950e-02 
 6.326976e+00  3.012951e-02 
 6.327297e+00  3.012952e-02 
 6.327619e+00  3.012952e-02 
 6.327941e+00  3.012953e-02 
 6.328262e+00  3.012954e-02 
 6.328584e+00  3.012955e-02 
 6.328905e+00  3.012956e-02 
 6.329227e+00  3.012957e-02 
 6.329548e+00  3.012957e-02 
 6.329870e+00  3.012958e-02 
 6.330191e+00  3.012959e-02 
 6.330513e+00  3.012960e-02 
 6.330835e+00  3.012961e-02 
 6.331156e+00  3.012962e-02 
 6.331478e+00  3.012963e-02 
 6.331799e+00  3.012963e-02 
 6.332121e+00  3.012964e-02 
 6.332442e+00  3.012965e-02 
 6.332764e+00  3.012966e-02 
 6.333085e+00  3.012967e-02 
 6.333407e+00  3.012968e-02 
 6.333729e+00  3.012969e-02 
 6.334050e+00  3.012970e-02 
 6.334372e+00  3.012971e-02 
 6.334693e+00  3.012972e-02 
 6.335015e+00  3.012973e-02 
 6.335336e+00  3.012974e-02 
 6.335658e+00  3.012975e-02 
 6.335979e+00  3.012976e-02 
 6.336301e+00  3.012976e-02 
 6.336623e+00  3.012977e-02 
 6.336944e+00  3.012978e-02 
 6.337266e+00  3.012979e-02 
 6.337587e+00  3.012980e-02 
 6.337909e+00  3.012981e-02 
 6.338230e+00  3.012982e-02 
 6.338552e+00  3.012983e-02 
 6.338874e+00  3.012984e-02 
 6.339195e+00  3.012985e-02 
 6.339517e+00  3.012986e-02 
 6.339838e+00  3.012987e-02 
 6.340160e+00  3.012988e-02 
 6.340481e+00  3.012989e-02 
 6.340803e+00  3.012990e-02 
 6.341124e+00  3.012992e-02 
 6.341446e+00  3.012993e-02 
 6.341768e+00  3.012994e-02 
 6.342089e+00  3.012995e-02 
 6.342411e+00  3.012996e-02 
 6.342732e+00  3.012997e-02 
 6.343054e+00  3.012998e-02 
 6.343375e+00  3.012999e-02 
 6.343697e+00  3.013000e-02 
 6.344018e+00  3.013001e-02 
 6.344340e+00  3.013002e-02 
 6.344662e+00  3.013003e-02 
 6.344983e+00  3.013004e-02 
 6.345305e+00  3.013005e-02 
 6.345626e+00  3.013006e-02 
 6.345948e+00  3.013008e-02 
 6.346269e+00  3.013009e-02 
 6.346591e+00  3.013010e-02 
 6.346912e+00  3.013011e-02 
 6.347234e+00  3.013012e-02 
 6.347556e+00  3.013013e-02 
 6.347877e+00  3.013014e-02 
 6.348199e+00  3.013015e-02 
 6.348520e+00  3.013017e-02 
 6.348842e+00  3.013018e-02 
 6.349163e+00  3.013019e-02 
 6.349485e+00  3.013020e-02 
 6.349806e+00  3.013021e-02 
 6.350128e+00  3.013022e-02 
 6.350450e+00  3.013023e-02 
 6.350771e+00  3.013025e-02 
 6.351093e+00  3.013026e-02 
 6.351414e+00  3.013027e-02 
 6.351736e+00  3.013028e-02 
 6.352057e+00  3.013029e-02 
 6.352379e+00  3.013031e-02 
 6.352700e+00  3.013032e-02 
 6.353022e+00  3.013033e-02 
 6.353344e+00  3.013034e-02 
 6.353665e+00  3.013035e-02 
 6.353987e+00  3.013036e-02 
 6.354308e+00  3.013038e-02 
 6.354630e+00  3.013039e-02 
 6.354951e+00  3.013040e-02 
 6.355273e+00  3.013041e-02 
 6.355594e+00  3.013043e-02 
 6.355916e+00  3.013044e-02 
 6.356238e+00  3.013045e-02 
 6.356559e+00  3.013046e-02 
 6.356881e+00  3.013047e-02 
 6.357202e+00  3.013049e-02 
 6.357524e+00  3.013050e-02 
 6.357845e+00  3.013051e-02 
 6.358167e+00  3.013052e-02 
 6.358488e+00  3.013053e-02 
 6.358810e+00  3.013055e-02 
 6.359132e+00  3.013056e-02 
 6.359453e+00  3.013057e-02 
 6.359775e+00  3.013058e-02 
 6.360096e+00  3.013060e-02 
 6.360418e+00  3.013061e-02 
 6.360739e+00  3.013062e-02 
 6.361061e+00  3.013063e-02 
 6.361382e+00  3.013065e-02 
 6.361704e+00  3.013066e-02 
 6.362026e+00  3.013067e-02 
 6.362347e+00  3.013068e-02 
 6.362669e+00  3.013070e-02 
 6.362990e+00  3.013071e-02 
 6.363312e+00  3.013072e-02 
 6.363633e+00  3.013073e-02 
 6.363955e+00  3.013074e-02 
 6.364276e+00  3.013076e-02 
 6.364598e+00  3.013077e-02 
 6.364920e+00  3.013078e-02 
 6.365241e+00  3.013079e-02 
 6.365563e+00  3.013081e-02 
 6.365884e+00  3.013082e-02 
 6.366206e+00  3.013083e-02 
 6.366527e+00  3.013084e-02 
 6.366849e+00  3.013086e-02 
 6.367170e+00  3.013087e-02 
 6.367492e+00  3.013088e-02 
 6.367814e+00  3.013089e-02 
 6.368135e+00  3.013091e-02 
 6.368457e+00  3.013092e-02 
 6.368778e+00  3.013093e-02 
 6.369100e+00  3.013094e-02 
 6.369421e+00  3.013096e-02 
 6.369743e+00  3.013097e-02 
 6.370064e+00  3.013098e-02 
 6.370386e+00  3.013099e-02 
 6.370708e+00  3.013101e-02 
 6.371029e+00  3.013102e-02 
 6.371351e+00  3.013103e-02 
 6.371672e+00  3.013104e-02 
 6.371994e+00  3.013106e-02 
 6.372315e+00  3.013107e-02 
 6.372637e+00  3.013108e-02 
 6.372958e+00  3.013109e-02 
 6.373280e+00  3.013110e-02 
 6.373602e+00  3.013112e-02 
 6.373923e+00  3.013113e-02 
 6.374245e+00  3.013114e-02 
 6.374566e+00  3.013115e-02 
 6.374888e+00  3.013117e-02 
 6.375209e+00  3.013118e-02 
 6.375531e+00  3.013119e-02 
 6.375852e+00  3.013120e-02 
 6.376174e+00  3.013122e-02 
 6.376496e+00  3.013123e-02 
 6.376817e+00  3.013124e-02 
 6.377139e+00  3.013125e-02 
 6.377460e+00  3.013126e-02 
 6.377782e+00  3.013128e-02 
 6.378103e+00  3.013129e-02 
 6.378425e+00  3.013130e-02 
 6.378746e+00  3.013131e-02 
 6.379068e+00  3.013133e-02 
 6.379390e+00  3.013134e-02 
 6.379711e+00  3.013135e-02 
 6.380033e+00  3.013136e-02 
 6.380354e+00  3.013137e-02 
 6.380676e+00  3.013139e-02 
 6.380997e+00  3.013140e-02 
 6.381319e+00  3.013141e-02 
 6.381640e+00  3.013142e-02 
 6.381962e+00  3.013143e-02 
 6.382284e+00  3.013144e-02 
 6.382605e+00  3.013146e-02 
 6.382927e+00  3.013147e-02 
 6.383248e+00  3.013148e-02 
 6.383570e+00  3.013149e-02 
 6.383891e+00  3.013150e-02 
 6.384213e+00  3.013152e-02 
 6.384534e+00  3.013153e-02 
 6.384856e+00  3.013154e-02 
 6.385178e+00  3.013155e-02 
 6.385499e+00  3.013156e-02 
 6.385821e+00  3.013157e-02 
 6.386142e+00  3.013158e-02 
 6.386464e+00  3.013160e-02 
 6.386785e+00  3.013161e-02 
 6.387107e+00  3.013162e-02 
 6.387429e+00  3.013163e-02 
 6.387750e+00  3.013164e-02 
 6.388072e+00  3.013165e-02 
 6.388393e+00  3.013166e-02 
 6.388715e+00  3.013167e-02 
 6.389036e+00  3.013168e-02 
 6.389358e+00  3.013170e-02 
 6.389679e+00  3.013171e-02 
 6.390001e+00  3.013172e-02 
 6.390323e+00  3.013173e-02 
 6.390644e+00  3.013174e-02 
 6.390966e+00  3.013175e-02 
 6.391287e+00  3.013176e-02 
 6.391609e+00  3.013177e-02 
 6.391930e+00  3.013178e-02 
 6.392252e+00  3.013179e-02 
 6.392573e+00  3.013180e-02 
 6.392895e+00  3.013181e-02 
 6.393217e+00  3.013182e-02 
 6.393538e+00  3.013183e-02 
 6.393860e+00  3.013184e-02 
 6.394181e+00  3.013185e-02 
 6.394503e+00  3.013186e-02 
 6.394824e+00  3.013187e-02 
 6.395146e+00  3.013188e-02 
 6.395467e+00  3.013189e-02 
 6.395789e+00  3.013190e-02 
 6.396111e+00  3.013191e-02 
 6.396432e+00  3.013192e-02 
 6.396754e+00  3.013193e-02 
 6.397075e+00  3.013194e-02 
 6.397397e+00  3.013195e-02 
 6.397718e+00  3.013196e-02 
 6.398040e+00  3.013197e-02 
 6.398361e+00  3.013198e-02 
 6.398683e+00  3.013199e-02 
 6.399005e+00  3.013199e-02 
 6.399326e+00  3.013200e-02 
 6.399648e+00  3.013201e-02 
 6.399969e+00  3.013202e-02 
 6.400291e+00  3.013203e-02 
 6.400612e+00  3.013204e-02 
 6.400934e+00  3.013205e-02 
 6.401255e+00  3.013206e-02 
 6.401577e+00  3.013206e-02 
 6.401899e+00  3.013207e-02 
 6.402220e+00  3.013208e-02 
 6.402542e+00  3.013209e-02 
 6.402863e+00  3.013210e-02 
 6.403185e+00  3.013211e-02 
 6.403506e+00  3.013211e-02 
 6.403828e+00  3.013212e-02 
 6.404149e+00  3.013213e-02 
 6.404471e+00  3.013214e-02 
 6.404793e+00  3.013214e-02 
 6.405114e+00  3.013215e-02 
 6.405436e+00  3.013216e-02 
 6.405757e+00  3.013217e-02 
 6.406079e+00  3.013217e-02 
 6.406400e+00  3.013218e-02 
 6.406722e+00  3.013219e-02 
 6.407043e+00  3.013219e-02 
 6.407365e+00  3.013220e-02 
 6.407687e+00  3.013221e-02 
 6.408008e+00  3.013222e-02 
 6.408330e+00  3.013222e-02 
 6.408651e+00  3.013223e-02 
 6.408973e+00  3.013223e-02 
 6.409294e+00  3.013224e-02 
 6.409616e+00  3.013225e-02 
 6.409937e+00  3.013225e-02 
 6.410259e+00  3.013226e-02 
 6.410581e+00  3.013227e-02 
 6.410902e+00  3.013227e-02 
 6.411224e+00  3.013228e-02 
 6.411545e+00  3.013228e-02 
 6.411867e+00  3.013229e-02 
 6.412188e+00  3.013230e-02 
 6.412510e+00  3.013230e-02 
 6.412831e+00  3.013231e-02 
 6.413153e+00  3.013231e-02 
 6.413475e+00  3.013232e-02 
 6.413796e+00  3.013232e-02 
 6.414118e+00  3.013233e-02 
 6.414439e+00  3.013233e-02 
 6.414761e+00  3.013234e-02 
 6.415082e+00  3.013234e-02 
 6.415404e+00  3.013235e-02 
 6.415725e+00  3.013235e-02 
 6.416047e+00  3.013236e-02 
 6.416369e+00  3.013236e-02 
 6.416690e+00  3.013237e-02 
 6.417012e+00  3.013237e-02 
 6.417333e+00  3.013238e-02 
 6.417655e+00  3.013238e-02 
 6.417976e+00  3.013238e-02 
 6.418298e+00  3.013239e-02 
 6.418619e+00  3.013239e-02 
 6.418941e+00  3.013240e-02 
 6.419263e+00  3.013240e-02 
 6.419584e+00  3.013240e-02 
 6.419906e+00  3.013241e-02 
 6.420227e+00  3.013241e-02 
 6.420549e+00  3.013242e-02 
 6.420870e+00  3.013242e-02 
 6.421192e+00  3.013242e-02 
 6.421513e+00  3.013243e-02 
 6.421835e+00  3.013243e-02 
 6.422157e+00  3.013243e-02 
 6.422478e+00  3.013244e-02 
 6.422800e+00  3.013244e-02 
 6.423121e+00  3.013244e-02 
 6.423443e+00  3.013245e-02 
 6.423764e+00  3.013245e-02 
 6.424086e+00  3.013245e-02 
 6.424407e+00  3.013246e-02 
 6.424729e+00  3.013246e-02 
 6.425051e+00  3.013246e-02 
 6.425372e+00  3.013247e-02 
 6.425694e+00  3.013247e-02 
 6.426015e+00  3.013247e-02 
 6.426337e+00  3.013247e-02 
 6.426658e+00  3.013248e-02 
 6.426980e+00  3.013248e-02 
 6.427301e+00  3.013248e-02 
 6.427623e+00  3.013248e-02 
 6.427945e+00  3.013249e-02 
 6.428266e+00  3.013249e-02 
 6.428588e+00  3.013249e-02 
 6.428909e+00  3.013249e-02 
 6.429231e+00  3.013250e-02 
 6.429552e+00  3.013250e-02 
 6.429874e+00  3.013250e-02 
 6.430195e+00  3.013250e-02 
 6.430517e+00  3.013251e-02 
 6.430839e+00  3.013251e-02 
 6.431160e+00  3.013251e-02 
 6.431482e+00  3.013251e-02 
 6.431803e+00  3.013251e-02 
 6.432125e+00  3.013252e-02 
 6.432446e+00  3.013252e-02 
 6.432768e+00  3.013252e-02 
 6.433089e+00  3.013252e-02 
 6.433411e+00  3.013252e-02 
 6.433733e+00  3.013253e-02 
 6.434054e+00  3.013253e-02 
 6.434376e+00  3.013253e-02 
 6.434697e+00  3.013253e-02 
 6.435019e+00  3.013253e-02 
 6.435340e+00  3.013254e-02 
 6.435662e+00  3.013254e-02 
 6.435984e+00  3.013254e-02 
 6.436305e+00  3.013254e-02 
 6.436627e+00  3.013254e-02 
 6.436948e+00  3.013254e-02 
 6.437270e+00  3.013255e-02 
 6.437591e+00  3.013255e-02 
 6.437913e+00  3.013255e-02 
 6.438234e+00  3.013255e-02 
 6.438556e+00  3.013255e-02 
 6.438878e+00  3.013255e-02 
 6.439199e+00  3.013255e-02 
 6.439521e+00  3.013255e-02 
 6.439842e+00  3.013256e-02 
 6.440164e+00  3.013256e-02 
 6.440485e+00  3.013256e-02 
 6.440807e+00  3.013256e-02 
 6.441128e+00  3.013256e-02 
 6.441450e+00  3.013256e-02 
 6.441772e+00  3.013256e-02 
 6.442093e+00  3.013256e-02 
 6.442415e+00  3.013257e-02 
 6.442736e+00  3.013257e-02 
 6.443058e+00  3.013257e-02 
 6.443379e+00  3.013257e-02 
 6.443701e+00  3.013257e-02 
 6.444022e+00  3.013257e-02 
 6.444344e+00  3.013257e-02 
 6.444666e+00  3.013257e-02 
 6.444987e+00  3.013257e-02 
 6.445309e+00  3.013257e-02 
 6.445630e+00  3.013257e-02 
 6.445952e+00  3.013257e-02 
 6.446273e+00  3.013257e-02 
 6.446595e+00  3.013257e-02 
 6.446916e+00  3.013258e-02 
 6.447238e+00  3.013258e-02 
 6.447560e+00  3.013258e-02 
 6.447881e+00  3.013258e-02 
 6.448203e+00  3.013258e-02 
 6.448524e+00  3.013258e-02 
 6.448846e+00  3.013258e-02 
 6.449167e+00  3.013258e-02 
 6.449489e+00  3.013258e-02 
 6.449810e+00  3.013258e-02 
 6.450132e+00  3.013258e-02 
 6.450454e+00  3.013258e-02 
 6.450775e+00  3.013258e-02 
 6.451097e+00  3.013258e-02 
 6.451418e+00  3.013258e-02 
 6.451740e+00  3.013258e-02 
 6.452061e+00  3.013258e-02 
 6.452383e+00  3.013258e-02 
 6.452704e+00  3.013258e-02 
 6.453026e+00  3.013258e-02 
 6.453348e+00  3.013258e-02 
 6.453669e+00  3.013258e-02 
 6.453991e+00  3.013258e-02 
 6.454312e+00  3.013257e-02 
 6.454634e+00  3.013257e-02 
 6.454955e+00  3.013257e-02 
 6.455277e+00  3.013257e-02 
 6.455598e+00  3.013257e-02 
 6.455920e+00  3.013257e-02 
 6.456242e+00  3.013257e-02 
 6.456563e+00  3.013257e-02 
 6.456885e+00  3.013257e-02 
 6.457206e+00  3.013257e-02 
 6.457528e+00  3.013257e-02 
 6.457849e+00  3.013257e-02 
 6.458171e+00  3.013257e-02 
 6.458492e+00  3.013256e-02 
 6.458814e+00  3.013256e-02 
 6.459136e+00  3.013256e-02 
 6.459457e+00  3.013256e-02 
 6.459779e+00  3.013256e-02 
 6.460100e+00  3.013256e-02 
 6.460422e+00  3.013256e-02 
 6.460743e+00  3.013255e-02 
 6.461065e+00  3.013255e-02 
 6.461386e+00  3.013255e-02 
 6.461708e+00  3.013255e-02 
 6.462030e+00  3.013255e-02 
 6.462351e+00  3.013255e-02 
 6.462673e+00  3.013255e-02 
 6.462994e+00  3.013254e-02 
 6.463316e+00  3.013254e-02 
 6.463637e+00  3.013254e-02 
 6.463959e+00  3.013254e-02 
 6.464280e+00  3.013254e-02 
 6.464602e+00  3.013253e-02 
 6.464924e+00  3.013253e-02 
 6.465245e+00  3.013253e-02 
 6.465567e+00  3.013253e-02 
 6.465888e+00  3.013253e-02 
 6.466210e+00  3.013252e-02 
 6.466531e+00  3.013252e-02 
 6.466853e+00  3.013252e-02 
 6.467174e+00  3.013252e-02 
 6.467496e+00  3.013251e-02 
 6.467818e+00  3.013251e-02 
 6.468139e+00  3.013251e-02 
 6.468461e+00  3.013251e-02 
 6.468782e+00  3.013250e-02 
 6.469104e+00  3.013250e-02 
 6.469425e+00  3.013250e-02 
 6.469747e+00  3.013250e-02 
 6.470068e+00  3.013249e-02 
 6.470390e+00  3.013249e-02 
 6.470712e+00  3.013249e-02 
 6.471033e+00  3.013249e-02 
 6.471355e+00  3.013248e-02 
 6.471676e+00  3.013248e-02 
 6.471998e+00  3.013248e-02 
 6.472319e+00  3.013247e-02 
 6.472641e+00  3.013247e-02 
 6.472962e+00  3.013247e-02 
 6.473284e+00  3.013247e-02 
 6.473606e+00  3.013246e-02 
 6.473927e+00  3.013246e-02 
 6.474249e+00  3.013246e-02 
 6.474570e+00  3.013245e-02 
 6.474892e+00  3.013245e-02 
 6.475213e+00  3.013245e-02 
 6.475535e+00  3.013244e-02 
 6.475856e+00  3.013244e-02 
 6.476178e+00  3.013244e-02 
 6.476500e+00  3.013243e-02 
 6.476821e+00  3.013243e-02 
 6.477143e+00  3.013243e-02 
 6.477464e+00  3.013242e-02 
 6.477786e+00  3.013242e-02 
 6.478107e+00  3.013242e-02 
 6.478429e+00  3.013242e-02 
 6.478750e+00  3.013241e-02 
 6.479072e+00  3.013241e-02 
 6.479394e+00  3.013241e-02 
 6.479715e+00  3.013240e-02 
 6.480037e+00  3.013240e-02 
 6.480358e+00  3.013240e-02 
 6.480680e+00  3.013239e-02 
 6.481001e+00  3.013239e-02 
 6.481323e+00  3.013239e-02 
 6.481644e+00  3.013238e-02 
 6.481966e+00  3.013238e-02 
 6.482288e+00  3.013238e-02 
 6.482609e+00  3.013237e-02 
 6.482931e+00  3.013237e-02 
 6.483252e+00  3.013236e-02 
 6.483574e+00  3.013236e-02 
 6.483895e+00  3.013236e-02 
 6.484217e+00  3.013235e-02 
 6.484538e+00  3.013235e-02 
 6.484860e+00  3.013235e-02 
 6.485182e+00  3.013234e-02 
 6.485503e+00  3.013234e-02 
 6.485825e+00  3.013234e-02 
 6.486146e+00  3.013233e-02 
 6.486468e+00  3.013233e-02 
 6.486789e+00  3.013233e-02 
 6.487111e+00  3.013232e-02 
 6.487433e+00  3.013232e-02 
 6.487754e+00  3.013232e-02 
 6.488076e+00  3.013231e-02 
 6.488397e+00  3.013231e-02 
 6.488719e+00  3.013231e-02 
 6.489040e+00  3.013230e-02 
 6.489362e+00  3.013230e-02 
 6.489683e+00  3.013230e-02 
 6.490005e+00  3.013229e-02 
 6.490327e+00  3.013229e-02 
 6.490648e+00  3.013229e-02 
 6.490970e+00  3.013228e-02 
 6.491291e+00  3.013228e-02 
 6.491613e+00  3.013228e-02 
 6.491934e+00  3.013227e-02 
 6.492256e+00  3.013227e-02 
 6.492577e+00  3.013226e-02 
 6.492899e+00  3.013226e-02 
 6.493221e+00  3.013226e-02 
 6.493542e+00  3.013225e-02 
 6.493864e+00  3.013225e-02 
 6.494185e+00  3.013225e-02 
 6.494507e+00  3.013224e-02 
 6.494828e+00  3.013224e-02 
 6.495150e+00  3.013224e-02 
 6.495471e+00  3.013223e-02 
 6.495793e+00  3.013223e-02 
 6.496115e+00  3.013223e-02 
 6.496436e+00  3.013222e-02 
 6.496758e+00  3.013222e-02 
 6.497079e+00  3.013222e-02 
 6.497401e+00  3.013221e-02 
 6.497722e+00  3.013221e-02 
 6.498044e+00  3.013221e-02 
 6.498365e+00  3.013220e-02 
 6.498687e+00  3.013220e-02 
 6.499009e+00  3.013220e-02 
 6.499330e+00  3.013219e-02 
 6.499652e+00  3.013219e-02 
 6.499973e+00  3.013219e-02 
 6.500295e+00  3.013218e-02 
 6.500616e+00  3.013218e-02 
 6.500938e+00  3.013218e-02 
 6.501259e+00  3.013217e-02 
 6.501581e+00  3.013217e-02 
 6.501903e+00  3.013216e-02 
 6.502224e+00  3.013216e-02 
 6.502546e+00  3.013216e-02 
 6.502867e+00  3.013215e-02 
 6.503189e+00  3.013215e-02 
 6.503510e+00  3.013215e-02 
 6.503832e+00  3.013214e-02 
 6.504153e+00  3.013214e-02 
 6.504475e+00  3.013214e-02 
 6.504797e+00  3.013213e-02 
 6.505118e+00  3.013213e-02 
 6.505440e+00  3.013213e-02 
 6.505761e+00  3.013212e-02 
 6.506083e+00  3.013212e-02 
 6.506404e+00  3.013212e-02 
 6.506726e+00  3.013211e-02 
 6.507047e+00  3.013211e-02 
 6.507369e+00  3.013210e-02 
 6.507691e+00  3.013210e-02 
 6.508012e+00  3.013210e-02 
 6.508334e+00  3.013209e-02 
 6.508655e+00  3.013209e-02 
 6.508977e+00  3.013209e-02 
 6.509298e+00  3.013208e-02 
 6.509620e+00  3.013208e-02 
 6.509941e+00  3.013208e-02 
 6.510263e+00  3.013207e-02 
 6.510585e+00  3.013207e-02 
 6.510906e+00  3.013206e-02 
 6.511228e+00  3.013206e-02 
 6.511549e+00  3.013206e-02 
 6.511871e+00  3.013205e-02 
 6.512192e+00  3.013205e-02 
 6.512514e+00  3.013205e-02 
 6.512835e+00  3.013204e-02 
 6.513157e+00  3.013204e-02 
 6.513479e+00  3.013204e-02 
 6.513800e+00  3.013203e-02 
 6.514122e+00  3.013203e-02 
 6.514443e+00  3.013202e-02 
 6.514765e+00  3.013202e-02 
 6.515086e+00  3.013202e-02 
 6.515408e+00  3.013201e-02 
 6.515729e+00  3.013201e-02 
 6.516051e+00  3.013201e-02 
 6.516373e+00  3.013200e-02 
 6.516694e+00  3.013200e-02 
 6.517016e+00  3.013199e-02 
 6.517337e+00  3.013199e-02 
 6.517659e+00  3.013199e-02 
 6.517980e+00  3.013198e-02 
 6.518302e+00  3.013198e-02 
 6.518623e+00  3.013197e-02 
 6.518945e+00  3.013197e-02 
 6.519267e+00  3.013197e-02 
 6.519588e+00  3.013196e-02 
 6.519910e+00  3.013196e-02 
 6.520231e+00  3.013196e-02 
 6.520553e+00  3.013195e-02 
 6.520874e+00  3.013195e-02 
 6.521196e+00  3.013194e-02 
 6.521517e+00  3.013194e-02 
 6.521839e+00  3.013194e-02 
 6.522161e+00  3.013193e-02 
 6.522482e+00  3.013193e-02 
 6.522804e+00  3.013193e-02 
 6.523125e+00  3.013192e-02 
 6.523447e+00  3.013192e-02 
 6.523768e+00  3.013192e-02 
 6.524090e+00  3.013191e-02 
 6.524411e+00  3.013191e-02 
 6.524733e+00  3.013190e-02 
 6.525055e+00  3.013190e-02 
 6.525376e+00  3.013190e-02 
 6.525698e+00  3.013189e-02 
 6.526019e+00  3.013189e-02 
 6.526341e+00  3.013189e-02 
 6.526662e+00  3.013188e-02 
 6.526984e+00  3.013188e-02 
 6.527305e+00  3.013187e-02 
 6.527627e+00  3.013187e-02 
 6.527949e+00  3.013187e-02 
 6.528270e+00  3.013186e-02 
 6.528592e+00  3.013186e-02 
 6.528913e+00  3.013186e-02 
 6.529235e+00  3.013185e-02 
 6.529556e+00  3.013185e-02 
 6.529878e+00  3.013185e-02 
 6.530199e+00  3.013184e-02 
 6.530521e+00  3.013184e-02 
 6.530843e+00  3.013184e-02 
 6.531164e+00  3.013183e-02 
 6.531486e+00  3.013183e-02 
 6.531807e+00  3.013183e-02 
 6.532129e+00  3.013182e-02 
 6.532450e+00  3.013182e-02 
 6.532772e+00  3.013181e-02 
 6.533093e+00  3.013181e-02 
 6.533415e+00  3.013181e-02 
 6.533737e+00  3.013180e-02 
 6.534058e+00  3.013180e-02 
 6.534380e+00  3.013180e-02 
 6.534701e+00  3.013179e-02 
 6.535023e+00  3.013179e-02 
 6.535344e+00  3.013179e-02 
 6.535666e+00  3.013178e-02 
 6.535988e+00  3.013178e-02 
 6.536309e+00  3.013178e-02 
 6.536631e+00  3.013177e-02 
 6.536952e+00  3.013177e-02 
 6.537274e+00  3.013177e-02 
 6.537595e+00  3.013176e-02 
 6.537917e+00  3.013176e-02 
 6.538238e+00  3.013176e-02 
 6.538560e+00  3.013175e-02 
 6.538882e+00  3.013175e-02 
 6.539203e+00  3.013175e-02 
 6.539525e+00  3.013175e-02 
 6.539846e+00  3.013174e-02 
 6.540168e+00  3.013174e-02 
 6.540489e+00  3.013174e-02 
 6.540811e+00  3.013173e-02 
 6.541132e+00  3.013173e-02 
 6.541454e+00  3.013173e-02 
 6.541776e+00  3.013172e-02 
 6.542097e+00  3.013172e-02 
 6.542419e+00  3.013172e-02 
 6.542740e+00  3.013172e-02 
 6.543062e+00  3.013171e-02 
 6.543383e+00  3.013171e-02 
 6.543705e+00  3.013171e-02 
 6.544026e+00  3.013170e-02 
 6.544348e+00  3.013170e-02 
 6.544670e+00  3.013170e-02 
 6.544991e+00  3.013170e-02 
 6.545313e+00  3.013169e-02 
 6.545634e+00  3.013169e-02 
 6.545956e+00  3.013169e-02 
 6.546277e+00  3.013168e-02 
 6.546599e+00  3.013168e-02 
 6.546920e+00  3.013168e-02 
 6.547242e+00  3.013168e-02 
 6.547564e+00  3.013167e-02 
 6.547885e+00  3.013167e-02 
 6.548207e+00  3.013167e-02 
 6.548528e+00  3.013167e-02 
 6.548850e+00  3.013167e-02 
 6.549171e+00  3.013166e-02 
 6.549493e+00  3.013166e-02 
 6.549814e+00  3.013166e-02 
 6.550136e+00  3.013166e-02 
 6.550458e+00  3.013165e-02 
 6.550779e+00  3.013165e-02 
 6.551101e+00  3.013165e-02 
 6.551422e+00  3.013165e-02 
 6.551744e+00  3.013164e-02 
 6.552065e+00  3.013164e-02 
 6.552387e+00  3.013164e-02 
 6.552708e+00  3.013164e-02 
 6.553030e+00  3.013164e-02 
 6.553352e+00  3.013163e-02 
 6.553673e+00  3.013163e-02 
 6.553995e+00  3.013163e-02 
 6.554316e+00  3.013163e-02 
 6.554638e+00  3.013163e-02 
 6.554959e+00  3.013163e-02 
 6.555281e+00  3.013162e-02 
 6.555602e+00  3.013162e-02 
 6.555924e+00  3.013162e-02 
 6.556246e+00  3.013162e-02 
 6.556567e+00  3.013162e-02 
 6.556889e+00  3.013161e-02 
 6.557210e+00  3.013161e-02 
 6.557532e+00  3.013161e-02 
 6.557853e+00  3.013161e-02 
 6.558175e+00  3.013161e-02 
 6.558496e+00  3.013161e-02 
 6.558818e+00  3.013160e-02 
 6.559140e+00  3.013160e-02 
 6.559461e+00  3.013160e-02 
 6.559783e+00  3.013160e-02 
 6.560104e+00  3.013160e-02 
 6.560426e+00  3.013160e-02 
 6.560747e+00  3.013160e-02 
 6.561069e+00  3.013159e-02 
 6.561390e+00  3.013159e-02 
 6.561712e+00  3.013159e-02 
 6.562034e+00  3.013159e-02 
 6.562355e+00  3.013159e-02 
 6.562677e+00  3.013159e-02 
 6.562998e+00  3.013159e-02 
 6.563320e+00  3.013159e-02 
 6.563641e+00  3.013158e-02 
 6.563963e+00  3.013158e-02 
 6.564284e+00  3.013158e-02 
 6.564606e+00  3.013158e-02 
 6.564928e+00  3.013158e-02 
 6.565249e+00  3.013158e-02 
 6.565571e+00  3.013158e-02 
 6.565892e+00  3.013158e-02 
 6.566214e+00  3.013158e-02 
 6.566535e+00  3.013158e-02 
 6.566857e+00  3.013158e-02 
 6.567178e+00  3.013157e-02 
 6.567500e+00  3.013157e-02 
 6.567822e+00  3.013157e-02 
 6.568143e+00  3.013157e-02 
 6.568465e+00  3.013157e-02 
 6.568786e+00  3.013157e-02 
 6.569108e+00  3.013157e-02 
 6.569429e+00  3.013157e-02 
 6.569751e+00  3.013157e-02 
 6.570072e+00  3.013157e-02 
 6.570394e+00  3.013157e-02 
 6.570716e+00  3.013157e-02 
 6.571037e+00  3.013157e-02 
 6.571359e+00  3.013157e-02 
 6.571680e+00  3.013157e-02 
 6.572002e+00  3.013157e-02 
 6.572323e+00  3.013157e-02 
 6.572645e+00  3.013157e-02 
 6.572966e+00  3.013157e-02 
 6.573288e+00  3.013157e-02 
 6.573610e+00  3.013157e-02 
 6.573931e+00  3.013157e-02 
 6.574253e+00  3.013157e-02 
 6.574574e+00  3.013157e-02 
 6.574896e+00  3.013157e-02 
 6.575217e+00  3.013157e-02 
 6.575539e+00  3.013157e-02 
 6.575860e+00  3.013157e-02 
 6.576182e+00  3.013157e-02 
 6.576504e+00  3.013157e-02 
 6.576825e+00  3.013157e-02 
 6.577147e+00  3.013157e-02 
 6.577468e+00  3.013157e-02 
 6.577790e+00  3.013157e-02 
 6.578111e+00  3.013157e-02 
 6.578433e+00  3.013158e-02 
 6.578754e+00  3.013158e-02 
 6.579076e+00  3.013158e-02 
 6.579398e+00  3.013158e-02 
 6.579719e+00  3.013158e-02 
 6.580041e+00  3.013158e-02 
 6.580362e+00  3.013158e-02 
 6.580684e+00  3.013158e-02 
 6.581005e+00  3.013158e-02 
 6.581327e+00  3.013159e-02 
 6.581648e+00  3.013159e-02 
 6.581970e+00  3.013159e-02 
 6.582292e+00  3.013159e-02 
 6.582613e+00  3.013159e-02 
 6.582935e+00  3.013159e-02 
 6.583256e+00  3.013159e-02 
 6.583578e+00  3.013160e-02 
 6.583899e+00  3.013160e-02 
 6.584221e+00  3.013160e-02 
 6.584543e+00  3.013160e-02 
 6.584864e+00  3.013160e-02 
 6.585186e+00  3.013160e-02 
 6.585507e+00  3.013161e-02 
 6.585829e+00  3.013161e-02 
 6.586150e+00  3.013161e-02 
 6.586472e+00  3.013161e-02 
 6.586793e+00  3.013161e-02 
 6.587115e+00  3.013162e-02 
 6.587437e+00  3.013162e-02 
 6.587758e+00  3.013162e-02 
 6.588080e+00  3.013162e-02 
 6.588401e+00  3.013162e-02 
 6.588723e+00  3.013163e-02 
 6.589044e+00  3.013163e-02 
 6.589366e+00  3.013163e-02 
 6.589687e+00  3.013163e-02 
 6.590009e+00  3.013164e-02 
 6.590331e+00  3.013164e-02 
 6.590652e+00  3.013164e-02 
 6.590974e+00  3.013164e-02 
 6.591295e+00  3.013165e-02 
 6.591617e+00  3.013165e-02 
 6.591938e+00  3.013165e-02 
 6.592260e+00  3.013165e-02 
 6.592581e+00  3.013166e-02 
 6.592903e+00  3.013166e-02 
 6.593225e+00  3.013166e-02 
 6.593546e+00  3.013167e-02 
 6.593868e+00  3.013167e-02 
 6.594189e+00  3.013167e-02 
 6.594511e+00  3.013167e-02 
 6.594832e+00  3.013168e-02 
 6.595154e+00  3.013168e-02 
 6.595475e+00  3.013168e-02 
 6.595797e+00  3.013169e-02 
 6.596119e+00  3.013169e-02 
 6.596440e+00  3.013169e-02 
 6.596762e+00  3.013169e-02 
 6.597083e+00  3.013170e-02 
 6.597405e+00  3.013170e-02 
 6.597726e+00  3.013170e-02 
 6.598048e+00  3.013171e-02 
 6.598369e+00  3.013171e-02 
 6.598691e+00  3.013171e-02 
 6.599013e+00  3.013172e-02 
 6.599334e+00  3.013172e-02 
 6.599656e+00  3.013172e-02 
 6.599977e+00  3.013173e-02 
 6.600299e+00  3.013173e-02 
 6.600620e+00  3.013173e-02 
 6.600942e+00  3.013174e-02 
 6.601263e+00  3.013174e-02 
 6.601585e+00  3.013174e-02 
 6.601907e+00  3.013175e-02 
 6.602228e+00  3.013175e-02 
 6.602550e+00  3.013175e-02 
 6.602871e+00  3.013176e-02 
 6.603193e+00  3.013176e-02 
 6.603514e+00  3.013176e-02 
 6.603836e+00  3.013177e-02 
 6.604157e+00  3.013177e-02 
 6.604479e+00  3.013177e-02 
 6.604801e+00  3.013177e-02 
 6.605122e+00  3.013178e-02 
 6.605444e+00  3.013178e-02 
 6.605765e+00  3.013178e-02 
 6.606087e+00  3.013179e-02 
 6.606408e+00  3.013179e-02 
 6.606730e+00  3.013179e-02 
 6.607051e+00  3.013180e-02 
 6.607373e+00  3.013180e-02 
 6.607695e+00  3.013180e-02 
 6.608016e+00  3.013181e-02 
 6.608338e+00  3.013181e-02 
 6.608659e+00  3.013181e-02 
 6.608981e+00  3.013182e-02 
 6.609302e+00  3.013182e-02 
 6.609624e+00  3.013182e-02 
 6.609945e+00  3.013183e-02 
 6.610267e+00  3.013183e-02 
 6.610589e+00  3.013183e-02 
 6.610910e+00  3.013184e-02 
 6.611232e+00  3.013184e-02 
 6.611553e+00  3.013184e-02 
 6.611875e+00  3.013184e-02 
 6.612196e+00  3.013185e-02 
 6.612518e+00  3.013185e-02 
 6.612839e+00  3.013185e-02 
 6.613161e+00  3.013186e-02 
 6.613483e+00  3.013186e-02 
 6.613804e+00  3.013186e-02 
 6.614126e+00  3.013186e-02 
 6.614447e+00  3.013187e-02 
 6.614769e+00  3.013187e-02 
 6.615090e+00  3.013187e-02 
 6.615412e+00  3.013188e-02 
 6.615733e+00  3.013188e-02 
 6.616055e+00  3.013188e-02 
 6.616377e+00  3.013188e-02 
 6.616698e+00  3.013189e-02 
 6.617020e+00  3.013189e-02 
 6.617341e+00  3.013189e-02 
 6.617663e+00  3.013189e-02 
 6.617984e+00  3.013190e-02 
 6.618306e+00  3.013190e-02 
 6.618627e+00  3.013190e-02 
 6.618949e+00  3.013191e-02 
 6.619271e+00  3.013191e-02 
 6.619592e+00  3.013191e-02 
 6.619914e+00  3.013191e-02 
 6.620235e+00  3.013191e-02 
 6.620557e+00  3.013192e-02 
 6.620878e+00  3.013192e-02 
 6.621200e+00  3.013192e-02 
 6.621521e+00  3.013192e-02 
 6.621843e+00  3.013193e-02 
 6.622165e+00  3.013193e-02 
 6.622486e+00  3.013193e-02 
 6.622808e+00  3.013193e-02 
 6.623129e+00  3.013194e-02 
 6.623451e+00  3.013194e-02 
 6.623772e+00  3.013194e-02 
 6.624094e+00  3.013194e-02 
 6.624415e+00  3.013194e-02 
 6.624737e+00  3.013195e-02 
 6.625059e+00  3.013195e-02 
 6.625380e+00  3.013195e-02 
 6.625702e+00  3.013195e-02 
 6.626023e+00  3.013196e-02 
 6.626345e+00  3.013196e-02 
 6.626666e+00  3.013196e-02 
 6.626988e+00  3.013196e-02 
 6.627309e+00  3.013196e-02 
 6.627631e+00  3.013197e-02 
 6.627953e+00  3.013197e-02 
 6.628274e+00  3.013197e-02 
 6.628596e+00  3.013197e-02 
 6.628917e+00  3.013197e-02 
 6.629239e+00  3.013198e-02 
 6.629560e+00  3.013198e-02 
 6.629882e+00  3.013198e-02 
 6.630203e+00  3.013198e-02 
 6.630525e+00  3.013198e-02 
 6.630847e+00  3.013198e-02 
 6.631168e+00  3.013199e-02 
 6.631490e+00  3.013199e-02 
 6.631811e+00  3.013199e-02 
 6.632133e+00  3.013199e-02 
 6.632454e+00  3.013199e-02 
 6.632776e+00  3.013200e-02 
 6.633097e+00  3.013200e-02 
 6.633419e+00  3.013200e-02 
 6.633741e+00  3.013200e-02 
 6.634062e+00  3.013200e-02 
 6.634384e+00  3.013200e-02 
 6.634705e+00  3.013201e-02 
 6.635027e+00  3.013201e-02 
 6.635348e+00  3.013201e-02 
 6.635670e+00  3.013201e-02 
 6.635992e+00  3.013201e-02 
 6.636313e+00  3.013201e-02 
 6.636635e+00  3.013202e-02 
 6.636956e+00  3.013202e-02 
 6.637278e+00  3.013202e-02 
 6.637599e+00  3.013202e-02 
 6.637921e+00  3.013202e-02 
 6.638242e+00  3.013202e-02 
 6.638564e+00  3.013203e-02 
 6.638886e+00  3.013203e-02 
 6.639207e+00  3.013203e-02 
 6.639529e+00  3.013203e-02 
 6.639850e+00  3.013203e-02 
 6.640172e+00  3.013203e-02 
 6.640493e+00  3.013203e-02 
 6.640815e+00  3.013204e-02 
 6.641136e+00  3.013204e-02 
 6.641458e+00  3.013204e-02 
 6.641780e+00  3.013204e-02 
 6.642101e+00  3.013204e-02 
 6.642423e+00  3.013204e-02 
 6.642744e+00  3.013204e-02 
 6.643066e+00  3.013205e-02 
 6.643387e+00  3.013205e-02 
 6.643709e+00  3.013205e-02 
 6.644030e+00  3.013205e-02 
 6.644352e+00  3.013205e-02 
 6.644674e+00  3.013205e-02 
 6.644995e+00  3.013205e-02 
 6.645317e+00  3.013206e-02 
 6.645638e+00  3.013206e-02 
 6.645960e+00  3.013206e-02 
 6.646281e+00  3.013206e-02 
 6.646603e+00  3.013206e-02 
 6.646924e+00  3.013206e-02 
 6.647246e+00  3.013206e-02 
 6.647568e+00  3.013207e-02 
 6.647889e+00  3.013207e-02 
 6.648211e+00  3.013207e-02 
 6.648532e+00  3.013207e-02 
 6.648854e+00  3.013207e-02 
 6.649175e+00  3.013207e-02 
 6.649497e+00  3.013207e-02 
 6.649818e+00  3.013207e-02 
 6.650140e+00  3.013208e-02 
 6.650462e+00  3.013208e-02 
 6.650783e+00  3.013208e-02 
 6.651105e+00  3.013208e-02 
 6.651426e+00  3.013208e-02 
 6.651748e+00  3.013208e-02 
 6.652069e+00  3.013208e-02 
 6.652391e+00  3.013208e-02 
 6.652712e+00  3.013208e-02 
 6.653034e+00  3.013209e-02 
 6.653356e+00  3.013209e-02 
 6.653677e+00  3.013209e-02 
 6.653999e+00  3.013209e-02 
 6.654320e+00  3.013209e-02 
 6.654642e+00  3.013209e-02 
 6.654963e+00  3.013209e-02 
 6.655285e+00  3.013209e-02 
 6.655606e+00  3.013209e-02 
 6.655928e+00  3.013209e-02 
 6.656250e+00  3.013210e-02 
 6.656571e+00  3.013210e-02 
 6.656893e+00  3.013210e-02 
 6.657214e+00  3.013210e-02 
 6.657536e+00  3.013210e-02 
 6.657857e+00  3.013210e-02 
 6.658179e+00  3.013210e-02 
 6.658500e+00  3.013210e-02 
 6.658822e+00  3.013210e-02 
 6.659144e+00  3.013210e-02 
 6.659465e+00  3.013210e-02 
 6.659787e+00  3.013210e-02 
 6.660108e+00  3.013210e-02 
 6.660430e+00  3.013210e-02 
 6.660751e+00  3.013210e-02 
 6.661073e+00  3.013211e-02 
 6.661394e+00  3.013211e-02 
 6.661716e+00  3.013211e-02 
 6.662038e+00  3.013211e-02 
 6.662359e+00  3.013211e-02 
 6.662681e+00  3.013211e-02 
 6.663002e+00  3.013211e-02 
 6.663324e+00  3.013211e-02 
 6.663645e+00  3.013211e-02 
 6.663967e+00  3.013211e-02 
 6.664288e+00  3.013211e-02 
 6.664610e+00  3.013211e-02 
 6.664932e+00  3.013211e-02 
 6.665253e+00  3.013211e-02 
 6.665575e+00  3.013211e-02 
 6.665896e+00  3.013211e-02 
 6.666218e+00  3.013211e-02 
 6.666539e+00  3.013211e-02 
 6.666861e+00  3.013211e-02 
 6.667182e+00  3.013211e-02 
 6.667504e+00  3.013211e-02 
 6.667826e+00  3.013211e-02 
 6.668147e+00  3.013211e-02 
 6.668469e+00  3.013211e-02 
 6.668790e+00  3.013211e-02 
 6.669112e+00  3.013211e-02 
 6.669433e+00  3.013211e-02 
 6.669755e+00  3.013211e-02 
 6.670076e+00  3.013211e-02 
 6.670398e+00  3.013211e-02 
 6.670720e+00  3.013211e-02 
 6.671041e+00  3.013211e-02 
 6.671363e+00  3.013211e-02 
 6.671684e+00  3.013211e-02 
 6.672006e+00  3.013211e-02 
 6.672327e+00  3.013211e-02 
 6.672649e+00  3.013211e-02 
 6.672970e+00  3.013211e-02 
 6.673292e+00  3.013211e-02 
 6.673614e+00  3.013211e-02 
 6.673935e+00  3.013211e-02 
 6.674257e+00  3.013211e-02 
 6.674578e+00  3.013210e-02 
 6.674900e+00  3.013210e-02 
 6.675221e+00  3.013210e-02 
 6.675543e+00  3.013210e-02 
 6.675864e+00  3.013210e-02 
 6.676186e+00  3.013210e-02 
 6.676508e+00  3.013210e-02 
 6.676829e+00  3.013210e-02 
 6.677151e+00  3.013210e-02 
 6.677472e+00  3.013210e-02 
 6.677794e+00  3.013210e-02 
 6.678115e+00  3.013210e-02 
 6.678437e+00  3.013210e-02 
 6.678758e+00  3.013210e-02 
 6.679080e+00  3.013209e-02 
 6.679402e+00  3.013209e-02 
 6.679723e+00  3.013209e-02 
 6.680045e+00  3.013209e-02 
 6.680366e+00  3.013209e-02 
 6.680688e+00  3.013209e-02 
 6.681009e+00  3.013209e-02 
 6.681331e+00  3.013209e-02 
 6.681652e+00  3.013209e-02 
 6.681974e+00  3.013209e-02 
 6.682296e+00  3.013208e-02 
 6.682617e+00  3.013208e-02 
 6.682939e+00  3.013208e-02 
 6.683260e+00  3.013208e-02 
 6.683582e+00  3.013208e-02 
 6.683903e+00  3.013208e-02 
 6.684225e+00  3.013208e-02 
 6.684547e+00  3.013208e-02 
 6.684868e+00  3.013208e-02 
 6.685190e+00  3.013207e-02 
 6.685511e+00  3.013207e-02 
 6.685833e+00  3.013207e-02 
 6.686154e+00  3.013207e-02 
 6.686476e+00  3.013207e-02 
 6.686797e+00  3.013207e-02 
 6.687119e+00  3.013207e-02 
 6.687441e+00  3.013206e-02 
 6.687762e+00  3.013206e-02 
 6.688084e+00  3.013206e-02 
 6.688405e+00  3.013206e-02 
 6.688727e+00  3.013206e-02 
 6.689048e+00  3.013206e-02 
 6.689370e+00  3.013206e-02 
 6.689691e+00  3.013205e-02 
 6.690013e+00  3.013205e-02 
 6.690335e+00  3.013205e-02 
 6.690656e+00  3.013205e-02 
 6.690978e+00  3.013205e-02 
 6.691299e+00  3.013205e-02 
 6.691621e+00  3.013205e-02 
 6.691942e+00  3.013204e-02 
 6.692264e+00  3.013204e-02 
 6.692585e+00  3.013204e-02 
 6.692907e+00  3.013204e-02 
 6.693229e+00  3.013204e-02 
 6.693550e+00  3.013204e-02 
 6.693872e+00  3.013204e-02 
 6.694193e+00  3.013203e-02 
 6.694515e+00  3.013203e-02 
 6.694836e+00  3.013203e-02 
 6.695158e+00  3.013203e-02 
 6.695479e+00  3.013203e-02 
 6.695801e+00  3.013203e-02 
 6.696123e+00  3.013202e-02 
 6.696444e+00  3.013202e-02 
 6.696766e+00  3.013202e-02 
 6.697087e+00  3.013202e-02 
 6.697409e+00  3.013202e-02 
 6.697730e+00  3.013202e-02 
 6.698052e+00  3.013202e-02 
 6.698373e+00  3.013201e-02 
 6.698695e+00  3.013201e-02 
 6.699017e+00  3.013201e-02 
 6.699338e+00  3.013201e-02 
 6.699660e+00  3.013201e-02 
 6.699981e+00  3.013201e-02 
 6.700303e+00  3.013200e-02 
 6.700624e+00  3.013200e-02 
 6.700946e+00  3.013200e-02 
 6.701267e+00  3.013200e-02 
 6.701589e+00  3.013200e-02 
 6.701911e+00  3.013200e-02 
 6.702232e+00  3.013199e-02 
 6.702554e+00  3.013199e-02 
 6.702875e+00  3.013199e-02 
 6.703197e+00  3.013199e-02 
 6.703518e+00  3.013199e-02 
 6.703840e+00  3.013198e-02 
 6.704161e+00  3.013198e-02 
 6.704483e+00  3.013198e-02 
 6.704805e+00  3.013198e-02 
 6.705126e+00  3.013198e-02 
 6.705448e+00  3.013198e-02 
 6.705769e+00  3.013197e-02 
 6.706091e+00  3.013197e-02 
 6.706412e+00  3.013197e-02 
 6.706734e+00  3.013197e-02 
 6.707055e+00  3.013197e-02 
 6.707377e+00  3.013196e-02 
 6.707699e+00  3.013196e-02 
 6.708020e+00  3.013196e-02 
 6.708342e+00  3.013196e-02 
 6.708663e+00  3.013195e-02 
 6.708985e+00  3.013195e-02 
 6.709306e+00  3.013195e-02 
 6.709628e+00  3.013195e-02 
 6.709949e+00  3.013195e-02 
 6.710271e+00  3.013194e-02 
 6.710593e+00  3.013194e-02 
 6.710914e+00  3.013194e-02 
 6.711236e+00  3.013194e-02 
 6.711557e+00  3.013193e-02 
 6.711879e+00  3.013193e-02 
 6.712200e+00  3.013193e-02 
 6.712522e+00  3.013193e-02 
 6.712843e+00  3.013192e-02 
 6.713165e+00  3.013192e-02 
 6.713487e+00  3.013192e-02 
 6.713808e+00  3.013191e-02 
 6.714130e+00  3.013191e-02 
 6.714451e+00  3.013191e-02 
 6.714773e+00  3.013191e-02 
 6.715094e+00  3.013190e-02 
 6.715416e+00  3.013190e-02 
 6.715737e+00  3.013190e-02 
 6.716059e+00  3.013189e-02 
 6.716381e+00  3.013189e-02 
 6.716702e+00  3.013189e-02 
 6.717024e+00  3.013188e-02 
 6.717345e+00  3.013188e-02 
 6.717667e+00  3.013188e-02 
 6.717988e+00  3.013188e-02 
 6.718310e+00  3.013187e-02 
 6.718631e+00  3.013187e-02 
 6.718953e+00  3.013187e-02 
 6.719275e+00  3.013186e-02 
 6.719596e+00  3.013186e-02 
 6.719918e+00  3.013185e-02 
 6.720239e+00  3.013185e-02 
 6.720561e+00  3.013185e-02 
 6.720882e+00  3.013184e-02 
 6.721204e+00  3.013184e-02 
 6.721525e+00  3.013184e-02 
 6.721847e+00  3.013183e-02 
 6.722169e+00  3.013183e-02 
 6.722490e+00  3.013182e-02 
 6.722812e+00  3.013182e-02 
 6.723133e+00  3.013182e-02 
 6.723455e+00  3.013181e-02 
 6.723776e+00  3.013181e-02 
 6.724098e+00  3.013180e-02 
 6.724419e+00  3.013180e-02 
 6.724741e+00  3.013180e-02 
 6.725063e+00  3.013179e-02 
 6.725384e+00  3.013179e-02 
 6.725706e+00  3.013178e-02 
 6.726027e+00  3.013178e-02 
 6.726349e+00  3.013177e-02 
 6.726670e+00  3.013177e-02 
 6.726992e+00  3.013177e-02 
 6.727313e+00  3.013176e-02 
 6.727635e+00  3.013176e-02 
 6.727957e+00  3.013175e-02 
 6.728278e+00  3.013175e-02 
 6.728600e+00  3.013174e-02 
 6.728921e+00  3.013174e-02 
 6.729243e+00  3.013173e-02 
 6.729564e+00  3.013173e-02 
 6.729886e+00  3.013172e-02 
 6.730207e+00  3.013172e-02 
 6.730529e+00  3.013171e-02 
 6.730851e+00  3.013171e-02 
 6.731172e+00  3.013170e-02 
 6.731494e+00  3.013170e-02 
 6.731815e+00  3.013169e-02 
 6.732137e+00  3.013169e-02 
 6.732458e+00  3.013168e-02 
 6.732780e+00  3.013168e-02 
 6.733102e+00  3.013167e-02 
 6.733423e+00  3.013167e-02 
 6.733745e+00  3.013166e-02 
 6.734066e+00  3.013166e-02 
 6.734388e+00  3.013165e-02 
 6.734709e+00  3.013165e-02 
 6.735031e+00  3.013164e-02 
 6.735352e+00  3.013164e-02 
 6.735674e+00  3.013163e-02 
 6.735996e+00  3.013163e-02 
 6.736317e+00  3.013162e-02 
 6.736639e+00  3.013162e-02 
 6.736960e+00  3.013161e-02 
 6.737282e+00  3.013161e-02 
 6.737603e+00  3.013160e-02 
 6.737925e+00  3.013160e-02 
 6.738246e+00  3.013159e-02 
 6.738568e+00  3.013158e-02 
 6.738890e+00  3.013158e-02 
 6.739211e+00  3.013157e-02 
 6.739533e+00  3.013157e-02 
 6.739854e+00  3.013156e-02 
 6.740176e+00  3.013156e-02 
 6.740497e+00  3.013155e-02 
 6.740819e+00  3.013155e-02 
 6.741140e+00  3.013154e-02 
 6.741462e+00  3.013154e-02 
 6.741784e+00  3.013153e-02 
 6.742105e+00  3.013153e-02 
 6.742427e+00  3.013152e-02 
 6.742748e+00  3.013151e-02 
 6.743070e+00  3.013151e-02 
 6.743391e+00  3.013150e-02 
 6.743713e+00  3.013150e-02 
 6.744034e+00  3.013149e-02 
 6.744356e+00  3.013149e-02 
 6.744678e+00  3.013148e-02 
 6.744999e+00  3.013148e-02 
 6.745321e+00  3.013147e-02 
 6.745642e+00  3.013147e-02 
 6.745964e+00  3.013146e-02 
 6.746285e+00  3.013146e-02 
 6.746607e+00  3.013145e-02 
 6.746928e+00  3.013145e-02 
 6.747250e+00  3.013144e-02 
 6.747572e+00  3.013143e-02 
 6.747893e+00  3.013143e-02 
 6.748215e+00  3.013142e-02 
 6.748536e+00  3.013142e-02 
 6.748858e+00  3.013141e-02 
 6.749179e+00  3.013141e-02 
 6.749501e+00  3.013140e-02 
 6.749822e+00  3.013140e-02 
 6.750144e+00  3.013139e-02 
 6.750466e+00  3.013139e-02 
 6.750787e+00  3.013138e-02 
 6.751109e+00  3.013138e-02 
 6.751430e+00  3.013137e-02 
 6.751752e+00  3.013137e-02 
 6.752073e+00  3.013136e-02 
 6.752395e+00  3.013136e-02 
 6.752716e+00  3.013135e-02 
 6.753038e+00  3.013135e-02 
 6.753360e+00  3.013134e-02 
 6.753681e+00  3.013134e-02 
 6.754003e+00  3.013133e-02 
 6.754324e+00  3.013133e-02 
 6.754646e+00  3.013132e-02 
 6.754967e+00  3.013132e-02 
 6.755289e+00  3.013131e-02 
 6.755610e+00  3.013131e-02 
 6.755932e+00  3.013130e-02 
 6.756254e+00  3.013130e-02 
 6.756575e+00  3.013129e-02 
 6.756897e+00  3.013129e-02 
 6.757218e+00  3.013128e-02 
 6.757540e+00  3.013128e-02 
 6.757861e+00  3.013127e-02 
 6.758183e+00  3.013127e-02 
 6.758504e+00  3.013126e-02 
 6.758826e+00  3.013126e-02 
 6.759148e+00  3.013125e-02 
 6.759469e+00  3.013125e-02 
 6.759791e+00  3.013124e-02 
 6.760112e+00  3.013124e-02 
 6.760434e+00  3.013123e-02 
 6.760755e+00  3.013123e-02 
 6.761077e+00  3.013122e-02 
 6.761398e+00  3.013122e-02 
 6.761720e+00  3.013121e-02 
 6.762042e+00  3.013121e-02 
 6.762363e+00  3.013120e-02 
 6.762685e+00  3.013120e-02 
 6.763006e+00  3.013119e-02 
 6.763328e+00  3.013119e-02 
 6.763649e+00  3.013118e-02 
 6.763971e+00  3.013118e-02 
 6.764292e+00  3.013118e-02 
 6.764614e+00  3.013117e-02 
 6.764936e+00  3.013117e-02 
 6.765257e+00  3.013116e-02 
 6.765579e+00  3.013116e-02 
 6.765900e+00  3.013115e-02 
 6.766222e+00  3.013115e-02 
 6.766543e+00  3.013114e-02 
 6.766865e+00  3.013114e-02 
 6.767186e+00  3.013114e-02 
 6.767508e+00  3.013113e-02 
 6.767830e+00  3.013113e-02 
 6.768151e+00  3.013112e-02 
 6.768473e+00  3.013112e-02 
 6.768794e+00  3.013112e-02 
 6.769116e+00  3.013111e-02 
 6.769437e+00  3.013111e-02 
 6.769759e+00  3.013110e-02 
 6.770080e+00  3.013110e-02 
 6.770402e+00  3.013110e-02 
 6.770724e+00  3.013109e-02 
 6.771045e+00  3.013109e-02 
 6.771367e+00  3.013108e-02 
 6.771688e+00  3.013108e-02 
 6.772010e+00  3.013108e-02 
 6.772331e+00  3.013107e-02 
 6.772653e+00  3.013107e-02 
 6.772974e+00  3.013107e-02 
 6.773296e+00  3.013106e-02 
 6.773618e+00  3.013106e-02 
 6.773939e+00  3.013106e-02 
 6.774261e+00  3.013105e-02 
 6.774582e+00  3.013105e-02 
 6.774904e+00  3.013105e-02 
 6.775225e+00  3.013104e-02 
 6.775547e+00  3.013104e-02 
 6.775868e+00  3.013104e-02 
 6.776190e+00  3.013103e-02 
 6.776512e+00  3.013103e-02 
 6.776833e+00  3.013103e-02 
 6.777155e+00  3.013102e-02 
 6.777476e+00  3.013102e-02 
 6.777798e+00  3.013102e-02 
 6.778119e+00  3.013102e-02 
 6.778441e+00  3.013101e-02 
 6.778762e+00  3.013101e-02 
 6.779084e+00  3.013101e-02 
 6.779406e+00  3.013101e-02 
 6.779727e+00  3.013100e-02 
 6.780049e+00  3.013100e-02 
 6.780370e+00  3.013100e-02 
 6.780692e+00  3.013100e-02 
 6.781013e+00  3.013099e-02 
 6.781335e+00  3.013099e-02 
 6.781656e+00  3.013099e-02 
 6.781978e+00  3.013099e-02 
 6.782300e+00  3.013098e-02 
 6.782621e+00  3.013098e-02 
 6.782943e+00  3.013098e-02 
 6.783264e+00  3.013098e-02 
 6.783586e+00  3.013098e-02 
 6.783907e+00  3.013097e-02 
 6.784229e+00  3.013097e-02 
 6.784551e+00  3.013097e-02 
 6.784872e+00  3.013097e-02 
 6.785194e+00  3.013097e-02 
 6.785515e+00  3.013097e-02 
 6.785837e+00  3.013096e-02 
 6.786158e+00  3.013096e-02 
 6.786480e+00  3.013096e-02 
 6.786801e+00  3.013096e-02 
 6.787123e+00  3.013096e-02 
 6.787445e+00  3.013096e-02 
 6.787766e+00  3.013096e-02 
 6.788088e+00  3.013096e-02 
 6.788409e+00  3.013095e-02 
 6.788731e+00  3.013095e-02 
 6.789052e+00  3.013095e-02 
 6.789374e+00  3.013095e-02 
 6.789695e+00  3.013095e-02 
 6.790017e+00  3.013095e-02 
 6.790339e+00  3.013095e-02 
 6.790660e+00  3.013095e-02 
 6.790982e+00  3.013095e-02 
 6.791303e+00  3.013095e-02 
 6.791625e+00  3.013095e-02 
 6.791946e+00  3.013094e-02 
 6.792268e+00  3.013094e-02 
 6.792589e+00  3.013094e-02 
 6.792911e+00  3.013094e-02 
 6.793233e+00  3.013094e-02 
 6.793554e+00  3.013094e-02 
 6.793876e+00  3.013094e-02 
 6.794197e+00  3.013094e-02 
 6.794519e+00  3.013094e-02 
 6.794840e+00  3.013094e-02 
 6.795162e+00  3.013094e-02 
 6.795483e+00  3.013094e-02 
 6.795805e+00  3.013094e-02 
 6.796127e+00  3.013094e-02 
 6.796448e+00  3.013094e-02 
 6.796770e+00  3.013094e-02 
 6.797091e+00  3.013094e-02 
 6.797413e+00  3.013094e-02 
 6.797734e+00  3.013094e-02 
 6.798056e+00  3.013094e-02 
 6.798377e+00  3.013094e-02 
 6.798699e+00  3.013095e-02 
 6.799021e+00  3.013095e-02 
 6.799342e+00  3.013095e-02 
 6.799664e+00  3.013095e-02 
 6.799985e+00  3.013095e-02 
 6.800307e+00  3.013095e-02 
 6.800628e+00  3.013095e-02 
 6.800950e+00  3.013095e-02 
 6.801271e+00  3.013095e-02 
 6.801593e+00  3.013095e-02 
 6.801915e+00  3.013096e-02 
 6.802236e+00  3.013096e-02 
 6.802558e+00  3.013096e-02 
 6.802879e+00  3.013096e-02 
 6.803201e+00  3.013096e-02 
 6.803522e+00  3.013096e-02 
 6.803844e+00  3.013096e-02 
 6.804165e+00  3.013097e-02 
 6.804487e+00  3.013097e-02 
 6.804809e+00  3.013097e-02 
 6.805130e+00  3.013097e-02 
 6.805452e+00  3.013097e-02 
 6.805773e+00  3.013098e-02 
 6.806095e+00  3.013098e-02 
 6.806416e+00  3.013098e-02 
 6.806738e+00  3.013098e-02 
 6.807059e+00  3.013098e-02 
 6.807381e+00  3.013099e-02 
 6.807703e+00  3.013099e-02 
 6.808024e+00  3.013099e-02 
 6.808346e+00  3.013100e-02 
 6.808667e+00  3.013100e-02 
 6.808989e+00  3.013100e-02 
 6.809310e+00  3.013100e-02 
 6.809632e+00  3.013101e-02 
 6.809953e+00  3.013101e-02 
 6.810275e+00  3.013101e-02 
 6.810597e+00  3.013102e-02 
 6.810918e+00  3.013102e-02 
 6.811240e+00  3.013102e-02 
 6.811561e+00  3.013103e-02 
 6.811883e+00  3.013103e-02 
 6.812204e+00  3.013103e-02 
 6.812526e+00  3.013104e-02 
 6.812847e+00  3.013104e-02 
 6.813169e+00  3.013105e-02 
 6.813491e+00  3.013105e-02 
 6.813812e+00  3.013105e-02 
 6.814134e+00  3.013106e-02 
 6.814455e+00  3.013106e-02 
 6.814777e+00  3.013107e-02 
 6.815098e+00  3.013107e-02 
 6.815420e+00  3.013107e-02 
 6.815741e+00  3.013108e-02 
 6.816063e+00  3.013108e-02 
 6.816385e+00  3.013109e-02 
 6.816706e+00  3.013109e-02 
 6.817028e+00  3.013110e-02 
 6.817349e+00  3.013110e-02 
 6.817671e+00  3.013111e-02 
 6.817992e+00  3.013111e-02 
 6.818314e+00  3.013112e-02 
 6.818635e+00  3.013112e-02 
 6.818957e+00  3.013113e-02 
 6.819279e+00  3.013114e-02 
 6.819600e+00  3.013114e-02 
 6.819922e+00  3.013115e-02 
 6.820243e+00  3.013115e-02 
 6.820565e+00  3.013116e-02 
 6.820886e+00  3.013117e-02 
 6.821208e+00  3.013117e-02 
 6.821529e+00  3.013118e-02 
 6.821851e+00  3.013118e-02 
 6.822173e+00  3.013119e-02 
 6.822494e+00  3.013120e-02 
 6.822816e+00  3.013120e-02 
 6.823137e+00  3.013121e-02 
 6.823459e+00  3.013122e-02 
 6.823780e+00  3.013122e-02 
 6.824102e+00  3.013123e-02 
 6.824423e+00  3.013124e-02 
 6.824745e+00  3.013124e-02 
 6.825067e+00  3.013125e-02 
 6.825388e+00  3.013126e-02 
 6.825710e+00  3.013127e-02 
 6.826031e+00  3.013127e-02 
 6.826353e+00  3.013128e-02 
 6.826674e+00  3.013129e-02 
 6.826996e+00  3.013130e-02 
 6.827317e+00  3.013131e-02 
 6.827639e+00  3.013131e-02 
 6.827961e+00  3.013132e-02 
 6.828282e+00  3.013133e-02 
 6.828604e+00  3.013134e-02 
 6.828925e+00  3.013135e-02 
 6.829247e+00  3.013135e-02 
 6.829568e+00  3.013136e-02 
 6.829890e+00  3.013137e-02 
 6.830211e+00  3.013138e-02 
 6.830533e+00  3.013139e-02 
 6.830855e+00  3.013140e-02 
 6.831176e+00  3.013141e-02 
 6.831498e+00  3.013142e-02 
 6.831819e+00  3.013142e-02 
 6.832141e+00  3.013143e-02 
 6.832462e+00  3.013144e-02 
 6.832784e+00  3.013145e-02 
 6.833106e+00  3.013146e-02 
 6.833427e+00  3.013147e-02 
 6.833749e+00  3.013148e-02 
 6.834070e+00  3.013149e-02 
 6.834392e+00  3.013150e-02 
 6.834713e+00  3.013151e-02 
 6.835035e+00  3.013152e-02 
 6.835356e+00  3.013153e-02 
 6.835678e+00  3.013154e-02 
 6.836000e+00  3.013155e-02 
 6.836321e+00  3.013156e-02 
 6.836643e+00  3.013157e-02 
 6.836964e+00  3.013158e-02 
 6.837286e+00  3.013159e-02 
 6.837607e+00  3.013160e-02 
 6.837929e+00  3.013161e-02 
 6.838250e+00  3.013162e-02 
 6.838572e+00  3.013164e-02 
 6.838894e+00  3.013165e-02 
 6.839215e+00  3.013166e-02 
 6.839537e+00  3.013167e-02 
 6.839858e+00  3.013168e-02 
 6.840180e+00  3.013169e-02 
 6.840501e+00  3.013170e-02 
 6.840823e+00  3.013171e-02 
 6.841144e+00  3.013173e-02 
 6.841466e+00  3.013174e-02 
 6.841788e+00  3.013175e-02 
 6.842109e+00  3.013176e-02 
 6.842431e+00  3.013177e-02 
 6.842752e+00  3.013178e-02 
 6.843074e+00  3.013180e-02 
 6.843395e+00  3.013181e-02 
 6.843717e+00  3.013182e-02 
 6.844038e+00  3.013183e-02 
 6.844360e+00  3.013184e-02 
 6.844682e+00  3.013186e-02 
 6.845003e+00  3.013187e-02 
 6.845325e+00  3.013188e-02 
 6.845646e+00  3.013189e-02 
 6.845968e+00  3.013191e-02 
 6.846289e+00  3.013192e-02 
 6.846611e+00  3.013193e-02 
 6.846932e+00  3.013194e-02 
 6.847254e+00  3.013196e-02 
 6.847576e+00  3.013197e-02 
 6.847897e+00  3.013198e-02 
 6.848219e+00  3.013200e-02 
 6.848540e+00  3.013201e-02 
 6.848862e+00  3.013202e-02 
 6.849183e+00  3.013204e-02 
 6.849505e+00  3.013205e-02 
 6.849826e+00  3.013206e-02 
 6.850148e+00  3.013208e-02 
 6.850470e+00  3.013209e-02 
 6.850791e+00  3.013210e-02 
 6.851113e+00  3.013212e-02 
 6.851434e+00  3.013213e-02 
 6.851756e+00  3.013215e-02 
 6.852077e+00  3.013216e-02 
 6.852399e+00  3.013217e-02 
 6.852720e+00  3.013219e-02 
 6.853042e+00  3.013220e-02 
 6.853364e+00  3.013222e-02 
 6.853685e+00  3.013223e-02 
 6.854007e+00  3.013225e-02 
 6.854328e+00  3.013226e-02 
 6.854650e+00  3.013227e-02 
 6.854971e+00  3.013229e-02 
 6.855293e+00  3.013230e-02 
 6.855614e+00  3.013232e-02 
 6.855936e+00  3.013233e-02 
 6.856258e+00  3.013235e-02 
 6.856579e+00  3.013236e-02 
 6.856901e+00  3.013238e-02 
 6.857222e+00  3.013239e-02 
 6.857544e+00  3.013241e-02 
 6.857865e+00  3.013242e-02 
 6.858187e+00  3.013244e-02 
 6.858508e+00  3.013246e-02 
 6.858830e+00  3.013247e-02 
 6.859152e+00  3.013249e-02 
 6.859473e+00  3.013250e-02 
 6.859795e+00  3.013252e-02 
 6.860116e+00  3.013253e-02 
 6.860438e+00  3.013255e-02 
 6.860759e+00  3.013256e-02 
 6.861081e+00  3.013258e-02 
 6.861402e+00  3.013260e-02 
 6.861724e+00  3.013261e-02 
 6.862046e+00  3.013263e-02 
 6.862367e+00  3.013264e-02 
 6.862689e+00  3.013266e-02 
 6.863010e+00  3.013268e-02 
 6.863332e+00  3.013269e-02 
 6.863653e+00  3.013271e-02 
 6.863975e+00  3.013273e-02 
 6.864296e+00  3.013274e-02 
 6.864618e+00  3.013276e-02 
 6.864940e+00  3.013278e-02 
 6.865261e+00  3.013279e-02 
 6.865583e+00  3.013281e-02 
 6.865904e+00  3.013283e-02 
 6.866226e+00  3.013284e-02 
 6.866547e+00  3.013286e-02 
 6.866869e+00  3.013288e-02 
 6.867190e+00  3.013289e-02 
 6.867512e+00  3.013291e-02 
 6.867834e+00  3.013293e-02 
 6.868155e+00  3.013294e-02 
 6.868477e+00  3.013296e-02 
 6.868798e+00  3.013298e-02 
 6.869120e+00  3.013300e-02 
 6.869441e+00  3.013301e-02 
 6.869763e+00  3.013303e-02 
 6.870084e+00  3.013305e-02 
 6.870406e+00  3.013306e-02 
 6.870728e+00  3.013308e-02 
 6.871049e+00  3.013310e-02 
 6.871371e+00  3.013312e-02 
 6.871692e+00  3.013313e-02 
 6.872014e+00  3.013315e-02 
 6.872335e+00  3.013317e-02 
 6.872657e+00  3.013319e-02 
 6.872978e+00  3.013320e-02 
 6.873300e+00  3.013322e-02 
 6.873622e+00  3.013324e-02 
 6.873943e+00  3.013326e-02 
 6.874265e+00  3.013328e-02 
 6.874586e+00  3.013329e-02 
 6.874908e+00  3.013331e-02 
 6.875229e+00  3.013333e-02 
 6.875551e+00  3.013335e-02 
 6.875872e+00  3.013336e-02 
 6.876194e+00  3.013338e-02 
 6.876516e+00  3.013340e-02 
 6.876837e+00  3.013342e-02 
 6.877159e+00  3.013344e-02 
 6.877480e+00  3.013346e-02 
 6.877802e+00  3.013347e-02 
 6.878123e+00  3.013349e-02 
 6.878445e+00  3.013351e-02 
 6.878766e+00  3.013353e-02 
 6.879088e+00  3.013355e-02 
 6.879410e+00  3.013356e-02 
 6.879731e+00  3.013358e-02 
 6.880053e+00  3.013360e-02 
 6.880374e+00  3.013362e-02 
 6.880696e+00  3.013364e-02 
 6.881017e+00  3.013366e-02 
 6.881339e+00  3.013368e-02 
 6.881661e+00  3.013369e-02 
 6.881982e+00  3.013371e-02 
 6.882304e+00  3.013373e-02 
 6.882625e+00  3.013375e-02 
 6.882947e+00  3.013377e-02 
 6.883268e+00  3.013379e-02 
 6.883590e+00  3.013381e-02 
 6.883911e+00  3.013383e-02 
 6.884233e+00  3.013384e-02 
 6.884555e+00  3.013386e-02 
 6.884876e+00  3.013388e-02 
 6.885198e+00  3.013390e-02 
 6.885519e+00  3.013392e-02 
 6.885841e+00  3.013394e-02 
 6.886162e+00  3.013396e-02 
 6.886484e+00  3.013398e-02 
 6.886805e+00  3.013400e-02 
 6.887127e+00  3.013401e-02 
 6.887449e+00  3.013403e-02 
 6.887770e+00  3.013405e-02 
 6.888092e+00  3.013407e-02 
 6.888413e+00  3.013409e-02 
 6.888735e+00  3.013411e-02 
 6.889056e+00  3.013413e-02 
 6.889378e+00  3.013415e-02 
 6.889699e+00  3.013417e-02 
 6.890021e+00  3.013419e-02 
 6.890343e+00  3.013420e-02 
 6.890664e+00  3.013422e-02 
 6.890986e+00  3.013424e-02 
 6.891307e+00  3.013426e-02 
 6.891629e+00  3.013428e-02 
 6.891950e+00  3.013430e-02 
 6.892272e+00  3.013432e-02 
 6.892593e+00  3.013434e-02 
 6.892915e+00  3.013436e-02 
 6.893237e+00  3.013438e-02 
 6.893558e+00  3.013440e-02 
 6.893880e+00  3.013442e-02 
 6.894201e+00  3.013443e-02 
 6.894523e+00  3.013445e-02 
 6.894844e+00  3.013447e-02 
 6.895166e+00  3.013449e-02 
 6.895487e+00  3.013451e-02 
 6.895809e+00  3.013453e-02 
 6.896131e+00  3.013455e-02 
 6.896452e+00  3.013457e-02 
 6.896774e+00  3.013459e-02 
 6.897095e+00  3.013461e-02 
 6.897417e+00  3.013463e-02 
 6.897738e+00  3.013464e-02 
 6.898060e+00  3.013466e-02 
 6.898381e+00  3.013468e-02 
 6.898703e+00  3.013470e-02 
 6.899025e+00  3.013472e-02 
 6.899346e+00  3.013474e-02 
 6.899668e+00  3.013476e-02 
 6.899989e+00  3.013478e-02 
 6.900311e+00  3.013480e-02 
 6.900632e+00  3.013482e-02 
 6.900954e+00  3.013484e-02 
 6.901275e+00  3.013485e-02 
 6.901597e+00  3.013487e-02 
 6.901919e+00  3.013489e-02 
 6.902240e+00  3.013491e-02 
 6.902562e+00  3.013493e-02 
 6.902883e+00  3.013495e-02 
 6.903205e+00  3.013497e-02 
 6.903526e+00  3.013499e-02 
 6.903848e+00  3.013501e-02 
 6.904169e+00  3.013502e-02 
 6.904491e+00  3.013504e-02 
 6.904813e+00  3.013506e-02 
 6.905134e+00  3.013508e-02 
 6.905456e+00  3.013510e-02 
 6.905777e+00  3.013512e-02 
 6.906099e+00  3.013514e-02 
 6.906420e+00  3.013516e-02 
 6.906742e+00  3.013517e-02 
 6.907063e+00  3.013519e-02 
 6.907385e+00  3.013521e-02 
 6.907707e+00  3.013523e-02 
 6.908028e+00  3.013525e-02 
 6.908350e+00  3.013527e-02 
 6.908671e+00  3.013529e-02 
 6.908993e+00  3.013530e-02 
 6.909314e+00  3.013532e-02 
 6.909636e+00  3.013534e-02 
 6.909957e+00  3.013536e-02 
 6.910279e+00  3.013538e-02 
 6.910601e+00  3.013540e-02 
 6.910922e+00  3.013541e-02 
 6.911244e+00  3.013543e-02 
 6.911565e+00  3.013545e-02 
 6.911887e+00  3.013547e-02 
 6.912208e+00  3.013549e-02 
 6.912530e+00  3.013550e-02 
 6.912851e+00  3.013552e-02 
 6.913173e+00  3.013554e-02 
 6.913495e+00  3.013556e-02 
 6.913816e+00  3.013558e-02 
 6.914138e+00  3.013559e-02 
 6.914459e+00  3.013561e-02 
 6.914781e+00  3.013563e-02 
 6.915102e+00  3.013565e-02 
 6.915424e+00  3.013566e-02 
 6.915745e+00  3.013568e-02 
 6.916067e+00  3.013570e-02 
 6.916389e+00  3.013572e-02 
 6.916710e+00  3.013573e-02 
 6.917032e+00  3.013575e-02 
 6.917353e+00  3.013577e-02 
 6.917675e+00  3.013579e-02 
 6.917996e+00  3.013580e-02 
 6.918318e+00  3.013582e-02 
 6.918639e+00  3.013584e-02 
 6.918961e+00  3.013586e-02 
 6.919283e+00  3.013587e-02 
 6.919604e+00  3.013589e-02 
 6.919926e+00  3.013591e-02 
 6.920247e+00  3.013592e-02 
 6.920569e+00  3.013594e-02 
 6.920890e+00  3.013596e-02 
 6.921212e+00  3.013597e-02 
 6.921533e+00  3.013599e-02 
 6.921855e+00  3.013601e-02 
 6.922177e+00  3.013602e-02 
 6.922498e+00  3.013604e-02 
 6.922820e+00  3.013606e-02 
 6.923141e+00  3.013607e-02 
 6.923463e+00  3.013609e-02 
 6.923784e+00  3.013611e-02 
 6.924106e+00  3.013612e-02 
 6.924427e+00  3.013614e-02 
 6.924749e+00  3.013615e-02 
 6.925071e+00  3.013617e-02 
 6.925392e+00  3.013619e-02 
 6.925714e+00  3.013620e-02 
 6.926035e+00  3.013622e-02 
 6.926357e+00  3.013623e-02 
 6.926678e+00  3.013625e-02 
 6.927000e+00  3.013627e-02 
 6.927321e+00  3.013628e-02 
 6.927643e+00  3.013630e-02 
 6.927965e+00  3.013631e-02 
 6.928286e+00  3.013633e-02 
 6.928608e+00  3.013634e-02 
 6.928929e+00  3.013636e-02 
 6.929251e+00  3.013637e-02 
 6.929572e+00  3.013639e-02 
 6.929894e+00  3.013640e-02 
 6.930216e+00  3.013642e-02 
 6.930537e+00  3.013643e-02 
 6.930859e+00  3.013645e-02 
 6.931180e+00  3.013646e-02 
 6.931502e+00  3.013648e-02 
 6.931823e+00  3.013649e-02 
 6.932145e+00  3.013651e-02 
 6.932466e+00  3.013652e-02 
 6.932788e+00  3.013654e-02 
 6.933110e+00  3.013655e-02 
 6.933431e+00  3.013657e-02 
 6.933753e+00  3.013658e-02 
 6.934074e+00  3.013659e-02 
 6.934396e+00  3.013661e-02 
 6.934717e+00  3.013662e-02 
 6.935039e+00  3.013664e-02 
 6.935360e+00  3.013665e-02 
 6.935682e+00  3.013666e-02 
 6.936004e+00  3.013668e-02 
 6.936325e+00  3.013669e-02 
 6.936647e+00  3.013671e-02 
 6.936968e+00  3.013672e-02 
 6.937290e+00  3.013673e-02 
 6.937611e+00  3.013675e-02 
 6.937933e+00  3.013676e-02 
 6.938254e+00  3.013677e-02 
 6.938576e+00  3.013678e-02 
 6.938898e+00  3.013680e-02 
 6.939219e+00  3.013681e-02 
 6.939541e+00  3.013682e-02 
 6.939862e+00  3.013684e-02 
 6.940184e+00  3.013685e-02 
 6.940505e+00  3.013686e-02 
 6.940827e+00  3.013687e-02 
 6.941148e+00  3.013689e-02 
 6.941470e+00  3.013690e-02 
 6.941792e+00  3.013691e-02 
 6.942113e+00  3.013692e-02 
 6.942435e+00  3.013694e-02 
 6.942756e+00  3.013695e-02 
 6.943078e+00  3.013696e-02 
 6.943399e+00  3.013697e-02 
 6.943721e+00  3.013698e-02 
 6.944042e+00  3.013699e-02 
 6.944364e+00  3.013701e-02 
 6.944686e+00  3.013702e-02 
 6.945007e+00  3.013703e-02 
 6.945329e+00  3.013704e-02 
 6.945650e+00  3.013705e-02 
 6.945972e+00  3.013706e-02 
 6.946293e+00  3.013707e-02 
 6.946615e+00  3.013708e-02 
 6.946936e+00  3.013710e-02 
 6.947258e+00  3.013711e-02 
 6.947580e+00  3.013712e-02 
 6.947901e+00  3.013713e-02 
 6.948223e+00  3.013714e-02 
 6.948544e+00  3.013715e-02 
 6.948866e+00  3.013716e-02 
 6.949187e+00  3.013717e-02 
 6.949509e+00  3.013718e-02 
 6.949830e+00  3.013719e-02 
 6.950152e+00  3.013720e-02 
 6.950474e+00  3.013721e-02 
 6.950795e+00  3.013722e-02 
 6.951117e+00  3.013723e-02 
 6.951438e+00  3.013724e-02 
 6.951760e+00  3.013725e-02 
 6.952081e+00  3.013726e-02 
 6.952403e+00  3.013726e-02 
 6.952724e+00  3.013727e-02 
 6.953046e+00  3.013728e-02 
 6.953368e+00  3.013729e-02 
 6.953689e+00  3.013730e-02 
 6.954011e+00  3.013731e-02 
 6.954332e+00  3.013732e-02 
 6.954654e+00  3.013733e-02 
 6.954975e+00  3.013734e-02 
 6.955297e+00  3.013734e-02 
 6.955618e+00  3.013735e-02 
 6.955940e+00  3.013736e-02 
 6.956262e+00  3.013737e-02 
 6.956583e+00  3.013738e-02 
 6.956905e+00  3.013739e-02 
 6.957226e+00  3.013739e-02 
 6.957548e+00  3.013740e-02 
 6.957869e+00  3.013741e-02 
 6.958191e+00  3.013742e-02 
 6.958512e+00  3.013742e-02 
 6.958834e+00  3.013743e-02 
 6.959156e+00  3.013744e-02 
 6.959477e+00  3.013745e-02 
 6.959799e+00  3.013745e-02 
 6.960120e+00  3.013746e-02 
 6.960442e+00  3.013747e-02 
 6.960763e+00  3.013748e-02 
 6.961085e+00  3.013748e-02 
 6.961406e+00  3.013749e-02 
 6.961728e+00  3.013750e-02 
 6.962050e+00  3.013750e-02 
 6.962371e+00  3.013751e-02 
 6.962693e+00  3.013752e-02 
 6.963014e+00  3.013752e-02 
 6.963336e+00  3.013753e-02 
 6.963657e+00  3.013754e-02 
 6.963979e+00  3.013754e-02 
 6.964300e+00  3.013755e-02 
 6.964622e+00  3.013756e-02 
 6.964944e+00  3.013756e-02 
 6.965265e+00  3.013757e-02 
 6.965587e+00  3.013757e-02 
 6.965908e+00  3.013758e-02 
 6.966230e+00  3.013759e-02 
 6.966551e+00  3.013759e-02 
 6.966873e+00  3.013760e-02 
 6.967194e+00  3.013760e-02 
 6.967516e+00  3.013761e-02 
 6.967838e+00  3.013762e-02 
 6.968159e+00  3.013762e-02 
 6.968481e+00  3.013763e-02 
 6.968802e+00  3.013763e-02 
 6.969124e+00  3.013764e-02 
 6.969445e+00  3.013764e-02 
 6.969767e+00  3.013765e-02 
 6.970088e+00  3.013766e-02 
 6.970410e+00  3.013766e-02 
 6.970732e+00  3.013767e-02 
 6.971053e+00  3.013767e-02 
 6.971375e+00  3.013768e-02 
 6.971696e+00  3.013768e-02 
 6.972018e+00  3.013769e-02 
 6.972339e+00  3.013769e-02 
 6.972661e+00  3.013770e-02 
 6.972982e+00  3.013770e-02 
 6.973304e+00  3.013771e-02 
 6.973626e+00  3.013771e-02 
 6.973947e+00  3.013772e-02 
 6.974269e+00  3.013772e-02 
 6.974590e+00  3.013773e-02 
 6.974912e+00  3.013773e-02 
 6.975233e+00  3.013774e-02 
 6.975555e+00  3.013774e-02 
 6.975876e+00  3.013775e-02 
 6.976198e+00  3.013775e-02 
 6.976520e+00  3.013776e-02 
 6.976841e+00  3.013776e-02 
 6.977163e+00  3.013776e-02 
 6.977484e+00  3.013777e-02 
 6.977806e+00  3.013777e-02 
 6.978127e+00  3.013778e-02 
 6.978449e+00  3.013778e-02 
 6.978771e+00  3.013779e-02 
 6.979092e+00  3.013779e-02 
 6.979414e+00  3.013779e-02 
 6.979735e+00  3.013780e-02 
 6.980057e+00  3.013780e-02 
 6.980378e+00  3.013781e-02 
 6.980700e+00  3.013781e-02 
 6.981021e+00  3.013782e-02 
 6.981343e+00  3.013782e-02 
 6.981665e+00  3.013782e-02 
 6.981986e+00  3.013783e-02 
 6.982308e+00  3.013783e-02 
 6.982629e+00  3.013784e-02 
 6.982951e+00  3.013784e-02 
 6.983272e+00  3.013784e-02 
 6.983594e+00  3.013785e-02 
 6.983915e+00  3.013785e-02 
 6.984237e+00  3.013785e-02 
 6.984559e+00  3.013786e-02 
 6.984880e+00  3.013786e-02 
 6.985202e+00  3.013787e-02 
 6.985523e+00  3.013787e-02 
 6.985845e+00  3.013787e-02 
 6.986166e+00  3.013788e-02 
 6.986488e+00  3.013788e-02 
 6.986809e+00  3.013788e-02 
 6.987131e+00  3.013789e-02 
 6.987453e+00  3.013789e-02 
 6.987774e+00  3.013789e-02 
 6.988096e+00  3.013790e-02 
 6.988417e+00  3.013790e-02 
 6.988739e+00  3.013790e-02 
 6.989060e+00  3.013791e-02 
 6.989382e+00  3.013791e-02 
 6.989703e+00  3.013791e-02 
 6.990025e+00  3.013792e-02 
 6.990347e+00  3.013792e-02 
 6.990668e+00  3.013792e-02 
 6.990990e+00  3.013792e-02 
 6.991311e+00  3.013793e-02 
 6.991633e+00  3.013793e-02 
 6.991954e+00  3.013793e-02 
 6.992276e+00  3.013794e-02 
 6.992597e+00  3.013794e-02 
 6.992919e+00  3.013794e-02 
 6.993241e+00  3.013794e-02 
 6.993562e+00  3.013795e-02 
 6.993884e+00  3.013795e-02 
 6.994205e+00  3.013795e-02 
 6.994527e+00  3.013795e-02 
 6.994848e+00  3.013796e-02 
 6.995170e+00  3.013796e-02 
 6.995491e+00  3.013796e-02 
 6.995813e+00  3.013796e-02 
 6.996135e+00  3.013797e-02 
 6.996456e+00  3.013797e-02 
 6.996778e+00  3.013797e-02 
 6.997099e+00  3.013797e-02 
 6.997421e+00  3.013798e-02 
 6.997742e+00  3.013798e-02 
 6.998064e+00  3.013798e-02 
 6.998385e+00  3.013798e-02 
 6.998707e+00  3.013798e-02 
 6.999029e+00  3.013799e-02 
 6.999350e+00  3.013799e-02 
 6.999672e+00  3.013799e-02 
 6.999993e+00  3.013799e-02 
 7.000315e+00  3.013799e-02 
 7.000636e+00  3.013800e-02 
 7.000958e+00  3.013800e-02 
 7.001279e+00  3.013800e-02 
 7.001601e+00  3.013800e-02 
 7.001923e+00  3.013800e-02 
 7.002244e+00  3.013800e-02 
 7.002566e+00  3.013801e-02 
 7.002887e+00  3.013801e-02 
 7.003209e+00  3.013801e-02 
 7.003530e+00  3.013801e-02 
 7.003852e+00  3.013801e-02 
 7.004173e+00  3.013801e-02 
 7.004495e+00  3.013801e-02 
 7.004817e+00  3.013802e-02 
 7.005138e+00  3.013802e-02 
 7.005460e+00  3.013802e-02 
 7.005781e+00  3.013802e-02 
 7.006103e+00  3.013802e-02 
 7.006424e+00  3.013802e-02 
 7.006746e+00  3.013802e-02 
 7.007067e+00  3.013802e-02 
 7.007389e+00  3.013803e-02 
 7.007711e+00  3.013803e-02 
 7.008032e+00  3.013803e-02 
 7.008354e+00  3.013803e-02 
 7.008675e+00  3.013803e-02 
 7.008997e+00  3.013803e-02 
 7.009318e+00  3.013803e-02 
 7.009640e+00  3.013803e-02 
 7.009961e+00  3.013803e-02 
 7.010283e+00  3.013803e-02 
 7.010605e+00  3.013803e-02 
 7.010926e+00  3.013804e-02 
 7.011248e+00  3.013804e-02 
 7.011569e+00  3.013804e-02 
 7.011891e+00  3.013804e-02 
 7.012212e+00  3.013804e-02 
 7.012534e+00  3.013804e-02 
 7.012855e+00  3.013804e-02 
 7.013177e+00  3.013804e-02 
 7.013499e+00  3.013804e-02 
 7.013820e+00  3.013804e-02 
 7.014142e+00  3.013804e-02 
 7.014463e+00  3.013804e-02 
 7.014785e+00  3.013805e-02 
 7.015106e+00  3.013805e-02 
 7.015428e+00  3.013805e-02 
 7.015749e+00  3.013805e-02 
 7.016071e+00  3.013805e-02 
 7.016393e+00  3.013805e-02 
 7.016714e+00  3.013805e-02 
 7.017036e+00  3.013805e-02 
 7.017357e+00  3.013805e-02 
 7.017679e+00  3.013805e-02 
 7.018000e+00  3.013805e-02 
 7.018322e+00  3.013805e-02 
 7.018643e+00  3.013805e-02 
 7.018965e+00  3.013805e-02 
 7.019287e+00  3.013805e-02 
 7.019608e+00  3.013805e-02 
 7.019930e+00  3.013805e-02 
 7.020251e+00  3.013806e-02 
 7.020573e+00  3.013806e-02 
 7.020894e+00  3.013806e-02 
 7.021216e+00  3.013806e-02 
 7.021537e+00  3.013806e-02 
 7.021859e+00  3.013806e-02 
 7.022181e+00  3.013806e-02 
 7.022502e+00  3.013806e-02 
 7.022824e+00  3.013806e-02 
 7.023145e+00  3.013806e-02 
 7.023467e+00  3.013806e-02 
 7.023788e+00  3.013806e-02 
 7.024110e+00  3.013806e-02 
 7.024432e+00  3.013806e-02 
 7.024753e+00  3.013806e-02 
 7.025075e+00  3.013806e-02 
 7.025396e+00  3.013806e-02 
 7.025718e+00  3.013806e-02 
 7.026039e+00  3.013806e-02 
 7.026361e+00  3.013806e-02 
 7.026682e+00  3.013806e-02 
 7.027004e+00  3.013807e-02 
 7.027326e+00  3.013807e-02 
 7.027647e+00  3.013807e-02 
 7.027969e+00  3.013807e-02 
 7.028290e+00  3.013807e-02 
 7.028612e+00  3.013807e-02 
 7.028933e+00  3.013807e-02 
 7.029255e+00  3.013807e-02 
 7.029576e+00  3.013807e-02 
 7.029898e+00  3.013807e-02 
 7.030220e+00  3.013807e-02 
 7.030541e+00  3.013807e-02 
 7.030863e+00  3.013807e-02 
 7.031184e+00  3.013807e-02 
 7.031506e+00  3.013807e-02 
 7.031827e+00  3.013807e-02 
 7.032149e+00  3.013807e-02 
 7.032470e+00  3.013807e-02 
 7.032792e+00  3.013807e-02 
 7.033114e+00  3.013807e-02 
 7.033435e+00  3.013807e-02 
 7.033757e+00  3.013807e-02 
 7.034078e+00  3.013807e-02 
 7.034400e+00  3.013808e-02 
 7.034721e+00  3.013808e-02 
 7.035043e+00  3.013808e-02 
 7.035364e+00  3.013808e-02 
 7.035686e+00  3.013808e-02 
 7.036008e+00  3.013808e-02 
 7.036329e+00  3.013808e-02 
 7.036651e+00  3.013808e-02 
 7.036972e+00  3.013808e-02 
 7.037294e+00  3.013808e-02 
 7.037615e+00  3.013808e-02 
 7.037937e+00  3.013808e-02 
 7.038258e+00  3.013808e-02 
 7.038580e+00  3.013808e-02 
 7.038902e+00  3.013808e-02 
 7.039223e+00  3.013808e-02 
 7.039545e+00  3.013808e-02 
 7.039866e+00  3.013808e-02 
 7.040188e+00  3.013808e-02 
 7.040509e+00  3.013808e-02 
 7.040831e+00  3.013808e-02 
 7.041152e+00  3.013808e-02 
 7.041474e+00  3.013808e-02 
 7.041796e+00  3.013808e-02 
 7.042117e+00  3.013808e-02 
 7.042439e+00  3.013808e-02 
 7.042760e+00  3.013808e-02 
 7.043082e+00  3.013808e-02 
 7.043403e+00  3.013808e-02 
 7.043725e+00  3.013808e-02 
 7.044046e+00  3.013809e-02 
 7.044368e+00  3.013809e-02 
 7.044690e+00  3.013809e-02 
 7.045011e+00  3.013809e-02 
 7.045333e+00  3.013809e-02 
 7.045654e+00  3.013809e-02 
 7.045976e+00  3.013809e-02 
 7.046297e+00  3.013809e-02 
 7.046619e+00  3.013809e-02 
 7.046940e+00  3.013809e-02 
 7.047262e+00  3.013809e-02 
 7.047584e+00  3.013809e-02 
 7.047905e+00  3.013809e-02 
 7.048227e+00  3.013809e-02 
 7.048548e+00  3.013809e-02 
 7.048870e+00  3.013809e-02 
 7.049191e+00  3.013809e-02 
 7.049513e+00  3.013809e-02 
 7.049834e+00  3.013809e-02 
 7.050156e+00  3.013809e-02 
 7.050478e+00  3.013809e-02 
 7.050799e+00  3.013809e-02 
 7.051121e+00  3.013809e-02 
 7.051442e+00  3.013809e-02 
 7.051764e+00  3.013809e-02 
 7.052085e+00  3.013809e-02 
 7.052407e+00  3.013809e-02 
 7.052728e+00  3.013809e-02 
 7.053050e+00  3.013809e-02 
 7.053372e+00  3.013809e-02 
 7.053693e+00  3.013809e-02 
 7.054015e+00  3.013809e-02 
 7.054336e+00  3.013809e-02 
 7.054658e+00  3.013809e-02 
 7.054979e+00  3.013809e-02 
 7.055301e+00  3.013809e-02 
 7.055622e+00  3.013809e-02 
 7.055944e+00  3.013809e-02 
 7.056266e+00  3.013809e-02 
 7.056587e+00  3.013809e-02 
 7.056909e+00  3.013809e-02 
 7.057230e+00  3.013809e-02 
 7.057552e+00  3.013809e-02 
 7.057873e+00  3.013809e-02 
 7.058195e+00  3.013809e-02 
 7.058516e+00  3.013809e-02 
 7.058838e+00  3.013809e-02 
 7.059160e+00  3.013809e-02 
 7.059481e+00  3.013809e-02 
 7.059803e+00  3.013809e-02 
 7.060124e+00  3.013809e-02 
 7.060446e+00  3.013809e-02 
 7.060767e+00  3.013809e-02 
 7.061089e+00  3.013809e-02 
 7.061410e+00  3.013809e-02 
 7.061732e+00  3.013809e-02 
 7.062054e+00  3.013809e-02 
 7.062375e+00  3.013809e-02 
 7.062697e+00  3.013809e-02 
 7.063018e+00  3.013809e-02 
 7.063340e+00  3.013809e-02 
 7.063661e+00  3.013809e-02 
 7.063983e+00  3.013809e-02 
 7.064304e+00  3.013809e-02 
 7.064626e+00  3.013809e-02 
 7.064948e+00  3.013809e-02 
 7.065269e+00  3.013809e-02 
 7.065591e+00  3.013809e-02 
 7.065912e+00  3.013809e-02 
 7.066234e+00  3.013809e-02 
 7.066555e+00  3.013809e-02 
 7.066877e+00  3.013809e-02 
 7.067198e+00  3.013809e-02 
 7.067520e+00  3.013809e-02 
 7.067842e+00  3.013809e-02 
 7.068163e+00  3.013809e-02 
 7.068485e+00  3.013809e-02 
 7.068806e+00  3.013810e-02 
 7.069128e+00  3.013810e-02 
 7.069449e+00  3.013810e-02 
 7.069771e+00  3.013810e-02 
 7.070092e+00  3.013810e-02 
 7.070414e+00  3.013810e-02 
 7.070736e+00  3.013810e-02 
 7.071057e+00  3.013810e-02 
 7.071379e+00  3.013810e-02 
 7.071700e+00  3.013810e-02 
 7.072022e+00  3.013811e-02 
 7.072343e+00  3.013811e-02 
 7.072665e+00  3.013811e-02 
 7.072987e+00  3.013811e-02 
 7.073308e+00  3.013811e-02 
 7.073630e+00  3.013811e-02 
 7.073951e+00  3.013811e-02 
 7.074273e+00  3.013812e-02 
 7.074594e+00  3.013812e-02 
 7.074916e+00  3.013812e-02 
 7.075237e+00  3.013812e-02 
 7.075559e+00  3.013812e-02 
 7.075881e+00  3.013813e-02 
 7.076202e+00  3.013813e-02 
 7.076524e+00  3.013813e-02 
 7.076845e+00  3.013813e-02 
 7.077167e+00  3.013813e-02 
 7.077488e+00  3.013814e-02 
 7.077810e+00  3.013814e-02 
 7.078131e+00  3.013814e-02 
 7.078453e+00  3.013814e-02 
 7.078775e+00  3.013814e-02 
 7.079096e+00  3.013815e-02 
 7.079418e+00  3.013815e-02 
 7.079739e+00  3.013815e-02 
 7.080061e+00  3.013815e-02 
 7.080382e+00  3.013816e-02 
 7.080704e+00  3.013816e-02 
 7.081025e+00  3.013816e-02 
 7.081347e+00  3.013816e-02 
 7.081669e+00  3.013817e-02 
 7.081990e+00  3.013817e-02 
 7.082312e+00  3.013817e-02 
 7.082633e+00  3.013818e-02 
 7.082955e+00  3.013818e-02 
 7.083276e+00  3.013818e-02 
 7.083598e+00  3.013818e-02 
 7.083919e+00  3.013819e-02 
 7.084241e+00  3.013819e-02 
 7.084563e+00  3.013819e-02 
 7.084884e+00  3.013820e-02 
 7.085206e+00  3.013820e-02 
 7.085527e+00  3.013820e-02 
 7.085849e+00  3.013821e-02 
 7.086170e+00  3.013821e-02 
 7.086492e+00  3.013821e-02 
 7.086813e+00  3.013821e-02 
 7.087135e+00  3.013822e-02 
 7.087457e+00  3.013822e-02 
 7.087778e+00  3.013822e-02 
 7.088100e+00  3.013823e-02 
 7.088421e+00  3.013823e-02 
 7.088743e+00  3.013823e-02 
 7.089064e+00  3.013824e-02 
 7.089386e+00  3.013824e-02 
 7.089707e+00  3.013824e-02 
 7.090029e+00  3.013825e-02 
 7.090351e+00  3.013825e-02 
 7.090672e+00  3.013825e-02 
 7.090994e+00  3.013826e-02 
 7.091315e+00  3.013826e-02 
 7.091637e+00  3.013826e-02 
 7.091958e+00  3.013827e-02 
 7.092280e+00  3.013827e-02 
 7.092601e+00  3.013827e-02 
 7.092923e+00  3.013828e-02 
 7.093245e+00  3.013828e-02 
 7.093566e+00  3.013829e-02 
 7.093888e+00  3.013829e-02 
 7.094209e+00  3.013829e-02 
 7.094531e+00  3.013830e-02 
 7.094852e+00  3.013830e-02 
 7.095174e+00  3.013830e-02 
 7.095495e+00  3.013831e-02 
 7.095817e+00  3.013831e-02 
 7.096139e+00  3.013831e-02 
 7.096460e+00  3.013832e-02 
 7.096782e+00  3.013832e-02 
 7.097103e+00  3.013832e-02 
 7.097425e+00  3.013833e-02 
 7.097746e+00  3.013833e-02 
 7.098068e+00  3.013833e-02 
 7.098389e+00  3.013834e-02 
 7.098711e+00  3.013834e-02 
 7.099033e+00  3.013834e-02 
 7.099354e+00  3.013835e-02 
 7.099676e+00  3.013835e-02 
 7.099997e+00  3.013835e-02 
 7.100319e+00  3.013836e-02 
 7.100640e+00  3.013836e-02 
 7.100962e+00  3.013836e-02 
 7.101283e+00  3.013837e-02 
 7.101605e+00  3.013837e-02 
 7.101927e+00  3.013837e-02 
 7.102248e+00  3.013838e-02 
 7.102570e+00  3.013838e-02 
 7.102891e+00  3.013839e-02 
 7.103213e+00  3.013839e-02 
 7.103534e+00  3.013839e-02 
 7.103856e+00  3.013840e-02 
 7.104177e+00  3.013840e-02 
 7.104499e+00  3.013840e-02 
 7.104821e+00  3.013841e-02 
 7.105142e+00  3.013841e-02 
 7.105464e+00  3.013841e-02 
 7.105785e+00  3.013842e-02 
 7.106107e+00  3.013842e-02 
 7.106428e+00  3.013842e-02 
 7.106750e+00  3.013843e-02 
 7.107071e+00  3.013843e-02 
 7.107393e+00  3.013843e-02 
 7.107715e+00  3.013844e-02 
 7.108036e+00  3.013844e-02 
 7.108358e+00  3.013844e-02 
 7.108679e+00  3.013845e-02 
 7.109001e+00  3.013845e-02 
 7.109322e+00  3.013846e-02 
 7.109644e+00  3.013846e-02 
 7.109965e+00  3.013846e-02 
 7.110287e+00  3.013847e-02 
 7.110609e+00  3.013847e-02 
 7.110930e+00  3.013847e-02 
 7.111252e+00  3.013848e-02 
 7.111573e+00  3.013848e-02 
 7.111895e+00  3.013849e-02 
 7.112216e+00  3.013849e-02 
 7.112538e+00  3.013849e-02 
 7.112859e+00  3.013850e-02 
 7.113181e+00  3.013850e-02 
 7.113503e+00  3.013850e-02 
 7.113824e+00  3.013851e-02 
 7.114146e+00  3.013851e-02 
 7.114467e+00  3.013852e-02 
 7.114789e+00  3.013852e-02 
 7.115110e+00  3.013852e-02 
 7.115432e+00  3.013853e-02 
 7.115753e+00  3.013853e-02 
 7.116075e+00  3.013854e-02 
 7.116397e+00  3.013854e-02 
 7.116718e+00  3.013854e-02 
 7.117040e+00  3.013855e-02 
 7.117361e+00  3.013855e-02 
 7.117683e+00  3.013856e-02 
 7.118004e+00  3.013856e-02 
 7.118326e+00  3.013856e-02 
 7.118648e+00  3.013857e-02 
 7.118969e+00  3.013857e-02 
 7.119291e+00  3.013858e-02 
 7.119612e+00  3.013858e-02 
 7.119934e+00  3.013858e-02 
 7.120255e+00  3.013859e-02 
 7.120577e+00  3.013859e-02 
 7.120898e+00  3.013860e-02 
 7.121220e+00  3.013860e-02 
 7.121542e+00  3.013860e-02 
 7.121863e+00  3.013861e-02 
 7.122185e+00  3.013861e-02 
 7.122506e+00  3.013862e-02 
 7.122828e+00  3.013862e-02 
 7.123149e+00  3.013863e-02 
 7.123471e+00  3.013863e-02 
 7.123792e+00  3.013863e-02 
 7.124114e+00  3.013864e-02 
 7.124436e+00  3.013864e-02 
 7.124757e+00  3.013865e-02 
 7.125079e+00  3.013865e-02 
 7.125400e+00  3.013866e-02 
 7.125722e+00  3.013866e-02 
 7.126043e+00  3.013867e-02 
 7.126365e+00  3.013867e-02 
 7.126686e+00  3.013867e-02 
 7.127008e+00  3.013868e-02 
 7.127330e+00  3.013868e-02 
 7.127651e+00  3.013869e-02 
 7.127973e+00  3.013869e-02 
 7.128294e+00  3.013870e-02 
 7.128616e+00  3.013870e-02 
 7.128937e+00  3.013871e-02 
 7.129259e+00  3.013871e-02 
 7.129580e+00  3.013872e-02 
 7.129902e+00  3.013872e-02 
 7.130224e+00  3.013873e-02 
 7.130545e+00  3.013873e-02 
 7.130867e+00  3.013873e-02 
 7.131188e+00  3.013874e-02 
 7.131510e+00  3.013874e-02 
 7.131831e+00  3.013875e-02 
 7.132153e+00  3.013875e-02 
 7.132474e+00  3.013876e-02 
 7.132796e+00  3.013876e-02 
 7.133118e+00  3.013877e-02 
 7.133439e+00  3.013877e-02 
 7.133761e+00  3.013878e-02 
 7.134082e+00  3.013878e-02 
 7.134404e+00  3.013879e-02 
 7.134725e+00  3.013879e-02 
 7.135047e+00  3.013880e-02 
 7.135368e+00  3.013880e-02 
 7.135690e+00  3.013881e-02 
 7.136012e+00  3.013881e-02 
 7.136333e+00  3.013882e-02 
 7.136655e+00  3.013882e-02 
 7.136976e+00  3.013883e-02 
 7.137298e+00  3.013883e-02 
 7.137619e+00  3.013884e-02 
 7.137941e+00  3.013884e-02 
 7.138262e+00  3.013885e-02 
 7.138584e+00  3.013885e-02 
 7.138906e+00  3.013886e-02 
 7.139227e+00  3.013886e-02 
 7.139549e+00  3.013887e-02 
 7.139870e+00  3.013887e-02 
 7.140192e+00  3.013888e-02 
 7.140513e+00  3.013888e-02 
 7.140835e+00  3.013889e-02 
 7.141156e+00  3.013889e-02 
 7.141478e+00  3.013890e-02 
 7.141800e+00  3.013890e-02 
 7.142121e+00  3.013891e-02 
 7.142443e+00  3.013892e-02 
 7.142764e+00  3.013892e-02 
 7.143086e+00  3.013893e-02 
 7.143407e+00  3.013893e-02 
 7.143729e+00  3.013894e-02 
 7.144050e+00  3.013894e-02 
 7.144372e+00  3.013895e-02 
 7.144694e+00  3.013895e-02 
 7.145015e+00  3.013896e-02 
 7.145337e+00  3.013896e-02 
 7.145658e+00  3.013897e-02 
 7.145980e+00  3.013897e-02 
 7.146301e+00  3.013898e-02 
 7.146623e+00  3.013898e-02 
 7.146944e+00  3.013899e-02 
 7.147266e+00  3.013899e-02 
 7.147588e+00  3.013900e-02 
 7.147909e+00  3.013900e-02 
 7.148231e+00  3.013901e-02 
 7.148552e+00  3.013901e-02 
 7.148874e+00  3.013902e-02 
 7.149195e+00  3.013903e-02 
 7.149517e+00  3.013903e-02 
 7.149838e+00  3.013904e-02 
 7.150160e+00  3.013904e-02 
 7.150482e+00  3.013905e-02 
 7.150803e+00  3.013905e-02 
 7.151125e+00  3.013906e-02 
 7.151446e+00  3.013906e-02 
 7.151768e+00  3.013907e-02 
 7.152089e+00  3.013907e-02 
 7.152411e+00  3.013908e-02 
 7.152732e+00  3.013908e-02 
 7.153054e+00  3.013909e-02 
 7.153376e+00  3.013909e-02 
 7.153697e+00  3.013910e-02 
 7.154019e+00  3.013910e-02 
 7.154340e+00  3.013911e-02 
 7.154662e+00  3.013911e-02 
 7.154983e+00  3.013912e-02 
 7.155305e+00  3.013912e-02 
 7.155626e+00  3.013913e-02 
 7.155948e+00  3.013914e-02 
 7.156270e+00  3.013914e-02 
 7.156591e+00  3.013915e-02 
 7.156913e+00  3.013915e-02 
 7.157234e+00  3.013916e-02 
 7.157556e+00  3.013916e-02 
 7.157877e+00  3.013917e-02 
 7.158199e+00  3.013917e-02 
 7.158520e+00  3.013918e-02 
 7.158842e+00  3.013918e-02 
 7.159164e+00  3.013919e-02 
 7.159485e+00  3.013919e-02 
 7.159807e+00  3.013920e-02 
 7.160128e+00  3.013920e-02 
 7.160450e+00  3.013921e-02 
 7.160771e+00  3.013921e-02 
 7.161093e+00  3.013922e-02 
 7.161414e+00  3.013922e-02 
 7.161736e+00  3.013923e-02 
 7.162058e+00  3.013923e-02 
 7.162379e+00  3.013924e-02 
 7.162701e+00  3.013924e-02 
 7.163022e+00  3.013925e-02 
 7.163344e+00  3.013925e-02 
 7.163665e+00  3.013926e-02 
 7.163987e+00  3.013926e-02 
 7.164308e+00  3.013927e-02 
 7.164630e+00  3.013927e-02 
 7.164952e+00  3.013928e-02 
 7.165273e+00  3.013928e-02 
 7.165595e+00  3.013929e-02 
 7.165916e+00  3.013929e-02 
 7.166238e+00  3.013930e-02 
 7.166559e+00  3.013930e-02 
 7.166881e+00  3.013931e-02 
 7.167203e+00  3.013931e-02 
 7.167524e+00  3.013932e-02 
 7.167846e+00  3.013932e-02 
 7.168167e+00  3.013933e-02 
 7.168489e+00  3.013933e-02 
 7.168810e+00  3.013934e-02 
 7.169132e+00  3.013934e-02 
 7.169453e+00  3.013935e-02 
 7.169775e+00  3.013936e-02 
 7.170097e+00  3.013936e-02 
 7.170418e+00  3.013937e-02 
 7.170740e+00  3.013937e-02 
 7.171061e+00  3.013938e-02 
 7.171383e+00  3.013938e-02 
 7.171704e+00  3.013939e-02 
 7.172026e+00  3.013939e-02 
 7.172347e+00  3.013940e-02 
 7.172669e+00  3.013940e-02 
 7.172991e+00  3.013941e-02 
 7.173312e+00  3.013941e-02 
 7.173634e+00  3.013942e-02 
 7.173955e+00  3.013942e-02 
 7.174277e+00  3.013943e-02 
 7.174598e+00  3.013943e-02 
 7.174920e+00  3.013944e-02 
 7.175241e+00  3.013944e-02 
 7.175563e+00  3.013945e-02 
 7.175885e+00  3.013945e-02 
 7.176206e+00  3.013946e-02 
 7.176528e+00  3.013946e-02 
 7.176849e+00  3.013947e-02 
 7.177171e+00  3.013947e-02 
 7.177492e+00  3.013948e-02 
 7.177814e+00  3.013948e-02 
 7.178135e+00  3.013949e-02 
 7.178457e+00  3.013949e-02 
 7.178779e+00  3.013950e-02 
 7.179100e+00  3.013950e-02 
 7.179422e+00  3.013951e-02 
 7.179743e+00  3.013951e-02 
 7.180065e+00  3.013952e-02 
 7.180386e+00  3.013952e-02 
 7.180708e+00  3.013953e-02 
 7.181029e+00  3.013953e-02 
 7.181351e+00  3.013954e-02 
 7.181673e+00  3.013954e-02 
 7.181994e+00  3.013955e-02 
 7.182316e+00  3.013955e-02 
 7.182637e+00  3.013956e-02 
 7.182959e+00  3.013956e-02 
 7.183280e+00  3.013957e-02 
 7.183602e+00  3.013957e-02 
 7.183923e+00  3.013958e-02 
 7.184245e+00  3.013958e-02 
 7.184567e+00  3.013959e-02 
 7.184888e+00  3.013959e-02 
 7.185210e+00  3.013960e-02 
 7.185531e+00  3.013960e-02 
 7.185853e+00  3.013961e-02 
 7.186174e+00  3.013961e-02 
 7.186496e+00  3.013962e-02 
 7.186817e+00  3.013962e-02 
 7.187139e+00  3.013963e-02 
 7.187461e+00  3.013964e-02 
 7.187782e+00  3.013964e-02 
 7.188104e+00  3.013965e-02 
 7.188425e+00  3.013965e-02 
 7.188747e+00  3.013966e-02 
 7.189068e+00  3.013966e-02 
 7.189390e+00  3.013967e-02 
 7.189711e+00  3.013967e-02 
 7.190033e+00  3.013968e-02 
 7.190355e+00  3.013969e-02 
 7.190676e+00  3.013969e-02 
 7.190998e+00  3.013970e-02 
 7.191319e+00  3.013970e-02 
 7.191641e+00  3.013971e-02 
 7.191962e+00  3.013971e-02 
 7.192284e+00  3.013972e-02 
 7.192605e+00  3.013973e-02 
 7.192927e+00  3.013973e-02 
 7.193249e+00  3.013974e-02 
 7.193570e+00  3.013974e-02 
 7.193892e+00  3.013975e-02 
 7.194213e+00  3.013976e-02 
 7.194535e+00  3.013976e-02 
 7.194856e+00  3.013977e-02 
 7.195178e+00  3.013977e-02 
 7.195499e+00  3.013978e-02 
 7.195821e+00  3.013979e-02 
 7.196143e+00  3.013979e-02 
 7.196464e+00  3.013980e-02 
 7.196786e+00  3.013981e-02 
 7.197107e+00  3.013981e-02 
 7.197429e+00  3.013982e-02 
 7.197750e+00  3.013983e-02 
 7.198072e+00  3.013983e-02 
 7.198393e+00  3.013984e-02 
 7.198715e+00  3.013985e-02 
 7.199037e+00  3.013985e-02 
 7.199358e+00  3.013986e-02 
 7.199680e+00  3.013987e-02 
 7.200001e+00  3.013987e-02 
 7.200323e+00  3.013988e-02 
 7.200644e+00  3.013989e-02 
 7.200966e+00  3.013989e-02 
 7.201287e+00  3.013990e-02 
 7.201609e+00  3.013991e-02 
 7.201931e+00  3.013991e-02 
 7.202252e+00  3.013992e-02 
 7.202574e+00  3.013993e-02 
 7.202895e+00  3.013994e-02 
 7.203217e+00  3.013994e-02 
 7.203538e+00  3.013995e-02 
 7.203860e+00  3.013996e-02 
 7.204181e+00  3.013996e-02 
 7.204503e+00  3.013997e-02 
 7.204825e+00  3.013998e-02 
 7.205146e+00  3.013999e-02 
 7.205468e+00  3.013999e-02 
 7.205789e+00  3.014000e-02 
 7.206111e+00  3.014001e-02 
 7.206432e+00  3.014002e-02 
 7.206754e+00  3.014002e-02 
 7.207075e+00  3.014003e-02 
 7.207397e+00  3.014004e-02 
 7.207719e+00  3.014005e-02 
 7.208040e+00  3.014005e-02 
 7.208362e+00  3.014006e-02 
 7.208683e+00  3.014007e-02 
 7.209005e+00  3.014008e-02 
 7.209326e+00  3.014008e-02 
 7.209648e+00  3.014009e-02 
 7.209969e+00  3.014010e-02 
 7.210291e+00  3.014011e-02 
 7.210613e+00  3.014012e-02 
 7.210934e+00  3.014012e-02 
 7.211256e+00  3.014013e-02 
 7.211577e+00  3.014014e-02 
 7.211899e+00  3.014015e-02 
 7.212220e+00  3.014016e-02 
 7.212542e+00  3.014016e-02 
 7.212864e+00  3.014017e-02 
 7.213185e+00  3.014018e-02 
 7.213507e+00  3.014019e-02 
 7.213828e+00  3.014020e-02 
 7.214150e+00  3.014020e-02 
 7.214471e+00  3.014021e-02 
 7.214793e+00  3.014022e-02 
 7.215114e+00  3.014023e-02 
 7.215436e+00  3.014024e-02 
 7.215758e+00  3.014024e-02 
 7.216079e+00  3.014025e-02 
 7.216401e+00  3.014026e-02 
 7.216722e+00  3.014027e-02 
 7.217044e+00  3.014028e-02 
 7.217365e+00  3.014029e-02 
 7.217687e+00  3.014029e-02 
 7.218008e+00  3.014030e-02 
 7.218330e+00  3.014031e-02 
 7.218652e+00  3.014032e-02 
 7.218973e+00  3.014033e-02 
 7.219295e+00  3.014034e-02 
 7.219616e+00  3.014034e-02 
 7.219938e+00  3.014035e-02 
 7.220259e+00  3.014036e-02 
 7.220581e+00  3.014037e-02 
 7.220902e+00  3.014038e-02 
 7.221224e+00  3.014039e-02 
 7.221546e+00  3.014040e-02 
 7.221867e+00  3.014040e-02 
 7.222189e+00  3.014041e-02 
 7.222510e+00  3.014042e-02 
 7.222832e+00  3.014043e-02 
 7.223153e+00  3.014044e-02 
 7.223475e+00  3.014045e-02 
 7.223796e+00  3.014046e-02 
 7.224118e+00  3.014046e-02 
 7.224440e+00  3.014047e-02 
 7.224761e+00  3.014048e-02 
 7.225083e+00  3.014049e-02 
 7.225404e+00  3.014050e-02 
 7.225726e+00  3.014051e-02 
 7.226047e+00  3.014052e-02 
 7.226369e+00  3.014053e-02 
 7.226690e+00  3.014054e-02 
 7.227012e+00  3.014054e-02 
 7.227334e+00  3.014055e-02 
 7.227655e+00  3.014056e-02 
 7.227977e+00  3.014057e-02 
 7.228298e+00  3.014058e-02 
 7.228620e+00  3.014059e-02 
 7.228941e+00  3.014060e-02 
 7.229263e+00  3.014061e-02 
 7.229584e+00  3.014062e-02 
 7.229906e+00  3.014063e-02 
 7.230228e+00  3.014064e-02 
 7.230549e+00  3.014065e-02 
 7.230871e+00  3.014066e-02 
 7.231192e+00  3.014067e-02 
 7.231514e+00  3.014068e-02 
 7.231835e+00  3.014068e-02 
 7.232157e+00  3.014069e-02 
 7.232478e+00  3.014070e-02 
 7.232800e+00  3.014071e-02 
 7.233122e+00  3.014072e-02 
 7.233443e+00  3.014073e-02 
 7.233765e+00  3.014074e-02 
 7.234086e+00  3.014075e-02 
 7.234408e+00  3.014076e-02 
 7.234729e+00  3.014077e-02 
 7.235051e+00  3.014078e-02 
 7.235372e+00  3.014079e-02 
 7.235694e+00  3.014080e-02 
 7.236016e+00  3.014081e-02 
 7.236337e+00  3.014082e-02 
 7.236659e+00  3.014083e-02 
 7.236980e+00  3.014085e-02 
 7.237302e+00  3.014086e-02 
 7.237623e+00  3.014087e-02 
 7.237945e+00  3.014088e-02 
 7.238266e+00  3.014089e-02 
 7.238588e+00  3.014090e-02 
 7.238910e+00  3.014091e-02 
 7.239231e+00  3.014092e-02 
 7.239553e+00  3.014093e-02 
 7.239874e+00  3.014094e-02 
 7.240196e+00  3.014095e-02 
 7.240517e+00  3.014096e-02 
 7.240839e+00  3.014097e-02 
 7.241160e+00  3.014098e-02 
 7.241482e+00  3.014099e-02 
 7.241804e+00  3.014101e-02 
 7.242125e+00  3.014102e-02 
 7.242447e+00  3.014103e-02 
 7.242768e+00  3.014104e-02 
 7.243090e+00  3.014105e-02 
 7.243411e+00  3.014106e-02 
 7.243733e+00  3.014107e-02 
 7.244054e+00  3.014108e-02 
 7.244376e+00  3.014110e-02 
 7.244698e+00  3.014111e-02 
 7.245019e+00  3.014112e-02 
 7.245341e+00  3.014113e-02 
 7.245662e+00  3.014114e-02 
 7.245984e+00  3.014115e-02 
 7.246305e+00  3.014116e-02 
 7.246627e+00  3.014117e-02 
 7.246948e+00  3.014119e-02 
 7.247270e+00  3.014120e-02 
 7.247592e+00  3.014121e-02 
 7.247913e+00  3.014122e-02 
 7.248235e+00  3.014123e-02 
 7.248556e+00  3.014124e-02 
 7.248878e+00  3.014125e-02 
 7.249199e+00  3.014127e-02 
 7.249521e+00  3.014128e-02 
 7.249842e+00  3.014129e-02 
 7.250164e+00  3.014130e-02 
 7.250486e+00  3.014131e-02 
 7.250807e+00  3.014132e-02 
 7.251129e+00  3.014134e-02 
 7.251450e+00  3.014135e-02 
 7.251772e+00  3.014136e-02 
 7.252093e+00  3.014137e-02 
 7.252415e+00  3.014138e-02 
 7.252736e+00  3.014139e-02 
 7.253058e+00  3.014140e-02 
 7.253380e+00  3.014142e-02 
 7.253701e+00  3.014143e-02 
 7.254023e+00  3.014144e-02 
 7.254344e+00  3.014145e-02 
 7.254666e+00  3.014146e-02 
 7.254987e+00  3.014147e-02 
 7.255309e+00  3.014148e-02 
 7.255630e+00  3.014150e-02 
 7.255952e+00  3.014151e-02 
 7.256274e+00  3.014152e-02 
 7.256595e+00  3.014153e-02 
 7.256917e+00  3.014154e-02 
 7.257238e+00  3.014155e-02 
 7.257560e+00  3.014156e-02 
 7.257881e+00  3.014157e-02 
 7.258203e+00  3.014159e-02 
 7.258525e+00  3.014160e-02 
 7.258846e+00  3.014161e-02 
 7.259168e+00  3.014162e-02 
 7.259489e+00  3.014163e-02 
 7.259811e+00  3.014164e-02 
 7.260132e+00  3.014165e-02 
 7.260454e+00  3.014166e-02 
 7.260775e+00  3.014167e-02 
 7.261097e+00  3.014168e-02 
 7.261419e+00  3.014170e-02 
 7.261740e+00  3.014171e-02 
 7.262062e+00  3.014172e-02 
 7.262383e+00  3.014173e-02 
 7.262705e+00  3.014174e-02 
 7.263026e+00  3.014175e-02 
 7.263348e+00  3.014176e-02 
 7.263669e+00  3.014177e-02 
 7.263991e+00  3.014178e-02 
 7.264313e+00  3.014179e-02 
 7.264634e+00  3.014180e-02 
 7.264956e+00  3.014181e-02 
 7.265277e+00  3.014182e-02 
 7.265599e+00  3.014184e-02 
 7.265920e+00  3.014185e-02 
 7.266242e+00  3.014186e-02 
 7.266563e+00  3.014187e-02 
 7.266885e+00  3.014188e-02 
 7.267207e+00  3.014189e-02 
 7.267528e+00  3.014190e-02 
 7.267850e+00  3.014191e-02 
 7.268171e+00  3.014192e-02 
 7.268493e+00  3.014193e-02 
 7.268814e+00  3.014194e-02 
 7.269136e+00  3.014195e-02 
 7.269457e+00  3.014196e-02 
 7.269779e+00  3.014197e-02 
 7.270101e+00  3.014199e-02 
 7.270422e+00  3.014200e-02 
 7.270744e+00  3.014201e-02 
 7.271065e+00  3.014202e-02 
 7.271387e+00  3.014203e-02 
 7.271708e+00  3.014204e-02 
 7.272030e+00  3.014205e-02 
 7.272351e+00  3.014206e-02 
 7.272673e+00  3.014207e-02 
 7.272995e+00  3.014208e-02 
 7.273316e+00  3.014209e-02 
 7.273638e+00  3.014210e-02 
 7.273959e+00  3.014212e-02 
 7.274281e+00  3.014213e-02 
 7.274602e+00  3.014214e-02 
 7.274924e+00  3.014215e-02 
 7.275245e+00  3.014216e-02 
 7.275567e+00  3.014217e-02 
 7.275889e+00  3.014218e-02 
 7.276210e+00  3.014219e-02 
 7.276532e+00  3.014220e-02 
 7.276853e+00  3.014222e-02 
 7.277175e+00  3.014223e-02 
 7.277496e+00  3.014224e-02 
 7.277818e+00  3.014225e-02 
 7.278139e+00  3.014226e-02 
 7.278461e+00  3.014227e-02 
 7.278783e+00  3.014228e-02 
 7.279104e+00  3.014230e-02 
 7.279426e+00  3.014231e-02 
 7.279747e+00  3.014232e-02 
 7.280069e+00  3.014233e-02 
 7.280390e+00  3.014234e-02 
 7.280712e+00  3.014235e-02 
 7.281033e+00  3.014237e-02 
 7.281355e+00  3.014238e-02 
 7.281677e+00  3.014239e-02 
 7.281998e+00  3.014240e-02 
 7.282320e+00  3.014241e-02 
 7.282641e+00  3.014242e-02 
 7.282963e+00  3.014244e-02 
 7.283284e+00  3.014245e-02 
 7.283606e+00  3.014246e-02 
 7.283927e+00  3.014247e-02 
 7.284249e+00  3.014249e-02 
 7.284571e+00  3.014250e-02 
 7.284892e+00  3.014251e-02 
 7.285214e+00  3.014252e-02 
 7.285535e+00  3.014253e-02 
 7.285857e+00  3.014255e-02 
 7.286178e+00  3.014256e-02 
 7.286500e+00  3.014257e-02 
 7.286821e+00  3.014258e-02 
 7.287143e+00  3.014260e-02 
 7.287465e+00  3.014261e-02 
 7.287786e+00  3.014262e-02 
 7.288108e+00  3.014263e-02 
 7.288429e+00  3.014265e-02 
 7.288751e+00  3.014266e-02 
 7.289072e+00  3.014267e-02 
 7.289394e+00  3.014268e-02 
 7.289715e+00  3.014270e-02 
 7.290037e+00  3.014271e-02 
 7.290359e+00  3.014272e-02 
 7.290680e+00  3.014274e-02 
 7.291002e+00  3.014275e-02 
 7.291323e+00  3.014276e-02 
 7.291645e+00  3.014277e-02 
 7.291966e+00  3.014279e-02 
 7.292288e+00  3.014280e-02 
 7.292609e+00  3.014281e-02 
 7.292931e+00  3.014283e-02 
 7.293253e+00  3.014284e-02 
 7.293574e+00  3.014285e-02 
 7.293896e+00  3.014286e-02 
 7.294217e+00  3.014288e-02 
 7.294539e+00  3.014289e-02 
 7.294860e+00  3.014290e-02 
 7.295182e+00  3.014292e-02 
 7.295503e+00  3.014293e-02 
 7.295825e+00  3.014294e-02 
 7.296147e+00  3.014296e-02 
 7.296468e+00  3.014297e-02 
 7.296790e+00  3.014298e-02 
 7.297111e+00  3.014300e-02 
 7.297433e+00  3.014301e-02 
 7.297754e+00  3.014302e-02 
 7.298076e+00  3.014304e-02 
 7.298397e+00  3.014305e-02 
 7.298719e+00  3.014306e-02 
 7.299041e+00  3.014308e-02 
 7.299362e+00  3.014309e-02 
 7.299684e+00  3.014310e-02 
 7.300005e+00  3.014312e-02 
 7.300327e+00  3.014313e-02 
 7.300648e+00  3.014315e-02 
 7.300970e+00  3.014316e-02 
 7.301291e+00  3.014317e-02 
 7.301613e+00  3.014319e-02 
 7.301935e+00  3.014320e-02 
 7.302256e+00  3.014321e-02 
 7.302578e+00  3.014323e-02 
 7.302899e+00  3.014324e-02 
 7.303221e+00  3.014325e-02 
 7.303542e+00  3.014327e-02 
 7.303864e+00  3.014328e-02 
 7.304186e+00  3.014330e-02 
 7.304507e+00  3.014331e-02 
 7.304829e+00  3.014332e-02 
 7.305150e+00  3.014334e-02 
 7.305472e+00  3.014335e-02 
 7.305793e+00  3.014337e-02 
 7.306115e+00  3.014338e-02 
 7.306436e+00  3.014339e-02 
 7.306758e+00  3.014341e-02 
 7.307080e+00  3.014342e-02 
 7.307401e+00  3.014344e-02 
 7.307723e+00  3.014345e-02 
 7.308044e+00  3.014347e-02 
 7.308366e+00  3.014348e-02 
 7.308687e+00  3.014349e-02 
 7.309009e+00  3.014351e-02 
 7.309330e+00  3.014352e-02 
 7.309652e+00  3.014354e-02 
 7.309974e+00  3.014355e-02 
 7.310295e+00  3.014356e-02 
 7.310617e+00  3.014358e-02 
 7.310938e+00  3.014359e-02 
 7.311260e+00  3.014361e-02 
 7.311581e+00  3.014362e-02 
 7.311903e+00  3.014364e-02 
 7.312224e+00  3.014365e-02 
 7.312546e+00  3.014367e-02 
 7.312868e+00  3.014368e-02 
 7.313189e+00  3.014369e-02 
 7.313511e+00  3.014371e-02 
 7.313832e+00  3.014372e-02 
 7.314154e+00  3.014374e-02 
 7.314475e+00  3.014375e-02 
 7.314797e+00  3.014377e-02 
 7.315118e+00  3.014378e-02 
 7.315440e+00  3.014380e-02 
 7.315762e+00  3.014381e-02 
 7.316083e+00  3.014383e-02 
 7.316405e+00  3.014384e-02 
 7.316726e+00  3.014386e-02 
 7.317048e+00  3.014387e-02 
 7.317369e+00  3.014389e-02 
 7.317691e+00  3.014390e-02 
 7.318012e+00  3.014392e-02 
 7.318334e+00  3.014393e-02 
 7.318656e+00  3.014394e-02 
 7.318977e+00  3.014396e-02 
 7.319299e+00  3.014397e-02 
 7.319620e+00  3.014399e-02 
 7.319942e+00  3.014400e-02 
 7.320263e+00  3.014402e-02 
 7.320585e+00  3.014403e-02 
 7.320906e+00  3.014405e-02 
 7.321228e+00  3.014406e-02 
 7.321550e+00  3.014408e-02 
 7.321871e+00  3.014409e-02 
 7.322193e+00  3.014411e-02 
 7.322514e+00  3.014412e-02 
 7.322836e+00  3.014414e-02 
 7.323157e+00  3.014415e-02 
 7.323479e+00  3.014417e-02 
 7.323800e+00  3.014418e-02 
 7.324122e+00  3.014420e-02 
 7.324444e+00  3.014421e-02 
 7.324765e+00  3.014423e-02 
 7.325087e+00  3.014425e-02 
 7.325408e+00  3.014426e-02 
 7.325730e+00  3.014428e-02 
 7.326051e+00  3.014429e-02 
 7.326373e+00  3.014431e-02 
 7.326694e+00  3.014432e-02 
 7.327016e+00  3.014434e-02 
 7.327338e+00  3.014435e-02 
 7.327659e+00  3.014437e-02 
 7.327981e+00  3.014438e-02 
 7.328302e+00  3.014440e-02 
 7.328624e+00  3.014441e-02 
 7.328945e+00  3.014443e-02 
 7.329267e+00  3.014444e-02 
 7.329588e+00  3.014446e-02 
 7.329910e+00  3.014447e-02 
 7.330232e+00  3.014449e-02 
 7.330553e+00  3.014451e-02 
 7.330875e+00  3.014452e-02 
 7.331196e+00  3.014454e-02 
 7.331518e+00  3.014455e-02 
 7.331839e+00  3.014457e-02 
 7.332161e+00  3.014458e-02 
 7.332482e+00  3.014460e-02 
 7.332804e+00  3.014461e-02 
 7.333126e+00  3.014463e-02 
 7.333447e+00  3.014464e-02 
 7.333769e+00  3.014466e-02 
 7.334090e+00  3.014468e-02 
 7.334412e+00  3.014469e-02 
 7.334733e+00  3.014471e-02 
 7.335055e+00  3.014472e-02 
 7.335376e+00  3.014474e-02 
 7.335698e+00  3.014475e-02 
 7.336020e+00  3.014477e-02 
 7.336341e+00  3.014478e-02 
 7.336663e+00  3.014480e-02 
 7.336984e+00  3.014482e-02 
 7.337306e+00  3.014483e-02 
 7.337627e+00  3.014485e-02 
 7.337949e+00  3.014486e-02 
 7.338270e+00  3.014488e-02 
 7.338592e+00  3.014489e-02 
 7.338914e+00  3.014491e-02 
 7.339235e+00  3.014493e-02 
 7.339557e+00  3.014494e-02 
 7.339878e+00  3.014496e-02 
 7.340200e+00  3.014497e-02 
 7.340521e+00  3.014499e-02 
 7.340843e+00  3.014500e-02 
 7.341164e+00  3.014502e-02 
 7.341486e+00  3.014503e-02 
 7.341808e+00  3.014505e-02 
 7.342129e+00  3.014507e-02 
 7.342451e+00  3.014508e-02 
 7.342772e+00  3.014510e-02 
 7.343094e+00  3.014511e-02 
 7.343415e+00  3.014513e-02 
 7.343737e+00  3.014514e-02 
 7.344058e+00  3.014516e-02 
 7.344380e+00  3.014518e-02 
 7.344702e+00  3.014519e-02 
 7.345023e+00  3.014521e-02 
 7.345345e+00  3.014522e-02 
 7.345666e+00  3.014524e-02 
 7.345988e+00  3.014526e-02 
 7.346309e+00  3.014527e-02 
 7.346631e+00  3.014529e-02 
 7.346952e+00  3.014530e-02 
 7.347274e+00  3.014532e-02 
 7.347596e+00  3.014533e-02 
 7.347917e+00  3.014535e-02 
 7.348239e+00  3.014537e-02 
 7.348560e+00  3.014538e-02 
 7.348882e+00  3.014540e-02 
 7.349203e+00  3.014541e-02 
 7.349525e+00  3.014543e-02 
 7.349847e+00  3.014545e-02 
 7.350168e+00  3.014546e-02 
 7.350490e+00  3.014548e-02 
 7.350811e+00  3.014549e-02 
 7.351133e+00  3.014551e-02 
 7.351454e+00  3.014553e-02 
 7.351776e+00  3.014554e-02 
 7.352097e+00  3.014556e-02 
 7.352419e+00  3.014557e-02 
 7.352741e+00  3.014559e-02 
 7.353062e+00  3.014561e-02 
 7.353384e+00  3.014562e-02 
 7.353705e+00  3.014564e-02 
 7.354027e+00  3.014565e-02 
 7.354348e+00  3.014567e-02 
 7.354670e+00  3.014569e-02 
 7.354991e+00  3.014570e-02 
 7.355313e+00  3.014572e-02 
 7.355635e+00  3.014573e-02 
 7.355956e+00  3.014575e-02 
 7.356278e+00  3.014577e-02 
 7.356599e+00  3.014578e-02 
 7.356921e+00  3.014580e-02 
 7.357242e+00  3.014581e-02 
 7.357564e+00  3.014583e-02 
 7.357885e+00  3.014585e-02 
 7.358207e+00  3.014586e-02 
 7.358529e+00  3.014588e-02 
 7.358850e+00  3.014589e-02 
 7.359172e+00  3.014591e-02 
 7.359493e+00  3.014593e-02 
 7.359815e+00  3.014594e-02 
 7.360136e+00  3.014596e-02 
 7.360458e+00  3.014597e-02 
 7.360779e+00  3.014599e-02 
 7.361101e+00  3.014601e-02 
 7.361423e+00  3.014602e-02 
 7.361744e+00  3.014604e-02 
 7.362066e+00  3.014605e-02 
 7.362387e+00  3.014607e-02 
 7.362709e+00  3.014609e-02 
 7.363030e+00  3.014610e-02 
 7.363352e+00  3.014612e-02 
 7.363673e+00  3.014613e-02 
 7.363995e+00  3.014615e-02 
 7.364317e+00  3.014617e-02 
 7.364638e+00  3.014618e-02 
 7.364960e+00  3.014620e-02 
 7.365281e+00  3.014621e-02 
 7.365603e+00  3.014623e-02 
 7.365924e+00  3.014624e-02 
 7.366246e+00  3.014626e-02 
 7.366567e+00  3.014628e-02 
 7.366889e+00  3.014629e-02 
 7.367211e+00  3.014631e-02 
 7.367532e+00  3.014632e-02 
 7.367854e+00  3.014634e-02 
 7.368175e+00  3.014635e-02 
 7.368497e+00  3.014637e-02 
 7.368818e+00  3.014638e-02 
 7.369140e+00  3.014640e-02 
 7.369461e+00  3.014642e-02 
 7.369783e+00  3.014643e-02 
 7.370105e+00  3.014645e-02 
 7.370426e+00  3.014646e-02 
 7.370748e+00  3.014648e-02 
 7.371069e+00  3.014649e-02 
 7.371391e+00  3.014651e-02 
 7.371712e+00  3.014652e-02 
 7.372034e+00  3.014654e-02 
 7.372355e+00  3.014655e-02 
 7.372677e+00  3.014657e-02 
 7.372999e+00  3.014658e-02 
 7.373320e+00  3.014660e-02 
 7.373642e+00  3.014661e-02 
 7.373963e+00  3.014663e-02 
 7.374285e+00  3.014664e-02 
 7.374606e+00  3.014666e-02 
 7.374928e+00  3.014667e-02 
 7.375249e+00  3.014669e-02 
 7.375571e+00  3.014670e-02 
 7.375893e+00  3.014672e-02 
 7.376214e+00  3.014673e-02 
 7.376536e+00  3.014675e-02 
 7.376857e+00  3.014676e-02 
 7.377179e+00  3.014678e-02 
 7.377500e+00  3.014679e-02 
 7.377822e+00  3.014680e-02 
 7.378143e+00  3.014682e-02 
 7.378465e+00  3.014683e-02 
 7.378787e+00  3.014685e-02 
 7.379108e+00  3.014686e-02 
 7.379430e+00  3.014688e-02 
 7.379751e+00  3.014689e-02 
 7.380073e+00  3.014691e-02 
 7.380394e+00  3.014692e-02 
 7.380716e+00  3.014693e-02 
 7.381037e+00  3.014695e-02 
 7.381359e+00  3.014696e-02 
 7.381681e+00  3.014698e-02 
 7.382002e+00  3.014699e-02 
 7.382324e+00  3.014700e-02 
 7.382645e+00  3.014702e-02 
 7.382967e+00  3.014703e-02 
 7.383288e+00  3.014705e-02 
 7.383610e+00  3.014706e-02 
 7.383931e+00  3.014707e-02 
 7.384253e+00  3.014709e-02 
 7.384575e+00  3.014710e-02 
 7.384896e+00  3.014711e-02 
 7.385218e+00  3.014713e-02 
 7.385539e+00  3.014714e-02 
 7.385861e+00  3.014715e-02 
 7.386182e+00  3.014717e-02 
 7.386504e+00  3.014718e-02 
 7.386825e+00  3.014719e-02 
 7.387147e+00  3.014721e-02 
 7.387469e+00  3.014722e-02 
 7.387790e+00  3.014723e-02 
 7.388112e+00  3.014725e-02 
 7.388433e+00  3.014726e-02 
 7.388755e+00  3.014727e-02 
 7.389076e+00  3.014729e-02 
 7.389398e+00  3.014730e-02 
 7.389719e+00  3.014731e-02 
 7.390041e+00  3.014733e-02 
 7.390363e+00  3.014734e-02 
 7.390684e+00  3.014735e-02 
 7.391006e+00  3.014736e-02 
 7.391327e+00  3.014738e-02 
 7.391649e+00  3.014739e-02 
 7.391970e+00  3.014740e-02 
 7.392292e+00  3.014742e-02 
 7.392613e+00  3.014743e-02 
 7.392935e+00  3.014744e-02 
 7.393257e+00  3.014745e-02 
 7.393578e+00  3.014747e-02 
 7.393900e+00  3.014748e-02 
 7.394221e+00  3.014749e-02 
 7.394543e+00  3.014750e-02 
 7.394864e+00  3.014751e-02 
 7.395186e+00  3.014753e-02 
 7.395508e+00  3.014754e-02 
 7.395829e+00  3.014755e-02 
 7.396151e+00  3.014756e-02 
 7.396472e+00  3.014758e-02 
 7.396794e+00  3.014759e-02 
 7.397115e+00  3.014760e-02 
 7.397437e+00  3.014761e-02 
 7.397758e+00  3.014762e-02 
 7.398080e+00  3.014764e-02 
 7.398402e+00  3.014765e-02 
 7.398723e+00  3.014766e-02 
 7.399045e+00  3.014767e-02 
 7.399366e+00  3.014768e-02 
 7.399688e+00  3.014769e-02 
 7.400009e+00  3.014771e-02 
 7.400331e+00  3.014772e-02 
 7.400652e+00  3.014773e-02 
 7.400974e+00  3.014774e-02 
 7.401296e+00  3.014775e-02 
 7.401617e+00  3.014776e-02 
 7.401939e+00  3.014778e-02 
 7.402260e+00  3.014779e-02 
 7.402582e+00  3.014780e-02 
 7.402903e+00  3.014781e-02 
 7.403225e+00  3.014782e-02 
 7.403546e+00  3.014783e-02 
 7.403868e+00  3.014784e-02 
 7.404190e+00  3.014785e-02 
 7.404511e+00  3.014787e-02 
 7.404833e+00  3.014788e-02 
 7.405154e+00  3.014789e-02 
 7.405476e+00  3.014790e-02 
 7.405797e+00  3.014791e-02 
 7.406119e+00  3.014792e-02 
 7.406440e+00  3.014793e-02 
 7.406762e+00  3.014794e-02 
 7.407084e+00  3.014795e-02 
 7.407405e+00  3.014797e-02 
 7.407727e+00  3.014798e-02 
 7.408048e+00  3.014799e-02 
 7.408370e+00  3.014800e-02 
 7.408691e+00  3.014801e-02 
 7.409013e+00  3.014802e-02 
 7.409334e+00  3.014803e-02 
 7.409656e+00  3.014804e-02 
 7.409978e+00  3.014805e-02 
 7.410299e+00  3.014806e-02 
 7.410621e+00  3.014807e-02 
 7.410942e+00  3.014809e-02 
 7.411264e+00  3.014810e-02 
 7.411585e+00  3.014811e-02 
 7.411907e+00  3.014812e-02 
 7.412228e+00  3.014813e-02 
 7.412550e+00  3.014814e-02 
 7.412872e+00  3.014815e-02 
 7.413193e+00  3.014816e-02 
 7.413515e+00  3.014817e-02 
 7.413836e+00  3.014818e-02 
 7.414158e+00  3.014819e-02 
 7.414479e+00  3.014820e-02 
 7.414801e+00  3.014821e-02 
 7.415122e+00  3.014822e-02 
 7.415444e+00  3.014823e-02 
 7.415766e+00  3.014824e-02 
 7.416087e+00  3.014826e-02 
 7.416409e+00  3.014827e-02 
 7.416730e+00  3.014828e-02 
 7.417052e+00  3.014829e-02 
 7.417373e+00  3.014830e-02 
 7.417695e+00  3.014831e-02 
 7.418016e+00  3.014832e-02 
 7.418338e+00  3.014833e-02 
 7.418660e+00  3.014834e-02 
 7.418981e+00  3.014835e-02 
 7.419303e+00  3.014836e-02 
 7.419624e+00  3.014837e-02 
 7.419946e+00  3.014838e-02 
 7.420267e+00  3.014839e-02 
 7.420589e+00  3.014840e-02 
 7.420910e+00  3.014841e-02 
 7.421232e+00  3.014842e-02 
 7.421554e+00  3.014843e-02 
 7.421875e+00  3.014844e-02 
 7.422197e+00  3.014845e-02 
 7.422518e+00  3.014846e-02 
 7.422840e+00  3.014847e-02 
 7.423161e+00  3.014848e-02 
 7.423483e+00  3.014849e-02 
 7.423804e+00  3.014850e-02 
 7.424126e+00  3.014851e-02 
 7.424448e+00  3.014852e-02 
 7.424769e+00  3.014853e-02 
 7.425091e+00  3.014854e-02 
 7.425412e+00  3.014855e-02 
 7.425734e+00  3.014856e-02 
 7.426055e+00  3.014857e-02 
 7.426377e+00  3.014858e-02 
 7.426698e+00  3.014859e-02 
 7.427020e+00  3.014860e-02 
 7.427342e+00  3.014861e-02 
 7.427663e+00  3.014862e-02 
 7.427985e+00  3.014863e-02 
 7.428306e+00  3.014864e-02 
 7.428628e+00  3.014865e-02 
 7.428949e+00  3.014866e-02 
 7.429271e+00  3.014867e-02 
 7.429592e+00  3.014868e-02 
 7.429914e+00  3.014869e-02 
 7.430236e+00  3.014870e-02 
 7.430557e+00  3.014871e-02 
 7.430879e+00  3.014872e-02 
 7.431200e+00  3.014873e-02 
 7.431522e+00  3.014874e-02 
 7.431843e+00  3.014875e-02 
 7.432165e+00  3.014876e-02 
 7.432486e+00  3.014877e-02 
 7.432808e+00  3.014878e-02 
 7.433130e+00  3.014879e-02 
 7.433451e+00  3.014880e-02 
 7.433773e+00  3.014881e-02 
 7.434094e+00  3.014882e-02 
 7.434416e+00  3.014883e-02 
 7.434737e+00  3.014883e-02 
 7.435059e+00  3.014884e-02 
 7.435380e+00  3.014885e-02 
 7.435702e+00  3.014886e-02 
 7.436024e+00  3.014887e-02 
 7.436345e+00  3.014888e-02 
 7.436667e+00  3.014889e-02 
 7.436988e+00  3.014890e-02 
 7.437310e+00  3.014891e-02 
 7.437631e+00  3.014892e-02 
 7.437953e+00  3.014893e-02 
 7.438275e+00  3.014893e-02 
 7.438596e+00  3.014894e-02 
 7.438918e+00  3.014895e-02 
 7.439239e+00  3.014896e-02 
 7.439561e+00  3.014897e-02 
 7.439882e+00  3.014898e-02 
 7.440204e+00  3.014899e-02 
 7.440525e+00  3.014900e-02 
 7.440847e+00  3.014900e-02 
 7.441169e+00  3.014901e-02 
 7.441490e+00  3.014902e-02 
 7.441812e+00  3.014903e-02 
 7.442133e+00  3.014904e-02 
 7.442455e+00  3.014905e-02 
 7.442776e+00  3.014906e-02 
 7.443098e+00  3.014906e-02 
 7.443419e+00  3.014907e-02 
 7.443741e+00  3.014908e-02 
 7.444063e+00  3.014909e-02 
 7.444384e+00  3.014910e-02 
 7.444706e+00  3.014910e-02 
 7.445027e+00  3.014911e-02 
 7.445349e+00  3.014912e-02 
 7.445670e+00  3.014913e-02 
 7.445992e+00  3.014914e-02 
 7.446313e+00  3.014914e-02 
 7.446635e+00  3.014915e-02 
 7.446957e+00  3.014916e-02 
 7.447278e+00  3.014917e-02 
 7.447600e+00  3.014918e-02 
 7.447921e+00  3.014918e-02 
 7.448243e+00  3.014919e-02 
 7.448564e+00  3.014920e-02 
 7.448886e+00  3.014921e-02 
 7.449207e+00  3.014921e-02 
 7.449529e+00  3.014922e-02 
 7.449851e+00  3.014923e-02 
 7.450172e+00  3.014924e-02 
 7.450494e+00  3.014924e-02 
 7.450815e+00  3.014925e-02 
 7.451137e+00  3.014926e-02 
 7.451458e+00  3.014927e-02 
 7.451780e+00  3.014927e-02 
 7.452101e+00  3.014928e-02 
 7.452423e+00  3.014929e-02 
 7.452745e+00  3.014930e-02 
 7.453066e+00  3.014930e-02 
 7.453388e+00  3.014931e-02 
 7.453709e+00  3.014932e-02 
 7.454031e+00  3.014932e-02 
 7.454352e+00  3.014933e-02 
 7.454674e+00  3.014934e-02 
 7.454995e+00  3.014934e-02 
 7.455317e+00  3.014935e-02 
 7.455639e+00  3.014936e-02 
 7.455960e+00  3.014937e-02 
 7.456282e+00  3.014937e-02 
 7.456603e+00  3.014938e-02 
 7.456925e+00  3.014939e-02 
 7.457246e+00  3.014939e-02 
 7.457568e+00  3.014940e-02 
 7.457889e+00  3.014941e-02 
 7.458211e+00  3.014941e-02 
 7.458533e+00  3.014942e-02 
 7.458854e+00  3.014943e-02 
 7.459176e+00  3.014943e-02 
 7.459497e+00  3.014944e-02 
 7.459819e+00  3.014944e-02 
 7.460140e+00  3.014945e-02 
 7.460462e+00  3.014946e-02 
 7.460783e+00  3.014946e-02 
 7.461105e+00  3.014947e-02 
 7.461427e+00  3.014948e-02 
 7.461748e+00  3.014948e-02 
 7.462070e+00  3.014949e-02 
 7.462391e+00  3.014950e-02 
 7.462713e+00  3.014950e-02 
 7.463034e+00  3.014951e-02 
 7.463356e+00  3.014951e-02 
 7.463677e+00  3.014952e-02 
 7.463999e+00  3.014953e-02 
 7.464321e+00  3.014953e-02 
 7.464642e+00  3.014954e-02 
 7.464964e+00  3.014954e-02 
 7.465285e+00  3.014955e-02 
 7.465607e+00  3.014956e-02 
 7.465928e+00  3.014956e-02 
 7.466250e+00  3.014957e-02 
 7.466571e+00  3.014957e-02 
 7.466893e+00  3.014958e-02 
 7.467215e+00  3.014958e-02 
 7.467536e+00  3.014959e-02 
 7.467858e+00  3.014960e-02 
 7.468179e+00  3.014960e-02 
 7.468501e+00  3.014961e-02 
 7.468822e+00  3.014961e-02 
 7.469144e+00  3.014962e-02 
 7.469465e+00  3.014962e-02 
 7.469787e+00  3.014963e-02 
 7.470109e+00  3.014963e-02 
 7.470430e+00  3.014964e-02 
 7.470752e+00  3.014965e-02 
 7.471073e+00  3.014965e-02 
 7.471395e+00  3.014966e-02 
 7.471716e+00  3.014966e-02 
 7.472038e+00  3.014967e-02 
 7.472359e+00  3.014967e-02 
 7.472681e+00  3.014968e-02 
 7.473003e+00  3.014968e-02 
 7.473324e+00  3.014969e-02 
 7.473646e+00  3.014969e-02 
 7.473967e+00  3.014970e-02 
 7.474289e+00  3.014970e-02 
 7.474610e+00  3.014971e-02 
 7.474932e+00  3.014971e-02 
 7.475253e+00  3.014972e-02 
 7.475575e+00  3.014972e-02 
 7.475897e+00  3.014973e-02 
 7.476218e+00  3.014973e-02 
 7.476540e+00  3.014974e-02 
 7.476861e+00  3.014974e-02 
 7.477183e+00  3.014975e-02 
 7.477504e+00  3.014975e-02 
 7.477826e+00  3.014976e-02 
 7.478147e+00  3.014976e-02 
 7.478469e+00  3.014977e-02 
 7.478791e+00  3.014977e-02 
 7.479112e+00  3.014978e-02 
 7.479434e+00  3.014978e-02 
 7.479755e+00  3.014979e-02 
 7.480077e+00  3.014979e-02 
 7.480398e+00  3.014980e-02 
 7.480720e+00  3.014980e-02 
 7.481042e+00  3.014981e-02 
 7.481363e+00  3.014981e-02 
 7.481685e+00  3.014982e-02 
 7.482006e+00  3.014982e-02 
 7.482328e+00  3.014983e-02 
 7.482649e+00  3.014983e-02 
 7.482971e+00  3.014984e-02 
 7.483292e+00  3.014984e-02 
 7.483614e+00  3.014984e-02 
 7.483936e+00  3.014985e-02 
 7.484257e+00  3.014985e-02 
 7.484579e+00  3.014986e-02 
 7.484900e+00  3.014986e-02 
 7.485222e+00  3.014987e-02 
 7.485543e+00  3.014987e-02 
 7.485865e+00  3.014988e-02 
 7.486186e+00  3.014988e-02 
 7.486508e+00  3.014989e-02 
 7.486830e+00  3.014989e-02 
 7.487151e+00  3.014990e-02 
 7.487473e+00  3.014990e-02 
 7.487794e+00  3.014990e-02 
 7.488116e+00  3.014991e-02 
 7.488437e+00  3.014991e-02 
 7.488759e+00  3.014992e-02 
 7.489080e+00  3.014992e-02 
 7.489402e+00  3.014993e-02 
 7.489724e+00  3.014993e-02 
 7.490045e+00  3.014994e-02 
 7.490367e+00  3.014994e-02 
 7.490688e+00  3.014994e-02 
 7.491010e+00  3.014995e-02 
 7.491331e+00  3.014995e-02 
 7.491653e+00  3.014996e-02 
 7.491974e+00  3.014996e-02 
 7.492296e+00  3.014997e-02 
 7.492618e+00  3.014997e-02 
 7.492939e+00  3.014998e-02 
 7.493261e+00  3.014998e-02 
 7.493582e+00  3.014998e-02 
 7.493904e+00  3.014999e-02 
 7.494225e+00  3.014999e-02 
 7.494547e+00  3.015000e-02 
 7.494868e+00  3.015000e-02 
 7.495190e+00  3.015001e-02 
 7.495512e+00  3.015001e-02 
 7.495833e+00  3.015001e-02 
 7.496155e+00  3.015002e-02 
 7.496476e+00  3.015002e-02 
 7.496798e+00  3.015003e-02 
 7.497119e+00  3.015003e-02 
 7.497441e+00  3.015003e-02 
 7.497762e+00  3.015004e-02 
 7.498084e+00  3.015004e-02 
 7.498406e+00  3.015005e-02 
 7.498727e+00  3.015005e-02 
 7.499049e+00  3.015006e-02 
 7.499370e+00  3.015006e-02 
 7.499692e+00  3.015006e-02 
 7.500013e+00  3.015007e-02 
 7.500335e+00  3.015007e-02 
 7.500656e+00  3.015008e-02 
 7.500978e+00  3.015008e-02 
 7.501300e+00  3.015008e-02 
 7.501621e+00  3.015009e-02 
 7.501943e+00  3.015009e-02 
 7.502264e+00  3.015010e-02 
 7.502586e+00  3.015010e-02 
 7.502907e+00  3.015010e-02 
 7.503229e+00  3.015011e-02 
 7.503550e+00  3.015011e-02 
 7.503872e+00  3.015012e-02 
 7.504194e+00  3.015012e-02 
 7.504515e+00  3.015012e-02 
 7.504837e+00  3.015013e-02 
 7.505158e+00  3.015013e-02 
 7.505480e+00  3.015014e-02 
 7.505801e+00  3.015014e-02 
 7.506123e+00  3.015014e-02 
 7.506444e+00  3.015015e-02 
 7.506766e+00  3.015015e-02 
 7.507088e+00  3.015016e-02 
 7.507409e+00  3.015016e-02 
 7.507731e+00  3.015016e-02 
 7.508052e+00  3.015017e-02 
 7.508374e+00  3.015017e-02 
 7.508695e+00  3.015018e-02 
 7.509017e+00  3.015018e-02 
 7.509338e+00  3.015018e-02 
 7.509660e+00  3.015019e-02 
 7.509982e+00  3.015019e-02 
 7.510303e+00  3.015020e-02 
 7.510625e+00  3.015020e-02 
 7.510946e+00  3.015020e-02 
 7.511268e+00  3.015021e-02 
 7.511589e+00  3.015021e-02 
 7.511911e+00  3.015022e-02 
 7.512232e+00  3.015022e-02 
 7.512554e+00  3.015022e-02 
 7.512876e+00  3.015023e-02 
 7.513197e+00  3.015023e-02 
 7.513519e+00  3.015024e-02 
 7.513840e+00  3.015024e-02 
 7.514162e+00  3.015024e-02 
 7.514483e+00  3.015025e-02 
 7.514805e+00  3.015025e-02 
 7.515126e+00  3.015026e-02 
 7.515448e+00  3.015026e-02 
 7.515770e+00  3.015026e-02 
 7.516091e+00  3.015027e-02 
 7.516413e+00  3.015027e-02 
 7.516734e+00  3.015028e-02 
 7.517056e+00  3.015028e-02 
 7.517377e+00  3.015028e-02 
 7.517699e+00  3.015029e-02 
 7.518020e+00  3.015029e-02 
 7.518342e+00  3.015030e-02 
 7.518664e+00  3.015030e-02 
 7.518985e+00  3.015030e-02 
 7.519307e+00  3.015031e-02 
 7.519628e+00  3.015031e-02 
 7.519950e+00  3.015032e-02 
 7.520271e+00  3.015032e-02 
 7.520593e+00  3.015033e-02 
 7.520914e+00  3.015033e-02 
 7.521236e+00  3.015033e-02 
 7.521558e+00  3.015034e-02 
 7.521879e+00  3.015034e-02 
 7.522201e+00  3.015035e-02 
 7.522522e+00  3.015035e-02 
 7.522844e+00  3.015036e-02 
 7.523165e+00  3.015036e-02 
 7.523487e+00  3.015036e-02 
 7.523809e+00  3.015037e-02 
 7.524130e+00  3.015037e-02 
 7.524452e+00  3.015038e-02 
 7.524773e+00  3.015038e-02 
 7.525095e+00  3.015039e-02 
 7.525416e+00  3.015039e-02 
 7.525738e+00  3.015039e-02 
 7.526059e+00  3.015040e-02 
 7.526381e+00  3.015040e-02 
 7.526703e+00  3.015041e-02 
 7.527024e+00  3.015041e-02 
 7.527346e+00  3.015042e-02 
 7.527667e+00  3.015042e-02 
 7.527989e+00  3.015043e-02 
 7.528310e+00  3.015043e-02 
 7.528632e+00  3.015043e-02 
 7.528953e+00  3.015044e-02 
 7.529275e+00  3.015044e-02 
 7.529597e+00  3.015045e-02 
 7.529918e+00  3.015045e-02 
 7.530240e+00  3.015046e-02 
 7.530561e+00  3.015046e-02 
 7.530883e+00  3.015046e-02 
 7.531204e+00  3.015047e-02 
 7.531526e+00  3.015047e-02 
 7.531847e+00  3.015048e-02 
 7.532169e+00  3.015048e-02 
 7.532491e+00  3.015049e-02 
 7.532812e+00  3.015049e-02 
 7.533134e+00  3.015050e-02 
 7.533455e+00  3.015050e-02 
 7.533777e+00  3.015050e-02 
 7.534098e+00  3.015051e-02 
 7.534420e+00  3.015051e-02 
 7.534741e+00  3.015052e-02 
 7.535063e+00  3.015052e-02 
 7.535385e+00  3.015053e-02 
 7.535706e+00  3.015053e-02 
 7.536028e+00  3.015053e-02 
 7.536349e+00  3.015054e-02 
 7.536671e+00  3.015054e-02 
 7.536992e+00  3.015055e-02 
 7.537314e+00  3.015055e-02 
 7.537635e+00  3.015055e-02 
 7.537957e+00  3.015056e-02 
 7.538279e+00  3.015056e-02 
 7.538600e+00  3.015057e-02 
 7.538922e+00  3.015057e-02 
 7.539243e+00  3.015057e-02 
 7.539565e+00  3.015058e-02 
 7.539886e+00  3.015058e-02 
 7.540208e+00  3.015059e-02 
 7.540529e+00  3.015059e-02 
 7.540851e+00  3.015059e-02 
 7.541173e+00  3.015060e-02 
 7.541494e+00  3.015060e-02 
 7.541816e+00  3.015061e-02 
 7.542137e+00  3.015061e-02 
 7.542459e+00  3.015061e-02 
 7.542780e+00  3.015062e-02 
 7.543102e+00  3.015062e-02 
 7.543423e+00  3.015063e-02 
 7.543745e+00  3.015063e-02 
 7.544067e+00  3.015063e-02 
 7.544388e+00  3.015064e-02 
 7.544710e+00  3.015064e-02 
 7.545031e+00  3.015064e-02 
 7.545353e+00  3.015065e-02 
 7.545674e+00  3.015065e-02 
 7.545996e+00  3.015065e-02 
 7.546317e+00  3.015066e-02 
 7.546639e+00  3.015066e-02 
 7.546961e+00  3.015066e-02 
 7.547282e+00  3.015067e-02 
 7.547604e+00  3.015067e-02 
 7.547925e+00  3.015067e-02 
 7.548247e+00  3.015068e-02 
 7.548568e+00  3.015068e-02 
 7.548890e+00  3.015068e-02 
 7.549211e+00  3.015069e-02 
 7.549533e+00  3.015069e-02 
 7.549855e+00  3.015069e-02 
 7.550176e+00  3.015070e-02 
 7.550498e+00  3.015070e-02 
 7.550819e+00  3.015070e-02 
 7.551141e+00  3.015071e-02 
 7.551462e+00  3.015071e-02 
 7.551784e+00  3.015071e-02 
 7.552105e+00  3.015072e-02 
 7.552427e+00  3.015072e-02 
 7.552749e+00  3.015072e-02 
 7.553070e+00  3.015073e-02 
 7.553392e+00  3.015073e-02 
 7.553713e+00  3.015073e-02 
 7.554035e+00  3.015074e-02 
 7.554356e+00  3.015074e-02 
 7.554678e+00  3.015074e-02 
 7.554999e+00  3.015075e-02 
 7.555321e+00  3.015075e-02 
 7.555643e+00  3.015075e-02 
 7.555964e+00  3.015076e-02 
 7.556286e+00  3.015076e-02 
 7.556607e+00  3.015077e-02 
 7.556929e+00  3.015077e-02 
 7.557250e+00  3.015077e-02 
 7.557572e+00  3.015078e-02 
 7.557893e+00  3.015078e-02 
 7.558215e+00  3.015078e-02 
 7.558537e+00  3.015079e-02 
 7.558858e+00  3.015079e-02 
 7.559180e+00  3.015079e-02 
 7.559501e+00  3.015080e-02 
 7.559823e+00  3.015080e-02 
 7.560144e+00  3.015081e-02 
 7.560466e+00  3.015081e-02 
 7.560787e+00  3.015081e-02 
 7.561109e+00  3.015082e-02 
 7.561431e+00  3.015082e-02 
 7.561752e+00  3.015082e-02 
 7.562074e+00  3.015083e-02 
 7.562395e+00  3.015083e-02 
 7.562717e+00  3.015084e-02 
 7.563038e+00  3.015084e-02 
 7.563360e+00  3.015084e-02 
 7.563681e+00  3.015085e-02 
 7.564003e+00  3.015085e-02 
 7.564325e+00  3.015086e-02 
 7.564646e+00  3.015086e-02 
 7.564968e+00  3.015087e-02 
 7.565289e+00  3.015087e-02 
 7.565611e+00  3.015088e-02 
 7.565932e+00  3.015088e-02 
 7.566254e+00  3.015088e-02 
 7.566576e+00  3.015089e-02 
 7.566897e+00  3.015089e-02 
 7.567219e+00  3.015090e-02 
 7.567540e+00  3.015090e-02 
 7.567862e+00  3.015091e-02 
 7.568183e+00  3.015091e-02 
 7.568505e+00  3.015092e-02 
 7.568826e+00  3.015092e-02 
 7.569148e+00  3.015093e-02 
 7.569470e+00  3.015093e-02 
 7.569791e+00  3.015094e-02 
 7.570113e+00  3.015094e-02 
 7.570434e+00  3.015095e-02 
 7.570756e+00  3.015095e-02 
 7.571077e+00  3.015096e-02 
 7.571399e+00  3.015096e-02 
 7.571720e+00  3.015097e-02 
 7.572042e+00  3.015097e-02 
 7.572364e+00  3.015098e-02 
 7.572685e+00  3.015098e-02 
 7.573007e+00  3.015099e-02 
 7.573328e+00  3.015099e-02 
 7.573650e+00  3.015100e-02 
 7.573971e+00  3.015100e-02 
 7.574293e+00  3.015101e-02 
 7.574614e+00  3.015102e-02 
 7.574936e+00  3.015102e-02 
 7.575258e+00  3.015103e-02 
 7.575579e+00  3.015103e-02 
 7.575901e+00  3.015104e-02 
 7.576222e+00  3.015104e-02 
 7.576544e+00  3.015105e-02 
 7.576865e+00  3.015105e-02 
 7.577187e+00  3.015106e-02 
 7.577508e+00  3.015107e-02 
 7.577830e+00  3.015107e-02 
 7.578152e+00  3.015108e-02 
 7.578473e+00  3.015108e-02 
 7.578795e+00  3.015109e-02 
 7.579116e+00  3.015109e-02 
 7.579438e+00  3.015110e-02 
 7.579759e+00  3.015111e-02 
 7.580081e+00  3.015111e-02 
 7.580402e+00  3.015112e-02 
 7.580724e+00  3.015112e-02 
 7.581046e+00  3.015113e-02 
 7.581367e+00  3.015114e-02 
 7.581689e+00  3.015114e-02 
 7.582010e+00  3.015115e-02 
 7.582332e+00  3.015115e-02 
 7.582653e+00  3.015116e-02 
 7.582975e+00  3.015117e-02 
 7.583296e+00  3.015117e-02 
 7.583618e+00  3.015118e-02 
 7.583940e+00  3.015118e-02 
 7.584261e+00  3.015119e-02 
 7.584583e+00  3.015120e-02 
 7.584904e+00  3.015120e-02 
 7.585226e+00  3.015121e-02 
 7.585547e+00  3.015122e-02 
 7.585869e+00  3.015122e-02 
 7.586190e+00  3.015123e-02 
 7.586512e+00  3.015123e-02 
 7.586834e+00  3.015124e-02 
 7.587155e+00  3.015125e-02 
 7.587477e+00  3.015125e-02 
 7.587798e+00  3.015126e-02 
 7.588120e+00  3.015127e-02 
 7.588441e+00  3.015127e-02 
 7.588763e+00  3.015128e-02 
 7.589084e+00  3.015128e-02 
 7.589406e+00  3.015129e-02 
 7.589728e+00  3.015130e-02 
 7.590049e+00  3.015130e-02 
 7.590371e+00  3.015131e-02 
 7.590692e+00  3.015132e-02 
 7.591014e+00  3.015132e-02 
 7.591335e+00  3.015133e-02 
 7.591657e+00  3.015133e-02 
 7.591978e+00  3.015134e-02 
 7.592300e+00  3.015135e-02 
 7.592622e+00  3.015135e-02 
 7.592943e+00  3.015136e-02 
 7.593265e+00  3.015137e-02 
 7.593586e+00  3.015137e-02 
 7.593908e+00  3.015138e-02 
 7.594229e+00  3.015139e-02 
 7.594551e+00  3.015139e-02 
 7.594872e+00  3.015140e-02 
 7.595194e+00  3.015141e-02 
 7.595516e+00  3.015141e-02 
 7.595837e+00  3.015142e-02 
 7.596159e+00  3.015143e-02 
 7.596480e+00  3.015143e-02 
 7.596802e+00  3.015144e-02 
 7.597123e+00  3.015145e-02 
 7.597445e+00  3.015145e-02 
 7.597766e+00  3.015146e-02 
 7.598088e+00  3.015147e-02 
 7.598410e+00  3.015147e-02 
 7.598731e+00  3.015148e-02 
 7.599053e+00  3.015149e-02 
 7.599374e+00  3.015149e-02 
 7.599696e+00  3.015150e-02 
 7.600017e+00  3.015151e-02 
 7.600339e+00  3.015151e-02 
 7.600660e+00  3.015152e-02 
 7.600982e+00  3.015153e-02 
 7.601304e+00  3.015154e-02 
 7.601625e+00  3.015154e-02 
 7.601947e+00  3.015155e-02 
 7.602268e+00  3.015156e-02 
 7.602590e+00  3.015156e-02 
 7.602911e+00  3.015157e-02 
 7.603233e+00  3.015158e-02 
 7.603554e+00  3.015159e-02 
 7.603876e+00  3.015159e-02 
 7.604198e+00  3.015160e-02 
 7.604519e+00  3.015161e-02 
 7.604841e+00  3.015161e-02 
 7.605162e+00  3.015162e-02 
 7.605484e+00  3.015163e-02 
 7.605805e+00  3.015164e-02 
 7.606127e+00  3.015164e-02 
 7.606448e+00  3.015165e-02 
 7.606770e+00  3.015166e-02 
 7.607092e+00  3.015167e-02 
 7.607413e+00  3.015168e-02 
 7.607735e+00  3.015168e-02 
 7.608056e+00  3.015169e-02 
 7.608378e+00  3.015170e-02 
 7.608699e+00  3.015171e-02 
 7.609021e+00  3.015171e-02 
 7.609343e+00  3.015172e-02 
 7.609664e+00  3.015173e-02 
 7.609986e+00  3.015174e-02 
 7.610307e+00  3.015175e-02 
 7.610629e+00  3.015175e-02 
 7.610950e+00  3.015176e-02 
 7.611272e+00  3.015177e-02 
 7.611593e+00  3.015178e-02 
 7.611915e+00  3.015179e-02 
 7.612237e+00  3.015179e-02 
 7.612558e+00  3.015180e-02 
 7.612880e+00  3.015181e-02 
 7.613201e+00  3.015182e-02 
 7.613523e+00  3.015183e-02 
 7.613844e+00  3.015183e-02 
 7.614166e+00  3.015184e-02 
 7.614487e+00  3.015185e-02 
 7.614809e+00  3.015186e-02 
 7.615131e+00  3.015187e-02 
 7.615452e+00  3.015188e-02 
 7.615774e+00  3.015188e-02 
 7.616095e+00  3.015189e-02 
 7.616417e+00  3.015190e-02 
 7.616738e+00  3.015191e-02 
 7.617060e+00  3.015192e-02 
 7.617381e+00  3.015193e-02 
 7.617703e+00  3.015193e-02 
 7.618025e+00  3.015194e-02 
 7.618346e+00  3.015195e-02 
 7.618668e+00  3.015196e-02 
 7.618989e+00  3.015197e-02 
 7.619311e+00  3.015198e-02 
 7.619632e+00  3.015198e-02 
 7.619954e+00  3.015199e-02 
 7.620275e+00  3.015200e-02 
 7.620597e+00  3.015201e-02 
 7.620919e+00  3.015202e-02 
 7.621240e+00  3.015203e-02 
 7.621562e+00  3.015203e-02 
 7.621883e+00  3.015204e-02 
 7.622205e+00  3.015205e-02 
 7.622526e+00  3.015206e-02 
 7.622848e+00  3.015207e-02 
 7.623169e+00  3.015208e-02 
 7.623491e+00  3.015209e-02 
 7.623813e+00  3.015209e-02 
 7.624134e+00  3.015210e-02 
 7.624456e+00  3.015211e-02 
 7.624777e+00  3.015212e-02 
 7.625099e+00  3.015213e-02 
 7.625420e+00  3.015214e-02 
 7.625742e+00  3.015215e-02 
 7.626063e+00  3.015215e-02 
 7.626385e+00  3.015216e-02 
 7.626707e+00  3.015217e-02 
 7.627028e+00  3.015218e-02 
 7.627350e+00  3.015219e-02 
 7.627671e+00  3.015220e-02 
 7.627993e+00  3.015221e-02 
 7.628314e+00  3.015221e-02 
 7.628636e+00  3.015222e-02 
 7.628957e+00  3.015223e-02 
 7.629279e+00  3.015224e-02 
 7.629601e+00  3.015225e-02 
 7.629922e+00  3.015226e-02 
 7.630244e+00  3.015227e-02 
 7.630565e+00  3.015228e-02 
 7.630887e+00  3.015228e-02 
 7.631208e+00  3.015229e-02 
 7.631530e+00  3.015230e-02 
 7.631851e+00  3.015231e-02 
 7.632173e+00  3.015232e-02 
 7.632495e+00  3.015233e-02 
 7.632816e+00  3.015234e-02 
 7.633138e+00  3.015235e-02 
 7.633459e+00  3.015235e-02 
 7.633781e+00  3.015236e-02 
 7.634102e+00  3.015237e-02 
 7.634424e+00  3.015238e-02 
 7.634745e+00  3.015239e-02 
 7.635067e+00  3.015240e-02 
 7.635389e+00  3.015241e-02 
 7.635710e+00  3.015242e-02 
 7.636032e+00  3.015242e-02 
 7.636353e+00  3.015243e-02 
 7.636675e+00  3.015244e-02 
 7.636996e+00  3.015245e-02 
 7.637318e+00  3.015246e-02 
 7.637639e+00  3.015247e-02 
 7.637961e+00  3.015248e-02 
 7.638283e+00  3.015249e-02 
 7.638604e+00  3.015249e-02 
 7.638926e+00  3.015250e-02 
 7.639247e+00  3.015251e-02 
 7.639569e+00  3.015252e-02 
 7.639890e+00  3.015253e-02 
 7.640212e+00  3.015254e-02 
 7.640533e+00  3.015255e-02 
 7.640855e+00  3.015256e-02 
 7.641177e+00  3.015257e-02 
 7.641498e+00  3.015257e-02 
 7.641820e+00  3.015258e-02 
 7.642141e+00  3.015259e-02 
 7.642463e+00  3.015260e-02 
 7.642784e+00  3.015261e-02 
 7.643106e+00  3.015262e-02 
 7.643427e+00  3.015263e-02 
 7.643749e+00  3.015264e-02 
 7.644071e+00  3.015265e-02 
 7.644392e+00  3.015265e-02 
 7.644714e+00  3.015266e-02 
 7.645035e+00  3.015267e-02 
 7.645357e+00  3.015268e-02 
 7.645678e+00  3.015269e-02 
 7.646000e+00  3.015270e-02 
 7.646321e+00  3.015271e-02 
 7.646643e+00  3.015272e-02 
 7.646965e+00  3.015273e-02 
 7.647286e+00  3.015273e-02 
 7.647608e+00  3.015274e-02 
 7.647929e+00  3.015275e-02 
 7.648251e+00  3.015276e-02 
 7.648572e+00  3.015277e-02 
 7.648894e+00  3.015278e-02 
 7.649215e+00  3.015279e-02 
 7.649537e+00  3.015280e-02 
 7.649859e+00  3.015281e-02 
 7.650180e+00  3.015282e-02 
 7.650502e+00  3.015282e-02 
 7.650823e+00  3.015283e-02 
 7.651145e+00  3.015284e-02 
 7.651466e+00  3.015285e-02 
 7.651788e+00  3.015286e-02 
 7.652110e+00  3.015287e-02 
 7.652431e+00  3.015288e-02 
 7.652753e+00  3.015289e-02 
 7.653074e+00  3.015290e-02 
 7.653396e+00  3.015290e-02 
 7.653717e+00  3.015291e-02 
 7.654039e+00  3.015292e-02 
 7.654360e+00  3.015293e-02 
 7.654682e+00  3.015294e-02 
 7.655004e+00  3.015295e-02 
 7.655325e+00  3.015296e-02 
 7.655647e+00  3.015297e-02 
 7.655968e+00  3.015298e-02 
 7.656290e+00  3.015298e-02 
 7.656611e+00  3.015299e-02 
 7.656933e+00  3.015300e-02 
 7.657254e+00  3.015301e-02 
 7.657576e+00  3.015302e-02 
 7.657898e+00  3.015303e-02 
 7.658219e+00  3.015304e-02 
 7.658541e+00  3.015305e-02 
 7.658862e+00  3.015306e-02 
 7.659184e+00  3.015306e-02 
 7.659505e+00  3.015307e-02 
 7.659827e+00  3.015308e-02 
 7.660148e+00  3.015309e-02 
 7.660470e+00  3.015310e-02 
 7.660792e+00  3.015311e-02 
 7.661113e+00  3.015312e-02 
 7.661435e+00  3.015313e-02 
 7.661756e+00  3.015314e-02 
 7.662078e+00  3.015314e-02 
 7.662399e+00  3.015315e-02 
 7.662721e+00  3.015316e-02 
 7.663042e+00  3.015317e-02 
 7.663364e+00  3.015318e-02 
 7.663686e+00  3.015319e-02 
 7.664007e+00  3.015320e-02 
 7.664329e+00  3.015321e-02 
 7.664650e+00  3.015322e-02 
 7.664972e+00  3.015322e-02 
 7.665293e+00  3.015323e-02 
 7.665615e+00  3.015324e-02 
 7.665936e+00  3.015325e-02 
 7.666258e+00  3.015326e-02 
 7.666580e+00  3.015327e-02 
 7.666901e+00  3.015328e-02 
 7.667223e+00  3.015329e-02 
 7.667544e+00  3.015330e-02 
 7.667866e+00  3.015331e-02 
 7.668187e+00  3.015331e-02 
 7.668509e+00  3.015332e-02 
 7.668830e+00  3.015333e-02 
 7.669152e+00  3.015334e-02 
 7.669474e+00  3.015335e-02 
 7.669795e+00  3.015336e-02 
 7.670117e+00  3.015337e-02 
 7.670438e+00  3.015338e-02 
 7.670760e+00  3.015339e-02 
 7.671081e+00  3.015340e-02 
 7.671403e+00  3.015341e-02 
 7.671724e+00  3.015341e-02 
 7.672046e+00  3.015342e-02 
 7.672368e+00  3.015343e-02 
 7.672689e+00  3.015344e-02 
 7.673011e+00  3.015345e-02 
 7.673332e+00  3.015346e-02 
 7.673654e+00  3.015347e-02 
 7.673975e+00  3.015348e-02 
 7.674297e+00  3.015349e-02 
 7.674618e+00  3.015350e-02 
 7.674940e+00  3.015351e-02 
 7.675262e+00  3.015351e-02 
 7.675583e+00  3.015352e-02 
 7.675905e+00  3.015353e-02 
 7.676226e+00  3.015354e-02 
 7.676548e+00  3.015355e-02 
 7.676869e+00  3.015356e-02 
 7.677191e+00  3.015357e-02 
 7.677512e+00  3.015358e-02 
 7.677834e+00  3.015359e-02 
 7.678156e+00  3.015360e-02 
 7.678477e+00  3.015361e-02 
 7.678799e+00  3.015362e-02 
 7.679120e+00  3.015363e-02 
 7.679442e+00  3.015363e-02 
 7.679763e+00  3.015364e-02 
 7.680085e+00  3.015365e-02 
 7.680406e+00  3.015366e-02 
 7.680728e+00  3.015367e-02 
 7.681050e+00  3.015368e-02 
 7.681371e+00  3.015369e-02 
 7.681693e+00  3.015370e-02 
 7.682014e+00  3.015371e-02 
 7.682336e+00  3.015372e-02 
 7.682657e+00  3.015373e-02 
 7.682979e+00  3.015374e-02 
 7.683300e+00  3.015375e-02 
 7.683622e+00  3.015376e-02 
 7.683944e+00  3.015376e-02 
 7.684265e+00  3.015377e-02 
 7.684587e+00  3.015378e-02 
 7.684908e+00  3.015379e-02 
 7.685230e+00  3.015380e-02 
 7.685551e+00  3.015381e-02 
 7.685873e+00  3.015382e-02 
 7.686194e+00  3.015383e-02 
 7.686516e+00  3.015384e-02 
 7.686838e+00  3.015385e-02 
 7.687159e+00  3.015386e-02 
 7.687481e+00  3.015387e-02 
 7.687802e+00  3.015388e-02 
 7.688124e+00  3.015389e-02 
 7.688445e+00  3.015390e-02 
 7.688767e+00  3.015390e-02 
 7.689088e+00  3.015391e-02 
 7.689410e+00  3.015392e-02 
 7.689732e+00  3.015393e-02 
 7.690053e+00  3.015394e-02 
 7.690375e+00  3.015395e-02 
 7.690696e+00  3.015396e-02 
 7.691018e+00  3.015397e-02 
 7.691339e+00  3.015398e-02 
 7.691661e+00  3.015399e-02 
 7.691982e+00  3.015400e-02 
 7.692304e+00  3.015401e-02 
 7.692626e+00  3.015402e-02 
 7.692947e+00  3.015402e-02 
 7.693269e+00  3.015403e-02 
 7.693590e+00  3.015404e-02 
 7.693912e+00  3.015405e-02 
 7.694233e+00  3.015406e-02 
 7.694555e+00  3.015407e-02 
 7.694877e+00  3.015408e-02 
 7.695198e+00  3.015409e-02 
 7.695520e+00  3.015410e-02 
 7.695841e+00  3.015410e-02 
 7.696163e+00  3.015411e-02 
 7.696484e+00  3.015412e-02 
 7.696806e+00  3.015413e-02 
 7.697127e+00  3.015414e-02 
 7.697449e+00  3.015415e-02 
 7.697771e+00  3.015416e-02 
 7.698092e+00  3.015417e-02 
 7.698414e+00  3.015417e-02 
 7.698735e+00  3.015418e-02 
 7.699057e+00  3.015419e-02 
 7.699378e+00  3.015420e-02 
 7.699700e+00  3.015421e-02 
 7.700021e+00  3.015422e-02 
 7.700343e+00  3.015423e-02 
 7.700665e+00  3.015423e-02 
 7.700986e+00  3.015424e-02 
 7.701308e+00  3.015425e-02 
 7.701629e+00  3.015426e-02 
 7.701951e+00  3.015427e-02 
 7.702272e+00  3.015428e-02 
 7.702594e+00  3.015428e-02 
 7.702915e+00  3.015429e-02 
 7.703237e+00  3.015430e-02 
 7.703559e+00  3.015431e-02 
 7.703880e+00  3.015432e-02 
 7.704202e+00  3.015432e-02 
 7.704523e+00  3.015433e-02 
 7.704845e+00  3.015434e-02 
 7.705166e+00  3.015435e-02 
 7.705488e+00  3.015436e-02 
 7.705809e+00  3.015436e-02 
 7.706131e+00  3.015437e-02 
 7.706453e+00  3.015438e-02 
 7.706774e+00  3.015439e-02 
 7.707096e+00  3.015440e-02 
 7.707417e+00  3.015440e-02 
 7.707739e+00  3.015441e-02 
 7.708060e+00  3.015442e-02 
 7.708382e+00  3.015443e-02 
 7.708703e+00  3.015443e-02 
 7.709025e+00  3.015444e-02 
 7.709347e+00  3.015445e-02 
 7.709668e+00  3.015446e-02 
 7.709990e+00  3.015446e-02 
 7.710311e+00  3.015447e-02 
 7.710633e+00  3.015448e-02 
 7.710954e+00  3.015449e-02 
 7.711276e+00  3.015450e-02 
 7.711597e+00  3.015450e-02 
 7.711919e+00  3.015451e-02 
 7.712241e+00  3.015452e-02 
 7.712562e+00  3.015453e-02 
 7.712884e+00  3.015453e-02 
 7.713205e+00  3.015454e-02 
 7.713527e+00  3.015455e-02 
 7.713848e+00  3.015456e-02 
 7.714170e+00  3.015456e-02 
 7.714491e+00  3.015457e-02 
 7.714813e+00  3.015458e-02 
 7.715135e+00  3.015459e-02 
 7.715456e+00  3.015459e-02 
 7.715778e+00  3.015460e-02 
 7.716099e+00  3.015461e-02 
 7.716421e+00  3.015462e-02 
 7.716742e+00  3.015462e-02 
 7.717064e+00  3.015463e-02 
 7.717385e+00  3.015464e-02 
 7.717707e+00  3.015464e-02 
 7.718029e+00  3.015465e-02 
 7.718350e+00  3.015466e-02 
 7.718672e+00  3.015467e-02 
 7.718993e+00  3.015467e-02 
 7.719315e+00  3.015468e-02 
 7.719636e+00  3.015469e-02 
 7.719958e+00  3.015470e-02 
 7.720279e+00  3.015470e-02 
 7.720601e+00  3.015471e-02 
 7.720923e+00  3.015472e-02 
 7.721244e+00  3.015473e-02 
 7.721566e+00  3.015473e-02 
 7.721887e+00  3.015474e-02 
 7.722209e+00  3.015475e-02 
 7.722530e+00  3.015476e-02 
 7.722852e+00  3.015476e-02 
 7.723173e+00  3.015477e-02 
 7.723495e+00  3.015478e-02 
 7.723817e+00  3.015478e-02 
 7.724138e+00  3.015479e-02 
 7.724460e+00  3.015480e-02 
 7.724781e+00  3.015481e-02 
 7.725103e+00  3.015481e-02 
 7.725424e+00  3.015482e-02 
 7.725746e+00  3.015483e-02 
 7.726067e+00  3.015484e-02 
 7.726389e+00  3.015484e-02 
 7.726711e+00  3.015485e-02 
 7.727032e+00  3.015486e-02 
 7.727354e+00  3.015487e-02 
 7.727675e+00  3.015487e-02 
 7.727997e+00  3.015488e-02 
 7.728318e+00  3.015489e-02 
 7.728640e+00  3.015490e-02 
 7.728961e+00  3.015490e-02 
 7.729283e+00  3.015491e-02 
 7.729605e+00  3.015492e-02 
 7.729926e+00  3.015493e-02 
 7.730248e+00  3.015493e-02 
 7.730569e+00  3.015494e-02 
 7.730891e+00  3.015495e-02 
 7.731212e+00  3.015496e-02 
 7.731534e+00  3.015497e-02 
 7.731855e+00  3.015497e-02 
 7.732177e+00  3.015498e-02 
 7.732499e+00  3.015499e-02 
 7.732820e+00  3.015500e-02 
 7.733142e+00  3.015500e-02 
 7.733463e+00  3.015501e-02 
 7.733785e+00  3.015502e-02 
 7.734106e+00  3.015503e-02 
 7.734428e+00  3.015504e-02 
 7.734749e+00  3.015504e-02 
 7.735071e+00  3.015505e-02 
 7.735393e+00  3.015506e-02 
 7.735714e+00  3.015507e-02 
 7.736036e+00  3.015508e-02 
 7.736357e+00  3.015509e-02 
 7.736679e+00  3.015509e-02 
 7.737000e+00  3.015510e-02 
 7.737322e+00  3.015511e-02 
 7.737644e+00  3.015512e-02 
 7.737965e+00  3.015513e-02 
 7.738287e+00  3.015513e-02 
 7.738608e+00  3.015514e-02 
 7.738930e+00  3.015515e-02 
 7.739251e+00  3.015516e-02 
 7.739573e+00  3.015517e-02 
 7.739894e+00  3.015518e-02 
 7.740216e+00  3.015519e-02 
 7.740538e+00  3.015519e-02 
 7.740859e+00  3.015520e-02 
 7.741181e+00  3.015521e-02 
 7.741502e+00  3.015522e-02 
 7.741824e+00  3.015523e-02 
 7.742145e+00  3.015524e-02 
 7.742467e+00  3.015525e-02 
 7.742788e+00  3.015526e-02 
 7.743110e+00  3.015526e-02 
 7.743432e+00  3.015527e-02 
 7.743753e+00  3.015528e-02 
 7.744075e+00  3.015529e-02 
 7.744396e+00  3.015530e-02 
 7.744718e+00  3.015531e-02 
 7.745039e+00  3.015532e-02 
 7.745361e+00  3.015533e-02 
 7.745682e+00  3.015534e-02 
 7.746004e+00  3.015535e-02 
 7.746326e+00  3.015535e-02 
 7.746647e+00  3.015536e-02 
 7.746969e+00  3.015537e-02 
 7.747290e+00  3.015538e-02 
 7.747612e+00  3.015539e-02 
 7.747933e+00  3.015540e-02 
 7.748255e+00  3.015541e-02 
 7.748576e+00  3.015542e-02 
 7.748898e+00  3.015543e-02 
 7.749220e+00  3.015544e-02 
 7.749541e+00  3.015545e-02 
 7.749863e+00  3.015546e-02 
 7.750184e+00  3.015547e-02 
 7.750506e+00  3.015547e-02 
 7.750827e+00  3.015548e-02 
 7.751149e+00  3.015549e-02 
 7.751470e+00  3.015550e-02 
 7.751792e+00  3.015551e-02 
 7.752114e+00  3.015552e-02 
 7.752435e+00  3.015553e-02 
 7.752757e+00  3.015554e-02 
 7.753078e+00  3.015555e-02 
 7.753400e+00  3.015556e-02 
 7.753721e+00  3.015557e-02 
 7.754043e+00  3.015558e-02 
 7.754364e+00  3.015559e-02 
 7.754686e+00  3.015560e-02 
 7.755008e+00  3.015561e-02 
 7.755329e+00  3.015562e-02 
 7.755651e+00  3.015563e-02 
 7.755972e+00  3.015564e-02 
 7.756294e+00  3.015565e-02 
 7.756615e+00  3.015566e-02 
 7.756937e+00  3.015567e-02 
 7.757258e+00  3.015568e-02 
 7.757580e+00  3.015568e-02 
 7.757902e+00  3.015569e-02 
 7.758223e+00  3.015570e-02 
 7.758545e+00  3.015571e-02 
 7.758866e+00  3.015572e-02 
 7.759188e+00  3.015573e-02 
 7.759509e+00  3.015574e-02 
 7.759831e+00  3.015575e-02 
 7.760152e+00  3.015576e-02 
 7.760474e+00  3.015577e-02 
 7.760796e+00  3.015578e-02 
 7.761117e+00  3.015579e-02 
 7.761439e+00  3.015580e-02 
 7.761760e+00  3.015581e-02 
 7.762082e+00  3.015582e-02 
 7.762403e+00  3.015583e-02 
 7.762725e+00  3.015584e-02 
 7.763046e+00  3.015585e-02 
 7.763368e+00  3.015586e-02 
 7.763690e+00  3.015587e-02 
 7.764011e+00  3.015588e-02 
 7.764333e+00  3.015589e-02 
 7.764654e+00  3.015590e-02 
 7.764976e+00  3.015591e-02 
 7.765297e+00  3.015591e-02 
 7.765619e+00  3.015592e-02 
 7.765940e+00  3.015593e-02 
 7.766262e+00  3.015594e-02 
 7.766584e+00  3.015595e-02 
 7.766905e+00  3.015596e-02 
 7.767227e+00  3.015597e-02 
 7.767548e+00  3.015598e-02 
 7.767870e+00  3.015599e-02 
 7.768191e+00  3.015600e-02 
 7.768513e+00  3.015601e-02 
 7.768834e+00  3.015602e-02 
 7.769156e+00  3.015603e-02 
 7.769478e+00  3.015604e-02 
 7.769799e+00  3.015605e-02 
 7.770121e+00  3.015606e-02 
 7.770442e+00  3.015606e-02 
 7.770764e+00  3.015607e-02 
 7.771085e+00  3.015608e-02 
 7.771407e+00  3.015609e-02 
 7.771728e+00  3.015610e-02 
 7.772050e+00  3.015611e-02 
 7.772372e+00  3.015612e-02 
 7.772693e+00  3.015613e-02 
 7.773015e+00  3.015614e-02 
 7.773336e+00  3.015615e-02 
 7.773658e+00  3.015616e-02 
 7.773979e+00  3.015617e-02 
 7.774301e+00  3.015617e-02 
 7.774622e+00  3.015618e-02 
 7.774944e+00  3.015619e-02 
 7.775266e+00  3.015620e-02 
 7.775587e+00  3.015621e-02 
 7.775909e+00  3.015622e-02 
 7.776230e+00  3.015623e-02 
 7.776552e+00  3.015624e-02 
 7.776873e+00  3.015625e-02 
 7.777195e+00  3.015626e-02 
 7.777517e+00  3.015626e-02 
 7.777838e+00  3.015627e-02 
 7.778160e+00  3.015628e-02 
 7.778481e+00  3.015629e-02 
 7.778803e+00  3.015630e-02 
 7.779124e+00  3.015631e-02 
 7.779446e+00  3.015632e-02 
 7.779767e+00  3.015633e-02 
 7.780089e+00  3.015633e-02 
 7.780411e+00  3.015634e-02 
 7.780732e+00  3.015635e-02 
 7.781054e+00  3.015636e-02 
 7.781375e+00  3.015637e-02 
 7.781697e+00  3.015638e-02 
 7.782018e+00  3.015639e-02 
 7.782340e+00  3.015640e-02 
 7.782661e+00  3.015640e-02 
 7.782983e+00  3.015641e-02 
 7.783305e+00  3.015642e-02 
 7.783626e+00  3.015643e-02 
 7.783948e+00  3.015644e-02 
 7.784269e+00  3.015645e-02 
 7.784591e+00  3.015646e-02 
 7.784912e+00  3.015646e-02 
 7.785234e+00  3.015647e-02 
 7.785555e+00  3.015648e-02 
 7.785877e+00  3.015649e-02 
 7.786199e+00  3.015650e-02 
 7.786520e+00  3.015651e-02 
 7.786842e+00  3.015651e-02 
 7.787163e+00  3.015652e-02 
 7.787485e+00  3.015653e-02 
 7.787806e+00  3.015654e-02 
 7.788128e+00  3.015655e-02 
 7.788449e+00  3.015656e-02 
 7.788771e+00  3.015657e-02 
 7.789093e+00  3.015657e-02 
 7.789414e+00  3.015658e-02 
 7.789736e+00  3.015659e-02 
 7.790057e+00  3.015660e-02 
 7.790379e+00  3.015661e-02 
 7.790700e+00  3.015662e-02 
 7.791022e+00  3.015662e-02 
 7.791343e+00  3.015663e-02 
 7.791665e+00  3.015664e-02 
 7.791987e+00  3.015665e-02 
 7.792308e+00  3.015666e-02 
 7.792630e+00  3.015667e-02 
 7.792951e+00  3.015667e-02 
 7.793273e+00  3.015668e-02 
 7.793594e+00  3.015669e-02 
 7.793916e+00  3.015670e-02 
 7.794237e+00  3.015671e-02 
 7.794559e+00  3.015671e-02 
 7.794881e+00  3.015672e-02 
 7.795202e+00  3.015673e-02 
 7.795524e+00  3.015674e-02 
 7.795845e+00  3.015675e-02 
 7.796167e+00  3.015675e-02 
 7.796488e+00  3.015676e-02 
 7.796810e+00  3.015677e-02 
 7.797131e+00  3.015678e-02 
 7.797453e+00  3.015679e-02 
 7.797775e+00  3.015679e-02 
 7.798096e+00  3.015680e-02 
 7.798418e+00  3.015681e-02 
 7.798739e+00  3.015682e-02 
 7.799061e+00  3.015683e-02 
 7.799382e+00  3.015683e-02 
 7.799704e+00  3.015684e-02 
 7.800025e+00  3.015685e-02 
 7.800347e+00  3.015686e-02 
 7.800669e+00  3.015687e-02 
 7.800990e+00  3.015687e-02 
 7.801312e+00  3.015688e-02 
 7.801633e+00  3.015689e-02 
 7.801955e+00  3.015690e-02 
 7.802276e+00  3.015690e-02 
 7.802598e+00  3.015691e-02 
 7.802919e+00  3.015692e-02 
 7.803241e+00  3.015693e-02 
 7.803563e+00  3.015693e-02 
 7.803884e+00  3.015694e-02 
 7.804206e+00  3.015695e-02 
 7.804527e+00  3.015696e-02 
 7.804849e+00  3.015696e-02 
 7.805170e+00  3.015697e-02 
 7.805492e+00  3.015698e-02 
 7.805813e+00  3.015699e-02 
 7.806135e+00  3.015699e-02 
 7.806457e+00  3.015700e-02 
 7.806778e+00  3.015701e-02 
 7.807100e+00  3.015701e-02 
 7.807421e+00  3.015702e-02 
 7.807743e+00  3.015703e-02 
 7.808064e+00  3.015704e-02 
 7.808386e+00  3.015704e-02 
 7.808707e+00  3.015705e-02 
 7.809029e+00  3.015706e-02 
 7.809351e+00  3.015706e-02 
 7.809672e+00  3.015707e-02 
 7.809994e+00  3.015708e-02 
 7.810315e+00  3.015709e-02 
 7.810637e+00  3.015709e-02 
 7.810958e+00  3.015710e-02 
 7.811280e+00  3.015711e-02 
 7.811601e+00  3.015711e-02 
 7.811923e+00  3.015712e-02 
 7.812245e+00  3.015713e-02 
 7.812566e+00  3.015714e-02 
 7.812888e+00  3.015714e-02 
 7.813209e+00  3.015715e-02 
 7.813531e+00  3.015716e-02 
 7.813852e+00  3.015716e-02 
 7.814174e+00  3.015717e-02 
 7.814495e+00  3.015718e-02 
 7.814817e+00  3.015718e-02 
 7.815139e+00  3.015719e-02 
 7.815460e+00  3.015720e-02 
 7.815782e+00  3.015720e-02 
 7.816103e+00  3.015721e-02 
 7.816425e+00  3.015722e-02 
 7.816746e+00  3.015723e-02 
 7.817068e+00  3.015723e-02 
 7.817389e+00  3.015724e-02 
 7.817711e+00  3.015725e-02 
 7.818033e+00  3.015725e-02 
 7.818354e+00  3.015726e-02 
 7.818676e+00  3.015727e-02 
 7.818997e+00  3.015727e-02 
 7.819319e+00  3.015728e-02 
 7.819640e+00  3.015729e-02 
 7.819962e+00  3.015729e-02 
 7.820284e+00  3.015730e-02 
 7.820605e+00  3.015731e-02 
 7.820927e+00  3.015731e-02 
 7.821248e+00  3.015732e-02 
 7.821570e+00  3.015733e-02 
 7.821891e+00  3.015733e-02 
 7.822213e+00  3.015734e-02 
 7.822534e+00  3.015735e-02 
 7.822856e+00  3.015735e-02 
 7.823178e+00  3.015736e-02 
 7.823499e+00  3.015737e-02 
 7.823821e+00  3.015737e-02 
 7.824142e+00  3.015738e-02 
 7.824464e+00  3.015739e-02 
 7.824785e+00  3.015739e-02 
 7.825107e+00  3.015740e-02 
 7.825428e+00  3.015741e-02 
 7.825750e+00  3.015741e-02 
 7.826072e+00  3.015742e-02 
 7.826393e+00  3.015742e-02 
 7.826715e+00  3.015743e-02 
 7.827036e+00  3.015744e-02 
 7.827358e+00  3.015744e-02 
 7.827679e+00  3.015745e-02 
 7.828001e+00  3.015746e-02 
 7.828322e+00  3.015746e-02 
 7.828644e+00  3.015747e-02 
 7.828966e+00  3.015747e-02 
 7.829287e+00  3.015748e-02 
 7.829609e+00  3.015749e-02 
 7.829930e+00  3.015749e-02 
 7.830252e+00  3.015750e-02 
 7.830573e+00  3.015750e-02 
 7.830895e+00  3.015751e-02 
 7.831216e+00  3.015752e-02 
 7.831538e+00  3.015752e-02 
 7.831860e+00  3.015753e-02 
 7.832181e+00  3.015753e-02 
 7.832503e+00  3.015754e-02 
 7.832824e+00  3.015754e-02 
 7.833146e+00  3.015755e-02 
 7.833467e+00  3.015756e-02 
 7.833789e+00  3.015756e-02 
 7.834110e+00  3.015757e-02 
 7.834432e+00  3.015757e-02 
 7.834754e+00  3.015758e-02 
 7.835075e+00  3.015758e-02 
 7.835397e+00  3.015759e-02 
 7.835718e+00  3.015759e-02 
 7.836040e+00  3.015760e-02 
 7.836361e+00  3.015761e-02 
 7.836683e+00  3.015761e-02 
 7.837004e+00  3.015762e-02 
 7.837326e+00  3.015762e-02 
 7.837648e+00  3.015763e-02 
 7.837969e+00  3.015763e-02 
 7.838291e+00  3.015764e-02 
 7.838612e+00  3.015764e-02 
 7.838934e+00  3.015765e-02 
 7.839255e+00  3.015765e-02 
 7.839577e+00  3.015766e-02 
 7.839898e+00  3.015766e-02 
 7.840220e+00  3.015767e-02 
 7.840542e+00  3.015767e-02 
 7.840863e+00  3.015768e-02 
 7.841185e+00  3.015768e-02 
 7.841506e+00  3.015768e-02 
 7.841828e+00  3.015769e-02 
 7.842149e+00  3.015769e-02 
 7.842471e+00  3.015770e-02 
 7.842792e+00  3.015770e-02 
 7.843114e+00  3.015771e-02 
 7.843436e+00  3.015771e-02 
 7.843757e+00  3.015772e-02 
 7.844079e+00  3.015772e-02 
 7.844400e+00  3.015772e-02 
 7.844722e+00  3.015773e-02 
 7.845043e+00  3.015773e-02 
 7.845365e+00  3.015774e-02 
 7.845686e+00  3.015774e-02 
 7.846008e+00  3.015775e-02 
 7.846330e+00  3.015775e-02 
 7.846651e+00  3.015775e-02 
 7.846973e+00  3.015776e-02 
 7.847294e+00  3.015776e-02 
 7.847616e+00  3.015777e-02 
 7.847937e+00  3.015777e-02 
 7.848259e+00  3.015777e-02 
 7.848580e+00  3.015778e-02 
 7.848902e+00  3.015778e-02 
 7.849224e+00  3.015778e-02 
 7.849545e+00  3.015779e-02 
 7.849867e+00  3.015779e-02 
 7.850188e+00  3.015779e-02 
 7.850510e+00  3.015780e-02 
 7.850831e+00  3.015780e-02 
 7.851153e+00  3.015781e-02 
 7.851474e+00  3.015781e-02 
 7.851796e+00  3.015781e-02 
 7.852118e+00  3.015782e-02 
 7.852439e+00  3.015782e-02 
 7.852761e+00  3.015782e-02 
 7.853082e+00  3.015783e-02 
 7.853404e+00  3.015783e-02 
 7.853725e+00  3.015783e-02 
 7.854047e+00  3.015784e-02 
 7.854368e+00  3.015784e-02 
 7.854690e+00  3.015784e-02 
 7.855012e+00  3.015785e-02 
 7.855333e+00  3.015785e-02 
 7.855655e+00  3.015785e-02 
 7.855976e+00  3.015786e-02 
 7.856298e+00  3.015786e-02 
 7.856619e+00  3.015786e-02 
 7.856941e+00  3.015786e-02 
 7.857262e+00  3.015787e-02 
 7.857584e+00  3.015787e-02 
 7.857906e+00  3.015787e-02 
 7.858227e+00  3.015788e-02 
 7.858549e+00  3.015788e-02 
 7.858870e+00  3.015788e-02 
 7.859192e+00  3.015788e-02 
 7.859513e+00  3.015789e-02 
 7.859835e+00  3.015789e-02 
 7.860157e+00  3.015789e-02 
 7.860478e+00  3.015790e-02 
 7.860800e+00  3.015790e-02 
 7.861121e+00  3.015790e-02 
 7.861443e+00  3.015790e-02 
 7.861764e+00  3.015791e-02 
 7.862086e+00  3.015791e-02 
 7.862407e+00  3.015791e-02 
 7.862729e+00  3.015792e-02 
 7.863051e+00  3.015792e-02 
 7.863372e+00  3.015792e-02 
 7.863694e+00  3.015792e-02 
 7.864015e+00  3.015793e-02 
 7.864337e+00  3.015793e-02 
 7.864658e+00  3.015793e-02 
 7.864980e+00  3.015793e-02 
 7.865301e+00  3.015794e-02 
 7.865623e+00  3.015794e-02 
 7.865945e+00  3.015794e-02 
 7.866266e+00  3.015794e-02 
 7.866588e+00  3.015794e-02 
 7.866909e+00  3.015795e-02 
 7.867231e+00  3.015795e-02 
 7.867552e+00  3.015795e-02 
 7.867874e+00  3.015795e-02 
 7.868195e+00  3.015795e-02 
 7.868517e+00  3.015796e-02 
 7.868839e+00  3.015796e-02 
 7.869160e+00  3.015796e-02 
 7.869482e+00  3.015796e-02 
 7.869803e+00  3.015796e-02 
 7.870125e+00  3.015797e-02 
 7.870446e+00  3.015797e-02 
 7.870768e+00  3.015797e-02 
 7.871089e+00  3.015797e-02 
 7.871411e+00  3.015797e-02 
 7.871733e+00  3.015797e-02 
 7.872054e+00  3.015798e-02 
 7.872376e+00  3.015798e-02 
 7.872697e+00  3.015798e-02 
 7.873019e+00  3.015798e-02 
 7.873340e+00  3.015798e-02 
 7.873662e+00  3.015798e-02 
 7.873983e+00  3.015798e-02 
 7.874305e+00  3.015798e-02 
 7.874627e+00  3.015799e-02 
 7.874948e+00  3.015799e-02 
 7.875270e+00  3.015799e-02 
 7.875591e+00  3.015799e-02 
 7.875913e+00  3.015799e-02 
 7.876234e+00  3.015799e-02 
 7.876556e+00  3.015799e-02 
 7.876877e+00  3.015799e-02 
 7.877199e+00  3.015799e-02 
 7.877521e+00  3.015799e-02 
 7.877842e+00  3.015799e-02 
 7.878164e+00  3.015799e-02 
 7.878485e+00  3.015799e-02 
 7.878807e+00  3.015799e-02 
 7.879128e+00  3.015799e-02 
 7.879450e+00  3.015799e-02 
 7.879771e+00  3.015799e-02 
 7.880093e+00  3.015799e-02 
 7.880415e+00  3.015799e-02 
 7.880736e+00  3.015799e-02 
 7.881058e+00  3.015799e-02 
 7.881379e+00  3.015799e-02 
 7.881701e+00  3.015799e-02 
 7.882022e+00  3.015799e-02 
 7.882344e+00  3.015799e-02 
 7.882665e+00  3.015799e-02 
 7.882987e+00  3.015799e-02 
 7.883309e+00  3.015799e-02 
 7.883630e+00  3.015799e-02 
 7.883952e+00  3.015799e-02 
 7.884273e+00  3.015799e-02 
 7.884595e+00  3.015799e-02 
 7.884916e+00  3.015799e-02 
 7.885238e+00  3.015799e-02 
 7.885559e+00  3.015799e-02 
 7.885881e+00  3.015799e-02 
 7.886203e+00  3.015798e-02 
 7.886524e+00  3.015798e-02 
 7.886846e+00  3.015798e-02 
 7.887167e+00  3.015798e-02 
 7.887489e+00  3.015798e-02 
 7.887810e+00  3.015798e-02 
 7.888132e+00  3.015798e-02 
 7.888453e+00  3.015798e-02 
 7.888775e+00  3.015798e-02 
 7.889097e+00  3.015797e-02 
 7.889418e+00  3.015797e-02 
 7.889740e+00  3.015797e-02 
 7.890061e+00  3.015797e-02 
 7.890383e+00  3.015797e-02 
 7.890704e+00  3.015797e-02 
 7.891026e+00  3.015797e-02 
 7.891347e+00  3.015796e-02 
 7.891669e+00  3.015796e-02 
 7.891991e+00  3.015796e-02 
 7.892312e+00  3.015796e-02 
 7.892634e+00  3.015796e-02 
 7.892955e+00  3.015796e-02 
 7.893277e+00  3.015795e-02 
 7.893598e+00  3.015795e-02 
 7.893920e+00  3.015795e-02 
 7.894241e+00  3.015795e-02 
 7.894563e+00  3.015795e-02 
 7.894885e+00  3.015794e-02 
 7.895206e+00  3.015794e-02 
 7.895528e+00  3.015794e-02 
 7.895849e+00  3.015794e-02 
 7.896171e+00  3.015794e-02 
 7.896492e+00  3.015793e-02 
 7.896814e+00  3.015793e-02 
 7.897135e+00  3.015793e-02 
 7.897457e+00  3.015793e-02 
 7.897779e+00  3.015793e-02 
 7.898100e+00  3.015792e-02 
 7.898422e+00  3.015792e-02 
 7.898743e+00  3.015792e-02 
 7.899065e+00  3.015792e-02 
 7.899386e+00  3.015791e-02 
 7.899708e+00  3.015791e-02 
 7.900029e+00  3.015791e-02 
 7.900351e+00  3.015791e-02 
 7.900673e+00  3.015791e-02 
 7.900994e+00  3.015790e-02 
 7.901316e+00  3.015790e-02 
 7.901637e+00  3.015790e-02 
 7.901959e+00  3.015790e-02 
 7.902280e+00  3.015789e-02 
 7.902602e+00  3.015789e-02 
 7.902924e+00  3.015789e-02 
 7.903245e+00  3.015789e-02 
 7.903567e+00  3.015788e-02 
 7.903888e+00  3.015788e-02 
 7.904210e+00  3.015788e-02 
 7.904531e+00  3.015788e-02 
 7.904853e+00  3.015787e-02 
 7.905174e+00  3.015787e-02 
 7.905496e+00  3.015787e-02 
 7.905818e+00  3.015787e-02 
 7.906139e+00  3.015786e-02 
 7.906461e+00  3.015786e-02 
 7.906782e+00  3.015786e-02 
 7.907104e+00  3.015785e-02 
 7.907425e+00  3.015785e-02 
 7.907747e+00  3.015785e-02 
 7.908068e+00  3.015785e-02 
 7.908390e+00  3.015784e-02 
 7.908712e+00  3.015784e-02 
 7.909033e+00  3.015784e-02 
 7.909355e+00  3.015784e-02 
 7.909676e+00  3.015783e-02 
 7.909998e+00  3.015783e-02 
 7.910319e+00  3.015783e-02 
 7.910641e+00  3.015782e-02 
 7.910962e+00  3.015782e-02 
 7.911284e+00  3.015782e-02 
 7.911606e+00  3.015781e-02 
 7.911927e+00  3.015781e-02 
 7.912249e+00  3.015781e-02 
 7.912570e+00  3.015781e-02 
 7.912892e+00  3.015780e-02 
 7.913213e+00  3.015780e-02 
 7.913535e+00  3.015780e-02 
 7.913856e+00  3.015779e-02 
 7.914178e+00  3.015779e-02 
 7.914500e+00  3.015779e-02 
 7.914821e+00  3.015778e-02 
 7.915143e+00  3.015778e-02 
 7.915464e+00  3.015778e-02 
 7.915786e+00  3.015777e-02 
 7.916107e+00  3.015777e-02 
 7.916429e+00  3.015777e-02 
 7.916750e+00  3.015776e-02 
 7.917072e+00  3.015776e-02 
 7.917394e+00  3.015776e-02 
 7.917715e+00  3.015776e-02 
 7.918037e+00  3.015775e-02 
 7.918358e+00  3.015775e-02 
 7.918680e+00  3.015775e-02 
 7.919001e+00  3.015774e-02 
 7.919323e+00  3.015774e-02 
 7.919644e+00  3.015774e-02 
 7.919966e+00  3.015773e-02 
 7.920288e+00  3.015773e-02 
 7.920609e+00  3.015772e-02 
 7.920931e+00  3.015772e-02 
 7.921252e+00  3.015772e-02 
 7.921574e+00  3.015771e-02 
 7.921895e+00  3.015771e-02 
 7.922217e+00  3.015771e-02 
 7.922538e+00  3.015770e-02 
 7.922860e+00  3.015770e-02 
 7.923182e+00  3.015770e-02 
 7.923503e+00  3.015769e-02 
 7.923825e+00  3.015769e-02 
 7.924146e+00  3.015769e-02 
 7.924468e+00  3.015768e-02 
 7.924789e+00  3.015768e-02 
 7.925111e+00  3.015768e-02 
 7.925432e+00  3.015767e-02 
 7.925754e+00  3.015767e-02 
 7.926076e+00  3.015767e-02 
 7.926397e+00  3.015766e-02 
 7.926719e+00  3.015766e-02 
 7.927040e+00  3.015765e-02 
 7.927362e+00  3.015765e-02 
 7.927683e+00  3.015765e-02 
 7.928005e+00  3.015764e-02 
 7.928326e+00  3.015764e-02 
 7.928648e+00  3.015764e-02 
 7.928970e+00  3.015763e-02 
 7.929291e+00  3.015763e-02 
 7.929613e+00  3.015763e-02 
 7.929934e+00  3.015762e-02 
 7.930256e+00  3.015762e-02 
 7.930577e+00  3.015761e-02 
 7.930899e+00  3.015761e-02 
 7.931220e+00  3.015761e-02 
 7.931542e+00  3.015760e-02 
 7.931864e+00  3.015760e-02 
 7.932185e+00  3.015760e-02 
 7.932507e+00  3.015759e-02 
 7.932828e+00  3.015759e-02 
 7.933150e+00  3.015758e-02 
 7.933471e+00  3.015758e-02 
 7.933793e+00  3.015758e-02 
 7.934114e+00  3.015757e-02 
 7.934436e+00  3.015757e-02 
 7.934758e+00  3.015757e-02 
 7.935079e+00  3.015756e-02 
 7.935401e+00  3.015756e-02 
 7.935722e+00  3.015756e-02 
 7.936044e+00  3.015755e-02 
 7.936365e+00  3.015755e-02 
 7.936687e+00  3.015754e-02 
 7.937008e+00  3.015754e-02 
 7.937330e+00  3.015754e-02 
 7.937652e+00  3.015753e-02 
 7.937973e+00  3.015753e-02 
 7.938295e+00  3.015753e-02 
 7.938616e+00  3.015752e-02 
 7.938938e+00  3.015752e-02 
 7.939259e+00  3.015752e-02 
 7.939581e+00  3.015751e-02 
 7.939902e+00  3.015751e-02 
 7.940224e+00  3.015751e-02 
 7.940546e+00  3.015750e-02 
 7.940867e+00  3.015750e-02 
 7.941189e+00  3.015750e-02 
 7.941510e+00  3.015749e-02 
 7.941832e+00  3.015749e-02 
 7.942153e+00  3.015749e-02 
 7.942475e+00  3.015748e-02 
 7.942797e+00  3.015748e-02 
 7.943118e+00  3.015748e-02 
 7.943440e+00  3.015747e-02 
 7.943761e+00  3.015747e-02 
 7.944083e+00  3.015747e-02 
 7.944404e+00  3.015746e-02 
 7.944726e+00  3.015746e-02 
 7.945047e+00  3.015746e-02 
 7.945369e+00  3.015746e-02 
 7.945691e+00  3.015745e-02 
 7.946012e+00  3.015745e-02 
 7.946334e+00  3.015745e-02 
 7.946655e+00  3.015744e-02 
 7.946977e+00  3.015744e-02 
 7.947298e+00  3.015744e-02 
 7.947620e+00  3.015744e-02 
 7.947941e+00  3.015743e-02 
 7.948263e+00  3.015743e-02 
 7.948585e+00  3.015743e-02 
 7.948906e+00  3.015742e-02 
 7.949228e+00  3.015742e-02 
 7.949549e+00  3.015742e-02 
 7.949871e+00  3.015742e-02 
 7.950192e+00  3.015741e-02 
 7.950514e+00  3.015741e-02 
 7.950835e+00  3.015741e-02 
 7.951157e+00  3.015741e-02 
 7.951479e+00  3.015741e-02 
 7.951800e+00  3.015740e-02 
 7.952122e+00  3.015740e-02 
 7.952443e+00  3.015740e-02 
 7.952765e+00  3.015740e-02 
 7.953086e+00  3.015739e-02 
 7.953408e+00  3.015739e-02 
 7.953729e+00  3.015739e-02 
 7.954051e+00  3.015739e-02 
 7.954373e+00  3.015739e-02 
 7.954694e+00  3.015738e-02 
 7.955016e+00  3.015738e-02 
 7.955337e+00  3.015738e-02 
 7.955659e+00  3.015738e-02 
 7.955980e+00  3.015738e-02 
 7.956302e+00  3.015738e-02 
 7.956623e+00  3.015737e-02 
 7.956945e+00  3.015737e-02 
 7.957267e+00  3.015737e-02 
 7.957588e+00  3.015737e-02 
 7.957910e+00  3.015737e-02 
 7.958231e+00  3.015737e-02 
 7.958553e+00  3.015737e-02 
 7.958874e+00  3.015737e-02 
 7.959196e+00  3.015736e-02 
 7.959517e+00  3.015736e-02 
 7.959839e+00  3.015736e-02 
 7.960161e+00  3.015736e-02 
 7.960482e+00  3.015736e-02 
 7.960804e+00  3.015736e-02 
 7.961125e+00  3.015736e-02 
 7.961447e+00  3.015736e-02 
 7.961768e+00  3.015736e-02 
 7.962090e+00  3.015736e-02 
 7.962411e+00  3.015736e-02 
 7.962733e+00  3.015736e-02 
 7.963055e+00  3.015736e-02 
 7.963376e+00  3.015736e-02 
 7.963698e+00  3.015736e-02 
 7.964019e+00  3.015736e-02 
 7.964341e+00  3.015735e-02 
 7.964662e+00  3.015735e-02 
 7.964984e+00  3.015735e-02 
 7.965305e+00  3.015735e-02 
 7.965627e+00  3.015735e-02 
 7.965949e+00  3.015736e-02 
 7.966270e+00  3.015736e-02 
 7.966592e+00  3.015736e-02 
 7.966913e+00  3.015736e-02 
 7.967235e+00  3.015736e-02 
 7.967556e+00  3.015736e-02 
 7.967878e+00  3.015736e-02 
 7.968199e+00  3.015736e-02 
 7.968521e+00  3.015736e-02 
 7.968843e+00  3.015736e-02 
 7.969164e+00  3.015736e-02 
 7.969486e+00  3.015736e-02 
 7.969807e+00  3.015736e-02 
 7.970129e+00  3.015736e-02 
 7.970450e+00  3.015736e-02 
 7.970772e+00  3.015737e-02 
 7.971093e+00  3.015737e-02 
 7.971415e+00  3.015737e-02 
 7.971737e+00  3.015737e-02 
 7.972058e+00  3.015737e-02 
 7.972380e+00  3.015737e-02 
 7.972701e+00  3.015737e-02 
 7.973023e+00  3.015738e-02 
 7.973344e+00  3.015738e-02 
 7.973666e+00  3.015738e-02 
 7.973987e+00  3.015738e-02 
 7.974309e+00  3.015738e-02 
 7.974631e+00  3.015738e-02 
 7.974952e+00  3.015739e-02 
 7.975274e+00  3.015739e-02 
 7.975595e+00  3.015739e-02 
 7.975917e+00  3.015739e-02 
 7.976238e+00  3.015740e-02 
 7.976560e+00  3.015740e-02 
 7.976881e+00  3.015740e-02 
 7.977203e+00  3.015740e-02 
 7.977525e+00  3.015741e-02 
 7.977846e+00  3.015741e-02 
 7.978168e+00  3.015741e-02 
 7.978489e+00  3.015741e-02 
 7.978811e+00  3.015742e-02 
 7.979132e+00  3.015742e-02 
 7.979454e+00  3.015742e-02 
 7.979775e+00  3.015743e-02 
 7.980097e+00  3.015743e-02 
 7.980419e+00  3.015743e-02 
 7.980740e+00  3.015743e-02 
 7.981062e+00  3.015744e-02 
 7.981383e+00  3.015744e-02 
 7.981705e+00  3.015745e-02 
 7.982026e+00  3.015745e-02 
 7.982348e+00  3.015745e-02 
 7.982669e+00  3.015746e-02 
 7.982991e+00  3.015746e-02 
 7.983313e+00  3.015746e-02 
 7.983634e+00  3.015747e-02 
 7.983956e+00  3.015747e-02 
 7.984277e+00  3.015748e-02 
 7.984599e+00  3.015748e-02 
 7.984920e+00  3.015748e-02 
 7.985242e+00  3.015749e-02 
 7.985564e+00  3.015749e-02 
 7.985885e+00  3.015750e-02 
 7.986207e+00  3.015750e-02 
 7.986528e+00  3.015750e-02 
 7.986850e+00  3.015751e-02 
 7.987171e+00  3.015751e-02 
 7.987493e+00  3.015752e-02 
 7.987814e+00  3.015752e-02 
 7.988136e+00  3.015753e-02 
 7.988458e+00  3.015753e-02 
 7.988779e+00  3.015754e-02 
 7.989101e+00  3.015754e-02 
 7.989422e+00  3.015755e-02 
 7.989744e+00  3.015755e-02 
 7.990065e+00  3.015756e-02 
 7.990387e+00  3.015756e-02 
 7.990708e+00  3.015757e-02 
 7.991030e+00  3.015757e-02 
 7.991352e+00  3.015758e-02 
 7.991673e+00  3.015758e-02 
 7.991995e+00  3.015759e-02 
 7.992316e+00  3.015759e-02 
 7.992638e+00  3.015760e-02 
 7.992959e+00  3.015761e-02 
 7.993281e+00  3.015761e-02 
 7.993602e+00  3.015762e-02 
 7.993924e+00  3.015762e-02 
 7.994246e+00  3.015763e-02 
 7.994567e+00  3.015764e-02 
 7.994889e+00  3.015764e-02 
 7.995210e+00  3.015765e-02 
 7.995532e+00  3.015765e-02 
 7.995853e+00  3.015766e-02 
 7.996175e+00  3.015767e-02 
 7.996496e+00  3.015767e-02 
 7.996818e+00  3.015768e-02 
 7.997140e+00  3.015769e-02 
 7.997461e+00  3.015769e-02 
 7.997783e+00  3.015770e-02 
 7.998104e+00  3.015771e-02 
 7.998426e+00  3.015771e-02 
 7.998747e+00  3.015772e-02 
 7.999069e+00  3.015773e-02 
 7.999390e+00  3.015773e-02 
 7.999712e+00  3.015774e-02 
 8.000034e+00  3.015775e-02 
 8.000355e+00  3.015776e-02 
 8.000677e+00  3.015776e-02 
 8.000998e+00  3.015777e-02 
 8.001320e+00  3.015778e-02 
 8.001641e+00  3.015779e-02 
 8.001963e+00  3.015779e-02 
 8.002284e+00  3.015780e-02 
 8.002606e+00  3.015781e-02 
 8.002928e+00  3.015782e-02 
 8.003249e+00  3.015783e-02 
 8.003571e+00  3.015783e-02 
 8.003892e+00  3.015784e-02 
 8.004214e+00  3.015785e-02 
 8.004535e+00  3.015786e-02 
 8.004857e+00  3.015787e-02 
 8.005178e+00  3.015788e-02 
 8.005500e+00  3.015788e-02 
 8.005822e+00  3.015789e-02 
 8.006143e+00  3.015790e-02 
 8.006465e+00  3.015791e-02 
 8.006786e+00  3.015792e-02 
 8.007108e+00  3.015793e-02 
 8.007429e+00  3.015794e-02 
 8.007751e+00  3.015795e-02 
 8.008072e+00  3.015796e-02 
 8.008394e+00  3.015797e-02 
 8.008716e+00  3.015798e-02 
 8.009037e+00  3.015799e-02 
 8.009359e+00  3.015799e-02 
 8.009680e+00  3.015800e-02 
 8.010002e+00  3.015801e-02 
 8.010323e+00  3.015802e-02 
 8.010645e+00  3.015803e-02 
 8.010966e+00  3.015804e-02 
 8.011288e+00  3.015805e-02 
 8.011610e+00  3.015807e-02 
 8.011931e+00  3.015808e-02 
 8.012253e+00  3.015809e-02 
 8.012574e+00  3.015810e-02 
 8.012896e+00  3.015811e-02 
 8.013217e+00  3.015812e-02 
 8.013539e+00  3.015813e-02 
 8.013860e+00  3.015814e-02 
 8.014182e+00  3.015815e-02 
 8.014504e+00  3.015816e-02 
 8.014825e+00  3.015817e-02 
 8.015147e+00  3.015818e-02 
 8.015468e+00  3.015820e-02 
 8.015790e+00  3.015821e-02 
 8.016111e+00  3.015822e-02 
 8.016433e+00  3.015823e-02 
 8.016754e+00  3.015824e-02 
 8.017076e+00  3.015825e-02 
 8.017398e+00  3.015826e-02 
 8.017719e+00  3.015828e-02 
 8.018041e+00  3.015829e-02 
 8.018362e+00  3.015830e-02 
 8.018684e+00  3.015831e-02 
 8.019005e+00  3.015832e-02 
 8.019327e+00  3.015834e-02 
 8.019648e+00  3.015835e-02 
 8.019970e+00  3.015836e-02 
 8.020292e+00  3.015837e-02 
 8.020613e+00  3.015838e-02 
 8.020935e+00  3.015840e-02 
 8.021256e+00  3.015841e-02 
 8.021578e+00  3.015842e-02 
 8.021899e+00  3.015843e-02 
 8.022221e+00  3.015845e-02 
 8.022542e+00  3.015846e-02 
 8.022864e+00  3.015847e-02 
 8.023186e+00  3.015849e-02 
 8.023507e+00  3.015850e-02 
 8.023829e+00  3.015851e-02 
 8.024150e+00  3.015852e-02 
 8.024472e+00  3.015854e-02 
 8.024793e+00  3.015855e-02 
 8.025115e+00  3.015856e-02 
 8.025437e+00  3.015858e-02 
 8.025758e+00  3.015859e-02 
 8.026080e+00  3.015860e-02 
 8.026401e+00  3.015862e-02 
 8.026723e+00  3.015863e-02 
 8.027044e+00  3.015864e-02 
 8.027366e+00  3.015866e-02 
 8.027687e+00  3.015867e-02 
 8.028009e+00  3.015868e-02 
 8.028331e+00  3.015870e-02 
 8.028652e+00  3.015871e-02 
 8.028974e+00  3.015872e-02 
 8.029295e+00  3.015874e-02 
 8.029617e+00  3.015875e-02 
 8.029938e+00  3.015876e-02 
 8.030260e+00  3.015878e-02 
 8.030581e+00  3.015879e-02 
 8.030903e+00  3.015881e-02 
 8.031225e+00  3.015882e-02 
 8.031546e+00  3.015883e-02 
 8.031868e+00  3.015885e-02 
 8.032189e+00  3.015886e-02 
 8.032511e+00  3.015887e-02 
 8.032832e+00  3.015889e-02 
 8.033154e+00  3.015890e-02 
 8.033475e+00  3.015892e-02 
 8.033797e+00  3.015893e-02 
 8.034119e+00  3.015895e-02 
 8.034440e+00  3.015896e-02 
 8.034762e+00  3.015897e-02 
 8.035083e+00  3.015899e-02 
 8.035405e+00  3.015900e-02 
 8.035726e+00  3.015902e-02 
 8.036048e+00  3.015903e-02 
 8.036369e+00  3.015904e-02 
 8.036691e+00  3.015906e-02 
 8.037013e+00  3.015907e-02 
 8.037334e+00  3.015909e-02 
 8.037656e+00  3.015910e-02 
 8.037977e+00  3.015912e-02 
 8.038299e+00  3.015913e-02 
 8.038620e+00  3.015915e-02 
 8.038942e+00  3.015916e-02 
 8.039263e+00  3.015917e-02 
 8.039585e+00  3.015919e-02 
 8.039907e+00  3.015920e-02 
 8.040228e+00  3.015922e-02 
 8.040550e+00  3.015923e-02 
 8.040871e+00  3.015925e-02 
 8.041193e+00  3.015926e-02 
 8.041514e+00  3.015928e-02 
 8.041836e+00  3.015929e-02 
 8.042157e+00  3.015931e-02 
 8.042479e+00  3.015932e-02 
 8.042801e+00  3.015934e-02 
 8.043122e+00  3.015935e-02 
 8.043444e+00  3.015937e-02 
 8.043765e+00  3.015938e-02 
 8.044087e+00  3.015940e-02 
 8.044408e+00  3.015941e-02 
 8.044730e+00  3.015943e-02 
 8.045051e+00  3.015944e-02 
 8.045373e+00  3.015946e-02 
 8.045695e+00  3.015947e-02 
 8.046016e+00  3.015949e-02 
 8.046338e+00  3.015950e-02 
 8.046659e+00  3.015952e-02 
 8.046981e+00  3.015954e-02 
 8.047302e+00  3.015955e-02 
 8.047624e+00  3.015957e-02 
 8.047945e+00  3.015958e-02 
 8.048267e+00  3.015960e-02 
 8.048589e+00  3.015961e-02 
 8.048910e+00  3.015963e-02 
 8.049232e+00  3.015964e-02 
 8.049553e+00  3.015966e-02 
 8.049875e+00  3.015968e-02 
 8.050196e+00  3.015969e-02 
 8.050518e+00  3.015971e-02 
 8.050839e+00  3.015972e-02 
 8.051161e+00  3.015974e-02 
 8.051483e+00  3.015976e-02 
 8.051804e+00  3.015977e-02 
 8.052126e+00  3.015979e-02 
 8.052447e+00  3.015980e-02 
 8.052769e+00  3.015982e-02 
 8.053090e+00  3.015984e-02 
 8.053412e+00  3.015985e-02 
 8.053733e+00  3.015987e-02 
 8.054055e+00  3.015988e-02 
 8.054377e+00  3.015990e-02 
 8.054698e+00  3.015992e-02 
 8.055020e+00  3.015993e-02 
 8.055341e+00  3.015995e-02 
 8.055663e+00  3.015996e-02 
 8.055984e+00  3.015998e-02 
 8.056306e+00  3.016000e-02 
 8.056627e+00  3.016001e-02 
 8.056949e+00  3.016003e-02 
 8.057271e+00  3.016005e-02 
 8.057592e+00  3.016006e-02 
 8.057914e+00  3.016008e-02 
 8.058235e+00  3.016010e-02 
 8.058557e+00  3.016011e-02 
 8.058878e+00  3.016013e-02 
 8.059200e+00  3.016014e-02 
 8.059521e+00  3.016016e-02 
 8.059843e+00  3.016018e-02 
 8.060165e+00  3.016019e-02 
 8.060486e+00  3.016021e-02 
 8.060808e+00  3.016023e-02 
 8.061129e+00  3.016024e-02 
 8.061451e+00  3.016026e-02 
 8.061772e+00  3.016028e-02 
 8.062094e+00  3.016029e-02 
 8.062415e+00  3.016031e-02 
 8.062737e+00  3.016032e-02 
 8.063059e+00  3.016034e-02 
 8.063380e+00  3.016036e-02 
 8.063702e+00  3.016037e-02 
 8.064023e+00  3.016039e-02 
 8.064345e+00  3.016041e-02 
 8.064666e+00  3.016042e-02 
 8.064988e+00  3.016044e-02 
 8.065310e+00  3.016045e-02 
 8.065631e+00  3.016047e-02 
 8.065953e+00  3.016049e-02 
 8.066274e+00  3.016050e-02 
 8.066596e+00  3.016052e-02 
 8.066917e+00  3.016054e-02 
 8.067239e+00  3.016055e-02 
 8.067560e+00  3.016057e-02 
 8.067882e+00  3.016058e-02 
 8.068204e+00  3.016060e-02 
 8.068525e+00  3.016062e-02 
 8.068847e+00  3.016063e-02 
 8.069168e+00  3.016065e-02 
 8.069490e+00  3.016066e-02 
 8.069811e+00  3.016068e-02 
 8.070133e+00  3.016070e-02 
 8.070454e+00  3.016071e-02 
 8.070776e+00  3.016073e-02 
 8.071098e+00  3.016074e-02 
 8.071419e+00  3.016076e-02 
 8.071741e+00  3.016078e-02 
 8.072062e+00  3.016079e-02 
 8.072384e+00  3.016081e-02 
 8.072705e+00  3.016082e-02 
 8.073027e+00  3.016084e-02 
 8.073348e+00  3.016085e-02 
 8.073670e+00  3.016087e-02 
 8.073992e+00  3.016088e-02 
 8.074313e+00  3.016090e-02 
 8.074635e+00  3.016092e-02 
 8.074956e+00  3.016093e-02 
 8.075278e+00  3.016095e-02 
 8.075599e+00  3.016096e-02 
 8.075921e+00  3.016098e-02 
 8.076242e+00  3.016099e-02 
 8.076564e+00  3.016101e-02 
 8.076886e+00  3.016102e-02 
 8.077207e+00  3.016104e-02 
 8.077529e+00  3.016105e-02 
 8.077850e+00  3.016107e-02 
 8.078172e+00  3.016108e-02 
 8.078493e+00  3.016110e-02 
 8.078815e+00  3.016111e-02 
 8.079136e+00  3.016113e-02 
 8.079458e+00  3.016114e-02 
 8.079780e+00  3.016116e-02 
 8.080101e+00  3.016117e-02 
 8.080423e+00  3.016119e-02 
 8.080744e+00  3.016120e-02 
 8.081066e+00  3.016122e-02 
 8.081387e+00  3.016123e-02 
 8.081709e+00  3.016125e-02 
 8.082030e+00  3.016126e-02 
 8.082352e+00  3.016128e-02 
 8.082674e+00  3.016129e-02 
 8.082995e+00  3.016131e-02 
 8.083317e+00  3.016132e-02 
 8.083638e+00  3.016134e-02 
 8.083960e+00  3.016135e-02 
 8.084281e+00  3.016136e-02 
 8.084603e+00  3.016138e-02 
 8.084924e+00  3.016139e-02 
 8.085246e+00  3.016141e-02 
 8.085568e+00  3.016142e-02 
 8.085889e+00  3.016144e-02 
 8.086211e+00  3.016145e-02 
 8.086532e+00  3.016147e-02 
 8.086854e+00  3.016148e-02 
 8.087175e+00  3.016150e-02 
 8.087497e+00  3.016151e-02 
 8.087818e+00  3.016152e-02 
 8.088140e+00  3.016154e-02 
 8.088462e+00  3.016155e-02 
 8.088783e+00  3.016157e-02 
 8.089105e+00  3.016158e-02 
 8.089426e+00  3.016160e-02 
 8.089748e+00  3.016161e-02 
 8.090069e+00  3.016162e-02 
 8.090391e+00  3.016164e-02 
 8.090712e+00  3.016165e-02 
 8.091034e+00  3.016167e-02 
 8.091356e+00  3.016168e-02 
 8.091677e+00  3.016170e-02 
 8.091999e+00  3.016171e-02 
 8.092320e+00  3.016172e-02 
 8.092642e+00  3.016174e-02 
 8.092963e+00  3.016175e-02 
 8.093285e+00  3.016177e-02 
 8.093606e+00  3.016178e-02 
 8.093928e+00  3.016179e-02 
 8.094250e+00  3.016181e-02 
 8.094571e+00  3.016182e-02 
 8.094893e+00  3.016183e-02 
 8.095214e+00  3.016185e-02 
 8.095536e+00  3.016186e-02 
 8.095857e+00  3.016188e-02 
 8.096179e+00  3.016189e-02 
 8.096500e+00  3.016190e-02 
 8.096822e+00  3.016192e-02 
 8.097144e+00  3.016193e-02 
 8.097465e+00  3.016194e-02 
 8.097787e+00  3.016196e-02 
 8.098108e+00  3.016197e-02 
 8.098430e+00  3.016199e-02 
 8.098751e+00  3.016200e-02 
 8.099073e+00  3.016201e-02 
 8.099394e+00  3.016203e-02 
 8.099716e+00  3.016204e-02 
 8.100038e+00  3.016205e-02 
 8.100359e+00  3.016207e-02 
 8.100681e+00  3.016208e-02 
 8.101002e+00  3.016209e-02 
 8.101324e+00  3.016211e-02 
 8.101645e+00  3.016212e-02 
 8.101967e+00  3.016213e-02 
 8.102288e+00  3.016215e-02 
 8.102610e+00  3.016216e-02 
 8.102932e+00  3.016217e-02 
 8.103253e+00  3.016219e-02 
 8.103575e+00  3.016220e-02 
 8.103896e+00  3.016221e-02 
 8.104218e+00  3.016223e-02 
 8.104539e+00  3.016224e-02 
 8.104861e+00  3.016225e-02 
 8.105183e+00  3.016226e-02 
 8.105504e+00  3.016228e-02 
 8.105826e+00  3.016229e-02 
 8.106147e+00  3.016230e-02 
 8.106469e+00  3.016232e-02 
 8.106790e+00  3.016233e-02 
 8.107112e+00  3.016234e-02 
 8.107433e+00  3.016236e-02 
 8.107755e+00  3.016237e-02 
 8.108077e+00  3.016238e-02 
 8.108398e+00  3.016239e-02 
 8.108720e+00  3.016241e-02 
 8.109041e+00  3.016242e-02 
 8.109363e+00  3.016243e-02 
 8.109684e+00  3.016244e-02 
 8.110006e+00  3.016246e-02 
 8.110327e+00  3.016247e-02 
 8.110649e+00  3.016248e-02 
 8.110971e+00  3.016249e-02 
 8.111292e+00  3.016251e-02 
 8.111614e+00  3.016252e-02 
 8.111935e+00  3.016253e-02 
 8.112257e+00  3.016254e-02 
 8.112578e+00  3.016256e-02 
 8.112900e+00  3.016257e-02 
 8.113221e+00  3.016258e-02 
 8.113543e+00  3.016259e-02 
 8.113865e+00  3.016261e-02 
 8.114186e+00  3.016262e-02 
 8.114508e+00  3.016263e-02 
 8.114829e+00  3.016264e-02 
 8.115151e+00  3.016265e-02 
 8.115472e+00  3.016267e-02 
 8.115794e+00  3.016268e-02 
 8.116115e+00  3.016269e-02 
 8.116437e+00  3.016270e-02 
 8.116759e+00  3.016271e-02 
 8.117080e+00  3.016273e-02 
 8.117402e+00  3.016274e-02 
 8.117723e+00  3.016275e-02 
 8.118045e+00  3.016276e-02 
 8.118366e+00  3.016277e-02 
 8.118688e+00  3.016278e-02 
 8.119009e+00  3.016280e-02 
 8.119331e+00  3.016281e-02 
 8.119653e+00  3.016282e-02 
 8.119974e+00  3.016283e-02 
 8.120296e+00  3.016284e-02 
 8.120617e+00  3.016285e-02 
 8.120939e+00  3.016286e-02 
 8.121260e+00  3.016287e-02 
 8.121582e+00  3.016289e-02 
 8.121903e+00  3.016290e-02 
 8.122225e+00  3.016291e-02 
 8.122547e+00  3.016292e-02 
 8.122868e+00  3.016293e-02 
 8.123190e+00  3.016294e-02 
 8.123511e+00  3.016295e-02 
 8.123833e+00  3.016296e-02 
 8.124154e+00  3.016297e-02 
 8.124476e+00  3.016298e-02 
 8.124797e+00  3.016299e-02 
 8.125119e+00  3.016300e-02 
 8.125441e+00  3.016301e-02 
 8.125762e+00  3.016302e-02 
 8.126084e+00  3.016303e-02 
 8.126405e+00  3.016304e-02 
 8.126727e+00  3.016305e-02 
 8.127048e+00  3.016306e-02 
 8.127370e+00  3.016307e-02 
 8.127691e+00  3.016308e-02 
 8.128013e+00  3.016309e-02 
 8.128335e+00  3.016310e-02 
 8.128656e+00  3.016311e-02 
 8.128978e+00  3.016312e-02 
 8.129299e+00  3.016313e-02 
 8.129621e+00  3.016314e-02 
 8.129942e+00  3.016314e-02 
 8.130264e+00  3.016315e-02 
 8.130585e+00  3.016316e-02 
 8.130907e+00  3.016317e-02 
 8.131229e+00  3.016318e-02 
 8.131550e+00  3.016319e-02 
 8.131872e+00  3.016319e-02 
 8.132193e+00  3.016320e-02 
 8.132515e+00  3.016321e-02 
 8.132836e+00  3.016322e-02 
 8.133158e+00  3.016323e-02 
 8.133479e+00  3.016323e-02 
 8.133801e+00  3.016324e-02 
 8.134123e+00  3.016325e-02 
 8.134444e+00  3.016326e-02 
 8.134766e+00  3.016326e-02 
 8.135087e+00  3.016327e-02 
 8.135409e+00  3.016328e-02 
 8.135730e+00  3.016328e-02 
 8.136052e+00  3.016329e-02 
 8.136373e+00  3.016330e-02 
 8.136695e+00  3.016330e-02 
 8.137017e+00  3.016331e-02 
 8.137338e+00  3.016332e-02 
 8.137660e+00  3.016332e-02 
 8.137981e+00  3.016333e-02 
 8.138303e+00  3.016333e-02 
 8.138624e+00  3.016334e-02 
 8.138946e+00  3.016335e-02 
 8.139267e+00  3.016335e-02 
 8.139589e+00  3.016336e-02 
 8.139911e+00  3.016336e-02 
 8.140232e+00  3.016337e-02 
 8.140554e+00  3.016337e-02 
 8.140875e+00  3.016338e-02 
 8.141197e+00  3.016338e-02 
 8.141518e+00  3.016339e-02 
 8.141840e+00  3.016339e-02 
 8.142161e+00  3.016340e-02 
 8.142483e+00  3.016340e-02 
 8.142805e+00  3.016340e-02 
 8.143126e+00  3.016341e-02 
 8.143448e+00  3.016341e-02 
 8.143769e+00  3.016342e-02 
 8.144091e+00  3.016342e-02 
 8.144412e+00  3.016342e-02 
 8.144734e+00  3.016343e-02 
 8.145056e+00  3.016343e-02 
 8.145377e+00  3.016343e-02 
 8.145699e+00  3.016344e-02 
 8.146020e+00  3.016344e-02 
 8.146342e+00  3.016344e-02 
 8.146663e+00  3.016345e-02 
 8.146985e+00  3.016345e-02 
 8.147306e+00  3.016345e-02 
 8.147628e+00  3.016345e-02 
 8.147950e+00  3.016346e-02 
 8.148271e+00  3.016346e-02 
 8.148593e+00  3.016346e-02 
 8.148914e+00  3.016346e-02 
 8.149236e+00  3.016346e-02 
 8.149557e+00  3.016347e-02 
 8.149879e+00  3.016347e-02 
 8.150200e+00  3.016347e-02 
 8.150522e+00  3.016347e-02 
 8.150844e+00  3.016347e-02 
 8.151165e+00  3.016347e-02 
 8.151487e+00  3.016348e-02 
 8.151808e+00  3.016348e-02 
 8.152130e+00  3.016348e-02 
 8.152451e+00  3.016348e-02 
 8.152773e+00  3.016348e-02 
 8.153094e+00  3.016348e-02 
 8.153416e+00  3.016348e-02 
 8.153738e+00  3.016348e-02 
 8.154059e+00  3.016348e-02 
 8.154381e+00  3.016348e-02 
 8.154702e+00  3.016348e-02 
 8.155024e+00  3.016348e-02 
 8.155345e+00  3.016348e-02 
 8.155667e+00  3.016348e-02 
 8.155988e+00  3.016349e-02 
 8.156310e+00  3.016349e-02 
 8.156632e+00  3.016349e-02 
 8.156953e+00  3.016349e-02 
 8.157275e+00  3.016348e-02 
 8.157596e+00  3.016348e-02 
 8.157918e+00  3.016348e-02 
 8.158239e+00  3.016348e-02 
 8.158561e+00  3.016348e-02 
 8.158882e+00  3.016348e-02 
 8.159204e+00  3.016348e-02 
 8.159526e+00  3.016348e-02 
 8.159847e+00  3.016348e-02 
 8.160169e+00  3.016348e-02 
 8.160490e+00  3.016348e-02 
 8.160812e+00  3.016348e-02 
 8.161133e+00  3.016348e-02 
 8.161455e+00  3.016348e-02 
 8.161776e+00  3.016348e-02 
 8.162098e+00  3.016347e-02 
 8.162420e+00  3.016347e-02 
 8.162741e+00  3.016347e-02 
 8.163063e+00  3.016347e-02 
 8.163384e+00  3.016347e-02 
 8.163706e+00  3.016347e-02 
 8.164027e+00  3.016347e-02 
 8.164349e+00  3.016346e-02 
 8.164670e+00  3.016346e-02 
 8.164992e+00  3.016346e-02 
 8.165314e+00  3.016346e-02 
 8.165635e+00  3.016346e-02 
 8.165957e+00  3.016345e-02 
 8.166278e+00  3.016345e-02 
 8.166600e+00  3.016345e-02 
 8.166921e+00  3.016345e-02 
 8.167243e+00  3.016345e-02 
 8.167564e+00  3.016344e-02 
 8.167886e+00  3.016344e-02 
 8.168208e+00  3.016344e-02 
 8.168529e+00  3.016344e-02 
 8.168851e+00  3.016343e-02 
 8.169172e+00  3.016343e-02 
 8.169494e+00  3.016343e-02 
 8.169815e+00  3.016342e-02 
 8.170137e+00  3.016342e-02 
 8.170458e+00  3.016342e-02 
 8.170780e+00  3.016342e-02 
 8.171102e+00  3.016341e-02 
 8.171423e+00  3.016341e-02 
 8.171745e+00  3.016341e-02 
 8.172066e+00  3.016340e-02 
 8.172388e+00  3.016340e-02 
 8.172709e+00  3.016340e-02 
 8.173031e+00  3.016339e-02 
 8.173352e+00  3.016339e-02 
 8.173674e+00  3.016338e-02 
 8.173996e+00  3.016338e-02 
 8.174317e+00  3.016338e-02 
 8.174639e+00  3.016337e-02 
 8.174960e+00  3.016337e-02 
 8.175282e+00  3.016336e-02 
 8.175603e+00  3.016336e-02 
 8.175925e+00  3.016336e-02 
 8.176246e+00  3.016335e-02 
 8.176568e+00  3.016335e-02 
 8.176890e+00  3.016334e-02 
 8.177211e+00  3.016334e-02 
 8.177533e+00  3.016333e-02 
 8.177854e+00  3.016333e-02 
 8.178176e+00  3.016332e-02 
 8.178497e+00  3.016332e-02 
 8.178819e+00  3.016331e-02 
 8.179140e+00  3.016331e-02 
 8.179462e+00  3.016330e-02 
 8.179784e+00  3.016330e-02 
 8.180105e+00  3.016329e-02 
 8.180427e+00  3.016329e-02 
 8.180748e+00  3.016328e-02 
 8.181070e+00  3.016328e-02 
 8.181391e+00  3.016327e-02 
 8.181713e+00  3.016326e-02 
 8.182034e+00  3.016326e-02 
 8.182356e+00  3.016325e-02 
 8.182678e+00  3.016325e-02 
 8.182999e+00  3.016324e-02 
 8.183321e+00  3.016323e-02 
 8.183642e+00  3.016323e-02 
 8.183964e+00  3.016322e-02 
 8.184285e+00  3.016321e-02 
 8.184607e+00  3.016321e-02 
 8.184929e+00  3.016320e-02 
 8.185250e+00  3.016319e-02 
 8.185572e+00  3.016319e-02 
 8.185893e+00  3.016318e-02 
 8.186215e+00  3.016317e-02 
 8.186536e+00  3.016316e-02 
 8.186858e+00  3.016316e-02 
 8.187179e+00  3.016315e-02 
 8.187501e+00  3.016314e-02 
 8.187823e+00  3.016313e-02 
 8.188144e+00  3.016313e-02 
 8.188466e+00  3.016312e-02 
 8.188787e+00  3.016311e-02 
 8.189109e+00  3.016310e-02 
 8.189430e+00  3.016310e-02 
 8.189752e+00  3.016309e-02 
 8.190073e+00  3.016308e-02 
 8.190395e+00  3.016307e-02 
 8.190717e+00  3.016306e-02 
 8.191038e+00  3.016306e-02 
 8.191360e+00  3.016305e-02 
 8.191681e+00  3.016304e-02 
 8.192003e+00  3.016303e-02 
 8.192324e+00  3.016302e-02 
 8.192646e+00  3.016301e-02 
 8.192967e+00  3.016300e-02 
 8.193289e+00  3.016300e-02 
 8.193611e+00  3.016299e-02 
 8.193932e+00  3.016298e-02 
 8.194254e+00  3.016297e-02 
 8.194575e+00  3.016296e-02 
 8.194897e+00  3.016295e-02 
 8.195218e+00  3.016294e-02 
 8.195540e+00  3.016293e-02 
 8.195861e+00  3.016292e-02 
 8.196183e+00  3.016291e-02 
 8.196505e+00  3.016291e-02 
 8.196826e+00  3.016290e-02 
 8.197148e+00  3.016289e-02 
 8.197469e+00  3.016288e-02 
 8.197791e+00  3.016287e-02 
 8.198112e+00  3.016286e-02 
 8.198434e+00  3.016285e-02 
 8.198755e+00  3.016284e-02 
 8.199077e+00  3.016283e-02 
 8.199399e+00  3.016282e-02 
 8.199720e+00  3.016281e-02 
 8.200042e+00  3.016280e-02 
 8.200363e+00  3.016279e-02 
 8.200685e+00  3.016278e-02 
 8.201006e+00  3.016277e-02 
 8.201328e+00  3.016276e-02 
 8.201649e+00  3.016275e-02 
 8.201971e+00  3.016274e-02 
 8.202293e+00  3.016273e-02 
 8.202614e+00  3.016272e-02 
 8.202936e+00  3.016271e-02 
 8.203257e+00  3.016270e-02 
 8.203579e+00  3.016269e-02 
 8.203900e+00  3.016268e-02 
 8.204222e+00  3.016267e-02 
 8.204543e+00  3.016266e-02 
 8.204865e+00  3.016265e-02 
 8.205187e+00  3.016264e-02 
 8.205508e+00  3.016263e-02 
 8.205830e+00  3.016262e-02 
 8.206151e+00  3.016261e-02 
 8.206473e+00  3.016260e-02 
 8.206794e+00  3.016259e-02 
 8.207116e+00  3.016258e-02 
 8.207437e+00  3.016257e-02 
 8.207759e+00  3.016256e-02 
 8.208081e+00  3.016255e-02 
 8.208402e+00  3.016254e-02 
 8.208724e+00  3.016253e-02 
 8.209045e+00  3.016252e-02 
 8.209367e+00  3.016251e-02 
 8.209688e+00  3.016250e-02 
 8.210010e+00  3.016249e-02 
 8.210331e+00  3.016248e-02 
 8.210653e+00  3.016247e-02 
 8.210975e+00  3.016246e-02 
 8.211296e+00  3.016245e-02 
 8.211618e+00  3.016243e-02 
 8.211939e+00  3.016242e-02 
 8.212261e+00  3.016241e-02 
 8.212582e+00  3.016240e-02 
 8.212904e+00  3.016239e-02 
 8.213225e+00  3.016238e-02 
 8.213547e+00  3.016237e-02 
 8.213869e+00  3.016236e-02 
 8.214190e+00  3.016235e-02 
 8.214512e+00  3.016234e-02 
 8.214833e+00  3.016233e-02 
 8.215155e+00  3.016232e-02 
 8.215476e+00  3.016231e-02 
 8.215798e+00  3.016230e-02 
 8.216119e+00  3.016229e-02 
 8.216441e+00  3.016228e-02 
 8.216763e+00  3.016227e-02 
 8.217084e+00  3.016226e-02 
 8.217406e+00  3.016225e-02 
 8.217727e+00  3.016223e-02 
 8.218049e+00  3.016222e-02 
 8.218370e+00  3.016221e-02 
 8.218692e+00  3.016220e-02 
 8.219013e+00  3.016219e-02 
 8.219335e+00  3.016218e-02 
 8.219657e+00  3.016217e-02 
 8.219978e+00  3.016216e-02 
 8.220300e+00  3.016215e-02 
 8.220621e+00  3.016214e-02 
 8.220943e+00  3.016213e-02 
 8.221264e+00  3.016212e-02 
 8.221586e+00  3.016211e-02 
 8.221907e+00  3.016210e-02 
 8.222229e+00  3.016209e-02 
 8.222551e+00  3.016208e-02 
 8.222872e+00  3.016206e-02 
 8.223194e+00  3.016205e-02 
 8.223515e+00  3.016204e-02 
 8.223837e+00  3.016203e-02 
 8.224158e+00  3.016202e-02 
 8.224480e+00  3.016201e-02 
 8.224802e+00  3.016200e-02 
 8.225123e+00  3.016199e-02 
 8.225445e+00  3.016198e-02 
 8.225766e+00  3.016197e-02 
 8.226088e+00  3.016196e-02 
 8.226409e+00  3.016195e-02 
 8.226731e+00  3.016194e-02 
 8.227052e+00  3.016193e-02 
 8.227374e+00  3.016192e-02 
 8.227696e+00  3.016191e-02 
 8.228017e+00  3.016190e-02 
 8.228339e+00  3.016189e-02 
 8.228660e+00  3.016188e-02 
 8.228982e+00  3.016187e-02 
 8.229303e+00  3.016186e-02 
 8.229625e+00  3.016185e-02 
 8.229946e+00  3.016184e-02 
 8.230268e+00  3.016182e-02 
 8.230590e+00  3.016181e-02 
 8.230911e+00  3.016180e-02 
 8.231233e+00  3.016179e-02 
 8.231554e+00  3.016178e-02 
 8.231876e+00  3.016177e-02 
 8.232197e+00  3.016176e-02 
 8.232519e+00  3.016175e-02 
 8.232840e+00  3.016174e-02 
 8.233162e+00  3.016173e-02 
 8.233484e+00  3.016172e-02 
 8.233805e+00  3.016171e-02 
 8.234127e+00  3.016170e-02 
 8.234448e+00  3.016169e-02 
 8.234770e+00  3.016168e-02 
 8.235091e+00  3.016167e-02 
 8.235413e+00  3.016166e-02 
 8.235734e+00  3.016165e-02 
 8.236056e+00  3.016164e-02 
 8.236378e+00  3.016163e-02 
 8.236699e+00  3.016162e-02 
 8.237021e+00  3.016161e-02 
 8.237342e+00  3.016160e-02 
 8.237664e+00  3.016159e-02 
 8.237985e+00  3.016158e-02 
 8.238307e+00  3.016157e-02 
 8.238628e+00  3.016156e-02 
 8.238950e+00  3.016155e-02 
 8.239272e+00  3.016154e-02 
 8.239593e+00  3.016153e-02 
 8.239915e+00  3.016152e-02 
 8.240236e+00  3.016151e-02 
 8.240558e+00  3.016150e-02 
 8.240879e+00  3.016149e-02 
 8.241201e+00  3.016148e-02 
 8.241522e+00  3.016147e-02 
 8.241844e+00  3.016146e-02 
 8.242166e+00  3.016145e-02 
 8.242487e+00  3.016144e-02 
 8.242809e+00  3.016143e-02 
 8.243130e+00  3.016142e-02 
 8.243452e+00  3.016141e-02 
 8.243773e+00  3.016140e-02 
 8.244095e+00  3.016139e-02 
 8.244416e+00  3.016138e-02 
 8.244738e+00  3.016137e-02 
 8.245060e+00  3.016136e-02 
 8.245381e+00  3.016135e-02 
 8.245703e+00  3.016134e-02 
 8.246024e+00  3.016133e-02 
 8.246346e+00  3.016132e-02 
 8.246667e+00  3.016131e-02 
 8.246989e+00  3.016130e-02 
 8.247310e+00  3.016129e-02 
 8.247632e+00  3.016129e-02 
 8.247954e+00  3.016128e-02 
 8.248275e+00  3.016127e-02 
 8.248597e+00  3.016126e-02 
 8.248918e+00  3.016125e-02 
 8.249240e+00  3.016124e-02 
 8.249561e+00  3.016123e-02 
 8.249883e+00  3.016122e-02 
 8.250204e+00  3.016121e-02 
 8.250526e+00  3.016120e-02 
 8.250848e+00  3.016119e-02 
 8.251169e+00  3.016118e-02 
 8.251491e+00  3.016117e-02 
 8.251812e+00  3.016116e-02 
 8.252134e+00  3.016115e-02 
 8.252455e+00  3.016114e-02 
 8.252777e+00  3.016113e-02 
 8.253098e+00  3.016112e-02 
 8.253420e+00  3.016111e-02 
 8.253742e+00  3.016110e-02 
 8.254063e+00  3.016109e-02 
 8.254385e+00  3.016109e-02 
 8.254706e+00  3.016108e-02 
 8.255028e+00  3.016107e-02 
 8.255349e+00  3.016106e-02 
 8.255671e+00  3.016105e-02 
 8.255992e+00  3.016104e-02 
 8.256314e+00  3.016103e-02 
 8.256636e+00  3.016102e-02 
 8.256957e+00  3.016101e-02 
 8.257279e+00  3.016100e-02 
 8.257600e+00  3.016099e-02 
 8.257922e+00  3.016098e-02 
 8.258243e+00  3.016098e-02 
 8.258565e+00  3.016097e-02 
 8.258886e+00  3.016096e-02 
 8.259208e+00  3.016095e-02 
 8.259530e+00  3.016094e-02 
 8.259851e+00  3.016093e-02 
 8.260173e+00  3.016092e-02 
 8.260494e+00  3.016091e-02 
 8.260816e+00  3.016090e-02 
 8.261137e+00  3.016089e-02 
 8.261459e+00  3.016089e-02 
 8.261780e+00  3.016088e-02 
 8.262102e+00  3.016087e-02 
 8.262424e+00  3.016086e-02 
 8.262745e+00  3.016085e-02 
 8.263067e+00  3.016084e-02 
 8.263388e+00  3.016083e-02 
 8.263710e+00  3.016083e-02 
 8.264031e+00  3.016082e-02 
 8.264353e+00  3.016081e-02 
 8.264675e+00  3.016080e-02 
 8.264996e+00  3.016079e-02 
 8.265318e+00  3.016078e-02 
 8.265639e+00  3.016077e-02 
 8.265961e+00  3.016077e-02 
 8.266282e+00  3.016076e-02 
 8.266604e+00  3.016075e-02 
 8.266925e+00  3.016074e-02 
 8.267247e+00  3.016073e-02 
 8.267569e+00  3.016072e-02 
 8.267890e+00  3.016072e-02 
 8.268212e+00  3.016071e-02 
 8.268533e+00  3.016070e-02 
 8.268855e+00  3.016069e-02 
 8.269176e+00  3.016068e-02 
 8.269498e+00  3.016068e-02 
 8.269819e+00  3.016067e-02 
 8.270141e+00  3.016066e-02 
 8.270463e+00  3.016065e-02 
 8.270784e+00  3.016064e-02 
 8.271106e+00  3.016064e-02 
 8.271427e+00  3.016063e-02 
 8.271749e+00  3.016062e-02 
 8.272070e+00  3.016061e-02 
 8.272392e+00  3.016060e-02 
 8.272713e+00  3.016060e-02 
 8.273035e+00  3.016059e-02 
 8.273357e+00  3.016058e-02 
 8.273678e+00  3.016057e-02 
 8.274000e+00  3.016057e-02 
 8.274321e+00  3.016056e-02 
 8.274643e+00  3.016055e-02 
 8.274964e+00  3.016054e-02 
 8.275286e+00  3.016054e-02 
 8.275607e+00  3.016053e-02 
 8.275929e+00  3.016052e-02 
 8.276251e+00  3.016051e-02 
 8.276572e+00  3.016051e-02 
 8.276894e+00  3.016050e-02 
 8.277215e+00  3.016049e-02 
 8.277537e+00  3.016048e-02 
 8.277858e+00  3.016048e-02 
 8.278180e+00  3.016047e-02 
 8.278501e+00  3.016046e-02 
 8.278823e+00  3.016045e-02 
 8.279145e+00  3.016045e-02 
 8.279466e+00  3.016044e-02 
 8.279788e+00  3.016043e-02 
 8.280109e+00  3.016043e-02 
 8.280431e+00  3.016042e-02 
 8.280752e+00  3.016041e-02 
 8.281074e+00  3.016040e-02 
 8.281395e+00  3.016040e-02 
 8.281717e+00  3.016039e-02 
 8.282039e+00  3.016038e-02 
 8.282360e+00  3.016038e-02 
 8.282682e+00  3.016037e-02 
 8.283003e+00  3.016036e-02 
 8.283325e+00  3.016036e-02 
 8.283646e+00  3.016035e-02 
 8.283968e+00  3.016034e-02 
 8.284289e+00  3.016034e-02 
 8.284611e+00  3.016033e-02 
 8.284933e+00  3.016032e-02 
 8.285254e+00  3.016032e-02 
 8.285576e+00  3.016031e-02 
 8.285897e+00  3.016030e-02 
 8.286219e+00  3.016030e-02 
 8.286540e+00  3.016029e-02 
 8.286862e+00  3.016028e-02 
 8.287183e+00  3.016028e-02 
 8.287505e+00  3.016027e-02 
 8.287827e+00  3.016026e-02 
 8.288148e+00  3.016026e-02 
 8.288470e+00  3.016025e-02 
 8.288791e+00  3.016024e-02 
 8.289113e+00  3.016024e-02 
 8.289434e+00  3.016023e-02 
 8.289756e+00  3.016022e-02 
 8.290077e+00  3.016022e-02 
 8.290399e+00  3.016021e-02 
 8.290721e+00  3.016021e-02 
 8.291042e+00  3.016020e-02 
 8.291364e+00  3.016019e-02 
 8.291685e+00  3.016019e-02 
 8.292007e+00  3.016018e-02 
 8.292328e+00  3.016018e-02 
 8.292650e+00  3.016017e-02 
 8.292971e+00  3.016016e-02 
 8.293293e+00  3.016016e-02 
 8.293615e+00  3.016015e-02 
 8.293936e+00  3.016015e-02 
 8.294258e+00  3.016014e-02 
 8.294579e+00  3.016013e-02 
 8.294901e+00  3.016013e-02 
 8.295222e+00  3.016012e-02 
 8.295544e+00  3.016012e-02 
 8.295865e+00  3.016011e-02 
 8.296187e+00  3.016011e-02 
 8.296509e+00  3.016010e-02 
 8.296830e+00  3.016010e-02 
 8.297152e+00  3.016009e-02 
 8.297473e+00  3.016009e-02 
 8.297795e+00  3.016008e-02 
 8.298116e+00  3.016008e-02 
 8.298438e+00  3.016007e-02 
 8.298759e+00  3.016006e-02 
 8.299081e+00  3.016006e-02 
 8.299403e+00  3.016005e-02 
 8.299724e+00  3.016005e-02 
 8.300046e+00  3.016005e-02 
 8.300367e+00  3.016004e-02 
 8.300689e+00  3.016004e-02 
 8.301010e+00  3.016003e-02 
 8.301332e+00  3.016003e-02 
 8.301653e+00  3.016002e-02 
 8.301975e+00  3.016002e-02 
 8.302297e+00  3.016001e-02 
 8.302618e+00  3.016001e-02 
 8.302940e+00  3.016000e-02 
 8.303261e+00  3.016000e-02 
 8.303583e+00  3.016000e-02 
 8.303904e+00  3.015999e-02 
 8.304226e+00  3.015999e-02 
 8.304548e+00  3.015998e-02 
 8.304869e+00  3.015998e-02 
 8.305191e+00  3.015998e-02 
 8.305512e+00  3.015997e-02 
 8.305834e+00  3.015997e-02 
 8.306155e+00  3.015997e-02 
 8.306477e+00  3.015996e-02 
 8.306798e+00  3.015996e-02 
 8.307120e+00  3.015996e-02 
 8.307442e+00  3.015995e-02 
 8.307763e+00  3.015995e-02 
 8.308085e+00  3.015995e-02 
 8.308406e+00  3.015994e-02 
 8.308728e+00  3.015994e-02 
 8.309049e+00  3.015994e-02 
 8.309371e+00  3.015993e-02 
 8.309692e+00  3.015993e-02 
 8.310014e+00  3.015993e-02 
 8.310336e+00  3.015993e-02 
 8.310657e+00  3.015992e-02 
 8.310979e+00  3.015992e-02 
 8.311300e+00  3.015992e-02 
 8.311622e+00  3.015992e-02 
 8.311943e+00  3.015992e-02 
 8.312265e+00  3.015991e-02 
 8.312586e+00  3.015991e-02 
 8.312908e+00  3.015991e-02 
 8.313230e+00  3.015991e-02 
 8.313551e+00  3.015991e-02 
 8.313873e+00  3.015990e-02 
 8.314194e+00  3.015990e-02 
 8.314516e+00  3.015990e-02 
 8.314837e+00  3.015990e-02 
 8.315159e+00  3.015990e-02 
 8.315480e+00  3.015990e-02 
 8.315802e+00  3.015990e-02 
 8.316124e+00  3.015990e-02 
 8.316445e+00  3.015989e-02 
 8.316767e+00  3.015989e-02 
 8.317088e+00  3.015989e-02 
 8.317410e+00  3.015989e-02 
 8.317731e+00  3.015989e-02 
 8.318053e+00  3.015989e-02 
 8.318374e+00  3.015989e-02 
 8.318696e+00  3.015989e-02 
 8.319018e+00  3.015989e-02 
 8.319339e+00  3.015989e-02 
 8.319661e+00  3.015989e-02 
 8.319982e+00  3.015989e-02 
 8.320304e+00  3.015989e-02 
 8.320625e+00  3.015989e-02 
 8.320947e+00  3.015989e-02 
 8.321268e+00  3.015989e-02 
 8.321590e+00  3.015989e-02 
 8.321912e+00  3.015989e-02 
 8.322233e+00  3.015989e-02 
 8.322555e+00  3.015989e-02 
 8.322876e+00  3.015989e-02 
 8.323198e+00  3.015990e-02 
 8.323519e+00  3.015990e-02 
 8.323841e+00  3.015990e-02 
 8.324162e+00  3.015990e-02 
 8.324484e+00  3.015990e-02 
 8.324806e+00  3.015990e-02 
 8.325127e+00  3.015990e-02 
 8.325449e+00  3.015990e-02 
 8.325770e+00  3.015991e-02 
 8.326092e+00  3.015991e-02 
 8.326413e+00  3.015991e-02 
 8.326735e+00  3.015991e-02 
 8.327056e+00  3.015991e-02 
 8.327378e+00  3.015991e-02 
 8.327700e+00  3.015992e-02 
 8.328021e+00  3.015992e-02 
 8.328343e+00  3.015992e-02 
 8.328664e+00  3.015992e-02 
 8.328986e+00  3.015993e-02 
 8.329307e+00  3.015993e-02 
 8.329629e+00  3.015993e-02 
 8.329950e+00  3.015994e-02 
 8.330272e+00  3.015994e-02 
 8.330594e+00  3.015994e-02 
 8.330915e+00  3.015994e-02 
 8.331237e+00  3.015995e-02 
 8.331558e+00  3.015995e-02 
 8.331880e+00  3.015995e-02 
 8.332201e+00  3.015996e-02 
 8.332523e+00  3.015996e-02 
 8.332844e+00  3.015997e-02 
 8.333166e+00  3.015997e-02 
 8.333488e+00  3.015997e-02 
 8.333809e+00  3.015998e-02 
 8.334131e+00  3.015998e-02 
 8.334452e+00  3.015999e-02 
 8.334774e+00  3.015999e-02 
 8.335095e+00  3.016000e-02 
 8.335417e+00  3.016000e-02 
 8.335738e+00  3.016000e-02 
 8.336060e+00  3.016001e-02 
 8.336382e+00  3.016001e-02 
 8.336703e+00  3.016002e-02 
 8.337025e+00  3.016002e-02 
 8.337346e+00  3.016003e-02 
 8.337668e+00  3.016004e-02 
 8.337989e+00  3.016004e-02 
 8.338311e+00  3.016005e-02 
 8.338632e+00  3.016005e-02 
 8.338954e+00  3.016006e-02 
 8.339276e+00  3.016006e-02 
 8.339597e+00  3.016007e-02 
 8.339919e+00  3.016008e-02 
 8.340240e+00  3.016008e-02 
 8.340562e+00  3.016009e-02 
 8.340883e+00  3.016010e-02 
 8.341205e+00  3.016010e-02 
 8.341526e+00  3.016011e-02 
 8.341848e+00  3.016012e-02 
 8.342170e+00  3.016012e-02 
 8.342491e+00  3.016013e-02 
 8.342813e+00  3.016014e-02 
 8.343134e+00  3.016014e-02 
 8.343456e+00  3.016015e-02 
 8.343777e+00  3.016016e-02 
 8.344099e+00  3.016016e-02 
 8.344421e+00  3.016017e-02 
 8.344742e+00  3.016018e-02 
 8.345064e+00  3.016019e-02 
 8.345385e+00  3.016019e-02 
 8.345707e+00  3.016020e-02 
 8.346028e+00  3.016021e-02 
 8.346350e+00  3.016022e-02 
 8.346671e+00  3.016023e-02 
 8.346993e+00  3.016023e-02 
 8.347315e+00  3.016024e-02 
 8.347636e+00  3.016025e-02 
 8.347958e+00  3.016026e-02 
 8.348279e+00  3.016027e-02 
 8.348601e+00  3.016028e-02 
 8.348922e+00  3.016028e-02 
 8.349244e+00  3.016029e-02 
 8.349565e+00  3.016030e-02 
 8.349887e+00  3.016031e-02 
 8.350209e+00  3.016032e-02 
 8.350530e+00  3.016033e-02 
 8.350852e+00  3.016034e-02 
 8.351173e+00  3.016035e-02 
 8.351495e+00  3.016036e-02 
 8.351816e+00  3.016037e-02 
 8.352138e+00  3.016037e-02 
 8.352459e+00  3.016038e-02 
 8.352781e+00  3.016039e-02 
 8.353103e+00  3.016040e-02 
 8.353424e+00  3.016041e-02 
 8.353746e+00  3.016042e-02 
 8.354067e+00  3.016043e-02 
 8.354389e+00  3.016044e-02 
 8.354710e+00  3.016045e-02 
 8.355032e+00  3.016046e-02 
 8.355353e+00  3.016047e-02 
 8.355675e+00  3.016048e-02 
 8.355997e+00  3.016049e-02 
 8.356318e+00  3.016050e-02 
 8.356640e+00  3.016051e-02 
 8.356961e+00  3.016052e-02 
 8.357283e+00  3.016053e-02 
 8.357604e+00  3.016054e-02 
 8.357926e+00  3.016055e-02 
 8.358247e+00  3.016056e-02 
 8.358569e+00  3.016057e-02 
 8.358891e+00  3.016058e-02 
 8.359212e+00  3.016059e-02 
 8.359534e+00  3.016060e-02 
 8.359855e+00  3.016061e-02 
 8.360177e+00  3.016062e-02 
 8.360498e+00  3.016063e-02 
 8.360820e+00  3.016065e-02 
 8.361141e+00  3.016066e-02 
 8.361463e+00  3.016067e-02 
 8.361785e+00  3.016068e-02 
 8.362106e+00  3.016069e-02 
 8.362428e+00  3.016070e-02 
 8.362749e+00  3.016071e-02 
 8.363071e+00  3.016072e-02 
 8.363392e+00  3.016073e-02 
 8.363714e+00  3.016074e-02 
 8.364035e+00  3.016075e-02 
 8.364357e+00  3.016077e-02 
 8.364679e+00  3.016078e-02 
 8.365000e+00  3.016079e-02 
 8.365322e+00  3.016080e-02 
 8.365643e+00  3.016081e-02 
 8.365965e+00  3.016082e-02 
 8.366286e+00  3.016083e-02 
 8.366608e+00  3.016085e-02 
 8.366929e+00  3.016086e-02 
 8.367251e+00  3.016087e-02 
 8.367573e+00  3.016088e-02 
 8.367894e+00  3.016089e-02 
 8.368216e+00  3.016090e-02 
 8.368537e+00  3.016092e-02 
 8.368859e+00  3.016093e-02 
 8.369180e+00  3.016094e-02 
 8.369502e+00  3.016095e-02 
 8.369823e+00  3.016096e-02 
 8.370145e+00  3.016098e-02 
 8.370467e+00  3.016099e-02 
 8.370788e+00  3.016100e-02 
 8.371110e+00  3.016101e-02 
 8.371431e+00  3.016103e-02 
 8.371753e+00  3.016104e-02 
 8.372074e+00  3.016105e-02 
 8.372396e+00  3.016106e-02 
 8.372717e+00  3.016108e-02 
 8.373039e+00  3.016109e-02 
 8.373361e+00  3.016110e-02 
 8.373682e+00  3.016111e-02 
 8.374004e+00  3.016113e-02 
 8.374325e+00  3.016114e-02 
 8.374647e+00  3.016115e-02 
 8.374968e+00  3.016117e-02 
 8.375290e+00  3.016118e-02 
 8.375611e+00  3.016119e-02 
 8.375933e+00  3.016121e-02 
 8.376255e+00  3.016122e-02 
 8.376576e+00  3.016123e-02 
 8.376898e+00  3.016124e-02 
 8.377219e+00  3.016126e-02 
 8.377541e+00  3.016127e-02 
 8.377862e+00  3.016129e-02 
 8.378184e+00  3.016130e-02 
 8.378505e+00  3.016131e-02 
 8.378827e+00  3.016133e-02 
 8.379149e+00  3.016134e-02 
 8.379470e+00  3.016135e-02 
 8.379792e+00  3.016137e-02 
 8.380113e+00  3.016138e-02 
 8.380435e+00  3.016140e-02 
 8.380756e+00  3.016141e-02 
 8.381078e+00  3.016142e-02 
 8.381399e+00  3.016144e-02 
 8.381721e+00  3.016145e-02 
 8.382043e+00  3.016147e-02 
 8.382364e+00  3.016148e-02 
 8.382686e+00  3.016149e-02 
 8.383007e+00  3.016151e-02 
 8.383329e+00  3.016152e-02 
 8.383650e+00  3.016154e-02 
 8.383972e+00  3.016155e-02 
 8.384294e+00  3.016157e-02 
 8.384615e+00  3.016158e-02 
 8.384937e+00  3.016160e-02 
 8.385258e+00  3.016161e-02 
 8.385580e+00  3.016163e-02 
 8.385901e+00  3.016164e-02 
 8.386223e+00  3.016166e-02 
 8.386544e+00  3.016167e-02 
 8.386866e+00  3.016169e-02 
 8.387188e+00  3.016170e-02 
 8.387509e+00  3.016172e-02 
 8.387831e+00  3.016173e-02 
 8.388152e+00  3.016175e-02 
 8.388474e+00  3.016176e-02 
 8.388795e+00  3.016178e-02 
 8.389117e+00  3.016179e-02 
 8.389438e+00  3.016181e-02 
 8.389760e+00  3.016182e-02 
 8.390082e+00  3.016184e-02 
 8.390403e+00  3.016186e-02 
 8.390725e+00  3.016187e-02 
 8.391046e+00  3.016189e-02 
 8.391368e+00  3.016190e-02 
 8.391689e+00  3.016192e-02 
 8.392011e+00  3.016193e-02 
 8.392332e+00  3.016195e-02 
 8.392654e+00  3.016197e-02 
 8.392976e+00  3.016198e-02 
 8.393297e+00  3.016200e-02 
 8.393619e+00  3.016201e-02 
 8.393940e+00  3.016203e-02 
 8.394262e+00  3.016205e-02 
 8.394583e+00  3.016206e-02 
 8.394905e+00  3.016208e-02 
 8.395226e+00  3.016210e-02 
 8.395548e+00  3.016211e-02 
 8.395870e+00  3.016213e-02 
 8.396191e+00  3.016214e-02 
 8.396513e+00  3.016216e-02 
 8.396834e+00  3.016218e-02 
 8.397156e+00  3.016219e-02 
 8.397477e+00  3.016221e-02 
 8.397799e+00  3.016223e-02 
 8.398120e+00  3.016224e-02 
 8.398442e+00  3.016226e-02 
 8.398764e+00  3.016228e-02 
 8.399085e+00  3.016230e-02 
 8.399407e+00  3.016231e-02 
 8.399728e+00  3.016233e-02 
 8.400050e+00  3.016235e-02 
 8.400371e+00  3.016236e-02 
 8.400693e+00  3.016238e-02 
 8.401014e+00  3.016240e-02 
 8.401336e+00  3.016241e-02 
 8.401658e+00  3.016243e-02 
 8.401979e+00  3.016245e-02 
 8.402301e+00  3.016247e-02 
 8.402622e+00  3.016248e-02 
 8.402944e+00  3.016250e-02 
 8.403265e+00  3.016252e-02 
 8.403587e+00  3.016254e-02 
 8.403908e+00  3.016255e-02 
 8.404230e+00  3.016257e-02 
 8.404552e+00  3.016259e-02 
 8.404873e+00  3.016261e-02 
 8.405195e+00  3.016263e-02 
 8.405516e+00  3.016264e-02 
 8.405838e+00  3.016266e-02 
 8.406159e+00  3.016268e-02 
 8.406481e+00  3.016270e-02 
 8.406802e+00  3.016272e-02 
 8.407124e+00  3.016273e-02 
 8.407446e+00  3.016275e-02 
 8.407767e+00  3.016277e-02 
 8.408089e+00  3.016279e-02 
 8.408410e+00  3.016281e-02 
 8.408732e+00  3.016283e-02 
 8.409053e+00  3.016284e-02 
 8.409375e+00  3.016286e-02 
 8.409696e+00  3.016288e-02 
 8.410018e+00  3.016290e-02 
 8.410340e+00  3.016292e-02 
 8.410661e+00  3.016294e-02 
 8.410983e+00  3.016296e-02 
 8.411304e+00  3.016298e-02 
 8.411626e+00  3.016299e-02 
 8.411947e+00  3.016301e-02 
 8.412269e+00  3.016303e-02 
 8.412590e+00  3.016305e-02 
 8.412912e+00  3.016307e-02 
 8.413234e+00  3.016309e-02 
 8.413555e+00  3.016311e-02 
 8.413877e+00  3.016313e-02 
 8.414198e+00  3.016315e-02 
 8.414520e+00  3.016317e-02 
 8.414841e+00  3.016319e-02 
 8.415163e+00  3.016321e-02 
 8.415484e+00  3.016323e-02 
 8.415806e+00  3.016325e-02 
 8.416128e+00  3.016327e-02 
 8.416449e+00  3.016329e-02 
 8.416771e+00  3.016331e-02 
 8.417092e+00  3.016333e-02 
 8.417414e+00  3.016335e-02 
 8.417735e+00  3.016337e-02 
 8.418057e+00  3.016339e-02 
 8.418378e+00  3.016341e-02 
 8.418700e+00  3.016343e-02 
 8.419022e+00  3.016345e-02 
 8.419343e+00  3.016347e-02 
 8.419665e+00  3.016349e-02 
 8.419986e+00  3.016351e-02 
 8.420308e+00  3.016353e-02 
 8.420629e+00  3.016355e-02 
 8.420951e+00  3.016357e-02 
 8.421272e+00  3.016359e-02 
 8.421594e+00  3.016361e-02 
 8.421916e+00  3.016363e-02 
 8.422237e+00  3.016365e-02 
 8.422559e+00  3.016367e-02 
 8.422880e+00  3.016369e-02 
 8.423202e+00  3.016371e-02 
 8.423523e+00  3.016373e-02 
 8.423845e+00  3.016375e-02 
 8.424167e+00  3.016377e-02 
 8.424488e+00  3.016379e-02 
 8.424810e+00  3.016381e-02 
 8.425131e+00  3.016383e-02 
 8.425453e+00  3.016385e-02 
 8.425774e+00  3.016387e-02 
 8.426096e+00  3.016389e-02 
 8.426417e+00  3.016391e-02 
 8.426739e+00  3.016393e-02 
 8.427061e+00  3.016395e-02 
 8.427382e+00  3.016398e-02 
 8.427704e+00  3.016400e-02 
 8.428025e+00  3.016402e-02 
 8.428347e+00  3.016404e-02 
 8.428668e+00  3.016406e-02 
 8.428990e+00  3.016408e-02 
 8.429311e+00  3.016410e-02 
 8.429633e+00  3.016412e-02 
 8.429955e+00  3.016414e-02 
 8.430276e+00  3.016416e-02 
 8.430598e+00  3.016418e-02 
 8.430919e+00  3.016420e-02 
 8.431241e+00  3.016422e-02 
 8.431562e+00  3.016424e-02 
 8.431884e+00  3.016426e-02 
 8.432205e+00  3.016428e-02 
 8.432527e+00  3.016430e-02 
 8.432849e+00  3.016432e-02 
 8.433170e+00  3.016434e-02 
 8.433492e+00  3.016436e-02 
 8.433813e+00  3.016438e-02 
 8.434135e+00  3.016440e-02 
 8.434456e+00  3.016442e-02 
 8.434778e+00  3.016444e-02 
 8.435099e+00  3.016446e-02 
 8.435421e+00  3.016448e-02 
 8.435743e+00  3.016450e-02 
 8.436064e+00  3.016452e-02 
 8.436386e+00  3.016454e-02 
 8.436707e+00  3.016456e-02 
 8.437029e+00  3.016458e-02 
 8.437350e+00  3.016460e-02 
 8.437672e+00  3.016462e-02 
 8.437993e+00  3.016464e-02 
 8.438315e+00  3.016466e-02 
 8.438637e+00  3.016468e-02 
 8.438958e+00  3.016470e-02 
 8.439280e+00  3.016472e-02 
 8.439601e+00  3.016474e-02 
 8.439923e+00  3.016476e-02 
 8.440244e+00  3.016478e-02 
 8.440566e+00  3.016480e-02 
 8.440887e+00  3.016482e-02 
 8.441209e+00  3.016484e-02 
 8.441531e+00  3.016486e-02 
 8.441852e+00  3.016488e-02 
 8.442174e+00  3.016490e-02 
 8.442495e+00  3.016491e-02 
 8.442817e+00  3.016493e-02 
 8.443138e+00  3.016495e-02 
 8.443460e+00  3.016497e-02 
 8.443781e+00  3.016499e-02 
 8.444103e+00  3.016501e-02 
 8.444425e+00  3.016503e-02 
 8.444746e+00  3.016505e-02 
 8.445068e+00  3.016507e-02 
 8.445389e+00  3.016509e-02 
 8.445711e+00  3.016511e-02 
 8.446032e+00  3.016512e-02 
 8.446354e+00  3.016514e-02 
 8.446675e+00  3.016516e-02 
 8.446997e+00  3.016518e-02 
 8.447319e+00  3.016520e-02 
 8.447640e+00  3.016522e-02 
 8.447962e+00  3.016524e-02 
 8.448283e+00  3.016525e-02 
 8.448605e+00  3.016527e-02 
 8.448926e+00  3.016529e-02 
 8.449248e+00  3.016531e-02 
 8.449569e+00  3.016533e-02 
 8.449891e+00  3.016535e-02 
 8.450213e+00  3.016536e-02 
 8.450534e+00  3.016538e-02 
 8.450856e+00  3.016540e-02 
 8.451177e+00  3.016542e-02 
 8.451499e+00  3.016544e-02 
 8.451820e+00  3.016545e-02 
 8.452142e+00  3.016547e-02 
 8.452463e+00  3.016549e-02 
 8.452785e+00  3.016551e-02 
 8.453107e+00  3.016552e-02 
 8.453428e+00  3.016554e-02 
 8.453750e+00  3.016556e-02 
 8.454071e+00  3.016558e-02 
 8.454393e+00  3.016559e-02 
 8.454714e+00  3.016561e-02 
 8.455036e+00  3.016563e-02 
 8.455357e+00  3.016565e-02 
 8.455679e+00  3.016566e-02 
 8.456001e+00  3.016568e-02 
 8.456322e+00  3.016570e-02 
 8.456644e+00  3.016571e-02 
 8.456965e+00  3.016573e-02 
 8.457287e+00  3.016575e-02 
 8.457608e+00  3.016576e-02 
 8.457930e+00  3.016578e-02 
 8.458251e+00  3.016580e-02 
 8.458573e+00  3.016581e-02 
 8.458895e+00  3.016583e-02 
 8.459216e+00  3.016585e-02 
 8.459538e+00  3.016586e-02 
 8.459859e+00  3.016588e-02 
 8.460181e+00  3.016590e-02 
 8.460502e+00  3.016591e-02 
 8.460824e+00  3.016593e-02 
 8.461145e+00  3.016595e-02 
 8.461467e+00  3.016596e-02 
 8.461789e+00  3.016598e-02 
 8.462110e+00  3.016599e-02 
 8.462432e+00  3.016601e-02 
 8.462753e+00  3.016602e-02 
 8.463075e+00  3.016604e-02 
 8.463396e+00  3.016606e-02 
 8.463718e+00  3.016607e-02 
 8.464040e+00  3.016609e-02 
 8.464361e+00  3.016610e-02 
 8.464683e+00  3.016612e-02 
 8.465004e+00  3.016613e-02 
 8.465326e+00  3.016615e-02 
 8.465647e+00  3.016616e-02 
 8.465969e+00  3.016618e-02 
 8.466290e+00  3.016619e-02 
 8.466612e+00  3.016621e-02 
 8.466934e+00  3.016622e-02 
 8.467255e+00  3.016624e-02 
 8.467577e+00  3.016625e-02 
 8.467898e+00  3.016627e-02 
 8.468220e+00  3.016628e-02 
 8.468541e+00  3.016630e-02 
 8.468863e+00  3.016631e-02 
 8.469184e+00  3.016633e-02 
 8.469506e+00  3.016634e-02 
 8.469828e+00  3.016635e-02 
 8.470149e+00  3.016637e-02 
 8.470471e+00  3.016638e-02 
 8.470792e+00  3.016640e-02 
 8.471114e+00  3.016641e-02 
 8.471435e+00  3.016643e-02 
 8.471757e+00  3.016644e-02 
 8.472078e+00  3.016645e-02 
 8.472400e+00  3.016647e-02 
 8.472722e+00  3.016648e-02 
 8.473043e+00  3.016649e-02 
 8.473365e+00  3.016651e-02 
 8.473686e+00  3.016652e-02 
 8.474008e+00  3.016653e-02 
 8.474329e+00  3.016655e-02 
 8.474651e+00  3.016656e-02 
 8.474972e+00  3.016657e-02 
 8.475294e+00  3.016659e-02 
 8.475616e+00  3.016660e-02 
 8.475937e+00  3.016661e-02 
 8.476259e+00  3.016663e-02 
 8.476580e+00  3.016664e-02 
 8.476902e+00  3.016665e-02 
 8.477223e+00  3.016667e-02 
 8.477545e+00  3.016668e-02 
 8.477866e+00  3.016669e-02 
 8.478188e+00  3.016670e-02 
 8.478510e+00  3.016672e-02 
 8.478831e+00  3.016673e-02 
 8.479153e+00  3.016674e-02 
 8.479474e+00  3.016675e-02 
 8.479796e+00  3.016676e-02 
 8.480117e+00  3.016678e-02 
 8.480439e+00  3.016679e-02 
 8.480760e+00  3.016680e-02 
 8.481082e+00  3.016681e-02 
 8.481404e+00  3.016682e-02 
 8.481725e+00  3.016684e-02 
 8.482047e+00  3.016685e-02 
 8.482368e+00  3.016686e-02 
 8.482690e+00  3.016687e-02 
 8.483011e+00  3.016688e-02 
 8.483333e+00  3.016690e-02 
 8.483654e+00  3.016691e-02 
 8.483976e+00  3.016692e-02 
 8.484298e+00  3.016693e-02 
 8.484619e+00  3.016694e-02 
 8.484941e+00  3.016695e-02 
 8.485262e+00  3.016696e-02 
 8.485584e+00  3.016697e-02 
 8.485905e+00  3.016699e-02 
 8.486227e+00  3.016700e-02 
 8.486548e+00  3.016701e-02 
 8.486870e+00  3.016702e-02 
 8.487192e+00  3.016703e-02 
 8.487513e+00  3.016704e-02 
 8.487835e+00  3.016705e-02 
 8.488156e+00  3.016706e-02 
 8.488478e+00  3.016707e-02 
 8.488799e+00  3.016708e-02 
 8.489121e+00  3.016709e-02 
 8.489442e+00  3.016710e-02 
 8.489764e+00  3.016712e-02 
 8.490086e+00  3.016713e-02 
 8.490407e+00  3.016714e-02 
 8.490729e+00  3.016715e-02 
 8.491050e+00  3.016716e-02 
 8.491372e+00  3.016717e-02 
 8.491693e+00  3.016718e-02 
 8.492015e+00  3.016719e-02 
 8.492336e+00  3.016720e-02 
 8.492658e+00  3.016721e-02 
 8.492980e+00  3.016722e-02 
 8.493301e+00  3.016723e-02 
 8.493623e+00  3.016724e-02 
 8.493944e+00  3.016725e-02 
 8.494266e+00  3.016726e-02 
 8.494587e+00  3.016727e-02 
 8.494909e+00  3.016728e-02 
 8.495230e+00  3.016729e-02 
 8.495552e+00  3.016730e-02 
 8.495874e+00  3.016731e-02 
 8.496195e+00  3.016732e-02 
 8.496517e+00  3.016733e-02 
 8.496838e+00  3.016734e-02 
 8.497160e+00  3.016735e-02 
 8.497481e+00  3.016735e-02 
 8.497803e+00  3.016736e-02 
 8.498124e+00  3.016737e-02 
 8.498446e+00  3.016738e-02 
 8.498768e+00  3.016739e-02 
 8.499089e+00  3.016740e-02 
 8.499411e+00  3.016741e-02 
 8.499732e+00  3.016742e-02 
 8.500054e+00  3.016743e-02 
 8.500375e+00  3.016744e-02 
 8.500697e+00  3.016745e-02 
 8.501018e+00  3.016746e-02 
 8.501340e+00  3.016746e-02 
 8.501662e+00  3.016747e-02 
 8.501983e+00  3.016748e-02 
 8.502305e+00  3.016749e-02 
 8.502626e+00  3.016750e-02 
 8.502948e+00  3.016751e-02 
 8.503269e+00  3.016752e-02 
 8.503591e+00  3.016752e-02 
 8.503913e+00  3.016753e-02 
 8.504234e+00  3.016754e-02 
 8.504556e+00  3.016755e-02 
 8.504877e+00  3.016756e-02 
 8.505199e+00  3.016757e-02 
 8.505520e+00  3.016757e-02 
 8.505842e+00  3.016758e-02 
 8.506163e+00  3.016759e-02 
 8.506485e+00  3.016760e-02 
 8.506807e+00  3.016760e-02 
 8.507128e+00  3.016761e-02 
 8.507450e+00  3.016762e-02 
 8.507771e+00  3.016763e-02 
 8.508093e+00  3.016764e-02 
 8.508414e+00  3.016764e-02 
 8.508736e+00  3.016765e-02 
 8.509057e+00  3.016766e-02 
 8.509379e+00  3.016766e-02 
 8.509701e+00  3.016767e-02 
 8.510022e+00  3.016768e-02 
 8.510344e+00  3.016769e-02 
 8.510665e+00  3.016769e-02 
 8.510987e+00  3.016770e-02 
 8.511308e+00  3.016771e-02 
 8.511630e+00  3.016771e-02 
 8.511951e+00  3.016772e-02 
 8.512273e+00  3.016773e-02 
 8.512595e+00  3.016773e-02 
 8.512916e+00  3.016774e-02 
 8.513238e+00  3.016775e-02 
 8.513559e+00  3.016775e-02 
 8.513881e+00  3.016776e-02 
 8.514202e+00  3.016777e-02 
 8.514524e+00  3.016777e-02 
 8.514845e+00  3.016778e-02 
 8.515167e+00  3.016778e-02 
 8.515489e+00  3.016779e-02 
 8.515810e+00  3.016780e-02 
 8.516132e+00  3.016780e-02 
 8.516453e+00  3.016781e-02 
 8.516775e+00  3.016781e-02 
 8.517096e+00  3.016782e-02 
 8.517418e+00  3.016782e-02 
 8.517739e+00  3.016783e-02 
 8.518061e+00  3.016783e-02 
 8.518383e+00  3.016784e-02 
 8.518704e+00  3.016785e-02 
 8.519026e+00  3.016785e-02 
 8.519347e+00  3.016786e-02 
 8.519669e+00  3.016786e-02 
 8.519990e+00  3.016787e-02 
 8.520312e+00  3.016787e-02 
 8.520633e+00  3.016788e-02 
 8.520955e+00  3.016788e-02 
 8.521277e+00  3.016789e-02 
 8.521598e+00  3.016789e-02 
 8.521920e+00  3.016789e-02 
 8.522241e+00  3.016790e-02 
 8.522563e+00  3.016790e-02 
 8.522884e+00  3.016791e-02 
 8.523206e+00  3.016791e-02 
 8.523527e+00  3.016792e-02 
 8.523849e+00  3.016792e-02 
 8.524171e+00  3.016792e-02 
 8.524492e+00  3.016793e-02 
 8.524814e+00  3.016793e-02 
 8.525135e+00  3.016794e-02 
 8.525457e+00  3.016794e-02 
 8.525778e+00  3.016794e-02 
 8.526100e+00  3.016795e-02 
 8.526421e+00  3.016795e-02 
 8.526743e+00  3.016795e-02 
 8.527065e+00  3.016796e-02 
 8.527386e+00  3.016796e-02 
 8.527708e+00  3.016797e-02 
 8.528029e+00  3.016797e-02 
 8.528351e+00  3.016797e-02 
 8.528672e+00  3.016797e-02 
 8.528994e+00  3.016798e-02 
 8.529315e+00  3.016798e-02 
 8.529637e+00  3.016798e-02 
 8.529959e+00  3.016799e-02 
 8.530280e+00  3.016799e-02 
 8.530602e+00  3.016799e-02 
 8.530923e+00  3.016800e-02 
 8.531245e+00  3.016800e-02 
 8.531566e+00  3.016800e-02 
 8.531888e+00  3.016800e-02 
 8.532209e+00  3.016801e-02 
 8.532531e+00  3.016801e-02 
 8.532853e+00  3.016801e-02 
 8.533174e+00  3.016801e-02 
 8.533496e+00  3.016802e-02 
 8.533817e+00  3.016802e-02 
 8.534139e+00  3.016802e-02 
 8.534460e+00  3.016802e-02 
 8.534782e+00  3.016803e-02 
 8.535103e+00  3.016803e-02 
 8.535425e+00  3.016803e-02 
 8.535747e+00  3.016803e-02 
 8.536068e+00  3.016803e-02 
 8.536390e+00  3.016804e-02 
 8.536711e+00  3.016804e-02 
 8.537033e+00  3.016804e-02 
 8.537354e+00  3.016804e-02 
 8.537676e+00  3.016804e-02 
 8.537997e+00  3.016804e-02 
 8.538319e+00  3.016805e-02 
 8.538641e+00  3.016805e-02 
 8.538962e+00  3.016805e-02 
 8.539284e+00  3.016805e-02 
 8.539605e+00  3.016805e-02 
 8.539927e+00  3.016805e-02 
 8.540248e+00  3.016806e-02 
 8.540570e+00  3.016806e-02 
 8.540892e+00  3.016806e-02 
 8.541213e+00  3.016806e-02 
 8.541535e+00  3.016806e-02 
 8.541856e+00  3.016806e-02 
 8.542178e+00  3.016806e-02 
 8.542499e+00  3.016806e-02 
 8.542821e+00  3.016807e-02 
 8.543142e+00  3.016807e-02 
 8.543464e+00  3.016807e-02 
 8.543786e+00  3.016807e-02 
 8.544107e+00  3.016807e-02 
 8.544429e+00  3.016807e-02 
 8.544750e+00  3.016807e-02 
 8.545072e+00  3.016807e-02 
 8.545393e+00  3.016807e-02 
 8.545715e+00  3.016807e-02 
 8.546036e+00  3.016808e-02 
 8.546358e+00  3.016808e-02 
 8.546680e+00  3.016808e-02 
 8.547001e+00  3.016808e-02 
 8.547323e+00  3.016808e-02 
 8.547644e+00  3.016808e-02 
 8.547966e+00  3.016808e-02 
 8.548287e+00  3.016808e-02 
 8.548609e+00  3.016808e-02 
 8.548930e+00  3.016808e-02 
 8.549252e+00  3.016808e-02 
 8.549574e+00  3.016808e-02 
 8.549895e+00  3.016808e-02 
 8.550217e+00  3.016808e-02 
 8.550538e+00  3.016808e-02 
 8.550860e+00  3.016808e-02 
 8.551181e+00  3.016808e-02 
 8.551503e+00  3.016808e-02 
 8.551824e+00  3.016808e-02 
 8.552146e+00  3.016808e-02 
 8.552468e+00  3.016808e-02 
 8.552789e+00  3.016808e-02 
 8.553111e+00  3.016808e-02 
 8.553432e+00  3.016808e-02 
 8.553754e+00  3.016808e-02 
 8.554075e+00  3.016808e-02 
 8.554397e+00  3.016808e-02 
 8.554718e+00  3.016808e-02 
 8.555040e+00  3.016808e-02 
 8.555362e+00  3.016808e-02 
 8.555683e+00  3.016808e-02 
 8.556005e+00  3.016808e-02 
 8.556326e+00  3.016808e-02 
 8.556648e+00  3.016808e-02 
 8.556969e+00  3.016808e-02 
 8.557291e+00  3.016808e-02 
 8.557612e+00  3.016808e-02 
 8.557934e+00  3.016808e-02 
 8.558256e+00  3.016808e-02 
 8.558577e+00  3.016807e-02 
 8.558899e+00  3.016807e-02 
 8.559220e+00  3.016807e-02 
 8.559542e+00  3.016807e-02 
 8.559863e+00  3.016807e-02 
 8.560185e+00  3.016807e-02 
 8.560506e+00  3.016807e-02 
 8.560828e+00  3.016807e-02 
 8.561150e+00  3.016807e-02 
 8.561471e+00  3.016806e-02 
 8.561793e+00  3.016806e-02 
 8.562114e+00  3.016806e-02 
 8.562436e+00  3.016806e-02 
 8.562757e+00  3.016806e-02 
 8.563079e+00  3.016806e-02 
 8.563400e+00  3.016806e-02 
 8.563722e+00  3.016805e-02 
 8.564044e+00  3.016805e-02 
 8.564365e+00  3.016805e-02 
 8.564687e+00  3.016805e-02 
 8.565008e+00  3.016805e-02 
 8.565330e+00  3.016805e-02 
 8.565651e+00  3.016804e-02 
 8.565973e+00  3.016804e-02 
 8.566294e+00  3.016804e-02 
 8.566616e+00  3.016804e-02 
 8.566938e+00  3.016804e-02 
 8.567259e+00  3.016803e-02 
 8.567581e+00  3.016803e-02 
 8.567902e+00  3.016803e-02 
 8.568224e+00  3.016803e-02 
 8.568545e+00  3.016802e-02 
 8.568867e+00  3.016802e-02 
 8.569188e+00  3.016802e-02 
 8.569510e+00  3.016802e-02 
 8.569832e+00  3.016802e-02 
 8.570153e+00  3.016801e-02 
 8.570475e+00  3.016801e-02 
 8.570796e+00  3.016801e-02 
 8.571118e+00  3.016801e-02 
 8.571439e+00  3.016800e-02 
 8.571761e+00  3.016800e-02 
 8.572082e+00  3.016800e-02 
 8.572404e+00  3.016799e-02 
 8.572726e+00  3.016799e-02 
 8.573047e+00  3.016799e-02 
 8.573369e+00  3.016799e-02 
 8.573690e+00  3.016798e-02 
 8.574012e+00  3.016798e-02 
 8.574333e+00  3.016798e-02 
 8.574655e+00  3.016797e-02 
 8.574976e+00  3.016797e-02 
 8.575298e+00  3.016797e-02 
 8.575620e+00  3.016796e-02 
 8.575941e+00  3.016796e-02 
 8.576263e+00  3.016796e-02 
 8.576584e+00  3.016795e-02 
 8.576906e+00  3.016795e-02 
 8.577227e+00  3.016795e-02 
 8.577549e+00  3.016794e-02 
 8.577870e+00  3.016794e-02 
 8.578192e+00  3.016794e-02 
 8.578514e+00  3.016793e-02 
 8.578835e+00  3.016793e-02 
 8.579157e+00  3.016793e-02 
 8.579478e+00  3.016792e-02 
 8.579800e+00  3.016792e-02 
 8.580121e+00  3.016792e-02 
 8.580443e+00  3.016791e-02 
 8.580765e+00  3.016791e-02 
 8.581086e+00  3.016790e-02 
 8.581408e+00  3.016790e-02 
 8.581729e+00  3.016790e-02 
 8.582051e+00  3.016789e-02 
 8.582372e+00  3.016789e-02 
 8.582694e+00  3.016789e-02 
 8.583015e+00  3.016788e-02 
 8.583337e+00  3.016788e-02 
 8.583659e+00  3.016787e-02 
 8.583980e+00  3.016787e-02 
 8.584302e+00  3.016787e-02 
 8.584623e+00  3.016786e-02 
 8.584945e+00  3.016786e-02 
 8.585266e+00  3.016785e-02 
 8.585588e+00  3.016785e-02 
 8.585909e+00  3.016784e-02 
 8.586231e+00  3.016784e-02 
 8.586553e+00  3.016784e-02 
 8.586874e+00  3.016783e-02 
 8.587196e+00  3.016783e-02 
 8.587517e+00  3.016782e-02 
 8.587839e+00  3.016782e-02 
 8.588160e+00  3.016781e-02 
 8.588482e+00  3.016781e-02 
 8.588803e+00  3.016781e-02 
 8.589125e+00  3.016780e-02 
 8.589447e+00  3.016780e-02 
 8.589768e+00  3.016779e-02 
 8.590090e+00  3.016779e-02 
 8.590411e+00  3.016778e-02 
 8.590733e+00  3.016778e-02 
 8.591054e+00  3.016777e-02 
 8.591376e+00  3.016777e-02 
 8.591697e+00  3.016777e-02 
 8.592019e+00  3.016776e-02 
 8.592341e+00  3.016776e-02 
 8.592662e+00  3.016775e-02 
 8.592984e+00  3.016775e-02 
 8.593305e+00  3.016774e-02 
 8.593627e+00  3.016774e-02 
 8.593948e+00  3.016773e-02 
 8.594270e+00  3.016773e-02 
 8.594591e+00  3.016772e-02 
 8.594913e+00  3.016772e-02 
 8.595235e+00  3.016772e-02 
 8.595556e+00  3.016771e-02 
 8.595878e+00  3.016771e-02 
 8.596199e+00  3.016770e-02 
 8.596521e+00  3.016770e-02 
 8.596842e+00  3.016769e-02 
 8.597164e+00  3.016769e-02 
 8.597485e+00  3.016768e-02 
 8.597807e+00  3.016768e-02 
 8.598129e+00  3.016767e-02 
 8.598450e+00  3.016767e-02 
 8.598772e+00  3.016767e-02 
 8.599093e+00  3.016766e-02 
 8.599415e+00  3.016766e-02 
 8.599736e+00  3.016765e-02 
 8.600058e+00  3.016765e-02 
 8.600379e+00  3.016764e-02 
 8.600701e+00  3.016764e-02 
 8.601023e+00  3.016763e-02 
 8.601344e+00  3.016763e-02 
 8.601666e+00  3.016763e-02 
 8.601987e+00  3.016762e-02 
 8.602309e+00  3.016762e-02 
 8.602630e+00  3.016761e-02 
 8.602952e+00  3.016761e-02 
 8.603273e+00  3.016760e-02 
 8.603595e+00  3.016760e-02 
 8.603917e+00  3.016760e-02 
 8.604238e+00  3.016759e-02 
 8.604560e+00  3.016759e-02 
 8.604881e+00  3.016758e-02 
 8.605203e+00  3.016758e-02 
 8.605524e+00  3.016758e-02 
 8.605846e+00  3.016757e-02 
 8.606167e+00  3.016757e-02 
 8.606489e+00  3.016756e-02 
 8.606811e+00  3.016756e-02 
 8.607132e+00  3.016755e-02 
 8.607454e+00  3.016755e-02 
 8.607775e+00  3.016755e-02 
 8.608097e+00  3.016754e-02 
 8.608418e+00  3.016754e-02 
 8.608740e+00  3.016753e-02 
 8.609061e+00  3.016753e-02 
 8.609383e+00  3.016753e-02 
 8.609705e+00  3.016752e-02 
 8.610026e+00  3.016752e-02 
 8.610348e+00  3.016752e-02 
 8.610669e+00  3.016751e-02 
 8.610991e+00  3.016751e-02 
 8.611312e+00  3.016750e-02 
 8.611634e+00  3.016750e-02 
 8.611955e+00  3.016750e-02 
 8.612277e+00  3.016749e-02 
 8.612599e+00  3.016749e-02 
 8.612920e+00  3.016748e-02 
 8.613242e+00  3.016748e-02 
 8.613563e+00  3.016748e-02 
 8.613885e+00  3.016747e-02 
 8.614206e+00  3.016747e-02 
 8.614528e+00  3.016747e-02 
 8.614849e+00  3.016746e-02 
 8.615171e+00  3.016746e-02 
 8.615493e+00  3.016745e-02 
 8.615814e+00  3.016745e-02 
 8.616136e+00  3.016745e-02 
 8.616457e+00  3.016744e-02 
 8.616779e+00  3.016744e-02 
 8.617100e+00  3.016744e-02 
 8.617422e+00  3.016743e-02 
 8.617744e+00  3.016743e-02 
 8.618065e+00  3.016743e-02 
 8.618387e+00  3.016742e-02 
 8.618708e+00  3.016742e-02 
 8.619030e+00  3.016741e-02 
 8.619351e+00  3.016741e-02 
 8.619673e+00  3.016741e-02 
 8.619994e+00  3.016740e-02 
 8.620316e+00  3.016740e-02 
 8.620638e+00  3.016740e-02 
 8.620959e+00  3.016739e-02 
 8.621281e+00  3.016739e-02 
 8.621602e+00  3.016739e-02 
 8.621924e+00  3.016738e-02 
 8.622245e+00  3.016738e-02 
 8.622567e+00  3.016738e-02 
 8.622888e+00  3.016737e-02 
 8.623210e+00  3.016737e-02 
 8.623532e+00  3.016737e-02 
 8.623853e+00  3.016736e-02 
 8.624175e+00  3.016736e-02 
 8.624496e+00  3.016736e-02 
 8.624818e+00  3.016735e-02 
 8.625139e+00  3.016735e-02 
 8.625461e+00  3.016735e-02 
 8.625782e+00  3.016734e-02 
 8.626104e+00  3.016734e-02 
 8.626426e+00  3.016734e-02 
 8.626747e+00  3.016733e-02 
 8.627069e+00  3.016733e-02 
 8.627390e+00  3.016733e-02 
 8.627712e+00  3.016732e-02 
 8.628033e+00  3.016732e-02 
 8.628355e+00  3.016732e-02 
 8.628676e+00  3.016731e-02 
 8.628998e+00  3.016731e-02 
 8.629320e+00  3.016731e-02 
 8.629641e+00  3.016730e-02 
 8.629963e+00  3.016730e-02 
 8.630284e+00  3.016730e-02 
 8.630606e+00  3.016730e-02 
 8.630927e+00  3.016729e-02 
 8.631249e+00  3.016729e-02 
 8.631570e+00  3.016729e-02 
 8.631892e+00  3.016728e-02 
 8.632214e+00  3.016728e-02 
 8.632535e+00  3.016728e-02 
 8.632857e+00  3.016727e-02 
 8.633178e+00  3.016727e-02 
 8.633500e+00  3.016727e-02 
 8.633821e+00  3.016727e-02 
 8.634143e+00  3.016726e-02 
 8.634464e+00  3.016726e-02 
 8.634786e+00  3.016726e-02 
 8.635108e+00  3.016725e-02 
 8.635429e+00  3.016725e-02 
 8.635751e+00  3.016725e-02 
 8.636072e+00  3.016724e-02 
 8.636394e+00  3.016724e-02 
 8.636715e+00  3.016724e-02 
 8.637037e+00  3.016724e-02 
 8.637358e+00  3.016723e-02 
 8.637680e+00  3.016723e-02 
 8.638002e+00  3.016723e-02 
 8.638323e+00  3.016722e-02 
 8.638645e+00  3.016722e-02 
 8.638966e+00  3.016722e-02 
 8.639288e+00  3.016722e-02 
 8.639609e+00  3.016721e-02 
 8.639931e+00  3.016721e-02 
 8.640252e+00  3.016721e-02 
 8.640574e+00  3.016721e-02 
 8.640896e+00  3.016720e-02 
 8.641217e+00  3.016720e-02 
 8.641539e+00  3.016720e-02 
 8.641860e+00  3.016719e-02 
 8.642182e+00  3.016719e-02 
 8.642503e+00  3.016719e-02 
 8.642825e+00  3.016719e-02 
 8.643146e+00  3.016718e-02 
 8.643468e+00  3.016718e-02 
 8.643790e+00  3.016718e-02 
 8.644111e+00  3.016718e-02 
 8.644433e+00  3.016717e-02 
 8.644754e+00  3.016717e-02 
 8.645076e+00  3.016717e-02 
 8.645397e+00  3.016717e-02 
 8.645719e+00  3.016717e-02 
 8.646040e+00  3.016716e-02 
 8.646362e+00  3.016716e-02 
 8.646684e+00  3.016716e-02 
 8.647005e+00  3.016716e-02 
 8.647327e+00  3.016715e-02 
 8.647648e+00  3.016715e-02 
 8.647970e+00  3.016715e-02 
 8.648291e+00  3.016715e-02 
 8.648613e+00  3.016715e-02 
 8.648934e+00  3.016714e-02 
 8.649256e+00  3.016714e-02 
 8.649578e+00  3.016714e-02 
 8.649899e+00  3.016714e-02 
 8.650221e+00  3.016714e-02 
 8.650542e+00  3.016713e-02 
 8.650864e+00  3.016713e-02 
 8.651185e+00  3.016713e-02 
 8.651507e+00  3.016713e-02 
 8.651828e+00  3.016713e-02 
 8.652150e+00  3.016713e-02 
 8.652472e+00  3.016712e-02 
 8.652793e+00  3.016712e-02 
 8.653115e+00  3.016712e-02 
 8.653436e+00  3.016712e-02 
 8.653758e+00  3.016712e-02 
 8.654079e+00  3.016712e-02 
 8.654401e+00  3.016711e-02 
 8.654722e+00  3.016711e-02 
 8.655044e+00  3.016711e-02 
 8.655366e+00  3.016711e-02 
 8.655687e+00  3.016711e-02 
 8.656009e+00  3.016711e-02 
 8.656330e+00  3.016711e-02 
 8.656652e+00  3.016710e-02 
 8.656973e+00  3.016710e-02 
 8.657295e+00  3.016710e-02 
 8.657617e+00  3.016710e-02 
 8.657938e+00  3.016710e-02 
 8.658260e+00  3.016710e-02 
 8.658581e+00  3.016710e-02 
 8.658903e+00  3.016710e-02 
 8.659224e+00  3.016710e-02 
 8.659546e+00  3.016710e-02 
 8.659867e+00  3.016709e-02 
 8.660189e+00  3.016709e-02 
 8.660511e+00  3.016709e-02 
 8.660832e+00  3.016709e-02 
 8.661154e+00  3.016709e-02 
 8.661475e+00  3.016709e-02 
 8.661797e+00  3.016709e-02 
 8.662118e+00  3.016709e-02 
 8.662440e+00  3.016709e-02 
 8.662761e+00  3.016709e-02 
 8.663083e+00  3.016709e-02 
 8.663405e+00  3.016709e-02 
 8.663726e+00  3.016709e-02 
 8.664048e+00  3.016709e-02 
 8.664369e+00  3.016709e-02 
 8.664691e+00  3.016709e-02 
 8.665012e+00  3.016708e-02 
 8.665334e+00  3.016708e-02 
 8.665655e+00  3.016708e-02 
 8.665977e+00  3.016708e-02 
 8.666299e+00  3.016708e-02 
 8.666620e+00  3.016708e-02 
 8.666942e+00  3.016708e-02 
 8.667263e+00  3.016708e-02 
 8.667585e+00  3.016708e-02 
 8.667906e+00  3.016708e-02 
 8.668228e+00  3.016708e-02 
 8.668549e+00  3.016708e-02 
 8.668871e+00  3.016708e-02 
 8.669193e+00  3.016708e-02 
 8.669514e+00  3.016708e-02 
 8.669836e+00  3.016708e-02 
 8.670157e+00  3.016708e-02 
 8.670479e+00  3.016708e-02 
 8.670800e+00  3.016708e-02 
 8.671122e+00  3.016708e-02 
 8.671443e+00  3.016708e-02 
 8.671765e+00  3.016708e-02 
 8.672087e+00  3.016708e-02 
 8.672408e+00  3.016708e-02 
 8.672730e+00  3.016708e-02 
 8.673051e+00  3.016709e-02 
 8.673373e+00  3.016709e-02 
 8.673694e+00  3.016709e-02 
 8.674016e+00  3.016709e-02 
 8.674337e+00  3.016709e-02 
 8.674659e+00  3.016709e-02 
 8.674981e+00  3.016709e-02 
 8.675302e+00  3.016709e-02 
 8.675624e+00  3.016709e-02 
 8.675945e+00  3.016709e-02 
 8.676267e+00  3.016709e-02 
 8.676588e+00  3.016709e-02 
 8.676910e+00  3.016709e-02 
 8.677231e+00  3.016709e-02 
 8.677553e+00  3.016709e-02 
 8.677875e+00  3.016709e-02 
 8.678196e+00  3.016709e-02 
 8.678518e+00  3.016709e-02 
 8.678839e+00  3.016710e-02 
 8.679161e+00  3.016710e-02 
 8.679482e+00  3.016710e-02 
 8.679804e+00  3.016710e-02 
 8.680125e+00  3.016710e-02 
 8.680447e+00  3.016710e-02 
 8.680769e+00  3.016710e-02 
 8.681090e+00  3.016710e-02 
 8.681412e+00  3.016710e-02 
 8.681733e+00  3.016710e-02 
 8.682055e+00  3.016710e-02 
 8.682376e+00  3.016711e-02 
 8.682698e+00  3.016711e-02 
 8.683019e+00  3.016711e-02 
 8.683341e+00  3.016711e-02 
 8.683663e+00  3.016711e-02 
 8.683984e+00  3.016711e-02 
 8.684306e+00  3.016711e-02 
 8.684627e+00  3.016711e-02 
 8.684949e+00  3.016712e-02 
 8.685270e+00  3.016712e-02 
 8.685592e+00  3.016712e-02 
 8.685913e+00  3.016712e-02 
 8.686235e+00  3.016712e-02 
 8.686557e+00  3.016712e-02 
 8.686878e+00  3.016712e-02 
 8.687200e+00  3.016712e-02 
 8.687521e+00  3.016713e-02 
 8.687843e+00  3.016713e-02 
 8.688164e+00  3.016713e-02 
 8.688486e+00  3.016713e-02 
 8.688807e+00  3.016713e-02 
 8.689129e+00  3.016713e-02 
 8.689451e+00  3.016714e-02 
 8.689772e+00  3.016714e-02 
 8.690094e+00  3.016714e-02 
 8.690415e+00  3.016714e-02 
 8.690737e+00  3.016714e-02 
 8.691058e+00  3.016714e-02 
 8.691380e+00  3.016715e-02 
 8.691701e+00  3.016715e-02 
 8.692023e+00  3.016715e-02 
 8.692345e+00  3.016715e-02 
 8.692666e+00  3.016715e-02 
 8.692988e+00  3.016716e-02 
 8.693309e+00  3.016716e-02 
 8.693631e+00  3.016716e-02 
 8.693952e+00  3.016716e-02 
 8.694274e+00  3.016716e-02 
 8.694596e+00  3.016717e-02 
 8.694917e+00  3.016717e-02 
 8.695239e+00  3.016717e-02 
 8.695560e+00  3.016717e-02 
 8.695882e+00  3.016717e-02 
 8.696203e+00  3.016718e-02 
 8.696525e+00  3.016718e-02 
 8.696846e+00  3.016718e-02 
 8.697168e+00  3.016718e-02 
 8.697490e+00  3.016719e-02 
 8.697811e+00  3.016719e-02 
 8.698133e+00  3.016719e-02 
 8.698454e+00  3.016719e-02 
 8.698776e+00  3.016720e-02 
 8.699097e+00  3.016720e-02 
 8.699419e+00  3.016720e-02 
 8.699740e+00  3.016720e-02 
 8.700062e+00  3.016721e-02 
 8.700384e+00  3.016721e-02 
 8.700705e+00  3.016721e-02 
 8.701027e+00  3.016721e-02 
 8.701348e+00  3.016722e-02 
 8.701670e+00  3.016722e-02 
 8.701991e+00  3.016722e-02 
 8.702313e+00  3.016723e-02 
 8.702634e+00  3.016723e-02 
 8.702956e+00  3.016723e-02 
 8.703278e+00  3.016723e-02 
 8.703599e+00  3.016724e-02 
 8.703921e+00  3.016724e-02 
 8.704242e+00  3.016724e-02 
 8.704564e+00  3.016725e-02 
 8.704885e+00  3.016725e-02 
 8.705207e+00  3.016725e-02 
 8.705528e+00  3.016725e-02 
 8.705850e+00  3.016726e-02 
 8.706172e+00  3.016726e-02 
 8.706493e+00  3.016726e-02 
 8.706815e+00  3.016727e-02 
 8.707136e+00  3.016727e-02 
 8.707458e+00  3.016727e-02 
 8.707779e+00  3.016728e-02 
 8.708101e+00  3.016728e-02 
 8.708422e+00  3.016728e-02 
 8.708744e+00  3.016729e-02 
 8.709066e+00  3.016729e-02 
 8.709387e+00  3.016729e-02 
 8.709709e+00  3.016730e-02 
 8.710030e+00  3.016730e-02 
 8.710352e+00  3.016730e-02 
 8.710673e+00  3.016731e-02 
 8.710995e+00  3.016731e-02 
 8.711316e+00  3.016731e-02 
 8.711638e+00  3.016732e-02 
 8.711960e+00  3.016732e-02 
 8.712281e+00  3.016733e-02 
 8.712603e+00  3.016733e-02 
 8.712924e+00  3.016733e-02 
 8.713246e+00  3.016734e-02 
 8.713567e+00  3.016734e-02 
 8.713889e+00  3.016734e-02 
 8.714210e+00  3.016735e-02 
 8.714532e+00  3.016735e-02 
 8.714854e+00  3.016736e-02 
 8.715175e+00  3.016736e-02 
 8.715497e+00  3.016736e-02 
 8.715818e+00  3.016737e-02 
 8.716140e+00  3.016737e-02 
 8.716461e+00  3.016737e-02 
 8.716783e+00  3.016738e-02 
 8.717104e+00  3.016738e-02 
 8.717426e+00  3.016739e-02 
 8.717748e+00  3.016739e-02 
 8.718069e+00  3.016739e-02 
 8.718391e+00  3.016740e-02 
 8.718712e+00  3.016740e-02 
 8.719034e+00  3.016741e-02 
 8.719355e+00  3.016741e-02 
 8.719677e+00  3.016741e-02 
 8.719998e+00  3.016742e-02 
 8.720320e+00  3.016742e-02 
 8.720642e+00  3.016743e-02 
 8.720963e+00  3.016743e-02 
 8.721285e+00  3.016743e-02 
 8.721606e+00  3.016744e-02 
 8.721928e+00  3.016744e-02 
 8.722249e+00  3.016745e-02 
 8.722571e+00  3.016745e-02 
 8.722892e+00  3.016746e-02 
 8.723214e+00  3.016746e-02 
 8.723536e+00  3.016746e-02 
 8.723857e+00  3.016747e-02 
 8.724179e+00  3.016747e-02 
 8.724500e+00  3.016748e-02 
 8.724822e+00  3.016748e-02 
 8.725143e+00  3.016749e-02 
 8.725465e+00  3.016749e-02 
 8.725786e+00  3.016749e-02 
 8.726108e+00  3.016750e-02 
 8.726430e+00  3.016750e-02 
 8.726751e+00  3.016751e-02 
 8.727073e+00  3.016751e-02 
 8.727394e+00  3.016752e-02 
 8.727716e+00  3.016752e-02 
 8.728037e+00  3.016752e-02 
 8.728359e+00  3.016753e-02 
 8.728680e+00  3.016753e-02 
 8.729002e+00  3.016754e-02 
 8.729324e+00  3.016754e-02 
 8.729645e+00  3.016755e-02 
 8.729967e+00  3.016755e-02 
 8.730288e+00  3.016756e-02 
 8.730610e+00  3.016756e-02 
 8.730931e+00  3.016757e-02 
 8.731253e+00  3.016757e-02 
 8.731574e+00  3.016758e-02 
 8.731896e+00  3.016758e-02 
 8.732218e+00  3.016759e-02 
 8.732539e+00  3.016759e-02 
 8.732861e+00  3.016759e-02 
 8.733182e+00  3.016760e-02 
 8.733504e+00  3.016760e-02 
 8.733825e+00  3.016761e-02 
 8.734147e+00  3.016761e-02 
 8.734469e+00  3.016762e-02 
 8.734790e+00  3.016762e-02 
 8.735112e+00  3.016763e-02 
 8.735433e+00  3.016763e-02 
 8.735755e+00  3.016764e-02 
 8.736076e+00  3.016764e-02 
 8.736398e+00  3.016765e-02 
 8.736719e+00  3.016765e-02 
 8.737041e+00  3.016766e-02 
 8.737363e+00  3.016766e-02 
 8.737684e+00  3.016767e-02 
 8.738006e+00  3.016767e-02 
 8.738327e+00  3.016768e-02 
 8.738649e+00  3.016768e-02 
 8.738970e+00  3.016769e-02 
 8.739292e+00  3.016770e-02 
 8.739613e+00  3.016770e-02 
 8.739935e+00  3.016771e-02 
 8.740257e+00  3.016771e-02 
 8.740578e+00  3.016772e-02 
 8.740900e+00  3.016772e-02 
 8.741221e+00  3.016773e-02 
 8.741543e+00  3.016773e-02 
 8.741864e+00  3.016774e-02 
 8.742186e+00  3.016774e-02 
 8.742507e+00  3.016775e-02 
 8.742829e+00  3.016776e-02 
 8.743151e+00  3.016776e-02 
 8.743472e+00  3.016777e-02 
 8.743794e+00  3.016777e-02 
 8.744115e+00  3.016778e-02 
 8.744437e+00  3.016778e-02 
 8.744758e+00  3.016779e-02 
 8.745080e+00  3.016780e-02 
 8.745401e+00  3.016780e-02 
 8.745723e+00  3.016781e-02 
 8.746045e+00  3.016781e-02 
 8.746366e+00  3.016782e-02 
 8.746688e+00  3.016783e-02 
 8.747009e+00  3.016783e-02 
 8.747331e+00  3.016784e-02 
 8.747652e+00  3.016784e-02 
 8.747974e+00  3.016785e-02 
 8.748295e+00  3.016786e-02 
 8.748617e+00  3.016786e-02 
 8.748939e+00  3.016787e-02 
 8.749260e+00  3.016788e-02 
 8.749582e+00  3.016788e-02 
 8.749903e+00  3.016789e-02 
 8.750225e+00  3.016790e-02 
 8.750546e+00  3.016790e-02 
 8.750868e+00  3.016791e-02 
 8.751189e+00  3.016792e-02 
 8.751511e+00  3.016792e-02 
 8.751833e+00  3.016793e-02 
 8.752154e+00  3.016794e-02 
 8.752476e+00  3.016795e-02 
 8.752797e+00  3.016795e-02 
 8.753119e+00  3.016796e-02 
 8.753440e+00  3.016797e-02 
 8.753762e+00  3.016797e-02 
 8.754083e+00  3.016798e-02 
 8.754405e+00  3.016799e-02 
 8.754727e+00  3.016800e-02 
 8.755048e+00  3.016800e-02 
 8.755370e+00  3.016801e-02 
 8.755691e+00  3.016802e-02 
 8.756013e+00  3.016803e-02 
 8.756334e+00  3.016804e-02 
 8.756656e+00  3.016804e-02 
 8.756977e+00  3.016805e-02 
 8.757299e+00  3.016806e-02 
 8.757621e+00  3.016807e-02 
 8.757942e+00  3.016808e-02 
 8.758264e+00  3.016808e-02 
 8.758585e+00  3.016809e-02 
 8.758907e+00  3.016810e-02 
 8.759228e+00  3.016811e-02 
 8.759550e+00  3.016812e-02 
 8.759871e+00  3.016813e-02 
 8.760193e+00  3.016814e-02 
 8.760515e+00  3.016814e-02 
 8.760836e+00  3.016815e-02 
 8.761158e+00  3.016816e-02 
 8.761479e+00  3.016817e-02 
 8.761801e+00  3.016818e-02 
 8.762122e+00  3.016819e-02 
 8.762444e+00  3.016820e-02 
 8.762765e+00  3.016821e-02 
 8.763087e+00  3.016822e-02 
 8.763409e+00  3.016822e-02 
 8.763730e+00  3.016823e-02 
 8.764052e+00  3.016824e-02 
 8.764373e+00  3.016825e-02 
 8.764695e+00  3.016826e-02 
 8.765016e+00  3.016827e-02 
 8.765338e+00  3.016828e-02 
 8.765659e+00  3.016829e-02 
 8.765981e+00  3.016830e-02 
 8.766303e+00  3.016831e-02 
 8.766624e+00  3.016832e-02 
 8.766946e+00  3.016833e-02 
 8.767267e+00  3.016834e-02 
 8.767589e+00  3.016835e-02 
 8.767910e+00  3.016836e-02 
 8.768232e+00  3.016837e-02 
 8.768553e+00  3.016838e-02 
 8.768875e+00  3.016839e-02 
 8.769197e+00  3.016840e-02 
 8.769518e+00  3.016841e-02 
 8.769840e+00  3.016842e-02 
 8.770161e+00  3.016843e-02 
 8.770483e+00  3.016844e-02 
 8.770804e+00  3.016845e-02 
 8.771126e+00  3.016846e-02 
 8.771448e+00  3.016847e-02 
 8.771769e+00  3.016848e-02 
 8.772091e+00  3.016849e-02 
 8.772412e+00  3.016850e-02 
 8.772734e+00  3.016851e-02 
 8.773055e+00  3.016852e-02 
 8.773377e+00  3.016854e-02 
 8.773698e+00  3.016855e-02 
 8.774020e+00  3.016856e-02 
 8.774342e+00  3.016857e-02 
 8.774663e+00  3.016858e-02 
 8.774985e+00  3.016859e-02 
 8.775306e+00  3.016860e-02 
 8.775628e+00  3.016861e-02 
 8.775949e+00  3.016862e-02 
 8.776271e+00  3.016863e-02 
 8.776592e+00  3.016865e-02 
 8.776914e+00  3.016866e-02 
 8.777236e+00  3.016867e-02 
 8.777557e+00  3.016868e-02 
 8.777879e+00  3.016869e-02 
 8.778200e+00  3.016870e-02 
 8.778522e+00  3.016871e-02 
 8.778843e+00  3.016872e-02 
 8.779165e+00  3.016874e-02 
 8.779486e+00  3.016875e-02 
 8.779808e+00  3.016876e-02 
 8.780130e+00  3.016877e-02 
 8.780451e+00  3.016878e-02 
 8.780773e+00  3.016879e-02 
 8.781094e+00  3.016881e-02 
 8.781416e+00  3.016882e-02 
 8.781737e+00  3.016883e-02 
 8.782059e+00  3.016884e-02 
 8.782380e+00  3.016885e-02 
 8.782702e+00  3.016887e-02 
 8.783024e+00  3.016888e-02 
 8.783345e+00  3.016889e-02 
 8.783667e+00  3.016890e-02 
 8.783988e+00  3.016891e-02 
 8.784310e+00  3.016893e-02 
 8.784631e+00  3.016894e-02 
 8.784953e+00  3.016895e-02 
 8.785274e+00  3.016896e-02 
 8.785596e+00  3.016897e-02 
 8.785918e+00  3.016899e-02 
 8.786239e+00  3.016900e-02 
 8.786561e+00  3.016901e-02 
 8.786882e+00  3.016902e-02 
 8.787204e+00  3.016903e-02 
 8.787525e+00  3.016905e-02 
 8.787847e+00  3.016906e-02 
 8.788168e+00  3.016907e-02 
 8.788490e+00  3.016908e-02 
 8.788812e+00  3.016910e-02 
 8.789133e+00  3.016911e-02 
 8.789455e+00  3.016912e-02 
 8.789776e+00  3.016913e-02 
 8.790098e+00  3.016915e-02 
 8.790419e+00  3.016916e-02 
 8.790741e+00  3.016917e-02 
 8.791062e+00  3.016918e-02 
 8.791384e+00  3.016920e-02 
 8.791706e+00  3.016921e-02 
 8.792027e+00  3.016922e-02 
 8.792349e+00  3.016923e-02 
 8.792670e+00  3.016925e-02 
 8.792992e+00  3.016926e-02 
 8.793313e+00  3.016927e-02 
 8.793635e+00  3.016928e-02 
 8.793956e+00  3.016930e-02 
 8.794278e+00  3.016931e-02 
 8.794600e+00  3.016932e-02 
 8.794921e+00  3.016933e-02 
 8.795243e+00  3.016935e-02 
 8.795564e+00  3.016936e-02 
 8.795886e+00  3.016937e-02 
 8.796207e+00  3.016939e-02 
 8.796529e+00  3.016940e-02 
 8.796850e+00  3.016941e-02 
 8.797172e+00  3.016942e-02 
 8.797494e+00  3.016944e-02 
 8.797815e+00  3.016945e-02 
 8.798137e+00  3.016946e-02 
 8.798458e+00  3.016947e-02 
 8.798780e+00  3.016949e-02 
 8.799101e+00  3.016950e-02 
 8.799423e+00  3.016951e-02 
 8.799744e+00  3.016953e-02 
 8.800066e+00  3.016954e-02 
 8.800388e+00  3.016955e-02 
 8.800709e+00  3.016956e-02 
 8.801031e+00  3.016958e-02 
 8.801352e+00  3.016959e-02 
 8.801674e+00  3.016960e-02 
 8.801995e+00  3.016961e-02 
 8.802317e+00  3.016963e-02 
 8.802638e+00  3.016964e-02 
 8.802960e+00  3.016965e-02 
 8.803282e+00  3.016967e-02 
 8.803603e+00  3.016968e-02 
 8.803925e+00  3.016969e-02 
 8.804246e+00  3.016970e-02 
 8.804568e+00  3.016972e-02 
 8.804889e+00  3.016973e-02 
 8.805211e+00  3.016974e-02 
 8.805532e+00  3.016976e-02 
 8.805854e+00  3.016977e-02 
 8.806176e+00  3.016978e-02 
 8.806497e+00  3.016980e-02 
 8.806819e+00  3.016981e-02 
 8.807140e+00  3.016982e-02 
 8.807462e+00  3.016983e-02 
 8.807783e+00  3.016985e-02 
 8.808105e+00  3.016986e-02 
 8.808426e+00  3.016987e-02 
 8.808748e+00  3.016989e-02 
 8.809070e+00  3.016990e-02 
 8.809391e+00  3.016991e-02 
 8.809713e+00  3.016993e-02 
 8.810034e+00  3.016994e-02 
 8.810356e+00  3.016995e-02 
 8.810677e+00  3.016997e-02 
 8.810999e+00  3.016998e-02 
 8.811321e+00  3.016999e-02 
 8.811642e+00  3.017000e-02 
 8.811964e+00  3.017002e-02 
 8.812285e+00  3.017003e-02 
 8.812607e+00  3.017004e-02 
 8.812928e+00  3.017006e-02 
 8.813250e+00  3.017007e-02 
 8.813571e+00  3.017008e-02 
 8.813893e+00  3.017010e-02 
 8.814215e+00  3.017011e-02 
 8.814536e+00  3.017012e-02 
 8.814858e+00  3.017014e-02 
 8.815179e+00  3.017015e-02 
 8.815501e+00  3.017016e-02 
 8.815822e+00  3.017018e-02 
 8.816144e+00  3.017019e-02 
 8.816465e+00  3.017020e-02 
 8.816787e+00  3.017022e-02 
 8.817109e+00  3.017023e-02 
 8.817430e+00  3.017024e-02 
 8.817752e+00  3.017026e-02 
 8.818073e+00  3.017027e-02 
 8.818395e+00  3.017028e-02 
 8.818716e+00  3.017030e-02 
 8.819038e+00  3.017031e-02 
 8.819359e+00  3.017032e-02 
 8.819681e+00  3.017034e-02 
 8.820003e+00  3.017035e-02 
 8.820324e+00  3.017036e-02 
 8.820646e+00  3.017038e-02 
 8.820967e+00  3.017039e-02 
 8.821289e+00  3.017040e-02 
 8.821610e+00  3.017042e-02 
 8.821932e+00  3.017043e-02 
 8.822253e+00  3.017044e-02 
 8.822575e+00  3.017046e-02 
 8.822897e+00  3.017047e-02 
 8.823218e+00  3.017048e-02 
 8.823540e+00  3.017050e-02 
 8.823861e+00  3.017051e-02 
 8.824183e+00  3.017052e-02 
 8.824504e+00  3.017054e-02 
 8.824826e+00  3.017055e-02 
 8.825147e+00  3.017056e-02 
 8.825469e+00  3.017058e-02 
 8.825791e+00  3.017059e-02 
 8.826112e+00  3.017060e-02 
 8.826434e+00  3.017062e-02 
 8.826755e+00  3.017063e-02 
 8.827077e+00  3.017064e-02 
 8.827398e+00  3.017066e-02 
 8.827720e+00  3.017067e-02 
 8.828041e+00  3.017068e-02 
 8.828363e+00  3.017070e-02 
 8.828685e+00  3.017071e-02 
 8.829006e+00  3.017072e-02 
 8.829328e+00  3.017074e-02 
 8.829649e+00  3.017075e-02 
 8.829971e+00  3.017076e-02 
 8.830292e+00  3.017078e-02 
 8.830614e+00  3.017079e-02 
 8.830935e+00  3.017080e-02 
 8.831257e+00  3.017082e-02 
 8.831579e+00  3.017083e-02 
 8.831900e+00  3.017084e-02 
 8.832222e+00  3.017086e-02 
 8.832543e+00  3.017087e-02 
 8.832865e+00  3.017088e-02 
 8.833186e+00  3.017090e-02 
 8.833508e+00  3.017091e-02 
 8.833829e+00  3.017092e-02 
 8.834151e+00  3.017093e-02 
 8.834473e+00  3.017095e-02 
 8.834794e+00  3.017096e-02 
 8.835116e+00  3.017097e-02 
 8.835437e+00  3.017099e-02 
 8.835759e+00  3.017100e-02 
 8.836080e+00  3.017101e-02 
 8.836402e+00  3.017103e-02 
 8.836723e+00  3.017104e-02 
 8.837045e+00  3.017105e-02 
 8.837367e+00  3.017106e-02 
 8.837688e+00  3.017108e-02 
 8.838010e+00  3.017109e-02 
 8.838331e+00  3.017110e-02 
 8.838653e+00  3.017112e-02 
 8.838974e+00  3.017113e-02 
 8.839296e+00  3.017114e-02 
 8.839617e+00  3.017115e-02 
 8.839939e+00  3.017117e-02 
 8.840261e+00  3.017118e-02 
 8.840582e+00  3.017119e-02 
 8.840904e+00  3.017120e-02 
 8.841225e+00  3.017122e-02 
 8.841547e+00  3.017123e-02 
 8.841868e+00  3.017124e-02 
 8.842190e+00  3.017126e-02 
 8.842511e+00  3.017127e-02 
 8.842833e+00  3.017128e-02 
 8.843155e+00  3.017129e-02 
 8.843476e+00  3.017131e-02 
 8.843798e+00  3.017132e-02 
 8.844119e+00  3.017133e-02 
 8.844441e+00  3.017134e-02 
 8.844762e+00  3.017136e-02 
 8.845084e+00  3.017137e-02 
 8.845405e+00  3.017138e-02 
 8.845727e+00  3.017139e-02 
 8.846049e+00  3.017140e-02 
 8.846370e+00  3.017142e-02 
 8.846692e+00  3.017143e-02 
 8.847013e+00  3.017144e-02 
 8.847335e+00  3.017145e-02 
 8.847656e+00  3.017147e-02 
 8.847978e+00  3.017148e-02 
 8.848300e+00  3.017149e-02 
 8.848621e+00  3.017150e-02 
 8.848943e+00  3.017151e-02 
 8.849264e+00  3.017153e-02 
 8.849586e+00  3.017154e-02 
 8.849907e+00  3.017155e-02 
 8.850229e+00  3.017156e-02 
 8.850550e+00  3.017158e-02 
 8.850872e+00  3.017159e-02 
 8.851194e+00  3.017160e-02 
 8.851515e+00  3.017161e-02 
 8.851837e+00  3.017162e-02 
 8.852158e+00  3.017164e-02 
 8.852480e+00  3.017165e-02 
 8.852801e+00  3.017166e-02 
 8.853123e+00  3.017167e-02 
 8.853444e+00  3.017168e-02 
 8.853766e+00  3.017170e-02 
 8.854088e+00  3.017171e-02 
 8.854409e+00  3.017172e-02 
 8.854731e+00  3.017173e-02 
 8.855052e+00  3.017174e-02 
 8.855374e+00  3.017176e-02 
 8.855695e+00  3.017177e-02 
 8.856017e+00  3.017178e-02 
 8.856338e+00  3.017179e-02 
 8.856660e+00  3.017181e-02 
 8.856982e+00  3.017182e-02 
 8.857303e+00  3.017183e-02 
 8.857625e+00  3.017184e-02 
 8.857946e+00  3.017185e-02 
 8.858268e+00  3.017187e-02 
 8.858589e+00  3.017188e-02 
 8.858911e+00  3.017189e-02 
 8.859232e+00  3.017190e-02 
 8.859554e+00  3.017191e-02 
 8.859876e+00  3.017193e-02 
 8.860197e+00  3.017194e-02 
 8.860519e+00  3.017195e-02 
 8.860840e+00  3.017196e-02 
 8.861162e+00  3.017198e-02 
 8.861483e+00  3.017199e-02 
 8.861805e+00  3.017200e-02 
 8.862126e+00  3.017201e-02 
 8.862448e+00  3.017202e-02 
 8.862770e+00  3.017204e-02 
 8.863091e+00  3.017205e-02 
 8.863413e+00  3.017206e-02 
 8.863734e+00  3.017207e-02 
 8.864056e+00  3.017209e-02 
 8.864377e+00  3.017210e-02 
 8.864699e+00  3.017211e-02 
 8.865020e+00  3.017212e-02 
 8.865342e+00  3.017214e-02 
 8.865664e+00  3.017215e-02 
 8.865985e+00  3.017216e-02 
 8.866307e+00  3.017217e-02 
 8.866628e+00  3.017219e-02 
 8.866950e+00  3.017220e-02 
 8.867271e+00  3.017221e-02 
 8.867593e+00  3.017222e-02 
 8.867914e+00  3.017224e-02 
 8.868236e+00  3.017225e-02 
 8.868558e+00  3.017226e-02 
 8.868879e+00  3.017228e-02 
 8.869201e+00  3.017229e-02 
 8.869522e+00  3.017230e-02 
 8.869844e+00  3.017231e-02 
 8.870165e+00  3.017233e-02 
 8.870487e+00  3.017234e-02 
 8.870808e+00  3.017235e-02 
 8.871130e+00  3.017237e-02 
 8.871452e+00  3.017238e-02 
 8.871773e+00  3.017239e-02 
 8.872095e+00  3.017240e-02 
 8.872416e+00  3.017242e-02 
 8.872738e+00  3.017243e-02 
 8.873059e+00  3.017244e-02 
 8.873381e+00  3.017246e-02 
 8.873702e+00  3.017247e-02 
 8.874024e+00  3.017248e-02 
 8.874346e+00  3.017250e-02 
 8.874667e+00  3.017251e-02 
 8.874989e+00  3.017252e-02 
 8.875310e+00  3.017254e-02 
 8.875632e+00  3.017255e-02 
 8.875953e+00  3.017256e-02 
 8.876275e+00  3.017257e-02 
 8.876596e+00  3.017259e-02 
 8.876918e+00  3.017260e-02 
 8.877240e+00  3.017261e-02 
 8.877561e+00  3.017263e-02 
 8.877883e+00  3.017264e-02 
 8.878204e+00  3.017265e-02 
 8.878526e+00  3.017267e-02 
 8.878847e+00  3.017268e-02 
 8.879169e+00  3.017269e-02 
 8.879490e+00  3.017271e-02 
 8.879812e+00  3.017272e-02 
 8.880134e+00  3.017273e-02 
 8.880455e+00  3.017275e-02 
 8.880777e+00  3.017276e-02 
 8.881098e+00  3.017277e-02 
 8.881420e+00  3.017279e-02 
 8.881741e+00  3.017280e-02 
 8.882063e+00  3.017281e-02 
 8.882384e+00  3.017283e-02 
 8.882706e+00  3.017284e-02 
 8.883028e+00  3.017285e-02 
 8.883349e+00  3.017287e-02 
 8.883671e+00  3.017288e-02 
 8.883992e+00  3.017289e-02 
 8.884314e+00  3.017291e-02 
 8.884635e+00  3.017292e-02 
 8.884957e+00  3.017293e-02 
 8.885279e+00  3.017295e-02 
 8.885600e+00  3.017296e-02 
 8.885922e+00  3.017297e-02 
 8.886243e+00  3.017299e-02 
 8.886565e+00  3.017300e-02 
 8.886886e+00  3.017301e-02 
 8.887208e+00  3.017303e-02 
 8.887529e+00  3.017304e-02 
 8.887851e+00  3.017305e-02 
 8.888173e+00  3.017307e-02 
 8.888494e+00  3.017308e-02 
 8.888816e+00  3.017309e-02 
 8.889137e+00  3.017311e-02 
 8.889459e+00  3.017312e-02 
 8.889780e+00  3.017313e-02 
 8.890102e+00  3.017315e-02 
 8.890423e+00  3.017316e-02 
 8.890745e+00  3.017317e-02 
 8.891067e+00  3.017319e-02 
 8.891388e+00  3.017320e-02 
 8.891710e+00  3.017321e-02 
 8.892031e+00  3.017322e-02 
 8.892353e+00  3.017324e-02 
 8.892674e+00  3.017325e-02 
 8.892996e+00  3.017326e-02 
 8.893317e+00  3.017328e-02 
 8.893639e+00  3.017329e-02 
 8.893961e+00  3.017330e-02 
 8.894282e+00  3.017332e-02 
 8.894604e+00  3.017333e-02 
 8.894925e+00  3.017334e-02 
 8.895247e+00  3.017336e-02 
 8.895568e+00  3.017337e-02 
 8.895890e+00  3.017338e-02 
 8.896211e+00  3.017339e-02 
 8.896533e+00  3.017341e-02 
 8.896855e+00  3.017342e-02 
 8.897176e+00  3.017343e-02 
 8.897498e+00  3.017345e-02 
 8.897819e+00  3.017346e-02 
 8.898141e+00  3.017347e-02 
 8.898462e+00  3.017349e-02 
 8.898784e+00  3.017350e-02 
 8.899105e+00  3.017351e-02 
 8.899427e+00  3.017352e-02 
 8.899749e+00  3.017354e-02 
 8.900070e+00  3.017355e-02 
 8.900392e+00  3.017356e-02 
 8.900713e+00  3.017358e-02 
 8.901035e+00  3.017359e-02 
 8.901356e+00  3.017360e-02 
 8.901678e+00  3.017361e-02 
 8.901999e+00  3.017363e-02 
 8.902321e+00  3.017364e-02 
 8.902643e+00  3.017365e-02 
 8.902964e+00  3.017367e-02 
 8.903286e+00  3.017368e-02 
 8.903607e+00  3.017369e-02 
 8.903929e+00  3.017370e-02 
 8.904250e+00  3.017372e-02 
 8.904572e+00  3.017373e-02 
 8.904893e+00  3.017374e-02 
 8.905215e+00  3.017376e-02 
 8.905537e+00  3.017377e-02 
 8.905858e+00  3.017378e-02 
 8.906180e+00  3.017379e-02 
 8.906501e+00  3.017381e-02 
 8.906823e+00  3.017382e-02 
 8.907144e+00  3.017383e-02 
 8.907466e+00  3.017385e-02 
 8.907787e+00  3.017386e-02 
 8.908109e+00  3.017387e-02 
 8.908431e+00  3.017388e-02 
 8.908752e+00  3.017390e-02 
 8.909074e+00  3.017391e-02 
 8.909395e+00  3.017392e-02 
 8.909717e+00  3.017394e-02 
 8.910038e+00  3.017395e-02 
 8.910360e+00  3.017396e-02 
 8.910681e+00  3.017397e-02 
 8.911003e+00  3.017399e-02 
 8.911325e+00  3.017400e-02 
 8.911646e+00  3.017401e-02 
 8.911968e+00  3.017403e-02 
 8.912289e+00  3.017404e-02 
 8.912611e+00  3.017405e-02 
 8.912932e+00  3.017406e-02 
 8.913254e+00  3.017408e-02 
 8.913575e+00  3.017409e-02 
 8.913897e+00  3.017410e-02 
 8.914219e+00  3.017411e-02 
 8.914540e+00  3.017413e-02 
 8.914862e+00  3.017414e-02 
 8.915183e+00  3.017415e-02 
 8.915505e+00  3.017416e-02 
 8.915826e+00  3.017418e-02 
 8.916148e+00  3.017419e-02 
 8.916469e+00  3.017420e-02 
 8.916791e+00  3.017421e-02 
 8.917113e+00  3.017423e-02 
 8.917434e+00  3.017424e-02 
 8.917756e+00  3.017425e-02 
 8.918077e+00  3.017426e-02 
 8.918399e+00  3.017428e-02 
 8.918720e+00  3.017429e-02 
 8.919042e+00  3.017430e-02 
 8.919363e+00  3.017431e-02 
 8.919685e+00  3.017433e-02 
 8.920007e+00  3.017434e-02 
 8.920328e+00  3.017435e-02 
 8.920650e+00  3.017436e-02 
 8.920971e+00  3.017437e-02 
 8.921293e+00  3.017439e-02 
 8.921614e+00  3.017440e-02 
 8.921936e+00  3.017441e-02 
 8.922258e+00  3.017442e-02 
 8.922579e+00  3.017443e-02 
 8.922901e+00  3.017445e-02 
 8.923222e+00  3.017446e-02 
 8.923544e+00  3.017447e-02 
 8.923865e+00  3.017448e-02 
 8.924187e+00  3.017449e-02 
 8.924508e+00  3.017451e-02 
 8.924830e+00  3.017452e-02 
 8.925152e+00  3.017453e-02 
 8.925473e+00  3.017454e-02 
 8.925795e+00  3.017455e-02 
 8.926116e+00  3.017456e-02 
 8.926438e+00  3.017458e-02 
 8.926759e+00  3.017459e-02 
 8.927081e+00  3.017460e-02 
 8.927402e+00  3.017461e-02 
 8.927724e+00  3.017462e-02 
 8.928046e+00  3.017463e-02 
 8.928367e+00  3.017464e-02 
 8.928689e+00  3.017465e-02 
 8.929010e+00  3.017467e-02 
 8.929332e+00  3.017468e-02 
 8.929653e+00  3.017469e-02 
 8.929975e+00  3.017470e-02 
 8.930296e+00  3.017471e-02 
 8.930618e+00  3.017472e-02 
 8.930940e+00  3.017473e-02 
 8.931261e+00  3.017474e-02 
 8.931583e+00  3.017475e-02 
 8.931904e+00  3.017476e-02 
 8.932226e+00  3.017478e-02 
 8.932547e+00  3.017479e-02 
 8.932869e+00  3.017480e-02 
 8.933190e+00  3.017481e-02 
 8.933512e+00  3.017482e-02 
 8.933834e+00  3.017483e-02 
 8.934155e+00  3.017484e-02 
 8.934477e+00  3.017485e-02 
 8.934798e+00  3.017486e-02 
 8.935120e+00  3.017487e-02 
 8.935441e+00  3.017488e-02 
 8.935763e+00  3.017489e-02 
 8.936084e+00  3.017490e-02 
 8.936406e+00  3.017491e-02 
 8.936728e+00  3.017492e-02 
 8.937049e+00  3.017493e-02 
 8.937371e+00  3.017494e-02 
 8.937692e+00  3.017495e-02 
 8.938014e+00  3.017496e-02 
 8.938335e+00  3.017497e-02 
 8.938657e+00  3.017498e-02 
 8.938978e+00  3.017499e-02 
 8.939300e+00  3.017500e-02 
 8.939622e+00  3.017501e-02 
 8.939943e+00  3.017502e-02 
 8.940265e+00  3.017503e-02 
 8.940586e+00  3.017504e-02 
 8.940908e+00  3.017505e-02 
 8.941229e+00  3.017506e-02 
 8.941551e+00  3.017507e-02 
 8.941872e+00  3.017508e-02 
 8.942194e+00  3.017509e-02 
 8.942516e+00  3.017510e-02 
 8.942837e+00  3.017511e-02 
 8.943159e+00  3.017512e-02 
 8.943480e+00  3.017513e-02 
 8.943802e+00  3.017514e-02 
 8.944123e+00  3.017515e-02 
 8.944445e+00  3.017516e-02 
 8.944766e+00  3.017517e-02 
 8.945088e+00  3.017518e-02 
 8.945410e+00  3.017519e-02 
 8.945731e+00  3.017520e-02 
 8.946053e+00  3.017521e-02 
 8.946374e+00  3.017522e-02 
 8.946696e+00  3.017523e-02 
 8.947017e+00  3.017524e-02 
 8.947339e+00  3.017525e-02 
 8.947660e+00  3.017526e-02 
 8.947982e+00  3.017527e-02 
 8.948304e+00  3.017528e-02 
 8.948625e+00  3.017529e-02 
 8.948947e+00  3.017530e-02 
 8.949268e+00  3.017531e-02 
 8.949590e+00  3.017531e-02 
 8.949911e+00  3.017532e-02 
 8.950233e+00  3.017533e-02 
 8.950554e+00  3.017534e-02 
 8.950876e+00  3.017535e-02 
 8.951198e+00  3.017536e-02 
 8.951519e+00  3.017537e-02 
 8.951841e+00  3.017538e-02 
 8.952162e+00  3.017539e-02 
 8.952484e+00  3.017540e-02 
 8.952805e+00  3.017541e-02 
 8.953127e+00  3.017542e-02 
 8.953448e+00  3.017543e-02 
 8.953770e+00  3.017544e-02 
 8.954092e+00  3.017544e-02 
 8.954413e+00  3.017545e-02 
 8.954735e+00  3.017546e-02 
 8.955056e+00  3.017547e-02 
 8.955378e+00  3.017548e-02 
 8.955699e+00  3.017549e-02 
 8.956021e+00  3.017550e-02 
 8.956342e+00  3.017551e-02 
 8.956664e+00  3.017552e-02 
 8.956986e+00  3.017553e-02 
 8.957307e+00  3.017553e-02 
 8.957629e+00  3.017554e-02 
 8.957950e+00  3.017555e-02 
 8.958272e+00  3.017556e-02 
 8.958593e+00  3.017557e-02 
 8.958915e+00  3.017558e-02 
 8.959237e+00  3.017559e-02 
 8.959558e+00  3.017560e-02 
 8.959880e+00  3.017561e-02 
 8.960201e+00  3.017561e-02 
 8.960523e+00  3.017562e-02 
 8.960844e+00  3.017563e-02 
 8.961166e+00  3.017564e-02 
 8.961487e+00  3.017565e-02 
 8.961809e+00  3.017566e-02 
 8.962131e+00  3.017567e-02 
 8.962452e+00  3.017568e-02 
 8.962774e+00  3.017568e-02 
 8.963095e+00  3.017569e-02 
 8.963417e+00  3.017570e-02 
 8.963738e+00  3.017571e-02 
 8.964060e+00  3.017572e-02 
 8.964381e+00  3.017573e-02 
 8.964703e+00  3.017574e-02 
 8.965025e+00  3.017574e-02 
 8.965346e+00  3.017575e-02 
 8.965668e+00  3.017576e-02 
 8.965989e+00  3.017577e-02 
 8.966311e+00  3.017578e-02 
 8.966632e+00  3.017579e-02 
 8.966954e+00  3.017579e-02 
 8.967275e+00  3.017580e-02 
 8.967597e+00  3.017581e-02 
 8.967919e+00  3.017582e-02 
 8.968240e+00  3.017583e-02 
 8.968562e+00  3.017584e-02 
 8.968883e+00  3.017585e-02 
 8.969205e+00  3.017585e-02 
 8.969526e+00  3.017586e-02 
 8.969848e+00  3.017587e-02 
 8.970169e+00  3.017588e-02 
 8.970491e+00  3.017589e-02 
 8.970813e+00  3.017590e-02 
 8.971134e+00  3.017590e-02 
 8.971456e+00  3.017591e-02 
 8.971777e+00  3.017592e-02 
 8.972099e+00  3.017593e-02 
 8.972420e+00  3.017594e-02 
 8.972742e+00  3.017594e-02 
 8.973063e+00  3.017595e-02 
 8.973385e+00  3.017596e-02 
 8.973707e+00  3.017597e-02 
 8.974028e+00  3.017598e-02 
 8.974350e+00  3.017598e-02 
 8.974671e+00  3.017599e-02 
 8.974993e+00  3.017600e-02 
 8.975314e+00  3.017601e-02 
 8.975636e+00  3.017602e-02 
 8.975957e+00  3.017602e-02 
 8.976279e+00  3.017603e-02 
 8.976601e+00  3.017604e-02 
 8.976922e+00  3.017605e-02 
 8.977244e+00  3.017606e-02 
 8.977565e+00  3.017606e-02 
 8.977887e+00  3.017607e-02 
 8.978208e+00  3.017608e-02 
 8.978530e+00  3.017609e-02 
 8.978851e+00  3.017609e-02 
 8.979173e+00  3.017610e-02 
 8.979495e+00  3.017611e-02 
 8.979816e+00  3.017612e-02 
 8.980138e+00  3.017613e-02 
 8.980459e+00  3.017613e-02 
 8.980781e+00  3.017614e-02 
 8.981102e+00  3.017615e-02 
 8.981424e+00  3.017616e-02 
 8.981745e+00  3.017616e-02 
 8.982067e+00  3.017617e-02 
 8.982389e+00  3.017618e-02 
 8.982710e+00  3.017619e-02 
 8.983032e+00  3.017619e-02 
 8.983353e+00  3.017620e-02 
 8.983675e+00  3.017621e-02 
 8.983996e+00  3.017622e-02 
 8.984318e+00  3.017622e-02 
 8.984639e+00  3.017623e-02 
 8.984961e+00  3.017624e-02 
 8.985283e+00  3.017625e-02 
 8.985604e+00  3.017625e-02 
 8.985926e+00  3.017626e-02 
 8.986247e+00  3.017627e-02 
 8.986569e+00  3.017628e-02 
 8.986890e+00  3.017628e-02 
 8.987212e+00  3.017629e-02 
 8.987533e+00  3.017630e-02 
 8.987855e+00  3.017631e-02 
 8.988177e+00  3.017631e-02 
 8.988498e+00  3.017632e-02 
 8.988820e+00  3.017633e-02 
 8.989141e+00  3.017633e-02 
 8.989463e+00  3.017634e-02 
 8.989784e+00  3.017635e-02 
 8.990106e+00  3.017636e-02 
 8.990427e+00  3.017636e-02 
 8.990749e+00  3.017637e-02 
 8.991071e+00  3.017638e-02 
 8.991392e+00  3.017638e-02 
 8.991714e+00  3.017639e-02 
 8.992035e+00  3.017640e-02 
 8.992357e+00  3.017641e-02 
 8.992678e+00  3.017641e-02 
 8.993000e+00  3.017642e-02 
 8.993321e+00  3.017643e-02 
 8.993643e+00  3.017643e-02 
 8.993965e+00  3.017644e-02 
 8.994286e+00  3.017645e-02 
 8.994608e+00  3.017645e-02 
 8.994929e+00  3.017646e-02 
 8.995251e+00  3.017647e-02 
 8.995572e+00  3.017647e-02 
 8.995894e+00  3.017648e-02 
 8.996216e+00  3.017649e-02 
 8.996537e+00  3.017649e-02 
 8.996859e+00  3.017650e-02 
 8.997180e+00  3.017651e-02 
 8.997502e+00  3.017651e-02 
 8.997823e+00  3.017652e-02 
 8.998145e+00  3.017652e-02 
 8.998466e+00  3.017653e-02 
 8.998788e+00  3.017654e-02 
 8.999110e+00  3.017654e-02 
 8.999431e+00  3.017655e-02 
 8.999753e+00  3.017656e-02 
 9.000074e+00  3.017656e-02 
 9.000396e+00  3.017657e-02 
 9.000717e+00  3.017657e-02 
 9.001039e+00  3.017658e-02 
 9.001360e+00  3.017659e-02 
 9.001682e+00  3.017659e-02 
 9.002004e+00  3.017660e-02 
 9.002325e+00  3.017660e-02 
 9.002647e+00  3.017661e-02 
 9.002968e+00  3.017661e-02 
 9.003290e+00  3.017662e-02 
 9.003611e+00  3.017662e-02 
 9.003933e+00  3.017663e-02 
 9.004254e+00  3.017664e-02 
 9.004576e+00  3.017664e-02 
 9.004898e+00  3.017665e-02 
 9.005219e+00  3.017665e-02 
 9.005541e+00  3.017666e-02 
 9.005862e+00  3.017666e-02 
 9.006184e+00  3.017667e-02 
 9.006505e+00  3.017667e-02 
 9.006827e+00  3.017668e-02 
 9.007148e+00  3.017668e-02 
 9.007470e+00  3.017668e-02 
 9.007792e+00  3.017669e-02 
 9.008113e+00  3.017669e-02 
 9.008435e+00  3.017670e-02 
 9.008756e+00  3.017670e-02 
 9.009078e+00  3.017671e-02 
 9.009399e+00  3.017671e-02 
 9.009721e+00  3.017672e-02 
 9.010042e+00  3.017672e-02 
 9.010364e+00  3.017672e-02 
 9.010686e+00  3.017673e-02 
 9.011007e+00  3.017673e-02 
 9.011329e+00  3.017674e-02 
 9.011650e+00  3.017674e-02 
 9.011972e+00  3.017674e-02 
 9.012293e+00  3.017675e-02 
 9.012615e+00  3.017675e-02 
 9.012936e+00  3.017675e-02 
 9.013258e+00  3.017676e-02 
 9.013580e+00  3.017676e-02 
 9.013901e+00  3.017676e-02 
 9.014223e+00  3.017677e-02 
 9.014544e+00  3.017677e-02 
 9.014866e+00  3.017677e-02 
 9.015187e+00  3.017678e-02 
 9.015509e+00  3.017678e-02 
 9.015830e+00  3.017678e-02 
 9.016152e+00  3.017679e-02 
 9.016474e+00  3.017679e-02 
 9.016795e+00  3.017679e-02 
 9.017117e+00  3.017680e-02 
 9.017438e+00  3.017680e-02 
 9.017760e+00  3.017680e-02 
 9.018081e+00  3.017680e-02 
 9.018403e+00  3.017681e-02 
 9.018724e+00  3.017681e-02 
 9.019046e+00  3.017681e-02 
 9.019368e+00  3.017681e-02 
 9.019689e+00  3.017682e-02 
 9.020011e+00  3.017682e-02 
 9.020332e+00  3.017682e-02 
 9.020654e+00  3.017682e-02 
 9.020975e+00  3.017682e-02 
 9.021297e+00  3.017683e-02 
 9.021618e+00  3.017683e-02 
 9.021940e+00  3.017683e-02 
 9.022262e+00  3.017683e-02 
 9.022583e+00  3.017684e-02 
 9.022905e+00  3.017684e-02 
 9.023226e+00  3.017684e-02 
 9.023548e+00  3.017684e-02 
 9.023869e+00  3.017684e-02 
 9.024191e+00  3.017684e-02 
 9.024512e+00  3.017685e-02 
 9.024834e+00  3.017685e-02 
 9.025156e+00  3.017685e-02 
 9.025477e+00  3.017685e-02 
 9.025799e+00  3.017685e-02 
 9.026120e+00  3.017685e-02 
 9.026442e+00  3.017686e-02 
 9.026763e+00  3.017686e-02 
 9.027085e+00  3.017686e-02 
 9.027406e+00  3.017686e-02 
 9.027728e+00  3.017686e-02 
 9.028050e+00  3.017686e-02 
 9.028371e+00  3.017687e-02 
 9.028693e+00  3.017687e-02 
 9.029014e+00  3.017687e-02 
 9.029336e+00  3.017687e-02 
 9.029657e+00  3.017687e-02 
 9.029979e+00  3.017687e-02 
 9.030300e+00  3.017687e-02 
 9.030622e+00  3.017688e-02 
 9.030944e+00  3.017688e-02 
 9.031265e+00  3.017688e-02 
 9.031587e+00  3.017688e-02 
 9.031908e+00  3.017688e-02 
 9.032230e+00  3.017688e-02 
 9.032551e+00  3.017688e-02 
 9.032873e+00  3.017688e-02 
 9.033195e+00  3.017689e-02 
 9.033516e+00  3.017689e-02 
 9.033838e+00  3.017689e-02 
 9.034159e+00  3.017689e-02 
 9.034481e+00  3.017689e-02 
 9.034802e+00  3.017689e-02 
 9.035124e+00  3.017689e-02 
 9.035445e+00  3.017689e-02 
 9.035767e+00  3.017689e-02 
 9.036089e+00  3.017690e-02 
 9.036410e+00  3.017690e-02 
 9.036732e+00  3.017690e-02 
 9.037053e+00  3.017690e-02 
 9.037375e+00  3.017690e-02 
 9.037696e+00  3.017690e-02 
 9.038018e+00  3.017690e-02 
 9.038339e+00  3.017690e-02 
 9.038661e+00  3.017690e-02 
 9.038983e+00  3.017690e-02 
 9.039304e+00  3.017691e-02 
 9.039626e+00  3.017691e-02 
 9.039947e+00  3.017691e-02 
 9.040269e+00  3.017691e-02 
 9.040590e+00  3.017691e-02 
 9.040912e+00  3.017691e-02 
 9.041233e+00  3.017691e-02 
 9.041555e+00  3.017691e-02 
 9.041877e+00  3.017691e-02 
 9.042198e+00  3.017691e-02 
 9.042520e+00  3.017691e-02 
 9.042841e+00  3.017692e-02 
 9.043163e+00  3.017692e-02 
 9.043484e+00  3.017692e-02 
 9.043806e+00  3.017692e-02 
 9.044127e+00  3.017692e-02 
 9.044449e+00  3.017692e-02 
 9.044771e+00  3.017692e-02 
 9.045092e+00  3.017692e-02 
 9.045414e+00  3.017692e-02 
 9.045735e+00  3.017692e-02 
 9.046057e+00  3.017692e-02 
 9.046378e+00  3.017692e-02 
 9.046700e+00  3.017692e-02 
 9.047021e+00  3.017692e-02 
 9.047343e+00  3.017693e-02 
 9.047665e+00  3.017693e-02 
 9.047986e+00  3.017693e-02 
 9.048308e+00  3.017693e-02 
 9.048629e+00  3.017693e-02 
 9.048951e+00  3.017693e-02 
 9.049272e+00  3.017693e-02 
 9.049594e+00  3.017693e-02 
 9.049915e+00  3.017693e-02 
 9.050237e+00  3.017693e-02 
 9.050559e+00  3.017693e-02 
 9.050880e+00  3.017693e-02 
 9.051202e+00  3.017693e-02 
 9.051523e+00  3.017693e-02 
 9.051845e+00  3.017693e-02 
 9.052166e+00  3.017693e-02 
 9.052488e+00  3.017693e-02 
 9.052809e+00  3.017693e-02 
 9.053131e+00  3.017693e-02 
 9.053453e+00  3.017693e-02 
 9.053774e+00  3.017693e-02 
 9.054096e+00  3.017693e-02 
 9.054417e+00  3.017693e-02 
 9.054739e+00  3.017693e-02 
 9.055060e+00  3.017693e-02 
 9.055382e+00  3.017693e-02 
 9.055703e+00  3.017693e-02 
 9.056025e+00  3.017694e-02 
 9.056347e+00  3.017694e-02 
 9.056668e+00  3.017694e-02 
 9.056990e+00  3.017694e-02 
 9.057311e+00  3.017694e-02 
 9.057633e+00  3.017694e-02 
 9.057954e+00  3.017694e-02 
 9.058276e+00  3.017694e-02 
 9.058597e+00  3.017694e-02 
 9.058919e+00  3.017694e-02 
 9.059241e+00  3.017694e-02 
 9.059562e+00  3.017694e-02 
 9.059884e+00  3.017694e-02 
 9.060205e+00  3.017694e-02 
 9.060527e+00  3.017694e-02 
 9.060848e+00  3.017694e-02 
 9.061170e+00  3.017694e-02 
 9.061491e+00  3.017694e-02 
 9.061813e+00  3.017694e-02 
 9.062135e+00  3.017694e-02 
 9.062456e+00  3.017694e-02 
 9.062778e+00  3.017694e-02 
 9.063099e+00  3.017694e-02 
 9.063421e+00  3.017694e-02 
 9.063742e+00  3.017694e-02 
 9.064064e+00  3.017694e-02 
 9.064385e+00  3.017694e-02 
 9.064707e+00  3.017694e-02 
 9.065029e+00  3.017694e-02 
 9.065350e+00  3.017694e-02 
 9.065672e+00  3.017694e-02 
 9.065993e+00  3.017694e-02 
 9.066315e+00  3.017694e-02 
 9.066636e+00  3.017694e-02 
 9.066958e+00  3.017694e-02 
 9.067279e+00  3.017694e-02 
 9.067601e+00  3.017694e-02 
 9.067923e+00  3.017694e-02 
 9.068244e+00  3.017694e-02 
 9.068566e+00  3.017694e-02 
 9.068887e+00  3.017694e-02 
 9.069209e+00  3.017694e-02 
 9.069530e+00  3.017694e-02 
 9.069852e+00  3.017694e-02 
 9.070174e+00  3.017694e-02 
 9.070495e+00  3.017694e-02 
 9.070817e+00  3.017694e-02 
 9.071138e+00  3.017694e-02 
 9.071460e+00  3.017694e-02 
 9.071781e+00  3.017694e-02 
 9.072103e+00  3.017694e-02 
 9.072424e+00  3.017694e-02 
 9.072746e+00  3.017694e-02 
 9.073068e+00  3.017694e-02 
 9.073389e+00  3.017694e-02 
 9.073711e+00  3.017694e-02 
 9.074032e+00  3.017695e-02 
 9.074354e+00  3.017695e-02 
 9.074675e+00  3.017695e-02 
 9.074997e+00  3.017695e-02 
 9.075318e+00  3.017695e-02 
 9.075640e+00  3.017695e-02 
 9.075962e+00  3.017695e-02 
 9.076283e+00  3.017695e-02 
 9.076605e+00  3.017695e-02 
 9.076926e+00  3.017695e-02 
 9.077248e+00  3.017695e-02 
 9.077569e+00  3.017695e-02 
 9.077891e+00  3.017695e-02 
 9.078212e+00  3.017695e-02 
 9.078534e+00  3.017695e-02 
 9.078856e+00  3.017695e-02 
 9.079177e+00  3.017696e-02 
 9.079499e+00  3.017696e-02 
 9.079820e+00  3.017696e-02 
 9.080142e+00  3.017696e-02 
 9.080463e+00  3.017696e-02 
 9.080785e+00  3.017696e-02 
 9.081106e+00  3.017696e-02 
 9.081428e+00  3.017696e-02 
 9.081750e+00  3.017696e-02 
 9.082071e+00  3.017697e-02 
 9.082393e+00  3.017697e-02 
 9.082714e+00  3.017697e-02 
 9.083036e+00  3.017697e-02 
 9.083357e+00  3.017697e-02 
 9.083679e+00  3.017697e-02 
 9.084000e+00  3.017697e-02 
 9.084322e+00  3.017698e-02 
 9.084644e+00  3.017698e-02 
 9.084965e+00  3.017698e-02 
 9.085287e+00  3.017698e-02 
 9.085608e+00  3.017698e-02 
 9.085930e+00  3.017699e-02 
 9.086251e+00  3.017699e-02 
 9.086573e+00  3.017699e-02 
 9.086894e+00  3.017699e-02 
 9.087216e+00  3.017699e-02 
 9.087538e+00  3.017700e-02 
 9.087859e+00  3.017700e-02 
 9.088181e+00  3.017700e-02 
 9.088502e+00  3.017700e-02 
 9.088824e+00  3.017701e-02 
 9.089145e+00  3.017701e-02 
 9.089467e+00  3.017701e-02 
 9.089788e+00  3.017701e-02 
 9.090110e+00  3.017702e-02 
 9.090432e+00  3.017702e-02 
 9.090753e+00  3.017702e-02 
 9.091075e+00  3.017702e-02 
 9.091396e+00  3.017703e-02 
 9.091718e+00  3.017703e-02 
 9.092039e+00  3.017703e-02 
 9.092361e+00  3.017704e-02 
 9.092682e+00  3.017704e-02 
 9.093004e+00  3.017704e-02 
 9.093326e+00  3.017705e-02 
 9.093647e+00  3.017705e-02 
 9.093969e+00  3.017705e-02 
 9.094290e+00  3.017706e-02 
 9.094612e+00  3.017706e-02 
 9.094933e+00  3.017707e-02 
 9.095255e+00  3.017707e-02 
 9.095576e+00  3.017707e-02 
 9.095898e+00  3.017708e-02 
 9.096220e+00  3.017708e-02 
 9.096541e+00  3.017709e-02 
 9.096863e+00  3.017709e-02 
 9.097184e+00  3.017709e-02 
 9.097506e+00  3.017710e-02 
 9.097827e+00  3.017710e-02 
 9.098149e+00  3.017711e-02 
 9.098470e+00  3.017711e-02 
 9.098792e+00  3.017712e-02 
 9.099114e+00  3.017712e-02 
 9.099435e+00  3.017712e-02 
 9.099757e+00  3.017713e-02 
 9.100078e+00  3.017713e-02 
 9.100400e+00  3.017714e-02 
 9.100721e+00  3.017714e-02 
 9.101043e+00  3.017715e-02 
 9.101364e+00  3.017715e-02 
 9.101686e+00  3.017716e-02 
 9.102008e+00  3.017716e-02 
 9.102329e+00  3.017717e-02 
 9.102651e+00  3.017717e-02 
 9.102972e+00  3.017718e-02 
 9.103294e+00  3.017718e-02 
 9.103615e+00  3.017719e-02 
 9.103937e+00  3.017719e-02 
 9.104258e+00  3.017720e-02 
 9.104580e+00  3.017721e-02 
 9.104902e+00  3.017721e-02 
 9.105223e+00  3.017722e-02 
 9.105545e+00  3.017722e-02 
 9.105866e+00  3.017723e-02 
 9.106188e+00  3.017723e-02 
 9.106509e+00  3.017724e-02 
 9.106831e+00  3.017724e-02 
 9.107153e+00  3.017725e-02 
 9.107474e+00  3.017726e-02 
 9.107796e+00  3.017726e-02 
 9.108117e+00  3.017727e-02 
 9.108439e+00  3.017727e-02 
 9.108760e+00  3.017728e-02 
 9.109082e+00  3.017729e-02 
 9.109403e+00  3.017729e-02 
 9.109725e+00  3.017730e-02 
 9.110047e+00  3.017731e-02 
 9.110368e+00  3.017731e-02 
 9.110690e+00  3.017732e-02 
 9.111011e+00  3.017733e-02 
 9.111333e+00  3.017733e-02 
 9.111654e+00  3.017734e-02 
 9.111976e+00  3.017734e-02 
 9.112297e+00  3.017735e-02 
 9.112619e+00  3.017736e-02 
 9.112941e+00  3.017737e-02 
 9.113262e+00  3.017737e-02 
 9.113584e+00  3.017738e-02 
 9.113905e+00  3.017739e-02 
 9.114227e+00  3.017739e-02 
 9.114548e+00  3.017740e-02 
 9.114870e+00  3.017741e-02 
 9.115191e+00  3.017741e-02 
 9.115513e+00  3.017742e-02 
 9.115835e+00  3.017743e-02 
 9.116156e+00  3.017744e-02 
 9.116478e+00  3.017744e-02 
 9.116799e+00  3.017745e-02 
 9.117121e+00  3.017746e-02 
 9.117442e+00  3.017746e-02 
 9.117764e+00  3.017747e-02 
 9.118085e+00  3.017748e-02 
 9.118407e+00  3.017749e-02 
 9.118729e+00  3.017750e-02 
 9.119050e+00  3.017750e-02 
 9.119372e+00  3.017751e-02 
 9.119693e+00  3.017752e-02 
 9.120015e+00  3.017753e-02 
 9.120336e+00  3.017753e-02 
 9.120658e+00  3.017754e-02 
 9.120979e+00  3.017755e-02 
 9.121301e+00  3.017756e-02 
 9.121623e+00  3.017757e-02 
 9.121944e+00  3.017757e-02 
 9.122266e+00  3.017758e-02 
 9.122587e+00  3.017759e-02 
 9.122909e+00  3.017760e-02 
 9.123230e+00  3.017761e-02 
 9.123552e+00  3.017761e-02 
 9.123873e+00  3.017762e-02 
 9.124195e+00  3.017763e-02 
 9.124517e+00  3.017764e-02 
 9.124838e+00  3.017765e-02 
 9.125160e+00  3.017766e-02 
 9.125481e+00  3.017767e-02 
 9.125803e+00  3.017767e-02 
 9.126124e+00  3.017768e-02 
 9.126446e+00  3.017769e-02 
 9.126767e+00  3.017770e-02 
 9.127089e+00  3.017771e-02 
 9.127411e+00  3.017772e-02 
 9.127732e+00  3.017773e-02 
 9.128054e+00  3.017774e-02 
 9.128375e+00  3.017774e-02 
 9.128697e+00  3.017775e-02 
 9.129018e+00  3.017776e-02 
 9.129340e+00  3.017777e-02 
 9.129661e+00  3.017778e-02 
 9.129983e+00  3.017779e-02 
 9.130305e+00  3.017780e-02 
 9.130626e+00  3.017781e-02 
 9.130948e+00  3.017782e-02 
 9.131269e+00  3.017783e-02 
 9.131591e+00  3.017784e-02 
 9.131912e+00  3.017785e-02 
 9.132234e+00  3.017785e-02 
 9.132555e+00  3.017786e-02 
 9.132877e+00  3.017787e-02 
 9.133199e+00  3.017788e-02 
 9.133520e+00  3.017789e-02 
 9.133842e+00  3.017790e-02 
 9.134163e+00  3.017791e-02 
 9.134485e+00  3.017792e-02 
 9.134806e+00  3.017793e-02 
 9.135128e+00  3.017794e-02 
 9.135449e+00  3.017795e-02 
 9.135771e+00  3.017796e-02 
 9.136093e+00  3.017797e-02 
 9.136414e+00  3.017798e-02 
 9.136736e+00  3.017799e-02 
 9.137057e+00  3.017800e-02 
 9.137379e+00  3.017801e-02 
 9.137700e+00  3.017802e-02 
 9.138022e+00  3.017803e-02 
 9.138343e+00  3.017804e-02 
 9.138665e+00  3.017805e-02 
 9.138987e+00  3.017806e-02 
 9.139308e+00  3.017807e-02 
 9.139630e+00  3.017808e-02 
 9.139951e+00  3.017810e-02 
 9.140273e+00  3.017811e-02 
 9.140594e+00  3.017812e-02 
 9.140916e+00  3.017813e-02 
 9.141237e+00  3.017814e-02 
 9.141559e+00  3.017815e-02 
 9.141881e+00  3.017816e-02 
 9.142202e+00  3.017817e-02 
 9.142524e+00  3.017818e-02 
 9.142845e+00  3.017819e-02 
 9.143167e+00  3.017820e-02 
 9.143488e+00  3.017822e-02 
 9.143810e+00  3.017823e-02 
 9.144132e+00  3.017824e-02 
 9.144453e+00  3.017825e-02 
 9.144775e+00  3.017826e-02 
 9.145096e+00  3.017827e-02 
 9.145418e+00  3.017828e-02 
 9.145739e+00  3.017829e-02 
 9.146061e+00  3.017831e-02 
 9.146382e+00  3.017832e-02 
 9.146704e+00  3.017833e-02 
 9.147026e+00  3.017834e-02 
 9.147347e+00  3.017835e-02 
 9.147669e+00  3.017836e-02 
 9.147990e+00  3.017838e-02 
 9.148312e+00  3.017839e-02 
 9.148633e+00  3.017840e-02 
 9.148955e+00  3.017841e-02 
 9.149276e+00  3.017842e-02 
 9.149598e+00  3.017844e-02 
 9.149920e+00  3.017845e-02 
 9.150241e+00  3.017846e-02 
 9.150563e+00  3.017847e-02 
 9.150884e+00  3.017848e-02 
 9.151206e+00  3.017850e-02 
 9.151527e+00  3.017851e-02 
 9.151849e+00  3.017852e-02 
 9.152170e+00  3.017853e-02 
 9.152492e+00  3.017855e-02 
 9.152814e+00  3.017856e-02 
 9.153135e+00  3.017857e-02 
 9.153457e+00  3.017858e-02 
 9.153778e+00  3.017860e-02 
 9.154100e+00  3.017861e-02 
 9.154421e+00  3.017862e-02 
 9.154743e+00  3.017863e-02 
 9.155064e+00  3.017865e-02 
 9.155386e+00  3.017866e-02 
 9.155708e+00  3.017867e-02 
 9.156029e+00  3.017868e-02 
 9.156351e+00  3.017870e-02 
 9.156672e+00  3.017871e-02 
 9.156994e+00  3.017872e-02 
 9.157315e+00  3.017874e-02 
 9.157637e+00  3.017875e-02 
 9.157958e+00  3.017876e-02 
 9.158280e+00  3.017878e-02 
 9.158602e+00  3.017879e-02 
 9.158923e+00  3.017880e-02 
 9.159245e+00  3.017881e-02 
 9.159566e+00  3.017883e-02 
 9.159888e+00  3.017884e-02 
 9.160209e+00  3.017885e-02 
 9.160531e+00  3.017887e-02 
 9.160852e+00  3.017888e-02 
 9.161174e+00  3.017889e-02 
 9.161496e+00  3.017891e-02 
 9.161817e+00  3.017892e-02 
 9.162139e+00  3.017893e-02 
 9.162460e+00  3.017895e-02 
 9.162782e+00  3.017896e-02 
 9.163103e+00  3.017897e-02 
 9.163425e+00  3.017899e-02 
 9.163746e+00  3.017900e-02 
 9.164068e+00  3.017901e-02 
 9.164390e+00  3.017903e-02 
 9.164711e+00  3.017904e-02 
 9.165033e+00  3.017905e-02 
 9.165354e+00  3.017907e-02 
 9.165676e+00  3.017908e-02 
 9.165997e+00  3.017909e-02 
 9.166319e+00  3.017911e-02 
 9.166640e+00  3.017912e-02 
 9.166962e+00  3.017914e-02 
 9.167284e+00  3.017915e-02 
 9.167605e+00  3.017916e-02 
 9.167927e+00  3.017918e-02 
 9.168248e+00  3.017919e-02 
 9.168570e+00  3.017920e-02 
 9.168891e+00  3.017922e-02 
 9.169213e+00  3.017923e-02 
 9.169534e+00  3.017925e-02 
 9.169856e+00  3.017926e-02 
 9.170178e+00  3.017927e-02 
 9.170499e+00  3.017929e-02 
 9.170821e+00  3.017930e-02 
 9.171142e+00  3.017932e-02 
 9.171464e+00  3.017933e-02 
 9.171785e+00  3.017934e-02 
 9.172107e+00  3.017936e-02 
 9.172428e+00  3.017937e-02 
 9.172750e+00  3.017939e-02 
 9.173072e+00  3.017940e-02 
 9.173393e+00  3.017941e-02 
 9.173715e+00  3.017943e-02 
 9.174036e+00  3.017944e-02 
 9.174358e+00  3.017946e-02 
 9.174679e+00  3.017947e-02 
 9.175001e+00  3.017948e-02 
 9.175322e+00  3.017950e-02 
 9.175644e+00  3.017951e-02 
 9.175966e+00  3.017953e-02 
 9.176287e+00  3.017954e-02 
 9.176609e+00  3.017956e-02 
 9.176930e+00  3.017957e-02 
 9.177252e+00  3.017958e-02 
 9.177573e+00  3.017960e-02 
 9.177895e+00  3.017961e-02 
 9.178216e+00  3.017963e-02 
 9.178538e+00  3.017964e-02 
 9.178860e+00  3.017966e-02 
 9.179181e+00  3.017967e-02 
 9.179503e+00  3.017968e-02 
 9.179824e+00  3.017970e-02 
 9.180146e+00  3.017971e-02 
 9.180467e+00  3.017973e-02 
 9.180789e+00  3.017974e-02 
 9.181111e+00  3.017976e-02 
 9.181432e+00  3.017977e-02 
 9.181754e+00  3.017978e-02 
 9.182075e+00  3.017980e-02 
 9.182397e+00  3.017981e-02 
 9.182718e+00  3.017983e-02 
 9.183040e+00  3.017984e-02 
 9.183361e+00  3.017986e-02 
 9.183683e+00  3.017987e-02 
 9.184005e+00  3.017989e-02 
 9.184326e+00  3.017990e-02 
 9.184648e+00  3.017991e-02 
 9.184969e+00  3.017993e-02 
 9.185291e+00  3.017994e-02 
 9.185612e+00  3.017996e-02 
 9.185934e+00  3.017997e-02 
 9.186255e+00  3.017999e-02 
 9.186577e+00  3.018000e-02 
 9.186899e+00  3.018002e-02 
 9.187220e+00  3.018003e-02 
 9.187542e+00  3.018004e-02 
 9.187863e+00  3.018006e-02 
 9.188185e+00  3.018007e-02 
 9.188506e+00  3.018009e-02 
 9.188828e+00  3.018010e-02 
 9.189149e+00  3.018012e-02 
 9.189471e+00  3.018013e-02 
 9.189793e+00  3.018015e-02 
 9.190114e+00  3.018016e-02 
 9.190436e+00  3.018018e-02 
 9.190757e+00  3.018019e-02 
 9.191079e+00  3.018020e-02 
 9.191400e+00  3.018022e-02 
 9.191722e+00  3.018023e-02 
 9.192043e+00  3.018025e-02 
 9.192365e+00  3.018026e-02 
 9.192687e+00  3.018028e-02 
 9.193008e+00  3.018029e-02 
 9.193330e+00  3.018031e-02 
 9.193651e+00  3.018032e-02 
 9.193973e+00  3.018034e-02 
 9.194294e+00  3.018035e-02 
 9.194616e+00  3.018036e-02 
 9.194937e+00  3.018038e-02 
 9.195259e+00  3.018039e-02 
 9.195581e+00  3.018041e-02 
 9.195902e+00  3.018042e-02 
 9.196224e+00  3.018044e-02 
 9.196545e+00  3.018045e-02 
 9.196867e+00  3.018047e-02 
 9.197188e+00  3.018048e-02 
 9.197510e+00  3.018050e-02 
 9.197831e+00  3.018051e-02 
 9.198153e+00  3.018052e-02 
 9.198475e+00  3.018054e-02 
 9.198796e+00  3.018055e-02 
 9.199118e+00  3.018057e-02 
 9.199439e+00  3.018058e-02 
 9.199761e+00  3.018060e-02 
 9.200082e+00  3.018061e-02 
 9.200404e+00  3.018063e-02 
 9.200725e+00  3.018064e-02 
 9.201047e+00  3.018066e-02 
 9.201369e+00  3.018067e-02 
 9.201690e+00  3.018069e-02 
 9.202012e+00  3.018070e-02 
 9.202333e+00  3.018071e-02 
 9.202655e+00  3.018073e-02 
 9.202976e+00  3.018074e-02 
 9.203298e+00  3.018076e-02 
 9.203619e+00  3.018077e-02 
 9.203941e+00  3.018079e-02 
 9.204263e+00  3.018080e-02 
 9.204584e+00  3.018082e-02 
 9.204906e+00  3.018083e-02 
 9.205227e+00  3.018085e-02 
 9.205549e+00  3.018086e-02 
 9.205870e+00  3.018087e-02 
 9.206192e+00  3.018089e-02 
 9.206513e+00  3.018090e-02 
 9.206835e+00  3.018092e-02 
 9.207157e+00  3.018093e-02 
 9.207478e+00  3.018095e-02 
 9.207800e+00  3.018096e-02 
 9.208121e+00  3.018097e-02 
 9.208443e+00  3.018099e-02 
 9.208764e+00  3.018100e-02 
 9.209086e+00  3.018102e-02 
 9.209407e+00  3.018103e-02 
 9.209729e+00  3.018105e-02 
 9.210051e+00  3.018106e-02 
 9.210372e+00  3.018107e-02 
 9.210694e+00  3.018109e-02 
 9.211015e+00  3.018110e-02 
 9.211337e+00  3.018112e-02 
 9.211658e+00  3.018113e-02 
 9.211980e+00  3.018114e-02 
 9.212301e+00  3.018116e-02 
 9.212623e+00  3.018117e-02 
 9.212945e+00  3.018118e-02 
 9.213266e+00  3.018120e-02 
 9.213588e+00  3.018121e-02 
 9.213909e+00  3.018123e-02 
 9.214231e+00  3.018124e-02 
 9.214552e+00  3.018125e-02 
 9.214874e+00  3.018127e-02 
 9.215195e+00  3.018128e-02 
 9.215517e+00  3.018129e-02 
 9.215839e+00  3.018131e-02 
 9.216160e+00  3.018132e-02 
 9.216482e+00  3.018133e-02 
 9.216803e+00  3.018135e-02 
 9.217125e+00  3.018136e-02 
 9.217446e+00  3.018137e-02 
 9.217768e+00  3.018138e-02 
 9.218089e+00  3.018140e-02 
 9.218411e+00  3.018141e-02 
 9.218733e+00  3.018142e-02 
 9.219054e+00  3.018144e-02 
 9.219376e+00  3.018145e-02 
 9.219697e+00  3.018146e-02 
 9.220019e+00  3.018147e-02 
 9.220340e+00  3.018149e-02 
 9.220662e+00  3.018150e-02 
 9.220984e+00  3.018151e-02 
 9.221305e+00  3.018153e-02 
 9.221627e+00  3.018154e-02 
 9.221948e+00  3.018155e-02 
 9.222270e+00  3.018156e-02 
 9.222591e+00  3.018157e-02 
 9.222913e+00  3.018159e-02 
 9.223234e+00  3.018160e-02 
 9.223556e+00  3.018161e-02 
 9.223878e+00  3.018162e-02 
 9.224199e+00  3.018164e-02 
 9.224521e+00  3.018165e-02 
 9.224842e+00  3.018166e-02 
 9.225164e+00  3.018167e-02 
 9.225485e+00  3.018168e-02 
 9.225807e+00  3.018169e-02 
 9.226128e+00  3.018171e-02 
 9.226450e+00  3.018172e-02 
 9.226772e+00  3.018173e-02 
 9.227093e+00  3.018174e-02 
 9.227415e+00  3.018175e-02 
 9.227736e+00  3.018176e-02 
 9.228058e+00  3.018178e-02 
 9.228379e+00  3.018179e-02 
 9.228701e+00  3.018180e-02 
 9.229022e+00  3.018181e-02 
 9.229344e+00  3.018182e-02 
 9.229666e+00  3.018183e-02 
 9.229987e+00  3.018184e-02 
 9.230309e+00  3.018185e-02 
 9.230630e+00  3.018187e-02 
 9.230952e+00  3.018188e-02 
 9.231273e+00  3.018189e-02 
 9.231595e+00  3.018190e-02 
 9.231916e+00  3.018191e-02 
 9.232238e+00  3.018192e-02 
 9.232560e+00  3.018193e-02 
 9.232881e+00  3.018194e-02 
 9.233203e+00  3.018195e-02 
 9.233524e+00  3.018196e-02 
 9.233846e+00  3.018197e-02 
 9.234167e+00  3.018198e-02 
 9.234489e+00  3.018199e-02 
 9.234810e+00  3.018200e-02 
 9.235132e+00  3.018201e-02 
 9.235454e+00  3.018202e-02 
 9.235775e+00  3.018203e-02 
 9.236097e+00  3.018204e-02 
 9.236418e+00  3.018205e-02 
 9.236740e+00  3.018206e-02 
 9.237061e+00  3.018207e-02 
 9.237383e+00  3.018208e-02 
 9.237704e+00  3.018209e-02 
 9.238026e+00  3.018210e-02 
 9.238348e+00  3.018211e-02 
 9.238669e+00  3.018212e-02 
 9.238991e+00  3.018213e-02 
 9.239312e+00  3.018214e-02 
 9.239634e+00  3.018215e-02 
 9.239955e+00  3.018216e-02 
 9.240277e+00  3.018217e-02 
 9.240598e+00  3.018217e-02 
 9.240920e+00  3.018218e-02 
 9.241242e+00  3.018219e-02 
 9.241563e+00  3.018220e-02 
 9.241885e+00  3.018221e-02 
 9.242206e+00  3.018222e-02 
 9.242528e+00  3.018223e-02 
 9.242849e+00  3.018224e-02 
 9.243171e+00  3.018224e-02 
 9.243492e+00  3.018225e-02 
 9.243814e+00  3.018226e-02 
 9.244136e+00  3.018227e-02 
 9.244457e+00  3.018228e-02 
 9.244779e+00  3.018229e-02 
 9.245100e+00  3.018229e-02 
 9.245422e+00  3.018230e-02 
 9.245743e+00  3.018231e-02 
 9.246065e+00  3.018232e-02 
 9.246386e+00  3.018233e-02 
 9.246708e+00  3.018234e-02 
 9.247030e+00  3.018234e-02 
 9.247351e+00  3.018235e-02 
 9.247673e+00  3.018236e-02 
 9.247994e+00  3.018237e-02 
 9.248316e+00  3.018238e-02 
 9.248637e+00  3.018238e-02 
 9.248959e+00  3.018239e-02 
 9.249280e+00  3.018240e-02 
 9.249602e+00  3.018241e-02 
 9.249924e+00  3.018241e-02 
 9.250245e+00  3.018242e-02 
 9.250567e+00  3.018243e-02 
 9.250888e+00  3.018244e-02 
 9.251210e+00  3.018244e-02 
 9.251531e+00  3.018245e-02 
 9.251853e+00  3.018246e-02 
 9.252174e+00  3.018247e-02 
 9.252496e+00  3.018247e-02 
 9.252818e+00  3.018248e-02 
 9.253139e+00  3.018249e-02 
 9.253461e+00  3.018250e-02 
 9.253782e+00  3.018250e-02 
 9.254104e+00  3.018251e-02 
 9.254425e+00  3.018252e-02 
 9.254747e+00  3.018252e-02 
 9.255068e+00  3.018253e-02 
 9.255390e+00  3.018254e-02 
 9.255712e+00  3.018255e-02 
 9.256033e+00  3.018255e-02 
 9.256355e+00  3.018256e-02 
 9.256676e+00  3.018257e-02 
 9.256998e+00  3.018257e-02 
 9.257319e+00  3.018258e-02 
 9.257641e+00  3.018259e-02 
 9.257963e+00  3.018259e-02 
 9.258284e+00  3.018260e-02 
 9.258606e+00  3.018261e-02 
 9.258927e+00  3.018262e-02 
 9.259249e+00  3.018262e-02 
 9.259570e+00  3.018263e-02 
 9.259892e+00  3.018264e-02 
 9.260213e+00  3.018264e-02 
 9.260535e+00  3.018265e-02 
 9.260857e+00  3.018266e-02 
 9.261178e+00  3.018266e-02 
 9.261500e+00  3.018267e-02 
 9.261821e+00  3.018268e-02 
 9.262143e+00  3.018268e-02 
 9.262464e+00  3.018269e-02 
 9.262786e+00  3.018270e-02 
 9.263107e+00  3.018270e-02 
 9.263429e+00  3.018271e-02 
 9.263751e+00  3.018272e-02 
 9.264072e+00  3.018272e-02 
 9.264394e+00  3.018273e-02 
 9.264715e+00  3.018274e-02 
 9.265037e+00  3.018274e-02 
 9.265358e+00  3.018275e-02 
 9.265680e+00  3.018275e-02 
 9.266001e+00  3.018276e-02 
 9.266323e+00  3.018277e-02 
 9.266645e+00  3.018277e-02 
 9.266966e+00  3.018278e-02 
 9.267288e+00  3.018279e-02 
 9.267609e+00  3.018279e-02 
 9.267931e+00  3.018280e-02 
 9.268252e+00  3.018281e-02 
 9.268574e+00  3.018281e-02 
 9.268895e+00  3.018282e-02 
 9.269217e+00  3.018282e-02 
 9.269539e+00  3.018283e-02 
 9.269860e+00  3.018284e-02 
 9.270182e+00  3.018284e-02 
 9.270503e+00  3.018285e-02 
 9.270825e+00  3.018286e-02 
 9.271146e+00  3.018286e-02 
 9.271468e+00  3.018287e-02 
 9.271789e+00  3.018287e-02 
 9.272111e+00  3.018288e-02 
 9.272433e+00  3.018289e-02 
 9.272754e+00  3.018289e-02 
 9.273076e+00  3.018290e-02 
 9.273397e+00  3.018290e-02 
 9.273719e+00  3.018291e-02 
 9.274040e+00  3.018292e-02 
 9.274362e+00  3.018292e-02 
 9.274683e+00  3.018293e-02 
 9.275005e+00  3.018293e-02 
 9.275327e+00  3.018294e-02 
 9.275648e+00  3.018295e-02 
 9.275970e+00  3.018295e-02 
 9.276291e+00  3.018296e-02 
 9.276613e+00  3.018296e-02 
 9.276934e+00  3.018297e-02 
 9.277256e+00  3.018298e-02 
 9.277577e+00  3.018298e-02 
 9.277899e+00  3.018299e-02 
 9.278221e+00  3.018299e-02 
 9.278542e+00  3.018300e-02 
 9.278864e+00  3.018300e-02 
 9.279185e+00  3.018301e-02 
 9.279507e+00  3.018301e-02 
 9.279828e+00  3.018302e-02 
 9.280150e+00  3.018303e-02 
 9.280471e+00  3.018303e-02 
 9.280793e+00  3.018304e-02 
 9.281115e+00  3.018304e-02 
 9.281436e+00  3.018305e-02 
 9.281758e+00  3.018305e-02 
 9.282079e+00  3.018306e-02 
 9.282401e+00  3.018306e-02 
 9.282722e+00  3.018307e-02 
 9.283044e+00  3.018307e-02 
 9.283365e+00  3.018308e-02 
 9.283687e+00  3.018308e-02 
 9.284009e+00  3.018309e-02 
 9.284330e+00  3.018310e-02 
 9.284652e+00  3.018310e-02 
 9.284973e+00  3.018310e-02 
 9.285295e+00  3.018311e-02 
 9.285616e+00  3.018311e-02 
 9.285938e+00  3.018312e-02 
 9.286259e+00  3.018312e-02 
 9.286581e+00  3.018313e-02 
 9.286903e+00  3.018313e-02 
 9.287224e+00  3.018314e-02 
 9.287546e+00  3.018314e-02 
 9.287867e+00  3.018315e-02 
 9.288189e+00  3.018315e-02 
 9.288510e+00  3.018316e-02 
 9.288832e+00  3.018316e-02 
 9.289153e+00  3.018316e-02 
 9.289475e+00  3.018317e-02 
 9.289797e+00  3.018317e-02 
 9.290118e+00  3.018318e-02 
 9.290440e+00  3.018318e-02 
 9.290761e+00  3.018319e-02 
 9.291083e+00  3.018319e-02 
 9.291404e+00  3.018319e-02 
 9.291726e+00  3.018320e-02 
 9.292047e+00  3.018320e-02 
 9.292369e+00  3.018320e-02 
 9.292691e+00  3.018321e-02 
 9.293012e+00  3.018321e-02 
 9.293334e+00  3.018322e-02 
 9.293655e+00  3.018322e-02 
 9.293977e+00  3.018322e-02 
 9.294298e+00  3.018323e-02 
 9.294620e+00  3.018323e-02 
 9.294942e+00  3.018323e-02 
 9.295263e+00  3.018323e-02 
 9.295585e+00  3.018324e-02 
 9.295906e+00  3.018324e-02 
 9.296228e+00  3.018324e-02 
 9.296549e+00  3.018325e-02 
 9.296871e+00  3.018325e-02 
 9.297192e+00  3.018325e-02 
 9.297514e+00  3.018325e-02 
 9.297836e+00  3.018326e-02 
 9.298157e+00  3.018326e-02 
 9.298479e+00  3.018326e-02 
 9.298800e+00  3.018326e-02 
 9.299122e+00  3.018327e-02 
 9.299443e+00  3.018327e-02 
 9.299765e+00  3.018327e-02 
 9.300086e+00  3.018327e-02 
 9.300408e+00  3.018328e-02 
 9.300730e+00  3.018328e-02 
 9.301051e+00  3.018328e-02 
 9.301373e+00  3.018328e-02 
 9.301694e+00  3.018328e-02 
 9.302016e+00  3.018329e-02 
 9.302337e+00  3.018329e-02 
 9.302659e+00  3.018329e-02 
 9.302980e+00  3.018329e-02 
 9.303302e+00  3.018329e-02 
 9.303624e+00  3.018329e-02 
 9.303945e+00  3.018329e-02 
 9.304267e+00  3.018330e-02 
 9.304588e+00  3.018330e-02 
 9.304910e+00  3.018330e-02 
 9.305231e+00  3.018330e-02 
 9.305553e+00  3.018330e-02 
 9.305874e+00  3.018330e-02 
 9.306196e+00  3.018330e-02 
 9.306518e+00  3.018330e-02 
 9.306839e+00  3.018330e-02 
 9.307161e+00  3.018331e-02 
 9.307482e+00  3.018331e-02 
 9.307804e+00  3.018331e-02 
 9.308125e+00  3.018331e-02 
 9.308447e+00  3.018331e-02 
 9.308768e+00  3.018331e-02 
 9.309090e+00  3.018331e-02 
 9.309412e+00  3.018331e-02 
 9.309733e+00  3.018331e-02 
 9.310055e+00  3.018331e-02 
 9.310376e+00  3.018331e-02 
 9.310698e+00  3.018331e-02 
 9.311019e+00  3.018331e-02 
 9.311341e+00  3.018331e-02 
 9.311662e+00  3.018331e-02 
 9.311984e+00  3.018331e-02 
 9.312306e+00  3.018331e-02 
 9.312627e+00  3.018331e-02 
 9.312949e+00  3.018331e-02 
 9.313270e+00  3.018331e-02 
 9.313592e+00  3.018331e-02 
 9.313913e+00  3.018331e-02 
 9.314235e+00  3.018331e-02 
 9.314556e+00  3.018331e-02 
 9.314878e+00  3.018331e-02 
 9.315200e+00  3.018331e-02 
 9.315521e+00  3.018331e-02 
 9.315843e+00  3.018330e-02 
 9.316164e+00  3.018330e-02 
 9.316486e+00  3.018330e-02 
 9.316807e+00  3.018330e-02 
 9.317129e+00  3.018330e-02 
 9.317450e+00  3.018330e-02 
 9.317772e+00  3.018330e-02 
 9.318094e+00  3.018330e-02 
 9.318415e+00  3.018330e-02 
 9.318737e+00  3.018330e-02 
 9.319058e+00  3.018330e-02 
 9.319380e+00  3.018329e-02 
 9.319701e+00  3.018329e-02 
 9.320023e+00  3.018329e-02 
 9.320344e+00  3.018329e-02 
 9.320666e+00  3.018329e-02 
 9.320988e+00  3.018329e-02 
 9.321309e+00  3.018329e-02 
 9.321631e+00  3.018329e-02 
 9.321952e+00  3.018328e-02 
 9.322274e+00  3.018328e-02 
 9.322595e+00  3.018328e-02 
 9.322917e+00  3.018328e-02 
 9.323238e+00  3.018328e-02 
 9.323560e+00  3.018328e-02 
 9.323882e+00  3.018328e-02 
 9.324203e+00  3.018327e-02 
 9.324525e+00  3.018327e-02 
 9.324846e+00  3.018327e-02 
 9.325168e+00  3.018327e-02 
 9.325489e+00  3.018327e-02 
 9.325811e+00  3.018327e-02 
 9.326132e+00  3.018326e-02 
 9.326454e+00  3.018326e-02 
 9.326776e+00  3.018326e-02 
 9.327097e+00  3.018326e-02 
 9.327419e+00  3.018326e-02 
 9.327740e+00  3.018325e-02 
 9.328062e+00  3.018325e-02 
 9.328383e+00  3.018325e-02 
 9.328705e+00  3.018325e-02 
 9.329026e+00  3.018325e-02 
 9.329348e+00  3.018324e-02 
 9.329670e+00  3.018324e-02 
 9.329991e+00  3.018324e-02 
 9.330313e+00  3.018324e-02 
 9.330634e+00  3.018324e-02 
 9.330956e+00  3.018323e-02 
 9.331277e+00  3.018323e-02 
 9.331599e+00  3.018323e-02 
 9.331921e+00  3.018323e-02 
 9.332242e+00  3.018322e-02 
 9.332564e+00  3.018322e-02 
 9.332885e+00  3.018322e-02 
 9.333207e+00  3.018322e-02 
 9.333528e+00  3.018322e-02 
 9.333850e+00  3.018321e-02 
 9.334171e+00  3.018321e-02 
 9.334493e+00  3.018321e-02 
 9.334815e+00  3.018321e-02 
 9.335136e+00  3.018320e-02 
 9.335458e+00  3.018320e-02 
 9.335779e+00  3.018320e-02 
 9.336101e+00  3.018320e-02 
 9.336422e+00  3.018319e-02 
 9.336744e+00  3.018319e-02 
 9.337065e+00  3.018319e-02 
 9.337387e+00  3.018319e-02 
 9.337709e+00  3.018318e-02 
 9.338030e+00  3.018318e-02 
 9.338352e+00  3.018318e-02 
 9.338673e+00  3.018317e-02 
 9.338995e+00  3.018317e-02 
 9.339316e+00  3.018317e-02 
 9.339638e+00  3.018317e-02 
 9.339959e+00  3.018316e-02 
 9.340281e+00  3.018316e-02 
 9.340603e+00  3.018316e-02 
 9.340924e+00  3.018315e-02 
 9.341246e+00  3.018315e-02 
 9.341567e+00  3.018315e-02 
 9.341889e+00  3.018315e-02 
 9.342210e+00  3.018314e-02 
 9.342532e+00  3.018314e-02 
 9.342853e+00  3.018314e-02 
 9.343175e+00  3.018313e-02 
 9.343497e+00  3.018313e-02 
 9.343818e+00  3.018313e-02 
 9.344140e+00  3.018313e-02 
 9.344461e+00  3.018312e-02 
 9.344783e+00  3.018312e-02 
 9.345104e+00  3.018312e-02 
 9.345426e+00  3.018311e-02 
 9.345747e+00  3.018311e-02 
 9.346069e+00  3.018311e-02 
 9.346391e+00  3.018310e-02 
 9.346712e+00  3.018310e-02 
 9.347034e+00  3.018310e-02 
 9.347355e+00  3.018309e-02 
 9.347677e+00  3.018309e-02 
 9.347998e+00  3.018309e-02 
 9.348320e+00  3.018309e-02 
 9.348641e+00  3.018308e-02 
 9.348963e+00  3.018308e-02 
 9.349285e+00  3.018308e-02 
 9.349606e+00  3.018307e-02 
 9.349928e+00  3.018307e-02 
 9.350249e+00  3.018307e-02 
 9.350571e+00  3.018306e-02 
 9.350892e+00  3.018306e-02 
 9.351214e+00  3.018306e-02 
 9.351535e+00  3.018305e-02 
 9.351857e+00  3.018305e-02 
 9.352179e+00  3.018305e-02 
 9.352500e+00  3.018305e-02 
 9.352822e+00  3.018304e-02 
 9.353143e+00  3.018304e-02 
 9.353465e+00  3.018304e-02 
 9.353786e+00  3.018303e-02 
 9.354108e+00  3.018303e-02 
 9.354429e+00  3.018303e-02 
 9.354751e+00  3.018302e-02 
 9.355073e+00  3.018302e-02 
 9.355394e+00  3.018302e-02 
 9.355716e+00  3.018302e-02 
 9.356037e+00  3.018301e-02 
 9.356359e+00  3.018301e-02 
 9.356680e+00  3.018301e-02 
 9.357002e+00  3.018300e-02 
 9.357323e+00  3.018300e-02 
 9.357645e+00  3.018300e-02 
 9.357967e+00  3.018300e-02 
 9.358288e+00  3.018299e-02 
 9.358610e+00  3.018299e-02 
 9.358931e+00  3.018299e-02 
 9.359253e+00  3.018299e-02 
 9.359574e+00  3.018298e-02 
 9.359896e+00  3.018298e-02 
 9.360217e+00  3.018298e-02 
 9.360539e+00  3.018298e-02 
 9.360861e+00  3.018297e-02 
 9.361182e+00  3.018297e-02 
 9.361504e+00  3.018297e-02 
 9.361825e+00  3.018297e-02 
 9.362147e+00  3.018296e-02 
 9.362468e+00  3.018296e-02 
 9.362790e+00  3.018296e-02 
 9.363111e+00  3.018296e-02 
 9.363433e+00  3.018295e-02 
 9.363755e+00  3.018295e-02 
 9.364076e+00  3.018295e-02 
 9.364398e+00  3.018295e-02 
 9.364719e+00  3.018295e-02 
 9.365041e+00  3.018294e-02 
 9.365362e+00  3.018294e-02 
 9.365684e+00  3.018294e-02 
 9.366005e+00  3.018294e-02 
 9.366327e+00  3.018294e-02 
 9.366649e+00  3.018293e-02 
 9.366970e+00  3.018293e-02 
 9.367292e+00  3.018293e-02 
 9.367613e+00  3.018293e-02 
 9.367935e+00  3.018293e-02 
 9.368256e+00  3.018292e-02 
 9.368578e+00  3.018292e-02 
 9.368899e+00  3.018292e-02 
 9.369221e+00  3.018292e-02 
 9.369543e+00  3.018292e-02 
 9.369864e+00  3.018292e-02 
 9.370186e+00  3.018292e-02 
 9.370507e+00  3.018291e-02 
 9.370829e+00  3.018291e-02 
 9.371150e+00  3.018291e-02 
 9.371472e+00  3.018291e-02 
 9.371794e+00  3.018291e-02 
 9.372115e+00  3.018291e-02 
 9.372437e+00  3.018291e-02 
 9.372758e+00  3.018290e-02 
 9.373080e+00  3.018290e-02 
 9.373401e+00  3.018290e-02 
 9.373723e+00  3.018290e-02 
 9.374044e+00  3.018290e-02 
 9.374366e+00  3.018290e-02 
 9.374688e+00  3.018290e-02 
 9.375009e+00  3.018290e-02 
 9.375331e+00  3.018290e-02 
 9.375652e+00  3.018290e-02 
 9.375974e+00  3.018290e-02 
 9.376295e+00  3.018289e-02 
 9.376617e+00  3.018289e-02 
 9.376938e+00  3.018289e-02 
 9.377260e+00  3.018289e-02 
 9.377582e+00  3.018289e-02 
 9.377903e+00  3.018289e-02 
 9.378225e+00  3.018289e-02 
 9.378546e+00  3.018289e-02 
 9.378868e+00  3.018289e-02 
 9.379189e+00  3.018289e-02 
 9.379511e+00  3.018289e-02 
 9.379832e+00  3.018289e-02 
 9.380154e+00  3.018289e-02 
 9.380476e+00  3.018289e-02 
 9.380797e+00  3.018289e-02 
 9.381119e+00  3.018289e-02 
 9.381440e+00  3.018289e-02 
 9.381762e+00  3.018289e-02 
 9.382083e+00  3.018289e-02 
 9.382405e+00  3.018289e-02 
 9.382726e+00  3.018289e-02 
 9.383048e+00  3.018289e-02 
 9.383370e+00  3.018289e-02 
 9.383691e+00  3.018289e-02 
 9.384013e+00  3.018289e-02 
 9.384334e+00  3.018289e-02 
 9.384656e+00  3.018290e-02 
 9.384977e+00  3.018290e-02 
 9.385299e+00  3.018290e-02 
 9.385620e+00  3.018290e-02 
 9.385942e+00  3.018290e-02 
 9.386264e+00  3.018290e-02 
 9.386585e+00  3.018290e-02 
 9.386907e+00  3.018290e-02 
 9.387228e+00  3.018290e-02 
 9.387550e+00  3.018290e-02 
 9.387871e+00  3.018290e-02 
 9.388193e+00  3.018291e-02 
 9.388514e+00  3.018291e-02 
 9.388836e+00  3.018291e-02 
 9.389158e+00  3.018291e-02 
 9.389479e+00  3.018291e-02 
 9.389801e+00  3.018291e-02 
 9.390122e+00  3.018291e-02 
 9.390444e+00  3.018292e-02 
 9.390765e+00  3.018292e-02 
 9.391087e+00  3.018292e-02 
 9.391408e+00  3.018292e-02 
 9.391730e+00  3.018292e-02 
 9.392052e+00  3.018292e-02 
 9.392373e+00  3.018293e-02 
 9.392695e+00  3.018293e-02 
 9.393016e+00  3.018293e-02 
 9.393338e+00  3.018293e-02 
 9.393659e+00  3.018293e-02 
 9.393981e+00  3.018294e-02 
 9.394302e+00  3.018294e-02 
 9.394624e+00  3.018294e-02 
 9.394946e+00  3.018294e-02 
 9.395267e+00  3.018294e-02 
 9.395589e+00  3.018295e-02 
 9.395910e+00  3.018295e-02 
 9.396232e+00  3.018295e-02 
 9.396553e+00  3.018295e-02 
 9.396875e+00  3.018296e-02 
 9.397196e+00  3.018296e-02 
 9.397518e+00  3.018296e-02 
 9.397840e+00  3.018296e-02 
 9.398161e+00  3.018297e-02 
 9.398483e+00  3.018297e-02 
 9.398804e+00  3.018297e-02 
 9.399126e+00  3.018298e-02 
 9.399447e+00  3.018298e-02 
 9.399769e+00  3.018298e-02 
 9.400090e+00  3.018298e-02 
 9.400412e+00  3.018299e-02 
 9.400734e+00  3.018299e-02 
 9.401055e+00  3.018299e-02 
 9.401377e+00  3.018300e-02 
 9.401698e+00  3.018300e-02 
 9.402020e+00  3.018300e-02 
 9.402341e+00  3.018301e-02 
 9.402663e+00  3.018301e-02 
 9.402984e+00  3.018301e-02 
 9.403306e+00  3.018302e-02 
 9.403628e+00  3.018302e-02 
 9.403949e+00  3.018302e-02 
 9.404271e+00  3.018303e-02 
 9.404592e+00  3.018303e-02 
 9.404914e+00  3.018303e-02 
 9.405235e+00  3.018304e-02 
 9.405557e+00  3.018304e-02 
 9.405878e+00  3.018305e-02 
 9.406200e+00  3.018305e-02 
 9.406522e+00  3.018305e-02 
 9.406843e+00  3.018306e-02 
 9.407165e+00  3.018306e-02 
 9.407486e+00  3.018306e-02 
 9.407808e+00  3.018307e-02 
 9.408129e+00  3.018307e-02 
 9.408451e+00  3.018308e-02 
 9.408773e+00  3.018308e-02 
 9.409094e+00  3.018309e-02 
 9.409416e+00  3.018309e-02 
 9.409737e+00  3.018309e-02 
 9.410059e+00  3.018310e-02 
 9.410380e+00  3.018310e-02 
 9.410702e+00  3.018311e-02 
 9.411023e+00  3.018311e-02 
 9.411345e+00  3.018312e-02 
 9.411667e+00  3.018312e-02 
 9.411988e+00  3.018313e-02 
 9.412310e+00  3.018313e-02 
 9.412631e+00  3.018314e-02 
 9.412953e+00  3.018314e-02 
 9.413274e+00  3.018314e-02 
 9.413596e+00  3.018315e-02 
 9.413917e+00  3.018315e-02 
 9.414239e+00  3.018316e-02 
 9.414561e+00  3.018316e-02 
 9.414882e+00  3.018317e-02 
 9.415204e+00  3.018318e-02 
 9.415525e+00  3.018318e-02 
 9.415847e+00  3.018319e-02 
 9.416168e+00  3.018319e-02 
 9.416490e+00  3.018320e-02 
 9.416811e+00  3.018320e-02 
 9.417133e+00  3.018321e-02 
 9.417455e+00  3.018321e-02 
 9.417776e+00  3.018322e-02 
 9.418098e+00  3.018322e-02 
 9.418419e+00  3.018323e-02 
 9.418741e+00  3.018324e-02 
 9.419062e+00  3.018324e-02 
 9.419384e+00  3.018325e-02 
 9.419705e+00  3.018325e-02 
 9.420027e+00  3.018326e-02 
 9.420349e+00  3.018326e-02 
 9.420670e+00  3.018327e-02 
 9.420992e+00  3.018328e-02 
 9.421313e+00  3.018328e-02 
 9.421635e+00  3.018329e-02 
 9.421956e+00  3.018330e-02 
 9.422278e+00  3.018330e-02 
 9.422599e+00  3.018331e-02 
 9.422921e+00  3.018332e-02 
 9.423243e+00  3.018332e-02 
 9.423564e+00  3.018333e-02 
 9.423886e+00  3.018334e-02 
 9.424207e+00  3.018334e-02 
 9.424529e+00  3.018335e-02 
 9.424850e+00  3.018336e-02 
 9.425172e+00  3.018336e-02 
 9.425493e+00  3.018337e-02 
 9.425815e+00  3.018338e-02 
 9.426137e+00  3.018338e-02 
 9.426458e+00  3.018339e-02 
 9.426780e+00  3.018340e-02 
 9.427101e+00  3.018341e-02 
 9.427423e+00  3.018341e-02 
 9.427744e+00  3.018342e-02 
 9.428066e+00  3.018343e-02 
 9.428387e+00  3.018344e-02 
 9.428709e+00  3.018344e-02 
 9.429031e+00  3.018345e-02 
 9.429352e+00  3.018346e-02 
 9.429674e+00  3.018347e-02 
 9.429995e+00  3.018347e-02 
 9.430317e+00  3.018348e-02 
 9.430638e+00  3.018349e-02 
 9.430960e+00  3.018350e-02 
 9.431281e+00  3.018351e-02 
 9.431603e+00  3.018351e-02 
 9.431925e+00  3.018352e-02 
 9.432246e+00  3.018353e-02 
 9.432568e+00  3.018354e-02 
 9.432889e+00  3.018355e-02 
 9.433211e+00  3.018356e-02 
 9.433532e+00  3.018356e-02 
 9.433854e+00  3.018357e-02 
 9.434175e+00  3.018358e-02 
 9.434497e+00  3.018359e-02 
 9.434819e+00  3.018360e-02 
 9.435140e+00  3.018361e-02 
 9.435462e+00  3.018362e-02 
 9.435783e+00  3.018363e-02 
 9.436105e+00  3.018363e-02 
 9.436426e+00  3.018364e-02 
 9.436748e+00  3.018365e-02 
 9.437069e+00  3.018366e-02 
 9.437391e+00  3.018367e-02 
 9.437713e+00  3.018368e-02 
 9.438034e+00  3.018369e-02 
 9.438356e+00  3.018370e-02 
 9.438677e+00  3.018371e-02 
 9.438999e+00  3.018372e-02 
 9.439320e+00  3.018373e-02 
 9.439642e+00  3.018374e-02 
 9.439963e+00  3.018375e-02 
 9.440285e+00  3.018375e-02 
 9.440607e+00  3.018376e-02 
 9.440928e+00  3.018377e-02 
 9.441250e+00  3.018378e-02 
 9.441571e+00  3.018379e-02 
 9.441893e+00  3.018380e-02 
 9.442214e+00  3.018381e-02 
 9.442536e+00  3.018382e-02 
 9.442857e+00  3.018383e-02 
 9.443179e+00  3.018384e-02 
 9.443501e+00  3.018385e-02 
 9.443822e+00  3.018386e-02 
 9.444144e+00  3.018387e-02 
 9.444465e+00  3.018388e-02 
 9.444787e+00  3.018389e-02 
 9.445108e+00  3.018390e-02 
 9.445430e+00  3.018391e-02 
 9.445752e+00  3.018392e-02 
 9.446073e+00  3.018393e-02 
 9.446395e+00  3.018394e-02 
 9.446716e+00  3.018395e-02 
 9.447038e+00  3.018396e-02 
 9.447359e+00  3.018397e-02 
 9.447681e+00  3.018399e-02 
 9.448002e+00  3.018400e-02 
 9.448324e+00  3.018401e-02 
 9.448646e+00  3.018402e-02 
 9.448967e+00  3.018403e-02 
 9.449289e+00  3.018404e-02 
 9.449610e+00  3.018405e-02 
 9.449932e+00  3.018406e-02 
 9.450253e+00  3.018407e-02 
 9.450575e+00  3.018408e-02 
 9.450896e+00  3.018409e-02 
 9.451218e+00  3.018410e-02 
 9.451540e+00  3.018411e-02 
 9.451861e+00  3.018412e-02 
 9.452183e+00  3.018413e-02 
 9.452504e+00  3.018414e-02 
 9.452826e+00  3.018415e-02 
 9.453147e+00  3.018417e-02 
 9.453469e+00  3.018418e-02 
 9.453790e+00  3.018419e-02 
 9.454112e+00  3.018420e-02 
 9.454434e+00  3.018421e-02 
 9.454755e+00  3.018422e-02 
 9.455077e+00  3.018423e-02 
 9.455398e+00  3.018424e-02 
 9.455720e+00  3.018425e-02 
 9.456041e+00  3.018426e-02 
 9.456363e+00  3.018428e-02 
 9.456684e+00  3.018429e-02 
 9.457006e+00  3.018430e-02 
 9.457328e+00  3.018431e-02 
 9.457649e+00  3.018432e-02 
 9.457971e+00  3.018433e-02 
 9.458292e+00  3.018434e-02 
 9.458614e+00  3.018435e-02 
 9.458935e+00  3.018436e-02 
 9.459257e+00  3.018437e-02 
 9.459578e+00  3.018439e-02 
 9.459900e+00  3.018440e-02 
 9.460222e+00  3.018441e-02 
 9.460543e+00  3.018442e-02 
 9.460865e+00  3.018443e-02 
 9.461186e+00  3.018444e-02 
 9.461508e+00  3.018445e-02 
 9.461829e+00  3.018446e-02 
 9.462151e+00  3.018447e-02 
 9.462472e+00  3.018449e-02 
 9.462794e+00  3.018450e-02 
 9.463116e+00  3.018451e-02 
 9.463437e+00  3.018452e-02 
 9.463759e+00  3.018453e-02 
 9.464080e+00  3.018454e-02 
 9.464402e+00  3.018455e-02 
 9.464723e+00  3.018456e-02 
 9.465045e+00  3.018457e-02 
 9.465366e+00  3.018459e-02 
 9.465688e+00  3.018460e-02 
 9.466010e+00  3.018461e-02 
 9.466331e+00  3.018462e-02 
 9.466653e+00  3.018463e-02 
 9.466974e+00  3.018464e-02 
 9.467296e+00  3.018465e-02 
 9.467617e+00  3.018466e-02 
 9.467939e+00  3.018467e-02 
 9.468260e+00  3.018469e-02 
 9.468582e+00  3.018470e-02 
 9.468904e+00  3.018471e-02 
 9.469225e+00  3.018472e-02 
 9.469547e+00  3.018473e-02 
 9.469868e+00  3.018474e-02 
 9.470190e+00  3.018475e-02 
 9.470511e+00  3.018476e-02 
 9.470833e+00  3.018477e-02 
 9.471154e+00  3.018479e-02 
 9.471476e+00  3.018480e-02 
 9.471798e+00  3.018481e-02 
 9.472119e+00  3.018482e-02 
 9.472441e+00  3.018483e-02 
 9.472762e+00  3.018484e-02 
 9.473084e+00  3.018485e-02 
 9.473405e+00  3.018486e-02 
 9.473727e+00  3.018487e-02 
 9.474048e+00  3.018488e-02 
 9.474370e+00  3.018490e-02 
 9.474692e+00  3.018491e-02 
 9.475013e+00  3.018492e-02 
 9.475335e+00  3.018493e-02 
 9.475656e+00  3.018494e-02 
 9.475978e+00  3.018495e-02 
 9.476299e+00  3.018496e-02 
 9.476621e+00  3.018497e-02 
 9.476942e+00  3.018498e-02 
 9.477264e+00  3.018499e-02 
 9.477586e+00  3.018501e-02 
 9.477907e+00  3.018502e-02 
 9.478229e+00  3.018503e-02 
 9.478550e+00  3.018504e-02 
 9.478872e+00  3.018505e-02 
 9.479193e+00  3.018506e-02 
 9.479515e+00  3.018507e-02 
 9.479836e+00  3.018508e-02 
 9.480158e+00  3.018509e-02 
 9.480480e+00  3.018510e-02 
 9.480801e+00  3.018512e-02 
 9.481123e+00  3.018513e-02 
 9.481444e+00  3.018514e-02 
 9.481766e+00  3.018515e-02 
 9.482087e+00  3.018516e-02 
 9.482409e+00  3.018517e-02 
 9.482730e+00  3.018518e-02 
 9.483052e+00  3.018519e-02 
 9.483374e+00  3.018520e-02 
 9.483695e+00  3.018522e-02 
 9.484017e+00  3.018523e-02 
 9.484338e+00  3.018524e-02 
 9.484660e+00  3.018525e-02 
 9.484981e+00  3.018526e-02 
 9.485303e+00  3.018527e-02 
 9.485625e+00  3.018528e-02 
 9.485946e+00  3.018529e-02 
 9.486268e+00  3.018530e-02 
 9.486589e+00  3.018532e-02 
 9.486911e+00  3.018533e-02 
 9.487232e+00  3.018534e-02 
 9.487554e+00  3.018535e-02 
 9.487875e+00  3.018536e-02 
 9.488197e+00  3.018537e-02 
 9.488519e+00  3.018538e-02 
 9.488840e+00  3.018539e-02 
 9.489162e+00  3.018540e-02 
 9.489483e+00  3.018542e-02 
 9.489805e+00  3.018543e-02 
 9.490126e+00  3.018544e-02 
 9.490448e+00  3.018545e-02 
 9.490769e+00  3.018546e-02 
 9.491091e+00  3.018547e-02 
 9.491413e+00  3.018548e-02 
 9.491734e+00  3.018549e-02 
 9.492056e+00  3.018551e-02 
 9.492377e+00  3.018552e-02 
 9.492699e+00  3.018553e-02 
 9.493020e+00  3.018554e-02 
 9.493342e+00  3.018555e-02 
 9.493663e+00  3.018556e-02 
 9.493985e+00  3.018557e-02 
 9.494307e+00  3.018558e-02 
 9.494628e+00  3.018559e-02 
 9.494950e+00  3.018560e-02 
 9.495271e+00  3.018562e-02 
 9.495593e+00  3.018563e-02 
 9.495914e+00  3.018564e-02 
 9.496236e+00  3.018565e-02 
 9.496557e+00  3.018566e-02 
 9.496879e+00  3.018567e-02 
 9.497201e+00  3.018568e-02 
 9.497522e+00  3.018569e-02 
 9.497844e+00  3.018570e-02 
 9.498165e+00  3.018571e-02 
 9.498487e+00  3.018573e-02 
 9.498808e+00  3.018574e-02 
 9.499130e+00  3.018575e-02 
 9.499451e+00  3.018576e-02 
 9.499773e+00  3.018577e-02 
 9.500095e+00  3.018578e-02 
 9.500416e+00  3.018579e-02 
 9.500738e+00  3.018580e-02 
 9.501059e+00  3.018581e-02 
 9.501381e+00  3.018582e-02 
 9.501702e+00  3.018583e-02 
 9.502024e+00  3.018584e-02 
 9.502345e+00  3.018585e-02 
 9.502667e+00  3.018587e-02 
 9.502989e+00  3.018588e-02 
 9.503310e+00  3.018589e-02 
 9.503632e+00  3.018590e-02 
 9.503953e+00  3.018591e-02 
 9.504275e+00  3.018592e-02 
 9.504596e+00  3.018593e-02 
 9.504918e+00  3.018594e-02 
 9.505239e+00  3.018595e-02 
 9.505561e+00  3.018596e-02 
 9.505883e+00  3.018597e-02 
 9.506204e+00  3.018598e-02 
 9.506526e+00  3.018599e-02 
 9.506847e+00  3.018600e-02 
 9.507169e+00  3.018601e-02 
 9.507490e+00  3.018602e-02 
 9.507812e+00  3.018603e-02 
 9.508133e+00  3.018604e-02 
 9.508455e+00  3.018605e-02 
 9.508777e+00  3.018606e-02 
 9.509098e+00  3.018607e-02 
 9.509420e+00  3.018609e-02 
 9.509741e+00  3.018610e-02 
 9.510063e+00  3.018611e-02 
 9.510384e+00  3.018612e-02 
 9.510706e+00  3.018613e-02 
 9.511027e+00  3.018614e-02 
 9.511349e+00  3.018615e-02 
 9.511671e+00  3.018616e-02 
 9.511992e+00  3.018617e-02 
 9.512314e+00  3.018618e-02 
 9.512635e+00  3.018619e-02 
 9.512957e+00  3.018620e-02 
 9.513278e+00  3.018621e-02 
 9.513600e+00  3.018622e-02 
 9.513921e+00  3.018623e-02 
 9.514243e+00  3.018624e-02 
 9.514565e+00  3.018625e-02 
 9.514886e+00  3.018626e-02 
 9.515208e+00  3.018627e-02 
 9.515529e+00  3.018628e-02 
 9.515851e+00  3.018629e-02 
 9.516172e+00  3.018630e-02 
 9.516494e+00  3.018631e-02 
 9.516815e+00  3.018632e-02 
 9.517137e+00  3.018633e-02 
 9.517459e+00  3.018633e-02 
 9.517780e+00  3.018634e-02 
 9.518102e+00  3.018635e-02 
 9.518423e+00  3.018636e-02 
 9.518745e+00  3.018637e-02 
 9.519066e+00  3.018638e-02 
 9.519388e+00  3.018639e-02 
 9.519709e+00  3.018640e-02 
 9.520031e+00  3.018641e-02 
 9.520353e+00  3.018642e-02 
 9.520674e+00  3.018643e-02 
 9.520996e+00  3.018644e-02 
 9.521317e+00  3.018645e-02 
 9.521639e+00  3.018646e-02 
 9.521960e+00  3.018647e-02 
 9.522282e+00  3.018648e-02 
 9.522604e+00  3.018649e-02 
 9.522925e+00  3.018650e-02 
 9.523247e+00  3.018651e-02 
 9.523568e+00  3.018651e-02 
 9.523890e+00  3.018652e-02 
 9.524211e+00  3.018653e-02 
 9.524533e+00  3.018654e-02 
 9.524854e+00  3.018655e-02 
 9.525176e+00  3.018656e-02 
 9.525498e+00  3.018657e-02 
 9.525819e+00  3.018658e-02 
 9.526141e+00  3.018659e-02 
 9.526462e+00  3.018660e-02 
 9.526784e+00  3.018661e-02 
 9.527105e+00  3.018662e-02 
 9.527427e+00  3.018662e-02 
 9.527748e+00  3.018663e-02 
 9.528070e+00  3.018664e-02 
 9.528392e+00  3.018665e-02 
 9.528713e+00  3.018666e-02 
 9.529035e+00  3.018667e-02 
 9.529356e+00  3.018668e-02 
 9.529678e+00  3.018669e-02 
 9.529999e+00  3.018670e-02 
 9.530321e+00  3.018670e-02 
 9.530642e+00  3.018671e-02 
 9.530964e+00  3.018672e-02 
 9.531286e+00  3.018673e-02 
 9.531607e+00  3.018674e-02 
 9.531929e+00  3.018675e-02 
 9.532250e+00  3.018676e-02 
 9.532572e+00  3.018677e-02 
 9.532893e+00  3.018677e-02 
 9.533215e+00  3.018678e-02 
 9.533536e+00  3.018679e-02 
 9.533858e+00  3.018680e-02 
 9.534180e+00  3.018681e-02 
 9.534501e+00  3.018682e-02 
 9.534823e+00  3.018683e-02 
 9.535144e+00  3.018684e-02 
 9.535466e+00  3.018684e-02 
 9.535787e+00  3.018685e-02 
 9.536109e+00  3.018686e-02 
 9.536430e+00  3.018687e-02 
 9.536752e+00  3.018688e-02 
 9.537074e+00  3.018689e-02 
 9.537395e+00  3.018690e-02 
 9.537717e+00  3.018691e-02 
 9.538038e+00  3.018691e-02 
 9.538360e+00  3.018692e-02 
 9.538681e+00  3.018693e-02 
 9.539003e+00  3.018694e-02 
 9.539324e+00  3.018695e-02 
 9.539646e+00  3.018696e-02 
 9.539968e+00  3.018697e-02 
 9.540289e+00  3.018697e-02 
 9.540611e+00  3.018698e-02 
 9.540932e+00  3.018699e-02 
 9.541254e+00  3.018700e-02 
 9.541575e+00  3.018701e-02 
 9.541897e+00  3.018702e-02 
 9.542218e+00  3.018703e-02 
 9.542540e+00  3.018704e-02 
 9.542862e+00  3.018704e-02 
 9.543183e+00  3.018705e-02 
 9.543505e+00  3.018706e-02 
 9.543826e+00  3.018707e-02 
 9.544148e+00  3.018708e-02 
 9.544469e+00  3.018709e-02 
 9.544791e+00  3.018709e-02 
 9.545112e+00  3.018710e-02 
 9.545434e+00  3.018711e-02 
 9.545756e+00  3.018712e-02 
 9.546077e+00  3.018713e-02 
 9.546399e+00  3.018714e-02 
 9.546720e+00  3.018715e-02 
 9.547042e+00  3.018715e-02 
 9.547363e+00  3.018716e-02 
 9.547685e+00  3.018717e-02 
 9.548006e+00  3.018718e-02 
 9.548328e+00  3.018719e-02 
 9.548650e+00  3.018720e-02 
 9.548971e+00  3.018720e-02 
 9.549293e+00  3.018721e-02 
 9.549614e+00  3.018722e-02 
 9.549936e+00  3.018723e-02 
 9.550257e+00  3.018724e-02 
 9.550579e+00  3.018725e-02 
 9.550900e+00  3.018725e-02 
 9.551222e+00  3.018726e-02 
 9.551544e+00  3.018727e-02 
 9.551865e+00  3.018728e-02 
 9.552187e+00  3.018729e-02 
 9.552508e+00  3.018729e-02 
 9.552830e+00  3.018730e-02 
 9.553151e+00  3.018731e-02 
 9.553473e+00  3.018732e-02 
 9.553794e+00  3.018733e-02 
 9.554116e+00  3.018733e-02 
 9.554438e+00  3.018734e-02 
 9.554759e+00  3.018735e-02 
 9.555081e+00  3.018736e-02 
 9.555402e+00  3.018737e-02 
 9.555724e+00  3.018737e-02 
 9.556045e+00  3.018738e-02 
 9.556367e+00  3.018739e-02 
 9.556688e+00  3.018740e-02 
 9.557010e+00  3.018741e-02 
 9.557332e+00  3.018741e-02 
 9.557653e+00  3.018742e-02 
 9.557975e+00  3.018743e-02 
 9.558296e+00  3.018744e-02 
 9.558618e+00  3.018744e-02 
 9.558939e+00  3.018745e-02 
 9.559261e+00  3.018746e-02 
 9.559583e+00  3.018747e-02 
 9.559904e+00  3.018747e-02 
 9.560226e+00  3.018748e-02 
 9.560547e+00  3.018749e-02 
 9.560869e+00  3.018750e-02 
 9.561190e+00  3.018750e-02 
 9.561512e+00  3.018751e-02 
 9.561833e+00  3.018752e-02 
 9.562155e+00  3.018753e-02 
 9.562477e+00  3.018753e-02 
 9.562798e+00  3.018754e-02 
 9.563120e+00  3.018755e-02 
 9.563441e+00  3.018756e-02 
 9.563763e+00  3.018756e-02 
 9.564084e+00  3.018757e-02 
 9.564406e+00  3.018758e-02 
 9.564727e+00  3.018758e-02 
 9.565049e+00  3.018759e-02 
 9.565371e+00  3.018760e-02 
 9.565692e+00  3.018760e-02 
 9.566014e+00  3.018761e-02 
 9.566335e+00  3.018762e-02 
 9.566657e+00  3.018763e-02 
 9.566978e+00  3.018763e-02 
 9.567300e+00  3.018764e-02 
 9.567621e+00  3.018765e-02 
 9.567943e+00  3.018765e-02 
 9.568265e+00  3.018766e-02 
 9.568586e+00  3.018767e-02 
 9.568908e+00  3.018767e-02 
 9.569229e+00  3.018768e-02 
 9.569551e+00  3.018768e-02 
 9.569872e+00  3.018769e-02 
 9.570194e+00  3.018770e-02 
 9.570515e+00  3.018770e-02 
 9.570837e+00  3.018771e-02 
 9.571159e+00  3.018772e-02 
 9.571480e+00  3.018772e-02 
 9.571802e+00  3.018773e-02 
 9.572123e+00  3.018773e-02 
 9.572445e+00  3.018774e-02 
 9.572766e+00  3.018775e-02 
 9.573088e+00  3.018775e-02 
 9.573409e+00  3.018776e-02 
 9.573731e+00  3.018776e-02 
 9.574053e+00  3.018777e-02 
 9.574374e+00  3.018778e-02 
 9.574696e+00  3.018778e-02 
 9.575017e+00  3.018779e-02 
 9.575339e+00  3.018779e-02 
 9.575660e+00  3.018780e-02 
 9.575982e+00  3.018780e-02 
 9.576303e+00  3.018781e-02 
 9.576625e+00  3.018781e-02 
 9.576947e+00  3.018782e-02 
 9.577268e+00  3.018783e-02 
 9.577590e+00  3.018783e-02 
 9.577911e+00  3.018784e-02 
 9.578233e+00  3.018784e-02 
 9.578554e+00  3.018785e-02 
 9.578876e+00  3.018785e-02 
 9.579197e+00  3.018786e-02 
 9.579519e+00  3.018786e-02 
 9.579841e+00  3.018787e-02 
 9.580162e+00  3.018787e-02 
 9.580484e+00  3.018788e-02 
 9.580805e+00  3.018788e-02 
 9.581127e+00  3.018788e-02 
 9.581448e+00  3.018789e-02 
 9.581770e+00  3.018789e-02 
 9.582091e+00  3.018790e-02 
 9.582413e+00  3.018790e-02 
 9.582735e+00  3.018791e-02 
 9.583056e+00  3.018791e-02 
 9.583378e+00  3.018792e-02 
 9.583699e+00  3.018792e-02 
 9.584021e+00  3.018793e-02 
 9.584342e+00  3.018793e-02 
 9.584664e+00  3.018793e-02 
 9.584985e+00  3.018794e-02 
 9.585307e+00  3.018794e-02 
 9.585629e+00  3.018795e-02 
 9.585950e+00  3.018795e-02 
 9.586272e+00  3.018795e-02 
 9.586593e+00  3.018796e-02 
 9.586915e+00  3.018796e-02 
 9.587236e+00  3.018797e-02 
 9.587558e+00  3.018797e-02 
 9.587879e+00  3.018797e-02 
 9.588201e+00  3.018798e-02 
 9.588523e+00  3.018798e-02 
 9.588844e+00  3.018798e-02 
 9.589166e+00  3.018799e-02 
 9.589487e+00  3.018799e-02 
 9.589809e+00  3.018800e-02 
 9.590130e+00  3.018800e-02 
 9.590452e+00  3.018800e-02 
 9.590773e+00  3.018801e-02 
 9.591095e+00  3.018801e-02 
 9.591417e+00  3.018801e-02 
 9.591738e+00  3.018802e-02 
 9.592060e+00  3.018802e-02 
 9.592381e+00  3.018802e-02 
 9.592703e+00  3.018803e-02 
 9.593024e+00  3.018803e-02 
 9.593346e+00  3.018803e-02 
 9.593667e+00  3.018804e-02 
 9.593989e+00  3.018804e-02 
 9.594311e+00  3.018804e-02 
 9.594632e+00  3.018805e-02 
 9.594954e+00  3.018805e-02 
 9.595275e+00  3.018805e-02 
 9.595597e+00  3.018805e-02 
 9.595918e+00  3.018806e-02 
 9.596240e+00  3.018806e-02 
 9.596561e+00  3.018806e-02 
 9.596883e+00  3.018807e-02 
 9.597205e+00  3.018807e-02 
 9.597526e+00  3.018807e-02 
 9.597848e+00  3.018808e-02 
 9.598169e+00  3.018808e-02 
 9.598491e+00  3.018808e-02 
 9.598812e+00  3.018808e-02 
 9.599134e+00  3.018809e-02 
 9.599456e+00  3.018809e-02 
 9.599777e+00  3.018809e-02 
 9.600099e+00  3.018809e-02 
 9.600420e+00  3.018810e-02 
 9.600742e+00  3.018810e-02 
 9.601063e+00  3.018810e-02 
 9.601385e+00  3.018810e-02 
 9.601706e+00  3.018811e-02 
 9.602028e+00  3.018811e-02 
 9.602350e+00  3.018811e-02 
 9.602671e+00  3.018811e-02 
 9.602993e+00  3.018812e-02 
 9.603314e+00  3.018812e-02 
 9.603636e+00  3.018812e-02 
 9.603957e+00  3.018812e-02 
 9.604279e+00  3.018813e-02 
 9.604600e+00  3.018813e-02 
 9.604922e+00  3.018813e-02 
 9.605244e+00  3.018813e-02 
 9.605565e+00  3.018814e-02 
 9.605887e+00  3.018814e-02 
 9.606208e+00  3.018814e-02 
 9.606530e+00  3.018814e-02 
 9.606851e+00  3.018814e-02 
 9.607173e+00  3.018815e-02 
 9.607494e+00  3.018815e-02 
 9.607816e+00  3.018815e-02 
 9.608138e+00  3.018815e-02 
 9.608459e+00  3.018815e-02 
 9.608781e+00  3.018816e-02 
 9.609102e+00  3.018816e-02 
 9.609424e+00  3.018816e-02 
 9.609745e+00  3.018816e-02 
 9.610067e+00  3.018816e-02 
 9.610388e+00  3.018817e-02 
 9.610710e+00  3.018817e-02 
 9.611032e+00  3.018817e-02 
 9.611353e+00  3.018817e-02 
 9.611675e+00  3.018817e-02 
 9.611996e+00  3.018817e-02 
 9.612318e+00  3.018818e-02 
 9.612639e+00  3.018818e-02 
 9.612961e+00  3.018818e-02 
 9.613282e+00  3.018818e-02 
 9.613604e+00  3.018818e-02 
 9.613926e+00  3.018818e-02 
 9.614247e+00  3.018819e-02 
 9.614569e+00  3.018819e-02 
 9.614890e+00  3.018819e-02 
 9.615212e+00  3.018819e-02 
 9.615533e+00  3.018819e-02 
 9.615855e+00  3.018819e-02 
 9.616176e+00  3.018820e-02 
 9.616498e+00  3.018820e-02 
 9.616820e+00  3.018820e-02 
 9.617141e+00  3.018820e-02 
 9.617463e+00  3.018820e-02 
 9.617784e+00  3.018820e-02 
 9.618106e+00  3.018820e-02 
 9.618427e+00  3.018821e-02 
 9.618749e+00  3.018821e-02 
 9.619070e+00  3.018821e-02 
 9.619392e+00  3.018821e-02 
 9.619714e+00  3.018821e-02 
 9.620035e+00  3.018821e-02 
 9.620357e+00  3.018821e-02 
 9.620678e+00  3.018821e-02 
 9.621000e+00  3.018822e-02 
 9.621321e+00  3.018822e-02 
 9.621643e+00  3.018822e-02 
 9.621964e+00  3.018822e-02 
 9.622286e+00  3.018822e-02 
 9.622608e+00  3.018822e-02 
 9.622929e+00  3.018822e-02 
 9.623251e+00  3.018822e-02 
 9.623572e+00  3.018822e-02 
 9.623894e+00  3.018823e-02 
 9.624215e+00  3.018823e-02 
 9.624537e+00  3.018823e-02 
 9.624858e+00  3.018823e-02 
 9.625180e+00  3.018823e-02 
 9.625502e+00  3.018823e-02 
 9.625823e+00  3.018823e-02 
 9.626145e+00  3.018823e-02 
 9.626466e+00  3.018823e-02 
 9.626788e+00  3.018823e-02 
 9.627109e+00  3.018824e-02 
 9.627431e+00  3.018824e-02 
 9.627752e+00  3.018824e-02 
 9.628074e+00  3.018824e-02 
 9.628396e+00  3.018824e-02 
 9.628717e+00  3.018824e-02 
 9.629039e+00  3.018824e-02 
 9.629360e+00  3.018824e-02 
 9.629682e+00  3.018824e-02 
 9.630003e+00  3.018824e-02 
 9.630325e+00  3.018824e-02 
 9.630646e+00  3.018824e-02 
 9.630968e+00  3.018824e-02 
 9.631290e+00  3.018824e-02 
 9.631611e+00  3.018824e-02 
 9.631933e+00  3.018825e-02 
 9.632254e+00  3.018825e-02 
 9.632576e+00  3.018825e-02 
 9.632897e+00  3.018825e-02 
 9.633219e+00  3.018825e-02 
 9.633540e+00  3.018825e-02 
 9.633862e+00  3.018825e-02 
 9.634184e+00  3.018825e-02 
 9.634505e+00  3.018825e-02 
 9.634827e+00  3.018825e-02 
 9.635148e+00  3.018825e-02 
 9.635470e+00  3.018825e-02 
 9.635791e+00  3.018825e-02 
 9.636113e+00  3.018825e-02 
 9.636434e+00  3.018825e-02 
 9.636756e+00  3.018825e-02 
 9.637078e+00  3.018825e-02 
 9.637399e+00  3.018825e-02 
 9.637721e+00  3.018825e-02 
 9.638042e+00  3.018825e-02 
 9.638364e+00  3.018825e-02 
 9.638685e+00  3.018825e-02 
 9.639007e+00  3.018825e-02 
 9.639329e+00  3.018825e-02 
 9.639650e+00  3.018825e-02 
 9.639972e+00  3.018825e-02 
 9.640293e+00  3.018825e-02 
 9.640615e+00  3.018825e-02 
 9.640936e+00  3.018825e-02 
 9.641258e+00  3.018825e-02 
 9.641579e+00  3.018825e-02 
 9.641901e+00  3.018825e-02 
 9.642223e+00  3.018825e-02 
 9.642544e+00  3.018825e-02 
 9.642866e+00  3.018825e-02 
 9.643187e+00  3.018824e-02 
 9.643509e+00  3.018824e-02 
 9.643830e+00  3.018824e-02 
 9.644152e+00  3.018824e-02 
 9.644473e+00  3.018824e-02 
 9.644795e+00  3.018824e-02 
 9.645117e+00  3.018824e-02 
 9.645438e+00  3.018824e-02 
 9.645760e+00  3.018824e-02 
 9.646081e+00  3.018824e-02 
 9.646403e+00  3.018824e-02 
 9.646724e+00  3.018823e-02 
 9.647046e+00  3.018823e-02 
 9.647367e+00  3.018823e-02 
 9.647689e+00  3.018823e-02 
 9.648011e+00  3.018823e-02 
 9.648332e+00  3.018823e-02 
 9.648654e+00  3.018823e-02 
 9.648975e+00  3.018823e-02 
 9.649297e+00  3.018822e-02 
 9.649618e+00  3.018822e-02 
 9.649940e+00  3.018822e-02 
 9.650261e+00  3.018822e-02 
 9.650583e+00  3.018822e-02 
 9.650905e+00  3.018821e-02 
 9.651226e+00  3.018821e-02 
 9.651548e+00  3.018821e-02 
 9.651869e+00  3.018821e-02 
 9.652191e+00  3.018821e-02 
 9.652512e+00  3.018820e-02 
 9.652834e+00  3.018820e-02 
 9.653155e+00  3.018820e-02 
 9.653477e+00  3.018820e-02 
 9.653799e+00  3.018820e-02 
 9.654120e+00  3.018819e-02 
 9.654442e+00  3.018819e-02 
 9.654763e+00  3.018819e-02 
 9.655085e+00  3.018818e-02 
 9.655406e+00  3.018818e-02 
 9.655728e+00  3.018818e-02 
 9.656049e+00  3.018818e-02 
 9.656371e+00  3.018817e-02 
 9.656693e+00  3.018817e-02 
 9.657014e+00  3.018817e-02 
 9.657336e+00  3.018816e-02 
 9.657657e+00  3.018816e-02 
 9.657979e+00  3.018816e-02 
 9.658300e+00  3.018815e-02 
 9.658622e+00  3.018815e-02 
 9.658943e+00  3.018815e-02 
 9.659265e+00  3.018814e-02 
 9.659587e+00  3.018814e-02 
 9.659908e+00  3.018814e-02 
 9.660230e+00  3.018813e-02 
 9.660551e+00  3.018813e-02 
 9.660873e+00  3.018813e-02 
 9.661194e+00  3.018812e-02 
 9.661516e+00  3.018812e-02 
 9.661837e+00  3.018811e-02 
 9.662159e+00  3.018811e-02 
 9.662481e+00  3.018811e-02 
 9.662802e+00  3.018810e-02 
 9.663124e+00  3.018810e-02 
 9.663445e+00  3.018809e-02 
 9.663767e+00  3.018809e-02 
 9.664088e+00  3.018808e-02 
 9.664410e+00  3.018808e-02 
 9.664731e+00  3.018807e-02 
 9.665053e+00  3.018807e-02 
 9.665375e+00  3.018806e-02 
 9.665696e+00  3.018806e-02 
 9.666018e+00  3.018806e-02 
 9.666339e+00  3.018805e-02 
 9.666661e+00  3.018805e-02 
 9.666982e+00  3.018804e-02 
 9.667304e+00  3.018803e-02 
 9.667625e+00  3.018803e-02 
 9.667947e+00  3.018802e-02 
 9.668269e+00  3.018802e-02 
 9.668590e+00  3.018801e-02 
 9.668912e+00  3.018801e-02 
 9.669233e+00  3.018800e-02 
 9.669555e+00  3.018800e-02 
 9.669876e+00  3.018799e-02 
 9.670198e+00  3.018799e-02 
 9.670519e+00  3.018798e-02 
 9.670841e+00  3.018797e-02 
 9.671163e+00  3.018797e-02 
 9.671484e+00  3.018796e-02 
 9.671806e+00  3.018796e-02 
 9.672127e+00  3.018795e-02 
 9.672449e+00  3.018794e-02 
 9.672770e+00  3.018794e-02 
 9.673092e+00  3.018793e-02 
 9.673413e+00  3.018792e-02 
 9.673735e+00  3.018792e-02 
 9.674057e+00  3.018791e-02 
 9.674378e+00  3.018790e-02 
 9.674700e+00  3.018790e-02 
 9.675021e+00  3.018789e-02 
 9.675343e+00  3.018788e-02 
 9.675664e+00  3.018788e-02 
 9.675986e+00  3.018787e-02 
 9.676308e+00  3.018786e-02 
 9.676629e+00  3.018786e-02 
 9.676951e+00  3.018785e-02 
 9.677272e+00  3.018784e-02 
 9.677594e+00  3.018784e-02 
 9.677915e+00  3.018783e-02 
 9.678237e+00  3.018782e-02 
 9.678558e+00  3.018782e-02 
 9.678880e+00  3.018781e-02 
 9.679202e+00  3.018780e-02 
 9.679523e+00  3.018780e-02 
 9.679845e+00  3.018779e-02 
 9.680166e+00  3.018778e-02 
 9.680488e+00  3.018777e-02 
 9.680809e+00  3.018777e-02 
 9.681131e+00  3.018776e-02 
 9.681452e+00  3.018775e-02 
 9.681774e+00  3.018774e-02 
 9.682096e+00  3.018774e-02 
 9.682417e+00  3.018773e-02 
 9.682739e+00  3.018772e-02 
 9.683060e+00  3.018772e-02 
 9.683382e+00  3.018771e-02 
 9.683703e+00  3.018770e-02 
 9.684025e+00  3.018769e-02 
 9.684346e+00  3.018769e-02 
 9.684668e+00  3.018768e-02 
 9.684990e+00  3.018767e-02 
 9.685311e+00  3.018766e-02 
 9.685633e+00  3.018766e-02 
 9.685954e+00  3.018765e-02 
 9.686276e+00  3.018764e-02 
 9.686597e+00  3.018763e-02 
 9.686919e+00  3.018763e-02 
 9.687240e+00  3.018762e-02 
 9.687562e+00  3.018761e-02 
 9.687884e+00  3.018760e-02 
 9.688205e+00  3.018760e-02 
 9.688527e+00  3.018759e-02 
 9.688848e+00  3.018758e-02 
 9.689170e+00  3.018757e-02 
 9.689491e+00  3.018757e-02 
 9.689813e+00  3.018756e-02 
 9.690134e+00  3.018755e-02 
 9.690456e+00  3.018754e-02 
 9.690778e+00  3.018754e-02 
 9.691099e+00  3.018753e-02 
 9.691421e+00  3.018752e-02 
 9.691742e+00  3.018751e-02 
 9.692064e+00  3.018751e-02 
 9.692385e+00  3.018750e-02 
 9.692707e+00  3.018749e-02 
 9.693028e+00  3.018748e-02 
 9.693350e+00  3.018747e-02 
 9.693672e+00  3.018747e-02 
 9.693993e+00  3.018746e-02 
 9.694315e+00  3.018745e-02 
 9.694636e+00  3.018744e-02 
 9.694958e+00  3.018744e-02 
 9.695279e+00  3.018743e-02 
 9.695601e+00  3.018742e-02 
 9.695922e+00  3.018741e-02 
 9.696244e+00  3.018741e-02 
 9.696566e+00  3.018740e-02 
 9.696887e+00  3.018739e-02 
 9.697209e+00  3.018738e-02 
 9.697530e+00  3.018738e-02 
 9.697852e+00  3.018737e-02 
 9.698173e+00  3.018736e-02 
 9.698495e+00  3.018735e-02 
 9.698816e+00  3.018735e-02 
 9.699138e+00  3.018734e-02 
 9.699460e+00  3.018733e-02 
 9.699781e+00  3.018732e-02 
 9.700103e+00  3.018732e-02 
 9.700424e+00  3.018731e-02 
 9.700746e+00  3.018730e-02 
 9.701067e+00  3.018729e-02 
 9.701389e+00  3.018728e-02 
 9.701710e+00  3.018728e-02 
 9.702032e+00  3.018727e-02 
 9.702354e+00  3.018726e-02 
 9.702675e+00  3.018725e-02 
 9.702997e+00  3.018725e-02 
 9.703318e+00  3.018724e-02 
 9.703640e+00  3.018723e-02 
 9.703961e+00  3.018722e-02 
 9.704283e+00  3.018722e-02 
 9.704604e+00  3.018721e-02 
 9.704926e+00  3.018720e-02 
 9.705248e+00  3.018719e-02 
 9.705569e+00  3.018719e-02 
 9.705891e+00  3.018718e-02 
 9.706212e+00  3.018717e-02 
 9.706534e+00  3.018716e-02 
 9.706855e+00  3.018716e-02 
 9.707177e+00  3.018715e-02 
 9.707498e+00  3.018714e-02 
 9.707820e+00  3.018713e-02 
 9.708142e+00  3.018713e-02 
 9.708463e+00  3.018712e-02 
 9.708785e+00  3.018711e-02 
 9.709106e+00  3.018711e-02 
 9.709428e+00  3.018710e-02 
 9.709749e+00  3.018709e-02 
 9.710071e+00  3.018708e-02 
 9.710392e+00  3.018708e-02 
 9.710714e+00  3.018707e-02 
 9.711036e+00  3.018706e-02 
 9.711357e+00  3.018705e-02 
 9.711679e+00  3.018705e-02 
 9.712000e+00  3.018704e-02 
 9.712322e+00  3.018703e-02 
 9.712643e+00  3.018703e-02 
 9.712965e+00  3.018702e-02 
 9.713286e+00  3.018701e-02 
 9.713608e+00  3.018700e-02 
 9.713930e+00  3.018700e-02 
 9.714251e+00  3.018699e-02 
 9.714573e+00  3.018698e-02 
 9.714894e+00  3.018698e-02 
 9.715216e+00  3.018697e-02 
 9.715537e+00  3.018696e-02 
 9.715859e+00  3.018696e-02 
 9.716181e+00  3.018695e-02 
 9.716502e+00  3.018694e-02 
 9.716824e+00  3.018694e-02 
 9.717145e+00  3.018693e-02 
 9.717467e+00  3.018692e-02 
 9.717788e+00  3.018692e-02 
 9.718110e+00  3.018691e-02 
 9.718431e+00  3.018690e-02 
 9.718753e+00  3.018690e-02 
 9.719075e+00  3.018689e-02 
 9.719396e+00  3.018688e-02 
 9.719718e+00  3.018688e-02 
 9.720039e+00  3.018687e-02 
 9.720361e+00  3.018686e-02 
 9.720682e+00  3.018686e-02 
 9.721004e+00  3.018685e-02 
 9.721325e+00  3.018684e-02 
 9.721647e+00  3.018684e-02 
 9.721969e+00  3.018683e-02 
 9.722290e+00  3.018682e-02 
 9.722612e+00  3.018682e-02 
 9.722933e+00  3.018681e-02 
 9.723255e+00  3.018680e-02 
 9.723576e+00  3.018680e-02 
 9.723898e+00  3.018679e-02 
 9.724219e+00  3.018678e-02 
 9.724541e+00  3.018678e-02 
 9.724863e+00  3.018677e-02 
 9.725184e+00  3.018677e-02 
 9.725506e+00  3.018676e-02 
 9.725827e+00  3.018675e-02 
 9.726149e+00  3.018675e-02 
 9.726470e+00  3.018674e-02 
 9.726792e+00  3.018674e-02 
 9.727113e+00  3.018673e-02 
 9.727435e+00  3.018672e-02 
 9.727757e+00  3.018672e-02 
 9.728078e+00  3.018671e-02 
 9.728400e+00  3.018670e-02 
 9.728721e+00  3.018670e-02 
 9.729043e+00  3.018669e-02 
 9.729364e+00  3.018669e-02 
 9.729686e+00  3.018668e-02 
 9.730007e+00  3.018667e-02 
 9.730329e+00  3.018667e-02 
 9.730651e+00  3.018666e-02 
 9.730972e+00  3.018666e-02 
 9.731294e+00  3.018665e-02 
 9.731615e+00  3.018664e-02 
 9.731937e+00  3.018664e-02 
 9.732258e+00  3.018663e-02 
 9.732580e+00  3.018663e-02 
 9.732901e+00  3.018662e-02 
 9.733223e+00  3.018662e-02 
 9.733545e+00  3.018661e-02 
 9.733866e+00  3.018660e-02 
 9.734188e+00  3.018660e-02 
 9.734509e+00  3.018659e-02 
 9.734831e+00  3.018659e-02 
 9.735152e+00  3.018658e-02 
 9.735474e+00  3.018658e-02 
 9.735795e+00  3.018657e-02 
 9.736117e+00  3.018657e-02 
 9.736439e+00  3.018656e-02 
 9.736760e+00  3.018656e-02 
 9.737082e+00  3.018655e-02 
 9.737403e+00  3.018654e-02 
 9.737725e+00  3.018654e-02 
 9.738046e+00  3.018653e-02 
 9.738368e+00  3.018653e-02 
 9.738689e+00  3.018652e-02 
 9.739011e+00  3.018652e-02 
 9.739333e+00  3.018651e-02 
 9.739654e+00  3.018651e-02 
 9.739976e+00  3.018650e-02 
 9.740297e+00  3.018650e-02 
 9.740619e+00  3.018649e-02 
 9.740940e+00  3.018649e-02 
 9.741262e+00  3.018648e-02 
 9.741583e+00  3.018648e-02 
 9.741905e+00  3.018647e-02 
 9.742227e+00  3.018647e-02 
 9.742548e+00  3.018646e-02 
 9.742870e+00  3.018646e-02 
 9.743191e+00  3.018645e-02 
 9.743513e+00  3.018645e-02 
 9.743834e+00  3.018644e-02 
 9.744156e+00  3.018644e-02 
 9.744477e+00  3.018644e-02 
 9.744799e+00  3.018643e-02 
 9.745121e+00  3.018643e-02 
 9.745442e+00  3.018642e-02 
 9.745764e+00  3.018642e-02 
 9.746085e+00  3.018641e-02 
 9.746407e+00  3.018641e-02 
 9.746728e+00  3.018640e-02 
 9.747050e+00  3.018640e-02 
 9.747371e+00  3.018640e-02 
 9.747693e+00  3.018639e-02 
 9.748015e+00  3.018639e-02 
 9.748336e+00  3.018638e-02 
 9.748658e+00  3.018638e-02 
 9.748979e+00  3.018637e-02 
 9.749301e+00  3.018637e-02 
 9.749622e+00  3.018637e-02 
 9.749944e+00  3.018636e-02 
 9.750265e+00  3.018636e-02 
 9.750587e+00  3.018635e-02 
 9.750909e+00  3.018635e-02 
 9.751230e+00  3.018634e-02 
 9.751552e+00  3.018634e-02 
 9.751873e+00  3.018634e-02 
 9.752195e+00  3.018633e-02 
 9.752516e+00  3.018633e-02 
 9.752838e+00  3.018632e-02 
 9.753160e+00  3.018632e-02 
 9.753481e+00  3.018632e-02 
 9.753803e+00  3.018631e-02 
 9.754124e+00  3.018631e-02 
 9.754446e+00  3.018631e-02 
 9.754767e+00  3.018630e-02 
 9.755089e+00  3.018630e-02 
 9.755410e+00  3.018629e-02 
 9.755732e+00  3.018629e-02 
 9.756054e+00  3.018629e-02 
 9.756375e+00  3.018628e-02 
 9.756697e+00  3.018628e-02 
 9.757018e+00  3.018627e-02 
 9.757340e+00  3.018627e-02 
 9.757661e+00  3.018627e-02 
 9.757983e+00  3.018626e-02 
 9.758304e+00  3.018626e-02 
 9.758626e+00  3.018625e-02 
 9.758948e+00  3.018625e-02 
 9.759269e+00  3.018625e-02 
 9.759591e+00  3.018624e-02 
 9.759912e+00  3.018624e-02 
 9.760234e+00  3.018624e-02 
 9.760555e+00  3.018623e-02 
 9.760877e+00  3.018623e-02 
 9.761198e+00  3.018622e-02 
 9.761520e+00  3.018622e-02 
 9.761842e+00  3.018622e-02 
 9.762163e+00  3.018621e-02 
 9.762485e+00  3.018621e-02 
 9.762806e+00  3.018620e-02 
 9.763128e+00  3.018620e-02 
 9.763449e+00  3.018619e-02 
 9.763771e+00  3.018619e-02 
 9.764092e+00  3.018619e-02 
 9.764414e+00  3.018618e-02 
 9.764736e+00  3.018618e-02 
 9.765057e+00  3.018617e-02 
 9.765379e+00  3.018617e-02 
 9.765700e+00  3.018616e-02 
 9.766022e+00  3.018616e-02 
 9.766343e+00  3.018616e-02 
 9.766665e+00  3.018615e-02 
 9.766986e+00  3.018615e-02 
 9.767308e+00  3.018614e-02 
 9.767630e+00  3.018614e-02 
 9.767951e+00  3.018613e-02 
 9.768273e+00  3.018613e-02 
 9.768594e+00  3.018612e-02 
 9.768916e+00  3.018612e-02 
 9.769237e+00  3.018612e-02 
 9.769559e+00  3.018611e-02 
 9.769880e+00  3.018611e-02 
 9.770202e+00  3.018610e-02 
 9.770524e+00  3.018610e-02 
 9.770845e+00  3.018609e-02 
 9.771167e+00  3.018609e-02 
 9.771488e+00  3.018608e-02 
 9.771810e+00  3.018608e-02 
 9.772131e+00  3.018607e-02 
 9.772453e+00  3.018607e-02 
 9.772774e+00  3.018606e-02 
 9.773096e+00  3.018606e-02 
 9.773418e+00  3.018605e-02 
 9.773739e+00  3.018605e-02 
 9.774061e+00  3.018604e-02 
 9.774382e+00  3.018604e-02 
 9.774704e+00  3.018603e-02 
 9.775025e+00  3.018603e-02 
 9.775347e+00  3.018602e-02 
 9.775668e+00  3.018602e-02 
 9.775990e+00  3.018601e-02 
 9.776312e+00  3.018601e-02 
 9.776633e+00  3.018600e-02 
 9.776955e+00  3.018600e-02 
 9.777276e+00  3.018599e-02 
 9.777598e+00  3.018599e-02 
 9.777919e+00  3.018598e-02 
 9.778241e+00  3.018597e-02 
 9.778562e+00  3.018597e-02 
 9.778884e+00  3.018596e-02 
 9.779206e+00  3.018596e-02 
 9.779527e+00  3.018595e-02 
 9.779849e+00  3.018595e-02 
 9.780170e+00  3.018594e-02 
 9.780492e+00  3.018594e-02 
 9.780813e+00  3.018593e-02 
 9.781135e+00  3.018593e-02 
 9.781456e+00  3.018592e-02 
 9.781778e+00  3.018591e-02 
 9.782100e+00  3.018591e-02 
 9.782421e+00  3.018590e-02 
 9.782743e+00  3.018590e-02 
 9.783064e+00  3.018589e-02 
 9.783386e+00  3.018589e-02 
 9.783707e+00  3.018588e-02 
 9.784029e+00  3.018588e-02 
 9.784350e+00  3.018587e-02 
 9.784672e+00  3.018587e-02 
 9.784994e+00  3.018586e-02 
 9.785315e+00  3.018585e-02 
 9.785637e+00  3.018585e-02 
 9.785958e+00  3.018584e-02 
 9.786280e+00  3.018584e-02 
 9.786601e+00  3.018583e-02 
 9.786923e+00  3.018583e-02 
 9.787244e+00  3.018582e-02 
 9.787566e+00  3.018582e-02 
 9.787888e+00  3.018581e-02 
 9.788209e+00  3.018581e-02 
 9.788531e+00  3.018580e-02 
 9.788852e+00  3.018580e-02 
 9.789174e+00  3.018579e-02 
 9.789495e+00  3.018579e-02 
 9.789817e+00  3.018578e-02 
 9.790138e+00  3.018578e-02 
 9.790460e+00  3.018577e-02 
 9.790782e+00  3.018577e-02 
 9.791103e+00  3.018576e-02 
 9.791425e+00  3.018576e-02 
 9.791746e+00  3.018575e-02 
 9.792068e+00  3.018575e-02 
 9.792389e+00  3.018574e-02 
 9.792711e+00  3.018574e-02 
 9.793033e+00  3.018573e-02 
 9.793354e+00  3.018573e-02 
 9.793676e+00  3.018572e-02 
 9.793997e+00  3.018572e-02 
 9.794319e+00  3.018572e-02 
 9.794640e+00  3.018571e-02 
 9.794962e+00  3.018571e-02 
 9.795283e+00  3.018570e-02 
 9.795605e+00  3.018570e-02 
 9.795927e+00  3.018569e-02 
 9.796248e+00  3.018569e-02 
 9.796570e+00  3.018569e-02 
 9.796891e+00  3.018568e-02 
 9.797213e+00  3.018568e-02 
 9.797534e+00  3.018567e-02 
 9.797856e+00  3.018567e-02 
 9.798177e+00  3.018567e-02 
 9.798499e+00  3.018566e-02 
 9.798821e+00  3.018566e-02 
 9.799142e+00  3.018565e-02 
 9.799464e+00  3.018565e-02 
 9.799785e+00  3.018565e-02 
 9.800107e+00  3.018564e-02 
 9.800428e+00  3.018564e-02 
 9.800750e+00  3.018564e-02 
 9.801071e+00  3.018563e-02 
 9.801393e+00  3.018563e-02 
 9.801715e+00  3.018563e-02 
 9.802036e+00  3.018562e-02 
 9.802358e+00  3.018562e-02 
 9.802679e+00  3.018562e-02 
 9.803001e+00  3.018561e-02 
 9.803322e+00  3.018561e-02 
 9.803644e+00  3.018561e-02 
 9.803965e+00  3.018561e-02 
 9.804287e+00  3.018560e-02 
 9.804609e+00  3.018560e-02 
 9.804930e+00  3.018560e-02 
 9.805252e+00  3.018559e-02 
 9.805573e+00  3.018559e-02 
 9.805895e+00  3.018559e-02 
 9.806216e+00  3.018559e-02 
 9.806538e+00  3.018558e-02 
 9.806859e+00  3.018558e-02 
 9.807181e+00  3.018558e-02 
 9.807503e+00  3.018558e-02 
 9.807824e+00  3.018557e-02 
 9.808146e+00  3.018557e-02 
 9.808467e+00  3.018557e-02 
 9.808789e+00  3.018557e-02 
 9.809110e+00  3.018556e-02 
 9.809432e+00  3.018556e-02 
 9.809753e+00  3.018556e-02 
 9.810075e+00  3.018556e-02 
 9.810397e+00  3.018556e-02 
 9.810718e+00  3.018555e-02 
 9.811040e+00  3.018555e-02 
 9.811361e+00  3.018555e-02 
 9.811683e+00  3.018555e-02 
 9.812004e+00  3.018555e-02 
 9.812326e+00  3.018555e-02 
 9.812647e+00  3.018554e-02 
 9.812969e+00  3.018554e-02 
 9.813291e+00  3.018554e-02 
 9.813612e+00  3.018554e-02 
 9.813934e+00  3.018554e-02 
 9.814255e+00  3.018554e-02 
 9.814577e+00  3.018554e-02 
 9.814898e+00  3.018553e-02 
 9.815220e+00  3.018553e-02 
 9.815541e+00  3.018553e-02 
 9.815863e+00  3.018553e-02 
 9.816185e+00  3.018553e-02 
 9.816506e+00  3.018553e-02 
 9.816828e+00  3.018553e-02 
 9.817149e+00  3.018553e-02 
 9.817471e+00  3.018553e-02 
 9.817792e+00  3.018552e-02 
 9.818114e+00  3.018552e-02 
 9.818435e+00  3.018552e-02 
 9.818757e+00  3.018552e-02 
 9.819079e+00  3.018552e-02 
 9.819400e+00  3.018552e-02 
 9.819722e+00  3.018552e-02 
 9.820043e+00  3.018552e-02 
 9.820365e+00  3.018552e-02 
 9.820686e+00  3.018552e-02 
 9.821008e+00  3.018552e-02 
 9.821329e+00  3.018552e-02 
 9.821651e+00  3.018552e-02 
 9.821973e+00  3.018552e-02 
 9.822294e+00  3.018552e-02 
 9.822616e+00  3.018552e-02 
 9.822937e+00  3.018552e-02 
 9.823259e+00  3.018552e-02 
 9.823580e+00  3.018552e-02 
 9.823902e+00  3.018552e-02 
 9.824223e+00  3.018552e-02 
 9.824545e+00  3.018552e-02 
 9.824867e+00  3.018552e-02 
 9.825188e+00  3.018552e-02 
 9.825510e+00  3.018552e-02 
 9.825831e+00  3.018552e-02 
 9.826153e+00  3.018552e-02 
 9.826474e+00  3.018552e-02 
 9.826796e+00  3.018552e-02 
 9.827117e+00  3.018552e-02 
 9.827439e+00  3.018552e-02 
 9.827761e+00  3.018552e-02 
 9.828082e+00  3.018552e-02 
 9.828404e+00  3.018552e-02 
 9.828725e+00  3.018552e-02 
 9.829047e+00  3.018552e-02 
 9.829368e+00  3.018552e-02 
 9.829690e+00  3.018552e-02 
 9.830011e+00  3.018552e-02 
 9.830333e+00  3.018552e-02 
 9.830655e+00  3.018552e-02 
 9.830976e+00  3.018553e-02 
 9.831298e+00  3.018553e-02 
 9.831619e+00  3.018553e-02 
 9.831941e+00  3.018553e-02 
 9.832262e+00  3.018553e-02 
 9.832584e+00  3.018553e-02 
 9.832906e+00  3.018553e-02 
 9.833227e+00  3.018553e-02 
 9.833549e+00  3.018553e-02 
 9.833870e+00  3.018554e-02 
 9.834192e+00  3.018554e-02 
 9.834513e+00  3.018554e-02 
 9.834835e+00  3.018554e-02 
 9.835156e+00  3.018554e-02 
 9.835478e+00  3.018554e-02 
 9.835800e+00  3.018554e-02 
 9.836121e+00  3.018555e-02 
 9.836443e+00  3.018555e-02 
 9.836764e+00  3.018555e-02 
 9.837086e+00  3.018555e-02 
 9.837407e+00  3.018555e-02 
 9.837729e+00  3.018555e-02 
 9.838050e+00  3.018556e-02 
 9.838372e+00  3.018556e-02 
 9.838694e+00  3.018556e-02 
 9.839015e+00  3.018556e-02 
 9.839337e+00  3.018556e-02 
 9.839658e+00  3.018556e-02 
 9.839980e+00  3.018557e-02 
 9.840301e+00  3.018557e-02 
 9.840623e+00  3.018557e-02 
 9.840944e+00  3.018557e-02 
 9.841266e+00  3.018558e-02 
 9.841588e+00  3.018558e-02 
 9.841909e+00  3.018558e-02 
 9.842231e+00  3.018558e-02 
 9.842552e+00  3.018558e-02 
 9.842874e+00  3.018559e-02 
 9.843195e+00  3.018559e-02 
 9.843517e+00  3.018559e-02 
 9.843838e+00  3.018559e-02 
 9.844160e+00  3.018560e-02 
 9.844482e+00  3.018560e-02 
 9.844803e+00  3.018560e-02 
 9.845125e+00  3.018560e-02 
 9.845446e+00  3.018561e-02 
 9.845768e+00  3.018561e-02 
 9.846089e+00  3.018561e-02 
 9.846411e+00  3.018561e-02 
 9.846732e+00  3.018562e-02 
 9.847054e+00  3.018562e-02 
 9.847376e+00  3.018562e-02 
 9.847697e+00  3.018562e-02 
 9.848019e+00  3.018563e-02 
 9.848340e+00  3.018563e-02 
 9.848662e+00  3.018563e-02 
 9.848983e+00  3.018563e-02 
 9.849305e+00  3.018564e-02 
 9.849626e+00  3.018564e-02 
 9.849948e+00  3.018564e-02 
 9.850270e+00  3.018565e-02 
 9.850591e+00  3.018565e-02 
 9.850913e+00  3.018565e-02 
 9.851234e+00  3.018565e-02 
 9.851556e+00  3.018566e-02 
 9.851877e+00  3.018566e-02 
 9.852199e+00  3.018566e-02 
 9.852520e+00  3.018567e-02 
 9.852842e+00  3.018567e-02 
 9.853164e+00  3.018567e-02 
 9.853485e+00  3.018568e-02 
 9.853807e+00  3.018568e-02 
 9.854128e+00  3.018568e-02 
 9.854450e+00  3.018568e-02 
 9.854771e+00  3.018569e-02 
 9.855093e+00  3.018569e-02 
 9.855414e+00  3.018569e-02 
 9.855736e+00  3.018570e-02 
 9.856058e+00  3.018570e-02 
 9.856379e+00  3.018570e-02 
 9.856701e+00  3.018571e-02 
 9.857022e+00  3.018571e-02 
 9.857344e+00  3.018571e-02 
 9.857665e+00  3.018572e-02 
 9.857987e+00  3.018572e-02 
 9.858308e+00  3.018572e-02 
 9.858630e+00  3.018573e-02 
 9.858952e+00  3.018573e-02 
 9.859273e+00  3.018573e-02 
 9.859595e+00  3.018574e-02 
 9.859916e+00  3.018574e-02 
 9.860238e+00  3.018574e-02 
 9.860559e+00  3.018575e-02 
 9.860881e+00  3.018575e-02 
 9.861202e+00  3.018575e-02 
 9.861524e+00  3.018576e-02 
 9.861846e+00  3.018576e-02 
 9.862167e+00  3.018576e-02 
 9.862489e+00  3.018577e-02 
 9.862810e+00  3.018577e-02 
 9.863132e+00  3.018577e-02 
 9.863453e+00  3.018578e-02 
 9.863775e+00  3.018578e-02 
 9.864096e+00  3.018578e-02 
 9.864418e+00  3.018579e-02 
 9.864740e+00  3.018579e-02 
 9.865061e+00  3.018579e-02 
 9.865383e+00  3.018580e-02 
 9.865704e+00  3.018580e-02 
 9.866026e+00  3.018580e-02 
 9.866347e+00  3.018581e-02 
 9.866669e+00  3.018581e-02 
 9.866990e+00  3.018581e-02 
 9.867312e+00  3.018582e-02 
 9.867634e+00  3.018582e-02 
 9.867955e+00  3.018583e-02 
 9.868277e+00  3.018583e-02 
 9.868598e+00  3.018583e-02 
 9.868920e+00  3.018584e-02 
 9.869241e+00  3.018584e-02 
 9.869563e+00  3.018584e-02 
 9.869885e+00  3.018585e-02 
 9.870206e+00  3.018585e-02 
 9.870528e+00  3.018585e-02 
 9.870849e+00  3.018586e-02 
 9.871171e+00  3.018586e-02 
 9.871492e+00  3.018586e-02 
 9.871814e+00  3.018587e-02 
 9.872135e+00  3.018587e-02 
 9.872457e+00  3.018587e-02 
 9.872779e+00  3.018588e-02 
 9.873100e+00  3.018588e-02 
 9.873422e+00  3.018588e-02 
 9.873743e+00  3.018589e-02 
 9.874065e+00  3.018589e-02 
 9.874386e+00  3.018589e-02 
 9.874708e+00  3.018590e-02 
 9.875029e+00  3.018590e-02 
 9.875351e+00  3.018590e-02 
 9.875673e+00  3.018591e-02 
 9.875994e+00  3.018591e-02 
 9.876316e+00  3.018591e-02 
 9.876637e+00  3.018592e-02 
 9.876959e+00  3.018592e-02 
 9.877280e+00  3.018592e-02 
 9.877602e+00  3.018593e-02 
 9.877923e+00  3.018593e-02 
 9.878245e+00  3.018593e-02 
 9.878567e+00  3.018594e-02 
 9.878888e+00  3.018594e-02 
 9.879210e+00  3.018594e-02 
 9.879531e+00  3.018595e-02 
 9.879853e+00  3.018595e-02 
 9.880174e+00  3.018595e-02 
 9.880496e+00  3.018595e-02 
 9.880817e+00  3.018596e-02 
 9.881139e+00  3.018596e-02 
 9.881461e+00  3.018596e-02 
 9.881782e+00  3.018597e-02 
 9.882104e+00  3.018597e-02 
 9.882425e+00  3.018597e-02 
 9.882747e+00  3.018598e-02 
 9.883068e+00  3.018598e-02 
 9.883390e+00  3.018598e-02 
 9.883711e+00  3.018599e-02 
 9.884033e+00  3.018599e-02 
 9.884355e+00  3.018599e-02 
 9.884676e+00  3.018599e-02 
 9.884998e+00  3.018600e-02 
 9.885319e+00  3.018600e-02 
 9.885641e+00  3.018600e-02 
 9.885962e+00  3.018601e-02 
 9.886284e+00  3.018601e-02 
 9.886605e+00  3.018601e-02 
 9.886927e+00  3.018601e-02 
 9.887249e+00  3.018602e-02 
 9.887570e+00  3.018602e-02 
 9.887892e+00  3.018602e-02 
 9.888213e+00  3.018603e-02 
 9.888535e+00  3.018603e-02 
 9.888856e+00  3.018603e-02 
 9.889178e+00  3.018603e-02 
 9.889499e+00  3.018604e-02 
 9.889821e+00  3.018604e-02 
 9.890143e+00  3.018604e-02 
 9.890464e+00  3.018605e-02 
 9.890786e+00  3.018605e-02 
 9.891107e+00  3.018605e-02 
 9.891429e+00  3.018605e-02 
 9.891750e+00  3.018606e-02 
 9.892072e+00  3.018606e-02 
 9.892393e+00  3.018606e-02 
 9.892715e+00  3.018606e-02 
 9.893037e+00  3.018607e-02 
 9.893358e+00  3.018607e-02 
 9.893680e+00  3.018607e-02 
 9.894001e+00  3.018608e-02 
 9.894323e+00  3.018608e-02 
 9.894644e+00  3.018608e-02 
 9.894966e+00  3.018608e-02 
 9.895287e+00  3.018609e-02 
 9.895609e+00  3.018609e-02 
 9.895931e+00  3.018609e-02 
 9.896252e+00  3.018609e-02 
 9.896574e+00  3.018610e-02 
 9.896895e+00  3.018610e-02 
 9.897217e+00  3.018610e-02 
 9.897538e+00  3.018610e-02 
 9.897860e+00  3.018611e-02 
 9.898181e+00  3.018611e-02 
 9.898503e+00  3.018611e-02 
 9.898825e+00  3.018612e-02 
 9.899146e+00  3.018612e-02 
 9.899468e+00  3.018612e-02 
 9.899789e+00  3.018612e-02 
 9.900111e+00  3.018613e-02 
 9.900432e+00  3.018613e-02 
 9.900754e+00  3.018613e-02 
 9.901075e+00  3.018613e-02 
 9.901397e+00  3.018614e-02 
 9.901719e+00  3.018614e-02 
 9.902040e+00  3.018614e-02 
 9.902362e+00  3.018614e-02 
 9.902683e+00  3.018615e-02 
 9.903005e+00  3.018615e-02 
 9.903326e+00  3.018615e-02 
 9.903648e+00  3.018615e-02 
 9.903969e+00  3.018616e-02 
 9.904291e+00  3.018616e-02 
 9.904613e+00  3.018616e-02 
 9.904934e+00  3.018617e-02 
 9.905256e+00  3.018617e-02 
 9.905577e+00  3.018617e-02 
 9.905899e+00  3.018617e-02 
 9.906220e+00  3.018618e-02 
 9.906542e+00  3.018618e-02 
 9.906863e+00  3.018618e-02 
 9.907185e+00  3.018618e-02 
 9.907507e+00  3.018619e-02 
 9.907828e+00  3.018619e-02 
 9.908150e+00  3.018619e-02 
 9.908471e+00  3.018619e-02 
 9.908793e+00  3.018620e-02 
 9.909114e+00  3.018620e-02 
 9.909436e+00  3.018620e-02 
 9.909758e+00  3.018621e-02 
 9.910079e+00  3.018621e-02 
 9.910401e+00  3.018621e-02 
 9.910722e+00  3.018621e-02 
 9.911044e+00  3.018622e-02 
 9.911365e+00  3.018622e-02 
 9.911687e+00  3.018622e-02 
 9.912008e+00  3.018622e-02 
 9.912330e+00  3.018623e-02 
 9.912652e+00  3.018623e-02 
 9.912973e+00  3.018623e-02 
 9.913295e+00  3.018623e-02 
 9.913616e+00  3.018624e-02 
 9.913938e+00  3.018624e-02 
 9.914259e+00  3.018624e-02 
 9.914581e+00  3.018625e-02 
 9.914902e+00  3.018625e-02 
 9.915224e+00  3.018625e-02 
 9.915546e+00  3.018625e-02 
 9.915867e+00  3.018626e-02 
 9.916189e+00  3.018626e-02 
 9.916510e+00  3.018626e-02 
 9.916832e+00  3.018627e-02 
 9.917153e+00  3.018627e-02 
 9.917475e+00  3.018627e-02 
 9.917796e+00  3.018627e-02 
 9.918118e+00  3.018628e-02 
 9.918440e+00  3.018628e-02 
 9.918761e+00  3.018628e-02 
 9.919083e+00  3.018629e-02 
 9.919404e+00  3.018629e-02 
 9.919726e+00  3.018629e-02 
 9.920047e+00  3.018629e-02 
 9.920369e+00  3.018630e-02 
 9.920690e+00  3.018630e-02 
 9.921012e+00  3.018630e-02 
 9.921334e+00  3.018631e-02 
 9.921655e+00  3.018631e-02 
 9.921977e+00  3.018631e-02 
 9.922298e+00  3.018632e-02 
 9.922620e+00  3.018632e-02 
 9.922941e+00  3.018632e-02 
 9.923263e+00  3.018633e-02 
 9.923584e+00  3.018633e-02 
 9.923906e+00  3.018633e-02 
 9.924228e+00  3.018633e-02 
 9.924549e+00  3.018634e-02 
 9.924871e+00  3.018634e-02 
 9.925192e+00  3.018634e-02 
 9.925514e+00  3.018635e-02 
 9.925835e+00  3.018635e-02 
 9.926157e+00  3.018635e-02 
 9.926478e+00  3.018636e-02 
 9.926800e+00  3.018636e-02 
 9.927122e+00  3.018636e-02 
 9.927443e+00  3.018637e-02 
 9.927765e+00  3.018637e-02 
 9.928086e+00  3.018638e-02 
 9.928408e+00  3.018638e-02 
 9.928729e+00  3.018638e-02 
 9.929051e+00  3.018639e-02 
 9.929372e+00  3.018639e-02 
 9.929694e+00  3.018639e-02 
 9.930016e+00  3.018640e-02 
 9.930337e+00  3.018640e-02 
 9.930659e+00  3.018641e-02 
 9.930980e+00  3.018641e-02 
 9.931302e+00  3.018641e-02 
 9.931623e+00  3.018642e-02 
 9.931945e+00  3.018642e-02 
 9.932266e+00  3.018643e-02 
 9.932588e+00  3.018643e-02 
 9.932910e+00  3.018643e-02 
 9.933231e+00  3.018644e-02 
 9.933553e+00  3.018644e-02 
 9.933874e+00  3.018645e-02 
 9.934196e+00  3.018645e-02 
 9.934517e+00  3.018645e-02 
 9.934839e+00  3.018646e-02 
 9.935160e+00  3.018646e-02 
 9.935482e+00  3.018647e-02 
 9.935804e+00  3.018647e-02 
 9.936125e+00  3.018648e-02 
 9.936447e+00  3.018648e-02 
 9.936768e+00  3.018649e-02 
 9.937090e+00  3.018649e-02 
 9.937411e+00  3.018649e-02 
 9.937733e+00  3.018650e-02 
 9.938054e+00  3.018650e-02 
 9.938376e+00  3.018651e-02 
 9.938698e+00  3.018651e-02 
 9.939019e+00  3.018652e-02 
 9.939341e+00  3.018652e-02 
 9.939662e+00  3.018653e-02 
 9.939984e+00  3.018653e-02 
 9.940305e+00  3.018654e-02 
 9.940627e+00  3.018654e-02 
 9.940948e+00  3.018654e-02 
 9.941270e+00  3.018655e-02 
 9.941592e+00  3.018655e-02 
 9.941913e+00  3.018656e-02 
 9.942235e+00  3.018656e-02 
 9.942556e+00  3.018657e-02 
 9.942878e+00  3.018657e-02 
 9.943199e+00  3.018658e-02 
 9.943521e+00  3.018658e-02 
 9.943842e+00  3.018659e-02 
 9.944164e+00  3.018659e-02 
 9.944486e+00  3.018660e-02 
 9.944807e+00  3.018660e-02 
 9.945129e+00  3.018661e-02 
 9.945450e+00  3.018661e-02 
 9.945772e+00  3.018661e-02 
 9.946093e+00  3.018662e-02 
 9.946415e+00  3.018662e-02 
 9.946736e+00  3.018663e-02 
 9.947058e+00  3.018663e-02 
 9.947380e+00  3.018664e-02 
 9.947701e+00  3.018664e-02 
 9.948023e+00  3.018665e-02 
 9.948344e+00  3.018665e-02 
 9.948666e+00  3.018666e-02 
 9.948987e+00  3.018666e-02 
 9.949309e+00  3.018667e-02 
 9.949631e+00  3.018667e-02 
 9.949952e+00  3.018667e-02 
 9.950274e+00  3.018668e-02 
 9.950595e+00  3.018668e-02 
 9.950917e+00  3.018669e-02 
 9.951238e+00  3.018669e-02 
 9.951560e+00  3.018670e-02 
 9.951881e+00  3.018670e-02 
 9.952203e+00  3.018670e-02 
 9.952525e+00  3.018671e-02 
 9.952846e+00  3.018671e-02 
 9.953168e+00  3.018672e-02 
 9.953489e+00  3.018672e-02 
 9.953811e+00  3.018673e-02 
 9.954132e+00  3.018673e-02 
 9.954454e+00  3.018673e-02 
 9.954775e+00  3.018674e-02 
 9.955097e+00  3.018674e-02 
 9.955419e+00  3.018675e-02 
 9.955740e+00  3.018675e-02 
 9.956062e+00  3.018676e-02 
 9.956383e+00  3.018676e-02 
 9.956705e+00  3.018676e-02 
 9.957026e+00  3.018677e-02 
 9.957348e+00  3.018677e-02 
 9.957669e+00  3.018678e-02 
 9.957991e+00  3.018678e-02 
 9.958313e+00  3.018678e-02 
 9.958634e+00  3.018679e-02 
 9.958956e+00  3.018679e-02 
 9.959277e+00  3.018680e-02 
 9.959599e+00  3.018680e-02 
 9.959920e+00  3.018680e-02 
 9.960242e+00  3.018681e-02 
 9.960563e+00  3.018681e-02 
 9.960885e+00  3.018682e-02 
 9.961207e+00  3.018682e-02 
 9.961528e+00  3.018682e-02 
 9.961850e+00  3.018683e-02 
 9.962171e+00  3.018683e-02 
 9.962493e+00  3.018684e-02 
 9.962814e+00  3.018684e-02 
 9.963136e+00  3.018684e-02 
 9.963457e+00  3.018685e-02 
 9.963779e+00  3.018685e-02 
 9.964101e+00  3.018685e-02 
 9.964422e+00  3.018686e-02 
 9.964744e+00  3.018686e-02 
 9.965065e+00  3.018687e-02 
 9.965387e+00  3.018687e-02 
 9.965708e+00  3.018687e-02 
 9.966030e+00  3.018688e-02 
 9.966351e+00  3.018688e-02 
 9.966673e+00  3.018688e-02 
 9.966995e+00  3.018689e-02 
 9.967316e+00  3.018689e-02 
 9.967638e+00  3.018689e-02 
 9.967959e+00  3.018690e-02 
 9.968281e+00  3.018690e-02 
 9.968602e+00  3.018690e-02 
 9.968924e+00  3.018691e-02 
 9.969245e+00  3.018691e-02 
 9.969567e+00  3.018692e-02 
 9.969889e+00  3.018692e-02 
 9.970210e+00  3.018692e-02 
 9.970532e+00  3.018693e-02 
 9.970853e+00  3.018693e-02 
 9.971175e+00  3.018693e-02 
 9.971496e+00  3.018694e-02 
 9.971818e+00  3.018694e-02 
 9.972139e+00  3.018694e-02 
 9.972461e+00  3.018695e-02 
 9.972783e+00  3.018695e-02 
 9.973104e+00  3.018695e-02 
 9.973426e+00  3.018696e-02 
 9.973747e+00  3.018696e-02 
 9.974069e+00  3.018696e-02 
 9.974390e+00  3.018697e-02 
 9.974712e+00  3.018697e-02 
 9.975033e+00  3.018697e-02 
 9.975355e+00  3.018698e-02 
 9.975677e+00  3.018698e-02 
 9.975998e+00  3.018698e-02 
 9.976320e+00  3.018699e-02 
 9.976641e+00  3.018699e-02 
 9.976963e+00  3.018699e-02 
 9.977284e+00  3.018700e-02 
 9.977606e+00  3.018700e-02 
 9.977927e+00  3.018700e-02 
 9.978249e+00  3.018701e-02 
 9.978571e+00  3.018701e-02 
 9.978892e+00  3.018701e-02 
 9.979214e+00  3.018702e-02 
 9.979535e+00  3.018702e-02 
 9.979857e+00  3.018702e-02 
 9.980178e+00  3.018702e-02 
 9.980500e+00  3.018703e-02 
 9.980821e+00  3.018703e-02 
 9.981143e+00  3.018703e-02 
 9.981465e+00  3.018704e-02 
 9.981786e+00  3.018704e-02 
 9.982108e+00  3.018704e-02 
 9.982429e+00  3.018705e-02 
 9.982751e+00  3.018705e-02 
 9.983072e+00  3.018705e-02 
 9.983394e+00  3.018706e-02 
 9.983715e+00  3.018706e-02 
 9.984037e+00  3.018706e-02 
 9.984359e+00  3.018706e-02 
 9.984680e+00  3.018707e-02 
 9.985002e+00  3.018707e-02 
 9.985323e+00  3.018707e-02 
 9.985645e+00  3.018708e-02 
 9.985966e+00  3.018708e-02 
 9.986288e+00  3.018708e-02 
 9.986610e+00  3.018708e-02 
 9.986931e+00  3.018709e-02 
 9.987253e+00  3.018709e-02 
 9.987574e+00  3.018709e-02 
 9.987896e+00  3.018710e-02 
 9.988217e+00  3.018710e-02 
 9.988539e+00  3.018710e-02 
 9.988860e+00  3.018710e-02 
 9.989182e+00  3.018711e-02 
 9.989504e+00  3.018711e-02 
 9.989825e+00  3.018711e-02 
 9.990147e+00  3.018711e-02 
 9.990468e+00  3.018712e-02 
 9.990790e+00  3.018712e-02 
 9.991111e+00  3.018712e-02 
 9.991433e+00  3.018712e-02 
 9.991754e+00  3.018712e-02 
 9.992076e+00  3.018713e-02 
 9.992398e+00  3.018713e-02 
 9.992719e+00  3.018713e-02 
 9.993041e+00  3.018713e-02 
 9.993362e+00  3.018713e-02 
 9.993684e+00  3.018714e-02 
 9.994005e+00  3.018714e-02 
 9.994327e+00  3.018714e-02 
 9.994648e+00  3.018714e-02 
 9.994970e+00  3.018714e-02 
 9.995292e+00  3.018715e-02 
 9.995613e+00  3.018715e-02 
 9.995935e+00  3.018715e-02 
 9.996256e+00  3.018715e-02 
 9.996578e+00  3.018715e-02 
 9.996899e+00  3.018715e-02 
 9.997221e+00  3.018716e-02 
 9.997542e+00  3.018716e-02 
 9.997864e+00  3.018716e-02 
 9.998186e+00  3.018716e-02 
 9.998507e+00  3.018716e-02 
 9.998829e+00  3.018716e-02 
 9.999150e+00  3.018716e-02 
 9.999472e+00  3.018717e-02 
 9.999793e+00  3.018717e-02 
 1.000011e+01  3.018717e-02 
 1.000044e+01  3.018717e-02 
 1.000076e+01  3.018717e-02 
 1.000108e+01  3.018717e-02 
 1.000140e+01  3.018717e-02 
 1.000172e+01  3.018717e-02 
 1.000204e+01  3.018717e-02 
 1.000237e+01  3.018718e-02 
 1.000269e+01  3.018718e-02 
 1.000301e+01  3.018718e-02 
 1.000333e+01  3.018718e-02 
 1.000365e+01  3.018718e-02 
 1.000397e+01  3.018718e-02 
 1.000430e+01  3.018718e-02 
 1.000462e+01  3.018718e-02 
 1.000494e+01  3.018718e-02 
 1.000526e+01  3.018718e-02 
 1.000558e+01  3.018718e-02 
 1.000590e+01  3.018718e-02 
 1.000622e+01  3.018718e-02 
 1.000655e+01  3.018718e-02 
 1.000687e+01  3.018718e-02 
 1.000719e+01  3.018718e-02 
 1.000751e+01  3.018718e-02 
 1.000783e+01  3.018719e-02 
 1.000815e+01  3.018719e-02 
 1.000848e+01  3.018719e-02 
 1.000880e+01  3.018719e-02 
 1.000912e+01  3.018719e-02 
 1.000944e+01  3.018719e-02 
 1.000976e+01  3.018719e-02 
 1.001008e+01  3.018719e-02 
 1.001040e+01  3.018719e-02 
 1.001073e+01  3.018719e-02 
 1.001105e+01  3.018719e-02 
 1.001137e+01  3.018719e-02 
 1.001169e+01  3.018719e-02 
 1.001201e+01  3.018719e-02 
 1.001233e+01  3.018719e-02 
 1.001266e+01  3.018719e-02 
 1.001298e+01  3.018719e-02 
 1.001330e+01  3.018719e-02 
 1.001362e+01  3.018719e-02 
 1.001394e+01  3.018719e-02 
 1.001426e+01  3.018719e-02 
 1.001458e+01  3.018719e-02 
 1.001491e+01  3.018719e-02 
 1.001523e+01  3.018719e-02 
 1.001555e+01  3.018719e-02 
 1.001587e+01  3.018719e-02 
 1.001619e+01  3.018719e-02 
 1.001651e+01  3.018718e-02 
 1.001684e+01  3.018718e-02 
 1.001716e+01  3.018718e-02 
 1.001748e+01  3.018718e-02 
 1.001780e+01  3.018718e-02 
 1.001812e+01  3.018718e-02 
 1.001844e+01  3.018718e-02 
 1.001877e+01  3.018718e-02 
 1.001909e+01  3.018718e-02 
 1.001941e+01  3.018718e-02 
 1.001973e+01  3.018718e-02 
 1.002005e+01  3.018718e-02 
 1.002037e+01  3.018718e-02 
 1.002069e+01  3.018718e-02 
 1.002102e+01  3.018718e-02 
 1.002134e+01  3.018718e-02 
 1.002166e+01  3.018717e-02 
 1.002198e+01  3.018717e-02 
 1.002230e+01  3.018717e-02 
 1.002262e+01  3.018717e-02 
 1.002295e+01  3.018717e-02 
 1.002327e+01  3.018717e-02 
 1.002359e+01  3.018717e-02 
 1.002391e+01  3.018717e-02 
 1.002423e+01  3.018717e-02 
 1.002455e+01  3.018716e-02 
 1.002487e+01  3.018716e-02 
 1.002520e+01  3.018716e-02 
 1.002552e+01  3.018716e-02 
 1.002584e+01  3.018716e-02 
 1.002616e+01  3.018716e-02 
 1.002648e+01  3.018716e-02 
 1.002680e+01  3.018715e-02 
 1.002713e+01  3.018715e-02 
 1.002745e+01  3.018715e-02 
 1.002777e+01  3.018715e-02 
 1.002809e+01  3.018715e-02 
 1.002841e+01  3.018715e-02 
 1.002873e+01  3.018714e-02 
 1.002905e+01  3.018714e-02 
 1.002938e+01  3.018714e-02 
 1.002970e+01  3.018714e-02 
 1.003002e+01  3.018714e-02 
 1.003034e+01  3.018713e-02 
 1.003066e+01  3.018713e-02 
 1.003098e+01  3.018713e-02 
 1.003131e+01  3.018713e-02 
 1.003163e+01  3.018713e-02 
 1.003195e+01  3.018712e-02 
 1.003227e+01  3.018712e-02 
 1.003259e+01  3.018712e-02 
 1.003291e+01  3.018712e-02 
 1.003324e+01  3.018712e-02 
 1.003356e+01  3.018711e-02 
 1.003388e+01  3.018711e-02 
 1.003420e+01  3.018711e-02 
 1.003452e+01  3.018711e-02 
 1.003484e+01  3.018710e-02 
 1.003516e+01  3.018710e-02 
 1.003549e+01  3.018710e-02 
 1.003581e+01  3.018710e-02 
 1.003613e+01  3.018709e-02 
 1.003645e+01  3.018709e-02 
 1.003677e+01  3.018709e-02 
 1.003709e+01  3.018709e-02 
 1.003742e+01  3.018708e-02 
 1.003774e+01  3.018708e-02 
 1.003806e+01  3.018708e-02 
 1.003838e+01  3.018708e-02 
 1.003870e+01  3.018707e-02 
 1.003902e+01  3.018707e-02 
 1.003934e+01  3.018707e-02 
 1.003967e+01  3.018706e-02 
 1.003999e+01  3.018706e-02 
 1.004031e+01  3.018706e-02 
 1.004063e+01  3.018706e-02 
 1.004095e+01  3.018705e-02 
 1.004127e+01  3.018705e-02 
 1.004160e+01  3.018705e-02 
 1.004192e+01  3.018704e-02 
 1.004224e+01  3.018704e-02 
 1.004256e+01  3.018704e-02 
 1.004288e+01  3.018704e-02 
 1.004320e+01  3.018703e-02 
 1.004352e+01  3.018703e-02 
 1.004385e+01  3.018703e-02 
 1.004417e+01  3.018702e-02 
 1.004449e+01  3.018702e-02 
 1.004481e+01  3.018702e-02 
 1.004513e+01  3.018701e-02 
 1.004545e+01  3.018701e-02 
 1.004578e+01  3.018701e-02 
 1.004610e+01  3.018701e-02 
 1.004642e+01  3.018700e-02 
 1.004674e+01  3.018700e-02 
 1.004706e+01  3.018700e-02 
 1.004738e+01  3.018699e-02 
 1.004771e+01  3.018699e-02 
 1.004803e+01  3.018699e-02 
 1.004835e+01  3.018698e-02 
 1.004867e+01  3.018698e-02 
 1.004899e+01  3.018698e-02 
 1.004931e+01  3.018697e-02 
 1.004963e+01  3.018697e-02 
 1.004996e+01  3.018697e-02 
 1.005028e+01  3.018696e-02 
 1.005060e+01  3.018696e-02 
 1.005092e+01  3.018696e-02 
 1.005124e+01  3.018695e-02 
 1.005156e+01  3.018695e-02 
 1.005189e+01  3.018695e-02 
 1.005221e+01  3.018694e-02 
 1.005253e+01  3.018694e-02 
 1.005285e+01  3.018694e-02 
 1.005317e+01  3.018693e-02 
 1.005349e+01  3.018693e-02 
 1.005381e+01  3.018693e-02 
 1.005414e+01  3.018693e-02 
 1.005446e+01  3.018692e-02 
 1.005478e+01  3.018692e-02 
 1.005510e+01  3.018692e-02 
 1.005542e+01  3.018691e-02 
 1.005574e+01  3.018691e-02 
 1.005607e+01  3.018691e-02 
 1.005639e+01  3.018690e-02 
 1.005671e+01  3.018690e-02 
 1.005703e+01  3.018690e-02 
 1.005735e+01  3.018689e-02 
 1.005767e+01  3.018689e-02 
 1.005800e+01  3.018689e-02 
 1.005832e+01  3.018688e-02 
 1.005864e+01  3.018688e-02 
 1.005896e+01  3.018688e-02 
 1.005928e+01  3.018687e-02 
 1.005960e+01  3.018687e-02 
 1.005992e+01  3.018687e-02 
 1.006025e+01  3.018686e-02 
 1.006057e+01  3.018686e-02 
 1.006089e+01  3.018686e-02 
 1.006121e+01  3.018686e-02 
 1.006153e+01  3.018685e-02 
 1.006185e+01  3.018685e-02 
 1.006218e+01  3.018685e-02 
 1.006250e+01  3.018684e-02 
 1.006282e+01  3.018684e-02 
 1.006314e+01  3.018684e-02 
 1.006346e+01  3.018683e-02 
 1.006378e+01  3.018683e-02 
 1.006410e+01  3.018683e-02 
 1.006443e+01  3.018683e-02 
 1.006475e+01  3.018682e-02 
 1.006507e+01  3.018682e-02 
 1.006539e+01  3.018682e-02 
 1.006571e+01  3.018681e-02 
 1.006603e+01  3.018681e-02 
 1.006636e+01  3.018681e-02 
 1.006668e+01  3.018681e-02 
 1.006700e+01  3.018680e-02 
 1.006732e+01  3.018680e-02 
 1.006764e+01  3.018680e-02 
 1.006796e+01  3.018680e-02 
 1.006828e+01  3.018679e-02 
 1.006861e+01  3.018679e-02 
 1.006893e+01  3.018679e-02 
 1.006925e+01  3.018679e-02 
 1.006957e+01  3.018678e-02 
 1.006989e+01  3.018678e-02 
 1.007021e+01  3.018678e-02 
 1.007054e+01  3.018678e-02 
 1.007086e+01  3.018677e-02 
 1.007118e+01  3.018677e-02 
 1.007150e+01  3.018677e-02 
 1.007182e+01  3.018677e-02 
 1.007214e+01  3.018676e-02 
 1.007247e+01  3.018676e-02 
 1.007279e+01  3.018676e-02 
 1.007311e+01  3.018676e-02 
 1.007343e+01  3.018676e-02 
 1.007375e+01  3.018675e-02 
 1.007407e+01  3.018675e-02 
 1.007439e+01  3.018675e-02 
 1.007472e+01  3.018675e-02 
 1.007504e+01  3.018674e-02 
 1.007536e+01  3.018674e-02 
 1.007568e+01  3.018674e-02 
 1.007600e+01  3.018674e-02 
 1.007632e+01  3.018674e-02 
 1.007665e+01  3.018673e-02 
 1.007697e+01  3.018673e-02 
 1.007729e+01  3.018673e-02 
 1.007761e+01  3.018673e-02 
 1.007793e+01  3.018673e-02 
 1.007825e+01  3.018672e-02 
 1.007857e+01  3.018672e-02 
 1.007890e+01  3.018672e-02 
 1.007922e+01  3.018672e-02 
 1.007954e+01  3.018672e-02 
 1.007986e+01  3.018672e-02 
 1.008018e+01  3.018671e-02 
 1.008050e+01  3.018671e-02 
 1.008083e+01  3.018671e-02 
 1.008115e+01  3.018671e-02 
 1.008147e+01  3.018671e-02 
 1.008179e+01  3.018671e-02 
 1.008211e+01  3.018670e-02 
 1.008243e+01  3.018670e-02 
 1.008275e+01  3.018670e-02 
 1.008308e+01  3.018670e-02 
 1.008340e+01  3.018670e-02 
 1.008372e+01  3.018670e-02 
 1.008404e+01  3.018669e-02 
 1.008436e+01  3.018669e-02 
 1.008468e+01  3.018669e-02 
 1.008501e+01  3.018669e-02 
 1.008533e+01  3.018669e-02 
 1.008565e+01  3.018669e-02 
 1.008597e+01  3.018668e-02 
 1.008629e+01  3.018668e-02 
 1.008661e+01  3.018668e-02 
 1.008694e+01  3.018668e-02 
 1.008726e+01  3.018668e-02 
 1.008758e+01  3.018668e-02 
 1.008790e+01  3.018668e-02 
 1.008822e+01  3.018667e-02 
 1.008854e+01  3.018667e-02 
 1.008886e+01  3.018667e-02 
 1.008919e+01  3.018667e-02 
 1.008951e+01  3.018667e-02 
 1.008983e+01  3.018667e-02 
 1.009015e+01  3.018666e-02 
 1.009047e+01  3.018666e-02 
 1.009079e+01  3.018666e-02 
 1.009112e+01  3.018666e-02 
 1.009144e+01  3.018666e-02 
 1.009176e+01  3.018666e-02 
 1.009208e+01  3.018666e-02 
 1.009240e+01  3.018665e-02 
 1.009272e+01  3.018665e-02 
 1.009304e+01  3.018665e-02 
 1.009337e+01  3.018665e-02 
 1.009369e+01  3.018665e-02 
 1.009401e+01  3.018665e-02 
 1.009433e+01  3.018664e-02 
 1.009465e+01  3.018664e-02 
 1.009497e+01  3.018664e-02 
 1.009530e+01  3.018664e-02 
 1.009562e+01  3.018664e-02 
 1.009594e+01  3.018664e-02 
 1.009626e+01  3.018663e-02 
 1.009658e+01  3.018663e-02 
 1.009690e+01  3.018663e-02 
 1.009722e+01  3.018663e-02 
 1.009755e+01  3.018663e-02 
 1.009787e+01  3.018663e-02 
 1.009819e+01  3.018662e-02 
 1.009851e+01  3.018662e-02 
 1.009883e+01  3.018662e-02 
 1.009915e+01  3.018662e-02 
 1.009948e+01  3.018662e-02 
 1.009980e+01  3.018661e-02 
 1.010012e+01  3.018661e-02 
 1.010044e+01  3.018661e-02 
 1.010076e+01  3.018661e-02 
 1.010108e+01  3.018661e-02 
 1.010141e+01  3.018660e-02 
 1.010173e+01  3.018660e-02 
 1.010205e+01  3.018660e-02 
 1.010237e+01  3.018660e-02 
 1.010269e+01  3.018659e-02 
 1.010301e+01  3.018659e-02 
 1.010333e+01  3.018659e-02 
 1.010366e+01  3.018659e-02 
 1.010398e+01  3.018658e-02 
 1.010430e+01  3.018658e-02 
 1.010462e+01  3.018658e-02 
 1.010494e+01  3.018658e-02 
 1.010526e+01  3.018657e-02 
 1.010559e+01  3.018657e-02 
 1.010591e+01  3.018657e-02 
 1.010623e+01  3.018657e-02 
 1.010655e+01  3.018656e-02 
 1.010687e+01  3.018656e-02 
 1.010719e+01  3.018656e-02 
 1.010751e+01  3.018656e-02 
 1.010784e+01  3.018655e-02 
 1.010816e+01  3.018655e-02 
 1.010848e+01  3.018655e-02 
 1.010880e+01  3.018654e-02 
 1.010912e+01  3.018654e-02 
 1.010944e+01  3.018654e-02 
 1.010977e+01  3.018653e-02 
 1.011009e+01  3.018653e-02 
 1.011041e+01  3.018653e-02 
 1.011073e+01  3.018652e-02 
 1.011105e+01  3.018652e-02 
 1.011137e+01  3.018652e-02 
 1.011169e+01  3.018651e-02 
 1.011202e+01  3.018651e-02 
 1.011234e+01  3.018651e-02 
 1.011266e+01  3.018650e-02 
 1.011298e+01  3.018650e-02 
 1.011330e+01  3.018650e-02 
 1.011362e+01  3.018649e-02 
 1.011395e+01  3.018649e-02 
 1.011427e+01  3.018649e-02 
 1.011459e+01  3.018648e-02 
 1.011491e+01  3.018648e-02 
 1.011523e+01  3.018647e-02 
 1.011555e+01  3.018647e-02 
 1.011588e+01  3.018647e-02 
 1.011620e+01  3.018646e-02 
 1.011652e+01  3.018646e-02 
 1.011684e+01  3.018645e-02 
 1.011716e+01  3.018645e-02 
 1.011748e+01  3.018645e-02 
 1.011780e+01  3.018644e-02 
 1.011813e+01  3.018644e-02 
 1.011845e+01  3.018643e-02 
 1.011877e+01  3.018643e-02 
 1.011909e+01  3.018642e-02 
 1.011941e+01  3.018642e-02 
 1.011973e+01  3.018641e-02 
 1.012006e+01  3.018641e-02 
 1.012038e+01  3.018641e-02 
 1.012070e+01  3.018640e-02 
 1.012102e+01  3.018640e-02 
 1.012134e+01  3.018639e-02 
 1.012166e+01  3.018639e-02 
 1.012198e+01  3.018638e-02 
 1.012231e+01  3.018638e-02 
 1.012263e+01  3.018637e-02 
 1.012295e+01  3.018637e-02 
 1.012327e+01  3.018636e-02 
 1.012359e+01  3.018636e-02 
 1.012391e+01  3.018635e-02 
 1.012424e+01  3.018635e-02 
 1.012456e+01  3.018634e-02 
 1.012488e+01  3.018634e-02 
 1.012520e+01  3.018633e-02 
 1.012552e+01  3.018633e-02 
 1.012584e+01  3.018632e-02 
 1.012617e+01  3.018632e-02 
 1.012649e+01  3.018631e-02 
 1.012681e+01  3.018630e-02 
 1.012713e+01  3.018630e-02 
 1.012745e+01  3.018629e-02 
 1.012777e+01  3.018629e-02 
 1.012809e+01  3.018628e-02 
 1.012842e+01  3.018628e-02 
 1.012874e+01  3.018627e-02 
 1.012906e+01  3.018627e-02 
 1.012938e+01  3.018626e-02 
 1.012970e+01  3.018625e-02 
 1.013002e+01  3.018625e-02 
 1.013035e+01  3.018624e-02 
 1.013067e+01  3.018624e-02 
 1.013099e+01  3.018623e-02 
 1.013131e+01  3.018623e-02 
 1.013163e+01  3.018622e-02 
 1.013195e+01  3.018621e-02 
 1.013227e+01  3.018621e-02 
 1.013260e+01  3.018620e-02 
 1.013292e+01  3.018620e-02 
 1.013324e+01  3.018619e-02 
 1.013356e+01  3.018618e-02 
 1.013388e+01  3.018618e-02 
 1.013420e+01  3.018617e-02 
 1.013453e+01  3.018617e-02 
 1.013485e+01  3.018616e-02 
 1.013517e+01  3.018615e-02 
 1.013549e+01  3.018615e-02 
 1.013581e+01  3.018614e-02 
 1.013613e+01  3.018614e-02 
 1.013645e+01  3.018613e-02 
 1.013678e+01  3.018612e-02 
 1.013710e+01  3.018612e-02 
 1.013742e+01  3.018611e-02 
 1.013774e+01  3.018611e-02 
 1.013806e+01  3.018610e-02 
 1.013838e+01  3.018609e-02 
 1.013871e+01  3.018609e-02 
 1.013903e+01  3.018608e-02 
 1.013935e+01  3.018607e-02 
 1.013967e+01  3.018607e-02 
 1.013999e+01  3.018606e-02 
 1.014031e+01  3.018606e-02 
 1.014064e+01  3.018605e-02 
 1.014096e+01  3.018604e-02 
 1.014128e+01  3.018604e-02 
 1.014160e+01  3.018603e-02 
 1.014192e+01  3.018602e-02 
 1.014224e+01  3.018602e-02 
 1.014256e+01  3.018601e-02 
 1.014289e+01  3.018601e-02 
 1.014321e+01  3.018600e-02 
 1.014353e+01  3.018599e-02 
 1.014385e+01  3.018599e-02 
 1.014417e+01  3.018598e-02 
 1.014449e+01  3.018597e-02 
 1.014482e+01  3.018597e-02 
 1.014514e+01  3.018596e-02 
 1.014546e+01  3.018595e-02 
 1.014578e+01  3.018595e-02 
 1.014610e+01  3.018594e-02 
 1.014642e+01  3.018594e-02 
 1.014674e+01  3.018593e-02 
 1.014707e+01  3.018592e-02 
 1.014739e+01  3.018592e-02 
 1.014771e+01  3.018591e-02 
 1.014803e+01  3.018590e-02 
 1.014835e+01  3.018590e-02 
 1.014867e+01  3.018589e-02 
 1.014900e+01  3.018588e-02 
 1.014932e+01  3.018588e-02 
 1.014964e+01  3.018587e-02 
 1.014996e+01  3.018586e-02 
 1.015028e+01  3.018586e-02 
 1.015060e+01  3.018585e-02 
 1.015092e+01  3.018584e-02 
 1.015125e+01  3.018584e-02 
 1.015157e+01  3.018583e-02 
 1.015189e+01  3.018582e-02 
 1.015221e+01  3.018582e-02 
 1.015253e+01  3.018581e-02 
 1.015285e+01  3.018580e-02 
 1.015318e+01  3.018580e-02 
 1.015350e+01  3.018579e-02 
 1.015382e+01  3.018578e-02 
 1.015414e+01  3.018578e-02 
 1.015446e+01  3.018577e-02 
 1.015478e+01  3.018576e-02 
 1.015511e+01  3.018575e-02 
 1.015543e+01  3.018575e-02 
 1.015575e+01  3.018574e-02 
 1.015607e+01  3.018573e-02 
 1.015639e+01  3.018573e-02 
 1.015671e+01  3.018572e-02 
 1.015703e+01  3.018571e-02 
 1.015736e+01  3.018571e-02 
 1.015768e+01  3.018570e-02 
 1.015800e+01  3.018569e-02 
 1.015832e+01  3.018568e-02 
 1.015864e+01  3.018568e-02 
 1.015896e+01  3.018567e-02 
 1.015929e+01  3.018566e-02 
 1.015961e+01  3.018566e-02 
 1.015993e+01  3.018565e-02 
 1.016025e+01  3.018564e-02 
 1.016057e+01  3.018563e-02 
 1.016089e+01  3.018563e-02 
 1.016121e+01  3.018562e-02 
 1.016154e+01  3.018561e-02 
 1.016186e+01  3.018560e-02 
 1.016218e+01  3.018560e-02 
 1.016250e+01  3.018559e-02 
 1.016282e+01  3.018558e-02 
 1.016314e+01  3.018557e-02 
 1.016347e+01  3.018557e-02 
 1.016379e+01  3.018556e-02 
 1.016411e+01  3.018555e-02 
 1.016443e+01  3.018554e-02 
 1.016475e+01  3.018554e-02 
 1.016507e+01  3.018553e-02 
 1.016539e+01  3.018552e-02 
 1.016572e+01  3.018551e-02 
 1.016604e+01  3.018551e-02 
 1.016636e+01  3.018550e-02 
 1.016668e+01  3.018549e-02 
 1.016700e+01  3.018548e-02 
 1.016732e+01  3.018548e-02 
 1.016765e+01  3.018547e-02 
 1.016797e+01  3.018546e-02 
 1.016829e+01  3.018545e-02 
 1.016861e+01  3.018545e-02 
 1.016893e+01  3.018544e-02 
 1.016925e+01  3.018543e-02 
 1.016958e+01  3.018542e-02 
 1.016990e+01  3.018541e-02 
 1.017022e+01  3.018541e-02 
 1.017054e+01  3.018540e-02 
 1.017086e+01  3.018539e-02 
 1.017118e+01  3.018538e-02 
 1.017150e+01  3.018538e-02 
 1.017183e+01  3.018537e-02 
 1.017215e+01  3.018536e-02 
 1.017247e+01  3.018535e-02 
 1.017279e+01  3.018534e-02 
 1.017311e+01  3.018534e-02 
 1.017343e+01  3.018533e-02 
 1.017376e+01  3.018532e-02 
 1.017408e+01  3.018531e-02 
 1.017440e+01  3.018530e-02 
 1.017472e+01  3.018530e-02 
 1.017504e+01  3.018529e-02 
 1.017536e+01  3.018528e-02 
 1.017568e+01  3.018527e-02 
 1.017601e+01  3.018526e-02 
 1.017633e+01  3.018525e-02 
 1.017665e+01  3.018525e-02 
 1.017697e+01  3.018524e-02 
 1.017729e+01  3.018523e-02 
 1.017761e+01  3.018522e-02 
 1.017794e+01  3.018521e-02 
 1.017826e+01  3.018521e-02 
 1.017858e+01  3.018520e-02 
 1.017890e+01  3.018519e-02 
 1.017922e+01  3.018518e-02 
 1.017954e+01  3.018517e-02 
 1.017986e+01  3.018516e-02 
 1.018019e+01  3.018515e-02 
 1.018051e+01  3.018515e-02 
 1.018083e+01  3.018514e-02 
 1.018115e+01  3.018513e-02 
 1.018147e+01  3.018512e-02 
 1.018179e+01  3.018511e-02 
 1.018212e+01  3.018510e-02 
 1.018244e+01  3.018509e-02 
 1.018276e+01  3.018508e-02 
 1.018308e+01  3.018508e-02 
 1.018340e+01  3.018507e-02 
 1.018372e+01  3.018506e-02 
 1.018405e+01  3.018505e-02 
 1.018437e+01  3.018504e-02 
 1.018469e+01  3.018503e-02 
 1.018501e+01  3.018502e-02 
 1.018533e+01  3.018501e-02 
 1.018565e+01  3.018500e-02 
 1.018597e+01  3.018499e-02 
 1.018630e+01  3.018499e-02 
 1.018662e+01  3.018498e-02 
 1.018694e+01  3.018497e-02 
 1.018726e+01  3.018496e-02 
 1.018758e+01  3.018495e-02 
 1.018790e+01  3.018494e-02 
 1.018823e+01  3.018493e-02 
 1.018855e+01  3.018492e-02 
 1.018887e+01  3.018491e-02 
 1.018919e+01  3.018490e-02 
 1.018951e+01  3.018489e-02 
 1.018983e+01  3.018488e-02 
 1.019015e+01  3.018487e-02 
 1.019048e+01  3.018486e-02 
 1.019080e+01  3.018485e-02 
 1.019112e+01  3.018484e-02 
 1.019144e+01  3.018483e-02 
 1.019176e+01  3.018482e-02 
 1.019208e+01  3.018481e-02 
 1.019241e+01  3.018480e-02 
 1.019273e+01  3.018479e-02 
 1.019305e+01  3.018478e-02 
 1.019337e+01  3.018477e-02 
 1.019369e+01  3.018476e-02 
 1.019401e+01  3.018475e-02 
 1.019433e+01  3.018474e-02 
 1.019466e+01  3.018473e-02 
 1.019498e+01  3.018472e-02 
 1.019530e+01  3.018471e-02 
 1.019562e+01  3.018470e-02 
 1.019594e+01  3.018469e-02 
 1.019626e+01  3.018468e-02 
 1.019659e+01  3.018467e-02 
 1.019691e+01  3.018466e-02 
 1.019723e+01  3.018465e-02 
 1.019755e+01  3.018464e-02 
 1.019787e+01  3.018463e-02 
 1.019819e+01  3.018462e-02 
 1.019852e+01  3.018461e-02 
 1.019884e+01  3.018460e-02 
 1.019916e+01  3.018458e-02 
 1.019948e+01  3.018457e-02 
 1.019980e+01  3.018456e-02 
 1.020012e+01  3.018455e-02 
 1.020044e+01  3.018454e-02 
 1.020077e+01  3.018453e-02 
 1.020109e+01  3.018452e-02 
 1.020141e+01  3.018451e-02 
 1.020173e+01  3.018450e-02 
 1.020205e+01  3.018449e-02 
 1.020237e+01  3.018448e-02 
 1.020270e+01  3.018447e-02 
 1.020302e+01  3.018445e-02 
 1.020334e+01  3.018444e-02 
 1.020366e+01  3.018443e-02 
 1.020398e+01  3.018442e-02 
 1.020430e+01  3.018441e-02 
 1.020462e+01  3.018440e-02 
 1.020495e+01  3.018439e-02 
 1.020527e+01  3.018438e-02 
 1.020559e+01  3.018437e-02 
 1.020591e+01  3.018435e-02 
 1.020623e+01  3.018434e-02 
 1.020655e+01  3.018433e-02 
 1.020688e+01  3.018432e-02 
 1.020720e+01  3.018431e-02 
 1.020752e+01  3.018430e-02 
 1.020784e+01  3.018429e-02 
 1.020816e+01  3.018428e-02 
 1.020848e+01  3.018427e-02 
 1.020881e+01  3.018425e-02 
 1.020913e+01  3.018424e-02 
 1.020945e+01  3.018423e-02 
 1.020977e+01  3.018422e-02 
 1.021009e+01  3.018421e-02 
 1.021041e+01  3.018420e-02 
 1.021073e+01  3.018419e-02 
 1.021106e+01  3.018418e-02 
 1.021138e+01  3.018416e-02 
 1.021170e+01  3.018415e-02 
 1.021202e+01  3.018414e-02 
 1.021234e+01  3.018413e-02 
 1.021266e+01  3.018412e-02 
 1.021299e+01  3.018411e-02 
 1.021331e+01  3.018410e-02 
 1.021363e+01  3.018409e-02 
 1.021395e+01  3.018408e-02 
 1.021427e+01  3.018407e-02 
 1.021459e+01  3.018405e-02 
 1.021491e+01  3.018404e-02 
 1.021524e+01  3.018403e-02 
 1.021556e+01  3.018402e-02 
 1.021588e+01  3.018401e-02 
 1.021620e+01  3.018400e-02 
 1.021652e+01  3.018399e-02 
 1.021684e+01  3.018398e-02 
 1.021717e+01  3.018397e-02 
 1.021749e+01  3.018396e-02 
 1.021781e+01  3.018395e-02 
 1.021813e+01  3.018394e-02 
 1.021845e+01  3.018393e-02 
 1.021877e+01  3.018391e-02 
 1.021909e+01  3.018390e-02 
 1.021942e+01  3.018389e-02 
 1.021974e+01  3.018388e-02 
 1.022006e+01  3.018387e-02 
 1.022038e+01  3.018386e-02 
 1.022070e+01  3.018385e-02 
 1.022102e+01  3.018384e-02 
 1.022135e+01  3.018383e-02 
 1.022167e+01  3.018382e-02 
 1.022199e+01  3.018381e-02 
 1.022231e+01  3.018380e-02 
 1.022263e+01  3.018379e-02 
 1.022295e+01  3.018378e-02 
 1.022328e+01  3.018377e-02 
 1.022360e+01  3.018376e-02 
 1.022392e+01  3.018375e-02 
 1.022424e+01  3.018374e-02 
 1.022456e+01  3.018373e-02 
 1.022488e+01  3.018372e-02 
 1.022520e+01  3.018371e-02 
 1.022553e+01  3.018370e-02 
 1.022585e+01  3.018369e-02 
 1.022617e+01  3.018368e-02 
 1.022649e+01  3.018367e-02 
 1.022681e+01  3.018366e-02 
 1.022713e+01  3.018365e-02 
 1.022746e+01  3.018364e-02 
 1.022778e+01  3.018363e-02 
 1.022810e+01  3.018362e-02 
 1.022842e+01  3.018361e-02 
 1.022874e+01  3.018360e-02 
 1.022906e+01  3.018360e-02 
 1.022938e+01  3.018359e-02 
 1.022971e+01  3.018358e-02 
 1.023003e+01  3.018357e-02 
 1.023035e+01  3.018356e-02 
 1.023067e+01  3.018355e-02 
 1.023099e+01  3.018354e-02 
 1.023131e+01  3.018353e-02 
 1.023164e+01  3.018352e-02 
 1.023196e+01  3.018351e-02 
 1.023228e+01  3.018350e-02 
 1.023260e+01  3.018349e-02 
 1.023292e+01  3.018349e-02 
 1.023324e+01  3.018348e-02 
 1.023356e+01  3.018347e-02 
 1.023389e+01  3.018346e-02 
 1.023421e+01  3.018345e-02 
 1.023453e+01  3.018344e-02 
 1.023485e+01  3.018343e-02 
 1.023517e+01  3.018343e-02 
 1.023549e+01  3.018342e-02 
 1.023582e+01  3.018341e-02 
 1.023614e+01  3.018340e-02 
 1.023646e+01  3.018339e-02 
 1.023678e+01  3.018338e-02 
 1.023710e+01  3.018338e-02 
 1.023742e+01  3.018337e-02 
 1.023775e+01  3.018336e-02 
 1.023807e+01  3.018335e-02 
 1.023839e+01  3.018334e-02 
 1.023871e+01  3.018333e-02 
 1.023903e+01  3.018333e-02 
 1.023935e+01  3.018332e-02 
 1.023967e+01  3.018331e-02 
 1.024000e+01  3.018330e-02 
 1.024032e+01  3.018330e-02 
 1.024064e+01  3.018329e-02 
 1.024096e+01  3.018328e-02 
 1.024128e+01  3.018327e-02 
 1.024160e+01  3.018326e-02 
 1.024193e+01  3.018326e-02 
 1.024225e+01  3.018325e-02 
 1.024257e+01  3.018324e-02 
 1.024289e+01  3.018324e-02 
 1.024321e+01  3.018323e-02 
 1.024353e+01  3.018322e-02 
 1.024385e+01  3.018321e-02 
 1.024418e+01  3.018321e-02 
 1.024450e+01  3.018320e-02 
 1.024482e+01  3.018319e-02 
 1.024514e+01  3.018319e-02 
 1.024546e+01  3.018318e-02 
 1.024578e+01  3.018317e-02 
 1.024611e+01  3.018317e-02 
 1.024643e+01  3.018316e-02 
 1.024675e+01  3.018315e-02 
 1.024707e+01  3.018315e-02 
 1.024739e+01  3.018314e-02 
 1.024771e+01  3.018313e-02 
 1.024803e+01  3.018313e-02 
 1.024836e+01  3.018312e-02 
 1.024868e+01  3.018311e-02 
 1.024900e+01  3.018311e-02 
 1.024932e+01  3.018310e-02 
 1.024964e+01  3.018309e-02 
 1.024996e+01  3.018309e-02 
 1.025029e+01  3.018308e-02 
 1.025061e+01  3.018308e-02 
 1.025093e+01  3.018307e-02 
 1.025125e+01  3.018306e-02 
 1.025157e+01  3.018306e-02 
 1.025189e+01  3.018305e-02 
 1.025222e+01  3.018305e-02 
 1.025254e+01  3.018304e-02 
 1.025286e+01  3.018303e-02 
 1.025318e+01  3.018303e-02 
 1.025350e+01  3.018302e-02 
 1.025382e+01  3.018302e-02 
 1.025414e+01  3.018301e-02 
 1.025447e+01  3.018301e-02 
 1.025479e+01  3.018300e-02 
 1.025511e+01  3.018300e-02 
 1.025543e+01  3.018299e-02 
 1.025575e+01  3.018298e-02 
 1.025607e+01  3.018298e-02 
 1.025640e+01  3.018297e-02 
 1.025672e+01  3.018297e-02 
 1.025704e+01  3.018296e-02 
 1.025736e+01  3.018296e-02 
 1.025768e+01  3.018295e-02 
 1.025800e+01  3.018295e-02 
 1.025832e+01  3.018294e-02 
 1.025865e+01  3.018294e-02 
 1.025897e+01  3.018293e-02 
 1.025929e+01  3.018293e-02 
 1.025961e+01  3.018292e-02 
 1.025993e+01  3.018292e-02 
 1.026025e+01  3.018291e-02 
 1.026058e+01  3.018291e-02 
 1.026090e+01  3.018290e-02 
 1.026122e+01  3.018290e-02 
 1.026154e+01  3.018289e-02 
 1.026186e+01  3.018289e-02 
 1.026218e+01  3.018288e-02 
 1.026250e+01  3.018288e-02 
 1.026283e+01  3.018287e-02 
 1.026315e+01  3.018287e-02 
 1.026347e+01  3.018286e-02 
 1.026379e+01  3.018286e-02 
 1.026411e+01  3.018285e-02 
 1.026443e+01  3.018285e-02 
 1.026476e+01  3.018284e-02 
 1.026508e+01  3.018284e-02 
 1.026540e+01  3.018283e-02 
 1.026572e+01  3.018283e-02 
 1.026604e+01  3.018282e-02 
 1.026636e+01  3.018282e-02 
 1.026669e+01  3.018282e-02 
 1.026701e+01  3.018281e-02 
 1.026733e+01  3.018281e-02 
 1.026765e+01  3.018280e-02 
 1.026797e+01  3.018280e-02 
 1.026829e+01  3.018279e-02 
 1.026861e+01  3.018279e-02 
 1.026894e+01  3.018278e-02 
 1.026926e+01  3.018278e-02 
 1.026958e+01  3.018278e-02 
 1.026990e+01  3.018277e-02 
 1.027022e+01  3.018277e-02 
 1.027054e+01  3.018276e-02 
 1.027087e+01  3.018276e-02 
 1.027119e+01  3.018275e-02 
 1.027151e+01  3.018275e-02 
 1.027183e+01  3.018275e-02 
 1.027215e+01  3.018274e-02 
 1.027247e+01  3.018274e-02 
 1.027279e+01  3.018273e-02 
 1.027312e+01  3.018273e-02 
 1.027344e+01  3.018273e-02 
 1.027376e+01  3.018272e-02 
 1.027408e+01  3.018272e-02 
 1.027440e+01  3.018272e-02 
 1.027472e+01  3.018271e-02 
 1.027505e+01  3.018271e-02 
 1.027537e+01  3.018270e-02 
 1.027569e+01  3.018270e-02 
 1.027601e+01  3.018270e-02 
 1.027633e+01  3.018269e-02 
 1.027665e+01  3.018269e-02 
 1.027697e+01  3.018269e-02 
 1.027730e+01  3.018268e-02 
 1.027762e+01  3.018268e-02 
 1.027794e+01  3.018268e-02 
 1.027826e+01  3.018267e-02 
 1.027858e+01  3.018267e-02 
 1.027890e+01  3.018266e-02 
 1.027923e+01  3.018266e-02 
 1.027955e+01  3.018266e-02 
 1.027987e+01  3.018265e-02 
 1.028019e+01  3.018265e-02 
 1.028051e+01  3.018265e-02 
 1.028083e+01  3.018264e-02 
 1.028116e+01  3.018264e-02 
 1.028148e+01  3.018264e-02 
 1.028180e+01  3.018263e-02 
 1.028212e+01  3.018263e-02 
 1.028244e+01  3.018263e-02 
 1.028276e+01  3.018262e-02 
 1.028308e+01  3.018262e-02 
 1.028341e+01  3.018262e-02 
 1.028373e+01  3.018261e-02 
 1.028405e+01  3.018261e-02 
 1.028437e+01  3.018261e-02 
 1.028469e+01  3.018261e-02 
 1.028501e+01  3.018260e-02 
 1.028534e+01  3.018260e-02 
 1.028566e+01  3.018260e-02 
 1.028598e+01  3.018259e-02 
 1.028630e+01  3.018259e-02 
 1.028662e+01  3.018259e-02 
 1.028694e+01  3.018258e-02 
 1.028726e+01  3.018258e-02 
 1.028759e+01  3.018258e-02 
 1.028791e+01  3.018257e-02 
 1.028823e+01  3.018257e-02 
 1.028855e+01  3.018257e-02 
 1.028887e+01  3.018256e-02 
 1.028919e+01  3.018256e-02 
 1.028952e+01  3.018256e-02 
 1.028984e+01  3.018255e-02 
 1.029016e+01  3.018255e-02 
 1.029048e+01  3.018255e-02 
 1.029080e+01  3.018254e-02 
 1.029112e+01  3.018254e-02 
 1.029145e+01  3.018254e-02 
 1.029177e+01  3.018253e-02 
 1.029209e+01  3.018253e-02 
 1.029241e+01  3.018252e-02 
 1.029273e+01  3.018252e-02 
 1.029305e+01  3.018252e-02 
 1.029337e+01  3.018251e-02 
 1.029370e+01  3.018251e-02 
 1.029402e+01  3.018251e-02 
 1.029434e+01  3.018250e-02 
 1.029466e+01  3.018250e-02 
 1.029498e+01  3.018250e-02 
 1.029530e+01  3.018249e-02 
 1.029563e+01  3.018249e-02 
 1.029595e+01  3.018249e-02 
 1.029627e+01  3.018248e-02 
 1.029659e+01  3.018248e-02 
 1.029691e+01  3.018247e-02 
 1.029723e+01  3.018247e-02 
 1.029755e+01  3.018247e-02 
 1.029788e+01  3.018246e-02 
 1.029820e+01  3.018246e-02 
 1.029852e+01  3.018246e-02 
 1.029884e+01  3.018245e-02 
 1.029916e+01  3.018245e-02 
 1.029948e+01  3.018244e-02 
 1.029981e+01  3.018244e-02 
 1.030013e+01  3.018244e-02 
 1.030045e+01  3.018243e-02 
 1.030077e+01  3.018243e-02 
 1.030109e+01  3.018242e-02 
 1.030141e+01  3.018242e-02 
 1.030173e+01  3.018242e-02 
 1.030206e+01  3.018241e-02 
 1.030238e+01  3.018241e-02 
 1.030270e+01  3.018240e-02 
 1.030302e+01  3.018240e-02 
 1.030334e+01  3.018239e-02 
 1.030366e+01  3.018239e-02 
 1.030399e+01  3.018239e-02 
 1.030431e+01  3.018238e-02 
 1.030463e+01  3.018238e-02 
 1.030495e+01  3.018237e-02 
 1.030527e+01  3.018237e-02 
 1.030559e+01  3.018236e-02 
 1.030592e+01  3.018236e-02 
 1.030624e+01  3.018236e-02 
 1.030656e+01  3.018235e-02 
 1.030688e+01  3.018235e-02 
 1.030720e+01  3.018234e-02 
 1.030752e+01  3.018234e-02 
 1.030784e+01  3.018233e-02 
 1.030817e+01  3.018233e-02 
 1.030849e+01  3.018232e-02 
 1.030881e+01  3.018232e-02 
 1.030913e+01  3.018231e-02 
 1.030945e+01  3.018231e-02 
 1.030977e+01  3.018230e-02 
 1.031010e+01  3.018230e-02 
 1.031042e+01  3.018230e-02 
 1.031074e+01  3.018229e-02 
 1.031106e+01  3.018229e-02 
 1.031138e+01  3.018228e-02 
 1.031170e+01  3.018228e-02 
 1.031202e+01  3.018227e-02 
 1.031235e+01  3.018227e-02 
 1.031267e+01  3.018226e-02 
 1.031299e+01  3.018226e-02 
 1.031331e+01  3.018225e-02 
 1.031363e+01  3.018225e-02 
 1.031395e+01  3.018224e-02 
 1.031428e+01  3.018224e-02 
 1.031460e+01  3.018223e-02 
 1.031492e+01  3.018223e-02 
 1.031524e+01  3.018222e-02 
 1.031556e+01  3.018222e-02 
 1.031588e+01  3.018221e-02 
 1.031620e+01  3.018221e-02 
 1.031653e+01  3.018220e-02 
 1.031685e+01  3.018220e-02 
 1.031717e+01  3.018219e-02 
 1.031749e+01  3.018218e-02 
 1.031781e+01  3.018218e-02 
 1.031813e+01  3.018217e-02 
 1.031846e+01  3.018217e-02 
 1.031878e+01  3.018216e-02 
 1.031910e+01  3.018216e-02 
 1.031942e+01  3.018215e-02 
 1.031974e+01  3.018215e-02 
 1.032006e+01  3.018214e-02 
 1.032039e+01  3.018214e-02 
 1.032071e+01  3.018213e-02 
 1.032103e+01  3.018213e-02 
 1.032135e+01  3.018212e-02 
 1.032167e+01  3.018211e-02 
 1.032199e+01  3.018211e-02 
 1.032231e+01  3.018210e-02 
 1.032264e+01  3.018210e-02 
 1.032296e+01  3.018209e-02 
 1.032328e+01  3.018209e-02 
 1.032360e+01  3.018208e-02 
 1.032392e+01  3.018207e-02 
 1.032424e+01  3.018207e-02 
 1.032457e+01  3.018206e-02 
 1.032489e+01  3.018206e-02 
 1.032521e+01  3.018205e-02 
 1.032553e+01  3.018205e-02 
 1.032585e+01  3.018204e-02 
 1.032617e+01  3.018203e-02 
 1.032649e+01  3.018203e-02 
 1.032682e+01  3.018202e-02 
 1.032714e+01  3.018202e-02 
 1.032746e+01  3.018201e-02 
 1.032778e+01  3.018200e-02 
 1.032810e+01  3.018200e-02 
 1.032842e+01  3.018199e-02 
 1.032875e+01  3.018198e-02 
 1.032907e+01  3.018198e-02 
 1.032939e+01  3.018197e-02 
 1.032971e+01  3.018197e-02 
 1.033003e+01  3.018196e-02 
 1.033035e+01  3.018195e-02 
 1.033067e+01  3.018195e-02 
 1.033100e+01  3.018194e-02 
 1.033132e+01  3.018193e-02 
 1.033164e+01  3.018193e-02 
 1.033196e+01  3.018192e-02 
 1.033228e+01  3.018191e-02 
 1.033260e+01  3.018191e-02 
 1.033293e+01  3.018190e-02 
 1.033325e+01  3.018189e-02 
 1.033357e+01  3.018189e-02 
 1.033389e+01  3.018188e-02 
 1.033421e+01  3.018187e-02 
 1.033453e+01  3.018187e-02 
 1.033486e+01  3.018186e-02 
 1.033518e+01  3.018185e-02 
 1.033550e+01  3.018185e-02 
 1.033582e+01  3.018184e-02 
 1.033614e+01  3.018183e-02 
 1.033646e+01  3.018182e-02 
 1.033678e+01  3.018182e-02 
 1.033711e+01  3.018181e-02 
 1.033743e+01  3.018180e-02 
 1.033775e+01  3.018180e-02 
 1.033807e+01  3.018179e-02 
 1.033839e+01  3.018178e-02 
 1.033871e+01  3.018177e-02 
 1.033904e+01  3.018177e-02 
 1.033936e+01  3.018176e-02 
 1.033968e+01  3.018175e-02 
 1.034000e+01  3.018175e-02 
 1.034032e+01  3.018174e-02 
 1.034064e+01  3.018173e-02 
 1.034096e+01  3.018172e-02 
 1.034129e+01  3.018172e-02 
 1.034161e+01  3.018171e-02 
 1.034193e+01  3.018170e-02 
 1.034225e+01  3.018169e-02 
 1.034257e+01  3.018169e-02 
 1.034289e+01  3.018168e-02 
 1.034322e+01  3.018167e-02 
 1.034354e+01  3.018166e-02 
 1.034386e+01  3.018166e-02 
 1.034418e+01  3.018165e-02 
 1.034450e+01  3.018164e-02 
 1.034482e+01  3.018164e-02 
 1.034514e+01  3.018163e-02 
 1.034547e+01  3.018162e-02 
 1.034579e+01  3.018161e-02 
 1.034611e+01  3.018161e-02 
 1.034643e+01  3.018160e-02 
 1.034675e+01  3.018159e-02 
 1.034707e+01  3.018158e-02 
 1.034740e+01  3.018158e-02 
 1.034772e+01  3.018157e-02 
 1.034804e+01  3.018156e-02 
 1.034836e+01  3.018155e-02 
 1.034868e+01  3.018155e-02 
 1.034900e+01  3.018154e-02 
 1.034933e+01  3.018153e-02 
 1.034965e+01  3.018152e-02 
 1.034997e+01  3.018152e-02 
 1.035029e+01  3.018151e-02 
 1.035061e+01  3.018150e-02 
 1.035093e+01  3.018150e-02 
 1.035125e+01  3.018149e-02 
 1.035158e+01  3.018148e-02 
 1.035190e+01  3.018147e-02 
 1.035222e+01  3.018147e-02 
 1.035254e+01  3.018146e-02 
 1.035286e+01  3.018145e-02 
 1.035318e+01  3.018145e-02 
 1.035351e+01  3.018144e-02 
 1.035383e+01  3.018143e-02 
 1.035415e+01  3.018142e-02 
 1.035447e+01  3.018142e-02 
 1.035479e+01  3.018141e-02 
 1.035511e+01  3.018140e-02 
 1.035543e+01  3.018140e-02 
 1.035576e+01  3.018139e-02 
 1.035608e+01  3.018138e-02 
 1.035640e+01  3.018137e-02 
 1.035672e+01  3.018137e-02 
 1.035704e+01  3.018136e-02 
 1.035736e+01  3.018135e-02 
 1.035769e+01  3.018135e-02 
 1.035801e+01  3.018134e-02 
 1.035833e+01  3.018133e-02 
 1.035865e+01  3.018133e-02 
 1.035897e+01  3.018132e-02 
 1.035929e+01  3.018131e-02 
 1.035961e+01  3.018130e-02 
 1.035994e+01  3.018130e-02 
 1.036026e+01  3.018129e-02 
 1.036058e+01  3.018128e-02 
 1.036090e+01  3.018128e-02 
 1.036122e+01  3.018127e-02 
 1.036154e+01  3.018126e-02 
 1.036187e+01  3.018126e-02 
 1.036219e+01  3.018125e-02 
 1.036251e+01  3.018124e-02 
 1.036283e+01  3.018124e-02 
 1.036315e+01  3.018123e-02 
 1.036347e+01  3.018122e-02 
 1.036380e+01  3.018122e-02 
 1.036412e+01  3.018121e-02 
 1.036444e+01  3.018120e-02 
 1.036476e+01  3.018120e-02 
 1.036508e+01  3.018119e-02 
 1.036540e+01  3.018118e-02 
 1.036572e+01  3.018118e-02 
 1.036605e+01  3.018117e-02 
 1.036637e+01  3.018116e-02 
 1.036669e+01  3.018116e-02 
 1.036701e+01  3.018115e-02 
 1.036733e+01  3.018114e-02 
 1.036765e+01  3.018114e-02 
 1.036798e+01  3.018113e-02 
 1.036830e+01  3.018112e-02 
 1.036862e+01  3.018112e-02 
 1.036894e+01  3.018111e-02 
 1.036926e+01  3.018110e-02 
 1.036958e+01  3.018110e-02 
 1.036990e+01  3.018109e-02 
 1.037023e+01  3.018109e-02 
 1.037055e+01  3.018108e-02 
 1.037087e+01  3.018107e-02 
 1.037119e+01  3.018107e-02 
 1.037151e+01  3.018106e-02 
 1.037183e+01  3.018105e-02 
 1.037216e+01  3.018105e-02 
 1.037248e+01  3.018104e-02 
 1.037280e+01  3.018104e-02 
 1.037312e+01  3.018103e-02 
 1.037344e+01  3.018102e-02 
 1.037376e+01  3.018102e-02 
 1.037409e+01  3.018101e-02 
 1.037441e+01  3.018101e-02 
 1.037473e+01  3.018100e-02 
 1.037505e+01  3.018099e-02 
 1.037537e+01  3.018099e-02 
 1.037569e+01  3.018098e-02 
 1.037601e+01  3.018098e-02 
 1.037634e+01  3.018097e-02 
 1.037666e+01  3.018097e-02 
 1.037698e+01  3.018096e-02 
 1.037730e+01  3.018095e-02 
 1.037762e+01  3.018095e-02 
 1.037794e+01  3.018094e-02 
 1.037827e+01  3.018094e-02 
 1.037859e+01  3.018093e-02 
 1.037891e+01  3.018093e-02 
 1.037923e+01  3.018092e-02 
 1.037955e+01  3.018092e-02 
 1.037987e+01  3.018091e-02 
 1.038019e+01  3.018091e-02 
 1.038052e+01  3.018090e-02 
 1.038084e+01  3.018090e-02 
 1.038116e+01  3.018089e-02 
 1.038148e+01  3.018089e-02 
 1.038180e+01  3.018088e-02 
 1.038212e+01  3.018088e-02 
 1.038245e+01  3.018087e-02 
 1.038277e+01  3.018087e-02 
 1.038309e+01  3.018086e-02 
 1.038341e+01  3.018086e-02 
 1.038373e+01  3.018085e-02 
 1.038405e+01  3.018085e-02 
 1.038437e+01  3.018084e-02 
 1.038470e+01  3.018084e-02 
 1.038502e+01  3.018083e-02 
 1.038534e+01  3.018083e-02 
 1.038566e+01  3.018083e-02 
 1.038598e+01  3.018082e-02 
 1.038630e+01  3.018082e-02 
 1.038663e+01  3.018081e-02 
 1.038695e+01  3.018081e-02 
 1.038727e+01  3.018080e-02 
 1.038759e+01  3.018080e-02 
 1.038791e+01  3.018080e-02 
 1.038823e+01  3.018079e-02 
 1.038856e+01  3.018079e-02 
 1.038888e+01  3.018079e-02 
 1.038920e+01  3.018078e-02 
 1.038952e+01  3.018078e-02 
 1.038984e+01  3.018078e-02 
 1.039016e+01  3.018077e-02 
 1.039048e+01  3.018077e-02 
 1.039081e+01  3.018077e-02 
 1.039113e+01  3.018076e-02 
 1.039145e+01  3.018076e-02 
 1.039177e+01  3.018076e-02 
 1.039209e+01  3.018075e-02 
 1.039241e+01  3.018075e-02 
 1.039274e+01  3.018075e-02 
 1.039306e+01  3.018075e-02 
 1.039338e+01  3.018074e-02 
 1.039370e+01  3.018074e-02 
 1.039402e+01  3.018074e-02 
 1.039434e+01  3.018074e-02 
 1.039466e+01  3.018073e-02 
 1.039499e+01  3.018073e-02 
 1.039531e+01  3.018073e-02 
 1.039563e+01  3.018073e-02 
 1.039595e+01  3.018073e-02 
 1.039627e+01  3.018072e-02 
 1.039659e+01  3.018072e-02 
 1.039692e+01  3.018072e-02 
 1.039724e+01  3.018072e-02 
 1.039756e+01  3.018072e-02 
 1.039788e+01  3.018072e-02 
 1.039820e+01  3.018071e-02 
 1.039852e+01  3.018071e-02 
 1.039884e+01  3.018071e-02 
 1.039917e+01  3.018071e-02 
 1.039949e+01  3.018071e-02 
 1.039981e+01  3.018071e-02 
 1.040013e+01  3.018071e-02 
 1.040045e+01  3.018071e-02 
 1.040077e+01  3.018071e-02 
 1.040110e+01  3.018071e-02 
 1.040142e+01  3.018071e-02 
 1.040174e+01  3.018071e-02 
 1.040206e+01  3.018071e-02 
 1.040238e+01  3.018071e-02 
 1.040270e+01  3.018071e-02 
 1.040303e+01  3.018071e-02 
 1.040335e+01  3.018071e-02 
 1.040367e+01  3.018071e-02 
 1.040399e+01  3.018071e-02 
 1.040431e+01  3.018071e-02 
 1.040463e+01  3.018071e-02 
 1.040495e+01  3.018071e-02 
 1.040528e+01  3.018071e-02 
 1.040560e+01  3.018071e-02 
 1.040592e+01  3.018071e-02 
 1.040624e+01  3.018071e-02 
 1.040656e+01  3.018071e-02 
 1.040688e+01  3.018071e-02 
 1.040721e+01  3.018071e-02 
 1.040753e+01  3.018071e-02 
 1.040785e+01  3.018072e-02 
 1.040817e+01  3.018072e-02 
 1.040849e+01  3.018072e-02 
 1.040881e+01  3.018072e-02 
 1.040913e+01  3.018072e-02 
 1.040946e+01  3.018072e-02 
 1.040978e+01  3.018073e-02 
 1.041010e+01  3.018073e-02 
 1.041042e+01  3.018073e-02 
 1.041074e+01  3.018073e-02 
 1.041106e+01  3.018073e-02 
 1.041139e+01  3.018074e-02 
 1.041171e+01  3.018074e-02 
 1.041203e+01  3.018074e-02 
 1.041235e+01  3.018074e-02 
 1.041267e+01  3.018074e-02 
 1.041299e+01  3.018075e-02 
 1.041331e+01  3.018075e-02 
 1.041364e+01  3.018075e-02 
 1.041396e+01  3.018075e-02 
 1.041428e+01  3.018076e-02 
 1.041460e+01  3.018076e-02 
 1.041492e+01  3.018076e-02 
 1.041524e+01  3.018076e-02 
 1.041557e+01  3.018077e-02 
 1.041589e+01  3.018077e-02 
 1.041621e+01  3.018077e-02 
 1.041653e+01  3.018078e-02 
 1.041685e+01  3.018078e-02 
 1.041717e+01  3.018078e-02 
 1.041750e+01  3.018079e-02 
 1.041782e+01  3.018079e-02 
 1.041814e+01  3.018079e-02 
 1.041846e+01  3.018080e-02 
 1.041878e+01  3.018080e-02 
 1.041910e+01  3.018080e-02 
 1.041942e+01  3.018081e-02 
 1.041975e+01  3.018081e-02 
 1.042007e+01  3.018081e-02 
 1.042039e+01  3.018082e-02 
 1.042071e+01  3.018082e-02 
 1.042103e+01  3.018082e-02 
 1.042135e+01  3.018083e-02 
 1.042168e+01  3.018083e-02 
 1.042200e+01  3.018084e-02 
 1.042232e+01  3.018084e-02 
 1.042264e+01  3.018084e-02 
 1.042296e+01  3.018085e-02 
 1.042328e+01  3.018085e-02 
 1.042360e+01  3.018086e-02 
 1.042393e+01  3.018086e-02 
 1.042425e+01  3.018086e-02 
 1.042457e+01  3.018087e-02 
 1.042489e+01  3.018087e-02 
 1.042521e+01  3.018088e-02 
 1.042553e+01  3.018088e-02 
 1.042586e+01  3.018089e-02 
 1.042618e+01  3.018089e-02 
 1.042650e+01  3.018090e-02 
 1.042682e+01  3.018090e-02 
 1.042714e+01  3.018090e-02 
 1.042746e+01  3.018091e-02 
 1.042778e+01  3.018091e-02 
 1.042811e+01  3.018092e-02 
 1.042843e+01  3.018092e-02 
 1.042875e+01  3.018093e-02 
 1.042907e+01  3.018093e-02 
 1.042939e+01  3.018094e-02 
 1.042971e+01  3.018094e-02 
 1.043004e+01  3.018095e-02 
 1.043036e+01  3.018095e-02 
 1.043068e+01  3.018096e-02 
 1.043100e+01  3.018096e-02 
 1.043132e+01  3.018097e-02 
 1.043164e+01  3.018097e-02 
 1.043197e+01  3.018098e-02 
 1.043229e+01  3.018098e-02 
 1.043261e+01  3.018099e-02 
 1.043293e+01  3.018099e-02 
 1.043325e+01  3.018100e-02 
 1.043357e+01  3.018100e-02 
 1.043389e+01  3.018101e-02 
 1.043422e+01  3.018102e-02 
 1.043454e+01  3.018102e-02 
 1.043486e+01  3.018103e-02 
 1.043518e+01  3.018103e-02 
 1.043550e+01  3.018104e-02 
 1.043582e+01  3.018104e-02 
 1.043615e+01  3.018105e-02 
 1.043647e+01  3.018105e-02 
 1.043679e+01  3.018106e-02 
 1.043711e+01  3.018107e-02 
 1.043743e+01  3.018107e-02 
 1.043775e+01  3.018108e-02 
 1.043807e+01  3.018108e-02 
 1.043840e+01  3.018109e-02 
 1.043872e+01  3.018109e-02 
 1.043904e+01  3.018110e-02 
 1.043936e+01  3.018111e-02 
 1.043968e+01  3.018111e-02 
 1.044000e+01  3.018112e-02 
 1.044033e+01  3.018112e-02 
 1.044065e+01  3.018113e-02 
 1.044097e+01  3.018114e-02 
 1.044129e+01  3.018114e-02 
 1.044161e+01  3.018115e-02 
 1.044193e+01  3.018115e-02 
 1.044226e+01  3.018116e-02 
 1.044258e+01  3.018117e-02 
 1.044290e+01  3.018117e-02 
 1.044322e+01  3.018118e-02 
 1.044354e+01  3.018119e-02 
 1.044386e+01  3.018119e-02 
 1.044418e+01  3.018120e-02 
 1.044451e+01  3.018121e-02 
 1.044483e+01  3.018121e-02 
 1.044515e+01  3.018122e-02 
 1.044547e+01  3.018122e-02 
 1.044579e+01  3.018123e-02 
 1.044611e+01  3.018124e-02 
 1.044644e+01  3.018124e-02 
 1.044676e+01  3.018125e-02 
 1.044708e+01  3.018126e-02 
 1.044740e+01  3.018126e-02 
 1.044772e+01  3.018127e-02 
 1.044804e+01  3.018128e-02 
 1.044836e+01  3.018128e-02 
 1.044869e+01  3.018129e-02 
 1.044901e+01  3.018130e-02 
 1.044933e+01  3.018130e-02 
 1.044965e+01  3.018131e-02 
 1.044997e+01  3.018132e-02 
 1.045029e+01  3.018133e-02 
 1.045062e+01  3.018133e-02 
 1.045094e+01  3.018134e-02 
 1.045126e+01  3.018135e-02 
 1.045158e+01  3.018135e-02 
 1.045190e+01  3.018136e-02 
 1.045222e+01  3.018137e-02 
 1.045254e+01  3.018138e-02 
 1.045287e+01  3.018138e-02 
 1.045319e+01  3.018139e-02 
 1.045351e+01  3.018140e-02 
 1.045383e+01  3.018141e-02 
 1.045415e+01  3.018141e-02 
 1.045447e+01  3.018142e-02 
 1.045480e+01  3.018143e-02 
 1.045512e+01  3.018144e-02 
 1.045544e+01  3.018144e-02 
 1.045576e+01  3.018145e-02 
 1.045608e+01  3.018146e-02 
 1.045640e+01  3.018147e-02 
 1.045673e+01  3.018147e-02 
 1.045705e+01  3.018148e-02 
 1.045737e+01  3.018149e-02 
 1.045769e+01  3.018150e-02 
 1.045801e+01  3.018151e-02 
 1.045833e+01  3.018151e-02 
 1.045865e+01  3.018152e-02 
 1.045898e+01  3.018153e-02 
 1.045930e+01  3.018154e-02 
 1.045962e+01  3.018155e-02 
 1.045994e+01  3.018155e-02 
 1.046026e+01  3.018156e-02 
 1.046058e+01  3.018157e-02 
 1.046091e+01  3.018158e-02 
 1.046123e+01  3.018159e-02 
 1.046155e+01  3.018160e-02 
 1.046187e+01  3.018160e-02 
 1.046219e+01  3.018161e-02 
 1.046251e+01  3.018162e-02 
 1.046283e+01  3.018163e-02 
 1.046316e+01  3.018164e-02 
 1.046348e+01  3.018165e-02 
 1.046380e+01  3.018166e-02 
 1.046412e+01  3.018167e-02 
 1.046444e+01  3.018167e-02 
 1.046476e+01  3.018168e-02 
 1.046509e+01  3.018169e-02 
 1.046541e+01  3.018170e-02 
 1.046573e+01  3.018171e-02 
 1.046605e+01  3.018172e-02 
 1.046637e+01  3.018173e-02 
 1.046669e+01  3.018174e-02 
 1.046701e+01  3.018174e-02 
 1.046734e+01  3.018175e-02 
 1.046766e+01  3.018176e-02 
 1.046798e+01  3.018177e-02 
 1.046830e+01  3.018178e-02 
 1.046862e+01  3.018179e-02 
 1.046894e+01  3.018180e-02 
 1.046927e+01  3.018181e-02 
 1.046959e+01  3.018182e-02 
 1.046991e+01  3.018183e-02 
 1.047023e+01  3.018184e-02 
 1.047055e+01  3.018185e-02 
 1.047087e+01  3.018185e-02 
 1.047120e+01  3.018186e-02 
 1.047152e+01  3.018187e-02 
 1.047184e+01  3.018188e-02 
 1.047216e+01  3.018189e-02 
 1.047248e+01  3.018190e-02 
 1.047280e+01  3.018191e-02 
 1.047312e+01  3.018192e-02 
 1.047345e+01  3.018193e-02 
 1.047377e+01  3.018194e-02 
 1.047409e+01  3.018195e-02 
 1.047441e+01  3.018196e-02 
 1.047473e+01  3.018197e-02 
 1.047505e+01  3.018198e-02 
 1.047538e+01  3.018199e-02 
 1.047570e+01  3.018200e-02 
 1.047602e+01  3.018201e-02 
 1.047634e+01  3.018202e-02 
 1.047666e+01  3.018202e-02 
 1.047698e+01  3.018203e-02 
 1.047730e+01  3.018204e-02 
 1.047763e+01  3.018205e-02 
 1.047795e+01  3.018206e-02 
 1.047827e+01  3.018207e-02 
 1.047859e+01  3.018208e-02 
 1.047891e+01  3.018209e-02 
 1.047923e+01  3.018210e-02 
 1.047956e+01  3.018211e-02 
 1.047988e+01  3.018212e-02 
 1.048020e+01  3.018213e-02 
 1.048052e+01  3.018214e-02 
 1.048084e+01  3.018215e-02 
 1.048116e+01  3.018216e-02 
 1.048148e+01  3.018217e-02 
 1.048181e+01  3.018218e-02 
 1.048213e+01  3.018219e-02 
 1.048245e+01  3.018220e-02 
 1.048277e+01  3.018221e-02 
 1.048309e+01  3.018222e-02 
 1.048341e+01  3.018223e-02 
 1.048374e+01  3.018224e-02 
 1.048406e+01  3.018225e-02 
 1.048438e+01  3.018226e-02 
 1.048470e+01  3.018227e-02 
 1.048502e+01  3.018228e-02 
 1.048534e+01  3.018229e-02 
 1.048567e+01  3.018230e-02 
 1.048599e+01  3.018231e-02 
 1.048631e+01  3.018232e-02 
 1.048663e+01  3.018233e-02 
 1.048695e+01  3.018234e-02 
 1.048727e+01  3.018234e-02 
 1.048759e+01  3.018235e-02 
 1.048792e+01  3.018236e-02 
 1.048824e+01  3.018237e-02 
 1.048856e+01  3.018238e-02 
 1.048888e+01  3.018239e-02 
 1.048920e+01  3.018240e-02 
 1.048952e+01  3.018241e-02 
 1.048985e+01  3.018242e-02 
 1.049017e+01  3.018243e-02 
 1.049049e+01  3.018244e-02 
 1.049081e+01  3.018245e-02 
 1.049113e+01  3.018246e-02 
 1.049145e+01  3.018247e-02 
 1.049177e+01  3.018248e-02 
 1.049210e+01  3.018249e-02 
 1.049242e+01  3.018250e-02 
 1.049274e+01  3.018251e-02 
 1.049306e+01  3.018252e-02 
 1.049338e+01  3.018253e-02 
 1.049370e+01  3.018254e-02 
 1.049403e+01  3.018255e-02 
 1.049435e+01  3.018255e-02 
 1.049467e+01  3.018256e-02 
 1.049499e+01  3.018257e-02 
 1.049531e+01  3.018258e-02 
 1.049563e+01  3.018259e-02 
 1.049595e+01  3.018260e-02 
 1.049628e+01  3.018261e-02 
 1.049660e+01  3.018262e-02 
 1.049692e+01  3.018263e-02 
 1.049724e+01  3.018264e-02 
 1.049756e+01  3.018265e-02 
 1.049788e+01  3.018266e-02 
 1.049821e+01  3.018267e-02 
 1.049853e+01  3.018268e-02 
 1.049885e+01  3.018268e-02 
 1.049917e+01  3.018269e-02 
 1.049949e+01  3.018270e-02 
 1.049981e+01  3.018271e-02 
 1.050014e+01  3.018272e-02 
 1.050046e+01  3.018273e-02 
 1.050078e+01  3.018274e-02 
 1.050110e+01  3.018275e-02 
 1.050142e+01  3.018276e-02 
 1.050174e+01  3.018277e-02 
 1.050206e+01  3.018278e-02 
 1.050239e+01  3.018278e-02 
 1.050271e+01  3.018279e-02 
 1.050303e+01  3.018280e-02 
 1.050335e+01  3.018281e-02 
 1.050367e+01  3.018282e-02 
 1.050399e+01  3.018283e-02 
 1.050432e+01  3.018284e-02 
 1.050464e+01  3.018285e-02 
 1.050496e+01  3.018286e-02 
 1.050528e+01  3.018287e-02 
 1.050560e+01  3.018287e-02 
 1.050592e+01  3.018288e-02 
 1.050624e+01  3.018289e-02 
 1.050657e+01  3.018290e-02 
 1.050689e+01  3.018291e-02 
 1.050721e+01  3.018292e-02 
 1.050753e+01  3.018293e-02 
 1.050785e+01  3.018294e-02 
 1.050817e+01  3.018295e-02 
 1.050850e+01  3.018295e-02 
 1.050882e+01  3.018296e-02 
 1.050914e+01  3.018297e-02 
 1.050946e+01  3.018298e-02 
 1.050978e+01  3.018299e-02 
 1.051010e+01  3.018300e-02 
 1.051042e+01  3.018301e-02 
 1.051075e+01  3.018302e-02 
 1.051107e+01  3.018302e-02 
 1.051139e+01  3.018303e-02 
 1.051171e+01  3.018304e-02 
 1.051203e+01  3.018305e-02 
 1.051235e+01  3.018306e-02 
 1.051268e+01  3.018307e-02 
 1.051300e+01  3.018308e-02 
 1.051332e+01  3.018308e-02 
 1.051364e+01  3.018309e-02 
 1.051396e+01  3.018310e-02 
 1.051428e+01  3.018311e-02 
 1.051461e+01  3.018312e-02 
 1.051493e+01  3.018313e-02 
 1.051525e+01  3.018314e-02 
 1.051557e+01  3.018314e-02 
 1.051589e+01  3.018315e-02 
 1.051621e+01  3.018316e-02 
 1.051653e+01  3.018317e-02 
 1.051686e+01  3.018318e-02 
 1.051718e+01  3.018319e-02 
 1.051750e+01  3.018320e-02 
 1.051782e+01  3.018320e-02 
 1.051814e+01  3.018321e-02 
 1.051846e+01  3.018322e-02 
 1.051879e+01  3.018323e-02 
 1.051911e+01  3.018324e-02 
 1.051943e+01  3.018325e-02 
 1.051975e+01  3.018326e-02 
 1.052007e+01  3.018326e-02 
 1.052039e+01  3.018327e-02 
 1.052071e+01  3.018328e-02 
 1.052104e+01  3.018329e-02 
 1.052136e+01  3.018330e-02 
 1.052168e+01  3.018331e-02 
 1.052200e+01  3.018331e-02 
 1.052232e+01  3.018332e-02 
 1.052264e+01  3.018333e-02 
 1.052297e+01  3.018334e-02 
 1.052329e+01  3.018335e-02 
 1.052361e+01  3.018336e-02 
 1.052393e+01  3.018336e-02 
 1.052425e+01  3.018337e-02 
 1.052457e+01  3.018338e-02 
 1.052490e+01  3.018339e-02 
 1.052522e+01  3.018340e-02 
 1.052554e+01  3.018341e-02 
 1.052586e+01  3.018341e-02 
 1.052618e+01  3.018342e-02 
 1.052650e+01  3.018343e-02 
 1.052682e+01  3.018344e-02 
 1.052715e+01  3.018345e-02 
 1.052747e+01  3.018346e-02 
 1.052779e+01  3.018346e-02 
 1.052811e+01  3.018347e-02 
 1.052843e+01  3.018348e-02 
 1.052875e+01  3.018349e-02 
 1.052908e+01  3.018350e-02 
 1.052940e+01  3.018351e-02 
 1.052972e+01  3.018351e-02 
 1.053004e+01  3.018352e-02 
 1.053036e+01  3.018353e-02 
 1.053068e+01  3.018354e-02 
 1.053100e+01  3.018355e-02 
 1.053133e+01  3.018355e-02 
 1.053165e+01  3.018356e-02 
 1.053197e+01  3.018357e-02 
 1.053229e+01  3.018358e-02 
 1.053261e+01  3.018359e-02 
 1.053293e+01  3.018360e-02 
 1.053326e+01  3.018360e-02 
 1.053358e+01  3.018361e-02 
 1.053390e+01  3.018362e-02 
 1.053422e+01  3.018363e-02 
 1.053454e+01  3.018364e-02 
 1.053486e+01  3.018364e-02 
 1.053518e+01  3.018365e-02 
 1.053551e+01  3.018366e-02 
 1.053583e+01  3.018367e-02 
 1.053615e+01  3.018368e-02 
 1.053647e+01  3.018368e-02 
 1.053679e+01  3.018369e-02 
 1.053711e+01  3.018370e-02 
 1.053744e+01  3.018371e-02 
 1.053776e+01  3.018372e-02 
 1.053808e+01  3.018372e-02 
 1.053840e+01  3.018373e-02 
 1.053872e+01  3.018374e-02 
 1.053904e+01  3.018375e-02 
 1.053937e+01  3.018375e-02 
 1.053969e+01  3.018376e-02 
 1.054001e+01  3.018377e-02 
 1.054033e+01  3.018378e-02 
 1.054065e+01  3.018379e-02 
 1.054097e+01  3.018379e-02 
 1.054129e+01  3.018380e-02 
 1.054162e+01  3.018381e-02 
 1.054194e+01  3.018382e-02 
 1.054226e+01  3.018382e-02 
 1.054258e+01  3.018383e-02 
 1.054290e+01  3.018384e-02 
 1.054322e+01  3.018385e-02 
 1.054355e+01  3.018385e-02 
 1.054387e+01  3.018386e-02 
 1.054419e+01  3.018387e-02 
 1.054451e+01  3.018388e-02 
 1.054483e+01  3.018388e-02 
 1.054515e+01  3.018389e-02 
 1.054547e+01  3.018390e-02 
 1.054580e+01  3.018391e-02 
 1.054612e+01  3.018391e-02 
 1.054644e+01  3.018392e-02 
 1.054676e+01  3.018393e-02 
 1.054708e+01  3.018394e-02 
 1.054740e+01  3.018394e-02 
 1.054773e+01  3.018395e-02 
 1.054805e+01  3.018396e-02 
 1.054837e+01  3.018397e-02 
 1.054869e+01  3.018397e-02 
 1.054901e+01  3.018398e-02 
 1.054933e+01  3.018399e-02 
 1.054965e+01  3.018400e-02 
 1.054998e+01  3.018400e-02 
 1.055030e+01  3.018401e-02 
 1.055062e+01  3.018402e-02 
 1.055094e+01  3.018402e-02 
 1.055126e+01  3.018403e-02 
 1.055158e+01  3.018404e-02 
 1.055191e+01  3.018405e-02 
 1.055223e+01  3.018405e-02 
 1.055255e+01  3.018406e-02 
 1.055287e+01  3.018407e-02 
 1.055319e+01  3.018407e-02 
 1.055351e+01  3.018408e-02 
 1.055384e+01  3.018409e-02 
 1.055416e+01  3.018410e-02 
 1.055448e+01  3.018410e-02 
 1.055480e+01  3.018411e-02 
 1.055512e+01  3.018412e-02 
 1.055544e+01  3.018412e-02 
 1.055576e+01  3.018413e-02 
 1.055609e+01  3.018414e-02 
 1.055641e+01  3.018415e-02 
 1.055673e+01  3.018415e-02 
 1.055705e+01  3.018416e-02 
 1.055737e+01  3.018417e-02 
 1.055769e+01  3.018417e-02 
 1.055802e+01  3.018418e-02 
 1.055834e+01  3.018419e-02 
 1.055866e+01  3.018419e-02 
 1.055898e+01  3.018420e-02 
 1.055930e+01  3.018421e-02 
 1.055962e+01  3.018422e-02 
 1.055994e+01  3.018422e-02 
 1.056027e+01  3.018423e-02 
 1.056059e+01  3.018424e-02 
 1.056091e+01  3.018424e-02 
 1.056123e+01  3.018425e-02 
 1.056155e+01  3.018426e-02 
 1.056187e+01  3.018426e-02 
 1.056220e+01  3.018427e-02 
 1.056252e+01  3.018428e-02 
 1.056284e+01  3.018428e-02 
 1.056316e+01  3.018429e-02 
 1.056348e+01  3.018430e-02 
 1.056380e+01  3.018430e-02 
 1.056412e+01  3.018431e-02 
 1.056445e+01  3.018432e-02 
 1.056477e+01  3.018432e-02 
 1.056509e+01  3.018433e-02 
 1.056541e+01  3.018434e-02 
 1.056573e+01  3.018434e-02 
 1.056605e+01  3.018435e-02 
 1.056638e+01  3.018436e-02 
 1.056670e+01  3.018436e-02 
 1.056702e+01  3.018437e-02 
 1.056734e+01  3.018438e-02 
 1.056766e+01  3.018438e-02 
 1.056798e+01  3.018439e-02 
 1.056831e+01  3.018439e-02 
 1.056863e+01  3.018440e-02 
 1.056895e+01  3.018441e-02 
 1.056927e+01  3.018441e-02 
 1.056959e+01  3.018442e-02 
 1.056991e+01  3.018443e-02 
 1.057023e+01  3.018443e-02 
 1.057056e+01  3.018444e-02 
 1.057088e+01  3.018444e-02 
 1.057120e+01  3.018445e-02 
 1.057152e+01  3.018446e-02 
 1.057184e+01  3.018446e-02 
 1.057216e+01  3.018447e-02 
 1.057249e+01  3.018448e-02 
 1.057281e+01  3.018448e-02 
 1.057313e+01  3.018449e-02 
 1.057345e+01  3.018449e-02 
 1.057377e+01  3.018450e-02 
 1.057409e+01  3.018451e-02 
 1.057441e+01  3.018451e-02 
 1.057474e+01  3.018452e-02 
 1.057506e+01  3.018452e-02 
 1.057538e+01  3.018453e-02 
 1.057570e+01  3.018453e-02 
 1.057602e+01  3.018454e-02 
 1.057634e+01  3.018455e-02 
 1.057667e+01  3.018455e-02 
 1.057699e+01  3.018456e-02 
 1.057731e+01  3.018456e-02 
 1.057763e+01  3.018457e-02 
 1.057795e+01  3.018457e-02 
 1.057827e+01  3.018458e-02 
 1.057859e+01  3.018459e-02 
 1.057892e+01  3.018459e-02 
 1.057924e+01  3.018460e-02 
 1.057956e+01  3.018460e-02 
 1.057988e+01  3.018461e-02 
 1.058020e+01  3.018461e-02 
 1.058052e+01  3.018462e-02 
 1.058085e+01  3.018462e-02 
 1.058117e+01  3.018463e-02 
 1.058149e+01  3.018463e-02 
 1.058181e+01  3.018464e-02 
 1.058213e+01  3.018464e-02 
 1.058245e+01  3.018465e-02 
 1.058278e+01  3.018465e-02 
 1.058310e+01  3.018466e-02 
 1.058342e+01  3.018466e-02 
 1.058374e+01  3.018467e-02 
 1.058406e+01  3.018467e-02 
 1.058438e+01  3.018468e-02 
 1.058470e+01  3.018468e-02 
 1.058503e+01  3.018469e-02 
 1.058535e+01  3.018469e-02 
 1.058567e+01  3.018470e-02 
 1.058599e+01  3.018470e-02 
 1.058631e+01  3.018471e-02 
 1.058663e+01  3.018471e-02 
 1.058696e+01  3.018472e-02 
 1.058728e+01  3.018472e-02 
 1.058760e+01  3.018473e-02 
 1.058792e+01  3.018473e-02 
 1.058824e+01  3.018473e-02 
 1.058856e+01  3.018474e-02 
 1.058888e+01  3.018474e-02 
 1.058921e+01  3.018475e-02 
 1.058953e+01  3.018475e-02 
 1.058985e+01  3.018476e-02 
 1.059017e+01  3.018476e-02 
 1.059049e+01  3.018476e-02 
 1.059081e+01  3.018477e-02 
 1.059114e+01  3.018477e-02 
 1.059146e+01  3.018478e-02 
 1.059178e+01  3.018478e-02 
 1.059210e+01  3.018478e-02 
 1.059242e+01  3.018479e-02 
 1.059274e+01  3.018479e-02 
 1.059306e+01  3.018479e-02 
 1.059339e+01  3.018480e-02 
 1.059371e+01  3.018480e-02 
 1.059403e+01  3.018481e-02 
 1.059435e+01  3.018481e-02 
 1.059467e+01  3.018481e-02 
 1.059499e+01  3.018482e-02 
 1.059532e+01  3.018482e-02 
 1.059564e+01  3.018482e-02 
 1.059596e+01  3.018483e-02 
 1.059628e+01  3.018483e-02 
 1.059660e+01  3.018483e-02 
 1.059692e+01  3.018484e-02 
 1.059725e+01  3.018484e-02 
 1.059757e+01  3.018484e-02 
 1.059789e+01  3.018484e-02 
 1.059821e+01  3.018485e-02 
 1.059853e+01  3.018485e-02 
 1.059885e+01  3.018485e-02 
 1.059917e+01  3.018486e-02 
 1.059950e+01  3.018486e-02 
 1.059982e+01  3.018486e-02 
 1.060014e+01  3.018486e-02 
 1.060046e+01  3.018487e-02 
 1.060078e+01  3.018487e-02 
 1.060110e+01  3.018487e-02 
 1.060143e+01  3.018487e-02 
 1.060175e+01  3.018488e-02 
 1.060207e+01  3.018488e-02 
 1.060239e+01  3.018488e-02 
 1.060271e+01  3.018488e-02 
 1.060303e+01  3.018489e-02 
 1.060335e+01  3.018489e-02 
 1.060368e+01  3.018489e-02 
 1.060400e+01  3.018489e-02 
 1.060432e+01  3.018490e-02 
 1.060464e+01  3.018490e-02 
 1.060496e+01  3.018490e-02 
 1.060528e+01  3.018490e-02 
 1.060561e+01  3.018490e-02 
 1.060593e+01  3.018491e-02 
 1.060625e+01  3.018491e-02 
 1.060657e+01  3.018491e-02 
 1.060689e+01  3.018491e-02 
 1.060721e+01  3.018491e-02 
 1.060754e+01  3.018492e-02 
 1.060786e+01  3.018492e-02 
 1.060818e+01  3.018492e-02 
 1.060850e+01  3.018492e-02 
 1.060882e+01  3.018492e-02 
 1.060914e+01  3.018492e-02 
 1.060946e+01  3.018493e-02 
 1.060979e+01  3.018493e-02 
 1.061011e+01  3.018493e-02 
 1.061043e+01  3.018493e-02 
 1.061075e+01  3.018493e-02 
 1.061107e+01  3.018493e-02 
 1.061139e+01  3.018494e-02 
 1.061172e+01  3.018494e-02 
 1.061204e+01  3.018494e-02 
 1.061236e+01  3.018494e-02 
 1.061268e+01  3.018494e-02 
 1.061300e+01  3.018494e-02 
 1.061332e+01  3.018494e-02 
 1.061364e+01  3.018495e-02 
 1.061397e+01  3.018495e-02 
 1.061429e+01  3.018495e-02 
 1.061461e+01  3.018495e-02 
 1.061493e+01  3.018495e-02 
 1.061525e+01  3.018495e-02 
 1.061557e+01  3.018495e-02 
 1.061590e+01  3.018495e-02 
 1.061622e+01  3.018496e-02 
 1.061654e+01  3.018496e-02 
 1.061686e+01  3.018496e-02 
 1.061718e+01  3.018496e-02 
 1.061750e+01  3.018496e-02 
 1.061782e+01  3.018496e-02 
 1.061815e+01  3.018496e-02 
 1.061847e+01  3.018496e-02 
 1.061879e+01  3.018497e-02 
 1.061911e+01  3.018497e-02 
 1.061943e+01  3.018497e-02 
 1.061975e+01  3.018497e-02 
 1.062008e+01  3.018497e-02 
 1.062040e+01  3.018497e-02 
 1.062072e+01  3.018497e-02 
 1.062104e+01  3.018497e-02 
 1.062136e+01  3.018497e-02 
 1.062168e+01  3.018497e-02 
 1.062201e+01  3.018498e-02 
 1.062233e+01  3.018498e-02 
 1.062265e+01  3.018498e-02 
 1.062297e+01  3.018498e-02 
 1.062329e+01  3.018498e-02 
 1.062361e+01  3.018498e-02 
 1.062393e+01  3.018498e-02 
 1.062426e+01  3.018498e-02 
 1.062458e+01  3.018498e-02 
 1.062490e+01  3.018498e-02 
 1.062522e+01  3.018498e-02 
 1.062554e+01  3.018498e-02 
 1.062586e+01  3.018498e-02 
 1.062619e+01  3.018499e-02 
 1.062651e+01  3.018499e-02 
 1.062683e+01  3.018499e-02 
 1.062715e+01  3.018499e-02 
 1.062747e+01  3.018499e-02 
 1.062779e+01  3.018499e-02 
 1.062811e+01  3.018499e-02 
 1.062844e+01  3.018499e-02 
 1.062876e+01  3.018499e-02 
 1.062908e+01  3.018499e-02 
 1.062940e+01  3.018499e-02 
 1.062972e+01  3.018499e-02 
 1.063004e+01  3.018499e-02 
 1.063037e+01  3.018499e-02 
 1.063069e+01  3.018499e-02 
 1.063101e+01  3.018499e-02 
 1.063133e+01  3.018499e-02 
 1.063165e+01  3.018499e-02 
 1.063197e+01  3.018499e-02 
 1.063229e+01  3.018499e-02 
 1.063262e+01  3.018499e-02 
 1.063294e+01  3.018499e-02 
 1.063326e+01  3.018499e-02 
 1.063358e+01  3.018499e-02 
 1.063390e+01  3.018499e-02 
 1.063422e+01  3.018499e-02 
 1.063455e+01  3.018499e-02 
 1.063487e+01  3.018499e-02 
 1.063519e+01  3.018499e-02 
 1.063551e+01  3.018499e-02 
 1.063583e+01  3.018499e-02 
 1.063615e+01  3.018499e-02 
 1.063648e+01  3.018499e-02 
 1.063680e+01  3.018499e-02 
 1.063712e+01  3.018499e-02 
 1.063744e+01  3.018499e-02 
 1.063776e+01  3.018499e-02 
 1.063808e+01  3.018499e-02 
 1.063840e+01  3.018499e-02 
 1.063873e+01  3.018499e-02 
 1.063905e+01  3.018499e-02 
 1.063937e+01  3.018499e-02 
 1.063969e+01  3.018499e-02 
 1.064001e+01  3.018499e-02 
 1.064033e+01  3.018498e-02 
 1.064066e+01  3.018498e-02 
 1.064098e+01  3.018498e-02 
 1.064130e+01  3.018498e-02 
 1.064162e+01  3.018498e-02 
 1.064194e+01  3.018498e-02 
 1.064226e+01  3.018498e-02 
 1.064258e+01  3.018498e-02 
 1.064291e+01  3.018498e-02 
 1.064323e+01  3.018498e-02 
 1.064355e+01  3.018497e-02 
 1.064387e+01  3.018497e-02 
 1.064419e+01  3.018497e-02 
 1.064451e+01  3.018497e-02 
 1.064484e+01  3.018497e-02 
 1.064516e+01  3.018497e-02 
 1.064548e+01  3.018497e-02 
 1.064580e+01  3.018496e-02 
 1.064612e+01  3.018496e-02 
 1.064644e+01  3.018496e-02 
 1.064676e+01  3.018496e-02 
 1.064709e+01  3.018496e-02 
 1.064741e+01  3.018495e-02 
 1.064773e+01  3.018495e-02 
 1.064805e+01  3.018495e-02 
 1.064837e+01  3.018495e-02 
 1.064869e+01  3.018495e-02 
 1.064902e+01  3.018495e-02 
 1.064934e+01  3.018494e-02 
 1.064966e+01  3.018494e-02 
 1.064998e+01  3.018494e-02 
 1.065030e+01  3.018494e-02 
 1.065062e+01  3.018493e-02 
 1.065095e+01  3.018493e-02 
 1.065127e+01  3.018493e-02 
 1.065159e+01  3.018493e-02 
 1.065191e+01  3.018492e-02 
 1.065223e+01  3.018492e-02 
 1.065255e+01  3.018492e-02 
 1.065287e+01  3.018492e-02 
 1.065320e+01  3.018491e-02 
 1.065352e+01  3.018491e-02 
 1.065384e+01  3.018491e-02 
 1.065416e+01  3.018491e-02 
 1.065448e+01  3.018490e-02 
 1.065480e+01  3.018490e-02 
 1.065513e+01  3.018490e-02 
 1.065545e+01  3.018489e-02 
 1.065577e+01  3.018489e-02 
 1.065609e+01  3.018489e-02 
 1.065641e+01  3.018489e-02 
 1.065673e+01  3.018488e-02 
 1.065705e+01  3.018488e-02 
 1.065738e+01  3.018488e-02 
 1.065770e+01  3.018487e-02 
 1.065802e+01  3.018487e-02 
 1.065834e+01  3.018487e-02 
 1.065866e+01  3.018486e-02 
 1.065898e+01  3.018486e-02 
 1.065931e+01  3.018486e-02 
 1.065963e+01  3.018485e-02 
 1.065995e+01  3.018485e-02 
 1.066027e+01  3.018484e-02 
 1.066059e+01  3.018484e-02 
 1.066091e+01  3.018484e-02 
 1.066123e+01  3.018483e-02 
 1.066156e+01  3.018483e-02 
 1.066188e+01  3.018483e-02 
 1.066220e+01  3.018482e-02 
 1.066252e+01  3.018482e-02 
 1.066284e+01  3.018481e-02 
 1.066316e+01  3.018481e-02 
 1.066349e+01  3.018481e-02 
 1.066381e+01  3.018480e-02 
 1.066413e+01  3.018480e-02 
 1.066445e+01  3.018479e-02 
 1.066477e+01  3.018479e-02 
 1.066509e+01  3.018479e-02 
 1.066542e+01  3.018478e-02 
 1.066574e+01  3.018478e-02 
 1.066606e+01  3.018477e-02 
 1.066638e+01  3.018477e-02 
 1.066670e+01  3.018476e-02 
 1.066702e+01  3.018476e-02 
 1.066734e+01  3.018476e-02 
 1.066767e+01  3.018475e-02 
 1.066799e+01  3.018475e-02 
 1.066831e+01  3.018474e-02 
 1.066863e+01  3.018474e-02 
 1.066895e+01  3.018473e-02 
 1.066927e+01  3.018473e-02 
 1.066960e+01  3.018472e-02 
 1.066992e+01  3.018472e-02 
 1.067024e+01  3.018471e-02 
 1.067056e+01  3.018471e-02 
 1.067088e+01  3.018470e-02 
 1.067120e+01  3.018470e-02 
 1.067152e+01  3.018469e-02 
 1.067185e+01  3.018469e-02 
 1.067217e+01  3.018468e-02 
 1.067249e+01  3.018468e-02 
 1.067281e+01  3.018467e-02 
 1.067313e+01  3.018467e-02 
 1.067345e+01  3.018466e-02 
 1.067378e+01  3.018466e-02 
 1.067410e+01  3.018465e-02 
 1.067442e+01  3.018465e-02 
 1.067474e+01  3.018464e-02 
 1.067506e+01  3.018464e-02 
 1.067538e+01  3.018463e-02 
 1.067570e+01  3.018463e-02 
 1.067603e+01  3.018462e-02 
 1.067635e+01  3.018462e-02 
 1.067667e+01  3.018461e-02 
 1.067699e+01  3.018460e-02 
 1.067731e+01  3.018460e-02 
 1.067763e+01  3.018459e-02 
 1.067796e+01  3.018459e-02 
 1.067828e+01  3.018458e-02 
 1.067860e+01  3.018458e-02 
 1.067892e+01  3.018457e-02 
 1.067924e+01  3.018456e-02 
 1.067956e+01  3.018456e-02 
 1.067989e+01  3.018455e-02 
 1.068021e+01  3.018455e-02 
 1.068053e+01  3.018454e-02 
 1.068085e+01  3.018454e-02 
 1.068117e+01  3.018453e-02 
 1.068149e+01  3.018452e-02 
 1.068181e+01  3.018452e-02 
 1.068214e+01  3.018451e-02 
 1.068246e+01  3.018451e-02 
 1.068278e+01  3.018450e-02 
 1.068310e+01  3.018449e-02 
 1.068342e+01  3.018449e-02 
 1.068374e+01  3.018448e-02 
 1.068407e+01  3.018447e-02 
 1.068439e+01  3.018447e-02 
 1.068471e+01  3.018446e-02 
 1.068503e+01  3.018446e-02 
 1.068535e+01  3.018445e-02 
 1.068567e+01  3.018444e-02 
 1.068599e+01  3.018444e-02 
 1.068632e+01  3.018443e-02 
 1.068664e+01  3.018442e-02 
 1.068696e+01  3.018442e-02 
 1.068728e+01  3.018441e-02 
 1.068760e+01  3.018440e-02 
 1.068792e+01  3.018440e-02 
 1.068825e+01  3.018439e-02 
 1.068857e+01  3.018438e-02 
 1.068889e+01  3.018437e-02 
 1.068921e+01  3.018437e-02 
 1.068953e+01  3.018436e-02 
 1.068985e+01  3.018435e-02 
 1.069018e+01  3.018435e-02 
 1.069050e+01  3.018434e-02 
 1.069082e+01  3.018433e-02 
 1.069114e+01  3.018432e-02 
 1.069146e+01  3.018432e-02 
 1.069178e+01  3.018431e-02 
 1.069210e+01  3.018430e-02 
 1.069243e+01  3.018430e-02 
 1.069275e+01  3.018429e-02 
 1.069307e+01  3.018428e-02 
 1.069339e+01  3.018427e-02 
 1.069371e+01  3.018426e-02 
 1.069403e+01  3.018426e-02 
 1.069436e+01  3.018425e-02 
 1.069468e+01  3.018424e-02 
 1.069500e+01  3.018423e-02 
 1.069532e+01  3.018423e-02 
 1.069564e+01  3.018422e-02 
 1.069596e+01  3.018421e-02 
 1.069628e+01  3.018420e-02 
 1.069661e+01  3.018419e-02 
 1.069693e+01  3.018419e-02 
 1.069725e+01  3.018418e-02 
 1.069757e+01  3.018417e-02 
 1.069789e+01  3.018416e-02 
 1.069821e+01  3.018415e-02 
 1.069854e+01  3.018414e-02 
 1.069886e+01  3.018414e-02 
 1.069918e+01  3.018413e-02 
 1.069950e+01  3.018412e-02 
 1.069982e+01  3.018411e-02 
 1.070014e+01  3.018410e-02 
 1.070046e+01  3.018409e-02 
 1.070079e+01  3.018408e-02 
 1.070111e+01  3.018407e-02 
 1.070143e+01  3.018407e-02 
 1.070175e+01  3.018406e-02 
 1.070207e+01  3.018405e-02 
 1.070239e+01  3.018404e-02 
 1.070272e+01  3.018403e-02 
 1.070304e+01  3.018402e-02 
 1.070336e+01  3.018401e-02 
 1.070368e+01  3.018400e-02 
 1.070400e+01  3.018399e-02 
 1.070432e+01  3.018398e-02 
 1.070465e+01  3.018397e-02 
 1.070497e+01  3.018396e-02 
 1.070529e+01  3.018396e-02 
 1.070561e+01  3.018395e-02 
 1.070593e+01  3.018394e-02 
 1.070625e+01  3.018393e-02 
 1.070657e+01  3.018392e-02 
 1.070690e+01  3.018391e-02 
 1.070722e+01  3.018390e-02 
 1.070754e+01  3.018389e-02 
 1.070786e+01  3.018388e-02 
 1.070818e+01  3.018387e-02 
 1.070850e+01  3.018386e-02 
 1.070883e+01  3.018385e-02 
 1.070915e+01  3.018384e-02 
 1.070947e+01  3.018383e-02 
 1.070979e+01  3.018382e-02 
 1.071011e+01  3.018381e-02 
 1.071043e+01  3.018380e-02 
 1.071075e+01  3.018379e-02 
 1.071108e+01  3.018378e-02 
 1.071140e+01  3.018377e-02 
 1.071172e+01  3.018376e-02 
 1.071204e+01  3.018375e-02 
 1.071236e+01  3.018374e-02 
 1.071268e+01  3.018373e-02 
 1.071301e+01  3.018372e-02 
 1.071333e+01  3.018371e-02 
 1.071365e+01  3.018370e-02 
 1.071397e+01  3.018369e-02 
 1.071429e+01  3.018368e-02 
 1.071461e+01  3.018367e-02 
 1.071493e+01  3.018366e-02 
 1.071526e+01  3.018365e-02 
 1.071558e+01  3.018364e-02 
 1.071590e+01  3.018363e-02 
 1.071622e+01  3.018362e-02 
 1.071654e+01  3.018361e-02 
 1.071686e+01  3.018360e-02 
 1.071719e+01  3.018359e-02 
 1.071751e+01  3.018358e-02 
 1.071783e+01  3.018357e-02 
 1.071815e+01  3.018356e-02 
 1.071847e+01  3.018355e-02 
 1.071879e+01  3.018354e-02 
 1.071912e+01  3.018353e-02 
 1.071944e+01  3.018352e-02 
 1.071976e+01  3.018351e-02 
 1.072008e+01  3.018350e-02 
 1.072040e+01  3.018349e-02 
 1.072072e+01  3.018348e-02 
 1.072104e+01  3.018347e-02 
 1.072137e+01  3.018346e-02 
 1.072169e+01  3.018345e-02 
 1.072201e+01  3.018344e-02 
 1.072233e+01  3.018343e-02 
 1.072265e+01  3.018341e-02 
 1.072297e+01  3.018340e-02 
 1.072330e+01  3.018339e-02 
 1.072362e+01  3.018338e-02 
 1.072394e+01  3.018337e-02 
 1.072426e+01  3.018336e-02 
 1.072458e+01  3.018335e-02 
 1.072490e+01  3.018334e-02 
 1.072522e+01  3.018333e-02 
 1.072555e+01  3.018332e-02 
 1.072587e+01  3.018331e-02 
 1.072619e+01  3.018330e-02 
 1.072651e+01  3.018329e-02 
 1.072683e+01  3.018328e-02 
 1.072715e+01  3.018327e-02 
 1.072748e+01  3.018326e-02 
 1.072780e+01  3.018325e-02 
 1.072812e+01  3.018324e-02 
 1.072844e+01  3.018323e-02 
 1.072876e+01  3.018322e-02 
 1.072908e+01  3.018321e-02 
 1.072940e+01  3.018320e-02 
 1.072973e+01  3.018319e-02 
 1.073005e+01  3.018318e-02 
 1.073037e+01  3.018317e-02 
 1.073069e+01  3.018315e-02 
 1.073101e+01  3.018314e-02 
 1.073133e+01  3.018313e-02 
 1.073166e+01  3.018312e-02 
 1.073198e+01  3.018311e-02 
 1.073230e+01  3.018310e-02 
 1.073262e+01  3.018309e-02 
 1.073294e+01  3.018308e-02 
 1.073326e+01  3.018307e-02 
 1.073359e+01  3.018306e-02 
 1.073391e+01  3.018305e-02 
 1.073423e+01  3.018304e-02 
 1.073455e+01  3.018303e-02 
 1.073487e+01  3.018302e-02 
 1.073519e+01  3.018301e-02 
 1.073551e+01  3.018300e-02 
 1.073584e+01  3.018299e-02 
 1.073616e+01  3.018298e-02 
 1.073648e+01  3.018297e-02 
 1.073680e+01  3.018296e-02 
 1.073712e+01  3.018295e-02 
 1.073744e+01  3.018294e-02 
 1.073777e+01  3.018293e-02 
 1.073809e+01  3.018292e-02 
 1.073841e+01  3.018291e-02 
 1.073873e+01  3.018290e-02 
 1.073905e+01  3.018288e-02 
 1.073937e+01  3.018287e-02 
 1.073969e+01  3.018286e-02 
 1.074002e+01  3.018285e-02 
 1.074034e+01  3.018284e-02 
 1.074066e+01  3.018283e-02 
 1.074098e+01  3.018282e-02 
 1.074130e+01  3.018281e-02 
 1.074162e+01  3.018280e-02 
 1.074195e+01  3.018279e-02 
 1.074227e+01  3.018278e-02 
 1.074259e+01  3.018277e-02 
 1.074291e+01  3.018276e-02 
 1.074323e+01  3.018275e-02 
 1.074355e+01  3.018274e-02 
 1.074387e+01  3.018273e-02 
 1.074420e+01  3.018272e-02 
 1.074452e+01  3.018271e-02 
 1.074484e+01  3.018270e-02 
 1.074516e+01  3.018269e-02 
 1.074548e+01  3.018267e-02 
 1.074580e+01  3.018266e-02 
 1.074613e+01  3.018265e-02 
 1.074645e+01  3.018264e-02 
 1.074677e+01  3.018263e-02 
 1.074709e+01  3.018262e-02 
 1.074741e+01  3.018261e-02 
 1.074773e+01  3.018260e-02 
 1.074806e+01  3.018259e-02 
 1.074838e+01  3.018258e-02 
 1.074870e+01  3.018257e-02 
 1.074902e+01  3.018256e-02 
 1.074934e+01  3.018255e-02 
 1.074966e+01  3.018254e-02 
 1.074998e+01  3.018253e-02 
 1.075031e+01  3.018252e-02 
 1.075063e+01  3.018250e-02 
 1.075095e+01  3.018249e-02 
 1.075127e+01  3.018248e-02 
 1.075159e+01  3.018247e-02 
 1.075191e+01  3.018246e-02 
 1.075224e+01  3.018245e-02 
 1.075256e+01  3.018244e-02 
 1.075288e+01  3.018243e-02 
 1.075320e+01  3.018242e-02 
 1.075352e+01  3.018241e-02 
 1.075384e+01  3.018240e-02 
 1.075416e+01  3.018239e-02 
 1.075449e+01  3.018238e-02 
 1.075481e+01  3.018236e-02 
 1.075513e+01  3.018235e-02 
 1.075545e+01  3.018234e-02 
 1.075577e+01  3.018233e-02 
 1.075609e+01  3.018232e-02 
 1.075642e+01  3.018231e-02 
 1.075674e+01  3.018230e-02 
 1.075706e+01  3.018229e-02 
 1.075738e+01  3.018228e-02 
 1.075770e+01  3.018227e-02 
 1.075802e+01  3.018226e-02 
 1.075835e+01  3.018225e-02 
 1.075867e+01  3.018224e-02 
 1.075899e+01  3.018222e-02 
 1.075931e+01  3.018221e-02 
 1.075963e+01  3.018220e-02 
 1.075995e+01  3.018219e-02 
 1.076027e+01  3.018218e-02 
 1.076060e+01  3.018217e-02 
 1.076092e+01  3.018216e-02 
 1.076124e+01  3.018215e-02 
 1.076156e+01  3.018214e-02 
 1.076188e+01  3.018213e-02 
 1.076220e+01  3.018212e-02 
 1.076253e+01  3.018211e-02 
 1.076285e+01  3.018209e-02 
 1.076317e+01  3.018208e-02 
 1.076349e+01  3.018207e-02 
 1.076381e+01  3.018206e-02 
 1.076413e+01  3.018205e-02 
 1.076445e+01  3.018204e-02 
 1.076478e+01  3.018203e-02 
 1.076510e+01  3.018202e-02 
 1.076542e+01  3.018201e-02 
 1.076574e+01  3.018200e-02 
 1.076606e+01  3.018198e-02 
 1.076638e+01  3.018197e-02 
 1.076671e+01  3.018196e-02 
 1.076703e+01  3.018195e-02 
 1.076735e+01  3.018194e-02 
 1.076767e+01  3.018193e-02 
 1.076799e+01  3.018192e-02 
 1.076831e+01  3.018191e-02 
 1.076863e+01  3.018190e-02 
 1.076896e+01  3.018189e-02 
 1.076928e+01  3.018187e-02 
 1.076960e+01  3.018186e-02 
 1.076992e+01  3.018185e-02 
 1.077024e+01  3.018184e-02 
 1.077056e+01  3.018183e-02 
 1.077089e+01  3.018182e-02 
 1.077121e+01  3.018181e-02 
 1.077153e+01  3.018180e-02 
 1.077185e+01  3.018179e-02 
 1.077217e+01  3.018177e-02 
 1.077249e+01  3.018176e-02 
 1.077282e+01  3.018175e-02 
 1.077314e+01  3.018174e-02 
 1.077346e+01  3.018173e-02 
 1.077378e+01  3.018172e-02 
 1.077410e+01  3.018171e-02 
 1.077442e+01  3.018170e-02 
 1.077474e+01  3.018168e-02 
 1.077507e+01  3.018167e-02 
 1.077539e+01  3.018166e-02 
 1.077571e+01  3.018165e-02 
 1.077603e+01  3.018164e-02 
 1.077635e+01  3.018163e-02 
 1.077667e+01  3.018162e-02 
 1.077700e+01  3.018161e-02 
 1.077732e+01  3.018159e-02 
 1.077764e+01  3.018158e-02 
 1.077796e+01  3.018157e-02 
 1.077828e+01  3.018156e-02 
 1.077860e+01  3.018155e-02 
 1.077892e+01  3.018154e-02 
 1.077925e+01  3.018153e-02 
 1.077957e+01  3.018152e-02 
 1.077989e+01  3.018150e-02 
 1.078021e+01  3.018149e-02 
 1.078053e+01  3.018148e-02 
 1.078085e+01  3.018147e-02 
 1.078118e+01  3.018146e-02 
 1.078150e+01  3.018145e-02 
 1.078182e+01  3.018144e-02 
 1.078214e+01  3.018143e-02 
 1.078246e+01  3.018142e-02 
 1.078278e+01  3.018140e-02 
 1.078310e+01  3.018139e-02 
 1.078343e+01  3.018138e-02 
 1.078375e+01  3.018137e-02 
 1.078407e+01  3.018136e-02 
 1.078439e+01  3.018135e-02 
 1.078471e+01  3.018134e-02 
 1.078503e+01  3.018133e-02 
 1.078536e+01  3.018132e-02 
 1.078568e+01  3.018131e-02 
 1.078600e+01  3.018130e-02 
 1.078632e+01  3.018129e-02 
 1.078664e+01  3.018128e-02 
 1.078696e+01  3.018126e-02 
 1.078729e+01  3.018125e-02 
 1.078761e+01  3.018124e-02 
 1.078793e+01  3.018123e-02 
 1.078825e+01  3.018122e-02 
 1.078857e+01  3.018121e-02 
 1.078889e+01  3.018120e-02 
 1.078921e+01  3.018119e-02 
 1.078954e+01  3.018118e-02 
 1.078986e+01  3.018117e-02 
 1.079018e+01  3.018116e-02 
 1.079050e+01  3.018115e-02 
 1.079082e+01  3.018114e-02 
 1.079114e+01  3.018113e-02 
 1.079147e+01  3.018112e-02 
 1.079179e+01  3.018111e-02 
 1.079211e+01  3.018110e-02 
 1.079243e+01  3.018109e-02 
 1.079275e+01  3.018108e-02 
 1.079307e+01  3.018107e-02 
 1.079339e+01  3.018106e-02 
 1.079372e+01  3.018105e-02 
 1.079404e+01  3.018104e-02 
 1.079436e+01  3.018104e-02 
 1.079468e+01  3.018103e-02 
 1.079500e+01  3.018102e-02 
 1.079532e+01  3.018101e-02 
 1.079565e+01  3.018100e-02 
 1.079597e+01  3.018099e-02 
 1.079629e+01  3.018098e-02 
 1.079661e+01  3.018097e-02 
 1.079693e+01  3.018096e-02 
 1.079725e+01  3.018095e-02 
 1.079757e+01  3.018094e-02 
 1.079790e+01  3.018093e-02 
 1.079822e+01  3.018092e-02 
 1.079854e+01  3.018092e-02 
 1.079886e+01  3.018091e-02 
 1.079918e+01  3.018090e-02 
 1.079950e+01  3.018089e-02 
 1.079983e+01  3.018088e-02 
 1.080015e+01  3.018087e-02 
 1.080047e+01  3.018086e-02 
 1.080079e+01  3.018085e-02 
 1.080111e+01  3.018085e-02 
 1.080143e+01  3.018084e-02 
 1.080176e+01  3.018083e-02 
 1.080208e+01  3.018082e-02 
 1.080240e+01  3.018081e-02 
 1.080272e+01  3.018080e-02 
 1.080304e+01  3.018079e-02 
 1.080336e+01  3.018079e-02 
 1.080368e+01  3.018078e-02 
 1.080401e+01  3.018077e-02 
 1.080433e+01  3.018076e-02 
 1.080465e+01  3.018075e-02 
 1.080497e+01  3.018075e-02 
 1.080529e+01  3.018074e-02 
 1.080561e+01  3.018073e-02 
 1.080594e+01  3.018072e-02 
 1.080626e+01  3.018071e-02 
 1.080658e+01  3.018070e-02 
 1.080690e+01  3.018070e-02 
 1.080722e+01  3.018069e-02 
 1.080754e+01  3.018068e-02 
 1.080786e+01  3.018067e-02 
 1.080819e+01  3.018066e-02 
 1.080851e+01  3.018066e-02 
 1.080883e+01  3.018065e-02 
 1.080915e+01  3.018064e-02 
 1.080947e+01  3.018063e-02 
 1.080979e+01  3.018062e-02 
 1.081012e+01  3.018062e-02 
 1.081044e+01  3.018061e-02 
 1.081076e+01  3.018060e-02 
 1.081108e+01  3.018059e-02 
 1.081140e+01  3.018059e-02 
 1.081172e+01  3.018058e-02 
 1.081204e+01  3.018057e-02 
 1.081237e+01  3.018056e-02 
 1.081269e+01  3.018056e-02 
 1.081301e+01  3.018055e-02 
 1.081333e+01  3.018054e-02 
 1.081365e+01  3.018053e-02 
 1.081397e+01  3.018053e-02 
 1.081430e+01  3.018052e-02 
 1.081462e+01  3.018051e-02 
 1.081494e+01  3.018050e-02 
 1.081526e+01  3.018050e-02 
 1.081558e+01  3.018049e-02 
 1.081590e+01  3.018048e-02 
 1.081623e+01  3.018047e-02 
 1.081655e+01  3.018047e-02 
 1.081687e+01  3.018046e-02 
 1.081719e+01  3.018045e-02 
 1.081751e+01  3.018044e-02 
 1.081783e+01  3.018044e-02 
 1.081815e+01  3.018043e-02 
 1.081848e+01  3.018042e-02 
 1.081880e+01  3.018042e-02 
 1.081912e+01  3.018041e-02 
 1.081944e+01  3.018040e-02 
 1.081976e+01  3.018039e-02 
 1.082008e+01  3.018039e-02 
 1.082041e+01  3.018038e-02 
 1.082073e+01  3.018037e-02 
 1.082105e+01  3.018037e-02 
 1.082137e+01  3.018036e-02 
 1.082169e+01  3.018035e-02 
 1.082201e+01  3.018035e-02 
 1.082233e+01  3.018034e-02 
 1.082266e+01  3.018033e-02 
 1.082298e+01  3.018032e-02 
 1.082330e+01  3.018032e-02 
 1.082362e+01  3.018031e-02 
 1.082394e+01  3.018030e-02 
 1.082426e+01  3.018030e-02 
 1.082459e+01  3.018029e-02 
 1.082491e+01  3.018028e-02 
 1.082523e+01  3.018028e-02 
 1.082555e+01  3.018027e-02 
 1.082587e+01  3.018027e-02 
 1.082619e+01  3.018026e-02 
 1.082651e+01  3.018025e-02 
 1.082684e+01  3.018025e-02 
 1.082716e+01  3.018024e-02 
 1.082748e+01  3.018023e-02 
 1.082780e+01  3.018023e-02 
 1.082812e+01  3.018022e-02 
 1.082844e+01  3.018021e-02 
 1.082877e+01  3.018021e-02 
 1.082909e+01  3.018020e-02 
 1.082941e+01  3.018020e-02 
 1.082973e+01  3.018019e-02 
 1.083005e+01  3.018018e-02 
 1.083037e+01  3.018018e-02 
 1.083070e+01  3.018017e-02 
 1.083102e+01  3.018017e-02 
 1.083134e+01  3.018016e-02 
 1.083166e+01  3.018015e-02 
 1.083198e+01  3.018015e-02 
 1.083230e+01  3.018014e-02 
 1.083262e+01  3.018014e-02 
 1.083295e+01  3.018013e-02 
 1.083327e+01  3.018013e-02 
 1.083359e+01  3.018012e-02 
 1.083391e+01  3.018012e-02 
 1.083423e+01  3.018011e-02 
 1.083455e+01  3.018010e-02 
 1.083488e+01  3.018010e-02 
 1.083520e+01  3.018009e-02 
 1.083552e+01  3.018009e-02 
 1.083584e+01  3.018008e-02 
 1.083616e+01  3.018008e-02 
 1.083648e+01  3.018007e-02 
 1.083680e+01  3.018007e-02 
 1.083713e+01  3.018006e-02 
 1.083745e+01  3.018006e-02 
 1.083777e+01  3.018005e-02 
 1.083809e+01  3.018005e-02 
 1.083841e+01  3.018004e-02 
 1.083873e+01  3.018004e-02 
 1.083906e+01  3.018003e-02 
 1.083938e+01  3.018003e-02 
 1.083970e+01  3.018002e-02 
 1.084002e+01  3.018002e-02 
 1.084034e+01  3.018002e-02 
 1.084066e+01  3.018001e-02 
 1.084099e+01  3.018001e-02 
 1.084131e+01  3.018000e-02 
 1.084163e+01  3.018000e-02 
 1.084195e+01  3.017999e-02 
 1.084227e+01  3.017999e-02 
 1.084259e+01  3.017998e-02 
 1.084291e+01  3.017998e-02 
 1.084324e+01  3.017998e-02 
 1.084356e+01  3.017997e-02 
 1.084388e+01  3.017997e-02 
 1.084420e+01  3.017996e-02 
 1.084452e+01  3.017996e-02 
 1.084484e+01  3.017996e-02 
 1.084517e+01  3.017995e-02 
 1.084549e+01  3.017995e-02 
 1.084581e+01  3.017994e-02 
 1.084613e+01  3.017994e-02 
 1.084645e+01  3.017994e-02 
 1.084677e+01  3.017993e-02 
 1.084709e+01  3.017993e-02 
 1.084742e+01  3.017992e-02 
 1.084774e+01  3.017992e-02 
 1.084806e+01  3.017992e-02 
 1.084838e+01  3.017991e-02 
 1.084870e+01  3.017991e-02 
 1.084902e+01  3.017991e-02 
 1.084935e+01  3.017990e-02 
 1.084967e+01  3.017990e-02 
 1.084999e+01  3.017990e-02 
 1.085031e+01  3.017989e-02 
 1.085063e+01  3.017989e-02 
 1.085095e+01  3.017989e-02 
 1.085127e+01  3.017988e-02 
 1.085160e+01  3.017988e-02 
 1.085192e+01  3.017988e-02 
 1.085224e+01  3.017987e-02 
 1.085256e+01  3.017987e-02 
 1.085288e+01  3.017987e-02 
 1.085320e+01  3.017986e-02 
 1.085353e+01  3.017986e-02 
 1.085385e+01  3.017986e-02 
 1.085417e+01  3.017985e-02 
 1.085449e+01  3.017985e-02 
 1.085481e+01  3.017985e-02 
 1.085513e+01  3.017984e-02 
 1.085546e+01  3.017984e-02 
 1.085578e+01  3.017984e-02 
 1.085610e+01  3.017984e-02 
 1.085642e+01  3.017983e-02 
 1.085674e+01  3.017983e-02 
 1.085706e+01  3.017983e-02 
 1.085738e+01  3.017982e-02 
 1.085771e+01  3.017982e-02 
 1.085803e+01  3.017982e-02 
 1.085835e+01  3.017982e-02 
 1.085867e+01  3.017981e-02 
 1.085899e+01  3.017981e-02 
 1.085931e+01  3.017981e-02 
 1.085964e+01  3.017981e-02 
 1.085996e+01  3.017980e-02 
 1.086028e+01  3.017980e-02 
 1.086060e+01  3.017980e-02 
 1.086092e+01  3.017980e-02 
 1.086124e+01  3.017979e-02 
 1.086156e+01  3.017979e-02 
 1.086189e+01  3.017979e-02 
 1.086221e+01  3.017979e-02 
 1.086253e+01  3.017979e-02 
 1.086285e+01  3.017978e-02 
 1.086317e+01  3.017978e-02 
 1.086349e+01  3.017978e-02 
 1.086382e+01  3.017978e-02 
 1.086414e+01  3.017978e-02 
 1.086446e+01  3.017977e-02 
 1.086478e+01  3.017977e-02 
 1.086510e+01  3.017977e-02 
 1.086542e+01  3.017977e-02 
 1.086574e+01  3.017977e-02 
 1.086607e+01  3.017976e-02 
 1.086639e+01  3.017976e-02 
 1.086671e+01  3.017976e-02 
 1.086703e+01  3.017976e-02 
 1.086735e+01  3.017976e-02 
 1.086767e+01  3.017976e-02 
 1.086800e+01  3.017975e-02 
 1.086832e+01  3.017975e-02 
 1.086864e+01  3.017975e-02 
 1.086896e+01  3.017975e-02 
 1.086928e+01  3.017975e-02 
 1.086960e+01  3.017975e-02 
 1.086993e+01  3.017974e-02 
 1.087025e+01  3.017974e-02 
 1.087057e+01  3.017974e-02 
 1.087089e+01  3.017974e-02 
 1.087121e+01  3.017974e-02 
 1.087153e+01  3.017974e-02 
 1.087185e+01  3.017974e-02 
 1.087218e+01  3.017973e-02 
 1.087250e+01  3.017973e-02 
 1.087282e+01  3.017973e-02 
 1.087314e+01  3.017973e-02 
 1.087346e+01  3.017973e-02 
 1.087378e+01  3.017973e-02 
 1.087411e+01  3.017973e-02 
 1.087443e+01  3.017973e-02 
 1.087475e+01  3.017972e-02 
 1.087507e+01  3.017972e-02 
 1.087539e+01  3.017972e-02 
 1.087571e+01  3.017972e-02 
 1.087603e+01  3.017972e-02 
 1.087636e+01  3.017972e-02 
 1.087668e+01  3.017972e-02 
 1.087700e+01  3.017972e-02 
 1.087732e+01  3.017972e-02 
 1.087764e+01  3.017972e-02 
 1.087796e+01  3.017972e-02 
 1.087829e+01  3.017971e-02 
 1.087861e+01  3.017971e-02 
 1.087893e+01  3.017971e-02 
 1.087925e+01  3.017971e-02 
 1.087957e+01  3.017971e-02 
 1.087989e+01  3.017971e-02 
 1.088021e+01  3.017971e-02 
 1.088054e+01  3.017971e-02 
 1.088086e+01  3.017971e-02 
 1.088118e+01  3.017971e-02 
 1.088150e+01  3.017971e-02 
 1.088182e+01  3.017971e-02 
 1.088214e+01  3.017971e-02 
 1.088247e+01  3.017971e-02 
 1.088279e+01  3.017971e-02 
 1.088311e+01  3.017971e-02 
 1.088343e+01  3.017971e-02 
 1.088375e+01  3.017970e-02 
 1.088407e+01  3.017970e-02 
 1.088440e+01  3.017970e-02 
 1.088472e+01  3.017970e-02 
 1.088504e+01  3.017970e-02 
 1.088536e+01  3.017970e-02 
 1.088568e+01  3.017970e-02 
 1.088600e+01  3.017970e-02 
 1.088632e+01  3.017970e-02 
 1.088665e+01  3.017970e-02 
 1.088697e+01  3.017970e-02 
 1.088729e+01  3.017970e-02 
 1.088761e+01  3.017970e-02 
 1.088793e+01  3.017970e-02 
 1.088825e+01  3.017970e-02 
 1.088858e+01  3.017970e-02 
 1.088890e+01  3.017970e-02 
 1.088922e+01  3.017970e-02 
 1.088954e+01  3.017970e-02 
 1.088986e+01  3.017970e-02 
 1.089018e+01  3.017970e-02 
 1.089050e+01  3.017970e-02 
 1.089083e+01  3.017970e-02 
 1.089115e+01  3.017970e-02 
 1.089147e+01  3.017970e-02 
 1.089179e+01  3.017970e-02 
 1.089211e+01  3.017970e-02 
 1.089243e+01  3.017970e-02 
 1.089276e+01  3.017970e-02 
 1.089308e+01  3.017970e-02 
 1.089340e+01  3.017970e-02 
 1.089372e+01  3.017970e-02 
 1.089404e+01  3.017970e-02 
 1.089436e+01  3.017970e-02 
 1.089468e+01  3.017970e-02 
 1.089501e+01  3.017970e-02 
 1.089533e+01  3.017970e-02 
 1.089565e+01  3.017970e-02 
 1.089597e+01  3.017970e-02 
 1.089629e+01  3.017970e-02 
 1.089661e+01  3.017970e-02 
 1.089694e+01  3.017970e-02 
 1.089726e+01  3.017970e-02 
 1.089758e+01  3.017970e-02 
 1.089790e+01  3.017970e-02 
 1.089822e+01  3.017970e-02 
 1.089854e+01  3.017970e-02 
 1.089887e+01  3.017970e-02 
 1.089919e+01  3.017970e-02 
 1.089951e+01  3.017970e-02 
 1.089983e+01  3.017970e-02 
 1.090015e+01  3.017970e-02 
 1.090047e+01  3.017970e-02 
 1.090079e+01  3.017970e-02 
 1.090112e+01  3.017971e-02 
 1.090144e+01  3.017971e-02 
 1.090176e+01  3.017971e-02 
 1.090208e+01  3.017971e-02 
 1.090240e+01  3.017971e-02 
 1.090272e+01  3.017971e-02 
 1.090305e+01  3.017971e-02 
 1.090337e+01  3.017971e-02 
 1.090369e+01  3.017971e-02 
 1.090401e+01  3.017971e-02 
 1.090433e+01  3.017971e-02 
 1.090465e+01  3.017971e-02 
 1.090497e+01  3.017971e-02 
 1.090530e+01  3.017971e-02 
 1.090562e+01  3.017971e-02 
 1.090594e+01  3.017971e-02 
 1.090626e+01  3.017971e-02 
 1.090658e+01  3.017971e-02 
 1.090690e+01  3.017971e-02 
 1.090723e+01  3.017971e-02 
 1.090755e+01  3.017971e-02 
 1.090787e+01  3.017971e-02 
 1.090819e+01  3.017971e-02 
 1.090851e+01  3.017971e-02 
 1.090883e+01  3.017971e-02 
 1.090915e+01  3.017971e-02 
 1.090948e+01  3.017971e-02 
 1.090980e+01  3.017971e-02 
 1.091012e+01  3.017971e-02 
 1.091044e+01  3.017971e-02 
 1.091076e+01  3.017971e-02 
 1.091108e+01  3.017971e-02 
 1.091141e+01  3.017971e-02 
 1.091173e+01  3.017971e-02 
 1.091205e+01  3.017972e-02 
 1.091237e+01  3.017972e-02 
 1.091269e+01  3.017972e-02 
 1.091301e+01  3.017972e-02 
 1.091334e+01  3.017972e-02 
 1.091366e+01  3.017972e-02 
 1.091398e+01  3.017972e-02 
 1.091430e+01  3.017972e-02 
 1.091462e+01  3.017972e-02 
 1.091494e+01  3.017972e-02 
 1.091526e+01  3.017972e-02 
 1.091559e+01  3.017972e-02 
 1.091591e+01  3.017972e-02 
 1.091623e+01  3.017972e-02 
 1.091655e+01  3.017972e-02 
 1.091687e+01  3.017972e-02 
 1.091719e+01  3.017972e-02 
 1.091752e+01  3.017972e-02 
 1.091784e+01  3.017972e-02 
 1.091816e+01  3.017972e-02 
 1.091848e+01  3.017972e-02 
 1.091880e+01  3.017972e-02 
 1.091912e+01  3.017972e-02 
 1.091944e+01  3.017972e-02 
 1.091977e+01  3.017972e-02 
 1.092009e+01  3.017972e-02 
 1.092041e+01  3.017973e-02 
 1.092073e+01  3.017973e-02 
 1.092105e+01  3.017973e-02 
 1.092137e+01  3.017973e-02 
 1.092170e+01  3.017973e-02 
 1.092202e+01  3.017973e-02 
 1.092234e+01  3.017973e-02 
 1.092266e+01  3.017973e-02 
 1.092298e+01  3.017973e-02 
 1.092330e+01  3.017973e-02 
 1.092363e+01  3.017973e-02 
 1.092395e+01  3.017973e-02 
 1.092427e+01  3.017973e-02 
 1.092459e+01  3.017973e-02 
 1.092491e+01  3.017973e-02 
 1.092523e+01  3.017973e-02 
 1.092555e+01  3.017973e-02 
 1.092588e+01  3.017973e-02 
 1.092620e+01  3.017973e-02 
 1.092652e+01  3.017974e-02 
 1.092684e+01  3.017974e-02 
 1.092716e+01  3.017974e-02 
 1.092748e+01  3.017974e-02 
 1.092781e+01  3.017974e-02 
 1.092813e+01  3.017974e-02 
 1.092845e+01  3.017974e-02 
 1.092877e+01  3.017974e-02 
 1.092909e+01  3.017974e-02 
 1.092941e+01  3.017974e-02 
 1.092973e+01  3.017974e-02 
 1.093006e+01  3.017974e-02 
 1.093038e+01  3.017974e-02 
 1.093070e+01  3.017974e-02 
 1.093102e+01  3.017974e-02 
 1.093134e+01  3.017975e-02 
 1.093166e+01  3.017975e-02 
 1.093199e+01  3.017975e-02 
 1.093231e+01  3.017975e-02 
 1.093263e+01  3.017975e-02 
 1.093295e+01  3.017975e-02 
 1.093327e+01  3.017975e-02 
 1.093359e+01  3.017975e-02 
 1.093391e+01  3.017975e-02 
 1.093424e+01  3.017975e-02 
 1.093456e+01  3.017975e-02 
 1.093488e+01  3.017975e-02 
 1.093520e+01  3.017976e-02 
 1.093552e+01  3.017976e-02 
 1.093584e+01  3.017976e-02 
 1.093617e+01  3.017976e-02 
 1.093649e+01  3.017976e-02 
 1.093681e+01  3.017976e-02 
 1.093713e+01  3.017976e-02 
 1.093745e+01  3.017976e-02 
 1.093777e+01  3.017976e-02 
 1.093810e+01  3.017977e-02 
 1.093842e+01  3.017977e-02 
 1.093874e+01  3.017977e-02 
 1.093906e+01  3.017977e-02 
 1.093938e+01  3.017977e-02 
 1.093970e+01  3.017977e-02 
 1.094002e+01  3.017977e-02 
 1.094035e+01  3.017977e-02 
 1.094067e+01  3.017978e-02 
 1.094099e+01  3.017978e-02 
 1.094131e+01  3.017978e-02 
 1.094163e+01  3.017978e-02 
 1.094195e+01  3.017978e-02 
 1.094228e+01  3.017978e-02 
 1.094260e+01  3.017978e-02 
 1.094292e+01  3.017979e-02 
 1.094324e+01  3.017979e-02 
 1.094356e+01  3.017979e-02 
 1.094388e+01  3.017979e-02 
 1.094420e+01  3.017979e-02 
 1.094453e+01  3.017979e-02 
 1.094485e+01  3.017980e-02 
 1.094517e+01  3.017980e-02 
 1.094549e+01  3.017980e-02 
 1.094581e+01  3.017980e-02 
 1.094613e+01  3.017980e-02 
 1.094646e+01  3.017980e-02 
 1.094678e+01  3.017981e-02 
 1.094710e+01  3.017981e-02 
 1.094742e+01  3.017981e-02 
 1.094774e+01  3.017981e-02 
 1.094806e+01  3.017981e-02 
 1.094838e+01  3.017981e-02 
 1.094871e+01  3.017982e-02 
 1.094903e+01  3.017982e-02 
 1.094935e+01  3.017982e-02 
 1.094967e+01  3.017982e-02 
 1.094999e+01  3.017982e-02 
 1.095031e+01  3.017983e-02 
 1.095064e+01  3.017983e-02 
 1.095096e+01  3.017983e-02 
 1.095128e+01  3.017983e-02 
 1.095160e+01  3.017983e-02 
 1.095192e+01  3.017984e-02 
 1.095224e+01  3.017984e-02 
 1.095257e+01  3.017984e-02 
 1.095289e+01  3.017984e-02 
 1.095321e+01  3.017984e-02 
 1.095353e+01  3.017985e-02 
 1.095385e+01  3.017985e-02 
 1.095417e+01  3.017985e-02 
 1.095449e+01  3.017985e-02 
 1.095482e+01  3.017986e-02 
 1.095514e+01  3.017986e-02 
 1.095546e+01  3.017986e-02 
 1.095578e+01  3.017986e-02 
 1.095610e+01  3.017986e-02 
 1.095642e+01  3.017987e-02 
 1.095675e+01  3.017987e-02 
 1.095707e+01  3.017987e-02 
 1.095739e+01  3.017987e-02 
 1.095771e+01  3.017987e-02 
 1.095803e+01  3.017988e-02 
 1.095835e+01  3.017988e-02 
 1.095867e+01  3.017988e-02 
 1.095900e+01  3.017988e-02 
 1.095932e+01  3.017989e-02 
 1.095964e+01  3.017989e-02 
 1.095996e+01  3.017989e-02 
 1.096028e+01  3.017989e-02 
 1.096060e+01  3.017989e-02 
 1.096093e+01  3.017990e-02 
 1.096125e+01  3.017990e-02 
 1.096157e+01  3.017990e-02 
 1.096189e+01  3.017990e-02 
 1.096221e+01  3.017990e-02 
 1.096253e+01  3.017991e-02 
 1.096285e+01  3.017991e-02 
 1.096318e+01  3.017991e-02 
 1.096350e+01  3.017991e-02 
 1.096382e+01  3.017991e-02 
 1.096414e+01  3.017992e-02 
 1.096446e+01  3.017992e-02 
 1.096478e+01  3.017992e-02 
 1.096511e+01  3.017992e-02 
 1.096543e+01  3.017992e-02 
 1.096575e+01  3.017992e-02 
 1.096607e+01  3.017993e-02 
 1.096639e+01  3.017993e-02 
 1.096671e+01  3.017993e-02 
 1.096704e+01  3.017993e-02 
 1.096736e+01  3.017993e-02 
 1.096768e+01  3.017993e-02 
 1.096800e+01  3.017994e-02 
 1.096832e+01  3.017994e-02 
 1.096864e+01  3.017994e-02 
 1.096896e+01  3.017994e-02 
 1.096929e+01  3.017994e-02 
 1.096961e+01  3.017994e-02 
 1.096993e+01  3.017994e-02 
 1.097025e+01  3.017995e-02 
 1.097057e+01  3.017995e-02 
 1.097089e+01  3.017995e-02 
 1.097122e+01  3.017995e-02 
 1.097154e+01  3.017995e-02 
 1.097186e+01  3.017995e-02 
 1.097218e+01  3.017995e-02 
 1.097250e+01  3.017995e-02 
 1.097282e+01  3.017995e-02 
 1.097314e+01  3.017996e-02 
 1.097347e+01  3.017996e-02 
 1.097379e+01  3.017996e-02 
 1.097411e+01  3.017996e-02 
 1.097443e+01  3.017996e-02 
 1.097475e+01  3.017996e-02 
 1.097507e+01  3.017996e-02 
 1.097540e+01  3.017996e-02 
 1.097572e+01  3.017996e-02 
 1.097604e+01  3.017996e-02 
 1.097636e+01  3.017996e-02 
 1.097668e+01  3.017996e-02 
 1.097700e+01  3.017996e-02 
 1.097732e+01  3.017996e-02 
 1.097765e+01  3.017996e-02 
 1.097797e+01  3.017996e-02 
 1.097829e+01  3.017996e-02 
 1.097861e+01  3.017996e-02 
 1.097893e+01  3.017996e-02 
 1.097925e+01  3.017996e-02 
 1.097958e+01  3.017996e-02 
 1.097990e+01  3.017996e-02 
 1.098022e+01  3.017996e-02 
 1.098054e+01  3.017996e-02 
 1.098086e+01  3.017996e-02 
 1.098118e+01  3.017996e-02 
 1.098151e+01  3.017996e-02 
 1.098183e+01  3.017996e-02 
 1.098215e+01  3.017996e-02 
 1.098247e+01  3.017996e-02 
 1.098279e+01  3.017996e-02 
 1.098311e+01  3.017996e-02 
 1.098343e+01  3.017996e-02 
 1.098376e+01  3.017996e-02 
 1.098408e+01  3.017996e-02 
 1.098440e+01  3.017996e-02 
 1.098472e+01  3.017996e-02 
 1.098504e+01  3.017996e-02 
 1.098536e+01  3.017996e-02 
 1.098569e+01  3.017996e-02 
 1.098601e+01  3.017996e-02 
 1.098633e+01  3.017995e-02 
 1.098665e+01  3.017995e-02 
 1.098697e+01  3.017995e-02 
 1.098729e+01  3.017995e-02 
 1.098761e+01  3.017995e-02 
 1.098794e+01  3.017995e-02 
 1.098826e+01  3.017995e-02 
 1.098858e+01  3.017995e-02 
 1.098890e+01  3.017995e-02 
 1.098922e+01  3.017994e-02 
 1.098954e+01  3.017994e-02 
 1.098987e+01  3.017994e-02 
 1.099019e+01  3.017994e-02 
 1.099051e+01  3.017994e-02 
 1.099083e+01  3.017994e-02 
 1.099115e+01  3.017994e-02 
 1.099147e+01  3.017993e-02 
 1.099179e+01  3.017993e-02 
 1.099212e+01  3.017993e-02 
 1.099244e+01  3.017993e-02 
 1.099276e+01  3.017993e-02 
 1.099308e+01  3.017993e-02 
 1.099340e+01  3.017993e-02 
 1.099372e+01  3.017992e-02 
 1.099405e+01  3.017992e-02 
 1.099437e+01  3.017992e-02 
 1.099469e+01  3.017992e-02 
 1.099501e+01  3.017992e-02 
 1.099533e+01  3.017991e-02 
 1.099565e+01  3.017991e-02 
 1.099598e+01  3.017991e-02 
 1.099630e+01  3.017991e-02 
 1.099662e+01  3.017991e-02 
 1.099694e+01  3.017990e-02 
 1.099726e+01  3.017990e-02 
 1.099758e+01  3.017990e-02 
 1.099790e+01  3.017990e-02 
 1.099823e+01  3.017989e-02 
 1.099855e+01  3.017989e-02 
 1.099887e+01  3.017989e-02 
 1.099919e+01  3.017989e-02 
 1.099951e+01  3.017989e-02 
 1.099983e+01  3.017988e-02 
 1.100016e+01  3.017988e-02 
 1.100048e+01  3.017988e-02 
 1.100080e+01  3.017988e-02 
 1.100112e+01  3.017987e-02 
 1.100144e+01  3.017987e-02 
 1.100176e+01  3.017987e-02 
 1.100208e+01  3.017987e-02 
 1.100241e+01  3.017986e-02 
 1.100273e+01  3.017986e-02 
 1.100305e+01  3.017986e-02 
 1.100337e+01  3.017985e-02 
 1.100369e+01  3.017985e-02 
 1.100401e+01  3.017985e-02 
 1.100434e+01  3.017985e-02 
 1.100466e+01  3.017984e-02 
 1.100498e+01  3.017984e-02 
 1.100530e+01  3.017984e-02 
 1.100562e+01  3.017983e-02 
 1.100594e+01  3.017983e-02 
 1.100627e+01  3.017983e-02 
 1.100659e+01  3.017983e-02 
 1.100691e+01  3.017982e-02 
 1.100723e+01  3.017982e-02 
 1.100755e+01  3.017982e-02 
 1.100787e+01  3.017981e-02 
 1.100819e+01  3.017981e-02 
 1.100852e+01  3.017981e-02 
 1.100884e+01  3.017980e-02 
 1.100916e+01  3.017980e-02 
 1.100948e+01  3.017980e-02 
 1.100980e+01  3.017979e-02 
 1.101012e+01  3.017979e-02 
 1.101045e+01  3.017979e-02 
 1.101077e+01  3.017978e-02 
 1.101109e+01  3.017978e-02 
 1.101141e+01  3.017978e-02 
 1.101173e+01  3.017977e-02 
 1.101205e+01  3.017977e-02 
 1.101237e+01  3.017977e-02 
 1.101270e+01  3.017976e-02 
 1.101302e+01  3.017976e-02 
 1.101334e+01  3.017976e-02 
 1.101366e+01  3.017975e-02 
 1.101398e+01  3.017975e-02 
 1.101430e+01  3.017975e-02 
 1.101463e+01  3.017974e-02 
 1.101495e+01  3.017974e-02 
 1.101527e+01  3.017974e-02 
 1.101559e+01  3.017973e-02 
 1.101591e+01  3.017973e-02 
 1.101623e+01  3.017973e-02 
 1.101655e+01  3.017972e-02 
 1.101688e+01  3.017972e-02 
 1.101720e+01  3.017971e-02 
 1.101752e+01  3.017971e-02 
 1.101784e+01  3.017971e-02 
 1.101816e+01  3.017970e-02 
 1.101848e+01  3.017970e-02 
 1.101881e+01  3.017970e-02 
 1.101913e+01  3.017969e-02 
 1.101945e+01  3.017969e-02 
 1.101977e+01  3.017969e-02 
 1.102009e+01  3.017968e-02 
 1.102041e+01  3.017968e-02 
 1.102074e+01  3.017967e-02 
 1.102106e+01  3.017967e-02 
 1.102138e+01  3.017967e-02 
 1.102170e+01  3.017966e-02 
 1.102202e+01  3.017966e-02 
 1.102234e+01  3.017966e-02 
 1.102266e+01  3.017965e-02 
 1.102299e+01  3.017965e-02 
 1.102331e+01  3.017964e-02 
 1.102363e+01  3.017964e-02 
 1.102395e+01  3.017964e-02 
 1.102427e+01  3.017963e-02 
 1.102459e+01  3.017963e-02 
 1.102492e+01  3.017962e-02 
 1.102524e+01  3.017962e-02 
 1.102556e+01  3.017962e-02 
 1.102588e+01  3.017961e-02 
 1.102620e+01  3.017961e-02 
 1.102652e+01  3.017961e-02 
 1.102684e+01  3.017960e-02 
 1.102717e+01  3.017960e-02 
 1.102749e+01  3.017959e-02 
 1.102781e+01  3.017959e-02 
 1.102813e+01  3.017959e-02 
 1.102845e+01  3.017958e-02 
 1.102877e+01  3.017958e-02 
 1.102910e+01  3.017957e-02 
 1.102942e+01  3.017957e-02 
 1.102974e+01  3.017957e-02 
 1.103006e+01  3.017956e-02 
 1.103038e+01  3.017956e-02 
 1.103070e+01  3.017955e-02 
 1.103102e+01  3.017955e-02 
 1.103135e+01  3.017955e-02 
 1.103167e+01  3.017954e-02 
 1.103199e+01  3.017954e-02 
 1.103231e+01  3.017953e-02 
 1.103263e+01  3.017953e-02 
 1.103295e+01  3.017953e-02 
 1.103328e+01  3.017952e-02 
 1.103360e+01  3.017952e-02 
 1.103392e+01  3.017951e-02 
 1.103424e+01  3.017951e-02 
 1.103456e+01  3.017951e-02 
 1.103488e+01  3.017950e-02 
 1.103521e+01  3.017950e-02 
 1.103553e+01  3.017949e-02 
 1.103585e+01  3.017949e-02 
 1.103617e+01  3.017949e-02 
 1.103649e+01  3.017948e-02 
 1.103681e+01  3.017948e-02 
 1.103713e+01  3.017947e-02 
 1.103746e+01  3.017947e-02 
 1.103778e+01  3.017946e-02 
 1.103810e+01  3.017946e-02 
 1.103842e+01  3.017946e-02 
 1.103874e+01  3.017945e-02 
 1.103906e+01  3.017945e-02 
 1.103939e+01  3.017944e-02 
 1.103971e+01  3.017944e-02 
 1.104003e+01  3.017943e-02 
 1.104035e+01  3.017943e-02 
 1.104067e+01  3.017943e-02 
 1.104099e+01  3.017942e-02 
 1.104131e+01  3.017942e-02 
 1.104164e+01  3.017941e-02 
 1.104196e+01  3.017941e-02 
 1.104228e+01  3.017940e-02 
 1.104260e+01  3.017940e-02 
 1.104292e+01  3.017940e-02 
 1.104324e+01  3.017939e-02 
 1.104357e+01  3.017939e-02 
 1.104389e+01  3.017938e-02 
 1.104421e+01  3.017938e-02 
 1.104453e+01  3.017937e-02 
 1.104485e+01  3.017937e-02 
 1.104517e+01  3.017937e-02 
 1.104549e+01  3.017936e-02 
 1.104582e+01  3.017936e-02 
 1.104614e+01  3.017935e-02 
 1.104646e+01  3.017935e-02 
 1.104678e+01  3.017934e-02 
 1.104710e+01  3.017934e-02 
 1.104742e+01  3.017933e-02 
 1.104775e+01  3.017933e-02 
 1.104807e+01  3.017933e-02 
 1.104839e+01  3.017932e-02 
 1.104871e+01  3.017932e-02 
 1.104903e+01  3.017931e-02 
 1.104935e+01  3.017931e-02 
 1.104968e+01  3.017930e-02 
 1.105000e+01  3.017930e-02 
 1.105032e+01  3.017929e-02 
 1.105064e+01  3.017929e-02 
 1.105096e+01  3.017928e-02 
 1.105128e+01  3.017928e-02 
 1.105160e+01  3.017927e-02 
 1.105193e+01  3.017927e-02 
 1.105225e+01  3.017926e-02 
 1.105257e+01  3.017926e-02 
 1.105289e+01  3.017925e-02 
 1.105321e+01  3.017925e-02 
 1.105353e+01  3.017925e-02 
 1.105386e+01  3.017924e-02 
 1.105418e+01  3.017924e-02 
 1.105450e+01  3.017923e-02 
 1.105482e+01  3.017923e-02 
 1.105514e+01  3.017922e-02 
 1.105546e+01  3.017922e-02 
 1.105578e+01  3.017921e-02 
 1.105611e+01  3.017921e-02 
 1.105643e+01  3.017920e-02 
 1.105675e+01  3.017920e-02 
 1.105707e+01  3.017919e-02 
 1.105739e+01  3.017918e-02 
 1.105771e+01  3.017918e-02 
 1.105804e+01  3.017917e-02 
 1.105836e+01  3.017917e-02 
 1.105868e+01  3.017916e-02 
 1.105900e+01  3.017916e-02 
 1.105932e+01  3.017915e-02 
 1.105964e+01  3.017915e-02 
 1.105996e+01  3.017914e-02 
 1.106029e+01  3.017914e-02 
 1.106061e+01  3.017913e-02 
 1.106093e+01  3.017913e-02 
 1.106125e+01  3.017912e-02 
 1.106157e+01  3.017912e-02 
 1.106189e+01  3.017911e-02 
 1.106222e+01  3.017910e-02 
 1.106254e+01  3.017910e-02 
 1.106286e+01  3.017909e-02 
 1.106318e+01  3.017909e-02 
 1.106350e+01  3.017908e-02 
 1.106382e+01  3.017908e-02 
 1.106415e+01  3.017907e-02 
 1.106447e+01  3.017906e-02 
 1.106479e+01  3.017906e-02 
 1.106511e+01  3.017905e-02 
 1.106543e+01  3.017905e-02 
 1.106575e+01  3.017904e-02 
 1.106607e+01  3.017903e-02 
 1.106640e+01  3.017903e-02 
 1.106672e+01  3.017902e-02 
 1.106704e+01  3.017902e-02 
 1.106736e+01  3.017901e-02 
 1.106768e+01  3.017900e-02 
 1.106800e+01  3.017900e-02 
 1.106833e+01  3.017899e-02 
 1.106865e+01  3.017898e-02 
 1.106897e+01  3.017898e-02 
 1.106929e+01  3.017897e-02 
 1.106961e+01  3.017897e-02 
 1.106993e+01  3.017896e-02 
 1.107025e+01  3.017895e-02 
 1.107058e+01  3.017895e-02 
 1.107090e+01  3.017894e-02 
 1.107122e+01  3.017893e-02 
 1.107154e+01  3.017893e-02 
 1.107186e+01  3.017892e-02 
 1.107218e+01  3.017891e-02 
 1.107251e+01  3.017891e-02 
 1.107283e+01  3.017890e-02 
 1.107315e+01  3.017889e-02 
 1.107347e+01  3.017888e-02 
 1.107379e+01  3.017888e-02 
 1.107411e+01  3.017887e-02 
 1.107443e+01  3.017886e-02 
 1.107476e+01  3.017886e-02 
 1.107508e+01  3.017885e-02 
 1.107540e+01  3.017884e-02 
 1.107572e+01  3.017883e-02 
 1.107604e+01  3.017883e-02 
 1.107636e+01  3.017882e-02 
 1.107669e+01  3.017881e-02 
 1.107701e+01  3.017880e-02 
 1.107733e+01  3.017880e-02 
 1.107765e+01  3.017879e-02 
 1.107797e+01  3.017878e-02 
 1.107829e+01  3.017877e-02 
 1.107862e+01  3.017876e-02 
 1.107894e+01  3.017876e-02 
 1.107926e+01  3.017875e-02 
 1.107958e+01  3.017874e-02 
 1.107990e+01  3.017873e-02 
 1.108022e+01  3.017872e-02 
 1.108054e+01  3.017872e-02 
 1.108087e+01  3.017871e-02 
 1.108119e+01  3.017870e-02 
 1.108151e+01  3.017869e-02 
 1.108183e+01  3.017868e-02 
 1.108215e+01  3.017867e-02 
 1.108247e+01  3.017866e-02 
 1.108280e+01  3.017866e-02 
 1.108312e+01  3.017865e-02 
 1.108344e+01  3.017864e-02 
 1.108376e+01  3.017863e-02 
 1.108408e+01  3.017862e-02 
 1.108440e+01  3.017861e-02 
 1.108472e+01  3.017860e-02 
 1.108505e+01  3.017859e-02 
 1.108537e+01  3.017858e-02 
 1.108569e+01  3.017858e-02 
 1.108601e+01  3.017857e-02 
 1.108633e+01  3.017856e-02 
 1.108665e+01  3.017855e-02 
 1.108698e+01  3.017854e-02 
 1.108730e+01  3.017853e-02 
 1.108762e+01  3.017852e-02 
 1.108794e+01  3.017851e-02 
 1.108826e+01  3.017850e-02 
 1.108858e+01  3.017849e-02 
 1.108891e+01  3.017848e-02 
 1.108923e+01  3.017847e-02 
 1.108955e+01  3.017846e-02 
 1.108987e+01  3.017845e-02 
 1.109019e+01  3.017844e-02 
 1.109051e+01  3.017843e-02 
 1.109083e+01  3.017842e-02 
 1.109116e+01  3.017841e-02 
 1.109148e+01  3.017840e-02 
 1.109180e+01  3.017839e-02 
 1.109212e+01  3.017838e-02 
 1.109244e+01  3.017837e-02 
 1.109276e+01  3.017836e-02 
 1.109309e+01  3.017835e-02 
 1.109341e+01  3.017834e-02 
 1.109373e+01  3.017832e-02 
 1.109405e+01  3.017831e-02 
 1.109437e+01  3.017830e-02 
 1.109469e+01  3.017829e-02 
 1.109501e+01  3.017828e-02 
 1.109534e+01  3.017827e-02 
 1.109566e+01  3.017826e-02 
 1.109598e+01  3.017825e-02 
 1.109630e+01  3.017824e-02 
 1.109662e+01  3.017823e-02 
 1.109694e+01  3.017821e-02 
 1.109727e+01  3.017820e-02 
 1.109759e+01  3.017819e-02 
 1.109791e+01  3.017818e-02 
 1.109823e+01  3.017817e-02 
 1.109855e+01  3.017816e-02 
 1.109887e+01  3.017815e-02 
 1.109919e+01  3.017813e-02 
 1.109952e+01  3.017812e-02 
 1.109984e+01  3.017811e-02 
 1.110016e+01  3.017810e-02 
 1.110048e+01  3.017809e-02 
 1.110080e+01  3.017808e-02 
 1.110112e+01  3.017806e-02 
 1.110145e+01  3.017805e-02 
 1.110177e+01  3.017804e-02 
 1.110209e+01  3.017803e-02 
 1.110241e+01  3.017802e-02 
 1.110273e+01  3.017800e-02 
 1.110305e+01  3.017799e-02 
 1.110338e+01  3.017798e-02 
 1.110370e+01  3.017797e-02 
 1.110402e+01  3.017795e-02 
 1.110434e+01  3.017794e-02 
 1.110466e+01  3.017793e-02 
 1.110498e+01  3.017792e-02 
 1.110530e+01  3.017791e-02 
 1.110563e+01  3.017789e-02 
 1.110595e+01  3.017788e-02 
 1.110627e+01  3.017787e-02 
 1.110659e+01  3.017785e-02 
 1.110691e+01  3.017784e-02 
 1.110723e+01  3.017783e-02 
 1.110756e+01  3.017782e-02 
 1.110788e+01  3.017780e-02 
 1.110820e+01  3.017779e-02 
 1.110852e+01  3.017778e-02 
 1.110884e+01  3.017776e-02 
 1.110916e+01  3.017775e-02 
 1.110948e+01  3.017774e-02 
 1.110981e+01  3.017772e-02 
 1.111013e+01  3.017771e-02 
 1.111045e+01  3.017770e-02 
 1.111077e+01  3.017768e-02 
 1.111109e+01  3.017767e-02 
 1.111141e+01  3.017766e-02 
 1.111174e+01  3.017764e-02 
 1.111206e+01  3.017763e-02 
 1.111238e+01  3.017762e-02 
 1.111270e+01  3.017760e-02 
 1.111302e+01  3.017759e-02 
 1.111334e+01  3.017757e-02 
 1.111366e+01  3.017756e-02 
 1.111399e+01  3.017755e-02 
 1.111431e+01  3.017753e-02 
 1.111463e+01  3.017752e-02 
 1.111495e+01  3.017750e-02 
 1.111527e+01  3.017749e-02 
 1.111559e+01  3.017748e-02 
 1.111592e+01  3.017746e-02 
 1.111624e+01  3.017745e-02 
 1.111656e+01  3.017743e-02 
 1.111688e+01  3.017742e-02 
 1.111720e+01  3.017740e-02 
 1.111752e+01  3.017739e-02 
 1.111785e+01  3.017738e-02 
 1.111817e+01  3.017736e-02 
 1.111849e+01  3.017735e-02 
 1.111881e+01  3.017733e-02 
 1.111913e+01  3.017732e-02 
 1.111945e+01  3.017730e-02 
 1.111977e+01  3.017729e-02 
 1.112010e+01  3.017727e-02 
 1.112042e+01  3.017726e-02 
 1.112074e+01  3.017724e-02 
 1.112106e+01  3.017723e-02 
 1.112138e+01  3.017721e-02 
 1.112170e+01  3.017720e-02 
 1.112203e+01  3.017718e-02 
 1.112235e+01  3.017716e-02 
 1.112267e+01  3.017715e-02 
 1.112299e+01  3.017713e-02 
 1.112331e+01  3.017712e-02 
 1.112363e+01  3.017710e-02 
 1.112395e+01  3.017709e-02 
 1.112428e+01  3.017707e-02 
 1.112460e+01  3.017706e-02 
 1.112492e+01  3.017704e-02 
 1.112524e+01  3.017702e-02 
 1.112556e+01  3.017701e-02 
 1.112588e+01  3.017699e-02 
 1.112621e+01  3.017698e-02 
 1.112653e+01  3.017696e-02 
 1.112685e+01  3.017694e-02 
 1.112717e+01  3.017693e-02 
 1.112749e+01  3.017691e-02 
 1.112781e+01  3.017689e-02 
 1.112813e+01  3.017688e-02 
 1.112846e+01  3.017686e-02 
 1.112878e+01  3.017684e-02 
 1.112910e+01  3.017683e-02 
 1.112942e+01  3.017681e-02 
 1.112974e+01  3.017679e-02 
 1.113006e+01  3.017678e-02 
 1.113039e+01  3.017676e-02 
 1.113071e+01  3.017674e-02 
 1.113103e+01  3.017673e-02 
 1.113135e+01  3.017671e-02 
 1.113167e+01  3.017669e-02 
 1.113199e+01  3.017668e-02 
 1.113232e+01  3.017666e-02 
 1.113264e+01  3.017664e-02 
 1.113296e+01  3.017663e-02 
 1.113328e+01  3.017661e-02 
 1.113360e+01  3.017659e-02 
 1.113392e+01  3.017657e-02 
 1.113424e+01  3.017656e-02 
 1.113457e+01  3.017654e-02 
 1.113489e+01  3.017652e-02 
 1.113521e+01  3.017650e-02 
 1.113553e+01  3.017649e-02 
 1.113585e+01  3.017647e-02 
 1.113617e+01  3.017645e-02 
 1.113650e+01  3.017643e-02 
 1.113682e+01  3.017641e-02 
 1.113714e+01  3.017640e-02 
 1.113746e+01  3.017638e-02 
 1.113778e+01  3.017636e-02 
 1.113810e+01  3.017634e-02 
 1.113842e+01  3.017633e-02 
 1.113875e+01  3.017631e-02 
 1.113907e+01  3.017629e-02 
 1.113939e+01  3.017627e-02 
 1.113971e+01  3.017625e-02 
 1.114003e+01  3.017623e-02 
 1.114035e+01  3.017622e-02 
 1.114068e+01  3.017620e-02 
 1.114100e+01  3.017618e-02 
 1.114132e+01  3.017616e-02 
 1.114164e+01  3.017614e-02 
 1.114196e+01  3.017612e-02 
 1.114228e+01  3.017611e-02 
 1.114260e+01  3.017609e-02 
 1.114293e+01  3.017607e-02 
 1.114325e+01  3.017605e-02 
 1.114357e+01  3.017603e-02 
 1.114389e+01  3.017601e-02 
 1.114421e+01  3.017599e-02 
 1.114453e+01  3.017598e-02 
 1.114486e+01  3.017596e-02 
 1.114518e+01  3.017594e-02 
 1.114550e+01  3.017592e-02 
 1.114582e+01  3.017590e-02 
 1.114614e+01  3.017588e-02 
 1.114646e+01  3.017586e-02 
 1.114679e+01  3.017584e-02 
 1.114711e+01  3.017583e-02 
 1.114743e+01  3.017581e-02 
 1.114775e+01  3.017579e-02 
 1.114807e+01  3.017577e-02 
 1.114839e+01  3.017575e-02 
 1.114871e+01  3.017573e-02 
 1.114904e+01  3.017571e-02 
 1.114936e+01  3.017569e-02 
 1.114968e+01  3.017567e-02 
 1.115000e+01  3.017566e-02 
 1.115032e+01  3.017564e-02 
 1.115064e+01  3.017562e-02 
 1.115097e+01  3.017560e-02 
 1.115129e+01  3.017558e-02 
 1.115161e+01  3.017556e-02 
 1.115193e+01  3.017554e-02 
 1.115225e+01  3.017552e-02 
 1.115257e+01  3.017550e-02 
 1.115289e+01  3.017549e-02 
 1.115322e+01  3.017547e-02 
 1.115354e+01  3.017545e-02 
 1.115386e+01  3.017543e-02 
 1.115418e+01  3.017541e-02 
 1.115450e+01  3.017539e-02 
 1.115482e+01  3.017537e-02 
 1.115515e+01  3.017535e-02 
 1.115547e+01  3.017533e-02 
 1.115579e+01  3.017531e-02 
 1.115611e+01  3.017530e-02 
 1.115643e+01  3.017528e-02 
 1.115675e+01  3.017526e-02 
 1.115707e+01  3.017524e-02 
 1.115740e+01  3.017522e-02 
 1.115772e+01  3.017520e-02 
 1.115804e+01  3.017518e-02 
 1.115836e+01  3.017516e-02 
 1.115868e+01  3.017515e-02 
 1.115900e+01  3.017513e-02 
 1.115933e+01  3.017511e-02 
 1.115965e+01  3.017509e-02 
 1.115997e+01  3.017507e-02 
 1.116029e+01  3.017505e-02 
 1.116061e+01  3.017503e-02 
 1.116093e+01  3.017502e-02 
 1.116126e+01  3.017500e-02 
 1.116158e+01  3.017498e-02 
 1.116190e+01  3.017496e-02 
 1.116222e+01  3.017494e-02 
 1.116254e+01  3.017492e-02 
 1.116286e+01  3.017490e-02 
 1.116318e+01  3.017489e-02 
 1.116351e+01  3.017487e-02 
 1.116383e+01  3.017485e-02 
 1.116415e+01  3.017483e-02 
 1.116447e+01  3.017481e-02 
 1.116479e+01  3.017479e-02 
 1.116511e+01  3.017478e-02 
 1.116544e+01  3.017476e-02 
 1.116576e+01  3.017474e-02 
 1.116608e+01  3.017472e-02 
 1.116640e+01  3.017470e-02 
 1.116672e+01  3.017468e-02 
 1.116704e+01  3.017467e-02 
 1.116736e+01  3.017465e-02 
 1.116769e+01  3.017463e-02 
 1.116801e+01  3.017461e-02 
 1.116833e+01  3.017459e-02 
 1.116865e+01  3.017458e-02 
 1.116897e+01  3.017456e-02 
 1.116929e+01  3.017454e-02 
 1.116962e+01  3.017452e-02 
 1.116994e+01  3.017451e-02 
 1.117026e+01  3.017449e-02 
 1.117058e+01  3.017447e-02 
 1.117090e+01  3.017445e-02 
 1.117122e+01  3.017443e-02 
 1.117155e+01  3.017442e-02 
 1.117187e+01  3.017440e-02 
 1.117219e+01  3.017438e-02 
 1.117251e+01  3.017436e-02 
 1.117283e+01  3.017435e-02 
 1.117315e+01  3.017433e-02 
 1.117347e+01  3.017431e-02 
 1.117380e+01  3.017429e-02 
 1.117412e+01  3.017428e-02 
 1.117444e+01  3.017426e-02 
 1.117476e+01  3.017424e-02 
 1.117508e+01  3.017423e-02 
 1.117540e+01  3.017421e-02 
 1.117573e+01  3.017419e-02 
 1.117605e+01  3.017417e-02 
 1.117637e+01  3.017416e-02 
 1.117669e+01  3.017414e-02 
 1.117701e+01  3.017412e-02 
 1.117733e+01  3.017411e-02 
 1.117765e+01  3.017409e-02 
 1.117798e+01  3.017407e-02 
 1.117830e+01  3.017406e-02 
 1.117862e+01  3.017404e-02 
 1.117894e+01  3.017402e-02 
 1.117926e+01  3.017401e-02 
 1.117958e+01  3.017399e-02 
 1.117991e+01  3.017397e-02 
 1.118023e+01  3.017396e-02 
 1.118055e+01  3.017394e-02 
 1.118087e+01  3.017392e-02 
 1.118119e+01  3.017391e-02 
 1.118151e+01  3.017389e-02 
 1.118183e+01  3.017387e-02 
 1.118216e+01  3.017386e-02 
 1.118248e+01  3.017384e-02 
 1.118280e+01  3.017382e-02 
 1.118312e+01  3.017381e-02 
 1.118344e+01  3.017379e-02 
 1.118376e+01  3.017378e-02 
 1.118409e+01  3.017376e-02 
 1.118441e+01  3.017374e-02 
 1.118473e+01  3.017373e-02 
 1.118505e+01  3.017371e-02 
 1.118537e+01  3.017370e-02 
 1.118569e+01  3.017368e-02 
 1.118602e+01  3.017366e-02 
 1.118634e+01  3.017365e-02 
 1.118666e+01  3.017363e-02 
 1.118698e+01  3.017362e-02 
 1.118730e+01  3.017360e-02 
 1.118762e+01  3.017359e-02 
 1.118794e+01  3.017357e-02 
 1.118827e+01  3.017355e-02 
 1.118859e+01  3.017354e-02 
 1.118891e+01  3.017352e-02 
 1.118923e+01  3.017351e-02 
 1.118955e+01  3.017349e-02 
 1.118987e+01  3.017348e-02 
 1.119020e+01  3.017346e-02 
 1.119052e+01  3.017344e-02 
 1.119084e+01  3.017343e-02 
 1.119116e+01  3.017341e-02 
 1.119148e+01  3.017340e-02 
 1.119180e+01  3.017338e-02 
 1.119212e+01  3.017337e-02 
 1.119245e+01  3.017335e-02 
 1.119277e+01  3.017334e-02 
 1.119309e+01  3.017332e-02 
 1.119341e+01  3.017331e-02 
 1.119373e+01  3.017329e-02 
 1.119405e+01  3.017328e-02 
 1.119438e+01  3.017326e-02 
 1.119470e+01  3.017325e-02 
 1.119502e+01  3.017323e-02 
 1.119534e+01  3.017322e-02 
 1.119566e+01  3.017320e-02 
 1.119598e+01  3.017319e-02 
 1.119630e+01  3.017317e-02 
 1.119663e+01  3.017316e-02 
 1.119695e+01  3.017314e-02 
 1.119727e+01  3.017313e-02 
 1.119759e+01  3.017311e-02 
 1.119791e+01  3.017310e-02 
 1.119823e+01  3.017308e-02 
 1.119856e+01  3.017307e-02 
 1.119888e+01  3.017305e-02 
 1.119920e+01  3.017304e-02 
 1.119952e+01  3.017302e-02 
 1.119984e+01  3.017301e-02 
 1.120016e+01  3.017299e-02 
 1.120049e+01  3.017298e-02 
 1.120081e+01  3.017296e-02 
 1.120113e+01  3.017295e-02 
 1.120145e+01  3.017293e-02 
 1.120177e+01  3.017292e-02 
 1.120209e+01  3.017291e-02 
 1.120241e+01  3.017289e-02 
 1.120274e+01  3.017288e-02 
 1.120306e+01  3.017286e-02 
 1.120338e+01  3.017285e-02 
 1.120370e+01  3.017283e-02 
 1.120402e+01  3.017282e-02 
 1.120434e+01  3.017280e-02 
 1.120467e+01  3.017279e-02 
 1.120499e+01  3.017278e-02 
 1.120531e+01  3.017276e-02 
 1.120563e+01  3.017275e-02 
 1.120595e+01  3.017273e-02 
 1.120627e+01  3.017272e-02 
 1.120659e+01  3.017270e-02 
 1.120692e+01  3.017269e-02 
 1.120724e+01  3.017268e-02 
 1.120756e+01  3.017266e-02 
 1.120788e+01  3.017265e-02 
 1.120820e+01  3.017263e-02 
 1.120852e+01  3.017262e-02 
 1.120885e+01  3.017261e-02 
 1.120917e+01  3.017259e-02 
 1.120949e+01  3.017258e-02 
 1.120981e+01  3.017257e-02 
 1.121013e+01  3.017255e-02 
 1.121045e+01  3.017254e-02 
 1.121077e+01  3.017252e-02 
 1.121110e+01  3.017251e-02 
 1.121142e+01  3.017250e-02 
 1.121174e+01  3.017248e-02 
 1.121206e+01  3.017247e-02 
 1.121238e+01  3.017246e-02 
 1.121270e+01  3.017244e-02 
 1.121303e+01  3.017243e-02 
 1.121335e+01  3.017242e-02 
 1.121367e+01  3.017240e-02 
 1.121399e+01  3.017239e-02 
 1.121431e+01  3.017238e-02 
 1.121463e+01  3.017236e-02 
 1.121496e+01  3.017235e-02 
 1.121528e+01  3.017234e-02 
 1.121560e+01  3.017232e-02 
 1.121592e+01  3.017231e-02 
 1.121624e+01  3.017230e-02 
 1.121656e+01  3.017228e-02 
 1.121688e+01  3.017227e-02 
 1.121721e+01  3.017226e-02 
 1.121753e+01  3.017225e-02 
 1.121785e+01  3.017223e-02 
 1.121817e+01  3.017222e-02 
 1.121849e+01  3.017221e-02 
 1.121881e+01  3.017220e-02 
 1.121914e+01  3.017218e-02 
 1.121946e+01  3.017217e-02 
 1.121978e+01  3.017216e-02 
 1.122010e+01  3.017215e-02 
 1.122042e+01  3.017213e-02 
 1.122074e+01  3.017212e-02 
 1.122106e+01  3.017211e-02 
 1.122139e+01  3.017210e-02 
 1.122171e+01  3.017208e-02 
 1.122203e+01  3.017207e-02 
 1.122235e+01  3.017206e-02 
 1.122267e+01  3.017205e-02 
 1.122299e+01  3.017204e-02 
 1.122332e+01  3.017202e-02 
 1.122364e+01  3.017201e-02 
 1.122396e+01  3.017200e-02 
 1.122428e+01  3.017199e-02 
 1.122460e+01  3.017198e-02 
 1.122492e+01  3.017196e-02 
 1.122524e+01  3.017195e-02 
 1.122557e+01  3.017194e-02 
 1.122589e+01  3.017193e-02 
 1.122621e+01  3.017192e-02 
 1.122653e+01  3.017191e-02 
 1.122685e+01  3.017189e-02 
 1.122717e+01  3.017188e-02 
 1.122750e+01  3.017187e-02 
 1.122782e+01  3.017186e-02 
 1.122814e+01  3.017185e-02 
 1.122846e+01  3.017184e-02 
 1.122878e+01  3.017182e-02 
 1.122910e+01  3.017181e-02 
 1.122943e+01  3.017180e-02 
 1.122975e+01  3.017179e-02 
 1.123007e+01  3.017178e-02 
 1.123039e+01  3.017177e-02 
 1.123071e+01  3.017176e-02 
 1.123103e+01  3.017175e-02 
 1.123135e+01  3.017174e-02 
 1.123168e+01  3.017172e-02 
 1.123200e+01  3.017171e-02 
 1.123232e+01  3.017170e-02 
 1.123264e+01  3.017169e-02 
 1.123296e+01  3.017168e-02 
 1.123328e+01  3.017167e-02 
 1.123361e+01  3.017166e-02 
 1.123393e+01  3.017165e-02 
 1.123425e+01  3.017164e-02 
 1.123457e+01  3.017163e-02 
 1.123489e+01  3.017162e-02 
 1.123521e+01  3.017161e-02 
 1.123553e+01  3.017160e-02 
 1.123586e+01  3.017159e-02 
 1.123618e+01  3.017158e-02 
 1.123650e+01  3.017157e-02 
 1.123682e+01  3.017156e-02 
 1.123714e+01  3.017155e-02 
 1.123746e+01  3.017154e-02 
 1.123779e+01  3.017153e-02 
 1.123811e+01  3.017152e-02 
 1.123843e+01  3.017151e-02 
 1.123875e+01  3.017150e-02 
 1.123907e+01  3.017149e-02 
 1.123939e+01  3.017148e-02 
 1.123971e+01  3.017147e-02 
 1.124004e+01  3.017146e-02 
 1.124036e+01  3.017145e-02 
 1.124068e+01  3.017144e-02 
 1.124100e+01  3.017143e-02 
 1.124132e+01  3.017142e-02 
 1.124164e+01  3.017141e-02 
 1.124197e+01  3.017140e-02 
 1.124229e+01  3.017139e-02 
 1.124261e+01  3.017138e-02 
 1.124293e+01  3.017137e-02 
 1.124325e+01  3.017136e-02 
 1.124357e+01  3.017135e-02 
 1.124390e+01  3.017134e-02 
 1.124422e+01  3.017134e-02 
 1.124454e+01  3.017133e-02 
 1.124486e+01  3.017132e-02 
 1.124518e+01  3.017131e-02 
 1.124550e+01  3.017130e-02 
 1.124582e+01  3.017129e-02 
 1.124615e+01  3.017128e-02 
 1.124647e+01  3.017127e-02 
 1.124679e+01  3.017127e-02 
 1.124711e+01  3.017126e-02 
 1.124743e+01  3.017125e-02 
 1.124775e+01  3.017124e-02 
 1.124808e+01  3.017123e-02 
 1.124840e+01  3.017123e-02 
 1.124872e+01  3.017122e-02 
 1.124904e+01  3.017121e-02 
 1.124936e+01  3.017120e-02 
 1.124968e+01  3.017119e-02 
 1.125000e+01  3.017119e-02 
 1.125033e+01  3.017118e-02 
 1.125065e+01  3.017117e-02 
 1.125097e+01  3.017116e-02 
 1.125129e+01  3.017116e-02 
 1.125161e+01  3.017115e-02 
 1.125193e+01  3.017114e-02 
 1.125226e+01  3.017113e-02 
 1.125258e+01  3.017113e-02 
 1.125290e+01  3.017112e-02 
 1.125322e+01  3.017111e-02 
 1.125354e+01  3.017111e-02 
 1.125386e+01  3.017110e-02 
 1.125419e+01  3.017109e-02 
 1.125451e+01  3.017109e-02 
 1.125483e+01  3.017108e-02 
 1.125515e+01  3.017107e-02 
 1.125547e+01  3.017107e-02 
 1.125579e+01  3.017106e-02 
 1.125611e+01  3.017105e-02 
 1.125644e+01  3.017105e-02 
 1.125676e+01  3.017104e-02 
 1.125708e+01  3.017103e-02 
 1.125740e+01  3.017103e-02 
 1.125772e+01  3.017102e-02 
 1.125804e+01  3.017102e-02 
 1.125837e+01  3.017101e-02 
 1.125869e+01  3.017100e-02 
 1.125901e+01  3.017100e-02 
 1.125933e+01  3.017099e-02 
 1.125965e+01  3.017099e-02 
 1.125997e+01  3.017098e-02 
 1.126029e+01  3.017098e-02 
 1.126062e+01  3.017097e-02 
 1.126094e+01  3.017097e-02 
 1.126126e+01  3.017096e-02 
 1.126158e+01  3.017096e-02 
 1.126190e+01  3.017095e-02 
 1.126222e+01  3.017094e-02 
 1.126255e+01  3.017094e-02 
 1.126287e+01  3.017093e-02 
 1.126319e+01  3.017093e-02 
 1.126351e+01  3.017093e-02 
 1.126383e+01  3.017092e-02 
 1.126415e+01  3.017092e-02 
 1.126447e+01  3.017091e-02 
 1.126480e+01  3.017091e-02 
 1.126512e+01  3.017090e-02 
 1.126544e+01  3.017090e-02 
 1.126576e+01  3.017089e-02 
 1.126608e+01  3.017089e-02 
 1.126640e+01  3.017088e-02 
 1.126673e+01  3.017088e-02 
 1.126705e+01  3.017088e-02 
 1.126737e+01  3.017087e-02 
 1.126769e+01  3.017087e-02 
 1.126801e+01  3.017086e-02 
 1.126833e+01  3.017086e-02 
 1.126866e+01  3.017086e-02 
 1.126898e+01  3.017085e-02 
 1.126930e+01  3.017085e-02 
 1.126962e+01  3.017085e-02 
 1.126994e+01  3.017084e-02 
 1.127026e+01  3.017084e-02 
 1.127058e+01  3.017083e-02 
 1.127091e+01  3.017083e-02 
 1.127123e+01  3.017083e-02 
 1.127155e+01  3.017082e-02 
 1.127187e+01  3.017082e-02 
 1.127219e+01  3.017082e-02 
 1.127251e+01  3.017082e-02 
 1.127284e+01  3.017081e-02 
 1.127316e+01  3.017081e-02 
 1.127348e+01  3.017081e-02 
 1.127380e+01  3.017080e-02 
 1.127412e+01  3.017080e-02 
 1.127444e+01  3.017080e-02 
 1.127476e+01  3.017080e-02 
 1.127509e+01  3.017079e-02 
 1.127541e+01  3.017079e-02 
 1.127573e+01  3.017079e-02 
 1.127605e+01  3.017079e-02 
 1.127637e+01  3.017078e-02 
 1.127669e+01  3.017078e-02 
 1.127702e+01  3.017078e-02 
 1.127734e+01  3.017078e-02 
 1.127766e+01  3.017078e-02 
 1.127798e+01  3.017077e-02 
 1.127830e+01  3.017077e-02 
 1.127862e+01  3.017077e-02 
 1.127894e+01  3.017077e-02 
 1.127927e+01  3.017077e-02 
 1.127959e+01  3.017077e-02 
 1.127991e+01  3.017076e-02 
 1.128023e+01  3.017076e-02 
 1.128055e+01  3.017076e-02 
 1.128087e+01  3.017076e-02 
 1.128120e+01  3.017076e-02 
 1.128152e+01  3.017076e-02 
 1.128184e+01  3.017076e-02 
 1.128216e+01  3.017076e-02 
 1.128248e+01  3.017075e-02 
 1.128280e+01  3.017075e-02 
 1.128313e+01  3.017075e-02 
 1.128345e+01  3.017075e-02 
 1.128377e+01  3.017075e-02 
 1.128409e+01  3.017075e-02 
 1.128441e+01  3.017075e-02 
 1.128473e+01  3.017075e-02 
 1.128505e+01  3.017075e-02 
 1.128538e+01  3.017075e-02 
 1.128570e+01  3.017075e-02 
 1.128602e+01  3.017075e-02 
 1.128634e+01  3.017075e-02 
 1.128666e+01  3.017075e-02 
 1.128698e+01  3.017075e-02 
 1.128731e+01  3.017075e-02 
 1.128763e+01  3.017075e-02 
 1.128795e+01  3.017075e-02 
 1.128827e+01  3.017075e-02 
 1.128859e+01  3.017075e-02 
 1.128891e+01  3.017075e-02 
 1.128923e+01  3.017075e-02 
 1.128956e+01  3.017075e-02 
 1.128988e+01  3.017075e-02 
 1.129020e+01  3.017075e-02 
 1.129052e+01  3.017075e-02 
 1.129084e+01  3.017075e-02 
 1.129116e+01  3.017075e-02 
 1.129149e+01  3.017075e-02 
 1.129181e+01  3.017075e-02 
 1.129213e+01  3.017076e-02 
 1.129245e+01  3.017076e-02 
 1.129277e+01  3.017076e-02 
 1.129309e+01  3.017076e-02 
 1.129341e+01  3.017076e-02 
 1.129374e+01  3.017076e-02 
 1.129406e+01  3.017076e-02 
 1.129438e+01  3.017076e-02 
 1.129470e+01  3.017077e-02 
 1.129502e+01  3.017077e-02 
 1.129534e+01  3.017077e-02 
 1.129567e+01  3.017077e-02 
 1.129599e+01  3.017077e-02 
 1.129631e+01  3.017077e-02 
 1.129663e+01  3.017077e-02 
 1.129695e+01  3.017078e-02 
 1.129727e+01  3.017078e-02 
 1.129760e+01  3.017078e-02 
 1.129792e+01  3.017078e-02 
 1.129824e+01  3.017078e-02 
 1.129856e+01  3.017079e-02 
 1.129888e+01  3.017079e-02 
 1.129920e+01  3.017079e-02 
 1.129952e+01  3.017079e-02 
 1.129985e+01  3.017079e-02 
 1.130017e+01  3.017080e-02 
 1.130049e+01  3.017080e-02 
 1.130081e+01  3.017080e-02 
 1.130113e+01  3.017080e-02 
 1.130145e+01  3.017081e-02 
 1.130178e+01  3.017081e-02 
 1.130210e+01  3.017081e-02 
 1.130242e+01  3.017081e-02 
 1.130274e+01  3.017082e-02 
 1.130306e+01  3.017082e-02 
 1.130338e+01  3.017082e-02 
 1.130370e+01  3.017082e-02 
 1.130403e+01  3.017083e-02 
 1.130435e+01  3.017083e-02 
 1.130467e+01  3.017083e-02 
 1.130499e+01  3.017084e-02 
 1.130531e+01  3.017084e-02 
 1.130563e+01  3.017084e-02 
 1.130596e+01  3.017085e-02 
 1.130628e+01  3.017085e-02 
 1.130660e+01  3.017085e-02 
 1.130692e+01  3.017086e-02 
 1.130724e+01  3.017086e-02 
 1.130756e+01  3.017086e-02 
 1.130788e+01  3.017086e-02 
 1.130821e+01  3.017087e-02 
 1.130853e+01  3.017087e-02 
 1.130885e+01  3.017088e-02 
 1.130917e+01  3.017088e-02 
 1.130949e+01  3.017088e-02 
 1.130981e+01  3.017089e-02 
 1.131014e+01  3.017089e-02 
 1.131046e+01  3.017089e-02 
 1.131078e+01  3.017090e-02 
 1.131110e+01  3.017090e-02 
 1.131142e+01  3.017091e-02 
 1.131174e+01  3.017091e-02 
 1.131207e+01  3.017091e-02 
 1.131239e+01  3.017092e-02 
 1.131271e+01  3.017092e-02 
 1.131303e+01  3.017093e-02 
 1.131335e+01  3.017093e-02 
 1.131367e+01  3.017093e-02 
 1.131399e+01  3.017094e-02 
 1.131432e+01  3.017094e-02 
 1.131464e+01  3.017095e-02 
 1.131496e+01  3.017095e-02 
 1.131528e+01  3.017096e-02 
 1.131560e+01  3.017096e-02 
 1.131592e+01  3.017097e-02 
 1.131625e+01  3.017097e-02 
 1.131657e+01  3.017097e-02 
 1.131689e+01  3.017098e-02 
 1.131721e+01  3.017098e-02 
 1.131753e+01  3.017099e-02 
 1.131785e+01  3.017099e-02 
 1.131817e+01  3.017100e-02 
 1.131850e+01  3.017100e-02 
 1.131882e+01  3.017101e-02 
 1.131914e+01  3.017102e-02 
 1.131946e+01  3.017102e-02 
 1.131978e+01  3.017103e-02 
 1.132010e+01  3.017103e-02 
 1.132043e+01  3.017104e-02 
 1.132075e+01  3.017104e-02 
 1.132107e+01  3.017105e-02 
 1.132139e+01  3.017105e-02 
 1.132171e+01  3.017106e-02 
 1.132203e+01  3.017106e-02 
 1.132235e+01  3.017107e-02 
 1.132268e+01  3.017108e-02 
 1.132300e+01  3.017108e-02 
 1.132332e+01  3.017109e-02 
 1.132364e+01  3.017110e-02 
 1.132396e+01  3.017110e-02 
 1.132428e+01  3.017111e-02 
 1.132461e+01  3.017111e-02 
 1.132493e+01  3.017112e-02 
 1.132525e+01  3.017113e-02 
 1.132557e+01  3.017113e-02 
 1.132589e+01  3.017114e-02 
 1.132621e+01  3.017115e-02 
 1.132654e+01  3.017115e-02 
 1.132686e+01  3.017116e-02 
 1.132718e+01  3.017117e-02 
 1.132750e+01  3.017117e-02 
 1.132782e+01  3.017118e-02 
 1.132814e+01  3.017119e-02 
 1.132846e+01  3.017120e-02 
 1.132879e+01  3.017120e-02 
 1.132911e+01  3.017121e-02 
 1.132943e+01  3.017122e-02 
 1.132975e+01  3.017122e-02 
 1.133007e+01  3.017123e-02 
 1.133039e+01  3.017124e-02 
 1.133072e+01  3.017125e-02 
 1.133104e+01  3.017125e-02 
 1.133136e+01  3.017126e-02 
 1.133168e+01  3.017127e-02 
 1.133200e+01  3.017128e-02 
 1.133232e+01  3.017129e-02 
 1.133264e+01  3.017129e-02 
 1.133297e+01  3.017130e-02 
 1.133329e+01  3.017131e-02 
 1.133361e+01  3.017132e-02 
 1.133393e+01  3.017133e-02 
 1.133425e+01  3.017133e-02 
 1.133457e+01  3.017134e-02 
 1.133490e+01  3.017135e-02 
 1.133522e+01  3.017136e-02 
 1.133554e+01  3.017137e-02 
 1.133586e+01  3.017138e-02 
 1.133618e+01  3.017139e-02 
 1.133650e+01  3.017139e-02 
 1.133683e+01  3.017140e-02 
 1.133715e+01  3.017141e-02 
 1.133747e+01  3.017142e-02 
 1.133779e+01  3.017143e-02 
 1.133811e+01  3.017144e-02 
 1.133843e+01  3.017145e-02 
 1.133875e+01  3.017146e-02 
 1.133908e+01  3.017147e-02 
 1.133940e+01  3.017148e-02 
 1.133972e+01  3.017148e-02 
 1.134004e+01  3.017149e-02 
 1.134036e+01  3.017150e-02 
 1.134068e+01  3.017151e-02 
 1.134101e+01  3.017152e-02 
 1.134133e+01  3.017153e-02 
 1.134165e+01  3.017154e-02 
 1.134197e+01  3.017155e-02 
 1.134229e+01  3.017156e-02 
 1.134261e+01  3.017157e-02 
 1.134293e+01  3.017158e-02 
 1.134326e+01  3.017159e-02 
 1.134358e+01  3.017160e-02 
 1.134390e+01  3.017161e-02 
 1.134422e+01  3.017162e-02 
 1.134454e+01  3.017163e-02 
 1.134486e+01  3.017164e-02 
 1.134519e+01  3.017165e-02 
 1.134551e+01  3.017166e-02 
 1.134583e+01  3.017167e-02 
 1.134615e+01  3.017168e-02 
 1.134647e+01  3.017169e-02 
 1.134679e+01  3.017170e-02 
 1.134711e+01  3.017171e-02 
 1.134744e+01  3.017172e-02 
 1.134776e+01  3.017173e-02 
 1.134808e+01  3.017174e-02 
 1.134840e+01  3.017175e-02 
 1.134872e+01  3.017176e-02 
 1.134904e+01  3.017177e-02 
 1.134937e+01  3.017178e-02 
 1.134969e+01  3.017179e-02 
 1.135001e+01  3.017180e-02 
 1.135033e+01  3.017181e-02 
 1.135065e+01  3.017182e-02 
 1.135097e+01  3.017183e-02 
 1.135130e+01  3.017184e-02 
 1.135162e+01  3.017185e-02 
 1.135194e+01  3.017186e-02 
 1.135226e+01  3.017187e-02 
 1.135258e+01  3.017188e-02 
 1.135290e+01  3.017189e-02 
 1.135322e+01  3.017190e-02 
 1.135355e+01  3.017191e-02 
 1.135387e+01  3.017192e-02 
 1.135419e+01  3.017193e-02 
 1.135451e+01  3.017194e-02 
 1.135483e+01  3.017195e-02 
 1.135515e+01  3.017196e-02 
 1.135548e+01  3.017197e-02 
 1.135580e+01  3.017198e-02 
 1.135612e+01  3.017199e-02 
 1.135644e+01  3.017200e-02 
 1.135676e+01  3.017201e-02 
 1.135708e+01  3.017202e-02 
 1.135740e+01  3.017203e-02 
 1.135773e+01  3.017204e-02 
 1.135805e+01  3.017205e-02 
 1.135837e+01  3.017206e-02 
 1.135869e+01  3.017207e-02 
 1.135901e+01  3.017208e-02 
 1.135933e+01  3.017209e-02 
 1.135966e+01  3.017210e-02 
 1.135998e+01  3.017211e-02 
 1.136030e+01  3.017212e-02 
 1.136062e+01  3.017213e-02 
 1.136094e+01  3.017214e-02 
 1.136126e+01  3.017215e-02 
 1.136158e+01  3.017216e-02 
 1.136191e+01  3.017217e-02 
 1.136223e+01  3.017218e-02 
 1.136255e+01  3.017219e-02 
 1.136287e+01  3.017220e-02 
 1.136319e+01  3.017221e-02 
 1.136351e+01  3.017222e-02 
 1.136384e+01  3.017222e-02 
 1.136416e+01  3.017223e-02 
 1.136448e+01  3.017224e-02 
 1.136480e+01  3.017225e-02 
 1.136512e+01  3.017226e-02 
 1.136544e+01  3.017227e-02 
 1.136577e+01  3.017228e-02 
 1.136609e+01  3.017229e-02 
 1.136641e+01  3.017230e-02 
 1.136673e+01  3.017231e-02 
 1.136705e+01  3.017232e-02 
 1.136737e+01  3.017233e-02 
 1.136769e+01  3.017234e-02 
 1.136802e+01  3.017235e-02 
 1.136834e+01  3.017236e-02 
 1.136866e+01  3.017237e-02 
 1.136898e+01  3.017238e-02 
 1.136930e+01  3.017238e-02 
 1.136962e+01  3.017239e-02 
 1.136995e+01  3.017240e-02 
 1.137027e+01  3.017241e-02 
 1.137059e+01  3.017242e-02 
 1.137091e+01  3.017243e-02 
 1.137123e+01  3.017244e-02 
 1.137155e+01  3.017245e-02 
 1.137187e+01  3.017246e-02 
 1.137220e+01  3.017247e-02 
 1.137252e+01  3.017247e-02 
 1.137284e+01  3.017248e-02 
 1.137316e+01  3.017249e-02 
 1.137348e+01  3.017250e-02 
 1.137380e+01  3.017251e-02 
 1.137413e+01  3.017252e-02 
 1.137445e+01  3.017253e-02 
 1.137477e+01  3.017254e-02 
 1.137509e+01  3.017254e-02 
 1.137541e+01  3.017255e-02 
 1.137573e+01  3.017256e-02 
 1.137605e+01  3.017257e-02 
 1.137638e+01  3.017258e-02 
 1.137670e+01  3.017259e-02 
 1.137702e+01  3.017259e-02 
 1.137734e+01  3.017260e-02 
 1.137766e+01  3.017261e-02 
 1.137798e+01  3.017262e-02 
 1.137831e+01  3.017263e-02 
 1.137863e+01  3.017264e-02 
 1.137895e+01  3.017264e-02 
 1.137927e+01  3.017265e-02 
 1.137959e+01  3.017266e-02 
 1.137991e+01  3.017267e-02 
 1.138024e+01  3.017268e-02 
 1.138056e+01  3.017268e-02 
 1.138088e+01  3.017269e-02 
 1.138120e+01  3.017270e-02 
 1.138152e+01  3.017271e-02 
 1.138184e+01  3.017271e-02 
 1.138216e+01  3.017272e-02 
 1.138249e+01  3.017273e-02 
 1.138281e+01  3.017274e-02 
 1.138313e+01  3.017274e-02 
 1.138345e+01  3.017275e-02 
 1.138377e+01  3.017276e-02 
 1.138409e+01  3.017277e-02 
 1.138442e+01  3.017277e-02 
 1.138474e+01  3.017278e-02 
 1.138506e+01  3.017279e-02 
 1.138538e+01  3.017280e-02 
 1.138570e+01  3.017280e-02 
 1.138602e+01  3.017281e-02 
 1.138634e+01  3.017282e-02 
 1.138667e+01  3.017282e-02 
 1.138699e+01  3.017283e-02 
 1.138731e+01  3.017284e-02 
 1.138763e+01  3.017285e-02 
 1.138795e+01  3.017285e-02 
 1.138827e+01  3.017286e-02 
 1.138860e+01  3.017287e-02 
 1.138892e+01  3.017287e-02 
 1.138924e+01  3.017288e-02 
 1.138956e+01  3.017289e-02 
 1.138988e+01  3.017289e-02 
 1.139020e+01  3.017290e-02 
 1.139052e+01  3.017291e-02 
 1.139085e+01  3.017291e-02 
 1.139117e+01  3.017292e-02 
 1.139149e+01  3.017292e-02 
 1.139181e+01  3.017293e-02 
 1.139213e+01  3.017294e-02 
 1.139245e+01  3.017294e-02 
 1.139278e+01  3.017295e-02 
 1.139310e+01  3.017295e-02 
 1.139342e+01  3.017296e-02 
 1.139374e+01  3.017297e-02 
 1.139406e+01  3.017297e-02 
 1.139438e+01  3.017298e-02 
 1.139471e+01  3.017298e-02 
 1.139503e+01  3.017299e-02 
 1.139535e+01  3.017299e-02 
 1.139567e+01  3.017300e-02 
 1.139599e+01  3.017300e-02 
 1.139631e+01  3.017301e-02 
 1.139663e+01  3.017302e-02 
 1.139696e+01  3.017302e-02 
 1.139728e+01  3.017303e-02 
 1.139760e+01  3.017303e-02 
 1.139792e+01  3.017304e-02 
 1.139824e+01  3.017304e-02 
 1.139856e+01  3.017305e-02 
 1.139889e+01  3.017305e-02 
 1.139921e+01  3.017305e-02 
 1.139953e+01  3.017306e-02 
 1.139985e+01  3.017306e-02 
 1.140017e+01  3.017307e-02 
 1.140049e+01  3.017307e-02 
 1.140081e+01  3.017308e-02 
 1.140114e+01  3.017308e-02 
 1.140146e+01  3.017309e-02 
 1.140178e+01  3.017309e-02 
 1.140210e+01  3.017309e-02 
 1.140242e+01  3.017310e-02 
 1.140274e+01  3.017310e-02 
 1.140307e+01  3.017310e-02 
 1.140339e+01  3.017311e-02 
 1.140371e+01  3.017311e-02 
 1.140403e+01  3.017312e-02 
 1.140435e+01  3.017312e-02 
 1.140467e+01  3.017312e-02 
 1.140499e+01  3.017313e-02 
 1.140532e+01  3.017313e-02 
 1.140564e+01  3.017313e-02 
 1.140596e+01  3.017314e-02 
 1.140628e+01  3.017314e-02 
 1.140660e+01  3.017314e-02 
 1.140692e+01  3.017314e-02 
 1.140725e+01  3.017315e-02 
 1.140757e+01  3.017315e-02 
 1.140789e+01  3.017315e-02 
 1.140821e+01  3.017315e-02 
 1.140853e+01  3.017316e-02 
 1.140885e+01  3.017316e-02 
 1.140918e+01  3.017316e-02 
 1.140950e+01  3.017316e-02 
 1.140982e+01  3.017317e-02 
 1.141014e+01  3.017317e-02 
 1.141046e+01  3.017317e-02 
 1.141078e+01  3.017317e-02 
 1.141110e+01  3.017317e-02 
 1.141143e+01  3.017318e-02 
 1.141175e+01  3.017318e-02 
 1.141207e+01  3.017318e-02 
 1.141239e+01  3.017318e-02 
 1.141271e+01  3.017318e-02 
 1.141303e+01  3.017318e-02 
 1.141336e+01  3.017319e-02 
 1.141368e+01  3.017319e-02 
 1.141400e+01  3.017319e-02 
 1.141432e+01  3.017319e-02 
 1.141464e+01  3.017319e-02 
 1.141496e+01  3.017319e-02 
 1.141528e+01  3.017319e-02 
 1.141561e+01  3.017319e-02 
 1.141593e+01  3.017319e-02 
 1.141625e+01  3.017320e-02 
 1.141657e+01  3.017320e-02 
 1.141689e+01  3.017320e-02 
 1.141721e+01  3.017320e-02 
 1.141754e+01  3.017320e-02 
 1.141786e+01  3.017320e-02 
 1.141818e+01  3.017320e-02 
 1.141850e+01  3.017320e-02 
 1.141882e+01  3.017320e-02 
 1.141914e+01  3.017320e-02 
 1.141946e+01  3.017320e-02 
 1.141979e+01  3.017320e-02 
 1.142011e+01  3.017320e-02 
 1.142043e+01  3.017320e-02 
 1.142075e+01  3.017320e-02 
 1.142107e+01  3.017320e-02 
 1.142139e+01  3.017320e-02 
 1.142172e+01  3.017320e-02 
 1.142204e+01  3.017320e-02 
 1.142236e+01  3.017320e-02 
 1.142268e+01  3.017320e-02 
 1.142300e+01  3.017320e-02 
 1.142332e+01  3.017320e-02 
 1.142365e+01  3.017319e-02 
 1.142397e+01  3.017319e-02 
 1.142429e+01  3.017319e-02 
 1.142461e+01  3.017319e-02 
 1.142493e+01  3.017319e-02 
 1.142525e+01  3.017319e-02 
 1.142557e+01  3.017319e-02 
 1.142590e+01  3.017319e-02 
 1.142622e+01  3.017319e-02 
 1.142654e+01  3.017318e-02 
 1.142686e+01  3.017318e-02 
 1.142718e+01  3.017318e-02 
 1.142750e+01  3.017318e-02 
 1.142783e+01  3.017318e-02 
 1.142815e+01  3.017318e-02 
 1.142847e+01  3.017317e-02 
 1.142879e+01  3.017317e-02 
 1.142911e+01  3.017317e-02 
 1.142943e+01  3.017317e-02 
 1.142975e+01  3.017317e-02 
 1.143008e+01  3.017316e-02 
 1.143040e+01  3.017316e-02 
 1.143072e+01  3.017316e-02 
 1.143104e+01  3.017316e-02 
 1.143136e+01  3.017316e-02 
 1.143168e+01  3.017315e-02 
 1.143201e+01  3.017315e-02 
 1.143233e+01  3.017315e-02 
 1.143265e+01  3.017315e-02 
 1.143297e+01  3.017314e-02 
 1.143329e+01  3.017314e-02 
 1.143361e+01  3.017314e-02 
 1.143394e+01  3.017313e-02 
 1.143426e+01  3.017313e-02 
 1.143458e+01  3.017313e-02 
 1.143490e+01  3.017312e-02 
 1.143522e+01  3.017312e-02 
 1.143554e+01  3.017312e-02 
 1.143586e+01  3.017311e-02 
 1.143619e+01  3.017311e-02 
 1.143651e+01  3.017311e-02 
 1.143683e+01  3.017310e-02 
 1.143715e+01  3.017310e-02 
 1.143747e+01  3.017310e-02 
 1.143779e+01  3.017309e-02 
 1.143812e+01  3.017309e-02 
 1.143844e+01  3.017309e-02 
 1.143876e+01  3.017308e-02 
 1.143908e+01  3.017308e-02 
 1.143940e+01  3.017307e-02 
 1.143972e+01  3.017307e-02 
 1.144004e+01  3.017306e-02 
 1.144037e+01  3.017306e-02 
 1.144069e+01  3.017306e-02 
 1.144101e+01  3.017305e-02 
 1.144133e+01  3.017305e-02 
 1.144165e+01  3.017304e-02 
 1.144197e+01  3.017304e-02 
 1.144230e+01  3.017303e-02 
 1.144262e+01  3.017303e-02 
 1.144294e+01  3.017302e-02 
 1.144326e+01  3.017302e-02 
 1.144358e+01  3.017301e-02 
 1.144390e+01  3.017301e-02 
 1.144422e+01  3.017300e-02 
 1.144455e+01  3.017300e-02 
 1.144487e+01  3.017299e-02 
 1.144519e+01  3.017299e-02 
 1.144551e+01  3.017298e-02 
 1.144583e+01  3.017298e-02 
 1.144615e+01  3.017297e-02 
 1.144648e+01  3.017297e-02 
 1.144680e+01  3.017296e-02 
 1.144712e+01  3.017296e-02 
 1.144744e+01  3.017295e-02 
 1.144776e+01  3.017294e-02 
 1.144808e+01  3.017294e-02 
 1.144841e+01  3.017293e-02 
 1.144873e+01  3.017293e-02 
 1.144905e+01  3.017292e-02 
 1.144937e+01  3.017291e-02 
 1.144969e+01  3.017291e-02 
 1.145001e+01  3.017290e-02 
 1.145033e+01  3.017290e-02 
 1.145066e+01  3.017289e-02 
 1.145098e+01  3.017288e-02 
 1.145130e+01  3.017288e-02 
 1.145162e+01  3.017287e-02 
 1.145194e+01  3.017286e-02 
 1.145226e+01  3.017286e-02 
 1.145259e+01  3.017285e-02 
 1.145291e+01  3.017284e-02 
 1.145323e+01  3.017284e-02 
 1.145355e+01  3.017283e-02 
 1.145387e+01  3.017282e-02 
 1.145419e+01  3.017281e-02 
 1.145451e+01  3.017281e-02 
 1.145484e+01  3.017280e-02 
 1.145516e+01  3.017279e-02 
 1.145548e+01  3.017279e-02 
 1.145580e+01  3.017278e-02 
 1.145612e+01  3.017277e-02 
 1.145644e+01  3.017276e-02 
 1.145677e+01  3.017276e-02 
 1.145709e+01  3.017275e-02 
 1.145741e+01  3.017274e-02 
 1.145773e+01  3.017273e-02 
 1.145805e+01  3.017272e-02 
 1.145837e+01  3.017272e-02 
 1.145869e+01  3.017271e-02 
 1.145902e+01  3.017270e-02 
 1.145934e+01  3.017269e-02 
 1.145966e+01  3.017268e-02 
 1.145998e+01  3.017268e-02 
 1.146030e+01  3.017267e-02 
 1.146062e+01  3.017266e-02 
 1.146095e+01  3.017265e-02 
 1.146127e+01  3.017264e-02 
 1.146159e+01  3.017263e-02 
 1.146191e+01  3.017263e-02 
 1.146223e+01  3.017262e-02 
 1.146255e+01  3.017261e-02 
 1.146288e+01  3.017260e-02 
 1.146320e+01  3.017259e-02 
 1.146352e+01  3.017258e-02 
 1.146384e+01  3.017257e-02 
 1.146416e+01  3.017256e-02 
 1.146448e+01  3.017255e-02 
 1.146480e+01  3.017255e-02 
 1.146513e+01  3.017254e-02 
 1.146545e+01  3.017253e-02 
 1.146577e+01  3.017252e-02 
 1.146609e+01  3.017251e-02 
 1.146641e+01  3.017250e-02 
 1.146673e+01  3.017249e-02 
 1.146706e+01  3.017248e-02 
 1.146738e+01  3.017247e-02 
 1.146770e+01  3.017246e-02 
 1.146802e+01  3.017245e-02 
 1.146834e+01  3.017244e-02 
 1.146866e+01  3.017243e-02 
 1.146898e+01  3.017242e-02 
 1.146931e+01  3.017241e-02 
 1.146963e+01  3.017240e-02 
 1.146995e+01  3.017239e-02 
 1.147027e+01  3.017238e-02 
 1.147059e+01  3.017237e-02 
 1.147091e+01  3.017236e-02 
 1.147124e+01  3.017235e-02 
 1.147156e+01  3.017234e-02 
 1.147188e+01  3.017233e-02 
 1.147220e+01  3.017232e-02 
 1.147252e+01  3.017231e-02 
 1.147284e+01  3.017230e-02 
 1.147316e+01  3.017229e-02 
 1.147349e+01  3.017228e-02 
 1.147381e+01  3.017226e-02 
 1.147413e+01  3.017225e-02 
 1.147445e+01  3.017224e-02 
 1.147477e+01  3.017223e-02 
 1.147509e+01  3.017222e-02 
 1.147542e+01  3.017221e-02 
 1.147574e+01  3.017220e-02 
 1.147606e+01  3.017219e-02 
 1.147638e+01  3.017218e-02 
 1.147670e+01  3.017216e-02 
 1.147702e+01  3.017215e-02 
 1.147735e+01  3.017214e-02 
 1.147767e+01  3.017213e-02 
 1.147799e+01  3.017212e-02 
 1.147831e+01  3.017211e-02 
 1.147863e+01  3.017210e-02 
 1.147895e+01  3.017208e-02 
 1.147927e+01  3.017207e-02 
 1.147960e+01  3.017206e-02 
 1.147992e+01  3.017205e-02 
 1.148024e+01  3.017204e-02 
 1.148056e+01  3.017202e-02 
 1.148088e+01  3.017201e-02 
 1.148120e+01  3.017200e-02 
 1.148153e+01  3.017199e-02 
 1.148185e+01  3.017198e-02 
 1.148217e+01  3.017196e-02 
 1.148249e+01  3.017195e-02 
 1.148281e+01  3.017194e-02 
 1.148313e+01  3.017193e-02 
 1.148345e+01  3.017191e-02 
 1.148378e+01  3.017190e-02 
 1.148410e+01  3.017189e-02 
 1.148442e+01  3.017188e-02 
 1.148474e+01  3.017187e-02 
 1.148506e+01  3.017185e-02 
 1.148538e+01  3.017184e-02 
 1.148571e+01  3.017183e-02 
 1.148603e+01  3.017181e-02 
 1.148635e+01  3.017180e-02 
 1.148667e+01  3.017179e-02 
 1.148699e+01  3.017178e-02 
 1.148731e+01  3.017176e-02 
 1.148763e+01  3.017175e-02 
 1.148796e+01  3.017174e-02 
 1.148828e+01  3.017172e-02 
 1.148860e+01  3.017171e-02 
 1.148892e+01  3.017170e-02 
 1.148924e+01  3.017169e-02 
 1.148956e+01  3.017167e-02 
 1.148989e+01  3.017166e-02 
 1.149021e+01  3.017165e-02 
 1.149053e+01  3.017163e-02 
 1.149085e+01  3.017162e-02 
 1.149117e+01  3.017161e-02 
 1.149149e+01  3.017159e-02 
 1.149182e+01  3.017158e-02 
 1.149214e+01  3.017157e-02 
 1.149246e+01  3.017155e-02 
 1.149278e+01  3.017154e-02 
 1.149310e+01  3.017153e-02 
 1.149342e+01  3.017151e-02 
 1.149374e+01  3.017150e-02 
 1.149407e+01  3.017148e-02 
 1.149439e+01  3.017147e-02 
 1.149471e+01  3.017146e-02 
 1.149503e+01  3.017144e-02 
 1.149535e+01  3.017143e-02 
 1.149567e+01  3.017142e-02 
 1.149600e+01  3.017140e-02 
 1.149632e+01  3.017139e-02 
 1.149664e+01  3.017137e-02 
 1.149696e+01  3.017136e-02 
 1.149728e+01  3.017135e-02 
 1.149760e+01  3.017133e-02 
 1.149792e+01  3.017132e-02 
 1.149825e+01  3.017130e-02 
 1.149857e+01  3.017129e-02 
 1.149889e+01  3.017127e-02 
 1.149921e+01  3.017126e-02 
 1.149953e+01  3.017125e-02 
 1.149985e+01  3.017123e-02 
 1.150018e+01  3.017122e-02 
 1.150050e+01  3.017120e-02 
 1.150082e+01  3.017119e-02 
 1.150114e+01  3.017117e-02 
 1.150146e+01  3.017116e-02 
 1.150178e+01  3.017114e-02 
 1.150210e+01  3.017113e-02 
 1.150243e+01  3.017111e-02 
 1.150275e+01  3.017110e-02 
 1.150307e+01  3.017108e-02 
 1.150339e+01  3.017107e-02 
 1.150371e+01  3.017105e-02 
 1.150403e+01  3.017104e-02 
 1.150436e+01  3.017102e-02 
 1.150468e+01  3.017101e-02 
 1.150500e+01  3.017099e-02 
 1.150532e+01  3.017098e-02 
 1.150564e+01  3.017096e-02 
 1.150596e+01  3.017095e-02 
 1.150629e+01  3.017093e-02 
 1.150661e+01  3.017092e-02 
 1.150693e+01  3.017090e-02 
 1.150725e+01  3.017089e-02 
 1.150757e+01  3.017087e-02 
 1.150789e+01  3.017085e-02 
 1.150821e+01  3.017084e-02 
 1.150854e+01  3.017082e-02 
 1.150886e+01  3.017081e-02 
 1.150918e+01  3.017079e-02 
 1.150950e+01  3.017077e-02 
 1.150982e+01  3.017076e-02 
 1.151014e+01  3.017074e-02 
 1.151047e+01  3.017073e-02 
 1.151079e+01  3.017071e-02 
 1.151111e+01  3.017069e-02 
 1.151143e+01  3.017068e-02 
 1.151175e+01  3.017066e-02 
 1.151207e+01  3.017064e-02 
 1.151239e+01  3.017063e-02 
 1.151272e+01  3.017061e-02 
 1.151304e+01  3.017059e-02 
 1.151336e+01  3.017058e-02 
 1.151368e+01  3.017056e-02 
 1.151400e+01  3.017054e-02 
 1.151432e+01  3.017053e-02 
 1.151465e+01  3.017051e-02 
 1.151497e+01  3.017049e-02 
 1.151529e+01  3.017047e-02 
 1.151561e+01  3.017046e-02 
 1.151593e+01  3.017044e-02 
 1.151625e+01  3.017042e-02 
 1.151658e+01  3.017040e-02 
 1.151690e+01  3.017039e-02 
 1.151722e+01  3.017037e-02 
 1.151754e+01  3.017035e-02 
 1.151786e+01  3.017033e-02 
 1.151818e+01  3.017032e-02 
 1.151850e+01  3.017030e-02 
 1.151883e+01  3.017028e-02 
 1.151915e+01  3.017026e-02 
 1.151947e+01  3.017025e-02 
 1.151979e+01  3.017023e-02 
 1.152011e+01  3.017021e-02 
 1.152043e+01  3.017019e-02 
 1.152076e+01  3.017017e-02 
 1.152108e+01  3.017015e-02 
 1.152140e+01  3.017014e-02 
 1.152172e+01  3.017012e-02 
 1.152204e+01  3.017010e-02 
 1.152236e+01  3.017008e-02 
 1.152268e+01  3.017006e-02 
 1.152301e+01  3.017004e-02 
 1.152333e+01  3.017003e-02 
 1.152365e+01  3.017001e-02 
 1.152397e+01  3.016999e-02 
 1.152429e+01  3.016997e-02 
 1.152461e+01  3.016995e-02 
 1.152494e+01  3.016993e-02 
 1.152526e+01  3.016991e-02 
 1.152558e+01  3.016989e-02 
 1.152590e+01  3.016988e-02 
 1.152622e+01  3.016986e-02 
 1.152654e+01  3.016984e-02 
 1.152686e+01  3.016982e-02 
 1.152719e+01  3.016980e-02 
 1.152751e+01  3.016978e-02 
 1.152783e+01  3.016976e-02 
 1.152815e+01  3.016974e-02 
 1.152847e+01  3.016972e-02 
 1.152879e+01  3.016970e-02 
 1.152912e+01  3.016968e-02 
 1.152944e+01  3.016967e-02 
 1.152976e+01  3.016965e-02 
 1.153008e+01  3.016963e-02 
 1.153040e+01  3.016961e-02 
 1.153072e+01  3.016959e-02 
 1.153105e+01  3.016957e-02 
 1.153137e+01  3.016955e-02 
 1.153169e+01  3.016953e-02 
 1.153201e+01  3.016951e-02 
 1.153233e+01  3.016949e-02 
 1.153265e+01  3.016947e-02 
 1.153297e+01  3.016945e-02 
 1.153330e+01  3.016943e-02 
 1.153362e+01  3.016941e-02 
 1.153394e+01  3.016939e-02 
 1.153426e+01  3.016938e-02 
 1.153458e+01  3.016936e-02 
 1.153490e+01  3.016934e-02 
 1.153523e+01  3.016932e-02 
 1.153555e+01  3.016930e-02 
 1.153587e+01  3.016928e-02 
 1.153619e+01  3.016926e-02 
 1.153651e+01  3.016924e-02 
 1.153683e+01  3.016922e-02 
 1.153715e+01  3.016920e-02 
 1.153748e+01  3.016918e-02 
 1.153780e+01  3.016916e-02 
 1.153812e+01  3.016914e-02 
 1.153844e+01  3.016912e-02 
 1.153876e+01  3.016910e-02 
 1.153908e+01  3.016908e-02 
 1.153941e+01  3.016906e-02 
 1.153973e+01  3.016904e-02 
 1.154005e+01  3.016902e-02 
 1.154037e+01  3.016900e-02 
 1.154069e+01  3.016898e-02 
 1.154101e+01  3.016896e-02 
 1.154133e+01  3.016895e-02 
 1.154166e+01  3.016893e-02 
 1.154198e+01  3.016891e-02 
 1.154230e+01  3.016889e-02 
 1.154262e+01  3.016887e-02 
 1.154294e+01  3.016885e-02 
 1.154326e+01  3.016883e-02 
 1.154359e+01  3.016881e-02 
 1.154391e+01  3.016879e-02 
 1.154423e+01  3.016877e-02 
 1.154455e+01  3.016875e-02 
 1.154487e+01  3.016873e-02 
 1.154519e+01  3.016871e-02 
 1.154552e+01  3.016869e-02 
 1.154584e+01  3.016867e-02 
 1.154616e+01  3.016865e-02 
 1.154648e+01  3.016863e-02 
 1.154680e+01  3.016861e-02 
 1.154712e+01  3.016859e-02 
 1.154744e+01  3.016857e-02 
 1.154777e+01  3.016855e-02 
 1.154809e+01  3.016853e-02 
 1.154841e+01  3.016851e-02 
 1.154873e+01  3.016849e-02 
 1.154905e+01  3.016847e-02 
 1.154937e+01  3.016845e-02 
 1.154970e+01  3.016843e-02 
 1.155002e+01  3.016841e-02 
 1.155034e+01  3.016839e-02 
 1.155066e+01  3.016837e-02 
 1.155098e+01  3.016835e-02 
 1.155130e+01  3.016833e-02 
 1.155162e+01  3.016831e-02 
 1.155195e+01  3.016830e-02 
 1.155227e+01  3.016828e-02 
 1.155259e+01  3.016826e-02 
 1.155291e+01  3.016824e-02 
 1.155323e+01  3.016822e-02 
 1.155355e+01  3.016820e-02 
 1.155388e+01  3.016818e-02 
 1.155420e+01  3.016816e-02 
 1.155452e+01  3.016814e-02 
 1.155484e+01  3.016812e-02 
 1.155516e+01  3.016810e-02 
 1.155548e+01  3.016808e-02 
 1.155580e+01  3.016806e-02 
 1.155613e+01  3.016804e-02 
 1.155645e+01  3.016802e-02 
 1.155677e+01  3.016800e-02 
 1.155709e+01  3.016798e-02 
 1.155741e+01  3.016796e-02 
 1.155773e+01  3.016794e-02 
 1.155806e+01  3.016792e-02 
 1.155838e+01  3.016790e-02 
 1.155870e+01  3.016788e-02 
 1.155902e+01  3.016786e-02 
 1.155934e+01  3.016784e-02 
 1.155966e+01  3.016782e-02 
 1.155999e+01  3.016780e-02 
 1.156031e+01  3.016778e-02 
 1.156063e+01  3.016776e-02 
 1.156095e+01  3.016774e-02 
 1.156127e+01  3.016772e-02 
 1.156159e+01  3.016770e-02 
 1.156191e+01  3.016768e-02 
 1.156224e+01  3.016766e-02 
 1.156256e+01  3.016764e-02 
 1.156288e+01  3.016762e-02 
 1.156320e+01  3.016760e-02 
 1.156352e+01  3.016758e-02 
 1.156384e+01  3.016756e-02 
 1.156417e+01  3.016754e-02 
 1.156449e+01  3.016752e-02 
 1.156481e+01  3.016751e-02 
 1.156513e+01  3.016749e-02 
 1.156545e+01  3.016747e-02 
 1.156577e+01  3.016745e-02 
 1.156609e+01  3.016743e-02 
 1.156642e+01  3.016741e-02 
 1.156674e+01  3.016739e-02 
 1.156706e+01  3.016737e-02 
 1.156738e+01  3.016735e-02 
 1.156770e+01  3.016733e-02 
 1.156802e+01  3.016731e-02 
 1.156835e+01  3.016729e-02 
 1.156867e+01  3.016727e-02 
 1.156899e+01  3.016725e-02 
 1.156931e+01  3.016723e-02 
 1.156963e+01  3.016721e-02 
 1.156995e+01  3.016719e-02 
 1.157027e+01  3.016717e-02 
 1.157060e+01  3.016715e-02 
 1.157092e+01  3.016713e-02 
 1.157124e+01  3.016711e-02 
 1.157156e+01  3.016709e-02 
 1.157188e+01  3.016707e-02 
 1.157220e+01  3.016705e-02 
 1.157253e+01  3.016704e-02 
 1.157285e+01  3.016702e-02 
 1.157317e+01  3.016700e-02 
 1.157349e+01  3.016698e-02 
 1.157381e+01  3.016696e-02 
 1.157413e+01  3.016694e-02 
 1.157446e+01  3.016692e-02 
 1.157478e+01  3.016690e-02 
 1.157510e+01  3.016688e-02 
 1.157542e+01  3.016686e-02 
 1.157574e+01  3.016684e-02 
 1.157606e+01  3.016682e-02 
 1.157638e+01  3.016681e-02 
 1.157671e+01  3.016679e-02 
 1.157703e+01  3.016677e-02 
 1.157735e+01  3.016675e-02 
 1.157767e+01  3.016673e-02 
 1.157799e+01  3.016671e-02 
 1.157831e+01  3.016669e-02 
 1.157864e+01  3.016667e-02 
 1.157896e+01  3.016666e-02 
 1.157928e+01  3.016664e-02 
 1.157960e+01  3.016662e-02 
 1.157992e+01  3.016660e-02 
 1.158024e+01  3.016658e-02 
 1.158056e+01  3.016656e-02 
 1.158089e+01  3.016654e-02 
 1.158121e+01  3.016653e-02 
 1.158153e+01  3.016651e-02 
 1.158185e+01  3.016649e-02 
 1.158217e+01  3.016647e-02 
 1.158249e+01  3.016645e-02 
 1.158282e+01  3.016643e-02 
 1.158314e+01  3.016642e-02 
 1.158346e+01  3.016640e-02 
 1.158378e+01  3.016638e-02 
 1.158410e+01  3.016636e-02 
 1.158442e+01  3.016634e-02 
 1.158474e+01  3.016633e-02 
 1.158507e+01  3.016631e-02 
 1.158539e+01  3.016629e-02 
 1.158571e+01  3.016627e-02 
 1.158603e+01  3.016625e-02 
 1.158635e+01  3.016624e-02 
 1.158667e+01  3.016622e-02 
 1.158700e+01  3.016620e-02 
 1.158732e+01  3.016618e-02 
 1.158764e+01  3.016617e-02 
 1.158796e+01  3.016615e-02 
 1.158828e+01  3.016613e-02 
 1.158860e+01  3.016611e-02 
 1.158893e+01  3.016610e-02 
 1.158925e+01  3.016608e-02 
 1.158957e+01  3.016606e-02 
 1.158989e+01  3.016604e-02 
 1.159021e+01  3.016603e-02 
 1.159053e+01  3.016601e-02 
 1.159085e+01  3.016599e-02 
 1.159118e+01  3.016598e-02 
 1.159150e+01  3.016596e-02 
 1.159182e+01  3.016594e-02 
 1.159214e+01  3.016593e-02 
 1.159246e+01  3.016591e-02 
 1.159278e+01  3.016589e-02 
 1.159311e+01  3.016588e-02 
 1.159343e+01  3.016586e-02 
 1.159375e+01  3.016584e-02 
 1.159407e+01  3.016583e-02 
 1.159439e+01  3.016581e-02 
 1.159471e+01  3.016580e-02 
 1.159503e+01  3.016578e-02 
 1.159536e+01  3.016576e-02 
 1.159568e+01  3.016575e-02 
 1.159600e+01  3.016573e-02 
 1.159632e+01  3.016572e-02 
 1.159664e+01  3.016570e-02 
 1.159696e+01  3.016569e-02 
 1.159729e+01  3.016567e-02 
 1.159761e+01  3.016565e-02 
 1.159793e+01  3.016564e-02 
 1.159825e+01  3.016562e-02 
 1.159857e+01  3.016561e-02 
 1.159889e+01  3.016559e-02 
 1.159922e+01  3.016558e-02 
 1.159954e+01  3.016556e-02 
 1.159986e+01  3.016555e-02 
 1.160018e+01  3.016553e-02 
 1.160050e+01  3.016552e-02 
 1.160082e+01  3.016551e-02 
 1.160114e+01  3.016549e-02 
 1.160147e+01  3.016548e-02 
 1.160179e+01  3.016546e-02 
 1.160211e+01  3.016545e-02 
 1.160243e+01  3.016543e-02 
 1.160275e+01  3.016542e-02 
 1.160307e+01  3.016541e-02 
 1.160340e+01  3.016539e-02 
 1.160372e+01  3.016538e-02 
 1.160404e+01  3.016536e-02 
 1.160436e+01  3.016535e-02 
 1.160468e+01  3.016534e-02 
 1.160500e+01  3.016532e-02 
 1.160532e+01  3.016531e-02 
 1.160565e+01  3.016530e-02 
 1.160597e+01  3.016528e-02 
 1.160629e+01  3.016527e-02 
 1.160661e+01  3.016526e-02 
 1.160693e+01  3.016525e-02 
 1.160725e+01  3.016523e-02 
 1.160758e+01  3.016522e-02 
 1.160790e+01  3.016521e-02 
 1.160822e+01  3.016520e-02 
 1.160854e+01  3.016518e-02 
 1.160886e+01  3.016517e-02 
 1.160918e+01  3.016516e-02 
 1.160950e+01  3.016515e-02 
 1.160983e+01  3.016513e-02 
 1.161015e+01  3.016512e-02 
 1.161047e+01  3.016511e-02 
 1.161079e+01  3.016510e-02 
 1.161111e+01  3.016509e-02 
 1.161143e+01  3.016508e-02 
 1.161176e+01  3.016506e-02 
 1.161208e+01  3.016505e-02 
 1.161240e+01  3.016504e-02 
 1.161272e+01  3.016503e-02 
 1.161304e+01  3.016502e-02 
 1.161336e+01  3.016501e-02 
 1.161369e+01  3.016500e-02 
 1.161401e+01  3.016499e-02 
 1.161433e+01  3.016498e-02 
 1.161465e+01  3.016496e-02 
 1.161497e+01  3.016495e-02 
 1.161529e+01  3.016494e-02 
 1.161561e+01  3.016493e-02 
 1.161594e+01  3.016492e-02 
 1.161626e+01  3.016491e-02 
 1.161658e+01  3.016490e-02 
 1.161690e+01  3.016489e-02 
 1.161722e+01  3.016488e-02 
 1.161754e+01  3.016487e-02 
 1.161787e+01  3.016486e-02 
 1.161819e+01  3.016485e-02 
 1.161851e+01  3.016484e-02 
 1.161883e+01  3.016483e-02 
 1.161915e+01  3.016482e-02 
 1.161947e+01  3.016481e-02 
 1.161979e+01  3.016480e-02 
 1.162012e+01  3.016479e-02 
 1.162044e+01  3.016478e-02 
 1.162076e+01  3.016477e-02 
 1.162108e+01  3.016476e-02 
 1.162140e+01  3.016476e-02 
 1.162172e+01  3.016475e-02 
 1.162205e+01  3.016474e-02 
 1.162237e+01  3.016473e-02 
 1.162269e+01  3.016472e-02 
 1.162301e+01  3.016471e-02 
 1.162333e+01  3.016470e-02 
 1.162365e+01  3.016469e-02 
 1.162397e+01  3.016468e-02 
 1.162430e+01  3.016467e-02 
 1.162462e+01  3.016467e-02 
 1.162494e+01  3.016466e-02 
 1.162526e+01  3.016465e-02 
 1.162558e+01  3.016464e-02 
 1.162590e+01  3.016463e-02 
 1.162623e+01  3.016462e-02 
 1.162655e+01  3.016461e-02 
 1.162687e+01  3.016461e-02 
 1.162719e+01  3.016460e-02 
 1.162751e+01  3.016459e-02 
 1.162783e+01  3.016458e-02 
 1.162816e+01  3.016457e-02 
 1.162848e+01  3.016456e-02 
 1.162880e+01  3.016456e-02 
 1.162912e+01  3.016455e-02 
 1.162944e+01  3.016454e-02 
 1.162976e+01  3.016453e-02 
 1.163008e+01  3.016452e-02 
 1.163041e+01  3.016452e-02 
 1.163073e+01  3.016451e-02 
 1.163105e+01  3.016450e-02 
 1.163137e+01  3.016449e-02 
 1.163169e+01  3.016449e-02 
 1.163201e+01  3.016448e-02 
 1.163234e+01  3.016447e-02 
 1.163266e+01  3.016446e-02 
 1.163298e+01  3.016446e-02 
 1.163330e+01  3.016445e-02 
 1.163362e+01  3.016444e-02 
 1.163394e+01  3.016443e-02 
 1.163426e+01  3.016443e-02 
 1.163459e+01  3.016442e-02 
 1.163491e+01  3.016441e-02 
 1.163523e+01  3.016440e-02 
 1.163555e+01  3.016440e-02 
 1.163587e+01  3.016439e-02 
 1.163619e+01  3.016438e-02 
 1.163652e+01  3.016438e-02 
 1.163684e+01  3.016437e-02 
 1.163716e+01  3.016436e-02 
 1.163748e+01  3.016436e-02 
 1.163780e+01  3.016435e-02 
 1.163812e+01  3.016434e-02 
 1.163844e+01  3.016434e-02 
 1.163877e+01  3.016433e-02 
 1.163909e+01  3.016432e-02 
 1.163941e+01  3.016432e-02 
 1.163973e+01  3.016431e-02 
 1.164005e+01  3.016430e-02 
 1.164037e+01  3.016430e-02 
 1.164070e+01  3.016429e-02 
 1.164102e+01  3.016428e-02 
 1.164134e+01  3.016428e-02 
 1.164166e+01  3.016427e-02 
 1.164198e+01  3.016427e-02 
 1.164230e+01  3.016426e-02 
 1.164263e+01  3.016425e-02 
 1.164295e+01  3.016425e-02 
 1.164327e+01  3.016424e-02 
 1.164359e+01  3.016423e-02 
 1.164391e+01  3.016423e-02 
 1.164423e+01  3.016422e-02 
 1.164455e+01  3.016422e-02 
 1.164488e+01  3.016421e-02 
 1.164520e+01  3.016421e-02 
 1.164552e+01  3.016420e-02 
 1.164584e+01  3.016419e-02 
 1.164616e+01  3.016419e-02 
 1.164648e+01  3.016418e-02 
 1.164681e+01  3.016418e-02 
 1.164713e+01  3.016417e-02 
 1.164745e+01  3.016417e-02 
 1.164777e+01  3.016416e-02 
 1.164809e+01  3.016416e-02 
 1.164841e+01  3.016415e-02 
 1.164873e+01  3.016414e-02 
 1.164906e+01  3.016414e-02 
 1.164938e+01  3.016413e-02 
 1.164970e+01  3.016413e-02 
 1.165002e+01  3.016412e-02 
 1.165034e+01  3.016412e-02 
 1.165066e+01  3.016411e-02 
 1.165099e+01  3.016411e-02 
 1.165131e+01  3.016410e-02 
 1.165163e+01  3.016410e-02 
 1.165195e+01  3.016409e-02 
 1.165227e+01  3.016409e-02 
 1.165259e+01  3.016409e-02 
 1.165291e+01  3.016408e-02 
 1.165324e+01  3.016408e-02 
 1.165356e+01  3.016407e-02 
 1.165388e+01  3.016407e-02 
 1.165420e+01  3.016406e-02 
 1.165452e+01  3.016406e-02 
 1.165484e+01  3.016405e-02 
 1.165517e+01  3.016405e-02 
 1.165549e+01  3.016405e-02 
 1.165581e+01  3.016404e-02 
 1.165613e+01  3.016404e-02 
 1.165645e+01  3.016403e-02 
 1.165677e+01  3.016403e-02 
 1.165710e+01  3.016402e-02 
 1.165742e+01  3.016402e-02 
 1.165774e+01  3.016402e-02 
 1.165806e+01  3.016401e-02 
 1.165838e+01  3.016401e-02 
 1.165870e+01  3.016401e-02 
 1.165902e+01  3.016400e-02 
 1.165935e+01  3.016400e-02 
 1.165967e+01  3.016399e-02 
 1.165999e+01  3.016399e-02 
 1.166031e+01  3.016399e-02 
 1.166063e+01  3.016398e-02 
 1.166095e+01  3.016398e-02 
 1.166128e+01  3.016398e-02 
 1.166160e+01  3.016397e-02 
 1.166192e+01  3.016397e-02 
 1.166224e+01  3.016397e-02 
 1.166256e+01  3.016396e-02 
 1.166288e+01  3.016396e-02 
 1.166320e+01  3.016396e-02 
 1.166353e+01  3.016396e-02 
 1.166385e+01  3.016395e-02 
 1.166417e+01  3.016395e-02 
 1.166449e+01  3.016395e-02 
 1.166481e+01  3.016394e-02 
 1.166513e+01  3.016394e-02 
 1.166546e+01  3.016394e-02 
 1.166578e+01  3.016393e-02 
 1.166610e+01  3.016393e-02 
 1.166642e+01  3.016393e-02 
 1.166674e+01  3.016393e-02 
 1.166706e+01  3.016392e-02 
 1.166738e+01  3.016392e-02 
 1.166771e+01  3.016392e-02 
 1.166803e+01  3.016392e-02 
 1.166835e+01  3.016391e-02 
 1.166867e+01  3.016391e-02 
 1.166899e+01  3.016391e-02 
 1.166931e+01  3.016391e-02 
 1.166964e+01  3.016390e-02 
 1.166996e+01  3.016390e-02 
 1.167028e+01  3.016390e-02 
 1.167060e+01  3.016390e-02 
 1.167092e+01  3.016389e-02 
 1.167124e+01  3.016389e-02 
 1.167157e+01  3.016389e-02 
 1.167189e+01  3.016389e-02 
 1.167221e+01  3.016388e-02 
 1.167253e+01  3.016388e-02 
 1.167285e+01  3.016388e-02 
 1.167317e+01  3.016388e-02 
 1.167349e+01  3.016387e-02 
 1.167382e+01  3.016387e-02 
 1.167414e+01  3.016387e-02 
 1.167446e+01  3.016387e-02 
 1.167478e+01  3.016387e-02 
 1.167510e+01  3.016386e-02 
 1.167542e+01  3.016386e-02 
 1.167575e+01  3.016386e-02 
 1.167607e+01  3.016386e-02 
 1.167639e+01  3.016386e-02 
 1.167671e+01  3.016385e-02 
 1.167703e+01  3.016385e-02 
 1.167735e+01  3.016385e-02 
 1.167767e+01  3.016385e-02 
 1.167800e+01  3.016384e-02 
 1.167832e+01  3.016384e-02 
 1.167864e+01  3.016384e-02 
 1.167896e+01  3.016384e-02 
 1.167928e+01  3.016384e-02 
 1.167960e+01  3.016383e-02 
 1.167993e+01  3.016383e-02 
 1.168025e+01  3.016383e-02 
 1.168057e+01  3.016383e-02 
 1.168089e+01  3.016383e-02 
 1.168121e+01  3.016382e-02 
 1.168153e+01  3.016382e-02 
 1.168185e+01  3.016382e-02 
 1.168218e+01  3.016382e-02 
 1.168250e+01  3.016382e-02 
 1.168282e+01  3.016381e-02 
 1.168314e+01  3.016381e-02 
 1.168346e+01  3.016381e-02 
 1.168378e+01  3.016381e-02 
 1.168411e+01  3.016380e-02 
 1.168443e+01  3.016380e-02 
 1.168475e+01  3.016380e-02 
 1.168507e+01  3.016380e-02 
 1.168539e+01  3.016380e-02 
 1.168571e+01  3.016379e-02 
 1.168604e+01  3.016379e-02 
 1.168636e+01  3.016379e-02 
 1.168668e+01  3.016379e-02 
 1.168700e+01  3.016379e-02 
 1.168732e+01  3.016378e-02 
 1.168764e+01  3.016378e-02 
 1.168796e+01  3.016378e-02 
 1.168829e+01  3.016378e-02 
 1.168861e+01  3.016377e-02 
 1.168893e+01  3.016377e-02 
 1.168925e+01  3.016377e-02 
 1.168957e+01  3.016377e-02 
 1.168989e+01  3.016376e-02 
 1.169022e+01  3.016376e-02 
 1.169054e+01  3.016376e-02 
 1.169086e+01  3.016376e-02 
 1.169118e+01  3.016376e-02 
 1.169150e+01  3.016375e-02 
 1.169182e+01  3.016375e-02 
 1.169214e+01  3.016375e-02 
 1.169247e+01  3.016375e-02 
 1.169279e+01  3.016374e-02 
 1.169311e+01  3.016374e-02 
 1.169343e+01  3.016374e-02 
 1.169375e+01  3.016374e-02 
 1.169407e+01  3.016373e-02 
 1.169440e+01  3.016373e-02 
 1.169472e+01  3.016373e-02 
 1.169504e+01  3.016373e-02 
 1.169536e+01  3.016372e-02 
 1.169568e+01  3.016372e-02 
 1.169600e+01  3.016372e-02 
 1.169633e+01  3.016372e-02 
 1.169665e+01  3.016371e-02 
 1.169697e+01  3.016371e-02 
 1.169729e+01  3.016371e-02 
 1.169761e+01  3.016370e-02 
 1.169793e+01  3.016370e-02 
 1.169825e+01  3.016370e-02 
 1.169858e+01  3.016370e-02 
 1.169890e+01  3.016369e-02 
 1.169922e+01  3.016369e-02 
 1.169954e+01  3.016369e-02 
 1.169986e+01  3.016369e-02 
 1.170018e+01  3.016368e-02 
 1.170051e+01  3.016368e-02 
 1.170083e+01  3.016368e-02 
 1.170115e+01  3.016367e-02 
 1.170147e+01  3.016367e-02 
 1.170179e+01  3.016367e-02 
 1.170211e+01  3.016367e-02 
 1.170243e+01  3.016366e-02 
 1.170276e+01  3.016366e-02 
 1.170308e+01  3.016366e-02 
 1.170340e+01  3.016365e-02 
 1.170372e+01  3.016365e-02 
 1.170404e+01  3.016365e-02 
 1.170436e+01  3.016365e-02 
 1.170469e+01  3.016364e-02 
 1.170501e+01  3.016364e-02 
 1.170533e+01  3.016364e-02 
 1.170565e+01  3.016363e-02 
 1.170597e+01  3.016363e-02 
 1.170629e+01  3.016363e-02 
 1.170661e+01  3.016362e-02 
 1.170694e+01  3.016362e-02 
 1.170726e+01  3.016362e-02 
 1.170758e+01  3.016361e-02 
 1.170790e+01  3.016361e-02 
 1.170822e+01  3.016361e-02 
 1.170854e+01  3.016360e-02 
 1.170887e+01  3.016360e-02 
 1.170919e+01  3.016360e-02 
 1.170951e+01  3.016359e-02 
 1.170983e+01  3.016359e-02 
 1.171015e+01  3.016359e-02 
 1.171047e+01  3.016358e-02 
 1.171080e+01  3.016358e-02 
 1.171112e+01  3.016358e-02 
 1.171144e+01  3.016357e-02 
 1.171176e+01  3.016357e-02 
 1.171208e+01  3.016357e-02 
 1.171240e+01  3.016356e-02 
 1.171272e+01  3.016356e-02 
 1.171305e+01  3.016356e-02 
 1.171337e+01  3.016355e-02 
 1.171369e+01  3.016355e-02 
 1.171401e+01  3.016355e-02 
 1.171433e+01  3.016354e-02 
 1.171465e+01  3.016354e-02 
 1.171498e+01  3.016353e-02 
 1.171530e+01  3.016353e-02 
 1.171562e+01  3.016353e-02 
 1.171594e+01  3.016352e-02 
 1.171626e+01  3.016352e-02 
 1.171658e+01  3.016352e-02 
 1.171690e+01  3.016351e-02 
 1.171723e+01  3.016351e-02 
 1.171755e+01  3.016350e-02 
 1.171787e+01  3.016350e-02 
 1.171819e+01  3.016350e-02 
 1.171851e+01  3.016349e-02 
 1.171883e+01  3.016349e-02 
 1.171916e+01  3.016348e-02 
 1.171948e+01  3.016348e-02 
 1.171980e+01  3.016347e-02 
 1.172012e+01  3.016347e-02 
 1.172044e+01  3.016347e-02 
 1.172076e+01  3.016346e-02 
 1.172108e+01  3.016346e-02 
 1.172141e+01  3.016345e-02 
 1.172173e+01  3.016345e-02 
 1.172205e+01  3.016344e-02 
 1.172237e+01  3.016344e-02 
 1.172269e+01  3.016343e-02 
 1.172301e+01  3.016343e-02 
 1.172334e+01  3.016343e-02 
 1.172366e+01  3.016342e-02 
 1.172398e+01  3.016342e-02 
 1.172430e+01  3.016341e-02 
 1.172462e+01  3.016341e-02 
 1.172494e+01  3.016340e-02 
 1.172527e+01  3.016340e-02 
 1.172559e+01  3.016339e-02 
 1.172591e+01  3.016339e-02 
 1.172623e+01  3.016338e-02 
 1.172655e+01  3.016338e-02 
 1.172687e+01  3.016337e-02 
 1.172719e+01  3.016337e-02 
 1.172752e+01  3.016336e-02 
 1.172784e+01  3.016336e-02 
 1.172816e+01  3.016335e-02 
 1.172848e+01  3.016335e-02 
 1.172880e+01  3.016334e-02 
 1.172912e+01  3.016334e-02 
 1.172945e+01  3.016333e-02 
 1.172977e+01  3.016332e-02 
 1.173009e+01  3.016332e-02 
 1.173041e+01  3.016331e-02 
 1.173073e+01  3.016331e-02 
 1.173105e+01  3.016330e-02 
 1.173137e+01  3.016330e-02 
 1.173170e+01  3.016329e-02 
 1.173202e+01  3.016328e-02 
 1.173234e+01  3.016328e-02 
 1.173266e+01  3.016327e-02 
 1.173298e+01  3.016327e-02 
 1.173330e+01  3.016326e-02 
 1.173363e+01  3.016325e-02 
 1.173395e+01  3.016325e-02 
 1.173427e+01  3.016324e-02 
 1.173459e+01  3.016324e-02 
 1.173491e+01  3.016323e-02 
 1.173523e+01  3.016322e-02 
 1.173555e+01  3.016322e-02 
 1.173588e+01  3.016321e-02 
 1.173620e+01  3.016320e-02 
 1.173652e+01  3.016320e-02 
 1.173684e+01  3.016319e-02 
 1.173716e+01  3.016318e-02 
 1.173748e+01  3.016318e-02 
 1.173781e+01  3.016317e-02 
 1.173813e+01  3.016316e-02 
 1.173845e+01  3.016316e-02 
 1.173877e+01  3.016315e-02 
 1.173909e+01  3.016314e-02 
 1.173941e+01  3.016313e-02 
 1.173974e+01  3.016313e-02 
 1.174006e+01  3.016312e-02 
 1.174038e+01  3.016311e-02 
 1.174070e+01  3.016311e-02 
 1.174102e+01  3.016310e-02 
 1.174134e+01  3.016309e-02 
 1.174166e+01  3.016308e-02 
 1.174199e+01  3.016307e-02 
 1.174231e+01  3.016307e-02 
 1.174263e+01  3.016306e-02 
 1.174295e+01  3.016305e-02 
 1.174327e+01  3.016304e-02 
 1.174359e+01  3.016304e-02 
 1.174392e+01  3.016303e-02 
 1.174424e+01  3.016302e-02 
 1.174456e+01  3.016301e-02 
 1.174488e+01  3.016300e-02 
 1.174520e+01  3.016299e-02 
 1.174552e+01  3.016299e-02 
 1.174584e+01  3.016298e-02 
 1.174617e+01  3.016297e-02 
 1.174649e+01  3.016296e-02 
 1.174681e+01  3.016295e-02 
 1.174713e+01  3.016294e-02 
 1.174745e+01  3.016293e-02 
 1.174777e+01  3.016292e-02 
 1.174810e+01  3.016292e-02 
 1.174842e+01  3.016291e-02 
 1.174874e+01  3.016290e-02 
 1.174906e+01  3.016289e-02 
 1.174938e+01  3.016288e-02 
 1.174970e+01  3.016287e-02 
 1.175002e+01  3.016286e-02 
 1.175035e+01  3.016285e-02 
 1.175067e+01  3.016284e-02 
 1.175099e+01  3.016283e-02 
 1.175131e+01  3.016282e-02 
 1.175163e+01  3.016281e-02 
 1.175195e+01  3.016280e-02 
 1.175228e+01  3.016279e-02 
 1.175260e+01  3.016278e-02 
 1.175292e+01  3.016277e-02 
 1.175324e+01  3.016276e-02 
 1.175356e+01  3.016275e-02 
 1.175388e+01  3.016274e-02 
 1.175421e+01  3.016273e-02 
 1.175453e+01  3.016272e-02 
 1.175485e+01  3.016271e-02 
 1.175517e+01  3.016270e-02 
 1.175549e+01  3.016269e-02 
 1.175581e+01  3.016268e-02 
 1.175613e+01  3.016267e-02 
 1.175646e+01  3.016266e-02 
 1.175678e+01  3.016265e-02 
 1.175710e+01  3.016264e-02 
 1.175742e+01  3.016263e-02 
 1.175774e+01  3.016262e-02 
 1.175806e+01  3.016261e-02 
 1.175839e+01  3.016260e-02 
 1.175871e+01  3.016259e-02 
 1.175903e+01  3.016258e-02 
 1.175935e+01  3.016257e-02 
 1.175967e+01  3.016256e-02 
 1.175999e+01  3.016255e-02 
 1.176031e+01  3.016253e-02 
 1.176064e+01  3.016252e-02 
 1.176096e+01  3.016251e-02 
 1.176128e+01  3.016250e-02 
 1.176160e+01  3.016249e-02 
 1.176192e+01  3.016248e-02 
 1.176224e+01  3.016247e-02 
 1.176257e+01  3.016246e-02 
 1.176289e+01  3.016244e-02 
 1.176321e+01  3.016243e-02 
 1.176353e+01  3.016242e-02 
 1.176385e+01  3.016241e-02 
 1.176417e+01  3.016240e-02 
 1.176449e+01  3.016239e-02 
 1.176482e+01  3.016238e-02 
 1.176514e+01  3.016236e-02 
 1.176546e+01  3.016235e-02 
 1.176578e+01  3.016234e-02 
 1.176610e+01  3.016233e-02 
 1.176642e+01  3.016232e-02 
 1.176675e+01  3.016231e-02 
 1.176707e+01  3.016229e-02 
 1.176739e+01  3.016228e-02 
 1.176771e+01  3.016227e-02 
 1.176803e+01  3.016226e-02 
 1.176835e+01  3.016224e-02 
 1.176868e+01  3.016223e-02 
 1.176900e+01  3.016222e-02 
 1.176932e+01  3.016221e-02 
 1.176964e+01  3.016220e-02 
 1.176996e+01  3.016218e-02 
 1.177028e+01  3.016217e-02 
 1.177060e+01  3.016216e-02 
 1.177093e+01  3.016214e-02 
 1.177125e+01  3.016213e-02 
 1.177157e+01  3.016212e-02 
 1.177189e+01  3.016211e-02 
 1.177221e+01  3.016209e-02 
 1.177253e+01  3.016208e-02 
 1.177286e+01  3.016207e-02 
 1.177318e+01  3.016205e-02 
 1.177350e+01  3.016204e-02 
 1.177382e+01  3.016203e-02 
 1.177414e+01  3.016201e-02 
 1.177446e+01  3.016200e-02 
 1.177478e+01  3.016199e-02 
 1.177511e+01  3.016197e-02 
 1.177543e+01  3.016196e-02 
 1.177575e+01  3.016195e-02 
 1.177607e+01  3.016193e-02 
 1.177639e+01  3.016192e-02 
 1.177671e+01  3.016191e-02 
 1.177704e+01  3.016189e-02 
 1.177736e+01  3.016188e-02 
 1.177768e+01  3.016186e-02 
 1.177800e+01  3.016185e-02 
 1.177832e+01  3.016183e-02 
 1.177864e+01  3.016182e-02 
 1.177897e+01  3.016181e-02 
 1.177929e+01  3.016179e-02 
 1.177961e+01  3.016178e-02 
 1.177993e+01  3.016176e-02 
 1.178025e+01  3.016175e-02 
 1.178057e+01  3.016173e-02 
 1.178089e+01  3.016172e-02 
 1.178122e+01  3.016170e-02 
 1.178154e+01  3.016169e-02 
 1.178186e+01  3.016167e-02 
 1.178218e+01  3.016166e-02 
 1.178250e+01  3.016164e-02 
 1.178282e+01  3.016163e-02 
 1.178315e+01  3.016161e-02 
 1.178347e+01  3.016160e-02 
 1.178379e+01  3.016158e-02 
 1.178411e+01  3.016157e-02 
 1.178443e+01  3.016155e-02 
 1.178475e+01  3.016154e-02 
 1.178507e+01  3.016152e-02 
 1.178540e+01  3.016150e-02 
 1.178572e+01  3.016149e-02 
 1.178604e+01  3.016147e-02 
 1.178636e+01  3.016146e-02 
 1.178668e+01  3.016144e-02 
 1.178700e+01  3.016142e-02 
 1.178733e+01  3.016141e-02 
 1.178765e+01  3.016139e-02 
 1.178797e+01  3.016138e-02 
 1.178829e+01  3.016136e-02 
 1.178861e+01  3.016134e-02 
 1.178893e+01  3.016133e-02 
 1.178925e+01  3.016131e-02 
 1.178958e+01  3.016129e-02 
 1.178990e+01  3.016128e-02 
 1.179022e+01  3.016126e-02 
 1.179054e+01  3.016125e-02 
 1.179086e+01  3.016123e-02 
 1.179118e+01  3.016121e-02 
 1.179151e+01  3.016119e-02 
 1.179183e+01  3.016118e-02 
 1.179215e+01  3.016116e-02 
 1.179247e+01  3.016114e-02 
 1.179279e+01  3.016113e-02 
 1.179311e+01  3.016111e-02 
 1.179344e+01  3.016109e-02 
 1.179376e+01  3.016108e-02 
 1.179408e+01  3.016106e-02 
 1.179440e+01  3.016104e-02 
 1.179472e+01  3.016102e-02 
 1.179504e+01  3.016101e-02 
 1.179536e+01  3.016099e-02 
 1.179569e+01  3.016097e-02 
 1.179601e+01  3.016096e-02 
 1.179633e+01  3.016094e-02 
 1.179665e+01  3.016092e-02 
 1.179697e+01  3.016090e-02 
 1.179729e+01  3.016089e-02 
 1.179762e+01  3.016087e-02 
 1.179794e+01  3.016085e-02 
 1.179826e+01  3.016083e-02 
 1.179858e+01  3.016082e-02 
 1.179890e+01  3.016080e-02 
 1.179922e+01  3.016078e-02 
 1.179954e+01  3.016076e-02 
 1.179987e+01  3.016075e-02 
 1.180019e+01  3.016073e-02 
 1.180051e+01  3.016071e-02 
 1.180083e+01  3.016069e-02 
 1.180115e+01  3.016067e-02 
 1.180147e+01  3.016066e-02 
 1.180180e+01  3.016064e-02 
 1.180212e+01  3.016062e-02 
 1.180244e+01  3.016060e-02 
 1.180276e+01  3.016058e-02 
 1.180308e+01  3.016057e-02 
 1.180340e+01  3.016055e-02 
 1.180372e+01  3.016053e-02 
 1.180405e+01  3.016051e-02 
 1.180437e+01  3.016049e-02 
 1.180469e+01  3.016048e-02 
 1.180501e+01  3.016046e-02 
 1.180533e+01  3.016044e-02 
 1.180565e+01  3.016042e-02 
 1.180598e+01  3.016040e-02 
 1.180630e+01  3.016039e-02 
 1.180662e+01  3.016037e-02 
 1.180694e+01  3.016035e-02 
 1.180726e+01  3.016033e-02 
 1.180758e+01  3.016031e-02 
 1.180791e+01  3.016030e-02 
 1.180823e+01  3.016028e-02 
 1.180855e+01  3.016026e-02 
 1.180887e+01  3.016024e-02 
 1.180919e+01  3.016022e-02 
 1.180951e+01  3.016021e-02 
 1.180983e+01  3.016019e-02 
 1.181016e+01  3.016017e-02 
 1.181048e+01  3.016015e-02 
 1.181080e+01  3.016013e-02 
 1.181112e+01  3.016011e-02 
 1.181144e+01  3.016010e-02 
 1.181176e+01  3.016008e-02 
 1.181209e+01  3.016006e-02 
 1.181241e+01  3.016004e-02 
 1.181273e+01  3.016002e-02 
 1.181305e+01  3.016001e-02 
 1.181337e+01  3.015999e-02 
 1.181369e+01  3.015997e-02 
 1.181401e+01  3.015995e-02 
 1.181434e+01  3.015993e-02 
 1.181466e+01  3.015991e-02 
 1.181498e+01  3.015990e-02 
 1.181530e+01  3.015988e-02 
 1.181562e+01  3.015986e-02 
 1.181594e+01  3.015984e-02 
 1.181627e+01  3.015982e-02 
 1.181659e+01  3.015980e-02 
 1.181691e+01  3.015979e-02 
 1.181723e+01  3.015977e-02 
 1.181755e+01  3.015975e-02 
 1.181787e+01  3.015973e-02 
 1.181819e+01  3.015971e-02 
 1.181852e+01  3.015970e-02 
 1.181884e+01  3.015968e-02 
 1.181916e+01  3.015966e-02 
 1.181948e+01  3.015964e-02 
 1.181980e+01  3.015962e-02 
 1.182012e+01  3.015960e-02 
 1.182045e+01  3.015959e-02 
 1.182077e+01  3.015957e-02 
 1.182109e+01  3.015955e-02 
 1.182141e+01  3.015953e-02 
 1.182173e+01  3.015951e-02 
 1.182205e+01  3.015949e-02 
 1.182238e+01  3.015947e-02 
 1.182270e+01  3.015946e-02 
 1.182302e+01  3.015944e-02 
 1.182334e+01  3.015942e-02 
 1.182366e+01  3.015940e-02 
 1.182398e+01  3.015938e-02 
 1.182430e+01  3.015936e-02 
 1.182463e+01  3.015935e-02 
 1.182495e+01  3.015933e-02 
 1.182527e+01  3.015931e-02 
 1.182559e+01  3.015929e-02 
 1.182591e+01  3.015927e-02 
 1.182623e+01  3.015925e-02 
 1.182656e+01  3.015923e-02 
 1.182688e+01  3.015922e-02 
 1.182720e+01  3.015920e-02 
 1.182752e+01  3.015918e-02 
 1.182784e+01  3.015916e-02 
 1.182816e+01  3.015914e-02 
 1.182848e+01  3.015912e-02 
 1.182881e+01  3.015910e-02 
 1.182913e+01  3.015908e-02 
 1.182945e+01  3.015907e-02 
 1.182977e+01  3.015905e-02 
 1.183009e+01  3.015903e-02 
 1.183041e+01  3.015901e-02 
 1.183074e+01  3.015899e-02 
 1.183106e+01  3.015897e-02 
 1.183138e+01  3.015895e-02 
 1.183170e+01  3.015893e-02 
 1.183202e+01  3.015891e-02 
 1.183234e+01  3.015890e-02 
 1.183266e+01  3.015888e-02 
 1.183299e+01  3.015886e-02 
 1.183331e+01  3.015884e-02 
 1.183363e+01  3.015882e-02 
 1.183395e+01  3.015880e-02 
 1.183427e+01  3.015878e-02 
 1.183459e+01  3.015876e-02 
 1.183492e+01  3.015874e-02 
 1.183524e+01  3.015872e-02 
 1.183556e+01  3.015870e-02 
 1.183588e+01  3.015869e-02 
 1.183620e+01  3.015867e-02 
 1.183652e+01  3.015865e-02 
 1.183685e+01  3.015863e-02 
 1.183717e+01  3.015861e-02 
 1.183749e+01  3.015859e-02 
 1.183781e+01  3.015857e-02 
 1.183813e+01  3.015855e-02 
 1.183845e+01  3.015853e-02 
 1.183877e+01  3.015851e-02 
 1.183910e+01  3.015849e-02 
 1.183942e+01  3.015847e-02 
 1.183974e+01  3.015845e-02 
 1.184006e+01  3.015843e-02 
 1.184038e+01  3.015841e-02 
 1.184070e+01  3.015839e-02 
 1.184103e+01  3.015837e-02 
 1.184135e+01  3.015835e-02 
 1.184167e+01  3.015833e-02 
 1.184199e+01  3.015831e-02 
 1.184231e+01  3.015829e-02 
 1.184263e+01  3.015827e-02 
 1.184295e+01  3.015825e-02 
 1.184328e+01  3.015823e-02 
 1.184360e+01  3.015821e-02 
 1.184392e+01  3.015819e-02 
 1.184424e+01  3.015817e-02 
 1.184456e+01  3.015815e-02 
 1.184488e+01  3.015813e-02 
 1.184521e+01  3.015811e-02 
 1.184553e+01  3.015809e-02 
 1.184585e+01  3.015807e-02 
 1.184617e+01  3.015805e-02 
 1.184649e+01  3.015803e-02 
 1.184681e+01  3.015801e-02 
 1.184713e+01  3.015799e-02 
 1.184746e+01  3.015797e-02 
 1.184778e+01  3.015795e-02 
 1.184810e+01  3.015793e-02 
 1.184842e+01  3.015791e-02 
 1.184874e+01  3.015789e-02 
 1.184906e+01  3.015787e-02 
 1.184939e+01  3.015785e-02 
 1.184971e+01  3.015783e-02 
 1.185003e+01  3.015781e-02 
 1.185035e+01  3.015779e-02 
 1.185067e+01  3.015777e-02 
 1.185099e+01  3.015775e-02 
 1.185132e+01  3.015773e-02 
 1.185164e+01  3.015771e-02 
 1.185196e+01  3.015769e-02 
 1.185228e+01  3.015767e-02 
 1.185260e+01  3.015765e-02 
 1.185292e+01  3.015763e-02 
 1.185324e+01  3.015760e-02 
 1.185357e+01  3.015758e-02 
 1.185389e+01  3.015756e-02 
 1.185421e+01  3.015754e-02 
 1.185453e+01  3.015752e-02 
 1.185485e+01  3.015750e-02 
 1.185517e+01  3.015748e-02 
 1.185550e+01  3.015746e-02 
 1.185582e+01  3.015744e-02 
 1.185614e+01  3.015742e-02 
 1.185646e+01  3.015740e-02 
 1.185678e+01  3.015737e-02 
 1.185710e+01  3.015735e-02 
 1.185742e+01  3.015733e-02 
 1.185775e+01  3.015731e-02 
 1.185807e+01  3.015729e-02 
 1.185839e+01  3.015727e-02 
 1.185871e+01  3.015725e-02 
 1.185903e+01  3.015722e-02 
 1.185935e+01  3.015720e-02 
 1.185968e+01  3.015718e-02 
 1.186000e+01  3.015716e-02 
 1.186032e+01  3.015714e-02 
 1.186064e+01  3.015712e-02 
 1.186096e+01  3.015710e-02 
 1.186128e+01  3.015707e-02 
 1.186160e+01  3.015705e-02 
 1.186193e+01  3.015703e-02 
 1.186225e+01  3.015701e-02 
 1.186257e+01  3.015699e-02 
 1.186289e+01  3.015696e-02 
 1.186321e+01  3.015694e-02 
 1.186353e+01  3.015692e-02 
 1.186386e+01  3.015690e-02 
 1.186418e+01  3.015688e-02 
 1.186450e+01  3.015685e-02 
 1.186482e+01  3.015683e-02 
 1.186514e+01  3.015681e-02 
 1.186546e+01  3.015679e-02 
 1.186579e+01  3.015676e-02 
 1.186611e+01  3.015674e-02 
 1.186643e+01  3.015672e-02 
 1.186675e+01  3.015670e-02 
 1.186707e+01  3.015668e-02 
 1.186739e+01  3.015665e-02 
 1.186771e+01  3.015663e-02 
 1.186804e+01  3.015661e-02 
 1.186836e+01  3.015658e-02 
 1.186868e+01  3.015656e-02 
 1.186900e+01  3.015654e-02 
 1.186932e+01  3.015652e-02 
 1.186964e+01  3.015649e-02 
 1.186997e+01  3.015647e-02 
 1.187029e+01  3.015645e-02 
 1.187061e+01  3.015642e-02 
 1.187093e+01  3.015640e-02 
 1.187125e+01  3.015638e-02 
 1.187157e+01  3.015636e-02 
 1.187189e+01  3.015633e-02 
 1.187222e+01  3.015631e-02 
 1.187254e+01  3.015629e-02 
 1.187286e+01  3.015626e-02 
 1.187318e+01  3.015624e-02 
 1.187350e+01  3.015622e-02 
 1.187382e+01  3.015619e-02 
 1.187415e+01  3.015617e-02 
 1.187447e+01  3.015615e-02 
 1.187479e+01  3.015612e-02 
 1.187511e+01  3.015610e-02 
 1.187543e+01  3.015608e-02 
 1.187575e+01  3.015605e-02 
 1.187608e+01  3.015603e-02 
 1.187640e+01  3.015601e-02 
 1.187672e+01  3.015598e-02 
 1.187704e+01  3.015596e-02 
 1.187736e+01  3.015594e-02 
 1.187768e+01  3.015591e-02 
 1.187800e+01  3.015589e-02 
 1.187833e+01  3.015587e-02 
 1.187865e+01  3.015584e-02 
 1.187897e+01  3.015582e-02 
 1.187929e+01  3.015580e-02 
 1.187961e+01  3.015577e-02 
 1.187993e+01  3.015575e-02 
 1.188026e+01  3.015573e-02 
 1.188058e+01  3.015570e-02 
 1.188090e+01  3.015568e-02 
 1.188122e+01  3.015565e-02 
 1.188154e+01  3.015563e-02 
 1.188186e+01  3.015561e-02 
 1.188218e+01  3.015558e-02 
 1.188251e+01  3.015556e-02 
 1.188283e+01  3.015554e-02 
 1.188315e+01  3.015551e-02 
 1.188347e+01  3.015549e-02 
 1.188379e+01  3.015547e-02 
 1.188411e+01  3.015544e-02 
 1.188444e+01  3.015542e-02 
 1.188476e+01  3.015539e-02 
 1.188508e+01  3.015537e-02 
 1.188540e+01  3.015535e-02 
 1.188572e+01  3.015532e-02 
 1.188604e+01  3.015530e-02 
 1.188636e+01  3.015528e-02 
 1.188669e+01  3.015525e-02 
 1.188701e+01  3.015523e-02 
 1.188733e+01  3.015521e-02 
 1.188765e+01  3.015518e-02 
 1.188797e+01  3.015516e-02 
 1.188829e+01  3.015514e-02 
 1.188862e+01  3.015511e-02 
 1.188894e+01  3.015509e-02 
 1.188926e+01  3.015507e-02 
 1.188958e+01  3.015504e-02 
 1.188990e+01  3.015502e-02 
 1.189022e+01  3.015500e-02 
 1.189055e+01  3.015497e-02 
 1.189087e+01  3.015495e-02 
 1.189119e+01  3.015493e-02 
 1.189151e+01  3.015490e-02 
 1.189183e+01  3.015488e-02 
 1.189215e+01  3.015486e-02 
 1.189247e+01  3.015484e-02 
 1.189280e+01  3.015481e-02 
 1.189312e+01  3.015479e-02 
 1.189344e+01  3.015477e-02 
 1.189376e+01  3.015474e-02 
 1.189408e+01  3.015472e-02 
 1.189440e+01  3.015470e-02 
 1.189473e+01  3.015468e-02 
 1.189505e+01  3.015465e-02 
 1.189537e+01  3.015463e-02 
 1.189569e+01  3.015461e-02 
 1.189601e+01  3.015459e-02 
 1.189633e+01  3.015456e-02 
 1.189665e+01  3.015454e-02 
 1.189698e+01  3.015452e-02 
 1.189730e+01  3.015450e-02 
 1.189762e+01  3.015448e-02 
 1.189794e+01  3.015445e-02 
 1.189826e+01  3.015443e-02 
 1.189858e+01  3.015441e-02 
 1.189891e+01  3.015439e-02 
 1.189923e+01  3.015437e-02 
 1.189955e+01  3.015434e-02 
 1.189987e+01  3.015432e-02 
 1.190019e+01  3.015430e-02 
 1.190051e+01  3.015428e-02 
 1.190083e+01  3.015426e-02 
 1.190116e+01  3.015424e-02 
 1.190148e+01  3.015421e-02 
 1.190180e+01  3.015419e-02 
 1.190212e+01  3.015417e-02 
 1.190244e+01  3.015415e-02 
 1.190276e+01  3.015413e-02 
 1.190309e+01  3.015411e-02 
 1.190341e+01  3.015409e-02 
 1.190373e+01  3.015407e-02 
 1.190405e+01  3.015404e-02 
 1.190437e+01  3.015402e-02 
 1.190469e+01  3.015400e-02 
 1.190502e+01  3.015398e-02 
 1.190534e+01  3.015396e-02 
 1.190566e+01  3.015394e-02 
 1.190598e+01  3.015392e-02 
 1.190630e+01  3.015390e-02 
 1.190662e+01  3.015388e-02 
 1.190694e+01  3.015386e-02 
 1.190727e+01  3.015384e-02 
 1.190759e+01  3.015382e-02 
 1.190791e+01  3.015380e-02 
 1.190823e+01  3.015378e-02 
 1.190855e+01  3.015376e-02 
 1.190887e+01  3.015374e-02 
 1.190920e+01  3.015372e-02 
 1.190952e+01  3.015370e-02 
 1.190984e+01  3.015368e-02 
 1.191016e+01  3.015366e-02 
 1.191048e+01  3.015364e-02 
 1.191080e+01  3.015362e-02 
 1.191112e+01  3.015360e-02 
 1.191145e+01  3.015358e-02 
 1.191177e+01  3.015356e-02 
 1.191209e+01  3.015354e-02 
 1.191241e+01  3.015352e-02 
 1.191273e+01  3.015350e-02 
 1.191305e+01  3.015348e-02 
 1.191338e+01  3.015347e-02 
 1.191370e+01  3.015345e-02 
 1.191402e+01  3.015343e-02 
 1.191434e+01  3.015341e-02 
 1.191466e+01  3.015339e-02 
 1.191498e+01  3.015337e-02 
 1.191530e+01  3.015335e-02 
 1.191563e+01  3.015333e-02 
 1.191595e+01  3.015331e-02 
 1.191627e+01  3.015330e-02 
 1.191659e+01  3.015328e-02 
 1.191691e+01  3.015326e-02 
 1.191723e+01  3.015324e-02 
 1.191756e+01  3.015322e-02 
 1.191788e+01  3.015320e-02 
 1.191820e+01  3.015319e-02 
 1.191852e+01  3.015317e-02 
 1.191884e+01  3.015315e-02 
 1.191916e+01  3.015313e-02 
 1.191949e+01  3.015311e-02 
 1.191981e+01  3.015310e-02 
 1.192013e+01  3.015308e-02 
 1.192045e+01  3.015306e-02 
 1.192077e+01  3.015304e-02 
 1.192109e+01  3.015302e-02 
 1.192141e+01  3.015301e-02 
 1.192174e+01  3.015299e-02 
 1.192206e+01  3.015297e-02 
 1.192238e+01  3.015295e-02 
 1.192270e+01  3.015294e-02 
 1.192302e+01  3.015292e-02 
 1.192334e+01  3.015290e-02 
 1.192367e+01  3.015288e-02 
 1.192399e+01  3.015287e-02 
 1.192431e+01  3.015285e-02 
 1.192463e+01  3.015283e-02 
 1.192495e+01  3.015282e-02 
 1.192527e+01  3.015280e-02 
 1.192559e+01  3.015278e-02 
 1.192592e+01  3.015277e-02 
 1.192624e+01  3.015275e-02 
 1.192656e+01  3.015273e-02 
 1.192688e+01  3.015272e-02 
 1.192720e+01  3.015270e-02 
 1.192752e+01  3.015268e-02 
 1.192785e+01  3.015267e-02 
 1.192817e+01  3.015265e-02 
 1.192849e+01  3.015264e-02 
 1.192881e+01  3.015262e-02 
 1.192913e+01  3.015260e-02 
 1.192945e+01  3.015259e-02 
 1.192977e+01  3.015257e-02 
 1.193010e+01  3.015256e-02 
 1.193042e+01  3.015254e-02 
 1.193074e+01  3.015252e-02 
 1.193106e+01  3.015251e-02 
 1.193138e+01  3.015249e-02 
 1.193170e+01  3.015248e-02 
 1.193203e+01  3.015246e-02 
 1.193235e+01  3.015245e-02 
 1.193267e+01  3.015243e-02 
 1.193299e+01  3.015242e-02 
 1.193331e+01  3.015240e-02 
 1.193363e+01  3.015239e-02 
 1.193396e+01  3.015237e-02 
 1.193428e+01  3.015236e-02 
 1.193460e+01  3.015234e-02 
 1.193492e+01  3.015233e-02 
 1.193524e+01  3.015231e-02 
 1.193556e+01  3.015230e-02 
 1.193588e+01  3.015228e-02 
 1.193621e+01  3.015227e-02 
 1.193653e+01  3.015225e-02 
 1.193685e+01  3.015224e-02 
 1.193717e+01  3.015223e-02 
 1.193749e+01  3.015221e-02 
 1.193781e+01  3.015220e-02 
 1.193814e+01  3.015218e-02 
 1.193846e+01  3.015217e-02 
 1.193878e+01  3.015216e-02 
 1.193910e+01  3.015214e-02 
 1.193942e+01  3.015213e-02 
 1.193974e+01  3.015211e-02 
 1.194006e+01  3.015210e-02 
 1.194039e+01  3.015209e-02 
 1.194071e+01  3.015207e-02 
 1.194103e+01  3.015206e-02 
 1.194135e+01  3.015205e-02 
 1.194167e+01  3.015203e-02 
 1.194199e+01  3.015202e-02 
 1.194232e+01  3.015201e-02 
 1.194264e+01  3.015199e-02 
 1.194296e+01  3.015198e-02 
 1.194328e+01  3.015197e-02 
 1.194360e+01  3.015195e-02 
 1.194392e+01  3.015194e-02 
 1.194424e+01  3.015193e-02 
 1.194457e+01  3.015192e-02 
 1.194489e+01  3.015190e-02 
 1.194521e+01  3.015189e-02 
 1.194553e+01  3.015188e-02 
 1.194585e+01  3.015186e-02 
 1.194617e+01  3.015185e-02 
 1.194650e+01  3.015184e-02 
 1.194682e+01  3.015183e-02 
 1.194714e+01  3.015181e-02 
 1.194746e+01  3.015180e-02 
 1.194778e+01  3.015179e-02 
 1.194810e+01  3.015178e-02 
 1.194843e+01  3.015177e-02 
 1.194875e+01  3.015175e-02 
 1.194907e+01  3.015174e-02 
 1.194939e+01  3.015173e-02 
 1.194971e+01  3.015172e-02 
 1.195003e+01  3.015171e-02 
 1.195035e+01  3.015169e-02 
 1.195068e+01  3.015168e-02 
 1.195100e+01  3.015167e-02 
 1.195132e+01  3.015166e-02 
 1.195164e+01  3.015165e-02 
 1.195196e+01  3.015164e-02 
 1.195228e+01  3.015162e-02 
 1.195261e+01  3.015161e-02 
 1.195293e+01  3.015160e-02 
 1.195325e+01  3.015159e-02 
 1.195357e+01  3.015158e-02 
 1.195389e+01  3.015157e-02 
 1.195421e+01  3.015156e-02 
 1.195453e+01  3.015155e-02 
 1.195486e+01  3.015153e-02 
 1.195518e+01  3.015152e-02 
 1.195550e+01  3.015151e-02 
 1.195582e+01  3.015150e-02 
 1.195614e+01  3.015149e-02 
 1.195646e+01  3.015148e-02 
 1.195679e+01  3.015147e-02 
 1.195711e+01  3.015146e-02 
 1.195743e+01  3.015145e-02 
 1.195775e+01  3.015144e-02 
 1.195807e+01  3.015143e-02 
 1.195839e+01  3.015142e-02 
 1.195871e+01  3.015141e-02 
 1.195904e+01  3.015140e-02 
 1.195936e+01  3.015139e-02 
 1.195968e+01  3.015138e-02 
 1.196000e+01  3.015137e-02 
 1.196032e+01  3.015136e-02 
 1.196064e+01  3.015135e-02 
 1.196097e+01  3.015134e-02 
 1.196129e+01  3.015133e-02 
 1.196161e+01  3.015132e-02 
 1.196193e+01  3.015131e-02 
 1.196225e+01  3.015130e-02 
 1.196257e+01  3.015129e-02 
 1.196290e+01  3.015128e-02 
 1.196322e+01  3.015127e-02 
 1.196354e+01  3.015126e-02 
 1.196386e+01  3.015125e-02 
 1.196418e+01  3.015124e-02 
 1.196450e+01  3.015123e-02 
 1.196482e+01  3.015122e-02 
 1.196515e+01  3.015121e-02 
 1.196547e+01  3.015120e-02 
 1.196579e+01  3.015119e-02 
 1.196611e+01  3.015118e-02 
 1.196643e+01  3.015117e-02 
 1.196675e+01  3.015117e-02 
 1.196708e+01  3.015116e-02 
 1.196740e+01  3.015115e-02 
 1.196772e+01  3.015114e-02 
 1.196804e+01  3.015113e-02 
 1.196836e+01  3.015112e-02 
 1.196868e+01  3.015111e-02 
 1.196900e+01  3.015111e-02 
 1.196933e+01  3.015110e-02 
 1.196965e+01  3.015109e-02 
 1.196997e+01  3.015108e-02 
 1.197029e+01  3.015107e-02 
 1.197061e+01  3.015106e-02 
 1.197093e+01  3.015106e-02 
 1.197126e+01  3.015105e-02 
 1.197158e+01  3.015104e-02 
 1.197190e+01  3.015103e-02 
 1.197222e+01  3.015102e-02 
 1.197254e+01  3.015102e-02 
 1.197286e+01  3.015101e-02 
 1.197319e+01  3.015100e-02 
 1.197351e+01  3.015099e-02 
 1.197383e+01  3.015099e-02 
 1.197415e+01  3.015098e-02 
 1.197447e+01  3.015097e-02 
 1.197479e+01  3.015096e-02 
 1.197511e+01  3.015096e-02 
 1.197544e+01  3.015095e-02 
 1.197576e+01  3.015094e-02 
 1.197608e+01  3.015093e-02 
 1.197640e+01  3.015093e-02 
 1.197672e+01  3.015092e-02 
 1.197704e+01  3.015091e-02 
 1.197737e+01  3.015091e-02 
 1.197769e+01  3.015090e-02 
 1.197801e+01  3.015089e-02 
 1.197833e+01  3.015088e-02 
 1.197865e+01  3.015088e-02 
 1.197897e+01  3.015087e-02 
 1.197929e+01  3.015086e-02 
 1.197962e+01  3.015086e-02 
 1.197994e+01  3.015085e-02 
 1.198026e+01  3.015084e-02 
 1.198058e+01  3.015084e-02 
 1.198090e+01  3.015083e-02 
 1.198122e+01  3.015082e-02 
 1.198155e+01  3.015082e-02 
 1.198187e+01  3.015081e-02 
 1.198219e+01  3.015080e-02 
 1.198251e+01  3.015080e-02 
 1.198283e+01  3.015079e-02 
 1.198315e+01  3.015078e-02 
 1.198347e+01  3.015078e-02 
 1.198380e+01  3.015077e-02 
 1.198412e+01  3.015076e-02 
 1.198444e+01  3.015076e-02 
 1.198476e+01  3.015075e-02 
 1.198508e+01  3.015075e-02 
 1.198540e+01  3.015074e-02 
 1.198573e+01  3.015073e-02 
 1.198605e+01  3.015073e-02 
 1.198637e+01  3.015072e-02 
 1.198669e+01  3.015071e-02 
 1.198701e+01  3.015071e-02 
 1.198733e+01  3.015070e-02 
 1.198766e+01  3.015069e-02 
 1.198798e+01  3.015069e-02 
 1.198830e+01  3.015068e-02 
 1.198862e+01  3.015068e-02 
 1.198894e+01  3.015067e-02 
 1.198926e+01  3.015066e-02 
 1.198958e+01  3.015066e-02 
 1.198991e+01  3.015065e-02 
 1.199023e+01  3.015064e-02 
 1.199055e+01  3.015064e-02 
 1.199087e+01  3.015063e-02 
 1.199119e+01  3.015062e-02 
 1.199151e+01  3.015062e-02 
 1.199184e+01  3.015061e-02 
 1.199216e+01  3.015060e-02 
 1.199248e+01  3.015060e-02 
 1.199280e+01  3.015059e-02 
 1.199312e+01  3.015059e-02 
 1.199344e+01  3.015058e-02 
 1.199376e+01  3.015057e-02 
 1.199409e+01  3.015057e-02 
 1.199441e+01  3.015056e-02 
 1.199473e+01  3.015055e-02 
 1.199505e+01  3.015055e-02 
 1.199537e+01  3.015054e-02 
 1.199569e+01  3.015053e-02 
 1.199602e+01  3.015053e-02 
 1.199634e+01  3.015052e-02 
 1.199666e+01  3.015051e-02 
 1.199698e+01  3.015050e-02 
 1.199730e+01  3.015050e-02 
 1.199762e+01  3.015049e-02 
 1.199794e+01  3.015048e-02 
 1.199827e+01  3.015048e-02 
 1.199859e+01  3.015047e-02 
 1.199891e+01  3.015046e-02 
 1.199923e+01  3.015046e-02 
 1.199955e+01  3.015045e-02 
 1.199987e+01  3.015044e-02 
 1.200020e+01  3.015043e-02 
 1.200052e+01  3.015043e-02 
 1.200084e+01  3.015042e-02 
 1.200116e+01  3.015041e-02 
 1.200148e+01  3.015041e-02 
 1.200180e+01  3.015040e-02 
 1.200213e+01  3.015039e-02 
 1.200245e+01  3.015038e-02 
 1.200277e+01  3.015038e-02 
 1.200309e+01  3.015037e-02 
 1.200341e+01  3.015036e-02 
 1.200373e+01  3.015035e-02 
 1.200405e+01  3.015035e-02 
 1.200438e+01  3.015034e-02 
 1.200470e+01  3.015033e-02 
 1.200502e+01  3.015032e-02 
 1.200534e+01  3.015031e-02 
 1.200566e+01  3.015031e-02 
 1.200598e+01  3.015030e-02 
 1.200631e+01  3.015029e-02 
 1.200663e+01  3.015028e-02 
 1.200695e+01  3.015028e-02 
 1.200727e+01  3.015027e-02 
 1.200759e+01  3.015026e-02 
 1.200791e+01  3.015025e-02 
 1.200823e+01  3.015024e-02 
 1.200856e+01  3.015023e-02 
 1.200888e+01  3.015023e-02 
 1.200920e+01  3.015022e-02 
 1.200952e+01  3.015021e-02 
 1.200984e+01  3.015020e-02 
 1.201016e+01  3.015019e-02 
 1.201049e+01  3.015019e-02 
 1.201081e+01  3.015018e-02 
 1.201113e+01  3.015017e-02 
 1.201145e+01  3.015016e-02 
 1.201177e+01  3.015015e-02 
 1.201209e+01  3.015014e-02 
 1.201241e+01  3.015014e-02 
 1.201274e+01  3.015013e-02 
 1.201306e+01  3.015012e-02 
 1.201338e+01  3.015011e-02 
 1.201370e+01  3.015010e-02 
 1.201402e+01  3.015009e-02 
 1.201434e+01  3.015008e-02 
 1.201467e+01  3.015008e-02 
 1.201499e+01  3.015007e-02 
 1.201531e+01  3.015006e-02 
 1.201563e+01  3.015005e-02 
 1.201595e+01  3.015004e-02 
 1.201627e+01  3.015003e-02 
 1.201660e+01  3.015002e-02 
 1.201692e+01  3.015002e-02 
 1.201724e+01  3.015001e-02 
 1.201756e+01  3.015000e-02 
 1.201788e+01  3.014999e-02 
 1.201820e+01  3.014998e-02 
 1.201852e+01  3.014997e-02 
 1.201885e+01  3.014996e-02 
 1.201917e+01  3.014995e-02 
 1.201949e+01  3.014995e-02 
 1.201981e+01  3.014994e-02 
 1.202013e+01  3.014993e-02 
 1.202045e+01  3.014992e-02 
 1.202078e+01  3.014991e-02 
 1.202110e+01  3.014990e-02 
 1.202142e+01  3.014989e-02 
 1.202174e+01  3.014988e-02 
 1.202206e+01  3.014987e-02 
 1.202238e+01  3.014986e-02 
 1.202270e+01  3.014986e-02 
 1.202303e+01  3.014985e-02 
 1.202335e+01  3.014984e-02 
 1.202367e+01  3.014983e-02 
 1.202399e+01  3.014982e-02 
 1.202431e+01  3.014981e-02 
 1.202463e+01  3.014980e-02 
 1.202496e+01  3.014979e-02 
 1.202528e+01  3.014978e-02 
 1.202560e+01  3.014977e-02 
 1.202592e+01  3.014977e-02 
 1.202624e+01  3.014976e-02 
 1.202656e+01  3.014975e-02 
 1.202688e+01  3.014974e-02 
 1.202721e+01  3.014973e-02 
 1.202753e+01  3.014972e-02 
 1.202785e+01  3.014971e-02 
 1.202817e+01  3.014970e-02 
 1.202849e+01  3.014969e-02 
 1.202881e+01  3.014968e-02 
 1.202914e+01  3.014968e-02 
 1.202946e+01  3.014967e-02 
 1.202978e+01  3.014966e-02 
 1.203010e+01  3.014965e-02 
 1.203042e+01  3.014964e-02 
 1.203074e+01  3.014963e-02 
 1.203107e+01  3.014962e-02 
 1.203139e+01  3.014961e-02 
 1.203171e+01  3.014960e-02 
 1.203203e+01  3.014959e-02 
 1.203235e+01  3.014958e-02 
 1.203267e+01  3.014958e-02 
 1.203299e+01  3.014957e-02 
 1.203332e+01  3.014956e-02 
 1.203364e+01  3.014955e-02 
 1.203396e+01  3.014954e-02 
 1.203428e+01  3.014953e-02 
 1.203460e+01  3.014952e-02 
 1.203492e+01  3.014951e-02 
 1.203525e+01  3.014950e-02 
 1.203557e+01  3.014949e-02 
 1.203589e+01  3.014949e-02 
 1.203621e+01  3.014948e-02 
 1.203653e+01  3.014947e-02 
 1.203685e+01  3.014946e-02 
 1.203717e+01  3.014945e-02 
 1.203750e+01  3.014944e-02 
 1.203782e+01  3.014943e-02 
 1.203814e+01  3.014942e-02 
 1.203846e+01  3.014941e-02 
 1.203878e+01  3.014940e-02 
 1.203910e+01  3.014940e-02 
 1.203943e+01  3.014939e-02 
 1.203975e+01  3.014938e-02 
 1.204007e+01  3.014937e-02 
 1.204039e+01  3.014936e-02 
 1.204071e+01  3.014935e-02 
 1.204103e+01  3.014934e-02 
 1.204135e+01  3.014933e-02 
 1.204168e+01  3.014932e-02 
 1.204200e+01  3.014931e-02 
 1.204232e+01  3.014931e-02 
 1.204264e+01  3.014930e-02 
 1.204296e+01  3.014929e-02 
 1.204328e+01  3.014928e-02 
 1.204361e+01  3.014927e-02 
 1.204393e+01  3.014926e-02 
 1.204425e+01  3.014925e-02 
 1.204457e+01  3.014924e-02 
 1.204489e+01  3.014923e-02 
 1.204521e+01  3.014923e-02 
 1.204554e+01  3.014922e-02 
 1.204586e+01  3.014921e-02 
 1.204618e+01  3.014920e-02 
 1.204650e+01  3.014919e-02 
 1.204682e+01  3.014918e-02 
 1.204714e+01  3.014917e-02 
 1.204746e+01  3.014916e-02 
 1.204779e+01  3.014915e-02 
 1.204811e+01  3.014914e-02 
 1.204843e+01  3.014914e-02 
 1.204875e+01  3.014913e-02 
 1.204907e+01  3.014912e-02 
 1.204939e+01  3.014911e-02 
 1.204972e+01  3.014910e-02 
 1.205004e+01  3.014909e-02 
 1.205036e+01  3.014908e-02 
 1.205068e+01  3.014907e-02 
 1.205100e+01  3.014906e-02 
 1.205132e+01  3.014905e-02 
 1.205164e+01  3.014904e-02 
 1.205197e+01  3.014904e-02 
 1.205229e+01  3.014903e-02 
 1.205261e+01  3.014902e-02 
 1.205293e+01  3.014901e-02 
 1.205325e+01  3.014900e-02 
 1.205357e+01  3.014899e-02 
 1.205390e+01  3.014898e-02 
 1.205422e+01  3.014897e-02 
 1.205454e+01  3.014896e-02 
 1.205486e+01  3.014895e-02 
 1.205518e+01  3.014894e-02 
 1.205550e+01  3.014893e-02 
 1.205582e+01  3.014892e-02 
 1.205615e+01  3.014892e-02 
 1.205647e+01  3.014891e-02 
 1.205679e+01  3.014890e-02 
 1.205711e+01  3.014889e-02 
 1.205743e+01  3.014888e-02 
 1.205775e+01  3.014887e-02 
 1.205808e+01  3.014886e-02 
 1.205840e+01  3.014885e-02 
 1.205872e+01  3.014884e-02 
 1.205904e+01  3.014883e-02 
 1.205936e+01  3.014882e-02 
 1.205968e+01  3.014881e-02 
 1.206001e+01  3.014880e-02 
 1.206033e+01  3.014879e-02 
 1.206065e+01  3.014878e-02 
 1.206097e+01  3.014877e-02 
 1.206129e+01  3.014876e-02 
 1.206161e+01  3.014875e-02 
 1.206193e+01  3.014874e-02 
 1.206226e+01  3.014873e-02 
 1.206258e+01  3.014872e-02 
 1.206290e+01  3.014871e-02 
 1.206322e+01  3.014870e-02 
 1.206354e+01  3.014869e-02 
 1.206386e+01  3.014868e-02 
 1.206419e+01  3.014867e-02 
 1.206451e+01  3.014866e-02 
 1.206483e+01  3.014865e-02 
 1.206515e+01  3.014864e-02 
 1.206547e+01  3.014863e-02 
 1.206579e+01  3.014862e-02 
 1.206611e+01  3.014861e-02 
 1.206644e+01  3.014860e-02 
 1.206676e+01  3.014859e-02 
 1.206708e+01  3.014858e-02 
 1.206740e+01  3.014857e-02 
 1.206772e+01  3.014856e-02 
 1.206804e+01  3.014855e-02 
 1.206837e+01  3.014854e-02 
 1.206869e+01  3.014853e-02 
 1.206901e+01  3.014852e-02 
 1.206933e+01  3.014851e-02 
 1.206965e+01  3.014850e-02 
 1.206997e+01  3.014848e-02 
 1.207030e+01  3.014847e-02 
 1.207062e+01  3.014846e-02 
 1.207094e+01  3.014845e-02 
 1.207126e+01  3.014844e-02 
 1.207158e+01  3.014843e-02 
 1.207190e+01  3.014842e-02 
 1.207222e+01  3.014841e-02 
 1.207255e+01  3.014840e-02 
 1.207287e+01  3.014838e-02 
 1.207319e+01  3.014837e-02 
 1.207351e+01  3.014836e-02 
 1.207383e+01  3.014835e-02 
 1.207415e+01  3.014834e-02 
 1.207448e+01  3.014833e-02 
 1.207480e+01  3.014832e-02 
 1.207512e+01  3.014830e-02 
 1.207544e+01  3.014829e-02 
 1.207576e+01  3.014828e-02 
 1.207608e+01  3.014827e-02 
 1.207640e+01  3.014826e-02 
 1.207673e+01  3.014825e-02 
 1.207705e+01  3.014823e-02 
 1.207737e+01  3.014822e-02 
 1.207769e+01  3.014821e-02 
 1.207801e+01  3.014820e-02 
 1.207833e+01  3.014819e-02 
 1.207866e+01  3.014817e-02 
 1.207898e+01  3.014816e-02 
 1.207930e+01  3.014815e-02 
 1.207962e+01  3.014814e-02 
 1.207994e+01  3.014813e-02 
 1.208026e+01  3.014811e-02 
 1.208058e+01  3.014810e-02 
 1.208091e+01  3.014809e-02 
 1.208123e+01  3.014808e-02 
 1.208155e+01  3.014806e-02 
 1.208187e+01  3.014805e-02 
 1.208219e+01  3.014804e-02 
 1.208251e+01  3.014803e-02 
 1.208284e+01  3.014801e-02 
 1.208316e+01  3.014800e-02 
 1.208348e+01  3.014799e-02 
 1.208380e+01  3.014798e-02 
 1.208412e+01  3.014796e-02 
 1.208444e+01  3.014795e-02 
 1.208477e+01  3.014794e-02 
 1.208509e+01  3.014793e-02 
 1.208541e+01  3.014791e-02 
 1.208573e+01  3.014790e-02 
 1.208605e+01  3.014789e-02 
 1.208637e+01  3.014787e-02 
 1.208669e+01  3.014786e-02 
 1.208702e+01  3.014785e-02 
 1.208734e+01  3.014784e-02 
 1.208766e+01  3.014782e-02 
 1.208798e+01  3.014781e-02 
 1.208830e+01  3.014780e-02 
 1.208862e+01  3.014778e-02 
 1.208895e+01  3.014777e-02 
 1.208927e+01  3.014776e-02 
 1.208959e+01  3.014774e-02 
 1.208991e+01  3.014773e-02 
 1.209023e+01  3.014772e-02 
 1.209055e+01  3.014770e-02 
 1.209087e+01  3.014769e-02 
 1.209120e+01  3.014768e-02 
 1.209152e+01  3.014766e-02 
 1.209184e+01  3.014765e-02 
 1.209216e+01  3.014764e-02 
 1.209248e+01  3.014762e-02 
 1.209280e+01  3.014761e-02 
 1.209313e+01  3.014760e-02 
 1.209345e+01  3.014758e-02 
 1.209377e+01  3.014757e-02 
 1.209409e+01  3.014756e-02 
 1.209441e+01  3.014754e-02 
 1.209473e+01  3.014753e-02 
 1.209505e+01  3.014752e-02 
 1.209538e+01  3.014750e-02 
 1.209570e+01  3.014749e-02 
 1.209602e+01  3.014748e-02 
 1.209634e+01  3.014746e-02 
 1.209666e+01  3.014745e-02 
 1.209698e+01  3.014744e-02 
 1.209731e+01  3.014742e-02 
 1.209763e+01  3.014741e-02 
 1.209795e+01  3.014739e-02 
 1.209827e+01  3.014738e-02 
 1.209859e+01  3.014737e-02 
 1.209891e+01  3.014735e-02 
 1.209924e+01  3.014734e-02 
 1.209956e+01  3.014732e-02 
 1.209988e+01  3.014731e-02 
 1.210020e+01  3.014730e-02 
 1.210052e+01  3.014728e-02 
 1.210084e+01  3.014727e-02 
 1.210116e+01  3.014725e-02 
 1.210149e+01  3.014724e-02 
 1.210181e+01  3.014723e-02 
 1.210213e+01  3.014721e-02 
 1.210245e+01  3.014720e-02 
 1.210277e+01  3.014718e-02 
 1.210309e+01  3.014717e-02 
 1.210342e+01  3.014716e-02 
 1.210374e+01  3.014714e-02 
 1.210406e+01  3.014713e-02 
 1.210438e+01  3.014711e-02 
 1.210470e+01  3.014710e-02 
 1.210502e+01  3.014708e-02 
 1.210534e+01  3.014707e-02 
 1.210567e+01  3.014706e-02 
 1.210599e+01  3.014704e-02 
 1.210631e+01  3.014703e-02 
 1.210663e+01  3.014701e-02 
 1.210695e+01  3.014700e-02 
 1.210727e+01  3.014698e-02 
 1.210760e+01  3.014697e-02 
 1.210792e+01  3.014695e-02 
 1.210824e+01  3.014694e-02 
 1.210856e+01  3.014692e-02 
 1.210888e+01  3.014691e-02 
 1.210920e+01  3.014689e-02 
 1.210952e+01  3.014688e-02 
 1.210985e+01  3.014686e-02 
 1.211017e+01  3.014685e-02 
 1.211049e+01  3.014683e-02 
 1.211081e+01  3.014682e-02 
 1.211113e+01  3.014680e-02 
 1.211145e+01  3.014679e-02 
 1.211178e+01  3.014677e-02 
 1.211210e+01  3.014676e-02 
 1.211242e+01  3.014674e-02 
 1.211274e+01  3.014673e-02 
 1.211306e+01  3.014671e-02 
 1.211338e+01  3.014670e-02 
 1.211371e+01  3.014668e-02 
 1.211403e+01  3.014667e-02 
 1.211435e+01  3.014665e-02 
 1.211467e+01  3.014664e-02 
 1.211499e+01  3.014662e-02 
 1.211531e+01  3.014661e-02 
 1.211563e+01  3.014659e-02 
 1.211596e+01  3.014658e-02 
 1.211628e+01  3.014656e-02 
 1.211660e+01  3.014654e-02 
 1.211692e+01  3.014653e-02 
 1.211724e+01  3.014651e-02 
 1.211756e+01  3.014650e-02 
 1.211789e+01  3.014648e-02 
 1.211821e+01  3.014647e-02 
 1.211853e+01  3.014645e-02 
 1.211885e+01  3.014643e-02 
 1.211917e+01  3.014642e-02 
 1.211949e+01  3.014640e-02 
 1.211981e+01  3.014639e-02 
 1.212014e+01  3.014637e-02 
 1.212046e+01  3.014636e-02 
 1.212078e+01  3.014634e-02 
 1.212110e+01  3.014632e-02 
 1.212142e+01  3.014631e-02 
 1.212174e+01  3.014629e-02 
 1.212207e+01  3.014628e-02 
 1.212239e+01  3.014626e-02 
 1.212271e+01  3.014624e-02 
 1.212303e+01  3.014623e-02 
 1.212335e+01  3.014621e-02 
 1.212367e+01  3.014620e-02 
 1.212399e+01  3.014618e-02 
 1.212432e+01  3.014616e-02 
 1.212464e+01  3.014615e-02 
 1.212496e+01  3.014613e-02 
 1.212528e+01  3.014612e-02 
 1.212560e+01  3.014610e-02 
 1.212592e+01  3.014608e-02 
 1.212625e+01  3.014607e-02 
 1.212657e+01  3.014605e-02 
 1.212689e+01  3.014604e-02 
 1.212721e+01  3.014602e-02 
 1.212753e+01  3.014600e-02 
 1.212785e+01  3.014599e-02 
 1.212818e+01  3.014597e-02 
 1.212850e+01  3.014595e-02 
 1.212882e+01  3.014594e-02 
 1.212914e+01  3.014592e-02 
 1.212946e+01  3.014591e-02 
 1.212978e+01  3.014589e-02 
 1.213010e+01  3.014587e-02 
 1.213043e+01  3.014586e-02 
 1.213075e+01  3.014584e-02 
 1.213107e+01  3.014582e-02 
 1.213139e+01  3.014581e-02 
 1.213171e+01  3.014579e-02 
 1.213203e+01  3.014578e-02 
 1.213236e+01  3.014576e-02 
 1.213268e+01  3.014574e-02 
 1.213300e+01  3.014573e-02 
 1.213332e+01  3.014571e-02 
 1.213364e+01  3.014569e-02 
 1.213396e+01  3.014568e-02 
 1.213428e+01  3.014566e-02 
 1.213461e+01  3.014564e-02 
 1.213493e+01  3.014563e-02 
 1.213525e+01  3.014561e-02 
 1.213557e+01  3.014559e-02 
 1.213589e+01  3.014558e-02 
 1.213621e+01  3.014556e-02 
 1.213654e+01  3.014555e-02 
 1.213686e+01  3.014553e-02 
 1.213718e+01  3.014551e-02 
 1.213750e+01  3.014550e-02 
 1.213782e+01  3.014548e-02 
 1.213814e+01  3.014546e-02 
 1.213846e+01  3.014545e-02 
 1.213879e+01  3.014543e-02 
 1.213911e+01  3.014541e-02 
 1.213943e+01  3.014540e-02 
 1.213975e+01  3.014538e-02 
 1.214007e+01  3.014536e-02 
 1.214039e+01  3.014535e-02 
 1.214072e+01  3.014533e-02 
 1.214104e+01  3.014531e-02 
 1.214136e+01  3.014530e-02 
 1.214168e+01  3.014528e-02 
 1.214200e+01  3.014526e-02 
 1.214232e+01  3.014524e-02 
 1.214265e+01  3.014523e-02 
 1.214297e+01  3.014521e-02 
 1.214329e+01  3.014519e-02 
 1.214361e+01  3.014518e-02 
 1.214393e+01  3.014516e-02 
 1.214425e+01  3.014514e-02 
 1.214457e+01  3.014513e-02 
 1.214490e+01  3.014511e-02 
 1.214522e+01  3.014509e-02 
 1.214554e+01  3.014508e-02 
 1.214586e+01  3.014506e-02 
 1.214618e+01  3.014504e-02 
 1.214650e+01  3.014502e-02 
 1.214683e+01  3.014501e-02 
 1.214715e+01  3.014499e-02 
 1.214747e+01  3.014497e-02 
 1.214779e+01  3.014495e-02 
 1.214811e+01  3.014494e-02 
 1.214843e+01  3.014492e-02 
 1.214875e+01  3.014490e-02 
 1.214908e+01  3.014489e-02 
 1.214940e+01  3.014487e-02 
 1.214972e+01  3.014485e-02 
 1.215004e+01  3.014483e-02 
 1.215036e+01  3.014482e-02 
 1.215068e+01  3.014480e-02 
 1.215101e+01  3.014478e-02 
 1.215133e+01  3.014476e-02 
 1.215165e+01  3.014474e-02 
 1.215197e+01  3.014473e-02 
 1.215229e+01  3.014471e-02 
 1.215261e+01  3.014469e-02 
 1.215293e+01  3.014467e-02 
 1.215326e+01  3.014466e-02 
 1.215358e+01  3.014464e-02 
 1.215390e+01  3.014462e-02 
 1.215422e+01  3.014460e-02 
 1.215454e+01  3.014458e-02 
 1.215486e+01  3.014457e-02 
 1.215519e+01  3.014455e-02 
 1.215551e+01  3.014453e-02 
 1.215583e+01  3.014451e-02 
 1.215615e+01  3.014449e-02 
 1.215647e+01  3.014448e-02 
 1.215679e+01  3.014446e-02 
 1.215712e+01  3.014444e-02 
 1.215744e+01  3.014442e-02 
 1.215776e+01  3.014440e-02 
 1.215808e+01  3.014438e-02 
 1.215840e+01  3.014436e-02 
 1.215872e+01  3.014435e-02 
 1.215904e+01  3.014433e-02 
 1.215937e+01  3.014431e-02 
 1.215969e+01  3.014429e-02 
 1.216001e+01  3.014427e-02 
 1.216033e+01  3.014425e-02 
 1.216065e+01  3.014423e-02 
 1.216097e+01  3.014422e-02 
 1.216130e+01  3.014420e-02 
 1.216162e+01  3.014418e-02 
 1.216194e+01  3.014416e-02 
 1.216226e+01  3.014414e-02 
 1.216258e+01  3.014412e-02 
 1.216290e+01  3.014410e-02 
 1.216322e+01  3.014408e-02 
 1.216355e+01  3.014406e-02 
 1.216387e+01  3.014404e-02 
 1.216419e+01  3.014403e-02 
 1.216451e+01  3.014401e-02 
 1.216483e+01  3.014399e-02 
 1.216515e+01  3.014397e-02 
 1.216548e+01  3.014395e-02 
 1.216580e+01  3.014393e-02 
 1.216612e+01  3.014391e-02 
 1.216644e+01  3.014389e-02 
 1.216676e+01  3.014387e-02 
 1.216708e+01  3.014385e-02 
 1.216740e+01  3.014383e-02 
 1.216773e+01  3.014381e-02 
 1.216805e+01  3.014379e-02 
 1.216837e+01  3.014377e-02 
 1.216869e+01  3.014375e-02 
 1.216901e+01  3.014373e-02 
 1.216933e+01  3.014371e-02 
 1.216966e+01  3.014369e-02 
 1.216998e+01  3.014367e-02 
 1.217030e+01  3.014365e-02 
 1.217062e+01  3.014363e-02 
 1.217094e+01  3.014361e-02 
 1.217126e+01  3.014359e-02 
 1.217159e+01  3.014357e-02 
 1.217191e+01  3.014355e-02 
 1.217223e+01  3.014353e-02 
 1.217255e+01  3.014351e-02 
 1.217287e+01  3.014349e-02 
 1.217319e+01  3.014347e-02 
 1.217351e+01  3.014345e-02 
 1.217384e+01  3.014343e-02 
 1.217416e+01  3.014341e-02 
 1.217448e+01  3.014339e-02 
 1.217480e+01  3.014337e-02 
 1.217512e+01  3.014335e-02 
 1.217544e+01  3.014333e-02 
 1.217577e+01  3.014331e-02 
 1.217609e+01  3.014329e-02 
 1.217641e+01  3.014327e-02 
 1.217673e+01  3.014325e-02 
 1.217705e+01  3.014323e-02 
 1.217737e+01  3.014321e-02 
 1.217769e+01  3.014319e-02 
 1.217802e+01  3.014317e-02 
 1.217834e+01  3.014315e-02 
 1.217866e+01  3.014313e-02 
 1.217898e+01  3.014311e-02 
 1.217930e+01  3.014309e-02 
 1.217962e+01  3.014306e-02 
 1.217995e+01  3.014304e-02 
 1.218027e+01  3.014302e-02 
 1.218059e+01  3.014300e-02 
 1.218091e+01  3.014298e-02 
 1.218123e+01  3.014296e-02 
 1.218155e+01  3.014294e-02 
 1.218188e+01  3.014292e-02 
 1.218220e+01  3.014290e-02 
 1.218252e+01  3.014288e-02 
 1.218284e+01  3.014286e-02 
 1.218316e+01  3.014284e-02 
 1.218348e+01  3.014282e-02 
 1.218380e+01  3.014280e-02 
 1.218413e+01  3.014277e-02 
 1.218445e+01  3.014275e-02 
 1.218477e+01  3.014273e-02 
 1.218509e+01  3.014271e-02 
 1.218541e+01  3.014269e-02 
 1.218573e+01  3.014267e-02 
 1.218606e+01  3.014265e-02 
 1.218638e+01  3.014263e-02 
 1.218670e+01  3.014261e-02 
 1.218702e+01  3.014259e-02 
 1.218734e+01  3.014257e-02 
 1.218766e+01  3.014255e-02 
 1.218798e+01  3.014253e-02 
 1.218831e+01  3.014250e-02 
 1.218863e+01  3.014248e-02 
 1.218895e+01  3.014246e-02 
 1.218927e+01  3.014244e-02 
 1.218959e+01  3.014242e-02 
 1.218991e+01  3.014240e-02 
 1.219024e+01  3.014238e-02 
 1.219056e+01  3.014236e-02 
 1.219088e+01  3.014234e-02 
 1.219120e+01  3.014232e-02 
 1.219152e+01  3.014230e-02 
 1.219184e+01  3.014228e-02 
 1.219216e+01  3.014226e-02 
 1.219249e+01  3.014224e-02 
 1.219281e+01  3.014221e-02 
 1.219313e+01  3.014219e-02 
 1.219345e+01  3.014217e-02 
 1.219377e+01  3.014215e-02 
 1.219409e+01  3.014213e-02 
 1.219442e+01  3.014211e-02 
 1.219474e+01  3.014209e-02 
 1.219506e+01  3.014207e-02 
 1.219538e+01  3.014205e-02 
 1.219570e+01  3.014203e-02 
 1.219602e+01  3.014201e-02 
 1.219635e+01  3.014199e-02 
 1.219667e+01  3.014197e-02 
 1.219699e+01  3.014195e-02 
 1.219731e+01  3.014193e-02 
 1.219763e+01  3.014191e-02 
 1.219795e+01  3.014189e-02 
 1.219827e+01  3.014187e-02 
 1.219860e+01  3.014185e-02 
 1.219892e+01  3.014183e-02 
 1.219924e+01  3.014181e-02 
 1.219956e+01  3.014179e-02 
 1.219988e+01  3.014176e-02 
 1.220020e+01  3.014174e-02 
 1.220053e+01  3.014172e-02 
 1.220085e+01  3.014170e-02 
 1.220117e+01  3.014168e-02 
 1.220149e+01  3.014166e-02 
 1.220181e+01  3.014164e-02 
 1.220213e+01  3.014162e-02 
 1.220245e+01  3.014160e-02 
 1.220278e+01  3.014158e-02 
 1.220310e+01  3.014156e-02 
 1.220342e+01  3.014154e-02 
 1.220374e+01  3.014152e-02 
 1.220406e+01  3.014150e-02 
 1.220438e+01  3.014148e-02 
 1.220471e+01  3.014146e-02 
 1.220503e+01  3.014144e-02 
 1.220535e+01  3.014142e-02 
 1.220567e+01  3.014140e-02 
 1.220599e+01  3.014138e-02 
 1.220631e+01  3.014136e-02 
 1.220663e+01  3.014134e-02 
 1.220696e+01  3.014132e-02 
 1.220728e+01  3.014130e-02 
 1.220760e+01  3.014128e-02 
 1.220792e+01  3.014126e-02 
 1.220824e+01  3.014124e-02 
 1.220856e+01  3.014122e-02 
 1.220889e+01  3.014120e-02 
 1.220921e+01  3.014118e-02 
 1.220953e+01  3.014116e-02 
 1.220985e+01  3.014114e-02 
 1.221017e+01  3.014112e-02 
 1.221049e+01  3.014110e-02 
 1.221082e+01  3.014108e-02 
 1.221114e+01  3.014106e-02 
 1.221146e+01  3.014104e-02 
 1.221178e+01  3.014102e-02 
 1.221210e+01  3.014100e-02 
 1.221242e+01  3.014098e-02 
 1.221274e+01  3.014096e-02 
 1.221307e+01  3.014094e-02 
 1.221339e+01  3.014092e-02 
 1.221371e+01  3.014090e-02 
 1.221403e+01  3.014088e-02 
 1.221435e+01  3.014086e-02 
 1.221467e+01  3.014084e-02 
 1.221500e+01  3.014082e-02 
 1.221532e+01  3.014080e-02 
 1.221564e+01  3.014078e-02 
 1.221596e+01  3.014076e-02 
 1.221628e+01  3.014073e-02 
 1.221660e+01  3.014071e-02 
 1.221692e+01  3.014069e-02 
 1.221725e+01  3.014067e-02 
 1.221757e+01  3.014065e-02 
 1.221789e+01  3.014063e-02 
 1.221821e+01  3.014061e-02 
 1.221853e+01  3.014059e-02 
 1.221885e+01  3.014057e-02 
 1.221918e+01  3.014055e-02 
 1.221950e+01  3.014053e-02 
 1.221982e+01  3.014051e-02 
 1.222014e+01  3.014049e-02 
 1.222046e+01  3.014047e-02 
 1.222078e+01  3.014045e-02 
 1.222110e+01  3.014043e-02 
 1.222143e+01  3.014041e-02 
 1.222175e+01  3.014039e-02 
 1.222207e+01  3.014037e-02 
 1.222239e+01  3.014035e-02 
 1.222271e+01  3.014033e-02 
 1.222303e+01  3.014031e-02 
 1.222336e+01  3.014029e-02 
 1.222368e+01  3.014027e-02 
 1.222400e+01  3.014024e-02 
 1.222432e+01  3.014022e-02 
 1.222464e+01  3.014020e-02 
 1.222496e+01  3.014018e-02 
 1.222529e+01  3.014016e-02 
 1.222561e+01  3.014014e-02 
 1.222593e+01  3.014012e-02 
 1.222625e+01  3.014010e-02 
 1.222657e+01  3.014008e-02 
 1.222689e+01  3.014006e-02 
 1.222721e+01  3.014004e-02 
 1.222754e+01  3.014002e-02 
 1.222786e+01  3.014000e-02 
 1.222818e+01  3.013998e-02 
 1.222850e+01  3.013996e-02 
 1.222882e+01  3.013994e-02 
 1.222914e+01  3.013992e-02 
 1.222947e+01  3.013990e-02 
 1.222979e+01  3.013988e-02 
 1.223011e+01  3.013986e-02 
 1.223043e+01  3.013984e-02 
 1.223075e+01  3.013982e-02 
 1.223107e+01  3.013980e-02 
 1.223139e+01  3.013978e-02 
 1.223172e+01  3.013976e-02 
 1.223204e+01  3.013974e-02 
 1.223236e+01  3.013971e-02 
 1.223268e+01  3.013969e-02 
 1.223300e+01  3.013967e-02 
 1.223332e+01  3.013965e-02 
 1.223365e+01  3.013963e-02 
 1.223397e+01  3.013961e-02 
 1.223429e+01  3.013959e-02 
 1.223461e+01  3.013957e-02 
 1.223493e+01  3.013955e-02 
 1.223525e+01  3.013953e-02 
 1.223557e+01  3.013951e-02 
 1.223590e+01  3.013949e-02 
 1.223622e+01  3.013947e-02 
 1.223654e+01  3.013945e-02 
 1.223686e+01  3.013943e-02 
 1.223718e+01  3.013941e-02 
 1.223750e+01  3.013939e-02 
 1.223783e+01  3.013937e-02 
 1.223815e+01  3.013935e-02 
 1.223847e+01  3.013933e-02 
 1.223879e+01  3.013932e-02 
 1.223911e+01  3.013930e-02 
 1.223943e+01  3.013928e-02 
 1.223976e+01  3.013926e-02 
 1.224008e+01  3.013924e-02 
 1.224040e+01  3.013922e-02 
 1.224072e+01  3.013920e-02 
 1.224104e+01  3.013918e-02 
 1.224136e+01  3.013916e-02 
 1.224168e+01  3.013914e-02 
 1.224201e+01  3.013912e-02 
 1.224233e+01  3.013910e-02 
 1.224265e+01  3.013908e-02 
 1.224297e+01  3.013906e-02 
 1.224329e+01  3.013904e-02 
 1.224361e+01  3.013902e-02 
 1.224394e+01  3.013900e-02 
 1.224426e+01  3.013899e-02 
 1.224458e+01  3.013897e-02 
 1.224490e+01  3.013895e-02 
 1.224522e+01  3.013893e-02 
 1.224554e+01  3.013891e-02 
 1.224586e+01  3.013889e-02 
 1.224619e+01  3.013887e-02 
 1.224651e+01  3.013885e-02 
 1.224683e+01  3.013883e-02 
 1.224715e+01  3.013882e-02 
 1.224747e+01  3.013880e-02 
 1.224779e+01  3.013878e-02 
 1.224812e+01  3.013876e-02 
 1.224844e+01  3.013874e-02 
 1.224876e+01  3.013872e-02 
 1.224908e+01  3.013870e-02 
 1.224940e+01  3.013869e-02 
 1.224972e+01  3.013867e-02 
 1.225004e+01  3.013865e-02 
 1.225037e+01  3.013863e-02 
 1.225069e+01  3.013861e-02 
 1.225101e+01  3.013859e-02 
 1.225133e+01  3.013857e-02 
 1.225165e+01  3.013856e-02 
 1.225197e+01  3.013854e-02 
 1.225230e+01  3.013852e-02 
 1.225262e+01  3.013850e-02 
 1.225294e+01  3.013848e-02 
 1.225326e+01  3.013847e-02 
 1.225358e+01  3.013845e-02 
 1.225390e+01  3.013843e-02 
 1.225423e+01  3.013841e-02 
 1.225455e+01  3.013839e-02 
 1.225487e+01  3.013838e-02 
 1.225519e+01  3.013836e-02 
 1.225551e+01  3.013834e-02 
 1.225583e+01  3.013832e-02 
 1.225615e+01  3.013831e-02 
 1.225648e+01  3.013829e-02 
 1.225680e+01  3.013827e-02 
 1.225712e+01  3.013825e-02 
 1.225744e+01  3.013824e-02 
 1.225776e+01  3.013822e-02 
 1.225808e+01  3.013820e-02 
 1.225841e+01  3.013818e-02 
 1.225873e+01  3.013817e-02 
 1.225905e+01  3.013815e-02 
 1.225937e+01  3.013813e-02 
 1.225969e+01  3.013812e-02 
 1.226001e+01  3.013810e-02 
 1.226033e+01  3.013808e-02 
 1.226066e+01  3.013806e-02 
 1.226098e+01  3.013805e-02 
 1.226130e+01  3.013803e-02 
 1.226162e+01  3.013801e-02 
 1.226194e+01  3.013800e-02 
 1.226226e+01  3.013798e-02 
 1.226259e+01  3.013796e-02 
 1.226291e+01  3.013795e-02 
 1.226323e+01  3.013793e-02 
 1.226355e+01  3.013791e-02 
 1.226387e+01  3.013790e-02 
 1.226419e+01  3.013788e-02 
 1.226451e+01  3.013786e-02 
 1.226484e+01  3.013785e-02 
 1.226516e+01  3.013783e-02 
 1.226548e+01  3.013781e-02 
 1.226580e+01  3.013780e-02 
 1.226612e+01  3.013778e-02 
 1.226644e+01  3.013777e-02 
 1.226677e+01  3.013775e-02 
 1.226709e+01  3.013773e-02 
 1.226741e+01  3.013772e-02 
 1.226773e+01  3.013770e-02 
 1.226805e+01  3.013769e-02 
 1.226837e+01  3.013767e-02 
 1.226870e+01  3.013765e-02 
 1.226902e+01  3.013764e-02 
 1.226934e+01  3.013762e-02 
 1.226966e+01  3.013761e-02 
 1.226998e+01  3.013759e-02 
 1.227030e+01  3.013758e-02 
 1.227062e+01  3.013756e-02 
 1.227095e+01  3.013754e-02 
 1.227127e+01  3.013753e-02 
 1.227159e+01  3.013751e-02 
 1.227191e+01  3.013750e-02 
 1.227223e+01  3.013748e-02 
 1.227255e+01  3.013747e-02 
 1.227288e+01  3.013745e-02 
 1.227320e+01  3.013744e-02 
 1.227352e+01  3.013742e-02 
 1.227384e+01  3.013740e-02 
 1.227416e+01  3.013739e-02 
 1.227448e+01  3.013737e-02 
 1.227480e+01  3.013736e-02 
 1.227513e+01  3.013734e-02 
 1.227545e+01  3.013733e-02 
 1.227577e+01  3.013731e-02 
 1.227609e+01  3.013730e-02 
 1.227641e+01  3.013728e-02 
 1.227673e+01  3.013727e-02 
 1.227706e+01  3.013725e-02 
 1.227738e+01  3.013724e-02 
 1.227770e+01  3.013722e-02 
 1.227802e+01  3.013721e-02 
 1.227834e+01  3.013719e-02 
 1.227866e+01  3.013718e-02 
 1.227898e+01  3.013716e-02 
 1.227931e+01  3.013715e-02 
 1.227963e+01  3.013713e-02 
 1.227995e+01  3.013712e-02 
 1.228027e+01  3.013711e-02 
 1.228059e+01  3.013709e-02 
 1.228091e+01  3.013708e-02 
 1.228124e+01  3.013706e-02 
 1.228156e+01  3.013705e-02 
 1.228188e+01  3.013703e-02 
 1.228220e+01  3.013702e-02 
 1.228252e+01  3.013700e-02 
 1.228284e+01  3.013699e-02 
 1.228317e+01  3.013697e-02 
 1.228349e+01  3.013696e-02 
 1.228381e+01  3.013694e-02 
 1.228413e+01  3.013693e-02 
 1.228445e+01  3.013691e-02 
 1.228477e+01  3.013690e-02 
 1.228509e+01  3.013689e-02 
 1.228542e+01  3.013687e-02 
 1.228574e+01  3.013686e-02 
 1.228606e+01  3.013684e-02 
 1.228638e+01  3.013683e-02 
 1.228670e+01  3.013681e-02 
 1.228702e+01  3.013680e-02 
 1.228735e+01  3.013678e-02 
 1.228767e+01  3.013677e-02 
 1.228799e+01  3.013675e-02 
 1.228831e+01  3.013674e-02 
 1.228863e+01  3.013673e-02 
 1.228895e+01  3.013671e-02 
 1.228927e+01  3.013670e-02 
 1.228960e+01  3.013668e-02 
 1.228992e+01  3.013667e-02 
 1.229024e+01  3.013665e-02 
 1.229056e+01  3.013664e-02 
 1.229088e+01  3.013662e-02 
 1.229120e+01  3.013661e-02 
 1.229153e+01  3.013660e-02 
 1.229185e+01  3.013658e-02 
 1.229217e+01  3.013657e-02 
 1.229249e+01  3.013655e-02 
 1.229281e+01  3.013654e-02 
 1.229313e+01  3.013652e-02 
 1.229346e+01  3.013651e-02 
 1.229378e+01  3.013649e-02 
 1.229410e+01  3.013648e-02 
 1.229442e+01  3.013646e-02 
 1.229474e+01  3.013645e-02 
 1.229506e+01  3.013644e-02 
 1.229538e+01  3.013642e-02 
 1.229571e+01  3.013641e-02 
 1.229603e+01  3.013639e-02 
 1.229635e+01  3.013638e-02 
 1.229667e+01  3.013636e-02 
 1.229699e+01  3.013635e-02 
 1.229731e+01  3.013633e-02 
 1.229764e+01  3.013632e-02 
 1.229796e+01  3.013631e-02 
 1.229828e+01  3.013629e-02 
 1.229860e+01  3.013628e-02 
 1.229892e+01  3.013626e-02 
 1.229924e+01  3.013625e-02 
 1.229956e+01  3.013623e-02 
 1.229989e+01  3.013622e-02 
 1.230021e+01  3.013620e-02 
 1.230053e+01  3.013619e-02 
 1.230085e+01  3.013618e-02 
 1.230117e+01  3.013616e-02 
 1.230149e+01  3.013615e-02 
 1.230182e+01  3.013613e-02 
 1.230214e+01  3.013612e-02 
 1.230246e+01  3.013610e-02 
 1.230278e+01  3.013609e-02 
 1.230310e+01  3.013608e-02 
 1.230342e+01  3.013606e-02 
 1.230374e+01  3.013605e-02 
 1.230407e+01  3.013603e-02 
 1.230439e+01  3.013602e-02 
 1.230471e+01  3.013600e-02 
 1.230503e+01  3.013599e-02 
 1.230535e+01  3.013598e-02 
 1.230567e+01  3.013596e-02 
 1.230600e+01  3.013595e-02 
 1.230632e+01  3.013593e-02 
 1.230664e+01  3.013592e-02 
 1.230696e+01  3.013591e-02 
 1.230728e+01  3.013589e-02 
 1.230760e+01  3.013588e-02 
 1.230793e+01  3.013586e-02 
 1.230825e+01  3.013585e-02 
 1.230857e+01  3.013584e-02 
 1.230889e+01  3.013582e-02 
 1.230921e+01  3.013581e-02 
 1.230953e+01  3.013579e-02 
 1.230985e+01  3.013578e-02 
 1.231018e+01  3.013577e-02 
 1.231050e+01  3.013575e-02 
 1.231082e+01  3.013574e-02 
 1.231114e+01  3.013572e-02 
 1.231146e+01  3.013571e-02 
 1.231178e+01  3.013570e-02 
 1.231211e+01  3.013568e-02 
 1.231243e+01  3.013567e-02 
 1.231275e+01  3.013566e-02 
 1.231307e+01  3.013564e-02 
 1.231339e+01  3.013563e-02 
 1.231371e+01  3.013562e-02 
 1.231403e+01  3.013560e-02 
 1.231436e+01  3.013559e-02 
 1.231468e+01  3.013557e-02 
 1.231500e+01  3.013556e-02 
 1.231532e+01  3.013555e-02 
 1.231564e+01  3.013553e-02 
 1.231596e+01  3.013552e-02 
 1.231629e+01  3.013551e-02 
 1.231661e+01  3.013549e-02 
 1.231693e+01  3.013548e-02 
 1.231725e+01  3.013547e-02 
 1.231757e+01  3.013545e-02 
 1.231789e+01  3.013544e-02 
 1.231821e+01  3.013543e-02 
 1.231854e+01  3.013541e-02 
 1.231886e+01  3.013540e-02 
 1.231918e+01  3.013539e-02 
 1.231950e+01  3.013537e-02 
 1.231982e+01  3.013536e-02 
 1.232014e+01  3.013535e-02 
 1.232047e+01  3.013533e-02 
 1.232079e+01  3.013532e-02 
 1.232111e+01  3.013531e-02 
 1.232143e+01  3.013529e-02 
 1.232175e+01  3.013528e-02 
 1.232207e+01  3.013527e-02 
 1.232240e+01  3.013525e-02 
 1.232272e+01  3.013524e-02 
 1.232304e+01  3.013523e-02 
 1.232336e+01  3.013521e-02 
 1.232368e+01  3.013520e-02 
 1.232400e+01  3.013519e-02 
 1.232432e+01  3.013517e-02 
 1.232465e+01  3.013516e-02 
 1.232497e+01  3.013515e-02 
 1.232529e+01  3.013513e-02 
 1.232561e+01  3.013512e-02 
 1.232593e+01  3.013511e-02 
 1.232625e+01  3.013509e-02 
 1.232658e+01  3.013508e-02 
 1.232690e+01  3.013507e-02 
 1.232722e+01  3.013505e-02 
 1.232754e+01  3.013504e-02 
 1.232786e+01  3.013503e-02 
 1.232818e+01  3.013501e-02 
 1.232850e+01  3.013500e-02 
 1.232883e+01  3.013499e-02 
 1.232915e+01  3.013497e-02 
 1.232947e+01  3.013496e-02 
 1.232979e+01  3.013495e-02 
 1.233011e+01  3.013493e-02 
 1.233043e+01  3.013492e-02 
 1.233076e+01  3.013491e-02 
 1.233108e+01  3.013489e-02 
 1.233140e+01  3.013488e-02 
 1.233172e+01  3.013487e-02 
 1.233204e+01  3.013485e-02 
 1.233236e+01  3.013484e-02 
 1.233268e+01  3.013482e-02 
 1.233301e+01  3.013481e-02 
 1.233333e+01  3.013480e-02 
 1.233365e+01  3.013478e-02 
 1.233397e+01  3.013477e-02 
 1.233429e+01  3.013476e-02 
 1.233461e+01  3.013474e-02 
 1.233494e+01  3.013473e-02 
 1.233526e+01  3.013471e-02 
 1.233558e+01  3.013470e-02 
 1.233590e+01  3.013469e-02 
 1.233622e+01  3.013467e-02 
 1.233654e+01  3.013466e-02 
 1.233687e+01  3.013464e-02 
 1.233719e+01  3.013463e-02 
 1.233751e+01  3.013461e-02 
 1.233783e+01  3.013460e-02 
 1.233815e+01  3.013459e-02 
 1.233847e+01  3.013457e-02 
 1.233879e+01  3.013456e-02 
 1.233912e+01  3.013454e-02 
 1.233944e+01  3.013453e-02 
 1.233976e+01  3.013451e-02 
 1.234008e+01  3.013450e-02 
 1.234040e+01  3.013449e-02 
 1.234072e+01  3.013447e-02 
 1.234105e+01  3.013446e-02 
 1.234137e+01  3.013444e-02 
 1.234169e+01  3.013443e-02 
 1.234201e+01  3.013441e-02 
 1.234233e+01  3.013440e-02 
 1.234265e+01  3.013438e-02 
 1.234297e+01  3.013437e-02 
 1.234330e+01  3.013435e-02 
 1.234362e+01  3.013434e-02 
 1.234394e+01  3.013432e-02 
 1.234426e+01  3.013431e-02 
 1.234458e+01  3.013429e-02 
 1.234490e+01  3.013428e-02 
 1.234523e+01  3.013426e-02 
 1.234555e+01  3.013425e-02 
 1.234587e+01  3.013423e-02 
 1.234619e+01  3.013422e-02 
 1.234651e+01  3.013420e-02 
 1.234683e+01  3.013419e-02 
 1.234715e+01  3.013417e-02 
 1.234748e+01  3.013416e-02 
 1.234780e+01  3.013414e-02 
 1.234812e+01  3.013412e-02 
 1.234844e+01  3.013411e-02 
 1.234876e+01  3.013409e-02 
 1.234908e+01  3.013408e-02 
 1.234941e+01  3.013406e-02 
 1.234973e+01  3.013405e-02 
 1.235005e+01  3.013403e-02 
 1.235037e+01  3.013402e-02 
 1.235069e+01  3.013400e-02 
 1.235101e+01  3.013399e-02 
 1.235134e+01  3.013397e-02 
 1.235166e+01  3.013395e-02 
 1.235198e+01  3.013394e-02 
 1.235230e+01  3.013392e-02 
 1.235262e+01  3.013391e-02 
 1.235294e+01  3.013389e-02 
 1.235326e+01  3.013388e-02 
 1.235359e+01  3.013386e-02 
 1.235391e+01  3.013385e-02 
 1.235423e+01  3.013383e-02 
 1.235455e+01  3.013381e-02 
 1.235487e+01  3.013380e-02 
 1.235519e+01  3.013378e-02 
 1.235552e+01  3.013377e-02 
 1.235584e+01  3.013375e-02 
 1.235616e+01  3.013374e-02 
 1.235648e+01  3.013372e-02 
 1.235680e+01  3.013371e-02 
 1.235712e+01  3.013369e-02 
 1.235744e+01  3.013367e-02 
 1.235777e+01  3.013366e-02 
 1.235809e+01  3.013364e-02 
 1.235841e+01  3.013363e-02 
 1.235873e+01  3.013361e-02 
 1.235905e+01  3.013360e-02 
 1.235937e+01  3.013358e-02 
 1.235970e+01  3.013356e-02 
 1.236002e+01  3.013355e-02 
 1.236034e+01  3.013353e-02 
 1.236066e+01  3.013352e-02 
 1.236098e+01  3.013350e-02 
 1.236130e+01  3.013349e-02 
 1.236162e+01  3.013347e-02 
 1.236195e+01  3.013345e-02 
 1.236227e+01  3.013344e-02 
 1.236259e+01  3.013342e-02 
 1.236291e+01  3.013341e-02 
 1.236323e+01  3.013339e-02 
 1.236355e+01  3.013337e-02 
 1.236388e+01  3.013336e-02 
 1.236420e+01  3.013334e-02 
 1.236452e+01  3.013333e-02 
 1.236484e+01  3.013331e-02 
 1.236516e+01  3.013330e-02 
 1.236548e+01  3.013328e-02 
 1.236581e+01  3.013326e-02 
 1.236613e+01  3.013325e-02 
 1.236645e+01  3.013323e-02 
 1.236677e+01  3.013322e-02 
 1.236709e+01  3.013320e-02 
 1.236741e+01  3.013318e-02 
 1.236773e+01  3.013317e-02 
 1.236806e+01  3.013315e-02 
 1.236838e+01  3.013314e-02 
 1.236870e+01  3.013312e-02 
 1.236902e+01  3.013310e-02 
 1.236934e+01  3.013309e-02 
 1.236966e+01  3.013307e-02 
 1.236999e+01  3.013306e-02 
 1.237031e+01  3.013304e-02 
 1.237063e+01  3.013302e-02 
 1.237095e+01  3.013301e-02 
 1.237127e+01  3.013299e-02 
 1.237159e+01  3.013298e-02 
 1.237191e+01  3.013296e-02 
 1.237224e+01  3.013294e-02 
 1.237256e+01  3.013293e-02 
 1.237288e+01  3.013291e-02 
 1.237320e+01  3.013289e-02 
 1.237352e+01  3.013288e-02 
 1.237384e+01  3.013286e-02 
 1.237417e+01  3.013285e-02 
 1.237449e+01  3.013283e-02 
 1.237481e+01  3.013281e-02 
 1.237513e+01  3.013280e-02 
 1.237545e+01  3.013278e-02 
 1.237577e+01  3.013276e-02 
 1.237609e+01  3.013275e-02 
 1.237642e+01  3.013273e-02 
 1.237674e+01  3.013271e-02 
 1.237706e+01  3.013270e-02 
 1.237738e+01  3.013268e-02 
 1.237770e+01  3.013267e-02 
 1.237802e+01  3.013265e-02 
 1.237835e+01  3.013263e-02 
 1.237867e+01  3.013262e-02 
 1.237899e+01  3.013260e-02 
 1.237931e+01  3.013258e-02 
 1.237963e+01  3.013257e-02 
 1.237995e+01  3.013255e-02 
 1.238028e+01  3.013253e-02 
 1.238060e+01  3.013252e-02 
 1.238092e+01  3.013250e-02 
 1.238124e+01  3.013248e-02 
 1.238156e+01  3.013247e-02 
 1.238188e+01  3.013245e-02 
 1.238220e+01  3.013243e-02 
 1.238253e+01  3.013242e-02 
 1.238285e+01  3.013240e-02 
 1.238317e+01  3.013238e-02 
 1.238349e+01  3.013237e-02 
 1.238381e+01  3.013235e-02 
 1.238413e+01  3.013233e-02 
 1.238446e+01  3.013232e-02 
 1.238478e+01  3.013230e-02 
 1.238510e+01  3.013228e-02 
 1.238542e+01  3.013227e-02 
 1.238574e+01  3.013225e-02 
 1.238606e+01  3.013223e-02 
 1.238638e+01  3.013222e-02 
 1.238671e+01  3.013220e-02 
 1.238703e+01  3.013218e-02 
 1.238735e+01  3.013217e-02 
 1.238767e+01  3.013215e-02 
 1.238799e+01  3.013213e-02 
 1.238831e+01  3.013212e-02 
 1.238864e+01  3.013210e-02 
 1.238896e+01  3.013208e-02 
 1.238928e+01  3.013207e-02 
 1.238960e+01  3.013205e-02 
 1.238992e+01  3.013203e-02 
 1.239024e+01  3.013202e-02 
 1.239056e+01  3.013200e-02 
 1.239089e+01  3.013198e-02 
 1.239121e+01  3.013197e-02 
 1.239153e+01  3.013195e-02 
 1.239185e+01  3.013193e-02 
 1.239217e+01  3.013192e-02 
 1.239249e+01  3.013190e-02 
 1.239282e+01  3.013188e-02 
 1.239314e+01  3.013187e-02 
 1.239346e+01  3.013185e-02 
 1.239378e+01  3.013183e-02 
 1.239410e+01  3.013182e-02 
 1.239442e+01  3.013180e-02 
 1.239475e+01  3.013178e-02 
 1.239507e+01  3.013176e-02 
 1.239539e+01  3.013175e-02 
 1.239571e+01  3.013173e-02 
 1.239603e+01  3.013171e-02 
 1.239635e+01  3.013170e-02 
 1.239667e+01  3.013168e-02 
 1.239700e+01  3.013166e-02 
 1.239732e+01  3.013165e-02 
 1.239764e+01  3.013163e-02 
 1.239796e+01  3.013161e-02 
 1.239828e+01  3.013160e-02 
 1.239860e+01  3.013158e-02 
 1.239893e+01  3.013156e-02 
 1.239925e+01  3.013155e-02 
 1.239957e+01  3.013153e-02 
 1.239989e+01  3.013151e-02 
 1.240021e+01  3.013150e-02 
 1.240053e+01  3.013148e-02 
 1.240085e+01  3.013146e-02 
 1.240118e+01  3.013145e-02 
 1.240150e+01  3.013143e-02 
 1.240182e+01  3.013141e-02 
 1.240214e+01  3.013140e-02 
 1.240246e+01  3.013138e-02 
 1.240278e+01  3.013136e-02 
 1.240311e+01  3.013134e-02 
 1.240343e+01  3.013133e-02 
 1.240375e+01  3.013131e-02 
 1.240407e+01  3.013129e-02 
 1.240439e+01  3.013128e-02 
 1.240471e+01  3.013126e-02 
 1.240504e+01  3.013124e-02 
 1.240536e+01  3.013123e-02 
 1.240568e+01  3.013121e-02 
 1.240600e+01  3.013119e-02 
 1.240632e+01  3.013118e-02 
 1.240664e+01  3.013116e-02 
 1.240696e+01  3.013114e-02 
 1.240729e+01  3.013112e-02 
 1.240761e+01  3.013111e-02 
 1.240793e+01  3.013109e-02 
 1.240825e+01  3.013107e-02 
 1.240857e+01  3.013106e-02 
 1.240889e+01  3.013104e-02 
 1.240922e+01  3.013102e-02 
 1.240954e+01  3.013101e-02 
 1.240986e+01  3.013099e-02 
 1.241018e+01  3.013097e-02 
 1.241050e+01  3.013095e-02 
 1.241082e+01  3.013094e-02 
 1.241114e+01  3.013092e-02 
 1.241147e+01  3.013090e-02 
 1.241179e+01  3.013089e-02 
 1.241211e+01  3.013087e-02 
 1.241243e+01  3.013085e-02 
 1.241275e+01  3.013083e-02 
 1.241307e+01  3.013082e-02 
 1.241340e+01  3.013080e-02 
 1.241372e+01  3.013078e-02 
 1.241404e+01  3.013076e-02 
 1.241436e+01  3.013075e-02 
 1.241468e+01  3.013073e-02 
 1.241500e+01  3.013071e-02 
 1.241532e+01  3.013070e-02 
 1.241565e+01  3.013068e-02 
 1.241597e+01  3.013066e-02 
 1.241629e+01  3.013064e-02 
 1.241661e+01  3.013062e-02 
 1.241693e+01  3.013061e-02 
 1.241725e+01  3.013059e-02 
 1.241758e+01  3.013057e-02 
 1.241790e+01  3.013055e-02 
 1.241822e+01  3.013054e-02 
 1.241854e+01  3.013052e-02 
 1.241886e+01  3.013050e-02 
 1.241918e+01  3.013048e-02 
 1.241951e+01  3.013046e-02 
 1.241983e+01  3.013045e-02 
 1.242015e+01  3.013043e-02 
 1.242047e+01  3.013041e-02 
 1.242079e+01  3.013039e-02 
 1.242111e+01  3.013037e-02 
 1.242143e+01  3.013036e-02 
 1.242176e+01  3.013034e-02 
 1.242208e+01  3.013032e-02 
 1.242240e+01  3.013030e-02 
 1.242272e+01  3.013028e-02 
 1.242304e+01  3.013026e-02 
 1.242336e+01  3.013025e-02 
 1.242369e+01  3.013023e-02 
 1.242401e+01  3.013021e-02 
 1.242433e+01  3.013019e-02 
 1.242465e+01  3.013017e-02 
 1.242497e+01  3.013015e-02 
 1.242529e+01  3.013013e-02 
 1.242561e+01  3.013011e-02 
 1.242594e+01  3.013010e-02 
 1.242626e+01  3.013008e-02 
 1.242658e+01  3.013006e-02 
 1.242690e+01  3.013004e-02 
 1.242722e+01  3.013002e-02 
 1.242754e+01  3.013000e-02 
 1.242787e+01  3.012998e-02 
 1.242819e+01  3.012996e-02 
 1.242851e+01  3.012994e-02 
 1.242883e+01  3.012992e-02 
 1.242915e+01  3.012990e-02 
 1.242947e+01  3.012988e-02 
 1.242979e+01  3.012986e-02 
 1.243012e+01  3.012984e-02 
 1.243044e+01  3.012982e-02 
 1.243076e+01  3.012980e-02 
 1.243108e+01  3.012978e-02 
 1.243140e+01  3.012976e-02 
 1.243172e+01  3.012974e-02 
 1.243205e+01  3.012972e-02 
 1.243237e+01  3.012970e-02 
 1.243269e+01  3.012968e-02 
 1.243301e+01  3.012966e-02 
 1.243333e+01  3.012964e-02 
 1.243365e+01  3.012962e-02 
 1.243398e+01  3.012960e-02 
 1.243430e+01  3.012958e-02 
 1.243462e+01  3.012956e-02 
 1.243494e+01  3.012954e-02 
 1.243526e+01  3.012952e-02 
 1.243558e+01  3.012950e-02 
 1.243590e+01  3.012948e-02 
 1.243623e+01  3.012946e-02 
 1.243655e+01  3.012944e-02 
 1.243687e+01  3.012942e-02 
 1.243719e+01  3.012940e-02 
 1.243751e+01  3.012937e-02 
 1.243783e+01  3.012935e-02 
 1.243816e+01  3.012933e-02 
 1.243848e+01  3.012931e-02 
 1.243880e+01  3.012929e-02 
 1.243912e+01  3.012927e-02 
 1.243944e+01  3.012925e-02 
 1.243976e+01  3.012922e-02 
 1.244008e+01  3.012920e-02 
 1.244041e+01  3.012918e-02 
 1.244073e+01  3.012916e-02 
 1.244105e+01  3.012914e-02 
 1.244137e+01  3.012912e-02 
 1.244169e+01  3.012909e-02 
 1.244201e+01  3.012907e-02 
 1.244234e+01  3.012905e-02 
 1.244266e+01  3.012903e-02 
 1.244298e+01  3.012901e-02 
 1.244330e+01  3.012898e-02 
 1.244362e+01  3.012896e-02 
 1.244394e+01  3.012894e-02 
 1.244426e+01  3.012892e-02 
 1.244459e+01  3.012890e-02 
 1.244491e+01  3.012887e-02 
 1.244523e+01  3.012885e-02 
 1.244555e+01  3.012883e-02 
 1.244587e+01  3.012881e-02 
 1.244619e+01  3.012878e-02 
 1.244652e+01  3.012876e-02 
 1.244684e+01  3.012874e-02 
 1.244716e+01  3.012871e-02 
 1.244748e+01  3.012869e-02 
 1.244780e+01  3.012867e-02 
 1.244812e+01  3.012865e-02 
 1.244845e+01  3.012862e-02 
 1.244877e+01  3.012860e-02 
 1.244909e+01  3.012858e-02 
 1.244941e+01  3.012855e-02 
 1.244973e+01  3.012853e-02 
 1.245005e+01  3.012851e-02 
 1.245037e+01  3.012848e-02 
 1.245070e+01  3.012846e-02 
 1.245102e+01  3.012844e-02 
 1.245134e+01  3.012842e-02 
 1.245166e+01  3.012839e-02 
 1.245198e+01  3.012837e-02 
 1.245230e+01  3.012835e-02 
 1.245263e+01  3.012832e-02 
 1.245295e+01  3.012830e-02 
 1.245327e+01  3.012828e-02 
 1.245359e+01  3.012825e-02 
 1.245391e+01  3.012823e-02 
 1.245423e+01  3.012821e-02 
 1.245455e+01  3.012818e-02 
 1.245488e+01  3.012816e-02 
 1.245520e+01  3.012813e-02 
 1.245552e+01  3.012811e-02 
 1.245584e+01  3.012809e-02 
 1.245616e+01  3.012806e-02 
 1.245648e+01  3.012804e-02 
 1.245681e+01  3.012802e-02 
 1.245713e+01  3.012799e-02 
 1.245745e+01  3.012797e-02 
 1.245777e+01  3.012795e-02 
 1.245809e+01  3.012792e-02 
 1.245841e+01  3.012790e-02 
 1.245873e+01  3.012788e-02 
 1.245906e+01  3.012785e-02 
 1.245938e+01  3.012783e-02 
 1.245970e+01  3.012781e-02 
 1.246002e+01  3.012778e-02 
 1.246034e+01  3.012776e-02 
 1.246066e+01  3.012773e-02 
 1.246099e+01  3.012771e-02 
 1.246131e+01  3.012769e-02 
 1.246163e+01  3.012766e-02 
 1.246195e+01  3.012764e-02 
 1.246227e+01  3.012762e-02 
 1.246259e+01  3.012759e-02 
 1.246292e+01  3.012757e-02 
 1.246324e+01  3.012755e-02 
 1.246356e+01  3.012752e-02 
 1.246388e+01  3.012750e-02 
 1.246420e+01  3.012748e-02 
 1.246452e+01  3.012745e-02 
 1.246484e+01  3.012743e-02 
 1.246517e+01  3.012741e-02 
 1.246549e+01  3.012738e-02 
 1.246581e+01  3.012736e-02 
 1.246613e+01  3.012734e-02 
 1.246645e+01  3.012731e-02 
 1.246677e+01  3.012729e-02 
 1.246710e+01  3.012727e-02 
 1.246742e+01  3.012724e-02 
 1.246774e+01  3.012722e-02 
 1.246806e+01  3.012720e-02 
 1.246838e+01  3.012718e-02 
 1.246870e+01  3.012715e-02 
 1.246902e+01  3.012713e-02 
 1.246935e+01  3.012711e-02 
 1.246967e+01  3.012708e-02 
 1.246999e+01  3.012706e-02 
 1.247031e+01  3.012704e-02 
 1.247063e+01  3.012702e-02 
 1.247095e+01  3.012699e-02 
 1.247128e+01  3.012697e-02 
 1.247160e+01  3.012695e-02 
 1.247192e+01  3.012693e-02 
 1.247224e+01  3.012690e-02 
 1.247256e+01  3.012688e-02 
 1.247288e+01  3.012686e-02 
 1.247320e+01  3.012684e-02 
 1.247353e+01  3.012681e-02 
 1.247385e+01  3.012679e-02 
 1.247417e+01  3.012677e-02 
 1.247449e+01  3.012675e-02 
 1.247481e+01  3.012672e-02 
 1.247513e+01  3.012670e-02 
 1.247546e+01  3.012668e-02 
 1.247578e+01  3.012666e-02 
 1.247610e+01  3.012664e-02 
 1.247642e+01  3.012662e-02 
 1.247674e+01  3.012659e-02 
 1.247706e+01  3.012657e-02 
 1.247739e+01  3.012655e-02 
 1.247771e+01  3.012653e-02 
 1.247803e+01  3.012651e-02 
 1.247835e+01  3.012649e-02 
 1.247867e+01  3.012646e-02 
 1.247899e+01  3.012644e-02 
 1.247931e+01  3.012642e-02 
 1.247964e+01  3.012640e-02 
 1.247996e+01  3.012638e-02 
 1.248028e+01  3.012636e-02 
 1.248060e+01  3.012634e-02 
 1.248092e+01  3.012632e-02 
 1.248124e+01  3.012630e-02 
 1.248157e+01  3.012628e-02 
 1.248189e+01  3.012626e-02 
 1.248221e+01  3.012624e-02 
 1.248253e+01  3.012621e-02 
 1.248285e+01  3.012619e-02 
 1.248317e+01  3.012617e-02 
 1.248349e+01  3.012615e-02 
 1.248382e+01  3.012613e-02 
 1.248414e+01  3.012611e-02 
 1.248446e+01  3.012609e-02 
 1.248478e+01  3.012607e-02 
 1.248510e+01  3.012605e-02 
 1.248542e+01  3.012603e-02 
 1.248575e+01  3.012601e-02 
 1.248607e+01  3.012599e-02 
 1.248639e+01  3.012597e-02 
 1.248671e+01  3.012596e-02 
 1.248703e+01  3.012594e-02 
 1.248735e+01  3.012592e-02 
 1.248767e+01  3.012590e-02 
 1.248800e+01  3.012588e-02 
 1.248832e+01  3.012586e-02 
 1.248864e+01  3.012584e-02 
 1.248896e+01  3.012582e-02 
 1.248928e+01  3.012580e-02 
 1.248960e+01  3.012578e-02 
 1.248993e+01  3.012576e-02 
 1.249025e+01  3.012575e-02 
 1.249057e+01  3.012573e-02 
 1.249089e+01  3.012571e-02 
 1.249121e+01  3.012569e-02 
 1.249153e+01  3.012567e-02 
 1.249186e+01  3.012565e-02 
 1.249218e+01  3.012563e-02 
 1.249250e+01  3.012562e-02 
 1.249282e+01  3.012560e-02 
 1.249314e+01  3.012558e-02 
 1.249346e+01  3.012556e-02 
 1.249378e+01  3.012554e-02 
 1.249411e+01  3.012553e-02 
 1.249443e+01  3.012551e-02 
 1.249475e+01  3.012549e-02 
 1.249507e+01  3.012547e-02 
 1.249539e+01  3.012546e-02 
 1.249571e+01  3.012544e-02 
 1.249604e+01  3.012542e-02 
 1.249636e+01  3.012540e-02 
 1.249668e+01  3.012539e-02 
 1.249700e+01  3.012537e-02 
 1.249732e+01  3.012535e-02 
 1.249764e+01  3.012533e-02 
 1.249796e+01  3.012532e-02 
 1.249829e+01  3.012530e-02 
 1.249861e+01  3.012528e-02 
 1.249893e+01  3.012526e-02 
 1.249925e+01  3.012525e-02 
 1.249957e+01  3.012523e-02 
 1.249989e+01  3.012521e-02 
 1.250022e+01  3.012520e-02 
 1.250054e+01  3.012518e-02 
 1.250086e+01  3.012516e-02 
 1.250118e+01  3.012515e-02 
 1.250150e+01  3.012513e-02 
 1.250182e+01  3.012511e-02 
 1.250214e+01  3.012510e-02 
 1.250247e+01  3.012508e-02 
 1.250279e+01  3.012506e-02 
 1.250311e+01  3.012505e-02 
 1.250343e+01  3.012503e-02 
 1.250375e+01  3.012501e-02 
 1.250407e+01  3.012500e-02 
 1.250440e+01  3.012498e-02 
 1.250472e+01  3.012497e-02 
 1.250504e+01  3.012495e-02 
 1.250536e+01  3.012493e-02 
 1.250568e+01  3.012492e-02 
 1.250600e+01  3.012490e-02 
 1.250633e+01  3.012489e-02 
 1.250665e+01  3.012487e-02 
 1.250697e+01  3.012485e-02 
 1.250729e+01  3.012484e-02 
 1.250761e+01  3.012482e-02 
 1.250793e+01  3.012481e-02 
 1.250825e+01  3.012479e-02 
 1.250858e+01  3.012477e-02 
 1.250890e+01  3.012476e-02 
 1.250922e+01  3.012474e-02 
 1.250954e+01  3.012473e-02 
 1.250986e+01  3.012471e-02 
 1.251018e+01  3.012470e-02 
 1.251051e+01  3.012468e-02 
 1.251083e+01  3.012467e-02 
 1.251115e+01  3.012465e-02 
 1.251147e+01  3.012463e-02 
 1.251179e+01  3.012462e-02 
 1.251211e+01  3.012460e-02 
 1.251243e+01  3.012459e-02 
 1.251276e+01  3.012457e-02 
 1.251308e+01  3.012456e-02 
 1.251340e+01  3.012454e-02 
 1.251372e+01  3.012453e-02 
 1.251404e+01  3.012451e-02 
 1.251436e+01  3.012450e-02 
 1.251469e+01  3.012448e-02 
 1.251501e+01  3.012447e-02 
 1.251533e+01  3.012445e-02 
 1.251565e+01  3.012444e-02 
 1.251597e+01  3.012442e-02 
 1.251629e+01  3.012441e-02 
 1.251661e+01  3.012439e-02 
 1.251694e+01  3.012438e-02 
 1.251726e+01  3.012436e-02 
 1.251758e+01  3.012435e-02 
 1.251790e+01  3.012433e-02 
 1.251822e+01  3.012432e-02 
 1.251854e+01  3.012431e-02 
 1.251887e+01  3.012429e-02 
 1.251919e+01  3.012428e-02 
 1.251951e+01  3.012426e-02 
 1.251983e+01  3.012425e-02 
 1.252015e+01  3.012423e-02 
 1.252047e+01  3.012422e-02 
 1.252080e+01  3.012421e-02 
 1.252112e+01  3.012419e-02 
 1.252144e+01  3.012418e-02 
 1.252176e+01  3.012416e-02 
 1.252208e+01  3.012415e-02 
 1.252240e+01  3.012414e-02 
 1.252272e+01  3.012412e-02 
 1.252305e+01  3.012411e-02 
 1.252337e+01  3.012409e-02 
 1.252369e+01  3.012408e-02 
 1.252401e+01  3.012407e-02 
 1.252433e+01  3.012405e-02 
 1.252465e+01  3.012404e-02 
 1.252498e+01  3.012403e-02 
 1.252530e+01  3.012401e-02 
 1.252562e+01  3.012400e-02 
 1.252594e+01  3.012399e-02 
 1.252626e+01  3.012397e-02 
 1.252658e+01  3.012396e-02 
 1.252690e+01  3.012395e-02 
 1.252723e+01  3.012393e-02 
 1.252755e+01  3.012392e-02 
 1.252787e+01  3.012391e-02 
 1.252819e+01  3.012389e-02 
 1.252851e+01  3.012388e-02 
 1.252883e+01  3.012387e-02 
 1.252916e+01  3.012386e-02 
 1.252948e+01  3.012384e-02 
 1.252980e+01  3.012383e-02 
 1.253012e+01  3.012382e-02 
 1.253044e+01  3.012381e-02 
 1.253076e+01  3.012379e-02 
 1.253109e+01  3.012378e-02 
 1.253141e+01  3.012377e-02 
 1.253173e+01  3.012376e-02 
 1.253205e+01  3.012375e-02 
 1.253237e+01  3.012373e-02 
 1.253269e+01  3.012372e-02 
 1.253301e+01  3.012371e-02 
 1.253334e+01  3.012370e-02 
 1.253366e+01  3.012369e-02 
 1.253398e+01  3.012368e-02 
 1.253430e+01  3.012367e-02 
 1.253462e+01  3.012365e-02 
 1.253494e+01  3.012364e-02 
 1.253527e+01  3.012363e-02 
 1.253559e+01  3.012362e-02 
 1.253591e+01  3.012361e-02 
 1.253623e+01  3.012360e-02 
 1.253655e+01  3.012359e-02 
 1.253687e+01  3.012358e-02 
 1.253719e+01  3.012357e-02 
 1.253752e+01  3.012356e-02 
 1.253784e+01  3.012354e-02 
 1.253816e+01  3.012353e-02 
 1.253848e+01  3.012352e-02 
 1.253880e+01  3.012351e-02 
 1.253912e+01  3.012350e-02 
 1.253945e+01  3.012349e-02 
 1.253977e+01  3.012348e-02 
 1.254009e+01  3.012347e-02 
 1.254041e+01  3.012346e-02 
 1.254073e+01  3.012345e-02 
 1.254105e+01  3.012344e-02 
 1.254137e+01  3.012343e-02 
 1.254170e+01  3.012342e-02 
 1.254202e+01  3.012341e-02 
 1.254234e+01  3.012340e-02 
 1.254266e+01  3.012339e-02 
 1.254298e+01  3.012338e-02 
 1.254330e+01  3.012337e-02 
 1.254363e+01  3.012336e-02 
 1.254395e+01  3.012336e-02 
 1.254427e+01  3.012335e-02 
 1.254459e+01  3.012334e-02 
 1.254491e+01  3.012333e-02 
 1.254523e+01  3.012332e-02 
 1.254556e+01  3.012331e-02 
 1.254588e+01  3.012330e-02 
 1.254620e+01  3.012329e-02 
 1.254652e+01  3.012328e-02 
 1.254684e+01  3.012327e-02 
 1.254716e+01  3.012326e-02 
 1.254748e+01  3.012326e-02 
 1.254781e+01  3.012325e-02 
 1.254813e+01  3.012324e-02 
 1.254845e+01  3.012323e-02 
 1.254877e+01  3.012322e-02 
 1.254909e+01  3.012321e-02 
 1.254941e+01  3.012320e-02 
 1.254974e+01  3.012320e-02 
 1.255006e+01  3.012319e-02 
 1.255038e+01  3.012318e-02 
 1.255070e+01  3.012317e-02 
 1.255102e+01  3.012316e-02 
 1.255134e+01  3.012315e-02 
 1.255166e+01  3.012315e-02 
 1.255199e+01  3.012314e-02 
 1.255231e+01  3.012313e-02 
 1.255263e+01  3.012312e-02 
 1.255295e+01  3.012311e-02 
 1.255327e+01  3.012310e-02 
 1.255359e+01  3.012310e-02 
 1.255392e+01  3.012309e-02 
 1.255424e+01  3.012308e-02 
 1.255456e+01  3.012307e-02 
 1.255488e+01  3.012307e-02 
 1.255520e+01  3.012306e-02 
 1.255552e+01  3.012305e-02 
 1.255584e+01  3.012304e-02 
 1.255617e+01  3.012303e-02 
 1.255649e+01  3.012303e-02 
 1.255681e+01  3.012302e-02 
 1.255713e+01  3.012301e-02 
 1.255745e+01  3.012300e-02 
 1.255777e+01  3.012300e-02 
 1.255810e+01  3.012299e-02 
 1.255842e+01  3.012298e-02 
 1.255874e+01  3.012298e-02 
 1.255906e+01  3.012297e-02 
 1.255938e+01  3.012296e-02 
 1.255970e+01  3.012295e-02 
 1.256003e+01  3.012295e-02 
 1.256035e+01  3.012294e-02 
 1.256067e+01  3.012293e-02 
 1.256099e+01  3.012293e-02 
 1.256131e+01  3.012292e-02 
 1.256163e+01  3.012291e-02 
 1.256195e+01  3.012291e-02 
 1.256228e+01  3.012290e-02 
 1.256260e+01  3.012289e-02 
 1.256292e+01  3.012289e-02 
 1.256324e+01  3.012288e-02 
 1.256356e+01  3.012287e-02 
 1.256388e+01  3.012287e-02 
 1.256421e+01  3.012286e-02 
 1.256453e+01  3.012286e-02 
 1.256485e+01  3.012285e-02 
 1.256517e+01  3.012284e-02 
 1.256549e+01  3.012284e-02 
 1.256581e+01  3.012283e-02 
 1.256613e+01  3.012282e-02 
 1.256646e+01  3.012282e-02 
 1.256678e+01  3.012281e-02 
 1.256710e+01  3.012281e-02 
 1.256742e+01  3.012280e-02 
 1.256774e+01  3.012280e-02 
 1.256806e+01  3.012279e-02 
 1.256839e+01  3.012279e-02 
 1.256871e+01  3.012278e-02 
 1.256903e+01  3.012277e-02 
 1.256935e+01  3.012277e-02 
 1.256967e+01  3.012276e-02 
 1.256999e+01  3.012276e-02 
 1.257031e+01  3.012275e-02 
 1.257064e+01  3.012275e-02 
 1.257096e+01  3.012274e-02 
 1.257128e+01  3.012274e-02 
 1.257160e+01  3.012273e-02 
 1.257192e+01  3.012273e-02 
 1.257224e+01  3.012272e-02 
 1.257257e+01  3.012272e-02 
 1.257289e+01  3.012271e-02 
 1.257321e+01  3.012271e-02 
 1.257353e+01  3.012271e-02 
 1.257385e+01  3.012270e-02 
 1.257417e+01  3.012270e-02 
 1.257450e+01  3.012269e-02 
 1.257482e+01  3.012269e-02 
 1.257514e+01  3.012268e-02 
 1.257546e+01  3.012268e-02 
 1.257578e+01  3.012268e-02 
 1.257610e+01  3.012267e-02 
 1.257642e+01  3.012267e-02 
 1.257675e+01  3.012266e-02 
 1.257707e+01  3.012266e-02 
 1.257739e+01  3.012266e-02 
 1.257771e+01  3.012265e-02 
 1.257803e+01  3.012265e-02 
 1.257835e+01  3.012265e-02 
 1.257868e+01  3.012264e-02 
 1.257900e+01  3.012264e-02 
 1.257932e+01  3.012264e-02 
 1.257964e+01  3.012263e-02 
 1.257996e+01  3.012263e-02 
 1.258028e+01  3.012263e-02 
 1.258060e+01  3.012262e-02 
 1.258093e+01  3.012262e-02 
 1.258125e+01  3.012262e-02 
 1.258157e+01  3.012261e-02 
 1.258189e+01  3.012261e-02 
 1.258221e+01  3.012261e-02 
 1.258253e+01  3.012260e-02 
 1.258286e+01  3.012260e-02 
 1.258318e+01  3.012260e-02 
 1.258350e+01  3.012260e-02 
 1.258382e+01  3.012259e-02 
 1.258414e+01  3.012259e-02 
 1.258446e+01  3.012259e-02 
 1.258478e+01  3.012259e-02 
 1.258511e+01  3.012259e-02 
 1.258543e+01  3.012258e-02 
 1.258575e+01  3.012258e-02 
 1.258607e+01  3.012258e-02 
 1.258639e+01  3.012258e-02 
 1.258671e+01  3.012257e-02 
 1.258704e+01  3.012257e-02 
 1.258736e+01  3.012257e-02 
 1.258768e+01  3.012257e-02 
 1.258800e+01  3.012257e-02 
 1.258832e+01  3.012257e-02 
 1.258864e+01  3.012256e-02 
 1.258897e+01  3.012256e-02 
 1.258929e+01  3.012256e-02 
 1.258961e+01  3.012256e-02 
 1.258993e+01  3.012256e-02 
 1.259025e+01  3.012256e-02 
 1.259057e+01  3.012256e-02 
 1.259089e+01  3.012255e-02 
 1.259122e+01  3.012255e-02 
 1.259154e+01  3.012255e-02 
 1.259186e+01  3.012255e-02 
 1.259218e+01  3.012255e-02 
 1.259250e+01  3.012255e-02 
 1.259282e+01  3.012255e-02 
 1.259315e+01  3.012255e-02 
 1.259347e+01  3.012255e-02 
 1.259379e+01  3.012255e-02 
 1.259411e+01  3.012255e-02 
 1.259443e+01  3.012255e-02 
 1.259475e+01  3.012255e-02 
 1.259507e+01  3.012254e-02 
 1.259540e+01  3.012254e-02 
 1.259572e+01  3.012254e-02 
 1.259604e+01  3.012254e-02 
 1.259636e+01  3.012254e-02 
 1.259668e+01  3.012254e-02 
 1.259700e+01  3.012254e-02 
 1.259733e+01  3.012254e-02 
 1.259765e+01  3.012254e-02 
 1.259797e+01  3.012254e-02 
 1.259829e+01  3.012254e-02 
 1.259861e+01  3.012254e-02 
 1.259893e+01  3.012254e-02 
 1.259925e+01  3.012254e-02 
 1.259958e+01  3.012254e-02 
 1.259990e+01  3.012255e-02 
 1.260022e+01  3.012255e-02 
 1.260054e+01  3.012255e-02 
 1.260086e+01  3.012255e-02 
 1.260118e+01  3.012255e-02 
 1.260151e+01  3.012255e-02 
 1.260183e+01  3.012255e-02 
 1.260215e+01  3.012255e-02 
 1.260247e+01  3.012255e-02 
 1.260279e+01  3.012255e-02 
 1.260311e+01  3.012255e-02 
 1.260344e+01  3.012255e-02 
 1.260376e+01  3.012256e-02 
 1.260408e+01  3.012256e-02 
 1.260440e+01  3.012256e-02 
 1.260472e+01  3.012256e-02 
 1.260504e+01  3.012256e-02 
 1.260536e+01  3.012256e-02 
 1.260569e+01  3.012256e-02 
 1.260601e+01  3.012257e-02 
 1.260633e+01  3.012257e-02 
 1.260665e+01  3.012257e-02 
 1.260697e+01  3.012257e-02 
 1.260729e+01  3.012257e-02 
 1.260762e+01  3.012257e-02 
 1.260794e+01  3.012258e-02 
 1.260826e+01  3.012258e-02 
 1.260858e+01  3.012258e-02 
 1.260890e+01  3.012258e-02 
 1.260922e+01  3.012258e-02 
 1.260954e+01  3.012259e-02 
 1.260987e+01  3.012259e-02 
 1.261019e+01  3.012259e-02 
 1.261051e+01  3.012259e-02 
 1.261083e+01  3.012259e-02 
 1.261115e+01  3.012260e-02 
 1.261147e+01  3.012260e-02 
 1.261180e+01  3.012260e-02 
 1.261212e+01  3.012260e-02 
 1.261244e+01  3.012261e-02 
 1.261276e+01  3.012261e-02 
 1.261308e+01  3.012261e-02 
 1.261340e+01  3.012261e-02 
 1.261372e+01  3.012262e-02 
 1.261405e+01  3.012262e-02 
 1.261437e+01  3.012262e-02 
 1.261469e+01  3.012262e-02 
 1.261501e+01  3.012263e-02 
 1.261533e+01  3.012263e-02 
 1.261565e+01  3.012263e-02 
 1.261598e+01  3.012263e-02 
 1.261630e+01  3.012264e-02 
 1.261662e+01  3.012264e-02 
 1.261694e+01  3.012264e-02 
 1.261726e+01  3.012265e-02 
 1.261758e+01  3.012265e-02 
 1.261791e+01  3.012265e-02 
 1.261823e+01  3.012265e-02 
 1.261855e+01  3.012266e-02 
 1.261887e+01  3.012266e-02 
 1.261919e+01  3.012266e-02 
 1.261951e+01  3.012266e-02 
 1.261983e+01  3.012267e-02 
 1.262016e+01  3.012267e-02 
 1.262048e+01  3.012267e-02 
 1.262080e+01  3.012268e-02 
 1.262112e+01  3.012268e-02 
 1.262144e+01  3.012268e-02 
 1.262176e+01  3.012268e-02 
 1.262209e+01  3.012269e-02 
 1.262241e+01  3.012269e-02 
 1.262273e+01  3.012269e-02 
 1.262305e+01  3.012270e-02 
 1.262337e+01  3.012270e-02 
 1.262369e+01  3.012270e-02 
 1.262401e+01  3.012270e-02 
 1.262434e+01  3.012271e-02 
 1.262466e+01  3.012271e-02 
 1.262498e+01  3.012271e-02 
 1.262530e+01  3.012271e-02 
 1.262562e+01  3.012272e-02 
 1.262594e+01  3.012272e-02 
 1.262627e+01  3.012272e-02 
 1.262659e+01  3.012272e-02 
 1.262691e+01  3.012273e-02 
 1.262723e+01  3.012273e-02 
 1.262755e+01  3.012273e-02 
 1.262787e+01  3.012273e-02 
 1.262819e+01  3.012274e-02 
 1.262852e+01  3.012274e-02 
 1.262884e+01  3.012274e-02 
 1.262916e+01  3.012274e-02 
 1.262948e+01  3.012274e-02 
 1.262980e+01  3.012275e-02 
 1.263012e+01  3.012275e-02 
 1.263045e+01  3.012275e-02 
 1.263077e+01  3.012275e-02 
 1.263109e+01  3.012275e-02 
 1.263141e+01  3.012276e-02 
 1.263173e+01  3.012276e-02 
 1.263205e+01  3.012276e-02 
 1.263238e+01  3.012276e-02 
 1.263270e+01  3.012276e-02 
 1.263302e+01  3.012277e-02 
 1.263334e+01  3.012277e-02 
 1.263366e+01  3.012277e-02 
 1.263398e+01  3.012277e-02 
 1.263430e+01  3.012277e-02 
 1.263463e+01  3.012277e-02 
 1.263495e+01  3.012277e-02 
 1.263527e+01  3.012278e-02 
 1.263559e+01  3.012278e-02 
 1.263591e+01  3.012278e-02 
 1.263623e+01  3.012278e-02 
 1.263656e+01  3.012278e-02 
 1.263688e+01  3.012278e-02 
 1.263720e+01  3.012278e-02 
 1.263752e+01  3.012278e-02 
 1.263784e+01  3.012279e-02 
 1.263816e+01  3.012279e-02 
 1.263848e+01  3.012279e-02 
 1.263881e+01  3.012279e-02 
 1.263913e+01  3.012279e-02 
 1.263945e+01  3.012279e-02 
 1.263977e+01  3.012279e-02 
 1.264009e+01  3.012279e-02 
 1.264041e+01  3.012279e-02 
 1.264074e+01  3.012279e-02 
 1.264106e+01  3.012279e-02 
 1.264138e+01  3.012279e-02 
 1.264170e+01  3.012279e-02 
 1.264202e+01  3.012279e-02 
 1.264234e+01  3.012279e-02 
 1.264266e+01  3.012279e-02 
 1.264299e+01  3.012280e-02 
 1.264331e+01  3.012280e-02 
 1.264363e+01  3.012280e-02 
 1.264395e+01  3.012280e-02 
 1.264427e+01  3.012280e-02 
 1.264459e+01  3.012280e-02 
 1.264492e+01  3.012280e-02 
 1.264524e+01  3.012279e-02 
 1.264556e+01  3.012279e-02 
 1.264588e+01  3.012279e-02 
 1.264620e+01  3.012279e-02 
 1.264652e+01  3.012279e-02 
 1.264685e+01  3.012279e-02 
 1.264717e+01  3.012279e-02 
 1.264749e+01  3.012279e-02 
 1.264781e+01  3.012279e-02 
 1.264813e+01  3.012279e-02 
 1.264845e+01  3.012279e-02 
 1.264877e+01  3.012279e-02 
 1.264910e+01  3.012279e-02 
 1.264942e+01  3.012279e-02 
 1.264974e+01  3.012279e-02 
 1.265006e+01  3.012278e-02 
 1.265038e+01  3.012278e-02 
 1.265070e+01  3.012278e-02 
 1.265103e+01  3.012278e-02 
 1.265135e+01  3.012278e-02 
 1.265167e+01  3.012278e-02 
 1.265199e+01  3.012278e-02 
 1.265231e+01  3.012277e-02 
 1.265263e+01  3.012277e-02 
 1.265295e+01  3.012277e-02 
 1.265328e+01  3.012277e-02 
 1.265360e+01  3.012277e-02 
 1.265392e+01  3.012277e-02 
 1.265424e+01  3.012276e-02 
 1.265456e+01  3.012276e-02 
 1.265488e+01  3.012276e-02 
 1.265521e+01  3.012276e-02 
 1.265553e+01  3.012275e-02 
 1.265585e+01  3.012275e-02 
 1.265617e+01  3.012275e-02 
 1.265649e+01  3.012275e-02 
 1.265681e+01  3.012275e-02 
 1.265714e+01  3.012274e-02 
 1.265746e+01  3.012274e-02 
 1.265778e+01  3.012274e-02 
 1.265810e+01  3.012273e-02 
 1.265842e+01  3.012273e-02 
 1.265874e+01  3.012273e-02 
 1.265906e+01  3.012273e-02 
 1.265939e+01  3.012272e-02 
 1.265971e+01  3.012272e-02 
 1.266003e+01  3.012272e-02 
 1.266035e+01  3.012271e-02 
 1.266067e+01  3.012271e-02 
 1.266099e+01  3.012271e-02 
 1.266132e+01  3.012270e-02 
 1.266164e+01  3.012270e-02 
 1.266196e+01  3.012270e-02 
 1.266228e+01  3.012269e-02 
 1.266260e+01  3.012269e-02 
 1.266292e+01  3.012269e-02 
 1.266324e+01  3.012268e-02 
 1.266357e+01  3.012268e-02 
 1.266389e+01  3.012267e-02 
 1.266421e+01  3.012267e-02 
 1.266453e+01  3.012267e-02 
 1.266485e+01  3.012266e-02 
 1.266517e+01  3.012266e-02 
 1.266550e+01  3.012265e-02 
 1.266582e+01  3.012265e-02 
 1.266614e+01  3.012265e-02 
 1.266646e+01  3.012264e-02 
 1.266678e+01  3.012264e-02 
 1.266710e+01  3.012263e-02 
 1.266742e+01  3.012263e-02 
 1.266775e+01  3.012262e-02 
 1.266807e+01  3.012262e-02 
 1.266839e+01  3.012261e-02 
 1.266871e+01  3.012261e-02 
 1.266903e+01  3.012260e-02 
 1.266935e+01  3.012260e-02 
 1.266968e+01  3.012259e-02 
 1.267000e+01  3.012259e-02 
 1.267032e+01  3.012258e-02 
 1.267064e+01  3.012258e-02 
 1.267096e+01  3.012257e-02 
 1.267128e+01  3.012257e-02 
 1.267161e+01  3.012256e-02 
 1.267193e+01  3.012256e-02 
 1.267225e+01  3.012255e-02 
 1.267257e+01  3.012255e-02 
 1.267289e+01  3.012254e-02 
 1.267321e+01  3.012254e-02 
 1.267353e+01  3.012253e-02 
 1.267386e+01  3.012252e-02 
 1.267418e+01  3.012252e-02 
 1.267450e+01  3.012251e-02 
 1.267482e+01  3.012251e-02 
 1.267514e+01  3.012250e-02 
 1.267546e+01  3.012249e-02 
 1.267579e+01  3.012249e-02 
 1.267611e+01  3.012248e-02 
 1.267643e+01  3.012248e-02 
 1.267675e+01  3.012247e-02 
 1.267707e+01  3.012246e-02 
 1.267739e+01  3.012246e-02 
 1.267771e+01  3.012245e-02 
 1.267804e+01  3.012244e-02 
 1.267836e+01  3.012244e-02 
 1.267868e+01  3.012243e-02 
 1.267900e+01  3.012243e-02 
 1.267932e+01  3.012242e-02 
 1.267964e+01  3.012241e-02 
 1.267997e+01  3.012240e-02 
 1.268029e+01  3.012240e-02 
 1.268061e+01  3.012239e-02 
 1.268093e+01  3.012238e-02 
 1.268125e+01  3.012238e-02 
 1.268157e+01  3.012237e-02 
 1.268189e+01  3.012236e-02 
 1.268222e+01  3.012236e-02 
 1.268254e+01  3.012235e-02 
 1.268286e+01  3.012234e-02 
 1.268318e+01  3.012233e-02 
 1.268350e+01  3.012233e-02 
 1.268382e+01  3.012232e-02 
 1.268415e+01  3.012231e-02 
 1.268447e+01  3.012231e-02 
 1.268479e+01  3.012230e-02 
 1.268511e+01  3.012229e-02 
 1.268543e+01  3.012228e-02 
 1.268575e+01  3.012228e-02 
 1.268608e+01  3.012227e-02 
 1.268640e+01  3.012226e-02 
 1.268672e+01  3.012225e-02 
 1.268704e+01  3.012224e-02 
 1.268736e+01  3.012224e-02 
 1.268768e+01  3.012223e-02 
 1.268800e+01  3.012222e-02 
 1.268833e+01  3.012221e-02 
 1.268865e+01  3.012221e-02 
 1.268897e+01  3.012220e-02 
 1.268929e+01  3.012219e-02 
 1.268961e+01  3.012218e-02 
 1.268993e+01  3.012217e-02 
 1.269026e+01  3.012216e-02 
 1.269058e+01  3.012216e-02 
 1.269090e+01  3.012215e-02 
 1.269122e+01  3.012214e-02 
 1.269154e+01  3.012213e-02 
 1.269186e+01  3.012212e-02 
 1.269218e+01  3.012211e-02 
 1.269251e+01  3.012210e-02 
 1.269283e+01  3.012210e-02 
 1.269315e+01  3.012209e-02 
 1.269347e+01  3.012208e-02 
 1.269379e+01  3.012207e-02 
 1.269411e+01  3.012206e-02 
 1.269444e+01  3.012205e-02 
 1.269476e+01  3.012204e-02 
 1.269508e+01  3.012203e-02 
 1.269540e+01  3.012202e-02 
 1.269572e+01  3.012201e-02 
 1.269604e+01  3.012200e-02 
 1.269636e+01  3.012199e-02 
 1.269669e+01  3.012198e-02 
 1.269701e+01  3.012197e-02 
 1.269733e+01  3.012196e-02 
 1.269765e+01  3.012195e-02 
 1.269797e+01  3.012194e-02 
 1.269829e+01  3.012193e-02 
 1.269862e+01  3.012192e-02 
 1.269894e+01  3.012191e-02 
 1.269926e+01  3.012190e-02 
 1.269958e+01  3.012189e-02 
 1.269990e+01  3.012188e-02 
 1.270022e+01  3.012187e-02 
 1.270055e+01  3.012186e-02 
 1.270087e+01  3.012185e-02 
 1.270119e+01  3.012184e-02 
 1.270151e+01  3.012183e-02 
 1.270183e+01  3.012182e-02 
 1.270215e+01  3.012181e-02 
 1.270247e+01  3.012180e-02 
 1.270280e+01  3.012179e-02 
 1.270312e+01  3.012178e-02 
 1.270344e+01  3.012176e-02 
 1.270376e+01  3.012175e-02 
 1.270408e+01  3.012174e-02 
 1.270440e+01  3.012173e-02 
 1.270473e+01  3.012172e-02 
 1.270505e+01  3.012171e-02 
 1.270537e+01  3.012170e-02 
 1.270569e+01  3.012168e-02 
 1.270601e+01  3.012167e-02 
 1.270633e+01  3.012166e-02 
 1.270665e+01  3.012165e-02 
 1.270698e+01  3.012164e-02 
 1.270730e+01  3.012162e-02 
 1.270762e+01  3.012161e-02 
 1.270794e+01  3.012160e-02 
 1.270826e+01  3.012159e-02 
 1.270858e+01  3.012157e-02 
 1.270891e+01  3.012156e-02 
 1.270923e+01  3.012155e-02 
 1.270955e+01  3.012154e-02 
 1.270987e+01  3.012152e-02 
 1.271019e+01  3.012151e-02 
 1.271051e+01  3.012150e-02 
 1.271083e+01  3.012149e-02 
 1.271116e+01  3.012147e-02 
 1.271148e+01  3.012146e-02 
 1.271180e+01  3.012145e-02 
 1.271212e+01  3.012143e-02 
 1.271244e+01  3.012142e-02 
 1.271276e+01  3.012141e-02 
 1.271309e+01  3.012139e-02 
 1.271341e+01  3.012138e-02 
 1.271373e+01  3.012137e-02 
 1.271405e+01  3.012135e-02 
 1.271437e+01  3.012134e-02 
 1.271469e+01  3.012133e-02 
 1.271502e+01  3.012131e-02 
 1.271534e+01  3.012130e-02 
 1.271566e+01  3.012129e-02 
 1.271598e+01  3.012127e-02 
 1.271630e+01  3.012126e-02 
 1.271662e+01  3.012125e-02 
 1.271694e+01  3.012123e-02 
 1.271727e+01  3.012122e-02 
 1.271759e+01  3.012120e-02 
 1.271791e+01  3.012119e-02 
 1.271823e+01  3.012118e-02 
 1.271855e+01  3.012116e-02 
 1.271887e+01  3.012115e-02 
 1.271920e+01  3.012113e-02 
 1.271952e+01  3.012112e-02 
 1.271984e+01  3.012110e-02 
 1.272016e+01  3.012109e-02 
 1.272048e+01  3.012107e-02 
 1.272080e+01  3.012106e-02 
 1.272112e+01  3.012105e-02 
 1.272145e+01  3.012103e-02 
 1.272177e+01  3.012102e-02 
 1.272209e+01  3.012100e-02 
 1.272241e+01  3.012099e-02 
 1.272273e+01  3.012097e-02 
 1.272305e+01  3.012096e-02 
 1.272338e+01  3.012094e-02 
 1.272370e+01  3.012093e-02 
 1.272402e+01  3.012091e-02 
 1.272434e+01  3.012090e-02 
 1.272466e+01  3.012088e-02 
 1.272498e+01  3.012087e-02 
 1.272530e+01  3.012085e-02 
 1.272563e+01  3.012083e-02 
 1.272595e+01  3.012082e-02 
 1.272627e+01  3.012080e-02 
 1.272659e+01  3.012079e-02 
 1.272691e+01  3.012077e-02 
 1.272723e+01  3.012076e-02 
 1.272756e+01  3.012074e-02 
 1.272788e+01  3.012072e-02 
 1.272820e+01  3.012071e-02 
 1.272852e+01  3.012069e-02 
 1.272884e+01  3.012068e-02 
 1.272916e+01  3.012066e-02 
 1.272949e+01  3.012064e-02 
 1.272981e+01  3.012063e-02 
 1.273013e+01  3.012061e-02 
 1.273045e+01  3.012060e-02 
 1.273077e+01  3.012058e-02 
 1.273109e+01  3.012056e-02 
 1.273141e+01  3.012055e-02 
 1.273174e+01  3.012053e-02 
 1.273206e+01  3.012051e-02 
 1.273238e+01  3.012050e-02 
 1.273270e+01  3.012048e-02 
 1.273302e+01  3.012046e-02 
 1.273334e+01  3.012045e-02 
 1.273367e+01  3.012043e-02 
 1.273399e+01  3.012041e-02 
 1.273431e+01  3.012039e-02 
 1.273463e+01  3.012038e-02 
 1.273495e+01  3.012036e-02 
 1.273527e+01  3.012034e-02 
 1.273559e+01  3.012033e-02 
 1.273592e+01  3.012031e-02 
 1.273624e+01  3.012029e-02 
 1.273656e+01  3.012027e-02 
 1.273688e+01  3.012026e-02 
 1.273720e+01  3.012024e-02 
 1.273752e+01  3.012022e-02 
 1.273785e+01  3.012020e-02 
 1.273817e+01  3.012019e-02 
 1.273849e+01  3.012017e-02 
 1.273881e+01  3.012015e-02 
 1.273913e+01  3.012013e-02 
 1.273945e+01  3.012011e-02 
 1.273977e+01  3.012010e-02 
 1.274010e+01  3.012008e-02 
 1.274042e+01  3.012006e-02 
 1.274074e+01  3.012004e-02 
 1.274106e+01  3.012002e-02 
 1.274138e+01  3.012001e-02 
 1.274170e+01  3.011999e-02 
 1.274203e+01  3.011997e-02 
 1.274235e+01  3.011995e-02 
 1.274267e+01  3.011993e-02 
 1.274299e+01  3.011991e-02 
 1.274331e+01  3.011989e-02 
 1.274363e+01  3.011988e-02 
 1.274396e+01  3.011986e-02 
 1.274428e+01  3.011984e-02 
 1.274460e+01  3.011982e-02 
 1.274492e+01  3.011980e-02 
 1.274524e+01  3.011978e-02 
 1.274556e+01  3.011976e-02 
 1.274588e+01  3.011974e-02 
 1.274621e+01  3.011972e-02 
 1.274653e+01  3.011971e-02 
 1.274685e+01  3.011969e-02 
 1.274717e+01  3.011967e-02 
 1.274749e+01  3.011965e-02 
 1.274781e+01  3.011963e-02 
 1.274814e+01  3.011961e-02 
 1.274846e+01  3.011959e-02 
 1.274878e+01  3.011957e-02 
 1.274910e+01  3.011955e-02 
 1.274942e+01  3.011953e-02 
 1.274974e+01  3.011951e-02 
 1.275006e+01  3.011949e-02 
 1.275039e+01  3.011947e-02 
 1.275071e+01  3.011945e-02 
 1.275103e+01  3.011943e-02 
 1.275135e+01  3.011941e-02 
 1.275167e+01  3.011939e-02 
 1.275199e+01  3.011937e-02 
 1.275232e+01  3.011935e-02 
 1.275264e+01  3.011933e-02 
 1.275296e+01  3.011931e-02 
 1.275328e+01  3.011929e-02 
 1.275360e+01  3.011927e-02 
 1.275392e+01  3.011925e-02 
 1.275424e+01  3.011923e-02 
 1.275457e+01  3.011921e-02 
 1.275489e+01  3.011919e-02 
 1.275521e+01  3.011917e-02 
 1.275553e+01  3.011915e-02 
 1.275585e+01  3.011913e-02 
 1.275617e+01  3.011911e-02 
 1.275650e+01  3.011909e-02 
 1.275682e+01  3.011907e-02 
 1.275714e+01  3.011905e-02 
 1.275746e+01  3.011903e-02 
 1.275778e+01  3.011901e-02 
 1.275810e+01  3.011899e-02 
 1.275843e+01  3.011897e-02 
 1.275875e+01  3.011895e-02 
 1.275907e+01  3.011893e-02 
 1.275939e+01  3.011891e-02 
 1.275971e+01  3.011889e-02 
 1.276003e+01  3.011886e-02 
 1.276035e+01  3.011884e-02 
 1.276068e+01  3.011882e-02 
 1.276100e+01  3.011880e-02 
 1.276132e+01  3.011878e-02 
 1.276164e+01  3.011876e-02 
 1.276196e+01  3.011874e-02 
 1.276228e+01  3.011872e-02 
 1.276261e+01  3.011870e-02 
 1.276293e+01  3.011868e-02 
 1.276325e+01  3.011866e-02 
 1.276357e+01  3.011864e-02 
 1.276389e+01  3.011862e-02 
 1.276421e+01  3.011859e-02 
 1.276453e+01  3.011857e-02 
 1.276486e+01  3.011855e-02 
 1.276518e+01  3.011853e-02 
 1.276550e+01  3.011851e-02 
 1.276582e+01  3.011849e-02 
 1.276614e+01  3.011847e-02 
 1.276646e+01  3.011845e-02 
 1.276679e+01  3.011843e-02 
 1.276711e+01  3.011841e-02 
 1.276743e+01  3.011839e-02 
 1.276775e+01  3.011837e-02 
 1.276807e+01  3.011835e-02 
 1.276839e+01  3.011833e-02 
 1.276871e+01  3.011830e-02 
 1.276904e+01  3.011828e-02 
 1.276936e+01  3.011826e-02 
 1.276968e+01  3.011824e-02 
 1.277000e+01  3.011822e-02 
 1.277032e+01  3.011820e-02 
 1.277064e+01  3.011818e-02 
 1.277097e+01  3.011816e-02 
 1.277129e+01  3.011814e-02 
 1.277161e+01  3.011812e-02 
 1.277193e+01  3.011810e-02 
 1.277225e+01  3.011808e-02 
 1.277257e+01  3.011806e-02 
 1.277290e+01  3.011804e-02 
 1.277322e+01  3.011802e-02 
 1.277354e+01  3.011800e-02 
 1.277386e+01  3.011798e-02 
 1.277418e+01  3.011796e-02 
 1.277450e+01  3.011794e-02 
 1.277482e+01  3.011792e-02 
 1.277515e+01  3.011790e-02 
 1.277547e+01  3.011788e-02 
 1.277579e+01  3.011786e-02 
 1.277611e+01  3.011784e-02 
 1.277643e+01  3.011782e-02 
 1.277675e+01  3.011780e-02 
 1.277708e+01  3.011778e-02 
 1.277740e+01  3.011776e-02 
 1.277772e+01  3.011774e-02 
 1.277804e+01  3.011772e-02 
 1.277836e+01  3.011770e-02 
 1.277868e+01  3.011768e-02 
 1.277900e+01  3.011766e-02 
 1.277933e+01  3.011764e-02 
 1.277965e+01  3.011762e-02 
 1.277997e+01  3.011760e-02 
 1.278029e+01  3.011758e-02 
 1.278061e+01  3.011756e-02 
 1.278093e+01  3.011754e-02 
 1.278126e+01  3.011752e-02 
 1.278158e+01  3.011750e-02 
 1.278190e+01  3.011748e-02 
 1.278222e+01  3.011746e-02 
 1.278254e+01  3.011744e-02 
 1.278286e+01  3.011742e-02 
 1.278319e+01  3.011740e-02 
 1.278351e+01  3.011738e-02 
 1.278383e+01  3.011736e-02 
 1.278415e+01  3.011734e-02 
 1.278447e+01  3.011732e-02 
 1.278479e+01  3.011731e-02 
 1.278511e+01  3.011729e-02 
 1.278544e+01  3.011727e-02 
 1.278576e+01  3.011725e-02 
 1.278608e+01  3.011723e-02 
 1.278640e+01  3.011721e-02 
 1.278672e+01  3.011719e-02 
 1.278704e+01  3.011717e-02 
 1.278737e+01  3.011716e-02 
 1.278769e+01  3.011714e-02 
 1.278801e+01  3.011712e-02 
 1.278833e+01  3.011710e-02 
 1.278865e+01  3.011708e-02 
 1.278897e+01  3.011706e-02 
 1.278929e+01  3.011704e-02 
 1.278962e+01  3.011703e-02 
 1.278994e+01  3.011701e-02 
 1.279026e+01  3.011699e-02 
 1.279058e+01  3.011697e-02 
 1.279090e+01  3.011695e-02 
 1.279122e+01  3.011694e-02 
 1.279155e+01  3.011692e-02 
 1.279187e+01  3.011690e-02 
 1.279219e+01  3.011688e-02 
 1.279251e+01  3.011687e-02 
 1.279283e+01  3.011685e-02 
 1.279315e+01  3.011683e-02 
 1.279347e+01  3.011681e-02 
 1.279380e+01  3.011680e-02 
 1.279412e+01  3.011678e-02 
 1.279444e+01  3.011676e-02 
 1.279476e+01  3.011674e-02 
 1.279508e+01  3.011673e-02 
 1.279540e+01  3.011671e-02 
 1.279573e+01  3.011669e-02 
 1.279605e+01  3.011668e-02 
 1.279637e+01  3.011666e-02 
 1.279669e+01  3.011664e-02 
 1.279701e+01  3.011663e-02 
 1.279733e+01  3.011661e-02 
 1.279766e+01  3.011659e-02 
 1.279798e+01  3.011658e-02 
 1.279830e+01  3.011656e-02 
 1.279862e+01  3.011654e-02 
 1.279894e+01  3.011653e-02 
 1.279926e+01  3.011651e-02 
 1.279958e+01  3.011650e-02 
 1.279991e+01  3.011648e-02 
 1.280023e+01  3.011646e-02 
 1.280055e+01  3.011645e-02 
 1.280087e+01  3.011643e-02 
 1.280119e+01  3.011642e-02 
 1.280151e+01  3.011640e-02 
 1.280184e+01  3.011638e-02 
 1.280216e+01  3.011637e-02 
 1.280248e+01  3.011635e-02 
 1.280280e+01  3.011634e-02 
 1.280312e+01  3.011632e-02 
 1.280344e+01  3.011631e-02 
 1.280376e+01  3.011629e-02 
 1.280409e+01  3.011628e-02 
 1.280441e+01  3.011626e-02 
 1.280473e+01  3.011625e-02 
 1.280505e+01  3.011623e-02 
 1.280537e+01  3.011622e-02 
 1.280569e+01  3.011620e-02 
 1.280602e+01  3.011619e-02 
 1.280634e+01  3.011618e-02 
 1.280666e+01  3.011616e-02 
 1.280698e+01  3.011615e-02 
 1.280730e+01  3.011613e-02 
 1.280762e+01  3.011612e-02 
 1.280794e+01  3.011611e-02 
 1.280827e+01  3.011609e-02 
 1.280859e+01  3.011608e-02 
 1.280891e+01  3.011606e-02 
 1.280923e+01  3.011605e-02 
 1.280955e+01  3.011604e-02 
 1.280987e+01  3.011602e-02 
 1.281020e+01  3.011601e-02 
 1.281052e+01  3.011600e-02 
 1.281084e+01  3.011598e-02 
 1.281116e+01  3.011597e-02 
 1.281148e+01  3.011596e-02 
 1.281180e+01  3.011594e-02 
 1.281213e+01  3.011593e-02 
 1.281245e+01  3.011592e-02 
 1.281277e+01  3.011591e-02 
 1.281309e+01  3.011589e-02 
 1.281341e+01  3.011588e-02 
 1.281373e+01  3.011587e-02 
 1.281405e+01  3.011586e-02 
 1.281438e+01  3.011584e-02 
 1.281470e+01  3.011583e-02 
 1.281502e+01  3.011582e-02 
 1.281534e+01  3.011581e-02 
 1.281566e+01  3.011579e-02 
 1.281598e+01  3.011578e-02 
 1.281631e+01  3.011577e-02 
 1.281663e+01  3.011576e-02 
 1.281695e+01  3.011575e-02 
 1.281727e+01  3.011574e-02 
 1.281759e+01  3.011572e-02 
 1.281791e+01  3.011571e-02 
 1.281823e+01  3.011570e-02 
 1.281856e+01  3.011569e-02 
 1.281888e+01  3.011568e-02 
 1.281920e+01  3.011567e-02 
 1.281952e+01  3.011566e-02 
 1.281984e+01  3.011565e-02 
 1.282016e+01  3.011563e-02 
 1.282049e+01  3.011562e-02 
 1.282081e+01  3.011561e-02 
 1.282113e+01  3.011560e-02 
 1.282145e+01  3.011559e-02 
 1.282177e+01  3.011558e-02 
 1.282209e+01  3.011557e-02 
 1.282241e+01  3.011556e-02 
 1.282274e+01  3.011555e-02 
 1.282306e+01  3.011554e-02 
 1.282338e+01  3.011553e-02 
 1.282370e+01  3.011552e-02 
 1.282402e+01  3.011551e-02 
 1.282434e+01  3.011550e-02 
 1.282467e+01  3.011549e-02 
 1.282499e+01  3.011548e-02 
 1.282531e+01  3.011547e-02 
 1.282563e+01  3.011546e-02 
 1.282595e+01  3.011545e-02 
 1.282627e+01  3.011544e-02 
 1.282660e+01  3.011543e-02 
 1.282692e+01  3.011542e-02 
 1.282724e+01  3.011541e-02 
 1.282756e+01  3.011540e-02 
 1.282788e+01  3.011539e-02 
 1.282820e+01  3.011538e-02 
 1.282852e+01  3.011537e-02 
 1.282885e+01  3.011536e-02 
 1.282917e+01  3.011535e-02 
 1.282949e+01  3.011534e-02 
 1.282981e+01  3.011533e-02 
 1.283013e+01  3.011532e-02 
 1.283045e+01  3.011531e-02 
 1.283078e+01  3.011530e-02 
 1.283110e+01  3.011529e-02 
 1.283142e+01  3.011529e-02 
 1.283174e+01  3.011528e-02 
 1.283206e+01  3.011527e-02 
 1.283238e+01  3.011526e-02 
 1.283270e+01  3.011525e-02 
 1.283303e+01  3.011524e-02 
 1.283335e+01  3.011523e-02 
 1.283367e+01  3.011522e-02 
 1.283399e+01  3.011522e-02 
 1.283431e+01  3.011521e-02 
 1.283463e+01  3.011520e-02 
 1.283496e+01  3.011519e-02 
 1.283528e+01  3.011518e-02 
 1.283560e+01  3.011517e-02 
 1.283592e+01  3.011517e-02 
 1.283624e+01  3.011516e-02 
 1.283656e+01  3.011515e-02 
 1.283688e+01  3.011514e-02 
 1.283721e+01  3.011513e-02 
 1.283753e+01  3.011513e-02 
 1.283785e+01  3.011512e-02 
 1.283817e+01  3.011511e-02 
 1.283849e+01  3.011510e-02 
 1.283881e+01  3.011509e-02 
 1.283914e+01  3.011509e-02 
 1.283946e+01  3.011508e-02 
 1.283978e+01  3.011507e-02 
 1.284010e+01  3.011506e-02 
 1.284042e+01  3.011506e-02 
 1.284074e+01  3.011505e-02 
 1.284107e+01  3.011504e-02 
 1.284139e+01  3.011503e-02 
 1.284171e+01  3.011503e-02 
 1.284203e+01  3.011502e-02 
 1.284235e+01  3.011501e-02 
 1.284267e+01  3.011501e-02 
 1.284299e+01  3.011500e-02 
 1.284332e+01  3.011499e-02 
 1.284364e+01  3.011499e-02 
 1.284396e+01  3.011498e-02 
 1.284428e+01  3.011497e-02 
 1.284460e+01  3.011497e-02 
 1.284492e+01  3.011496e-02 
 1.284525e+01  3.011495e-02 
 1.284557e+01  3.011495e-02 
 1.284589e+01  3.011494e-02 
 1.284621e+01  3.011493e-02 
 1.284653e+01  3.011493e-02 
 1.284685e+01  3.011492e-02 
 1.284717e+01  3.011491e-02 
 1.284750e+01  3.011491e-02 
 1.284782e+01  3.011490e-02 
 1.284814e+01  3.011490e-02 
 1.284846e+01  3.011489e-02 
 1.284878e+01  3.011488e-02 
 1.284910e+01  3.011488e-02 
 1.284943e+01  3.011487e-02 
 1.284975e+01  3.011487e-02 
 1.285007e+01  3.011486e-02 
 1.285039e+01  3.011486e-02 
 1.285071e+01  3.011485e-02 
 1.285103e+01  3.011485e-02 
 1.285135e+01  3.011484e-02 
 1.285168e+01  3.011483e-02 
 1.285200e+01  3.011483e-02 
 1.285232e+01  3.011482e-02 
 1.285264e+01  3.011482e-02 
 1.285296e+01  3.011481e-02 
 1.285328e+01  3.011481e-02 
 1.285361e+01  3.011480e-02 
 1.285393e+01  3.011480e-02 
 1.285425e+01  3.011479e-02 
 1.285457e+01  3.011479e-02 
 1.285489e+01  3.011479e-02 
 1.285521e+01  3.011478e-02 
 1.285554e+01  3.011478e-02 
 1.285586e+01  3.011477e-02 
 1.285618e+01  3.011477e-02 
 1.285650e+01  3.011476e-02 
 1.285682e+01  3.011476e-02 
 1.285714e+01  3.011475e-02 
 1.285746e+01  3.011475e-02 
 1.285779e+01  3.011475e-02 
 1.285811e+01  3.011474e-02 
 1.285843e+01  3.011474e-02 
 1.285875e+01  3.011473e-02 
 1.285907e+01  3.011473e-02 
 1.285939e+01  3.011473e-02 
 1.285972e+01  3.011472e-02 
 1.286004e+01  3.011472e-02 
 1.286036e+01  3.011472e-02 
 1.286068e+01  3.011471e-02 
 1.286100e+01  3.011471e-02 
 1.286132e+01  3.011471e-02 
 1.286164e+01  3.011470e-02 
 1.286197e+01  3.011470e-02 
 1.286229e+01  3.011470e-02 
 1.286261e+01  3.011469e-02 
 1.286293e+01  3.011469e-02 
 1.286325e+01  3.011469e-02 
 1.286357e+01  3.011468e-02 
 1.286390e+01  3.011468e-02 
 1.286422e+01  3.011468e-02 
 1.286454e+01  3.011467e-02 
 1.286486e+01  3.011467e-02 
 1.286518e+01  3.011467e-02 
 1.286550e+01  3.011467e-02 
 1.286582e+01  3.011466e-02 
 1.286615e+01  3.011466e-02 
 1.286647e+01  3.011466e-02 
 1.286679e+01  3.011466e-02 
 1.286711e+01  3.011466e-02 
 1.286743e+01  3.011465e-02 
 1.286775e+01  3.011465e-02 
 1.286808e+01  3.011465e-02 
 1.286840e+01  3.011465e-02 
 1.286872e+01  3.011465e-02 
 1.286904e+01  3.011464e-02 
 1.286936e+01  3.011464e-02 
 1.286968e+01  3.011464e-02 
 1.287001e+01  3.011464e-02 
 1.287033e+01  3.011464e-02 
 1.287065e+01  3.011464e-02 
 1.287097e+01  3.011463e-02 
 1.287129e+01  3.011463e-02 
 1.287161e+01  3.011463e-02 
 1.287193e+01  3.011463e-02 
 1.287226e+01  3.011463e-02 
 1.287258e+01  3.011463e-02 
 1.287290e+01  3.011463e-02 
 1.287322e+01  3.011463e-02 
 1.287354e+01  3.011463e-02 
 1.287386e+01  3.011462e-02 
 1.287419e+01  3.011462e-02 
 1.287451e+01  3.011462e-02 
 1.287483e+01  3.011462e-02 
 1.287515e+01  3.011462e-02 
 1.287547e+01  3.011462e-02 
 1.287579e+01  3.011462e-02 
 1.287611e+01  3.011462e-02 
 1.287644e+01  3.011462e-02 
 1.287676e+01  3.011462e-02 
 1.287708e+01  3.011462e-02 
 1.287740e+01  3.011462e-02 
 1.287772e+01  3.011462e-02 
 1.287804e+01  3.011462e-02 
 1.287837e+01  3.011462e-02 
 1.287869e+01  3.011462e-02 
 1.287901e+01  3.011462e-02 
 1.287933e+01  3.011462e-02 
 1.287965e+01  3.011462e-02 
 1.287997e+01  3.011462e-02 
 1.288029e+01  3.011462e-02 
 1.288062e+01  3.011462e-02 
 1.288094e+01  3.011462e-02 
 1.288126e+01  3.011462e-02 
 1.288158e+01  3.011462e-02 
 1.288190e+01  3.011463e-02 
 1.288222e+01  3.011463e-02 
 1.288255e+01  3.011463e-02 
 1.288287e+01  3.011463e-02 
 1.288319e+01  3.011463e-02 
 1.288351e+01  3.011463e-02 
 1.288383e+01  3.011463e-02 
 1.288415e+01  3.011463e-02 
 1.288448e+01  3.011463e-02 
 1.288480e+01  3.011464e-02 
 1.288512e+01  3.011464e-02 
 1.288544e+01  3.011464e-02 
 1.288576e+01  3.011464e-02 
 1.288608e+01  3.011464e-02 
 1.288640e+01  3.011464e-02 
 1.288673e+01  3.011465e-02 
 1.288705e+01  3.011465e-02 
 1.288737e+01  3.011465e-02 
 1.288769e+01  3.011465e-02 
 1.288801e+01  3.011465e-02 
 1.288833e+01  3.011466e-02 
 1.288866e+01  3.011466e-02 
 1.288898e+01  3.011466e-02 
 1.288930e+01  3.011466e-02 
 1.288962e+01  3.011467e-02 
 1.288994e+01  3.011467e-02 
 1.289026e+01  3.011467e-02 
 1.289058e+01  3.011467e-02 
 1.289091e+01  3.011468e-02 
 1.289123e+01  3.011468e-02 
 1.289155e+01  3.011468e-02 
 1.289187e+01  3.011469e-02 
 1.289219e+01  3.011469e-02 
 1.289251e+01  3.011469e-02 
 1.289284e+01  3.011470e-02 
 1.289316e+01  3.011470e-02 
 1.289348e+01  3.011470e-02 
 1.289380e+01  3.011471e-02 
 1.289412e+01  3.011471e-02 
 1.289444e+01  3.011472e-02 
 1.289476e+01  3.011472e-02 
 1.289509e+01  3.011472e-02 
 1.289541e+01  3.011473e-02 
 1.289573e+01  3.011473e-02 
 1.289605e+01  3.011474e-02 
 1.289637e+01  3.011474e-02 
 1.289669e+01  3.011475e-02 
 1.289702e+01  3.011475e-02 
 1.289734e+01  3.011476e-02 
 1.289766e+01  3.011476e-02 
 1.289798e+01  3.011477e-02 
 1.289830e+01  3.011477e-02 
 1.289862e+01  3.011478e-02 
 1.289895e+01  3.011478e-02 
 1.289927e+01  3.011479e-02 
 1.289959e+01  3.011479e-02 
 1.289991e+01  3.011480e-02 
 1.290023e+01  3.011480e-02 
 1.290055e+01  3.011481e-02 
 1.290087e+01  3.011482e-02 
 1.290120e+01  3.011482e-02 
 1.290152e+01  3.011483e-02 
 1.290184e+01  3.011483e-02 
 1.290216e+01  3.011484e-02 
 1.290248e+01  3.011485e-02 
 1.290280e+01  3.011485e-02 
 1.290313e+01  3.011486e-02 
 1.290345e+01  3.011487e-02 
 1.290377e+01  3.011488e-02 
 1.290409e+01  3.011488e-02 
 1.290441e+01  3.011489e-02 
 1.290473e+01  3.011490e-02 
 1.290505e+01  3.011491e-02 
 1.290538e+01  3.011491e-02 
 1.290570e+01  3.011492e-02 
 1.290602e+01  3.011493e-02 
 1.290634e+01  3.011494e-02 
 1.290666e+01  3.011494e-02 
 1.290698e+01  3.011495e-02 
 1.290731e+01  3.011496e-02 
 1.290763e+01  3.011497e-02 
 1.290795e+01  3.011498e-02 
 1.290827e+01  3.011499e-02 
 1.290859e+01  3.011500e-02 
 1.290891e+01  3.011501e-02 
 1.290923e+01  3.011501e-02 
 1.290956e+01  3.011502e-02 
 1.290988e+01  3.011503e-02 
 1.291020e+01  3.011504e-02 
 1.291052e+01  3.011505e-02 
 1.291084e+01  3.011506e-02 
 1.291116e+01  3.011507e-02 
 1.291149e+01  3.011508e-02 
 1.291181e+01  3.011509e-02 
 1.291213e+01  3.011510e-02 
 1.291245e+01  3.011511e-02 
 1.291277e+01  3.011512e-02 
 1.291309e+01  3.011513e-02 
 1.291342e+01  3.011514e-02 
 1.291374e+01  3.011515e-02 
 1.291406e+01  3.011516e-02 
 1.291438e+01  3.011518e-02 
 1.291470e+01  3.011519e-02 
 1.291502e+01  3.011520e-02 
 1.291534e+01  3.011521e-02 
 1.291567e+01  3.011522e-02 
 1.291599e+01  3.011523e-02 
 1.291631e+01  3.011524e-02 
 1.291663e+01  3.011526e-02 
 1.291695e+01  3.011527e-02 
 1.291727e+01  3.011528e-02 
 1.291760e+01  3.011529e-02 
 1.291792e+01  3.011530e-02 
 1.291824e+01  3.011532e-02 
 1.291856e+01  3.011533e-02 
 1.291888e+01  3.011534e-02 
 1.291920e+01  3.011535e-02 
 1.291952e+01  3.011537e-02 
 1.291985e+01  3.011538e-02 
 1.292017e+01  3.011539e-02 
 1.292049e+01  3.011541e-02 
 1.292081e+01  3.011542e-02 
 1.292113e+01  3.011543e-02 
 1.292145e+01  3.011545e-02 
 1.292178e+01  3.011546e-02 
 1.292210e+01  3.011547e-02 
 1.292242e+01  3.011549e-02 
 1.292274e+01  3.011550e-02 
 1.292306e+01  3.011551e-02 
 1.292338e+01  3.011553e-02 
 1.292371e+01  3.011554e-02 
 1.292403e+01  3.011556e-02 
 1.292435e+01  3.011557e-02 
 1.292467e+01  3.011559e-02 
 1.292499e+01  3.011560e-02 
 1.292531e+01  3.011562e-02 
 1.292563e+01  3.011563e-02 
 1.292596e+01  3.011565e-02 
 1.292628e+01  3.011566e-02 
 1.292660e+01  3.011568e-02 
 1.292692e+01  3.011569e-02 
 1.292724e+01  3.011571e-02 
 1.292756e+01  3.011572e-02 
 1.292789e+01  3.011574e-02 
 1.292821e+01  3.011575e-02 
 1.292853e+01  3.011577e-02 
 1.292885e+01  3.011579e-02 
 1.292917e+01  3.011580e-02 
 1.292949e+01  3.011582e-02 
 1.292981e+01  3.011583e-02 
 1.293014e+01  3.011585e-02 
 1.293046e+01  3.011587e-02 
 1.293078e+01  3.011588e-02 
 1.293110e+01  3.011590e-02 
 1.293142e+01  3.011592e-02 
 1.293174e+01  3.011593e-02 
 1.293207e+01  3.011595e-02 
 1.293239e+01  3.011597e-02 
 1.293271e+01  3.011598e-02 
 1.293303e+01  3.011600e-02 
 1.293335e+01  3.011602e-02 
 1.293367e+01  3.011603e-02 
 1.293399e+01  3.011605e-02 
 1.293432e+01  3.011607e-02 
 1.293464e+01  3.011609e-02 
 1.293496e+01  3.011610e-02 
 1.293528e+01  3.011612e-02 
 1.293560e+01  3.011614e-02 
 1.293592e+01  3.011616e-02 
 1.293625e+01  3.011618e-02 
 1.293657e+01  3.011619e-02 
 1.293689e+01  3.011621e-02 
 1.293721e+01  3.011623e-02 
 1.293753e+01  3.011625e-02 
 1.293785e+01  3.011627e-02 
 1.293818e+01  3.011628e-02 
 1.293850e+01  3.011630e-02 
 1.293882e+01  3.011632e-02 
 1.293914e+01  3.011634e-02 
 1.293946e+01  3.011636e-02 
 1.293978e+01  3.011638e-02 
 1.294010e+01  3.011640e-02 
 1.294043e+01  3.011641e-02 
 1.294075e+01  3.011643e-02 
 1.294107e+01  3.011645e-02 
 1.294139e+01  3.011647e-02 
 1.294171e+01  3.011649e-02 
 1.294203e+01  3.011651e-02 
 1.294236e+01  3.011653e-02 
 1.294268e+01  3.011655e-02 
 1.294300e+01  3.011657e-02 
 1.294332e+01  3.011659e-02 
 1.294364e+01  3.011661e-02 
 1.294396e+01  3.011663e-02 
 1.294428e+01  3.011664e-02 
 1.294461e+01  3.011666e-02 
 1.294493e+01  3.011668e-02 
 1.294525e+01  3.011670e-02 
 1.294557e+01  3.011672e-02 
 1.294589e+01  3.011674e-02 
 1.294621e+01  3.011676e-02 
 1.294654e+01  3.011678e-02 
 1.294686e+01  3.011680e-02 
 1.294718e+01  3.011682e-02 
 1.294750e+01  3.011684e-02 
 1.294782e+01  3.011686e-02 
 1.294814e+01  3.011688e-02 
 1.294846e+01  3.011690e-02 
 1.294879e+01  3.011692e-02 
 1.294911e+01  3.011694e-02 
 1.294943e+01  3.011696e-02 
 1.294975e+01  3.011698e-02 
 1.295007e+01  3.011700e-02 
 1.295039e+01  3.011702e-02 
 1.295072e+01  3.011704e-02 
 1.295104e+01  3.011706e-02 
 1.295136e+01  3.011708e-02 
 1.295168e+01  3.011710e-02 
 1.295200e+01  3.011712e-02 
 1.295232e+01  3.011714e-02 
 1.295265e+01  3.011717e-02 
 1.295297e+01  3.011719e-02 
 1.295329e+01  3.011721e-02 
 1.295361e+01  3.011723e-02 
 1.295393e+01  3.011725e-02 
 1.295425e+01  3.011727e-02 
 1.295457e+01  3.011729e-02 
 1.295490e+01  3.011731e-02 
 1.295522e+01  3.011733e-02 
 1.295554e+01  3.011735e-02 
 1.295586e+01  3.011737e-02 
 1.295618e+01  3.011739e-02 
 1.295650e+01  3.011741e-02 
 1.295683e+01  3.011743e-02 
 1.295715e+01  3.011745e-02 
 1.295747e+01  3.011748e-02 
 1.295779e+01  3.011750e-02 
 1.295811e+01  3.011752e-02 
 1.295843e+01  3.011754e-02 
 1.295875e+01  3.011756e-02 
 1.295908e+01  3.011758e-02 
 1.295940e+01  3.011760e-02 
 1.295972e+01  3.011762e-02 
 1.296004e+01  3.011764e-02 
 1.296036e+01  3.011766e-02 
 1.296068e+01  3.011768e-02 
 1.296101e+01  3.011770e-02 
 1.296133e+01  3.011772e-02 
 1.296165e+01  3.011775e-02 
 1.296197e+01  3.011777e-02 
 1.296229e+01  3.011779e-02 
 1.296261e+01  3.011781e-02 
 1.296293e+01  3.011783e-02 
 1.296326e+01  3.011785e-02 
 1.296358e+01  3.011787e-02 
 1.296390e+01  3.011789e-02 
 1.296422e+01  3.011791e-02 
 1.296454e+01  3.011793e-02 
 1.296486e+01  3.011795e-02 
 1.296519e+01  3.011798e-02 
 1.296551e+01  3.011800e-02 
 1.296583e+01  3.011802e-02 
 1.296615e+01  3.011804e-02 
 1.296647e+01  3.011806e-02 
 1.296679e+01  3.011808e-02 
 1.296712e+01  3.011810e-02 
 1.296744e+01  3.011812e-02 
 1.296776e+01  3.011814e-02 
 1.296808e+01  3.011816e-02 
 1.296840e+01  3.011818e-02 
 1.296872e+01  3.011820e-02 
 1.296904e+01  3.011823e-02 
 1.296937e+01  3.011825e-02 
 1.296969e+01  3.011827e-02 
 1.297001e+01  3.011829e-02 
 1.297033e+01  3.011831e-02 
 1.297065e+01  3.011833e-02 
 1.297097e+01  3.011835e-02 
 1.297130e+01  3.011837e-02 
 1.297162e+01  3.011839e-02 
 1.297194e+01  3.011841e-02 
 1.297226e+01  3.011843e-02 
 1.297258e+01  3.011846e-02 
 1.297290e+01  3.011848e-02 
 1.297322e+01  3.011850e-02 
 1.297355e+01  3.011852e-02 
 1.297387e+01  3.011854e-02 
 1.297419e+01  3.011856e-02 
 1.297451e+01  3.011858e-02 
 1.297483e+01  3.011860e-02 
 1.297515e+01  3.011862e-02 
 1.297548e+01  3.011864e-02 
 1.297580e+01  3.011866e-02 
 1.297612e+01  3.011869e-02 
 1.297644e+01  3.011871e-02 
 1.297676e+01  3.011873e-02 
 1.297708e+01  3.011875e-02 
 1.297740e+01  3.011877e-02 
 1.297773e+01  3.011879e-02 
 1.297805e+01  3.011881e-02 
 1.297837e+01  3.011883e-02 
 1.297869e+01  3.011885e-02 
 1.297901e+01  3.011888e-02 
 1.297933e+01  3.011890e-02 
 1.297966e+01  3.011892e-02 
 1.297998e+01  3.011894e-02 
 1.298030e+01  3.011896e-02 
 1.298062e+01  3.011898e-02 
 1.298094e+01  3.011900e-02 
 1.298126e+01  3.011902e-02 
 1.298159e+01  3.011905e-02 
 1.298191e+01  3.011907e-02 
 1.298223e+01  3.011909e-02 
 1.298255e+01  3.011911e-02 
 1.298287e+01  3.011913e-02 
 1.298319e+01  3.011915e-02 
 1.298351e+01  3.011917e-02 
 1.298384e+01  3.011920e-02 
 1.298416e+01  3.011922e-02 
 1.298448e+01  3.011924e-02 
 1.298480e+01  3.011926e-02 
 1.298512e+01  3.011928e-02 
 1.298544e+01  3.011930e-02 
 1.298577e+01  3.011932e-02 
 1.298609e+01  3.011935e-02 
 1.298641e+01  3.011937e-02 
 1.298673e+01  3.011939e-02 
 1.298705e+01  3.011941e-02 
 1.298737e+01  3.011943e-02 
 1.298769e+01  3.011945e-02 
 1.298802e+01  3.011947e-02 
 1.298834e+01  3.011950e-02 
 1.298866e+01  3.011952e-02 
 1.298898e+01  3.011954e-02 
 1.298930e+01  3.011956e-02 
 1.298962e+01  3.011958e-02 
 1.298995e+01  3.011960e-02 
 1.299027e+01  3.011963e-02 
 1.299059e+01  3.011965e-02 
 1.299091e+01  3.011967e-02 
 1.299123e+01  3.011969e-02 
 1.299155e+01  3.011971e-02 
 1.299187e+01  3.011973e-02 
 1.299220e+01  3.011976e-02 
 1.299252e+01  3.011978e-02 
 1.299284e+01  3.011980e-02 
 1.299316e+01  3.011982e-02 
 1.299348e+01  3.011984e-02 
 1.299380e+01  3.011986e-02 
 1.299413e+01  3.011989e-02 
 1.299445e+01  3.011991e-02 
 1.299477e+01  3.011993e-02 
 1.299509e+01  3.011995e-02 
 1.299541e+01  3.011997e-02 
 1.299573e+01  3.011999e-02 
 1.299606e+01  3.012001e-02 
 1.299638e+01  3.012004e-02 
 1.299670e+01  3.012006e-02 
 1.299702e+01  3.012008e-02 
 1.299734e+01  3.012010e-02 
 1.299766e+01  3.012012e-02 
 1.299798e+01  3.012014e-02 
 1.299831e+01  3.012017e-02 
 1.299863e+01  3.012019e-02 
 1.299895e+01  3.012021e-02 
 1.299927e+01  3.012023e-02 
 1.299959e+01  3.012025e-02 
 1.299991e+01  3.012027e-02 
 1.300024e+01  3.012029e-02 
 1.300056e+01  3.012031e-02 
 1.300088e+01  3.012034e-02 
 1.300120e+01  3.012036e-02 
 1.300152e+01  3.012038e-02 
 1.300184e+01  3.012040e-02 
 1.300216e+01  3.012042e-02 
 1.300249e+01  3.012044e-02 
 1.300281e+01  3.012046e-02 
 1.300313e+01  3.012048e-02 
 1.300345e+01  3.012051e-02 
 1.300377e+01  3.012053e-02 
 1.300409e+01  3.012055e-02 
 1.300442e+01  3.012057e-02 
 1.300474e+01  3.012059e-02 
 1.300506e+01  3.012061e-02 
 1.300538e+01  3.012063e-02 
 1.300570e+01  3.012065e-02 
 1.300602e+01  3.012067e-02 
 1.300634e+01  3.012069e-02 
 1.300667e+01  3.012071e-02 
 1.300699e+01  3.012073e-02 
 1.300731e+01  3.012075e-02 
 1.300763e+01  3.012077e-02 
 1.300795e+01  3.012080e-02 
 1.300827e+01  3.012082e-02 
 1.300860e+01  3.012084e-02 
 1.300892e+01  3.012086e-02 
 1.300924e+01  3.012088e-02 
 1.300956e+01  3.012090e-02 
 1.300988e+01  3.012092e-02 
 1.301020e+01  3.012094e-02 
 1.301053e+01  3.012096e-02 
 1.301085e+01  3.012098e-02 
 1.301117e+01  3.012100e-02 
 1.301149e+01  3.012102e-02 
 1.301181e+01  3.012104e-02 
 1.301213e+01  3.012106e-02 
 1.301245e+01  3.012108e-02 
 1.301278e+01  3.012110e-02 
 1.301310e+01  3.012112e-02 
 1.301342e+01  3.012114e-02 
 1.301374e+01  3.012116e-02 
 1.301406e+01  3.012118e-02 
 1.301438e+01  3.012119e-02 
 1.301471e+01  3.012121e-02 
 1.301503e+01  3.012123e-02 
 1.301535e+01  3.012125e-02 
 1.301567e+01  3.012127e-02 
 1.301599e+01  3.012129e-02 
 1.301631e+01  3.012131e-02 
 1.301663e+01  3.012133e-02 
 1.301696e+01  3.012135e-02 
 1.301728e+01  3.012137e-02 
 1.301760e+01  3.012139e-02 
 1.301792e+01  3.012141e-02 
 1.301824e+01  3.012142e-02 
 1.301856e+01  3.012144e-02 
 1.301889e+01  3.012146e-02 
 1.301921e+01  3.012148e-02 
 1.301953e+01  3.012150e-02 
 1.301985e+01  3.012152e-02 
 1.302017e+01  3.012154e-02 
 1.302049e+01  3.012156e-02 
 1.302081e+01  3.012157e-02 
 1.302114e+01  3.012159e-02 
 1.302146e+01  3.012161e-02 
 1.302178e+01  3.012163e-02 
 1.302210e+01  3.012165e-02 
 1.302242e+01  3.012167e-02 
 1.302274e+01  3.012168e-02 
 1.302307e+01  3.012170e-02 
 1.302339e+01  3.012172e-02 
 1.302371e+01  3.012174e-02 
 1.302403e+01  3.012176e-02 
 1.302435e+01  3.012177e-02 
 1.302467e+01  3.012179e-02 
 1.302500e+01  3.012181e-02 
 1.302532e+01  3.012183e-02 
 1.302564e+01  3.012184e-02 
 1.302596e+01  3.012186e-02 
 1.302628e+01  3.012188e-02 
 1.302660e+01  3.012190e-02 
 1.302692e+01  3.012191e-02 
 1.302725e+01  3.012193e-02 
 1.302757e+01  3.012195e-02 
 1.302789e+01  3.012197e-02 
 1.302821e+01  3.012198e-02 
 1.302853e+01  3.012200e-02 
 1.302885e+01  3.012202e-02 
 1.302918e+01  3.012203e-02 
 1.302950e+01  3.012205e-02 
 1.302982e+01  3.012207e-02 
 1.303014e+01  3.012208e-02 
 1.303046e+01  3.012210e-02 
 1.303078e+01  3.012212e-02 
 1.303110e+01  3.012213e-02 
 1.303143e+01  3.012215e-02 
 1.303175e+01  3.012217e-02 
 1.303207e+01  3.012218e-02 
 1.303239e+01  3.012220e-02 
 1.303271e+01  3.012222e-02 
 1.303303e+01  3.012223e-02 
 1.303336e+01  3.012225e-02 
 1.303368e+01  3.012226e-02 
 1.303400e+01  3.012228e-02 
 1.303432e+01  3.012229e-02 
 1.303464e+01  3.012231e-02 
 1.303496e+01  3.012233e-02 
 1.303528e+01  3.012234e-02 
 1.303561e+01  3.012236e-02 
 1.303593e+01  3.012237e-02 
 1.303625e+01  3.012239e-02 
 1.303657e+01  3.012240e-02 
 1.303689e+01  3.012242e-02 
 1.303721e+01  3.012243e-02 
 1.303754e+01  3.012245e-02 
 1.303786e+01  3.012246e-02 
 1.303818e+01  3.012247e-02 
 1.303850e+01  3.012249e-02 
 1.303882e+01  3.012250e-02 
 1.303914e+01  3.012252e-02 
 1.303947e+01  3.012253e-02 
 1.303979e+01  3.012255e-02 
 1.304011e+01  3.012256e-02 
 1.304043e+01  3.012257e-02 
 1.304075e+01  3.012259e-02 
 1.304107e+01  3.012260e-02 
 1.304139e+01  3.012262e-02 
 1.304172e+01  3.012263e-02 
 1.304204e+01  3.012264e-02 
 1.304236e+01  3.012266e-02 
 1.304268e+01  3.012267e-02 
 1.304300e+01  3.012268e-02 
 1.304332e+01  3.012270e-02 
 1.304365e+01  3.012271e-02 
 1.304397e+01  3.012272e-02 
 1.304429e+01  3.012274e-02 
 1.304461e+01  3.012275e-02 
 1.304493e+01  3.012276e-02 
 1.304525e+01  3.012277e-02 
 1.304557e+01  3.012279e-02 
 1.304590e+01  3.012280e-02 
 1.304622e+01  3.012281e-02 
 1.304654e+01  3.012282e-02 
 1.304686e+01  3.012284e-02 
 1.304718e+01  3.012285e-02 
 1.304750e+01  3.012286e-02 
 1.304783e+01  3.012287e-02 
 1.304815e+01  3.012288e-02 
 1.304847e+01  3.012290e-02 
 1.304879e+01  3.012291e-02 
 1.304911e+01  3.012292e-02 
 1.304943e+01  3.012293e-02 
 1.304975e+01  3.012294e-02 
 1.305008e+01  3.012296e-02 
 1.305040e+01  3.012297e-02 
 1.305072e+01  3.012298e-02 
 1.305104e+01  3.012299e-02 
 1.305136e+01  3.012300e-02 
 1.305168e+01  3.012301e-02 
 1.305201e+01  3.012302e-02 
 1.305233e+01  3.012303e-02 
 1.305265e+01  3.012305e-02 
 1.305297e+01  3.012306e-02 
 1.305329e+01  3.012307e-02 
 1.305361e+01  3.012308e-02 
 1.305394e+01  3.012309e-02 
 1.305426e+01  3.012310e-02 
 1.305458e+01  3.012311e-02 
 1.305490e+01  3.012312e-02 
 1.305522e+01  3.012313e-02 
 1.305554e+01  3.012314e-02 
 1.305586e+01  3.012315e-02 
 1.305619e+01  3.012316e-02 
 1.305651e+01  3.012317e-02 
 1.305683e+01  3.012318e-02 
 1.305715e+01  3.012319e-02 
 1.305747e+01  3.012320e-02 
 1.305779e+01  3.012321e-02 
 1.305812e+01  3.012322e-02 
 1.305844e+01  3.012323e-02 
 1.305876e+01  3.012324e-02 
 1.305908e+01  3.012325e-02 
 1.305940e+01  3.012326e-02 
 1.305972e+01  3.012327e-02 
 1.306004e+01  3.012328e-02 
 1.306037e+01  3.012329e-02 
 1.306069e+01  3.012330e-02 
 1.306101e+01  3.012331e-02 
 1.306133e+01  3.012332e-02 
 1.306165e+01  3.012333e-02 
 1.306197e+01  3.012334e-02 
 1.306230e+01  3.012335e-02 
 1.306262e+01  3.012336e-02 
 1.306294e+01  3.012337e-02 
 1.306326e+01  3.012338e-02 
 1.306358e+01  3.012338e-02 
 1.306390e+01  3.012339e-02 
 1.306423e+01  3.012340e-02 
 1.306455e+01  3.012341e-02 
 1.306487e+01  3.012342e-02 
 1.306519e+01  3.012343e-02 
 1.306551e+01  3.012344e-02 
 1.306583e+01  3.012345e-02 
 1.306615e+01  3.012345e-02 
 1.306648e+01  3.012346e-02 
 1.306680e+01  3.012347e-02 
 1.306712e+01  3.012348e-02 
 1.306744e+01  3.012349e-02 
 1.306776e+01  3.012350e-02 
 1.306808e+01  3.012351e-02 
 1.306841e+01  3.012351e-02 
 1.306873e+01  3.012352e-02 
 1.306905e+01  3.012353e-02 
 1.306937e+01  3.012354e-02 
 1.306969e+01  3.012355e-02 
 1.307001e+01  3.012355e-02 
 1.307033e+01  3.012356e-02 
 1.307066e+01  3.012357e-02 
 1.307098e+01  3.012358e-02 
 1.307130e+01  3.012359e-02 
 1.307162e+01  3.012359e-02 
 1.307194e+01  3.012360e-02 
 1.307226e+01  3.012361e-02 
 1.307259e+01  3.012362e-02 
 1.307291e+01  3.012362e-02 
 1.307323e+01  3.012363e-02 
 1.307355e+01  3.012364e-02 
 1.307387e+01  3.012365e-02 
 1.307419e+01  3.012365e-02 
 1.307451e+01  3.012366e-02 
 1.307484e+01  3.012367e-02 
 1.307516e+01  3.012367e-02 
 1.307548e+01  3.012368e-02 
 1.307580e+01  3.012369e-02 
 1.307612e+01  3.012370e-02 
 1.307644e+01  3.012370e-02 
 1.307677e+01  3.012371e-02 
 1.307709e+01  3.012372e-02 
 1.307741e+01  3.012372e-02 
 1.307773e+01  3.012373e-02 
 1.307805e+01  3.012374e-02 
 1.307837e+01  3.012374e-02 
 1.307870e+01  3.012375e-02 
 1.307902e+01  3.012376e-02 
 1.307934e+01  3.012376e-02 
 1.307966e+01  3.012377e-02 
 1.307998e+01  3.012377e-02 
 1.308030e+01  3.012378e-02 
 1.308062e+01  3.012379e-02 
 1.308095e+01  3.012379e-02 
 1.308127e+01  3.012380e-02 
 1.308159e+01  3.012381e-02 
 1.308191e+01  3.012381e-02 
 1.308223e+01  3.012382e-02 
 1.308255e+01  3.012382e-02 
 1.308288e+01  3.012383e-02 
 1.308320e+01  3.012384e-02 
 1.308352e+01  3.012384e-02 
 1.308384e+01  3.012385e-02 
 1.308416e+01  3.012385e-02 
 1.308448e+01  3.012386e-02 
 1.308480e+01  3.012386e-02 
 1.308513e+01  3.012387e-02 
 1.308545e+01  3.012387e-02 
 1.308577e+01  3.012388e-02 
 1.308609e+01  3.012388e-02 
 1.308641e+01  3.012389e-02 
 1.308673e+01  3.012389e-02 
 1.308706e+01  3.012390e-02 
 1.308738e+01  3.012390e-02 
 1.308770e+01  3.012391e-02 
 1.308802e+01  3.012391e-02 
 1.308834e+01  3.012392e-02 
 1.308866e+01  3.012392e-02 
 1.308898e+01  3.012393e-02 
 1.308931e+01  3.012393e-02 
 1.308963e+01  3.012394e-02 
 1.308995e+01  3.012394e-02 
 1.309027e+01  3.012395e-02 
 1.309059e+01  3.012395e-02 
 1.309091e+01  3.012396e-02 
 1.309124e+01  3.012396e-02 
 1.309156e+01  3.012396e-02 
 1.309188e+01  3.012397e-02 
 1.309220e+01  3.012397e-02 
 1.309252e+01  3.012398e-02 
 1.309284e+01  3.012398e-02 
 1.309317e+01  3.012398e-02 
 1.309349e+01  3.012399e-02 
 1.309381e+01  3.012399e-02 
 1.309413e+01  3.012400e-02 
 1.309445e+01  3.012400e-02 
 1.309477e+01  3.012400e-02 
 1.309509e+01  3.012401e-02 
 1.309542e+01  3.012401e-02 
 1.309574e+01  3.012401e-02 
 1.309606e+01  3.012402e-02 
 1.309638e+01  3.012402e-02 
 1.309670e+01  3.012402e-02 
 1.309702e+01  3.012403e-02 
 1.309735e+01  3.012403e-02 
 1.309767e+01  3.012403e-02 
 1.309799e+01  3.012404e-02 
 1.309831e+01  3.012404e-02 
 1.309863e+01  3.012404e-02 
 1.309895e+01  3.012405e-02 
 1.309927e+01  3.012405e-02 
 1.309960e+01  3.012405e-02 
 1.309992e+01  3.012405e-02 
 1.310024e+01  3.012406e-02 
 1.310056e+01  3.012406e-02 
 1.310088e+01  3.012406e-02 
 1.310120e+01  3.012407e-02 
 1.310153e+01  3.012407e-02 
 1.310185e+01  3.012407e-02 
 1.310217e+01  3.012407e-02 
 1.310249e+01  3.012408e-02 
 1.310281e+01  3.012408e-02 
 1.310313e+01  3.012408e-02 
 1.310345e+01  3.012408e-02 
 1.310378e+01  3.012408e-02 
 1.310410e+01  3.012409e-02 
 1.310442e+01  3.012409e-02 
 1.310474e+01  3.012409e-02 
 1.310506e+01  3.012409e-02 
 1.310538e+01  3.012409e-02 
 1.310571e+01  3.012410e-02 
 1.310603e+01  3.012410e-02 
 1.310635e+01  3.012410e-02 
 1.310667e+01  3.012410e-02 
 1.310699e+01  3.012410e-02 
 1.310731e+01  3.012411e-02 
 1.310764e+01  3.012411e-02 
 1.310796e+01  3.012411e-02 
 1.310828e+01  3.012411e-02 
 1.310860e+01  3.012411e-02 
 1.310892e+01  3.012411e-02 
 1.310924e+01  3.012411e-02 
 1.310956e+01  3.012412e-02 
 1.310989e+01  3.012412e-02 
 1.311021e+01  3.012412e-02 
 1.311053e+01  3.012412e-02 
 1.311085e+01  3.012412e-02 
 1.311117e+01  3.012412e-02 
 1.311149e+01  3.012412e-02 
 1.311182e+01  3.012412e-02 
 1.311214e+01  3.012413e-02 
 1.311246e+01  3.012413e-02 
 1.311278e+01  3.012413e-02 
 1.311310e+01  3.012413e-02 
 1.311342e+01  3.012413e-02 
 1.311374e+01  3.012413e-02 
 1.311407e+01  3.012413e-02 
 1.311439e+01  3.012413e-02 
 1.311471e+01  3.012413e-02 
 1.311503e+01  3.012413e-02 
 1.311535e+01  3.012413e-02 
 1.311567e+01  3.012414e-02 
 1.311600e+01  3.012414e-02 
 1.311632e+01  3.012414e-02 
 1.311664e+01  3.012414e-02 
 1.311696e+01  3.012414e-02 
 1.311728e+01  3.012414e-02 
 1.311760e+01  3.012414e-02 
 1.311792e+01  3.012414e-02 
 1.311825e+01  3.012414e-02 
 1.311857e+01  3.012414e-02 
 1.311889e+01  3.012414e-02 
 1.311921e+01  3.012414e-02 
 1.311953e+01  3.012414e-02 
 1.311985e+01  3.012414e-02 
 1.312018e+01  3.012414e-02 
 1.312050e+01  3.012414e-02 
 1.312082e+01  3.012414e-02 
 1.312114e+01  3.012414e-02 
 1.312146e+01  3.012414e-02 
 1.312178e+01  3.012414e-02 
 1.312211e+01  3.012414e-02 
 1.312243e+01  3.012414e-02 
 1.312275e+01  3.012414e-02 
 1.312307e+01  3.012414e-02 
 1.312339e+01  3.012414e-02 
 1.312371e+01  3.012414e-02 
 1.312403e+01  3.012414e-02 
 1.312436e+01  3.012414e-02 
 1.312468e+01  3.012414e-02 
 1.312500e+01  3.012414e-02 
 1.312532e+01  3.012414e-02 
 1.312564e+01  3.012414e-02 
 1.312596e+01  3.012414e-02 
 1.312629e+01  3.012414e-02 
 1.312661e+01  3.012414e-02 
 1.312693e+01  3.012414e-02 
 1.312725e+01  3.012414e-02 
 1.312757e+01  3.012414e-02 
 1.312789e+01  3.012414e-02 
 1.312821e+01  3.012413e-02 
 1.312854e+01  3.012413e-02 
 1.312886e+01  3.012413e-02 
 1.312918e+01  3.012413e-02 
 1.312950e+01  3.012413e-02 
 1.312982e+01  3.012413e-02 
 1.313014e+01  3.012413e-02 
 1.313047e+01  3.012413e-02 
 1.313079e+01  3.012413e-02 
 1.313111e+01  3.012412e-02 
 1.313143e+01  3.012412e-02 
 1.313175e+01  3.012412e-02 
 1.313207e+01  3.012412e-02 
 1.313239e+01  3.012412e-02 
 1.313272e+01  3.012412e-02 
 1.313304e+01  3.012411e-02 
 1.313336e+01  3.012411e-02 
 1.313368e+01  3.012411e-02 
 1.313400e+01  3.012411e-02 
 1.313432e+01  3.012411e-02 
 1.313465e+01  3.012411e-02 
 1.313497e+01  3.012410e-02 
 1.313529e+01  3.012410e-02 
 1.313561e+01  3.012410e-02 
 1.313593e+01  3.012410e-02 
 1.313625e+01  3.012409e-02 
 1.313658e+01  3.012409e-02 
 1.313690e+01  3.012409e-02 
 1.313722e+01  3.012409e-02 
 1.313754e+01  3.012408e-02 
 1.313786e+01  3.012408e-02 
 1.313818e+01  3.012408e-02 
 1.313850e+01  3.012407e-02 
 1.313883e+01  3.012407e-02 
 1.313915e+01  3.012407e-02 
 1.313947e+01  3.012407e-02 
 1.313979e+01  3.012406e-02 
 1.314011e+01  3.012406e-02 
 1.314043e+01  3.012406e-02 
 1.314076e+01  3.012405e-02 
 1.314108e+01  3.012405e-02 
 1.314140e+01  3.012405e-02 
 1.314172e+01  3.012404e-02 
 1.314204e+01  3.012404e-02 
 1.314236e+01  3.012403e-02 
 1.314268e+01  3.012403e-02 
 1.314301e+01  3.012403e-02 
 1.314333e+01  3.012402e-02 
 1.314365e+01  3.012402e-02 
 1.314397e+01  3.012401e-02 
 1.314429e+01  3.012401e-02 
 1.314461e+01  3.012400e-02 
 1.314494e+01  3.012400e-02 
 1.314526e+01  3.012400e-02 
 1.314558e+01  3.012399e-02 
 1.314590e+01  3.012399e-02 
 1.314622e+01  3.012398e-02 
 1.314654e+01  3.012398e-02 
 1.314686e+01  3.012397e-02 
 1.314719e+01  3.012397e-02 
 1.314751e+01  3.012396e-02 
 1.314783e+01  3.012396e-02 
 1.314815e+01  3.012395e-02 
 1.314847e+01  3.012394e-02 
 1.314879e+01  3.012394e-02 
 1.314912e+01  3.012393e-02 
 1.314944e+01  3.012393e-02 
 1.314976e+01  3.012392e-02 
 1.315008e+01  3.012392e-02 
 1.315040e+01  3.012391e-02 
 1.315072e+01  3.012390e-02 
 1.315105e+01  3.012390e-02 
 1.315137e+01  3.012389e-02 
 1.315169e+01  3.012389e-02 
 1.315201e+01  3.012388e-02 
 1.315233e+01  3.012387e-02 
 1.315265e+01  3.012387e-02 
 1.315297e+01  3.012386e-02 
 1.315330e+01  3.012385e-02 
 1.315362e+01  3.012385e-02 
 1.315394e+01  3.012384e-02 
 1.315426e+01  3.012383e-02 
 1.315458e+01  3.012383e-02 
 1.315490e+01  3.012382e-02 
 1.315523e+01  3.012381e-02 
 1.315555e+01  3.012380e-02 
 1.315587e+01  3.012380e-02 
 1.315619e+01  3.012379e-02 
 1.315651e+01  3.012378e-02 
 1.315683e+01  3.012377e-02 
 1.315715e+01  3.012377e-02 
 1.315748e+01  3.012376e-02 
 1.315780e+01  3.012375e-02 
 1.315812e+01  3.012374e-02 
 1.315844e+01  3.012374e-02 
 1.315876e+01  3.012373e-02 
 1.315908e+01  3.012372e-02 
 1.315941e+01  3.012371e-02 
 1.315973e+01  3.012370e-02 
 1.316005e+01  3.012369e-02 
 1.316037e+01  3.012369e-02 
 1.316069e+01  3.012368e-02 
 1.316101e+01  3.012367e-02 
 1.316133e+01  3.012366e-02 
 1.316166e+01  3.012365e-02 
 1.316198e+01  3.012364e-02 
 1.316230e+01  3.012363e-02 
 1.316262e+01  3.012362e-02 
 1.316294e+01  3.012362e-02 
 1.316326e+01  3.012361e-02 
 1.316359e+01  3.012360e-02 
 1.316391e+01  3.012359e-02 
 1.316423e+01  3.012358e-02 
 1.316455e+01  3.012357e-02 
 1.316487e+01  3.012356e-02 
 1.316519e+01  3.012355e-02 
 1.316552e+01  3.012354e-02 
 1.316584e+01  3.012353e-02 
 1.316616e+01  3.012352e-02 
 1.316648e+01  3.012351e-02 
 1.316680e+01  3.012350e-02 
 1.316712e+01  3.012349e-02 
 1.316744e+01  3.012348e-02 
 1.316777e+01  3.012347e-02 
 1.316809e+01  3.012346e-02 
 1.316841e+01  3.012345e-02 
 1.316873e+01  3.012344e-02 
 1.316905e+01  3.012343e-02 
 1.316937e+01  3.012342e-02 
 1.316970e+01  3.012341e-02 
 1.317002e+01  3.012340e-02 
 1.317034e+01  3.012339e-02 
 1.317066e+01  3.012337e-02 
 1.317098e+01  3.012336e-02 
 1.317130e+01  3.012335e-02 
 1.317162e+01  3.012334e-02 
 1.317195e+01  3.012333e-02 
 1.317227e+01  3.012332e-02 
 1.317259e+01  3.012331e-02 
 1.317291e+01  3.012330e-02 
 1.317323e+01  3.012328e-02 
 1.317355e+01  3.012327e-02 
 1.317388e+01  3.012326e-02 
 1.317420e+01  3.012325e-02 
 1.317452e+01  3.012324e-02 
 1.317484e+01  3.012323e-02 
 1.317516e+01  3.012321e-02 
 1.317548e+01  3.012320e-02 
 1.317580e+01  3.012319e-02 
 1.317613e+01  3.012318e-02 
 1.317645e+01  3.012317e-02 
 1.317677e+01  3.012315e-02 
 1.317709e+01  3.012314e-02 
 1.317741e+01  3.012313e-02 
 1.317773e+01  3.012312e-02 
 1.317806e+01  3.012310e-02 
 1.317838e+01  3.012309e-02 
 1.317870e+01  3.012308e-02 
 1.317902e+01  3.012307e-02 
 1.317934e+01  3.012305e-02 
 1.317966e+01  3.012304e-02 
 1.317999e+01  3.012303e-02 
 1.318031e+01  3.012301e-02 
 1.318063e+01  3.012300e-02 
 1.318095e+01  3.012299e-02 
 1.318127e+01  3.012297e-02 
 1.318159e+01  3.012296e-02 
 1.318191e+01  3.012295e-02 
 1.318224e+01  3.012293e-02 
 1.318256e+01  3.012292e-02 
 1.318288e+01  3.012291e-02 
 1.318320e+01  3.012289e-02 
 1.318352e+01  3.012288e-02 
 1.318384e+01  3.012286e-02 
 1.318417e+01  3.012285e-02 
 1.318449e+01  3.012283e-02 
 1.318481e+01  3.012282e-02 
 1.318513e+01  3.012281e-02 
 1.318545e+01  3.012279e-02 
 1.318577e+01  3.012278e-02 
 1.318609e+01  3.012276e-02 
 1.318642e+01  3.012275e-02 
 1.318674e+01  3.012273e-02 
 1.318706e+01  3.012272e-02 
 1.318738e+01  3.012270e-02 
 1.318770e+01  3.012269e-02 
 1.318802e+01  3.012267e-02 
 1.318835e+01  3.012266e-02 
 1.318867e+01  3.012264e-02 
 1.318899e+01  3.012263e-02 
 1.318931e+01  3.012261e-02 
 1.318963e+01  3.012259e-02 
 1.318995e+01  3.012258e-02 
 1.319028e+01  3.012256e-02 
 1.319060e+01  3.012255e-02 
 1.319092e+01  3.012253e-02 
 1.319124e+01  3.012251e-02 
 1.319156e+01  3.012250e-02 
 1.319188e+01  3.012248e-02 
 1.319220e+01  3.012246e-02 
 1.319253e+01  3.012245e-02 
 1.319285e+01  3.012243e-02 
 1.319317e+01  3.012241e-02 
 1.319349e+01  3.012240e-02 
 1.319381e+01  3.012238e-02 
 1.319413e+01  3.012236e-02 
 1.319446e+01  3.012235e-02 
 1.319478e+01  3.012233e-02 
 1.319510e+01  3.012231e-02 
 1.319542e+01  3.012229e-02 
 1.319574e+01  3.012228e-02 
 1.319606e+01  3.012226e-02 
 1.319638e+01  3.012224e-02 
 1.319671e+01  3.012222e-02 
 1.319703e+01  3.012221e-02 
 1.319735e+01  3.012219e-02 
 1.319767e+01  3.012217e-02 
 1.319799e+01  3.012215e-02 
 1.319831e+01  3.012213e-02 
 1.319864e+01  3.012212e-02 
 1.319896e+01  3.012210e-02 
 1.319928e+01  3.012208e-02 
 1.319960e+01  3.012206e-02 
 1.319992e+01  3.012204e-02 
 1.320024e+01  3.012202e-02 
 1.320056e+01  3.012200e-02 
 1.320089e+01  3.012199e-02 
 1.320121e+01  3.012197e-02 
 1.320153e+01  3.012195e-02 
 1.320185e+01  3.012193e-02 
 1.320217e+01  3.012191e-02 
 1.320249e+01  3.012189e-02 
 1.320282e+01  3.012187e-02 
 1.320314e+01  3.012185e-02 
 1.320346e+01  3.012183e-02 
 1.320378e+01  3.012181e-02 
 1.320410e+01  3.012179e-02 
 1.320442e+01  3.012177e-02 
 1.320475e+01  3.012176e-02 
 1.320507e+01  3.012174e-02 
 1.320539e+01  3.012172e-02 
 1.320571e+01  3.012170e-02 
 1.320603e+01  3.012168e-02 
 1.320635e+01  3.012166e-02 
 1.320667e+01  3.012164e-02 
 1.320700e+01  3.012162e-02 
 1.320732e+01  3.012160e-02 
 1.320764e+01  3.012158e-02 
 1.320796e+01  3.012156e-02 
 1.320828e+01  3.012154e-02 
 1.320860e+01  3.012152e-02 
 1.320893e+01  3.012150e-02 
 1.320925e+01  3.012148e-02 
 1.320957e+01  3.012146e-02 
 1.320989e+01  3.012144e-02 
 1.321021e+01  3.012142e-02 
 1.321053e+01  3.012140e-02 
 1.321085e+01  3.012138e-02 
 1.321118e+01  3.012136e-02 
 1.321150e+01  3.012133e-02 
 1.321182e+01  3.012131e-02 
 1.321214e+01  3.012129e-02 
 1.321246e+01  3.012127e-02 
 1.321278e+01  3.012125e-02 
 1.321311e+01  3.012123e-02 
 1.321343e+01  3.012121e-02 
 1.321375e+01  3.012119e-02 
 1.321407e+01  3.012117e-02 
 1.321439e+01  3.012115e-02 
 1.321471e+01  3.012113e-02 
 1.321503e+01  3.012111e-02 
 1.321536e+01  3.012109e-02 
 1.321568e+01  3.012107e-02 
 1.321600e+01  3.012105e-02 
 1.321632e+01  3.012103e-02 
 1.321664e+01  3.012101e-02 
 1.321696e+01  3.012099e-02 
 1.321729e+01  3.012096e-02 
 1.321761e+01  3.012094e-02 
 1.321793e+01  3.012092e-02 
 1.321825e+01  3.012090e-02 
 1.321857e+01  3.012088e-02 
 1.321889e+01  3.012086e-02 
 1.321922e+01  3.012084e-02 
 1.321954e+01  3.012082e-02 
 1.321986e+01  3.012080e-02 
 1.322018e+01  3.012078e-02 
 1.322050e+01  3.012076e-02 
 1.322082e+01  3.012074e-02 
 1.322114e+01  3.012072e-02 
 1.322147e+01  3.012070e-02 
 1.322179e+01  3.012068e-02 
 1.322211e+01  3.012066e-02 
 1.322243e+01  3.012064e-02 
 1.322275e+01  3.012062e-02 
 1.322307e+01  3.012060e-02 
 1.322340e+01  3.012058e-02 
 1.322372e+01  3.012056e-02 
 1.322404e+01  3.012054e-02 
 1.322436e+01  3.012052e-02 
 1.322468e+01  3.012050e-02 
 1.322500e+01  3.012048e-02 
 1.322532e+01  3.012046e-02 
 1.322565e+01  3.012044e-02 
 1.322597e+01  3.012042e-02 
 1.322629e+01  3.012040e-02 
 1.322661e+01  3.012038e-02 
 1.322693e+01  3.012036e-02 
 1.322725e+01  3.012034e-02 
 1.322758e+01  3.012032e-02 
 1.322790e+01  3.012030e-02 
 1.322822e+01  3.012028e-02 
 1.322854e+01  3.012026e-02 
 1.322886e+01  3.012024e-02 
 1.322918e+01  3.012022e-02 
 1.322950e+01  3.012020e-02 
 1.322983e+01  3.012018e-02 
 1.323015e+01  3.012016e-02 
 1.323047e+01  3.012015e-02 
 1.323079e+01  3.012013e-02 
 1.323111e+01  3.012011e-02 
 1.323143e+01  3.012009e-02 
 1.323176e+01  3.012007e-02 
 1.323208e+01  3.012005e-02 
 1.323240e+01  3.012003e-02 
 1.323272e+01  3.012001e-02 
 1.323304e+01  3.011999e-02 
 1.323336e+01  3.011997e-02 
 1.323369e+01  3.011996e-02 
 1.323401e+01  3.011994e-02 
 1.323433e+01  3.011992e-02 
 1.323465e+01  3.011990e-02 
 1.323497e+01  3.011988e-02 
 1.323529e+01  3.011986e-02 
 1.323561e+01  3.011985e-02 
 1.323594e+01  3.011983e-02 
 1.323626e+01  3.011981e-02 
 1.323658e+01  3.011979e-02 
 1.323690e+01  3.011977e-02 
 1.323722e+01  3.011975e-02 
 1.323754e+01  3.011974e-02 
 1.323787e+01  3.011972e-02 
 1.323819e+01  3.011970e-02 
 1.323851e+01  3.011968e-02 
 1.323883e+01  3.011966e-02 
 1.323915e+01  3.011965e-02 
 1.323947e+01  3.011963e-02 
 1.323979e+01  3.011961e-02 
 1.324012e+01  3.011959e-02 
 1.324044e+01  3.011958e-02 
 1.324076e+01  3.011956e-02 
 1.324108e+01  3.011954e-02 
 1.324140e+01  3.011952e-02 
 1.324172e+01  3.011951e-02 
 1.324205e+01  3.011949e-02 
 1.324237e+01  3.011947e-02 
 1.324269e+01  3.011945e-02 
 1.324301e+01  3.011944e-02 
 1.324333e+01  3.011942e-02 
 1.324365e+01  3.011940e-02 
 1.324397e+01  3.011939e-02 
 1.324430e+01  3.011937e-02 
 1.324462e+01  3.011935e-02 
 1.324494e+01  3.011933e-02 
 1.324526e+01  3.011932e-02 
 1.324558e+01  3.011930e-02 
 1.324590e+01  3.011928e-02 
 1.324623e+01  3.011927e-02 
 1.324655e+01  3.011925e-02 
 1.324687e+01  3.011923e-02 
 1.324719e+01  3.011922e-02 
 1.324751e+01  3.011920e-02 
 1.324783e+01  3.011918e-02 
 1.324816e+01  3.011917e-02 
 1.324848e+01  3.011915e-02 
 1.324880e+01  3.011913e-02 
 1.324912e+01  3.011912e-02 
 1.324944e+01  3.011910e-02 
 1.324976e+01  3.011908e-02 
 1.325008e+01  3.011907e-02 
 1.325041e+01  3.011905e-02 
 1.325073e+01  3.011904e-02 
 1.325105e+01  3.011902e-02 
 1.325137e+01  3.011900e-02 
 1.325169e+01  3.011899e-02 
 1.325201e+01  3.011897e-02 
 1.325234e+01  3.011895e-02 
 1.325266e+01  3.011894e-02 
 1.325298e+01  3.011892e-02 
 1.325330e+01  3.011891e-02 
 1.325362e+01  3.011889e-02 
 1.325394e+01  3.011888e-02 
 1.325426e+01  3.011886e-02 
 1.325459e+01  3.011884e-02 
 1.325491e+01  3.011883e-02 
 1.325523e+01  3.011881e-02 
 1.325555e+01  3.011880e-02 
 1.325587e+01  3.011878e-02 
 1.325619e+01  3.011876e-02 
 1.325652e+01  3.011875e-02 
 1.325684e+01  3.011873e-02 
 1.325716e+01  3.011872e-02 
 1.325748e+01  3.011870e-02 
 1.325780e+01  3.011869e-02 
 1.325812e+01  3.011867e-02 
 1.325844e+01  3.011866e-02 
 1.325877e+01  3.011864e-02 
 1.325909e+01  3.011862e-02 
 1.325941e+01  3.011861e-02 
 1.325973e+01  3.011859e-02 
 1.326005e+01  3.011858e-02 
 1.326037e+01  3.011856e-02 
 1.326070e+01  3.011855e-02 
 1.326102e+01  3.011853e-02 
 1.326134e+01  3.011852e-02 
 1.326166e+01  3.011850e-02 
 1.326198e+01  3.011849e-02 
 1.326230e+01  3.011847e-02 
 1.326263e+01  3.011846e-02 
 1.326295e+01  3.011844e-02 
 1.326327e+01  3.011843e-02 
 1.326359e+01  3.011841e-02 
 1.326391e+01  3.011840e-02 
 1.326423e+01  3.011838e-02 
 1.326455e+01  3.011837e-02 
 1.326488e+01  3.011835e-02 
 1.326520e+01  3.011834e-02 
 1.326552e+01  3.011832e-02 
 1.326584e+01  3.011831e-02 
 1.326616e+01  3.011829e-02 
 1.326648e+01  3.011828e-02 
 1.326681e+01  3.011826e-02 
 1.326713e+01  3.011825e-02 
 1.326745e+01  3.011823e-02 
 1.326777e+01  3.011822e-02 
 1.326809e+01  3.011821e-02 
 1.326841e+01  3.011819e-02 
 1.326873e+01  3.011818e-02 
 1.326906e+01  3.011816e-02 
 1.326938e+01  3.011815e-02 
 1.326970e+01  3.011813e-02 
 1.327002e+01  3.011812e-02 
 1.327034e+01  3.011810e-02 
 1.327066e+01  3.011809e-02 
 1.327099e+01  3.011807e-02 
 1.327131e+01  3.011806e-02 
 1.327163e+01  3.011805e-02 
 1.327195e+01  3.011803e-02 
 1.327227e+01  3.011802e-02 
 1.327259e+01  3.011800e-02 
 1.327291e+01  3.011799e-02 
 1.327324e+01  3.011798e-02 
 1.327356e+01  3.011796e-02 
 1.327388e+01  3.011795e-02 
 1.327420e+01  3.011793e-02 
 1.327452e+01  3.011792e-02 
 1.327484e+01  3.011790e-02 
 1.327517e+01  3.011789e-02 
 1.327549e+01  3.011788e-02 
 1.327581e+01  3.011786e-02 
 1.327613e+01  3.011785e-02 
 1.327645e+01  3.011784e-02 
 1.327677e+01  3.011782e-02 
 1.327710e+01  3.011781e-02 
 1.327742e+01  3.011779e-02 
 1.327774e+01  3.011778e-02 
 1.327806e+01  3.011777e-02 
 1.327838e+01  3.011775e-02 
 1.327870e+01  3.011774e-02 
 1.327902e+01  3.011773e-02 
 1.327935e+01  3.011771e-02 
 1.327967e+01  3.011770e-02 
 1.327999e+01  3.011768e-02 
 1.328031e+01  3.011767e-02 
 1.328063e+01  3.011766e-02 
 1.328095e+01  3.011764e-02 
 1.328128e+01  3.011763e-02 
 1.328160e+01  3.011762e-02 
 1.328192e+01  3.011760e-02 
 1.328224e+01  3.011759e-02 
 1.328256e+01  3.011758e-02 
 1.328288e+01  3.011756e-02 
 1.328320e+01  3.011755e-02 
 1.328353e+01  3.011754e-02 
 1.328385e+01  3.011752e-02 
 1.328417e+01  3.011751e-02 
 1.328449e+01  3.011750e-02 
 1.328481e+01  3.011749e-02 
 1.328513e+01  3.011747e-02 
 1.328546e+01  3.011746e-02 
 1.328578e+01  3.011745e-02 
 1.328610e+01  3.011743e-02 
 1.328642e+01  3.011742e-02 
 1.328674e+01  3.011741e-02 
 1.328706e+01  3.011739e-02 
 1.328738e+01  3.011738e-02 
 1.328771e+01  3.011737e-02 
 1.328803e+01  3.011736e-02 
 1.328835e+01  3.011734e-02 
 1.328867e+01  3.011733e-02 
 1.328899e+01  3.011732e-02 
 1.328931e+01  3.011731e-02 
 1.328964e+01  3.011729e-02 
 1.328996e+01  3.011728e-02 
 1.329028e+01  3.011727e-02 
 1.329060e+01  3.011726e-02 
 1.329092e+01  3.011724e-02 
 1.329124e+01  3.011723e-02 
 1.329157e+01  3.011722e-02 
 1.329189e+01  3.011721e-02 
 1.329221e+01  3.011719e-02 
 1.329253e+01  3.011718e-02 
 1.329285e+01  3.011717e-02 
 1.329317e+01  3.011716e-02 
 1.329349e+01  3.011715e-02 
 1.329382e+01  3.011713e-02 
 1.329414e+01  3.011712e-02 
 1.329446e+01  3.011711e-02 
 1.329478e+01  3.011710e-02 
 1.329510e+01  3.011709e-02 
 1.329542e+01  3.011707e-02 
 1.329575e+01  3.011706e-02 
 1.329607e+01  3.011705e-02 
 1.329639e+01  3.011704e-02 
 1.329671e+01  3.011703e-02 
 1.329703e+01  3.011702e-02 
 1.329735e+01  3.011700e-02 
 1.329767e+01  3.011699e-02 
 1.329800e+01  3.011698e-02 
 1.329832e+01  3.011697e-02 
 1.329864e+01  3.011696e-02 
 1.329896e+01  3.011695e-02 
 1.329928e+01  3.011694e-02 
 1.329960e+01  3.011692e-02 
 1.329993e+01  3.011691e-02 
 1.330025e+01  3.011690e-02 
 1.330057e+01  3.011689e-02 
 1.330089e+01  3.011688e-02 
 1.330121e+01  3.011687e-02 
 1.330153e+01  3.011686e-02 
 1.330185e+01  3.011685e-02 
 1.330218e+01  3.011684e-02 
 1.330250e+01  3.011683e-02 
 1.330282e+01  3.011682e-02 
 1.330314e+01  3.011680e-02 
 1.330346e+01  3.011679e-02 
 1.330378e+01  3.011678e-02 
 1.330411e+01  3.011677e-02 
 1.330443e+01  3.011676e-02 
 1.330475e+01  3.011675e-02 
 1.330507e+01  3.011674e-02 
 1.330539e+01  3.011673e-02 
 1.330571e+01  3.011672e-02 
 1.330604e+01  3.011671e-02 
 1.330636e+01  3.011670e-02 
 1.330668e+01  3.011669e-02 
 1.330700e+01  3.011668e-02 
 1.330732e+01  3.011667e-02 
 1.330764e+01  3.011666e-02 
 1.330796e+01  3.011665e-02 
 1.330829e+01  3.011664e-02 
 1.330861e+01  3.011663e-02 
 1.330893e+01  3.011663e-02 
 1.330925e+01  3.011662e-02 
 1.330957e+01  3.011661e-02 
 1.330989e+01  3.011660e-02 
 1.331022e+01  3.011659e-02 
 1.331054e+01  3.011658e-02 
 1.331086e+01  3.011657e-02 
 1.331118e+01  3.011656e-02 
 1.331150e+01  3.011655e-02 
 1.331182e+01  3.011654e-02 
 1.331214e+01  3.011654e-02 
 1.331247e+01  3.011653e-02 
 1.331279e+01  3.011652e-02 
 1.331311e+01  3.011651e-02 
 1.331343e+01  3.011650e-02 
 1.331375e+01  3.011649e-02 
 1.331407e+01  3.011649e-02 
 1.331440e+01  3.011648e-02 
 1.331472e+01  3.011647e-02 
 1.331504e+01  3.011646e-02 
 1.331536e+01  3.011645e-02 
 1.331568e+01  3.011645e-02 
 1.331600e+01  3.011644e-02 
 1.331633e+01  3.011643e-02 
 1.331665e+01  3.011642e-02 
 1.331697e+01  3.011642e-02 
 1.331729e+01  3.011641e-02 
 1.331761e+01  3.011640e-02 
 1.331793e+01  3.011640e-02 
 1.331825e+01  3.011639e-02 
 1.331858e+01  3.011638e-02 
 1.331890e+01  3.011637e-02 
 1.331922e+01  3.011637e-02 
 1.331954e+01  3.011636e-02 
 1.331986e+01  3.011635e-02 
 1.332018e+01  3.011635e-02 
 1.332051e+01  3.011634e-02 
 1.332083e+01  3.011633e-02 
 1.332115e+01  3.011633e-02 
 1.332147e+01  3.011632e-02 
 1.332179e+01  3.011632e-02 
 1.332211e+01  3.011631e-02 
 1.332243e+01  3.011630e-02 
 1.332276e+01  3.011630e-02 
 1.332308e+01  3.011629e-02 
 1.332340e+01  3.011629e-02 
 1.332372e+01  3.011628e-02 
 1.332404e+01  3.011628e-02 
 1.332436e+01  3.011627e-02 
 1.332469e+01  3.011626e-02 
 1.332501e+01  3.011626e-02 
 1.332533e+01  3.011625e-02 
 1.332565e+01  3.011625e-02 
 1.332597e+01  3.011624e-02 
 1.332629e+01  3.011624e-02 
 1.332661e+01  3.011623e-02 
 1.332694e+01  3.011623e-02 
 1.332726e+01  3.011622e-02 
 1.332758e+01  3.011622e-02 
 1.332790e+01  3.011621e-02 
 1.332822e+01  3.011621e-02 
 1.332854e+01  3.011621e-02 
 1.332887e+01  3.011620e-02 
 1.332919e+01  3.011620e-02 
 1.332951e+01  3.011619e-02 
 1.332983e+01  3.011619e-02 
 1.333015e+01  3.011618e-02 
 1.333047e+01  3.011618e-02 
 1.333080e+01  3.011618e-02 
 1.333112e+01  3.011617e-02 
 1.333144e+01  3.011617e-02 
 1.333176e+01  3.011617e-02 
 1.333208e+01  3.011616e-02 
 1.333240e+01  3.011616e-02 
 1.333272e+01  3.011615e-02 
 1.333305e+01  3.011615e-02 
 1.333337e+01  3.011615e-02 
 1.333369e+01  3.011615e-02 
 1.333401e+01  3.011614e-02 
 1.333433e+01  3.011614e-02 
 1.333465e+01  3.011614e-02 
 1.333498e+01  3.011613e-02 
 1.333530e+01  3.011613e-02 
 1.333562e+01  3.011613e-02 
 1.333594e+01  3.011613e-02 
 1.333626e+01  3.011612e-02 
 1.333658e+01  3.011612e-02 
 1.333690e+01  3.011612e-02 
 1.333723e+01  3.011612e-02 
 1.333755e+01  3.011611e-02 
 1.333787e+01  3.011611e-02 
 1.333819e+01  3.011611e-02 
 1.333851e+01  3.011611e-02 
 1.333883e+01  3.011611e-02 
 1.333916e+01  3.011611e-02 
 1.333948e+01  3.011610e-02 
 1.333980e+01  3.011610e-02 
 1.334012e+01  3.011610e-02 
 1.334044e+01  3.011610e-02 
 1.334076e+01  3.011610e-02 
 1.334108e+01  3.011610e-02 
 1.334141e+01  3.011610e-02 
 1.334173e+01  3.011610e-02 
 1.334205e+01  3.011609e-02 
 1.334237e+01  3.011609e-02 
 1.334269e+01  3.011609e-02 
 1.334301e+01  3.011609e-02 
 1.334334e+01  3.011609e-02 
 1.334366e+01  3.011609e-02 
 1.334398e+01  3.011609e-02 
 1.334430e+01  3.011609e-02 
 1.334462e+01  3.011609e-02 
 1.334494e+01  3.011609e-02 
 1.334527e+01  3.011609e-02 
 1.334559e+01  3.011609e-02 
 1.334591e+01  3.011609e-02 
 1.334623e+01  3.011609e-02 
 1.334655e+01  3.011609e-02 
 1.334687e+01  3.011609e-02 
 1.334719e+01  3.011609e-02 
 1.334752e+01  3.011610e-02 
 1.334784e+01  3.011610e-02 
 1.334816e+01  3.011610e-02 
 1.334848e+01  3.011610e-02 
 1.334880e+01  3.011610e-02 
 1.334912e+01  3.011610e-02 
 1.334945e+01  3.011610e-02 
 1.334977e+01  3.011610e-02 
 1.335009e+01  3.011611e-02 
 1.335041e+01  3.011611e-02 
 1.335073e+01  3.011611e-02 
 1.335105e+01  3.011611e-02 
 1.335137e+01  3.011611e-02 
 1.335170e+01  3.011611e-02 
 1.335202e+01  3.011612e-02 
 1.335234e+01  3.011612e-02 
 1.335266e+01  3.011612e-02 
 1.335298e+01  3.011612e-02 
 1.335330e+01  3.011613e-02 
 1.335363e+01  3.011613e-02 
 1.335395e+01  3.011613e-02 
 1.335427e+01  3.011614e-02 
 1.335459e+01  3.011614e-02 
 1.335491e+01  3.011614e-02 
 1.335523e+01  3.011614e-02 
 1.335555e+01  3.011615e-02 
 1.335588e+01  3.011615e-02 
 1.335620e+01  3.011615e-02 
 1.335652e+01  3.011616e-02 
 1.335684e+01  3.011616e-02 
 1.335716e+01  3.011617e-02 
 1.335748e+01  3.011617e-02 
 1.335781e+01  3.011617e-02 
 1.335813e+01  3.011618e-02 
 1.335845e+01  3.011618e-02 
 1.335877e+01  3.011619e-02 
 1.335909e+01  3.011619e-02 
 1.335941e+01  3.011620e-02 
 1.335974e+01  3.011620e-02 
 1.336006e+01  3.011620e-02 
 1.336038e+01  3.011621e-02 
 1.336070e+01  3.011621e-02 
 1.336102e+01  3.011622e-02 
 1.336134e+01  3.011622e-02 
 1.336166e+01  3.011623e-02 
 1.336199e+01  3.011623e-02 
 1.336231e+01  3.011624e-02 
 1.336263e+01  3.011625e-02 
 1.336295e+01  3.011625e-02 
 1.336327e+01  3.011626e-02 
 1.336359e+01  3.011626e-02 
 1.336392e+01  3.011627e-02 
 1.336424e+01  3.011627e-02 
 1.336456e+01  3.011628e-02 
 1.336488e+01  3.011629e-02 
 1.336520e+01  3.011629e-02 
 1.336552e+01  3.011630e-02 
 1.336584e+01  3.011630e-02 
 1.336617e+01  3.011631e-02 
 1.336649e+01  3.011632e-02 
 1.336681e+01  3.011632e-02 
 1.336713e+01  3.011633e-02 
 1.336745e+01  3.011634e-02 
 1.336777e+01  3.011634e-02 
 1.336810e+01  3.011635e-02 
 1.336842e+01  3.011636e-02 
 1.336874e+01  3.011637e-02 
 1.336906e+01  3.011637e-02 
 1.336938e+01  3.011638e-02 
 1.336970e+01  3.011639e-02 
 1.337002e+01  3.011640e-02 
 1.337035e+01  3.011640e-02 
 1.337067e+01  3.011641e-02 
 1.337099e+01  3.011642e-02 
 1.337131e+01  3.011643e-02 
 1.337163e+01  3.011644e-02 
 1.337195e+01  3.011644e-02 
 1.337228e+01  3.011645e-02 
 1.337260e+01  3.011646e-02 
 1.337292e+01  3.011647e-02 
 1.337324e+01  3.011648e-02 
 1.337356e+01  3.011649e-02 
 1.337388e+01  3.011649e-02 
 1.337421e+01  3.011650e-02 
 1.337453e+01  3.011651e-02 
 1.337485e+01  3.011652e-02 
 1.337517e+01  3.011653e-02 
 1.337549e+01  3.011654e-02 
 1.337581e+01  3.011655e-02 
 1.337613e+01  3.011656e-02 
 1.337646e+01  3.011657e-02 
 1.337678e+01  3.011658e-02 
 1.337710e+01  3.011659e-02 
 1.337742e+01  3.011660e-02 
 1.337774e+01  3.011661e-02 
 1.337806e+01  3.011662e-02 
 1.337839e+01  3.011663e-02 
 1.337871e+01  3.011664e-02 
 1.337903e+01  3.011665e-02 
 1.337935e+01  3.011666e-02 
 1.337967e+01  3.011667e-02 
 1.337999e+01  3.011668e-02 
 1.338031e+01  3.011669e-02 
 1.338064e+01  3.011670e-02 
 1.338096e+01  3.011671e-02 
 1.338128e+01  3.011672e-02 
 1.338160e+01  3.011673e-02 
 1.338192e+01  3.011675e-02 
 1.338224e+01  3.011676e-02 
 1.338257e+01  3.011677e-02 
 1.338289e+01  3.011678e-02 
 1.338321e+01  3.011679e-02 
 1.338353e+01  3.011681e-02 
 1.338385e+01  3.011682e-02 
 1.338417e+01  3.011683e-02 
 1.338449e+01  3.011684e-02 
 1.338482e+01  3.011685e-02 
 1.338514e+01  3.011687e-02 
 1.338546e+01  3.011688e-02 
 1.338578e+01  3.011689e-02 
 1.338610e+01  3.011691e-02 
 1.338642e+01  3.011692e-02 
 1.338675e+01  3.011693e-02 
 1.338707e+01  3.011695e-02 
 1.338739e+01  3.011696e-02 
 1.338771e+01  3.011697e-02 
 1.338803e+01  3.011699e-02 
 1.338835e+01  3.011700e-02 
 1.338868e+01  3.011702e-02 
 1.338900e+01  3.011703e-02 
 1.338932e+01  3.011705e-02 
 1.338964e+01  3.011706e-02 
 1.338996e+01  3.011708e-02 
 1.339028e+01  3.011709e-02 
 1.339060e+01  3.011711e-02 
 1.339093e+01  3.011712e-02 
 1.339125e+01  3.011714e-02 
 1.339157e+01  3.011715e-02 
 1.339189e+01  3.011717e-02 
 1.339221e+01  3.011718e-02 
 1.339253e+01  3.011720e-02 
 1.339286e+01  3.011722e-02 
 1.339318e+01  3.011723e-02 
 1.339350e+01  3.011725e-02 
 1.339382e+01  3.011727e-02 
 1.339414e+01  3.011728e-02 
 1.339446e+01  3.011730e-02 
 1.339478e+01  3.011732e-02 
 1.339511e+01  3.011734e-02 
 1.339543e+01  3.011736e-02 
 1.339575e+01  3.011737e-02 
 1.339607e+01  3.011739e-02 
 1.339639e+01  3.011741e-02 
 1.339671e+01  3.011743e-02 
 1.339704e+01  3.011745e-02 
 1.339736e+01  3.011747e-02 
 1.339768e+01  3.011749e-02 
 1.339800e+01  3.011750e-02 
 1.339832e+01  3.011752e-02 
 1.339864e+01  3.011754e-02 
 1.339896e+01  3.011756e-02 
 1.339929e+01  3.011758e-02 
 1.339961e+01  3.011760e-02 
 1.339993e+01  3.011762e-02 
 1.340025e+01  3.011764e-02 
 1.340057e+01  3.011767e-02 
 1.340089e+01  3.011769e-02 
 1.340122e+01  3.011771e-02 
 1.340154e+01  3.011773e-02 
 1.340186e+01  3.011775e-02 
 1.340218e+01  3.011777e-02 
 1.340250e+01  3.011779e-02 
 1.340282e+01  3.011782e-02 
 1.340315e+01  3.011784e-02 
 1.340347e+01  3.011786e-02 
 1.340379e+01  3.011788e-02 
 1.340411e+01  3.011790e-02 
 1.340443e+01  3.011793e-02 
 1.340475e+01  3.011795e-02 
 1.340507e+01  3.011797e-02 
 1.340540e+01  3.011800e-02 
 1.340572e+01  3.011802e-02 
 1.340604e+01  3.011804e-02 
 1.340636e+01  3.011807e-02 
 1.340668e+01  3.011809e-02 
 1.340700e+01  3.011812e-02 
 1.340733e+01  3.011814e-02 
 1.340765e+01  3.011816e-02 
 1.340797e+01  3.011819e-02 
 1.340829e+01  3.011821e-02 
 1.340861e+01  3.011824e-02 
 1.340893e+01  3.011826e-02 
 1.340925e+01  3.011829e-02 
 1.340958e+01  3.011832e-02 
 1.340990e+01  3.011834e-02 
 1.341022e+01  3.011837e-02 
 1.341054e+01  3.011839e-02 
 1.341086e+01  3.011842e-02 
 1.341118e+01  3.011844e-02 
 1.341151e+01  3.011847e-02 
 1.341183e+01  3.011850e-02 
 1.341215e+01  3.011852e-02 
 1.341247e+01  3.011855e-02 
 1.341279e+01  3.011858e-02 
 1.341311e+01  3.011861e-02 
 1.341343e+01  3.011863e-02 
 1.341376e+01  3.011866e-02 
 1.341408e+01  3.011869e-02 
 1.341440e+01  3.011872e-02 
 1.341472e+01  3.011874e-02 
 1.341504e+01  3.011877e-02 
 1.341536e+01  3.011880e-02 
 1.341569e+01  3.011883e-02 
 1.341601e+01  3.011886e-02 
 1.341633e+01  3.011888e-02 
 1.341665e+01  3.011891e-02 
 1.341697e+01  3.011894e-02 
 1.341729e+01  3.011897e-02 
 1.341762e+01  3.011900e-02 
 1.341794e+01  3.011903e-02 
 1.341826e+01  3.011906e-02 
 1.341858e+01  3.011909e-02 
 1.341890e+01  3.011912e-02 
 1.341922e+01  3.011915e-02 
 1.341954e+01  3.011918e-02 
 1.341987e+01  3.011921e-02 
 1.342019e+01  3.011924e-02 
 1.342051e+01  3.011927e-02 
 1.342083e+01  3.011930e-02 
 1.342115e+01  3.011933e-02 
 1.342147e+01  3.011936e-02 
 1.342180e+01  3.011939e-02 
 1.342212e+01  3.011943e-02 
 1.342244e+01  3.011946e-02 
 1.342276e+01  3.011949e-02 
 1.342308e+01  3.011952e-02 
 1.342340e+01  3.011955e-02 
 1.342372e+01  3.011958e-02 
 1.342405e+01  3.011962e-02 
 1.342437e+01  3.011965e-02 
 1.342469e+01  3.011968e-02 
 1.342501e+01  3.011971e-02 
 1.342533e+01  3.011975e-02 
 1.342565e+01  3.011978e-02 
 1.342598e+01  3.011981e-02 
 1.342630e+01  3.011984e-02 
 1.342662e+01  3.011988e-02 
 1.342694e+01  3.011991e-02 
 1.342726e+01  3.011995e-02 
 1.342758e+01  3.011998e-02 
 1.342790e+01  3.012001e-02 
 1.342823e+01  3.012005e-02 
 1.342855e+01  3.012008e-02 
 1.342887e+01  3.012012e-02 
 1.342919e+01  3.012015e-02 
 1.342951e+01  3.012018e-02 
 1.342983e+01  3.012022e-02 
 1.343016e+01  3.012025e-02 
 1.343048e+01  3.012029e-02 
 1.343080e+01  3.012032e-02 
 1.343112e+01  3.012036e-02 
 1.343144e+01  3.012040e-02 
 1.343176e+01  3.012043e-02 
 1.343209e+01  3.012047e-02 
 1.343241e+01  3.012050e-02 
 1.343273e+01  3.012054e-02 
 1.343305e+01  3.012058e-02 
 1.343337e+01  3.012061e-02 
 1.343369e+01  3.012065e-02 
 1.343401e+01  3.012068e-02 
 1.343434e+01  3.012072e-02 
 1.343466e+01  3.012076e-02 
 1.343498e+01  3.012080e-02 
 1.343530e+01  3.012083e-02 
 1.343562e+01  3.012087e-02 
 1.343594e+01  3.012091e-02 
 1.343627e+01  3.012095e-02 
 1.343659e+01  3.012098e-02 
 1.343691e+01  3.012102e-02 
 1.343723e+01  3.012106e-02 
 1.343755e+01  3.012110e-02 
 1.343787e+01  3.012114e-02 
 1.343819e+01  3.012117e-02 
 1.343852e+01  3.012121e-02 
 1.343884e+01  3.012125e-02 
 1.343916e+01  3.012129e-02 
 1.343948e+01  3.012133e-02 
 1.343980e+01  3.012137e-02 
 1.344012e+01  3.012141e-02 
 1.344045e+01  3.012145e-02 
 1.344077e+01  3.012149e-02 
 1.344109e+01  3.012153e-02 
 1.344141e+01  3.012157e-02 
 1.344173e+01  3.012161e-02 
 1.344205e+01  3.012165e-02 
 1.344237e+01  3.012169e-02 
 1.344270e+01  3.012173e-02 
 1.344302e+01  3.012177e-02 
 1.344334e+01  3.012181e-02 
 1.344366e+01  3.012185e-02 
 1.344398e+01  3.012189e-02 
 1.344430e+01  3.012193e-02 
 1.344463e+01  3.012197e-02 
 1.344495e+01  3.012202e-02 
 1.344527e+01  3.012206e-02 
 1.344559e+01  3.012210e-02 
 1.344591e+01  3.012214e-02 
 1.344623e+01  3.012218e-02 
 1.344656e+01  3.012222e-02 
 1.344688e+01  3.012227e-02 
 1.344720e+01  3.012231e-02 
 1.344752e+01  3.012235e-02 
 1.344784e+01  3.012239e-02 
 1.344816e+01  3.012244e-02 
 1.344848e+01  3.012248e-02 
 1.344881e+01  3.012252e-02 
 1.344913e+01  3.012257e-02 
 1.344945e+01  3.012261e-02 
 1.344977e+01  3.012265e-02 
 1.345009e+01  3.012270e-02 
 1.345041e+01  3.012274e-02 
 1.345074e+01  3.012278e-02 
 1.345106e+01  3.012283e-02 
 1.345138e+01  3.012287e-02 
 1.345170e+01  3.012291e-02 
 1.345202e+01  3.012296e-02 
 1.345234e+01  3.012300e-02 
 1.345266e+01  3.012305e-02 
 1.345299e+01  3.012309e-02 
 1.345331e+01  3.012313e-02 
 1.345363e+01  3.012318e-02 
 1.345395e+01  3.012322e-02 
 1.345427e+01  3.012327e-02 
 1.345459e+01  3.012331e-02 
 1.345492e+01  3.012336e-02 
 1.345524e+01  3.012340e-02 
 1.345556e+01  3.012345e-02 
 1.345588e+01  3.012349e-02 
 1.345620e+01  3.012354e-02 
 1.345652e+01  3.012358e-02 
 1.345685e+01  3.012363e-02 
 1.345717e+01  3.012367e-02 
 1.345749e+01  3.012372e-02 
 1.345781e+01  3.012376e-02 
 1.345813e+01  3.012381e-02 
 1.345845e+01  3.012386e-02 
 1.345877e+01  3.012390e-02 
 1.345910e+01  3.012395e-02 
 1.345942e+01  3.012399e-02 
 1.345974e+01  3.012404e-02 
 1.346006e+01  3.012409e-02 
 1.346038e+01  3.012413e-02 
 1.346070e+01  3.012418e-02 
 1.346103e+01  3.012422e-02 
 1.346135e+01  3.012427e-02 
 1.346167e+01  3.012432e-02 
 1.346199e+01  3.012436e-02 
 1.346231e+01  3.012441e-02 
 1.346263e+01  3.012446e-02 
 1.346295e+01  3.012450e-02 
 1.346328e+01  3.012455e-02 
 1.346360e+01  3.012460e-02 
 1.346392e+01  3.012464e-02 
 1.346424e+01  3.012469e-02 
 1.346456e+01  3.012474e-02 
 1.346488e+01  3.012478e-02 
 1.346521e+01  3.012483e-02 
 1.346553e+01  3.012488e-02 
 1.346585e+01  3.012493e-02 
 1.346617e+01  3.012497e-02 
 1.346649e+01  3.012502e-02 
 1.346681e+01  3.012507e-02 
 1.346713e+01  3.012511e-02 
 1.346746e+01  3.012516e-02 
 1.346778e+01  3.012521e-02 
 1.346810e+01  3.012526e-02 
 1.346842e+01  3.012530e-02 
 1.346874e+01  3.012535e-02 
 1.346906e+01  3.012540e-02 
 1.346939e+01  3.012545e-02 
 1.346971e+01  3.012549e-02 
 1.347003e+01  3.012554e-02 
 1.347035e+01  3.012559e-02 
 1.347067e+01  3.012563e-02 
 1.347099e+01  3.012568e-02 
 1.347132e+01  3.012573e-02 
 1.347164e+01  3.012578e-02 
 1.347196e+01  3.012582e-02 
 1.347228e+01  3.012587e-02 
 1.347260e+01  3.012592e-02 
 1.347292e+01  3.012597e-02 
 1.347324e+01  3.012601e-02 
 1.347357e+01  3.012606e-02 
 1.347389e+01  3.012611e-02 
 1.347421e+01  3.012616e-02 
 1.347453e+01  3.012620e-02 
 1.347485e+01  3.012625e-02 
 1.347517e+01  3.012630e-02 
 1.347550e+01  3.012635e-02 
 1.347582e+01  3.012639e-02 
 1.347614e+01  3.012644e-02 
 1.347646e+01  3.012649e-02 
 1.347678e+01  3.012654e-02 
 1.347710e+01  3.012658e-02 
 1.347742e+01  3.012663e-02 
 1.347775e+01  3.012668e-02 
 1.347807e+01  3.012673e-02 
 1.347839e+01  3.012677e-02 
 1.347871e+01  3.012682e-02 
 1.347903e+01  3.012687e-02 
 1.347935e+01  3.012692e-02 
 1.347968e+01  3.012696e-02 
 1.348000e+01  3.012701e-02 
 1.348032e+01  3.012706e-02 
 1.348064e+01  3.012710e-02 
 1.348096e+01  3.012715e-02 
 1.348128e+01  3.012720e-02 
 1.348160e+01  3.012725e-02 
 1.348193e+01  3.012729e-02 
 1.348225e+01  3.012734e-02 
 1.348257e+01  3.012739e-02 
 1.348289e+01  3.012743e-02 
 1.348321e+01  3.012748e-02 
 1.348353e+01  3.012753e-02 
 1.348386e+01  3.012757e-02 
 1.348418e+01  3.012762e-02 
 1.348450e+01  3.012767e-02 
 1.348482e+01  3.012771e-02 
 1.348514e+01  3.012776e-02 
 1.348546e+01  3.012781e-02 
 1.348579e+01  3.012785e-02 
 1.348611e+01  3.012790e-02 
 1.348643e+01  3.012794e-02 
 1.348675e+01  3.012799e-02 
 1.348707e+01  3.012804e-02 
 1.348739e+01  3.012808e-02 
 1.348771e+01  3.012813e-02 
 1.348804e+01  3.012817e-02 
 1.348836e+01  3.012822e-02 
 1.348868e+01  3.012827e-02 
 1.348900e+01  3.012831e-02 
 1.348932e+01  3.012836e-02 
 1.348964e+01  3.012840e-02 
 1.348997e+01  3.012845e-02 
 1.349029e+01  3.012849e-02 
 1.349061e+01  3.012854e-02 
 1.349093e+01  3.012858e-02 
 1.349125e+01  3.012863e-02 
 1.349157e+01  3.012867e-02 
 1.349189e+01  3.012872e-02 
 1.349222e+01  3.012876e-02 
 1.349254e+01  3.012881e-02 
 1.349286e+01  3.012885e-02 
 1.349318e+01  3.012890e-02 
 1.349350e+01  3.012894e-02 
 1.349382e+01  3.012899e-02 
 1.349415e+01  3.012903e-02 
 1.349447e+01  3.012908e-02 
 1.349479e+01  3.012912e-02 
 1.349511e+01  3.012916e-02 
 1.349543e+01  3.012921e-02 
 1.349575e+01  3.012925e-02 
 1.349607e+01  3.012930e-02 
 1.349640e+01  3.012934e-02 
 1.349672e+01  3.012938e-02 
 1.349704e+01  3.012943e-02 
 1.349736e+01  3.012947e-02 
 1.349768e+01  3.012951e-02 
 1.349800e+01  3.012956e-02 
 1.349833e+01  3.012960e-02 
 1.349865e+01  3.012964e-02 
 1.349897e+01  3.012969e-02 
 1.349929e+01  3.012973e-02 
 1.349961e+01  3.012977e-02 
 1.349993e+01  3.012981e-02 
 1.350026e+01  3.012986e-02 
 1.350058e+01  3.012990e-02 
 1.350090e+01  3.012994e-02 
 1.350122e+01  3.012998e-02 
 1.350154e+01  3.013003e-02 
 1.350186e+01  3.013007e-02 
 1.350218e+01  3.013011e-02 
 1.350251e+01  3.013015e-02 
 1.350283e+01  3.013019e-02 
 1.350315e+01  3.013024e-02 
 1.350347e+01  3.013028e-02 
 1.350379e+01  3.013032e-02 
 1.350411e+01  3.013036e-02 
 1.350444e+01  3.013040e-02 
 1.350476e+01  3.013044e-02 
 1.350508e+01  3.013048e-02 
 1.350540e+01  3.013052e-02 
 1.350572e+01  3.013056e-02 
 1.350604e+01  3.013061e-02 
 1.350636e+01  3.013065e-02 
 1.350669e+01  3.013069e-02 
 1.350701e+01  3.013073e-02 
 1.350733e+01  3.013077e-02 
 1.350765e+01  3.013081e-02 
 1.350797e+01  3.013085e-02 
 1.350829e+01  3.013089e-02 
 1.350862e+01  3.013093e-02 
 1.350894e+01  3.013097e-02 
 1.350926e+01  3.013101e-02 
 1.350958e+01  3.013104e-02 
 1.350990e+01  3.013108e-02 
 1.351022e+01  3.013112e-02 
 1.351054e+01  3.013116e-02 
 1.351087e+01  3.013120e-02 
 1.351119e+01  3.013124e-02 
 1.351151e+01  3.013128e-02 
 1.351183e+01  3.013132e-02 
 1.351215e+01  3.013135e-02 
 1.351247e+01  3.013139e-02 
 1.351280e+01  3.013143e-02 
 1.351312e+01  3.013147e-02 
 1.351344e+01  3.013151e-02 
 1.351376e+01  3.013154e-02 
 1.351408e+01  3.013158e-02 
 1.351440e+01  3.013162e-02 
 1.351473e+01  3.013166e-02 
 1.351505e+01  3.013169e-02 
 1.351537e+01  3.013173e-02 
 1.351569e+01  3.013177e-02 
 1.351601e+01  3.013180e-02 
 1.351633e+01  3.013184e-02 
 1.351665e+01  3.013188e-02 
 1.351698e+01  3.013191e-02 
 1.351730e+01  3.013195e-02 
 1.351762e+01  3.013198e-02 
 1.351794e+01  3.013202e-02 
 1.351826e+01  3.013206e-02 
 1.351858e+01  3.013209e-02 
 1.351891e+01  3.013213e-02 
 1.351923e+01  3.013216e-02 
 1.351955e+01  3.013220e-02 
 1.351987e+01  3.013223e-02 
 1.352019e+01  3.013227e-02 
 1.352051e+01  3.013230e-02 
 1.352083e+01  3.013234e-02 
 1.352116e+01  3.013237e-02 
 1.352148e+01  3.013240e-02 
 1.352180e+01  3.013244e-02 
 1.352212e+01  3.013247e-02 
 1.352244e+01  3.013250e-02 
 1.352276e+01  3.013254e-02 
 1.352309e+01  3.013257e-02 
 1.352341e+01  3.013260e-02 
 1.352373e+01  3.013264e-02 
 1.352405e+01  3.013267e-02 
 1.352437e+01  3.013270e-02 
 1.352469e+01  3.013273e-02 
 1.352501e+01  3.013277e-02 
 1.352534e+01  3.013280e-02 
 1.352566e+01  3.013283e-02 
 1.352598e+01  3.013286e-02 
 1.352630e+01  3.013289e-02 
 1.352662e+01  3.013292e-02 
 1.352694e+01  3.013296e-02 
 1.352727e+01  3.013299e-02 
 1.352759e+01  3.013302e-02 
 1.352791e+01  3.013305e-02 
 1.352823e+01  3.013308e-02 
 1.352855e+01  3.013311e-02 
 1.352887e+01  3.013314e-02 
 1.352920e+01  3.013317e-02 
 1.352952e+01  3.013320e-02 
 1.352984e+01  3.013323e-02 
 1.353016e+01  3.013326e-02 
 1.353048e+01  3.013329e-02 
 1.353080e+01  3.013331e-02 
 1.353112e+01  3.013334e-02 
 1.353145e+01  3.013337e-02 
 1.353177e+01  3.013340e-02 
 1.353209e+01  3.013343e-02 
 1.353241e+01  3.013346e-02 
 1.353273e+01  3.013348e-02 
 1.353305e+01  3.013351e-02 
 1.353338e+01  3.013354e-02 
 1.353370e+01  3.013357e-02 
 1.353402e+01  3.013359e-02 
 1.353434e+01  3.013362e-02 
 1.353466e+01  3.013365e-02 
 1.353498e+01  3.013367e-02 
 1.353530e+01  3.013370e-02 
 1.353563e+01  3.013372e-02 
 1.353595e+01  3.013375e-02 
 1.353627e+01  3.013378e-02 
 1.353659e+01  3.013380e-02 
 1.353691e+01  3.013383e-02 
 1.353723e+01  3.013385e-02 
 1.353756e+01  3.013388e-02 
 1.353788e+01  3.013390e-02 
 1.353820e+01  3.013392e-02 
 1.353852e+01  3.013395e-02 
 1.353884e+01  3.013397e-02 
 1.353916e+01  3.013400e-02 
 1.353948e+01  3.013402e-02 
 1.353981e+01  3.013404e-02 
 1.354013e+01  3.013407e-02 
 1.354045e+01  3.013409e-02 
 1.354077e+01  3.013411e-02 
 1.354109e+01  3.013413e-02 
 1.354141e+01  3.013416e-02 
 1.354174e+01  3.013418e-02 
 1.354206e+01  3.013420e-02 
 1.354238e+01  3.013422e-02 
 1.354270e+01  3.013424e-02 
 1.354302e+01  3.013427e-02 
 1.354334e+01  3.013429e-02 
 1.354367e+01  3.013431e-02 
 1.354399e+01  3.013433e-02 
 1.354431e+01  3.013435e-02 
 1.354463e+01  3.013437e-02 
 1.354495e+01  3.013439e-02 
 1.354527e+01  3.013441e-02 
 1.354559e+01  3.013443e-02 
 1.354592e+01  3.013445e-02 
 1.354624e+01  3.013447e-02 
 1.354656e+01  3.013449e-02 
 1.354688e+01  3.013451e-02 
 1.354720e+01  3.013453e-02 
 1.354752e+01  3.013455e-02 
 1.354785e+01  3.013456e-02 
 1.354817e+01  3.013458e-02 
 1.354849e+01  3.013460e-02 
 1.354881e+01  3.013462e-02 
 1.354913e+01  3.013464e-02 
 1.354945e+01  3.013465e-02 
 1.354977e+01  3.013467e-02 
 1.355010e+01  3.013469e-02 
 1.355042e+01  3.013471e-02 
 1.355074e+01  3.013472e-02 
 1.355106e+01  3.013474e-02 
 1.355138e+01  3.013475e-02 
 1.355170e+01  3.013477e-02 
 1.355203e+01  3.013479e-02 
 1.355235e+01  3.013480e-02 
 1.355267e+01  3.013482e-02 
 1.355299e+01  3.013483e-02 
 1.355331e+01  3.013485e-02 
 1.355363e+01  3.013486e-02 
 1.355395e+01  3.013488e-02 
 1.355428e+01  3.013489e-02 
 1.355460e+01  3.013491e-02 
 1.355492e+01  3.013492e-02 
 1.355524e+01  3.013494e-02 
 1.355556e+01  3.013495e-02 
 1.355588e+01  3.013496e-02 
 1.355621e+01  3.013498e-02 
 1.355653e+01  3.013499e-02 
 1.355685e+01  3.013500e-02 
 1.355717e+01  3.013502e-02 
 1.355749e+01  3.013503e-02 
 1.355781e+01  3.013504e-02 
 1.355814e+01  3.013505e-02 
 1.355846e+01  3.013506e-02 
 1.355878e+01  3.013508e-02 
 1.355910e+01  3.013509e-02 
 1.355942e+01  3.013510e-02 
 1.355974e+01  3.013511e-02 
 1.356006e+01  3.013512e-02 
 1.356039e+01  3.013513e-02 
 1.356071e+01  3.013514e-02 
 1.356103e+01  3.013515e-02 
 1.356135e+01  3.013516e-02 
 1.356167e+01  3.013517e-02 
 1.356199e+01  3.013518e-02 
 1.356232e+01  3.013519e-02 
 1.356264e+01  3.013520e-02 
 1.356296e+01  3.013521e-02 
 1.356328e+01  3.013522e-02 
 1.356360e+01  3.013523e-02 
 1.356392e+01  3.013523e-02 
 1.356424e+01  3.013524e-02 
 1.356457e+01  3.013525e-02 
 1.356489e+01  3.013526e-02 
 1.356521e+01  3.013527e-02 
 1.356553e+01  3.013527e-02 
 1.356585e+01  3.013528e-02 
 1.356617e+01  3.013529e-02 
 1.356650e+01  3.013529e-02 
 1.356682e+01  3.013530e-02 
 1.356714e+01  3.013530e-02 
 1.356746e+01  3.013531e-02 
 1.356778e+01  3.013532e-02 
 1.356810e+01  3.013532e-02 
 1.356842e+01  3.013533e-02 
 1.356875e+01  3.013533e-02 
 1.356907e+01  3.013534e-02 
 1.356939e+01  3.013534e-02 
 1.356971e+01  3.013534e-02 
 1.357003e+01  3.013535e-02 
 1.357035e+01  3.013535e-02 
 1.357068e+01  3.013535e-02 
 1.357100e+01  3.013536e-02 
 1.357132e+01  3.013536e-02 
 1.357164e+01  3.013536e-02 
 1.357196e+01  3.013537e-02 
 1.357228e+01  3.013537e-02 
 1.357261e+01  3.013537e-02 
 1.357293e+01  3.013537e-02 
 1.357325e+01  3.013537e-02 
 1.357357e+01  3.013537e-02 
 1.357389e+01  3.013537e-02 
 1.357421e+01  3.013538e-02 
 1.357453e+01  3.013538e-02 
 1.357486e+01  3.013538e-02 
 1.357518e+01  3.013538e-02 
 1.357550e+01  3.013538e-02 
 1.357582e+01  3.013538e-02 
 1.357614e+01  3.013537e-02 
 1.357646e+01  3.013537e-02 
 1.357679e+01  3.013537e-02 
 1.357711e+01  3.013537e-02 
 1.357743e+01  3.013537e-02 
 1.357775e+01  3.013537e-02 
 1.357807e+01  3.013536e-02 
 1.357839e+01  3.013536e-02 
 1.357871e+01  3.013536e-02 
 1.357904e+01  3.013536e-02 
 1.357936e+01  3.013535e-02 
 1.357968e+01  3.013535e-02 
 1.358000e+01  3.013535e-02 
 1.358032e+01  3.013534e-02 
 1.358064e+01  3.013534e-02 
 1.358097e+01  3.013533e-02 
 1.358129e+01  3.013533e-02 
 1.358161e+01  3.013532e-02 
 1.358193e+01  3.013532e-02 
 1.358225e+01  3.013531e-02 
 1.358257e+01  3.013531e-02 
 1.358290e+01  3.013530e-02 
 1.358322e+01  3.013529e-02 
 1.358354e+01  3.013529e-02 
 1.358386e+01  3.013528e-02 
 1.358418e+01  3.013527e-02 
 1.358450e+01  3.013527e-02 
 1.358482e+01  3.013526e-02 
 1.358515e+01  3.013525e-02 
 1.358547e+01  3.013524e-02 
 1.358579e+01  3.013523e-02 
 1.358611e+01  3.013523e-02 
 1.358643e+01  3.013522e-02 
 1.358675e+01  3.013521e-02 
 1.358708e+01  3.013520e-02 
 1.358740e+01  3.013519e-02 
 1.358772e+01  3.013518e-02 
 1.358804e+01  3.013517e-02 
 1.358836e+01  3.013516e-02 
 1.358868e+01  3.013515e-02 
 1.358900e+01  3.013514e-02 
 1.358933e+01  3.013513e-02 
 1.358965e+01  3.013511e-02 
 1.358997e+01  3.013510e-02 
 1.359029e+01  3.013509e-02 
 1.359061e+01  3.013508e-02 
 1.359093e+01  3.013507e-02 
 1.359126e+01  3.013505e-02 
 1.359158e+01  3.013504e-02 
 1.359190e+01  3.013503e-02 
 1.359222e+01  3.013501e-02 
 1.359254e+01  3.013500e-02 
 1.359286e+01  3.013499e-02 
 1.359318e+01  3.013497e-02 
 1.359351e+01  3.013496e-02 
 1.359383e+01  3.013494e-02 
 1.359415e+01  3.013493e-02 
 1.359447e+01  3.013491e-02 
 1.359479e+01  3.013490e-02 
 1.359511e+01  3.013488e-02 
 1.359544e+01  3.013487e-02 
 1.359576e+01  3.013485e-02 
 1.359608e+01  3.013483e-02 
 1.359640e+01  3.013482e-02 
 1.359672e+01  3.013480e-02 
 1.359704e+01  3.013478e-02 
 1.359737e+01  3.013476e-02 
 1.359769e+01  3.013475e-02 
 1.359801e+01  3.013473e-02 
 1.359833e+01  3.013471e-02 
 1.359865e+01  3.013469e-02 
 1.359897e+01  3.013467e-02 
 1.359929e+01  3.013465e-02 
 1.359962e+01  3.013463e-02 
 1.359994e+01  3.013461e-02 
 1.360026e+01  3.013459e-02 
 1.360058e+01  3.013457e-02 
 1.360090e+01  3.013455e-02 
 1.360122e+01  3.013453e-02 
 1.360155e+01  3.013451e-02 
 1.360187e+01  3.013449e-02 
 1.360219e+01  3.013447e-02 
 1.360251e+01  3.013445e-02 
 1.360283e+01  3.013443e-02 
 1.360315e+01  3.013440e-02 
 1.360347e+01  3.013438e-02 
 1.360380e+01  3.013436e-02 
 1.360412e+01  3.013434e-02 
 1.360444e+01  3.013431e-02 
 1.360476e+01  3.013429e-02 
 1.360508e+01  3.013427e-02 
 1.360540e+01  3.013424e-02 
 1.360573e+01  3.013422e-02 
 1.360605e+01  3.013419e-02 
 1.360637e+01  3.013417e-02 
 1.360669e+01  3.013415e-02 
 1.360701e+01  3.013412e-02 
 1.360733e+01  3.013409e-02 
 1.360765e+01  3.013407e-02 
 1.360798e+01  3.013404e-02 
 1.360830e+01  3.013402e-02 
 1.360862e+01  3.013399e-02 
 1.360894e+01  3.013396e-02 
 1.360926e+01  3.013394e-02 
 1.360958e+01  3.013391e-02 
 1.360991e+01  3.013388e-02 
 1.361023e+01  3.013386e-02 
 1.361055e+01  3.013383e-02 
 1.361087e+01  3.013380e-02 
 1.361119e+01  3.013377e-02 
 1.361151e+01  3.013374e-02 
 1.361184e+01  3.013371e-02 
 1.361216e+01  3.013369e-02 
 1.361248e+01  3.013366e-02 
 1.361280e+01  3.013363e-02 
 1.361312e+01  3.013360e-02 
 1.361344e+01  3.013357e-02 
 1.361376e+01  3.013354e-02 
 1.361409e+01  3.013351e-02 
 1.361441e+01  3.013348e-02 
 1.361473e+01  3.013345e-02 
 1.361505e+01  3.013342e-02 
 1.361537e+01  3.013338e-02 
 1.361569e+01  3.013335e-02 
 1.361602e+01  3.013332e-02 
 1.361634e+01  3.013329e-02 
 1.361666e+01  3.013326e-02 
 1.361698e+01  3.013322e-02 
 1.361730e+01  3.013319e-02 
 1.361762e+01  3.013316e-02 
 1.361794e+01  3.013313e-02 
 1.361827e+01  3.013309e-02 
 1.361859e+01  3.013306e-02 
 1.361891e+01  3.013303e-02 
 1.361923e+01  3.013299e-02 
 1.361955e+01  3.013296e-02 
 1.361987e+01  3.013293e-02 
 1.362020e+01  3.013289e-02 
 1.362052e+01  3.013286e-02 
 1.362084e+01  3.013282e-02 
 1.362116e+01  3.013279e-02 
 1.362148e+01  3.013275e-02 
 1.362180e+01  3.013272e-02 
 1.362212e+01  3.013268e-02 
 1.362245e+01  3.013265e-02 
 1.362277e+01  3.013261e-02 
 1.362309e+01  3.013257e-02 
 1.362341e+01  3.013254e-02 
 1.362373e+01  3.013250e-02 
 1.362405e+01  3.013247e-02 
 1.362438e+01  3.013243e-02 
 1.362470e+01  3.013239e-02 
 1.362502e+01  3.013236e-02 
 1.362534e+01  3.013232e-02 
 1.362566e+01  3.013228e-02 
 1.362598e+01  3.013224e-02 
 1.362631e+01  3.013221e-02 
 1.362663e+01  3.013217e-02 
 1.362695e+01  3.013213e-02 
 1.362727e+01  3.013209e-02 
 1.362759e+01  3.013205e-02 
 1.362791e+01  3.013202e-02 
 1.362823e+01  3.013198e-02 
 1.362856e+01  3.013194e-02 
 1.362888e+01  3.013190e-02 
 1.362920e+01  3.013186e-02 
 1.362952e+01  3.013182e-02 
 1.362984e+01  3.013178e-02 
 1.363016e+01  3.013174e-02 
 1.363049e+01  3.013170e-02 
 1.363081e+01  3.013166e-02 
 1.363113e+01  3.013162e-02 
 1.363145e+01  3.013158e-02 
 1.363177e+01  3.013154e-02 
 1.363209e+01  3.013150e-02 
 1.363241e+01  3.013146e-02 
 1.363274e+01  3.013142e-02 
 1.363306e+01  3.013138e-02 
 1.363338e+01  3.013134e-02 
 1.363370e+01  3.013130e-02 
 1.363402e+01  3.013126e-02 
 1.363434e+01  3.013122e-02 
 1.363467e+01  3.013117e-02 
 1.363499e+01  3.013113e-02 
 1.363531e+01  3.013109e-02 
 1.363563e+01  3.013105e-02 
 1.363595e+01  3.013101e-02 
 1.363627e+01  3.013097e-02 
 1.363659e+01  3.013092e-02 
 1.363692e+01  3.013088e-02 
 1.363724e+01  3.013084e-02 
 1.363756e+01  3.013080e-02 
 1.363788e+01  3.013075e-02 
 1.363820e+01  3.013071e-02 
 1.363852e+01  3.013067e-02 
 1.363885e+01  3.013062e-02 
 1.363917e+01  3.013058e-02 
 1.363949e+01  3.013054e-02 
 1.363981e+01  3.013049e-02 
 1.364013e+01  3.013045e-02 
 1.364045e+01  3.013041e-02 
 1.364078e+01  3.013036e-02 
 1.364110e+01  3.013032e-02 
 1.364142e+01  3.013027e-02 
 1.364174e+01  3.013023e-02 
 1.364206e+01  3.013019e-02 
 1.364238e+01  3.013014e-02 
 1.364270e+01  3.013010e-02 
 1.364303e+01  3.013005e-02 
 1.364335e+01  3.013001e-02 
 1.364367e+01  3.012996e-02 
 1.364399e+01  3.012992e-02 
 1.364431e+01  3.012987e-02 
 1.364463e+01  3.012983e-02 
 1.364496e+01  3.012978e-02 
 1.364528e+01  3.012973e-02 
 1.364560e+01  3.012969e-02 
 1.364592e+01  3.012964e-02 
 1.364624e+01  3.012960e-02 
 1.364656e+01  3.012955e-02 
 1.364688e+01  3.012950e-02 
 1.364721e+01  3.012946e-02 
 1.364753e+01  3.012941e-02 
 1.364785e+01  3.012936e-02 
 1.364817e+01  3.012932e-02 
 1.364849e+01  3.012927e-02 
 1.364881e+01  3.012922e-02 
 1.364914e+01  3.012918e-02 
 1.364946e+01  3.012913e-02 
 1.364978e+01  3.012908e-02 
 1.365010e+01  3.012903e-02 
 1.365042e+01  3.012899e-02 
 1.365074e+01  3.012894e-02 
 1.365106e+01  3.012889e-02 
 1.365139e+01  3.012884e-02 
 1.365171e+01  3.012879e-02 
 1.365203e+01  3.012875e-02 
 1.365235e+01  3.012870e-02 
 1.365267e+01  3.012865e-02 
 1.365299e+01  3.012860e-02 
 1.365332e+01  3.012855e-02 
 1.365364e+01  3.012850e-02 
 1.365396e+01  3.012845e-02 
 1.365428e+01  3.012840e-02 
 1.365460e+01  3.012835e-02 
 1.365492e+01  3.012831e-02 
 1.365525e+01  3.012826e-02 
 1.365557e+01  3.012821e-02 
 1.365589e+01  3.012816e-02 
 1.365621e+01  3.012811e-02 
 1.365653e+01  3.012806e-02 
 1.365685e+01  3.012801e-02 
 1.365717e+01  3.012796e-02 
 1.365750e+01  3.012791e-02 
 1.365782e+01  3.012786e-02 
 1.365814e+01  3.012780e-02 
 1.365846e+01  3.012775e-02 
 1.365878e+01  3.012770e-02 
 1.365910e+01  3.012765e-02 
 1.365943e+01  3.012760e-02 
 1.365975e+01  3.012755e-02 
 1.366007e+01  3.012750e-02 
 1.366039e+01  3.012745e-02 
 1.366071e+01  3.012740e-02 
 1.366103e+01  3.012734e-02 
 1.366135e+01  3.012729e-02 
 1.366168e+01  3.012724e-02 
 1.366200e+01  3.012719e-02 
 1.366232e+01  3.012714e-02 
 1.366264e+01  3.012709e-02 
 1.366296e+01  3.012703e-02 
 1.366328e+01  3.012698e-02 
 1.366361e+01  3.012693e-02 
 1.366393e+01  3.012688e-02 
 1.366425e+01  3.012682e-02 
 1.366457e+01  3.012677e-02 
 1.366489e+01  3.012672e-02 
 1.366521e+01  3.012667e-02 
 1.366553e+01  3.012661e-02 
 1.366586e+01  3.012656e-02 
 1.366618e+01  3.012651e-02 
 1.366650e+01  3.012646e-02 
 1.366682e+01  3.012640e-02 
 1.366714e+01  3.012635e-02 
 1.366746e+01  3.012630e-02 
 1.366779e+01  3.012624e-02 
 1.366811e+01  3.012619e-02 
 1.366843e+01  3.012614e-02 
 1.366875e+01  3.012608e-02 
 1.366907e+01  3.012603e-02 
 1.366939e+01  3.012598e-02 
 1.366972e+01  3.012592e-02 
 1.367004e+01  3.012587e-02 
 1.367036e+01  3.012582e-02 
 1.367068e+01  3.012576e-02 
 1.367100e+01  3.012571e-02 
 1.367132e+01  3.012565e-02 
 1.367164e+01  3.012560e-02 
 1.367197e+01  3.012555e-02 
 1.367229e+01  3.012549e-02 
 1.367261e+01  3.012544e-02 
 1.367293e+01  3.012539e-02 
 1.367325e+01  3.012533e-02 
 1.367357e+01  3.012528e-02 
 1.367390e+01  3.012522e-02 
 1.367422e+01  3.012517e-02 
 1.367454e+01  3.012512e-02 
 1.367486e+01  3.012506e-02 
 1.367518e+01  3.012501e-02 
 1.367550e+01  3.012496e-02 
 1.367582e+01  3.012490e-02 
 1.367615e+01  3.012485e-02 
 1.367647e+01  3.012479e-02 
 1.367679e+01  3.012474e-02 
 1.367711e+01  3.012469e-02 
 1.367743e+01  3.012463e-02 
 1.367775e+01  3.012458e-02 
 1.367808e+01  3.012452e-02 
 1.367840e+01  3.012447e-02 
 1.367872e+01  3.012442e-02 
 1.367904e+01  3.012436e-02 
 1.367936e+01  3.012431e-02 
 1.367968e+01  3.012426e-02 
 1.368000e+01  3.012420e-02 
 1.368033e+01  3.012415e-02 
 1.368065e+01  3.012409e-02 
 1.368097e+01  3.012404e-02 
 1.368129e+01  3.012399e-02 
 1.368161e+01  3.012393e-02 
 1.368193e+01  3.012388e-02 
 1.368226e+01  3.012383e-02 
 1.368258e+01  3.012377e-02 
 1.368290e+01  3.012372e-02 
 1.368322e+01  3.012367e-02 
 1.368354e+01  3.012361e-02 
 1.368386e+01  3.012356e-02 
 1.368419e+01  3.012351e-02 
 1.368451e+01  3.012345e-02 
 1.368483e+01  3.012340e-02 
 1.368515e+01  3.012335e-02 
 1.368547e+01  3.012330e-02 
 1.368579e+01  3.012324e-02 
 1.368611e+01  3.012319e-02 
 1.368644e+01  3.012314e-02 
 1.368676e+01  3.012308e-02 
 1.368708e+01  3.012303e-02 
 1.368740e+01  3.012298e-02 
 1.368772e+01  3.012293e-02 
 1.368804e+01  3.012288e-02 
 1.368837e+01  3.012282e-02 
 1.368869e+01  3.012277e-02 
 1.368901e+01  3.012272e-02 
 1.368933e+01  3.012267e-02 
 1.368965e+01  3.012262e-02 
 1.368997e+01  3.012256e-02 
 1.369029e+01  3.012251e-02 
 1.369062e+01  3.012246e-02 
 1.369094e+01  3.012241e-02 
 1.369126e+01  3.012236e-02 
 1.369158e+01  3.012231e-02 
 1.369190e+01  3.012226e-02 
 1.369222e+01  3.012220e-02 
 1.369255e+01  3.012215e-02 
 1.369287e+01  3.012210e-02 
 1.369319e+01  3.012205e-02 
 1.369351e+01  3.012200e-02 
 1.369383e+01  3.012195e-02 
 1.369415e+01  3.012190e-02 
 1.369448e+01  3.012185e-02 
 1.369480e+01  3.012180e-02 
 1.369512e+01  3.012175e-02 
 1.369544e+01  3.012170e-02 
 1.369576e+01  3.012165e-02 
 1.369608e+01  3.012160e-02 
 1.369640e+01  3.012155e-02 
 1.369673e+01  3.012150e-02 
 1.369705e+01  3.012146e-02 
 1.369737e+01  3.012141e-02 
 1.369769e+01  3.012136e-02 
 1.369801e+01  3.012131e-02 
 1.369833e+01  3.012126e-02 
 1.369866e+01  3.012121e-02 
 1.369898e+01  3.012117e-02 
 1.369930e+01  3.012112e-02 
 1.369962e+01  3.012107e-02 
 1.369994e+01  3.012102e-02 
 1.370026e+01  3.012098e-02 
 1.370058e+01  3.012093e-02 
 1.370091e+01  3.012088e-02 
 1.370123e+01  3.012084e-02 
 1.370155e+01  3.012079e-02 
 1.370187e+01  3.012074e-02 
 1.370219e+01  3.012070e-02 
 1.370251e+01  3.012065e-02 
 1.370284e+01  3.012061e-02 
 1.370316e+01  3.012056e-02 
 1.370348e+01  3.012052e-02 
 1.370380e+01  3.012047e-02 
 1.370412e+01  3.012043e-02 
 1.370444e+01  3.012038e-02 
 1.370476e+01  3.012034e-02 
 1.370509e+01  3.012029e-02 
 1.370541e+01  3.012025e-02 
 1.370573e+01  3.012020e-02 
 1.370605e+01  3.012016e-02 
 1.370637e+01  3.012012e-02 
 1.370669e+01  3.012007e-02 
 1.370702e+01  3.012003e-02 
 1.370734e+01  3.011999e-02 
 1.370766e+01  3.011995e-02 
 1.370798e+01  3.011990e-02 
 1.370830e+01  3.011986e-02 
 1.370862e+01  3.011982e-02 
 1.370895e+01  3.011978e-02 
 1.370927e+01  3.011974e-02 
 1.370959e+01  3.011970e-02 
 1.370991e+01  3.011966e-02 
 1.371023e+01  3.011962e-02 
 1.371055e+01  3.011958e-02 
 1.371087e+01  3.011954e-02 
 1.371120e+01  3.011950e-02 
 1.371152e+01  3.011946e-02 
 1.371184e+01  3.011942e-02 
 1.371216e+01  3.011938e-02 
 1.371248e+01  3.011934e-02 
 1.371280e+01  3.011930e-02 
 1.371313e+01  3.011926e-02 
 1.371345e+01  3.011922e-02 
 1.371377e+01  3.011919e-02 
 1.371409e+01  3.011915e-02 
 1.371441e+01  3.011911e-02 
 1.371473e+01  3.011908e-02 
 1.371505e+01  3.011904e-02 
 1.371538e+01  3.011900e-02 
 1.371570e+01  3.011897e-02 
 1.371602e+01  3.011893e-02 
 1.371634e+01  3.011890e-02 
 1.371666e+01  3.011886e-02 
 1.371698e+01  3.011883e-02 
 1.371731e+01  3.011879e-02 
 1.371763e+01  3.011876e-02 
 1.371795e+01  3.011872e-02 
 1.371827e+01  3.011869e-02 
 1.371859e+01  3.011865e-02 
 1.371891e+01  3.011862e-02 
 1.371923e+01  3.011859e-02 
 1.371956e+01  3.011856e-02 
 1.371988e+01  3.011852e-02 
 1.372020e+01  3.011849e-02 
 1.372052e+01  3.011846e-02 
 1.372084e+01  3.011843e-02 
 1.372116e+01  3.011840e-02 
 1.372149e+01  3.011837e-02 
 1.372181e+01  3.011833e-02 
 1.372213e+01  3.011830e-02 
 1.372245e+01  3.011827e-02 
 1.372277e+01  3.011824e-02 
 1.372309e+01  3.011822e-02 
 1.372342e+01  3.011819e-02 
 1.372374e+01  3.011816e-02 
 1.372406e+01  3.011813e-02 
 1.372438e+01  3.011810e-02 
 1.372470e+01  3.011807e-02 
 1.372502e+01  3.011804e-02 
 1.372534e+01  3.011802e-02 
 1.372567e+01  3.011799e-02 
 1.372599e+01  3.011796e-02 
 1.372631e+01  3.011794e-02 
 1.372663e+01  3.011791e-02 
 1.372695e+01  3.011788e-02 
 1.372727e+01  3.011786e-02 
 1.372760e+01  3.011783e-02 
 1.372792e+01  3.011781e-02 
 1.372824e+01  3.011778e-02 
 1.372856e+01  3.011776e-02 
 1.372888e+01  3.011773e-02 
 1.372920e+01  3.011771e-02 
 1.372952e+01  3.011769e-02 
 1.372985e+01  3.011766e-02 
 1.373017e+01  3.011764e-02 
 1.373049e+01  3.011762e-02 
 1.373081e+01  3.011760e-02 
 1.373113e+01  3.011757e-02 
 1.373145e+01  3.011755e-02 
 1.373178e+01  3.011753e-02 
 1.373210e+01  3.011751e-02 
 1.373242e+01  3.011749e-02 
 1.373274e+01  3.011747e-02 
 1.373306e+01  3.011745e-02 
 1.373338e+01  3.011743e-02 
 1.373370e+01  3.011741e-02 
 1.373403e+01  3.011739e-02 
 1.373435e+01  3.011737e-02 
 1.373467e+01  3.011735e-02 
 1.373499e+01  3.011733e-02 
 1.373531e+01  3.011731e-02 
 1.373563e+01  3.011730e-02 
 1.373596e+01  3.011728e-02 
 1.373628e+01  3.011726e-02 
 1.373660e+01  3.011724e-02 
 1.373692e+01  3.011723e-02 
 1.373724e+01  3.011721e-02 
 1.373756e+01  3.011719e-02 
 1.373789e+01  3.011718e-02 
 1.373821e+01  3.011716e-02 
 1.373853e+01  3.011715e-02 
 1.373885e+01  3.011713e-02 
 1.373917e+01  3.011712e-02 
 1.373949e+01  3.011710e-02 
 1.373981e+01  3.011709e-02 
 1.374014e+01  3.011707e-02 
 1.374046e+01  3.011706e-02 
 1.374078e+01  3.011705e-02 
 1.374110e+01  3.011703e-02 
 1.374142e+01  3.011702e-02 
 1.374174e+01  3.011701e-02 
 1.374207e+01  3.011700e-02 
 1.374239e+01  3.011698e-02 
 1.374271e+01  3.011697e-02 
 1.374303e+01  3.011696e-02 
 1.374335e+01  3.011695e-02 
 1.374367e+01  3.011694e-02 
 1.374399e+01  3.011693e-02 
 1.374432e+01  3.011692e-02 
 1.374464e+01  3.011691e-02 
 1.374496e+01  3.011690e-02 
 1.374528e+01  3.011689e-02 
 1.374560e+01  3.011688e-02 
 1.374592e+01  3.011687e-02 
 1.374625e+01  3.011687e-02 
 1.374657e+01  3.011686e-02 
 1.374689e+01  3.011685e-02 
 1.374721e+01  3.011684e-02 
 1.374753e+01  3.011684e-02 
 1.374785e+01  3.011683e-02 
 1.374817e+01  3.011682e-02 
 1.374850e+01  3.011682e-02 
 1.374882e+01  3.011681e-02 
 1.374914e+01  3.011681e-02 
 1.374946e+01  3.011680e-02 
 1.374978e+01  3.011680e-02 
 1.375010e+01  3.011679e-02 
 1.375043e+01  3.011679e-02 
 1.375075e+01  3.011678e-02 
 1.375107e+01  3.011678e-02 
 1.375139e+01  3.011678e-02 
 1.375171e+01  3.011677e-02 
 1.375203e+01  3.011677e-02 
 1.375236e+01  3.011677e-02 
 1.375268e+01  3.011677e-02 
 1.375300e+01  3.011676e-02 
 1.375332e+01  3.011676e-02 
 1.375364e+01  3.011676e-02 
 1.375396e+01  3.011676e-02 
 1.375428e+01  3.011676e-02 
 1.375461e+01  3.011676e-02 
 1.375493e+01  3.011676e-02 
 1.375525e+01  3.011676e-02 
 1.375557e+01  3.011676e-02 
 1.375589e+01  3.011676e-02 
 1.375621e+01  3.011677e-02 
 1.375654e+01  3.011677e-02 
 1.375686e+01  3.011677e-02 
 1.375718e+01  3.011677e-02 
 1.375750e+01  3.011678e-02 
 1.375782e+01  3.011678e-02 
 1.375814e+01  3.011678e-02 
 1.375846e+01  3.011679e-02 
 1.375879e+01  3.011679e-02 
 1.375911e+01  3.011680e-02 
 1.375943e+01  3.011680e-02 
 1.375975e+01  3.011681e-02 
 1.376007e+01  3.011681e-02 
 1.376039e+01  3.011682e-02 
 1.376072e+01  3.011682e-02 
 1.376104e+01  3.011683e-02 
 1.376136e+01  3.011684e-02 
 1.376168e+01  3.011685e-02 
 1.376200e+01  3.011685e-02 
 1.376232e+01  3.011686e-02 
 1.376264e+01  3.011687e-02 
 1.376297e+01  3.011688e-02 
 1.376329e+01  3.011689e-02 
 1.376361e+01  3.011690e-02 
 1.376393e+01  3.011691e-02 
 1.376425e+01  3.011692e-02 
 1.376457e+01  3.011693e-02 
 1.376490e+01  3.011694e-02 
 1.376522e+01  3.011695e-02 
 1.376554e+01  3.011696e-02 
 1.376586e+01  3.011697e-02 
 1.376618e+01  3.011699e-02 
 1.376650e+01  3.011700e-02 
 1.376683e+01  3.011701e-02 
 1.376715e+01  3.011703e-02 
 1.376747e+01  3.011704e-02 
 1.376779e+01  3.011705e-02 
 1.376811e+01  3.011707e-02 
 1.376843e+01  3.011708e-02 
 1.376875e+01  3.011710e-02 
 1.376908e+01  3.011711e-02 
 1.376940e+01  3.011713e-02 
 1.376972e+01  3.011715e-02 
 1.377004e+01  3.011716e-02 
 1.377036e+01  3.011718e-02 
 1.377068e+01  3.011720e-02 
 1.377101e+01  3.011722e-02 
 1.377133e+01  3.011723e-02 
 1.377165e+01  3.011725e-02 
 1.377197e+01  3.011727e-02 
 1.377229e+01  3.011729e-02 
 1.377261e+01  3.011731e-02 
 1.377293e+01  3.011733e-02 
 1.377326e+01  3.011735e-02 
 1.377358e+01  3.011737e-02 
 1.377390e+01  3.011739e-02 
 1.377422e+01  3.011741e-02 
 1.377454e+01  3.011744e-02 
 1.377486e+01  3.011746e-02 
 1.377519e+01  3.011748e-02 
 1.377551e+01  3.011750e-02 
 1.377583e+01  3.011753e-02 
 1.377615e+01  3.011755e-02 
 1.377647e+01  3.011757e-02 
 1.377679e+01  3.011760e-02 
 1.377711e+01  3.011762e-02 
 1.377744e+01  3.011765e-02 
 1.377776e+01  3.011767e-02 
 1.377808e+01  3.011770e-02 
 1.377840e+01  3.011772e-02 
 1.377872e+01  3.011775e-02 
 1.377904e+01  3.011778e-02 
 1.377937e+01  3.011780e-02 
 1.377969e+01  3.011783e-02 
 1.378001e+01  3.011786e-02 
 1.378033e+01  3.011789e-02 
 1.378065e+01  3.011792e-02 
 1.378097e+01  3.011795e-02 
 1.378130e+01  3.011797e-02 
 1.378162e+01  3.011800e-02 
 1.378194e+01  3.011803e-02 
 1.378226e+01  3.011806e-02 
 1.378258e+01  3.011809e-02 
 1.378290e+01  3.011813e-02 
 1.378322e+01  3.011816e-02 
 1.378355e+01  3.011819e-02 
 1.378387e+01  3.011822e-02 
 1.378419e+01  3.011825e-02 
 1.378451e+01  3.011828e-02 
 1.378483e+01  3.011832e-02 
 1.378515e+01  3.011835e-02 
 1.378548e+01  3.011838e-02 
 1.378580e+01  3.011842e-02 
 1.378612e+01  3.011845e-02 
 1.378644e+01  3.011849e-02 
 1.378676e+01  3.011852e-02 
 1.378708e+01  3.011856e-02 
 1.378740e+01  3.011859e-02 
 1.378773e+01  3.011863e-02 
 1.378805e+01  3.011866e-02 
 1.378837e+01  3.011870e-02 
 1.378869e+01  3.011874e-02 
 1.378901e+01  3.011877e-02 
 1.378933e+01  3.011881e-02 
 1.378966e+01  3.011885e-02 
 1.378998e+01  3.011889e-02 
 1.379030e+01  3.011892e-02 
 1.379062e+01  3.011896e-02 
 1.379094e+01  3.011900e-02 
 1.379126e+01  3.011904e-02 
 1.379158e+01  3.011908e-02 
 1.379191e+01  3.011912e-02 
 1.379223e+01  3.011916e-02 
 1.379255e+01  3.011920e-02 
 1.379287e+01  3.011924e-02 
 1.379319e+01  3.011928e-02 
 1.379351e+01  3.011932e-02 
 1.379384e+01  3.011936e-02 
 1.379416e+01  3.011941e-02 
 1.379448e+01  3.011945e-02 
 1.379480e+01  3.011949e-02 
 1.379512e+01  3.011953e-02 
 1.379544e+01  3.011958e-02 
 1.379577e+01  3.011962e-02 
 1.379609e+01  3.011966e-02 
 1.379641e+01  3.011971e-02 
 1.379673e+01  3.011975e-02 
 1.379705e+01  3.011979e-02 
 1.379737e+01  3.011984e-02 
 1.379769e+01  3.011988e-02 
 1.379802e+01  3.011993e-02 
 1.379834e+01  3.011998e-02 
 1.379866e+01  3.012002e-02 
 1.379898e+01  3.012007e-02 
 1.379930e+01  3.012011e-02 
 1.379962e+01  3.012016e-02 
 1.379995e+01  3.012021e-02 
 1.380027e+01  3.012026e-02 
 1.380059e+01  3.012030e-02 
 1.380091e+01  3.012035e-02 
 1.380123e+01  3.012040e-02 
 1.380155e+01  3.012045e-02 
 1.380187e+01  3.012050e-02 
 1.380220e+01  3.012055e-02 
 1.380252e+01  3.012059e-02 
 1.380284e+01  3.012064e-02 
 1.380316e+01  3.012069e-02 
 1.380348e+01  3.012074e-02 
 1.380380e+01  3.012079e-02 
 1.380413e+01  3.012085e-02 
 1.380445e+01  3.012090e-02 
 1.380477e+01  3.012095e-02 
 1.380509e+01  3.012100e-02 
 1.380541e+01  3.012105e-02 
 1.380573e+01  3.012110e-02 
 1.380605e+01  3.012115e-02 
 1.380638e+01  3.012121e-02 
 1.380670e+01  3.012126e-02 
 1.380702e+01  3.012131e-02 
 1.380734e+01  3.012137e-02 
 1.380766e+01  3.012142e-02 
 1.380798e+01  3.012147e-02 
 1.380831e+01  3.012153e-02 
 1.380863e+01  3.012158e-02 
 1.380895e+01  3.012164e-02 
 1.380927e+01  3.012169e-02 
 1.380959e+01  3.012174e-02 
 1.380991e+01  3.012180e-02 
 1.381024e+01  3.012186e-02 
 1.381056e+01  3.012191e-02 
 1.381088e+01  3.012197e-02 
 1.381120e+01  3.012202e-02 
 1.381152e+01  3.012208e-02 
 1.381184e+01  3.012214e-02 
 1.381216e+01  3.012219e-02 
 1.381249e+01  3.012225e-02 
 1.381281e+01  3.012231e-02 
 1.381313e+01  3.012236e-02 
 1.381345e+01  3.012242e-02 
 1.381377e+01  3.012248e-02 
 1.381409e+01  3.012254e-02 
 1.381442e+01  3.012260e-02 
 1.381474e+01  3.012265e-02 
 1.381506e+01  3.012271e-02 
 1.381538e+01  3.012277e-02 
 1.381570e+01  3.012283e-02 
 1.381602e+01  3.012289e-02 
 1.381634e+01  3.012295e-02 
 1.381667e+01  3.012301e-02 
 1.381699e+01  3.012307e-02 
 1.381731e+01  3.012313e-02 
 1.381763e+01  3.012319e-02 
 1.381795e+01  3.012325e-02 
 1.381827e+01  3.012331e-02 
 1.381860e+01  3.012337e-02 
 1.381892e+01  3.012343e-02 
 1.381924e+01  3.012349e-02 
 1.381956e+01  3.012356e-02 
 1.381988e+01  3.012362e-02 
 1.382020e+01  3.012368e-02 
 1.382052e+01  3.012374e-02 
 1.382085e+01  3.012380e-02 
 1.382117e+01  3.012387e-02 
 1.382149e+01  3.012393e-02 
 1.382181e+01  3.012399e-02 
 1.382213e+01  3.012405e-02 
 1.382245e+01  3.012412e-02 
 1.382278e+01  3.012418e-02 
 1.382310e+01  3.012424e-02 
 1.382342e+01  3.012431e-02 
 1.382374e+01  3.012437e-02 
 1.382406e+01  3.012443e-02 
 1.382438e+01  3.012450e-02 
 1.382471e+01  3.012456e-02 
 1.382503e+01  3.012463e-02 
 1.382535e+01  3.012469e-02 
 1.382567e+01  3.012475e-02 
 1.382599e+01  3.012482e-02 
 1.382631e+01  3.012488e-02 
 1.382663e+01  3.012495e-02 
 1.382696e+01  3.012501e-02 
 1.382728e+01  3.012508e-02 
 1.382760e+01  3.012514e-02 
 1.382792e+01  3.012521e-02 
 1.382824e+01  3.012528e-02 
 1.382856e+01  3.012534e-02 
 1.382889e+01  3.012541e-02 
 1.382921e+01  3.012547e-02 
 1.382953e+01  3.012554e-02 
 1.382985e+01  3.012561e-02 
 1.383017e+01  3.012567e-02 
 1.383049e+01  3.012574e-02 
 1.383081e+01  3.012580e-02 
 1.383114e+01  3.012587e-02 
 1.383146e+01  3.012594e-02 
 1.383178e+01  3.012600e-02 
 1.383210e+01  3.012607e-02 
 1.383242e+01  3.012614e-02 
 1.383274e+01  3.012621e-02 
 1.383307e+01  3.012627e-02 
 1.383339e+01  3.012634e-02 
 1.383371e+01  3.012641e-02 
 1.383403e+01  3.012648e-02 
 1.383435e+01  3.012654e-02 
 1.383467e+01  3.012661e-02 
 1.383500e+01  3.012668e-02 
 1.383532e+01  3.012675e-02 
 1.383564e+01  3.012681e-02 
 1.383596e+01  3.012688e-02 
 1.383628e+01  3.012695e-02 
 1.383660e+01  3.012702e-02 
 1.383692e+01  3.012709e-02 
 1.383725e+01  3.012715e-02 
 1.383757e+01  3.012722e-02 
 1.383789e+01  3.012729e-02 
 1.383821e+01  3.012736e-02 
 1.383853e+01  3.012743e-02 
 1.383885e+01  3.012750e-02 
 1.383918e+01  3.012757e-02 
 1.383950e+01  3.012763e-02 
 1.383982e+01  3.012770e-02 
 1.384014e+01  3.012777e-02 
 1.384046e+01  3.012784e-02 
 1.384078e+01  3.012791e-02 
 1.384110e+01  3.012798e-02 
 1.384143e+01  3.012805e-02 
 1.384175e+01  3.012812e-02 
 1.384207e+01  3.012819e-02 
 1.384239e+01  3.012825e-02 
 1.384271e+01  3.012832e-02 
 1.384303e+01  3.012839e-02 
 1.384336e+01  3.012846e-02 
 1.384368e+01  3.012853e-02 
 1.384400e+01  3.012860e-02 
 1.384432e+01  3.012867e-02 
 1.384464e+01  3.012874e-02 
 1.384496e+01  3.012881e-02 
 1.384528e+01  3.012888e-02 
 1.384561e+01  3.012895e-02 
 1.384593e+01  3.012902e-02 
 1.384625e+01  3.012909e-02 
 1.384657e+01  3.012916e-02 
 1.384689e+01  3.012923e-02 
 1.384721e+01  3.012929e-02 
 1.384754e+01  3.012936e-02 
 1.384786e+01  3.012943e-02 
 1.384818e+01  3.012950e-02 
 1.384850e+01  3.012957e-02 
 1.384882e+01  3.012964e-02 
 1.384914e+01  3.012971e-02 
 1.384947e+01  3.012978e-02 
 1.384979e+01  3.012985e-02 
 1.385011e+01  3.012992e-02 
 1.385043e+01  3.012999e-02 
 1.385075e+01  3.013006e-02 
 1.385107e+01  3.013013e-02 
 1.385139e+01  3.013020e-02 
 1.385172e+01  3.013027e-02 
 1.385204e+01  3.013034e-02 
 1.385236e+01  3.013041e-02 
 1.385268e+01  3.013048e-02 
 1.385300e+01  3.013054e-02 
 1.385332e+01  3.013061e-02 
 1.385365e+01  3.013068e-02 
 1.385397e+01  3.013075e-02 
 1.385429e+01  3.013082e-02 
 1.385461e+01  3.013089e-02 
 1.385493e+01  3.013096e-02 
 1.385525e+01  3.013103e-02 
 1.385557e+01  3.013110e-02 
 1.385590e+01  3.013117e-02 
 1.385622e+01  3.013124e-02 
 1.385654e+01  3.013131e-02 
 1.385686e+01  3.013137e-02 
 1.385718e+01  3.013144e-02 
 1.385750e+01  3.013151e-02 
 1.385783e+01  3.013158e-02 
 1.385815e+01  3.013165e-02 
 1.385847e+01  3.013172e-02 
 1.385879e+01  3.013179e-02 
 1.385911e+01  3.013186e-02 
 1.385943e+01  3.013192e-02 
 1.385975e+01  3.013199e-02 
 1.386008e+01  3.013206e-02 
 1.386040e+01  3.013213e-02 
 1.386072e+01  3.013220e-02 
 1.386104e+01  3.013227e-02 
 1.386136e+01  3.013233e-02 
 1.386168e+01  3.013240e-02 
 1.386201e+01  3.013247e-02 
 1.386233e+01  3.013254e-02 
 1.386265e+01  3.013261e-02 
 1.386297e+01  3.013267e-02 
 1.386329e+01  3.013274e-02 
 1.386361e+01  3.013281e-02 
 1.386394e+01  3.013288e-02 
 1.386426e+01  3.013294e-02 
 1.386458e+01  3.013301e-02 
 1.386490e+01  3.013308e-02 
 1.386522e+01  3.013315e-02 
 1.386554e+01  3.013321e-02 
 1.386586e+01  3.013328e-02 
 1.386619e+01  3.013335e-02 
 1.386651e+01  3.013341e-02 
 1.386683e+01  3.013348e-02 
 1.386715e+01  3.013355e-02 
 1.386747e+01  3.013361e-02 
 1.386779e+01  3.013368e-02 
 1.386812e+01  3.013375e-02 
 1.386844e+01  3.013381e-02 
 1.386876e+01  3.013388e-02 
 1.386908e+01  3.013395e-02 
 1.386940e+01  3.013401e-02 
 1.386972e+01  3.013408e-02 
 1.387004e+01  3.013414e-02 
 1.387037e+01  3.013421e-02 
 1.387069e+01  3.013427e-02 
 1.387101e+01  3.013434e-02 
 1.387133e+01  3.013441e-02 
 1.387165e+01  3.013447e-02 
 1.387197e+01  3.013454e-02 
 1.387230e+01  3.013460e-02 
 1.387262e+01  3.013467e-02 
 1.387294e+01  3.013473e-02 
 1.387326e+01  3.013479e-02 
 1.387358e+01  3.013486e-02 
 1.387390e+01  3.013492e-02 
 1.387422e+01  3.013499e-02 
 1.387455e+01  3.013505e-02 
 1.387487e+01  3.013512e-02 
 1.387519e+01  3.013518e-02 
 1.387551e+01  3.013524e-02 
 1.387583e+01  3.013531e-02 
 1.387615e+01  3.013537e-02 
 1.387648e+01  3.013544e-02 
 1.387680e+01  3.013550e-02 
 1.387712e+01  3.013556e-02 
 1.387744e+01  3.013562e-02 
 1.387776e+01  3.013569e-02 
 1.387808e+01  3.013575e-02 
 1.387841e+01  3.013581e-02 
 1.387873e+01  3.013588e-02 
 1.387905e+01  3.013594e-02 
 1.387937e+01  3.013600e-02 
 1.387969e+01  3.013606e-02 
 1.388001e+01  3.013612e-02 
 1.388033e+01  3.013619e-02 
 1.388066e+01  3.013625e-02 
 1.388098e+01  3.013631e-02 
 1.388130e+01  3.013637e-02 
 1.388162e+01  3.013643e-02 
 1.388194e+01  3.013649e-02 
 1.388226e+01  3.013656e-02 
 1.388259e+01  3.013662e-02 
 1.388291e+01  3.013668e-02 
 1.388323e+01  3.013674e-02 
 1.388355e+01  3.013680e-02 
 1.388387e+01  3.013686e-02 
 1.388419e+01  3.013692e-02 
 1.388451e+01  3.013698e-02 
 1.388484e+01  3.013704e-02 
 1.388516e+01  3.013710e-02 
 1.388548e+01  3.013716e-02 
 1.388580e+01  3.013722e-02 
 1.388612e+01  3.013728e-02 
 1.388644e+01  3.013733e-02 
 1.388677e+01  3.013739e-02 
 1.388709e+01  3.013745e-02 
 1.388741e+01  3.013751e-02 
 1.388773e+01  3.013757e-02 
 1.388805e+01  3.013763e-02 
 1.388837e+01  3.013769e-02 
 1.388869e+01  3.013774e-02 
 1.388902e+01  3.013780e-02 
 1.388934e+01  3.013786e-02 
 1.388966e+01  3.013792e-02 
 1.388998e+01  3.013797e-02 
 1.389030e+01  3.013803e-02 
 1.389062e+01  3.013809e-02 
 1.389095e+01  3.013814e-02 
 1.389127e+01  3.013820e-02 
 1.389159e+01  3.013826e-02 
 1.389191e+01  3.013831e-02 
 1.389223e+01  3.013837e-02 
 1.389255e+01  3.013842e-02 
 1.389288e+01  3.013848e-02 
 1.389320e+01  3.013853e-02 
 1.389352e+01  3.013859e-02 
 1.389384e+01  3.013864e-02 
 1.389416e+01  3.013870e-02 
 1.389448e+01  3.013875e-02 
 1.389480e+01  3.013881e-02 
 1.389513e+01  3.013886e-02 
 1.389545e+01  3.013891e-02 
 1.389577e+01  3.013897e-02 
 1.389609e+01  3.013902e-02 
 1.389641e+01  3.013907e-02 
 1.389673e+01  3.013913e-02 
 1.389706e+01  3.013918e-02 
 1.389738e+01  3.013923e-02 
 1.389770e+01  3.013928e-02 
 1.389802e+01  3.013934e-02 
 1.389834e+01  3.013939e-02 
 1.389866e+01  3.013944e-02 
 1.389898e+01  3.013949e-02 
 1.389931e+01  3.013954e-02 
 1.389963e+01  3.013959e-02 
 1.389995e+01  3.013964e-02 
 1.390027e+01  3.013969e-02 
 1.390059e+01  3.013974e-02 
 1.390091e+01  3.013979e-02 
 1.390124e+01  3.013984e-02 
 1.390156e+01  3.013989e-02 
 1.390188e+01  3.013994e-02 
 1.390220e+01  3.013999e-02 
 1.390252e+01  3.014004e-02 
 1.390284e+01  3.014009e-02 
 1.390316e+01  3.014013e-02 
 1.390349e+01  3.014018e-02 
 1.390381e+01  3.014023e-02 
 1.390413e+01  3.014028e-02 
 1.390445e+01  3.014032e-02 
 1.390477e+01  3.014037e-02 
 1.390509e+01  3.014042e-02 
 1.390542e+01  3.014046e-02 
 1.390574e+01  3.014051e-02 
 1.390606e+01  3.014056e-02 
 1.390638e+01  3.014060e-02 
 1.390670e+01  3.014065e-02 
 1.390702e+01  3.014069e-02 
 1.390735e+01  3.014074e-02 
 1.390767e+01  3.014078e-02 
 1.390799e+01  3.014083e-02 
 1.390831e+01  3.014087e-02 
 1.390863e+01  3.014091e-02 
 1.390895e+01  3.014096e-02 
 1.390927e+01  3.014100e-02 
 1.390960e+01  3.014104e-02 
 1.390992e+01  3.014109e-02 
 1.391024e+01  3.014113e-02 
 1.391056e+01  3.014117e-02 
 1.391088e+01  3.014121e-02 
 1.391120e+01  3.014125e-02 
 1.391153e+01  3.014129e-02 
 1.391185e+01  3.014133e-02 
 1.391217e+01  3.014138e-02 
 1.391249e+01  3.014142e-02 
 1.391281e+01  3.014146e-02 
 1.391313e+01  3.014150e-02 
 1.391345e+01  3.014153e-02 
 1.391378e+01  3.014157e-02 
 1.391410e+01  3.014161e-02 
 1.391442e+01  3.014165e-02 
 1.391474e+01  3.014169e-02 
 1.391506e+01  3.014173e-02 
 1.391538e+01  3.014176e-02 
 1.391571e+01  3.014180e-02 
 1.391603e+01  3.014184e-02 
 1.391635e+01  3.014188e-02 
 1.391667e+01  3.014191e-02 
 1.391699e+01  3.014195e-02 
 1.391731e+01  3.014198e-02 
 1.391763e+01  3.014202e-02 
 1.391796e+01  3.014205e-02 
 1.391828e+01  3.014209e-02 
 1.391860e+01  3.014212e-02 
 1.391892e+01  3.014216e-02 
 1.391924e+01  3.014219e-02 
 1.391956e+01  3.014222e-02 
 1.391989e+01  3.014226e-02 
 1.392021e+01  3.014229e-02 
 1.392053e+01  3.014232e-02 
 1.392085e+01  3.014235e-02 
 1.392117e+01  3.014239e-02 
 1.392149e+01  3.014242e-02 
 1.392182e+01  3.014245e-02 
 1.392214e+01  3.014248e-02 
 1.392246e+01  3.014251e-02 
 1.392278e+01  3.014254e-02 
 1.392310e+01  3.014257e-02 
 1.392342e+01  3.014260e-02 
 1.392374e+01  3.014263e-02 
 1.392407e+01  3.014266e-02 
 1.392439e+01  3.014269e-02 
 1.392471e+01  3.014271e-02 
 1.392503e+01  3.014274e-02 
 1.392535e+01  3.014277e-02 
 1.392567e+01  3.014280e-02 
 1.392600e+01  3.014282e-02 
 1.392632e+01  3.014285e-02 
 1.392664e+01  3.014288e-02 
 1.392696e+01  3.014290e-02 
 1.392728e+01  3.014293e-02 
 1.392760e+01  3.014295e-02 
 1.392792e+01  3.014298e-02 
 1.392825e+01  3.014300e-02 
 1.392857e+01  3.014302e-02 
 1.392889e+01  3.014305e-02 
 1.392921e+01  3.014307e-02 
 1.392953e+01  3.014309e-02 
 1.392985e+01  3.014312e-02 
 1.393018e+01  3.014314e-02 
 1.393050e+01  3.014316e-02 
 1.393082e+01  3.014318e-02 
 1.393114e+01  3.014320e-02 
 1.393146e+01  3.014322e-02 
 1.393178e+01  3.014324e-02 
 1.393210e+01  3.014327e-02 
 1.393243e+01  3.014328e-02 
 1.393275e+01  3.014330e-02 
 1.393307e+01  3.014332e-02 
 1.393339e+01  3.014334e-02 
 1.393371e+01  3.014336e-02 
 1.393403e+01  3.014338e-02 
 1.393436e+01  3.014340e-02 
 1.393468e+01  3.014341e-02 
 1.393500e+01  3.014343e-02 
 1.393532e+01  3.014345e-02 
 1.393564e+01  3.014346e-02 
 1.393596e+01  3.014348e-02 
 1.393629e+01  3.014350e-02 
 1.393661e+01  3.014351e-02 
 1.393693e+01  3.014353e-02 
 1.393725e+01  3.014354e-02 
 1.393757e+01  3.014355e-02 
 1.393789e+01  3.014357e-02 
 1.393821e+01  3.014358e-02 
 1.393854e+01  3.014360e-02 
 1.393886e+01  3.014361e-02 
 1.393918e+01  3.014362e-02 
 1.393950e+01  3.014363e-02 
 1.393982e+01  3.014364e-02 
 1.394014e+01  3.014366e-02 
 1.394047e+01  3.014367e-02 
 1.394079e+01  3.014368e-02 
 1.394111e+01  3.014369e-02 
 1.394143e+01  3.014370e-02 
 1.394175e+01  3.014371e-02 
 1.394207e+01  3.014372e-02 
 1.394239e+01  3.014373e-02 
 1.394272e+01  3.014374e-02 
 1.394304e+01  3.014374e-02 
 1.394336e+01  3.014375e-02 
 1.394368e+01  3.014376e-02 
 1.394400e+01  3.014377e-02 
 1.394432e+01  3.014377e-02 
 1.394465e+01  3.014378e-02 
 1.394497e+01  3.014379e-02 
 1.394529e+01  3.014379e-02 
 1.394561e+01  3.014380e-02 
 1.394593e+01  3.014380e-02 
 1.394625e+01  3.014381e-02 
 1.394658e+01  3.014381e-02 
 1.394690e+01  3.014382e-02 
 1.394722e+01  3.014382e-02 
 1.394754e+01  3.014382e-02 
 1.394786e+01  3.014383e-02 
 1.394818e+01  3.014383e-02 
 1.394850e+01  3.014383e-02 
 1.394883e+01  3.014383e-02 
 1.394915e+01  3.014383e-02 
 1.394947e+01  3.014384e-02 
 1.394979e+01  3.014384e-02 
 1.395011e+01  3.014384e-02 
 1.395043e+01  3.014384e-02 
 1.395076e+01  3.014384e-02 
 1.395108e+01  3.014384e-02 
 1.395140e+01  3.014384e-02 
 1.395172e+01  3.014383e-02 
 1.395204e+01  3.014383e-02 
 1.395236e+01  3.014383e-02 
 1.395268e+01  3.014383e-02 
 1.395301e+01  3.014383e-02 
 1.395333e+01  3.014382e-02 
 1.395365e+01  3.014382e-02 
 1.395397e+01  3.014382e-02 
 1.395429e+01  3.014381e-02 
 1.395461e+01  3.014381e-02 
 1.395494e+01  3.014380e-02 
 1.395526e+01  3.014380e-02 
 1.395558e+01  3.014379e-02 
 1.395590e+01  3.014379e-02 
 1.395622e+01  3.014378e-02 
 1.395654e+01  3.014377e-02 
 1.395686e+01  3.014376e-02 
 1.395719e+01  3.014376e-02 
 1.395751e+01  3.014375e-02 
 1.395783e+01  3.014374e-02 
 1.395815e+01  3.014373e-02 
 1.395847e+01  3.014372e-02 
 1.395879e+01  3.014371e-02 
 1.395912e+01  3.014370e-02 
 1.395944e+01  3.014369e-02 
 1.395976e+01  3.014368e-02 
 1.396008e+01  3.014367e-02 
 1.396040e+01  3.014366e-02 
 1.396072e+01  3.014365e-02 
 1.396105e+01  3.014364e-02 
 1.396137e+01  3.014363e-02 
 1.396169e+01  3.014361e-02 
 1.396201e+01  3.014360e-02 
 1.396233e+01  3.014359e-02 
 1.396265e+01  3.014357e-02 
 1.396297e+01  3.014356e-02 
 1.396330e+01  3.014354e-02 
 1.396362e+01  3.014353e-02 
 1.396394e+01  3.014351e-02 
 1.396426e+01  3.014350e-02 
 1.396458e+01  3.014348e-02 
 1.396490e+01  3.014347e-02 
 1.396523e+01  3.014345e-02 
 1.396555e+01  3.014343e-02 
 1.396587e+01  3.014342e-02 
 1.396619e+01  3.014340e-02 
 1.396651e+01  3.014338e-02 
 1.396683e+01  3.014336e-02 
 1.396715e+01  3.014334e-02 
 1.396748e+01  3.014332e-02 
 1.396780e+01  3.014330e-02 
 1.396812e+01  3.014328e-02 
 1.396844e+01  3.014326e-02 
 1.396876e+01  3.014324e-02 
 1.396908e+01  3.014322e-02 
 1.396941e+01  3.014320e-02 
 1.396973e+01  3.014318e-02 
 1.397005e+01  3.014316e-02 
 1.397037e+01  3.014314e-02 
 1.397069e+01  3.014311e-02 
 1.397101e+01  3.014309e-02 
 1.397133e+01  3.014307e-02 
 1.397166e+01  3.014304e-02 
 1.397198e+01  3.014302e-02 
 1.397230e+01  3.014300e-02 
 1.397262e+01  3.014297e-02 
 1.397294e+01  3.014295e-02 
 1.397326e+01  3.014292e-02 
 1.397359e+01  3.014290e-02 
 1.397391e+01  3.014287e-02 
 1.397423e+01  3.014285e-02 
 1.397455e+01  3.014282e-02 
 1.397487e+01  3.014279e-02 
 1.397519e+01  3.014277e-02 
 1.397552e+01  3.014274e-02 
 1.397584e+01  3.014271e-02 
 1.397616e+01  3.014268e-02 
 1.397648e+01  3.014266e-02 
 1.397680e+01  3.014263e-02 
 1.397712e+01  3.014260e-02 
 1.397744e+01  3.014257e-02 
 1.397777e+01  3.014254e-02 
 1.397809e+01  3.014251e-02 
 1.397841e+01  3.014248e-02 
 1.397873e+01  3.014245e-02 
 1.397905e+01  3.014242e-02 
 1.397937e+01  3.014239e-02 
 1.397970e+01  3.014236e-02 
 1.398002e+01  3.014233e-02 
 1.398034e+01  3.014230e-02 
 1.398066e+01  3.014226e-02 
 1.398098e+01  3.014223e-02 
 1.398130e+01  3.014220e-02 
 1.398162e+01  3.014217e-02 
 1.398195e+01  3.014213e-02 
 1.398227e+01  3.014210e-02 
 1.398259e+01  3.014207e-02 
 1.398291e+01  3.014203e-02 
 1.398323e+01  3.014200e-02 
 1.398355e+01  3.014197e-02 
 1.398388e+01  3.014193e-02 
 1.398420e+01  3.014190e-02 
 1.398452e+01  3.014186e-02 
 1.398484e+01  3.014183e-02 
 1.398516e+01  3.014179e-02 
 1.398548e+01  3.014175e-02 
 1.398580e+01  3.014172e-02 
 1.398613e+01  3.014168e-02 
 1.398645e+01  3.014165e-02 
 1.398677e+01  3.014161e-02 
 1.398709e+01  3.014157e-02 
 1.398741e+01  3.014154e-02 
 1.398773e+01  3.014150e-02 
 1.398806e+01  3.014146e-02 
 1.398838e+01  3.014142e-02 
 1.398870e+01  3.014138e-02 
 1.398902e+01  3.014135e-02 
 1.398934e+01  3.014131e-02 
 1.398966e+01  3.014127e-02 
 1.398999e+01  3.014123e-02 
 1.399031e+01  3.014119e-02 
 1.399063e+01  3.014115e-02 
 1.399095e+01  3.014111e-02 
 1.399127e+01  3.014107e-02 
 1.399159e+01  3.014103e-02 
 1.399191e+01  3.014099e-02 
 1.399224e+01  3.014095e-02 
 1.399256e+01  3.014091e-02 
 1.399288e+01  3.014087e-02 
 1.399320e+01  3.014082e-02 
 1.399352e+01  3.014078e-02 
 1.399384e+01  3.014074e-02 
 1.399417e+01  3.014070e-02 
 1.399449e+01  3.014066e-02 
 1.399481e+01  3.014061e-02 
 1.399513e+01  3.014057e-02 
 1.399545e+01  3.014053e-02 
 1.399577e+01  3.014048e-02 
 1.399609e+01  3.014044e-02 
 1.399642e+01  3.014040e-02 
 1.399674e+01  3.014035e-02 
 1.399706e+01  3.014031e-02 
 1.399738e+01  3.014026e-02 
 1.399770e+01  3.014022e-02 
 1.399802e+01  3.014018e-02 
 1.399835e+01  3.014013e-02 
 1.399867e+01  3.014009e-02 
 1.399899e+01  3.014004e-02 
 1.399931e+01  3.013999e-02 
 1.399963e+01  3.013995e-02 
 1.399995e+01  3.013990e-02 
 1.400027e+01  3.013986e-02 
 1.400060e+01  3.013981e-02 
 1.400092e+01  3.013976e-02 
 1.400124e+01  3.013972e-02 
 1.400156e+01  3.013967e-02 
 1.400188e+01  3.013962e-02 
 1.400220e+01  3.013958e-02 
 1.400253e+01  3.013953e-02 
 1.400285e+01  3.013948e-02 
 1.400317e+01  3.013943e-02 
 1.400349e+01  3.013938e-02 
 1.400381e+01  3.013934e-02 
 1.400413e+01  3.013929e-02 
 1.400446e+01  3.013924e-02 
 1.400478e+01  3.013919e-02 
 1.400510e+01  3.013914e-02 
 1.400542e+01  3.013909e-02 
 1.400574e+01  3.013904e-02 
 1.400606e+01  3.013899e-02 
 1.400638e+01  3.013894e-02 
 1.400671e+01  3.013889e-02 
 1.400703e+01  3.013884e-02 
 1.400735e+01  3.013879e-02 
 1.400767e+01  3.013874e-02 
 1.400799e+01  3.013869e-02 
 1.400831e+01  3.013864e-02 
 1.400864e+01  3.013859e-02 
 1.400896e+01  3.013854e-02 
 1.400928e+01  3.013849e-02 
 1.400960e+01  3.013844e-02 
 1.400992e+01  3.013839e-02 
 1.401024e+01  3.013834e-02 
 1.401056e+01  3.013829e-02 
 1.401089e+01  3.013823e-02 
 1.401121e+01  3.013818e-02 
 1.401153e+01  3.013813e-02 
 1.401185e+01  3.013808e-02 
 1.401217e+01  3.013803e-02 
 1.401249e+01  3.013797e-02 
 1.401282e+01  3.013792e-02 
 1.401314e+01  3.013787e-02 
 1.401346e+01  3.013782e-02 
 1.401378e+01  3.013776e-02 
 1.401410e+01  3.013771e-02 
 1.401442e+01  3.013766e-02 
 1.401474e+01  3.013760e-02 
 1.401507e+01  3.013755e-02 
 1.401539e+01  3.013750e-02 
 1.401571e+01  3.013744e-02 
 1.401603e+01  3.013739e-02 
 1.401635e+01  3.013734e-02 
 1.401667e+01  3.013728e-02 
 1.401700e+01  3.013723e-02 
 1.401732e+01  3.013718e-02 
 1.401764e+01  3.013712e-02 
 1.401796e+01  3.013707e-02 
 1.401828e+01  3.013701e-02 
 1.401860e+01  3.013696e-02 
 1.401893e+01  3.013691e-02 
 1.401925e+01  3.013685e-02 
 1.401957e+01  3.013680e-02 
 1.401989e+01  3.013674e-02 
 1.402021e+01  3.013669e-02 
 1.402053e+01  3.013664e-02 
 1.402085e+01  3.013658e-02 
 1.402118e+01  3.013653e-02 
 1.402150e+01  3.013647e-02 
 1.402182e+01  3.013642e-02 
 1.402214e+01  3.013636e-02 
 1.402246e+01  3.013631e-02 
 1.402278e+01  3.013625e-02 
 1.402311e+01  3.013620e-02 
 1.402343e+01  3.013615e-02 
 1.402375e+01  3.013609e-02 
 1.402407e+01  3.013604e-02 
 1.402439e+01  3.013598e-02 
 1.402471e+01  3.013593e-02 
 1.402503e+01  3.013587e-02 
 1.402536e+01  3.013582e-02 
 1.402568e+01  3.013576e-02 
 1.402600e+01  3.013571e-02 
 1.402632e+01  3.013565e-02 
 1.402664e+01  3.013560e-02 
 1.402696e+01  3.013554e-02 
 1.402729e+01  3.013549e-02 
 1.402761e+01  3.013543e-02 
 1.402793e+01  3.013538e-02 
 1.402825e+01  3.013533e-02 
 1.402857e+01  3.013527e-02 
 1.402889e+01  3.013522e-02 
 1.402921e+01  3.013516e-02 
 1.402954e+01  3.013511e-02 
 1.402986e+01  3.013505e-02 
 1.403018e+01  3.013500e-02 
 1.403050e+01  3.013494e-02 
 1.403082e+01  3.013489e-02 
 1.403114e+01  3.013483e-02 
 1.403147e+01  3.013478e-02 
 1.403179e+01  3.013473e-02 
 1.403211e+01  3.013467e-02 
 1.403243e+01  3.013462e-02 
 1.403275e+01  3.013456e-02 
 1.403307e+01  3.013451e-02 
 1.403340e+01  3.013446e-02 
 1.403372e+01  3.013440e-02 
 1.403404e+01  3.013435e-02 
 1.403436e+01  3.013429e-02 
 1.403468e+01  3.013424e-02 
 1.403500e+01  3.013419e-02 
 1.403532e+01  3.013413e-02 
 1.403565e+01  3.013408e-02 
 1.403597e+01  3.013402e-02 
 1.403629e+01  3.013397e-02 
 1.403661e+01  3.013392e-02 
 1.403693e+01  3.013386e-02 
 1.403725e+01  3.013381e-02 
 1.403758e+01  3.013376e-02 
 1.403790e+01  3.013370e-02 
 1.403822e+01  3.013365e-02 
 1.403854e+01  3.013360e-02 
 1.403886e+01  3.013354e-02 
 1.403918e+01  3.013349e-02 
 1.403950e+01  3.013344e-02 
 1.403983e+01  3.013338e-02 
 1.404015e+01  3.013333e-02 
 1.404047e+01  3.013328e-02 
 1.404079e+01  3.013323e-02 
 1.404111e+01  3.013317e-02 
 1.404143e+01  3.013312e-02 
 1.404176e+01  3.013307e-02 
 1.404208e+01  3.013302e-02 
 1.404240e+01  3.013296e-02 
 1.404272e+01  3.013291e-02 
 1.404304e+01  3.013286e-02 
 1.404336e+01  3.013281e-02 
 1.404368e+01  3.013275e-02 
 1.404401e+01  3.013270e-02 
 1.404433e+01  3.013265e-02 
 1.404465e+01  3.013260e-02 
 1.404497e+01  3.013255e-02 
 1.404529e+01  3.013250e-02 
 1.404561e+01  3.013244e-02 
 1.404594e+01  3.013239e-02 
 1.404626e+01  3.013234e-02 
 1.404658e+01  3.013229e-02 
 1.404690e+01  3.013224e-02 
 1.404722e+01  3.013219e-02 
 1.404754e+01  3.013214e-02 
 1.404787e+01  3.013209e-02 
 1.404819e+01  3.013204e-02 
 1.404851e+01  3.013199e-02 
 1.404883e+01  3.013194e-02 
 1.404915e+01  3.013189e-02 
 1.404947e+01  3.013184e-02 
 1.404979e+01  3.013179e-02 
 1.405012e+01  3.013174e-02 
 1.405044e+01  3.013169e-02 
 1.405076e+01  3.013164e-02 
 1.405108e+01  3.013159e-02 
 1.405140e+01  3.013154e-02 
 1.405172e+01  3.013149e-02 
 1.405205e+01  3.013144e-02 
 1.405237e+01  3.013139e-02 
 1.405269e+01  3.013134e-02 
 1.405301e+01  3.013130e-02 
 1.405333e+01  3.013125e-02 
 1.405365e+01  3.013120e-02 
 1.405397e+01  3.013115e-02 
 1.405430e+01  3.013110e-02 
 1.405462e+01  3.013106e-02 
 1.405494e+01  3.013101e-02 
 1.405526e+01  3.013096e-02 
 1.405558e+01  3.013091e-02 
 1.405590e+01  3.013087e-02 
 1.405623e+01  3.013082e-02 
 1.405655e+01  3.013077e-02 
 1.405687e+01  3.013073e-02 
 1.405719e+01  3.013068e-02 
 1.405751e+01  3.013063e-02 
 1.405783e+01  3.013059e-02 
 1.405816e+01  3.013054e-02 
 1.405848e+01  3.013050e-02 
 1.405880e+01  3.013045e-02 
 1.405912e+01  3.013041e-02 
 1.405944e+01  3.013036e-02 
 1.405976e+01  3.013032e-02 
 1.406008e+01  3.013027e-02 
 1.406041e+01  3.013023e-02 
 1.406073e+01  3.013018e-02 
 1.406105e+01  3.013014e-02 
 1.406137e+01  3.013009e-02 
 1.406169e+01  3.013005e-02 
 1.406201e+01  3.013001e-02 
 1.406234e+01  3.012996e-02 
 1.406266e+01  3.012992e-02 
 1.406298e+01  3.012988e-02 
 1.406330e+01  3.012983e-02 
 1.406362e+01  3.012979e-02 
 1.406394e+01  3.012975e-02 
 1.406426e+01  3.012971e-02 
 1.406459e+01  3.012967e-02 
 1.406491e+01  3.012963e-02 
 1.406523e+01  3.012958e-02 
 1.406555e+01  3.012954e-02 
 1.406587e+01  3.012950e-02 
 1.406619e+01  3.012946e-02 
 1.406652e+01  3.012942e-02 
 1.406684e+01  3.012938e-02 
 1.406716e+01  3.012934e-02 
 1.406748e+01  3.012930e-02 
 1.406780e+01  3.012926e-02 
 1.406812e+01  3.012922e-02 
 1.406844e+01  3.012918e-02 
 1.406877e+01  3.012915e-02 
 1.406909e+01  3.012911e-02 
 1.406941e+01  3.012907e-02 
 1.406973e+01  3.012903e-02 
 1.407005e+01  3.012899e-02 
 1.407037e+01  3.012896e-02 
 1.407070e+01  3.012892e-02 
 1.407102e+01  3.012888e-02 
 1.407134e+01  3.012885e-02 
 1.407166e+01  3.012881e-02 
 1.407198e+01  3.012877e-02 
 1.407230e+01  3.012874e-02 
 1.407263e+01  3.012870e-02 
 1.407295e+01  3.012867e-02 
 1.407327e+01  3.012863e-02 
 1.407359e+01  3.012860e-02 
 1.407391e+01  3.012856e-02 
 1.407423e+01  3.012853e-02 
 1.407455e+01  3.012849e-02 
 1.407488e+01  3.012846e-02 
 1.407520e+01  3.012843e-02 
 1.407552e+01  3.012839e-02 
 1.407584e+01  3.012836e-02 
 1.407616e+01  3.012833e-02 
 1.407648e+01  3.012829e-02 
 1.407681e+01  3.012826e-02 
 1.407713e+01  3.012823e-02 
 1.407745e+01  3.012820e-02 
 1.407777e+01  3.012817e-02 
 1.407809e+01  3.012814e-02 
 1.407841e+01  3.012811e-02 
 1.407873e+01  3.012808e-02 
 1.407906e+01  3.012805e-02 
 1.407938e+01  3.012802e-02 
 1.407970e+01  3.012799e-02 
 1.408002e+01  3.012796e-02 
 1.408034e+01  3.012793e-02 
 1.408066e+01  3.012790e-02 
 1.408099e+01  3.012787e-02 
 1.408131e+01  3.012784e-02 
 1.408163e+01  3.012781e-02 
 1.408195e+01  3.012779e-02 
 1.408227e+01  3.012776e-02 
 1.408259e+01  3.012773e-02 
 1.408291e+01  3.012770e-02 
 1.408324e+01  3.012768e-02 
 1.408356e+01  3.012765e-02 
 1.408388e+01  3.012763e-02 
 1.408420e+01  3.012760e-02 
 1.408452e+01  3.012757e-02 
 1.408484e+01  3.012755e-02 
 1.408517e+01  3.012752e-02 
 1.408549e+01  3.012750e-02 
 1.408581e+01  3.012748e-02 
 1.408613e+01  3.012745e-02 
 1.408645e+01  3.012743e-02 
 1.408677e+01  3.012740e-02 
 1.408710e+01  3.012738e-02 
 1.408742e+01  3.012736e-02 
 1.408774e+01  3.012733e-02 
 1.408806e+01  3.012731e-02 
 1.408838e+01  3.012729e-02 
 1.408870e+01  3.012727e-02 
 1.408902e+01  3.012725e-02 
 1.408935e+01  3.012723e-02 
 1.408967e+01  3.012720e-02 
 1.408999e+01  3.012718e-02 
 1.409031e+01  3.012716e-02 
 1.409063e+01  3.012714e-02 
 1.409095e+01  3.012712e-02 
 1.409128e+01  3.012710e-02 
 1.409160e+01  3.012708e-02 
 1.409192e+01  3.012706e-02 
 1.409224e+01  3.012705e-02 
 1.409256e+01  3.012703e-02 
 1.409288e+01  3.012701e-02 
 1.409320e+01  3.012699e-02 
 1.409353e+01  3.012697e-02 
 1.409385e+01  3.012696e-02 
 1.409417e+01  3.012694e-02 
 1.409449e+01  3.012692e-02 
 1.409481e+01  3.012691e-02 
 1.409513e+01  3.012689e-02 
 1.409546e+01  3.012687e-02 
 1.409578e+01  3.012686e-02 
 1.409610e+01  3.012684e-02 
 1.409642e+01  3.012683e-02 
 1.409674e+01  3.012681e-02 
 1.409706e+01  3.012680e-02 
 1.409738e+01  3.012679e-02 
 1.409771e+01  3.012677e-02 
 1.409803e+01  3.012676e-02 
 1.409835e+01  3.012675e-02 
 1.409867e+01  3.012673e-02 
 1.409899e+01  3.012672e-02 
 1.409931e+01  3.012671e-02 
 1.409964e+01  3.012670e-02 
 1.409996e+01  3.012668e-02 
 1.410028e+01  3.012667e-02 
 1.410060e+01  3.012666e-02 
 1.410092e+01  3.012665e-02 
 1.410124e+01  3.012664e-02 
 1.410157e+01  3.012663e-02 
 1.410189e+01  3.012662e-02 
 1.410221e+01  3.012661e-02 
 1.410253e+01  3.012660e-02 
 1.410285e+01  3.012659e-02 
 1.410317e+01  3.012658e-02 
 1.410349e+01  3.012658e-02 
 1.410382e+01  3.012657e-02 
 1.410414e+01  3.012656e-02 
 1.410446e+01  3.012655e-02 
 1.410478e+01  3.012655e-02 
 1.410510e+01  3.012654e-02 
 1.410542e+01  3.012653e-02 
 1.410575e+01  3.012653e-02 
 1.410607e+01  3.012652e-02 
 1.410639e+01  3.012652e-02 
 1.410671e+01  3.012651e-02 
 1.410703e+01  3.012650e-02 
 1.410735e+01  3.012650e-02 
 1.410767e+01  3.012650e-02 
 1.410800e+01  3.012649e-02 
 1.410832e+01  3.012649e-02 
 1.410864e+01  3.012648e-02 
 1.410896e+01  3.012648e-02 
 1.410928e+01  3.012648e-02 
 1.410960e+01  3.012648e-02 
 1.410993e+01  3.012647e-02 
 1.411025e+01  3.012647e-02 
 1.411057e+01  3.012647e-02 
 1.411089e+01  3.012647e-02 
 1.411121e+01  3.012647e-02 
 1.411153e+01  3.012647e-02 
 1.411185e+01  3.012647e-02 
 1.411218e+01  3.012647e-02 
 1.411250e+01  3.012647e-02 
 1.411282e+01  3.012647e-02 
 1.411314e+01  3.012647e-02 
 1.411346e+01  3.012647e-02 
 1.411378e+01  3.012647e-02 
 1.411411e+01  3.012647e-02 
 1.411443e+01  3.012647e-02 
 1.411475e+01  3.012647e-02 
 1.411507e+01  3.012648e-02 
 1.411539e+01  3.012648e-02 
 1.411571e+01  3.012648e-02 
 1.411604e+01  3.012649e-02 
 1.411636e+01  3.012649e-02 
 1.411668e+01  3.012649e-02 
 1.411700e+01  3.012650e-02 
 1.411732e+01  3.012650e-02 
 1.411764e+01  3.012651e-02 
 1.411796e+01  3.012651e-02 
 1.411829e+01  3.012652e-02 
 1.411861e+01  3.012652e-02 
 1.411893e+01  3.012653e-02 
 1.411925e+01  3.012653e-02 
 1.411957e+01  3.012654e-02 
 1.411989e+01  3.012655e-02 
 1.412022e+01  3.012655e-02 
 1.412054e+01  3.012656e-02 
 1.412086e+01  3.012657e-02 
 1.412118e+01  3.012658e-02 
 1.412150e+01  3.012659e-02 
 1.412182e+01  3.012659e-02 
 1.412214e+01  3.012660e-02 
 1.412247e+01  3.012661e-02 
 1.412279e+01  3.012662e-02 
 1.412311e+01  3.012663e-02 
 1.412343e+01  3.012664e-02 
 1.412375e+01  3.012665e-02 
 1.412407e+01  3.012666e-02 
 1.412440e+01  3.012667e-02 
 1.412472e+01  3.012668e-02 
 1.412504e+01  3.012669e-02 
 1.412536e+01  3.012670e-02 
 1.412568e+01  3.012671e-02 
 1.412600e+01  3.012673e-02 
 1.412632e+01  3.012674e-02 
 1.412665e+01  3.012675e-02 
 1.412697e+01  3.012676e-02 
 1.412729e+01  3.012678e-02 
 1.412761e+01  3.012679e-02 
 1.412793e+01  3.012680e-02 
 1.412825e+01  3.012682e-02 
 1.412858e+01  3.012683e-02 
 1.412890e+01  3.012685e-02 
 1.412922e+01  3.012686e-02 
 1.412954e+01  3.012687e-02 
 1.412986e+01  3.012689e-02 
 1.413018e+01  3.012690e-02 
 1.413051e+01  3.012692e-02 
 1.413083e+01  3.012694e-02 
 1.413115e+01  3.012695e-02 
 1.413147e+01  3.012697e-02 
 1.413179e+01  3.012699e-02 
 1.413211e+01  3.012700e-02 
 1.413243e+01  3.012702e-02 
 1.413276e+01  3.012704e-02 
 1.413308e+01  3.012705e-02 
 1.413340e+01  3.012707e-02 
 1.413372e+01  3.012709e-02 
 1.413404e+01  3.012711e-02 
 1.413436e+01  3.012713e-02 
 1.413469e+01  3.012715e-02 
 1.413501e+01  3.012716e-02 
 1.413533e+01  3.012718e-02 
 1.413565e+01  3.012720e-02 
 1.413597e+01  3.012722e-02 
 1.413629e+01  3.012724e-02 
 1.413661e+01  3.012726e-02 
 1.413694e+01  3.012728e-02 
 1.413726e+01  3.012730e-02 
 1.413758e+01  3.012733e-02 
 1.413790e+01  3.012735e-02 
 1.413822e+01  3.012737e-02 
 1.413854e+01  3.012739e-02 
 1.413887e+01  3.012741e-02 
 1.413919e+01  3.012743e-02 
 1.413951e+01  3.012746e-02 
 1.413983e+01  3.012748e-02 
 1.414015e+01  3.012750e-02 
 1.414047e+01  3.012752e-02 
 1.414079e+01  3.012755e-02 
 1.414112e+01  3.012757e-02 
 1.414144e+01  3.012759e-02 
 1.414176e+01  3.012762e-02 
 1.414208e+01  3.012764e-02 
 1.414240e+01  3.012767e-02 
 1.414272e+01  3.012769e-02 
 1.414305e+01  3.012772e-02 
 1.414337e+01  3.012774e-02 
 1.414369e+01  3.012777e-02 
 1.414401e+01  3.012779e-02 
 1.414433e+01  3.012782e-02 
 1.414465e+01  3.012784e-02 
 1.414498e+01  3.012787e-02 
 1.414530e+01  3.012790e-02 
 1.414562e+01  3.012792e-02 
 1.414594e+01  3.012795e-02 
 1.414626e+01  3.012798e-02 
 1.414658e+01  3.012800e-02 
 1.414690e+01  3.012803e-02 
 1.414723e+01  3.012806e-02 
 1.414755e+01  3.012809e-02 
 1.414787e+01  3.012811e-02 
 1.414819e+01  3.012814e-02 
 1.414851e+01  3.012817e-02 
 1.414883e+01  3.012820e-02 
 1.414916e+01  3.012823e-02 
 1.414948e+01  3.012826e-02 
 1.414980e+01  3.012829e-02 
 1.415012e+01  3.012832e-02 
 1.415044e+01  3.012835e-02 
 1.415076e+01  3.012838e-02 
 1.415108e+01  3.012841e-02 
 1.415141e+01  3.012844e-02 
 1.415173e+01  3.012847e-02 
 1.415205e+01  3.012850e-02 
 1.415237e+01  3.012853e-02 
 1.415269e+01  3.012856e-02 
 1.415301e+01  3.012859e-02 
 1.415334e+01  3.012862e-02 
 1.415366e+01  3.012865e-02 
 1.415398e+01  3.012868e-02 
 1.415430e+01  3.012872e-02 
 1.415462e+01  3.012875e-02 
 1.415494e+01  3.012878e-02 
 1.415526e+01  3.012881e-02 
 1.415559e+01  3.012885e-02 
 1.415591e+01  3.012888e-02 
 1.415623e+01  3.012891e-02 
 1.415655e+01  3.012895e-02 
 1.415687e+01  3.012898e-02 
 1.415719e+01  3.012901e-02 
 1.415752e+01  3.012905e-02 
 1.415784e+01  3.012908e-02 
 1.415816e+01  3.012912e-02 
 1.415848e+01  3.012915e-02 
 1.415880e+01  3.012918e-02 
 1.415912e+01  3.012922e-02 
 1.415945e+01  3.012925e-02 
 1.415977e+01  3.012929e-02 
 1.416009e+01  3.012932e-02 
 1.416041e+01  3.012936e-02 
 1.416073e+01  3.012940e-02 
 1.416105e+01  3.012943e-02 
 1.416137e+01  3.012947e-02 
 1.416170e+01  3.012950e-02 
 1.416202e+01  3.012954e-02 
 1.416234e+01  3.012958e-02 
 1.416266e+01  3.012961e-02 
 1.416298e+01  3.012965e-02 
 1.416330e+01  3.012969e-02 
 1.416363e+01  3.012972e-02 
 1.416395e+01  3.012976e-02 
 1.416427e+01  3.012980e-02 
 1.416459e+01  3.012984e-02 
 1.416491e+01  3.012987e-02 
 1.416523e+01  3.012991e-02 
 1.416555e+01  3.012995e-02 
 1.416588e+01  3.012999e-02 
 1.416620e+01  3.013003e-02 
 1.416652e+01  3.013006e-02 
 1.416684e+01  3.013010e-02 
 1.416716e+01  3.013014e-02 
 1.416748e+01  3.013018e-02 
 1.416781e+01  3.013022e-02 
 1.416813e+01  3.013026e-02 
 1.416845e+01  3.013030e-02 
 1.416877e+01  3.013034e-02 
 1.416909e+01  3.013038e-02 
 1.416941e+01  3.013042e-02 
 1.416973e+01  3.013046e-02 
 1.417006e+01  3.013049e-02 
 1.417038e+01  3.013053e-02 
 1.417070e+01  3.013058e-02 
 1.417102e+01  3.013062e-02 
 1.417134e+01  3.013066e-02 
 1.417166e+01  3.013070e-02 
 1.417199e+01  3.013074e-02 
 1.417231e+01  3.013078e-02 
 1.417263e+01  3.013082e-02 
 1.417295e+01  3.013086e-02 
 1.417327e+01  3.013090e-02 
 1.417359e+01  3.013094e-02 
 1.417392e+01  3.013098e-02 
 1.417424e+01  3.013102e-02 
 1.417456e+01  3.013106e-02 
 1.417488e+01  3.013111e-02 
 1.417520e+01  3.013115e-02 
 1.417552e+01  3.013119e-02 
 1.417584e+01  3.013123e-02 
 1.417617e+01  3.013127e-02 
 1.417649e+01  3.013131e-02 
 1.417681e+01  3.013136e-02 
 1.417713e+01  3.013140e-02 
 1.417745e+01  3.013144e-02 
 1.417777e+01  3.013148e-02 
 1.417810e+01  3.013152e-02 
 1.417842e+01  3.013157e-02 
 1.417874e+01  3.013161e-02 
 1.417906e+01  3.013165e-02 
 1.417938e+01  3.013169e-02 
 1.417970e+01  3.013173e-02 
 1.418002e+01  3.013178e-02 
 1.418035e+01  3.013182e-02 
 1.418067e+01  3.013186e-02 
 1.418099e+01  3.013190e-02 
 1.418131e+01  3.013195e-02 
 1.418163e+01  3.013199e-02 
 1.418195e+01  3.013203e-02 
 1.418228e+01  3.013207e-02 
 1.418260e+01  3.013212e-02 
 1.418292e+01  3.013216e-02 
 1.418324e+01  3.013220e-02 
 1.418356e+01  3.013224e-02 
 1.418388e+01  3.013229e-02 
 1.418421e+01  3.013233e-02 
 1.418453e+01  3.013237e-02 
 1.418485e+01  3.013242e-02 
 1.418517e+01  3.013246e-02 
 1.418549e+01  3.013250e-02 
 1.418581e+01  3.013254e-02 
 1.418613e+01  3.013259e-02 
 1.418646e+01  3.013263e-02 
 1.418678e+01  3.013267e-02 
 1.418710e+01  3.013271e-02 
 1.418742e+01  3.013276e-02 
 1.418774e+01  3.013280e-02 
 1.418806e+01  3.013284e-02 
 1.418839e+01  3.013288e-02 
 1.418871e+01  3.013293e-02 
 1.418903e+01  3.013297e-02 
 1.418935e+01  3.013301e-02 
 1.418967e+01  3.013305e-02 
 1.418999e+01  3.013310e-02 
 1.419031e+01  3.013314e-02 
 1.419064e+01  3.013318e-02 
 1.419096e+01  3.013322e-02 
 1.419128e+01  3.013326e-02 
 1.419160e+01  3.013331e-02 
 1.419192e+01  3.013335e-02 
 1.419224e+01  3.013339e-02 
 1.419257e+01  3.013343e-02 
 1.419289e+01  3.013347e-02 
 1.419321e+01  3.013352e-02 
 1.419353e+01  3.013356e-02 
 1.419385e+01  3.013360e-02 
 1.419417e+01  3.013364e-02 
 1.419449e+01  3.013368e-02 
 1.419482e+01  3.013372e-02 
 1.419514e+01  3.013376e-02 
 1.419546e+01  3.013381e-02 
 1.419578e+01  3.013385e-02 
 1.419610e+01  3.013389e-02 
 1.419642e+01  3.013393e-02 
 1.419675e+01  3.013397e-02 
 1.419707e+01  3.013401e-02 
 1.419739e+01  3.013405e-02 
 1.419771e+01  3.013409e-02 
 1.419803e+01  3.013413e-02 
 1.419835e+01  3.013417e-02 
 1.419868e+01  3.013422e-02 
 1.419900e+01  3.013426e-02 
 1.419932e+01  3.013430e-02 
 1.419964e+01  3.013434e-02 
 1.419996e+01  3.013438e-02 
 1.420028e+01  3.013442e-02 
 1.420060e+01  3.013446e-02 
 1.420093e+01  3.013450e-02 
 1.420125e+01  3.013454e-02 
 1.420157e+01  3.013458e-02 
 1.420189e+01  3.013462e-02 
 1.420221e+01  3.013466e-02 
 1.420253e+01  3.013470e-02 
 1.420286e+01  3.013474e-02 
 1.420318e+01  3.013477e-02 
 1.420350e+01  3.013481e-02 
 1.420382e+01  3.013485e-02 
 1.420414e+01  3.013489e-02 
 1.420446e+01  3.013493e-02 
 1.420478e+01  3.013497e-02 
 1.420511e+01  3.013501e-02 
 1.420543e+01  3.013505e-02 
 1.420575e+01  3.013509e-02 
 1.420607e+01  3.013513e-02 
 1.420639e+01  3.013516e-02 
 1.420671e+01  3.013520e-02 
 1.420704e+01  3.013524e-02 
 1.420736e+01  3.013528e-02 
 1.420768e+01  3.013532e-02 
 1.420800e+01  3.013535e-02 
 1.420832e+01  3.013539e-02 
 1.420864e+01  3.013543e-02 
 1.420896e+01  3.013547e-02 
 1.420929e+01  3.013551e-02 
 1.420961e+01  3.013554e-02 
 1.420993e+01  3.013558e-02 
 1.421025e+01  3.013562e-02 
 1.421057e+01  3.013565e-02 
 1.421089e+01  3.013569e-02 
 1.421122e+01  3.013573e-02 
 1.421154e+01  3.013577e-02 
 1.421186e+01  3.013580e-02 
 1.421218e+01  3.013584e-02 
 1.421250e+01  3.013588e-02 
 1.421282e+01  3.013591e-02 
 1.421315e+01  3.013595e-02 
 1.421347e+01  3.013598e-02 
 1.421379e+01  3.013602e-02 
 1.421411e+01  3.013606e-02 
 1.421443e+01  3.013609e-02 
 1.421475e+01  3.013613e-02 
 1.421507e+01  3.013616e-02 
 1.421540e+01  3.013620e-02 
 1.421572e+01  3.013623e-02 
 1.421604e+01  3.013627e-02 
 1.421636e+01  3.013630e-02 
 1.421668e+01  3.013634e-02 
 1.421700e+01  3.013637e-02 
 1.421733e+01  3.013641e-02 
 1.421765e+01  3.013644e-02 
 1.421797e+01  3.013648e-02 
 1.421829e+01  3.013651e-02 
 1.421861e+01  3.013655e-02 
 1.421893e+01  3.013658e-02 
 1.421925e+01  3.013661e-02 
 1.421958e+01  3.013665e-02 
 1.421990e+01  3.013668e-02 
 1.422022e+01  3.013671e-02 
 1.422054e+01  3.013675e-02 
 1.422086e+01  3.013678e-02 
 1.422118e+01  3.013681e-02 
 1.422151e+01  3.013685e-02 
 1.422183e+01  3.013688e-02 
 1.422215e+01  3.013691e-02 
 1.422247e+01  3.013695e-02 
 1.422279e+01  3.013698e-02 
 1.422311e+01  3.013701e-02 
 1.422343e+01  3.013704e-02 
 1.422376e+01  3.013708e-02 
 1.422408e+01  3.013711e-02 
 1.422440e+01  3.013714e-02 
 1.422472e+01  3.013717e-02 
 1.422504e+01  3.013720e-02 
 1.422536e+01  3.013723e-02 
 1.422569e+01  3.013727e-02 
 1.422601e+01  3.013730e-02 
 1.422633e+01  3.013733e-02 
 1.422665e+01  3.013736e-02 
 1.422697e+01  3.013739e-02 
 1.422729e+01  3.013742e-02 
 1.422762e+01  3.013745e-02 
 1.422794e+01  3.013748e-02 
 1.422826e+01  3.013751e-02 
 1.422858e+01  3.013754e-02 
 1.422890e+01  3.013757e-02 
 1.422922e+01  3.013760e-02 
 1.422954e+01  3.013763e-02 
 1.422987e+01  3.013766e-02 
 1.423019e+01  3.013769e-02 
 1.423051e+01  3.013772e-02 
 1.423083e+01  3.013775e-02 
 1.423115e+01  3.013778e-02 
 1.423147e+01  3.013780e-02 
 1.423180e+01  3.013783e-02 
 1.423212e+01  3.013786e-02 
 1.423244e+01  3.013789e-02 
 1.423276e+01  3.013792e-02 
 1.423308e+01  3.013794e-02 
 1.423340e+01  3.013797e-02 
 1.423372e+01  3.013800e-02 
 1.423405e+01  3.013803e-02 
 1.423437e+01  3.013805e-02 
 1.423469e+01  3.013808e-02 
 1.423501e+01  3.013811e-02 
 1.423533e+01  3.013814e-02 
 1.423565e+01  3.013816e-02 
 1.423598e+01  3.013819e-02 
 1.423630e+01  3.013822e-02 
 1.423662e+01  3.013824e-02 
 1.423694e+01  3.013827e-02 
 1.423726e+01  3.013829e-02 
 1.423758e+01  3.013832e-02 
 1.423790e+01  3.013834e-02 
 1.423823e+01  3.013837e-02 
 1.423855e+01  3.013840e-02 
 1.423887e+01  3.013842e-02 
 1.423919e+01  3.013845e-02 
 1.423951e+01  3.013847e-02 
 1.423983e+01  3.013849e-02 
 1.424016e+01  3.013852e-02 
 1.424048e+01  3.013854e-02 
 1.424080e+01  3.013857e-02 
 1.424112e+01  3.013859e-02 
 1.424144e+01  3.013861e-02 
 1.424176e+01  3.013864e-02 
 1.424209e+01  3.013866e-02 
 1.424241e+01  3.013868e-02 
 1.424273e+01  3.013871e-02 
 1.424305e+01  3.013873e-02 
 1.424337e+01  3.013875e-02 
 1.424369e+01  3.013878e-02 
 1.424401e+01  3.013880e-02 
 1.424434e+01  3.013882e-02 
 1.424466e+01  3.013884e-02 
 1.424498e+01  3.013886e-02 
 1.424530e+01  3.013889e-02 
 1.424562e+01  3.013891e-02 
 1.424594e+01  3.013893e-02 
 1.424627e+01  3.013895e-02 
 1.424659e+01  3.013897e-02 
 1.424691e+01  3.013899e-02 
 1.424723e+01  3.013901e-02 
 1.424755e+01  3.013903e-02 
 1.424787e+01  3.013905e-02 
 1.424819e+01  3.013907e-02 
 1.424852e+01  3.013909e-02 
 1.424884e+01  3.013911e-02 
 1.424916e+01  3.013913e-02 
 1.424948e+01  3.013915e-02 
 1.424980e+01  3.013917e-02 
 1.425012e+01  3.013919e-02 
 1.425045e+01  3.013921e-02 
 1.425077e+01  3.013923e-02 
 1.425109e+01  3.013924e-02 
 1.425141e+01  3.013926e-02 
 1.425173e+01  3.013928e-02 
 1.425205e+01  3.013930e-02 
 1.425237e+01  3.013932e-02 
 1.425270e+01  3.013933e-02 
 1.425302e+01  3.013935e-02 
 1.425334e+01  3.013937e-02 
 1.425366e+01  3.013938e-02 
 1.425398e+01  3.013940e-02 
 1.425430e+01  3.013942e-02 
 1.425463e+01  3.013943e-02 
 1.425495e+01  3.013945e-02 
 1.425527e+01  3.013947e-02 
 1.425559e+01  3.013948e-02 
 1.425591e+01  3.013950e-02 
 1.425623e+01  3.013951e-02 
 1.425656e+01  3.013953e-02 
 1.425688e+01  3.013954e-02 
 1.425720e+01  3.013956e-02 
 1.425752e+01  3.013957e-02 
 1.425784e+01  3.013958e-02 
 1.425816e+01  3.013960e-02 
 1.425848e+01  3.013961e-02 
 1.425881e+01  3.013963e-02 
 1.425913e+01  3.013964e-02 
 1.425945e+01  3.013965e-02 
 1.425977e+01  3.013967e-02 
 1.426009e+01  3.013968e-02 
 1.426041e+01  3.013969e-02 
 1.426074e+01  3.013970e-02 
 1.426106e+01  3.013972e-02 
 1.426138e+01  3.013973e-02 
 1.426170e+01  3.013974e-02 
 1.426202e+01  3.013975e-02 
 1.426234e+01  3.013976e-02 
 1.426266e+01  3.013977e-02 
 1.426299e+01  3.013978e-02 
 1.426331e+01  3.013980e-02 
 1.426363e+01  3.013981e-02 
 1.426395e+01  3.013982e-02 
 1.426427e+01  3.013983e-02 
 1.426459e+01  3.013984e-02 
 1.426492e+01  3.013985e-02 
 1.426524e+01  3.013985e-02 
 1.426556e+01  3.013986e-02 
 1.426588e+01  3.013987e-02 
 1.426620e+01  3.013988e-02 
 1.426652e+01  3.013989e-02 
 1.426684e+01  3.013990e-02 
 1.426717e+01  3.013991e-02 
 1.426749e+01  3.013991e-02 
 1.426781e+01  3.013992e-02 
 1.426813e+01  3.013993e-02 
 1.426845e+01  3.013994e-02 
 1.426877e+01  3.013994e-02 
 1.426910e+01  3.013995e-02 
 1.426942e+01  3.013996e-02 
 1.426974e+01  3.013996e-02 
 1.427006e+01  3.013997e-02 
 1.427038e+01  3.013998e-02 
 1.427070e+01  3.013998e-02 
 1.427103e+01  3.013999e-02 
 1.427135e+01  3.013999e-02 
 1.427167e+01  3.014000e-02 
 1.427199e+01  3.014000e-02 
 1.427231e+01  3.014001e-02 
 1.427263e+01  3.014001e-02 
 1.427295e+01  3.014002e-02 
 1.427328e+01  3.014002e-02 
 1.427360e+01  3.014002e-02 
 1.427392e+01  3.014003e-02 
 1.427424e+01  3.014003e-02 
 1.427456e+01  3.014003e-02 
 1.427488e+01  3.014004e-02 
 1.427521e+01  3.014004e-02 
 1.427553e+01  3.014004e-02 
 1.427585e+01  3.014005e-02 
 1.427617e+01  3.014005e-02 
 1.427649e+01  3.014005e-02 
 1.427681e+01  3.014005e-02 
 1.427713e+01  3.014005e-02 
 1.427746e+01  3.014005e-02 
 1.427778e+01  3.014006e-02 
 1.427810e+01  3.014006e-02 
 1.427842e+01  3.014006e-02 
 1.427874e+01  3.014006e-02 
 1.427906e+01  3.014006e-02 
 1.427939e+01  3.014006e-02 
 1.427971e+01  3.014006e-02 
 1.428003e+01  3.014006e-02 
 1.428035e+01  3.014006e-02 
 1.428067e+01  3.014006e-02 
 1.428099e+01  3.014006e-02 
 1.428131e+01  3.014006e-02 
 1.428164e+01  3.014006e-02 
 1.428196e+01  3.014005e-02 
 1.428228e+01  3.014005e-02 
 1.428260e+01  3.014005e-02 
 1.428292e+01  3.014005e-02 
 1.428324e+01  3.014005e-02 
 1.428357e+01  3.014005e-02 
 1.428389e+01  3.014004e-02 
 1.428421e+01  3.014004e-02 
 1.428453e+01  3.014004e-02 
 1.428485e+01  3.014003e-02 
 1.428517e+01  3.014003e-02 
 1.428550e+01  3.014003e-02 
 1.428582e+01  3.014002e-02 
 1.428614e+01  3.014002e-02 
 1.428646e+01  3.014002e-02 
 1.428678e+01  3.014001e-02 
 1.428710e+01  3.014001e-02 
 1.428742e+01  3.014000e-02 
 1.428775e+01  3.014000e-02 
 1.428807e+01  3.013999e-02 
 1.428839e+01  3.013999e-02 
 1.428871e+01  3.013998e-02 
 1.428903e+01  3.013998e-02 
 1.428935e+01  3.013997e-02 
 1.428968e+01  3.013997e-02 
 1.429000e+01  3.013996e-02 
 1.429032e+01  3.013996e-02 
 1.429064e+01  3.013995e-02 
 1.429096e+01  3.013994e-02 
 1.429128e+01  3.013994e-02 
 1.429160e+01  3.013993e-02 
 1.429193e+01  3.013992e-02 
 1.429225e+01  3.013992e-02 
 1.429257e+01  3.013991e-02 
 1.429289e+01  3.013990e-02 
 1.429321e+01  3.013989e-02 
 1.429353e+01  3.013989e-02 
 1.429386e+01  3.013988e-02 
 1.429418e+01  3.013987e-02 
 1.429450e+01  3.013986e-02 
 1.429482e+01  3.013985e-02 
 1.429514e+01  3.013984e-02 
 1.429546e+01  3.013984e-02 
 1.429579e+01  3.013983e-02 
 1.429611e+01  3.013982e-02 
 1.429643e+01  3.013981e-02 
 1.429675e+01  3.013980e-02 
 1.429707e+01  3.013979e-02 
 1.429739e+01  3.013978e-02 
 1.429771e+01  3.013977e-02 
 1.429804e+01  3.013976e-02 
 1.429836e+01  3.013975e-02 
 1.429868e+01  3.013974e-02 
 1.429900e+01  3.013973e-02 
 1.429932e+01  3.013972e-02 
 1.429964e+01  3.013970e-02 
 1.429997e+01  3.013969e-02 
 1.430029e+01  3.013968e-02 
 1.430061e+01  3.013967e-02 
 1.430093e+01  3.013966e-02 
 1.430125e+01  3.013965e-02 
 1.430157e+01  3.013963e-02 
 1.430189e+01  3.013962e-02 
 1.430222e+01  3.013961e-02 
 1.430254e+01  3.013960e-02 
 1.430286e+01  3.013958e-02 
 1.430318e+01  3.013957e-02 
 1.430350e+01  3.013956e-02 
 1.430382e+01  3.013954e-02 
 1.430415e+01  3.013953e-02 
 1.430447e+01  3.013952e-02 
 1.430479e+01  3.013950e-02 
 1.430511e+01  3.013949e-02 
 1.430543e+01  3.013947e-02 
 1.430575e+01  3.013946e-02 
 1.430607e+01  3.013944e-02 
 1.430640e+01  3.013943e-02 
 1.430672e+01  3.013941e-02 
 1.430704e+01  3.013940e-02 
 1.430736e+01  3.013938e-02 
 1.430768e+01  3.013937e-02 
 1.430800e+01  3.013935e-02 
 1.430833e+01  3.013934e-02 
 1.430865e+01  3.013932e-02 
 1.430897e+01  3.013930e-02 
 1.430929e+01  3.013929e-02 
 1.430961e+01  3.013927e-02 
 1.430993e+01  3.013926e-02 
 1.431026e+01  3.013924e-02 
 1.431058e+01  3.013922e-02 
 1.431090e+01  3.013920e-02 
 1.431122e+01  3.013919e-02 
 1.431154e+01  3.013917e-02 
 1.431186e+01  3.013915e-02 
 1.431218e+01  3.013913e-02 
 1.431251e+01  3.013912e-02 
 1.431283e+01  3.013910e-02 
 1.431315e+01  3.013908e-02 
 1.431347e+01  3.013906e-02 
 1.431379e+01  3.013904e-02 
 1.431411e+01  3.013903e-02 
 1.431444e+01  3.013901e-02 
 1.431476e+01  3.013899e-02 
 1.431508e+01  3.013897e-02 
 1.431540e+01  3.013895e-02 
 1.431572e+01  3.013893e-02 
 1.431604e+01  3.013891e-02 
 1.431636e+01  3.013889e-02 
 1.431669e+01  3.013887e-02 
 1.431701e+01  3.013885e-02 
 1.431733e+01  3.013883e-02 
 1.431765e+01  3.013881e-02 
 1.431797e+01  3.013879e-02 
 1.431829e+01  3.013877e-02 
 1.431862e+01  3.013875e-02 
 1.431894e+01  3.013873e-02 
 1.431926e+01  3.013871e-02 
 1.431958e+01  3.013869e-02 
 1.431990e+01  3.013867e-02 
 1.432022e+01  3.013865e-02 
 1.432054e+01  3.013863e-02 
 1.432087e+01  3.013860e-02 
 1.432119e+01  3.013858e-02 
 1.432151e+01  3.013856e-02 
 1.432183e+01  3.013854e-02 
 1.432215e+01  3.013852e-02 
 1.432247e+01  3.013850e-02 
 1.432280e+01  3.013848e-02 
 1.432312e+01  3.013845e-02 
 1.432344e+01  3.013843e-02 
 1.432376e+01  3.013841e-02 
 1.432408e+01  3.013839e-02 
 1.432440e+01  3.013837e-02 
 1.432473e+01  3.013834e-02 
 1.432505e+01  3.013832e-02 
 1.432537e+01  3.013830e-02 
 1.432569e+01  3.013828e-02 
 1.432601e+01  3.013825e-02 
 1.432633e+01  3.013823e-02 
 1.432665e+01  3.013821e-02 
 1.432698e+01  3.013819e-02 
 1.432730e+01  3.013816e-02 
 1.432762e+01  3.013814e-02 
 1.432794e+01  3.013812e-02 
 1.432826e+01  3.013809e-02 
 1.432858e+01  3.013807e-02 
 1.432891e+01  3.013805e-02 
 1.432923e+01  3.013803e-02 
 1.432955e+01  3.013800e-02 
 1.432987e+01  3.013798e-02 
 1.433019e+01  3.013796e-02 
 1.433051e+01  3.013793e-02 
 1.433083e+01  3.013791e-02 
 1.433116e+01  3.013789e-02 
 1.433148e+01  3.013786e-02 
 1.433180e+01  3.013784e-02 
 1.433212e+01  3.013782e-02 
 1.433244e+01  3.013779e-02 
 1.433276e+01  3.013777e-02 
 1.433309e+01  3.013774e-02 
 1.433341e+01  3.013772e-02 
 1.433373e+01  3.013770e-02 
 1.433405e+01  3.013767e-02 
 1.433437e+01  3.013765e-02 
 1.433469e+01  3.013763e-02 
 1.433501e+01  3.013760e-02 
 1.433534e+01  3.013758e-02 
 1.433566e+01  3.013755e-02 
 1.433598e+01  3.013753e-02 
 1.433630e+01  3.013751e-02 
 1.433662e+01  3.013748e-02 
 1.433694e+01  3.013746e-02 
 1.433727e+01  3.013744e-02 
 1.433759e+01  3.013741e-02 
 1.433791e+01  3.013739e-02 
 1.433823e+01  3.013736e-02 
 1.433855e+01  3.013734e-02 
 1.433887e+01  3.013732e-02 
 1.433920e+01  3.013729e-02 
 1.433952e+01  3.013727e-02 
 1.433984e+01  3.013724e-02 
 1.434016e+01  3.013722e-02 
 1.434048e+01  3.013719e-02 
 1.434080e+01  3.013717e-02 
 1.434112e+01  3.013715e-02 
 1.434145e+01  3.013712e-02 
 1.434177e+01  3.013710e-02 
 1.434209e+01  3.013707e-02 
 1.434241e+01  3.013705e-02 
 1.434273e+01  3.013703e-02 
 1.434305e+01  3.013700e-02 
 1.434338e+01  3.013698e-02 
 1.434370e+01  3.013695e-02 
 1.434402e+01  3.013693e-02 
 1.434434e+01  3.013690e-02 
 1.434466e+01  3.013688e-02 
 1.434498e+01  3.013686e-02 
 1.434530e+01  3.013683e-02 
 1.434563e+01  3.013681e-02 
 1.434595e+01  3.013678e-02 
 1.434627e+01  3.013676e-02 
 1.434659e+01  3.013673e-02 
 1.434691e+01  3.013671e-02 
 1.434723e+01  3.013669e-02 
 1.434756e+01  3.013666e-02 
 1.434788e+01  3.013664e-02 
 1.434820e+01  3.013661e-02 
 1.434852e+01  3.013659e-02 
 1.434884e+01  3.013656e-02 
 1.434916e+01  3.013654e-02 
 1.434948e+01  3.013652e-02 
 1.434981e+01  3.013649e-02 
 1.435013e+01  3.013647e-02 
 1.435045e+01  3.013644e-02 
 1.435077e+01  3.013642e-02 
 1.435109e+01  3.013640e-02 
 1.435141e+01  3.013637e-02 
 1.435174e+01  3.013635e-02 
 1.435206e+01  3.013632e-02 
 1.435238e+01  3.013630e-02 
 1.435270e+01  3.013627e-02 
 1.435302e+01  3.013625e-02 
 1.435334e+01  3.013623e-02 
 1.435367e+01  3.013620e-02 
 1.435399e+01  3.013618e-02 
 1.435431e+01  3.013616e-02 
 1.435463e+01  3.013613e-02 
 1.435495e+01  3.013611e-02 
 1.435527e+01  3.013608e-02 
 1.435559e+01  3.013606e-02 
 1.435592e+01  3.013604e-02 
 1.435624e+01  3.013601e-02 
 1.435656e+01  3.013599e-02 
 1.435688e+01  3.013597e-02 
 1.435720e+01  3.013594e-02 
 1.435752e+01  3.013592e-02 
 1.435785e+01  3.013590e-02 
 1.435817e+01  3.013587e-02 
 1.435849e+01  3.013585e-02 
 1.435881e+01  3.013583e-02 
 1.435913e+01  3.013580e-02 
 1.435945e+01  3.013578e-02 
 1.435977e+01  3.013576e-02 
 1.436010e+01  3.013573e-02 
 1.436042e+01  3.013571e-02 
 1.436074e+01  3.013569e-02 
 1.436106e+01  3.013567e-02 
 1.436138e+01  3.013564e-02 
 1.436170e+01  3.013562e-02 
 1.436203e+01  3.013560e-02 
 1.436235e+01  3.013558e-02 
 1.436267e+01  3.013555e-02 
 1.436299e+01  3.013553e-02 
 1.436331e+01  3.013551e-02 
 1.436363e+01  3.013549e-02 
 1.436395e+01  3.013547e-02 
 1.436428e+01  3.013544e-02 
 1.436460e+01  3.013542e-02 
 1.436492e+01  3.013540e-02 
 1.436524e+01  3.013538e-02 
 1.436556e+01  3.013536e-02 
 1.436588e+01  3.013534e-02 
 1.436621e+01  3.013532e-02 
 1.436653e+01  3.013529e-02 
 1.436685e+01  3.013527e-02 
 1.436717e+01  3.013525e-02 
 1.436749e+01  3.013523e-02 
 1.436781e+01  3.013521e-02 
 1.436814e+01  3.013519e-02 
 1.436846e+01  3.013517e-02 
 1.436878e+01  3.013515e-02 
 1.436910e+01  3.013513e-02 
 1.436942e+01  3.013511e-02 
 1.436974e+01  3.013509e-02 
 1.437006e+01  3.013507e-02 
 1.437039e+01  3.013505e-02 
 1.437071e+01  3.013503e-02 
 1.437103e+01  3.013501e-02 
 1.437135e+01  3.013499e-02 
 1.437167e+01  3.013497e-02 
 1.437199e+01  3.013495e-02 
 1.437232e+01  3.013493e-02 
 1.437264e+01  3.013491e-02 
 1.437296e+01  3.013489e-02 
 1.437328e+01  3.013487e-02 
 1.437360e+01  3.013485e-02 
 1.437392e+01  3.013483e-02 
 1.437424e+01  3.013481e-02 
 1.437457e+01  3.013480e-02 
 1.437489e+01  3.013478e-02 
 1.437521e+01  3.013476e-02 
 1.437553e+01  3.013474e-02 
 1.437585e+01  3.013472e-02 
 1.437617e+01  3.013470e-02 
 1.437650e+01  3.013469e-02 
 1.437682e+01  3.013467e-02 
 1.437714e+01  3.013465e-02 
 1.437746e+01  3.013463e-02 
 1.437778e+01  3.013462e-02 
 1.437810e+01  3.013460e-02 
 1.437842e+01  3.013458e-02 
 1.437875e+01  3.013456e-02 
 1.437907e+01  3.013455e-02 
 1.437939e+01  3.013453e-02 
 1.437971e+01  3.013451e-02 
 1.438003e+01  3.013450e-02 
 1.438035e+01  3.013448e-02 
 1.438068e+01  3.013446e-02 
 1.438100e+01  3.013445e-02 
 1.438132e+01  3.013443e-02 
 1.438164e+01  3.013441e-02 
 1.438196e+01  3.013440e-02 
 1.438228e+01  3.013438e-02 
 1.438261e+01  3.013437e-02 
 1.438293e+01  3.013435e-02 
 1.438325e+01  3.013434e-02 
 1.438357e+01  3.013432e-02 
 1.438389e+01  3.013430e-02 
 1.438421e+01  3.013429e-02 
 1.438453e+01  3.013427e-02 
 1.438486e+01  3.013426e-02 
 1.438518e+01  3.013424e-02 
 1.438550e+01  3.013423e-02 
 1.438582e+01  3.013421e-02 
 1.438614e+01  3.013420e-02 
 1.438646e+01  3.013419e-02 
 1.438679e+01  3.013417e-02 
 1.438711e+01  3.013416e-02 
 1.438743e+01  3.013414e-02 
 1.438775e+01  3.013413e-02 
 1.438807e+01  3.013411e-02 
 1.438839e+01  3.013410e-02 
 1.438871e+01  3.013409e-02 
 1.438904e+01  3.013407e-02 
 1.438936e+01  3.013406e-02 
 1.438968e+01  3.013405e-02 
 1.439000e+01  3.013403e-02 
 1.439032e+01  3.013402e-02 
 1.439064e+01  3.013401e-02 
 1.439097e+01  3.013400e-02 
 1.439129e+01  3.013398e-02 
 1.439161e+01  3.013397e-02 
 1.439193e+01  3.013396e-02 
 1.439225e+01  3.013395e-02 
 1.439257e+01  3.013393e-02 
 1.439289e+01  3.013392e-02 
 1.439322e+01  3.013391e-02 
 1.439354e+01  3.013390e-02 
 1.439386e+01  3.013389e-02 
 1.439418e+01  3.013387e-02 
 1.439450e+01  3.013386e-02 
 1.439482e+01  3.013385e-02 
 1.439515e+01  3.013384e-02 
 1.439547e+01  3.013383e-02 
 1.439579e+01  3.013382e-02 
 1.439611e+01  3.013381e-02 
 1.439643e+01  3.013380e-02 
 1.439675e+01  3.013378e-02 
 1.439708e+01  3.013377e-02 
 1.439740e+01  3.013376e-02 
 1.439772e+01  3.013375e-02 
 1.439804e+01  3.013374e-02 
 1.439836e+01  3.013373e-02 
 1.439868e+01  3.013372e-02 
 1.439900e+01  3.013371e-02 
 1.439933e+01  3.013370e-02 
 1.439965e+01  3.013369e-02 
 1.439997e+01  3.013368e-02 
 1.440029e+01  3.013367e-02 
 1.440061e+01  3.013366e-02 
 1.440093e+01  3.013365e-02 
 1.440126e+01  3.013365e-02 
 1.440158e+01  3.013364e-02 
 1.440190e+01  3.013363e-02 
 1.440222e+01  3.013362e-02 
 1.440254e+01  3.013361e-02 
 1.440286e+01  3.013360e-02 
 1.440318e+01  3.013359e-02 
 1.440351e+01  3.013358e-02 
 1.440383e+01  3.013358e-02 
 1.440415e+01  3.013357e-02 
 1.440447e+01  3.013356e-02 
 1.440479e+01  3.013355e-02 
 1.440511e+01  3.013354e-02 
 1.440544e+01  3.013354e-02 
 1.440576e+01  3.013353e-02 
 1.440608e+01  3.013352e-02 
 1.440640e+01  3.013351e-02 
 1.440672e+01  3.013351e-02 
 1.440704e+01  3.013350e-02 
 1.440737e+01  3.013349e-02 
 1.440769e+01  3.013349e-02 
 1.440801e+01  3.013348e-02 
 1.440833e+01  3.013347e-02 
 1.440865e+01  3.013346e-02 
 1.440897e+01  3.013346e-02 
 1.440929e+01  3.013345e-02 
 1.440962e+01  3.013345e-02 
 1.440994e+01  3.013344e-02 
 1.441026e+01  3.013343e-02 
 1.441058e+01  3.013343e-02 
 1.441090e+01  3.013342e-02 
 1.441122e+01  3.013342e-02 
 1.441155e+01  3.013341e-02 
 1.441187e+01  3.013340e-02 
 1.441219e+01  3.013340e-02 
 1.441251e+01  3.013339e-02 
 1.441283e+01  3.013339e-02 
 1.441315e+01  3.013338e-02 
 1.441347e+01  3.013338e-02 
 1.441380e+01  3.013337e-02 
 1.441412e+01  3.013337e-02 
 1.441444e+01  3.013337e-02 
 1.441476e+01  3.013336e-02 
 1.441508e+01  3.013336e-02 
 1.441540e+01  3.013335e-02 
 1.441573e+01  3.013335e-02 
 1.441605e+01  3.013334e-02 
 1.441637e+01  3.013334e-02 
 1.441669e+01  3.013334e-02 
 1.441701e+01  3.013333e-02 
 1.441733e+01  3.013333e-02 
 1.441765e+01  3.013333e-02 
 1.441798e+01  3.013332e-02 
 1.441830e+01  3.013332e-02 
 1.441862e+01  3.013332e-02 
 1.441894e+01  3.013332e-02 
 1.441926e+01  3.013331e-02 
 1.441958e+01  3.013331e-02 
 1.441991e+01  3.013331e-02 
 1.442023e+01  3.013331e-02 
 1.442055e+01  3.013330e-02 
 1.442087e+01  3.013330e-02 
 1.442119e+01  3.013330e-02 
 1.442151e+01  3.013330e-02 
 1.442184e+01  3.013330e-02 
 1.442216e+01  3.013330e-02 
 1.442248e+01  3.013329e-02 
 1.442280e+01  3.013329e-02 
 1.442312e+01  3.013329e-02 
 1.442344e+01  3.013329e-02 
 1.442376e+01  3.013329e-02 
 1.442409e+01  3.013329e-02 
 1.442441e+01  3.013329e-02 
 1.442473e+01  3.013329e-02 
 1.442505e+01  3.013329e-02 
 1.442537e+01  3.013329e-02 
 1.442569e+01  3.013329e-02 
 1.442602e+01  3.013329e-02 
 1.442634e+01  3.013329e-02 
 1.442666e+01  3.013329e-02 
 1.442698e+01  3.013329e-02 
 1.442730e+01  3.013329e-02 
 1.442762e+01  3.013330e-02 
 1.442794e+01  3.013330e-02 
 1.442827e+01  3.013330e-02 
 1.442859e+01  3.013330e-02 
 1.442891e+01  3.013330e-02 
 1.442923e+01  3.013330e-02 
 1.442955e+01  3.013331e-02 
 1.442987e+01  3.013331e-02 
 1.443020e+01  3.013331e-02 
 1.443052e+01  3.013331e-02 
 1.443084e+01  3.013332e-02 
 1.443116e+01  3.013332e-02 
 1.443148e+01  3.013332e-02 
 1.443180e+01  3.013333e-02 
 1.443212e+01  3.013333e-02 
 1.443245e+01  3.013333e-02 
 1.443277e+01  3.013334e-02 
 1.443309e+01  3.013334e-02 
 1.443341e+01  3.013335e-02 
 1.443373e+01  3.013335e-02 
 1.443405e+01  3.013335e-02 
 1.443438e+01  3.013336e-02 
 1.443470e+01  3.013336e-02 
 1.443502e+01  3.013337e-02 
 1.443534e+01  3.013337e-02 
 1.443566e+01  3.013338e-02 
 1.443598e+01  3.013339e-02 
 1.443631e+01  3.013339e-02 
 1.443663e+01  3.013340e-02 
 1.443695e+01  3.013340e-02 
 1.443727e+01  3.013341e-02 
 1.443759e+01  3.013342e-02 
 1.443791e+01  3.013342e-02 
 1.443823e+01  3.013343e-02 
 1.443856e+01  3.013344e-02 
 1.443888e+01  3.013344e-02 
 1.443920e+01  3.013345e-02 
 1.443952e+01  3.013346e-02 
 1.443984e+01  3.013347e-02 
 1.444016e+01  3.013347e-02 
 1.444049e+01  3.013348e-02 
 1.444081e+01  3.013349e-02 
 1.444113e+01  3.013350e-02 
 1.444145e+01  3.013351e-02 
 1.444177e+01  3.013351e-02 
 1.444209e+01  3.013352e-02 
 1.444241e+01  3.013353e-02 
 1.444274e+01  3.013354e-02 
 1.444306e+01  3.013355e-02 
 1.444338e+01  3.013356e-02 
 1.444370e+01  3.013357e-02 
 1.444402e+01  3.013358e-02 
 1.444434e+01  3.013359e-02 
 1.444467e+01  3.013360e-02 
 1.444499e+01  3.013361e-02 
 1.444531e+01  3.013362e-02 
 1.444563e+01  3.013363e-02 
 1.444595e+01  3.013364e-02 
 1.444627e+01  3.013365e-02 
 1.444659e+01  3.013366e-02 
 1.444692e+01  3.013368e-02 
 1.444724e+01  3.013369e-02 
 1.444756e+01  3.013370e-02 
 1.444788e+01  3.013371e-02 
 1.444820e+01  3.013372e-02 
 1.444852e+01  3.013373e-02 
 1.444885e+01  3.013375e-02 
 1.444917e+01  3.013376e-02 
 1.444949e+01  3.013377e-02 
 1.444981e+01  3.013378e-02 
 1.445013e+01  3.013380e-02 
 1.445045e+01  3.013381e-02 
 1.445078e+01  3.013382e-02 
 1.445110e+01  3.013384e-02 
 1.445142e+01  3.013385e-02 
 1.445174e+01  3.013386e-02 
 1.445206e+01  3.013388e-02 
 1.445238e+01  3.013389e-02 
 1.445270e+01  3.013390e-02 
 1.445303e+01  3.013392e-02 
 1.445335e+01  3.013393e-02 
 1.445367e+01  3.013395e-02 
 1.445399e+01  3.013396e-02 
 1.445431e+01  3.013397e-02 
 1.445463e+01  3.013399e-02 
 1.445496e+01  3.013400e-02 
 1.445528e+01  3.013402e-02 
 1.445560e+01  3.013403e-02 
 1.445592e+01  3.013405e-02 
 1.445624e+01  3.013406e-02 
 1.445656e+01  3.013408e-02 
 1.445688e+01  3.013410e-02 
 1.445721e+01  3.013411e-02 
 1.445753e+01  3.013413e-02 
 1.445785e+01  3.013414e-02 
 1.445817e+01  3.013416e-02 
 1.445849e+01  3.013417e-02 
 1.445881e+01  3.013419e-02 
 1.445914e+01  3.013421e-02 
 1.445946e+01  3.013422e-02 
 1.445978e+01  3.013424e-02 
 1.446010e+01  3.013426e-02 
 1.446042e+01  3.013427e-02 
 1.446074e+01  3.013429e-02 
 1.446106e+01  3.013431e-02 
 1.446139e+01  3.013432e-02 
 1.446171e+01  3.013434e-02 
 1.446203e+01  3.013436e-02 
 1.446235e+01  3.013438e-02 
 1.446267e+01  3.013439e-02 
 1.446299e+01  3.013441e-02 
 1.446332e+01  3.013443e-02 
 1.446364e+01  3.013445e-02 
 1.446396e+01  3.013446e-02 
 1.446428e+01  3.013448e-02 
 1.446460e+01  3.013450e-02 
 1.446492e+01  3.013452e-02 
 1.446525e+01  3.013454e-02 
 1.446557e+01  3.013455e-02 
 1.446589e+01  3.013457e-02 
 1.446621e+01  3.013459e-02 
 1.446653e+01  3.013461e-02 
 1.446685e+01  3.013463e-02 
 1.446717e+01  3.013465e-02 
 1.446750e+01  3.013467e-02 
 1.446782e+01  3.013469e-02 
 1.446814e+01  3.013470e-02 
 1.446846e+01  3.013472e-02 
 1.446878e+01  3.013474e-02 
 1.446910e+01  3.013476e-02 
 1.446943e+01  3.013478e-02 
 1.446975e+01  3.013480e-02 
 1.447007e+01  3.013482e-02 
 1.447039e+01  3.013484e-02 
 1.447071e+01  3.013486e-02 
 1.447103e+01  3.013488e-02 
 1.447135e+01  3.013490e-02 
 1.447168e+01  3.013492e-02 
 1.447200e+01  3.013494e-02 
 1.447232e+01  3.013496e-02 
 1.447264e+01  3.013498e-02 
 1.447296e+01  3.013500e-02 
 1.447328e+01  3.013502e-02 
 1.447361e+01  3.013504e-02 
 1.447393e+01  3.013506e-02 
 1.447425e+01  3.013508e-02 
 1.447457e+01  3.013510e-02 
 1.447489e+01  3.013512e-02 
 1.447521e+01  3.013514e-02 
 1.447553e+01  3.013516e-02 
 1.447586e+01  3.013518e-02 
 1.447618e+01  3.013520e-02 
 1.447650e+01  3.013522e-02 
 1.447682e+01  3.013524e-02 
 1.447714e+01  3.013526e-02 
 1.447746e+01  3.013528e-02 
 1.447779e+01  3.013530e-02 
 1.447811e+01  3.013532e-02 
 1.447843e+01  3.013534e-02 
 1.447875e+01  3.013537e-02 
 1.447907e+01  3.013539e-02 
 1.447939e+01  3.013541e-02 
 1.447972e+01  3.013543e-02 
 1.448004e+01  3.013545e-02 
 1.448036e+01  3.013547e-02 
 1.448068e+01  3.013549e-02 
 1.448100e+01  3.013552e-02 
 1.448132e+01  3.013554e-02 
 1.448164e+01  3.013556e-02 
 1.448197e+01  3.013558e-02 
 1.448229e+01  3.013560e-02 
 1.448261e+01  3.013562e-02 
 1.448293e+01  3.013565e-02 
 1.448325e+01  3.013567e-02 
 1.448357e+01  3.013569e-02 
 1.448390e+01  3.013571e-02 
 1.448422e+01  3.013573e-02 
 1.448454e+01  3.013576e-02 
 1.448486e+01  3.013578e-02 
 1.448518e+01  3.013580e-02 
 1.448550e+01  3.013582e-02 
 1.448582e+01  3.013585e-02 
 1.448615e+01  3.013587e-02 
 1.448647e+01  3.013589e-02 
 1.448679e+01  3.013591e-02 
 1.448711e+01  3.013594e-02 
 1.448743e+01  3.013596e-02 
 1.448775e+01  3.013598e-02 
 1.448808e+01  3.013600e-02 
 1.448840e+01  3.013603e-02 
 1.448872e+01  3.013605e-02 
 1.448904e+01  3.013607e-02 
 1.448936e+01  3.013610e-02 
 1.448968e+01  3.013612e-02 
 1.449000e+01  3.013614e-02 
 1.449033e+01  3.013616e-02 
 1.449065e+01  3.013619e-02 
 1.449097e+01  3.013621e-02 
 1.449129e+01  3.013623e-02 
 1.449161e+01  3.013626e-02 
 1.449193e+01  3.013628e-02 
 1.449226e+01  3.013630e-02 
 1.449258e+01  3.013633e-02 
 1.449290e+01  3.013635e-02 
 1.449322e+01  3.013637e-02 
 1.449354e+01  3.013640e-02 
 1.449386e+01  3.013642e-02 
 1.449419e+01  3.013644e-02 
 1.449451e+01  3.013647e-02 
 1.449483e+01  3.013649e-02 
 1.449515e+01  3.013651e-02 
 1.449547e+01  3.013654e-02 
 1.449579e+01  3.013656e-02 
 1.449611e+01  3.013659e-02 
 1.449644e+01  3.013661e-02 
 1.449676e+01  3.013663e-02 
 1.449708e+01  3.013666e-02 
 1.449740e+01  3.013668e-02 
 1.449772e+01  3.013670e-02 
 1.449804e+01  3.013673e-02 
 1.449837e+01  3.013675e-02 
 1.449869e+01  3.013677e-02 
 1.449901e+01  3.013680e-02 
 1.449933e+01  3.013682e-02 
 1.449965e+01  3.013684e-02 
 1.449997e+01  3.013687e-02 
 1.450029e+01  3.013689e-02 
 1.450062e+01  3.013692e-02 
 1.450094e+01  3.013694e-02 
 1.450126e+01  3.013696e-02 
 1.450158e+01  3.013699e-02 
 1.450190e+01  3.013701e-02 
 1.450222e+01  3.013703e-02 
 1.450255e+01  3.013706e-02 
 1.450287e+01  3.013708e-02 
 1.450319e+01  3.013710e-02 
 1.450351e+01  3.013713e-02 
 1.450383e+01  3.013715e-02 
 1.450415e+01  3.013717e-02 
 1.450447e+01  3.013720e-02 
 1.450480e+01  3.013722e-02 
 1.450512e+01  3.013724e-02 
 1.450544e+01  3.013727e-02 
 1.450576e+01  3.013729e-02 
 1.450608e+01  3.013731e-02 
 1.450640e+01  3.013734e-02 
 1.450673e+01  3.013736e-02 
 1.450705e+01  3.013738e-02 
 1.450737e+01  3.013741e-02 
 1.450769e+01  3.013743e-02 
 1.450801e+01  3.013745e-02 
 1.450833e+01  3.013748e-02 
 1.450866e+01  3.013750e-02 
 1.450898e+01  3.013752e-02 
 1.450930e+01  3.013755e-02 
 1.450962e+01  3.013757e-02 
 1.450994e+01  3.013759e-02 
 1.451026e+01  3.013761e-02 
 1.451058e+01  3.013764e-02 
 1.451091e+01  3.013766e-02 
 1.451123e+01  3.013768e-02 
 1.451155e+01  3.013770e-02 
 1.451187e+01  3.013773e-02 
 1.451219e+01  3.013775e-02 
 1.451251e+01  3.013777e-02 
 1.451284e+01  3.013779e-02 
 1.451316e+01  3.013782e-02 
 1.451348e+01  3.013784e-02 
 1.451380e+01  3.013786e-02 
 1.451412e+01  3.013788e-02 
 1.451444e+01  3.013790e-02 
 1.451476e+01  3.013793e-02 
 1.451509e+01  3.013795e-02 
 1.451541e+01  3.013797e-02 
 1.451573e+01  3.013799e-02 
 1.451605e+01  3.013801e-02 
 1.451637e+01  3.013803e-02 
 1.451669e+01  3.013806e-02 
 1.451702e+01  3.013808e-02 
 1.451734e+01  3.013810e-02 
 1.451766e+01  3.013812e-02 
 1.451798e+01  3.013814e-02 
 1.451830e+01  3.013816e-02 
 1.451862e+01  3.013818e-02 
 1.451895e+01  3.013821e-02 
 1.451927e+01  3.013823e-02 
 1.451959e+01  3.013825e-02 
 1.451991e+01  3.013827e-02 
 1.452023e+01  3.013829e-02 
 1.452055e+01  3.013831e-02 
 1.452087e+01  3.013833e-02 
 1.452120e+01  3.013835e-02 
 1.452152e+01  3.013837e-02 
 1.452184e+01  3.013839e-02 
 1.452216e+01  3.013841e-02 
 1.452248e+01  3.013843e-02 
 1.452280e+01  3.013845e-02 
 1.452313e+01  3.013848e-02 
 1.452345e+01  3.013850e-02 
 1.452377e+01  3.013852e-02 
 1.452409e+01  3.013854e-02 
 1.452441e+01  3.013856e-02 
 1.452473e+01  3.013858e-02 
 1.452505e+01  3.013860e-02 
 1.452538e+01  3.013862e-02 
 1.452570e+01  3.013864e-02 
 1.452602e+01  3.013866e-02 
 1.452634e+01  3.013867e-02 
 1.452666e+01  3.013869e-02 
 1.452698e+01  3.013871e-02 
 1.452731e+01  3.013873e-02 
 1.452763e+01  3.013875e-02 
 1.452795e+01  3.013877e-02 
 1.452827e+01  3.013879e-02 
 1.452859e+01  3.013881e-02 
 1.452891e+01  3.013883e-02 
 1.452923e+01  3.013885e-02 
 1.452956e+01  3.013887e-02 
 1.452988e+01  3.013889e-02 
 1.453020e+01  3.013891e-02 
 1.453052e+01  3.013893e-02 
 1.453084e+01  3.013894e-02 
 1.453116e+01  3.013896e-02 
 1.453149e+01  3.013898e-02 
 1.453181e+01  3.013900e-02 
 1.453213e+01  3.013902e-02 
 1.453245e+01  3.013904e-02 
 1.453277e+01  3.013906e-02 
 1.453309e+01  3.013907e-02 
 1.453342e+01  3.013909e-02 
 1.453374e+01  3.013911e-02 
 1.453406e+01  3.013913e-02 
 1.453438e+01  3.013915e-02 
 1.453470e+01  3.013917e-02 
 1.453502e+01  3.013918e-02 
 1.453534e+01  3.013920e-02 
 1.453567e+01  3.013922e-02 
 1.453599e+01  3.013924e-02 
 1.453631e+01  3.013926e-02 
 1.453663e+01  3.013927e-02 
 1.453695e+01  3.013929e-02 
 1.453727e+01  3.013931e-02 
 1.453760e+01  3.013933e-02 
 1.453792e+01  3.013934e-02 
 1.453824e+01  3.013936e-02 
 1.453856e+01  3.013938e-02 
 1.453888e+01  3.013940e-02 
 1.453920e+01  3.013941e-02 
 1.453952e+01  3.013943e-02 
 1.453985e+01  3.013945e-02 
 1.454017e+01  3.013946e-02 
 1.454049e+01  3.013948e-02 
 1.454081e+01  3.013950e-02 
 1.454113e+01  3.013951e-02 
 1.454145e+01  3.013953e-02 
 1.454178e+01  3.013955e-02 
 1.454210e+01  3.013956e-02 
 1.454242e+01  3.013958e-02 
 1.454274e+01  3.013960e-02 
 1.454306e+01  3.013961e-02 
 1.454338e+01  3.013963e-02 
 1.454370e+01  3.013964e-02 
 1.454403e+01  3.013966e-02 
 1.454435e+01  3.013968e-02 
 1.454467e+01  3.013969e-02 
 1.454499e+01  3.013971e-02 
 1.454531e+01  3.013972e-02 
 1.454563e+01  3.013974e-02 
 1.454596e+01  3.013975e-02 
 1.454628e+01  3.013977e-02 
 1.454660e+01  3.013978e-02 
 1.454692e+01  3.013980e-02 
 1.454724e+01  3.013981e-02 
 1.454756e+01  3.013983e-02 
 1.454789e+01  3.013984e-02 
 1.454821e+01  3.013986e-02 
 1.454853e+01  3.013987e-02 
 1.454885e+01  3.013989e-02 
 1.454917e+01  3.013990e-02 
 1.454949e+01  3.013992e-02 
 1.454981e+01  3.013993e-02 
 1.455014e+01  3.013994e-02 
 1.455046e+01  3.013996e-02 
 1.455078e+01  3.013997e-02 
 1.455110e+01  3.013999e-02 
 1.455142e+01  3.014000e-02 
 1.455174e+01  3.014001e-02 
 1.455207e+01  3.014003e-02 
 1.455239e+01  3.014004e-02 
 1.455271e+01  3.014005e-02 
 1.455303e+01  3.014006e-02 
 1.455335e+01  3.014008e-02 
 1.455367e+01  3.014009e-02 
 1.455399e+01  3.014010e-02 
 1.455432e+01  3.014011e-02 
 1.455464e+01  3.014013e-02 
 1.455496e+01  3.014014e-02 
 1.455528e+01  3.014015e-02 
 1.455560e+01  3.014016e-02 
 1.455592e+01  3.014017e-02 
 1.455625e+01  3.014019e-02 
 1.455657e+01  3.014020e-02 
 1.455689e+01  3.014021e-02 
 1.455721e+01  3.014022e-02 
 1.455753e+01  3.014023e-02 
 1.455785e+01  3.014024e-02 
 1.455817e+01  3.014025e-02 
 1.455850e+01  3.014026e-02 
 1.455882e+01  3.014027e-02 
 1.455914e+01  3.014029e-02 
 1.455946e+01  3.014030e-02 
 1.455978e+01  3.014031e-02 
 1.456010e+01  3.014032e-02 
 1.456043e+01  3.014033e-02 
 1.456075e+01  3.014034e-02 
 1.456107e+01  3.014035e-02 
 1.456139e+01  3.014036e-02 
 1.456171e+01  3.014036e-02 
 1.456203e+01  3.014037e-02 
 1.456236e+01  3.014038e-02 
 1.456268e+01  3.014039e-02 
 1.456300e+01  3.014040e-02 
 1.456332e+01  3.014041e-02 
 1.456364e+01  3.014042e-02 
 1.456396e+01  3.014043e-02 
 1.456428e+01  3.014044e-02 
 1.456461e+01  3.014044e-02 
 1.456493e+01  3.014045e-02 
 1.456525e+01  3.014046e-02 
 1.456557e+01  3.014047e-02 
 1.456589e+01  3.014048e-02 
 1.456621e+01  3.014048e-02 
 1.456654e+01  3.014049e-02 
 1.456686e+01  3.014050e-02 
 1.456718e+01  3.014051e-02 
 1.456750e+01  3.014051e-02 
 1.456782e+01  3.014052e-02 
 1.456814e+01  3.014053e-02 
 1.456846e+01  3.014054e-02 
 1.456879e+01  3.014054e-02 
 1.456911e+01  3.014055e-02 
 1.456943e+01  3.014056e-02 
 1.456975e+01  3.014056e-02 
 1.457007e+01  3.014057e-02 
 1.457039e+01  3.014057e-02 
 1.457072e+01  3.014058e-02 
 1.457104e+01  3.014059e-02 
 1.457136e+01  3.014059e-02 
 1.457168e+01  3.014060e-02 
 1.457200e+01  3.014060e-02 
 1.457232e+01  3.014061e-02 
 1.457264e+01  3.014061e-02 
 1.457297e+01  3.014062e-02 
 1.457329e+01  3.014063e-02 
 1.457361e+01  3.014063e-02 
 1.457393e+01  3.014064e-02 
 1.457425e+01  3.014064e-02 
 1.457457e+01  3.014064e-02 
 1.457490e+01  3.014065e-02 
 1.457522e+01  3.014065e-02 
 1.457554e+01  3.014066e-02 
 1.457586e+01  3.014066e-02 
 1.457618e+01  3.014067e-02 
 1.457650e+01  3.014067e-02 
 1.457683e+01  3.014067e-02 
 1.457715e+01  3.014068e-02 
 1.457747e+01  3.014068e-02 
 1.457779e+01  3.014069e-02 
 1.457811e+01  3.014069e-02 
 1.457843e+01  3.014069e-02 
 1.457875e+01  3.014070e-02 
 1.457908e+01  3.014070e-02 
 1.457940e+01  3.014070e-02 
 1.457972e+01  3.014070e-02 
 1.458004e+01  3.014071e-02 
 1.458036e+01  3.014071e-02 
 1.458068e+01  3.014071e-02 
 1.458101e+01  3.014072e-02 
 1.458133e+01  3.014072e-02 
 1.458165e+01  3.014072e-02 
 1.458197e+01  3.014072e-02 
 1.458229e+01  3.014072e-02 
 1.458261e+01  3.014073e-02 
 1.458293e+01  3.014073e-02 
 1.458326e+01  3.014073e-02 
 1.458358e+01  3.014073e-02 
 1.458390e+01  3.014073e-02 
 1.458422e+01  3.014073e-02 
 1.458454e+01  3.014074e-02 
 1.458486e+01  3.014074e-02 
 1.458519e+01  3.014074e-02 
 1.458551e+01  3.014074e-02 
 1.458583e+01  3.014074e-02 
 1.458615e+01  3.014074e-02 
 1.458647e+01  3.014074e-02 
 1.458679e+01  3.014074e-02 
 1.458711e+01  3.014074e-02 
 1.458744e+01  3.014074e-02 
 1.458776e+01  3.014074e-02 
 1.458808e+01  3.014074e-02 
 1.458840e+01  3.014074e-02 
 1.458872e+01  3.014074e-02 
 1.458904e+01  3.014074e-02 
 1.458937e+01  3.014074e-02 
 1.458969e+01  3.014074e-02 
 1.459001e+01  3.014074e-02 
 1.459033e+01  3.014074e-02 
 1.459065e+01  3.014074e-02 
 1.459097e+01  3.014074e-02 
 1.459130e+01  3.014074e-02 
 1.459162e+01  3.014074e-02 
 1.459194e+01  3.014074e-02 
 1.459226e+01  3.014074e-02 
 1.459258e+01  3.014074e-02 
 1.459290e+01  3.014073e-02 
 1.459322e+01  3.014073e-02 
 1.459355e+01  3.014073e-02 
 1.459387e+01  3.014073e-02 
 1.459419e+01  3.014073e-02 
 1.459451e+01  3.014072e-02 
 1.459483e+01  3.014072e-02 
 1.459515e+01  3.014072e-02 
 1.459548e+01  3.014072e-02 
 1.459580e+01  3.014072e-02 
 1.459612e+01  3.014071e-02 
 1.459644e+01  3.014071e-02 
 1.459676e+01  3.014071e-02 
 1.459708e+01  3.014071e-02 
 1.459740e+01  3.014070e-02 
 1.459773e+01  3.014070e-02 
 1.459805e+01  3.014070e-02 
 1.459837e+01  3.014069e-02 
 1.459869e+01  3.014069e-02 
 1.459901e+01  3.014069e-02 
 1.459933e+01  3.014068e-02 
 1.459966e+01  3.014068e-02 
 1.459998e+01  3.014068e-02 
 1.460030e+01  3.014067e-02 
 1.460062e+01  3.014067e-02 
 1.460094e+01  3.014066e-02 
 1.460126e+01  3.014066e-02 
 1.460158e+01  3.014066e-02 
 1.460191e+01  3.014065e-02 
 1.460223e+01  3.014065e-02 
 1.460255e+01  3.014064e-02 
 1.460287e+01  3.014064e-02 
 1.460319e+01  3.014063e-02 
 1.460351e+01  3.014063e-02 
 1.460384e+01  3.014062e-02 
 1.460416e+01  3.014062e-02 
 1.460448e+01  3.014061e-02 
 1.460480e+01  3.014061e-02 
 1.460512e+01  3.014060e-02 
 1.460544e+01  3.014060e-02 
 1.460577e+01  3.014059e-02 
 1.460609e+01  3.014059e-02 
 1.460641e+01  3.014058e-02 
 1.460673e+01  3.014057e-02 
 1.460705e+01  3.014057e-02 
 1.460737e+01  3.014056e-02 
 1.460769e+01  3.014056e-02 
 1.460802e+01  3.014055e-02 
 1.460834e+01  3.014054e-02 
 1.460866e+01  3.014054e-02 
 1.460898e+01  3.014053e-02 
 1.460930e+01  3.014052e-02 
 1.460962e+01  3.014052e-02 
 1.460995e+01  3.014051e-02 
 1.461027e+01  3.014050e-02 
 1.461059e+01  3.014050e-02 
 1.461091e+01  3.014049e-02 
 1.461123e+01  3.014048e-02 
 1.461155e+01  3.014047e-02 
 1.461187e+01  3.014047e-02 
 1.461220e+01  3.014046e-02 
 1.461252e+01  3.014045e-02 
 1.461284e+01  3.014044e-02 
 1.461316e+01  3.014044e-02 
 1.461348e+01  3.014043e-02 
 1.461380e+01  3.014042e-02 
 1.461413e+01  3.014041e-02 
 1.461445e+01  3.014041e-02 
 1.461477e+01  3.014040e-02 
 1.461509e+01  3.014039e-02 
 1.461541e+01  3.014038e-02 
 1.461573e+01  3.014037e-02 
 1.461605e+01  3.014036e-02 
 1.461638e+01  3.014035e-02 
 1.461670e+01  3.014035e-02 
 1.461702e+01  3.014034e-02 
 1.461734e+01  3.014033e-02 
 1.461766e+01  3.014032e-02 
 1.461798e+01  3.014031e-02 
 1.461831e+01  3.014030e-02 
 1.461863e+01  3.014029e-02 
 1.461895e+01  3.014028e-02 
 1.461927e+01  3.014027e-02 
 1.461959e+01  3.014026e-02 
 1.461991e+01  3.014025e-02 
 1.462024e+01  3.014024e-02 
 1.462056e+01  3.014023e-02 
 1.462088e+01  3.014022e-02 
 1.462120e+01  3.014021e-02 
 1.462152e+01  3.014020e-02 
 1.462184e+01  3.014019e-02 
 1.462216e+01  3.014018e-02 
 1.462249e+01  3.014017e-02 
 1.462281e+01  3.014016e-02 
 1.462313e+01  3.014015e-02 
 1.462345e+01  3.014014e-02 
 1.462377e+01  3.014013e-02 
 1.462409e+01  3.014012e-02 
 1.462442e+01  3.014010e-02 
 1.462474e+01  3.014009e-02 
 1.462506e+01  3.014008e-02 
 1.462538e+01  3.014007e-02 
 1.462570e+01  3.014006e-02 
 1.462602e+01  3.014005e-02 
 1.462634e+01  3.014003e-02 
 1.462667e+01  3.014002e-02 
 1.462699e+01  3.014001e-02 
 1.462731e+01  3.014000e-02 
 1.462763e+01  3.013999e-02 
 1.462795e+01  3.013997e-02 
 1.462827e+01  3.013996e-02 
 1.462860e+01  3.013995e-02 
 1.462892e+01  3.013994e-02 
 1.462924e+01  3.013992e-02 
 1.462956e+01  3.013991e-02 
 1.462988e+01  3.013990e-02 
 1.463020e+01  3.013988e-02 
 1.463053e+01  3.013987e-02 
 1.463085e+01  3.013986e-02 
 1.463117e+01  3.013985e-02 
 1.463149e+01  3.013983e-02 
 1.463181e+01  3.013982e-02 
 1.463213e+01  3.013981e-02 
 1.463245e+01  3.013979e-02 
 1.463278e+01  3.013978e-02 
 1.463310e+01  3.013976e-02 
 1.463342e+01  3.013975e-02 
 1.463374e+01  3.013974e-02 
 1.463406e+01  3.013972e-02 
 1.463438e+01  3.013971e-02 
 1.463471e+01  3.013970e-02 
 1.463503e+01  3.013968e-02 
 1.463535e+01  3.013967e-02 
 1.463567e+01  3.013965e-02 
 1.463599e+01  3.013964e-02 
 1.463631e+01  3.013962e-02 
 1.463663e+01  3.013961e-02 
 1.463696e+01  3.013960e-02 
 1.463728e+01  3.013958e-02 
 1.463760e+01  3.013957e-02 
 1.463792e+01  3.013955e-02 
 1.463824e+01  3.013954e-02 
 1.463856e+01  3.013952e-02 
 1.463889e+01  3.013951e-02 
 1.463921e+01  3.013949e-02 
 1.463953e+01  3.013948e-02 
 1.463985e+01  3.013946e-02 
 1.464017e+01  3.013945e-02 
 1.464049e+01  3.013944e-02 
 1.464081e+01  3.013942e-02 
 1.464114e+01  3.013941e-02 
 1.464146e+01  3.013939e-02 
 1.464178e+01  3.013938e-02 
 1.464210e+01  3.013936e-02 
 1.464242e+01  3.013935e-02 
 1.464274e+01  3.013933e-02 
 1.464307e+01  3.013932e-02 
 1.464339e+01  3.013930e-02 
 1.464371e+01  3.013929e-02 
 1.464403e+01  3.013927e-02 
 1.464435e+01  3.013926e-02 
 1.464467e+01  3.013924e-02 
 1.464500e+01  3.013923e-02 
 1.464532e+01  3.013921e-02 
 1.464564e+01  3.013920e-02 
 1.464596e+01  3.013919e-02 
 1.464628e+01  3.013917e-02 
 1.464660e+01  3.013916e-02 
 1.464692e+01  3.013914e-02 
 1.464725e+01  3.013913e-02 
 1.464757e+01  3.013911e-02 
 1.464789e+01  3.013910e-02 
 1.464821e+01  3.013908e-02 
 1.464853e+01  3.013907e-02 
 1.464885e+01  3.013906e-02 
 1.464918e+01  3.013904e-02 
 1.464950e+01  3.013903e-02 
 1.464982e+01  3.013901e-02 
 1.465014e+01  3.013900e-02 
 1.465046e+01  3.013899e-02 
 1.465078e+01  3.013897e-02 
 1.465110e+01  3.013896e-02 
 1.465143e+01  3.013894e-02 
 1.465175e+01  3.013893e-02 
 1.465207e+01  3.013892e-02 
 1.465239e+01  3.013890e-02 
 1.465271e+01  3.013889e-02 
 1.465303e+01  3.013887e-02 
 1.465336e+01  3.013886e-02 
 1.465368e+01  3.013885e-02 
 1.465400e+01  3.013883e-02 
 1.465432e+01  3.013882e-02 
 1.465464e+01  3.013881e-02 
 1.465496e+01  3.013879e-02 
 1.465528e+01  3.013878e-02 
 1.465561e+01  3.013877e-02 
 1.465593e+01  3.013875e-02 
 1.465625e+01  3.013874e-02 
 1.465657e+01  3.013873e-02 
 1.465689e+01  3.013872e-02 
 1.465721e+01  3.013870e-02 
 1.465754e+01  3.013869e-02 
 1.465786e+01  3.013868e-02 
 1.465818e+01  3.013867e-02 
 1.465850e+01  3.013865e-02 
 1.465882e+01  3.013864e-02 
 1.465914e+01  3.013863e-02 
 1.465947e+01  3.013862e-02 
 1.465979e+01  3.013860e-02 
 1.466011e+01  3.013859e-02 
 1.466043e+01  3.013858e-02 
 1.466075e+01  3.013857e-02 
 1.466107e+01  3.013856e-02 
 1.466139e+01  3.013854e-02 
 1.466172e+01  3.013853e-02 
 1.466204e+01  3.013852e-02 
 1.466236e+01  3.013851e-02 
 1.466268e+01  3.013850e-02 
 1.466300e+01  3.013848e-02 
 1.466332e+01  3.013847e-02 
 1.466365e+01  3.013846e-02 
 1.466397e+01  3.013845e-02 
 1.466429e+01  3.013844e-02 
 1.466461e+01  3.013843e-02 
 1.466493e+01  3.013842e-02 
 1.466525e+01  3.013841e-02 
 1.466557e+01  3.013839e-02 
 1.466590e+01  3.013838e-02 
 1.466622e+01  3.013837e-02 
 1.466654e+01  3.013836e-02 
 1.466686e+01  3.013835e-02 
 1.466718e+01  3.013834e-02 
 1.466750e+01  3.013833e-02 
 1.466783e+01  3.013832e-02 
 1.466815e+01  3.013831e-02 
 1.466847e+01  3.013830e-02 
 1.466879e+01  3.013829e-02 
 1.466911e+01  3.013828e-02 
 1.466943e+01  3.013827e-02 
 1.466975e+01  3.013826e-02 
 1.467008e+01  3.013825e-02 
 1.467040e+01  3.013824e-02 
 1.467072e+01  3.013823e-02 
 1.467104e+01  3.013822e-02 
 1.467136e+01  3.013821e-02 
 1.467168e+01  3.013820e-02 
 1.467201e+01  3.013819e-02 
 1.467233e+01  3.013818e-02 
 1.467265e+01  3.013817e-02 
 1.467297e+01  3.013816e-02 
 1.467329e+01  3.013815e-02 
 1.467361e+01  3.013814e-02 
 1.467394e+01  3.013813e-02 
 1.467426e+01  3.013812e-02 
 1.467458e+01  3.013811e-02 
 1.467490e+01  3.013810e-02 
 1.467522e+01  3.013809e-02 
 1.467554e+01  3.013808e-02 
 1.467586e+01  3.013807e-02 
 1.467619e+01  3.013806e-02 
 1.467651e+01  3.013805e-02 
 1.467683e+01  3.013804e-02 
 1.467715e+01  3.013803e-02 
 1.467747e+01  3.013802e-02 
 1.467779e+01  3.013801e-02 
 1.467812e+01  3.013800e-02 
 1.467844e+01  3.013799e-02 
 1.467876e+01  3.013799e-02 
 1.467908e+01  3.013798e-02 
 1.467940e+01  3.013797e-02 
 1.467972e+01  3.013796e-02 
 1.468004e+01  3.013795e-02 
 1.468037e+01  3.013794e-02 
 1.468069e+01  3.013793e-02 
 1.468101e+01  3.013792e-02 
 1.468133e+01  3.013791e-02 
 1.468165e+01  3.013790e-02 
 1.468197e+01  3.013790e-02 
 1.468230e+01  3.013789e-02 
 1.468262e+01  3.013788e-02 
 1.468294e+01  3.013787e-02 
 1.468326e+01  3.013786e-02 
 1.468358e+01  3.013785e-02 
 1.468390e+01  3.013784e-02 
 1.468422e+01  3.013784e-02 
 1.468455e+01  3.013783e-02 
 1.468487e+01  3.013782e-02 
 1.468519e+01  3.013781e-02 
 1.468551e+01  3.013780e-02 
 1.468583e+01  3.013779e-02 
 1.468615e+01  3.013779e-02 
 1.468648e+01  3.013778e-02 
 1.468680e+01  3.013777e-02 
 1.468712e+01  3.013776e-02 
 1.468744e+01  3.013775e-02 
 1.468776e+01  3.013774e-02 
 1.468808e+01  3.013774e-02 
 1.468841e+01  3.013773e-02 
 1.468873e+01  3.013772e-02 
 1.468905e+01  3.013771e-02 
 1.468937e+01  3.013771e-02 
 1.468969e+01  3.013770e-02 
 1.469001e+01  3.013769e-02 
 1.469033e+01  3.013768e-02 
 1.469066e+01  3.013767e-02 
 1.469098e+01  3.013767e-02 
 1.469130e+01  3.013766e-02 
 1.469162e+01  3.013765e-02 
 1.469194e+01  3.013764e-02 
 1.469226e+01  3.013764e-02 
 1.469259e+01  3.013763e-02 
 1.469291e+01  3.013762e-02 
 1.469323e+01  3.013762e-02 
 1.469355e+01  3.013761e-02 
 1.469387e+01  3.013760e-02 
 1.469419e+01  3.013760e-02 
 1.469451e+01  3.013759e-02 
 1.469484e+01  3.013758e-02 
 1.469516e+01  3.013757e-02 
 1.469548e+01  3.013757e-02 
 1.469580e+01  3.013756e-02 
 1.469612e+01  3.013755e-02 
 1.469644e+01  3.013755e-02 
 1.469677e+01  3.013754e-02 
 1.469709e+01  3.013754e-02 
 1.469741e+01  3.013753e-02 
 1.469773e+01  3.013752e-02 
 1.469805e+01  3.013752e-02 
 1.469837e+01  3.013751e-02 
 1.469869e+01  3.013750e-02 
 1.469902e+01  3.013750e-02 
 1.469934e+01  3.013749e-02 
 1.469966e+01  3.013749e-02 
 1.469998e+01  3.013748e-02 
 1.470030e+01  3.013747e-02 
 1.470062e+01  3.013747e-02 
 1.470095e+01  3.013746e-02 
 1.470127e+01  3.013746e-02 
 1.470159e+01  3.013745e-02 
 1.470191e+01  3.013745e-02 
 1.470223e+01  3.013744e-02 
 1.470255e+01  3.013743e-02 
 1.470288e+01  3.013743e-02 
 1.470320e+01  3.013742e-02 
 1.470352e+01  3.013742e-02 
 1.470384e+01  3.013741e-02 
 1.470416e+01  3.013741e-02 
 1.470448e+01  3.013740e-02 
 1.470480e+01  3.013740e-02 
 1.470513e+01  3.013739e-02 
 1.470545e+01  3.013739e-02 
 1.470577e+01  3.013738e-02 
 1.470609e+01  3.013738e-02 
 1.470641e+01  3.013737e-02 
 1.470673e+01  3.013737e-02 
 1.470706e+01  3.013736e-02 
 1.470738e+01  3.013736e-02 
 1.470770e+01  3.013735e-02 
 1.470802e+01  3.013735e-02 
 1.470834e+01  3.013734e-02 
 1.470866e+01  3.013734e-02 
 1.470898e+01  3.013733e-02 
 1.470931e+01  3.013733e-02 
 1.470963e+01  3.013733e-02 
 1.470995e+01  3.013732e-02 
 1.471027e+01  3.013732e-02 
 1.471059e+01  3.013731e-02 
 1.471091e+01  3.013731e-02 
 1.471124e+01  3.013730e-02 
 1.471156e+01  3.013730e-02 
 1.471188e+01  3.013730e-02 
 1.471220e+01  3.013729e-02 
 1.471252e+01  3.013729e-02 
 1.471284e+01  3.013728e-02 
 1.471316e+01  3.013728e-02 
 1.471349e+01  3.013727e-02 
 1.471381e+01  3.013727e-02 
 1.471413e+01  3.013727e-02 
 1.471445e+01  3.013726e-02 
 1.471477e+01  3.013726e-02 
 1.471509e+01  3.013726e-02 
 1.471542e+01  3.013725e-02 
 1.471574e+01  3.013725e-02 
 1.471606e+01  3.013724e-02 
 1.471638e+01  3.013724e-02 
 1.471670e+01  3.013724e-02 
 1.471702e+01  3.013723e-02 
 1.471735e+01  3.013723e-02 
 1.471767e+01  3.013723e-02 
 1.471799e+01  3.013722e-02 
 1.471831e+01  3.013722e-02 
 1.471863e+01  3.013722e-02 
 1.471895e+01  3.013721e-02 
 1.471927e+01  3.013721e-02 
 1.471960e+01  3.013721e-02 
 1.471992e+01  3.013720e-02 
 1.472024e+01  3.013720e-02 
 1.472056e+01  3.013720e-02 
 1.472088e+01  3.013720e-02 
 1.472120e+01  3.013719e-02 
 1.472153e+01  3.013719e-02 
 1.472185e+01  3.013719e-02 
 1.472217e+01  3.013718e-02 
 1.472249e+01  3.013718e-02 
 1.472281e+01  3.013718e-02 
 1.472313e+01  3.013718e-02 
 1.472345e+01  3.013717e-02 
 1.472378e+01  3.013717e-02 
 1.472410e+01  3.013717e-02 
 1.472442e+01  3.013717e-02 
 1.472474e+01  3.013716e-02 
 1.472506e+01  3.013716e-02 
 1.472538e+01  3.013716e-02 
 1.472571e+01  3.013716e-02 
 1.472603e+01  3.013716e-02 
 1.472635e+01  3.013715e-02 
 1.472667e+01  3.013715e-02 
 1.472699e+01  3.013715e-02 
 1.472731e+01  3.013715e-02 
 1.472763e+01  3.013715e-02 
 1.472796e+01  3.013715e-02 
 1.472828e+01  3.013714e-02 
 1.472860e+01  3.013714e-02 
 1.472892e+01  3.013714e-02 
 1.472924e+01  3.013714e-02 
 1.472956e+01  3.013714e-02 
 1.472989e+01  3.013714e-02 
 1.473021e+01  3.013714e-02 
 1.473053e+01  3.013714e-02 
 1.473085e+01  3.013713e-02 
 1.473117e+01  3.013713e-02 
 1.473149e+01  3.013713e-02 
 1.473182e+01  3.013713e-02 
 1.473214e+01  3.013713e-02 
 1.473246e+01  3.013713e-02 
 1.473278e+01  3.013713e-02 
 1.473310e+01  3.013713e-02 
 1.473342e+01  3.013713e-02 
 1.473374e+01  3.013713e-02 
 1.473407e+01  3.013713e-02 
 1.473439e+01  3.013713e-02 
 1.473471e+01  3.013713e-02 
 1.473503e+01  3.013713e-02 
 1.473535e+01  3.013713e-02 
 1.473567e+01  3.013713e-02 
 1.473600e+01  3.013713e-02 
 1.473632e+01  3.013713e-02 
 1.473664e+01  3.013713e-02 
 1.473696e+01  3.013713e-02 
 1.473728e+01  3.013713e-02 
 1.473760e+01  3.013713e-02 
 1.473792e+01  3.013714e-02 
 1.473825e+01  3.013714e-02 
 1.473857e+01  3.013714e-02 
 1.473889e+01  3.013714e-02 
 1.473921e+01  3.013714e-02 
 1.473953e+01  3.013714e-02 
 1.473985e+01  3.013714e-02 
 1.474018e+01  3.013715e-02 
 1.474050e+01  3.013715e-02 
 1.474082e+01  3.013715e-02 
 1.474114e+01  3.013715e-02 
 1.474146e+01  3.013715e-02 
 1.474178e+01  3.013715e-02 
 1.474211e+01  3.013716e-02 
 1.474243e+01  3.013716e-02 
 1.474275e+01  3.013716e-02 
 1.474307e+01  3.013716e-02 
 1.474339e+01  3.013717e-02 
 1.474371e+01  3.013717e-02 
 1.474403e+01  3.013717e-02 
 1.474436e+01  3.013717e-02 
 1.474468e+01  3.013718e-02 
 1.474500e+01  3.013718e-02 
 1.474532e+01  3.013718e-02 
 1.474564e+01  3.013719e-02 
 1.474596e+01  3.013719e-02 
 1.474629e+01  3.013719e-02 
 1.474661e+01  3.013720e-02 
 1.474693e+01  3.013720e-02 
 1.474725e+01  3.013720e-02 
 1.474757e+01  3.013721e-02 
 1.474789e+01  3.013721e-02 
 1.474821e+01  3.013722e-02 
 1.474854e+01  3.013722e-02 
 1.474886e+01  3.013722e-02 
 1.474918e+01  3.013723e-02 
 1.474950e+01  3.013723e-02 
 1.474982e+01  3.013724e-02 
 1.475014e+01  3.013724e-02 
 1.475047e+01  3.013725e-02 
 1.475079e+01  3.013725e-02 
 1.475111e+01  3.013725e-02 
 1.475143e+01  3.013726e-02 
 1.475175e+01  3.013726e-02 
 1.475207e+01  3.013727e-02 
 1.475239e+01  3.013727e-02 
 1.475272e+01  3.013728e-02 
 1.475304e+01  3.013729e-02 
 1.475336e+01  3.013729e-02 
 1.475368e+01  3.013730e-02 
 1.475400e+01  3.013730e-02 
 1.475432e+01  3.013731e-02 
 1.475465e+01  3.013731e-02 
 1.475497e+01  3.013732e-02 
 1.475529e+01  3.013732e-02 
 1.475561e+01  3.013733e-02 
 1.475593e+01  3.013734e-02 
 1.475625e+01  3.013734e-02 
 1.475658e+01  3.013735e-02 
 1.475690e+01  3.013736e-02 
 1.475722e+01  3.013736e-02 
 1.475754e+01  3.013737e-02 
 1.475786e+01  3.013737e-02 
 1.475818e+01  3.013738e-02 
 1.475850e+01  3.013739e-02 
 1.475883e+01  3.013739e-02 
 1.475915e+01  3.013740e-02 
 1.475947e+01  3.013741e-02 
 1.475979e+01  3.013742e-02 
 1.476011e+01  3.013742e-02 
 1.476043e+01  3.013743e-02 
 1.476076e+01  3.013744e-02 
 1.476108e+01  3.013744e-02 
 1.476140e+01  3.013745e-02 
 1.476172e+01  3.013746e-02 
 1.476204e+01  3.013747e-02 
 1.476236e+01  3.013747e-02 
 1.476268e+01  3.013748e-02 
 1.476301e+01  3.013749e-02 
 1.476333e+01  3.013750e-02 
 1.476365e+01  3.013751e-02 
 1.476397e+01  3.013751e-02 
 1.476429e+01  3.013752e-02 
 1.476461e+01  3.013753e-02 
 1.476494e+01  3.013754e-02 
 1.476526e+01  3.013755e-02 
 1.476558e+01  3.013755e-02 
 1.476590e+01  3.013756e-02 
 1.476622e+01  3.013757e-02 
 1.476654e+01  3.013758e-02 
 1.476686e+01  3.013759e-02 
 1.476719e+01  3.013760e-02 
 1.476751e+01  3.013760e-02 
 1.476783e+01  3.013761e-02 
 1.476815e+01  3.013762e-02 
 1.476847e+01  3.013763e-02 
 1.476879e+01  3.013764e-02 
 1.476912e+01  3.013765e-02 
 1.476944e+01  3.013766e-02 
 1.476976e+01  3.013767e-02 
 1.477008e+01  3.013768e-02 
 1.477040e+01  3.013769e-02 
 1.477072e+01  3.013769e-02 
 1.477105e+01  3.013770e-02 
 1.477137e+01  3.013771e-02 
 1.477169e+01  3.013772e-02 
 1.477201e+01  3.013773e-02 
 1.477233e+01  3.013774e-02 
 1.477265e+01  3.013775e-02 
 1.477297e+01  3.013776e-02 
 1.477330e+01  3.013777e-02 
 1.477362e+01  3.013778e-02 
 1.477394e+01  3.013779e-02 
 1.477426e+01  3.013780e-02 
 1.477458e+01  3.013781e-02 
 1.477490e+01  3.013782e-02 
 1.477523e+01  3.013783e-02 
 1.477555e+01  3.013784e-02 
 1.477587e+01  3.013785e-02 
 1.477619e+01  3.013786e-02 
 1.477651e+01  3.013787e-02 
 1.477683e+01  3.013788e-02 
 1.477715e+01  3.013789e-02 
 1.477748e+01  3.013790e-02 
 1.477780e+01  3.013791e-02 
 1.477812e+01  3.013792e-02 
 1.477844e+01  3.013793e-02 
 1.477876e+01  3.013794e-02 
 1.477908e+01  3.013795e-02 
 1.477941e+01  3.013796e-02 
 1.477973e+01  3.013797e-02 
 1.478005e+01  3.013798e-02 
 1.478037e+01  3.013799e-02 
 1.478069e+01  3.013800e-02 
 1.478101e+01  3.013801e-02 
 1.478133e+01  3.013802e-02 
 1.478166e+01  3.013803e-02 
 1.478198e+01  3.013804e-02 
 1.478230e+01  3.013805e-02 
 1.478262e+01  3.013806e-02 
 1.478294e+01  3.013807e-02 
 1.478326e+01  3.013808e-02 
 1.478359e+01  3.013809e-02 
 1.478391e+01  3.013810e-02 
 1.478423e+01  3.013811e-02 
 1.478455e+01  3.013812e-02 
 1.478487e+01  3.013813e-02 
 1.478519e+01  3.013814e-02 
 1.478552e+01  3.013815e-02 
 1.478584e+01  3.013816e-02 
 1.478616e+01  3.013817e-02 
 1.478648e+01  3.013818e-02 
 1.478680e+01  3.013819e-02 
 1.478712e+01  3.013820e-02 
 1.478744e+01  3.013821e-02 
 1.478777e+01  3.013822e-02 
 1.478809e+01  3.013823e-02 
 1.478841e+01  3.013824e-02 
 1.478873e+01  3.013825e-02 
 1.478905e+01  3.013826e-02 
 1.478937e+01  3.013827e-02 
 1.478970e+01  3.013829e-02 
 1.479002e+01  3.013830e-02 
 1.479034e+01  3.013831e-02 
 1.479066e+01  3.013832e-02 
 1.479098e+01  3.013833e-02 
 1.479130e+01  3.013834e-02 
 1.479162e+01  3.013835e-02 
 1.479195e+01  3.013836e-02 
 1.479227e+01  3.013837e-02 
 1.479259e+01  3.013838e-02 
 1.479291e+01  3.013839e-02 
 1.479323e+01  3.013840e-02 
 1.479355e+01  3.013841e-02 
 1.479388e+01  3.013842e-02 
 1.479420e+01  3.013843e-02 
 1.479452e+01  3.013844e-02 
 1.479484e+01  3.013845e-02 
 1.479516e+01  3.013847e-02 
 1.479548e+01  3.013848e-02 
 1.479580e+01  3.013849e-02 
 1.479613e+01  3.013850e-02 
 1.479645e+01  3.013851e-02 
 1.479677e+01  3.013852e-02 
 1.479709e+01  3.013853e-02 
 1.479741e+01  3.013854e-02 
 1.479773e+01  3.013855e-02 
 1.479806e+01  3.013856e-02 
 1.479838e+01  3.013857e-02 
 1.479870e+01  3.013858e-02 
 1.479902e+01  3.013860e-02 
 1.479934e+01  3.013861e-02 
 1.479966e+01  3.013862e-02 
 1.479999e+01  3.013863e-02 
 1.480031e+01  3.013864e-02 
 1.480063e+01  3.013865e-02 
 1.480095e+01  3.013866e-02 
 1.480127e+01  3.013867e-02 
 1.480159e+01  3.013868e-02 
 1.480191e+01  3.013870e-02 
 1.480224e+01  3.013871e-02 
 1.480256e+01  3.013872e-02 
 1.480288e+01  3.013873e-02 
 1.480320e+01  3.013874e-02 
 1.480352e+01  3.013875e-02 
 1.480384e+01  3.013876e-02 
 1.480417e+01  3.013877e-02 
 1.480449e+01  3.013878e-02 
 1.480481e+01  3.013880e-02 
 1.480513e+01  3.013881e-02 
 1.480545e+01  3.013882e-02 
 1.480577e+01  3.013883e-02 
 1.480609e+01  3.013884e-02 
 1.480642e+01  3.013885e-02 
 1.480674e+01  3.013886e-02 
 1.480706e+01  3.013887e-02 
 1.480738e+01  3.013889e-02 
 1.480770e+01  3.013890e-02 
 1.480802e+01  3.013891e-02 
 1.480835e+01  3.013892e-02 
 1.480867e+01  3.013893e-02 
 1.480899e+01  3.013894e-02 
 1.480931e+01  3.013895e-02 
 1.480963e+01  3.013896e-02 
 1.480995e+01  3.013898e-02 
 1.481027e+01  3.013899e-02 
 1.481060e+01  3.013900e-02 
 1.481092e+01  3.013901e-02 
 1.481124e+01  3.013902e-02 
 1.481156e+01  3.013903e-02 
 1.481188e+01  3.013904e-02 
 1.481220e+01  3.013905e-02 
 1.481253e+01  3.013907e-02 
 1.481285e+01  3.013908e-02 
 1.481317e+01  3.013909e-02 
 1.481349e+01  3.013910e-02 
 1.481381e+01  3.013911e-02 
 1.481413e+01  3.013912e-02 
 1.481446e+01  3.013913e-02 
 1.481478e+01  3.013914e-02 
 1.481510e+01  3.013915e-02 
 1.481542e+01  3.013917e-02 
 1.481574e+01  3.013918e-02 
 1.481606e+01  3.013919e-02 
 1.481638e+01  3.013920e-02 
 1.481671e+01  3.013921e-02 
 1.481703e+01  3.013922e-02 
 1.481735e+01  3.013923e-02 
 1.481767e+01  3.013924e-02 
 1.481799e+01  3.013925e-02 
 1.481831e+01  3.013926e-02 
 1.481864e+01  3.013927e-02 
 1.481896e+01  3.013929e-02 
 1.481928e+01  3.013930e-02 
 1.481960e+01  3.013931e-02 
 1.481992e+01  3.013932e-02 
 1.482024e+01  3.013933e-02 
 1.482056e+01  3.013934e-02 
 1.482089e+01  3.013935e-02 
 1.482121e+01  3.013936e-02 
 1.482153e+01  3.013937e-02 
 1.482185e+01  3.013938e-02 
 1.482217e+01  3.013939e-02 
 1.482249e+01  3.013940e-02 
 1.482282e+01  3.013941e-02 
 1.482314e+01  3.013942e-02 
 1.482346e+01  3.013943e-02 
 1.482378e+01  3.013944e-02 
 1.482410e+01  3.013945e-02 
 1.482442e+01  3.013946e-02 
 1.482474e+01  3.013947e-02 
 1.482507e+01  3.013948e-02 
 1.482539e+01  3.013949e-02 
 1.482571e+01  3.013950e-02 
 1.482603e+01  3.013951e-02 
 1.482635e+01  3.013952e-02 
 1.482667e+01  3.013953e-02 
 1.482700e+01  3.013954e-02 
 1.482732e+01  3.013955e-02 
 1.482764e+01  3.013956e-02 
 1.482796e+01  3.013957e-02 
 1.482828e+01  3.013958e-02 
 1.482860e+01  3.013959e-02 
 1.482893e+01  3.013960e-02 
 1.482925e+01  3.013961e-02 
 1.482957e+01  3.013962e-02 
 1.482989e+01  3.013962e-02 
 1.483021e+01  3.013963e-02 
 1.483053e+01  3.013964e-02 
 1.483085e+01  3.013965e-02 
 1.483118e+01  3.013966e-02 
 1.483150e+01  3.013967e-02 
 1.483182e+01  3.013968e-02 
 1.483214e+01  3.013969e-02 
 1.483246e+01  3.013970e-02 
 1.483278e+01  3.013970e-02 
 1.483311e+01  3.013971e-02 
 1.483343e+01  3.013972e-02 
 1.483375e+01  3.013973e-02 
 1.483407e+01  3.013974e-02 
 1.483439e+01  3.013975e-02 
 1.483471e+01  3.013976e-02 
 1.483503e+01  3.013976e-02 
 1.483536e+01  3.013977e-02 
 1.483568e+01  3.013978e-02 
 1.483600e+01  3.013979e-02 
 1.483632e+01  3.013980e-02 
 1.483664e+01  3.013980e-02 
 1.483696e+01  3.013981e-02 
 1.483729e+01  3.013982e-02 
 1.483761e+01  3.013983e-02 
 1.483793e+01  3.013984e-02 
 1.483825e+01  3.013984e-02 
 1.483857e+01  3.013985e-02 
 1.483889e+01  3.013986e-02 
 1.483921e+01  3.013987e-02 
 1.483954e+01  3.013987e-02 
 1.483986e+01  3.013988e-02 
 1.484018e+01  3.013989e-02 
 1.484050e+01  3.013990e-02 
 1.484082e+01  3.013990e-02 
 1.484114e+01  3.013991e-02 
 1.484147e+01  3.013992e-02 
 1.484179e+01  3.013992e-02 
 1.484211e+01  3.013993e-02 
 1.484243e+01  3.013994e-02 
 1.484275e+01  3.013994e-02 
 1.484307e+01  3.013995e-02 
 1.484340e+01  3.013996e-02 
 1.484372e+01  3.013997e-02 
 1.484404e+01  3.013997e-02 
 1.484436e+01  3.013998e-02 
 1.484468e+01  3.013998e-02 
 1.484500e+01  3.013999e-02 
 1.484532e+01  3.014000e-02 
 1.484565e+01  3.014000e-02 
 1.484597e+01  3.014001e-02 
 1.484629e+01  3.014002e-02 
 1.484661e+01  3.014002e-02 
 1.484693e+01  3.014003e-02 
 1.484725e+01  3.014003e-02 
 1.484758e+01  3.014004e-02 
 1.484790e+01  3.014005e-02 
 1.484822e+01  3.014005e-02 
 1.484854e+01  3.014006e-02 
 1.484886e+01  3.014006e-02 
 1.484918e+01  3.014007e-02 
 1.484950e+01  3.014007e-02 
 1.484983e+01  3.014008e-02 
 1.485015e+01  3.014008e-02 
 1.485047e+01  3.014009e-02 
 1.485079e+01  3.014009e-02 
 1.485111e+01  3.014010e-02 
 1.485143e+01  3.014010e-02 
 1.485176e+01  3.014011e-02 
 1.485208e+01  3.014011e-02 
 1.485240e+01  3.014012e-02 
 1.485272e+01  3.014012e-02 
 1.485304e+01  3.014013e-02 
 1.485336e+01  3.014013e-02 
 1.485369e+01  3.014014e-02 
 1.485401e+01  3.014014e-02 
 1.485433e+01  3.014015e-02 
 1.485465e+01  3.014015e-02 
 1.485497e+01  3.014016e-02 
 1.485529e+01  3.014016e-02 
 1.485561e+01  3.014016e-02 
 1.485594e+01  3.014017e-02 
 1.485626e+01  3.014017e-02 
 1.485658e+01  3.014018e-02 
 1.485690e+01  3.014018e-02 
 1.485722e+01  3.014018e-02 
 1.485754e+01  3.014019e-02 
 1.485787e+01  3.014019e-02 
 1.485819e+01  3.014019e-02 
 1.485851e+01  3.014020e-02 
 1.485883e+01  3.014020e-02 
 1.485915e+01  3.014020e-02 
 1.485947e+01  3.014021e-02 
 1.485979e+01  3.014021e-02 
 1.486012e+01  3.014021e-02 
 1.486044e+01  3.014022e-02 
 1.486076e+01  3.014022e-02 
 1.486108e+01  3.014022e-02 
 1.486140e+01  3.014023e-02 
 1.486172e+01  3.014023e-02 
 1.486205e+01  3.014023e-02 
 1.486237e+01  3.014023e-02 
 1.486269e+01  3.014024e-02 
 1.486301e+01  3.014024e-02 
 1.486333e+01  3.014024e-02 
 1.486365e+01  3.014024e-02 
 1.486397e+01  3.014025e-02 
 1.486430e+01  3.014025e-02 
 1.486462e+01  3.014025e-02 
 1.486494e+01  3.014025e-02 
 1.486526e+01  3.014026e-02 
 1.486558e+01  3.014026e-02 
 1.486590e+01  3.014026e-02 
 1.486623e+01  3.014026e-02 
 1.486655e+01  3.014026e-02 
 1.486687e+01  3.014026e-02 
 1.486719e+01  3.014027e-02 
 1.486751e+01  3.014027e-02 
 1.486783e+01  3.014027e-02 
 1.486816e+01  3.014027e-02 
 1.486848e+01  3.014027e-02 
 1.486880e+01  3.014027e-02 
 1.486912e+01  3.014028e-02 
 1.486944e+01  3.014028e-02 
 1.486976e+01  3.014028e-02 
 1.487008e+01  3.014028e-02 
 1.487041e+01  3.014028e-02 
 1.487073e+01  3.014028e-02 
 1.487105e+01  3.014028e-02 
 1.487137e+01  3.014029e-02 
 1.487169e+01  3.014029e-02 
 1.487201e+01  3.014029e-02 
 1.487234e+01  3.014029e-02 
 1.487266e+01  3.014029e-02 
 1.487298e+01  3.014029e-02 
 1.487330e+01  3.014029e-02 
 1.487362e+01  3.014029e-02 
 1.487394e+01  3.014029e-02 
 1.487426e+01  3.014029e-02 
 1.487459e+01  3.014029e-02 
 1.487491e+01  3.014029e-02 
 1.487523e+01  3.014029e-02 
 1.487555e+01  3.014030e-02 
 1.487587e+01  3.014030e-02 
 1.487619e+01  3.014030e-02 
 1.487652e+01  3.014030e-02 
 1.487684e+01  3.014030e-02 
 1.487716e+01  3.014030e-02 
 1.487748e+01  3.014030e-02 
 1.487780e+01  3.014030e-02 
 1.487812e+01  3.014030e-02 
 1.487844e+01  3.014030e-02 
 1.487877e+01  3.014030e-02 
 1.487909e+01  3.014030e-02 
 1.487941e+01  3.014030e-02 
 1.487973e+01  3.014030e-02 
 1.488005e+01  3.014030e-02 
 1.488037e+01  3.014030e-02 
 1.488070e+01  3.014030e-02 
 1.488102e+01  3.014030e-02 
 1.488134e+01  3.014029e-02 
 1.488166e+01  3.014029e-02 
 1.488198e+01  3.014029e-02 
 1.488230e+01  3.014029e-02 
 1.488263e+01  3.014029e-02 
 1.488295e+01  3.014029e-02 
 1.488327e+01  3.014029e-02 
 1.488359e+01  3.014029e-02 
 1.488391e+01  3.014029e-02 
 1.488423e+01  3.014029e-02 
 1.488455e+01  3.014029e-02 
 1.488488e+01  3.014028e-02 
 1.488520e+01  3.014028e-02 
 1.488552e+01  3.014028e-02 
 1.488584e+01  3.014028e-02 
 1.488616e+01  3.014028e-02 
 1.488648e+01  3.014028e-02 
 1.488681e+01  3.014028e-02 
 1.488713e+01  3.014027e-02 
 1.488745e+01  3.014027e-02 
 1.488777e+01  3.014027e-02 
 1.488809e+01  3.014027e-02 
 1.488841e+01  3.014027e-02 
 1.488873e+01  3.014026e-02 
 1.488906e+01  3.014026e-02 
 1.488938e+01  3.014026e-02 
 1.488970e+01  3.014026e-02 
 1.489002e+01  3.014026e-02 
 1.489034e+01  3.014025e-02 
 1.489066e+01  3.014025e-02 
 1.489099e+01  3.014025e-02 
 1.489131e+01  3.014025e-02 
 1.489163e+01  3.014024e-02 
 1.489195e+01  3.014024e-02 
 1.489227e+01  3.014024e-02 
 1.489259e+01  3.014023e-02 
 1.489291e+01  3.014023e-02 
 1.489324e+01  3.014023e-02 
 1.489356e+01  3.014023e-02 
 1.489388e+01  3.014022e-02 
 1.489420e+01  3.014022e-02 
 1.489452e+01  3.014022e-02 
 1.489484e+01  3.014021e-02 
 1.489517e+01  3.014021e-02 
 1.489549e+01  3.014020e-02 
 1.489581e+01  3.014020e-02 
 1.489613e+01  3.014020e-02 
 1.489645e+01  3.014019e-02 
 1.489677e+01  3.014019e-02 
 1.489710e+01  3.014019e-02 
 1.489742e+01  3.014018e-02 
 1.489774e+01  3.014018e-02 
 1.489806e+01  3.014017e-02 
 1.489838e+01  3.014017e-02 
 1.489870e+01  3.014017e-02 
 1.489902e+01  3.014016e-02 
 1.489935e+01  3.014016e-02 
 1.489967e+01  3.014015e-02 
 1.489999e+01  3.014015e-02 
 1.490031e+01  3.014014e-02 
 1.490063e+01  3.014014e-02 
 1.490095e+01  3.014013e-02 
 1.490128e+01  3.014013e-02 
 1.490160e+01  3.014012e-02 
 1.490192e+01  3.014012e-02 
 1.490224e+01  3.014011e-02 
 1.490256e+01  3.014011e-02 
 1.490288e+01  3.014010e-02 
 1.490320e+01  3.014010e-02 
 1.490353e+01  3.014009e-02 
 1.490385e+01  3.014009e-02 
 1.490417e+01  3.014008e-02 
 1.490449e+01  3.014008e-02 
 1.490481e+01  3.014007e-02 
 1.490513e+01  3.014007e-02 
 1.490546e+01  3.014006e-02 
 1.490578e+01  3.014006e-02 
 1.490610e+01  3.014005e-02 
 1.490642e+01  3.014005e-02 
 1.490674e+01  3.014004e-02 
 1.490706e+01  3.014003e-02 
 1.490738e+01  3.014003e-02 
 1.490771e+01  3.014002e-02 
 1.490803e+01  3.014002e-02 
 1.490835e+01  3.014001e-02 
 1.490867e+01  3.014000e-02 
 1.490899e+01  3.014000e-02 
 1.490931e+01  3.013999e-02 
 1.490964e+01  3.013999e-02 
 1.490996e+01  3.013998e-02 
 1.491028e+01  3.013997e-02 
 1.491060e+01  3.013997e-02 
 1.491092e+01  3.013996e-02 
 1.491124e+01  3.013996e-02 
 1.491157e+01  3.013995e-02 
 1.491189e+01  3.013994e-02 
 1.491221e+01  3.013994e-02 
 1.491253e+01  3.013993e-02 
 1.491285e+01  3.013992e-02 
 1.491317e+01  3.013992e-02 
 1.491349e+01  3.013991e-02 
 1.491382e+01  3.013990e-02 
 1.491414e+01  3.013990e-02 
 1.491446e+01  3.013989e-02 
 1.491478e+01  3.013989e-02 
 1.491510e+01  3.013988e-02 
 1.491542e+01  3.013987e-02 
 1.491575e+01  3.013987e-02 
 1.491607e+01  3.013986e-02 
 1.491639e+01  3.013985e-02 
 1.491671e+01  3.013985e-02 
 1.491703e+01  3.013984e-02 
 1.491735e+01  3.013983e-02 
 1.491767e+01  3.013983e-02 
 1.491800e+01  3.013982e-02 
 1.491832e+01  3.013981e-02 
 1.491864e+01  3.013981e-02 
 1.491896e+01  3.013980e-02 
 1.491928e+01  3.013979e-02 
 1.491960e+01  3.013979e-02 
 1.491993e+01  3.013978e-02 
 1.492025e+01  3.013977e-02 
 1.492057e+01  3.013977e-02 
 1.492089e+01  3.013976e-02 
 1.492121e+01  3.013975e-02 
 1.492153e+01  3.013975e-02 
 1.492185e+01  3.013974e-02 
 1.492218e+01  3.013973e-02 
 1.492250e+01  3.013973e-02 
 1.492282e+01  3.013972e-02 
 1.492314e+01  3.013971e-02 
 1.492346e+01  3.013971e-02 
 1.492378e+01  3.013970e-02 
 1.492411e+01  3.013969e-02 
 1.492443e+01  3.013968e-02 
 1.492475e+01  3.013968e-02 
 1.492507e+01  3.013967e-02 
 1.492539e+01  3.013966e-02 
 1.492571e+01  3.013966e-02 
 1.492604e+01  3.013965e-02 
 1.492636e+01  3.013964e-02 
 1.492668e+01  3.013964e-02 
 1.492700e+01  3.013963e-02 
 1.492732e+01  3.013962e-02 
 1.492764e+01  3.013962e-02 
 1.492796e+01  3.013961e-02 
 1.492829e+01  3.013960e-02 
 1.492861e+01  3.013960e-02 
 1.492893e+01  3.013959e-02 
 1.492925e+01  3.013958e-02 
 1.492957e+01  3.013957e-02 
 1.492989e+01  3.013957e-02 
 1.493022e+01  3.013956e-02 
 1.493054e+01  3.013955e-02 
 1.493086e+01  3.013955e-02 
 1.493118e+01  3.013954e-02 
 1.493150e+01  3.013953e-02 
 1.493182e+01  3.013953e-02 
 1.493214e+01  3.013952e-02 
 1.493247e+01  3.013951e-02 
 1.493279e+01  3.013951e-02 
 1.493311e+01  3.013950e-02 
 1.493343e+01  3.013949e-02 
 1.493375e+01  3.013949e-02 
 1.493407e+01  3.013948e-02 
 1.493440e+01  3.013947e-02 
 1.493472e+01  3.013946e-02 
 1.493504e+01  3.013946e-02 
 1.493536e+01  3.013945e-02 
 1.493568e+01  3.013944e-02 
 1.493600e+01  3.013944e-02 
 1.493632e+01  3.013943e-02 
 1.493665e+01  3.013942e-02 
 1.493697e+01  3.013942e-02 
 1.493729e+01  3.013941e-02 
 1.493761e+01  3.013940e-02 
 1.493793e+01  3.013940e-02 
 1.493825e+01  3.013939e-02 
 1.493858e+01  3.013938e-02 
 1.493890e+01  3.013937e-02 
 1.493922e+01  3.013937e-02 
 1.493954e+01  3.013936e-02 
 1.493986e+01  3.013935e-02 
 1.494018e+01  3.013935e-02 
 1.494051e+01  3.013934e-02 
 1.494083e+01  3.013933e-02 
 1.494115e+01  3.013933e-02 
 1.494147e+01  3.013932e-02 
 1.494179e+01  3.013931e-02 
 1.494211e+01  3.013931e-02 
 1.494243e+01  3.013930e-02 
 1.494276e+01  3.013929e-02 
 1.494308e+01  3.013929e-02 
 1.494340e+01  3.013928e-02 
 1.494372e+01  3.013927e-02 
 1.494404e+01  3.013927e-02 
 1.494436e+01  3.013926e-02 
 1.494469e+01  3.013925e-02 
 1.494501e+01  3.013925e-02 
 1.494533e+01  3.013924e-02 
 1.494565e+01  3.013923e-02 
 1.494597e+01  3.013923e-02 
 1.494629e+01  3.013922e-02 
 1.494661e+01  3.013921e-02 
 1.494694e+01  3.013921e-02 
 1.494726e+01  3.013920e-02 
 1.494758e+01  3.013919e-02 
 1.494790e+01  3.013919e-02 
 1.494822e+01  3.013918e-02 
 1.494854e+01  3.013917e-02 
 1.494887e+01  3.013917e-02 
 1.494919e+01  3.013916e-02 
 1.494951e+01  3.013915e-02 
 1.494983e+01  3.013915e-02 
 1.495015e+01  3.013914e-02 
 1.495047e+01  3.013914e-02 
 1.495079e+01  3.013913e-02 
 1.495112e+01  3.013912e-02 
 1.495144e+01  3.013912e-02 
 1.495176e+01  3.013911e-02 
 1.495208e+01  3.013910e-02 
 1.495240e+01  3.013910e-02 
 1.495272e+01  3.013909e-02 
 1.495305e+01  3.013909e-02 
 1.495337e+01  3.013908e-02 
 1.495369e+01  3.013907e-02 
 1.495401e+01  3.013907e-02 
 1.495433e+01  3.013906e-02 
 1.495465e+01  3.013906e-02 
 1.495498e+01  3.013905e-02 
 1.495530e+01  3.013905e-02 
 1.495562e+01  3.013904e-02 
 1.495594e+01  3.013904e-02 
 1.495626e+01  3.013903e-02 
 1.495658e+01  3.013902e-02 
 1.495690e+01  3.013902e-02 
 1.495723e+01  3.013901e-02 
 1.495755e+01  3.013901e-02 
 1.495787e+01  3.013900e-02 
 1.495819e+01  3.013900e-02 
 1.495851e+01  3.013899e-02 
 1.495883e+01  3.013899e-02 
 1.495916e+01  3.013898e-02 
 1.495948e+01  3.013898e-02 
 1.495980e+01  3.013897e-02 
 1.496012e+01  3.013897e-02 
 1.496044e+01  3.013896e-02 
 1.496076e+01  3.013896e-02 
 1.496108e+01  3.013895e-02 
 1.496141e+01  3.013895e-02 
 1.496173e+01  3.013894e-02 
 1.496205e+01  3.013894e-02 
 1.496237e+01  3.013894e-02 
 1.496269e+01  3.013893e-02 
 1.496301e+01  3.013893e-02 
 1.496334e+01  3.013892e-02 
 1.496366e+01  3.013892e-02 
 1.496398e+01  3.013891e-02 
 1.496430e+01  3.013891e-02 
 1.496462e+01  3.013891e-02 
 1.496494e+01  3.013890e-02 
 1.496527e+01  3.013890e-02 
 1.496559e+01  3.013889e-02 
 1.496591e+01  3.013889e-02 
 1.496623e+01  3.013889e-02 
 1.496655e+01  3.013888e-02 
 1.496687e+01  3.013888e-02 
 1.496719e+01  3.013888e-02 
 1.496752e+01  3.013887e-02 
 1.496784e+01  3.013887e-02 
 1.496816e+01  3.013887e-02 
 1.496848e+01  3.013886e-02 
 1.496880e+01  3.013886e-02 
 1.496912e+01  3.013885e-02 
 1.496945e+01  3.013885e-02 
 1.496977e+01  3.013885e-02 
 1.497009e+01  3.013885e-02 
 1.497041e+01  3.013884e-02 
 1.497073e+01  3.013884e-02 
 1.497105e+01  3.013884e-02 
 1.497137e+01  3.013883e-02 
 1.497170e+01  3.013883e-02 
 1.497202e+01  3.013883e-02 
 1.497234e+01  3.013882e-02 
 1.497266e+01  3.013882e-02 
 1.497298e+01  3.013882e-02 
 1.497330e+01  3.013882e-02 
 1.497363e+01  3.013881e-02 
 1.497395e+01  3.013881e-02 
 1.497427e+01  3.013881e-02 
 1.497459e+01  3.013881e-02 
 1.497491e+01  3.013880e-02 
 1.497523e+01  3.013880e-02 
 1.497555e+01  3.013880e-02 
 1.497588e+01  3.013880e-02 
 1.497620e+01  3.013879e-02 
 1.497652e+01  3.013879e-02 
 1.497684e+01  3.013879e-02 
 1.497716e+01  3.013879e-02 
 1.497748e+01  3.013879e-02 
 1.497781e+01  3.013878e-02 
 1.497813e+01  3.013878e-02 
 1.497845e+01  3.013878e-02 
 1.497877e+01  3.013878e-02 
 1.497909e+01  3.013878e-02 
 1.497941e+01  3.013878e-02 
 1.497974e+01  3.013877e-02 
 1.498006e+01  3.013877e-02 
 1.498038e+01  3.013877e-02 
 1.498070e+01  3.013877e-02 
 1.498102e+01  3.013877e-02 
 1.498134e+01  3.013877e-02 
 1.498166e+01  3.013876e-02 
 1.498199e+01  3.013876e-02 
 1.498231e+01  3.013876e-02 
 1.498263e+01  3.013876e-02 
 1.498295e+01  3.013876e-02 
 1.498327e+01  3.013876e-02 
 1.498359e+01  3.013876e-02 
 1.498392e+01  3.013876e-02 
 1.498424e+01  3.013875e-02 
 1.498456e+01  3.013875e-02 
 1.498488e+01  3.013875e-02 
 1.498520e+01  3.013875e-02 
 1.498552e+01  3.013875e-02 
 1.498584e+01  3.013875e-02 
 1.498617e+01  3.013875e-02 
 1.498649e+01  3.013875e-02 
 1.498681e+01  3.013875e-02 
 1.498713e+01  3.013875e-02 
 1.498745e+01  3.013875e-02 
 1.498777e+01  3.013875e-02 
 1.498810e+01  3.013875e-02 
 1.498842e+01  3.013875e-02 
 1.498874e+01  3.013875e-02 
 1.498906e+01  3.013875e-02 
 1.498938e+01  3.013874e-02 
 1.498970e+01  3.013874e-02 
 1.499002e+01  3.013874e-02 
 1.499035e+01  3.013874e-02 
 1.499067e+01  3.013874e-02 
 1.499099e+01  3.013874e-02 
 1.499131e+01  3.013874e-02 
 1.499163e+01  3.013874e-02 
 1.499195e+01  3.013874e-02 
 1.499228e+01  3.013874e-02 
 1.499260e+01  3.013874e-02 
 1.499292e+01  3.013874e-02 
 1.499324e+01  3.013874e-02 
 1.499356e+01  3.013874e-02 
 1.499388e+01  3.013874e-02 
 1.499421e+01  3.013875e-02 
 1.499453e+01  3.013875e-02 
 1.499485e+01  3.013875e-02 
 1.499517e+01  3.013875e-02 
 1.499549e+01  3.013875e-02 
 1.499581e+01  3.013875e-02 
 1.499613e+01  3.013875e-02 
 1.499646e+01  3.013875e-02 
 1.499678e+01  3.013875e-02 
 1.499710e+01  3.013875e-02 
 1.499742e+01  3.013875e-02 
 1.499774e+01  3.013875e-02 
 1.499806e+01  3.013875e-02 
 1.499839e+01  3.013875e-02 
 1.499871e+01  3.013875e-02 
 1.499903e+01  3.013876e-02 
 1.499935e+01  3.013876e-02 
 1.499967e+01  3.013876e-02 
 1.499999e+01  3.013876e-02 
 1.500031e+01  3.013876e-02 
 1.500064e+01  3.013876e-02 
 1.500096e+01  3.013876e-02 
 1.500128e+01  3.013876e-02 
 1.500160e+01  3.013876e-02 
 1.500192e+01  3.013877e-02 
 1.500224e+01  3.013877e-02 
 1.500257e+01  3.013877e-02 
 1.500289e+01  3.013877e-02 
 1.500321e+01  3.013877e-02 
 1.500353e+01  3.013877e-02 
 1.500385e+01  3.013877e-02 
 1.500417e+01  3.013878e-02 
 1.500449e+01  3.013878e-02 
 1.500482e+01  3.013878e-02 
 1.500514e+01  3.013878e-02 
 1.500546e+01  3.013878e-02 
 1.500578e+01  3.013878e-02 
 1.500610e+01  3.013879e-02 
 1.500642e+01  3.013879e-02 
 1.500675e+01  3.013879e-02 
 1.500707e+01  3.013879e-02 
 1.500739e+01  3.013879e-02 
 1.500771e+01  3.013879e-02 
 1.500803e+01  3.013880e-02 
 1.500835e+01  3.013880e-02 
 1.500868e+01  3.013880e-02 
 1.500900e+01  3.013880e-02 
 1.500932e+01  3.013880e-02 
 1.500964e+01  3.013881e-02 
 1.500996e+01  3.013881e-02 
 1.501028e+01  3.013881e-02 
 1.501060e+01  3.013881e-02 
 1.501093e+01  3.013881e-02 
 1.501125e+01  3.013882e-02 
 1.501157e+01  3.013882e-02 
 1.501189e+01  3.013882e-02 
 1.501221e+01  3.013882e-02 
 1.501253e+01  3.013882e-02 
 1.501286e+01  3.013883e-02 
 1.501318e+01  3.013883e-02 
 1.501350e+01  3.013883e-02 
 1.501382e+01  3.013883e-02 
 1.501414e+01  3.013884e-02 
 1.501446e+01  3.013884e-02 
 1.501478e+01  3.013884e-02 
 1.501511e+01  3.013884e-02 
 1.501543e+01  3.013885e-02 
 1.501575e+01  3.013885e-02 
 1.501607e+01  3.013885e-02 
 1.501639e+01  3.013885e-02 
 1.501671e+01  3.013886e-02 
 1.501704e+01  3.013886e-02 
 1.501736e+01  3.013886e-02 
 1.501768e+01  3.013886e-02 
 1.501800e+01  3.013887e-02 
 1.501832e+01  3.013887e-02 
 1.501864e+01  3.013887e-02 
 1.501896e+01  3.013887e-02 
 1.501929e+01  3.013888e-02 
 1.501961e+01  3.013888e-02 
 1.501993e+01  3.013888e-02 
 1.502025e+01  3.013888e-02 
 1.502057e+01  3.013889e-02 
 1.502089e+01  3.013889e-02 
 1.502122e+01  3.013889e-02 
 1.502154e+01  3.013889e-02 
 1.502186e+01  3.013890e-02 
 1.502218e+01  3.013890e-02 
 1.502250e+01  3.013890e-02 
 1.502282e+01  3.013890e-02 
 1.502315e+01  3.013891e-02 
 1.502347e+01  3.013891e-02 
 1.502379e+01  3.013891e-02 
 1.502411e+01  3.013891e-02 
 1.502443e+01  3.013892e-02 
 1.502475e+01  3.013892e-02 
 1.502507e+01  3.013892e-02 
 1.502540e+01  3.013893e-02 
 1.502572e+01  3.013893e-02 
 1.502604e+01  3.013893e-02 
 1.502636e+01  3.013893e-02 
 1.502668e+01  3.013894e-02 
 1.502700e+01  3.013894e-02 
 1.502733e+01  3.013894e-02 
 1.502765e+01  3.013894e-02 
 1.502797e+01  3.013895e-02 
 1.502829e+01  3.013895e-02 
 1.502861e+01  3.013895e-02 
 1.502893e+01  3.013896e-02 
 1.502925e+01  3.013896e-02 
 1.502958e+01  3.013896e-02 
 1.502990e+01  3.013896e-02 
 1.503022e+01  3.013897e-02 
 1.503054e+01  3.013897e-02 
 1.503086e+01  3.013897e-02 
 1.503118e+01  3.013898e-02 
 1.503151e+01  3.013898e-02 
 1.503183e+01  3.013898e-02 
 1.503215e+01  3.013898e-02 
 1.503247e+01  3.013899e-02 
 1.503279e+01  3.013899e-02 
 1.503311e+01  3.013899e-02 
 1.503343e+01  3.013900e-02 
 1.503376e+01  3.013900e-02 
 1.503408e+01  3.013900e-02 
 1.503440e+01  3.013900e-02 
 1.503472e+01  3.013901e-02 
 1.503504e+01  3.013901e-02 
 1.503536e+01  3.013901e-02 
 1.503569e+01  3.013902e-02 
 1.503601e+01  3.013902e-02 
 1.503633e+01  3.013902e-02 
 1.503665e+01  3.013902e-02 
 1.503697e+01  3.013903e-02 
 1.503729e+01  3.013903e-02 
 1.503762e+01  3.013903e-02 
 1.503794e+01  3.013904e-02 
 1.503826e+01  3.013904e-02 
 1.503858e+01  3.013904e-02 
 1.503890e+01  3.013905e-02 
 1.503922e+01  3.013905e-02 
 1.503954e+01  3.013905e-02 
 1.503987e+01  3.013905e-02 
 1.504019e+01  3.013906e-02 
 1.504051e+01  3.013906e-02 
 1.504083e+01  3.013906e-02 
 1.504115e+01  3.013907e-02 
 1.504147e+01  3.013907e-02 
 1.504180e+01  3.013907e-02 
 1.504212e+01  3.013907e-02 
 1.504244e+01  3.013908e-02 
 1.504276e+01  3.013908e-02 
 1.504308e+01  3.013908e-02 
 1.504340e+01  3.013909e-02 
 1.504372e+01  3.013909e-02 
 1.504405e+01  3.013909e-02 
 1.504437e+01  3.013910e-02 
 1.504469e+01  3.013910e-02 
 1.504501e+01  3.013910e-02 
 1.504533e+01  3.013910e-02 
 1.504565e+01  3.013911e-02 
 1.504598e+01  3.013911e-02 
 1.504630e+01  3.013911e-02 
 1.504662e+01  3.013912e-02 
 1.504694e+01  3.013912e-02 
 1.504726e+01  3.013912e-02 
 1.504758e+01  3.013912e-02 
 1.504790e+01  3.013913e-02 
 1.504823e+01  3.013913e-02 
 1.504855e+01  3.013913e-02 
 1.504887e+01  3.013914e-02 
 1.504919e+01  3.013914e-02 
 1.504951e+01  3.013914e-02 
 1.504983e+01  3.013915e-02 
 1.505016e+01  3.013915e-02 
 1.505048e+01  3.013915e-02 
 1.505080e+01  3.013915e-02 
 1.505112e+01  3.013916e-02 
 1.505144e+01  3.013916e-02 
 1.505176e+01  3.013916e-02 
 1.505209e+01  3.013917e-02 
 1.505241e+01  3.013917e-02 
 1.505273e+01  3.013917e-02 
 1.505305e+01  3.013918e-02 
 1.505337e+01  3.013918e-02 
 1.505369e+01  3.013918e-02 
 1.505401e+01  3.013918e-02 
 1.505434e+01  3.013919e-02 
 1.505466e+01  3.013919e-02 
 1.505498e+01  3.013919e-02 
 1.505530e+01  3.013920e-02 
 1.505562e+01  3.013920e-02 
 1.505594e+01  3.013920e-02 
 1.505627e+01  3.013921e-02 
 1.505659e+01  3.013921e-02 
 1.505691e+01  3.013921e-02 
 1.505723e+01  3.013922e-02 
 1.505755e+01  3.013922e-02 
 1.505787e+01  3.013922e-02 
 1.505819e+01  3.013923e-02 
 1.505852e+01  3.013923e-02 
 1.505884e+01  3.013923e-02 
 1.505916e+01  3.013924e-02 
 1.505948e+01  3.013924e-02 
 1.505980e+01  3.013924e-02 
 1.506012e+01  3.013925e-02 
 1.506045e+01  3.013925e-02 
 1.506077e+01  3.013925e-02 
 1.506109e+01  3.013926e-02 
 1.506141e+01  3.013926e-02 
 1.506173e+01  3.013926e-02 
 1.506205e+01  3.013927e-02 
 1.506237e+01  3.013927e-02 
 1.506270e+01  3.013927e-02 
 1.506302e+01  3.013928e-02 
 1.506334e+01  3.013928e-02 
 1.506366e+01  3.013929e-02 
 1.506398e+01  3.013929e-02 
 1.506430e+01  3.013929e-02 
 1.506463e+01  3.013930e-02 
 1.506495e+01  3.013930e-02 
 1.506527e+01  3.013931e-02 
 1.506559e+01  3.013931e-02 
 1.506591e+01  3.013931e-02 
 1.506623e+01  3.013932e-02 
 1.506656e+01  3.013932e-02 
 1.506688e+01  3.013933e-02 
 1.506720e+01  3.013933e-02 
 1.506752e+01  3.013933e-02 
 1.506784e+01  3.013934e-02 
 1.506816e+01  3.013934e-02 
 1.506848e+01  3.013935e-02 
 1.506881e+01  3.013935e-02 
 1.506913e+01  3.013935e-02 
 1.506945e+01  3.013936e-02 
 1.506977e+01  3.013936e-02 
 1.507009e+01  3.013937e-02 
 1.507041e+01  3.013937e-02 
 1.507074e+01  3.013938e-02 
 1.507106e+01  3.013938e-02 
 1.507138e+01  3.013939e-02 
 1.507170e+01  3.013939e-02 
 1.507202e+01  3.013939e-02 
 1.507234e+01  3.013940e-02 
 1.507266e+01  3.013940e-02 
 1.507299e+01  3.013941e-02 
 1.507331e+01  3.013941e-02 
 1.507363e+01  3.013942e-02 
 1.507395e+01  3.013942e-02 
 1.507427e+01  3.013943e-02 
 1.507459e+01  3.013943e-02 
 1.507492e+01  3.013944e-02 
 1.507524e+01  3.013944e-02 
 1.507556e+01  3.013945e-02 
 1.507588e+01  3.013945e-02 
 1.507620e+01  3.013946e-02 
 1.507652e+01  3.013946e-02 
 1.507685e+01  3.013947e-02 
 1.507717e+01  3.013947e-02 
 1.507749e+01  3.013948e-02 
 1.507781e+01  3.013949e-02 
 1.507813e+01  3.013949e-02 
 1.507845e+01  3.013950e-02 
 1.507877e+01  3.013950e-02 
 1.507910e+01  3.013951e-02 
 1.507942e+01  3.013951e-02 
 1.507974e+01  3.013952e-02 
 1.508006e+01  3.013952e-02 
 1.508038e+01  3.013953e-02 
 1.508070e+01  3.013954e-02 
 1.508103e+01  3.013954e-02 
 1.508135e+01  3.013955e-02 
 1.508167e+01  3.013955e-02 
 1.508199e+01  3.013956e-02 
 1.508231e+01  3.013957e-02 
 1.508263e+01  3.013957e-02 
 1.508295e+01  3.013958e-02 
 1.508328e+01  3.013958e-02 
 1.508360e+01  3.013959e-02 
 1.508392e+01  3.013960e-02 
 1.508424e+01  3.013960e-02 
 1.508456e+01  3.013961e-02 
 1.508488e+01  3.013962e-02 
 1.508521e+01  3.013962e-02 
 1.508553e+01  3.013963e-02 
 1.508585e+01  3.013964e-02 
 1.508617e+01  3.013964e-02 
 1.508649e+01  3.013965e-02 
 1.508681e+01  3.013965e-02 
 1.508713e+01  3.013966e-02 
 1.508746e+01  3.013967e-02 
 1.508778e+01  3.013968e-02 
 1.508810e+01  3.013968e-02 
 1.508842e+01  3.013969e-02 
 1.508874e+01  3.013970e-02 
 1.508906e+01  3.013970e-02 
 1.508939e+01  3.013971e-02 
 1.508971e+01  3.013972e-02 
 1.509003e+01  3.013972e-02 
 1.509035e+01  3.013973e-02 
 1.509067e+01  3.013974e-02 
 1.509099e+01  3.013974e-02 
 1.509132e+01  3.013975e-02 
 1.509164e+01  3.013976e-02 
 1.509196e+01  3.013977e-02 
 1.509228e+01  3.013977e-02 
 1.509260e+01  3.013978e-02 
 1.509292e+01  3.013979e-02 
 1.509324e+01  3.013979e-02 
 1.509357e+01  3.013980e-02 
 1.509389e+01  3.013981e-02 
 1.509421e+01  3.013982e-02 
 1.509453e+01  3.013982e-02 
 1.509485e+01  3.013983e-02 
 1.509517e+01  3.013984e-02 
 1.509550e+01  3.013985e-02 
 1.509582e+01  3.013985e-02 
 1.509614e+01  3.013986e-02 
 1.509646e+01  3.013987e-02 
 1.509678e+01  3.013988e-02 
 1.509710e+01  3.013988e-02 
 1.509742e+01  3.013989e-02 
 1.509775e+01  3.013990e-02 
 1.509807e+01  3.013991e-02 
 1.509839e+01  3.013991e-02 
 1.509871e+01  3.013992e-02 
 1.509903e+01  3.013993e-02 
 1.509935e+01  3.013994e-02 
 1.509968e+01  3.013994e-02 
 1.510000e+01  3.013995e-02 
 1.510032e+01  3.013996e-02 
 1.510064e+01  3.013997e-02 
 1.510096e+01  3.013998e-02 
 1.510128e+01  3.013998e-02 
 1.510160e+01  3.013999e-02 
 1.510193e+01  3.014000e-02 
 1.510225e+01  3.014001e-02 
 1.510257e+01  3.014001e-02 
 1.510289e+01  3.014002e-02 
 1.510321e+01  3.014003e-02 
 1.510353e+01  3.014004e-02 
 1.510386e+01  3.014005e-02 
 1.510418e+01  3.014005e-02 
 1.510450e+01  3.014006e-02 
 1.510482e+01  3.014007e-02 
 1.510514e+01  3.014008e-02 
 1.510546e+01  3.014009e-02 
 1.510579e+01  3.014009e-02 
 1.510611e+01  3.014010e-02 
 1.510643e+01  3.014011e-02 
 1.510675e+01  3.014012e-02 
 1.510707e+01  3.014013e-02 
 1.510739e+01  3.014013e-02 
 1.510771e+01  3.014014e-02 
 1.510804e+01  3.014015e-02 
 1.510836e+01  3.014016e-02 
 1.510868e+01  3.014017e-02 
 1.510900e+01  3.014017e-02 
 1.510932e+01  3.014018e-02 
 1.510964e+01  3.014019e-02 
 1.510997e+01  3.014020e-02 
 1.511029e+01  3.014021e-02 
 1.511061e+01  3.014022e-02 
 1.511093e+01  3.014022e-02 
 1.511125e+01  3.014023e-02 
 1.511157e+01  3.014024e-02 
 1.511189e+01  3.014025e-02 
 1.511222e+01  3.014026e-02 
 1.511254e+01  3.014026e-02 
 1.511286e+01  3.014027e-02 
 1.511318e+01  3.014028e-02 
 1.511350e+01  3.014029e-02 
 1.511382e+01  3.014030e-02 
 1.511415e+01  3.014031e-02 
 1.511447e+01  3.014031e-02 
 1.511479e+01  3.014032e-02 
 1.511511e+01  3.014033e-02 
 1.511543e+01  3.014034e-02 
 1.511575e+01  3.014035e-02 
 1.511607e+01  3.014036e-02 
 1.511640e+01  3.014037e-02 
 1.511672e+01  3.014037e-02 
 1.511704e+01  3.014038e-02 
 1.511736e+01  3.014039e-02 
 1.511768e+01  3.014040e-02 
 1.511800e+01  3.014041e-02 
 1.511833e+01  3.014042e-02 
 1.511865e+01  3.014043e-02 
 1.511897e+01  3.014043e-02 
 1.511929e+01  3.014044e-02 
 1.511961e+01  3.014045e-02 
 1.511993e+01  3.014046e-02 
 1.512026e+01  3.014047e-02 
 1.512058e+01  3.014048e-02 
 1.512090e+01  3.014049e-02 
 1.512122e+01  3.014049e-02 
 1.512154e+01  3.014050e-02 
 1.512186e+01  3.014051e-02 
 1.512218e+01  3.014052e-02 
 1.512251e+01  3.014053e-02 
 1.512283e+01  3.014054e-02 
 1.512315e+01  3.014055e-02 
 1.512347e+01  3.014055e-02 
 1.512379e+01  3.014056e-02 
 1.512411e+01  3.014057e-02 
 1.512444e+01  3.014058e-02 
 1.512476e+01  3.014059e-02 
 1.512508e+01  3.014060e-02 
 1.512540e+01  3.014061e-02 
 1.512572e+01  3.014062e-02 
 1.512604e+01  3.014062e-02 
 1.512636e+01  3.014063e-02 
 1.512669e+01  3.014064e-02 
 1.512701e+01  3.014065e-02 
 1.512733e+01  3.014066e-02 
 1.512765e+01  3.014067e-02 
 1.512797e+01  3.014068e-02 
 1.512829e+01  3.014069e-02 
 1.512862e+01  3.014069e-02 
 1.512894e+01  3.014070e-02 
 1.512926e+01  3.014071e-02 
 1.512958e+01  3.014072e-02 
 1.512990e+01  3.014073e-02 
 1.513022e+01  3.014074e-02 
 1.513054e+01  3.014075e-02 
 1.513087e+01  3.014075e-02 
 1.513119e+01  3.014076e-02 
 1.513151e+01  3.014077e-02 
 1.513183e+01  3.014078e-02 
 1.513215e+01  3.014079e-02 
 1.513247e+01  3.014080e-02 
 1.513280e+01  3.014081e-02 
 1.513312e+01  3.014082e-02 
 1.513344e+01  3.014082e-02 
 1.513376e+01  3.014083e-02 
 1.513408e+01  3.014084e-02 
 1.513440e+01  3.014085e-02 
 1.513473e+01  3.014086e-02 
 1.513505e+01  3.014087e-02 
 1.513537e+01  3.014088e-02 
 1.513569e+01  3.014089e-02 
 1.513601e+01  3.014089e-02 
 1.513633e+01  3.014090e-02 
 1.513665e+01  3.014091e-02 
 1.513698e+01  3.014092e-02 
 1.513730e+01  3.014093e-02 
 1.513762e+01  3.014094e-02 
 1.513794e+01  3.014095e-02 
 1.513826e+01  3.014096e-02 
 1.513858e+01  3.014096e-02 
 1.513891e+01  3.014097e-02 
 1.513923e+01  3.014098e-02 
 1.513955e+01  3.014099e-02 
 1.513987e+01  3.014100e-02 
 1.514019e+01  3.014101e-02 
 1.514051e+01  3.014102e-02 
 1.514083e+01  3.014103e-02 
 1.514116e+01  3.014103e-02 
 1.514148e+01  3.014104e-02 
 1.514180e+01  3.014105e-02 
 1.514212e+01  3.014106e-02 
 1.514244e+01  3.014107e-02 
 1.514276e+01  3.014108e-02 
 1.514309e+01  3.014109e-02 
 1.514341e+01  3.014110e-02 
 1.514373e+01  3.014110e-02 
 1.514405e+01  3.014111e-02 
 1.514437e+01  3.014112e-02 
 1.514469e+01  3.014113e-02 
 1.514501e+01  3.014114e-02 
 1.514534e+01  3.014115e-02 
 1.514566e+01  3.014116e-02 
 1.514598e+01  3.014117e-02 
 1.514630e+01  3.014117e-02 
 1.514662e+01  3.014118e-02 
 1.514694e+01  3.014119e-02 
 1.514727e+01  3.014120e-02 
 1.514759e+01  3.014121e-02 
 1.514791e+01  3.014122e-02 
 1.514823e+01  3.014123e-02 
 1.514855e+01  3.014124e-02 
 1.514887e+01  3.014124e-02 
 1.514920e+01  3.014125e-02 
 1.514952e+01  3.014126e-02 
 1.514984e+01  3.014127e-02 
 1.515016e+01  3.014128e-02 
 1.515048e+01  3.014129e-02 
 1.515080e+01  3.014130e-02 
 1.515112e+01  3.014131e-02 
 1.515145e+01  3.014131e-02 
 1.515177e+01  3.014132e-02 
 1.515209e+01  3.014133e-02 
 1.515241e+01  3.014134e-02 
 1.515273e+01  3.014135e-02 
 1.515305e+01  3.014136e-02 
 1.515338e+01  3.014137e-02 
 1.515370e+01  3.014138e-02 
 1.515402e+01  3.014139e-02 
 1.515434e+01  3.014139e-02 
 1.515466e+01  3.014140e-02 
 1.515498e+01  3.014141e-02 
 1.515530e+01  3.014142e-02 
 1.515563e+01  3.014143e-02 
 1.515595e+01  3.014144e-02 
 1.515627e+01  3.014145e-02 
 1.515659e+01  3.014146e-02 
 1.515691e+01  3.014147e-02 
 1.515723e+01  3.014147e-02 
 1.515756e+01  3.014148e-02 
 1.515788e+01  3.014149e-02 
 1.515820e+01  3.014150e-02 
 1.515852e+01  3.014151e-02 
 1.515884e+01  3.014152e-02 
 1.515916e+01  3.014153e-02 
 1.515948e+01  3.014154e-02 
 1.515981e+01  3.014155e-02 
 1.516013e+01  3.014155e-02 
 1.516045e+01  3.014156e-02 
 1.516077e+01  3.014157e-02 
 1.516109e+01  3.014158e-02 
 1.516141e+01  3.014159e-02 
 1.516174e+01  3.014160e-02 
 1.516206e+01  3.014161e-02 
 1.516238e+01  3.014162e-02 
 1.516270e+01  3.014163e-02 
 1.516302e+01  3.014164e-02 
 1.516334e+01  3.014164e-02 
 1.516367e+01  3.014165e-02 
 1.516399e+01  3.014166e-02 
 1.516431e+01  3.014167e-02 
 1.516463e+01  3.014168e-02 
 1.516495e+01  3.014169e-02 
 1.516527e+01  3.014170e-02 
 1.516559e+01  3.014171e-02 
 1.516592e+01  3.014172e-02 
 1.516624e+01  3.014173e-02 
 1.516656e+01  3.014173e-02 
 1.516688e+01  3.014174e-02 
 1.516720e+01  3.014175e-02 
 1.516752e+01  3.014176e-02 
 1.516785e+01  3.014177e-02 
 1.516817e+01  3.014178e-02 
 1.516849e+01  3.014179e-02 
 1.516881e+01  3.014180e-02 
 1.516913e+01  3.014181e-02 
 1.516945e+01  3.014182e-02 
 1.516977e+01  3.014183e-02 
 1.517010e+01  3.014183e-02 
 1.517042e+01  3.014184e-02 
 1.517074e+01  3.014185e-02 
 1.517106e+01  3.014186e-02 
 1.517138e+01  3.014187e-02 
 1.517170e+01  3.014188e-02 
 1.517203e+01  3.014189e-02 
 1.517235e+01  3.014190e-02 
 1.517267e+01  3.014191e-02 
 1.517299e+01  3.014192e-02 
 1.517331e+01  3.014193e-02 
 1.517363e+01  3.014193e-02 
 1.517396e+01  3.014194e-02 
 1.517428e+01  3.014195e-02 
 1.517460e+01  3.014196e-02 
 1.517492e+01  3.014197e-02 
 1.517524e+01  3.014198e-02 
 1.517556e+01  3.014199e-02 
 1.517588e+01  3.014200e-02 
 1.517621e+01  3.014201e-02 
 1.517653e+01  3.014202e-02 
 1.517685e+01  3.014203e-02 
 1.517717e+01  3.014203e-02 
 1.517749e+01  3.014204e-02 
 1.517781e+01  3.014205e-02 
 1.517814e+01  3.014206e-02 
 1.517846e+01  3.014207e-02 
 1.517878e+01  3.014208e-02 
 1.517910e+01  3.014209e-02 
 1.517942e+01  3.014210e-02 
 1.517974e+01  3.014211e-02 
 1.518006e+01  3.014212e-02 
 1.518039e+01  3.014213e-02 
 1.518071e+01  3.014214e-02 
 1.518103e+01  3.014214e-02 
 1.518135e+01  3.014215e-02 
 1.518167e+01  3.014216e-02 
 1.518199e+01  3.014217e-02 
 1.518232e+01  3.014218e-02 
 1.518264e+01  3.014219e-02 
 1.518296e+01  3.014220e-02 
 1.518328e+01  3.014221e-02 
 1.518360e+01  3.014222e-02 
 1.518392e+01  3.014223e-02 
 1.518424e+01  3.014224e-02 
 1.518457e+01  3.014225e-02 
 1.518489e+01  3.014226e-02 
 1.518521e+01  3.014227e-02 
 1.518553e+01  3.014228e-02 
 1.518585e+01  3.014229e-02 
 1.518617e+01  3.014229e-02 
 1.518650e+01  3.014230e-02 
 1.518682e+01  3.014231e-02 
 1.518714e+01  3.014232e-02 
 1.518746e+01  3.014233e-02 
 1.518778e+01  3.014234e-02 
 1.518810e+01  3.014235e-02 
 1.518843e+01  3.014236e-02 
 1.518875e+01  3.014237e-02 
 1.518907e+01  3.014238e-02 
 1.518939e+01  3.014239e-02 
 1.518971e+01  3.014240e-02 
 1.519003e+01  3.014241e-02 
 1.519035e+01  3.014242e-02 
 1.519068e+01  3.014243e-02 
 1.519100e+01  3.014244e-02 
 1.519132e+01  3.014245e-02 
 1.519164e+01  3.014246e-02 
 1.519196e+01  3.014247e-02 
 1.519228e+01  3.014248e-02 
 1.519261e+01  3.014249e-02 
 1.519293e+01  3.014250e-02 
 1.519325e+01  3.014251e-02 
 1.519357e+01  3.014252e-02 
 1.519389e+01  3.014253e-02 
 1.519421e+01  3.014254e-02 
 1.519453e+01  3.014255e-02 
 1.519486e+01  3.014256e-02 
 1.519518e+01  3.014257e-02 
 1.519550e+01  3.014258e-02 
 1.519582e+01  3.014259e-02 
 1.519614e+01  3.014260e-02 
 1.519646e+01  3.014260e-02 
 1.519679e+01  3.014261e-02 
 1.519711e+01  3.014262e-02 
 1.519743e+01  3.014263e-02 
 1.519775e+01  3.014264e-02 
 1.519807e+01  3.014265e-02 
 1.519839e+01  3.014266e-02 
 1.519871e+01  3.014267e-02 
 1.519904e+01  3.014268e-02 
 1.519936e+01  3.014269e-02 
 1.519968e+01  3.014270e-02 
 1.520000e+01  3.014271e-02 
 1.520032e+01  3.014272e-02 
 1.520064e+01  3.014273e-02 
 1.520097e+01  3.014274e-02 
 1.520129e+01  3.014275e-02 
 1.520161e+01  3.014276e-02 
 1.520193e+01  3.014277e-02 
 1.520225e+01  3.014278e-02 
 1.520257e+01  3.014279e-02 
 1.520290e+01  3.014280e-02 
 1.520322e+01  3.014281e-02 
 1.520354e+01  3.014282e-02 
 1.520386e+01  3.014283e-02 
 1.520418e+01  3.014284e-02 
 1.520450e+01  3.014284e-02 
 1.520482e+01  3.014285e-02 
 1.520515e+01  3.014286e-02 
 1.520547e+01  3.014287e-02 
 1.520579e+01  3.014288e-02 
 1.520611e+01  3.014289e-02 
 1.520643e+01  3.014290e-02 
 1.520675e+01  3.014291e-02 
 1.520708e+01  3.014292e-02 
 1.520740e+01  3.014293e-02 
 1.520772e+01  3.014294e-02 
 1.520804e+01  3.014295e-02 
 1.520836e+01  3.014296e-02 
 1.520868e+01  3.014297e-02 
 1.520900e+01  3.014297e-02 
 1.520933e+01  3.014298e-02 
 1.520965e+01  3.014299e-02 
 1.520997e+01  3.014300e-02 
 1.521029e+01  3.014301e-02 
 1.521061e+01  3.014302e-02 
 1.521093e+01  3.014303e-02 
 1.521126e+01  3.014304e-02 
 1.521158e+01  3.014305e-02 
 1.521190e+01  3.014306e-02 
 1.521222e+01  3.014307e-02 
 1.521254e+01  3.014308e-02 
 1.521286e+01  3.014308e-02 
 1.521318e+01  3.014309e-02 
 1.521351e+01  3.014310e-02 
 1.521383e+01  3.014311e-02 
 1.521415e+01  3.014312e-02 
 1.521447e+01  3.014313e-02 
 1.521479e+01  3.014314e-02 
 1.521511e+01  3.014315e-02 
 1.521544e+01  3.014316e-02 
 1.521576e+01  3.014316e-02 
 1.521608e+01  3.014317e-02 
 1.521640e+01  3.014318e-02 
 1.521672e+01  3.014319e-02 
 1.521704e+01  3.014320e-02 
 1.521737e+01  3.014321e-02 
 1.521769e+01  3.014322e-02 
 1.521801e+01  3.014323e-02 
 1.521833e+01  3.014323e-02 
 1.521865e+01  3.014324e-02 
 1.521897e+01  3.014325e-02 
 1.521929e+01  3.014326e-02 
 1.521962e+01  3.014327e-02 
 1.521994e+01  3.014328e-02 
 1.522026e+01  3.014329e-02 
 1.522058e+01  3.014329e-02 
 1.522090e+01  3.014330e-02 
 1.522122e+01  3.014331e-02 
 1.522155e+01  3.014332e-02 
 1.522187e+01  3.014333e-02 
 1.522219e+01  3.014334e-02 
 1.522251e+01  3.014334e-02 
 1.522283e+01  3.014335e-02 
 1.522315e+01  3.014336e-02 
 1.522347e+01  3.014337e-02 
 1.522380e+01  3.014338e-02 
 1.522412e+01  3.014339e-02 
 1.522444e+01  3.014339e-02 
 1.522476e+01  3.014340e-02 
 1.522508e+01  3.014341e-02 
 1.522540e+01  3.014342e-02 
 1.522573e+01  3.014343e-02 
 1.522605e+01  3.014344e-02 
 1.522637e+01  3.014344e-02 
 1.522669e+01  3.014345e-02 
 1.522701e+01  3.014346e-02 
 1.522733e+01  3.014347e-02 
 1.522765e+01  3.014348e-02 
 1.522798e+01  3.014348e-02 
 1.522830e+01  3.014349e-02 
 1.522862e+01  3.014350e-02 
 1.522894e+01  3.014351e-02 
 1.522926e+01  3.014352e-02 
 1.522958e+01  3.014352e-02 
 1.522991e+01  3.014353e-02 
 1.523023e+01  3.014354e-02 
 1.523055e+01  3.014355e-02 
 1.523087e+01  3.014355e-02 
 1.523119e+01  3.014356e-02 
 1.523151e+01  3.014357e-02 
 1.523184e+01  3.014358e-02 
 1.523216e+01  3.014358e-02 
 1.523248e+01  3.014359e-02 
 1.523280e+01  3.014360e-02 
 1.523312e+01  3.014361e-02 
 1.523344e+01  3.014361e-02 
 1.523376e+01  3.014362e-02 
 1.523409e+01  3.014363e-02 
 1.523441e+01  3.014364e-02 
 1.523473e+01  3.014364e-02 
 1.523505e+01  3.014365e-02 
 1.523537e+01  3.014366e-02 
 1.523569e+01  3.014367e-02 
 1.523602e+01  3.014367e-02 
 1.523634e+01  3.014368e-02 
 1.523666e+01  3.014369e-02 
 1.523698e+01  3.014370e-02 
 1.523730e+01  3.014370e-02 
 1.523762e+01  3.014371e-02 
 1.523794e+01  3.014372e-02 
 1.523827e+01  3.014372e-02 
 1.523859e+01  3.014373e-02 
 1.523891e+01  3.014374e-02 
 1.523923e+01  3.014375e-02 
 1.523955e+01  3.014375e-02 
 1.523987e+01  3.014376e-02 
 1.524020e+01  3.014377e-02 
 1.524052e+01  3.014377e-02 
 1.524084e+01  3.014378e-02 
 1.524116e+01  3.014379e-02 
 1.524148e+01  3.014380e-02 
 1.524180e+01  3.014380e-02 
 1.524212e+01  3.014381e-02 
 1.524245e+01  3.014382e-02 
 1.524277e+01  3.014382e-02 
 1.524309e+01  3.014383e-02 
 1.524341e+01  3.014384e-02 
 1.524373e+01  3.014384e-02 
 1.524405e+01  3.014385e-02 
 1.524438e+01  3.014386e-02 
 1.524470e+01  3.014387e-02 
 1.524502e+01  3.014387e-02 
 1.524534e+01  3.014388e-02 
 1.524566e+01  3.014389e-02 
 1.524598e+01  3.014389e-02 
 1.524631e+01  3.014390e-02 
 1.524663e+01  3.014391e-02 
 1.524695e+01  3.014391e-02 
 1.524727e+01  3.014392e-02 
 1.524759e+01  3.014393e-02 
 1.524791e+01  3.014394e-02 
 1.524823e+01  3.014394e-02 
 1.524856e+01  3.014395e-02 
 1.524888e+01  3.014396e-02 
 1.524920e+01  3.014396e-02 
 1.524952e+01  3.014397e-02 
 1.524984e+01  3.014398e-02 
 1.525016e+01  3.014398e-02 
 1.525049e+01  3.014399e-02 
 1.525081e+01  3.014400e-02 
 1.525113e+01  3.014401e-02 
 1.525145e+01  3.014401e-02 
 1.525177e+01  3.014402e-02 
 1.525209e+01  3.014403e-02 
 1.525241e+01  3.014403e-02 
 1.525274e+01  3.014404e-02 
 1.525306e+01  3.014405e-02 
 1.525338e+01  3.014406e-02 
 1.525370e+01  3.014406e-02 
 1.525402e+01  3.014407e-02 
 1.525434e+01  3.014408e-02 
 1.525467e+01  3.014409e-02 
 1.525499e+01  3.014409e-02 
 1.525531e+01  3.014410e-02 
 1.525563e+01  3.014411e-02 
 1.525595e+01  3.014412e-02 
 1.525627e+01  3.014412e-02 
 1.525659e+01  3.014413e-02 
 1.525692e+01  3.014414e-02 
 1.525724e+01  3.014414e-02 
 1.525756e+01  3.014415e-02 
 1.525788e+01  3.014416e-02 
 1.525820e+01  3.014417e-02 
 1.525852e+01  3.014417e-02 
 1.525885e+01  3.014418e-02 
 1.525917e+01  3.014419e-02 
 1.525949e+01  3.014420e-02 
 1.525981e+01  3.014420e-02 
 1.526013e+01  3.014421e-02 
 1.526045e+01  3.014422e-02 
 1.526078e+01  3.014423e-02 
 1.526110e+01  3.014424e-02 
 1.526142e+01  3.014424e-02 
 1.526174e+01  3.014425e-02 
 1.526206e+01  3.014426e-02 
 1.526238e+01  3.014427e-02 
 1.526270e+01  3.014427e-02 
 1.526303e+01  3.014428e-02 
 1.526335e+01  3.014429e-02 
 1.526367e+01  3.014430e-02 
 1.526399e+01  3.014430e-02 
 1.526431e+01  3.014431e-02 
 1.526463e+01  3.014432e-02 
 1.526496e+01  3.014433e-02 
 1.526528e+01  3.014433e-02 
 1.526560e+01  3.014434e-02 
 1.526592e+01  3.014435e-02 
 1.526624e+01  3.014436e-02 
 1.526656e+01  3.014436e-02 
 1.526688e+01  3.014437e-02 
 1.526721e+01  3.014438e-02 
 1.526753e+01  3.014439e-02 
 1.526785e+01  3.014439e-02 
 1.526817e+01  3.014440e-02 
 1.526849e+01  3.014441e-02 
 1.526881e+01  3.014442e-02 
 1.526914e+01  3.014442e-02 
 1.526946e+01  3.014443e-02 
 1.526978e+01  3.014444e-02 
 1.527010e+01  3.014445e-02 
 1.527042e+01  3.014445e-02 
 1.527074e+01  3.014446e-02 
 1.527106e+01  3.014447e-02 
 1.527139e+01  3.014448e-02 
 1.527171e+01  3.014448e-02 
 1.527203e+01  3.014449e-02 
 1.527235e+01  3.014450e-02 
 1.527267e+01  3.014450e-02 
 1.527299e+01  3.014451e-02 
 1.527332e+01  3.014452e-02 
 1.527364e+01  3.014453e-02 
 1.527396e+01  3.014453e-02 
 1.527428e+01  3.014454e-02 
 1.527460e+01  3.014455e-02 
 1.527492e+01  3.014455e-02 
 1.527525e+01  3.014456e-02 
 1.527557e+01  3.014457e-02 
 1.527589e+01  3.014458e-02 
 1.527621e+01  3.014458e-02 
 1.527653e+01  3.014459e-02 
 1.527685e+01  3.014460e-02 
 1.527717e+01  3.014460e-02 
 1.527750e+01  3.014461e-02 
 1.527782e+01  3.014462e-02 
 1.527814e+01  3.014462e-02 
 1.527846e+01  3.014463e-02 
 1.527878e+01  3.014464e-02 
 1.527910e+01  3.014464e-02 
 1.527943e+01  3.014465e-02 
 1.527975e+01  3.014466e-02 
 1.528007e+01  3.014466e-02 
 1.528039e+01  3.014467e-02 
 1.528071e+01  3.014468e-02 
 1.528103e+01  3.014468e-02 
 1.528135e+01  3.014469e-02 
 1.528168e+01  3.014470e-02 
 1.528200e+01  3.014470e-02 
 1.528232e+01  3.014471e-02 
 1.528264e+01  3.014472e-02 
 1.528296e+01  3.014472e-02 
 1.528328e+01  3.014473e-02 
 1.528361e+01  3.014473e-02 
 1.528393e+01  3.014474e-02 
 1.528425e+01  3.014475e-02 
 1.528457e+01  3.014475e-02 
 1.528489e+01  3.014476e-02 
 1.528521e+01  3.014477e-02 
 1.528554e+01  3.014477e-02 
 1.528586e+01  3.014478e-02 
 1.528618e+01  3.014478e-02 
 1.528650e+01  3.014479e-02 
 1.528682e+01  3.014480e-02 
 1.528714e+01  3.014480e-02 
 1.528746e+01  3.014481e-02 
 1.528779e+01  3.014481e-02 
 1.528811e+01  3.014482e-02 
 1.528843e+01  3.014483e-02 
 1.528875e+01  3.014483e-02 
 1.528907e+01  3.014484e-02 
 1.528939e+01  3.014484e-02 
 1.528972e+01  3.014485e-02 
 1.529004e+01  3.014485e-02 
 1.529036e+01  3.014486e-02 
 1.529068e+01  3.014487e-02 
 1.529100e+01  3.014487e-02 
 1.529132e+01  3.014488e-02 
 1.529164e+01  3.014488e-02 
 1.529197e+01  3.014489e-02 
 1.529229e+01  3.014489e-02 
 1.529261e+01  3.014490e-02 
 1.529293e+01  3.014490e-02 
 1.529325e+01  3.014491e-02 
 1.529357e+01  3.014491e-02 
 1.529390e+01  3.014492e-02 
 1.529422e+01  3.014493e-02 
 1.529454e+01  3.014493e-02 
 1.529486e+01  3.014494e-02 
 1.529518e+01  3.014494e-02 
 1.529550e+01  3.014495e-02 
 1.529582e+01  3.014495e-02 
 1.529615e+01  3.014496e-02 
 1.529647e+01  3.014496e-02 
 1.529679e+01  3.014497e-02 
 1.529711e+01  3.014497e-02 
 1.529743e+01  3.014498e-02 
 1.529775e+01  3.014498e-02 
 1.529808e+01  3.014499e-02 
 1.529840e+01  3.014499e-02 
 1.529872e+01  3.014499e-02 
 1.529904e+01  3.014500e-02 
 1.529936e+01  3.014500e-02 
 1.529968e+01  3.014501e-02 
 1.530001e+01  3.014501e-02 
 1.530033e+01  3.014502e-02 
 1.530065e+01  3.014502e-02 
 1.530097e+01  3.014503e-02 
 1.530129e+01  3.014503e-02 
 1.530161e+01  3.014504e-02 
 1.530193e+01  3.014504e-02 
 1.530226e+01  3.014504e-02 
 1.530258e+01  3.014505e-02 
 1.530290e+01  3.014505e-02 
 1.530322e+01  3.014506e-02 
 1.530354e+01  3.014506e-02 
 1.530386e+01  3.014506e-02 
 1.530419e+01  3.014507e-02 
 1.530451e+01  3.014507e-02 
 1.530483e+01  3.014508e-02 
 1.530515e+01  3.014508e-02 
 1.530547e+01  3.014508e-02 
 1.530579e+01  3.014509e-02 
 1.530611e+01  3.014509e-02 
 1.530644e+01  3.014510e-02 
 1.530676e+01  3.014510e-02 
 1.530708e+01  3.014510e-02 
 1.530740e+01  3.014511e-02 
 1.530772e+01  3.014511e-02 
 1.530804e+01  3.014511e-02 
 1.530837e+01  3.014512e-02 
 1.530869e+01  3.014512e-02 
 1.530901e+01  3.014512e-02 
 1.530933e+01  3.014513e-02 
 1.530965e+01  3.014513e-02 
 1.530997e+01  3.014513e-02 
 1.531029e+01  3.014514e-02 
 1.531062e+01  3.014514e-02 
 1.531094e+01  3.014514e-02 
 1.531126e+01  3.014514e-02 
 1.531158e+01  3.014515e-02 
 1.531190e+01  3.014515e-02 
 1.531222e+01  3.014515e-02 
 1.531255e+01  3.014516e-02 
 1.531287e+01  3.014516e-02 
 1.531319e+01  3.014516e-02 
 1.531351e+01  3.014516e-02 
 1.531383e+01  3.014517e-02 
 1.531415e+01  3.014517e-02 
 1.531448e+01  3.014517e-02 
 1.531480e+01  3.014517e-02 
 1.531512e+01  3.014518e-02 
 1.531544e+01  3.014518e-02 
 1.531576e+01  3.014518e-02 
 1.531608e+01  3.014518e-02 
 1.531640e+01  3.014519e-02 
 1.531673e+01  3.014519e-02 
 1.531705e+01  3.014519e-02 
 1.531737e+01  3.014519e-02 
 1.531769e+01  3.014519e-02 
 1.531801e+01  3.014520e-02 
 1.531833e+01  3.014520e-02 
 1.531866e+01  3.014520e-02 
 1.531898e+01  3.014520e-02 
 1.531930e+01  3.014520e-02 
 1.531962e+01  3.014521e-02 
 1.531994e+01  3.014521e-02 
 1.532026e+01  3.014521e-02 
 1.532058e+01  3.014521e-02 
 1.532091e+01  3.014521e-02 
 1.532123e+01  3.014521e-02 
 1.532155e+01  3.014521e-02 
 1.532187e+01  3.014522e-02 
 1.532219e+01  3.014522e-02 
 1.532251e+01  3.014522e-02 
 1.532284e+01  3.014522e-02 
 1.532316e+01  3.014522e-02 
 1.532348e+01  3.014522e-02 
 1.532380e+01  3.014522e-02 
 1.532412e+01  3.014523e-02 
 1.532444e+01  3.014523e-02 
 1.532476e+01  3.014523e-02 
 1.532509e+01  3.014523e-02 
 1.532541e+01  3.014523e-02 
 1.532573e+01  3.014523e-02 
 1.532605e+01  3.014523e-02 
 1.532637e+01  3.014523e-02 
 1.532669e+01  3.014523e-02 
 1.532702e+01  3.014523e-02 
 1.532734e+01  3.014523e-02 
 1.532766e+01  3.014524e-02 
 1.532798e+01  3.014524e-02 
 1.532830e+01  3.014524e-02 
 1.532862e+01  3.014524e-02 
 1.532895e+01  3.014524e-02 
 1.532927e+01  3.014524e-02 
 1.532959e+01  3.014524e-02 
 1.532991e+01  3.014524e-02 
 1.533023e+01  3.014524e-02 
 1.533055e+01  3.014524e-02 
 1.533087e+01  3.014524e-02 
 1.533120e+01  3.014524e-02 
 1.533152e+01  3.014524e-02 
 1.533184e+01  3.014524e-02 
 1.533216e+01  3.014524e-02 
 1.533248e+01  3.014524e-02 
 1.533280e+01  3.014524e-02 
 1.533313e+01  3.014524e-02 
 1.533345e+01  3.014524e-02 
 1.533377e+01  3.014524e-02 
 1.533409e+01  3.014524e-02 
 1.533441e+01  3.014524e-02 
 1.533473e+01  3.014524e-02 
 1.533505e+01  3.014524e-02 
 1.533538e+01  3.014524e-02 
 1.533570e+01  3.014524e-02 
 1.533602e+01  3.014524e-02 
 1.533634e+01  3.014524e-02 
 1.533666e+01  3.014524e-02 
 1.533698e+01  3.014524e-02 
 1.533731e+01  3.014524e-02 
 1.533763e+01  3.014524e-02 
 1.533795e+01  3.014524e-02 
 1.533827e+01  3.014524e-02 
 1.533859e+01  3.014524e-02 
 1.533891e+01  3.014524e-02 
 1.533923e+01  3.014524e-02 
 1.533956e+01  3.014524e-02 
 1.533988e+01  3.014524e-02 
 1.534020e+01  3.014523e-02 
 1.534052e+01  3.014523e-02 
 1.534084e+01  3.014523e-02 
 1.534116e+01  3.014523e-02 
 1.534149e+01  3.014523e-02 
 1.534181e+01  3.014523e-02 
 1.534213e+01  3.014523e-02 
 1.534245e+01  3.014523e-02 
 1.534277e+01  3.014523e-02 
 1.534309e+01  3.014523e-02 
 1.534342e+01  3.014523e-02 
 1.534374e+01  3.014523e-02 
 1.534406e+01  3.014522e-02 
 1.534438e+01  3.014522e-02 
 1.534470e+01  3.014522e-02 
 1.534502e+01  3.014522e-02 
 1.534534e+01  3.014522e-02 
 1.534567e+01  3.014522e-02 
 1.534599e+01  3.014522e-02 
 1.534631e+01  3.014522e-02 
 1.534663e+01  3.014521e-02 
 1.534695e+01  3.014521e-02 
 1.534727e+01  3.014521e-02 
 1.534760e+01  3.014521e-02 
 1.534792e+01  3.014521e-02 
 1.534824e+01  3.014521e-02 
 1.534856e+01  3.014521e-02 
 1.534888e+01  3.014520e-02 
 1.534920e+01  3.014520e-02 
 1.534952e+01  3.014520e-02 
 1.534985e+01  3.014520e-02 
 1.535017e+01  3.014520e-02 
 1.535049e+01  3.014519e-02 
 1.535081e+01  3.014519e-02 
 1.535113e+01  3.014519e-02 
 1.535145e+01  3.014519e-02 
 1.535178e+01  3.014519e-02 
 1.535210e+01  3.014518e-02 
 1.535242e+01  3.014518e-02 
 1.535274e+01  3.014518e-02 
 1.535306e+01  3.014518e-02 
 1.535338e+01  3.014518e-02 
 1.535370e+01  3.014517e-02 
 1.535403e+01  3.014517e-02 
 1.535435e+01  3.014517e-02 
 1.535467e+01  3.014517e-02 
 1.535499e+01  3.014516e-02 
 1.535531e+01  3.014516e-02 
 1.535563e+01  3.014516e-02 
 1.535596e+01  3.014516e-02 
 1.535628e+01  3.014515e-02 
 1.535660e+01  3.014515e-02 
 1.535692e+01  3.014515e-02 
 1.535724e+01  3.014514e-02 
 1.535756e+01  3.014514e-02 
 1.535789e+01  3.014514e-02 
 1.535821e+01  3.014514e-02 
 1.535853e+01  3.014513e-02 
 1.535885e+01  3.014513e-02 
 1.535917e+01  3.014513e-02 
 1.535949e+01  3.014512e-02 
 1.535981e+01  3.014512e-02 
 1.536014e+01  3.014512e-02 
 1.536046e+01  3.014511e-02 
 1.536078e+01  3.014511e-02 
 1.536110e+01  3.014511e-02 
 1.536142e+01  3.014510e-02 
 1.536174e+01  3.014510e-02 
 1.536207e+01  3.014510e-02 
 1.536239e+01  3.014509e-02 
 1.536271e+01  3.014509e-02 
 1.536303e+01  3.014509e-02 
 1.536335e+01  3.014508e-02 
 1.536367e+01  3.014508e-02 
 1.536399e+01  3.014507e-02 
 1.536432e+01  3.014507e-02 
 1.536464e+01  3.014507e-02 
 1.536496e+01  3.014506e-02 
 1.536528e+01  3.014506e-02 
 1.536560e+01  3.014505e-02 
 1.536592e+01  3.014505e-02 
 1.536625e+01  3.014505e-02 
 1.536657e+01  3.014504e-02 
 1.536689e+01  3.014504e-02 
 1.536721e+01  3.014503e-02 
 1.536753e+01  3.014503e-02 
 1.536785e+01  3.014502e-02 
 1.536817e+01  3.014502e-02 
 1.536850e+01  3.014502e-02 
 1.536882e+01  3.014501e-02 
 1.536914e+01  3.014501e-02 
 1.536946e+01  3.014500e-02 
 1.536978e+01  3.014500e-02 
 1.537010e+01  3.014499e-02 
 1.537043e+01  3.014499e-02 
 1.537075e+01  3.014498e-02 
 1.537107e+01  3.014498e-02 
 1.537139e+01  3.014497e-02 
 1.537171e+01  3.014497e-02 
 1.537203e+01  3.014497e-02 
 1.537236e+01  3.014496e-02 
 1.537268e+01  3.014496e-02 
 1.537300e+01  3.014495e-02 
 1.537332e+01  3.014495e-02 
 1.537364e+01  3.014494e-02 
 1.537396e+01  3.014494e-02 
 1.537428e+01  3.014493e-02 
 1.537461e+01  3.014492e-02 
 1.537493e+01  3.014492e-02 
 1.537525e+01  3.014491e-02 
 1.537557e+01  3.014491e-02 
 1.537589e+01  3.014490e-02 
 1.537621e+01  3.014490e-02 
 1.537654e+01  3.014489e-02 
 1.537686e+01  3.014489e-02 
 1.537718e+01  3.014488e-02 
 1.537750e+01  3.014488e-02 
 1.537782e+01  3.014487e-02 
 1.537814e+01  3.014486e-02 
 1.537846e+01  3.014486e-02 
 1.537879e+01  3.014485e-02 
 1.537911e+01  3.014485e-02 
 1.537943e+01  3.014484e-02 
 1.537975e+01  3.014484e-02 
 1.538007e+01  3.014483e-02 
 1.538039e+01  3.014482e-02 
 1.538072e+01  3.014482e-02 
 1.538104e+01  3.014481e-02 
 1.538136e+01  3.014480e-02 
 1.538168e+01  3.014480e-02 
 1.538200e+01  3.014479e-02 
 1.538232e+01  3.014479e-02 
 1.538264e+01  3.014478e-02 
 1.538297e+01  3.014477e-02 
 1.538329e+01  3.014477e-02 
 1.538361e+01  3.014476e-02 
 1.538393e+01  3.014475e-02 
 1.538425e+01  3.014475e-02 
 1.538457e+01  3.014474e-02 
 1.538490e+01  3.014473e-02 
 1.538522e+01  3.014473e-02 
 1.538554e+01  3.014472e-02 
 1.538586e+01  3.014471e-02 
 1.538618e+01  3.014471e-02 
 1.538650e+01  3.014470e-02 
 1.538683e+01  3.014469e-02 
 1.538715e+01  3.014468e-02 
 1.538747e+01  3.014468e-02 
 1.538779e+01  3.014467e-02 
 1.538811e+01  3.014466e-02 
 1.538843e+01  3.014466e-02 
 1.538875e+01  3.014465e-02 
 1.538908e+01  3.014464e-02 
 1.538940e+01  3.014463e-02 
 1.538972e+01  3.014463e-02 
 1.539004e+01  3.014462e-02 
 1.539036e+01  3.014461e-02 
 1.539068e+01  3.014460e-02 
 1.539101e+01  3.014460e-02 
 1.539133e+01  3.014459e-02 
 1.539165e+01  3.014458e-02 
 1.539197e+01  3.014457e-02 
 1.539229e+01  3.014457e-02 
 1.539261e+01  3.014456e-02 
 1.539293e+01  3.014455e-02 
 1.539326e+01  3.014454e-02 
 1.539358e+01  3.014453e-02 
 1.539390e+01  3.014453e-02 
 1.539422e+01  3.014452e-02 
 1.539454e+01  3.014451e-02 
 1.539486e+01  3.014450e-02 
 1.539519e+01  3.014449e-02 
 1.539551e+01  3.014449e-02 
 1.539583e+01  3.014448e-02 
 1.539615e+01  3.014447e-02 
 1.539647e+01  3.014446e-02 
 1.539679e+01  3.014445e-02 
 1.539712e+01  3.014445e-02 
 1.539744e+01  3.014444e-02 
 1.539776e+01  3.014443e-02 
 1.539808e+01  3.014442e-02 
 1.539840e+01  3.014441e-02 
 1.539872e+01  3.014440e-02 
 1.539904e+01  3.014440e-02 
 1.539937e+01  3.014439e-02 
 1.539969e+01  3.014438e-02 
 1.540001e+01  3.014437e-02 
 1.540033e+01  3.014436e-02 
 1.540065e+01  3.014436e-02 
 1.540097e+01  3.014435e-02 
 1.540130e+01  3.014434e-02 
 1.540162e+01  3.014433e-02 
 1.540194e+01  3.014432e-02 
 1.540226e+01  3.014431e-02 
 1.540258e+01  3.014431e-02 
 1.540290e+01  3.014430e-02 
 1.540322e+01  3.014429e-02 
 1.540355e+01  3.014428e-02 
 1.540387e+01  3.014427e-02 
 1.540419e+01  3.014426e-02 
 1.540451e+01  3.014425e-02 
 1.540483e+01  3.014425e-02 
 1.540515e+01  3.014424e-02 
 1.540548e+01  3.014423e-02 
 1.540580e+01  3.014422e-02 
 1.540612e+01  3.014421e-02 
 1.540644e+01  3.014420e-02 
 1.540676e+01  3.014420e-02 
 1.540708e+01  3.014419e-02 
 1.540740e+01  3.014418e-02 
 1.540773e+01  3.014417e-02 
 1.540805e+01  3.014416e-02 
 1.540837e+01  3.014415e-02 
 1.540869e+01  3.014415e-02 
 1.540901e+01  3.014414e-02 
 1.540933e+01  3.014413e-02 
 1.540966e+01  3.014412e-02 
 1.540998e+01  3.014411e-02 
 1.541030e+01  3.014410e-02 
 1.541062e+01  3.014409e-02 
 1.541094e+01  3.014409e-02 
 1.541126e+01  3.014408e-02 
 1.541159e+01  3.014407e-02 
 1.541191e+01  3.014406e-02 
 1.541223e+01  3.014405e-02 
 1.541255e+01  3.014404e-02 
 1.541287e+01  3.014404e-02 
 1.541319e+01  3.014403e-02 
 1.541351e+01  3.014402e-02 
 1.541384e+01  3.014401e-02 
 1.541416e+01  3.014400e-02 
 1.541448e+01  3.014400e-02 
 1.541480e+01  3.014399e-02 
 1.541512e+01  3.014398e-02 
 1.541544e+01  3.014397e-02 
 1.541577e+01  3.014396e-02 
 1.541609e+01  3.014395e-02 
 1.541641e+01  3.014395e-02 
 1.541673e+01  3.014394e-02 
 1.541705e+01  3.014393e-02 
 1.541737e+01  3.014392e-02 
 1.541769e+01  3.014391e-02 
 1.541802e+01  3.014391e-02 
 1.541834e+01  3.014390e-02 
 1.541866e+01  3.014389e-02 
 1.541898e+01  3.014388e-02 
 1.541930e+01  3.014387e-02 
 1.541962e+01  3.014387e-02 
 1.541995e+01  3.014386e-02 
 1.542027e+01  3.014385e-02 
 1.542059e+01  3.014384e-02 
 1.542091e+01  3.014383e-02 
 1.542123e+01  3.014383e-02 
 1.542155e+01  3.014382e-02 
 1.542187e+01  3.014381e-02 
 1.542220e+01  3.014380e-02 
 1.542252e+01  3.014379e-02 
 1.542284e+01  3.014379e-02 
 1.542316e+01  3.014378e-02 
 1.542348e+01  3.014377e-02 
 1.542380e+01  3.014376e-02 
 1.542413e+01  3.014375e-02 
 1.542445e+01  3.014375e-02 
 1.542477e+01  3.014374e-02 
 1.542509e+01  3.014373e-02 
 1.542541e+01  3.014372e-02 
 1.542573e+01  3.014372e-02 
 1.542606e+01  3.014371e-02 
 1.542638e+01  3.014370e-02 
 1.542670e+01  3.014369e-02 
 1.542702e+01  3.014368e-02 
 1.542734e+01  3.014368e-02 
 1.542766e+01  3.014367e-02 
 1.542798e+01  3.014366e-02 
 1.542831e+01  3.014365e-02 
 1.542863e+01  3.014365e-02 
 1.542895e+01  3.014364e-02 
 1.542927e+01  3.014363e-02 
 1.542959e+01  3.014362e-02 
 1.542991e+01  3.014361e-02 
 1.543024e+01  3.014361e-02 
 1.543056e+01  3.014360e-02 
 1.543088e+01  3.014359e-02 
 1.543120e+01  3.014358e-02 
 1.543152e+01  3.014358e-02 
 1.543184e+01  3.014357e-02 
 1.543216e+01  3.014356e-02 
 1.543249e+01  3.014355e-02 
 1.543281e+01  3.014355e-02 
 1.543313e+01  3.014354e-02 
 1.543345e+01  3.014353e-02 
 1.543377e+01  3.014352e-02 
 1.543409e+01  3.014351e-02 
 1.543442e+01  3.014351e-02 
 1.543474e+01  3.014350e-02 
 1.543506e+01  3.014349e-02 
 1.543538e+01  3.014348e-02 
 1.543570e+01  3.014348e-02 
 1.543602e+01  3.014347e-02 
 1.543634e+01  3.014346e-02 
 1.543667e+01  3.014345e-02 
 1.543699e+01  3.014344e-02 
 1.543731e+01  3.014344e-02 
 1.543763e+01  3.014343e-02 
 1.543795e+01  3.014342e-02 
 1.543827e+01  3.014341e-02 
 1.543860e+01  3.014340e-02 
 1.543892e+01  3.014340e-02 
 1.543924e+01  3.014339e-02 
 1.543956e+01  3.014338e-02 
 1.543988e+01  3.014337e-02 
 1.544020e+01  3.014336e-02 
 1.544053e+01  3.014336e-02 
 1.544085e+01  3.014335e-02 
 1.544117e+01  3.014334e-02 
 1.544149e+01  3.014333e-02 
 1.544181e+01  3.014333e-02 
 1.544213e+01  3.014332e-02 
 1.544245e+01  3.014331e-02 
 1.544278e+01  3.014330e-02 
 1.544310e+01  3.014329e-02 
 1.544342e+01  3.014328e-02 
 1.544374e+01  3.014328e-02 
 1.544406e+01  3.014327e-02 
 1.544438e+01  3.014326e-02 
 1.544471e+01  3.014325e-02 
 1.544503e+01  3.014324e-02 
 1.544535e+01  3.014324e-02 
 1.544567e+01  3.014323e-02 
 1.544599e+01  3.014322e-02 
 1.544631e+01  3.014321e-02 
 1.544663e+01  3.014320e-02 
 1.544696e+01  3.014320e-02 
 1.544728e+01  3.014319e-02 
 1.544760e+01  3.014318e-02 
 1.544792e+01  3.014317e-02 
 1.544824e+01  3.014316e-02 
 1.544856e+01  3.014315e-02 
 1.544889e+01  3.014315e-02 
 1.544921e+01  3.014314e-02 
 1.544953e+01  3.014313e-02 
 1.544985e+01  3.014312e-02 
 1.545017e+01  3.014311e-02 
 1.545049e+01  3.014310e-02 
 1.545081e+01  3.014310e-02 
 1.545114e+01  3.014309e-02 
 1.545146e+01  3.014308e-02 
 1.545178e+01  3.014307e-02 
 1.545210e+01  3.014306e-02 
 1.545242e+01  3.014305e-02 
 1.545274e+01  3.014305e-02 
 1.545307e+01  3.014304e-02 
 1.545339e+01  3.014303e-02 
 1.545371e+01  3.014302e-02 
 1.545403e+01  3.014301e-02 
 1.545435e+01  3.014300e-02 
 1.545467e+01  3.014300e-02 
 1.545500e+01  3.014299e-02 
 1.545532e+01  3.014298e-02 
 1.545564e+01  3.014297e-02 
 1.545596e+01  3.014296e-02 
 1.545628e+01  3.014295e-02 
 1.545660e+01  3.014295e-02 
 1.545692e+01  3.014294e-02 
 1.545725e+01  3.014293e-02 
 1.545757e+01  3.014292e-02 
 1.545789e+01  3.014291e-02 
 1.545821e+01  3.014290e-02 
 1.545853e+01  3.014290e-02 
 1.545885e+01  3.014289e-02 
 1.545918e+01  3.014288e-02 
 1.545950e+01  3.014287e-02 
 1.545982e+01  3.014286e-02 
 1.546014e+01  3.014285e-02 
 1.546046e+01  3.014285e-02 
 1.546078e+01  3.014284e-02 
 1.546110e+01  3.014283e-02 
 1.546143e+01  3.014282e-02 
 1.546175e+01  3.014281e-02 
 1.546207e+01  3.014280e-02 
 1.546239e+01  3.014280e-02 
 1.546271e+01  3.014279e-02 
 1.546303e+01  3.014278e-02 
 1.546336e+01  3.014277e-02 
 1.546368e+01  3.014276e-02 
 1.546400e+01  3.014276e-02 
 1.546432e+01  3.014275e-02 
 1.546464e+01  3.014274e-02 
 1.546496e+01  3.014273e-02 
 1.546528e+01  3.014272e-02 
 1.546561e+01  3.014271e-02 
 1.546593e+01  3.014271e-02 
 1.546625e+01  3.014270e-02 
 1.546657e+01  3.014269e-02 
 1.546689e+01  3.014268e-02 
 1.546721e+01  3.014267e-02 
 1.546754e+01  3.014267e-02 
 1.546786e+01  3.014266e-02 
 1.546818e+01  3.014265e-02 
 1.546850e+01  3.014264e-02 
 1.546882e+01  3.014263e-02 
 1.546914e+01  3.014263e-02 
 1.546947e+01  3.014262e-02 
 1.546979e+01  3.014261e-02 
 1.547011e+01  3.014260e-02 
 1.547043e+01  3.014260e-02 
 1.547075e+01  3.014259e-02 
 1.547107e+01  3.014258e-02 
 1.547139e+01  3.014257e-02 
 1.547172e+01  3.014256e-02 
 1.547204e+01  3.014256e-02 
 1.547236e+01  3.014255e-02 
 1.547268e+01  3.014254e-02 
 1.547300e+01  3.014253e-02 
 1.547332e+01  3.014253e-02 
 1.547365e+01  3.014252e-02 
 1.547397e+01  3.014251e-02 
 1.547429e+01  3.014250e-02 
 1.547461e+01  3.014250e-02 
 1.547493e+01  3.014249e-02 
 1.547525e+01  3.014248e-02 
 1.547557e+01  3.014247e-02 
 1.547590e+01  3.014247e-02 
 1.547622e+01  3.014246e-02 
 1.547654e+01  3.014245e-02 
 1.547686e+01  3.014244e-02 
 1.547718e+01  3.014244e-02 
 1.547750e+01  3.014243e-02 
 1.547783e+01  3.014242e-02 
 1.547815e+01  3.014242e-02 
 1.547847e+01  3.014241e-02 
 1.547879e+01  3.014240e-02 
 1.547911e+01  3.014239e-02 
 1.547943e+01  3.014239e-02 
 1.547975e+01  3.014238e-02 
 1.548008e+01  3.014237e-02 
 1.548040e+01  3.014237e-02 
 1.548072e+01  3.014236e-02 
 1.548104e+01  3.014235e-02 
 1.548136e+01  3.014235e-02 
 1.548168e+01  3.014234e-02 
 1.548201e+01  3.014233e-02 
 1.548233e+01  3.014233e-02 
 1.548265e+01  3.014232e-02 
 1.548297e+01  3.014231e-02 
 1.548329e+01  3.014231e-02 
 1.548361e+01  3.014230e-02 
 1.548394e+01  3.014229e-02 
 1.548426e+01  3.014229e-02 
 1.548458e+01  3.014228e-02 
 1.548490e+01  3.014227e-02 
 1.548522e+01  3.014227e-02 
 1.548554e+01  3.014226e-02 
 1.548586e+01  3.014225e-02 
 1.548619e+01  3.014225e-02 
 1.548651e+01  3.014224e-02 
 1.548683e+01  3.014223e-02 
 1.548715e+01  3.014223e-02 
 1.548747e+01  3.014222e-02 
 1.548779e+01  3.014222e-02 
 1.548812e+01  3.014221e-02 
 1.548844e+01  3.014220e-02 
 1.548876e+01  3.014220e-02 
 1.548908e+01  3.014219e-02 
 1.548940e+01  3.014218e-02 
 1.548972e+01  3.014218e-02 
 1.549004e+01  3.014217e-02 
 1.549037e+01  3.014217e-02 
 1.549069e+01  3.014216e-02 
 1.549101e+01  3.014216e-02 
 1.549133e+01  3.014215e-02 
 1.549165e+01  3.014214e-02 
 1.549197e+01  3.014214e-02 
 1.549230e+01  3.014213e-02 
 1.549262e+01  3.014213e-02 
 1.549294e+01  3.014212e-02 
 1.549326e+01  3.014212e-02 
 1.549358e+01  3.014211e-02 
 1.549390e+01  3.014210e-02 
 1.549423e+01  3.014210e-02 
 1.549455e+01  3.014209e-02 
 1.549487e+01  3.014209e-02 
 1.549519e+01  3.014208e-02 
 1.549551e+01  3.014208e-02 
 1.549583e+01  3.014207e-02 
 1.549615e+01  3.014207e-02 
 1.549648e+01  3.014206e-02 
 1.549680e+01  3.014206e-02 
 1.549712e+01  3.014205e-02 
 1.549744e+01  3.014205e-02 
 1.549776e+01  3.014204e-02 
 1.549808e+01  3.014204e-02 
 1.549841e+01  3.014203e-02 
 1.549873e+01  3.014203e-02 
 1.549905e+01  3.014202e-02 
 1.549937e+01  3.014202e-02 
 1.549969e+01  3.014202e-02 
 1.550001e+01  3.014201e-02 
 1.550033e+01  3.014201e-02 
 1.550066e+01  3.014200e-02 
 1.550098e+01  3.014200e-02 
 1.550130e+01  3.014199e-02 
 1.550162e+01  3.014199e-02 
 1.550194e+01  3.014199e-02 
 1.550226e+01  3.014198e-02 
 1.550259e+01  3.014198e-02 
 1.550291e+01  3.014197e-02 
 1.550323e+01  3.014197e-02 
 1.550355e+01  3.014197e-02 
 1.550387e+01  3.014196e-02 
 1.550419e+01  3.014196e-02 
 1.550451e+01  3.014196e-02 
 1.550484e+01  3.014195e-02 
 1.550516e+01  3.014195e-02 
 1.550548e+01  3.014195e-02 
 1.550580e+01  3.014194e-02 
 1.550612e+01  3.014194e-02 
 1.550644e+01  3.014194e-02 
 1.550677e+01  3.014193e-02 
 1.550709e+01  3.014193e-02 
 1.550741e+01  3.014193e-02 
 1.550773e+01  3.014193e-02 
 1.550805e+01  3.014192e-02 
 1.550837e+01  3.014192e-02 
 1.550870e+01  3.014192e-02 
 1.550902e+01  3.014191e-02 
 1.550934e+01  3.014191e-02 
 1.550966e+01  3.014191e-02 
 1.550998e+01  3.014191e-02 
 1.551030e+01  3.014191e-02 
 1.551062e+01  3.014190e-02 
 1.551095e+01  3.014190e-02 
 1.551127e+01  3.014190e-02 
 1.551159e+01  3.014190e-02 
 1.551191e+01  3.014190e-02 
 1.551223e+01  3.014190e-02 
 1.551255e+01  3.014189e-02 
 1.551288e+01  3.014189e-02 
 1.551320e+01  3.014189e-02 
 1.551352e+01  3.014189e-02 
 1.551384e+01  3.014189e-02 
 1.551416e+01  3.014189e-02 
 1.551448e+01  3.014189e-02 
 1.551480e+01  3.014189e-02 
 1.551513e+01  3.014189e-02 
 1.551545e+01  3.014188e-02 
 1.551577e+01  3.014188e-02 
 1.551609e+01  3.014188e-02 
 1.551641e+01  3.014188e-02 
 1.551673e+01  3.014188e-02 
 1.551706e+01  3.014188e-02 
 1.551738e+01  3.014188e-02 
 1.551770e+01  3.014188e-02 
 1.551802e+01  3.014188e-02 
 1.551834e+01  3.014188e-02 
 1.551866e+01  3.014188e-02 
 1.551898e+01  3.014188e-02 
 1.551931e+01  3.014188e-02 
 1.551963e+01  3.014188e-02 
 1.551995e+01  3.014189e-02 
 1.552027e+01  3.014189e-02 
 1.552059e+01  3.014189e-02 
 1.552091e+01  3.014189e-02 
 1.552124e+01  3.014189e-02 
 1.552156e+01  3.014189e-02 
 1.552188e+01  3.014189e-02 
 1.552220e+01  3.014189e-02 
 1.552252e+01  3.014189e-02 
 1.552284e+01  3.014190e-02 
 1.552317e+01  3.014190e-02 
 1.552349e+01  3.014190e-02 
 1.552381e+01  3.014190e-02 
 1.552413e+01  3.014190e-02 
 1.552445e+01  3.014191e-02 
 1.552477e+01  3.014191e-02 
 1.552509e+01  3.014191e-02 
 1.552542e+01  3.014191e-02 
 1.552574e+01  3.014191e-02 
 1.552606e+01  3.014192e-02 
 1.552638e+01  3.014192e-02 
 1.552670e+01  3.014192e-02 
 1.552702e+01  3.014193e-02 
 1.552735e+01  3.014193e-02 
 1.552767e+01  3.014193e-02 
 1.552799e+01  3.014193e-02 
 1.552831e+01  3.014194e-02 
 1.552863e+01  3.014194e-02 
 1.552895e+01  3.014194e-02 
 1.552927e+01  3.014195e-02 
 1.552960e+01  3.014195e-02 
 1.552992e+01  3.014195e-02 
 1.553024e+01  3.014196e-02 
 1.553056e+01  3.014196e-02 
 1.553088e+01  3.014197e-02 
 1.553120e+01  3.014197e-02 
 1.553153e+01  3.014197e-02 
 1.553185e+01  3.014198e-02 
 1.553217e+01  3.014198e-02 
 1.553249e+01  3.014199e-02 
 1.553281e+01  3.014199e-02 
 1.553313e+01  3.014200e-02 
 1.553345e+01  3.014200e-02 
 1.553378e+01  3.014200e-02 
 1.553410e+01  3.014201e-02 
 1.553442e+01  3.014201e-02 
 1.553474e+01  3.014202e-02 
 1.553506e+01  3.014202e-02 
 1.553538e+01  3.014203e-02 
 1.553571e+01  3.014203e-02 
 1.553603e+01  3.014204e-02 
 1.553635e+01  3.014204e-02 
 1.553667e+01  3.014205e-02 
 1.553699e+01  3.014205e-02 
 1.553731e+01  3.014206e-02 
 1.553764e+01  3.014207e-02 
 1.553796e+01  3.014207e-02 
 1.553828e+01  3.014208e-02 
 1.553860e+01  3.014208e-02 
 1.553892e+01  3.014209e-02 
 1.553924e+01  3.014209e-02 
 1.553956e+01  3.014210e-02 
 1.553989e+01  3.014211e-02 
 1.554021e+01  3.014211e-02 
 1.554053e+01  3.014212e-02 
 1.554085e+01  3.014212e-02 
 1.554117e+01  3.014213e-02 
 1.554149e+01  3.014214e-02 
 1.554182e+01  3.014214e-02 
 1.554214e+01  3.014215e-02 
 1.554246e+01  3.014216e-02 
 1.554278e+01  3.014216e-02 
 1.554310e+01  3.014217e-02 
 1.554342e+01  3.014218e-02 
 1.554374e+01  3.014218e-02 
 1.554407e+01  3.014219e-02 
 1.554439e+01  3.014220e-02 
 1.554471e+01  3.014220e-02 
 1.554503e+01  3.014221e-02 
 1.554535e+01  3.014222e-02 
 1.554567e+01  3.014223e-02 
 1.554600e+01  3.014223e-02 
 1.554632e+01  3.014224e-02 
 1.554664e+01  3.014225e-02 
 1.554696e+01  3.014225e-02 
 1.554728e+01  3.014226e-02 
 1.554760e+01  3.014227e-02 
 1.554792e+01  3.014228e-02 
 1.554825e+01  3.014229e-02 
 1.554857e+01  3.014229e-02 
 1.554889e+01  3.014230e-02 
 1.554921e+01  3.014231e-02 
 1.554953e+01  3.014232e-02 
 1.554985e+01  3.014233e-02 
 1.555018e+01  3.014233e-02 
 1.555050e+01  3.014234e-02 
 1.555082e+01  3.014235e-02 
 1.555114e+01  3.014236e-02 
 1.555146e+01  3.014237e-02 
 1.555178e+01  3.014238e-02 
 1.555211e+01  3.014239e-02 
 1.555243e+01  3.014239e-02 
 1.555275e+01  3.014240e-02 
 1.555307e+01  3.014241e-02 
 1.555339e+01  3.014242e-02 
 1.555371e+01  3.014243e-02 
 1.555403e+01  3.014244e-02 
 1.555436e+01  3.014245e-02 
 1.555468e+01  3.014246e-02 
 1.555500e+01  3.014247e-02 
 1.555532e+01  3.014248e-02 
 1.555564e+01  3.014249e-02 
 1.555596e+01  3.014250e-02 
 1.555629e+01  3.014251e-02 
 1.555661e+01  3.014252e-02 
 1.555693e+01  3.014253e-02 
 1.555725e+01  3.014254e-02 
 1.555757e+01  3.014255e-02 
 1.555789e+01  3.014256e-02 
 1.555821e+01  3.014257e-02 
 1.555854e+01  3.014258e-02 
 1.555886e+01  3.014259e-02 
 1.555918e+01  3.014260e-02 
 1.555950e+01  3.014261e-02 
 1.555982e+01  3.014262e-02 
 1.556014e+01  3.014263e-02 
 1.556047e+01  3.014264e-02 
 1.556079e+01  3.014265e-02 
 1.556111e+01  3.014266e-02 
 1.556143e+01  3.014267e-02 
 1.556175e+01  3.014269e-02 
 1.556207e+01  3.014270e-02 
 1.556239e+01  3.014271e-02 
 1.556272e+01  3.014272e-02 
 1.556304e+01  3.014273e-02 
 1.556336e+01  3.014274e-02 
 1.556368e+01  3.014276e-02 
 1.556400e+01  3.014277e-02 
 1.556432e+01  3.014278e-02 
 1.556465e+01  3.014279e-02 
 1.556497e+01  3.014280e-02 
 1.556529e+01  3.014281e-02 
 1.556561e+01  3.014283e-02 
 1.556593e+01  3.014284e-02 
 1.556625e+01  3.014285e-02 
 1.556658e+01  3.014286e-02 
 1.556690e+01  3.014288e-02 
 1.556722e+01  3.014289e-02 
 1.556754e+01  3.014290e-02 
 1.556786e+01  3.014292e-02 
 1.556818e+01  3.014293e-02 
 1.556850e+01  3.014294e-02 
 1.556883e+01  3.014295e-02 
 1.556915e+01  3.014297e-02 
 1.556947e+01  3.014298e-02 
 1.556979e+01  3.014299e-02 
 1.557011e+01  3.014301e-02 
 1.557043e+01  3.014302e-02 
 1.557076e+01  3.014303e-02 
 1.557108e+01  3.014305e-02 
 1.557140e+01  3.014306e-02 
 1.557172e+01  3.014308e-02 
 1.557204e+01  3.014309e-02 
 1.557236e+01  3.014310e-02 
 1.557268e+01  3.014312e-02 
 1.557301e+01  3.014313e-02 
 1.557333e+01  3.014315e-02 
 1.557365e+01  3.014316e-02 
 1.557397e+01  3.014317e-02 
 1.557429e+01  3.014319e-02 
 1.557461e+01  3.014320e-02 
 1.557494e+01  3.014322e-02 
 1.557526e+01  3.014323e-02 
 1.557558e+01  3.014325e-02 
 1.557590e+01  3.014326e-02 
 1.557622e+01  3.014328e-02 
 1.557654e+01  3.014329e-02 
 1.557686e+01  3.014331e-02 
 1.557719e+01  3.014332e-02 
 1.557751e+01  3.014334e-02 
 1.557783e+01  3.014335e-02 
 1.557815e+01  3.014337e-02 
 1.557847e+01  3.014339e-02 
 1.557879e+01  3.014340e-02 
 1.557912e+01  3.014342e-02 
 1.557944e+01  3.014343e-02 
 1.557976e+01  3.014345e-02 
 1.558008e+01  3.014347e-02 
 1.558040e+01  3.014348e-02 
 1.558072e+01  3.014350e-02 
 1.558105e+01  3.014351e-02 
 1.558137e+01  3.014353e-02 
 1.558169e+01  3.014355e-02 
 1.558201e+01  3.014356e-02 
 1.558233e+01  3.014358e-02 
 1.558265e+01  3.014360e-02 
 1.558297e+01  3.014361e-02 
 1.558330e+01  3.014363e-02 
 1.558362e+01  3.014365e-02 
 1.558394e+01  3.014366e-02 
 1.558426e+01  3.014368e-02 
 1.558458e+01  3.014370e-02 
 1.558490e+01  3.014372e-02 
 1.558523e+01  3.014373e-02 
 1.558555e+01  3.014375e-02 
 1.558587e+01  3.014377e-02 
 1.558619e+01  3.014379e-02 
 1.558651e+01  3.014380e-02 
 1.558683e+01  3.014382e-02 
 1.558715e+01  3.014384e-02 
 1.558748e+01  3.014386e-02 
 1.558780e+01  3.014387e-02 
 1.558812e+01  3.014389e-02 
 1.558844e+01  3.014391e-02 
 1.558876e+01  3.014393e-02 
 1.558908e+01  3.014395e-02 
 1.558941e+01  3.014396e-02 
 1.558973e+01  3.014398e-02 
 1.559005e+01  3.014400e-02 
 1.559037e+01  3.014402e-02 
 1.559069e+01  3.014404e-02 
 1.559101e+01  3.014406e-02 
 1.559133e+01  3.014407e-02 
 1.559166e+01  3.014409e-02 
 1.559198e+01  3.014411e-02 
 1.559230e+01  3.014413e-02 
 1.559262e+01  3.014415e-02 
 1.559294e+01  3.014417e-02 
 1.559326e+01  3.014418e-02 
 1.559359e+01  3.014420e-02 
 1.559391e+01  3.014422e-02 
 1.559423e+01  3.014424e-02 
 1.559455e+01  3.014426e-02 
 1.559487e+01  3.014428e-02 
 1.559519e+01  3.014430e-02 
 1.559552e+01  3.014432e-02 
 1.559584e+01  3.014433e-02 
 1.559616e+01  3.014435e-02 
 1.559648e+01  3.014437e-02 
 1.559680e+01  3.014439e-02 
 1.559712e+01  3.014441e-02 
 1.559744e+01  3.014443e-02 
 1.559777e+01  3.014445e-02 
 1.559809e+01  3.014447e-02 
 1.559841e+01  3.014448e-02 
 1.559873e+01  3.014450e-02 
 1.559905e+01  3.014452e-02 
 1.559937e+01  3.014454e-02 
 1.559970e+01  3.014456e-02 
 1.560002e+01  3.014458e-02 
 1.560034e+01  3.014460e-02 
 1.560066e+01  3.014462e-02 
 1.560098e+01  3.014463e-02 
 1.560130e+01  3.014465e-02 
 1.560162e+01  3.014467e-02 
 1.560195e+01  3.014469e-02 
 1.560227e+01  3.014471e-02 
 1.560259e+01  3.014473e-02 
 1.560291e+01  3.014475e-02 
 1.560323e+01  3.014476e-02 
 1.560355e+01  3.014478e-02 
 1.560388e+01  3.014480e-02 
 1.560420e+01  3.014482e-02 
 1.560452e+01  3.014484e-02 
 1.560484e+01  3.014486e-02 
 1.560516e+01  3.014488e-02 
 1.560548e+01  3.014489e-02 
 1.560581e+01  3.014491e-02 
 1.560613e+01  3.014493e-02 
 1.560645e+01  3.014495e-02 
 1.560677e+01  3.014497e-02 
 1.560709e+01  3.014499e-02 
 1.560741e+01  3.014500e-02 
 1.560773e+01  3.014502e-02 
 1.560806e+01  3.014504e-02 
 1.560838e+01  3.014506e-02 
 1.560870e+01  3.014508e-02 
 1.560902e+01  3.014509e-02 
 1.560934e+01  3.014511e-02 
 1.560966e+01  3.014513e-02 
 1.560999e+01  3.014515e-02 
 1.561031e+01  3.014517e-02 
 1.561063e+01  3.014518e-02 
 1.561095e+01  3.014520e-02 
 1.561127e+01  3.014522e-02 
 1.561159e+01  3.014524e-02 
 1.561191e+01  3.014525e-02 
 1.561224e+01  3.014527e-02 
 1.561256e+01  3.014529e-02 
 1.561288e+01  3.014531e-02 
 1.561320e+01  3.014532e-02 
 1.561352e+01  3.014534e-02 
 1.561384e+01  3.014536e-02 
 1.561417e+01  3.014537e-02 
 1.561449e+01  3.014539e-02 
 1.561481e+01  3.014541e-02 
 1.561513e+01  3.014542e-02 
 1.561545e+01  3.014544e-02 
 1.561577e+01  3.014546e-02 
 1.561609e+01  3.014548e-02 
 1.561642e+01  3.014549e-02 
 1.561674e+01  3.014551e-02 
 1.561706e+01  3.014553e-02 
 1.561738e+01  3.014554e-02 
 1.561770e+01  3.014556e-02 
 1.561802e+01  3.014557e-02 
 1.561835e+01  3.014559e-02 
 1.561867e+01  3.014561e-02 
 1.561899e+01  3.014562e-02 
 1.561931e+01  3.014564e-02 
 1.561963e+01  3.014566e-02 
 1.561995e+01  3.014567e-02 
 1.562028e+01  3.014569e-02 
 1.562060e+01  3.014570e-02 
 1.562092e+01  3.014572e-02 
 1.562124e+01  3.014573e-02 
 1.562156e+01  3.014575e-02 
 1.562188e+01  3.014577e-02 
 1.562220e+01  3.014578e-02 
 1.562253e+01  3.014580e-02 
 1.562285e+01  3.014581e-02 
 1.562317e+01  3.014583e-02 
 1.562349e+01  3.014584e-02 
 1.562381e+01  3.014586e-02 
 1.562413e+01  3.014587e-02 
 1.562446e+01  3.014589e-02 
 1.562478e+01  3.014590e-02 
 1.562510e+01  3.014592e-02 
 1.562542e+01  3.014593e-02 
 1.562574e+01  3.014595e-02 
 1.562606e+01  3.014596e-02 
 1.562638e+01  3.014598e-02 
 1.562671e+01  3.014599e-02 
 1.562703e+01  3.014601e-02 
 1.562735e+01  3.014602e-02 
 1.562767e+01  3.014604e-02 
 1.562799e+01  3.014605e-02 
 1.562831e+01  3.014606e-02 
 1.562864e+01  3.014608e-02 
 1.562896e+01  3.014609e-02 
 1.562928e+01  3.014611e-02 
 1.562960e+01  3.014612e-02 
 1.562992e+01  3.014614e-02 
 1.563024e+01  3.014615e-02 
 1.563056e+01  3.014616e-02 
 1.563089e+01  3.014618e-02 
 1.563121e+01  3.014619e-02 
 1.563153e+01  3.014620e-02 
 1.563185e+01  3.014622e-02 
 1.563217e+01  3.014623e-02 
 1.563249e+01  3.014624e-02 
 1.563282e+01  3.014626e-02 
 1.563314e+01  3.014627e-02 
 1.563346e+01  3.014628e-02 
 1.563378e+01  3.014630e-02 
 1.563410e+01  3.014631e-02 
 1.563442e+01  3.014632e-02 
 1.563475e+01  3.014633e-02 
 1.563507e+01  3.014635e-02 
 1.563539e+01  3.014636e-02 
 1.563571e+01  3.014637e-02 
 1.563603e+01  3.014639e-02 
 1.563635e+01  3.014640e-02 
 1.563667e+01  3.014641e-02 
 1.563700e+01  3.014642e-02 
 1.563732e+01  3.014643e-02 
 1.563764e+01  3.014645e-02 
 1.563796e+01  3.014646e-02 
 1.563828e+01  3.014647e-02 
 1.563860e+01  3.014648e-02 
 1.563893e+01  3.014649e-02 
 1.563925e+01  3.014651e-02 
 1.563957e+01  3.014652e-02 
 1.563989e+01  3.014653e-02 
 1.564021e+01  3.014654e-02 
 1.564053e+01  3.014655e-02 
 1.564085e+01  3.014656e-02 
 1.564118e+01  3.014657e-02 
 1.564150e+01  3.014658e-02 
 1.564182e+01  3.014660e-02 
 1.564214e+01  3.014661e-02 
 1.564246e+01  3.014662e-02 
 1.564278e+01  3.014663e-02 
 1.564311e+01  3.014664e-02 
 1.564343e+01  3.014665e-02 
 1.564375e+01  3.014666e-02 
 1.564407e+01  3.014667e-02 
 1.564439e+01  3.014668e-02 
 1.564471e+01  3.014669e-02 
 1.564503e+01  3.014670e-02 
 1.564536e+01  3.014671e-02 
 1.564568e+01  3.014672e-02 
 1.564600e+01  3.014673e-02 
 1.564632e+01  3.014674e-02 
 1.564664e+01  3.014675e-02 
 1.564696e+01  3.014676e-02 
 1.564729e+01  3.014677e-02 
 1.564761e+01  3.014678e-02 
 1.564793e+01  3.014679e-02 
 1.564825e+01  3.014680e-02 
 1.564857e+01  3.014681e-02 
 1.564889e+01  3.014682e-02 
 1.564922e+01  3.014683e-02 
 1.564954e+01  3.014684e-02 
 1.564986e+01  3.014685e-02 
 1.565018e+01  3.014686e-02 
 1.565050e+01  3.014686e-02 
 1.565082e+01  3.014687e-02 
 1.565114e+01  3.014688e-02 
 1.565147e+01  3.014689e-02 
 1.565179e+01  3.014690e-02 
 1.565211e+01  3.014691e-02 
 1.565243e+01  3.014692e-02 
 1.565275e+01  3.014692e-02 
 1.565307e+01  3.014693e-02 
 1.565340e+01  3.014694e-02 
 1.565372e+01  3.014695e-02 
 1.565404e+01  3.014696e-02 
 1.565436e+01  3.014697e-02 
 1.565468e+01  3.014697e-02 
 1.565500e+01  3.014698e-02 
 1.565532e+01  3.014699e-02 
 1.565565e+01  3.014700e-02 
 1.565597e+01  3.014700e-02 
 1.565629e+01  3.014701e-02 
 1.565661e+01  3.014702e-02 
 1.565693e+01  3.014703e-02 
 1.565725e+01  3.014703e-02 
 1.565758e+01  3.014704e-02 
 1.565790e+01  3.014705e-02 
 1.565822e+01  3.014706e-02 
 1.565854e+01  3.014706e-02 
 1.565886e+01  3.014707e-02 
 1.565918e+01  3.014708e-02 
 1.565950e+01  3.014708e-02 
 1.565983e+01  3.014709e-02 
 1.566015e+01  3.014710e-02 
 1.566047e+01  3.014710e-02 
 1.566079e+01  3.014711e-02 
 1.566111e+01  3.014712e-02 
 1.566143e+01  3.014712e-02 
 1.566176e+01  3.014713e-02 
 1.566208e+01  3.014714e-02 
 1.566240e+01  3.014714e-02 
 1.566272e+01  3.014715e-02 
 1.566304e+01  3.014715e-02 
 1.566336e+01  3.014716e-02 
 1.566369e+01  3.014717e-02 
 1.566401e+01  3.014717e-02 
 1.566433e+01  3.014718e-02 
 1.566465e+01  3.014718e-02 
 1.566497e+01  3.014719e-02 
 1.566529e+01  3.014719e-02 
 1.566561e+01  3.014720e-02 
 1.566594e+01  3.014721e-02 
 1.566626e+01  3.014721e-02 
 1.566658e+01  3.014722e-02 
 1.566690e+01  3.014722e-02 
 1.566722e+01  3.014723e-02 
 1.566754e+01  3.014723e-02 
 1.566787e+01  3.014724e-02 
 1.566819e+01  3.014724e-02 
 1.566851e+01  3.014725e-02 
 1.566883e+01  3.014725e-02 
 1.566915e+01  3.014726e-02 
 1.566947e+01  3.014726e-02 
 1.566979e+01  3.014727e-02 
 1.567012e+01  3.014727e-02 
 1.567044e+01  3.014728e-02 
 1.567076e+01  3.014728e-02 
 1.567108e+01  3.014728e-02 
 1.567140e+01  3.014729e-02 
 1.567172e+01  3.014729e-02 
 1.567205e+01  3.014730e-02 
 1.567237e+01  3.014730e-02 
 1.567269e+01  3.014731e-02 
 1.567301e+01  3.014731e-02 
 1.567333e+01  3.014731e-02 
 1.567365e+01  3.014732e-02 
 1.567397e+01  3.014732e-02 
 1.567430e+01  3.014733e-02 
 1.567462e+01  3.014733e-02 
 1.567494e+01  3.014733e-02 
 1.567526e+01  3.014734e-02 
 1.567558e+01  3.014734e-02 
 1.567590e+01  3.014735e-02 
 1.567623e+01  3.014735e-02 
 1.567655e+01  3.014735e-02 
 1.567687e+01  3.014736e-02 
 1.567719e+01  3.014736e-02 
 1.567751e+01  3.014736e-02 
 1.567783e+01  3.014737e-02 
 1.567816e+01  3.014737e-02 
 1.567848e+01  3.014737e-02 
 1.567880e+01  3.014738e-02 
 1.567912e+01  3.014738e-02 
 1.567944e+01  3.014738e-02 
 1.567976e+01  3.014739e-02 
 1.568008e+01  3.014739e-02 
 1.568041e+01  3.014739e-02 
 1.568073e+01  3.014740e-02 
 1.568105e+01  3.014740e-02 
 1.568137e+01  3.014740e-02 
 1.568169e+01  3.014741e-02 
 1.568201e+01  3.014741e-02 
 1.568234e+01  3.014741e-02 
 1.568266e+01  3.014741e-02 
 1.568298e+01  3.014742e-02 
 1.568330e+01  3.014742e-02 
 1.568362e+01  3.014742e-02 
 1.568394e+01  3.014742e-02 
 1.568426e+01  3.014743e-02 
 1.568459e+01  3.014743e-02 
 1.568491e+01  3.014743e-02 
 1.568523e+01  3.014743e-02 
 1.568555e+01  3.014744e-02 
 1.568587e+01  3.014744e-02 
 1.568619e+01  3.014744e-02 
 1.568652e+01  3.014744e-02 
 1.568684e+01  3.014744e-02 
 1.568716e+01  3.014745e-02 
 1.568748e+01  3.014745e-02 
 1.568780e+01  3.014745e-02 
 1.568812e+01  3.014745e-02 
 1.568844e+01  3.014745e-02 
 1.568877e+01  3.014746e-02 
 1.568909e+01  3.014746e-02 
 1.568941e+01  3.014746e-02 
 1.568973e+01  3.014746e-02 
 1.569005e+01  3.014746e-02 
 1.569037e+01  3.014746e-02 
 1.569070e+01  3.014747e-02 
 1.569102e+01  3.014747e-02 
 1.569134e+01  3.014747e-02 
 1.569166e+01  3.014747e-02 
 1.569198e+01  3.014747e-02 
 1.569230e+01  3.014747e-02 
 1.569263e+01  3.014747e-02 
 1.569295e+01  3.014747e-02 
 1.569327e+01  3.014747e-02 
 1.569359e+01  3.014747e-02 
 1.569391e+01  3.014748e-02 
 1.569423e+01  3.014748e-02 
 1.569455e+01  3.014748e-02 
 1.569488e+01  3.014748e-02 
 1.569520e+01  3.014748e-02 
 1.569552e+01  3.014748e-02 
 1.569584e+01  3.014748e-02 
 1.569616e+01  3.014748e-02 
 1.569648e+01  3.014748e-02 
 1.569681e+01  3.014748e-02 
 1.569713e+01  3.014748e-02 
 1.569745e+01  3.014748e-02 
 1.569777e+01  3.014748e-02 
 1.569809e+01  3.014748e-02 
 1.569841e+01  3.014748e-02 
 1.569873e+01  3.014748e-02 
 1.569906e+01  3.014748e-02 
 1.569938e+01  3.014748e-02 
 1.569970e+01  3.014748e-02 
 1.570002e+01  3.014748e-02 
 1.570034e+01  3.014748e-02 
 1.570066e+01  3.014747e-02 
 1.570099e+01  3.014747e-02 
 1.570131e+01  3.014747e-02 
 1.570163e+01  3.014747e-02 
 1.570195e+01  3.014747e-02 
 1.570227e+01  3.014747e-02 
 1.570259e+01  3.014747e-02 
 1.570292e+01  3.014747e-02 
 1.570324e+01  3.014747e-02 
 1.570356e+01  3.014746e-02 
 1.570388e+01  3.014746e-02 
 1.570420e+01  3.014746e-02 
 1.570452e+01  3.014746e-02 
 1.570484e+01  3.014746e-02 
 1.570517e+01  3.014746e-02 
 1.570549e+01  3.014745e-02 
 1.570581e+01  3.014745e-02 
 1.570613e+01  3.014745e-02 
 1.570645e+01  3.014745e-02 
 1.570677e+01  3.014744e-02 
 1.570710e+01  3.014744e-02 
 1.570742e+01  3.014744e-02 
 1.570774e+01  3.014744e-02 
 1.570806e+01  3.014743e-02 
 1.570838e+01  3.014743e-02 
 1.570870e+01  3.014743e-02 
 1.570902e+01  3.014743e-02 
 1.570935e+01  3.014742e-02 
 1.570967e+01  3.014742e-02 
 1.570999e+01  3.014742e-02 
 1.571031e+01  3.014741e-02 
 1.571063e+01  3.014741e-02 
 1.571095e+01  3.014741e-02 
 1.571128e+01  3.014740e-02 
 1.571160e+01  3.014740e-02 
 1.571192e+01  3.014740e-02 
 1.571224e+01  3.014739e-02 
 1.571256e+01  3.014739e-02 
 1.571288e+01  3.014739e-02 
 1.571320e+01  3.014738e-02 
 1.571353e+01  3.014738e-02 
 1.571385e+01  3.014737e-02 
 1.571417e+01  3.014737e-02 
 1.571449e+01  3.014737e-02 
 1.571481e+01  3.014736e-02 
 1.571513e+01  3.014736e-02 
 1.571546e+01  3.014735e-02 
 1.571578e+01  3.014735e-02 
 1.571610e+01  3.014734e-02 
 1.571642e+01  3.014734e-02 
 1.571674e+01  3.014734e-02 
 1.571706e+01  3.014733e-02 
 1.571739e+01  3.014733e-02 
 1.571771e+01  3.014732e-02 
 1.571803e+01  3.014732e-02 
 1.571835e+01  3.014731e-02 
 1.571867e+01  3.014731e-02 
 1.571899e+01  3.014730e-02 
 1.571931e+01  3.014730e-02 
 1.571964e+01  3.014729e-02 
 1.571996e+01  3.014728e-02 
 1.572028e+01  3.014728e-02 
 1.572060e+01  3.014727e-02 
 1.572092e+01  3.014727e-02 
 1.572124e+01  3.014726e-02 
 1.572157e+01  3.014726e-02 
 1.572189e+01  3.014725e-02 
 1.572221e+01  3.014725e-02 
 1.572253e+01  3.014724e-02 
 1.572285e+01  3.014723e-02 
 1.572317e+01  3.014723e-02 
 1.572349e+01  3.014722e-02 
 1.572382e+01  3.014722e-02 
 1.572414e+01  3.014721e-02 
 1.572446e+01  3.014720e-02 
 1.572478e+01  3.014720e-02 
 1.572510e+01  3.014719e-02 
 1.572542e+01  3.014719e-02 
 1.572575e+01  3.014718e-02 
 1.572607e+01  3.014717e-02 
 1.572639e+01  3.014717e-02 
 1.572671e+01  3.014716e-02 
 1.572703e+01  3.014715e-02 
 1.572735e+01  3.014715e-02 
 1.572767e+01  3.014714e-02 
 1.572800e+01  3.014713e-02 
 1.572832e+01  3.014713e-02 
 1.572864e+01  3.014712e-02 
 1.572896e+01  3.014711e-02 
 1.572928e+01  3.014711e-02 
 1.572960e+01  3.014710e-02 
 1.572993e+01  3.014709e-02 
 1.573025e+01  3.014708e-02 
 1.573057e+01  3.014708e-02 
 1.573089e+01  3.014707e-02 
 1.573121e+01  3.014706e-02 
 1.573153e+01  3.014706e-02 
 1.573186e+01  3.014705e-02 
 1.573218e+01  3.014704e-02 
 1.573250e+01  3.014703e-02 
 1.573282e+01  3.014703e-02 
 1.573314e+01  3.014702e-02 
 1.573346e+01  3.014701e-02 
 1.573378e+01  3.014700e-02 
 1.573411e+01  3.014700e-02 
 1.573443e+01  3.014699e-02 
 1.573475e+01  3.014698e-02 
 1.573507e+01  3.014697e-02 
 1.573539e+01  3.014697e-02 
 1.573571e+01  3.014696e-02 
 1.573604e+01  3.014695e-02 
 1.573636e+01  3.014694e-02 
 1.573668e+01  3.014693e-02 
 1.573700e+01  3.014693e-02 
 1.573732e+01  3.014692e-02 
 1.573764e+01  3.014691e-02 
 1.573796e+01  3.014690e-02 
 1.573829e+01  3.014689e-02 
 1.573861e+01  3.014689e-02 
 1.573893e+01  3.014688e-02 
 1.573925e+01  3.014687e-02 
 1.573957e+01  3.014686e-02 
 1.573989e+01  3.014685e-02 
 1.574022e+01  3.014684e-02 
 1.574054e+01  3.014684e-02 
 1.574086e+01  3.014683e-02 
 1.574118e+01  3.014682e-02 
 1.574150e+01  3.014681e-02 
 1.574182e+01  3.014680e-02 
 1.574214e+01  3.014679e-02 
 1.574247e+01  3.014679e-02 
 1.574279e+01  3.014678e-02 
 1.574311e+01  3.014677e-02 
 1.574343e+01  3.014676e-02 
 1.574375e+01  3.014675e-02 
 1.574407e+01  3.014674e-02 
 1.574440e+01  3.014673e-02 
 1.574472e+01  3.014672e-02 
 1.574504e+01  3.014672e-02 
 1.574536e+01  3.014671e-02 
 1.574568e+01  3.014670e-02 
 1.574600e+01  3.014669e-02 
 1.574633e+01  3.014668e-02 
 1.574665e+01  3.014667e-02 
 1.574697e+01  3.014666e-02 
 1.574729e+01  3.014665e-02 
 1.574761e+01  3.014664e-02 
 1.574793e+01  3.014664e-02 
 1.574825e+01  3.014663e-02 
 1.574858e+01  3.014662e-02 
 1.574890e+01  3.014661e-02 
 1.574922e+01  3.014660e-02 
 1.574954e+01  3.014659e-02 
 1.574986e+01  3.014658e-02 
 1.575018e+01  3.014657e-02 
 1.575051e+01  3.014656e-02 
 1.575083e+01  3.014655e-02 
 1.575115e+01  3.014654e-02 
 1.575147e+01  3.014653e-02 
 1.575179e+01  3.014652e-02 
 1.575211e+01  3.014651e-02 
 1.575243e+01  3.014650e-02 
 1.575276e+01  3.014650e-02 
 1.575308e+01  3.014649e-02 
 1.575340e+01  3.014648e-02 
 1.575372e+01  3.014647e-02 
 1.575404e+01  3.014646e-02 
 1.575436e+01  3.014645e-02 
 1.575469e+01  3.014644e-02 
 1.575501e+01  3.014643e-02 
 1.575533e+01  3.014642e-02 
 1.575565e+01  3.014641e-02 
 1.575597e+01  3.014640e-02 
 1.575629e+01  3.014639e-02 
 1.575661e+01  3.014638e-02 
 1.575694e+01  3.014637e-02 
 1.575726e+01  3.014636e-02 
 1.575758e+01  3.014635e-02 
 1.575790e+01  3.014634e-02 
 1.575822e+01  3.014633e-02 
 1.575854e+01  3.014632e-02 
 1.575887e+01  3.014631e-02 
 1.575919e+01  3.014630e-02 
 1.575951e+01  3.014629e-02 
 1.575983e+01  3.014628e-02 
 1.576015e+01  3.014627e-02 
 1.576047e+01  3.014626e-02 
 1.576080e+01  3.014625e-02 
 1.576112e+01  3.014624e-02 
 1.576144e+01  3.014623e-02 
 1.576176e+01  3.014622e-02 
 1.576208e+01  3.014621e-02 
 1.576240e+01  3.014620e-02 
 1.576272e+01  3.014619e-02 
 1.576305e+01  3.014618e-02 
 1.576337e+01  3.014617e-02 
 1.576369e+01  3.014616e-02 
 1.576401e+01  3.014615e-02 
 1.576433e+01  3.014613e-02 
 1.576465e+01  3.014612e-02 
 1.576498e+01  3.014611e-02 
 1.576530e+01  3.014610e-02 
 1.576562e+01  3.014609e-02 
 1.576594e+01  3.014608e-02 
 1.576626e+01  3.014607e-02 
 1.576658e+01  3.014606e-02 
 1.576690e+01  3.014605e-02 
 1.576723e+01  3.014604e-02 
 1.576755e+01  3.014603e-02 
 1.576787e+01  3.014602e-02 
 1.576819e+01  3.014601e-02 
 1.576851e+01  3.014600e-02 
 1.576883e+01  3.014599e-02 
 1.576916e+01  3.014598e-02 
 1.576948e+01  3.014597e-02 
 1.576980e+01  3.014596e-02 
 1.577012e+01  3.014595e-02 
 1.577044e+01  3.014594e-02 
 1.577076e+01  3.014592e-02 
 1.577108e+01  3.014591e-02 
 1.577141e+01  3.014590e-02 
 1.577173e+01  3.014589e-02 
 1.577205e+01  3.014588e-02 
 1.577237e+01  3.014587e-02 
 1.577269e+01  3.014586e-02 
 1.577301e+01  3.014585e-02 
 1.577334e+01  3.014584e-02 
 1.577366e+01  3.014583e-02 
 1.577398e+01  3.014582e-02 
 1.577430e+01  3.014581e-02 
 1.577462e+01  3.014580e-02 
 1.577494e+01  3.014579e-02 
 1.577527e+01  3.014578e-02 
 1.577559e+01  3.014577e-02 
 1.577591e+01  3.014576e-02 
 1.577623e+01  3.014574e-02 
 1.577655e+01  3.014573e-02 
 1.577687e+01  3.014572e-02 
 1.577719e+01  3.014571e-02 
 1.577752e+01  3.014570e-02 
 1.577784e+01  3.014569e-02 
 1.577816e+01  3.014568e-02 
 1.577848e+01  3.014567e-02 
 1.577880e+01  3.014566e-02 
 1.577912e+01  3.014565e-02 
 1.577945e+01  3.014564e-02 
 1.577977e+01  3.014563e-02 
 1.578009e+01  3.014562e-02 
 1.578041e+01  3.014561e-02 
 1.578073e+01  3.014560e-02 
 1.578105e+01  3.014559e-02 
 1.578137e+01  3.014558e-02 
 1.578170e+01  3.014556e-02 
 1.578202e+01  3.014555e-02 
 1.578234e+01  3.014554e-02 
 1.578266e+01  3.014553e-02 
 1.578298e+01  3.014552e-02 
 1.578330e+01  3.014551e-02 
 1.578363e+01  3.014550e-02 
 1.578395e+01  3.014549e-02 
 1.578427e+01  3.014548e-02 
 1.578459e+01  3.014547e-02 
 1.578491e+01  3.014546e-02 
 1.578523e+01  3.014545e-02 
 1.578555e+01  3.014544e-02 
 1.578588e+01  3.014543e-02 
 1.578620e+01  3.014542e-02 
 1.578652e+01  3.014541e-02 
 1.578684e+01  3.014540e-02 
 1.578716e+01  3.014538e-02 
 1.578748e+01  3.014537e-02 
 1.578781e+01  3.014536e-02 
 1.578813e+01  3.014535e-02 
 1.578845e+01  3.014534e-02 
 1.578877e+01  3.014533e-02 
 1.578909e+01  3.014532e-02 
 1.578941e+01  3.014531e-02 
 1.578974e+01  3.014530e-02 
 1.579006e+01  3.014529e-02 
 1.579038e+01  3.014528e-02 
 1.579070e+01  3.014527e-02 
 1.579102e+01  3.014526e-02 
 1.579134e+01  3.014525e-02 
 1.579166e+01  3.014524e-02 
 1.579199e+01  3.014523e-02 
 1.579231e+01  3.014522e-02 
 1.579263e+01  3.014521e-02 
 1.579295e+01  3.014520e-02 
 1.579327e+01  3.014518e-02 
 1.579359e+01  3.014517e-02 
 1.579392e+01  3.014516e-02 
 1.579424e+01  3.014515e-02 
 1.579456e+01  3.014514e-02 
 1.579488e+01  3.014513e-02 
 1.579520e+01  3.014512e-02 
 1.579552e+01  3.014511e-02 
 1.579584e+01  3.014510e-02 
 1.579617e+01  3.014509e-02 
 1.579649e+01  3.014508e-02 
 1.579681e+01  3.014507e-02 
 1.579713e+01  3.014506e-02 
 1.579745e+01  3.014505e-02 
 1.579777e+01  3.014504e-02 
 1.579810e+01  3.014503e-02 
 1.579842e+01  3.014502e-02 
 1.579874e+01  3.014501e-02 
 1.579906e+01  3.014500e-02 
 1.579938e+01  3.014499e-02 
 1.579970e+01  3.014498e-02 
 1.580002e+01  3.014497e-02 
 1.580035e+01  3.014496e-02 
 1.580067e+01  3.014495e-02 
 1.580099e+01  3.014494e-02 
 1.580131e+01  3.014493e-02 
 1.580163e+01  3.014492e-02 
 1.580195e+01  3.014491e-02 
 1.580228e+01  3.014490e-02 
 1.580260e+01  3.014489e-02 
 1.580292e+01  3.014488e-02 
 1.580324e+01  3.014487e-02 
 1.580356e+01  3.014486e-02 
 1.580388e+01  3.014485e-02 
 1.580421e+01  3.014484e-02 
 1.580453e+01  3.014483e-02 
 1.580485e+01  3.014482e-02 
 1.580517e+01  3.014481e-02 
 1.580549e+01  3.014480e-02 
 1.580581e+01  3.014479e-02 
 1.580613e+01  3.014478e-02 
 1.580646e+01  3.014477e-02 
 1.580678e+01  3.014476e-02 
 1.580710e+01  3.014475e-02 
 1.580742e+01  3.014474e-02 
 1.580774e+01  3.014473e-02 
 1.580806e+01  3.014472e-02 
 1.580839e+01  3.014471e-02 
 1.580871e+01  3.014470e-02 
 1.580903e+01  3.014469e-02 
 1.580935e+01  3.014468e-02 
 1.580967e+01  3.014467e-02 
 1.580999e+01  3.014466e-02 
 1.581031e+01  3.014465e-02 
 1.581064e+01  3.014465e-02 
 1.581096e+01  3.014464e-02 
 1.581128e+01  3.014463e-02 
 1.581160e+01  3.014462e-02 
 1.581192e+01  3.014461e-02 
 1.581224e+01  3.014460e-02 
 1.581257e+01  3.014459e-02 
 1.581289e+01  3.014458e-02 
 1.581321e+01  3.014457e-02 
 1.581353e+01  3.014456e-02 
 1.581385e+01  3.014455e-02 
 1.581417e+01  3.014455e-02 
 1.581450e+01  3.014454e-02 
 1.581482e+01  3.014453e-02 
 1.581514e+01  3.014452e-02 
 1.581546e+01  3.014451e-02 
 1.581578e+01  3.014450e-02 
 1.581610e+01  3.014449e-02 
 1.581642e+01  3.014448e-02 
 1.581675e+01  3.014448e-02 
 1.581707e+01  3.014447e-02 
 1.581739e+01  3.014446e-02 
 1.581771e+01  3.014445e-02 
 1.581803e+01  3.014444e-02 
 1.581835e+01  3.014443e-02 
 1.581868e+01  3.014442e-02 
 1.581900e+01  3.014442e-02 
 1.581932e+01  3.014441e-02 
 1.581964e+01  3.014440e-02 
 1.581996e+01  3.014439e-02 
 1.582028e+01  3.014438e-02 
 1.582060e+01  3.014437e-02 
 1.582093e+01  3.014437e-02 
 1.582125e+01  3.014436e-02 
 1.582157e+01  3.014435e-02 
 1.582189e+01  3.014434e-02 
 1.582221e+01  3.014433e-02 
 1.582253e+01  3.014433e-02 
 1.582286e+01  3.014432e-02 
 1.582318e+01  3.014431e-02 
 1.582350e+01  3.014430e-02 
 1.582382e+01  3.014429e-02 
 1.582414e+01  3.014429e-02 
 1.582446e+01  3.014428e-02 
 1.582478e+01  3.014427e-02 
 1.582511e+01  3.014426e-02 
 1.582543e+01  3.014426e-02 
 1.582575e+01  3.014425e-02 
 1.582607e+01  3.014424e-02 
 1.582639e+01  3.014423e-02 
 1.582671e+01  3.014422e-02 
 1.582704e+01  3.014422e-02 
 1.582736e+01  3.014421e-02 
 1.582768e+01  3.014420e-02 
 1.582800e+01  3.014419e-02 
 1.582832e+01  3.014419e-02 
 1.582864e+01  3.014418e-02 
 1.582897e+01  3.014417e-02 
 1.582929e+01  3.014417e-02 
 1.582961e+01  3.014416e-02 
 1.582993e+01  3.014415e-02 
 1.583025e+01  3.014414e-02 
 1.583057e+01  3.014414e-02 
 1.583089e+01  3.014413e-02 
 1.583122e+01  3.014412e-02 
 1.583154e+01  3.014411e-02 
 1.583186e+01  3.014411e-02 
 1.583218e+01  3.014410e-02 
 1.583250e+01  3.014409e-02 
 1.583282e+01  3.014409e-02 
 1.583315e+01  3.014408e-02 
 1.583347e+01  3.014407e-02 
 1.583379e+01  3.014407e-02 
 1.583411e+01  3.014406e-02 
 1.583443e+01  3.014405e-02 
 1.583475e+01  3.014405e-02 
 1.583507e+01  3.014404e-02 
 1.583540e+01  3.014403e-02 
 1.583572e+01  3.014403e-02 
 1.583604e+01  3.014402e-02 
 1.583636e+01  3.014401e-02 
 1.583668e+01  3.014401e-02 
 1.583700e+01  3.014400e-02 
 1.583733e+01  3.014400e-02 
 1.583765e+01  3.014399e-02 
 1.583797e+01  3.014398e-02 
 1.583829e+01  3.014398e-02 
 1.583861e+01  3.014397e-02 
 1.583893e+01  3.014397e-02 
 1.583925e+01  3.014396e-02 
 1.583958e+01  3.014395e-02 
 1.583990e+01  3.014395e-02 
 1.584022e+01  3.014394e-02 
 1.584054e+01  3.014394e-02 
 1.584086e+01  3.014393e-02 
 1.584118e+01  3.014392e-02 
 1.584151e+01  3.014392e-02 
 1.584183e+01  3.014391e-02 
 1.584215e+01  3.014391e-02 
 1.584247e+01  3.014390e-02 
 1.584279e+01  3.014390e-02 
 1.584311e+01  3.014389e-02 
 1.584344e+01  3.014389e-02 
 1.584376e+01  3.014388e-02 
 1.584408e+01  3.014388e-02 
 1.584440e+01  3.014387e-02 
 1.584472e+01  3.014386e-02 
 1.584504e+01  3.014386e-02 
 1.584536e+01  3.014385e-02 
 1.584569e+01  3.014385e-02 
 1.584601e+01  3.014384e-02 
 1.584633e+01  3.014384e-02 
 1.584665e+01  3.014383e-02 
 1.584697e+01  3.014383e-02 
 1.584729e+01  3.014382e-02 
 1.584762e+01  3.014382e-02 
 1.584794e+01  3.014382e-02 
 1.584826e+01  3.014381e-02 
 1.584858e+01  3.014381e-02 
 1.584890e+01  3.014380e-02 
 1.584922e+01  3.014380e-02 
 1.584954e+01  3.014379e-02 
 1.584987e+01  3.014379e-02 
 1.585019e+01  3.014378e-02 
 1.585051e+01  3.014378e-02 
 1.585083e+01  3.014377e-02 
 1.585115e+01  3.014377e-02 
 1.585147e+01  3.014377e-02 
 1.585180e+01  3.014376e-02 
 1.585212e+01  3.014376e-02 
 1.585244e+01  3.014375e-02 
 1.585276e+01  3.014375e-02 
 1.585308e+01  3.014374e-02 
 1.585340e+01  3.014374e-02 
 1.585372e+01  3.014374e-02 
 1.585405e+01  3.014373e-02 
 1.585437e+01  3.014373e-02 
 1.585469e+01  3.014372e-02 
 1.585501e+01  3.014372e-02 
 1.585533e+01  3.014371e-02 
 1.585565e+01  3.014371e-02 
 1.585598e+01  3.014371e-02 
 1.585630e+01  3.014370e-02 
 1.585662e+01  3.014370e-02 
 1.585694e+01  3.014369e-02 
 1.585726e+01  3.014369e-02 
 1.585758e+01  3.014369e-02 
 1.585791e+01  3.014368e-02 
 1.585823e+01  3.014368e-02 
 1.585855e+01  3.014367e-02 
 1.585887e+01  3.014367e-02 
 1.585919e+01  3.014367e-02 
 1.585951e+01  3.014366e-02 
 1.585983e+01  3.014366e-02 
 1.586016e+01  3.014365e-02 
 1.586048e+01  3.014365e-02 
 1.586080e+01  3.014365e-02 
 1.586112e+01  3.014364e-02 
 1.586144e+01  3.014364e-02 
 1.586176e+01  3.014364e-02 
 1.586209e+01  3.014363e-02 
 1.586241e+01  3.014363e-02 
 1.586273e+01  3.014362e-02 
 1.586305e+01  3.014362e-02 
 1.586337e+01  3.014362e-02 
 1.586369e+01  3.014361e-02 
 1.586401e+01  3.014361e-02 
 1.586434e+01  3.014360e-02 
 1.586466e+01  3.014360e-02 
 1.586498e+01  3.014360e-02 
 1.586530e+01  3.014359e-02 
 1.586562e+01  3.014359e-02 
 1.586594e+01  3.014359e-02 
 1.586627e+01  3.014358e-02 
 1.586659e+01  3.014358e-02 
 1.586691e+01  3.014357e-02 
 1.586723e+01  3.014357e-02 
 1.586755e+01  3.014357e-02 
 1.586787e+01  3.014356e-02 
 1.586819e+01  3.014356e-02 
 1.586852e+01  3.014356e-02 
 1.586884e+01  3.014355e-02 
 1.586916e+01  3.014355e-02 
 1.586948e+01  3.014354e-02 
 1.586980e+01  3.014354e-02 
 1.587012e+01  3.014354e-02 
 1.587045e+01  3.014353e-02 
 1.587077e+01  3.014353e-02 
 1.587109e+01  3.014353e-02 
 1.587141e+01  3.014352e-02 
 1.587173e+01  3.014352e-02 
 1.587205e+01  3.014351e-02 
 1.587238e+01  3.014351e-02 
 1.587270e+01  3.014351e-02 
 1.587302e+01  3.014350e-02 
 1.587334e+01  3.014350e-02 
 1.587366e+01  3.014350e-02 
 1.587398e+01  3.014349e-02 
 1.587430e+01  3.014349e-02 
 1.587463e+01  3.014349e-02 
 1.587495e+01  3.014348e-02 
 1.587527e+01  3.014348e-02 
 1.587559e+01  3.014347e-02 
 1.587591e+01  3.014347e-02 
 1.587623e+01  3.014347e-02 
 1.587656e+01  3.014346e-02 
 1.587688e+01  3.014346e-02 
 1.587720e+01  3.014346e-02 
 1.587752e+01  3.014345e-02 
 1.587784e+01  3.014345e-02 
 1.587816e+01  3.014345e-02 
 1.587848e+01  3.014344e-02 
 1.587881e+01  3.014344e-02 
 1.587913e+01  3.014344e-02 
 1.587945e+01  3.014343e-02 
 1.587977e+01  3.014343e-02 
 1.588009e+01  3.014343e-02 
 1.588041e+01  3.014342e-02 
 1.588074e+01  3.014342e-02 
 1.588106e+01  3.014342e-02 
 1.588138e+01  3.014341e-02 
 1.588170e+01  3.014341e-02 
 1.588202e+01  3.014341e-02 
 1.588234e+01  3.014340e-02 
 1.588266e+01  3.014340e-02 
 1.588299e+01  3.014340e-02 
 1.588331e+01  3.014340e-02 
 1.588363e+01  3.014339e-02 
 1.588395e+01  3.014339e-02 
 1.588427e+01  3.014339e-02 
 1.588459e+01  3.014338e-02 
 1.588492e+01  3.014338e-02 
 1.588524e+01  3.014338e-02 
 1.588556e+01  3.014338e-02 
 1.588588e+01  3.014337e-02 
 1.588620e+01  3.014337e-02 
 1.588652e+01  3.014337e-02 
 1.588685e+01  3.014336e-02 
 1.588717e+01  3.014336e-02 
 1.588749e+01  3.014336e-02 
 1.588781e+01  3.014336e-02 
 1.588813e+01  3.014335e-02 
 1.588845e+01  3.014335e-02 
 1.588877e+01  3.014335e-02 
 1.588910e+01  3.014335e-02 
 1.588942e+01  3.014335e-02 
 1.588974e+01  3.014334e-02 
 1.589006e+01  3.014334e-02 
 1.589038e+01  3.014334e-02 
 1.589070e+01  3.014334e-02 
 1.589103e+01  3.014333e-02 
 1.589135e+01  3.014333e-02 
 1.589167e+01  3.014333e-02 
 1.589199e+01  3.014333e-02 
 1.589231e+01  3.014333e-02 
 1.589263e+01  3.014332e-02 
 1.589295e+01  3.014332e-02 
 1.589328e+01  3.014332e-02 
 1.589360e+01  3.014332e-02 
 1.589392e+01  3.014332e-02 
 1.589424e+01  3.014332e-02 
 1.589456e+01  3.014331e-02 
 1.589488e+01  3.014331e-02 
 1.589521e+01  3.014331e-02 
 1.589553e+01  3.014331e-02 
 1.589585e+01  3.014331e-02 
 1.589617e+01  3.014331e-02 
 1.589649e+01  3.014331e-02 
 1.589681e+01  3.014330e-02 
 1.589713e+01  3.014330e-02 
 1.589746e+01  3.014330e-02 
 1.589778e+01  3.014330e-02 
 1.589810e+01  3.014330e-02 
 1.589842e+01  3.014330e-02 
 1.589874e+01  3.014330e-02 
 1.589906e+01  3.014330e-02 
 1.589939e+01  3.014330e-02 
 1.589971e+01  3.014330e-02 
 1.590003e+01  3.014329e-02 
 1.590035e+01  3.014329e-02 
 1.590067e+01  3.014329e-02 
 1.590099e+01  3.014329e-02 
 1.590132e+01  3.014329e-02 
 1.590164e+01  3.014329e-02 
 1.590196e+01  3.014329e-02 
 1.590228e+01  3.014329e-02 
 1.590260e+01  3.014329e-02 
 1.590292e+01  3.014329e-02 
 1.590324e+01  3.014329e-02 
 1.590357e+01  3.014329e-02 
 1.590389e+01  3.014329e-02 
 1.590421e+01  3.014329e-02 
 1.590453e+01  3.014329e-02 
 1.590485e+01  3.014329e-02 
 1.590517e+01  3.014329e-02 
 1.590550e+01  3.014329e-02 
 1.590582e+01  3.014329e-02 
 1.590614e+01  3.014329e-02 
 1.590646e+01  3.014329e-02 
 1.590678e+01  3.014329e-02 
 1.590710e+01  3.014329e-02 
 1.590742e+01  3.014329e-02 
 1.590775e+01  3.014329e-02 
 1.590807e+01  3.014329e-02 
 1.590839e+01  3.014329e-02 
 1.590871e+01  3.014329e-02 
 1.590903e+01  3.014329e-02 
 1.590935e+01  3.014329e-02 
 1.590968e+01  3.014329e-02 
 1.591000e+01  3.014329e-02 
 1.591032e+01  3.014329e-02 
 1.591064e+01  3.014329e-02 
 1.591096e+01  3.014329e-02 
 1.591128e+01  3.014329e-02 
 1.591161e+01  3.014329e-02 
 1.591193e+01  3.014329e-02 
 1.591225e+01  3.014329e-02 
 1.591257e+01  3.014330e-02 
 1.591289e+01  3.014330e-02 
 1.591321e+01  3.014330e-02 
 1.591353e+01  3.014330e-02 
 1.591386e+01  3.014330e-02 
 1.591418e+01  3.014330e-02 
 1.591450e+01  3.014330e-02 
 1.591482e+01  3.014330e-02 
 1.591514e+01  3.014330e-02 
 1.591546e+01  3.014330e-02 
 1.591579e+01  3.014330e-02 
 1.591611e+01  3.014330e-02 
 1.591643e+01  3.014330e-02 
 1.591675e+01  3.014330e-02 
 1.591707e+01  3.014331e-02 
 1.591739e+01  3.014331e-02 
 1.591771e+01  3.014331e-02 
 1.591804e+01  3.014331e-02 
 1.591836e+01  3.014331e-02 
 1.591868e+01  3.014331e-02 
 1.591900e+01  3.014331e-02 
 1.591932e+01  3.014331e-02 
 1.591964e+01  3.014331e-02 
 1.591997e+01  3.014331e-02 
 1.592029e+01  3.014331e-02 
 1.592061e+01  3.014332e-02 
 1.592093e+01  3.014332e-02 
 1.592125e+01  3.014332e-02 
 1.592157e+01  3.014332e-02 
 1.592189e+01  3.014332e-02 
 1.592222e+01  3.014332e-02 
 1.592254e+01  3.014332e-02 
 1.592286e+01  3.014332e-02 
 1.592318e+01  3.014332e-02 
 1.592350e+01  3.014332e-02 
 1.592382e+01  3.014332e-02 
 1.592415e+01  3.014333e-02 
 1.592447e+01  3.014333e-02 
 1.592479e+01  3.014333e-02 
 1.592511e+01  3.014333e-02 
 1.592543e+01  3.014333e-02 
 1.592575e+01  3.014333e-02 
 1.592608e+01  3.014333e-02 
 1.592640e+01  3.014333e-02 
 1.592672e+01  3.014333e-02 
 1.592704e+01  3.014333e-02 
 1.592736e+01  3.014333e-02 
 1.592768e+01  3.014333e-02 
 1.592800e+01  3.014333e-02 
 1.592833e+01  3.014334e-02 
 1.592865e+01  3.014334e-02 
 1.592897e+01  3.014334e-02 
 1.592929e+01  3.014334e-02 
 1.592961e+01  3.014334e-02 
 1.592993e+01  3.014334e-02 
 1.593026e+01  3.014334e-02 
 1.593058e+01  3.014334e-02 
 1.593090e+01  3.014334e-02 
 1.593122e+01  3.014334e-02 
 1.593154e+01  3.014334e-02 
 1.593186e+01  3.014334e-02 
 1.593218e+01  3.014334e-02 
 1.593251e+01  3.014334e-02 
 1.593283e+01  3.014335e-02 
 1.593315e+01  3.014335e-02 
 1.593347e+01  3.014335e-02 
 1.593379e+01  3.014335e-02 
 1.593411e+01  3.014335e-02 
 1.593444e+01  3.014335e-02 
 1.593476e+01  3.014335e-02 
 1.593508e+01  3.014335e-02 
 1.593540e+01  3.014335e-02 
 1.593572e+01  3.014335e-02 
 1.593604e+01  3.014335e-02 
 1.593636e+01  3.014335e-02 
 1.593669e+01  3.014335e-02 
 1.593701e+01  3.014335e-02 
 1.593733e+01  3.014335e-02 
 1.593765e+01  3.014335e-02 
 1.593797e+01  3.014335e-02 
 1.593829e+01  3.014335e-02 
 1.593862e+01  3.014335e-02 
 1.593894e+01  3.014335e-02 
 1.593926e+01  3.014336e-02 
 1.593958e+01  3.014336e-02 
 1.593990e+01  3.014336e-02 
 1.594022e+01  3.014336e-02 
 1.594055e+01  3.014336e-02 
 1.594087e+01  3.014336e-02 
 1.594119e+01  3.014336e-02 
 1.594151e+01  3.014336e-02 
 1.594183e+01  3.014336e-02 
 1.594215e+01  3.014336e-02 
 1.594247e+01  3.014336e-02 
 1.594280e+01  3.014336e-02 
 1.594312e+01  3.014336e-02 
 1.594344e+01  3.014336e-02 
 1.594376e+01  3.014336e-02 
 1.594408e+01  3.014336e-02 
 1.594440e+01  3.014336e-02 
 1.594473e+01  3.014336e-02 
 1.594505e+01  3.014336e-02 
 1.594537e+01  3.014336e-02 
 1.594569e+01  3.014336e-02 
 1.594601e+01  3.014336e-02 
 1.594633e+01  3.014336e-02 
 1.594665e+01  3.014336e-02 
 1.594698e+01  3.014336e-02 
 1.594730e+01  3.014336e-02 
 1.594762e+01  3.014336e-02 
 1.594794e+01  3.014336e-02 
 1.594826e+01  3.014337e-02 
 1.594858e+01  3.014337e-02 
 1.594891e+01  3.014337e-02 
 1.594923e+01  3.014337e-02 
 1.594955e+01  3.014337e-02 
 1.594987e+01  3.014337e-02 
 1.595019e+01  3.014337e-02 
 1.595051e+01  3.014337e-02 
 1.595083e+01  3.014337e-02 
 1.595116e+01  3.014337e-02 
 1.595148e+01  3.014337e-02 
 1.595180e+01  3.014337e-02 
 1.595212e+01  3.014337e-02 
 1.595244e+01  3.014337e-02 
 1.595276e+01  3.014337e-02 
 1.595309e+01  3.014337e-02 
 1.595341e+01  3.014337e-02 
 1.595373e+01  3.014337e-02 
 1.595405e+01  3.014337e-02 
 1.595437e+01  3.014337e-02 
 1.595469e+01  3.014338e-02 
 1.595502e+01  3.014338e-02 
 1.595534e+01  3.014338e-02 
 1.595566e+01  3.014338e-02 
 1.595598e+01  3.014338e-02 
 1.595630e+01  3.014338e-02 
 1.595662e+01  3.014338e-02 
 1.595694e+01  3.014338e-02 
 1.595727e+01  3.014338e-02 
 1.595759e+01  3.014338e-02 
 1.595791e+01  3.014338e-02 
 1.595823e+01  3.014338e-02 
 1.595855e+01  3.014339e-02 
 1.595887e+01  3.014339e-02 
 1.595920e+01  3.014339e-02 
 1.595952e+01  3.014339e-02 
 1.595984e+01  3.014339e-02 
 1.596016e+01  3.014339e-02 
 1.596048e+01  3.014339e-02 
 1.596080e+01  3.014339e-02 
 1.596112e+01  3.014339e-02 
 1.596145e+01  3.014340e-02 
 1.596177e+01  3.014340e-02 
 1.596209e+01  3.014340e-02 
 1.596241e+01  3.014340e-02 
 1.596273e+01  3.014340e-02 
 1.596305e+01  3.014340e-02 
 1.596338e+01  3.014340e-02 
 1.596370e+01  3.014340e-02 
 1.596402e+01  3.014341e-02 
 1.596434e+01  3.014341e-02 
 1.596466e+01  3.014341e-02 
 1.596498e+01  3.014341e-02 
 1.596530e+01  3.014341e-02 
 1.596563e+01  3.014341e-02 
 1.596595e+01  3.014342e-02 
 1.596627e+01  3.014342e-02 
 1.596659e+01  3.014342e-02 
 1.596691e+01  3.014342e-02 
 1.596723e+01  3.014342e-02 
 1.596756e+01  3.014342e-02 
 1.596788e+01  3.014343e-02 
 1.596820e+01  3.014343e-02 
 1.596852e+01  3.014343e-02 
 1.596884e+01  3.014343e-02 
 1.596916e+01  3.014343e-02 
 1.596949e+01  3.014343e-02 
 1.596981e+01  3.014344e-02 
 1.597013e+01  3.014344e-02 
 1.597045e+01  3.014344e-02 
 1.597077e+01  3.014344e-02 
 1.597109e+01  3.014344e-02 
 1.597141e+01  3.014345e-02 
 1.597174e+01  3.014345e-02 
 1.597206e+01  3.014345e-02 
 1.597238e+01  3.014345e-02 
 1.597270e+01  3.014345e-02 
 1.597302e+01  3.014346e-02 
 1.597334e+01  3.014346e-02 
 1.597367e+01  3.014346e-02 
 1.597399e+01  3.014346e-02 
 1.597431e+01  3.014347e-02 
 1.597463e+01  3.014347e-02 
 1.597495e+01  3.014347e-02 
 1.597527e+01  3.014347e-02 
 1.597559e+01  3.014347e-02 
 1.597592e+01  3.014348e-02 
 1.597624e+01  3.014348e-02 
 1.597656e+01  3.014348e-02 
 1.597688e+01  3.014348e-02 
 1.597720e+01  3.014349e-02 
 1.597752e+01  3.014349e-02 
 1.597785e+01  3.014349e-02 
 1.597817e+01  3.014349e-02 
 1.597849e+01  3.014350e-02 
 1.597881e+01  3.014350e-02 
 1.597913e+01  3.014350e-02 
 1.597945e+01  3.014350e-02 
 1.597977e+01  3.014351e-02 
 1.598010e+01  3.014351e-02 
 1.598042e+01  3.014351e-02 
 1.598074e+01  3.014351e-02 
 1.598106e+01  3.014352e-02 
 1.598138e+01  3.014352e-02 
 1.598170e+01  3.014352e-02 
 1.598203e+01  3.014352e-02 
 1.598235e+01  3.014353e-02 
 1.598267e+01  3.014353e-02 
 1.598299e+01  3.014353e-02 
 1.598331e+01  3.014353e-02 
 1.598363e+01  3.014354e-02 
 1.598396e+01  3.014354e-02 
 1.598428e+01  3.014354e-02 
 1.598460e+01  3.014354e-02 
 1.598492e+01  3.014355e-02 
 1.598524e+01  3.014355e-02 
 1.598556e+01  3.014355e-02 
 1.598588e+01  3.014356e-02 
 1.598621e+01  3.014356e-02 
 1.598653e+01  3.014356e-02 
 1.598685e+01  3.014356e-02 
 1.598717e+01  3.014357e-02 
 1.598749e+01  3.014357e-02 
 1.598781e+01  3.014357e-02 
 1.598814e+01  3.014358e-02 
 1.598846e+01  3.014358e-02 
 1.598878e+01  3.014358e-02 
 1.598910e+01  3.014359e-02 
 1.598942e+01  3.014359e-02 
 1.598974e+01  3.014359e-02 
 1.599006e+01  3.014359e-02 
 1.599039e+01  3.014360e-02 
 1.599071e+01  3.014360e-02 
 1.599103e+01  3.014360e-02 
 1.599135e+01  3.014361e-02 
 1.599167e+01  3.014361e-02 
 1.599199e+01  3.014361e-02 
 1.599232e+01  3.014362e-02 
 1.599264e+01  3.014362e-02 
 1.599296e+01  3.014362e-02 
 1.599328e+01  3.014363e-02 
 1.599360e+01  3.014363e-02 
 1.599392e+01  3.014363e-02 
 1.599424e+01  3.014364e-02 
 1.599457e+01  3.014364e-02 
 1.599489e+01  3.014364e-02 
 1.599521e+01  3.014365e-02 
 1.599553e+01  3.014365e-02 
 1.599585e+01  3.014365e-02 
 1.599617e+01  3.014366e-02 
 1.599650e+01  3.014366e-02 
 1.599682e+01  3.014366e-02 
 1.599714e+01  3.014367e-02 
 1.599746e+01  3.014367e-02 
 1.599778e+01  3.014367e-02 
 1.599810e+01  3.014368e-02 
 1.599843e+01  3.014368e-02 
 1.599875e+01  3.014368e-02 
 1.599907e+01  3.014369e-02 
 1.599939e+01  3.014369e-02 
 1.599971e+01  3.014370e-02 
 1.600003e+01  3.014370e-02 
 1.600035e+01  3.014370e-02 
 1.600068e+01  3.014371e-02 
 1.600100e+01  3.014371e-02 
 1.600132e+01  3.014371e-02 
 1.600164e+01  3.014372e-02 
 1.600196e+01  3.014372e-02 
 1.600228e+01  3.014373e-02 
 1.600261e+01  3.014373e-02 
 1.600293e+01  3.014373e-02 
 1.600325e+01  3.014374e-02 
 1.600357e+01  3.014374e-02 
 1.600389e+01  3.014375e-02 
 1.600421e+01  3.014375e-02 
 1.600453e+01  3.014375e-02 
 1.600486e+01  3.014376e-02 
 1.600518e+01  3.014376e-02 
 1.600550e+01  3.014377e-02 
 1.600582e+01  3.014377e-02 
 1.600614e+01  3.014378e-02 
 1.600646e+01  3.014378e-02 
 1.600679e+01  3.014378e-02 
 1.600711e+01  3.014379e-02 
 1.600743e+01  3.014379e-02 
 1.600775e+01  3.014380e-02 
 1.600807e+01  3.014380e-02 
 1.600839e+01  3.014381e-02 
 1.600871e+01  3.014381e-02 
 1.600904e+01  3.014382e-02 
 1.600936e+01  3.014382e-02 
 1.600968e+01  3.014383e-02 
 1.601000e+01  3.014383e-02 
 1.601032e+01  3.014384e-02 
 1.601064e+01  3.014384e-02 
 1.601097e+01  3.014384e-02 
 1.601129e+01  3.014385e-02 
 1.601161e+01  3.014385e-02 
 1.601193e+01  3.014386e-02 
 1.601225e+01  3.014386e-02 
 1.601257e+01  3.014387e-02 
 1.601290e+01  3.014387e-02 
 1.601322e+01  3.014388e-02 
 1.601354e+01  3.014389e-02 
 1.601386e+01  3.014389e-02 
 1.601418e+01  3.014390e-02 
 1.601450e+01  3.014390e-02 
 1.601482e+01  3.014391e-02 
 1.601515e+01  3.014391e-02 
 1.601547e+01  3.014392e-02 
 1.601579e+01  3.014392e-02 
 1.601611e+01  3.014393e-02 
 1.601643e+01  3.014393e-02 
 1.601675e+01  3.014394e-02 
 1.601708e+01  3.014394e-02 
 1.601740e+01  3.014395e-02 
 1.601772e+01  3.014396e-02 
 1.601804e+01  3.014396e-02 
 1.601836e+01  3.014397e-02 
 1.601868e+01  3.014397e-02 
 1.601900e+01  3.014398e-02 
 1.601933e+01  3.014398e-02 
 1.601965e+01  3.014399e-02 
 1.601997e+01  3.014400e-02 
 1.602029e+01  3.014400e-02 
 1.602061e+01  3.014401e-02 
 1.602093e+01  3.014401e-02 
 1.602126e+01  3.014402e-02 
 1.602158e+01  3.014403e-02 
 1.602190e+01  3.014403e-02 
 1.602222e+01  3.014404e-02 
 1.602254e+01  3.014404e-02 
 1.602286e+01  3.014405e-02 
 1.602319e+01  3.014406e-02 
 1.602351e+01  3.014406e-02 
 1.602383e+01  3.014407e-02 
 1.602415e+01  3.014407e-02 
 1.602447e+01  3.014408e-02 
 1.602479e+01  3.014409e-02 
 1.602511e+01  3.014409e-02 
 1.602544e+01  3.014410e-02 
 1.602576e+01  3.014411e-02 
 1.602608e+01  3.014411e-02 
 1.602640e+01  3.014412e-02 
 1.602672e+01  3.014412e-02 
 1.602704e+01  3.014413e-02 
 1.602737e+01  3.014414e-02 
 1.602769e+01  3.014414e-02 
 1.602801e+01  3.014415e-02 
 1.602833e+01  3.014416e-02 
 1.602865e+01  3.014416e-02 
 1.602897e+01  3.014417e-02 
 1.602929e+01  3.014418e-02 
 1.602962e+01  3.014418e-02 
 1.602994e+01  3.014419e-02 
 1.603026e+01  3.014420e-02 
 1.603058e+01  3.014420e-02 
 1.603090e+01  3.014421e-02 
 1.603122e+01  3.014422e-02 
 1.603155e+01  3.014422e-02 
 1.603187e+01  3.014423e-02 
 1.603219e+01  3.014424e-02 
 1.603251e+01  3.014424e-02 
 1.603283e+01  3.014425e-02 
 1.603315e+01  3.014426e-02 
 1.603347e+01  3.014426e-02 
 1.603380e+01  3.014427e-02 
 1.603412e+01  3.014428e-02 
 1.603444e+01  3.014428e-02 
 1.603476e+01  3.014429e-02 
 1.603508e+01  3.014430e-02 
 1.603540e+01  3.014430e-02 
 1.603573e+01  3.014431e-02 
 1.603605e+01  3.014432e-02 
 1.603637e+01  3.014432e-02 
 1.603669e+01  3.014433e-02 
 1.603701e+01  3.014434e-02 
 1.603733e+01  3.014434e-02 
 1.603766e+01  3.014435e-02 
 1.603798e+01  3.014436e-02 
 1.603830e+01  3.014437e-02 
 1.603862e+01  3.014437e-02 
 1.603894e+01  3.014438e-02 
 1.603926e+01  3.014439e-02 
 1.603958e+01  3.014439e-02 
 1.603991e+01  3.014440e-02 
 1.604023e+01  3.014441e-02 
 1.604055e+01  3.014441e-02 
 1.604087e+01  3.014442e-02 
 1.604119e+01  3.014443e-02 
 1.604151e+01  3.014444e-02 
 1.604184e+01  3.014444e-02 
 1.604216e+01  3.014445e-02 
 1.604248e+01  3.014446e-02 
 1.604280e+01  3.014446e-02 
 1.604312e+01  3.014447e-02 
 1.604344e+01  3.014448e-02 
 1.604376e+01  3.014449e-02 
 1.604409e+01  3.014449e-02 
 1.604441e+01  3.014450e-02 
 1.604473e+01  3.014451e-02 
 1.604505e+01  3.014452e-02 
 1.604537e+01  3.014452e-02 
 1.604569e+01  3.014453e-02 
 1.604602e+01  3.014454e-02 
 1.604634e+01  3.014455e-02 
 1.604666e+01  3.014455e-02 
 1.604698e+01  3.014456e-02 
 1.604730e+01  3.014457e-02 
 1.604762e+01  3.014457e-02 
 1.604794e+01  3.014458e-02 
 1.604827e+01  3.014459e-02 
 1.604859e+01  3.014460e-02 
 1.604891e+01  3.014460e-02 
 1.604923e+01  3.014461e-02 
 1.604955e+01  3.014462e-02 
 1.604987e+01  3.014463e-02 
 1.605020e+01  3.014463e-02 
 1.605052e+01  3.014464e-02 
 1.605084e+01  3.014465e-02 
 1.605116e+01  3.014466e-02 
 1.605148e+01  3.014466e-02 
 1.605180e+01  3.014467e-02 
 1.605213e+01  3.014468e-02 
 1.605245e+01  3.014469e-02 
 1.605277e+01  3.014470e-02 
 1.605309e+01  3.014470e-02 
 1.605341e+01  3.014471e-02 
 1.605373e+01  3.014472e-02 
 1.605405e+01  3.014473e-02 
 1.605438e+01  3.014473e-02 
 1.605470e+01  3.014474e-02 
 1.605502e+01  3.014475e-02 
 1.605534e+01  3.014476e-02 
 1.605566e+01  3.014477e-02 
 1.605598e+01  3.014477e-02 
 1.605631e+01  3.014478e-02 
 1.605663e+01  3.014479e-02 
 1.605695e+01  3.014480e-02 
 1.605727e+01  3.014481e-02 
 1.605759e+01  3.014481e-02 
 1.605791e+01  3.014482e-02 
 1.605823e+01  3.014483e-02 
 1.605856e+01  3.014484e-02 
 1.605888e+01  3.014485e-02 
 1.605920e+01  3.014485e-02 
 1.605952e+01  3.014486e-02 
 1.605984e+01  3.014487e-02 
 1.606016e+01  3.014488e-02 
 1.606049e+01  3.014489e-02 
 1.606081e+01  3.014489e-02 
 1.606113e+01  3.014490e-02 
 1.606145e+01  3.014491e-02 
 1.606177e+01  3.014492e-02 
 1.606209e+01  3.014493e-02 
 1.606241e+01  3.014494e-02 
 1.606274e+01  3.014495e-02 
 1.606306e+01  3.014495e-02 
 1.606338e+01  3.014496e-02 
 1.606370e+01  3.014497e-02 
 1.606402e+01  3.014498e-02 
 1.606434e+01  3.014499e-02 
 1.606467e+01  3.014500e-02 
 1.606499e+01  3.014501e-02 
 1.606531e+01  3.014501e-02 
 1.606563e+01  3.014502e-02 
 1.606595e+01  3.014503e-02 
 1.606627e+01  3.014504e-02 
 1.606660e+01  3.014505e-02 
 1.606692e+01  3.014506e-02 
 1.606724e+01  3.014507e-02 
 1.606756e+01  3.014508e-02 
 1.606788e+01  3.014509e-02 
 1.606820e+01  3.014509e-02 
 1.606852e+01  3.014510e-02 
 1.606885e+01  3.014511e-02 
 1.606917e+01  3.014512e-02 
 1.606949e+01  3.014513e-02 
 1.606981e+01  3.014514e-02 
 1.607013e+01  3.014515e-02 
 1.607045e+01  3.014516e-02 
 1.607078e+01  3.014517e-02 
 1.607110e+01  3.014518e-02 
 1.607142e+01  3.014519e-02 
 1.607174e+01  3.014520e-02 
 1.607206e+01  3.014521e-02 
 1.607238e+01  3.014522e-02 
 1.607270e+01  3.014522e-02 
 1.607303e+01  3.014523e-02 
 1.607335e+01  3.014524e-02 
 1.607367e+01  3.014525e-02 
 1.607399e+01  3.014526e-02 
 1.607431e+01  3.014527e-02 
 1.607463e+01  3.014528e-02 
 1.607496e+01  3.014529e-02 
 1.607528e+01  3.014530e-02 
 1.607560e+01  3.014531e-02 
 1.607592e+01  3.014532e-02 
 1.607624e+01  3.014533e-02 
 1.607656e+01  3.014534e-02 
 1.607688e+01  3.014535e-02 
 1.607721e+01  3.014536e-02 
 1.607753e+01  3.014537e-02 
 1.607785e+01  3.014538e-02 
 1.607817e+01  3.014539e-02 
 1.607849e+01  3.014540e-02 
 1.607881e+01  3.014541e-02 
 1.607914e+01  3.014542e-02 
 1.607946e+01  3.014543e-02 
 1.607978e+01  3.014544e-02 
 1.608010e+01  3.014545e-02 
 1.608042e+01  3.014546e-02 
 1.608074e+01  3.014547e-02 
 1.608107e+01  3.014548e-02 
 1.608139e+01  3.014549e-02 
 1.608171e+01  3.014550e-02 
 1.608203e+01  3.014551e-02 
 1.608235e+01  3.014552e-02 
 1.608267e+01  3.014553e-02 
 1.608299e+01  3.014554e-02 
 1.608332e+01  3.014555e-02 
 1.608364e+01  3.014556e-02 
 1.608396e+01  3.014557e-02 
 1.608428e+01  3.014558e-02 
 1.608460e+01  3.014559e-02 
 1.608492e+01  3.014560e-02 
 1.608525e+01  3.014561e-02 
 1.608557e+01  3.014562e-02 
 1.608589e+01  3.014563e-02 
 1.608621e+01  3.014564e-02 
 1.608653e+01  3.014565e-02 
 1.608685e+01  3.014566e-02 
 1.608717e+01  3.014567e-02 
 1.608750e+01  3.014568e-02 
 1.608782e+01  3.014569e-02 
 1.608814e+01  3.014570e-02 
 1.608846e+01  3.014571e-02 
 1.608878e+01  3.014572e-02 
 1.608910e+01  3.014573e-02 
 1.608943e+01  3.014574e-02 
 1.608975e+01  3.014575e-02 
 1.609007e+01  3.014576e-02 
 1.609039e+01  3.014577e-02 
 1.609071e+01  3.014578e-02 
 1.609103e+01  3.014579e-02 
 1.609135e+01  3.014580e-02 
 1.609168e+01  3.014581e-02 
 1.609200e+01  3.014582e-02 
 1.609232e+01  3.014583e-02 
 1.609264e+01  3.014584e-02 
 1.609296e+01  3.014585e-02 
 1.609328e+01  3.014586e-02 
 1.609361e+01  3.014587e-02 
 1.609393e+01  3.014588e-02 
 1.609425e+01  3.014589e-02 
 1.609457e+01  3.014590e-02 
 1.609489e+01  3.014591e-02 
 1.609521e+01  3.014592e-02 
 1.609554e+01  3.014593e-02 
 1.609586e+01  3.014594e-02 
 1.609618e+01  3.014595e-02 
 1.609650e+01  3.014596e-02 
 1.609682e+01  3.014597e-02 
 1.609714e+01  3.014598e-02 
 1.609746e+01  3.014599e-02 
 1.609779e+01  3.014600e-02 
 1.609811e+01  3.014601e-02 
 1.609843e+01  3.014602e-02 
 1.609875e+01  3.014603e-02 
 1.609907e+01  3.014604e-02 
 1.609939e+01  3.014605e-02 
 1.609972e+01  3.014606e-02 
 1.610004e+01  3.014607e-02 
 1.610036e+01  3.014608e-02 
 1.610068e+01  3.014609e-02 
 1.610100e+01  3.014610e-02 
 1.610132e+01  3.014611e-02 
 1.610164e+01  3.014612e-02 
 1.610197e+01  3.014613e-02 
 1.610229e+01  3.014614e-02 
 1.610261e+01  3.014615e-02 
 1.610293e+01  3.014616e-02 
 1.610325e+01  3.014617e-02 
 1.610357e+01  3.014618e-02 
 1.610390e+01  3.014619e-02 
 1.610422e+01  3.014620e-02 
 1.610454e+01  3.014621e-02 
 1.610486e+01  3.014622e-02 
 1.610518e+01  3.014623e-02 
 1.610550e+01  3.014624e-02 
 1.610582e+01  3.014625e-02 
 1.610615e+01  3.014626e-02 
 1.610647e+01  3.014627e-02 
 1.610679e+01  3.014628e-02 
 1.610711e+01  3.014629e-02 
 1.610743e+01  3.014630e-02 
 1.610775e+01  3.014631e-02 
 1.610808e+01  3.014632e-02 
 1.610840e+01  3.014633e-02 
 1.610872e+01  3.014634e-02 
 1.610904e+01  3.014635e-02 
 1.610936e+01  3.014636e-02 
 1.610968e+01  3.014637e-02 
 1.611001e+01  3.014638e-02 
 1.611033e+01  3.014639e-02 
 1.611065e+01  3.014640e-02 
 1.611097e+01  3.014641e-02 
 1.611129e+01  3.014642e-02 
 1.611161e+01  3.014643e-02 
 1.611193e+01  3.014644e-02 
 1.611226e+01  3.014645e-02 
 1.611258e+01  3.014646e-02 
 1.611290e+01  3.014647e-02 
 1.611322e+01  3.014648e-02 
 1.611354e+01  3.014649e-02 
 1.611386e+01  3.014650e-02 
 1.611419e+01  3.014651e-02 
 1.611451e+01  3.014652e-02 
 1.611483e+01  3.014653e-02 
 1.611515e+01  3.014654e-02 
 1.611547e+01  3.014655e-02 
 1.611579e+01  3.014656e-02 
 1.611611e+01  3.014657e-02 
 1.611644e+01  3.014658e-02 
 1.611676e+01  3.014659e-02 
 1.611708e+01  3.014660e-02 
 1.611740e+01  3.014661e-02 
 1.611772e+01  3.014662e-02 
 1.611804e+01  3.014663e-02 
 1.611837e+01  3.014664e-02 
 1.611869e+01  3.014665e-02 
 1.611901e+01  3.014665e-02 
 1.611933e+01  3.014666e-02 
 1.611965e+01  3.014667e-02 
 1.611997e+01  3.014668e-02 
 1.612029e+01  3.014669e-02 
 1.612062e+01  3.014670e-02 
 1.612094e+01  3.014671e-02 
 1.612126e+01  3.014672e-02 
 1.612158e+01  3.014673e-02 
 1.612190e+01  3.014674e-02 
 1.612222e+01  3.014675e-02 
 1.612255e+01  3.014676e-02 
 1.612287e+01  3.014677e-02 
 1.612319e+01  3.014678e-02 
 1.612351e+01  3.014679e-02 
 1.612383e+01  3.014680e-02 
 1.612415e+01  3.014681e-02 
 1.612448e+01  3.014682e-02 
 1.612480e+01  3.014683e-02 
 1.612512e+01  3.014684e-02 
 1.612544e+01  3.014685e-02 
 1.612576e+01  3.014686e-02 
 1.612608e+01  3.014687e-02 
 1.612640e+01  3.014688e-02 
 1.612673e+01  3.014689e-02 
 1.612705e+01  3.014690e-02 
 1.612737e+01  3.014691e-02 
 1.612769e+01  3.014692e-02 
 1.612801e+01  3.014693e-02 
 1.612833e+01  3.014694e-02 
 1.612866e+01  3.014695e-02 
 1.612898e+01  3.014696e-02 
 1.612930e+01  3.014697e-02 
 1.612962e+01  3.014698e-02 
 1.612994e+01  3.014698e-02 
 1.613026e+01  3.014699e-02 
 1.613058e+01  3.014700e-02 
 1.613091e+01  3.014701e-02 
 1.613123e+01  3.014702e-02 
 1.613155e+01  3.014703e-02 
 1.613187e+01  3.014704e-02 
 1.613219e+01  3.014705e-02 
 1.613251e+01  3.014706e-02 
 1.613284e+01  3.014707e-02 
 1.613316e+01  3.014708e-02 
 1.613348e+01  3.014709e-02 
 1.613380e+01  3.014710e-02 
 1.613412e+01  3.014711e-02 
 1.613444e+01  3.014711e-02 
 1.613477e+01  3.014712e-02 
 1.613509e+01  3.014713e-02 
 1.613541e+01  3.014714e-02 
 1.613573e+01  3.014715e-02 
 1.613605e+01  3.014716e-02 
 1.613637e+01  3.014717e-02 
 1.613669e+01  3.014718e-02 
 1.613702e+01  3.014719e-02 
 1.613734e+01  3.014719e-02 
 1.613766e+01  3.014720e-02 
 1.613798e+01  3.014721e-02 
 1.613830e+01  3.014722e-02 
 1.613862e+01  3.014723e-02 
 1.613895e+01  3.014724e-02 
 1.613927e+01  3.014725e-02 
 1.613959e+01  3.014725e-02 
 1.613991e+01  3.014726e-02 
 1.614023e+01  3.014727e-02 
 1.614055e+01  3.014728e-02 
 1.614087e+01  3.014729e-02 
 1.614120e+01  3.014729e-02 
 1.614152e+01  3.014730e-02 
 1.614184e+01  3.014731e-02 
 1.614216e+01  3.014732e-02 
 1.614248e+01  3.014733e-02 
 1.614280e+01  3.014733e-02 
 1.614313e+01  3.014734e-02 
 1.614345e+01  3.014735e-02 
 1.614377e+01  3.014736e-02 
 1.614409e+01  3.014736e-02 
 1.614441e+01  3.014737e-02 
 1.614473e+01  3.014738e-02 
 1.614505e+01  3.014739e-02 
 1.614538e+01  3.014739e-02 
 1.614570e+01  3.014740e-02 
 1.614602e+01  3.014741e-02 
 1.614634e+01  3.014741e-02 
 1.614666e+01  3.014742e-02 
 1.614698e+01  3.014743e-02 
 1.614731e+01  3.014744e-02 
 1.614763e+01  3.014744e-02 
 1.614795e+01  3.014745e-02 
 1.614827e+01  3.014746e-02 
 1.614859e+01  3.014746e-02 
 1.614891e+01  3.014747e-02 
 1.614924e+01  3.014748e-02 
 1.614956e+01  3.014748e-02 
 1.614988e+01  3.014749e-02 
 1.615020e+01  3.014750e-02 
 1.615052e+01  3.014750e-02 
 1.615084e+01  3.014751e-02 
 1.615116e+01  3.014751e-02 
 1.615149e+01  3.014752e-02 
 1.615181e+01  3.014753e-02 
 1.615213e+01  3.014753e-02 
 1.615245e+01  3.014754e-02 
 1.615277e+01  3.014754e-02 
 1.615309e+01  3.014755e-02 
 1.615342e+01  3.014756e-02 
 1.615374e+01  3.014756e-02 
 1.615406e+01  3.014757e-02 
 1.615438e+01  3.014757e-02 
 1.615470e+01  3.014758e-02 
 1.615502e+01  3.014759e-02 
 1.615534e+01  3.014759e-02 
 1.615567e+01  3.014760e-02 
 1.615599e+01  3.014760e-02 
 1.615631e+01  3.014761e-02 
 1.615663e+01  3.014761e-02 
 1.615695e+01  3.014762e-02 
 1.615727e+01  3.014762e-02 
 1.615760e+01  3.014763e-02 
 1.615792e+01  3.014763e-02 
 1.615824e+01  3.014764e-02 
 1.615856e+01  3.014764e-02 
 1.615888e+01  3.014765e-02 
 1.615920e+01  3.014766e-02 
 1.615952e+01  3.014766e-02 
 1.615985e+01  3.014767e-02 
 1.616017e+01  3.014767e-02 
 1.616049e+01  3.014768e-02 
 1.616081e+01  3.014768e-02 
 1.616113e+01  3.014769e-02 
 1.616145e+01  3.014769e-02 
 1.616178e+01  3.014770e-02 
 1.616210e+01  3.014770e-02 
 1.616242e+01  3.014771e-02 
 1.616274e+01  3.014771e-02 
 1.616306e+01  3.014772e-02 
 1.616338e+01  3.014772e-02 
 1.616371e+01  3.014773e-02 
 1.616403e+01  3.014773e-02 
 1.616435e+01  3.014774e-02 
 1.616467e+01  3.014774e-02 
 1.616499e+01  3.014774e-02 
 1.616531e+01  3.014775e-02 
 1.616563e+01  3.014775e-02 
 1.616596e+01  3.014776e-02 
 1.616628e+01  3.014776e-02 
 1.616660e+01  3.014777e-02 
 1.616692e+01  3.014777e-02 
 1.616724e+01  3.014778e-02 
 1.616756e+01  3.014778e-02 
 1.616789e+01  3.014779e-02 
 1.616821e+01  3.014779e-02 
 1.616853e+01  3.014780e-02 
 1.616885e+01  3.014780e-02 
 1.616917e+01  3.014781e-02 
 1.616949e+01  3.014781e-02 
 1.616981e+01  3.014782e-02 
 1.617014e+01  3.014782e-02 
 1.617046e+01  3.014782e-02 
 1.617078e+01  3.014783e-02 
 1.617110e+01  3.014783e-02 
 1.617142e+01  3.014784e-02 
 1.617174e+01  3.014784e-02 
 1.617207e+01  3.014785e-02 
 1.617239e+01  3.014785e-02 
 1.617271e+01  3.014786e-02 
 1.617303e+01  3.014786e-02 
 1.617335e+01  3.014786e-02 
 1.617367e+01  3.014787e-02 
 1.617399e+01  3.014787e-02 
 1.617432e+01  3.014788e-02 
 1.617464e+01  3.014788e-02 
 1.617496e+01  3.014789e-02 
 1.617528e+01  3.014789e-02 
 1.617560e+01  3.014790e-02 
 1.617592e+01  3.014790e-02 
 1.617625e+01  3.014790e-02 
 1.617657e+01  3.014791e-02 
 1.617689e+01  3.014791e-02 
 1.617721e+01  3.014792e-02 
 1.617753e+01  3.014792e-02 
 1.617785e+01  3.014793e-02 
 1.617818e+01  3.014793e-02 
 1.617850e+01  3.014793e-02 
 1.617882e+01  3.014794e-02 
 1.617914e+01  3.014794e-02 
 1.617946e+01  3.014795e-02 
 1.617978e+01  3.014795e-02 
 1.618010e+01  3.014795e-02 
 1.618043e+01  3.014796e-02 
 1.618075e+01  3.014796e-02 
 1.618107e+01  3.014796e-02 
 1.618139e+01  3.014797e-02 
 1.618171e+01  3.014797e-02 
 1.618203e+01  3.014798e-02 
 1.618236e+01  3.014798e-02 
 1.618268e+01  3.014798e-02 
 1.618300e+01  3.014799e-02 
 1.618332e+01  3.014799e-02 
 1.618364e+01  3.014799e-02 
 1.618396e+01  3.014800e-02 
 1.618428e+01  3.014800e-02 
 1.618461e+01  3.014800e-02 
 1.618493e+01  3.014801e-02 
 1.618525e+01  3.014801e-02 
 1.618557e+01  3.014801e-02 
 1.618589e+01  3.014802e-02 
 1.618621e+01  3.014802e-02 
 1.618654e+01  3.014802e-02 
 1.618686e+01  3.014803e-02 
 1.618718e+01  3.014803e-02 
 1.618750e+01  3.014803e-02 
 1.618782e+01  3.014803e-02 
 1.618814e+01  3.014804e-02 
 1.618846e+01  3.014804e-02 
 1.618879e+01  3.014804e-02 
 1.618911e+01  3.014805e-02 
 1.618943e+01  3.014805e-02 
 1.618975e+01  3.014805e-02 
 1.619007e+01  3.014805e-02 
 1.619039e+01  3.014806e-02 
 1.619072e+01  3.014806e-02 
 1.619104e+01  3.014806e-02 
 1.619136e+01  3.014806e-02 
 1.619168e+01  3.014806e-02 
 1.619200e+01  3.014807e-02 
 1.619232e+01  3.014807e-02 
 1.619265e+01  3.014807e-02 
 1.619297e+01  3.014807e-02 
 1.619329e+01  3.014808e-02 
 1.619361e+01  3.014808e-02 
 1.619393e+01  3.014808e-02 
 1.619425e+01  3.014808e-02 
 1.619457e+01  3.014808e-02 
 1.619490e+01  3.014808e-02 
 1.619522e+01  3.014809e-02 
 1.619554e+01  3.014809e-02 
 1.619586e+01  3.014809e-02 
 1.619618e+01  3.014809e-02 
 1.619650e+01  3.014809e-02 
 1.619683e+01  3.014809e-02 
 1.619715e+01  3.014809e-02 
 1.619747e+01  3.014810e-02 
 1.619779e+01  3.014810e-02 
 1.619811e+01  3.014810e-02 
 1.619843e+01  3.014810e-02 
 1.619875e+01  3.014810e-02 
 1.619908e+01  3.014810e-02 
 1.619940e+01  3.014810e-02 
 1.619972e+01  3.014810e-02 
 1.620004e+01  3.014810e-02 
 1.620036e+01  3.014810e-02 
 1.620068e+01  3.014811e-02 
 1.620101e+01  3.014811e-02 
 1.620133e+01  3.014811e-02 
 1.620165e+01  3.014811e-02 
 1.620197e+01  3.014811e-02 
 1.620229e+01  3.014811e-02 
 1.620261e+01  3.014811e-02 
 1.620293e+01  3.014811e-02 
 1.620326e+01  3.014811e-02 
 1.620358e+01  3.014811e-02 
 1.620390e+01  3.014811e-02 
 1.620422e+01  3.014811e-02 
 1.620454e+01  3.014811e-02 
 1.620486e+01  3.014811e-02 
 1.620519e+01  3.014811e-02 
 1.620551e+01  3.014811e-02 
 1.620583e+01  3.014811e-02 
 1.620615e+01  3.014811e-02 
 1.620647e+01  3.014811e-02 
 1.620679e+01  3.014811e-02 
 1.620712e+01  3.014811e-02 
 1.620744e+01  3.014811e-02 
 1.620776e+01  3.014811e-02 
 1.620808e+01  3.014811e-02 
 1.620840e+01  3.014811e-02 
 1.620872e+01  3.014811e-02 
 1.620904e+01  3.014811e-02 
 1.620937e+01  3.014811e-02 
 1.620969e+01  3.014811e-02 
 1.621001e+01  3.014811e-02 
 1.621033e+01  3.014811e-02 
 1.621065e+01  3.014811e-02 
 1.621097e+01  3.014811e-02 
 1.621130e+01  3.014811e-02 
 1.621162e+01  3.014811e-02 
 1.621194e+01  3.014811e-02 
 1.621226e+01  3.014811e-02 
 1.621258e+01  3.014811e-02 
 1.621290e+01  3.014811e-02 
 1.621322e+01  3.014811e-02 
 1.621355e+01  3.014811e-02 
 1.621387e+01  3.014811e-02 
 1.621419e+01  3.014811e-02 
 1.621451e+01  3.014811e-02 
 1.621483e+01  3.014810e-02 
 1.621515e+01  3.014810e-02 
 1.621548e+01  3.014810e-02 
 1.621580e+01  3.014810e-02 
 1.621612e+01  3.014810e-02 
 1.621644e+01  3.014810e-02 
 1.621676e+01  3.014810e-02 
 1.621708e+01  3.014810e-02 
 1.621740e+01  3.014810e-02 
 1.621773e+01  3.014810e-02 
 1.621805e+01  3.014810e-02 
 1.621837e+01  3.014809e-02 
 1.621869e+01  3.014809e-02 
 1.621901e+01  3.014809e-02 
 1.621933e+01  3.014809e-02 
 1.621966e+01  3.014809e-02 
 1.621998e+01  3.014809e-02 
 1.622030e+01  3.014809e-02 
 1.622062e+01  3.014809e-02 
 1.622094e+01  3.014808e-02 
 1.622126e+01  3.014808e-02 
 1.622159e+01  3.014808e-02 
 1.622191e+01  3.014808e-02 
 1.622223e+01  3.014808e-02 
 1.622255e+01  3.014808e-02 
 1.622287e+01  3.014807e-02 
 1.622319e+01  3.014807e-02 
 1.622351e+01  3.014807e-02 
 1.622384e+01  3.014807e-02 
 1.622416e+01  3.014807e-02 
 1.622448e+01  3.014806e-02 
 1.622480e+01  3.014806e-02 
 1.622512e+01  3.014806e-02 
 1.622544e+01  3.014806e-02 
 1.622577e+01  3.014806e-02 
 1.622609e+01  3.014805e-02 
 1.622641e+01  3.014805e-02 
 1.622673e+01  3.014805e-02 
 1.622705e+01  3.014805e-02 
 1.622737e+01  3.014804e-02 
 1.622769e+01  3.014804e-02 
 1.622802e+01  3.014804e-02 
 1.622834e+01  3.014804e-02 
 1.622866e+01  3.014803e-02 
 1.622898e+01  3.014803e-02 
 1.622930e+01  3.014803e-02 
 1.622962e+01  3.014802e-02 
 1.622995e+01  3.014802e-02 
 1.623027e+01  3.014802e-02 
 1.623059e+01  3.014802e-02 
 1.623091e+01  3.014801e-02 
 1.623123e+01  3.014801e-02 
 1.623155e+01  3.014801e-02 
 1.623188e+01  3.014800e-02 
 1.623220e+01  3.014800e-02 
 1.623252e+01  3.014800e-02 
 1.623284e+01  3.014799e-02 
 1.623316e+01  3.014799e-02 
 1.623348e+01  3.014799e-02 
 1.623380e+01  3.014798e-02 
 1.623413e+01  3.014798e-02 
 1.623445e+01  3.014798e-02 
 1.623477e+01  3.014797e-02 
 1.623509e+01  3.014797e-02 
 1.623541e+01  3.014796e-02 
 1.623573e+01  3.014796e-02 
 1.623606e+01  3.014796e-02 
 1.623638e+01  3.014795e-02 
 1.623670e+01  3.014795e-02 
 1.623702e+01  3.014794e-02 
 1.623734e+01  3.014794e-02 
 1.623766e+01  3.014794e-02 
 1.623798e+01  3.014793e-02 
 1.623831e+01  3.014793e-02 
 1.623863e+01  3.014792e-02 
 1.623895e+01  3.014792e-02 
 1.623927e+01  3.014791e-02 
 1.623959e+01  3.014791e-02 
 1.623991e+01  3.014790e-02 
 1.624024e+01  3.014790e-02 
 1.624056e+01  3.014790e-02 
 1.624088e+01  3.014789e-02 
 1.624120e+01  3.014789e-02 
 1.624152e+01  3.014788e-02 
 1.624184e+01  3.014788e-02 
 1.624216e+01  3.014787e-02 
 1.624249e+01  3.014787e-02 
 1.624281e+01  3.014786e-02 
 1.624313e+01  3.014786e-02 
 1.624345e+01  3.014785e-02 
 1.624377e+01  3.014785e-02 
 1.624409e+01  3.014784e-02 
 1.624442e+01  3.014784e-02 
 1.624474e+01  3.014783e-02 
 1.624506e+01  3.014782e-02 
 1.624538e+01  3.014782e-02 
 1.624570e+01  3.014781e-02 
 1.624602e+01  3.014781e-02 
 1.624635e+01  3.014780e-02 
 1.624667e+01  3.014780e-02 
 1.624699e+01  3.014779e-02 
 1.624731e+01  3.014779e-02 
 1.624763e+01  3.014778e-02 
 1.624795e+01  3.014777e-02 
 1.624827e+01  3.014777e-02 
 1.624860e+01  3.014776e-02 
 1.624892e+01  3.014775e-02 
 1.624924e+01  3.014775e-02 
 1.624956e+01  3.014774e-02 
 1.624988e+01  3.014774e-02 
 1.625020e+01  3.014773e-02 
 1.625053e+01  3.014772e-02 
 1.625085e+01  3.014772e-02 
 1.625117e+01  3.014771e-02 
 1.625149e+01  3.014770e-02 
 1.625181e+01  3.014770e-02 
 1.625213e+01  3.014769e-02 
 1.625245e+01  3.014768e-02 
 1.625278e+01  3.014768e-02 
 1.625310e+01  3.014767e-02 
 1.625342e+01  3.014766e-02 
 1.625374e+01  3.014765e-02 
 1.625406e+01  3.014765e-02 
 1.625438e+01  3.014764e-02 
 1.625471e+01  3.014763e-02 
 1.625503e+01  3.014762e-02 
 1.625535e+01  3.014762e-02 
 1.625567e+01  3.014761e-02 
 1.625599e+01  3.014760e-02 
 1.625631e+01  3.014759e-02 
 1.625663e+01  3.014758e-02 
 1.625696e+01  3.014758e-02 
 1.625728e+01  3.014757e-02 
 1.625760e+01  3.014756e-02 
 1.625792e+01  3.014755e-02 
 1.625824e+01  3.014754e-02 
 1.625856e+01  3.014754e-02 
 1.625889e+01  3.014753e-02 
 1.625921e+01  3.014752e-02 
 1.625953e+01  3.014751e-02 
 1.625985e+01  3.014750e-02 
 1.626017e+01  3.014749e-02 
 1.626049e+01  3.014748e-02 
 1.626082e+01  3.014747e-02 
 1.626114e+01  3.014747e-02 
 1.626146e+01  3.014746e-02 
 1.626178e+01  3.014745e-02 
 1.626210e+01  3.014744e-02 
 1.626242e+01  3.014743e-02 
 1.626274e+01  3.014742e-02 
 1.626307e+01  3.014741e-02 
 1.626339e+01  3.014740e-02 
 1.626371e+01  3.014739e-02 
 1.626403e+01  3.014738e-02 
 1.626435e+01  3.014737e-02 
 1.626467e+01  3.014736e-02 
 1.626500e+01  3.014735e-02 
 1.626532e+01  3.014734e-02 
 1.626564e+01  3.014733e-02 
 1.626596e+01  3.014732e-02 
 1.626628e+01  3.014731e-02 
 1.626660e+01  3.014730e-02 
 1.626692e+01  3.014729e-02 
 1.626725e+01  3.014728e-02 
 1.626757e+01  3.014727e-02 
 1.626789e+01  3.014726e-02 
 1.626821e+01  3.014725e-02 
 1.626853e+01  3.014724e-02 
 1.626885e+01  3.014723e-02 
 1.626918e+01  3.014722e-02 
 1.626950e+01  3.014720e-02 
 1.626982e+01  3.014719e-02 
 1.627014e+01  3.014718e-02 
 1.627046e+01  3.014717e-02 
 1.627078e+01  3.014716e-02 
 1.627110e+01  3.014715e-02 
 1.627143e+01  3.014714e-02 
 1.627175e+01  3.014713e-02 
 1.627207e+01  3.014712e-02 
 1.627239e+01  3.014710e-02 
 1.627271e+01  3.014709e-02 
 1.627303e+01  3.014708e-02 
 1.627336e+01  3.014707e-02 
 1.627368e+01  3.014706e-02 
 1.627400e+01  3.014705e-02 
 1.627432e+01  3.014704e-02 
 1.627464e+01  3.014702e-02 
 1.627496e+01  3.014701e-02 
 1.627529e+01  3.014700e-02 
 1.627561e+01  3.014699e-02 
 1.627593e+01  3.014698e-02 
 1.627625e+01  3.014697e-02 
 1.627657e+01  3.014695e-02 
 1.627689e+01  3.014694e-02 
 1.627721e+01  3.014693e-02 
 1.627754e+01  3.014692e-02 
 1.627786e+01  3.014691e-02 
 1.627818e+01  3.014689e-02 
 1.627850e+01  3.014688e-02 
 1.627882e+01  3.014687e-02 
 1.627914e+01  3.014686e-02 
 1.627947e+01  3.014685e-02 
 1.627979e+01  3.014683e-02 
 1.628011e+01  3.014682e-02 
 1.628043e+01  3.014681e-02 
 1.628075e+01  3.014680e-02 
 1.628107e+01  3.014678e-02 
 1.628139e+01  3.014677e-02 
 1.628172e+01  3.014676e-02 
 1.628204e+01  3.014675e-02 
 1.628236e+01  3.014673e-02 
 1.628268e+01  3.014672e-02 
 1.628300e+01  3.014671e-02 
 1.628332e+01  3.014670e-02 
 1.628365e+01  3.014668e-02 
 1.628397e+01  3.014667e-02 
 1.628429e+01  3.014666e-02 
 1.628461e+01  3.014665e-02 
 1.628493e+01  3.014663e-02 
 1.628525e+01  3.014662e-02 
 1.628557e+01  3.014661e-02 
 1.628590e+01  3.014660e-02 
 1.628622e+01  3.014658e-02 
 1.628654e+01  3.014657e-02 
 1.628686e+01  3.014656e-02 
 1.628718e+01  3.014655e-02 
 1.628750e+01  3.014653e-02 
 1.628783e+01  3.014652e-02 
 1.628815e+01  3.014651e-02 
 1.628847e+01  3.014650e-02 
 1.628879e+01  3.014648e-02 
 1.628911e+01  3.014647e-02 
 1.628943e+01  3.014646e-02 
 1.628976e+01  3.014644e-02 
 1.629008e+01  3.014643e-02 
 1.629040e+01  3.014642e-02 
 1.629072e+01  3.014641e-02 
 1.629104e+01  3.014639e-02 
 1.629136e+01  3.014638e-02 
 1.629168e+01  3.014637e-02 
 1.629201e+01  3.014635e-02 
 1.629233e+01  3.014634e-02 
 1.629265e+01  3.014633e-02 
 1.629297e+01  3.014632e-02 
 1.629329e+01  3.014630e-02 
 1.629361e+01  3.014629e-02 
 1.629394e+01  3.014628e-02 
 1.629426e+01  3.014626e-02 
 1.629458e+01  3.014625e-02 
 1.629490e+01  3.014624e-02 
 1.629522e+01  3.014623e-02 
 1.629554e+01  3.014621e-02 
 1.629586e+01  3.014620e-02 
 1.629619e+01  3.014619e-02 
 1.629651e+01  3.014617e-02 
 1.629683e+01  3.014616e-02 
 1.629715e+01  3.014615e-02 
 1.629747e+01  3.014613e-02 
 1.629779e+01  3.014612e-02 
 1.629812e+01  3.014611e-02 
 1.629844e+01  3.014609e-02 
 1.629876e+01  3.014608e-02 
 1.629908e+01  3.014607e-02 
 1.629940e+01  3.014606e-02 
 1.629972e+01  3.014604e-02 
 1.630004e+01  3.014603e-02 
 1.630037e+01  3.014602e-02 
 1.630069e+01  3.014600e-02 
 1.630101e+01  3.014599e-02 
 1.630133e+01  3.014598e-02 
 1.630165e+01  3.014596e-02 
 1.630197e+01  3.014595e-02 
 1.630230e+01  3.014594e-02 
 1.630262e+01  3.014592e-02 
 1.630294e+01  3.014591e-02 
 1.630326e+01  3.014590e-02 
 1.630358e+01  3.014588e-02 
 1.630390e+01  3.014587e-02 
 1.630423e+01  3.014586e-02 
 1.630455e+01  3.014584e-02 
 1.630487e+01  3.014583e-02 
 1.630519e+01  3.014581e-02 
 1.630551e+01  3.014580e-02 
 1.630583e+01  3.014579e-02 
 1.630615e+01  3.014577e-02 
 1.630648e+01  3.014576e-02 
 1.630680e+01  3.014575e-02 
 1.630712e+01  3.014573e-02 
 1.630744e+01  3.014572e-02 
 1.630776e+01  3.014571e-02 
 1.630808e+01  3.014569e-02 
 1.630841e+01  3.014568e-02 
 1.630873e+01  3.014566e-02 
 1.630905e+01  3.014565e-02 
 1.630937e+01  3.014564e-02 
 1.630969e+01  3.014562e-02 
 1.631001e+01  3.014561e-02 
 1.631033e+01  3.014559e-02 
 1.631066e+01  3.014558e-02 
 1.631098e+01  3.014557e-02 
 1.631130e+01  3.014555e-02 
 1.631162e+01  3.014554e-02 
 1.631194e+01  3.014553e-02 
 1.631226e+01  3.014551e-02 
 1.631259e+01  3.014550e-02 
 1.631291e+01  3.014548e-02 
 1.631323e+01  3.014547e-02 
 1.631355e+01  3.014545e-02 
 1.631387e+01  3.014544e-02 
 1.631419e+01  3.014543e-02 
 1.631451e+01  3.014541e-02 
 1.631484e+01  3.014540e-02 
 1.631516e+01  3.014538e-02 
 1.631548e+01  3.014537e-02 
 1.631580e+01  3.014536e-02 
 1.631612e+01  3.014534e-02 
 1.631644e+01  3.014533e-02 
 1.631677e+01  3.014531e-02 
 1.631709e+01  3.014530e-02 
 1.631741e+01  3.014529e-02 
 1.631773e+01  3.014527e-02 
 1.631805e+01  3.014526e-02 
 1.631837e+01  3.014524e-02 
 1.631870e+01  3.014523e-02 
 1.631902e+01  3.014522e-02 
 1.631934e+01  3.014520e-02 
 1.631966e+01  3.014519e-02 
 1.631998e+01  3.014517e-02 
 1.632030e+01  3.014516e-02 
 1.632062e+01  3.014515e-02 
 1.632095e+01  3.014513e-02 
 1.632127e+01  3.014512e-02 
 1.632159e+01  3.014510e-02 
 1.632191e+01  3.014509e-02 
 1.632223e+01  3.014508e-02 
 1.632255e+01  3.014506e-02 
 1.632288e+01  3.014505e-02 
 1.632320e+01  3.014503e-02 
 1.632352e+01  3.014502e-02 
 1.632384e+01  3.014501e-02 
 1.632416e+01  3.014499e-02 
 1.632448e+01  3.014498e-02 
 1.632480e+01  3.014496e-02 
 1.632513e+01  3.014495e-02 
 1.632545e+01  3.014494e-02 
 1.632577e+01  3.014492e-02 
 1.632609e+01  3.014491e-02 
 1.632641e+01  3.014490e-02 
 1.632673e+01  3.014488e-02 
 1.632706e+01  3.014487e-02 
 1.632738e+01  3.014486e-02 
 1.632770e+01  3.014484e-02 
 1.632802e+01  3.014483e-02 
 1.632834e+01  3.014481e-02 
 1.632866e+01  3.014480e-02 
 1.632899e+01  3.014479e-02 
 1.632931e+01  3.014477e-02 
 1.632963e+01  3.014476e-02 
 1.632995e+01  3.014475e-02 
 1.633027e+01  3.014474e-02 
 1.633059e+01  3.014472e-02 
 1.633091e+01  3.014471e-02 
 1.633124e+01  3.014470e-02 
 1.633156e+01  3.014468e-02 
 1.633188e+01  3.014467e-02 
 1.633220e+01  3.014466e-02 
 1.633252e+01  3.014464e-02 
 1.633284e+01  3.014463e-02 
 1.633317e+01  3.014462e-02 
 1.633349e+01  3.014460e-02 
 1.633381e+01  3.014459e-02 
 1.633413e+01  3.014458e-02 
 1.633445e+01  3.014457e-02 
 1.633477e+01  3.014455e-02 
 1.633509e+01  3.014454e-02 
 1.633542e+01  3.014453e-02 
 1.633574e+01  3.014452e-02 
 1.633606e+01  3.014450e-02 
 1.633638e+01  3.014449e-02 
 1.633670e+01  3.014448e-02 
 1.633702e+01  3.014447e-02 
 1.633735e+01  3.014446e-02 
 1.633767e+01  3.014444e-02 
 1.633799e+01  3.014443e-02 
 1.633831e+01  3.014442e-02 
 1.633863e+01  3.014441e-02 
 1.633895e+01  3.014440e-02 
 1.633927e+01  3.014438e-02 
 1.633960e+01  3.014437e-02 
 1.633992e+01  3.014436e-02 
 1.634024e+01  3.014435e-02 
 1.634056e+01  3.014434e-02 
 1.634088e+01  3.014433e-02 
 1.634120e+01  3.014431e-02 
 1.634153e+01  3.014430e-02 
 1.634185e+01  3.014429e-02 
 1.634217e+01  3.014428e-02 
 1.634249e+01  3.014427e-02 
 1.634281e+01  3.014426e-02 
 1.634313e+01  3.014425e-02 
 1.634346e+01  3.014424e-02 
 1.634378e+01  3.014422e-02 
 1.634410e+01  3.014421e-02 
 1.634442e+01  3.014420e-02 
 1.634474e+01  3.014419e-02 
 1.634506e+01  3.014418e-02 
 1.634538e+01  3.014417e-02 
 1.634571e+01  3.014416e-02 
 1.634603e+01  3.014415e-02 
 1.634635e+01  3.014414e-02 
 1.634667e+01  3.014413e-02 
 1.634699e+01  3.014412e-02 
 1.634731e+01  3.014411e-02 
 1.634764e+01  3.014410e-02 
 1.634796e+01  3.014409e-02 
 1.634828e+01  3.014408e-02 
 1.634860e+01  3.014407e-02 
 1.634892e+01  3.014406e-02 
 1.634924e+01  3.014405e-02 
 1.634956e+01  3.014404e-02 
 1.634989e+01  3.014403e-02 
 1.635021e+01  3.014402e-02 
 1.635053e+01  3.014401e-02 
 1.635085e+01  3.014400e-02 
 1.635117e+01  3.014399e-02 
 1.635149e+01  3.014398e-02 
 1.635182e+01  3.014397e-02 
 1.635214e+01  3.014396e-02 
 1.635246e+01  3.014395e-02 
 1.635278e+01  3.014394e-02 
 1.635310e+01  3.014393e-02 
 1.635342e+01  3.014392e-02 
 1.635374e+01  3.014391e-02 
 1.635407e+01  3.014391e-02 
 1.635439e+01  3.014390e-02 
 1.635471e+01  3.014389e-02 
 1.635503e+01  3.014388e-02 
 1.635535e+01  3.014387e-02 
 1.635567e+01  3.014386e-02 
 1.635600e+01  3.014385e-02 
 1.635632e+01  3.014384e-02 
 1.635664e+01  3.014384e-02 
 1.635696e+01  3.014383e-02 
 1.635728e+01  3.014382e-02 
 1.635760e+01  3.014381e-02 
 1.635793e+01  3.014380e-02 
 1.635825e+01  3.014379e-02 
 1.635857e+01  3.014378e-02 
 1.635889e+01  3.014378e-02 
 1.635921e+01  3.014377e-02 
 1.635953e+01  3.014376e-02 
 1.635985e+01  3.014375e-02 
 1.636018e+01  3.014374e-02 
 1.636050e+01  3.014374e-02 
 1.636082e+01  3.014373e-02 
 1.636114e+01  3.014372e-02 
 1.636146e+01  3.014371e-02 
 1.636178e+01  3.014370e-02 
 1.636211e+01  3.014370e-02 
 1.636243e+01  3.014369e-02 
 1.636275e+01  3.014368e-02 
 1.636307e+01  3.014367e-02 
 1.636339e+01  3.014367e-02 
 1.636371e+01  3.014366e-02 
 1.636403e+01  3.014365e-02 
 1.636436e+01  3.014364e-02 
 1.636468e+01  3.014364e-02 
 1.636500e+01  3.014363e-02 
 1.636532e+01  3.014362e-02 
 1.636564e+01  3.014361e-02 
 1.636596e+01  3.014361e-02 
 1.636629e+01  3.014360e-02 
 1.636661e+01  3.014359e-02 
 1.636693e+01  3.014359e-02 
 1.636725e+01  3.014358e-02 
 1.636757e+01  3.014357e-02 
 1.636789e+01  3.014356e-02 
 1.636821e+01  3.014356e-02 
 1.636854e+01  3.014355e-02 
 1.636886e+01  3.014354e-02 
 1.636918e+01  3.014354e-02 
 1.636950e+01  3.014353e-02 
 1.636982e+01  3.014352e-02 
 1.637014e+01  3.014352e-02 
 1.637047e+01  3.014351e-02 
 1.637079e+01  3.014350e-02 
 1.637111e+01  3.014349e-02 
 1.637143e+01  3.014349e-02 
 1.637175e+01  3.014348e-02 
 1.637207e+01  3.014347e-02 
 1.637240e+01  3.014347e-02 
 1.637272e+01  3.014346e-02 
 1.637304e+01  3.014345e-02 
 1.637336e+01  3.014345e-02 
 1.637368e+01  3.014344e-02 
 1.637400e+01  3.014343e-02 
 1.637432e+01  3.014343e-02 
 1.637465e+01  3.014342e-02 
 1.637497e+01  3.014341e-02 
 1.637529e+01  3.014341e-02 
 1.637561e+01  3.014340e-02 
 1.637593e+01  3.014339e-02 
 1.637625e+01  3.014339e-02 
 1.637658e+01  3.014338e-02 
 1.637690e+01  3.014338e-02 
 1.637722e+01  3.014337e-02 
 1.637754e+01  3.014336e-02 
 1.637786e+01  3.014336e-02 
 1.637818e+01  3.014335e-02 
 1.637850e+01  3.014334e-02 
 1.637883e+01  3.014334e-02 
 1.637915e+01  3.014333e-02 
 1.637947e+01  3.014332e-02 
 1.637979e+01  3.014332e-02 
 1.638011e+01  3.014331e-02 
 1.638043e+01  3.014330e-02 
 1.638076e+01  3.014330e-02 
 1.638108e+01  3.014329e-02 
 1.638140e+01  3.014328e-02 
 1.638172e+01  3.014328e-02 
 1.638204e+01  3.014327e-02 
 1.638236e+01  3.014327e-02 
 1.638268e+01  3.014326e-02 
 1.638301e+01  3.014325e-02 
 1.638333e+01  3.014325e-02 
 1.638365e+01  3.014324e-02 
 1.638397e+01  3.014323e-02 
 1.638429e+01  3.014323e-02 
 1.638461e+01  3.014322e-02 
 1.638494e+01  3.014322e-02 
 1.638526e+01  3.014321e-02 
 1.638558e+01  3.014320e-02 
 1.638590e+01  3.014320e-02 
 1.638622e+01  3.014319e-02 
 1.638654e+01  3.014318e-02 
 1.638687e+01  3.014318e-02 
 1.638719e+01  3.014317e-02 
 1.638751e+01  3.014317e-02 
 1.638783e+01  3.014316e-02 
 1.638815e+01  3.014315e-02 
 1.638847e+01  3.014315e-02 
 1.638879e+01  3.014314e-02 
 1.638912e+01  3.014314e-02 
 1.638944e+01  3.014313e-02 
 1.638976e+01  3.014312e-02 
 1.639008e+01  3.014312e-02 
 1.639040e+01  3.014311e-02 
 1.639072e+01  3.014311e-02 
 1.639105e+01  3.014310e-02 
 1.639137e+01  3.014309e-02 
 1.639169e+01  3.014309e-02 
 1.639201e+01  3.014308e-02 
 1.639233e+01  3.014308e-02 
 1.639265e+01  3.014307e-02 
 1.639297e+01  3.014306e-02 
 1.639330e+01  3.014306e-02 
 1.639362e+01  3.014305e-02 
 1.639394e+01  3.014305e-02 
 1.639426e+01  3.014304e-02 
 1.639458e+01  3.014304e-02 
 1.639490e+01  3.014303e-02 
 1.639523e+01  3.014303e-02 
 1.639555e+01  3.014302e-02 
 1.639587e+01  3.014301e-02 
 1.639619e+01  3.014301e-02 
 1.639651e+01  3.014300e-02 
 1.639683e+01  3.014300e-02 
 1.639715e+01  3.014299e-02 
 1.639748e+01  3.014299e-02 
 1.639780e+01  3.014298e-02 
 1.639812e+01  3.014298e-02 
 1.639844e+01  3.014297e-02 
 1.639876e+01  3.014297e-02 
 1.639908e+01  3.014296e-02 
 1.639941e+01  3.014296e-02 
 1.639973e+01  3.014295e-02 
 1.640005e+01  3.014295e-02 
 1.640037e+01  3.014294e-02 
 1.640069e+01  3.014294e-02 
 1.640101e+01  3.014293e-02 
 1.640134e+01  3.014293e-02 
 1.640166e+01  3.014292e-02 
 1.640198e+01  3.014292e-02 
 1.640230e+01  3.014292e-02 
 1.640262e+01  3.014291e-02 
 1.640294e+01  3.014291e-02 
 1.640326e+01  3.014290e-02 
 1.640359e+01  3.014290e-02 
 1.640391e+01  3.014289e-02 
 1.640423e+01  3.014289e-02 
 1.640455e+01  3.014289e-02 
 1.640487e+01  3.014288e-02 
 1.640519e+01  3.014288e-02 
 1.640552e+01  3.014287e-02 
 1.640584e+01  3.014287e-02 
 1.640616e+01  3.014287e-02 
 1.640648e+01  3.014286e-02 
 1.640680e+01  3.014286e-02 
 1.640712e+01  3.014285e-02 
 1.640744e+01  3.014285e-02 
 1.640777e+01  3.014285e-02 
 1.640809e+01  3.014284e-02 
 1.640841e+01  3.014284e-02 
 1.640873e+01  3.014284e-02 
 1.640905e+01  3.014283e-02 
 1.640937e+01  3.014283e-02 
 1.640970e+01  3.014283e-02 
 1.641002e+01  3.014282e-02 
 1.641034e+01  3.014282e-02 
 1.641066e+01  3.014282e-02 
 1.641098e+01  3.014281e-02 
 1.641130e+01  3.014281e-02 
 1.641162e+01  3.014281e-02 
 1.641195e+01  3.014280e-02 
 1.641227e+01  3.014280e-02 
 1.641259e+01  3.014280e-02 
 1.641291e+01  3.014279e-02 
 1.641323e+01  3.014279e-02 
 1.641355e+01  3.014279e-02 
 1.641388e+01  3.014279e-02 
 1.641420e+01  3.014278e-02 
 1.641452e+01  3.014278e-02 
 1.641484e+01  3.014278e-02 
 1.641516e+01  3.014278e-02 
 1.641548e+01  3.014277e-02 
 1.641581e+01  3.014277e-02 
 1.641613e+01  3.014277e-02 
 1.641645e+01  3.014277e-02 
 1.641677e+01  3.014277e-02 
 1.641709e+01  3.014276e-02 
 1.641741e+01  3.014276e-02 
 1.641773e+01  3.014276e-02 
 1.641806e+01  3.014276e-02 
 1.641838e+01  3.014276e-02 
 1.641870e+01  3.014275e-02 
 1.641902e+01  3.014275e-02 
 1.641934e+01  3.014275e-02 
 1.641966e+01  3.014275e-02 
 1.641999e+01  3.014275e-02 
 1.642031e+01  3.014275e-02 
 1.642063e+01  3.014275e-02 
 1.642095e+01  3.014274e-02 
 1.642127e+01  3.014274e-02 
 1.642159e+01  3.014274e-02 
 1.642191e+01  3.014274e-02 
 1.642224e+01  3.014274e-02 
 1.642256e+01  3.014274e-02 
 1.642288e+01  3.014274e-02 
 1.642320e+01  3.014274e-02 
 1.642352e+01  3.014274e-02 
 1.642384e+01  3.014274e-02 
 1.642417e+01  3.014273e-02 
 1.642449e+01  3.014273e-02 
 1.642481e+01  3.014273e-02 
 1.642513e+01  3.014273e-02 
 1.642545e+01  3.014273e-02 
 1.642577e+01  3.014273e-02 
 1.642609e+01  3.014273e-02 
 1.642642e+01  3.014273e-02 
 1.642674e+01  3.014273e-02 
 1.642706e+01  3.014273e-02 
 1.642738e+01  3.014273e-02 
 1.642770e+01  3.014273e-02 
 1.642802e+01  3.014273e-02 
 1.642835e+01  3.014273e-02 
 1.642867e+01  3.014273e-02 
 1.642899e+01  3.014273e-02 
 1.642931e+01  3.014274e-02 
 1.642963e+01  3.014274e-02 
 1.642995e+01  3.014274e-02 
 1.643028e+01  3.014274e-02 
 1.643060e+01  3.014274e-02 
 1.643092e+01  3.014274e-02 
 1.643124e+01  3.014274e-02 
 1.643156e+01  3.014274e-02 
 1.643188e+01  3.014274e-02 
 1.643220e+01  3.014274e-02 
 1.643253e+01  3.014275e-02 
 1.643285e+01  3.014275e-02 
 1.643317e+01  3.014275e-02 
 1.643349e+01  3.014275e-02 
 1.643381e+01  3.014275e-02 
 1.643413e+01  3.014275e-02 
 1.643446e+01  3.014276e-02 
 1.643478e+01  3.014276e-02 
 1.643510e+01  3.014276e-02 
 1.643542e+01  3.014276e-02 
 1.643574e+01  3.014276e-02 
 1.643606e+01  3.014277e-02 
 1.643638e+01  3.014277e-02 
 1.643671e+01  3.014277e-02 
 1.643703e+01  3.014277e-02 
 1.643735e+01  3.014278e-02 
 1.643767e+01  3.014278e-02 
 1.643799e+01  3.014278e-02 
 1.643831e+01  3.014278e-02 
 1.643864e+01  3.014279e-02 
 1.643896e+01  3.014279e-02 
 1.643928e+01  3.014279e-02 
 1.643960e+01  3.014280e-02 
 1.643992e+01  3.014280e-02 
 1.644024e+01  3.014280e-02 
 1.644057e+01  3.014280e-02 
 1.644089e+01  3.014281e-02 
 1.644121e+01  3.014281e-02 
 1.644153e+01  3.014282e-02 
 1.644185e+01  3.014282e-02 
 1.644217e+01  3.014282e-02 
 1.644249e+01  3.014283e-02 
 1.644282e+01  3.014283e-02 
 1.644314e+01  3.014283e-02 
 1.644346e+01  3.014284e-02 
 1.644378e+01  3.014284e-02 
 1.644410e+01  3.014285e-02 
 1.644442e+01  3.014285e-02 
 1.644475e+01  3.014286e-02 
 1.644507e+01  3.014286e-02 
 1.644539e+01  3.014286e-02 
 1.644571e+01  3.014287e-02 
 1.644603e+01  3.014287e-02 
 1.644635e+01  3.014288e-02 
 1.644667e+01  3.014288e-02 
 1.644700e+01  3.014289e-02 
 1.644732e+01  3.014289e-02 
 1.644764e+01  3.014290e-02 
 1.644796e+01  3.014290e-02 
 1.644828e+01  3.014291e-02 
 1.644860e+01  3.014291e-02 
 1.644893e+01  3.014292e-02 
 1.644925e+01  3.014292e-02 
 1.644957e+01  3.014293e-02 
 1.644989e+01  3.014293e-02 
 1.645021e+01  3.014294e-02 
 1.645053e+01  3.014295e-02 
 1.645085e+01  3.014295e-02 
 1.645118e+01  3.014296e-02 
 1.645150e+01  3.014296e-02 
 1.645182e+01  3.014297e-02 
 1.645214e+01  3.014298e-02 
 1.645246e+01  3.014298e-02 
 1.645278e+01  3.014299e-02 
 1.645311e+01  3.014299e-02 
 1.645343e+01  3.014300e-02 
 1.645375e+01  3.014301e-02 
 1.645407e+01  3.014301e-02 
 1.645439e+01  3.014302e-02 
 1.645471e+01  3.014303e-02 
 1.645504e+01  3.014303e-02 
 1.645536e+01  3.014304e-02 
 1.645568e+01  3.014305e-02 
 1.645600e+01  3.014305e-02 
 1.645632e+01  3.014306e-02 
 1.645664e+01  3.014307e-02 
 1.645696e+01  3.014307e-02 
 1.645729e+01  3.014308e-02 
 1.645761e+01  3.014309e-02 
 1.645793e+01  3.014309e-02 
 1.645825e+01  3.014310e-02 
 1.645857e+01  3.014311e-02 
 1.645889e+01  3.014312e-02 
 1.645922e+01  3.014312e-02 
 1.645954e+01  3.014313e-02 
 1.645986e+01  3.014314e-02 
 1.646018e+01  3.014315e-02 
 1.646050e+01  3.014315e-02 
 1.646082e+01  3.014316e-02 
 1.646114e+01  3.014317e-02 
 1.646147e+01  3.014318e-02 
 1.646179e+01  3.014318e-02 
 1.646211e+01  3.014319e-02 
 1.646243e+01  3.014320e-02 
 1.646275e+01  3.014321e-02 
 1.646307e+01  3.014321e-02 
 1.646340e+01  3.014322e-02 
 1.646372e+01  3.014323e-02 
 1.646404e+01  3.014324e-02 
 1.646436e+01  3.014325e-02 
 1.646468e+01  3.014325e-02 
 1.646500e+01  3.014326e-02 
 1.646532e+01  3.014327e-02 
 1.646565e+01  3.014328e-02 
 1.646597e+01  3.014329e-02 
 1.646629e+01  3.014329e-02 
 1.646661e+01  3.014330e-02 
 1.646693e+01  3.014331e-02 
 1.646725e+01  3.014332e-02 
 1.646758e+01  3.014333e-02 
 1.646790e+01  3.014333e-02 
 1.646822e+01  3.014334e-02 
 1.646854e+01  3.014335e-02 
 1.646886e+01  3.014336e-02 
 1.646918e+01  3.014337e-02 
 1.646951e+01  3.014338e-02 
 1.646983e+01  3.014338e-02 
 1.647015e+01  3.014339e-02 
 1.647047e+01  3.014340e-02 
 1.647079e+01  3.014341e-02 
 1.647111e+01  3.014342e-02 
 1.647143e+01  3.014343e-02 
 1.647176e+01  3.014343e-02 
 1.647208e+01  3.014344e-02 
 1.647240e+01  3.014345e-02 
 1.647272e+01  3.014346e-02 
 1.647304e+01  3.014347e-02 
 1.647336e+01  3.014348e-02 
 1.647369e+01  3.014348e-02 
 1.647401e+01  3.014349e-02 
 1.647433e+01  3.014350e-02 
 1.647465e+01  3.014351e-02 
 1.647497e+01  3.014352e-02 
 1.647529e+01  3.014353e-02 
 1.647561e+01  3.014353e-02 
 1.647594e+01  3.014354e-02 
 1.647626e+01  3.014355e-02 
 1.647658e+01  3.014356e-02 
 1.647690e+01  3.014357e-02 
 1.647722e+01  3.014358e-02 
 1.647754e+01  3.014358e-02 
 1.647787e+01  3.014359e-02 
 1.647819e+01  3.014360e-02 
 1.647851e+01  3.014361e-02 
 1.647883e+01  3.014362e-02 
 1.647915e+01  3.014363e-02 
 1.647947e+01  3.014363e-02 
 1.647979e+01  3.014364e-02 
 1.648012e+01  3.014365e-02 
 1.648044e+01  3.014366e-02 
 1.648076e+01  3.014367e-02 
 1.648108e+01  3.014368e-02 
 1.648140e+01  3.014368e-02 
 1.648172e+01  3.014369e-02 
 1.648205e+01  3.014370e-02 
 1.648237e+01  3.014371e-02 
 1.648269e+01  3.014372e-02 
 1.648301e+01  3.014372e-02 
 1.648333e+01  3.014373e-02 
 1.648365e+01  3.014374e-02 
 1.648398e+01  3.014375e-02 
 1.648430e+01  3.014376e-02 
 1.648462e+01  3.014376e-02 
 1.648494e+01  3.014377e-02 
 1.648526e+01  3.014378e-02 
 1.648558e+01  3.014379e-02 
 1.648590e+01  3.014380e-02 
 1.648623e+01  3.014380e-02 
 1.648655e+01  3.014381e-02 
 1.648687e+01  3.014382e-02 
 1.648719e+01  3.014383e-02 
 1.648751e+01  3.014384e-02 
 1.648783e+01  3.014384e-02 
 1.648816e+01  3.014385e-02 
 1.648848e+01  3.014386e-02 
 1.648880e+01  3.014387e-02 
 1.648912e+01  3.014388e-02 
 1.648944e+01  3.014388e-02 
 1.648976e+01  3.014389e-02 
 1.649008e+01  3.014390e-02 
 1.649041e+01  3.014391e-02 
 1.649073e+01  3.014392e-02 
 1.649105e+01  3.014392e-02 
 1.649137e+01  3.014393e-02 
 1.649169e+01  3.014394e-02 
 1.649201e+01  3.014395e-02 
 1.649234e+01  3.014396e-02 
 1.649266e+01  3.014396e-02 
 1.649298e+01  3.014397e-02 
 1.649330e+01  3.014398e-02 
 1.649362e+01  3.014399e-02 
 1.649394e+01  3.014399e-02 
 1.649426e+01  3.014400e-02 
 1.649459e+01  3.014401e-02 
 1.649491e+01  3.014402e-02 
 1.649523e+01  3.014403e-02 
 1.649555e+01  3.014403e-02 
 1.649587e+01  3.014404e-02 
 1.649619e+01  3.014405e-02 
 1.649652e+01  3.014406e-02 
 1.649684e+01  3.014407e-02 
 1.649716e+01  3.014407e-02 
 1.649748e+01  3.014408e-02 
 1.649780e+01  3.014409e-02 
 1.649812e+01  3.014410e-02 
 1.649845e+01  3.014411e-02 
 1.649877e+01  3.014411e-02 
 1.649909e+01  3.014412e-02 
 1.649941e+01  3.014413e-02 
 1.649973e+01  3.014414e-02 
 1.650005e+01  3.014415e-02 
 1.650037e+01  3.014416e-02 
 1.650070e+01  3.014416e-02 
 1.650102e+01  3.014417e-02 
 1.650134e+01  3.014418e-02 
 1.650166e+01  3.014419e-02 
 1.650198e+01  3.014420e-02 
 1.650230e+01  3.014420e-02 
 1.650263e+01  3.014421e-02 
 1.650295e+01  3.014422e-02 
 1.650327e+01  3.014423e-02 
 1.650359e+01  3.014424e-02 
 1.650391e+01  3.014425e-02 
 1.650423e+01  3.014425e-02 
 1.650455e+01  3.014426e-02 
 1.650488e+01  3.014427e-02 
 1.650520e+01  3.014428e-02 
 1.650552e+01  3.014429e-02 
 1.650584e+01  3.014429e-02 
 1.650616e+01  3.014430e-02 
 1.650648e+01  3.014431e-02 
 1.650681e+01  3.014432e-02 
 1.650713e+01  3.014433e-02 
 1.650745e+01  3.014434e-02 
 1.650777e+01  3.014434e-02 
 1.650809e+01  3.014435e-02 
 1.650841e+01  3.014436e-02 
 1.650873e+01  3.014437e-02 
 1.650906e+01  3.014438e-02 
 1.650938e+01  3.014439e-02 
 1.650970e+01  3.014439e-02 
 1.651002e+01  3.014440e-02 
 1.651034e+01  3.014441e-02 
 1.651066e+01  3.014442e-02 
 1.651099e+01  3.014443e-02 
 1.651131e+01  3.014444e-02 
 1.651163e+01  3.014444e-02 
 1.651195e+01  3.014445e-02 
 1.651227e+01  3.014446e-02 
 1.651259e+01  3.014447e-02 
 1.651292e+01  3.014448e-02 
 1.651324e+01  3.014449e-02 
 1.651356e+01  3.014449e-02 
 1.651388e+01  3.014450e-02 
 1.651420e+01  3.014451e-02 
 1.651452e+01  3.014452e-02 
 1.651484e+01  3.014453e-02 
 1.651517e+01  3.014454e-02 
 1.651549e+01  3.014454e-02 
 1.651581e+01  3.014455e-02 
 1.651613e+01  3.014456e-02 
 1.651645e+01  3.014457e-02 
 1.651677e+01  3.014458e-02 
 1.651710e+01  3.014459e-02 
 1.651742e+01  3.014459e-02 
 1.651774e+01  3.014460e-02 
 1.651806e+01  3.014461e-02 
 1.651838e+01  3.014462e-02 
 1.651870e+01  3.014463e-02 
 1.651902e+01  3.014464e-02 
 1.651935e+01  3.014464e-02 
 1.651967e+01  3.014465e-02 
 1.651999e+01  3.014466e-02 
 1.652031e+01  3.014467e-02 
 1.652063e+01  3.014468e-02 
 1.652095e+01  3.014469e-02 
 1.652128e+01  3.014469e-02 
 1.652160e+01  3.014470e-02 
 1.652192e+01  3.014471e-02 
 1.652224e+01  3.014472e-02 
 1.652256e+01  3.014473e-02 
 1.652288e+01  3.014474e-02 
 1.652320e+01  3.014474e-02 
 1.652353e+01  3.014475e-02 
 1.652385e+01  3.014476e-02 
 1.652417e+01  3.014477e-02 
 1.652449e+01  3.014478e-02 
 1.652481e+01  3.014478e-02 
 1.652513e+01  3.014479e-02 
 1.652546e+01  3.014480e-02 
 1.652578e+01  3.014481e-02 
 1.652610e+01  3.014482e-02 
 1.652642e+01  3.014482e-02 
 1.652674e+01  3.014483e-02 
 1.652706e+01  3.014484e-02 
 1.652739e+01  3.014485e-02 
 1.652771e+01  3.014486e-02 
 1.652803e+01  3.014486e-02 
 1.652835e+01  3.014487e-02 
 1.652867e+01  3.014488e-02 
 1.652899e+01  3.014489e-02 
 1.652931e+01  3.014490e-02 
 1.652964e+01  3.014490e-02 
 1.652996e+01  3.014491e-02 
 1.653028e+01  3.014492e-02 
 1.653060e+01  3.014493e-02 
 1.653092e+01  3.014494e-02 
 1.653124e+01  3.014494e-02 
 1.653157e+01  3.014495e-02 
 1.653189e+01  3.014496e-02 
 1.653221e+01  3.014497e-02 
 1.653253e+01  3.014498e-02 
 1.653285e+01  3.014498e-02 
 1.653317e+01  3.014499e-02 
 1.653349e+01  3.014500e-02 
 1.653382e+01  3.014501e-02 
 1.653414e+01  3.014501e-02 
 1.653446e+01  3.014502e-02 
 1.653478e+01  3.014503e-02 
 1.653510e+01  3.014504e-02 
 1.653542e+01  3.014504e-02 
 1.653575e+01  3.014505e-02 
 1.653607e+01  3.014506e-02 
 1.653639e+01  3.014507e-02 
 1.653671e+01  3.014507e-02 
 1.653703e+01  3.014508e-02 
 1.653735e+01  3.014509e-02 
 1.653767e+01  3.014510e-02 
 1.653800e+01  3.014510e-02 
 1.653832e+01  3.014511e-02 
 1.653864e+01  3.014512e-02 
 1.653896e+01  3.014513e-02 
 1.653928e+01  3.014513e-02 
 1.653960e+01  3.014514e-02 
 1.653993e+01  3.014515e-02 
 1.654025e+01  3.014515e-02 
 1.654057e+01  3.014516e-02 
 1.654089e+01  3.014517e-02 
 1.654121e+01  3.014517e-02 
 1.654153e+01  3.014518e-02 
 1.654186e+01  3.014519e-02 
 1.654218e+01  3.014519e-02 
 1.654250e+01  3.014520e-02 
 1.654282e+01  3.014521e-02 
 1.654314e+01  3.014521e-02 
 1.654346e+01  3.014522e-02 
 1.654378e+01  3.014523e-02 
 1.654411e+01  3.014523e-02 
 1.654443e+01  3.014524e-02 
 1.654475e+01  3.014525e-02 
 1.654507e+01  3.014525e-02 
 1.654539e+01  3.014526e-02 
 1.654571e+01  3.014527e-02 
 1.654604e+01  3.014527e-02 
 1.654636e+01  3.014528e-02 
 1.654668e+01  3.014528e-02 
 1.654700e+01  3.014529e-02 
 1.654732e+01  3.014530e-02 
 1.654764e+01  3.014530e-02 
 1.654796e+01  3.014531e-02 
 1.654829e+01  3.014531e-02 
 1.654861e+01  3.014532e-02 
 1.654893e+01  3.014532e-02 
 1.654925e+01  3.014533e-02 
 1.654957e+01  3.014534e-02 
 1.654989e+01  3.014534e-02 
 1.655022e+01  3.014535e-02 
 1.655054e+01  3.014535e-02 
 1.655086e+01  3.014536e-02 
 1.655118e+01  3.014536e-02 
 1.655150e+01  3.014537e-02 
 1.655182e+01  3.014537e-02 
 1.655215e+01  3.014538e-02 
 1.655247e+01  3.014538e-02 
 1.655279e+01  3.014539e-02 
 1.655311e+01  3.014539e-02 
 1.655343e+01  3.014540e-02 
 1.655375e+01  3.014540e-02 
 1.655407e+01  3.014541e-02 
 1.655440e+01  3.014541e-02 
 1.655472e+01  3.014542e-02 
 1.655504e+01  3.014542e-02 
 1.655536e+01  3.014543e-02 
 1.655568e+01  3.014543e-02 
 1.655600e+01  3.014544e-02 
 1.655633e+01  3.014544e-02 
 1.655665e+01  3.014545e-02 
 1.655697e+01  3.014545e-02 
 1.655729e+01  3.014545e-02 
 1.655761e+01  3.014546e-02 
 1.655793e+01  3.014546e-02 
 1.655825e+01  3.014547e-02 
 1.655858e+01  3.014547e-02 
 1.655890e+01  3.014548e-02 
 1.655922e+01  3.014548e-02 
 1.655954e+01  3.014548e-02 
 1.655986e+01  3.014549e-02 
 1.656018e+01  3.014549e-02 
 1.656051e+01  3.014550e-02 
 1.656083e+01  3.014550e-02 
 1.656115e+01  3.014550e-02 
 1.656147e+01  3.014551e-02 
 1.656179e+01  3.014551e-02 
 1.656211e+01  3.014551e-02 
 1.656243e+01  3.014552e-02 
 1.656276e+01  3.014552e-02 
 1.656308e+01  3.014552e-02 
 1.656340e+01  3.014553e-02 
 1.656372e+01  3.014553e-02 
 1.656404e+01  3.014553e-02 
 1.656436e+01  3.014554e-02 
 1.656469e+01  3.014554e-02 
 1.656501e+01  3.014554e-02 
 1.656533e+01  3.014555e-02 
 1.656565e+01  3.014555e-02 
 1.656597e+01  3.014555e-02 
 1.656629e+01  3.014556e-02 
 1.656662e+01  3.014556e-02 
 1.656694e+01  3.014556e-02 
 1.656726e+01  3.014557e-02 
 1.656758e+01  3.014557e-02 
 1.656790e+01  3.014557e-02 
 1.656822e+01  3.014558e-02 
 1.656854e+01  3.014558e-02 
 1.656887e+01  3.014558e-02 
 1.656919e+01  3.014558e-02 
 1.656951e+01  3.014559e-02 
 1.656983e+01  3.014559e-02 
 1.657015e+01  3.014559e-02 
 1.657047e+01  3.014560e-02 
 1.657080e+01  3.014560e-02 
 1.657112e+01  3.014560e-02 
 1.657144e+01  3.014560e-02 
 1.657176e+01  3.014561e-02 
 1.657208e+01  3.014561e-02 
 1.657240e+01  3.014561e-02 
 1.657272e+01  3.014561e-02 
 1.657305e+01  3.014562e-02 
 1.657337e+01  3.014562e-02 
 1.657369e+01  3.014562e-02 
 1.657401e+01  3.014562e-02 
 1.657433e+01  3.014563e-02 
 1.657465e+01  3.014563e-02 
 1.657498e+01  3.014563e-02 
 1.657530e+01  3.014563e-02 
 1.657562e+01  3.014564e-02 
 1.657594e+01  3.014564e-02 
 1.657626e+01  3.014564e-02 
 1.657658e+01  3.014564e-02 
 1.657690e+01  3.014565e-02 
 1.657723e+01  3.014565e-02 
 1.657755e+01  3.014565e-02 
 1.657787e+01  3.014565e-02 
 1.657819e+01  3.014566e-02 
 1.657851e+01  3.014566e-02 
 1.657883e+01  3.014566e-02 
 1.657916e+01  3.014566e-02 
 1.657948e+01  3.014566e-02 
 1.657980e+01  3.014567e-02 
 1.658012e+01  3.014567e-02 
 1.658044e+01  3.014567e-02 
 1.658076e+01  3.014567e-02 
 1.658109e+01  3.014568e-02 
 1.658141e+01  3.014568e-02 
 1.658173e+01  3.014568e-02 
 1.658205e+01  3.014568e-02 
 1.658237e+01  3.014568e-02 
 1.658269e+01  3.014569e-02 
 1.658301e+01  3.014569e-02 
 1.658334e+01  3.014569e-02 
 1.658366e+01  3.014569e-02 
 1.658398e+01  3.014569e-02 
 1.658430e+01  3.014570e-02 
 1.658462e+01  3.014570e-02 
 1.658494e+01  3.014570e-02 
 1.658527e+01  3.014570e-02 
 1.658559e+01  3.014570e-02 
 1.658591e+01  3.014570e-02 
 1.658623e+01  3.014571e-02 
 1.658655e+01  3.014571e-02 
 1.658687e+01  3.014571e-02 
 1.658719e+01  3.014571e-02 
 1.658752e+01  3.014571e-02 
 1.658784e+01  3.014571e-02 
 1.658816e+01  3.014572e-02 
 1.658848e+01  3.014572e-02 
 1.658880e+01  3.014572e-02 
 1.658912e+01  3.014572e-02 
 1.658945e+01  3.014572e-02 
 1.658977e+01  3.014572e-02 
 1.659009e+01  3.014572e-02 
 1.659041e+01  3.014573e-02 
 1.659073e+01  3.014573e-02 
 1.659105e+01  3.014573e-02 
 1.659137e+01  3.014573e-02 
 1.659170e+01  3.014573e-02 
 1.659202e+01  3.014573e-02 
 1.659234e+01  3.014573e-02 
 1.659266e+01  3.014573e-02 
 1.659298e+01  3.014574e-02 
 1.659330e+01  3.014574e-02 
 1.659363e+01  3.014574e-02 
 1.659395e+01  3.014574e-02 
 1.659427e+01  3.014574e-02 
 1.659459e+01  3.014574e-02 
 1.659491e+01  3.014574e-02 
 1.659523e+01  3.014574e-02 
 1.659556e+01  3.014574e-02 
 1.659588e+01  3.014574e-02 
 1.659620e+01  3.014575e-02 
 1.659652e+01  3.014575e-02 
 1.659684e+01  3.014575e-02 
 1.659716e+01  3.014575e-02 
 1.659748e+01  3.014575e-02 
 1.659781e+01  3.014575e-02 
 1.659813e+01  3.014575e-02 
 1.659845e+01  3.014575e-02 
 1.659877e+01  3.014575e-02 
 1.659909e+01  3.014575e-02 
 1.659941e+01  3.014575e-02 
 1.659974e+01  3.014575e-02 
 1.660006e+01  3.014575e-02 
 1.660038e+01  3.014575e-02 
 1.660070e+01  3.014576e-02 
 1.660102e+01  3.014576e-02 
 1.660134e+01  3.014576e-02 
 1.660166e+01  3.014576e-02 
 1.660199e+01  3.014576e-02 
 1.660231e+01  3.014576e-02 
 1.660263e+01  3.014576e-02 
 1.660295e+01  3.014576e-02 
 1.660327e+01  3.014576e-02 
 1.660359e+01  3.014576e-02 
 1.660392e+01  3.014576e-02 
 1.660424e+01  3.014576e-02 
 1.660456e+01  3.014576e-02 
 1.660488e+01  3.014576e-02 
 1.660520e+01  3.014576e-02 
 1.660552e+01  3.014576e-02 
 1.660584e+01  3.014576e-02 
 1.660617e+01  3.014576e-02 
 1.660649e+01  3.014576e-02 
 1.660681e+01  3.014576e-02 
 1.660713e+01  3.014576e-02 
 1.660745e+01  3.014576e-02 
 1.660777e+01  3.014576e-02 
 1.660810e+01  3.014576e-02 
 1.660842e+01  3.014576e-02 
 1.660874e+01  3.014576e-02 
 1.660906e+01  3.014576e-02 
 1.660938e+01  3.014576e-02 
 1.660970e+01  3.014576e-02 
 1.661003e+01  3.014576e-02 
 1.661035e+01  3.014576e-02 
 1.661067e+01  3.014576e-02 
 1.661099e+01  3.014576e-02 
 1.661131e+01  3.014576e-02 
 1.661163e+01  3.014576e-02 
 1.661195e+01  3.014577e-02 
 1.661228e+01  3.014577e-02 
 1.661260e+01  3.014577e-02 
 1.661292e+01  3.014577e-02 
 1.661324e+01  3.014577e-02 
 1.661356e+01  3.014577e-02 
 1.661388e+01  3.014577e-02 
 1.661421e+01  3.014577e-02 
 1.661453e+01  3.014577e-02 
 1.661485e+01  3.014577e-02 
 1.661517e+01  3.014577e-02 
 1.661549e+01  3.014577e-02 
 1.661581e+01  3.014577e-02 
 1.661613e+01  3.014577e-02 
 1.661646e+01  3.014577e-02 
 1.661678e+01  3.014577e-02 
 1.661710e+01  3.014577e-02 
 1.661742e+01  3.014577e-02 
 1.661774e+01  3.014577e-02 
 1.661806e+01  3.014577e-02 
 1.661839e+01  3.014577e-02 
 1.661871e+01  3.014577e-02 
 1.661903e+01  3.014577e-02 
 1.661935e+01  3.014577e-02 
 1.661967e+01  3.014577e-02 
 1.661999e+01  3.014577e-02 
 1.662031e+01  3.014577e-02 
 1.662064e+01  3.014577e-02 
 1.662096e+01  3.014577e-02 
 1.662128e+01  3.014577e-02 
 1.662160e+01  3.014577e-02 
 1.662192e+01  3.014578e-02 
 1.662224e+01  3.014578e-02 
 1.662257e+01  3.014578e-02 
 1.662289e+01  3.014578e-02 
 1.662321e+01  3.014578e-02 
 1.662353e+01  3.014578e-02 
 1.662385e+01  3.014578e-02 
 1.662417e+01  3.014578e-02 
 1.662450e+01  3.014578e-02 
 1.662482e+01  3.014578e-02 
 1.662514e+01  3.014578e-02 
 1.662546e+01  3.014578e-02 
 1.662578e+01  3.014578e-02 
 1.662610e+01  3.014578e-02 
 1.662642e+01  3.014578e-02 
 1.662675e+01  3.014578e-02 
 1.662707e+01  3.014578e-02 
 1.662739e+01  3.014579e-02 
 1.662771e+01  3.014579e-02 
 1.662803e+01  3.014579e-02 
 1.662835e+01  3.014579e-02 
 1.662868e+01  3.014579e-02 
 1.662900e+01  3.014579e-02 
 1.662932e+01  3.014579e-02 
 1.662964e+01  3.014579e-02 
 1.662996e+01  3.014579e-02 
 1.663028e+01  3.014579e-02 
 1.663060e+01  3.014579e-02 
 1.663093e+01  3.014579e-02 
 1.663125e+01  3.014579e-02 
 1.663157e+01  3.014579e-02 
 1.663189e+01  3.014580e-02 
 1.663221e+01  3.014580e-02 
 1.663253e+01  3.014580e-02 
 1.663286e+01  3.014580e-02 
 1.663318e+01  3.014580e-02 
 1.663350e+01  3.014580e-02 
 1.663382e+01  3.014580e-02 
 1.663414e+01  3.014580e-02 
 1.663446e+01  3.014580e-02 
 1.663478e+01  3.014580e-02 
 1.663511e+01  3.014580e-02 
 1.663543e+01  3.014581e-02 
 1.663575e+01  3.014581e-02 
 1.663607e+01  3.014581e-02 
 1.663639e+01  3.014581e-02 
 1.663671e+01  3.014581e-02 
 1.663704e+01  3.014581e-02 
 1.663736e+01  3.014581e-02 
 1.663768e+01  3.014581e-02 
 1.663800e+01  3.014581e-02 
 1.663832e+01  3.014582e-02 
 1.663864e+01  3.014582e-02 
 1.663897e+01  3.014582e-02 
 1.663929e+01  3.014582e-02 
 1.663961e+01  3.014582e-02 
 1.663993e+01  3.014582e-02 
 1.664025e+01  3.014582e-02 
 1.664057e+01  3.014582e-02 
 1.664089e+01  3.014583e-02 
 1.664122e+01  3.014583e-02 
 1.664154e+01  3.014583e-02 
 1.664186e+01  3.014583e-02 
 1.664218e+01  3.014583e-02 
 1.664250e+01  3.014583e-02 
 1.664282e+01  3.014583e-02 
 1.664315e+01  3.014584e-02 
 1.664347e+01  3.014584e-02 
 1.664379e+01  3.014584e-02 
 1.664411e+01  3.014584e-02 
 1.664443e+01  3.014584e-02 
 1.664475e+01  3.014584e-02 
 1.664507e+01  3.014585e-02 
 1.664540e+01  3.014585e-02 
 1.664572e+01  3.014585e-02 
 1.664604e+01  3.014585e-02 
 1.664636e+01  3.014585e-02 
 1.664668e+01  3.014585e-02 
 1.664700e+01  3.014586e-02 
 1.664733e+01  3.014586e-02 
 1.664765e+01  3.014586e-02 
 1.664797e+01  3.014586e-02 
 1.664829e+01  3.014586e-02 
 1.664861e+01  3.014587e-02 
 1.664893e+01  3.014587e-02 
 1.664926e+01  3.014587e-02 
 1.664958e+01  3.014587e-02 
 1.664990e+01  3.014587e-02 
 1.665022e+01  3.014587e-02 
 1.665054e+01  3.014588e-02 
 1.665086e+01  3.014588e-02 
 1.665118e+01  3.014588e-02 
 1.665151e+01  3.014588e-02 
 1.665183e+01  3.014588e-02 
 1.665215e+01  3.014589e-02 
 1.665247e+01  3.014589e-02 
 1.665279e+01  3.014589e-02 
 1.665311e+01  3.014589e-02 
 1.665344e+01  3.014590e-02 
 1.665376e+01  3.014590e-02 
 1.665408e+01  3.014590e-02 
 1.665440e+01  3.014590e-02 
 1.665472e+01  3.014590e-02 
 1.665504e+01  3.014591e-02 
 1.665536e+01  3.014591e-02 
 1.665569e+01  3.014591e-02 
 1.665601e+01  3.014591e-02 
 1.665633e+01  3.014591e-02 
 1.665665e+01  3.014592e-02 
 1.665697e+01  3.014592e-02 
 1.665729e+01  3.014592e-02 
 1.665762e+01  3.014592e-02 
 1.665794e+01  3.014593e-02 
 1.665826e+01  3.014593e-02 
 1.665858e+01  3.014593e-02 
 1.665890e+01  3.014593e-02 
 1.665922e+01  3.014593e-02 
 1.665954e+01  3.014594e-02 
 1.665987e+01  3.014594e-02 
 1.666019e+01  3.014594e-02 
 1.666051e+01  3.014594e-02 
 1.666083e+01  3.014595e-02 
 1.666115e+01  3.014595e-02 
 1.666147e+01  3.014595e-02 
 1.666180e+01  3.014595e-02 
 1.666212e+01  3.014596e-02 
 1.666244e+01  3.014596e-02 
 1.666276e+01  3.014596e-02 
 1.666308e+01  3.014596e-02 
 1.666340e+01  3.014597e-02 
 1.666373e+01  3.014597e-02 
 1.666405e+01  3.014597e-02 
 1.666437e+01  3.014597e-02 
 1.666469e+01  3.014597e-02 
 1.666501e+01  3.014598e-02 
 1.666533e+01  3.014598e-02 
 1.666565e+01  3.014598e-02 
 1.666598e+01  3.014598e-02 
 1.666630e+01  3.014599e-02 
 1.666662e+01  3.014599e-02 
 1.666694e+01  3.014599e-02 
 1.666726e+01  3.014599e-02 
 1.666758e+01  3.014600e-02 
 1.666791e+01  3.014600e-02 
 1.666823e+01  3.014600e-02 
 1.666855e+01  3.014600e-02 
 1.666887e+01  3.014600e-02 
 1.666919e+01  3.014601e-02 
 1.666951e+01  3.014601e-02 
 1.666983e+01  3.014601e-02 
 1.667016e+01  3.014601e-02 
 1.667048e+01  3.014602e-02 
 1.667080e+01  3.014602e-02 
 1.667112e+01  3.014602e-02 
 1.667144e+01  3.014602e-02 
 1.667176e+01  3.014603e-02 
 1.667209e+01  3.014603e-02 
 1.667241e+01  3.014603e-02 
 1.667273e+01  3.014603e-02 
 1.667305e+01  3.014603e-02 
 1.667337e+01  3.014604e-02 
 1.667369e+01  3.014604e-02 
 1.667401e+01  3.014604e-02 
 1.667434e+01  3.014604e-02 
 1.667466e+01  3.014604e-02 
 1.667498e+01  3.014605e-02 
 1.667530e+01  3.014605e-02 
 1.667562e+01  3.014605e-02 
 1.667594e+01  3.014605e-02 
 1.667627e+01  3.014606e-02 
 1.667659e+01  3.014606e-02 
 1.667691e+01  3.014606e-02 
 1.667723e+01  3.014606e-02 
 1.667755e+01  3.014606e-02 
 1.667787e+01  3.014606e-02 
 1.667820e+01  3.014607e-02 
 1.667852e+01  3.014607e-02 
 1.667884e+01  3.014607e-02 
 1.667916e+01  3.014607e-02 
 1.667948e+01  3.014607e-02 
 1.667980e+01  3.014608e-02 
 1.668012e+01  3.014608e-02 
 1.668045e+01  3.014608e-02 
 1.668077e+01  3.014608e-02 
 1.668109e+01  3.014608e-02 
 1.668141e+01  3.014608e-02 
 1.668173e+01  3.014609e-02 
 1.668205e+01  3.014609e-02 
 1.668238e+01  3.014609e-02 
 1.668270e+01  3.014609e-02 
 1.668302e+01  3.014609e-02 
 1.668334e+01  3.014609e-02 
 1.668366e+01  3.014609e-02 
 1.668398e+01  3.014610e-02 
 1.668430e+01  3.014610e-02 
 1.668463e+01  3.014610e-02 
 1.668495e+01  3.014610e-02 
 1.668527e+01  3.014610e-02 
 1.668559e+01  3.014610e-02 
 1.668591e+01  3.014610e-02 
 1.668623e+01  3.014611e-02 
 1.668656e+01  3.014611e-02 
 1.668688e+01  3.014611e-02 
 1.668720e+01  3.014611e-02 
 1.668752e+01  3.014611e-02 
 1.668784e+01  3.014611e-02 
 1.668816e+01  3.014611e-02 
 1.668848e+01  3.014611e-02 
 1.668881e+01  3.014611e-02 
 1.668913e+01  3.014612e-02 
 1.668945e+01  3.014612e-02 
 1.668977e+01  3.014612e-02 
 1.669009e+01  3.014612e-02 
 1.669041e+01  3.014612e-02 
 1.669074e+01  3.014612e-02 
 1.669106e+01  3.014612e-02 
 1.669138e+01  3.014612e-02 
 1.669170e+01  3.014612e-02 
 1.669202e+01  3.014612e-02 
 1.669234e+01  3.014613e-02 
 1.669267e+01  3.014613e-02 
 1.669299e+01  3.014613e-02 
 1.669331e+01  3.014613e-02 
 1.669363e+01  3.014613e-02 
 1.669395e+01  3.014613e-02 
 1.669427e+01  3.014613e-02 
 1.669459e+01  3.014613e-02 
 1.669492e+01  3.014613e-02 
 1.669524e+01  3.014613e-02 
 1.669556e+01  3.014613e-02 
 1.669588e+01  3.014614e-02 
 1.669620e+01  3.014614e-02 
 1.669652e+01  3.014614e-02 
 1.669685e+01  3.014614e-02 
 1.669717e+01  3.014614e-02 
 1.669749e+01  3.014614e-02 
 1.669781e+01  3.014614e-02 
 1.669813e+01  3.014614e-02 
 1.669845e+01  3.014614e-02 
 1.669877e+01  3.014614e-02 
 1.669910e+01  3.014614e-02 
 1.669942e+01  3.014614e-02 
 1.669974e+01  3.014615e-02 
 1.670006e+01  3.014615e-02 
 1.670038e+01  3.014615e-02 
 1.670070e+01  3.014615e-02 
 1.670103e+01  3.014615e-02 
 1.670135e+01  3.014615e-02 
 1.670167e+01  3.014615e-02 
 1.670199e+01  3.014615e-02 
 1.670231e+01  3.014615e-02 
 1.670263e+01  3.014615e-02 
 1.670295e+01  3.014615e-02 
 1.670328e+01  3.014615e-02 
 1.670360e+01  3.014616e-02 
 1.670392e+01  3.014616e-02 
 1.670424e+01  3.014616e-02 
 1.670456e+01  3.014616e-02 
 1.670488e+01  3.014616e-02 
 1.670521e+01  3.014616e-02 
 1.670553e+01  3.014616e-02 
 1.670585e+01  3.014616e-02 
 1.670617e+01  3.014616e-02 
 1.670649e+01  3.014617e-02 
 1.670681e+01  3.014617e-02 
 1.670714e+01  3.014617e-02 
 1.670746e+01  3.014617e-02 
 1.670778e+01  3.014617e-02 
 1.670810e+01  3.014617e-02 
 1.670842e+01  3.014617e-02 
 1.670874e+01  3.014617e-02 
 1.670906e+01  3.014618e-02 
 1.670939e+01  3.014618e-02 
 1.670971e+01  3.014618e-02 
 1.671003e+01  3.014618e-02 
 1.671035e+01  3.014618e-02 
 1.671067e+01  3.014618e-02 
 1.671099e+01  3.014618e-02 
 1.671132e+01  3.014619e-02 
 1.671164e+01  3.014619e-02 
 1.671196e+01  3.014619e-02 
 1.671228e+01  3.014619e-02 
 1.671260e+01  3.014619e-02 
 1.671292e+01  3.014619e-02 
 1.671324e+01  3.014620e-02 
 1.671357e+01  3.014620e-02 
 1.671389e+01  3.014620e-02 
 1.671421e+01  3.014620e-02 
 1.671453e+01  3.014620e-02 
 1.671485e+01  3.014620e-02 
 1.671517e+01  3.014621e-02 
 1.671550e+01  3.014621e-02 
 1.671582e+01  3.014621e-02 
 1.671614e+01  3.014621e-02 
 1.671646e+01  3.014621e-02 
 1.671678e+01  3.014622e-02 
 1.671710e+01  3.014622e-02 
 1.671742e+01  3.014622e-02 
 1.671775e+01  3.014622e-02 
 1.671807e+01  3.014623e-02 
 1.671839e+01  3.014623e-02 
 1.671871e+01  3.014623e-02 
 1.671903e+01  3.014623e-02 
 1.671935e+01  3.014623e-02 
 1.671968e+01  3.014624e-02 
 1.672000e+01  3.014624e-02 
 1.672032e+01  3.014624e-02 
 1.672064e+01  3.014624e-02 
 1.672096e+01  3.014625e-02 
 1.672128e+01  3.014625e-02 
 1.672161e+01  3.014625e-02 
 1.672193e+01  3.014625e-02 
 1.672225e+01  3.014626e-02 
 1.672257e+01  3.014626e-02 
 1.672289e+01  3.014626e-02 
 1.672321e+01  3.014627e-02 
 1.672353e+01  3.014627e-02 
 1.672386e+01  3.014627e-02 
 1.672418e+01  3.014627e-02 
 1.672450e+01  3.014628e-02 
 1.672482e+01  3.014628e-02 
 1.672514e+01  3.014628e-02 
 1.672546e+01  3.014628e-02 
 1.672579e+01  3.014629e-02 
 1.672611e+01  3.014629e-02 
 1.672643e+01  3.014629e-02 
 1.672675e+01  3.014630e-02 
 1.672707e+01  3.014630e-02 
 1.672739e+01  3.014630e-02 
 1.672771e+01  3.014630e-02 
 1.672804e+01  3.014631e-02 
 1.672836e+01  3.014631e-02 
 1.672868e+01  3.014631e-02 
 1.672900e+01  3.014632e-02 
 1.672932e+01  3.014632e-02 
 1.672964e+01  3.014632e-02 
 1.672997e+01  3.014633e-02 
 1.673029e+01  3.014633e-02 
 1.673061e+01  3.014633e-02 
 1.673093e+01  3.014633e-02 
 1.673125e+01  3.014634e-02 
 1.673157e+01  3.014634e-02 
 1.673189e+01  3.014634e-02 
 1.673222e+01  3.014635e-02 
 1.673254e+01  3.014635e-02 
 1.673286e+01  3.014635e-02 
 1.673318e+01  3.014636e-02 
 1.673350e+01  3.014636e-02 
 1.673382e+01  3.014636e-02 
 1.673415e+01  3.014637e-02 
 1.673447e+01  3.014637e-02 
 1.673479e+01  3.014637e-02 
 1.673511e+01  3.014638e-02 
 1.673543e+01  3.014638e-02 
 1.673575e+01  3.014638e-02 
 1.673608e+01  3.014638e-02 
 1.673640e+01  3.014639e-02 
 1.673672e+01  3.014639e-02 
 1.673704e+01  3.014639e-02 
 1.673736e+01  3.014640e-02 
 1.673768e+01  3.014640e-02 
 1.673800e+01  3.014640e-02 
 1.673833e+01  3.014641e-02 
 1.673865e+01  3.014641e-02 
 1.673897e+01  3.014641e-02 
 1.673929e+01  3.014642e-02 
 1.673961e+01  3.014642e-02 
 1.673993e+01  3.014642e-02 
 1.674026e+01  3.014643e-02 
 1.674058e+01  3.014643e-02 
 1.674090e+01  3.014643e-02 
 1.674122e+01  3.014643e-02 
 1.674154e+01  3.014644e-02 
 1.674186e+01  3.014644e-02 
 1.674218e+01  3.014644e-02 
 1.674251e+01  3.014645e-02 
 1.674283e+01  3.014645e-02 
 1.674315e+01  3.014645e-02 
 1.674347e+01  3.014646e-02 
 1.674379e+01  3.014646e-02 
 1.674411e+01  3.014646e-02 
 1.674444e+01  3.014647e-02 
 1.674476e+01  3.014647e-02 
 1.674508e+01  3.014647e-02 
 1.674540e+01  3.014648e-02 
 1.674572e+01  3.014648e-02 
 1.674604e+01  3.014648e-02 
 1.674636e+01  3.014649e-02 
 1.674669e+01  3.014649e-02 
 1.674701e+01  3.014649e-02 
 1.674733e+01  3.014650e-02 
 1.674765e+01  3.014650e-02 
 1.674797e+01  3.014650e-02 
 1.674829e+01  3.014650e-02 
 1.674862e+01  3.014651e-02 
 1.674894e+01  3.014651e-02 
 1.674926e+01  3.014651e-02 
 1.674958e+01  3.014652e-02 
 1.674990e+01  3.014652e-02 
 1.675022e+01  3.014652e-02 
 1.675055e+01  3.014653e-02 
 1.675087e+01  3.014653e-02 
 1.675119e+01  3.014653e-02 
 1.675151e+01  3.014654e-02 
 1.675183e+01  3.014654e-02 
 1.675215e+01  3.014654e-02 
 1.675247e+01  3.014654e-02 
 1.675280e+01  3.014655e-02 
 1.675312e+01  3.014655e-02 
 1.675344e+01  3.014655e-02 
 1.675376e+01  3.014656e-02 
 1.675408e+01  3.014656e-02 
 1.675440e+01  3.014656e-02 
 1.675473e+01  3.014656e-02 
 1.675505e+01  3.014657e-02 
 1.675537e+01  3.014657e-02 
 1.675569e+01  3.014657e-02 
 1.675601e+01  3.014658e-02 
 1.675633e+01  3.014658e-02 
 1.675665e+01  3.014658e-02 
 1.675698e+01  3.014658e-02 
 1.675730e+01  3.014659e-02 
 1.675762e+01  3.014659e-02 
 1.675794e+01  3.014659e-02 
 1.675826e+01  3.014660e-02 
 1.675858e+01  3.014660e-02 
 1.675891e+01  3.014660e-02 
 1.675923e+01  3.014660e-02 
 1.675955e+01  3.014661e-02 
 1.675987e+01  3.014661e-02 
 1.676019e+01  3.014661e-02 
 1.676051e+01  3.014661e-02 
 1.676084e+01  3.014662e-02 
 1.676116e+01  3.014662e-02 
 1.676148e+01  3.014662e-02 
 1.676180e+01  3.014662e-02 
 1.676212e+01  3.014663e-02 
 1.676244e+01  3.014663e-02 
 1.676276e+01  3.014663e-02 
 1.676309e+01  3.014663e-02 
 1.676341e+01  3.014664e-02 
 1.676373e+01  3.014664e-02 
 1.676405e+01  3.014664e-02 
 1.676437e+01  3.014664e-02 
 1.676469e+01  3.014664e-02 
 1.676502e+01  3.014665e-02 
 1.676534e+01  3.014665e-02 
 1.676566e+01  3.014665e-02 
 1.676598e+01  3.014665e-02 
 1.676630e+01  3.014666e-02 
 1.676662e+01  3.014666e-02 
 1.676694e+01  3.014666e-02 
 1.676727e+01  3.014666e-02 
 1.676759e+01  3.014666e-02 
 1.676791e+01  3.014667e-02 
 1.676823e+01  3.014667e-02 
 1.676855e+01  3.014667e-02 
 1.676887e+01  3.014667e-02 
 1.676920e+01  3.014667e-02 
 1.676952e+01  3.014667e-02 
 1.676984e+01  3.014668e-02 
 1.677016e+01  3.014668e-02 
 1.677048e+01  3.014668e-02 
 1.677080e+01  3.014668e-02 
 1.677112e+01  3.014668e-02 
 1.677145e+01  3.014668e-02 
 1.677177e+01  3.014669e-02 
 1.677209e+01  3.014669e-02 
 1.677241e+01  3.014669e-02 
 1.677273e+01  3.014669e-02 
 1.677305e+01  3.014669e-02 
 1.677338e+01  3.014669e-02 
 1.677370e+01  3.014669e-02 
 1.677402e+01  3.014669e-02 
 1.677434e+01  3.014670e-02 
 1.677466e+01  3.014670e-02 
 1.677498e+01  3.014670e-02 
 1.677531e+01  3.014670e-02 
 1.677563e+01  3.014670e-02 
 1.677595e+01  3.014670e-02 
 1.677627e+01  3.014670e-02 
 1.677659e+01  3.014670e-02 
 1.677691e+01  3.014670e-02 
 1.677723e+01  3.014670e-02 
 1.677756e+01  3.014670e-02 
 1.677788e+01  3.014670e-02 
 1.677820e+01  3.014670e-02 
 1.677852e+01  3.014671e-02 
 1.677884e+01  3.014671e-02 
 1.677916e+01  3.014671e-02 
 1.677949e+01  3.014671e-02 
 1.677981e+01  3.014671e-02 
 1.678013e+01  3.014671e-02 
 1.678045e+01  3.014671e-02 
 1.678077e+01  3.014671e-02 
 1.678109e+01  3.014671e-02 
 1.678141e+01  3.014671e-02 
 1.678174e+01  3.014671e-02 
 1.678206e+01  3.014670e-02 
 1.678238e+01  3.014670e-02 
 1.678270e+01  3.014670e-02 
 1.678302e+01  3.014670e-02 
 1.678334e+01  3.014670e-02 
 1.678367e+01  3.014670e-02 
 1.678399e+01  3.014670e-02 
 1.678431e+01  3.014670e-02 
 1.678463e+01  3.014670e-02 
 1.678495e+01  3.014670e-02 
 1.678527e+01  3.014670e-02 
 1.678559e+01  3.014670e-02 
 1.678592e+01  3.014669e-02 
 1.678624e+01  3.014669e-02 
 1.678656e+01  3.014669e-02 
 1.678688e+01  3.014669e-02 
 1.678720e+01  3.014669e-02 
 1.678752e+01  3.014669e-02 
 1.678785e+01  3.014669e-02 
 1.678817e+01  3.014668e-02 
 1.678849e+01  3.014668e-02 
 1.678881e+01  3.014668e-02 
 1.678913e+01  3.014668e-02 
 1.678945e+01  3.014668e-02 
 1.678978e+01  3.014667e-02 
 1.679010e+01  3.014667e-02 
 1.679042e+01  3.014667e-02 
 1.679074e+01  3.014667e-02 
 1.679106e+01  3.014667e-02 
 1.679138e+01  3.014666e-02 
 1.679170e+01  3.014666e-02 
 1.679203e+01  3.014666e-02 
 1.679235e+01  3.014666e-02 
 1.679267e+01  3.014665e-02 
 1.679299e+01  3.014665e-02 
 1.679331e+01  3.014665e-02 
 1.679363e+01  3.014665e-02 
 1.679396e+01  3.014664e-02 
 1.679428e+01  3.014664e-02 
 1.679460e+01  3.014664e-02 
 1.679492e+01  3.014663e-02 
 1.679524e+01  3.014663e-02 
 1.679556e+01  3.014663e-02 
 1.679588e+01  3.014662e-02 
 1.679621e+01  3.014662e-02 
 1.679653e+01  3.014662e-02 
 1.679685e+01  3.014661e-02 
 1.679717e+01  3.014661e-02 
 1.679749e+01  3.014661e-02 
 1.679781e+01  3.014660e-02 
 1.679814e+01  3.014660e-02 
 1.679846e+01  3.014660e-02 
 1.679878e+01  3.014659e-02 
 1.679910e+01  3.014659e-02 
 1.679942e+01  3.014658e-02 
 1.679974e+01  3.014658e-02 
 1.680006e+01  3.014658e-02 
 1.680039e+01  3.014657e-02 
 1.680071e+01  3.014657e-02 
 1.680103e+01  3.014656e-02 
 1.680135e+01  3.014656e-02 
 1.680167e+01  3.014656e-02 
 1.680199e+01  3.014655e-02 
 1.680232e+01  3.014655e-02 
 1.680264e+01  3.014654e-02 
 1.680296e+01  3.014654e-02 
 1.680328e+01  3.014653e-02 
 1.680360e+01  3.014653e-02 
 1.680392e+01  3.014653e-02 
 1.680425e+01  3.014652e-02 
 1.680457e+01  3.014652e-02 
 1.680489e+01  3.014651e-02 
 1.680521e+01  3.014651e-02 
 1.680553e+01  3.014650e-02 
 1.680585e+01  3.014650e-02 
 1.680617e+01  3.014649e-02 
 1.680650e+01  3.014649e-02 
 1.680682e+01  3.014648e-02 
 1.680714e+01  3.014648e-02 
 1.680746e+01  3.014647e-02 
 1.680778e+01  3.014647e-02 
 1.680810e+01  3.014646e-02 
 1.680843e+01  3.014646e-02 
 1.680875e+01  3.014645e-02 
 1.680907e+01  3.014645e-02 
 1.680939e+01  3.014644e-02 
 1.680971e+01  3.014644e-02 
 1.681003e+01  3.014643e-02 
 1.681035e+01  3.014643e-02 
 1.681068e+01  3.014642e-02 
 1.681100e+01  3.014642e-02 
 1.681132e+01  3.014641e-02 
 1.681164e+01  3.014641e-02 
 1.681196e+01  3.014640e-02 
 1.681228e+01  3.014640e-02 
 1.681261e+01  3.014639e-02 
 1.681293e+01  3.014639e-02 
 1.681325e+01  3.014638e-02 
 1.681357e+01  3.014637e-02 
 1.681389e+01  3.014637e-02 
 1.681421e+01  3.014636e-02 
 1.681453e+01  3.014636e-02 
 1.681486e+01  3.014635e-02 
 1.681518e+01  3.014635e-02 
 1.681550e+01  3.014634e-02 
 1.681582e+01  3.014634e-02 
 1.681614e+01  3.014633e-02 
 1.681646e+01  3.014633e-02 
 1.681679e+01  3.014632e-02 
 1.681711e+01  3.014631e-02 
 1.681743e+01  3.014631e-02 
 1.681775e+01  3.014630e-02 
 1.681807e+01  3.014630e-02 
 1.681839e+01  3.014629e-02 
 1.681872e+01  3.014629e-02 
 1.681904e+01  3.014628e-02 
 1.681936e+01  3.014628e-02 
 1.681968e+01  3.014627e-02 
 1.682000e+01  3.014626e-02 
 1.682032e+01  3.014626e-02 
 1.682064e+01  3.014625e-02 
 1.682097e+01  3.014625e-02 
 1.682129e+01  3.014624e-02 
 1.682161e+01  3.014624e-02 
 1.682193e+01  3.014623e-02 
 1.682225e+01  3.014623e-02 
 1.682257e+01  3.014622e-02 
 1.682290e+01  3.014621e-02 
 1.682322e+01  3.014621e-02 
 1.682354e+01  3.014620e-02 
 1.682386e+01  3.014620e-02 
 1.682418e+01  3.014619e-02 
 1.682450e+01  3.014619e-02 
 1.682482e+01  3.014618e-02 
 1.682515e+01  3.014618e-02 
 1.682547e+01  3.014617e-02 
 1.682579e+01  3.014616e-02 
 1.682611e+01  3.014616e-02 
 1.682643e+01  3.014615e-02 
 1.682675e+01  3.014615e-02 
 1.682708e+01  3.014614e-02 
 1.682740e+01  3.014614e-02 
 1.682772e+01  3.014613e-02 
 1.682804e+01  3.014613e-02 
 1.682836e+01  3.014612e-02 
 1.682868e+01  3.014611e-02 
 1.682900e+01  3.014611e-02 
 1.682933e+01  3.014610e-02 
 1.682965e+01  3.014610e-02 
 1.682997e+01  3.014609e-02 
 1.683029e+01  3.014609e-02 
 1.683061e+01  3.014608e-02 
 1.683093e+01  3.014608e-02 
 1.683126e+01  3.014607e-02 
 1.683158e+01  3.014606e-02 
 1.683190e+01  3.014606e-02 
 1.683222e+01  3.014605e-02 
 1.683254e+01  3.014605e-02 
 1.683286e+01  3.014604e-02 
 1.683319e+01  3.014604e-02 
 1.683351e+01  3.014603e-02 
 1.683383e+01  3.014603e-02 
 1.683415e+01  3.014602e-02 
 1.683447e+01  3.014602e-02 
 1.683479e+01  3.014601e-02 
 1.683511e+01  3.014600e-02 
 1.683544e+01  3.014600e-02 
 1.683576e+01  3.014599e-02 
 1.683608e+01  3.014599e-02 
 1.683640e+01  3.014598e-02 
 1.683672e+01  3.014598e-02 
 1.683704e+01  3.014597e-02 
 1.683737e+01  3.014596e-02 
 1.683769e+01  3.014596e-02 
 1.683801e+01  3.014595e-02 
 1.683833e+01  3.014595e-02 
 1.683865e+01  3.014594e-02 
 1.683897e+01  3.014594e-02 
 1.683929e+01  3.014593e-02 
 1.683962e+01  3.014593e-02 
 1.683994e+01  3.014592e-02 
 1.684026e+01  3.014591e-02 
 1.684058e+01  3.014591e-02 
 1.684090e+01  3.014590e-02 
 1.684122e+01  3.014590e-02 
 1.684155e+01  3.014589e-02 
 1.684187e+01  3.014588e-02 
 1.684219e+01  3.014588e-02 
 1.684251e+01  3.014587e-02 
 1.684283e+01  3.014587e-02 
 1.684315e+01  3.014586e-02 
 1.684347e+01  3.014586e-02 
 1.684380e+01  3.014585e-02 
 1.684412e+01  3.014584e-02 
 1.684444e+01  3.014584e-02 
 1.684476e+01  3.014583e-02 
 1.684508e+01  3.014583e-02 
 1.684540e+01  3.014582e-02 
 1.684573e+01  3.014581e-02 
 1.684605e+01  3.014581e-02 
 1.684637e+01  3.014580e-02 
 1.684669e+01  3.014580e-02 
 1.684701e+01  3.014579e-02 
 1.684733e+01  3.014578e-02 
 1.684766e+01  3.014578e-02 
 1.684798e+01  3.014577e-02 
 1.684830e+01  3.014576e-02 
 1.684862e+01  3.014576e-02 
 1.684894e+01  3.014575e-02 
 1.684926e+01  3.014575e-02 
 1.684958e+01  3.014574e-02 
 1.684991e+01  3.014573e-02 
 1.685023e+01  3.014573e-02 
 1.685055e+01  3.014572e-02 
 1.685087e+01  3.014571e-02 
 1.685119e+01  3.014571e-02 
 1.685151e+01  3.014570e-02 
 1.685184e+01  3.014570e-02 
 1.685216e+01  3.014569e-02 
 1.685248e+01  3.014568e-02 
 1.685280e+01  3.014568e-02 
 1.685312e+01  3.014567e-02 
 1.685344e+01  3.014566e-02 
 1.685376e+01  3.014566e-02 
 1.685409e+01  3.014565e-02 
 1.685441e+01  3.014565e-02 
 1.685473e+01  3.014564e-02 
 1.685505e+01  3.014563e-02 
 1.685537e+01  3.014563e-02 
 1.685569e+01  3.014562e-02 
 1.685602e+01  3.014561e-02 
 1.685634e+01  3.014561e-02 
 1.685666e+01  3.014560e-02 
 1.685698e+01  3.014559e-02 
 1.685730e+01  3.014559e-02 
 1.685762e+01  3.014558e-02 
 1.685795e+01  3.014558e-02 
 1.685827e+01  3.014557e-02 
 1.685859e+01  3.014556e-02 
 1.685891e+01  3.014556e-02 
 1.685923e+01  3.014555e-02 
 1.685955e+01  3.014554e-02 
 1.685987e+01  3.014554e-02 
 1.686020e+01  3.014553e-02 
 1.686052e+01  3.014553e-02 
 1.686084e+01  3.014552e-02 
 1.686116e+01  3.014551e-02 
 1.686148e+01  3.014551e-02 
 1.686180e+01  3.014550e-02 
 1.686213e+01  3.014550e-02 
 1.686245e+01  3.014549e-02 
 1.686277e+01  3.014548e-02 
 1.686309e+01  3.014548e-02 
 1.686341e+01  3.014547e-02 
 1.686373e+01  3.014547e-02 
 1.686405e+01  3.014546e-02 
 1.686438e+01  3.014545e-02 
 1.686470e+01  3.014545e-02 
 1.686502e+01  3.014544e-02 
 1.686534e+01  3.014544e-02 
 1.686566e+01  3.014543e-02 
 1.686598e+01  3.014542e-02 
 1.686631e+01  3.014542e-02 
 1.686663e+01  3.014541e-02 
 1.686695e+01  3.014541e-02 
 1.686727e+01  3.014540e-02 
 1.686759e+01  3.014540e-02 
 1.686791e+01  3.014539e-02 
 1.686823e+01  3.014538e-02 
 1.686856e+01  3.014538e-02 
 1.686888e+01  3.014537e-02 
 1.686920e+01  3.014537e-02 
 1.686952e+01  3.014536e-02 
 1.686984e+01  3.014536e-02 
 1.687016e+01  3.014535e-02 
 1.687049e+01  3.014535e-02 
 1.687081e+01  3.014534e-02 
 1.687113e+01  3.014533e-02 
 1.687145e+01  3.014533e-02 
 1.687177e+01  3.014532e-02 
 1.687209e+01  3.014532e-02 
 1.687242e+01  3.014531e-02 
 1.687274e+01  3.014531e-02 
 1.687306e+01  3.014530e-02 
 1.687338e+01  3.014530e-02 
 1.687370e+01  3.014529e-02 
 1.687402e+01  3.014529e-02 
 1.687434e+01  3.014528e-02 
 1.687467e+01  3.014528e-02 
 1.687499e+01  3.014527e-02 
 1.687531e+01  3.014527e-02 
 1.687563e+01  3.014526e-02 
 1.687595e+01  3.014526e-02 
 1.687627e+01  3.014525e-02 
 1.687660e+01  3.014525e-02 
 1.687692e+01  3.014524e-02 
 1.687724e+01  3.014524e-02 
 1.687756e+01  3.014524e-02 
 1.687788e+01  3.014523e-02 
 1.687820e+01  3.014523e-02 
 1.687852e+01  3.014522e-02 
 1.687885e+01  3.014522e-02 
 1.687917e+01  3.014521e-02 
 1.687949e+01  3.014521e-02 
 1.687981e+01  3.014520e-02 
 1.688013e+01  3.014520e-02 
 1.688045e+01  3.014520e-02 
 1.688078e+01  3.014519e-02 
 1.688110e+01  3.014519e-02 
 1.688142e+01  3.014518e-02 
 1.688174e+01  3.014518e-02 
 1.688206e+01  3.014518e-02 
 1.688238e+01  3.014517e-02 
 1.688270e+01  3.014517e-02 
 1.688303e+01  3.014516e-02 
 1.688335e+01  3.014516e-02 
 1.688367e+01  3.014516e-02 
 1.688399e+01  3.014515e-02 
 1.688431e+01  3.014515e-02 
 1.688463e+01  3.014515e-02 
 1.688496e+01  3.014514e-02 
 1.688528e+01  3.014514e-02 
 1.688560e+01  3.014514e-02 
 1.688592e+01  3.014513e-02 
 1.688624e+01  3.014513e-02 
 1.688656e+01  3.014513e-02 
 1.688689e+01  3.014512e-02 
 1.688721e+01  3.014512e-02 
 1.688753e+01  3.014512e-02 
 1.688785e+01  3.014511e-02 
 1.688817e+01  3.014511e-02 
 1.688849e+01  3.014511e-02 
 1.688881e+01  3.014510e-02 
 1.688914e+01  3.014510e-02 
 1.688946e+01  3.014510e-02 
 1.688978e+01  3.014510e-02 
 1.689010e+01  3.014509e-02 
 1.689042e+01  3.014509e-02 
 1.689074e+01  3.014509e-02 
 1.689107e+01  3.014509e-02 
 1.689139e+01  3.014508e-02 
 1.689171e+01  3.014508e-02 
 1.689203e+01  3.014508e-02 
 1.689235e+01  3.014508e-02 
 1.689267e+01  3.014508e-02 
 1.689299e+01  3.014507e-02 
 1.689332e+01  3.014507e-02 
 1.689364e+01  3.014507e-02 
 1.689396e+01  3.014507e-02 
 1.689428e+01  3.014507e-02 
 1.689460e+01  3.014506e-02 
 1.689492e+01  3.014506e-02 
 1.689525e+01  3.014506e-02 
 1.689557e+01  3.014506e-02 
 1.689589e+01  3.014506e-02 
 1.689621e+01  3.014506e-02 
 1.689653e+01  3.014505e-02 
 1.689685e+01  3.014505e-02 
 1.689717e+01  3.014505e-02 
 1.689750e+01  3.014505e-02 
 1.689782e+01  3.014505e-02 
 1.689814e+01  3.014505e-02 
 1.689846e+01  3.014505e-02 
 1.689878e+01  3.014505e-02 
 1.689910e+01  3.014504e-02 
 1.689943e+01  3.014504e-02 
 1.689975e+01  3.014504e-02 
 1.690007e+01  3.014504e-02 
 1.690039e+01  3.014504e-02 
 1.690071e+01  3.014504e-02 
 1.690103e+01  3.014504e-02 
 1.690136e+01  3.014504e-02 
 1.690168e+01  3.014504e-02 
 1.690200e+01  3.014504e-02 
 1.690232e+01  3.014504e-02 
 1.690264e+01  3.014504e-02 
 1.690296e+01  3.014504e-02 
 1.690328e+01  3.014504e-02 
 1.690361e+01  3.014503e-02 
 1.690393e+01  3.014503e-02 
 1.690425e+01  3.014503e-02 
 1.690457e+01  3.014503e-02 
 1.690489e+01  3.014503e-02 
 1.690521e+01  3.014503e-02 
 1.690554e+01  3.014503e-02 
 1.690586e+01  3.014503e-02 
 1.690618e+01  3.014503e-02 
 1.690650e+01  3.014503e-02 
 1.690682e+01  3.014503e-02 
 1.690714e+01  3.014503e-02 
 1.690746e+01  3.014503e-02 
 1.690779e+01  3.014503e-02 
 1.690811e+01  3.014503e-02 
 1.690843e+01  3.014503e-02 
 1.690875e+01  3.014503e-02 
 1.690907e+01  3.014503e-02 
 1.690939e+01  3.014503e-02 
 1.690972e+01  3.014503e-02 
 1.691004e+01  3.014503e-02 
 1.691036e+01  3.014503e-02 
 1.691068e+01  3.014503e-02 
 1.691100e+01  3.014503e-02 
 1.691132e+01  3.014503e-02 
 1.691164e+01  3.014503e-02 
 1.691197e+01  3.014503e-02 
 1.691229e+01  3.014503e-02 
 1.691261e+01  3.014504e-02 
 1.691293e+01  3.014504e-02 
 1.691325e+01  3.014504e-02 
 1.691357e+01  3.014504e-02 
 1.691390e+01  3.014504e-02 
 1.691422e+01  3.014504e-02 
 1.691454e+01  3.014504e-02 
 1.691486e+01  3.014504e-02 
 1.691518e+01  3.014504e-02 
 1.691550e+01  3.014504e-02 
 1.691583e+01  3.014504e-02 
 1.691615e+01  3.014504e-02 
 1.691647e+01  3.014504e-02 
 1.691679e+01  3.014504e-02 
 1.691711e+01  3.014504e-02 
 1.691743e+01  3.014504e-02 
 1.691775e+01  3.014504e-02 
 1.691808e+01  3.014505e-02 
 1.691840e+01  3.014505e-02 
 1.691872e+01  3.014505e-02 
 1.691904e+01  3.014505e-02 
 1.691936e+01  3.014505e-02 
 1.691968e+01  3.014505e-02 
 1.692001e+01  3.014505e-02 
 1.692033e+01  3.014505e-02 
 1.692065e+01  3.014505e-02 
 1.692097e+01  3.014505e-02 
 1.692129e+01  3.014505e-02 
 1.692161e+01  3.014506e-02 
 1.692193e+01  3.014506e-02 
 1.692226e+01  3.014506e-02 
 1.692258e+01  3.014506e-02 
 1.692290e+01  3.014506e-02 
 1.692322e+01  3.014506e-02 
 1.692354e+01  3.014506e-02 
 1.692386e+01  3.014506e-02 
 1.692419e+01  3.014507e-02 
 1.692451e+01  3.014507e-02 
 1.692483e+01  3.014507e-02 
 1.692515e+01  3.014507e-02 
 1.692547e+01  3.014507e-02 
 1.692579e+01  3.014507e-02 
 1.692611e+01  3.014507e-02 
 1.692644e+01  3.014507e-02 
 1.692676e+01  3.014508e-02 
 1.692708e+01  3.014508e-02 
 1.692740e+01  3.014508e-02 
 1.692772e+01  3.014508e-02 
 1.692804e+01  3.014508e-02 
 1.692837e+01  3.014508e-02 
 1.692869e+01  3.014509e-02 
 1.692901e+01  3.014509e-02 
 1.692933e+01  3.014509e-02 
 1.692965e+01  3.014509e-02 
 1.692997e+01  3.014509e-02 
 1.693030e+01  3.014509e-02 
 1.693062e+01  3.014510e-02 
 1.693094e+01  3.014510e-02 
 1.693126e+01  3.014510e-02 
 1.693158e+01  3.014510e-02 
 1.693190e+01  3.014510e-02 
 1.693222e+01  3.014511e-02 
 1.693255e+01  3.014511e-02 
 1.693287e+01  3.014511e-02 
 1.693319e+01  3.014511e-02 
 1.693351e+01  3.014512e-02 
 1.693383e+01  3.014512e-02 
 1.693415e+01  3.014512e-02 
 1.693448e+01  3.014512e-02 
 1.693480e+01  3.014513e-02 
 1.693512e+01  3.014513e-02 
 1.693544e+01  3.014513e-02 
 1.693576e+01  3.014513e-02 
 1.693608e+01  3.014514e-02 
 1.693640e+01  3.014514e-02 
 1.693673e+01  3.014514e-02 
 1.693705e+01  3.014514e-02 
 1.693737e+01  3.014515e-02 
 1.693769e+01  3.014515e-02 
 1.693801e+01  3.014515e-02 
 1.693833e+01  3.014515e-02 
 1.693866e+01  3.014516e-02 
 1.693898e+01  3.014516e-02 
 1.693930e+01  3.014516e-02 
 1.693962e+01  3.014517e-02 
 1.693994e+01  3.014517e-02 
 1.694026e+01  3.014517e-02 
 1.694058e+01  3.014517e-02 
 1.694091e+01  3.014518e-02 
 1.694123e+01  3.014518e-02 
 1.694155e+01  3.014518e-02 
 1.694187e+01  3.014519e-02 
 1.694219e+01  3.014519e-02 
 1.694251e+01  3.014519e-02 
 1.694284e+01  3.014520e-02 
 1.694316e+01  3.014520e-02 
 1.694348e+01  3.014520e-02 
 1.694380e+01  3.014521e-02 
 1.694412e+01  3.014521e-02 
 1.694444e+01  3.014521e-02 
 1.694477e+01  3.014521e-02 
 1.694509e+01  3.014522e-02 
 1.694541e+01  3.014522e-02 
 1.694573e+01  3.014522e-02 
 1.694605e+01  3.014523e-02 
 1.694637e+01  3.014523e-02 
 1.694669e+01  3.014523e-02 
 1.694702e+01  3.014524e-02 
 1.694734e+01  3.014524e-02 
 1.694766e+01  3.014524e-02 
 1.694798e+01  3.014525e-02 
 1.694830e+01  3.014525e-02 
 1.694862e+01  3.014525e-02 
 1.694895e+01  3.014526e-02 
 1.694927e+01  3.014526e-02 
 1.694959e+01  3.014526e-02 
 1.694991e+01  3.014527e-02 
 1.695023e+01  3.014527e-02 
 1.695055e+01  3.014527e-02 
 1.695087e+01  3.014528e-02 
 1.695120e+01  3.014528e-02 
 1.695152e+01  3.014528e-02 
 1.695184e+01  3.014529e-02 
 1.695216e+01  3.014529e-02 
 1.695248e+01  3.014529e-02 
 1.695280e+01  3.014530e-02 
 1.695313e+01  3.014530e-02 
 1.695345e+01  3.014531e-02 
 1.695377e+01  3.014531e-02 
 1.695409e+01  3.014531e-02 
 1.695441e+01  3.014532e-02 
 1.695473e+01  3.014532e-02 
 1.695506e+01  3.014532e-02 
 1.695538e+01  3.014532e-02 
 1.695570e+01  3.014533e-02 
 1.695602e+01  3.014533e-02 
 1.695634e+01  3.014533e-02 
 1.695666e+01  3.014534e-02 
 1.695698e+01  3.014534e-02 
 1.695731e+01  3.014534e-02 
 1.695763e+01  3.014535e-02 
 1.695795e+01  3.014535e-02 
 1.695827e+01  3.014535e-02 
 1.695859e+01  3.014536e-02 
 1.695891e+01  3.014536e-02 
 1.695924e+01  3.014536e-02 
 1.695956e+01  3.014537e-02 
 1.695988e+01  3.014537e-02 
 1.696020e+01  3.014537e-02 
 1.696052e+01  3.014538e-02 
 1.696084e+01  3.014538e-02 
 1.696116e+01  3.014538e-02 
 1.696149e+01  3.014539e-02 
 1.696181e+01  3.014539e-02 
 1.696213e+01  3.014539e-02 
 1.696245e+01  3.014540e-02 
 1.696277e+01  3.014540e-02 
 1.696309e+01  3.014540e-02 
 1.696342e+01  3.014541e-02 
 1.696374e+01  3.014541e-02 
 1.696406e+01  3.014541e-02 
 1.696438e+01  3.014542e-02 
 1.696470e+01  3.014542e-02 
 1.696502e+01  3.014542e-02 
 1.696534e+01  3.014542e-02 
 1.696567e+01  3.014543e-02 
 1.696599e+01  3.014543e-02 
 1.696631e+01  3.014543e-02 
 1.696663e+01  3.014544e-02 
 1.696695e+01  3.014544e-02 
 1.696727e+01  3.014544e-02 
 1.696760e+01  3.014545e-02 
 1.696792e+01  3.014545e-02 
 1.696824e+01  3.014545e-02 
 1.696856e+01  3.014546e-02 
 1.696888e+01  3.014546e-02 
 1.696920e+01  3.014546e-02 
 1.696953e+01  3.014546e-02 
 1.696985e+01  3.014547e-02 
 1.697017e+01  3.014547e-02 
 1.697049e+01  3.014547e-02 
 1.697081e+01  3.014548e-02 
 1.697113e+01  3.014548e-02 
 1.697145e+01  3.014548e-02 
 1.697178e+01  3.014549e-02 
 1.697210e+01  3.014549e-02 
 1.697242e+01  3.014549e-02 
 1.697274e+01  3.014550e-02 
 1.697306e+01  3.014550e-02 
 1.697338e+01  3.014550e-02 
 1.697371e+01  3.014551e-02 
 1.697403e+01  3.014551e-02 
 1.697435e+01  3.014551e-02 
 1.697467e+01  3.014551e-02 
 1.697499e+01  3.014552e-02 
 1.697531e+01  3.014552e-02 
 1.697563e+01  3.014552e-02 
 1.697596e+01  3.014553e-02 
 1.697628e+01  3.014553e-02 
 1.697660e+01  3.014553e-02 
 1.697692e+01  3.014554e-02 
 1.697724e+01  3.014554e-02 
 1.697756e+01  3.014554e-02 
 1.697789e+01  3.014555e-02 
 1.697821e+01  3.014555e-02 
 1.697853e+01  3.014555e-02 
 1.697885e+01  3.014556e-02 
 1.697917e+01  3.014556e-02 
 1.697949e+01  3.014556e-02 
 1.697981e+01  3.014557e-02 
 1.698014e+01  3.014557e-02 
 1.698046e+01  3.014557e-02 
 1.698078e+01  3.014558e-02 
 1.698110e+01  3.014558e-02 
 1.698142e+01  3.014558e-02 
 1.698174e+01  3.014559e-02 
 1.698207e+01  3.014559e-02 
 1.698239e+01  3.014559e-02 
 1.698271e+01  3.014560e-02 
 1.698303e+01  3.014560e-02 
 1.698335e+01  3.014560e-02 
 1.698367e+01  3.014561e-02 
 1.698400e+01  3.014561e-02 
 1.698432e+01  3.014561e-02 
 1.698464e+01  3.014562e-02 
 1.698496e+01  3.014562e-02 
 1.698528e+01  3.014562e-02 
 1.698560e+01  3.014563e-02 
 1.698592e+01  3.014563e-02 
 1.698625e+01  3.014564e-02 
 1.698657e+01  3.014564e-02 
 1.698689e+01  3.014564e-02 
 1.698721e+01  3.014565e-02 
 1.698753e+01  3.014565e-02 
 1.698785e+01  3.014566e-02 
 1.698818e+01  3.014566e-02 
 1.698850e+01  3.014566e-02 
 1.698882e+01  3.014567e-02 
 1.698914e+01  3.014567e-02 
 1.698946e+01  3.014568e-02 
 1.698978e+01  3.014568e-02 
 1.699010e+01  3.014568e-02 
 1.699043e+01  3.014569e-02 
 1.699075e+01  3.014569e-02 
 1.699107e+01  3.014570e-02 
 1.699139e+01  3.014570e-02 
 1.699171e+01  3.014571e-02 
 1.699203e+01  3.014571e-02 
 1.699236e+01  3.014572e-02 
 1.699268e+01  3.014572e-02 
 1.699300e+01  3.014572e-02 
 1.699332e+01  3.014573e-02 
 1.699364e+01  3.014573e-02 
 1.699396e+01  3.014574e-02 
 1.699428e+01  3.014574e-02 
 1.699461e+01  3.014575e-02 
 1.699493e+01  3.014575e-02 
 1.699525e+01  3.014576e-02 
 1.699557e+01  3.014576e-02 
 1.699589e+01  3.014577e-02 
 1.699621e+01  3.014577e-02 
 1.699654e+01  3.014578e-02 
 1.699686e+01  3.014578e-02 
 1.699718e+01  3.014579e-02 
 1.699750e+01  3.014580e-02 
 1.699782e+01  3.014580e-02 
 1.699814e+01  3.014581e-02 
 1.699847e+01  3.014581e-02 
 1.699879e+01  3.014582e-02 
 1.699911e+01  3.014582e-02 
 1.699943e+01  3.014583e-02 
 1.699975e+01  3.014584e-02 
 1.700007e+01  3.014584e-02 
 1.700039e+01  3.014585e-02 
 1.700072e+01  3.014585e-02 
 1.700104e+01  3.014586e-02 
 1.700136e+01  3.014587e-02 
 1.700168e+01  3.014587e-02 
 1.700200e+01  3.014588e-02 
 1.700232e+01  3.014588e-02 
 1.700265e+01  3.014589e-02 
 1.700297e+01  3.014590e-02 
 1.700329e+01  3.014590e-02 
 1.700361e+01  3.014591e-02 
 1.700393e+01  3.014592e-02 
 1.700425e+01  3.014592e-02 
 1.700457e+01  3.014593e-02 
 1.700490e+01  3.014594e-02 
 1.700522e+01  3.014594e-02 
 1.700554e+01  3.014595e-02 
 1.700586e+01  3.014596e-02 
 1.700618e+01  3.014596e-02 
 1.700650e+01  3.014597e-02 
 1.700683e+01  3.014598e-02 
 1.700715e+01  3.014599e-02 
 1.700747e+01  3.014599e-02 
 1.700779e+01  3.014600e-02 
 1.700811e+01  3.014601e-02 
 1.700843e+01  3.014601e-02 
 1.700875e+01  3.014602e-02 
 1.700908e+01  3.014603e-02 
 1.700940e+01  3.014604e-02 
 1.700972e+01  3.014604e-02 
 1.701004e+01  3.014605e-02 
 1.701036e+01  3.014606e-02 
 1.701068e+01  3.014607e-02 
 1.701101e+01  3.014607e-02 
 1.701133e+01  3.014608e-02 
 1.701165e+01  3.014609e-02 
 1.701197e+01  3.014610e-02 
 1.701229e+01  3.014610e-02 
 1.701261e+01  3.014611e-02 
 1.701294e+01  3.014612e-02 
 1.701326e+01  3.014613e-02 
 1.701358e+01  3.014614e-02 
 1.701390e+01  3.014614e-02 
 1.701422e+01  3.014615e-02 
 1.701454e+01  3.014616e-02 
 1.701486e+01  3.014617e-02 
 1.701519e+01  3.014618e-02 
 1.701551e+01  3.014618e-02 
 1.701583e+01  3.014619e-02 
 1.701615e+01  3.014620e-02 
 1.701647e+01  3.014621e-02 
 1.701679e+01  3.014622e-02 
 1.701712e+01  3.014622e-02 
 1.701744e+01  3.014623e-02 
 1.701776e+01  3.014624e-02 
 1.701808e+01  3.014625e-02 
 1.701840e+01  3.014626e-02 
 1.701872e+01  3.014626e-02 
 1.701904e+01  3.014627e-02 
 1.701937e+01  3.014628e-02 
 1.701969e+01  3.014629e-02 
 1.702001e+01  3.014630e-02 
 1.702033e+01  3.014630e-02 
 1.702065e+01  3.014631e-02 
 1.702097e+01  3.014632e-02 
 1.702130e+01  3.014633e-02 
 1.702162e+01  3.014634e-02 
 1.702194e+01  3.014635e-02 
 1.702226e+01  3.014635e-02 
 1.702258e+01  3.014636e-02 
 1.702290e+01  3.014637e-02 
 1.702322e+01  3.014638e-02 
 1.702355e+01  3.014639e-02 
 1.702387e+01  3.014639e-02 
 1.702419e+01  3.014640e-02 
 1.702451e+01  3.014641e-02 
 1.702483e+01  3.014642e-02 
 1.702515e+01  3.014643e-02 
 1.702548e+01  3.014643e-02 
 1.702580e+01  3.014644e-02 
 1.702612e+01  3.014645e-02 
 1.702644e+01  3.014646e-02 
 1.702676e+01  3.014647e-02 
 1.702708e+01  3.014647e-02 
 1.702741e+01  3.014648e-02 
 1.702773e+01  3.014649e-02 
 1.702805e+01  3.014650e-02 
 1.702837e+01  3.014650e-02 
 1.702869e+01  3.014651e-02 
 1.702901e+01  3.014652e-02 
 1.702933e+01  3.014653e-02 
 1.702966e+01  3.014654e-02 
 1.702998e+01  3.014654e-02 
 1.703030e+01  3.014655e-02 
 1.703062e+01  3.014656e-02 
 1.703094e+01  3.014657e-02 
 1.703126e+01  3.014657e-02 
 1.703159e+01  3.014658e-02 
 1.703191e+01  3.014659e-02 
 1.703223e+01  3.014660e-02 
 1.703255e+01  3.014661e-02 
 1.703287e+01  3.014661e-02 
 1.703319e+01  3.014662e-02 
 1.703351e+01  3.014663e-02 
 1.703384e+01  3.014664e-02 
 1.703416e+01  3.014664e-02 
 1.703448e+01  3.014665e-02 
 1.703480e+01  3.014666e-02 
 1.703512e+01  3.014667e-02 
 1.703544e+01  3.014667e-02 
 1.703577e+01  3.014668e-02 
 1.703609e+01  3.014669e-02 
 1.703641e+01  3.014670e-02 
 1.703673e+01  3.014670e-02 
 1.703705e+01  3.014671e-02 
 1.703737e+01  3.014672e-02 
 1.703769e+01  3.014673e-02 
 1.703802e+01  3.014673e-02 
 1.703834e+01  3.014674e-02 
 1.703866e+01  3.014675e-02 
 1.703898e+01  3.014676e-02 
 1.703930e+01  3.014676e-02 
 1.703962e+01  3.014677e-02 
 1.703995e+01  3.014678e-02 
 1.704027e+01  3.014678e-02 
 1.704059e+01  3.014679e-02 
 1.704091e+01  3.014680e-02 
 1.704123e+01  3.014681e-02 
 1.704155e+01  3.014681e-02 
 1.704188e+01  3.014682e-02 
 1.704220e+01  3.014683e-02 
 1.704252e+01  3.014684e-02 
 1.704284e+01  3.014684e-02 
 1.704316e+01  3.014685e-02 
 1.704348e+01  3.014686e-02 
 1.704380e+01  3.014686e-02 
 1.704413e+01  3.014687e-02 
 1.704445e+01  3.014688e-02 
 1.704477e+01  3.014688e-02 
 1.704509e+01  3.014689e-02 
 1.704541e+01  3.014690e-02 
 1.704573e+01  3.014691e-02 
 1.704606e+01  3.014691e-02 
 1.704638e+01  3.014692e-02 
 1.704670e+01  3.014693e-02 
 1.704702e+01  3.014693e-02 
 1.704734e+01  3.014694e-02 
 1.704766e+01  3.014695e-02 
 1.704798e+01  3.014695e-02 
 1.704831e+01  3.014696e-02 
 1.704863e+01  3.014697e-02 
 1.704895e+01  3.014697e-02 
 1.704927e+01  3.014698e-02 
 1.704959e+01  3.014699e-02 
 1.704991e+01  3.014699e-02 
 1.705024e+01  3.014700e-02 
 1.705056e+01  3.014701e-02 
 1.705088e+01  3.014701e-02 
 1.705120e+01  3.014702e-02 
 1.705152e+01  3.014703e-02 
 1.705184e+01  3.014703e-02 
 1.705216e+01  3.014704e-02 
 1.705249e+01  3.014705e-02 
 1.705281e+01  3.014705e-02 
 1.705313e+01  3.014706e-02 
 1.705345e+01  3.014707e-02 
 1.705377e+01  3.014707e-02 
 1.705409e+01  3.014708e-02 
 1.705442e+01  3.014709e-02 
 1.705474e+01  3.014709e-02 
 1.705506e+01  3.014710e-02 
 1.705538e+01  3.014710e-02 
 1.705570e+01  3.014711e-02 
 1.705602e+01  3.014712e-02 
 1.705635e+01  3.014712e-02 
 1.705667e+01  3.014713e-02 
 1.705699e+01  3.014713e-02 
 1.705731e+01  3.014714e-02 
 1.705763e+01  3.014715e-02 
 1.705795e+01  3.014715e-02 
 1.705827e+01  3.014716e-02 
 1.705860e+01  3.014716e-02 
 1.705892e+01  3.014717e-02 
 1.705924e+01  3.014718e-02 
 1.705956e+01  3.014718e-02 
 1.705988e+01  3.014719e-02 
 1.706020e+01  3.014719e-02 
 1.706053e+01  3.014720e-02 
 1.706085e+01  3.014720e-02 
 1.706117e+01  3.014721e-02 
 1.706149e+01  3.014721e-02 
 1.706181e+01  3.014722e-02 
 1.706213e+01  3.014723e-02 
 1.706245e+01  3.014723e-02 
 1.706278e+01  3.014724e-02 
 1.706310e+01  3.014724e-02 
 1.706342e+01  3.014725e-02 
 1.706374e+01  3.014725e-02 
 1.706406e+01  3.014726e-02 
 1.706438e+01  3.014726e-02 
 1.706471e+01  3.014727e-02 
 1.706503e+01  3.014727e-02 
 1.706535e+01  3.014728e-02 
 1.706567e+01  3.014728e-02 
 1.706599e+01  3.014729e-02 
 1.706631e+01  3.014729e-02 
 1.706664e+01  3.014730e-02 
 1.706696e+01  3.014730e-02 
 1.706728e+01  3.014730e-02 
 1.706760e+01  3.014731e-02 
 1.706792e+01  3.014731e-02 
 1.706824e+01  3.014732e-02 
 1.706856e+01  3.014732e-02 
 1.706889e+01  3.014733e-02 
 1.706921e+01  3.014733e-02 
 1.706953e+01  3.014734e-02 
 1.706985e+01  3.014734e-02 
 1.707017e+01  3.014734e-02 
 1.707049e+01  3.014735e-02 
 1.707082e+01  3.014735e-02 
 1.707114e+01  3.014736e-02 
 1.707146e+01  3.014736e-02 
 1.707178e+01  3.014736e-02 
 1.707210e+01  3.014737e-02 
 1.707242e+01  3.014737e-02 
 1.707274e+01  3.014738e-02 
 1.707307e+01  3.014738e-02 
 1.707339e+01  3.014738e-02 
 1.707371e+01  3.014739e-02 
 1.707403e+01  3.014739e-02 
 1.707435e+01  3.014740e-02 
 1.707467e+01  3.014740e-02 
 1.707500e+01  3.014740e-02 
 1.707532e+01  3.014741e-02 
 1.707564e+01  3.014741e-02 
 1.707596e+01  3.014741e-02 
 1.707628e+01  3.014742e-02 
 1.707660e+01  3.014742e-02 
 1.707692e+01  3.014742e-02 
 1.707725e+01  3.014743e-02 
 1.707757e+01  3.014743e-02 
 1.707789e+01  3.014743e-02 
 1.707821e+01  3.014744e-02 
 1.707853e+01  3.014744e-02 
 1.707885e+01  3.014744e-02 
 1.707918e+01  3.014745e-02 
 1.707950e+01  3.014745e-02 
 1.707982e+01  3.014745e-02 
 1.708014e+01  3.014746e-02 
 1.708046e+01  3.014746e-02 
 1.708078e+01  3.014746e-02 
 1.708111e+01  3.014747e-02 
 1.708143e+01  3.014747e-02 
 1.708175e+01  3.014747e-02 
 1.708207e+01  3.014747e-02 
 1.708239e+01  3.014748e-02 
 1.708271e+01  3.014748e-02 
 1.708303e+01  3.014748e-02 
 1.708336e+01  3.014749e-02 
 1.708368e+01  3.014749e-02 
 1.708400e+01  3.014749e-02 
 1.708432e+01  3.014749e-02 
 1.708464e+01  3.014750e-02 
 1.708496e+01  3.014750e-02 
 1.708529e+01  3.014750e-02 
 1.708561e+01  3.014751e-02 
 1.708593e+01  3.014751e-02 
 1.708625e+01  3.014751e-02 
 1.708657e+01  3.014751e-02 
 1.708689e+01  3.014752e-02 
 1.708721e+01  3.014752e-02 
 1.708754e+01  3.014752e-02 
 1.708786e+01  3.014753e-02 
 1.708818e+01  3.014753e-02 
 1.708850e+01  3.014753e-02 
 1.708882e+01  3.014753e-02 
 1.708914e+01  3.014754e-02 
 1.708947e+01  3.014754e-02 
 1.708979e+01  3.014754e-02 
 1.709011e+01  3.014754e-02 
 1.709043e+01  3.014755e-02 
 1.709075e+01  3.014755e-02 
 1.709107e+01  3.014755e-02 
 1.709139e+01  3.014756e-02 
 1.709172e+01  3.014756e-02 
 1.709204e+01  3.014756e-02 
 1.709236e+01  3.014756e-02 
 1.709268e+01  3.014757e-02 
 1.709300e+01  3.014757e-02 
 1.709332e+01  3.014757e-02 
 1.709365e+01  3.014757e-02 
 1.709397e+01  3.014758e-02 
 1.709429e+01  3.014758e-02 
 1.709461e+01  3.014758e-02 
 1.709493e+01  3.014759e-02 
 1.709525e+01  3.014759e-02 
 1.709558e+01  3.014759e-02 
 1.709590e+01  3.014759e-02 
 1.709622e+01  3.014760e-02 
 1.709654e+01  3.014760e-02 
 1.709686e+01  3.014760e-02 
 1.709718e+01  3.014760e-02 
 1.709750e+01  3.014761e-02 
 1.709783e+01  3.014761e-02 
 1.709815e+01  3.014761e-02 
 1.709847e+01  3.014761e-02 
 1.709879e+01  3.014762e-02 
 1.709911e+01  3.014762e-02 
 1.709943e+01  3.014762e-02 
 1.709976e+01  3.014763e-02 
 1.710008e+01  3.014763e-02 
 1.710040e+01  3.014763e-02 
 1.710072e+01  3.014763e-02 
 1.710104e+01  3.014764e-02 
 1.710136e+01  3.014764e-02 
 1.710168e+01  3.014764e-02 
 1.710201e+01  3.014764e-02 
 1.710233e+01  3.014765e-02 
 1.710265e+01  3.014765e-02 
 1.710297e+01  3.014765e-02 
 1.710329e+01  3.014765e-02 
 1.710361e+01  3.014766e-02 
 1.710394e+01  3.014766e-02 
 1.710426e+01  3.014766e-02 
 1.710458e+01  3.014766e-02 
 1.710490e+01  3.014767e-02 
 1.710522e+01  3.014767e-02 
 1.710554e+01  3.014767e-02 
 1.710586e+01  3.014767e-02 
 1.710619e+01  3.014768e-02 
 1.710651e+01  3.014768e-02 
 1.710683e+01  3.014768e-02 
 1.710715e+01  3.014768e-02 
 1.710747e+01  3.014769e-02 
 1.710779e+01  3.014769e-02 
 1.710812e+01  3.014769e-02 
 1.710844e+01  3.014769e-02 
 1.710876e+01  3.014770e-02 
 1.710908e+01  3.014770e-02 
 1.710940e+01  3.014770e-02 
 1.710972e+01  3.014770e-02 
 1.711005e+01  3.014770e-02 
 1.711037e+01  3.014771e-02 
 1.711069e+01  3.014771e-02 
 1.711101e+01  3.014771e-02 
 1.711133e+01  3.014771e-02 
 1.711165e+01  3.014772e-02 
 1.711197e+01  3.014772e-02 
 1.711230e+01  3.014772e-02 
 1.711262e+01  3.014772e-02 
 1.711294e+01  3.014772e-02 
 1.711326e+01  3.014773e-02 
 1.711358e+01  3.014773e-02 
 1.711390e+01  3.014773e-02 
 1.711423e+01  3.014773e-02 
 1.711455e+01  3.014773e-02 
 1.711487e+01  3.014774e-02 
 1.711519e+01  3.014774e-02 
 1.711551e+01  3.014774e-02 
 1.711583e+01  3.014774e-02 
 1.711615e+01  3.014774e-02 
 1.711648e+01  3.014774e-02 
 1.711680e+01  3.014775e-02 
 1.711712e+01  3.014775e-02 
 1.711744e+01  3.014775e-02 
 1.711776e+01  3.014775e-02 
 1.711808e+01  3.014775e-02 
 1.711841e+01  3.014775e-02 
 1.711873e+01  3.014776e-02 
 1.711905e+01  3.014776e-02 
 1.711937e+01  3.014776e-02 
 1.711969e+01  3.014776e-02 
 1.712001e+01  3.014776e-02 
 1.712033e+01  3.014776e-02 
 1.712066e+01  3.014776e-02 
 1.712098e+01  3.014777e-02 
 1.712130e+01  3.014777e-02 
 1.712162e+01  3.014777e-02 
 1.712194e+01  3.014777e-02 
 1.712226e+01  3.014777e-02 
 1.712259e+01  3.014777e-02 
 1.712291e+01  3.014777e-02 
 1.712323e+01  3.014777e-02 
 1.712355e+01  3.014777e-02 
 1.712387e+01  3.014777e-02 
 1.712419e+01  3.014777e-02 
 1.712452e+01  3.014777e-02 
 1.712484e+01  3.014778e-02 
 1.712516e+01  3.014778e-02 
 1.712548e+01  3.014778e-02 
 1.712580e+01  3.014778e-02 
 1.712612e+01  3.014778e-02 
 1.712644e+01  3.014778e-02 
 1.712677e+01  3.014778e-02 
 1.712709e+01  3.014778e-02 
 1.712741e+01  3.014778e-02 
 1.712773e+01  3.014778e-02 
 1.712805e+01  3.014778e-02 
 1.712837e+01  3.014778e-02 
 1.712870e+01  3.014778e-02 
 1.712902e+01  3.014778e-02 
 1.712934e+01  3.014777e-02 
 1.712966e+01  3.014777e-02 
 1.712998e+01  3.014777e-02 
 1.713030e+01  3.014777e-02 
 1.713062e+01  3.014777e-02 
 1.713095e+01  3.014777e-02 
 1.713127e+01  3.014777e-02 
 1.713159e+01  3.014777e-02 
 1.713191e+01  3.014777e-02 
 1.713223e+01  3.014777e-02 
 1.713255e+01  3.014777e-02 
 1.713288e+01  3.014776e-02 
 1.713320e+01  3.014776e-02 
 1.713352e+01  3.014776e-02 
 1.713384e+01  3.014776e-02 
 1.713416e+01  3.014776e-02 
 1.713448e+01  3.014776e-02 
 1.713480e+01  3.014776e-02 
 1.713513e+01  3.014775e-02 
 1.713545e+01  3.014775e-02 
 1.713577e+01  3.014775e-02 
 1.713609e+01  3.014775e-02 
 1.713641e+01  3.014775e-02 
 1.713673e+01  3.014774e-02 
 1.713706e+01  3.014774e-02 
 1.713738e+01  3.014774e-02 
 1.713770e+01  3.014774e-02 
 1.713802e+01  3.014774e-02 
 1.713834e+01  3.014773e-02 
 1.713866e+01  3.014773e-02 
 1.713899e+01  3.014773e-02 
 1.713931e+01  3.014773e-02 
 1.713963e+01  3.014773e-02 
 1.713995e+01  3.014772e-02 
 1.714027e+01  3.014772e-02 
 1.714059e+01  3.014772e-02 
 1.714091e+01  3.014772e-02 
 1.714124e+01  3.014771e-02 
 1.714156e+01  3.014771e-02 
 1.714188e+01  3.014771e-02 
 1.714220e+01  3.014770e-02 
 1.714252e+01  3.014770e-02 
 1.714284e+01  3.014770e-02 
 1.714317e+01  3.014770e-02 
 1.714349e+01  3.014769e-02 
 1.714381e+01  3.014769e-02 
 1.714413e+01  3.014769e-02 
 1.714445e+01  3.014769e-02 
 1.714477e+01  3.014768e-02 
 1.714509e+01  3.014768e-02 
 1.714542e+01  3.014768e-02 
 1.714574e+01  3.014767e-02 
 1.714606e+01  3.014767e-02 
 1.714638e+01  3.014767e-02 
 1.714670e+01  3.014767e-02 
 1.714702e+01  3.014766e-02 
 1.714735e+01  3.014766e-02 
 1.714767e+01  3.014766e-02 
 1.714799e+01  3.014765e-02 
 1.714831e+01  3.014765e-02 
 1.714863e+01  3.014765e-02 
 1.714895e+01  3.014765e-02 
 1.714927e+01  3.014764e-02 
 1.714960e+01  3.014764e-02 
 1.714992e+01  3.014764e-02 
 1.715024e+01  3.014763e-02 
 1.715056e+01  3.014763e-02 
 1.715088e+01  3.014763e-02 
 1.715120e+01  3.014762e-02 
 1.715153e+01  3.014762e-02 
 1.715185e+01  3.014762e-02 
 1.715217e+01  3.014761e-02 
 1.715249e+01  3.014761e-02 
 1.715281e+01  3.014761e-02 
 1.715313e+01  3.014761e-02 
 1.715346e+01  3.014760e-02 
 1.715378e+01  3.014760e-02 
 1.715410e+01  3.014760e-02 
 1.715442e+01  3.014759e-02 
 1.715474e+01  3.014759e-02 
 1.715506e+01  3.014759e-02 
 1.715538e+01  3.014758e-02 
 1.715571e+01  3.014758e-02 
 1.715603e+01  3.014758e-02 
 1.715635e+01  3.014757e-02 
 1.715667e+01  3.014757e-02 
 1.715699e+01  3.014757e-02 
 1.715731e+01  3.014756e-02 
 1.715764e+01  3.014756e-02 
 1.715796e+01  3.014755e-02 
 1.715828e+01  3.014755e-02 
 1.715860e+01  3.014755e-02 
 1.715892e+01  3.014754e-02 
 1.715924e+01  3.014754e-02 
 1.715956e+01  3.014754e-02 
 1.715989e+01  3.014753e-02 
 1.716021e+01  3.014753e-02 
 1.716053e+01  3.014752e-02 
 1.716085e+01  3.014752e-02 
 1.716117e+01  3.014752e-02 
 1.716149e+01  3.014751e-02 
 1.716182e+01  3.014751e-02 
 1.716214e+01  3.014750e-02 
 1.716246e+01  3.014750e-02 
 1.716278e+01  3.014750e-02 
 1.716310e+01  3.014749e-02 
 1.716342e+01  3.014749e-02 
 1.716375e+01  3.014748e-02 
 1.716407e+01  3.014748e-02 
 1.716439e+01  3.014747e-02 
 1.716471e+01  3.014747e-02 
 1.716503e+01  3.014746e-02 
 1.716535e+01  3.014746e-02 
 1.716567e+01  3.014745e-02 
 1.716600e+01  3.014745e-02 
 1.716632e+01  3.014744e-02 
 1.716664e+01  3.014744e-02 
 1.716696e+01  3.014743e-02 
 1.716728e+01  3.014743e-02 
 1.716760e+01  3.014742e-02 
 1.716793e+01  3.014742e-02 
 1.716825e+01  3.014741e-02 
 1.716857e+01  3.014741e-02 
 1.716889e+01  3.014740e-02 
 1.716921e+01  3.014740e-02 
 1.716953e+01  3.014739e-02 
 1.716985e+01  3.014739e-02 
 1.717018e+01  3.014738e-02 
 1.717050e+01  3.014737e-02 
 1.717082e+01  3.014737e-02 
 1.717114e+01  3.014736e-02 
 1.717146e+01  3.014736e-02 
 1.717178e+01  3.014735e-02 
 1.717211e+01  3.014734e-02 
 1.717243e+01  3.014734e-02 
 1.717275e+01  3.014733e-02 
 1.717307e+01  3.014732e-02 
 1.717339e+01  3.014732e-02 
 1.717371e+01  3.014731e-02 
 1.717403e+01  3.014730e-02 
 1.717436e+01  3.014730e-02 
 1.717468e+01  3.014729e-02 
 1.717500e+01  3.014728e-02 
 1.717532e+01  3.014728e-02 
 1.717564e+01  3.014727e-02 
 1.717596e+01  3.014726e-02 
 1.717629e+01  3.014726e-02 
 1.717661e+01  3.014725e-02 
 1.717693e+01  3.014724e-02 
 1.717725e+01  3.014723e-02 
 1.717757e+01  3.014723e-02 
 1.717789e+01  3.014722e-02 
 1.717822e+01  3.014721e-02 
 1.717854e+01  3.014720e-02 
 1.717886e+01  3.014720e-02 
 1.717918e+01  3.014719e-02 
 1.717950e+01  3.014718e-02 
 1.717982e+01  3.014717e-02 
 1.718014e+01  3.014717e-02 
 1.718047e+01  3.014716e-02 
 1.718079e+01  3.014715e-02 
 1.718111e+01  3.014714e-02 
 1.718143e+01  3.014713e-02 
 1.718175e+01  3.014712e-02 
 1.718207e+01  3.014712e-02 
 1.718240e+01  3.014711e-02 
 1.718272e+01  3.014710e-02 
 1.718304e+01  3.014709e-02 
 1.718336e+01  3.014708e-02 
 1.718368e+01  3.014707e-02 
 1.718400e+01  3.014707e-02 
 1.718432e+01  3.014706e-02 
 1.718465e+01  3.014705e-02 
 1.718497e+01  3.014704e-02 
 1.718529e+01  3.014703e-02 
 1.718561e+01  3.014702e-02 
 1.718593e+01  3.014701e-02 
 1.718625e+01  3.014700e-02 
 1.718658e+01  3.014700e-02 
 1.718690e+01  3.014699e-02 
 1.718722e+01  3.014698e-02 
 1.718754e+01  3.014697e-02 
 1.718786e+01  3.014696e-02 
 1.718818e+01  3.014695e-02 
 1.718850e+01  3.014694e-02 
 1.718883e+01  3.014693e-02 
 1.718915e+01  3.014692e-02 
 1.718947e+01  3.014691e-02 
 1.718979e+01  3.014690e-02 
 1.719011e+01  3.014689e-02 
 1.719043e+01  3.014688e-02 
 1.719076e+01  3.014688e-02 
 1.719108e+01  3.014687e-02 
 1.719140e+01  3.014686e-02 
 1.719172e+01  3.014685e-02 
 1.719204e+01  3.014684e-02 
 1.719236e+01  3.014683e-02 
 1.719269e+01  3.014682e-02 
 1.719301e+01  3.014681e-02 
 1.719333e+01  3.014680e-02 
 1.719365e+01  3.014679e-02 
 1.719397e+01  3.014678e-02 
 1.719429e+01  3.014677e-02 
 1.719461e+01  3.014676e-02 
 1.719494e+01  3.014675e-02 
 1.719526e+01  3.014674e-02 
 1.719558e+01  3.014673e-02 
 1.719590e+01  3.014672e-02 
 1.719622e+01  3.014671e-02 
 1.719654e+01  3.014670e-02 
 1.719687e+01  3.014669e-02 
 1.719719e+01  3.014668e-02 
 1.719751e+01  3.014667e-02 
 1.719783e+01  3.014666e-02 
 1.719815e+01  3.014665e-02 
 1.719847e+01  3.014664e-02 
 1.719879e+01  3.014663e-02 
 1.719912e+01  3.014662e-02 
 1.719944e+01  3.014661e-02 
 1.719976e+01  3.014660e-02 
 1.720008e+01  3.014659e-02 
 1.720040e+01  3.014658e-02 
 1.720072e+01  3.014657e-02 
 1.720105e+01  3.014656e-02 
 1.720137e+01  3.014655e-02 
 1.720169e+01  3.014654e-02 
 1.720201e+01  3.014653e-02 
 1.720233e+01  3.014652e-02 
 1.720265e+01  3.014651e-02 
 1.720297e+01  3.014650e-02 
 1.720330e+01  3.014649e-02 
 1.720362e+01  3.014648e-02 
 1.720394e+01  3.014647e-02 
 1.720426e+01  3.014646e-02 
 1.720458e+01  3.014645e-02 
 1.720490e+01  3.014644e-02 
 1.720523e+01  3.014643e-02 
 1.720555e+01  3.014641e-02 
 1.720587e+01  3.014640e-02 
 1.720619e+01  3.014639e-02 
 1.720651e+01  3.014638e-02 
 1.720683e+01  3.014637e-02 
 1.720716e+01  3.014636e-02 
 1.720748e+01  3.014635e-02 
 1.720780e+01  3.014634e-02 
 1.720812e+01  3.014633e-02 
 1.720844e+01  3.014632e-02 
 1.720876e+01  3.014631e-02 
 1.720908e+01  3.014630e-02 
 1.720941e+01  3.014629e-02 
 1.720973e+01  3.014628e-02 
 1.721005e+01  3.014627e-02 
 1.721037e+01  3.014626e-02 
 1.721069e+01  3.014625e-02 
 1.721101e+01  3.014624e-02 
 1.721134e+01  3.014623e-02 
 1.721166e+01  3.014622e-02 
 1.721198e+01  3.014621e-02 
 1.721230e+01  3.014620e-02 
 1.721262e+01  3.014619e-02 
 1.721294e+01  3.014618e-02 
 1.721326e+01  3.014617e-02 
 1.721359e+01  3.014616e-02 
 1.721391e+01  3.014615e-02 
 1.721423e+01  3.014614e-02 
 1.721455e+01  3.014613e-02 
 1.721487e+01  3.014611e-02 
 1.721519e+01  3.014610e-02 
 1.721552e+01  3.014609e-02 
 1.721584e+01  3.014608e-02 
 1.721616e+01  3.014607e-02 
 1.721648e+01  3.014606e-02 
 1.721680e+01  3.014605e-02 
 1.721712e+01  3.014604e-02 
 1.721744e+01  3.014603e-02 
 1.721777e+01  3.014602e-02 
 1.721809e+01  3.014601e-02 
 1.721841e+01  3.014600e-02 
 1.721873e+01  3.014599e-02 
 1.721905e+01  3.014598e-02 
 1.721937e+01  3.014597e-02 
 1.721970e+01  3.014596e-02 
 1.722002e+01  3.014595e-02 
 1.722034e+01  3.014594e-02 
 1.722066e+01  3.014593e-02 
 1.722098e+01  3.014592e-02 
 1.722130e+01  3.014591e-02 
 1.722163e+01  3.014590e-02 
 1.722195e+01  3.014589e-02 
 1.722227e+01  3.014588e-02 
 1.722259e+01  3.014587e-02 
 1.722291e+01  3.014586e-02 
 1.722323e+01  3.014585e-02 
 1.722355e+01  3.014584e-02 
 1.722388e+01  3.014583e-02 
 1.722420e+01  3.014582e-02 
 1.722452e+01  3.014581e-02 
 1.722484e+01  3.014580e-02 
 1.722516e+01  3.014580e-02 
 1.722548e+01  3.014579e-02 
 1.722581e+01  3.014578e-02 
 1.722613e+01  3.014577e-02 
 1.722645e+01  3.014576e-02 
 1.722677e+01  3.014575e-02 
 1.722709e+01  3.014574e-02 
 1.722741e+01  3.014573e-02 
 1.722773e+01  3.014572e-02 
 1.722806e+01  3.014571e-02 
 1.722838e+01  3.014570e-02 
 1.722870e+01  3.014569e-02 
 1.722902e+01  3.014568e-02 
 1.722934e+01  3.014568e-02 
 1.722966e+01  3.014567e-02 
 1.722999e+01  3.014566e-02 
 1.723031e+01  3.014565e-02 
 1.723063e+01  3.014564e-02 
 1.723095e+01  3.014563e-02 
 1.723127e+01  3.014562e-02 
 1.723159e+01  3.014562e-02 
 1.723191e+01  3.014561e-02 
 1.723224e+01  3.014560e-02 
 1.723256e+01  3.014559e-02 
 1.723288e+01  3.014558e-02 
 1.723320e+01  3.014557e-02 
 1.723352e+01  3.014557e-02 
 1.723384e+01  3.014556e-02 
 1.723417e+01  3.014555e-02 
 1.723449e+01  3.014554e-02 
 1.723481e+01  3.014553e-02 
 1.723513e+01  3.014553e-02 
 1.723545e+01  3.014552e-02 
 1.723577e+01  3.014551e-02 
 1.723610e+01  3.014550e-02 
 1.723642e+01  3.014550e-02 
 1.723674e+01  3.014549e-02 
 1.723706e+01  3.014548e-02 
 1.723738e+01  3.014547e-02 
 1.723770e+01  3.014547e-02 
 1.723802e+01  3.014546e-02 
 1.723835e+01  3.014545e-02 
 1.723867e+01  3.014544e-02 
 1.723899e+01  3.014544e-02 
 1.723931e+01  3.014543e-02 
 1.723963e+01  3.014542e-02 
 1.723995e+01  3.014541e-02 
 1.724028e+01  3.014541e-02 
 1.724060e+01  3.014540e-02 
 1.724092e+01  3.014539e-02 
 1.724124e+01  3.014539e-02 
 1.724156e+01  3.014538e-02 
 1.724188e+01  3.014537e-02 
 1.724220e+01  3.014537e-02 
 1.724253e+01  3.014536e-02 
 1.724285e+01  3.014535e-02 
 1.724317e+01  3.014535e-02 
 1.724349e+01  3.014534e-02 
 1.724381e+01  3.014533e-02 
 1.724413e+01  3.014533e-02 
 1.724446e+01  3.014532e-02 
 1.724478e+01  3.014532e-02 
 1.724510e+01  3.014531e-02 
 1.724542e+01  3.014530e-02 
 1.724574e+01  3.014530e-02 
 1.724606e+01  3.014529e-02 
 1.724638e+01  3.014528e-02 
 1.724671e+01  3.014528e-02 
 1.724703e+01  3.014527e-02 
 1.724735e+01  3.014527e-02 
 1.724767e+01  3.014526e-02 
 1.724799e+01  3.014526e-02 
 1.724831e+01  3.014525e-02 
 1.724864e+01  3.014524e-02 
 1.724896e+01  3.014524e-02 
 1.724928e+01  3.014523e-02 
 1.724960e+01  3.014523e-02 
 1.724992e+01  3.014522e-02 
 1.725024e+01  3.014522e-02 
 1.725057e+01  3.014521e-02 
 1.725089e+01  3.014521e-02 
 1.725121e+01  3.014520e-02 
 1.725153e+01  3.014520e-02 
 1.725185e+01  3.014519e-02 
 1.725217e+01  3.014519e-02 
 1.725249e+01  3.014518e-02 
 1.725282e+01  3.014518e-02 
 1.725314e+01  3.014517e-02 
 1.725346e+01  3.014517e-02 
 1.725378e+01  3.014516e-02 
 1.725410e+01  3.014516e-02 
 1.725442e+01  3.014515e-02 
 1.725475e+01  3.014515e-02 
 1.725507e+01  3.014514e-02 
 1.725539e+01  3.014514e-02 
 1.725571e+01  3.014513e-02 
 1.725603e+01  3.014513e-02 
 1.725635e+01  3.014512e-02 
 1.725667e+01  3.014512e-02 
 1.725700e+01  3.014512e-02 
 1.725732e+01  3.014511e-02 
 1.725764e+01  3.014511e-02 
 1.725796e+01  3.014510e-02 
 1.725828e+01  3.014510e-02 
 1.725860e+01  3.014509e-02 
 1.725893e+01  3.014509e-02 
 1.725925e+01  3.014509e-02 
 1.725957e+01  3.014508e-02 
 1.725989e+01  3.014508e-02 
 1.726021e+01  3.014508e-02 
 1.726053e+01  3.014507e-02 
 1.726085e+01  3.014507e-02 
 1.726118e+01  3.014507e-02 
 1.726150e+01  3.014506e-02 
 1.726182e+01  3.014506e-02 
 1.726214e+01  3.014505e-02 
 1.726246e+01  3.014505e-02 
 1.726278e+01  3.014505e-02 
 1.726311e+01  3.014505e-02 
 1.726343e+01  3.014504e-02 
 1.726375e+01  3.014504e-02 
 1.726407e+01  3.014504e-02 
 1.726439e+01  3.014503e-02 
 1.726471e+01  3.014503e-02 
 1.726504e+01  3.014503e-02 
 1.726536e+01  3.014502e-02 
 1.726568e+01  3.014502e-02 
 1.726600e+01  3.014502e-02 
 1.726632e+01  3.014502e-02 
 1.726664e+01  3.014501e-02 
 1.726696e+01  3.014501e-02 
 1.726729e+01  3.014501e-02 
 1.726761e+01  3.014501e-02 
 1.726793e+01  3.014501e-02 
 1.726825e+01  3.014500e-02 
 1.726857e+01  3.014500e-02 
 1.726889e+01  3.014500e-02 
 1.726922e+01  3.014500e-02 
 1.726954e+01  3.014499e-02 
 1.726986e+01  3.014499e-02 
 1.727018e+01  3.014499e-02 
 1.727050e+01  3.014499e-02 
 1.727082e+01  3.014499e-02 
 1.727114e+01  3.014499e-02 
 1.727147e+01  3.014498e-02 
 1.727179e+01  3.014498e-02 
 1.727211e+01  3.014498e-02 
 1.727243e+01  3.014498e-02 
 1.727275e+01  3.014498e-02 
 1.727307e+01  3.014498e-02 
 1.727340e+01  3.014497e-02 
 1.727372e+01  3.014497e-02 
 1.727404e+01  3.014497e-02 
 1.727436e+01  3.014497e-02 
 1.727468e+01  3.014497e-02 
 1.727500e+01  3.014497e-02 
 1.727533e+01  3.014497e-02 
 1.727565e+01  3.014497e-02 
 1.727597e+01  3.014497e-02 
 1.727629e+01  3.014496e-02 
 1.727661e+01  3.014496e-02 
 1.727693e+01  3.014496e-02 
 1.727725e+01  3.014496e-02 
 1.727758e+01  3.014496e-02 
 1.727790e+01  3.014496e-02 
 1.727822e+01  3.014496e-02 
 1.727854e+01  3.014496e-02 
 1.727886e+01  3.014496e-02 
 1.727918e+01  3.014496e-02 
 1.727951e+01  3.014496e-02 
 1.727983e+01  3.014496e-02 
 1.728015e+01  3.014496e-02 
 1.728047e+01  3.014496e-02 
 1.728079e+01  3.014496e-02 
 1.728111e+01  3.014496e-02 
 1.728143e+01  3.014496e-02 
 1.728176e+01  3.014496e-02 
 1.728208e+01  3.014495e-02 
 1.728240e+01  3.014495e-02 
 1.728272e+01  3.014495e-02 
 1.728304e+01  3.014495e-02 
 1.728336e+01  3.014495e-02 
 1.728369e+01  3.014495e-02 
 1.728401e+01  3.014495e-02 
 1.728433e+01  3.014495e-02 
 1.728465e+01  3.014495e-02 
 1.728497e+01  3.014495e-02 
 1.728529e+01  3.014495e-02 
 1.728561e+01  3.014495e-02 
 1.728594e+01  3.014495e-02 
 1.728626e+01  3.014495e-02 
 1.728658e+01  3.014495e-02 
 1.728690e+01  3.014495e-02 
 1.728722e+01  3.014495e-02 
 1.728754e+01  3.014496e-02 
 1.728787e+01  3.014496e-02 
 1.728819e+01  3.014496e-02 
 1.728851e+01  3.014496e-02 
 1.728883e+01  3.014496e-02 
 1.728915e+01  3.014496e-02 
 1.728947e+01  3.014496e-02 
 1.728980e+01  3.014496e-02 
 1.729012e+01  3.014496e-02 
 1.729044e+01  3.014496e-02 
 1.729076e+01  3.014496e-02 
 1.729108e+01  3.014496e-02 
 1.729140e+01  3.014496e-02 
 1.729172e+01  3.014496e-02 
 1.729205e+01  3.014496e-02 
 1.729237e+01  3.014496e-02 
 1.729269e+01  3.014496e-02 
 1.729301e+01  3.014496e-02 
 1.729333e+01  3.014496e-02 
 1.729365e+01  3.014497e-02 
 1.729398e+01  3.014497e-02 
 1.729430e+01  3.014497e-02 
 1.729462e+01  3.014497e-02 
 1.729494e+01  3.014497e-02 
 1.729526e+01  3.014497e-02 
 1.729558e+01  3.014497e-02 
 1.729590e+01  3.014497e-02 
 1.729623e+01  3.014497e-02 
 1.729655e+01  3.014497e-02 
 1.729687e+01  3.014497e-02 
 1.729719e+01  3.014498e-02 
 1.729751e+01  3.014498e-02 
 1.729783e+01  3.014498e-02 
 1.729816e+01  3.014498e-02 
 1.729848e+01  3.014498e-02 
 1.729880e+01  3.014498e-02 
 1.729912e+01  3.014498e-02 
 1.729944e+01  3.014499e-02 
 1.729976e+01  3.014499e-02 
 1.730008e+01  3.014499e-02 
 1.730041e+01  3.014499e-02 
 1.730073e+01  3.014499e-02 
 1.730105e+01  3.014499e-02 
 1.730137e+01  3.014499e-02 
 1.730169e+01  3.014500e-02 
 1.730201e+01  3.014500e-02 
 1.730234e+01  3.014500e-02 
 1.730266e+01  3.014500e-02 
 1.730298e+01  3.014500e-02 
 1.730330e+01  3.014501e-02 
 1.730362e+01  3.014501e-02 
 1.730394e+01  3.014501e-02 
 1.730427e+01  3.014501e-02 
 1.730459e+01  3.014501e-02 
 1.730491e+01  3.014502e-02 
 1.730523e+01  3.014502e-02 
 1.730555e+01  3.014502e-02 
 1.730587e+01  3.014502e-02 
 1.730619e+01  3.014503e-02 
 1.730652e+01  3.014503e-02 
 1.730684e+01  3.014503e-02 
 1.730716e+01  3.014503e-02 
 1.730748e+01  3.014504e-02 
 1.730780e+01  3.014504e-02 
 1.730812e+01  3.014504e-02 
 1.730845e+01  3.014504e-02 
 1.730877e+01  3.014505e-02 
 1.730909e+01  3.014505e-02 
 1.730941e+01  3.014505e-02 
 1.730973e+01  3.014506e-02 
 1.731005e+01  3.014506e-02 
 1.731037e+01  3.014506e-02 
 1.731070e+01  3.014507e-02 
 1.731102e+01  3.014507e-02 
 1.731134e+01  3.014507e-02 
 1.731166e+01  3.014508e-02 
 1.731198e+01  3.014508e-02 
 1.731230e+01  3.014508e-02 
 1.731263e+01  3.014509e-02 
 1.731295e+01  3.014509e-02 
 1.731327e+01  3.014509e-02 
 1.731359e+01  3.014510e-02 
 1.731391e+01  3.014510e-02 
 1.731423e+01  3.014510e-02 
 1.731455e+01  3.014511e-02 
 1.731488e+01  3.014511e-02 
 1.731520e+01  3.014512e-02 
 1.731552e+01  3.014512e-02 
 1.731584e+01  3.014512e-02 
 1.731616e+01  3.014513e-02 
 1.731648e+01  3.014513e-02 
 1.731681e+01  3.014514e-02 
 1.731713e+01  3.014514e-02 
 1.731745e+01  3.014515e-02 
 1.731777e+01  3.014515e-02 
 1.731809e+01  3.014516e-02 
 1.731841e+01  3.014516e-02 
 1.731874e+01  3.014516e-02 
 1.731906e+01  3.014517e-02 
 1.731938e+01  3.014517e-02 
 1.731970e+01  3.014518e-02 
 1.732002e+01  3.014518e-02 
 1.732034e+01  3.014519e-02 
 1.732066e+01  3.014519e-02 
 1.732099e+01  3.014520e-02 
 1.732131e+01  3.014520e-02 
 1.732163e+01  3.014521e-02 
 1.732195e+01  3.014521e-02 
 1.732227e+01  3.014522e-02 
 1.732259e+01  3.014522e-02 
 1.732292e+01  3.014523e-02 
 1.732324e+01  3.014523e-02 
 1.732356e+01  3.014524e-02 
 1.732388e+01  3.014525e-02 
 1.732420e+01  3.014525e-02 
 1.732452e+01  3.014526e-02 
 1.732484e+01  3.014526e-02 
 1.732517e+01  3.014527e-02 
 1.732549e+01  3.014527e-02 
 1.732581e+01  3.014528e-02 
 1.732613e+01  3.014528e-02 
 1.732645e+01  3.014529e-02 
 1.732677e+01  3.014530e-02 
 1.732710e+01  3.014530e-02 
 1.732742e+01  3.014531e-02 
 1.732774e+01  3.014531e-02 
 1.732806e+01  3.014532e-02 
 1.732838e+01  3.014532e-02 
 1.732870e+01  3.014533e-02 
 1.732902e+01  3.014534e-02 
 1.732935e+01  3.014534e-02 
 1.732967e+01  3.014535e-02 
 1.732999e+01  3.014535e-02 
 1.733031e+01  3.014536e-02 
 1.733063e+01  3.014537e-02 
 1.733095e+01  3.014537e-02 
 1.733128e+01  3.014538e-02 
 1.733160e+01  3.014539e-02 
 1.733192e+01  3.014539e-02 
 1.733224e+01  3.014540e-02 
 1.733256e+01  3.014540e-02 
 1.733288e+01  3.014541e-02 
 1.733321e+01  3.014542e-02 
 1.733353e+01  3.014542e-02 
 1.733385e+01  3.014543e-02 
 1.733417e+01  3.014544e-02 
 1.733449e+01  3.014544e-02 
 1.733481e+01  3.014545e-02 
 1.733513e+01  3.014546e-02 
 1.733546e+01  3.014546e-02 
 1.733578e+01  3.014547e-02 
 1.733610e+01  3.014548e-02 
 1.733642e+01  3.014548e-02 
 1.733674e+01  3.014549e-02 
 1.733706e+01  3.014550e-02 
 1.733739e+01  3.014550e-02 
 1.733771e+01  3.014551e-02 
 1.733803e+01  3.014552e-02 
 1.733835e+01  3.014553e-02 
 1.733867e+01  3.014553e-02 
 1.733899e+01  3.014554e-02 
 1.733931e+01  3.014555e-02 
 1.733964e+01  3.014555e-02 
 1.733996e+01  3.014556e-02 
 1.734028e+01  3.014557e-02 
 1.734060e+01  3.014558e-02 
 1.734092e+01  3.014558e-02 
 1.734124e+01  3.014559e-02 
 1.734157e+01  3.014560e-02 
 1.734189e+01  3.014560e-02 
 1.734221e+01  3.014561e-02 
 1.734253e+01  3.014562e-02 
 1.734285e+01  3.014563e-02 
 1.734317e+01  3.014563e-02 
 1.734349e+01  3.014564e-02 
 1.734382e+01  3.014565e-02 
 1.734414e+01  3.014566e-02 
 1.734446e+01  3.014567e-02 
 1.734478e+01  3.014567e-02 
 1.734510e+01  3.014568e-02 
 1.734542e+01  3.014569e-02 
 1.734575e+01  3.014570e-02 
 1.734607e+01  3.014570e-02 
 1.734639e+01  3.014571e-02 
 1.734671e+01  3.014572e-02 
 1.734703e+01  3.014573e-02 
 1.734735e+01  3.014574e-02 
 1.734768e+01  3.014574e-02 
 1.734800e+01  3.014575e-02 
 1.734832e+01  3.014576e-02 
 1.734864e+01  3.014577e-02 
 1.734896e+01  3.014578e-02 
 1.734928e+01  3.014578e-02 
 1.734960e+01  3.014579e-02 
 1.734993e+01  3.014580e-02 
 1.735025e+01  3.014581e-02 
 1.735057e+01  3.014582e-02 
 1.735089e+01  3.014582e-02 
 1.735121e+01  3.014583e-02 
 1.735153e+01  3.014584e-02 
 1.735186e+01  3.014585e-02 
 1.735218e+01  3.014586e-02 
 1.735250e+01  3.014586e-02 
 1.735282e+01  3.014587e-02 
 1.735314e+01  3.014588e-02 
 1.735346e+01  3.014589e-02 
 1.735378e+01  3.014590e-02 
 1.735411e+01  3.014590e-02 
 1.735443e+01  3.014591e-02 
 1.735475e+01  3.014592e-02 
 1.735507e+01  3.014593e-02 
 1.735539e+01  3.014594e-02 
 1.735571e+01  3.014594e-02 
 1.735604e+01  3.014595e-02 
 1.735636e+01  3.014596e-02 
 1.735668e+01  3.014597e-02 
 1.735700e+01  3.014598e-02 
 1.735732e+01  3.014598e-02 
 1.735764e+01  3.014599e-02 
 1.735796e+01  3.014600e-02 
 1.735829e+01  3.014601e-02 
 1.735861e+01  3.014601e-02 
 1.735893e+01  3.014602e-02 
 1.735925e+01  3.014603e-02 
 1.735957e+01  3.014604e-02 
 1.735989e+01  3.014605e-02 
 1.736022e+01  3.014605e-02 
 1.736054e+01  3.014606e-02 
 1.736086e+01  3.014607e-02 
 1.736118e+01  3.014608e-02 
 1.736150e+01  3.014608e-02 
 1.736182e+01  3.014609e-02 
 1.736215e+01  3.014610e-02 
 1.736247e+01  3.014611e-02 
 1.736279e+01  3.014611e-02 
 1.736311e+01  3.014612e-02 
 1.736343e+01  3.014613e-02 
 1.736375e+01  3.014614e-02 
 1.736407e+01  3.014614e-02 
 1.736440e+01  3.014615e-02 
 1.736472e+01  3.014616e-02 
 1.736504e+01  3.014617e-02 
 1.736536e+01  3.014617e-02 
 1.736568e+01  3.014618e-02 
 1.736600e+01  3.014619e-02 
 1.736633e+01  3.014620e-02 
 1.736665e+01  3.014620e-02 
 1.736697e+01  3.014621e-02 
 1.736729e+01  3.014622e-02 
 1.736761e+01  3.014623e-02 
 1.736793e+01  3.014623e-02 
 1.736825e+01  3.014624e-02 
 1.736858e+01  3.014625e-02 
 1.736890e+01  3.014626e-02 
 1.736922e+01  3.014626e-02 
 1.736954e+01  3.014627e-02 
 1.736986e+01  3.014628e-02 
 1.737018e+01  3.014629e-02 
 1.737051e+01  3.014629e-02 
 1.737083e+01  3.014630e-02 
 1.737115e+01  3.014631e-02 
 1.737147e+01  3.014632e-02 
 1.737179e+01  3.014632e-02 
 1.737211e+01  3.014633e-02 
 1.737244e+01  3.014634e-02 
 1.737276e+01  3.014635e-02 
 1.737308e+01  3.014636e-02 
 1.737340e+01  3.014636e-02 
 1.737372e+01  3.014637e-02 
 1.737404e+01  3.014638e-02 
 1.737436e+01  3.014639e-02 
 1.737469e+01  3.014639e-02 
 1.737501e+01  3.014640e-02 
 1.737533e+01  3.014641e-02 
 1.737565e+01  3.014642e-02 
 1.737597e+01  3.014642e-02 
 1.737629e+01  3.014643e-02 
 1.737662e+01  3.014644e-02 
 1.737694e+01  3.014645e-02 
 1.737726e+01  3.014646e-02 
 1.737758e+01  3.014646e-02 
 1.737790e+01  3.014647e-02 
 1.737822e+01  3.014648e-02 
 1.737854e+01  3.014649e-02 
 1.737887e+01  3.014650e-02 
 1.737919e+01  3.014650e-02 
 1.737951e+01  3.014651e-02 
 1.737983e+01  3.014652e-02 
 1.738015e+01  3.014653e-02 
 1.738047e+01  3.014654e-02 
 1.738080e+01  3.014655e-02 
 1.738112e+01  3.014655e-02 
 1.738144e+01  3.014656e-02 
 1.738176e+01  3.014657e-02 
 1.738208e+01  3.014658e-02 
 1.738240e+01  3.014659e-02 
 1.738272e+01  3.014659e-02 
 1.738305e+01  3.014660e-02 
 1.738337e+01  3.014661e-02 
 1.738369e+01  3.014662e-02 
 1.738401e+01  3.014663e-02 
 1.738433e+01  3.014664e-02 
 1.738465e+01  3.014664e-02 
 1.738498e+01  3.014665e-02 
 1.738530e+01  3.014666e-02 
 1.738562e+01  3.014667e-02 
 1.738594e+01  3.014668e-02 
 1.738626e+01  3.014669e-02 
 1.738658e+01  3.014669e-02 
 1.738691e+01  3.014670e-02 
 1.738723e+01  3.014671e-02 
 1.738755e+01  3.014672e-02 
 1.738787e+01  3.014673e-02 
 1.738819e+01  3.014674e-02 
 1.738851e+01  3.014674e-02 
 1.738883e+01  3.014675e-02 
 1.738916e+01  3.014676e-02 
 1.738948e+01  3.014677e-02 
 1.738980e+01  3.014678e-02 
 1.739012e+01  3.014679e-02 
 1.739044e+01  3.014679e-02 
 1.739076e+01  3.014680e-02 
 1.739109e+01  3.014681e-02 
 1.739141e+01  3.014682e-02 
 1.739173e+01  3.014683e-02 
 1.739205e+01  3.014683e-02 
 1.739237e+01  3.014684e-02 
 1.739269e+01  3.014685e-02 
 1.739301e+01  3.014686e-02 
 1.739334e+01  3.014687e-02 
 1.739366e+01  3.014687e-02 
 1.739398e+01  3.014688e-02 
 1.739430e+01  3.014689e-02 
 1.739462e+01  3.014690e-02 
 1.739494e+01  3.014691e-02 
 1.739527e+01  3.014691e-02 
 1.739559e+01  3.014692e-02 
 1.739591e+01  3.014693e-02 
 1.739623e+01  3.014694e-02 
 1.739655e+01  3.014695e-02 
 1.739687e+01  3.014695e-02 
 1.739719e+01  3.014696e-02 
 1.739752e+01  3.014697e-02 
 1.739784e+01  3.014698e-02 
 1.739816e+01  3.014698e-02 
 1.739848e+01  3.014699e-02 
 1.739880e+01  3.014700e-02 
 1.739912e+01  3.014701e-02 
 1.739945e+01  3.014701e-02 
 1.739977e+01  3.014702e-02 
 1.740009e+01  3.014703e-02 
 1.740041e+01  3.014704e-02 
 1.740073e+01  3.014704e-02 
 1.740105e+01  3.014705e-02 
 1.740138e+01  3.014706e-02 
 1.740170e+01  3.014707e-02 
 1.740202e+01  3.014707e-02 
 1.740234e+01  3.014708e-02 
 1.740266e+01  3.014709e-02 
 1.740298e+01  3.014709e-02 
 1.740330e+01  3.014710e-02 
 1.740363e+01  3.014711e-02 
 1.740395e+01  3.014711e-02 
 1.740427e+01  3.014712e-02 
 1.740459e+01  3.014713e-02 
 1.740491e+01  3.014713e-02 
 1.740523e+01  3.014714e-02 
 1.740556e+01  3.014715e-02 
 1.740588e+01  3.014715e-02 
 1.740620e+01  3.014716e-02 
 1.740652e+01  3.014717e-02 
 1.740684e+01  3.014717e-02 
 1.740716e+01  3.014718e-02 
 1.740748e+01  3.014719e-02 
 1.740781e+01  3.014719e-02 
 1.740813e+01  3.014720e-02 
 1.740845e+01  3.014721e-02 
 1.740877e+01  3.014721e-02 
 1.740909e+01  3.014722e-02 
 1.740941e+01  3.014722e-02 
 1.740974e+01  3.014723e-02 
 1.741006e+01  3.014724e-02 
 1.741038e+01  3.014724e-02 
 1.741070e+01  3.014725e-02 
 1.741102e+01  3.014725e-02 
 1.741134e+01  3.014726e-02 
 1.741166e+01  3.014726e-02 
 1.741199e+01  3.014727e-02 
 1.741231e+01  3.014728e-02 
 1.741263e+01  3.014728e-02 
 1.741295e+01  3.014729e-02 
 1.741327e+01  3.014729e-02 
 1.741359e+01  3.014730e-02 
 1.741392e+01  3.014730e-02 
 1.741424e+01  3.014731e-02 
 1.741456e+01  3.014731e-02 
 1.741488e+01  3.014732e-02 
 1.741520e+01  3.014732e-02 
 1.741552e+01  3.014733e-02 
 1.741585e+01  3.014733e-02 
 1.741617e+01  3.014734e-02 
 1.741649e+01  3.014734e-02 
 1.741681e+01  3.014735e-02 
 1.741713e+01  3.014735e-02 
 1.741745e+01  3.014736e-02 
 1.741777e+01  3.014737e-02 
 1.741810e+01  3.014737e-02 
 1.741842e+01  3.014737e-02 
 1.741874e+01  3.014738e-02 
 1.741906e+01  3.014738e-02 
 1.741938e+01  3.014739e-02 
 1.741970e+01  3.014739e-02 
 1.742003e+01  3.014740e-02 
 1.742035e+01  3.014740e-02 
 1.742067e+01  3.014741e-02 
 1.742099e+01  3.014741e-02 
 1.742131e+01  3.014742e-02 
 1.742163e+01  3.014742e-02 
 1.742195e+01  3.014743e-02 
 1.742228e+01  3.014743e-02 
 1.742260e+01  3.014744e-02 
 1.742292e+01  3.014744e-02 
 1.742324e+01  3.014745e-02 
 1.742356e+01  3.014745e-02 
 1.742388e+01  3.014746e-02 
 1.742421e+01  3.014746e-02 
 1.742453e+01  3.014747e-02 
 1.742485e+01  3.014747e-02 
 1.742517e+01  3.014748e-02 
 1.742549e+01  3.014748e-02 
 1.742581e+01  3.014748e-02 
 1.742613e+01  3.014749e-02 
 1.742646e+01  3.014749e-02 
 1.742678e+01  3.014750e-02 
 1.742710e+01  3.014750e-02 
 1.742742e+01  3.014751e-02 
 1.742774e+01  3.014751e-02 
 1.742806e+01  3.014752e-02 
 1.742839e+01  3.014752e-02 
 1.742871e+01  3.014753e-02 
 1.742903e+01  3.014753e-02 
 1.742935e+01  3.014753e-02 
 1.742967e+01  3.014754e-02 
 1.742999e+01  3.014754e-02 
 1.743032e+01  3.014755e-02 
 1.743064e+01  3.014755e-02 
 1.743096e+01  3.014756e-02 
 1.743128e+01  3.014756e-02 
 1.743160e+01  3.014756e-02 
 1.743192e+01  3.014757e-02 
 1.743224e+01  3.014757e-02 
 1.743257e+01  3.014758e-02 
 1.743289e+01  3.014758e-02 
 1.743321e+01  3.014759e-02 
 1.743353e+01  3.014759e-02 
 1.743385e+01  3.014759e-02 
 1.743417e+01  3.014760e-02 
 1.743450e+01  3.014760e-02 
 1.743482e+01  3.014761e-02 
 1.743514e+01  3.014761e-02 
 1.743546e+01  3.014761e-02 
 1.743578e+01  3.014762e-02 
 1.743610e+01  3.014762e-02 
 1.743642e+01  3.014763e-02 
 1.743675e+01  3.014763e-02 
 1.743707e+01  3.014763e-02 
 1.743739e+01  3.014764e-02 
 1.743771e+01  3.014764e-02 
 1.743803e+01  3.014765e-02 
 1.743835e+01  3.014765e-02 
 1.743868e+01  3.014765e-02 
 1.743900e+01  3.014766e-02 
 1.743932e+01  3.014766e-02 
 1.743964e+01  3.014766e-02 
 1.743996e+01  3.014767e-02 
 1.744028e+01  3.014767e-02 
 1.744060e+01  3.014767e-02 
 1.744093e+01  3.014768e-02 
 1.744125e+01  3.014768e-02 
 1.744157e+01  3.014768e-02 
 1.744189e+01  3.014769e-02 
 1.744221e+01  3.014769e-02 
 1.744253e+01  3.014769e-02 
 1.744286e+01  3.014770e-02 
 1.744318e+01  3.014770e-02 
 1.744350e+01  3.014770e-02 
 1.744382e+01  3.014771e-02 
 1.744414e+01  3.014771e-02 
 1.744446e+01  3.014771e-02 
 1.744479e+01  3.014772e-02 
 1.744511e+01  3.014772e-02 
 1.744543e+01  3.014772e-02 
 1.744575e+01  3.014773e-02 
 1.744607e+01  3.014773e-02 
 1.744639e+01  3.014773e-02 
 1.744671e+01  3.014773e-02 
 1.744704e+01  3.014774e-02 
 1.744736e+01  3.014774e-02 
 1.744768e+01  3.014774e-02 
 1.744800e+01  3.014774e-02 
 1.744832e+01  3.014775e-02 
 1.744864e+01  3.014775e-02 
 1.744897e+01  3.014775e-02 
 1.744929e+01  3.014776e-02 
 1.744961e+01  3.014776e-02 
 1.744993e+01  3.014776e-02 
 1.745025e+01  3.014776e-02 
 1.745057e+01  3.014777e-02 
 1.745089e+01  3.014777e-02 
 1.745122e+01  3.014777e-02 
 1.745154e+01  3.014777e-02 
 1.745186e+01  3.014777e-02 
 1.745218e+01  3.014778e-02 
 1.745250e+01  3.014778e-02 
 1.745282e+01  3.014778e-02 
 1.745315e+01  3.014778e-02 
 1.745347e+01  3.014779e-02 
 1.745379e+01  3.014779e-02 
 1.745411e+01  3.014779e-02 
 1.745443e+01  3.014779e-02 
 1.745475e+01  3.014780e-02 
 1.745507e+01  3.014780e-02 
 1.745540e+01  3.014780e-02 
 1.745572e+01  3.014780e-02 
 1.745604e+01  3.014780e-02 
 1.745636e+01  3.014781e-02 
 1.745668e+01  3.014781e-02 
 1.745700e+01  3.014781e-02 
 1.745733e+01  3.014781e-02 
 1.745765e+01  3.014781e-02 
 1.745797e+01  3.014782e-02 
 1.745829e+01  3.014782e-02 
 1.745861e+01  3.014782e-02 
 1.745893e+01  3.014782e-02 
 1.745926e+01  3.014782e-02 
 1.745958e+01  3.014782e-02 
 1.745990e+01  3.014783e-02 
 1.746022e+01  3.014783e-02 
 1.746054e+01  3.014783e-02 
 1.746086e+01  3.014783e-02 
 1.746118e+01  3.014783e-02 
 1.746151e+01  3.014783e-02 
 1.746183e+01  3.014784e-02 
 1.746215e+01  3.014784e-02 
 1.746247e+01  3.014784e-02 
 1.746279e+01  3.014784e-02 
 1.746311e+01  3.014784e-02 
 1.746344e+01  3.014784e-02 
 1.746376e+01  3.014784e-02 
 1.746408e+01  3.014785e-02 
 1.746440e+01  3.014785e-02 
 1.746472e+01  3.014785e-02 
 1.746504e+01  3.014785e-02 
 1.746536e+01  3.014785e-02 
 1.746569e+01  3.014785e-02 
 1.746601e+01  3.014785e-02 
 1.746633e+01  3.014785e-02 
 1.746665e+01  3.014786e-02 
 1.746697e+01  3.014786e-02 
 1.746729e+01  3.014786e-02 
 1.746762e+01  3.014786e-02 
 1.746794e+01  3.014786e-02 
 1.746826e+01  3.014786e-02 
 1.746858e+01  3.014786e-02 
 1.746890e+01  3.014786e-02 
 1.746922e+01  3.014786e-02 
 1.746954e+01  3.014786e-02 
 1.746987e+01  3.014786e-02 
 1.747019e+01  3.014786e-02 
 1.747051e+01  3.014786e-02 
 1.747083e+01  3.014787e-02 
 1.747115e+01  3.014787e-02 
 1.747147e+01  3.014787e-02 
 1.747180e+01  3.014787e-02 
 1.747212e+01  3.014787e-02 
 1.747244e+01  3.014787e-02 
 1.747276e+01  3.014787e-02 
 1.747308e+01  3.014787e-02 
 1.747340e+01  3.014787e-02 
 1.747373e+01  3.014787e-02 
 1.747405e+01  3.014787e-02 
 1.747437e+01  3.014787e-02 
 1.747469e+01  3.014787e-02 
 1.747501e+01  3.014787e-02 
 1.747533e+01  3.014787e-02 
 1.747565e+01  3.014787e-02 
 1.747598e+01  3.014787e-02 
 1.747630e+01  3.014787e-02 
 1.747662e+01  3.014787e-02 
 1.747694e+01  3.014787e-02 
 1.747726e+01  3.014787e-02 
 1.747758e+01  3.014787e-02 
 1.747791e+01  3.014787e-02 
 1.747823e+01  3.014787e-02 
 1.747855e+01  3.014787e-02 
 1.747887e+01  3.014787e-02 
 1.747919e+01  3.014787e-02 
 1.747951e+01  3.014787e-02 
 1.747983e+01  3.014787e-02 
 1.748016e+01  3.014787e-02 
 1.748048e+01  3.014787e-02 
 1.748080e+01  3.014787e-02 
 1.748112e+01  3.014786e-02 
 1.748144e+01  3.014786e-02 
 1.748176e+01  3.014786e-02 
 1.748209e+01  3.014786e-02 
 1.748241e+01  3.014786e-02 
 1.748273e+01  3.014786e-02 
 1.748305e+01  3.014786e-02 
 1.748337e+01  3.014786e-02 
 1.748369e+01  3.014786e-02 
 1.748402e+01  3.014786e-02 
 1.748434e+01  3.014786e-02 
 1.748466e+01  3.014786e-02 
 1.748498e+01  3.014785e-02 
 1.748530e+01  3.014785e-02 
 1.748562e+01  3.014785e-02 
 1.748594e+01  3.014785e-02 
 1.748627e+01  3.014785e-02 
 1.748659e+01  3.014785e-02 
 1.748691e+01  3.014785e-02 
 1.748723e+01  3.014785e-02 
 1.748755e+01  3.014784e-02 
 1.748787e+01  3.014784e-02 
 1.748820e+01  3.014784e-02 
 1.748852e+01  3.014784e-02 
 1.748884e+01  3.014784e-02 
 1.748916e+01  3.014784e-02 
 1.748948e+01  3.014784e-02 
 1.748980e+01  3.014783e-02 
 1.749012e+01  3.014783e-02 
 1.749045e+01  3.014783e-02 
 1.749077e+01  3.014783e-02 
 1.749109e+01  3.014783e-02 
 1.749141e+01  3.014783e-02 
 1.749173e+01  3.014782e-02 
 1.749205e+01  3.014782e-02 
 1.749238e+01  3.014782e-02 
 1.749270e+01  3.014782e-02 
 1.749302e+01  3.014782e-02 
 1.749334e+01  3.014781e-02 
 1.749366e+01  3.014781e-02 
 1.749398e+01  3.014781e-02 
 1.749430e+01  3.014781e-02 
 1.749463e+01  3.014781e-02 
 1.749495e+01  3.014780e-02 
 1.749527e+01  3.014780e-02 
 1.749559e+01  3.014780e-02 
 1.749591e+01  3.014780e-02 
 1.749623e+01  3.014780e-02 
 1.749656e+01  3.014779e-02 
 1.749688e+01  3.014779e-02 
 1.749720e+01  3.014779e-02 
 1.749752e+01  3.014779e-02 
 1.749784e+01  3.014778e-02 
 1.749816e+01  3.014778e-02 
 1.749849e+01  3.014778e-02 
 1.749881e+01  3.014778e-02 
 1.749913e+01  3.014777e-02 
 1.749945e+01  3.014777e-02 
 1.749977e+01  3.014777e-02 
 1.750009e+01  3.014777e-02 
 1.750041e+01  3.014776e-02 
 1.750074e+01  3.014776e-02 
 1.750106e+01  3.014776e-02 
 1.750138e+01  3.014776e-02 
 1.750170e+01  3.014775e-02 
 1.750202e+01  3.014775e-02 
 1.750234e+01  3.014775e-02 
 1.750267e+01  3.014775e-02 
 1.750299e+01  3.014774e-02 
 1.750331e+01  3.014774e-02 
 1.750363e+01  3.014774e-02 
 1.750395e+01  3.014774e-02 
 1.750427e+01  3.014773e-02 
 1.750459e+01  3.014773e-02 
 1.750492e+01  3.014773e-02 
 1.750524e+01  3.014773e-02 
 1.750556e+01  3.014772e-02 
 1.750588e+01  3.014772e-02 
 1.750620e+01  3.014772e-02 
 1.750652e+01  3.014772e-02 
 1.750685e+01  3.014771e-02 
 1.750717e+01  3.014771e-02 
 1.750749e+01  3.014771e-02 
 1.750781e+01  3.014770e-02 
 1.750813e+01  3.014770e-02 
 1.750845e+01  3.014770e-02 
 1.750877e+01  3.014770e-02 
 1.750910e+01  3.014769e-02 
 1.750942e+01  3.014769e-02 
 1.750974e+01  3.014769e-02 
 1.751006e+01  3.014769e-02 
 1.751038e+01  3.014768e-02 
 1.751070e+01  3.014768e-02 
 1.751103e+01  3.014768e-02 
 1.751135e+01  3.014767e-02 
 1.751167e+01  3.014767e-02 
 1.751199e+01  3.014767e-02 
 1.751231e+01  3.014767e-02 
 1.751263e+01  3.014766e-02 
 1.751296e+01  3.014766e-02 
 1.751328e+01  3.014766e-02 
 1.751360e+01  3.014766e-02 
 1.751392e+01  3.014765e-02 
 1.751424e+01  3.014765e-02 
 1.751456e+01  3.014765e-02 
 1.751488e+01  3.014764e-02 
 1.751521e+01  3.014764e-02 
 1.751553e+01  3.014764e-02 
 1.751585e+01  3.014764e-02 
 1.751617e+01  3.014763e-02 
 1.751649e+01  3.014763e-02 
 1.751681e+01  3.014763e-02 
 1.751714e+01  3.014763e-02 
 1.751746e+01  3.014762e-02 
 1.751778e+01  3.014762e-02 
 1.751810e+01  3.014762e-02 
 1.751842e+01  3.014761e-02 
 1.751874e+01  3.014761e-02 
 1.751906e+01  3.014761e-02 
 1.751939e+01  3.014761e-02 
 1.751971e+01  3.014760e-02 
 1.752003e+01  3.014760e-02 
 1.752035e+01  3.014760e-02 
 1.752067e+01  3.014759e-02 
 1.752099e+01  3.014759e-02 
 1.752132e+01  3.014759e-02 
 1.752164e+01  3.014759e-02 
 1.752196e+01  3.014758e-02 
 1.752228e+01  3.014758e-02 
 1.752260e+01  3.014758e-02 
 1.752292e+01  3.014758e-02 
 1.752324e+01  3.014757e-02 
 1.752357e+01  3.014757e-02 
 1.752389e+01  3.014757e-02 
 1.752421e+01  3.014757e-02 
 1.752453e+01  3.014756e-02 
 1.752485e+01  3.014756e-02 
 1.752517e+01  3.014756e-02 
 1.752550e+01  3.014756e-02 
 1.752582e+01  3.014755e-02 
 1.752614e+01  3.014755e-02 
 1.752646e+01  3.014755e-02 
 1.752678e+01  3.014755e-02 
 1.752710e+01  3.014754e-02 
 1.752743e+01  3.014754e-02 
 1.752775e+01  3.014754e-02 
 1.752807e+01  3.014754e-02 
 1.752839e+01  3.014753e-02 
 1.752871e+01  3.014753e-02 
 1.752903e+01  3.014753e-02 
 1.752935e+01  3.014753e-02 
 1.752968e+01  3.014753e-02 
 1.753000e+01  3.014752e-02 
 1.753032e+01  3.014752e-02 
 1.753064e+01  3.014752e-02 
 1.753096e+01  3.014752e-02 
 1.753128e+01  3.014752e-02 
 1.753161e+01  3.014751e-02 
 1.753193e+01  3.014751e-02 
 1.753225e+01  3.014751e-02 
 1.753257e+01  3.014751e-02 
 1.753289e+01  3.014751e-02 
 1.753321e+01  3.014751e-02 
 1.753353e+01  3.014750e-02 
 1.753386e+01  3.014750e-02 
 1.753418e+01  3.014750e-02 
 1.753450e+01  3.014750e-02 
 1.753482e+01  3.014750e-02 
 1.753514e+01  3.014750e-02 
 1.753546e+01  3.014750e-02 
 1.753579e+01  3.014750e-02 
 1.753611e+01  3.014749e-02 
 1.753643e+01  3.014749e-02 
 1.753675e+01  3.014749e-02 
 1.753707e+01  3.014749e-02 
 1.753739e+01  3.014749e-02 
 1.753771e+01  3.014749e-02 
 1.753804e+01  3.014749e-02 
 1.753836e+01  3.014749e-02 
 1.753868e+01  3.014749e-02 
 1.753900e+01  3.014749e-02 
 1.753932e+01  3.014749e-02 
 1.753964e+01  3.014749e-02 
 1.753997e+01  3.014748e-02 
 1.754029e+01  3.014748e-02 
 1.754061e+01  3.014748e-02 
 1.754093e+01  3.014748e-02 
 1.754125e+01  3.014748e-02 
 1.754157e+01  3.014748e-02 
 1.754190e+01  3.014748e-02 
 1.754222e+01  3.014748e-02 
 1.754254e+01  3.014748e-02 
 1.754286e+01  3.014748e-02 
 1.754318e+01  3.014748e-02 
 1.754350e+01  3.014748e-02 
 1.754382e+01  3.014748e-02 
 1.754415e+01  3.014748e-02 
 1.754447e+01  3.014748e-02 
 1.754479e+01  3.014749e-02 
 1.754511e+01  3.014749e-02 
 1.754543e+01  3.014749e-02 
 1.754575e+01  3.014749e-02 
 1.754608e+01  3.014749e-02 
 1.754640e+01  3.014749e-02 
 1.754672e+01  3.014749e-02 
 1.754704e+01  3.014749e-02 
 1.754736e+01  3.014749e-02 
 1.754768e+01  3.014749e-02 
 1.754800e+01  3.014749e-02 
 1.754833e+01  3.014749e-02 
 1.754865e+01  3.014749e-02 
 1.754897e+01  3.014750e-02 
 1.754929e+01  3.014750e-02 
 1.754961e+01  3.014750e-02 
 1.754993e+01  3.014750e-02 
 1.755026e+01  3.014750e-02 
 1.755058e+01  3.014750e-02 
 1.755090e+01  3.014750e-02 
 1.755122e+01  3.014750e-02 
 1.755154e+01  3.014751e-02 
 1.755186e+01  3.014751e-02 
 1.755218e+01  3.014751e-02 
 1.755251e+01  3.014751e-02 
 1.755283e+01  3.014751e-02 
 1.755315e+01  3.014751e-02 
 1.755347e+01  3.014752e-02 
 1.755379e+01  3.014752e-02 
 1.755411e+01  3.014752e-02 
 1.755444e+01  3.014752e-02 
 1.755476e+01  3.014752e-02 
 1.755508e+01  3.014753e-02 
 1.755540e+01  3.014753e-02 
 1.755572e+01  3.014753e-02 
 1.755604e+01  3.014753e-02 
 1.755637e+01  3.014753e-02 
 1.755669e+01  3.014754e-02 
 1.755701e+01  3.014754e-02 
 1.755733e+01  3.014754e-02 
 1.755765e+01  3.014754e-02 
 1.755797e+01  3.014755e-02 
 1.755829e+01  3.014755e-02 
 1.755862e+01  3.014755e-02 
 1.755894e+01  3.014755e-02 
 1.755926e+01  3.014756e-02 
 1.755958e+01  3.014756e-02 
 1.755990e+01  3.014756e-02 
 1.756022e+01  3.014756e-02 
 1.756055e+01  3.014757e-02 
 1.756087e+01  3.014757e-02 
 1.756119e+01  3.014757e-02 
 1.756151e+01  3.014758e-02 
 1.756183e+01  3.014758e-02 
 1.756215e+01  3.014758e-02 
 1.756247e+01  3.014759e-02 
 1.756280e+01  3.014759e-02 
 1.756312e+01  3.014759e-02 
 1.756344e+01  3.014759e-02 
 1.756376e+01  3.014760e-02 
 1.756408e+01  3.014760e-02 
 1.756440e+01  3.014760e-02 
 1.756473e+01  3.014761e-02 
 1.756505e+01  3.014761e-02 
 1.756537e+01  3.014761e-02 
 1.756569e+01  3.014762e-02 
 1.756601e+01  3.014762e-02 
 1.756633e+01  3.014762e-02 
 1.756665e+01  3.014763e-02 
 1.756698e+01  3.014763e-02 
 1.756730e+01  3.014764e-02 
 1.756762e+01  3.014764e-02 
 1.756794e+01  3.014764e-02 
 1.756826e+01  3.014765e-02 
 1.756858e+01  3.014765e-02 
 1.756891e+01  3.014765e-02 
 1.756923e+01  3.014766e-02 
 1.756955e+01  3.014766e-02 
 1.756987e+01  3.014767e-02 
 1.757019e+01  3.014767e-02 
 1.757051e+01  3.014767e-02 
 1.757084e+01  3.014768e-02 
 1.757116e+01  3.014768e-02 
 1.757148e+01  3.014769e-02 
 1.757180e+01  3.014769e-02 
 1.757212e+01  3.014769e-02 
 1.757244e+01  3.014770e-02 
 1.757276e+01  3.014770e-02 
 1.757309e+01  3.014771e-02 
 1.757341e+01  3.014771e-02 
 1.757373e+01  3.014771e-02 
 1.757405e+01  3.014772e-02 
 1.757437e+01  3.014772e-02 
 1.757469e+01  3.014773e-02 
 1.757502e+01  3.014773e-02 
 1.757534e+01  3.014774e-02 
 1.757566e+01  3.014774e-02 
 1.757598e+01  3.014774e-02 
 1.757630e+01  3.014775e-02 
 1.757662e+01  3.014775e-02 
 1.757694e+01  3.014776e-02 
 1.757727e+01  3.014776e-02 
 1.757759e+01  3.014777e-02 
 1.757791e+01  3.014777e-02 
 1.757823e+01  3.014778e-02 
 1.757855e+01  3.014778e-02 
 1.757887e+01  3.014778e-02 
 1.757920e+01  3.014779e-02 
 1.757952e+01  3.014779e-02 
 1.757984e+01  3.014780e-02 
 1.758016e+01  3.014780e-02 
 1.758048e+01  3.014781e-02 
 1.758080e+01  3.014781e-02 
 1.758113e+01  3.014782e-02 
 1.758145e+01  3.014782e-02 
 1.758177e+01  3.014783e-02 
 1.758209e+01  3.014783e-02 
 1.758241e+01  3.014784e-02 
 1.758273e+01  3.014784e-02 
 1.758305e+01  3.014784e-02 
 1.758338e+01  3.014785e-02 
 1.758370e+01  3.014785e-02 
 1.758402e+01  3.014786e-02 
 1.758434e+01  3.014786e-02 
 1.758466e+01  3.014787e-02 
 1.758498e+01  3.014787e-02 
 1.758531e+01  3.014788e-02 
 1.758563e+01  3.014788e-02 
 1.758595e+01  3.014789e-02 
 1.758627e+01  3.014789e-02 
 1.758659e+01  3.014790e-02 
 1.758691e+01  3.014790e-02 
 1.758723e+01  3.014791e-02 
 1.758756e+01  3.014791e-02 
 1.758788e+01  3.014792e-02 
 1.758820e+01  3.014792e-02 
 1.758852e+01  3.014793e-02 
 1.758884e+01  3.014793e-02 
 1.758916e+01  3.014794e-02 
 1.758949e+01  3.014794e-02 
 1.758981e+01  3.014795e-02 
 1.759013e+01  3.014796e-02 
 1.759045e+01  3.014796e-02 
 1.759077e+01  3.014797e-02 
 1.759109e+01  3.014797e-02 
 1.759141e+01  3.014798e-02 
 1.759174e+01  3.014798e-02 
 1.759206e+01  3.014799e-02 
 1.759238e+01  3.014799e-02 
 1.759270e+01  3.014800e-02 
 1.759302e+01  3.014800e-02 
 1.759334e+01  3.014801e-02 
 1.759367e+01  3.014801e-02 
 1.759399e+01  3.014802e-02 
 1.759431e+01  3.014803e-02 
 1.759463e+01  3.014803e-02 
 1.759495e+01  3.014804e-02 
 1.759527e+01  3.014804e-02 
 1.759560e+01  3.014805e-02 
 1.759592e+01  3.014806e-02 
 1.759624e+01  3.014806e-02 
 1.759656e+01  3.014807e-02 
 1.759688e+01  3.014807e-02 
 1.759720e+01  3.014808e-02 
 1.759752e+01  3.014809e-02 
 1.759785e+01  3.014809e-02 
 1.759817e+01  3.014810e-02 
 1.759849e+01  3.014810e-02 
 1.759881e+01  3.014811e-02 
 1.759913e+01  3.014812e-02 
 1.759945e+01  3.014812e-02 
 1.759978e+01  3.014813e-02 
 1.760010e+01  3.014814e-02 
 1.760042e+01  3.014814e-02 
 1.760074e+01  3.014815e-02 
 1.760106e+01  3.014816e-02 
 1.760138e+01  3.014816e-02 
 1.760170e+01  3.014817e-02 
 1.760203e+01  3.014818e-02 
 1.760235e+01  3.014818e-02 
 1.760267e+01  3.014819e-02 
 1.760299e+01  3.014820e-02 
 1.760331e+01  3.014820e-02 
 1.760363e+01  3.014821e-02 
 1.760396e+01  3.014822e-02 
 1.760428e+01  3.014822e-02 
 1.760460e+01  3.014823e-02 
 1.760492e+01  3.014824e-02 
 1.760524e+01  3.014825e-02 
 1.760556e+01  3.014825e-02 
 1.760588e+01  3.014826e-02 
 1.760621e+01  3.014827e-02 
 1.760653e+01  3.014828e-02 
 1.760685e+01  3.014828e-02 
 1.760717e+01  3.014829e-02 
 1.760749e+01  3.014830e-02 
 1.760781e+01  3.014831e-02 
 1.760814e+01  3.014831e-02 
 1.760846e+01  3.014832e-02 
 1.760878e+01  3.014833e-02 
 1.760910e+01  3.014834e-02 
 1.760942e+01  3.014835e-02 
 1.760974e+01  3.014835e-02 
 1.761007e+01  3.014836e-02 
 1.761039e+01  3.014837e-02 
 1.761071e+01  3.014838e-02 
 1.761103e+01  3.014839e-02 
 1.761135e+01  3.014840e-02 
 1.761167e+01  3.014840e-02 
 1.761199e+01  3.014841e-02 
 1.761232e+01  3.014842e-02 
 1.761264e+01  3.014843e-02 
 1.761296e+01  3.014844e-02 
 1.761328e+01  3.014845e-02 
 1.761360e+01  3.014846e-02 
 1.761392e+01  3.014847e-02 
 1.761425e+01  3.014848e-02 
 1.761457e+01  3.014848e-02 
 1.761489e+01  3.014849e-02 
 1.761521e+01  3.014850e-02 
 1.761553e+01  3.014851e-02 
 1.761585e+01  3.014852e-02 
 1.761617e+01  3.014853e-02 
 1.761650e+01  3.014854e-02 
 1.761682e+01  3.014855e-02 
 1.761714e+01  3.014856e-02 
 1.761746e+01  3.014857e-02 
 1.761778e+01  3.014858e-02 
 1.761810e+01  3.014859e-02 
 1.761843e+01  3.014860e-02 
 1.761875e+01  3.014861e-02 
 1.761907e+01  3.014862e-02 
 1.761939e+01  3.014863e-02 
 1.761971e+01  3.014864e-02 
 1.762003e+01  3.014865e-02 
 1.762035e+01  3.014866e-02 
 1.762068e+01  3.014867e-02 
 1.762100e+01  3.014868e-02 
 1.762132e+01  3.014869e-02 
 1.762164e+01  3.014870e-02 
 1.762196e+01  3.014871e-02 
 1.762228e+01  3.014872e-02 
 1.762261e+01  3.014873e-02 
 1.762293e+01  3.014874e-02 
 1.762325e+01  3.014876e-02 
 1.762357e+01  3.014877e-02 
 1.762389e+01  3.014878e-02 
 1.762421e+01  3.014879e-02 
 1.762454e+01  3.014880e-02 
 1.762486e+01  3.014881e-02 
 1.762518e+01  3.014882e-02 
 1.762550e+01  3.014883e-02 
 1.762582e+01  3.014884e-02 
 1.762614e+01  3.014885e-02 
 1.762646e+01  3.014887e-02 
 1.762679e+01  3.014888e-02 
 1.762711e+01  3.014889e-02 
 1.762743e+01  3.014890e-02 
 1.762775e+01  3.014891e-02 
 1.762807e+01  3.014892e-02 
 1.762839e+01  3.014893e-02 
 1.762872e+01  3.014895e-02 
 1.762904e+01  3.014896e-02 
 1.762936e+01  3.014897e-02 
 1.762968e+01  3.014898e-02 
 1.763000e+01  3.014899e-02 
 1.763032e+01  3.014900e-02 
 1.763064e+01  3.014902e-02 
 1.763097e+01  3.014903e-02 
 1.763129e+01  3.014904e-02 
 1.763161e+01  3.014905e-02 
 1.763193e+01  3.014906e-02 
 1.763225e+01  3.014908e-02 
 1.763257e+01  3.014909e-02 
 1.763290e+01  3.014910e-02 
 1.763322e+01  3.014911e-02 
 1.763354e+01  3.014912e-02 
 1.763386e+01  3.014913e-02 
 1.763418e+01  3.014915e-02 
 1.763450e+01  3.014916e-02 
 1.763482e+01  3.014917e-02 
 1.763515e+01  3.014918e-02 
 1.763547e+01  3.014919e-02 
 1.763579e+01  3.014921e-02 
 1.763611e+01  3.014922e-02 
 1.763643e+01  3.014923e-02 
 1.763675e+01  3.014924e-02 
 1.763708e+01  3.014925e-02 
 1.763740e+01  3.014927e-02 
 1.763772e+01  3.014928e-02 
 1.763804e+01  3.014929e-02 
 1.763836e+01  3.014930e-02 
 1.763868e+01  3.014931e-02 
 1.763901e+01  3.014933e-02 
 1.763933e+01  3.014934e-02 
 1.763965e+01  3.014935e-02 
 1.763997e+01  3.014936e-02 
 1.764029e+01  3.014937e-02 
 1.764061e+01  3.014939e-02 
 1.764093e+01  3.014940e-02 
 1.764126e+01  3.014941e-02 
 1.764158e+01  3.014942e-02 
 1.764190e+01  3.014943e-02 
 1.764222e+01  3.014944e-02 
 1.764254e+01  3.014946e-02 
 1.764286e+01  3.014947e-02 
 1.764319e+01  3.014948e-02 
 1.764351e+01  3.014949e-02 
 1.764383e+01  3.014950e-02 
 1.764415e+01  3.014951e-02 
 1.764447e+01  3.014952e-02 
 1.764479e+01  3.014953e-02 
 1.764511e+01  3.014955e-02 
 1.764544e+01  3.014956e-02 
 1.764576e+01  3.014957e-02 
 1.764608e+01  3.014958e-02 
 1.764640e+01  3.014959e-02 
 1.764672e+01  3.014960e-02 
 1.764704e+01  3.014961e-02 
 1.764737e+01  3.014962e-02 
 1.764769e+01  3.014963e-02 
 1.764801e+01  3.014964e-02 
 1.764833e+01  3.014965e-02 
 1.764865e+01  3.014966e-02 
 1.764897e+01  3.014968e-02 
 1.764929e+01  3.014969e-02 
 1.764962e+01  3.014970e-02 
 1.764994e+01  3.014971e-02 
 1.765026e+01  3.014972e-02 
 1.765058e+01  3.014973e-02 
 1.765090e+01  3.014974e-02 
 1.765122e+01  3.014975e-02 
 1.765155e+01  3.014976e-02 
 1.765187e+01  3.014977e-02 
 1.765219e+01  3.014978e-02 
 1.765251e+01  3.014979e-02 
 1.765283e+01  3.014979e-02 
 1.765315e+01  3.014980e-02 
 1.765348e+01  3.014981e-02 
 1.765380e+01  3.014982e-02 
 1.765412e+01  3.014983e-02 
 1.765444e+01  3.014984e-02 
 1.765476e+01  3.014985e-02 
 1.765508e+01  3.014986e-02 
 1.765540e+01  3.014987e-02 
 1.765573e+01  3.014988e-02 
 1.765605e+01  3.014989e-02 
 1.765637e+01  3.014989e-02 
 1.765669e+01  3.014990e-02 
 1.765701e+01  3.014991e-02 
 1.765733e+01  3.014992e-02 
 1.765766e+01  3.014993e-02 
 1.765798e+01  3.014994e-02 
 1.765830e+01  3.014995e-02 
 1.765862e+01  3.014995e-02 
 1.765894e+01  3.014996e-02 
 1.765926e+01  3.014997e-02 
 1.765958e+01  3.014998e-02 
 1.765991e+01  3.014999e-02 
 1.766023e+01  3.014999e-02 
 1.766055e+01  3.015000e-02 
 1.766087e+01  3.015001e-02 
 1.766119e+01  3.015002e-02 
 1.766151e+01  3.015002e-02 
 1.766184e+01  3.015003e-02 
 1.766216e+01  3.015004e-02 
 1.766248e+01  3.015005e-02 
 1.766280e+01  3.015005e-02 
 1.766312e+01  3.015006e-02 
 1.766344e+01  3.015007e-02 
 1.766376e+01  3.015007e-02 
 1.766409e+01  3.015008e-02 
 1.766441e+01  3.015009e-02 
 1.766473e+01  3.015010e-02 
 1.766505e+01  3.015010e-02 
 1.766537e+01  3.015011e-02 
 1.766569e+01  3.015012e-02 
 1.766602e+01  3.015012e-02 
 1.766634e+01  3.015013e-02 
 1.766666e+01  3.015013e-02 
 1.766698e+01  3.015014e-02 
 1.766730e+01  3.015015e-02 
 1.766762e+01  3.015015e-02 
 1.766795e+01  3.015016e-02 
 1.766827e+01  3.015017e-02 
 1.766859e+01  3.015017e-02 
 1.766891e+01  3.015018e-02 
 1.766923e+01  3.015018e-02 
 1.766955e+01  3.015019e-02 
 1.766987e+01  3.015019e-02 
 1.767020e+01  3.015020e-02 
 1.767052e+01  3.015021e-02 
 1.767084e+01  3.015021e-02 
 1.767116e+01  3.015022e-02 
 1.767148e+01  3.015022e-02 
 1.767180e+01  3.015023e-02 
 1.767213e+01  3.015023e-02 
 1.767245e+01  3.015024e-02 
 1.767277e+01  3.015024e-02 
 1.767309e+01  3.015025e-02 
 1.767341e+01  3.015025e-02 
 1.767373e+01  3.015026e-02 
 1.767405e+01  3.015026e-02 
 1.767438e+01  3.015027e-02 
 1.767470e+01  3.015027e-02 
 1.767502e+01  3.015028e-02 
 1.767534e+01  3.015028e-02 
 1.767566e+01  3.015029e-02 
 1.767598e+01  3.015029e-02 
 1.767631e+01  3.015030e-02 
 1.767663e+01  3.015030e-02 
 1.767695e+01  3.015031e-02 
 1.767727e+01  3.015031e-02 
 1.767759e+01  3.015031e-02 
 1.767791e+01  3.015032e-02 
 1.767824e+01  3.015032e-02 
 1.767856e+01  3.015033e-02 
 1.767888e+01  3.015033e-02 
 1.767920e+01  3.015034e-02 
 1.767952e+01  3.015034e-02 
 1.767984e+01  3.015034e-02 
 1.768016e+01  3.015035e-02 
 1.768049e+01  3.015035e-02 
 1.768081e+01  3.015036e-02 
 1.768113e+01  3.015036e-02 
 1.768145e+01  3.015037e-02 
 1.768177e+01  3.015037e-02 
 1.768209e+01  3.015037e-02 
 1.768242e+01  3.015038e-02 
 1.768274e+01  3.015038e-02 
 1.768306e+01  3.015039e-02 
 1.768338e+01  3.015039e-02 
 1.768370e+01  3.015039e-02 
 1.768402e+01  3.015040e-02 
 1.768434e+01  3.015040e-02 
 1.768467e+01  3.015041e-02 
 1.768499e+01  3.015041e-02 
 1.768531e+01  3.015041e-02 
 1.768563e+01  3.015042e-02 
 1.768595e+01  3.015042e-02 
 1.768627e+01  3.015043e-02 
 1.768660e+01  3.015043e-02 
 1.768692e+01  3.015043e-02 
 1.768724e+01  3.015044e-02 
 1.768756e+01  3.015044e-02 
 1.768788e+01  3.015045e-02 
 1.768820e+01  3.015045e-02 
 1.768852e+01  3.015045e-02 
 1.768885e+01  3.015046e-02 
 1.768917e+01  3.015046e-02 
 1.768949e+01  3.015047e-02 
 1.768981e+01  3.015047e-02 
 1.769013e+01  3.015048e-02 
 1.769045e+01  3.015048e-02 
 1.769078e+01  3.015048e-02 
 1.769110e+01  3.015049e-02 
 1.769142e+01  3.015049e-02 
 1.769174e+01  3.015050e-02 
 1.769206e+01  3.015050e-02 
 1.769238e+01  3.015051e-02 
 1.769271e+01  3.015051e-02 
 1.769303e+01  3.015052e-02 
 1.769335e+01  3.015052e-02 
 1.769367e+01  3.015053e-02 
 1.769399e+01  3.015053e-02 
 1.769431e+01  3.015053e-02 
 1.769463e+01  3.015054e-02 
 1.769496e+01  3.015054e-02 
 1.769528e+01  3.015055e-02 
 1.769560e+01  3.015055e-02 
 1.769592e+01  3.015056e-02 
 1.769624e+01  3.015056e-02 
 1.769656e+01  3.015057e-02 
 1.769689e+01  3.015057e-02 
 1.769721e+01  3.015058e-02 
 1.769753e+01  3.015058e-02 
 1.769785e+01  3.015059e-02 
 1.769817e+01  3.015059e-02 
 1.769849e+01  3.015060e-02 
 1.769881e+01  3.015061e-02 
 1.769914e+01  3.015061e-02 
 1.769946e+01  3.015062e-02 
 1.769978e+01  3.015062e-02 
 1.770010e+01  3.015063e-02 
 1.770042e+01  3.015063e-02 
 1.770074e+01  3.015064e-02 
 1.770107e+01  3.015065e-02 
 1.770139e+01  3.015065e-02 
 1.770171e+01  3.015066e-02 
 1.770203e+01  3.015066e-02 
 1.770235e+01  3.015067e-02 
 1.770267e+01  3.015068e-02 
 1.770299e+01  3.015068e-02 
 1.770332e+01  3.015069e-02 
 1.770364e+01  3.015069e-02 
 1.770396e+01  3.015070e-02 
 1.770428e+01  3.015071e-02 
 1.770460e+01  3.015071e-02 
 1.770492e+01  3.015072e-02 
 1.770525e+01  3.015073e-02 
 1.770557e+01  3.015073e-02 
 1.770589e+01  3.015074e-02 
 1.770621e+01  3.015075e-02 
 1.770653e+01  3.015075e-02 
 1.770685e+01  3.015076e-02 
 1.770718e+01  3.015077e-02 
 1.770750e+01  3.015078e-02 
 1.770782e+01  3.015078e-02 
 1.770814e+01  3.015079e-02 
 1.770846e+01  3.015080e-02 
 1.770878e+01  3.015080e-02 
 1.770910e+01  3.015081e-02 
 1.770943e+01  3.015082e-02 
 1.770975e+01  3.015083e-02 
 1.771007e+01  3.015083e-02 
 1.771039e+01  3.015084e-02 
 1.771071e+01  3.015085e-02 
 1.771103e+01  3.015086e-02 
 1.771136e+01  3.015086e-02 
 1.771168e+01  3.015087e-02 
 1.771200e+01  3.015088e-02 
 1.771232e+01  3.015089e-02 
 1.771264e+01  3.015090e-02 
 1.771296e+01  3.015090e-02 
 1.771328e+01  3.015091e-02 
 1.771361e+01  3.015092e-02 
 1.771393e+01  3.015093e-02 
 1.771425e+01  3.015094e-02 
 1.771457e+01  3.015094e-02 
 1.771489e+01  3.015095e-02 
 1.771521e+01  3.015096e-02 
 1.771554e+01  3.015097e-02 
 1.771586e+01  3.015098e-02 
 1.771618e+01  3.015099e-02 
 1.771650e+01  3.015099e-02 
 1.771682e+01  3.015100e-02 
 1.771714e+01  3.015101e-02 
 1.771746e+01  3.015102e-02 
 1.771779e+01  3.015103e-02 
 1.771811e+01  3.015104e-02 
 1.771843e+01  3.015105e-02 
 1.771875e+01  3.015105e-02 
 1.771907e+01  3.015106e-02 
 1.771939e+01  3.015107e-02 
 1.771972e+01  3.015108e-02 
 1.772004e+01  3.015109e-02 
 1.772036e+01  3.015110e-02 
 1.772068e+01  3.015111e-02 
 1.772100e+01  3.015112e-02 
 1.772132e+01  3.015112e-02 
 1.772165e+01  3.015113e-02 
 1.772197e+01  3.015114e-02 
 1.772229e+01  3.015115e-02 
 1.772261e+01  3.015116e-02 
 1.772293e+01  3.015117e-02 
 1.772325e+01  3.015118e-02 
 1.772357e+01  3.015119e-02 
 1.772390e+01  3.015120e-02 
 1.772422e+01  3.015121e-02 
 1.772454e+01  3.015122e-02 
 1.772486e+01  3.015122e-02 
 1.772518e+01  3.015123e-02 
 1.772550e+01  3.015124e-02 
 1.772583e+01  3.015125e-02 
 1.772615e+01  3.015126e-02 
 1.772647e+01  3.015127e-02 
 1.772679e+01  3.015128e-02 
 1.772711e+01  3.015129e-02 
 1.772743e+01  3.015130e-02 
 1.772775e+01  3.015131e-02 
 1.772808e+01  3.015132e-02 
 1.772840e+01  3.015133e-02 
 1.772872e+01  3.015134e-02 
 1.772904e+01  3.015134e-02 
 1.772936e+01  3.015135e-02 
 1.772968e+01  3.015136e-02 
 1.773001e+01  3.015137e-02 
 1.773033e+01  3.015138e-02 
 1.773065e+01  3.015139e-02 
 1.773097e+01  3.015140e-02 
 1.773129e+01  3.015141e-02 
 1.773161e+01  3.015142e-02 
 1.773193e+01  3.015143e-02 
 1.773226e+01  3.015144e-02 
 1.773258e+01  3.015145e-02 
 1.773290e+01  3.015146e-02 
 1.773322e+01  3.015146e-02 
 1.773354e+01  3.015147e-02 
 1.773386e+01  3.015148e-02 
 1.773419e+01  3.015149e-02 
 1.773451e+01  3.015150e-02 
 1.773483e+01  3.015151e-02 
 1.773515e+01  3.015152e-02 
 1.773547e+01  3.015153e-02 
 1.773579e+01  3.015154e-02 
 1.773612e+01  3.015155e-02 
 1.773644e+01  3.015156e-02 
 1.773676e+01  3.015157e-02 
 1.773708e+01  3.015157e-02 
 1.773740e+01  3.015158e-02 
 1.773772e+01  3.015159e-02 
 1.773804e+01  3.015160e-02 
 1.773837e+01  3.015161e-02 
 1.773869e+01  3.015162e-02 
 1.773901e+01  3.015163e-02 
 1.773933e+01  3.015164e-02 
 1.773965e+01  3.015165e-02 
 1.773997e+01  3.015165e-02 
 1.774030e+01  3.015166e-02 
 1.774062e+01  3.015167e-02 
 1.774094e+01  3.015168e-02 
 1.774126e+01  3.015169e-02 
 1.774158e+01  3.015170e-02 
 1.774190e+01  3.015171e-02 
 1.774222e+01  3.015171e-02 
 1.774255e+01  3.015172e-02 
 1.774287e+01  3.015173e-02 
 1.774319e+01  3.015174e-02 
 1.774351e+01  3.015175e-02 
 1.774383e+01  3.015176e-02 
 1.774415e+01  3.015177e-02 
 1.774448e+01  3.015177e-02 
 1.774480e+01  3.015178e-02 
 1.774512e+01  3.015179e-02 
 1.774544e+01  3.015180e-02 
 1.774576e+01  3.015181e-02 
 1.774608e+01  3.015181e-02 
 1.774640e+01  3.015182e-02 
 1.774673e+01  3.015183e-02 
 1.774705e+01  3.015184e-02 
 1.774737e+01  3.015185e-02 
 1.774769e+01  3.015185e-02 
 1.774801e+01  3.015186e-02 
 1.774833e+01  3.015187e-02 
 1.774866e+01  3.015188e-02 
 1.774898e+01  3.015189e-02 
 1.774930e+01  3.015189e-02 
 1.774962e+01  3.015190e-02 
 1.774994e+01  3.015191e-02 
 1.775026e+01  3.015192e-02 
 1.775059e+01  3.015192e-02 
 1.775091e+01  3.015193e-02 
 1.775123e+01  3.015194e-02 
 1.775155e+01  3.015195e-02 
 1.775187e+01  3.015196e-02 
 1.775219e+01  3.015196e-02 
 1.775251e+01  3.015197e-02 
 1.775284e+01  3.015198e-02 
 1.775316e+01  3.015198e-02 
 1.775348e+01  3.015199e-02 
 1.775380e+01  3.015200e-02 
 1.775412e+01  3.015201e-02 
 1.775444e+01  3.015201e-02 
 1.775477e+01  3.015202e-02 
 1.775509e+01  3.015203e-02 
 1.775541e+01  3.015204e-02 
 1.775573e+01  3.015204e-02 
 1.775605e+01  3.015205e-02 
 1.775637e+01  3.015206e-02 
 1.775669e+01  3.015206e-02 
 1.775702e+01  3.015207e-02 
 1.775734e+01  3.015208e-02 
 1.775766e+01  3.015208e-02 
 1.775798e+01  3.015209e-02 
 1.775830e+01  3.015210e-02 
 1.775862e+01  3.015211e-02 
 1.775895e+01  3.015211e-02 
 1.775927e+01  3.015212e-02 
 1.775959e+01  3.015213e-02 
 1.775991e+01  3.015213e-02 
 1.776023e+01  3.015214e-02 
 1.776055e+01  3.015215e-02 
 1.776087e+01  3.015215e-02 
 1.776120e+01  3.015216e-02 
 1.776152e+01  3.015216e-02 
 1.776184e+01  3.015217e-02 
 1.776216e+01  3.015218e-02 
 1.776248e+01  3.015218e-02 
 1.776280e+01  3.015219e-02 
 1.776313e+01  3.015220e-02 
 1.776345e+01  3.015220e-02 
 1.776377e+01  3.015221e-02 
 1.776409e+01  3.015222e-02 
 1.776441e+01  3.015222e-02 
 1.776473e+01  3.015223e-02 
 1.776506e+01  3.015223e-02 
 1.776538e+01  3.015224e-02 
 1.776570e+01  3.015225e-02 
 1.776602e+01  3.015225e-02 
 1.776634e+01  3.015226e-02 
 1.776666e+01  3.015226e-02 
 1.776698e+01  3.015227e-02 
 1.776731e+01  3.015227e-02 
 1.776763e+01  3.015228e-02 
 1.776795e+01  3.015229e-02 
 1.776827e+01  3.015229e-02 
 1.776859e+01  3.015230e-02 
 1.776891e+01  3.015230e-02 
 1.776924e+01  3.015231e-02 
 1.776956e+01  3.015231e-02 
 1.776988e+01  3.015232e-02 
 1.777020e+01  3.015232e-02 
 1.777052e+01  3.015233e-02 
 1.777084e+01  3.015233e-02 
 1.777116e+01  3.015234e-02 
 1.777149e+01  3.015234e-02 
 1.777181e+01  3.015235e-02 
 1.777213e+01  3.015235e-02 
 1.777245e+01  3.015236e-02 
 1.777277e+01  3.015236e-02 
 1.777309e+01  3.015237e-02 
 1.777342e+01  3.015237e-02 
 1.777374e+01  3.015238e-02 
 1.777406e+01  3.015238e-02 
 1.777438e+01  3.015239e-02 
 1.777470e+01  3.015239e-02 
 1.777502e+01  3.015240e-02 
 1.777534e+01  3.015240e-02 
 1.777567e+01  3.015241e-02 
 1.777599e+01  3.015241e-02 
 1.777631e+01  3.015241e-02 
 1.777663e+01  3.015242e-02 
 1.777695e+01  3.015242e-02 
 1.777727e+01  3.015243e-02 
 1.777760e+01  3.015243e-02 
 1.777792e+01  3.015243e-02 
 1.777824e+01  3.015244e-02 
 1.777856e+01  3.015244e-02 
 1.777888e+01  3.015244e-02 
 1.777920e+01  3.015245e-02 
 1.777953e+01  3.015245e-02 
 1.777985e+01  3.015246e-02 
 1.778017e+01  3.015246e-02 
 1.778049e+01  3.015246e-02 
 1.778081e+01  3.015247e-02 
 1.778113e+01  3.015247e-02 
 1.778145e+01  3.015247e-02 
 1.778178e+01  3.015247e-02 
 1.778210e+01  3.015248e-02 
 1.778242e+01  3.015248e-02 
 1.778274e+01  3.015248e-02 
 1.778306e+01  3.015249e-02 
 1.778338e+01  3.015249e-02 
 1.778371e+01  3.015249e-02 
 1.778403e+01  3.015249e-02 
 1.778435e+01  3.015250e-02 
 1.778467e+01  3.015250e-02 
 1.778499e+01  3.015250e-02 
 1.778531e+01  3.015250e-02 
 1.778563e+01  3.015251e-02 
 1.778596e+01  3.015251e-02 
 1.778628e+01  3.015251e-02 
 1.778660e+01  3.015251e-02 
 1.778692e+01  3.015252e-02 
 1.778724e+01  3.015252e-02 
 1.778756e+01  3.015252e-02 
 1.778789e+01  3.015252e-02 
 1.778821e+01  3.015252e-02 
 1.778853e+01  3.015252e-02 
 1.778885e+01  3.015253e-02 
 1.778917e+01  3.015253e-02 
 1.778949e+01  3.015253e-02 
 1.778982e+01  3.015253e-02 
 1.779014e+01  3.015253e-02 
 1.779046e+01  3.015253e-02 
 1.779078e+01  3.015254e-02 
 1.779110e+01  3.015254e-02 
 1.779142e+01  3.015254e-02 
 1.779174e+01  3.015254e-02 
 1.779207e+01  3.015254e-02 
 1.779239e+01  3.015254e-02 
 1.779271e+01  3.015254e-02 
 1.779303e+01  3.015254e-02 
 1.779335e+01  3.015254e-02 
 1.779367e+01  3.015254e-02 
 1.779400e+01  3.015255e-02 
 1.779432e+01  3.015255e-02 
 1.779464e+01  3.015255e-02 
 1.779496e+01  3.015255e-02 
 1.779528e+01  3.015255e-02 
 1.779560e+01  3.015255e-02 
 1.779592e+01  3.015255e-02 
 1.779625e+01  3.015255e-02 
 1.779657e+01  3.015255e-02 
 1.779689e+01  3.015255e-02 
 1.779721e+01  3.015255e-02 
 1.779753e+01  3.015255e-02 
 1.779785e+01  3.015255e-02 
 1.779818e+01  3.015255e-02 
 1.779850e+01  3.015255e-02 
 1.779882e+01  3.015255e-02 
 1.779914e+01  3.015255e-02 
 1.779946e+01  3.015255e-02 
 1.779978e+01  3.015255e-02 
 1.780010e+01  3.015255e-02 
 1.780043e+01  3.015255e-02 
 1.780075e+01  3.015255e-02 
 1.780107e+01  3.015255e-02 
 1.780139e+01  3.015255e-02 
 1.780171e+01  3.015255e-02 
 1.780203e+01  3.015255e-02 
 1.780236e+01  3.015255e-02 
 1.780268e+01  3.015255e-02 
 1.780300e+01  3.015255e-02 
 1.780332e+01  3.015255e-02 
 1.780364e+01  3.015255e-02 
 1.780396e+01  3.015255e-02 
 1.780429e+01  3.015255e-02 
 1.780461e+01  3.015255e-02 
 1.780493e+01  3.015255e-02 
 1.780525e+01  3.015254e-02 
 1.780557e+01  3.015254e-02 
 1.780589e+01  3.015254e-02 
 1.780621e+01  3.015254e-02 
 1.780654e+01  3.015254e-02 
 1.780686e+01  3.015254e-02 
 1.780718e+01  3.015254e-02 
 1.780750e+01  3.015254e-02 
 1.780782e+01  3.015254e-02 
 1.780814e+01  3.015254e-02 
 1.780847e+01  3.015254e-02 
 1.780879e+01  3.015254e-02 
 1.780911e+01  3.015253e-02 
 1.780943e+01  3.015253e-02 
 1.780975e+01  3.015253e-02 
 1.781007e+01  3.015253e-02 
 1.781039e+01  3.015253e-02 
 1.781072e+01  3.015253e-02 
 1.781104e+01  3.015253e-02 
 1.781136e+01  3.015253e-02 
 1.781168e+01  3.015252e-02 
 1.781200e+01  3.015252e-02 
 1.781232e+01  3.015252e-02 
 1.781265e+01  3.015252e-02 
 1.781297e+01  3.015252e-02 
 1.781329e+01  3.015252e-02 
 1.781361e+01  3.015252e-02 
 1.781393e+01  3.015251e-02 
 1.781425e+01  3.015251e-02 
 1.781457e+01  3.015251e-02 
 1.781490e+01  3.015251e-02 
 1.781522e+01  3.015251e-02 
 1.781554e+01  3.015251e-02 
 1.781586e+01  3.015251e-02 
 1.781618e+01  3.015250e-02 
 1.781650e+01  3.015250e-02 
 1.781683e+01  3.015250e-02 
 1.781715e+01  3.015250e-02 
 1.781747e+01  3.015250e-02 
 1.781779e+01  3.015250e-02 
 1.781811e+01  3.015249e-02 
 1.781843e+01  3.015249e-02 
 1.781876e+01  3.015249e-02 
 1.781908e+01  3.015249e-02 
 1.781940e+01  3.015249e-02 
 1.781972e+01  3.015249e-02 
 1.782004e+01  3.015249e-02 
 1.782036e+01  3.015248e-02 
 1.782068e+01  3.015248e-02 
 1.782101e+01  3.015248e-02 
 1.782133e+01  3.015248e-02 
 1.782165e+01  3.015248e-02 
 1.782197e+01  3.015248e-02 
 1.782229e+01  3.015248e-02 
 1.782261e+01  3.015247e-02 
 1.782294e+01  3.015247e-02 
 1.782326e+01  3.015247e-02 
 1.782358e+01  3.015247e-02 
 1.782390e+01  3.015247e-02 
 1.782422e+01  3.015247e-02 
 1.782454e+01  3.015247e-02 
 1.782486e+01  3.015247e-02 
 1.782519e+01  3.015246e-02 
 1.782551e+01  3.015246e-02 
 1.782583e+01  3.015246e-02 
 1.782615e+01  3.015246e-02 
 1.782647e+01  3.015246e-02 
 1.782679e+01  3.015246e-02 
 1.782712e+01  3.015246e-02 
 1.782744e+01  3.015246e-02 
 1.782776e+01  3.015246e-02 
 1.782808e+01  3.015246e-02 
 1.782840e+01  3.015246e-02 
 1.782872e+01  3.015246e-02 
 1.782904e+01  3.015246e-02 
 1.782937e+01  3.015245e-02 
 1.782969e+01  3.015245e-02 
 1.783001e+01  3.015245e-02 
 1.783033e+01  3.015245e-02 
 1.783065e+01  3.015245e-02 
 1.783097e+01  3.015245e-02 
 1.783130e+01  3.015245e-02 
 1.783162e+01  3.015245e-02 
 1.783194e+01  3.015245e-02 
 1.783226e+01  3.015245e-02 
 1.783258e+01  3.015245e-02 
 1.783290e+01  3.015245e-02 
 1.783323e+01  3.015245e-02 
 1.783355e+01  3.015245e-02 
 1.783387e+01  3.015245e-02 
 1.783419e+01  3.015246e-02 
 1.783451e+01  3.015246e-02 
 1.783483e+01  3.015246e-02 
 1.783515e+01  3.015246e-02 
 1.783548e+01  3.015246e-02 
 1.783580e+01  3.015246e-02 
 1.783612e+01  3.015246e-02 
 1.783644e+01  3.015246e-02 
 1.783676e+01  3.015246e-02 
 1.783708e+01  3.015246e-02 
 1.783741e+01  3.015246e-02 
 1.783773e+01  3.015247e-02 
 1.783805e+01  3.015247e-02 
 1.783837e+01  3.015247e-02 
 1.783869e+01  3.015247e-02 
 1.783901e+01  3.015247e-02 
 1.783933e+01  3.015247e-02 
 1.783966e+01  3.015247e-02 
 1.783998e+01  3.015248e-02 
 1.784030e+01  3.015248e-02 
 1.784062e+01  3.015248e-02 
 1.784094e+01  3.015248e-02 
 1.784126e+01  3.015248e-02 
 1.784159e+01  3.015249e-02 
 1.784191e+01  3.015249e-02 
 1.784223e+01  3.015249e-02 
 1.784255e+01  3.015249e-02 
 1.784287e+01  3.015250e-02 
 1.784319e+01  3.015250e-02 
 1.784351e+01  3.015250e-02 
 1.784384e+01  3.015250e-02 
 1.784416e+01  3.015251e-02 
 1.784448e+01  3.015251e-02 
 1.784480e+01  3.015251e-02 
 1.784512e+01  3.015252e-02 
 1.784544e+01  3.015252e-02 
 1.784577e+01  3.015252e-02 
 1.784609e+01  3.015252e-02 
 1.784641e+01  3.015253e-02 
 1.784673e+01  3.015253e-02 
 1.784705e+01  3.015253e-02 
 1.784737e+01  3.015254e-02 
 1.784770e+01  3.015254e-02 
 1.784802e+01  3.015255e-02 
 1.784834e+01  3.015255e-02 
 1.784866e+01  3.015255e-02 
 1.784898e+01  3.015256e-02 
 1.784930e+01  3.015256e-02 
 1.784962e+01  3.015256e-02 
 1.784995e+01  3.015257e-02 
 1.785027e+01  3.015257e-02 
 1.785059e+01  3.015258e-02 
 1.785091e+01  3.015258e-02 
 1.785123e+01  3.015258e-02 
 1.785155e+01  3.015259e-02 
 1.785188e+01  3.015259e-02 
 1.785220e+01  3.015260e-02 
 1.785252e+01  3.015260e-02 
 1.785284e+01  3.015261e-02 
 1.785316e+01  3.015261e-02 
 1.785348e+01  3.015262e-02 
 1.785380e+01  3.015262e-02 
 1.785413e+01  3.015262e-02 
 1.785445e+01  3.015263e-02 
 1.785477e+01  3.015263e-02 
 1.785509e+01  3.015264e-02 
 1.785541e+01  3.015264e-02 
 1.785573e+01  3.015265e-02 
 1.785606e+01  3.015265e-02 
 1.785638e+01  3.015266e-02 
 1.785670e+01  3.015266e-02 
 1.785702e+01  3.015267e-02 
 1.785734e+01  3.015267e-02 
 1.785766e+01  3.015268e-02 
 1.785798e+01  3.015268e-02 
 1.785831e+01  3.015269e-02 
 1.785863e+01  3.015269e-02 
 1.785895e+01  3.015270e-02 
 1.785927e+01  3.015270e-02 
 1.785959e+01  3.015271e-02 
 1.785991e+01  3.015272e-02 
 1.786024e+01  3.015272e-02 
 1.786056e+01  3.015273e-02 
 1.786088e+01  3.015273e-02 
 1.786120e+01  3.015274e-02 
 1.786152e+01  3.015274e-02 
 1.786184e+01  3.015275e-02 
 1.786217e+01  3.015275e-02 
 1.786249e+01  3.015276e-02 
 1.786281e+01  3.015277e-02 
 1.786313e+01  3.015277e-02 
 1.786345e+01  3.015278e-02 
 1.786377e+01  3.015278e-02 
 1.786409e+01  3.015279e-02 
 1.786442e+01  3.015280e-02 
 1.786474e+01  3.015280e-02 
 1.786506e+01  3.015281e-02 
 1.786538e+01  3.015281e-02 
 1.786570e+01  3.015282e-02 
 1.786602e+01  3.015283e-02 
 1.786635e+01  3.015283e-02 
 1.786667e+01  3.015284e-02 
 1.786699e+01  3.015284e-02 
 1.786731e+01  3.015285e-02 
 1.786763e+01  3.015286e-02 
 1.786795e+01  3.015286e-02 
 1.786827e+01  3.015287e-02 
 1.786860e+01  3.015287e-02 
 1.786892e+01  3.015288e-02 
 1.786924e+01  3.015289e-02 
 1.786956e+01  3.015289e-02 
 1.786988e+01  3.015290e-02 
 1.787020e+01  3.015291e-02 
 1.787053e+01  3.015291e-02 
 1.787085e+01  3.015292e-02 
 1.787117e+01  3.015293e-02 
 1.787149e+01  3.015293e-02 
 1.787181e+01  3.015294e-02 
 1.787213e+01  3.015295e-02 
 1.787245e+01  3.015295e-02 
 1.787278e+01  3.015296e-02 
 1.787310e+01  3.015297e-02 
 1.787342e+01  3.015297e-02 
 1.787374e+01  3.015298e-02 
 1.787406e+01  3.015299e-02 
 1.787438e+01  3.015299e-02 
 1.787471e+01  3.015300e-02 
 1.787503e+01  3.015301e-02 
 1.787535e+01  3.015301e-02 
 1.787567e+01  3.015302e-02 
 1.787599e+01  3.015303e-02 
 1.787631e+01  3.015304e-02 
 1.787664e+01  3.015304e-02 
 1.787696e+01  3.015305e-02 
 1.787728e+01  3.015306e-02 
 1.787760e+01  3.015306e-02 
 1.787792e+01  3.015307e-02 
 1.787824e+01  3.015308e-02 
 1.787856e+01  3.015309e-02 
 1.787889e+01  3.015309e-02 
 1.787921e+01  3.015310e-02 
 1.787953e+01  3.015311e-02 
 1.787985e+01  3.015312e-02 
 1.788017e+01  3.015312e-02 
 1.788049e+01  3.015313e-02 
 1.788082e+01  3.015314e-02 
 1.788114e+01  3.015314e-02 
 1.788146e+01  3.015315e-02 
 1.788178e+01  3.015316e-02 
 1.788210e+01  3.015317e-02 
 1.788242e+01  3.015317e-02 
 1.788274e+01  3.015318e-02 
 1.788307e+01  3.015319e-02 
 1.788339e+01  3.015320e-02 
 1.788371e+01  3.015320e-02 
 1.788403e+01  3.015321e-02 
 1.788435e+01  3.015322e-02 
 1.788467e+01  3.015323e-02 
 1.788500e+01  3.015323e-02 
 1.788532e+01  3.015324e-02 
 1.788564e+01  3.015325e-02 
 1.788596e+01  3.015326e-02 
 1.788628e+01  3.015326e-02 
 1.788660e+01  3.015327e-02 
 1.788693e+01  3.015328e-02 
 1.788725e+01  3.015329e-02 
 1.788757e+01  3.015330e-02 
 1.788789e+01  3.015330e-02 
 1.788821e+01  3.015331e-02 
 1.788853e+01  3.015332e-02 
 1.788885e+01  3.015332e-02 
 1.788918e+01  3.015333e-02 
 1.788950e+01  3.015334e-02 
 1.788982e+01  3.015335e-02 
 1.789014e+01  3.015335e-02 
 1.789046e+01  3.015336e-02 
 1.789078e+01  3.015337e-02 
 1.789111e+01  3.015338e-02 
 1.789143e+01  3.015338e-02 
 1.789175e+01  3.015339e-02 
 1.789207e+01  3.015340e-02 
 1.789239e+01  3.015341e-02 
 1.789271e+01  3.015341e-02 
 1.789303e+01  3.015342e-02 
 1.789336e+01  3.015343e-02 
 1.789368e+01  3.015343e-02 
 1.789400e+01  3.015344e-02 
 1.789432e+01  3.015345e-02 
 1.789464e+01  3.015346e-02 
 1.789496e+01  3.015346e-02 
 1.789529e+01  3.015347e-02 
 1.789561e+01  3.015348e-02 
 1.789593e+01  3.015348e-02 
 1.789625e+01  3.015349e-02 
 1.789657e+01  3.015350e-02 
 1.789689e+01  3.015350e-02 
 1.789721e+01  3.015351e-02 
 1.789754e+01  3.015352e-02 
 1.789786e+01  3.015353e-02 
 1.789818e+01  3.015353e-02 
 1.789850e+01  3.015354e-02 
 1.789882e+01  3.015355e-02 
 1.789914e+01  3.015355e-02 
 1.789947e+01  3.015356e-02 
 1.789979e+01  3.015356e-02 
 1.790011e+01  3.015357e-02 
 1.790043e+01  3.015358e-02 
 1.790075e+01  3.015358e-02 
 1.790107e+01  3.015359e-02 
 1.790140e+01  3.015360e-02 
 1.790172e+01  3.015360e-02 
 1.790204e+01  3.015361e-02 
 1.790236e+01  3.015362e-02 
 1.790268e+01  3.015362e-02 
 1.790300e+01  3.015363e-02 
 1.790332e+01  3.015364e-02 
 1.790365e+01  3.015364e-02 
 1.790397e+01  3.015365e-02 
 1.790429e+01  3.015365e-02 
 1.790461e+01  3.015366e-02 
 1.790493e+01  3.015367e-02 
 1.790525e+01  3.015367e-02 
 1.790558e+01  3.015368e-02 
 1.790590e+01  3.015368e-02 
 1.790622e+01  3.015369e-02 
 1.790654e+01  3.015370e-02 
 1.790686e+01  3.015370e-02 
 1.790718e+01  3.015371e-02 
 1.790750e+01  3.015371e-02 
 1.790783e+01  3.015372e-02 
 1.790815e+01  3.015373e-02 
 1.790847e+01  3.015373e-02 
 1.790879e+01  3.015374e-02 
 1.790911e+01  3.015374e-02 
 1.790943e+01  3.015375e-02 
 1.790976e+01  3.015376e-02 
 1.791008e+01  3.015376e-02 
 1.791040e+01  3.015377e-02 
 1.791072e+01  3.015377e-02 
 1.791104e+01  3.015378e-02 
 1.791136e+01  3.015379e-02 
 1.791168e+01  3.015379e-02 
 1.791201e+01  3.015380e-02 
 1.791233e+01  3.015380e-02 
 1.791265e+01  3.015381e-02 
 1.791297e+01  3.015382e-02 
 1.791329e+01  3.015382e-02 
 1.791361e+01  3.015383e-02 
 1.791394e+01  3.015383e-02 
 1.791426e+01  3.015384e-02 
 1.791458e+01  3.015385e-02 
 1.791490e+01  3.015385e-02 
 1.791522e+01  3.015386e-02 
 1.791554e+01  3.015386e-02 
 1.791587e+01  3.015387e-02 
 1.791619e+01  3.015388e-02 
 1.791651e+01  3.015388e-02 
 1.791683e+01  3.015389e-02 
 1.791715e+01  3.015389e-02 
 1.791747e+01  3.015390e-02 
 1.791779e+01  3.015391e-02 
 1.791812e+01  3.015391e-02 
 1.791844e+01  3.015392e-02 
 1.791876e+01  3.015393e-02 
 1.791908e+01  3.015393e-02 
 1.791940e+01  3.015394e-02 
 1.791972e+01  3.015394e-02 
 1.792005e+01  3.015395e-02 
 1.792037e+01  3.015396e-02 
 1.792069e+01  3.015396e-02 
 1.792101e+01  3.015397e-02 
 1.792133e+01  3.015398e-02 
 1.792165e+01  3.015398e-02 
 1.792197e+01  3.015399e-02 
 1.792230e+01  3.015400e-02 
 1.792262e+01  3.015400e-02 
 1.792294e+01  3.015401e-02 
 1.792326e+01  3.015402e-02 
 1.792358e+01  3.015402e-02 
 1.792390e+01  3.015403e-02 
 1.792423e+01  3.015404e-02 
 1.792455e+01  3.015404e-02 
 1.792487e+01  3.015405e-02 
 1.792519e+01  3.015406e-02 
 1.792551e+01  3.015406e-02 
 1.792583e+01  3.015407e-02 
 1.792615e+01  3.015408e-02 
 1.792648e+01  3.015408e-02 
 1.792680e+01  3.015409e-02 
 1.792712e+01  3.015410e-02 
 1.792744e+01  3.015411e-02 
 1.792776e+01  3.015411e-02 
 1.792808e+01  3.015412e-02 
 1.792841e+01  3.015413e-02 
 1.792873e+01  3.015413e-02 
 1.792905e+01  3.015414e-02 
 1.792937e+01  3.015415e-02 
 1.792969e+01  3.015416e-02 
 1.793001e+01  3.015416e-02 
 1.793034e+01  3.015417e-02 
 1.793066e+01  3.015418e-02 
 1.793098e+01  3.015419e-02 
 1.793130e+01  3.015419e-02 
 1.793162e+01  3.015420e-02 
 1.793194e+01  3.015421e-02 
 1.793226e+01  3.015422e-02 
 1.793259e+01  3.015422e-02 
 1.793291e+01  3.015423e-02 
 1.793323e+01  3.015424e-02 
 1.793355e+01  3.015425e-02 
 1.793387e+01  3.015425e-02 
 1.793419e+01  3.015426e-02 
 1.793452e+01  3.015427e-02 
 1.793484e+01  3.015428e-02 
 1.793516e+01  3.015429e-02 
 1.793548e+01  3.015429e-02 
 1.793580e+01  3.015430e-02 
 1.793612e+01  3.015431e-02 
 1.793644e+01  3.015432e-02 
 1.793677e+01  3.015433e-02 
 1.793709e+01  3.015433e-02 
 1.793741e+01  3.015434e-02 
 1.793773e+01  3.015435e-02 
 1.793805e+01  3.015436e-02 
 1.793837e+01  3.015437e-02 
 1.793870e+01  3.015438e-02 
 1.793902e+01  3.015438e-02 
 1.793934e+01  3.015439e-02 
 1.793966e+01  3.015440e-02 
 1.793998e+01  3.015441e-02 
 1.794030e+01  3.015442e-02 
 1.794062e+01  3.015442e-02 
 1.794095e+01  3.015443e-02 
 1.794127e+01  3.015444e-02 
 1.794159e+01  3.015445e-02 
 1.794191e+01  3.015446e-02 
 1.794223e+01  3.015447e-02 
 1.794255e+01  3.015448e-02 
 1.794288e+01  3.015448e-02 
 1.794320e+01  3.015449e-02 
 1.794352e+01  3.015450e-02 
 1.794384e+01  3.015451e-02 
 1.794416e+01  3.015452e-02 
 1.794448e+01  3.015453e-02 
 1.794481e+01  3.015454e-02 
 1.794513e+01  3.015455e-02 
 1.794545e+01  3.015455e-02 
 1.794577e+01  3.015456e-02 
 1.794609e+01  3.015457e-02 
 1.794641e+01  3.015458e-02 
 1.794673e+01  3.015459e-02 
 1.794706e+01  3.015460e-02 
 1.794738e+01  3.015461e-02 
 1.794770e+01  3.015462e-02 
 1.794802e+01  3.015463e-02 
 1.794834e+01  3.015463e-02 
 1.794866e+01  3.015464e-02 
 1.794899e+01  3.015465e-02 
 1.794931e+01  3.015466e-02 
 1.794963e+01  3.015467e-02 
 1.794995e+01  3.015468e-02 
 1.795027e+01  3.015469e-02 
 1.795059e+01  3.015470e-02 
 1.795091e+01  3.015471e-02 
 1.795124e+01  3.015472e-02 
 1.795156e+01  3.015473e-02 
 1.795188e+01  3.015474e-02 
 1.795220e+01  3.015475e-02 
 1.795252e+01  3.015476e-02 
 1.795284e+01  3.015477e-02 
 1.795317e+01  3.015478e-02 
 1.795349e+01  3.015479e-02 
 1.795381e+01  3.015479e-02 
 1.795413e+01  3.015480e-02 
 1.795445e+01  3.015481e-02 
 1.795477e+01  3.015482e-02 
 1.795509e+01  3.015483e-02 
 1.795542e+01  3.015484e-02 
 1.795574e+01  3.015485e-02 
 1.795606e+01  3.015486e-02 
 1.795638e+01  3.015487e-02 
 1.795670e+01  3.015488e-02 
 1.795702e+01  3.015489e-02 
 1.795735e+01  3.015491e-02 
 1.795767e+01  3.015492e-02 
 1.795799e+01  3.015493e-02 
 1.795831e+01  3.015494e-02 
 1.795863e+01  3.015495e-02 
 1.795895e+01  3.015496e-02 
 1.795928e+01  3.015497e-02 
 1.795960e+01  3.015498e-02 
 1.795992e+01  3.015499e-02 
 1.796024e+01  3.015500e-02 
 1.796056e+01  3.015501e-02 
 1.796088e+01  3.015502e-02 
 1.796120e+01  3.015503e-02 
 1.796153e+01  3.015504e-02 
 1.796185e+01  3.015505e-02 
 1.796217e+01  3.015506e-02 
 1.796249e+01  3.015508e-02 
 1.796281e+01  3.015509e-02 
 1.796313e+01  3.015510e-02 
 1.796346e+01  3.015511e-02 
 1.796378e+01  3.015512e-02 
 1.796410e+01  3.015513e-02 
 1.796442e+01  3.015514e-02 
 1.796474e+01  3.015515e-02 
 1.796506e+01  3.015517e-02 
 1.796538e+01  3.015518e-02 
 1.796571e+01  3.015519e-02 
 1.796603e+01  3.015520e-02 
 1.796635e+01  3.015521e-02 
 1.796667e+01  3.015522e-02 
 1.796699e+01  3.015523e-02 
 1.796731e+01  3.015525e-02 
 1.796764e+01  3.015526e-02 
 1.796796e+01  3.015527e-02 
 1.796828e+01  3.015528e-02 
 1.796860e+01  3.015529e-02 
 1.796892e+01  3.015530e-02 
 1.796924e+01  3.015532e-02 
 1.796956e+01  3.015533e-02 
 1.796989e+01  3.015534e-02 
 1.797021e+01  3.015535e-02 
 1.797053e+01  3.015536e-02 
 1.797085e+01  3.015538e-02 
 1.797117e+01  3.015539e-02 
 1.797149e+01  3.015540e-02 
 1.797182e+01  3.015541e-02 
 1.797214e+01  3.015542e-02 
 1.797246e+01  3.015544e-02 
 1.797278e+01  3.015545e-02 
 1.797310e+01  3.015546e-02 
 1.797342e+01  3.015547e-02 
 1.797375e+01  3.015548e-02 
 1.797407e+01  3.015550e-02 
 1.797439e+01  3.015551e-02 
 1.797471e+01  3.015552e-02 
 1.797503e+01  3.015553e-02 
 1.797535e+01  3.015555e-02 
 1.797567e+01  3.015556e-02 
 1.797600e+01  3.015557e-02 
 1.797632e+01  3.015558e-02 
 1.797664e+01  3.015560e-02 
 1.797696e+01  3.015561e-02 
 1.797728e+01  3.015562e-02 
 1.797760e+01  3.015563e-02 
 1.797793e+01  3.015565e-02 
 1.797825e+01  3.015566e-02 
 1.797857e+01  3.015567e-02 
 1.797889e+01  3.015568e-02 
 1.797921e+01  3.015570e-02 
 1.797953e+01  3.015571e-02 
 1.797985e+01  3.015572e-02 
 1.798018e+01  3.015573e-02 
 1.798050e+01  3.015575e-02 
 1.798082e+01  3.015576e-02 
 1.798114e+01  3.015577e-02 
 1.798146e+01  3.015578e-02 
 1.798178e+01  3.015580e-02 
 1.798211e+01  3.015581e-02 
 1.798243e+01  3.015582e-02 
 1.798275e+01  3.015584e-02 
 1.798307e+01  3.015585e-02 
 1.798339e+01  3.015586e-02 
 1.798371e+01  3.015587e-02 
 1.798404e+01  3.015589e-02 
 1.798436e+01  3.015590e-02 
 1.798468e+01  3.015591e-02 
 1.798500e+01  3.015593e-02 
 1.798532e+01  3.015594e-02 
 1.798564e+01  3.015595e-02 
 1.798596e+01  3.015596e-02 
 1.798629e+01  3.015598e-02 
 1.798661e+01  3.015599e-02 
 1.798693e+01  3.015600e-02 
 1.798725e+01  3.015602e-02 
 1.798757e+01  3.015603e-02 
 1.798789e+01  3.015604e-02 
 1.798822e+01  3.015606e-02 
 1.798854e+01  3.015607e-02 
 1.798886e+01  3.015608e-02 
 1.798918e+01  3.015609e-02 
 1.798950e+01  3.015611e-02 
 1.798982e+01  3.015612e-02 
 1.799014e+01  3.015613e-02 
 1.799047e+01  3.015615e-02 
 1.799079e+01  3.015616e-02 
 1.799111e+01  3.015617e-02 
 1.799143e+01  3.015619e-02 
 1.799175e+01  3.015620e-02 
 1.799207e+01  3.015621e-02 
 1.799240e+01  3.015622e-02 
 1.799272e+01  3.015624e-02 
 1.799304e+01  3.015625e-02 
 1.799336e+01  3.015626e-02 
 1.799368e+01  3.015628e-02 
 1.799400e+01  3.015629e-02 
 1.799432e+01  3.015630e-02 
 1.799465e+01  3.015632e-02 
 1.799497e+01  3.015633e-02 
 1.799529e+01  3.015634e-02 
 1.799561e+01  3.015636e-02 
 1.799593e+01  3.015637e-02 
 1.799625e+01  3.015638e-02 
 1.799658e+01  3.015639e-02 
 1.799690e+01  3.015641e-02 
 1.799722e+01  3.015642e-02 
 1.799754e+01  3.015643e-02 
 1.799786e+01  3.015645e-02 
 1.799818e+01  3.015646e-02 
 1.799851e+01  3.015647e-02 
 1.799883e+01  3.015649e-02 
 1.799915e+01  3.015650e-02 
 1.799947e+01  3.015651e-02 
 1.799979e+01  3.015653e-02 
 1.800011e+01  3.015654e-02 
 1.800043e+01  3.015655e-02 
 1.800076e+01  3.015657e-02 
 1.800108e+01  3.015658e-02 
 1.800140e+01  3.015659e-02 
 1.800172e+01  3.015660e-02 
 1.800204e+01  3.015662e-02 
 1.800236e+01  3.015663e-02 
 1.800269e+01  3.015664e-02 
 1.800301e+01  3.015666e-02 
 1.800333e+01  3.015667e-02 
 1.800365e+01  3.015668e-02 
 1.800397e+01  3.015670e-02 
 1.800429e+01  3.015671e-02 
 1.800461e+01  3.015672e-02 
 1.800494e+01  3.015674e-02 
 1.800526e+01  3.015675e-02 
 1.800558e+01  3.015676e-02 
 1.800590e+01  3.015677e-02 
 1.800622e+01  3.015679e-02 
 1.800654e+01  3.015680e-02 
 1.800687e+01  3.015681e-02 
 1.800719e+01  3.015683e-02 
 1.800751e+01  3.015684e-02 
 1.800783e+01  3.015685e-02 
 1.800815e+01  3.015687e-02 
 1.800847e+01  3.015688e-02 
 1.800879e+01  3.015689e-02 
 1.800912e+01  3.015690e-02 
 1.800944e+01  3.015692e-02 
 1.800976e+01  3.015693e-02 
 1.801008e+01  3.015694e-02 
 1.801040e+01  3.015696e-02 
 1.801072e+01  3.015697e-02 
 1.801105e+01  3.015698e-02 
 1.801137e+01  3.015700e-02 
 1.801169e+01  3.015701e-02 
 1.801201e+01  3.015702e-02 
 1.801233e+01  3.015704e-02 
 1.801265e+01  3.015705e-02 
 1.801298e+01  3.015706e-02 
 1.801330e+01  3.015707e-02 
 1.801362e+01  3.015709e-02 
 1.801394e+01  3.015710e-02 
 1.801426e+01  3.015711e-02 
 1.801458e+01  3.015713e-02 
 1.801490e+01  3.015714e-02 
 1.801523e+01  3.015715e-02 
 1.801555e+01  3.015717e-02 
 1.801587e+01  3.015718e-02 
 1.801619e+01  3.015719e-02 
 1.801651e+01  3.015720e-02 
 1.801683e+01  3.015722e-02 
 1.801716e+01  3.015723e-02 
 1.801748e+01  3.015724e-02 
 1.801780e+01  3.015726e-02 
 1.801812e+01  3.015727e-02 
 1.801844e+01  3.015728e-02 
 1.801876e+01  3.015729e-02 
 1.801908e+01  3.015731e-02 
 1.801941e+01  3.015732e-02 
 1.801973e+01  3.015733e-02 
 1.802005e+01  3.015735e-02 
 1.802037e+01  3.015736e-02 
 1.802069e+01  3.015737e-02 
 1.802101e+01  3.015739e-02 
 1.802134e+01  3.015740e-02 
 1.802166e+01  3.015741e-02 
 1.802198e+01  3.015742e-02 
 1.802230e+01  3.015744e-02 
 1.802262e+01  3.015745e-02 
 1.802294e+01  3.015746e-02 
 1.802326e+01  3.015748e-02 
 1.802359e+01  3.015749e-02 
 1.802391e+01  3.015750e-02 
 1.802423e+01  3.015752e-02 
 1.802455e+01  3.015753e-02 
 1.802487e+01  3.015754e-02 
 1.802519e+01  3.015755e-02 
 1.802552e+01  3.015757e-02 
 1.802584e+01  3.015758e-02 
 1.802616e+01  3.015759e-02 
 1.802648e+01  3.015761e-02 
 1.802680e+01  3.015762e-02 
 1.802712e+01  3.015763e-02 
 1.802745e+01  3.015765e-02 
 1.802777e+01  3.015766e-02 
 1.802809e+01  3.015767e-02 
 1.802841e+01  3.015769e-02 
 1.802873e+01  3.015770e-02 
 1.802905e+01  3.015771e-02 
 1.802937e+01  3.015772e-02 
 1.802970e+01  3.015774e-02 
 1.803002e+01  3.015775e-02 
 1.803034e+01  3.015776e-02 
 1.803066e+01  3.015778e-02 
 1.803098e+01  3.015779e-02 
 1.803130e+01  3.015780e-02 
 1.803163e+01  3.015782e-02 
 1.803195e+01  3.015783e-02 
 1.803227e+01  3.015784e-02 
 1.803259e+01  3.015786e-02 
 1.803291e+01  3.015787e-02 
 1.803323e+01  3.015788e-02 
 1.803355e+01  3.015789e-02 
 1.803388e+01  3.015791e-02 
 1.803420e+01  3.015792e-02 
 1.803452e+01  3.015793e-02 
 1.803484e+01  3.015795e-02 
 1.803516e+01  3.015796e-02 
 1.803548e+01  3.015797e-02 
 1.803581e+01  3.015799e-02 
 1.803613e+01  3.015800e-02 
 1.803645e+01  3.015801e-02 
 1.803677e+01  3.015803e-02 
 1.803709e+01  3.015804e-02 
 1.803741e+01  3.015805e-02 
 1.803773e+01  3.015807e-02 
 1.803806e+01  3.015808e-02 
 1.803838e+01  3.015809e-02 
 1.803870e+01  3.015811e-02 
 1.803902e+01  3.015812e-02 
 1.803934e+01  3.015813e-02 
 1.803966e+01  3.015815e-02 
 1.803999e+01  3.015816e-02 
 1.804031e+01  3.015817e-02 
 1.804063e+01  3.015818e-02 
 1.804095e+01  3.015820e-02 
 1.804127e+01  3.015821e-02 
 1.804159e+01  3.015822e-02 
 1.804192e+01  3.015824e-02 
 1.804224e+01  3.015825e-02 
 1.804256e+01  3.015826e-02 
 1.804288e+01  3.015828e-02 
 1.804320e+01  3.015829e-02 
 1.804352e+01  3.015830e-02 
 1.804384e+01  3.015832e-02 
 1.804417e+01  3.015833e-02 
 1.804449e+01  3.015834e-02 
 1.804481e+01  3.015836e-02 
 1.804513e+01  3.015837e-02 
 1.804545e+01  3.015838e-02 
 1.804577e+01  3.015839e-02 
 1.804610e+01  3.015841e-02 
 1.804642e+01  3.015842e-02 
 1.804674e+01  3.015843e-02 
 1.804706e+01  3.015845e-02 
 1.804738e+01  3.015846e-02 
 1.804770e+01  3.015847e-02 
 1.804802e+01  3.015849e-02 
 1.804835e+01  3.015850e-02 
 1.804867e+01  3.015851e-02 
 1.804899e+01  3.015853e-02 
 1.804931e+01  3.015854e-02 
 1.804963e+01  3.015855e-02 
 1.804995e+01  3.015856e-02 
 1.805028e+01  3.015858e-02 
 1.805060e+01  3.015859e-02 
 1.805092e+01  3.015860e-02 
 1.805124e+01  3.015862e-02 
 1.805156e+01  3.015863e-02 
 1.805188e+01  3.015864e-02 
 1.805220e+01  3.015866e-02 
 1.805253e+01  3.015867e-02 
 1.805285e+01  3.015868e-02 
 1.805317e+01  3.015869e-02 
 1.805349e+01  3.015871e-02 
 1.805381e+01  3.015872e-02 
 1.805413e+01  3.015873e-02 
 1.805446e+01  3.015875e-02 
 1.805478e+01  3.015876e-02 
 1.805510e+01  3.015877e-02 
 1.805542e+01  3.015878e-02 
 1.805574e+01  3.015880e-02 
 1.805606e+01  3.015881e-02 
 1.805639e+01  3.015882e-02 
 1.805671e+01  3.015884e-02 
 1.805703e+01  3.015885e-02 
 1.805735e+01  3.015886e-02 
 1.805767e+01  3.015888e-02 
 1.805799e+01  3.015889e-02 
 1.805831e+01  3.015890e-02 
 1.805864e+01  3.015891e-02 
 1.805896e+01  3.015893e-02 
 1.805928e+01  3.015894e-02 
 1.805960e+01  3.015895e-02 
 1.805992e+01  3.015897e-02 
 1.806024e+01  3.015898e-02 
 1.806057e+01  3.015899e-02 
 1.806089e+01  3.015900e-02 
 1.806121e+01  3.015902e-02 
 1.806153e+01  3.015903e-02 
 1.806185e+01  3.015904e-02 
 1.806217e+01  3.015906e-02 
 1.806249e+01  3.015907e-02 
 1.806282e+01  3.015908e-02 
 1.806314e+01  3.015909e-02 
 1.806346e+01  3.015911e-02 
 1.806378e+01  3.015912e-02 
 1.806410e+01  3.015913e-02 
 1.806442e+01  3.015915e-02 
 1.806475e+01  3.015916e-02 
 1.806507e+01  3.015917e-02 
 1.806539e+01  3.015918e-02 
 1.806571e+01  3.015920e-02 
 1.806603e+01  3.015921e-02 
 1.806635e+01  3.015922e-02 
 1.806667e+01  3.015923e-02 
 1.806700e+01  3.015925e-02 
 1.806732e+01  3.015926e-02 
 1.806764e+01  3.015927e-02 
 1.806796e+01  3.015929e-02 
 1.806828e+01  3.015930e-02 
 1.806860e+01  3.015931e-02 
 1.806893e+01  3.015932e-02 
 1.806925e+01  3.015934e-02 
 1.806957e+01  3.015935e-02 
 1.806989e+01  3.015936e-02 
 1.807021e+01  3.015937e-02 
 1.807053e+01  3.015939e-02 
 1.807086e+01  3.015940e-02 
 1.807118e+01  3.015941e-02 
 1.807150e+01  3.015943e-02 
 1.807182e+01  3.015944e-02 
 1.807214e+01  3.015945e-02 
 1.807246e+01  3.015946e-02 
 1.807278e+01  3.015948e-02 
 1.807311e+01  3.015949e-02 
 1.807343e+01  3.015950e-02 
 1.807375e+01  3.015951e-02 
 1.807407e+01  3.015953e-02 
 1.807439e+01  3.015954e-02 
 1.807471e+01  3.015955e-02 
 1.807504e+01  3.015956e-02 
 1.807536e+01  3.015958e-02 
 1.807568e+01  3.015959e-02 
 1.807600e+01  3.015960e-02 
 1.807632e+01  3.015961e-02 
 1.807664e+01  3.015962e-02 
 1.807696e+01  3.015964e-02 
 1.807729e+01  3.015965e-02 
 1.807761e+01  3.015966e-02 
 1.807793e+01  3.015967e-02 
 1.807825e+01  3.015969e-02 
 1.807857e+01  3.015970e-02 
 1.807889e+01  3.015971e-02 
 1.807922e+01  3.015972e-02 
 1.807954e+01  3.015973e-02 
 1.807986e+01  3.015975e-02 
 1.808018e+01  3.015976e-02 
 1.808050e+01  3.015977e-02 
 1.808082e+01  3.015978e-02 
 1.808115e+01  3.015979e-02 
 1.808147e+01  3.015981e-02 
 1.808179e+01  3.015982e-02 
 1.808211e+01  3.015983e-02 
 1.808243e+01  3.015984e-02 
 1.808275e+01  3.015985e-02 
 1.808307e+01  3.015987e-02 
 1.808340e+01  3.015988e-02 
 1.808372e+01  3.015989e-02 
 1.808404e+01  3.015990e-02 
 1.808436e+01  3.015991e-02 
 1.808468e+01  3.015993e-02 
 1.808500e+01  3.015994e-02 
 1.808533e+01  3.015995e-02 
 1.808565e+01  3.015996e-02 
 1.808597e+01  3.015997e-02 
 1.808629e+01  3.015999e-02 
 1.808661e+01  3.016000e-02 
 1.808693e+01  3.016001e-02 
 1.808725e+01  3.016002e-02 
 1.808758e+01  3.016003e-02 
 1.808790e+01  3.016004e-02 
 1.808822e+01  3.016006e-02 
 1.808854e+01  3.016007e-02 
 1.808886e+01  3.016008e-02 
 1.808918e+01  3.016009e-02 
 1.808951e+01  3.016010e-02 
 1.808983e+01  3.016011e-02 
 1.809015e+01  3.016013e-02 
 1.809047e+01  3.016014e-02 
 1.809079e+01  3.016015e-02 
 1.809111e+01  3.016016e-02 
 1.809143e+01  3.016017e-02 
 1.809176e+01  3.016018e-02 
 1.809208e+01  3.016020e-02 
 1.809240e+01  3.016021e-02 
 1.809272e+01  3.016022e-02 
 1.809304e+01  3.016023e-02 
 1.809336e+01  3.016024e-02 
 1.809369e+01  3.016025e-02 
 1.809401e+01  3.016027e-02 
 1.809433e+01  3.016028e-02 
 1.809465e+01  3.016029e-02 
 1.809497e+01  3.016030e-02 
 1.809529e+01  3.016031e-02 
 1.809562e+01  3.016032e-02 
 1.809594e+01  3.016034e-02 
 1.809626e+01  3.016035e-02 
 1.809658e+01  3.016036e-02 
 1.809690e+01  3.016037e-02 
 1.809722e+01  3.016038e-02 
 1.809754e+01  3.016039e-02 
 1.809787e+01  3.016041e-02 
 1.809819e+01  3.016042e-02 
 1.809851e+01  3.016043e-02 
 1.809883e+01  3.016044e-02 
 1.809915e+01  3.016045e-02 
 1.809947e+01  3.016046e-02 
 1.809980e+01  3.016048e-02 
 1.810012e+01  3.016049e-02 
 1.810044e+01  3.016050e-02 
 1.810076e+01  3.016051e-02 
 1.810108e+01  3.016052e-02 
 1.810140e+01  3.016053e-02 
 1.810172e+01  3.016054e-02 
 1.810205e+01  3.016056e-02 
 1.810237e+01  3.016057e-02 
 1.810269e+01  3.016058e-02 
 1.810301e+01  3.016059e-02 
 1.810333e+01  3.016060e-02 
 1.810365e+01  3.016061e-02 
 1.810398e+01  3.016063e-02 
 1.810430e+01  3.016064e-02 
 1.810462e+01  3.016065e-02 
 1.810494e+01  3.016066e-02 
 1.810526e+01  3.016067e-02 
 1.810558e+01  3.016068e-02 
 1.810590e+01  3.016069e-02 
 1.810623e+01  3.016071e-02 
 1.810655e+01  3.016072e-02 
 1.810687e+01  3.016073e-02 
 1.810719e+01  3.016074e-02 
 1.810751e+01  3.016075e-02 
 1.810783e+01  3.016076e-02 
 1.810816e+01  3.016078e-02 
 1.810848e+01  3.016079e-02 
 1.810880e+01  3.016080e-02 
 1.810912e+01  3.016081e-02 
 1.810944e+01  3.016082e-02 
 1.810976e+01  3.016083e-02 
 1.811009e+01  3.016084e-02 
 1.811041e+01  3.016086e-02 
 1.811073e+01  3.016087e-02 
 1.811105e+01  3.016088e-02 
 1.811137e+01  3.016089e-02 
 1.811169e+01  3.016090e-02 
 1.811201e+01  3.016091e-02 
 1.811234e+01  3.016092e-02 
 1.811266e+01  3.016094e-02 
 1.811298e+01  3.016095e-02 
 1.811330e+01  3.016096e-02 
 1.811362e+01  3.016097e-02 
 1.811394e+01  3.016098e-02 
 1.811427e+01  3.016099e-02 
 1.811459e+01  3.016100e-02 
 1.811491e+01  3.016101e-02 
 1.811523e+01  3.016103e-02 
 1.811555e+01  3.016104e-02 
 1.811587e+01  3.016105e-02 
 1.811619e+01  3.016106e-02 
 1.811652e+01  3.016107e-02 
 1.811684e+01  3.016108e-02 
 1.811716e+01  3.016109e-02 
 1.811748e+01  3.016110e-02 
 1.811780e+01  3.016112e-02 
 1.811812e+01  3.016113e-02 
 1.811845e+01  3.016114e-02 
 1.811877e+01  3.016115e-02 
 1.811909e+01  3.016116e-02 
 1.811941e+01  3.016117e-02 
 1.811973e+01  3.016118e-02 
 1.812005e+01  3.016119e-02 
 1.812037e+01  3.016120e-02 
 1.812070e+01  3.016122e-02 
 1.812102e+01  3.016123e-02 
 1.812134e+01  3.016124e-02 
 1.812166e+01  3.016125e-02 
 1.812198e+01  3.016126e-02 
 1.812230e+01  3.016127e-02 
 1.812263e+01  3.016128e-02 
 1.812295e+01  3.016129e-02 
 1.812327e+01  3.016130e-02 
 1.812359e+01  3.016131e-02 
 1.812391e+01  3.016133e-02 
 1.812423e+01  3.016134e-02 
 1.812456e+01  3.016135e-02 
 1.812488e+01  3.016136e-02 
 1.812520e+01  3.016137e-02 
 1.812552e+01  3.016138e-02 
 1.812584e+01  3.016139e-02 
 1.812616e+01  3.016140e-02 
 1.812648e+01  3.016141e-02 
 1.812681e+01  3.016142e-02 
 1.812713e+01  3.016143e-02 
 1.812745e+01  3.016144e-02 
 1.812777e+01  3.016146e-02 
 1.812809e+01  3.016147e-02 
 1.812841e+01  3.016148e-02 
 1.812874e+01  3.016149e-02 
 1.812906e+01  3.016150e-02 
 1.812938e+01  3.016151e-02 
 1.812970e+01  3.016152e-02 
 1.813002e+01  3.016153e-02 
 1.813034e+01  3.016154e-02 
 1.813066e+01  3.016155e-02 
 1.813099e+01  3.016156e-02 
 1.813131e+01  3.016157e-02 
 1.813163e+01  3.016158e-02 
 1.813195e+01  3.016160e-02 
 1.813227e+01  3.016161e-02 
 1.813259e+01  3.016162e-02 
 1.813292e+01  3.016163e-02 
 1.813324e+01  3.016164e-02 
 1.813356e+01  3.016165e-02 
 1.813388e+01  3.016166e-02 
 1.813420e+01  3.016167e-02 
 1.813452e+01  3.016168e-02 
 1.813484e+01  3.016169e-02 
 1.813517e+01  3.016170e-02 
 1.813549e+01  3.016171e-02 
 1.813581e+01  3.016172e-02 
 1.813613e+01  3.016173e-02 
 1.813645e+01  3.016174e-02 
 1.813677e+01  3.016175e-02 
 1.813710e+01  3.016176e-02 
 1.813742e+01  3.016177e-02 
 1.813774e+01  3.016178e-02 
 1.813806e+01  3.016180e-02 
 1.813838e+01  3.016181e-02 
 1.813870e+01  3.016182e-02 
 1.813903e+01  3.016183e-02 
 1.813935e+01  3.016184e-02 
 1.813967e+01  3.016185e-02 
 1.813999e+01  3.016186e-02 
 1.814031e+01  3.016187e-02 
 1.814063e+01  3.016188e-02 
 1.814095e+01  3.016189e-02 
 1.814128e+01  3.016190e-02 
 1.814160e+01  3.016191e-02 
 1.814192e+01  3.016192e-02 
 1.814224e+01  3.016193e-02 
 1.814256e+01  3.016194e-02 
 1.814288e+01  3.016195e-02 
 1.814321e+01  3.016196e-02 
 1.814353e+01  3.016197e-02 
 1.814385e+01  3.016198e-02 
 1.814417e+01  3.016199e-02 
 1.814449e+01  3.016200e-02 
 1.814481e+01  3.016201e-02 
 1.814513e+01  3.016202e-02 
 1.814546e+01  3.016203e-02 
 1.814578e+01  3.016204e-02 
 1.814610e+01  3.016205e-02 
 1.814642e+01  3.016206e-02 
 1.814674e+01  3.016207e-02 
 1.814706e+01  3.016208e-02 
 1.814739e+01  3.016209e-02 
 1.814771e+01  3.016210e-02 
 1.814803e+01  3.016211e-02 
 1.814835e+01  3.016212e-02 
 1.814867e+01  3.016213e-02 
 1.814899e+01  3.016214e-02 
 1.814931e+01  3.016214e-02 
 1.814964e+01  3.016215e-02 
 1.814996e+01  3.016216e-02 
 1.815028e+01  3.016217e-02 
 1.815060e+01  3.016218e-02 
 1.815092e+01  3.016219e-02 
 1.815124e+01  3.016220e-02 
 1.815157e+01  3.016221e-02 
 1.815189e+01  3.016222e-02 
 1.815221e+01  3.016223e-02 
 1.815253e+01  3.016224e-02 
 1.815285e+01  3.016225e-02 
 1.815317e+01  3.016226e-02 
 1.815350e+01  3.016227e-02 
 1.815382e+01  3.016227e-02 
 1.815414e+01  3.016228e-02 
 1.815446e+01  3.016229e-02 
 1.815478e+01  3.016230e-02 
 1.815510e+01  3.016231e-02 
 1.815542e+01  3.016232e-02 
 1.815575e+01  3.016233e-02 
 1.815607e+01  3.016234e-02 
 1.815639e+01  3.016235e-02 
 1.815671e+01  3.016235e-02 
 1.815703e+01  3.016236e-02 
 1.815735e+01  3.016237e-02 
 1.815768e+01  3.016238e-02 
 1.815800e+01  3.016239e-02 
 1.815832e+01  3.016240e-02 
 1.815864e+01  3.016241e-02 
 1.815896e+01  3.016241e-02 
 1.815928e+01  3.016242e-02 
 1.815960e+01  3.016243e-02 
 1.815993e+01  3.016244e-02 
 1.816025e+01  3.016245e-02 
 1.816057e+01  3.016246e-02 
 1.816089e+01  3.016246e-02 
 1.816121e+01  3.016247e-02 
 1.816153e+01  3.016248e-02 
 1.816186e+01  3.016249e-02 
 1.816218e+01  3.016250e-02 
 1.816250e+01  3.016250e-02 
 1.816282e+01  3.016251e-02 
 1.816314e+01  3.016252e-02 
 1.816346e+01  3.016253e-02 
 1.816379e+01  3.016254e-02 
 1.816411e+01  3.016254e-02 
 1.816443e+01  3.016255e-02 
 1.816475e+01  3.016256e-02 
 1.816507e+01  3.016257e-02 
 1.816539e+01  3.016257e-02 
 1.816571e+01  3.016258e-02 
 1.816604e+01  3.016259e-02 
 1.816636e+01  3.016260e-02 
 1.816668e+01  3.016260e-02 
 1.816700e+01  3.016261e-02 
 1.816732e+01  3.016262e-02 
 1.816764e+01  3.016263e-02 
 1.816797e+01  3.016263e-02 
 1.816829e+01  3.016264e-02 
 1.816861e+01  3.016265e-02 
 1.816893e+01  3.016265e-02 
 1.816925e+01  3.016266e-02 
 1.816957e+01  3.016267e-02 
 1.816989e+01  3.016268e-02 
 1.817022e+01  3.016268e-02 
 1.817054e+01  3.016269e-02 
 1.817086e+01  3.016270e-02 
 1.817118e+01  3.016270e-02 
 1.817150e+01  3.016271e-02 
 1.817182e+01  3.016272e-02 
 1.817215e+01  3.016272e-02 
 1.817247e+01  3.016273e-02 
 1.817279e+01  3.016274e-02 
 1.817311e+01  3.016274e-02 
 1.817343e+01  3.016275e-02 
 1.817375e+01  3.016276e-02 
 1.817407e+01  3.016276e-02 
 1.817440e+01  3.016277e-02 
 1.817472e+01  3.016278e-02 
 1.817504e+01  3.016278e-02 
 1.817536e+01  3.016279e-02 
 1.817568e+01  3.016279e-02 
 1.817600e+01  3.016280e-02 
 1.817633e+01  3.016281e-02 
 1.817665e+01  3.016281e-02 
 1.817697e+01  3.016282e-02 
 1.817729e+01  3.016283e-02 
 1.817761e+01  3.016283e-02 
 1.817793e+01  3.016284e-02 
 1.817826e+01  3.016284e-02 
 1.817858e+01  3.016285e-02 
 1.817890e+01  3.016286e-02 
 1.817922e+01  3.016286e-02 
 1.817954e+01  3.016287e-02 
 1.817986e+01  3.016287e-02 
 1.818018e+01  3.016288e-02 
 1.818051e+01  3.016289e-02 
 1.818083e+01  3.016289e-02 
 1.818115e+01  3.016290e-02 
 1.818147e+01  3.016290e-02 
 1.818179e+01  3.016291e-02 
 1.818211e+01  3.016292e-02 
 1.818244e+01  3.016292e-02 
 1.818276e+01  3.016293e-02 
 1.818308e+01  3.016293e-02 
 1.818340e+01  3.016294e-02 
 1.818372e+01  3.016294e-02 
 1.818404e+01  3.016295e-02 
 1.818436e+01  3.016296e-02 
 1.818469e+01  3.016296e-02 
 1.818501e+01  3.016297e-02 
 1.818533e+01  3.016297e-02 
 1.818565e+01  3.016298e-02 
 1.818597e+01  3.016298e-02 
 1.818629e+01  3.016299e-02 
 1.818662e+01  3.016300e-02 
 1.818694e+01  3.016300e-02 
 1.818726e+01  3.016301e-02 
 1.818758e+01  3.016301e-02 
 1.818790e+01  3.016302e-02 
 1.818822e+01  3.016302e-02 
 1.818854e+01  3.016303e-02 
 1.818887e+01  3.016303e-02 
 1.818919e+01  3.016304e-02 
 1.818951e+01  3.016304e-02 
 1.818983e+01  3.016305e-02 
 1.819015e+01  3.016306e-02 
 1.819047e+01  3.016306e-02 
 1.819080e+01  3.016307e-02 
 1.819112e+01  3.016307e-02 
 1.819144e+01  3.016308e-02 
 1.819176e+01  3.016308e-02 
 1.819208e+01  3.016309e-02 
 1.819240e+01  3.016309e-02 
 1.819273e+01  3.016310e-02 
 1.819305e+01  3.016311e-02 
 1.819337e+01  3.016311e-02 
 1.819369e+01  3.016312e-02 
 1.819401e+01  3.016312e-02 
 1.819433e+01  3.016313e-02 
 1.819465e+01  3.016313e-02 
 1.819498e+01  3.016314e-02 
 1.819530e+01  3.016314e-02 
 1.819562e+01  3.016315e-02 
 1.819594e+01  3.016316e-02 
 1.819626e+01  3.016316e-02 
 1.819658e+01  3.016317e-02 
 1.819691e+01  3.016317e-02 
 1.819723e+01  3.016318e-02 
 1.819755e+01  3.016318e-02 
 1.819787e+01  3.016319e-02 
 1.819819e+01  3.016319e-02 
 1.819851e+01  3.016320e-02 
 1.819883e+01  3.016321e-02 
 1.819916e+01  3.016321e-02 
 1.819948e+01  3.016322e-02 
 1.819980e+01  3.016322e-02 
 1.820012e+01  3.016323e-02 
 1.820044e+01  3.016324e-02 
 1.820076e+01  3.016324e-02 
 1.820109e+01  3.016325e-02 
 1.820141e+01  3.016325e-02 
 1.820173e+01  3.016326e-02 
 1.820205e+01  3.016327e-02 
 1.820237e+01  3.016327e-02 
 1.820269e+01  3.016328e-02 
 1.820301e+01  3.016329e-02 
 1.820334e+01  3.016329e-02 
 1.820366e+01  3.016330e-02 
 1.820398e+01  3.016331e-02 
 1.820430e+01  3.016331e-02 
 1.820462e+01  3.016332e-02 
 1.820494e+01  3.016333e-02 
 1.820527e+01  3.016333e-02 
 1.820559e+01  3.016334e-02 
 1.820591e+01  3.016335e-02 
 1.820623e+01  3.016335e-02 
 1.820655e+01  3.016336e-02 
 1.820687e+01  3.016337e-02 
 1.820720e+01  3.016338e-02 
 1.820752e+01  3.016338e-02 
 1.820784e+01  3.016339e-02 
 1.820816e+01  3.016340e-02 
 1.820848e+01  3.016341e-02 
 1.820880e+01  3.016342e-02 
 1.820912e+01  3.016342e-02 
 1.820945e+01  3.016343e-02 
 1.820977e+01  3.016344e-02 
 1.821009e+01  3.016345e-02 
 1.821041e+01  3.016346e-02 
 1.821073e+01  3.016346e-02 
 1.821105e+01  3.016347e-02 
 1.821138e+01  3.016348e-02 
 1.821170e+01  3.016349e-02 
 1.821202e+01  3.016350e-02 
 1.821234e+01  3.016351e-02 
 1.821266e+01  3.016352e-02 
 1.821298e+01  3.016353e-02 
 1.821330e+01  3.016354e-02 
 1.821363e+01  3.016355e-02 
 1.821395e+01  3.016355e-02 
 1.821427e+01  3.016356e-02 
 1.821459e+01  3.016357e-02 
 1.821491e+01  3.016358e-02 
 1.821523e+01  3.016359e-02 
 1.821556e+01  3.016360e-02 
 1.821588e+01  3.016361e-02 
 1.821620e+01  3.016362e-02 
 1.821652e+01  3.016363e-02 
 1.821684e+01  3.016364e-02 
 1.821716e+01  3.016366e-02 
 1.821748e+01  3.016367e-02 
 1.821781e+01  3.016368e-02 
 1.821813e+01  3.016369e-02 
 1.821845e+01  3.016370e-02 
 1.821877e+01  3.016371e-02 
 1.821909e+01  3.016372e-02 
 1.821941e+01  3.016373e-02 
 1.821974e+01  3.016374e-02 
 1.822006e+01  3.016375e-02 
 1.822038e+01  3.016377e-02 
 1.822070e+01  3.016378e-02 
 1.822102e+01  3.016379e-02 
 1.822134e+01  3.016380e-02 
 1.822167e+01  3.016381e-02 
 1.822199e+01  3.016382e-02 
 1.822231e+01  3.016384e-02 
 1.822263e+01  3.016385e-02 
 1.822295e+01  3.016386e-02 
 1.822327e+01  3.016387e-02 
 1.822359e+01  3.016388e-02 
 1.822392e+01  3.016390e-02 
 1.822424e+01  3.016391e-02 
 1.822456e+01  3.016392e-02 
 1.822488e+01  3.016394e-02 
 1.822520e+01  3.016395e-02 
 1.822552e+01  3.016396e-02 
 1.822585e+01  3.016397e-02 
 1.822617e+01  3.016399e-02 
 1.822649e+01  3.016400e-02 
 1.822681e+01  3.016401e-02 
 1.822713e+01  3.016403e-02 
 1.822745e+01  3.016404e-02 
 1.822777e+01  3.016405e-02 
 1.822810e+01  3.016407e-02 
 1.822842e+01  3.016408e-02 
 1.822874e+01  3.016409e-02 
 1.822906e+01  3.016411e-02 
 1.822938e+01  3.016412e-02 
 1.822970e+01  3.016413e-02 
 1.823003e+01  3.016415e-02 
 1.823035e+01  3.016416e-02 
 1.823067e+01  3.016418e-02 
 1.823099e+01  3.016419e-02 
 1.823131e+01  3.016421e-02 
 1.823163e+01  3.016422e-02 
 1.823195e+01  3.016423e-02 
 1.823228e+01  3.016425e-02 
 1.823260e+01  3.016426e-02 
 1.823292e+01  3.016428e-02 
 1.823324e+01  3.016429e-02 
 1.823356e+01  3.016431e-02 
 1.823388e+01  3.016432e-02 
 1.823421e+01  3.016434e-02 
 1.823453e+01  3.016435e-02 
 1.823485e+01  3.016437e-02 
 1.823517e+01  3.016438e-02 
 1.823549e+01  3.016440e-02 
 1.823581e+01  3.016441e-02 
 1.823614e+01  3.016443e-02 
 1.823646e+01  3.016444e-02 
 1.823678e+01  3.016446e-02 
 1.823710e+01  3.016447e-02 
 1.823742e+01  3.016449e-02 
 1.823774e+01  3.016450e-02 
 1.823806e+01  3.016452e-02 
 1.823839e+01  3.016453e-02 
 1.823871e+01  3.016455e-02 
 1.823903e+01  3.016457e-02 
 1.823935e+01  3.016458e-02 
 1.823967e+01  3.016460e-02 
 1.823999e+01  3.016461e-02 
 1.824032e+01  3.016463e-02 
 1.824064e+01  3.016465e-02 
 1.824096e+01  3.016466e-02 
 1.824128e+01  3.016468e-02 
 1.824160e+01  3.016469e-02 
 1.824192e+01  3.016471e-02 
 1.824224e+01  3.016473e-02 
 1.824257e+01  3.016474e-02 
 1.824289e+01  3.016476e-02 
 1.824321e+01  3.016478e-02 
 1.824353e+01  3.016479e-02 
 1.824385e+01  3.016481e-02 
 1.824417e+01  3.016482e-02 
 1.824450e+01  3.016484e-02 
 1.824482e+01  3.016486e-02 
 1.824514e+01  3.016487e-02 
 1.824546e+01  3.016489e-02 
 1.824578e+01  3.016491e-02 
 1.824610e+01  3.016493e-02 
 1.824642e+01  3.016494e-02 
 1.824675e+01  3.016496e-02 
 1.824707e+01  3.016498e-02 
 1.824739e+01  3.016499e-02 
 1.824771e+01  3.016501e-02 
 1.824803e+01  3.016503e-02 
 1.824835e+01  3.016504e-02 
 1.824868e+01  3.016506e-02 
 1.824900e+01  3.016508e-02 
 1.824932e+01  3.016510e-02 
 1.824964e+01  3.016511e-02 
 1.824996e+01  3.016513e-02 
 1.825028e+01  3.016515e-02 
 1.825061e+01  3.016517e-02 
 1.825093e+01  3.016518e-02 
 1.825125e+01  3.016520e-02 
 1.825157e+01  3.016522e-02 
 1.825189e+01  3.016524e-02 
 1.825221e+01  3.016525e-02 
 1.825253e+01  3.016527e-02 
 1.825286e+01  3.016529e-02 
 1.825318e+01  3.016531e-02 
 1.825350e+01  3.016532e-02 
 1.825382e+01  3.016534e-02 
 1.825414e+01  3.016536e-02 
 1.825446e+01  3.016538e-02 
 1.825479e+01  3.016540e-02 
 1.825511e+01  3.016541e-02 
 1.825543e+01  3.016543e-02 
 1.825575e+01  3.016545e-02 
 1.825607e+01  3.016547e-02 
 1.825639e+01  3.016548e-02 
 1.825671e+01  3.016550e-02 
 1.825704e+01  3.016552e-02 
 1.825736e+01  3.016554e-02 
 1.825768e+01  3.016556e-02 
 1.825800e+01  3.016557e-02 
 1.825832e+01  3.016559e-02 
 1.825864e+01  3.016561e-02 
 1.825897e+01  3.016563e-02 
 1.825929e+01  3.016564e-02 
 1.825961e+01  3.016566e-02 
 1.825993e+01  3.016568e-02 
 1.826025e+01  3.016570e-02 
 1.826057e+01  3.016571e-02 
 1.826090e+01  3.016573e-02 
 1.826122e+01  3.016575e-02 
 1.826154e+01  3.016577e-02 
 1.826186e+01  3.016579e-02 
 1.826218e+01  3.016580e-02 
 1.826250e+01  3.016582e-02 
 1.826282e+01  3.016584e-02 
 1.826315e+01  3.016586e-02 
 1.826347e+01  3.016587e-02 
 1.826379e+01  3.016589e-02 
 1.826411e+01  3.016591e-02 
 1.826443e+01  3.016593e-02 
 1.826475e+01  3.016594e-02 
 1.826508e+01  3.016596e-02 
 1.826540e+01  3.016598e-02 
 1.826572e+01  3.016599e-02 
 1.826604e+01  3.016601e-02 
 1.826636e+01  3.016603e-02 
 1.826668e+01  3.016605e-02 
 1.826700e+01  3.016606e-02 
 1.826733e+01  3.016608e-02 
 1.826765e+01  3.016610e-02 
 1.826797e+01  3.016611e-02 
 1.826829e+01  3.016613e-02 
 1.826861e+01  3.016615e-02 
 1.826893e+01  3.016616e-02 
 1.826926e+01  3.016618e-02 
 1.826958e+01  3.016620e-02 
 1.826990e+01  3.016621e-02 
 1.827022e+01  3.016623e-02 
 1.827054e+01  3.016625e-02 
 1.827086e+01  3.016626e-02 
 1.827118e+01  3.016628e-02 
 1.827151e+01  3.016629e-02 
 1.827183e+01  3.016631e-02 
 1.827215e+01  3.016633e-02 
 1.827247e+01  3.016634e-02 
 1.827279e+01  3.016636e-02 
 1.827311e+01  3.016637e-02 
 1.827344e+01  3.016639e-02 
 1.827376e+01  3.016641e-02 
 1.827408e+01  3.016642e-02 
 1.827440e+01  3.016644e-02 
 1.827472e+01  3.016645e-02 
 1.827504e+01  3.016647e-02 
 1.827537e+01  3.016648e-02 
 1.827569e+01  3.016650e-02 
 1.827601e+01  3.016652e-02 
 1.827633e+01  3.016653e-02 
 1.827665e+01  3.016655e-02 
 1.827697e+01  3.016656e-02 
 1.827729e+01  3.016658e-02 
 1.827762e+01  3.016659e-02 
 1.827794e+01  3.016661e-02 
 1.827826e+01  3.016662e-02 
 1.827858e+01  3.016664e-02 
 1.827890e+01  3.016665e-02 
 1.827922e+01  3.016667e-02 
 1.827955e+01  3.016668e-02 
 1.827987e+01  3.016670e-02 
 1.828019e+01  3.016671e-02 
 1.828051e+01  3.016672e-02 
 1.828083e+01  3.016674e-02 
 1.828115e+01  3.016675e-02 
 1.828147e+01  3.016677e-02 
 1.828180e+01  3.016678e-02 
 1.828212e+01  3.016680e-02 
 1.828244e+01  3.016681e-02 
 1.828276e+01  3.016683e-02 
 1.828308e+01  3.016684e-02 
 1.828340e+01  3.016685e-02 
 1.828373e+01  3.016687e-02 
 1.828405e+01  3.016688e-02 
 1.828437e+01  3.016690e-02 
 1.828469e+01  3.016691e-02 
 1.828501e+01  3.016692e-02 
 1.828533e+01  3.016694e-02 
 1.828565e+01  3.016695e-02 
 1.828598e+01  3.016697e-02 
 1.828630e+01  3.016698e-02 
 1.828662e+01  3.016699e-02 
 1.828694e+01  3.016701e-02 
 1.828726e+01  3.016702e-02 
 1.828758e+01  3.016704e-02 
 1.828791e+01  3.016705e-02 
 1.828823e+01  3.016706e-02 
 1.828855e+01  3.016708e-02 
 1.828887e+01  3.016709e-02 
 1.828919e+01  3.016711e-02 
 1.828951e+01  3.016712e-02 
 1.828984e+01  3.016713e-02 
 1.829016e+01  3.016715e-02 
 1.829048e+01  3.016716e-02 
 1.829080e+01  3.016717e-02 
 1.829112e+01  3.016719e-02 
 1.829144e+01  3.016720e-02 
 1.829176e+01  3.016721e-02 
 1.829209e+01  3.016723e-02 
 1.829241e+01  3.016724e-02 
 1.829273e+01  3.016725e-02 
 1.829305e+01  3.016727e-02 
 1.829337e+01  3.016728e-02 
 1.829369e+01  3.016729e-02 
 1.829402e+01  3.016731e-02 
 1.829434e+01  3.016732e-02 
 1.829466e+01  3.016733e-02 
 1.829498e+01  3.016735e-02 
 1.829530e+01  3.016736e-02 
 1.829562e+01  3.016737e-02 
 1.829594e+01  3.016739e-02 
 1.829627e+01  3.016740e-02 
 1.829659e+01  3.016741e-02 
 1.829691e+01  3.016743e-02 
 1.829723e+01  3.016744e-02 
 1.829755e+01  3.016745e-02 
 1.829787e+01  3.016747e-02 
 1.829820e+01  3.016748e-02 
 1.829852e+01  3.016749e-02 
 1.829884e+01  3.016750e-02 
 1.829916e+01  3.016752e-02 
 1.829948e+01  3.016753e-02 
 1.829980e+01  3.016754e-02 
 1.830012e+01  3.016756e-02 
 1.830045e+01  3.016757e-02 
 1.830077e+01  3.016758e-02 
 1.830109e+01  3.016759e-02 
 1.830141e+01  3.016761e-02 
 1.830173e+01  3.016762e-02 
 1.830205e+01  3.016763e-02 
 1.830238e+01  3.016765e-02 
 1.830270e+01  3.016766e-02 
 1.830302e+01  3.016767e-02 
 1.830334e+01  3.016768e-02 
 1.830366e+01  3.016770e-02 
 1.830398e+01  3.016771e-02 
 1.830431e+01  3.016772e-02 
 1.830463e+01  3.016773e-02 
 1.830495e+01  3.016775e-02 
 1.830527e+01  3.016776e-02 
 1.830559e+01  3.016777e-02 
 1.830591e+01  3.016778e-02 
 1.830623e+01  3.016780e-02 
 1.830656e+01  3.016781e-02 
 1.830688e+01  3.016782e-02 
 1.830720e+01  3.016783e-02 
 1.830752e+01  3.016785e-02 
 1.830784e+01  3.016786e-02 
 1.830816e+01  3.016787e-02 
 1.830849e+01  3.016788e-02 
 1.830881e+01  3.016790e-02 
 1.830913e+01  3.016791e-02 
 1.830945e+01  3.016792e-02 
 1.830977e+01  3.016793e-02 
 1.831009e+01  3.016794e-02 
 1.831041e+01  3.016796e-02 
 1.831074e+01  3.016797e-02 
 1.831106e+01  3.016798e-02 
 1.831138e+01  3.016799e-02 
 1.831170e+01  3.016801e-02 
 1.831202e+01  3.016802e-02 
 1.831234e+01  3.016803e-02 
 1.831267e+01  3.016804e-02 
 1.831299e+01  3.016805e-02 
 1.831331e+01  3.016807e-02 
 1.831363e+01  3.016808e-02 
 1.831395e+01  3.016809e-02 
 1.831427e+01  3.016810e-02 
 1.831459e+01  3.016812e-02 
 1.831492e+01  3.016813e-02 
 1.831524e+01  3.016814e-02 
 1.831556e+01  3.016815e-02 
 1.831588e+01  3.016816e-02 
 1.831620e+01  3.016818e-02 
 1.831652e+01  3.016819e-02 
 1.831685e+01  3.016820e-02 
 1.831717e+01  3.016821e-02 
 1.831749e+01  3.016823e-02 
 1.831781e+01  3.016824e-02 
 1.831813e+01  3.016825e-02 
 1.831845e+01  3.016826e-02 
 1.831878e+01  3.016827e-02 
 1.831910e+01  3.016829e-02 
 1.831942e+01  3.016830e-02 
 1.831974e+01  3.016831e-02 
 1.832006e+01  3.016832e-02 
 1.832038e+01  3.016834e-02 
 1.832070e+01  3.016835e-02 
 1.832103e+01  3.016836e-02 
 1.832135e+01  3.016837e-02 
 1.832167e+01  3.016839e-02 
 1.832199e+01  3.016840e-02 
 1.832231e+01  3.016841e-02 
 1.832263e+01  3.016842e-02 
 1.832296e+01  3.016844e-02 
 1.832328e+01  3.016845e-02 
 1.832360e+01  3.016846e-02 
 1.832392e+01  3.016848e-02 
 1.832424e+01  3.016849e-02 
 1.832456e+01  3.016850e-02 
 1.832488e+01  3.016851e-02 
 1.832521e+01  3.016853e-02 
 1.832553e+01  3.016854e-02 
 1.832585e+01  3.016855e-02 
 1.832617e+01  3.016857e-02 
 1.832649e+01  3.016858e-02 
 1.832681e+01  3.016859e-02 
 1.832714e+01  3.016861e-02 
 1.832746e+01  3.016862e-02 
 1.832778e+01  3.016863e-02 
 1.832810e+01  3.016865e-02 
 1.832842e+01  3.016866e-02 
 1.832874e+01  3.016867e-02 
 1.832906e+01  3.016869e-02 
 1.832939e+01  3.016870e-02 
 1.832971e+01  3.016872e-02 
 1.833003e+01  3.016873e-02 
 1.833035e+01  3.016874e-02 
 1.833067e+01  3.016876e-02 
 1.833099e+01  3.016877e-02 
 1.833132e+01  3.016879e-02 
 1.833164e+01  3.016880e-02 
 1.833196e+01  3.016881e-02 
 1.833228e+01  3.016883e-02 
 1.833260e+01  3.016884e-02 
 1.833292e+01  3.016886e-02 
 1.833325e+01  3.016887e-02 
 1.833357e+01  3.016889e-02 
 1.833389e+01  3.016890e-02 
 1.833421e+01  3.016892e-02 
 1.833453e+01  3.016893e-02 
 1.833485e+01  3.016895e-02 
 1.833517e+01  3.016896e-02 
 1.833550e+01  3.016898e-02 
 1.833582e+01  3.016899e-02 
 1.833614e+01  3.016901e-02 
 1.833646e+01  3.016902e-02 
 1.833678e+01  3.016904e-02 
 1.833710e+01  3.016905e-02 
 1.833743e+01  3.016907e-02 
 1.833775e+01  3.016908e-02 
 1.833807e+01  3.016910e-02 
 1.833839e+01  3.016911e-02 
 1.833871e+01  3.016913e-02 
 1.833903e+01  3.016914e-02 
 1.833935e+01  3.016916e-02 
 1.833968e+01  3.016918e-02 
 1.834000e+01  3.016919e-02 
 1.834032e+01  3.016921e-02 
 1.834064e+01  3.016922e-02 
 1.834096e+01  3.016924e-02 
 1.834128e+01  3.016926e-02 
 1.834161e+01  3.016927e-02 
 1.834193e+01  3.016929e-02 
 1.834225e+01  3.016930e-02 
 1.834257e+01  3.016932e-02 
 1.834289e+01  3.016934e-02 
 1.834321e+01  3.016935e-02 
 1.834354e+01  3.016937e-02 
 1.834386e+01  3.016939e-02 
 1.834418e+01  3.016940e-02 
 1.834450e+01  3.016942e-02 
 1.834482e+01  3.016943e-02 
 1.834514e+01  3.016945e-02 
 1.834546e+01  3.016947e-02 
 1.834579e+01  3.016948e-02 
 1.834611e+01  3.016950e-02 
 1.834643e+01  3.016952e-02 
 1.834675e+01  3.016953e-02 
 1.834707e+01  3.016955e-02 
 1.834739e+01  3.016957e-02 
 1.834772e+01  3.016958e-02 
 1.834804e+01  3.016960e-02 
 1.834836e+01  3.016962e-02 
 1.834868e+01  3.016964e-02 
 1.834900e+01  3.016965e-02 
 1.834932e+01  3.016967e-02 
 1.834964e+01  3.016969e-02 
 1.834997e+01  3.016970e-02 
 1.835029e+01  3.016972e-02 
 1.835061e+01  3.016974e-02 
 1.835093e+01  3.016975e-02 
 1.835125e+01  3.016977e-02 
 1.835157e+01  3.016979e-02 
 1.835190e+01  3.016981e-02 
 1.835222e+01  3.016982e-02 
 1.835254e+01  3.016984e-02 
 1.835286e+01  3.016986e-02 
 1.835318e+01  3.016987e-02 
 1.835350e+01  3.016989e-02 
 1.835382e+01  3.016991e-02 
 1.835415e+01  3.016992e-02 
 1.835447e+01  3.016994e-02 
 1.835479e+01  3.016996e-02 
 1.835511e+01  3.016998e-02 
 1.835543e+01  3.016999e-02 
 1.835575e+01  3.017001e-02 
 1.835608e+01  3.017003e-02 
 1.835640e+01  3.017004e-02 
 1.835672e+01  3.017006e-02 
 1.835704e+01  3.017008e-02 
 1.835736e+01  3.017009e-02 
 1.835768e+01  3.017011e-02 
 1.835801e+01  3.017013e-02 
 1.835833e+01  3.017015e-02 
 1.835865e+01  3.017016e-02 
 1.835897e+01  3.017018e-02 
 1.835929e+01  3.017020e-02 
 1.835961e+01  3.017021e-02 
 1.835993e+01  3.017023e-02 
 1.836026e+01  3.017025e-02 
 1.836058e+01  3.017026e-02 
 1.836090e+01  3.017028e-02 
 1.836122e+01  3.017030e-02 
 1.836154e+01  3.017031e-02 
 1.836186e+01  3.017033e-02 
 1.836219e+01  3.017035e-02 
 1.836251e+01  3.017037e-02 
 1.836283e+01  3.017038e-02 
 1.836315e+01  3.017040e-02 
 1.836347e+01  3.017042e-02 
 1.836379e+01  3.017043e-02 
 1.836411e+01  3.017045e-02 
 1.836444e+01  3.017047e-02 
 1.836476e+01  3.017048e-02 
 1.836508e+01  3.017050e-02 
 1.836540e+01  3.017052e-02 
 1.836572e+01  3.017053e-02 
 1.836604e+01  3.017055e-02 
 1.836637e+01  3.017057e-02 
 1.836669e+01  3.017058e-02 
 1.836701e+01  3.017060e-02 
 1.836733e+01  3.017062e-02 
 1.836765e+01  3.017063e-02 
 1.836797e+01  3.017065e-02 
 1.836829e+01  3.017066e-02 
 1.836862e+01  3.017068e-02 
 1.836894e+01  3.017070e-02 
 1.836926e+01  3.017071e-02 
 1.836958e+01  3.017073e-02 
 1.836990e+01  3.017075e-02 
 1.837022e+01  3.017076e-02 
 1.837055e+01  3.017078e-02 
 1.837087e+01  3.017080e-02 
 1.837119e+01  3.017081e-02 
 1.837151e+01  3.017083e-02 
 1.837183e+01  3.017084e-02 
 1.837215e+01  3.017086e-02 
 1.837248e+01  3.017088e-02 
 1.837280e+01  3.017089e-02 
 1.837312e+01  3.017091e-02 
 1.837344e+01  3.017093e-02 
 1.837376e+01  3.017094e-02 
 1.837408e+01  3.017096e-02 
 1.837440e+01  3.017097e-02 
 1.837473e+01  3.017099e-02 
 1.837505e+01  3.017101e-02 
 1.837537e+01  3.017102e-02 
 1.837569e+01  3.017104e-02 
 1.837601e+01  3.017105e-02 
 1.837633e+01  3.017107e-02 
 1.837666e+01  3.017109e-02 
 1.837698e+01  3.017110e-02 
 1.837730e+01  3.017112e-02 
 1.837762e+01  3.017113e-02 
 1.837794e+01  3.017115e-02 
 1.837826e+01  3.017116e-02 
 1.837858e+01  3.017118e-02 
 1.837891e+01  3.017120e-02 
 1.837923e+01  3.017121e-02 
 1.837955e+01  3.017123e-02 
 1.837987e+01  3.017124e-02 
 1.838019e+01  3.017126e-02 
 1.838051e+01  3.017127e-02 
 1.838084e+01  3.017129e-02 
 1.838116e+01  3.017130e-02 
 1.838148e+01  3.017132e-02 
 1.838180e+01  3.017133e-02 
 1.838212e+01  3.017135e-02 
 1.838244e+01  3.017137e-02 
 1.838276e+01  3.017138e-02 
 1.838309e+01  3.017140e-02 
 1.838341e+01  3.017141e-02 
 1.838373e+01  3.017143e-02 
 1.838405e+01  3.017144e-02 
 1.838437e+01  3.017146e-02 
 1.838469e+01  3.017147e-02 
 1.838502e+01  3.017148e-02 
 1.838534e+01  3.017150e-02 
 1.838566e+01  3.017151e-02 
 1.838598e+01  3.017153e-02 
 1.838630e+01  3.017154e-02 
 1.838662e+01  3.017156e-02 
 1.838695e+01  3.017157e-02 
 1.838727e+01  3.017159e-02 
 1.838759e+01  3.017160e-02 
 1.838791e+01  3.017162e-02 
 1.838823e+01  3.017163e-02 
 1.838855e+01  3.017164e-02 
 1.838887e+01  3.017166e-02 
 1.838920e+01  3.017167e-02 
 1.838952e+01  3.017169e-02 
 1.838984e+01  3.017170e-02 
 1.839016e+01  3.017171e-02 
 1.839048e+01  3.017173e-02 
 1.839080e+01  3.017174e-02 
 1.839113e+01  3.017176e-02 
 1.839145e+01  3.017177e-02 
 1.839177e+01  3.017178e-02 
 1.839209e+01  3.017180e-02 
 1.839241e+01  3.017181e-02 
 1.839273e+01  3.017183e-02 
 1.839305e+01  3.017184e-02 
 1.839338e+01  3.017185e-02 
 1.839370e+01  3.017187e-02 
 1.839402e+01  3.017188e-02 
 1.839434e+01  3.017189e-02 
 1.839466e+01  3.017191e-02 
 1.839498e+01  3.017192e-02 
 1.839531e+01  3.017193e-02 
 1.839563e+01  3.017195e-02 
 1.839595e+01  3.017196e-02 
 1.839627e+01  3.017197e-02 
 1.839659e+01  3.017198e-02 
 1.839691e+01  3.017200e-02 
 1.839723e+01  3.017201e-02 
 1.839756e+01  3.017202e-02 
 1.839788e+01  3.017204e-02 
 1.839820e+01  3.017205e-02 
 1.839852e+01  3.017206e-02 
 1.839884e+01  3.017207e-02 
 1.839916e+01  3.017209e-02 
 1.839949e+01  3.017210e-02 
 1.839981e+01  3.017211e-02 
 1.840013e+01  3.017212e-02 
 1.840045e+01  3.017214e-02 
 1.840077e+01  3.017215e-02 
 1.840109e+01  3.017216e-02 
 1.840142e+01  3.017217e-02 
 1.840174e+01  3.017219e-02 
 1.840206e+01  3.017220e-02 
 1.840238e+01  3.017221e-02 
 1.840270e+01  3.017222e-02 
 1.840302e+01  3.017224e-02 
 1.840334e+01  3.017225e-02 
 1.840367e+01  3.017226e-02 
 1.840399e+01  3.017227e-02 
 1.840431e+01  3.017228e-02 
 1.840463e+01  3.017230e-02 
 1.840495e+01  3.017231e-02 
 1.840527e+01  3.017232e-02 
 1.840560e+01  3.017233e-02 
 1.840592e+01  3.017234e-02 
 1.840624e+01  3.017235e-02 
 1.840656e+01  3.017237e-02 
 1.840688e+01  3.017238e-02 
 1.840720e+01  3.017239e-02 
 1.840752e+01  3.017240e-02 
 1.840785e+01  3.017241e-02 
 1.840817e+01  3.017242e-02 
 1.840849e+01  3.017244e-02 
 1.840881e+01  3.017245e-02 
 1.840913e+01  3.017246e-02 
 1.840945e+01  3.017247e-02 
 1.840978e+01  3.017248e-02 
 1.841010e+01  3.017249e-02 
 1.841042e+01  3.017250e-02 
 1.841074e+01  3.017251e-02 
 1.841106e+01  3.017253e-02 
 1.841138e+01  3.017254e-02 
 1.841170e+01  3.017255e-02 
 1.841203e+01  3.017256e-02 
 1.841235e+01  3.017257e-02 
 1.841267e+01  3.017258e-02 
 1.841299e+01  3.017259e-02 
 1.841331e+01  3.017260e-02 
 1.841363e+01  3.017261e-02 
 1.841396e+01  3.017262e-02 
 1.841428e+01  3.017264e-02 
 1.841460e+01  3.017265e-02 
 1.841492e+01  3.017266e-02 
 1.841524e+01  3.017267e-02 
 1.841556e+01  3.017268e-02 
 1.841589e+01  3.017269e-02 
 1.841621e+01  3.017270e-02 
 1.841653e+01  3.017271e-02 
 1.841685e+01  3.017272e-02 
 1.841717e+01  3.017273e-02 
 1.841749e+01  3.017274e-02 
 1.841781e+01  3.017275e-02 
 1.841814e+01  3.017276e-02 
 1.841846e+01  3.017277e-02 
 1.841878e+01  3.017278e-02 
 1.841910e+01  3.017279e-02 
 1.841942e+01  3.017280e-02 
 1.841974e+01  3.017281e-02 
 1.842007e+01  3.017282e-02 
 1.842039e+01  3.017283e-02 
 1.842071e+01  3.017284e-02 
 1.842103e+01  3.017285e-02 
 1.842135e+01  3.017286e-02 
 1.842167e+01  3.017287e-02 
 1.842199e+01  3.017288e-02 
 1.842232e+01  3.017289e-02 
 1.842264e+01  3.017290e-02 
 1.842296e+01  3.017291e-02 
 1.842328e+01  3.017292e-02 
 1.842360e+01  3.017293e-02 
 1.842392e+01  3.017294e-02 
 1.842425e+01  3.017295e-02 
 1.842457e+01  3.017296e-02 
 1.842489e+01  3.017297e-02 
 1.842521e+01  3.017298e-02 
 1.842553e+01  3.017299e-02 
 1.842585e+01  3.017300e-02 
 1.842618e+01  3.017301e-02 
 1.842650e+01  3.017302e-02 
 1.842682e+01  3.017303e-02 
 1.842714e+01  3.017304e-02 
 1.842746e+01  3.017305e-02 
 1.842778e+01  3.017306e-02 
 1.842810e+01  3.017307e-02 
 1.842843e+01  3.017308e-02 
 1.842875e+01  3.017309e-02 
 1.842907e+01  3.017310e-02 
 1.842939e+01  3.017311e-02 
 1.842971e+01  3.017312e-02 
 1.843003e+01  3.017313e-02 
 1.843036e+01  3.017314e-02 
 1.843068e+01  3.017315e-02 
 1.843100e+01  3.017315e-02 
 1.843132e+01  3.017316e-02 
 1.843164e+01  3.017317e-02 
 1.843196e+01  3.017318e-02 
 1.843228e+01  3.017319e-02 
 1.843261e+01  3.017320e-02 
 1.843293e+01  3.017321e-02 
 1.843325e+01  3.017322e-02 
 1.843357e+01  3.017323e-02 
 1.843389e+01  3.017324e-02 
 1.843421e+01  3.017325e-02 
 1.843454e+01  3.017326e-02 
 1.843486e+01  3.017327e-02 
 1.843518e+01  3.017328e-02 
 1.843550e+01  3.017329e-02 
 1.843582e+01  3.017330e-02 
 1.843614e+01  3.017331e-02 
 1.843646e+01  3.017332e-02 
 1.843679e+01  3.017333e-02 
 1.843711e+01  3.017334e-02 
 1.843743e+01  3.017335e-02 
 1.843775e+01  3.017336e-02 
 1.843807e+01  3.017337e-02 
 1.843839e+01  3.017338e-02 
 1.843872e+01  3.017339e-02 
 1.843904e+01  3.017339e-02 
 1.843936e+01  3.017340e-02 
 1.843968e+01  3.017341e-02 
 1.844000e+01  3.017342e-02 
 1.844032e+01  3.017343e-02 
 1.844065e+01  3.017344e-02 
 1.844097e+01  3.017345e-02 
 1.844129e+01  3.017346e-02 
 1.844161e+01  3.017347e-02 
 1.844193e+01  3.017348e-02 
 1.844225e+01  3.017349e-02 
 1.844257e+01  3.017350e-02 
 1.844290e+01  3.017351e-02 
 1.844322e+01  3.017352e-02 
 1.844354e+01  3.017353e-02 
 1.844386e+01  3.017354e-02 
 1.844418e+01  3.017355e-02 
 1.844450e+01  3.017356e-02 
 1.844483e+01  3.017357e-02 
 1.844515e+01  3.017358e-02 
 1.844547e+01  3.017359e-02 
 1.844579e+01  3.017360e-02 
 1.844611e+01  3.017361e-02 
 1.844643e+01  3.017362e-02 
 1.844675e+01  3.017363e-02 
 1.844708e+01  3.017364e-02 
 1.844740e+01  3.017365e-02 
 1.844772e+01  3.017366e-02 
 1.844804e+01  3.017368e-02 
 1.844836e+01  3.017369e-02 
 1.844868e+01  3.017370e-02 
 1.844901e+01  3.017371e-02 
 1.844933e+01  3.017372e-02 
 1.844965e+01  3.017373e-02 
 1.844997e+01  3.017374e-02 
 1.845029e+01  3.017375e-02 
 1.845061e+01  3.017376e-02 
 1.845093e+01  3.017377e-02 
 1.845126e+01  3.017378e-02 
 1.845158e+01  3.017379e-02 
 1.845190e+01  3.017380e-02 
 1.845222e+01  3.017381e-02 
 1.845254e+01  3.017382e-02 
 1.845286e+01  3.017383e-02 
 1.845319e+01  3.017384e-02 
 1.845351e+01  3.017385e-02 
 1.845383e+01  3.017386e-02 
 1.845415e+01  3.017387e-02 
 1.845447e+01  3.017388e-02 
 1.845479e+01  3.017389e-02 
 1.845512e+01  3.017390e-02 
 1.845544e+01  3.017391e-02 
 1.845576e+01  3.017392e-02 
 1.845608e+01  3.017393e-02 
 1.845640e+01  3.017394e-02 
 1.845672e+01  3.017395e-02 
 1.845704e+01  3.017396e-02 
 1.845737e+01  3.017397e-02 
 1.845769e+01  3.017398e-02 
 1.845801e+01  3.017399e-02 
 1.845833e+01  3.017400e-02 
 1.845865e+01  3.017401e-02 
 1.845897e+01  3.017402e-02 
 1.845930e+01  3.017403e-02 
 1.845962e+01  3.017404e-02 
 1.845994e+01  3.017405e-02 
 1.846026e+01  3.017406e-02 
 1.846058e+01  3.017407e-02 
 1.846090e+01  3.017408e-02 
 1.846122e+01  3.017409e-02 
 1.846155e+01  3.017410e-02 
 1.846187e+01  3.017411e-02 
 1.846219e+01  3.017412e-02 
 1.846251e+01  3.017413e-02 
 1.846283e+01  3.017414e-02 
 1.846315e+01  3.017415e-02 
 1.846348e+01  3.017416e-02 
 1.846380e+01  3.017417e-02 
 1.846412e+01  3.017418e-02 
 1.846444e+01  3.017419e-02 
 1.846476e+01  3.017420e-02 
 1.846508e+01  3.017421e-02 
 1.846540e+01  3.017422e-02 
 1.846573e+01  3.017423e-02 
 1.846605e+01  3.017424e-02 
 1.846637e+01  3.017425e-02 
 1.846669e+01  3.017426e-02 
 1.846701e+01  3.017427e-02 
 1.846733e+01  3.017428e-02 
 1.846766e+01  3.017429e-02 
 1.846798e+01  3.017430e-02 
 1.846830e+01  3.017431e-02 
 1.846862e+01  3.017432e-02 
 1.846894e+01  3.017433e-02 
 1.846926e+01  3.017434e-02 
 1.846959e+01  3.017435e-02 
 1.846991e+01  3.017436e-02 
 1.847023e+01  3.017437e-02 
 1.847055e+01  3.017438e-02 
 1.847087e+01  3.017439e-02 
 1.847119e+01  3.017440e-02 
 1.847151e+01  3.017441e-02 
 1.847184e+01  3.017442e-02 
 1.847216e+01  3.017443e-02 
 1.847248e+01  3.017444e-02 
 1.847280e+01  3.017445e-02 
 1.847312e+01  3.017446e-02 
 1.847344e+01  3.017447e-02 
 1.847377e+01  3.017448e-02 
 1.847409e+01  3.017449e-02 
 1.847441e+01  3.017450e-02 
 1.847473e+01  3.017451e-02 
 1.847505e+01  3.017452e-02 
 1.847537e+01  3.017453e-02 
 1.847569e+01  3.017454e-02 
 1.847602e+01  3.017455e-02 
 1.847634e+01  3.017456e-02 
 1.847666e+01  3.017457e-02 
 1.847698e+01  3.017459e-02 
 1.847730e+01  3.017460e-02 
 1.847762e+01  3.017461e-02 
 1.847795e+01  3.017462e-02 
 1.847827e+01  3.017463e-02 
 1.847859e+01  3.017464e-02 
 1.847891e+01  3.017465e-02 
 1.847923e+01  3.017466e-02 
 1.847955e+01  3.017467e-02 
 1.847987e+01  3.017468e-02 
 1.848020e+01  3.017469e-02 
 1.848052e+01  3.017470e-02 
 1.848084e+01  3.017471e-02 
 1.848116e+01  3.017472e-02 
 1.848148e+01  3.017473e-02 
 1.848180e+01  3.017475e-02 
 1.848213e+01  3.017476e-02 
 1.848245e+01  3.017477e-02 
 1.848277e+01  3.017478e-02 
 1.848309e+01  3.017479e-02 
 1.848341e+01  3.017480e-02 
 1.848373e+01  3.017481e-02 
 1.848406e+01  3.017482e-02 
 1.848438e+01  3.017483e-02 
 1.848470e+01  3.017484e-02 
 1.848502e+01  3.017486e-02 
 1.848534e+01  3.017487e-02 
 1.848566e+01  3.017488e-02 
 1.848598e+01  3.017489e-02 
 1.848631e+01  3.017490e-02 
 1.848663e+01  3.017491e-02 
 1.848695e+01  3.017492e-02 
 1.848727e+01  3.017493e-02 
 1.848759e+01  3.017495e-02 
 1.848791e+01  3.017496e-02 
 1.848824e+01  3.017497e-02 
 1.848856e+01  3.017498e-02 
 1.848888e+01  3.017499e-02 
 1.848920e+01  3.017500e-02 
 1.848952e+01  3.017501e-02 
 1.848984e+01  3.017503e-02 
 1.849016e+01  3.017504e-02 
 1.849049e+01  3.017505e-02 
 1.849081e+01  3.017506e-02 
 1.849113e+01  3.017507e-02 
 1.849145e+01  3.017508e-02 
 1.849177e+01  3.017510e-02 
 1.849209e+01  3.017511e-02 
 1.849242e+01  3.017512e-02 
 1.849274e+01  3.017513e-02 
 1.849306e+01  3.017514e-02 
 1.849338e+01  3.017516e-02 
 1.849370e+01  3.017517e-02 
 1.849402e+01  3.017518e-02 
 1.849434e+01  3.017519e-02 
 1.849467e+01  3.017520e-02 
 1.849499e+01  3.017521e-02 
 1.849531e+01  3.017523e-02 
 1.849563e+01  3.017524e-02 
 1.849595e+01  3.017525e-02 
 1.849627e+01  3.017526e-02 
 1.849660e+01  3.017527e-02 
 1.849692e+01  3.017529e-02 
 1.849724e+01  3.017530e-02 
 1.849756e+01  3.017531e-02 
 1.849788e+01  3.017532e-02 
 1.849820e+01  3.017533e-02 
 1.849853e+01  3.017534e-02 
 1.849885e+01  3.017536e-02 
 1.849917e+01  3.017537e-02 
 1.849949e+01  3.017538e-02 
 1.849981e+01  3.017539e-02 
 1.850013e+01  3.017540e-02 
 1.850045e+01  3.017542e-02 
 1.850078e+01  3.017543e-02 
 1.850110e+01  3.017544e-02 
 1.850142e+01  3.017545e-02 
 1.850174e+01  3.017546e-02 
 1.850206e+01  3.017548e-02 
 1.850238e+01  3.017549e-02 
 1.850271e+01  3.017550e-02 
 1.850303e+01  3.017551e-02 
 1.850335e+01  3.017552e-02 
 1.850367e+01  3.017553e-02 
 1.850399e+01  3.017555e-02 
 1.850431e+01  3.017556e-02 
 1.850463e+01  3.017557e-02 
 1.850496e+01  3.017558e-02 
 1.850528e+01  3.017559e-02 
 1.850560e+01  3.017561e-02 
 1.850592e+01  3.017562e-02 
 1.850624e+01  3.017563e-02 
 1.850656e+01  3.017564e-02 
 1.850689e+01  3.017565e-02 
 1.850721e+01  3.017566e-02 
 1.850753e+01  3.017568e-02 
 1.850785e+01  3.017569e-02 
 1.850817e+01  3.017570e-02 
 1.850849e+01  3.017571e-02 
 1.850882e+01  3.017572e-02 
 1.850914e+01  3.017573e-02 
 1.850946e+01  3.017575e-02 
 1.850978e+01  3.017576e-02 
 1.851010e+01  3.017577e-02 
 1.851042e+01  3.017578e-02 
 1.851074e+01  3.017579e-02 
 1.851107e+01  3.017580e-02 
 1.851139e+01  3.017582e-02 
 1.851171e+01  3.017583e-02 
 1.851203e+01  3.017584e-02 
 1.851235e+01  3.017585e-02 
 1.851267e+01  3.017586e-02 
 1.851300e+01  3.017587e-02 
 1.851332e+01  3.017589e-02 
 1.851364e+01  3.017590e-02 
 1.851396e+01  3.017591e-02 
 1.851428e+01  3.017592e-02 
 1.851460e+01  3.017593e-02 
 1.851492e+01  3.017594e-02 
 1.851525e+01  3.017595e-02 
 1.851557e+01  3.017597e-02 
 1.851589e+01  3.017598e-02 
 1.851621e+01  3.017599e-02 
 1.851653e+01  3.017600e-02 
 1.851685e+01  3.017601e-02 
 1.851718e+01  3.017602e-02 
 1.851750e+01  3.017603e-02 
 1.851782e+01  3.017605e-02 
 1.851814e+01  3.017606e-02 
 1.851846e+01  3.017607e-02 
 1.851878e+01  3.017608e-02 
 1.851910e+01  3.017609e-02 
 1.851943e+01  3.017610e-02 
 1.851975e+01  3.017611e-02 
 1.852007e+01  3.017613e-02 
 1.852039e+01  3.017614e-02 
 1.852071e+01  3.017615e-02 
 1.852103e+01  3.017616e-02 
 1.852136e+01  3.017617e-02 
 1.852168e+01  3.017618e-02 
 1.852200e+01  3.017619e-02 
 1.852232e+01  3.017620e-02 
 1.852264e+01  3.017622e-02 
 1.852296e+01  3.017623e-02 
 1.852329e+01  3.017624e-02 
 1.852361e+01  3.017625e-02 
 1.852393e+01  3.017626e-02 
 1.852425e+01  3.017627e-02 
 1.852457e+01  3.017628e-02 
 1.852489e+01  3.017629e-02 
 1.852521e+01  3.017630e-02 
 1.852554e+01  3.017632e-02 
 1.852586e+01  3.017633e-02 
 1.852618e+01  3.017634e-02 
 1.852650e+01  3.017635e-02 
 1.852682e+01  3.017636e-02 
 1.852714e+01  3.017637e-02 
 1.852747e+01  3.017638e-02 
 1.852779e+01  3.017639e-02 
 1.852811e+01  3.017640e-02 
 1.852843e+01  3.017641e-02 
 1.852875e+01  3.017642e-02 
 1.852907e+01  3.017643e-02 
 1.852939e+01  3.017645e-02 
 1.852972e+01  3.017646e-02 
 1.853004e+01  3.017647e-02 
 1.853036e+01  3.017648e-02 
 1.853068e+01  3.017649e-02 
 1.853100e+01  3.017650e-02 
 1.853132e+01  3.017651e-02 
 1.853165e+01  3.017652e-02 
 1.853197e+01  3.017653e-02 
 1.853229e+01  3.017654e-02 
 1.853261e+01  3.017655e-02 
 1.853293e+01  3.017656e-02 
 1.853325e+01  3.017657e-02 
 1.853357e+01  3.017658e-02 
 1.853390e+01  3.017659e-02 
 1.853422e+01  3.017660e-02 
 1.853454e+01  3.017662e-02 
 1.853486e+01  3.017663e-02 
 1.853518e+01  3.017664e-02 
 1.853550e+01  3.017665e-02 
 1.853583e+01  3.017666e-02 
 1.853615e+01  3.017667e-02 
 1.853647e+01  3.017668e-02 
 1.853679e+01  3.017669e-02 
 1.853711e+01  3.017670e-02 
 1.853743e+01  3.017671e-02 
 1.853776e+01  3.017672e-02 
 1.853808e+01  3.017673e-02 
 1.853840e+01  3.017674e-02 
 1.853872e+01  3.017675e-02 
 1.853904e+01  3.017676e-02 
 1.853936e+01  3.017677e-02 
 1.853968e+01  3.017678e-02 
 1.854001e+01  3.017679e-02 
 1.854033e+01  3.017680e-02 
 1.854065e+01  3.017681e-02 
 1.854097e+01  3.017682e-02 
 1.854129e+01  3.017683e-02 
 1.854161e+01  3.017684e-02 
 1.854194e+01  3.017685e-02 
 1.854226e+01  3.017686e-02 
 1.854258e+01  3.017687e-02 
 1.854290e+01  3.017689e-02 
 1.854322e+01  3.017690e-02 
 1.854354e+01  3.017691e-02 
 1.854386e+01  3.017692e-02 
 1.854419e+01  3.017693e-02 
 1.854451e+01  3.017694e-02 
 1.854483e+01  3.017695e-02 
 1.854515e+01  3.017696e-02 
 1.854547e+01  3.017697e-02 
 1.854579e+01  3.017698e-02 
 1.854612e+01  3.017699e-02 
 1.854644e+01  3.017700e-02 
 1.854676e+01  3.017701e-02 
 1.854708e+01  3.017702e-02 
 1.854740e+01  3.017703e-02 
 1.854772e+01  3.017704e-02 
 1.854804e+01  3.017705e-02 
 1.854837e+01  3.017707e-02 
 1.854869e+01  3.017708e-02 
 1.854901e+01  3.017709e-02 
 1.854933e+01  3.017710e-02 
 1.854965e+01  3.017711e-02 
 1.854997e+01  3.017712e-02 
 1.855030e+01  3.017713e-02 
 1.855062e+01  3.017714e-02 
 1.855094e+01  3.017715e-02 
 1.855126e+01  3.017716e-02 
 1.855158e+01  3.017717e-02 
 1.855190e+01  3.017719e-02 
 1.855223e+01  3.017720e-02 
 1.855255e+01  3.017721e-02 
 1.855287e+01  3.017722e-02 
 1.855319e+01  3.017723e-02 
 1.855351e+01  3.017724e-02 
 1.855383e+01  3.017725e-02 
 1.855415e+01  3.017727e-02 
 1.855448e+01  3.017728e-02 
 1.855480e+01  3.017729e-02 
 1.855512e+01  3.017730e-02 
 1.855544e+01  3.017731e-02 
 1.855576e+01  3.017732e-02 
 1.855608e+01  3.017734e-02 
 1.855641e+01  3.017735e-02 
 1.855673e+01  3.017736e-02 
 1.855705e+01  3.017737e-02 
 1.855737e+01  3.017738e-02 
 1.855769e+01  3.017740e-02 
 1.855801e+01  3.017741e-02 
 1.855833e+01  3.017742e-02 
 1.855866e+01  3.017743e-02 
 1.855898e+01  3.017745e-02 
 1.855930e+01  3.017746e-02 
 1.855962e+01  3.017747e-02 
 1.855994e+01  3.017748e-02 
 1.856026e+01  3.017750e-02 
 1.856059e+01  3.017751e-02 
 1.856091e+01  3.017752e-02 
 1.856123e+01  3.017753e-02 
 1.856155e+01  3.017755e-02 
 1.856187e+01  3.017756e-02 
 1.856219e+01  3.017757e-02 
 1.856251e+01  3.017759e-02 
 1.856284e+01  3.017760e-02 
 1.856316e+01  3.017761e-02 
 1.856348e+01  3.017762e-02 
 1.856380e+01  3.017764e-02 
 1.856412e+01  3.017765e-02 
 1.856444e+01  3.017766e-02 
 1.856477e+01  3.017768e-02 
 1.856509e+01  3.017769e-02 
 1.856541e+01  3.017770e-02 
 1.856573e+01  3.017772e-02 
 1.856605e+01  3.017773e-02 
 1.856637e+01  3.017775e-02 
 1.856670e+01  3.017776e-02 
 1.856702e+01  3.017777e-02 
 1.856734e+01  3.017779e-02 
 1.856766e+01  3.017780e-02 
 1.856798e+01  3.017781e-02 
 1.856830e+01  3.017783e-02 
 1.856862e+01  3.017784e-02 
 1.856895e+01  3.017786e-02 
 1.856927e+01  3.017787e-02 
 1.856959e+01  3.017788e-02 
 1.856991e+01  3.017790e-02 
 1.857023e+01  3.017791e-02 
 1.857055e+01  3.017792e-02 
 1.857088e+01  3.017794e-02 
 1.857120e+01  3.017795e-02 
 1.857152e+01  3.017797e-02 
 1.857184e+01  3.017798e-02 
 1.857216e+01  3.017800e-02 
 1.857248e+01  3.017801e-02 
 1.857280e+01  3.017802e-02 
 1.857313e+01  3.017804e-02 
 1.857345e+01  3.017805e-02 
 1.857377e+01  3.017807e-02 
 1.857409e+01  3.017808e-02 
 1.857441e+01  3.017809e-02 
 1.857473e+01  3.017811e-02 
 1.857506e+01  3.017812e-02 
 1.857538e+01  3.017814e-02 
 1.857570e+01  3.017815e-02 
 1.857602e+01  3.017816e-02 
 1.857634e+01  3.017818e-02 
 1.857666e+01  3.017819e-02 
 1.857698e+01  3.017821e-02 
 1.857731e+01  3.017822e-02 
 1.857763e+01  3.017824e-02 
 1.857795e+01  3.017825e-02 
 1.857827e+01  3.017826e-02 
 1.857859e+01  3.017828e-02 
 1.857891e+01  3.017829e-02 
 1.857924e+01  3.017831e-02 
 1.857956e+01  3.017832e-02 
 1.857988e+01  3.017833e-02 
 1.858020e+01  3.017835e-02 
 1.858052e+01  3.017836e-02 
 1.858084e+01  3.017838e-02 
 1.858117e+01  3.017839e-02 
 1.858149e+01  3.017840e-02 
 1.858181e+01  3.017842e-02 
 1.858213e+01  3.017843e-02 
 1.858245e+01  3.017845e-02 
 1.858277e+01  3.017846e-02 
 1.858309e+01  3.017847e-02 
 1.858342e+01  3.017849e-02 
 1.858374e+01  3.017850e-02 
 1.858406e+01  3.017852e-02 
 1.858438e+01  3.017853e-02 
 1.858470e+01  3.017854e-02 
 1.858502e+01  3.017856e-02 
 1.858535e+01  3.017857e-02 
 1.858567e+01  3.017858e-02 
 1.858599e+01  3.017860e-02 
 1.858631e+01  3.017861e-02 
 1.858663e+01  3.017862e-02 
 1.858695e+01  3.017864e-02 
 1.858727e+01  3.017865e-02 
 1.858760e+01  3.017866e-02 
 1.858792e+01  3.017868e-02 
 1.858824e+01  3.017869e-02 
 1.858856e+01  3.017871e-02 
 1.858888e+01  3.017872e-02 
 1.858920e+01  3.017873e-02 
 1.858953e+01  3.017875e-02 
 1.858985e+01  3.017876e-02 
 1.859017e+01  3.017877e-02 
 1.859049e+01  3.017879e-02 
 1.859081e+01  3.017880e-02 
 1.859113e+01  3.017881e-02 
 1.859146e+01  3.017882e-02 
 1.859178e+01  3.017884e-02 
 1.859210e+01  3.017885e-02 
 1.859242e+01  3.017886e-02 
 1.859274e+01  3.017888e-02 
 1.859306e+01  3.017889e-02 
 1.859338e+01  3.017890e-02 
 1.859371e+01  3.017892e-02 
 1.859403e+01  3.017893e-02 
 1.859435e+01  3.017894e-02 
 1.859467e+01  3.017895e-02 
 1.859499e+01  3.017897e-02 
 1.859531e+01  3.017898e-02 
 1.859564e+01  3.017899e-02 
 1.859596e+01  3.017901e-02 
 1.859628e+01  3.017902e-02 
 1.859660e+01  3.017903e-02 
 1.859692e+01  3.017904e-02 
 1.859724e+01  3.017906e-02 
 1.859756e+01  3.017907e-02 
 1.859789e+01  3.017908e-02 
 1.859821e+01  3.017909e-02 
 1.859853e+01  3.017911e-02 
 1.859885e+01  3.017912e-02 
 1.859917e+01  3.017913e-02 
 1.859949e+01  3.017914e-02 
 1.859982e+01  3.017916e-02 
 1.860014e+01  3.017917e-02 
 1.860046e+01  3.017918e-02 
 1.860078e+01  3.017919e-02 
 1.860110e+01  3.017921e-02 
 1.860142e+01  3.017922e-02 
 1.860174e+01  3.017923e-02 
 1.860207e+01  3.017924e-02 
 1.860239e+01  3.017926e-02 
 1.860271e+01  3.017927e-02 
 1.860303e+01  3.017928e-02 
 1.860335e+01  3.017929e-02 
 1.860367e+01  3.017930e-02 
 1.860400e+01  3.017932e-02 
 1.860432e+01  3.017933e-02 
 1.860464e+01  3.017934e-02 
 1.860496e+01  3.017935e-02 
 1.860528e+01  3.017936e-02 
 1.860560e+01  3.017938e-02 
 1.860593e+01  3.017939e-02 
 1.860625e+01  3.017940e-02 
 1.860657e+01  3.017941e-02 
 1.860689e+01  3.017942e-02 
 1.860721e+01  3.017944e-02 
 1.860753e+01  3.017945e-02 
 1.860785e+01  3.017946e-02 
 1.860818e+01  3.017947e-02 
 1.860850e+01  3.017948e-02 
 1.860882e+01  3.017949e-02 
 1.860914e+01  3.017951e-02 
 1.860946e+01  3.017952e-02 
 1.860978e+01  3.017953e-02 
 1.861011e+01  3.017954e-02 
 1.861043e+01  3.017955e-02 
 1.861075e+01  3.017956e-02 
 1.861107e+01  3.017958e-02 
 1.861139e+01  3.017959e-02 
 1.861171e+01  3.017960e-02 
 1.861203e+01  3.017961e-02 
 1.861236e+01  3.017962e-02 
 1.861268e+01  3.017963e-02 
 1.861300e+01  3.017965e-02 
 1.861332e+01  3.017966e-02 
 1.861364e+01  3.017967e-02 
 1.861396e+01  3.017968e-02 
 1.861429e+01  3.017969e-02 
 1.861461e+01  3.017970e-02 
 1.861493e+01  3.017971e-02 
 1.861525e+01  3.017973e-02 
 1.861557e+01  3.017974e-02 
 1.861589e+01  3.017975e-02 
 1.861621e+01  3.017976e-02 
 1.861654e+01  3.017977e-02 
 1.861686e+01  3.017978e-02 
 1.861718e+01  3.017979e-02 
 1.861750e+01  3.017980e-02 
 1.861782e+01  3.017981e-02 
 1.861814e+01  3.017983e-02 
 1.861847e+01  3.017984e-02 
 1.861879e+01  3.017985e-02 
 1.861911e+01  3.017986e-02 
 1.861943e+01  3.017987e-02 
 1.861975e+01  3.017988e-02 
 1.862007e+01  3.017989e-02 
 1.862040e+01  3.017990e-02 
 1.862072e+01  3.017991e-02 
 1.862104e+01  3.017992e-02 
 1.862136e+01  3.017994e-02 
 1.862168e+01  3.017995e-02 
 1.862200e+01  3.017996e-02 
 1.862232e+01  3.017997e-02 
 1.862265e+01  3.017998e-02 
 1.862297e+01  3.017999e-02 
 1.862329e+01  3.018000e-02 
 1.862361e+01  3.018001e-02 
 1.862393e+01  3.018002e-02 
 1.862425e+01  3.018003e-02 
 1.862458e+01  3.018004e-02 
 1.862490e+01  3.018005e-02 
 1.862522e+01  3.018006e-02 
 1.862554e+01  3.018008e-02 
 1.862586e+01  3.018009e-02 
 1.862618e+01  3.018010e-02 
 1.862650e+01  3.018011e-02 
 1.862683e+01  3.018012e-02 
 1.862715e+01  3.018013e-02 
 1.862747e+01  3.018014e-02 
 1.862779e+01  3.018015e-02 
 1.862811e+01  3.018016e-02 
 1.862843e+01  3.018017e-02 
 1.862876e+01  3.018018e-02 
 1.862908e+01  3.018019e-02 
 1.862940e+01  3.018020e-02 
 1.862972e+01  3.018021e-02 
 1.863004e+01  3.018022e-02 
 1.863036e+01  3.018023e-02 
 1.863068e+01  3.018024e-02 
 1.863101e+01  3.018025e-02 
 1.863133e+01  3.018026e-02 
 1.863165e+01  3.018027e-02 
 1.863197e+01  3.018028e-02 
 1.863229e+01  3.018029e-02 
 1.863261e+01  3.018030e-02 
 1.863294e+01  3.018031e-02 
 1.863326e+01  3.018032e-02 
 1.863358e+01  3.018033e-02 
 1.863390e+01  3.018034e-02 
 1.863422e+01  3.018035e-02 
 1.863454e+01  3.018036e-02 
 1.863487e+01  3.018037e-02 
 1.863519e+01  3.018038e-02 
 1.863551e+01  3.018039e-02 
 1.863583e+01  3.018040e-02 
 1.863615e+01  3.018041e-02 
 1.863647e+01  3.018042e-02 
 1.863679e+01  3.018043e-02 
 1.863712e+01  3.018044e-02 
 1.863744e+01  3.018045e-02 
 1.863776e+01  3.018046e-02 
 1.863808e+01  3.018047e-02 
 1.863840e+01  3.018048e-02 
 1.863872e+01  3.018049e-02 
 1.863905e+01  3.018049e-02 
 1.863937e+01  3.018050e-02 
 1.863969e+01  3.018051e-02 
 1.864001e+01  3.018052e-02 
 1.864033e+01  3.018053e-02 
 1.864065e+01  3.018054e-02 
 1.864097e+01  3.018055e-02 
 1.864130e+01  3.018056e-02 
 1.864162e+01  3.018057e-02 
 1.864194e+01  3.018057e-02 
 1.864226e+01  3.018058e-02 
 1.864258e+01  3.018059e-02 
 1.864290e+01  3.018060e-02 
 1.864323e+01  3.018061e-02 
 1.864355e+01  3.018062e-02 
 1.864387e+01  3.018062e-02 
 1.864419e+01  3.018063e-02 
 1.864451e+01  3.018064e-02 
 1.864483e+01  3.018065e-02 
 1.864515e+01  3.018066e-02 
 1.864548e+01  3.018066e-02 
 1.864580e+01  3.018067e-02 
 1.864612e+01  3.018068e-02 
 1.864644e+01  3.018069e-02 
 1.864676e+01  3.018070e-02 
 1.864708e+01  3.018070e-02 
 1.864741e+01  3.018071e-02 
 1.864773e+01  3.018072e-02 
 1.864805e+01  3.018072e-02 
 1.864837e+01  3.018073e-02 
 1.864869e+01  3.018074e-02 
 1.864901e+01  3.018075e-02 
 1.864934e+01  3.018075e-02 
 1.864966e+01  3.018076e-02 
 1.864998e+01  3.018077e-02 
 1.865030e+01  3.018077e-02 
 1.865062e+01  3.018078e-02 
 1.865094e+01  3.018079e-02 
 1.865126e+01  3.018079e-02 
 1.865159e+01  3.018080e-02 
 1.865191e+01  3.018080e-02 
 1.865223e+01  3.018081e-02 
 1.865255e+01  3.018082e-02 
 1.865287e+01  3.018082e-02 
 1.865319e+01  3.018083e-02 
 1.865352e+01  3.018083e-02 
 1.865384e+01  3.018084e-02 
 1.865416e+01  3.018085e-02 
 1.865448e+01  3.018085e-02 
 1.865480e+01  3.018086e-02 
 1.865512e+01  3.018086e-02 
 1.865544e+01  3.018087e-02 
 1.865577e+01  3.018087e-02 
 1.865609e+01  3.018088e-02 
 1.865641e+01  3.018088e-02 
 1.865673e+01  3.018089e-02 
 1.865705e+01  3.018089e-02 
 1.865737e+01  3.018090e-02 
 1.865770e+01  3.018090e-02 
 1.865802e+01  3.018091e-02 
 1.865834e+01  3.018091e-02 
 1.865866e+01  3.018091e-02 
 1.865898e+01  3.018092e-02 
 1.865930e+01  3.018092e-02 
 1.865962e+01  3.018093e-02 
 1.865995e+01  3.018093e-02 
 1.866027e+01  3.018093e-02 
 1.866059e+01  3.018094e-02 
 1.866091e+01  3.018094e-02 
 1.866123e+01  3.018095e-02 
 1.866155e+01  3.018095e-02 
 1.866188e+01  3.018095e-02 
 1.866220e+01  3.018096e-02 
 1.866252e+01  3.018096e-02 
 1.866284e+01  3.018096e-02 
 1.866316e+01  3.018097e-02 
 1.866348e+01  3.018097e-02 
 1.866381e+01  3.018097e-02 
 1.866413e+01  3.018098e-02 
 1.866445e+01  3.018098e-02 
 1.866477e+01  3.018098e-02 
 1.866509e+01  3.018098e-02 
 1.866541e+01  3.018099e-02 
 1.866573e+01  3.018099e-02 
 1.866606e+01  3.018099e-02 
 1.866638e+01  3.018099e-02 
 1.866670e+01  3.018100e-02 
 1.866702e+01  3.018100e-02 
 1.866734e+01  3.018100e-02 
 1.866766e+01  3.018100e-02 
 1.866799e+01  3.018101e-02 
 1.866831e+01  3.018101e-02 
 1.866863e+01  3.018101e-02 
 1.866895e+01  3.018101e-02 
 1.866927e+01  3.018101e-02 
 1.866959e+01  3.018102e-02 
 1.866991e+01  3.018102e-02 
 1.867024e+01  3.018102e-02 
 1.867056e+01  3.018102e-02 
 1.867088e+01  3.018102e-02 
 1.867120e+01  3.018102e-02 
 1.867152e+01  3.018103e-02 
 1.867184e+01  3.018103e-02 
 1.867217e+01  3.018103e-02 
 1.867249e+01  3.018103e-02 
 1.867281e+01  3.018103e-02 
 1.867313e+01  3.018103e-02 
 1.867345e+01  3.018103e-02 
 1.867377e+01  3.018104e-02 
 1.867410e+01  3.018104e-02 
 1.867442e+01  3.018104e-02 
 1.867474e+01  3.018104e-02 
 1.867506e+01  3.018104e-02 
 1.867538e+01  3.018104e-02 
 1.867570e+01  3.018104e-02 
 1.867602e+01  3.018104e-02 
 1.867635e+01  3.018104e-02 
 1.867667e+01  3.018105e-02 
 1.867699e+01  3.018105e-02 
 1.867731e+01  3.018105e-02 
 1.867763e+01  3.018105e-02 
 1.867795e+01  3.018105e-02 
 1.867828e+01  3.018105e-02 
 1.867860e+01  3.018105e-02 
 1.867892e+01  3.018105e-02 
 1.867924e+01  3.018105e-02 
 1.867956e+01  3.018105e-02 
 1.867988e+01  3.018106e-02 
 1.868020e+01  3.018106e-02 
 1.868053e+01  3.018106e-02 
 1.868085e+01  3.018106e-02 
 1.868117e+01  3.018106e-02 
 1.868149e+01  3.018106e-02 
 1.868181e+01  3.018106e-02 
 1.868213e+01  3.018106e-02 
 1.868246e+01  3.018106e-02 
 1.868278e+01  3.018106e-02 
 1.868310e+01  3.018106e-02 
 1.868342e+01  3.018106e-02 
 1.868374e+01  3.018107e-02 
 1.868406e+01  3.018107e-02 
 1.868438e+01  3.018107e-02 
 1.868471e+01  3.018107e-02 
 1.868503e+01  3.018107e-02 
 1.868535e+01  3.018107e-02 
 1.868567e+01  3.018107e-02 
 1.868599e+01  3.018107e-02 
 1.868631e+01  3.018107e-02 
 1.868664e+01  3.018107e-02 
 1.868696e+01  3.018107e-02 
 1.868728e+01  3.018108e-02 
 1.868760e+01  3.018108e-02 
 1.868792e+01  3.018108e-02 
 1.868824e+01  3.018108e-02 
 1.868857e+01  3.018108e-02 
 1.868889e+01  3.018108e-02 
 1.868921e+01  3.018108e-02 
 1.868953e+01  3.018108e-02 
 1.868985e+01  3.018108e-02 
 1.869017e+01  3.018109e-02 
 1.869049e+01  3.018109e-02 
 1.869082e+01  3.018109e-02 
 1.869114e+01  3.018109e-02 
 1.869146e+01  3.018109e-02 
 1.869178e+01  3.018109e-02 
 1.869210e+01  3.018109e-02 
 1.869242e+01  3.018109e-02 
 1.869275e+01  3.018110e-02 
 1.869307e+01  3.018110e-02 
 1.869339e+01  3.018110e-02 
 1.869371e+01  3.018110e-02 
 1.869403e+01  3.018110e-02 
 1.869435e+01  3.018110e-02 
 1.869467e+01  3.018110e-02 
 1.869500e+01  3.018111e-02 
 1.869532e+01  3.018111e-02 
 1.869564e+01  3.018111e-02 
 1.869596e+01  3.018111e-02 
 1.869628e+01  3.018111e-02 
 1.869660e+01  3.018111e-02 
 1.869693e+01  3.018112e-02 
 1.869725e+01  3.018112e-02 
 1.869757e+01  3.018112e-02 
 1.869789e+01  3.018112e-02 
 1.869821e+01  3.018112e-02 
 1.869853e+01  3.018113e-02 
 1.869885e+01  3.018113e-02 
 1.869918e+01  3.018113e-02 
 1.869950e+01  3.018113e-02 
 1.869982e+01  3.018114e-02 
 1.870014e+01  3.018114e-02 
 1.870046e+01  3.018114e-02 
 1.870078e+01  3.018114e-02 
 1.870111e+01  3.018114e-02 
 1.870143e+01  3.018115e-02 
 1.870175e+01  3.018115e-02 
 1.870207e+01  3.018115e-02 
 1.870239e+01  3.018115e-02 
 1.870271e+01  3.018116e-02 
 1.870304e+01  3.018116e-02 
 1.870336e+01  3.018116e-02 
 1.870368e+01  3.018117e-02 
 1.870400e+01  3.018117e-02 
 1.870432e+01  3.018117e-02 
 1.870464e+01  3.018117e-02 
 1.870496e+01  3.018118e-02 
 1.870529e+01  3.018118e-02 
 1.870561e+01  3.018118e-02 
 1.870593e+01  3.018119e-02 
 1.870625e+01  3.018119e-02 
 1.870657e+01  3.018119e-02 
 1.870689e+01  3.018120e-02 
 1.870722e+01  3.018120e-02 
 1.870754e+01  3.018120e-02 
 1.870786e+01  3.018121e-02 
 1.870818e+01  3.018121e-02 
 1.870850e+01  3.018121e-02 
 1.870882e+01  3.018122e-02 
 1.870914e+01  3.018122e-02 
 1.870947e+01  3.018123e-02 
 1.870979e+01  3.018123e-02 
 1.871011e+01  3.018123e-02 
 1.871043e+01  3.018124e-02 
 1.871075e+01  3.018124e-02 
 1.871107e+01  3.018124e-02 
 1.871140e+01  3.018125e-02 
 1.871172e+01  3.018125e-02 
 1.871204e+01  3.018126e-02 
 1.871236e+01  3.018126e-02 
 1.871268e+01  3.018127e-02 
 1.871300e+01  3.018127e-02 
 1.871332e+01  3.018127e-02 
 1.871365e+01  3.018128e-02 
 1.871397e+01  3.018128e-02 
 1.871429e+01  3.018129e-02 
 1.871461e+01  3.018129e-02 
 1.871493e+01  3.018130e-02 
 1.871525e+01  3.018130e-02 
 1.871558e+01  3.018131e-02 
 1.871590e+01  3.018131e-02 
 1.871622e+01  3.018131e-02 
 1.871654e+01  3.018132e-02 
 1.871686e+01  3.018132e-02 
 1.871718e+01  3.018133e-02 
 1.871751e+01  3.018133e-02 
 1.871783e+01  3.018134e-02 
 1.871815e+01  3.018134e-02 
 1.871847e+01  3.018135e-02 
 1.871879e+01  3.018135e-02 
 1.871911e+01  3.018136e-02 
 1.871943e+01  3.018136e-02 
 1.871976e+01  3.018137e-02 
 1.872008e+01  3.018137e-02 
 1.872040e+01  3.018138e-02 
 1.872072e+01  3.018138e-02 
 1.872104e+01  3.018139e-02 
 1.872136e+01  3.018140e-02 
 1.872169e+01  3.018140e-02 
 1.872201e+01  3.018141e-02 
 1.872233e+01  3.018141e-02 
 1.872265e+01  3.018142e-02 
 1.872297e+01  3.018142e-02 
 1.872329e+01  3.018143e-02 
 1.872361e+01  3.018143e-02 
 1.872394e+01  3.018144e-02 
 1.872426e+01  3.018144e-02 
 1.872458e+01  3.018145e-02 
 1.872490e+01  3.018146e-02 
 1.872522e+01  3.018146e-02 
 1.872554e+01  3.018147e-02 
 1.872587e+01  3.018147e-02 
 1.872619e+01  3.018148e-02 
 1.872651e+01  3.018148e-02 
 1.872683e+01  3.018149e-02 
 1.872715e+01  3.018150e-02 
 1.872747e+01  3.018150e-02 
 1.872779e+01  3.018151e-02 
 1.872812e+01  3.018151e-02 
 1.872844e+01  3.018152e-02 
 1.872876e+01  3.018153e-02 
 1.872908e+01  3.018153e-02 
 1.872940e+01  3.018154e-02 
 1.872972e+01  3.018154e-02 
 1.873005e+01  3.018155e-02 
 1.873037e+01  3.018156e-02 
 1.873069e+01  3.018156e-02 
 1.873101e+01  3.018157e-02 
 1.873133e+01  3.018158e-02 
 1.873165e+01  3.018158e-02 
 1.873198e+01  3.018159e-02 
 1.873230e+01  3.018159e-02 
 1.873262e+01  3.018160e-02 
 1.873294e+01  3.018161e-02 
 1.873326e+01  3.018161e-02 
 1.873358e+01  3.018162e-02 
 1.873390e+01  3.018163e-02 
 1.873423e+01  3.018163e-02 
 1.873455e+01  3.018164e-02 
 1.873487e+01  3.018165e-02 
 1.873519e+01  3.018165e-02 
 1.873551e+01  3.018166e-02 
 1.873583e+01  3.018167e-02 
 1.873616e+01  3.018167e-02 
 1.873648e+01  3.018168e-02 
 1.873680e+01  3.018169e-02 
 1.873712e+01  3.018169e-02 
 1.873744e+01  3.018170e-02 
 1.873776e+01  3.018171e-02 
 1.873808e+01  3.018171e-02 
 1.873841e+01  3.018172e-02 
 1.873873e+01  3.018172e-02 
 1.873905e+01  3.018173e-02 
 1.873937e+01  3.018174e-02 
 1.873969e+01  3.018174e-02 
 1.874001e+01  3.018175e-02 
 1.874034e+01  3.018176e-02 
 1.874066e+01  3.018176e-02 
 1.874098e+01  3.018177e-02 
 1.874130e+01  3.018178e-02 
 1.874162e+01  3.018178e-02 
 1.874194e+01  3.018179e-02 
 1.874226e+01  3.018180e-02 
 1.874259e+01  3.018180e-02 
 1.874291e+01  3.018181e-02 
 1.874323e+01  3.018182e-02 
 1.874355e+01  3.018182e-02 
 1.874387e+01  3.018183e-02 
 1.874419e+01  3.018184e-02 
 1.874452e+01  3.018184e-02 
 1.874484e+01  3.018185e-02 
 1.874516e+01  3.018186e-02 
 1.874548e+01  3.018186e-02 
 1.874580e+01  3.018187e-02 
 1.874612e+01  3.018188e-02 
 1.874645e+01  3.018188e-02 
 1.874677e+01  3.018189e-02 
 1.874709e+01  3.018190e-02 
 1.874741e+01  3.018190e-02 
 1.874773e+01  3.018191e-02 
 1.874805e+01  3.018192e-02 
 1.874837e+01  3.018192e-02 
 1.874870e+01  3.018193e-02 
 1.874902e+01  3.018194e-02 
 1.874934e+01  3.018194e-02 
 1.874966e+01  3.018195e-02 
 1.874998e+01  3.018196e-02 
 1.875030e+01  3.018196e-02 
 1.875063e+01  3.018197e-02 
 1.875095e+01  3.018198e-02 
 1.875127e+01  3.018198e-02 
 1.875159e+01  3.018199e-02 
 1.875191e+01  3.018200e-02 
 1.875223e+01  3.018200e-02 
 1.875255e+01  3.018201e-02 
 1.875288e+01  3.018202e-02 
 1.875320e+01  3.018202e-02 
 1.875352e+01  3.018203e-02 
 1.875384e+01  3.018204e-02 
 1.875416e+01  3.018204e-02 
 1.875448e+01  3.018205e-02 
 1.875481e+01  3.018205e-02 
 1.875513e+01  3.018206e-02 
 1.875545e+01  3.018207e-02 
 1.875577e+01  3.018207e-02 
 1.875609e+01  3.018208e-02 
 1.875641e+01  3.018209e-02 
 1.875674e+01  3.018209e-02 
 1.875706e+01  3.018210e-02 
 1.875738e+01  3.018211e-02 
 1.875770e+01  3.018211e-02 
 1.875802e+01  3.018212e-02 
 1.875834e+01  3.018212e-02 
 1.875866e+01  3.018213e-02 
 1.875899e+01  3.018214e-02 
 1.875931e+01  3.018214e-02 
 1.875963e+01  3.018215e-02 
 1.875995e+01  3.018216e-02 
 1.876027e+01  3.018216e-02 
 1.876059e+01  3.018217e-02 
 1.876092e+01  3.018217e-02 
 1.876124e+01  3.018218e-02 
 1.876156e+01  3.018219e-02 
 1.876188e+01  3.018219e-02 
 1.876220e+01  3.018220e-02 
 1.876252e+01  3.018221e-02 
 1.876284e+01  3.018221e-02 
 1.876317e+01  3.018222e-02 
 1.876349e+01  3.018222e-02 
 1.876381e+01  3.018223e-02 
 1.876413e+01  3.018224e-02 
 1.876445e+01  3.018224e-02 
 1.876477e+01  3.018225e-02 
 1.876510e+01  3.018226e-02 
 1.876542e+01  3.018226e-02 
 1.876574e+01  3.018227e-02 
 1.876606e+01  3.018227e-02 
 1.876638e+01  3.018228e-02 
 1.876670e+01  3.018229e-02 
 1.876702e+01  3.018229e-02 
 1.876735e+01  3.018230e-02 
 1.876767e+01  3.018231e-02 
 1.876799e+01  3.018231e-02 
 1.876831e+01  3.018232e-02 
 1.876863e+01  3.018232e-02 
 1.876895e+01  3.018233e-02 
 1.876928e+01  3.018234e-02 
 1.876960e+01  3.018234e-02 
 1.876992e+01  3.018235e-02 
 1.877024e+01  3.018235e-02 
 1.877056e+01  3.018236e-02 
 1.877088e+01  3.018237e-02 
 1.877121e+01  3.018237e-02 
 1.877153e+01  3.018238e-02 
 1.877185e+01  3.018239e-02 
 1.877217e+01  3.018239e-02 
 1.877249e+01  3.018240e-02 
 1.877281e+01  3.018240e-02 
 1.877313e+01  3.018241e-02 
 1.877346e+01  3.018242e-02 
 1.877378e+01  3.018242e-02 
 1.877410e+01  3.018243e-02 
 1.877442e+01  3.018244e-02 
 1.877474e+01  3.018244e-02 
 1.877506e+01  3.018245e-02 
 1.877539e+01  3.018245e-02 
 1.877571e+01  3.018246e-02 
 1.877603e+01  3.018247e-02 
 1.877635e+01  3.018247e-02 
 1.877667e+01  3.018248e-02 
 1.877699e+01  3.018249e-02 
 1.877731e+01  3.018249e-02 
 1.877764e+01  3.018250e-02 
 1.877796e+01  3.018250e-02 
 1.877828e+01  3.018251e-02 
 1.877860e+01  3.018252e-02 
 1.877892e+01  3.018252e-02 
 1.877924e+01  3.018253e-02 
 1.877957e+01  3.018254e-02 
 1.877989e+01  3.018254e-02 
 1.878021e+01  3.018255e-02 
 1.878053e+01  3.018256e-02 
 1.878085e+01  3.018256e-02 
 1.878117e+01  3.018257e-02 
 1.878149e+01  3.018258e-02 
 1.878182e+01  3.018258e-02 
 1.878214e+01  3.018259e-02 
 1.878246e+01  3.018260e-02 
 1.878278e+01  3.018260e-02 
 1.878310e+01  3.018261e-02 
 1.878342e+01  3.018262e-02 
 1.878375e+01  3.018262e-02 
 1.878407e+01  3.018263e-02 
 1.878439e+01  3.018264e-02 
 1.878471e+01  3.018264e-02 
 1.878503e+01  3.018265e-02 
 1.878535e+01  3.018266e-02 
 1.878568e+01  3.018266e-02 
 1.878600e+01  3.018267e-02 
 1.878632e+01  3.018268e-02 
 1.878664e+01  3.018268e-02 
 1.878696e+01  3.018269e-02 
 1.878728e+01  3.018270e-02 
 1.878760e+01  3.018271e-02 
 1.878793e+01  3.018271e-02 
 1.878825e+01  3.018272e-02 
 1.878857e+01  3.018273e-02 
 1.878889e+01  3.018274e-02 
 1.878921e+01  3.018274e-02 
 1.878953e+01  3.018275e-02 
 1.878986e+01  3.018276e-02 
 1.879018e+01  3.018276e-02 
 1.879050e+01  3.018277e-02 
 1.879082e+01  3.018278e-02 
 1.879114e+01  3.018279e-02 
 1.879146e+01  3.018280e-02 
 1.879178e+01  3.018280e-02 
 1.879211e+01  3.018281e-02 
 1.879243e+01  3.018282e-02 
 1.879275e+01  3.018283e-02 
 1.879307e+01  3.018283e-02 
 1.879339e+01  3.018284e-02 
 1.879371e+01  3.018285e-02 
 1.879404e+01  3.018286e-02 
 1.879436e+01  3.018287e-02 
 1.879468e+01  3.018287e-02 
 1.879500e+01  3.018288e-02 
 1.879532e+01  3.018289e-02 
 1.879564e+01  3.018290e-02 
 1.879596e+01  3.018291e-02 
 1.879629e+01  3.018291e-02 
 1.879661e+01  3.018292e-02 
 1.879693e+01  3.018293e-02 
 1.879725e+01  3.018294e-02 
 1.879757e+01  3.018295e-02 
 1.879789e+01  3.018296e-02 
 1.879822e+01  3.018297e-02 
 1.879854e+01  3.018297e-02 
 1.879886e+01  3.018298e-02 
 1.879918e+01  3.018299e-02 
 1.879950e+01  3.018300e-02 
 1.879982e+01  3.018301e-02 
 1.880015e+01  3.018302e-02 
 1.880047e+01  3.018303e-02 
 1.880079e+01  3.018304e-02 
 1.880111e+01  3.018305e-02 
 1.880143e+01  3.018305e-02 
 1.880175e+01  3.018306e-02 
 1.880207e+01  3.018307e-02 
 1.880240e+01  3.018308e-02 
 1.880272e+01  3.018309e-02 
 1.880304e+01  3.018310e-02 
 1.880336e+01  3.018311e-02 
 1.880368e+01  3.018312e-02 
 1.880400e+01  3.018313e-02 
 1.880433e+01  3.018314e-02 
 1.880465e+01  3.018315e-02 
 1.880497e+01  3.018316e-02 
 1.880529e+01  3.018317e-02 
 1.880561e+01  3.018318e-02 
 1.880593e+01  3.018319e-02 
 1.880625e+01  3.018320e-02 
 1.880658e+01  3.018321e-02 
 1.880690e+01  3.018322e-02 
 1.880722e+01  3.018323e-02 
 1.880754e+01  3.018324e-02 
 1.880786e+01  3.018325e-02 
 1.880818e+01  3.018326e-02 
 1.880851e+01  3.018327e-02 
 1.880883e+01  3.018328e-02 
 1.880915e+01  3.018329e-02 
 1.880947e+01  3.018330e-02 
 1.880979e+01  3.018331e-02 
 1.881011e+01  3.018332e-02 
 1.881043e+01  3.018333e-02 
 1.881076e+01  3.018335e-02 
 1.881108e+01  3.018336e-02 
 1.881140e+01  3.018337e-02 
 1.881172e+01  3.018338e-02 
 1.881204e+01  3.018339e-02 
 1.881236e+01  3.018340e-02 
 1.881269e+01  3.018341e-02 
 1.881301e+01  3.018342e-02 
 1.881333e+01  3.018344e-02 
 1.881365e+01  3.018345e-02 
 1.881397e+01  3.018346e-02 
 1.881429e+01  3.018347e-02 
 1.881462e+01  3.018348e-02 
 1.881494e+01  3.018349e-02 
 1.881526e+01  3.018350e-02 
 1.881558e+01  3.018352e-02 
 1.881590e+01  3.018353e-02 
 1.881622e+01  3.018354e-02 
 1.881654e+01  3.018355e-02 
 1.881687e+01  3.018356e-02 
 1.881719e+01  3.018358e-02 
 1.881751e+01  3.018359e-02 
 1.881783e+01  3.018360e-02 
 1.881815e+01  3.018361e-02 
 1.881847e+01  3.018363e-02 
 1.881880e+01  3.018364e-02 
 1.881912e+01  3.018365e-02 
 1.881944e+01  3.018366e-02 
 1.881976e+01  3.018368e-02 
 1.882008e+01  3.018369e-02 
 1.882040e+01  3.018370e-02 
 1.882072e+01  3.018371e-02 
 1.882105e+01  3.018373e-02 
 1.882137e+01  3.018374e-02 
 1.882169e+01  3.018375e-02 
 1.882201e+01  3.018377e-02 
 1.882233e+01  3.018378e-02 
 1.882265e+01  3.018379e-02 
 1.882298e+01  3.018381e-02 
 1.882330e+01  3.018382e-02 
 1.882362e+01  3.018383e-02 
 1.882394e+01  3.018385e-02 
 1.882426e+01  3.018386e-02 
 1.882458e+01  3.018387e-02 
 1.882490e+01  3.018389e-02 
 1.882523e+01  3.018390e-02 
 1.882555e+01  3.018391e-02 
 1.882587e+01  3.018393e-02 
 1.882619e+01  3.018394e-02 
 1.882651e+01  3.018396e-02 
 1.882683e+01  3.018397e-02 
 1.882716e+01  3.018398e-02 
 1.882748e+01  3.018400e-02 
 1.882780e+01  3.018401e-02 
 1.882812e+01  3.018403e-02 
 1.882844e+01  3.018404e-02 
 1.882876e+01  3.018406e-02 
 1.882909e+01  3.018407e-02 
 1.882941e+01  3.018408e-02 
 1.882973e+01  3.018410e-02 
 1.883005e+01  3.018411e-02 
 1.883037e+01  3.018413e-02 
 1.883069e+01  3.018414e-02 
 1.883101e+01  3.018416e-02 
 1.883134e+01  3.018417e-02 
 1.883166e+01  3.018419e-02 
 1.883198e+01  3.018420e-02 
 1.883230e+01  3.018422e-02 
 1.883262e+01  3.018423e-02 
 1.883294e+01  3.018425e-02 
 1.883327e+01  3.018426e-02 
 1.883359e+01  3.018428e-02 
 1.883391e+01  3.018429e-02 
 1.883423e+01  3.018431e-02 
 1.883455e+01  3.018432e-02 
 1.883487e+01  3.018434e-02 
 1.883519e+01  3.018435e-02 
 1.883552e+01  3.018437e-02 
 1.883584e+01  3.018439e-02 
 1.883616e+01  3.018440e-02 
 1.883648e+01  3.018442e-02 
 1.883680e+01  3.018443e-02 
 1.883712e+01  3.018445e-02 
 1.883745e+01  3.018446e-02 
 1.883777e+01  3.018448e-02 
 1.883809e+01  3.018450e-02 
 1.883841e+01  3.018451e-02 
 1.883873e+01  3.018453e-02 
 1.883905e+01  3.018454e-02 
 1.883938e+01  3.018456e-02 
 1.883970e+01  3.018457e-02 
 1.884002e+01  3.018459e-02 
 1.884034e+01  3.018461e-02 
 1.884066e+01  3.018462e-02 
 1.884098e+01  3.018464e-02 
 1.884130e+01  3.018465e-02 
 1.884163e+01  3.018467e-02 
 1.884195e+01  3.018469e-02 
 1.884227e+01  3.018470e-02 
 1.884259e+01  3.018472e-02 
 1.884291e+01  3.018473e-02 
 1.884323e+01  3.018475e-02 
 1.884356e+01  3.018477e-02 
 1.884388e+01  3.018478e-02 
 1.884420e+01  3.018480e-02 
 1.884452e+01  3.018481e-02 
 1.884484e+01  3.018483e-02 
 1.884516e+01  3.018485e-02 
 1.884548e+01  3.018486e-02 
 1.884581e+01  3.018488e-02 
 1.884613e+01  3.018490e-02 
 1.884645e+01  3.018491e-02 
 1.884677e+01  3.018493e-02 
 1.884709e+01  3.018494e-02 
 1.884741e+01  3.018496e-02 
 1.884774e+01  3.018498e-02 
 1.884806e+01  3.018499e-02 
 1.884838e+01  3.018501e-02 
 1.884870e+01  3.018502e-02 
 1.884902e+01  3.018504e-02 
 1.884934e+01  3.018506e-02 
 1.884966e+01  3.018507e-02 
 1.884999e+01  3.018509e-02 
 1.885031e+01  3.018511e-02 
 1.885063e+01  3.018512e-02 
 1.885095e+01  3.018514e-02 
 1.885127e+01  3.018515e-02 
 1.885159e+01  3.018517e-02 
 1.885192e+01  3.018519e-02 
 1.885224e+01  3.018520e-02 
 1.885256e+01  3.018522e-02 
 1.885288e+01  3.018523e-02 
 1.885320e+01  3.018525e-02 
 1.885352e+01  3.018527e-02 
 1.885385e+01  3.018528e-02 
 1.885417e+01  3.018530e-02 
 1.885449e+01  3.018531e-02 
 1.885481e+01  3.018533e-02 
 1.885513e+01  3.018535e-02 
 1.885545e+01  3.018536e-02 
 1.885577e+01  3.018538e-02 
 1.885610e+01  3.018539e-02 
 1.885642e+01  3.018541e-02 
 1.885674e+01  3.018543e-02 
 1.885706e+01  3.018544e-02 
 1.885738e+01  3.018546e-02 
 1.885770e+01  3.018547e-02 
 1.885803e+01  3.018549e-02 
 1.885835e+01  3.018551e-02 
 1.885867e+01  3.018552e-02 
 1.885899e+01  3.018554e-02 
 1.885931e+01  3.018555e-02 
 1.885963e+01  3.018557e-02 
 1.885995e+01  3.018558e-02 
 1.886028e+01  3.018560e-02 
 1.886060e+01  3.018562e-02 
 1.886092e+01  3.018563e-02 
 1.886124e+01  3.018565e-02 
 1.886156e+01  3.018566e-02 
 1.886188e+01  3.018568e-02 
 1.886221e+01  3.018569e-02 
 1.886253e+01  3.018571e-02 
 1.886285e+01  3.018572e-02 
 1.886317e+01  3.018574e-02 
 1.886349e+01  3.018576e-02 
 1.886381e+01  3.018577e-02 
 1.886413e+01  3.018579e-02 
 1.886446e+01  3.018580e-02 
 1.886478e+01  3.018582e-02 
 1.886510e+01  3.018583e-02 
 1.886542e+01  3.018585e-02 
 1.886574e+01  3.018586e-02 
 1.886606e+01  3.018588e-02 
 1.886639e+01  3.018589e-02 
 1.886671e+01  3.018591e-02 
 1.886703e+01  3.018592e-02 
 1.886735e+01  3.018594e-02 
 1.886767e+01  3.018595e-02 
 1.886799e+01  3.018597e-02 
 1.886832e+01  3.018598e-02 
 1.886864e+01  3.018600e-02 
 1.886896e+01  3.018601e-02 
 1.886928e+01  3.018602e-02 
 1.886960e+01  3.018604e-02 
 1.886992e+01  3.018605e-02 
 1.887024e+01  3.018607e-02 
 1.887057e+01  3.018608e-02 
 1.887089e+01  3.018610e-02 
 1.887121e+01  3.018611e-02 
 1.887153e+01  3.018612e-02 
 1.887185e+01  3.018614e-02 
 1.887217e+01  3.018615e-02 
 1.887250e+01  3.018616e-02 
 1.887282e+01  3.018618e-02 
 1.887314e+01  3.018619e-02 
 1.887346e+01  3.018621e-02 
 1.887378e+01  3.018622e-02 
 1.887410e+01  3.018623e-02 
 1.887442e+01  3.018625e-02 
 1.887475e+01  3.018626e-02 
 1.887507e+01  3.018627e-02 
 1.887539e+01  3.018628e-02 
 1.887571e+01  3.018630e-02 
 1.887603e+01  3.018631e-02 
 1.887635e+01  3.018632e-02 
 1.887668e+01  3.018634e-02 
 1.887700e+01  3.018635e-02 
 1.887732e+01  3.018636e-02 
 1.887764e+01  3.018637e-02 
 1.887796e+01  3.018639e-02 
 1.887828e+01  3.018640e-02 
 1.887860e+01  3.018641e-02 
 1.887893e+01  3.018642e-02 
 1.887925e+01  3.018643e-02 
 1.887957e+01  3.018645e-02 
 1.887989e+01  3.018646e-02 
 1.888021e+01  3.018647e-02 
 1.888053e+01  3.018648e-02 
 1.888086e+01  3.018649e-02 
 1.888118e+01  3.018650e-02 
 1.888150e+01  3.018651e-02 
 1.888182e+01  3.018653e-02 
 1.888214e+01  3.018654e-02 
 1.888246e+01  3.018655e-02 
 1.888279e+01  3.018656e-02 
 1.888311e+01  3.018657e-02 
 1.888343e+01  3.018658e-02 
 1.888375e+01  3.018659e-02 
 1.888407e+01  3.018660e-02 
 1.888439e+01  3.018661e-02 
 1.888471e+01  3.018662e-02 
 1.888504e+01  3.018663e-02 
 1.888536e+01  3.018664e-02 
 1.888568e+01  3.018665e-02 
 1.888600e+01  3.018666e-02 
 1.888632e+01  3.018667e-02 
 1.888664e+01  3.018668e-02 
 1.888697e+01  3.018669e-02 
 1.888729e+01  3.018670e-02 
 1.888761e+01  3.018671e-02 
 1.888793e+01  3.018672e-02 
 1.888825e+01  3.018673e-02 
 1.888857e+01  3.018674e-02 
 1.888889e+01  3.018675e-02 
 1.888922e+01  3.018675e-02 
 1.888954e+01  3.018676e-02 
 1.888986e+01  3.018677e-02 
 1.889018e+01  3.018678e-02 
 1.889050e+01  3.018679e-02 
 1.889082e+01  3.018680e-02 
 1.889115e+01  3.018681e-02 
 1.889147e+01  3.018681e-02 
 1.889179e+01  3.018682e-02 
 1.889211e+01  3.018683e-02 
 1.889243e+01  3.018684e-02 
 1.889275e+01  3.018685e-02 
 1.889307e+01  3.018686e-02 
 1.889340e+01  3.018686e-02 
 1.889372e+01  3.018687e-02 
 1.889404e+01  3.018688e-02 
 1.889436e+01  3.018689e-02 
 1.889468e+01  3.018689e-02 
 1.889500e+01  3.018690e-02 
 1.889533e+01  3.018691e-02 
 1.889565e+01  3.018692e-02 
 1.889597e+01  3.018692e-02 
 1.889629e+01  3.018693e-02 
 1.889661e+01  3.018694e-02 
 1.889693e+01  3.018694e-02 
 1.889726e+01  3.018695e-02 
 1.889758e+01  3.018696e-02 
 1.889790e+01  3.018696e-02 
 1.889822e+01  3.018697e-02 
 1.889854e+01  3.018698e-02 
 1.889886e+01  3.018698e-02 
 1.889918e+01  3.018699e-02 
 1.889951e+01  3.018700e-02 
 1.889983e+01  3.018700e-02 
 1.890015e+01  3.018701e-02 
 1.890047e+01  3.018701e-02 
 1.890079e+01  3.018702e-02 
 1.890111e+01  3.018703e-02 
 1.890144e+01  3.018703e-02 
 1.890176e+01  3.018704e-02 
 1.890208e+01  3.018705e-02 
 1.890240e+01  3.018705e-02 
 1.890272e+01  3.018706e-02 
 1.890304e+01  3.018706e-02 
 1.890336e+01  3.018707e-02 
 1.890369e+01  3.018707e-02 
 1.890401e+01  3.018708e-02 
 1.890433e+01  3.018709e-02 
 1.890465e+01  3.018709e-02 
 1.890497e+01  3.018710e-02 
 1.890529e+01  3.018710e-02 
 1.890562e+01  3.018711e-02 
 1.890594e+01  3.018711e-02 
 1.890626e+01  3.018712e-02 
 1.890658e+01  3.018712e-02 
 1.890690e+01  3.018713e-02 
 1.890722e+01  3.018713e-02 
 1.890754e+01  3.018714e-02 
 1.890787e+01  3.018714e-02 
 1.890819e+01  3.018715e-02 
 1.890851e+01  3.018716e-02 
 1.890883e+01  3.018716e-02 
 1.890915e+01  3.018717e-02 
 1.890947e+01  3.018717e-02 
 1.890980e+01  3.018718e-02 
 1.891012e+01  3.018718e-02 
 1.891044e+01  3.018719e-02 
 1.891076e+01  3.018719e-02 
 1.891108e+01  3.018720e-02 
 1.891140e+01  3.018720e-02 
 1.891173e+01  3.018721e-02 
 1.891205e+01  3.018721e-02 
 1.891237e+01  3.018722e-02 
 1.891269e+01  3.018722e-02 
 1.891301e+01  3.018723e-02 
 1.891333e+01  3.018723e-02 
 1.891365e+01  3.018724e-02 
 1.891398e+01  3.018724e-02 
 1.891430e+01  3.018725e-02 
 1.891462e+01  3.018725e-02 
 1.891494e+01  3.018726e-02 
 1.891526e+01  3.018726e-02 
 1.891558e+01  3.018727e-02 
 1.891591e+01  3.018727e-02 
 1.891623e+01  3.018728e-02 
 1.891655e+01  3.018728e-02 
 1.891687e+01  3.018729e-02 
 1.891719e+01  3.018729e-02 
 1.891751e+01  3.018730e-02 
 1.891783e+01  3.018730e-02 
 1.891816e+01  3.018731e-02 
 1.891848e+01  3.018731e-02 
 1.891880e+01  3.018732e-02 
 1.891912e+01  3.018732e-02 
 1.891944e+01  3.018733e-02 
 1.891976e+01  3.018733e-02 
 1.892009e+01  3.018734e-02 
 1.892041e+01  3.018734e-02 
 1.892073e+01  3.018735e-02 
 1.892105e+01  3.018736e-02 
 1.892137e+01  3.018736e-02 
 1.892169e+01  3.018737e-02 
 1.892202e+01  3.018737e-02 
 1.892234e+01  3.018738e-02 
 1.892266e+01  3.018738e-02 
 1.892298e+01  3.018739e-02 
 1.892330e+01  3.018739e-02 
 1.892362e+01  3.018740e-02 
 1.892394e+01  3.018740e-02 
 1.892427e+01  3.018741e-02 
 1.892459e+01  3.018742e-02 
 1.892491e+01  3.018742e-02 
 1.892523e+01  3.018743e-02 
 1.892555e+01  3.018743e-02 
 1.892587e+01  3.018744e-02 
 1.892620e+01  3.018744e-02 
 1.892652e+01  3.018745e-02 
 1.892684e+01  3.018746e-02 
 1.892716e+01  3.018746e-02 
 1.892748e+01  3.018747e-02 
 1.892780e+01  3.018747e-02 
 1.892812e+01  3.018748e-02 
 1.892845e+01  3.018748e-02 
 1.892877e+01  3.018749e-02 
 1.892909e+01  3.018750e-02 
 1.892941e+01  3.018750e-02 
 1.892973e+01  3.018751e-02 
 1.893005e+01  3.018751e-02 
 1.893038e+01  3.018752e-02 
 1.893070e+01  3.018753e-02 
 1.893102e+01  3.018753e-02 
 1.893134e+01  3.018754e-02 
 1.893166e+01  3.018754e-02 
 1.893198e+01  3.018755e-02 
 1.893230e+01  3.018756e-02 
 1.893263e+01  3.018756e-02 
 1.893295e+01  3.018757e-02 
 1.893327e+01  3.018757e-02 
 1.893359e+01  3.018758e-02 
 1.893391e+01  3.018759e-02 
 1.893423e+01  3.018759e-02 
 1.893456e+01  3.018760e-02 
 1.893488e+01  3.018761e-02 
 1.893520e+01  3.018761e-02 
 1.893552e+01  3.018762e-02 
 1.893584e+01  3.018763e-02 
 1.893616e+01  3.018763e-02 
 1.893649e+01  3.018764e-02 
 1.893681e+01  3.018764e-02 
 1.893713e+01  3.018765e-02 
 1.893745e+01  3.018766e-02 
 1.893777e+01  3.018766e-02 
 1.893809e+01  3.018767e-02 
 1.893841e+01  3.018768e-02 
 1.893874e+01  3.018768e-02 
 1.893906e+01  3.018769e-02 
 1.893938e+01  3.018770e-02 
 1.893970e+01  3.018770e-02 
 1.894002e+01  3.018771e-02 
 1.894034e+01  3.018772e-02 
 1.894067e+01  3.018772e-02 
 1.894099e+01  3.018773e-02 
 1.894131e+01  3.018774e-02 
 1.894163e+01  3.018774e-02 
 1.894195e+01  3.018775e-02 
 1.894227e+01  3.018776e-02 
 1.894259e+01  3.018776e-02 
 1.894292e+01  3.018777e-02 
 1.894324e+01  3.018778e-02 
 1.894356e+01  3.018778e-02 
 1.894388e+01  3.018779e-02 
 1.894420e+01  3.018780e-02 
 1.894452e+01  3.018780e-02 
 1.894485e+01  3.018781e-02 
 1.894517e+01  3.018782e-02 
 1.894549e+01  3.018782e-02 
 1.894581e+01  3.018783e-02 
 1.894613e+01  3.018784e-02 
 1.894645e+01  3.018784e-02 
 1.894677e+01  3.018785e-02 
 1.894710e+01  3.018786e-02 
 1.894742e+01  3.018786e-02 
 1.894774e+01  3.018787e-02 
 1.894806e+01  3.018788e-02 
 1.894838e+01  3.018789e-02 
 1.894870e+01  3.018789e-02 
 1.894903e+01  3.018790e-02 
 1.894935e+01  3.018791e-02 
 1.894967e+01  3.018791e-02 
 1.894999e+01  3.018792e-02 
 1.895031e+01  3.018793e-02 
 1.895063e+01  3.018793e-02 
 1.895096e+01  3.018794e-02 
 1.895128e+01  3.018795e-02 
 1.895160e+01  3.018795e-02 
 1.895192e+01  3.018796e-02 
 1.895224e+01  3.018797e-02 
 1.895256e+01  3.018798e-02 
 1.895288e+01  3.018798e-02 
 1.895321e+01  3.018799e-02 
 1.895353e+01  3.018800e-02 
 1.895385e+01  3.018800e-02 
 1.895417e+01  3.018801e-02 
 1.895449e+01  3.018802e-02 
 1.895481e+01  3.018803e-02 
 1.895514e+01  3.018803e-02 
 1.895546e+01  3.018804e-02 
 1.895578e+01  3.018805e-02 
 1.895610e+01  3.018805e-02 
 1.895642e+01  3.018806e-02 
 1.895674e+01  3.018807e-02 
 1.895706e+01  3.018808e-02 
 1.895739e+01  3.018808e-02 
 1.895771e+01  3.018809e-02 
 1.895803e+01  3.018810e-02 
 1.895835e+01  3.018811e-02 
 1.895867e+01  3.018811e-02 
 1.895899e+01  3.018812e-02 
 1.895932e+01  3.018813e-02 
 1.895964e+01  3.018813e-02 
 1.895996e+01  3.018814e-02 
 1.896028e+01  3.018815e-02 
 1.896060e+01  3.018816e-02 
 1.896092e+01  3.018816e-02 
 1.896124e+01  3.018817e-02 
 1.896157e+01  3.018818e-02 
 1.896189e+01  3.018819e-02 
 1.896221e+01  3.018819e-02 
 1.896253e+01  3.018820e-02 
 1.896285e+01  3.018821e-02 
 1.896317e+01  3.018822e-02 
 1.896350e+01  3.018822e-02 
 1.896382e+01  3.018823e-02 
 1.896414e+01  3.018824e-02 
 1.896446e+01  3.018825e-02 
 1.896478e+01  3.018825e-02 
 1.896510e+01  3.018826e-02 
 1.896543e+01  3.018827e-02 
 1.896575e+01  3.018828e-02 
 1.896607e+01  3.018828e-02 
 1.896639e+01  3.018829e-02 
 1.896671e+01  3.018830e-02 
 1.896703e+01  3.018831e-02 
 1.896735e+01  3.018831e-02 
 1.896768e+01  3.018832e-02 
 1.896800e+01  3.018833e-02 
 1.896832e+01  3.018833e-02 
 1.896864e+01  3.018834e-02 
 1.896896e+01  3.018835e-02 
 1.896928e+01  3.018836e-02 
 1.896961e+01  3.018836e-02 
 1.896993e+01  3.018837e-02 
 1.897025e+01  3.018838e-02 
 1.897057e+01  3.018839e-02 
 1.897089e+01  3.018839e-02 
 1.897121e+01  3.018840e-02 
 1.897153e+01  3.018841e-02 
 1.897186e+01  3.018842e-02 
 1.897218e+01  3.018842e-02 
 1.897250e+01  3.018843e-02 
 1.897282e+01  3.018844e-02 
 1.897314e+01  3.018844e-02 
 1.897346e+01  3.018845e-02 
 1.897379e+01  3.018846e-02 
 1.897411e+01  3.018847e-02 
 1.897443e+01  3.018847e-02 
 1.897475e+01  3.018848e-02 
 1.897507e+01  3.018849e-02 
 1.897539e+01  3.018849e-02 
 1.897571e+01  3.018850e-02 
 1.897604e+01  3.018851e-02 
 1.897636e+01  3.018851e-02 
 1.897668e+01  3.018852e-02 
 1.897700e+01  3.018853e-02 
 1.897732e+01  3.018853e-02 
 1.897764e+01  3.018854e-02 
 1.897797e+01  3.018855e-02 
 1.897829e+01  3.018855e-02 
 1.897861e+01  3.018856e-02 
 1.897893e+01  3.018857e-02 
 1.897925e+01  3.018857e-02 
 1.897957e+01  3.018858e-02 
 1.897990e+01  3.018859e-02 
 1.898022e+01  3.018859e-02 
 1.898054e+01  3.018860e-02 
 1.898086e+01  3.018860e-02 
 1.898118e+01  3.018861e-02 
 1.898150e+01  3.018862e-02 
 1.898182e+01  3.018862e-02 
 1.898215e+01  3.018863e-02 
 1.898247e+01  3.018864e-02 
 1.898279e+01  3.018864e-02 
 1.898311e+01  3.018865e-02 
 1.898343e+01  3.018865e-02 
 1.898375e+01  3.018866e-02 
 1.898408e+01  3.018866e-02 
 1.898440e+01  3.018867e-02 
 1.898472e+01  3.018868e-02 
 1.898504e+01  3.018868e-02 
 1.898536e+01  3.018869e-02 
 1.898568e+01  3.018869e-02 
 1.898600e+01  3.018870e-02 
 1.898633e+01  3.018870e-02 
 1.898665e+01  3.018871e-02 
 1.898697e+01  3.018871e-02 
 1.898729e+01  3.018872e-02 
 1.898761e+01  3.018872e-02 
 1.898793e+01  3.018873e-02 
 1.898826e+01  3.018873e-02 
 1.898858e+01  3.018874e-02 
 1.898890e+01  3.018874e-02 
 1.898922e+01  3.018875e-02 
 1.898954e+01  3.018875e-02 
 1.898986e+01  3.018876e-02 
 1.899019e+01  3.018876e-02 
 1.899051e+01  3.018877e-02 
 1.899083e+01  3.018877e-02 
 1.899115e+01  3.018878e-02 
 1.899147e+01  3.018878e-02 
 1.899179e+01  3.018879e-02 
 1.899211e+01  3.018879e-02 
 1.899244e+01  3.018880e-02 
 1.899276e+01  3.018880e-02 
 1.899308e+01  3.018881e-02 
 1.899340e+01  3.018881e-02 
 1.899372e+01  3.018881e-02 
 1.899404e+01  3.018882e-02 
 1.899437e+01  3.018882e-02 
 1.899469e+01  3.018883e-02 
 1.899501e+01  3.018883e-02 
 1.899533e+01  3.018884e-02 
 1.899565e+01  3.018884e-02 
 1.899597e+01  3.018884e-02 
 1.899629e+01  3.018885e-02 
 1.899662e+01  3.018885e-02 
 1.899694e+01  3.018886e-02 
 1.899726e+01  3.018886e-02 
 1.899758e+01  3.018886e-02 
 1.899790e+01  3.018887e-02 
 1.899822e+01  3.018887e-02 
 1.899855e+01  3.018888e-02 
 1.899887e+01  3.018888e-02 
 1.899919e+01  3.018888e-02 
 1.899951e+01  3.018889e-02 
 1.899983e+01  3.018889e-02 
 1.900015e+01  3.018889e-02 
 1.900047e+01  3.018890e-02 
 1.900080e+01  3.018890e-02 
 1.900112e+01  3.018891e-02 
 1.900144e+01  3.018891e-02 
 1.900176e+01  3.018891e-02 
 1.900208e+01  3.018892e-02 
 1.900240e+01  3.018892e-02 
 1.900273e+01  3.018892e-02 
 1.900305e+01  3.018893e-02 
 1.900337e+01  3.018893e-02 
 1.900369e+01  3.018893e-02 
 1.900401e+01  3.018894e-02 
 1.900433e+01  3.018894e-02 
 1.900466e+01  3.018894e-02 
 1.900498e+01  3.018895e-02 
 1.900530e+01  3.018895e-02 
 1.900562e+01  3.018895e-02 
 1.900594e+01  3.018896e-02 
 1.900626e+01  3.018896e-02 
 1.900658e+01  3.018896e-02 
 1.900691e+01  3.018897e-02 
 1.900723e+01  3.018897e-02 
 1.900755e+01  3.018897e-02 
 1.900787e+01  3.018898e-02 
 1.900819e+01  3.018898e-02 
 1.900851e+01  3.018898e-02 
 1.900884e+01  3.018898e-02 
 1.900916e+01  3.018899e-02 
 1.900948e+01  3.018899e-02 
 1.900980e+01  3.018899e-02 
 1.901012e+01  3.018900e-02 
 1.901044e+01  3.018900e-02 
 1.901076e+01  3.018900e-02 
 1.901109e+01  3.018901e-02 
 1.901141e+01  3.018901e-02 
 1.901173e+01  3.018901e-02 
 1.901205e+01  3.018902e-02 
 1.901237e+01  3.018902e-02 
 1.901269e+01  3.018902e-02 
 1.901302e+01  3.018903e-02 
 1.901334e+01  3.018903e-02 
 1.901366e+01  3.018903e-02 
 1.901398e+01  3.018903e-02 
 1.901430e+01  3.018904e-02 
 1.901462e+01  3.018904e-02 
 1.901494e+01  3.018904e-02 
 1.901527e+01  3.018905e-02 
 1.901559e+01  3.018905e-02 
 1.901591e+01  3.018905e-02 
 1.901623e+01  3.018906e-02 
 1.901655e+01  3.018906e-02 
 1.901687e+01  3.018906e-02 
 1.901720e+01  3.018907e-02 
 1.901752e+01  3.018907e-02 
 1.901784e+01  3.018907e-02 
 1.901816e+01  3.018908e-02 
 1.901848e+01  3.018908e-02 
 1.901880e+01  3.018908e-02 
 1.901913e+01  3.018909e-02 
 1.901945e+01  3.018909e-02 
 1.901977e+01  3.018909e-02 
 1.902009e+01  3.018910e-02 
 1.902041e+01  3.018910e-02 
 1.902073e+01  3.018910e-02 
 1.902105e+01  3.018911e-02 
 1.902138e+01  3.018911e-02 
 1.902170e+01  3.018911e-02 
 1.902202e+01  3.018912e-02 
 1.902234e+01  3.018912e-02 
 1.902266e+01  3.018912e-02 
 1.902298e+01  3.018913e-02 
 1.902331e+01  3.018913e-02 
 1.902363e+01  3.018913e-02 
 1.902395e+01  3.018914e-02 
 1.902427e+01  3.018914e-02 
 1.902459e+01  3.018914e-02 
 1.902491e+01  3.018915e-02 
 1.902523e+01  3.018915e-02 
 1.902556e+01  3.018916e-02 
 1.902588e+01  3.018916e-02 
 1.902620e+01  3.018916e-02 
 1.902652e+01  3.018917e-02 
 1.902684e+01  3.018917e-02 
 1.902716e+01  3.018917e-02 
 1.902749e+01  3.018918e-02 
 1.902781e+01  3.018918e-02 
 1.902813e+01  3.018918e-02 
 1.902845e+01  3.018919e-02 
 1.902877e+01  3.018919e-02 
 1.902909e+01  3.018919e-02 
 1.902941e+01  3.018920e-02 
 1.902974e+01  3.018920e-02 
 1.903006e+01  3.018921e-02 
 1.903038e+01  3.018921e-02 
 1.903070e+01  3.018921e-02 
 1.903102e+01  3.018922e-02 
 1.903134e+01  3.018922e-02 
 1.903167e+01  3.018922e-02 
 1.903199e+01  3.018923e-02 
 1.903231e+01  3.018923e-02 
 1.903263e+01  3.018923e-02 
 1.903295e+01  3.018924e-02 
 1.903327e+01  3.018924e-02 
 1.903360e+01  3.018924e-02 
 1.903392e+01  3.018925e-02 
 1.903424e+01  3.018925e-02 
 1.903456e+01  3.018925e-02 
 1.903488e+01  3.018926e-02 
 1.903520e+01  3.018926e-02 
 1.903552e+01  3.018926e-02 
 1.903585e+01  3.018927e-02 
 1.903617e+01  3.018927e-02 
 1.903649e+01  3.018928e-02 
 1.903681e+01  3.018928e-02 
 1.903713e+01  3.018928e-02 
 1.903745e+01  3.018929e-02 
 1.903778e+01  3.018929e-02 
 1.903810e+01  3.018929e-02 
 1.903842e+01  3.018930e-02 
 1.903874e+01  3.018930e-02 
 1.903906e+01  3.018930e-02 
 1.903938e+01  3.018931e-02 
 1.903970e+01  3.018931e-02 
 1.904003e+01  3.018931e-02 
 1.904035e+01  3.018932e-02 
 1.904067e+01  3.018932e-02 
 1.904099e+01  3.018932e-02 
 1.904131e+01  3.018933e-02 
 1.904163e+01  3.018933e-02 
 1.904196e+01  3.018933e-02 
 1.904228e+01  3.018933e-02 
 1.904260e+01  3.018934e-02 
 1.904292e+01  3.018934e-02 
 1.904324e+01  3.018934e-02 
 1.904356e+01  3.018935e-02 
 1.904388e+01  3.018935e-02 
 1.904421e+01  3.018935e-02 
 1.904453e+01  3.018936e-02 
 1.904485e+01  3.018936e-02 
 1.904517e+01  3.018936e-02 
 1.904549e+01  3.018937e-02 
 1.904581e+01  3.018937e-02 
 1.904614e+01  3.018937e-02 
 1.904646e+01  3.018938e-02 
 1.904678e+01  3.018938e-02 
 1.904710e+01  3.018938e-02 
 1.904742e+01  3.018939e-02 
 1.904774e+01  3.018939e-02 
 1.904807e+01  3.018939e-02 
 1.904839e+01  3.018939e-02 
 1.904871e+01  3.018940e-02 
 1.904903e+01  3.018940e-02 
 1.904935e+01  3.018940e-02 
 1.904967e+01  3.018941e-02 
 1.904999e+01  3.018941e-02 
 1.905032e+01  3.018941e-02 
 1.905064e+01  3.018942e-02 
 1.905096e+01  3.018942e-02 
 1.905128e+01  3.018942e-02 
 1.905160e+01  3.018943e-02 
 1.905192e+01  3.018943e-02 
 1.905225e+01  3.018943e-02 
 1.905257e+01  3.018943e-02 
 1.905289e+01  3.018944e-02 
 1.905321e+01  3.018944e-02 
 1.905353e+01  3.018944e-02 
 1.905385e+01  3.018945e-02 
 1.905417e+01  3.018945e-02 
 1.905450e+01  3.018945e-02 
 1.905482e+01  3.018946e-02 
 1.905514e+01  3.018946e-02 
 1.905546e+01  3.018946e-02 
 1.905578e+01  3.018947e-02 
 1.905610e+01  3.018947e-02 
 1.905643e+01  3.018947e-02 
 1.905675e+01  3.018947e-02 
 1.905707e+01  3.018948e-02 
 1.905739e+01  3.018948e-02 
 1.905771e+01  3.018948e-02 
 1.905803e+01  3.018949e-02 
 1.905835e+01  3.018949e-02 
 1.905868e+01  3.018949e-02 
 1.905900e+01  3.018950e-02 
 1.905932e+01  3.018950e-02 
 1.905964e+01  3.018950e-02 
 1.905996e+01  3.018951e-02 
 1.906028e+01  3.018951e-02 
 1.906061e+01  3.018951e-02 
 1.906093e+01  3.018952e-02 
 1.906125e+01  3.018952e-02 
 1.906157e+01  3.018952e-02 
 1.906189e+01  3.018953e-02 
 1.906221e+01  3.018953e-02 
 1.906254e+01  3.018953e-02 
 1.906286e+01  3.018953e-02 
 1.906318e+01  3.018954e-02 
 1.906350e+01  3.018954e-02 
 1.906382e+01  3.018954e-02 
 1.906414e+01  3.018955e-02 
 1.906446e+01  3.018955e-02 
 1.906479e+01  3.018955e-02 
 1.906511e+01  3.018956e-02 
 1.906543e+01  3.018956e-02 
 1.906575e+01  3.018957e-02 
 1.906607e+01  3.018957e-02 
 1.906639e+01  3.018957e-02 
 1.906672e+01  3.018958e-02 
 1.906704e+01  3.018958e-02 
 1.906736e+01  3.018958e-02 
 1.906768e+01  3.018959e-02 
 1.906800e+01  3.018959e-02 
 1.906832e+01  3.018959e-02 
 1.906864e+01  3.018960e-02 
 1.906897e+01  3.018960e-02 
 1.906929e+01  3.018960e-02 
 1.906961e+01  3.018961e-02 
 1.906993e+01  3.018961e-02 
 1.907025e+01  3.018962e-02 
 1.907057e+01  3.018962e-02 
 1.907090e+01  3.018962e-02 
 1.907122e+01  3.018963e-02 
 1.907154e+01  3.018963e-02 
 1.907186e+01  3.018963e-02 
 1.907218e+01  3.018964e-02 
 1.907250e+01  3.018964e-02 
 1.907283e+01  3.018965e-02 
 1.907315e+01  3.018965e-02 
 1.907347e+01  3.018965e-02 
 1.907379e+01  3.018966e-02 
 1.907411e+01  3.018966e-02 
 1.907443e+01  3.018967e-02 
 1.907475e+01  3.018967e-02 
 1.907508e+01  3.018968e-02 
 1.907540e+01  3.018968e-02 
 1.907572e+01  3.018968e-02 
 1.907604e+01  3.018969e-02 
 1.907636e+01  3.018969e-02 
 1.907668e+01  3.018970e-02 
 1.907701e+01  3.018970e-02 
 1.907733e+01  3.018971e-02 
 1.907765e+01  3.018971e-02 
 1.907797e+01  3.018971e-02 
 1.907829e+01  3.018972e-02 
 1.907861e+01  3.018972e-02 
 1.907893e+01  3.018973e-02 
 1.907926e+01  3.018973e-02 
 1.907958e+01  3.018974e-02 
 1.907990e+01  3.018974e-02 
 1.908022e+01  3.018975e-02 
 1.908054e+01  3.018975e-02 
 1.908086e+01  3.018975e-02 
 1.908119e+01  3.018976e-02 
 1.908151e+01  3.018976e-02 
 1.908183e+01  3.018977e-02 
 1.908215e+01  3.018977e-02 
 1.908247e+01  3.018978e-02 
 1.908279e+01  3.018978e-02 
 1.908311e+01  3.018979e-02 
 1.908344e+01  3.018979e-02 
 1.908376e+01  3.018980e-02 
 1.908408e+01  3.018980e-02 
 1.908440e+01  3.018981e-02 
 1.908472e+01  3.018981e-02 
 1.908504e+01  3.018982e-02 
 1.908537e+01  3.018982e-02 
 1.908569e+01  3.018983e-02 
 1.908601e+01  3.018983e-02 
 1.908633e+01  3.018984e-02 
 1.908665e+01  3.018984e-02 
 1.908697e+01  3.018985e-02 
 1.908730e+01  3.018985e-02 
 1.908762e+01  3.018986e-02 
 1.908794e+01  3.018986e-02 
 1.908826e+01  3.018987e-02 
 1.908858e+01  3.018987e-02 
 1.908890e+01  3.018988e-02 
 1.908922e+01  3.018989e-02 
 1.908955e+01  3.018989e-02 
 1.908987e+01  3.018990e-02 
 1.909019e+01  3.018990e-02 
 1.909051e+01  3.018991e-02 
 1.909083e+01  3.018991e-02 
 1.909115e+01  3.018992e-02 
 1.909148e+01  3.018992e-02 
 1.909180e+01  3.018993e-02 
 1.909212e+01  3.018994e-02 
 1.909244e+01  3.018994e-02 
 1.909276e+01  3.018995e-02 
 1.909308e+01  3.018995e-02 
 1.909340e+01  3.018996e-02 
 1.909373e+01  3.018996e-02 
 1.909405e+01  3.018997e-02 
 1.909437e+01  3.018998e-02 
 1.909469e+01  3.018998e-02 
 1.909501e+01  3.018999e-02 
 1.909533e+01  3.018999e-02 
 1.909566e+01  3.019000e-02 
 1.909598e+01  3.019001e-02 
 1.909630e+01  3.019001e-02 
 1.909662e+01  3.019002e-02 
 1.909694e+01  3.019002e-02 
 1.909726e+01  3.019003e-02 
 1.909758e+01  3.019004e-02 
 1.909791e+01  3.019004e-02 
 1.909823e+01  3.019005e-02 
 1.909855e+01  3.019006e-02 
 1.909887e+01  3.019006e-02 
 1.909919e+01  3.019007e-02 
 1.909951e+01  3.019007e-02 
 1.909984e+01  3.019008e-02 
 1.910016e+01  3.019009e-02 
 1.910048e+01  3.019009e-02 
 1.910080e+01  3.019010e-02 
 1.910112e+01  3.019011e-02 
 1.910144e+01  3.019011e-02 
 1.910177e+01  3.019012e-02 
 1.910209e+01  3.019013e-02 
 1.910241e+01  3.019013e-02 
 1.910273e+01  3.019014e-02 
 1.910305e+01  3.019015e-02 
 1.910337e+01  3.019015e-02 
 1.910369e+01  3.019016e-02 
 1.910402e+01  3.019016e-02 
 1.910434e+01  3.019017e-02 
 1.910466e+01  3.019018e-02 
 1.910498e+01  3.019018e-02 
 1.910530e+01  3.019019e-02 
 1.910562e+01  3.019020e-02 
 1.910595e+01  3.019020e-02 
 1.910627e+01  3.019021e-02 
 1.910659e+01  3.019022e-02 
 1.910691e+01  3.019022e-02 
 1.910723e+01  3.019023e-02 
 1.910755e+01  3.019024e-02 
 1.910787e+01  3.019024e-02 
 1.910820e+01  3.019025e-02 
 1.910852e+01  3.019026e-02 
 1.910884e+01  3.019026e-02 
 1.910916e+01  3.019027e-02 
 1.910948e+01  3.019028e-02 
 1.910980e+01  3.019028e-02 
 1.911013e+01  3.019029e-02 
 1.911045e+01  3.019030e-02 
 1.911077e+01  3.019030e-02 
 1.911109e+01  3.019031e-02 
 1.911141e+01  3.019032e-02 
 1.911173e+01  3.019032e-02 
 1.911205e+01  3.019033e-02 
 1.911238e+01  3.019034e-02 
 1.911270e+01  3.019034e-02 
 1.911302e+01  3.019035e-02 
 1.911334e+01  3.019035e-02 
 1.911366e+01  3.019036e-02 
 1.911398e+01  3.019037e-02 
 1.911431e+01  3.019037e-02 
 1.911463e+01  3.019038e-02 
 1.911495e+01  3.019039e-02 
 1.911527e+01  3.019039e-02 
 1.911559e+01  3.019040e-02 
 1.911591e+01  3.019041e-02 
 1.911624e+01  3.019041e-02 
 1.911656e+01  3.019042e-02 
 1.911688e+01  3.019042e-02 
 1.911720e+01  3.019043e-02 
 1.911752e+01  3.019044e-02 
 1.911784e+01  3.019044e-02 
 1.911816e+01  3.019045e-02 
 1.911849e+01  3.019045e-02 
 1.911881e+01  3.019046e-02 
 1.911913e+01  3.019047e-02 
 1.911945e+01  3.019047e-02 
 1.911977e+01  3.019048e-02 
 1.912009e+01  3.019048e-02 
 1.912042e+01  3.019049e-02 
 1.912074e+01  3.019050e-02 
 1.912106e+01  3.019050e-02 
 1.912138e+01  3.019051e-02 
 1.912170e+01  3.019051e-02 
 1.912202e+01  3.019052e-02 
 1.912234e+01  3.019052e-02 
 1.912267e+01  3.019053e-02 
 1.912299e+01  3.019054e-02 
 1.912331e+01  3.019054e-02 
 1.912363e+01  3.019055e-02 
 1.912395e+01  3.019055e-02 
 1.912427e+01  3.019056e-02 
 1.912460e+01  3.019056e-02 
 1.912492e+01  3.019057e-02 
 1.912524e+01  3.019057e-02 
 1.912556e+01  3.019058e-02 
 1.912588e+01  3.019058e-02 
 1.912620e+01  3.019059e-02 
 1.912652e+01  3.019059e-02 
 1.912685e+01  3.019060e-02 
 1.912717e+01  3.019060e-02 
 1.912749e+01  3.019061e-02 
 1.912781e+01  3.019061e-02 
 1.912813e+01  3.019062e-02 
 1.912845e+01  3.019062e-02 
 1.912878e+01  3.019062e-02 
 1.912910e+01  3.019063e-02 
 1.912942e+01  3.019063e-02 
 1.912974e+01  3.019064e-02 
 1.913006e+01  3.019064e-02 
 1.913038e+01  3.019065e-02 
 1.913071e+01  3.019065e-02 
 1.913103e+01  3.019065e-02 
 1.913135e+01  3.019066e-02 
 1.913167e+01  3.019066e-02 
 1.913199e+01  3.019066e-02 
 1.913231e+01  3.019067e-02 
 1.913263e+01  3.019067e-02 
 1.913296e+01  3.019068e-02 
 1.913328e+01  3.019068e-02 
 1.913360e+01  3.019068e-02 
 1.913392e+01  3.019069e-02 
 1.913424e+01  3.019069e-02 
 1.913456e+01  3.019069e-02 
 1.913489e+01  3.019069e-02 
 1.913521e+01  3.019070e-02 
 1.913553e+01  3.019070e-02 
 1.913585e+01  3.019070e-02 
 1.913617e+01  3.019071e-02 
 1.913649e+01  3.019071e-02 
 1.913681e+01  3.019071e-02 
 1.913714e+01  3.019071e-02 
 1.913746e+01  3.019072e-02 
 1.913778e+01  3.019072e-02 
 1.913810e+01  3.019072e-02 
 1.913842e+01  3.019072e-02 
 1.913874e+01  3.019072e-02 
 1.913907e+01  3.019073e-02 
 1.913939e+01  3.019073e-02 
 1.913971e+01  3.019073e-02 
 1.914003e+01  3.019073e-02 
 1.914035e+01  3.019073e-02 
 1.914067e+01  3.019073e-02 
 1.914099e+01  3.019074e-02 
 1.914132e+01  3.019074e-02 
 1.914164e+01  3.019074e-02 
 1.914196e+01  3.019074e-02 
 1.914228e+01  3.019074e-02 
 1.914260e+01  3.019074e-02 
 1.914292e+01  3.019074e-02 
 1.914325e+01  3.019074e-02 
 1.914357e+01  3.019074e-02 
 1.914389e+01  3.019074e-02 
 1.914421e+01  3.019074e-02 
 1.914453e+01  3.019074e-02 
 1.914485e+01  3.019074e-02 
 1.914518e+01  3.019074e-02 
 1.914550e+01  3.019074e-02 
 1.914582e+01  3.019074e-02 
 1.914614e+01  3.019074e-02 
 1.914646e+01  3.019074e-02 
 1.914678e+01  3.019074e-02 
 1.914710e+01  3.019074e-02 
 1.914743e+01  3.019074e-02 
 1.914775e+01  3.019074e-02 
 1.914807e+01  3.019074e-02 
 1.914839e+01  3.019074e-02 
 1.914871e+01  3.019074e-02 
 1.914903e+01  3.019074e-02 
 1.914936e+01  3.019074e-02 
 1.914968e+01  3.019074e-02 
 1.915000e+01  3.019074e-02 
 1.915032e+01  3.019073e-02 
 1.915064e+01  3.019073e-02 
 1.915096e+01  3.019073e-02 
 1.915128e+01  3.019073e-02 
 1.915161e+01  3.019073e-02 
 1.915193e+01  3.019073e-02 
 1.915225e+01  3.019072e-02 
 1.915257e+01  3.019072e-02 
 1.915289e+01  3.019072e-02 
 1.915321e+01  3.019072e-02 
 1.915354e+01  3.019072e-02 
 1.915386e+01  3.019071e-02 
 1.915418e+01  3.019071e-02 
 1.915450e+01  3.019071e-02 
 1.915482e+01  3.019071e-02 
 1.915514e+01  3.019070e-02 
 1.915547e+01  3.019070e-02 
 1.915579e+01  3.019070e-02 
 1.915611e+01  3.019070e-02 
 1.915643e+01  3.019069e-02 
 1.915675e+01  3.019069e-02 
 1.915707e+01  3.019069e-02 
 1.915739e+01  3.019068e-02 
 1.915772e+01  3.019068e-02 
 1.915804e+01  3.019068e-02 
 1.915836e+01  3.019067e-02 
 1.915868e+01  3.019067e-02 
 1.915900e+01  3.019067e-02 
 1.915932e+01  3.019066e-02 
 1.915965e+01  3.019066e-02 
 1.915997e+01  3.019066e-02 
 1.916029e+01  3.019065e-02 
 1.916061e+01  3.019065e-02 
 1.916093e+01  3.019064e-02 
 1.916125e+01  3.019064e-02 
 1.916157e+01  3.019064e-02 
 1.916190e+01  3.019063e-02 
 1.916222e+01  3.019063e-02 
 1.916254e+01  3.019062e-02 
 1.916286e+01  3.019062e-02 
 1.916318e+01  3.019062e-02 
 1.916350e+01  3.019061e-02 
 1.916383e+01  3.019061e-02 
 1.916415e+01  3.019060e-02 
 1.916447e+01  3.019060e-02 
 1.916479e+01  3.019059e-02 
 1.916511e+01  3.019059e-02 
 1.916543e+01  3.019059e-02 
 1.916575e+01  3.019058e-02 
 1.916608e+01  3.019058e-02 
 1.916640e+01  3.019057e-02 
 1.916672e+01  3.019057e-02 
 1.916704e+01  3.019056e-02 
 1.916736e+01  3.019056e-02 
 1.916768e+01  3.019055e-02 
 1.916801e+01  3.019055e-02 
 1.916833e+01  3.019054e-02 
 1.916865e+01  3.019054e-02 
 1.916897e+01  3.019053e-02 
 1.916929e+01  3.019053e-02 
 1.916961e+01  3.019052e-02 
 1.916994e+01  3.019052e-02 
 1.917026e+01  3.019051e-02 
 1.917058e+01  3.019051e-02 
 1.917090e+01  3.019050e-02 
 1.917122e+01  3.019050e-02 
 1.917154e+01  3.019049e-02 
 1.917186e+01  3.019049e-02 
 1.917219e+01  3.019048e-02 
 1.917251e+01  3.019048e-02 
 1.917283e+01  3.019047e-02 
 1.917315e+01  3.019047e-02 
 1.917347e+01  3.019046e-02 
 1.917379e+01  3.019046e-02 
 1.917412e+01  3.019045e-02 
 1.917444e+01  3.019045e-02 
 1.917476e+01  3.019044e-02 
 1.917508e+01  3.019044e-02 
 1.917540e+01  3.019043e-02 
 1.917572e+01  3.019043e-02 
 1.917604e+01  3.019042e-02 
 1.917637e+01  3.019041e-02 
 1.917669e+01  3.019041e-02 
 1.917701e+01  3.019040e-02 
 1.917733e+01  3.019040e-02 
 1.917765e+01  3.019039e-02 
 1.917797e+01  3.019039e-02 
 1.917830e+01  3.019038e-02 
 1.917862e+01  3.019038e-02 
 1.917894e+01  3.019037e-02 
 1.917926e+01  3.019037e-02 
 1.917958e+01  3.019036e-02 
 1.917990e+01  3.019036e-02 
 1.918022e+01  3.019035e-02 
 1.918055e+01  3.019035e-02 
 1.918087e+01  3.019034e-02 
 1.918119e+01  3.019034e-02 
 1.918151e+01  3.019033e-02 
 1.918183e+01  3.019032e-02 
 1.918215e+01  3.019032e-02 
 1.918248e+01  3.019031e-02 
 1.918280e+01  3.019031e-02 
 1.918312e+01  3.019030e-02 
 1.918344e+01  3.019030e-02 
 1.918376e+01  3.019029e-02 
 1.918408e+01  3.019029e-02 
 1.918441e+01  3.019028e-02 
 1.918473e+01  3.019028e-02 
 1.918505e+01  3.019027e-02 
 1.918537e+01  3.019027e-02 
 1.918569e+01  3.019026e-02 
 1.918601e+01  3.019025e-02 
 1.918633e+01  3.019025e-02 
 1.918666e+01  3.019024e-02 
 1.918698e+01  3.019024e-02 
 1.918730e+01  3.019023e-02 
 1.918762e+01  3.019023e-02 
 1.918794e+01  3.019022e-02 
 1.918826e+01  3.019022e-02 
 1.918859e+01  3.019021e-02 
 1.918891e+01  3.019021e-02 
 1.918923e+01  3.019020e-02 
 1.918955e+01  3.019019e-02 
 1.918987e+01  3.019019e-02 
 1.919019e+01  3.019018e-02 
 1.919051e+01  3.019018e-02 
 1.919084e+01  3.019017e-02 
 1.919116e+01  3.019017e-02 
 1.919148e+01  3.019016e-02 
 1.919180e+01  3.019016e-02 
 1.919212e+01  3.019015e-02 
 1.919244e+01  3.019014e-02 
 1.919277e+01  3.019014e-02 
 1.919309e+01  3.019013e-02 
 1.919341e+01  3.019013e-02 
 1.919373e+01  3.019012e-02 
 1.919405e+01  3.019012e-02 
 1.919437e+01  3.019011e-02 
 1.919469e+01  3.019011e-02 
 1.919502e+01  3.019010e-02 
 1.919534e+01  3.019009e-02 
 1.919566e+01  3.019009e-02 
 1.919598e+01  3.019008e-02 
 1.919630e+01  3.019008e-02 
 1.919662e+01  3.019007e-02 
 1.919695e+01  3.019007e-02 
 1.919727e+01  3.019006e-02 
 1.919759e+01  3.019005e-02 
 1.919791e+01  3.019005e-02 
 1.919823e+01  3.019004e-02 
 1.919855e+01  3.019004e-02 
 1.919888e+01  3.019003e-02 
 1.919920e+01  3.019003e-02 
 1.919952e+01  3.019002e-02 
 1.919984e+01  3.019002e-02 
 1.920016e+01  3.019001e-02 
 1.920048e+01  3.019000e-02 
 1.920080e+01  3.019000e-02 
 1.920113e+01  3.018999e-02 
 1.920145e+01  3.018999e-02 
 1.920177e+01  3.018998e-02 
 1.920209e+01  3.018998e-02 
 1.920241e+01  3.018997e-02 
 1.920273e+01  3.018997e-02 
 1.920306e+01  3.018996e-02 
 1.920338e+01  3.018996e-02 
 1.920370e+01  3.018995e-02 
 1.920402e+01  3.018994e-02 
 1.920434e+01  3.018994e-02 
 1.920466e+01  3.018993e-02 
 1.920498e+01  3.018993e-02 
 1.920531e+01  3.018992e-02 
 1.920563e+01  3.018992e-02 
 1.920595e+01  3.018991e-02 
 1.920627e+01  3.018991e-02 
 1.920659e+01  3.018990e-02 
 1.920691e+01  3.018990e-02 
 1.920724e+01  3.018989e-02 
 1.920756e+01  3.018989e-02 
 1.920788e+01  3.018988e-02 
 1.920820e+01  3.018988e-02 
 1.920852e+01  3.018987e-02 
 1.920884e+01  3.018987e-02 
 1.920916e+01  3.018986e-02 
 1.920949e+01  3.018985e-02 
 1.920981e+01  3.018985e-02 
 1.921013e+01  3.018984e-02 
 1.921045e+01  3.018984e-02 
 1.921077e+01  3.018983e-02 
 1.921109e+01  3.018983e-02 
 1.921142e+01  3.018982e-02 
 1.921174e+01  3.018982e-02 
 1.921206e+01  3.018981e-02 
 1.921238e+01  3.018981e-02 
 1.921270e+01  3.018980e-02 
 1.921302e+01  3.018980e-02 
 1.921335e+01  3.018979e-02 
 1.921367e+01  3.018979e-02 
 1.921399e+01  3.018978e-02 
 1.921431e+01  3.018978e-02 
 1.921463e+01  3.018978e-02 
 1.921495e+01  3.018977e-02 
 1.921527e+01  3.018977e-02 
 1.921560e+01  3.018976e-02 
 1.921592e+01  3.018976e-02 
 1.921624e+01  3.018975e-02 
 1.921656e+01  3.018975e-02 
 1.921688e+01  3.018974e-02 
 1.921720e+01  3.018974e-02 
 1.921753e+01  3.018973e-02 
 1.921785e+01  3.018973e-02 
 1.921817e+01  3.018972e-02 
 1.921849e+01  3.018972e-02 
 1.921881e+01  3.018971e-02 
 1.921913e+01  3.018971e-02 
 1.921945e+01  3.018970e-02 
 1.921978e+01  3.018970e-02 
 1.922010e+01  3.018969e-02 
 1.922042e+01  3.018969e-02 
 1.922074e+01  3.018968e-02 
 1.922106e+01  3.018968e-02 
 1.922138e+01  3.018967e-02 
 1.922171e+01  3.018967e-02 
 1.922203e+01  3.018966e-02 
 1.922235e+01  3.018966e-02 
 1.922267e+01  3.018965e-02 
 1.922299e+01  3.018965e-02 
 1.922331e+01  3.018964e-02 
 1.922364e+01  3.018964e-02 
 1.922396e+01  3.018963e-02 
 1.922428e+01  3.018963e-02 
 1.922460e+01  3.018962e-02 
 1.922492e+01  3.018962e-02 
 1.922524e+01  3.018961e-02 
 1.922556e+01  3.018961e-02 
 1.922589e+01  3.018960e-02 
 1.922621e+01  3.018960e-02 
 1.922653e+01  3.018959e-02 
 1.922685e+01  3.018959e-02 
 1.922717e+01  3.018958e-02 
 1.922749e+01  3.018957e-02 
 1.922782e+01  3.018957e-02 
 1.922814e+01  3.018956e-02 
 1.922846e+01  3.018956e-02 
 1.922878e+01  3.018955e-02 
 1.922910e+01  3.018955e-02 
 1.922942e+01  3.018954e-02 
 1.922974e+01  3.018953e-02 
 1.923007e+01  3.018953e-02 
 1.923039e+01  3.018952e-02 
 1.923071e+01  3.018952e-02 
 1.923103e+01  3.018951e-02 
 1.923135e+01  3.018950e-02 
 1.923167e+01  3.018950e-02 
 1.923200e+01  3.018949e-02 
 1.923232e+01  3.018949e-02 
 1.923264e+01  3.018948e-02 
 1.923296e+01  3.018947e-02 
 1.923328e+01  3.018947e-02 
 1.923360e+01  3.018946e-02 
 1.923392e+01  3.018945e-02 
 1.923425e+01  3.018945e-02 
 1.923457e+01  3.018944e-02 
 1.923489e+01  3.018943e-02 
 1.923521e+01  3.018942e-02 
 1.923553e+01  3.018942e-02 
 1.923585e+01  3.018941e-02 
 1.923618e+01  3.018940e-02 
 1.923650e+01  3.018940e-02 
 1.923682e+01  3.018939e-02 
 1.923714e+01  3.018938e-02 
 1.923746e+01  3.018937e-02 
 1.923778e+01  3.018937e-02 
 1.923811e+01  3.018936e-02 
 1.923843e+01  3.018935e-02 
 1.923875e+01  3.018934e-02 
 1.923907e+01  3.018933e-02 
 1.923939e+01  3.018933e-02 
 1.923971e+01  3.018932e-02 
 1.924003e+01  3.018931e-02 
 1.924036e+01  3.018930e-02 
 1.924068e+01  3.018929e-02 
 1.924100e+01  3.018928e-02 
 1.924132e+01  3.018928e-02 
 1.924164e+01  3.018927e-02 
 1.924196e+01  3.018926e-02 
 1.924229e+01  3.018925e-02 
 1.924261e+01  3.018924e-02 
 1.924293e+01  3.018923e-02 
 1.924325e+01  3.018922e-02 
 1.924357e+01  3.018921e-02 
 1.924389e+01  3.018920e-02 
 1.924421e+01  3.018920e-02 
 1.924454e+01  3.018919e-02 
 1.924486e+01  3.018918e-02 
 1.924518e+01  3.018917e-02 
 1.924550e+01  3.018916e-02 
 1.924582e+01  3.018915e-02 
 1.924614e+01  3.018914e-02 
 1.924647e+01  3.018913e-02 
 1.924679e+01  3.018912e-02 
 1.924711e+01  3.018911e-02 
 1.924743e+01  3.018910e-02 
 1.924775e+01  3.018909e-02 
 1.924807e+01  3.018908e-02 
 1.924839e+01  3.018907e-02 
 1.924872e+01  3.018906e-02 
 1.924904e+01  3.018904e-02 
 1.924936e+01  3.018903e-02 
 1.924968e+01  3.018902e-02 
 1.925000e+01  3.018901e-02 
 1.925032e+01  3.018900e-02 
 1.925065e+01  3.018899e-02 
 1.925097e+01  3.018898e-02 
 1.925129e+01  3.018897e-02 
 1.925161e+01  3.018896e-02 
 1.925193e+01  3.018895e-02 
 1.925225e+01  3.018893e-02 
 1.925258e+01  3.018892e-02 
 1.925290e+01  3.018891e-02 
 1.925322e+01  3.018890e-02 
 1.925354e+01  3.018889e-02 
 1.925386e+01  3.018888e-02 
 1.925418e+01  3.018886e-02 
 1.925450e+01  3.018885e-02 
 1.925483e+01  3.018884e-02 
 1.925515e+01  3.018883e-02 
 1.925547e+01  3.018882e-02 
 1.925579e+01  3.018880e-02 
 1.925611e+01  3.018879e-02 
 1.925643e+01  3.018878e-02 
 1.925676e+01  3.018877e-02 
 1.925708e+01  3.018875e-02 
 1.925740e+01  3.018874e-02 
 1.925772e+01  3.018873e-02 
 1.925804e+01  3.018872e-02 
 1.925836e+01  3.018870e-02 
 1.925868e+01  3.018869e-02 
 1.925901e+01  3.018868e-02 
 1.925933e+01  3.018867e-02 
 1.925965e+01  3.018865e-02 
 1.925997e+01  3.018864e-02 
 1.926029e+01  3.018863e-02 
 1.926061e+01  3.018861e-02 
 1.926094e+01  3.018860e-02 
 1.926126e+01  3.018859e-02 
 1.926158e+01  3.018857e-02 
 1.926190e+01  3.018856e-02 
 1.926222e+01  3.018855e-02 
 1.926254e+01  3.018854e-02 
 1.926286e+01  3.018852e-02 
 1.926319e+01  3.018851e-02 
 1.926351e+01  3.018849e-02 
 1.926383e+01  3.018848e-02 
 1.926415e+01  3.018847e-02 
 1.926447e+01  3.018845e-02 
 1.926479e+01  3.018844e-02 
 1.926512e+01  3.018843e-02 
 1.926544e+01  3.018841e-02 
 1.926576e+01  3.018840e-02 
 1.926608e+01  3.018839e-02 
 1.926640e+01  3.018837e-02 
 1.926672e+01  3.018836e-02 
 1.926705e+01  3.018835e-02 
 1.926737e+01  3.018833e-02 
 1.926769e+01  3.018832e-02 
 1.926801e+01  3.018830e-02 
 1.926833e+01  3.018829e-02 
 1.926865e+01  3.018828e-02 
 1.926897e+01  3.018826e-02 
 1.926930e+01  3.018825e-02 
 1.926962e+01  3.018823e-02 
 1.926994e+01  3.018822e-02 
 1.927026e+01  3.018821e-02 
 1.927058e+01  3.018819e-02 
 1.927090e+01  3.018818e-02 
 1.927123e+01  3.018816e-02 
 1.927155e+01  3.018815e-02 
 1.927187e+01  3.018814e-02 
 1.927219e+01  3.018812e-02 
 1.927251e+01  3.018811e-02 
 1.927283e+01  3.018809e-02 
 1.927315e+01  3.018808e-02 
 1.927348e+01  3.018807e-02 
 1.927380e+01  3.018805e-02 
 1.927412e+01  3.018804e-02 
 1.927444e+01  3.018802e-02 
 1.927476e+01  3.018801e-02 
 1.927508e+01  3.018800e-02 
 1.927541e+01  3.018798e-02 
 1.927573e+01  3.018797e-02 
 1.927605e+01  3.018795e-02 
 1.927637e+01  3.018794e-02 
 1.927669e+01  3.018792e-02 
 1.927701e+01  3.018791e-02 
 1.927733e+01  3.018790e-02 
 1.927766e+01  3.018788e-02 
 1.927798e+01  3.018787e-02 
 1.927830e+01  3.018785e-02 
 1.927862e+01  3.018784e-02 
 1.927894e+01  3.018783e-02 
 1.927926e+01  3.018781e-02 
 1.927959e+01  3.018780e-02 
 1.927991e+01  3.018779e-02 
 1.928023e+01  3.018777e-02 
 1.928055e+01  3.018776e-02 
 1.928087e+01  3.018774e-02 
 1.928119e+01  3.018773e-02 
 1.928152e+01  3.018772e-02 
 1.928184e+01  3.018770e-02 
 1.928216e+01  3.018769e-02 
 1.928248e+01  3.018767e-02 
 1.928280e+01  3.018766e-02 
 1.928312e+01  3.018765e-02 
 1.928344e+01  3.018763e-02 
 1.928377e+01  3.018762e-02 
 1.928409e+01  3.018761e-02 
 1.928441e+01  3.018759e-02 
 1.928473e+01  3.018758e-02 
 1.928505e+01  3.018757e-02 
 1.928537e+01  3.018755e-02 
 1.928570e+01  3.018754e-02 
 1.928602e+01  3.018753e-02 
 1.928634e+01  3.018751e-02 
 1.928666e+01  3.018750e-02 
 1.928698e+01  3.018749e-02 
 1.928730e+01  3.018748e-02 
 1.928762e+01  3.018746e-02 
 1.928795e+01  3.018745e-02 
 1.928827e+01  3.018744e-02 
 1.928859e+01  3.018742e-02 
 1.928891e+01  3.018741e-02 
 1.928923e+01  3.018740e-02 
 1.928955e+01  3.018739e-02 
 1.928988e+01  3.018737e-02 
 1.929020e+01  3.018736e-02 
 1.929052e+01  3.018735e-02 
 1.929084e+01  3.018734e-02 
 1.929116e+01  3.018732e-02 
 1.929148e+01  3.018731e-02 
 1.929180e+01  3.018730e-02 
 1.929213e+01  3.018729e-02 
 1.929245e+01  3.018728e-02 
 1.929277e+01  3.018726e-02 
 1.929309e+01  3.018725e-02 
 1.929341e+01  3.018724e-02 
 1.929373e+01  3.018723e-02 
 1.929406e+01  3.018722e-02 
 1.929438e+01  3.018721e-02 
 1.929470e+01  3.018719e-02 
 1.929502e+01  3.018718e-02 
 1.929534e+01  3.018717e-02 
 1.929566e+01  3.018716e-02 
 1.929599e+01  3.018715e-02 
 1.929631e+01  3.018714e-02 
 1.929663e+01  3.018713e-02 
 1.929695e+01  3.018712e-02 
 1.929727e+01  3.018710e-02 
 1.929759e+01  3.018709e-02 
 1.929791e+01  3.018708e-02 
 1.929824e+01  3.018707e-02 
 1.929856e+01  3.018706e-02 
 1.929888e+01  3.018705e-02 
 1.929920e+01  3.018704e-02 
 1.929952e+01  3.018703e-02 
 1.929984e+01  3.018702e-02 
 1.930017e+01  3.018701e-02 
 1.930049e+01  3.018700e-02 
 1.930081e+01  3.018699e-02 
 1.930113e+01  3.018698e-02 
 1.930145e+01  3.018697e-02 
 1.930177e+01  3.018696e-02 
 1.930209e+01  3.018695e-02 
 1.930242e+01  3.018694e-02 
 1.930274e+01  3.018693e-02 
 1.930306e+01  3.018692e-02 
 1.930338e+01  3.018691e-02 
 1.930370e+01  3.018690e-02 
 1.930402e+01  3.018689e-02 
 1.930435e+01  3.018688e-02 
 1.930467e+01  3.018687e-02 
 1.930499e+01  3.018686e-02 
 1.930531e+01  3.018685e-02 
 1.930563e+01  3.018684e-02 
 1.930595e+01  3.018683e-02 
 1.930628e+01  3.018682e-02 
 1.930660e+01  3.018682e-02 
 1.930692e+01  3.018681e-02 
 1.930724e+01  3.018680e-02 
 1.930756e+01  3.018679e-02 
 1.930788e+01  3.018678e-02 
 1.930820e+01  3.018677e-02 
 1.930853e+01  3.018676e-02 
 1.930885e+01  3.018675e-02 
 1.930917e+01  3.018674e-02 
 1.930949e+01  3.018674e-02 
 1.930981e+01  3.018673e-02 
 1.931013e+01  3.018672e-02 
 1.931046e+01  3.018671e-02 
 1.931078e+01  3.018670e-02 
 1.931110e+01  3.018669e-02 
 1.931142e+01  3.018669e-02 
 1.931174e+01  3.018668e-02 
 1.931206e+01  3.018667e-02 
 1.931238e+01  3.018666e-02 
 1.931271e+01  3.018665e-02 
 1.931303e+01  3.018665e-02 
 1.931335e+01  3.018664e-02 
 1.931367e+01  3.018663e-02 
 1.931399e+01  3.018662e-02 
 1.931431e+01  3.018661e-02 
 1.931464e+01  3.018661e-02 
 1.931496e+01  3.018660e-02 
 1.931528e+01  3.018659e-02 
 1.931560e+01  3.018658e-02 
 1.931592e+01  3.018658e-02 
 1.931624e+01  3.018657e-02 
 1.931656e+01  3.018656e-02 
 1.931689e+01  3.018655e-02 
 1.931721e+01  3.018655e-02 
 1.931753e+01  3.018654e-02 
 1.931785e+01  3.018653e-02 
 1.931817e+01  3.018652e-02 
 1.931849e+01  3.018652e-02 
 1.931882e+01  3.018651e-02 
 1.931914e+01  3.018650e-02 
 1.931946e+01  3.018650e-02 
 1.931978e+01  3.018649e-02 
 1.932010e+01  3.018648e-02 
 1.932042e+01  3.018647e-02 
 1.932075e+01  3.018647e-02 
 1.932107e+01  3.018646e-02 
 1.932139e+01  3.018645e-02 
 1.932171e+01  3.018645e-02 
 1.932203e+01  3.018644e-02 
 1.932235e+01  3.018643e-02 
 1.932267e+01  3.018643e-02 
 1.932300e+01  3.018642e-02 
 1.932332e+01  3.018641e-02 
 1.932364e+01  3.018641e-02 
 1.932396e+01  3.018640e-02 
 1.932428e+01  3.018639e-02 
 1.932460e+01  3.018639e-02 
 1.932493e+01  3.018638e-02 
 1.932525e+01  3.018637e-02 
 1.932557e+01  3.018637e-02 
 1.932589e+01  3.018636e-02 
 1.932621e+01  3.018636e-02 
 1.932653e+01  3.018635e-02 
 1.932685e+01  3.018634e-02 
 1.932718e+01  3.018634e-02 
 1.932750e+01  3.018633e-02 
 1.932782e+01  3.018632e-02 
 1.932814e+01  3.018632e-02 
 1.932846e+01  3.018631e-02 
 1.932878e+01  3.018631e-02 
 1.932911e+01  3.018630e-02 
 1.932943e+01  3.018629e-02 
 1.932975e+01  3.018629e-02 
 1.933007e+01  3.018628e-02 
 1.933039e+01  3.018628e-02 
 1.933071e+01  3.018627e-02 
 1.933103e+01  3.018626e-02 
 1.933136e+01  3.018626e-02 
 1.933168e+01  3.018625e-02 
 1.933200e+01  3.018625e-02 
 1.933232e+01  3.018624e-02 
 1.933264e+01  3.018624e-02 
 1.933296e+01  3.018623e-02 
 1.933329e+01  3.018623e-02 
 1.933361e+01  3.018622e-02 
 1.933393e+01  3.018621e-02 
 1.933425e+01  3.018621e-02 
 1.933457e+01  3.018620e-02 
 1.933489e+01  3.018620e-02 
 1.933522e+01  3.018619e-02 
 1.933554e+01  3.018619e-02 
 1.933586e+01  3.018618e-02 
 1.933618e+01  3.018618e-02 
 1.933650e+01  3.018617e-02 
 1.933682e+01  3.018617e-02 
 1.933714e+01  3.018616e-02 
 1.933747e+01  3.018616e-02 
 1.933779e+01  3.018615e-02 
 1.933811e+01  3.018615e-02 
 1.933843e+01  3.018614e-02 
 1.933875e+01  3.018614e-02 
 1.933907e+01  3.018613e-02 
 1.933940e+01  3.018613e-02 
 1.933972e+01  3.018612e-02 
 1.934004e+01  3.018612e-02 
 1.934036e+01  3.018611e-02 
 1.934068e+01  3.018611e-02 
 1.934100e+01  3.018611e-02 
 1.934132e+01  3.018610e-02 
 1.934165e+01  3.018610e-02 
 1.934197e+01  3.018609e-02 
 1.934229e+01  3.018609e-02 
 1.934261e+01  3.018608e-02 
 1.934293e+01  3.018608e-02 
 1.934325e+01  3.018607e-02 
 1.934358e+01  3.018607e-02 
 1.934390e+01  3.018607e-02 
 1.934422e+01  3.018606e-02 
 1.934454e+01  3.018606e-02 
 1.934486e+01  3.018605e-02 
 1.934518e+01  3.018605e-02 
 1.934550e+01  3.018605e-02 
 1.934583e+01  3.018604e-02 
 1.934615e+01  3.018604e-02 
 1.934647e+01  3.018604e-02 
 1.934679e+01  3.018603e-02 
 1.934711e+01  3.018603e-02 
 1.934743e+01  3.018602e-02 
 1.934776e+01  3.018602e-02 
 1.934808e+01  3.018602e-02 
 1.934840e+01  3.018601e-02 
 1.934872e+01  3.018601e-02 
 1.934904e+01  3.018601e-02 
 1.934936e+01  3.018600e-02 
 1.934969e+01  3.018600e-02 
 1.935001e+01  3.018600e-02 
 1.935033e+01  3.018599e-02 
 1.935065e+01  3.018599e-02 
 1.935097e+01  3.018599e-02 
 1.935129e+01  3.018598e-02 
 1.935161e+01  3.018598e-02 
 1.935194e+01  3.018598e-02 
 1.935226e+01  3.018597e-02 
 1.935258e+01  3.018597e-02 
 1.935290e+01  3.018597e-02 
 1.935322e+01  3.018596e-02 
 1.935354e+01  3.018596e-02 
 1.935387e+01  3.018596e-02 
 1.935419e+01  3.018596e-02 
 1.935451e+01  3.018595e-02 
 1.935483e+01  3.018595e-02 
 1.935515e+01  3.018595e-02 
 1.935547e+01  3.018595e-02 
 1.935579e+01  3.018594e-02 
 1.935612e+01  3.018594e-02 
 1.935644e+01  3.018594e-02 
 1.935676e+01  3.018593e-02 
 1.935708e+01  3.018593e-02 
 1.935740e+01  3.018593e-02 
 1.935772e+01  3.018593e-02 
 1.935805e+01  3.018592e-02 
 1.935837e+01  3.018592e-02 
 1.935869e+01  3.018592e-02 
 1.935901e+01  3.018592e-02 
 1.935933e+01  3.018592e-02 
 1.935965e+01  3.018591e-02 
 1.935997e+01  3.018591e-02 
 1.936030e+01  3.018591e-02 
 1.936062e+01  3.018591e-02 
 1.936094e+01  3.018591e-02 
 1.936126e+01  3.018590e-02 
 1.936158e+01  3.018590e-02 
 1.936190e+01  3.018590e-02 
 1.936223e+01  3.018590e-02 
 1.936255e+01  3.018590e-02 
 1.936287e+01  3.018589e-02 
 1.936319e+01  3.018589e-02 
 1.936351e+01  3.018589e-02 
 1.936383e+01  3.018589e-02 
 1.936416e+01  3.018589e-02 
 1.936448e+01  3.018589e-02 
 1.936480e+01  3.018589e-02 
 1.936512e+01  3.018588e-02 
 1.936544e+01  3.018588e-02 
 1.936576e+01  3.018588e-02 
 1.936608e+01  3.018588e-02 
 1.936641e+01  3.018588e-02 
 1.936673e+01  3.018588e-02 
 1.936705e+01  3.018588e-02 
 1.936737e+01  3.018588e-02 
 1.936769e+01  3.018588e-02 
 1.936801e+01  3.018587e-02 
 1.936834e+01  3.018587e-02 
 1.936866e+01  3.018587e-02 
 1.936898e+01  3.018587e-02 
 1.936930e+01  3.018587e-02 
 1.936962e+01  3.018587e-02 
 1.936994e+01  3.018587e-02 
 1.937026e+01  3.018587e-02 
 1.937059e+01  3.018587e-02 
 1.937091e+01  3.018587e-02 
 1.937123e+01  3.018587e-02 
 1.937155e+01  3.018587e-02 
 1.937187e+01  3.018587e-02 
 1.937219e+01  3.018587e-02 
 1.937252e+01  3.018587e-02 
 1.937284e+01  3.018587e-02 
 1.937316e+01  3.018587e-02 
 1.937348e+01  3.018587e-02 
 1.937380e+01  3.018587e-02 
 1.937412e+01  3.018587e-02 
 1.937444e+01  3.018587e-02 
 1.937477e+01  3.018587e-02 
 1.937509e+01  3.018588e-02 
 1.937541e+01  3.018588e-02 
 1.937573e+01  3.018588e-02 
 1.937605e+01  3.018588e-02 
 1.937637e+01  3.018588e-02 
 1.937670e+01  3.018588e-02 
 1.937702e+01  3.018588e-02 
 1.937734e+01  3.018588e-02 
 1.937766e+01  3.018588e-02 
 1.937798e+01  3.018589e-02 
 1.937830e+01  3.018589e-02 
 1.937863e+01  3.018589e-02 
 1.937895e+01  3.018589e-02 
 1.937927e+01  3.018589e-02 
 1.937959e+01  3.018590e-02 
 1.937991e+01  3.018590e-02 
 1.938023e+01  3.018590e-02 
 1.938055e+01  3.018590e-02 
 1.938088e+01  3.018590e-02 
 1.938120e+01  3.018591e-02 
 1.938152e+01  3.018591e-02 
 1.938184e+01  3.018591e-02 
 1.938216e+01  3.018591e-02 
 1.938248e+01  3.018592e-02 
 1.938281e+01  3.018592e-02 
 1.938313e+01  3.018592e-02 
 1.938345e+01  3.018593e-02 
 1.938377e+01  3.018593e-02 
 1.938409e+01  3.018593e-02 
 1.938441e+01  3.018593e-02 
 1.938473e+01  3.018594e-02 
 1.938506e+01  3.018594e-02 
 1.938538e+01  3.018594e-02 
 1.938570e+01  3.018595e-02 
 1.938602e+01  3.018595e-02 
 1.938634e+01  3.018596e-02 
 1.938666e+01  3.018596e-02 
 1.938699e+01  3.018596e-02 
 1.938731e+01  3.018597e-02 
 1.938763e+01  3.018597e-02 
 1.938795e+01  3.018597e-02 
 1.938827e+01  3.018598e-02 
 1.938859e+01  3.018598e-02 
 1.938892e+01  3.018599e-02 
 1.938924e+01  3.018599e-02 
 1.938956e+01  3.018600e-02 
 1.938988e+01  3.018600e-02 
 1.939020e+01  3.018600e-02 
 1.939052e+01  3.018601e-02 
 1.939084e+01  3.018601e-02 
 1.939117e+01  3.018602e-02 
 1.939149e+01  3.018602e-02 
 1.939181e+01  3.018603e-02 
 1.939213e+01  3.018603e-02 
 1.939245e+01  3.018604e-02 
 1.939277e+01  3.018604e-02 
 1.939310e+01  3.018605e-02 
 1.939342e+01  3.018605e-02 
 1.939374e+01  3.018606e-02 
 1.939406e+01  3.018606e-02 
 1.939438e+01  3.018607e-02 
 1.939470e+01  3.018607e-02 
 1.939502e+01  3.018608e-02 
 1.939535e+01  3.018608e-02 
 1.939567e+01  3.018609e-02 
 1.939599e+01  3.018609e-02 
 1.939631e+01  3.018610e-02 
 1.939663e+01  3.018611e-02 
 1.939695e+01  3.018611e-02 
 1.939728e+01  3.018612e-02 
 1.939760e+01  3.018612e-02 
 1.939792e+01  3.018613e-02 
 1.939824e+01  3.018613e-02 
 1.939856e+01  3.018614e-02 
 1.939888e+01  3.018614e-02 
 1.939920e+01  3.018615e-02 
 1.939953e+01  3.018616e-02 
 1.939985e+01  3.018616e-02 
 1.940017e+01  3.018617e-02 
 1.940049e+01  3.018617e-02 
 1.940081e+01  3.018618e-02 
 1.940113e+01  3.018619e-02 
 1.940146e+01  3.018619e-02 
 1.940178e+01  3.018620e-02 
 1.940210e+01  3.018620e-02 
 1.940242e+01  3.018621e-02 
 1.940274e+01  3.018622e-02 
 1.940306e+01  3.018622e-02 
 1.940339e+01  3.018623e-02 
 1.940371e+01  3.018624e-02 
 1.940403e+01  3.018624e-02 
 1.940435e+01  3.018625e-02 
 1.940467e+01  3.018626e-02 
 1.940499e+01  3.018626e-02 
 1.940531e+01  3.018627e-02 
 1.940564e+01  3.018628e-02 
 1.940596e+01  3.018628e-02 
 1.940628e+01  3.018629e-02 
 1.940660e+01  3.018630e-02 
 1.940692e+01  3.018630e-02 
 1.940724e+01  3.018631e-02 
 1.940757e+01  3.018632e-02 
 1.940789e+01  3.018633e-02 
 1.940821e+01  3.018633e-02 
 1.940853e+01  3.018634e-02 
 1.940885e+01  3.018635e-02 
 1.940917e+01  3.018635e-02 
 1.940949e+01  3.018636e-02 
 1.940982e+01  3.018637e-02 
 1.941014e+01  3.018638e-02 
 1.941046e+01  3.018638e-02 
 1.941078e+01  3.018639e-02 
 1.941110e+01  3.018640e-02 
 1.941142e+01  3.018641e-02 
 1.941175e+01  3.018642e-02 
 1.941207e+01  3.018642e-02 
 1.941239e+01  3.018643e-02 
 1.941271e+01  3.018644e-02 
 1.941303e+01  3.018645e-02 
 1.941335e+01  3.018646e-02 
 1.941367e+01  3.018646e-02 
 1.941400e+01  3.018647e-02 
 1.941432e+01  3.018648e-02 
 1.941464e+01  3.018649e-02 
 1.941496e+01  3.018650e-02 
 1.941528e+01  3.018651e-02 
 1.941560e+01  3.018651e-02 
 1.941593e+01  3.018652e-02 
 1.941625e+01  3.018653e-02 
 1.941657e+01  3.018654e-02 
 1.941689e+01  3.018655e-02 
 1.941721e+01  3.018656e-02 
 1.941753e+01  3.018657e-02 
 1.941786e+01  3.018657e-02 
 1.941818e+01  3.018658e-02 
 1.941850e+01  3.018659e-02 
 1.941882e+01  3.018660e-02 
 1.941914e+01  3.018661e-02 
 1.941946e+01  3.018662e-02 
 1.941978e+01  3.018663e-02 
 1.942011e+01  3.018664e-02 
 1.942043e+01  3.018665e-02 
 1.942075e+01  3.018666e-02 
 1.942107e+01  3.018667e-02 
 1.942139e+01  3.018668e-02 
 1.942171e+01  3.018669e-02 
 1.942204e+01  3.018670e-02 
 1.942236e+01  3.018670e-02 
 1.942268e+01  3.018671e-02 
 1.942300e+01  3.018672e-02 
 1.942332e+01  3.018673e-02 
 1.942364e+01  3.018674e-02 
 1.942396e+01  3.018675e-02 
 1.942429e+01  3.018676e-02 
 1.942461e+01  3.018677e-02 
 1.942493e+01  3.018678e-02 
 1.942525e+01  3.018679e-02 
 1.942557e+01  3.018680e-02 
 1.942589e+01  3.018681e-02 
 1.942622e+01  3.018682e-02 
 1.942654e+01  3.018683e-02 
 1.942686e+01  3.018684e-02 
 1.942718e+01  3.018685e-02 
 1.942750e+01  3.018686e-02 
 1.942782e+01  3.018687e-02 
 1.942814e+01  3.018689e-02 
 1.942847e+01  3.018690e-02 
 1.942879e+01  3.018691e-02 
 1.942911e+01  3.018692e-02 
 1.942943e+01  3.018693e-02 
 1.942975e+01  3.018694e-02 
 1.943007e+01  3.018695e-02 
 1.943040e+01  3.018696e-02 
 1.943072e+01  3.018697e-02 
 1.943104e+01  3.018698e-02 
 1.943136e+01  3.018699e-02 
 1.943168e+01  3.018700e-02 
 1.943200e+01  3.018701e-02 
 1.943233e+01  3.018702e-02 
 1.943265e+01  3.018703e-02 
 1.943297e+01  3.018705e-02 
 1.943329e+01  3.018706e-02 
 1.943361e+01  3.018707e-02 
 1.943393e+01  3.018708e-02 
 1.943425e+01  3.018709e-02 
 1.943458e+01  3.018710e-02 
 1.943490e+01  3.018711e-02 
 1.943522e+01  3.018712e-02 
 1.943554e+01  3.018713e-02 
 1.943586e+01  3.018715e-02 
 1.943618e+01  3.018716e-02 
 1.943651e+01  3.018717e-02 
 1.943683e+01  3.018718e-02 
 1.943715e+01  3.018719e-02 
 1.943747e+01  3.018720e-02 
 1.943779e+01  3.018721e-02 
 1.943811e+01  3.018723e-02 
 1.943843e+01  3.018724e-02 
 1.943876e+01  3.018725e-02 
 1.943908e+01  3.018726e-02 
 1.943940e+01  3.018727e-02 
 1.943972e+01  3.018728e-02 
 1.944004e+01  3.018730e-02 
 1.944036e+01  3.018731e-02 
 1.944069e+01  3.018732e-02 
 1.944101e+01  3.018733e-02 
 1.944133e+01  3.018734e-02 
 1.944165e+01  3.018736e-02 
 1.944197e+01  3.018737e-02 
 1.944229e+01  3.018738e-02 
 1.944261e+01  3.018739e-02 
 1.944294e+01  3.018740e-02 
 1.944326e+01  3.018742e-02 
 1.944358e+01  3.018743e-02 
 1.944390e+01  3.018744e-02 
 1.944422e+01  3.018745e-02 
 1.944454e+01  3.018747e-02 
 1.944487e+01  3.018748e-02 
 1.944519e+01  3.018749e-02 
 1.944551e+01  3.018750e-02 
 1.944583e+01  3.018752e-02 
 1.944615e+01  3.018753e-02 
 1.944647e+01  3.018754e-02 
 1.944680e+01  3.018755e-02 
 1.944712e+01  3.018757e-02 
 1.944744e+01  3.018758e-02 
 1.944776e+01  3.018759e-02 
 1.944808e+01  3.018760e-02 
 1.944840e+01  3.018762e-02 
 1.944872e+01  3.018763e-02 
 1.944905e+01  3.018764e-02 
 1.944937e+01  3.018766e-02 
 1.944969e+01  3.018767e-02 
 1.945001e+01  3.018768e-02 
 1.945033e+01  3.018770e-02 
 1.945065e+01  3.018771e-02 
 1.945098e+01  3.018772e-02 
 1.945130e+01  3.018774e-02 
 1.945162e+01  3.018775e-02 
 1.945194e+01  3.018776e-02 
 1.945226e+01  3.018778e-02 
 1.945258e+01  3.018779e-02 
 1.945290e+01  3.018780e-02 
 1.945323e+01  3.018782e-02 
 1.945355e+01  3.018783e-02 
 1.945387e+01  3.018784e-02 
 1.945419e+01  3.018786e-02 
 1.945451e+01  3.018787e-02 
 1.945483e+01  3.018789e-02 
 1.945516e+01  3.018790e-02 
 1.945548e+01  3.018791e-02 
 1.945580e+01  3.018793e-02 
 1.945612e+01  3.018794e-02 
 1.945644e+01  3.018796e-02 
 1.945676e+01  3.018797e-02 
 1.945708e+01  3.018798e-02 
 1.945741e+01  3.018800e-02 
 1.945773e+01  3.018801e-02 
 1.945805e+01  3.018803e-02 
 1.945837e+01  3.018804e-02 
 1.945869e+01  3.018806e-02 
 1.945901e+01  3.018807e-02 
 1.945934e+01  3.018808e-02 
 1.945966e+01  3.018810e-02 
 1.945998e+01  3.018811e-02 
 1.946030e+01  3.018813e-02 
 1.946062e+01  3.018814e-02 
 1.946094e+01  3.018816e-02 
 1.946127e+01  3.018817e-02 
 1.946159e+01  3.018819e-02 
 1.946191e+01  3.018820e-02 
 1.946223e+01  3.018822e-02 
 1.946255e+01  3.018823e-02 
 1.946287e+01  3.018825e-02 
 1.946319e+01  3.018826e-02 
 1.946352e+01  3.018828e-02 
 1.946384e+01  3.018829e-02 
 1.946416e+01  3.018831e-02 
 1.946448e+01  3.018832e-02 
 1.946480e+01  3.018834e-02 
 1.946512e+01  3.018835e-02 
 1.946545e+01  3.018837e-02 
 1.946577e+01  3.018838e-02 
 1.946609e+01  3.018840e-02 
 1.946641e+01  3.018841e-02 
 1.946673e+01  3.018843e-02 
 1.946705e+01  3.018844e-02 
 1.946737e+01  3.018846e-02 
 1.946770e+01  3.018847e-02 
 1.946802e+01  3.018849e-02 
 1.946834e+01  3.018851e-02 
 1.946866e+01  3.018852e-02 
 1.946898e+01  3.018854e-02 
 1.946930e+01  3.018855e-02 
 1.946963e+01  3.018857e-02 
 1.946995e+01  3.018858e-02 
 1.947027e+01  3.018860e-02 
 1.947059e+01  3.018862e-02 
 1.947091e+01  3.018863e-02 
 1.947123e+01  3.018865e-02 
 1.947156e+01  3.018866e-02 
 1.947188e+01  3.018868e-02 
 1.947220e+01  3.018870e-02 
 1.947252e+01  3.018871e-02 
 1.947284e+01  3.018873e-02 
 1.947316e+01  3.018874e-02 
 1.947348e+01  3.018876e-02 
 1.947381e+01  3.018878e-02 
 1.947413e+01  3.018879e-02 
 1.947445e+01  3.018881e-02 
 1.947477e+01  3.018882e-02 
 1.947509e+01  3.018884e-02 
 1.947541e+01  3.018886e-02 
 1.947574e+01  3.018887e-02 
 1.947606e+01  3.018889e-02 
 1.947638e+01  3.018890e-02 
 1.947670e+01  3.018892e-02 
 1.947702e+01  3.018894e-02 
 1.947734e+01  3.018895e-02 
 1.947766e+01  3.018897e-02 
 1.947799e+01  3.018899e-02 
 1.947831e+01  3.018900e-02 
 1.947863e+01  3.018902e-02 
 1.947895e+01  3.018904e-02 
 1.947927e+01  3.018905e-02 
 1.947959e+01  3.018907e-02 
 1.947992e+01  3.018909e-02 
 1.948024e+01  3.018910e-02 
 1.948056e+01  3.018912e-02 
 1.948088e+01  3.018914e-02 
 1.948120e+01  3.018915e-02 
 1.948152e+01  3.018917e-02 
 1.948184e+01  3.018919e-02 
 1.948217e+01  3.018920e-02 
 1.948249e+01  3.018922e-02 
 1.948281e+01  3.018924e-02 
 1.948313e+01  3.018925e-02 
 1.948345e+01  3.018927e-02 
 1.948377e+01  3.018929e-02 
 1.948410e+01  3.018930e-02 
 1.948442e+01  3.018932e-02 
 1.948474e+01  3.018934e-02 
 1.948506e+01  3.018935e-02 
 1.948538e+01  3.018937e-02 
 1.948570e+01  3.018939e-02 
 1.948603e+01  3.018941e-02 
 1.948635e+01  3.018942e-02 
 1.948667e+01  3.018944e-02 
 1.948699e+01  3.018946e-02 
 1.948731e+01  3.018947e-02 
 1.948763e+01  3.018949e-02 
 1.948795e+01  3.018951e-02 
 1.948828e+01  3.018953e-02 
 1.948860e+01  3.018954e-02 
 1.948892e+01  3.018956e-02 
 1.948924e+01  3.018958e-02 
 1.948956e+01  3.018960e-02 
 1.948988e+01  3.018961e-02 
 1.949021e+01  3.018963e-02 
 1.949053e+01  3.018965e-02 
 1.949085e+01  3.018966e-02 
 1.949117e+01  3.018968e-02 
 1.949149e+01  3.018970e-02 
 1.949181e+01  3.018972e-02 
 1.949213e+01  3.018973e-02 
 1.949246e+01  3.018975e-02 
 1.949278e+01  3.018977e-02 
 1.949310e+01  3.018979e-02 
 1.949342e+01  3.018980e-02 
 1.949374e+01  3.018982e-02 
 1.949406e+01  3.018984e-02 
 1.949439e+01  3.018986e-02 
 1.949471e+01  3.018987e-02 
 1.949503e+01  3.018989e-02 
 1.949535e+01  3.018991e-02 
 1.949567e+01  3.018993e-02 
 1.949599e+01  3.018994e-02 
 1.949631e+01  3.018996e-02 
 1.949664e+01  3.018998e-02 
 1.949696e+01  3.019000e-02 
 1.949728e+01  3.019001e-02 
 1.949760e+01  3.019003e-02 
 1.949792e+01  3.019005e-02 
 1.949824e+01  3.019007e-02 
 1.949857e+01  3.019008e-02 
 1.949889e+01  3.019010e-02 
 1.949921e+01  3.019012e-02 
 1.949953e+01  3.019014e-02 
 1.949985e+01  3.019015e-02 
 1.950017e+01  3.019017e-02 
 1.950050e+01  3.019019e-02 
 1.950082e+01  3.019021e-02 
 1.950114e+01  3.019022e-02 
 1.950146e+01  3.019024e-02 
 1.950178e+01  3.019026e-02 
 1.950210e+01  3.019028e-02 
 1.950242e+01  3.019029e-02 
 1.950275e+01  3.019031e-02 
 1.950307e+01  3.019033e-02 
 1.950339e+01  3.019035e-02 
 1.950371e+01  3.019036e-02 
 1.950403e+01  3.019038e-02 
 1.950435e+01  3.019040e-02 
 1.950468e+01  3.019041e-02 
 1.950500e+01  3.019043e-02 
 1.950532e+01  3.019045e-02 
 1.950564e+01  3.019047e-02 
 1.950596e+01  3.019048e-02 
 1.950628e+01  3.019050e-02 
 1.950660e+01  3.019052e-02 
 1.950693e+01  3.019053e-02 
 1.950725e+01  3.019055e-02 
 1.950757e+01  3.019057e-02 
 1.950789e+01  3.019058e-02 
 1.950821e+01  3.019060e-02 
 1.950853e+01  3.019062e-02 
 1.950886e+01  3.019063e-02 
 1.950918e+01  3.019065e-02 
 1.950950e+01  3.019067e-02 
 1.950982e+01  3.019068e-02 
 1.951014e+01  3.019070e-02 
 1.951046e+01  3.019072e-02 
 1.951078e+01  3.019073e-02 
 1.951111e+01  3.019075e-02 
 1.951143e+01  3.019076e-02 
 1.951175e+01  3.019078e-02 
 1.951207e+01  3.019080e-02 
 1.951239e+01  3.019081e-02 
 1.951271e+01  3.019083e-02 
 1.951304e+01  3.019084e-02 
 1.951336e+01  3.019086e-02 
 1.951368e+01  3.019088e-02 
 1.951400e+01  3.019089e-02 
 1.951432e+01  3.019091e-02 
 1.951464e+01  3.019092e-02 
 1.951497e+01  3.019094e-02 
 1.951529e+01  3.019096e-02 
 1.951561e+01  3.019097e-02 
 1.951593e+01  3.019099e-02 
 1.951625e+01  3.019100e-02 
 1.951657e+01  3.019102e-02 
 1.951689e+01  3.019103e-02 
 1.951722e+01  3.019105e-02 
 1.951754e+01  3.019106e-02 
 1.951786e+01  3.019108e-02 
 1.951818e+01  3.019109e-02 
 1.951850e+01  3.019111e-02 
 1.951882e+01  3.019112e-02 
 1.951915e+01  3.019114e-02 
 1.951947e+01  3.019115e-02 
 1.951979e+01  3.019117e-02 
 1.952011e+01  3.019118e-02 
 1.952043e+01  3.019120e-02 
 1.952075e+01  3.019121e-02 
 1.952107e+01  3.019123e-02 
 1.952140e+01  3.019124e-02 
 1.952172e+01  3.019125e-02 
 1.952204e+01  3.019127e-02 
 1.952236e+01  3.019128e-02 
 1.952268e+01  3.019130e-02 
 1.952300e+01  3.019131e-02 
 1.952333e+01  3.019132e-02 
 1.952365e+01  3.019134e-02 
 1.952397e+01  3.019135e-02 
 1.952429e+01  3.019137e-02 
 1.952461e+01  3.019138e-02 
 1.952493e+01  3.019139e-02 
 1.952525e+01  3.019141e-02 
 1.952558e+01  3.019142e-02 
 1.952590e+01  3.019143e-02 
 1.952622e+01  3.019145e-02 
 1.952654e+01  3.019146e-02 
 1.952686e+01  3.019147e-02 
 1.952718e+01  3.019149e-02 
 1.952751e+01  3.019150e-02 
 1.952783e+01  3.019151e-02 
 1.952815e+01  3.019153e-02 
 1.952847e+01  3.019154e-02 
 1.952879e+01  3.019155e-02 
 1.952911e+01  3.019156e-02 
 1.952944e+01  3.019158e-02 
 1.952976e+01  3.019159e-02 
 1.953008e+01  3.019160e-02 
 1.953040e+01  3.019162e-02 
 1.953072e+01  3.019163e-02 
 1.953104e+01  3.019164e-02 
 1.953136e+01  3.019165e-02 
 1.953169e+01  3.019166e-02 
 1.953201e+01  3.019168e-02 
 1.953233e+01  3.019169e-02 
 1.953265e+01  3.019170e-02 
 1.953297e+01  3.019171e-02 
 1.953329e+01  3.019172e-02 
 1.953362e+01  3.019174e-02 
 1.953394e+01  3.019175e-02 
 1.953426e+01  3.019176e-02 
 1.953458e+01  3.019177e-02 
 1.953490e+01  3.019178e-02 
 1.953522e+01  3.019179e-02 
 1.953554e+01  3.019181e-02 
 1.953587e+01  3.019182e-02 
 1.953619e+01  3.019183e-02 
 1.953651e+01  3.019184e-02 
 1.953683e+01  3.019185e-02 
 1.953715e+01  3.019186e-02 
 1.953747e+01  3.019187e-02 
 1.953780e+01  3.019189e-02 
 1.953812e+01  3.019190e-02 
 1.953844e+01  3.019191e-02 
 1.953876e+01  3.019192e-02 
 1.953908e+01  3.019193e-02 
 1.953940e+01  3.019194e-02 
 1.953973e+01  3.019195e-02 
 1.954005e+01  3.019196e-02 
 1.954037e+01  3.019197e-02 
 1.954069e+01  3.019198e-02 
 1.954101e+01  3.019199e-02 
 1.954133e+01  3.019200e-02 
 1.954165e+01  3.019201e-02 
 1.954198e+01  3.019202e-02 
 1.954230e+01  3.019203e-02 
 1.954262e+01  3.019204e-02 
 1.954294e+01  3.019205e-02 
 1.954326e+01  3.019207e-02 
 1.954358e+01  3.019208e-02 
 1.954391e+01  3.019209e-02 
 1.954423e+01  3.019210e-02 
 1.954455e+01  3.019211e-02 
 1.954487e+01  3.019212e-02 
 1.954519e+01  3.019213e-02 
 1.954551e+01  3.019214e-02 
 1.954583e+01  3.019214e-02 
 1.954616e+01  3.019215e-02 
 1.954648e+01  3.019216e-02 
 1.954680e+01  3.019217e-02 
 1.954712e+01  3.019218e-02 
 1.954744e+01  3.019219e-02 
 1.954776e+01  3.019220e-02 
 1.954809e+01  3.019221e-02 
 1.954841e+01  3.019222e-02 
 1.954873e+01  3.019223e-02 
 1.954905e+01  3.019224e-02 
 1.954937e+01  3.019225e-02 
 1.954969e+01  3.019226e-02 
 1.955001e+01  3.019227e-02 
 1.955034e+01  3.019228e-02 
 1.955066e+01  3.019229e-02 
 1.955098e+01  3.019230e-02 
 1.955130e+01  3.019231e-02 
 1.955162e+01  3.019231e-02 
 1.955194e+01  3.019232e-02 
 1.955227e+01  3.019233e-02 
 1.955259e+01  3.019234e-02 
 1.955291e+01  3.019235e-02 
 1.955323e+01  3.019236e-02 
 1.955355e+01  3.019237e-02 
 1.955387e+01  3.019238e-02 
 1.955420e+01  3.019239e-02 
 1.955452e+01  3.019240e-02 
 1.955484e+01  3.019240e-02 
 1.955516e+01  3.019241e-02 
 1.955548e+01  3.019242e-02 
 1.955580e+01  3.019243e-02 
 1.955612e+01  3.019244e-02 
 1.955645e+01  3.019245e-02 
 1.955677e+01  3.019246e-02 
 1.955709e+01  3.019246e-02 
 1.955741e+01  3.019247e-02 
 1.955773e+01  3.019248e-02 
 1.955805e+01  3.019249e-02 
 1.955838e+01  3.019250e-02 
 1.955870e+01  3.019251e-02 
 1.955902e+01  3.019252e-02 
 1.955934e+01  3.019252e-02 
 1.955966e+01  3.019253e-02 
 1.955998e+01  3.019254e-02 
 1.956030e+01  3.019255e-02 
 1.956063e+01  3.019256e-02 
 1.956095e+01  3.019257e-02 
 1.956127e+01  3.019257e-02 
 1.956159e+01  3.019258e-02 
 1.956191e+01  3.019259e-02 
 1.956223e+01  3.019260e-02 
 1.956256e+01  3.019261e-02 
 1.956288e+01  3.019262e-02 
 1.956320e+01  3.019262e-02 
 1.956352e+01  3.019263e-02 
 1.956384e+01  3.019264e-02 
 1.956416e+01  3.019265e-02 
 1.956448e+01  3.019266e-02 
 1.956481e+01  3.019267e-02 
 1.956513e+01  3.019267e-02 
 1.956545e+01  3.019268e-02 
 1.956577e+01  3.019269e-02 
 1.956609e+01  3.019270e-02 
 1.956641e+01  3.019271e-02 
 1.956674e+01  3.019271e-02 
 1.956706e+01  3.019272e-02 
 1.956738e+01  3.019273e-02 
 1.956770e+01  3.019274e-02 
 1.956802e+01  3.019275e-02 
 1.956834e+01  3.019275e-02 
 1.956867e+01  3.019276e-02 
 1.956899e+01  3.019277e-02 
 1.956931e+01  3.019278e-02 
 1.956963e+01  3.019279e-02 
 1.956995e+01  3.019279e-02 
 1.957027e+01  3.019280e-02 
 1.957059e+01  3.019281e-02 
 1.957092e+01  3.019282e-02 
 1.957124e+01  3.019283e-02 
 1.957156e+01  3.019283e-02 
 1.957188e+01  3.019284e-02 
 1.957220e+01  3.019285e-02 
 1.957252e+01  3.019286e-02 
 1.957285e+01  3.019287e-02 
 1.957317e+01  3.019287e-02 
 1.957349e+01  3.019288e-02 
 1.957381e+01  3.019289e-02 
 1.957413e+01  3.019290e-02 
 1.957445e+01  3.019291e-02 
 1.957477e+01  3.019291e-02 
 1.957510e+01  3.019292e-02 
 1.957542e+01  3.019293e-02 
 1.957574e+01  3.019294e-02 
 1.957606e+01  3.019294e-02 
 1.957638e+01  3.019295e-02 
 1.957670e+01  3.019296e-02 
 1.957703e+01  3.019297e-02 
 1.957735e+01  3.019298e-02 
 1.957767e+01  3.019298e-02 
 1.957799e+01  3.019299e-02 
 1.957831e+01  3.019300e-02 
 1.957863e+01  3.019301e-02 
 1.957895e+01  3.019302e-02 
 1.957928e+01  3.019302e-02 
 1.957960e+01  3.019303e-02 
 1.957992e+01  3.019304e-02 
 1.958024e+01  3.019305e-02 
 1.958056e+01  3.019306e-02 
 1.958088e+01  3.019306e-02 
 1.958121e+01  3.019307e-02 
 1.958153e+01  3.019308e-02 
 1.958185e+01  3.019309e-02 
 1.958217e+01  3.019310e-02 
 1.958249e+01  3.019310e-02 
 1.958281e+01  3.019311e-02 
 1.958314e+01  3.019312e-02 
 1.958346e+01  3.019313e-02 
 1.958378e+01  3.019314e-02 
 1.958410e+01  3.019314e-02 
 1.958442e+01  3.019315e-02 
 1.958474e+01  3.019316e-02 
 1.958506e+01  3.019317e-02 
 1.958539e+01  3.019318e-02 
 1.958571e+01  3.019318e-02 
 1.958603e+01  3.019319e-02 
 1.958635e+01  3.019320e-02 
 1.958667e+01  3.019321e-02 
 1.958699e+01  3.019322e-02 
 1.958732e+01  3.019323e-02 
 1.958764e+01  3.019323e-02 
 1.958796e+01  3.019324e-02 
 1.958828e+01  3.019325e-02 
 1.958860e+01  3.019326e-02 
 1.958892e+01  3.019327e-02 
 1.958924e+01  3.019327e-02 
 1.958957e+01  3.019328e-02 
 1.958989e+01  3.019329e-02 
 1.959021e+01  3.019330e-02 
 1.959053e+01  3.019331e-02 
 1.959085e+01  3.019332e-02 
 1.959117e+01  3.019332e-02 
 1.959150e+01  3.019333e-02 
 1.959182e+01  3.019334e-02 
 1.959214e+01  3.019335e-02 
 1.959246e+01  3.019336e-02 
 1.959278e+01  3.019336e-02 
 1.959310e+01  3.019337e-02 
 1.959342e+01  3.019338e-02 
 1.959375e+01  3.019339e-02 
 1.959407e+01  3.019340e-02 
 1.959439e+01  3.019341e-02 
 1.959471e+01  3.019341e-02 
 1.959503e+01  3.019342e-02 
 1.959535e+01  3.019343e-02 
 1.959568e+01  3.019344e-02 
 1.959600e+01  3.019345e-02 
 1.959632e+01  3.019346e-02 
 1.959664e+01  3.019347e-02 
 1.959696e+01  3.019347e-02 
 1.959728e+01  3.019348e-02 
 1.959761e+01  3.019349e-02 
 1.959793e+01  3.019350e-02 
 1.959825e+01  3.019351e-02 
 1.959857e+01  3.019352e-02 
 1.959889e+01  3.019352e-02 
 1.959921e+01  3.019353e-02 
 1.959953e+01  3.019354e-02 
 1.959986e+01  3.019355e-02 
 1.960018e+01  3.019356e-02 
 1.960050e+01  3.019357e-02 
 1.960082e+01  3.019358e-02 
 1.960114e+01  3.019358e-02 
 1.960146e+01  3.019359e-02 
 1.960179e+01  3.019360e-02 
 1.960211e+01  3.019361e-02 
 1.960243e+01  3.019362e-02 
 1.960275e+01  3.019363e-02 
 1.960307e+01  3.019364e-02 
 1.960339e+01  3.019365e-02 
 1.960371e+01  3.019365e-02 
 1.960404e+01  3.019366e-02 
 1.960436e+01  3.019367e-02 
 1.960468e+01  3.019368e-02 
 1.960500e+01  3.019369e-02 
 1.960532e+01  3.019370e-02 
 1.960564e+01  3.019371e-02 
 1.960597e+01  3.019372e-02 
 1.960629e+01  3.019372e-02 
 1.960661e+01  3.019373e-02 
 1.960693e+01  3.019374e-02 
 1.960725e+01  3.019375e-02 
 1.960757e+01  3.019376e-02 
 1.960789e+01  3.019377e-02 
 1.960822e+01  3.019378e-02 
 1.960854e+01  3.019379e-02 
 1.960886e+01  3.019379e-02 
 1.960918e+01  3.019380e-02 
 1.960950e+01  3.019381e-02 
 1.960982e+01  3.019382e-02 
 1.961015e+01  3.019383e-02 
 1.961047e+01  3.019384e-02 
 1.961079e+01  3.019385e-02 
 1.961111e+01  3.019386e-02 
 1.961143e+01  3.019387e-02 
 1.961175e+01  3.019387e-02 
 1.961208e+01  3.019388e-02 
 1.961240e+01  3.019389e-02 
 1.961272e+01  3.019390e-02 
 1.961304e+01  3.019391e-02 
 1.961336e+01  3.019392e-02 
 1.961368e+01  3.019393e-02 
 1.961400e+01  3.019394e-02 
 1.961433e+01  3.019395e-02 
 1.961465e+01  3.019395e-02 
 1.961497e+01  3.019396e-02 
 1.961529e+01  3.019397e-02 
 1.961561e+01  3.019398e-02 
 1.961593e+01  3.019399e-02 
 1.961626e+01  3.019400e-02 
 1.961658e+01  3.019401e-02 
 1.961690e+01  3.019402e-02 
 1.961722e+01  3.019403e-02 
 1.961754e+01  3.019403e-02 
 1.961786e+01  3.019404e-02 
 1.961818e+01  3.019405e-02 
 1.961851e+01  3.019406e-02 
 1.961883e+01  3.019407e-02 
 1.961915e+01  3.019408e-02 
 1.961947e+01  3.019409e-02 
 1.961979e+01  3.019410e-02 
 1.962011e+01  3.019411e-02 
 1.962044e+01  3.019411e-02 
 1.962076e+01  3.019412e-02 
 1.962108e+01  3.019413e-02 
 1.962140e+01  3.019414e-02 
 1.962172e+01  3.019415e-02 
 1.962204e+01  3.019416e-02 
 1.962237e+01  3.019417e-02 
 1.962269e+01  3.019418e-02 
 1.962301e+01  3.019419e-02 
 1.962333e+01  3.019419e-02 
 1.962365e+01  3.019420e-02 
 1.962397e+01  3.019421e-02 
 1.962429e+01  3.019422e-02 
 1.962462e+01  3.019423e-02 
 1.962494e+01  3.019424e-02 
 1.962526e+01  3.019425e-02 
 1.962558e+01  3.019426e-02 
 1.962590e+01  3.019426e-02 
 1.962622e+01  3.019427e-02 
 1.962655e+01  3.019428e-02 
 1.962687e+01  3.019429e-02 
 1.962719e+01  3.019430e-02 
 1.962751e+01  3.019431e-02 
 1.962783e+01  3.019432e-02 
 1.962815e+01  3.019433e-02 
 1.962847e+01  3.019433e-02 
 1.962880e+01  3.019434e-02 
 1.962912e+01  3.019435e-02 
 1.962944e+01  3.019436e-02 
 1.962976e+01  3.019437e-02 
 1.963008e+01  3.019438e-02 
 1.963040e+01  3.019439e-02 
 1.963073e+01  3.019440e-02 
 1.963105e+01  3.019440e-02 
 1.963137e+01  3.019441e-02 
 1.963169e+01  3.019442e-02 
 1.963201e+01  3.019443e-02 
 1.963233e+01  3.019444e-02 
 1.963265e+01  3.019445e-02 
 1.963298e+01  3.019446e-02 
 1.963330e+01  3.019446e-02 
 1.963362e+01  3.019447e-02 
 1.963394e+01  3.019448e-02 
 1.963426e+01  3.019449e-02 
 1.963458e+01  3.019450e-02 
 1.963491e+01  3.019451e-02 
 1.963523e+01  3.019452e-02 
 1.963555e+01  3.019452e-02 
 1.963587e+01  3.019453e-02 
 1.963619e+01  3.019454e-02 
 1.963651e+01  3.019455e-02 
 1.963684e+01  3.019456e-02 
 1.963716e+01  3.019457e-02 
 1.963748e+01  3.019458e-02 
 1.963780e+01  3.019458e-02 
 1.963812e+01  3.019459e-02 
 1.963844e+01  3.019460e-02 
 1.963876e+01  3.019461e-02 
 1.963909e+01  3.019462e-02 
 1.963941e+01  3.019463e-02 
 1.963973e+01  3.019464e-02 
 1.964005e+01  3.019464e-02 
 1.964037e+01  3.019465e-02 
 1.964069e+01  3.019466e-02 
 1.964102e+01  3.019467e-02 
 1.964134e+01  3.019468e-02 
 1.964166e+01  3.019469e-02 
 1.964198e+01  3.019470e-02 
 1.964230e+01  3.019470e-02 
 1.964262e+01  3.019471e-02 
 1.964294e+01  3.019472e-02 
 1.964327e+01  3.019473e-02 
 1.964359e+01  3.019474e-02 
 1.964391e+01  3.019475e-02 
 1.964423e+01  3.019476e-02 
 1.964455e+01  3.019476e-02 
 1.964487e+01  3.019477e-02 
 1.964520e+01  3.019478e-02 
 1.964552e+01  3.019479e-02 
 1.964584e+01  3.019480e-02 
 1.964616e+01  3.019481e-02 
 1.964648e+01  3.019481e-02 
 1.964680e+01  3.019482e-02 
 1.964712e+01  3.019483e-02 
 1.964745e+01  3.019484e-02 
 1.964777e+01  3.019485e-02 
 1.964809e+01  3.019486e-02 
 1.964841e+01  3.019486e-02 
 1.964873e+01  3.019487e-02 
 1.964905e+01  3.019488e-02 
 1.964938e+01  3.019489e-02 
 1.964970e+01  3.019490e-02 
 1.965002e+01  3.019491e-02 
 1.965034e+01  3.019491e-02 
 1.965066e+01  3.019492e-02 
 1.965098e+01  3.019493e-02 
 1.965131e+01  3.019494e-02 
 1.965163e+01  3.019495e-02 
 1.965195e+01  3.019496e-02 
 1.965227e+01  3.019496e-02 
 1.965259e+01  3.019497e-02 
 1.965291e+01  3.019498e-02 
 1.965323e+01  3.019499e-02 
 1.965356e+01  3.019500e-02 
 1.965388e+01  3.019501e-02 
 1.965420e+01  3.019501e-02 
 1.965452e+01  3.019502e-02 
 1.965484e+01  3.019503e-02 
 1.965516e+01  3.019504e-02 
 1.965549e+01  3.019505e-02 
 1.965581e+01  3.019506e-02 
 1.965613e+01  3.019506e-02 
 1.965645e+01  3.019507e-02 
 1.965677e+01  3.019508e-02 
 1.965709e+01  3.019509e-02 
 1.965741e+01  3.019510e-02 
 1.965774e+01  3.019510e-02 
 1.965806e+01  3.019511e-02 
 1.965838e+01  3.019512e-02 
 1.965870e+01  3.019513e-02 
 1.965902e+01  3.019514e-02 
 1.965934e+01  3.019515e-02 
 1.965967e+01  3.019515e-02 
 1.965999e+01  3.019516e-02 
 1.966031e+01  3.019517e-02 
 1.966063e+01  3.019518e-02 
 1.966095e+01  3.019519e-02 
 1.966127e+01  3.019519e-02 
 1.966159e+01  3.019520e-02 
 1.966192e+01  3.019521e-02 
 1.966224e+01  3.019522e-02 
 1.966256e+01  3.019522e-02 
 1.966288e+01  3.019523e-02 
 1.966320e+01  3.019524e-02 
 1.966352e+01  3.019525e-02 
 1.966385e+01  3.019526e-02 
 1.966417e+01  3.019526e-02 
 1.966449e+01  3.019527e-02 
 1.966481e+01  3.019528e-02 
 1.966513e+01  3.019529e-02 
 1.966545e+01  3.019529e-02 
 1.966578e+01  3.019530e-02 
 1.966610e+01  3.019531e-02 
 1.966642e+01  3.019532e-02 
 1.966674e+01  3.019532e-02 
 1.966706e+01  3.019533e-02 
 1.966738e+01  3.019534e-02 
 1.966770e+01  3.019534e-02 
 1.966803e+01  3.019535e-02 
 1.966835e+01  3.019536e-02 
 1.966867e+01  3.019537e-02 
 1.966899e+01  3.019537e-02 
 1.966931e+01  3.019538e-02 
 1.966963e+01  3.019539e-02 
 1.966996e+01  3.019539e-02 
 1.967028e+01  3.019540e-02 
 1.967060e+01  3.019541e-02 
 1.967092e+01  3.019541e-02 
 1.967124e+01  3.019542e-02 
 1.967156e+01  3.019543e-02 
 1.967188e+01  3.019543e-02 
 1.967221e+01  3.019544e-02 
 1.967253e+01  3.019545e-02 
 1.967285e+01  3.019545e-02 
 1.967317e+01  3.019546e-02 
 1.967349e+01  3.019546e-02 
 1.967381e+01  3.019547e-02 
 1.967414e+01  3.019548e-02 
 1.967446e+01  3.019548e-02 
 1.967478e+01  3.019549e-02 
 1.967510e+01  3.019549e-02 
 1.967542e+01  3.019550e-02 
 1.967574e+01  3.019550e-02 
 1.967606e+01  3.019551e-02 
 1.967639e+01  3.019552e-02 
 1.967671e+01  3.019552e-02 
 1.967703e+01  3.019553e-02 
 1.967735e+01  3.019553e-02 
 1.967767e+01  3.019554e-02 
 1.967799e+01  3.019554e-02 
 1.967832e+01  3.019555e-02 
 1.967864e+01  3.019555e-02 
 1.967896e+01  3.019556e-02 
 1.967928e+01  3.019556e-02 
 1.967960e+01  3.019557e-02 
 1.967992e+01  3.019557e-02 
 1.968025e+01  3.019557e-02 
 1.968057e+01  3.019558e-02 
 1.968089e+01  3.019558e-02 
 1.968121e+01  3.019559e-02 
 1.968153e+01  3.019559e-02 
 1.968185e+01  3.019559e-02 
 1.968217e+01  3.019560e-02 
 1.968250e+01  3.019560e-02 
 1.968282e+01  3.019561e-02 
 1.968314e+01  3.019561e-02 
 1.968346e+01  3.019561e-02 
 1.968378e+01  3.019562e-02 
 1.968410e+01  3.019562e-02 
 1.968443e+01  3.019562e-02 
 1.968475e+01  3.019563e-02 
 1.968507e+01  3.019563e-02 
 1.968539e+01  3.019563e-02 
 1.968571e+01  3.019563e-02 
 1.968603e+01  3.019564e-02 
 1.968635e+01  3.019564e-02 
 1.968668e+01  3.019564e-02 
 1.968700e+01  3.019565e-02 
 1.968732e+01  3.019565e-02 
 1.968764e+01  3.019565e-02 
 1.968796e+01  3.019565e-02 
 1.968828e+01  3.019565e-02 
 1.968861e+01  3.019566e-02 
 1.968893e+01  3.019566e-02 
 1.968925e+01  3.019566e-02 
 1.968957e+01  3.019566e-02 
 1.968989e+01  3.019566e-02 
 1.969021e+01  3.019566e-02 
 1.969053e+01  3.019566e-02 
 1.969086e+01  3.019567e-02 
 1.969118e+01  3.019567e-02 
 1.969150e+01  3.019567e-02 
 1.969182e+01  3.019567e-02 
 1.969214e+01  3.019567e-02 
 1.969246e+01  3.019567e-02 
 1.969279e+01  3.019567e-02 
 1.969311e+01  3.019567e-02 
 1.969343e+01  3.019567e-02 
 1.969375e+01  3.019567e-02 
 1.969407e+01  3.019567e-02 
 1.969439e+01  3.019567e-02 
 1.969472e+01  3.019567e-02 
 1.969504e+01  3.019567e-02 
 1.969536e+01  3.019567e-02 
 1.969568e+01  3.019567e-02 
 1.969600e+01  3.019567e-02 
 1.969632e+01  3.019567e-02 
 1.969664e+01  3.019567e-02 
 1.969697e+01  3.019567e-02 
 1.969729e+01  3.019567e-02 
 1.969761e+01  3.019567e-02 
 1.969793e+01  3.019567e-02 
 1.969825e+01  3.019566e-02 
 1.969857e+01  3.019566e-02 
 1.969890e+01  3.019566e-02 
 1.969922e+01  3.019566e-02 
 1.969954e+01  3.019566e-02 
 1.969986e+01  3.019566e-02 
 1.970018e+01  3.019566e-02 
 1.970050e+01  3.019565e-02 
 1.970082e+01  3.019565e-02 
 1.970115e+01  3.019565e-02 
 1.970147e+01  3.019565e-02 
 1.970179e+01  3.019564e-02 
 1.970211e+01  3.019564e-02 
 1.970243e+01  3.019564e-02 
 1.970275e+01  3.019564e-02 
 1.970308e+01  3.019563e-02 
 1.970340e+01  3.019563e-02 
 1.970372e+01  3.019563e-02 
 1.970404e+01  3.019563e-02 
 1.970436e+01  3.019562e-02 
 1.970468e+01  3.019562e-02 
 1.970501e+01  3.019562e-02 
 1.970533e+01  3.019561e-02 
 1.970565e+01  3.019561e-02 
 1.970597e+01  3.019561e-02 
 1.970629e+01  3.019560e-02 
 1.970661e+01  3.019560e-02 
 1.970693e+01  3.019559e-02 
 1.970726e+01  3.019559e-02 
 1.970758e+01  3.019559e-02 
 1.970790e+01  3.019558e-02 
 1.970822e+01  3.019558e-02 
 1.970854e+01  3.019557e-02 
 1.970886e+01  3.019557e-02 
 1.970919e+01  3.019556e-02 
 1.970951e+01  3.019556e-02 
 1.970983e+01  3.019556e-02 
 1.971015e+01  3.019555e-02 
 1.971047e+01  3.019555e-02 
 1.971079e+01  3.019554e-02 
 1.971111e+01  3.019554e-02 
 1.971144e+01  3.019553e-02 
 1.971176e+01  3.019553e-02 
 1.971208e+01  3.019552e-02 
 1.971240e+01  3.019551e-02 
 1.971272e+01  3.019551e-02 
 1.971304e+01  3.019550e-02 
 1.971337e+01  3.019550e-02 
 1.971369e+01  3.019549e-02 
 1.971401e+01  3.019549e-02 
 1.971433e+01  3.019548e-02 
 1.971465e+01  3.019547e-02 
 1.971497e+01  3.019547e-02 
 1.971529e+01  3.019546e-02 
 1.971562e+01  3.019546e-02 
 1.971594e+01  3.019545e-02 
 1.971626e+01  3.019544e-02 
 1.971658e+01  3.019544e-02 
 1.971690e+01  3.019543e-02 
 1.971722e+01  3.019542e-02 
 1.971755e+01  3.019542e-02 
 1.971787e+01  3.019541e-02 
 1.971819e+01  3.019540e-02 
 1.971851e+01  3.019540e-02 
 1.971883e+01  3.019539e-02 
 1.971915e+01  3.019538e-02 
 1.971948e+01  3.019538e-02 
 1.971980e+01  3.019537e-02 
 1.972012e+01  3.019536e-02 
 1.972044e+01  3.019536e-02 
 1.972076e+01  3.019535e-02 
 1.972108e+01  3.019534e-02 
 1.972140e+01  3.019533e-02 
 1.972173e+01  3.019533e-02 
 1.972205e+01  3.019532e-02 
 1.972237e+01  3.019531e-02 
 1.972269e+01  3.019530e-02 
 1.972301e+01  3.019530e-02 
 1.972333e+01  3.019529e-02 
 1.972366e+01  3.019528e-02 
 1.972398e+01  3.019527e-02 
 1.972430e+01  3.019526e-02 
 1.972462e+01  3.019526e-02 
 1.972494e+01  3.019525e-02 
 1.972526e+01  3.019524e-02 
 1.972558e+01  3.019523e-02 
 1.972591e+01  3.019522e-02 
 1.972623e+01  3.019522e-02 
 1.972655e+01  3.019521e-02 
 1.972687e+01  3.019520e-02 
 1.972719e+01  3.019519e-02 
 1.972751e+01  3.019518e-02 
 1.972784e+01  3.019517e-02 
 1.972816e+01  3.019517e-02 
 1.972848e+01  3.019516e-02 
 1.972880e+01  3.019515e-02 
 1.972912e+01  3.019514e-02 
 1.972944e+01  3.019513e-02 
 1.972976e+01  3.019512e-02 
 1.973009e+01  3.019511e-02 
 1.973041e+01  3.019510e-02 
 1.973073e+01  3.019509e-02 
 1.973105e+01  3.019509e-02 
 1.973137e+01  3.019508e-02 
 1.973169e+01  3.019507e-02 
 1.973202e+01  3.019506e-02 
 1.973234e+01  3.019505e-02 
 1.973266e+01  3.019504e-02 
 1.973298e+01  3.019503e-02 
 1.973330e+01  3.019502e-02 
 1.973362e+01  3.019501e-02 
 1.973395e+01  3.019500e-02 
 1.973427e+01  3.019499e-02 
 1.973459e+01  3.019498e-02 
 1.973491e+01  3.019497e-02 
 1.973523e+01  3.019496e-02 
 1.973555e+01  3.019495e-02 
 1.973587e+01  3.019494e-02 
 1.973620e+01  3.019493e-02 
 1.973652e+01  3.019492e-02 
 1.973684e+01  3.019491e-02 
 1.973716e+01  3.019490e-02 
 1.973748e+01  3.019489e-02 
 1.973780e+01  3.019488e-02 
 1.973813e+01  3.019487e-02 
 1.973845e+01  3.019486e-02 
 1.973877e+01  3.019485e-02 
 1.973909e+01  3.019484e-02 
 1.973941e+01  3.019483e-02 
 1.973973e+01  3.019482e-02 
 1.974005e+01  3.019481e-02 
 1.974038e+01  3.019480e-02 
 1.974070e+01  3.019479e-02 
 1.974102e+01  3.019478e-02 
 1.974134e+01  3.019477e-02 
 1.974166e+01  3.019476e-02 
 1.974198e+01  3.019474e-02 
 1.974231e+01  3.019473e-02 
 1.974263e+01  3.019472e-02 
 1.974295e+01  3.019471e-02 
 1.974327e+01  3.019470e-02 
 1.974359e+01  3.019469e-02 
 1.974391e+01  3.019468e-02 
 1.974423e+01  3.019467e-02 
 1.974456e+01  3.019465e-02 
 1.974488e+01  3.019464e-02 
 1.974520e+01  3.019463e-02 
 1.974552e+01  3.019462e-02 
 1.974584e+01  3.019461e-02 
 1.974616e+01  3.019460e-02 
 1.974649e+01  3.019458e-02 
 1.974681e+01  3.019457e-02 
 1.974713e+01  3.019456e-02 
 1.974745e+01  3.019455e-02 
 1.974777e+01  3.019454e-02 
 1.974809e+01  3.019452e-02 
 1.974842e+01  3.019451e-02 
 1.974874e+01  3.019450e-02 
 1.974906e+01  3.019449e-02 
 1.974938e+01  3.019447e-02 
 1.974970e+01  3.019446e-02 
 1.975002e+01  3.019445e-02 
 1.975034e+01  3.019444e-02 
 1.975067e+01  3.019442e-02 
 1.975099e+01  3.019441e-02 
 1.975131e+01  3.019440e-02 
 1.975163e+01  3.019439e-02 
 1.975195e+01  3.019437e-02 
 1.975227e+01  3.019436e-02 
 1.975260e+01  3.019435e-02 
 1.975292e+01  3.019433e-02 
 1.975324e+01  3.019432e-02 
 1.975356e+01  3.019431e-02 
 1.975388e+01  3.019429e-02 
 1.975420e+01  3.019428e-02 
 1.975452e+01  3.019427e-02 
 1.975485e+01  3.019425e-02 
 1.975517e+01  3.019424e-02 
 1.975549e+01  3.019423e-02 
 1.975581e+01  3.019421e-02 
 1.975613e+01  3.019420e-02 
 1.975645e+01  3.019418e-02 
 1.975678e+01  3.019417e-02 
 1.975710e+01  3.019416e-02 
 1.975742e+01  3.019414e-02 
 1.975774e+01  3.019413e-02 
 1.975806e+01  3.019411e-02 
 1.975838e+01  3.019410e-02 
 1.975870e+01  3.019409e-02 
 1.975903e+01  3.019407e-02 
 1.975935e+01  3.019406e-02 
 1.975967e+01  3.019404e-02 
 1.975999e+01  3.019403e-02 
 1.976031e+01  3.019401e-02 
 1.976063e+01  3.019400e-02 
 1.976096e+01  3.019398e-02 
 1.976128e+01  3.019397e-02 
 1.976160e+01  3.019395e-02 
 1.976192e+01  3.019394e-02 
 1.976224e+01  3.019392e-02 
 1.976256e+01  3.019391e-02 
 1.976289e+01  3.019389e-02 
 1.976321e+01  3.019388e-02 
 1.976353e+01  3.019386e-02 
 1.976385e+01  3.019385e-02 
 1.976417e+01  3.019383e-02 
 1.976449e+01  3.019382e-02 
 1.976481e+01  3.019380e-02 
 1.976514e+01  3.019379e-02 
 1.976546e+01  3.019377e-02 
 1.976578e+01  3.019376e-02 
 1.976610e+01  3.019374e-02 
 1.976642e+01  3.019373e-02 
 1.976674e+01  3.019371e-02 
 1.976707e+01  3.019369e-02 
 1.976739e+01  3.019368e-02 
 1.976771e+01  3.019366e-02 
 1.976803e+01  3.019365e-02 
 1.976835e+01  3.019363e-02 
 1.976867e+01  3.019361e-02 
 1.976899e+01  3.019360e-02 
 1.976932e+01  3.019358e-02 
 1.976964e+01  3.019357e-02 
 1.976996e+01  3.019355e-02 
 1.977028e+01  3.019353e-02 
 1.977060e+01  3.019352e-02 
 1.977092e+01  3.019350e-02 
 1.977125e+01  3.019348e-02 
 1.977157e+01  3.019347e-02 
 1.977189e+01  3.019345e-02 
 1.977221e+01  3.019343e-02 
 1.977253e+01  3.019342e-02 
 1.977285e+01  3.019340e-02 
 1.977318e+01  3.019338e-02 
 1.977350e+01  3.019337e-02 
 1.977382e+01  3.019335e-02 
 1.977414e+01  3.019333e-02 
 1.977446e+01  3.019332e-02 
 1.977478e+01  3.019330e-02 
 1.977510e+01  3.019328e-02 
 1.977543e+01  3.019326e-02 
 1.977575e+01  3.019325e-02 
 1.977607e+01  3.019323e-02 
 1.977639e+01  3.019321e-02 
 1.977671e+01  3.019319e-02 
 1.977703e+01  3.019318e-02 
 1.977736e+01  3.019316e-02 
 1.977768e+01  3.019314e-02 
 1.977800e+01  3.019312e-02 
 1.977832e+01  3.019311e-02 
 1.977864e+01  3.019309e-02 
 1.977896e+01  3.019307e-02 
 1.977928e+01  3.019305e-02 
 1.977961e+01  3.019304e-02 
 1.977993e+01  3.019302e-02 
 1.978025e+01  3.019300e-02 
 1.978057e+01  3.019298e-02 
 1.978089e+01  3.019296e-02 
 1.978121e+01  3.019294e-02 
 1.978154e+01  3.019293e-02 
 1.978186e+01  3.019291e-02 
 1.978218e+01  3.019289e-02 
 1.978250e+01  3.019287e-02 
 1.978282e+01  3.019285e-02 
 1.978314e+01  3.019283e-02 
 1.978346e+01  3.019281e-02 
 1.978379e+01  3.019279e-02 
 1.978411e+01  3.019278e-02 
 1.978443e+01  3.019276e-02 
 1.978475e+01  3.019274e-02 
 1.978507e+01  3.019272e-02 
 1.978539e+01  3.019270e-02 
 1.978572e+01  3.019268e-02 
 1.978604e+01  3.019266e-02 
 1.978636e+01  3.019264e-02 
 1.978668e+01  3.019262e-02 
 1.978700e+01  3.019260e-02 
 1.978732e+01  3.019258e-02 
 1.978765e+01  3.019256e-02 
 1.978797e+01  3.019254e-02 
 1.978829e+01  3.019252e-02 
 1.978861e+01  3.019250e-02 
 1.978893e+01  3.019248e-02 
 1.978925e+01  3.019246e-02 
 1.978957e+01  3.019244e-02 
 1.978990e+01  3.019242e-02 
 1.979022e+01  3.019240e-02 
 1.979054e+01  3.019238e-02 
 1.979086e+01  3.019236e-02 
 1.979118e+01  3.019234e-02 
 1.979150e+01  3.019232e-02 
 1.979183e+01  3.019230e-02 
 1.979215e+01  3.019228e-02 
 1.979247e+01  3.019226e-02 
 1.979279e+01  3.019224e-02 
 1.979311e+01  3.019221e-02 
 1.979343e+01  3.019219e-02 
 1.979375e+01  3.019217e-02 
 1.979408e+01  3.019215e-02 
 1.979440e+01  3.019213e-02 
 1.979472e+01  3.019211e-02 
 1.979504e+01  3.019209e-02 
 1.979536e+01  3.019206e-02 
 1.979568e+01  3.019204e-02 
 1.979601e+01  3.019202e-02 
 1.979633e+01  3.019200e-02 
 1.979665e+01  3.019198e-02 
 1.979697e+01  3.019196e-02 
 1.979729e+01  3.019193e-02 
 1.979761e+01  3.019191e-02 
 1.979793e+01  3.019189e-02 
 1.979826e+01  3.019187e-02 
 1.979858e+01  3.019184e-02 
 1.979890e+01  3.019182e-02 
 1.979922e+01  3.019180e-02 
 1.979954e+01  3.019178e-02 
 1.979986e+01  3.019175e-02 
 1.980019e+01  3.019173e-02 
 1.980051e+01  3.019171e-02 
 1.980083e+01  3.019169e-02 
 1.980115e+01  3.019166e-02 
 1.980147e+01  3.019164e-02 
 1.980179e+01  3.019162e-02 
 1.980212e+01  3.019159e-02 
 1.980244e+01  3.019157e-02 
 1.980276e+01  3.019155e-02 
 1.980308e+01  3.019152e-02 
 1.980340e+01  3.019150e-02 
 1.980372e+01  3.019148e-02 
 1.980404e+01  3.019146e-02 
 1.980437e+01  3.019143e-02 
 1.980469e+01  3.019141e-02 
 1.980501e+01  3.019138e-02 
 1.980533e+01  3.019136e-02 
 1.980565e+01  3.019134e-02 
 1.980597e+01  3.019131e-02 
 1.980630e+01  3.019129e-02 
 1.980662e+01  3.019127e-02 
 1.980694e+01  3.019124e-02 
 1.980726e+01  3.019122e-02 
 1.980758e+01  3.019119e-02 
 1.980790e+01  3.019117e-02 
 1.980822e+01  3.019115e-02 
 1.980855e+01  3.019112e-02 
 1.980887e+01  3.019110e-02 
 1.980919e+01  3.019108e-02 
 1.980951e+01  3.019105e-02 
 1.980983e+01  3.019103e-02 
 1.981015e+01  3.019100e-02 
 1.981048e+01  3.019098e-02 
 1.981080e+01  3.019095e-02 
 1.981112e+01  3.019093e-02 
 1.981144e+01  3.019091e-02 
 1.981176e+01  3.019088e-02 
 1.981208e+01  3.019086e-02 
 1.981240e+01  3.019083e-02 
 1.981273e+01  3.019081e-02 
 1.981305e+01  3.019079e-02 
 1.981337e+01  3.019076e-02 
 1.981369e+01  3.019074e-02 
 1.981401e+01  3.019071e-02 
 1.981433e+01  3.019069e-02 
 1.981466e+01  3.019066e-02 
 1.981498e+01  3.019064e-02 
 1.981530e+01  3.019062e-02 
 1.981562e+01  3.019059e-02 
 1.981594e+01  3.019057e-02 
 1.981626e+01  3.019054e-02 
 1.981659e+01  3.019052e-02 
 1.981691e+01  3.019049e-02 
 1.981723e+01  3.019047e-02 
 1.981755e+01  3.019045e-02 
 1.981787e+01  3.019042e-02 
 1.981819e+01  3.019040e-02 
 1.981851e+01  3.019037e-02 
 1.981884e+01  3.019035e-02 
 1.981916e+01  3.019032e-02 
 1.981948e+01  3.019030e-02 
 1.981980e+01  3.019028e-02 
 1.982012e+01  3.019025e-02 
 1.982044e+01  3.019023e-02 
 1.982077e+01  3.019020e-02 
 1.982109e+01  3.019018e-02 
 1.982141e+01  3.019016e-02 
 1.982173e+01  3.019013e-02 
 1.982205e+01  3.019011e-02 
 1.982237e+01  3.019008e-02 
 1.982269e+01  3.019006e-02 
 1.982302e+01  3.019004e-02 
 1.982334e+01  3.019001e-02 
 1.982366e+01  3.018999e-02 
 1.982398e+01  3.018996e-02 
 1.982430e+01  3.018994e-02 
 1.982462e+01  3.018992e-02 
 1.982495e+01  3.018989e-02 
 1.982527e+01  3.018987e-02 
 1.982559e+01  3.018985e-02 
 1.982591e+01  3.018982e-02 
 1.982623e+01  3.018980e-02 
 1.982655e+01  3.018977e-02 
 1.982687e+01  3.018975e-02 
 1.982720e+01  3.018973e-02 
 1.982752e+01  3.018970e-02 
 1.982784e+01  3.018968e-02 
 1.982816e+01  3.018966e-02 
 1.982848e+01  3.018963e-02 
 1.982880e+01  3.018961e-02 
 1.982913e+01  3.018959e-02 
 1.982945e+01  3.018956e-02 
 1.982977e+01  3.018954e-02 
 1.983009e+01  3.018952e-02 
 1.983041e+01  3.018949e-02 
 1.983073e+01  3.018947e-02 
 1.983106e+01  3.018945e-02 
 1.983138e+01  3.018942e-02 
 1.983170e+01  3.018940e-02 
 1.983202e+01  3.018938e-02 
 1.983234e+01  3.018935e-02 
 1.983266e+01  3.018933e-02 
 1.983298e+01  3.018931e-02 
 1.983331e+01  3.018928e-02 
 1.983363e+01  3.018926e-02 
 1.983395e+01  3.018924e-02 
 1.983427e+01  3.018922e-02 
 1.983459e+01  3.018919e-02 
 1.983491e+01  3.018917e-02 
 1.983524e+01  3.018915e-02 
 1.983556e+01  3.018912e-02 
 1.983588e+01  3.018910e-02 
 1.983620e+01  3.018908e-02 
 1.983652e+01  3.018906e-02 
 1.983684e+01  3.018903e-02 
 1.983716e+01  3.018901e-02 
 1.983749e+01  3.018899e-02 
 1.983781e+01  3.018896e-02 
 1.983813e+01  3.018894e-02 
 1.983845e+01  3.018892e-02 
 1.983877e+01  3.018890e-02 
 1.983909e+01  3.018887e-02 
 1.983942e+01  3.018885e-02 
 1.983974e+01  3.018883e-02 
 1.984006e+01  3.018881e-02 
 1.984038e+01  3.018878e-02 
 1.984070e+01  3.018876e-02 
 1.984102e+01  3.018874e-02 
 1.984134e+01  3.018871e-02 
 1.984167e+01  3.018869e-02 
 1.984199e+01  3.018867e-02 
 1.984231e+01  3.018865e-02 
 1.984263e+01  3.018862e-02 
 1.984295e+01  3.018860e-02 
 1.984327e+01  3.018858e-02 
 1.984360e+01  3.018856e-02 
 1.984392e+01  3.018853e-02 
 1.984424e+01  3.018851e-02 
 1.984456e+01  3.018849e-02 
 1.984488e+01  3.018847e-02 
 1.984520e+01  3.018845e-02 
 1.984553e+01  3.018842e-02 
 1.984585e+01  3.018840e-02 
 1.984617e+01  3.018838e-02 
 1.984649e+01  3.018836e-02 
 1.984681e+01  3.018833e-02 
 1.984713e+01  3.018831e-02 
 1.984745e+01  3.018829e-02 
 1.984778e+01  3.018827e-02 
 1.984810e+01  3.018825e-02 
 1.984842e+01  3.018822e-02 
 1.984874e+01  3.018820e-02 
 1.984906e+01  3.018818e-02 
 1.984938e+01  3.018816e-02 
 1.984971e+01  3.018814e-02 
 1.985003e+01  3.018811e-02 
 1.985035e+01  3.018809e-02 
 1.985067e+01  3.018807e-02 
 1.985099e+01  3.018805e-02 
 1.985131e+01  3.018803e-02 
 1.985163e+01  3.018801e-02 
 1.985196e+01  3.018798e-02 
 1.985228e+01  3.018796e-02 
 1.985260e+01  3.018794e-02 
 1.985292e+01  3.018792e-02 
 1.985324e+01  3.018790e-02 
 1.985356e+01  3.018788e-02 
 1.985389e+01  3.018785e-02 
 1.985421e+01  3.018783e-02 
 1.985453e+01  3.018781e-02 
 1.985485e+01  3.018779e-02 
 1.985517e+01  3.018777e-02 
 1.985549e+01  3.018775e-02 
 1.985582e+01  3.018773e-02 
 1.985614e+01  3.018770e-02 
 1.985646e+01  3.018768e-02 
 1.985678e+01  3.018766e-02 
 1.985710e+01  3.018764e-02 
 1.985742e+01  3.018762e-02 
 1.985774e+01  3.018760e-02 
 1.985807e+01  3.018758e-02 
 1.985839e+01  3.018756e-02 
 1.985871e+01  3.018754e-02 
 1.985903e+01  3.018751e-02 
 1.985935e+01  3.018749e-02 
 1.985967e+01  3.018747e-02 
 1.986000e+01  3.018745e-02 
 1.986032e+01  3.018743e-02 
 1.986064e+01  3.018741e-02 
 1.986096e+01  3.018739e-02 
 1.986128e+01  3.018737e-02 
 1.986160e+01  3.018735e-02 
 1.986192e+01  3.018733e-02 
 1.986225e+01  3.018731e-02 
 1.986257e+01  3.018729e-02 
 1.986289e+01  3.018727e-02 
 1.986321e+01  3.018724e-02 
 1.986353e+01  3.018722e-02 
 1.986385e+01  3.018720e-02 
 1.986418e+01  3.018718e-02 
 1.986450e+01  3.018716e-02 
 1.986482e+01  3.018714e-02 
 1.986514e+01  3.018712e-02 
 1.986546e+01  3.018710e-02 
 1.986578e+01  3.018708e-02 
 1.986610e+01  3.018706e-02 
 1.986643e+01  3.018704e-02 
 1.986675e+01  3.018702e-02 
 1.986707e+01  3.018700e-02 
 1.986739e+01  3.018698e-02 
 1.986771e+01  3.018696e-02 
 1.986803e+01  3.018694e-02 
 1.986836e+01  3.018692e-02 
 1.986868e+01  3.018690e-02 
 1.986900e+01  3.018688e-02 
 1.986932e+01  3.018686e-02 
 1.986964e+01  3.018684e-02 
 1.986996e+01  3.018682e-02 
 1.987029e+01  3.018680e-02 
 1.987061e+01  3.018678e-02 
 1.987093e+01  3.018676e-02 
 1.987125e+01  3.018674e-02 
 1.987157e+01  3.018672e-02 
 1.987189e+01  3.018671e-02 
 1.987221e+01  3.018669e-02 
 1.987254e+01  3.018667e-02 
 1.987286e+01  3.018665e-02 
 1.987318e+01  3.018663e-02 
 1.987350e+01  3.018661e-02 
 1.987382e+01  3.018659e-02 
 1.987414e+01  3.018657e-02 
 1.987447e+01  3.018655e-02 
 1.987479e+01  3.018653e-02 
 1.987511e+01  3.018651e-02 
 1.987543e+01  3.018650e-02 
 1.987575e+01  3.018648e-02 
 1.987607e+01  3.018646e-02 
 1.987639e+01  3.018644e-02 
 1.987672e+01  3.018642e-02 
 1.987704e+01  3.018640e-02 
 1.987736e+01  3.018639e-02 
 1.987768e+01  3.018637e-02 
 1.987800e+01  3.018635e-02 
 1.987832e+01  3.018633e-02 
 1.987865e+01  3.018631e-02 
 1.987897e+01  3.018629e-02 
 1.987929e+01  3.018628e-02 
 1.987961e+01  3.018626e-02 
 1.987993e+01  3.018624e-02 
 1.988025e+01  3.018622e-02 
 1.988057e+01  3.018621e-02 
 1.988090e+01  3.018619e-02 
 1.988122e+01  3.018617e-02 
 1.988154e+01  3.018615e-02 
 1.988186e+01  3.018614e-02 
 1.988218e+01  3.018612e-02 
 1.988250e+01  3.018610e-02 
 1.988283e+01  3.018608e-02 
 1.988315e+01  3.018607e-02 
 1.988347e+01  3.018605e-02 
 1.988379e+01  3.018603e-02 
 1.988411e+01  3.018602e-02 
 1.988443e+01  3.018600e-02 
 1.988476e+01  3.018598e-02 
 1.988508e+01  3.018597e-02 
 1.988540e+01  3.018595e-02 
 1.988572e+01  3.018593e-02 
 1.988604e+01  3.018592e-02 
 1.988636e+01  3.018590e-02 
 1.988668e+01  3.018588e-02 
 1.988701e+01  3.018587e-02 
 1.988733e+01  3.018585e-02 
 1.988765e+01  3.018584e-02 
 1.988797e+01  3.018582e-02 
 1.988829e+01  3.018580e-02 
 1.988861e+01  3.018579e-02 
 1.988894e+01  3.018577e-02 
 1.988926e+01  3.018576e-02 
 1.988958e+01  3.018574e-02 
 1.988990e+01  3.018573e-02 
 1.989022e+01  3.018571e-02 
 1.989054e+01  3.018569e-02 
 1.989086e+01  3.018568e-02 
 1.989119e+01  3.018566e-02 
 1.989151e+01  3.018565e-02 
 1.989183e+01  3.018563e-02 
 1.989215e+01  3.018562e-02 
 1.989247e+01  3.018560e-02 
 1.989279e+01  3.018559e-02 
 1.989312e+01  3.018557e-02 
 1.989344e+01  3.018556e-02 
 1.989376e+01  3.018555e-02 
 1.989408e+01  3.018553e-02 
 1.989440e+01  3.018552e-02 
 1.989472e+01  3.018550e-02 
 1.989504e+01  3.018549e-02 
 1.989537e+01  3.018547e-02 
 1.989569e+01  3.018546e-02 
 1.989601e+01  3.018544e-02 
 1.989633e+01  3.018543e-02 
 1.989665e+01  3.018542e-02 
 1.989697e+01  3.018540e-02 
 1.989730e+01  3.018539e-02 
 1.989762e+01  3.018537e-02 
 1.989794e+01  3.018536e-02 
 1.989826e+01  3.018535e-02 
 1.989858e+01  3.018533e-02 
 1.989890e+01  3.018532e-02 
 1.989923e+01  3.018531e-02 
 1.989955e+01  3.018529e-02 
 1.989987e+01  3.018528e-02 
 1.990019e+01  3.018527e-02 
 1.990051e+01  3.018525e-02 
 1.990083e+01  3.018524e-02 
 1.990115e+01  3.018523e-02 
 1.990148e+01  3.018522e-02 
 1.990180e+01  3.018520e-02 
 1.990212e+01  3.018519e-02 
 1.990244e+01  3.018518e-02 
 1.990276e+01  3.018516e-02 
 1.990308e+01  3.018515e-02 
 1.990341e+01  3.018514e-02 
 1.990373e+01  3.018513e-02 
 1.990405e+01  3.018512e-02 
 1.990437e+01  3.018510e-02 
 1.990469e+01  3.018509e-02 
 1.990501e+01  3.018508e-02 
 1.990533e+01  3.018507e-02 
 1.990566e+01  3.018505e-02 
 1.990598e+01  3.018504e-02 
 1.990630e+01  3.018503e-02 
 1.990662e+01  3.018502e-02 
 1.990694e+01  3.018501e-02 
 1.990726e+01  3.018500e-02 
 1.990759e+01  3.018498e-02 
 1.990791e+01  3.018497e-02 
 1.990823e+01  3.018496e-02 
 1.990855e+01  3.018495e-02 
 1.990887e+01  3.018494e-02 
 1.990919e+01  3.018493e-02 
 1.990951e+01  3.018492e-02 
 1.990984e+01  3.018491e-02 
 1.991016e+01  3.018490e-02 
 1.991048e+01  3.018488e-02 
 1.991080e+01  3.018487e-02 
 1.991112e+01  3.018486e-02 
 1.991144e+01  3.018485e-02 
 1.991177e+01  3.018484e-02 
 1.991209e+01  3.018483e-02 
 1.991241e+01  3.018482e-02 
 1.991273e+01  3.018481e-02 
 1.991305e+01  3.018480e-02 
 1.991337e+01  3.018479e-02 
 1.991370e+01  3.018478e-02 
 1.991402e+01  3.018477e-02 
 1.991434e+01  3.018476e-02 
 1.991466e+01  3.018475e-02 
 1.991498e+01  3.018474e-02 
 1.991530e+01  3.018473e-02 
 1.991562e+01  3.018472e-02 
 1.991595e+01  3.018471e-02 
 1.991627e+01  3.018470e-02 
 1.991659e+01  3.018469e-02 
 1.991691e+01  3.018468e-02 
 1.991723e+01  3.018467e-02 
 1.991755e+01  3.018466e-02 
 1.991788e+01  3.018465e-02 
 1.991820e+01  3.018464e-02 
 1.991852e+01  3.018463e-02 
 1.991884e+01  3.018463e-02 
 1.991916e+01  3.018462e-02 
 1.991948e+01  3.018461e-02 
 1.991980e+01  3.018460e-02 
 1.992013e+01  3.018459e-02 
 1.992045e+01  3.018458e-02 
 1.992077e+01  3.018457e-02 
 1.992109e+01  3.018456e-02 
 1.992141e+01  3.018456e-02 
 1.992173e+01  3.018455e-02 
 1.992206e+01  3.018454e-02 
 1.992238e+01  3.018453e-02 
 1.992270e+01  3.018452e-02 
 1.992302e+01  3.018451e-02 
 1.992334e+01  3.018451e-02 
 1.992366e+01  3.018450e-02 
 1.992398e+01  3.018449e-02 
 1.992431e+01  3.018448e-02 
 1.992463e+01  3.018447e-02 
 1.992495e+01  3.018447e-02 
 1.992527e+01  3.018446e-02 
 1.992559e+01  3.018445e-02 
 1.992591e+01  3.018444e-02 
 1.992624e+01  3.018444e-02 
 1.992656e+01  3.018443e-02 
 1.992688e+01  3.018442e-02 
 1.992720e+01  3.018442e-02 
 1.992752e+01  3.018441e-02 
 1.992784e+01  3.018440e-02 
 1.992817e+01  3.018440e-02 
 1.992849e+01  3.018439e-02 
 1.992881e+01  3.018438e-02 
 1.992913e+01  3.018438e-02 
 1.992945e+01  3.018437e-02 
 1.992977e+01  3.018436e-02 
 1.993009e+01  3.018436e-02 
 1.993042e+01  3.018435e-02 
 1.993074e+01  3.018434e-02 
 1.993106e+01  3.018434e-02 
 1.993138e+01  3.018433e-02 
 1.993170e+01  3.018433e-02 
 1.993202e+01  3.018432e-02 
 1.993235e+01  3.018432e-02 
 1.993267e+01  3.018431e-02 
 1.993299e+01  3.018430e-02 
 1.993331e+01  3.018430e-02 
 1.993363e+01  3.018429e-02 
 1.993395e+01  3.018429e-02 
 1.993427e+01  3.018428e-02 
 1.993460e+01  3.018428e-02 
 1.993492e+01  3.018427e-02 
 1.993524e+01  3.018427e-02 
 1.993556e+01  3.018426e-02 
 1.993588e+01  3.018426e-02 
 1.993620e+01  3.018425e-02 
 1.993653e+01  3.018425e-02 
 1.993685e+01  3.018424e-02 
 1.993717e+01  3.018424e-02 
 1.993749e+01  3.018424e-02 
 1.993781e+01  3.018423e-02 
 1.993813e+01  3.018423e-02 
 1.993845e+01  3.018422e-02 
 1.993878e+01  3.018422e-02 
 1.993910e+01  3.018421e-02 
 1.993942e+01  3.018421e-02 
 1.993974e+01  3.018421e-02 
 1.994006e+01  3.018420e-02 
 1.994038e+01  3.018420e-02 
 1.994071e+01  3.018419e-02 
 1.994103e+01  3.018419e-02 
 1.994135e+01  3.018419e-02 
 1.994167e+01  3.018418e-02 
 1.994199e+01  3.018418e-02 
 1.994231e+01  3.018418e-02 
 1.994264e+01  3.018417e-02 
 1.994296e+01  3.018417e-02 
 1.994328e+01  3.018417e-02 
 1.994360e+01  3.018416e-02 
 1.994392e+01  3.018416e-02 
 1.994424e+01  3.018416e-02 
 1.994456e+01  3.018416e-02 
 1.994489e+01  3.018415e-02 
 1.994521e+01  3.018415e-02 
 1.994553e+01  3.018415e-02 
 1.994585e+01  3.018414e-02 
 1.994617e+01  3.018414e-02 
 1.994649e+01  3.018414e-02 
 1.994682e+01  3.018414e-02 
 1.994714e+01  3.018413e-02 
 1.994746e+01  3.018413e-02 
 1.994778e+01  3.018413e-02 
 1.994810e+01  3.018413e-02 
 1.994842e+01  3.018413e-02 
 1.994874e+01  3.018412e-02 
 1.994907e+01  3.018412e-02 
 1.994939e+01  3.018412e-02 
 1.994971e+01  3.018412e-02 
 1.995003e+01  3.018412e-02 
 1.995035e+01  3.018411e-02 
 1.995067e+01  3.018411e-02 
 1.995100e+01  3.018411e-02 
 1.995132e+01  3.018411e-02 
 1.995164e+01  3.018411e-02 
 1.995196e+01  3.018411e-02 
 1.995228e+01  3.018410e-02 
 1.995260e+01  3.018410e-02 
 1.995293e+01  3.018410e-02 
 1.995325e+01  3.018410e-02 
 1.995357e+01  3.018410e-02 
 1.995389e+01  3.018410e-02 
 1.995421e+01  3.018410e-02 
 1.995453e+01  3.018410e-02 
 1.995485e+01  3.018410e-02 
 1.995518e+01  3.018410e-02 
 1.995550e+01  3.018409e-02 
 1.995582e+01  3.018409e-02 
 1.995614e+01  3.018409e-02 
 1.995646e+01  3.018409e-02 
 1.995678e+01  3.018409e-02 
 1.995711e+01  3.018409e-02 
 1.995743e+01  3.018409e-02 
 1.995775e+01  3.018409e-02 
 1.995807e+01  3.018409e-02 
 1.995839e+01  3.018409e-02 
 1.995871e+01  3.018409e-02 
 1.995903e+01  3.018409e-02 
 1.995936e+01  3.018409e-02 
 1.995968e+01  3.018409e-02 
 1.996000e+01  3.018409e-02 
 1.996032e+01  3.018409e-02 
 1.996064e+01  3.018409e-02 
 1.996096e+01  3.018409e-02 
 1.996129e+01  3.018409e-02 
 1.996161e+01  3.018409e-02 
 1.996193e+01  3.018409e-02 
 1.996225e+01  3.018409e-02 
 1.996257e+01  3.018409e-02 
 1.996289e+01  3.018409e-02 
 1.996321e+01  3.018409e-02 
 1.996354e+01  3.018409e-02 
 1.996386e+01  3.018410e-02 
 1.996418e+01  3.018410e-02 
 1.996450e+01  3.018410e-02 
 1.996482e+01  3.018410e-02 
 1.996514e+01  3.018410e-02 
 1.996547e+01  3.018410e-02 
 1.996579e+01  3.018410e-02 
 1.996611e+01  3.018410e-02 
 1.996643e+01  3.018410e-02 
 1.996675e+01  3.018410e-02 
 1.996707e+01  3.018411e-02 
 1.996740e+01  3.018411e-02 
 1.996772e+01  3.018411e-02 
 1.996804e+01  3.018411e-02 
 1.996836e+01  3.018411e-02 
 1.996868e+01  3.018411e-02 
 1.996900e+01  3.018411e-02 
 1.996932e+01  3.018412e-02 
 1.996965e+01  3.018412e-02 
 1.996997e+01  3.018412e-02 
 1.997029e+01  3.018412e-02 
 1.997061e+01  3.018412e-02 
 1.997093e+01  3.018413e-02 
 1.997125e+01  3.018413e-02 
 1.997158e+01  3.018413e-02 
 1.997190e+01  3.018413e-02 
 1.997222e+01  3.018413e-02 
 1.997254e+01  3.018414e-02 
 1.997286e+01  3.018414e-02 
 1.997318e+01  3.018414e-02 
 1.997350e+01  3.018414e-02 
 1.997383e+01  3.018415e-02 
 1.997415e+01  3.018415e-02 
 1.997447e+01  3.018415e-02 
 1.997479e+01  3.018415e-02 
 1.997511e+01  3.018415e-02 
 1.997543e+01  3.018416e-02 
 1.997576e+01  3.018416e-02 
 1.997608e+01  3.018416e-02 
 1.997640e+01  3.018417e-02 
 1.997672e+01  3.018417e-02 
 1.997704e+01  3.018417e-02 
 1.997736e+01  3.018417e-02 
 1.997768e+01  3.018418e-02 
 1.997801e+01  3.018418e-02 
 1.997833e+01  3.018418e-02 
 1.997865e+01  3.018419e-02 
 1.997897e+01  3.018419e-02 
 1.997929e+01  3.018419e-02 
 1.997961e+01  3.018419e-02 
 1.997994e+01  3.018420e-02 
 1.998026e+01  3.018420e-02 
 1.998058e+01  3.018420e-02 
 1.998090e+01  3.018421e-02 
 1.998122e+01  3.018421e-02 
 1.998154e+01  3.018421e-02 
 1.998187e+01  3.018422e-02 
 1.998219e+01  3.018422e-02 
 1.998251e+01  3.018422e-02 
 1.998283e+01  3.018423e-02 
 1.998315e+01  3.018423e-02 
 1.998347e+01  3.018423e-02 
 1.998379e+01  3.018424e-02 
 1.998412e+01  3.018424e-02 
 1.998444e+01  3.018425e-02 
 1.998476e+01  3.018425e-02 
 1.998508e+01  3.018425e-02 
 1.998540e+01  3.018426e-02 
 1.998572e+01  3.018426e-02 
 1.998605e+01  3.018426e-02 
 1.998637e+01  3.018427e-02 
 1.998669e+01  3.018427e-02 
 1.998701e+01  3.018428e-02 
 1.998733e+01  3.018428e-02 
 1.998765e+01  3.018428e-02 
 1.998797e+01  3.018429e-02 
 1.998830e+01  3.018429e-02 
 1.998862e+01  3.018429e-02 
 1.998894e+01  3.018430e-02 
 1.998926e+01  3.018430e-02 
 1.998958e+01  3.018431e-02 
 1.998990e+01  3.018431e-02 
 1.999023e+01  3.018431e-02 
 1.999055e+01  3.018432e-02 
 1.999087e+01  3.018432e-02 
 1.999119e+01  3.018433e-02 
 1.999151e+01  3.018433e-02 
 1.999183e+01  3.018434e-02 
 1.999215e+01  3.018434e-02 
 1.999248e+01  3.018434e-02 
 1.999280e+01  3.018435e-02 
 1.999312e+01  3.018435e-02 
 1.999344e+01  3.018436e-02 
 1.999376e+01  3.018436e-02 
 1.999408e+01  3.018437e-02 
 1.999441e+01  3.018437e-02 
 1.999473e+01  3.018437e-02 
 1.999505e+01  3.018438e-02 
 1.999537e+01  3.018438e-02 
 1.999569e+01  3.018439e-02 
 1.999601e+01  3.018439e-02 
 1.999634e+01  3.018440e-02 
 1.999666e+01  3.018440e-02 
 1.999698e+01  3.018441e-02 
 1.999730e+01  3.018441e-02 
 1.999762e+01  3.018442e-02 
 1.999794e+01  3.018442e-02 
 1.999826e+01  3.018442e-02 
 1.999859e+01  3.018443e-02 
 1.999891e+01  3.018443e-02 
 1.999923e+01  3.018444e-02 
 1.999955e+01  3.018444e-02 
 1.999987e+01  3.018445e-02 
 2.000019e+01  3.018445e-02 
 2.000052e+01  3.018446e-02 
 2.000084e+01  3.018446e-02 
 2.000116e+01  3.018447e-02 
 2.000148e+01  3.018447e-02 
 2.000180e+01  3.018448e-02 
 2.000212e+01  3.018448e-02 
 2.000244e+01  3.018449e-02 
 2.000277e+01  3.018449e-02 
 2.000309e+01  3.018450e-02 
 2.000341e+01  3.018450e-02 
 2.000373e+01  3.018451e-02 
 2.000405e+01  3.018451e-02 
 2.000437e+01  3.018452e-02 
 2.000470e+01  3.018452e-02 
 2.000502e+01  3.018453e-02 
 2.000534e+01  3.018453e-02 
 2.000566e+01  3.018454e-02 
 2.000598e+01  3.018454e-02 
 2.000630e+01  3.018455e-02 
 2.000662e+01  3.018455e-02 
 2.000695e+01  3.018456e-02 
 2.000727e+01  3.018456e-02 
 2.000759e+01  3.018457e-02 
 2.000791e+01  3.018457e-02 
 2.000823e+01  3.018458e-02 
 2.000855e+01  3.018459e-02 
 2.000888e+01  3.018459e-02 
 2.000920e+01  3.018460e-02 
 2.000952e+01  3.018460e-02 
 2.000984e+01  3.018461e-02 
 2.001016e+01  3.018461e-02 
 2.001048e+01  3.018462e-02 
 2.001081e+01  3.018462e-02 
 2.001113e+01  3.018463e-02 
 2.001145e+01  3.018463e-02 
 2.001177e+01  3.018464e-02 
 2.001209e+01  3.018465e-02 
 2.001241e+01  3.018465e-02 
 2.001273e+01  3.018466e-02 
 2.001306e+01  3.018466e-02 
 2.001338e+01  3.018467e-02 
 2.001370e+01  3.018467e-02 
 2.001402e+01  3.018468e-02 
 2.001434e+01  3.018469e-02 
 2.001466e+01  3.018469e-02 
 2.001499e+01  3.018470e-02 
 2.001531e+01  3.018470e-02 
 2.001563e+01  3.018471e-02 
 2.001595e+01  3.018472e-02 
 2.001627e+01  3.018472e-02 
 2.001659e+01  3.018473e-02 
 2.001691e+01  3.018473e-02 
 2.001724e+01  3.018474e-02 
 2.001756e+01  3.018475e-02 
 2.001788e+01  3.018475e-02 
 2.001820e+01  3.018476e-02 
 2.001852e+01  3.018476e-02 
 2.001884e+01  3.018477e-02 
 2.001917e+01  3.018478e-02 
 2.001949e+01  3.018478e-02 
 2.001981e+01  3.018479e-02 
 2.002013e+01  3.018479e-02 
 2.002045e+01  3.018480e-02 
 2.002077e+01  3.018481e-02 
 2.002109e+01  3.018481e-02 
 2.002142e+01  3.018482e-02 
 2.002174e+01  3.018483e-02 
 2.002206e+01  3.018483e-02 
 2.002238e+01  3.018484e-02 
 2.002270e+01  3.018484e-02 
 2.002302e+01  3.018485e-02 
 2.002335e+01  3.018486e-02 
 2.002367e+01  3.018486e-02 
 2.002399e+01  3.018487e-02 
 2.002431e+01  3.018488e-02 
 2.002463e+01  3.018488e-02 
 2.002495e+01  3.018489e-02 
 2.002528e+01  3.018490e-02 
 2.002560e+01  3.018490e-02 
 2.002592e+01  3.018491e-02 
 2.002624e+01  3.018492e-02 
 2.002656e+01  3.018492e-02 
 2.002688e+01  3.018493e-02 
 2.002720e+01  3.018493e-02 
 2.002753e+01  3.018494e-02 
 2.002785e+01  3.018495e-02 
 2.002817e+01  3.018495e-02 
 2.002849e+01  3.018496e-02 
 2.002881e+01  3.018497e-02 
 2.002913e+01  3.018497e-02 
 2.002946e+01  3.018498e-02 
 2.002978e+01  3.018499e-02 
 2.003010e+01  3.018499e-02 
 2.003042e+01  3.018500e-02 
 2.003074e+01  3.018501e-02 
 2.003106e+01  3.018501e-02 
 2.003138e+01  3.018502e-02 
 2.003171e+01  3.018503e-02 
 2.003203e+01  3.018504e-02 
 2.003235e+01  3.018504e-02 
 2.003267e+01  3.018505e-02 
 2.003299e+01  3.018506e-02 
 2.003331e+01  3.018506e-02 
 2.003364e+01  3.018507e-02 
 2.003396e+01  3.018508e-02 
 2.003428e+01  3.018508e-02 
 2.003460e+01  3.018509e-02 
 2.003492e+01  3.018510e-02 
 2.003524e+01  3.018510e-02 
 2.003557e+01  3.018511e-02 
 2.003589e+01  3.018512e-02 
 2.003621e+01  3.018512e-02 
 2.003653e+01  3.018513e-02 
 2.003685e+01  3.018514e-02 
 2.003717e+01  3.018515e-02 
 2.003749e+01  3.018515e-02 
 2.003782e+01  3.018516e-02 
 2.003814e+01  3.018517e-02 
 2.003846e+01  3.018517e-02 
 2.003878e+01  3.018518e-02 
 2.003910e+01  3.018519e-02 
 2.003942e+01  3.018520e-02 
 2.003975e+01  3.018520e-02 
 2.004007e+01  3.018521e-02 
 2.004039e+01  3.018522e-02 
 2.004071e+01  3.018522e-02 
 2.004103e+01  3.018523e-02 
 2.004135e+01  3.018524e-02 
 2.004167e+01  3.018525e-02 
 2.004200e+01  3.018525e-02 
 2.004232e+01  3.018526e-02 
 2.004264e+01  3.018527e-02 
 2.004296e+01  3.018527e-02 
 2.004328e+01  3.018528e-02 
 2.004360e+01  3.018529e-02 
 2.004393e+01  3.018530e-02 
 2.004425e+01  3.018530e-02 
 2.004457e+01  3.018531e-02 
 2.004489e+01  3.018532e-02 
 2.004521e+01  3.018533e-02 
 2.004553e+01  3.018533e-02 
 2.004585e+01  3.018534e-02 
 2.004618e+01  3.018535e-02 
 2.004650e+01  3.018536e-02 
 2.004682e+01  3.018536e-02 
 2.004714e+01  3.018537e-02 
 2.004746e+01  3.018538e-02 
 2.004778e+01  3.018539e-02 
 2.004811e+01  3.018539e-02 
 2.004843e+01  3.018540e-02 
 2.004875e+01  3.018541e-02 
 2.004907e+01  3.018542e-02 
 2.004939e+01  3.018542e-02 
 2.004971e+01  3.018543e-02 
 2.005004e+01  3.018544e-02 
 2.005036e+01  3.018545e-02 
 2.005068e+01  3.018546e-02 
 2.005100e+01  3.018546e-02 
 2.005132e+01  3.018547e-02 
 2.005164e+01  3.018548e-02 
 2.005196e+01  3.018549e-02 
 2.005229e+01  3.018549e-02 
 2.005261e+01  3.018550e-02 
 2.005293e+01  3.018551e-02 
 2.005325e+01  3.018552e-02 
 2.005357e+01  3.018552e-02 
 2.005389e+01  3.018553e-02 
 2.005422e+01  3.018554e-02 
 2.005454e+01  3.018555e-02 
 2.005486e+01  3.018556e-02 
 2.005518e+01  3.018556e-02 
 2.005550e+01  3.018557e-02 
 2.005582e+01  3.018558e-02 
 2.005614e+01  3.018559e-02 
 2.005647e+01  3.018559e-02 
 2.005679e+01  3.018560e-02 
 2.005711e+01  3.018561e-02 
 2.005743e+01  3.018562e-02 
 2.005775e+01  3.018562e-02 
 2.005807e+01  3.018563e-02 
 2.005840e+01  3.018564e-02 
 2.005872e+01  3.018565e-02 
 2.005904e+01  3.018566e-02 
 2.005936e+01  3.018566e-02 
 2.005968e+01  3.018567e-02 
 2.006000e+01  3.018568e-02 
 2.006032e+01  3.018569e-02 
 2.006065e+01  3.018569e-02 
 2.006097e+01  3.018570e-02 
 2.006129e+01  3.018571e-02 
 2.006161e+01  3.018572e-02 
 2.006193e+01  3.018572e-02 
 2.006225e+01  3.018573e-02 
 2.006258e+01  3.018574e-02 
 2.006290e+01  3.018575e-02 
 2.006322e+01  3.018575e-02 
 2.006354e+01  3.018576e-02 
 2.006386e+01  3.018577e-02 
 2.006418e+01  3.018578e-02 
 2.006451e+01  3.018578e-02 
 2.006483e+01  3.018579e-02 
 2.006515e+01  3.018580e-02 
 2.006547e+01  3.018580e-02 
 2.006579e+01  3.018581e-02 
 2.006611e+01  3.018582e-02 
 2.006643e+01  3.018583e-02 
 2.006676e+01  3.018583e-02 
 2.006708e+01  3.018584e-02 
 2.006740e+01  3.018585e-02 
 2.006772e+01  3.018585e-02 
 2.006804e+01  3.018586e-02 
 2.006836e+01  3.018587e-02 
 2.006869e+01  3.018588e-02 
 2.006901e+01  3.018588e-02 
 2.006933e+01  3.018589e-02 
 2.006965e+01  3.018590e-02 
 2.006997e+01  3.018590e-02 
 2.007029e+01  3.018591e-02 
 2.007061e+01  3.018592e-02 
 2.007094e+01  3.018592e-02 
 2.007126e+01  3.018593e-02 
 2.007158e+01  3.018594e-02 
 2.007190e+01  3.018594e-02 
 2.007222e+01  3.018595e-02 
 2.007254e+01  3.018596e-02 
 2.007287e+01  3.018596e-02 
 2.007319e+01  3.018597e-02 
 2.007351e+01  3.018598e-02 
 2.007383e+01  3.018598e-02 
 2.007415e+01  3.018599e-02 
 2.007447e+01  3.018600e-02 
 2.007479e+01  3.018600e-02 
 2.007512e+01  3.018601e-02 
 2.007544e+01  3.018602e-02 
 2.007576e+01  3.018602e-02 
 2.007608e+01  3.018603e-02 
 2.007640e+01  3.018604e-02 
 2.007672e+01  3.018604e-02 
 2.007705e+01  3.018605e-02 
 2.007737e+01  3.018606e-02 
 2.007769e+01  3.018606e-02 
 2.007801e+01  3.018607e-02 
 2.007833e+01  3.018608e-02 
 2.007865e+01  3.018608e-02 
 2.007898e+01  3.018609e-02 
 2.007930e+01  3.018609e-02 
 2.007962e+01  3.018610e-02 
 2.007994e+01  3.018611e-02 
 2.008026e+01  3.018611e-02 
 2.008058e+01  3.018612e-02 
 2.008090e+01  3.018613e-02 
 2.008123e+01  3.018613e-02 
 2.008155e+01  3.018614e-02 
 2.008187e+01  3.018615e-02 
 2.008219e+01  3.018615e-02 
 2.008251e+01  3.018616e-02 
 2.008283e+01  3.018616e-02 
 2.008316e+01  3.018617e-02 
 2.008348e+01  3.018618e-02 
 2.008380e+01  3.018618e-02 
 2.008412e+01  3.018619e-02 
 2.008444e+01  3.018619e-02 
 2.008476e+01  3.018620e-02 
 2.008508e+01  3.018621e-02 
 2.008541e+01  3.018621e-02 
 2.008573e+01  3.018622e-02 
 2.008605e+01  3.018623e-02 
 2.008637e+01  3.018623e-02 
 2.008669e+01  3.018624e-02 
 2.008701e+01  3.018624e-02 
 2.008734e+01  3.018625e-02 
 2.008766e+01  3.018625e-02 
 2.008798e+01  3.018626e-02 
 2.008830e+01  3.018627e-02 
 2.008862e+01  3.018627e-02 
 2.008894e+01  3.018628e-02 
 2.008926e+01  3.018628e-02 
 2.008959e+01  3.018629e-02 
 2.008991e+01  3.018630e-02 
 2.009023e+01  3.018630e-02 
 2.009055e+01  3.018631e-02 
 2.009087e+01  3.018631e-02 
 2.009119e+01  3.018632e-02 
 2.009152e+01  3.018632e-02 
 2.009184e+01  3.018633e-02 
 2.009216e+01  3.018634e-02 
 2.009248e+01  3.018634e-02 
 2.009280e+01  3.018635e-02 
 2.009312e+01  3.018635e-02 
 2.009345e+01  3.018636e-02 
 2.009377e+01  3.018636e-02 
 2.009409e+01  3.018637e-02 
 2.009441e+01  3.018637e-02 
 2.009473e+01  3.018638e-02 
 2.009505e+01  3.018638e-02 
 2.009537e+01  3.018639e-02 
 2.009570e+01  3.018640e-02 
 2.009602e+01  3.018640e-02 
 2.009634e+01  3.018641e-02 
 2.009666e+01  3.018641e-02 
 2.009698e+01  3.018642e-02 
 2.009730e+01  3.018642e-02 
 2.009763e+01  3.018643e-02 
 2.009795e+01  3.018643e-02 
 2.009827e+01  3.018644e-02 
 2.009859e+01  3.018644e-02 
 2.009891e+01  3.018645e-02 
 2.009923e+01  3.018645e-02 
 2.009955e+01  3.018646e-02 
 2.009988e+01  3.018646e-02 
 2.010020e+01  3.018647e-02 
 2.010052e+01  3.018647e-02 
 2.010084e+01  3.018648e-02 
 2.010116e+01  3.018648e-02 
 2.010148e+01  3.018649e-02 
 2.010181e+01  3.018649e-02 
 2.010213e+01  3.018650e-02 
 2.010245e+01  3.018650e-02 
 2.010277e+01  3.018651e-02 
 2.010309e+01  3.018651e-02 
 2.010341e+01  3.018652e-02 
 2.010373e+01  3.018652e-02 
 2.010406e+01  3.018653e-02 
 2.010438e+01  3.018653e-02 
 2.010470e+01  3.018654e-02 
 2.010502e+01  3.018654e-02 
 2.010534e+01  3.018655e-02 
 2.010566e+01  3.018655e-02 
 2.010599e+01  3.018656e-02 
 2.010631e+01  3.018656e-02 
 2.010663e+01  3.018657e-02 
 2.010695e+01  3.018657e-02 
 2.010727e+01  3.018657e-02 
 2.010759e+01  3.018658e-02 
 2.010792e+01  3.018658e-02 
 2.010824e+01  3.018659e-02 
 2.010856e+01  3.018659e-02 
 2.010888e+01  3.018660e-02 
 2.010920e+01  3.018660e-02 
 2.010952e+01  3.018661e-02 
 2.010984e+01  3.018661e-02 
 2.011017e+01  3.018662e-02 
 2.011049e+01  3.018662e-02 
 2.011081e+01  3.018663e-02 
 2.011113e+01  3.018663e-02 
 2.011145e+01  3.018664e-02 
 2.011177e+01  3.018664e-02 
 2.011210e+01  3.018665e-02 
 2.011242e+01  3.018665e-02 
 2.011274e+01  3.018666e-02 
 2.011306e+01  3.018666e-02 
 2.011338e+01  3.018667e-02 
 2.011370e+01  3.018667e-02 
 2.011402e+01  3.018667e-02 
 2.011435e+01  3.018668e-02 
 2.011467e+01  3.018668e-02 
 2.011499e+01  3.018669e-02 
 2.011531e+01  3.018669e-02 
 2.011563e+01  3.018670e-02 
 2.011595e+01  3.018670e-02 
 2.011628e+01  3.018671e-02 
 2.011660e+01  3.018671e-02 
 2.011692e+01  3.018672e-02 
 2.011724e+01  3.018672e-02 
 2.011756e+01  3.018673e-02 
 2.011788e+01  3.018673e-02 
 2.011821e+01  3.018674e-02 
 2.011853e+01  3.018674e-02 
 2.011885e+01  3.018675e-02 
 2.011917e+01  3.018675e-02 
 2.011949e+01  3.018676e-02 
 2.011981e+01  3.018676e-02 
 2.012013e+01  3.018677e-02 
 2.012046e+01  3.018677e-02 
 2.012078e+01  3.018678e-02 
 2.012110e+01  3.018678e-02 
 2.012142e+01  3.018679e-02 
 2.012174e+01  3.018680e-02 
 2.012206e+01  3.018680e-02 
 2.012239e+01  3.018681e-02 
 2.012271e+01  3.018681e-02 
 2.012303e+01  3.018682e-02 
 2.012335e+01  3.018682e-02 
 2.012367e+01  3.018683e-02 
 2.012399e+01  3.018683e-02 
 2.012431e+01  3.018684e-02 
 2.012464e+01  3.018684e-02 
 2.012496e+01  3.018685e-02 
 2.012528e+01  3.018685e-02 
 2.012560e+01  3.018686e-02 
 2.012592e+01  3.018686e-02 
 2.012624e+01  3.018687e-02 
 2.012657e+01  3.018688e-02 
 2.012689e+01  3.018688e-02 
 2.012721e+01  3.018689e-02 
 2.012753e+01  3.018689e-02 
 2.012785e+01  3.018690e-02 
 2.012817e+01  3.018690e-02 
 2.012849e+01  3.018691e-02 
 2.012882e+01  3.018691e-02 
 2.012914e+01  3.018692e-02 
 2.012946e+01  3.018692e-02 
 2.012978e+01  3.018693e-02 
 2.013010e+01  3.018693e-02 
 2.013042e+01  3.018694e-02 
 2.013075e+01  3.018695e-02 
 2.013107e+01  3.018695e-02 
 2.013139e+01  3.018696e-02 
 2.013171e+01  3.018696e-02 
 2.013203e+01  3.018697e-02 
 2.013235e+01  3.018697e-02 
 2.013268e+01  3.018698e-02 
 2.013300e+01  3.018698e-02 
 2.013332e+01  3.018699e-02 
 2.013364e+01  3.018699e-02 
 2.013396e+01  3.018700e-02 
 2.013428e+01  3.018701e-02 
 2.013460e+01  3.018701e-02 
 2.013493e+01  3.018702e-02 
 2.013525e+01  3.018702e-02 
 2.013557e+01  3.018703e-02 
 2.013589e+01  3.018703e-02 
 2.013621e+01  3.018704e-02 
 2.013653e+01  3.018704e-02 
 2.013686e+01  3.018705e-02 
 2.013718e+01  3.018705e-02 
 2.013750e+01  3.018706e-02 
 2.013782e+01  3.018706e-02 
 2.013814e+01  3.018707e-02 
 2.013846e+01  3.018708e-02 
 2.013878e+01  3.018708e-02 
 2.013911e+01  3.018709e-02 
 2.013943e+01  3.018709e-02 
 2.013975e+01  3.018710e-02 
 2.014007e+01  3.018710e-02 
 2.014039e+01  3.018711e-02 
 2.014071e+01  3.018711e-02 
 2.014104e+01  3.018712e-02 
 2.014136e+01  3.018712e-02 
 2.014168e+01  3.018713e-02 
 2.014200e+01  3.018713e-02 
 2.014232e+01  3.018714e-02 
 2.014264e+01  3.018714e-02 
 2.014296e+01  3.018715e-02 
 2.014329e+01  3.018715e-02 
 2.014361e+01  3.018716e-02 
 2.014393e+01  3.018716e-02 
 2.014425e+01  3.018717e-02 
 2.014457e+01  3.018718e-02 
 2.014489e+01  3.018718e-02 
 2.014522e+01  3.018719e-02 
 2.014554e+01  3.018719e-02 
 2.014586e+01  3.018720e-02 
 2.014618e+01  3.018720e-02 
 2.014650e+01  3.018721e-02 
 2.014682e+01  3.018721e-02 
 2.014715e+01  3.018722e-02 
 2.014747e+01  3.018722e-02 
 2.014779e+01  3.018723e-02 
 2.014811e+01  3.018723e-02 
 2.014843e+01  3.018724e-02 
 2.014875e+01  3.018724e-02 
 2.014907e+01  3.018725e-02 
 2.014940e+01  3.018726e-02 
 2.014972e+01  3.018726e-02 
 2.015004e+01  3.018727e-02 
 2.015036e+01  3.018727e-02 
 2.015068e+01  3.018728e-02 
 2.015100e+01  3.018728e-02 
 2.015133e+01  3.018729e-02 
 2.015165e+01  3.018729e-02 
 2.015197e+01  3.018730e-02 
 2.015229e+01  3.018730e-02 
 2.015261e+01  3.018731e-02 
 2.015293e+01  3.018732e-02 
 2.015325e+01  3.018732e-02 
 2.015358e+01  3.018733e-02 
 2.015390e+01  3.018733e-02 
 2.015422e+01  3.018734e-02 
 2.015454e+01  3.018734e-02 
 2.015486e+01  3.018735e-02 
 2.015518e+01  3.018736e-02 
 2.015551e+01  3.018736e-02 
 2.015583e+01  3.018737e-02 
 2.015615e+01  3.018737e-02 
 2.015647e+01  3.018738e-02 
 2.015679e+01  3.018738e-02 
 2.015711e+01  3.018739e-02 
 2.015743e+01  3.018740e-02 
 2.015776e+01  3.018740e-02 
 2.015808e+01  3.018741e-02 
 2.015840e+01  3.018741e-02 
 2.015872e+01  3.018742e-02 
 2.015904e+01  3.018742e-02 
 2.015936e+01  3.018743e-02 
 2.015969e+01  3.018744e-02 
 2.016001e+01  3.018744e-02 
 2.016033e+01  3.018745e-02 
 2.016065e+01  3.018745e-02 
 2.016097e+01  3.018746e-02 
 2.016129e+01  3.018747e-02 
 2.016162e+01  3.018747e-02 
 2.016194e+01  3.018748e-02 
 2.016226e+01  3.018748e-02 
 2.016258e+01  3.018749e-02 
 2.016290e+01  3.018750e-02 
 2.016322e+01  3.018750e-02 
 2.016354e+01  3.018751e-02 
 2.016387e+01  3.018751e-02 
 2.016419e+01  3.018752e-02 
 2.016451e+01  3.018753e-02 
 2.016483e+01  3.018753e-02 
 2.016515e+01  3.018754e-02 
 2.016547e+01  3.018754e-02 
 2.016580e+01  3.018755e-02 
 2.016612e+01  3.018756e-02 
 2.016644e+01  3.018756e-02 
 2.016676e+01  3.018757e-02 
 2.016708e+01  3.018757e-02 
 2.016740e+01  3.018758e-02 
 2.016772e+01  3.018758e-02 
 2.016805e+01  3.018759e-02 
 2.016837e+01  3.018760e-02 
 2.016869e+01  3.018760e-02 
 2.016901e+01  3.018761e-02 
 2.016933e+01  3.018761e-02 
 2.016965e+01  3.018762e-02 
 2.016998e+01  3.018763e-02 
 2.017030e+01  3.018763e-02 
 2.017062e+01  3.018764e-02 
 2.017094e+01  3.018764e-02 
 2.017126e+01  3.018765e-02 
 2.017158e+01  3.018766e-02 
 2.017190e+01  3.018766e-02 
 2.017223e+01  3.018767e-02 
 2.017255e+01  3.018767e-02 
 2.017287e+01  3.018768e-02 
 2.017319e+01  3.018768e-02 
 2.017351e+01  3.018769e-02 
 2.017383e+01  3.018770e-02 
 2.017416e+01  3.018770e-02 
 2.017448e+01  3.018771e-02 
 2.017480e+01  3.018771e-02 
 2.017512e+01  3.018772e-02 
 2.017544e+01  3.018772e-02 
 2.017576e+01  3.018773e-02 
 2.017609e+01  3.018774e-02 
 2.017641e+01  3.018774e-02 
 2.017673e+01  3.018775e-02 
 2.017705e+01  3.018775e-02 
 2.017737e+01  3.018776e-02 
 2.017769e+01  3.018776e-02 
 2.017801e+01  3.018777e-02 
 2.017834e+01  3.018777e-02 
 2.017866e+01  3.018778e-02 
 2.017898e+01  3.018779e-02 
 2.017930e+01  3.018779e-02 
 2.017962e+01  3.018780e-02 
 2.017994e+01  3.018780e-02 
 2.018027e+01  3.018781e-02 
 2.018059e+01  3.018781e-02 
 2.018091e+01  3.018782e-02 
 2.018123e+01  3.018782e-02 
 2.018155e+01  3.018783e-02 
 2.018187e+01  3.018783e-02 
 2.018219e+01  3.018784e-02 
 2.018252e+01  3.018784e-02 
 2.018284e+01  3.018785e-02 
 2.018316e+01  3.018786e-02 
 2.018348e+01  3.018786e-02 
 2.018380e+01  3.018787e-02 
 2.018412e+01  3.018787e-02 
 2.018445e+01  3.018788e-02 
 2.018477e+01  3.018788e-02 
 2.018509e+01  3.018789e-02 
 2.018541e+01  3.018789e-02 
 2.018573e+01  3.018790e-02 
 2.018605e+01  3.018790e-02 
 2.018637e+01  3.018791e-02 
 2.018670e+01  3.018791e-02 
 2.018702e+01  3.018792e-02 
 2.018734e+01  3.018792e-02 
 2.018766e+01  3.018793e-02 
 2.018798e+01  3.018793e-02 
 2.018830e+01  3.018794e-02 
 2.018863e+01  3.018794e-02 
 2.018895e+01  3.018795e-02 
 2.018927e+01  3.018795e-02 
 2.018959e+01  3.018796e-02 
 2.018991e+01  3.018796e-02 
 2.019023e+01  3.018797e-02 
 2.019056e+01  3.018797e-02 
 2.019088e+01  3.018798e-02 
 2.019120e+01  3.018798e-02 
 2.019152e+01  3.018799e-02 
 2.019184e+01  3.018799e-02 
 2.019216e+01  3.018800e-02 
 2.019248e+01  3.018800e-02 
 2.019281e+01  3.018801e-02 
 2.019313e+01  3.018801e-02 
 2.019345e+01  3.018802e-02 
 2.019377e+01  3.018802e-02 
 2.019409e+01  3.018802e-02 
 2.019441e+01  3.018803e-02 
 2.019474e+01  3.018803e-02 
 2.019506e+01  3.018804e-02 
 2.019538e+01  3.018804e-02 
 2.019570e+01  3.018805e-02 
 2.019602e+01  3.018805e-02 
 2.019634e+01  3.018806e-02 
 2.019666e+01  3.018806e-02 
 2.019699e+01  3.018807e-02 
 2.019731e+01  3.018807e-02 
 2.019763e+01  3.018808e-02 
 2.019795e+01  3.018808e-02 
 2.019827e+01  3.018808e-02 
 2.019859e+01  3.018809e-02 
 2.019892e+01  3.018809e-02 
 2.019924e+01  3.018810e-02 
 2.019956e+01  3.018810e-02 
 2.019988e+01  3.018811e-02 
 2.020020e+01  3.018811e-02 
 2.020052e+01  3.018812e-02 
 2.020085e+01  3.018812e-02 
 2.020117e+01  3.018812e-02 
 2.020149e+01  3.018813e-02 
 2.020181e+01  3.018813e-02 
 2.020213e+01  3.018814e-02 
 2.020245e+01  3.018814e-02 
 2.020277e+01  3.018815e-02 
 2.020310e+01  3.018815e-02 
 2.020342e+01  3.018815e-02 
 2.020374e+01  3.018816e-02 
 2.020406e+01  3.018816e-02 
 2.020438e+01  3.018817e-02 
 2.020470e+01  3.018817e-02 
 2.020503e+01  3.018817e-02 
 2.020535e+01  3.018818e-02 
 2.020567e+01  3.018818e-02 
 2.020599e+01  3.018819e-02 
 2.020631e+01  3.018819e-02 
 2.020663e+01  3.018819e-02 
 2.020695e+01  3.018820e-02 
 2.020728e+01  3.018820e-02 
 2.020760e+01  3.018821e-02 
 2.020792e+01  3.018821e-02 
 2.020824e+01  3.018821e-02 
 2.020856e+01  3.018822e-02 
 2.020888e+01  3.018822e-02 
 2.020921e+01  3.018823e-02 
 2.020953e+01  3.018823e-02 
 2.020985e+01  3.018823e-02 
 2.021017e+01  3.018824e-02 
 2.021049e+01  3.018824e-02 
 2.021081e+01  3.018824e-02 
 2.021113e+01  3.018825e-02 
 2.021146e+01  3.018825e-02 
 2.021178e+01  3.018825e-02 
 2.021210e+01  3.018826e-02 
 2.021242e+01  3.018826e-02 
 2.021274e+01  3.018826e-02 
 2.021306e+01  3.018827e-02 
 2.021339e+01  3.018827e-02 
 2.021371e+01  3.018827e-02 
 2.021403e+01  3.018828e-02 
 2.021435e+01  3.018828e-02 
 2.021467e+01  3.018828e-02 
 2.021499e+01  3.018828e-02 
 2.021532e+01  3.018829e-02 
 2.021564e+01  3.018829e-02 
 2.021596e+01  3.018829e-02 
 2.021628e+01  3.018830e-02 
 2.021660e+01  3.018830e-02 
 2.021692e+01  3.018830e-02 
 2.021724e+01  3.018830e-02 
 2.021757e+01  3.018831e-02 
 2.021789e+01  3.018831e-02 
 2.021821e+01  3.018831e-02 
 2.021853e+01  3.018831e-02 
 2.021885e+01  3.018832e-02 
 2.021917e+01  3.018832e-02 
 2.021950e+01  3.018832e-02 
 2.021982e+01  3.018832e-02 
 2.022014e+01  3.018832e-02 
 2.022046e+01  3.018833e-02 
 2.022078e+01  3.018833e-02 
 2.022110e+01  3.018833e-02 
 2.022142e+01  3.018833e-02 
 2.022175e+01  3.018833e-02 
 2.022207e+01  3.018834e-02 
 2.022239e+01  3.018834e-02 
 2.022271e+01  3.018834e-02 
 2.022303e+01  3.018834e-02 
 2.022335e+01  3.018834e-02 
 2.022368e+01  3.018834e-02 
 2.022400e+01  3.018835e-02 
 2.022432e+01  3.018835e-02 
 2.022464e+01  3.018835e-02 
 2.022496e+01  3.018835e-02 
 2.022528e+01  3.018835e-02 
 2.022560e+01  3.018835e-02 
 2.022593e+01  3.018835e-02 
 2.022625e+01  3.018835e-02 
 2.022657e+01  3.018835e-02 
 2.022689e+01  3.018836e-02 
 2.022721e+01  3.018836e-02 
 2.022753e+01  3.018836e-02 
 2.022786e+01  3.018836e-02 
 2.022818e+01  3.018836e-02 
 2.022850e+01  3.018836e-02 
 2.022882e+01  3.018836e-02 
 2.022914e+01  3.018836e-02 
 2.022946e+01  3.018836e-02 
 2.022979e+01  3.018836e-02 
 2.023011e+01  3.018836e-02 
 2.023043e+01  3.018836e-02 
 2.023075e+01  3.018836e-02 
 2.023107e+01  3.018836e-02 
 2.023139e+01  3.018836e-02 
 2.023171e+01  3.018836e-02 
 2.023204e+01  3.018836e-02 
 2.023236e+01  3.018836e-02 
 2.023268e+01  3.018836e-02 
 2.023300e+01  3.018836e-02 
 2.023332e+01  3.018836e-02 
 2.023364e+01  3.018836e-02 
 2.023397e+01  3.018836e-02 
 2.023429e+01  3.018836e-02 
 2.023461e+01  3.018836e-02 
 2.023493e+01  3.018836e-02 
 2.023525e+01  3.018836e-02 
 2.023557e+01  3.018836e-02 
 2.023589e+01  3.018836e-02 
 2.023622e+01  3.018836e-02 
 2.023654e+01  3.018836e-02 
 2.023686e+01  3.018836e-02 
 2.023718e+01  3.018836e-02 
 2.023750e+01  3.018836e-02 
 2.023782e+01  3.018835e-02 
 2.023815e+01  3.018835e-02 
 2.023847e+01  3.018835e-02 
 2.023879e+01  3.018835e-02 
 2.023911e+01  3.018835e-02 
 2.023943e+01  3.018835e-02 
 2.023975e+01  3.018835e-02 
 2.024007e+01  3.018835e-02 
 2.024040e+01  3.018834e-02 
 2.024072e+01  3.018834e-02 
 2.024104e+01  3.018834e-02 
 2.024136e+01  3.018834e-02 
 2.024168e+01  3.018834e-02 
 2.024200e+01  3.018833e-02 
 2.024233e+01  3.018833e-02 
 2.024265e+01  3.018833e-02 
 2.024297e+01  3.018833e-02 
 2.024329e+01  3.018833e-02 
 2.024361e+01  3.018832e-02 
 2.024393e+01  3.018832e-02 
 2.024426e+01  3.018832e-02 
 2.024458e+01  3.018831e-02 
 2.024490e+01  3.018831e-02 
 2.024522e+01  3.018831e-02 
 2.024554e+01  3.018831e-02 
 2.024586e+01  3.018830e-02 
 2.024618e+01  3.018830e-02 
 2.024651e+01  3.018830e-02 
 2.024683e+01  3.018829e-02 
 2.024715e+01  3.018829e-02 
 2.024747e+01  3.018829e-02 
 2.024779e+01  3.018828e-02 
 2.024811e+01  3.018828e-02 
 2.024844e+01  3.018827e-02 
 2.024876e+01  3.018827e-02 
 2.024908e+01  3.018827e-02 
 2.024940e+01  3.018826e-02 
 2.024972e+01  3.018826e-02 
 2.025004e+01  3.018825e-02 
 2.025036e+01  3.018825e-02 
 2.025069e+01  3.018824e-02 
 2.025101e+01  3.018824e-02 
 2.025133e+01  3.018823e-02 
 2.025165e+01  3.018823e-02 
 2.025197e+01  3.018822e-02 
 2.025229e+01  3.018822e-02 
 2.025262e+01  3.018821e-02 
 2.025294e+01  3.018821e-02 
 2.025326e+01  3.018820e-02 
 2.025358e+01  3.018819e-02 
 2.025390e+01  3.018819e-02 
 2.025422e+01  3.018818e-02 
 2.025454e+01  3.018818e-02 
 2.025487e+01  3.018817e-02 
 2.025519e+01  3.018816e-02 
 2.025551e+01  3.018816e-02 
 2.025583e+01  3.018815e-02 
 2.025615e+01  3.018814e-02 
 2.025647e+01  3.018814e-02 
 2.025680e+01  3.018813e-02 
 2.025712e+01  3.018812e-02 
 2.025744e+01  3.018812e-02 
 2.025776e+01  3.018811e-02 
 2.025808e+01  3.018810e-02 
 2.025840e+01  3.018809e-02 
 2.025873e+01  3.018809e-02 
 2.025905e+01  3.018808e-02 
 2.025937e+01  3.018807e-02 
 2.025969e+01  3.018806e-02 
 2.026001e+01  3.018806e-02 
 2.026033e+01  3.018805e-02 
 2.026065e+01  3.018804e-02 
 2.026098e+01  3.018803e-02 
 2.026130e+01  3.018802e-02 
 2.026162e+01  3.018801e-02 
 2.026194e+01  3.018801e-02 
 2.026226e+01  3.018800e-02 
 2.026258e+01  3.018799e-02 
 2.026291e+01  3.018798e-02 
 2.026323e+01  3.018797e-02 
 2.026355e+01  3.018796e-02 
 2.026387e+01  3.018795e-02 
 2.026419e+01  3.018794e-02 
 2.026451e+01  3.018793e-02 
 2.026483e+01  3.018792e-02 
 2.026516e+01  3.018791e-02 
 2.026548e+01  3.018791e-02 
 2.026580e+01  3.018790e-02 
 2.026612e+01  3.018789e-02 
 2.026644e+01  3.018788e-02 
 2.026676e+01  3.018787e-02 
 2.026709e+01  3.018786e-02 
 2.026741e+01  3.018785e-02 
 2.026773e+01  3.018784e-02 
 2.026805e+01  3.018782e-02 
 2.026837e+01  3.018781e-02 
 2.026869e+01  3.018780e-02 
 2.026901e+01  3.018779e-02 
 2.026934e+01  3.018778e-02 
 2.026966e+01  3.018777e-02 
 2.026998e+01  3.018776e-02 
 2.027030e+01  3.018775e-02 
 2.027062e+01  3.018774e-02 
 2.027094e+01  3.018773e-02 
 2.027127e+01  3.018772e-02 
 2.027159e+01  3.018771e-02 
 2.027191e+01  3.018769e-02 
 2.027223e+01  3.018768e-02 
 2.027255e+01  3.018767e-02 
 2.027287e+01  3.018766e-02 
 2.027320e+01  3.018765e-02 
 2.027352e+01  3.018764e-02 
 2.027384e+01  3.018762e-02 
 2.027416e+01  3.018761e-02 
 2.027448e+01  3.018760e-02 
 2.027480e+01  3.018759e-02 
 2.027512e+01  3.018758e-02 
 2.027545e+01  3.018756e-02 
 2.027577e+01  3.018755e-02 
 2.027609e+01  3.018754e-02 
 2.027641e+01  3.018753e-02 
 2.027673e+01  3.018752e-02 
 2.027705e+01  3.018750e-02 
 2.027738e+01  3.018749e-02 
 2.027770e+01  3.018748e-02 
 2.027802e+01  3.018747e-02 
 2.027834e+01  3.018745e-02 
 2.027866e+01  3.018744e-02 
 2.027898e+01  3.018743e-02 
 2.027930e+01  3.018742e-02 
 2.027963e+01  3.018740e-02 
 2.027995e+01  3.018739e-02 
 2.028027e+01  3.018738e-02 
 2.028059e+01  3.018736e-02 
 2.028091e+01  3.018735e-02 
 2.028123e+01  3.018734e-02 
 2.028156e+01  3.018732e-02 
 2.028188e+01  3.018731e-02 
 2.028220e+01  3.018730e-02 
 2.028252e+01  3.018729e-02 
 2.028284e+01  3.018727e-02 
 2.028316e+01  3.018726e-02 
 2.028349e+01  3.018725e-02 
 2.028381e+01  3.018723e-02 
 2.028413e+01  3.018722e-02 
 2.028445e+01  3.018721e-02 
 2.028477e+01  3.018719e-02 
 2.028509e+01  3.018718e-02 
 2.028541e+01  3.018717e-02 
 2.028574e+01  3.018715e-02 
 2.028606e+01  3.018714e-02 
 2.028638e+01  3.018712e-02 
 2.028670e+01  3.018711e-02 
 2.028702e+01  3.018710e-02 
 2.028734e+01  3.018708e-02 
 2.028767e+01  3.018707e-02 
 2.028799e+01  3.018706e-02 
 2.028831e+01  3.018704e-02 
 2.028863e+01  3.018703e-02 
 2.028895e+01  3.018702e-02 
 2.028927e+01  3.018700e-02 
 2.028959e+01  3.018699e-02 
 2.028992e+01  3.018697e-02 
 2.029024e+01  3.018696e-02 
 2.029056e+01  3.018695e-02 
 2.029088e+01  3.018693e-02 
 2.029120e+01  3.018692e-02 
 2.029152e+01  3.018691e-02 
 2.029185e+01  3.018689e-02 
 2.029217e+01  3.018688e-02 
 2.029249e+01  3.018686e-02 
 2.029281e+01  3.018685e-02 
 2.029313e+01  3.018684e-02 
 2.029345e+01  3.018682e-02 
 2.029377e+01  3.018681e-02 
 2.029410e+01  3.018679e-02 
 2.029442e+01  3.018678e-02 
 2.029474e+01  3.018677e-02 
 2.029506e+01  3.018675e-02 
 2.029538e+01  3.018674e-02 
 2.029570e+01  3.018672e-02 
 2.029603e+01  3.018671e-02 
 2.029635e+01  3.018670e-02 
 2.029667e+01  3.018668e-02 
 2.029699e+01  3.018667e-02 
 2.029731e+01  3.018666e-02 
 2.029763e+01  3.018664e-02 
 2.029796e+01  3.018663e-02 
 2.029828e+01  3.018661e-02 
 2.029860e+01  3.018660e-02 
 2.029892e+01  3.018659e-02 
 2.029924e+01  3.018657e-02 
 2.029956e+01  3.018656e-02 
 2.029988e+01  3.018654e-02 
 2.030021e+01  3.018653e-02 
 2.030053e+01  3.018652e-02 
 2.030085e+01  3.018650e-02 
 2.030117e+01  3.018649e-02 
 2.030149e+01  3.018647e-02 
 2.030181e+01  3.018646e-02 
 2.030214e+01  3.018645e-02 
 2.030246e+01  3.018643e-02 
 2.030278e+01  3.018642e-02 
 2.030310e+01  3.018641e-02 
 2.030342e+01  3.018639e-02 
 2.030374e+01  3.018638e-02 
 2.030406e+01  3.018636e-02 
 2.030439e+01  3.018635e-02 
 2.030471e+01  3.018634e-02 
 2.030503e+01  3.018632e-02 
 2.030535e+01  3.018631e-02 
 2.030567e+01  3.018630e-02 
 2.030599e+01  3.018628e-02 
 2.030632e+01  3.018627e-02 
 2.030664e+01  3.018626e-02 
 2.030696e+01  3.018624e-02 
 2.030728e+01  3.018623e-02 
 2.030760e+01  3.018622e-02 
 2.030792e+01  3.018620e-02 
 2.030824e+01  3.018619e-02 
 2.030857e+01  3.018618e-02 
 2.030889e+01  3.018616e-02 
 2.030921e+01  3.018615e-02 
 2.030953e+01  3.018614e-02 
 2.030985e+01  3.018612e-02 
 2.031017e+01  3.018611e-02 
 2.031050e+01  3.018610e-02 
 2.031082e+01  3.018608e-02 
 2.031114e+01  3.018607e-02 
 2.031146e+01  3.018606e-02 
 2.031178e+01  3.018605e-02 
 2.031210e+01  3.018603e-02 
 2.031243e+01  3.018602e-02 
 2.031275e+01  3.018601e-02 
 2.031307e+01  3.018599e-02 
 2.031339e+01  3.018598e-02 
 2.031371e+01  3.018597e-02 
 2.031403e+01  3.018596e-02 
 2.031435e+01  3.018594e-02 
 2.031468e+01  3.018593e-02 
 2.031500e+01  3.018592e-02 
 2.031532e+01  3.018591e-02 
 2.031564e+01  3.018589e-02 
 2.031596e+01  3.018588e-02 
 2.031628e+01  3.018587e-02 
 2.031661e+01  3.018586e-02 
 2.031693e+01  3.018585e-02 
 2.031725e+01  3.018583e-02 
 2.031757e+01  3.018582e-02 
 2.031789e+01  3.018581e-02 
 2.031821e+01  3.018580e-02 
 2.031853e+01  3.018578e-02 
 2.031886e+01  3.018577e-02 
 2.031918e+01  3.018576e-02 
 2.031950e+01  3.018575e-02 
 2.031982e+01  3.018574e-02 
 2.032014e+01  3.018572e-02 
 2.032046e+01  3.018571e-02 
 2.032079e+01  3.018570e-02 
 2.032111e+01  3.018569e-02 
 2.032143e+01  3.018568e-02 
 2.032175e+01  3.018567e-02 
 2.032207e+01  3.018565e-02 
 2.032239e+01  3.018564e-02 
 2.032271e+01  3.018563e-02 
 2.032304e+01  3.018562e-02 
 2.032336e+01  3.018561e-02 
 2.032368e+01  3.018560e-02 
 2.032400e+01  3.018558e-02 
 2.032432e+01  3.018557e-02 
 2.032464e+01  3.018556e-02 
 2.032497e+01  3.018555e-02 
 2.032529e+01  3.018554e-02 
 2.032561e+01  3.018553e-02 
 2.032593e+01  3.018552e-02 
 2.032625e+01  3.018551e-02 
 2.032657e+01  3.018549e-02 
 2.032690e+01  3.018548e-02 
 2.032722e+01  3.018547e-02 
 2.032754e+01  3.018546e-02 
 2.032786e+01  3.018545e-02 
 2.032818e+01  3.018544e-02 
 2.032850e+01  3.018543e-02 
 2.032882e+01  3.018542e-02 
 2.032915e+01  3.018540e-02 
 2.032947e+01  3.018539e-02 
 2.032979e+01  3.018538e-02 
 2.033011e+01  3.018537e-02 
 2.033043e+01  3.018536e-02 
 2.033075e+01  3.018535e-02 
 2.033108e+01  3.018534e-02 
 2.033140e+01  3.018533e-02 
 2.033172e+01  3.018531e-02 
 2.033204e+01  3.018530e-02 
 2.033236e+01  3.018529e-02 
 2.033268e+01  3.018528e-02 
 2.033300e+01  3.018527e-02 
 2.033333e+01  3.018526e-02 
 2.033365e+01  3.018525e-02 
 2.033397e+01  3.018524e-02 
 2.033429e+01  3.018523e-02 
 2.033461e+01  3.018521e-02 
 2.033493e+01  3.018520e-02 
 2.033526e+01  3.018519e-02 
 2.033558e+01  3.018518e-02 
 2.033590e+01  3.018517e-02 
 2.033622e+01  3.018516e-02 
 2.033654e+01  3.018515e-02 
 2.033686e+01  3.018514e-02 
 2.033718e+01  3.018513e-02 
 2.033751e+01  3.018511e-02 
 2.033783e+01  3.018510e-02 
 2.033815e+01  3.018509e-02 
 2.033847e+01  3.018508e-02 
 2.033879e+01  3.018507e-02 
 2.033911e+01  3.018506e-02 
 2.033944e+01  3.018505e-02 
 2.033976e+01  3.018504e-02 
 2.034008e+01  3.018502e-02 
 2.034040e+01  3.018501e-02 
 2.034072e+01  3.018500e-02 
 2.034104e+01  3.018499e-02 
 2.034137e+01  3.018498e-02 
 2.034169e+01  3.018497e-02 
 2.034201e+01  3.018496e-02 
 2.034233e+01  3.018494e-02 
 2.034265e+01  3.018493e-02 
 2.034297e+01  3.018492e-02 
 2.034329e+01  3.018491e-02 
 2.034362e+01  3.018490e-02 
 2.034394e+01  3.018489e-02 
 2.034426e+01  3.018487e-02 
 2.034458e+01  3.018486e-02 
 2.034490e+01  3.018485e-02 
 2.034522e+01  3.018484e-02 
 2.034555e+01  3.018483e-02 
 2.034587e+01  3.018482e-02 
 2.034619e+01  3.018480e-02 
 2.034651e+01  3.018479e-02 
 2.034683e+01  3.018478e-02 
 2.034715e+01  3.018477e-02 
 2.034747e+01  3.018476e-02 
 2.034780e+01  3.018475e-02 
 2.034812e+01  3.018473e-02 
 2.034844e+01  3.018472e-02 
 2.034876e+01  3.018471e-02 
 2.034908e+01  3.018470e-02 
 2.034940e+01  3.018469e-02 
 2.034973e+01  3.018467e-02 
 2.035005e+01  3.018466e-02 
 2.035037e+01  3.018465e-02 
 2.035069e+01  3.018464e-02 
 2.035101e+01  3.018463e-02 
 2.035133e+01  3.018461e-02 
 2.035165e+01  3.018460e-02 
 2.035198e+01  3.018459e-02 
 2.035230e+01  3.018458e-02 
 2.035262e+01  3.018457e-02 
 2.035294e+01  3.018455e-02 
 2.035326e+01  3.018454e-02 
 2.035358e+01  3.018453e-02 
 2.035391e+01  3.018452e-02 
 2.035423e+01  3.018450e-02 
 2.035455e+01  3.018449e-02 
 2.035487e+01  3.018448e-02 
 2.035519e+01  3.018447e-02 
 2.035551e+01  3.018445e-02 
 2.035584e+01  3.018444e-02 
 2.035616e+01  3.018443e-02 
 2.035648e+01  3.018442e-02 
 2.035680e+01  3.018441e-02 
 2.035712e+01  3.018439e-02 
 2.035744e+01  3.018438e-02 
 2.035776e+01  3.018437e-02 
 2.035809e+01  3.018436e-02 
 2.035841e+01  3.018434e-02 
 2.035873e+01  3.018433e-02 
 2.035905e+01  3.018432e-02 
 2.035937e+01  3.018431e-02 
 2.035969e+01  3.018429e-02 
 2.036002e+01  3.018428e-02 
 2.036034e+01  3.018427e-02 
 2.036066e+01  3.018426e-02 
 2.036098e+01  3.018424e-02 
 2.036130e+01  3.018423e-02 
 2.036162e+01  3.018422e-02 
 2.036194e+01  3.018421e-02 
 2.036227e+01  3.018420e-02 
 2.036259e+01  3.018418e-02 
 2.036291e+01  3.018417e-02 
 2.036323e+01  3.018416e-02 
 2.036355e+01  3.018415e-02 
 2.036387e+01  3.018413e-02 
 2.036420e+01  3.018412e-02 
 2.036452e+01  3.018411e-02 
 2.036484e+01  3.018410e-02 
 2.036516e+01  3.018408e-02 
 2.036548e+01  3.018407e-02 
 2.036580e+01  3.018406e-02 
 2.036613e+01  3.018405e-02 
 2.036645e+01  3.018404e-02 
 2.036677e+01  3.018402e-02 
 2.036709e+01  3.018401e-02 
 2.036741e+01  3.018400e-02 
 2.036773e+01  3.018399e-02 
 2.036805e+01  3.018398e-02 
 2.036838e+01  3.018396e-02 
 2.036870e+01  3.018395e-02 
 2.036902e+01  3.018394e-02 
 2.036934e+01  3.018393e-02 
 2.036966e+01  3.018392e-02 
 2.036998e+01  3.018390e-02 
 2.037031e+01  3.018389e-02 
 2.037063e+01  3.018388e-02 
 2.037095e+01  3.018387e-02 
 2.037127e+01  3.018386e-02 
 2.037159e+01  3.018384e-02 
 2.037191e+01  3.018383e-02 
 2.037223e+01  3.018382e-02 
 2.037256e+01  3.018381e-02 
 2.037288e+01  3.018380e-02 
 2.037320e+01  3.018379e-02 
 2.037352e+01  3.018377e-02 
 2.037384e+01  3.018376e-02 
 2.037416e+01  3.018375e-02 
 2.037449e+01  3.018374e-02 
 2.037481e+01  3.018373e-02 
 2.037513e+01  3.018372e-02 
 2.037545e+01  3.018371e-02 
 2.037577e+01  3.018369e-02 
 2.037609e+01  3.018368e-02 
 2.037641e+01  3.018367e-02 
 2.037674e+01  3.018366e-02 
 2.037706e+01  3.018365e-02 
 2.037738e+01  3.018364e-02 
 2.037770e+01  3.018363e-02 
 2.037802e+01  3.018362e-02 
 2.037834e+01  3.018360e-02 
 2.037867e+01  3.018359e-02 
 2.037899e+01  3.018358e-02 
 2.037931e+01  3.018357e-02 
 2.037963e+01  3.018356e-02 
 2.037995e+01  3.018355e-02 
 2.038027e+01  3.018354e-02 
 2.038060e+01  3.018353e-02 
 2.038092e+01  3.018352e-02 
 2.038124e+01  3.018351e-02 
 2.038156e+01  3.018350e-02 
 2.038188e+01  3.018349e-02 
 2.038220e+01  3.018348e-02 
 2.038252e+01  3.018347e-02 
 2.038285e+01  3.018346e-02 
 2.038317e+01  3.018345e-02 
 2.038349e+01  3.018343e-02 
 2.038381e+01  3.018342e-02 
 2.038413e+01  3.018341e-02 
 2.038445e+01  3.018340e-02 
 2.038478e+01  3.018339e-02 
 2.038510e+01  3.018338e-02 
 2.038542e+01  3.018337e-02 
 2.038574e+01  3.018336e-02 
 2.038606e+01  3.018335e-02 
 2.038638e+01  3.018335e-02 
 2.038670e+01  3.018334e-02 
 2.038703e+01  3.018333e-02 
 2.038735e+01  3.018332e-02 
 2.038767e+01  3.018331e-02 
 2.038799e+01  3.018330e-02 
 2.038831e+01  3.018329e-02 
 2.038863e+01  3.018328e-02 
 2.038896e+01  3.018327e-02 
 2.038928e+01  3.018326e-02 
 2.038960e+01  3.018325e-02 
 2.038992e+01  3.018324e-02 
 2.039024e+01  3.018323e-02 
 2.039056e+01  3.018322e-02 
 2.039088e+01  3.018321e-02 
 2.039121e+01  3.018321e-02 
 2.039153e+01  3.018320e-02 
 2.039185e+01  3.018319e-02 
 2.039217e+01  3.018318e-02 
 2.039249e+01  3.018317e-02 
 2.039281e+01  3.018316e-02 
 2.039314e+01  3.018315e-02 
 2.039346e+01  3.018315e-02 
 2.039378e+01  3.018314e-02 
 2.039410e+01  3.018313e-02 
 2.039442e+01  3.018312e-02 
 2.039474e+01  3.018311e-02 
 2.039507e+01  3.018310e-02 
 2.039539e+01  3.018310e-02 
 2.039571e+01  3.018309e-02 
 2.039603e+01  3.018308e-02 
 2.039635e+01  3.018307e-02 
 2.039667e+01  3.018307e-02 
 2.039699e+01  3.018306e-02 
 2.039732e+01  3.018305e-02 
 2.039764e+01  3.018304e-02 
 2.039796e+01  3.018304e-02 
 2.039828e+01  3.018303e-02 
 2.039860e+01  3.018302e-02 
 2.039892e+01  3.018301e-02 
 2.039925e+01  3.018301e-02 
 2.039957e+01  3.018300e-02 
 2.039989e+01  3.018299e-02 
 2.040021e+01  3.018299e-02 
 2.040053e+01  3.018298e-02 
 2.040085e+01  3.018297e-02 
 2.040117e+01  3.018297e-02 
 2.040150e+01  3.018296e-02 
 2.040182e+01  3.018295e-02 
 2.040214e+01  3.018295e-02 
 2.040246e+01  3.018294e-02 
 2.040278e+01  3.018294e-02 
 2.040310e+01  3.018293e-02 
 2.040343e+01  3.018292e-02 
 2.040375e+01  3.018292e-02 
 2.040407e+01  3.018291e-02 
 2.040439e+01  3.018291e-02 
 2.040471e+01  3.018290e-02 
 2.040503e+01  3.018289e-02 
 2.040535e+01  3.018289e-02 
 2.040568e+01  3.018288e-02 
 2.040600e+01  3.018288e-02 
 2.040632e+01  3.018287e-02 
 2.040664e+01  3.018287e-02 
 2.040696e+01  3.018286e-02 
 2.040728e+01  3.018286e-02 
 2.040761e+01  3.018285e-02 
 2.040793e+01  3.018285e-02 
 2.040825e+01  3.018284e-02 
 2.040857e+01  3.018284e-02 
 2.040889e+01  3.018283e-02 
 2.040921e+01  3.018283e-02 
 2.040954e+01  3.018282e-02 
 2.040986e+01  3.018282e-02 
 2.041018e+01  3.018281e-02 
 2.041050e+01  3.018281e-02 
 2.041082e+01  3.018281e-02 
 2.041114e+01  3.018280e-02 
 2.041146e+01  3.018280e-02 
 2.041179e+01  3.018279e-02 
 2.041211e+01  3.018279e-02 
 2.041243e+01  3.018278e-02 
 2.041275e+01  3.018278e-02 
 2.041307e+01  3.018278e-02 
 2.041339e+01  3.018277e-02 
 2.041372e+01  3.018277e-02 
 2.041404e+01  3.018276e-02 
 2.041436e+01  3.018276e-02 
 2.041468e+01  3.018276e-02 
 2.041500e+01  3.018275e-02 
 2.041532e+01  3.018275e-02 
 2.041564e+01  3.018275e-02 
 2.041597e+01  3.018274e-02 
 2.041629e+01  3.018274e-02 
 2.041661e+01  3.018273e-02 
 2.041693e+01  3.018273e-02 
 2.041725e+01  3.018273e-02 
 2.041757e+01  3.018272e-02 
 2.041790e+01  3.018272e-02 
 2.041822e+01  3.018272e-02 
 2.041854e+01  3.018271e-02 
 2.041886e+01  3.018271e-02 
 2.041918e+01  3.018271e-02 
 2.041950e+01  3.018270e-02 
 2.041982e+01  3.018270e-02 
 2.042015e+01  3.018270e-02 
 2.042047e+01  3.018270e-02 
 2.042079e+01  3.018269e-02 
 2.042111e+01  3.018269e-02 
 2.042143e+01  3.018269e-02 
 2.042175e+01  3.018268e-02 
 2.042208e+01  3.018268e-02 
 2.042240e+01  3.018268e-02 
 2.042272e+01  3.018267e-02 
 2.042304e+01  3.018267e-02 
 2.042336e+01  3.018267e-02 
 2.042368e+01  3.018267e-02 
 2.042401e+01  3.018266e-02 
 2.042433e+01  3.018266e-02 
 2.042465e+01  3.018266e-02 
 2.042497e+01  3.018266e-02 
 2.042529e+01  3.018265e-02 
 2.042561e+01  3.018265e-02 
 2.042593e+01  3.018265e-02 
 2.042626e+01  3.018265e-02 
 2.042658e+01  3.018264e-02 
 2.042690e+01  3.018264e-02 
 2.042722e+01  3.018264e-02 
 2.042754e+01  3.018264e-02 
 2.042786e+01  3.018263e-02 
 2.042819e+01  3.018263e-02 
 2.042851e+01  3.018263e-02 
 2.042883e+01  3.018263e-02 
 2.042915e+01  3.018262e-02 
 2.042947e+01  3.018262e-02 
 2.042979e+01  3.018262e-02 
 2.043011e+01  3.018262e-02 
 2.043044e+01  3.018261e-02 
 2.043076e+01  3.018261e-02 
 2.043108e+01  3.018261e-02 
 2.043140e+01  3.018261e-02 
 2.043172e+01  3.018261e-02 
 2.043204e+01  3.018260e-02 
 2.043237e+01  3.018260e-02 
 2.043269e+01  3.018260e-02 
 2.043301e+01  3.018260e-02 
 2.043333e+01  3.018260e-02 
 2.043365e+01  3.018260e-02 
 2.043397e+01  3.018259e-02 
 2.043429e+01  3.018259e-02 
 2.043462e+01  3.018259e-02 
 2.043494e+01  3.018259e-02 
 2.043526e+01  3.018259e-02 
 2.043558e+01  3.018259e-02 
 2.043590e+01  3.018258e-02 
 2.043622e+01  3.018258e-02 
 2.043655e+01  3.018258e-02 
 2.043687e+01  3.018258e-02 
 2.043719e+01  3.018258e-02 
 2.043751e+01  3.018258e-02 
 2.043783e+01  3.018258e-02 
 2.043815e+01  3.018257e-02 
 2.043848e+01  3.018257e-02 
 2.043880e+01  3.018257e-02 
 2.043912e+01  3.018257e-02 
 2.043944e+01  3.018257e-02 
 2.043976e+01  3.018257e-02 
 2.044008e+01  3.018257e-02 
 2.044040e+01  3.018257e-02 
 2.044073e+01  3.018257e-02 
 2.044105e+01  3.018257e-02 
 2.044137e+01  3.018257e-02 
 2.044169e+01  3.018257e-02 
 2.044201e+01  3.018256e-02 
 2.044233e+01  3.018256e-02 
 2.044266e+01  3.018256e-02 
 2.044298e+01  3.018256e-02 
 2.044330e+01  3.018256e-02 
 2.044362e+01  3.018256e-02 
 2.044394e+01  3.018256e-02 
 2.044426e+01  3.018256e-02 
 2.044458e+01  3.018256e-02 
 2.044491e+01  3.018256e-02 
 2.044523e+01  3.018256e-02 
 2.044555e+01  3.018256e-02 
 2.044587e+01  3.018256e-02 
 2.044619e+01  3.018256e-02 
 2.044651e+01  3.018256e-02 
 2.044684e+01  3.018256e-02 
 2.044716e+01  3.018256e-02 
 2.044748e+01  3.018256e-02 
 2.044780e+01  3.018256e-02 
 2.044812e+01  3.018256e-02 
 2.044844e+01  3.018257e-02 
 2.044877e+01  3.018257e-02 
 2.044909e+01  3.018257e-02 
 2.044941e+01  3.018257e-02 
 2.044973e+01  3.018257e-02 
 2.045005e+01  3.018257e-02 
 2.045037e+01  3.018257e-02 
 2.045069e+01  3.018257e-02 
 2.045102e+01  3.018257e-02 
 2.045134e+01  3.018257e-02 
 2.045166e+01  3.018257e-02 
 2.045198e+01  3.018258e-02 
 2.045230e+01  3.018258e-02 
 2.045262e+01  3.018258e-02 
 2.045295e+01  3.018258e-02 
 2.045327e+01  3.018258e-02 
 2.045359e+01  3.018258e-02 
 2.045391e+01  3.018258e-02 
 2.045423e+01  3.018258e-02 
 2.045455e+01  3.018259e-02 
 2.045487e+01  3.018259e-02 
 2.045520e+01  3.018259e-02 
 2.045552e+01  3.018259e-02 
 2.045584e+01  3.018259e-02 
 2.045616e+01  3.018259e-02 
 2.045648e+01  3.018260e-02 
 2.045680e+01  3.018260e-02 
 2.045713e+01  3.018260e-02 
 2.045745e+01  3.018260e-02 
 2.045777e+01  3.018260e-02 
 2.045809e+01  3.018261e-02 
 2.045841e+01  3.018261e-02 
 2.045873e+01  3.018261e-02 
 2.045905e+01  3.018261e-02 
 2.045938e+01  3.018261e-02 
 2.045970e+01  3.018262e-02 
 2.046002e+01  3.018262e-02 
 2.046034e+01  3.018262e-02 
 2.046066e+01  3.018262e-02 
 2.046098e+01  3.018262e-02 
 2.046131e+01  3.018263e-02 
 2.046163e+01  3.018263e-02 
 2.046195e+01  3.018263e-02 
 2.046227e+01  3.018263e-02 
 2.046259e+01  3.018264e-02 
 2.046291e+01  3.018264e-02 
 2.046324e+01  3.018264e-02 
 2.046356e+01  3.018264e-02 
 2.046388e+01  3.018265e-02 
 2.046420e+01  3.018265e-02 
 2.046452e+01  3.018265e-02 
 2.046484e+01  3.018265e-02 
 2.046516e+01  3.018266e-02 
 2.046549e+01  3.018266e-02 
 2.046581e+01  3.018266e-02 
 2.046613e+01  3.018266e-02 
 2.046645e+01  3.018267e-02 
 2.046677e+01  3.018267e-02 
 2.046709e+01  3.018267e-02 
 2.046742e+01  3.018267e-02 
 2.046774e+01  3.018268e-02 
 2.046806e+01  3.018268e-02 
 2.046838e+01  3.018268e-02 
 2.046870e+01  3.018268e-02 
 2.046902e+01  3.018269e-02 
 2.046934e+01  3.018269e-02 
 2.046967e+01  3.018269e-02 
 2.046999e+01  3.018270e-02 
 2.047031e+01  3.018270e-02 
 2.047063e+01  3.018270e-02 
 2.047095e+01  3.018270e-02 
 2.047127e+01  3.018271e-02 
 2.047160e+01  3.018271e-02 
 2.047192e+01  3.018271e-02 
 2.047224e+01  3.018272e-02 
 2.047256e+01  3.018272e-02 
 2.047288e+01  3.018272e-02 
 2.047320e+01  3.018272e-02 
 2.047352e+01  3.018273e-02 
 2.047385e+01  3.018273e-02 
 2.047417e+01  3.018273e-02 
 2.047449e+01  3.018274e-02 
 2.047481e+01  3.018274e-02 
 2.047513e+01  3.018274e-02 
 2.047545e+01  3.018274e-02 
 2.047578e+01  3.018275e-02 
 2.047610e+01  3.018275e-02 
 2.047642e+01  3.018275e-02 
 2.047674e+01  3.018276e-02 
 2.047706e+01  3.018276e-02 
 2.047738e+01  3.018276e-02 
 2.047771e+01  3.018277e-02 
 2.047803e+01  3.018277e-02 
 2.047835e+01  3.018277e-02 
 2.047867e+01  3.018278e-02 
 2.047899e+01  3.018278e-02 
 2.047931e+01  3.018278e-02 
 2.047963e+01  3.018279e-02 
 2.047996e+01  3.018279e-02 
 2.048028e+01  3.018279e-02 
 2.048060e+01  3.018280e-02 
 2.048092e+01  3.018280e-02 
 2.048124e+01  3.018280e-02 
 2.048156e+01  3.018281e-02 
 2.048189e+01  3.018281e-02 
 2.048221e+01  3.018281e-02 
 2.048253e+01  3.018282e-02 
 2.048285e+01  3.018282e-02 
 2.048317e+01  3.018282e-02 
 2.048349e+01  3.018283e-02 
 2.048381e+01  3.018283e-02 
 2.048414e+01  3.018283e-02 
 2.048446e+01  3.018284e-02 
 2.048478e+01  3.018284e-02 
 2.048510e+01  3.018284e-02 
 2.048542e+01  3.018285e-02 
 2.048574e+01  3.018285e-02 
 2.048607e+01  3.018285e-02 
 2.048639e+01  3.018286e-02 
 2.048671e+01  3.018286e-02 
 2.048703e+01  3.018287e-02 
 2.048735e+01  3.018287e-02 
 2.048767e+01  3.018287e-02 
 2.048799e+01  3.018288e-02 
 2.048832e+01  3.018288e-02 
 2.048864e+01  3.018288e-02 
 2.048896e+01  3.018289e-02 
 2.048928e+01  3.018289e-02 
 2.048960e+01  3.018289e-02 
 2.048992e+01  3.018290e-02 
 2.049025e+01  3.018290e-02 
 2.049057e+01  3.018291e-02 
 2.049089e+01  3.018291e-02 
 2.049121e+01  3.018291e-02 
 2.049153e+01  3.018292e-02 
 2.049185e+01  3.018292e-02 
 2.049218e+01  3.018293e-02 
 2.049250e+01  3.018293e-02 
 2.049282e+01  3.018293e-02 
 2.049314e+01  3.018294e-02 
 2.049346e+01  3.018294e-02 
 2.049378e+01  3.018295e-02 
 2.049410e+01  3.018295e-02 
 2.049443e+01  3.018295e-02 
 2.049475e+01  3.018296e-02 
 2.049507e+01  3.018296e-02 
 2.049539e+01  3.018297e-02 
 2.049571e+01  3.018297e-02 
 2.049603e+01  3.018297e-02 
 2.049636e+01  3.018298e-02 
 2.049668e+01  3.018298e-02 
 2.049700e+01  3.018299e-02 
 2.049732e+01  3.018299e-02 
 2.049764e+01  3.018299e-02 
 2.049796e+01  3.018300e-02 
 2.049828e+01  3.018300e-02 
 2.049861e+01  3.018301e-02 
 2.049893e+01  3.018301e-02 
 2.049925e+01  3.018301e-02 
 2.049957e+01  3.018302e-02 
 2.049989e+01  3.018302e-02 
 2.050021e+01  3.018303e-02 
 2.050054e+01  3.018303e-02 
 2.050086e+01  3.018303e-02 
 2.050118e+01  3.018304e-02 
 2.050150e+01  3.018304e-02 
 2.050182e+01  3.018305e-02 
 2.050214e+01  3.018305e-02 
 2.050246e+01  3.018305e-02 
 2.050279e+01  3.018306e-02 
 2.050311e+01  3.018306e-02 
 2.050343e+01  3.018307e-02 
 2.050375e+01  3.018307e-02 
 2.050407e+01  3.018307e-02 
 2.050439e+01  3.018308e-02 
 2.050472e+01  3.018308e-02 
 2.050504e+01  3.018309e-02 
 2.050536e+01  3.018309e-02 
 2.050568e+01  3.018309e-02 
 2.050600e+01  3.018310e-02 
 2.050632e+01  3.018310e-02 
 2.050665e+01  3.018310e-02 
 2.050697e+01  3.018311e-02 
 2.050729e+01  3.018311e-02 
 2.050761e+01  3.018312e-02 
 2.050793e+01  3.018312e-02 
 2.050825e+01  3.018312e-02 
 2.050857e+01  3.018313e-02 
 2.050890e+01  3.018313e-02 
 2.050922e+01  3.018313e-02 
 2.050954e+01  3.018314e-02 
 2.050986e+01  3.018314e-02 
 2.051018e+01  3.018315e-02 
 2.051050e+01  3.018315e-02 
 2.051083e+01  3.018315e-02 
 2.051115e+01  3.018316e-02 
 2.051147e+01  3.018316e-02 
 2.051179e+01  3.018316e-02 
 2.051211e+01  3.018317e-02 
 2.051243e+01  3.018317e-02 
 2.051275e+01  3.018317e-02 
 2.051308e+01  3.018318e-02 
 2.051340e+01  3.018318e-02 
 2.051372e+01  3.018318e-02 
 2.051404e+01  3.018319e-02 
 2.051436e+01  3.018319e-02 
 2.051468e+01  3.018319e-02 
 2.051501e+01  3.018320e-02 
 2.051533e+01  3.018320e-02 
 2.051565e+01  3.018320e-02 
 2.051597e+01  3.018321e-02 
 2.051629e+01  3.018321e-02 
 2.051661e+01  3.018321e-02 
 2.051693e+01  3.018322e-02 
 2.051726e+01  3.018322e-02 
 2.051758e+01  3.018322e-02 
 2.051790e+01  3.018323e-02 
 2.051822e+01  3.018323e-02 
 2.051854e+01  3.018323e-02 
 2.051886e+01  3.018324e-02 
 2.051919e+01  3.018324e-02 
 2.051951e+01  3.018324e-02 
 2.051983e+01  3.018325e-02 
 2.052015e+01  3.018325e-02 
 2.052047e+01  3.018325e-02 
 2.052079e+01  3.018326e-02 
 2.052112e+01  3.018326e-02 
 2.052144e+01  3.018326e-02 
 2.052176e+01  3.018326e-02 
 2.052208e+01  3.018327e-02 
 2.052240e+01  3.018327e-02 
 2.052272e+01  3.018327e-02 
 2.052304e+01  3.018328e-02 
 2.052337e+01  3.018328e-02 
 2.052369e+01  3.018328e-02 
 2.052401e+01  3.018329e-02 
 2.052433e+01  3.018329e-02 
 2.052465e+01  3.018329e-02 
 2.052497e+01  3.018329e-02 
 2.052530e+01  3.018330e-02 
 2.052562e+01  3.018330e-02 
 2.052594e+01  3.018330e-02 
 2.052626e+01  3.018331e-02 
 2.052658e+01  3.018331e-02 
 2.052690e+01  3.018331e-02 
 2.052722e+01  3.018332e-02 
 2.052755e+01  3.018332e-02 
 2.052787e+01  3.018332e-02 
 2.052819e+01  3.018333e-02 
 2.052851e+01  3.018333e-02 
 2.052883e+01  3.018333e-02 
 2.052915e+01  3.018333e-02 
 2.052948e+01  3.018334e-02 
 2.052980e+01  3.018334e-02 
 2.053012e+01  3.018334e-02 
 2.053044e+01  3.018335e-02 
 2.053076e+01  3.018335e-02 
 2.053108e+01  3.018335e-02 
 2.053141e+01  3.018336e-02 
 2.053173e+01  3.018336e-02 
 2.053205e+01  3.018336e-02 
 2.053237e+01  3.018337e-02 
 2.053269e+01  3.018337e-02 
 2.053301e+01  3.018337e-02 
 2.053333e+01  3.018337e-02 
 2.053366e+01  3.018338e-02 
 2.053398e+01  3.018338e-02 
 2.053430e+01  3.018338e-02 
 2.053462e+01  3.018339e-02 
 2.053494e+01  3.018339e-02 
 2.053526e+01  3.018339e-02 
 2.053559e+01  3.018340e-02 
 2.053591e+01  3.018340e-02 
 2.053623e+01  3.018340e-02 
 2.053655e+01  3.018341e-02 
 2.053687e+01  3.018341e-02 
 2.053719e+01  3.018341e-02 
 2.053751e+01  3.018342e-02 
 2.053784e+01  3.018342e-02 
 2.053816e+01  3.018342e-02 
 2.053848e+01  3.018343e-02 
 2.053880e+01  3.018343e-02 
 2.053912e+01  3.018343e-02 
 2.053944e+01  3.018343e-02 
 2.053977e+01  3.018344e-02 
 2.054009e+01  3.018344e-02 
 2.054041e+01  3.018344e-02 
 2.054073e+01  3.018345e-02 
 2.054105e+01  3.018345e-02 
 2.054137e+01  3.018345e-02 
 2.054169e+01  3.018346e-02 
 2.054202e+01  3.018346e-02 
 2.054234e+01  3.018346e-02 
 2.054266e+01  3.018347e-02 
 2.054298e+01  3.018347e-02 
 2.054330e+01  3.018347e-02 
 2.054362e+01  3.018347e-02 
 2.054395e+01  3.018348e-02 
 2.054427e+01  3.018348e-02 
 2.054459e+01  3.018348e-02 
 2.054491e+01  3.018349e-02 
 2.054523e+01  3.018349e-02 
 2.054555e+01  3.018349e-02 
 2.054588e+01  3.018350e-02 
 2.054620e+01  3.018350e-02 
 2.054652e+01  3.018350e-02 
 2.054684e+01  3.018350e-02 
 2.054716e+01  3.018351e-02 
 2.054748e+01  3.018351e-02 
 2.054780e+01  3.018351e-02 
 2.054813e+01  3.018352e-02 
 2.054845e+01  3.018352e-02 
 2.054877e+01  3.018352e-02 
 2.054909e+01  3.018352e-02 
 2.054941e+01  3.018353e-02 
 2.054973e+01  3.018353e-02 
 2.055006e+01  3.018353e-02 
 2.055038e+01  3.018353e-02 
 2.055070e+01  3.018354e-02 
 2.055102e+01  3.018354e-02 
 2.055134e+01  3.018354e-02 
 2.055166e+01  3.018354e-02 
 2.055198e+01  3.018355e-02 
 2.055231e+01  3.018355e-02 
 2.055263e+01  3.018355e-02 
 2.055295e+01  3.018355e-02 
 2.055327e+01  3.018356e-02 
 2.055359e+01  3.018356e-02 
 2.055391e+01  3.018356e-02 
 2.055424e+01  3.018356e-02 
 2.055456e+01  3.018357e-02 
 2.055488e+01  3.018357e-02 
 2.055520e+01  3.018357e-02 
 2.055552e+01  3.018357e-02 
 2.055584e+01  3.018358e-02 
 2.055616e+01  3.018358e-02 
 2.055649e+01  3.018358e-02 
 2.055681e+01  3.018358e-02 
 2.055713e+01  3.018358e-02 
 2.055745e+01  3.018359e-02 
 2.055777e+01  3.018359e-02 
 2.055809e+01  3.018359e-02 
 2.055842e+01  3.018359e-02 
 2.055874e+01  3.018360e-02 
 2.055906e+01  3.018360e-02 
 2.055938e+01  3.018360e-02 
 2.055970e+01  3.018360e-02 
 2.056002e+01  3.018360e-02 
 2.056035e+01  3.018361e-02 
 2.056067e+01  3.018361e-02 
 2.056099e+01  3.018361e-02 
 2.056131e+01  3.018361e-02 
 2.056163e+01  3.018361e-02 
 2.056195e+01  3.018362e-02 
 2.056227e+01  3.018362e-02 
 2.056260e+01  3.018362e-02 
 2.056292e+01  3.018362e-02 
 2.056324e+01  3.018362e-02 
 2.056356e+01  3.018363e-02 
 2.056388e+01  3.018363e-02 
 2.056420e+01  3.018363e-02 
 2.056453e+01  3.018363e-02 
 2.056485e+01  3.018363e-02 
 2.056517e+01  3.018364e-02 
 2.056549e+01  3.018364e-02 
 2.056581e+01  3.018364e-02 
 2.056613e+01  3.018364e-02 
 2.056645e+01  3.018365e-02 
 2.056678e+01  3.018365e-02 
 2.056710e+01  3.018365e-02 
 2.056742e+01  3.018365e-02 
 2.056774e+01  3.018365e-02 
 2.056806e+01  3.018366e-02 
 2.056838e+01  3.018366e-02 
 2.056871e+01  3.018366e-02 
 2.056903e+01  3.018366e-02 
 2.056935e+01  3.018366e-02 
 2.056967e+01  3.018367e-02 
 2.056999e+01  3.018367e-02 
 2.057031e+01  3.018367e-02 
 2.057063e+01  3.018367e-02 
 2.057096e+01  3.018368e-02 
 2.057128e+01  3.018368e-02 
 2.057160e+01  3.018368e-02 
 2.057192e+01  3.018368e-02 
 2.057224e+01  3.018368e-02 
 2.057256e+01  3.018369e-02 
 2.057289e+01  3.018369e-02 
 2.057321e+01  3.018369e-02 
 2.057353e+01  3.018369e-02 
 2.057385e+01  3.018370e-02 
 2.057417e+01  3.018370e-02 
 2.057449e+01  3.018370e-02 
 2.057482e+01  3.018370e-02 
 2.057514e+01  3.018371e-02 
 2.057546e+01  3.018371e-02 
 2.057578e+01  3.018371e-02 
 2.057610e+01  3.018371e-02 
 2.057642e+01  3.018372e-02 
 2.057674e+01  3.018372e-02 
 2.057707e+01  3.018372e-02 
 2.057739e+01  3.018372e-02 
 2.057771e+01  3.018372e-02 
 2.057803e+01  3.018373e-02 
 2.057835e+01  3.018373e-02 
 2.057867e+01  3.018373e-02 
 2.057900e+01  3.018373e-02 
 2.057932e+01  3.018374e-02 
 2.057964e+01  3.018374e-02 
 2.057996e+01  3.018374e-02 
 2.058028e+01  3.018375e-02 
 2.058060e+01  3.018375e-02 
 2.058092e+01  3.018375e-02 
 2.058125e+01  3.018375e-02 
 2.058157e+01  3.018376e-02 
 2.058189e+01  3.018376e-02 
 2.058221e+01  3.018376e-02 
 2.058253e+01  3.018376e-02 
 2.058285e+01  3.018377e-02 
 2.058318e+01  3.018377e-02 
 2.058350e+01  3.018377e-02 
 2.058382e+01  3.018377e-02 
 2.058414e+01  3.018378e-02 
 2.058446e+01  3.018378e-02 
 2.058478e+01  3.018378e-02 
 2.058510e+01  3.018378e-02 
 2.058543e+01  3.018379e-02 
 2.058575e+01  3.018379e-02 
 2.058607e+01  3.018379e-02 
 2.058639e+01  3.018380e-02 
 2.058671e+01  3.018380e-02 
 2.058703e+01  3.018380e-02 
 2.058736e+01  3.018380e-02 
 2.058768e+01  3.018381e-02 
 2.058800e+01  3.018381e-02 
 2.058832e+01  3.018381e-02 
 2.058864e+01  3.018382e-02 
 2.058896e+01  3.018382e-02 
 2.058929e+01  3.018382e-02 
 2.058961e+01  3.018382e-02 
 2.058993e+01  3.018383e-02 
 2.059025e+01  3.018383e-02 
 2.059057e+01  3.018383e-02 
 2.059089e+01  3.018384e-02 
 2.059121e+01  3.018384e-02 
 2.059154e+01  3.018384e-02 
 2.059186e+01  3.018385e-02 
 2.059218e+01  3.018385e-02 
 2.059250e+01  3.018385e-02 
 2.059282e+01  3.018385e-02 
 2.059314e+01  3.018386e-02 
 2.059347e+01  3.018386e-02 
 2.059379e+01  3.018386e-02 
 2.059411e+01  3.018387e-02 
 2.059443e+01  3.018387e-02 
 2.059475e+01  3.018387e-02 
 2.059507e+01  3.018388e-02 
 2.059539e+01  3.018388e-02 
 2.059572e+01  3.018388e-02 
 2.059604e+01  3.018389e-02 
 2.059636e+01  3.018389e-02 
 2.059668e+01  3.018389e-02 
 2.059700e+01  3.018390e-02 
 2.059732e+01  3.018390e-02 
 2.059765e+01  3.018390e-02 
 2.059797e+01  3.018391e-02 
 2.059829e+01  3.018391e-02 
 2.059861e+01  3.018391e-02 
 2.059893e+01  3.018392e-02 
 2.059925e+01  3.018392e-02 
 2.059957e+01  3.018393e-02 
 2.059990e+01  3.018393e-02 
 2.060022e+01  3.018393e-02 
 2.060054e+01  3.018394e-02 
 2.060086e+01  3.018394e-02 
 2.060118e+01  3.018394e-02 
 2.060150e+01  3.018395e-02 
 2.060183e+01  3.018395e-02 
 2.060215e+01  3.018396e-02 
 2.060247e+01  3.018396e-02 
 2.060279e+01  3.018396e-02 
 2.060311e+01  3.018397e-02 
 2.060343e+01  3.018397e-02 
 2.060376e+01  3.018398e-02 
 2.060408e+01  3.018398e-02 
 2.060440e+01  3.018398e-02 
 2.060472e+01  3.018399e-02 
 2.060504e+01  3.018399e-02 
 2.060536e+01  3.018400e-02 
 2.060568e+01  3.018400e-02 
 2.060601e+01  3.018400e-02 
 2.060633e+01  3.018401e-02 
 2.060665e+01  3.018401e-02 
 2.060697e+01  3.018402e-02 
 2.060729e+01  3.018402e-02 
 2.060761e+01  3.018403e-02 
 2.060794e+01  3.018403e-02 
 2.060826e+01  3.018403e-02 
 2.060858e+01  3.018404e-02 
 2.060890e+01  3.018404e-02 
 2.060922e+01  3.018405e-02 
 2.060954e+01  3.018405e-02 
 2.060986e+01  3.018406e-02 
 2.061019e+01  3.018406e-02 
 2.061051e+01  3.018406e-02 
 2.061083e+01  3.018407e-02 
 2.061115e+01  3.018407e-02 
 2.061147e+01  3.018408e-02 
 2.061179e+01  3.018408e-02 
 2.061212e+01  3.018409e-02 
 2.061244e+01  3.018409e-02 
 2.061276e+01  3.018410e-02 
 2.061308e+01  3.018410e-02 
 2.061340e+01  3.018410e-02 
 2.061372e+01  3.018411e-02 
 2.061404e+01  3.018411e-02 
 2.061437e+01  3.018412e-02 
 2.061469e+01  3.018412e-02 
 2.061501e+01  3.018413e-02 
 2.061533e+01  3.018413e-02 
 2.061565e+01  3.018413e-02 
 2.061597e+01  3.018414e-02 
 2.061630e+01  3.018414e-02 
 2.061662e+01  3.018415e-02 
 2.061694e+01  3.018415e-02 
 2.061726e+01  3.018416e-02 
 2.061758e+01  3.018416e-02 
 2.061790e+01  3.018416e-02 
 2.061823e+01  3.018417e-02 
 2.061855e+01  3.018417e-02 
 2.061887e+01  3.018418e-02 
 2.061919e+01  3.018418e-02 
 2.061951e+01  3.018419e-02 
 2.061983e+01  3.018419e-02 
 2.062015e+01  3.018419e-02 
 2.062048e+01  3.018420e-02 
 2.062080e+01  3.018420e-02 
 2.062112e+01  3.018421e-02 
 2.062144e+01  3.018421e-02 
 2.062176e+01  3.018421e-02 
 2.062208e+01  3.018422e-02 
 2.062241e+01  3.018422e-02 
 2.062273e+01  3.018423e-02 
 2.062305e+01  3.018423e-02 
 2.062337e+01  3.018423e-02 
 2.062369e+01  3.018424e-02 
 2.062401e+01  3.018424e-02 
 2.062433e+01  3.018424e-02 
 2.062466e+01  3.018425e-02 
 2.062498e+01  3.018425e-02 
 2.062530e+01  3.018426e-02 
 2.062562e+01  3.018426e-02 
 2.062594e+01  3.018426e-02 
 2.062626e+01  3.018427e-02 
 2.062659e+01  3.018427e-02 
 2.062691e+01  3.018427e-02 
 2.062723e+01  3.018428e-02 
 2.062755e+01  3.018428e-02 
 2.062787e+01  3.018428e-02 
 2.062819e+01  3.018429e-02 
 2.062852e+01  3.018429e-02 
 2.062884e+01  3.018429e-02 
 2.062916e+01  3.018430e-02 
 2.062948e+01  3.018430e-02 
 2.062980e+01  3.018430e-02 
 2.063012e+01  3.018431e-02 
 2.063044e+01  3.018431e-02 
 2.063077e+01  3.018431e-02 
 2.063109e+01  3.018431e-02 
 2.063141e+01  3.018432e-02 
 2.063173e+01  3.018432e-02 
 2.063205e+01  3.018432e-02 
 2.063237e+01  3.018433e-02 
 2.063270e+01  3.018433e-02 
 2.063302e+01  3.018433e-02 
 2.063334e+01  3.018434e-02 
 2.063366e+01  3.018434e-02 
 2.063398e+01  3.018434e-02 
 2.063430e+01  3.018434e-02 
 2.063462e+01  3.018435e-02 
 2.063495e+01  3.018435e-02 
 2.063527e+01  3.018435e-02 
 2.063559e+01  3.018435e-02 
 2.063591e+01  3.018436e-02 
 2.063623e+01  3.018436e-02 
 2.063655e+01  3.018436e-02 
 2.063688e+01  3.018436e-02 
 2.063720e+01  3.018437e-02 
 2.063752e+01  3.018437e-02 
 2.063784e+01  3.018437e-02 
 2.063816e+01  3.018437e-02 
 2.063848e+01  3.018438e-02 
 2.063880e+01  3.018438e-02 
 2.063913e+01  3.018438e-02 
 2.063945e+01  3.018438e-02 
 2.063977e+01  3.018439e-02 
 2.064009e+01  3.018439e-02 
 2.064041e+01  3.018439e-02 
 2.064073e+01  3.018439e-02 
 2.064106e+01  3.018439e-02 
 2.064138e+01  3.018440e-02 
 2.064170e+01  3.018440e-02 
 2.064202e+01  3.018440e-02 
 2.064234e+01  3.018440e-02 
 2.064266e+01  3.018440e-02 
 2.064299e+01  3.018441e-02 
 2.064331e+01  3.018441e-02 
 2.064363e+01  3.018441e-02 
 2.064395e+01  3.018441e-02 
 2.064427e+01  3.018441e-02 
 2.064459e+01  3.018442e-02 
 2.064491e+01  3.018442e-02 
 2.064524e+01  3.018442e-02 
 2.064556e+01  3.018442e-02 
 2.064588e+01  3.018442e-02 
 2.064620e+01  3.018442e-02 
 2.064652e+01  3.018443e-02 
 2.064684e+01  3.018443e-02 
 2.064717e+01  3.018443e-02 
 2.064749e+01  3.018443e-02 
 2.064781e+01  3.018443e-02 
 2.064813e+01  3.018443e-02 
 2.064845e+01  3.018443e-02 
 2.064877e+01  3.018444e-02 
 2.064909e+01  3.018444e-02 
 2.064942e+01  3.018444e-02 
 2.064974e+01  3.018444e-02 
 2.065006e+01  3.018444e-02 
 2.065038e+01  3.018444e-02 
 2.065070e+01  3.018444e-02 
 2.065102e+01  3.018444e-02 
 2.065135e+01  3.018445e-02 
 2.065167e+01  3.018445e-02 
 2.065199e+01  3.018445e-02 
 2.065231e+01  3.018445e-02 
 2.065263e+01  3.018445e-02 
 2.065295e+01  3.018445e-02 
 2.065327e+01  3.018445e-02 
 2.065360e+01  3.018445e-02 
 2.065392e+01  3.018445e-02 
 2.065424e+01  3.018445e-02 
 2.065456e+01  3.018445e-02 
 2.065488e+01  3.018445e-02 
 2.065520e+01  3.018445e-02 
 2.065553e+01  3.018445e-02 
 2.065585e+01  3.018445e-02 
 2.065617e+01  3.018445e-02 
 2.065649e+01  3.018445e-02 
 2.065681e+01  3.018445e-02 
 2.065713e+01  3.018445e-02 
 2.065746e+01  3.018445e-02 
 2.065778e+01  3.018445e-02 
 2.065810e+01  3.018445e-02 
 2.065842e+01  3.018445e-02 
 2.065874e+01  3.018445e-02 
 2.065906e+01  3.018445e-02 
 2.065938e+01  3.018445e-02 
 2.065971e+01  3.018445e-02 
 2.066003e+01  3.018445e-02 
 2.066035e+01  3.018445e-02 
 2.066067e+01  3.018445e-02 
 2.066099e+01  3.018445e-02 
 2.066131e+01  3.018445e-02 
 2.066164e+01  3.018445e-02 
 2.066196e+01  3.018445e-02 
 2.066228e+01  3.018445e-02 
 2.066260e+01  3.018445e-02 
 2.066292e+01  3.018445e-02 
 2.066324e+01  3.018445e-02 
 2.066356e+01  3.018444e-02 
 2.066389e+01  3.018444e-02 
 2.066421e+01  3.018444e-02 
 2.066453e+01  3.018444e-02 
 2.066485e+01  3.018444e-02 
 2.066517e+01  3.018444e-02 
 2.066549e+01  3.018444e-02 
 2.066582e+01  3.018444e-02 
 2.066614e+01  3.018444e-02 
 2.066646e+01  3.018443e-02 
 2.066678e+01  3.018443e-02 
 2.066710e+01  3.018443e-02 
 2.066742e+01  3.018443e-02 
 2.066774e+01  3.018443e-02 
 2.066807e+01  3.018443e-02 
 2.066839e+01  3.018442e-02 
 2.066871e+01  3.018442e-02 
 2.066903e+01  3.018442e-02 
 2.066935e+01  3.018442e-02 
 2.066967e+01  3.018442e-02 
 2.067000e+01  3.018442e-02 
 2.067032e+01  3.018441e-02 
 2.067064e+01  3.018441e-02 
 2.067096e+01  3.018441e-02 
 2.067128e+01  3.018441e-02 
 2.067160e+01  3.018441e-02 
 2.067193e+01  3.018440e-02 
 2.067225e+01  3.018440e-02 
 2.067257e+01  3.018440e-02 
 2.067289e+01  3.018440e-02 
 2.067321e+01  3.018439e-02 
 2.067353e+01  3.018439e-02 
 2.067385e+01  3.018439e-02 
 2.067418e+01  3.018439e-02 
 2.067450e+01  3.018438e-02 
 2.067482e+01  3.018438e-02 
 2.067514e+01  3.018438e-02 
 2.067546e+01  3.018438e-02 
 2.067578e+01  3.018437e-02 
 2.067611e+01  3.018437e-02 
 2.067643e+01  3.018437e-02 
 2.067675e+01  3.018437e-02 
 2.067707e+01  3.018436e-02 
 2.067739e+01  3.018436e-02 
 2.067771e+01  3.018436e-02 
 2.067803e+01  3.018435e-02 
 2.067836e+01  3.018435e-02 
 2.067868e+01  3.018435e-02 
 2.067900e+01  3.018435e-02 
 2.067932e+01  3.018434e-02 
 2.067964e+01  3.018434e-02 
 2.067996e+01  3.018434e-02 
 2.068029e+01  3.018433e-02 
 2.068061e+01  3.018433e-02 
 2.068093e+01  3.018433e-02 
 2.068125e+01  3.018432e-02 
 2.068157e+01  3.018432e-02 
 2.068189e+01  3.018432e-02 
 2.068221e+01  3.018431e-02 
 2.068254e+01  3.018431e-02 
 2.068286e+01  3.018431e-02 
 2.068318e+01  3.018430e-02 
 2.068350e+01  3.018430e-02 
 2.068382e+01  3.018430e-02 
 2.068414e+01  3.018429e-02 
 2.068447e+01  3.018429e-02 
 2.068479e+01  3.018429e-02 
 2.068511e+01  3.018428e-02 
 2.068543e+01  3.018428e-02 
 2.068575e+01  3.018428e-02 
 2.068607e+01  3.018427e-02 
 2.068640e+01  3.018427e-02 
 2.068672e+01  3.018427e-02 
 2.068704e+01  3.018426e-02 
 2.068736e+01  3.018426e-02 
 2.068768e+01  3.018426e-02 
 2.068800e+01  3.018425e-02 
 2.068832e+01  3.018425e-02 
 2.068865e+01  3.018424e-02 
 2.068897e+01  3.018424e-02 
 2.068929e+01  3.018424e-02 
 2.068961e+01  3.018423e-02 
 2.068993e+01  3.018423e-02 
 2.069025e+01  3.018422e-02 
 2.069058e+01  3.018422e-02 
 2.069090e+01  3.018422e-02 
 2.069122e+01  3.018421e-02 
 2.069154e+01  3.018421e-02 
 2.069186e+01  3.018420e-02 
 2.069218e+01  3.018420e-02 
 2.069250e+01  3.018420e-02 
 2.069283e+01  3.018419e-02 
 2.069315e+01  3.018419e-02 
 2.069347e+01  3.018418e-02 
 2.069379e+01  3.018418e-02 
 2.069411e+01  3.018418e-02 
 2.069443e+01  3.018417e-02 
 2.069476e+01  3.018417e-02 
 2.069508e+01  3.018416e-02 
 2.069540e+01  3.018416e-02 
 2.069572e+01  3.018416e-02 
 2.069604e+01  3.018415e-02 
 2.069636e+01  3.018415e-02 
 2.069668e+01  3.018414e-02 
 2.069701e+01  3.018414e-02 
 2.069733e+01  3.018413e-02 
 2.069765e+01  3.018413e-02 
 2.069797e+01  3.018412e-02 
 2.069829e+01  3.018412e-02 
 2.069861e+01  3.018412e-02 
 2.069894e+01  3.018411e-02 
 2.069926e+01  3.018411e-02 
 2.069958e+01  3.018410e-02 
 2.069990e+01  3.018410e-02 
 2.070022e+01  3.018409e-02 
 2.070054e+01  3.018409e-02 
 2.070087e+01  3.018408e-02 
 2.070119e+01  3.018408e-02 
 2.070151e+01  3.018408e-02 
 2.070183e+01  3.018407e-02 
 2.070215e+01  3.018407e-02 
 2.070247e+01  3.018406e-02 
 2.070279e+01  3.018406e-02 
 2.070312e+01  3.018405e-02 
 2.070344e+01  3.018405e-02 
 2.070376e+01  3.018404e-02 
 2.070408e+01  3.018404e-02 
 2.070440e+01  3.018403e-02 
 2.070472e+01  3.018403e-02 
 2.070505e+01  3.018402e-02 
 2.070537e+01  3.018402e-02 
 2.070569e+01  3.018401e-02 
 2.070601e+01  3.018401e-02 
 2.070633e+01  3.018400e-02 
 2.070665e+01  3.018400e-02 
 2.070697e+01  3.018399e-02 
 2.070730e+01  3.018399e-02 
 2.070762e+01  3.018398e-02 
 2.070794e+01  3.018398e-02 
 2.070826e+01  3.018397e-02 
 2.070858e+01  3.018397e-02 
 2.070890e+01  3.018396e-02 
 2.070923e+01  3.018396e-02 
 2.070955e+01  3.018395e-02 
 2.070987e+01  3.018395e-02 
 2.071019e+01  3.018394e-02 
 2.071051e+01  3.018394e-02 
 2.071083e+01  3.018393e-02 
 2.071116e+01  3.018393e-02 
 2.071148e+01  3.018392e-02 
 2.071180e+01  3.018392e-02 
 2.071212e+01  3.018391e-02 
 2.071244e+01  3.018390e-02 
 2.071276e+01  3.018390e-02 
 2.071308e+01  3.018389e-02 
 2.071341e+01  3.018389e-02 
 2.071373e+01  3.018388e-02 
 2.071405e+01  3.018388e-02 
 2.071437e+01  3.018387e-02 
 2.071469e+01  3.018387e-02 
 2.071501e+01  3.018386e-02 
 2.071534e+01  3.018386e-02 
 2.071566e+01  3.018385e-02 
 2.071598e+01  3.018384e-02 
 2.071630e+01  3.018384e-02 
 2.071662e+01  3.018383e-02 
 2.071694e+01  3.018383e-02 
 2.071726e+01  3.018382e-02 
 2.071759e+01  3.018382e-02 
 2.071791e+01  3.018381e-02 
 2.071823e+01  3.018380e-02 
 2.071855e+01  3.018380e-02 
 2.071887e+01  3.018379e-02 
 2.071919e+01  3.018379e-02 
 2.071952e+01  3.018378e-02 
 2.071984e+01  3.018377e-02 
 2.072016e+01  3.018377e-02 
 2.072048e+01  3.018376e-02 
 2.072080e+01  3.018376e-02 
 2.072112e+01  3.018375e-02 
 2.072144e+01  3.018374e-02 
 2.072177e+01  3.018374e-02 
 2.072209e+01  3.018373e-02 
 2.072241e+01  3.018372e-02 
 2.072273e+01  3.018372e-02 
 2.072305e+01  3.018371e-02 
 2.072337e+01  3.018371e-02 
 2.072370e+01  3.018370e-02 
 2.072402e+01  3.018369e-02 
 2.072434e+01  3.018369e-02 
 2.072466e+01  3.018368e-02 
 2.072498e+01  3.018367e-02 
 2.072530e+01  3.018367e-02 
 2.072563e+01  3.018366e-02 
 2.072595e+01  3.018365e-02 
 2.072627e+01  3.018365e-02 
 2.072659e+01  3.018364e-02 
 2.072691e+01  3.018363e-02 
 2.072723e+01  3.018363e-02 
 2.072755e+01  3.018362e-02 
 2.072788e+01  3.018361e-02 
 2.072820e+01  3.018361e-02 
 2.072852e+01  3.018360e-02 
 2.072884e+01  3.018359e-02 
 2.072916e+01  3.018359e-02 
 2.072948e+01  3.018358e-02 
 2.072981e+01  3.018357e-02 
 2.073013e+01  3.018357e-02 
 2.073045e+01  3.018356e-02 
 2.073077e+01  3.018355e-02 
 2.073109e+01  3.018355e-02 
 2.073141e+01  3.018354e-02 
 2.073173e+01  3.018353e-02 
 2.073206e+01  3.018352e-02 
 2.073238e+01  3.018352e-02 
 2.073270e+01  3.018351e-02 
 2.073302e+01  3.018350e-02 
 2.073334e+01  3.018350e-02 
 2.073366e+01  3.018349e-02 
 2.073399e+01  3.018348e-02 
 2.073431e+01  3.018348e-02 
 2.073463e+01  3.018347e-02 
 2.073495e+01  3.018346e-02 
 2.073527e+01  3.018345e-02 
 2.073559e+01  3.018345e-02 
 2.073591e+01  3.018344e-02 
 2.073624e+01  3.018343e-02 
 2.073656e+01  3.018343e-02 
 2.073688e+01  3.018342e-02 
 2.073720e+01  3.018341e-02 
 2.073752e+01  3.018340e-02 
 2.073784e+01  3.018340e-02 
 2.073817e+01  3.018339e-02 
 2.073849e+01  3.018338e-02 
 2.073881e+01  3.018338e-02 
 2.073913e+01  3.018337e-02 
 2.073945e+01  3.018336e-02 
 2.073977e+01  3.018335e-02 
 2.074010e+01  3.018335e-02 
 2.074042e+01  3.018334e-02 
 2.074074e+01  3.018333e-02 
 2.074106e+01  3.018333e-02 
 2.074138e+01  3.018332e-02 
 2.074170e+01  3.018331e-02 
 2.074202e+01  3.018330e-02 
 2.074235e+01  3.018330e-02 
 2.074267e+01  3.018329e-02 
 2.074299e+01  3.018328e-02 
 2.074331e+01  3.018328e-02 
 2.074363e+01  3.018327e-02 
 2.074395e+01  3.018326e-02 
 2.074428e+01  3.018326e-02 
 2.074460e+01  3.018325e-02 
 2.074492e+01  3.018324e-02 
 2.074524e+01  3.018323e-02 
 2.074556e+01  3.018323e-02 
 2.074588e+01  3.018322e-02 
 2.074620e+01  3.018321e-02 
 2.074653e+01  3.018321e-02 
 2.074685e+01  3.018320e-02 
 2.074717e+01  3.018319e-02 
 2.074749e+01  3.018318e-02 
 2.074781e+01  3.018318e-02 
 2.074813e+01  3.018317e-02 
 2.074846e+01  3.018316e-02 
 2.074878e+01  3.018316e-02 
 2.074910e+01  3.018315e-02 
 2.074942e+01  3.018314e-02 
 2.074974e+01  3.018314e-02 
 2.075006e+01  3.018313e-02 
 2.075038e+01  3.018312e-02 
 2.075071e+01  3.018311e-02 
 2.075103e+01  3.018311e-02 
 2.075135e+01  3.018310e-02 
 2.075167e+01  3.018309e-02 
 2.075199e+01  3.018309e-02 
 2.075231e+01  3.018308e-02 
 2.075264e+01  3.018307e-02 
 2.075296e+01  3.018307e-02 
 2.075328e+01  3.018306e-02 
 2.075360e+01  3.018305e-02 
 2.075392e+01  3.018305e-02 
 2.075424e+01  3.018304e-02 
 2.075457e+01  3.018303e-02 
 2.075489e+01  3.018302e-02 
 2.075521e+01  3.018302e-02 
 2.075553e+01  3.018301e-02 
 2.075585e+01  3.018300e-02 
 2.075617e+01  3.018300e-02 
 2.075649e+01  3.018299e-02 
 2.075682e+01  3.018298e-02 
 2.075714e+01  3.018298e-02 
 2.075746e+01  3.018297e-02 
 2.075778e+01  3.018296e-02 
 2.075810e+01  3.018295e-02 
 2.075842e+01  3.018295e-02 
 2.075875e+01  3.018294e-02 
 2.075907e+01  3.018293e-02 
 2.075939e+01  3.018293e-02 
 2.075971e+01  3.018292e-02 
 2.076003e+01  3.018291e-02 
 2.076035e+01  3.018291e-02 
 2.076067e+01  3.018290e-02 
 2.076100e+01  3.018289e-02 
 2.076132e+01  3.018289e-02 
 2.076164e+01  3.018288e-02 
 2.076196e+01  3.018287e-02 
 2.076228e+01  3.018286e-02 
 2.076260e+01  3.018286e-02 
 2.076293e+01  3.018285e-02 
 2.076325e+01  3.018284e-02 
 2.076357e+01  3.018284e-02 
 2.076389e+01  3.018283e-02 
 2.076421e+01  3.018282e-02 
 2.076453e+01  3.018281e-02 
 2.076485e+01  3.018281e-02 
 2.076518e+01  3.018280e-02 
 2.076550e+01  3.018279e-02 
 2.076582e+01  3.018279e-02 
 2.076614e+01  3.018278e-02 
 2.076646e+01  3.018277e-02 
 2.076678e+01  3.018276e-02 
 2.076711e+01  3.018276e-02 
 2.076743e+01  3.018275e-02 
 2.076775e+01  3.018274e-02 
 2.076807e+01  3.018274e-02 
 2.076839e+01  3.018273e-02 
 2.076871e+01  3.018272e-02 
 2.076904e+01  3.018271e-02 
 2.076936e+01  3.018271e-02 
 2.076968e+01  3.018270e-02 
 2.077000e+01  3.018269e-02 
 2.077032e+01  3.018268e-02 
 2.077064e+01  3.018268e-02 
 2.077096e+01  3.018267e-02 
 2.077129e+01  3.018266e-02 
 2.077161e+01  3.018266e-02 
 2.077193e+01  3.018265e-02 
 2.077225e+01  3.018264e-02 
 2.077257e+01  3.018263e-02 
 2.077289e+01  3.018263e-02 
 2.077322e+01  3.018262e-02 
 2.077354e+01  3.018261e-02 
 2.077386e+01  3.018260e-02 
 2.077418e+01  3.018260e-02 
 2.077450e+01  3.018259e-02 
 2.077482e+01  3.018258e-02 
 2.077514e+01  3.018257e-02 
 2.077547e+01  3.018257e-02 
 2.077579e+01  3.018256e-02 
 2.077611e+01  3.018255e-02 
 2.077643e+01  3.018254e-02 
 2.077675e+01  3.018254e-02 
 2.077707e+01  3.018253e-02 
 2.077740e+01  3.018252e-02 
 2.077772e+01  3.018251e-02 
 2.077804e+01  3.018251e-02 
 2.077836e+01  3.018250e-02 
 2.077868e+01  3.018249e-02 
 2.077900e+01  3.018248e-02 
 2.077932e+01  3.018247e-02 
 2.077965e+01  3.018247e-02 
 2.077997e+01  3.018246e-02 
 2.078029e+01  3.018245e-02 
 2.078061e+01  3.018244e-02 
 2.078093e+01  3.018244e-02 
 2.078125e+01  3.018243e-02 
 2.078158e+01  3.018242e-02 
 2.078190e+01  3.018241e-02 
 2.078222e+01  3.018241e-02 
 2.078254e+01  3.018240e-02 
 2.078286e+01  3.018239e-02 
 2.078318e+01  3.018238e-02 
 2.078351e+01  3.018237e-02 
 2.078383e+01  3.018237e-02 
 2.078415e+01  3.018236e-02 
 2.078447e+01  3.018235e-02 
 2.078479e+01  3.018234e-02 
 2.078511e+01  3.018234e-02 
 2.078543e+01  3.018233e-02 
 2.078576e+01  3.018232e-02 
 2.078608e+01  3.018231e-02 
 2.078640e+01  3.018231e-02 
 2.078672e+01  3.018230e-02 
 2.078704e+01  3.018229e-02 
 2.078736e+01  3.018228e-02 
 2.078769e+01  3.018227e-02 
 2.078801e+01  3.018227e-02 
 2.078833e+01  3.018226e-02 
 2.078865e+01  3.018225e-02 
 2.078897e+01  3.018224e-02 
 2.078929e+01  3.018224e-02 
 2.078961e+01  3.018223e-02 
 2.078994e+01  3.018222e-02 
 2.079026e+01  3.018221e-02 
 2.079058e+01  3.018221e-02 
 2.079090e+01  3.018220e-02 
 2.079122e+01  3.018219e-02 
 2.079154e+01  3.018218e-02 
 2.079187e+01  3.018217e-02 
 2.079219e+01  3.018217e-02 
 2.079251e+01  3.018216e-02 
 2.079283e+01  3.018215e-02 
 2.079315e+01  3.018214e-02 
 2.079347e+01  3.018214e-02 
 2.079380e+01  3.018213e-02 
 2.079412e+01  3.018212e-02 
 2.079444e+01  3.018211e-02 
 2.079476e+01  3.018211e-02 
 2.079508e+01  3.018210e-02 
 2.079540e+01  3.018209e-02 
 2.079572e+01  3.018208e-02 
 2.079605e+01  3.018208e-02 
 2.079637e+01  3.018207e-02 
 2.079669e+01  3.018206e-02 
 2.079701e+01  3.018205e-02 
 2.079733e+01  3.018204e-02 
 2.079765e+01  3.018204e-02 
 2.079798e+01  3.018203e-02 
 2.079830e+01  3.018202e-02 
 2.079862e+01  3.018201e-02 
 2.079894e+01  3.018201e-02 
 2.079926e+01  3.018200e-02 
 2.079958e+01  3.018199e-02 
 2.079990e+01  3.018198e-02 
 2.080023e+01  3.018198e-02 
 2.080055e+01  3.018197e-02 
 2.080087e+01  3.018196e-02 
 2.080119e+01  3.018195e-02 
 2.080151e+01  3.018194e-02 
 2.080183e+01  3.018194e-02 
 2.080216e+01  3.018193e-02 
 2.080248e+01  3.018192e-02 
 2.080280e+01  3.018191e-02 
 2.080312e+01  3.018190e-02 
 2.080344e+01  3.018190e-02 
 2.080376e+01  3.018189e-02 
 2.080408e+01  3.018188e-02 
 2.080441e+01  3.018187e-02 
 2.080473e+01  3.018186e-02 
 2.080505e+01  3.018186e-02 
 2.080537e+01  3.018185e-02 
 2.080569e+01  3.018184e-02 
 2.080601e+01  3.018183e-02 
 2.080634e+01  3.018182e-02 
 2.080666e+01  3.018182e-02 
 2.080698e+01  3.018181e-02 
 2.080730e+01  3.018180e-02 
 2.080762e+01  3.018179e-02 
 2.080794e+01  3.018178e-02 
 2.080827e+01  3.018177e-02 
 2.080859e+01  3.018177e-02 
 2.080891e+01  3.018176e-02 
 2.080923e+01  3.018175e-02 
 2.080955e+01  3.018174e-02 
 2.080987e+01  3.018173e-02 
 2.081019e+01  3.018172e-02 
 2.081052e+01  3.018172e-02 
 2.081084e+01  3.018171e-02 
 2.081116e+01  3.018170e-02 
 2.081148e+01  3.018169e-02 
 2.081180e+01  3.018168e-02 
 2.081212e+01  3.018167e-02 
 2.081245e+01  3.018166e-02 
 2.081277e+01  3.018165e-02 
 2.081309e+01  3.018165e-02 
 2.081341e+01  3.018164e-02 
 2.081373e+01  3.018163e-02 
 2.081405e+01  3.018162e-02 
 2.081437e+01  3.018161e-02 
 2.081470e+01  3.018160e-02 
 2.081502e+01  3.018159e-02 
 2.081534e+01  3.018158e-02 
 2.081566e+01  3.018157e-02 
 2.081598e+01  3.018157e-02 
 2.081630e+01  3.018156e-02 
 2.081663e+01  3.018155e-02 
 2.081695e+01  3.018154e-02 
 2.081727e+01  3.018153e-02 
 2.081759e+01  3.018152e-02 
 2.081791e+01  3.018151e-02 
 2.081823e+01  3.018150e-02 
 2.081855e+01  3.018149e-02 
 2.081888e+01  3.018148e-02 
 2.081920e+01  3.018147e-02 
 2.081952e+01  3.018147e-02 
 2.081984e+01  3.018146e-02 
 2.082016e+01  3.018145e-02 
 2.082048e+01  3.018144e-02 
 2.082081e+01  3.018143e-02 
 2.082113e+01  3.018142e-02 
 2.082145e+01  3.018141e-02 
 2.082177e+01  3.018140e-02 
 2.082209e+01  3.018139e-02 
 2.082241e+01  3.018138e-02 
 2.082274e+01  3.018137e-02 
 2.082306e+01  3.018136e-02 
 2.082338e+01  3.018135e-02 
 2.082370e+01  3.018134e-02 
 2.082402e+01  3.018133e-02 
 2.082434e+01  3.018132e-02 
 2.082466e+01  3.018132e-02 
 2.082499e+01  3.018131e-02 
 2.082531e+01  3.018130e-02 
 2.082563e+01  3.018129e-02 
 2.082595e+01  3.018128e-02 
 2.082627e+01  3.018127e-02 
 2.082659e+01  3.018126e-02 
 2.082692e+01  3.018125e-02 
 2.082724e+01  3.018124e-02 
 2.082756e+01  3.018123e-02 
 2.082788e+01  3.018122e-02 
 2.082820e+01  3.018121e-02 
 2.082852e+01  3.018120e-02 
 2.082884e+01  3.018119e-02 
 2.082917e+01  3.018118e-02 
 2.082949e+01  3.018117e-02 
 2.082981e+01  3.018116e-02 
 2.083013e+01  3.018115e-02 
 2.083045e+01  3.018114e-02 
 2.083077e+01  3.018113e-02 
 2.083110e+01  3.018112e-02 
 2.083142e+01  3.018111e-02 
 2.083174e+01  3.018110e-02 
 2.083206e+01  3.018109e-02 
 2.083238e+01  3.018108e-02 
 2.083270e+01  3.018107e-02 
 2.083302e+01  3.018106e-02 
 2.083335e+01  3.018105e-02 
 2.083367e+01  3.018104e-02 
 2.083399e+01  3.018103e-02 
 2.083431e+01  3.018102e-02 
 2.083463e+01  3.018101e-02 
 2.083495e+01  3.018100e-02 
 2.083528e+01  3.018099e-02 
 2.083560e+01  3.018098e-02 
 2.083592e+01  3.018097e-02 
 2.083624e+01  3.018096e-02 
 2.083656e+01  3.018095e-02 
 2.083688e+01  3.018094e-02 
 2.083721e+01  3.018093e-02 
 2.083753e+01  3.018092e-02 
 2.083785e+01  3.018091e-02 
 2.083817e+01  3.018090e-02 
 2.083849e+01  3.018089e-02 
 2.083881e+01  3.018088e-02 
 2.083913e+01  3.018087e-02 
 2.083946e+01  3.018086e-02 
 2.083978e+01  3.018085e-02 
 2.084010e+01  3.018084e-02 
 2.084042e+01  3.018083e-02 
 2.084074e+01  3.018082e-02 
 2.084106e+01  3.018081e-02 
 2.084139e+01  3.018080e-02 
 2.084171e+01  3.018079e-02 
 2.084203e+01  3.018078e-02 
 2.084235e+01  3.018077e-02 
 2.084267e+01  3.018076e-02 
 2.084299e+01  3.018075e-02 
 2.084331e+01  3.018074e-02 
 2.084364e+01  3.018073e-02 
 2.084396e+01  3.018072e-02 
 2.084428e+01  3.018071e-02 
 2.084460e+01  3.018070e-02 
 2.084492e+01  3.018069e-02 
 2.084524e+01  3.018068e-02 
 2.084557e+01  3.018067e-02 
 2.084589e+01  3.018066e-02 
 2.084621e+01  3.018065e-02 
 2.084653e+01  3.018064e-02 
 2.084685e+01  3.018063e-02 
 2.084717e+01  3.018062e-02 
 2.084749e+01  3.018061e-02 
 2.084782e+01  3.018060e-02 
 2.084814e+01  3.018059e-02 
 2.084846e+01  3.018058e-02 
 2.084878e+01  3.018057e-02 
 2.084910e+01  3.018056e-02 
 2.084942e+01  3.018055e-02 
 2.084975e+01  3.018054e-02 
 2.085007e+01  3.018053e-02 
 2.085039e+01  3.018052e-02 
 2.085071e+01  3.018051e-02 
 2.085103e+01  3.018050e-02 
 2.085135e+01  3.018048e-02 
 2.085168e+01  3.018047e-02 
 2.085200e+01  3.018046e-02 
 2.085232e+01  3.018045e-02 
 2.085264e+01  3.018044e-02 
 2.085296e+01  3.018043e-02 
 2.085328e+01  3.018042e-02 
 2.085360e+01  3.018041e-02 
 2.085393e+01  3.018040e-02 
 2.085425e+01  3.018039e-02 
 2.085457e+01  3.018038e-02 
 2.085489e+01  3.018037e-02 
 2.085521e+01  3.018036e-02 
 2.085553e+01  3.018035e-02 
 2.085586e+01  3.018034e-02 
 2.085618e+01  3.018033e-02 
 2.085650e+01  3.018032e-02 
 2.085682e+01  3.018031e-02 
 2.085714e+01  3.018030e-02 
 2.085746e+01  3.018029e-02 
 2.085778e+01  3.018028e-02 
 2.085811e+01  3.018027e-02 
 2.085843e+01  3.018025e-02 
 2.085875e+01  3.018024e-02 
 2.085907e+01  3.018023e-02 
 2.085939e+01  3.018022e-02 
 2.085971e+01  3.018021e-02 
 2.086004e+01  3.018020e-02 
 2.086036e+01  3.018019e-02 
 2.086068e+01  3.018018e-02 
 2.086100e+01  3.018017e-02 
 2.086132e+01  3.018016e-02 
 2.086164e+01  3.018015e-02 
 2.086196e+01  3.018014e-02 
 2.086229e+01  3.018013e-02 
 2.086261e+01  3.018012e-02 
 2.086293e+01  3.018011e-02 
 2.086325e+01  3.018010e-02 
 2.086357e+01  3.018009e-02 
 2.086389e+01  3.018008e-02 
 2.086422e+01  3.018007e-02 
 2.086454e+01  3.018006e-02 
 2.086486e+01  3.018005e-02 
 2.086518e+01  3.018004e-02 
 2.086550e+01  3.018003e-02 
 2.086582e+01  3.018002e-02 
 2.086615e+01  3.018001e-02 
 2.086647e+01  3.018000e-02 
 2.086679e+01  3.017999e-02 
 2.086711e+01  3.017998e-02 
 2.086743e+01  3.017997e-02 
 2.086775e+01  3.017996e-02 
 2.086807e+01  3.017994e-02 
 2.086840e+01  3.017993e-02 
 2.086872e+01  3.017992e-02 
 2.086904e+01  3.017991e-02 
 2.086936e+01  3.017990e-02 
 2.086968e+01  3.017989e-02 
 2.087000e+01  3.017988e-02 
 2.087033e+01  3.017987e-02 
 2.087065e+01  3.017986e-02 
 2.087097e+01  3.017985e-02 
 2.087129e+01  3.017984e-02 
 2.087161e+01  3.017983e-02 
 2.087193e+01  3.017982e-02 
 2.087225e+01  3.017981e-02 
 2.087258e+01  3.017980e-02 
 2.087290e+01  3.017979e-02 
 2.087322e+01  3.017978e-02 
 2.087354e+01  3.017977e-02 
 2.087386e+01  3.017976e-02 
 2.087418e+01  3.017975e-02 
 2.087451e+01  3.017974e-02 
 2.087483e+01  3.017973e-02 
 2.087515e+01  3.017972e-02 
 2.087547e+01  3.017971e-02 
 2.087579e+01  3.017970e-02 
 2.087611e+01  3.017969e-02 
 2.087644e+01  3.017968e-02 
 2.087676e+01  3.017967e-02 
 2.087708e+01  3.017966e-02 
 2.087740e+01  3.017965e-02 
 2.087772e+01  3.017964e-02 
 2.087804e+01  3.017963e-02 
 2.087836e+01  3.017962e-02 
 2.087869e+01  3.017960e-02 
 2.087901e+01  3.017959e-02 
 2.087933e+01  3.017958e-02 
 2.087965e+01  3.017957e-02 
 2.087997e+01  3.017956e-02 
 2.088029e+01  3.017955e-02 
 2.088062e+01  3.017954e-02 
 2.088094e+01  3.017953e-02 
 2.088126e+01  3.017952e-02 
 2.088158e+01  3.017951e-02 
 2.088190e+01  3.017950e-02 
 2.088222e+01  3.017949e-02 
 2.088254e+01  3.017948e-02 
 2.088287e+01  3.017947e-02 
 2.088319e+01  3.017946e-02 
 2.088351e+01  3.017944e-02 
 2.088383e+01  3.017943e-02 
 2.088415e+01  3.017942e-02 
 2.088447e+01  3.017941e-02 
 2.088480e+01  3.017940e-02 
 2.088512e+01  3.017939e-02 
 2.088544e+01  3.017938e-02 
 2.088576e+01  3.017937e-02 
 2.088608e+01  3.017936e-02 
 2.088640e+01  3.017935e-02 
 2.088672e+01  3.017933e-02 
 2.088705e+01  3.017932e-02 
 2.088737e+01  3.017931e-02 
 2.088769e+01  3.017930e-02 
 2.088801e+01  3.017929e-02 
 2.088833e+01  3.017928e-02 
 2.088865e+01  3.017927e-02 
 2.088898e+01  3.017926e-02 
 2.088930e+01  3.017924e-02 
 2.088962e+01  3.017923e-02 
 2.088994e+01  3.017922e-02 
 2.089026e+01  3.017921e-02 
 2.089058e+01  3.017920e-02 
 2.089091e+01  3.017919e-02 
 2.089123e+01  3.017917e-02 
 2.089155e+01  3.017916e-02 
 2.089187e+01  3.017915e-02 
 2.089219e+01  3.017914e-02 
 2.089251e+01  3.017913e-02 
 2.089283e+01  3.017912e-02 
 2.089316e+01  3.017911e-02 
 2.089348e+01  3.017909e-02 
 2.089380e+01  3.017908e-02 
 2.089412e+01  3.017907e-02 
 2.089444e+01  3.017906e-02 
 2.089476e+01  3.017905e-02 
 2.089509e+01  3.017904e-02 
 2.089541e+01  3.017902e-02 
 2.089573e+01  3.017901e-02 
 2.089605e+01  3.017900e-02 
 2.089637e+01  3.017899e-02 
 2.089669e+01  3.017898e-02 
 2.089701e+01  3.017896e-02 
 2.089734e+01  3.017895e-02 
 2.089766e+01  3.017894e-02 
 2.089798e+01  3.017893e-02 
 2.089830e+01  3.017892e-02 
 2.089862e+01  3.017891e-02 
 2.089894e+01  3.017889e-02 
 2.089927e+01  3.017888e-02 
 2.089959e+01  3.017887e-02 
 2.089991e+01  3.017886e-02 
 2.090023e+01  3.017885e-02 
 2.090055e+01  3.017883e-02 
 2.090087e+01  3.017882e-02 
 2.090119e+01  3.017881e-02 
 2.090152e+01  3.017880e-02 
 2.090184e+01  3.017879e-02 
 2.090216e+01  3.017878e-02 
 2.090248e+01  3.017876e-02 
 2.090280e+01  3.017875e-02 
 2.090312e+01  3.017874e-02 
 2.090345e+01  3.017873e-02 
 2.090377e+01  3.017872e-02 
 2.090409e+01  3.017870e-02 
 2.090441e+01  3.017869e-02 
 2.090473e+01  3.017868e-02 
 2.090505e+01  3.017867e-02 
 2.090538e+01  3.017866e-02 
 2.090570e+01  3.017865e-02 
 2.090602e+01  3.017863e-02 
 2.090634e+01  3.017862e-02 
 2.090666e+01  3.017861e-02 
 2.090698e+01  3.017860e-02 
 2.090730e+01  3.017859e-02 
 2.090763e+01  3.017858e-02 
 2.090795e+01  3.017856e-02 
 2.090827e+01  3.017855e-02 
 2.090859e+01  3.017854e-02 
 2.090891e+01  3.017853e-02 
 2.090923e+01  3.017852e-02 
 2.090956e+01  3.017851e-02 
 2.090988e+01  3.017849e-02 
 2.091020e+01  3.017848e-02 
 2.091052e+01  3.017847e-02 
 2.091084e+01  3.017846e-02 
 2.091116e+01  3.017845e-02 
 2.091148e+01  3.017844e-02 
 2.091181e+01  3.017842e-02 
 2.091213e+01  3.017841e-02 
 2.091245e+01  3.017840e-02 
 2.091277e+01  3.017839e-02 
 2.091309e+01  3.017838e-02 
 2.091341e+01  3.017837e-02 
 2.091374e+01  3.017836e-02 
 2.091406e+01  3.017834e-02 
 2.091438e+01  3.017833e-02 
 2.091470e+01  3.017832e-02 
 2.091502e+01  3.017831e-02 
 2.091534e+01  3.017830e-02 
 2.091566e+01  3.017829e-02 
 2.091599e+01  3.017828e-02 
 2.091631e+01  3.017827e-02 
 2.091663e+01  3.017825e-02 
 2.091695e+01  3.017824e-02 
 2.091727e+01  3.017823e-02 
 2.091759e+01  3.017822e-02 
 2.091792e+01  3.017821e-02 
 2.091824e+01  3.017820e-02 
 2.091856e+01  3.017819e-02 
 2.091888e+01  3.017817e-02 
 2.091920e+01  3.017816e-02 
 2.091952e+01  3.017815e-02 
 2.091985e+01  3.017814e-02 
 2.092017e+01  3.017813e-02 
 2.092049e+01  3.017812e-02 
 2.092081e+01  3.017811e-02 
 2.092113e+01  3.017810e-02 
 2.092145e+01  3.017808e-02 
 2.092177e+01  3.017807e-02 
 2.092210e+01  3.017806e-02 
 2.092242e+01  3.017805e-02 
 2.092274e+01  3.017804e-02 
 2.092306e+01  3.017803e-02 
 2.092338e+01  3.017802e-02 
 2.092370e+01  3.017801e-02 
 2.092403e+01  3.017799e-02 
 2.092435e+01  3.017798e-02 
 2.092467e+01  3.017797e-02 
 2.092499e+01  3.017796e-02 
 2.092531e+01  3.017795e-02 
 2.092563e+01  3.017794e-02 
 2.092595e+01  3.017793e-02 
 2.092628e+01  3.017792e-02 
 2.092660e+01  3.017790e-02 
 2.092692e+01  3.017789e-02 
 2.092724e+01  3.017788e-02 
 2.092756e+01  3.017787e-02 
 2.092788e+01  3.017786e-02 
 2.092821e+01  3.017785e-02 
 2.092853e+01  3.017784e-02 
 2.092885e+01  3.017783e-02 
 2.092917e+01  3.017781e-02 
 2.092949e+01  3.017780e-02 
 2.092981e+01  3.017779e-02 
 2.093013e+01  3.017778e-02 
 2.093046e+01  3.017777e-02 
 2.093078e+01  3.017776e-02 
 2.093110e+01  3.017775e-02 
 2.093142e+01  3.017773e-02 
 2.093174e+01  3.017772e-02 
 2.093206e+01  3.017771e-02 
 2.093239e+01  3.017770e-02 
 2.093271e+01  3.017769e-02 
 2.093303e+01  3.017768e-02 
 2.093335e+01  3.017767e-02 
 2.093367e+01  3.017765e-02 
 2.093399e+01  3.017764e-02 
 2.093432e+01  3.017763e-02 
 2.093464e+01  3.017762e-02 
 2.093496e+01  3.017761e-02 
 2.093528e+01  3.017760e-02 
 2.093560e+01  3.017759e-02 
 2.093592e+01  3.017757e-02 
 2.093624e+01  3.017756e-02 
 2.093657e+01  3.017755e-02 
 2.093689e+01  3.017754e-02 
 2.093721e+01  3.017753e-02 
 2.093753e+01  3.017752e-02 
 2.093785e+01  3.017750e-02 
 2.093817e+01  3.017749e-02 
 2.093850e+01  3.017748e-02 
 2.093882e+01  3.017747e-02 
 2.093914e+01  3.017746e-02 
 2.093946e+01  3.017745e-02 
 2.093978e+01  3.017744e-02 
 2.094010e+01  3.017742e-02 
 2.094042e+01  3.017741e-02 
 2.094075e+01  3.017740e-02 
 2.094107e+01  3.017739e-02 
 2.094139e+01  3.017738e-02 
 2.094171e+01  3.017737e-02 
 2.094203e+01  3.017735e-02 
 2.094235e+01  3.017734e-02 
 2.094268e+01  3.017733e-02 
 2.094300e+01  3.017732e-02 
 2.094332e+01  3.017731e-02 
 2.094364e+01  3.017730e-02 
 2.094396e+01  3.017729e-02 
 2.094428e+01  3.017727e-02 
 2.094460e+01  3.017726e-02 
 2.094493e+01  3.017725e-02 
 2.094525e+01  3.017724e-02 
 2.094557e+01  3.017723e-02 
 2.094589e+01  3.017722e-02 
 2.094621e+01  3.017720e-02 
 2.094653e+01  3.017719e-02 
 2.094686e+01  3.017718e-02 
 2.094718e+01  3.017717e-02 
 2.094750e+01  3.017716e-02 
 2.094782e+01  3.017715e-02 
 2.094814e+01  3.017713e-02 
 2.094846e+01  3.017712e-02 
 2.094879e+01  3.017711e-02 
 2.094911e+01  3.017710e-02 
 2.094943e+01  3.017709e-02 
 2.094975e+01  3.017708e-02 
 2.095007e+01  3.017706e-02 
 2.095039e+01  3.017705e-02 
 2.095071e+01  3.017704e-02 
 2.095104e+01  3.017703e-02 
 2.095136e+01  3.017702e-02 
 2.095168e+01  3.017701e-02 
 2.095200e+01  3.017699e-02 
 2.095232e+01  3.017698e-02 
 2.095264e+01  3.017697e-02 
 2.095297e+01  3.017696e-02 
 2.095329e+01  3.017695e-02 
 2.095361e+01  3.017693e-02 
 2.095393e+01  3.017692e-02 
 2.095425e+01  3.017691e-02 
 2.095457e+01  3.017690e-02 
 2.095489e+01  3.017689e-02 
 2.095522e+01  3.017688e-02 
 2.095554e+01  3.017686e-02 
 2.095586e+01  3.017685e-02 
 2.095618e+01  3.017684e-02 
 2.095650e+01  3.017683e-02 
 2.095682e+01  3.017682e-02 
 2.095715e+01  3.017680e-02 
 2.095747e+01  3.017679e-02 
 2.095779e+01  3.017678e-02 
 2.095811e+01  3.017677e-02 
 2.095843e+01  3.017676e-02 
 2.095875e+01  3.017675e-02 
 2.095907e+01  3.017673e-02 
 2.095940e+01  3.017672e-02 
 2.095972e+01  3.017671e-02 
 2.096004e+01  3.017670e-02 
 2.096036e+01  3.017669e-02 
 2.096068e+01  3.017667e-02 
 2.096100e+01  3.017666e-02 
 2.096133e+01  3.017665e-02 
 2.096165e+01  3.017664e-02 
 2.096197e+01  3.017663e-02 
 2.096229e+01  3.017662e-02 
 2.096261e+01  3.017660e-02 
 2.096293e+01  3.017659e-02 
 2.096326e+01  3.017658e-02 
 2.096358e+01  3.017657e-02 
 2.096390e+01  3.017656e-02 
 2.096422e+01  3.017655e-02 
 2.096454e+01  3.017653e-02 
 2.096486e+01  3.017652e-02 
 2.096518e+01  3.017651e-02 
 2.096551e+01  3.017650e-02 
 2.096583e+01  3.017649e-02 
 2.096615e+01  3.017648e-02 
 2.096647e+01  3.017646e-02 
 2.096679e+01  3.017645e-02 
 2.096711e+01  3.017644e-02 
 2.096744e+01  3.017643e-02 
 2.096776e+01  3.017642e-02 
 2.096808e+01  3.017641e-02 
 2.096840e+01  3.017639e-02 
 2.096872e+01  3.017638e-02 
 2.096904e+01  3.017637e-02 
 2.096936e+01  3.017636e-02 
 2.096969e+01  3.017635e-02 
 2.097001e+01  3.017634e-02 
 2.097033e+01  3.017633e-02 
 2.097065e+01  3.017631e-02 
 2.097097e+01  3.017630e-02 
 2.097129e+01  3.017629e-02 
 2.097162e+01  3.017628e-02 
 2.097194e+01  3.017627e-02 
 2.097226e+01  3.017626e-02 
 2.097258e+01  3.017625e-02 
 2.097290e+01  3.017624e-02 
 2.097322e+01  3.017623e-02 
 2.097355e+01  3.017622e-02 
 2.097387e+01  3.017620e-02 
 2.097419e+01  3.017619e-02 
 2.097451e+01  3.017618e-02 
 2.097483e+01  3.017617e-02 
 2.097515e+01  3.017616e-02 
 2.097547e+01  3.017615e-02 
 2.097580e+01  3.017614e-02 
 2.097612e+01  3.017613e-02 
 2.097644e+01  3.017612e-02 
 2.097676e+01  3.017611e-02 
 2.097708e+01  3.017610e-02 
 2.097740e+01  3.017609e-02 
 2.097773e+01  3.017608e-02 
 2.097805e+01  3.017607e-02 
 2.097837e+01  3.017606e-02 
 2.097869e+01  3.017605e-02 
 2.097901e+01  3.017604e-02 
 2.097933e+01  3.017603e-02 
 2.097965e+01  3.017602e-02 
 2.097998e+01  3.017601e-02 
 2.098030e+01  3.017600e-02 
 2.098062e+01  3.017599e-02 
 2.098094e+01  3.017598e-02 
 2.098126e+01  3.017597e-02 
 2.098158e+01  3.017596e-02 
 2.098191e+01  3.017595e-02 
 2.098223e+01  3.017594e-02 
 2.098255e+01  3.017593e-02 
 2.098287e+01  3.017592e-02 
 2.098319e+01  3.017591e-02 
 2.098351e+01  3.017590e-02 
 2.098383e+01  3.017589e-02 
 2.098416e+01  3.017588e-02 
 2.098448e+01  3.017587e-02 
 2.098480e+01  3.017586e-02 
 2.098512e+01  3.017585e-02 
 2.098544e+01  3.017584e-02 
 2.098576e+01  3.017583e-02 
 2.098609e+01  3.017582e-02 
 2.098641e+01  3.017581e-02 
 2.098673e+01  3.017581e-02 
 2.098705e+01  3.017580e-02 
 2.098737e+01  3.017579e-02 
 2.098769e+01  3.017578e-02 
 2.098802e+01  3.017577e-02 
 2.098834e+01  3.017576e-02 
 2.098866e+01  3.017575e-02 
 2.098898e+01  3.017574e-02 
 2.098930e+01  3.017573e-02 
 2.098962e+01  3.017573e-02 
 2.098994e+01  3.017572e-02 
 2.099027e+01  3.017571e-02 
 2.099059e+01  3.017570e-02 
 2.099091e+01  3.017569e-02 
 2.099123e+01  3.017568e-02 
 2.099155e+01  3.017567e-02 
 2.099187e+01  3.017567e-02 
 2.099220e+01  3.017566e-02 
 2.099252e+01  3.017565e-02 
 2.099284e+01  3.017564e-02 
 2.099316e+01  3.017563e-02 
 2.099348e+01  3.017562e-02 
 2.099380e+01  3.017562e-02 
 2.099412e+01  3.017561e-02 
 2.099445e+01  3.017560e-02 
 2.099477e+01  3.017559e-02 
 2.099509e+01  3.017558e-02 
 2.099541e+01  3.017558e-02 
 2.099573e+01  3.017557e-02 
 2.099605e+01  3.017556e-02 
 2.099638e+01  3.017555e-02 
 2.099670e+01  3.017554e-02 
 2.099702e+01  3.017554e-02 
 2.099734e+01  3.017553e-02 
 2.099766e+01  3.017552e-02 
 2.099798e+01  3.017551e-02 
 2.099830e+01  3.017550e-02 
 2.099863e+01  3.017550e-02 
 2.099895e+01  3.017549e-02 
 2.099927e+01  3.017548e-02 
 2.099959e+01  3.017547e-02 
 2.099991e+01  3.017547e-02 
 2.100023e+01  3.017546e-02 
 2.100056e+01  3.017545e-02 
 2.100088e+01  3.017544e-02 
 2.100120e+01  3.017544e-02 
 2.100152e+01  3.017543e-02 
 2.100184e+01  3.017542e-02 
 2.100216e+01  3.017541e-02 
 2.100249e+01  3.017541e-02 
 2.100281e+01  3.017540e-02 
 2.100313e+01  3.017539e-02 
 2.100345e+01  3.017538e-02 
 2.100377e+01  3.017538e-02 
 2.100409e+01  3.017537e-02 
 2.100441e+01  3.017536e-02 
 2.100474e+01  3.017536e-02 
 2.100506e+01  3.017535e-02 
 2.100538e+01  3.017534e-02 
 2.100570e+01  3.017533e-02 
 2.100602e+01  3.017533e-02 
 2.100634e+01  3.017532e-02 
 2.100667e+01  3.017531e-02 
 2.100699e+01  3.017531e-02 
 2.100731e+01  3.017530e-02 
 2.100763e+01  3.017529e-02 
 2.100795e+01  3.017528e-02 
 2.100827e+01  3.017528e-02 
 2.100859e+01  3.017527e-02 
 2.100892e+01  3.017526e-02 
 2.100924e+01  3.017526e-02 
 2.100956e+01  3.017525e-02 
 2.100988e+01  3.017524e-02 
 2.101020e+01  3.017524e-02 
 2.101052e+01  3.017523e-02 
 2.101085e+01  3.017522e-02 
 2.101117e+01  3.017522e-02 
 2.101149e+01  3.017521e-02 
 2.101181e+01  3.017520e-02 
 2.101213e+01  3.017520e-02 
 2.101245e+01  3.017519e-02 
 2.101277e+01  3.017519e-02 
 2.101310e+01  3.017518e-02 
 2.101342e+01  3.017517e-02 
 2.101374e+01  3.017517e-02 
 2.101406e+01  3.017516e-02 
 2.101438e+01  3.017515e-02 
 2.101470e+01  3.017515e-02 
 2.101503e+01  3.017514e-02 
 2.101535e+01  3.017514e-02 
 2.101567e+01  3.017513e-02 
 2.101599e+01  3.017512e-02 
 2.101631e+01  3.017512e-02 
 2.101663e+01  3.017511e-02 
 2.101696e+01  3.017511e-02 
 2.101728e+01  3.017510e-02 
 2.101760e+01  3.017510e-02 
 2.101792e+01  3.017509e-02 
 2.101824e+01  3.017509e-02 
 2.101856e+01  3.017508e-02 
 2.101888e+01  3.017507e-02 
 2.101921e+01  3.017507e-02 
 2.101953e+01  3.017506e-02 
 2.101985e+01  3.017506e-02 
 2.102017e+01  3.017505e-02 
 2.102049e+01  3.017505e-02 
 2.102081e+01  3.017504e-02 
 2.102114e+01  3.017504e-02 
 2.102146e+01  3.017503e-02 
 2.102178e+01  3.017503e-02 
 2.102210e+01  3.017502e-02 
 2.102242e+01  3.017502e-02 
 2.102274e+01  3.017501e-02 
 2.102306e+01  3.017501e-02 
 2.102339e+01  3.017500e-02 
 2.102371e+01  3.017500e-02 
 2.102403e+01  3.017500e-02 
 2.102435e+01  3.017499e-02 
 2.102467e+01  3.017499e-02 
 2.102499e+01  3.017498e-02 
 2.102532e+01  3.017498e-02 
 2.102564e+01  3.017497e-02 
 2.102596e+01  3.017497e-02 
 2.102628e+01  3.017496e-02 
 2.102660e+01  3.017496e-02 
 2.102692e+01  3.017496e-02 
 2.102724e+01  3.017495e-02 
 2.102757e+01  3.017495e-02 
 2.102789e+01  3.017494e-02 
 2.102821e+01  3.017494e-02 
 2.102853e+01  3.017494e-02 
 2.102885e+01  3.017493e-02 
 2.102917e+01  3.017493e-02 
 2.102950e+01  3.017492e-02 
 2.102982e+01  3.017492e-02 
 2.103014e+01  3.017492e-02 
 2.103046e+01  3.017491e-02 
 2.103078e+01  3.017491e-02 
 2.103110e+01  3.017490e-02 
 2.103143e+01  3.017490e-02 
 2.103175e+01  3.017490e-02 
 2.103207e+01  3.017489e-02 
 2.103239e+01  3.017489e-02 
 2.103271e+01  3.017489e-02 
 2.103303e+01  3.017488e-02 
 2.103335e+01  3.017488e-02 
 2.103368e+01  3.017487e-02 
 2.103400e+01  3.017487e-02 
 2.103432e+01  3.017487e-02 
 2.103464e+01  3.017486e-02 
 2.103496e+01  3.017486e-02 
 2.103528e+01  3.017486e-02 
 2.103561e+01  3.017485e-02 
 2.103593e+01  3.017485e-02 
 2.103625e+01  3.017485e-02 
 2.103657e+01  3.017484e-02 
 2.103689e+01  3.017484e-02 
 2.103721e+01  3.017483e-02 
 2.103753e+01  3.017483e-02 
 2.103786e+01  3.017483e-02 
 2.103818e+01  3.017482e-02 
 2.103850e+01  3.017482e-02 
 2.103882e+01  3.017482e-02 
 2.103914e+01  3.017481e-02 
 2.103946e+01  3.017481e-02 
 2.103979e+01  3.017481e-02 
 2.104011e+01  3.017480e-02 
 2.104043e+01  3.017480e-02 
 2.104075e+01  3.017480e-02 
 2.104107e+01  3.017479e-02 
 2.104139e+01  3.017479e-02 
 2.104171e+01  3.017478e-02 
 2.104204e+01  3.017478e-02 
 2.104236e+01  3.017478e-02 
 2.104268e+01  3.017477e-02 
 2.104300e+01  3.017477e-02 
 2.104332e+01  3.017477e-02 
 2.104364e+01  3.017476e-02 
 2.104397e+01  3.017476e-02 
 2.104429e+01  3.017476e-02 
 2.104461e+01  3.017475e-02 
 2.104493e+01  3.017475e-02 
 2.104525e+01  3.017475e-02 
 2.104557e+01  3.017474e-02 
 2.104590e+01  3.017474e-02 
 2.104622e+01  3.017474e-02 
 2.104654e+01  3.017473e-02 
 2.104686e+01  3.017473e-02 
 2.104718e+01  3.017472e-02 
 2.104750e+01  3.017472e-02 
 2.104782e+01  3.017472e-02 
 2.104815e+01  3.017471e-02 
 2.104847e+01  3.017471e-02 
 2.104879e+01  3.017471e-02 
 2.104911e+01  3.017470e-02 
 2.104943e+01  3.017470e-02 
 2.104975e+01  3.017469e-02 
 2.105008e+01  3.017469e-02 
 2.105040e+01  3.017469e-02 
 2.105072e+01  3.017468e-02 
 2.105104e+01  3.017468e-02 
 2.105136e+01  3.017468e-02 
 2.105168e+01  3.017467e-02 
 2.105200e+01  3.017467e-02 
 2.105233e+01  3.017466e-02 
 2.105265e+01  3.017466e-02 
 2.105297e+01  3.017466e-02 
 2.105329e+01  3.017465e-02 
 2.105361e+01  3.017465e-02 
 2.105393e+01  3.017464e-02 
 2.105426e+01  3.017464e-02 
 2.105458e+01  3.017463e-02 
 2.105490e+01  3.017463e-02 
 2.105522e+01  3.017463e-02 
 2.105554e+01  3.017462e-02 
 2.105586e+01  3.017462e-02 
 2.105619e+01  3.017461e-02 
 2.105651e+01  3.017461e-02 
 2.105683e+01  3.017460e-02 
 2.105715e+01  3.017460e-02 
 2.105747e+01  3.017460e-02 
 2.105779e+01  3.017459e-02 
 2.105811e+01  3.017459e-02 
 2.105844e+01  3.017458e-02 
 2.105876e+01  3.017458e-02 
 2.105908e+01  3.017457e-02 
 2.105940e+01  3.017457e-02 
 2.105972e+01  3.017456e-02 
 2.106004e+01  3.017456e-02 
 2.106037e+01  3.017455e-02 
 2.106069e+01  3.017455e-02 
 2.106101e+01  3.017454e-02 
 2.106133e+01  3.017454e-02 
 2.106165e+01  3.017453e-02 
 2.106197e+01  3.017453e-02 
 2.106229e+01  3.017452e-02 
 2.106262e+01  3.017452e-02 
 2.106294e+01  3.017451e-02 
 2.106326e+01  3.017450e-02 
 2.106358e+01  3.017450e-02 
 2.106390e+01  3.017449e-02 
 2.106422e+01  3.017449e-02 
 2.106455e+01  3.017448e-02 
 2.106487e+01  3.017448e-02 
 2.106519e+01  3.017447e-02 
 2.106551e+01  3.017446e-02 
 2.106583e+01  3.017446e-02 
 2.106615e+01  3.017445e-02 
 2.106647e+01  3.017445e-02 
 2.106680e+01  3.017444e-02 
 2.106712e+01  3.017443e-02 
 2.106744e+01  3.017443e-02 
 2.106776e+01  3.017442e-02 
 2.106808e+01  3.017441e-02 
 2.106840e+01  3.017441e-02 
 2.106873e+01  3.017440e-02 
 2.106905e+01  3.017439e-02 
 2.106937e+01  3.017439e-02 
 2.106969e+01  3.017438e-02 
 2.107001e+01  3.017437e-02 
 2.107033e+01  3.017437e-02 
 2.107066e+01  3.017436e-02 
 2.107098e+01  3.017435e-02 
 2.107130e+01  3.017434e-02 
 2.107162e+01  3.017434e-02 
 2.107194e+01  3.017433e-02 
 2.107226e+01  3.017432e-02 
 2.107258e+01  3.017431e-02 
 2.107291e+01  3.017431e-02 
 2.107323e+01  3.017430e-02 
 2.107355e+01  3.017429e-02 
 2.107387e+01  3.017428e-02 
 2.107419e+01  3.017427e-02 
 2.107451e+01  3.017427e-02 
 2.107484e+01  3.017426e-02 
 2.107516e+01  3.017425e-02 
 2.107548e+01  3.017424e-02 
 2.107580e+01  3.017423e-02 
 2.107612e+01  3.017422e-02 
 2.107644e+01  3.017422e-02 
 2.107676e+01  3.017421e-02 
 2.107709e+01  3.017420e-02 
 2.107741e+01  3.017419e-02 
 2.107773e+01  3.017418e-02 
 2.107805e+01  3.017417e-02 
 2.107837e+01  3.017416e-02 
 2.107869e+01  3.017415e-02 
 2.107902e+01  3.017415e-02 
 2.107934e+01  3.017414e-02 
 2.107966e+01  3.017413e-02 
 2.107998e+01  3.017412e-02 
 2.108030e+01  3.017411e-02 
 2.108062e+01  3.017410e-02 
 2.108094e+01  3.017409e-02 
 2.108127e+01  3.017408e-02 
 2.108159e+01  3.017407e-02 
 2.108191e+01  3.017406e-02 
 2.108223e+01  3.017405e-02 
 2.108255e+01  3.017404e-02 
 2.108287e+01  3.017403e-02 
 2.108320e+01  3.017402e-02 
 2.108352e+01  3.017401e-02 
 2.108384e+01  3.017400e-02 
 2.108416e+01  3.017399e-02 
 2.108448e+01  3.017398e-02 
 2.108480e+01  3.017397e-02 
 2.108513e+01  3.017396e-02 
 2.108545e+01  3.017395e-02 
 2.108577e+01  3.017394e-02 
 2.108609e+01  3.017393e-02 
 2.108641e+01  3.017392e-02 
 2.108673e+01  3.017391e-02 
 2.108705e+01  3.017390e-02 
 2.108738e+01  3.017389e-02 
 2.108770e+01  3.017388e-02 
 2.108802e+01  3.017387e-02 
 2.108834e+01  3.017386e-02 
 2.108866e+01  3.017385e-02 
 2.108898e+01  3.017384e-02 
 2.108931e+01  3.017383e-02 
 2.108963e+01  3.017381e-02 
 2.108995e+01  3.017380e-02 
 2.109027e+01  3.017379e-02 
 2.109059e+01  3.017378e-02 
 2.109091e+01  3.017377e-02 
 2.109123e+01  3.017376e-02 
 2.109156e+01  3.017375e-02 
 2.109188e+01  3.017374e-02 
 2.109220e+01  3.017373e-02 
 2.109252e+01  3.017372e-02 
 2.109284e+01  3.017371e-02 
 2.109316e+01  3.017370e-02 
 2.109349e+01  3.017368e-02 
 2.109381e+01  3.017367e-02 
 2.109413e+01  3.017366e-02 
 2.109445e+01  3.017365e-02 
 2.109477e+01  3.017364e-02 
 2.109509e+01  3.017363e-02 
 2.109541e+01  3.017362e-02 
 2.109574e+01  3.017361e-02 
 2.109606e+01  3.017360e-02 
 2.109638e+01  3.017358e-02 
 2.109670e+01  3.017357e-02 
 2.109702e+01  3.017356e-02 
 2.109734e+01  3.017355e-02 
 2.109767e+01  3.017354e-02 
 2.109799e+01  3.017353e-02 
 2.109831e+01  3.017352e-02 
 2.109863e+01  3.017351e-02 
 2.109895e+01  3.017350e-02 
 2.109927e+01  3.017348e-02 
 2.109960e+01  3.017347e-02 
 2.109992e+01  3.017346e-02 
 2.110024e+01  3.017345e-02 
 2.110056e+01  3.017344e-02 
 2.110088e+01  3.017343e-02 
 2.110120e+01  3.017342e-02 
 2.110152e+01  3.017340e-02 
 2.110185e+01  3.017339e-02 
 2.110217e+01  3.017338e-02 
 2.110249e+01  3.017337e-02 
 2.110281e+01  3.017336e-02 
 2.110313e+01  3.017335e-02 
 2.110345e+01  3.017334e-02 
 2.110378e+01  3.017332e-02 
 2.110410e+01  3.017331e-02 
 2.110442e+01  3.017330e-02 
 2.110474e+01  3.017329e-02 
 2.110506e+01  3.017328e-02 
 2.110538e+01  3.017327e-02 
 2.110570e+01  3.017326e-02 
 2.110603e+01  3.017324e-02 
 2.110635e+01  3.017323e-02 
 2.110667e+01  3.017322e-02 
 2.110699e+01  3.017321e-02 
 2.110731e+01  3.017320e-02 
 2.110763e+01  3.017319e-02 
 2.110796e+01  3.017317e-02 
 2.110828e+01  3.017316e-02 
 2.110860e+01  3.017315e-02 
 2.110892e+01  3.017314e-02 
 2.110924e+01  3.017313e-02 
 2.110956e+01  3.017311e-02 
 2.110988e+01  3.017310e-02 
 2.111021e+01  3.017309e-02 
 2.111053e+01  3.017308e-02 
 2.111085e+01  3.017307e-02 
 2.111117e+01  3.017306e-02 
 2.111149e+01  3.017304e-02 
 2.111181e+01  3.017303e-02 
 2.111214e+01  3.017302e-02 
 2.111246e+01  3.017301e-02 
 2.111278e+01  3.017300e-02 
 2.111310e+01  3.017298e-02 
 2.111342e+01  3.017297e-02 
 2.111374e+01  3.017296e-02 
 2.111407e+01  3.017295e-02 
 2.111439e+01  3.017294e-02 
 2.111471e+01  3.017292e-02 
 2.111503e+01  3.017291e-02 
 2.111535e+01  3.017290e-02 
 2.111567e+01  3.017289e-02 
 2.111599e+01  3.017288e-02 
 2.111632e+01  3.017286e-02 
 2.111664e+01  3.017285e-02 
 2.111696e+01  3.017284e-02 
 2.111728e+01  3.017283e-02 
 2.111760e+01  3.017282e-02 
 2.111792e+01  3.017280e-02 
 2.111825e+01  3.017279e-02 
 2.111857e+01  3.017278e-02 
 2.111889e+01  3.017277e-02 
 2.111921e+01  3.017276e-02 
 2.111953e+01  3.017274e-02 
 2.111985e+01  3.017273e-02 
 2.112017e+01  3.017272e-02 
 2.112050e+01  3.017271e-02 
 2.112082e+01  3.017270e-02 
 2.112114e+01  3.017268e-02 
 2.112146e+01  3.017267e-02 
 2.112178e+01  3.017266e-02 
 2.112210e+01  3.017265e-02 
 2.112243e+01  3.017264e-02 
 2.112275e+01  3.017263e-02 
 2.112307e+01  3.017261e-02 
 2.112339e+01  3.017260e-02 
 2.112371e+01  3.017259e-02 
 2.112403e+01  3.017258e-02 
 2.112435e+01  3.017257e-02 
 2.112468e+01  3.017255e-02 
 2.112500e+01  3.017254e-02 
 2.112532e+01  3.017253e-02 
 2.112564e+01  3.017252e-02 
 2.112596e+01  3.017251e-02 
 2.112628e+01  3.017250e-02 
 2.112661e+01  3.017248e-02 
 2.112693e+01  3.017247e-02 
 2.112725e+01  3.017246e-02 
 2.112757e+01  3.017245e-02 
 2.112789e+01  3.017244e-02 
 2.112821e+01  3.017243e-02 
 2.112854e+01  3.017242e-02 
 2.112886e+01  3.017240e-02 
 2.112918e+01  3.017239e-02 
 2.112950e+01  3.017238e-02 
 2.112982e+01  3.017237e-02 
 2.113014e+01  3.017236e-02 
 2.113046e+01  3.017235e-02 
 2.113079e+01  3.017234e-02 
 2.113111e+01  3.017233e-02 
 2.113143e+01  3.017231e-02 
 2.113175e+01  3.017230e-02 
 2.113207e+01  3.017229e-02 
 2.113239e+01  3.017228e-02 
 2.113272e+01  3.017227e-02 
 2.113304e+01  3.017226e-02 
 2.113336e+01  3.017225e-02 
 2.113368e+01  3.017224e-02 
 2.113400e+01  3.017223e-02 
 2.113432e+01  3.017222e-02 
 2.113464e+01  3.017220e-02 
 2.113497e+01  3.017219e-02 
 2.113529e+01  3.017218e-02 
 2.113561e+01  3.017217e-02 
 2.113593e+01  3.017216e-02 
 2.113625e+01  3.017215e-02 
 2.113657e+01  3.017214e-02 
 2.113690e+01  3.017213e-02 
 2.113722e+01  3.017212e-02 
 2.113754e+01  3.017211e-02 
 2.113786e+01  3.017210e-02 
 2.113818e+01  3.017209e-02 
 2.113850e+01  3.017208e-02 
 2.113882e+01  3.017207e-02 
 2.113915e+01  3.017206e-02 
 2.113947e+01  3.017205e-02 
 2.113979e+01  3.017204e-02 
 2.114011e+01  3.017202e-02 
 2.114043e+01  3.017201e-02 
 2.114075e+01  3.017200e-02 
 2.114108e+01  3.017199e-02 
 2.114140e+01  3.017198e-02 
 2.114172e+01  3.017197e-02 
 2.114204e+01  3.017196e-02 
 2.114236e+01  3.017195e-02 
 2.114268e+01  3.017194e-02 
 2.114301e+01  3.017193e-02 
 2.114333e+01  3.017192e-02 
 2.114365e+01  3.017191e-02 
 2.114397e+01  3.017190e-02 
 2.114429e+01  3.017189e-02 
 2.114461e+01  3.017188e-02 
 2.114493e+01  3.017187e-02 
 2.114526e+01  3.017186e-02 
 2.114558e+01  3.017185e-02 
 2.114590e+01  3.017184e-02 
 2.114622e+01  3.017183e-02 
 2.114654e+01  3.017182e-02 
 2.114686e+01  3.017181e-02 
 2.114719e+01  3.017180e-02 
 2.114751e+01  3.017179e-02 
 2.114783e+01  3.017178e-02 
 2.114815e+01  3.017177e-02 
 2.114847e+01  3.017176e-02 
 2.114879e+01  3.017175e-02 
 2.114911e+01  3.017174e-02 
 2.114944e+01  3.017173e-02 
 2.114976e+01  3.017172e-02 
 2.115008e+01  3.017171e-02 
 2.115040e+01  3.017170e-02 
 2.115072e+01  3.017169e-02 
 2.115104e+01  3.017168e-02 
 2.115137e+01  3.017167e-02 
 2.115169e+01  3.017166e-02 
 2.115201e+01  3.017165e-02 
 2.115233e+01  3.017164e-02 
 2.115265e+01  3.017163e-02 
 2.115297e+01  3.017162e-02 
 2.115330e+01  3.017161e-02 
 2.115362e+01  3.017160e-02 
 2.115394e+01  3.017159e-02 
 2.115426e+01  3.017158e-02 
 2.115458e+01  3.017157e-02 
 2.115490e+01  3.017156e-02 
 2.115522e+01  3.017155e-02 
 2.115555e+01  3.017154e-02 
 2.115587e+01  3.017153e-02 
 2.115619e+01  3.017152e-02 
 2.115651e+01  3.017150e-02 
 2.115683e+01  3.017149e-02 
 2.115715e+01  3.017148e-02 
 2.115748e+01  3.017147e-02 
 2.115780e+01  3.017146e-02 
 2.115812e+01  3.017145e-02 
 2.115844e+01  3.017144e-02 
 2.115876e+01  3.017143e-02 
 2.115908e+01  3.017142e-02 
 2.115940e+01  3.017141e-02 
 2.115973e+01  3.017140e-02 
 2.116005e+01  3.017139e-02 
 2.116037e+01  3.017138e-02 
 2.116069e+01  3.017137e-02 
 2.116101e+01  3.017136e-02 
 2.116133e+01  3.017135e-02 
 2.116166e+01  3.017134e-02 
 2.116198e+01  3.017133e-02 
 2.116230e+01  3.017132e-02 
 2.116262e+01  3.017131e-02 
 2.116294e+01  3.017130e-02 
 2.116326e+01  3.017129e-02 
 2.116358e+01  3.017128e-02 
 2.116391e+01  3.017127e-02 
 2.116423e+01  3.017126e-02 
 2.116455e+01  3.017124e-02 
 2.116487e+01  3.017123e-02 
 2.116519e+01  3.017122e-02 
 2.116551e+01  3.017121e-02 
 2.116584e+01  3.017120e-02 
 2.116616e+01  3.017119e-02 
 2.116648e+01  3.017118e-02 
 2.116680e+01  3.017117e-02 
 2.116712e+01  3.017116e-02 
 2.116744e+01  3.017115e-02 
 2.116777e+01  3.017114e-02 
 2.116809e+01  3.017113e-02 
 2.116841e+01  3.017112e-02 
 2.116873e+01  3.017111e-02 
 2.116905e+01  3.017110e-02 
 2.116937e+01  3.017109e-02 
 2.116969e+01  3.017108e-02 
 2.117002e+01  3.017107e-02 
 2.117034e+01  3.017106e-02 
 2.117066e+01  3.017105e-02 
 2.117098e+01  3.017104e-02 
 2.117130e+01  3.017103e-02 
 2.117162e+01  3.017102e-02 
 2.117195e+01  3.017101e-02 
 2.117227e+01  3.017100e-02 
 2.117259e+01  3.017098e-02 
 2.117291e+01  3.017097e-02 
 2.117323e+01  3.017096e-02 
 2.117355e+01  3.017095e-02 
 2.117387e+01  3.017094e-02 
 2.117420e+01  3.017093e-02 
 2.117452e+01  3.017092e-02 
 2.117484e+01  3.017091e-02 
 2.117516e+01  3.017090e-02 
 2.117548e+01  3.017089e-02 
 2.117580e+01  3.017088e-02 
 2.117613e+01  3.017087e-02 
 2.117645e+01  3.017086e-02 
 2.117677e+01  3.017085e-02 
 2.117709e+01  3.017084e-02 
 2.117741e+01  3.017083e-02 
 2.117773e+01  3.017082e-02 
 2.117805e+01  3.017081e-02 
 2.117838e+01  3.017080e-02 
 2.117870e+01  3.017079e-02 
 2.117902e+01  3.017078e-02 
 2.117934e+01  3.017077e-02 
 2.117966e+01  3.017076e-02 
 2.117998e+01  3.017075e-02 
 2.118031e+01  3.017074e-02 
 2.118063e+01  3.017073e-02 
 2.118095e+01  3.017071e-02 
 2.118127e+01  3.017070e-02 
 2.118159e+01  3.017069e-02 
 2.118191e+01  3.017068e-02 
 2.118224e+01  3.017067e-02 
 2.118256e+01  3.017066e-02 
 2.118288e+01  3.017065e-02 
 2.118320e+01  3.017064e-02 
 2.118352e+01  3.017063e-02 
 2.118384e+01  3.017062e-02 
 2.118416e+01  3.017061e-02 
 2.118449e+01  3.017060e-02 
 2.118481e+01  3.017059e-02 
 2.118513e+01  3.017058e-02 
 2.118545e+01  3.017057e-02 
 2.118577e+01  3.017056e-02 
 2.118609e+01  3.017055e-02 
 2.118642e+01  3.017054e-02 
 2.118674e+01  3.017053e-02 
 2.118706e+01  3.017052e-02 
 2.118738e+01  3.017051e-02 
 2.118770e+01  3.017049e-02 
 2.118802e+01  3.017048e-02 
 2.118834e+01  3.017047e-02 
 2.118867e+01  3.017046e-02 
 2.118899e+01  3.017045e-02 
 2.118931e+01  3.017044e-02 
 2.118963e+01  3.017043e-02 
 2.118995e+01  3.017042e-02 
 2.119027e+01  3.017041e-02 
 2.119060e+01  3.017040e-02 
 2.119092e+01  3.017039e-02 
 2.119124e+01  3.017038e-02 
 2.119156e+01  3.017037e-02 
 2.119188e+01  3.017036e-02 
 2.119220e+01  3.017035e-02 
 2.119252e+01  3.017034e-02 
 2.119285e+01  3.017033e-02 
 2.119317e+01  3.017032e-02 
 2.119349e+01  3.017031e-02 
 2.119381e+01  3.017030e-02 
 2.119413e+01  3.017028e-02 
 2.119445e+01  3.017027e-02 
 2.119478e+01  3.017026e-02 
 2.119510e+01  3.017025e-02 
 2.119542e+01  3.017024e-02 
 2.119574e+01  3.017023e-02 
 2.119606e+01  3.017022e-02 
 2.119638e+01  3.017021e-02 
 2.119671e+01  3.017020e-02 
 2.119703e+01  3.017019e-02 
 2.119735e+01  3.017018e-02 
 2.119767e+01  3.017017e-02 
 2.119799e+01  3.017016e-02 
 2.119831e+01  3.017015e-02 
 2.119863e+01  3.017014e-02 
 2.119896e+01  3.017013e-02 
 2.119928e+01  3.017012e-02 
 2.119960e+01  3.017011e-02 
 2.119992e+01  3.017010e-02 
 2.120024e+01  3.017008e-02 
 2.120056e+01  3.017007e-02 
 2.120089e+01  3.017006e-02 
 2.120121e+01  3.017005e-02 
 2.120153e+01  3.017004e-02 
 2.120185e+01  3.017003e-02 
 2.120217e+01  3.017002e-02 
 2.120249e+01  3.017001e-02 
 2.120281e+01  3.017000e-02 
 2.120314e+01  3.016999e-02 
 2.120346e+01  3.016998e-02 
 2.120378e+01  3.016997e-02 
 2.120410e+01  3.016996e-02 
 2.120442e+01  3.016995e-02 
 2.120474e+01  3.016994e-02 
 2.120507e+01  3.016993e-02 
 2.120539e+01  3.016992e-02 
 2.120571e+01  3.016990e-02 
 2.120603e+01  3.016989e-02 
 2.120635e+01  3.016988e-02 
 2.120667e+01  3.016987e-02 
 2.120699e+01  3.016986e-02 
 2.120732e+01  3.016985e-02 
 2.120764e+01  3.016984e-02 
 2.120796e+01  3.016983e-02 
 2.120828e+01  3.016982e-02 
 2.120860e+01  3.016981e-02 
 2.120892e+01  3.016980e-02 
 2.120925e+01  3.016979e-02 
 2.120957e+01  3.016978e-02 
 2.120989e+01  3.016977e-02 
 2.121021e+01  3.016975e-02 
 2.121053e+01  3.016974e-02 
 2.121085e+01  3.016973e-02 
 2.121118e+01  3.016972e-02 
 2.121150e+01  3.016971e-02 
 2.121182e+01  3.016970e-02 
 2.121214e+01  3.016969e-02 
 2.121246e+01  3.016968e-02 
 2.121278e+01  3.016967e-02 
 2.121310e+01  3.016966e-02 
 2.121343e+01  3.016965e-02 
 2.121375e+01  3.016963e-02 
 2.121407e+01  3.016962e-02 
 2.121439e+01  3.016961e-02 
 2.121471e+01  3.016960e-02 
 2.121503e+01  3.016959e-02 
 2.121536e+01  3.016958e-02 
 2.121568e+01  3.016957e-02 
 2.121600e+01  3.016956e-02 
 2.121632e+01  3.016955e-02 
 2.121664e+01  3.016953e-02 
 2.121696e+01  3.016952e-02 
 2.121728e+01  3.016951e-02 
 2.121761e+01  3.016950e-02 
 2.121793e+01  3.016949e-02 
 2.121825e+01  3.016948e-02 
 2.121857e+01  3.016947e-02 
 2.121889e+01  3.016946e-02 
 2.121921e+01  3.016944e-02 
 2.121954e+01  3.016943e-02 
 2.121986e+01  3.016942e-02 
 2.122018e+01  3.016941e-02 
 2.122050e+01  3.016940e-02 
 2.122082e+01  3.016939e-02 
 2.122114e+01  3.016938e-02 
 2.122146e+01  3.016936e-02 
 2.122179e+01  3.016935e-02 
 2.122211e+01  3.016934e-02 
 2.122243e+01  3.016933e-02 
 2.122275e+01  3.016932e-02 
 2.122307e+01  3.016931e-02 
 2.122339e+01  3.016930e-02 
 2.122372e+01  3.016928e-02 
 2.122404e+01  3.016927e-02 
 2.122436e+01  3.016926e-02 
 2.122468e+01  3.016925e-02 
 2.122500e+01  3.016924e-02 
 2.122532e+01  3.016923e-02 
 2.122565e+01  3.016921e-02 
 2.122597e+01  3.016920e-02 
 2.122629e+01  3.016919e-02 
 2.122661e+01  3.016918e-02 
 2.122693e+01  3.016917e-02 
 2.122725e+01  3.016916e-02 
 2.122757e+01  3.016914e-02 
 2.122790e+01  3.016913e-02 
 2.122822e+01  3.016912e-02 
 2.122854e+01  3.016911e-02 
 2.122886e+01  3.016910e-02 
 2.122918e+01  3.016908e-02 
 2.122950e+01  3.016907e-02 
 2.122983e+01  3.016906e-02 
 2.123015e+01  3.016905e-02 
 2.123047e+01  3.016904e-02 
 2.123079e+01  3.016903e-02 
 2.123111e+01  3.016901e-02 
 2.123143e+01  3.016900e-02 
 2.123175e+01  3.016899e-02 
 2.123208e+01  3.016898e-02 
 2.123240e+01  3.016897e-02 
 2.123272e+01  3.016896e-02 
 2.123304e+01  3.016894e-02 
 2.123336e+01  3.016893e-02 
 2.123368e+01  3.016892e-02 
 2.123401e+01  3.016891e-02 
 2.123433e+01  3.016890e-02 
 2.123465e+01  3.016889e-02 
 2.123497e+01  3.016888e-02 
 2.123529e+01  3.016886e-02 
 2.123561e+01  3.016885e-02 
 2.123593e+01  3.016884e-02 
 2.123626e+01  3.016883e-02 
 2.123658e+01  3.016882e-02 
 2.123690e+01  3.016881e-02 
 2.123722e+01  3.016880e-02 
 2.123754e+01  3.016878e-02 
 2.123786e+01  3.016877e-02 
 2.123819e+01  3.016876e-02 
 2.123851e+01  3.016875e-02 
 2.123883e+01  3.016874e-02 
 2.123915e+01  3.016873e-02 
 2.123947e+01  3.016872e-02 
 2.123979e+01  3.016871e-02 
 2.124012e+01  3.016870e-02 
 2.124044e+01  3.016869e-02 
 2.124076e+01  3.016867e-02 
 2.124108e+01  3.016866e-02 
 2.124140e+01  3.016865e-02 
 2.124172e+01  3.016864e-02 
 2.124204e+01  3.016863e-02 
 2.124237e+01  3.016862e-02 
 2.124269e+01  3.016861e-02 
 2.124301e+01  3.016860e-02 
 2.124333e+01  3.016859e-02 
 2.124365e+01  3.016858e-02 
 2.124397e+01  3.016857e-02 
 2.124430e+01  3.016856e-02 
 2.124462e+01  3.016855e-02 
 2.124494e+01  3.016854e-02 
 2.124526e+01  3.016853e-02 
 2.124558e+01  3.016852e-02 
 2.124590e+01  3.016851e-02 
 2.124622e+01  3.016850e-02 
 2.124655e+01  3.016849e-02 
 2.124687e+01  3.016848e-02 
 2.124719e+01  3.016847e-02 
 2.124751e+01  3.016846e-02 
 2.124783e+01  3.016845e-02 
 2.124815e+01  3.016844e-02 
 2.124848e+01  3.016843e-02 
 2.124880e+01  3.016842e-02 
 2.124912e+01  3.016841e-02 
 2.124944e+01  3.016840e-02 
 2.124976e+01  3.016839e-02 
 2.125008e+01  3.016838e-02 
 2.125041e+01  3.016837e-02 
 2.125073e+01  3.016836e-02 
 2.125105e+01  3.016835e-02 
 2.125137e+01  3.016834e-02 
 2.125169e+01  3.016833e-02 
 2.125201e+01  3.016833e-02 
 2.125233e+01  3.016832e-02 
 2.125266e+01  3.016831e-02 
 2.125298e+01  3.016830e-02 
 2.125330e+01  3.016829e-02 
 2.125362e+01  3.016828e-02 
 2.125394e+01  3.016827e-02 
 2.125426e+01  3.016826e-02 
 2.125459e+01  3.016825e-02 
 2.125491e+01  3.016824e-02 
 2.125523e+01  3.016824e-02 
 2.125555e+01  3.016823e-02 
 2.125587e+01  3.016822e-02 
 2.125619e+01  3.016821e-02 
 2.125651e+01  3.016820e-02 
 2.125684e+01  3.016819e-02 
 2.125716e+01  3.016818e-02 
 2.125748e+01  3.016817e-02 
 2.125780e+01  3.016817e-02 
 2.125812e+01  3.016816e-02 
 2.125844e+01  3.016815e-02 
 2.125877e+01  3.016814e-02 
 2.125909e+01  3.016813e-02 
 2.125941e+01  3.016812e-02 
 2.125973e+01  3.016812e-02 
 2.126005e+01  3.016811e-02 
 2.126037e+01  3.016810e-02 
 2.126069e+01  3.016809e-02 
 2.126102e+01  3.016808e-02 
 2.126134e+01  3.016807e-02 
 2.126166e+01  3.016807e-02 
 2.126198e+01  3.016806e-02 
 2.126230e+01  3.016805e-02 
 2.126262e+01  3.016804e-02 
 2.126295e+01  3.016803e-02 
 2.126327e+01  3.016802e-02 
 2.126359e+01  3.016802e-02 
 2.126391e+01  3.016801e-02 
 2.126423e+01  3.016800e-02 
 2.126455e+01  3.016799e-02 
 2.126488e+01  3.016798e-02 
 2.126520e+01  3.016798e-02 
 2.126552e+01  3.016797e-02 
 2.126584e+01  3.016796e-02 
 2.126616e+01  3.016795e-02 
 2.126648e+01  3.016794e-02 
 2.126680e+01  3.016794e-02 
 2.126713e+01  3.016793e-02 
 2.126745e+01  3.016792e-02 
 2.126777e+01  3.016791e-02 
 2.126809e+01  3.016790e-02 
 2.126841e+01  3.016790e-02 
 2.126873e+01  3.016789e-02 
 2.126906e+01  3.016788e-02 
 2.126938e+01  3.016787e-02 
 2.126970e+01  3.016787e-02 
 2.127002e+01  3.016786e-02 
 2.127034e+01  3.016785e-02 
 2.127066e+01  3.016784e-02 
 2.127098e+01  3.016783e-02 
 2.127131e+01  3.016783e-02 
 2.127163e+01  3.016782e-02 
 2.127195e+01  3.016781e-02 
 2.127227e+01  3.016780e-02 
 2.127259e+01  3.016780e-02 
 2.127291e+01  3.016779e-02 
 2.127324e+01  3.016778e-02 
 2.127356e+01  3.016777e-02 
 2.127388e+01  3.016777e-02 
 2.127420e+01  3.016776e-02 
 2.127452e+01  3.016775e-02 
 2.127484e+01  3.016774e-02 
 2.127516e+01  3.016774e-02 
 2.127549e+01  3.016773e-02 
 2.127581e+01  3.016772e-02 
 2.127613e+01  3.016772e-02 
 2.127645e+01  3.016771e-02 
 2.127677e+01  3.016770e-02 
 2.127709e+01  3.016769e-02 
 2.127742e+01  3.016769e-02 
 2.127774e+01  3.016768e-02 
 2.127806e+01  3.016767e-02 
 2.127838e+01  3.016766e-02 
 2.127870e+01  3.016766e-02 
 2.127902e+01  3.016765e-02 
 2.127935e+01  3.016764e-02 
 2.127967e+01  3.016763e-02 
 2.127999e+01  3.016763e-02 
 2.128031e+01  3.016762e-02 
 2.128063e+01  3.016761e-02 
 2.128095e+01  3.016761e-02 
 2.128127e+01  3.016760e-02 
 2.128160e+01  3.016759e-02 
 2.128192e+01  3.016758e-02 
 2.128224e+01  3.016758e-02 
 2.128256e+01  3.016757e-02 
 2.128288e+01  3.016756e-02 
 2.128320e+01  3.016756e-02 
 2.128353e+01  3.016755e-02 
 2.128385e+01  3.016754e-02 
 2.128417e+01  3.016754e-02 
 2.128449e+01  3.016753e-02 
 2.128481e+01  3.016752e-02 
 2.128513e+01  3.016751e-02 
 2.128545e+01  3.016751e-02 
 2.128578e+01  3.016750e-02 
 2.128610e+01  3.016749e-02 
 2.128642e+01  3.016749e-02 
 2.128674e+01  3.016748e-02 
 2.128706e+01  3.016747e-02 
 2.128738e+01  3.016747e-02 
 2.128771e+01  3.016746e-02 
 2.128803e+01  3.016745e-02 
 2.128835e+01  3.016745e-02 
 2.128867e+01  3.016744e-02 
 2.128899e+01  3.016743e-02 
 2.128931e+01  3.016743e-02 
 2.128963e+01  3.016742e-02 
 2.128996e+01  3.016741e-02 
 2.129028e+01  3.016741e-02 
 2.129060e+01  3.016740e-02 
 2.129092e+01  3.016739e-02 
 2.129124e+01  3.016739e-02 
 2.129156e+01  3.016738e-02 
 2.129189e+01  3.016737e-02 
 2.129221e+01  3.016737e-02 
 2.129253e+01  3.016736e-02 
 2.129285e+01  3.016736e-02 
 2.129317e+01  3.016735e-02 
 2.129349e+01  3.016734e-02 
 2.129382e+01  3.016734e-02 
 2.129414e+01  3.016733e-02 
 2.129446e+01  3.016732e-02 
 2.129478e+01  3.016732e-02 
 2.129510e+01  3.016731e-02 
 2.129542e+01  3.016731e-02 
 2.129574e+01  3.016730e-02 
 2.129607e+01  3.016729e-02 
 2.129639e+01  3.016729e-02 
 2.129671e+01  3.016728e-02 
 2.129703e+01  3.016728e-02 
 2.129735e+01  3.016727e-02 
 2.129767e+01  3.016726e-02 
 2.129800e+01  3.016726e-02 
 2.129832e+01  3.016725e-02 
 2.129864e+01  3.016725e-02 
 2.129896e+01  3.016724e-02 
 2.129928e+01  3.016724e-02 
 2.129960e+01  3.016723e-02 
 2.129992e+01  3.016722e-02 
 2.130025e+01  3.016722e-02 
 2.130057e+01  3.016721e-02 
 2.130089e+01  3.016721e-02 
 2.130121e+01  3.016720e-02 
 2.130153e+01  3.016720e-02 
 2.130185e+01  3.016719e-02 
 2.130218e+01  3.016719e-02 
 2.130250e+01  3.016718e-02 
 2.130282e+01  3.016717e-02 
 2.130314e+01  3.016717e-02 
 2.130346e+01  3.016716e-02 
 2.130378e+01  3.016716e-02 
 2.130410e+01  3.016715e-02 
 2.130443e+01  3.016715e-02 
 2.130475e+01  3.016714e-02 
 2.130507e+01  3.016714e-02 
 2.130539e+01  3.016713e-02 
 2.130571e+01  3.016713e-02 
 2.130603e+01  3.016712e-02 
 2.130636e+01  3.016712e-02 
 2.130668e+01  3.016711e-02 
 2.130700e+01  3.016711e-02 
 2.130732e+01  3.016710e-02 
 2.130764e+01  3.016710e-02 
 2.130796e+01  3.016709e-02 
 2.130829e+01  3.016709e-02 
 2.130861e+01  3.016708e-02 
 2.130893e+01  3.016708e-02 
 2.130925e+01  3.016707e-02 
 2.130957e+01  3.016706e-02 
 2.130989e+01  3.016706e-02 
 2.131021e+01  3.016705e-02 
 2.131054e+01  3.016705e-02 
 2.131086e+01  3.016704e-02 
 2.131118e+01  3.016704e-02 
 2.131150e+01  3.016703e-02 
 2.131182e+01  3.016703e-02 
 2.131214e+01  3.016702e-02 
 2.131247e+01  3.016702e-02 
 2.131279e+01  3.016701e-02 
 2.131311e+01  3.016701e-02 
 2.131343e+01  3.016700e-02 
 2.131375e+01  3.016700e-02 
 2.131407e+01  3.016699e-02 
 2.131439e+01  3.016699e-02 
 2.131472e+01  3.016698e-02 
 2.131504e+01  3.016698e-02 
 2.131536e+01  3.016697e-02 
 2.131568e+01  3.016697e-02 
 2.131600e+01  3.016696e-02 
 2.131632e+01  3.016696e-02 
 2.131665e+01  3.016695e-02 
 2.131697e+01  3.016695e-02 
 2.131729e+01  3.016694e-02 
 2.131761e+01  3.016694e-02 
 2.131793e+01  3.016693e-02 
 2.131825e+01  3.016693e-02 
 2.131857e+01  3.016692e-02 
 2.131890e+01  3.016692e-02 
 2.131922e+01  3.016691e-02 
 2.131954e+01  3.016691e-02 
 2.131986e+01  3.016690e-02 
 2.132018e+01  3.016690e-02 
 2.132050e+01  3.016689e-02 
 2.132083e+01  3.016689e-02 
 2.132115e+01  3.016688e-02 
 2.132147e+01  3.016688e-02 
 2.132179e+01  3.016687e-02 
 2.132211e+01  3.016687e-02 
 2.132243e+01  3.016686e-02 
 2.132276e+01  3.016686e-02 
 2.132308e+01  3.016685e-02 
 2.132340e+01  3.016685e-02 
 2.132372e+01  3.016684e-02 
 2.132404e+01  3.016683e-02 
 2.132436e+01  3.016683e-02 
 2.132468e+01  3.016682e-02 
 2.132501e+01  3.016682e-02 
 2.132533e+01  3.016681e-02 
 2.132565e+01  3.016681e-02 
 2.132597e+01  3.016680e-02 
 2.132629e+01  3.016680e-02 
 2.132661e+01  3.016679e-02 
 2.132694e+01  3.016678e-02 
 2.132726e+01  3.016678e-02 
 2.132758e+01  3.016677e-02 
 2.132790e+01  3.016677e-02 
 2.132822e+01  3.016676e-02 
 2.132854e+01  3.016676e-02 
 2.132886e+01  3.016675e-02 
 2.132919e+01  3.016674e-02 
 2.132951e+01  3.016674e-02 
 2.132983e+01  3.016673e-02 
 2.133015e+01  3.016673e-02 
 2.133047e+01  3.016672e-02 
 2.133079e+01  3.016671e-02 
 2.133112e+01  3.016671e-02 
 2.133144e+01  3.016670e-02 
 2.133176e+01  3.016670e-02 
 2.133208e+01  3.016669e-02 
 2.133240e+01  3.016668e-02 
 2.133272e+01  3.016668e-02 
 2.133304e+01  3.016667e-02 
 2.133337e+01  3.016667e-02 
 2.133369e+01  3.016666e-02 
 2.133401e+01  3.016665e-02 
 2.133433e+01  3.016665e-02 
 2.133465e+01  3.016664e-02 
 2.133497e+01  3.016664e-02 
 2.133530e+01  3.016663e-02 
 2.133562e+01  3.016662e-02 
 2.133594e+01  3.016662e-02 
 2.133626e+01  3.016661e-02 
 2.133658e+01  3.016660e-02 
 2.133690e+01  3.016660e-02 
 2.133723e+01  3.016659e-02 
 2.133755e+01  3.016658e-02 
 2.133787e+01  3.016658e-02 
 2.133819e+01  3.016657e-02 
 2.133851e+01  3.016656e-02 
 2.133883e+01  3.016656e-02 
 2.133915e+01  3.016655e-02 
 2.133948e+01  3.016655e-02 
 2.133980e+01  3.016654e-02 
 2.134012e+01  3.016653e-02 
 2.134044e+01  3.016653e-02 
 2.134076e+01  3.016652e-02 
 2.134108e+01  3.016651e-02 
 2.134141e+01  3.016650e-02 
 2.134173e+01  3.016650e-02 
 2.134205e+01  3.016649e-02 
 2.134237e+01  3.016648e-02 
 2.134269e+01  3.016648e-02 
 2.134301e+01  3.016647e-02 
 2.134333e+01  3.016646e-02 
 2.134366e+01  3.016646e-02 
 2.134398e+01  3.016645e-02 
 2.134430e+01  3.016644e-02 
 2.134462e+01  3.016644e-02 
 2.134494e+01  3.016643e-02 
 2.134526e+01  3.016642e-02 
 2.134559e+01  3.016641e-02 
 2.134591e+01  3.016641e-02 
 2.134623e+01  3.016640e-02 
 2.134655e+01  3.016639e-02 
 2.134687e+01  3.016639e-02 
 2.134719e+01  3.016638e-02 
 2.134752e+01  3.016637e-02 
 2.134784e+01  3.016636e-02 
 2.134816e+01  3.016636e-02 
 2.134848e+01  3.016635e-02 
 2.134880e+01  3.016634e-02 
 2.134912e+01  3.016633e-02 
 2.134944e+01  3.016633e-02 
 2.134977e+01  3.016632e-02 
 2.135009e+01  3.016631e-02 
 2.135041e+01  3.016630e-02 
 2.135073e+01  3.016630e-02 
 2.135105e+01  3.016629e-02 
 2.135137e+01  3.016628e-02 
 2.135170e+01  3.016627e-02 
 2.135202e+01  3.016627e-02 
 2.135234e+01  3.016626e-02 
 2.135266e+01  3.016625e-02 
 2.135298e+01  3.016624e-02 
 2.135330e+01  3.016623e-02 
 2.135362e+01  3.016623e-02 
 2.135395e+01  3.016622e-02 
 2.135427e+01  3.016621e-02 
 2.135459e+01  3.016620e-02 
 2.135491e+01  3.016619e-02 
 2.135523e+01  3.016618e-02 
 2.135555e+01  3.016618e-02 
 2.135588e+01  3.016617e-02 
 2.135620e+01  3.016616e-02 
 2.135652e+01  3.016615e-02 
 2.135684e+01  3.016614e-02 
 2.135716e+01  3.016613e-02 
 2.135748e+01  3.016613e-02 
 2.135780e+01  3.016612e-02 
 2.135813e+01  3.016611e-02 
 2.135845e+01  3.016610e-02 
 2.135877e+01  3.016609e-02 
 2.135909e+01  3.016608e-02 
 2.135941e+01  3.016607e-02 
 2.135973e+01  3.016607e-02 
 2.136006e+01  3.016606e-02 
 2.136038e+01  3.016605e-02 
 2.136070e+01  3.016604e-02 
 2.136102e+01  3.016603e-02 
 2.136134e+01  3.016602e-02 
 2.136166e+01  3.016601e-02 
 2.136199e+01  3.016600e-02 
 2.136231e+01  3.016599e-02 
 2.136263e+01  3.016598e-02 
 2.136295e+01  3.016597e-02 
 2.136327e+01  3.016596e-02 
 2.136359e+01  3.016595e-02 
 2.136391e+01  3.016594e-02 
 2.136424e+01  3.016593e-02 
 2.136456e+01  3.016593e-02 
 2.136488e+01  3.016592e-02 
 2.136520e+01  3.016591e-02 
 2.136552e+01  3.016590e-02 
 2.136584e+01  3.016589e-02 
 2.136617e+01  3.016588e-02 
 2.136649e+01  3.016587e-02 
 2.136681e+01  3.016586e-02 
 2.136713e+01  3.016585e-02 
 2.136745e+01  3.016584e-02 
 2.136777e+01  3.016582e-02 
 2.136809e+01  3.016581e-02 
 2.136842e+01  3.016580e-02 
 2.136874e+01  3.016579e-02 
 2.136906e+01  3.016578e-02 
 2.136938e+01  3.016577e-02 
 2.136970e+01  3.016576e-02 
 2.137002e+01  3.016575e-02 
 2.137035e+01  3.016574e-02 
 2.137067e+01  3.016573e-02 
 2.137099e+01  3.016572e-02 
 2.137131e+01  3.016571e-02 
 2.137163e+01  3.016570e-02 
 2.137195e+01  3.016569e-02 
 2.137227e+01  3.016568e-02 
 2.137260e+01  3.016566e-02 
 2.137292e+01  3.016565e-02 
 2.137324e+01  3.016564e-02 
 2.137356e+01  3.016563e-02 
 2.137388e+01  3.016562e-02 
 2.137420e+01  3.016561e-02 
 2.137453e+01  3.016560e-02 
 2.137485e+01  3.016559e-02 
 2.137517e+01  3.016557e-02 
 2.137549e+01  3.016556e-02 
 2.137581e+01  3.016555e-02 
 2.137613e+01  3.016554e-02 
 2.137646e+01  3.016553e-02 
 2.137678e+01  3.016552e-02 
 2.137710e+01  3.016550e-02 
 2.137742e+01  3.016549e-02 
 2.137774e+01  3.016548e-02 
 2.137806e+01  3.016547e-02 
 2.137838e+01  3.016546e-02 
 2.137871e+01  3.016545e-02 
 2.137903e+01  3.016543e-02 
 2.137935e+01  3.016542e-02 
 2.137967e+01  3.016541e-02 
 2.137999e+01  3.016540e-02 
 2.138031e+01  3.016539e-02 
 2.138064e+01  3.016537e-02 
 2.138096e+01  3.016536e-02 
 2.138128e+01  3.016535e-02 
 2.138160e+01  3.016534e-02 
 2.138192e+01  3.016532e-02 
 2.138224e+01  3.016531e-02 
 2.138256e+01  3.016530e-02 
 2.138289e+01  3.016529e-02 
 2.138321e+01  3.016528e-02 
 2.138353e+01  3.016526e-02 
 2.138385e+01  3.016525e-02 
 2.138417e+01  3.016524e-02 
 2.138449e+01  3.016523e-02 
 2.138482e+01  3.016521e-02 
 2.138514e+01  3.016520e-02 
 2.138546e+01  3.016519e-02 
 2.138578e+01  3.016518e-02 
 2.138610e+01  3.016516e-02 
 2.138642e+01  3.016515e-02 
 2.138674e+01  3.016514e-02 
 2.138707e+01  3.016513e-02 
 2.138739e+01  3.016511e-02 
 2.138771e+01  3.016510e-02 
 2.138803e+01  3.016509e-02 
 2.138835e+01  3.016507e-02 
 2.138867e+01  3.016506e-02 
 2.138900e+01  3.016505e-02 
 2.138932e+01  3.016504e-02 
 2.138964e+01  3.016502e-02 
 2.138996e+01  3.016501e-02 
 2.139028e+01  3.016500e-02 
 2.139060e+01  3.016498e-02 
 2.139093e+01  3.016497e-02 
 2.139125e+01  3.016496e-02 
 2.139157e+01  3.016495e-02 
 2.139189e+01  3.016493e-02 
 2.139221e+01  3.016492e-02 
 2.139253e+01  3.016491e-02 
 2.139285e+01  3.016489e-02 
 2.139318e+01  3.016488e-02 
 2.139350e+01  3.016487e-02 
 2.139382e+01  3.016485e-02 
 2.139414e+01  3.016484e-02 
 2.139446e+01  3.016483e-02 
 2.139478e+01  3.016481e-02 
 2.139511e+01  3.016480e-02 
 2.139543e+01  3.016479e-02 
 2.139575e+01  3.016477e-02 
 2.139607e+01  3.016476e-02 
 2.139639e+01  3.016475e-02 
 2.139671e+01  3.016473e-02 
 2.139703e+01  3.016472e-02 
 2.139736e+01  3.016471e-02 
 2.139768e+01  3.016469e-02 
 2.139800e+01  3.016468e-02 
 2.139832e+01  3.016467e-02 
 2.139864e+01  3.016465e-02 
 2.139896e+01  3.016464e-02 
 2.139929e+01  3.016462e-02 
 2.139961e+01  3.016461e-02 
 2.139993e+01  3.016460e-02 
 2.140025e+01  3.016458e-02 
 2.140057e+01  3.016457e-02 
 2.140089e+01  3.016455e-02 
 2.140121e+01  3.016454e-02 
 2.140154e+01  3.016453e-02 
 2.140186e+01  3.016451e-02 
 2.140218e+01  3.016450e-02 
 2.140250e+01  3.016448e-02 
 2.140282e+01  3.016447e-02 
 2.140314e+01  3.016446e-02 
 2.140347e+01  3.016444e-02 
 2.140379e+01  3.016443e-02 
 2.140411e+01  3.016441e-02 
 2.140443e+01  3.016440e-02 
 2.140475e+01  3.016438e-02 
 2.140507e+01  3.016437e-02 
 2.140540e+01  3.016435e-02 
 2.140572e+01  3.016434e-02 
 2.140604e+01  3.016433e-02 
 2.140636e+01  3.016431e-02 
 2.140668e+01  3.016430e-02 
 2.140700e+01  3.016428e-02 
 2.140732e+01  3.016427e-02 
 2.140765e+01  3.016425e-02 
 2.140797e+01  3.016424e-02 
 2.140829e+01  3.016422e-02 
 2.140861e+01  3.016421e-02 
 2.140893e+01  3.016419e-02 
 2.140925e+01  3.016418e-02 
 2.140958e+01  3.016416e-02 
 2.140990e+01  3.016415e-02 
 2.141022e+01  3.016413e-02 
 2.141054e+01  3.016411e-02 
 2.141086e+01  3.016410e-02 
 2.141118e+01  3.016408e-02 
 2.141150e+01  3.016407e-02 
 2.141183e+01  3.016405e-02 
 2.141215e+01  3.016404e-02 
 2.141247e+01  3.016402e-02 
 2.141279e+01  3.016401e-02 
 2.141311e+01  3.016399e-02 
 2.141343e+01  3.016397e-02 
 2.141376e+01  3.016396e-02 
 2.141408e+01  3.016394e-02 
 2.141440e+01  3.016393e-02 
 2.141472e+01  3.016391e-02 
 2.141504e+01  3.016389e-02 
 2.141536e+01  3.016388e-02 
 2.141568e+01  3.016386e-02 
 2.141601e+01  3.016385e-02 
 2.141633e+01  3.016383e-02 
 2.141665e+01  3.016381e-02 
 2.141697e+01  3.016380e-02 
 2.141729e+01  3.016378e-02 
 2.141761e+01  3.016376e-02 
 2.141794e+01  3.016375e-02 
 2.141826e+01  3.016373e-02 
 2.141858e+01  3.016372e-02 
 2.141890e+01  3.016370e-02 
 2.141922e+01  3.016368e-02 
 2.141954e+01  3.016367e-02 
 2.141987e+01  3.016365e-02 
 2.142019e+01  3.016363e-02 
 2.142051e+01  3.016362e-02 
 2.142083e+01  3.016360e-02 
 2.142115e+01  3.016358e-02 
 2.142147e+01  3.016357e-02 
 2.142179e+01  3.016355e-02 
 2.142212e+01  3.016353e-02 
 2.142244e+01  3.016351e-02 
 2.142276e+01  3.016350e-02 
 2.142308e+01  3.016348e-02 
 2.142340e+01  3.016346e-02 
 2.142372e+01  3.016345e-02 
 2.142405e+01  3.016343e-02 
 2.142437e+01  3.016341e-02 
 2.142469e+01  3.016339e-02 
 2.142501e+01  3.016338e-02 
 2.142533e+01  3.016336e-02 
 2.142565e+01  3.016334e-02 
 2.142597e+01  3.016333e-02 
 2.142630e+01  3.016331e-02 
 2.142662e+01  3.016329e-02 
 2.142694e+01  3.016327e-02 
 2.142726e+01  3.016326e-02 
 2.142758e+01  3.016324e-02 
 2.142790e+01  3.016322e-02 
 2.142823e+01  3.016320e-02 
 2.142855e+01  3.016318e-02 
 2.142887e+01  3.016317e-02 
 2.142919e+01  3.016315e-02 
 2.142951e+01  3.016313e-02 
 2.142983e+01  3.016311e-02 
 2.143015e+01  3.016309e-02 
 2.143048e+01  3.016308e-02 
 2.143080e+01  3.016306e-02 
 2.143112e+01  3.016304e-02 
 2.143144e+01  3.016302e-02 
 2.143176e+01  3.016300e-02 
 2.143208e+01  3.016299e-02 
 2.143241e+01  3.016297e-02 
 2.143273e+01  3.016295e-02 
 2.143305e+01  3.016293e-02 
 2.143337e+01  3.016291e-02 
 2.143369e+01  3.016289e-02 
 2.143401e+01  3.016287e-02 
 2.143434e+01  3.016286e-02 
 2.143466e+01  3.016284e-02 
 2.143498e+01  3.016282e-02 
 2.143530e+01  3.016280e-02 
 2.143562e+01  3.016278e-02 
 2.143594e+01  3.016276e-02 
 2.143626e+01  3.016274e-02 
 2.143659e+01  3.016272e-02 
 2.143691e+01  3.016270e-02 
 2.143723e+01  3.016269e-02 
 2.143755e+01  3.016267e-02 
 2.143787e+01  3.016265e-02 
 2.143819e+01  3.016263e-02 
 2.143852e+01  3.016261e-02 
 2.143884e+01  3.016259e-02 
 2.143916e+01  3.016257e-02 
 2.143948e+01  3.016255e-02 
 2.143980e+01  3.016253e-02 
 2.144012e+01  3.016251e-02 
 2.144044e+01  3.016249e-02 
 2.144077e+01  3.016247e-02 
 2.144109e+01  3.016245e-02 
 2.144141e+01  3.016243e-02 
 2.144173e+01  3.016241e-02 
 2.144205e+01  3.016239e-02 
 2.144237e+01  3.016237e-02 
 2.144270e+01  3.016235e-02 
 2.144302e+01  3.016233e-02 
 2.144334e+01  3.016231e-02 
 2.144366e+01  3.016229e-02 
 2.144398e+01  3.016227e-02 
 2.144430e+01  3.016225e-02 
 2.144463e+01  3.016223e-02 
 2.144495e+01  3.016221e-02 
 2.144527e+01  3.016219e-02 
 2.144559e+01  3.016217e-02 
 2.144591e+01  3.016215e-02 
 2.144623e+01  3.016213e-02 
 2.144655e+01  3.016211e-02 
 2.144688e+01  3.016208e-02 
 2.144720e+01  3.016206e-02 
 2.144752e+01  3.016204e-02 
 2.144784e+01  3.016202e-02 
 2.144816e+01  3.016200e-02 
 2.144848e+01  3.016198e-02 
 2.144881e+01  3.016196e-02 
 2.144913e+01  3.016194e-02 
 2.144945e+01  3.016192e-02 
 2.144977e+01  3.016189e-02 
 2.145009e+01  3.016187e-02 
 2.145041e+01  3.016185e-02 
 2.145073e+01  3.016183e-02 
 2.145106e+01  3.016181e-02 
 2.145138e+01  3.016179e-02 
 2.145170e+01  3.016177e-02 
 2.145202e+01  3.016174e-02 
 2.145234e+01  3.016172e-02 
 2.145266e+01  3.016170e-02 
 2.145299e+01  3.016168e-02 
 2.145331e+01  3.016166e-02 
 2.145363e+01  3.016163e-02 
 2.145395e+01  3.016161e-02 
 2.145427e+01  3.016159e-02 
 2.145459e+01  3.016157e-02 
 2.145491e+01  3.016155e-02 
 2.145524e+01  3.016152e-02 
 2.145556e+01  3.016150e-02 
 2.145588e+01  3.016148e-02 
 2.145620e+01  3.016146e-02 
 2.145652e+01  3.016144e-02 
 2.145684e+01  3.016141e-02 
 2.145717e+01  3.016139e-02 
 2.145749e+01  3.016137e-02 
 2.145781e+01  3.016135e-02 
 2.145813e+01  3.016132e-02 
 2.145845e+01  3.016130e-02 
 2.145877e+01  3.016128e-02 
 2.145910e+01  3.016126e-02 
 2.145942e+01  3.016123e-02 
 2.145974e+01  3.016121e-02 
 2.146006e+01  3.016119e-02 
 2.146038e+01  3.016117e-02 
 2.146070e+01  3.016114e-02 
 2.146102e+01  3.016112e-02 
 2.146135e+01  3.016110e-02 
 2.146167e+01  3.016107e-02 
 2.146199e+01  3.016105e-02 
 2.146231e+01  3.016103e-02 
 2.146263e+01  3.016101e-02 
 2.146295e+01  3.016098e-02 
 2.146328e+01  3.016096e-02 
 2.146360e+01  3.016094e-02 
 2.146392e+01  3.016091e-02 
 2.146424e+01  3.016089e-02 
 2.146456e+01  3.016087e-02 
 2.146488e+01  3.016084e-02 
 2.146520e+01  3.016082e-02 
 2.146553e+01  3.016080e-02 
 2.146585e+01  3.016077e-02 
 2.146617e+01  3.016075e-02 
 2.146649e+01  3.016073e-02 
 2.146681e+01  3.016070e-02 
 2.146713e+01  3.016068e-02 
 2.146746e+01  3.016065e-02 
 2.146778e+01  3.016063e-02 
 2.146810e+01  3.016061e-02 
 2.146842e+01  3.016058e-02 
 2.146874e+01  3.016056e-02 
 2.146906e+01  3.016054e-02 
 2.146938e+01  3.016051e-02 
 2.146971e+01  3.016049e-02 
 2.147003e+01  3.016046e-02 
 2.147035e+01  3.016044e-02 
 2.147067e+01  3.016041e-02 
 2.147099e+01  3.016039e-02 
 2.147131e+01  3.016037e-02 
 2.147164e+01  3.016034e-02 
 2.147196e+01  3.016032e-02 
 2.147228e+01  3.016029e-02 
 2.147260e+01  3.016027e-02 
 2.147292e+01  3.016024e-02 
 2.147324e+01  3.016022e-02 
 2.147357e+01  3.016019e-02 
 2.147389e+01  3.016017e-02 
 2.147421e+01  3.016015e-02 
 2.147453e+01  3.016012e-02 
 2.147485e+01  3.016010e-02 
 2.147517e+01  3.016007e-02 
 2.147549e+01  3.016005e-02 
 2.147582e+01  3.016002e-02 
 2.147614e+01  3.016000e-02 
 2.147646e+01  3.015997e-02 
 2.147678e+01  3.015995e-02 
 2.147710e+01  3.015992e-02 
 2.147742e+01  3.015989e-02 
 2.147775e+01  3.015987e-02 
 2.147807e+01  3.015984e-02 
 2.147839e+01  3.015982e-02 
 2.147871e+01  3.015979e-02 
 2.147903e+01  3.015977e-02 
 2.147935e+01  3.015974e-02 
 2.147967e+01  3.015972e-02 
 2.148000e+01  3.015969e-02 
 2.148032e+01  3.015966e-02 
 2.148064e+01  3.015964e-02 
 2.148096e+01  3.015961e-02 
 2.148128e+01  3.015959e-02 
 2.148160e+01  3.015956e-02 
 2.148193e+01  3.015953e-02 
 2.148225e+01  3.015951e-02 
 2.148257e+01  3.015948e-02 
 2.148289e+01  3.015946e-02 
 2.148321e+01  3.015943e-02 
 2.148353e+01  3.015940e-02 
 2.148385e+01  3.015938e-02 
 2.148418e+01  3.015935e-02 
 2.148450e+01  3.015932e-02 
 2.148482e+01  3.015930e-02 
 2.148514e+01  3.015927e-02 
 2.148546e+01  3.015924e-02 
 2.148578e+01  3.015922e-02 
 2.148611e+01  3.015919e-02 
 2.148643e+01  3.015916e-02 
 2.148675e+01  3.015914e-02 
 2.148707e+01  3.015911e-02 
 2.148739e+01  3.015908e-02 
 2.148771e+01  3.015906e-02 
 2.148804e+01  3.015903e-02 
 2.148836e+01  3.015900e-02 
 2.148868e+01  3.015897e-02 
 2.148900e+01  3.015895e-02 
 2.148932e+01  3.015892e-02 
 2.148964e+01  3.015889e-02 
 2.148996e+01  3.015887e-02 
 2.149029e+01  3.015884e-02 
 2.149061e+01  3.015881e-02 
 2.149093e+01  3.015878e-02 
 2.149125e+01  3.015876e-02 
 2.149157e+01  3.015873e-02 
 2.149189e+01  3.015870e-02 
 2.149222e+01  3.015867e-02 
 2.149254e+01  3.015865e-02 
 2.149286e+01  3.015862e-02 
 2.149318e+01  3.015859e-02 
 2.149350e+01  3.015856e-02 
 2.149382e+01  3.015854e-02 
 2.149414e+01  3.015851e-02 
 2.149447e+01  3.015848e-02 
 2.149479e+01  3.015845e-02 
 2.149511e+01  3.015843e-02 
 2.149543e+01  3.015840e-02 
 2.149575e+01  3.015837e-02 
 2.149607e+01  3.015834e-02 
 2.149640e+01  3.015832e-02 
 2.149672e+01  3.015829e-02 
 2.149704e+01  3.015826e-02 
 2.149736e+01  3.015823e-02 
 2.149768e+01  3.015821e-02 
 2.149800e+01  3.015818e-02 
 2.149832e+01  3.015815e-02 
 2.149865e+01  3.015812e-02 
 2.149897e+01  3.015810e-02 
 2.149929e+01  3.015807e-02 
 2.149961e+01  3.015804e-02 
 2.149993e+01  3.015802e-02 
 2.150025e+01  3.015799e-02 
 2.150058e+01  3.015796e-02 
 2.150090e+01  3.015793e-02 
 2.150122e+01  3.015791e-02 
 2.150154e+01  3.015788e-02 
 2.150186e+01  3.015785e-02 
 2.150218e+01  3.015782e-02 
 2.150251e+01  3.015780e-02 
 2.150283e+01  3.015777e-02 
 2.150315e+01  3.015774e-02 
 2.150347e+01  3.015772e-02 
 2.150379e+01  3.015769e-02 
 2.150411e+01  3.015766e-02 
 2.150443e+01  3.015763e-02 
 2.150476e+01  3.015761e-02 
 2.150508e+01  3.015758e-02 
 2.150540e+01  3.015755e-02 
 2.150572e+01  3.015753e-02 
 2.150604e+01  3.015750e-02 
 2.150636e+01  3.015747e-02 
 2.150669e+01  3.015745e-02 
 2.150701e+01  3.015742e-02 
 2.150733e+01  3.015739e-02 
 2.150765e+01  3.015737e-02 
 2.150797e+01  3.015734e-02 
 2.150829e+01  3.015731e-02 
 2.150861e+01  3.015729e-02 
 2.150894e+01  3.015726e-02 
 2.150926e+01  3.015723e-02 
 2.150958e+01  3.015721e-02 
 2.150990e+01  3.015718e-02 
 2.151022e+01  3.015715e-02 
 2.151054e+01  3.015713e-02 
 2.151087e+01  3.015710e-02 
 2.151119e+01  3.015708e-02 
 2.151151e+01  3.015705e-02 
 2.151183e+01  3.015702e-02 
 2.151215e+01  3.015700e-02 
 2.151247e+01  3.015697e-02 
 2.151279e+01  3.015695e-02 
 2.151312e+01  3.015692e-02 
 2.151344e+01  3.015689e-02 
 2.151376e+01  3.015687e-02 
 2.151408e+01  3.015684e-02 
 2.151440e+01  3.015682e-02 
 2.151472e+01  3.015679e-02 
 2.151505e+01  3.015676e-02 
 2.151537e+01  3.015674e-02 
 2.151569e+01  3.015671e-02 
 2.151601e+01  3.015669e-02 
 2.151633e+01  3.015666e-02 
 2.151665e+01  3.015664e-02 
 2.151698e+01  3.015661e-02 
 2.151730e+01  3.015658e-02 
 2.151762e+01  3.015656e-02 
 2.151794e+01  3.015653e-02 
 2.151826e+01  3.015651e-02 
 2.151858e+01  3.015648e-02 
 2.151890e+01  3.015646e-02 
 2.151923e+01  3.015643e-02 
 2.151955e+01  3.015641e-02 
 2.151987e+01  3.015638e-02 
 2.152019e+01  3.015636e-02 
 2.152051e+01  3.015633e-02 
 2.152083e+01  3.015631e-02 
 2.152116e+01  3.015628e-02 
 2.152148e+01  3.015626e-02 
 2.152180e+01  3.015623e-02 
 2.152212e+01  3.015621e-02 
 2.152244e+01  3.015618e-02 
 2.152276e+01  3.015616e-02 
 2.152308e+01  3.015613e-02 
 2.152341e+01  3.015611e-02 
 2.152373e+01  3.015608e-02 
 2.152405e+01  3.015606e-02 
 2.152437e+01  3.015604e-02 
 2.152469e+01  3.015601e-02 
 2.152501e+01  3.015599e-02 
 2.152534e+01  3.015596e-02 
 2.152566e+01  3.015594e-02 
 2.152598e+01  3.015591e-02 
 2.152630e+01  3.015589e-02 
 2.152662e+01  3.015587e-02 
 2.152694e+01  3.015584e-02 
 2.152726e+01  3.015582e-02 
 2.152759e+01  3.015580e-02 
 2.152791e+01  3.015577e-02 
 2.152823e+01  3.015575e-02 
 2.152855e+01  3.015573e-02 
 2.152887e+01  3.015570e-02 
 2.152919e+01  3.015568e-02 
 2.152952e+01  3.015566e-02 
 2.152984e+01  3.015563e-02 
 2.153016e+01  3.015561e-02 
 2.153048e+01  3.015559e-02 
 2.153080e+01  3.015556e-02 
 2.153112e+01  3.015554e-02 
 2.153145e+01  3.015552e-02 
 2.153177e+01  3.015550e-02 
 2.153209e+01  3.015547e-02 
 2.153241e+01  3.015545e-02 
 2.153273e+01  3.015543e-02 
 2.153305e+01  3.015541e-02 
 2.153337e+01  3.015539e-02 
 2.153370e+01  3.015536e-02 
 2.153402e+01  3.015534e-02 
 2.153434e+01  3.015532e-02 
 2.153466e+01  3.015530e-02 
 2.153498e+01  3.015528e-02 
 2.153530e+01  3.015526e-02 
 2.153563e+01  3.015524e-02 
 2.153595e+01  3.015521e-02 
 2.153627e+01  3.015519e-02 
 2.153659e+01  3.015517e-02 
 2.153691e+01  3.015515e-02 
 2.153723e+01  3.015513e-02 
 2.153755e+01  3.015511e-02 
 2.153788e+01  3.015509e-02 
 2.153820e+01  3.015507e-02 
 2.153852e+01  3.015505e-02 
 2.153884e+01  3.015503e-02 
 2.153916e+01  3.015501e-02 
 2.153948e+01  3.015499e-02 
 2.153981e+01  3.015497e-02 
 2.154013e+01  3.015495e-02 
 2.154045e+01  3.015493e-02 
 2.154077e+01  3.015491e-02 
 2.154109e+01  3.015489e-02 
 2.154141e+01  3.015488e-02 
 2.154174e+01  3.015486e-02 
 2.154206e+01  3.015484e-02 
 2.154238e+01  3.015482e-02 
 2.154270e+01  3.015480e-02 
 2.154302e+01  3.015478e-02 
 2.154334e+01  3.015476e-02 
 2.154366e+01  3.015475e-02 
 2.154399e+01  3.015473e-02 
 2.154431e+01  3.015471e-02 
 2.154463e+01  3.015469e-02 
 2.154495e+01  3.015468e-02 
 2.154527e+01  3.015466e-02 
 2.154559e+01  3.015464e-02 
 2.154592e+01  3.015462e-02 
 2.154624e+01  3.015461e-02 
 2.154656e+01  3.015459e-02 
 2.154688e+01  3.015457e-02 
 2.154720e+01  3.015456e-02 
 2.154752e+01  3.015454e-02 
 2.154784e+01  3.015452e-02 
 2.154817e+01  3.015451e-02 
 2.154849e+01  3.015449e-02 
 2.154881e+01  3.015448e-02 
 2.154913e+01  3.015446e-02 
 2.154945e+01  3.015444e-02 
 2.154977e+01  3.015443e-02 
 2.155010e+01  3.015441e-02 
 2.155042e+01  3.015440e-02 
 2.155074e+01  3.015438e-02 
 2.155106e+01  3.015437e-02 
 2.155138e+01  3.015435e-02 
 2.155170e+01  3.015434e-02 
 2.155202e+01  3.015432e-02 
 2.155235e+01  3.015431e-02 
 2.155267e+01  3.015429e-02 
 2.155299e+01  3.015428e-02 
 2.155331e+01  3.015427e-02 
 2.155363e+01  3.015425e-02 
 2.155395e+01  3.015424e-02 
 2.155428e+01  3.015423e-02 
 2.155460e+01  3.015421e-02 
 2.155492e+01  3.015420e-02 
 2.155524e+01  3.015419e-02 
 2.155556e+01  3.015417e-02 
 2.155588e+01  3.015416e-02 
 2.155621e+01  3.015415e-02 
 2.155653e+01  3.015413e-02 
 2.155685e+01  3.015412e-02 
 2.155717e+01  3.015411e-02 
 2.155749e+01  3.015410e-02 
 2.155781e+01  3.015408e-02 
 2.155813e+01  3.015407e-02 
 2.155846e+01  3.015406e-02 
 2.155878e+01  3.015405e-02 
 2.155910e+01  3.015404e-02 
 2.155942e+01  3.015403e-02 
 2.155974e+01  3.015401e-02 
 2.156006e+01  3.015400e-02 
 2.156039e+01  3.015399e-02 
 2.156071e+01  3.015398e-02 
 2.156103e+01  3.015397e-02 
 2.156135e+01  3.015396e-02 
 2.156167e+01  3.015395e-02 
 2.156199e+01  3.015394e-02 
 2.156231e+01  3.015393e-02 
 2.156264e+01  3.015392e-02 
 2.156296e+01  3.015391e-02 
 2.156328e+01  3.015390e-02 
 2.156360e+01  3.015389e-02 
 2.156392e+01  3.015388e-02 
 2.156424e+01  3.015387e-02 
 2.156457e+01  3.015386e-02 
 2.156489e+01  3.015385e-02 
 2.156521e+01  3.015384e-02 
 2.156553e+01  3.015383e-02 
 2.156585e+01  3.015382e-02 
 2.156617e+01  3.015382e-02 
 2.156649e+01  3.015381e-02 
 2.156682e+01  3.015380e-02 
 2.156714e+01  3.015379e-02 
 2.156746e+01  3.015378e-02 
 2.156778e+01  3.015377e-02 
 2.156810e+01  3.015377e-02 
 2.156842e+01  3.015376e-02 
 2.156875e+01  3.015375e-02 
 2.156907e+01  3.015374e-02 
 2.156939e+01  3.015373e-02 
 2.156971e+01  3.015373e-02 
 2.157003e+01  3.015372e-02 
 2.157035e+01  3.015371e-02 
 2.157068e+01  3.015370e-02 
 2.157100e+01  3.015370e-02 
 2.157132e+01  3.015369e-02 
 2.157164e+01  3.015368e-02 
 2.157196e+01  3.015368e-02 
 2.157228e+01  3.015367e-02 
 2.157260e+01  3.015366e-02 
 2.157293e+01  3.015366e-02 
 2.157325e+01  3.015365e-02 
 2.157357e+01  3.015364e-02 
 2.157389e+01  3.015364e-02 
 2.157421e+01  3.015363e-02 
 2.157453e+01  3.015363e-02 
 2.157486e+01  3.015362e-02 
 2.157518e+01  3.015361e-02 
 2.157550e+01  3.015361e-02 
 2.157582e+01  3.015360e-02 
 2.157614e+01  3.015360e-02 
 2.157646e+01  3.015359e-02 
 2.157678e+01  3.015359e-02 
 2.157711e+01  3.015358e-02 
 2.157743e+01  3.015358e-02 
 2.157775e+01  3.015357e-02 
 2.157807e+01  3.015356e-02 
 2.157839e+01  3.015356e-02 
 2.157871e+01  3.015356e-02 
 2.157904e+01  3.015355e-02 
 2.157936e+01  3.015355e-02 
 2.157968e+01  3.015354e-02 
 2.158000e+01  3.015354e-02 
 2.158032e+01  3.015353e-02 
 2.158064e+01  3.015353e-02 
 2.158096e+01  3.015352e-02 
 2.158129e+01  3.015352e-02 
 2.158161e+01  3.015351e-02 
 2.158193e+01  3.015351e-02 
 2.158225e+01  3.015351e-02 
 2.158257e+01  3.015350e-02 
 2.158289e+01  3.015350e-02 
 2.158322e+01  3.015350e-02 
 2.158354e+01  3.015349e-02 
 2.158386e+01  3.015349e-02 
 2.158418e+01  3.015348e-02 
 2.158450e+01  3.015348e-02 
 2.158482e+01  3.015348e-02 
 2.158515e+01  3.015347e-02 
 2.158547e+01  3.015347e-02 
 2.158579e+01  3.015347e-02 
 2.158611e+01  3.015347e-02 
 2.158643e+01  3.015346e-02 
 2.158675e+01  3.015346e-02 
 2.158707e+01  3.015346e-02 
 2.158740e+01  3.015345e-02 
 2.158772e+01  3.015345e-02 
 2.158804e+01  3.015345e-02 
 2.158836e+01  3.015345e-02 
 2.158868e+01  3.015344e-02 
 2.158900e+01  3.015344e-02 
 2.158933e+01  3.015344e-02 
 2.158965e+01  3.015344e-02 
 2.158997e+01  3.015343e-02 
 2.159029e+01  3.015343e-02 
 2.159061e+01  3.015343e-02 
 2.159093e+01  3.015343e-02 
 2.159125e+01  3.015343e-02 
 2.159158e+01  3.015343e-02 
 2.159190e+01  3.015342e-02 
 2.159222e+01  3.015342e-02 
 2.159254e+01  3.015342e-02 
 2.159286e+01  3.015342e-02 
 2.159318e+01  3.015342e-02 
 2.159351e+01  3.015342e-02 
 2.159383e+01  3.015342e-02 
 2.159415e+01  3.015341e-02 
 2.159447e+01  3.015341e-02 
 2.159479e+01  3.015341e-02 
 2.159511e+01  3.015341e-02 
 2.159543e+01  3.015341e-02 
 2.159576e+01  3.015341e-02 
 2.159608e+01  3.015341e-02 
 2.159640e+01  3.015341e-02 
 2.159672e+01  3.015341e-02 
 2.159704e+01  3.015341e-02 
 2.159736e+01  3.015341e-02 
 2.159769e+01  3.015341e-02 
 2.159801e+01  3.015341e-02 
 2.159833e+01  3.015341e-02 
 2.159865e+01  3.015341e-02 
 2.159897e+01  3.015340e-02 
 2.159929e+01  3.015340e-02 
 2.159962e+01  3.015340e-02 
 2.159994e+01  3.015340e-02 
 2.160026e+01  3.015341e-02 
 2.160058e+01  3.015341e-02 
 2.160090e+01  3.015341e-02 
 2.160122e+01  3.015341e-02 
 2.160154e+01  3.015341e-02 
 2.160187e+01  3.015341e-02 
 2.160219e+01  3.015341e-02 
 2.160251e+01  3.015341e-02 
 2.160283e+01  3.015341e-02 
 2.160315e+01  3.015341e-02 
 2.160347e+01  3.015341e-02 
 2.160380e+01  3.015341e-02 
 2.160412e+01  3.015341e-02 
 2.160444e+01  3.015341e-02 
 2.160476e+01  3.015341e-02 
 2.160508e+01  3.015342e-02 
 2.160540e+01  3.015342e-02 
 2.160572e+01  3.015342e-02 
 2.160605e+01  3.015342e-02 
 2.160637e+01  3.015342e-02 
 2.160669e+01  3.015342e-02 
 2.160701e+01  3.015342e-02 
 2.160733e+01  3.015343e-02 
 2.160765e+01  3.015343e-02 
 2.160798e+01  3.015343e-02 
 2.160830e+01  3.015343e-02 
 2.160862e+01  3.015343e-02 
 2.160894e+01  3.015344e-02 
 2.160926e+01  3.015344e-02 
 2.160958e+01  3.015344e-02 
 2.160990e+01  3.015344e-02 
 2.161023e+01  3.015344e-02 
 2.161055e+01  3.015345e-02 
 2.161087e+01  3.015345e-02 
 2.161119e+01  3.015345e-02 
 2.161151e+01  3.015345e-02 
 2.161183e+01  3.015346e-02 
 2.161216e+01  3.015346e-02 
 2.161248e+01  3.015346e-02 
 2.161280e+01  3.015347e-02 
 2.161312e+01  3.015347e-02 
 2.161344e+01  3.015347e-02 
 2.161376e+01  3.015348e-02 
 2.161409e+01  3.015348e-02 
 2.161441e+01  3.015348e-02 
 2.161473e+01  3.015349e-02 
 2.161505e+01  3.015349e-02 
 2.161537e+01  3.015349e-02 
 2.161569e+01  3.015350e-02 
 2.161601e+01  3.015350e-02 
 2.161634e+01  3.015350e-02 
 2.161666e+01  3.015351e-02 
 2.161698e+01  3.015351e-02 
 2.161730e+01  3.015351e-02 
 2.161762e+01  3.015352e-02 
 2.161794e+01  3.015352e-02 
 2.161827e+01  3.015353e-02 
 2.161859e+01  3.015353e-02 
 2.161891e+01  3.015354e-02 
 2.161923e+01  3.015354e-02 
 2.161955e+01  3.015355e-02 
 2.161987e+01  3.015355e-02 
 2.162019e+01  3.015355e-02 
 2.162052e+01  3.015356e-02 
 2.162084e+01  3.015356e-02 
 2.162116e+01  3.015357e-02 
 2.162148e+01  3.015357e-02 
 2.162180e+01  3.015358e-02 
 2.162212e+01  3.015358e-02 
 2.162245e+01  3.015359e-02 
 2.162277e+01  3.015359e-02 
 2.162309e+01  3.015360e-02 
 2.162341e+01  3.015361e-02 
 2.162373e+01  3.015361e-02 
 2.162405e+01  3.015362e-02 
 2.162437e+01  3.015362e-02 
 2.162470e+01  3.015363e-02 
 2.162502e+01  3.015363e-02 
 2.162534e+01  3.015364e-02 
 2.162566e+01  3.015365e-02 
 2.162598e+01  3.015365e-02 
 2.162630e+01  3.015366e-02 
 2.162663e+01  3.015366e-02 
 2.162695e+01  3.015367e-02 
 2.162727e+01  3.015368e-02 
 2.162759e+01  3.015368e-02 
 2.162791e+01  3.015369e-02 
 2.162823e+01  3.015370e-02 
 2.162856e+01  3.015370e-02 
 2.162888e+01  3.015371e-02 
 2.162920e+01  3.015372e-02 
 2.162952e+01  3.015372e-02 
 2.162984e+01  3.015373e-02 
 2.163016e+01  3.015374e-02 
 2.163048e+01  3.015375e-02 
 2.163081e+01  3.015375e-02 
 2.163113e+01  3.015376e-02 
 2.163145e+01  3.015377e-02 
 2.163177e+01  3.015378e-02 
 2.163209e+01  3.015378e-02 
 2.163241e+01  3.015379e-02 
 2.163274e+01  3.015380e-02 
 2.163306e+01  3.015381e-02 
 2.163338e+01  3.015381e-02 
 2.163370e+01  3.015382e-02 
 2.163402e+01  3.015383e-02 
 2.163434e+01  3.015384e-02 
 2.163466e+01  3.015385e-02 
 2.163499e+01  3.015385e-02 
 2.163531e+01  3.015386e-02 
 2.163563e+01  3.015387e-02 
 2.163595e+01  3.015388e-02 
 2.163627e+01  3.015389e-02 
 2.163659e+01  3.015390e-02 
 2.163692e+01  3.015390e-02 
 2.163724e+01  3.015391e-02 
 2.163756e+01  3.015392e-02 
 2.163788e+01  3.015393e-02 
 2.163820e+01  3.015394e-02 
 2.163852e+01  3.015395e-02 
 2.163884e+01  3.015396e-02 
 2.163917e+01  3.015397e-02 
 2.163949e+01  3.015398e-02 
 2.163981e+01  3.015398e-02 
 2.164013e+01  3.015399e-02 
 2.164045e+01  3.015400e-02 
 2.164077e+01  3.015401e-02 
 2.164110e+01  3.015402e-02 
 2.164142e+01  3.015403e-02 
 2.164174e+01  3.015404e-02 
 2.164206e+01  3.015405e-02 
 2.164238e+01  3.015406e-02 
 2.164270e+01  3.015407e-02 
 2.164303e+01  3.015408e-02 
 2.164335e+01  3.015409e-02 
 2.164367e+01  3.015410e-02 
 2.164399e+01  3.015411e-02 
 2.164431e+01  3.015412e-02 
 2.164463e+01  3.015413e-02 
 2.164495e+01  3.015414e-02 
 2.164528e+01  3.015415e-02 
 2.164560e+01  3.015416e-02 
 2.164592e+01  3.015417e-02 
 2.164624e+01  3.015418e-02 
 2.164656e+01  3.015419e-02 
 2.164688e+01  3.015420e-02 
 2.164721e+01  3.015421e-02 
 2.164753e+01  3.015422e-02 
 2.164785e+01  3.015423e-02 
 2.164817e+01  3.015424e-02 
 2.164849e+01  3.015425e-02 
 2.164881e+01  3.015426e-02 
 2.164913e+01  3.015427e-02 
 2.164946e+01  3.015429e-02 
 2.164978e+01  3.015430e-02 
 2.165010e+01  3.015431e-02 
 2.165042e+01  3.015432e-02 
 2.165074e+01  3.015433e-02 
 2.165106e+01  3.015434e-02 
 2.165139e+01  3.015435e-02 
 2.165171e+01  3.015436e-02 
 2.165203e+01  3.015437e-02 
 2.165235e+01  3.015438e-02 
 2.165267e+01  3.015440e-02 
 2.165299e+01  3.015441e-02 
 2.165332e+01  3.015442e-02 
 2.165364e+01  3.015443e-02 
 2.165396e+01  3.015444e-02 
 2.165428e+01  3.015445e-02 
 2.165460e+01  3.015446e-02 
 2.165492e+01  3.015447e-02 
 2.165524e+01  3.015449e-02 
 2.165557e+01  3.015450e-02 
 2.165589e+01  3.015451e-02 
 2.165621e+01  3.015452e-02 
 2.165653e+01  3.015453e-02 
 2.165685e+01  3.015454e-02 
 2.165717e+01  3.015456e-02 
 2.165750e+01  3.015457e-02 
 2.165782e+01  3.015458e-02 
 2.165814e+01  3.015459e-02 
 2.165846e+01  3.015460e-02 
 2.165878e+01  3.015461e-02 
 2.165910e+01  3.015463e-02 
 2.165942e+01  3.015464e-02 
 2.165975e+01  3.015465e-02 
 2.166007e+01  3.015466e-02 
 2.166039e+01  3.015467e-02 
 2.166071e+01  3.015469e-02 
 2.166103e+01  3.015470e-02 
 2.166135e+01  3.015471e-02 
 2.166168e+01  3.015472e-02 
 2.166200e+01  3.015473e-02 
 2.166232e+01  3.015474e-02 
 2.166264e+01  3.015476e-02 
 2.166296e+01  3.015477e-02 
 2.166328e+01  3.015478e-02 
 2.166360e+01  3.015479e-02 
 2.166393e+01  3.015481e-02 
 2.166425e+01  3.015482e-02 
 2.166457e+01  3.015483e-02 
 2.166489e+01  3.015484e-02 
 2.166521e+01  3.015485e-02 
 2.166553e+01  3.015487e-02 
 2.166586e+01  3.015488e-02 
 2.166618e+01  3.015489e-02 
 2.166650e+01  3.015490e-02 
 2.166682e+01  3.015491e-02 
 2.166714e+01  3.015493e-02 
 2.166746e+01  3.015494e-02 
 2.166779e+01  3.015495e-02 
 2.166811e+01  3.015496e-02 
 2.166843e+01  3.015498e-02 
 2.166875e+01  3.015499e-02 
 2.166907e+01  3.015500e-02 
 2.166939e+01  3.015501e-02 
 2.166971e+01  3.015502e-02 
 2.167004e+01  3.015504e-02 
 2.167036e+01  3.015505e-02 
 2.167068e+01  3.015506e-02 
 2.167100e+01  3.015507e-02 
 2.167132e+01  3.015508e-02 
 2.167164e+01  3.015510e-02 
 2.167197e+01  3.015511e-02 
 2.167229e+01  3.015512e-02 
 2.167261e+01  3.015513e-02 
 2.167293e+01  3.015514e-02 
 2.167325e+01  3.015516e-02 
 2.167357e+01  3.015517e-02 
 2.167389e+01  3.015518e-02 
 2.167422e+01  3.015519e-02 
 2.167454e+01  3.015520e-02 
 2.167486e+01  3.015522e-02 
 2.167518e+01  3.015523e-02 
 2.167550e+01  3.015524e-02 
 2.167582e+01  3.015525e-02 
 2.167615e+01  3.015526e-02 
 2.167647e+01  3.015527e-02 
 2.167679e+01  3.015529e-02 
 2.167711e+01  3.015530e-02 
 2.167743e+01  3.015531e-02 
 2.167775e+01  3.015532e-02 
 2.167807e+01  3.015533e-02 
 2.167840e+01  3.015534e-02 
 2.167872e+01  3.015536e-02 
 2.167904e+01  3.015537e-02 
 2.167936e+01  3.015538e-02 
 2.167968e+01  3.015539e-02 
 2.168000e+01  3.015540e-02 
 2.168033e+01  3.015541e-02 
 2.168065e+01  3.015542e-02 
 2.168097e+01  3.015543e-02 
 2.168129e+01  3.015544e-02 
 2.168161e+01  3.015545e-02 
 2.168193e+01  3.015547e-02 
 2.168226e+01  3.015548e-02 
 2.168258e+01  3.015549e-02 
 2.168290e+01  3.015550e-02 
 2.168322e+01  3.015551e-02 
 2.168354e+01  3.015552e-02 
 2.168386e+01  3.015553e-02 
 2.168418e+01  3.015554e-02 
 2.168451e+01  3.015555e-02 
 2.168483e+01  3.015556e-02 
 2.168515e+01  3.015557e-02 
 2.168547e+01  3.015558e-02 
 2.168579e+01  3.015559e-02 
 2.168611e+01  3.015560e-02 
 2.168644e+01  3.015561e-02 
 2.168676e+01  3.015562e-02 
 2.168708e+01  3.015563e-02 
 2.168740e+01  3.015564e-02 
 2.168772e+01  3.015565e-02 
 2.168804e+01  3.015566e-02 
 2.168836e+01  3.015566e-02 
 2.168869e+01  3.015567e-02 
 2.168901e+01  3.015568e-02 
 2.168933e+01  3.015569e-02 
 2.168965e+01  3.015570e-02 
 2.168997e+01  3.015571e-02 
 2.169029e+01  3.015572e-02 
 2.169062e+01  3.015573e-02 
 2.169094e+01  3.015573e-02 
 2.169126e+01  3.015574e-02 
 2.169158e+01  3.015575e-02 
 2.169190e+01  3.015576e-02 
 2.169222e+01  3.015577e-02 
 2.169254e+01  3.015578e-02 
 2.169287e+01  3.015578e-02 
 2.169319e+01  3.015579e-02 
 2.169351e+01  3.015580e-02 
 2.169383e+01  3.015581e-02 
 2.169415e+01  3.015581e-02 
 2.169447e+01  3.015582e-02 
 2.169480e+01  3.015583e-02 
 2.169512e+01  3.015584e-02 
 2.169544e+01  3.015584e-02 
 2.169576e+01  3.015585e-02 
 2.169608e+01  3.015586e-02 
 2.169640e+01  3.015586e-02 
 2.169673e+01  3.015587e-02 
 2.169705e+01  3.015588e-02 
 2.169737e+01  3.015588e-02 
 2.169769e+01  3.015589e-02 
 2.169801e+01  3.015590e-02 
 2.169833e+01  3.015590e-02 
 2.169865e+01  3.015591e-02 
 2.169898e+01  3.015592e-02 
 2.169930e+01  3.015592e-02 
 2.169962e+01  3.015593e-02 
 2.169994e+01  3.015593e-02 
 2.170026e+01  3.015594e-02 
 2.170058e+01  3.015595e-02 
 2.170091e+01  3.015595e-02 
 2.170123e+01  3.015596e-02 
 2.170155e+01  3.015596e-02 
 2.170187e+01  3.015597e-02 
 2.170219e+01  3.015597e-02 
 2.170251e+01  3.015598e-02 
 2.170283e+01  3.015598e-02 
 2.170316e+01  3.015599e-02 
 2.170348e+01  3.015599e-02 
 2.170380e+01  3.015600e-02 
 2.170412e+01  3.015600e-02 
 2.170444e+01  3.015601e-02 
 2.170476e+01  3.015601e-02 
 2.170509e+01  3.015602e-02 
 2.170541e+01  3.015602e-02 
 2.170573e+01  3.015603e-02 
 2.170605e+01  3.015603e-02 
 2.170637e+01  3.015603e-02 
 2.170669e+01  3.015604e-02 
 2.170701e+01  3.015604e-02 
 2.170734e+01  3.015605e-02 
 2.170766e+01  3.015605e-02 
 2.170798e+01  3.015605e-02 
 2.170830e+01  3.015606e-02 
 2.170862e+01  3.015606e-02 
 2.170894e+01  3.015606e-02 
 2.170927e+01  3.015607e-02 
 2.170959e+01  3.015607e-02 
 2.170991e+01  3.015607e-02 
 2.171023e+01  3.015608e-02 
 2.171055e+01  3.015608e-02 
 2.171087e+01  3.015608e-02 
 2.171120e+01  3.015609e-02 
 2.171152e+01  3.015609e-02 
 2.171184e+01  3.015609e-02 
 2.171216e+01  3.015609e-02 
 2.171248e+01  3.015610e-02 
 2.171280e+01  3.015610e-02 
 2.171312e+01  3.015610e-02 
 2.171345e+01  3.015610e-02 
 2.171377e+01  3.015611e-02 
 2.171409e+01  3.015611e-02 
 2.171441e+01  3.015611e-02 
 2.171473e+01  3.015611e-02 
 2.171505e+01  3.015611e-02 
 2.171538e+01  3.015611e-02 
 2.171570e+01  3.015612e-02 
 2.171602e+01  3.015612e-02 
 2.171634e+01  3.015612e-02 
 2.171666e+01  3.015612e-02 
 2.171698e+01  3.015612e-02 
 2.171730e+01  3.015612e-02 
 2.171763e+01  3.015612e-02 
 2.171795e+01  3.015613e-02 
 2.171827e+01  3.015613e-02 
 2.171859e+01  3.015613e-02 
 2.171891e+01  3.015613e-02 
 2.171923e+01  3.015613e-02 
 2.171956e+01  3.015613e-02 
 2.171988e+01  3.015613e-02 
 2.172020e+01  3.015613e-02 
 2.172052e+01  3.015613e-02 
 2.172084e+01  3.015613e-02 
 2.172116e+01  3.015613e-02 
 2.172148e+01  3.015613e-02 
 2.172181e+01  3.015613e-02 
 2.172213e+01  3.015613e-02 
 2.172245e+01  3.015613e-02 
 2.172277e+01  3.015613e-02 
 2.172309e+01  3.015613e-02 
 2.172341e+01  3.015613e-02 
 2.172374e+01  3.015613e-02 
 2.172406e+01  3.015613e-02 
 2.172438e+01  3.015613e-02 
 2.172470e+01  3.015613e-02 
 2.172502e+01  3.015613e-02 
 2.172534e+01  3.015613e-02 
 2.172567e+01  3.015613e-02 
 2.172599e+01  3.015613e-02 
 2.172631e+01  3.015612e-02 
 2.172663e+01  3.015612e-02 
 2.172695e+01  3.015612e-02 
 2.172727e+01  3.015612e-02 
 2.172759e+01  3.015612e-02 
 2.172792e+01  3.015612e-02 
 2.172824e+01  3.015612e-02 
 2.172856e+01  3.015612e-02 
 2.172888e+01  3.015611e-02 
 2.172920e+01  3.015611e-02 
 2.172952e+01  3.015611e-02 
 2.172985e+01  3.015611e-02 
 2.173017e+01  3.015611e-02 
 2.173049e+01  3.015610e-02 
 2.173081e+01  3.015610e-02 
 2.173113e+01  3.015610e-02 
 2.173145e+01  3.015610e-02 
 2.173177e+01  3.015610e-02 
 2.173210e+01  3.015609e-02 
 2.173242e+01  3.015609e-02 
 2.173274e+01  3.015609e-02 
 2.173306e+01  3.015609e-02 
 2.173338e+01  3.015608e-02 
 2.173370e+01  3.015608e-02 
 2.173403e+01  3.015608e-02 
 2.173435e+01  3.015607e-02 
 2.173467e+01  3.015607e-02 
 2.173499e+01  3.015607e-02 
 2.173531e+01  3.015606e-02 
 2.173563e+01  3.015606e-02 
 2.173595e+01  3.015606e-02 
 2.173628e+01  3.015606e-02 
 2.173660e+01  3.015605e-02 
 2.173692e+01  3.015605e-02 
 2.173724e+01  3.015604e-02 
 2.173756e+01  3.015604e-02 
 2.173788e+01  3.015604e-02 
 2.173821e+01  3.015603e-02 
 2.173853e+01  3.015603e-02 
 2.173885e+01  3.015603e-02 
 2.173917e+01  3.015602e-02 
 2.173949e+01  3.015602e-02 
 2.173981e+01  3.015602e-02 
 2.174014e+01  3.015601e-02 
 2.174046e+01  3.015601e-02 
 2.174078e+01  3.015600e-02 
 2.174110e+01  3.015600e-02 
 2.174142e+01  3.015599e-02 
 2.174174e+01  3.015599e-02 
 2.174206e+01  3.015599e-02 
 2.174239e+01  3.015598e-02 
 2.174271e+01  3.015598e-02 
 2.174303e+01  3.015597e-02 
 2.174335e+01  3.015597e-02 
 2.174367e+01  3.015596e-02 
 2.174399e+01  3.015596e-02 
 2.174432e+01  3.015596e-02 
 2.174464e+01  3.015595e-02 
 2.174496e+01  3.015595e-02 
 2.174528e+01  3.015594e-02 
 2.174560e+01  3.015594e-02 
 2.174592e+01  3.015593e-02 
 2.174624e+01  3.015593e-02 
 2.174657e+01  3.015592e-02 
 2.174689e+01  3.015592e-02 
 2.174721e+01  3.015591e-02 
 2.174753e+01  3.015591e-02 
 2.174785e+01  3.015590e-02 
 2.174817e+01  3.015590e-02 
 2.174850e+01  3.015589e-02 
 2.174882e+01  3.015589e-02 
 2.174914e+01  3.015588e-02 
 2.174946e+01  3.015588e-02 
 2.174978e+01  3.015587e-02 
 2.175010e+01  3.015587e-02 
 2.175042e+01  3.015586e-02 
 2.175075e+01  3.015586e-02 
 2.175107e+01  3.015585e-02 
 2.175139e+01  3.015585e-02 
 2.175171e+01  3.015584e-02 
 2.175203e+01  3.015584e-02 
 2.175235e+01  3.015583e-02 
 2.175268e+01  3.015583e-02 
 2.175300e+01  3.015582e-02 
 2.175332e+01  3.015582e-02 
 2.175364e+01  3.015581e-02 
 2.175396e+01  3.015581e-02 
 2.175428e+01  3.015580e-02 
 2.175461e+01  3.015579e-02 
 2.175493e+01  3.015579e-02 
 2.175525e+01  3.015578e-02 
 2.175557e+01  3.015578e-02 
 2.175589e+01  3.015577e-02 
 2.175621e+01  3.015577e-02 
 2.175653e+01  3.015576e-02 
 2.175686e+01  3.015576e-02 
 2.175718e+01  3.015575e-02 
 2.175750e+01  3.015574e-02 
 2.175782e+01  3.015574e-02 
 2.175814e+01  3.015573e-02 
 2.175846e+01  3.015573e-02 
 2.175879e+01  3.015572e-02 
 2.175911e+01  3.015572e-02 
 2.175943e+01  3.015571e-02 
 2.175975e+01  3.015570e-02 
 2.176007e+01  3.015570e-02 
 2.176039e+01  3.015569e-02 
 2.176071e+01  3.015569e-02 
 2.176104e+01  3.015568e-02 
 2.176136e+01  3.015567e-02 
 2.176168e+01  3.015567e-02 
 2.176200e+01  3.015566e-02 
 2.176232e+01  3.015565e-02 
 2.176264e+01  3.015565e-02 
 2.176297e+01  3.015564e-02 
 2.176329e+01  3.015564e-02 
 2.176361e+01  3.015563e-02 
 2.176393e+01  3.015562e-02 
 2.176425e+01  3.015562e-02 
 2.176457e+01  3.015561e-02 
 2.176490e+01  3.015560e-02 
 2.176522e+01  3.015560e-02 
 2.176554e+01  3.015559e-02 
 2.176586e+01  3.015558e-02 
 2.176618e+01  3.015558e-02 
 2.176650e+01  3.015557e-02 
 2.176682e+01  3.015556e-02 
 2.176715e+01  3.015556e-02 
 2.176747e+01  3.015555e-02 
 2.176779e+01  3.015554e-02 
 2.176811e+01  3.015554e-02 
 2.176843e+01  3.015553e-02 
 2.176875e+01  3.015552e-02 
 2.176908e+01  3.015552e-02 
 2.176940e+01  3.015551e-02 
 2.176972e+01  3.015550e-02 
 2.177004e+01  3.015549e-02 
 2.177036e+01  3.015549e-02 
 2.177068e+01  3.015548e-02 
 2.177100e+01  3.015547e-02 
 2.177133e+01  3.015547e-02 
 2.177165e+01  3.015546e-02 
 2.177197e+01  3.015545e-02 
 2.177229e+01  3.015544e-02 
 2.177261e+01  3.015544e-02 
 2.177293e+01  3.015543e-02 
 2.177326e+01  3.015542e-02 
 2.177358e+01  3.015541e-02 
 2.177390e+01  3.015540e-02 
 2.177422e+01  3.015540e-02 
 2.177454e+01  3.015539e-02 
 2.177486e+01  3.015538e-02 
 2.177518e+01  3.015537e-02 
 2.177551e+01  3.015537e-02 
 2.177583e+01  3.015536e-02 
 2.177615e+01  3.015535e-02 
 2.177647e+01  3.015534e-02 
 2.177679e+01  3.015533e-02 
 2.177711e+01  3.015532e-02 
 2.177744e+01  3.015532e-02 
 2.177776e+01  3.015531e-02 
 2.177808e+01  3.015530e-02 
 2.177840e+01  3.015529e-02 
 2.177872e+01  3.015528e-02 
 2.177904e+01  3.015527e-02 
 2.177937e+01  3.015527e-02 
 2.177969e+01  3.015526e-02 
 2.178001e+01  3.015525e-02 
 2.178033e+01  3.015524e-02 
 2.178065e+01  3.015523e-02 
 2.178097e+01  3.015522e-02 
 2.178129e+01  3.015521e-02 
 2.178162e+01  3.015520e-02 
 2.178194e+01  3.015520e-02 
 2.178226e+01  3.015519e-02 
 2.178258e+01  3.015518e-02 
 2.178290e+01  3.015517e-02 
 2.178322e+01  3.015516e-02 
 2.178355e+01  3.015515e-02 
 2.178387e+01  3.015514e-02 
 2.178419e+01  3.015513e-02 
 2.178451e+01  3.015512e-02 
 2.178483e+01  3.015511e-02 
 2.178515e+01  3.015510e-02 
 2.178547e+01  3.015509e-02 
 2.178580e+01  3.015508e-02 
 2.178612e+01  3.015507e-02 
 2.178644e+01  3.015506e-02 
 2.178676e+01  3.015505e-02 
 2.178708e+01  3.015504e-02 
 2.178740e+01  3.015504e-02 
 2.178773e+01  3.015503e-02 
 2.178805e+01  3.015502e-02 
 2.178837e+01  3.015501e-02 
 2.178869e+01  3.015500e-02 
 2.178901e+01  3.015499e-02 
 2.178933e+01  3.015498e-02 
 2.178965e+01  3.015497e-02 
 2.178998e+01  3.015495e-02 
 2.179030e+01  3.015494e-02 
 2.179062e+01  3.015493e-02 
 2.179094e+01  3.015492e-02 
 2.179126e+01  3.015491e-02 
 2.179158e+01  3.015490e-02 
 2.179191e+01  3.015489e-02 
 2.179223e+01  3.015488e-02 
 2.179255e+01  3.015487e-02 
 2.179287e+01  3.015486e-02 
 2.179319e+01  3.015485e-02 
 2.179351e+01  3.015484e-02 
 2.179384e+01  3.015483e-02 
 2.179416e+01  3.015482e-02 
 2.179448e+01  3.015481e-02 
 2.179480e+01  3.015480e-02 
 2.179512e+01  3.015479e-02 
 2.179544e+01  3.015477e-02 
 2.179576e+01  3.015476e-02 
 2.179609e+01  3.015475e-02 
 2.179641e+01  3.015474e-02 
 2.179673e+01  3.015473e-02 
 2.179705e+01  3.015472e-02 
 2.179737e+01  3.015471e-02 
 2.179769e+01  3.015470e-02 
 2.179802e+01  3.015468e-02 
 2.179834e+01  3.015467e-02 
 2.179866e+01  3.015466e-02 
 2.179898e+01  3.015465e-02 
 2.179930e+01  3.015464e-02 
 2.179962e+01  3.015463e-02 
 2.179994e+01  3.015461e-02 
 2.180027e+01  3.015460e-02 
 2.180059e+01  3.015459e-02 
 2.180091e+01  3.015458e-02 
 2.180123e+01  3.015457e-02 
 2.180155e+01  3.015455e-02 
 2.180187e+01  3.015454e-02 
 2.180220e+01  3.015453e-02 
 2.180252e+01  3.015452e-02 
 2.180284e+01  3.015450e-02 
 2.180316e+01  3.015449e-02 
 2.180348e+01  3.015448e-02 
 2.180380e+01  3.015447e-02 
 2.180412e+01  3.015445e-02 
 2.180445e+01  3.015444e-02 
 2.180477e+01  3.015443e-02 
 2.180509e+01  3.015441e-02 
 2.180541e+01  3.015440e-02 
 2.180573e+01  3.015439e-02 
 2.180605e+01  3.015438e-02 
 2.180638e+01  3.015436e-02 
 2.180670e+01  3.015435e-02 
 2.180702e+01  3.015434e-02 
 2.180734e+01  3.015432e-02 
 2.180766e+01  3.015431e-02 
 2.180798e+01  3.015429e-02 
 2.180831e+01  3.015428e-02 
 2.180863e+01  3.015427e-02 
 2.180895e+01  3.015425e-02 
 2.180927e+01  3.015424e-02 
 2.180959e+01  3.015422e-02 
 2.180991e+01  3.015421e-02 
 2.181023e+01  3.015420e-02 
 2.181056e+01  3.015418e-02 
 2.181088e+01  3.015417e-02 
 2.181120e+01  3.015415e-02 
 2.181152e+01  3.015414e-02 
 2.181184e+01  3.015412e-02 
 2.181216e+01  3.015411e-02 
 2.181249e+01  3.015409e-02 
 2.181281e+01  3.015408e-02 
 2.181313e+01  3.015406e-02 
 2.181345e+01  3.015405e-02 
 2.181377e+01  3.015403e-02 
 2.181409e+01  3.015402e-02 
 2.181441e+01  3.015400e-02 
 2.181474e+01  3.015398e-02 
 2.181506e+01  3.015397e-02 
 2.181538e+01  3.015395e-02 
 2.181570e+01  3.015394e-02 
 2.181602e+01  3.015392e-02 
 2.181634e+01  3.015390e-02 
 2.181667e+01  3.015389e-02 
 2.181699e+01  3.015387e-02 
 2.181731e+01  3.015386e-02 
 2.181763e+01  3.015384e-02 
 2.181795e+01  3.015382e-02 
 2.181827e+01  3.015381e-02 
 2.181859e+01  3.015379e-02 
 2.181892e+01  3.015377e-02 
 2.181924e+01  3.015375e-02 
 2.181956e+01  3.015374e-02 
 2.181988e+01  3.015372e-02 
 2.182020e+01  3.015370e-02 
 2.182052e+01  3.015369e-02 
 2.182085e+01  3.015367e-02 
 2.182117e+01  3.015365e-02 
 2.182149e+01  3.015363e-02 
 2.182181e+01  3.015361e-02 
 2.182213e+01  3.015360e-02 
 2.182245e+01  3.015358e-02 
 2.182278e+01  3.015356e-02 
 2.182310e+01  3.015354e-02 
 2.182342e+01  3.015352e-02 
 2.182374e+01  3.015351e-02 
 2.182406e+01  3.015349e-02 
 2.182438e+01  3.015347e-02 
 2.182470e+01  3.015345e-02 
 2.182503e+01  3.015343e-02 
 2.182535e+01  3.015341e-02 
 2.182567e+01  3.015339e-02 
 2.182599e+01  3.015337e-02 
 2.182631e+01  3.015336e-02 
 2.182663e+01  3.015334e-02 
 2.182696e+01  3.015332e-02 
 2.182728e+01  3.015330e-02 
 2.182760e+01  3.015328e-02 
 2.182792e+01  3.015326e-02 
 2.182824e+01  3.015324e-02 
 2.182856e+01  3.015322e-02 
 2.182888e+01  3.015320e-02 
 2.182921e+01  3.015318e-02 
 2.182953e+01  3.015316e-02 
 2.182985e+01  3.015314e-02 
 2.183017e+01  3.015312e-02 
 2.183049e+01  3.015310e-02 
 2.183081e+01  3.015308e-02 
 2.183114e+01  3.015306e-02 
 2.183146e+01  3.015304e-02 
 2.183178e+01  3.015302e-02 
 2.183210e+01  3.015300e-02 
 2.183242e+01  3.015298e-02 
 2.183274e+01  3.015296e-02 
 2.183306e+01  3.015294e-02 
 2.183339e+01  3.015292e-02 
 2.183371e+01  3.015290e-02 
 2.183403e+01  3.015287e-02 
 2.183435e+01  3.015285e-02 
 2.183467e+01  3.015283e-02 
 2.183499e+01  3.015281e-02 
 2.183532e+01  3.015279e-02 
 2.183564e+01  3.015277e-02 
 2.183596e+01  3.015275e-02 
 2.183628e+01  3.015273e-02 
 2.183660e+01  3.015271e-02 
 2.183692e+01  3.015268e-02 
 2.183725e+01  3.015266e-02 
 2.183757e+01  3.015264e-02 
 2.183789e+01  3.015262e-02 
 2.183821e+01  3.015260e-02 
 2.183853e+01  3.015258e-02 
 2.183885e+01  3.015256e-02 
 2.183917e+01  3.015253e-02 
 2.183950e+01  3.015251e-02 
 2.183982e+01  3.015249e-02 
 2.184014e+01  3.015247e-02 
 2.184046e+01  3.015245e-02 
 2.184078e+01  3.015242e-02 
 2.184110e+01  3.015240e-02 
 2.184143e+01  3.015238e-02 
 2.184175e+01  3.015236e-02 
 2.184207e+01  3.015234e-02 
 2.184239e+01  3.015231e-02 
 2.184271e+01  3.015229e-02 
 2.184303e+01  3.015227e-02 
 2.184335e+01  3.015225e-02 
 2.184368e+01  3.015223e-02 
 2.184400e+01  3.015220e-02 
 2.184432e+01  3.015218e-02 
 2.184464e+01  3.015216e-02 
 2.184496e+01  3.015214e-02 
 2.184528e+01  3.015211e-02 
 2.184561e+01  3.015209e-02 
 2.184593e+01  3.015207e-02 
 2.184625e+01  3.015204e-02 
 2.184657e+01  3.015202e-02 
 2.184689e+01  3.015200e-02 
 2.184721e+01  3.015198e-02 
 2.184753e+01  3.015195e-02 
 2.184786e+01  3.015193e-02 
 2.184818e+01  3.015191e-02 
 2.184850e+01  3.015188e-02 
 2.184882e+01  3.015186e-02 
 2.184914e+01  3.015184e-02 
 2.184946e+01  3.015182e-02 
 2.184979e+01  3.015179e-02 
 2.185011e+01  3.015177e-02 
 2.185043e+01  3.015175e-02 
 2.185075e+01  3.015172e-02 
 2.185107e+01  3.015170e-02 
 2.185139e+01  3.015168e-02 
 2.185172e+01  3.015165e-02 
 2.185204e+01  3.015163e-02 
 2.185236e+01  3.015161e-02 
 2.185268e+01  3.015158e-02 
 2.185300e+01  3.015156e-02 
 2.185332e+01  3.015153e-02 
 2.185364e+01  3.015151e-02 
 2.185397e+01  3.015149e-02 
 2.185429e+01  3.015146e-02 
 2.185461e+01  3.015144e-02 
 2.185493e+01  3.015142e-02 
 2.185525e+01  3.015139e-02 
 2.185557e+01  3.015137e-02 
 2.185590e+01  3.015134e-02 
 2.185622e+01  3.015132e-02 
 2.185654e+01  3.015130e-02 
 2.185686e+01  3.015127e-02 
 2.185718e+01  3.015125e-02 
 2.185750e+01  3.015122e-02 
 2.185782e+01  3.015120e-02 
 2.185815e+01  3.015117e-02 
 2.185847e+01  3.015115e-02 
 2.185879e+01  3.015112e-02 
 2.185911e+01  3.015110e-02 
 2.185943e+01  3.015108e-02 
 2.185975e+01  3.015105e-02 
 2.186008e+01  3.015103e-02 
 2.186040e+01  3.015100e-02 
 2.186072e+01  3.015098e-02 
 2.186104e+01  3.015095e-02 
 2.186136e+01  3.015093e-02 
 2.186168e+01  3.015090e-02 
 2.186201e+01  3.015088e-02 
 2.186233e+01  3.015085e-02 
 2.186265e+01  3.015083e-02 
 2.186297e+01  3.015080e-02 
 2.186329e+01  3.015078e-02 
 2.186361e+01  3.015075e-02 
 2.186393e+01  3.015072e-02 
 2.186426e+01  3.015070e-02 
 2.186458e+01  3.015067e-02 
 2.186490e+01  3.015065e-02 
 2.186522e+01  3.015062e-02 
 2.186554e+01  3.015060e-02 
 2.186586e+01  3.015057e-02 
 2.186619e+01  3.015054e-02 
 2.186651e+01  3.015052e-02 
 2.186683e+01  3.015049e-02 
 2.186715e+01  3.015047e-02 
 2.186747e+01  3.015044e-02 
 2.186779e+01  3.015041e-02 
 2.186811e+01  3.015039e-02 
 2.186844e+01  3.015036e-02 
 2.186876e+01  3.015033e-02 
 2.186908e+01  3.015031e-02 
 2.186940e+01  3.015028e-02 
 2.186972e+01  3.015025e-02 
 2.187004e+01  3.015023e-02 
 2.187037e+01  3.015020e-02 
 2.187069e+01  3.015017e-02 
 2.187101e+01  3.015015e-02 
 2.187133e+01  3.015012e-02 
 2.187165e+01  3.015009e-02 
 2.187197e+01  3.015007e-02 
 2.187229e+01  3.015004e-02 
 2.187262e+01  3.015001e-02 
 2.187294e+01  3.014998e-02 
 2.187326e+01  3.014996e-02 
 2.187358e+01  3.014993e-02 
 2.187390e+01  3.014990e-02 
 2.187422e+01  3.014987e-02 
 2.187455e+01  3.014985e-02 
 2.187487e+01  3.014982e-02 
 2.187519e+01  3.014979e-02 
 2.187551e+01  3.014976e-02 
 2.187583e+01  3.014974e-02 
 2.187615e+01  3.014971e-02 
 2.187648e+01  3.014968e-02 
 2.187680e+01  3.014965e-02 
 2.187712e+01  3.014962e-02 
 2.187744e+01  3.014959e-02 
 2.187776e+01  3.014957e-02 
 2.187808e+01  3.014954e-02 
 2.187840e+01  3.014951e-02 
 2.187873e+01  3.014948e-02 
 2.187905e+01  3.014945e-02 
 2.187937e+01  3.014942e-02 
 2.187969e+01  3.014939e-02 
 2.188001e+01  3.014937e-02 
 2.188033e+01  3.014934e-02 
 2.188066e+01  3.014931e-02 
 2.188098e+01  3.014928e-02 
 2.188130e+01  3.014925e-02 
 2.188162e+01  3.014922e-02 
 2.188194e+01  3.014919e-02 
 2.188226e+01  3.014916e-02 
 2.188258e+01  3.014913e-02 
 2.188291e+01  3.014910e-02 
 2.188323e+01  3.014907e-02 
 2.188355e+01  3.014905e-02 
 2.188387e+01  3.014902e-02 
 2.188419e+01  3.014899e-02 
 2.188451e+01  3.014896e-02 
 2.188484e+01  3.014893e-02 
 2.188516e+01  3.014890e-02 
 2.188548e+01  3.014887e-02 
 2.188580e+01  3.014884e-02 
 2.188612e+01  3.014881e-02 
 2.188644e+01  3.014878e-02 
 2.188676e+01  3.014875e-02 
 2.188709e+01  3.014872e-02 
 2.188741e+01  3.014869e-02 
 2.188773e+01  3.014866e-02 
 2.188805e+01  3.014863e-02 
 2.188837e+01  3.014860e-02 
 2.188869e+01  3.014857e-02 
 2.188902e+01  3.014854e-02 
 2.188934e+01  3.014851e-02 
 2.188966e+01  3.014848e-02 
 2.188998e+01  3.014845e-02 
 2.189030e+01  3.014842e-02 
 2.189062e+01  3.014839e-02 
 2.189095e+01  3.014836e-02 
 2.189127e+01  3.014833e-02 
 2.189159e+01  3.014829e-02 
 2.189191e+01  3.014826e-02 
 2.189223e+01  3.014823e-02 
 2.189255e+01  3.014820e-02 
 2.189287e+01  3.014817e-02 
 2.189320e+01  3.014814e-02 
 2.189352e+01  3.014811e-02 
 2.189384e+01  3.014808e-02 
 2.189416e+01  3.014805e-02 
 2.189448e+01  3.014802e-02 
 2.189480e+01  3.014799e-02 
 2.189513e+01  3.014796e-02 
 2.189545e+01  3.014793e-02 
 2.189577e+01  3.014790e-02 
 2.189609e+01  3.014787e-02 
 2.189641e+01  3.014783e-02 
 2.189673e+01  3.014780e-02 
 2.189705e+01  3.014777e-02 
 2.189738e+01  3.014774e-02 
 2.189770e+01  3.014771e-02 
 2.189802e+01  3.014768e-02 
 2.189834e+01  3.014765e-02 
 2.189866e+01  3.014762e-02 
 2.189898e+01  3.014759e-02 
 2.189931e+01  3.014756e-02 
 2.189963e+01  3.014752e-02 
 2.189995e+01  3.014749e-02 
 2.190027e+01  3.014746e-02 
 2.190059e+01  3.014743e-02 
 2.190091e+01  3.014740e-02 
 2.190123e+01  3.014737e-02 
 2.190156e+01  3.014734e-02 
 2.190188e+01  3.014731e-02 
 2.190220e+01  3.014727e-02 
 2.190252e+01  3.014724e-02 
 2.190284e+01  3.014721e-02 
 2.190316e+01  3.014718e-02 
 2.190349e+01  3.014715e-02 
 2.190381e+01  3.014712e-02 
 2.190413e+01  3.014709e-02 
 2.190445e+01  3.014706e-02 
 2.190477e+01  3.014702e-02 
 2.190509e+01  3.014699e-02 
 2.190542e+01  3.014696e-02 
 2.190574e+01  3.014693e-02 
 2.190606e+01  3.014690e-02 
 2.190638e+01  3.014687e-02 
 2.190670e+01  3.014684e-02 
 2.190702e+01  3.014680e-02 
 2.190734e+01  3.014677e-02 
 2.190767e+01  3.014674e-02 
 2.190799e+01  3.014671e-02 
 2.190831e+01  3.014668e-02 
 2.190863e+01  3.014665e-02 
 2.190895e+01  3.014661e-02 
 2.190927e+01  3.014658e-02 
 2.190960e+01  3.014655e-02 
 2.190992e+01  3.014652e-02 
 2.191024e+01  3.014649e-02 
 2.191056e+01  3.014646e-02 
 2.191088e+01  3.014642e-02 
 2.191120e+01  3.014639e-02 
 2.191152e+01  3.014636e-02 
 2.191185e+01  3.014633e-02 
 2.191217e+01  3.014630e-02 
 2.191249e+01  3.014627e-02 
 2.191281e+01  3.014623e-02 
 2.191313e+01  3.014620e-02 
 2.191345e+01  3.014617e-02 
 2.191378e+01  3.014614e-02 
 2.191410e+01  3.014611e-02 
 2.191442e+01  3.014608e-02 
 2.191474e+01  3.014604e-02 
 2.191506e+01  3.014601e-02 
 2.191538e+01  3.014598e-02 
 2.191570e+01  3.014595e-02 
 2.191603e+01  3.014592e-02 
 2.191635e+01  3.014588e-02 
 2.191667e+01  3.014585e-02 
 2.191699e+01  3.014582e-02 
 2.191731e+01  3.014579e-02 
 2.191763e+01  3.014576e-02 
 2.191796e+01  3.014573e-02 
 2.191828e+01  3.014569e-02 
 2.191860e+01  3.014566e-02 
 2.191892e+01  3.014563e-02 
 2.191924e+01  3.014560e-02 
 2.191956e+01  3.014557e-02 
 2.191989e+01  3.014554e-02 
 2.192021e+01  3.014550e-02 
 2.192053e+01  3.014547e-02 
 2.192085e+01  3.014544e-02 
 2.192117e+01  3.014541e-02 
 2.192149e+01  3.014538e-02 
 2.192181e+01  3.014535e-02 
 2.192214e+01  3.014531e-02 
 2.192246e+01  3.014528e-02 
 2.192278e+01  3.014525e-02 
 2.192310e+01  3.014522e-02 
 2.192342e+01  3.014519e-02 
 2.192374e+01  3.014516e-02 
 2.192407e+01  3.014513e-02 
 2.192439e+01  3.014509e-02 
 2.192471e+01  3.014506e-02 
 2.192503e+01  3.014503e-02 
 2.192535e+01  3.014500e-02 
 2.192567e+01  3.014497e-02 
 2.192599e+01  3.014494e-02 
 2.192632e+01  3.014491e-02 
 2.192664e+01  3.014487e-02 
 2.192696e+01  3.014484e-02 
 2.192728e+01  3.014481e-02 
 2.192760e+01  3.014478e-02 
 2.192792e+01  3.014475e-02 
 2.192825e+01  3.014472e-02 
 2.192857e+01  3.014469e-02 
 2.192889e+01  3.014466e-02 
 2.192921e+01  3.014462e-02 
 2.192953e+01  3.014459e-02 
 2.192985e+01  3.014456e-02 
 2.193017e+01  3.014453e-02 
 2.193050e+01  3.014450e-02 
 2.193082e+01  3.014447e-02 
 2.193114e+01  3.014444e-02 
 2.193146e+01  3.014441e-02 
 2.193178e+01  3.014438e-02 
 2.193210e+01  3.014435e-02 
 2.193243e+01  3.014431e-02 
 2.193275e+01  3.014428e-02 
 2.193307e+01  3.014425e-02 
 2.193339e+01  3.014422e-02 
 2.193371e+01  3.014419e-02 
 2.193403e+01  3.014416e-02 
 2.193436e+01  3.014413e-02 
 2.193468e+01  3.014410e-02 
 2.193500e+01  3.014407e-02 
 2.193532e+01  3.014404e-02 
 2.193564e+01  3.014401e-02 
 2.193596e+01  3.014398e-02 
 2.193628e+01  3.014395e-02 
 2.193661e+01  3.014391e-02 
 2.193693e+01  3.014388e-02 
 2.193725e+01  3.014385e-02 
 2.193757e+01  3.014382e-02 
 2.193789e+01  3.014379e-02 
 2.193821e+01  3.014376e-02 
 2.193854e+01  3.014373e-02 
 2.193886e+01  3.014370e-02 
 2.193918e+01  3.014367e-02 
 2.193950e+01  3.014364e-02 
 2.193982e+01  3.014361e-02 
 2.194014e+01  3.014358e-02 
 2.194046e+01  3.014355e-02 
 2.194079e+01  3.014352e-02 
 2.194111e+01  3.014349e-02 
 2.194143e+01  3.014346e-02 
 2.194175e+01  3.014343e-02 
 2.194207e+01  3.014340e-02 
 2.194239e+01  3.014337e-02 
 2.194272e+01  3.014334e-02 
 2.194304e+01  3.014331e-02 
 2.194336e+01  3.014328e-02 
 2.194368e+01  3.014325e-02 
 2.194400e+01  3.014322e-02 
 2.194432e+01  3.014318e-02 
 2.194464e+01  3.014315e-02 
 2.194497e+01  3.014312e-02 
 2.194529e+01  3.014309e-02 
 2.194561e+01  3.014306e-02 
 2.194593e+01  3.014303e-02 
 2.194625e+01  3.014300e-02 
 2.194657e+01  3.014297e-02 
 2.194690e+01  3.014294e-02 
 2.194722e+01  3.014291e-02 
 2.194754e+01  3.014288e-02 
 2.194786e+01  3.014285e-02 
 2.194818e+01  3.014282e-02 
 2.194850e+01  3.014279e-02 
 2.194883e+01  3.014276e-02 
 2.194915e+01  3.014273e-02 
 2.194947e+01  3.014270e-02 
 2.194979e+01  3.014267e-02 
 2.195011e+01  3.014264e-02 
 2.195043e+01  3.014261e-02 
 2.195075e+01  3.014258e-02 
 2.195108e+01  3.014255e-02 
 2.195140e+01  3.014252e-02 
 2.195172e+01  3.014249e-02 
 2.195204e+01  3.014246e-02 
 2.195236e+01  3.014244e-02 
 2.195268e+01  3.014241e-02 
 2.195301e+01  3.014238e-02 
 2.195333e+01  3.014235e-02 
 2.195365e+01  3.014232e-02 
 2.195397e+01  3.014229e-02 
 2.195429e+01  3.014226e-02 
 2.195461e+01  3.014223e-02 
 2.195493e+01  3.014220e-02 
 2.195526e+01  3.014217e-02 
 2.195558e+01  3.014214e-02 
 2.195590e+01  3.014211e-02 
 2.195622e+01  3.014208e-02 
 2.195654e+01  3.014205e-02 
 2.195686e+01  3.014202e-02 
 2.195719e+01  3.014199e-02 
 2.195751e+01  3.014197e-02 
 2.195783e+01  3.014194e-02 
 2.195815e+01  3.014191e-02 
 2.195847e+01  3.014188e-02 
 2.195879e+01  3.014185e-02 
 2.195911e+01  3.014182e-02 
 2.195944e+01  3.014179e-02 
 2.195976e+01  3.014176e-02 
 2.196008e+01  3.014173e-02 
 2.196040e+01  3.014171e-02 
 2.196072e+01  3.014168e-02 
 2.196104e+01  3.014165e-02 
 2.196137e+01  3.014162e-02 
 2.196169e+01  3.014159e-02 
 2.196201e+01  3.014156e-02 
 2.196233e+01  3.014154e-02 
 2.196265e+01  3.014151e-02 
 2.196297e+01  3.014148e-02 
 2.196330e+01  3.014145e-02 
 2.196362e+01  3.014143e-02 
 2.196394e+01  3.014140e-02 
 2.196426e+01  3.014137e-02 
 2.196458e+01  3.014134e-02 
 2.196490e+01  3.014131e-02 
 2.196522e+01  3.014129e-02 
 2.196555e+01  3.014126e-02 
 2.196587e+01  3.014123e-02 
 2.196619e+01  3.014121e-02 
 2.196651e+01  3.014118e-02 
 2.196683e+01  3.014115e-02 
 2.196715e+01  3.014112e-02 
 2.196748e+01  3.014110e-02 
 2.196780e+01  3.014107e-02 
 2.196812e+01  3.014104e-02 
 2.196844e+01  3.014102e-02 
 2.196876e+01  3.014099e-02 
 2.196908e+01  3.014097e-02 
 2.196940e+01  3.014094e-02 
 2.196973e+01  3.014091e-02 
 2.197005e+01  3.014089e-02 
 2.197037e+01  3.014086e-02 
 2.197069e+01  3.014084e-02 
 2.197101e+01  3.014081e-02 
 2.197133e+01  3.014078e-02 
 2.197166e+01  3.014076e-02 
 2.197198e+01  3.014073e-02 
 2.197230e+01  3.014071e-02 
 2.197262e+01  3.014068e-02 
 2.197294e+01  3.014066e-02 
 2.197326e+01  3.014063e-02 
 2.197358e+01  3.014061e-02 
 2.197391e+01  3.014058e-02 
 2.197423e+01  3.014056e-02 
 2.197455e+01  3.014053e-02 
 2.197487e+01  3.014051e-02 
 2.197519e+01  3.014048e-02 
 2.197551e+01  3.014046e-02 
 2.197584e+01  3.014044e-02 
 2.197616e+01  3.014041e-02 
 2.197648e+01  3.014039e-02 
 2.197680e+01  3.014036e-02 
 2.197712e+01  3.014034e-02 
 2.197744e+01  3.014032e-02 
 2.197777e+01  3.014029e-02 
 2.197809e+01  3.014027e-02 
 2.197841e+01  3.014025e-02 
 2.197873e+01  3.014022e-02 
 2.197905e+01  3.014020e-02 
 2.197937e+01  3.014018e-02 
 2.197969e+01  3.014015e-02 
 2.198002e+01  3.014013e-02 
 2.198034e+01  3.014011e-02 
 2.198066e+01  3.014009e-02 
 2.198098e+01  3.014006e-02 
 2.198130e+01  3.014004e-02 
 2.198162e+01  3.014002e-02 
 2.198195e+01  3.014000e-02 
 2.198227e+01  3.013997e-02 
 2.198259e+01  3.013995e-02 
 2.198291e+01  3.013993e-02 
 2.198323e+01  3.013991e-02 
 2.198355e+01  3.013989e-02 
 2.198387e+01  3.013987e-02 
 2.198420e+01  3.013984e-02 
 2.198452e+01  3.013982e-02 
 2.198484e+01  3.013980e-02 
 2.198516e+01  3.013978e-02 
 2.198548e+01  3.013976e-02 
 2.198580e+01  3.013974e-02 
 2.198613e+01  3.013972e-02 
 2.198645e+01  3.013970e-02 
 2.198677e+01  3.013968e-02 
 2.198709e+01  3.013965e-02 
 2.198741e+01  3.013963e-02 
 2.198773e+01  3.013961e-02 
 2.198806e+01  3.013959e-02 
 2.198838e+01  3.013957e-02 
 2.198870e+01  3.013955e-02 
 2.198902e+01  3.013953e-02 
 2.198934e+01  3.013951e-02 
 2.198966e+01  3.013949e-02 
 2.198998e+01  3.013947e-02 
 2.199031e+01  3.013945e-02 
 2.199063e+01  3.013944e-02 
 2.199095e+01  3.013942e-02 
 2.199127e+01  3.013940e-02 
 2.199159e+01  3.013938e-02 
 2.199191e+01  3.013936e-02 
 2.199224e+01  3.013934e-02 
 2.199256e+01  3.013932e-02 
 2.199288e+01  3.013930e-02 
 2.199320e+01  3.013928e-02 
 2.199352e+01  3.013926e-02 
 2.199384e+01  3.013925e-02 
 2.199416e+01  3.013923e-02 
 2.199449e+01  3.013921e-02 
 2.199481e+01  3.013919e-02 
 2.199513e+01  3.013917e-02 
 2.199545e+01  3.013916e-02 
 2.199577e+01  3.013914e-02 
 2.199609e+01  3.013912e-02 
 2.199642e+01  3.013910e-02 
 2.199674e+01  3.013908e-02 
 2.199706e+01  3.013907e-02 
 2.199738e+01  3.013905e-02 
 2.199770e+01  3.013903e-02 
 2.199802e+01  3.013901e-02 
 2.199834e+01  3.013900e-02 
 2.199867e+01  3.013898e-02 
 2.199899e+01  3.013896e-02 
 2.199931e+01  3.013895e-02 
 2.199963e+01  3.013893e-02 
 2.199995e+01  3.013891e-02 
 2.200027e+01  3.013890e-02 
 2.200060e+01  3.013888e-02 
 2.200092e+01  3.013886e-02 
 2.200124e+01  3.013885e-02 
 2.200156e+01  3.013883e-02 
 2.200188e+01  3.013882e-02 
 2.200220e+01  3.013880e-02 
 2.200253e+01  3.013878e-02 
 2.200285e+01  3.013877e-02 
 2.200317e+01  3.013875e-02 
 2.200349e+01  3.013874e-02 
 2.200381e+01  3.013872e-02 
 2.200413e+01  3.013870e-02 
 2.200445e+01  3.013869e-02 
 2.200478e+01  3.013867e-02 
 2.200510e+01  3.013866e-02 
 2.200542e+01  3.013864e-02 
 2.200574e+01  3.013863e-02 
 2.200606e+01  3.013861e-02 
 2.200638e+01  3.013860e-02 
 2.200671e+01  3.013858e-02 
 2.200703e+01  3.013857e-02 
 2.200735e+01  3.013855e-02 
 2.200767e+01  3.013854e-02 
 2.200799e+01  3.013852e-02 
 2.200831e+01  3.013851e-02 
 2.200863e+01  3.013850e-02 
 2.200896e+01  3.013848e-02 
 2.200928e+01  3.013847e-02 
 2.200960e+01  3.013845e-02 
 2.200992e+01  3.013844e-02 
 2.201024e+01  3.013842e-02 
 2.201056e+01  3.013841e-02 
 2.201089e+01  3.013840e-02 
 2.201121e+01  3.013838e-02 
 2.201153e+01  3.013837e-02 
 2.201185e+01  3.013835e-02 
 2.201217e+01  3.013834e-02 
 2.201249e+01  3.013833e-02 
 2.201281e+01  3.013831e-02 
 2.201314e+01  3.013830e-02 
 2.201346e+01  3.013829e-02 
 2.201378e+01  3.013827e-02 
 2.201410e+01  3.013826e-02 
 2.201442e+01  3.013825e-02 
 2.201474e+01  3.013823e-02 
 2.201507e+01  3.013822e-02 
 2.201539e+01  3.013821e-02 
 2.201571e+01  3.013819e-02 
 2.201603e+01  3.013818e-02 
 2.201635e+01  3.013817e-02 
 2.201667e+01  3.013815e-02 
 2.201700e+01  3.013814e-02 
 2.201732e+01  3.013813e-02 
 2.201764e+01  3.013811e-02 
 2.201796e+01  3.013810e-02 
 2.201828e+01  3.013809e-02 
 2.201860e+01  3.013807e-02 
 2.201892e+01  3.013806e-02 
 2.201925e+01  3.013805e-02 
 2.201957e+01  3.013803e-02 
 2.201989e+01  3.013802e-02 
 2.202021e+01  3.013801e-02 
 2.202053e+01  3.013800e-02 
 2.202085e+01  3.013798e-02 
 2.202118e+01  3.013797e-02 
 2.202150e+01  3.013796e-02 
 2.202182e+01  3.013795e-02 
 2.202214e+01  3.013793e-02 
 2.202246e+01  3.013792e-02 
 2.202278e+01  3.013791e-02 
 2.202310e+01  3.013789e-02 
 2.202343e+01  3.013788e-02 
 2.202375e+01  3.013787e-02 
 2.202407e+01  3.013786e-02 
 2.202439e+01  3.013784e-02 
 2.202471e+01  3.013783e-02 
 2.202503e+01  3.013782e-02 
 2.202536e+01  3.013781e-02 
 2.202568e+01  3.013779e-02 
 2.202600e+01  3.013778e-02 
 2.202632e+01  3.013777e-02 
 2.202664e+01  3.013776e-02 
 2.202696e+01  3.013774e-02 
 2.202728e+01  3.013773e-02 
 2.202761e+01  3.013772e-02 
 2.202793e+01  3.013771e-02 
 2.202825e+01  3.013770e-02 
 2.202857e+01  3.013768e-02 
 2.202889e+01  3.013767e-02 
 2.202921e+01  3.013766e-02 
 2.202954e+01  3.013765e-02 
 2.202986e+01  3.013763e-02 
 2.203018e+01  3.013762e-02 
 2.203050e+01  3.013761e-02 
 2.203082e+01  3.013760e-02 
 2.203114e+01  3.013759e-02 
 2.203147e+01  3.013757e-02 
 2.203179e+01  3.013756e-02 
 2.203211e+01  3.013755e-02 
 2.203243e+01  3.013754e-02 
 2.203275e+01  3.013752e-02 
 2.203307e+01  3.013751e-02 
 2.203339e+01  3.013750e-02 
 2.203372e+01  3.013749e-02 
 2.203404e+01  3.013748e-02 
 2.203436e+01  3.013746e-02 
 2.203468e+01  3.013745e-02 
 2.203500e+01  3.013744e-02 
 2.203532e+01  3.013743e-02 
 2.203565e+01  3.013742e-02 
 2.203597e+01  3.013740e-02 
 2.203629e+01  3.013739e-02 
 2.203661e+01  3.013738e-02 
 2.203693e+01  3.013737e-02 
 2.203725e+01  3.013736e-02 
 2.203757e+01  3.013735e-02 
 2.203790e+01  3.013733e-02 
 2.203822e+01  3.013732e-02 
 2.203854e+01  3.013731e-02 
 2.203886e+01  3.013730e-02 
 2.203918e+01  3.013729e-02 
 2.203950e+01  3.013727e-02 
 2.203983e+01  3.013726e-02 
 2.204015e+01  3.013725e-02 
 2.204047e+01  3.013724e-02 
 2.204079e+01  3.013723e-02 
 2.204111e+01  3.013722e-02 
 2.204143e+01  3.013720e-02 
 2.204175e+01  3.013719e-02 
 2.204208e+01  3.013718e-02 
 2.204240e+01  3.013717e-02 
 2.204272e+01  3.013716e-02 
 2.204304e+01  3.013715e-02 
 2.204336e+01  3.013714e-02 
 2.204368e+01  3.013712e-02 
 2.204401e+01  3.013711e-02 
 2.204433e+01  3.013710e-02 
 2.204465e+01  3.013709e-02 
 2.204497e+01  3.013708e-02 
 2.204529e+01  3.013707e-02 
 2.204561e+01  3.013706e-02 
 2.204594e+01  3.013704e-02 
 2.204626e+01  3.013703e-02 
 2.204658e+01  3.013702e-02 
 2.204690e+01  3.013701e-02 
 2.204722e+01  3.013700e-02 
 2.204754e+01  3.013699e-02 
 2.204786e+01  3.013698e-02 
 2.204819e+01  3.013696e-02 
 2.204851e+01  3.013695e-02 
 2.204883e+01  3.013694e-02 
 2.204915e+01  3.013693e-02 
 2.204947e+01  3.013692e-02 
 2.204979e+01  3.013691e-02 
 2.205012e+01  3.013690e-02 
 2.205044e+01  3.013689e-02 
 2.205076e+01  3.013687e-02 
 2.205108e+01  3.013686e-02 
 2.205140e+01  3.013685e-02 
 2.205172e+01  3.013684e-02 
 2.205204e+01  3.013683e-02 
 2.205237e+01  3.013682e-02 
 2.205269e+01  3.013681e-02 
 2.205301e+01  3.013680e-02 
 2.205333e+01  3.013679e-02 
 2.205365e+01  3.013678e-02 
 2.205397e+01  3.013676e-02 
 2.205430e+01  3.013675e-02 
 2.205462e+01  3.013674e-02 
 2.205494e+01  3.013673e-02 
 2.205526e+01  3.013672e-02 
 2.205558e+01  3.013671e-02 
 2.205590e+01  3.013670e-02 
 2.205622e+01  3.013669e-02 
 2.205655e+01  3.013668e-02 
 2.205687e+01  3.013667e-02 
 2.205719e+01  3.013665e-02 
 2.205751e+01  3.013664e-02 
 2.205783e+01  3.013663e-02 
 2.205815e+01  3.013662e-02 
 2.205848e+01  3.013661e-02 
 2.205880e+01  3.013660e-02 
 2.205912e+01  3.013659e-02 
 2.205944e+01  3.013658e-02 
 2.205976e+01  3.013657e-02 
 2.206008e+01  3.013656e-02 
 2.206041e+01  3.013655e-02 
 2.206073e+01  3.013654e-02 
 2.206105e+01  3.013652e-02 
 2.206137e+01  3.013651e-02 
 2.206169e+01  3.013650e-02 
 2.206201e+01  3.013649e-02 
 2.206233e+01  3.013648e-02 
 2.206266e+01  3.013647e-02 
 2.206298e+01  3.013646e-02 
 2.206330e+01  3.013645e-02 
 2.206362e+01  3.013644e-02 
 2.206394e+01  3.013643e-02 
 2.206426e+01  3.013642e-02 
 2.206459e+01  3.013641e-02 
 2.206491e+01  3.013640e-02 
 2.206523e+01  3.013638e-02 
 2.206555e+01  3.013637e-02 
 2.206587e+01  3.013636e-02 
 2.206619e+01  3.013635e-02 
 2.206651e+01  3.013634e-02 
 2.206684e+01  3.013633e-02 
 2.206716e+01  3.013632e-02 
 2.206748e+01  3.013631e-02 
 2.206780e+01  3.013630e-02 
 2.206812e+01  3.013629e-02 
 2.206844e+01  3.013628e-02 
 2.206877e+01  3.013627e-02 
 2.206909e+01  3.013626e-02 
 2.206941e+01  3.013625e-02 
 2.206973e+01  3.013624e-02 
 2.207005e+01  3.013622e-02 
 2.207037e+01  3.013621e-02 
 2.207069e+01  3.013620e-02 
 2.207102e+01  3.013619e-02 
 2.207134e+01  3.013618e-02 
 2.207166e+01  3.013617e-02 
 2.207198e+01  3.013616e-02 
 2.207230e+01  3.013615e-02 
 2.207262e+01  3.013614e-02 
 2.207295e+01  3.013613e-02 
 2.207327e+01  3.013612e-02 
 2.207359e+01  3.013611e-02 
 2.207391e+01  3.013610e-02 
 2.207423e+01  3.013609e-02 
 2.207455e+01  3.013608e-02 
 2.207488e+01  3.013607e-02 
 2.207520e+01  3.013606e-02 
 2.207552e+01  3.013605e-02 
 2.207584e+01  3.013603e-02 
 2.207616e+01  3.013602e-02 
 2.207648e+01  3.013601e-02 
 2.207680e+01  3.013600e-02 
 2.207713e+01  3.013599e-02 
 2.207745e+01  3.013598e-02 
 2.207777e+01  3.013597e-02 
 2.207809e+01  3.013596e-02 
 2.207841e+01  3.013595e-02 
 2.207873e+01  3.013594e-02 
 2.207906e+01  3.013593e-02 
 2.207938e+01  3.013592e-02 
 2.207970e+01  3.013591e-02 
 2.208002e+01  3.013590e-02 
 2.208034e+01  3.013589e-02 
 2.208066e+01  3.013588e-02 
 2.208098e+01  3.013587e-02 
 2.208131e+01  3.013586e-02 
 2.208163e+01  3.013585e-02 
 2.208195e+01  3.013584e-02 
 2.208227e+01  3.013583e-02 
 2.208259e+01  3.013582e-02 
 2.208291e+01  3.013581e-02 
 2.208324e+01  3.013580e-02 
 2.208356e+01  3.013579e-02 
 2.208388e+01  3.013578e-02 
 2.208420e+01  3.013577e-02 
 2.208452e+01  3.013576e-02 
 2.208484e+01  3.013575e-02 
 2.208516e+01  3.013574e-02 
 2.208549e+01  3.013573e-02 
 2.208581e+01  3.013572e-02 
 2.208613e+01  3.013571e-02 
 2.208645e+01  3.013570e-02 
 2.208677e+01  3.013569e-02 
 2.208709e+01  3.013568e-02 
 2.208742e+01  3.013567e-02 
 2.208774e+01  3.013566e-02 
 2.208806e+01  3.013565e-02 
 2.208838e+01  3.013564e-02 
 2.208870e+01  3.013563e-02 
 2.208902e+01  3.013562e-02 
 2.208935e+01  3.013561e-02 
 2.208967e+01  3.013560e-02 
 2.208999e+01  3.013559e-02 
 2.209031e+01  3.013558e-02 
 2.209063e+01  3.013557e-02 
 2.209095e+01  3.013556e-02 
 2.209127e+01  3.013555e-02 
 2.209160e+01  3.013554e-02 
 2.209192e+01  3.013553e-02 
 2.209224e+01  3.013553e-02 
 2.209256e+01  3.013552e-02 
 2.209288e+01  3.013551e-02 
 2.209320e+01  3.013550e-02 
 2.209353e+01  3.013549e-02 
 2.209385e+01  3.013548e-02 
 2.209417e+01  3.013547e-02 
 2.209449e+01  3.013546e-02 
 2.209481e+01  3.013545e-02 
 2.209513e+01  3.013544e-02 
 2.209545e+01  3.013543e-02 
 2.209578e+01  3.013542e-02 
 2.209610e+01  3.013541e-02 
 2.209642e+01  3.013540e-02 
 2.209674e+01  3.013539e-02 
 2.209706e+01  3.013538e-02 
 2.209738e+01  3.013538e-02 
 2.209771e+01  3.013537e-02 
 2.209803e+01  3.013536e-02 
 2.209835e+01  3.013535e-02 
 2.209867e+01  3.013534e-02 
 2.209899e+01  3.013533e-02 
 2.209931e+01  3.013532e-02 
 2.209963e+01  3.013531e-02 
 2.209996e+01  3.013530e-02 
 2.210028e+01  3.013529e-02 
 2.210060e+01  3.013528e-02 
 2.210092e+01  3.013528e-02 
 2.210124e+01  3.013527e-02 
 2.210156e+01  3.013526e-02 
 2.210189e+01  3.013525e-02 
 2.210221e+01  3.013524e-02 
 2.210253e+01  3.013523e-02 
 2.210285e+01  3.013522e-02 
 2.210317e+01  3.013521e-02 
 2.210349e+01  3.013520e-02 
 2.210382e+01  3.013520e-02 
 2.210414e+01  3.013519e-02 
 2.210446e+01  3.013518e-02 
 2.210478e+01  3.013517e-02 
 2.210510e+01  3.013516e-02 
 2.210542e+01  3.013515e-02 
 2.210574e+01  3.013514e-02 
 2.210607e+01  3.013513e-02 
 2.210639e+01  3.013513e-02 
 2.210671e+01  3.013512e-02 
 2.210703e+01  3.013511e-02 
 2.210735e+01  3.013510e-02 
 2.210767e+01  3.013509e-02 
 2.210800e+01  3.013508e-02 
 2.210832e+01  3.013507e-02 
 2.210864e+01  3.013507e-02 
 2.210896e+01  3.013506e-02 
 2.210928e+01  3.013505e-02 
 2.210960e+01  3.013504e-02 
 2.210992e+01  3.013503e-02 
 2.211025e+01  3.013502e-02 
 2.211057e+01  3.013502e-02 
 2.211089e+01  3.013501e-02 
 2.211121e+01  3.013500e-02 
 2.211153e+01  3.013499e-02 
 2.211185e+01  3.013498e-02 
 2.211218e+01  3.013498e-02 
 2.211250e+01  3.013497e-02 
 2.211282e+01  3.013496e-02 
 2.211314e+01  3.013495e-02 
 2.211346e+01  3.013494e-02 
 2.211378e+01  3.013494e-02 
 2.211411e+01  3.013493e-02 
 2.211443e+01  3.013492e-02 
 2.211475e+01  3.013491e-02 
 2.211507e+01  3.013490e-02 
 2.211539e+01  3.013490e-02 
 2.211571e+01  3.013489e-02 
 2.211603e+01  3.013488e-02 
 2.211636e+01  3.013487e-02 
 2.211668e+01  3.013487e-02 
 2.211700e+01  3.013486e-02 
 2.211732e+01  3.013485e-02 
 2.211764e+01  3.013484e-02 
 2.211796e+01  3.013484e-02 
 2.211829e+01  3.013483e-02 
 2.211861e+01  3.013482e-02 
 2.211893e+01  3.013481e-02 
 2.211925e+01  3.013481e-02 
 2.211957e+01  3.013480e-02 
 2.211989e+01  3.013479e-02 
 2.212021e+01  3.013478e-02 
 2.212054e+01  3.013478e-02 
 2.212086e+01  3.013477e-02 
 2.212118e+01  3.013476e-02 
 2.212150e+01  3.013476e-02 
 2.212182e+01  3.013475e-02 
 2.212214e+01  3.013474e-02 
 2.212247e+01  3.013473e-02 
 2.212279e+01  3.013473e-02 
 2.212311e+01  3.013472e-02 
 2.212343e+01  3.013471e-02 
 2.212375e+01  3.013471e-02 
 2.212407e+01  3.013470e-02 
 2.212439e+01  3.013469e-02 
 2.212472e+01  3.013469e-02 
 2.212504e+01  3.013468e-02 
 2.212536e+01  3.013467e-02 
 2.212568e+01  3.013467e-02 
 2.212600e+01  3.013466e-02 
 2.212632e+01  3.013465e-02 
 2.212665e+01  3.013465e-02 
 2.212697e+01  3.013464e-02 
 2.212729e+01  3.013464e-02 
 2.212761e+01  3.013463e-02 
 2.212793e+01  3.013462e-02 
 2.212825e+01  3.013462e-02 
 2.212858e+01  3.013461e-02 
 2.212890e+01  3.013460e-02 
 2.212922e+01  3.013460e-02 
 2.212954e+01  3.013459e-02 
 2.212986e+01  3.013459e-02 
 2.213018e+01  3.013458e-02 
 2.213050e+01  3.013457e-02 
 2.213083e+01  3.013457e-02 
 2.213115e+01  3.013456e-02 
 2.213147e+01  3.013456e-02 
 2.213179e+01  3.013455e-02 
 2.213211e+01  3.013455e-02 
 2.213243e+01  3.013454e-02 
 2.213276e+01  3.013453e-02 
 2.213308e+01  3.013453e-02 
 2.213340e+01  3.013452e-02 
 2.213372e+01  3.013452e-02 
 2.213404e+01  3.013451e-02 
 2.213436e+01  3.013451e-02 
 2.213468e+01  3.013450e-02 
 2.213501e+01  3.013450e-02 
 2.213533e+01  3.013449e-02 
 2.213565e+01  3.013449e-02 
 2.213597e+01  3.013448e-02 
 2.213629e+01  3.013448e-02 
 2.213661e+01  3.013447e-02 
 2.213694e+01  3.013447e-02 
 2.213726e+01  3.013446e-02 
 2.213758e+01  3.013446e-02 
 2.213790e+01  3.013445e-02 
 2.213822e+01  3.013444e-02 
 2.213854e+01  3.013444e-02 
 2.213886e+01  3.013443e-02 
 2.213919e+01  3.013443e-02 
 2.213951e+01  3.013442e-02 
 2.213983e+01  3.013442e-02 
 2.214015e+01  3.013441e-02 
 2.214047e+01  3.013441e-02 
 2.214079e+01  3.013441e-02 
 2.214112e+01  3.013440e-02 
 2.214144e+01  3.013440e-02 
 2.214176e+01  3.013439e-02 
 2.214208e+01  3.013439e-02 
 2.214240e+01  3.013438e-02 
 2.214272e+01  3.013438e-02 
 2.214305e+01  3.013437e-02 
 2.214337e+01  3.013437e-02 
 2.214369e+01  3.013436e-02 
 2.214401e+01  3.013436e-02 
 2.214433e+01  3.013435e-02 
 2.214465e+01  3.013435e-02 
 2.214497e+01  3.013434e-02 
 2.214530e+01  3.013434e-02 
 2.214562e+01  3.013433e-02 
 2.214594e+01  3.013433e-02 
 2.214626e+01  3.013432e-02 
 2.214658e+01  3.013432e-02 
 2.214690e+01  3.013431e-02 
 2.214723e+01  3.013431e-02 
 2.214755e+01  3.013430e-02 
 2.214787e+01  3.013430e-02 
 2.214819e+01  3.013429e-02 
 2.214851e+01  3.013429e-02 
 2.214883e+01  3.013428e-02 
 2.214915e+01  3.013428e-02 
 2.214948e+01  3.013427e-02 
 2.214980e+01  3.013427e-02 
 2.215012e+01  3.013426e-02 
 2.215044e+01  3.013426e-02 
 2.215076e+01  3.013425e-02 
 2.215108e+01  3.013425e-02 
 2.215141e+01  3.013424e-02 
 2.215173e+01  3.013424e-02 
 2.215205e+01  3.013423e-02 
 2.215237e+01  3.013423e-02 
 2.215269e+01  3.013422e-02 
 2.215301e+01  3.013422e-02 
 2.215333e+01  3.013421e-02 
 2.215366e+01  3.013421e-02 
 2.215398e+01  3.013420e-02 
 2.215430e+01  3.013420e-02 
 2.215462e+01  3.013419e-02 
 2.215494e+01  3.013419e-02 
 2.215526e+01  3.013418e-02 
 2.215559e+01  3.013418e-02 
 2.215591e+01  3.013417e-02 
 2.215623e+01  3.013417e-02 
 2.215655e+01  3.013416e-02 
 2.215687e+01  3.013416e-02 
 2.215719e+01  3.013415e-02 
 2.215752e+01  3.013415e-02 
 2.215784e+01  3.013414e-02 
 2.215816e+01  3.013414e-02 
 2.215848e+01  3.013413e-02 
 2.215880e+01  3.013413e-02 
 2.215912e+01  3.013412e-02 
 2.215944e+01  3.013412e-02 
 2.215977e+01  3.013411e-02 
 2.216009e+01  3.013410e-02 
 2.216041e+01  3.013410e-02 
 2.216073e+01  3.013409e-02 
 2.216105e+01  3.013409e-02 
 2.216137e+01  3.013408e-02 
 2.216170e+01  3.013408e-02 
 2.216202e+01  3.013407e-02 
 2.216234e+01  3.013407e-02 
 2.216266e+01  3.013406e-02 
 2.216298e+01  3.013406e-02 
 2.216330e+01  3.013405e-02 
 2.216362e+01  3.013404e-02 
 2.216395e+01  3.013404e-02 
 2.216427e+01  3.013403e-02 
 2.216459e+01  3.013403e-02 
 2.216491e+01  3.013402e-02 
 2.216523e+01  3.013402e-02 
 2.216555e+01  3.013401e-02 
 2.216588e+01  3.013400e-02 
 2.216620e+01  3.013400e-02 
 2.216652e+01  3.013399e-02 
 2.216684e+01  3.013399e-02 
 2.216716e+01  3.013398e-02 
 2.216748e+01  3.013398e-02 
 2.216780e+01  3.013397e-02 
 2.216813e+01  3.013397e-02 
 2.216845e+01  3.013396e-02 
 2.216877e+01  3.013395e-02 
 2.216909e+01  3.013395e-02 
 2.216941e+01  3.013394e-02 
 2.216973e+01  3.013394e-02 
 2.217006e+01  3.013393e-02 
 2.217038e+01  3.013392e-02 
 2.217070e+01  3.013392e-02 
 2.217102e+01  3.013391e-02 
 2.217134e+01  3.013391e-02 
 2.217166e+01  3.013390e-02 
 2.217199e+01  3.013390e-02 
 2.217231e+01  3.013389e-02 
 2.217263e+01  3.013388e-02 
 2.217295e+01  3.013388e-02 
 2.217327e+01  3.013387e-02 
 2.217359e+01  3.013387e-02 
 2.217391e+01  3.013386e-02 
 2.217424e+01  3.013385e-02 
 2.217456e+01  3.013385e-02 
 2.217488e+01  3.013384e-02 
 2.217520e+01  3.013384e-02 
 2.217552e+01  3.013383e-02 
 2.217584e+01  3.013382e-02 
 2.217617e+01  3.013382e-02 
 2.217649e+01  3.013381e-02 
 2.217681e+01  3.013381e-02 
 2.217713e+01  3.013380e-02 
 2.217745e+01  3.013379e-02 
 2.217777e+01  3.013379e-02 
 2.217809e+01  3.013378e-02 
 2.217842e+01  3.013378e-02 
 2.217874e+01  3.013377e-02 
 2.217906e+01  3.013376e-02 
 2.217938e+01  3.013376e-02 
 2.217970e+01  3.013375e-02 
 2.218002e+01  3.013375e-02 
 2.218035e+01  3.013374e-02 
 2.218067e+01  3.013373e-02 
 2.218099e+01  3.013373e-02 
 2.218131e+01  3.013372e-02 
 2.218163e+01  3.013372e-02 
 2.218195e+01  3.013371e-02 
 2.218227e+01  3.013370e-02 
 2.218260e+01  3.013370e-02 
 2.218292e+01  3.013369e-02 
 2.218324e+01  3.013368e-02 
 2.218356e+01  3.013368e-02 
 2.218388e+01  3.013367e-02 
 2.218420e+01  3.013367e-02 
 2.218453e+01  3.013366e-02 
 2.218485e+01  3.013365e-02 
 2.218517e+01  3.013365e-02 
 2.218549e+01  3.013364e-02 
 2.218581e+01  3.013363e-02 
 2.218613e+01  3.013363e-02 
 2.218646e+01  3.013362e-02 
 2.218678e+01  3.013361e-02 
 2.218710e+01  3.013361e-02 
 2.218742e+01  3.013360e-02 
 2.218774e+01  3.013359e-02 
 2.218806e+01  3.013359e-02 
 2.218838e+01  3.013358e-02 
 2.218871e+01  3.013358e-02 
 2.218903e+01  3.013357e-02 
 2.218935e+01  3.013356e-02 
 2.218967e+01  3.013356e-02 
 2.218999e+01  3.013355e-02 
 2.219031e+01  3.013354e-02 
 2.219064e+01  3.013354e-02 
 2.219096e+01  3.013353e-02 
 2.219128e+01  3.013352e-02 
 2.219160e+01  3.013352e-02 
 2.219192e+01  3.013351e-02 
 2.219224e+01  3.013350e-02 
 2.219256e+01  3.013349e-02 
 2.219289e+01  3.013349e-02 
 2.219321e+01  3.013348e-02 
 2.219353e+01  3.013347e-02 
 2.219385e+01  3.013347e-02 
 2.219417e+01  3.013346e-02 
 2.219449e+01  3.013345e-02 
 2.219482e+01  3.013345e-02 
 2.219514e+01  3.013344e-02 
 2.219546e+01  3.013343e-02 
 2.219578e+01  3.013343e-02 
 2.219610e+01  3.013342e-02 
 2.219642e+01  3.013341e-02 
 2.219674e+01  3.013340e-02 
 2.219707e+01  3.013340e-02 
 2.219739e+01  3.013339e-02 
 2.219771e+01  3.013338e-02 
 2.219803e+01  3.013338e-02 
 2.219835e+01  3.013337e-02 
 2.219867e+01  3.013336e-02 
 2.219900e+01  3.013335e-02 
 2.219932e+01  3.013335e-02 
 2.219964e+01  3.013334e-02 
 2.219996e+01  3.013333e-02 
 2.220028e+01  3.013333e-02 
 2.220060e+01  3.013332e-02 
 2.220093e+01  3.013331e-02 
 2.220125e+01  3.013330e-02 
 2.220157e+01  3.013330e-02 
 2.220189e+01  3.013329e-02 
 2.220221e+01  3.013328e-02 
 2.220253e+01  3.013327e-02 
 2.220285e+01  3.013327e-02 
 2.220318e+01  3.013326e-02 
 2.220350e+01  3.013325e-02 
 2.220382e+01  3.013325e-02 
 2.220414e+01  3.013324e-02 
 2.220446e+01  3.013323e-02 
 2.220478e+01  3.013322e-02 
 2.220511e+01  3.013322e-02 
 2.220543e+01  3.013321e-02 
 2.220575e+01  3.013320e-02 
 2.220607e+01  3.013320e-02 
 2.220639e+01  3.013319e-02 
 2.220671e+01  3.013318e-02 
 2.220703e+01  3.013317e-02 
 2.220736e+01  3.013317e-02 
 2.220768e+01  3.013316e-02 
 2.220800e+01  3.013315e-02 
 2.220832e+01  3.013315e-02 
 2.220864e+01  3.013314e-02 
 2.220896e+01  3.013313e-02 
 2.220929e+01  3.013312e-02 
 2.220961e+01  3.013312e-02 
 2.220993e+01  3.013311e-02 
 2.221025e+01  3.013310e-02 
 2.221057e+01  3.013310e-02 
 2.221089e+01  3.013309e-02 
 2.221121e+01  3.013308e-02 
 2.221154e+01  3.013307e-02 
 2.221186e+01  3.013307e-02 
 2.221218e+01  3.013306e-02 
 2.221250e+01  3.013305e-02 
 2.221282e+01  3.013305e-02 
 2.221314e+01  3.013304e-02 
 2.221347e+01  3.013303e-02 
 2.221379e+01  3.013303e-02 
 2.221411e+01  3.013302e-02 
 2.221443e+01  3.013301e-02 
 2.221475e+01  3.013301e-02 
 2.221507e+01  3.013300e-02 
 2.221540e+01  3.013299e-02 
 2.221572e+01  3.013298e-02 
 2.221604e+01  3.013298e-02 
 2.221636e+01  3.013297e-02 
 2.221668e+01  3.013296e-02 
 2.221700e+01  3.013296e-02 
 2.221732e+01  3.013295e-02 
 2.221765e+01  3.013294e-02 
 2.221797e+01  3.013294e-02 
 2.221829e+01  3.013293e-02 
 2.221861e+01  3.013292e-02 
 2.221893e+01  3.013292e-02 
 2.221925e+01  3.013291e-02 
 2.221958e+01  3.013290e-02 
 2.221990e+01  3.013290e-02 
 2.222022e+01  3.013289e-02 
 2.222054e+01  3.013288e-02 
 2.222086e+01  3.013288e-02 
 2.222118e+01  3.013287e-02 
 2.222150e+01  3.013286e-02 
 2.222183e+01  3.013286e-02 
 2.222215e+01  3.013285e-02 
 2.222247e+01  3.013284e-02 
 2.222279e+01  3.013284e-02 
 2.222311e+01  3.013283e-02 
 2.222343e+01  3.013282e-02 
 2.222376e+01  3.013282e-02 
 2.222408e+01  3.013281e-02 
 2.222440e+01  3.013281e-02 
 2.222472e+01  3.013280e-02 
 2.222504e+01  3.013279e-02 
 2.222536e+01  3.013279e-02 
 2.222568e+01  3.013278e-02 
 2.222601e+01  3.013277e-02 
 2.222633e+01  3.013277e-02 
 2.222665e+01  3.013276e-02 
 2.222697e+01  3.013275e-02 
 2.222729e+01  3.013275e-02 
 2.222761e+01  3.013274e-02 
 2.222794e+01  3.013273e-02 
 2.222826e+01  3.013273e-02 
 2.222858e+01  3.013272e-02 
 2.222890e+01  3.013272e-02 
 2.222922e+01  3.013271e-02 
 2.222954e+01  3.013270e-02 
 2.222987e+01  3.013270e-02 
 2.223019e+01  3.013269e-02 
 2.223051e+01  3.013268e-02 
 2.223083e+01  3.013268e-02 
 2.223115e+01  3.013267e-02 
 2.223147e+01  3.013266e-02 
 2.223179e+01  3.013266e-02 
 2.223212e+01  3.013265e-02 
 2.223244e+01  3.013265e-02 
 2.223276e+01  3.013264e-02 
 2.223308e+01  3.013263e-02 
 2.223340e+01  3.013263e-02 
 2.223372e+01  3.013262e-02 
 2.223405e+01  3.013261e-02 
 2.223437e+01  3.013261e-02 
 2.223469e+01  3.013260e-02 
 2.223501e+01  3.013259e-02 
 2.223533e+01  3.013259e-02 
 2.223565e+01  3.013258e-02 
 2.223597e+01  3.013257e-02 
 2.223630e+01  3.013257e-02 
 2.223662e+01  3.013256e-02 
 2.223694e+01  3.013256e-02 
 2.223726e+01  3.013255e-02 
 2.223758e+01  3.013254e-02 
 2.223790e+01  3.013254e-02 
 2.223823e+01  3.013253e-02 
 2.223855e+01  3.013252e-02 
 2.223887e+01  3.013252e-02 
 2.223919e+01  3.013251e-02 
 2.223951e+01  3.013250e-02 
 2.223983e+01  3.013250e-02 
 2.224016e+01  3.013249e-02 
 2.224048e+01  3.013248e-02 
 2.224080e+01  3.013248e-02 
 2.224112e+01  3.013247e-02 
 2.224144e+01  3.013246e-02 
 2.224176e+01  3.013246e-02 
 2.224208e+01  3.013245e-02 
 2.224241e+01  3.013244e-02 
 2.224273e+01  3.013244e-02 
 2.224305e+01  3.013243e-02 
 2.224337e+01  3.013242e-02 
 2.224369e+01  3.013242e-02 
 2.224401e+01  3.013241e-02 
 2.224434e+01  3.013240e-02 
 2.224466e+01  3.013240e-02 
 2.224498e+01  3.013239e-02 
 2.224530e+01  3.013238e-02 
 2.224562e+01  3.013238e-02 
 2.224594e+01  3.013237e-02 
 2.224626e+01  3.013236e-02 
 2.224659e+01  3.013236e-02 
 2.224691e+01  3.013235e-02 
 2.224723e+01  3.013234e-02 
 2.224755e+01  3.013234e-02 
 2.224787e+01  3.013233e-02 
 2.224819e+01  3.013232e-02 
 2.224852e+01  3.013232e-02 
 2.224884e+01  3.013231e-02 
 2.224916e+01  3.013230e-02 
 2.224948e+01  3.013230e-02 
 2.224980e+01  3.013229e-02 
 2.225012e+01  3.013228e-02 
 2.225044e+01  3.013228e-02 
 2.225077e+01  3.013227e-02 
 2.225109e+01  3.013226e-02 
 2.225141e+01  3.013226e-02 
 2.225173e+01  3.013225e-02 
 2.225205e+01  3.013224e-02 
 2.225237e+01  3.013224e-02 
 2.225270e+01  3.013223e-02 
 2.225302e+01  3.013222e-02 
 2.225334e+01  3.013222e-02 
 2.225366e+01  3.013221e-02 
 2.225398e+01  3.013220e-02 
 2.225430e+01  3.013220e-02 
 2.225463e+01  3.013219e-02 
 2.225495e+01  3.013218e-02 
 2.225527e+01  3.013218e-02 
 2.225559e+01  3.013217e-02 
 2.225591e+01  3.013216e-02 
 2.225623e+01  3.013216e-02 
 2.225655e+01  3.013215e-02 
 2.225688e+01  3.013214e-02 
 2.225720e+01  3.013214e-02 
 2.225752e+01  3.013213e-02 
 2.225784e+01  3.013212e-02 
 2.225816e+01  3.013212e-02 
 2.225848e+01  3.013211e-02 
 2.225881e+01  3.013210e-02 
 2.225913e+01  3.013210e-02 
 2.225945e+01  3.013209e-02 
 2.225977e+01  3.013208e-02 
 2.226009e+01  3.013208e-02 
 2.226041e+01  3.013207e-02 
 2.226073e+01  3.013206e-02 
 2.226106e+01  3.013206e-02 
 2.226138e+01  3.013205e-02 
 2.226170e+01  3.013204e-02 
 2.226202e+01  3.013204e-02 
 2.226234e+01  3.013203e-02 
 2.226266e+01  3.013202e-02 
 2.226299e+01  3.013202e-02 
 2.226331e+01  3.013201e-02 
 2.226363e+01  3.013200e-02 
 2.226395e+01  3.013200e-02 
 2.226427e+01  3.013199e-02 
 2.226459e+01  3.013198e-02 
 2.226491e+01  3.013198e-02 
 2.226524e+01  3.013197e-02 
 2.226556e+01  3.013196e-02 
 2.226588e+01  3.013196e-02 
 2.226620e+01  3.013195e-02 
 2.226652e+01  3.013194e-02 
 2.226684e+01  3.013194e-02 
 2.226717e+01  3.013193e-02 
 2.226749e+01  3.013192e-02 
 2.226781e+01  3.013192e-02 
 2.226813e+01  3.013191e-02 
 2.226845e+01  3.013190e-02 
 2.226877e+01  3.013190e-02 
 2.226910e+01  3.013189e-02 
 2.226942e+01  3.013188e-02 
 2.226974e+01  3.013188e-02 
 2.227006e+01  3.013187e-02 
 2.227038e+01  3.013186e-02 
 2.227070e+01  3.013186e-02 
 2.227102e+01  3.013185e-02 
 2.227135e+01  3.013184e-02 
 2.227167e+01  3.013183e-02 
 2.227199e+01  3.013183e-02 
 2.227231e+01  3.013182e-02 
 2.227263e+01  3.013181e-02 
 2.227295e+01  3.013181e-02 
 2.227328e+01  3.013180e-02 
 2.227360e+01  3.013179e-02 
 2.227392e+01  3.013179e-02 
 2.227424e+01  3.013178e-02 
 2.227456e+01  3.013177e-02 
 2.227488e+01  3.013177e-02 
 2.227520e+01  3.013176e-02 
 2.227553e+01  3.013175e-02 
 2.227585e+01  3.013174e-02 
 2.227617e+01  3.013174e-02 
 2.227649e+01  3.013173e-02 
 2.227681e+01  3.013172e-02 
 2.227713e+01  3.013172e-02 
 2.227746e+01  3.013171e-02 
 2.227778e+01  3.013170e-02 
 2.227810e+01  3.013169e-02 
 2.227842e+01  3.013169e-02 
 2.227874e+01  3.013168e-02 
 2.227906e+01  3.013167e-02 
 2.227938e+01  3.013167e-02 
 2.227971e+01  3.013166e-02 
 2.228003e+01  3.013165e-02 
 2.228035e+01  3.013164e-02 
 2.228067e+01  3.013164e-02 
 2.228099e+01  3.013163e-02 
 2.228131e+01  3.013162e-02 
 2.228164e+01  3.013161e-02 
 2.228196e+01  3.013161e-02 
 2.228228e+01  3.013160e-02 
 2.228260e+01  3.013159e-02 
 2.228292e+01  3.013158e-02 
 2.228324e+01  3.013158e-02 
 2.228357e+01  3.013157e-02 
 2.228389e+01  3.013156e-02 
 2.228421e+01  3.013155e-02 
 2.228453e+01  3.013155e-02 
 2.228485e+01  3.013154e-02 
 2.228517e+01  3.013153e-02 
 2.228549e+01  3.013152e-02 
 2.228582e+01  3.013152e-02 
 2.228614e+01  3.013151e-02 
 2.228646e+01  3.013150e-02 
 2.228678e+01  3.013149e-02 
 2.228710e+01  3.013148e-02 
 2.228742e+01  3.013148e-02 
 2.228775e+01  3.013147e-02 
 2.228807e+01  3.013146e-02 
 2.228839e+01  3.013145e-02 
 2.228871e+01  3.013145e-02 
 2.228903e+01  3.013144e-02 
 2.228935e+01  3.013143e-02 
 2.228967e+01  3.013142e-02 
 2.229000e+01  3.013141e-02 
 2.229032e+01  3.013140e-02 
 2.229064e+01  3.013140e-02 
 2.229096e+01  3.013139e-02 
 2.229128e+01  3.013138e-02 
 2.229160e+01  3.013137e-02 
 2.229193e+01  3.013136e-02 
 2.229225e+01  3.013135e-02 
 2.229257e+01  3.013135e-02 
 2.229289e+01  3.013134e-02 
 2.229321e+01  3.013133e-02 
 2.229353e+01  3.013132e-02 
 2.229385e+01  3.013131e-02 
 2.229418e+01  3.013130e-02 
 2.229450e+01  3.013129e-02 
 2.229482e+01  3.013128e-02 
 2.229514e+01  3.013128e-02 
 2.229546e+01  3.013127e-02 
 2.229578e+01  3.013126e-02 
 2.229611e+01  3.013125e-02 
 2.229643e+01  3.013124e-02 
 2.229675e+01  3.013123e-02 
 2.229707e+01  3.013122e-02 
 2.229739e+01  3.013121e-02 
 2.229771e+01  3.013120e-02 
 2.229804e+01  3.013119e-02 
 2.229836e+01  3.013118e-02 
 2.229868e+01  3.013118e-02 
 2.229900e+01  3.013117e-02 
 2.229932e+01  3.013116e-02 
 2.229964e+01  3.013115e-02 
 2.229996e+01  3.013114e-02 
 2.230029e+01  3.013113e-02 
 2.230061e+01  3.013112e-02 
 2.230093e+01  3.013111e-02 
 2.230125e+01  3.013110e-02 
 2.230157e+01  3.013109e-02 
 2.230189e+01  3.013108e-02 
 2.230222e+01  3.013107e-02 
 2.230254e+01  3.013106e-02 
 2.230286e+01  3.013105e-02 
 2.230318e+01  3.013104e-02 
 2.230350e+01  3.013103e-02 
 2.230382e+01  3.013102e-02 
 2.230414e+01  3.013101e-02 
 2.230447e+01  3.013100e-02 
 2.230479e+01  3.013099e-02 
 2.230511e+01  3.013098e-02 
 2.230543e+01  3.013097e-02 
 2.230575e+01  3.013096e-02 
 2.230607e+01  3.013095e-02 
 2.230640e+01  3.013094e-02 
 2.230672e+01  3.013093e-02 
 2.230704e+01  3.013091e-02 
 2.230736e+01  3.013090e-02 
 2.230768e+01  3.013089e-02 
 2.230800e+01  3.013088e-02 
 2.230832e+01  3.013087e-02 
 2.230865e+01  3.013086e-02 
 2.230897e+01  3.013085e-02 
 2.230929e+01  3.013084e-02 
 2.230961e+01  3.013083e-02 
 2.230993e+01  3.013082e-02 
 2.231025e+01  3.013081e-02 
 2.231058e+01  3.013079e-02 
 2.231090e+01  3.013078e-02 
 2.231122e+01  3.013077e-02 
 2.231154e+01  3.013076e-02 
 2.231186e+01  3.013075e-02 
 2.231218e+01  3.013074e-02 
 2.231251e+01  3.013073e-02 
 2.231283e+01  3.013072e-02 
 2.231315e+01  3.013070e-02 
 2.231347e+01  3.013069e-02 
 2.231379e+01  3.013068e-02 
 2.231411e+01  3.013067e-02 
 2.231443e+01  3.013066e-02 
 2.231476e+01  3.013065e-02 
 2.231508e+01  3.013063e-02 
 2.231540e+01  3.013062e-02 
 2.231572e+01  3.013061e-02 
 2.231604e+01  3.013060e-02 
 2.231636e+01  3.013058e-02 
 2.231669e+01  3.013057e-02 
 2.231701e+01  3.013056e-02 
 2.231733e+01  3.013055e-02 
 2.231765e+01  3.013054e-02 
 2.231797e+01  3.013052e-02 
 2.231829e+01  3.013051e-02 
 2.231861e+01  3.013050e-02 
 2.231894e+01  3.013048e-02 
 2.231926e+01  3.013047e-02 
 2.231958e+01  3.013046e-02 
 2.231990e+01  3.013045e-02 
 2.232022e+01  3.013043e-02 
 2.232054e+01  3.013042e-02 
 2.232087e+01  3.013041e-02 
 2.232119e+01  3.013039e-02 
 2.232151e+01  3.013038e-02 
 2.232183e+01  3.013037e-02 
 2.232215e+01  3.013035e-02 
 2.232247e+01  3.013034e-02 
 2.232279e+01  3.013033e-02 
 2.232312e+01  3.013031e-02 
 2.232344e+01  3.013030e-02 
 2.232376e+01  3.013029e-02 
 2.232408e+01  3.013027e-02 
 2.232440e+01  3.013026e-02 
 2.232472e+01  3.013025e-02 
 2.232505e+01  3.013023e-02 
 2.232537e+01  3.013022e-02 
 2.232569e+01  3.013020e-02 
 2.232601e+01  3.013019e-02 
 2.232633e+01  3.013018e-02 
 2.232665e+01  3.013016e-02 
 2.232698e+01  3.013015e-02 
 2.232730e+01  3.013013e-02 
 2.232762e+01  3.013012e-02 
 2.232794e+01  3.013010e-02 
 2.232826e+01  3.013009e-02 
 2.232858e+01  3.013007e-02 
 2.232890e+01  3.013006e-02 
 2.232923e+01  3.013004e-02 
 2.232955e+01  3.013003e-02 
 2.232987e+01  3.013002e-02 
 2.233019e+01  3.013000e-02 
 2.233051e+01  3.012999e-02 
 2.233083e+01  3.012997e-02 
 2.233116e+01  3.012996e-02 
 2.233148e+01  3.012994e-02 
 2.233180e+01  3.012993e-02 
 2.233212e+01  3.012991e-02 
 2.233244e+01  3.012989e-02 
 2.233276e+01  3.012988e-02 
 2.233308e+01  3.012986e-02 
 2.233341e+01  3.012985e-02 
 2.233373e+01  3.012983e-02 
 2.233405e+01  3.012982e-02 
 2.233437e+01  3.012980e-02 
 2.233469e+01  3.012979e-02 
 2.233501e+01  3.012977e-02 
 2.233534e+01  3.012975e-02 
 2.233566e+01  3.012974e-02 
 2.233598e+01  3.012972e-02 
 2.233630e+01  3.012971e-02 
 2.233662e+01  3.012969e-02 
 2.233694e+01  3.012967e-02 
 2.233726e+01  3.012966e-02 
 2.233759e+01  3.012964e-02 
 2.233791e+01  3.012963e-02 
 2.233823e+01  3.012961e-02 
 2.233855e+01  3.012959e-02 
 2.233887e+01  3.012958e-02 
 2.233919e+01  3.012956e-02 
 2.233952e+01  3.012954e-02 
 2.233984e+01  3.012953e-02 
 2.234016e+01  3.012951e-02 
 2.234048e+01  3.012949e-02 
 2.234080e+01  3.012948e-02 
 2.234112e+01  3.012946e-02 
 2.234145e+01  3.012944e-02 
 2.234177e+01  3.012943e-02 
 2.234209e+01  3.012941e-02 
 2.234241e+01  3.012939e-02 
 2.234273e+01  3.012937e-02 
 2.234305e+01  3.012936e-02 
 2.234337e+01  3.012934e-02 
 2.234370e+01  3.012932e-02 
 2.234402e+01  3.012930e-02 
 2.234434e+01  3.012929e-02 
 2.234466e+01  3.012927e-02 
 2.234498e+01  3.012925e-02 
 2.234530e+01  3.012923e-02 
 2.234563e+01  3.012922e-02 
 2.234595e+01  3.012920e-02 
 2.234627e+01  3.012918e-02 
 2.234659e+01  3.012916e-02 
 2.234691e+01  3.012914e-02 
 2.234723e+01  3.012913e-02 
 2.234755e+01  3.012911e-02 
 2.234788e+01  3.012909e-02 
 2.234820e+01  3.012907e-02 
 2.234852e+01  3.012905e-02 
 2.234884e+01  3.012904e-02 
 2.234916e+01  3.012902e-02 
 2.234948e+01  3.012900e-02 
 2.234981e+01  3.012898e-02 
 2.235013e+01  3.012896e-02 
 2.235045e+01  3.012894e-02 
 2.235077e+01  3.012892e-02 
 2.235109e+01  3.012891e-02 
 2.235141e+01  3.012889e-02 
 2.235173e+01  3.012887e-02 
 2.235206e+01  3.012885e-02 
 2.235238e+01  3.012883e-02 
 2.235270e+01  3.012881e-02 
 2.235302e+01  3.012879e-02 
 2.235334e+01  3.012877e-02 
 2.235366e+01  3.012875e-02 
 2.235399e+01  3.012873e-02 
 2.235431e+01  3.012871e-02 
 2.235463e+01  3.012869e-02 
 2.235495e+01  3.012867e-02 
 2.235527e+01  3.012865e-02 
 2.235559e+01  3.012863e-02 
 2.235592e+01  3.012861e-02 
 2.235624e+01  3.012860e-02 
 2.235656e+01  3.012858e-02 
 2.235688e+01  3.012856e-02 
 2.235720e+01  3.012854e-02 
 2.235752e+01  3.012852e-02 
 2.235784e+01  3.012850e-02 
 2.235817e+01  3.012847e-02 
 2.235849e+01  3.012845e-02 
 2.235881e+01  3.012843e-02 
 2.235913e+01  3.012841e-02 
 2.235945e+01  3.012839e-02 
 2.235977e+01  3.012837e-02 
 2.236010e+01  3.012835e-02 
 2.236042e+01  3.012833e-02 
 2.236074e+01  3.012831e-02 
 2.236106e+01  3.012829e-02 
 2.236138e+01  3.012827e-02 
 2.236170e+01  3.012825e-02 
 2.236202e+01  3.012823e-02 
 2.236235e+01  3.012821e-02 
 2.236267e+01  3.012819e-02 
 2.236299e+01  3.012817e-02 
 2.236331e+01  3.012814e-02 
 2.236363e+01  3.012812e-02 
 2.236395e+01  3.012810e-02 
 2.236428e+01  3.012808e-02 
 2.236460e+01  3.012806e-02 
 2.236492e+01  3.012804e-02 
 2.236524e+01  3.012802e-02 
 2.236556e+01  3.012800e-02 
 2.236588e+01  3.012797e-02 
 2.236621e+01  3.012795e-02 
 2.236653e+01  3.012793e-02 
 2.236685e+01  3.012791e-02 
 2.236717e+01  3.012789e-02 
 2.236749e+01  3.012787e-02 
 2.236781e+01  3.012784e-02 
 2.236813e+01  3.012782e-02 
 2.236846e+01  3.012780e-02 
 2.236878e+01  3.012778e-02 
 2.236910e+01  3.012776e-02 
 2.236942e+01  3.012773e-02 
 2.236974e+01  3.012771e-02 
 2.237006e+01  3.012769e-02 
 2.237039e+01  3.012767e-02 
 2.237071e+01  3.012765e-02 
 2.237103e+01  3.012762e-02 
 2.237135e+01  3.012760e-02 
 2.237167e+01  3.012758e-02 
 2.237199e+01  3.012756e-02 
 2.237231e+01  3.012754e-02 
 2.237264e+01  3.012751e-02 
 2.237296e+01  3.012749e-02 
 2.237328e+01  3.012747e-02 
 2.237360e+01  3.012745e-02 
 2.237392e+01  3.012742e-02 
 2.237424e+01  3.012740e-02 
 2.237457e+01  3.012738e-02 
 2.237489e+01  3.012736e-02 
 2.237521e+01  3.012733e-02 
 2.237553e+01  3.012731e-02 
 2.237585e+01  3.012729e-02 
 2.237617e+01  3.012726e-02 
 2.237649e+01  3.012724e-02 
 2.237682e+01  3.012722e-02 
 2.237714e+01  3.012720e-02 
 2.237746e+01  3.012717e-02 
 2.237778e+01  3.012715e-02 
 2.237810e+01  3.012713e-02 
 2.237842e+01  3.012710e-02 
 2.237875e+01  3.012708e-02 
 2.237907e+01  3.012706e-02 
 2.237939e+01  3.012703e-02 
 2.237971e+01  3.012701e-02 
 2.238003e+01  3.012699e-02 
 2.238035e+01  3.012697e-02 
 2.238068e+01  3.012694e-02 
 2.238100e+01  3.012692e-02 
 2.238132e+01  3.012690e-02 
 2.238164e+01  3.012687e-02 
 2.238196e+01  3.012685e-02 
 2.238228e+01  3.012683e-02 
 2.238260e+01  3.012680e-02 
 2.238293e+01  3.012678e-02 
 2.238325e+01  3.012675e-02 
 2.238357e+01  3.012673e-02 
 2.238389e+01  3.012671e-02 
 2.238421e+01  3.012668e-02 
 2.238453e+01  3.012666e-02 
 2.238486e+01  3.012664e-02 
 2.238518e+01  3.012661e-02 
 2.238550e+01  3.012659e-02 
 2.238582e+01  3.012657e-02 
 2.238614e+01  3.012654e-02 
 2.238646e+01  3.012652e-02 
 2.238678e+01  3.012649e-02 
 2.238711e+01  3.012647e-02 
 2.238743e+01  3.012645e-02 
 2.238775e+01  3.012642e-02 
 2.238807e+01  3.012640e-02 
 2.238839e+01  3.012637e-02 
 2.238871e+01  3.012635e-02 
 2.238904e+01  3.012633e-02 
 2.238936e+01  3.012630e-02 
 2.238968e+01  3.012628e-02 
 2.239000e+01  3.012625e-02 
 2.239032e+01  3.012623e-02 
 2.239064e+01  3.012621e-02 
 2.239096e+01  3.012618e-02 
 2.239129e+01  3.012616e-02 
 2.239161e+01  3.012613e-02 
 2.239193e+01  3.012611e-02 
 2.239225e+01  3.012608e-02 
 2.239257e+01  3.012606e-02 
 2.239289e+01  3.012604e-02 
 2.239322e+01  3.012601e-02 
 2.239354e+01  3.012599e-02 
 2.239386e+01  3.012596e-02 
 2.239418e+01  3.012594e-02 
 2.239450e+01  3.012591e-02 
 2.239482e+01  3.012589e-02 
 2.239515e+01  3.012587e-02 
 2.239547e+01  3.012584e-02 
 2.239579e+01  3.012582e-02 
 2.239611e+01  3.012579e-02 
 2.239643e+01  3.012577e-02 
 2.239675e+01  3.012574e-02 
 2.239707e+01  3.012572e-02 
 2.239740e+01  3.012569e-02 
 2.239772e+01  3.012567e-02 
 2.239804e+01  3.012564e-02 
 2.239836e+01  3.012562e-02 
 2.239868e+01  3.012560e-02 
 2.239900e+01  3.012557e-02 
 2.239933e+01  3.012555e-02 
 2.239965e+01  3.012552e-02 
 2.239997e+01  3.012550e-02 
 2.240029e+01  3.012547e-02 
 2.240061e+01  3.012545e-02 
 2.240093e+01  3.012542e-02 
 2.240125e+01  3.012540e-02 
 2.240158e+01  3.012537e-02 
 2.240190e+01  3.012535e-02 
 2.240222e+01  3.012532e-02 
 2.240254e+01  3.012530e-02 
 2.240286e+01  3.012528e-02 
 2.240318e+01  3.012525e-02 
 2.240351e+01  3.012523e-02 
 2.240383e+01  3.012520e-02 
 2.240415e+01  3.012518e-02 
 2.240447e+01  3.012515e-02 
 2.240479e+01  3.012513e-02 
 2.240511e+01  3.012510e-02 
 2.240543e+01  3.012508e-02 
 2.240576e+01  3.012505e-02 
 2.240608e+01  3.012503e-02 
 2.240640e+01  3.012500e-02 
 2.240672e+01  3.012498e-02 
 2.240704e+01  3.012496e-02 
 2.240736e+01  3.012493e-02 
 2.240769e+01  3.012491e-02 
 2.240801e+01  3.012488e-02 
 2.240833e+01  3.012486e-02 
 2.240865e+01  3.012483e-02 
 2.240897e+01  3.012481e-02 
 2.240929e+01  3.012478e-02 
 2.240962e+01  3.012476e-02 
 2.240994e+01  3.012474e-02 
 2.241026e+01  3.012471e-02 
 2.241058e+01  3.012469e-02 
 2.241090e+01  3.012466e-02 
 2.241122e+01  3.012464e-02 
 2.241154e+01  3.012461e-02 
 2.241187e+01  3.012459e-02 
 2.241219e+01  3.012457e-02 
 2.241251e+01  3.012454e-02 
 2.241283e+01  3.012452e-02 
 2.241315e+01  3.012449e-02 
 2.241347e+01  3.012447e-02 
 2.241380e+01  3.012445e-02 
 2.241412e+01  3.012442e-02 
 2.241444e+01  3.012440e-02 
 2.241476e+01  3.012437e-02 
 2.241508e+01  3.012435e-02 
 2.241540e+01  3.012433e-02 
 2.241572e+01  3.012430e-02 
 2.241605e+01  3.012428e-02 
 2.241637e+01  3.012425e-02 
 2.241669e+01  3.012423e-02 
 2.241701e+01  3.012421e-02 
 2.241733e+01  3.012418e-02 
 2.241765e+01  3.012416e-02 
 2.241798e+01  3.012414e-02 
 2.241830e+01  3.012411e-02 
 2.241862e+01  3.012409e-02 
 2.241894e+01  3.012407e-02 
 2.241926e+01  3.012404e-02 
 2.241958e+01  3.012402e-02 
 2.241990e+01  3.012400e-02 
 2.242023e+01  3.012397e-02 
 2.242055e+01  3.012395e-02 
 2.242087e+01  3.012393e-02 
 2.242119e+01  3.012390e-02 
 2.242151e+01  3.012388e-02 
 2.242183e+01  3.012386e-02 
 2.242216e+01  3.012384e-02 
 2.242248e+01  3.012381e-02 
 2.242280e+01  3.012379e-02 
 2.242312e+01  3.012377e-02 
 2.242344e+01  3.012374e-02 
 2.242376e+01  3.012372e-02 
 2.242409e+01  3.012370e-02 
 2.242441e+01  3.012368e-02 
 2.242473e+01  3.012365e-02 
 2.242505e+01  3.012363e-02 
 2.242537e+01  3.012361e-02 
 2.242569e+01  3.012359e-02 
 2.242601e+01  3.012356e-02 
 2.242634e+01  3.012354e-02 
 2.242666e+01  3.012352e-02 
 2.242698e+01  3.012350e-02 
 2.242730e+01  3.012348e-02 
 2.242762e+01  3.012345e-02 
 2.242794e+01  3.012343e-02 
 2.242827e+01  3.012341e-02 
 2.242859e+01  3.012339e-02 
 2.242891e+01  3.012337e-02 
 2.242923e+01  3.012334e-02 
 2.242955e+01  3.012332e-02 
 2.242987e+01  3.012330e-02 
 2.243019e+01  3.012328e-02 
 2.243052e+01  3.012326e-02 
 2.243084e+01  3.012324e-02 
 2.243116e+01  3.012321e-02 
 2.243148e+01  3.012319e-02 
 2.243180e+01  3.012317e-02 
 2.243212e+01  3.012315e-02 
 2.243245e+01  3.012313e-02 
 2.243277e+01  3.012311e-02 
 2.243309e+01  3.012308e-02 
 2.243341e+01  3.012306e-02 
 2.243373e+01  3.012304e-02 
 2.243405e+01  3.012302e-02 
 2.243437e+01  3.012300e-02 
 2.243470e+01  3.012298e-02 
 2.243502e+01  3.012296e-02 
 2.243534e+01  3.012294e-02 
 2.243566e+01  3.012291e-02 
 2.243598e+01  3.012289e-02 
 2.243630e+01  3.012287e-02 
 2.243663e+01  3.012285e-02 
 2.243695e+01  3.012283e-02 
 2.243727e+01  3.012281e-02 
 2.243759e+01  3.012279e-02 
 2.243791e+01  3.012277e-02 
 2.243823e+01  3.012275e-02 
 2.243856e+01  3.012272e-02 
 2.243888e+01  3.012270e-02 
 2.243920e+01  3.012268e-02 
 2.243952e+01  3.012266e-02 
 2.243984e+01  3.012264e-02 
 2.244016e+01  3.012262e-02 
 2.244048e+01  3.012260e-02 
 2.244081e+01  3.012258e-02 
 2.244113e+01  3.012256e-02 
 2.244145e+01  3.012254e-02 
 2.244177e+01  3.012252e-02 
 2.244209e+01  3.012250e-02 
 2.244241e+01  3.012248e-02 
 2.244274e+01  3.012246e-02 
 2.244306e+01  3.012243e-02 
 2.244338e+01  3.012241e-02 
 2.244370e+01  3.012239e-02 
 2.244402e+01  3.012237e-02 
 2.244434e+01  3.012235e-02 
 2.244466e+01  3.012233e-02 
 2.244499e+01  3.012231e-02 
 2.244531e+01  3.012229e-02 
 2.244563e+01  3.012227e-02 
 2.244595e+01  3.012225e-02 
 2.244627e+01  3.012223e-02 
 2.244659e+01  3.012221e-02 
 2.244692e+01  3.012219e-02 
 2.244724e+01  3.012217e-02 
 2.244756e+01  3.012215e-02 
 2.244788e+01  3.012213e-02 
 2.244820e+01  3.012211e-02 
 2.244852e+01  3.012209e-02 
 2.244884e+01  3.012207e-02 
 2.244917e+01  3.012205e-02 
 2.244949e+01  3.012203e-02 
 2.244981e+01  3.012201e-02 
 2.245013e+01  3.012199e-02 
 2.245045e+01  3.012197e-02 
 2.245077e+01  3.012195e-02 
 2.245110e+01  3.012193e-02 
 2.245142e+01  3.012191e-02 
 2.245174e+01  3.012189e-02 
 2.245206e+01  3.012187e-02 
 2.245238e+01  3.012185e-02 
 2.245270e+01  3.012183e-02 
 2.245303e+01  3.012181e-02 
 2.245335e+01  3.012179e-02 
 2.245367e+01  3.012177e-02 
 2.245399e+01  3.012175e-02 
 2.245431e+01  3.012173e-02 
 2.245463e+01  3.012171e-02 
 2.245495e+01  3.012169e-02 
 2.245528e+01  3.012167e-02 
 2.245560e+01  3.012165e-02 
 2.245592e+01  3.012163e-02 
 2.245624e+01  3.012161e-02 
 2.245656e+01  3.012160e-02 
 2.245688e+01  3.012158e-02 
 2.245721e+01  3.012156e-02 
 2.245753e+01  3.012154e-02 
 2.245785e+01  3.012152e-02 
 2.245817e+01  3.012150e-02 
 2.245849e+01  3.012148e-02 
 2.245881e+01  3.012146e-02 
 2.245913e+01  3.012144e-02 
 2.245946e+01  3.012142e-02 
 2.245978e+01  3.012140e-02 
 2.246010e+01  3.012138e-02 
 2.246042e+01  3.012137e-02 
 2.246074e+01  3.012135e-02 
 2.246106e+01  3.012133e-02 
 2.246139e+01  3.012131e-02 
 2.246171e+01  3.012129e-02 
 2.246203e+01  3.012127e-02 
 2.246235e+01  3.012125e-02 
 2.246267e+01  3.012123e-02 
 2.246299e+01  3.012121e-02 
 2.246331e+01  3.012120e-02 
 2.246364e+01  3.012118e-02 
 2.246396e+01  3.012116e-02 
 2.246428e+01  3.012114e-02 
 2.246460e+01  3.012112e-02 
 2.246492e+01  3.012110e-02 
 2.246524e+01  3.012108e-02 
 2.246557e+01  3.012107e-02 
 2.246589e+01  3.012105e-02 
 2.246621e+01  3.012103e-02 
 2.246653e+01  3.012101e-02 
 2.246685e+01  3.012099e-02 
 2.246717e+01  3.012097e-02 
 2.246750e+01  3.012096e-02 
 2.246782e+01  3.012094e-02 
 2.246814e+01  3.012092e-02 
 2.246846e+01  3.012090e-02 
 2.246878e+01  3.012088e-02 
 2.246910e+01  3.012086e-02 
 2.246942e+01  3.012085e-02 
 2.246975e+01  3.012083e-02 
 2.247007e+01  3.012081e-02 
 2.247039e+01  3.012079e-02 
 2.247071e+01  3.012077e-02 
 2.247103e+01  3.012076e-02 
 2.247135e+01  3.012074e-02 
 2.247168e+01  3.012072e-02 
 2.247200e+01  3.012070e-02 
 2.247232e+01  3.012069e-02 
 2.247264e+01  3.012067e-02 
 2.247296e+01  3.012065e-02 
 2.247328e+01  3.012063e-02 
 2.247360e+01  3.012062e-02 
 2.247393e+01  3.012060e-02 
 2.247425e+01  3.012058e-02 
 2.247457e+01  3.012056e-02 
 2.247489e+01  3.012055e-02 
 2.247521e+01  3.012053e-02 
 2.247553e+01  3.012051e-02 
 2.247586e+01  3.012050e-02 
 2.247618e+01  3.012048e-02 
 2.247650e+01  3.012046e-02 
 2.247682e+01  3.012044e-02 
 2.247714e+01  3.012043e-02 
 2.247746e+01  3.012041e-02 
 2.247778e+01  3.012040e-02 
 2.247811e+01  3.012038e-02 
 2.247843e+01  3.012036e-02 
 2.247875e+01  3.012035e-02 
 2.247907e+01  3.012033e-02 
 2.247939e+01  3.012031e-02 
 2.247971e+01  3.012030e-02 
 2.248004e+01  3.012028e-02 
 2.248036e+01  3.012027e-02 
 2.248068e+01  3.012025e-02 
 2.248100e+01  3.012024e-02 
 2.248132e+01  3.012022e-02 
 2.248164e+01  3.012020e-02 
 2.248197e+01  3.012019e-02 
 2.248229e+01  3.012017e-02 
 2.248261e+01  3.012016e-02 
 2.248293e+01  3.012014e-02 
 2.248325e+01  3.012013e-02 
 2.248357e+01  3.012011e-02 
 2.248389e+01  3.012010e-02 
 2.248422e+01  3.012008e-02 
 2.248454e+01  3.012007e-02 
 2.248486e+01  3.012006e-02 
 2.248518e+01  3.012004e-02 
 2.248550e+01  3.012003e-02 
 2.248582e+01  3.012001e-02 
 2.248615e+01  3.012000e-02 
 2.248647e+01  3.011999e-02 
 2.248679e+01  3.011997e-02 
 2.248711e+01  3.011996e-02 
 2.248743e+01  3.011994e-02 
 2.248775e+01  3.011993e-02 
 2.248807e+01  3.011992e-02 
 2.248840e+01  3.011990e-02 
 2.248872e+01  3.011989e-02 
 2.248904e+01  3.011988e-02 
 2.248936e+01  3.011987e-02 
 2.248968e+01  3.011985e-02 
 2.249000e+01  3.011984e-02 
 2.249033e+01  3.011983e-02 
 2.249065e+01  3.011982e-02 
 2.249097e+01  3.011980e-02 
 2.249129e+01  3.011979e-02 
 2.249161e+01  3.011978e-02 
 2.249193e+01  3.011977e-02 
 2.249225e+01  3.011976e-02 
 2.249258e+01  3.011974e-02 
 2.249290e+01  3.011973e-02 
 2.249322e+01  3.011972e-02 
 2.249354e+01  3.011971e-02 
 2.249386e+01  3.011970e-02 
 2.249418e+01  3.011969e-02 
 2.249451e+01  3.011968e-02 
 2.249483e+01  3.011967e-02 
 2.249515e+01  3.011966e-02 
 2.249547e+01  3.011965e-02 
 2.249579e+01  3.011964e-02 
 2.249611e+01  3.011963e-02 
 2.249644e+01  3.011962e-02 
 2.249676e+01  3.011961e-02 
 2.249708e+01  3.011960e-02 
 2.249740e+01  3.011959e-02 
 2.249772e+01  3.011958e-02 
 2.249804e+01  3.011957e-02 
 2.249836e+01  3.011956e-02 
 2.249869e+01  3.011955e-02 
 2.249901e+01  3.011954e-02 
 2.249933e+01  3.011953e-02 
 2.249965e+01  3.011952e-02 
 2.249997e+01  3.011951e-02 
 2.250029e+01  3.011950e-02 
 2.250062e+01  3.011950e-02 
 2.250094e+01  3.011949e-02 
 2.250126e+01  3.011948e-02 
 2.250158e+01  3.011947e-02 
 2.250190e+01  3.011946e-02 
 2.250222e+01  3.011945e-02 
 2.250254e+01  3.011945e-02 
 2.250287e+01  3.011944e-02 
 2.250319e+01  3.011943e-02 
 2.250351e+01  3.011942e-02 
 2.250383e+01  3.011942e-02 
 2.250415e+01  3.011941e-02 
 2.250447e+01  3.011940e-02 
 2.250480e+01  3.011940e-02 
 2.250512e+01  3.011939e-02 
 2.250544e+01  3.011938e-02 
 2.250576e+01  3.011938e-02 
 2.250608e+01  3.011937e-02 
 2.250640e+01  3.011936e-02 
 2.250672e+01  3.011936e-02 
 2.250705e+01  3.011935e-02 
 2.250737e+01  3.011934e-02 
 2.250769e+01  3.011934e-02 
 2.250801e+01  3.011933e-02 
 2.250833e+01  3.011933e-02 
 2.250865e+01  3.011932e-02 
 2.250898e+01  3.011932e-02 
 2.250930e+01  3.011931e-02 
 2.250962e+01  3.011931e-02 
 2.250994e+01  3.011930e-02 
 2.251026e+01  3.011930e-02 
 2.251058e+01  3.011929e-02 
 2.251091e+01  3.011929e-02 
 2.251123e+01  3.011928e-02 
 2.251155e+01  3.011928e-02 
 2.251187e+01  3.011927e-02 
 2.251219e+01  3.011927e-02 
 2.251251e+01  3.011927e-02 
 2.251283e+01  3.011926e-02 
 2.251316e+01  3.011926e-02 
 2.251348e+01  3.011925e-02 
 2.251380e+01  3.011925e-02 
 2.251412e+01  3.011925e-02 
 2.251444e+01  3.011924e-02 
 2.251476e+01  3.011924e-02 
 2.251509e+01  3.011924e-02 
 2.251541e+01  3.011923e-02 
 2.251573e+01  3.011923e-02 
 2.251605e+01  3.011923e-02 
 2.251637e+01  3.011922e-02 
 2.251669e+01  3.011922e-02 
 2.251701e+01  3.011922e-02 
 2.251734e+01  3.011922e-02 
 2.251766e+01  3.011921e-02 
 2.251798e+01  3.011921e-02 
 2.251830e+01  3.011921e-02 
 2.251862e+01  3.011921e-02 
 2.251894e+01  3.011920e-02 
 2.251927e+01  3.011920e-02 
 2.251959e+01  3.011920e-02 
 2.251991e+01  3.011920e-02 
 2.252023e+01  3.011920e-02 
 2.252055e+01  3.011919e-02 
 2.252087e+01  3.011919e-02 
 2.252120e+01  3.011919e-02 
 2.252152e+01  3.011919e-02 
 2.252184e+01  3.011919e-02 
 2.252216e+01  3.011919e-02 
 2.252248e+01  3.011919e-02 
 2.252280e+01  3.011919e-02 
 2.252312e+01  3.011918e-02 
 2.252345e+01  3.011918e-02 
 2.252377e+01  3.011918e-02 
 2.252409e+01  3.011918e-02 
 2.252441e+01  3.011918e-02 
 2.252473e+01  3.011918e-02 
 2.252505e+01  3.011918e-02 
 2.252538e+01  3.011918e-02 
 2.252570e+01  3.011918e-02 
 2.252602e+01  3.011918e-02 
 2.252634e+01  3.011918e-02 
 2.252666e+01  3.011918e-02 
 2.252698e+01  3.011918e-02 
 2.252730e+01  3.011918e-02 
 2.252763e+01  3.011918e-02 
 2.252795e+01  3.011918e-02 
 2.252827e+01  3.011918e-02 
 2.252859e+01  3.011918e-02 
 2.252891e+01  3.011918e-02 
 2.252923e+01  3.011919e-02 
 2.252956e+01  3.011919e-02 
 2.252988e+01  3.011919e-02 
 2.253020e+01  3.011919e-02 
 2.253052e+01  3.011919e-02 
 2.253084e+01  3.011919e-02 
 2.253116e+01  3.011919e-02 
 2.253148e+01  3.011919e-02 
 2.253181e+01  3.011920e-02 
 2.253213e+01  3.011920e-02 
 2.253245e+01  3.011920e-02 
 2.253277e+01  3.011920e-02 
 2.253309e+01  3.011920e-02 
 2.253341e+01  3.011920e-02 
 2.253374e+01  3.011921e-02 
 2.253406e+01  3.011921e-02 
 2.253438e+01  3.011921e-02 
 2.253470e+01  3.011921e-02 
 2.253502e+01  3.011922e-02 
 2.253534e+01  3.011922e-02 
 2.253567e+01  3.011922e-02 
 2.253599e+01  3.011923e-02 
 2.253631e+01  3.011923e-02 
 2.253663e+01  3.011923e-02 
 2.253695e+01  3.011923e-02 
 2.253727e+01  3.011924e-02 
 2.253759e+01  3.011924e-02 
 2.253792e+01  3.011924e-02 
 2.253824e+01  3.011925e-02 
 2.253856e+01  3.011925e-02 
 2.253888e+01  3.011926e-02 
 2.253920e+01  3.011926e-02 
 2.253952e+01  3.011926e-02 
 2.253985e+01  3.011927e-02 
 2.254017e+01  3.011927e-02 
 2.254049e+01  3.011928e-02 
 2.254081e+01  3.011928e-02 
 2.254113e+01  3.011928e-02 
 2.254145e+01  3.011929e-02 
 2.254177e+01  3.011929e-02 
 2.254210e+01  3.011930e-02 
 2.254242e+01  3.011930e-02 
 2.254274e+01  3.011931e-02 
 2.254306e+01  3.011931e-02 
 2.254338e+01  3.011932e-02 
 2.254370e+01  3.011932e-02 
 2.254403e+01  3.011933e-02 
 2.254435e+01  3.011933e-02 
 2.254467e+01  3.011934e-02 
 2.254499e+01  3.011935e-02 
 2.254531e+01  3.011935e-02 
 2.254563e+01  3.011936e-02 
 2.254595e+01  3.011936e-02 
 2.254628e+01  3.011937e-02 
 2.254660e+01  3.011937e-02 
 2.254692e+01  3.011938e-02 
 2.254724e+01  3.011939e-02 
 2.254756e+01  3.011939e-02 
 2.254788e+01  3.011940e-02 
 2.254821e+01  3.011941e-02 
 2.254853e+01  3.011941e-02 
 2.254885e+01  3.011942e-02 
 2.254917e+01  3.011943e-02 
 2.254949e+01  3.011943e-02 
 2.254981e+01  3.011944e-02 
 2.255014e+01  3.011945e-02 
 2.255046e+01  3.011945e-02 
 2.255078e+01  3.011946e-02 
 2.255110e+01  3.011947e-02 
 2.255142e+01  3.011948e-02 
 2.255174e+01  3.011948e-02 
 2.255206e+01  3.011949e-02 
 2.255239e+01  3.011950e-02 
 2.255271e+01  3.011951e-02 
 2.255303e+01  3.011952e-02 
 2.255335e+01  3.011952e-02 
 2.255367e+01  3.011953e-02 
 2.255399e+01  3.011954e-02 
 2.255432e+01  3.011955e-02 
 2.255464e+01  3.011956e-02 
 2.255496e+01  3.011956e-02 
 2.255528e+01  3.011957e-02 
 2.255560e+01  3.011958e-02 
 2.255592e+01  3.011959e-02 
 2.255624e+01  3.011960e-02 
 2.255657e+01  3.011961e-02 
 2.255689e+01  3.011962e-02 
 2.255721e+01  3.011962e-02 
 2.255753e+01  3.011963e-02 
 2.255785e+01  3.011964e-02 
 2.255817e+01  3.011965e-02 
 2.255850e+01  3.011966e-02 
 2.255882e+01  3.011967e-02 
 2.255914e+01  3.011968e-02 
 2.255946e+01  3.011969e-02 
 2.255978e+01  3.011970e-02 
 2.256010e+01  3.011971e-02 
 2.256042e+01  3.011972e-02 
 2.256075e+01  3.011973e-02 
 2.256107e+01  3.011974e-02 
 2.256139e+01  3.011975e-02 
 2.256171e+01  3.011976e-02 
 2.256203e+01  3.011977e-02 
 2.256235e+01  3.011978e-02 
 2.256268e+01  3.011979e-02 
 2.256300e+01  3.011980e-02 
 2.256332e+01  3.011981e-02 
 2.256364e+01  3.011982e-02 
 2.256396e+01  3.011983e-02 
 2.256428e+01  3.011984e-02 
 2.256461e+01  3.011985e-02 
 2.256493e+01  3.011986e-02 
 2.256525e+01  3.011987e-02 
 2.256557e+01  3.011988e-02 
 2.256589e+01  3.011989e-02 
 2.256621e+01  3.011990e-02 
 2.256653e+01  3.011991e-02 
 2.256686e+01  3.011992e-02 
 2.256718e+01  3.011993e-02 
 2.256750e+01  3.011995e-02 
 2.256782e+01  3.011996e-02 
 2.256814e+01  3.011997e-02 
 2.256846e+01  3.011998e-02 
 2.256879e+01  3.011999e-02 
 2.256911e+01  3.012000e-02 
 2.256943e+01  3.012001e-02 
 2.256975e+01  3.012002e-02 
 2.257007e+01  3.012003e-02 
 2.257039e+01  3.012004e-02 
 2.257071e+01  3.012005e-02 
 2.257104e+01  3.012007e-02 
 2.257136e+01  3.012008e-02 
 2.257168e+01  3.012009e-02 
 2.257200e+01  3.012010e-02 
 2.257232e+01  3.012011e-02 
 2.257264e+01  3.012012e-02 
 2.257297e+01  3.012013e-02 
 2.257329e+01  3.012014e-02 
 2.257361e+01  3.012015e-02 
 2.257393e+01  3.012016e-02 
 2.257425e+01  3.012018e-02 
 2.257457e+01  3.012019e-02 
 2.257489e+01  3.012020e-02 
 2.257522e+01  3.012021e-02 
 2.257554e+01  3.012022e-02 
 2.257586e+01  3.012023e-02 
 2.257618e+01  3.012024e-02 
 2.257650e+01  3.012025e-02 
 2.257682e+01  3.012026e-02 
 2.257715e+01  3.012027e-02 
 2.257747e+01  3.012029e-02 
 2.257779e+01  3.012030e-02 
 2.257811e+01  3.012031e-02 
 2.257843e+01  3.012032e-02 
 2.257875e+01  3.012033e-02 
 2.257908e+01  3.012034e-02 
 2.257940e+01  3.012035e-02 
 2.257972e+01  3.012036e-02 
 2.258004e+01  3.012037e-02 
 2.258036e+01  3.012038e-02 
 2.258068e+01  3.012040e-02 
 2.258100e+01  3.012041e-02 
 2.258133e+01  3.012042e-02 
 2.258165e+01  3.012043e-02 
 2.258197e+01  3.012044e-02 
 2.258229e+01  3.012045e-02 
 2.258261e+01  3.012046e-02 
 2.258293e+01  3.012047e-02 
 2.258326e+01  3.012048e-02 
 2.258358e+01  3.012049e-02 
 2.258390e+01  3.012050e-02 
 2.258422e+01  3.012051e-02 
 2.258454e+01  3.012053e-02 
 2.258486e+01  3.012054e-02 
 2.258518e+01  3.012055e-02 
 2.258551e+01  3.012056e-02 
 2.258583e+01  3.012057e-02 
 2.258615e+01  3.012058e-02 
 2.258647e+01  3.012059e-02 
 2.258679e+01  3.012060e-02 
 2.258711e+01  3.012061e-02 
 2.258744e+01  3.012062e-02 
 2.258776e+01  3.012063e-02 
 2.258808e+01  3.012064e-02 
 2.258840e+01  3.012065e-02 
 2.258872e+01  3.012066e-02 
 2.258904e+01  3.012067e-02 
 2.258936e+01  3.012068e-02 
 2.258969e+01  3.012070e-02 
 2.259001e+01  3.012071e-02 
 2.259033e+01  3.012072e-02 
 2.259065e+01  3.012073e-02 
 2.259097e+01  3.012074e-02 
 2.259129e+01  3.012075e-02 
 2.259162e+01  3.012076e-02 
 2.259194e+01  3.012077e-02 
 2.259226e+01  3.012078e-02 
 2.259258e+01  3.012079e-02 
 2.259290e+01  3.012080e-02 
 2.259322e+01  3.012081e-02 
 2.259355e+01  3.012082e-02 
 2.259387e+01  3.012083e-02 
 2.259419e+01  3.012084e-02 
 2.259451e+01  3.012085e-02 
 2.259483e+01  3.012086e-02 
 2.259515e+01  3.012087e-02 
 2.259547e+01  3.012088e-02 
 2.259580e+01  3.012089e-02 
 2.259612e+01  3.012090e-02 
 2.259644e+01  3.012091e-02 
 2.259676e+01  3.012092e-02 
 2.259708e+01  3.012093e-02 
 2.259740e+01  3.012094e-02 
 2.259773e+01  3.012095e-02 
 2.259805e+01  3.012096e-02 
 2.259837e+01  3.012097e-02 
 2.259869e+01  3.012098e-02 
 2.259901e+01  3.012099e-02 
 2.259933e+01  3.012100e-02 
 2.259965e+01  3.012101e-02 
 2.259998e+01  3.012102e-02 
 2.260030e+01  3.012103e-02 
 2.260062e+01  3.012104e-02 
 2.260094e+01  3.012105e-02 
 2.260126e+01  3.012106e-02 
 2.260158e+01  3.012107e-02 
 2.260191e+01  3.012108e-02 
 2.260223e+01  3.012109e-02 
 2.260255e+01  3.012110e-02 
 2.260287e+01  3.012111e-02 
 2.260319e+01  3.012112e-02 
 2.260351e+01  3.012113e-02 
 2.260383e+01  3.012114e-02 
 2.260416e+01  3.012115e-02 
 2.260448e+01  3.012116e-02 
 2.260480e+01  3.012117e-02 
 2.260512e+01  3.012117e-02 
 2.260544e+01  3.012118e-02 
 2.260576e+01  3.012119e-02 
 2.260609e+01  3.012120e-02 
 2.260641e+01  3.012121e-02 
 2.260673e+01  3.012122e-02 
 2.260705e+01  3.012123e-02 
 2.260737e+01  3.012124e-02 
 2.260769e+01  3.012125e-02 
 2.260802e+01  3.012126e-02 
 2.260834e+01  3.012127e-02 
 2.260866e+01  3.012128e-02 
 2.260898e+01  3.012128e-02 
 2.260930e+01  3.012129e-02 
 2.260962e+01  3.012130e-02 
 2.260994e+01  3.012131e-02 
 2.261027e+01  3.012132e-02 
 2.261059e+01  3.012133e-02 
 2.261091e+01  3.012134e-02 
 2.261123e+01  3.012135e-02 
 2.261155e+01  3.012136e-02 
 2.261187e+01  3.012136e-02 
 2.261220e+01  3.012137e-02 
 2.261252e+01  3.012138e-02 
 2.261284e+01  3.012139e-02 
 2.261316e+01  3.012140e-02 
 2.261348e+01  3.012141e-02 
 2.261380e+01  3.012142e-02 
 2.261412e+01  3.012142e-02 
 2.261445e+01  3.012143e-02 
 2.261477e+01  3.012144e-02 
 2.261509e+01  3.012145e-02 
 2.261541e+01  3.012146e-02 
 2.261573e+01  3.012147e-02 
 2.261605e+01  3.012147e-02 
 2.261638e+01  3.012148e-02 
 2.261670e+01  3.012149e-02 
 2.261702e+01  3.012150e-02 
 2.261734e+01  3.012151e-02 
 2.261766e+01  3.012151e-02 
 2.261798e+01  3.012152e-02 
 2.261830e+01  3.012153e-02 
 2.261863e+01  3.012154e-02 
 2.261895e+01  3.012155e-02 
 2.261927e+01  3.012155e-02 
 2.261959e+01  3.012156e-02 
 2.261991e+01  3.012157e-02 
 2.262023e+01  3.012158e-02 
 2.262056e+01  3.012159e-02 
 2.262088e+01  3.012159e-02 
 2.262120e+01  3.012160e-02 
 2.262152e+01  3.012161e-02 
 2.262184e+01  3.012162e-02 
 2.262216e+01  3.012162e-02 
 2.262249e+01  3.012163e-02 
 2.262281e+01  3.012164e-02 
 2.262313e+01  3.012165e-02 
 2.262345e+01  3.012165e-02 
 2.262377e+01  3.012166e-02 
 2.262409e+01  3.012167e-02 
 2.262441e+01  3.012167e-02 
 2.262474e+01  3.012168e-02 
 2.262506e+01  3.012169e-02 
 2.262538e+01  3.012170e-02 
 2.262570e+01  3.012170e-02 
 2.262602e+01  3.012171e-02 
 2.262634e+01  3.012172e-02 
 2.262667e+01  3.012172e-02 
 2.262699e+01  3.012173e-02 
 2.262731e+01  3.012174e-02 
 2.262763e+01  3.012174e-02 
 2.262795e+01  3.012175e-02 
 2.262827e+01  3.012176e-02 
 2.262859e+01  3.012176e-02 
 2.262892e+01  3.012177e-02 
 2.262924e+01  3.012178e-02 
 2.262956e+01  3.012178e-02 
 2.262988e+01  3.012179e-02 
 2.263020e+01  3.012180e-02 
 2.263052e+01  3.012180e-02 
 2.263085e+01  3.012181e-02 
 2.263117e+01  3.012182e-02 
 2.263149e+01  3.012182e-02 
 2.263181e+01  3.012183e-02 
 2.263213e+01  3.012183e-02 
 2.263245e+01  3.012184e-02 
 2.263277e+01  3.012185e-02 
 2.263310e+01  3.012185e-02 
 2.263342e+01  3.012186e-02 
 2.263374e+01  3.012186e-02 
 2.263406e+01  3.012187e-02 
 2.263438e+01  3.012188e-02 
 2.263470e+01  3.012188e-02 
 2.263503e+01  3.012189e-02 
 2.263535e+01  3.012189e-02 
 2.263567e+01  3.012190e-02 
 2.263599e+01  3.012190e-02 
 2.263631e+01  3.012191e-02 
 2.263663e+01  3.012192e-02 
 2.263696e+01  3.012192e-02 
 2.263728e+01  3.012193e-02 
 2.263760e+01  3.012193e-02 
 2.263792e+01  3.012194e-02 
 2.263824e+01  3.012194e-02 
 2.263856e+01  3.012195e-02 
 2.263888e+01  3.012195e-02 
 2.263921e+01  3.012196e-02 
 2.263953e+01  3.012196e-02 
 2.263985e+01  3.012197e-02 
 2.264017e+01  3.012197e-02 
 2.264049e+01  3.012198e-02 
 2.264081e+01  3.012198e-02 
 2.264114e+01  3.012199e-02 
 2.264146e+01  3.012199e-02 
 2.264178e+01  3.012200e-02 
 2.264210e+01  3.012200e-02 
 2.264242e+01  3.012201e-02 
 2.264274e+01  3.012201e-02 
 2.264306e+01  3.012202e-02 
 2.264339e+01  3.012202e-02 
 2.264371e+01  3.012203e-02 
 2.264403e+01  3.012203e-02 
 2.264435e+01  3.012203e-02 
 2.264467e+01  3.012204e-02 
 2.264499e+01  3.012204e-02 
 2.264532e+01  3.012205e-02 
 2.264564e+01  3.012205e-02 
 2.264596e+01  3.012206e-02 
 2.264628e+01  3.012206e-02 
 2.264660e+01  3.012206e-02 
 2.264692e+01  3.012207e-02 
 2.264724e+01  3.012207e-02 
 2.264757e+01  3.012208e-02 
 2.264789e+01  3.012208e-02 
 2.264821e+01  3.012208e-02 
 2.264853e+01  3.012209e-02 
 2.264885e+01  3.012209e-02 
 2.264917e+01  3.012210e-02 
 2.264950e+01  3.012210e-02 
 2.264982e+01  3.012210e-02 
 2.265014e+01  3.012211e-02 
 2.265046e+01  3.012211e-02 
 2.265078e+01  3.012211e-02 
 2.265110e+01  3.012212e-02 
 2.265143e+01  3.012212e-02 
 2.265175e+01  3.012212e-02 
 2.265207e+01  3.012213e-02 
 2.265239e+01  3.012213e-02 
 2.265271e+01  3.012213e-02 
 2.265303e+01  3.012214e-02 
 2.265335e+01  3.012214e-02 
 2.265368e+01  3.012214e-02 
 2.265400e+01  3.012215e-02 
 2.265432e+01  3.012215e-02 
 2.265464e+01  3.012215e-02 
 2.265496e+01  3.012216e-02 
 2.265528e+01  3.012216e-02 
 2.265561e+01  3.012216e-02 
 2.265593e+01  3.012216e-02 
 2.265625e+01  3.012217e-02 
 2.265657e+01  3.012217e-02 
 2.265689e+01  3.012217e-02 
 2.265721e+01  3.012218e-02 
 2.265753e+01  3.012218e-02 
 2.265786e+01  3.012218e-02 
 2.265818e+01  3.012218e-02 
 2.265850e+01  3.012219e-02 
 2.265882e+01  3.012219e-02 
 2.265914e+01  3.012219e-02 
 2.265946e+01  3.012219e-02 
 2.265979e+01  3.012220e-02 
 2.266011e+01  3.012220e-02 
 2.266043e+01  3.012220e-02 
 2.266075e+01  3.012220e-02 
 2.266107e+01  3.012220e-02 
 2.266139e+01  3.012221e-02 
 2.266171e+01  3.012221e-02 
 2.266204e+01  3.012221e-02 
 2.266236e+01  3.012221e-02 
 2.266268e+01  3.012221e-02 
 2.266300e+01  3.012222e-02 
 2.266332e+01  3.012222e-02 
 2.266364e+01  3.012222e-02 
 2.266397e+01  3.012222e-02 
 2.266429e+01  3.012222e-02 
 2.266461e+01  3.012222e-02 
 2.266493e+01  3.012223e-02 
 2.266525e+01  3.012223e-02 
 2.266557e+01  3.012223e-02 
 2.266590e+01  3.012223e-02 
 2.266622e+01  3.012223e-02 
 2.266654e+01  3.012223e-02 
 2.266686e+01  3.012223e-02 
 2.266718e+01  3.012224e-02 
 2.266750e+01  3.012224e-02 
 2.266782e+01  3.012224e-02 
 2.266815e+01  3.012224e-02 
 2.266847e+01  3.012224e-02 
 2.266879e+01  3.012224e-02 
 2.266911e+01  3.012224e-02 
 2.266943e+01  3.012224e-02 
 2.266975e+01  3.012224e-02 
 2.267008e+01  3.012224e-02 
 2.267040e+01  3.012224e-02 
 2.267072e+01  3.012225e-02 
 2.267104e+01  3.012225e-02 
 2.267136e+01  3.012225e-02 
 2.267168e+01  3.012225e-02 
 2.267200e+01  3.012225e-02 
 2.267233e+01  3.012225e-02 
 2.267265e+01  3.012225e-02 
 2.267297e+01  3.012225e-02 
 2.267329e+01  3.012225e-02 
 2.267361e+01  3.012225e-02 
 2.267393e+01  3.012225e-02 
 2.267426e+01  3.012225e-02 
 2.267458e+01  3.012225e-02 
 2.267490e+01  3.012225e-02 
 2.267522e+01  3.012225e-02 
 2.267554e+01  3.012225e-02 
 2.267586e+01  3.012225e-02 
 2.267619e+01  3.012225e-02 
 2.267651e+01  3.012225e-02 
 2.267683e+01  3.012225e-02 
 2.267715e+01  3.012225e-02 
 2.267747e+01  3.012225e-02 
 2.267779e+01  3.012225e-02 
 2.267811e+01  3.012225e-02 
 2.267844e+01  3.012224e-02 
 2.267876e+01  3.012224e-02 
 2.267908e+01  3.012224e-02 
 2.267940e+01  3.012224e-02 
 2.267972e+01  3.012224e-02 
 2.268004e+01  3.012224e-02 
 2.268037e+01  3.012224e-02 
 2.268069e+01  3.012224e-02 
 2.268101e+01  3.012224e-02 
 2.268133e+01  3.012224e-02 
 2.268165e+01  3.012223e-02 
 2.268197e+01  3.012223e-02 
 2.268229e+01  3.012223e-02 
 2.268262e+01  3.012223e-02 
 2.268294e+01  3.012223e-02 
 2.268326e+01  3.012223e-02 
 2.268358e+01  3.012223e-02 
 2.268390e+01  3.012222e-02 
 2.268422e+01  3.012222e-02 
 2.268455e+01  3.012222e-02 
 2.268487e+01  3.012222e-02 
 2.268519e+01  3.012222e-02 
 2.268551e+01  3.012221e-02 
 2.268583e+01  3.012221e-02 
 2.268615e+01  3.012221e-02 
 2.268647e+01  3.012221e-02 
 2.268680e+01  3.012221e-02 
 2.268712e+01  3.012220e-02 
 2.268744e+01  3.012220e-02 
 2.268776e+01  3.012220e-02 
 2.268808e+01  3.012220e-02 
 2.268840e+01  3.012219e-02 
 2.268873e+01  3.012219e-02 
 2.268905e+01  3.012219e-02 
 2.268937e+01  3.012219e-02 
 2.268969e+01  3.012218e-02 
 2.269001e+01  3.012218e-02 
 2.269033e+01  3.012218e-02 
 2.269066e+01  3.012217e-02 
 2.269098e+01  3.012217e-02 
 2.269130e+01  3.012217e-02 
 2.269162e+01  3.012216e-02 
 2.269194e+01  3.012216e-02 
 2.269226e+01  3.012216e-02 
 2.269258e+01  3.012215e-02 
 2.269291e+01  3.012215e-02 
 2.269323e+01  3.012215e-02 
 2.269355e+01  3.012214e-02 
 2.269387e+01  3.012214e-02 
 2.269419e+01  3.012214e-02 
 2.269451e+01  3.012213e-02 
 2.269484e+01  3.012213e-02 
 2.269516e+01  3.012212e-02 
 2.269548e+01  3.012212e-02 
 2.269580e+01  3.012212e-02 
 2.269612e+01  3.012211e-02 
 2.269644e+01  3.012211e-02 
 2.269676e+01  3.012210e-02 
 2.269709e+01  3.012210e-02 
 2.269741e+01  3.012210e-02 
 2.269773e+01  3.012209e-02 
 2.269805e+01  3.012209e-02 
 2.269837e+01  3.012208e-02 
 2.269869e+01  3.012208e-02 
 2.269902e+01  3.012207e-02 
 2.269934e+01  3.012207e-02 
 2.269966e+01  3.012206e-02 
 2.269998e+01  3.012206e-02 
 2.270030e+01  3.012205e-02 
 2.270062e+01  3.012205e-02 
 2.270094e+01  3.012204e-02 
 2.270127e+01  3.012204e-02 
 2.270159e+01  3.012203e-02 
 2.270191e+01  3.012203e-02 
 2.270223e+01  3.012202e-02 
 2.270255e+01  3.012202e-02 
 2.270287e+01  3.012201e-02 
 2.270320e+01  3.012201e-02 
 2.270352e+01  3.012200e-02 
 2.270384e+01  3.012200e-02 
 2.270416e+01  3.012199e-02 
 2.270448e+01  3.012198e-02 
 2.270480e+01  3.012198e-02 
 2.270513e+01  3.012197e-02 
 2.270545e+01  3.012197e-02 
 2.270577e+01  3.012196e-02 
 2.270609e+01  3.012196e-02 
 2.270641e+01  3.012195e-02 
 2.270673e+01  3.012194e-02 
 2.270705e+01  3.012194e-02 
 2.270738e+01  3.012193e-02 
 2.270770e+01  3.012193e-02 
 2.270802e+01  3.012192e-02 
 2.270834e+01  3.012191e-02 
 2.270866e+01  3.012191e-02 
 2.270898e+01  3.012190e-02 
 2.270931e+01  3.012190e-02 
 2.270963e+01  3.012189e-02 
 2.270995e+01  3.012188e-02 
 2.271027e+01  3.012188e-02 
 2.271059e+01  3.012187e-02 
 2.271091e+01  3.012186e-02 
 2.271123e+01  3.012186e-02 
 2.271156e+01  3.012185e-02 
 2.271188e+01  3.012184e-02 
 2.271220e+01  3.012184e-02 
 2.271252e+01  3.012183e-02 
 2.271284e+01  3.012182e-02 
 2.271316e+01  3.012182e-02 
 2.271349e+01  3.012181e-02 
 2.271381e+01  3.012180e-02 
 2.271413e+01  3.012180e-02 
 2.271445e+01  3.012179e-02 
 2.271477e+01  3.012178e-02 
 2.271509e+01  3.012178e-02 
 2.271541e+01  3.012177e-02 
 2.271574e+01  3.012176e-02 
 2.271606e+01  3.012176e-02 
 2.271638e+01  3.012175e-02 
 2.271670e+01  3.012174e-02 
 2.271702e+01  3.012174e-02 
 2.271734e+01  3.012173e-02 
 2.271767e+01  3.012172e-02 
 2.271799e+01  3.012172e-02 
 2.271831e+01  3.012171e-02 
 2.271863e+01  3.012170e-02 
 2.271895e+01  3.012169e-02 
 2.271927e+01  3.012169e-02 
 2.271960e+01  3.012168e-02 
 2.271992e+01  3.012167e-02 
 2.272024e+01  3.012167e-02 
 2.272056e+01  3.012166e-02 
 2.272088e+01  3.012165e-02 
 2.272120e+01  3.012164e-02 
 2.272152e+01  3.012164e-02 
 2.272185e+01  3.012163e-02 
 2.272217e+01  3.012162e-02 
 2.272249e+01  3.012161e-02 
 2.272281e+01  3.012161e-02 
 2.272313e+01  3.012160e-02 
 2.272345e+01  3.012159e-02 
 2.272378e+01  3.012158e-02 
 2.272410e+01  3.012158e-02 
 2.272442e+01  3.012157e-02 
 2.272474e+01  3.012156e-02 
 2.272506e+01  3.012155e-02 
 2.272538e+01  3.012155e-02 
 2.272570e+01  3.012154e-02 
 2.272603e+01  3.012153e-02 
 2.272635e+01  3.012152e-02 
 2.272667e+01  3.012151e-02 
 2.272699e+01  3.012151e-02 
 2.272731e+01  3.012150e-02 
 2.272763e+01  3.012149e-02 
 2.272796e+01  3.012148e-02 
 2.272828e+01  3.012147e-02 
 2.272860e+01  3.012147e-02 
 2.272892e+01  3.012146e-02 
 2.272924e+01  3.012145e-02 
 2.272956e+01  3.012144e-02 
 2.272988e+01  3.012143e-02 
 2.273021e+01  3.012143e-02 
 2.273053e+01  3.012142e-02 
 2.273085e+01  3.012141e-02 
 2.273117e+01  3.012140e-02 
 2.273149e+01  3.012139e-02 
 2.273181e+01  3.012138e-02 
 2.273214e+01  3.012138e-02 
 2.273246e+01  3.012137e-02 
 2.273278e+01  3.012136e-02 
 2.273310e+01  3.012135e-02 
 2.273342e+01  3.012134e-02 
 2.273374e+01  3.012133e-02 
 2.273407e+01  3.012132e-02 
 2.273439e+01  3.012131e-02 
 2.273471e+01  3.012131e-02 
 2.273503e+01  3.012130e-02 
 2.273535e+01  3.012129e-02 
 2.273567e+01  3.012128e-02 
 2.273599e+01  3.012127e-02 
 2.273632e+01  3.012126e-02 
 2.273664e+01  3.012125e-02 
 2.273696e+01  3.012124e-02 
 2.273728e+01  3.012123e-02 
 2.273760e+01  3.012122e-02 
 2.273792e+01  3.012122e-02 
 2.273825e+01  3.012121e-02 
 2.273857e+01  3.012120e-02 
 2.273889e+01  3.012119e-02 
 2.273921e+01  3.012118e-02 
 2.273953e+01  3.012117e-02 
 2.273985e+01  3.012116e-02 
 2.274017e+01  3.012115e-02 
 2.274050e+01  3.012114e-02 
 2.274082e+01  3.012113e-02 
 2.274114e+01  3.012112e-02 
 2.274146e+01  3.012111e-02 
 2.274178e+01  3.012110e-02 
 2.274210e+01  3.012109e-02 
 2.274243e+01  3.012108e-02 
 2.274275e+01  3.012107e-02 
 2.274307e+01  3.012106e-02 
 2.274339e+01  3.012105e-02 
 2.274371e+01  3.012104e-02 
 2.274403e+01  3.012103e-02 
 2.274435e+01  3.012102e-02 
 2.274468e+01  3.012101e-02 
 2.274500e+01  3.012100e-02 
 2.274532e+01  3.012099e-02 
 2.274564e+01  3.012098e-02 
 2.274596e+01  3.012097e-02 
 2.274628e+01  3.012096e-02 
 2.274661e+01  3.012095e-02 
 2.274693e+01  3.012094e-02 
 2.274725e+01  3.012093e-02 
 2.274757e+01  3.012092e-02 
 2.274789e+01  3.012091e-02 
 2.274821e+01  3.012090e-02 
 2.274854e+01  3.012089e-02 
 2.274886e+01  3.012087e-02 
 2.274918e+01  3.012086e-02 
 2.274950e+01  3.012085e-02 
 2.274982e+01  3.012084e-02 
 2.275014e+01  3.012083e-02 
 2.275046e+01  3.012082e-02 
 2.275079e+01  3.012081e-02 
 2.275111e+01  3.012080e-02 
 2.275143e+01  3.012079e-02 
 2.275175e+01  3.012078e-02 
 2.275207e+01  3.012077e-02 
 2.275239e+01  3.012075e-02 
 2.275272e+01  3.012074e-02 
 2.275304e+01  3.012073e-02 
 2.275336e+01  3.012072e-02 
 2.275368e+01  3.012071e-02 
 2.275400e+01  3.012070e-02 
 2.275432e+01  3.012069e-02 
 2.275464e+01  3.012068e-02 
 2.275497e+01  3.012066e-02 
 2.275529e+01  3.012065e-02 
 2.275561e+01  3.012064e-02 
 2.275593e+01  3.012063e-02 
 2.275625e+01  3.012062e-02 
 2.275657e+01  3.012061e-02 
 2.275690e+01  3.012060e-02 
 2.275722e+01  3.012059e-02 
 2.275754e+01  3.012057e-02 
 2.275786e+01  3.012056e-02 
 2.275818e+01  3.012055e-02 
 2.275850e+01  3.012054e-02 
 2.275882e+01  3.012053e-02 
 2.275915e+01  3.012052e-02 
 2.275947e+01  3.012051e-02 
 2.275979e+01  3.012049e-02 
 2.276011e+01  3.012048e-02 
 2.276043e+01  3.012047e-02 
 2.276075e+01  3.012046e-02 
 2.276108e+01  3.012045e-02 
 2.276140e+01  3.012044e-02 
 2.276172e+01  3.012043e-02 
 2.276204e+01  3.012041e-02 
 2.276236e+01  3.012040e-02 
 2.276268e+01  3.012039e-02 
 2.276301e+01  3.012038e-02 
 2.276333e+01  3.012037e-02 
 2.276365e+01  3.012036e-02 
 2.276397e+01  3.012035e-02 
 2.276429e+01  3.012033e-02 
 2.276461e+01  3.012032e-02 
 2.276493e+01  3.012031e-02 
 2.276526e+01  3.012030e-02 
 2.276558e+01  3.012029e-02 
 2.276590e+01  3.012028e-02 
 2.276622e+01  3.012027e-02 
 2.276654e+01  3.012025e-02 
 2.276686e+01  3.012024e-02 
 2.276719e+01  3.012023e-02 
 2.276751e+01  3.012022e-02 
 2.276783e+01  3.012021e-02 
 2.276815e+01  3.012020e-02 
 2.276847e+01  3.012019e-02 
 2.276879e+01  3.012018e-02 
 2.276911e+01  3.012016e-02 
 2.276944e+01  3.012015e-02 
 2.276976e+01  3.012014e-02 
 2.277008e+01  3.012013e-02 
 2.277040e+01  3.012012e-02 
 2.277072e+01  3.012011e-02 
 2.277104e+01  3.012010e-02 
 2.277137e+01  3.012009e-02 
 2.277169e+01  3.012008e-02 
 2.277201e+01  3.012006e-02 
 2.277233e+01  3.012005e-02 
 2.277265e+01  3.012004e-02 
 2.277297e+01  3.012003e-02 
 2.277329e+01  3.012002e-02 
 2.277362e+01  3.012001e-02 
 2.277394e+01  3.012000e-02 
 2.277426e+01  3.011999e-02 
 2.277458e+01  3.011998e-02 
 2.277490e+01  3.011997e-02 
 2.277522e+01  3.011996e-02 
 2.277555e+01  3.011994e-02 
 2.277587e+01  3.011993e-02 
 2.277619e+01  3.011992e-02 
 2.277651e+01  3.011991e-02 
 2.277683e+01  3.011990e-02 
 2.277715e+01  3.011989e-02 
 2.277748e+01  3.011988e-02 
 2.277780e+01  3.011987e-02 
 2.277812e+01  3.011986e-02 
 2.277844e+01  3.011985e-02 
 2.277876e+01  3.011984e-02 
 2.277908e+01  3.011983e-02 
 2.277940e+01  3.011982e-02 
 2.277973e+01  3.011981e-02 
 2.278005e+01  3.011980e-02 
 2.278037e+01  3.011979e-02 
 2.278069e+01  3.011978e-02 
 2.278101e+01  3.011977e-02 
 2.278133e+01  3.011976e-02 
 2.278166e+01  3.011975e-02 
 2.278198e+01  3.011974e-02 
 2.278230e+01  3.011972e-02 
 2.278262e+01  3.011971e-02 
 2.278294e+01  3.011970e-02 
 2.278326e+01  3.011969e-02 
 2.278358e+01  3.011968e-02 
 2.278391e+01  3.011967e-02 
 2.278423e+01  3.011967e-02 
 2.278455e+01  3.011966e-02 
 2.278487e+01  3.011965e-02 
 2.278519e+01  3.011964e-02 
 2.278551e+01  3.011963e-02 
 2.278584e+01  3.011962e-02 
 2.278616e+01  3.011961e-02 
 2.278648e+01  3.011960e-02 
 2.278680e+01  3.011959e-02 
 2.278712e+01  3.011958e-02 
 2.278744e+01  3.011957e-02 
 2.278776e+01  3.011956e-02 
 2.278809e+01  3.011955e-02 
 2.278841e+01  3.011954e-02 
 2.278873e+01  3.011953e-02 
 2.278905e+01  3.011952e-02 
 2.278937e+01  3.011951e-02 
 2.278969e+01  3.011950e-02 
 2.279002e+01  3.011949e-02 
 2.279034e+01  3.011949e-02 
 2.279066e+01  3.011948e-02 
 2.279098e+01  3.011947e-02 
 2.279130e+01  3.011946e-02 
 2.279162e+01  3.011945e-02 
 2.279195e+01  3.011944e-02 
 2.279227e+01  3.011943e-02 
 2.279259e+01  3.011942e-02 
 2.279291e+01  3.011941e-02 
 2.279323e+01  3.011940e-02 
 2.279355e+01  3.011940e-02 
 2.279387e+01  3.011939e-02 
 2.279420e+01  3.011938e-02 
 2.279452e+01  3.011937e-02 
 2.279484e+01  3.011936e-02 
 2.279516e+01  3.011935e-02 
 2.279548e+01  3.011934e-02 
 2.279580e+01  3.011934e-02 
 2.279613e+01  3.011933e-02 
 2.279645e+01  3.011932e-02 
 2.279677e+01  3.011931e-02 
 2.279709e+01  3.011930e-02 
 2.279741e+01  3.011929e-02 
 2.279773e+01  3.011928e-02 
 2.279805e+01  3.011928e-02 
 2.279838e+01  3.011927e-02 
 2.279870e+01  3.011926e-02 
 2.279902e+01  3.011925e-02 
 2.279934e+01  3.011924e-02 
 2.279966e+01  3.011923e-02 
 2.279998e+01  3.011923e-02 
 2.280031e+01  3.011922e-02 
 2.280063e+01  3.011921e-02 
 2.280095e+01  3.011920e-02 
 2.280127e+01  3.011919e-02 
 2.280159e+01  3.011919e-02 
 2.280191e+01  3.011918e-02 
 2.280223e+01  3.011917e-02 
 2.280256e+01  3.011916e-02 
 2.280288e+01  3.011915e-02 
 2.280320e+01  3.011915e-02 
 2.280352e+01  3.011914e-02 
 2.280384e+01  3.011913e-02 
 2.280416e+01  3.011912e-02 
 2.280449e+01  3.011911e-02 
 2.280481e+01  3.011911e-02 
 2.280513e+01  3.011910e-02 
 2.280545e+01  3.011909e-02 
 2.280577e+01  3.011908e-02 
 2.280609e+01  3.011907e-02 
 2.280642e+01  3.011907e-02 
 2.280674e+01  3.011906e-02 
 2.280706e+01  3.011905e-02 
 2.280738e+01  3.011904e-02 
 2.280770e+01  3.011904e-02 
 2.280802e+01  3.011903e-02 
 2.280834e+01  3.011902e-02 
 2.280867e+01  3.011901e-02 
 2.280899e+01  3.011901e-02 
 2.280931e+01  3.011900e-02 
 2.280963e+01  3.011899e-02 
 2.280995e+01  3.011898e-02 
 2.281027e+01  3.011898e-02 
 2.281060e+01  3.011897e-02 
 2.281092e+01  3.011896e-02 
 2.281124e+01  3.011895e-02 
 2.281156e+01  3.011895e-02 
 2.281188e+01  3.011894e-02 
 2.281220e+01  3.011893e-02 
 2.281252e+01  3.011893e-02 
 2.281285e+01  3.011892e-02 
 2.281317e+01  3.011891e-02 
 2.281349e+01  3.011890e-02 
 2.281381e+01  3.011890e-02 
 2.281413e+01  3.011889e-02 
 2.281445e+01  3.011888e-02 
 2.281478e+01  3.011888e-02 
 2.281510e+01  3.011887e-02 
 2.281542e+01  3.011886e-02 
 2.281574e+01  3.011885e-02 
 2.281606e+01  3.011885e-02 
 2.281638e+01  3.011884e-02 
 2.281671e+01  3.011883e-02 
 2.281703e+01  3.011883e-02 
 2.281735e+01  3.011882e-02 
 2.281767e+01  3.011881e-02 
 2.281799e+01  3.011881e-02 
 2.281831e+01  3.011880e-02 
 2.281863e+01  3.011879e-02 
 2.281896e+01  3.011879e-02 
 2.281928e+01  3.011878e-02 
 2.281960e+01  3.011878e-02 
 2.281992e+01  3.011877e-02 
 2.282024e+01  3.011876e-02 
 2.282056e+01  3.011876e-02 
 2.282089e+01  3.011875e-02 
 2.282121e+01  3.011874e-02 
 2.282153e+01  3.011874e-02 
 2.282185e+01  3.011873e-02 
 2.282217e+01  3.011873e-02 
 2.282249e+01  3.011872e-02 
 2.282281e+01  3.011871e-02 
 2.282314e+01  3.011871e-02 
 2.282346e+01  3.011870e-02 
 2.282378e+01  3.011870e-02 
 2.282410e+01  3.011869e-02 
 2.282442e+01  3.011869e-02 
 2.282474e+01  3.011868e-02 
 2.282507e+01  3.011867e-02 
 2.282539e+01  3.011867e-02 
 2.282571e+01  3.011866e-02 
 2.282603e+01  3.011866e-02 
 2.282635e+01  3.011865e-02 
 2.282667e+01  3.011865e-02 
 2.282699e+01  3.011864e-02 
 2.282732e+01  3.011864e-02 
 2.282764e+01  3.011863e-02 
 2.282796e+01  3.011863e-02 
 2.282828e+01  3.011862e-02 
 2.282860e+01  3.011862e-02 
 2.282892e+01  3.011861e-02 
 2.282925e+01  3.011861e-02 
 2.282957e+01  3.011860e-02 
 2.282989e+01  3.011860e-02 
 2.283021e+01  3.011859e-02 
 2.283053e+01  3.011859e-02 
 2.283085e+01  3.011858e-02 
 2.283118e+01  3.011858e-02 
 2.283150e+01  3.011858e-02 
 2.283182e+01  3.011857e-02 
 2.283214e+01  3.011857e-02 
 2.283246e+01  3.011856e-02 
 2.283278e+01  3.011856e-02 
 2.283310e+01  3.011855e-02 
 2.283343e+01  3.011855e-02 
 2.283375e+01  3.011855e-02 
 2.283407e+01  3.011854e-02 
 2.283439e+01  3.011854e-02 
 2.283471e+01  3.011854e-02 
 2.283503e+01  3.011853e-02 
 2.283536e+01  3.011853e-02 
 2.283568e+01  3.011852e-02 
 2.283600e+01  3.011852e-02 
 2.283632e+01  3.011852e-02 
 2.283664e+01  3.011851e-02 
 2.283696e+01  3.011851e-02 
 2.283728e+01  3.011851e-02 
 2.283761e+01  3.011850e-02 
 2.283793e+01  3.011850e-02 
 2.283825e+01  3.011850e-02 
 2.283857e+01  3.011849e-02 
 2.283889e+01  3.011849e-02 
 2.283921e+01  3.011849e-02 
 2.283954e+01  3.011849e-02 
 2.283986e+01  3.011848e-02 
 2.284018e+01  3.011848e-02 
 2.284050e+01  3.011848e-02 
 2.284082e+01  3.011847e-02 
 2.284114e+01  3.011847e-02 
 2.284146e+01  3.011847e-02 
 2.284179e+01  3.011847e-02 
 2.284211e+01  3.011846e-02 
 2.284243e+01  3.011846e-02 
 2.284275e+01  3.011846e-02 
 2.284307e+01  3.011846e-02 
 2.284339e+01  3.011845e-02 
 2.284372e+01  3.011845e-02 
 2.284404e+01  3.011845e-02 
 2.284436e+01  3.011845e-02 
 2.284468e+01  3.011845e-02 
 2.284500e+01  3.011844e-02 
 2.284532e+01  3.011844e-02 
 2.284565e+01  3.011844e-02 
 2.284597e+01  3.011844e-02 
 2.284629e+01  3.011844e-02 
 2.284661e+01  3.011843e-02 
 2.284693e+01  3.011843e-02 
 2.284725e+01  3.011843e-02 
 2.284757e+01  3.011843e-02 
 2.284790e+01  3.011843e-02 
 2.284822e+01  3.011843e-02 
 2.284854e+01  3.011842e-02 
 2.284886e+01  3.011842e-02 
 2.284918e+01  3.011842e-02 
 2.284950e+01  3.011842e-02 
 2.284983e+01  3.011842e-02 
 2.285015e+01  3.011842e-02 
 2.285047e+01  3.011842e-02 
 2.285079e+01  3.011841e-02 
 2.285111e+01  3.011841e-02 
 2.285143e+01  3.011841e-02 
 2.285175e+01  3.011841e-02 
 2.285208e+01  3.011841e-02 
 2.285240e+01  3.011841e-02 
 2.285272e+01  3.011841e-02 
 2.285304e+01  3.011841e-02 
 2.285336e+01  3.011841e-02 
 2.285368e+01  3.011841e-02 
 2.285401e+01  3.011840e-02 
 2.285433e+01  3.011840e-02 
 2.285465e+01  3.011840e-02 
 2.285497e+01  3.011840e-02 
 2.285529e+01  3.011840e-02 
 2.285561e+01  3.011840e-02 
 2.285593e+01  3.011840e-02 
 2.285626e+01  3.011840e-02 
 2.285658e+01  3.011840e-02 
 2.285690e+01  3.011840e-02 
 2.285722e+01  3.011840e-02 
 2.285754e+01  3.011840e-02 
 2.285786e+01  3.011840e-02 
 2.285819e+01  3.011840e-02 
 2.285851e+01  3.011840e-02 
 2.285883e+01  3.011840e-02 
 2.285915e+01  3.011840e-02 
 2.285947e+01  3.011840e-02 
 2.285979e+01  3.011840e-02 
 2.286012e+01  3.011840e-02 
 2.286044e+01  3.011840e-02 
 2.286076e+01  3.011840e-02 
 2.286108e+01  3.011840e-02 
 2.286140e+01  3.011840e-02 
 2.286172e+01  3.011840e-02 
 2.286204e+01  3.011840e-02 
 2.286237e+01  3.011840e-02 
 2.286269e+01  3.011840e-02 
 2.286301e+01  3.011840e-02 
 2.286333e+01  3.011840e-02 
 2.286365e+01  3.011840e-02 
 2.286397e+01  3.011840e-02 
 2.286430e+01  3.011840e-02 
 2.286462e+01  3.011840e-02 
 2.286494e+01  3.011840e-02 
 2.286526e+01  3.011840e-02 
 2.286558e+01  3.011840e-02 
 2.286590e+01  3.011840e-02 
 2.286622e+01  3.011840e-02 
 2.286655e+01  3.011840e-02 
 2.286687e+01  3.011841e-02 
 2.286719e+01  3.011841e-02 
 2.286751e+01  3.011841e-02 
 2.286783e+01  3.011841e-02 
 2.286815e+01  3.011841e-02 
 2.286848e+01  3.011841e-02 
 2.286880e+01  3.011841e-02 
 2.286912e+01  3.011841e-02 
 2.286944e+01  3.011841e-02 
 2.286976e+01  3.011842e-02 
 2.287008e+01  3.011842e-02 
 2.287040e+01  3.011842e-02 
 2.287073e+01  3.011842e-02 
 2.287105e+01  3.011842e-02 
 2.287137e+01  3.011842e-02 
 2.287169e+01  3.011843e-02 
 2.287201e+01  3.011843e-02 
 2.287233e+01  3.011843e-02 
 2.287266e+01  3.011843e-02 
 2.287298e+01  3.011843e-02 
 2.287330e+01  3.011844e-02 
 2.287362e+01  3.011844e-02 
 2.287394e+01  3.011844e-02 
 2.287426e+01  3.011844e-02 
 2.287459e+01  3.011844e-02 
 2.287491e+01  3.011845e-02 
 2.287523e+01  3.011845e-02 
 2.287555e+01  3.011845e-02 
 2.287587e+01  3.011845e-02 
 2.287619e+01  3.011846e-02 
 2.287651e+01  3.011846e-02 
 2.287684e+01  3.011846e-02 
 2.287716e+01  3.011846e-02 
 2.287748e+01  3.011847e-02 
 2.287780e+01  3.011847e-02 
 2.287812e+01  3.011847e-02 
 2.287844e+01  3.011847e-02 
 2.287877e+01  3.011848e-02 
 2.287909e+01  3.011848e-02 
 2.287941e+01  3.011848e-02 
 2.287973e+01  3.011849e-02 
 2.288005e+01  3.011849e-02 
 2.288037e+01  3.011849e-02 
 2.288069e+01  3.011850e-02 
 2.288102e+01  3.011850e-02 
 2.288134e+01  3.011850e-02 
 2.288166e+01  3.011851e-02 
 2.288198e+01  3.011851e-02 
 2.288230e+01  3.011851e-02 
 2.288262e+01  3.011852e-02 
 2.288295e+01  3.011852e-02 
 2.288327e+01  3.011852e-02 
 2.288359e+01  3.011853e-02 
 2.288391e+01  3.011853e-02 
 2.288423e+01  3.011854e-02 
 2.288455e+01  3.011854e-02 
 2.288487e+01  3.011854e-02 
 2.288520e+01  3.011855e-02 
 2.288552e+01  3.011855e-02 
 2.288584e+01  3.011856e-02 
 2.288616e+01  3.011856e-02 
 2.288648e+01  3.011857e-02 
 2.288680e+01  3.011857e-02 
 2.288713e+01  3.011857e-02 
 2.288745e+01  3.011858e-02 
 2.288777e+01  3.011858e-02 
 2.288809e+01  3.011859e-02 
 2.288841e+01  3.011859e-02 
 2.288873e+01  3.011860e-02 
 2.288906e+01  3.011860e-02 
 2.288938e+01  3.011861e-02 
 2.288970e+01  3.011861e-02 
 2.289002e+01  3.011862e-02 
 2.289034e+01  3.011862e-02 
 2.289066e+01  3.011863e-02 
 2.289098e+01  3.011863e-02 
 2.289131e+01  3.011864e-02 
 2.289163e+01  3.011864e-02 
 2.289195e+01  3.011865e-02 
 2.289227e+01  3.011865e-02 
 2.289259e+01  3.011866e-02 
 2.289291e+01  3.011866e-02 
 2.289324e+01  3.011867e-02 
 2.289356e+01  3.011867e-02 
 2.289388e+01  3.011868e-02 
 2.289420e+01  3.011868e-02 
 2.289452e+01  3.011869e-02 
 2.289484e+01  3.011869e-02 
 2.289516e+01  3.011870e-02 
 2.289549e+01  3.011871e-02 
 2.289581e+01  3.011871e-02 
 2.289613e+01  3.011872e-02 
 2.289645e+01  3.011872e-02 
 2.289677e+01  3.011873e-02 
 2.289709e+01  3.011873e-02 
 2.289742e+01  3.011874e-02 
 2.289774e+01  3.011875e-02 
 2.289806e+01  3.011875e-02 
 2.289838e+01  3.011876e-02 
 2.289870e+01  3.011876e-02 
 2.289902e+01  3.011877e-02 
 2.289934e+01  3.011877e-02 
 2.289967e+01  3.011878e-02 
 2.289999e+01  3.011879e-02 
 2.290031e+01  3.011879e-02 
 2.290063e+01  3.011880e-02 
 2.290095e+01  3.011880e-02 
 2.290127e+01  3.011881e-02 
 2.290160e+01  3.011881e-02 
 2.290192e+01  3.011882e-02 
 2.290224e+01  3.011883e-02 
 2.290256e+01  3.011883e-02 
 2.290288e+01  3.011884e-02 
 2.290320e+01  3.011884e-02 
 2.290353e+01  3.011885e-02 
 2.290385e+01  3.011885e-02 
 2.290417e+01  3.011886e-02 
 2.290449e+01  3.011887e-02 
 2.290481e+01  3.011887e-02 
 2.290513e+01  3.011888e-02 
 2.290545e+01  3.011888e-02 
 2.290578e+01  3.011889e-02 
 2.290610e+01  3.011889e-02 
 2.290642e+01  3.011890e-02 
 2.290674e+01  3.011891e-02 
 2.290706e+01  3.011891e-02 
 2.290738e+01  3.011892e-02 
 2.290771e+01  3.011892e-02 
 2.290803e+01  3.011893e-02 
 2.290835e+01  3.011893e-02 
 2.290867e+01  3.011894e-02 
 2.290899e+01  3.011895e-02 
 2.290931e+01  3.011895e-02 
 2.290963e+01  3.011896e-02 
 2.290996e+01  3.011896e-02 
 2.291028e+01  3.011897e-02 
 2.291060e+01  3.011897e-02 
 2.291092e+01  3.011898e-02 
 2.291124e+01  3.011898e-02 
 2.291156e+01  3.011899e-02 
 2.291189e+01  3.011900e-02 
 2.291221e+01  3.011900e-02 
 2.291253e+01  3.011901e-02 
 2.291285e+01  3.011901e-02 
 2.291317e+01  3.011902e-02 
 2.291349e+01  3.011902e-02 
 2.291381e+01  3.011903e-02 
 2.291414e+01  3.011903e-02 
 2.291446e+01  3.011904e-02 
 2.291478e+01  3.011905e-02 
 2.291510e+01  3.011905e-02 
 2.291542e+01  3.011906e-02 
 2.291574e+01  3.011906e-02 
 2.291607e+01  3.011907e-02 
 2.291639e+01  3.011907e-02 
 2.291671e+01  3.011908e-02 
 2.291703e+01  3.011908e-02 
 2.291735e+01  3.011909e-02 
 2.291767e+01  3.011909e-02 
 2.291800e+01  3.011910e-02 
 2.291832e+01  3.011911e-02 
 2.291864e+01  3.011911e-02 
 2.291896e+01  3.011912e-02 
 2.291928e+01  3.011912e-02 
 2.291960e+01  3.011913e-02 
 2.291992e+01  3.011913e-02 
 2.292025e+01  3.011914e-02 
 2.292057e+01  3.011914e-02 
 2.292089e+01  3.011915e-02 
 2.292121e+01  3.011915e-02 
 2.292153e+01  3.011916e-02 
 2.292185e+01  3.011917e-02 
 2.292218e+01  3.011917e-02 
 2.292250e+01  3.011918e-02 
 2.292282e+01  3.011918e-02 
 2.292314e+01  3.011919e-02 
 2.292346e+01  3.011919e-02 
 2.292378e+01  3.011920e-02 
 2.292410e+01  3.011921e-02 
 2.292443e+01  3.011921e-02 
 2.292475e+01  3.011922e-02 
 2.292507e+01  3.011922e-02 
 2.292539e+01  3.011923e-02 
 2.292571e+01  3.011923e-02 
 2.292603e+01  3.011924e-02 
 2.292636e+01  3.011925e-02 
 2.292668e+01  3.011925e-02 
 2.292700e+01  3.011926e-02 
 2.292732e+01  3.011926e-02 
 2.292764e+01  3.011927e-02 
 2.292796e+01  3.011927e-02 
 2.292828e+01  3.011928e-02 
 2.292861e+01  3.011929e-02 
 2.292893e+01  3.011929e-02 
 2.292925e+01  3.011930e-02 
 2.292957e+01  3.011930e-02 
 2.292989e+01  3.011931e-02 
 2.293021e+01  3.011932e-02 
 2.293054e+01  3.011932e-02 
 2.293086e+01  3.011933e-02 
 2.293118e+01  3.011933e-02 
 2.293150e+01  3.011934e-02 
 2.293182e+01  3.011935e-02 
 2.293214e+01  3.011935e-02 
 2.293247e+01  3.011936e-02 
 2.293279e+01  3.011937e-02 
 2.293311e+01  3.011937e-02 
 2.293343e+01  3.011938e-02 
 2.293375e+01  3.011938e-02 
 2.293407e+01  3.011939e-02 
 2.293439e+01  3.011940e-02 
 2.293472e+01  3.011940e-02 
 2.293504e+01  3.011941e-02 
 2.293536e+01  3.011942e-02 
 2.293568e+01  3.011942e-02 
 2.293600e+01  3.011943e-02 
 2.293632e+01  3.011944e-02 
 2.293665e+01  3.011944e-02 
 2.293697e+01  3.011945e-02 
 2.293729e+01  3.011946e-02 
 2.293761e+01  3.011946e-02 
 2.293793e+01  3.011947e-02 
 2.293825e+01  3.011948e-02 
 2.293857e+01  3.011948e-02 
 2.293890e+01  3.011949e-02 
 2.293922e+01  3.011950e-02 
 2.293954e+01  3.011950e-02 
 2.293986e+01  3.011951e-02 
 2.294018e+01  3.011952e-02 
 2.294050e+01  3.011952e-02 
 2.294083e+01  3.011953e-02 
 2.294115e+01  3.011954e-02 
 2.294147e+01  3.011954e-02 
 2.294179e+01  3.011955e-02 
 2.294211e+01  3.011956e-02 
 2.294243e+01  3.011956e-02 
 2.294275e+01  3.011957e-02 
 2.294308e+01  3.011958e-02 
 2.294340e+01  3.011958e-02 
 2.294372e+01  3.011959e-02 
 2.294404e+01  3.011960e-02 
 2.294436e+01  3.011960e-02 
 2.294468e+01  3.011961e-02 
 2.294501e+01  3.011962e-02 
 2.294533e+01  3.011962e-02 
 2.294565e+01  3.011963e-02 
 2.294597e+01  3.011964e-02 
 2.294629e+01  3.011964e-02 
 2.294661e+01  3.011965e-02 
 2.294694e+01  3.011966e-02 
 2.294726e+01  3.011966e-02 
 2.294758e+01  3.011967e-02 
 2.294790e+01  3.011968e-02 
 2.294822e+01  3.011969e-02 
 2.294854e+01  3.011969e-02 
 2.294886e+01  3.011970e-02 
 2.294919e+01  3.011971e-02 
 2.294951e+01  3.011971e-02 
 2.294983e+01  3.011972e-02 
 2.295015e+01  3.011973e-02 
 2.295047e+01  3.011973e-02 
 2.295079e+01  3.011974e-02 
 2.295112e+01  3.011975e-02 
 2.295144e+01  3.011975e-02 
 2.295176e+01  3.011976e-02 
 2.295208e+01  3.011977e-02 
 2.295240e+01  3.011977e-02 
 2.295272e+01  3.011978e-02 
 2.295304e+01  3.011979e-02 
 2.295337e+01  3.011979e-02 
 2.295369e+01  3.011980e-02 
 2.295401e+01  3.011981e-02 
 2.295433e+01  3.011981e-02 
 2.295465e+01  3.011982e-02 
 2.295497e+01  3.011983e-02 
 2.295530e+01  3.011983e-02 
 2.295562e+01  3.011984e-02 
 2.295594e+01  3.011985e-02 
 2.295626e+01  3.011985e-02 
 2.295658e+01  3.011986e-02 
 2.295690e+01  3.011987e-02 
 2.295722e+01  3.011987e-02 
 2.295755e+01  3.011988e-02 
 2.295787e+01  3.011989e-02 
 2.295819e+01  3.011989e-02 
 2.295851e+01  3.011990e-02 
 2.295883e+01  3.011991e-02 
 2.295915e+01  3.011991e-02 
 2.295948e+01  3.011992e-02 
 2.295980e+01  3.011993e-02 
 2.296012e+01  3.011993e-02 
 2.296044e+01  3.011994e-02 
 2.296076e+01  3.011994e-02 
 2.296108e+01  3.011995e-02 
 2.296141e+01  3.011996e-02 
 2.296173e+01  3.011996e-02 
 2.296205e+01  3.011997e-02 
 2.296237e+01  3.011998e-02 
 2.296269e+01  3.011998e-02 
 2.296301e+01  3.011999e-02 
 2.296333e+01  3.012000e-02 
 2.296366e+01  3.012000e-02 
 2.296398e+01  3.012001e-02 
 2.296430e+01  3.012002e-02 
 2.296462e+01  3.012002e-02 
 2.296494e+01  3.012003e-02 
 2.296526e+01  3.012003e-02 
 2.296559e+01  3.012004e-02 
 2.296591e+01  3.012005e-02 
 2.296623e+01  3.012005e-02 
 2.296655e+01  3.012006e-02 
 2.296687e+01  3.012007e-02 
 2.296719e+01  3.012007e-02 
 2.296751e+01  3.012008e-02 
 2.296784e+01  3.012008e-02 
 2.296816e+01  3.012009e-02 
 2.296848e+01  3.012010e-02 
 2.296880e+01  3.012010e-02 
 2.296912e+01  3.012011e-02 
 2.296944e+01  3.012012e-02 
 2.296977e+01  3.012012e-02 
 2.297009e+01  3.012013e-02 
 2.297041e+01  3.012013e-02 
 2.297073e+01  3.012014e-02 
 2.297105e+01  3.012015e-02 
 2.297137e+01  3.012015e-02 
 2.297170e+01  3.012016e-02 
 2.297202e+01  3.012016e-02 
 2.297234e+01  3.012017e-02 
 2.297266e+01  3.012018e-02 
 2.297298e+01  3.012018e-02 
 2.297330e+01  3.012019e-02 
 2.297362e+01  3.012020e-02 
 2.297395e+01  3.012020e-02 
 2.297427e+01  3.012021e-02 
 2.297459e+01  3.012021e-02 
 2.297491e+01  3.012022e-02 
 2.297523e+01  3.012023e-02 
 2.297555e+01  3.012023e-02 
 2.297588e+01  3.012024e-02 
 2.297620e+01  3.012024e-02 
 2.297652e+01  3.012025e-02 
 2.297684e+01  3.012026e-02 
 2.297716e+01  3.012026e-02 
 2.297748e+01  3.012027e-02 
 2.297780e+01  3.012027e-02 
 2.297813e+01  3.012028e-02 
 2.297845e+01  3.012029e-02 
 2.297877e+01  3.012029e-02 
 2.297909e+01  3.012030e-02 
 2.297941e+01  3.012031e-02 
 2.297973e+01  3.012031e-02 
 2.298006e+01  3.012032e-02 
 2.298038e+01  3.012032e-02 
 2.298070e+01  3.012033e-02 
 2.298102e+01  3.012034e-02 
 2.298134e+01  3.012034e-02 
 2.298166e+01  3.012035e-02 
 2.298198e+01  3.012035e-02 
 2.298231e+01  3.012036e-02 
 2.298263e+01  3.012036e-02 
 2.298295e+01  3.012037e-02 
 2.298327e+01  3.012038e-02 
 2.298359e+01  3.012038e-02 
 2.298391e+01  3.012039e-02 
 2.298424e+01  3.012039e-02 
 2.298456e+01  3.012040e-02 
 2.298488e+01  3.012041e-02 
 2.298520e+01  3.012041e-02 
 2.298552e+01  3.012042e-02 
 2.298584e+01  3.012042e-02 
 2.298617e+01  3.012043e-02 
 2.298649e+01  3.012044e-02 
 2.298681e+01  3.012044e-02 
 2.298713e+01  3.012045e-02 
 2.298745e+01  3.012045e-02 
 2.298777e+01  3.012046e-02 
 2.298809e+01  3.012046e-02 
 2.298842e+01  3.012047e-02 
 2.298874e+01  3.012048e-02 
 2.298906e+01  3.012048e-02 
 2.298938e+01  3.012049e-02 
 2.298970e+01  3.012049e-02 
 2.299002e+01  3.012050e-02 
 2.299035e+01  3.012050e-02 
 2.299067e+01  3.012051e-02 
 2.299099e+01  3.012051e-02 
 2.299131e+01  3.012052e-02 
 2.299163e+01  3.012053e-02 
 2.299195e+01  3.012053e-02 
 2.299227e+01  3.012054e-02 
 2.299260e+01  3.012054e-02 
 2.299292e+01  3.012055e-02 
 2.299324e+01  3.012055e-02 
 2.299356e+01  3.012056e-02 
 2.299388e+01  3.012056e-02 
 2.299420e+01  3.012057e-02 
 2.299453e+01  3.012057e-02 
 2.299485e+01  3.012058e-02 
 2.299517e+01  3.012059e-02 
 2.299549e+01  3.012059e-02 
 2.299581e+01  3.012060e-02 
 2.299613e+01  3.012060e-02 
 2.299645e+01  3.012061e-02 
 2.299678e+01  3.012061e-02 
 2.299710e+01  3.012062e-02 
 2.299742e+01  3.012062e-02 
 2.299774e+01  3.012063e-02 
 2.299806e+01  3.012063e-02 
 2.299838e+01  3.012064e-02 
 2.299871e+01  3.012064e-02 
 2.299903e+01  3.012065e-02 
 2.299935e+01  3.012065e-02 
 2.299967e+01  3.012066e-02 
 2.299999e+01  3.012066e-02 
 2.300031e+01  3.012067e-02 
 2.300064e+01  3.012068e-02 
 2.300096e+01  3.012068e-02 
 2.300128e+01  3.012069e-02 
 2.300160e+01  3.012069e-02 
 2.300192e+01  3.012070e-02 
 2.300224e+01  3.012070e-02 
 2.300256e+01  3.012071e-02 
 2.300289e+01  3.012071e-02 
 2.300321e+01  3.012072e-02 
 2.300353e+01  3.012072e-02 
 2.300385e+01  3.012073e-02 
 2.300417e+01  3.012073e-02 
 2.300449e+01  3.012074e-02 
 2.300482e+01  3.012074e-02 
 2.300514e+01  3.012075e-02 
 2.300546e+01  3.012075e-02 
 2.300578e+01  3.012075e-02 
 2.300610e+01  3.012076e-02 
 2.300642e+01  3.012076e-02 
 2.300674e+01  3.012077e-02 
 2.300707e+01  3.012077e-02 
 2.300739e+01  3.012078e-02 
 2.300771e+01  3.012078e-02 
 2.300803e+01  3.012079e-02 
 2.300835e+01  3.012079e-02 
 2.300867e+01  3.012080e-02 
 2.300900e+01  3.012080e-02 
 2.300932e+01  3.012081e-02 
 2.300964e+01  3.012081e-02 
 2.300996e+01  3.012082e-02 
 2.301028e+01  3.012082e-02 
 2.301060e+01  3.012082e-02 
 2.301092e+01  3.012083e-02 
 2.301125e+01  3.012083e-02 
 2.301157e+01  3.012084e-02 
 2.301189e+01  3.012084e-02 
 2.301221e+01  3.012085e-02 
 2.301253e+01  3.012085e-02 
 2.301285e+01  3.012085e-02 
 2.301318e+01  3.012086e-02 
 2.301350e+01  3.012086e-02 
 2.301382e+01  3.012087e-02 
 2.301414e+01  3.012087e-02 
 2.301446e+01  3.012087e-02 
 2.301478e+01  3.012088e-02 
 2.301511e+01  3.012088e-02 
 2.301543e+01  3.012089e-02 
 2.301575e+01  3.012089e-02 
 2.301607e+01  3.012089e-02 
 2.301639e+01  3.012090e-02 
 2.301671e+01  3.012090e-02 
 2.301703e+01  3.012090e-02 
 2.301736e+01  3.012091e-02 
 2.301768e+01  3.012091e-02 
 2.301800e+01  3.012092e-02 
 2.301832e+01  3.012092e-02 
 2.301864e+01  3.012092e-02 
 2.301896e+01  3.012093e-02 
 2.301929e+01  3.012093e-02 
 2.301961e+01  3.012093e-02 
 2.301993e+01  3.012094e-02 
 2.302025e+01  3.012094e-02 
 2.302057e+01  3.012094e-02 
 2.302089e+01  3.012095e-02 
 2.302121e+01  3.012095e-02 
 2.302154e+01  3.012095e-02 
 2.302186e+01  3.012096e-02 
 2.302218e+01  3.012096e-02 
 2.302250e+01  3.012096e-02 
 2.302282e+01  3.012096e-02 
 2.302314e+01  3.012097e-02 
 2.302347e+01  3.012097e-02 
 2.302379e+01  3.012097e-02 
 2.302411e+01  3.012098e-02 
 2.302443e+01  3.012098e-02 
 2.302475e+01  3.012098e-02 
 2.302507e+01  3.012098e-02 
 2.302539e+01  3.012099e-02 
 2.302572e+01  3.012099e-02 
 2.302604e+01  3.012099e-02 
 2.302636e+01  3.012100e-02 
 2.302668e+01  3.012100e-02 
 2.302700e+01  3.012100e-02 
 2.302732e+01  3.012100e-02 
 2.302765e+01  3.012101e-02 
 2.302797e+01  3.012101e-02 
 2.302829e+01  3.012101e-02 
 2.302861e+01  3.012101e-02 
 2.302893e+01  3.012102e-02 
 2.302925e+01  3.012102e-02 
 2.302958e+01  3.012102e-02 
 2.302990e+01  3.012102e-02 
 2.303022e+01  3.012103e-02 
 2.303054e+01  3.012103e-02 
 2.303086e+01  3.012103e-02 
 2.303118e+01  3.012103e-02 
 2.303150e+01  3.012104e-02 
 2.303183e+01  3.012104e-02 
 2.303215e+01  3.012104e-02 
 2.303247e+01  3.012104e-02 
 2.303279e+01  3.012105e-02 
 2.303311e+01  3.012105e-02 
 2.303343e+01  3.012105e-02 
 2.303376e+01  3.012105e-02 
 2.303408e+01  3.012105e-02 
 2.303440e+01  3.012106e-02 
 2.303472e+01  3.012106e-02 
 2.303504e+01  3.012106e-02 
 2.303536e+01  3.012106e-02 
 2.303568e+01  3.012107e-02 
 2.303601e+01  3.012107e-02 
 2.303633e+01  3.012107e-02 
 2.303665e+01  3.012107e-02 
 2.303697e+01  3.012108e-02 
 2.303729e+01  3.012108e-02 
 2.303761e+01  3.012108e-02 
 2.303794e+01  3.012108e-02 
 2.303826e+01  3.012108e-02 
 2.303858e+01  3.012109e-02 
 2.303890e+01  3.012109e-02 
 2.303922e+01  3.012109e-02 
 2.303954e+01  3.012109e-02 
 2.303986e+01  3.012110e-02 
 2.304019e+01  3.012110e-02 
 2.304051e+01  3.012110e-02 
 2.304083e+01  3.012110e-02 
 2.304115e+01  3.012111e-02 
 2.304147e+01  3.012111e-02 
 2.304179e+01  3.012111e-02 
 2.304212e+01  3.012111e-02 
 2.304244e+01  3.012111e-02 
 2.304276e+01  3.012112e-02 
 2.304308e+01  3.012112e-02 
 2.304340e+01  3.012112e-02 
 2.304372e+01  3.012112e-02 
 2.304405e+01  3.012113e-02 
 2.304437e+01  3.012113e-02 
 2.304469e+01  3.012113e-02 
 2.304501e+01  3.012113e-02 
 2.304533e+01  3.012114e-02 
 2.304565e+01  3.012114e-02 
 2.304597e+01  3.012114e-02 
 2.304630e+01  3.012114e-02 
 2.304662e+01  3.012115e-02 
 2.304694e+01  3.012115e-02 
 2.304726e+01  3.012115e-02 
 2.304758e+01  3.012115e-02 
 2.304790e+01  3.012115e-02 
 2.304823e+01  3.012116e-02 
 2.304855e+01  3.012116e-02 
 2.304887e+01  3.012116e-02 
 2.304919e+01  3.012116e-02 
 2.304951e+01  3.012117e-02 
 2.304983e+01  3.012117e-02 
 2.305015e+01  3.012117e-02 
 2.305048e+01  3.012117e-02 
 2.305080e+01  3.012118e-02 
 2.305112e+01  3.012118e-02 
 2.305144e+01  3.012118e-02 
 2.305176e+01  3.012118e-02 
 2.305208e+01  3.012119e-02 
 2.305241e+01  3.012119e-02 
 2.305273e+01  3.012119e-02 
 2.305305e+01  3.012119e-02 
 2.305337e+01  3.012119e-02 
 2.305369e+01  3.012120e-02 
 2.305401e+01  3.012120e-02 
 2.305433e+01  3.012120e-02 
 2.305466e+01  3.012120e-02 
 2.305498e+01  3.012121e-02 
 2.305530e+01  3.012121e-02 
 2.305562e+01  3.012121e-02 
 2.305594e+01  3.012121e-02 
 2.305626e+01  3.012121e-02 
 2.305659e+01  3.012122e-02 
 2.305691e+01  3.012122e-02 
 2.305723e+01  3.012122e-02 
 2.305755e+01  3.012122e-02 
 2.305787e+01  3.012122e-02 
 2.305819e+01  3.012123e-02 
 2.305852e+01  3.012123e-02 
 2.305884e+01  3.012123e-02 
 2.305916e+01  3.012123e-02 
 2.305948e+01  3.012123e-02 
 2.305980e+01  3.012124e-02 
 2.306012e+01  3.012124e-02 
 2.306044e+01  3.012124e-02 
 2.306077e+01  3.012124e-02 
 2.306109e+01  3.012124e-02 
 2.306141e+01  3.012124e-02 
 2.306173e+01  3.012125e-02 
 2.306205e+01  3.012125e-02 
 2.306237e+01  3.012125e-02 
 2.306270e+01  3.012125e-02 
 2.306302e+01  3.012125e-02 
 2.306334e+01  3.012125e-02 
 2.306366e+01  3.012126e-02 
 2.306398e+01  3.012126e-02 
 2.306430e+01  3.012126e-02 
 2.306462e+01  3.012126e-02 
 2.306495e+01  3.012126e-02 
 2.306527e+01  3.012126e-02 
 2.306559e+01  3.012127e-02 
 2.306591e+01  3.012127e-02 
 2.306623e+01  3.012127e-02 
 2.306655e+01  3.012127e-02 
 2.306688e+01  3.012127e-02 
 2.306720e+01  3.012127e-02 
 2.306752e+01  3.012127e-02 
 2.306784e+01  3.012127e-02 
 2.306816e+01  3.012128e-02 
 2.306848e+01  3.012128e-02 
 2.306880e+01  3.012128e-02 
 2.306913e+01  3.012128e-02 
 2.306945e+01  3.012128e-02 
 2.306977e+01  3.012128e-02 
 2.307009e+01  3.012128e-02 
 2.307041e+01  3.012128e-02 
 2.307073e+01  3.012128e-02 
 2.307106e+01  3.012129e-02 
 2.307138e+01  3.012129e-02 
 2.307170e+01  3.012129e-02 
 2.307202e+01  3.012129e-02 
 2.307234e+01  3.012129e-02 
 2.307266e+01  3.012129e-02 
 2.307299e+01  3.012129e-02 
 2.307331e+01  3.012129e-02 
 2.307363e+01  3.012129e-02 
 2.307395e+01  3.012129e-02 
 2.307427e+01  3.012130e-02 
 2.307459e+01  3.012130e-02 
 2.307491e+01  3.012130e-02 
 2.307524e+01  3.012130e-02 
 2.307556e+01  3.012130e-02 
 2.307588e+01  3.012130e-02 
 2.307620e+01  3.012130e-02 
 2.307652e+01  3.012130e-02 
 2.307684e+01  3.012130e-02 
 2.307717e+01  3.012130e-02 
 2.307749e+01  3.012131e-02 
 2.307781e+01  3.012131e-02 
 2.307813e+01  3.012131e-02 
 2.307845e+01  3.012131e-02 
 2.307877e+01  3.012131e-02 
 2.307909e+01  3.012131e-02 
 2.307942e+01  3.012131e-02 
 2.307974e+01  3.012131e-02 
 2.308006e+01  3.012131e-02 
 2.308038e+01  3.012131e-02 
 2.308070e+01  3.012131e-02 
 2.308102e+01  3.012132e-02 
 2.308135e+01  3.012132e-02 
 2.308167e+01  3.012132e-02 
 2.308199e+01  3.012132e-02 
 2.308231e+01  3.012132e-02 
 2.308263e+01  3.012132e-02 
 2.308295e+01  3.012132e-02 
 2.308327e+01  3.012132e-02 
 2.308360e+01  3.012132e-02 
 2.308392e+01  3.012133e-02 
 2.308424e+01  3.012133e-02 
 2.308456e+01  3.012133e-02 
 2.308488e+01  3.012133e-02 
 2.308520e+01  3.012133e-02 
 2.308553e+01  3.012133e-02 
 2.308585e+01  3.012133e-02 
 2.308617e+01  3.012133e-02 
 2.308649e+01  3.012134e-02 
 2.308681e+01  3.012134e-02 
 2.308713e+01  3.012134e-02 
 2.308746e+01  3.012134e-02 
 2.308778e+01  3.012134e-02 
 2.308810e+01  3.012134e-02 
 2.308842e+01  3.012134e-02 
 2.308874e+01  3.012135e-02 
 2.308906e+01  3.012135e-02 
 2.308938e+01  3.012135e-02 
 2.308971e+01  3.012135e-02 
 2.309003e+01  3.012135e-02 
 2.309035e+01  3.012135e-02 
 2.309067e+01  3.012135e-02 
 2.309099e+01  3.012136e-02 
 2.309131e+01  3.012136e-02 
 2.309164e+01  3.012136e-02 
 2.309196e+01  3.012136e-02 
 2.309228e+01  3.012136e-02 
 2.309260e+01  3.012136e-02 
 2.309292e+01  3.012137e-02 
 2.309324e+01  3.012137e-02 
 2.309356e+01  3.012137e-02 
 2.309389e+01  3.012137e-02 
 2.309421e+01  3.012137e-02 
 2.309453e+01  3.012138e-02 
 2.309485e+01  3.012138e-02 
 2.309517e+01  3.012138e-02 
 2.309549e+01  3.012138e-02 
 2.309582e+01  3.012138e-02 
 2.309614e+01  3.012139e-02 
 2.309646e+01  3.012139e-02 
 2.309678e+01  3.012139e-02 
 2.309710e+01  3.012139e-02 
 2.309742e+01  3.012139e-02 
 2.309774e+01  3.012140e-02 
 2.309807e+01  3.012140e-02 
 2.309839e+01  3.012140e-02 
 2.309871e+01  3.012140e-02 
 2.309903e+01  3.012141e-02 
 2.309935e+01  3.012141e-02 
 2.309967e+01  3.012141e-02 
 2.310000e+01  3.012141e-02 
 2.310032e+01  3.012142e-02 
 2.310064e+01  3.012142e-02 
 2.310096e+01  3.012142e-02 
 2.310128e+01  3.012142e-02 
 2.310160e+01  3.012143e-02 
 2.310193e+01  3.012143e-02 
 2.310225e+01  3.012143e-02 
 2.310257e+01  3.012143e-02 
 2.310289e+01  3.012144e-02 
 2.310321e+01  3.012144e-02 
 2.310353e+01  3.012144e-02 
 2.310385e+01  3.012144e-02 
 2.310418e+01  3.012145e-02 
 2.310450e+01  3.012145e-02 
 2.310482e+01  3.012145e-02 
 2.310514e+01  3.012146e-02 
 2.310546e+01  3.012146e-02 
 2.310578e+01  3.012146e-02 
 2.310611e+01  3.012146e-02 
 2.310643e+01  3.012147e-02 
 2.310675e+01  3.012147e-02 
 2.310707e+01  3.012147e-02 
 2.310739e+01  3.012148e-02 
 2.310771e+01  3.012148e-02 
 2.310803e+01  3.012148e-02 
 2.310836e+01  3.012149e-02 
 2.310868e+01  3.012149e-02 
 2.310900e+01  3.012149e-02 
 2.310932e+01  3.012150e-02 
 2.310964e+01  3.012150e-02 
 2.310996e+01  3.012150e-02 
 2.311029e+01  3.012151e-02 
 2.311061e+01  3.012151e-02 
 2.311093e+01  3.012151e-02 
 2.311125e+01  3.012151e-02 
 2.311157e+01  3.012152e-02 
 2.311189e+01  3.012152e-02 
 2.311221e+01  3.012152e-02 
 2.311254e+01  3.012153e-02 
 2.311286e+01  3.012153e-02 
 2.311318e+01  3.012153e-02 
 2.311350e+01  3.012154e-02 
 2.311382e+01  3.012154e-02 
 2.311414e+01  3.012154e-02 
 2.311447e+01  3.012155e-02 
 2.311479e+01  3.012155e-02 
 2.311511e+01  3.012155e-02 
 2.311543e+01  3.012156e-02 
 2.311575e+01  3.012156e-02 
 2.311607e+01  3.012156e-02 
 2.311640e+01  3.012157e-02 
 2.311672e+01  3.012157e-02 
 2.311704e+01  3.012157e-02 
 2.311736e+01  3.012158e-02 
 2.311768e+01  3.012158e-02 
 2.311800e+01  3.012158e-02 
 2.311832e+01  3.012159e-02 
 2.311865e+01  3.012159e-02 
 2.311897e+01  3.012159e-02 
 2.311929e+01  3.012160e-02 
 2.311961e+01  3.012160e-02 
 2.311993e+01  3.012160e-02 
 2.312025e+01  3.012161e-02 
 2.312058e+01  3.012161e-02 
 2.312090e+01  3.012161e-02 
 2.312122e+01  3.012162e-02 
 2.312154e+01  3.012162e-02 
 2.312186e+01  3.012162e-02 
 2.312218e+01  3.012162e-02 
 2.312250e+01  3.012163e-02 
 2.312283e+01  3.012163e-02 
 2.312315e+01  3.012163e-02 
 2.312347e+01  3.012164e-02 
 2.312379e+01  3.012164e-02 
 2.312411e+01  3.012164e-02 
 2.312443e+01  3.012165e-02 
 2.312476e+01  3.012165e-02 
 2.312508e+01  3.012165e-02 
 2.312540e+01  3.012166e-02 
 2.312572e+01  3.012166e-02 
 2.312604e+01  3.012166e-02 
 2.312636e+01  3.012166e-02 
 2.312669e+01  3.012167e-02 
 2.312701e+01  3.012167e-02 
 2.312733e+01  3.012167e-02 
 2.312765e+01  3.012168e-02 
 2.312797e+01  3.012168e-02 
 2.312829e+01  3.012168e-02 
 2.312861e+01  3.012169e-02 
 2.312894e+01  3.012169e-02 
 2.312926e+01  3.012169e-02 
 2.312958e+01  3.012170e-02 
 2.312990e+01  3.012170e-02 
 2.313022e+01  3.012170e-02 
 2.313054e+01  3.012171e-02 
 2.313087e+01  3.012171e-02 
 2.313119e+01  3.012171e-02 
 2.313151e+01  3.012171e-02 
 2.313183e+01  3.012172e-02 
 2.313215e+01  3.012172e-02 
 2.313247e+01  3.012172e-02 
 2.313279e+01  3.012173e-02 
 2.313312e+01  3.012173e-02 
 2.313344e+01  3.012173e-02 
 2.313376e+01  3.012174e-02 
 2.313408e+01  3.012174e-02 
 2.313440e+01  3.012174e-02 
 2.313472e+01  3.012175e-02 
 2.313505e+01  3.012175e-02 
 2.313537e+01  3.012175e-02 
 2.313569e+01  3.012176e-02 
 2.313601e+01  3.012176e-02 
 2.313633e+01  3.012176e-02 
 2.313665e+01  3.012177e-02 
 2.313697e+01  3.012177e-02 
 2.313730e+01  3.012178e-02 
 2.313762e+01  3.012178e-02 
 2.313794e+01  3.012178e-02 
 2.313826e+01  3.012179e-02 
 2.313858e+01  3.012179e-02 
 2.313890e+01  3.012179e-02 
 2.313923e+01  3.012180e-02 
 2.313955e+01  3.012180e-02 
 2.313987e+01  3.012180e-02 
 2.314019e+01  3.012181e-02 
 2.314051e+01  3.012181e-02 
 2.314083e+01  3.012181e-02 
 2.314116e+01  3.012182e-02 
 2.314148e+01  3.012182e-02 
 2.314180e+01  3.012183e-02 
 2.314212e+01  3.012183e-02 
 2.314244e+01  3.012183e-02 
 2.314276e+01  3.012184e-02 
 2.314308e+01  3.012184e-02 
 2.314341e+01  3.012184e-02 
 2.314373e+01  3.012185e-02 
 2.314405e+01  3.012185e-02 
 2.314437e+01  3.012186e-02 
 2.314469e+01  3.012186e-02 
 2.314501e+01  3.012186e-02 
 2.314534e+01  3.012187e-02 
 2.314566e+01  3.012187e-02 
 2.314598e+01  3.012188e-02 
 2.314630e+01  3.012188e-02 
 2.314662e+01  3.012188e-02 
 2.314694e+01  3.012189e-02 
 2.314726e+01  3.012189e-02 
 2.314759e+01  3.012190e-02 
 2.314791e+01  3.012190e-02 
 2.314823e+01  3.012190e-02 
 2.314855e+01  3.012191e-02 
 2.314887e+01  3.012191e-02 
 2.314919e+01  3.012192e-02 
 2.314952e+01  3.012192e-02 
 2.314984e+01  3.012192e-02 
 2.315016e+01  3.012193e-02 
 2.315048e+01  3.012193e-02 
 2.315080e+01  3.012194e-02 
 2.315112e+01  3.012194e-02 
 2.315144e+01  3.012195e-02 
 2.315177e+01  3.012195e-02 
 2.315209e+01  3.012195e-02 
 2.315241e+01  3.012196e-02 
 2.315273e+01  3.012196e-02 
 2.315305e+01  3.012197e-02 
 2.315337e+01  3.012197e-02 
 2.315370e+01  3.012197e-02 
 2.315402e+01  3.012198e-02 
 2.315434e+01  3.012198e-02 
 2.315466e+01  3.012199e-02 
 2.315498e+01  3.012199e-02 
 2.315530e+01  3.012200e-02 
 2.315563e+01  3.012200e-02 
 2.315595e+01  3.012201e-02 
 2.315627e+01  3.012201e-02 
 2.315659e+01  3.012201e-02 
 2.315691e+01  3.012202e-02 
 2.315723e+01  3.012202e-02 
 2.315755e+01  3.012203e-02 
 2.315788e+01  3.012203e-02 
 2.315820e+01  3.012204e-02 
 2.315852e+01  3.012204e-02 
 2.315884e+01  3.012204e-02 
 2.315916e+01  3.012205e-02 
 2.315948e+01  3.012205e-02 
 2.315981e+01  3.012206e-02 
 2.316013e+01  3.012206e-02 
 2.316045e+01  3.012207e-02 
 2.316077e+01  3.012207e-02 
 2.316109e+01  3.012208e-02 
 2.316141e+01  3.012208e-02 
 2.316173e+01  3.012209e-02 
 2.316206e+01  3.012209e-02 
 2.316238e+01  3.012209e-02 
 2.316270e+01  3.012210e-02 
 2.316302e+01  3.012210e-02 
 2.316334e+01  3.012211e-02 
 2.316366e+01  3.012211e-02 
 2.316399e+01  3.012212e-02 
 2.316431e+01  3.012212e-02 
 2.316463e+01  3.012213e-02 
 2.316495e+01  3.012213e-02 
 2.316527e+01  3.012213e-02 
 2.316559e+01  3.012214e-02 
 2.316591e+01  3.012214e-02 
 2.316624e+01  3.012215e-02 
 2.316656e+01  3.012215e-02 
 2.316688e+01  3.012216e-02 
 2.316720e+01  3.012216e-02 
 2.316752e+01  3.012216e-02 
 2.316784e+01  3.012217e-02 
 2.316817e+01  3.012217e-02 
 2.316849e+01  3.012218e-02 
 2.316881e+01  3.012218e-02 
 2.316913e+01  3.012219e-02 
 2.316945e+01  3.012219e-02 
 2.316977e+01  3.012220e-02 
 2.317010e+01  3.012220e-02 
 2.317042e+01  3.012220e-02 
 2.317074e+01  3.012221e-02 
 2.317106e+01  3.012221e-02 
 2.317138e+01  3.012222e-02 
 2.317170e+01  3.012222e-02 
 2.317202e+01  3.012223e-02 
 2.317235e+01  3.012223e-02 
 2.317267e+01  3.012223e-02 
 2.317299e+01  3.012224e-02 
 2.317331e+01  3.012224e-02 
 2.317363e+01  3.012225e-02 
 2.317395e+01  3.012225e-02 
 2.317428e+01  3.012225e-02 
 2.317460e+01  3.012226e-02 
 2.317492e+01  3.012226e-02 
 2.317524e+01  3.012227e-02 
 2.317556e+01  3.012227e-02 
 2.317588e+01  3.012228e-02 
 2.317620e+01  3.012228e-02 
 2.317653e+01  3.012228e-02 
 2.317685e+01  3.012229e-02 
 2.317717e+01  3.012229e-02 
 2.317749e+01  3.012230e-02 
 2.317781e+01  3.012230e-02 
 2.317813e+01  3.012230e-02 
 2.317846e+01  3.012231e-02 
 2.317878e+01  3.012231e-02 
 2.317910e+01  3.012232e-02 
 2.317942e+01  3.012232e-02 
 2.317974e+01  3.012232e-02 
 2.318006e+01  3.012233e-02 
 2.318038e+01  3.012233e-02 
 2.318071e+01  3.012234e-02 
 2.318103e+01  3.012234e-02 
 2.318135e+01  3.012234e-02 
 2.318167e+01  3.012235e-02 
 2.318199e+01  3.012235e-02 
 2.318231e+01  3.012236e-02 
 2.318264e+01  3.012236e-02 
 2.318296e+01  3.012236e-02 
 2.318328e+01  3.012237e-02 
 2.318360e+01  3.012237e-02 
 2.318392e+01  3.012238e-02 
 2.318424e+01  3.012238e-02 
 2.318457e+01  3.012238e-02 
 2.318489e+01  3.012239e-02 
 2.318521e+01  3.012239e-02 
 2.318553e+01  3.012240e-02 
 2.318585e+01  3.012240e-02 
 2.318617e+01  3.012241e-02 
 2.318649e+01  3.012241e-02 
 2.318682e+01  3.012241e-02 
 2.318714e+01  3.012242e-02 
 2.318746e+01  3.012242e-02 
 2.318778e+01  3.012243e-02 
 2.318810e+01  3.012243e-02 
 2.318842e+01  3.012243e-02 
 2.318875e+01  3.012244e-02 
 2.318907e+01  3.012244e-02 
 2.318939e+01  3.012245e-02 
 2.318971e+01  3.012245e-02 
 2.319003e+01  3.012245e-02 
 2.319035e+01  3.012246e-02 
 2.319067e+01  3.012246e-02 
 2.319100e+01  3.012247e-02 
 2.319132e+01  3.012247e-02 
 2.319164e+01  3.012248e-02 
 2.319196e+01  3.012248e-02 
 2.319228e+01  3.012248e-02 
 2.319260e+01  3.012249e-02 
 2.319293e+01  3.012249e-02 
 2.319325e+01  3.012250e-02 
 2.319357e+01  3.012250e-02 
 2.319389e+01  3.012251e-02 
 2.319421e+01  3.012251e-02 
 2.319453e+01  3.012251e-02 
 2.319485e+01  3.012252e-02 
 2.319518e+01  3.012252e-02 
 2.319550e+01  3.012253e-02 
 2.319582e+01  3.012253e-02 
 2.319614e+01  3.012254e-02 
 2.319646e+01  3.012254e-02 
 2.319678e+01  3.012255e-02 
 2.319711e+01  3.012255e-02 
 2.319743e+01  3.012255e-02 
 2.319775e+01  3.012256e-02 
 2.319807e+01  3.012256e-02 
 2.319839e+01  3.012257e-02 
 2.319871e+01  3.012257e-02 
 2.319904e+01  3.012258e-02 
 2.319936e+01  3.012258e-02 
 2.319968e+01  3.012259e-02 
 2.320000e+01  3.012259e-02 
 2.320032e+01  3.012260e-02 
 2.320064e+01  3.012260e-02 
 2.320096e+01  3.012261e-02 
 2.320129e+01  3.012261e-02 
 2.320161e+01  3.012262e-02 
 2.320193e+01  3.012262e-02 
 2.320225e+01  3.012263e-02 
 2.320257e+01  3.012263e-02 
 2.320289e+01  3.012264e-02 
 2.320322e+01  3.012264e-02 
 2.320354e+01  3.012265e-02 
 2.320386e+01  3.012265e-02 
 2.320418e+01  3.012266e-02 
 2.320450e+01  3.012266e-02 
 2.320482e+01  3.012267e-02 
 2.320514e+01  3.012267e-02 
 2.320547e+01  3.012268e-02 
 2.320579e+01  3.012268e-02 
 2.320611e+01  3.012269e-02 
 2.320643e+01  3.012269e-02 
 2.320675e+01  3.012270e-02 
 2.320707e+01  3.012270e-02 
 2.320740e+01  3.012271e-02 
 2.320772e+01  3.012271e-02 
 2.320804e+01  3.012272e-02 
 2.320836e+01  3.012272e-02 
 2.320868e+01  3.012273e-02 
 2.320900e+01  3.012273e-02 
 2.320932e+01  3.012274e-02 
 2.320965e+01  3.012274e-02 
 2.320997e+01  3.012275e-02 
 2.321029e+01  3.012275e-02 
 2.321061e+01  3.012276e-02 
 2.321093e+01  3.012276e-02 
 2.321125e+01  3.012277e-02 
 2.321158e+01  3.012278e-02 
 2.321190e+01  3.012278e-02 
 2.321222e+01  3.012279e-02 
 2.321254e+01  3.012279e-02 
 2.321286e+01  3.012280e-02 
 2.321318e+01  3.012280e-02 
 2.321351e+01  3.012281e-02 
 2.321383e+01  3.012281e-02 
 2.321415e+01  3.012282e-02 
 2.321447e+01  3.012282e-02 
 2.321479e+01  3.012283e-02 
 2.321511e+01  3.012283e-02 
 2.321543e+01  3.012284e-02 
 2.321576e+01  3.012284e-02 
 2.321608e+01  3.012285e-02 
 2.321640e+01  3.012285e-02 
 2.321672e+01  3.012286e-02 
 2.321704e+01  3.012287e-02 
 2.321736e+01  3.012287e-02 
 2.321769e+01  3.012288e-02 
 2.321801e+01  3.012288e-02 
 2.321833e+01  3.012289e-02 
 2.321865e+01  3.012289e-02 
 2.321897e+01  3.012290e-02 
 2.321929e+01  3.012290e-02 
 2.321961e+01  3.012291e-02 
 2.321994e+01  3.012291e-02 
 2.322026e+01  3.012292e-02 
 2.322058e+01  3.012292e-02 
 2.322090e+01  3.012293e-02 
 2.322122e+01  3.012293e-02 
 2.322154e+01  3.012294e-02 
 2.322187e+01  3.012294e-02 
 2.322219e+01  3.012295e-02 
 2.322251e+01  3.012296e-02 
 2.322283e+01  3.012296e-02 
 2.322315e+01  3.012297e-02 
 2.322347e+01  3.012297e-02 
 2.322379e+01  3.012298e-02 
 2.322412e+01  3.012298e-02 
 2.322444e+01  3.012299e-02 
 2.322476e+01  3.012299e-02 
 2.322508e+01  3.012300e-02 
 2.322540e+01  3.012300e-02 
 2.322572e+01  3.012301e-02 
 2.322605e+01  3.012301e-02 
 2.322637e+01  3.012302e-02 
 2.322669e+01  3.012302e-02 
 2.322701e+01  3.012303e-02 
 2.322733e+01  3.012303e-02 
 2.322765e+01  3.012304e-02 
 2.322798e+01  3.012304e-02 
 2.322830e+01  3.012305e-02 
 2.322862e+01  3.012305e-02 
 2.322894e+01  3.012306e-02 
 2.322926e+01  3.012306e-02 
 2.322958e+01  3.012307e-02 
 2.322990e+01  3.012307e-02 
 2.323023e+01  3.012308e-02 
 2.323055e+01  3.012308e-02 
 2.323087e+01  3.012309e-02 
 2.323119e+01  3.012309e-02 
 2.323151e+01  3.012310e-02 
 2.323183e+01  3.012311e-02 
 2.323216e+01  3.012311e-02 
 2.323248e+01  3.012312e-02 
 2.323280e+01  3.012312e-02 
 2.323312e+01  3.012313e-02 
 2.323344e+01  3.012313e-02 
 2.323376e+01  3.012314e-02 
 2.323408e+01  3.012314e-02 
 2.323441e+01  3.012315e-02 
 2.323473e+01  3.012315e-02 
 2.323505e+01  3.012316e-02 
 2.323537e+01  3.012316e-02 
 2.323569e+01  3.012317e-02 
 2.323601e+01  3.012317e-02 
 2.323634e+01  3.012318e-02 
 2.323666e+01  3.012318e-02 
 2.323698e+01  3.012319e-02 
 2.323730e+01  3.012319e-02 
 2.323762e+01  3.012320e-02 
 2.323794e+01  3.012320e-02 
 2.323826e+01  3.012321e-02 
 2.323859e+01  3.012321e-02 
 2.323891e+01  3.012322e-02 
 2.323923e+01  3.012322e-02 
 2.323955e+01  3.012323e-02 
 2.323987e+01  3.012323e-02 
 2.324019e+01  3.012324e-02 
 2.324052e+01  3.012324e-02 
 2.324084e+01  3.012325e-02 
 2.324116e+01  3.012325e-02 
 2.324148e+01  3.012326e-02 
 2.324180e+01  3.012326e-02 
 2.324212e+01  3.012327e-02 
 2.324245e+01  3.012327e-02 
 2.324277e+01  3.012328e-02 
 2.324309e+01  3.012328e-02 
 2.324341e+01  3.012329e-02 
 2.324373e+01  3.012329e-02 
 2.324405e+01  3.012330e-02 
 2.324437e+01  3.012330e-02 
 2.324470e+01  3.012331e-02 
 2.324502e+01  3.012331e-02 
 2.324534e+01  3.012332e-02 
 2.324566e+01  3.012332e-02 
 2.324598e+01  3.012333e-02 
 2.324630e+01  3.012333e-02 
 2.324663e+01  3.012334e-02 
 2.324695e+01  3.012334e-02 
 2.324727e+01  3.012335e-02 
 2.324759e+01  3.012335e-02 
 2.324791e+01  3.012336e-02 
 2.324823e+01  3.012336e-02 
 2.324855e+01  3.012337e-02 
 2.324888e+01  3.012337e-02 
 2.324920e+01  3.012338e-02 
 2.324952e+01  3.012338e-02 
 2.324984e+01  3.012339e-02 
 2.325016e+01  3.012339e-02 
 2.325048e+01  3.012340e-02 
 2.325081e+01  3.012340e-02 
 2.325113e+01  3.012341e-02 
 2.325145e+01  3.012341e-02 
 2.325177e+01  3.012342e-02 
 2.325209e+01  3.012342e-02 
 2.325241e+01  3.012343e-02 
 2.325273e+01  3.012343e-02 
 2.325306e+01  3.012344e-02 
 2.325338e+01  3.012344e-02 
 2.325370e+01  3.012345e-02 
 2.325402e+01  3.012345e-02 
 2.325434e+01  3.012346e-02 
 2.325466e+01  3.012346e-02 
 2.325499e+01  3.012347e-02 
 2.325531e+01  3.012347e-02 
 2.325563e+01  3.012348e-02 
 2.325595e+01  3.012348e-02 
 2.325627e+01  3.012349e-02 
 2.325659e+01  3.012349e-02 
 2.325692e+01  3.012350e-02 
 2.325724e+01  3.012350e-02 
 2.325756e+01  3.012351e-02 
 2.325788e+01  3.012351e-02 
 2.325820e+01  3.012352e-02 
 2.325852e+01  3.012352e-02 
 2.325884e+01  3.012353e-02 
 2.325917e+01  3.012353e-02 
 2.325949e+01  3.012354e-02 
 2.325981e+01  3.012354e-02 
 2.326013e+01  3.012355e-02 
 2.326045e+01  3.012355e-02 
 2.326077e+01  3.012356e-02 
 2.326110e+01  3.012356e-02 
 2.326142e+01  3.012357e-02 
 2.326174e+01  3.012357e-02 
 2.326206e+01  3.012358e-02 
 2.326238e+01  3.012358e-02 
 2.326270e+01  3.012359e-02 
 2.326302e+01  3.012359e-02 
 2.326335e+01  3.012360e-02 
 2.326367e+01  3.012360e-02 
 2.326399e+01  3.012361e-02 
 2.326431e+01  3.012361e-02 
 2.326463e+01  3.012362e-02 
 2.326495e+01  3.012362e-02 
 2.326528e+01  3.012363e-02 
 2.326560e+01  3.012363e-02 
 2.326592e+01  3.012364e-02 
 2.326624e+01  3.012364e-02 
 2.326656e+01  3.012365e-02 
 2.326688e+01  3.012365e-02 
 2.326721e+01  3.012366e-02 
 2.326753e+01  3.012366e-02 
 2.326785e+01  3.012367e-02 
 2.326817e+01  3.012367e-02 
 2.326849e+01  3.012368e-02 
 2.326881e+01  3.012368e-02 
 2.326913e+01  3.012369e-02 
 2.326946e+01  3.012369e-02 
 2.326978e+01  3.012370e-02 
 2.327010e+01  3.012370e-02 
 2.327042e+01  3.012371e-02 
 2.327074e+01  3.012371e-02 
 2.327106e+01  3.012371e-02 
 2.327139e+01  3.012372e-02 
 2.327171e+01  3.012372e-02 
 2.327203e+01  3.012373e-02 
 2.327235e+01  3.012373e-02 
 2.327267e+01  3.012374e-02 
 2.327299e+01  3.012374e-02 
 2.327331e+01  3.012375e-02 
 2.327364e+01  3.012375e-02 
 2.327396e+01  3.012376e-02 
 2.327428e+01  3.012376e-02 
 2.327460e+01  3.012377e-02 
 2.327492e+01  3.012377e-02 
 2.327524e+01  3.012378e-02 
 2.327557e+01  3.012378e-02 
 2.327589e+01  3.012378e-02 
 2.327621e+01  3.012379e-02 
 2.327653e+01  3.012379e-02 
 2.327685e+01  3.012380e-02 
 2.327717e+01  3.012380e-02 
 2.327749e+01  3.012381e-02 
 2.327782e+01  3.012381e-02 
 2.327814e+01  3.012382e-02 
 2.327846e+01  3.012382e-02 
 2.327878e+01  3.012382e-02 
 2.327910e+01  3.012383e-02 
 2.327942e+01  3.012383e-02 
 2.327975e+01  3.012384e-02 
 2.328007e+01  3.012384e-02 
 2.328039e+01  3.012385e-02 
 2.328071e+01  3.012385e-02 
 2.328103e+01  3.012385e-02 
 2.328135e+01  3.012386e-02 
 2.328168e+01  3.012386e-02 
 2.328200e+01  3.012387e-02 
 2.328232e+01  3.012387e-02 
 2.328264e+01  3.012387e-02 
 2.328296e+01  3.012388e-02 
 2.328328e+01  3.012388e-02 
 2.328360e+01  3.012389e-02 
 2.328393e+01  3.012389e-02 
 2.328425e+01  3.012389e-02 
 2.328457e+01  3.012390e-02 
 2.328489e+01  3.012390e-02 
 2.328521e+01  3.012391e-02 
 2.328553e+01  3.012391e-02 
 2.328586e+01  3.012391e-02 
 2.328618e+01  3.012392e-02 
 2.328650e+01  3.012392e-02 
 2.328682e+01  3.012392e-02 
 2.328714e+01  3.012393e-02 
 2.328746e+01  3.012393e-02 
 2.328778e+01  3.012394e-02 
 2.328811e+01  3.012394e-02 
 2.328843e+01  3.012394e-02 
 2.328875e+01  3.012395e-02 
 2.328907e+01  3.012395e-02 
 2.328939e+01  3.012395e-02 
 2.328971e+01  3.012396e-02 
 2.329004e+01  3.012396e-02 
 2.329036e+01  3.012396e-02 
 2.329068e+01  3.012397e-02 
 2.329100e+01  3.012397e-02 
 2.329132e+01  3.012397e-02 
 2.329164e+01  3.012398e-02 
 2.329196e+01  3.012398e-02 
 2.329229e+01  3.012398e-02 
 2.329261e+01  3.012399e-02 
 2.329293e+01  3.012399e-02 
 2.329325e+01  3.012400e-02 
 2.329357e+01  3.012400e-02 
 2.329389e+01  3.012400e-02 
 2.329422e+01  3.012400e-02 
 2.329454e+01  3.012401e-02 
 2.329486e+01  3.012401e-02 
 2.329518e+01  3.012401e-02 
 2.329550e+01  3.012402e-02 
 2.329582e+01  3.012402e-02 
 2.329615e+01  3.012402e-02 
 2.329647e+01  3.012403e-02 
 2.329679e+01  3.012403e-02 
 2.329711e+01  3.012403e-02 
 2.329743e+01  3.012404e-02 
 2.329775e+01  3.012404e-02 
 2.329807e+01  3.012404e-02 
 2.329840e+01  3.012405e-02 
 2.329872e+01  3.012405e-02 
 2.329904e+01  3.012405e-02 
 2.329936e+01  3.012406e-02 
 2.329968e+01  3.012406e-02 
 2.330000e+01  3.012406e-02 
 2.330033e+01  3.012406e-02 
 2.330065e+01  3.012407e-02 
 2.330097e+01  3.012407e-02 
 2.330129e+01  3.012407e-02 
 2.330161e+01  3.012408e-02 
 2.330193e+01  3.012408e-02 
 2.330225e+01  3.012408e-02 
 2.330258e+01  3.012409e-02 
 2.330290e+01  3.012409e-02 
 2.330322e+01  3.012409e-02 
 2.330354e+01  3.012409e-02 
 2.330386e+01  3.012410e-02 
 2.330418e+01  3.012410e-02 
 2.330451e+01  3.012410e-02 
 2.330483e+01  3.012411e-02 
 2.330515e+01  3.012411e-02 
 2.330547e+01  3.012411e-02 
 2.330579e+01  3.012412e-02 
 2.330611e+01  3.012412e-02 
 2.330643e+01  3.012412e-02 
 2.330676e+01  3.012412e-02 
 2.330708e+01  3.012413e-02 
 2.330740e+01  3.012413e-02 
 2.330772e+01  3.012413e-02 
 2.330804e+01  3.012414e-02 
 2.330836e+01  3.012414e-02 
 2.330869e+01  3.012414e-02 
 2.330901e+01  3.012414e-02 
 2.330933e+01  3.012415e-02 
 2.330965e+01  3.012415e-02 
 2.330997e+01  3.012415e-02 
 2.331029e+01  3.012416e-02 
 2.331062e+01  3.012416e-02 
 2.331094e+01  3.012416e-02 
 2.331126e+01  3.012417e-02 
 2.331158e+01  3.012417e-02 
 2.331190e+01  3.012417e-02 
 2.331222e+01  3.012417e-02 
 2.331254e+01  3.012418e-02 
 2.331287e+01  3.012418e-02 
 2.331319e+01  3.012418e-02 
 2.331351e+01  3.012419e-02 
 2.331383e+01  3.012419e-02 
 2.331415e+01  3.012419e-02 
 2.331447e+01  3.012420e-02 
 2.331480e+01  3.012420e-02 
 2.331512e+01  3.012420e-02 
 2.331544e+01  3.012421e-02 
 2.331576e+01  3.012421e-02 
 2.331608e+01  3.012421e-02 
 2.331640e+01  3.012422e-02 
 2.331672e+01  3.012422e-02 
 2.331705e+01  3.012422e-02 
 2.331737e+01  3.012422e-02 
 2.331769e+01  3.012423e-02 
 2.331801e+01  3.012423e-02 
 2.331833e+01  3.012423e-02 
 2.331865e+01  3.012424e-02 
 2.331898e+01  3.012424e-02 
 2.331930e+01  3.012424e-02 
 2.331962e+01  3.012425e-02 
 2.331994e+01  3.012425e-02 
 2.332026e+01  3.012425e-02 
 2.332058e+01  3.012426e-02 
 2.332090e+01  3.012426e-02 
 2.332123e+01  3.012427e-02 
 2.332155e+01  3.012427e-02 
 2.332187e+01  3.012427e-02 
 2.332219e+01  3.012428e-02 
 2.332251e+01  3.012428e-02 
 2.332283e+01  3.012428e-02 
 2.332316e+01  3.012429e-02 
 2.332348e+01  3.012429e-02 
 2.332380e+01  3.012429e-02 
 2.332412e+01  3.012430e-02 
 2.332444e+01  3.012430e-02 
 2.332476e+01  3.012431e-02 
 2.332509e+01  3.012431e-02 
 2.332541e+01  3.012431e-02 
 2.332573e+01  3.012432e-02 
 2.332605e+01  3.012432e-02 
 2.332637e+01  3.012432e-02 
 2.332669e+01  3.012433e-02 
 2.332701e+01  3.012433e-02 
 2.332734e+01  3.012434e-02 
 2.332766e+01  3.012434e-02 
 2.332798e+01  3.012434e-02 
 2.332830e+01  3.012435e-02 
 2.332862e+01  3.012435e-02 
 2.332894e+01  3.012436e-02 
 2.332927e+01  3.012436e-02 
 2.332959e+01  3.012437e-02 
 2.332991e+01  3.012437e-02 
 2.333023e+01  3.012437e-02 
 2.333055e+01  3.012438e-02 
 2.333087e+01  3.012438e-02 
 2.333119e+01  3.012439e-02 
 2.333152e+01  3.012439e-02 
 2.333184e+01  3.012440e-02 
 2.333216e+01  3.012440e-02 
 2.333248e+01  3.012440e-02 
 2.333280e+01  3.012441e-02 
 2.333312e+01  3.012441e-02 
 2.333345e+01  3.012442e-02 
 2.333377e+01  3.012442e-02 
 2.333409e+01  3.012443e-02 
 2.333441e+01  3.012443e-02 
 2.333473e+01  3.012444e-02 
 2.333505e+01  3.012444e-02 
 2.333537e+01  3.012444e-02 
 2.333570e+01  3.012445e-02 
 2.333602e+01  3.012445e-02 
 2.333634e+01  3.012446e-02 
 2.333666e+01  3.012446e-02 
 2.333698e+01  3.012447e-02 
 2.333730e+01  3.012447e-02 
 2.333763e+01  3.012448e-02 
 2.333795e+01  3.012448e-02 
 2.333827e+01  3.012449e-02 
 2.333859e+01  3.012449e-02 
 2.333891e+01  3.012450e-02 
 2.333923e+01  3.012450e-02 
 2.333956e+01  3.012450e-02 
 2.333988e+01  3.012451e-02 
 2.334020e+01  3.012451e-02 
 2.334052e+01  3.012452e-02 
 2.334084e+01  3.012452e-02 
 2.334116e+01  3.012453e-02 
 2.334148e+01  3.012453e-02 
 2.334181e+01  3.012454e-02 
 2.334213e+01  3.012454e-02 
 2.334245e+01  3.012455e-02 
 2.334277e+01  3.012455e-02 
 2.334309e+01  3.012456e-02 
 2.334341e+01  3.012456e-02 
 2.334374e+01  3.012457e-02 
 2.334406e+01  3.012457e-02 
 2.334438e+01  3.012458e-02 
 2.334470e+01  3.012458e-02 
 2.334502e+01  3.012459e-02 
 2.334534e+01  3.012459e-02 
 2.334566e+01  3.012460e-02 
 2.334599e+01  3.012460e-02 
 2.334631e+01  3.012461e-02 
 2.334663e+01  3.012461e-02 
 2.334695e+01  3.012462e-02 
 2.334727e+01  3.012462e-02 
 2.334759e+01  3.012463e-02 
 2.334792e+01  3.012463e-02 
 2.334824e+01  3.012464e-02 
 2.334856e+01  3.012464e-02 
 2.334888e+01  3.012465e-02 
 2.334920e+01  3.012465e-02 
 2.334952e+01  3.012466e-02 
 2.334984e+01  3.012466e-02 
 2.335017e+01  3.012467e-02 
 2.335049e+01  3.012467e-02 
 2.335081e+01  3.012468e-02 
 2.335113e+01  3.012468e-02 
 2.335145e+01  3.012469e-02 
 2.335177e+01  3.012469e-02 
 2.335210e+01  3.012470e-02 
 2.335242e+01  3.012470e-02 
 2.335274e+01  3.012471e-02 
 2.335306e+01  3.012471e-02 
 2.335338e+01  3.012472e-02 
 2.335370e+01  3.012472e-02 
 2.335403e+01  3.012473e-02 
 2.335435e+01  3.012473e-02 
 2.335467e+01  3.012474e-02 
 2.335499e+01  3.012474e-02 
 2.335531e+01  3.012475e-02 
 2.335563e+01  3.012476e-02 
 2.335595e+01  3.012476e-02 
 2.335628e+01  3.012477e-02 
 2.335660e+01  3.012477e-02 
 2.335692e+01  3.012478e-02 
 2.335724e+01  3.012478e-02 
 2.335756e+01  3.012479e-02 
 2.335788e+01  3.012479e-02 
 2.335821e+01  3.012480e-02 
 2.335853e+01  3.012480e-02 
 2.335885e+01  3.012481e-02 
 2.335917e+01  3.012482e-02 
 2.335949e+01  3.012482e-02 
 2.335981e+01  3.012483e-02 
 2.336013e+01  3.012483e-02 
 2.336046e+01  3.012484e-02 
 2.336078e+01  3.012484e-02 
 2.336110e+01  3.012485e-02 
 2.336142e+01  3.012486e-02 
 2.336174e+01  3.012486e-02 
 2.336206e+01  3.012487e-02 
 2.336239e+01  3.012487e-02 
 2.336271e+01  3.012488e-02 
 2.336303e+01  3.012489e-02 
 2.336335e+01  3.012489e-02 
 2.336367e+01  3.012490e-02 
 2.336399e+01  3.012490e-02 
 2.336431e+01  3.012491e-02 
 2.336464e+01  3.012492e-02 
 2.336496e+01  3.012492e-02 
 2.336528e+01  3.012493e-02 
 2.336560e+01  3.012493e-02 
 2.336592e+01  3.012494e-02 
 2.336624e+01  3.012495e-02 
 2.336657e+01  3.012495e-02 
 2.336689e+01  3.012496e-02 
 2.336721e+01  3.012496e-02 
 2.336753e+01  3.012497e-02 
 2.336785e+01  3.012498e-02 
 2.336817e+01  3.012498e-02 
 2.336850e+01  3.012499e-02 
 2.336882e+01  3.012500e-02 
 2.336914e+01  3.012500e-02 
 2.336946e+01  3.012501e-02 
 2.336978e+01  3.012502e-02 
 2.337010e+01  3.012502e-02 
 2.337042e+01  3.012503e-02 
 2.337075e+01  3.012504e-02 
 2.337107e+01  3.012504e-02 
 2.337139e+01  3.012505e-02 
 2.337171e+01  3.012506e-02 
 2.337203e+01  3.012506e-02 
 2.337235e+01  3.012507e-02 
 2.337268e+01  3.012508e-02 
 2.337300e+01  3.012508e-02 
 2.337332e+01  3.012509e-02 
 2.337364e+01  3.012510e-02 
 2.337396e+01  3.012511e-02 
 2.337428e+01  3.012511e-02 
 2.337460e+01  3.012512e-02 
 2.337493e+01  3.012513e-02 
 2.337525e+01  3.012513e-02 
 2.337557e+01  3.012514e-02 
 2.337589e+01  3.012515e-02 
 2.337621e+01  3.012516e-02 
 2.337653e+01  3.012516e-02 
 2.337686e+01  3.012517e-02 
 2.337718e+01  3.012518e-02 
 2.337750e+01  3.012519e-02 
 2.337782e+01  3.012519e-02 
 2.337814e+01  3.012520e-02 
 2.337846e+01  3.012521e-02 
 2.337878e+01  3.012522e-02 
 2.337911e+01  3.012522e-02 
 2.337943e+01  3.012523e-02 
 2.337975e+01  3.012524e-02 
 2.338007e+01  3.012525e-02 
 2.338039e+01  3.012525e-02 
 2.338071e+01  3.012526e-02 
 2.338104e+01  3.012527e-02 
 2.338136e+01  3.012528e-02 
 2.338168e+01  3.012528e-02 
 2.338200e+01  3.012529e-02 
 2.338232e+01  3.012530e-02 
 2.338264e+01  3.012531e-02 
 2.338297e+01  3.012532e-02 
 2.338329e+01  3.012532e-02 
 2.338361e+01  3.012533e-02 
 2.338393e+01  3.012534e-02 
 2.338425e+01  3.012535e-02 
 2.338457e+01  3.012535e-02 
 2.338489e+01  3.012536e-02 
 2.338522e+01  3.012537e-02 
 2.338554e+01  3.012538e-02 
 2.338586e+01  3.012539e-02 
 2.338618e+01  3.012539e-02 
 2.338650e+01  3.012540e-02 
 2.338682e+01  3.012541e-02 
 2.338715e+01  3.012542e-02 
 2.338747e+01  3.012543e-02 
 2.338779e+01  3.012543e-02 
 2.338811e+01  3.012544e-02 
 2.338843e+01  3.012545e-02 
 2.338875e+01  3.012546e-02 
 2.338907e+01  3.012546e-02 
 2.338940e+01  3.012547e-02 
 2.338972e+01  3.012548e-02 
 2.339004e+01  3.012549e-02 
 2.339036e+01  3.012549e-02 
 2.339068e+01  3.012550e-02 
 2.339100e+01  3.012551e-02 
 2.339133e+01  3.012552e-02 
 2.339165e+01  3.012553e-02 
 2.339197e+01  3.012553e-02 
 2.339229e+01  3.012554e-02 
 2.339261e+01  3.012555e-02 
 2.339293e+01  3.012556e-02 
 2.339325e+01  3.012556e-02 
 2.339358e+01  3.012557e-02 
 2.339390e+01  3.012558e-02 
 2.339422e+01  3.012559e-02 
 2.339454e+01  3.012559e-02 
 2.339486e+01  3.012560e-02 
 2.339518e+01  3.012561e-02 
 2.339551e+01  3.012562e-02 
 2.339583e+01  3.012562e-02 
 2.339615e+01  3.012563e-02 
 2.339647e+01  3.012564e-02 
 2.339679e+01  3.012564e-02 
 2.339711e+01  3.012565e-02 
 2.339744e+01  3.012566e-02 
 2.339776e+01  3.012567e-02 
 2.339808e+01  3.012567e-02 
 2.339840e+01  3.012568e-02 
 2.339872e+01  3.012569e-02 
 2.339904e+01  3.012570e-02 
 2.339936e+01  3.012570e-02 
 2.339969e+01  3.012571e-02 
 2.340001e+01  3.012572e-02 
 2.340033e+01  3.012572e-02 
 2.340065e+01  3.012573e-02 
 2.340097e+01  3.012574e-02 
 2.340129e+01  3.012575e-02 
 2.340162e+01  3.012575e-02 
 2.340194e+01  3.012576e-02 
 2.340226e+01  3.012577e-02 
 2.340258e+01  3.012577e-02 
 2.340290e+01  3.012578e-02 
 2.340322e+01  3.012579e-02 
 2.340354e+01  3.012579e-02 
 2.340387e+01  3.012580e-02 
 2.340419e+01  3.012581e-02 
 2.340451e+01  3.012582e-02 
 2.340483e+01  3.012582e-02 
 2.340515e+01  3.012583e-02 
 2.340547e+01  3.012584e-02 
 2.340580e+01  3.012584e-02 
 2.340612e+01  3.012585e-02 
 2.340644e+01  3.012586e-02 
 2.340676e+01  3.012586e-02 
 2.340708e+01  3.012587e-02 
 2.340740e+01  3.012588e-02 
 2.340772e+01  3.012588e-02 
 2.340805e+01  3.012589e-02 
 2.340837e+01  3.012590e-02 
 2.340869e+01  3.012590e-02 
 2.340901e+01  3.012591e-02 
 2.340933e+01  3.012592e-02 
 2.340965e+01  3.012592e-02 
 2.340998e+01  3.012593e-02 
 2.341030e+01  3.012594e-02 
 2.341062e+01  3.012594e-02 
 2.341094e+01  3.012595e-02 
 2.341126e+01  3.012596e-02 
 2.341158e+01  3.012596e-02 
 2.341191e+01  3.012597e-02 
 2.341223e+01  3.012598e-02 
 2.341255e+01  3.012598e-02 
 2.341287e+01  3.012599e-02 
 2.341319e+01  3.012599e-02 
 2.341351e+01  3.012600e-02 
 2.341383e+01  3.012601e-02 
 2.341416e+01  3.012601e-02 
 2.341448e+01  3.012602e-02 
 2.341480e+01  3.012603e-02 
 2.341512e+01  3.012603e-02 
 2.341544e+01  3.012604e-02 
 2.341576e+01  3.012604e-02 
 2.341609e+01  3.012605e-02 
 2.341641e+01  3.012606e-02 
 2.341673e+01  3.012606e-02 
 2.341705e+01  3.012607e-02 
 2.341737e+01  3.012608e-02 
 2.341769e+01  3.012608e-02 
 2.341801e+01  3.012609e-02 
 2.341834e+01  3.012609e-02 
 2.341866e+01  3.012610e-02 
 2.341898e+01  3.012611e-02 
 2.341930e+01  3.012611e-02 
 2.341962e+01  3.012612e-02 
 2.341994e+01  3.012612e-02 
 2.342027e+01  3.012613e-02 
 2.342059e+01  3.012614e-02 
 2.342091e+01  3.012614e-02 
 2.342123e+01  3.012615e-02 
 2.342155e+01  3.012615e-02 
 2.342187e+01  3.012616e-02 
 2.342220e+01  3.012617e-02 
 2.342252e+01  3.012617e-02 
 2.342284e+01  3.012618e-02 
 2.342316e+01  3.012618e-02 
 2.342348e+01  3.012619e-02 
 2.342380e+01  3.012620e-02 
 2.342412e+01  3.012620e-02 
 2.342445e+01  3.012621e-02 
 2.342477e+01  3.012621e-02 
 2.342509e+01  3.012622e-02 
 2.342541e+01  3.012622e-02 
 2.342573e+01  3.012623e-02 
 2.342605e+01  3.012624e-02 
 2.342638e+01  3.012624e-02 
 2.342670e+01  3.012625e-02 
 2.342702e+01  3.012625e-02 
 2.342734e+01  3.012626e-02 
 2.342766e+01  3.012626e-02 
 2.342798e+01  3.012627e-02 
 2.342830e+01  3.012627e-02 
 2.342863e+01  3.012628e-02 
 2.342895e+01  3.012629e-02 
 2.342927e+01  3.012629e-02 
 2.342959e+01  3.012630e-02 
 2.342991e+01  3.012630e-02 
 2.343023e+01  3.012631e-02 
 2.343056e+01  3.012631e-02 
 2.343088e+01  3.012632e-02 
 2.343120e+01  3.012632e-02 
 2.343152e+01  3.012633e-02 
 2.343184e+01  3.012633e-02 
 2.343216e+01  3.012634e-02 
 2.343248e+01  3.012635e-02 
 2.343281e+01  3.012635e-02 
 2.343313e+01  3.012636e-02 
 2.343345e+01  3.012636e-02 
 2.343377e+01  3.012637e-02 
 2.343409e+01  3.012637e-02 
 2.343441e+01  3.012638e-02 
 2.343474e+01  3.012638e-02 
 2.343506e+01  3.012639e-02 
 2.343538e+01  3.012639e-02 
 2.343570e+01  3.012640e-02 
 2.343602e+01  3.012640e-02 
 2.343634e+01  3.012641e-02 
 2.343667e+01  3.012641e-02 
 2.343699e+01  3.012642e-02 
 2.343731e+01  3.012642e-02 
 2.343763e+01  3.012643e-02 
 2.343795e+01  3.012643e-02 
 2.343827e+01  3.012644e-02 
 2.343859e+01  3.012644e-02 
 2.343892e+01  3.012645e-02 
 2.343924e+01  3.012645e-02 
 2.343956e+01  3.012646e-02 
 2.343988e+01  3.012646e-02 
 2.344020e+01  3.012647e-02 
 2.344052e+01  3.012647e-02 
 2.344085e+01  3.012647e-02 
 2.344117e+01  3.012648e-02 
 2.344149e+01  3.012648e-02 
 2.344181e+01  3.012649e-02 
 2.344213e+01  3.012649e-02 
 2.344245e+01  3.012650e-02 
 2.344277e+01  3.012650e-02 
 2.344310e+01  3.012651e-02 
 2.344342e+01  3.012651e-02 
 2.344374e+01  3.012652e-02 
 2.344406e+01  3.012652e-02 
 2.344438e+01  3.012652e-02 
 2.344470e+01  3.012653e-02 
 2.344503e+01  3.012653e-02 
 2.344535e+01  3.012654e-02 
 2.344567e+01  3.012654e-02 
 2.344599e+01  3.012655e-02 
 2.344631e+01  3.012655e-02 
 2.344663e+01  3.012655e-02 
 2.344695e+01  3.012656e-02 
 2.344728e+01  3.012656e-02 
 2.344760e+01  3.012657e-02 
 2.344792e+01  3.012657e-02 
 2.344824e+01  3.012657e-02 
 2.344856e+01  3.012658e-02 
 2.344888e+01  3.012658e-02 
 2.344921e+01  3.012659e-02 
 2.344953e+01  3.012659e-02 
 2.344985e+01  3.012659e-02 
 2.345017e+01  3.012660e-02 
 2.345049e+01  3.012660e-02 
 2.345081e+01  3.012661e-02 
 2.345114e+01  3.012661e-02 
 2.345146e+01  3.012661e-02 
 2.345178e+01  3.012662e-02 
 2.345210e+01  3.012662e-02 
 2.345242e+01  3.012662e-02 
 2.345274e+01  3.012663e-02 
 2.345306e+01  3.012663e-02 
 2.345339e+01  3.012664e-02 
 2.345371e+01  3.012664e-02 
 2.345403e+01  3.012664e-02 
 2.345435e+01  3.012665e-02 
 2.345467e+01  3.012665e-02 
 2.345499e+01  3.012665e-02 
 2.345532e+01  3.012666e-02 
 2.345564e+01  3.012666e-02 
 2.345596e+01  3.012667e-02 
 2.345628e+01  3.012667e-02 
 2.345660e+01  3.012667e-02 
 2.345692e+01  3.012668e-02 
 2.345724e+01  3.012668e-02 
 2.345757e+01  3.012668e-02 
 2.345789e+01  3.012669e-02 
 2.345821e+01  3.012669e-02 
 2.345853e+01  3.012669e-02 
 2.345885e+01  3.012670e-02 
 2.345917e+01  3.012670e-02 
 2.345950e+01  3.012670e-02 
 2.345982e+01  3.012671e-02 
 2.346014e+01  3.012671e-02 
 2.346046e+01  3.012671e-02 
 2.346078e+01  3.012672e-02 
 2.346110e+01  3.012672e-02 
 2.346142e+01  3.012672e-02 
 2.346175e+01  3.012673e-02 
 2.346207e+01  3.012673e-02 
 2.346239e+01  3.012673e-02 
 2.346271e+01  3.012674e-02 
 2.346303e+01  3.012674e-02 
 2.346335e+01  3.012674e-02 
 2.346368e+01  3.012675e-02 
 2.346400e+01  3.012675e-02 
 2.346432e+01  3.012675e-02 
 2.346464e+01  3.012675e-02 
 2.346496e+01  3.012676e-02 
 2.346528e+01  3.012676e-02 
 2.346561e+01  3.012676e-02 
 2.346593e+01  3.012677e-02 
 2.346625e+01  3.012677e-02 
 2.346657e+01  3.012677e-02 
 2.346689e+01  3.012678e-02 
 2.346721e+01  3.012678e-02 
 2.346753e+01  3.012678e-02 
 2.346786e+01  3.012678e-02 
 2.346818e+01  3.012679e-02 
 2.346850e+01  3.012679e-02 
 2.346882e+01  3.012679e-02 
 2.346914e+01  3.012679e-02 
 2.346946e+01  3.012680e-02 
 2.346979e+01  3.012680e-02 
 2.347011e+01  3.012680e-02 
 2.347043e+01  3.012680e-02 
 2.347075e+01  3.012681e-02 
 2.347107e+01  3.012681e-02 
 2.347139e+01  3.012681e-02 
 2.347171e+01  3.012681e-02 
 2.347204e+01  3.012682e-02 
 2.347236e+01  3.012682e-02 
 2.347268e+01  3.012682e-02 
 2.347300e+01  3.012682e-02 
 2.347332e+01  3.012683e-02 
 2.347364e+01  3.012683e-02 
 2.347397e+01  3.012683e-02 
 2.347429e+01  3.012683e-02 
 2.347461e+01  3.012683e-02 
 2.347493e+01  3.012684e-02 
 2.347525e+01  3.012684e-02 
 2.347557e+01  3.012684e-02 
 2.347589e+01  3.012684e-02 
 2.347622e+01  3.012684e-02 
 2.347654e+01  3.012685e-02 
 2.347686e+01  3.012685e-02 
 2.347718e+01  3.012685e-02 
 2.347750e+01  3.012685e-02 
 2.347782e+01  3.012685e-02 
 2.347815e+01  3.012686e-02 
 2.347847e+01  3.012686e-02 
 2.347879e+01  3.012686e-02 
 2.347911e+01  3.012686e-02 
 2.347943e+01  3.012686e-02 
 2.347975e+01  3.012686e-02 
 2.348008e+01  3.012687e-02 
 2.348040e+01  3.012687e-02 
 2.348072e+01  3.012687e-02 
 2.348104e+01  3.012687e-02 
 2.348136e+01  3.012687e-02 
 2.348168e+01  3.012687e-02 
 2.348200e+01  3.012687e-02 
 2.348233e+01  3.012688e-02 
 2.348265e+01  3.012688e-02 
 2.348297e+01  3.012688e-02 
 2.348329e+01  3.012688e-02 
 2.348361e+01  3.012688e-02 
 2.348393e+01  3.012688e-02 
 2.348426e+01  3.012688e-02 
 2.348458e+01  3.012688e-02 
 2.348490e+01  3.012688e-02 
 2.348522e+01  3.012689e-02 
 2.348554e+01  3.012689e-02 
 2.348586e+01  3.012689e-02 
 2.348618e+01  3.012689e-02 
 2.348651e+01  3.012689e-02 
 2.348683e+01  3.012689e-02 
 2.348715e+01  3.012689e-02 
 2.348747e+01  3.012689e-02 
 2.348779e+01  3.012689e-02 
 2.348811e+01  3.012689e-02 
 2.348844e+01  3.012689e-02 
 2.348876e+01  3.012690e-02 
 2.348908e+01  3.012690e-02 
 2.348940e+01  3.012690e-02 
 2.348972e+01  3.012690e-02 
 2.349004e+01  3.012690e-02 
 2.349036e+01  3.012690e-02 
 2.349069e+01  3.012690e-02 
 2.349101e+01  3.012690e-02 
 2.349133e+01  3.012690e-02 
 2.349165e+01  3.012690e-02 
 2.349197e+01  3.012690e-02 
 2.349229e+01  3.012690e-02 
 2.349262e+01  3.012690e-02 
 2.349294e+01  3.012690e-02 
 2.349326e+01  3.012690e-02 
 2.349358e+01  3.012691e-02 
 2.349390e+01  3.012691e-02 
 2.349422e+01  3.012691e-02 
 2.349455e+01  3.012691e-02 
 2.349487e+01  3.012691e-02 
 2.349519e+01  3.012691e-02 
 2.349551e+01  3.012691e-02 
 2.349583e+01  3.012691e-02 
 2.349615e+01  3.012691e-02 
 2.349647e+01  3.012691e-02 
 2.349680e+01  3.012691e-02 
 2.349712e+01  3.012691e-02 
 2.349744e+01  3.012691e-02 
 2.349776e+01  3.012691e-02 
 2.349808e+01  3.012691e-02 
 2.349840e+01  3.012691e-02 
 2.349873e+01  3.012691e-02 
 2.349905e+01  3.012691e-02 
 2.349937e+01  3.012691e-02 
 2.349969e+01  3.012691e-02 
 2.350001e+01  3.012691e-02 
 2.350033e+01  3.012692e-02 
 2.350065e+01  3.012692e-02 
 2.350098e+01  3.012692e-02 
 2.350130e+01  3.012692e-02 
 2.350162e+01  3.012692e-02 
 2.350194e+01  3.012692e-02 
 2.350226e+01  3.012692e-02 
 2.350258e+01  3.012692e-02 
 2.350291e+01  3.012692e-02 
 2.350323e+01  3.012692e-02 
 2.350355e+01  3.012692e-02 
 2.350387e+01  3.012692e-02 
 2.350419e+01  3.012692e-02 
 2.350451e+01  3.012692e-02 
 2.350483e+01  3.012692e-02 
 2.350516e+01  3.012692e-02 
 2.350548e+01  3.012692e-02 
 2.350580e+01  3.012692e-02 
 2.350612e+01  3.012692e-02 
 2.350644e+01  3.012692e-02 
 2.350676e+01  3.012693e-02 
 2.350709e+01  3.012693e-02 
 2.350741e+01  3.012693e-02 
 2.350773e+01  3.012693e-02 
 2.350805e+01  3.012693e-02 
 2.350837e+01  3.012693e-02 
 2.350869e+01  3.012693e-02 
 2.350902e+01  3.012693e-02 
 2.350934e+01  3.012693e-02 
 2.350966e+01  3.012693e-02 
 2.350998e+01  3.012693e-02 
 2.351030e+01  3.012693e-02 
 2.351062e+01  3.012693e-02 
 2.351094e+01  3.012693e-02 
 2.351127e+01  3.012693e-02 
 2.351159e+01  3.012694e-02 
 2.351191e+01  3.012694e-02 
 2.351223e+01  3.012694e-02 
 2.351255e+01  3.012694e-02 
 2.351287e+01  3.012694e-02 
 2.351320e+01  3.012694e-02 
 2.351352e+01  3.012694e-02 
 2.351384e+01  3.012694e-02 
 2.351416e+01  3.012694e-02 
 2.351448e+01  3.012694e-02 
 2.351480e+01  3.012694e-02 
 2.351512e+01  3.012695e-02 
 2.351545e+01  3.012695e-02 
 2.351577e+01  3.012695e-02 
 2.351609e+01  3.012695e-02 
 2.351641e+01  3.012695e-02 
 2.351673e+01  3.012695e-02 
 2.351705e+01  3.012695e-02 
 2.351738e+01  3.012695e-02 
 2.351770e+01  3.012695e-02 
 2.351802e+01  3.012695e-02 
 2.351834e+01  3.012696e-02 
 2.351866e+01  3.012696e-02 
 2.351898e+01  3.012696e-02 
 2.351930e+01  3.012696e-02 
 2.351963e+01  3.012696e-02 
 2.351995e+01  3.012696e-02 
 2.352027e+01  3.012696e-02 
 2.352059e+01  3.012696e-02 
 2.352091e+01  3.012696e-02 
 2.352123e+01  3.012697e-02 
 2.352156e+01  3.012697e-02 
 2.352188e+01  3.012697e-02 
 2.352220e+01  3.012697e-02 
 2.352252e+01  3.012697e-02 
 2.352284e+01  3.012697e-02 
 2.352316e+01  3.012697e-02 
 2.352349e+01  3.012697e-02 
 2.352381e+01  3.012698e-02 
 2.352413e+01  3.012698e-02 
 2.352445e+01  3.012698e-02 
 2.352477e+01  3.012698e-02 
 2.352509e+01  3.012698e-02 
 2.352541e+01  3.012698e-02 
 2.352574e+01  3.012698e-02 
 2.352606e+01  3.012698e-02 
 2.352638e+01  3.012698e-02 
 2.352670e+01  3.012699e-02 
 2.352702e+01  3.012699e-02 
 2.352734e+01  3.012699e-02 
 2.352767e+01  3.012699e-02 
 2.352799e+01  3.012699e-02 
 2.352831e+01  3.012699e-02 
 2.352863e+01  3.012699e-02 
 2.352895e+01  3.012699e-02 
 2.352927e+01  3.012699e-02 
 2.352959e+01  3.012700e-02 
 2.352992e+01  3.012700e-02 
 2.353024e+01  3.012700e-02 
 2.353056e+01  3.012700e-02 
 2.353088e+01  3.012700e-02 
 2.353120e+01  3.012700e-02 
 2.353152e+01  3.012700e-02 
 2.353185e+01  3.012700e-02 
 2.353217e+01  3.012701e-02 
 2.353249e+01  3.012701e-02 
 2.353281e+01  3.012701e-02 
 2.353313e+01  3.012701e-02 
 2.353345e+01  3.012701e-02 
 2.353377e+01  3.012701e-02 
 2.353410e+01  3.012701e-02 
 2.353442e+01  3.012701e-02 
 2.353474e+01  3.012701e-02 
 2.353506e+01  3.012702e-02 
 2.353538e+01  3.012702e-02 
 2.353570e+01  3.012702e-02 
 2.353603e+01  3.012702e-02 
 2.353635e+01  3.012702e-02 
 2.353667e+01  3.012702e-02 
 2.353699e+01  3.012702e-02 
 2.353731e+01  3.012702e-02 
 2.353763e+01  3.012703e-02 
 2.353796e+01  3.012703e-02 
 2.353828e+01  3.012703e-02 
 2.353860e+01  3.012703e-02 
 2.353892e+01  3.012703e-02 
 2.353924e+01  3.012703e-02 
 2.353956e+01  3.012703e-02 
 2.353988e+01  3.012704e-02 
 2.354021e+01  3.012704e-02 
 2.354053e+01  3.012704e-02 
 2.354085e+01  3.012704e-02 
 2.354117e+01  3.012704e-02 
 2.354149e+01  3.012704e-02 
 2.354181e+01  3.012704e-02 
 2.354214e+01  3.012705e-02 
 2.354246e+01  3.012705e-02 
 2.354278e+01  3.012705e-02 
 2.354310e+01  3.012705e-02 
 2.354342e+01  3.012705e-02 
 2.354374e+01  3.012705e-02 
 2.354406e+01  3.012706e-02 
 2.354439e+01  3.012706e-02 
 2.354471e+01  3.012706e-02 
 2.354503e+01  3.012706e-02 
 2.354535e+01  3.012706e-02 
 2.354567e+01  3.012706e-02 
 2.354599e+01  3.012707e-02 
 2.354632e+01  3.012707e-02 
 2.354664e+01  3.012707e-02 
 2.354696e+01  3.012707e-02 
 2.354728e+01  3.012707e-02 
 2.354760e+01  3.012708e-02 
 2.354792e+01  3.012708e-02 
 2.354824e+01  3.012708e-02 
 2.354857e+01  3.012708e-02 
 2.354889e+01  3.012708e-02 
 2.354921e+01  3.012709e-02 
 2.354953e+01  3.012709e-02 
 2.354985e+01  3.012709e-02 
 2.355017e+01  3.012709e-02 
 2.355050e+01  3.012709e-02 
 2.355082e+01  3.012710e-02 
 2.355114e+01  3.012710e-02 
 2.355146e+01  3.012710e-02 
 2.355178e+01  3.012710e-02 
 2.355210e+01  3.012711e-02 
 2.355243e+01  3.012711e-02 
 2.355275e+01  3.012711e-02 
 2.355307e+01  3.012711e-02 
 2.355339e+01  3.012711e-02 
 2.355371e+01  3.012712e-02 
 2.355403e+01  3.012712e-02 
 2.355435e+01  3.012712e-02 
 2.355468e+01  3.012713e-02 
 2.355500e+01  3.012713e-02 
 2.355532e+01  3.012713e-02 
 2.355564e+01  3.012713e-02 
 2.355596e+01  3.012714e-02 
 2.355628e+01  3.012714e-02 
 2.355661e+01  3.012714e-02 
 2.355693e+01  3.012714e-02 
 2.355725e+01  3.012715e-02 
 2.355757e+01  3.012715e-02 
 2.355789e+01  3.012715e-02 
 2.355821e+01  3.012716e-02 
 2.355853e+01  3.012716e-02 
 2.355886e+01  3.012716e-02 
 2.355918e+01  3.012716e-02 
 2.355950e+01  3.012717e-02 
 2.355982e+01  3.012717e-02 
 2.356014e+01  3.012717e-02 
 2.356046e+01  3.012718e-02 
 2.356079e+01  3.012718e-02 
 2.356111e+01  3.012718e-02 
 2.356143e+01  3.012719e-02 
 2.356175e+01  3.012719e-02 
 2.356207e+01  3.012719e-02 
 2.356239e+01  3.012720e-02 
 2.356272e+01  3.012720e-02 
 2.356304e+01  3.012720e-02 
 2.356336e+01  3.012721e-02 
 2.356368e+01  3.012721e-02 
 2.356400e+01  3.012721e-02 
 2.356432e+01  3.012722e-02 
 2.356464e+01  3.012722e-02 
 2.356497e+01  3.012722e-02 
 2.356529e+01  3.012723e-02 
 2.356561e+01  3.012723e-02 
 2.356593e+01  3.012723e-02 
 2.356625e+01  3.012724e-02 
 2.356657e+01  3.012724e-02 
 2.356690e+01  3.012725e-02 
 2.356722e+01  3.012725e-02 
 2.356754e+01  3.012725e-02 
 2.356786e+01  3.012726e-02 
 2.356818e+01  3.012726e-02 
 2.356850e+01  3.012726e-02 
 2.356882e+01  3.012727e-02 
 2.356915e+01  3.012727e-02 
 2.356947e+01  3.012728e-02 
 2.356979e+01  3.012728e-02 
 2.357011e+01  3.012728e-02 
 2.357043e+01  3.012729e-02 
 2.357075e+01  3.012729e-02 
 2.357108e+01  3.012730e-02 
 2.357140e+01  3.012730e-02 
 2.357172e+01  3.012730e-02 
 2.357204e+01  3.012731e-02 
 2.357236e+01  3.012731e-02 
 2.357268e+01  3.012732e-02 
 2.357300e+01  3.012732e-02 
 2.357333e+01  3.012732e-02 
 2.357365e+01  3.012733e-02 
 2.357397e+01  3.012733e-02 
 2.357429e+01  3.012734e-02 
 2.357461e+01  3.012734e-02 
 2.357493e+01  3.012735e-02 
 2.357526e+01  3.012735e-02 
 2.357558e+01  3.012735e-02 
 2.357590e+01  3.012736e-02 
 2.357622e+01  3.012736e-02 
 2.357654e+01  3.012737e-02 
 2.357686e+01  3.012737e-02 
 2.357719e+01  3.012738e-02 
 2.357751e+01  3.012738e-02 
 2.357783e+01  3.012738e-02 
 2.357815e+01  3.012739e-02 
 2.357847e+01  3.012739e-02 
 2.357879e+01  3.012740e-02 
 2.357911e+01  3.012740e-02 
 2.357944e+01  3.012741e-02 
 2.357976e+01  3.012741e-02 
 2.358008e+01  3.012742e-02 
 2.358040e+01  3.012742e-02 
 2.358072e+01  3.012742e-02 
 2.358104e+01  3.012743e-02 
 2.358137e+01  3.012743e-02 
 2.358169e+01  3.012744e-02 
 2.358201e+01  3.012744e-02 
 2.358233e+01  3.012745e-02 
 2.358265e+01  3.012745e-02 
 2.358297e+01  3.012746e-02 
 2.358329e+01  3.012746e-02 
 2.358362e+01  3.012747e-02 
 2.358394e+01  3.012747e-02 
 2.358426e+01  3.012747e-02 
 2.358458e+01  3.012748e-02 
 2.358490e+01  3.012748e-02 
 2.358522e+01  3.012749e-02 
 2.358555e+01  3.012749e-02 
 2.358587e+01  3.012750e-02 
 2.358619e+01  3.012750e-02 
 2.358651e+01  3.012751e-02 
 2.358683e+01  3.012751e-02 
 2.358715e+01  3.012752e-02 
 2.358747e+01  3.012752e-02 
 2.358780e+01  3.012753e-02 
 2.358812e+01  3.012753e-02 
 2.358844e+01  3.012754e-02 
 2.358876e+01  3.012754e-02 
 2.358908e+01  3.012755e-02 
 2.358940e+01  3.012755e-02 
 2.358973e+01  3.012756e-02 
 2.359005e+01  3.012756e-02 
 2.359037e+01  3.012757e-02 
 2.359069e+01  3.012757e-02 
 2.359101e+01  3.012758e-02 
 2.359133e+01  3.012758e-02 
 2.359166e+01  3.012759e-02 
 2.359198e+01  3.012759e-02 
 2.359230e+01  3.012760e-02 
 2.359262e+01  3.012760e-02 
 2.359294e+01  3.012761e-02 
 2.359326e+01  3.012761e-02 
 2.359358e+01  3.012762e-02 
 2.359391e+01  3.012762e-02 
 2.359423e+01  3.012763e-02 
 2.359455e+01  3.012763e-02 
 2.359487e+01  3.012764e-02 
 2.359519e+01  3.012765e-02 
 2.359551e+01  3.012765e-02 
 2.359584e+01  3.012766e-02 
 2.359616e+01  3.012766e-02 
 2.359648e+01  3.012767e-02 
 2.359680e+01  3.012767e-02 
 2.359712e+01  3.012768e-02 
 2.359744e+01  3.012768e-02 
 2.359776e+01  3.012769e-02 
 2.359809e+01  3.012770e-02 
 2.359841e+01  3.012770e-02 
 2.359873e+01  3.012771e-02 
 2.359905e+01  3.012771e-02 
 2.359937e+01  3.012772e-02 
 2.359969e+01  3.012772e-02 
 2.360002e+01  3.012773e-02 
 2.360034e+01  3.012773e-02 
 2.360066e+01  3.012774e-02 
 2.360098e+01  3.012775e-02 
 2.360130e+01  3.012775e-02 
 2.360162e+01  3.012776e-02 
 2.360194e+01  3.012776e-02 
 2.360227e+01  3.012777e-02 
 2.360259e+01  3.012777e-02 
 2.360291e+01  3.012778e-02 
 2.360323e+01  3.012779e-02 
 2.360355e+01  3.012779e-02 
 2.360387e+01  3.012780e-02 
 2.360420e+01  3.012780e-02 
 2.360452e+01  3.012781e-02 
 2.360484e+01  3.012781e-02 
 2.360516e+01  3.012782e-02 
 2.360548e+01  3.012783e-02 
 2.360580e+01  3.012783e-02 
 2.360613e+01  3.012784e-02 
 2.360645e+01  3.012784e-02 
 2.360677e+01  3.012785e-02 
 2.360709e+01  3.012785e-02 
 2.360741e+01  3.012786e-02 
 2.360773e+01  3.012787e-02 
 2.360805e+01  3.012787e-02 
 2.360838e+01  3.012788e-02 
 2.360870e+01  3.012788e-02 
 2.360902e+01  3.012789e-02 
 2.360934e+01  3.012789e-02 
 2.360966e+01  3.012790e-02 
 2.360998e+01  3.012791e-02 
 2.361031e+01  3.012791e-02 
 2.361063e+01  3.012792e-02 
 2.361095e+01  3.012792e-02 
 2.361127e+01  3.012793e-02 
 2.361159e+01  3.012794e-02 
 2.361191e+01  3.012794e-02 
 2.361223e+01  3.012795e-02 
 2.361256e+01  3.012795e-02 
 2.361288e+01  3.012796e-02 
 2.361320e+01  3.012796e-02 
 2.361352e+01  3.012797e-02 
 2.361384e+01  3.012798e-02 
 2.361416e+01  3.012798e-02 
 2.361449e+01  3.012799e-02 
 2.361481e+01  3.012799e-02 
 2.361513e+01  3.012800e-02 
 2.361545e+01  3.012800e-02 
 2.361577e+01  3.012801e-02 
 2.361609e+01  3.012802e-02 
 2.361641e+01  3.012802e-02 
 2.361674e+01  3.012803e-02 
 2.361706e+01  3.012803e-02 
 2.361738e+01  3.012804e-02 
 2.361770e+01  3.012805e-02 
 2.361802e+01  3.012805e-02 
 2.361834e+01  3.012806e-02 
 2.361867e+01  3.012806e-02 
 2.361899e+01  3.012807e-02 
 2.361931e+01  3.012807e-02 
 2.361963e+01  3.012808e-02 
 2.361995e+01  3.012809e-02 
 2.362027e+01  3.012809e-02 
 2.362060e+01  3.012810e-02 
 2.362092e+01  3.012810e-02 
 2.362124e+01  3.012811e-02 
 2.362156e+01  3.012812e-02 
 2.362188e+01  3.012812e-02 
 2.362220e+01  3.012813e-02 
 2.362252e+01  3.012813e-02 
 2.362285e+01  3.012814e-02 
 2.362317e+01  3.012814e-02 
 2.362349e+01  3.012815e-02 
 2.362381e+01  3.012816e-02 
 2.362413e+01  3.012816e-02 
 2.362445e+01  3.012817e-02 
 2.362478e+01  3.012817e-02 
 2.362510e+01  3.012818e-02 
 2.362542e+01  3.012819e-02 
 2.362574e+01  3.012819e-02 
 2.362606e+01  3.012820e-02 
 2.362638e+01  3.012820e-02 
 2.362670e+01  3.012821e-02 
 2.362703e+01  3.012822e-02 
 2.362735e+01  3.012822e-02 
 2.362767e+01  3.012823e-02 
 2.362799e+01  3.012824e-02 
 2.362831e+01  3.012824e-02 
 2.362863e+01  3.012825e-02 
 2.362896e+01  3.012825e-02 
 2.362928e+01  3.012826e-02 
 2.362960e+01  3.012827e-02 
 2.362992e+01  3.012827e-02 
 2.363024e+01  3.012828e-02 
 2.363056e+01  3.012828e-02 
 2.363088e+01  3.012829e-02 
 2.363121e+01  3.012830e-02 
 2.363153e+01  3.012830e-02 
 2.363185e+01  3.012831e-02 
 2.363217e+01  3.012832e-02 
 2.363249e+01  3.012832e-02 
 2.363281e+01  3.012833e-02 
 2.363314e+01  3.012833e-02 
 2.363346e+01  3.012834e-02 
 2.363378e+01  3.012835e-02 
 2.363410e+01  3.012835e-02 
 2.363442e+01  3.012836e-02 
 2.363474e+01  3.012837e-02 
 2.363507e+01  3.012837e-02 
 2.363539e+01  3.012838e-02 
 2.363571e+01  3.012839e-02 
 2.363603e+01  3.012839e-02 
 2.363635e+01  3.012840e-02 
 2.363667e+01  3.012841e-02 
 2.363699e+01  3.012841e-02 
 2.363732e+01  3.012842e-02 
 2.363764e+01  3.012843e-02 
 2.363796e+01  3.012843e-02 
 2.363828e+01  3.012844e-02 
 2.363860e+01  3.012845e-02 
 2.363892e+01  3.012845e-02 
 2.363925e+01  3.012846e-02 
 2.363957e+01  3.012847e-02 
 2.363989e+01  3.012847e-02 
 2.364021e+01  3.012848e-02 
 2.364053e+01  3.012849e-02 
 2.364085e+01  3.012849e-02 
 2.364117e+01  3.012850e-02 
 2.364150e+01  3.012851e-02 
 2.364182e+01  3.012852e-02 
 2.364214e+01  3.012852e-02 
 2.364246e+01  3.012853e-02 
 2.364278e+01  3.012854e-02 
 2.364310e+01  3.012854e-02 
 2.364343e+01  3.012855e-02 
 2.364375e+01  3.012856e-02 
 2.364407e+01  3.012856e-02 
 2.364439e+01  3.012857e-02 
 2.364471e+01  3.012858e-02 
 2.364503e+01  3.012859e-02 
 2.364535e+01  3.012859e-02 
 2.364568e+01  3.012860e-02 
 2.364600e+01  3.012861e-02 
 2.364632e+01  3.012861e-02 
 2.364664e+01  3.012862e-02 
 2.364696e+01  3.012863e-02 
 2.364728e+01  3.012864e-02 
 2.364761e+01  3.012864e-02 
 2.364793e+01  3.012865e-02 
 2.364825e+01  3.012866e-02 
 2.364857e+01  3.012866e-02 
 2.364889e+01  3.012867e-02 
 2.364921e+01  3.012868e-02 
 2.364954e+01  3.012869e-02 
 2.364986e+01  3.012869e-02 
 2.365018e+01  3.012870e-02 
 2.365050e+01  3.012871e-02 
 2.365082e+01  3.012872e-02 
 2.365114e+01  3.012872e-02 
 2.365146e+01  3.012873e-02 
 2.365179e+01  3.012874e-02 
 2.365211e+01  3.012875e-02 
 2.365243e+01  3.012875e-02 
 2.365275e+01  3.012876e-02 
 2.365307e+01  3.012877e-02 
 2.365339e+01  3.012877e-02 
 2.365372e+01  3.012878e-02 
 2.365404e+01  3.012879e-02 
 2.365436e+01  3.012880e-02 
 2.365468e+01  3.012880e-02 
 2.365500e+01  3.012881e-02 
 2.365532e+01  3.012882e-02 
 2.365564e+01  3.012883e-02 
 2.365597e+01  3.012883e-02 
 2.365629e+01  3.012884e-02 
 2.365661e+01  3.012885e-02 
 2.365693e+01  3.012885e-02 
 2.365725e+01  3.012886e-02 
 2.365757e+01  3.012887e-02 
 2.365790e+01  3.012888e-02 
 2.365822e+01  3.012888e-02 
 2.365854e+01  3.012889e-02 
 2.365886e+01  3.012890e-02 
 2.365918e+01  3.012891e-02 
 2.365950e+01  3.012891e-02 
 2.365982e+01  3.012892e-02 
 2.366015e+01  3.012893e-02 
 2.366047e+01  3.012893e-02 
 2.366079e+01  3.012894e-02 
 2.366111e+01  3.012895e-02 
 2.366143e+01  3.012895e-02 
 2.366175e+01  3.012896e-02 
 2.366208e+01  3.012897e-02 
 2.366240e+01  3.012898e-02 
 2.366272e+01  3.012898e-02 
 2.366304e+01  3.012899e-02 
 2.366336e+01  3.012900e-02 
 2.366368e+01  3.012900e-02 
 2.366401e+01  3.012901e-02 
 2.366433e+01  3.012902e-02 
 2.366465e+01  3.012902e-02 
 2.366497e+01  3.012903e-02 
 2.366529e+01  3.012904e-02 
 2.366561e+01  3.012905e-02 
 2.366593e+01  3.012905e-02 
 2.366626e+01  3.012906e-02 
 2.366658e+01  3.012907e-02 
 2.366690e+01  3.012907e-02 
 2.366722e+01  3.012908e-02 
 2.366754e+01  3.012909e-02 
 2.366786e+01  3.012909e-02 
 2.366819e+01  3.012910e-02 
 2.366851e+01  3.012911e-02 
 2.366883e+01  3.012911e-02 
 2.366915e+01  3.012912e-02 
 2.366947e+01  3.012913e-02 
 2.366979e+01  3.012913e-02 
 2.367011e+01  3.012914e-02 
 2.367044e+01  3.012915e-02 
 2.367076e+01  3.012915e-02 
 2.367108e+01  3.012916e-02 
 2.367140e+01  3.012916e-02 
 2.367172e+01  3.012917e-02 
 2.367204e+01  3.012918e-02 
 2.367237e+01  3.012918e-02 
 2.367269e+01  3.012919e-02 
 2.367301e+01  3.012920e-02 
 2.367333e+01  3.012920e-02 
 2.367365e+01  3.012921e-02 
 2.367397e+01  3.012922e-02 
 2.367429e+01  3.012922e-02 
 2.367462e+01  3.012923e-02 
 2.367494e+01  3.012923e-02 
 2.367526e+01  3.012924e-02 
 2.367558e+01  3.012925e-02 
 2.367590e+01  3.012925e-02 
 2.367622e+01  3.012926e-02 
 2.367655e+01  3.012926e-02 
 2.367687e+01  3.012927e-02 
 2.367719e+01  3.012928e-02 
 2.367751e+01  3.012928e-02 
 2.367783e+01  3.012929e-02 
 2.367815e+01  3.012929e-02 
 2.367848e+01  3.012930e-02 
 2.367880e+01  3.012931e-02 
 2.367912e+01  3.012931e-02 
 2.367944e+01  3.012932e-02 
 2.367976e+01  3.012932e-02 
 2.368008e+01  3.012933e-02 
 2.368040e+01  3.012934e-02 
 2.368073e+01  3.012934e-02 
 2.368105e+01  3.012935e-02 
 2.368137e+01  3.012935e-02 
 2.368169e+01  3.012936e-02 
 2.368201e+01  3.012936e-02 
 2.368233e+01  3.012937e-02 
 2.368266e+01  3.012938e-02 
 2.368298e+01  3.012938e-02 
 2.368330e+01  3.012939e-02 
 2.368362e+01  3.012939e-02 
 2.368394e+01  3.012940e-02 
 2.368426e+01  3.012940e-02 
 2.368458e+01  3.012941e-02 
 2.368491e+01  3.012941e-02 
 2.368523e+01  3.012942e-02 
 2.368555e+01  3.012942e-02 
 2.368587e+01  3.012943e-02 
 2.368619e+01  3.012944e-02 
 2.368651e+01  3.012944e-02 
 2.368684e+01  3.012945e-02 
 2.368716e+01  3.012945e-02 
 2.368748e+01  3.012946e-02 
 2.368780e+01  3.012946e-02 
 2.368812e+01  3.012947e-02 
 2.368844e+01  3.012947e-02 
 2.368877e+01  3.012948e-02 
 2.368909e+01  3.012948e-02 
 2.368941e+01  3.012949e-02 
 2.368973e+01  3.012949e-02 
 2.369005e+01  3.012950e-02 
 2.369037e+01  3.012950e-02 
 2.369069e+01  3.012951e-02 
 2.369102e+01  3.012951e-02 
 2.369134e+01  3.012952e-02 
 2.369166e+01  3.012952e-02 
 2.369198e+01  3.012953e-02 
 2.369230e+01  3.012953e-02 
 2.369262e+01  3.012954e-02 
 2.369295e+01  3.012954e-02 
 2.369327e+01  3.012955e-02 
 2.369359e+01  3.012955e-02 
 2.369391e+01  3.012956e-02 
 2.369423e+01  3.012956e-02 
 2.369455e+01  3.012957e-02 
 2.369487e+01  3.012957e-02 
 2.369520e+01  3.012958e-02 
 2.369552e+01  3.012958e-02 
 2.369584e+01  3.012959e-02 
 2.369616e+01  3.012959e-02 
 2.369648e+01  3.012960e-02 
 2.369680e+01  3.012960e-02 
 2.369713e+01  3.012961e-02 
 2.369745e+01  3.012961e-02 
 2.369777e+01  3.012962e-02 
 2.369809e+01  3.012962e-02 
 2.369841e+01  3.012963e-02 
 2.369873e+01  3.012963e-02 
 2.369905e+01  3.012963e-02 
 2.369938e+01  3.012964e-02 
 2.369970e+01  3.012964e-02 
 2.370002e+01  3.012965e-02 
 2.370034e+01  3.012965e-02 
 2.370066e+01  3.012966e-02 
 2.370098e+01  3.012966e-02 
 2.370131e+01  3.012967e-02 
 2.370163e+01  3.012967e-02 
 2.370195e+01  3.012967e-02 
 2.370227e+01  3.012968e-02 
 2.370259e+01  3.012968e-02 
 2.370291e+01  3.012969e-02 
 2.370324e+01  3.012969e-02 
 2.370356e+01  3.012970e-02 
 2.370388e+01  3.012970e-02 
 2.370420e+01  3.012970e-02 
 2.370452e+01  3.012971e-02 
 2.370484e+01  3.012971e-02 
 2.370516e+01  3.012972e-02 
 2.370549e+01  3.012972e-02 
 2.370581e+01  3.012972e-02 
 2.370613e+01  3.012973e-02 
 2.370645e+01  3.012973e-02 
 2.370677e+01  3.012974e-02 
 2.370709e+01  3.012974e-02 
 2.370742e+01  3.012974e-02 
 2.370774e+01  3.012975e-02 
 2.370806e+01  3.012975e-02 
 2.370838e+01  3.012975e-02 
 2.370870e+01  3.012976e-02 
 2.370902e+01  3.012976e-02 
 2.370934e+01  3.012977e-02 
 2.370967e+01  3.012977e-02 
 2.370999e+01  3.012977e-02 
 2.371031e+01  3.012978e-02 
 2.371063e+01  3.012978e-02 
 2.371095e+01  3.012978e-02 
 2.371127e+01  3.012979e-02 
 2.371160e+01  3.012979e-02 
 2.371192e+01  3.012979e-02 
 2.371224e+01  3.012980e-02 
 2.371256e+01  3.012980e-02 
 2.371288e+01  3.012980e-02 
 2.371320e+01  3.012981e-02 
 2.371352e+01  3.012981e-02 
 2.371385e+01  3.012981e-02 
 2.371417e+01  3.012982e-02 
 2.371449e+01  3.012982e-02 
 2.371481e+01  3.012982e-02 
 2.371513e+01  3.012983e-02 
 2.371545e+01  3.012983e-02 
 2.371578e+01  3.012983e-02 
 2.371610e+01  3.012984e-02 
 2.371642e+01  3.012984e-02 
 2.371674e+01  3.012984e-02 
 2.371706e+01  3.012984e-02 
 2.371738e+01  3.012985e-02 
 2.371771e+01  3.012985e-02 
 2.371803e+01  3.012985e-02 
 2.371835e+01  3.012986e-02 
 2.371867e+01  3.012986e-02 
 2.371899e+01  3.012986e-02 
 2.371931e+01  3.012987e-02 
 2.371963e+01  3.012987e-02 
 2.371996e+01  3.012987e-02 
 2.372028e+01  3.012987e-02 
 2.372060e+01  3.012988e-02 
 2.372092e+01  3.012988e-02 
 2.372124e+01  3.012988e-02 
 2.372156e+01  3.012988e-02 
 2.372189e+01  3.012989e-02 
 2.372221e+01  3.012989e-02 
 2.372253e+01  3.012989e-02 
 2.372285e+01  3.012990e-02 
 2.372317e+01  3.012990e-02 
 2.372349e+01  3.012990e-02 
 2.372381e+01  3.012990e-02 
 2.372414e+01  3.012991e-02 
 2.372446e+01  3.012991e-02 
 2.372478e+01  3.012991e-02 
 2.372510e+01  3.012991e-02 
 2.372542e+01  3.012992e-02 
 2.372574e+01  3.012992e-02 
 2.372607e+01  3.012992e-02 
 2.372639e+01  3.012992e-02 
 2.372671e+01  3.012993e-02 
 2.372703e+01  3.012993e-02 
 2.372735e+01  3.012993e-02 
 2.372767e+01  3.012993e-02 
 2.372799e+01  3.012993e-02 
 2.372832e+01  3.012994e-02 
 2.372864e+01  3.012994e-02 
 2.372896e+01  3.012994e-02 
 2.372928e+01  3.012994e-02 
 2.372960e+01  3.012995e-02 
 2.372992e+01  3.012995e-02 
 2.373025e+01  3.012995e-02 
 2.373057e+01  3.012995e-02 
 2.373089e+01  3.012995e-02 
 2.373121e+01  3.012996e-02 
 2.373153e+01  3.012996e-02 
 2.373185e+01  3.012996e-02 
 2.373218e+01  3.012996e-02 
 2.373250e+01  3.012996e-02 
 2.373282e+01  3.012997e-02 
 2.373314e+01  3.012997e-02 
 2.373346e+01  3.012997e-02 
 2.373378e+01  3.012997e-02 
 2.373410e+01  3.012997e-02 
 2.373443e+01  3.012998e-02 
 2.373475e+01  3.012998e-02 
 2.373507e+01  3.012998e-02 
 2.373539e+01  3.012998e-02 
 2.373571e+01  3.012998e-02 
 2.373603e+01  3.012998e-02 
 2.373636e+01  3.012999e-02 
 2.373668e+01  3.012999e-02 
 2.373700e+01  3.012999e-02 
 2.373732e+01  3.012999e-02 
 2.373764e+01  3.012999e-02 
 2.373796e+01  3.012999e-02 
 2.373828e+01  3.013000e-02 
 2.373861e+01  3.013000e-02 
 2.373893e+01  3.013000e-02 
 2.373925e+01  3.013000e-02 
 2.373957e+01  3.013000e-02 
 2.373989e+01  3.013000e-02 
 2.374021e+01  3.013001e-02 
 2.374054e+01  3.013001e-02 
 2.374086e+01  3.013001e-02 
 2.374118e+01  3.013001e-02 
 2.374150e+01  3.013001e-02 
 2.374182e+01  3.013001e-02 
 2.374214e+01  3.013002e-02 
 2.374246e+01  3.013002e-02 
 2.374279e+01  3.013002e-02 
 2.374311e+01  3.013002e-02 
 2.374343e+01  3.013002e-02 
 2.374375e+01  3.013002e-02 
 2.374407e+01  3.013002e-02 
 2.374439e+01  3.013003e-02 
 2.374472e+01  3.013003e-02 
 2.374504e+01  3.013003e-02 
 2.374536e+01  3.013003e-02 
 2.374568e+01  3.013003e-02 
 2.374600e+01  3.013003e-02 
 2.374632e+01  3.013004e-02 
 2.374665e+01  3.013004e-02 
 2.374697e+01  3.013004e-02 
 2.374729e+01  3.013004e-02 
 2.374761e+01  3.013004e-02 
 2.374793e+01  3.013004e-02 
 2.374825e+01  3.013004e-02 
 2.374857e+01  3.013005e-02 
 2.374890e+01  3.013005e-02 
 2.374922e+01  3.013005e-02 
 2.374954e+01  3.013005e-02 
 2.374986e+01  3.013005e-02 
 2.375018e+01  3.013005e-02 
 2.375050e+01  3.013005e-02 
 2.375083e+01  3.013005e-02 
 2.375115e+01  3.013006e-02 
 2.375147e+01  3.013006e-02 
 2.375179e+01  3.013006e-02 
 2.375211e+01  3.013006e-02 
 2.375243e+01  3.013006e-02 
 2.375275e+01  3.013006e-02 
 2.375308e+01  3.013006e-02 
 2.375340e+01  3.013006e-02 
 2.375372e+01  3.013007e-02 
 2.375404e+01  3.013007e-02 
 2.375436e+01  3.013007e-02 
 2.375468e+01  3.013007e-02 
 2.375501e+01  3.013007e-02 
 2.375533e+01  3.013007e-02 
 2.375565e+01  3.013007e-02 
 2.375597e+01  3.013007e-02 
 2.375629e+01  3.013008e-02 
 2.375661e+01  3.013008e-02 
 2.375693e+01  3.013008e-02 
 2.375726e+01  3.013008e-02 
 2.375758e+01  3.013008e-02 
 2.375790e+01  3.013008e-02 
 2.375822e+01  3.013008e-02 
 2.375854e+01  3.013008e-02 
 2.375886e+01  3.013008e-02 
 2.375919e+01  3.013009e-02 
 2.375951e+01  3.013009e-02 
 2.375983e+01  3.013009e-02 
 2.376015e+01  3.013009e-02 
 2.376047e+01  3.013009e-02 
 2.376079e+01  3.013009e-02 
 2.376112e+01  3.013009e-02 
 2.376144e+01  3.013009e-02 
 2.376176e+01  3.013009e-02 
 2.376208e+01  3.013009e-02 
 2.376240e+01  3.013009e-02 
 2.376272e+01  3.013010e-02 
 2.376304e+01  3.013010e-02 
 2.376337e+01  3.013010e-02 
 2.376369e+01  3.013010e-02 
 2.376401e+01  3.013010e-02 
 2.376433e+01  3.013010e-02 
 2.376465e+01  3.013010e-02 
 2.376497e+01  3.013010e-02 
 2.376530e+01  3.013010e-02 
 2.376562e+01  3.013010e-02 
 2.376594e+01  3.013010e-02 
 2.376626e+01  3.013010e-02 
 2.376658e+01  3.013010e-02 
 2.376690e+01  3.013011e-02 
 2.376722e+01  3.013011e-02 
 2.376755e+01  3.013011e-02 
 2.376787e+01  3.013011e-02 
 2.376819e+01  3.013011e-02 
 2.376851e+01  3.013011e-02 
 2.376883e+01  3.013011e-02 
 2.376915e+01  3.013011e-02 
 2.376948e+01  3.013011e-02 
 2.376980e+01  3.013011e-02 
 2.377012e+01  3.013011e-02 
 2.377044e+01  3.013011e-02 
 2.377076e+01  3.013011e-02 
 2.377108e+01  3.013011e-02 
 2.377140e+01  3.013011e-02 
 2.377173e+01  3.013011e-02 
 2.377205e+01  3.013011e-02 
 2.377237e+01  3.013011e-02 
 2.377269e+01  3.013011e-02 
 2.377301e+01  3.013011e-02 
 2.377333e+01  3.013011e-02 
 2.377366e+01  3.013011e-02 
 2.377398e+01  3.013011e-02 
 2.377430e+01  3.013011e-02 
 2.377462e+01  3.013012e-02 
 2.377494e+01  3.013012e-02 
 2.377526e+01  3.013012e-02 
 2.377559e+01  3.013012e-02 
 2.377591e+01  3.013012e-02 
 2.377623e+01  3.013012e-02 
 2.377655e+01  3.013012e-02 
 2.377687e+01  3.013012e-02 
 2.377719e+01  3.013012e-02 
 2.377751e+01  3.013012e-02 
 2.377784e+01  3.013012e-02 
 2.377816e+01  3.013012e-02 
 2.377848e+01  3.013012e-02 
 2.377880e+01  3.013012e-02 
 2.377912e+01  3.013012e-02 
 2.377944e+01  3.013012e-02 
 2.377977e+01  3.013012e-02 
 2.378009e+01  3.013012e-02 
 2.378041e+01  3.013012e-02 
 2.378073e+01  3.013012e-02 
 2.378105e+01  3.013012e-02 
 2.378137e+01  3.013012e-02 
 2.378169e+01  3.013011e-02 
 2.378202e+01  3.013011e-02 
 2.378234e+01  3.013011e-02 
 2.378266e+01  3.013011e-02 
 2.378298e+01  3.013011e-02 
 2.378330e+01  3.013011e-02 
 2.378362e+01  3.013011e-02 
 2.378395e+01  3.013011e-02 
 2.378427e+01  3.013011e-02 
 2.378459e+01  3.013011e-02 
 2.378491e+01  3.013011e-02 
 2.378523e+01  3.013011e-02 
 2.378555e+01  3.013011e-02 
 2.378587e+01  3.013011e-02 
 2.378620e+01  3.013011e-02 
 2.378652e+01  3.013011e-02 
 2.378684e+01  3.013011e-02 
 2.378716e+01  3.013011e-02 
 2.378748e+01  3.013011e-02 
 2.378780e+01  3.013011e-02 
 2.378813e+01  3.013011e-02 
 2.378845e+01  3.013011e-02 
 2.378877e+01  3.013011e-02 
 2.378909e+01  3.013011e-02 
 2.378941e+01  3.013010e-02 
 2.378973e+01  3.013010e-02 
 2.379006e+01  3.013010e-02 
 2.379038e+01  3.013010e-02 
 2.379070e+01  3.013010e-02 
 2.379102e+01  3.013010e-02 
 2.379134e+01  3.013010e-02 
 2.379166e+01  3.013010e-02 
 2.379198e+01  3.013010e-02 
 2.379231e+01  3.013010e-02 
 2.379263e+01  3.013010e-02 
 2.379295e+01  3.013010e-02 
 2.379327e+01  3.013010e-02 
 2.379359e+01  3.013010e-02 
 2.379391e+01  3.013010e-02 
 2.379424e+01  3.013009e-02 
 2.379456e+01  3.013009e-02 
 2.379488e+01  3.013009e-02 
 2.379520e+01  3.013009e-02 
 2.379552e+01  3.013009e-02 
 2.379584e+01  3.013009e-02 
 2.379616e+01  3.013009e-02 
 2.379649e+01  3.013009e-02 
 2.379681e+01  3.013009e-02 
 2.379713e+01  3.013009e-02 
 2.379745e+01  3.013009e-02 
 2.379777e+01  3.013009e-02 
 2.379809e+01  3.013008e-02 
 2.379842e+01  3.013008e-02 
 2.379874e+01  3.013008e-02 
 2.379906e+01  3.013008e-02 
 2.379938e+01  3.013008e-02 
 2.379970e+01  3.013008e-02 
 2.380002e+01  3.013008e-02 
 2.380034e+01  3.013008e-02 
 2.380067e+01  3.013008e-02 
 2.380099e+01  3.013008e-02 
 2.380131e+01  3.013008e-02 
 2.380163e+01  3.013007e-02 
 2.380195e+01  3.013007e-02 
 2.380227e+01  3.013007e-02 
 2.380260e+01  3.013007e-02 
 2.380292e+01  3.013007e-02 
 2.380324e+01  3.013007e-02 
 2.380356e+01  3.013007e-02 
 2.380388e+01  3.013007e-02 
 2.380420e+01  3.013007e-02 
 2.380453e+01  3.013006e-02 
 2.380485e+01  3.013006e-02 
 2.380517e+01  3.013006e-02 
 2.380549e+01  3.013006e-02 
 2.380581e+01  3.013006e-02 
 2.380613e+01  3.013006e-02 
 2.380645e+01  3.013006e-02 
 2.380678e+01  3.013006e-02 
 2.380710e+01  3.013005e-02 
 2.380742e+01  3.013005e-02 
 2.380774e+01  3.013005e-02 
 2.380806e+01  3.013005e-02 
 2.380838e+01  3.013005e-02 
 2.380871e+01  3.013005e-02 
 2.380903e+01  3.013005e-02 
 2.380935e+01  3.013004e-02 
 2.380967e+01  3.013004e-02 
 2.380999e+01  3.013004e-02 
 2.381031e+01  3.013004e-02 
 2.381063e+01  3.013004e-02 
 2.381096e+01  3.013004e-02 
 2.381128e+01  3.013004e-02 
 2.381160e+01  3.013003e-02 
 2.381192e+01  3.013003e-02 
 2.381224e+01  3.013003e-02 
 2.381256e+01  3.013003e-02 
 2.381289e+01  3.013003e-02 
 2.381321e+01  3.013003e-02 
 2.381353e+01  3.013002e-02 
 2.381385e+01  3.013002e-02 
 2.381417e+01  3.013002e-02 
 2.381449e+01  3.013002e-02 
 2.381481e+01  3.013002e-02 
 2.381514e+01  3.013002e-02 
 2.381546e+01  3.013001e-02 
 2.381578e+01  3.013001e-02 
 2.381610e+01  3.013001e-02 
 2.381642e+01  3.013001e-02 
 2.381674e+01  3.013001e-02 
 2.381707e+01  3.013001e-02 
 2.381739e+01  3.013000e-02 
 2.381771e+01  3.013000e-02 
 2.381803e+01  3.013000e-02 
 2.381835e+01  3.013000e-02 
 2.381867e+01  3.013000e-02 
 2.381900e+01  3.012999e-02 
 2.381932e+01  3.012999e-02 
 2.381964e+01  3.012999e-02 
 2.381996e+01  3.012999e-02 
 2.382028e+01  3.012999e-02 
 2.382060e+01  3.012998e-02 
 2.382092e+01  3.012998e-02 
 2.382125e+01  3.012998e-02 
 2.382157e+01  3.012998e-02 
 2.382189e+01  3.012998e-02 
 2.382221e+01  3.012997e-02 
 2.382253e+01  3.012997e-02 
 2.382285e+01  3.012997e-02 
 2.382318e+01  3.012997e-02 
 2.382350e+01  3.012997e-02 
 2.382382e+01  3.012996e-02 
 2.382414e+01  3.012996e-02 
 2.382446e+01  3.012996e-02 
 2.382478e+01  3.012996e-02 
 2.382510e+01  3.012996e-02 
 2.382543e+01  3.012995e-02 
 2.382575e+01  3.012995e-02 
 2.382607e+01  3.012995e-02 
 2.382639e+01  3.012995e-02 
 2.382671e+01  3.012995e-02 
 2.382703e+01  3.012994e-02 
 2.382736e+01  3.012994e-02 
 2.382768e+01  3.012994e-02 
 2.382800e+01  3.012994e-02 
 2.382832e+01  3.012994e-02 
 2.382864e+01  3.012993e-02 
 2.382896e+01  3.012993e-02 
 2.382929e+01  3.012993e-02 
 2.382961e+01  3.012993e-02 
 2.382993e+01  3.012993e-02 
 2.383025e+01  3.012992e-02 
 2.383057e+01  3.012992e-02 
 2.383089e+01  3.012992e-02 
 2.383121e+01  3.012992e-02 
 2.383154e+01  3.012992e-02 
 2.383186e+01  3.012992e-02 
 2.383218e+01  3.012991e-02 
 2.383250e+01  3.012991e-02 
 2.383282e+01  3.012991e-02 
 2.383314e+01  3.012991e-02 
 2.383347e+01  3.012991e-02 
 2.383379e+01  3.012991e-02 
 2.383411e+01  3.012990e-02 
 2.383443e+01  3.012990e-02 
 2.383475e+01  3.012990e-02 
 2.383507e+01  3.012990e-02 
 2.383539e+01  3.012990e-02 
 2.383572e+01  3.012990e-02 
 2.383604e+01  3.012990e-02 
 2.383636e+01  3.012989e-02 
 2.383668e+01  3.012989e-02 
 2.383700e+01  3.012989e-02 
 2.383732e+01  3.012989e-02 
 2.383765e+01  3.012989e-02 
 2.383797e+01  3.012989e-02 
 2.383829e+01  3.012989e-02 
 2.383861e+01  3.012989e-02 
 2.383893e+01  3.012989e-02 
 2.383925e+01  3.012988e-02 
 2.383957e+01  3.012988e-02 
 2.383990e+01  3.012988e-02 
 2.384022e+01  3.012988e-02 
 2.384054e+01  3.012988e-02 
 2.384086e+01  3.012988e-02 
 2.384118e+01  3.012988e-02 
 2.384150e+01  3.012988e-02 
 2.384183e+01  3.012988e-02 
 2.384215e+01  3.012988e-02 
 2.384247e+01  3.012988e-02 
 2.384279e+01  3.012988e-02 
 2.384311e+01  3.012988e-02 
 2.384343e+01  3.012988e-02 
 2.384376e+01  3.012988e-02 
 2.384408e+01  3.012988e-02 
 2.384440e+01  3.012988e-02 
 2.384472e+01  3.012988e-02 
 2.384504e+01  3.012988e-02 
 2.384536e+01  3.012988e-02 
 2.384568e+01  3.012988e-02 
 2.384601e+01  3.012988e-02 
 2.384633e+01  3.012988e-02 
 2.384665e+01  3.012988e-02 
 2.384697e+01  3.012988e-02 
 2.384729e+01  3.012988e-02 
 2.384761e+01  3.012988e-02 
 2.384794e+01  3.012988e-02 
 2.384826e+01  3.012988e-02 
 2.384858e+01  3.012988e-02 
 2.384890e+01  3.012988e-02 
 2.384922e+01  3.012988e-02 
 2.384954e+01  3.012989e-02 
 2.384986e+01  3.012989e-02 
 2.385019e+01  3.012989e-02 
 2.385051e+01  3.012989e-02 
 2.385083e+01  3.012989e-02 
 2.385115e+01  3.012989e-02 
 2.385147e+01  3.012989e-02 
 2.385179e+01  3.012990e-02 
 2.385212e+01  3.012990e-02 
 2.385244e+01  3.012990e-02 
 2.385276e+01  3.012990e-02 
 2.385308e+01  3.012990e-02 
 2.385340e+01  3.012990e-02 
 2.385372e+01  3.012991e-02 
 2.385404e+01  3.012991e-02 
 2.385437e+01  3.012991e-02 
 2.385469e+01  3.012991e-02 
 2.385501e+01  3.012991e-02 
 2.385533e+01  3.012992e-02 
 2.385565e+01  3.012992e-02 
 2.385597e+01  3.012992e-02 
 2.385630e+01  3.012992e-02 
 2.385662e+01  3.012993e-02 
 2.385694e+01  3.012993e-02 
 2.385726e+01  3.012993e-02 
 2.385758e+01  3.012993e-02 
 2.385790e+01  3.012994e-02 
 2.385823e+01  3.012994e-02 
 2.385855e+01  3.012994e-02 
 2.385887e+01  3.012995e-02 
 2.385919e+01  3.012995e-02 
 2.385951e+01  3.012995e-02 
 2.385983e+01  3.012996e-02 
 2.386015e+01  3.012996e-02 
 2.386048e+01  3.012996e-02 
 2.386080e+01  3.012997e-02 
 2.386112e+01  3.012997e-02 
 2.386144e+01  3.012997e-02 
 2.386176e+01  3.012998e-02 
 2.386208e+01  3.012998e-02 
 2.386241e+01  3.012998e-02 
 2.386273e+01  3.012999e-02 
 2.386305e+01  3.012999e-02 
 2.386337e+01  3.013000e-02 
 2.386369e+01  3.013000e-02 
 2.386401e+01  3.013000e-02 
 2.386433e+01  3.013001e-02 
 2.386466e+01  3.013001e-02 
 2.386498e+01  3.013001e-02 
 2.386530e+01  3.013002e-02 
 2.386562e+01  3.013002e-02 
 2.386594e+01  3.013003e-02 
 2.386626e+01  3.013003e-02 
 2.386659e+01  3.013004e-02 
 2.386691e+01  3.013004e-02 
 2.386723e+01  3.013004e-02 
 2.386755e+01  3.013005e-02 
 2.386787e+01  3.013005e-02 
 2.386819e+01  3.013006e-02 
 2.386851e+01  3.013006e-02 
 2.386884e+01  3.013007e-02 
 2.386916e+01  3.013007e-02 
 2.386948e+01  3.013008e-02 
 2.386980e+01  3.013008e-02 
 2.387012e+01  3.013008e-02 
 2.387044e+01  3.013009e-02 
 2.387077e+01  3.013009e-02 
 2.387109e+01  3.013010e-02 
 2.387141e+01  3.013010e-02 
 2.387173e+01  3.013011e-02 
 2.387205e+01  3.013011e-02 
 2.387237e+01  3.013012e-02 
 2.387270e+01  3.013012e-02 
 2.387302e+01  3.013013e-02 
 2.387334e+01  3.013013e-02 
 2.387366e+01  3.013014e-02 
 2.387398e+01  3.013014e-02 
 2.387430e+01  3.013015e-02 
 2.387462e+01  3.013015e-02 
 2.387495e+01  3.013015e-02 
 2.387527e+01  3.013016e-02 
 2.387559e+01  3.013016e-02 
 2.387591e+01  3.013017e-02 
 2.387623e+01  3.013017e-02 
 2.387655e+01  3.013018e-02 
 2.387688e+01  3.013018e-02 
 2.387720e+01  3.013019e-02 
 2.387752e+01  3.013019e-02 
 2.387784e+01  3.013020e-02 
 2.387816e+01  3.013020e-02 
 2.387848e+01  3.013021e-02 
 2.387880e+01  3.013021e-02 
 2.387913e+01  3.013022e-02 
 2.387945e+01  3.013022e-02 
 2.387977e+01  3.013022e-02 
 2.388009e+01  3.013023e-02 
 2.388041e+01  3.013023e-02 
 2.388073e+01  3.013024e-02 
 2.388106e+01  3.013024e-02 
 2.388138e+01  3.013025e-02 
 2.388170e+01  3.013025e-02 
 2.388202e+01  3.013026e-02 
 2.388234e+01  3.013026e-02 
 2.388266e+01  3.013027e-02 
 2.388298e+01  3.013027e-02 
 2.388331e+01  3.013027e-02 
 2.388363e+01  3.013028e-02 
 2.388395e+01  3.013028e-02 
 2.388427e+01  3.013029e-02 
 2.388459e+01  3.013029e-02 
 2.388491e+01  3.013030e-02 
 2.388524e+01  3.013030e-02 
 2.388556e+01  3.013030e-02 
 2.388588e+01  3.013031e-02 
 2.388620e+01  3.013031e-02 
 2.388652e+01  3.013032e-02 
 2.388684e+01  3.013032e-02 
 2.388717e+01  3.013032e-02 
 2.388749e+01  3.013033e-02 
 2.388781e+01  3.013033e-02 
 2.388813e+01  3.013034e-02 
 2.388845e+01  3.013034e-02 
 2.388877e+01  3.013034e-02 
 2.388909e+01  3.013035e-02 
 2.388942e+01  3.013035e-02 
 2.388974e+01  3.013036e-02 
 2.389006e+01  3.013036e-02 
 2.389038e+01  3.013036e-02 
 2.389070e+01  3.013037e-02 
 2.389102e+01  3.013037e-02 
 2.389135e+01  3.013037e-02 
 2.389167e+01  3.013038e-02 
 2.389199e+01  3.013038e-02 
 2.389231e+01  3.013038e-02 
 2.389263e+01  3.013039e-02 
 2.389295e+01  3.013039e-02 
 2.389327e+01  3.013040e-02 
 2.389360e+01  3.013040e-02 
 2.389392e+01  3.013040e-02 
 2.389424e+01  3.013041e-02 
 2.389456e+01  3.013041e-02 
 2.389488e+01  3.013041e-02 
 2.389520e+01  3.013042e-02 
 2.389553e+01  3.013042e-02 
 2.389585e+01  3.013042e-02 
 2.389617e+01  3.013043e-02 
 2.389649e+01  3.013043e-02 
 2.389681e+01  3.013043e-02 
 2.389713e+01  3.013044e-02 
 2.389745e+01  3.013044e-02 
 2.389778e+01  3.013044e-02 
 2.389810e+01  3.013044e-02 
 2.389842e+01  3.013045e-02 
 2.389874e+01  3.013045e-02 
 2.389906e+01  3.013045e-02 
 2.389938e+01  3.013046e-02 
 2.389971e+01  3.013046e-02 
 2.390003e+01  3.013046e-02 
 2.390035e+01  3.013047e-02 
 2.390067e+01  3.013047e-02 
 2.390099e+01  3.013047e-02 
 2.390131e+01  3.013047e-02 
 2.390164e+01  3.013048e-02 
 2.390196e+01  3.013048e-02 
 2.390228e+01  3.013048e-02 
 2.390260e+01  3.013049e-02 
 2.390292e+01  3.013049e-02 
 2.390324e+01  3.013049e-02 
 2.390356e+01  3.013049e-02 
 2.390389e+01  3.013050e-02 
 2.390421e+01  3.013050e-02 
 2.390453e+01  3.013050e-02 
 2.390485e+01  3.013050e-02 
 2.390517e+01  3.013051e-02 
 2.390549e+01  3.013051e-02 
 2.390582e+01  3.013051e-02 
 2.390614e+01  3.013051e-02 
 2.390646e+01  3.013052e-02 
 2.390678e+01  3.013052e-02 
 2.390710e+01  3.013052e-02 
 2.390742e+01  3.013052e-02 
 2.390774e+01  3.013053e-02 
 2.390807e+01  3.013053e-02 
 2.390839e+01  3.013053e-02 
 2.390871e+01  3.013053e-02 
 2.390903e+01  3.013054e-02 
 2.390935e+01  3.013054e-02 
 2.390967e+01  3.013054e-02 
 2.391000e+01  3.013054e-02 
 2.391032e+01  3.013055e-02 
 2.391064e+01  3.013055e-02 
 2.391096e+01  3.013055e-02 
 2.391128e+01  3.013055e-02 
 2.391160e+01  3.013056e-02 
 2.391192e+01  3.013056e-02 
 2.391225e+01  3.013056e-02 
 2.391257e+01  3.013056e-02 
 2.391289e+01  3.013057e-02 
 2.391321e+01  3.013057e-02 
 2.391353e+01  3.013057e-02 
 2.391385e+01  3.013057e-02 
 2.391418e+01  3.013057e-02 
 2.391450e+01  3.013058e-02 
 2.391482e+01  3.013058e-02 
 2.391514e+01  3.013058e-02 
 2.391546e+01  3.013058e-02 
 2.391578e+01  3.013058e-02 
 2.391611e+01  3.013059e-02 
 2.391643e+01  3.013059e-02 
 2.391675e+01  3.013059e-02 
 2.391707e+01  3.013059e-02 
 2.391739e+01  3.013060e-02 
 2.391771e+01  3.013060e-02 
 2.391803e+01  3.013060e-02 
 2.391836e+01  3.013060e-02 
 2.391868e+01  3.013060e-02 
 2.391900e+01  3.013061e-02 
 2.391932e+01  3.013061e-02 
 2.391964e+01  3.013061e-02 
 2.391996e+01  3.013061e-02 
 2.392029e+01  3.013061e-02 
 2.392061e+01  3.013062e-02 
 2.392093e+01  3.013062e-02 
 2.392125e+01  3.013062e-02 
 2.392157e+01  3.013062e-02 
 2.392189e+01  3.013062e-02 
 2.392221e+01  3.013063e-02 
 2.392254e+01  3.013063e-02 
 2.392286e+01  3.013063e-02 
 2.392318e+01  3.013063e-02 
 2.392350e+01  3.013063e-02 
 2.392382e+01  3.013064e-02 
 2.392414e+01  3.013064e-02 
 2.392447e+01  3.013064e-02 
 2.392479e+01  3.013064e-02 
 2.392511e+01  3.013065e-02 
 2.392543e+01  3.013065e-02 
 2.392575e+01  3.013065e-02 
 2.392607e+01  3.013065e-02 
 2.392639e+01  3.013065e-02 
 2.392672e+01  3.013066e-02 
 2.392704e+01  3.013066e-02 
 2.392736e+01  3.013066e-02 
 2.392768e+01  3.013066e-02 
 2.392800e+01  3.013066e-02 
 2.392832e+01  3.013067e-02 
 2.392865e+01  3.013067e-02 
 2.392897e+01  3.013067e-02 
 2.392929e+01  3.013067e-02 
 2.392961e+01  3.013067e-02 
 2.392993e+01  3.013068e-02 
 2.393025e+01  3.013068e-02 
 2.393058e+01  3.013068e-02 
 2.393090e+01  3.013068e-02 
 2.393122e+01  3.013069e-02 
 2.393154e+01  3.013069e-02 
 2.393186e+01  3.013069e-02 
 2.393218e+01  3.013069e-02 
 2.393250e+01  3.013069e-02 
 2.393283e+01  3.013070e-02 
 2.393315e+01  3.013070e-02 
 2.393347e+01  3.013070e-02 
 2.393379e+01  3.013070e-02 
 2.393411e+01  3.013070e-02 
 2.393443e+01  3.013071e-02 
 2.393476e+01  3.013071e-02 
 2.393508e+01  3.013071e-02 
 2.393540e+01  3.013071e-02 
 2.393572e+01  3.013072e-02 
 2.393604e+01  3.013072e-02 
 2.393636e+01  3.013072e-02 
 2.393668e+01  3.013072e-02 
 2.393701e+01  3.013072e-02 
 2.393733e+01  3.013073e-02 
 2.393765e+01  3.013073e-02 
 2.393797e+01  3.013073e-02 
 2.393829e+01  3.013073e-02 
 2.393861e+01  3.013074e-02 
 2.393894e+01  3.013074e-02 
 2.393926e+01  3.013074e-02 
 2.393958e+01  3.013074e-02 
 2.393990e+01  3.013074e-02 
 2.394022e+01  3.013075e-02 
 2.394054e+01  3.013075e-02 
 2.394086e+01  3.013075e-02 
 2.394119e+01  3.013075e-02 
 2.394151e+01  3.013075e-02 
 2.394183e+01  3.013076e-02 
 2.394215e+01  3.013076e-02 
 2.394247e+01  3.013076e-02 
 2.394279e+01  3.013076e-02 
 2.394312e+01  3.013077e-02 
 2.394344e+01  3.013077e-02 
 2.394376e+01  3.013077e-02 
 2.394408e+01  3.013077e-02 
 2.394440e+01  3.013077e-02 
 2.394472e+01  3.013078e-02 
 2.394505e+01  3.013078e-02 
 2.394537e+01  3.013078e-02 
 2.394569e+01  3.013078e-02 
 2.394601e+01  3.013078e-02 
 2.394633e+01  3.013078e-02 
 2.394665e+01  3.013079e-02 
 2.394697e+01  3.013079e-02 
 2.394730e+01  3.013079e-02 
 2.394762e+01  3.013079e-02 
 2.394794e+01  3.013079e-02 
 2.394826e+01  3.013080e-02 
 2.394858e+01  3.013080e-02 
 2.394890e+01  3.013080e-02 
 2.394923e+01  3.013080e-02 
 2.394955e+01  3.013080e-02 
 2.394987e+01  3.013080e-02 
 2.395019e+01  3.013081e-02 
 2.395051e+01  3.013081e-02 
 2.395083e+01  3.013081e-02 
 2.395115e+01  3.013081e-02 
 2.395148e+01  3.013081e-02 
 2.395180e+01  3.013081e-02 
 2.395212e+01  3.013082e-02 
 2.395244e+01  3.013082e-02 
 2.395276e+01  3.013082e-02 
 2.395308e+01  3.013082e-02 
 2.395341e+01  3.013082e-02 
 2.395373e+01  3.013082e-02 
 2.395405e+01  3.013082e-02 
 2.395437e+01  3.013083e-02 
 2.395469e+01  3.013083e-02 
 2.395501e+01  3.013083e-02 
 2.395533e+01  3.013083e-02 
 2.395566e+01  3.013083e-02 
 2.395598e+01  3.013083e-02 
 2.395630e+01  3.013083e-02 
 2.395662e+01  3.013084e-02 
 2.395694e+01  3.013084e-02 
 2.395726e+01  3.013084e-02 
 2.395759e+01  3.013084e-02 
 2.395791e+01  3.013084e-02 
 2.395823e+01  3.013084e-02 
 2.395855e+01  3.013084e-02 
 2.395887e+01  3.013084e-02 
 2.395919e+01  3.013085e-02 
 2.395952e+01  3.013085e-02 
 2.395984e+01  3.013085e-02 
 2.396016e+01  3.013085e-02 
 2.396048e+01  3.013085e-02 
 2.396080e+01  3.013085e-02 
 2.396112e+01  3.013085e-02 
 2.396144e+01  3.013085e-02 
 2.396177e+01  3.013085e-02 
 2.396209e+01  3.013086e-02 
 2.396241e+01  3.013086e-02 
 2.396273e+01  3.013086e-02 
 2.396305e+01  3.013086e-02 
 2.396337e+01  3.013086e-02 
 2.396370e+01  3.013086e-02 
 2.396402e+01  3.013086e-02 
 2.396434e+01  3.013086e-02 
 2.396466e+01  3.013086e-02 
 2.396498e+01  3.013086e-02 
 2.396530e+01  3.013087e-02 
 2.396562e+01  3.013087e-02 
 2.396595e+01  3.013087e-02 
 2.396627e+01  3.013087e-02 
 2.396659e+01  3.013087e-02 
 2.396691e+01  3.013087e-02 
 2.396723e+01  3.013087e-02 
 2.396755e+01  3.013087e-02 
 2.396788e+01  3.013087e-02 
 2.396820e+01  3.013087e-02 
 2.396852e+01  3.013088e-02 
 2.396884e+01  3.013088e-02 
 2.396916e+01  3.013088e-02 
 2.396948e+01  3.013088e-02 
 2.396981e+01  3.013088e-02 
 2.397013e+01  3.013088e-02 
 2.397045e+01  3.013088e-02 
 2.397077e+01  3.013088e-02 
 2.397109e+01  3.013088e-02 
 2.397141e+01  3.013088e-02 
 2.397173e+01  3.013088e-02 
 2.397206e+01  3.013088e-02 
 2.397238e+01  3.013089e-02 
 2.397270e+01  3.013089e-02 
 2.397302e+01  3.013089e-02 
 2.397334e+01  3.013089e-02 
 2.397366e+01  3.013089e-02 
 2.397399e+01  3.013089e-02 
 2.397431e+01  3.013089e-02 
 2.397463e+01  3.013089e-02 
 2.397495e+01  3.013089e-02 
 2.397527e+01  3.013089e-02 
 2.397559e+01  3.013089e-02 
 2.397591e+01  3.013089e-02 
 2.397624e+01  3.013089e-02 
 2.397656e+01  3.013090e-02 
 2.397688e+01  3.013090e-02 
 2.397720e+01  3.013090e-02 
 2.397752e+01  3.013090e-02 
 2.397784e+01  3.013090e-02 
 2.397817e+01  3.013090e-02 
 2.397849e+01  3.013090e-02 
 2.397881e+01  3.013090e-02 
 2.397913e+01  3.013090e-02 
 2.397945e+01  3.013090e-02 
 2.397977e+01  3.013090e-02 
 2.398009e+01  3.013090e-02 
 2.398042e+01  3.013090e-02 
 2.398074e+01  3.013090e-02 
 2.398106e+01  3.013090e-02 
 2.398138e+01  3.013090e-02 
 2.398170e+01  3.013090e-02 
 2.398202e+01  3.013090e-02 
 2.398235e+01  3.013090e-02 
 2.398267e+01  3.013090e-02 
 2.398299e+01  3.013091e-02 
 2.398331e+01  3.013091e-02 
 2.398363e+01  3.013091e-02 
 2.398395e+01  3.013091e-02 
 2.398428e+01  3.013091e-02 
 2.398460e+01  3.013091e-02 
 2.398492e+01  3.013091e-02 
 2.398524e+01  3.013091e-02 
 2.398556e+01  3.013091e-02 
 2.398588e+01  3.013091e-02 
 2.398620e+01  3.013091e-02 
 2.398653e+01  3.013091e-02 
 2.398685e+01  3.013091e-02 
 2.398717e+01  3.013091e-02 
 2.398749e+01  3.013091e-02 
 2.398781e+01  3.013091e-02 
 2.398813e+01  3.013091e-02 
 2.398846e+01  3.013091e-02 
 2.398878e+01  3.013091e-02 
 2.398910e+01  3.013091e-02 
 2.398942e+01  3.013091e-02 
 2.398974e+01  3.013091e-02 
 2.399006e+01  3.013091e-02 
 2.399038e+01  3.013091e-02 
 2.399071e+01  3.013091e-02 
 2.399103e+01  3.013091e-02 
 2.399135e+01  3.013091e-02 
 2.399167e+01  3.013091e-02 
 2.399199e+01  3.013091e-02 
 2.399231e+01  3.013091e-02 
 2.399264e+01  3.013091e-02 
 2.399296e+01  3.013091e-02 
 2.399328e+01  3.013090e-02 
 2.399360e+01  3.013090e-02 
 2.399392e+01  3.013090e-02 
 2.399424e+01  3.013090e-02 
 2.399456e+01  3.013090e-02 
 2.399489e+01  3.013090e-02 
 2.399521e+01  3.013090e-02 
 2.399553e+01  3.013090e-02 
 2.399585e+01  3.013090e-02 
 2.399617e+01  3.013090e-02 
 2.399649e+01  3.013090e-02 
 2.399682e+01  3.013090e-02 
 2.399714e+01  3.013090e-02 
 2.399746e+01  3.013090e-02 
 2.399778e+01  3.013090e-02 
 2.399810e+01  3.013090e-02 
 2.399842e+01  3.013090e-02 
 2.399875e+01  3.013090e-02 
 2.399907e+01  3.013090e-02 
 2.399939e+01  3.013090e-02 
 2.399971e+01  3.013090e-02 
 2.400003e+01  3.013090e-02 
 2.400035e+01  3.013090e-02 
 2.400067e+01  3.013090e-02 
 2.400100e+01  3.013090e-02 
 2.400132e+01  3.013090e-02 
 2.400164e+01  3.013090e-02 
 2.400196e+01  3.013089e-02 
 2.400228e+01  3.013089e-02 
 2.400260e+01  3.013089e-02 
 2.400293e+01  3.013089e-02 
 2.400325e+01  3.013089e-02 
 2.400357e+01  3.013089e-02 
 2.400389e+01  3.013089e-02 
 2.400421e+01  3.013089e-02 
 2.400453e+01  3.013089e-02 
 2.400485e+01  3.013089e-02 
 2.400518e+01  3.013089e-02 
 2.400550e+01  3.013089e-02 
 2.400582e+01  3.013089e-02 
 2.400614e+01  3.013089e-02 
 2.400646e+01  3.013089e-02 
 2.400678e+01  3.013089e-02 
 2.400711e+01  3.013089e-02 
 2.400743e+01  3.013089e-02 
 2.400775e+01  3.013089e-02 
 2.400807e+01  3.013089e-02 
 2.400839e+01  3.013089e-02 
 2.400871e+01  3.013089e-02 
 2.400903e+01  3.013088e-02 
 2.400936e+01  3.013088e-02 
 2.400968e+01  3.013088e-02 
 2.401000e+01  3.013088e-02 
 2.401032e+01  3.013088e-02 
 2.401064e+01  3.013088e-02 
 2.401096e+01  3.013088e-02 
 2.401129e+01  3.013088e-02 
 2.401161e+01  3.013088e-02 
 2.401193e+01  3.013088e-02 
 2.401225e+01  3.013088e-02 
 2.401257e+01  3.013088e-02 
 2.401289e+01  3.013088e-02 
 2.401322e+01  3.013088e-02 
 2.401354e+01  3.013088e-02 
 2.401386e+01  3.013088e-02 
 2.401418e+01  3.013088e-02 
 2.401450e+01  3.013088e-02 
 2.401482e+01  3.013088e-02 
 2.401514e+01  3.013088e-02 
 2.401547e+01  3.013088e-02 
 2.401579e+01  3.013088e-02 
 2.401611e+01  3.013088e-02 
 2.401643e+01  3.013088e-02 
 2.401675e+01  3.013088e-02 
 2.401707e+01  3.013088e-02 
 2.401740e+01  3.013088e-02 
 2.401772e+01  3.013088e-02 
 2.401804e+01  3.013088e-02 
 2.401836e+01  3.013088e-02 
 2.401868e+01  3.013088e-02 
 2.401900e+01  3.013088e-02 
 2.401932e+01  3.013088e-02 
 2.401965e+01  3.013088e-02 
 2.401997e+01  3.013088e-02 
 2.402029e+01  3.013088e-02 
 2.402061e+01  3.013088e-02 
 2.402093e+01  3.013088e-02 
 2.402125e+01  3.013088e-02 
 2.402158e+01  3.013088e-02 
 2.402190e+01  3.013088e-02 
 2.402222e+01  3.013088e-02 
 2.402254e+01  3.013088e-02 
 2.402286e+01  3.013088e-02 
 2.402318e+01  3.013088e-02 
 2.402350e+01  3.013088e-02 
 2.402383e+01  3.013088e-02 
 2.402415e+01  3.013088e-02 
 2.402447e+01  3.013088e-02 
 2.402479e+01  3.013088e-02 
 2.402511e+01  3.013088e-02 
 2.402543e+01  3.013088e-02 
 2.402576e+01  3.013088e-02 
 2.402608e+01  3.013088e-02 
 2.402640e+01  3.013088e-02 
 2.402672e+01  3.013088e-02 
 2.402704e+01  3.013088e-02 
 2.402736e+01  3.013088e-02 
 2.402769e+01  3.013088e-02 
 2.402801e+01  3.013088e-02 
 2.402833e+01  3.013088e-02 
 2.402865e+01  3.013088e-02 
 2.402897e+01  3.013088e-02 
 2.402929e+01  3.013088e-02 
 2.402961e+01  3.013088e-02 
 2.402994e+01  3.013088e-02 
 2.403026e+01  3.013088e-02 
 2.403058e+01  3.013088e-02 
 2.403090e+01  3.013088e-02 
 2.403122e+01  3.013088e-02 
 2.403154e+01  3.013088e-02 
 2.403187e+01  3.013088e-02 
 2.403219e+01  3.013088e-02 
 2.403251e+01  3.013088e-02 
 2.403283e+01  3.013088e-02 
 2.403315e+01  3.013088e-02 
 2.403347e+01  3.013088e-02 
 2.403379e+01  3.013088e-02 
 2.403412e+01  3.013089e-02 
 2.403444e+01  3.013089e-02 
 2.403476e+01  3.013089e-02 
 2.403508e+01  3.013089e-02 
 2.403540e+01  3.013089e-02 
 2.403572e+01  3.013089e-02 
 2.403605e+01  3.013089e-02 
 2.403637e+01  3.013089e-02 
 2.403669e+01  3.013089e-02 
 2.403701e+01  3.013089e-02 
 2.403733e+01  3.013089e-02 
 2.403765e+01  3.013089e-02 
 2.403797e+01  3.013089e-02 
 2.403830e+01  3.013089e-02 
 2.403862e+01  3.013090e-02 
 2.403894e+01  3.013090e-02 
 2.403926e+01  3.013090e-02 
 2.403958e+01  3.013090e-02 
 2.403990e+01  3.013090e-02 
 2.404023e+01  3.013090e-02 
 2.404055e+01  3.013090e-02 
 2.404087e+01  3.013090e-02 
 2.404119e+01  3.013090e-02 
 2.404151e+01  3.013090e-02 
 2.404183e+01  3.013091e-02 
 2.404216e+01  3.013091e-02 
 2.404248e+01  3.013091e-02 
 2.404280e+01  3.013091e-02 
 2.404312e+01  3.013091e-02 
 2.404344e+01  3.013091e-02 
 2.404376e+01  3.013091e-02 
 2.404408e+01  3.013091e-02 
 2.404441e+01  3.013091e-02 
 2.404473e+01  3.013092e-02 
 2.404505e+01  3.013092e-02 
 2.404537e+01  3.013092e-02 
 2.404569e+01  3.013092e-02 
 2.404601e+01  3.013092e-02 
 2.404634e+01  3.013092e-02 
 2.404666e+01  3.013092e-02 
 2.404698e+01  3.013093e-02 
 2.404730e+01  3.013093e-02 
 2.404762e+01  3.013093e-02 
 2.404794e+01  3.013093e-02 
 2.404826e+01  3.013093e-02 
 2.404859e+01  3.013093e-02 
 2.404891e+01  3.013094e-02 
 2.404923e+01  3.013094e-02 
 2.404955e+01  3.013094e-02 
 2.404987e+01  3.013094e-02 
 2.405019e+01  3.013094e-02 
 2.405052e+01  3.013094e-02 
 2.405084e+01  3.013095e-02 
 2.405116e+01  3.013095e-02 
 2.405148e+01  3.013095e-02 
 2.405180e+01  3.013095e-02 
 2.405212e+01  3.013095e-02 
 2.405244e+01  3.013095e-02 
 2.405277e+01  3.013096e-02 
 2.405309e+01  3.013096e-02 
 2.405341e+01  3.013096e-02 
 2.405373e+01  3.013096e-02 
 2.405405e+01  3.013096e-02 
 2.405437e+01  3.013097e-02 
 2.405470e+01  3.013097e-02 
 2.405502e+01  3.013097e-02 
 2.405534e+01  3.013097e-02 
 2.405566e+01  3.013097e-02 
 2.405598e+01  3.013097e-02 
 2.405630e+01  3.013098e-02 
 2.405663e+01  3.013098e-02 
 2.405695e+01  3.013098e-02 
 2.405727e+01  3.013098e-02 
 2.405759e+01  3.013098e-02 
 2.405791e+01  3.013099e-02 
 2.405823e+01  3.013099e-02 
 2.405855e+01  3.013099e-02 
 2.405888e+01  3.013099e-02 
 2.405920e+01  3.013099e-02 
 2.405952e+01  3.013100e-02 
 2.405984e+01  3.013100e-02 
 2.406016e+01  3.013100e-02 
 2.406048e+01  3.013100e-02 
 2.406081e+01  3.013100e-02 
 2.406113e+01  3.013101e-02 
 2.406145e+01  3.013101e-02 
 2.406177e+01  3.013101e-02 
 2.406209e+01  3.013101e-02 
 2.406241e+01  3.013101e-02 
 2.406273e+01  3.013102e-02 
 2.406306e+01  3.013102e-02 
 2.406338e+01  3.013102e-02 
 2.406370e+01  3.013102e-02 
 2.406402e+01  3.013103e-02 
 2.406434e+01  3.013103e-02 
 2.406466e+01  3.013103e-02 
 2.406499e+01  3.013103e-02 
 2.406531e+01  3.013103e-02 
 2.406563e+01  3.013104e-02 
 2.406595e+01  3.013104e-02 
 2.406627e+01  3.013104e-02 
 2.406659e+01  3.013104e-02 
 2.406691e+01  3.013105e-02 
 2.406724e+01  3.013105e-02 
 2.406756e+01  3.013105e-02 
 2.406788e+01  3.013105e-02 
 2.406820e+01  3.013105e-02 
 2.406852e+01  3.013106e-02 
 2.406884e+01  3.013106e-02 
 2.406917e+01  3.013106e-02 
 2.406949e+01  3.013106e-02 
 2.406981e+01  3.013107e-02 
 2.407013e+01  3.013107e-02 
 2.407045e+01  3.013107e-02 
 2.407077e+01  3.013107e-02 
 2.407110e+01  3.013108e-02 
 2.407142e+01  3.013108e-02 
 2.407174e+01  3.013108e-02 
 2.407206e+01  3.013108e-02 
 2.407238e+01  3.013109e-02 
 2.407270e+01  3.013109e-02 
 2.407302e+01  3.013109e-02 
 2.407335e+01  3.013109e-02 
 2.407367e+01  3.013110e-02 
 2.407399e+01  3.013110e-02 
 2.407431e+01  3.013110e-02 
 2.407463e+01  3.013110e-02 
 2.407495e+01  3.013111e-02 
 2.407528e+01  3.013111e-02 
 2.407560e+01  3.013111e-02 
 2.407592e+01  3.013111e-02 
 2.407624e+01  3.013112e-02 
 2.407656e+01  3.013112e-02 
 2.407688e+01  3.013112e-02 
 2.407720e+01  3.013113e-02 
 2.407753e+01  3.013113e-02 
 2.407785e+01  3.013113e-02 
 2.407817e+01  3.013113e-02 
 2.407849e+01  3.013114e-02 
 2.407881e+01  3.013114e-02 
 2.407913e+01  3.013114e-02 
 2.407946e+01  3.013114e-02 
 2.407978e+01  3.013115e-02 
 2.408010e+01  3.013115e-02 
 2.408042e+01  3.013115e-02 
 2.408074e+01  3.013116e-02 
 2.408106e+01  3.013116e-02 
 2.408138e+01  3.013116e-02 
 2.408171e+01  3.013117e-02 
 2.408203e+01  3.013117e-02 
 2.408235e+01  3.013117e-02 
 2.408267e+01  3.013117e-02 
 2.408299e+01  3.013118e-02 
 2.408331e+01  3.013118e-02 
 2.408364e+01  3.013118e-02 
 2.408396e+01  3.013119e-02 
 2.408428e+01  3.013119e-02 
 2.408460e+01  3.013119e-02 
 2.408492e+01  3.013120e-02 
 2.408524e+01  3.013120e-02 
 2.408557e+01  3.013120e-02 
 2.408589e+01  3.013121e-02 
 2.408621e+01  3.013121e-02 
 2.408653e+01  3.013121e-02 
 2.408685e+01  3.013122e-02 
 2.408717e+01  3.013122e-02 
 2.408749e+01  3.013122e-02 
 2.408782e+01  3.013123e-02 
 2.408814e+01  3.013123e-02 
 2.408846e+01  3.013123e-02 
 2.408878e+01  3.013124e-02 
 2.408910e+01  3.013124e-02 
 2.408942e+01  3.013124e-02 
 2.408975e+01  3.013125e-02 
 2.409007e+01  3.013125e-02 
 2.409039e+01  3.013125e-02 
 2.409071e+01  3.013126e-02 
 2.409103e+01  3.013126e-02 
 2.409135e+01  3.013126e-02 
 2.409167e+01  3.013127e-02 
 2.409200e+01  3.013127e-02 
 2.409232e+01  3.013128e-02 
 2.409264e+01  3.013128e-02 
 2.409296e+01  3.013128e-02 
 2.409328e+01  3.013129e-02 
 2.409360e+01  3.013129e-02 
 2.409393e+01  3.013129e-02 
 2.409425e+01  3.013130e-02 
 2.409457e+01  3.013130e-02 
 2.409489e+01  3.013130e-02 
 2.409521e+01  3.013131e-02 
 2.409553e+01  3.013131e-02 
 2.409586e+01  3.013132e-02 
 2.409618e+01  3.013132e-02 
 2.409650e+01  3.013132e-02 
 2.409682e+01  3.013133e-02 
 2.409714e+01  3.013133e-02 
 2.409746e+01  3.013133e-02 
 2.409778e+01  3.013134e-02 
 2.409811e+01  3.013134e-02 
 2.409843e+01  3.013135e-02 
 2.409875e+01  3.013135e-02 
 2.409907e+01  3.013135e-02 
 2.409939e+01  3.013136e-02 
 2.409971e+01  3.013136e-02 
 2.410004e+01  3.013137e-02 
 2.410036e+01  3.013137e-02 
 2.410068e+01  3.013137e-02 
 2.410100e+01  3.013138e-02 
 2.410132e+01  3.013138e-02 
 2.410164e+01  3.013138e-02 
 2.410196e+01  3.013139e-02 
 2.410229e+01  3.013139e-02 
 2.410261e+01  3.013140e-02 
 2.410293e+01  3.013140e-02 
 2.410325e+01  3.013140e-02 
 2.410357e+01  3.013141e-02 
 2.410389e+01  3.013141e-02 
 2.410422e+01  3.013142e-02 
 2.410454e+01  3.013142e-02 
 2.410486e+01  3.013142e-02 
 2.410518e+01  3.013143e-02 
 2.410550e+01  3.013143e-02 
 2.410582e+01  3.013144e-02 
 2.410614e+01  3.013144e-02 
 2.410647e+01  3.013144e-02 
 2.410679e+01  3.013145e-02 
 2.410711e+01  3.013145e-02 
 2.410743e+01  3.013145e-02 
 2.410775e+01  3.013146e-02 
 2.410807e+01  3.013146e-02 
 2.410840e+01  3.013147e-02 
 2.410872e+01  3.013147e-02 
 2.410904e+01  3.013147e-02 
 2.410936e+01  3.013148e-02 
 2.410968e+01  3.013148e-02 
 2.411000e+01  3.013149e-02 
 2.411033e+01  3.013149e-02 
 2.411065e+01  3.013149e-02 
 2.411097e+01  3.013150e-02 
 2.411129e+01  3.013150e-02 
 2.411161e+01  3.013151e-02 
 2.411193e+01  3.013151e-02 
 2.411225e+01  3.013151e-02 
 2.411258e+01  3.013152e-02 
 2.411290e+01  3.013152e-02 
 2.411322e+01  3.013152e-02 
 2.411354e+01  3.013153e-02 
 2.411386e+01  3.013153e-02 
 2.411418e+01  3.013154e-02 
 2.411451e+01  3.013154e-02 
 2.411483e+01  3.013154e-02 
 2.411515e+01  3.013155e-02 
 2.411547e+01  3.013155e-02 
 2.411579e+01  3.013155e-02 
 2.411611e+01  3.013156e-02 
 2.411643e+01  3.013156e-02 
 2.411676e+01  3.013157e-02 
 2.411708e+01  3.013157e-02 
 2.411740e+01  3.013157e-02 
 2.411772e+01  3.013158e-02 
 2.411804e+01  3.013158e-02 
 2.411836e+01  3.013159e-02 
 2.411869e+01  3.013159e-02 
 2.411901e+01  3.013159e-02 
 2.411933e+01  3.013160e-02 
 2.411965e+01  3.013160e-02 
 2.411997e+01  3.013160e-02 
 2.412029e+01  3.013161e-02 
 2.412061e+01  3.013161e-02 
 2.412094e+01  3.013162e-02 
 2.412126e+01  3.013162e-02 
 2.412158e+01  3.013162e-02 
 2.412190e+01  3.013163e-02 
 2.412222e+01  3.013163e-02 
 2.412254e+01  3.013164e-02 
 2.412287e+01  3.013164e-02 
 2.412319e+01  3.013164e-02 
 2.412351e+01  3.013165e-02 
 2.412383e+01  3.013165e-02 
 2.412415e+01  3.013165e-02 
 2.412447e+01  3.013166e-02 
 2.412480e+01  3.013166e-02 
 2.412512e+01  3.013167e-02 
 2.412544e+01  3.013167e-02 
 2.412576e+01  3.013167e-02 
 2.412608e+01  3.013168e-02 
 2.412640e+01  3.013168e-02 
 2.412672e+01  3.013169e-02 
 2.412705e+01  3.013169e-02 
 2.412737e+01  3.013169e-02 
 2.412769e+01  3.013170e-02 
 2.412801e+01  3.013170e-02 
 2.412833e+01  3.013171e-02 
 2.412865e+01  3.013171e-02 
 2.412898e+01  3.013171e-02 
 2.412930e+01  3.013172e-02 
 2.412962e+01  3.013172e-02 
 2.412994e+01  3.013173e-02 
 2.413026e+01  3.013173e-02 
 2.413058e+01  3.013173e-02 
 2.413090e+01  3.013174e-02 
 2.413123e+01  3.013174e-02 
 2.413155e+01  3.013175e-02 
 2.413187e+01  3.013175e-02 
 2.413219e+01  3.013175e-02 
 2.413251e+01  3.013176e-02 
 2.413283e+01  3.013176e-02 
 2.413316e+01  3.013177e-02 
 2.413348e+01  3.013177e-02 
 2.413380e+01  3.013177e-02 
 2.413412e+01  3.013178e-02 
 2.413444e+01  3.013178e-02 
 2.413476e+01  3.013179e-02 
 2.413508e+01  3.013179e-02 
 2.413541e+01  3.013179e-02 
 2.413573e+01  3.013180e-02 
 2.413605e+01  3.013180e-02 
 2.413637e+01  3.013180e-02 
 2.413669e+01  3.013181e-02 
 2.413701e+01  3.013181e-02 
 2.413734e+01  3.013182e-02 
 2.413766e+01  3.013182e-02 
 2.413798e+01  3.013182e-02 
 2.413830e+01  3.013183e-02 
 2.413862e+01  3.013183e-02 
 2.413894e+01  3.013183e-02 
 2.413927e+01  3.013184e-02 
 2.413959e+01  3.013184e-02 
 2.413991e+01  3.013184e-02 
 2.414023e+01  3.013185e-02 
 2.414055e+01  3.013185e-02 
 2.414087e+01  3.013185e-02 
 2.414119e+01  3.013186e-02 
 2.414152e+01  3.013186e-02 
 2.414184e+01  3.013186e-02 
 2.414216e+01  3.013187e-02 
 2.414248e+01  3.013187e-02 
 2.414280e+01  3.013187e-02 
 2.414312e+01  3.013188e-02 
 2.414345e+01  3.013188e-02 
 2.414377e+01  3.013188e-02 
 2.414409e+01  3.013188e-02 
 2.414441e+01  3.013189e-02 
 2.414473e+01  3.013189e-02 
 2.414505e+01  3.013189e-02 
 2.414537e+01  3.013189e-02 
 2.414570e+01  3.013190e-02 
 2.414602e+01  3.013190e-02 
 2.414634e+01  3.013190e-02 
 2.414666e+01  3.013190e-02 
 2.414698e+01  3.013191e-02 
 2.414730e+01  3.013191e-02 
 2.414763e+01  3.013191e-02 
 2.414795e+01  3.013191e-02 
 2.414827e+01  3.013191e-02 
 2.414859e+01  3.013192e-02 
 2.414891e+01  3.013192e-02 
 2.414923e+01  3.013192e-02 
 2.414955e+01  3.013192e-02 
 2.414988e+01  3.013192e-02 
 2.415020e+01  3.013192e-02 
 2.415052e+01  3.013193e-02 
 2.415084e+01  3.013193e-02 
 2.415116e+01  3.013193e-02 
 2.415148e+01  3.013193e-02 
 2.415181e+01  3.013193e-02 
 2.415213e+01  3.013193e-02 
 2.415245e+01  3.013193e-02 
 2.415277e+01  3.013193e-02 
 2.415309e+01  3.013193e-02 
 2.415341e+01  3.013194e-02 
 2.415374e+01  3.013194e-02 
 2.415406e+01  3.013194e-02 
 2.415438e+01  3.013194e-02 
 2.415470e+01  3.013194e-02 
 2.415502e+01  3.013194e-02 
 2.415534e+01  3.013194e-02 
 2.415566e+01  3.013194e-02 
 2.415599e+01  3.013194e-02 
 2.415631e+01  3.013194e-02 
 2.415663e+01  3.013194e-02 
 2.415695e+01  3.013194e-02 
 2.415727e+01  3.013194e-02 
 2.415759e+01  3.013194e-02 
 2.415792e+01  3.013194e-02 
 2.415824e+01  3.013194e-02 
 2.415856e+01  3.013194e-02 
 2.415888e+01  3.013194e-02 
 2.415920e+01  3.013194e-02 
 2.415952e+01  3.013194e-02 
 2.415984e+01  3.013194e-02 
 2.416017e+01  3.013194e-02 
 2.416049e+01  3.013194e-02 
 2.416081e+01  3.013193e-02 
 2.416113e+01  3.013193e-02 
 2.416145e+01  3.013193e-02 
 2.416177e+01  3.013193e-02 
 2.416210e+01  3.013193e-02 
 2.416242e+01  3.013193e-02 
 2.416274e+01  3.013193e-02 
 2.416306e+01  3.013193e-02 
 2.416338e+01  3.013193e-02 
 2.416370e+01  3.013192e-02 
 2.416402e+01  3.013192e-02 
 2.416435e+01  3.013192e-02 
 2.416467e+01  3.013192e-02 
 2.416499e+01  3.013192e-02 
 2.416531e+01  3.013192e-02 
 2.416563e+01  3.013192e-02 
 2.416595e+01  3.013191e-02 
 2.416628e+01  3.013191e-02 
 2.416660e+01  3.013191e-02 
 2.416692e+01  3.013191e-02 
 2.416724e+01  3.013191e-02 
 2.416756e+01  3.013190e-02 
 2.416788e+01  3.013190e-02 
 2.416821e+01  3.013190e-02 
 2.416853e+01  3.013190e-02 
 2.416885e+01  3.013190e-02 
 2.416917e+01  3.013189e-02 
 2.416949e+01  3.013189e-02 
 2.416981e+01  3.013189e-02 
 2.417013e+01  3.013189e-02 
 2.417046e+01  3.013189e-02 
 2.417078e+01  3.013188e-02 
 2.417110e+01  3.013188e-02 
 2.417142e+01  3.013188e-02 
 2.417174e+01  3.013188e-02 
 2.417206e+01  3.013187e-02 
 2.417239e+01  3.013187e-02 
 2.417271e+01  3.013187e-02 
 2.417303e+01  3.013187e-02 
 2.417335e+01  3.013187e-02 
 2.417367e+01  3.013186e-02 
 2.417399e+01  3.013186e-02 
 2.417431e+01  3.013186e-02 
 2.417464e+01  3.013186e-02 
 2.417496e+01  3.013185e-02 
 2.417528e+01  3.013185e-02 
 2.417560e+01  3.013185e-02 
 2.417592e+01  3.013185e-02 
 2.417624e+01  3.013184e-02 
 2.417657e+01  3.013184e-02 
 2.417689e+01  3.013184e-02 
 2.417721e+01  3.013184e-02 
 2.417753e+01  3.013183e-02 
 2.417785e+01  3.013183e-02 
 2.417817e+01  3.013183e-02 
 2.417849e+01  3.013183e-02 
 2.417882e+01  3.013182e-02 
 2.417914e+01  3.013182e-02 
 2.417946e+01  3.013182e-02 
 2.417978e+01  3.013181e-02 
 2.418010e+01  3.013181e-02 
 2.418042e+01  3.013181e-02 
 2.418075e+01  3.013181e-02 
 2.418107e+01  3.013180e-02 
 2.418139e+01  3.013180e-02 
 2.418171e+01  3.013180e-02 
 2.418203e+01  3.013180e-02 
 2.418235e+01  3.013179e-02 
 2.418268e+01  3.013179e-02 
 2.418300e+01  3.013179e-02 
 2.418332e+01  3.013179e-02 
 2.418364e+01  3.013178e-02 
 2.418396e+01  3.013178e-02 
 2.418428e+01  3.013178e-02 
 2.418460e+01  3.013177e-02 
 2.418493e+01  3.013177e-02 
 2.418525e+01  3.013177e-02 
 2.418557e+01  3.013177e-02 
 2.418589e+01  3.013176e-02 
 2.418621e+01  3.013176e-02 
 2.418653e+01  3.013176e-02 
 2.418686e+01  3.013176e-02 
 2.418718e+01  3.013175e-02 
 2.418750e+01  3.013175e-02 
 2.418782e+01  3.013175e-02 
 2.418814e+01  3.013174e-02 
 2.418846e+01  3.013174e-02 
 2.418878e+01  3.013174e-02 
 2.418911e+01  3.013174e-02 
 2.418943e+01  3.013173e-02 
 2.418975e+01  3.013173e-02 
 2.419007e+01  3.013173e-02 
 2.419039e+01  3.013172e-02 
 2.419071e+01  3.013172e-02 
 2.419104e+01  3.013172e-02 
 2.419136e+01  3.013172e-02 
 2.419168e+01  3.013171e-02 
 2.419200e+01  3.013171e-02 
 2.419232e+01  3.013171e-02 
 2.419264e+01  3.013170e-02 
 2.419296e+01  3.013170e-02 
 2.419329e+01  3.013170e-02 
 2.419361e+01  3.013170e-02 
 2.419393e+01  3.013169e-02 
 2.419425e+01  3.013169e-02 
 2.419457e+01  3.013169e-02 
 2.419489e+01  3.013168e-02 
 2.419522e+01  3.013168e-02 
 2.419554e+01  3.013168e-02 
 2.419586e+01  3.013167e-02 
 2.419618e+01  3.013167e-02 
 2.419650e+01  3.013167e-02 
 2.419682e+01  3.013166e-02 
 2.419715e+01  3.013166e-02 
 2.419747e+01  3.013166e-02 
 2.419779e+01  3.013165e-02 
 2.419811e+01  3.013165e-02 
 2.419843e+01  3.013165e-02 
 2.419875e+01  3.013164e-02 
 2.419907e+01  3.013164e-02 
 2.419940e+01  3.013164e-02 
 2.419972e+01  3.013163e-02 
 2.420004e+01  3.013163e-02 
 2.420036e+01  3.013162e-02 
 2.420068e+01  3.013162e-02 
 2.420100e+01  3.013162e-02 
 2.420133e+01  3.013161e-02 
 2.420165e+01  3.013161e-02 
 2.420197e+01  3.013160e-02 
 2.420229e+01  3.013160e-02 
 2.420261e+01  3.013160e-02 
 2.420293e+01  3.013159e-02 
 2.420325e+01  3.013159e-02 
 2.420358e+01  3.013158e-02 
 2.420390e+01  3.013158e-02 
 2.420422e+01  3.013158e-02 
 2.420454e+01  3.013157e-02 
 2.420486e+01  3.013157e-02 
 2.420518e+01  3.013156e-02 
 2.420551e+01  3.013156e-02 
 2.420583e+01  3.013155e-02 
 2.420615e+01  3.013155e-02 
 2.420647e+01  3.013155e-02 
 2.420679e+01  3.013154e-02 
 2.420711e+01  3.013154e-02 
 2.420743e+01  3.013153e-02 
 2.420776e+01  3.013153e-02 
 2.420808e+01  3.013152e-02 
 2.420840e+01  3.013152e-02 
 2.420872e+01  3.013151e-02 
 2.420904e+01  3.013151e-02 
 2.420936e+01  3.013150e-02 
 2.420969e+01  3.013150e-02 
 2.421001e+01  3.013149e-02 
 2.421033e+01  3.013149e-02 
 2.421065e+01  3.013148e-02 
 2.421097e+01  3.013148e-02 
 2.421129e+01  3.013147e-02 
 2.421162e+01  3.013147e-02 
 2.421194e+01  3.013146e-02 
 2.421226e+01  3.013146e-02 
 2.421258e+01  3.013145e-02 
 2.421290e+01  3.013145e-02 
 2.421322e+01  3.013144e-02 
 2.421354e+01  3.013143e-02 
 2.421387e+01  3.013143e-02 
 2.421419e+01  3.013142e-02 
 2.421451e+01  3.013142e-02 
 2.421483e+01  3.013141e-02 
 2.421515e+01  3.013141e-02 
 2.421547e+01  3.013140e-02 
 2.421580e+01  3.013140e-02 
 2.421612e+01  3.013139e-02 
 2.421644e+01  3.013138e-02 
 2.421676e+01  3.013138e-02 
 2.421708e+01  3.013137e-02 
 2.421740e+01  3.013137e-02 
 2.421772e+01  3.013136e-02 
 2.421805e+01  3.013135e-02 
 2.421837e+01  3.013135e-02 
 2.421869e+01  3.013134e-02 
 2.421901e+01  3.013134e-02 
 2.421933e+01  3.013133e-02 
 2.421965e+01  3.013132e-02 
 2.421998e+01  3.013132e-02 
 2.422030e+01  3.013131e-02 
 2.422062e+01  3.013131e-02 
 2.422094e+01  3.013130e-02 
 2.422126e+01  3.013129e-02 
 2.422158e+01  3.013129e-02 
 2.422190e+01  3.013128e-02 
 2.422223e+01  3.013128e-02 
 2.422255e+01  3.013127e-02 
 2.422287e+01  3.013126e-02 
 2.422319e+01  3.013126e-02 
 2.422351e+01  3.013125e-02 
 2.422383e+01  3.013124e-02 
 2.422416e+01  3.013124e-02 
 2.422448e+01  3.013123e-02 
 2.422480e+01  3.013123e-02 
 2.422512e+01  3.013122e-02 
 2.422544e+01  3.013121e-02 
 2.422576e+01  3.013121e-02 
 2.422609e+01  3.013120e-02 
 2.422641e+01  3.013119e-02 
 2.422673e+01  3.013119e-02 
 2.422705e+01  3.013118e-02 
 2.422737e+01  3.013117e-02 
 2.422769e+01  3.013117e-02 
 2.422801e+01  3.013116e-02 
 2.422834e+01  3.013116e-02 
 2.422866e+01  3.013115e-02 
 2.422898e+01  3.013114e-02 
 2.422930e+01  3.013114e-02 
 2.422962e+01  3.013113e-02 
 2.422994e+01  3.013112e-02 
 2.423027e+01  3.013112e-02 
 2.423059e+01  3.013111e-02 
 2.423091e+01  3.013111e-02 
 2.423123e+01  3.013110e-02 
 2.423155e+01  3.013109e-02 
 2.423187e+01  3.013109e-02 
 2.423219e+01  3.013108e-02 
 2.423252e+01  3.013107e-02 
 2.423284e+01  3.013107e-02 
 2.423316e+01  3.013106e-02 
 2.423348e+01  3.013106e-02 
 2.423380e+01  3.013105e-02 
 2.423412e+01  3.013104e-02 
 2.423445e+01  3.013104e-02 
 2.423477e+01  3.013103e-02 
 2.423509e+01  3.013103e-02 
 2.423541e+01  3.013102e-02 
 2.423573e+01  3.013101e-02 
 2.423605e+01  3.013101e-02 
 2.423638e+01  3.013100e-02 
 2.423670e+01  3.013100e-02 
 2.423702e+01  3.013099e-02 
 2.423734e+01  3.013098e-02 
 2.423766e+01  3.013098e-02 
 2.423798e+01  3.013097e-02 
 2.423830e+01  3.013097e-02 
 2.423863e+01  3.013096e-02 
 2.423895e+01  3.013096e-02 
 2.423927e+01  3.013095e-02 
 2.423959e+01  3.013094e-02 
 2.423991e+01  3.013094e-02 
 2.424023e+01  3.013093e-02 
 2.424056e+01  3.013093e-02 
 2.424088e+01  3.013092e-02 
 2.424120e+01  3.013092e-02 
 2.424152e+01  3.013091e-02 
 2.424184e+01  3.013091e-02 
 2.424216e+01  3.013090e-02 
 2.424248e+01  3.013090e-02 
 2.424281e+01  3.013089e-02 
 2.424313e+01  3.013089e-02 
 2.424345e+01  3.013088e-02 
 2.424377e+01  3.013088e-02 
 2.424409e+01  3.013087e-02 
 2.424441e+01  3.013087e-02 
 2.424474e+01  3.013086e-02 
 2.424506e+01  3.013086e-02 
 2.424538e+01  3.013085e-02 
 2.424570e+01  3.013085e-02 
 2.424602e+01  3.013084e-02 
 2.424634e+01  3.013084e-02 
 2.424666e+01  3.013083e-02 
 2.424699e+01  3.013083e-02 
 2.424731e+01  3.013082e-02 
 2.424763e+01  3.013082e-02 
 2.424795e+01  3.013082e-02 
 2.424827e+01  3.013081e-02 
 2.424859e+01  3.013081e-02 
 2.424892e+01  3.013080e-02 
 2.424924e+01  3.013080e-02 
 2.424956e+01  3.013080e-02 
 2.424988e+01  3.013079e-02 
 2.425020e+01  3.013079e-02 
 2.425052e+01  3.013078e-02 
 2.425085e+01  3.013078e-02 
 2.425117e+01  3.013078e-02 
 2.425149e+01  3.013077e-02 
 2.425181e+01  3.013077e-02 
 2.425213e+01  3.013076e-02 
 2.425245e+01  3.013076e-02 
 2.425277e+01  3.013076e-02 
 2.425310e+01  3.013075e-02 
 2.425342e+01  3.013075e-02 
 2.425374e+01  3.013075e-02 
 2.425406e+01  3.013074e-02 
 2.425438e+01  3.013074e-02 
 2.425470e+01  3.013074e-02 
 2.425503e+01  3.013073e-02 
 2.425535e+01  3.013073e-02 
 2.425567e+01  3.013073e-02 
 2.425599e+01  3.013072e-02 
 2.425631e+01  3.013072e-02 
 2.425663e+01  3.013072e-02 
 2.425695e+01  3.013071e-02 
 2.425728e+01  3.013071e-02 
 2.425760e+01  3.013071e-02 
 2.425792e+01  3.013071e-02 
 2.425824e+01  3.013070e-02 
 2.425856e+01  3.013070e-02 
 2.425888e+01  3.013070e-02 
 2.425921e+01  3.013069e-02 
 2.425953e+01  3.013069e-02 
 2.425985e+01  3.013069e-02 
 2.426017e+01  3.013069e-02 
 2.426049e+01  3.013068e-02 
 2.426081e+01  3.013068e-02 
 2.426113e+01  3.013068e-02 
 2.426146e+01  3.013068e-02 
 2.426178e+01  3.013067e-02 
 2.426210e+01  3.013067e-02 
 2.426242e+01  3.013067e-02 
 2.426274e+01  3.013067e-02 
 2.426306e+01  3.013067e-02 
 2.426339e+01  3.013066e-02 
 2.426371e+01  3.013066e-02 
 2.426403e+01  3.013066e-02 
 2.426435e+01  3.013066e-02 
 2.426467e+01  3.013066e-02 
 2.426499e+01  3.013066e-02 
 2.426532e+01  3.013065e-02 
 2.426564e+01  3.013065e-02 
 2.426596e+01  3.013065e-02 
 2.426628e+01  3.013065e-02 
 2.426660e+01  3.013065e-02 
 2.426692e+01  3.013065e-02 
 2.426724e+01  3.013065e-02 
 2.426757e+01  3.013064e-02 
 2.426789e+01  3.013064e-02 
 2.426821e+01  3.013064e-02 
 2.426853e+01  3.013064e-02 
 2.426885e+01  3.013064e-02 
 2.426917e+01  3.013064e-02 
 2.426950e+01  3.013064e-02 
 2.426982e+01  3.013064e-02 
 2.427014e+01  3.013064e-02 
 2.427046e+01  3.013064e-02 
 2.427078e+01  3.013064e-02 
 2.427110e+01  3.013063e-02 
 2.427142e+01  3.013063e-02 
 2.427175e+01  3.013063e-02 
 2.427207e+01  3.013063e-02 
 2.427239e+01  3.013063e-02 
 2.427271e+01  3.013063e-02 
 2.427303e+01  3.013063e-02 
 2.427335e+01  3.013063e-02 
 2.427368e+01  3.013063e-02 
 2.427400e+01  3.013063e-02 
 2.427432e+01  3.013063e-02 
 2.427464e+01  3.013063e-02 
 2.427496e+01  3.013063e-02 
 2.427528e+01  3.013063e-02 
 2.427560e+01  3.013063e-02 
 2.427593e+01  3.013064e-02 
 2.427625e+01  3.013064e-02 
 2.427657e+01  3.013064e-02 
 2.427689e+01  3.013064e-02 
 2.427721e+01  3.013064e-02 
 2.427753e+01  3.013064e-02 
 2.427786e+01  3.013064e-02 
 2.427818e+01  3.013064e-02 
 2.427850e+01  3.013064e-02 
 2.427882e+01  3.013064e-02 
 2.427914e+01  3.013064e-02 
 2.427946e+01  3.013065e-02 
 2.427979e+01  3.013065e-02 
 2.428011e+01  3.013065e-02 
 2.428043e+01  3.013065e-02 
 2.428075e+01  3.013065e-02 
 2.428107e+01  3.013065e-02 
 2.428139e+01  3.013066e-02 
 2.428171e+01  3.013066e-02 
 2.428204e+01  3.013066e-02 
 2.428236e+01  3.013066e-02 
 2.428268e+01  3.013066e-02 
 2.428300e+01  3.013067e-02 
 2.428332e+01  3.013067e-02 
 2.428364e+01  3.013067e-02 
 2.428397e+01  3.013067e-02 
 2.428429e+01  3.013068e-02 
 2.428461e+01  3.013068e-02 
 2.428493e+01  3.013068e-02 
 2.428525e+01  3.013068e-02 
 2.428557e+01  3.013069e-02 
 2.428589e+01  3.013069e-02 
 2.428622e+01  3.013069e-02 
 2.428654e+01  3.013070e-02 
 2.428686e+01  3.013070e-02 
 2.428718e+01  3.013070e-02 
 2.428750e+01  3.013070e-02 
 2.428782e+01  3.013071e-02 
 2.428815e+01  3.013071e-02 
 2.428847e+01  3.013072e-02 
 2.428879e+01  3.013072e-02 
 2.428911e+01  3.013072e-02 
 2.428943e+01  3.013073e-02 
 2.428975e+01  3.013073e-02 
 2.429007e+01  3.013073e-02 
 2.429040e+01  3.013074e-02 
 2.429072e+01  3.013074e-02 
 2.429104e+01  3.013075e-02 
 2.429136e+01  3.013075e-02 
 2.429168e+01  3.013076e-02 
 2.429200e+01  3.013076e-02 
 2.429233e+01  3.013077e-02 
 2.429265e+01  3.013077e-02 
 2.429297e+01  3.013077e-02 
 2.429329e+01  3.013078e-02 
 2.429361e+01  3.013078e-02 
 2.429393e+01  3.013079e-02 
 2.429426e+01  3.013079e-02 
 2.429458e+01  3.013080e-02 
 2.429490e+01  3.013080e-02 
 2.429522e+01  3.013081e-02 
 2.429554e+01  3.013082e-02 
 2.429586e+01  3.013082e-02 
 2.429618e+01  3.013083e-02 
 2.429651e+01  3.013083e-02 
 2.429683e+01  3.013084e-02 
 2.429715e+01  3.013084e-02 
 2.429747e+01  3.013085e-02 
 2.429779e+01  3.013086e-02 
 2.429811e+01  3.013086e-02 
 2.429844e+01  3.013087e-02 
 2.429876e+01  3.013087e-02 
 2.429908e+01  3.013088e-02 
 2.429940e+01  3.013089e-02 
 2.429972e+01  3.013089e-02 
 2.430004e+01  3.013090e-02 
 2.430036e+01  3.013091e-02 
 2.430069e+01  3.013091e-02 
 2.430101e+01  3.013092e-02 
 2.430133e+01  3.013093e-02 
 2.430165e+01  3.013093e-02 
 2.430197e+01  3.013094e-02 
 2.430229e+01  3.013095e-02 
 2.430262e+01  3.013095e-02 
 2.430294e+01  3.013096e-02 
 2.430326e+01  3.013097e-02 
 2.430358e+01  3.013098e-02 
 2.430390e+01  3.013098e-02 
 2.430422e+01  3.013099e-02 
 2.430454e+01  3.013100e-02 
 2.430487e+01  3.013101e-02 
 2.430519e+01  3.013101e-02 
 2.430551e+01  3.013102e-02 
 2.430583e+01  3.013103e-02 
 2.430615e+01  3.013104e-02 
 2.430647e+01  3.013104e-02 
 2.430680e+01  3.013105e-02 
 2.430712e+01  3.013106e-02 
 2.430744e+01  3.013107e-02 
 2.430776e+01  3.013108e-02 
 2.430808e+01  3.013108e-02 
 2.430840e+01  3.013109e-02 
 2.430873e+01  3.013110e-02 
 2.430905e+01  3.013111e-02 
 2.430937e+01  3.013112e-02 
 2.430969e+01  3.013113e-02 
 2.431001e+01  3.013113e-02 
 2.431033e+01  3.013114e-02 
 2.431065e+01  3.013115e-02 
 2.431098e+01  3.013116e-02 
 2.431130e+01  3.013117e-02 
 2.431162e+01  3.013118e-02 
 2.431194e+01  3.013119e-02 
 2.431226e+01  3.013119e-02 
 2.431258e+01  3.013120e-02 
 2.431291e+01  3.013121e-02 
 2.431323e+01  3.013122e-02 
 2.431355e+01  3.013123e-02 
 2.431387e+01  3.013124e-02 
 2.431419e+01  3.013125e-02 
 2.431451e+01  3.013126e-02 
 2.431483e+01  3.013127e-02 
 2.431516e+01  3.013128e-02 
 2.431548e+01  3.013128e-02 
 2.431580e+01  3.013129e-02 
 2.431612e+01  3.013130e-02 
 2.431644e+01  3.013131e-02 
 2.431676e+01  3.013132e-02 
 2.431709e+01  3.013133e-02 
 2.431741e+01  3.013134e-02 
 2.431773e+01  3.013135e-02 
 2.431805e+01  3.013136e-02 
 2.431837e+01  3.013137e-02 
 2.431869e+01  3.013138e-02 
 2.431901e+01  3.013139e-02 
 2.431934e+01  3.013140e-02 
 2.431966e+01  3.013141e-02 
 2.431998e+01  3.013142e-02 
 2.432030e+01  3.013143e-02 
 2.432062e+01  3.013144e-02 
 2.432094e+01  3.013145e-02 
 2.432127e+01  3.013146e-02 
 2.432159e+01  3.013147e-02 
 2.432191e+01  3.013148e-02 
 2.432223e+01  3.013149e-02 
 2.432255e+01  3.013150e-02 
 2.432287e+01  3.013151e-02 
 2.432320e+01  3.013152e-02 
 2.432352e+01  3.013153e-02 
 2.432384e+01  3.013154e-02 
 2.432416e+01  3.013155e-02 
 2.432448e+01  3.013156e-02 
 2.432480e+01  3.013157e-02 
 2.432512e+01  3.013158e-02 
 2.432545e+01  3.013159e-02 
 2.432577e+01  3.013160e-02 
 2.432609e+01  3.013161e-02 
 2.432641e+01  3.013162e-02 
 2.432673e+01  3.013163e-02 
 2.432705e+01  3.013164e-02 
 2.432738e+01  3.013165e-02 
 2.432770e+01  3.013166e-02 
 2.432802e+01  3.013167e-02 
 2.432834e+01  3.013168e-02 
 2.432866e+01  3.013169e-02 
 2.432898e+01  3.013170e-02 
 2.432930e+01  3.013171e-02 
 2.432963e+01  3.013172e-02 
 2.432995e+01  3.013173e-02 
 2.433027e+01  3.013175e-02 
 2.433059e+01  3.013176e-02 
 2.433091e+01  3.013177e-02 
 2.433123e+01  3.013178e-02 
 2.433156e+01  3.013179e-02 
 2.433188e+01  3.013180e-02 
 2.433220e+01  3.013181e-02 
 2.433252e+01  3.013182e-02 
 2.433284e+01  3.013183e-02 
 2.433316e+01  3.013184e-02 
 2.433348e+01  3.013186e-02 
 2.433381e+01  3.013187e-02 
 2.433413e+01  3.013188e-02 
 2.433445e+01  3.013189e-02 
 2.433477e+01  3.013190e-02 
 2.433509e+01  3.013191e-02 
 2.433541e+01  3.013192e-02 
 2.433574e+01  3.013194e-02 
 2.433606e+01  3.013195e-02 
 2.433638e+01  3.013196e-02 
 2.433670e+01  3.013197e-02 
 2.433702e+01  3.013198e-02 
 2.433734e+01  3.013199e-02 
 2.433767e+01  3.013201e-02 
 2.433799e+01  3.013202e-02 
 2.433831e+01  3.013203e-02 
 2.433863e+01  3.013204e-02 
 2.433895e+01  3.013205e-02 
 2.433927e+01  3.013207e-02 
 2.433959e+01  3.013208e-02 
 2.433992e+01  3.013209e-02 
 2.434024e+01  3.013210e-02 
 2.434056e+01  3.013212e-02 
 2.434088e+01  3.013213e-02 
 2.434120e+01  3.013214e-02 
 2.434152e+01  3.013215e-02 
 2.434185e+01  3.013217e-02 
 2.434217e+01  3.013218e-02 
 2.434249e+01  3.013219e-02 
 2.434281e+01  3.013220e-02 
 2.434313e+01  3.013222e-02 
 2.434345e+01  3.013223e-02 
 2.434377e+01  3.013224e-02 
 2.434410e+01  3.013226e-02 
 2.434442e+01  3.013227e-02 
 2.434474e+01  3.013228e-02 
 2.434506e+01  3.013229e-02 
 2.434538e+01  3.013231e-02 
 2.434570e+01  3.013232e-02 
 2.434603e+01  3.013233e-02 
 2.434635e+01  3.013235e-02 
 2.434667e+01  3.013236e-02 
 2.434699e+01  3.013237e-02 
 2.434731e+01  3.013239e-02 
 2.434763e+01  3.013240e-02 
 2.434795e+01  3.013241e-02 
 2.434828e+01  3.013243e-02 
 2.434860e+01  3.013244e-02 
 2.434892e+01  3.013245e-02 
 2.434924e+01  3.013247e-02 
 2.434956e+01  3.013248e-02 
 2.434988e+01  3.013250e-02 
 2.435021e+01  3.013251e-02 
 2.435053e+01  3.013252e-02 
 2.435085e+01  3.013254e-02 
 2.435117e+01  3.013255e-02 
 2.435149e+01  3.013256e-02 
 2.435181e+01  3.013258e-02 
 2.435214e+01  3.013259e-02 
 2.435246e+01  3.013261e-02 
 2.435278e+01  3.013262e-02 
 2.435310e+01  3.013263e-02 
 2.435342e+01  3.013265e-02 
 2.435374e+01  3.013266e-02 
 2.435406e+01  3.013268e-02 
 2.435439e+01  3.013269e-02 
 2.435471e+01  3.013270e-02 
 2.435503e+01  3.013272e-02 
 2.435535e+01  3.013273e-02 
 2.435567e+01  3.013274e-02 
 2.435599e+01  3.013276e-02 
 2.435632e+01  3.013277e-02 
 2.435664e+01  3.013279e-02 
 2.435696e+01  3.013280e-02 
 2.435728e+01  3.013281e-02 
 2.435760e+01  3.013283e-02 
 2.435792e+01  3.013284e-02 
 2.435824e+01  3.013286e-02 
 2.435857e+01  3.013287e-02 
 2.435889e+01  3.013288e-02 
 2.435921e+01  3.013290e-02 
 2.435953e+01  3.013291e-02 
 2.435985e+01  3.013292e-02 
 2.436017e+01  3.013294e-02 
 2.436050e+01  3.013295e-02 
 2.436082e+01  3.013297e-02 
 2.436114e+01  3.013298e-02 
 2.436146e+01  3.013299e-02 
 2.436178e+01  3.013301e-02 
 2.436210e+01  3.013302e-02 
 2.436243e+01  3.013303e-02 
 2.436275e+01  3.013305e-02 
 2.436307e+01  3.013306e-02 
 2.436339e+01  3.013307e-02 
 2.436371e+01  3.013309e-02 
 2.436403e+01  3.013310e-02 
 2.436435e+01  3.013311e-02 
 2.436468e+01  3.013313e-02 
 2.436500e+01  3.013314e-02 
 2.436532e+01  3.013315e-02 
 2.436564e+01  3.013317e-02 
 2.436596e+01  3.013318e-02 
 2.436628e+01  3.013319e-02 
 2.436661e+01  3.013321e-02 
 2.436693e+01  3.013322e-02 
 2.436725e+01  3.013323e-02 
 2.436757e+01  3.013324e-02 
 2.436789e+01  3.013326e-02 
 2.436821e+01  3.013327e-02 
 2.436853e+01  3.013328e-02 
 2.436886e+01  3.013329e-02 
 2.436918e+01  3.013331e-02 
 2.436950e+01  3.013332e-02 
 2.436982e+01  3.013333e-02 
 2.437014e+01  3.013334e-02 
 2.437046e+01  3.013336e-02 
 2.437079e+01  3.013337e-02 
 2.437111e+01  3.013338e-02 
 2.437143e+01  3.013339e-02 
 2.437175e+01  3.013341e-02 
 2.437207e+01  3.013342e-02 
 2.437239e+01  3.013343e-02 
 2.437271e+01  3.013344e-02 
 2.437304e+01  3.013345e-02 
 2.437336e+01  3.013347e-02 
 2.437368e+01  3.013348e-02 
 2.437400e+01  3.013349e-02 
 2.437432e+01  3.013350e-02 
 2.437464e+01  3.013351e-02 
 2.437497e+01  3.013353e-02 
 2.437529e+01  3.013354e-02 
 2.437561e+01  3.013355e-02 
 2.437593e+01  3.013356e-02 
 2.437625e+01  3.013357e-02 
 2.437657e+01  3.013358e-02 
 2.437690e+01  3.013359e-02 
 2.437722e+01  3.013361e-02 
 2.437754e+01  3.013362e-02 
 2.437786e+01  3.013363e-02 
 2.437818e+01  3.013364e-02 
 2.437850e+01  3.013365e-02 
 2.437882e+01  3.013366e-02 
 2.437915e+01  3.013367e-02 
 2.437947e+01  3.013369e-02 
 2.437979e+01  3.013370e-02 
 2.438011e+01  3.013371e-02 
 2.438043e+01  3.013372e-02 
 2.438075e+01  3.013373e-02 
 2.438108e+01  3.013374e-02 
 2.438140e+01  3.013375e-02 
 2.438172e+01  3.013376e-02 
 2.438204e+01  3.013377e-02 
 2.438236e+01  3.013379e-02 
 2.438268e+01  3.013380e-02 
 2.438300e+01  3.013381e-02 
 2.438333e+01  3.013382e-02 
 2.438365e+01  3.013383e-02 
 2.438397e+01  3.013384e-02 
 2.438429e+01  3.013385e-02 
 2.438461e+01  3.013386e-02 
 2.438493e+01  3.013387e-02 
 2.438526e+01  3.013388e-02 
 2.438558e+01  3.013389e-02 
 2.438590e+01  3.013390e-02 
 2.438622e+01  3.013391e-02 
 2.438654e+01  3.013393e-02 
 2.438686e+01  3.013394e-02 
 2.438718e+01  3.013395e-02 
 2.438751e+01  3.013396e-02 
 2.438783e+01  3.013397e-02 
 2.438815e+01  3.013398e-02 
 2.438847e+01  3.013399e-02 
 2.438879e+01  3.013400e-02 
 2.438911e+01  3.013401e-02 
 2.438944e+01  3.013402e-02 
 2.438976e+01  3.013403e-02 
 2.439008e+01  3.013404e-02 
 2.439040e+01  3.013405e-02 
 2.439072e+01  3.013406e-02 
 2.439104e+01  3.013407e-02 
 2.439137e+01  3.013408e-02 
 2.439169e+01  3.013409e-02 
 2.439201e+01  3.013410e-02 
 2.439233e+01  3.013411e-02 
 2.439265e+01  3.013412e-02 
 2.439297e+01  3.013413e-02 
 2.439329e+01  3.013414e-02 
 2.439362e+01  3.013416e-02 
 2.439394e+01  3.013417e-02 
 2.439426e+01  3.013418e-02 
 2.439458e+01  3.013419e-02 
 2.439490e+01  3.013420e-02 
 2.439522e+01  3.013421e-02 
 2.439555e+01  3.013422e-02 
 2.439587e+01  3.013423e-02 
 2.439619e+01  3.013424e-02 
 2.439651e+01  3.013425e-02 
 2.439683e+01  3.013426e-02 
 2.439715e+01  3.013427e-02 
 2.439747e+01  3.013428e-02 
 2.439780e+01  3.013429e-02 
 2.439812e+01  3.013430e-02 
 2.439844e+01  3.013431e-02 
 2.439876e+01  3.013432e-02 
 2.439908e+01  3.013433e-02 
 2.439940e+01  3.013434e-02 
 2.439973e+01  3.013435e-02 
 2.440005e+01  3.013436e-02 
 2.440037e+01  3.013437e-02 
 2.440069e+01  3.013438e-02 
 2.440101e+01  3.013439e-02 
 2.440133e+01  3.013440e-02 
 2.440165e+01  3.013441e-02 
 2.440198e+01  3.013442e-02 
 2.440230e+01  3.013443e-02 
 2.440262e+01  3.013444e-02 
 2.440294e+01  3.013445e-02 
 2.440326e+01  3.013446e-02 
 2.440358e+01  3.013446e-02 
 2.440391e+01  3.013447e-02 
 2.440423e+01  3.013448e-02 
 2.440455e+01  3.013449e-02 
 2.440487e+01  3.013450e-02 
 2.440519e+01  3.013451e-02 
 2.440551e+01  3.013452e-02 
 2.440584e+01  3.013453e-02 
 2.440616e+01  3.013454e-02 
 2.440648e+01  3.013455e-02 
 2.440680e+01  3.013456e-02 
 2.440712e+01  3.013457e-02 
 2.440744e+01  3.013458e-02 
 2.440776e+01  3.013459e-02 
 2.440809e+01  3.013460e-02 
 2.440841e+01  3.013461e-02 
 2.440873e+01  3.013462e-02 
 2.440905e+01  3.013462e-02 
 2.440937e+01  3.013463e-02 
 2.440969e+01  3.013464e-02 
 2.441002e+01  3.013465e-02 
 2.441034e+01  3.013466e-02 
 2.441066e+01  3.013467e-02 
 2.441098e+01  3.013468e-02 
 2.441130e+01  3.013469e-02 
 2.441162e+01  3.013470e-02 
 2.441194e+01  3.013470e-02 
 2.441227e+01  3.013471e-02 
 2.441259e+01  3.013472e-02 
 2.441291e+01  3.013473e-02 
 2.441323e+01  3.013474e-02 
 2.441355e+01  3.013475e-02 
 2.441387e+01  3.013475e-02 
 2.441420e+01  3.013476e-02 
 2.441452e+01  3.013477e-02 
 2.441484e+01  3.013478e-02 
 2.441516e+01  3.013479e-02 
 2.441548e+01  3.013480e-02 
 2.441580e+01  3.013480e-02 
 2.441612e+01  3.013481e-02 
 2.441645e+01  3.013482e-02 
 2.441677e+01  3.013483e-02 
 2.441709e+01  3.013484e-02 
 2.441741e+01  3.013484e-02 
 2.441773e+01  3.013485e-02 
 2.441805e+01  3.013486e-02 
 2.441838e+01  3.013487e-02 
 2.441870e+01  3.013487e-02 
 2.441902e+01  3.013488e-02 
 2.441934e+01  3.013489e-02 
 2.441966e+01  3.013490e-02 
 2.441998e+01  3.013490e-02 
 2.442031e+01  3.013491e-02 
 2.442063e+01  3.013492e-02 
 2.442095e+01  3.013493e-02 
 2.442127e+01  3.013493e-02 
 2.442159e+01  3.013494e-02 
 2.442191e+01  3.013495e-02 
 2.442223e+01  3.013495e-02 
 2.442256e+01  3.013496e-02 
 2.442288e+01  3.013497e-02 
 2.442320e+01  3.013498e-02 
 2.442352e+01  3.013498e-02 
 2.442384e+01  3.013499e-02 
 2.442416e+01  3.013500e-02 
 2.442449e+01  3.013500e-02 
 2.442481e+01  3.013501e-02 
 2.442513e+01  3.013502e-02 
 2.442545e+01  3.013502e-02 
 2.442577e+01  3.013503e-02 
 2.442609e+01  3.013504e-02 
 2.442641e+01  3.013505e-02 
 2.442674e+01  3.013505e-02 
 2.442706e+01  3.013506e-02 
 2.442738e+01  3.013507e-02 
 2.442770e+01  3.013507e-02 
 2.442802e+01  3.013508e-02 
 2.442834e+01  3.013509e-02 
 2.442867e+01  3.013509e-02 
 2.442899e+01  3.013510e-02 
 2.442931e+01  3.013511e-02 
 2.442963e+01  3.013511e-02 
 2.442995e+01  3.013512e-02 
 2.443027e+01  3.013512e-02 
 2.443059e+01  3.013513e-02 
 2.443092e+01  3.013514e-02 
 2.443124e+01  3.013514e-02 
 2.443156e+01  3.013515e-02 
 2.443188e+01  3.013516e-02 
 2.443220e+01  3.013516e-02 
 2.443252e+01  3.013517e-02 
 2.443285e+01  3.013518e-02 
 2.443317e+01  3.013518e-02 
 2.443349e+01  3.013519e-02 
 2.443381e+01  3.013520e-02 
 2.443413e+01  3.013520e-02 
 2.443445e+01  3.013521e-02 
 2.443478e+01  3.013522e-02 
 2.443510e+01  3.013522e-02 
 2.443542e+01  3.013523e-02 
 2.443574e+01  3.013523e-02 
 2.443606e+01  3.013524e-02 
 2.443638e+01  3.013525e-02 
 2.443670e+01  3.013525e-02 
 2.443703e+01  3.013526e-02 
 2.443735e+01  3.013527e-02 
 2.443767e+01  3.013527e-02 
 2.443799e+01  3.013528e-02 
 2.443831e+01  3.013529e-02 
 2.443863e+01  3.013529e-02 
 2.443896e+01  3.013530e-02 
 2.443928e+01  3.013531e-02 
 2.443960e+01  3.013531e-02 
 2.443992e+01  3.013532e-02 
 2.444024e+01  3.013532e-02 
 2.444056e+01  3.013533e-02 
 2.444088e+01  3.013534e-02 
 2.444121e+01  3.013534e-02 
 2.444153e+01  3.013535e-02 
 2.444185e+01  3.013536e-02 
 2.444217e+01  3.013536e-02 
 2.444249e+01  3.013537e-02 
 2.444281e+01  3.013538e-02 
 2.444314e+01  3.013538e-02 
 2.444346e+01  3.013539e-02 
 2.444378e+01  3.013539e-02 
 2.444410e+01  3.013540e-02 
 2.444442e+01  3.013541e-02 
 2.444474e+01  3.013541e-02 
 2.444506e+01  3.013542e-02 
 2.444539e+01  3.013543e-02 
 2.444571e+01  3.013543e-02 
 2.444603e+01  3.013544e-02 
 2.444635e+01  3.013544e-02 
 2.444667e+01  3.013545e-02 
 2.444699e+01  3.013546e-02 
 2.444732e+01  3.013546e-02 
 2.444764e+01  3.013547e-02 
 2.444796e+01  3.013548e-02 
 2.444828e+01  3.013548e-02 
 2.444860e+01  3.013549e-02 
 2.444892e+01  3.013550e-02 
 2.444925e+01  3.013550e-02 
 2.444957e+01  3.013551e-02 
 2.444989e+01  3.013551e-02 
 2.445021e+01  3.013552e-02 
 2.445053e+01  3.013553e-02 
 2.445085e+01  3.013553e-02 
 2.445117e+01  3.013554e-02 
 2.445150e+01  3.013555e-02 
 2.445182e+01  3.013555e-02 
 2.445214e+01  3.013556e-02 
 2.445246e+01  3.013556e-02 
 2.445278e+01  3.013557e-02 
 2.445310e+01  3.013558e-02 
 2.445343e+01  3.013558e-02 
 2.445375e+01  3.013559e-02 
 2.445407e+01  3.013560e-02 
 2.445439e+01  3.013560e-02 
 2.445471e+01  3.013561e-02 
 2.445503e+01  3.013562e-02 
 2.445535e+01  3.013562e-02 
 2.445568e+01  3.013563e-02 
 2.445600e+01  3.013563e-02 
 2.445632e+01  3.013564e-02 
 2.445664e+01  3.013565e-02 
 2.445696e+01  3.013565e-02 
 2.445728e+01  3.013566e-02 
 2.445761e+01  3.013567e-02 
 2.445793e+01  3.013567e-02 
 2.445825e+01  3.013568e-02 
 2.445857e+01  3.013568e-02 
 2.445889e+01  3.013569e-02 
 2.445921e+01  3.013570e-02 
 2.445953e+01  3.013570e-02 
 2.445986e+01  3.013571e-02 
 2.446018e+01  3.013572e-02 
 2.446050e+01  3.013572e-02 
 2.446082e+01  3.013573e-02 
 2.446114e+01  3.013574e-02 
 2.446146e+01  3.013574e-02 
 2.446179e+01  3.013575e-02 
 2.446211e+01  3.013575e-02 
 2.446243e+01  3.013576e-02 
 2.446275e+01  3.013577e-02 
 2.446307e+01  3.013577e-02 
 2.446339e+01  3.013578e-02 
 2.446372e+01  3.013579e-02 
 2.446404e+01  3.013579e-02 
 2.446436e+01  3.013580e-02 
 2.446468e+01  3.013580e-02 
 2.446500e+01  3.013581e-02 
 2.446532e+01  3.013582e-02 
 2.446564e+01  3.013582e-02 
 2.446597e+01  3.013583e-02 
 2.446629e+01  3.013583e-02 
 2.446661e+01  3.013584e-02 
 2.446693e+01  3.013585e-02 
 2.446725e+01  3.013585e-02 
 2.446757e+01  3.013586e-02 
 2.446790e+01  3.013587e-02 
 2.446822e+01  3.013587e-02 
 2.446854e+01  3.013588e-02 
 2.446886e+01  3.013588e-02 
 2.446918e+01  3.013589e-02 
 2.446950e+01  3.013590e-02 
 2.446982e+01  3.013590e-02 
 2.447015e+01  3.013591e-02 
 2.447047e+01  3.013591e-02 
 2.447079e+01  3.013592e-02 
 2.447111e+01  3.013593e-02 
 2.447143e+01  3.013593e-02 
 2.447175e+01  3.013594e-02 
 2.447208e+01  3.013594e-02 
 2.447240e+01  3.013595e-02 
 2.447272e+01  3.013596e-02 
 2.447304e+01  3.013596e-02 
 2.447336e+01  3.013597e-02 
 2.447368e+01  3.013597e-02 
 2.447400e+01  3.013598e-02 
 2.447433e+01  3.013598e-02 
 2.447465e+01  3.013599e-02 
 2.447497e+01  3.013600e-02 
 2.447529e+01  3.013600e-02 
 2.447561e+01  3.013601e-02 
 2.447593e+01  3.013601e-02 
 2.447626e+01  3.013602e-02 
 2.447658e+01  3.013602e-02 
 2.447690e+01  3.013603e-02 
 2.447722e+01  3.013604e-02 
 2.447754e+01  3.013604e-02 
 2.447786e+01  3.013605e-02 
 2.447819e+01  3.013605e-02 
 2.447851e+01  3.013606e-02 
 2.447883e+01  3.013606e-02 
 2.447915e+01  3.013607e-02 
 2.447947e+01  3.013607e-02 
 2.447979e+01  3.013608e-02 
 2.448011e+01  3.013608e-02 
 2.448044e+01  3.013609e-02 
 2.448076e+01  3.013609e-02 
 2.448108e+01  3.013610e-02 
 2.448140e+01  3.013611e-02 
 2.448172e+01  3.013611e-02 
 2.448204e+01  3.013612e-02 
 2.448237e+01  3.013612e-02 
 2.448269e+01  3.013613e-02 
 2.448301e+01  3.013613e-02 
 2.448333e+01  3.013613e-02 
 2.448365e+01  3.013614e-02 
 2.448397e+01  3.013614e-02 
 2.448429e+01  3.013615e-02 
 2.448462e+01  3.013615e-02 
 2.448494e+01  3.013616e-02 
 2.448526e+01  3.013616e-02 
 2.448558e+01  3.013617e-02 
 2.448590e+01  3.013617e-02 
 2.448622e+01  3.013618e-02 
 2.448655e+01  3.013618e-02 
 2.448687e+01  3.013619e-02 
 2.448719e+01  3.013619e-02 
 2.448751e+01  3.013619e-02 
 2.448783e+01  3.013620e-02 
 2.448815e+01  3.013620e-02 
 2.448848e+01  3.013621e-02 
 2.448880e+01  3.013621e-02 
 2.448912e+01  3.013621e-02 
 2.448944e+01  3.013622e-02 
 2.448976e+01  3.013622e-02 
 2.449008e+01  3.013622e-02 
 2.449040e+01  3.013623e-02 
 2.449073e+01  3.013623e-02 
 2.449105e+01  3.013623e-02 
 2.449137e+01  3.013624e-02 
 2.449169e+01  3.013624e-02 
 2.449201e+01  3.013624e-02 
 2.449233e+01  3.013625e-02 
 2.449266e+01  3.013625e-02 
 2.449298e+01  3.013625e-02 
 2.449330e+01  3.013626e-02 
 2.449362e+01  3.013626e-02 
 2.449394e+01  3.013626e-02 
 2.449426e+01  3.013626e-02 
 2.449458e+01  3.013627e-02 
 2.449491e+01  3.013627e-02 
 2.449523e+01  3.013627e-02 
 2.449555e+01  3.013627e-02 
 2.449587e+01  3.013628e-02 
 2.449619e+01  3.013628e-02 
 2.449651e+01  3.013628e-02 
 2.449684e+01  3.013628e-02 
 2.449716e+01  3.013629e-02 
 2.449748e+01  3.013629e-02 
 2.449780e+01  3.013629e-02 
 2.449812e+01  3.013629e-02 
 2.449844e+01  3.013629e-02 
 2.449876e+01  3.013630e-02 
 2.449909e+01  3.013630e-02 
 2.449941e+01  3.013630e-02 
 2.449973e+01  3.013630e-02 
 2.450005e+01  3.013630e-02 
 2.450037e+01  3.013630e-02 
 2.450069e+01  3.013630e-02 
 2.450102e+01  3.013630e-02 
 2.450134e+01  3.013631e-02 
 2.450166e+01  3.013631e-02 
 2.450198e+01  3.013631e-02 
 2.450230e+01  3.013631e-02 
 2.450262e+01  3.013631e-02 
 2.450295e+01  3.013631e-02 
 2.450327e+01  3.013631e-02 
 2.450359e+01  3.013631e-02 
 2.450391e+01  3.013631e-02 
 2.450423e+01  3.013631e-02 
 2.450455e+01  3.013631e-02 
 2.450487e+01  3.013631e-02 
 2.450520e+01  3.013632e-02 
 2.450552e+01  3.013632e-02 
 2.450584e+01  3.013632e-02 
 2.450616e+01  3.013632e-02 
 2.450648e+01  3.013632e-02 
 2.450680e+01  3.013632e-02 
 2.450713e+01  3.013632e-02 
 2.450745e+01  3.013632e-02 
 2.450777e+01  3.013632e-02 
 2.450809e+01  3.013632e-02 
 2.450841e+01  3.013632e-02 
 2.450873e+01  3.013632e-02 
 2.450905e+01  3.013632e-02 
 2.450938e+01  3.013632e-02 
 2.450970e+01  3.013632e-02 
 2.451002e+01  3.013631e-02 
 2.451034e+01  3.013631e-02 
 2.451066e+01  3.013631e-02 
 2.451098e+01  3.013631e-02 
 2.451131e+01  3.013631e-02 
 2.451163e+01  3.013631e-02 
 2.451195e+01  3.013631e-02 
 2.451227e+01  3.013631e-02 
 2.451259e+01  3.013631e-02 
 2.451291e+01  3.013631e-02 
 2.451323e+01  3.013631e-02 
 2.451356e+01  3.013631e-02 
 2.451388e+01  3.013631e-02 
 2.451420e+01  3.013631e-02 
 2.451452e+01  3.013631e-02 
 2.451484e+01  3.013631e-02 
 2.451516e+01  3.013630e-02 
 2.451549e+01  3.013630e-02 
 2.451581e+01  3.013630e-02 
 2.451613e+01  3.013630e-02 
 2.451645e+01  3.013630e-02 
 2.451677e+01  3.013630e-02 
 2.451709e+01  3.013630e-02 
 2.451742e+01  3.013630e-02 
 2.451774e+01  3.013630e-02 
 2.451806e+01  3.013629e-02 
 2.451838e+01  3.013629e-02 
 2.451870e+01  3.013629e-02 
 2.451902e+01  3.013629e-02 
 2.451934e+01  3.013629e-02 
 2.451967e+01  3.013629e-02 
 2.451999e+01  3.013629e-02 
 2.452031e+01  3.013629e-02 
 2.452063e+01  3.013628e-02 
 2.452095e+01  3.013628e-02 
 2.452127e+01  3.013628e-02 
 2.452160e+01  3.013628e-02 
 2.452192e+01  3.013628e-02 
 2.452224e+01  3.013628e-02 
 2.452256e+01  3.013628e-02 
 2.452288e+01  3.013628e-02 
 2.452320e+01  3.013627e-02 
 2.452352e+01  3.013627e-02 
 2.452385e+01  3.013627e-02 
 2.452417e+01  3.013627e-02 
 2.452449e+01  3.013627e-02 
 2.452481e+01  3.013627e-02 
 2.452513e+01  3.013626e-02 
 2.452545e+01  3.013626e-02 
 2.452578e+01  3.013626e-02 
 2.452610e+01  3.013626e-02 
 2.452642e+01  3.013626e-02 
 2.452674e+01  3.013626e-02 
 2.452706e+01  3.013626e-02 
 2.452738e+01  3.013625e-02 
 2.452770e+01  3.013625e-02 
 2.452803e+01  3.013625e-02 
 2.452835e+01  3.013625e-02 
 2.452867e+01  3.013625e-02 
 2.452899e+01  3.013625e-02 
 2.452931e+01  3.013624e-02 
 2.452963e+01  3.013624e-02 
 2.452996e+01  3.013624e-02 
 2.453028e+01  3.013624e-02 
 2.453060e+01  3.013624e-02 
 2.453092e+01  3.013624e-02 
 2.453124e+01  3.013623e-02 
 2.453156e+01  3.013623e-02 
 2.453189e+01  3.013623e-02 
 2.453221e+01  3.013623e-02 
 2.453253e+01  3.013623e-02 
 2.453285e+01  3.013622e-02 
 2.453317e+01  3.013622e-02 
 2.453349e+01  3.013622e-02 
 2.453381e+01  3.013622e-02 
 2.453414e+01  3.013622e-02 
 2.453446e+01  3.013621e-02 
 2.453478e+01  3.013621e-02 
 2.453510e+01  3.013621e-02 
 2.453542e+01  3.013621e-02 
 2.453574e+01  3.013621e-02 
 2.453607e+01  3.013620e-02 
 2.453639e+01  3.013620e-02 
 2.453671e+01  3.013620e-02 
 2.453703e+01  3.013620e-02 
 2.453735e+01  3.013620e-02 
 2.453767e+01  3.013619e-02 
 2.453799e+01  3.013619e-02 
 2.453832e+01  3.013619e-02 
 2.453864e+01  3.013619e-02 
 2.453896e+01  3.013619e-02 
 2.453928e+01  3.013618e-02 
 2.453960e+01  3.013618e-02 
 2.453992e+01  3.013618e-02 
 2.454025e+01  3.013618e-02 
 2.454057e+01  3.013617e-02 
 2.454089e+01  3.013617e-02 
 2.454121e+01  3.013617e-02 
 2.454153e+01  3.013617e-02 
 2.454185e+01  3.013616e-02 
 2.454217e+01  3.013616e-02 
 2.454250e+01  3.013616e-02 
 2.454282e+01  3.013616e-02 
 2.454314e+01  3.013615e-02 
 2.454346e+01  3.013615e-02 
 2.454378e+01  3.013615e-02 
 2.454410e+01  3.013615e-02 
 2.454443e+01  3.013614e-02 
 2.454475e+01  3.013614e-02 
 2.454507e+01  3.013614e-02 
 2.454539e+01  3.013614e-02 
 2.454571e+01  3.013613e-02 
 2.454603e+01  3.013613e-02 
 2.454636e+01  3.013613e-02 
 2.454668e+01  3.013613e-02 
 2.454700e+01  3.013612e-02 
 2.454732e+01  3.013612e-02 
 2.454764e+01  3.013612e-02 
 2.454796e+01  3.013611e-02 
 2.454828e+01  3.013611e-02 
 2.454861e+01  3.013611e-02 
 2.454893e+01  3.013611e-02 
 2.454925e+01  3.013610e-02 
 2.454957e+01  3.013610e-02 
 2.454989e+01  3.013610e-02 
 2.455021e+01  3.013609e-02 
 2.455054e+01  3.013609e-02 
 2.455086e+01  3.013609e-02 
 2.455118e+01  3.013608e-02 
 2.455150e+01  3.013608e-02 
 2.455182e+01  3.013608e-02 
 2.455214e+01  3.013607e-02 
 2.455246e+01  3.013607e-02 
 2.455279e+01  3.013607e-02 
 2.455311e+01  3.013606e-02 
 2.455343e+01  3.013606e-02 
 2.455375e+01  3.013606e-02 
 2.455407e+01  3.013605e-02 
 2.455439e+01  3.013605e-02 
 2.455472e+01  3.013605e-02 
 2.455504e+01  3.013604e-02 
 2.455536e+01  3.013604e-02 
 2.455568e+01  3.013604e-02 
 2.455600e+01  3.013603e-02 
 2.455632e+01  3.013603e-02 
 2.455664e+01  3.013603e-02 
 2.455697e+01  3.013602e-02 
 2.455729e+01  3.013602e-02 
 2.455761e+01  3.013602e-02 
 2.455793e+01  3.013601e-02 
 2.455825e+01  3.013601e-02 
 2.455857e+01  3.013601e-02 
 2.455890e+01  3.013600e-02 
 2.455922e+01  3.013600e-02 
 2.455954e+01  3.013599e-02 
 2.455986e+01  3.013599e-02 
 2.456018e+01  3.013599e-02 
 2.456050e+01  3.013598e-02 
 2.456083e+01  3.013598e-02 
 2.456115e+01  3.013598e-02 
 2.456147e+01  3.013597e-02 
 2.456179e+01  3.013597e-02 
 2.456211e+01  3.013597e-02 
 2.456243e+01  3.013596e-02 
 2.456275e+01  3.013596e-02 
 2.456308e+01  3.013595e-02 
 2.456340e+01  3.013595e-02 
 2.456372e+01  3.013595e-02 
 2.456404e+01  3.013594e-02 
 2.456436e+01  3.013594e-02 
 2.456468e+01  3.013594e-02 
 2.456501e+01  3.013593e-02 
 2.456533e+01  3.013593e-02 
 2.456565e+01  3.013592e-02 
 2.456597e+01  3.013592e-02 
 2.456629e+01  3.013592e-02 
 2.456661e+01  3.013591e-02 
 2.456693e+01  3.013591e-02 
 2.456726e+01  3.013591e-02 
 2.456758e+01  3.013590e-02 
 2.456790e+01  3.013590e-02 
 2.456822e+01  3.013589e-02 
 2.456854e+01  3.013589e-02 
 2.456886e+01  3.013589e-02 
 2.456919e+01  3.013588e-02 
 2.456951e+01  3.013588e-02 
 2.456983e+01  3.013588e-02 
 2.457015e+01  3.013587e-02 
 2.457047e+01  3.013587e-02 
 2.457079e+01  3.013587e-02 
 2.457111e+01  3.013586e-02 
 2.457144e+01  3.013586e-02 
 2.457176e+01  3.013586e-02 
 2.457208e+01  3.013585e-02 
 2.457240e+01  3.013585e-02 
 2.457272e+01  3.013585e-02 
 2.457304e+01  3.013584e-02 
 2.457337e+01  3.013584e-02 
 2.457369e+01  3.013584e-02 
 2.457401e+01  3.013583e-02 
 2.457433e+01  3.013583e-02 
 2.457465e+01  3.013583e-02 
 2.457497e+01  3.013582e-02 
 2.457530e+01  3.013582e-02 
 2.457562e+01  3.013582e-02 
 2.457594e+01  3.013582e-02 
 2.457626e+01  3.013581e-02 
 2.457658e+01  3.013581e-02 
 2.457690e+01  3.013581e-02 
 2.457722e+01  3.013580e-02 
 2.457755e+01  3.013580e-02 
 2.457787e+01  3.013580e-02 
 2.457819e+01  3.013580e-02 
 2.457851e+01  3.013579e-02 
 2.457883e+01  3.013579e-02 
 2.457915e+01  3.013579e-02 
 2.457948e+01  3.013578e-02 
 2.457980e+01  3.013578e-02 
 2.458012e+01  3.013578e-02 
 2.458044e+01  3.013578e-02 
 2.458076e+01  3.013577e-02 
 2.458108e+01  3.013577e-02 
 2.458140e+01  3.013577e-02 
 2.458173e+01  3.013577e-02 
 2.458205e+01  3.013576e-02 
 2.458237e+01  3.013576e-02 
 2.458269e+01  3.013576e-02 
 2.458301e+01  3.013576e-02 
 2.458333e+01  3.013576e-02 
 2.458366e+01  3.013575e-02 
 2.458398e+01  3.013575e-02 
 2.458430e+01  3.013575e-02 
 2.458462e+01  3.013575e-02 
 2.458494e+01  3.013574e-02 
 2.458526e+01  3.013574e-02 
 2.458558e+01  3.013574e-02 
 2.458591e+01  3.013574e-02 
 2.458623e+01  3.013574e-02 
 2.458655e+01  3.013573e-02 
 2.458687e+01  3.013573e-02 
 2.458719e+01  3.013573e-02 
 2.458751e+01  3.013573e-02 
 2.458784e+01  3.013573e-02 
 2.458816e+01  3.013572e-02 
 2.458848e+01  3.013572e-02 
 2.458880e+01  3.013572e-02 
 2.458912e+01  3.013572e-02 
 2.458944e+01  3.013571e-02 
 2.458977e+01  3.013571e-02 
 2.459009e+01  3.013571e-02 
 2.459041e+01  3.013571e-02 
 2.459073e+01  3.013571e-02 
 2.459105e+01  3.013570e-02 
 2.459137e+01  3.013570e-02 
 2.459169e+01  3.013570e-02 
 2.459202e+01  3.013570e-02 
 2.459234e+01  3.013570e-02 
 2.459266e+01  3.013569e-02 
 2.459298e+01  3.013569e-02 
 2.459330e+01  3.013569e-02 
 2.459362e+01  3.013569e-02 
 2.459395e+01  3.013569e-02 
 2.459427e+01  3.013568e-02 
 2.459459e+01  3.013568e-02 
 2.459491e+01  3.013568e-02 
 2.459523e+01  3.013568e-02 
 2.459555e+01  3.013568e-02 
 2.459587e+01  3.013567e-02 
 2.459620e+01  3.013567e-02 
 2.459652e+01  3.013567e-02 
 2.459684e+01  3.013567e-02 
 2.459716e+01  3.013566e-02 
 2.459748e+01  3.013566e-02 
 2.459780e+01  3.013566e-02 
 2.459813e+01  3.013566e-02 
 2.459845e+01  3.013566e-02 
 2.459877e+01  3.013565e-02 
 2.459909e+01  3.013565e-02 
 2.459941e+01  3.013565e-02 
 2.459973e+01  3.013565e-02 
 2.460005e+01  3.013564e-02 
 2.460038e+01  3.013564e-02 
 2.460070e+01  3.013564e-02 
 2.460102e+01  3.013564e-02 
 2.460134e+01  3.013563e-02 
 2.460166e+01  3.013563e-02 
 2.460198e+01  3.013563e-02 
 2.460231e+01  3.013563e-02 
 2.460263e+01  3.013562e-02 
 2.460295e+01  3.013562e-02 
 2.460327e+01  3.013562e-02 
 2.460359e+01  3.013562e-02 
 2.460391e+01  3.013561e-02 
 2.460424e+01  3.013561e-02 
 2.460456e+01  3.013561e-02 
 2.460488e+01  3.013561e-02 
 2.460520e+01  3.013560e-02 
 2.460552e+01  3.013560e-02 
 2.460584e+01  3.013560e-02 
 2.460616e+01  3.013559e-02 
 2.460649e+01  3.013559e-02 
 2.460681e+01  3.013559e-02 
 2.460713e+01  3.013559e-02 
 2.460745e+01  3.013558e-02 
 2.460777e+01  3.013558e-02 
 2.460809e+01  3.013558e-02 
 2.460842e+01  3.013558e-02 
 2.460874e+01  3.013557e-02 
 2.460906e+01  3.013557e-02 
 2.460938e+01  3.013557e-02 
 2.460970e+01  3.013556e-02 
 2.461002e+01  3.013556e-02 
 2.461034e+01  3.013556e-02 
 2.461067e+01  3.013556e-02 
 2.461099e+01  3.013555e-02 
 2.461131e+01  3.013555e-02 
 2.461163e+01  3.013555e-02 
 2.461195e+01  3.013555e-02 
 2.461227e+01  3.013554e-02 
 2.461260e+01  3.013554e-02 
 2.461292e+01  3.013554e-02 
 2.461324e+01  3.013553e-02 
 2.461356e+01  3.013553e-02 
 2.461388e+01  3.013553e-02 
 2.461420e+01  3.013553e-02 
 2.461453e+01  3.013552e-02 
 2.461485e+01  3.013552e-02 
 2.461517e+01  3.013552e-02 
 2.461549e+01  3.013552e-02 
 2.461581e+01  3.013551e-02 
 2.461613e+01  3.013551e-02 
 2.461645e+01  3.013551e-02 
 2.461678e+01  3.013551e-02 
 2.461710e+01  3.013550e-02 
 2.461742e+01  3.013550e-02 
 2.461774e+01  3.013550e-02 
 2.461806e+01  3.013550e-02 
 2.461838e+01  3.013549e-02 
 2.461871e+01  3.013549e-02 
 2.461903e+01  3.013549e-02 
 2.461935e+01  3.013549e-02 
 2.461967e+01  3.013548e-02 
 2.461999e+01  3.013548e-02 
 2.462031e+01  3.013548e-02 
 2.462063e+01  3.013548e-02 
 2.462096e+01  3.013548e-02 
 2.462128e+01  3.013547e-02 
 2.462160e+01  3.013547e-02 
 2.462192e+01  3.013547e-02 
 2.462224e+01  3.013547e-02 
 2.462256e+01  3.013547e-02 
 2.462289e+01  3.013546e-02 
 2.462321e+01  3.013546e-02 
 2.462353e+01  3.013546e-02 
 2.462385e+01  3.013546e-02 
 2.462417e+01  3.013546e-02 
 2.462449e+01  3.013546e-02 
 2.462481e+01  3.013545e-02 
 2.462514e+01  3.013545e-02 
 2.462546e+01  3.013545e-02 
 2.462578e+01  3.013545e-02 
 2.462610e+01  3.013545e-02 
 2.462642e+01  3.013545e-02 
 2.462674e+01  3.013544e-02 
 2.462707e+01  3.013544e-02 
 2.462739e+01  3.013544e-02 
 2.462771e+01  3.013544e-02 
 2.462803e+01  3.013544e-02 
 2.462835e+01  3.013544e-02 
 2.462867e+01  3.013544e-02 
 2.462900e+01  3.013544e-02 
 2.462932e+01  3.013544e-02 
 2.462964e+01  3.013543e-02 
 2.462996e+01  3.013543e-02 
 2.463028e+01  3.013543e-02 
 2.463060e+01  3.013543e-02 
 2.463092e+01  3.013543e-02 
 2.463125e+01  3.013543e-02 
 2.463157e+01  3.013543e-02 
 2.463189e+01  3.013543e-02 
 2.463221e+01  3.013543e-02 
 2.463253e+01  3.013543e-02 
 2.463285e+01  3.013543e-02 
 2.463318e+01  3.013543e-02 
 2.463350e+01  3.013543e-02 
 2.463382e+01  3.013543e-02 
 2.463414e+01  3.013543e-02 
 2.463446e+01  3.013542e-02 
 2.463478e+01  3.013542e-02 
 2.463510e+01  3.013542e-02 
 2.463543e+01  3.013542e-02 
 2.463575e+01  3.013542e-02 
 2.463607e+01  3.013542e-02 
 2.463639e+01  3.013542e-02 
 2.463671e+01  3.013542e-02 
 2.463703e+01  3.013542e-02 
 2.463736e+01  3.013542e-02 
 2.463768e+01  3.013542e-02 
 2.463800e+01  3.013542e-02 
 2.463832e+01  3.013542e-02 
 2.463864e+01  3.013542e-02 
 2.463896e+01  3.013542e-02 
 2.463928e+01  3.013542e-02 
 2.463961e+01  3.013542e-02 
 2.463993e+01  3.013542e-02 
 2.464025e+01  3.013542e-02 
 2.464057e+01  3.013542e-02 
 2.464089e+01  3.013542e-02 
 2.464121e+01  3.013542e-02 
 2.464154e+01  3.013542e-02 
 2.464186e+01  3.013542e-02 
 2.464218e+01  3.013542e-02 
 2.464250e+01  3.013542e-02 
 2.464282e+01  3.013542e-02 
 2.464314e+01  3.013542e-02 
 2.464347e+01  3.013543e-02 
 2.464379e+01  3.013543e-02 
 2.464411e+01  3.013543e-02 
 2.464443e+01  3.013543e-02 
 2.464475e+01  3.013543e-02 
 2.464507e+01  3.013543e-02 
 2.464539e+01  3.013543e-02 
 2.464572e+01  3.013543e-02 
 2.464604e+01  3.013543e-02 
 2.464636e+01  3.013543e-02 
 2.464668e+01  3.013543e-02 
 2.464700e+01  3.013543e-02 
 2.464732e+01  3.013543e-02 
 2.464765e+01  3.013543e-02 
 2.464797e+01  3.013543e-02 
 2.464829e+01  3.013543e-02 
 2.464861e+01  3.013543e-02 
 2.464893e+01  3.013543e-02 
 2.464925e+01  3.013543e-02 
 2.464957e+01  3.013543e-02 
 2.464990e+01  3.013543e-02 
 2.465022e+01  3.013543e-02 
 2.465054e+01  3.013543e-02 
 2.465086e+01  3.013543e-02 
 2.465118e+01  3.013543e-02 
 2.465150e+01  3.013543e-02 
 2.465183e+01  3.013543e-02 
 2.465215e+01  3.013543e-02 
 2.465247e+01  3.013543e-02 
 2.465279e+01  3.013543e-02 
 2.465311e+01  3.013544e-02 
 2.465343e+01  3.013544e-02 
 2.465375e+01  3.013544e-02 
 2.465408e+01  3.013544e-02 
 2.465440e+01  3.013544e-02 
 2.465472e+01  3.013544e-02 
 2.465504e+01  3.013544e-02 
 2.465536e+01  3.013544e-02 
 2.465568e+01  3.013544e-02 
 2.465601e+01  3.013544e-02 
 2.465633e+01  3.013544e-02 
 2.465665e+01  3.013544e-02 
 2.465697e+01  3.013544e-02 
 2.465729e+01  3.013544e-02 
 2.465761e+01  3.013544e-02 
 2.465794e+01  3.013544e-02 
 2.465826e+01  3.013544e-02 
 2.465858e+01  3.013544e-02 
 2.465890e+01  3.013544e-02 
 2.465922e+01  3.013544e-02 
 2.465954e+01  3.013544e-02 
 2.465986e+01  3.013544e-02 
 2.466019e+01  3.013544e-02 
 2.466051e+01  3.013544e-02 
 2.466083e+01  3.013544e-02 
 2.466115e+01  3.013544e-02 
 2.466147e+01  3.013544e-02 
 2.466179e+01  3.013544e-02 
 2.466212e+01  3.013544e-02 
 2.466244e+01  3.013544e-02 
 2.466276e+01  3.013544e-02 
 2.466308e+01  3.013544e-02 
 2.466340e+01  3.013544e-02 
 2.466372e+01  3.013544e-02 
 2.466404e+01  3.013544e-02 
 2.466437e+01  3.013544e-02 
 2.466469e+01  3.013544e-02 
 2.466501e+01  3.013544e-02 
 2.466533e+01  3.013544e-02 
 2.466565e+01  3.013544e-02 
 2.466597e+01  3.013544e-02 
 2.466630e+01  3.013544e-02 
 2.466662e+01  3.013544e-02 
 2.466694e+01  3.013544e-02 
 2.466726e+01  3.013544e-02 
 2.466758e+01  3.013544e-02 
 2.466790e+01  3.013545e-02 
 2.466822e+01  3.013545e-02 
 2.466855e+01  3.013545e-02 
 2.466887e+01  3.013545e-02 
 2.466919e+01  3.013545e-02 
 2.466951e+01  3.013545e-02 
 2.466983e+01  3.013545e-02 
 2.467015e+01  3.013545e-02 
 2.467048e+01  3.013545e-02 
 2.467080e+01  3.013545e-02 
 2.467112e+01  3.013545e-02 
 2.467144e+01  3.013545e-02 
 2.467176e+01  3.013545e-02 
 2.467208e+01  3.013545e-02 
 2.467241e+01  3.013545e-02 
 2.467273e+01  3.013545e-02 
 2.467305e+01  3.013545e-02 
 2.467337e+01  3.013545e-02 
 2.467369e+01  3.013545e-02 
 2.467401e+01  3.013545e-02 
 2.467433e+01  3.013545e-02 
 2.467466e+01  3.013545e-02 
 2.467498e+01  3.013545e-02 
 2.467530e+01  3.013546e-02 
 2.467562e+01  3.013546e-02 
 2.467594e+01  3.013546e-02 
 2.467626e+01  3.013546e-02 
 2.467659e+01  3.013546e-02 
 2.467691e+01  3.013546e-02 
 2.467723e+01  3.013546e-02 
 2.467755e+01  3.013546e-02 
 2.467787e+01  3.013546e-02 
 2.467819e+01  3.013546e-02 
 2.467851e+01  3.013546e-02 
 2.467884e+01  3.013546e-02 
 2.467916e+01  3.013547e-02 
 2.467948e+01  3.013547e-02 
 2.467980e+01  3.013547e-02 
 2.468012e+01  3.013547e-02 
 2.468044e+01  3.013547e-02 
 2.468077e+01  3.013547e-02 
 2.468109e+01  3.013547e-02 
 2.468141e+01  3.013547e-02 
 2.468173e+01  3.013547e-02 
 2.468205e+01  3.013548e-02 
 2.468237e+01  3.013548e-02 
 2.468269e+01  3.013548e-02 
 2.468302e+01  3.013548e-02 
 2.468334e+01  3.013548e-02 
 2.468366e+01  3.013548e-02 
 2.468398e+01  3.013548e-02 
 2.468430e+01  3.013549e-02 
 2.468462e+01  3.013549e-02 
 2.468495e+01  3.013549e-02 
 2.468527e+01  3.013549e-02 
 2.468559e+01  3.013549e-02 
 2.468591e+01  3.013549e-02 
 2.468623e+01  3.013549e-02 
 2.468655e+01  3.013550e-02 
 2.468688e+01  3.013550e-02 
 2.468720e+01  3.013550e-02 
 2.468752e+01  3.013550e-02 
 2.468784e+01  3.013550e-02 
 2.468816e+01  3.013550e-02 
 2.468848e+01  3.013551e-02 
 2.468880e+01  3.013551e-02 
 2.468913e+01  3.013551e-02 
 2.468945e+01  3.013551e-02 
 2.468977e+01  3.013551e-02 
 2.469009e+01  3.013551e-02 
 2.469041e+01  3.013552e-02 
 2.469073e+01  3.013552e-02 
 2.469106e+01  3.013552e-02 
 2.469138e+01  3.013552e-02 
 2.469170e+01  3.013552e-02 
 2.469202e+01  3.013553e-02 
 2.469234e+01  3.013553e-02 
 2.469266e+01  3.013553e-02 
 2.469298e+01  3.013553e-02 
 2.469331e+01  3.013553e-02 
 2.469363e+01  3.013554e-02 
 2.469395e+01  3.013554e-02 
 2.469427e+01  3.013554e-02 
 2.469459e+01  3.013554e-02 
 2.469491e+01  3.013555e-02 
 2.469524e+01  3.013555e-02 
 2.469556e+01  3.013555e-02 
 2.469588e+01  3.013555e-02 
 2.469620e+01  3.013555e-02 
 2.469652e+01  3.013556e-02 
 2.469684e+01  3.013556e-02 
 2.469716e+01  3.013556e-02 
 2.469749e+01  3.013556e-02 
 2.469781e+01  3.013557e-02 
 2.469813e+01  3.013557e-02 
 2.469845e+01  3.013557e-02 
 2.469877e+01  3.013557e-02 
 2.469909e+01  3.013558e-02 
 2.469942e+01  3.013558e-02 
 2.469974e+01  3.013558e-02 
 2.470006e+01  3.013558e-02 
 2.470038e+01  3.013559e-02 
 2.470070e+01  3.013559e-02 
 2.470102e+01  3.013559e-02 
 2.470135e+01  3.013559e-02 
 2.470167e+01  3.013560e-02 
 2.470199e+01  3.013560e-02 
 2.470231e+01  3.013560e-02 
 2.470263e+01  3.013560e-02 
 2.470295e+01  3.013561e-02 
 2.470327e+01  3.013561e-02 
 2.470360e+01  3.013561e-02 
 2.470392e+01  3.013561e-02 
 2.470424e+01  3.013562e-02 
 2.470456e+01  3.013562e-02 
 2.470488e+01  3.013562e-02 
 2.470520e+01  3.013563e-02 
 2.470553e+01  3.013563e-02 
 2.470585e+01  3.013563e-02 
 2.470617e+01  3.013563e-02 
 2.470649e+01  3.013564e-02 
 2.470681e+01  3.013564e-02 
 2.470713e+01  3.013564e-02 
 2.470745e+01  3.013565e-02 
 2.470778e+01  3.013565e-02 
 2.470810e+01  3.013565e-02 
 2.470842e+01  3.013565e-02 
 2.470874e+01  3.013566e-02 
 2.470906e+01  3.013566e-02 
 2.470938e+01  3.013566e-02 
 2.470971e+01  3.013567e-02 
 2.471003e+01  3.013567e-02 
 2.471035e+01  3.013567e-02 
 2.471067e+01  3.013568e-02 
 2.471099e+01  3.013568e-02 
 2.471131e+01  3.013568e-02 
 2.471163e+01  3.013569e-02 
 2.471196e+01  3.013569e-02 
 2.471228e+01  3.013569e-02 
 2.471260e+01  3.013570e-02 
 2.471292e+01  3.013570e-02 
 2.471324e+01  3.013570e-02 
 2.471356e+01  3.013571e-02 
 2.471389e+01  3.013571e-02 
 2.471421e+01  3.013571e-02 
 2.471453e+01  3.013572e-02 
 2.471485e+01  3.013572e-02 
 2.471517e+01  3.013572e-02 
 2.471549e+01  3.013573e-02 
 2.471582e+01  3.013573e-02 
 2.471614e+01  3.013573e-02 
 2.471646e+01  3.013574e-02 
 2.471678e+01  3.013574e-02 
 2.471710e+01  3.013574e-02 
 2.471742e+01  3.013575e-02 
 2.471774e+01  3.013575e-02 
 2.471807e+01  3.013575e-02 
 2.471839e+01  3.013576e-02 
 2.471871e+01  3.013576e-02 
 2.471903e+01  3.013577e-02 
 2.471935e+01  3.013577e-02 
 2.471967e+01  3.013577e-02 
 2.472000e+01  3.013578e-02 
 2.472032e+01  3.013578e-02 
 2.472064e+01  3.013578e-02 
 2.472096e+01  3.013579e-02 
 2.472128e+01  3.013579e-02 
 2.472160e+01  3.013580e-02 
 2.472192e+01  3.013580e-02 
 2.472225e+01  3.013580e-02 
 2.472257e+01  3.013581e-02 
 2.472289e+01  3.013581e-02 
 2.472321e+01  3.013582e-02 
 2.472353e+01  3.013582e-02 
 2.472385e+01  3.013582e-02 
 2.472418e+01  3.013583e-02 
 2.472450e+01  3.013583e-02 
 2.472482e+01  3.013584e-02 
 2.472514e+01  3.013584e-02 
 2.472546e+01  3.013585e-02 
 2.472578e+01  3.013585e-02 
 2.472610e+01  3.013585e-02 
 2.472643e+01  3.013586e-02 
 2.472675e+01  3.013586e-02 
 2.472707e+01  3.013587e-02 
 2.472739e+01  3.013587e-02 
 2.472771e+01  3.013588e-02 
 2.472803e+01  3.013588e-02 
 2.472836e+01  3.013589e-02 
 2.472868e+01  3.013589e-02 
 2.472900e+01  3.013589e-02 
 2.472932e+01  3.013590e-02 
 2.472964e+01  3.013590e-02 
 2.472996e+01  3.013591e-02 
 2.473029e+01  3.013591e-02 
 2.473061e+01  3.013592e-02 
 2.473093e+01  3.013592e-02 
 2.473125e+01  3.013593e-02 
 2.473157e+01  3.013593e-02 
 2.473189e+01  3.013594e-02 
 2.473221e+01  3.013594e-02 
 2.473254e+01  3.013595e-02 
 2.473286e+01  3.013595e-02 
 2.473318e+01  3.013596e-02 
 2.473350e+01  3.013596e-02 
 2.473382e+01  3.013597e-02 
 2.473414e+01  3.013597e-02 
 2.473447e+01  3.013598e-02 
 2.473479e+01  3.013598e-02 
 2.473511e+01  3.013599e-02 
 2.473543e+01  3.013599e-02 
 2.473575e+01  3.013600e-02 
 2.473607e+01  3.013600e-02 
 2.473639e+01  3.013601e-02 
 2.473672e+01  3.013601e-02 
 2.473704e+01  3.013602e-02 
 2.473736e+01  3.013602e-02 
 2.473768e+01  3.013603e-02 
 2.473800e+01  3.013604e-02 
 2.473832e+01  3.013604e-02 
 2.473865e+01  3.013605e-02 
 2.473897e+01  3.013605e-02 
 2.473929e+01  3.013606e-02 
 2.473961e+01  3.013606e-02 
 2.473993e+01  3.013607e-02 
 2.474025e+01  3.013607e-02 
 2.474057e+01  3.013608e-02 
 2.474090e+01  3.013608e-02 
 2.474122e+01  3.013609e-02 
 2.474154e+01  3.013610e-02 
 2.474186e+01  3.013610e-02 
 2.474218e+01  3.013611e-02 
 2.474250e+01  3.013611e-02 
 2.474283e+01  3.013612e-02 
 2.474315e+01  3.013612e-02 
 2.474347e+01  3.013613e-02 
 2.474379e+01  3.013614e-02 
 2.474411e+01  3.013614e-02 
 2.474443e+01  3.013615e-02 
 2.474476e+01  3.013615e-02 
 2.474508e+01  3.013616e-02 
 2.474540e+01  3.013616e-02 
 2.474572e+01  3.013617e-02 
 2.474604e+01  3.013618e-02 
 2.474636e+01  3.013618e-02 
 2.474668e+01  3.013619e-02 
 2.474701e+01  3.013619e-02 
 2.474733e+01  3.013620e-02 
 2.474765e+01  3.013621e-02 
 2.474797e+01  3.013621e-02 
 2.474829e+01  3.013622e-02 
 2.474861e+01  3.013622e-02 
 2.474894e+01  3.013623e-02 
 2.474926e+01  3.013623e-02 
 2.474958e+01  3.013624e-02 
 2.474990e+01  3.013625e-02 
 2.475022e+01  3.013625e-02 
 2.475054e+01  3.013626e-02 
 2.475086e+01  3.013626e-02 
 2.475119e+01  3.013627e-02 
 2.475151e+01  3.013628e-02 
 2.475183e+01  3.013628e-02 
 2.475215e+01  3.013629e-02 
 2.475247e+01  3.013629e-02 
 2.475279e+01  3.013630e-02 
 2.475312e+01  3.013631e-02 
 2.475344e+01  3.013631e-02 
 2.475376e+01  3.013632e-02 
 2.475408e+01  3.013632e-02 
 2.475440e+01  3.013633e-02 
 2.475472e+01  3.013634e-02 
 2.475505e+01  3.013634e-02 
 2.475537e+01  3.013635e-02 
 2.475569e+01  3.013635e-02 
 2.475601e+01  3.013636e-02 
 2.475633e+01  3.013637e-02 
 2.475665e+01  3.013637e-02 
 2.475697e+01  3.013638e-02 
 2.475730e+01  3.013638e-02 
 2.475762e+01  3.013639e-02 
 2.475794e+01  3.013640e-02 
 2.475826e+01  3.013640e-02 
 2.475858e+01  3.013641e-02 
 2.475890e+01  3.013641e-02 
 2.475923e+01  3.013642e-02 
 2.475955e+01  3.013643e-02 
 2.475987e+01  3.013643e-02 
 2.476019e+01  3.013644e-02 
 2.476051e+01  3.013644e-02 
 2.476083e+01  3.013645e-02 
 2.476115e+01  3.013646e-02 
 2.476148e+01  3.013646e-02 
 2.476180e+01  3.013647e-02 
 2.476212e+01  3.013647e-02 
 2.476244e+01  3.013648e-02 
 2.476276e+01  3.013648e-02 
 2.476308e+01  3.013649e-02 
 2.476341e+01  3.013650e-02 
 2.476373e+01  3.013650e-02 
 2.476405e+01  3.013651e-02 
 2.476437e+01  3.013651e-02 
 2.476469e+01  3.013652e-02 
 2.476501e+01  3.013653e-02 
 2.476533e+01  3.013653e-02 
 2.476566e+01  3.013654e-02 
 2.476598e+01  3.013654e-02 
 2.476630e+01  3.013655e-02 
 2.476662e+01  3.013655e-02 
 2.476694e+01  3.013656e-02 
 2.476726e+01  3.013656e-02 
 2.476759e+01  3.013657e-02 
 2.476791e+01  3.013657e-02 
 2.476823e+01  3.013658e-02 
 2.476855e+01  3.013659e-02 
 2.476887e+01  3.013659e-02 
 2.476919e+01  3.013660e-02 
 2.476952e+01  3.013660e-02 
 2.476984e+01  3.013661e-02 
 2.477016e+01  3.013661e-02 
 2.477048e+01  3.013662e-02 
 2.477080e+01  3.013662e-02 
 2.477112e+01  3.013663e-02 
 2.477144e+01  3.013663e-02 
 2.477177e+01  3.013664e-02 
 2.477209e+01  3.013664e-02 
 2.477241e+01  3.013665e-02 
 2.477273e+01  3.013665e-02 
 2.477305e+01  3.013666e-02 
 2.477337e+01  3.013666e-02 
 2.477370e+01  3.013667e-02 
 2.477402e+01  3.013667e-02 
 2.477434e+01  3.013668e-02 
 2.477466e+01  3.013668e-02 
 2.477498e+01  3.013669e-02 
 2.477530e+01  3.013669e-02 
 2.477562e+01  3.013670e-02 
 2.477595e+01  3.013670e-02 
 2.477627e+01  3.013671e-02 
 2.477659e+01  3.013671e-02 
 2.477691e+01  3.013672e-02 
 2.477723e+01  3.013672e-02 
 2.477755e+01  3.013673e-02 
 2.477788e+01  3.013673e-02 
 2.477820e+01  3.013674e-02 
 2.477852e+01  3.013674e-02 
 2.477884e+01  3.013675e-02 
 2.477916e+01  3.013675e-02 
 2.477948e+01  3.013676e-02 
 2.477980e+01  3.013676e-02 
 2.478013e+01  3.013677e-02 
 2.478045e+01  3.013677e-02 
 2.478077e+01  3.013677e-02 
 2.478109e+01  3.013678e-02 
 2.478141e+01  3.013678e-02 
 2.478173e+01  3.013679e-02 
 2.478206e+01  3.013679e-02 
 2.478238e+01  3.013680e-02 
 2.478270e+01  3.013680e-02 
 2.478302e+01  3.013681e-02 
 2.478334e+01  3.013681e-02 
 2.478366e+01  3.013682e-02 
 2.478399e+01  3.013682e-02 
 2.478431e+01  3.013682e-02 
 2.478463e+01  3.013683e-02 
 2.478495e+01  3.013683e-02 
 2.478527e+01  3.013684e-02 
 2.478559e+01  3.013684e-02 
 2.478591e+01  3.013685e-02 
 2.478624e+01  3.013685e-02 
 2.478656e+01  3.013685e-02 
 2.478688e+01  3.013686e-02 
 2.478720e+01  3.013686e-02 
 2.478752e+01  3.013687e-02 
 2.478784e+01  3.013687e-02 
 2.478817e+01  3.013688e-02 
 2.478849e+01  3.013688e-02 
 2.478881e+01  3.013688e-02 
 2.478913e+01  3.013689e-02 
 2.478945e+01  3.013689e-02 
 2.478977e+01  3.013690e-02 
 2.479009e+01  3.013690e-02 
 2.479042e+01  3.013691e-02 
 2.479074e+01  3.013691e-02 
 2.479106e+01  3.013691e-02 
 2.479138e+01  3.013692e-02 
 2.479170e+01  3.013692e-02 
 2.479202e+01  3.013693e-02 
 2.479235e+01  3.013693e-02 
 2.479267e+01  3.013693e-02 
 2.479299e+01  3.013694e-02 
 2.479331e+01  3.013694e-02 
 2.479363e+01  3.013695e-02 
 2.479395e+01  3.013695e-02 
 2.479427e+01  3.013696e-02 
 2.479460e+01  3.013696e-02 
 2.479492e+01  3.013696e-02 
 2.479524e+01  3.013697e-02 
 2.479556e+01  3.013697e-02 
 2.479588e+01  3.013698e-02 
 2.479620e+01  3.013698e-02 
 2.479653e+01  3.013698e-02 
 2.479685e+01  3.013699e-02 
 2.479717e+01  3.013699e-02 
 2.479749e+01  3.013700e-02 
 2.479781e+01  3.013700e-02 
 2.479813e+01  3.013701e-02 
 2.479846e+01  3.013701e-02 
 2.479878e+01  3.013701e-02 
 2.479910e+01  3.013702e-02 
 2.479942e+01  3.013702e-02 
 2.479974e+01  3.013703e-02 
 2.480006e+01  3.013703e-02 
 2.480038e+01  3.013704e-02 
 2.480071e+01  3.013704e-02 
 2.480103e+01  3.013704e-02 
 2.480135e+01  3.013705e-02 
 2.480167e+01  3.013705e-02 
 2.480199e+01  3.013706e-02 
 2.480231e+01  3.013706e-02 
 2.480264e+01  3.013707e-02 
 2.480296e+01  3.013707e-02 
 2.480328e+01  3.013708e-02 
 2.480360e+01  3.013708e-02 
 2.480392e+01  3.013709e-02 
 2.480424e+01  3.013709e-02 
 2.480456e+01  3.013709e-02 
 2.480489e+01  3.013710e-02 
 2.480521e+01  3.013710e-02 
 2.480553e+01  3.013711e-02 
 2.480585e+01  3.013711e-02 
 2.480617e+01  3.013712e-02 
 2.480649e+01  3.013712e-02 
 2.480682e+01  3.013713e-02 
 2.480714e+01  3.013713e-02 
 2.480746e+01  3.013714e-02 
 2.480778e+01  3.013714e-02 
 2.480810e+01  3.013715e-02 
 2.480842e+01  3.013715e-02 
 2.480874e+01  3.013716e-02 
 2.480907e+01  3.013716e-02 
 2.480939e+01  3.013717e-02 
 2.480971e+01  3.013717e-02 
 2.481003e+01  3.013718e-02 
 2.481035e+01  3.013718e-02 
 2.481067e+01  3.013719e-02 
 2.481100e+01  3.013719e-02 
 2.481132e+01  3.013720e-02 
 2.481164e+01  3.013720e-02 
 2.481196e+01  3.013721e-02 
 2.481228e+01  3.013722e-02 
 2.481260e+01  3.013722e-02 
 2.481293e+01  3.013723e-02 
 2.481325e+01  3.013723e-02 
 2.481357e+01  3.013724e-02 
 2.481389e+01  3.013724e-02 
 2.481421e+01  3.013725e-02 
 2.481453e+01  3.013725e-02 
 2.481485e+01  3.013726e-02 
 2.481518e+01  3.013727e-02 
 2.481550e+01  3.013727e-02 
 2.481582e+01  3.013728e-02 
 2.481614e+01  3.013728e-02 
 2.481646e+01  3.013729e-02 
 2.481678e+01  3.013729e-02 
 2.481711e+01  3.013730e-02 
 2.481743e+01  3.013731e-02 
 2.481775e+01  3.013731e-02 
 2.481807e+01  3.013732e-02 
 2.481839e+01  3.013732e-02 
 2.481871e+01  3.013733e-02 
 2.481903e+01  3.013733e-02 
 2.481936e+01  3.013734e-02 
 2.481968e+01  3.013735e-02 
 2.482000e+01  3.013735e-02 
 2.482032e+01  3.013736e-02 
 2.482064e+01  3.013736e-02 
 2.482096e+01  3.013737e-02 
 2.482129e+01  3.013738e-02 
 2.482161e+01  3.013738e-02 
 2.482193e+01  3.013739e-02 
 2.482225e+01  3.013739e-02 
 2.482257e+01  3.013740e-02 
 2.482289e+01  3.013741e-02 
 2.482321e+01  3.013741e-02 
 2.482354e+01  3.013742e-02 
 2.482386e+01  3.013742e-02 
 2.482418e+01  3.013743e-02 
 2.482450e+01  3.013744e-02 
 2.482482e+01  3.013744e-02 
 2.482514e+01  3.013745e-02 
 2.482547e+01  3.013746e-02 
 2.482579e+01  3.013746e-02 
 2.482611e+01  3.013747e-02 
 2.482643e+01  3.013747e-02 
 2.482675e+01  3.013748e-02 
 2.482707e+01  3.013749e-02 
 2.482740e+01  3.013749e-02 
 2.482772e+01  3.013750e-02 
 2.482804e+01  3.013751e-02 
 2.482836e+01  3.013751e-02 
 2.482868e+01  3.013752e-02 
 2.482900e+01  3.013752e-02 
 2.482932e+01  3.013753e-02 
 2.482965e+01  3.013754e-02 
 2.482997e+01  3.013754e-02 
 2.483029e+01  3.013755e-02 
 2.483061e+01  3.013756e-02 
 2.483093e+01  3.013756e-02 
 2.483125e+01  3.013757e-02 
 2.483158e+01  3.013758e-02 
 2.483190e+01  3.013758e-02 
 2.483222e+01  3.013759e-02 
 2.483254e+01  3.013760e-02 
 2.483286e+01  3.013760e-02 
 2.483318e+01  3.013761e-02 
 2.483350e+01  3.013762e-02 
 2.483383e+01  3.013762e-02 
 2.483415e+01  3.013763e-02 
 2.483447e+01  3.013764e-02 
 2.483479e+01  3.013764e-02 
 2.483511e+01  3.013765e-02 
 2.483543e+01  3.013766e-02 
 2.483576e+01  3.013766e-02 
 2.483608e+01  3.013767e-02 
 2.483640e+01  3.013768e-02 
 2.483672e+01  3.013768e-02 
 2.483704e+01  3.013769e-02 
 2.483736e+01  3.013770e-02 
 2.483768e+01  3.013771e-02 
 2.483801e+01  3.013771e-02 
 2.483833e+01  3.013772e-02 
 2.483865e+01  3.013773e-02 
 2.483897e+01  3.013773e-02 
 2.483929e+01  3.013774e-02 
 2.483961e+01  3.013775e-02 
 2.483994e+01  3.013776e-02 
 2.484026e+01  3.013776e-02 
 2.484058e+01  3.013777e-02 
 2.484090e+01  3.013778e-02 
 2.484122e+01  3.013779e-02 
 2.484154e+01  3.013779e-02 
 2.484187e+01  3.013780e-02 
 2.484219e+01  3.013781e-02 
 2.484251e+01  3.013782e-02 
 2.484283e+01  3.013782e-02 
 2.484315e+01  3.013783e-02 
 2.484347e+01  3.013784e-02 
 2.484379e+01  3.013785e-02 
 2.484412e+01  3.013785e-02 
 2.484444e+01  3.013786e-02 
 2.484476e+01  3.013787e-02 
 2.484508e+01  3.013788e-02 
 2.484540e+01  3.013789e-02 
 2.484572e+01  3.013789e-02 
 2.484605e+01  3.013790e-02 
 2.484637e+01  3.013791e-02 
 2.484669e+01  3.013792e-02 
 2.484701e+01  3.013792e-02 
 2.484733e+01  3.013793e-02 
 2.484765e+01  3.013794e-02 
 2.484797e+01  3.013795e-02 
 2.484830e+01  3.013796e-02 
 2.484862e+01  3.013796e-02 
 2.484894e+01  3.013797e-02 
 2.484926e+01  3.013798e-02 
 2.484958e+01  3.013799e-02 
 2.484990e+01  3.013800e-02 
 2.485023e+01  3.013800e-02 
 2.485055e+01  3.013801e-02 
 2.485087e+01  3.013802e-02 
 2.485119e+01  3.013803e-02 
 2.485151e+01  3.013804e-02 
 2.485183e+01  3.013805e-02 
 2.485215e+01  3.013805e-02 
 2.485248e+01  3.013806e-02 
 2.485280e+01  3.013807e-02 
 2.485312e+01  3.013808e-02 
 2.485344e+01  3.013809e-02 
 2.485376e+01  3.013810e-02 
 2.485408e+01  3.013810e-02 
 2.485441e+01  3.013811e-02 
 2.485473e+01  3.013812e-02 
 2.485505e+01  3.013813e-02 
 2.485537e+01  3.013814e-02 
 2.485569e+01  3.013814e-02 
 2.485601e+01  3.013815e-02 
 2.485634e+01  3.013816e-02 
 2.485666e+01  3.013817e-02 
 2.485698e+01  3.013818e-02 
 2.485730e+01  3.013819e-02 
 2.485762e+01  3.013819e-02 
 2.485794e+01  3.013820e-02 
 2.485826e+01  3.013821e-02 
 2.485859e+01  3.013822e-02 
 2.485891e+01  3.013823e-02 
 2.485923e+01  3.013824e-02 
 2.485955e+01  3.013824e-02 
 2.485987e+01  3.013825e-02 
 2.486019e+01  3.013826e-02 
 2.486052e+01  3.013827e-02 
 2.486084e+01  3.013828e-02 
 2.486116e+01  3.013829e-02 
 2.486148e+01  3.013830e-02 
 2.486180e+01  3.013830e-02 
 2.486212e+01  3.013831e-02 
 2.486244e+01  3.013832e-02 
 2.486277e+01  3.013833e-02 
 2.486309e+01  3.013834e-02 
 2.486341e+01  3.013835e-02 
 2.486373e+01  3.013835e-02 
 2.486405e+01  3.013836e-02 
 2.486437e+01  3.013837e-02 
 2.486470e+01  3.013838e-02 
 2.486502e+01  3.013839e-02 
 2.486534e+01  3.013840e-02 
 2.486566e+01  3.013840e-02 
 2.486598e+01  3.013841e-02 
 2.486630e+01  3.013842e-02 
 2.486662e+01  3.013843e-02 
 2.486695e+01  3.013844e-02 
 2.486727e+01  3.013845e-02 
 2.486759e+01  3.013845e-02 
 2.486791e+01  3.013846e-02 
 2.486823e+01  3.013847e-02 
 2.486855e+01  3.013848e-02 
 2.486888e+01  3.013849e-02 
 2.486920e+01  3.013850e-02 
 2.486952e+01  3.013850e-02 
 2.486984e+01  3.013851e-02 
 2.487016e+01  3.013852e-02 
 2.487048e+01  3.013853e-02 
 2.487081e+01  3.013854e-02 
 2.487113e+01  3.013855e-02 
 2.487145e+01  3.013855e-02 
 2.487177e+01  3.013856e-02 
 2.487209e+01  3.013857e-02 
 2.487241e+01  3.013858e-02 
 2.487273e+01  3.013859e-02 
 2.487306e+01  3.013860e-02 
 2.487338e+01  3.013860e-02 
 2.487370e+01  3.013861e-02 
 2.487402e+01  3.013862e-02 
 2.487434e+01  3.013863e-02 
 2.487466e+01  3.013864e-02 
 2.487499e+01  3.013864e-02 
 2.487531e+01  3.013865e-02 
 2.487563e+01  3.013866e-02 
 2.487595e+01  3.013867e-02 
 2.487627e+01  3.013868e-02 
 2.487659e+01  3.013869e-02 
 2.487691e+01  3.013869e-02 
 2.487724e+01  3.013870e-02 
 2.487756e+01  3.013871e-02 
 2.487788e+01  3.013872e-02 
 2.487820e+01  3.013873e-02 
 2.487852e+01  3.013873e-02 
 2.487884e+01  3.013874e-02 
 2.487917e+01  3.013875e-02 
 2.487949e+01  3.013876e-02 
 2.487981e+01  3.013877e-02 
 2.488013e+01  3.013878e-02 
 2.488045e+01  3.013878e-02 
 2.488077e+01  3.013879e-02 
 2.488110e+01  3.013880e-02 
 2.488142e+01  3.013881e-02 
 2.488174e+01  3.013882e-02 
 2.488206e+01  3.013882e-02 
 2.488238e+01  3.013883e-02 
 2.488270e+01  3.013884e-02 
 2.488302e+01  3.013885e-02 
 2.488335e+01  3.013886e-02 
 2.488367e+01  3.013886e-02 
 2.488399e+01  3.013887e-02 
 2.488431e+01  3.013888e-02 
 2.488463e+01  3.013889e-02 
 2.488495e+01  3.013890e-02 
 2.488528e+01  3.013890e-02 
 2.488560e+01  3.013891e-02 
 2.488592e+01  3.013892e-02 
 2.488624e+01  3.013893e-02 
 2.488656e+01  3.013894e-02 
 2.488688e+01  3.013894e-02 
 2.488720e+01  3.013895e-02 
 2.488753e+01  3.013896e-02 
 2.488785e+01  3.013897e-02 
 2.488817e+01  3.013897e-02 
 2.488849e+01  3.013898e-02 
 2.488881e+01  3.013899e-02 
 2.488913e+01  3.013900e-02 
 2.488946e+01  3.013901e-02 
 2.488978e+01  3.013901e-02 
 2.489010e+01  3.013902e-02 
 2.489042e+01  3.013903e-02 
 2.489074e+01  3.013904e-02 
 2.489106e+01  3.013904e-02 
 2.489138e+01  3.013905e-02 
 2.489171e+01  3.013906e-02 
 2.489203e+01  3.013907e-02 
 2.489235e+01  3.013907e-02 
 2.489267e+01  3.013908e-02 
 2.489299e+01  3.013909e-02 
 2.489331e+01  3.013909e-02 
 2.489364e+01  3.013910e-02 
 2.489396e+01  3.013911e-02 
 2.489428e+01  3.013912e-02 
 2.489460e+01  3.013912e-02 
 2.489492e+01  3.013913e-02 
 2.489524e+01  3.013914e-02 
 2.489557e+01  3.013914e-02 
 2.489589e+01  3.013915e-02 
 2.489621e+01  3.013916e-02 
 2.489653e+01  3.013917e-02 
 2.489685e+01  3.013917e-02 
 2.489717e+01  3.013918e-02 
 2.489749e+01  3.013919e-02 
 2.489782e+01  3.013919e-02 
 2.489814e+01  3.013920e-02 
 2.489846e+01  3.013921e-02 
 2.489878e+01  3.013921e-02 
 2.489910e+01  3.013922e-02 
 2.489942e+01  3.013923e-02 
 2.489975e+01  3.013923e-02 
 2.490007e+01  3.013924e-02 
 2.490039e+01  3.013925e-02 
 2.490071e+01  3.013925e-02 
 2.490103e+01  3.013926e-02 
 2.490135e+01  3.013926e-02 
 2.490167e+01  3.013927e-02 
 2.490200e+01  3.013928e-02 
 2.490232e+01  3.013928e-02 
 2.490264e+01  3.013929e-02 
 2.490296e+01  3.013930e-02 
 2.490328e+01  3.013930e-02 
 2.490360e+01  3.013931e-02 
 2.490393e+01  3.013931e-02 
 2.490425e+01  3.013932e-02 
 2.490457e+01  3.013933e-02 
 2.490489e+01  3.013933e-02 
 2.490521e+01  3.013934e-02 
 2.490553e+01  3.013934e-02 
 2.490585e+01  3.013935e-02 
 2.490618e+01  3.013936e-02 
 2.490650e+01  3.013936e-02 
 2.490682e+01  3.013937e-02 
 2.490714e+01  3.013937e-02 
 2.490746e+01  3.013938e-02 
 2.490778e+01  3.013938e-02 
 2.490811e+01  3.013939e-02 
 2.490843e+01  3.013940e-02 
 2.490875e+01  3.013940e-02 
 2.490907e+01  3.013941e-02 
 2.490939e+01  3.013941e-02 
 2.490971e+01  3.013942e-02 
 2.491004e+01  3.013943e-02 
 2.491036e+01  3.013943e-02 
 2.491068e+01  3.013944e-02 
 2.491100e+01  3.013944e-02 
 2.491132e+01  3.013945e-02 
 2.491164e+01  3.013945e-02 
 2.491196e+01  3.013946e-02 
 2.491229e+01  3.013946e-02 
 2.491261e+01  3.013947e-02 
 2.491293e+01  3.013948e-02 
 2.491325e+01  3.013948e-02 
 2.491357e+01  3.013949e-02 
 2.491389e+01  3.013949e-02 
 2.491422e+01  3.013950e-02 
 2.491454e+01  3.013950e-02 
 2.491486e+01  3.013951e-02 
 2.491518e+01  3.013952e-02 
 2.491550e+01  3.013952e-02 
 2.491582e+01  3.013953e-02 
 2.491614e+01  3.013953e-02 
 2.491647e+01  3.013954e-02 
 2.491679e+01  3.013954e-02 
 2.491711e+01  3.013955e-02 
 2.491743e+01  3.013956e-02 
 2.491775e+01  3.013956e-02 
 2.491807e+01  3.013957e-02 
 2.491840e+01  3.013957e-02 
 2.491872e+01  3.013958e-02 
 2.491904e+01  3.013958e-02 
 2.491936e+01  3.013959e-02 
 2.491968e+01  3.013960e-02 
 2.492000e+01  3.013960e-02 
 2.492032e+01  3.013961e-02 
 2.492065e+01  3.013961e-02 
 2.492097e+01  3.013962e-02 
 2.492129e+01  3.013963e-02 
 2.492161e+01  3.013963e-02 
 2.492193e+01  3.013964e-02 
 2.492225e+01  3.013964e-02 
 2.492258e+01  3.013965e-02 
 2.492290e+01  3.013966e-02 
 2.492322e+01  3.013966e-02 
 2.492354e+01  3.013967e-02 
 2.492386e+01  3.013967e-02 
 2.492418e+01  3.013968e-02 
 2.492451e+01  3.013968e-02 
 2.492483e+01  3.013969e-02 
 2.492515e+01  3.013970e-02 
 2.492547e+01  3.013970e-02 
 2.492579e+01  3.013971e-02 
 2.492611e+01  3.013971e-02 
 2.492643e+01  3.013972e-02 
 2.492676e+01  3.013973e-02 
 2.492708e+01  3.013973e-02 
 2.492740e+01  3.013974e-02 
 2.492772e+01  3.013975e-02 
 2.492804e+01  3.013975e-02 
 2.492836e+01  3.013976e-02 
 2.492869e+01  3.013976e-02 
 2.492901e+01  3.013977e-02 
 2.492933e+01  3.013978e-02 
 2.492965e+01  3.013978e-02 
 2.492997e+01  3.013979e-02 
 2.493029e+01  3.013979e-02 
 2.493061e+01  3.013980e-02 
 2.493094e+01  3.013981e-02 
 2.493126e+01  3.013981e-02 
 2.493158e+01  3.013982e-02 
 2.493190e+01  3.013982e-02 
 2.493222e+01  3.013983e-02 
 2.493254e+01  3.013984e-02 
 2.493287e+01  3.013984e-02 
 2.493319e+01  3.013985e-02 
 2.493351e+01  3.013985e-02 
 2.493383e+01  3.013986e-02 
 2.493415e+01  3.013987e-02 
 2.493447e+01  3.013987e-02 
 2.493479e+01  3.013988e-02 
 2.493512e+01  3.013988e-02 
 2.493544e+01  3.013989e-02 
 2.493576e+01  3.013990e-02 
 2.493608e+01  3.013990e-02 
 2.493640e+01  3.013991e-02 
 2.493672e+01  3.013991e-02 
 2.493705e+01  3.013992e-02 
 2.493737e+01  3.013993e-02 
 2.493769e+01  3.013993e-02 
 2.493801e+01  3.013994e-02 
 2.493833e+01  3.013994e-02 
 2.493865e+01  3.013995e-02 
 2.493898e+01  3.013996e-02 
 2.493930e+01  3.013996e-02 
 2.493962e+01  3.013997e-02 
 2.493994e+01  3.013997e-02 
 2.494026e+01  3.013998e-02 
 2.494058e+01  3.013998e-02 
 2.494090e+01  3.013999e-02 
 2.494123e+01  3.014000e-02 
 2.494155e+01  3.014000e-02 
 2.494187e+01  3.014001e-02 
 2.494219e+01  3.014001e-02 
 2.494251e+01  3.014002e-02 
 2.494283e+01  3.014003e-02 
 2.494316e+01  3.014003e-02 
 2.494348e+01  3.014004e-02 
 2.494380e+01  3.014004e-02 
 2.494412e+01  3.014005e-02 
 2.494444e+01  3.014006e-02 
 2.494476e+01  3.014006e-02 
 2.494508e+01  3.014007e-02 
 2.494541e+01  3.014007e-02 
 2.494573e+01  3.014008e-02 
 2.494605e+01  3.014009e-02 
 2.494637e+01  3.014009e-02 
 2.494669e+01  3.014010e-02 
 2.494701e+01  3.014010e-02 
 2.494734e+01  3.014011e-02 
 2.494766e+01  3.014012e-02 
 2.494798e+01  3.014012e-02 
 2.494830e+01  3.014013e-02 
 2.494862e+01  3.014013e-02 
 2.494894e+01  3.014014e-02 
 2.494926e+01  3.014015e-02 
 2.494959e+01  3.014015e-02 
 2.494991e+01  3.014016e-02 
 2.495023e+01  3.014016e-02 
 2.495055e+01  3.014017e-02 
 2.495087e+01  3.014018e-02 
 2.495119e+01  3.014018e-02 
 2.495152e+01  3.014019e-02 
 2.495184e+01  3.014020e-02 
 2.495216e+01  3.014020e-02 
 2.495248e+01  3.014021e-02 
 2.495280e+01  3.014021e-02 
 2.495312e+01  3.014022e-02 
 2.495345e+01  3.014023e-02 
 2.495377e+01  3.014023e-02 
 2.495409e+01  3.014024e-02 
 2.495441e+01  3.014025e-02 
 2.495473e+01  3.014025e-02 
 2.495505e+01  3.014026e-02 
 2.495537e+01  3.014026e-02 
 2.495570e+01  3.014027e-02 
 2.495602e+01  3.014028e-02 
 2.495634e+01  3.014028e-02 
 2.495666e+01  3.014029e-02 
 2.495698e+01  3.014030e-02 
 2.495730e+01  3.014030e-02 
 2.495763e+01  3.014031e-02 
 2.495795e+01  3.014031e-02 
 2.495827e+01  3.014032e-02 
 2.495859e+01  3.014033e-02 
 2.495891e+01  3.014033e-02 
 2.495923e+01  3.014034e-02 
 2.495955e+01  3.014035e-02 
 2.495988e+01  3.014035e-02 
 2.496020e+01  3.014036e-02 
 2.496052e+01  3.014037e-02 
 2.496084e+01  3.014037e-02 
 2.496116e+01  3.014038e-02 
 2.496148e+01  3.014039e-02 
 2.496181e+01  3.014039e-02 
 2.496213e+01  3.014040e-02 
 2.496245e+01  3.014041e-02 
 2.496277e+01  3.014041e-02 
 2.496309e+01  3.014042e-02 
 2.496341e+01  3.014042e-02 
 2.496373e+01  3.014043e-02 
 2.496406e+01  3.014044e-02 
 2.496438e+01  3.014044e-02 
 2.496470e+01  3.014045e-02 
 2.496502e+01  3.014046e-02 
 2.496534e+01  3.014046e-02 
 2.496566e+01  3.014047e-02 
 2.496599e+01  3.014048e-02 
 2.496631e+01  3.014048e-02 
 2.496663e+01  3.014049e-02 
 2.496695e+01  3.014050e-02 
 2.496727e+01  3.014051e-02 
 2.496759e+01  3.014051e-02 
 2.496792e+01  3.014052e-02 
 2.496824e+01  3.014053e-02 
 2.496856e+01  3.014053e-02 
 2.496888e+01  3.014054e-02 
 2.496920e+01  3.014055e-02 
 2.496952e+01  3.014055e-02 
 2.496984e+01  3.014056e-02 
 2.497017e+01  3.014057e-02 
 2.497049e+01  3.014057e-02 
 2.497081e+01  3.014058e-02 
 2.497113e+01  3.014059e-02 
 2.497145e+01  3.014059e-02 
 2.497177e+01  3.014060e-02 
 2.497210e+01  3.014061e-02 
 2.497242e+01  3.014061e-02 
 2.497274e+01  3.014062e-02 
 2.497306e+01  3.014063e-02 
 2.497338e+01  3.014063e-02 
 2.497370e+01  3.014064e-02 
 2.497402e+01  3.014065e-02 
 2.497435e+01  3.014066e-02 
 2.497467e+01  3.014066e-02 
 2.497499e+01  3.014067e-02 
 2.497531e+01  3.014068e-02 
 2.497563e+01  3.014068e-02 
 2.497595e+01  3.014069e-02 
 2.497628e+01  3.014070e-02 
 2.497660e+01  3.014070e-02 
 2.497692e+01  3.014071e-02 
 2.497724e+01  3.014072e-02 
 2.497756e+01  3.014072e-02 
 2.497788e+01  3.014073e-02 
 2.497820e+01  3.014074e-02 
 2.497853e+01  3.014075e-02 
 2.497885e+01  3.014075e-02 
 2.497917e+01  3.014076e-02 
 2.497949e+01  3.014077e-02 
 2.497981e+01  3.014077e-02 
 2.498013e+01  3.014078e-02 
 2.498046e+01  3.014079e-02 
 2.498078e+01  3.014079e-02 
 2.498110e+01  3.014080e-02 
 2.498142e+01  3.014081e-02 
 2.498174e+01  3.014081e-02 
 2.498206e+01  3.014082e-02 
 2.498239e+01  3.014083e-02 
 2.498271e+01  3.014084e-02 
 2.498303e+01  3.014084e-02 
 2.498335e+01  3.014085e-02 
 2.498367e+01  3.014086e-02 
 2.498399e+01  3.014086e-02 
 2.498431e+01  3.014087e-02 
 2.498464e+01  3.014088e-02 
 2.498496e+01  3.014088e-02 
 2.498528e+01  3.014089e-02 
 2.498560e+01  3.014090e-02 
 2.498592e+01  3.014091e-02 
 2.498624e+01  3.014091e-02 
 2.498657e+01  3.014092e-02 
 2.498689e+01  3.014093e-02 
 2.498721e+01  3.014093e-02 
 2.498753e+01  3.014094e-02 
 2.498785e+01  3.014095e-02 
 2.498817e+01  3.014096e-02 
 2.498849e+01  3.014096e-02 
 2.498882e+01  3.014097e-02 
 2.498914e+01  3.014098e-02 
 2.498946e+01  3.014098e-02 
 2.498978e+01  3.014099e-02 
 2.499010e+01  3.014100e-02 
 2.499042e+01  3.014101e-02 
 2.499075e+01  3.014101e-02 
 2.499107e+01  3.014102e-02 
 2.499139e+01  3.014103e-02 
 2.499171e+01  3.014104e-02 
 2.499203e+01  3.014104e-02 
 2.499235e+01  3.014105e-02 
 2.499268e+01  3.014106e-02 
 2.499300e+01  3.014107e-02 
 2.499332e+01  3.014107e-02 
 2.499364e+01  3.014108e-02 
 2.499396e+01  3.014109e-02 
 2.499428e+01  3.014110e-02 
 2.499460e+01  3.014110e-02 
 2.499493e+01  3.014111e-02 
 2.499525e+01  3.014112e-02 
 2.499557e+01  3.014113e-02 
 2.499589e+01  3.014114e-02 
 2.499621e+01  3.014114e-02 
 2.499653e+01  3.014115e-02 
 2.499686e+01  3.014116e-02 
 2.499718e+01  3.014117e-02 
 2.499750e+01  3.014118e-02 
 2.499782e+01  3.014118e-02 
 2.499814e+01  3.014119e-02 
 2.499846e+01  3.014120e-02 
 2.499878e+01  3.014121e-02 
 2.499911e+01  3.014122e-02 
 2.499943e+01  3.014122e-02 
 2.499975e+01  3.014123e-02 
 2.500007e+01  3.014124e-02 
 2.500039e+01  3.014125e-02 
 2.500071e+01  3.014126e-02 
 2.500104e+01  3.014127e-02 
 2.500136e+01  3.014127e-02 
 2.500168e+01  3.014128e-02 
 2.500200e+01  3.014129e-02 
 2.500232e+01  3.014130e-02 
 2.500264e+01  3.014131e-02 
 2.500296e+01  3.014132e-02 
 2.500329e+01  3.014133e-02 
 2.500361e+01  3.014134e-02 
 2.500393e+01  3.014134e-02 
 2.500425e+01  3.014135e-02 
 2.500457e+01  3.014136e-02 
 2.500489e+01  3.014137e-02 
 2.500522e+01  3.014138e-02 
 2.500554e+01  3.014139e-02 
 2.500586e+01  3.014140e-02 
 2.500618e+01  3.014141e-02 
 2.500650e+01  3.014142e-02 
 2.500682e+01  3.014142e-02 
 2.500715e+01  3.014143e-02 
 2.500747e+01  3.014144e-02 
 2.500779e+01  3.014145e-02 
 2.500811e+01  3.014146e-02 
 2.500843e+01  3.014147e-02 
 2.500875e+01  3.014148e-02 
 2.500907e+01  3.014149e-02 
 2.500940e+01  3.014150e-02 
 2.500972e+01  3.014151e-02 
 2.501004e+01  3.014152e-02 
 2.501036e+01  3.014153e-02 
 2.501068e+01  3.014153e-02 
 2.501100e+01  3.014154e-02 
 2.501133e+01  3.014155e-02 
 2.501165e+01  3.014156e-02 
 2.501197e+01  3.014157e-02 
 2.501229e+01  3.014158e-02 
 2.501261e+01  3.014159e-02 
 2.501293e+01  3.014160e-02 
 2.501325e+01  3.014161e-02 
 2.501358e+01  3.014162e-02 
 2.501390e+01  3.014163e-02 
 2.501422e+01  3.014164e-02 
 2.501454e+01  3.014165e-02 
 2.501486e+01  3.014166e-02 
 2.501518e+01  3.014167e-02 
 2.501551e+01  3.014168e-02 
 2.501583e+01  3.014169e-02 
 2.501615e+01  3.014170e-02 
 2.501647e+01  3.014171e-02 
 2.501679e+01  3.014172e-02 
 2.501711e+01  3.014172e-02 
 2.501743e+01  3.014173e-02 
 2.501776e+01  3.014174e-02 
 2.501808e+01  3.014175e-02 
 2.501840e+01  3.014176e-02 
 2.501872e+01  3.014177e-02 
 2.501904e+01  3.014178e-02 
 2.501936e+01  3.014179e-02 
 2.501969e+01  3.014180e-02 
 2.502001e+01  3.014181e-02 
 2.502033e+01  3.014182e-02 
 2.502065e+01  3.014183e-02 
 2.502097e+01  3.014184e-02 
 2.502129e+01  3.014185e-02 
 2.502162e+01  3.014186e-02 
 2.502194e+01  3.014187e-02 
 2.502226e+01  3.014188e-02 
 2.502258e+01  3.014189e-02 
 2.502290e+01  3.014190e-02 
 2.502322e+01  3.014191e-02 
 2.502354e+01  3.014192e-02 
 2.502387e+01  3.014193e-02 
 2.502419e+01  3.014194e-02 
 2.502451e+01  3.014195e-02 
 2.502483e+01  3.014196e-02 
 2.502515e+01  3.014196e-02 
 2.502547e+01  3.014197e-02 
 2.502580e+01  3.014198e-02 
 2.502612e+01  3.014199e-02 
 2.502644e+01  3.014200e-02 
 2.502676e+01  3.014201e-02 
 2.502708e+01  3.014202e-02 
 2.502740e+01  3.014203e-02 
 2.502772e+01  3.014204e-02 
 2.502805e+01  3.014205e-02 
 2.502837e+01  3.014206e-02 
 2.502869e+01  3.014207e-02 
 2.502901e+01  3.014208e-02 
 2.502933e+01  3.014209e-02 
 2.502965e+01  3.014210e-02 
 2.502998e+01  3.014211e-02 
 2.503030e+01  3.014212e-02 
 2.503062e+01  3.014213e-02 
 2.503094e+01  3.014213e-02 
 2.503126e+01  3.014214e-02 
 2.503158e+01  3.014215e-02 
 2.503190e+01  3.014216e-02 
 2.503223e+01  3.014217e-02 
 2.503255e+01  3.014218e-02 
 2.503287e+01  3.014219e-02 
 2.503319e+01  3.014220e-02 
 2.503351e+01  3.014221e-02 
 2.503383e+01  3.014222e-02 
 2.503416e+01  3.014223e-02 
 2.503448e+01  3.014224e-02 
 2.503480e+01  3.014225e-02 
 2.503512e+01  3.014226e-02 
 2.503544e+01  3.014226e-02 
 2.503576e+01  3.014227e-02 
 2.503609e+01  3.014228e-02 
 2.503641e+01  3.014229e-02 
 2.503673e+01  3.014230e-02 
 2.503705e+01  3.014231e-02 
 2.503737e+01  3.014232e-02 
 2.503769e+01  3.014233e-02 
 2.503801e+01  3.014234e-02 
 2.503834e+01  3.014235e-02 
 2.503866e+01  3.014236e-02 
 2.503898e+01  3.014237e-02 
 2.503930e+01  3.014238e-02 
 2.503962e+01  3.014238e-02 
 2.503994e+01  3.014239e-02 
 2.504027e+01  3.014240e-02 
 2.504059e+01  3.014241e-02 
 2.504091e+01  3.014242e-02 
 2.504123e+01  3.014243e-02 
 2.504155e+01  3.014244e-02 
 2.504187e+01  3.014245e-02 
 2.504219e+01  3.014246e-02 
 2.504252e+01  3.014247e-02 
 2.504284e+01  3.014248e-02 
 2.504316e+01  3.014249e-02 
 2.504348e+01  3.014250e-02 
 2.504380e+01  3.014250e-02 
 2.504412e+01  3.014251e-02 
 2.504445e+01  3.014252e-02 
 2.504477e+01  3.014253e-02 
 2.504509e+01  3.014254e-02 
 2.504541e+01  3.014255e-02 
 2.504573e+01  3.014256e-02 
 2.504605e+01  3.014257e-02 
 2.504637e+01  3.014258e-02 
 2.504670e+01  3.014259e-02 
 2.504702e+01  3.014260e-02 
 2.504734e+01  3.014261e-02 
 2.504766e+01  3.014262e-02 
 2.504798e+01  3.014263e-02 
 2.504830e+01  3.014264e-02 
 2.504863e+01  3.014265e-02 
 2.504895e+01  3.014266e-02 
 2.504927e+01  3.014267e-02 
 2.504959e+01  3.014268e-02 
 2.504991e+01  3.014269e-02 
 2.505023e+01  3.014270e-02 
 2.505056e+01  3.014271e-02 
 2.505088e+01  3.014272e-02 
 2.505120e+01  3.014273e-02 
 2.505152e+01  3.014274e-02 
 2.505184e+01  3.014275e-02 
 2.505216e+01  3.014276e-02 
 2.505248e+01  3.014277e-02 
 2.505281e+01  3.014278e-02 
 2.505313e+01  3.014279e-02 
 2.505345e+01  3.014280e-02 
 2.505377e+01  3.014281e-02 
 2.505409e+01  3.014282e-02 
 2.505441e+01  3.014283e-02 
 2.505474e+01  3.014284e-02 
 2.505506e+01  3.014285e-02 
 2.505538e+01  3.014286e-02 
 2.505570e+01  3.014287e-02 
 2.505602e+01  3.014288e-02 
 2.505634e+01  3.014289e-02 
 2.505666e+01  3.014290e-02 
 2.505699e+01  3.014291e-02 
 2.505731e+01  3.014292e-02 
 2.505763e+01  3.014293e-02 
 2.505795e+01  3.014295e-02 
 2.505827e+01  3.014296e-02 
 2.505859e+01  3.014297e-02 
 2.505892e+01  3.014298e-02 
 2.505924e+01  3.014299e-02 
 2.505956e+01  3.014300e-02 
 2.505988e+01  3.014301e-02 
 2.506020e+01  3.014302e-02 
 2.506052e+01  3.014303e-02 
 2.506084e+01  3.014304e-02 
 2.506117e+01  3.014305e-02 
 2.506149e+01  3.014306e-02 
 2.506181e+01  3.014308e-02 
 2.506213e+01  3.014309e-02 
 2.506245e+01  3.014310e-02 
 2.506277e+01  3.014311e-02 
 2.506310e+01  3.014312e-02 
 2.506342e+01  3.014313e-02 
 2.506374e+01  3.014314e-02 
 2.506406e+01  3.014315e-02 
 2.506438e+01  3.014316e-02 
 2.506470e+01  3.014318e-02 
 2.506503e+01  3.014319e-02 
 2.506535e+01  3.014320e-02 
 2.506567e+01  3.014321e-02 
 2.506599e+01  3.014322e-02 
 2.506631e+01  3.014323e-02 
 2.506663e+01  3.014324e-02 
 2.506695e+01  3.014325e-02 
 2.506728e+01  3.014327e-02 
 2.506760e+01  3.014328e-02 
 2.506792e+01  3.014329e-02 
 2.506824e+01  3.014330e-02 
 2.506856e+01  3.014331e-02 
 2.506888e+01  3.014332e-02 
 2.506921e+01  3.014333e-02 
 2.506953e+01  3.014335e-02 
 2.506985e+01  3.014336e-02 
 2.507017e+01  3.014337e-02 
 2.507049e+01  3.014338e-02 
 2.507081e+01  3.014339e-02 
 2.507113e+01  3.014340e-02 
 2.507146e+01  3.014342e-02 
 2.507178e+01  3.014343e-02 
 2.507210e+01  3.014344e-02 
 2.507242e+01  3.014345e-02 
 2.507274e+01  3.014346e-02 
 2.507306e+01  3.014347e-02 
 2.507339e+01  3.014349e-02 
 2.507371e+01  3.014350e-02 
 2.507403e+01  3.014351e-02 
 2.507435e+01  3.014352e-02 
 2.507467e+01  3.014353e-02 
 2.507499e+01  3.014355e-02 
 2.507531e+01  3.014356e-02 
 2.507564e+01  3.014357e-02 
 2.507596e+01  3.014358e-02 
 2.507628e+01  3.014359e-02 
 2.507660e+01  3.014361e-02 
 2.507692e+01  3.014362e-02 
 2.507724e+01  3.014363e-02 
 2.507757e+01  3.014364e-02 
 2.507789e+01  3.014365e-02 
 2.507821e+01  3.014367e-02 
 2.507853e+01  3.014368e-02 
 2.507885e+01  3.014369e-02 
 2.507917e+01  3.014370e-02 
 2.507950e+01  3.014371e-02 
 2.507982e+01  3.014373e-02 
 2.508014e+01  3.014374e-02 
 2.508046e+01  3.014375e-02 
 2.508078e+01  3.014376e-02 
 2.508110e+01  3.014378e-02 
 2.508142e+01  3.014379e-02 
 2.508175e+01  3.014380e-02 
 2.508207e+01  3.014381e-02 
 2.508239e+01  3.014383e-02 
 2.508271e+01  3.014384e-02 
 2.508303e+01  3.014385e-02 
 2.508335e+01  3.014386e-02 
 2.508368e+01  3.014388e-02 
 2.508400e+01  3.014389e-02 
 2.508432e+01  3.014390e-02 
 2.508464e+01  3.014391e-02 
 2.508496e+01  3.014393e-02 
 2.508528e+01  3.014394e-02 
 2.508560e+01  3.014395e-02 
 2.508593e+01  3.014396e-02 
 2.508625e+01  3.014398e-02 
 2.508657e+01  3.014399e-02 
 2.508689e+01  3.014400e-02 
 2.508721e+01  3.014402e-02 
 2.508753e+01  3.014403e-02 
 2.508786e+01  3.014404e-02 
 2.508818e+01  3.014405e-02 
 2.508850e+01  3.014407e-02 
 2.508882e+01  3.014408e-02 
 2.508914e+01  3.014409e-02 
 2.508946e+01  3.014410e-02 
 2.508978e+01  3.014412e-02 
 2.509011e+01  3.014413e-02 
 2.509043e+01  3.014414e-02 
 2.509075e+01  3.014416e-02 
 2.509107e+01  3.014417e-02 
 2.509139e+01  3.014418e-02 
 2.509171e+01  3.014419e-02 
 2.509204e+01  3.014421e-02 
 2.509236e+01  3.014422e-02 
 2.509268e+01  3.014423e-02 
 2.509300e+01  3.014424e-02 
 2.509332e+01  3.014426e-02 
 2.509364e+01  3.014427e-02 
 2.509397e+01  3.014428e-02 
 2.509429e+01  3.014429e-02 
 2.509461e+01  3.014431e-02 
 2.509493e+01  3.014432e-02 
 2.509525e+01  3.014433e-02 
 2.509557e+01  3.014434e-02 
 2.509589e+01  3.014436e-02 
 2.509622e+01  3.014437e-02 
 2.509654e+01  3.014438e-02 
 2.509686e+01  3.014439e-02 
 2.509718e+01  3.014441e-02 
 2.509750e+01  3.014442e-02 
 2.509782e+01  3.014443e-02 
 2.509815e+01  3.014444e-02 
 2.509847e+01  3.014446e-02 
 2.509879e+01  3.014447e-02 
 2.509911e+01  3.014448e-02 
 2.509943e+01  3.014449e-02 
 2.509975e+01  3.014450e-02 
 2.510007e+01  3.014452e-02 
 2.510040e+01  3.014453e-02 
 2.510072e+01  3.014454e-02 
 2.510104e+01  3.014455e-02 
 2.510136e+01  3.014456e-02 
 2.510168e+01  3.014457e-02 
 2.510200e+01  3.014459e-02 
 2.510233e+01  3.014460e-02 
 2.510265e+01  3.014461e-02 
 2.510297e+01  3.014462e-02 
 2.510329e+01  3.014463e-02 
 2.510361e+01  3.014464e-02 
 2.510393e+01  3.014466e-02 
 2.510425e+01  3.014467e-02 
 2.510458e+01  3.014468e-02 
 2.510490e+01  3.014469e-02 
 2.510522e+01  3.014470e-02 
 2.510554e+01  3.014471e-02 
 2.510586e+01  3.014472e-02 
 2.510618e+01  3.014473e-02 
 2.510651e+01  3.014474e-02 
 2.510683e+01  3.014475e-02 
 2.510715e+01  3.014476e-02 
 2.510747e+01  3.014478e-02 
 2.510779e+01  3.014479e-02 
 2.510811e+01  3.014480e-02 
 2.510844e+01  3.014481e-02 
 2.510876e+01  3.014482e-02 
 2.510908e+01  3.014483e-02 
 2.510940e+01  3.014484e-02 
 2.510972e+01  3.014485e-02 
 2.511004e+01  3.014486e-02 
 2.511036e+01  3.014487e-02 
 2.511069e+01  3.014488e-02 
 2.511101e+01  3.014489e-02 
 2.511133e+01  3.014490e-02 
 2.511165e+01  3.014491e-02 
 2.511197e+01  3.014492e-02 
 2.511229e+01  3.014493e-02 
 2.511262e+01  3.014494e-02 
 2.511294e+01  3.014495e-02 
 2.511326e+01  3.014495e-02 
 2.511358e+01  3.014496e-02 
 2.511390e+01  3.014497e-02 
 2.511422e+01  3.014498e-02 
 2.511454e+01  3.014499e-02 
 2.511487e+01  3.014500e-02 
 2.511519e+01  3.014501e-02 
 2.511551e+01  3.014502e-02 
 2.511583e+01  3.014503e-02 
 2.511615e+01  3.014504e-02 
 2.511647e+01  3.014504e-02 
 2.511680e+01  3.014505e-02 
 2.511712e+01  3.014506e-02 
 2.511744e+01  3.014507e-02 
 2.511776e+01  3.014508e-02 
 2.511808e+01  3.014509e-02 
 2.511840e+01  3.014510e-02 
 2.511873e+01  3.014510e-02 
 2.511905e+01  3.014511e-02 
 2.511937e+01  3.014512e-02 
 2.511969e+01  3.014513e-02 
 2.512001e+01  3.014514e-02 
 2.512033e+01  3.014514e-02 
 2.512065e+01  3.014515e-02 
 2.512098e+01  3.014516e-02 
 2.512130e+01  3.014517e-02 
 2.512162e+01  3.014518e-02 
 2.512194e+01  3.014518e-02 
 2.512226e+01  3.014519e-02 
 2.512258e+01  3.014520e-02 
 2.512291e+01  3.014521e-02 
 2.512323e+01  3.014521e-02 
 2.512355e+01  3.014522e-02 
 2.512387e+01  3.014523e-02 
 2.512419e+01  3.014524e-02 
 2.512451e+01  3.014524e-02 
 2.512483e+01  3.014525e-02 
 2.512516e+01  3.014526e-02 
 2.512548e+01  3.014527e-02 
 2.512580e+01  3.014527e-02 
 2.512612e+01  3.014528e-02 
 2.512644e+01  3.014529e-02 
 2.512676e+01  3.014530e-02 
 2.512709e+01  3.014530e-02 
 2.512741e+01  3.014531e-02 
 2.512773e+01  3.014532e-02 
 2.512805e+01  3.014533e-02 
 2.512837e+01  3.014533e-02 
 2.512869e+01  3.014534e-02 
 2.512901e+01  3.014535e-02 
 2.512934e+01  3.014536e-02 
 2.512966e+01  3.014536e-02 
 2.512998e+01  3.014537e-02 
 2.513030e+01  3.014538e-02 
 2.513062e+01  3.014538e-02 
 2.513094e+01  3.014539e-02 
 2.513127e+01  3.014540e-02 
 2.513159e+01  3.014541e-02 
 2.513191e+01  3.014541e-02 
 2.513223e+01  3.014542e-02 
 2.513255e+01  3.014543e-02 
 2.513287e+01  3.014543e-02 
 2.513320e+01  3.014544e-02 
 2.513352e+01  3.014545e-02 
 2.513384e+01  3.014546e-02 
 2.513416e+01  3.014546e-02 
 2.513448e+01  3.014547e-02 
 2.513480e+01  3.014548e-02 
 2.513512e+01  3.014549e-02 
 2.513545e+01  3.014549e-02 
 2.513577e+01  3.014550e-02 
 2.513609e+01  3.014551e-02 
 2.513641e+01  3.014552e-02 
 2.513673e+01  3.014552e-02 
 2.513705e+01  3.014553e-02 
 2.513738e+01  3.014554e-02 
 2.513770e+01  3.014555e-02 
 2.513802e+01  3.014555e-02 
 2.513834e+01  3.014556e-02 
 2.513866e+01  3.014557e-02 
 2.513898e+01  3.014557e-02 
 2.513930e+01  3.014558e-02 
 2.513963e+01  3.014559e-02 
 2.513995e+01  3.014560e-02 
 2.514027e+01  3.014560e-02 
 2.514059e+01  3.014561e-02 
 2.514091e+01  3.014562e-02 
 2.514123e+01  3.014563e-02 
 2.514156e+01  3.014564e-02 
 2.514188e+01  3.014564e-02 
 2.514220e+01  3.014565e-02 
 2.514252e+01  3.014566e-02 
 2.514284e+01  3.014567e-02 
 2.514316e+01  3.014567e-02 
 2.514348e+01  3.014568e-02 
 2.514381e+01  3.014569e-02 
 2.514413e+01  3.014570e-02 
 2.514445e+01  3.014570e-02 
 2.514477e+01  3.014571e-02 
 2.514509e+01  3.014572e-02 
 2.514541e+01  3.014573e-02 
 2.514574e+01  3.014573e-02 
 2.514606e+01  3.014574e-02 
 2.514638e+01  3.014575e-02 
 2.514670e+01  3.014576e-02 
 2.514702e+01  3.014576e-02 
 2.514734e+01  3.014577e-02 
 2.514767e+01  3.014578e-02 
 2.514799e+01  3.014579e-02 
 2.514831e+01  3.014580e-02 
 2.514863e+01  3.014580e-02 
 2.514895e+01  3.014581e-02 
 2.514927e+01  3.014582e-02 
 2.514959e+01  3.014583e-02 
 2.514992e+01  3.014583e-02 
 2.515024e+01  3.014584e-02 
 2.515056e+01  3.014585e-02 
 2.515088e+01  3.014586e-02 
 2.515120e+01  3.014586e-02 
 2.515152e+01  3.014587e-02 
 2.515185e+01  3.014588e-02 
 2.515217e+01  3.014589e-02 
 2.515249e+01  3.014589e-02 
 2.515281e+01  3.014590e-02 
 2.515313e+01  3.014591e-02 
 2.515345e+01  3.014592e-02 
 2.515377e+01  3.014592e-02 
 2.515410e+01  3.014593e-02 
 2.515442e+01  3.014594e-02 
 2.515474e+01  3.014595e-02 
 2.515506e+01  3.014595e-02 
 2.515538e+01  3.014596e-02 
 2.515570e+01  3.014597e-02 
 2.515603e+01  3.014598e-02 
 2.515635e+01  3.014598e-02 
 2.515667e+01  3.014599e-02 
 2.515699e+01  3.014600e-02 
 2.515731e+01  3.014601e-02 
 2.515763e+01  3.014601e-02 
 2.515795e+01  3.014602e-02 
 2.515828e+01  3.014603e-02 
 2.515860e+01  3.014604e-02 
 2.515892e+01  3.014604e-02 
 2.515924e+01  3.014605e-02 
 2.515956e+01  3.014606e-02 
 2.515988e+01  3.014607e-02 
 2.516021e+01  3.014607e-02 
 2.516053e+01  3.014608e-02 
 2.516085e+01  3.014609e-02 
 2.516117e+01  3.014610e-02 
 2.516149e+01  3.014610e-02 
 2.516181e+01  3.014611e-02 
 2.516214e+01  3.014612e-02 
 2.516246e+01  3.014612e-02 
 2.516278e+01  3.014613e-02 
 2.516310e+01  3.014614e-02 
 2.516342e+01  3.014615e-02 
 2.516374e+01  3.014615e-02 
 2.516406e+01  3.014616e-02 
 2.516439e+01  3.014617e-02 
 2.516471e+01  3.014617e-02 
 2.516503e+01  3.014618e-02 
 2.516535e+01  3.014619e-02 
 2.516567e+01  3.014620e-02 
 2.516599e+01  3.014620e-02 
 2.516632e+01  3.014621e-02 
 2.516664e+01  3.014622e-02 
 2.516696e+01  3.014622e-02 
 2.516728e+01  3.014623e-02 
 2.516760e+01  3.014624e-02 
 2.516792e+01  3.014624e-02 
 2.516824e+01  3.014625e-02 
 2.516857e+01  3.014626e-02 
 2.516889e+01  3.014626e-02 
 2.516921e+01  3.014627e-02 
 2.516953e+01  3.014628e-02 
 2.516985e+01  3.014629e-02 
 2.517017e+01  3.014629e-02 
 2.517050e+01  3.014630e-02 
 2.517082e+01  3.014631e-02 
 2.517114e+01  3.014631e-02 
 2.517146e+01  3.014632e-02 
 2.517178e+01  3.014633e-02 
 2.517210e+01  3.014633e-02 
 2.517242e+01  3.014634e-02 
 2.517275e+01  3.014635e-02 
 2.517307e+01  3.014635e-02 
 2.517339e+01  3.014636e-02 
 2.517371e+01  3.014637e-02 
 2.517403e+01  3.014637e-02 
 2.517435e+01  3.014638e-02 
 2.517468e+01  3.014639e-02 
 2.517500e+01  3.014639e-02 
 2.517532e+01  3.014640e-02 
 2.517564e+01  3.014641e-02 
 2.517596e+01  3.014641e-02 
 2.517628e+01  3.014642e-02 
 2.517661e+01  3.014643e-02 
 2.517693e+01  3.014644e-02 
 2.517725e+01  3.014644e-02 
 2.517757e+01  3.014645e-02 
 2.517789e+01  3.014646e-02 
 2.517821e+01  3.014646e-02 
 2.517853e+01  3.014647e-02 
 2.517886e+01  3.014648e-02 
 2.517918e+01  3.014648e-02 
 2.517950e+01  3.014649e-02 
 2.517982e+01  3.014650e-02 
 2.518014e+01  3.014650e-02 
 2.518046e+01  3.014651e-02 
 2.518079e+01  3.014652e-02 
 2.518111e+01  3.014652e-02 
 2.518143e+01  3.014653e-02 
 2.518175e+01  3.014654e-02 
 2.518207e+01  3.014654e-02 
 2.518239e+01  3.014655e-02 
 2.518271e+01  3.014656e-02 
 2.518304e+01  3.014656e-02 
 2.518336e+01  3.014657e-02 
 2.518368e+01  3.014658e-02 
 2.518400e+01  3.014658e-02 
 2.518432e+01  3.014659e-02 
 2.518464e+01  3.014660e-02 
 2.518497e+01  3.014660e-02 
 2.518529e+01  3.014661e-02 
 2.518561e+01  3.014662e-02 
 2.518593e+01  3.014662e-02 
 2.518625e+01  3.014663e-02 
 2.518657e+01  3.014664e-02 
 2.518689e+01  3.014664e-02 
 2.518722e+01  3.014665e-02 
 2.518754e+01  3.014666e-02 
 2.518786e+01  3.014666e-02 
 2.518818e+01  3.014667e-02 
 2.518850e+01  3.014668e-02 
 2.518882e+01  3.014668e-02 
 2.518915e+01  3.014669e-02 
 2.518947e+01  3.014670e-02 
 2.518979e+01  3.014670e-02 
 2.519011e+01  3.014671e-02 
 2.519043e+01  3.014672e-02 
 2.519075e+01  3.014672e-02 
 2.519108e+01  3.014673e-02 
 2.519140e+01  3.014674e-02 
 2.519172e+01  3.014674e-02 
 2.519204e+01  3.014675e-02 
 2.519236e+01  3.014676e-02 
 2.519268e+01  3.014676e-02 
 2.519300e+01  3.014677e-02 
 2.519333e+01  3.014677e-02 
 2.519365e+01  3.014678e-02 
 2.519397e+01  3.014679e-02 
 2.519429e+01  3.014679e-02 
 2.519461e+01  3.014680e-02 
 2.519493e+01  3.014681e-02 
 2.519526e+01  3.014681e-02 
 2.519558e+01  3.014682e-02 
 2.519590e+01  3.014683e-02 
 2.519622e+01  3.014683e-02 
 2.519654e+01  3.014684e-02 
 2.519686e+01  3.014684e-02 
 2.519718e+01  3.014685e-02 
 2.519751e+01  3.014686e-02 
 2.519783e+01  3.014686e-02 
 2.519815e+01  3.014687e-02 
 2.519847e+01  3.014688e-02 
 2.519879e+01  3.014688e-02 
 2.519911e+01  3.014689e-02 
 2.519944e+01  3.014689e-02 
 2.519976e+01  3.014690e-02 
 2.520008e+01  3.014691e-02 
 2.520040e+01  3.014691e-02 
 2.520072e+01  3.014692e-02 
 2.520104e+01  3.014692e-02 
 2.520136e+01  3.014693e-02 
 2.520169e+01  3.014694e-02 
 2.520201e+01  3.014694e-02 
 2.520233e+01  3.014695e-02 
 2.520265e+01  3.014696e-02 
 2.520297e+01  3.014696e-02 
 2.520329e+01  3.014697e-02 
 2.520362e+01  3.014697e-02 
 2.520394e+01  3.014698e-02 
 2.520426e+01  3.014699e-02 
 2.520458e+01  3.014699e-02 
 2.520490e+01  3.014700e-02 
 2.520522e+01  3.014700e-02 
 2.520555e+01  3.014701e-02 
 2.520587e+01  3.014702e-02 
 2.520619e+01  3.014702e-02 
 2.520651e+01  3.014703e-02 
 2.520683e+01  3.014703e-02 
 2.520715e+01  3.014704e-02 
 2.520747e+01  3.014705e-02 
 2.520780e+01  3.014705e-02 
 2.520812e+01  3.014706e-02 
 2.520844e+01  3.014707e-02 
 2.520876e+01  3.014707e-02 
 2.520908e+01  3.014708e-02 
 2.520940e+01  3.014708e-02 
 2.520973e+01  3.014709e-02 
 2.521005e+01  3.014710e-02 
 2.521037e+01  3.014710e-02 
 2.521069e+01  3.014711e-02 
 2.521101e+01  3.014712e-02 
 2.521133e+01  3.014712e-02 
 2.521165e+01  3.014713e-02 
 2.521198e+01  3.014713e-02 
 2.521230e+01  3.014714e-02 
 2.521262e+01  3.014715e-02 
 2.521294e+01  3.014715e-02 
 2.521326e+01  3.014716e-02 
 2.521358e+01  3.014717e-02 
 2.521391e+01  3.014717e-02 
 2.521423e+01  3.014718e-02 
 2.521455e+01  3.014719e-02 
 2.521487e+01  3.014719e-02 
 2.521519e+01  3.014720e-02 
 2.521551e+01  3.014721e-02 
 2.521583e+01  3.014722e-02 
 2.521616e+01  3.014722e-02 
 2.521648e+01  3.014723e-02 
 2.521680e+01  3.014724e-02 
 2.521712e+01  3.014724e-02 
 2.521744e+01  3.014725e-02 
 2.521776e+01  3.014726e-02 
 2.521809e+01  3.014726e-02 
 2.521841e+01  3.014727e-02 
 2.521873e+01  3.014728e-02 
 2.521905e+01  3.014729e-02 
 2.521937e+01  3.014729e-02 
 2.521969e+01  3.014730e-02 
 2.522002e+01  3.014731e-02 
 2.522034e+01  3.014732e-02 
 2.522066e+01  3.014732e-02 
 2.522098e+01  3.014733e-02 
 2.522130e+01  3.014734e-02 
 2.522162e+01  3.014735e-02 
 2.522194e+01  3.014736e-02 
 2.522227e+01  3.014736e-02 
 2.522259e+01  3.014737e-02 
 2.522291e+01  3.014738e-02 
 2.522323e+01  3.014739e-02 
 2.522355e+01  3.014740e-02 
 2.522387e+01  3.014740e-02 
 2.522420e+01  3.014741e-02 
 2.522452e+01  3.014742e-02 
 2.522484e+01  3.014743e-02 
 2.522516e+01  3.014744e-02 
 2.522548e+01  3.014745e-02 
 2.522580e+01  3.014745e-02 
 2.522612e+01  3.014746e-02 
 2.522645e+01  3.014747e-02 
 2.522677e+01  3.014748e-02 
 2.522709e+01  3.014749e-02 
 2.522741e+01  3.014750e-02 
 2.522773e+01  3.014751e-02 
 2.522805e+01  3.014752e-02 
 2.522838e+01  3.014753e-02 
 2.522870e+01  3.014753e-02 
 2.522902e+01  3.014754e-02 
 2.522934e+01  3.014755e-02 
 2.522966e+01  3.014756e-02 
 2.522998e+01  3.014757e-02 
 2.523031e+01  3.014758e-02 
 2.523063e+01  3.014759e-02 
 2.523095e+01  3.014760e-02 
 2.523127e+01  3.014761e-02 
 2.523159e+01  3.014762e-02 
 2.523191e+01  3.014763e-02 
 2.523223e+01  3.014764e-02 
 2.523256e+01  3.014765e-02 
 2.523288e+01  3.014766e-02 
 2.523320e+01  3.014767e-02 
 2.523352e+01  3.014768e-02 
 2.523384e+01  3.014769e-02 
 2.523416e+01  3.014770e-02 
 2.523449e+01  3.014771e-02 
 2.523481e+01  3.014772e-02 
 2.523513e+01  3.014773e-02 
 2.523545e+01  3.014774e-02 
 2.523577e+01  3.014775e-02 
 2.523609e+01  3.014776e-02 
 2.523641e+01  3.014777e-02 
 2.523674e+01  3.014778e-02 
 2.523706e+01  3.014779e-02 
 2.523738e+01  3.014780e-02 
 2.523770e+01  3.014781e-02 
 2.523802e+01  3.014782e-02 
 2.523834e+01  3.014783e-02 
 2.523867e+01  3.014784e-02 
 2.523899e+01  3.014785e-02 
 2.523931e+01  3.014786e-02 
 2.523963e+01  3.014787e-02 
 2.523995e+01  3.014788e-02 
 2.524027e+01  3.014789e-02 
 2.524059e+01  3.014790e-02 
 2.524092e+01  3.014791e-02 
 2.524124e+01  3.014792e-02 
 2.524156e+01  3.014793e-02 
 2.524188e+01  3.014794e-02 
 2.524220e+01  3.014795e-02 
 2.524252e+01  3.014796e-02 
 2.524285e+01  3.014798e-02 
 2.524317e+01  3.014799e-02 
 2.524349e+01  3.014800e-02 
 2.524381e+01  3.014801e-02 
 2.524413e+01  3.014802e-02 
 2.524445e+01  3.014803e-02 
 2.524478e+01  3.014804e-02 
 2.524510e+01  3.014805e-02 
 2.524542e+01  3.014806e-02 
 2.524574e+01  3.014807e-02 
 2.524606e+01  3.014808e-02 
 2.524638e+01  3.014809e-02 
 2.524670e+01  3.014810e-02 
 2.524703e+01  3.014811e-02 
 2.524735e+01  3.014812e-02 
 2.524767e+01  3.014813e-02 
 2.524799e+01  3.014814e-02 
 2.524831e+01  3.014815e-02 
 2.524863e+01  3.014816e-02 
 2.524896e+01  3.014817e-02 
 2.524928e+01  3.014818e-02 
 2.524960e+01  3.014820e-02 
 2.524992e+01  3.014821e-02 
 2.525024e+01  3.014822e-02 
 2.525056e+01  3.014823e-02 
 2.525088e+01  3.014824e-02 
 2.525121e+01  3.014825e-02 
 2.525153e+01  3.014826e-02 
 2.525185e+01  3.014827e-02 
 2.525217e+01  3.014828e-02 
 2.525249e+01  3.014829e-02 
 2.525281e+01  3.014830e-02 
 2.525314e+01  3.014831e-02 
 2.525346e+01  3.014832e-02 
 2.525378e+01  3.014833e-02 
 2.525410e+01  3.014834e-02 
 2.525442e+01  3.014835e-02 
 2.525474e+01  3.014836e-02 
 2.525506e+01  3.014837e-02 
 2.525539e+01  3.014838e-02 
 2.525571e+01  3.014839e-02 
 2.525603e+01  3.014840e-02 
 2.525635e+01  3.014841e-02 
 2.525667e+01  3.014842e-02 
 2.525699e+01  3.014843e-02 
 2.525732e+01  3.014844e-02 
 2.525764e+01  3.014845e-02 
 2.525796e+01  3.014846e-02 
 2.525828e+01  3.014847e-02 
 2.525860e+01  3.014849e-02 
 2.525892e+01  3.014850e-02 
 2.525925e+01  3.014851e-02 
 2.525957e+01  3.014852e-02 
 2.525989e+01  3.014853e-02 
 2.526021e+01  3.014854e-02 
 2.526053e+01  3.014855e-02 
 2.526085e+01  3.014856e-02 
 2.526117e+01  3.014857e-02 
 2.526150e+01  3.014858e-02 
 2.526182e+01  3.014859e-02 
 2.526214e+01  3.014860e-02 
 2.526246e+01  3.014861e-02 
 2.526278e+01  3.014862e-02 
 2.526310e+01  3.014863e-02 
 2.526343e+01  3.014864e-02 
 2.526375e+01  3.014865e-02 
 2.526407e+01  3.014866e-02 
 2.526439e+01  3.014867e-02 
 2.526471e+01  3.014868e-02 
 2.526503e+01  3.014870e-02 
 2.526535e+01  3.014871e-02 
 2.526568e+01  3.014872e-02 
 2.526600e+01  3.014873e-02 
 2.526632e+01  3.014874e-02 
 2.526664e+01  3.014875e-02 
 2.526696e+01  3.014876e-02 
 2.526728e+01  3.014877e-02 
 2.526761e+01  3.014878e-02 
 2.526793e+01  3.014879e-02 
 2.526825e+01  3.014880e-02 
 2.526857e+01  3.014882e-02 
 2.526889e+01  3.014883e-02 
 2.526921e+01  3.014884e-02 
 2.526953e+01  3.014885e-02 
 2.526986e+01  3.014886e-02 
 2.527018e+01  3.014887e-02 
 2.527050e+01  3.014888e-02 
 2.527082e+01  3.014889e-02 
 2.527114e+01  3.014890e-02 
 2.527146e+01  3.014892e-02 
 2.527179e+01  3.014893e-02 
 2.527211e+01  3.014894e-02 
 2.527243e+01  3.014895e-02 
 2.527275e+01  3.014896e-02 
 2.527307e+01  3.014897e-02 
 2.527339e+01  3.014898e-02 
 2.527372e+01  3.014900e-02 
 2.527404e+01  3.014901e-02 
 2.527436e+01  3.014902e-02 
 2.527468e+01  3.014903e-02 
 2.527500e+01  3.014904e-02 
 2.527532e+01  3.014905e-02 
 2.527564e+01  3.014907e-02 
 2.527597e+01  3.014908e-02 
 2.527629e+01  3.014909e-02 
 2.527661e+01  3.014910e-02 
 2.527693e+01  3.014911e-02 
 2.527725e+01  3.014913e-02 
 2.527757e+01  3.014914e-02 
 2.527790e+01  3.014915e-02 
 2.527822e+01  3.014916e-02 
 2.527854e+01  3.014918e-02 
 2.527886e+01  3.014919e-02 
 2.527918e+01  3.014920e-02 
 2.527950e+01  3.014921e-02 
 2.527982e+01  3.014922e-02 
 2.528015e+01  3.014924e-02 
 2.528047e+01  3.014925e-02 
 2.528079e+01  3.014926e-02 
 2.528111e+01  3.014927e-02 
 2.528143e+01  3.014929e-02 
 2.528175e+01  3.014930e-02 
 2.528208e+01  3.014931e-02 
 2.528240e+01  3.014932e-02 
 2.528272e+01  3.014934e-02 
 2.528304e+01  3.014935e-02 
 2.528336e+01  3.014936e-02 
 2.528368e+01  3.014937e-02 
 2.528400e+01  3.014939e-02 
 2.528433e+01  3.014940e-02 
 2.528465e+01  3.014941e-02 
 2.528497e+01  3.014942e-02 
 2.528529e+01  3.014944e-02 
 2.528561e+01  3.014945e-02 
 2.528593e+01  3.014946e-02 
 2.528626e+01  3.014947e-02 
 2.528658e+01  3.014949e-02 
 2.528690e+01  3.014950e-02 
 2.528722e+01  3.014951e-02 
 2.528754e+01  3.014952e-02 
 2.528786e+01  3.014954e-02 
 2.528819e+01  3.014955e-02 
 2.528851e+01  3.014956e-02 
 2.528883e+01  3.014957e-02 
 2.528915e+01  3.014958e-02 
 2.528947e+01  3.014960e-02 
 2.528979e+01  3.014961e-02 
 2.529011e+01  3.014962e-02 
 2.529044e+01  3.014963e-02 
 2.529076e+01  3.014965e-02 
 2.529108e+01  3.014966e-02 
 2.529140e+01  3.014967e-02 
 2.529172e+01  3.014968e-02 
 2.529204e+01  3.014969e-02 
 2.529237e+01  3.014971e-02 
 2.529269e+01  3.014972e-02 
 2.529301e+01  3.014973e-02 
 2.529333e+01  3.014974e-02 
 2.529365e+01  3.014975e-02 
 2.529397e+01  3.014977e-02 
 2.529429e+01  3.014978e-02 
 2.529462e+01  3.014979e-02 
 2.529494e+01  3.014980e-02 
 2.529526e+01  3.014981e-02 
 2.529558e+01  3.014982e-02 
 2.529590e+01  3.014983e-02 
 2.529622e+01  3.014985e-02 
 2.529655e+01  3.014986e-02 
 2.529687e+01  3.014987e-02 
 2.529719e+01  3.014988e-02 
 2.529751e+01  3.014989e-02 
 2.529783e+01  3.014990e-02 
 2.529815e+01  3.014991e-02 
 2.529847e+01  3.014992e-02 
 2.529880e+01  3.014993e-02 
 2.529912e+01  3.014994e-02 
 2.529944e+01  3.014996e-02 
 2.529976e+01  3.014997e-02 
 2.530008e+01  3.014998e-02 
 2.530040e+01  3.014999e-02 
 2.530073e+01  3.015000e-02 
 2.530105e+01  3.015001e-02 
 2.530137e+01  3.015002e-02 
 2.530169e+01  3.015003e-02 
 2.530201e+01  3.015004e-02 
 2.530233e+01  3.015005e-02 
 2.530266e+01  3.015006e-02 
 2.530298e+01  3.015007e-02 
 2.530330e+01  3.015008e-02 
 2.530362e+01  3.015009e-02 
 2.530394e+01  3.015010e-02 
 2.530426e+01  3.015011e-02 
 2.530458e+01  3.015012e-02 
 2.530491e+01  3.015013e-02 
 2.530523e+01  3.015014e-02 
 2.530555e+01  3.015015e-02 
 2.530587e+01  3.015016e-02 
 2.530619e+01  3.015016e-02 
 2.530651e+01  3.015017e-02 
 2.530684e+01  3.015018e-02 
 2.530716e+01  3.015019e-02 
 2.530748e+01  3.015020e-02 
 2.530780e+01  3.015021e-02 
 2.530812e+01  3.015022e-02 
 2.530844e+01  3.015023e-02 
 2.530876e+01  3.015024e-02 
 2.530909e+01  3.015025e-02 
 2.530941e+01  3.015025e-02 
 2.530973e+01  3.015026e-02 
 2.531005e+01  3.015027e-02 
 2.531037e+01  3.015028e-02 
 2.531069e+01  3.015029e-02 
 2.531102e+01  3.015030e-02 
 2.531134e+01  3.015031e-02 
 2.531166e+01  3.015031e-02 
 2.531198e+01  3.015032e-02 
 2.531230e+01  3.015033e-02 
 2.531262e+01  3.015034e-02 
 2.531294e+01  3.015035e-02 
 2.531327e+01  3.015036e-02 
 2.531359e+01  3.015036e-02 
 2.531391e+01  3.015037e-02 
 2.531423e+01  3.015038e-02 
 2.531455e+01  3.015039e-02 
 2.531487e+01  3.015040e-02 
 2.531520e+01  3.015040e-02 
 2.531552e+01  3.015041e-02 
 2.531584e+01  3.015042e-02 
 2.531616e+01  3.015043e-02 
 2.531648e+01  3.015044e-02 
 2.531680e+01  3.015044e-02 
 2.531713e+01  3.015045e-02 
 2.531745e+01  3.015046e-02 
 2.531777e+01  3.015047e-02 
 2.531809e+01  3.015047e-02 
 2.531841e+01  3.015048e-02 
 2.531873e+01  3.015049e-02 
 2.531905e+01  3.015050e-02 
 2.531938e+01  3.015050e-02 
 2.531970e+01  3.015051e-02 
 2.532002e+01  3.015052e-02 
 2.532034e+01  3.015053e-02 
 2.532066e+01  3.015053e-02 
 2.532098e+01  3.015054e-02 
 2.532131e+01  3.015055e-02 
 2.532163e+01  3.015055e-02 
 2.532195e+01  3.015056e-02 
 2.532227e+01  3.015057e-02 
 2.532259e+01  3.015058e-02 
 2.532291e+01  3.015058e-02 
 2.532323e+01  3.015059e-02 
 2.532356e+01  3.015060e-02 
 2.532388e+01  3.015060e-02 
 2.532420e+01  3.015061e-02 
 2.532452e+01  3.015062e-02 
 2.532484e+01  3.015063e-02 
 2.532516e+01  3.015063e-02 
 2.532549e+01  3.015064e-02 
 2.532581e+01  3.015065e-02 
 2.532613e+01  3.015065e-02 
 2.532645e+01  3.015066e-02 
 2.532677e+01  3.015067e-02 
 2.532709e+01  3.015067e-02 
 2.532741e+01  3.015068e-02 
 2.532774e+01  3.015069e-02 
 2.532806e+01  3.015069e-02 
 2.532838e+01  3.015070e-02 
 2.532870e+01  3.015071e-02 
 2.532902e+01  3.015071e-02 
 2.532934e+01  3.015072e-02 
 2.532967e+01  3.015073e-02 
 2.532999e+01  3.015073e-02 
 2.533031e+01  3.015074e-02 
 2.533063e+01  3.015075e-02 
 2.533095e+01  3.015075e-02 
 2.533127e+01  3.015076e-02 
 2.533160e+01  3.015076e-02 
 2.533192e+01  3.015077e-02 
 2.533224e+01  3.015078e-02 
 2.533256e+01  3.015078e-02 
 2.533288e+01  3.015079e-02 
 2.533320e+01  3.015080e-02 
 2.533352e+01  3.015080e-02 
 2.533385e+01  3.015081e-02 
 2.533417e+01  3.015082e-02 
 2.533449e+01  3.015082e-02 
 2.533481e+01  3.015083e-02 
 2.533513e+01  3.015083e-02 
 2.533545e+01  3.015084e-02 
 2.533578e+01  3.015085e-02 
 2.533610e+01  3.015085e-02 
 2.533642e+01  3.015086e-02 
 2.533674e+01  3.015087e-02 
 2.533706e+01  3.015087e-02 
 2.533738e+01  3.015088e-02 
 2.533770e+01  3.015088e-02 
 2.533803e+01  3.015089e-02 
 2.533835e+01  3.015090e-02 
 2.533867e+01  3.015090e-02 
 2.533899e+01  3.015091e-02 
 2.533931e+01  3.015092e-02 
 2.533963e+01  3.015092e-02 
 2.533996e+01  3.015093e-02 
 2.534028e+01  3.015094e-02 
 2.534060e+01  3.015094e-02 
 2.534092e+01  3.015095e-02 
 2.534124e+01  3.015095e-02 
 2.534156e+01  3.015096e-02 
 2.534189e+01  3.015097e-02 
 2.534221e+01  3.015097e-02 
 2.534253e+01  3.015098e-02 
 2.534285e+01  3.015099e-02 
 2.534317e+01  3.015099e-02 
 2.534349e+01  3.015100e-02 
 2.534381e+01  3.015101e-02 
 2.534414e+01  3.015101e-02 
 2.534446e+01  3.015102e-02 
 2.534478e+01  3.015103e-02 
 2.534510e+01  3.015103e-02 
 2.534542e+01  3.015104e-02 
 2.534574e+01  3.015105e-02 
 2.534607e+01  3.015105e-02 
 2.534639e+01  3.015106e-02 
 2.534671e+01  3.015107e-02 
 2.534703e+01  3.015107e-02 
 2.534735e+01  3.015108e-02 
 2.534767e+01  3.015109e-02 
 2.534799e+01  3.015109e-02 
 2.534832e+01  3.015110e-02 
 2.534864e+01  3.015111e-02 
 2.534896e+01  3.015111e-02 
 2.534928e+01  3.015112e-02 
 2.534960e+01  3.015113e-02 
 2.534992e+01  3.015113e-02 
 2.535025e+01  3.015114e-02 
 2.535057e+01  3.015115e-02 
 2.535089e+01  3.015116e-02 
 2.535121e+01  3.015116e-02 
 2.535153e+01  3.015117e-02 
 2.535185e+01  3.015118e-02 
 2.535217e+01  3.015119e-02 
 2.535250e+01  3.015119e-02 
 2.535282e+01  3.015120e-02 
 2.535314e+01  3.015121e-02 
 2.535346e+01  3.015122e-02 
 2.535378e+01  3.015122e-02 
 2.535410e+01  3.015123e-02 
 2.535443e+01  3.015124e-02 
 2.535475e+01  3.015125e-02 
 2.535507e+01  3.015125e-02 
 2.535539e+01  3.015126e-02 
 2.535571e+01  3.015127e-02 
 2.535603e+01  3.015128e-02 
 2.535636e+01  3.015128e-02 
 2.535668e+01  3.015129e-02 
 2.535700e+01  3.015130e-02 
 2.535732e+01  3.015131e-02 
 2.535764e+01  3.015132e-02 
 2.535796e+01  3.015132e-02 
 2.535828e+01  3.015133e-02 
 2.535861e+01  3.015134e-02 
 2.535893e+01  3.015135e-02 
 2.535925e+01  3.015136e-02 
 2.535957e+01  3.015137e-02 
 2.535989e+01  3.015137e-02 
 2.536021e+01  3.015138e-02 
 2.536054e+01  3.015139e-02 
 2.536086e+01  3.015140e-02 
 2.536118e+01  3.015141e-02 
 2.536150e+01  3.015142e-02 
 2.536182e+01  3.015142e-02 
 2.536214e+01  3.015143e-02 
 2.536246e+01  3.015144e-02 
 2.536279e+01  3.015145e-02 
 2.536311e+01  3.015146e-02 
 2.536343e+01  3.015147e-02 
 2.536375e+01  3.015147e-02 
 2.536407e+01  3.015148e-02 
 2.536439e+01  3.015149e-02 
 2.536472e+01  3.015150e-02 
 2.536504e+01  3.015151e-02 
 2.536536e+01  3.015152e-02 
 2.536568e+01  3.015153e-02 
 2.536600e+01  3.015153e-02 
 2.536632e+01  3.015154e-02 
 2.536664e+01  3.015155e-02 
 2.536697e+01  3.015156e-02 
 2.536729e+01  3.015157e-02 
 2.536761e+01  3.015158e-02 
 2.536793e+01  3.015159e-02 
 2.536825e+01  3.015160e-02 
 2.536857e+01  3.015160e-02 
 2.536890e+01  3.015161e-02 
 2.536922e+01  3.015162e-02 
 2.536954e+01  3.015163e-02 
 2.536986e+01  3.015164e-02 
 2.537018e+01  3.015165e-02 
 2.537050e+01  3.015166e-02 
 2.537083e+01  3.015166e-02 
 2.537115e+01  3.015167e-02 
 2.537147e+01  3.015168e-02 
 2.537179e+01  3.015169e-02 
 2.537211e+01  3.015170e-02 
 2.537243e+01  3.015171e-02 
 2.537275e+01  3.015172e-02 
 2.537308e+01  3.015172e-02 
 2.537340e+01  3.015173e-02 
 2.537372e+01  3.015174e-02 
 2.537404e+01  3.015175e-02 
 2.537436e+01  3.015176e-02 
 2.537468e+01  3.015177e-02 
 2.537501e+01  3.015177e-02 
 2.537533e+01  3.015178e-02 
 2.537565e+01  3.015179e-02 
 2.537597e+01  3.015180e-02 
 2.537629e+01  3.015181e-02 
 2.537661e+01  3.015182e-02 
 2.537693e+01  3.015183e-02 
 2.537726e+01  3.015183e-02 
 2.537758e+01  3.015184e-02 
 2.537790e+01  3.015185e-02 
 2.537822e+01  3.015186e-02 
 2.537854e+01  3.015187e-02 
 2.537886e+01  3.015187e-02 
 2.537919e+01  3.015188e-02 
 2.537951e+01  3.015189e-02 
 2.537983e+01  3.015190e-02 
 2.538015e+01  3.015191e-02 
 2.538047e+01  3.015192e-02 
 2.538079e+01  3.015192e-02 
 2.538111e+01  3.015193e-02 
 2.538144e+01  3.015194e-02 
 2.538176e+01  3.015195e-02 
 2.538208e+01  3.015196e-02 
 2.538240e+01  3.015196e-02 
 2.538272e+01  3.015197e-02 
 2.538304e+01  3.015198e-02 
 2.538337e+01  3.015199e-02 
 2.538369e+01  3.015199e-02 
 2.538401e+01  3.015200e-02 
 2.538433e+01  3.015201e-02 
 2.538465e+01  3.015202e-02 
 2.538497e+01  3.015203e-02 
 2.538530e+01  3.015203e-02 
 2.538562e+01  3.015204e-02 
 2.538594e+01  3.015205e-02 
 2.538626e+01  3.015206e-02 
 2.538658e+01  3.015206e-02 
 2.538690e+01  3.015207e-02 
 2.538722e+01  3.015208e-02 
 2.538755e+01  3.015209e-02 
 2.538787e+01  3.015209e-02 
 2.538819e+01  3.015210e-02 
 2.538851e+01  3.015211e-02 
 2.538883e+01  3.015212e-02 
 2.538915e+01  3.015212e-02 
 2.538948e+01  3.015213e-02 
 2.538980e+01  3.015214e-02 
 2.539012e+01  3.015215e-02 
 2.539044e+01  3.015215e-02 
 2.539076e+01  3.015216e-02 
 2.539108e+01  3.015217e-02 
 2.539140e+01  3.015217e-02 
 2.539173e+01  3.015218e-02 
 2.539205e+01  3.015219e-02 
 2.539237e+01  3.015220e-02 
 2.539269e+01  3.015220e-02 
 2.539301e+01  3.015221e-02 
 2.539333e+01  3.015222e-02 
 2.539366e+01  3.015222e-02 
 2.539398e+01  3.015223e-02 
 2.539430e+01  3.015224e-02 
 2.539462e+01  3.015224e-02 
 2.539494e+01  3.015225e-02 
 2.539526e+01  3.015226e-02 
 2.539558e+01  3.015227e-02 
 2.539591e+01  3.015227e-02 
 2.539623e+01  3.015228e-02 
 2.539655e+01  3.015229e-02 
 2.539687e+01  3.015229e-02 
 2.539719e+01  3.015230e-02 
 2.539751e+01  3.015230e-02 
 2.539784e+01  3.015231e-02 
 2.539816e+01  3.015232e-02 
 2.539848e+01  3.015232e-02 
 2.539880e+01  3.015233e-02 
 2.539912e+01  3.015234e-02 
 2.539944e+01  3.015234e-02 
 2.539977e+01  3.015235e-02 
 2.540009e+01  3.015236e-02 
 2.540041e+01  3.015236e-02 
 2.540073e+01  3.015237e-02 
 2.540105e+01  3.015237e-02 
 2.540137e+01  3.015238e-02 
 2.540169e+01  3.015239e-02 
 2.540202e+01  3.015239e-02 
 2.540234e+01  3.015240e-02 
 2.540266e+01  3.015240e-02 
 2.540298e+01  3.015241e-02 
 2.540330e+01  3.015242e-02 
 2.540362e+01  3.015242e-02 
 2.540395e+01  3.015243e-02 
 2.540427e+01  3.015243e-02 
 2.540459e+01  3.015244e-02 
 2.540491e+01  3.015244e-02 
 2.540523e+01  3.015245e-02 
 2.540555e+01  3.015245e-02 
 2.540587e+01  3.015246e-02 
 2.540620e+01  3.015247e-02 
 2.540652e+01  3.015247e-02 
 2.540684e+01  3.015248e-02 
 2.540716e+01  3.015248e-02 
 2.540748e+01  3.015249e-02 
 2.540780e+01  3.015249e-02 
 2.540813e+01  3.015250e-02 
 2.540845e+01  3.015250e-02 
 2.540877e+01  3.015251e-02 
 2.540909e+01  3.015251e-02 
 2.540941e+01  3.015252e-02 
 2.540973e+01  3.015252e-02 
 2.541005e+01  3.015253e-02 
 2.541038e+01  3.015253e-02 
 2.541070e+01  3.015254e-02 
 2.541102e+01  3.015254e-02 
 2.541134e+01  3.015255e-02 
 2.541166e+01  3.015255e-02 
 2.541198e+01  3.015256e-02 
 2.541231e+01  3.015256e-02 
 2.541263e+01  3.015256e-02 
 2.541295e+01  3.015257e-02 
 2.541327e+01  3.015257e-02 
 2.541359e+01  3.015258e-02 
 2.541391e+01  3.015258e-02 
 2.541424e+01  3.015259e-02 
 2.541456e+01  3.015259e-02 
 2.541488e+01  3.015260e-02 
 2.541520e+01  3.015260e-02 
 2.541552e+01  3.015260e-02 
 2.541584e+01  3.015261e-02 
 2.541616e+01  3.015261e-02 
 2.541649e+01  3.015262e-02 
 2.541681e+01  3.015262e-02 
 2.541713e+01  3.015263e-02 
 2.541745e+01  3.015263e-02 
 2.541777e+01  3.015263e-02 
 2.541809e+01  3.015264e-02 
 2.541842e+01  3.015264e-02 
 2.541874e+01  3.015265e-02 
 2.541906e+01  3.015265e-02 
 2.541938e+01  3.015266e-02 
 2.541970e+01  3.015266e-02 
 2.542002e+01  3.015266e-02 
 2.542034e+01  3.015267e-02 
 2.542067e+01  3.015267e-02 
 2.542099e+01  3.015268e-02 
 2.542131e+01  3.015268e-02 
 2.542163e+01  3.015268e-02 
 2.542195e+01  3.015269e-02 
 2.542227e+01  3.015269e-02 
 2.542260e+01  3.015270e-02 
 2.542292e+01  3.015270e-02 
 2.542324e+01  3.015270e-02 
 2.542356e+01  3.015271e-02 
 2.542388e+01  3.015271e-02 
 2.542420e+01  3.015272e-02 
 2.542452e+01  3.015272e-02 
 2.542485e+01  3.015272e-02 
 2.542517e+01  3.015273e-02 
 2.542549e+01  3.015273e-02 
 2.542581e+01  3.015274e-02 
 2.542613e+01  3.015274e-02 
 2.542645e+01  3.015274e-02 
 2.542678e+01  3.015275e-02 
 2.542710e+01  3.015275e-02 
 2.542742e+01  3.015276e-02 
 2.542774e+01  3.015276e-02 
 2.542806e+01  3.015276e-02 
 2.542838e+01  3.015277e-02 
 2.542871e+01  3.015277e-02 
 2.542903e+01  3.015278e-02 
 2.542935e+01  3.015278e-02 
 2.542967e+01  3.015279e-02 
 2.542999e+01  3.015279e-02 
 2.543031e+01  3.015279e-02 
 2.543063e+01  3.015280e-02 
 2.543096e+01  3.015280e-02 
 2.543128e+01  3.015281e-02 
 2.543160e+01  3.015281e-02 
 2.543192e+01  3.015281e-02 
 2.543224e+01  3.015282e-02 
 2.543256e+01  3.015282e-02 
 2.543289e+01  3.015283e-02 
 2.543321e+01  3.015283e-02 
 2.543353e+01  3.015283e-02 
 2.543385e+01  3.015284e-02 
 2.543417e+01  3.015284e-02 
 2.543449e+01  3.015285e-02 
 2.543481e+01  3.015285e-02 
 2.543514e+01  3.015286e-02 
 2.543546e+01  3.015286e-02 
 2.543578e+01  3.015286e-02 
 2.543610e+01  3.015287e-02 
 2.543642e+01  3.015287e-02 
 2.543674e+01  3.015288e-02 
 2.543707e+01  3.015288e-02 
 2.543739e+01  3.015289e-02 
 2.543771e+01  3.015289e-02 
 2.543803e+01  3.015289e-02 
 2.543835e+01  3.015290e-02 
 2.543867e+01  3.015290e-02 
 2.543899e+01  3.015291e-02 
 2.543932e+01  3.015291e-02 
 2.543964e+01  3.015292e-02 
 2.543996e+01  3.015292e-02 
 2.544028e+01  3.015292e-02 
 2.544060e+01  3.015293e-02 
 2.544092e+01  3.015293e-02 
 2.544125e+01  3.015294e-02 
 2.544157e+01  3.015294e-02 
 2.544189e+01  3.015295e-02 
 2.544221e+01  3.015295e-02 
 2.544253e+01  3.015296e-02 
 2.544285e+01  3.015296e-02 
 2.544318e+01  3.015296e-02 
 2.544350e+01  3.015297e-02 
 2.544382e+01  3.015297e-02 
 2.544414e+01  3.015298e-02 
 2.544446e+01  3.015298e-02 
 2.544478e+01  3.015299e-02 
 2.544510e+01  3.015299e-02 
 2.544543e+01  3.015299e-02 
 2.544575e+01  3.015300e-02 
 2.544607e+01  3.015300e-02 
 2.544639e+01  3.015301e-02 
 2.544671e+01  3.015301e-02 
 2.544703e+01  3.015302e-02 
 2.544736e+01  3.015302e-02 
 2.544768e+01  3.015303e-02 
 2.544800e+01  3.015303e-02 
 2.544832e+01  3.015303e-02 
 2.544864e+01  3.015304e-02 
 2.544896e+01  3.015304e-02 
 2.544928e+01  3.015305e-02 
 2.544961e+01  3.015305e-02 
 2.544993e+01  3.015306e-02 
 2.545025e+01  3.015306e-02 
 2.545057e+01  3.015306e-02 
 2.545089e+01  3.015307e-02 
 2.545121e+01  3.015307e-02 
 2.545154e+01  3.015308e-02 
 2.545186e+01  3.015308e-02 
 2.545218e+01  3.015309e-02 
 2.545250e+01  3.015309e-02 
 2.545282e+01  3.015309e-02 
 2.545314e+01  3.015310e-02 
 2.545347e+01  3.015310e-02 
 2.545379e+01  3.015311e-02 
 2.545411e+01  3.015311e-02 
 2.545443e+01  3.015312e-02 
 2.545475e+01  3.015312e-02 
 2.545507e+01  3.015312e-02 
 2.545539e+01  3.015313e-02 
 2.545572e+01  3.015313e-02 
 2.545604e+01  3.015314e-02 
 2.545636e+01  3.015314e-02 
 2.545668e+01  3.015314e-02 
 2.545700e+01  3.015315e-02 
 2.545732e+01  3.015315e-02 
 2.545765e+01  3.015316e-02 
 2.545797e+01  3.015316e-02 
 2.545829e+01  3.015316e-02 
 2.545861e+01  3.015317e-02 
 2.545893e+01  3.015317e-02 
 2.545925e+01  3.015317e-02 
 2.545957e+01  3.015318e-02 
 2.545990e+01  3.015318e-02 
 2.546022e+01  3.015318e-02 
 2.546054e+01  3.015319e-02 
 2.546086e+01  3.015319e-02 
 2.546118e+01  3.015320e-02 
 2.546150e+01  3.015320e-02 
 2.546183e+01  3.015320e-02 
 2.546215e+01  3.015321e-02 
 2.546247e+01  3.015321e-02 
 2.546279e+01  3.015321e-02 
 2.546311e+01  3.015322e-02 
 2.546343e+01  3.015322e-02 
 2.546375e+01  3.015322e-02 
 2.546408e+01  3.015323e-02 
 2.546440e+01  3.015323e-02 
 2.546472e+01  3.015323e-02 
 2.546504e+01  3.015323e-02 
 2.546536e+01  3.015324e-02 
 2.546568e+01  3.015324e-02 
 2.546601e+01  3.015324e-02 
 2.546633e+01  3.015325e-02 
 2.546665e+01  3.015325e-02 
 2.546697e+01  3.015325e-02 
 2.546729e+01  3.015325e-02 
 2.546761e+01  3.015326e-02 
 2.546794e+01  3.015326e-02 
 2.546826e+01  3.015326e-02 
 2.546858e+01  3.015326e-02 
 2.546890e+01  3.015327e-02 
 2.546922e+01  3.015327e-02 
 2.546954e+01  3.015327e-02 
 2.546986e+01  3.015327e-02 
 2.547019e+01  3.015328e-02 
 2.547051e+01  3.015328e-02 
 2.547083e+01  3.015328e-02 
 2.547115e+01  3.015328e-02 
 2.547147e+01  3.015328e-02 
 2.547179e+01  3.015329e-02 
 2.547212e+01  3.015329e-02 
 2.547244e+01  3.015329e-02 
 2.547276e+01  3.015329e-02 
 2.547308e+01  3.015329e-02 
 2.547340e+01  3.015329e-02 
 2.547372e+01  3.015330e-02 
 2.547404e+01  3.015330e-02 
 2.547437e+01  3.015330e-02 
 2.547469e+01  3.015330e-02 
 2.547501e+01  3.015330e-02 
 2.547533e+01  3.015330e-02 
 2.547565e+01  3.015330e-02 
 2.547597e+01  3.015331e-02 
 2.547630e+01  3.015331e-02 
 2.547662e+01  3.015331e-02 
 2.547694e+01  3.015331e-02 
 2.547726e+01  3.015331e-02 
 2.547758e+01  3.015331e-02 
 2.547790e+01  3.015331e-02 
 2.547822e+01  3.015331e-02 
 2.547855e+01  3.015331e-02 
 2.547887e+01  3.015332e-02 
 2.547919e+01  3.015332e-02 
 2.547951e+01  3.015332e-02 
 2.547983e+01  3.015332e-02 
 2.548015e+01  3.015332e-02 
 2.548048e+01  3.015332e-02 
 2.548080e+01  3.015332e-02 
 2.548112e+01  3.015332e-02 
 2.548144e+01  3.015332e-02 
 2.548176e+01  3.015332e-02 
 2.548208e+01  3.015332e-02 
 2.548241e+01  3.015332e-02 
 2.548273e+01  3.015332e-02 
 2.548305e+01  3.015332e-02 
 2.548337e+01  3.015332e-02 
 2.548369e+01  3.015332e-02 
 2.548401e+01  3.015332e-02 
 2.548433e+01  3.015332e-02 
 2.548466e+01  3.015333e-02 
 2.548498e+01  3.015333e-02 
 2.548530e+01  3.015333e-02 
 2.548562e+01  3.015333e-02 
 2.548594e+01  3.015333e-02 
 2.548626e+01  3.015333e-02 
 2.548659e+01  3.015333e-02 
 2.548691e+01  3.015333e-02 
 2.548723e+01  3.015333e-02 
 2.548755e+01  3.015333e-02 
 2.548787e+01  3.015333e-02 
 2.548819e+01  3.015333e-02 
 2.548851e+01  3.015333e-02 
 2.548884e+01  3.015333e-02 
 2.548916e+01  3.015333e-02 
 2.548948e+01  3.015333e-02 
 2.548980e+01  3.015333e-02 
 2.549012e+01  3.015333e-02 
 2.549044e+01  3.015333e-02 
 2.549077e+01  3.015333e-02 
 2.549109e+01  3.015333e-02 
 2.549141e+01  3.015333e-02 
 2.549173e+01  3.015333e-02 
 2.549205e+01  3.015333e-02 
 2.549237e+01  3.015333e-02 
 2.549269e+01  3.015333e-02 
 2.549302e+01  3.015333e-02 
 2.549334e+01  3.015333e-02 
 2.549366e+01  3.015333e-02 
 2.549398e+01  3.015333e-02 
 2.549430e+01  3.015333e-02 
 2.549462e+01  3.015333e-02 
 2.549495e+01  3.015333e-02 
 2.549527e+01  3.015333e-02 
 2.549559e+01  3.015333e-02 
 2.549591e+01  3.015333e-02 
 2.549623e+01  3.015333e-02 
 2.549655e+01  3.015333e-02 
 2.549688e+01  3.015333e-02 
 2.549720e+01  3.015333e-02 
 2.549752e+01  3.015333e-02 
 2.549784e+01  3.015333e-02 
 2.549816e+01  3.015333e-02 
 2.549848e+01  3.015333e-02 
 2.549880e+01  3.015333e-02 
 2.549913e+01  3.015333e-02 
 2.549945e+01  3.015333e-02 
 2.549977e+01  3.015333e-02 
 2.550009e+01  3.015333e-02 
 2.550041e+01  3.015333e-02 
 2.550073e+01  3.015333e-02 
 2.550106e+01  3.015333e-02 
 2.550138e+01  3.015333e-02 
 2.550170e+01  3.015333e-02 
 2.550202e+01  3.015333e-02 
 2.550234e+01  3.015333e-02 
 2.550266e+01  3.015333e-02 
 2.550298e+01  3.015333e-02 
 2.550331e+01  3.015333e-02 
 2.550363e+01  3.015333e-02 
 2.550395e+01  3.015333e-02 
 2.550427e+01  3.015333e-02 
 2.550459e+01  3.015333e-02 
 2.550491e+01  3.015333e-02 
 2.550524e+01  3.015333e-02 
 2.550556e+01  3.015333e-02 
 2.550588e+01  3.015333e-02 
 2.550620e+01  3.015333e-02 
 2.550652e+01  3.015333e-02 
 2.550684e+01  3.015333e-02 
 2.550716e+01  3.015333e-02 
 2.550749e+01  3.015333e-02 
 2.550781e+01  3.015333e-02 
 2.550813e+01  3.015333e-02 
 2.550845e+01  3.015333e-02 
 2.550877e+01  3.015333e-02 
 2.550909e+01  3.015333e-02 
 2.550942e+01  3.015333e-02 
 2.550974e+01  3.015333e-02 
 2.551006e+01  3.015333e-02 
 2.551038e+01  3.015334e-02 
 2.551070e+01  3.015334e-02 
 2.551102e+01  3.015334e-02 
 2.551135e+01  3.015334e-02 
 2.551167e+01  3.015334e-02 
 2.551199e+01  3.015334e-02 
 2.551231e+01  3.015334e-02 
 2.551263e+01  3.015334e-02 
 2.551295e+01  3.015334e-02 
 2.551327e+01  3.015334e-02 
 2.551360e+01  3.015334e-02 
 2.551392e+01  3.015334e-02 
 2.551424e+01  3.015334e-02 
 2.551456e+01  3.015335e-02 
 2.551488e+01  3.015335e-02 
 2.551520e+01  3.015335e-02 
 2.551553e+01  3.015335e-02 
 2.551585e+01  3.015335e-02 
 2.551617e+01  3.015335e-02 
 2.551649e+01  3.015335e-02 
 2.551681e+01  3.015335e-02 
 2.551713e+01  3.015336e-02 
 2.551745e+01  3.015336e-02 
 2.551778e+01  3.015336e-02 
 2.551810e+01  3.015336e-02 
 2.551842e+01  3.015336e-02 
 2.551874e+01  3.015336e-02 
 2.551906e+01  3.015336e-02 
 2.551938e+01  3.015337e-02 
 2.551971e+01  3.015337e-02 
 2.552003e+01  3.015337e-02 
 2.552035e+01  3.015337e-02 
 2.552067e+01  3.015337e-02 
 2.552099e+01  3.015338e-02 
 2.552131e+01  3.015338e-02 
 2.552163e+01  3.015338e-02 
 2.552196e+01  3.015338e-02 
 2.552228e+01  3.015338e-02 
 2.552260e+01  3.015339e-02 
 2.552292e+01  3.015339e-02 
 2.552324e+01  3.015339e-02 
 2.552356e+01  3.015339e-02 
 2.552389e+01  3.015339e-02 
 2.552421e+01  3.015340e-02 
 2.552453e+01  3.015340e-02 
 2.552485e+01  3.015340e-02 
 2.552517e+01  3.015340e-02 
 2.552549e+01  3.015341e-02 
 2.552582e+01  3.015341e-02 
 2.552614e+01  3.015341e-02 
 2.552646e+01  3.015341e-02 
 2.552678e+01  3.015342e-02 
 2.552710e+01  3.015342e-02 
 2.552742e+01  3.015342e-02 
 2.552774e+01  3.015343e-02 
 2.552807e+01  3.015343e-02 
 2.552839e+01  3.015343e-02 
 2.552871e+01  3.015344e-02 
 2.552903e+01  3.015344e-02 
 2.552935e+01  3.015344e-02 
 2.552967e+01  3.015345e-02 
 2.553000e+01  3.015345e-02 
 2.553032e+01  3.015345e-02 
 2.553064e+01  3.015346e-02 
 2.553096e+01  3.015346e-02 
 2.553128e+01  3.015346e-02 
 2.553160e+01  3.015347e-02 
 2.553192e+01  3.015347e-02 
 2.553225e+01  3.015347e-02 
 2.553257e+01  3.015348e-02 
 2.553289e+01  3.015348e-02 
 2.553321e+01  3.015349e-02 
 2.553353e+01  3.015349e-02 
 2.553385e+01  3.015349e-02 
 2.553418e+01  3.015350e-02 
 2.553450e+01  3.015350e-02 
 2.553482e+01  3.015351e-02 
 2.553514e+01  3.015351e-02 
 2.553546e+01  3.015352e-02 
 2.553578e+01  3.015352e-02 
 2.553610e+01  3.015353e-02 
 2.553643e+01  3.015353e-02 
 2.553675e+01  3.015353e-02 
 2.553707e+01  3.015354e-02 
 2.553739e+01  3.015354e-02 
 2.553771e+01  3.015355e-02 
 2.553803e+01  3.015355e-02 
 2.553836e+01  3.015356e-02 
 2.553868e+01  3.015357e-02 
 2.553900e+01  3.015357e-02 
 2.553932e+01  3.015358e-02 
 2.553964e+01  3.015358e-02 
 2.553996e+01  3.015359e-02 
 2.554029e+01  3.015359e-02 
 2.554061e+01  3.015360e-02 
 2.554093e+01  3.015361e-02 
 2.554125e+01  3.015361e-02 
 2.554157e+01  3.015362e-02 
 2.554189e+01  3.015362e-02 
 2.554221e+01  3.015363e-02 
 2.554254e+01  3.015364e-02 
 2.554286e+01  3.015364e-02 
 2.554318e+01  3.015365e-02 
 2.554350e+01  3.015366e-02 
 2.554382e+01  3.015366e-02 
 2.554414e+01  3.015367e-02 
 2.554447e+01  3.015368e-02 
 2.554479e+01  3.015368e-02 
 2.554511e+01  3.015369e-02 
 2.554543e+01  3.015370e-02 
 2.554575e+01  3.015370e-02 
 2.554607e+01  3.015371e-02 
 2.554639e+01  3.015372e-02 
 2.554672e+01  3.015373e-02 
 2.554704e+01  3.015373e-02 
 2.554736e+01  3.015374e-02 
 2.554768e+01  3.015375e-02 
 2.554800e+01  3.015376e-02 
 2.554832e+01  3.015377e-02 
 2.554865e+01  3.015377e-02 
 2.554897e+01  3.015378e-02 
 2.554929e+01  3.015379e-02 
 2.554961e+01  3.015380e-02 
 2.554993e+01  3.015381e-02 
 2.555025e+01  3.015381e-02 
 2.555057e+01  3.015382e-02 
 2.555090e+01  3.015383e-02 
 2.555122e+01  3.015384e-02 
 2.555154e+01  3.015385e-02 
 2.555186e+01  3.015386e-02 
 2.555218e+01  3.015387e-02 
 2.555250e+01  3.015388e-02 
 2.555283e+01  3.015389e-02 
 2.555315e+01  3.015389e-02 
 2.555347e+01  3.015390e-02 
 2.555379e+01  3.015391e-02 
 2.555411e+01  3.015392e-02 
 2.555443e+01  3.015393e-02 
 2.555476e+01  3.015394e-02 
 2.555508e+01  3.015395e-02 
 2.555540e+01  3.015396e-02 
 2.555572e+01  3.015397e-02 
 2.555604e+01  3.015398e-02 
 2.555636e+01  3.015399e-02 
 2.555668e+01  3.015400e-02 
 2.555701e+01  3.015401e-02 
 2.555733e+01  3.015402e-02 
 2.555765e+01  3.015403e-02 
 2.555797e+01  3.015404e-02 
 2.555829e+01  3.015405e-02 
 2.555861e+01  3.015406e-02 
 2.555894e+01  3.015407e-02 
 2.555926e+01  3.015408e-02 
 2.555958e+01  3.015409e-02 
 2.555990e+01  3.015410e-02 
 2.556022e+01  3.015411e-02 
 2.556054e+01  3.015412e-02 
 2.556086e+01  3.015413e-02 
 2.556119e+01  3.015415e-02 
 2.556151e+01  3.015416e-02 
 2.556183e+01  3.015417e-02 
 2.556215e+01  3.015418e-02 
 2.556247e+01  3.015419e-02 
 2.556279e+01  3.015420e-02 
 2.556312e+01  3.015421e-02 
 2.556344e+01  3.015422e-02 
 2.556376e+01  3.015423e-02 
 2.556408e+01  3.015425e-02 
 2.556440e+01  3.015426e-02 
 2.556472e+01  3.015427e-02 
 2.556505e+01  3.015428e-02 
 2.556537e+01  3.015429e-02 
 2.556569e+01  3.015430e-02 
 2.556601e+01  3.015432e-02 
 2.556633e+01  3.015433e-02 
 2.556665e+01  3.015434e-02 
 2.556697e+01  3.015435e-02 
 2.556730e+01  3.015436e-02 
 2.556762e+01  3.015438e-02 
 2.556794e+01  3.015439e-02 
 2.556826e+01  3.015440e-02 
 2.556858e+01  3.015441e-02 
 2.556890e+01  3.015442e-02 
 2.556923e+01  3.015444e-02 
 2.556955e+01  3.015445e-02 
 2.556987e+01  3.015446e-02 
 2.557019e+01  3.015447e-02 
 2.557051e+01  3.015448e-02 
 2.557083e+01  3.015450e-02 
 2.557115e+01  3.015451e-02 
 2.557148e+01  3.015452e-02 
 2.557180e+01  3.015453e-02 
 2.557212e+01  3.015455e-02 
 2.557244e+01  3.015456e-02 
 2.557276e+01  3.015457e-02 
 2.557308e+01  3.015458e-02 
 2.557341e+01  3.015460e-02 
 2.557373e+01  3.015461e-02 
 2.557405e+01  3.015462e-02 
 2.557437e+01  3.015464e-02 
 2.557469e+01  3.015465e-02 
 2.557501e+01  3.015466e-02 
 2.557533e+01  3.015467e-02 
 2.557566e+01  3.015469e-02 
 2.557598e+01  3.015470e-02 
 2.557630e+01  3.015471e-02 
 2.557662e+01  3.015472e-02 
 2.557694e+01  3.015474e-02 
 2.557726e+01  3.015475e-02 
 2.557759e+01  3.015476e-02 
 2.557791e+01  3.015478e-02 
 2.557823e+01  3.015479e-02 
 2.557855e+01  3.015480e-02 
 2.557887e+01  3.015481e-02 
 2.557919e+01  3.015483e-02 
 2.557952e+01  3.015484e-02 
 2.557984e+01  3.015485e-02 
 2.558016e+01  3.015486e-02 
 2.558048e+01  3.015488e-02 
 2.558080e+01  3.015489e-02 
 2.558112e+01  3.015490e-02 
 2.558144e+01  3.015491e-02 
 2.558177e+01  3.015493e-02 
 2.558209e+01  3.015494e-02 
 2.558241e+01  3.015495e-02 
 2.558273e+01  3.015496e-02 
 2.558305e+01  3.015498e-02 
 2.558337e+01  3.015499e-02 
 2.558370e+01  3.015500e-02 
 2.558402e+01  3.015501e-02 
 2.558434e+01  3.015503e-02 
 2.558466e+01  3.015504e-02 
 2.558498e+01  3.015505e-02 
 2.558530e+01  3.015506e-02 
 2.558562e+01  3.015508e-02 
 2.558595e+01  3.015509e-02 
 2.558627e+01  3.015510e-02 
 2.558659e+01  3.015511e-02 
 2.558691e+01  3.015513e-02 
 2.558723e+01  3.015514e-02 
 2.558755e+01  3.015515e-02 
 2.558788e+01  3.015516e-02 
 2.558820e+01  3.015518e-02 
 2.558852e+01  3.015519e-02 
 2.558884e+01  3.015520e-02 
 2.558916e+01  3.015521e-02 
 2.558948e+01  3.015522e-02 
 2.558980e+01  3.015524e-02 
 2.559013e+01  3.015525e-02 
 2.559045e+01  3.015526e-02 
 2.559077e+01  3.015527e-02 
 2.559109e+01  3.015528e-02 
 2.559141e+01  3.015530e-02 
 2.559173e+01  3.015531e-02 
 2.559206e+01  3.015532e-02 
 2.559238e+01  3.015533e-02 
 2.559270e+01  3.015534e-02 
 2.559302e+01  3.015536e-02 
 2.559334e+01  3.015537e-02 
 2.559366e+01  3.015538e-02 
 2.559399e+01  3.015539e-02 
 2.559431e+01  3.015540e-02 
 2.559463e+01  3.015541e-02 
 2.559495e+01  3.015543e-02 
 2.559527e+01  3.015544e-02 
 2.559559e+01  3.015545e-02 
 2.559591e+01  3.015546e-02 
 2.559624e+01  3.015547e-02 
 2.559656e+01  3.015548e-02 
 2.559688e+01  3.015550e-02 
 2.559720e+01  3.015551e-02 
 2.559752e+01  3.015552e-02 
 2.559784e+01  3.015553e-02 
 2.559817e+01  3.015554e-02 
 2.559849e+01  3.015555e-02 
 2.559881e+01  3.015557e-02 
 2.559913e+01  3.015558e-02 
 2.559945e+01  3.015559e-02 
 2.559977e+01  3.015560e-02 
 2.560009e+01  3.015561e-02 
 2.560042e+01  3.015562e-02 
 2.560074e+01  3.015563e-02 
 2.560106e+01  3.015564e-02 
 2.560138e+01  3.015565e-02 
 2.560170e+01  3.015567e-02 
 2.560202e+01  3.015568e-02 
 2.560235e+01  3.015569e-02 
 2.560267e+01  3.015570e-02 
 2.560299e+01  3.015571e-02 
 2.560331e+01  3.015572e-02 
 2.560363e+01  3.015573e-02 
 2.560395e+01  3.015574e-02 
 2.560427e+01  3.015575e-02 
 2.560460e+01  3.015576e-02 
 2.560492e+01  3.015577e-02 
 2.560524e+01  3.015578e-02 
 2.560556e+01  3.015579e-02 
 2.560588e+01  3.015580e-02 
 2.560620e+01  3.015581e-02 
 2.560653e+01  3.015582e-02 
 2.560685e+01  3.015583e-02 
 2.560717e+01  3.015584e-02 
 2.560749e+01  3.015585e-02 
 2.560781e+01  3.015586e-02 
 2.560813e+01  3.015587e-02 
 2.560846e+01  3.015588e-02 
 2.560878e+01  3.015589e-02 
 2.560910e+01  3.015590e-02 
 2.560942e+01  3.015591e-02 
 2.560974e+01  3.015592e-02 
 2.561006e+01  3.015592e-02 
 2.561038e+01  3.015593e-02 
 2.561071e+01  3.015594e-02 
 2.561103e+01  3.015595e-02 
 2.561135e+01  3.015596e-02 
 2.561167e+01  3.015597e-02 
 2.561199e+01  3.015598e-02 
 2.561231e+01  3.015598e-02 
 2.561264e+01  3.015599e-02 
 2.561296e+01  3.015600e-02 
 2.561328e+01  3.015601e-02 
 2.561360e+01  3.015602e-02 
 2.561392e+01  3.015602e-02 
 2.561424e+01  3.015603e-02 
 2.561456e+01  3.015604e-02 
 2.561489e+01  3.015605e-02 
 2.561521e+01  3.015605e-02 
 2.561553e+01  3.015606e-02 
 2.561585e+01  3.015607e-02 
 2.561617e+01  3.015607e-02 
 2.561649e+01  3.015608e-02 
 2.561682e+01  3.015609e-02 
 2.561714e+01  3.015610e-02 
 2.561746e+01  3.015610e-02 
 2.561778e+01  3.015611e-02 
 2.561810e+01  3.015612e-02 
 2.561842e+01  3.015612e-02 
 2.561874e+01  3.015613e-02 
 2.561907e+01  3.015614e-02 
 2.561939e+01  3.015614e-02 
 2.561971e+01  3.015615e-02 
 2.562003e+01  3.015616e-02 
 2.562035e+01  3.015616e-02 
 2.562067e+01  3.015617e-02 
 2.562100e+01  3.015617e-02 
 2.562132e+01  3.015618e-02 
 2.562164e+01  3.015619e-02 
 2.562196e+01  3.015619e-02 
 2.562228e+01  3.015620e-02 
 2.562260e+01  3.015621e-02 
 2.562293e+01  3.015621e-02 
 2.562325e+01  3.015622e-02 
 2.562357e+01  3.015622e-02 
 2.562389e+01  3.015623e-02 
 2.562421e+01  3.015624e-02 
 2.562453e+01  3.015624e-02 
 2.562485e+01  3.015625e-02 
 2.562518e+01  3.015625e-02 
 2.562550e+01  3.015626e-02 
 2.562582e+01  3.015627e-02 
 2.562614e+01  3.015627e-02 
 2.562646e+01  3.015628e-02 
 2.562678e+01  3.015628e-02 
 2.562711e+01  3.015629e-02 
 2.562743e+01  3.015630e-02 
 2.562775e+01  3.015630e-02 
 2.562807e+01  3.015631e-02 
 2.562839e+01  3.015632e-02 
 2.562871e+01  3.015632e-02 
 2.562903e+01  3.015633e-02 
 2.562936e+01  3.015633e-02 
 2.562968e+01  3.015634e-02 
 2.563000e+01  3.015635e-02 
 2.563032e+01  3.015635e-02 
 2.563064e+01  3.015636e-02 
 2.563096e+01  3.015637e-02 
 2.563129e+01  3.015637e-02 
 2.563161e+01  3.015638e-02 
 2.563193e+01  3.015638e-02 
 2.563225e+01  3.015639e-02 
 2.563257e+01  3.015640e-02 
 2.563289e+01  3.015640e-02 
 2.563321e+01  3.015641e-02 
 2.563354e+01  3.015642e-02 
 2.563386e+01  3.015642e-02 
 2.563418e+01  3.015643e-02 
 2.563450e+01  3.015644e-02 
 2.563482e+01  3.015644e-02 
 2.563514e+01  3.015645e-02 
 2.563547e+01  3.015646e-02 
 2.563579e+01  3.015646e-02 
 2.563611e+01  3.015647e-02 
 2.563643e+01  3.015648e-02 
 2.563675e+01  3.015648e-02 
 2.563707e+01  3.015649e-02 
 2.563740e+01  3.015650e-02 
 2.563772e+01  3.015651e-02 
 2.563804e+01  3.015651e-02 
 2.563836e+01  3.015652e-02 
 2.563868e+01  3.015653e-02 
 2.563900e+01  3.015653e-02 
 2.563932e+01  3.015654e-02 
 2.563965e+01  3.015655e-02 
 2.563997e+01  3.015655e-02 
 2.564029e+01  3.015656e-02 
 2.564061e+01  3.015657e-02 
 2.564093e+01  3.015658e-02 
 2.564125e+01  3.015658e-02 
 2.564158e+01  3.015659e-02 
 2.564190e+01  3.015660e-02 
 2.564222e+01  3.015660e-02 
 2.564254e+01  3.015661e-02 
 2.564286e+01  3.015662e-02 
 2.564318e+01  3.015663e-02 
 2.564350e+01  3.015663e-02 
 2.564383e+01  3.015664e-02 
 2.564415e+01  3.015665e-02 
 2.564447e+01  3.015665e-02 
 2.564479e+01  3.015666e-02 
 2.564511e+01  3.015667e-02 
 2.564543e+01  3.015668e-02 
 2.564576e+01  3.015668e-02 
 2.564608e+01  3.015669e-02 
 2.564640e+01  3.015670e-02 
 2.564672e+01  3.015670e-02 
 2.564704e+01  3.015671e-02 
 2.564736e+01  3.015672e-02 
 2.564768e+01  3.015673e-02 
 2.564801e+01  3.015673e-02 
 2.564833e+01  3.015674e-02 
 2.564865e+01  3.015675e-02 
 2.564897e+01  3.015675e-02 
 2.564929e+01  3.015676e-02 
 2.564961e+01  3.015677e-02 
 2.564994e+01  3.015678e-02 
 2.565026e+01  3.015678e-02 
 2.565058e+01  3.015679e-02 
 2.565090e+01  3.015680e-02 
 2.565122e+01  3.015680e-02 
 2.565154e+01  3.015681e-02 
 2.565187e+01  3.015682e-02 
 2.565219e+01  3.015682e-02 
 2.565251e+01  3.015683e-02 
 2.565283e+01  3.015684e-02 
 2.565315e+01  3.015685e-02 
 2.565347e+01  3.015685e-02 
 2.565379e+01  3.015686e-02 
 2.565412e+01  3.015687e-02 
 2.565444e+01  3.015687e-02 
 2.565476e+01  3.015688e-02 
 2.565508e+01  3.015689e-02 
 2.565540e+01  3.015689e-02 
 2.565572e+01  3.015690e-02 
 2.565605e+01  3.015691e-02 
 2.565637e+01  3.015692e-02 
 2.565669e+01  3.015692e-02 
 2.565701e+01  3.015693e-02 
 2.565733e+01  3.015694e-02 
 2.565765e+01  3.015694e-02 
 2.565797e+01  3.015695e-02 
 2.565830e+01  3.015696e-02 
 2.565862e+01  3.015696e-02 
 2.565894e+01  3.015697e-02 
 2.565926e+01  3.015698e-02 
 2.565958e+01  3.015698e-02 
 2.565990e+01  3.015699e-02 
 2.566023e+01  3.015700e-02 
 2.566055e+01  3.015700e-02 
 2.566087e+01  3.015701e-02 
 2.566119e+01  3.015702e-02 
 2.566151e+01  3.015702e-02 
 2.566183e+01  3.015703e-02 
 2.566216e+01  3.015704e-02 
 2.566248e+01  3.015705e-02 
 2.566280e+01  3.015705e-02 
 2.566312e+01  3.015706e-02 
 2.566344e+01  3.015707e-02 
 2.566376e+01  3.015707e-02 
 2.566408e+01  3.015708e-02 
 2.566441e+01  3.015709e-02 
 2.566473e+01  3.015709e-02 
 2.566505e+01  3.015710e-02 
 2.566537e+01  3.015711e-02 
 2.566569e+01  3.015711e-02 
 2.566601e+01  3.015712e-02 
 2.566634e+01  3.015713e-02 
 2.566666e+01  3.015713e-02 
 2.566698e+01  3.015714e-02 
 2.566730e+01  3.015715e-02 
 2.566762e+01  3.015716e-02 
 2.566794e+01  3.015716e-02 
 2.566826e+01  3.015717e-02 
 2.566859e+01  3.015718e-02 
 2.566891e+01  3.015718e-02 
 2.566923e+01  3.015719e-02 
 2.566955e+01  3.015720e-02 
 2.566987e+01  3.015720e-02 
 2.567019e+01  3.015721e-02 
 2.567052e+01  3.015722e-02 
 2.567084e+01  3.015722e-02 
 2.567116e+01  3.015723e-02 
 2.567148e+01  3.015724e-02 
 2.567180e+01  3.015725e-02 
 2.567212e+01  3.015725e-02 
 2.567244e+01  3.015726e-02 
 2.567277e+01  3.015727e-02 
 2.567309e+01  3.015727e-02 
 2.567341e+01  3.015728e-02 
 2.567373e+01  3.015729e-02 
 2.567405e+01  3.015730e-02 
 2.567437e+01  3.015730e-02 
 2.567470e+01  3.015731e-02 
 2.567502e+01  3.015732e-02 
 2.567534e+01  3.015733e-02 
 2.567566e+01  3.015733e-02 
 2.567598e+01  3.015734e-02 
 2.567630e+01  3.015735e-02 
 2.567663e+01  3.015736e-02 
 2.567695e+01  3.015736e-02 
 2.567727e+01  3.015737e-02 
 2.567759e+01  3.015738e-02 
 2.567791e+01  3.015739e-02 
 2.567823e+01  3.015739e-02 
 2.567855e+01  3.015740e-02 
 2.567888e+01  3.015741e-02 
 2.567920e+01  3.015742e-02 
 2.567952e+01  3.015742e-02 
 2.567984e+01  3.015743e-02 
 2.568016e+01  3.015744e-02 
 2.568048e+01  3.015745e-02 
 2.568081e+01  3.015746e-02 
 2.568113e+01  3.015746e-02 
 2.568145e+01  3.015747e-02 
 2.568177e+01  3.015748e-02 
 2.568209e+01  3.015749e-02 
 2.568241e+01  3.015750e-02 
 2.568273e+01  3.015750e-02 
 2.568306e+01  3.015751e-02 
 2.568338e+01  3.015752e-02 
 2.568370e+01  3.015753e-02 
 2.568402e+01  3.015754e-02 
 2.568434e+01  3.015755e-02 
 2.568466e+01  3.015755e-02 
 2.568499e+01  3.015756e-02 
 2.568531e+01  3.015757e-02 
 2.568563e+01  3.015758e-02 
 2.568595e+01  3.015759e-02 
 2.568627e+01  3.015760e-02 
 2.568659e+01  3.015761e-02 
 2.568691e+01  3.015761e-02 
 2.568724e+01  3.015762e-02 
 2.568756e+01  3.015763e-02 
 2.568788e+01  3.015764e-02 
 2.568820e+01  3.015765e-02 
 2.568852e+01  3.015766e-02 
 2.568884e+01  3.015767e-02 
 2.568917e+01  3.015767e-02 
 2.568949e+01  3.015768e-02 
 2.568981e+01  3.015769e-02 
 2.569013e+01  3.015770e-02 
 2.569045e+01  3.015771e-02 
 2.569077e+01  3.015772e-02 
 2.569110e+01  3.015773e-02 
 2.569142e+01  3.015774e-02 
 2.569174e+01  3.015775e-02 
 2.569206e+01  3.015775e-02 
 2.569238e+01  3.015776e-02 
 2.569270e+01  3.015777e-02 
 2.569302e+01  3.015778e-02 
 2.569335e+01  3.015779e-02 
 2.569367e+01  3.015780e-02 
 2.569399e+01  3.015781e-02 
 2.569431e+01  3.015781e-02 
 2.569463e+01  3.015782e-02 
 2.569495e+01  3.015783e-02 
 2.569528e+01  3.015784e-02 
 2.569560e+01  3.015785e-02 
 2.569592e+01  3.015786e-02 
 2.569624e+01  3.015787e-02 
 2.569656e+01  3.015787e-02 
 2.569688e+01  3.015788e-02 
 2.569720e+01  3.015789e-02 
 2.569753e+01  3.015790e-02 
 2.569785e+01  3.015791e-02 
 2.569817e+01  3.015792e-02 
 2.569849e+01  3.015793e-02 
 2.569881e+01  3.015793e-02 
 2.569913e+01  3.015794e-02 
 2.569946e+01  3.015795e-02 
 2.569978e+01  3.015796e-02 
 2.570010e+01  3.015797e-02 
 2.570042e+01  3.015797e-02 
 2.570074e+01  3.015798e-02 
 2.570106e+01  3.015799e-02 
 2.570138e+01  3.015800e-02 
 2.570171e+01  3.015800e-02 
 2.570203e+01  3.015801e-02 
 2.570235e+01  3.015802e-02 
 2.570267e+01  3.015803e-02 
 2.570299e+01  3.015804e-02 
 2.570331e+01  3.015804e-02 
 2.570364e+01  3.015805e-02 
 2.570396e+01  3.015806e-02 
 2.570428e+01  3.015807e-02 
 2.570460e+01  3.015807e-02 
 2.570492e+01  3.015808e-02 
 2.570524e+01  3.015809e-02 
 2.570557e+01  3.015809e-02 
 2.570589e+01  3.015810e-02 
 2.570621e+01  3.015811e-02 
 2.570653e+01  3.015811e-02 
 2.570685e+01  3.015812e-02 
 2.570717e+01  3.015813e-02 
 2.570749e+01  3.015814e-02 
 2.570782e+01  3.015814e-02 
 2.570814e+01  3.015815e-02 
 2.570846e+01  3.015816e-02 
 2.570878e+01  3.015816e-02 
 2.570910e+01  3.015817e-02 
 2.570942e+01  3.015818e-02 
 2.570975e+01  3.015818e-02 
 2.571007e+01  3.015819e-02 
 2.571039e+01  3.015819e-02 
 2.571071e+01  3.015820e-02 
 2.571103e+01  3.015821e-02 
 2.571135e+01  3.015821e-02 
 2.571167e+01  3.015822e-02 
 2.571200e+01  3.015823e-02 
 2.571232e+01  3.015823e-02 
 2.571264e+01  3.015824e-02 
 2.571296e+01  3.015824e-02 
 2.571328e+01  3.015825e-02 
 2.571360e+01  3.015826e-02 
 2.571393e+01  3.015826e-02 
 2.571425e+01  3.015827e-02 
 2.571457e+01  3.015828e-02 
 2.571489e+01  3.015828e-02 
 2.571521e+01  3.015829e-02 
 2.571553e+01  3.015829e-02 
 2.571585e+01  3.015830e-02 
 2.571618e+01  3.015831e-02 
 2.571650e+01  3.015831e-02 
 2.571682e+01  3.015832e-02 
 2.571714e+01  3.015832e-02 
 2.571746e+01  3.015833e-02 
 2.571778e+01  3.015834e-02 
 2.571811e+01  3.015834e-02 
 2.571843e+01  3.015835e-02 
 2.571875e+01  3.015835e-02 
 2.571907e+01  3.015836e-02 
 2.571939e+01  3.015837e-02 
 2.571971e+01  3.015837e-02 
 2.572004e+01  3.015838e-02 
 2.572036e+01  3.015838e-02 
 2.572068e+01  3.015839e-02 
 2.572100e+01  3.015840e-02 
 2.572132e+01  3.015840e-02 
 2.572164e+01  3.015841e-02 
 2.572196e+01  3.015842e-02 
 2.572229e+01  3.015842e-02 
 2.572261e+01  3.015843e-02 
 2.572293e+01  3.015843e-02 
 2.572325e+01  3.015844e-02 
 2.572357e+01  3.015845e-02 
 2.572389e+01  3.015845e-02 
 2.572422e+01  3.015846e-02 
 2.572454e+01  3.015847e-02 
 2.572486e+01  3.015847e-02 
 2.572518e+01  3.015848e-02 
 2.572550e+01  3.015849e-02 
 2.572582e+01  3.015849e-02 
 2.572614e+01  3.015850e-02 
 2.572647e+01  3.015851e-02 
 2.572679e+01  3.015851e-02 
 2.572711e+01  3.015852e-02 
 2.572743e+01  3.015853e-02 
 2.572775e+01  3.015853e-02 
 2.572807e+01  3.015854e-02 
 2.572840e+01  3.015855e-02 
 2.572872e+01  3.015855e-02 
 2.572904e+01  3.015856e-02 
 2.572936e+01  3.015857e-02 
 2.572968e+01  3.015857e-02 
 2.573000e+01  3.015858e-02 
 2.573032e+01  3.015859e-02 
 2.573065e+01  3.015860e-02 
 2.573097e+01  3.015860e-02 
 2.573129e+01  3.015861e-02 
 2.573161e+01  3.015862e-02 
 2.573193e+01  3.015862e-02 
 2.573225e+01  3.015863e-02 
 2.573258e+01  3.015864e-02 
 2.573290e+01  3.015865e-02 
 2.573322e+01  3.015865e-02 
 2.573354e+01  3.015866e-02 
 2.573386e+01  3.015867e-02 
 2.573418e+01  3.015868e-02 
 2.573451e+01  3.015868e-02 
 2.573483e+01  3.015869e-02 
 2.573515e+01  3.015870e-02 
 2.573547e+01  3.015871e-02 
 2.573579e+01  3.015871e-02 
 2.573611e+01  3.015872e-02 
 2.573643e+01  3.015873e-02 
 2.573676e+01  3.015874e-02 
 2.573708e+01  3.015875e-02 
 2.573740e+01  3.015875e-02 
 2.573772e+01  3.015876e-02 
 2.573804e+01  3.015877e-02 
 2.573836e+01  3.015878e-02 
 2.573869e+01  3.015878e-02 
 2.573901e+01  3.015879e-02 
 2.573933e+01  3.015880e-02 
 2.573965e+01  3.015881e-02 
 2.573997e+01  3.015882e-02 
 2.574029e+01  3.015883e-02 
 2.574061e+01  3.015883e-02 
 2.574094e+01  3.015884e-02 
 2.574126e+01  3.015885e-02 
 2.574158e+01  3.015886e-02 
 2.574190e+01  3.015887e-02 
 2.574222e+01  3.015888e-02 
 2.574254e+01  3.015888e-02 
 2.574287e+01  3.015889e-02 
 2.574319e+01  3.015890e-02 
 2.574351e+01  3.015891e-02 
 2.574383e+01  3.015892e-02 
 2.574415e+01  3.015893e-02 
 2.574447e+01  3.015894e-02 
 2.574479e+01  3.015894e-02 
 2.574512e+01  3.015895e-02 
 2.574544e+01  3.015896e-02 
 2.574576e+01  3.015897e-02 
 2.574608e+01  3.015898e-02 
 2.574640e+01  3.015899e-02 
 2.574672e+01  3.015900e-02 
 2.574705e+01  3.015901e-02 
 2.574737e+01  3.015902e-02 
 2.574769e+01  3.015902e-02 
 2.574801e+01  3.015903e-02 
 2.574833e+01  3.015904e-02 
 2.574865e+01  3.015905e-02 
 2.574898e+01  3.015906e-02 
 2.574930e+01  3.015907e-02 
 2.574962e+01  3.015908e-02 
 2.574994e+01  3.015909e-02 
 2.575026e+01  3.015910e-02 
 2.575058e+01  3.015911e-02 
 2.575090e+01  3.015912e-02 
 2.575123e+01  3.015913e-02 
 2.575155e+01  3.015914e-02 
 2.575187e+01  3.015915e-02 
 2.575219e+01  3.015916e-02 
 2.575251e+01  3.015917e-02 
 2.575283e+01  3.015918e-02 
 2.575316e+01  3.015919e-02 
 2.575348e+01  3.015920e-02 
 2.575380e+01  3.015921e-02 
 2.575412e+01  3.015922e-02 
 2.575444e+01  3.015922e-02 
 2.575476e+01  3.015923e-02 
 2.575508e+01  3.015924e-02 
 2.575541e+01  3.015925e-02 
 2.575573e+01  3.015926e-02 
 2.575605e+01  3.015927e-02 
 2.575637e+01  3.015928e-02 
 2.575669e+01  3.015929e-02 
 2.575701e+01  3.015930e-02 
 2.575734e+01  3.015931e-02 
 2.575766e+01  3.015932e-02 
 2.575798e+01  3.015933e-02 
 2.575830e+01  3.015934e-02 
 2.575862e+01  3.015935e-02 
 2.575894e+01  3.015936e-02 
 2.575926e+01  3.015937e-02 
 2.575959e+01  3.015938e-02 
 2.575991e+01  3.015939e-02 
 2.576023e+01  3.015940e-02 
 2.576055e+01  3.015941e-02 
 2.576087e+01  3.015942e-02 
 2.576119e+01  3.015943e-02 
 2.576152e+01  3.015944e-02 
 2.576184e+01  3.015945e-02 
 2.576216e+01  3.015946e-02 
 2.576248e+01  3.015947e-02 
 2.576280e+01  3.015948e-02 
 2.576312e+01  3.015949e-02 
 2.576345e+01  3.015950e-02 
 2.576377e+01  3.015951e-02 
 2.576409e+01  3.015952e-02 
 2.576441e+01  3.015953e-02 
 2.576473e+01  3.015954e-02 
 2.576505e+01  3.015955e-02 
 2.576537e+01  3.015956e-02 
 2.576570e+01  3.015957e-02 
 2.576602e+01  3.015957e-02 
 2.576634e+01  3.015958e-02 
 2.576666e+01  3.015959e-02 
 2.576698e+01  3.015960e-02 
 2.576730e+01  3.015961e-02 
 2.576763e+01  3.015962e-02 
 2.576795e+01  3.015963e-02 
 2.576827e+01  3.015964e-02 
 2.576859e+01  3.015965e-02 
 2.576891e+01  3.015965e-02 
 2.576923e+01  3.015966e-02 
 2.576955e+01  3.015967e-02 
 2.576988e+01  3.015968e-02 
 2.577020e+01  3.015969e-02 
 2.577052e+01  3.015970e-02 
 2.577084e+01  3.015971e-02 
 2.577116e+01  3.015971e-02 
 2.577148e+01  3.015972e-02 
 2.577181e+01  3.015973e-02 
 2.577213e+01  3.015974e-02 
 2.577245e+01  3.015975e-02 
 2.577277e+01  3.015975e-02 
 2.577309e+01  3.015976e-02 
 2.577341e+01  3.015977e-02 
 2.577374e+01  3.015978e-02 
 2.577406e+01  3.015979e-02 
 2.577438e+01  3.015979e-02 
 2.577470e+01  3.015980e-02 
 2.577502e+01  3.015981e-02 
 2.577534e+01  3.015982e-02 
 2.577566e+01  3.015982e-02 
 2.577599e+01  3.015983e-02 
 2.577631e+01  3.015984e-02 
 2.577663e+01  3.015984e-02 
 2.577695e+01  3.015985e-02 
 2.577727e+01  3.015986e-02 
 2.577759e+01  3.015987e-02 
 2.577792e+01  3.015987e-02 
 2.577824e+01  3.015988e-02 
 2.577856e+01  3.015989e-02 
 2.577888e+01  3.015989e-02 
 2.577920e+01  3.015990e-02 
 2.577952e+01  3.015991e-02 
 2.577984e+01  3.015991e-02 
 2.578017e+01  3.015992e-02 
 2.578049e+01  3.015993e-02 
 2.578081e+01  3.015993e-02 
 2.578113e+01  3.015994e-02 
 2.578145e+01  3.015995e-02 
 2.578177e+01  3.015995e-02 
 2.578210e+01  3.015996e-02 
 2.578242e+01  3.015997e-02 
 2.578274e+01  3.015997e-02 
 2.578306e+01  3.015998e-02 
 2.578338e+01  3.015998e-02 
 2.578370e+01  3.015999e-02 
 2.578402e+01  3.016000e-02 
 2.578435e+01  3.016000e-02 
 2.578467e+01  3.016001e-02 
 2.578499e+01  3.016002e-02 
 2.578531e+01  3.016002e-02 
 2.578563e+01  3.016003e-02 
 2.578595e+01  3.016004e-02 
 2.578628e+01  3.016004e-02 
 2.578660e+01  3.016005e-02 
 2.578692e+01  3.016005e-02 
 2.578724e+01  3.016006e-02 
 2.578756e+01  3.016007e-02 
 2.578788e+01  3.016007e-02 
 2.578821e+01  3.016008e-02 
 2.578853e+01  3.016009e-02 
 2.578885e+01  3.016009e-02 
 2.578917e+01  3.016010e-02 
 2.578949e+01  3.016010e-02 
 2.578981e+01  3.016011e-02 
 2.579013e+01  3.016012e-02 
 2.579046e+01  3.016012e-02 
 2.579078e+01  3.016013e-02 
 2.579110e+01  3.016014e-02 
 2.579142e+01  3.016014e-02 
 2.579174e+01  3.016015e-02 
 2.579206e+01  3.016015e-02 
 2.579239e+01  3.016016e-02 
 2.579271e+01  3.016017e-02 
 2.579303e+01  3.016017e-02 
 2.579335e+01  3.016018e-02 
 2.579367e+01  3.016019e-02 
 2.579399e+01  3.016019e-02 
 2.579431e+01  3.016020e-02 
 2.579464e+01  3.016021e-02 
 2.579496e+01  3.016021e-02 
 2.579528e+01  3.016022e-02 
 2.579560e+01  3.016023e-02 
 2.579592e+01  3.016023e-02 
 2.579624e+01  3.016024e-02 
 2.579657e+01  3.016025e-02 
 2.579689e+01  3.016025e-02 
 2.579721e+01  3.016026e-02 
 2.579753e+01  3.016027e-02 
 2.579785e+01  3.016027e-02 
 2.579817e+01  3.016028e-02 
 2.579849e+01  3.016029e-02 
 2.579882e+01  3.016029e-02 
 2.579914e+01  3.016030e-02 
 2.579946e+01  3.016031e-02 
 2.579978e+01  3.016032e-02 
 2.580010e+01  3.016032e-02 
 2.580042e+01  3.016033e-02 
 2.580075e+01  3.016034e-02 
 2.580107e+01  3.016034e-02 
 2.580139e+01  3.016035e-02 
 2.580171e+01  3.016036e-02 
 2.580203e+01  3.016037e-02 
 2.580235e+01  3.016037e-02 
 2.580268e+01  3.016038e-02 
 2.580300e+01  3.016039e-02 
 2.580332e+01  3.016039e-02 
 2.580364e+01  3.016040e-02 
 2.580396e+01  3.016041e-02 
 2.580428e+01  3.016042e-02 
 2.580460e+01  3.016042e-02 
 2.580493e+01  3.016043e-02 
 2.580525e+01  3.016044e-02 
 2.580557e+01  3.016045e-02 
 2.580589e+01  3.016045e-02 
 2.580621e+01  3.016046e-02 
 2.580653e+01  3.016047e-02 
 2.580686e+01  3.016047e-02 
 2.580718e+01  3.016048e-02 
 2.580750e+01  3.016049e-02 
 2.580782e+01  3.016050e-02 
 2.580814e+01  3.016050e-02 
 2.580846e+01  3.016051e-02 
 2.580878e+01  3.016052e-02 
 2.580911e+01  3.016053e-02 
 2.580943e+01  3.016053e-02 
 2.580975e+01  3.016054e-02 
 2.581007e+01  3.016055e-02 
 2.581039e+01  3.016056e-02 
 2.581071e+01  3.016056e-02 
 2.581104e+01  3.016057e-02 
 2.581136e+01  3.016058e-02 
 2.581168e+01  3.016059e-02 
 2.581200e+01  3.016059e-02 
 2.581232e+01  3.016060e-02 
 2.581264e+01  3.016061e-02 
 2.581296e+01  3.016062e-02 
 2.581329e+01  3.016063e-02 
 2.581361e+01  3.016063e-02 
 2.581393e+01  3.016064e-02 
 2.581425e+01  3.016065e-02 
 2.581457e+01  3.016066e-02 
 2.581489e+01  3.016066e-02 
 2.581522e+01  3.016067e-02 
 2.581554e+01  3.016068e-02 
 2.581586e+01  3.016069e-02 
 2.581618e+01  3.016069e-02 
 2.581650e+01  3.016070e-02 
 2.581682e+01  3.016071e-02 
 2.581715e+01  3.016072e-02 
 2.581747e+01  3.016072e-02 
 2.581779e+01  3.016073e-02 
 2.581811e+01  3.016074e-02 
 2.581843e+01  3.016075e-02 
 2.581875e+01  3.016076e-02 
 2.581907e+01  3.016076e-02 
 2.581940e+01  3.016077e-02 
 2.581972e+01  3.016078e-02 
 2.582004e+01  3.016079e-02 
 2.582036e+01  3.016079e-02 
 2.582068e+01  3.016080e-02 
 2.582100e+01  3.016081e-02 
 2.582133e+01  3.016082e-02 
 2.582165e+01  3.016082e-02 
 2.582197e+01  3.016083e-02 
 2.582229e+01  3.016084e-02 
 2.582261e+01  3.016085e-02 
 2.582293e+01  3.016085e-02 
 2.582325e+01  3.016086e-02 
 2.582358e+01  3.016087e-02 
 2.582390e+01  3.016088e-02 
 2.582422e+01  3.016088e-02 
 2.582454e+01  3.016089e-02 
 2.582486e+01  3.016090e-02 
 2.582518e+01  3.016091e-02 
 2.582551e+01  3.016091e-02 
 2.582583e+01  3.016092e-02 
 2.582615e+01  3.016093e-02 
 2.582647e+01  3.016094e-02 
 2.582679e+01  3.016094e-02 
 2.582711e+01  3.016095e-02 
 2.582743e+01  3.016096e-02 
 2.582776e+01  3.016096e-02 
 2.582808e+01  3.016097e-02 
 2.582840e+01  3.016098e-02 
 2.582872e+01  3.016099e-02 
 2.582904e+01  3.016099e-02 
 2.582936e+01  3.016100e-02 
 2.582969e+01  3.016101e-02 
 2.583001e+01  3.016101e-02 
 2.583033e+01  3.016102e-02 
 2.583065e+01  3.016103e-02 
 2.583097e+01  3.016104e-02 
 2.583129e+01  3.016104e-02 
 2.583162e+01  3.016105e-02 
 2.583194e+01  3.016106e-02 
 2.583226e+01  3.016106e-02 
 2.583258e+01  3.016107e-02 
 2.583290e+01  3.016108e-02 
 2.583322e+01  3.016108e-02 
 2.583354e+01  3.016109e-02 
 2.583387e+01  3.016110e-02 
 2.583419e+01  3.016111e-02 
 2.583451e+01  3.016111e-02 
 2.583483e+01  3.016112e-02 
 2.583515e+01  3.016113e-02 
 2.583547e+01  3.016113e-02 
 2.583580e+01  3.016114e-02 
 2.583612e+01  3.016115e-02 
 2.583644e+01  3.016115e-02 
 2.583676e+01  3.016116e-02 
 2.583708e+01  3.016117e-02 
 2.583740e+01  3.016117e-02 
 2.583772e+01  3.016118e-02 
 2.583805e+01  3.016119e-02 
 2.583837e+01  3.016120e-02 
 2.583869e+01  3.016120e-02 
 2.583901e+01  3.016121e-02 
 2.583933e+01  3.016122e-02 
 2.583965e+01  3.016122e-02 
 2.583998e+01  3.016123e-02 
 2.584030e+01  3.016124e-02 
 2.584062e+01  3.016125e-02 
 2.584094e+01  3.016125e-02 
 2.584126e+01  3.016126e-02 
 2.584158e+01  3.016127e-02 
 2.584190e+01  3.016127e-02 
 2.584223e+01  3.016128e-02 
 2.584255e+01  3.016129e-02 
 2.584287e+01  3.016130e-02 
 2.584319e+01  3.016130e-02 
 2.584351e+01  3.016131e-02 
 2.584383e+01  3.016132e-02 
 2.584416e+01  3.016133e-02 
 2.584448e+01  3.016133e-02 
 2.584480e+01  3.016134e-02 
 2.584512e+01  3.016135e-02 
 2.584544e+01  3.016136e-02 
 2.584576e+01  3.016137e-02 
 2.584609e+01  3.016137e-02 
 2.584641e+01  3.016138e-02 
 2.584673e+01  3.016139e-02 
 2.584705e+01  3.016140e-02 
 2.584737e+01  3.016141e-02 
 2.584769e+01  3.016141e-02 
 2.584801e+01  3.016142e-02 
 2.584834e+01  3.016143e-02 
 2.584866e+01  3.016144e-02 
 2.584898e+01  3.016145e-02 
 2.584930e+01  3.016146e-02 
 2.584962e+01  3.016146e-02 
 2.584994e+01  3.016147e-02 
 2.585027e+01  3.016148e-02 
 2.585059e+01  3.016149e-02 
 2.585091e+01  3.016150e-02 
 2.585123e+01  3.016151e-02 
 2.585155e+01  3.016152e-02 
 2.585187e+01  3.016153e-02 
 2.585219e+01  3.016153e-02 
 2.585252e+01  3.016154e-02 
 2.585284e+01  3.016155e-02 
 2.585316e+01  3.016156e-02 
 2.585348e+01  3.016157e-02 
 2.585380e+01  3.016158e-02 
 2.585412e+01  3.016159e-02 
 2.585445e+01  3.016160e-02 
 2.585477e+01  3.016161e-02 
 2.585509e+01  3.016162e-02 
 2.585541e+01  3.016163e-02 
 2.585573e+01  3.016164e-02 
 2.585605e+01  3.016165e-02 
 2.585637e+01  3.016166e-02 
 2.585670e+01  3.016166e-02 
 2.585702e+01  3.016167e-02 
 2.585734e+01  3.016168e-02 
 2.585766e+01  3.016169e-02 
 2.585798e+01  3.016170e-02 
 2.585830e+01  3.016171e-02 
 2.585863e+01  3.016172e-02 
 2.585895e+01  3.016173e-02 
 2.585927e+01  3.016174e-02 
 2.585959e+01  3.016175e-02 
 2.585991e+01  3.016176e-02 
 2.586023e+01  3.016177e-02 
 2.586056e+01  3.016178e-02 
 2.586088e+01  3.016179e-02 
 2.586120e+01  3.016180e-02 
 2.586152e+01  3.016181e-02 
 2.586184e+01  3.016182e-02 
 2.586216e+01  3.016183e-02 
 2.586248e+01  3.016184e-02 
 2.586281e+01  3.016185e-02 
 2.586313e+01  3.016186e-02 
 2.586345e+01  3.016187e-02 
 2.586377e+01  3.016188e-02 
 2.586409e+01  3.016189e-02 
 2.586441e+01  3.016190e-02 
 2.586474e+01  3.016192e-02 
 2.586506e+01  3.016193e-02 
 2.586538e+01  3.016194e-02 
 2.586570e+01  3.016195e-02 
 2.586602e+01  3.016196e-02 
 2.586634e+01  3.016197e-02 
 2.586666e+01  3.016198e-02 
 2.586699e+01  3.016199e-02 
 2.586731e+01  3.016200e-02 
 2.586763e+01  3.016201e-02 
 2.586795e+01  3.016202e-02 
 2.586827e+01  3.016203e-02 
 2.586859e+01  3.016204e-02 
 2.586892e+01  3.016205e-02 
 2.586924e+01  3.016206e-02 
 2.586956e+01  3.016207e-02 
 2.586988e+01  3.016208e-02 
 2.587020e+01  3.016209e-02 
 2.587052e+01  3.016211e-02 
 2.587085e+01  3.016212e-02 
 2.587117e+01  3.016213e-02 
 2.587149e+01  3.016214e-02 
 2.587181e+01  3.016215e-02 
 2.587213e+01  3.016216e-02 
 2.587245e+01  3.016217e-02 
 2.587277e+01  3.016218e-02 
 2.587310e+01  3.016219e-02 
 2.587342e+01  3.016220e-02 
 2.587374e+01  3.016221e-02 
 2.587406e+01  3.016222e-02 
 2.587438e+01  3.016223e-02 
 2.587470e+01  3.016224e-02 
 2.587503e+01  3.016225e-02 
 2.587535e+01  3.016227e-02 
 2.587567e+01  3.016228e-02 
 2.587599e+01  3.016229e-02 
 2.587631e+01  3.016230e-02 
 2.587663e+01  3.016231e-02 
 2.587695e+01  3.016232e-02 
 2.587728e+01  3.016233e-02 
 2.587760e+01  3.016234e-02 
 2.587792e+01  3.016235e-02 
 2.587824e+01  3.016236e-02 
 2.587856e+01  3.016237e-02 
 2.587888e+01  3.016238e-02 
 2.587921e+01  3.016239e-02 
 2.587953e+01  3.016240e-02 
 2.587985e+01  3.016241e-02 
 2.588017e+01  3.016242e-02 
 2.588049e+01  3.016243e-02 
 2.588081e+01  3.016244e-02 
 2.588113e+01  3.016245e-02 
 2.588146e+01  3.016246e-02 
 2.588178e+01  3.016247e-02 
 2.588210e+01  3.016248e-02 
 2.588242e+01  3.016249e-02 
 2.588274e+01  3.016250e-02 
 2.588306e+01  3.016251e-02 
 2.588339e+01  3.016252e-02 
 2.588371e+01  3.016253e-02 
 2.588403e+01  3.016254e-02 
 2.588435e+01  3.016255e-02 
 2.588467e+01  3.016256e-02 
 2.588499e+01  3.016257e-02 
 2.588532e+01  3.016258e-02 
 2.588564e+01  3.016259e-02 
 2.588596e+01  3.016260e-02 
 2.588628e+01  3.016261e-02 
 2.588660e+01  3.016262e-02 
 2.588692e+01  3.016263e-02 
 2.588724e+01  3.016264e-02 
 2.588757e+01  3.016265e-02 
 2.588789e+01  3.016266e-02 
 2.588821e+01  3.016267e-02 
 2.588853e+01  3.016268e-02 
 2.588885e+01  3.016269e-02 
 2.588917e+01  3.016269e-02 
 2.588950e+01  3.016270e-02 
 2.588982e+01  3.016271e-02 
 2.589014e+01  3.016272e-02 
 2.589046e+01  3.016273e-02 
 2.589078e+01  3.016274e-02 
 2.589110e+01  3.016275e-02 
 2.589142e+01  3.016276e-02 
 2.589175e+01  3.016277e-02 
 2.589207e+01  3.016278e-02 
 2.589239e+01  3.016279e-02 
 2.589271e+01  3.016280e-02 
 2.589303e+01  3.016281e-02 
 2.589335e+01  3.016282e-02 
 2.589368e+01  3.016283e-02 
 2.589400e+01  3.016283e-02 
 2.589432e+01  3.016284e-02 
 2.589464e+01  3.016285e-02 
 2.589496e+01  3.016286e-02 
 2.589528e+01  3.016287e-02 
 2.589560e+01  3.016288e-02 
 2.589593e+01  3.016289e-02 
 2.589625e+01  3.016290e-02 
 2.589657e+01  3.016291e-02 
 2.589689e+01  3.016292e-02 
 2.589721e+01  3.016293e-02 
 2.589753e+01  3.016294e-02 
 2.589786e+01  3.016295e-02 
 2.589818e+01  3.016296e-02 
 2.589850e+01  3.016297e-02 
 2.589882e+01  3.016298e-02 
 2.589914e+01  3.016299e-02 
 2.589946e+01  3.016300e-02 
 2.589979e+01  3.016301e-02 
 2.590011e+01  3.016302e-02 
 2.590043e+01  3.016303e-02 
 2.590075e+01  3.016304e-02 
 2.590107e+01  3.016305e-02 
 2.590139e+01  3.016306e-02 
 2.590171e+01  3.016307e-02 
 2.590204e+01  3.016308e-02 
 2.590236e+01  3.016309e-02 
 2.590268e+01  3.016310e-02 
 2.590300e+01  3.016311e-02 
 2.590332e+01  3.016312e-02 
 2.590364e+01  3.016313e-02 
 2.590397e+01  3.016314e-02 
 2.590429e+01  3.016315e-02 
 2.590461e+01  3.016316e-02 
 2.590493e+01  3.016318e-02 
 2.590525e+01  3.016319e-02 
 2.590557e+01  3.016320e-02 
 2.590589e+01  3.016321e-02 
 2.590622e+01  3.016322e-02 
 2.590654e+01  3.016323e-02 
 2.590686e+01  3.016324e-02 
 2.590718e+01  3.016325e-02 
 2.590750e+01  3.016326e-02 
 2.590782e+01  3.016328e-02 
 2.590815e+01  3.016329e-02 
 2.590847e+01  3.016330e-02 
 2.590879e+01  3.016331e-02 
 2.590911e+01  3.016332e-02 
 2.590943e+01  3.016333e-02 
 2.590975e+01  3.016335e-02 
 2.591007e+01  3.016336e-02 
 2.591040e+01  3.016337e-02 
 2.591072e+01  3.016338e-02 
 2.591104e+01  3.016339e-02 
 2.591136e+01  3.016340e-02 
 2.591168e+01  3.016342e-02 
 2.591200e+01  3.016343e-02 
 2.591233e+01  3.016344e-02 
 2.591265e+01  3.016345e-02 
 2.591297e+01  3.016346e-02 
 2.591329e+01  3.016348e-02 
 2.591361e+01  3.016349e-02 
 2.591393e+01  3.016350e-02 
 2.591426e+01  3.016351e-02 
 2.591458e+01  3.016352e-02 
 2.591490e+01  3.016354e-02 
 2.591522e+01  3.016355e-02 
 2.591554e+01  3.016356e-02 
 2.591586e+01  3.016357e-02 
 2.591618e+01  3.016359e-02 
 2.591651e+01  3.016360e-02 
 2.591683e+01  3.016361e-02 
 2.591715e+01  3.016362e-02 
 2.591747e+01  3.016363e-02 
 2.591779e+01  3.016365e-02 
 2.591811e+01  3.016366e-02 
 2.591844e+01  3.016367e-02 
 2.591876e+01  3.016368e-02 
 2.591908e+01  3.016369e-02 
 2.591940e+01  3.016371e-02 
 2.591972e+01  3.016372e-02 
 2.592004e+01  3.016373e-02 
 2.592036e+01  3.016374e-02 
 2.592069e+01  3.016375e-02 
 2.592101e+01  3.016377e-02 
 2.592133e+01  3.016378e-02 
 2.592165e+01  3.016379e-02 
 2.592197e+01  3.016380e-02 
 2.592229e+01  3.016381e-02 
 2.592262e+01  3.016383e-02 
 2.592294e+01  3.016384e-02 
 2.592326e+01  3.016385e-02 
 2.592358e+01  3.016386e-02 
 2.592390e+01  3.016387e-02 
 2.592422e+01  3.016388e-02 
 2.592454e+01  3.016390e-02 
 2.592487e+01  3.016391e-02 
 2.592519e+01  3.016392e-02 
 2.592551e+01  3.016393e-02 
 2.592583e+01  3.016394e-02 
 2.592615e+01  3.016395e-02 
 2.592647e+01  3.016397e-02 
 2.592680e+01  3.016398e-02 
 2.592712e+01  3.016399e-02 
 2.592744e+01  3.016400e-02 
 2.592776e+01  3.016401e-02 
 2.592808e+01  3.016402e-02 
 2.592840e+01  3.016403e-02 
 2.592873e+01  3.016404e-02 
 2.592905e+01  3.016406e-02 
 2.592937e+01  3.016407e-02 
 2.592969e+01  3.016408e-02 
 2.593001e+01  3.016409e-02 
 2.593033e+01  3.016410e-02 
 2.593065e+01  3.016411e-02 
 2.593098e+01  3.016412e-02 
 2.593130e+01  3.016413e-02 
 2.593162e+01  3.016414e-02 
 2.593194e+01  3.016415e-02 
 2.593226e+01  3.016416e-02 
 2.593258e+01  3.016417e-02 
 2.593291e+01  3.016419e-02 
 2.593323e+01  3.016420e-02 
 2.593355e+01  3.016421e-02 
 2.593387e+01  3.016422e-02 
 2.593419e+01  3.016423e-02 
 2.593451e+01  3.016424e-02 
 2.593483e+01  3.016425e-02 
 2.593516e+01  3.016426e-02 
 2.593548e+01  3.016427e-02 
 2.593580e+01  3.016428e-02 
 2.593612e+01  3.016429e-02 
 2.593644e+01  3.016430e-02 
 2.593676e+01  3.016431e-02 
 2.593709e+01  3.016432e-02 
 2.593741e+01  3.016433e-02 
 2.593773e+01  3.016434e-02 
 2.593805e+01  3.016435e-02 
 2.593837e+01  3.016436e-02 
 2.593869e+01  3.016437e-02 
 2.593901e+01  3.016438e-02 
 2.593934e+01  3.016439e-02 
 2.593966e+01  3.016440e-02 
 2.593998e+01  3.016441e-02 
 2.594030e+01  3.016442e-02 
 2.594062e+01  3.016443e-02 
 2.594094e+01  3.016444e-02 
 2.594127e+01  3.016444e-02 
 2.594159e+01  3.016445e-02 
 2.594191e+01  3.016446e-02 
 2.594223e+01  3.016447e-02 
 2.594255e+01  3.016448e-02 
 2.594287e+01  3.016449e-02 
 2.594320e+01  3.016450e-02 
 2.594352e+01  3.016451e-02 
 2.594384e+01  3.016452e-02 
 2.594416e+01  3.016453e-02 
 2.594448e+01  3.016454e-02 
 2.594480e+01  3.016455e-02 
 2.594512e+01  3.016455e-02 
 2.594545e+01  3.016456e-02 
 2.594577e+01  3.016457e-02 
 2.594609e+01  3.016458e-02 
 2.594641e+01  3.016459e-02 
 2.594673e+01  3.016460e-02 
 2.594705e+01  3.016461e-02 
 2.594738e+01  3.016462e-02 
 2.594770e+01  3.016462e-02 
 2.594802e+01  3.016463e-02 
 2.594834e+01  3.016464e-02 
 2.594866e+01  3.016465e-02 
 2.594898e+01  3.016466e-02 
 2.594930e+01  3.016467e-02 
 2.594963e+01  3.016467e-02 
 2.594995e+01  3.016468e-02 
 2.595027e+01  3.016469e-02 
 2.595059e+01  3.016470e-02 
 2.595091e+01  3.016471e-02 
 2.595123e+01  3.016471e-02 
 2.595156e+01  3.016472e-02 
 2.595188e+01  3.016473e-02 
 2.595220e+01  3.016474e-02 
 2.595252e+01  3.016475e-02 
 2.595284e+01  3.016475e-02 
 2.595316e+01  3.016476e-02 
 2.595348e+01  3.016477e-02 
 2.595381e+01  3.016478e-02 
 2.595413e+01  3.016478e-02 
 2.595445e+01  3.016479e-02 
 2.595477e+01  3.016480e-02 
 2.595509e+01  3.016481e-02 
 2.595541e+01  3.016481e-02 
 2.595574e+01  3.016482e-02 
 2.595606e+01  3.016483e-02 
 2.595638e+01  3.016483e-02 
 2.595670e+01  3.016484e-02 
 2.595702e+01  3.016485e-02 
 2.595734e+01  3.016485e-02 
 2.595767e+01  3.016486e-02 
 2.595799e+01  3.016487e-02 
 2.595831e+01  3.016487e-02 
 2.595863e+01  3.016488e-02 
 2.595895e+01  3.016489e-02 
 2.595927e+01  3.016489e-02 
 2.595959e+01  3.016490e-02 
 2.595992e+01  3.016490e-02 
 2.596024e+01  3.016491e-02 
 2.596056e+01  3.016492e-02 
 2.596088e+01  3.016492e-02 
 2.596120e+01  3.016493e-02 
 2.596152e+01  3.016493e-02 
 2.596185e+01  3.016494e-02 
 2.596217e+01  3.016494e-02 
 2.596249e+01  3.016495e-02 
 2.596281e+01  3.016495e-02 
 2.596313e+01  3.016496e-02 
 2.596345e+01  3.016496e-02 
 2.596377e+01  3.016496e-02 
 2.596410e+01  3.016497e-02 
 2.596442e+01  3.016497e-02 
 2.596474e+01  3.016498e-02 
 2.596506e+01  3.016498e-02 
 2.596538e+01  3.016498e-02 
 2.596570e+01  3.016499e-02 
 2.596603e+01  3.016499e-02 
 2.596635e+01  3.016499e-02 
 2.596667e+01  3.016500e-02 
 2.596699e+01  3.016500e-02 
 2.596731e+01  3.016500e-02 
 2.596763e+01  3.016500e-02 
 2.596796e+01  3.016501e-02 
 2.596828e+01  3.016501e-02 
 2.596860e+01  3.016501e-02 
 2.596892e+01  3.016501e-02 
 2.596924e+01  3.016502e-02 
 2.596956e+01  3.016502e-02 
 2.596988e+01  3.016502e-02 
 2.597021e+01  3.016502e-02 
 2.597053e+01  3.016502e-02 
 2.597085e+01  3.016502e-02 
 2.597117e+01  3.016502e-02 
 2.597149e+01  3.016502e-02 
 2.597181e+01  3.016502e-02 
 2.597214e+01  3.016503e-02 
 2.597246e+01  3.016503e-02 
 2.597278e+01  3.016503e-02 
 2.597310e+01  3.016503e-02 
 2.597342e+01  3.016503e-02 
 2.597374e+01  3.016503e-02 
 2.597406e+01  3.016503e-02 
 2.597439e+01  3.016503e-02 
 2.597471e+01  3.016503e-02 
 2.597503e+01  3.016503e-02 
 2.597535e+01  3.016502e-02 
 2.597567e+01  3.016502e-02 
 2.597599e+01  3.016502e-02 
 2.597632e+01  3.016502e-02 
 2.597664e+01  3.016502e-02 
 2.597696e+01  3.016502e-02 
 2.597728e+01  3.016502e-02 
 2.597760e+01  3.016502e-02 
 2.597792e+01  3.016502e-02 
 2.597824e+01  3.016502e-02 
 2.597857e+01  3.016501e-02 
 2.597889e+01  3.016501e-02 
 2.597921e+01  3.016501e-02 
 2.597953e+01  3.016501e-02 
 2.597985e+01  3.016501e-02 
 2.598017e+01  3.016501e-02 
 2.598050e+01  3.016500e-02 
 2.598082e+01  3.016500e-02 
 2.598114e+01  3.016500e-02 
 2.598146e+01  3.016500e-02 
 2.598178e+01  3.016500e-02 
 2.598210e+01  3.016499e-02 
 2.598243e+01  3.016499e-02 
 2.598275e+01  3.016499e-02 
 2.598307e+01  3.016499e-02 
 2.598339e+01  3.016499e-02 
 2.598371e+01  3.016498e-02 
 2.598403e+01  3.016498e-02 
 2.598435e+01  3.016498e-02 
 2.598468e+01  3.016498e-02 
 2.598500e+01  3.016497e-02 
 2.598532e+01  3.016497e-02 
 2.598564e+01  3.016497e-02 
 2.598596e+01  3.016497e-02 
 2.598628e+01  3.016497e-02 
 2.598661e+01  3.016496e-02 
 2.598693e+01  3.016496e-02 
 2.598725e+01  3.016496e-02 
 2.598757e+01  3.016496e-02 
 2.598789e+01  3.016496e-02 
 2.598821e+01  3.016495e-02 
 2.598853e+01  3.016495e-02 
 2.598886e+01  3.016495e-02 
 2.598918e+01  3.016495e-02 
 2.598950e+01  3.016494e-02 
 2.598982e+01  3.016494e-02 
 2.599014e+01  3.016494e-02 
 2.599046e+01  3.016494e-02 
 2.599079e+01  3.016494e-02 
 2.599111e+01  3.016493e-02 
 2.599143e+01  3.016493e-02 
 2.599175e+01  3.016493e-02 
 2.599207e+01  3.016493e-02 
 2.599239e+01  3.016493e-02 
 2.599271e+01  3.016493e-02 
 2.599304e+01  3.016492e-02 
 2.599336e+01  3.016492e-02 
 2.599368e+01  3.016492e-02 
 2.599400e+01  3.016492e-02 
 2.599432e+01  3.016492e-02 
 2.599464e+01  3.016492e-02 
 2.599497e+01  3.016491e-02 
 2.599529e+01  3.016491e-02 
 2.599561e+01  3.016491e-02 
 2.599593e+01  3.016491e-02 
 2.599625e+01  3.016491e-02 
 2.599657e+01  3.016491e-02 
 2.599690e+01  3.016491e-02 
 2.599722e+01  3.016490e-02 
 2.599754e+01  3.016490e-02 
 2.599786e+01  3.016490e-02 
 2.599818e+01  3.016490e-02 
 2.599850e+01  3.016490e-02 
 2.599882e+01  3.016490e-02 
 2.599915e+01  3.016490e-02 
 2.599947e+01  3.016490e-02 
 2.599979e+01  3.016489e-02 
 2.600011e+01  3.016489e-02 
 2.600043e+01  3.016489e-02 
 2.600075e+01  3.016489e-02 
 2.600108e+01  3.016489e-02 
 2.600140e+01  3.016489e-02 
 2.600172e+01  3.016489e-02 
 2.600204e+01  3.016489e-02 
 2.600236e+01  3.016489e-02 
 2.600268e+01  3.016489e-02 
 2.600300e+01  3.016488e-02 
 2.600333e+01  3.016488e-02 
 2.600365e+01  3.016488e-02 
 2.600397e+01  3.016488e-02 
 2.600429e+01  3.016488e-02 
 2.600461e+01  3.016488e-02 
 2.600493e+01  3.016488e-02 
 2.600526e+01  3.016488e-02 
 2.600558e+01  3.016488e-02 
 2.600590e+01  3.016488e-02 
 2.600622e+01  3.016487e-02 
 2.600654e+01  3.016487e-02 
 2.600686e+01  3.016487e-02 
 2.600718e+01  3.016487e-02 
 2.600751e+01  3.016487e-02 
 2.600783e+01  3.016487e-02 
 2.600815e+01  3.016487e-02 
 2.600847e+01  3.016487e-02 
 2.600879e+01  3.016486e-02 
 2.600911e+01  3.016486e-02 
 2.600944e+01  3.016486e-02 
 2.600976e+01  3.016486e-02 
 2.601008e+01  3.016486e-02 
 2.601040e+01  3.016486e-02 
 2.601072e+01  3.016486e-02 
 2.601104e+01  3.016485e-02 
 2.601137e+01  3.016485e-02 
 2.601169e+01  3.016485e-02 
 2.601201e+01  3.016485e-02 
 2.601233e+01  3.016485e-02 
 2.601265e+01  3.016485e-02 
 2.601297e+01  3.016485e-02 
 2.601329e+01  3.016484e-02 
 2.601362e+01  3.016484e-02 
 2.601394e+01  3.016484e-02 
 2.601426e+01  3.016484e-02 
 2.601458e+01  3.016484e-02 
 2.601490e+01  3.016484e-02 
 2.601522e+01  3.016483e-02 
 2.601555e+01  3.016483e-02 
 2.601587e+01  3.016483e-02 
 2.601619e+01  3.016483e-02 
 2.601651e+01  3.016483e-02 
 2.601683e+01  3.016483e-02 
 2.601715e+01  3.016482e-02 
 2.601747e+01  3.016482e-02 
 2.601780e+01  3.016482e-02 
 2.601812e+01  3.016482e-02 
 2.601844e+01  3.016482e-02 
 2.601876e+01  3.016481e-02 
 2.601908e+01  3.016481e-02 
 2.601940e+01  3.016481e-02 
 2.601973e+01  3.016481e-02 
 2.602005e+01  3.016481e-02 
 2.602037e+01  3.016481e-02 
 2.602069e+01  3.016480e-02 
 2.602101e+01  3.016480e-02 
 2.602133e+01  3.016480e-02 
 2.602165e+01  3.016480e-02 
 2.602198e+01  3.016480e-02 
 2.602230e+01  3.016480e-02 
 2.602262e+01  3.016479e-02 
 2.602294e+01  3.016479e-02 
 2.602326e+01  3.016479e-02 
 2.602358e+01  3.016479e-02 
 2.602391e+01  3.016479e-02 
 2.602423e+01  3.016479e-02 
 2.602455e+01  3.016479e-02 
 2.602487e+01  3.016479e-02 
 2.602519e+01  3.016478e-02 
 2.602551e+01  3.016478e-02 
 2.602584e+01  3.016478e-02 
 2.602616e+01  3.016478e-02 
 2.602648e+01  3.016478e-02 
 2.602680e+01  3.016478e-02 
 2.602712e+01  3.016478e-02 
 2.602744e+01  3.016478e-02 
 2.602776e+01  3.016478e-02 
 2.602809e+01  3.016478e-02 
 2.602841e+01  3.016477e-02 
 2.602873e+01  3.016477e-02 
 2.602905e+01  3.016477e-02 
 2.602937e+01  3.016477e-02 
 2.602969e+01  3.016477e-02 
 2.603002e+01  3.016477e-02 
 2.603034e+01  3.016477e-02 
 2.603066e+01  3.016477e-02 
 2.603098e+01  3.016477e-02 
 2.603130e+01  3.016477e-02 
 2.603162e+01  3.016477e-02 
 2.603194e+01  3.016477e-02 
 2.603227e+01  3.016477e-02 
 2.603259e+01  3.016477e-02 
 2.603291e+01  3.016477e-02 
 2.603323e+01  3.016477e-02 
 2.603355e+01  3.016477e-02 
 2.603387e+01  3.016477e-02 
 2.603420e+01  3.016477e-02 
 2.603452e+01  3.016477e-02 
 2.603484e+01  3.016477e-02 
 2.603516e+01  3.016477e-02 
 2.603548e+01  3.016477e-02 
 2.603580e+01  3.016477e-02 
 2.603612e+01  3.016477e-02 
 2.603645e+01  3.016477e-02 
 2.603677e+01  3.016477e-02 
 2.603709e+01  3.016478e-02 
 2.603741e+01  3.016478e-02 
 2.603773e+01  3.016478e-02 
 2.603805e+01  3.016478e-02 
 2.603838e+01  3.016478e-02 
 2.603870e+01  3.016478e-02 
 2.603902e+01  3.016478e-02 
 2.603934e+01  3.016478e-02 
 2.603966e+01  3.016478e-02 
 2.603998e+01  3.016478e-02 
 2.604031e+01  3.016478e-02 
 2.604063e+01  3.016478e-02 
 2.604095e+01  3.016478e-02 
 2.604127e+01  3.016478e-02 
 2.604159e+01  3.016479e-02 
 2.604191e+01  3.016479e-02 
 2.604223e+01  3.016479e-02 
 2.604256e+01  3.016479e-02 
 2.604288e+01  3.016479e-02 
 2.604320e+01  3.016479e-02 
 2.604352e+01  3.016479e-02 
 2.604384e+01  3.016479e-02 
 2.604416e+01  3.016479e-02 
 2.604449e+01  3.016479e-02 
 2.604481e+01  3.016479e-02 
 2.604513e+01  3.016479e-02 
 2.604545e+01  3.016479e-02 
 2.604577e+01  3.016479e-02 
 2.604609e+01  3.016480e-02 
 2.604641e+01  3.016480e-02 
 2.604674e+01  3.016480e-02 
 2.604706e+01  3.016480e-02 
 2.604738e+01  3.016480e-02 
 2.604770e+01  3.016480e-02 
 2.604802e+01  3.016480e-02 
 2.604834e+01  3.016480e-02 
 2.604867e+01  3.016480e-02 
 2.604899e+01  3.016480e-02 
 2.604931e+01  3.016480e-02 
 2.604963e+01  3.016480e-02 
 2.604995e+01  3.016480e-02 
 2.605027e+01  3.016480e-02 
 2.605059e+01  3.016480e-02 
 2.605092e+01  3.016480e-02 
 2.605124e+01  3.016480e-02 
 2.605156e+01  3.016480e-02 
 2.605188e+01  3.016480e-02 
 2.605220e+01  3.016480e-02 
 2.605252e+01  3.016480e-02 
 2.605285e+01  3.016480e-02 
 2.605317e+01  3.016480e-02 
 2.605349e+01  3.016480e-02 
 2.605381e+01  3.016480e-02 
 2.605413e+01  3.016480e-02 
 2.605445e+01  3.016480e-02 
 2.605478e+01  3.016480e-02 
 2.605510e+01  3.016480e-02 
 2.605542e+01  3.016480e-02 
 2.605574e+01  3.016480e-02 
 2.605606e+01  3.016480e-02 
 2.605638e+01  3.016480e-02 
 2.605670e+01  3.016480e-02 
 2.605703e+01  3.016480e-02 
 2.605735e+01  3.016480e-02 
 2.605767e+01  3.016480e-02 
 2.605799e+01  3.016480e-02 
 2.605831e+01  3.016480e-02 
 2.605863e+01  3.016480e-02 
 2.605896e+01  3.016480e-02 
 2.605928e+01  3.016480e-02 
 2.605960e+01  3.016480e-02 
 2.605992e+01  3.016480e-02 
 2.606024e+01  3.016480e-02 
 2.606056e+01  3.016480e-02 
 2.606088e+01  3.016479e-02 
 2.606121e+01  3.016479e-02 
 2.606153e+01  3.016479e-02 
 2.606185e+01  3.016479e-02 
 2.606217e+01  3.016479e-02 
 2.606249e+01  3.016479e-02 
 2.606281e+01  3.016479e-02 
 2.606314e+01  3.016479e-02 
 2.606346e+01  3.016479e-02 
 2.606378e+01  3.016478e-02 
 2.606410e+01  3.016478e-02 
 2.606442e+01  3.016478e-02 
 2.606474e+01  3.016478e-02 
 2.606507e+01  3.016478e-02 
 2.606539e+01  3.016478e-02 
 2.606571e+01  3.016478e-02 
 2.606603e+01  3.016477e-02 
 2.606635e+01  3.016477e-02 
 2.606667e+01  3.016477e-02 
 2.606699e+01  3.016477e-02 
 2.606732e+01  3.016477e-02 
 2.606764e+01  3.016477e-02 
 2.606796e+01  3.016477e-02 
 2.606828e+01  3.016476e-02 
 2.606860e+01  3.016476e-02 
 2.606892e+01  3.016476e-02 
 2.606925e+01  3.016476e-02 
 2.606957e+01  3.016476e-02 
 2.606989e+01  3.016475e-02 
 2.607021e+01  3.016475e-02 
 2.607053e+01  3.016475e-02 
 2.607085e+01  3.016475e-02 
 2.607117e+01  3.016475e-02 
 2.607150e+01  3.016474e-02 
 2.607182e+01  3.016474e-02 
 2.607214e+01  3.016474e-02 
 2.607246e+01  3.016474e-02 
 2.607278e+01  3.016474e-02 
 2.607310e+01  3.016473e-02 
 2.607343e+01  3.016473e-02 
 2.607375e+01  3.016473e-02 
 2.607407e+01  3.016473e-02 
 2.607439e+01  3.016472e-02 
 2.607471e+01  3.016472e-02 
 2.607503e+01  3.016472e-02 
 2.607535e+01  3.016472e-02 
 2.607568e+01  3.016471e-02 
 2.607600e+01  3.016471e-02 
 2.607632e+01  3.016471e-02 
 2.607664e+01  3.016471e-02 
 2.607696e+01  3.016470e-02 
 2.607728e+01  3.016470e-02 
 2.607761e+01  3.016470e-02 
 2.607793e+01  3.016469e-02 
 2.607825e+01  3.016469e-02 
 2.607857e+01  3.016469e-02 
 2.607889e+01  3.016469e-02 
 2.607921e+01  3.016468e-02 
 2.607954e+01  3.016468e-02 
 2.607986e+01  3.016468e-02 
 2.608018e+01  3.016467e-02 
 2.608050e+01  3.016467e-02 
 2.608082e+01  3.016467e-02 
 2.608114e+01  3.016466e-02 
 2.608146e+01  3.016466e-02 
 2.608179e+01  3.016466e-02 
 2.608211e+01  3.016466e-02 
 2.608243e+01  3.016465e-02 
 2.608275e+01  3.016465e-02 
 2.608307e+01  3.016465e-02 
 2.608339e+01  3.016464e-02 
 2.608372e+01  3.016464e-02 
 2.608404e+01  3.016463e-02 
 2.608436e+01  3.016463e-02 
 2.608468e+01  3.016463e-02 
 2.608500e+01  3.016462e-02 
 2.608532e+01  3.016462e-02 
 2.608564e+01  3.016462e-02 
 2.608597e+01  3.016461e-02 
 2.608629e+01  3.016461e-02 
 2.608661e+01  3.016461e-02 
 2.608693e+01  3.016460e-02 
 2.608725e+01  3.016460e-02 
 2.608757e+01  3.016459e-02 
 2.608790e+01  3.016459e-02 
 2.608822e+01  3.016459e-02 
 2.608854e+01  3.016458e-02 
 2.608886e+01  3.016458e-02 
 2.608918e+01  3.016457e-02 
 2.608950e+01  3.016457e-02 
 2.608982e+01  3.016457e-02 
 2.609015e+01  3.016456e-02 
 2.609047e+01  3.016456e-02 
 2.609079e+01  3.016455e-02 
 2.609111e+01  3.016455e-02 
 2.609143e+01  3.016454e-02 
 2.609175e+01  3.016454e-02 
 2.609208e+01  3.016454e-02 
 2.609240e+01  3.016453e-02 
 2.609272e+01  3.016453e-02 
 2.609304e+01  3.016452e-02 
 2.609336e+01  3.016452e-02 
 2.609368e+01  3.016451e-02 
 2.609401e+01  3.016451e-02 
 2.609433e+01  3.016451e-02 
 2.609465e+01  3.016450e-02 
 2.609497e+01  3.016450e-02 
 2.609529e+01  3.016449e-02 
 2.609561e+01  3.016449e-02 
 2.609593e+01  3.016448e-02 
 2.609626e+01  3.016448e-02 
 2.609658e+01  3.016448e-02 
 2.609690e+01  3.016447e-02 
 2.609722e+01  3.016447e-02 
 2.609754e+01  3.016446e-02 
 2.609786e+01  3.016446e-02 
 2.609819e+01  3.016445e-02 
 2.609851e+01  3.016445e-02 
 2.609883e+01  3.016444e-02 
 2.609915e+01  3.016444e-02 
 2.609947e+01  3.016444e-02 
 2.609979e+01  3.016443e-02 
 2.610011e+01  3.016443e-02 
 2.610044e+01  3.016442e-02 
 2.610076e+01  3.016442e-02 
 2.610108e+01  3.016441e-02 
 2.610140e+01  3.016441e-02 
 2.610172e+01  3.016441e-02 
 2.610204e+01  3.016440e-02 
 2.610237e+01  3.016440e-02 
 2.610269e+01  3.016439e-02 
 2.610301e+01  3.016439e-02 
 2.610333e+01  3.016438e-02 
 2.610365e+01  3.016438e-02 
 2.610397e+01  3.016438e-02 
 2.610429e+01  3.016437e-02 
 2.610462e+01  3.016437e-02 
 2.610494e+01  3.016436e-02 
 2.610526e+01  3.016436e-02 
 2.610558e+01  3.016436e-02 
 2.610590e+01  3.016435e-02 
 2.610622e+01  3.016435e-02 
 2.610655e+01  3.016434e-02 
 2.610687e+01  3.016434e-02 
 2.610719e+01  3.016434e-02 
 2.610751e+01  3.016433e-02 
 2.610783e+01  3.016433e-02 
 2.610815e+01  3.016432e-02 
 2.610848e+01  3.016432e-02 
 2.610880e+01  3.016432e-02 
 2.610912e+01  3.016431e-02 
 2.610944e+01  3.016431e-02 
 2.610976e+01  3.016430e-02 
 2.611008e+01  3.016430e-02 
 2.611040e+01  3.016430e-02 
 2.611073e+01  3.016429e-02 
 2.611105e+01  3.016429e-02 
 2.611137e+01  3.016429e-02 
 2.611169e+01  3.016428e-02 
 2.611201e+01  3.016428e-02 
 2.611233e+01  3.016427e-02 
 2.611266e+01  3.016427e-02 
 2.611298e+01  3.016427e-02 
 2.611330e+01  3.016426e-02 
 2.611362e+01  3.016426e-02 
 2.611394e+01  3.016426e-02 
 2.611426e+01  3.016425e-02 
 2.611458e+01  3.016425e-02 
 2.611491e+01  3.016425e-02 
 2.611523e+01  3.016424e-02 
 2.611555e+01  3.016424e-02 
 2.611587e+01  3.016424e-02 
 2.611619e+01  3.016423e-02 
 2.611651e+01  3.016423e-02 
 2.611684e+01  3.016423e-02 
 2.611716e+01  3.016422e-02 
 2.611748e+01  3.016422e-02 
 2.611780e+01  3.016422e-02 
 2.611812e+01  3.016421e-02 
 2.611844e+01  3.016421e-02 
 2.611876e+01  3.016421e-02 
 2.611909e+01  3.016421e-02 
 2.611941e+01  3.016420e-02 
 2.611973e+01  3.016420e-02 
 2.612005e+01  3.016420e-02 
 2.612037e+01  3.016419e-02 
 2.612069e+01  3.016419e-02 
 2.612102e+01  3.016419e-02 
 2.612134e+01  3.016419e-02 
 2.612166e+01  3.016418e-02 
 2.612198e+01  3.016418e-02 
 2.612230e+01  3.016418e-02 
 2.612262e+01  3.016417e-02 
 2.612295e+01  3.016417e-02 
 2.612327e+01  3.016417e-02 
 2.612359e+01  3.016417e-02 
 2.612391e+01  3.016416e-02 
 2.612423e+01  3.016416e-02 
 2.612455e+01  3.016416e-02 
 2.612487e+01  3.016416e-02 
 2.612520e+01  3.016416e-02 
 2.612552e+01  3.016415e-02 
 2.612584e+01  3.016415e-02 
 2.612616e+01  3.016415e-02 
 2.612648e+01  3.016415e-02 
 2.612680e+01  3.016414e-02 
 2.612713e+01  3.016414e-02 
 2.612745e+01  3.016414e-02 
 2.612777e+01  3.016414e-02 
 2.612809e+01  3.016414e-02 
 2.612841e+01  3.016414e-02 
 2.612873e+01  3.016413e-02 
 2.612905e+01  3.016413e-02 
 2.612938e+01  3.016413e-02 
 2.612970e+01  3.016413e-02 
 2.613002e+01  3.016413e-02 
 2.613034e+01  3.016413e-02 
 2.613066e+01  3.016413e-02 
 2.613098e+01  3.016412e-02 
 2.613131e+01  3.016412e-02 
 2.613163e+01  3.016412e-02 
 2.613195e+01  3.016412e-02 
 2.613227e+01  3.016412e-02 
 2.613259e+01  3.016412e-02 
 2.613291e+01  3.016412e-02 
 2.613323e+01  3.016412e-02 
 2.613356e+01  3.016412e-02 
 2.613388e+01  3.016412e-02 
 2.613420e+01  3.016412e-02 
 2.613452e+01  3.016412e-02 
 2.613484e+01  3.016412e-02 
 2.613516e+01  3.016412e-02 
 2.613549e+01  3.016412e-02 
 2.613581e+01  3.016412e-02 
 2.613613e+01  3.016412e-02 
 2.613645e+01  3.016412e-02 
 2.613677e+01  3.016412e-02 
 2.613709e+01  3.016412e-02 
 2.613742e+01  3.016412e-02 
 2.613774e+01  3.016412e-02 
 2.613806e+01  3.016412e-02 
 2.613838e+01  3.016412e-02 
 2.613870e+01  3.016413e-02 
 2.613902e+01  3.016413e-02 
 2.613934e+01  3.016413e-02 
 2.613967e+01  3.016413e-02 
 2.613999e+01  3.016413e-02 
 2.614031e+01  3.016413e-02 
 2.614063e+01  3.016414e-02 
 2.614095e+01  3.016414e-02 
 2.614127e+01  3.016414e-02 
 2.614160e+01  3.016414e-02 
 2.614192e+01  3.016414e-02 
 2.614224e+01  3.016415e-02 
 2.614256e+01  3.016415e-02 
 2.614288e+01  3.016415e-02 
 2.614320e+01  3.016416e-02 
 2.614352e+01  3.016416e-02 
 2.614385e+01  3.016416e-02 
 2.614417e+01  3.016417e-02 
 2.614449e+01  3.016417e-02 
 2.614481e+01  3.016417e-02 
 2.614513e+01  3.016418e-02 
 2.614545e+01  3.016418e-02 
 2.614578e+01  3.016418e-02 
 2.614610e+01  3.016419e-02 
 2.614642e+01  3.016419e-02 
 2.614674e+01  3.016420e-02 
 2.614706e+01  3.016420e-02 
 2.614738e+01  3.016421e-02 
 2.614770e+01  3.016421e-02 
 2.614803e+01  3.016422e-02 
 2.614835e+01  3.016422e-02 
 2.614867e+01  3.016423e-02 
 2.614899e+01  3.016423e-02 
 2.614931e+01  3.016424e-02 
 2.614963e+01  3.016424e-02 
 2.614996e+01  3.016425e-02 
 2.615028e+01  3.016425e-02 
 2.615060e+01  3.016426e-02 
 2.615092e+01  3.016426e-02 
 2.615124e+01  3.016427e-02 
 2.615156e+01  3.016428e-02 
 2.615189e+01  3.016428e-02 
 2.615221e+01  3.016429e-02 
 2.615253e+01  3.016429e-02 
 2.615285e+01  3.016430e-02 
 2.615317e+01  3.016431e-02 
 2.615349e+01  3.016431e-02 
 2.615381e+01  3.016432e-02 
 2.615414e+01  3.016433e-02 
 2.615446e+01  3.016433e-02 
 2.615478e+01  3.016434e-02 
 2.615510e+01  3.016435e-02 
 2.615542e+01  3.016435e-02 
 2.615574e+01  3.016436e-02 
 2.615607e+01  3.016437e-02 
 2.615639e+01  3.016438e-02 
 2.615671e+01  3.016438e-02 
 2.615703e+01  3.016439e-02 
 2.615735e+01  3.016440e-02 
 2.615767e+01  3.016440e-02 
 2.615799e+01  3.016441e-02 
 2.615832e+01  3.016442e-02 
 2.615864e+01  3.016443e-02 
 2.615896e+01  3.016444e-02 
 2.615928e+01  3.016444e-02 
 2.615960e+01  3.016445e-02 
 2.615992e+01  3.016446e-02 
 2.616025e+01  3.016447e-02 
 2.616057e+01  3.016447e-02 
 2.616089e+01  3.016448e-02 
 2.616121e+01  3.016449e-02 
 2.616153e+01  3.016450e-02 
 2.616185e+01  3.016451e-02 
 2.616218e+01  3.016452e-02 
 2.616250e+01  3.016452e-02 
 2.616282e+01  3.016453e-02 
 2.616314e+01  3.016454e-02 
 2.616346e+01  3.016455e-02 
 2.616378e+01  3.016456e-02 
 2.616410e+01  3.016456e-02 
 2.616443e+01  3.016457e-02 
 2.616475e+01  3.016458e-02 
 2.616507e+01  3.016459e-02 
 2.616539e+01  3.016460e-02 
 2.616571e+01  3.016461e-02 
 2.616603e+01  3.016461e-02 
 2.616636e+01  3.016462e-02 
 2.616668e+01  3.016463e-02 
 2.616700e+01  3.016464e-02 
 2.616732e+01  3.016465e-02 
 2.616764e+01  3.016466e-02 
 2.616796e+01  3.016466e-02 
 2.616828e+01  3.016467e-02 
 2.616861e+01  3.016468e-02 
 2.616893e+01  3.016469e-02 
 2.616925e+01  3.016470e-02 
 2.616957e+01  3.016471e-02 
 2.616989e+01  3.016471e-02 
 2.617021e+01  3.016472e-02 
 2.617054e+01  3.016473e-02 
 2.617086e+01  3.016474e-02 
 2.617118e+01  3.016475e-02 
 2.617150e+01  3.016476e-02 
 2.617182e+01  3.016476e-02 
 2.617214e+01  3.016477e-02 
 2.617246e+01  3.016478e-02 
 2.617279e+01  3.016479e-02 
 2.617311e+01  3.016480e-02 
 2.617343e+01  3.016481e-02 
 2.617375e+01  3.016481e-02 
 2.617407e+01  3.016482e-02 
 2.617439e+01  3.016483e-02 
 2.617472e+01  3.016484e-02 
 2.617504e+01  3.016485e-02 
 2.617536e+01  3.016486e-02 
 2.617568e+01  3.016486e-02 
 2.617600e+01  3.016487e-02 
 2.617632e+01  3.016488e-02 
 2.617665e+01  3.016489e-02 
 2.617697e+01  3.016490e-02 
 2.617729e+01  3.016490e-02 
 2.617761e+01  3.016491e-02 
 2.617793e+01  3.016492e-02 
 2.617825e+01  3.016493e-02 
 2.617857e+01  3.016494e-02 
 2.617890e+01  3.016495e-02 
 2.617922e+01  3.016495e-02 
 2.617954e+01  3.016496e-02 
 2.617986e+01  3.016497e-02 
 2.618018e+01  3.016498e-02 
 2.618050e+01  3.016499e-02 
 2.618083e+01  3.016499e-02 
 2.618115e+01  3.016500e-02 
 2.618147e+01  3.016501e-02 
 2.618179e+01  3.016502e-02 
 2.618211e+01  3.016503e-02 
 2.618243e+01  3.016504e-02 
 2.618275e+01  3.016504e-02 
 2.618308e+01  3.016505e-02 
 2.618340e+01  3.016506e-02 
 2.618372e+01  3.016507e-02 
 2.618404e+01  3.016508e-02 
 2.618436e+01  3.016509e-02 
 2.618468e+01  3.016510e-02 
 2.618501e+01  3.016510e-02 
 2.618533e+01  3.016511e-02 
 2.618565e+01  3.016512e-02 
 2.618597e+01  3.016513e-02 
 2.618629e+01  3.016514e-02 
 2.618661e+01  3.016515e-02 
 2.618693e+01  3.016516e-02 
 2.618726e+01  3.016516e-02 
 2.618758e+01  3.016517e-02 
 2.618790e+01  3.016518e-02 
 2.618822e+01  3.016519e-02 
 2.618854e+01  3.016520e-02 
 2.618886e+01  3.016521e-02 
 2.618919e+01  3.016522e-02 
 2.618951e+01  3.016523e-02 
 2.618983e+01  3.016524e-02 
 2.619015e+01  3.016524e-02 
 2.619047e+01  3.016525e-02 
 2.619079e+01  3.016526e-02 
 2.619112e+01  3.016527e-02 
 2.619144e+01  3.016528e-02 
 2.619176e+01  3.016529e-02 
 2.619208e+01  3.016530e-02 
 2.619240e+01  3.016531e-02 
 2.619272e+01  3.016532e-02 
 2.619304e+01  3.016533e-02 
 2.619337e+01  3.016534e-02 
 2.619369e+01  3.016535e-02 
 2.619401e+01  3.016536e-02 
 2.619433e+01  3.016537e-02 
 2.619465e+01  3.016538e-02 
 2.619497e+01  3.016539e-02 
 2.619530e+01  3.016540e-02 
 2.619562e+01  3.016541e-02 
 2.619594e+01  3.016542e-02 
 2.619626e+01  3.016542e-02 
 2.619658e+01  3.016543e-02 
 2.619690e+01  3.016544e-02 
 2.619722e+01  3.016546e-02 
 2.619755e+01  3.016547e-02 
 2.619787e+01  3.016548e-02 
 2.619819e+01  3.016549e-02 
 2.619851e+01  3.016550e-02 
 2.619883e+01  3.016551e-02 
 2.619915e+01  3.016552e-02 
 2.619948e+01  3.016553e-02 
 2.619980e+01  3.016554e-02 
 2.620012e+01  3.016555e-02 
 2.620044e+01  3.016556e-02 
 2.620076e+01  3.016557e-02 
 2.620108e+01  3.016558e-02 
 2.620140e+01  3.016559e-02 
 2.620173e+01  3.016560e-02 
 2.620205e+01  3.016562e-02 
 2.620237e+01  3.016563e-02 
 2.620269e+01  3.016564e-02 
 2.620301e+01  3.016565e-02 
 2.620333e+01  3.016566e-02 
 2.620366e+01  3.016567e-02 
 2.620398e+01  3.016568e-02 
 2.620430e+01  3.016570e-02 
 2.620462e+01  3.016571e-02 
 2.620494e+01  3.016572e-02 
 2.620526e+01  3.016573e-02 
 2.620559e+01  3.016575e-02 
 2.620591e+01  3.016576e-02 
 2.620623e+01  3.016577e-02 
 2.620655e+01  3.016578e-02 
 2.620687e+01  3.016580e-02 
 2.620719e+01  3.016581e-02 
 2.620751e+01  3.016582e-02 
 2.620784e+01  3.016583e-02 
 2.620816e+01  3.016585e-02 
 2.620848e+01  3.016586e-02 
 2.620880e+01  3.016587e-02 
 2.620912e+01  3.016589e-02 
 2.620944e+01  3.016590e-02 
 2.620977e+01  3.016592e-02 
 2.621009e+01  3.016593e-02 
 2.621041e+01  3.016594e-02 
 2.621073e+01  3.016596e-02 
 2.621105e+01  3.016597e-02 
 2.621137e+01  3.016599e-02 
 2.621169e+01  3.016600e-02 
 2.621202e+01  3.016602e-02 
 2.621234e+01  3.016603e-02 
 2.621266e+01  3.016605e-02 
 2.621298e+01  3.016606e-02 
 2.621330e+01  3.016608e-02 
 2.621362e+01  3.016609e-02 
 2.621395e+01  3.016611e-02 
 2.621427e+01  3.016612e-02 
 2.621459e+01  3.016614e-02 
 2.621491e+01  3.016616e-02 
 2.621523e+01  3.016617e-02 
 2.621555e+01  3.016619e-02 
 2.621587e+01  3.016621e-02 
 2.621620e+01  3.016622e-02 
 2.621652e+01  3.016624e-02 
 2.621684e+01  3.016626e-02 
 2.621716e+01  3.016627e-02 
 2.621748e+01  3.016629e-02 
 2.621780e+01  3.016631e-02 
 2.621813e+01  3.016633e-02 
 2.621845e+01  3.016635e-02 
 2.621877e+01  3.016636e-02 
 2.621909e+01  3.016638e-02 
 2.621941e+01  3.016640e-02 
 2.621973e+01  3.016642e-02 
 2.622006e+01  3.016644e-02 
 2.622038e+01  3.016646e-02 
 2.622070e+01  3.016648e-02 
 2.622102e+01  3.016650e-02 
 2.622134e+01  3.016651e-02 
 2.622166e+01  3.016653e-02 
 2.622198e+01  3.016655e-02 
 2.622231e+01  3.016657e-02 
 2.622263e+01  3.016659e-02 
 2.622295e+01  3.016661e-02 
 2.622327e+01  3.016663e-02 
 2.622359e+01  3.016665e-02 
 2.622391e+01  3.016668e-02 
 2.622424e+01  3.016670e-02 
 2.622456e+01  3.016672e-02 
 2.622488e+01  3.016674e-02 
 2.622520e+01  3.016676e-02 
 2.622552e+01  3.016678e-02 
 2.622584e+01  3.016680e-02 
 2.622616e+01  3.016682e-02 
 2.622649e+01  3.016685e-02 
 2.622681e+01  3.016687e-02 
 2.622713e+01  3.016689e-02 
 2.622745e+01  3.016691e-02 
 2.622777e+01  3.016693e-02 
 2.622809e+01  3.016696e-02 
 2.622842e+01  3.016698e-02 
 2.622874e+01  3.016700e-02 
 2.622906e+01  3.016702e-02 
 2.622938e+01  3.016705e-02 
 2.622970e+01  3.016707e-02 
 2.623002e+01  3.016709e-02 
 2.623034e+01  3.016712e-02 
 2.623067e+01  3.016714e-02 
 2.623099e+01  3.016716e-02 
 2.623131e+01  3.016719e-02 
 2.623163e+01  3.016721e-02 
 2.623195e+01  3.016723e-02 
 2.623227e+01  3.016726e-02 
 2.623260e+01  3.016728e-02 
 2.623292e+01  3.016731e-02 
 2.623324e+01  3.016733e-02 
 2.623356e+01  3.016735e-02 
 2.623388e+01  3.016738e-02 
 2.623420e+01  3.016740e-02 
 2.623453e+01  3.016743e-02 
 2.623485e+01  3.016745e-02 
 2.623517e+01  3.016748e-02 
 2.623549e+01  3.016750e-02 
 2.623581e+01  3.016752e-02 
 2.623613e+01  3.016755e-02 
 2.623645e+01  3.016757e-02 
 2.623678e+01  3.016760e-02 
 2.623710e+01  3.016762e-02 
 2.623742e+01  3.016765e-02 
 2.623774e+01  3.016767e-02 
 2.623806e+01  3.016770e-02 
 2.623838e+01  3.016772e-02 
 2.623871e+01  3.016775e-02 
 2.623903e+01  3.016777e-02 
 2.623935e+01  3.016780e-02 
 2.623967e+01  3.016782e-02 
 2.623999e+01  3.016785e-02 
 2.624031e+01  3.016787e-02 
 2.624063e+01  3.016790e-02 
 2.624096e+01  3.016792e-02 
 2.624128e+01  3.016795e-02 
 2.624160e+01  3.016797e-02 
 2.624192e+01  3.016800e-02 
 2.624224e+01  3.016802e-02 
 2.624256e+01  3.016805e-02 
 2.624289e+01  3.016808e-02 
 2.624321e+01  3.016810e-02 
 2.624353e+01  3.016813e-02 
 2.624385e+01  3.016815e-02 
 2.624417e+01  3.016818e-02 
 2.624449e+01  3.016820e-02 
 2.624481e+01  3.016823e-02 
 2.624514e+01  3.016825e-02 
 2.624546e+01  3.016828e-02 
 2.624578e+01  3.016830e-02 
 2.624610e+01  3.016833e-02 
 2.624642e+01  3.016836e-02 
 2.624674e+01  3.016838e-02 
 2.624707e+01  3.016841e-02 
 2.624739e+01  3.016843e-02 
 2.624771e+01  3.016846e-02 
 2.624803e+01  3.016849e-02 
 2.624835e+01  3.016851e-02 
 2.624867e+01  3.016854e-02 
 2.624900e+01  3.016856e-02 
 2.624932e+01  3.016859e-02 
 2.624964e+01  3.016862e-02 
 2.624996e+01  3.016864e-02 
 2.625028e+01  3.016867e-02 
 2.625060e+01  3.016869e-02 
 2.625092e+01  3.016872e-02 
 2.625125e+01  3.016875e-02 
 2.625157e+01  3.016877e-02 
 2.625189e+01  3.016880e-02 
 2.625221e+01  3.016883e-02 
 2.625253e+01  3.016885e-02 
 2.625285e+01  3.016888e-02 
 2.625318e+01  3.016891e-02 
 2.625350e+01  3.016893e-02 
 2.625382e+01  3.016896e-02 
 2.625414e+01  3.016899e-02 
 2.625446e+01  3.016901e-02 
 2.625478e+01  3.016904e-02 
 2.625510e+01  3.016907e-02 
 2.625543e+01  3.016910e-02 
 2.625575e+01  3.016912e-02 
 2.625607e+01  3.016915e-02 
 2.625639e+01  3.016918e-02 
 2.625671e+01  3.016921e-02 
 2.625703e+01  3.016923e-02 
 2.625736e+01  3.016926e-02 
 2.625768e+01  3.016929e-02 
 2.625800e+01  3.016932e-02 
 2.625832e+01  3.016935e-02 
 2.625864e+01  3.016937e-02 
 2.625896e+01  3.016940e-02 
 2.625929e+01  3.016943e-02 
 2.625961e+01  3.016946e-02 
 2.625993e+01  3.016949e-02 
 2.626025e+01  3.016952e-02 
 2.626057e+01  3.016955e-02 
 2.626089e+01  3.016958e-02 
 2.626121e+01  3.016960e-02 
 2.626154e+01  3.016963e-02 
 2.626186e+01  3.016966e-02 
 2.626218e+01  3.016969e-02 
 2.626250e+01  3.016972e-02 
 2.626282e+01  3.016975e-02 
 2.626314e+01  3.016978e-02 
 2.626347e+01  3.016981e-02 
 2.626379e+01  3.016984e-02 
 2.626411e+01  3.016987e-02 
 2.626443e+01  3.016990e-02 
 2.626475e+01  3.016993e-02 
 2.626507e+01  3.016996e-02 
 2.626539e+01  3.016999e-02 
 2.626572e+01  3.017002e-02 
 2.626604e+01  3.017005e-02 
 2.626636e+01  3.017008e-02 
 2.626668e+01  3.017011e-02 
 2.626700e+01  3.017014e-02 
 2.626732e+01  3.017017e-02 
 2.626765e+01  3.017020e-02 
 2.626797e+01  3.017023e-02 
 2.626829e+01  3.017026e-02 
 2.626861e+01  3.017030e-02 
 2.626893e+01  3.017033e-02 
 2.626925e+01  3.017036e-02 
 2.626957e+01  3.017039e-02 
 2.626990e+01  3.017042e-02 
 2.627022e+01  3.017045e-02 
 2.627054e+01  3.017048e-02 
 2.627086e+01  3.017051e-02 
 2.627118e+01  3.017054e-02 
 2.627150e+01  3.017058e-02 
 2.627183e+01  3.017061e-02 
 2.627215e+01  3.017064e-02 
 2.627247e+01  3.017067e-02 
 2.627279e+01  3.017070e-02 
 2.627311e+01  3.017073e-02 
 2.627343e+01  3.017076e-02 
 2.627376e+01  3.017080e-02 
 2.627408e+01  3.017083e-02 
 2.627440e+01  3.017086e-02 
 2.627472e+01  3.017089e-02 
 2.627504e+01  3.017092e-02 
 2.627536e+01  3.017095e-02 
 2.627568e+01  3.017099e-02 
 2.627601e+01  3.017102e-02 
 2.627633e+01  3.017105e-02 
 2.627665e+01  3.017108e-02 
 2.627697e+01  3.017111e-02 
 2.627729e+01  3.017114e-02 
 2.627761e+01  3.017118e-02 
 2.627794e+01  3.017121e-02 
 2.627826e+01  3.017124e-02 
 2.627858e+01  3.017127e-02 
 2.627890e+01  3.017130e-02 
 2.627922e+01  3.017133e-02 
 2.627954e+01  3.017137e-02 
 2.627986e+01  3.017140e-02 
 2.628019e+01  3.017143e-02 
 2.628051e+01  3.017146e-02 
 2.628083e+01  3.017149e-02 
 2.628115e+01  3.017152e-02 
 2.628147e+01  3.017156e-02 
 2.628179e+01  3.017159e-02 
 2.628212e+01  3.017162e-02 
 2.628244e+01  3.017165e-02 
 2.628276e+01  3.017168e-02 
 2.628308e+01  3.017171e-02 
 2.628340e+01  3.017175e-02 
 2.628372e+01  3.017178e-02 
 2.628404e+01  3.017181e-02 
 2.628437e+01  3.017184e-02 
 2.628469e+01  3.017187e-02 
 2.628501e+01  3.017190e-02 
 2.628533e+01  3.017193e-02 
 2.628565e+01  3.017197e-02 
 2.628597e+01  3.017200e-02 
 2.628630e+01  3.017203e-02 
 2.628662e+01  3.017206e-02 
 2.628694e+01  3.017209e-02 
 2.628726e+01  3.017212e-02 
 2.628758e+01  3.017215e-02 
 2.628790e+01  3.017218e-02 
 2.628823e+01  3.017222e-02 
 2.628855e+01  3.017225e-02 
 2.628887e+01  3.017228e-02 
 2.628919e+01  3.017231e-02 
 2.628951e+01  3.017234e-02 
 2.628983e+01  3.017237e-02 
 2.629015e+01  3.017240e-02 
 2.629048e+01  3.017243e-02 
 2.629080e+01  3.017246e-02 
 2.629112e+01  3.017249e-02 
 2.629144e+01  3.017253e-02 
 2.629176e+01  3.017256e-02 
 2.629208e+01  3.017259e-02 
 2.629241e+01  3.017262e-02 
 2.629273e+01  3.017265e-02 
 2.629305e+01  3.017268e-02 
 2.629337e+01  3.017271e-02 
 2.629369e+01  3.017274e-02 
 2.629401e+01  3.017277e-02 
 2.629433e+01  3.017280e-02 
 2.629466e+01  3.017283e-02 
 2.629498e+01  3.017286e-02 
 2.629530e+01  3.017289e-02 
 2.629562e+01  3.017292e-02 
 2.629594e+01  3.017296e-02 
 2.629626e+01  3.017299e-02 
 2.629659e+01  3.017302e-02 
 2.629691e+01  3.017305e-02 
 2.629723e+01  3.017308e-02 
 2.629755e+01  3.017311e-02 
 2.629787e+01  3.017314e-02 
 2.629819e+01  3.017317e-02 
 2.629851e+01  3.017320e-02 
 2.629884e+01  3.017323e-02 
 2.629916e+01  3.017326e-02 
 2.629948e+01  3.017329e-02 
 2.629980e+01  3.017332e-02 
 2.630012e+01  3.017335e-02 
 2.630044e+01  3.017338e-02 
 2.630077e+01  3.017341e-02 
 2.630109e+01  3.017344e-02 
 2.630141e+01  3.017348e-02 
 2.630173e+01  3.017351e-02 
 2.630205e+01  3.017354e-02 
 2.630237e+01  3.017357e-02 
 2.630270e+01  3.017360e-02 
 2.630302e+01  3.017363e-02 
 2.630334e+01  3.017366e-02 
 2.630366e+01  3.017369e-02 
 2.630398e+01  3.017372e-02 
 2.630430e+01  3.017375e-02 
 2.630462e+01  3.017378e-02 
 2.630495e+01  3.017381e-02 
 2.630527e+01  3.017384e-02 
 2.630559e+01  3.017388e-02 
 2.630591e+01  3.017391e-02 
 2.630623e+01  3.017394e-02 
 2.630655e+01  3.017397e-02 
 2.630688e+01  3.017400e-02 
 2.630720e+01  3.017403e-02 
 2.630752e+01  3.017406e-02 
 2.630784e+01  3.017409e-02 
 2.630816e+01  3.017412e-02 
 2.630848e+01  3.017416e-02 
 2.630880e+01  3.017419e-02 
 2.630913e+01  3.017422e-02 
 2.630945e+01  3.017425e-02 
 2.630977e+01  3.017428e-02 
 2.631009e+01  3.017431e-02 
 2.631041e+01  3.017434e-02 
 2.631073e+01  3.017437e-02 
 2.631106e+01  3.017441e-02 
 2.631138e+01  3.017444e-02 
 2.631170e+01  3.017447e-02 
 2.631202e+01  3.017450e-02 
 2.631234e+01  3.017453e-02 
 2.631266e+01  3.017456e-02 
 2.631298e+01  3.017460e-02 
 2.631331e+01  3.017463e-02 
 2.631363e+01  3.017466e-02 
 2.631395e+01  3.017469e-02 
 2.631427e+01  3.017472e-02 
 2.631459e+01  3.017476e-02 
 2.631491e+01  3.017479e-02 
 2.631524e+01  3.017482e-02 
 2.631556e+01  3.017485e-02 
 2.631588e+01  3.017489e-02 
 2.631620e+01  3.017492e-02 
 2.631652e+01  3.017495e-02 
 2.631684e+01  3.017498e-02 
 2.631717e+01  3.017501e-02 
 2.631749e+01  3.017505e-02 
 2.631781e+01  3.017508e-02 
 2.631813e+01  3.017511e-02 
 2.631845e+01  3.017514e-02 
 2.631877e+01  3.017518e-02 
 2.631909e+01  3.017521e-02 
 2.631942e+01  3.017524e-02 
 2.631974e+01  3.017528e-02 
 2.632006e+01  3.017531e-02 
 2.632038e+01  3.017534e-02 
 2.632070e+01  3.017537e-02 
 2.632102e+01  3.017541e-02 
 2.632135e+01  3.017544e-02 
 2.632167e+01  3.017547e-02 
 2.632199e+01  3.017551e-02 
 2.632231e+01  3.017554e-02 
 2.632263e+01  3.017557e-02 
 2.632295e+01  3.017560e-02 
 2.632327e+01  3.017564e-02 
 2.632360e+01  3.017567e-02 
 2.632392e+01  3.017570e-02 
 2.632424e+01  3.017574e-02 
 2.632456e+01  3.017577e-02 
 2.632488e+01  3.017580e-02 
 2.632520e+01  3.017584e-02 
 2.632553e+01  3.017587e-02 
 2.632585e+01  3.017590e-02 
 2.632617e+01  3.017594e-02 
 2.632649e+01  3.017597e-02 
 2.632681e+01  3.017600e-02 
 2.632713e+01  3.017604e-02 
 2.632745e+01  3.017607e-02 
 2.632778e+01  3.017610e-02 
 2.632810e+01  3.017614e-02 
 2.632842e+01  3.017617e-02 
 2.632874e+01  3.017620e-02 
 2.632906e+01  3.017624e-02 
 2.632938e+01  3.017627e-02 
 2.632971e+01  3.017630e-02 
 2.633003e+01  3.017634e-02 
 2.633035e+01  3.017637e-02 
 2.633067e+01  3.017640e-02 
 2.633099e+01  3.017644e-02 
 2.633131e+01  3.017647e-02 
 2.633164e+01  3.017650e-02 
 2.633196e+01  3.017654e-02 
 2.633228e+01  3.017657e-02 
 2.633260e+01  3.017660e-02 
 2.633292e+01  3.017664e-02 
 2.633324e+01  3.017667e-02 
 2.633356e+01  3.017670e-02 
 2.633389e+01  3.017674e-02 
 2.633421e+01  3.017677e-02 
 2.633453e+01  3.017680e-02 
 2.633485e+01  3.017684e-02 
 2.633517e+01  3.017687e-02 
 2.633549e+01  3.017690e-02 
 2.633582e+01  3.017694e-02 
 2.633614e+01  3.017697e-02 
 2.633646e+01  3.017700e-02 
 2.633678e+01  3.017704e-02 
 2.633710e+01  3.017707e-02 
 2.633742e+01  3.017710e-02 
 2.633774e+01  3.017714e-02 
 2.633807e+01  3.017717e-02 
 2.633839e+01  3.017720e-02 
 2.633871e+01  3.017724e-02 
 2.633903e+01  3.017727e-02 
 2.633935e+01  3.017731e-02 
 2.633967e+01  3.017734e-02 
 2.634000e+01  3.017737e-02 
 2.634032e+01  3.017741e-02 
 2.634064e+01  3.017744e-02 
 2.634096e+01  3.017747e-02 
 2.634128e+01  3.017751e-02 
 2.634160e+01  3.017754e-02 
 2.634192e+01  3.017757e-02 
 2.634225e+01  3.017761e-02 
 2.634257e+01  3.017764e-02 
 2.634289e+01  3.017768e-02 
 2.634321e+01  3.017771e-02 
 2.634353e+01  3.017774e-02 
 2.634385e+01  3.017778e-02 
 2.634418e+01  3.017781e-02 
 2.634450e+01  3.017784e-02 
 2.634482e+01  3.017788e-02 
 2.634514e+01  3.017791e-02 
 2.634546e+01  3.017795e-02 
 2.634578e+01  3.017798e-02 
 2.634611e+01  3.017801e-02 
 2.634643e+01  3.017805e-02 
 2.634675e+01  3.017808e-02 
 2.634707e+01  3.017812e-02 
 2.634739e+01  3.017815e-02 
 2.634771e+01  3.017819e-02 
 2.634803e+01  3.017822e-02 
 2.634836e+01  3.017825e-02 
 2.634868e+01  3.017829e-02 
 2.634900e+01  3.017832e-02 
 2.634932e+01  3.017836e-02 
 2.634964e+01  3.017839e-02 
 2.634996e+01  3.017843e-02 
 2.635029e+01  3.017846e-02 
 2.635061e+01  3.017850e-02 
 2.635093e+01  3.017853e-02 
 2.635125e+01  3.017856e-02 
 2.635157e+01  3.017860e-02 
 2.635189e+01  3.017863e-02 
 2.635221e+01  3.017867e-02 
 2.635254e+01  3.017870e-02 
 2.635286e+01  3.017874e-02 
 2.635318e+01  3.017877e-02 
 2.635350e+01  3.017881e-02 
 2.635382e+01  3.017884e-02 
 2.635414e+01  3.017888e-02 
 2.635447e+01  3.017891e-02 
 2.635479e+01  3.017895e-02 
 2.635511e+01  3.017898e-02 
 2.635543e+01  3.017902e-02 
 2.635575e+01  3.017905e-02 
 2.635607e+01  3.017909e-02 
 2.635640e+01  3.017912e-02 
 2.635672e+01  3.017916e-02 
 2.635704e+01  3.017919e-02 
 2.635736e+01  3.017923e-02 
 2.635768e+01  3.017926e-02 
 2.635800e+01  3.017930e-02 
 2.635832e+01  3.017933e-02 
 2.635865e+01  3.017937e-02 
 2.635897e+01  3.017940e-02 
 2.635929e+01  3.017944e-02 
 2.635961e+01  3.017947e-02 
 2.635993e+01  3.017951e-02 
 2.636025e+01  3.017954e-02 
 2.636058e+01  3.017958e-02 
 2.636090e+01  3.017961e-02 
 2.636122e+01  3.017965e-02 
 2.636154e+01  3.017968e-02 
 2.636186e+01  3.017972e-02 
 2.636218e+01  3.017975e-02 
 2.636250e+01  3.017978e-02 
 2.636283e+01  3.017982e-02 
 2.636315e+01  3.017985e-02 
 2.636347e+01  3.017989e-02 
 2.636379e+01  3.017992e-02 
 2.636411e+01  3.017996e-02 
 2.636443e+01  3.017999e-02 
 2.636476e+01  3.018003e-02 
 2.636508e+01  3.018006e-02 
 2.636540e+01  3.018010e-02 
 2.636572e+01  3.018013e-02 
 2.636604e+01  3.018016e-02 
 2.636636e+01  3.018020e-02 
 2.636668e+01  3.018023e-02 
 2.636701e+01  3.018027e-02 
 2.636733e+01  3.018030e-02 
 2.636765e+01  3.018034e-02 
 2.636797e+01  3.018037e-02 
 2.636829e+01  3.018040e-02 
 2.636861e+01  3.018044e-02 
 2.636894e+01  3.018047e-02 
 2.636926e+01  3.018050e-02 
 2.636958e+01  3.018054e-02 
 2.636990e+01  3.018057e-02 
 2.637022e+01  3.018061e-02 
 2.637054e+01  3.018064e-02 
 2.637087e+01  3.018067e-02 
 2.637119e+01  3.018071e-02 
 2.637151e+01  3.018074e-02 
 2.637183e+01  3.018077e-02 
 2.637215e+01  3.018080e-02 
 2.637247e+01  3.018084e-02 
 2.637279e+01  3.018087e-02 
 2.637312e+01  3.018090e-02 
 2.637344e+01  3.018094e-02 
 2.637376e+01  3.018097e-02 
 2.637408e+01  3.018100e-02 
 2.637440e+01  3.018103e-02 
 2.637472e+01  3.018107e-02 
 2.637505e+01  3.018110e-02 
 2.637537e+01  3.018113e-02 
 2.637569e+01  3.018116e-02 
 2.637601e+01  3.018119e-02 
 2.637633e+01  3.018123e-02 
 2.637665e+01  3.018126e-02 
 2.637697e+01  3.018129e-02 
 2.637730e+01  3.018132e-02 
 2.637762e+01  3.018135e-02 
 2.637794e+01  3.018138e-02 
 2.637826e+01  3.018142e-02 
 2.637858e+01  3.018145e-02 
 2.637890e+01  3.018148e-02 
 2.637923e+01  3.018151e-02 
 2.637955e+01  3.018154e-02 
 2.637987e+01  3.018157e-02 
 2.638019e+01  3.018160e-02 
 2.638051e+01  3.018163e-02 
 2.638083e+01  3.018166e-02 
 2.638115e+01  3.018169e-02 
 2.638148e+01  3.018172e-02 
 2.638180e+01  3.018175e-02 
 2.638212e+01  3.018178e-02 
 2.638244e+01  3.018181e-02 
 2.638276e+01  3.018184e-02 
 2.638308e+01  3.018187e-02 
 2.638341e+01  3.018190e-02 
 2.638373e+01  3.018193e-02 
 2.638405e+01  3.018196e-02 
 2.638437e+01  3.018198e-02 
 2.638469e+01  3.018201e-02 
 2.638501e+01  3.018204e-02 
 2.638534e+01  3.018207e-02 
 2.638566e+01  3.018210e-02 
 2.638598e+01  3.018213e-02 
 2.638630e+01  3.018215e-02 
 2.638662e+01  3.018218e-02 
 2.638694e+01  3.018221e-02 
 2.638726e+01  3.018224e-02 
 2.638759e+01  3.018226e-02 
 2.638791e+01  3.018229e-02 
 2.638823e+01  3.018232e-02 
 2.638855e+01  3.018235e-02 
 2.638887e+01  3.018237e-02 
 2.638919e+01  3.018240e-02 
 2.638952e+01  3.018243e-02 
 2.638984e+01  3.018245e-02 
 2.639016e+01  3.018248e-02 
 2.639048e+01  3.018250e-02 
 2.639080e+01  3.018253e-02 
 2.639112e+01  3.018256e-02 
 2.639144e+01  3.018258e-02 
 2.639177e+01  3.018261e-02 
 2.639209e+01  3.018263e-02 
 2.639241e+01  3.018266e-02 
 2.639273e+01  3.018268e-02 
 2.639305e+01  3.018271e-02 
 2.639337e+01  3.018273e-02 
 2.639370e+01  3.018276e-02 
 2.639402e+01  3.018278e-02 
 2.639434e+01  3.018281e-02 
 2.639466e+01  3.018283e-02 
 2.639498e+01  3.018286e-02 
 2.639530e+01  3.018288e-02 
 2.639562e+01  3.018290e-02 
 2.639595e+01  3.018293e-02 
 2.639627e+01  3.018295e-02 
 2.639659e+01  3.018297e-02 
 2.639691e+01  3.018300e-02 
 2.639723e+01  3.018302e-02 
 2.639755e+01  3.018305e-02 
 2.639788e+01  3.018307e-02 
 2.639820e+01  3.018309e-02 
 2.639852e+01  3.018311e-02 
 2.639884e+01  3.018314e-02 
 2.639916e+01  3.018316e-02 
 2.639948e+01  3.018318e-02 
 2.639981e+01  3.018321e-02 
 2.640013e+01  3.018323e-02 
 2.640045e+01  3.018325e-02 
 2.640077e+01  3.018327e-02 
 2.640109e+01  3.018330e-02 
 2.640141e+01  3.018332e-02 
 2.640173e+01  3.018334e-02 
 2.640206e+01  3.018336e-02 
 2.640238e+01  3.018339e-02 
 2.640270e+01  3.018341e-02 
 2.640302e+01  3.018343e-02 
 2.640334e+01  3.018345e-02 
 2.640366e+01  3.018347e-02 
 2.640399e+01  3.018350e-02 
 2.640431e+01  3.018352e-02 
 2.640463e+01  3.018354e-02 
 2.640495e+01  3.018356e-02 
 2.640527e+01  3.018358e-02 
 2.640559e+01  3.018361e-02 
 2.640591e+01  3.018363e-02 
 2.640624e+01  3.018365e-02 
 2.640656e+01  3.018367e-02 
 2.640688e+01  3.018369e-02 
 2.640720e+01  3.018371e-02 
 2.640752e+01  3.018374e-02 
 2.640784e+01  3.018376e-02 
 2.640817e+01  3.018378e-02 
 2.640849e+01  3.018380e-02 
 2.640881e+01  3.018382e-02 
 2.640913e+01  3.018384e-02 
 2.640945e+01  3.018386e-02 
 2.640977e+01  3.018389e-02 
 2.641009e+01  3.018391e-02 
 2.641042e+01  3.018393e-02 
 2.641074e+01  3.018395e-02 
 2.641106e+01  3.018397e-02 
 2.641138e+01  3.018399e-02 
 2.641170e+01  3.018401e-02 
 2.641202e+01  3.018404e-02 
 2.641235e+01  3.018406e-02 
 2.641267e+01  3.018408e-02 
 2.641299e+01  3.018410e-02 
 2.641331e+01  3.018412e-02 
 2.641363e+01  3.018414e-02 
 2.641395e+01  3.018416e-02 
 2.641428e+01  3.018419e-02 
 2.641460e+01  3.018421e-02 
 2.641492e+01  3.018423e-02 
 2.641524e+01  3.018425e-02 
 2.641556e+01  3.018427e-02 
 2.641588e+01  3.018429e-02 
 2.641620e+01  3.018431e-02 
 2.641653e+01  3.018434e-02 
 2.641685e+01  3.018436e-02 
 2.641717e+01  3.018438e-02 
 2.641749e+01  3.018440e-02 
 2.641781e+01  3.018442e-02 
 2.641813e+01  3.018444e-02 
 2.641846e+01  3.018446e-02 
 2.641878e+01  3.018449e-02 
 2.641910e+01  3.018451e-02 
 2.641942e+01  3.018453e-02 
 2.641974e+01  3.018455e-02 
 2.642006e+01  3.018457e-02 
 2.642038e+01  3.018459e-02 
 2.642071e+01  3.018461e-02 
 2.642103e+01  3.018464e-02 
 2.642135e+01  3.018466e-02 
 2.642167e+01  3.018468e-02 
 2.642199e+01  3.018470e-02 
 2.642231e+01  3.018472e-02 
 2.642264e+01  3.018474e-02 
 2.642296e+01  3.018476e-02 
 2.642328e+01  3.018479e-02 
 2.642360e+01  3.018481e-02 
 2.642392e+01  3.018483e-02 
 2.642424e+01  3.018485e-02 
 2.642456e+01  3.018487e-02 
 2.642489e+01  3.018489e-02 
 2.642521e+01  3.018491e-02 
 2.642553e+01  3.018494e-02 
 2.642585e+01  3.018496e-02 
 2.642617e+01  3.018498e-02 
 2.642649e+01  3.018500e-02 
 2.642682e+01  3.018502e-02 
 2.642714e+01  3.018504e-02 
 2.642746e+01  3.018506e-02 
 2.642778e+01  3.018508e-02 
 2.642810e+01  3.018511e-02 
 2.642842e+01  3.018513e-02 
 2.642875e+01  3.018515e-02 
 2.642907e+01  3.018517e-02 
 2.642939e+01  3.018519e-02 
 2.642971e+01  3.018521e-02 
 2.643003e+01  3.018523e-02 
 2.643035e+01  3.018525e-02 
 2.643067e+01  3.018527e-02 
 2.643100e+01  3.018530e-02 
 2.643132e+01  3.018532e-02 
 2.643164e+01  3.018534e-02 
 2.643196e+01  3.018536e-02 
 2.643228e+01  3.018538e-02 
 2.643260e+01  3.018540e-02 
 2.643293e+01  3.018542e-02 
 2.643325e+01  3.018544e-02 
 2.643357e+01  3.018546e-02 
 2.643389e+01  3.018548e-02 
 2.643421e+01  3.018550e-02 
 2.643453e+01  3.018553e-02 
 2.643485e+01  3.018555e-02 
 2.643518e+01  3.018557e-02 
 2.643550e+01  3.018559e-02 
 2.643582e+01  3.018561e-02 
 2.643614e+01  3.018563e-02 
 2.643646e+01  3.018565e-02 
 2.643678e+01  3.018567e-02 
 2.643711e+01  3.018569e-02 
 2.643743e+01  3.018571e-02 
 2.643775e+01  3.018573e-02 
 2.643807e+01  3.018575e-02 
 2.643839e+01  3.018577e-02 
 2.643871e+01  3.018579e-02 
 2.643904e+01  3.018581e-02 
 2.643936e+01  3.018583e-02 
 2.643968e+01  3.018585e-02 
 2.644000e+01  3.018587e-02 
 2.644032e+01  3.018590e-02 
 2.644064e+01  3.018592e-02 
 2.644096e+01  3.018594e-02 
 2.644129e+01  3.018596e-02 
 2.644161e+01  3.018598e-02 
 2.644193e+01  3.018600e-02 
 2.644225e+01  3.018602e-02 
 2.644257e+01  3.018604e-02 
 2.644289e+01  3.018606e-02 
 2.644322e+01  3.018608e-02 
 2.644354e+01  3.018610e-02 
 2.644386e+01  3.018612e-02 
 2.644418e+01  3.018614e-02 
 2.644450e+01  3.018616e-02 
 2.644482e+01  3.018618e-02 
 2.644514e+01  3.018620e-02 
 2.644547e+01  3.018622e-02 
 2.644579e+01  3.018624e-02 
 2.644611e+01  3.018626e-02 
 2.644643e+01  3.018628e-02 
 2.644675e+01  3.018630e-02 
 2.644707e+01  3.018632e-02 
 2.644740e+01  3.018634e-02 
 2.644772e+01  3.018636e-02 
 2.644804e+01  3.018638e-02 
 2.644836e+01  3.018640e-02 
 2.644868e+01  3.018642e-02 
 2.644900e+01  3.018644e-02 
 2.644932e+01  3.018646e-02 
 2.644965e+01  3.018647e-02 
 2.644997e+01  3.018649e-02 
 2.645029e+01  3.018651e-02 
 2.645061e+01  3.018653e-02 
 2.645093e+01  3.018655e-02 
 2.645125e+01  3.018657e-02 
 2.645158e+01  3.018659e-02 
 2.645190e+01  3.018661e-02 
 2.645222e+01  3.018663e-02 
 2.645254e+01  3.018665e-02 
 2.645286e+01  3.018667e-02 
 2.645318e+01  3.018669e-02 
 2.645351e+01  3.018671e-02 
 2.645383e+01  3.018673e-02 
 2.645415e+01  3.018675e-02 
 2.645447e+01  3.018677e-02 
 2.645479e+01  3.018679e-02 
 2.645511e+01  3.018681e-02 
 2.645543e+01  3.018682e-02 
 2.645576e+01  3.018684e-02 
 2.645608e+01  3.018686e-02 
 2.645640e+01  3.018688e-02 
 2.645672e+01  3.018690e-02 
 2.645704e+01  3.018692e-02 
 2.645736e+01  3.018694e-02 
 2.645769e+01  3.018696e-02 
 2.645801e+01  3.018698e-02 
 2.645833e+01  3.018700e-02 
 2.645865e+01  3.018701e-02 
 2.645897e+01  3.018703e-02 
 2.645929e+01  3.018705e-02 
 2.645961e+01  3.018707e-02 
 2.645994e+01  3.018709e-02 
 2.646026e+01  3.018711e-02 
 2.646058e+01  3.018713e-02 
 2.646090e+01  3.018715e-02 
 2.646122e+01  3.018716e-02 
 2.646154e+01  3.018718e-02 
 2.646187e+01  3.018720e-02 
 2.646219e+01  3.018722e-02 
 2.646251e+01  3.018724e-02 
 2.646283e+01  3.018726e-02 
 2.646315e+01  3.018727e-02 
 2.646347e+01  3.018729e-02 
 2.646379e+01  3.018731e-02 
 2.646412e+01  3.018733e-02 
 2.646444e+01  3.018735e-02 
 2.646476e+01  3.018736e-02 
 2.646508e+01  3.018738e-02 
 2.646540e+01  3.018740e-02 
 2.646572e+01  3.018742e-02 
 2.646605e+01  3.018743e-02 
 2.646637e+01  3.018745e-02 
 2.646669e+01  3.018747e-02 
 2.646701e+01  3.018749e-02 
 2.646733e+01  3.018751e-02 
 2.646765e+01  3.018752e-02 
 2.646798e+01  3.018754e-02 
 2.646830e+01  3.018756e-02 
 2.646862e+01  3.018757e-02 
 2.646894e+01  3.018759e-02 
 2.646926e+01  3.018761e-02 
 2.646958e+01  3.018763e-02 
 2.646990e+01  3.018764e-02 
 2.647023e+01  3.018766e-02 
 2.647055e+01  3.018768e-02 
 2.647087e+01  3.018769e-02 
 2.647119e+01  3.018771e-02 
 2.647151e+01  3.018773e-02 
 2.647183e+01  3.018774e-02 
 2.647216e+01  3.018776e-02 
 2.647248e+01  3.018778e-02 
 2.647280e+01  3.018779e-02 
 2.647312e+01  3.018781e-02 
 2.647344e+01  3.018782e-02 
 2.647376e+01  3.018784e-02 
 2.647408e+01  3.018786e-02 
 2.647441e+01  3.018787e-02 
 2.647473e+01  3.018789e-02 
 2.647505e+01  3.018790e-02 
 2.647537e+01  3.018792e-02 
 2.647569e+01  3.018794e-02 
 2.647601e+01  3.018795e-02 
 2.647634e+01  3.018797e-02 
 2.647666e+01  3.018798e-02 
 2.647698e+01  3.018800e-02 
 2.647730e+01  3.018801e-02 
 2.647762e+01  3.018803e-02 
 2.647794e+01  3.018804e-02 
 2.647826e+01  3.018806e-02 
 2.647859e+01  3.018807e-02 
 2.647891e+01  3.018809e-02 
 2.647923e+01  3.018810e-02 
 2.647955e+01  3.018812e-02 
 2.647987e+01  3.018813e-02 
 2.648019e+01  3.018815e-02 
 2.648052e+01  3.018816e-02 
 2.648084e+01  3.018818e-02 
 2.648116e+01  3.018819e-02 
 2.648148e+01  3.018821e-02 
 2.648180e+01  3.018822e-02 
 2.648212e+01  3.018824e-02 
 2.648245e+01  3.018825e-02 
 2.648277e+01  3.018827e-02 
 2.648309e+01  3.018828e-02 
 2.648341e+01  3.018830e-02 
 2.648373e+01  3.018831e-02 
 2.648405e+01  3.018833e-02 
 2.648437e+01  3.018834e-02 
 2.648470e+01  3.018836e-02 
 2.648502e+01  3.018837e-02 
 2.648534e+01  3.018839e-02 
 2.648566e+01  3.018840e-02 
 2.648598e+01  3.018842e-02 
 2.648630e+01  3.018843e-02 
 2.648663e+01  3.018845e-02 
 2.648695e+01  3.018846e-02 
 2.648727e+01  3.018848e-02 
 2.648759e+01  3.018849e-02 
 2.648791e+01  3.018851e-02 
 2.648823e+01  3.018852e-02 
 2.648855e+01  3.018854e-02 
 2.648888e+01  3.018855e-02 
 2.648920e+01  3.018857e-02 
 2.648952e+01  3.018858e-02 
 2.648984e+01  3.018860e-02 
 2.649016e+01  3.018861e-02 
 2.649048e+01  3.018863e-02 
 2.649081e+01  3.018864e-02 
 2.649113e+01  3.018866e-02 
 2.649145e+01  3.018867e-02 
 2.649177e+01  3.018869e-02 
 2.649209e+01  3.018870e-02 
 2.649241e+01  3.018872e-02 
 2.649273e+01  3.018873e-02 
 2.649306e+01  3.018875e-02 
 2.649338e+01  3.018876e-02 
 2.649370e+01  3.018878e-02 
 2.649402e+01  3.018880e-02 
 2.649434e+01  3.018881e-02 
 2.649466e+01  3.018883e-02 
 2.649499e+01  3.018884e-02 
 2.649531e+01  3.018886e-02 
 2.649563e+01  3.018887e-02 
 2.649595e+01  3.018889e-02 
 2.649627e+01  3.018891e-02 
 2.649659e+01  3.018892e-02 
 2.649692e+01  3.018894e-02 
 2.649724e+01  3.018895e-02 
 2.649756e+01  3.018897e-02 
 2.649788e+01  3.018899e-02 
 2.649820e+01  3.018900e-02 
 2.649852e+01  3.018902e-02 
 2.649884e+01  3.018904e-02 
 2.649917e+01  3.018905e-02 
 2.649949e+01  3.018907e-02 
 2.649981e+01  3.018908e-02 
 2.650013e+01  3.018910e-02 
 2.650045e+01  3.018912e-02 
 2.650077e+01  3.018913e-02 
 2.650110e+01  3.018915e-02 
 2.650142e+01  3.018917e-02 
 2.650174e+01  3.018918e-02 
 2.650206e+01  3.018920e-02 
 2.650238e+01  3.018922e-02 
 2.650270e+01  3.018923e-02 
 2.650302e+01  3.018925e-02 
 2.650335e+01  3.018927e-02 
 2.650367e+01  3.018929e-02 
 2.650399e+01  3.018930e-02 
 2.650431e+01  3.018932e-02 
 2.650463e+01  3.018934e-02 
 2.650495e+01  3.018935e-02 
 2.650528e+01  3.018937e-02 
 2.650560e+01  3.018939e-02 
 2.650592e+01  3.018941e-02 
 2.650624e+01  3.018942e-02 
 2.650656e+01  3.018944e-02 
 2.650688e+01  3.018946e-02 
 2.650720e+01  3.018947e-02 
 2.650753e+01  3.018949e-02 
 2.650785e+01  3.018951e-02 
 2.650817e+01  3.018953e-02 
 2.650849e+01  3.018954e-02 
 2.650881e+01  3.018956e-02 
 2.650913e+01  3.018958e-02 
 2.650946e+01  3.018960e-02 
 2.650978e+01  3.018961e-02 
 2.651010e+01  3.018963e-02 
 2.651042e+01  3.018965e-02 
 2.651074e+01  3.018967e-02 
 2.651106e+01  3.018968e-02 
 2.651139e+01  3.018970e-02 
 2.651171e+01  3.018972e-02 
 2.651203e+01  3.018974e-02 
 2.651235e+01  3.018976e-02 
 2.651267e+01  3.018977e-02 
 2.651299e+01  3.018979e-02 
 2.651331e+01  3.018981e-02 
 2.651364e+01  3.018983e-02 
 2.651396e+01  3.018984e-02 
 2.651428e+01  3.018986e-02 
 2.651460e+01  3.018988e-02 
 2.651492e+01  3.018990e-02 
 2.651524e+01  3.018991e-02 
 2.651557e+01  3.018993e-02 
 2.651589e+01  3.018995e-02 
 2.651621e+01  3.018997e-02 
 2.651653e+01  3.018999e-02 
 2.651685e+01  3.019000e-02 
 2.651717e+01  3.019002e-02 
 2.651749e+01  3.019004e-02 
 2.651782e+01  3.019006e-02 
 2.651814e+01  3.019008e-02 
 2.651846e+01  3.019009e-02 
 2.651878e+01  3.019011e-02 
 2.651910e+01  3.019013e-02 
 2.651942e+01  3.019015e-02 
 2.651975e+01  3.019017e-02 
 2.652007e+01  3.019018e-02 
 2.652039e+01  3.019020e-02 
 2.652071e+01  3.019022e-02 
 2.652103e+01  3.019024e-02 
 2.652135e+01  3.019026e-02 
 2.652168e+01  3.019027e-02 
 2.652200e+01  3.019029e-02 
 2.652232e+01  3.019031e-02 
 2.652264e+01  3.019033e-02 
 2.652296e+01  3.019035e-02 
 2.652328e+01  3.019037e-02 
 2.652360e+01  3.019038e-02 
 2.652393e+01  3.019040e-02 
 2.652425e+01  3.019042e-02 
 2.652457e+01  3.019044e-02 
 2.652489e+01  3.019046e-02 
 2.652521e+01  3.019048e-02 
 2.652553e+01  3.019049e-02 
 2.652586e+01  3.019051e-02 
 2.652618e+01  3.019053e-02 
 2.652650e+01  3.019055e-02 
 2.652682e+01  3.019057e-02 
 2.652714e+01  3.019059e-02 
 2.652746e+01  3.019061e-02 
 2.652778e+01  3.019062e-02 
 2.652811e+01  3.019064e-02 
 2.652843e+01  3.019066e-02 
 2.652875e+01  3.019068e-02 
 2.652907e+01  3.019070e-02 
 2.652939e+01  3.019072e-02 
 2.652971e+01  3.019074e-02 
 2.653004e+01  3.019076e-02 
 2.653036e+01  3.019077e-02 
 2.653068e+01  3.019079e-02 
 2.653100e+01  3.019081e-02 
 2.653132e+01  3.019083e-02 
 2.653164e+01  3.019085e-02 
 2.653196e+01  3.019087e-02 
 2.653229e+01  3.019089e-02 
 2.653261e+01  3.019091e-02 
 2.653293e+01  3.019093e-02 
 2.653325e+01  3.019095e-02 
 2.653357e+01  3.019097e-02 
 2.653389e+01  3.019099e-02 
 2.653422e+01  3.019101e-02 
 2.653454e+01  3.019103e-02 
 2.653486e+01  3.019105e-02 
 2.653518e+01  3.019107e-02 
 2.653550e+01  3.019108e-02 
 2.653582e+01  3.019110e-02 
 2.653615e+01  3.019112e-02 
 2.653647e+01  3.019114e-02 
 2.653679e+01  3.019116e-02 
 2.653711e+01  3.019118e-02 
 2.653743e+01  3.019120e-02 
 2.653775e+01  3.019123e-02 
 2.653807e+01  3.019125e-02 
 2.653840e+01  3.019127e-02 
 2.653872e+01  3.019129e-02 
 2.653904e+01  3.019131e-02 
 2.653936e+01  3.019133e-02 
 2.653968e+01  3.019135e-02 
 2.654000e+01  3.019137e-02 
 2.654033e+01  3.019139e-02 
 2.654065e+01  3.019141e-02 
 2.654097e+01  3.019143e-02 
 2.654129e+01  3.019145e-02 
 2.654161e+01  3.019147e-02 
 2.654193e+01  3.019149e-02 
 2.654225e+01  3.019151e-02 
 2.654258e+01  3.019153e-02 
 2.654290e+01  3.019156e-02 
 2.654322e+01  3.019158e-02 
 2.654354e+01  3.019160e-02 
 2.654386e+01  3.019162e-02 
 2.654418e+01  3.019164e-02 
 2.654451e+01  3.019166e-02 
 2.654483e+01  3.019168e-02 
 2.654515e+01  3.019170e-02 
 2.654547e+01  3.019173e-02 
 2.654579e+01  3.019175e-02 
 2.654611e+01  3.019177e-02 
 2.654643e+01  3.019179e-02 
 2.654676e+01  3.019181e-02 
 2.654708e+01  3.019183e-02 
 2.654740e+01  3.019185e-02 
 2.654772e+01  3.019188e-02 
 2.654804e+01  3.019190e-02 
 2.654836e+01  3.019192e-02 
 2.654869e+01  3.019194e-02 
 2.654901e+01  3.019196e-02 
 2.654933e+01  3.019198e-02 
 2.654965e+01  3.019200e-02 
 2.654997e+01  3.019203e-02 
 2.655029e+01  3.019205e-02 
 2.655062e+01  3.019207e-02 
 2.655094e+01  3.019209e-02 
 2.655126e+01  3.019211e-02 
 2.655158e+01  3.019214e-02 
 2.655190e+01  3.019216e-02 
 2.655222e+01  3.019218e-02 
 2.655254e+01  3.019220e-02 
 2.655287e+01  3.019222e-02 
 2.655319e+01  3.019224e-02 
 2.655351e+01  3.019227e-02 
 2.655383e+01  3.019229e-02 
 2.655415e+01  3.019231e-02 
 2.655447e+01  3.019233e-02 
 2.655480e+01  3.019235e-02 
 2.655512e+01  3.019238e-02 
 2.655544e+01  3.019240e-02 
 2.655576e+01  3.019242e-02 
 2.655608e+01  3.019244e-02 
 2.655640e+01  3.019246e-02 
 2.655672e+01  3.019249e-02 
 2.655705e+01  3.019251e-02 
 2.655737e+01  3.019253e-02 
 2.655769e+01  3.019255e-02 
 2.655801e+01  3.019257e-02 
 2.655833e+01  3.019260e-02 
 2.655865e+01  3.019262e-02 
 2.655898e+01  3.019264e-02 
 2.655930e+01  3.019266e-02 
 2.655962e+01  3.019269e-02 
 2.655994e+01  3.019271e-02 
 2.656026e+01  3.019273e-02 
 2.656058e+01  3.019275e-02 
 2.656090e+01  3.019278e-02 
 2.656123e+01  3.019280e-02 
 2.656155e+01  3.019282e-02 
 2.656187e+01  3.019284e-02 
 2.656219e+01  3.019287e-02 
 2.656251e+01  3.019289e-02 
 2.656283e+01  3.019291e-02 
 2.656316e+01  3.019293e-02 
 2.656348e+01  3.019296e-02 
 2.656380e+01  3.019298e-02 
 2.656412e+01  3.019300e-02 
 2.656444e+01  3.019303e-02 
 2.656476e+01  3.019305e-02 
 2.656509e+01  3.019307e-02 
 2.656541e+01  3.019309e-02 
 2.656573e+01  3.019312e-02 
 2.656605e+01  3.019314e-02 
 2.656637e+01  3.019316e-02 
 2.656669e+01  3.019319e-02 
 2.656701e+01  3.019321e-02 
 2.656734e+01  3.019323e-02 
 2.656766e+01  3.019326e-02 
 2.656798e+01  3.019328e-02 
 2.656830e+01  3.019330e-02 
 2.656862e+01  3.019333e-02 
 2.656894e+01  3.019335e-02 
 2.656927e+01  3.019338e-02 
 2.656959e+01  3.019340e-02 
 2.656991e+01  3.019342e-02 
 2.657023e+01  3.019345e-02 
 2.657055e+01  3.019347e-02 
 2.657087e+01  3.019350e-02 
 2.657119e+01  3.019352e-02 
 2.657152e+01  3.019354e-02 
 2.657184e+01  3.019357e-02 
 2.657216e+01  3.019359e-02 
 2.657248e+01  3.019362e-02 
 2.657280e+01  3.019364e-02 
 2.657312e+01  3.019367e-02 
 2.657345e+01  3.019369e-02 
 2.657377e+01  3.019371e-02 
 2.657409e+01  3.019374e-02 
 2.657441e+01  3.019376e-02 
 2.657473e+01  3.019379e-02 
 2.657505e+01  3.019381e-02 
 2.657537e+01  3.019384e-02 
 2.657570e+01  3.019386e-02 
 2.657602e+01  3.019389e-02 
 2.657634e+01  3.019391e-02 
 2.657666e+01  3.019394e-02 
 2.657698e+01  3.019396e-02 
 2.657730e+01  3.019399e-02 
 2.657763e+01  3.019401e-02 
 2.657795e+01  3.019404e-02 
 2.657827e+01  3.019406e-02 
 2.657859e+01  3.019409e-02 
 2.657891e+01  3.019412e-02 
 2.657923e+01  3.019414e-02 
 2.657956e+01  3.019417e-02 
 2.657988e+01  3.019419e-02 
 2.658020e+01  3.019422e-02 
 2.658052e+01  3.019424e-02 
 2.658084e+01  3.019427e-02 
 2.658116e+01  3.019429e-02 
 2.658148e+01  3.019432e-02 
 2.658181e+01  3.019434e-02 
 2.658213e+01  3.019437e-02 
 2.658245e+01  3.019440e-02 
 2.658277e+01  3.019442e-02 
 2.658309e+01  3.019445e-02 
 2.658341e+01  3.019447e-02 
 2.658374e+01  3.019450e-02 
 2.658406e+01  3.019453e-02 
 2.658438e+01  3.019455e-02 
 2.658470e+01  3.019458e-02 
 2.658502e+01  3.019460e-02 
 2.658534e+01  3.019463e-02 
 2.658566e+01  3.019465e-02 
 2.658599e+01  3.019468e-02 
 2.658631e+01  3.019471e-02 
 2.658663e+01  3.019473e-02 
 2.658695e+01  3.019476e-02 
 2.658727e+01  3.019479e-02 
 2.658759e+01  3.019481e-02 
 2.658792e+01  3.019484e-02 
 2.658824e+01  3.019486e-02 
 2.658856e+01  3.019489e-02 
 2.658888e+01  3.019492e-02 
 2.658920e+01  3.019494e-02 
 2.658952e+01  3.019497e-02 
 2.658984e+01  3.019499e-02 
 2.659017e+01  3.019502e-02 
 2.659049e+01  3.019505e-02 
 2.659081e+01  3.019507e-02 
 2.659113e+01  3.019510e-02 
 2.659145e+01  3.019513e-02 
 2.659177e+01  3.019515e-02 
 2.659210e+01  3.019518e-02 
 2.659242e+01  3.019521e-02 
 2.659274e+01  3.019523e-02 
 2.659306e+01  3.019526e-02 
 2.659338e+01  3.019528e-02 
 2.659370e+01  3.019531e-02 
 2.659403e+01  3.019534e-02 
 2.659435e+01  3.019536e-02 
 2.659467e+01  3.019539e-02 
 2.659499e+01  3.019542e-02 
 2.659531e+01  3.019544e-02 
 2.659563e+01  3.019547e-02 
 2.659595e+01  3.019550e-02 
 2.659628e+01  3.019552e-02 
 2.659660e+01  3.019555e-02 
 2.659692e+01  3.019558e-02 
 2.659724e+01  3.019560e-02 
 2.659756e+01  3.019563e-02 
 2.659788e+01  3.019566e-02 
 2.659821e+01  3.019568e-02 
 2.659853e+01  3.019571e-02 
 2.659885e+01  3.019573e-02 
 2.659917e+01  3.019576e-02 
 2.659949e+01  3.019579e-02 
 2.659981e+01  3.019581e-02 
 2.660013e+01  3.019584e-02 
 2.660046e+01  3.019587e-02 
 2.660078e+01  3.019589e-02 
 2.660110e+01  3.019592e-02 
 2.660142e+01  3.019595e-02 
 2.660174e+01  3.019597e-02 
 2.660206e+01  3.019600e-02 
 2.660239e+01  3.019603e-02 
 2.660271e+01  3.019605e-02 
 2.660303e+01  3.019608e-02 
 2.660335e+01  3.019611e-02 
 2.660367e+01  3.019613e-02 
 2.660399e+01  3.019616e-02 
 2.660432e+01  3.019619e-02 
 2.660464e+01  3.019621e-02 
 2.660496e+01  3.019624e-02 
 2.660528e+01  3.019626e-02 
 2.660560e+01  3.019629e-02 
 2.660592e+01  3.019632e-02 
 2.660624e+01  3.019634e-02 
 2.660657e+01  3.019637e-02 
 2.660689e+01  3.019640e-02 
 2.660721e+01  3.019642e-02 
 2.660753e+01  3.019645e-02 
 2.660785e+01  3.019647e-02 
 2.660817e+01  3.019650e-02 
 2.660850e+01  3.019653e-02 
 2.660882e+01  3.019655e-02 
 2.660914e+01  3.019658e-02 
 2.660946e+01  3.019661e-02 
 2.660978e+01  3.019663e-02 
 2.661010e+01  3.019666e-02 
 2.661042e+01  3.019668e-02 
 2.661075e+01  3.019671e-02 
 2.661107e+01  3.019674e-02 
 2.661139e+01  3.019676e-02 
 2.661171e+01  3.019679e-02 
 2.661203e+01  3.019681e-02 
 2.661235e+01  3.019684e-02 
 2.661268e+01  3.019687e-02 
 2.661300e+01  3.019689e-02 
 2.661332e+01  3.019692e-02 
 2.661364e+01  3.019694e-02 
 2.661396e+01  3.019697e-02 
 2.661428e+01  3.019699e-02 
 2.661460e+01  3.019702e-02 
 2.661493e+01  3.019705e-02 
 2.661525e+01  3.019707e-02 
 2.661557e+01  3.019710e-02 
 2.661589e+01  3.019712e-02 
 2.661621e+01  3.019715e-02 
 2.661653e+01  3.019717e-02 
 2.661686e+01  3.019720e-02 
 2.661718e+01  3.019723e-02 
 2.661750e+01  3.019725e-02 
 2.661782e+01  3.019728e-02 
 2.661814e+01  3.019730e-02 
 2.661846e+01  3.019733e-02 
 2.661879e+01  3.019735e-02 
 2.661911e+01  3.019738e-02 
 2.661943e+01  3.019741e-02 
 2.661975e+01  3.019743e-02 
 2.662007e+01  3.019746e-02 
 2.662039e+01  3.019748e-02 
 2.662071e+01  3.019751e-02 
 2.662104e+01  3.019753e-02 
 2.662136e+01  3.019756e-02 
 2.662168e+01  3.019758e-02 
 2.662200e+01  3.019761e-02 
 2.662232e+01  3.019763e-02 
 2.662264e+01  3.019766e-02 
 2.662297e+01  3.019769e-02 
 2.662329e+01  3.019771e-02 
 2.662361e+01  3.019774e-02 
 2.662393e+01  3.019776e-02 
 2.662425e+01  3.019779e-02 
 2.662457e+01  3.019781e-02 
 2.662489e+01  3.019784e-02 
 2.662522e+01  3.019786e-02 
 2.662554e+01  3.019789e-02 
 2.662586e+01  3.019792e-02 
 2.662618e+01  3.019794e-02 
 2.662650e+01  3.019797e-02 
 2.662682e+01  3.019799e-02 
 2.662715e+01  3.019802e-02 
 2.662747e+01  3.019804e-02 
 2.662779e+01  3.019807e-02 
 2.662811e+01  3.019809e-02 
 2.662843e+01  3.019812e-02 
 2.662875e+01  3.019814e-02 
 2.662907e+01  3.019817e-02 
 2.662940e+01  3.019820e-02 
 2.662972e+01  3.019822e-02 
 2.663004e+01  3.019825e-02 
 2.663036e+01  3.019827e-02 
 2.663068e+01  3.019830e-02 
 2.663100e+01  3.019832e-02 
 2.663133e+01  3.019835e-02 
 2.663165e+01  3.019837e-02 
 2.663197e+01  3.019840e-02 
 2.663229e+01  3.019843e-02 
 2.663261e+01  3.019845e-02 
 2.663293e+01  3.019848e-02 
 2.663326e+01  3.019850e-02 
 2.663358e+01  3.019853e-02 
 2.663390e+01  3.019855e-02 
 2.663422e+01  3.019858e-02 
 2.663454e+01  3.019860e-02 
 2.663486e+01  3.019863e-02 
 2.663518e+01  3.019866e-02 
 2.663551e+01  3.019868e-02 
 2.663583e+01  3.019871e-02 
 2.663615e+01  3.019873e-02 
 2.663647e+01  3.019876e-02 
 2.663679e+01  3.019878e-02 
 2.663711e+01  3.019881e-02 
 2.663744e+01  3.019883e-02 
 2.663776e+01  3.019886e-02 
 2.663808e+01  3.019888e-02 
 2.663840e+01  3.019891e-02 
 2.663872e+01  3.019893e-02 
 2.663904e+01  3.019896e-02 
 2.663936e+01  3.019898e-02 
 2.663969e+01  3.019901e-02 
 2.664001e+01  3.019903e-02 
 2.664033e+01  3.019906e-02 
 2.664065e+01  3.019908e-02 
 2.664097e+01  3.019911e-02 
 2.664129e+01  3.019913e-02 
 2.664162e+01  3.019916e-02 
 2.664194e+01  3.019918e-02 
 2.664226e+01  3.019921e-02 
 2.664258e+01  3.019923e-02 
 2.664290e+01  3.019926e-02 
 2.664322e+01  3.019928e-02 
 2.664354e+01  3.019931e-02 
 2.664387e+01  3.019933e-02 
 2.664419e+01  3.019935e-02 
 2.664451e+01  3.019938e-02 
 2.664483e+01  3.019940e-02 
 2.664515e+01  3.019943e-02 
 2.664547e+01  3.019945e-02 
 2.664580e+01  3.019947e-02 
 2.664612e+01  3.019950e-02 
 2.664644e+01  3.019952e-02 
 2.664676e+01  3.019955e-02 
 2.664708e+01  3.019957e-02 
 2.664740e+01  3.019959e-02 
 2.664773e+01  3.019962e-02 
 2.664805e+01  3.019964e-02 
 2.664837e+01  3.019966e-02 
 2.664869e+01  3.019969e-02 
 2.664901e+01  3.019971e-02 
 2.664933e+01  3.019973e-02 
 2.664965e+01  3.019976e-02 
 2.664998e+01  3.019978e-02 
 2.665030e+01  3.019980e-02 
 2.665062e+01  3.019982e-02 
 2.665094e+01  3.019985e-02 
 2.665126e+01  3.019987e-02 
 2.665158e+01  3.019989e-02 
 2.665191e+01  3.019991e-02 
 2.665223e+01  3.019994e-02 
 2.665255e+01  3.019996e-02 
 2.665287e+01  3.019998e-02 
 2.665319e+01  3.020000e-02 
 2.665351e+01  3.020002e-02 
 2.665383e+01  3.020005e-02 
 2.665416e+01  3.020007e-02 
 2.665448e+01  3.020009e-02 
 2.665480e+01  3.020011e-02 
 2.665512e+01  3.020013e-02 
 2.665544e+01  3.020016e-02 
 2.665576e+01  3.020018e-02 
 2.665609e+01  3.020020e-02 
 2.665641e+01  3.020022e-02 
 2.665673e+01  3.020024e-02 
 2.665705e+01  3.020026e-02 
 2.665737e+01  3.020028e-02 
 2.665769e+01  3.020030e-02 
 2.665801e+01  3.020033e-02 
 2.665834e+01  3.020035e-02 
 2.665866e+01  3.020037e-02 
 2.665898e+01  3.020039e-02 
 2.665930e+01  3.020041e-02 
 2.665962e+01  3.020043e-02 
 2.665994e+01  3.020045e-02 
 2.666027e+01  3.020047e-02 
 2.666059e+01  3.020049e-02 
 2.666091e+01  3.020051e-02 
 2.666123e+01  3.020053e-02 
 2.666155e+01  3.020055e-02 
 2.666187e+01  3.020058e-02 
 2.666220e+01  3.020060e-02 
 2.666252e+01  3.020062e-02 
 2.666284e+01  3.020064e-02 
 2.666316e+01  3.020066e-02 
 2.666348e+01  3.020068e-02 
 2.666380e+01  3.020070e-02 
 2.666412e+01  3.020072e-02 
 2.666445e+01  3.020074e-02 
 2.666477e+01  3.020076e-02 
 2.666509e+01  3.020078e-02 
 2.666541e+01  3.020080e-02 
 2.666573e+01  3.020082e-02 
 2.666605e+01  3.020084e-02 
 2.666638e+01  3.020086e-02 
 2.666670e+01  3.020088e-02 
 2.666702e+01  3.020090e-02 
 2.666734e+01  3.020092e-02 
 2.666766e+01  3.020094e-02 
 2.666798e+01  3.020096e-02 
 2.666830e+01  3.020098e-02 
 2.666863e+01  3.020100e-02 
 2.666895e+01  3.020102e-02 
 2.666927e+01  3.020104e-02 
 2.666959e+01  3.020106e-02 
 2.666991e+01  3.020108e-02 
 2.667023e+01  3.020110e-02 
 2.667056e+01  3.020112e-02 
 2.667088e+01  3.020114e-02 
 2.667120e+01  3.020116e-02 
 2.667152e+01  3.020118e-02 
 2.667184e+01  3.020120e-02 
 2.667216e+01  3.020122e-02 
 2.667248e+01  3.020124e-02 
 2.667281e+01  3.020126e-02 
 2.667313e+01  3.020128e-02 
 2.667345e+01  3.020130e-02 
 2.667377e+01  3.020132e-02 
 2.667409e+01  3.020134e-02 
 2.667441e+01  3.020136e-02 
 2.667474e+01  3.020138e-02 
 2.667506e+01  3.020140e-02 
 2.667538e+01  3.020142e-02 
 2.667570e+01  3.020144e-02 
 2.667602e+01  3.020146e-02 
 2.667634e+01  3.020148e-02 
 2.667667e+01  3.020150e-02 
 2.667699e+01  3.020152e-02 
 2.667731e+01  3.020154e-02 
 2.667763e+01  3.020156e-02 
 2.667795e+01  3.020158e-02 
 2.667827e+01  3.020160e-02 
 2.667859e+01  3.020162e-02 
 2.667892e+01  3.020164e-02 
 2.667924e+01  3.020166e-02 
 2.667956e+01  3.020168e-02 
 2.667988e+01  3.020170e-02 
 2.668020e+01  3.020172e-02 
 2.668052e+01  3.020174e-02 
 2.668085e+01  3.020176e-02 
 2.668117e+01  3.020178e-02 
 2.668149e+01  3.020180e-02 
 2.668181e+01  3.020182e-02 
 2.668213e+01  3.020184e-02 
 2.668245e+01  3.020186e-02 
 2.668277e+01  3.020188e-02 
 2.668310e+01  3.020191e-02 
 2.668342e+01  3.020193e-02 
 2.668374e+01  3.020195e-02 
 2.668406e+01  3.020197e-02 
 2.668438e+01  3.020199e-02 
 2.668470e+01  3.020201e-02 
 2.668503e+01  3.020203e-02 
 2.668535e+01  3.020205e-02 
 2.668567e+01  3.020207e-02 
 2.668599e+01  3.020209e-02 
 2.668631e+01  3.020211e-02 
 2.668663e+01  3.020213e-02 
 2.668696e+01  3.020215e-02 
 2.668728e+01  3.020217e-02 
 2.668760e+01  3.020219e-02 
 2.668792e+01  3.020222e-02 
 2.668824e+01  3.020224e-02 
 2.668856e+01  3.020226e-02 
 2.668888e+01  3.020228e-02 
 2.668921e+01  3.020230e-02 
 2.668953e+01  3.020232e-02 
 2.668985e+01  3.020234e-02 
 2.669017e+01  3.020236e-02 
 2.669049e+01  3.020238e-02 
 2.669081e+01  3.020240e-02 
 2.669114e+01  3.020242e-02 
 2.669146e+01  3.020245e-02 
 2.669178e+01  3.020247e-02 
 2.669210e+01  3.020249e-02 
 2.669242e+01  3.020251e-02 
 2.669274e+01  3.020253e-02 
 2.669306e+01  3.020255e-02 
 2.669339e+01  3.020257e-02 
 2.669371e+01  3.020259e-02 
 2.669403e+01  3.020261e-02 
 2.669435e+01  3.020263e-02 
 2.669467e+01  3.020265e-02 
 2.669499e+01  3.020267e-02 
 2.669532e+01  3.020269e-02 
 2.669564e+01  3.020272e-02 
 2.669596e+01  3.020274e-02 
 2.669628e+01  3.020276e-02 
 2.669660e+01  3.020278e-02 
 2.669692e+01  3.020280e-02 
 2.669724e+01  3.020282e-02 
 2.669757e+01  3.020284e-02 
 2.669789e+01  3.020286e-02 
 2.669821e+01  3.020288e-02 
 2.669853e+01  3.020290e-02 
 2.669885e+01  3.020292e-02 
 2.669917e+01  3.020294e-02 
 2.669950e+01  3.020296e-02 
 2.669982e+01  3.020298e-02 
 2.670014e+01  3.020300e-02 
 2.670046e+01  3.020303e-02 
 2.670078e+01  3.020305e-02 
 2.670110e+01  3.020307e-02 
 2.670143e+01  3.020309e-02 
 2.670175e+01  3.020311e-02 
 2.670207e+01  3.020313e-02 
 2.670239e+01  3.020315e-02 
 2.670271e+01  3.020317e-02 
 2.670303e+01  3.020319e-02 
 2.670335e+01  3.020321e-02 
 2.670368e+01  3.020323e-02 
 2.670400e+01  3.020325e-02 
 2.670432e+01  3.020327e-02 
 2.670464e+01  3.020329e-02 
 2.670496e+01  3.020331e-02 
 2.670528e+01  3.020333e-02 
 2.670561e+01  3.020335e-02 
 2.670593e+01  3.020337e-02 
 2.670625e+01  3.020339e-02 
 2.670657e+01  3.020341e-02 
 2.670689e+01  3.020343e-02 
 2.670721e+01  3.020345e-02 
 2.670753e+01  3.020347e-02 
 2.670786e+01  3.020349e-02 
 2.670818e+01  3.020351e-02 
 2.670850e+01  3.020353e-02 
 2.670882e+01  3.020355e-02 
 2.670914e+01  3.020357e-02 
 2.670946e+01  3.020360e-02 
 2.670979e+01  3.020362e-02 
 2.671011e+01  3.020364e-02 
 2.671043e+01  3.020366e-02 
 2.671075e+01  3.020368e-02 
 2.671107e+01  3.020370e-02 
 2.671139e+01  3.020372e-02 
 2.671171e+01  3.020374e-02 
 2.671204e+01  3.020376e-02 
 2.671236e+01  3.020378e-02 
 2.671268e+01  3.020380e-02 
 2.671300e+01  3.020382e-02 
 2.671332e+01  3.020384e-02 
 2.671364e+01  3.020386e-02 
 2.671397e+01  3.020388e-02 
 2.671429e+01  3.020390e-02 
 2.671461e+01  3.020393e-02 
 2.671493e+01  3.020395e-02 
 2.671525e+01  3.020397e-02 
 2.671557e+01  3.020399e-02 
 2.671590e+01  3.020401e-02 
 2.671622e+01  3.020403e-02 
 2.671654e+01  3.020405e-02 
 2.671686e+01  3.020407e-02 
 2.671718e+01  3.020409e-02 
 2.671750e+01  3.020411e-02 
 2.671782e+01  3.020414e-02 
 2.671815e+01  3.020416e-02 
 2.671847e+01  3.020418e-02 
 2.671879e+01  3.020420e-02 
 2.671911e+01  3.020422e-02 
 2.671943e+01  3.020424e-02 
 2.671975e+01  3.020426e-02 
 2.672008e+01  3.020429e-02 
 2.672040e+01  3.020431e-02 
 2.672072e+01  3.020433e-02 
 2.672104e+01  3.020435e-02 
 2.672136e+01  3.020437e-02 
 2.672168e+01  3.020439e-02 
 2.672200e+01  3.020442e-02 
 2.672233e+01  3.020444e-02 
 2.672265e+01  3.020446e-02 
 2.672297e+01  3.020448e-02 
 2.672329e+01  3.020450e-02 
 2.672361e+01  3.020453e-02 
 2.672393e+01  3.020455e-02 
 2.672426e+01  3.020457e-02 
 2.672458e+01  3.020459e-02 
 2.672490e+01  3.020461e-02 
 2.672522e+01  3.020464e-02 
 2.672554e+01  3.020466e-02 
 2.672586e+01  3.020468e-02 
 2.672618e+01  3.020470e-02 
 2.672651e+01  3.020473e-02 
 2.672683e+01  3.020475e-02 
 2.672715e+01  3.020477e-02 
 2.672747e+01  3.020479e-02 
 2.672779e+01  3.020481e-02 
 2.672811e+01  3.020484e-02 
 2.672844e+01  3.020486e-02 
 2.672876e+01  3.020488e-02 
 2.672908e+01  3.020490e-02 
 2.672940e+01  3.020493e-02 
 2.672972e+01  3.020495e-02 
 2.673004e+01  3.020497e-02 
 2.673037e+01  3.020499e-02 
 2.673069e+01  3.020502e-02 
 2.673101e+01  3.020504e-02 
 2.673133e+01  3.020506e-02 
 2.673165e+01  3.020508e-02 
 2.673197e+01  3.020510e-02 
 2.673229e+01  3.020513e-02 
 2.673262e+01  3.020515e-02 
 2.673294e+01  3.020517e-02 
 2.673326e+01  3.020519e-02 
 2.673358e+01  3.020522e-02 
 2.673390e+01  3.020524e-02 
 2.673422e+01  3.020526e-02 
 2.673455e+01  3.020528e-02 
 2.673487e+01  3.020531e-02 
 2.673519e+01  3.020533e-02 
 2.673551e+01  3.020535e-02 
 2.673583e+01  3.020537e-02 
 2.673615e+01  3.020539e-02 
 2.673647e+01  3.020542e-02 
 2.673680e+01  3.020544e-02 
 2.673712e+01  3.020546e-02 
 2.673744e+01  3.020548e-02 
 2.673776e+01  3.020551e-02 
 2.673808e+01  3.020553e-02 
 2.673840e+01  3.020555e-02 
 2.673873e+01  3.020557e-02 
 2.673905e+01  3.020560e-02 
 2.673937e+01  3.020562e-02 
 2.673969e+01  3.020564e-02 
 2.674001e+01  3.020566e-02 
 2.674033e+01  3.020568e-02 
 2.674065e+01  3.020571e-02 
 2.674098e+01  3.020573e-02 
 2.674130e+01  3.020575e-02 
 2.674162e+01  3.020577e-02 
 2.674194e+01  3.020579e-02 
 2.674226e+01  3.020582e-02 
 2.674258e+01  3.020584e-02 
 2.674291e+01  3.020586e-02 
 2.674323e+01  3.020588e-02 
 2.674355e+01  3.020590e-02 
 2.674387e+01  3.020593e-02 
 2.674419e+01  3.020595e-02 
 2.674451e+01  3.020597e-02 
 2.674484e+01  3.020599e-02 
 2.674516e+01  3.020601e-02 
 2.674548e+01  3.020604e-02 
 2.674580e+01  3.020606e-02 
 2.674612e+01  3.020608e-02 
 2.674644e+01  3.020610e-02 
 2.674676e+01  3.020612e-02 
 2.674709e+01  3.020615e-02 
 2.674741e+01  3.020617e-02 
 2.674773e+01  3.020619e-02 
 2.674805e+01  3.020621e-02 
 2.674837e+01  3.020623e-02 
 2.674869e+01  3.020626e-02 
 2.674902e+01  3.020628e-02 
 2.674934e+01  3.020630e-02 
 2.674966e+01  3.020632e-02 
 2.674998e+01  3.020634e-02 
 2.675030e+01  3.020637e-02 
 2.675062e+01  3.020639e-02 
 2.675094e+01  3.020641e-02 
 2.675127e+01  3.020643e-02 
 2.675159e+01  3.020645e-02 
 2.675191e+01  3.020648e-02 
 2.675223e+01  3.020650e-02 
 2.675255e+01  3.020652e-02 
 2.675287e+01  3.020654e-02 
 2.675320e+01  3.020657e-02 
 2.675352e+01  3.020659e-02 
 2.675384e+01  3.020661e-02 
 2.675416e+01  3.020663e-02 
 2.675448e+01  3.020665e-02 
 2.675480e+01  3.020668e-02 
 2.675512e+01  3.020670e-02 
 2.675545e+01  3.020672e-02 
 2.675577e+01  3.020674e-02 
 2.675609e+01  3.020677e-02 
 2.675641e+01  3.020679e-02 
 2.675673e+01  3.020681e-02 
 2.675705e+01  3.020683e-02 
 2.675738e+01  3.020686e-02 
 2.675770e+01  3.020688e-02 
 2.675802e+01  3.020690e-02 
 2.675834e+01  3.020693e-02 
 2.675866e+01  3.020695e-02 
 2.675898e+01  3.020697e-02 
 2.675931e+01  3.020699e-02 
 2.675963e+01  3.020702e-02 
 2.675995e+01  3.020704e-02 
 2.676027e+01  3.020706e-02 
 2.676059e+01  3.020709e-02 
 2.676091e+01  3.020711e-02 
 2.676123e+01  3.020713e-02 
 2.676156e+01  3.020716e-02 
 2.676188e+01  3.020718e-02 
 2.676220e+01  3.020720e-02 
 2.676252e+01  3.020723e-02 
 2.676284e+01  3.020725e-02 
 2.676316e+01  3.020727e-02 
 2.676349e+01  3.020730e-02 
 2.676381e+01  3.020732e-02 
 2.676413e+01  3.020734e-02 
 2.676445e+01  3.020737e-02 
 2.676477e+01  3.020739e-02 
 2.676509e+01  3.020741e-02 
 2.676541e+01  3.020744e-02 
 2.676574e+01  3.020746e-02 
 2.676606e+01  3.020748e-02 
 2.676638e+01  3.020751e-02 
 2.676670e+01  3.020753e-02 
 2.676702e+01  3.020756e-02 
 2.676734e+01  3.020758e-02 
 2.676767e+01  3.020760e-02 
 2.676799e+01  3.020763e-02 
 2.676831e+01  3.020765e-02 
 2.676863e+01  3.020768e-02 
 2.676895e+01  3.020770e-02 
 2.676927e+01  3.020772e-02 
 2.676960e+01  3.020775e-02 
 2.676992e+01  3.020777e-02 
 2.677024e+01  3.020780e-02 
 2.677056e+01  3.020782e-02 
 2.677088e+01  3.020784e-02 
 2.677120e+01  3.020787e-02 
 2.677152e+01  3.020789e-02 
 2.677185e+01  3.020792e-02 
 2.677217e+01  3.020794e-02 
 2.677249e+01  3.020796e-02 
 2.677281e+01  3.020799e-02 
 2.677313e+01  3.020801e-02 
 2.677345e+01  3.020804e-02 
 2.677378e+01  3.020806e-02 
 2.677410e+01  3.020808e-02 
 2.677442e+01  3.020811e-02 
 2.677474e+01  3.020813e-02 
 2.677506e+01  3.020816e-02 
 2.677538e+01  3.020818e-02 
 2.677570e+01  3.020820e-02 
 2.677603e+01  3.020823e-02 
 2.677635e+01  3.020825e-02 
 2.677667e+01  3.020828e-02 
 2.677699e+01  3.020830e-02 
 2.677731e+01  3.020832e-02 
 2.677763e+01  3.020835e-02 
 2.677796e+01  3.020837e-02 
 2.677828e+01  3.020840e-02 
 2.677860e+01  3.020842e-02 
 2.677892e+01  3.020844e-02 
 2.677924e+01  3.020847e-02 
 2.677956e+01  3.020849e-02 
 2.677988e+01  3.020852e-02 
 2.678021e+01  3.020854e-02 
 2.678053e+01  3.020856e-02 
 2.678085e+01  3.020859e-02 
 2.678117e+01  3.020861e-02 
 2.678149e+01  3.020864e-02 
 2.678181e+01  3.020866e-02 
 2.678214e+01  3.020868e-02 
 2.678246e+01  3.020871e-02 
 2.678278e+01  3.020873e-02 
 2.678310e+01  3.020876e-02 
 2.678342e+01  3.020878e-02 
 2.678374e+01  3.020880e-02 
 2.678407e+01  3.020883e-02 
 2.678439e+01  3.020885e-02 
 2.678471e+01  3.020888e-02 
 2.678503e+01  3.020890e-02 
 2.678535e+01  3.020892e-02 
 2.678567e+01  3.020895e-02 
 2.678599e+01  3.020897e-02 
 2.678632e+01  3.020900e-02 
 2.678664e+01  3.020902e-02 
 2.678696e+01  3.020904e-02 
 2.678728e+01  3.020907e-02 
 2.678760e+01  3.020909e-02 
 2.678792e+01  3.020912e-02 
 2.678825e+01  3.020914e-02 
 2.678857e+01  3.020916e-02 
 2.678889e+01  3.020919e-02 
 2.678921e+01  3.020921e-02 
 2.678953e+01  3.020924e-02 
 2.678985e+01  3.020926e-02 
 2.679017e+01  3.020928e-02 
 2.679050e+01  3.020931e-02 
 2.679082e+01  3.020933e-02 
 2.679114e+01  3.020936e-02 
 2.679146e+01  3.020938e-02 
 2.679178e+01  3.020941e-02 
 2.679210e+01  3.020943e-02 
 2.679243e+01  3.020945e-02 
 2.679275e+01  3.020948e-02 
 2.679307e+01  3.020950e-02 
 2.679339e+01  3.020953e-02 
 2.679371e+01  3.020955e-02 
 2.679403e+01  3.020958e-02 
 2.679435e+01  3.020960e-02 
 2.679468e+01  3.020963e-02 
 2.679500e+01  3.020965e-02 
 2.679532e+01  3.020967e-02 
 2.679564e+01  3.020970e-02 
 2.679596e+01  3.020972e-02 
 2.679628e+01  3.020975e-02 
 2.679661e+01  3.020977e-02 
 2.679693e+01  3.020980e-02 
 2.679725e+01  3.020982e-02 
 2.679757e+01  3.020985e-02 
 2.679789e+01  3.020987e-02 
 2.679821e+01  3.020990e-02 
 2.679854e+01  3.020992e-02 
 2.679886e+01  3.020995e-02 
 2.679918e+01  3.020997e-02 
 2.679950e+01  3.021000e-02 
 2.679982e+01  3.021002e-02 
 2.680014e+01  3.021005e-02 
 2.680046e+01  3.021007e-02 
 2.680079e+01  3.021010e-02 
 2.680111e+01  3.021012e-02 
 2.680143e+01  3.021015e-02 
 2.680175e+01  3.021017e-02 
 2.680207e+01  3.021020e-02 
 2.680239e+01  3.021022e-02 
 2.680272e+01  3.021025e-02 
 2.680304e+01  3.021027e-02 
 2.680336e+01  3.021030e-02 
 2.680368e+01  3.021032e-02 
 2.680400e+01  3.021035e-02 
 2.680432e+01  3.021037e-02 
 2.680464e+01  3.021040e-02 
 2.680497e+01  3.021042e-02 
 2.680529e+01  3.021045e-02 
 2.680561e+01  3.021047e-02 
 2.680593e+01  3.021050e-02 
 2.680625e+01  3.021053e-02 
 2.680657e+01  3.021055e-02 
 2.680690e+01  3.021058e-02 
 2.680722e+01  3.021060e-02 
 2.680754e+01  3.021063e-02 
 2.680786e+01  3.021065e-02 
 2.680818e+01  3.021068e-02 
 2.680850e+01  3.021070e-02 
 2.680882e+01  3.021073e-02 
 2.680915e+01  3.021075e-02 
 2.680947e+01  3.021078e-02 
 2.680979e+01  3.021080e-02 
 2.681011e+01  3.021083e-02 
 2.681043e+01  3.021085e-02 
 2.681075e+01  3.021088e-02 
 2.681108e+01  3.021091e-02 
 2.681140e+01  3.021093e-02 
 2.681172e+01  3.021096e-02 
 2.681204e+01  3.021098e-02 
 2.681236e+01  3.021101e-02 
 2.681268e+01  3.021103e-02 
 2.681301e+01  3.021106e-02 
 2.681333e+01  3.021108e-02 
 2.681365e+01  3.021111e-02 
 2.681397e+01  3.021113e-02 
 2.681429e+01  3.021116e-02 
 2.681461e+01  3.021118e-02 
 2.681493e+01  3.021121e-02 
 2.681526e+01  3.021123e-02 
 2.681558e+01  3.021126e-02 
 2.681590e+01  3.021128e-02 
 2.681622e+01  3.021131e-02 
 2.681654e+01  3.021133e-02 
 2.681686e+01  3.021136e-02 
 2.681719e+01  3.021138e-02 
 2.681751e+01  3.021141e-02 
 2.681783e+01  3.021143e-02 
 2.681815e+01  3.021146e-02 
 2.681847e+01  3.021148e-02 
 2.681879e+01  3.021151e-02 
 2.681911e+01  3.021153e-02 
 2.681944e+01  3.021156e-02 
 2.681976e+01  3.021158e-02 
 2.682008e+01  3.021161e-02 
 2.682040e+01  3.021163e-02 
 2.682072e+01  3.021166e-02 
 2.682104e+01  3.021168e-02 
 2.682137e+01  3.021171e-02 
 2.682169e+01  3.021173e-02 
 2.682201e+01  3.021176e-02 
 2.682233e+01  3.021178e-02 
 2.682265e+01  3.021181e-02 
 2.682297e+01  3.021183e-02 
 2.682329e+01  3.021186e-02 
 2.682362e+01  3.021188e-02 
 2.682394e+01  3.021190e-02 
 2.682426e+01  3.021193e-02 
 2.682458e+01  3.021195e-02 
 2.682490e+01  3.021198e-02 
 2.682522e+01  3.021200e-02 
 2.682555e+01  3.021203e-02 
 2.682587e+01  3.021205e-02 
 2.682619e+01  3.021208e-02 
 2.682651e+01  3.021210e-02 
 2.682683e+01  3.021213e-02 
 2.682715e+01  3.021215e-02 
 2.682748e+01  3.021218e-02 
 2.682780e+01  3.021220e-02 
 2.682812e+01  3.021222e-02 
 2.682844e+01  3.021225e-02 
 2.682876e+01  3.021227e-02 
 2.682908e+01  3.021230e-02 
 2.682940e+01  3.021232e-02 
 2.682973e+01  3.021235e-02 
 2.683005e+01  3.021237e-02 
 2.683037e+01  3.021240e-02 
 2.683069e+01  3.021242e-02 
 2.683101e+01  3.021245e-02 
 2.683133e+01  3.021247e-02 
 2.683166e+01  3.021249e-02 
 2.683198e+01  3.021252e-02 
 2.683230e+01  3.021254e-02 
 2.683262e+01  3.021257e-02 
 2.683294e+01  3.021259e-02 
 2.683326e+01  3.021262e-02 
 2.683358e+01  3.021264e-02 
 2.683391e+01  3.021267e-02 
 2.683423e+01  3.021269e-02 
 2.683455e+01  3.021271e-02 
 2.683487e+01  3.021274e-02 
 2.683519e+01  3.021276e-02 
 2.683551e+01  3.021279e-02 
 2.683584e+01  3.021281e-02 
 2.683616e+01  3.021284e-02 
 2.683648e+01  3.021286e-02 
 2.683680e+01  3.021289e-02 
 2.683712e+01  3.021291e-02 
 2.683744e+01  3.021293e-02 
 2.683776e+01  3.021296e-02 
 2.683809e+01  3.021298e-02 
 2.683841e+01  3.021301e-02 
 2.683873e+01  3.021303e-02 
 2.683905e+01  3.021306e-02 
 2.683937e+01  3.021308e-02 
 2.683969e+01  3.021310e-02 
 2.684002e+01  3.021313e-02 
 2.684034e+01  3.021315e-02 
 2.684066e+01  3.021318e-02 
 2.684098e+01  3.021320e-02 
 2.684130e+01  3.021323e-02 
 2.684162e+01  3.021325e-02 
 2.684195e+01  3.021328e-02 
 2.684227e+01  3.021330e-02 
 2.684259e+01  3.021332e-02 
 2.684291e+01  3.021335e-02 
 2.684323e+01  3.021337e-02 
 2.684355e+01  3.021340e-02 
 2.684387e+01  3.021342e-02 
 2.684420e+01  3.021345e-02 
 2.684452e+01  3.021347e-02 
 2.684484e+01  3.021349e-02 
 2.684516e+01  3.021352e-02 
 2.684548e+01  3.021354e-02 
 2.684580e+01  3.021357e-02 
 2.684613e+01  3.021359e-02 
 2.684645e+01  3.021362e-02 
 2.684677e+01  3.021364e-02 
 2.684709e+01  3.021366e-02 
 2.684741e+01  3.021369e-02 
 2.684773e+01  3.021371e-02 
 2.684805e+01  3.021374e-02 
 2.684838e+01  3.021376e-02 
 2.684870e+01  3.021378e-02 
 2.684902e+01  3.021381e-02 
 2.684934e+01  3.021383e-02 
 2.684966e+01  3.021386e-02 
 2.684998e+01  3.021388e-02 
 2.685031e+01  3.021391e-02 
 2.685063e+01  3.021393e-02 
 2.685095e+01  3.021395e-02 
 2.685127e+01  3.021398e-02 
 2.685159e+01  3.021400e-02 
 2.685191e+01  3.021403e-02 
 2.685224e+01  3.021405e-02 
 2.685256e+01  3.021407e-02 
 2.685288e+01  3.021410e-02 
 2.685320e+01  3.021412e-02 
 2.685352e+01  3.021415e-02 
 2.685384e+01  3.021417e-02 
 2.685416e+01  3.021419e-02 
 2.685449e+01  3.021422e-02 
 2.685481e+01  3.021424e-02 
 2.685513e+01  3.021426e-02 
 2.685545e+01  3.021429e-02 
 2.685577e+01  3.021431e-02 
 2.685609e+01  3.021434e-02 
 2.685642e+01  3.021436e-02 
 2.685674e+01  3.021438e-02 
 2.685706e+01  3.021441e-02 
 2.685738e+01  3.021443e-02 
 2.685770e+01  3.021445e-02 
 2.685802e+01  3.021448e-02 
 2.685834e+01  3.021450e-02 
 2.685867e+01  3.021453e-02 
 2.685899e+01  3.021455e-02 
 2.685931e+01  3.021457e-02 
 2.685963e+01  3.021460e-02 
 2.685995e+01  3.021462e-02 
 2.686027e+01  3.021464e-02 
 2.686060e+01  3.021467e-02 
 2.686092e+01  3.021469e-02 
 2.686124e+01  3.021471e-02 
 2.686156e+01  3.021474e-02 
 2.686188e+01  3.021476e-02 
 2.686220e+01  3.021478e-02 
 2.686252e+01  3.021481e-02 
 2.686285e+01  3.021483e-02 
 2.686317e+01  3.021485e-02 
 2.686349e+01  3.021488e-02 
 2.686381e+01  3.021490e-02 
 2.686413e+01  3.021492e-02 
 2.686445e+01  3.021495e-02 
 2.686478e+01  3.021497e-02 
 2.686510e+01  3.021499e-02 
 2.686542e+01  3.021502e-02 
 2.686574e+01  3.021504e-02 
 2.686606e+01  3.021506e-02 
 2.686638e+01  3.021509e-02 
 2.686671e+01  3.021511e-02 
 2.686703e+01  3.021513e-02 
 2.686735e+01  3.021516e-02 
 2.686767e+01  3.021518e-02 
 2.686799e+01  3.021520e-02 
 2.686831e+01  3.021522e-02 
 2.686863e+01  3.021525e-02 
 2.686896e+01  3.021527e-02 
 2.686928e+01  3.021529e-02 
 2.686960e+01  3.021532e-02 
 2.686992e+01  3.021534e-02 
 2.687024e+01  3.021536e-02 
 2.687056e+01  3.021538e-02 
 2.687089e+01  3.021541e-02 
 2.687121e+01  3.021543e-02 
 2.687153e+01  3.021545e-02 
 2.687185e+01  3.021548e-02 
 2.687217e+01  3.021550e-02 
 2.687249e+01  3.021552e-02 
 2.687281e+01  3.021554e-02 
 2.687314e+01  3.021557e-02 
 2.687346e+01  3.021559e-02 
 2.687378e+01  3.021561e-02 
 2.687410e+01  3.021563e-02 
 2.687442e+01  3.021566e-02 
 2.687474e+01  3.021568e-02 
 2.687507e+01  3.021570e-02 
 2.687539e+01  3.021572e-02 
 2.687571e+01  3.021575e-02 
 2.687603e+01  3.021577e-02 
 2.687635e+01  3.021579e-02 
 2.687667e+01  3.021581e-02 
 2.687699e+01  3.021584e-02 
 2.687732e+01  3.021586e-02 
 2.687764e+01  3.021588e-02 
 2.687796e+01  3.021590e-02 
 2.687828e+01  3.021592e-02 
 2.687860e+01  3.021595e-02 
 2.687892e+01  3.021597e-02 
 2.687925e+01  3.021599e-02 
 2.687957e+01  3.021601e-02 
 2.687989e+01  3.021603e-02 
 2.688021e+01  3.021606e-02 
 2.688053e+01  3.021608e-02 
 2.688085e+01  3.021610e-02 
 2.688118e+01  3.021612e-02 
 2.688150e+01  3.021615e-02 
 2.688182e+01  3.021617e-02 
 2.688214e+01  3.021619e-02 
 2.688246e+01  3.021621e-02 
 2.688278e+01  3.021623e-02 
 2.688310e+01  3.021625e-02 
 2.688343e+01  3.021628e-02 
 2.688375e+01  3.021630e-02 
 2.688407e+01  3.021632e-02 
 2.688439e+01  3.021634e-02 
 2.688471e+01  3.021636e-02 
 2.688503e+01  3.021639e-02 
 2.688536e+01  3.021641e-02 
 2.688568e+01  3.021643e-02 
 2.688600e+01  3.021645e-02 
 2.688632e+01  3.021647e-02 
 2.688664e+01  3.021649e-02 
 2.688696e+01  3.021652e-02 
 2.688728e+01  3.021654e-02 
 2.688761e+01  3.021656e-02 
 2.688793e+01  3.021658e-02 
 2.688825e+01  3.021660e-02 
 2.688857e+01  3.021662e-02 
 2.688889e+01  3.021665e-02 
 2.688921e+01  3.021667e-02 
 2.688954e+01  3.021669e-02 
 2.688986e+01  3.021671e-02 
 2.689018e+01  3.021673e-02 
 2.689050e+01  3.021675e-02 
 2.689082e+01  3.021677e-02 
 2.689114e+01  3.021680e-02 
 2.689146e+01  3.021682e-02 
 2.689179e+01  3.021684e-02 
 2.689211e+01  3.021686e-02 
 2.689243e+01  3.021688e-02 
 2.689275e+01  3.021690e-02 
 2.689307e+01  3.021692e-02 
 2.689339e+01  3.021695e-02 
 2.689372e+01  3.021697e-02 
 2.689404e+01  3.021699e-02 
 2.689436e+01  3.021701e-02 
 2.689468e+01  3.021703e-02 
 2.689500e+01  3.021705e-02 
 2.689532e+01  3.021707e-02 
 2.689565e+01  3.021709e-02 
 2.689597e+01  3.021711e-02 
 2.689629e+01  3.021714e-02 
 2.689661e+01  3.021716e-02 
 2.689693e+01  3.021718e-02 
 2.689725e+01  3.021720e-02 
 2.689757e+01  3.021722e-02 
 2.689790e+01  3.021724e-02 
 2.689822e+01  3.021726e-02 
 2.689854e+01  3.021728e-02 
 2.689886e+01  3.021730e-02 
 2.689918e+01  3.021732e-02 
 2.689950e+01  3.021734e-02 
 2.689983e+01  3.021737e-02 
 2.690015e+01  3.021739e-02 
 2.690047e+01  3.021741e-02 
 2.690079e+01  3.021743e-02 
 2.690111e+01  3.021745e-02 
 2.690143e+01  3.021747e-02 
 2.690175e+01  3.021749e-02 
 2.690208e+01  3.021751e-02 
 2.690240e+01  3.021753e-02 
 2.690272e+01  3.021755e-02 
 2.690304e+01  3.021757e-02 
 2.690336e+01  3.021759e-02 
 2.690368e+01  3.021761e-02 
 2.690401e+01  3.021763e-02 
 2.690433e+01  3.021765e-02 
 2.690465e+01  3.021767e-02 
 2.690497e+01  3.021769e-02 
 2.690529e+01  3.021771e-02 
 2.690561e+01  3.021774e-02 
 2.690593e+01  3.021776e-02 
 2.690626e+01  3.021778e-02 
 2.690658e+01  3.021780e-02 
 2.690690e+01  3.021782e-02 
 2.690722e+01  3.021784e-02 
 2.690754e+01  3.021786e-02 
 2.690786e+01  3.021788e-02 
 2.690819e+01  3.021790e-02 
 2.690851e+01  3.021792e-02 
 2.690883e+01  3.021794e-02 
 2.690915e+01  3.021796e-02 
 2.690947e+01  3.021798e-02 
 2.690979e+01  3.021800e-02 
 2.691012e+01  3.021802e-02 
 2.691044e+01  3.021804e-02 
 2.691076e+01  3.021806e-02 
 2.691108e+01  3.021808e-02 
 2.691140e+01  3.021810e-02 
 2.691172e+01  3.021812e-02 
 2.691204e+01  3.021814e-02 
 2.691237e+01  3.021816e-02 
 2.691269e+01  3.021818e-02 
 2.691301e+01  3.021820e-02 
 2.691333e+01  3.021822e-02 
 2.691365e+01  3.021824e-02 
 2.691397e+01  3.021826e-02 
 2.691430e+01  3.021828e-02 
 2.691462e+01  3.021829e-02 
 2.691494e+01  3.021831e-02 
 2.691526e+01  3.021833e-02 
 2.691558e+01  3.021835e-02 
 2.691590e+01  3.021837e-02 
 2.691622e+01  3.021839e-02 
 2.691655e+01  3.021841e-02 
 2.691687e+01  3.021843e-02 
 2.691719e+01  3.021845e-02 
 2.691751e+01  3.021847e-02 
 2.691783e+01  3.021849e-02 
 2.691815e+01  3.021851e-02 
 2.691848e+01  3.021853e-02 
 2.691880e+01  3.021855e-02 
 2.691912e+01  3.021857e-02 
 2.691944e+01  3.021858e-02 
 2.691976e+01  3.021860e-02 
 2.692008e+01  3.021862e-02 
 2.692040e+01  3.021864e-02 
 2.692073e+01  3.021866e-02 
 2.692105e+01  3.021868e-02 
 2.692137e+01  3.021870e-02 
 2.692169e+01  3.021872e-02 
 2.692201e+01  3.021874e-02 
 2.692233e+01  3.021875e-02 
 2.692266e+01  3.021877e-02 
 2.692298e+01  3.021879e-02 
 2.692330e+01  3.021881e-02 
 2.692362e+01  3.021883e-02 
 2.692394e+01  3.021885e-02 
 2.692426e+01  3.021886e-02 
 2.692459e+01  3.021888e-02 
 2.692491e+01  3.021890e-02 
 2.692523e+01  3.021892e-02 
 2.692555e+01  3.021894e-02 
 2.692587e+01  3.021896e-02 
 2.692619e+01  3.021897e-02 
 2.692651e+01  3.021899e-02 
 2.692684e+01  3.021901e-02 
 2.692716e+01  3.021903e-02 
 2.692748e+01  3.021905e-02 
 2.692780e+01  3.021906e-02 
 2.692812e+01  3.021908e-02 
 2.692844e+01  3.021910e-02 
 2.692877e+01  3.021912e-02 
 2.692909e+01  3.021913e-02 
 2.692941e+01  3.021915e-02 
 2.692973e+01  3.021917e-02 
 2.693005e+01  3.021919e-02 
 2.693037e+01  3.021920e-02 
 2.693069e+01  3.021922e-02 
 2.693102e+01  3.021924e-02 
 2.693134e+01  3.021925e-02 
 2.693166e+01  3.021927e-02 
 2.693198e+01  3.021929e-02 
 2.693230e+01  3.021931e-02 
 2.693262e+01  3.021932e-02 
 2.693295e+01  3.021934e-02 
 2.693327e+01  3.021936e-02 
 2.693359e+01  3.021937e-02 
 2.693391e+01  3.021939e-02 
 2.693423e+01  3.021941e-02 
 2.693455e+01  3.021942e-02 
 2.693488e+01  3.021944e-02 
 2.693520e+01  3.021945e-02 
 2.693552e+01  3.021947e-02 
 2.693584e+01  3.021949e-02 
 2.693616e+01  3.021950e-02 
 2.693648e+01  3.021952e-02 
 2.693680e+01  3.021954e-02 
 2.693713e+01  3.021955e-02 
 2.693745e+01  3.021957e-02 
 2.693777e+01  3.021958e-02 
 2.693809e+01  3.021960e-02 
 2.693841e+01  3.021962e-02 
 2.693873e+01  3.021963e-02 
 2.693906e+01  3.021965e-02 
 2.693938e+01  3.021966e-02 
 2.693970e+01  3.021968e-02 
 2.694002e+01  3.021969e-02 
 2.694034e+01  3.021971e-02 
 2.694066e+01  3.021972e-02 
 2.694098e+01  3.021974e-02 
 2.694131e+01  3.021976e-02 
 2.694163e+01  3.021977e-02 
 2.694195e+01  3.021979e-02 
 2.694227e+01  3.021980e-02 
 2.694259e+01  3.021982e-02 
 2.694291e+01  3.021983e-02 
 2.694324e+01  3.021985e-02 
 2.694356e+01  3.021986e-02 
 2.694388e+01  3.021988e-02 
 2.694420e+01  3.021989e-02 
 2.694452e+01  3.021991e-02 
 2.694484e+01  3.021992e-02 
 2.694516e+01  3.021993e-02 
 2.694549e+01  3.021995e-02 
 2.694581e+01  3.021996e-02 
 2.694613e+01  3.021998e-02 
 2.694645e+01  3.021999e-02 
 2.694677e+01  3.022001e-02 
 2.694709e+01  3.022002e-02 
 2.694742e+01  3.022004e-02 
 2.694774e+01  3.022005e-02 
 2.694806e+01  3.022006e-02 
 2.694838e+01  3.022008e-02 
 2.694870e+01  3.022009e-02 
 2.694902e+01  3.022011e-02 
 2.694935e+01  3.022012e-02 
 2.694967e+01  3.022013e-02 
 2.694999e+01  3.022015e-02 
 2.695031e+01  3.022016e-02 
 2.695063e+01  3.022018e-02 
 2.695095e+01  3.022019e-02 
 2.695127e+01  3.022020e-02 
 2.695160e+01  3.022022e-02 
 2.695192e+01  3.022023e-02 
 2.695224e+01  3.022024e-02 
 2.695256e+01  3.022026e-02 
 2.695288e+01  3.022027e-02 
 2.695320e+01  3.022028e-02 
 2.695353e+01  3.022030e-02 
 2.695385e+01  3.022031e-02 
 2.695417e+01  3.022032e-02 
 2.695449e+01  3.022034e-02 
 2.695481e+01  3.022035e-02 
 2.695513e+01  3.022036e-02 
 2.695545e+01  3.022038e-02 
 2.695578e+01  3.022039e-02 
 2.695610e+01  3.022040e-02 
 2.695642e+01  3.022042e-02 
 2.695674e+01  3.022043e-02 
 2.695706e+01  3.022044e-02 
 2.695738e+01  3.022046e-02 
 2.695771e+01  3.022047e-02 
 2.695803e+01  3.022048e-02 
 2.695835e+01  3.022050e-02 
 2.695867e+01  3.022051e-02 
 2.695899e+01  3.022052e-02 
 2.695931e+01  3.022053e-02 
 2.695963e+01  3.022055e-02 
 2.695996e+01  3.022056e-02 
 2.696028e+01  3.022057e-02 
 2.696060e+01  3.022058e-02 
 2.696092e+01  3.022060e-02 
 2.696124e+01  3.022061e-02 
 2.696156e+01  3.022062e-02 
 2.696189e+01  3.022064e-02 
 2.696221e+01  3.022065e-02 
 2.696253e+01  3.022066e-02 
 2.696285e+01  3.022067e-02 
 2.696317e+01  3.022069e-02 
 2.696349e+01  3.022070e-02 
 2.696382e+01  3.022071e-02 
 2.696414e+01  3.022072e-02 
 2.696446e+01  3.022073e-02 
 2.696478e+01  3.022075e-02 
 2.696510e+01  3.022076e-02 
 2.696542e+01  3.022077e-02 
 2.696574e+01  3.022078e-02 
 2.696607e+01  3.022080e-02 
 2.696639e+01  3.022081e-02 
 2.696671e+01  3.022082e-02 
 2.696703e+01  3.022083e-02 
 2.696735e+01  3.022084e-02 
 2.696767e+01  3.022086e-02 
 2.696800e+01  3.022087e-02 
 2.696832e+01  3.022088e-02 
 2.696864e+01  3.022089e-02 
 2.696896e+01  3.022090e-02 
 2.696928e+01  3.022092e-02 
 2.696960e+01  3.022093e-02 
 2.696992e+01  3.022094e-02 
 2.697025e+01  3.022095e-02 
 2.697057e+01  3.022096e-02 
 2.697089e+01  3.022097e-02 
 2.697121e+01  3.022099e-02 
 2.697153e+01  3.022100e-02 
 2.697185e+01  3.022101e-02 
 2.697218e+01  3.022102e-02 
 2.697250e+01  3.022103e-02 
 2.697282e+01  3.022104e-02 
 2.697314e+01  3.022106e-02 
 2.697346e+01  3.022107e-02 
 2.697378e+01  3.022108e-02 
 2.697410e+01  3.022109e-02 
 2.697443e+01  3.022110e-02 
 2.697475e+01  3.022111e-02 
 2.697507e+01  3.022112e-02 
 2.697539e+01  3.022113e-02 
 2.697571e+01  3.022114e-02 
 2.697603e+01  3.022116e-02 
 2.697636e+01  3.022117e-02 
 2.697668e+01  3.022118e-02 
 2.697700e+01  3.022119e-02 
 2.697732e+01  3.022120e-02 
 2.697764e+01  3.022121e-02 
 2.697796e+01  3.022122e-02 
 2.697829e+01  3.022123e-02 
 2.697861e+01  3.022124e-02 
 2.697893e+01  3.022125e-02 
 2.697925e+01  3.022126e-02 
 2.697957e+01  3.022128e-02 
 2.697989e+01  3.022129e-02 
 2.698021e+01  3.022130e-02 
 2.698054e+01  3.022131e-02 
 2.698086e+01  3.022132e-02 
 2.698118e+01  3.022133e-02 
 2.698150e+01  3.022134e-02 
 2.698182e+01  3.022135e-02 
 2.698214e+01  3.022136e-02 
 2.698247e+01  3.022137e-02 
 2.698279e+01  3.022138e-02 
 2.698311e+01  3.022139e-02 
 2.698343e+01  3.022140e-02 
 2.698375e+01  3.022141e-02 
 2.698407e+01  3.022142e-02 
 2.698439e+01  3.022143e-02 
 2.698472e+01  3.022144e-02 
 2.698504e+01  3.022145e-02 
 2.698536e+01  3.022146e-02 
 2.698568e+01  3.022147e-02 
 2.698600e+01  3.022148e-02 
 2.698632e+01  3.022149e-02 
 2.698665e+01  3.022150e-02 
 2.698697e+01  3.022151e-02 
 2.698729e+01  3.022152e-02 
 2.698761e+01  3.022153e-02 
 2.698793e+01  3.022154e-02 
 2.698825e+01  3.022155e-02 
 2.698857e+01  3.022156e-02 
 2.698890e+01  3.022157e-02 
 2.698922e+01  3.022158e-02 
 2.698954e+01  3.022159e-02 
 2.698986e+01  3.022160e-02 
 2.699018e+01  3.022161e-02 
 2.699050e+01  3.022162e-02 
 2.699083e+01  3.022163e-02 
 2.699115e+01  3.022164e-02 
 2.699147e+01  3.022165e-02 
 2.699179e+01  3.022166e-02 
 2.699211e+01  3.022166e-02 
 2.699243e+01  3.022167e-02 
 2.699276e+01  3.022168e-02 
 2.699308e+01  3.022169e-02 
 2.699340e+01  3.022170e-02 
 2.699372e+01  3.022171e-02 
 2.699404e+01  3.022172e-02 
 2.699436e+01  3.022173e-02 
 2.699468e+01  3.022174e-02 
 2.699501e+01  3.022175e-02 
 2.699533e+01  3.022176e-02 
 2.699565e+01  3.022177e-02 
 2.699597e+01  3.022178e-02 
 2.699629e+01  3.022178e-02 
 2.699661e+01  3.022179e-02 
 2.699694e+01  3.022180e-02 
 2.699726e+01  3.022181e-02 
 2.699758e+01  3.022182e-02 
 2.699790e+01  3.022183e-02 
 2.699822e+01  3.022184e-02 
 2.699854e+01  3.022185e-02 
 2.699886e+01  3.022186e-02 
 2.699919e+01  3.022186e-02 
 2.699951e+01  3.022187e-02 
 2.699983e+01  3.022188e-02 
 2.700015e+01  3.022189e-02 
 2.700047e+01  3.022190e-02 
 2.700079e+01  3.022191e-02 
 2.700112e+01  3.022192e-02 
 2.700144e+01  3.022192e-02 
 2.700176e+01  3.022193e-02 
 2.700208e+01  3.022194e-02 
 2.700240e+01  3.022195e-02 
 2.700272e+01  3.022196e-02 
 2.700304e+01  3.022197e-02 
 2.700337e+01  3.022197e-02 
 2.700369e+01  3.022198e-02 
 2.700401e+01  3.022199e-02 
 2.700433e+01  3.022200e-02 
 2.700465e+01  3.022201e-02 
 2.700497e+01  3.022201e-02 
 2.700530e+01  3.022202e-02 
 2.700562e+01  3.022203e-02 
 2.700594e+01  3.022204e-02 
 2.700626e+01  3.022205e-02 
 2.700658e+01  3.022205e-02 
 2.700690e+01  3.022206e-02 
 2.700723e+01  3.022207e-02 
 2.700755e+01  3.022208e-02 
 2.700787e+01  3.022208e-02 
 2.700819e+01  3.022209e-02 
 2.700851e+01  3.022210e-02 
 2.700883e+01  3.022211e-02 
 2.700915e+01  3.022211e-02 
 2.700948e+01  3.022212e-02 
 2.700980e+01  3.022213e-02 
 2.701012e+01  3.022214e-02 
 2.701044e+01  3.022214e-02 
 2.701076e+01  3.022215e-02 
 2.701108e+01  3.022216e-02 
 2.701141e+01  3.022217e-02 
 2.701173e+01  3.022217e-02 
 2.701205e+01  3.022218e-02 
 2.701237e+01  3.022219e-02 
 2.701269e+01  3.022219e-02 
 2.701301e+01  3.022220e-02 
 2.701333e+01  3.022221e-02 
 2.701366e+01  3.022221e-02 
 2.701398e+01  3.022222e-02 
 2.701430e+01  3.022223e-02 
 2.701462e+01  3.022223e-02 
 2.701494e+01  3.022224e-02 
 2.701526e+01  3.022225e-02 
 2.701559e+01  3.022225e-02 
 2.701591e+01  3.022226e-02 
 2.701623e+01  3.022227e-02 
 2.701655e+01  3.022227e-02 
 2.701687e+01  3.022228e-02 
 2.701719e+01  3.022229e-02 
 2.701752e+01  3.022229e-02 
 2.701784e+01  3.022230e-02 
 2.701816e+01  3.022230e-02 
 2.701848e+01  3.022231e-02 
 2.701880e+01  3.022232e-02 
 2.701912e+01  3.022232e-02 
 2.701944e+01  3.022233e-02 
 2.701977e+01  3.022234e-02 
 2.702009e+01  3.022234e-02 
 2.702041e+01  3.022235e-02 
 2.702073e+01  3.022235e-02 
 2.702105e+01  3.022236e-02 
 2.702137e+01  3.022236e-02 
 2.702170e+01  3.022237e-02 
 2.702202e+01  3.022238e-02 
 2.702234e+01  3.022238e-02 
 2.702266e+01  3.022239e-02 
 2.702298e+01  3.022239e-02 
 2.702330e+01  3.022240e-02 
 2.702362e+01  3.022240e-02 
 2.702395e+01  3.022241e-02 
 2.702427e+01  3.022242e-02 
 2.702459e+01  3.022242e-02 
 2.702491e+01  3.022243e-02 
 2.702523e+01  3.022243e-02 
 2.702555e+01  3.022244e-02 
 2.702588e+01  3.022244e-02 
 2.702620e+01  3.022245e-02 
 2.702652e+01  3.022245e-02 
 2.702684e+01  3.022246e-02 
 2.702716e+01  3.022246e-02 
 2.702748e+01  3.022247e-02 
 2.702780e+01  3.022247e-02 
 2.702813e+01  3.022248e-02 
 2.702845e+01  3.022249e-02 
 2.702877e+01  3.022249e-02 
 2.702909e+01  3.022250e-02 
 2.702941e+01  3.022250e-02 
 2.702973e+01  3.022251e-02 
 2.703006e+01  3.022251e-02 
 2.703038e+01  3.022252e-02 
 2.703070e+01  3.022252e-02 
 2.703102e+01  3.022252e-02 
 2.703134e+01  3.022253e-02 
 2.703166e+01  3.022253e-02 
 2.703199e+01  3.022254e-02 
 2.703231e+01  3.022254e-02 
 2.703263e+01  3.022255e-02 
 2.703295e+01  3.022255e-02 
 2.703327e+01  3.022256e-02 
 2.703359e+01  3.022256e-02 
 2.703391e+01  3.022257e-02 
 2.703424e+01  3.022257e-02 
 2.703456e+01  3.022258e-02 
 2.703488e+01  3.022258e-02 
 2.703520e+01  3.022259e-02 
 2.703552e+01  3.022259e-02 
 2.703584e+01  3.022259e-02 
 2.703617e+01  3.022260e-02 
 2.703649e+01  3.022260e-02 
 2.703681e+01  3.022261e-02 
 2.703713e+01  3.022261e-02 
 2.703745e+01  3.022262e-02 
 2.703777e+01  3.022262e-02 
 2.703809e+01  3.022263e-02 
 2.703842e+01  3.022263e-02 
 2.703874e+01  3.022263e-02 
 2.703906e+01  3.022264e-02 
 2.703938e+01  3.022264e-02 
 2.703970e+01  3.022265e-02 
 2.704002e+01  3.022265e-02 
 2.704035e+01  3.022265e-02 
 2.704067e+01  3.022266e-02 
 2.704099e+01  3.022266e-02 
 2.704131e+01  3.022267e-02 
 2.704163e+01  3.022267e-02 
 2.704195e+01  3.022268e-02 
 2.704227e+01  3.022268e-02 
 2.704260e+01  3.022268e-02 
 2.704292e+01  3.022269e-02 
 2.704324e+01  3.022269e-02 
 2.704356e+01  3.022270e-02 
 2.704388e+01  3.022270e-02 
 2.704420e+01  3.022270e-02 
 2.704453e+01  3.022271e-02 
 2.704485e+01  3.022271e-02 
 2.704517e+01  3.022271e-02 
 2.704549e+01  3.022272e-02 
 2.704581e+01  3.022272e-02 
 2.704613e+01  3.022273e-02 
 2.704646e+01  3.022273e-02 
 2.704678e+01  3.022273e-02 
 2.704710e+01  3.022274e-02 
 2.704742e+01  3.022274e-02 
 2.704774e+01  3.022275e-02 
 2.704806e+01  3.022275e-02 
 2.704838e+01  3.022275e-02 
 2.704871e+01  3.022276e-02 
 2.704903e+01  3.022276e-02 
 2.704935e+01  3.022277e-02 
 2.704967e+01  3.022277e-02 
 2.704999e+01  3.022277e-02 
 2.705031e+01  3.022278e-02 
 2.705064e+01  3.022278e-02 
 2.705096e+01  3.022278e-02 
 2.705128e+01  3.022279e-02 
 2.705160e+01  3.022279e-02 
 2.705192e+01  3.022280e-02 
 2.705224e+01  3.022280e-02 
 2.705256e+01  3.022280e-02 
 2.705289e+01  3.022281e-02 
 2.705321e+01  3.022281e-02 
 2.705353e+01  3.022282e-02 
 2.705385e+01  3.022282e-02 
 2.705417e+01  3.022282e-02 
 2.705449e+01  3.022283e-02 
 2.705482e+01  3.022283e-02 
 2.705514e+01  3.022284e-02 
 2.705546e+01  3.022284e-02 
 2.705578e+01  3.022285e-02 
 2.705610e+01  3.022285e-02 
 2.705642e+01  3.022285e-02 
 2.705674e+01  3.022286e-02 
 2.705707e+01  3.022286e-02 
 2.705739e+01  3.022287e-02 
 2.705771e+01  3.022287e-02 
 2.705803e+01  3.022288e-02 
 2.705835e+01  3.022288e-02 
 2.705867e+01  3.022288e-02 
 2.705900e+01  3.022289e-02 
 2.705932e+01  3.022289e-02 
 2.705964e+01  3.022290e-02 
 2.705996e+01  3.022290e-02 
 2.706028e+01  3.022291e-02 
 2.706060e+01  3.022291e-02 
 2.706093e+01  3.022292e-02 
 2.706125e+01  3.022292e-02 
 2.706157e+01  3.022293e-02 
 2.706189e+01  3.022293e-02 
 2.706221e+01  3.022294e-02 
 2.706253e+01  3.022294e-02 
 2.706285e+01  3.022295e-02 
 2.706318e+01  3.022295e-02 
 2.706350e+01  3.022296e-02 
 2.706382e+01  3.022296e-02 
 2.706414e+01  3.022297e-02 
 2.706446e+01  3.022297e-02 
 2.706478e+01  3.022298e-02 
 2.706511e+01  3.022299e-02 
 2.706543e+01  3.022299e-02 
 2.706575e+01  3.022300e-02 
 2.706607e+01  3.022300e-02 
 2.706639e+01  3.022301e-02 
 2.706671e+01  3.022301e-02 
 2.706703e+01  3.022302e-02 
 2.706736e+01  3.022303e-02 
 2.706768e+01  3.022303e-02 
 2.706800e+01  3.022304e-02 
 2.706832e+01  3.022304e-02 
 2.706864e+01  3.022305e-02 
 2.706896e+01  3.022306e-02 
 2.706929e+01  3.022306e-02 
 2.706961e+01  3.022307e-02 
 2.706993e+01  3.022308e-02 
 2.707025e+01  3.022308e-02 
 2.707057e+01  3.022309e-02 
 2.707089e+01  3.022310e-02 
 2.707121e+01  3.022310e-02 
 2.707154e+01  3.022311e-02 
 2.707186e+01  3.022312e-02 
 2.707218e+01  3.022312e-02 
 2.707250e+01  3.022313e-02 
 2.707282e+01  3.022314e-02 
 2.707314e+01  3.022314e-02 
 2.707347e+01  3.022315e-02 
 2.707379e+01  3.022316e-02 
 2.707411e+01  3.022316e-02 
 2.707443e+01  3.022317e-02 
 2.707475e+01  3.022318e-02 
 2.707507e+01  3.022319e-02 
 2.707540e+01  3.022319e-02 
 2.707572e+01  3.022320e-02 
 2.707604e+01  3.022321e-02 
 2.707636e+01  3.022322e-02 
 2.707668e+01  3.022322e-02 
 2.707700e+01  3.022323e-02 
 2.707732e+01  3.022324e-02 
 2.707765e+01  3.022325e-02 
 2.707797e+01  3.022326e-02 
 2.707829e+01  3.022326e-02 
 2.707861e+01  3.022327e-02 
 2.707893e+01  3.022328e-02 
 2.707925e+01  3.022329e-02 
 2.707958e+01  3.022330e-02 
 2.707990e+01  3.022330e-02 
 2.708022e+01  3.022331e-02 
 2.708054e+01  3.022332e-02 
 2.708086e+01  3.022333e-02 
 2.708118e+01  3.022334e-02 
 2.708150e+01  3.022335e-02 
 2.708183e+01  3.022336e-02 
 2.708215e+01  3.022336e-02 
 2.708247e+01  3.022337e-02 
 2.708279e+01  3.022338e-02 
 2.708311e+01  3.022339e-02 
 2.708343e+01  3.022340e-02 
 2.708376e+01  3.022341e-02 
 2.708408e+01  3.022342e-02 
 2.708440e+01  3.022343e-02 
 2.708472e+01  3.022344e-02 
 2.708504e+01  3.022345e-02 
 2.708536e+01  3.022346e-02 
 2.708568e+01  3.022346e-02 
 2.708601e+01  3.022347e-02 
 2.708633e+01  3.022348e-02 
 2.708665e+01  3.022349e-02 
 2.708697e+01  3.022350e-02 
 2.708729e+01  3.022351e-02 
 2.708761e+01  3.022352e-02 
 2.708794e+01  3.022353e-02 
 2.708826e+01  3.022354e-02 
 2.708858e+01  3.022355e-02 
 2.708890e+01  3.022356e-02 
 2.708922e+01  3.022357e-02 
 2.708954e+01  3.022358e-02 
 2.708987e+01  3.022359e-02 
 2.709019e+01  3.022360e-02 
 2.709051e+01  3.022361e-02 
 2.709083e+01  3.022362e-02 
 2.709115e+01  3.022363e-02 
 2.709147e+01  3.022364e-02 
 2.709179e+01  3.022365e-02 
 2.709212e+01  3.022366e-02 
 2.709244e+01  3.022367e-02 
 2.709276e+01  3.022368e-02 
 2.709308e+01  3.022369e-02 
 2.709340e+01  3.022371e-02 
 2.709372e+01  3.022372e-02 
 2.709405e+01  3.022373e-02 
 2.709437e+01  3.022374e-02 
 2.709469e+01  3.022375e-02 
 2.709501e+01  3.022376e-02 
 2.709533e+01  3.022377e-02 
 2.709565e+01  3.022378e-02 
 2.709597e+01  3.022379e-02 
 2.709630e+01  3.022380e-02 
 2.709662e+01  3.022381e-02 
 2.709694e+01  3.022382e-02 
 2.709726e+01  3.022384e-02 
 2.709758e+01  3.022385e-02 
 2.709790e+01  3.022386e-02 
 2.709823e+01  3.022387e-02 
 2.709855e+01  3.022388e-02 
 2.709887e+01  3.022389e-02 
 2.709919e+01  3.022390e-02 
 2.709951e+01  3.022391e-02 
 2.709983e+01  3.022393e-02 
 2.710015e+01  3.022394e-02 
 2.710048e+01  3.022395e-02 
 2.710080e+01  3.022396e-02 
 2.710112e+01  3.022397e-02 
 2.710144e+01  3.022398e-02 
 2.710176e+01  3.022399e-02 
 2.710208e+01  3.022401e-02 
 2.710241e+01  3.022402e-02 
 2.710273e+01  3.022403e-02 
 2.710305e+01  3.022404e-02 
 2.710337e+01  3.022405e-02 
 2.710369e+01  3.022406e-02 
 2.710401e+01  3.022408e-02 
 2.710434e+01  3.022409e-02 
 2.710466e+01  3.022410e-02 
 2.710498e+01  3.022411e-02 
 2.710530e+01  3.022412e-02 
 2.710562e+01  3.022414e-02 
 2.710594e+01  3.022415e-02 
 2.710626e+01  3.022416e-02 
 2.710659e+01  3.022417e-02 
 2.710691e+01  3.022418e-02 
 2.710723e+01  3.022420e-02 
 2.710755e+01  3.022421e-02 
 2.710787e+01  3.022422e-02 
 2.710819e+01  3.022423e-02 
 2.710852e+01  3.022424e-02 
 2.710884e+01  3.022426e-02 
 2.710916e+01  3.022427e-02 
 2.710948e+01  3.022428e-02 
 2.710980e+01  3.022429e-02 
 2.711012e+01  3.022430e-02 
 2.711044e+01  3.022432e-02 
 2.711077e+01  3.022433e-02 
 2.711109e+01  3.022434e-02 
 2.711141e+01  3.022435e-02 
 2.711173e+01  3.022437e-02 
 2.711205e+01  3.022438e-02 
 2.711237e+01  3.022439e-02 
 2.711270e+01  3.022440e-02 
 2.711302e+01  3.022442e-02 
 2.711334e+01  3.022443e-02 
 2.711366e+01  3.022444e-02 
 2.711398e+01  3.022445e-02 
 2.711430e+01  3.022447e-02 
 2.711463e+01  3.022448e-02 
 2.711495e+01  3.022449e-02 
 2.711527e+01  3.022450e-02 
 2.711559e+01  3.022452e-02 
 2.711591e+01  3.022453e-02 
 2.711623e+01  3.022454e-02 
 2.711655e+01  3.022455e-02 
 2.711688e+01  3.022457e-02 
 2.711720e+01  3.022458e-02 
 2.711752e+01  3.022459e-02 
 2.711784e+01  3.022461e-02 
 2.711816e+01  3.022462e-02 
 2.711848e+01  3.022463e-02 
 2.711881e+01  3.022464e-02 
 2.711913e+01  3.022466e-02 
 2.711945e+01  3.022467e-02 
 2.711977e+01  3.022468e-02 
 2.712009e+01  3.022470e-02 
 2.712041e+01  3.022471e-02 
 2.712073e+01  3.022472e-02 
 2.712106e+01  3.022473e-02 
 2.712138e+01  3.022475e-02 
 2.712170e+01  3.022476e-02 
 2.712202e+01  3.022477e-02 
 2.712234e+01  3.022479e-02 
 2.712266e+01  3.022480e-02 
 2.712299e+01  3.022481e-02 
 2.712331e+01  3.022483e-02 
 2.712363e+01  3.022484e-02 
 2.712395e+01  3.022485e-02 
 2.712427e+01  3.022487e-02 
 2.712459e+01  3.022488e-02 
 2.712491e+01  3.022489e-02 
 2.712524e+01  3.022491e-02 
 2.712556e+01  3.022492e-02 
 2.712588e+01  3.022493e-02 
 2.712620e+01  3.022495e-02 
 2.712652e+01  3.022496e-02 
 2.712684e+01  3.022497e-02 
 2.712717e+01  3.022499e-02 
 2.712749e+01  3.022500e-02 
 2.712781e+01  3.022501e-02 
 2.712813e+01  3.022503e-02 
 2.712845e+01  3.022504e-02 
 2.712877e+01  3.022505e-02 
 2.712910e+01  3.022507e-02 
 2.712942e+01  3.022508e-02 
 2.712974e+01  3.022509e-02 
 2.713006e+01  3.022511e-02 
 2.713038e+01  3.022512e-02 
 2.713070e+01  3.022513e-02 
 2.713102e+01  3.022515e-02 
 2.713135e+01  3.022516e-02 
 2.713167e+01  3.022517e-02 
 2.713199e+01  3.022519e-02 
 2.713231e+01  3.022520e-02 
 2.713263e+01  3.022521e-02 
 2.713295e+01  3.022523e-02 
 2.713328e+01  3.022524e-02 
 2.713360e+01  3.022526e-02 
 2.713392e+01  3.022527e-02 
 2.713424e+01  3.022528e-02 
 2.713456e+01  3.022530e-02 
 2.713488e+01  3.022531e-02 
 2.713520e+01  3.022532e-02 
 2.713553e+01  3.022534e-02 
 2.713585e+01  3.022535e-02 
 2.713617e+01  3.022536e-02 
 2.713649e+01  3.022538e-02 
 2.713681e+01  3.022539e-02 
 2.713713e+01  3.022541e-02 
 2.713746e+01  3.022542e-02 
 2.713778e+01  3.022543e-02 
 2.713810e+01  3.022545e-02 
 2.713842e+01  3.022546e-02 
 2.713874e+01  3.022547e-02 
 2.713906e+01  3.022549e-02 
 2.713938e+01  3.022550e-02 
 2.713971e+01  3.022552e-02 
 2.714003e+01  3.022553e-02 
 2.714035e+01  3.022554e-02 
 2.714067e+01  3.022556e-02 
 2.714099e+01  3.022557e-02 
 2.714131e+01  3.022558e-02 
 2.714164e+01  3.022560e-02 
 2.714196e+01  3.022561e-02 
 2.714228e+01  3.022562e-02 
 2.714260e+01  3.022564e-02 
 2.714292e+01  3.022565e-02 
 2.714324e+01  3.022567e-02 
 2.714357e+01  3.022568e-02 
 2.714389e+01  3.022569e-02 
 2.714421e+01  3.022571e-02 
 2.714453e+01  3.022572e-02 
 2.714485e+01  3.022573e-02 
 2.714517e+01  3.022575e-02 
 2.714549e+01  3.022576e-02 
 2.714582e+01  3.022577e-02 
 2.714614e+01  3.022579e-02 
 2.714646e+01  3.022580e-02 
 2.714678e+01  3.022581e-02 
 2.714710e+01  3.022583e-02 
 2.714742e+01  3.022584e-02 
 2.714775e+01  3.022585e-02 
 2.714807e+01  3.022586e-02 
 2.714839e+01  3.022588e-02 
 2.714871e+01  3.022589e-02 
 2.714903e+01  3.022590e-02 
 2.714935e+01  3.022592e-02 
 2.714967e+01  3.022593e-02 
 2.715000e+01  3.022594e-02 
 2.715032e+01  3.022596e-02 
 2.715064e+01  3.022597e-02 
 2.715096e+01  3.022598e-02 
 2.715128e+01  3.022599e-02 
 2.715160e+01  3.022601e-02 
 2.715193e+01  3.022602e-02 
 2.715225e+01  3.022603e-02 
 2.715257e+01  3.022604e-02 
 2.715289e+01  3.022606e-02 
 2.715321e+01  3.022607e-02 
 2.715353e+01  3.022608e-02 
 2.715385e+01  3.022609e-02 
 2.715418e+01  3.022611e-02 
 2.715450e+01  3.022612e-02 
 2.715482e+01  3.022613e-02 
 2.715514e+01  3.022614e-02 
 2.715546e+01  3.022616e-02 
 2.715578e+01  3.022617e-02 
 2.715611e+01  3.022618e-02 
 2.715643e+01  3.022619e-02 
 2.715675e+01  3.022620e-02 
 2.715707e+01  3.022622e-02 
 2.715739e+01  3.022623e-02 
 2.715771e+01  3.022624e-02 
 2.715804e+01  3.022625e-02 
 2.715836e+01  3.022626e-02 
 2.715868e+01  3.022628e-02 
 2.715900e+01  3.022629e-02 
 2.715932e+01  3.022630e-02 
 2.715964e+01  3.022631e-02 
 2.715996e+01  3.022632e-02 
 2.716029e+01  3.022633e-02 
 2.716061e+01  3.022635e-02 
 2.716093e+01  3.022636e-02 
 2.716125e+01  3.022637e-02 
 2.716157e+01  3.022638e-02 
 2.716189e+01  3.022639e-02 
 2.716222e+01  3.022640e-02 
 2.716254e+01  3.022642e-02 
 2.716286e+01  3.022643e-02 
 2.716318e+01  3.022644e-02 
 2.716350e+01  3.022645e-02 
 2.716382e+01  3.022646e-02 
 2.716414e+01  3.022647e-02 
 2.716447e+01  3.022649e-02 
 2.716479e+01  3.022650e-02 
 2.716511e+01  3.022651e-02 
 2.716543e+01  3.022652e-02 
 2.716575e+01  3.022653e-02 
 2.716607e+01  3.022654e-02 
 2.716640e+01  3.022656e-02 
 2.716672e+01  3.022657e-02 
 2.716704e+01  3.022658e-02 
 2.716736e+01  3.022659e-02 
 2.716768e+01  3.022660e-02 
 2.716800e+01  3.022661e-02 
 2.716832e+01  3.022663e-02 
 2.716865e+01  3.022664e-02 
 2.716897e+01  3.022665e-02 
 2.716929e+01  3.022666e-02 
 2.716961e+01  3.022667e-02 
 2.716993e+01  3.022669e-02 
 2.717025e+01  3.022670e-02 
 2.717058e+01  3.022671e-02 
 2.717090e+01  3.022672e-02 
 2.717122e+01  3.022673e-02 
 2.717154e+01  3.022675e-02 
 2.717186e+01  3.022676e-02 
 2.717218e+01  3.022677e-02 
 2.717251e+01  3.022678e-02 
 2.717283e+01  3.022680e-02 
 2.717315e+01  3.022681e-02 
 2.717347e+01  3.022682e-02 
 2.717379e+01  3.022684e-02 
 2.717411e+01  3.022685e-02 
 2.717443e+01  3.022686e-02 
 2.717476e+01  3.022687e-02 
 2.717508e+01  3.022689e-02 
 2.717540e+01  3.022690e-02 
 2.717572e+01  3.022691e-02 
 2.717604e+01  3.022693e-02 
 2.717636e+01  3.022694e-02 
 2.717669e+01  3.022695e-02 
 2.717701e+01  3.022697e-02 
 2.717733e+01  3.022698e-02 
 2.717765e+01  3.022700e-02 
 2.717797e+01  3.022701e-02 
 2.717829e+01  3.022702e-02 
 2.717861e+01  3.022704e-02 
 2.717894e+01  3.022705e-02 
 2.717926e+01  3.022707e-02 
 2.717958e+01  3.022708e-02 
 2.717990e+01  3.022709e-02 
 2.718022e+01  3.022711e-02 
 2.718054e+01  3.022712e-02 
 2.718087e+01  3.022714e-02 
 2.718119e+01  3.022715e-02 
 2.718151e+01  3.022717e-02 
 2.718183e+01  3.022718e-02 
 2.718215e+01  3.022720e-02 
 2.718247e+01  3.022721e-02 
 2.718279e+01  3.022723e-02 
 2.718312e+01  3.022724e-02 
 2.718344e+01  3.022726e-02 
 2.718376e+01  3.022727e-02 
 2.718408e+01  3.022729e-02 
 2.718440e+01  3.022730e-02 
 2.718472e+01  3.022732e-02 
 2.718505e+01  3.022733e-02 
 2.718537e+01  3.022735e-02 
 2.718569e+01  3.022736e-02 
 2.718601e+01  3.022738e-02 
 2.718633e+01  3.022740e-02 
 2.718665e+01  3.022741e-02 
 2.718698e+01  3.022743e-02 
 2.718730e+01  3.022744e-02 
 2.718762e+01  3.022746e-02 
 2.718794e+01  3.022747e-02 
 2.718826e+01  3.022749e-02 
 2.718858e+01  3.022751e-02 
 2.718890e+01  3.022752e-02 
 2.718923e+01  3.022754e-02 
 2.718955e+01  3.022755e-02 
 2.718987e+01  3.022757e-02 
 2.719019e+01  3.022759e-02 
 2.719051e+01  3.022760e-02 
 2.719083e+01  3.022762e-02 
 2.719116e+01  3.022763e-02 
 2.719148e+01  3.022765e-02 
 2.719180e+01  3.022767e-02 
 2.719212e+01  3.022768e-02 
 2.719244e+01  3.022770e-02 
 2.719276e+01  3.022771e-02 
 2.719308e+01  3.022773e-02 
 2.719341e+01  3.022775e-02 
 2.719373e+01  3.022776e-02 
 2.719405e+01  3.022778e-02 
 2.719437e+01  3.022779e-02 
 2.719469e+01  3.022781e-02 
 2.719501e+01  3.022783e-02 
 2.719534e+01  3.022784e-02 
 2.719566e+01  3.022786e-02 
 2.719598e+01  3.022788e-02 
 2.719630e+01  3.022789e-02 
 2.719662e+01  3.022791e-02 
 2.719694e+01  3.022792e-02 
 2.719727e+01  3.022794e-02 
 2.719759e+01  3.022796e-02 
 2.719791e+01  3.022797e-02 
 2.719823e+01  3.022799e-02 
 2.719855e+01  3.022801e-02 
 2.719887e+01  3.022802e-02 
 2.719919e+01  3.022804e-02 
 2.719952e+01  3.022805e-02 
 2.719984e+01  3.022807e-02 
 2.720016e+01  3.022809e-02 
 2.720048e+01  3.022810e-02 
 2.720080e+01  3.022812e-02 
 2.720112e+01  3.022814e-02 
 2.720145e+01  3.022815e-02 
 2.720177e+01  3.022817e-02 
 2.720209e+01  3.022819e-02 
 2.720241e+01  3.022820e-02 
 2.720273e+01  3.022822e-02 
 2.720305e+01  3.022823e-02 
 2.720337e+01  3.022825e-02 
 2.720370e+01  3.022827e-02 
 2.720402e+01  3.022828e-02 
 2.720434e+01  3.022830e-02 
 2.720466e+01  3.022832e-02 
 2.720498e+01  3.022833e-02 
 2.720530e+01  3.022835e-02 
 2.720563e+01  3.022837e-02 
 2.720595e+01  3.022838e-02 
 2.720627e+01  3.022840e-02 
 2.720659e+01  3.022842e-02 
 2.720691e+01  3.022843e-02 
 2.720723e+01  3.022845e-02 
 2.720755e+01  3.022847e-02 
 2.720788e+01  3.022848e-02 
 2.720820e+01  3.022850e-02 
 2.720852e+01  3.022851e-02 
 2.720884e+01  3.022853e-02 
 2.720916e+01  3.022855e-02 
 2.720948e+01  3.022856e-02 
 2.720981e+01  3.022858e-02 
 2.721013e+01  3.022860e-02 
 2.721045e+01  3.022861e-02 
 2.721077e+01  3.022863e-02 
 2.721109e+01  3.022865e-02 
 2.721141e+01  3.022866e-02 
 2.721174e+01  3.022868e-02 
 2.721206e+01  3.022870e-02 
 2.721238e+01  3.022871e-02 
 2.721270e+01  3.022873e-02 
 2.721302e+01  3.022875e-02 
 2.721334e+01  3.022876e-02 
 2.721366e+01  3.022878e-02 
 2.721399e+01  3.022880e-02 
 2.721431e+01  3.022881e-02 
 2.721463e+01  3.022883e-02 
 2.721495e+01  3.022884e-02 
 2.721527e+01  3.022886e-02 
 2.721559e+01  3.022888e-02 
 2.721592e+01  3.022889e-02 
 2.721624e+01  3.022891e-02 
 2.721656e+01  3.022893e-02 
 2.721688e+01  3.022894e-02 
 2.721720e+01  3.022896e-02 
 2.721752e+01  3.022897e-02 
 2.721784e+01  3.022899e-02 
 2.721817e+01  3.022901e-02 
 2.721849e+01  3.022902e-02 
 2.721881e+01  3.022904e-02 
 2.721913e+01  3.022905e-02 
 2.721945e+01  3.022907e-02 
 2.721977e+01  3.022908e-02 
 2.722010e+01  3.022910e-02 
 2.722042e+01  3.022912e-02 
 2.722074e+01  3.022913e-02 
 2.722106e+01  3.022915e-02 
 2.722138e+01  3.022916e-02 
 2.722170e+01  3.022918e-02 
 2.722202e+01  3.022919e-02 
 2.722235e+01  3.022921e-02 
 2.722267e+01  3.022922e-02 
 2.722299e+01  3.022924e-02 
 2.722331e+01  3.022925e-02 
 2.722363e+01  3.022927e-02 
 2.722395e+01  3.022928e-02 
 2.722428e+01  3.022930e-02 
 2.722460e+01  3.022931e-02 
 2.722492e+01  3.022933e-02 
 2.722524e+01  3.022934e-02 
 2.722556e+01  3.022936e-02 
 2.722588e+01  3.022937e-02 
 2.722621e+01  3.022939e-02 
 2.722653e+01  3.022940e-02 
 2.722685e+01  3.022942e-02 
 2.722717e+01  3.022943e-02 
 2.722749e+01  3.022944e-02 
 2.722781e+01  3.022946e-02 
 2.722813e+01  3.022947e-02 
 2.722846e+01  3.022949e-02 
 2.722878e+01  3.022950e-02 
 2.722910e+01  3.022952e-02 
 2.722942e+01  3.022953e-02 
 2.722974e+01  3.022954e-02 
 2.723006e+01  3.022956e-02 
 2.723039e+01  3.022957e-02 
 2.723071e+01  3.022959e-02 
 2.723103e+01  3.022960e-02 
 2.723135e+01  3.022961e-02 
 2.723167e+01  3.022963e-02 
 2.723199e+01  3.022964e-02 
 2.723231e+01  3.022965e-02 
 2.723264e+01  3.022967e-02 
 2.723296e+01  3.022968e-02 
 2.723328e+01  3.022969e-02 
 2.723360e+01  3.022971e-02 
 2.723392e+01  3.022972e-02 
 2.723424e+01  3.022974e-02 
 2.723457e+01  3.022975e-02 
 2.723489e+01  3.022976e-02 
 2.723521e+01  3.022978e-02 
 2.723553e+01  3.022979e-02 
 2.723585e+01  3.022980e-02 
 2.723617e+01  3.022982e-02 
 2.723649e+01  3.022983e-02 
 2.723682e+01  3.022984e-02 
 2.723714e+01  3.022986e-02 
 2.723746e+01  3.022987e-02 
 2.723778e+01  3.022988e-02 
 2.723810e+01  3.022990e-02 
 2.723842e+01  3.022991e-02 
 2.723875e+01  3.022992e-02 
 2.723907e+01  3.022994e-02 
 2.723939e+01  3.022995e-02 
 2.723971e+01  3.022996e-02 
 2.724003e+01  3.022998e-02 
 2.724035e+01  3.022999e-02 
 2.724068e+01  3.023001e-02 
 2.724100e+01  3.023002e-02 
 2.724132e+01  3.023003e-02 
 2.724164e+01  3.023005e-02 
 2.724196e+01  3.023006e-02 
 2.724228e+01  3.023007e-02 
 2.724260e+01  3.023009e-02 
 2.724293e+01  3.023010e-02 
 2.724325e+01  3.023011e-02 
 2.724357e+01  3.023013e-02 
 2.724389e+01  3.023014e-02 
 2.724421e+01  3.023016e-02 
 2.724453e+01  3.023017e-02 
 2.724486e+01  3.023018e-02 
 2.724518e+01  3.023020e-02 
 2.724550e+01  3.023021e-02 
 2.724582e+01  3.023022e-02 
 2.724614e+01  3.023024e-02 
 2.724646e+01  3.023025e-02 
 2.724678e+01  3.023027e-02 
 2.724711e+01  3.023028e-02 
 2.724743e+01  3.023029e-02 
 2.724775e+01  3.023031e-02 
 2.724807e+01  3.023032e-02 
 2.724839e+01  3.023034e-02 
 2.724871e+01  3.023035e-02 
 2.724904e+01  3.023036e-02 
 2.724936e+01  3.023038e-02 
 2.724968e+01  3.023039e-02 
 2.725000e+01  3.023041e-02 
 2.725032e+01  3.023042e-02 
 2.725064e+01  3.023043e-02 
 2.725096e+01  3.023045e-02 
 2.725129e+01  3.023046e-02 
 2.725161e+01  3.023048e-02 
 2.725193e+01  3.023049e-02 
 2.725225e+01  3.023050e-02 
 2.725257e+01  3.023052e-02 
 2.725289e+01  3.023053e-02 
 2.725322e+01  3.023055e-02 
 2.725354e+01  3.023056e-02 
 2.725386e+01  3.023058e-02 
 2.725418e+01  3.023059e-02 
 2.725450e+01  3.023061e-02 
 2.725482e+01  3.023062e-02 
 2.725515e+01  3.023063e-02 
 2.725547e+01  3.023065e-02 
 2.725579e+01  3.023066e-02 
 2.725611e+01  3.023068e-02 
 2.725643e+01  3.023069e-02 
 2.725675e+01  3.023071e-02 
 2.725707e+01  3.023072e-02 
 2.725740e+01  3.023074e-02 
 2.725772e+01  3.023075e-02 
 2.725804e+01  3.023077e-02 
 2.725836e+01  3.023078e-02 
 2.725868e+01  3.023080e-02 
 2.725900e+01  3.023081e-02 
 2.725933e+01  3.023083e-02 
 2.725965e+01  3.023084e-02 
 2.725997e+01  3.023086e-02 
 2.726029e+01  3.023087e-02 
 2.726061e+01  3.023089e-02 
 2.726093e+01  3.023090e-02 
 2.726125e+01  3.023092e-02 
 2.726158e+01  3.023093e-02 
 2.726190e+01  3.023095e-02 
 2.726222e+01  3.023096e-02 
 2.726254e+01  3.023098e-02 
 2.726286e+01  3.023099e-02 
 2.726318e+01  3.023101e-02 
 2.726351e+01  3.023103e-02 
 2.726383e+01  3.023104e-02 
 2.726415e+01  3.023106e-02 
 2.726447e+01  3.023107e-02 
 2.726479e+01  3.023109e-02 
 2.726511e+01  3.023110e-02 
 2.726543e+01  3.023112e-02 
 2.726576e+01  3.023114e-02 
 2.726608e+01  3.023115e-02 
 2.726640e+01  3.023117e-02 
 2.726672e+01  3.023118e-02 
 2.726704e+01  3.023120e-02 
 2.726736e+01  3.023122e-02 
 2.726769e+01  3.023123e-02 
 2.726801e+01  3.023125e-02 
 2.726833e+01  3.023126e-02 
 2.726865e+01  3.023128e-02 
 2.726897e+01  3.023130e-02 
 2.726929e+01  3.023131e-02 
 2.726962e+01  3.023133e-02 
 2.726994e+01  3.023135e-02 
 2.727026e+01  3.023136e-02 
 2.727058e+01  3.023138e-02 
 2.727090e+01  3.023140e-02 
 2.727122e+01  3.023141e-02 
 2.727154e+01  3.023143e-02 
 2.727187e+01  3.023145e-02 
 2.727219e+01  3.023146e-02 
 2.727251e+01  3.023148e-02 
 2.727283e+01  3.023150e-02 
 2.727315e+01  3.023151e-02 
 2.727347e+01  3.023153e-02 
 2.727380e+01  3.023155e-02 
 2.727412e+01  3.023156e-02 
 2.727444e+01  3.023158e-02 
 2.727476e+01  3.023160e-02 
 2.727508e+01  3.023162e-02 
 2.727540e+01  3.023163e-02 
 2.727572e+01  3.023165e-02 
 2.727605e+01  3.023167e-02 
 2.727637e+01  3.023168e-02 
 2.727669e+01  3.023170e-02 
 2.727701e+01  3.023172e-02 
 2.727733e+01  3.023174e-02 
 2.727765e+01  3.023176e-02 
 2.727798e+01  3.023177e-02 
 2.727830e+01  3.023179e-02 
 2.727862e+01  3.023181e-02 
 2.727894e+01  3.023183e-02 
 2.727926e+01  3.023184e-02 
 2.727958e+01  3.023186e-02 
 2.727990e+01  3.023188e-02 
 2.728023e+01  3.023190e-02 
 2.728055e+01  3.023192e-02 
 2.728087e+01  3.023194e-02 
 2.728119e+01  3.023195e-02 
 2.728151e+01  3.023197e-02 
 2.728183e+01  3.023199e-02 
 2.728216e+01  3.023201e-02 
 2.728248e+01  3.023203e-02 
 2.728280e+01  3.023205e-02 
 2.728312e+01  3.023206e-02 
 2.728344e+01  3.023208e-02 
 2.728376e+01  3.023210e-02 
 2.728409e+01  3.023212e-02 
 2.728441e+01  3.023214e-02 
 2.728473e+01  3.023216e-02 
 2.728505e+01  3.023218e-02 
 2.728537e+01  3.023220e-02 
 2.728569e+01  3.023222e-02 
 2.728601e+01  3.023224e-02 
 2.728634e+01  3.023226e-02 
 2.728666e+01  3.023227e-02 
 2.728698e+01  3.023229e-02 
 2.728730e+01  3.023231e-02 
 2.728762e+01  3.023233e-02 
 2.728794e+01  3.023235e-02 
 2.728827e+01  3.023237e-02 
 2.728859e+01  3.023239e-02 
 2.728891e+01  3.023241e-02 
 2.728923e+01  3.023243e-02 
 2.728955e+01  3.023245e-02 
 2.728987e+01  3.023247e-02 
 2.729019e+01  3.023249e-02 
 2.729052e+01  3.023251e-02 
 2.729084e+01  3.023253e-02 
 2.729116e+01  3.023256e-02 
 2.729148e+01  3.023258e-02 
 2.729180e+01  3.023260e-02 
 2.729212e+01  3.023262e-02 
 2.729245e+01  3.023264e-02 
 2.729277e+01  3.023266e-02 
 2.729309e+01  3.023268e-02 
 2.729341e+01  3.023270e-02 
 2.729373e+01  3.023272e-02 
 2.729405e+01  3.023274e-02 
 2.729438e+01  3.023277e-02 
 2.729470e+01  3.023279e-02 
 2.729502e+01  3.023281e-02 
 2.729534e+01  3.023283e-02 
 2.729566e+01  3.023285e-02 
 2.729598e+01  3.023287e-02 
 2.729630e+01  3.023290e-02 
 2.729663e+01  3.023292e-02 
 2.729695e+01  3.023294e-02 
 2.729727e+01  3.023296e-02 
 2.729759e+01  3.023299e-02 
 2.729791e+01  3.023301e-02 
 2.729823e+01  3.023303e-02 
 2.729856e+01  3.023305e-02 
 2.729888e+01  3.023308e-02 
 2.729920e+01  3.023310e-02 
 2.729952e+01  3.023312e-02 
 2.729984e+01  3.023315e-02 
 2.730016e+01  3.023317e-02 
 2.730048e+01  3.023319e-02 
 2.730081e+01  3.023322e-02 
 2.730113e+01  3.023324e-02 
 2.730145e+01  3.023326e-02 
 2.730177e+01  3.023329e-02 
 2.730209e+01  3.023331e-02 
 2.730241e+01  3.023333e-02 
 2.730274e+01  3.023336e-02 
 2.730306e+01  3.023338e-02 
 2.730338e+01  3.023341e-02 
 2.730370e+01  3.023343e-02 
 2.730402e+01  3.023345e-02 
 2.730434e+01  3.023348e-02 
 2.730466e+01  3.023350e-02 
 2.730499e+01  3.023353e-02 
 2.730531e+01  3.023355e-02 
 2.730563e+01  3.023358e-02 
 2.730595e+01  3.023360e-02 
 2.730627e+01  3.023363e-02 
 2.730659e+01  3.023365e-02 
 2.730692e+01  3.023368e-02 
 2.730724e+01  3.023370e-02 
 2.730756e+01  3.023373e-02 
 2.730788e+01  3.023375e-02 
 2.730820e+01  3.023378e-02 
 2.730852e+01  3.023380e-02 
 2.730885e+01  3.023383e-02 
 2.730917e+01  3.023386e-02 
 2.730949e+01  3.023388e-02 
 2.730981e+01  3.023391e-02 
 2.731013e+01  3.023393e-02 
 2.731045e+01  3.023396e-02 
 2.731077e+01  3.023398e-02 
 2.731110e+01  3.023401e-02 
 2.731142e+01  3.023404e-02 
 2.731174e+01  3.023406e-02 
 2.731206e+01  3.023409e-02 
 2.731238e+01  3.023411e-02 
 2.731270e+01  3.023414e-02 
 2.731303e+01  3.023417e-02 
 2.731335e+01  3.023419e-02 
 2.731367e+01  3.023422e-02 
 2.731399e+01  3.023424e-02 
 2.731431e+01  3.023427e-02 
 2.731463e+01  3.023430e-02 
 2.731495e+01  3.023432e-02 
 2.731528e+01  3.023435e-02 
 2.731560e+01  3.023438e-02 
 2.731592e+01  3.023440e-02 
 2.731624e+01  3.023443e-02 
 2.731656e+01  3.023445e-02 
 2.731688e+01  3.023448e-02 
 2.731721e+01  3.023451e-02 
 2.731753e+01  3.023453e-02 
 2.731785e+01  3.023456e-02 
 2.731817e+01  3.023459e-02 
 2.731849e+01  3.023461e-02 
 2.731881e+01  3.023464e-02 
 2.731913e+01  3.023466e-02 
 2.731946e+01  3.023469e-02 
 2.731978e+01  3.023472e-02 
 2.732010e+01  3.023474e-02 
 2.732042e+01  3.023477e-02 
 2.732074e+01  3.023479e-02 
 2.732106e+01  3.023482e-02 
 2.732139e+01  3.023485e-02 
 2.732171e+01  3.023487e-02 
 2.732203e+01  3.023490e-02 
 2.732235e+01  3.023492e-02 
 2.732267e+01  3.023495e-02 
 2.732299e+01  3.023498e-02 
 2.732332e+01  3.023500e-02 
 2.732364e+01  3.023503e-02 
 2.732396e+01  3.023505e-02 
 2.732428e+01  3.023508e-02 
 2.732460e+01  3.023510e-02 
 2.732492e+01  3.023513e-02 
 2.732524e+01  3.023515e-02 
 2.732557e+01  3.023518e-02 
 2.732589e+01  3.023521e-02 
 2.732621e+01  3.023523e-02 
 2.732653e+01  3.023526e-02 
 2.732685e+01  3.023528e-02 
 2.732717e+01  3.023531e-02 
 2.732750e+01  3.023533e-02 
 2.732782e+01  3.023536e-02 
 2.732814e+01  3.023538e-02 
 2.732846e+01  3.023541e-02 
 2.732878e+01  3.023543e-02 
 2.732910e+01  3.023546e-02 
 2.732942e+01  3.023548e-02 
 2.732975e+01  3.023551e-02 
 2.733007e+01  3.023553e-02 
 2.733039e+01  3.023555e-02 
 2.733071e+01  3.023558e-02 
 2.733103e+01  3.023560e-02 
 2.733135e+01  3.023563e-02 
 2.733168e+01  3.023565e-02 
 2.733200e+01  3.023568e-02 
 2.733232e+01  3.023570e-02 
 2.733264e+01  3.023572e-02 
 2.733296e+01  3.023575e-02 
 2.733328e+01  3.023577e-02 
 2.733360e+01  3.023580e-02 
 2.733393e+01  3.023582e-02 
 2.733425e+01  3.023584e-02 
 2.733457e+01  3.023587e-02 
 2.733489e+01  3.023589e-02 
 2.733521e+01  3.023592e-02 
 2.733553e+01  3.023594e-02 
 2.733586e+01  3.023596e-02 
 2.733618e+01  3.023599e-02 
 2.733650e+01  3.023601e-02 
 2.733682e+01  3.023603e-02 
 2.733714e+01  3.023606e-02 
 2.733746e+01  3.023608e-02 
 2.733779e+01  3.023610e-02 
 2.733811e+01  3.023613e-02 
 2.733843e+01  3.023615e-02 
 2.733875e+01  3.023617e-02 
 2.733907e+01  3.023619e-02 
 2.733939e+01  3.023622e-02 
 2.733971e+01  3.023624e-02 
 2.734004e+01  3.023626e-02 
 2.734036e+01  3.023629e-02 
 2.734068e+01  3.023631e-02 
 2.734100e+01  3.023633e-02 
 2.734132e+01  3.023635e-02 
 2.734164e+01  3.023638e-02 
 2.734197e+01  3.023640e-02 
 2.734229e+01  3.023642e-02 
 2.734261e+01  3.023644e-02 
 2.734293e+01  3.023646e-02 
 2.734325e+01  3.023649e-02 
 2.734357e+01  3.023651e-02 
 2.734389e+01  3.023653e-02 
 2.734422e+01  3.023655e-02 
 2.734454e+01  3.023657e-02 
 2.734486e+01  3.023660e-02 
 2.734518e+01  3.023662e-02 
 2.734550e+01  3.023664e-02 
 2.734582e+01  3.023666e-02 
 2.734615e+01  3.023668e-02 
 2.734647e+01  3.023670e-02 
 2.734679e+01  3.023673e-02 
 2.734711e+01  3.023675e-02 
 2.734743e+01  3.023677e-02 
 2.734775e+01  3.023679e-02 
 2.734807e+01  3.023681e-02 
 2.734840e+01  3.023683e-02 
 2.734872e+01  3.023686e-02 
 2.734904e+01  3.023688e-02 
 2.734936e+01  3.023690e-02 
 2.734968e+01  3.023692e-02 
 2.735000e+01  3.023694e-02 
 2.735033e+01  3.023696e-02 
 2.735065e+01  3.023698e-02 
 2.735097e+01  3.023701e-02 
 2.735129e+01  3.023703e-02 
 2.735161e+01  3.023705e-02 
 2.735193e+01  3.023707e-02 
 2.735226e+01  3.023709e-02 
 2.735258e+01  3.023711e-02 
 2.735290e+01  3.023713e-02 
 2.735322e+01  3.023715e-02 
 2.735354e+01  3.023718e-02 
 2.735386e+01  3.023720e-02 
 2.735418e+01  3.023722e-02 
 2.735451e+01  3.023724e-02 
 2.735483e+01  3.023726e-02 
 2.735515e+01  3.023728e-02 
 2.735547e+01  3.023730e-02 
 2.735579e+01  3.023732e-02 
 2.735611e+01  3.023735e-02 
 2.735644e+01  3.023737e-02 
 2.735676e+01  3.023739e-02 
 2.735708e+01  3.023741e-02 
 2.735740e+01  3.023743e-02 
 2.735772e+01  3.023745e-02 
 2.735804e+01  3.023747e-02 
 2.735836e+01  3.023750e-02 
 2.735869e+01  3.023752e-02 
 2.735901e+01  3.023754e-02 
 2.735933e+01  3.023756e-02 
 2.735965e+01  3.023758e-02 
 2.735997e+01  3.023760e-02 
 2.736029e+01  3.023762e-02 
 2.736062e+01  3.023764e-02 
 2.736094e+01  3.023767e-02 
 2.736126e+01  3.023769e-02 
 2.736158e+01  3.023771e-02 
 2.736190e+01  3.023773e-02 
 2.736222e+01  3.023775e-02 
 2.736254e+01  3.023777e-02 
 2.736287e+01  3.023780e-02 
 2.736319e+01  3.023782e-02 
 2.736351e+01  3.023784e-02 
 2.736383e+01  3.023786e-02 
 2.736415e+01  3.023788e-02 
 2.736447e+01  3.023790e-02 
 2.736480e+01  3.023792e-02 
 2.736512e+01  3.023795e-02 
 2.736544e+01  3.023797e-02 
 2.736576e+01  3.023799e-02 
 2.736608e+01  3.023801e-02 
 2.736640e+01  3.023803e-02 
 2.736673e+01  3.023805e-02 
 2.736705e+01  3.023807e-02 
 2.736737e+01  3.023809e-02 
 2.736769e+01  3.023812e-02 
 2.736801e+01  3.023814e-02 
 2.736833e+01  3.023816e-02 
 2.736865e+01  3.023818e-02 
 2.736898e+01  3.023820e-02 
 2.736930e+01  3.023822e-02 
 2.736962e+01  3.023824e-02 
 2.736994e+01  3.023826e-02 
 2.737026e+01  3.023829e-02 
 2.737058e+01  3.023831e-02 
 2.737091e+01  3.023833e-02 
 2.737123e+01  3.023835e-02 
 2.737155e+01  3.023837e-02 
 2.737187e+01  3.023839e-02 
 2.737219e+01  3.023841e-02 
 2.737251e+01  3.023843e-02 
 2.737283e+01  3.023845e-02 
 2.737316e+01  3.023847e-02 
 2.737348e+01  3.023849e-02 
 2.737380e+01  3.023852e-02 
 2.737412e+01  3.023854e-02 
 2.737444e+01  3.023856e-02 
 2.737476e+01  3.023858e-02 
 2.737509e+01  3.023860e-02 
 2.737541e+01  3.023862e-02 
 2.737573e+01  3.023864e-02 
 2.737605e+01  3.023866e-02 
 2.737637e+01  3.023868e-02 
 2.737669e+01  3.023870e-02 
 2.737702e+01  3.023872e-02 
 2.737734e+01  3.023874e-02 
 2.737766e+01  3.023876e-02 
 2.737798e+01  3.023878e-02 
 2.737830e+01  3.023880e-02 
 2.737862e+01  3.023882e-02 
 2.737894e+01  3.023884e-02 
 2.737927e+01  3.023886e-02 
 2.737959e+01  3.023888e-02 
 2.737991e+01  3.023890e-02 
 2.738023e+01  3.023892e-02 
 2.738055e+01  3.023894e-02 
 2.738087e+01  3.023896e-02 
 2.738120e+01  3.023898e-02 
 2.738152e+01  3.023900e-02 
 2.738184e+01  3.023902e-02 
 2.738216e+01  3.023904e-02 
 2.738248e+01  3.023906e-02 
 2.738280e+01  3.023908e-02 
 2.738312e+01  3.023910e-02 
 2.738345e+01  3.023912e-02 
 2.738377e+01  3.023914e-02 
 2.738409e+01  3.023916e-02 
 2.738441e+01  3.023918e-02 
 2.738473e+01  3.023920e-02 
 2.738505e+01  3.023922e-02 
 2.738538e+01  3.023924e-02 
 2.738570e+01  3.023926e-02 
 2.738602e+01  3.023928e-02 
 2.738634e+01  3.023930e-02 
 2.738666e+01  3.023932e-02 
 2.738698e+01  3.023934e-02 
 2.738730e+01  3.023936e-02 
 2.738763e+01  3.023938e-02 
 2.738795e+01  3.023940e-02 
 2.738827e+01  3.023942e-02 
 2.738859e+01  3.023944e-02 
 2.738891e+01  3.023946e-02 
 2.738923e+01  3.023948e-02 
 2.738956e+01  3.023950e-02 
 2.738988e+01  3.023952e-02 
 2.739020e+01  3.023954e-02 
 2.739052e+01  3.023956e-02 
 2.739084e+01  3.023958e-02 
 2.739116e+01  3.023960e-02 
 2.739149e+01  3.023962e-02 
 2.739181e+01  3.023964e-02 
 2.739213e+01  3.023966e-02 
 2.739245e+01  3.023968e-02 
 2.739277e+01  3.023970e-02 
 2.739309e+01  3.023972e-02 
 2.739341e+01  3.023974e-02 
 2.739374e+01  3.023976e-02 
 2.739406e+01  3.023978e-02 
 2.739438e+01  3.023980e-02 
 2.739470e+01  3.023982e-02 
 2.739502e+01  3.023984e-02 
 2.739534e+01  3.023987e-02 
 2.739567e+01  3.023989e-02 
 2.739599e+01  3.023991e-02 
 2.739631e+01  3.023993e-02 
 2.739663e+01  3.023995e-02 
 2.739695e+01  3.023997e-02 
 2.739727e+01  3.023999e-02 
 2.739759e+01  3.024001e-02 
 2.739792e+01  3.024003e-02 
 2.739824e+01  3.024006e-02 
 2.739856e+01  3.024008e-02 
 2.739888e+01  3.024010e-02 
 2.739920e+01  3.024012e-02 
 2.739952e+01  3.024014e-02 
 2.739985e+01  3.024016e-02 
 2.740017e+01  3.024019e-02 
 2.740049e+01  3.024021e-02 
 2.740081e+01  3.024023e-02 
 2.740113e+01  3.024025e-02 
 2.740145e+01  3.024027e-02 
 2.740177e+01  3.024030e-02 
 2.740210e+01  3.024032e-02 
 2.740242e+01  3.024034e-02 
 2.740274e+01  3.024036e-02 
 2.740306e+01  3.024039e-02 
 2.740338e+01  3.024041e-02 
 2.740370e+01  3.024043e-02 
 2.740403e+01  3.024045e-02 
 2.740435e+01  3.024048e-02 
 2.740467e+01  3.024050e-02 
 2.740499e+01  3.024052e-02 
 2.740531e+01  3.024055e-02 
 2.740563e+01  3.024057e-02 
 2.740596e+01  3.024059e-02 
 2.740628e+01  3.024061e-02 
 2.740660e+01  3.024064e-02 
 2.740692e+01  3.024066e-02 
 2.740724e+01  3.024068e-02 
 2.740756e+01  3.024071e-02 
 2.740788e+01  3.024073e-02 
 2.740821e+01  3.024076e-02 
 2.740853e+01  3.024078e-02 
 2.740885e+01  3.024080e-02 
 2.740917e+01  3.024083e-02 
 2.740949e+01  3.024085e-02 
 2.740981e+01  3.024088e-02 
 2.741014e+01  3.024090e-02 
 2.741046e+01  3.024092e-02 
 2.741078e+01  3.024095e-02 
 2.741110e+01  3.024097e-02 
 2.741142e+01  3.024100e-02 
 2.741174e+01  3.024102e-02 
 2.741206e+01  3.024105e-02 
 2.741239e+01  3.024107e-02 
 2.741271e+01  3.024110e-02 
 2.741303e+01  3.024112e-02 
 2.741335e+01  3.024115e-02 
 2.741367e+01  3.024117e-02 
 2.741399e+01  3.024120e-02 
 2.741432e+01  3.024122e-02 
 2.741464e+01  3.024125e-02 
 2.741496e+01  3.024127e-02 
 2.741528e+01  3.024130e-02 
 2.741560e+01  3.024132e-02 
 2.741592e+01  3.024135e-02 
 2.741624e+01  3.024138e-02 
 2.741657e+01  3.024140e-02 
 2.741689e+01  3.024143e-02 
 2.741721e+01  3.024145e-02 
 2.741753e+01  3.024148e-02 
 2.741785e+01  3.024151e-02 
 2.741817e+01  3.024153e-02 
 2.741850e+01  3.024156e-02 
 2.741882e+01  3.024159e-02 
 2.741914e+01  3.024161e-02 
 2.741946e+01  3.024164e-02 
 2.741978e+01  3.024167e-02 
 2.742010e+01  3.024169e-02 
 2.742043e+01  3.024172e-02 
 2.742075e+01  3.024175e-02 
 2.742107e+01  3.024177e-02 
 2.742139e+01  3.024180e-02 
 2.742171e+01  3.024183e-02 
 2.742203e+01  3.024185e-02 
 2.742235e+01  3.024188e-02 
 2.742268e+01  3.024191e-02 
 2.742300e+01  3.024193e-02 
 2.742332e+01  3.024196e-02 
 2.742364e+01  3.024199e-02 
 2.742396e+01  3.024202e-02 
 2.742428e+01  3.024204e-02 
 2.742461e+01  3.024207e-02 
 2.742493e+01  3.024210e-02 
 2.742525e+01  3.024212e-02 
 2.742557e+01  3.024215e-02 
 2.742589e+01  3.024218e-02 
 2.742621e+01  3.024221e-02 
 2.742653e+01  3.024223e-02 
 2.742686e+01  3.024226e-02 
 2.742718e+01  3.024229e-02 
 2.742750e+01  3.024232e-02 
 2.742782e+01  3.024234e-02 
 2.742814e+01  3.024237e-02 
 2.742846e+01  3.024240e-02 
 2.742879e+01  3.024243e-02 
 2.742911e+01  3.024245e-02 
 2.742943e+01  3.024248e-02 
 2.742975e+01  3.024251e-02 
 2.743007e+01  3.024254e-02 
 2.743039e+01  3.024256e-02 
 2.743071e+01  3.024259e-02 
 2.743104e+01  3.024262e-02 
 2.743136e+01  3.024265e-02 
 2.743168e+01  3.024267e-02 
 2.743200e+01  3.024270e-02 
 2.743232e+01  3.024273e-02 
 2.743264e+01  3.024275e-02 
 2.743297e+01  3.024278e-02 
 2.743329e+01  3.024281e-02 
 2.743361e+01  3.024284e-02 
 2.743393e+01  3.024286e-02 
 2.743425e+01  3.024289e-02 
 2.743457e+01  3.024292e-02 
 2.743490e+01  3.024295e-02 
 2.743522e+01  3.024297e-02 
 2.743554e+01  3.024300e-02 
 2.743586e+01  3.024303e-02 
 2.743618e+01  3.024306e-02 
 2.743650e+01  3.024308e-02 
 2.743682e+01  3.024311e-02 
 2.743715e+01  3.024314e-02 
 2.743747e+01  3.024316e-02 
 2.743779e+01  3.024319e-02 
 2.743811e+01  3.024322e-02 
 2.743843e+01  3.024325e-02 
 2.743875e+01  3.024327e-02 
 2.743908e+01  3.024330e-02 
 2.743940e+01  3.024333e-02 
 2.743972e+01  3.024335e-02 
 2.744004e+01  3.024338e-02 
 2.744036e+01  3.024341e-02 
 2.744068e+01  3.024344e-02 
 2.744100e+01  3.024346e-02 
 2.744133e+01  3.024349e-02 
 2.744165e+01  3.024352e-02 
 2.744197e+01  3.024354e-02 
 2.744229e+01  3.024357e-02 
 2.744261e+01  3.024360e-02 
 2.744293e+01  3.024363e-02 
 2.744326e+01  3.024365e-02 
 2.744358e+01  3.024368e-02 
 2.744390e+01  3.024371e-02 
 2.744422e+01  3.024373e-02 
 2.744454e+01  3.024376e-02 
 2.744486e+01  3.024379e-02 
 2.744518e+01  3.024382e-02 
 2.744551e+01  3.024384e-02 
 2.744583e+01  3.024387e-02 
 2.744615e+01  3.024390e-02 
 2.744647e+01  3.024392e-02 
 2.744679e+01  3.024395e-02 
 2.744711e+01  3.024398e-02 
 2.744744e+01  3.024401e-02 
 2.744776e+01  3.024403e-02 
 2.744808e+01  3.024406e-02 
 2.744840e+01  3.024409e-02 
 2.744872e+01  3.024412e-02 
 2.744904e+01  3.024414e-02 
 2.744937e+01  3.024417e-02 
 2.744969e+01  3.024420e-02 
 2.745001e+01  3.024423e-02 
 2.745033e+01  3.024425e-02 
 2.745065e+01  3.024428e-02 
 2.745097e+01  3.024431e-02 
 2.745129e+01  3.024434e-02 
 2.745162e+01  3.024436e-02 
 2.745194e+01  3.024439e-02 
 2.745226e+01  3.024442e-02 
 2.745258e+01  3.024445e-02 
 2.745290e+01  3.024448e-02 
 2.745322e+01  3.024450e-02 
 2.745355e+01  3.024453e-02 
 2.745387e+01  3.024456e-02 
 2.745419e+01  3.024459e-02 
 2.745451e+01  3.024462e-02 
 2.745483e+01  3.024465e-02 
 2.745515e+01  3.024467e-02 
 2.745547e+01  3.024470e-02 
 2.745580e+01  3.024473e-02 
 2.745612e+01  3.024476e-02 
 2.745644e+01  3.024479e-02 
 2.745676e+01  3.024482e-02 
 2.745708e+01  3.024485e-02 
 2.745740e+01  3.024488e-02 
 2.745773e+01  3.024490e-02 
 2.745805e+01  3.024493e-02 
 2.745837e+01  3.024496e-02 
 2.745869e+01  3.024499e-02 
 2.745901e+01  3.024502e-02 
 2.745933e+01  3.024505e-02 
 2.745965e+01  3.024508e-02 
 2.745998e+01  3.024511e-02 
 2.746030e+01  3.024514e-02 
 2.746062e+01  3.024517e-02 
 2.746094e+01  3.024520e-02 
 2.746126e+01  3.024523e-02 
 2.746158e+01  3.024526e-02 
 2.746191e+01  3.024529e-02 
 2.746223e+01  3.024532e-02 
 2.746255e+01  3.024535e-02 
 2.746287e+01  3.024538e-02 
 2.746319e+01  3.024541e-02 
 2.746351e+01  3.024544e-02 
 2.746384e+01  3.024547e-02 
 2.746416e+01  3.024550e-02 
 2.746448e+01  3.024553e-02 
 2.746480e+01  3.024556e-02 
 2.746512e+01  3.024559e-02 
 2.746544e+01  3.024562e-02 
 2.746576e+01  3.024565e-02 
 2.746609e+01  3.024568e-02 
 2.746641e+01  3.024571e-02 
 2.746673e+01  3.024574e-02 
 2.746705e+01  3.024577e-02 
 2.746737e+01  3.024581e-02 
 2.746769e+01  3.024584e-02 
 2.746802e+01  3.024587e-02 
 2.746834e+01  3.024590e-02 
 2.746866e+01  3.024593e-02 
 2.746898e+01  3.024596e-02 
 2.746930e+01  3.024599e-02 
 2.746962e+01  3.024602e-02 
 2.746994e+01  3.024605e-02 
 2.747027e+01  3.024608e-02 
 2.747059e+01  3.024612e-02 
 2.747091e+01  3.024615e-02 
 2.747123e+01  3.024618e-02 
 2.747155e+01  3.024621e-02 
 2.747187e+01  3.024624e-02 
 2.747220e+01  3.024627e-02 
 2.747252e+01  3.024630e-02 
 2.747284e+01  3.024633e-02 
 2.747316e+01  3.024636e-02 
 2.747348e+01  3.024639e-02 
 2.747380e+01  3.024643e-02 
 2.747413e+01  3.024646e-02 
 2.747445e+01  3.024649e-02 
 2.747477e+01  3.024652e-02 
 2.747509e+01  3.024655e-02 
 2.747541e+01  3.024658e-02 
 2.747573e+01  3.024661e-02 
 2.747605e+01  3.024664e-02 
 2.747638e+01  3.024667e-02 
 2.747670e+01  3.024670e-02 
 2.747702e+01  3.024673e-02 
 2.747734e+01  3.024676e-02 
 2.747766e+01  3.024679e-02 
 2.747798e+01  3.024682e-02 
 2.747831e+01  3.024685e-02 
 2.747863e+01  3.024688e-02 
 2.747895e+01  3.024691e-02 
 2.747927e+01  3.024694e-02 
 2.747959e+01  3.024697e-02 
 2.747991e+01  3.024700e-02 
 2.748023e+01  3.024703e-02 
 2.748056e+01  3.024706e-02 
 2.748088e+01  3.024709e-02 
 2.748120e+01  3.024712e-02 
 2.748152e+01  3.024715e-02 
 2.748184e+01  3.024718e-02 
 2.748216e+01  3.024721e-02 
 2.748249e+01  3.024723e-02 
 2.748281e+01  3.024726e-02 
 2.748313e+01  3.024729e-02 
 2.748345e+01  3.024732e-02 
 2.748377e+01  3.024735e-02 
 2.748409e+01  3.024738e-02 
 2.748441e+01  3.024740e-02 
 2.748474e+01  3.024743e-02 
 2.748506e+01  3.024746e-02 
 2.748538e+01  3.024749e-02 
 2.748570e+01  3.024752e-02 
 2.748602e+01  3.024754e-02 
 2.748634e+01  3.024757e-02 
 2.748667e+01  3.024760e-02 
 2.748699e+01  3.024762e-02 
 2.748731e+01  3.024765e-02 
 2.748763e+01  3.024768e-02 
 2.748795e+01  3.024770e-02 
 2.748827e+01  3.024773e-02 
 2.748860e+01  3.024776e-02 
 2.748892e+01  3.024778e-02 
 2.748924e+01  3.024781e-02 
 2.748956e+01  3.024784e-02 
 2.748988e+01  3.024786e-02 
 2.749020e+01  3.024789e-02 
 2.749052e+01  3.024791e-02 
 2.749085e+01  3.024794e-02 
 2.749117e+01  3.024796e-02 
 2.749149e+01  3.024799e-02 
 2.749181e+01  3.024801e-02 
 2.749213e+01  3.024804e-02 
 2.749245e+01  3.024806e-02 
 2.749278e+01  3.024809e-02 
 2.749310e+01  3.024811e-02 
 2.749342e+01  3.024814e-02 
 2.749374e+01  3.024816e-02 
 2.749406e+01  3.024819e-02 
 2.749438e+01  3.024821e-02 
 2.749470e+01  3.024823e-02 
 2.749503e+01  3.024826e-02 
 2.749535e+01  3.024828e-02 
 2.749567e+01  3.024831e-02 
 2.749599e+01  3.024833e-02 
 2.749631e+01  3.024835e-02 
 2.749663e+01  3.024838e-02 
 2.749696e+01  3.024840e-02 
 2.749728e+01  3.024842e-02 
 2.749760e+01  3.024845e-02 
 2.749792e+01  3.024847e-02 
 2.749824e+01  3.024849e-02 
 2.749856e+01  3.024852e-02 
 2.749888e+01  3.024854e-02 
 2.749921e+01  3.024856e-02 
 2.749953e+01  3.024858e-02 
 2.749985e+01  3.024861e-02 
 2.750017e+01  3.024863e-02 
 2.750049e+01  3.024865e-02 
 2.750081e+01  3.024867e-02 
 2.750114e+01  3.024870e-02 
 2.750146e+01  3.024872e-02 
 2.750178e+01  3.024874e-02 
 2.750210e+01  3.024876e-02 
 2.750242e+01  3.024878e-02 
 2.750274e+01  3.024881e-02 
 2.750307e+01  3.024883e-02 
 2.750339e+01  3.024885e-02 
 2.750371e+01  3.024887e-02 
 2.750403e+01  3.024889e-02 
 2.750435e+01  3.024891e-02 
 2.750467e+01  3.024893e-02 
 2.750499e+01  3.024896e-02 
 2.750532e+01  3.024898e-02 
 2.750564e+01  3.024900e-02 
 2.750596e+01  3.024902e-02 
 2.750628e+01  3.024904e-02 
 2.750660e+01  3.024906e-02 
 2.750692e+01  3.024908e-02 
 2.750725e+01  3.024910e-02 
 2.750757e+01  3.024912e-02 
 2.750789e+01  3.024914e-02 
 2.750821e+01  3.024916e-02 
 2.750853e+01  3.024919e-02 
 2.750885e+01  3.024921e-02 
 2.750917e+01  3.024923e-02 
 2.750950e+01  3.024925e-02 
 2.750982e+01  3.024927e-02 
 2.751014e+01  3.024929e-02 
 2.751046e+01  3.024931e-02 
 2.751078e+01  3.024933e-02 
 2.751110e+01  3.024935e-02 
 2.751143e+01  3.024937e-02 
 2.751175e+01  3.024939e-02 
 2.751207e+01  3.024941e-02 
 2.751239e+01  3.024943e-02 
 2.751271e+01  3.024945e-02 
 2.751303e+01  3.024947e-02 
 2.751335e+01  3.024949e-02 
 2.751368e+01  3.024951e-02 
 2.751400e+01  3.024953e-02 
 2.751432e+01  3.024955e-02 
 2.751464e+01  3.024956e-02 
 2.751496e+01  3.024958e-02 
 2.751528e+01  3.024960e-02 
 2.751561e+01  3.024962e-02 
 2.751593e+01  3.024964e-02 
 2.751625e+01  3.024966e-02 
 2.751657e+01  3.024968e-02 
 2.751689e+01  3.024970e-02 
 2.751721e+01  3.024972e-02 
 2.751754e+01  3.024974e-02 
 2.751786e+01  3.024976e-02 
 2.751818e+01  3.024977e-02 
 2.751850e+01  3.024979e-02 
 2.751882e+01  3.024981e-02 
 2.751914e+01  3.024983e-02 
 2.751946e+01  3.024985e-02 
 2.751979e+01  3.024987e-02 
 2.752011e+01  3.024989e-02 
 2.752043e+01  3.024990e-02 
 2.752075e+01  3.024992e-02 
 2.752107e+01  3.024994e-02 
 2.752139e+01  3.024996e-02 
 2.752172e+01  3.024998e-02 
 2.752204e+01  3.025000e-02 
 2.752236e+01  3.025001e-02 
 2.752268e+01  3.025003e-02 
 2.752300e+01  3.025005e-02 
 2.752332e+01  3.025007e-02 
 2.752364e+01  3.025008e-02 
 2.752397e+01  3.025010e-02 
 2.752429e+01  3.025012e-02 
 2.752461e+01  3.025014e-02 
 2.752493e+01  3.025015e-02 
 2.752525e+01  3.025017e-02 
 2.752557e+01  3.025019e-02 
 2.752590e+01  3.025021e-02 
 2.752622e+01  3.025022e-02 
 2.752654e+01  3.025024e-02 
 2.752686e+01  3.025026e-02 
 2.752718e+01  3.025027e-02 
 2.752750e+01  3.025029e-02 
 2.752782e+01  3.025031e-02 
 2.752815e+01  3.025033e-02 
 2.752847e+01  3.025034e-02 
 2.752879e+01  3.025036e-02 
 2.752911e+01  3.025038e-02 
 2.752943e+01  3.025039e-02 
 2.752975e+01  3.025041e-02 
 2.753008e+01  3.025042e-02 
 2.753040e+01  3.025044e-02 
 2.753072e+01  3.025046e-02 
 2.753104e+01  3.025047e-02 
 2.753136e+01  3.025049e-02 
 2.753168e+01  3.025050e-02 
 2.753201e+01  3.025052e-02 
 2.753233e+01  3.025054e-02 
 2.753265e+01  3.025055e-02 
 2.753297e+01  3.025057e-02 
 2.753329e+01  3.025058e-02 
 2.753361e+01  3.025060e-02 
 2.753393e+01  3.025062e-02 
 2.753426e+01  3.025063e-02 
 2.753458e+01  3.025065e-02 
 2.753490e+01  3.025066e-02 
 2.753522e+01  3.025068e-02 
 2.753554e+01  3.025069e-02 
 2.753586e+01  3.025071e-02 
 2.753619e+01  3.025072e-02 
 2.753651e+01  3.025074e-02 
 2.753683e+01  3.025075e-02 
 2.753715e+01  3.025077e-02 
 2.753747e+01  3.025078e-02 
 2.753779e+01  3.025080e-02 
 2.753811e+01  3.025081e-02 
 2.753844e+01  3.025083e-02 
 2.753876e+01  3.025084e-02 
 2.753908e+01  3.025086e-02 
 2.753940e+01  3.025087e-02 
 2.753972e+01  3.025088e-02 
 2.754004e+01  3.025090e-02 
 2.754037e+01  3.025091e-02 
 2.754069e+01  3.025093e-02 
 2.754101e+01  3.025094e-02 
 2.754133e+01  3.025096e-02 
 2.754165e+01  3.025097e-02 
 2.754197e+01  3.025099e-02 
 2.754229e+01  3.025100e-02 
 2.754262e+01  3.025101e-02 
 2.754294e+01  3.025103e-02 
 2.754326e+01  3.025104e-02 
 2.754358e+01  3.025106e-02 
 2.754390e+01  3.025107e-02 
 2.754422e+01  3.025108e-02 
 2.754455e+01  3.025110e-02 
 2.754487e+01  3.025111e-02 
 2.754519e+01  3.025113e-02 
 2.754551e+01  3.025114e-02 
 2.754583e+01  3.025115e-02 
 2.754615e+01  3.025117e-02 
 2.754648e+01  3.025118e-02 
 2.754680e+01  3.025120e-02 
 2.754712e+01  3.025121e-02 
 2.754744e+01  3.025122e-02 
 2.754776e+01  3.025124e-02 
 2.754808e+01  3.025125e-02 
 2.754840e+01  3.025127e-02 
 2.754873e+01  3.025128e-02 
 2.754905e+01  3.025129e-02 
 2.754937e+01  3.025131e-02 
 2.754969e+01  3.025132e-02 
 2.755001e+01  3.025134e-02 
 2.755033e+01  3.025135e-02 
 2.755066e+01  3.025136e-02 
 2.755098e+01  3.025138e-02 
 2.755130e+01  3.025139e-02 
 2.755162e+01  3.025140e-02 
 2.755194e+01  3.025142e-02 
 2.755226e+01  3.025143e-02 
 2.755258e+01  3.025145e-02 
 2.755291e+01  3.025146e-02 
 2.755323e+01  3.025147e-02 
 2.755355e+01  3.025149e-02 
 2.755387e+01  3.025150e-02 
 2.755419e+01  3.025151e-02 
 2.755451e+01  3.025153e-02 
 2.755484e+01  3.025154e-02 
 2.755516e+01  3.025156e-02 
 2.755548e+01  3.025157e-02 
 2.755580e+01  3.025158e-02 
 2.755612e+01  3.025160e-02 
 2.755644e+01  3.025161e-02 
 2.755677e+01  3.025162e-02 
 2.755709e+01  3.025164e-02 
 2.755741e+01  3.025165e-02 
 2.755773e+01  3.025167e-02 
 2.755805e+01  3.025168e-02 
 2.755837e+01  3.025169e-02 
 2.755869e+01  3.025171e-02 
 2.755902e+01  3.025172e-02 
 2.755934e+01  3.025173e-02 
 2.755966e+01  3.025175e-02 
 2.755998e+01  3.025176e-02 
 2.756030e+01  3.025177e-02 
 2.756062e+01  3.025179e-02 
 2.756095e+01  3.025180e-02 
 2.756127e+01  3.025182e-02 
 2.756159e+01  3.025183e-02 
 2.756191e+01  3.025184e-02 
 2.756223e+01  3.025186e-02 
 2.756255e+01  3.025187e-02 
 2.756287e+01  3.025188e-02 
 2.756320e+01  3.025190e-02 
 2.756352e+01  3.025191e-02 
 2.756384e+01  3.025192e-02 
 2.756416e+01  3.025194e-02 
 2.756448e+01  3.025195e-02 
 2.756480e+01  3.025196e-02 
 2.756513e+01  3.025198e-02 
 2.756545e+01  3.025199e-02 
 2.756577e+01  3.025200e-02 
 2.756609e+01  3.025202e-02 
 2.756641e+01  3.025203e-02 
 2.756673e+01  3.025204e-02 
 2.756705e+01  3.025205e-02 
 2.756738e+01  3.025207e-02 
 2.756770e+01  3.025208e-02 
 2.756802e+01  3.025209e-02 
 2.756834e+01  3.025211e-02 
 2.756866e+01  3.025212e-02 
 2.756898e+01  3.025213e-02 
 2.756931e+01  3.025215e-02 
 2.756963e+01  3.025216e-02 
 2.756995e+01  3.025217e-02 
 2.757027e+01  3.025219e-02 
 2.757059e+01  3.025220e-02 
 2.757091e+01  3.025221e-02 
 2.757124e+01  3.025222e-02 
 2.757156e+01  3.025224e-02 
 2.757188e+01  3.025225e-02 
 2.757220e+01  3.025226e-02 
 2.757252e+01  3.025228e-02 
 2.757284e+01  3.025229e-02 
 2.757316e+01  3.025230e-02 
 2.757349e+01  3.025232e-02 
 2.757381e+01  3.025233e-02 
 2.757413e+01  3.025234e-02 
 2.757445e+01  3.025235e-02 
 2.757477e+01  3.025237e-02 
 2.757509e+01  3.025238e-02 
 2.757542e+01  3.025239e-02 
 2.757574e+01  3.025241e-02 
 2.757606e+01  3.025242e-02 
 2.757638e+01  3.025243e-02 
 2.757670e+01  3.025245e-02 
 2.757702e+01  3.025246e-02 
 2.757734e+01  3.025247e-02 
 2.757767e+01  3.025249e-02 
 2.757799e+01  3.025250e-02 
 2.757831e+01  3.025251e-02 
 2.757863e+01  3.025253e-02 
 2.757895e+01  3.025254e-02 
 2.757927e+01  3.025255e-02 
 2.757960e+01  3.025257e-02 
 2.757992e+01  3.025258e-02 
 2.758024e+01  3.025259e-02 
 2.758056e+01  3.025261e-02 
 2.758088e+01  3.025262e-02 
 2.758120e+01  3.025264e-02 
 2.758152e+01  3.025265e-02 
 2.758185e+01  3.025266e-02 
 2.758217e+01  3.025268e-02 
 2.758249e+01  3.025269e-02 
 2.758281e+01  3.025270e-02 
 2.758313e+01  3.025272e-02 
 2.758345e+01  3.025273e-02 
 2.758378e+01  3.025275e-02 
 2.758410e+01  3.025276e-02 
 2.758442e+01  3.025277e-02 
 2.758474e+01  3.025279e-02 
 2.758506e+01  3.025280e-02 
 2.758538e+01  3.025282e-02 
 2.758571e+01  3.025283e-02 
 2.758603e+01  3.025285e-02 
 2.758635e+01  3.025286e-02 
 2.758667e+01  3.025288e-02 
 2.758699e+01  3.025289e-02 
 2.758731e+01  3.025290e-02 
 2.758763e+01  3.025292e-02 
 2.758796e+01  3.025293e-02 
 2.758828e+01  3.025295e-02 
 2.758860e+01  3.025296e-02 
 2.758892e+01  3.025298e-02 
 2.758924e+01  3.025299e-02 
 2.758956e+01  3.025301e-02 
 2.758989e+01  3.025302e-02 
 2.759021e+01  3.025304e-02 
 2.759053e+01  3.025305e-02 
 2.759085e+01  3.025307e-02 
 2.759117e+01  3.025308e-02 
 2.759149e+01  3.025310e-02 
 2.759181e+01  3.025311e-02 
 2.759214e+01  3.025313e-02 
 2.759246e+01  3.025314e-02 
 2.759278e+01  3.025316e-02 
 2.759310e+01  3.025317e-02 
 2.759342e+01  3.025319e-02 
 2.759374e+01  3.025320e-02 
 2.759407e+01  3.025322e-02 
 2.759439e+01  3.025323e-02 
 2.759471e+01  3.025325e-02 
 2.759503e+01  3.025326e-02 
 2.759535e+01  3.025328e-02 
 2.759567e+01  3.025329e-02 
 2.759599e+01  3.025331e-02 
 2.759632e+01  3.025332e-02 
 2.759664e+01  3.025334e-02 
 2.759696e+01  3.025335e-02 
 2.759728e+01  3.025337e-02 
 2.759760e+01  3.025338e-02 
 2.759792e+01  3.025340e-02 
 2.759825e+01  3.025341e-02 
 2.759857e+01  3.025343e-02 
 2.759889e+01  3.025344e-02 
 2.759921e+01  3.025346e-02 
 2.759953e+01  3.025347e-02 
 2.759985e+01  3.025348e-02 
 2.760018e+01  3.025350e-02 
 2.760050e+01  3.025351e-02 
 2.760082e+01  3.025353e-02 
 2.760114e+01  3.025354e-02 
 2.760146e+01  3.025356e-02 
 2.760178e+01  3.025357e-02 
 2.760210e+01  3.025358e-02 
 2.760243e+01  3.025360e-02 
 2.760275e+01  3.025361e-02 
 2.760307e+01  3.025363e-02 
 2.760339e+01  3.025364e-02 
 2.760371e+01  3.025365e-02 
 2.760403e+01  3.025367e-02 
 2.760436e+01  3.025368e-02 
 2.760468e+01  3.025369e-02 
 2.760500e+01  3.025371e-02 
 2.760532e+01  3.025372e-02 
 2.760564e+01  3.025373e-02 
 2.760596e+01  3.025375e-02 
 2.760628e+01  3.025376e-02 
 2.760661e+01  3.025377e-02 
 2.760693e+01  3.025378e-02 
 2.760725e+01  3.025380e-02 
 2.760757e+01  3.025381e-02 
 2.760789e+01  3.025382e-02 
 2.760821e+01  3.025383e-02 
 2.760854e+01  3.025385e-02 
 2.760886e+01  3.025386e-02 
 2.760918e+01  3.025387e-02 
 2.760950e+01  3.025388e-02 
 2.760982e+01  3.025389e-02 
 2.761014e+01  3.025391e-02 
 2.761046e+01  3.025392e-02 
 2.761079e+01  3.025393e-02 
 2.761111e+01  3.025394e-02 
 2.761143e+01  3.025395e-02 
 2.761175e+01  3.025396e-02 
 2.761207e+01  3.025397e-02 
 2.761239e+01  3.025398e-02 
 2.761272e+01  3.025399e-02 
 2.761304e+01  3.025401e-02 
 2.761336e+01  3.025402e-02 
 2.761368e+01  3.025403e-02 
 2.761400e+01  3.025404e-02 
 2.761432e+01  3.025405e-02 
 2.761465e+01  3.025406e-02 
 2.761497e+01  3.025407e-02 
 2.761529e+01  3.025408e-02 
 2.761561e+01  3.025409e-02 
 2.761593e+01  3.025410e-02 
 2.761625e+01  3.025411e-02 
 2.761657e+01  3.025412e-02 
 2.761690e+01  3.025413e-02 
 2.761722e+01  3.025414e-02 
 2.761754e+01  3.025414e-02 
 2.761786e+01  3.025415e-02 
 2.761818e+01  3.025416e-02 
 2.761850e+01  3.025417e-02 
 2.761883e+01  3.025418e-02 
 2.761915e+01  3.025419e-02 
 2.761947e+01  3.025420e-02 
 2.761979e+01  3.025421e-02 
 2.762011e+01  3.025422e-02 
 2.762043e+01  3.025423e-02 
 2.762075e+01  3.025423e-02 
 2.762108e+01  3.025424e-02 
 2.762140e+01  3.025425e-02 
 2.762172e+01  3.025426e-02 
 2.762204e+01  3.025427e-02 
 2.762236e+01  3.025428e-02 
 2.762268e+01  3.025428e-02 
 2.762301e+01  3.025429e-02 
 2.762333e+01  3.025430e-02 
 2.762365e+01  3.025431e-02 
 2.762397e+01  3.025432e-02 
 2.762429e+01  3.025432e-02 
 2.762461e+01  3.025433e-02 
 2.762493e+01  3.025434e-02 
 2.762526e+01  3.025435e-02 
 2.762558e+01  3.025436e-02 
 2.762590e+01  3.025436e-02 
 2.762622e+01  3.025437e-02 
 2.762654e+01  3.025438e-02 
 2.762686e+01  3.025439e-02 
 2.762719e+01  3.025439e-02 
 2.762751e+01  3.025440e-02 
 2.762783e+01  3.025441e-02 
 2.762815e+01  3.025442e-02 
 2.762847e+01  3.025442e-02 
 2.762879e+01  3.025443e-02 
 2.762912e+01  3.025444e-02 
 2.762944e+01  3.025445e-02 
 2.762976e+01  3.025445e-02 
 2.763008e+01  3.025446e-02 
 2.763040e+01  3.025447e-02 
 2.763072e+01  3.025448e-02 
 2.763104e+01  3.025449e-02 
 2.763137e+01  3.025449e-02 
 2.763169e+01  3.025450e-02 
 2.763201e+01  3.025451e-02 
 2.763233e+01  3.025452e-02 
 2.763265e+01  3.025452e-02 
 2.763297e+01  3.025453e-02 
 2.763330e+01  3.025454e-02 
 2.763362e+01  3.025455e-02 
 2.763394e+01  3.025456e-02 
 2.763426e+01  3.025456e-02 
 2.763458e+01  3.025457e-02 
 2.763490e+01  3.025458e-02 
 2.763522e+01  3.025459e-02 
 2.763555e+01  3.025460e-02 
 2.763587e+01  3.025460e-02 
 2.763619e+01  3.025461e-02 
 2.763651e+01  3.025462e-02 
 2.763683e+01  3.025463e-02 
 2.763715e+01  3.025464e-02 
 2.763748e+01  3.025465e-02 
 2.763780e+01  3.025465e-02 
 2.763812e+01  3.025466e-02 
 2.763844e+01  3.025467e-02 
 2.763876e+01  3.025468e-02 
 2.763908e+01  3.025469e-02 
 2.763940e+01  3.025470e-02 
 2.763973e+01  3.025471e-02 
 2.764005e+01  3.025472e-02 
 2.764037e+01  3.025473e-02 
 2.764069e+01  3.025473e-02 
 2.764101e+01  3.025474e-02 
 2.764133e+01  3.025475e-02 
 2.764166e+01  3.025476e-02 
 2.764198e+01  3.025477e-02 
 2.764230e+01  3.025478e-02 
 2.764262e+01  3.025479e-02 
 2.764294e+01  3.025480e-02 
 2.764326e+01  3.025481e-02 
 2.764359e+01  3.025482e-02 
 2.764391e+01  3.025483e-02 
 2.764423e+01  3.025484e-02 
 2.764455e+01  3.025485e-02 
 2.764487e+01  3.025486e-02 
 2.764519e+01  3.025487e-02 
 2.764551e+01  3.025488e-02 
 2.764584e+01  3.025489e-02 
 2.764616e+01  3.025490e-02 
 2.764648e+01  3.025491e-02 
 2.764680e+01  3.025492e-02 
 2.764712e+01  3.025493e-02 
 2.764744e+01  3.025494e-02 
 2.764777e+01  3.025495e-02 
 2.764809e+01  3.025496e-02 
 2.764841e+01  3.025497e-02 
 2.764873e+01  3.025498e-02 
 2.764905e+01  3.025499e-02 
 2.764937e+01  3.025500e-02 
 2.764969e+01  3.025501e-02 
 2.765002e+01  3.025502e-02 
 2.765034e+01  3.025504e-02 
 2.765066e+01  3.025505e-02 
 2.765098e+01  3.025506e-02 
 2.765130e+01  3.025507e-02 
 2.765162e+01  3.025508e-02 
 2.765195e+01  3.025509e-02 
 2.765227e+01  3.025510e-02 
 2.765259e+01  3.025511e-02 
 2.765291e+01  3.025512e-02 
 2.765323e+01  3.025513e-02 
 2.765355e+01  3.025514e-02 
 2.765388e+01  3.025515e-02 
 2.765420e+01  3.025516e-02 
 2.765452e+01  3.025517e-02 
 2.765484e+01  3.025518e-02 
 2.765516e+01  3.025519e-02 
 2.765548e+01  3.025520e-02 
 2.765580e+01  3.025521e-02 
 2.765613e+01  3.025522e-02 
 2.765645e+01  3.025523e-02 
 2.765677e+01  3.025524e-02 
 2.765709e+01  3.025525e-02 
 2.765741e+01  3.025526e-02 
 2.765773e+01  3.025527e-02 
 2.765806e+01  3.025528e-02 
 2.765838e+01  3.025528e-02 
 2.765870e+01  3.025529e-02 
 2.765902e+01  3.025530e-02 
 2.765934e+01  3.025531e-02 
 2.765966e+01  3.025532e-02 
 2.765998e+01  3.025533e-02 
 2.766031e+01  3.025534e-02 
 2.766063e+01  3.025535e-02 
 2.766095e+01  3.025535e-02 
 2.766127e+01  3.025536e-02 
 2.766159e+01  3.025537e-02 
 2.766191e+01  3.025538e-02 
 2.766224e+01  3.025539e-02 
 2.766256e+01  3.025540e-02 
 2.766288e+01  3.025540e-02 
 2.766320e+01  3.025541e-02 
 2.766352e+01  3.025542e-02 
 2.766384e+01  3.025543e-02 
 2.766416e+01  3.025543e-02 
 2.766449e+01  3.025544e-02 
 2.766481e+01  3.025545e-02 
 2.766513e+01  3.025546e-02 
 2.766545e+01  3.025546e-02 
 2.766577e+01  3.025547e-02 
 2.766609e+01  3.025548e-02 
 2.766642e+01  3.025548e-02 
 2.766674e+01  3.025549e-02 
 2.766706e+01  3.025550e-02 
 2.766738e+01  3.025550e-02 
 2.766770e+01  3.025551e-02 
 2.766802e+01  3.025552e-02 
 2.766835e+01  3.025552e-02 
 2.766867e+01  3.025553e-02 
 2.766899e+01  3.025554e-02 
 2.766931e+01  3.025554e-02 
 2.766963e+01  3.025555e-02 
 2.766995e+01  3.025555e-02 
 2.767027e+01  3.025556e-02 
 2.767060e+01  3.025557e-02 
 2.767092e+01  3.025557e-02 
 2.767124e+01  3.025558e-02 
 2.767156e+01  3.025558e-02 
 2.767188e+01  3.025559e-02 
 2.767220e+01  3.025559e-02 
 2.767253e+01  3.025560e-02 
 2.767285e+01  3.025561e-02 
 2.767317e+01  3.025561e-02 
 2.767349e+01  3.025562e-02 
 2.767381e+01  3.025562e-02 
 2.767413e+01  3.025563e-02 
 2.767445e+01  3.025563e-02 
 2.767478e+01  3.025564e-02 
 2.767510e+01  3.025564e-02 
 2.767542e+01  3.025565e-02 
 2.767574e+01  3.025565e-02 
 2.767606e+01  3.025566e-02 
 2.767638e+01  3.025567e-02 
 2.767671e+01  3.025567e-02 
 2.767703e+01  3.025568e-02 
 2.767735e+01  3.025568e-02 
 2.767767e+01  3.025569e-02 
 2.767799e+01  3.025569e-02 
 2.767831e+01  3.025570e-02 
 2.767863e+01  3.025570e-02 
 2.767896e+01  3.025571e-02 
 2.767928e+01  3.025571e-02 
 2.767960e+01  3.025572e-02 
 2.767992e+01  3.025572e-02 
 2.768024e+01  3.025573e-02 
 2.768056e+01  3.025573e-02 
 2.768089e+01  3.025574e-02 
 2.768121e+01  3.025574e-02 
 2.768153e+01  3.025575e-02 
 2.768185e+01  3.025575e-02 
 2.768217e+01  3.025576e-02 
 2.768249e+01  3.025577e-02 
 2.768282e+01  3.025577e-02 
 2.768314e+01  3.025578e-02 
 2.768346e+01  3.025578e-02 
 2.768378e+01  3.025579e-02 
 2.768410e+01  3.025579e-02 
 2.768442e+01  3.025580e-02 
 2.768474e+01  3.025580e-02 
 2.768507e+01  3.025581e-02 
 2.768539e+01  3.025581e-02 
 2.768571e+01  3.025582e-02 
 2.768603e+01  3.025582e-02 
 2.768635e+01  3.025583e-02 
 2.768667e+01  3.025583e-02 
 2.768700e+01  3.025584e-02 
 2.768732e+01  3.025584e-02 
 2.768764e+01  3.025585e-02 
 2.768796e+01  3.025586e-02 
 2.768828e+01  3.025586e-02 
 2.768860e+01  3.025587e-02 
 2.768892e+01  3.025587e-02 
 2.768925e+01  3.025588e-02 
 2.768957e+01  3.025588e-02 
 2.768989e+01  3.025589e-02 
 2.769021e+01  3.025589e-02 
 2.769053e+01  3.025590e-02 
 2.769085e+01  3.025590e-02 
 2.769118e+01  3.025591e-02 
 2.769150e+01  3.025591e-02 
 2.769182e+01  3.025592e-02 
 2.769214e+01  3.025592e-02 
 2.769246e+01  3.025593e-02 
 2.769278e+01  3.025593e-02 
 2.769310e+01  3.025594e-02 
 2.769343e+01  3.025594e-02 
 2.769375e+01  3.025595e-02 
 2.769407e+01  3.025595e-02 
 2.769439e+01  3.025596e-02 
 2.769471e+01  3.025596e-02 
 2.769503e+01  3.025597e-02 
 2.769536e+01  3.025598e-02 
 2.769568e+01  3.025598e-02 
 2.769600e+01  3.025599e-02 
 2.769632e+01  3.025599e-02 
 2.769664e+01  3.025600e-02 
 2.769696e+01  3.025600e-02 
 2.769729e+01  3.025601e-02 
 2.769761e+01  3.025601e-02 
 2.769793e+01  3.025602e-02 
 2.769825e+01  3.025602e-02 
 2.769857e+01  3.025603e-02 
 2.769889e+01  3.025603e-02 
 2.769921e+01  3.025604e-02 
 2.769954e+01  3.025604e-02 
 2.769986e+01  3.025605e-02 
 2.770018e+01  3.025605e-02 
 2.770050e+01  3.025606e-02 
 2.770082e+01  3.025606e-02 
 2.770114e+01  3.025606e-02 
 2.770147e+01  3.025607e-02 
 2.770179e+01  3.025607e-02 
 2.770211e+01  3.025608e-02 
 2.770243e+01  3.025608e-02 
 2.770275e+01  3.025609e-02 
 2.770307e+01  3.025609e-02 
 2.770339e+01  3.025610e-02 
 2.770372e+01  3.025610e-02 
 2.770404e+01  3.025611e-02 
 2.770436e+01  3.025611e-02 
 2.770468e+01  3.025612e-02 
 2.770500e+01  3.025612e-02 
 2.770532e+01  3.025613e-02 
 2.770565e+01  3.025613e-02 
 2.770597e+01  3.025614e-02 
 2.770629e+01  3.025614e-02 
 2.770661e+01  3.025615e-02 
 2.770693e+01  3.025615e-02 
 2.770725e+01  3.025615e-02 
 2.770757e+01  3.025616e-02 
 2.770790e+01  3.025616e-02 
 2.770822e+01  3.025617e-02 
 2.770854e+01  3.025617e-02 
 2.770886e+01  3.025618e-02 
 2.770918e+01  3.025618e-02 
 2.770950e+01  3.025619e-02 
 2.770983e+01  3.025619e-02 
 2.771015e+01  3.025620e-02 
 2.771047e+01  3.025620e-02 
 2.771079e+01  3.025621e-02 
 2.771111e+01  3.025621e-02 
 2.771143e+01  3.025621e-02 
 2.771176e+01  3.025622e-02 
 2.771208e+01  3.025622e-02 
 2.771240e+01  3.025623e-02 
 2.771272e+01  3.025623e-02 
 2.771304e+01  3.025624e-02 
 2.771336e+01  3.025624e-02 
 2.771368e+01  3.025625e-02 
 2.771401e+01  3.025625e-02 
 2.771433e+01  3.025626e-02 
 2.771465e+01  3.025626e-02 
 2.771497e+01  3.025627e-02 
 2.771529e+01  3.025627e-02 
 2.771561e+01  3.025628e-02 
 2.771594e+01  3.025628e-02 
 2.771626e+01  3.025629e-02 
 2.771658e+01  3.025629e-02 
 2.771690e+01  3.025630e-02 
 2.771722e+01  3.025630e-02 
 2.771754e+01  3.025631e-02 
 2.771786e+01  3.025631e-02 
 2.771819e+01  3.025632e-02 
 2.771851e+01  3.025632e-02 
 2.771883e+01  3.025633e-02 
 2.771915e+01  3.025633e-02 
 2.771947e+01  3.025634e-02 
 2.771979e+01  3.025635e-02 
 2.772012e+01  3.025635e-02 
 2.772044e+01  3.025636e-02 
 2.772076e+01  3.025636e-02 
 2.772108e+01  3.025637e-02 
 2.772140e+01  3.025638e-02 
 2.772172e+01  3.025638e-02 
 2.772204e+01  3.025639e-02 
 2.772237e+01  3.025639e-02 
 2.772269e+01  3.025640e-02 
 2.772301e+01  3.025641e-02 
 2.772333e+01  3.025641e-02 
 2.772365e+01  3.025642e-02 
 2.772397e+01  3.025643e-02 
 2.772430e+01  3.025643e-02 
 2.772462e+01  3.025644e-02 
 2.772494e+01  3.025645e-02 
 2.772526e+01  3.025645e-02 
 2.772558e+01  3.025646e-02 
 2.772590e+01  3.025647e-02 
 2.772623e+01  3.025648e-02 
 2.772655e+01  3.025648e-02 
 2.772687e+01  3.025649e-02 
 2.772719e+01  3.025650e-02 
 2.772751e+01  3.025651e-02 
 2.772783e+01  3.025652e-02 
 2.772815e+01  3.025653e-02 
 2.772848e+01  3.025653e-02 
 2.772880e+01  3.025654e-02 
 2.772912e+01  3.025655e-02 
 2.772944e+01  3.025656e-02 
 2.772976e+01  3.025657e-02 
 2.773008e+01  3.025658e-02 
 2.773041e+01  3.025659e-02 
 2.773073e+01  3.025660e-02 
 2.773105e+01  3.025661e-02 
 2.773137e+01  3.025661e-02 
 2.773169e+01  3.025662e-02 
 2.773201e+01  3.025663e-02 
 2.773233e+01  3.025664e-02 
 2.773266e+01  3.025665e-02 
 2.773298e+01  3.025666e-02 
 2.773330e+01  3.025667e-02 
 2.773362e+01  3.025668e-02 
 2.773394e+01  3.025669e-02 
 2.773426e+01  3.025671e-02 
 2.773459e+01  3.025672e-02 
 2.773491e+01  3.025673e-02 
 2.773523e+01  3.025674e-02 
 2.773555e+01  3.025675e-02 
 2.773587e+01  3.025676e-02 
 2.773619e+01  3.025677e-02 
 2.773652e+01  3.025678e-02 
 2.773684e+01  3.025679e-02 
 2.773716e+01  3.025680e-02 
 2.773748e+01  3.025682e-02 
 2.773780e+01  3.025683e-02 
 2.773812e+01  3.025684e-02 
 2.773844e+01  3.025685e-02 
 2.773877e+01  3.025686e-02 
 2.773909e+01  3.025687e-02 
 2.773941e+01  3.025689e-02 
 2.773973e+01  3.025690e-02 
 2.774005e+01  3.025691e-02 
 2.774037e+01  3.025692e-02 
 2.774070e+01  3.025693e-02 
 2.774102e+01  3.025695e-02 
 2.774134e+01  3.025696e-02 
 2.774166e+01  3.025697e-02 
 2.774198e+01  3.025698e-02 
 2.774230e+01  3.025700e-02 
 2.774262e+01  3.025701e-02 
 2.774295e+01  3.025702e-02 
 2.774327e+01  3.025703e-02 
 2.774359e+01  3.025705e-02 
 2.774391e+01  3.025706e-02 
 2.774423e+01  3.025707e-02 
 2.774455e+01  3.025708e-02 
 2.774488e+01  3.025709e-02 
 2.774520e+01  3.025711e-02 
 2.774552e+01  3.025712e-02 
 2.774584e+01  3.025713e-02 
 2.774616e+01  3.025714e-02 
 2.774648e+01  3.025716e-02 
 2.774680e+01  3.025717e-02 
 2.774713e+01  3.025718e-02 
 2.774745e+01  3.025719e-02 
 2.774777e+01  3.025721e-02 
 2.774809e+01  3.025722e-02 
 2.774841e+01  3.025723e-02 
 2.774873e+01  3.025724e-02 
 2.774906e+01  3.025725e-02 
 2.774938e+01  3.025727e-02 
 2.774970e+01  3.025728e-02 
 2.775002e+01  3.025729e-02 
 2.775034e+01  3.025730e-02 
 2.775066e+01  3.025731e-02 
 2.775099e+01  3.025733e-02 
 2.775131e+01  3.025734e-02 
 2.775163e+01  3.025735e-02 
 2.775195e+01  3.025736e-02 
 2.775227e+01  3.025737e-02 
 2.775259e+01  3.025739e-02 
 2.775291e+01  3.025740e-02 
 2.775324e+01  3.025741e-02 
 2.775356e+01  3.025742e-02 
 2.775388e+01  3.025743e-02 
 2.775420e+01  3.025744e-02 
 2.775452e+01  3.025745e-02 
 2.775484e+01  3.025747e-02 
 2.775517e+01  3.025748e-02 
 2.775549e+01  3.025749e-02 
 2.775581e+01  3.025750e-02 
 2.775613e+01  3.025751e-02 
 2.775645e+01  3.025752e-02 
 2.775677e+01  3.025753e-02 
 2.775709e+01  3.025754e-02 
 2.775742e+01  3.025756e-02 
 2.775774e+01  3.025757e-02 
 2.775806e+01  3.025758e-02 
 2.775838e+01  3.025759e-02 
 2.775870e+01  3.025760e-02 
 2.775902e+01  3.025761e-02 
 2.775935e+01  3.025762e-02 
 2.775967e+01  3.025763e-02 
 2.775999e+01  3.025764e-02 
 2.776031e+01  3.025765e-02 
 2.776063e+01  3.025766e-02 
 2.776095e+01  3.025767e-02 
 2.776127e+01  3.025768e-02 
 2.776160e+01  3.025769e-02 
 2.776192e+01  3.025770e-02 
 2.776224e+01  3.025771e-02 
 2.776256e+01  3.025772e-02 
 2.776288e+01  3.025773e-02 
 2.776320e+01  3.025774e-02 
 2.776353e+01  3.025776e-02 
 2.776385e+01  3.025777e-02 
 2.776417e+01  3.025778e-02 
 2.776449e+01  3.025779e-02 
 2.776481e+01  3.025780e-02 
 2.776513e+01  3.025781e-02 
 2.776546e+01  3.025782e-02 
 2.776578e+01  3.025783e-02 
 2.776610e+01  3.025784e-02 
 2.776642e+01  3.025785e-02 
 2.776674e+01  3.025786e-02 
 2.776706e+01  3.025787e-02 
 2.776738e+01  3.025788e-02 
 2.776771e+01  3.025789e-02 
 2.776803e+01  3.025790e-02 
 2.776835e+01  3.025791e-02 
 2.776867e+01  3.025791e-02 
 2.776899e+01  3.025792e-02 
 2.776931e+01  3.025793e-02 
 2.776964e+01  3.025794e-02 
 2.776996e+01  3.025795e-02 
 2.777028e+01  3.025796e-02 
 2.777060e+01  3.025797e-02 
 2.777092e+01  3.025798e-02 
 2.777124e+01  3.025799e-02 
 2.777156e+01  3.025800e-02 
 2.777189e+01  3.025801e-02 
 2.777221e+01  3.025802e-02 
 2.777253e+01  3.025803e-02 
 2.777285e+01  3.025804e-02 
 2.777317e+01  3.025805e-02 
 2.777349e+01  3.025806e-02 
 2.777382e+01  3.025807e-02 
 2.777414e+01  3.025808e-02 
 2.777446e+01  3.025809e-02 
 2.777478e+01  3.025810e-02 
 2.777510e+01  3.025811e-02 
 2.777542e+01  3.025812e-02 
 2.777574e+01  3.025813e-02 
 2.777607e+01  3.025814e-02 
 2.777639e+01  3.025815e-02 
 2.777671e+01  3.025816e-02 
 2.777703e+01  3.025817e-02 
 2.777735e+01  3.025818e-02 
 2.777767e+01  3.025819e-02 
 2.777800e+01  3.025820e-02 
 2.777832e+01  3.025821e-02 
 2.777864e+01  3.025822e-02 
 2.777896e+01  3.025823e-02 
 2.777928e+01  3.025824e-02 
 2.777960e+01  3.025825e-02 
 2.777993e+01  3.025826e-02 
 2.778025e+01  3.025826e-02 
 2.778057e+01  3.025827e-02 
 2.778089e+01  3.025828e-02 
 2.778121e+01  3.025829e-02 
 2.778153e+01  3.025830e-02 
 2.778185e+01  3.025831e-02 
 2.778218e+01  3.025832e-02 
 2.778250e+01  3.025833e-02 
 2.778282e+01  3.025834e-02 
 2.778314e+01  3.025835e-02 
 2.778346e+01  3.025836e-02 
 2.778378e+01  3.025837e-02 
 2.778411e+01  3.025838e-02 
 2.778443e+01  3.025838e-02 
 2.778475e+01  3.025839e-02 
 2.778507e+01  3.025840e-02 
 2.778539e+01  3.025841e-02 
 2.778571e+01  3.025842e-02 
 2.778603e+01  3.025843e-02 
 2.778636e+01  3.025844e-02 
 2.778668e+01  3.025844e-02 
 2.778700e+01  3.025845e-02 
 2.778732e+01  3.025846e-02 
 2.778764e+01  3.025847e-02 
 2.778796e+01  3.025848e-02 
 2.778829e+01  3.025849e-02 
 2.778861e+01  3.025849e-02 
 2.778893e+01  3.025850e-02 
 2.778925e+01  3.025851e-02 
 2.778957e+01  3.025852e-02 
 2.778989e+01  3.025852e-02 
 2.779021e+01  3.025853e-02 
 2.779054e+01  3.025854e-02 
 2.779086e+01  3.025855e-02 
 2.779118e+01  3.025855e-02 
 2.779150e+01  3.025856e-02 
 2.779182e+01  3.025857e-02 
 2.779214e+01  3.025857e-02 
 2.779247e+01  3.025858e-02 
 2.779279e+01  3.025859e-02 
 2.779311e+01  3.025859e-02 
 2.779343e+01  3.025860e-02 
 2.779375e+01  3.025861e-02 
 2.779407e+01  3.025861e-02 
 2.779440e+01  3.025862e-02 
 2.779472e+01  3.025862e-02 
 2.779504e+01  3.025863e-02 
 2.779536e+01  3.025864e-02 
 2.779568e+01  3.025864e-02 
 2.779600e+01  3.025865e-02 
 2.779632e+01  3.025865e-02 
 2.779665e+01  3.025866e-02 
 2.779697e+01  3.025866e-02 
 2.779729e+01  3.025867e-02 
 2.779761e+01  3.025867e-02 
 2.779793e+01  3.025868e-02 
 2.779825e+01  3.025868e-02 
 2.779858e+01  3.025869e-02 
 2.779890e+01  3.025869e-02 
 2.779922e+01  3.025870e-02 
 2.779954e+01  3.025870e-02 
 2.779986e+01  3.025870e-02 
 2.780018e+01  3.025871e-02 
 2.780050e+01  3.025871e-02 
 2.780083e+01  3.025872e-02 
 2.780115e+01  3.025872e-02 
 2.780147e+01  3.025872e-02 
 2.780179e+01  3.025873e-02 
 2.780211e+01  3.025873e-02 
 2.780243e+01  3.025874e-02 
 2.780276e+01  3.025874e-02 
 2.780308e+01  3.025874e-02 
 2.780340e+01  3.025875e-02 
 2.780372e+01  3.025875e-02 
 2.780404e+01  3.025875e-02 
 2.780436e+01  3.025876e-02 
 2.780468e+01  3.025876e-02 
 2.780501e+01  3.025876e-02 
 2.780533e+01  3.025877e-02 
 2.780565e+01  3.025877e-02 
 2.780597e+01  3.025877e-02 
 2.780629e+01  3.025878e-02 
 2.780661e+01  3.025878e-02 
 2.780694e+01  3.025878e-02 
 2.780726e+01  3.025878e-02 
 2.780758e+01  3.025879e-02 
 2.780790e+01  3.025879e-02 
 2.780822e+01  3.025879e-02 
 2.780854e+01  3.025880e-02 
 2.780887e+01  3.025880e-02 
 2.780919e+01  3.025880e-02 
 2.780951e+01  3.025881e-02 
 2.780983e+01  3.025881e-02 
 2.781015e+01  3.025881e-02 
 2.781047e+01  3.025882e-02 
 2.781079e+01  3.025882e-02 
 2.781112e+01  3.025882e-02 
 2.781144e+01  3.025882e-02 
 2.781176e+01  3.025883e-02 
 2.781208e+01  3.025883e-02 
 2.781240e+01  3.025883e-02 
 2.781272e+01  3.025884e-02 
 2.781305e+01  3.025884e-02 
 2.781337e+01  3.025884e-02 
 2.781369e+01  3.025885e-02 
 2.781401e+01  3.025885e-02 
 2.781433e+01  3.025885e-02 
 2.781465e+01  3.025886e-02 
 2.781497e+01  3.025886e-02 
 2.781530e+01  3.025886e-02 
 2.781562e+01  3.025887e-02 
 2.781594e+01  3.025887e-02 
 2.781626e+01  3.025888e-02 
 2.781658e+01  3.025888e-02 
 2.781690e+01  3.025888e-02 
 2.781723e+01  3.025889e-02 
 2.781755e+01  3.025889e-02 
 2.781787e+01  3.025889e-02 
 2.781819e+01  3.025890e-02 
 2.781851e+01  3.025890e-02 
 2.781883e+01  3.025891e-02 
 2.781915e+01  3.025891e-02 
 2.781948e+01  3.025892e-02 
 2.781980e+01  3.025892e-02 
 2.782012e+01  3.025892e-02 
 2.782044e+01  3.025893e-02 
 2.782076e+01  3.025893e-02 
 2.782108e+01  3.025894e-02 
 2.782141e+01  3.025894e-02 
 2.782173e+01  3.025895e-02 
 2.782205e+01  3.025895e-02 
 2.782237e+01  3.025896e-02 
 2.782269e+01  3.025896e-02 
 2.782301e+01  3.025897e-02 
 2.782334e+01  3.025897e-02 
 2.782366e+01  3.025898e-02 
 2.782398e+01  3.025898e-02 
 2.782430e+01  3.025899e-02 
 2.782462e+01  3.025899e-02 
 2.782494e+01  3.025900e-02 
 2.782526e+01  3.025900e-02 
 2.782559e+01  3.025901e-02 
 2.782591e+01  3.025902e-02 
 2.782623e+01  3.025902e-02 
 2.782655e+01  3.025903e-02 
 2.782687e+01  3.025903e-02 
 2.782719e+01  3.025904e-02 
 2.782752e+01  3.025904e-02 
 2.782784e+01  3.025905e-02 
 2.782816e+01  3.025906e-02 
 2.782848e+01  3.025906e-02 
 2.782880e+01  3.025907e-02 
 2.782912e+01  3.025907e-02 
 2.782944e+01  3.025908e-02 
 2.782977e+01  3.025909e-02 
 2.783009e+01  3.025909e-02 
 2.783041e+01  3.025910e-02 
 2.783073e+01  3.025911e-02 
 2.783105e+01  3.025911e-02 
 2.783137e+01  3.025912e-02 
 2.783170e+01  3.025913e-02 
 2.783202e+01  3.025913e-02 
 2.783234e+01  3.025914e-02 
 2.783266e+01  3.025914e-02 
 2.783298e+01  3.025915e-02 
 2.783330e+01  3.025916e-02 
 2.783363e+01  3.025916e-02 
 2.783395e+01  3.025917e-02 
 2.783427e+01  3.025918e-02 
 2.783459e+01  3.025918e-02 
 2.783491e+01  3.025919e-02 
 2.783523e+01  3.025920e-02 
 2.783555e+01  3.025920e-02 
 2.783588e+01  3.025921e-02 
 2.783620e+01  3.025922e-02 
 2.783652e+01  3.025922e-02 
 2.783684e+01  3.025923e-02 
 2.783716e+01  3.025924e-02 
 2.783748e+01  3.025924e-02 
 2.783781e+01  3.025925e-02 
 2.783813e+01  3.025926e-02 
 2.783845e+01  3.025926e-02 
 2.783877e+01  3.025927e-02 
 2.783909e+01  3.025928e-02 
 2.783941e+01  3.025928e-02 
 2.783973e+01  3.025929e-02 
 2.784006e+01  3.025929e-02 
 2.784038e+01  3.025930e-02 
 2.784070e+01  3.025931e-02 
 2.784102e+01  3.025931e-02 
 2.784134e+01  3.025932e-02 
 2.784166e+01  3.025932e-02 
 2.784199e+01  3.025933e-02 
 2.784231e+01  3.025934e-02 
 2.784263e+01  3.025934e-02 
 2.784295e+01  3.025935e-02 
 2.784327e+01  3.025935e-02 
 2.784359e+01  3.025936e-02 
 2.784391e+01  3.025936e-02 
 2.784424e+01  3.025937e-02 
 2.784456e+01  3.025938e-02 
 2.784488e+01  3.025938e-02 
 2.784520e+01  3.025939e-02 
 2.784552e+01  3.025939e-02 
 2.784584e+01  3.025940e-02 
 2.784617e+01  3.025940e-02 
 2.784649e+01  3.025941e-02 
 2.784681e+01  3.025941e-02 
 2.784713e+01  3.025942e-02 
 2.784745e+01  3.025942e-02 
 2.784777e+01  3.025943e-02 
 2.784810e+01  3.025943e-02 
 2.784842e+01  3.025944e-02 
 2.784874e+01  3.025944e-02 
 2.784906e+01  3.025944e-02 
 2.784938e+01  3.025945e-02 
 2.784970e+01  3.025945e-02 
 2.785002e+01  3.025946e-02 
 2.785035e+01  3.025946e-02 
 2.785067e+01  3.025947e-02 
 2.785099e+01  3.025947e-02 
 2.785131e+01  3.025947e-02 
 2.785163e+01  3.025948e-02 
 2.785195e+01  3.025948e-02 
 2.785228e+01  3.025949e-02 
 2.785260e+01  3.025949e-02 
 2.785292e+01  3.025950e-02 
 2.785324e+01  3.025950e-02 
 2.785356e+01  3.025950e-02 
 2.785388e+01  3.025951e-02 
 2.785420e+01  3.025951e-02 
 2.785453e+01  3.025952e-02 
 2.785485e+01  3.025952e-02 
 2.785517e+01  3.025952e-02 
 2.785549e+01  3.025953e-02 
 2.785581e+01  3.025953e-02 
 2.785613e+01  3.025954e-02 
 2.785646e+01  3.025954e-02 
 2.785678e+01  3.025954e-02 
 2.785710e+01  3.025955e-02 
 2.785742e+01  3.025955e-02 
 2.785774e+01  3.025956e-02 
 2.785806e+01  3.025956e-02 
 2.785838e+01  3.025957e-02 
 2.785871e+01  3.025957e-02 
 2.785903e+01  3.025957e-02 
 2.785935e+01  3.025958e-02 
 2.785967e+01  3.025958e-02 
 2.785999e+01  3.025959e-02 
 2.786031e+01  3.025959e-02 
 2.786064e+01  3.025960e-02 
 2.786096e+01  3.025960e-02 
 2.786128e+01  3.025961e-02 
 2.786160e+01  3.025961e-02 
 2.786192e+01  3.025962e-02 
 2.786224e+01  3.025962e-02 
 2.786257e+01  3.025963e-02 
 2.786289e+01  3.025963e-02 
 2.786321e+01  3.025964e-02 
 2.786353e+01  3.025964e-02 
 2.786385e+01  3.025965e-02 
 2.786417e+01  3.025965e-02 
 2.786449e+01  3.025966e-02 
 2.786482e+01  3.025967e-02 
 2.786514e+01  3.025967e-02 
 2.786546e+01  3.025968e-02 
 2.786578e+01  3.025968e-02 
 2.786610e+01  3.025969e-02 
 2.786642e+01  3.025970e-02 
 2.786675e+01  3.025970e-02 
 2.786707e+01  3.025971e-02 
 2.786739e+01  3.025971e-02 
 2.786771e+01  3.025972e-02 
 2.786803e+01  3.025973e-02 
 2.786835e+01  3.025973e-02 
 2.786867e+01  3.025974e-02 
 2.786900e+01  3.025975e-02 
 2.786932e+01  3.025975e-02 
 2.786964e+01  3.025976e-02 
 2.786996e+01  3.025977e-02 
 2.787028e+01  3.025977e-02 
 2.787060e+01  3.025978e-02 
 2.787093e+01  3.025979e-02 
 2.787125e+01  3.025979e-02 
 2.787157e+01  3.025980e-02 
 2.787189e+01  3.025981e-02 
 2.787221e+01  3.025981e-02 
 2.787253e+01  3.025982e-02 
 2.787285e+01  3.025983e-02 
 2.787318e+01  3.025984e-02 
 2.787350e+01  3.025984e-02 
 2.787382e+01  3.025985e-02 
 2.787414e+01  3.025986e-02 
 2.787446e+01  3.025986e-02 
 2.787478e+01  3.025987e-02 
 2.787511e+01  3.025988e-02 
 2.787543e+01  3.025988e-02 
 2.787575e+01  3.025989e-02 
 2.787607e+01  3.025990e-02 
 2.787639e+01  3.025990e-02 
 2.787671e+01  3.025991e-02 
 2.787704e+01  3.025992e-02 
 2.787736e+01  3.025993e-02 
 2.787768e+01  3.025993e-02 
 2.787800e+01  3.025994e-02 
 2.787832e+01  3.025995e-02 
 2.787864e+01  3.025995e-02 
 2.787896e+01  3.025996e-02 
 2.787929e+01  3.025996e-02 
 2.787961e+01  3.025997e-02 
 2.787993e+01  3.025998e-02 
 2.788025e+01  3.025998e-02 
 2.788057e+01  3.025999e-02 
 2.788089e+01  3.025999e-02 
 2.788122e+01  3.026000e-02 
 2.788154e+01  3.026001e-02 
 2.788186e+01  3.026001e-02 
 2.788218e+01  3.026002e-02 
 2.788250e+01  3.026002e-02 
 2.788282e+01  3.026003e-02 
 2.788314e+01  3.026003e-02 
 2.788347e+01  3.026004e-02 
 2.788379e+01  3.026004e-02 
 2.788411e+01  3.026005e-02 
 2.788443e+01  3.026005e-02 
 2.788475e+01  3.026006e-02 
 2.788507e+01  3.026006e-02 
 2.788540e+01  3.026007e-02 
 2.788572e+01  3.026007e-02 
 2.788604e+01  3.026008e-02 
 2.788636e+01  3.026008e-02 
 2.788668e+01  3.026008e-02 
 2.788700e+01  3.026009e-02 
 2.788732e+01  3.026009e-02 
 2.788765e+01  3.026010e-02 
 2.788797e+01  3.026010e-02 
 2.788829e+01  3.026010e-02 
 2.788861e+01  3.026011e-02 
 2.788893e+01  3.026011e-02 
 2.788925e+01  3.026011e-02 
 2.788958e+01  3.026011e-02 
 2.788990e+01  3.026012e-02 
 2.789022e+01  3.026012e-02 
 2.789054e+01  3.026012e-02 
 2.789086e+01  3.026013e-02 
 2.789118e+01  3.026013e-02 
 2.789151e+01  3.026013e-02 
 2.789183e+01  3.026013e-02 
 2.789215e+01  3.026013e-02 
 2.789247e+01  3.026014e-02 
 2.789279e+01  3.026014e-02 
 2.789311e+01  3.026014e-02 
 2.789343e+01  3.026014e-02 
 2.789376e+01  3.026014e-02 
 2.789408e+01  3.026014e-02 
 2.789440e+01  3.026015e-02 
 2.789472e+01  3.026015e-02 
 2.789504e+01  3.026015e-02 
 2.789536e+01  3.026015e-02 
 2.789569e+01  3.026015e-02 
 2.789601e+01  3.026015e-02 
 2.789633e+01  3.026015e-02 
 2.789665e+01  3.026015e-02 
 2.789697e+01  3.026015e-02 
 2.789729e+01  3.026015e-02 
 2.789761e+01  3.026015e-02 
 2.789794e+01  3.026015e-02 
 2.789826e+01  3.026015e-02 
 2.789858e+01  3.026015e-02 
 2.789890e+01  3.026015e-02 
 2.789922e+01  3.026015e-02 
 2.789954e+01  3.026015e-02 
 2.789987e+01  3.026015e-02 
 2.790019e+01  3.026015e-02 
 2.790051e+01  3.026015e-02 
 2.790083e+01  3.026015e-02 
 2.790115e+01  3.026014e-02 
 2.790147e+01  3.026014e-02 
 2.790179e+01  3.026014e-02 
 2.790212e+01  3.026014e-02 
 2.790244e+01  3.026014e-02 
 2.790276e+01  3.026014e-02 
 2.790308e+01  3.026014e-02 
 2.790340e+01  3.026013e-02 
 2.790372e+01  3.026013e-02 
 2.790405e+01  3.026013e-02 
 2.790437e+01  3.026013e-02 
 2.790469e+01  3.026012e-02 
 2.790501e+01  3.026012e-02 
 2.790533e+01  3.026012e-02 
 2.790565e+01  3.026012e-02 
 2.790598e+01  3.026011e-02 
 2.790630e+01  3.026011e-02 
 2.790662e+01  3.026011e-02 
 2.790694e+01  3.026010e-02 
 2.790726e+01  3.026010e-02 
 2.790758e+01  3.026010e-02 
 2.790790e+01  3.026009e-02 
 2.790823e+01  3.026009e-02 
 2.790855e+01  3.026009e-02 
 2.790887e+01  3.026008e-02 
 2.790919e+01  3.026008e-02 
 2.790951e+01  3.026007e-02 
 2.790983e+01  3.026007e-02 
 2.791016e+01  3.026007e-02 
 2.791048e+01  3.026006e-02 
 2.791080e+01  3.026006e-02 
 2.791112e+01  3.026005e-02 
 2.791144e+01  3.026005e-02 
 2.791176e+01  3.026004e-02 
 2.791208e+01  3.026004e-02 
 2.791241e+01  3.026003e-02 
 2.791273e+01  3.026003e-02 
 2.791305e+01  3.026002e-02 
 2.791337e+01  3.026002e-02 
 2.791369e+01  3.026001e-02 
 2.791401e+01  3.026000e-02 
 2.791434e+01  3.026000e-02 
 2.791466e+01  3.025999e-02 
 2.791498e+01  3.025999e-02 
 2.791530e+01  3.025998e-02 
 2.791562e+01  3.025997e-02 
 2.791594e+01  3.025997e-02 
 2.791627e+01  3.025996e-02 
 2.791659e+01  3.025995e-02 
 2.791691e+01  3.025994e-02 
 2.791723e+01  3.025994e-02 
 2.791755e+01  3.025993e-02 
 2.791787e+01  3.025992e-02 
 2.791819e+01  3.025991e-02 
 2.791852e+01  3.025991e-02 
 2.791884e+01  3.025990e-02 
 2.791916e+01  3.025989e-02 
 2.791948e+01  3.025988e-02 
 2.791980e+01  3.025987e-02 
 2.792012e+01  3.025987e-02 
 2.792045e+01  3.025986e-02 
 2.792077e+01  3.025985e-02 
 2.792109e+01  3.025984e-02 
 2.792141e+01  3.025983e-02 
 2.792173e+01  3.025982e-02 
 2.792205e+01  3.025981e-02 
 2.792237e+01  3.025980e-02 
 2.792270e+01  3.025979e-02 
 2.792302e+01  3.025978e-02 
 2.792334e+01  3.025978e-02 
 2.792366e+01  3.025977e-02 
 2.792398e+01  3.025976e-02 
 2.792430e+01  3.025975e-02 
 2.792463e+01  3.025974e-02 
 2.792495e+01  3.025972e-02 
 2.792527e+01  3.025971e-02 
 2.792559e+01  3.025970e-02 
 2.792591e+01  3.025969e-02 
 2.792623e+01  3.025968e-02 
 2.792655e+01  3.025967e-02 
 2.792688e+01  3.025966e-02 
 2.792720e+01  3.025965e-02 
 2.792752e+01  3.025964e-02 
 2.792784e+01  3.025963e-02 
 2.792816e+01  3.025961e-02 
 2.792848e+01  3.025960e-02 
 2.792881e+01  3.025959e-02 
 2.792913e+01  3.025958e-02 
 2.792945e+01  3.025957e-02 
 2.792977e+01  3.025955e-02 
 2.793009e+01  3.025954e-02 
 2.793041e+01  3.025953e-02 
 2.793074e+01  3.025952e-02 
 2.793106e+01  3.025950e-02 
 2.793138e+01  3.025949e-02 
 2.793170e+01  3.025948e-02 
 2.793202e+01  3.025947e-02 
 2.793234e+01  3.025945e-02 
 2.793266e+01  3.025944e-02 
 2.793299e+01  3.025943e-02 
 2.793331e+01  3.025941e-02 
 2.793363e+01  3.025940e-02 
 2.793395e+01  3.025939e-02 
 2.793427e+01  3.025937e-02 
 2.793459e+01  3.025936e-02 
 2.793492e+01  3.025935e-02 
 2.793524e+01  3.025933e-02 
 2.793556e+01  3.025932e-02 
 2.793588e+01  3.025930e-02 
 2.793620e+01  3.025929e-02 
 2.793652e+01  3.025927e-02 
 2.793684e+01  3.025926e-02 
 2.793717e+01  3.025925e-02 
 2.793749e+01  3.025923e-02 
 2.793781e+01  3.025922e-02 
 2.793813e+01  3.025920e-02 
 2.793845e+01  3.025919e-02 
 2.793877e+01  3.025917e-02 
 2.793910e+01  3.025916e-02 
 2.793942e+01  3.025914e-02 
 2.793974e+01  3.025913e-02 
 2.794006e+01  3.025911e-02 
 2.794038e+01  3.025910e-02 
 2.794070e+01  3.025908e-02 
 2.794102e+01  3.025907e-02 
 2.794135e+01  3.025905e-02 
 2.794167e+01  3.025903e-02 
 2.794199e+01  3.025902e-02 
 2.794231e+01  3.025900e-02 
 2.794263e+01  3.025899e-02 
 2.794295e+01  3.025897e-02 
 2.794328e+01  3.025896e-02 
 2.794360e+01  3.025894e-02 
 2.794392e+01  3.025893e-02 
 2.794424e+01  3.025891e-02 
 2.794456e+01  3.025889e-02 
 2.794488e+01  3.025888e-02 
 2.794521e+01  3.025886e-02 
 2.794553e+01  3.025885e-02 
 2.794585e+01  3.025883e-02 
 2.794617e+01  3.025881e-02 
 2.794649e+01  3.025880e-02 
 2.794681e+01  3.025878e-02 
 2.794713e+01  3.025876e-02 
 2.794746e+01  3.025875e-02 
 2.794778e+01  3.025873e-02 
 2.794810e+01  3.025872e-02 
 2.794842e+01  3.025870e-02 
 2.794874e+01  3.025868e-02 
 2.794906e+01  3.025867e-02 
 2.794939e+01  3.025865e-02 
 2.794971e+01  3.025863e-02 
 2.795003e+01  3.025862e-02 
 2.795035e+01  3.025860e-02 
 2.795067e+01  3.025858e-02 
 2.795099e+01  3.025857e-02 
 2.795131e+01  3.025855e-02 
 2.795164e+01  3.025853e-02 
 2.795196e+01  3.025852e-02 
 2.795228e+01  3.025850e-02 
 2.795260e+01  3.025848e-02 
 2.795292e+01  3.025847e-02 
 2.795324e+01  3.025845e-02 
 2.795357e+01  3.025843e-02 
 2.795389e+01  3.025841e-02 
 2.795421e+01  3.025840e-02 
 2.795453e+01  3.025838e-02 
 2.795485e+01  3.025836e-02 
 2.795517e+01  3.025835e-02 
 2.795549e+01  3.025833e-02 
 2.795582e+01  3.025831e-02 
 2.795614e+01  3.025829e-02 
 2.795646e+01  3.025828e-02 
 2.795678e+01  3.025826e-02 
 2.795710e+01  3.025824e-02 
 2.795742e+01  3.025822e-02 
 2.795775e+01  3.025821e-02 
 2.795807e+01  3.025819e-02 
 2.795839e+01  3.025817e-02 
 2.795871e+01  3.025815e-02 
 2.795903e+01  3.025814e-02 
 2.795935e+01  3.025812e-02 
 2.795968e+01  3.025810e-02 
 2.796000e+01  3.025808e-02 
 2.796032e+01  3.025806e-02 
 2.796064e+01  3.025805e-02 
 2.796096e+01  3.025803e-02 
 2.796128e+01  3.025801e-02 
 2.796160e+01  3.025799e-02 
 2.796193e+01  3.025797e-02 
 2.796225e+01  3.025796e-02 
 2.796257e+01  3.025794e-02 
 2.796289e+01  3.025792e-02 
 2.796321e+01  3.025790e-02 
 2.796353e+01  3.025788e-02 
 2.796386e+01  3.025786e-02 
 2.796418e+01  3.025784e-02 
 2.796450e+01  3.025783e-02 
 2.796482e+01  3.025781e-02 
 2.796514e+01  3.025779e-02 
 2.796546e+01  3.025777e-02 
 2.796578e+01  3.025775e-02 
 2.796611e+01  3.025773e-02 
 2.796643e+01  3.025771e-02 
 2.796675e+01  3.025769e-02 
 2.796707e+01  3.025767e-02 
 2.796739e+01  3.025765e-02 
 2.796771e+01  3.025763e-02 
 2.796804e+01  3.025761e-02 
 2.796836e+01  3.025760e-02 
 2.796868e+01  3.025758e-02 
 2.796900e+01  3.025756e-02 
 2.796932e+01  3.025754e-02 
 2.796964e+01  3.025752e-02 
 2.796996e+01  3.025750e-02 
 2.797029e+01  3.025748e-02 
 2.797061e+01  3.025746e-02 
 2.797093e+01  3.025744e-02 
 2.797125e+01  3.025742e-02 
 2.797157e+01  3.025740e-02 
 2.797189e+01  3.025738e-02 
 2.797222e+01  3.025736e-02 
 2.797254e+01  3.025734e-02 
 2.797286e+01  3.025732e-02 
 2.797318e+01  3.025729e-02 
 2.797350e+01  3.025727e-02 
 2.797382e+01  3.025725e-02 
 2.797415e+01  3.025723e-02 
 2.797447e+01  3.025721e-02 
 2.797479e+01  3.025719e-02 
 2.797511e+01  3.025717e-02 
 2.797543e+01  3.025715e-02 
 2.797575e+01  3.025713e-02 
 2.797607e+01  3.025711e-02 
 2.797640e+01  3.025709e-02 
 2.797672e+01  3.025707e-02 
 2.797704e+01  3.025705e-02 
 2.797736e+01  3.025703e-02 
 2.797768e+01  3.025700e-02 
 2.797800e+01  3.025698e-02 
 2.797833e+01  3.025696e-02 
 2.797865e+01  3.025694e-02 
 2.797897e+01  3.025692e-02 
 2.797929e+01  3.025690e-02 
 2.797961e+01  3.025688e-02 
 2.797993e+01  3.025686e-02 
 2.798025e+01  3.025684e-02 
 2.798058e+01  3.025681e-02 
 2.798090e+01  3.025679e-02 
 2.798122e+01  3.025677e-02 
 2.798154e+01  3.025675e-02 
 2.798186e+01  3.025673e-02 
 2.798218e+01  3.025671e-02 
 2.798251e+01  3.025669e-02 
 2.798283e+01  3.025666e-02 
 2.798315e+01  3.025664e-02 
 2.798347e+01  3.025662e-02 
 2.798379e+01  3.025660e-02 
 2.798411e+01  3.025658e-02 
 2.798443e+01  3.025656e-02 
 2.798476e+01  3.025653e-02 
 2.798508e+01  3.025651e-02 
 2.798540e+01  3.025649e-02 
 2.798572e+01  3.025647e-02 
 2.798604e+01  3.025645e-02 
 2.798636e+01  3.025642e-02 
 2.798669e+01  3.025640e-02 
 2.798701e+01  3.025638e-02 
 2.798733e+01  3.025636e-02 
 2.798765e+01  3.025634e-02 
 2.798797e+01  3.025631e-02 
 2.798829e+01  3.025629e-02 
 2.798862e+01  3.025627e-02 
 2.798894e+01  3.025624e-02 
 2.798926e+01  3.025622e-02 
 2.798958e+01  3.025620e-02 
 2.798990e+01  3.025618e-02 
 2.799022e+01  3.025615e-02 
 2.799054e+01  3.025613e-02 
 2.799087e+01  3.025611e-02 
 2.799119e+01  3.025608e-02 
 2.799151e+01  3.025606e-02 
 2.799183e+01  3.025604e-02 
 2.799215e+01  3.025601e-02 
 2.799247e+01  3.025599e-02 
 2.799280e+01  3.025597e-02 
 2.799312e+01  3.025594e-02 
 2.799344e+01  3.025592e-02 
 2.799376e+01  3.025589e-02 
 2.799408e+01  3.025587e-02 
 2.799440e+01  3.025585e-02 
 2.799472e+01  3.025582e-02 
 2.799505e+01  3.025580e-02 
 2.799537e+01  3.025577e-02 
 2.799569e+01  3.025575e-02 
 2.799601e+01  3.025572e-02 
 2.799633e+01  3.025570e-02 
 2.799665e+01  3.025567e-02 
 2.799698e+01  3.025565e-02 
 2.799730e+01  3.025562e-02 
 2.799762e+01  3.025560e-02 
 2.799794e+01  3.025557e-02 
 2.799826e+01  3.025555e-02 
 2.799858e+01  3.025552e-02 
 2.799890e+01  3.025549e-02 
 2.799923e+01  3.025547e-02 
 2.799955e+01  3.025544e-02 
 2.799987e+01  3.025542e-02 
 2.800019e+01  3.025539e-02 
 2.800051e+01  3.025536e-02 
 2.800083e+01  3.025534e-02 
 2.800116e+01  3.025531e-02 
 2.800148e+01  3.025528e-02 
 2.800180e+01  3.025526e-02 
 2.800212e+01  3.025523e-02 
 2.800244e+01  3.025520e-02 
 2.800276e+01  3.025517e-02 
 2.800309e+01  3.025515e-02 
 2.800341e+01  3.025512e-02 
 2.800373e+01  3.025509e-02 
 2.800405e+01  3.025506e-02 
 2.800437e+01  3.025503e-02 
 2.800469e+01  3.025501e-02 
 2.800501e+01  3.025498e-02 
 2.800534e+01  3.025495e-02 
 2.800566e+01  3.025492e-02 
 2.800598e+01  3.025489e-02 
 2.800630e+01  3.025486e-02 
 2.800662e+01  3.025483e-02 
 2.800694e+01  3.025481e-02 
 2.800727e+01  3.025478e-02 
 2.800759e+01  3.025475e-02 
 2.800791e+01  3.025472e-02 
 2.800823e+01  3.025469e-02 
 2.800855e+01  3.025466e-02 
 2.800887e+01  3.025463e-02 
 2.800919e+01  3.025460e-02 
 2.800952e+01  3.025457e-02 
 2.800984e+01  3.025454e-02 
 2.801016e+01  3.025451e-02 
 2.801048e+01  3.025448e-02 
 2.801080e+01  3.025445e-02 
 2.801112e+01  3.025442e-02 
 2.801145e+01  3.025439e-02 
 2.801177e+01  3.025436e-02 
 2.801209e+01  3.025433e-02 
 2.801241e+01  3.025430e-02 
 2.801273e+01  3.025427e-02 
 2.801305e+01  3.025424e-02 
 2.801338e+01  3.025421e-02 
 2.801370e+01  3.025418e-02 
 2.801402e+01  3.025415e-02 
 2.801434e+01  3.025412e-02 
 2.801466e+01  3.025408e-02 
 2.801498e+01  3.025405e-02 
 2.801530e+01  3.025402e-02 
 2.801563e+01  3.025399e-02 
 2.801595e+01  3.025396e-02 
 2.801627e+01  3.025393e-02 
 2.801659e+01  3.025390e-02 
 2.801691e+01  3.025387e-02 
 2.801723e+01  3.025384e-02 
 2.801756e+01  3.025380e-02 
 2.801788e+01  3.025377e-02 
 2.801820e+01  3.025374e-02 
 2.801852e+01  3.025371e-02 
 2.801884e+01  3.025368e-02 
 2.801916e+01  3.025365e-02 
 2.801948e+01  3.025362e-02 
 2.801981e+01  3.025358e-02 
 2.802013e+01  3.025355e-02 
 2.802045e+01  3.025352e-02 
 2.802077e+01  3.025349e-02 
 2.802109e+01  3.025346e-02 
 2.802141e+01  3.025342e-02 
 2.802174e+01  3.025339e-02 
 2.802206e+01  3.025336e-02 
 2.802238e+01  3.025333e-02 
 2.802270e+01  3.025330e-02 
 2.802302e+01  3.025326e-02 
 2.802334e+01  3.025323e-02 
 2.802366e+01  3.025320e-02 
 2.802399e+01  3.025317e-02 
 2.802431e+01  3.025313e-02 
 2.802463e+01  3.025310e-02 
 2.802495e+01  3.025307e-02 
 2.802527e+01  3.025304e-02 
 2.802559e+01  3.025300e-02 
 2.802592e+01  3.025297e-02 
 2.802624e+01  3.025294e-02 
 2.802656e+01  3.025291e-02 
 2.802688e+01  3.025287e-02 
 2.802720e+01  3.025284e-02 
 2.802752e+01  3.025281e-02 
 2.802785e+01  3.025277e-02 
 2.802817e+01  3.025274e-02 
 2.802849e+01  3.025271e-02 
 2.802881e+01  3.025267e-02 
 2.802913e+01  3.025264e-02 
 2.802945e+01  3.025261e-02 
 2.802977e+01  3.025257e-02 
 2.803010e+01  3.025254e-02 
 2.803042e+01  3.025251e-02 
 2.803074e+01  3.025247e-02 
 2.803106e+01  3.025244e-02 
 2.803138e+01  3.025241e-02 
 2.803170e+01  3.025237e-02 
 2.803203e+01  3.025234e-02 
 2.803235e+01  3.025230e-02 
 2.803267e+01  3.025227e-02 
 2.803299e+01  3.025224e-02 
 2.803331e+01  3.025220e-02 
 2.803363e+01  3.025217e-02 
 2.803395e+01  3.025213e-02 
 2.803428e+01  3.025210e-02 
 2.803460e+01  3.025206e-02 
 2.803492e+01  3.025203e-02 
 2.803524e+01  3.025199e-02 
 2.803556e+01  3.025196e-02 
 2.803588e+01  3.025193e-02 
 2.803621e+01  3.025189e-02 
 2.803653e+01  3.025186e-02 
 2.803685e+01  3.025182e-02 
 2.803717e+01  3.025179e-02 
 2.803749e+01  3.025175e-02 
 2.803781e+01  3.025172e-02 
 2.803813e+01  3.025168e-02 
 2.803846e+01  3.025165e-02 
 2.803878e+01  3.025161e-02 
 2.803910e+01  3.025157e-02 
 2.803942e+01  3.025154e-02 
 2.803974e+01  3.025150e-02 
 2.804006e+01  3.025147e-02 
 2.804039e+01  3.025143e-02 
 2.804071e+01  3.025140e-02 
 2.804103e+01  3.025136e-02 
 2.804135e+01  3.025133e-02 
 2.804167e+01  3.025129e-02 
 2.804199e+01  3.025125e-02 
 2.804232e+01  3.025122e-02 
 2.804264e+01  3.025118e-02 
 2.804296e+01  3.025115e-02 
 2.804328e+01  3.025111e-02 
 2.804360e+01  3.025108e-02 
 2.804392e+01  3.025104e-02 
 2.804424e+01  3.025100e-02 
 2.804457e+01  3.025097e-02 
 2.804489e+01  3.025093e-02 
 2.804521e+01  3.025090e-02 
 2.804553e+01  3.025086e-02 
 2.804585e+01  3.025083e-02 
 2.804617e+01  3.025079e-02 
 2.804650e+01  3.025075e-02 
 2.804682e+01  3.025072e-02 
 2.804714e+01  3.025068e-02 
 2.804746e+01  3.025065e-02 
 2.804778e+01  3.025061e-02 
 2.804810e+01  3.025057e-02 
 2.804842e+01  3.025054e-02 
 2.804875e+01  3.025050e-02 
 2.804907e+01  3.025047e-02 
 2.804939e+01  3.025043e-02 
 2.804971e+01  3.025039e-02 
 2.805003e+01  3.025036e-02 
 2.805035e+01  3.025032e-02 
 2.805068e+01  3.025029e-02 
 2.805100e+01  3.025025e-02 
 2.805132e+01  3.025021e-02 
 2.805164e+01  3.025018e-02 
 2.805196e+01  3.025014e-02 
 2.805228e+01  3.025011e-02 
 2.805260e+01  3.025007e-02 
 2.805293e+01  3.025003e-02 
 2.805325e+01  3.025000e-02 
 2.805357e+01  3.024996e-02 
 2.805389e+01  3.024993e-02 
 2.805421e+01  3.024989e-02 
 2.805453e+01  3.024985e-02 
 2.805486e+01  3.024982e-02 
 2.805518e+01  3.024978e-02 
 2.805550e+01  3.024975e-02 
 2.805582e+01  3.024971e-02 
 2.805614e+01  3.024968e-02 
 2.805646e+01  3.024964e-02 
 2.805679e+01  3.024960e-02 
 2.805711e+01  3.024957e-02 
 2.805743e+01  3.024953e-02 
 2.805775e+01  3.024950e-02 
 2.805807e+01  3.024946e-02 
 2.805839e+01  3.024943e-02 
 2.805871e+01  3.024939e-02 
 2.805904e+01  3.024935e-02 
 2.805936e+01  3.024932e-02 
 2.805968e+01  3.024928e-02 
 2.806000e+01  3.024925e-02 
 2.806032e+01  3.024921e-02 
 2.806064e+01  3.024918e-02 
 2.806097e+01  3.024914e-02 
 2.806129e+01  3.024911e-02 
 2.806161e+01  3.024907e-02 
 2.806193e+01  3.024903e-02 
 2.806225e+01  3.024900e-02 
 2.806257e+01  3.024896e-02 
 2.806289e+01  3.024893e-02 
 2.806322e+01  3.024889e-02 
 2.806354e+01  3.024886e-02 
 2.806386e+01  3.024882e-02 
 2.806418e+01  3.024878e-02 
 2.806450e+01  3.024875e-02 
 2.806482e+01  3.024871e-02 
 2.806515e+01  3.024868e-02 
 2.806547e+01  3.024864e-02 
 2.806579e+01  3.024861e-02 
 2.806611e+01  3.024857e-02 
 2.806643e+01  3.024854e-02 
 2.806675e+01  3.024850e-02 
 2.806707e+01  3.024846e-02 
 2.806740e+01  3.024843e-02 
 2.806772e+01  3.024839e-02 
 2.806804e+01  3.024836e-02 
 2.806836e+01  3.024832e-02 
 2.806868e+01  3.024829e-02 
 2.806900e+01  3.024825e-02 
 2.806933e+01  3.024821e-02 
 2.806965e+01  3.024818e-02 
 2.806997e+01  3.024814e-02 
 2.807029e+01  3.024811e-02 
 2.807061e+01  3.024807e-02 
 2.807093e+01  3.024803e-02 
 2.807126e+01  3.024800e-02 
 2.807158e+01  3.024796e-02 
 2.807190e+01  3.024793e-02 
 2.807222e+01  3.024789e-02 
 2.807254e+01  3.024786e-02 
 2.807286e+01  3.024782e-02 
 2.807318e+01  3.024778e-02 
 2.807351e+01  3.024775e-02 
 2.807383e+01  3.024771e-02 
 2.807415e+01  3.024768e-02 
 2.807447e+01  3.024764e-02 
 2.807479e+01  3.024760e-02 
 2.807511e+01  3.024757e-02 
 2.807544e+01  3.024753e-02 
 2.807576e+01  3.024749e-02 
 2.807608e+01  3.024746e-02 
 2.807640e+01  3.024742e-02 
 2.807672e+01  3.024739e-02 
 2.807704e+01  3.024735e-02 
 2.807736e+01  3.024731e-02 
 2.807769e+01  3.024728e-02 
 2.807801e+01  3.024724e-02 
 2.807833e+01  3.024720e-02 
 2.807865e+01  3.024717e-02 
 2.807897e+01  3.024713e-02 
 2.807929e+01  3.024709e-02 
 2.807962e+01  3.024706e-02 
 2.807994e+01  3.024702e-02 
 2.808026e+01  3.024698e-02 
 2.808058e+01  3.024695e-02 
 2.808090e+01  3.024691e-02 
 2.808122e+01  3.024687e-02 
 2.808154e+01  3.024684e-02 
 2.808187e+01  3.024680e-02 
 2.808219e+01  3.024676e-02 
 2.808251e+01  3.024672e-02 
 2.808283e+01  3.024669e-02 
 2.808315e+01  3.024665e-02 
 2.808347e+01  3.024661e-02 
 2.808380e+01  3.024658e-02 
 2.808412e+01  3.024654e-02 
 2.808444e+01  3.024650e-02 
 2.808476e+01  3.024646e-02 
 2.808508e+01  3.024643e-02 
 2.808540e+01  3.024639e-02 
 2.808573e+01  3.024635e-02 
 2.808605e+01  3.024631e-02 
 2.808637e+01  3.024627e-02 
 2.808669e+01  3.024624e-02 
 2.808701e+01  3.024620e-02 
 2.808733e+01  3.024616e-02 
 2.808765e+01  3.024612e-02 
 2.808798e+01  3.024608e-02 
 2.808830e+01  3.024605e-02 
 2.808862e+01  3.024601e-02 
 2.808894e+01  3.024597e-02 
 2.808926e+01  3.024593e-02 
 2.808958e+01  3.024589e-02 
 2.808991e+01  3.024585e-02 
 2.809023e+01  3.024581e-02 
 2.809055e+01  3.024578e-02 
 2.809087e+01  3.024574e-02 
 2.809119e+01  3.024570e-02 
 2.809151e+01  3.024566e-02 
 2.809183e+01  3.024562e-02 
 2.809216e+01  3.024558e-02 
 2.809248e+01  3.024554e-02 
 2.809280e+01  3.024550e-02 
 2.809312e+01  3.024546e-02 
 2.809344e+01  3.024543e-02 
 2.809376e+01  3.024539e-02 
 2.809409e+01  3.024535e-02 
 2.809441e+01  3.024531e-02 
 2.809473e+01  3.024527e-02 
 2.809505e+01  3.024523e-02 
 2.809537e+01  3.024519e-02 
 2.809569e+01  3.024515e-02 
 2.809601e+01  3.024511e-02 
 2.809634e+01  3.024507e-02 
 2.809666e+01  3.024503e-02 
 2.809698e+01  3.024499e-02 
 2.809730e+01  3.024495e-02 
 2.809762e+01  3.024491e-02 
 2.809794e+01  3.024487e-02 
 2.809827e+01  3.024483e-02 
 2.809859e+01  3.024479e-02 
 2.809891e+01  3.024475e-02 
 2.809923e+01  3.024471e-02 
 2.809955e+01  3.024467e-02 
 2.809987e+01  3.024463e-02 
 2.810020e+01  3.024459e-02 
 2.810052e+01  3.024455e-02 
 2.810084e+01  3.024451e-02 
 2.810116e+01  3.024447e-02 
 2.810148e+01  3.024443e-02 
 2.810180e+01  3.024439e-02 
 2.810212e+01  3.024435e-02 
 2.810245e+01  3.024431e-02 
 2.810277e+01  3.024427e-02 
 2.810309e+01  3.024423e-02 
 2.810341e+01  3.024420e-02 
 2.810373e+01  3.024416e-02 
 2.810405e+01  3.024412e-02 
 2.810438e+01  3.024408e-02 
 2.810470e+01  3.024404e-02 
 2.810502e+01  3.024400e-02 
 2.810534e+01  3.024396e-02 
 2.810566e+01  3.024392e-02 
 2.810598e+01  3.024388e-02 
 2.810630e+01  3.024384e-02 
 2.810663e+01  3.024380e-02 
 2.810695e+01  3.024376e-02 
 2.810727e+01  3.024372e-02 
 2.810759e+01  3.024368e-02 
 2.810791e+01  3.024364e-02 
 2.810823e+01  3.024360e-02 
 2.810856e+01  3.024356e-02 
 2.810888e+01  3.024353e-02 
 2.810920e+01  3.024349e-02 
 2.810952e+01  3.024345e-02 
 2.810984e+01  3.024341e-02 
 2.811016e+01  3.024337e-02 
 2.811049e+01  3.024333e-02 
 2.811081e+01  3.024329e-02 
 2.811113e+01  3.024325e-02 
 2.811145e+01  3.024321e-02 
 2.811177e+01  3.024318e-02 
 2.811209e+01  3.024314e-02 
 2.811241e+01  3.024310e-02 
 2.811274e+01  3.024306e-02 
 2.811306e+01  3.024302e-02 
 2.811338e+01  3.024298e-02 
 2.811370e+01  3.024295e-02 
 2.811402e+01  3.024291e-02 
 2.811434e+01  3.024287e-02 
 2.811467e+01  3.024283e-02 
 2.811499e+01  3.024279e-02 
 2.811531e+01  3.024276e-02 
 2.811563e+01  3.024272e-02 
 2.811595e+01  3.024268e-02 
 2.811627e+01  3.024264e-02 
 2.811659e+01  3.024260e-02 
 2.811692e+01  3.024257e-02 
 2.811724e+01  3.024253e-02 
 2.811756e+01  3.024249e-02 
 2.811788e+01  3.024245e-02 
 2.811820e+01  3.024241e-02 
 2.811852e+01  3.024238e-02 
 2.811885e+01  3.024234e-02 
 2.811917e+01  3.024230e-02 
 2.811949e+01  3.024226e-02 
 2.811981e+01  3.024223e-02 
 2.812013e+01  3.024219e-02 
 2.812045e+01  3.024215e-02 
 2.812077e+01  3.024212e-02 
 2.812110e+01  3.024208e-02 
 2.812142e+01  3.024204e-02 
 2.812174e+01  3.024200e-02 
 2.812206e+01  3.024197e-02 
 2.812238e+01  3.024193e-02 
 2.812270e+01  3.024189e-02 
 2.812303e+01  3.024186e-02 
 2.812335e+01  3.024182e-02 
 2.812367e+01  3.024178e-02 
 2.812399e+01  3.024175e-02 
 2.812431e+01  3.024171e-02 
 2.812463e+01  3.024167e-02 
 2.812496e+01  3.024164e-02 
 2.812528e+01  3.024160e-02 
 2.812560e+01  3.024156e-02 
 2.812592e+01  3.024153e-02 
 2.812624e+01  3.024149e-02 
 2.812656e+01  3.024146e-02 
 2.812688e+01  3.024142e-02 
 2.812721e+01  3.024138e-02 
 2.812753e+01  3.024135e-02 
 2.812785e+01  3.024131e-02 
 2.812817e+01  3.024128e-02 
 2.812849e+01  3.024124e-02 
 2.812881e+01  3.024120e-02 
 2.812914e+01  3.024117e-02 
 2.812946e+01  3.024113e-02 
 2.812978e+01  3.024110e-02 
 2.813010e+01  3.024106e-02 
 2.813042e+01  3.024103e-02 
 2.813074e+01  3.024099e-02 
 2.813106e+01  3.024096e-02 
 2.813139e+01  3.024092e-02 
 2.813171e+01  3.024089e-02 
 2.813203e+01  3.024085e-02 
 2.813235e+01  3.024082e-02 
 2.813267e+01  3.024078e-02 
 2.813299e+01  3.024075e-02 
 2.813332e+01  3.024071e-02 
 2.813364e+01  3.024068e-02 
 2.813396e+01  3.024064e-02 
 2.813428e+01  3.024061e-02 
 2.813460e+01  3.024057e-02 
 2.813492e+01  3.024054e-02 
 2.813524e+01  3.024050e-02 
 2.813557e+01  3.024047e-02 
 2.813589e+01  3.024044e-02 
 2.813621e+01  3.024040e-02 
 2.813653e+01  3.024037e-02 
 2.813685e+01  3.024033e-02 
 2.813717e+01  3.024030e-02 
 2.813750e+01  3.024026e-02 
 2.813782e+01  3.024023e-02 
 2.813814e+01  3.024020e-02 
 2.813846e+01  3.024016e-02 
 2.813878e+01  3.024013e-02 
 2.813910e+01  3.024009e-02 
 2.813943e+01  3.024006e-02 
 2.813975e+01  3.024003e-02 
 2.814007e+01  3.023999e-02 
 2.814039e+01  3.023996e-02 
 2.814071e+01  3.023993e-02 
 2.814103e+01  3.023989e-02 
 2.814135e+01  3.023986e-02 
 2.814168e+01  3.023982e-02 
 2.814200e+01  3.023979e-02 
 2.814232e+01  3.023976e-02 
 2.814264e+01  3.023972e-02 
 2.814296e+01  3.023969e-02 
 2.814328e+01  3.023965e-02 
 2.814361e+01  3.023962e-02 
 2.814393e+01  3.023959e-02 
 2.814425e+01  3.023955e-02 
 2.814457e+01  3.023952e-02 
 2.814489e+01  3.023948e-02 
 2.814521e+01  3.023945e-02 
 2.814553e+01  3.023942e-02 
 2.814586e+01  3.023938e-02 
 2.814618e+01  3.023935e-02 
 2.814650e+01  3.023931e-02 
 2.814682e+01  3.023928e-02 
 2.814714e+01  3.023925e-02 
 2.814746e+01  3.023921e-02 
 2.814779e+01  3.023918e-02 
 2.814811e+01  3.023914e-02 
 2.814843e+01  3.023911e-02 
 2.814875e+01  3.023907e-02 
 2.814907e+01  3.023904e-02 
 2.814939e+01  3.023901e-02 
 2.814971e+01  3.023897e-02 
 2.815004e+01  3.023894e-02 
 2.815036e+01  3.023890e-02 
 2.815068e+01  3.023887e-02 
 2.815100e+01  3.023883e-02 
 2.815132e+01  3.023880e-02 
 2.815164e+01  3.023876e-02 
 2.815197e+01  3.023873e-02 
 2.815229e+01  3.023869e-02 
 2.815261e+01  3.023866e-02 
 2.815293e+01  3.023862e-02 
 2.815325e+01  3.023858e-02 
 2.815357e+01  3.023855e-02 
 2.815390e+01  3.023851e-02 
 2.815422e+01  3.023848e-02 
 2.815454e+01  3.023844e-02 
 2.815486e+01  3.023841e-02 
 2.815518e+01  3.023837e-02 
 2.815550e+01  3.023834e-02 
 2.815582e+01  3.023830e-02 
 2.815615e+01  3.023826e-02 
 2.815647e+01  3.023823e-02 
 2.815679e+01  3.023819e-02 
 2.815711e+01  3.023816e-02 
 2.815743e+01  3.023812e-02 
 2.815775e+01  3.023808e-02 
 2.815808e+01  3.023805e-02 
 2.815840e+01  3.023801e-02 
 2.815872e+01  3.023798e-02 
 2.815904e+01  3.023794e-02 
 2.815936e+01  3.023790e-02 
 2.815968e+01  3.023787e-02 
 2.816000e+01  3.023783e-02 
 2.816033e+01  3.023780e-02 
 2.816065e+01  3.023776e-02 
 2.816097e+01  3.023772e-02 
 2.816129e+01  3.023769e-02 
 2.816161e+01  3.023765e-02 
 2.816193e+01  3.023761e-02 
 2.816226e+01  3.023758e-02 
 2.816258e+01  3.023754e-02 
 2.816290e+01  3.023751e-02 
 2.816322e+01  3.023747e-02 
 2.816354e+01  3.023743e-02 
 2.816386e+01  3.023740e-02 
 2.816418e+01  3.023736e-02 
 2.816451e+01  3.023733e-02 
 2.816483e+01  3.023729e-02 
 2.816515e+01  3.023725e-02 
 2.816547e+01  3.023722e-02 
 2.816579e+01  3.023718e-02 
 2.816611e+01  3.023715e-02 
 2.816644e+01  3.023711e-02 
 2.816676e+01  3.023707e-02 
 2.816708e+01  3.023704e-02 
 2.816740e+01  3.023700e-02 
 2.816772e+01  3.023697e-02 
 2.816804e+01  3.023693e-02 
 2.816837e+01  3.023690e-02 
 2.816869e+01  3.023686e-02 
 2.816901e+01  3.023683e-02 
 2.816933e+01  3.023679e-02 
 2.816965e+01  3.023675e-02 
 2.816997e+01  3.023672e-02 
 2.817029e+01  3.023668e-02 
 2.817062e+01  3.023665e-02 
 2.817094e+01  3.023661e-02 
 2.817126e+01  3.023658e-02 
 2.817158e+01  3.023654e-02 
 2.817190e+01  3.023651e-02 
 2.817222e+01  3.023647e-02 
 2.817255e+01  3.023644e-02 
 2.817287e+01  3.023640e-02 
 2.817319e+01  3.023637e-02 
 2.817351e+01  3.023633e-02 
 2.817383e+01  3.023630e-02 
 2.817415e+01  3.023626e-02 
 2.817447e+01  3.023623e-02 
 2.817480e+01  3.023620e-02 
 2.817512e+01  3.023616e-02 
 2.817544e+01  3.023613e-02 
 2.817576e+01  3.023609e-02 
 2.817608e+01  3.023606e-02 
 2.817640e+01  3.023602e-02 
 2.817673e+01  3.023599e-02 
 2.817705e+01  3.023595e-02 
 2.817737e+01  3.023592e-02 
 2.817769e+01  3.023588e-02 
 2.817801e+01  3.023585e-02 
 2.817833e+01  3.023581e-02 
 2.817865e+01  3.023578e-02 
 2.817898e+01  3.023574e-02 
 2.817930e+01  3.023571e-02 
 2.817962e+01  3.023568e-02 
 2.817994e+01  3.023564e-02 
 2.818026e+01  3.023561e-02 
 2.818058e+01  3.023557e-02 
 2.818091e+01  3.023554e-02 
 2.818123e+01  3.023550e-02 
 2.818155e+01  3.023547e-02 
 2.818187e+01  3.023543e-02 
 2.818219e+01  3.023540e-02 
 2.818251e+01  3.023536e-02 
 2.818284e+01  3.023532e-02 
 2.818316e+01  3.023529e-02 
 2.818348e+01  3.023525e-02 
 2.818380e+01  3.023522e-02 
 2.818412e+01  3.023518e-02 
 2.818444e+01  3.023515e-02 
 2.818476e+01  3.023511e-02 
 2.818509e+01  3.023508e-02 
 2.818541e+01  3.023504e-02 
 2.818573e+01  3.023500e-02 
 2.818605e+01  3.023497e-02 
 2.818637e+01  3.023493e-02 
 2.818669e+01  3.023490e-02 
 2.818702e+01  3.023486e-02 
 2.818734e+01  3.023482e-02 
 2.818766e+01  3.023479e-02 
 2.818798e+01  3.023475e-02 
 2.818830e+01  3.023471e-02 
 2.818862e+01  3.023468e-02 
 2.818894e+01  3.023464e-02 
 2.818927e+01  3.023460e-02 
 2.818959e+01  3.023457e-02 
 2.818991e+01  3.023453e-02 
 2.819023e+01  3.023449e-02 
 2.819055e+01  3.023445e-02 
 2.819087e+01  3.023442e-02 
 2.819120e+01  3.023438e-02 
 2.819152e+01  3.023434e-02 
 2.819184e+01  3.023430e-02 
 2.819216e+01  3.023427e-02 
 2.819248e+01  3.023423e-02 
 2.819280e+01  3.023419e-02 
 2.819312e+01  3.023415e-02 
 2.819345e+01  3.023411e-02 
 2.819377e+01  3.023408e-02 
 2.819409e+01  3.023404e-02 
 2.819441e+01  3.023400e-02 
 2.819473e+01  3.023396e-02 
 2.819505e+01  3.023392e-02 
 2.819538e+01  3.023389e-02 
 2.819570e+01  3.023385e-02 
 2.819602e+01  3.023381e-02 
 2.819634e+01  3.023377e-02 
 2.819666e+01  3.023373e-02 
 2.819698e+01  3.023369e-02 
 2.819731e+01  3.023365e-02 
 2.819763e+01  3.023361e-02 
 2.819795e+01  3.023357e-02 
 2.819827e+01  3.023354e-02 
 2.819859e+01  3.023350e-02 
 2.819891e+01  3.023346e-02 
 2.819923e+01  3.023342e-02 
 2.819956e+01  3.023338e-02 
 2.819988e+01  3.023334e-02 
 2.820020e+01  3.023330e-02 
 2.820052e+01  3.023326e-02 
 2.820084e+01  3.023322e-02 
 2.820116e+01  3.023318e-02 
 2.820149e+01  3.023314e-02 
 2.820181e+01  3.023310e-02 
 2.820213e+01  3.023306e-02 
 2.820245e+01  3.023302e-02 
 2.820277e+01  3.023298e-02 
 2.820309e+01  3.023294e-02 
 2.820341e+01  3.023290e-02 
 2.820374e+01  3.023286e-02 
 2.820406e+01  3.023282e-02 
 2.820438e+01  3.023278e-02 
 2.820470e+01  3.023274e-02 
 2.820502e+01  3.023269e-02 
 2.820534e+01  3.023265e-02 
 2.820567e+01  3.023261e-02 
 2.820599e+01  3.023257e-02 
 2.820631e+01  3.023253e-02 
 2.820663e+01  3.023249e-02 
 2.820695e+01  3.023245e-02 
 2.820727e+01  3.023241e-02 
 2.820759e+01  3.023236e-02 
 2.820792e+01  3.023232e-02 
 2.820824e+01  3.023228e-02 
 2.820856e+01  3.023224e-02 
 2.820888e+01  3.023220e-02 
 2.820920e+01  3.023215e-02 
 2.820952e+01  3.023211e-02 
 2.820985e+01  3.023207e-02 
 2.821017e+01  3.023203e-02 
 2.821049e+01  3.023198e-02 
 2.821081e+01  3.023194e-02 
 2.821113e+01  3.023190e-02 
 2.821145e+01  3.023186e-02 
 2.821178e+01  3.023181e-02 
 2.821210e+01  3.023177e-02 
 2.821242e+01  3.023173e-02 
 2.821274e+01  3.023168e-02 
 2.821306e+01  3.023164e-02 
 2.821338e+01  3.023160e-02 
 2.821370e+01  3.023155e-02 
 2.821403e+01  3.023151e-02 
 2.821435e+01  3.023147e-02 
 2.821467e+01  3.023142e-02 
 2.821499e+01  3.023138e-02 
 2.821531e+01  3.023133e-02 
 2.821563e+01  3.023129e-02 
 2.821596e+01  3.023124e-02 
 2.821628e+01  3.023120e-02 
 2.821660e+01  3.023116e-02 
 2.821692e+01  3.023111e-02 
 2.821724e+01  3.023107e-02 
 2.821756e+01  3.023102e-02 
 2.821788e+01  3.023098e-02 
 2.821821e+01  3.023093e-02 
 2.821853e+01  3.023089e-02 
 2.821885e+01  3.023084e-02 
 2.821917e+01  3.023080e-02 
 2.821949e+01  3.023075e-02 
 2.821981e+01  3.023071e-02 
 2.822014e+01  3.023066e-02 
 2.822046e+01  3.023061e-02 
 2.822078e+01  3.023057e-02 
 2.822110e+01  3.023052e-02 
 2.822142e+01  3.023048e-02 
 2.822174e+01  3.023043e-02 
 2.822207e+01  3.023039e-02 
 2.822239e+01  3.023034e-02 
 2.822271e+01  3.023029e-02 
 2.822303e+01  3.023025e-02 
 2.822335e+01  3.023020e-02 
 2.822367e+01  3.023016e-02 
 2.822399e+01  3.023011e-02 
 2.822432e+01  3.023006e-02 
 2.822464e+01  3.023002e-02 
 2.822496e+01  3.022997e-02 
 2.822528e+01  3.022992e-02 
 2.822560e+01  3.022988e-02 
 2.822592e+01  3.022983e-02 
 2.822625e+01  3.022978e-02 
 2.822657e+01  3.022974e-02 
 2.822689e+01  3.022969e-02 
 2.822721e+01  3.022964e-02 
 2.822753e+01  3.022960e-02 
 2.822785e+01  3.022955e-02 
 2.822817e+01  3.022950e-02 
 2.822850e+01  3.022945e-02 
 2.822882e+01  3.022941e-02 
 2.822914e+01  3.022936e-02 
 2.822946e+01  3.022931e-02 
 2.822978e+01  3.022927e-02 
 2.823010e+01  3.022922e-02 
 2.823043e+01  3.022917e-02 
 2.823075e+01  3.022912e-02 
 2.823107e+01  3.022908e-02 
 2.823139e+01  3.022903e-02 
 2.823171e+01  3.022898e-02 
 2.823203e+01  3.022893e-02 
 2.823235e+01  3.022888e-02 
 2.823268e+01  3.022884e-02 
 2.823300e+01  3.022879e-02 
 2.823332e+01  3.022874e-02 
 2.823364e+01  3.022869e-02 
 2.823396e+01  3.022865e-02 
 2.823428e+01  3.022860e-02 
 2.823461e+01  3.022855e-02 
 2.823493e+01  3.022850e-02 
 2.823525e+01  3.022845e-02 
 2.823557e+01  3.022841e-02 
 2.823589e+01  3.022836e-02 
 2.823621e+01  3.022831e-02 
 2.823654e+01  3.022826e-02 
 2.823686e+01  3.022821e-02 
 2.823718e+01  3.022817e-02 
 2.823750e+01  3.022812e-02 
 2.823782e+01  3.022807e-02 
 2.823814e+01  3.022802e-02 
 2.823846e+01  3.022797e-02 
 2.823879e+01  3.022793e-02 
 2.823911e+01  3.022788e-02 
 2.823943e+01  3.022783e-02 
 2.823975e+01  3.022778e-02 
 2.824007e+01  3.022773e-02 
 2.824039e+01  3.022768e-02 
 2.824072e+01  3.022764e-02 
 2.824104e+01  3.022759e-02 
 2.824136e+01  3.022754e-02 
 2.824168e+01  3.022749e-02 
 2.824200e+01  3.022744e-02 
 2.824232e+01  3.022739e-02 
 2.824264e+01  3.022735e-02 
 2.824297e+01  3.022730e-02 
 2.824329e+01  3.022725e-02 
 2.824361e+01  3.022720e-02 
 2.824393e+01  3.022715e-02 
 2.824425e+01  3.022710e-02 
 2.824457e+01  3.022706e-02 
 2.824490e+01  3.022701e-02 
 2.824522e+01  3.022696e-02 
 2.824554e+01  3.022691e-02 
 2.824586e+01  3.022686e-02 
 2.824618e+01  3.022682e-02 
 2.824650e+01  3.022677e-02 
 2.824682e+01  3.022672e-02 
 2.824715e+01  3.022667e-02 
 2.824747e+01  3.022662e-02 
 2.824779e+01  3.022658e-02 
 2.824811e+01  3.022653e-02 
 2.824843e+01  3.022648e-02 
 2.824875e+01  3.022643e-02 
 2.824908e+01  3.022638e-02 
 2.824940e+01  3.022634e-02 
 2.824972e+01  3.022629e-02 
 2.825004e+01  3.022624e-02 
 2.825036e+01  3.022619e-02 
 2.825068e+01  3.022614e-02 
 2.825101e+01  3.022610e-02 
 2.825133e+01  3.022605e-02 
 2.825165e+01  3.022600e-02 
 2.825197e+01  3.022595e-02 
 2.825229e+01  3.022591e-02 
 2.825261e+01  3.022586e-02 
 2.825293e+01  3.022581e-02 
 2.825326e+01  3.022576e-02 
 2.825358e+01  3.022572e-02 
 2.825390e+01  3.022567e-02 
 2.825422e+01  3.022562e-02 
 2.825454e+01  3.022557e-02 
 2.825486e+01  3.022553e-02 
 2.825519e+01  3.022548e-02 
 2.825551e+01  3.022543e-02 
 2.825583e+01  3.022538e-02 
 2.825615e+01  3.022534e-02 
 2.825647e+01  3.022529e-02 
 2.825679e+01  3.022524e-02 
 2.825711e+01  3.022520e-02 
 2.825744e+01  3.022515e-02 
 2.825776e+01  3.022510e-02 
 2.825808e+01  3.022505e-02 
 2.825840e+01  3.022501e-02 
 2.825872e+01  3.022496e-02 
 2.825904e+01  3.022491e-02 
 2.825937e+01  3.022487e-02 
 2.825969e+01  3.022482e-02 
 2.826001e+01  3.022477e-02 
 2.826033e+01  3.022472e-02 
 2.826065e+01  3.022468e-02 
 2.826097e+01  3.022463e-02 
 2.826129e+01  3.022458e-02 
 2.826162e+01  3.022454e-02 
 2.826194e+01  3.022449e-02 
 2.826226e+01  3.022444e-02 
 2.826258e+01  3.022440e-02 
 2.826290e+01  3.022435e-02 
 2.826322e+01  3.022430e-02 
 2.826355e+01  3.022425e-02 
 2.826387e+01  3.022421e-02 
 2.826419e+01  3.022416e-02 
 2.826451e+01  3.022411e-02 
 2.826483e+01  3.022407e-02 
 2.826515e+01  3.022402e-02 
 2.826548e+01  3.022397e-02 
 2.826580e+01  3.022392e-02 
 2.826612e+01  3.022388e-02 
 2.826644e+01  3.022383e-02 
 2.826676e+01  3.022378e-02 
 2.826708e+01  3.022373e-02 
 2.826740e+01  3.022369e-02 
 2.826773e+01  3.022364e-02 
 2.826805e+01  3.022359e-02 
 2.826837e+01  3.022354e-02 
 2.826869e+01  3.022350e-02 
 2.826901e+01  3.022345e-02 
 2.826933e+01  3.022340e-02 
 2.826966e+01  3.022335e-02 
 2.826998e+01  3.022330e-02 
 2.827030e+01  3.022326e-02 
 2.827062e+01  3.022321e-02 
 2.827094e+01  3.022316e-02 
 2.827126e+01  3.022311e-02 
 2.827158e+01  3.022306e-02 
 2.827191e+01  3.022302e-02 
 2.827223e+01  3.022297e-02 
 2.827255e+01  3.022292e-02 
 2.827287e+01  3.022287e-02 
 2.827319e+01  3.022282e-02 
 2.827351e+01  3.022278e-02 
 2.827384e+01  3.022273e-02 
 2.827416e+01  3.022268e-02 
 2.827448e+01  3.022263e-02 
 2.827480e+01  3.022258e-02 
 2.827512e+01  3.022253e-02 
 2.827544e+01  3.022248e-02 
 2.827576e+01  3.022243e-02 
 2.827609e+01  3.022239e-02 
 2.827641e+01  3.022234e-02 
 2.827673e+01  3.022229e-02 
 2.827705e+01  3.022224e-02 
 2.827737e+01  3.022219e-02 
 2.827769e+01  3.022214e-02 
 2.827802e+01  3.022209e-02 
 2.827834e+01  3.022204e-02 
 2.827866e+01  3.022199e-02 
 2.827898e+01  3.022194e-02 
 2.827930e+01  3.022189e-02 
 2.827962e+01  3.022184e-02 
 2.827995e+01  3.022179e-02 
 2.828027e+01  3.022175e-02 
 2.828059e+01  3.022170e-02 
 2.828091e+01  3.022165e-02 
 2.828123e+01  3.022160e-02 
 2.828155e+01  3.022155e-02 
 2.828187e+01  3.022150e-02 
 2.828220e+01  3.022145e-02 
 2.828252e+01  3.022140e-02 
 2.828284e+01  3.022135e-02 
 2.828316e+01  3.022130e-02 
 2.828348e+01  3.022125e-02 
 2.828380e+01  3.022120e-02 
 2.828413e+01  3.022115e-02 
 2.828445e+01  3.022110e-02 
 2.828477e+01  3.022105e-02 
 2.828509e+01  3.022100e-02 
 2.828541e+01  3.022095e-02 
 2.828573e+01  3.022090e-02 
 2.828605e+01  3.022085e-02 
 2.828638e+01  3.022080e-02 
 2.828670e+01  3.022075e-02 
 2.828702e+01  3.022070e-02 
 2.828734e+01  3.022065e-02 
 2.828766e+01  3.022060e-02 
 2.828798e+01  3.022055e-02 
 2.828831e+01  3.022050e-02 
 2.828863e+01  3.022044e-02 
 2.828895e+01  3.022039e-02 
 2.828927e+01  3.022034e-02 
 2.828959e+01  3.022029e-02 
 2.828991e+01  3.022024e-02 
 2.829023e+01  3.022019e-02 
 2.829056e+01  3.022014e-02 
 2.829088e+01  3.022009e-02 
 2.829120e+01  3.022004e-02 
 2.829152e+01  3.021999e-02 
 2.829184e+01  3.021994e-02 
 2.829216e+01  3.021989e-02 
 2.829249e+01  3.021984e-02 
 2.829281e+01  3.021979e-02 
 2.829313e+01  3.021974e-02 
 2.829345e+01  3.021969e-02 
 2.829377e+01  3.021964e-02 
 2.829409e+01  3.021959e-02 
 2.829442e+01  3.021954e-02 
 2.829474e+01  3.021949e-02 
 2.829506e+01  3.021944e-02 
 2.829538e+01  3.021939e-02 
 2.829570e+01  3.021934e-02 
 2.829602e+01  3.021929e-02 
 2.829634e+01  3.021924e-02 
 2.829667e+01  3.021918e-02 
 2.829699e+01  3.021913e-02 
 2.829731e+01  3.021908e-02 
 2.829763e+01  3.021903e-02 
 2.829795e+01  3.021898e-02 
 2.829827e+01  3.021893e-02 
 2.829860e+01  3.021888e-02 
 2.829892e+01  3.021883e-02 
 2.829924e+01  3.021878e-02 
 2.829956e+01  3.021873e-02 
 2.829988e+01  3.021868e-02 
 2.830020e+01  3.021863e-02 
 2.830052e+01  3.021858e-02 
 2.830085e+01  3.021853e-02 
 2.830117e+01  3.021848e-02 
 2.830149e+01  3.021843e-02 
 2.830181e+01  3.021838e-02 
 2.830213e+01  3.021833e-02 
 2.830245e+01  3.021828e-02 
 2.830278e+01  3.021823e-02 
 2.830310e+01  3.021818e-02 
 2.830342e+01  3.021813e-02 
 2.830374e+01  3.021808e-02 
 2.830406e+01  3.021803e-02 
 2.830438e+01  3.021798e-02 
 2.830470e+01  3.021793e-02 
 2.830503e+01  3.021788e-02 
 2.830535e+01  3.021783e-02 
 2.830567e+01  3.021778e-02 
 2.830599e+01  3.021773e-02 
 2.830631e+01  3.021768e-02 
 2.830663e+01  3.021763e-02 
 2.830696e+01  3.021758e-02 
 2.830728e+01  3.021753e-02 
 2.830760e+01  3.021747e-02 
 2.830792e+01  3.021742e-02 
 2.830824e+01  3.021737e-02 
 2.830856e+01  3.021732e-02 
 2.830889e+01  3.021727e-02 
 2.830921e+01  3.021722e-02 
 2.830953e+01  3.021717e-02 
 2.830985e+01  3.021712e-02 
 2.831017e+01  3.021707e-02 
 2.831049e+01  3.021702e-02 
 2.831081e+01  3.021697e-02 
 2.831114e+01  3.021692e-02 
 2.831146e+01  3.021687e-02 
 2.831178e+01  3.021682e-02 
 2.831210e+01  3.021677e-02 
 2.831242e+01  3.021672e-02 
 2.831274e+01  3.021667e-02 
 2.831307e+01  3.021662e-02 
 2.831339e+01  3.021657e-02 
 2.831371e+01  3.021652e-02 
 2.831403e+01  3.021647e-02 
 2.831435e+01  3.021642e-02 
 2.831467e+01  3.021637e-02 
 2.831499e+01  3.021632e-02 
 2.831532e+01  3.021627e-02 
 2.831564e+01  3.021622e-02 
 2.831596e+01  3.021617e-02 
 2.831628e+01  3.021612e-02 
 2.831660e+01  3.021607e-02 
 2.831692e+01  3.021603e-02 
 2.831725e+01  3.021598e-02 
 2.831757e+01  3.021593e-02 
 2.831789e+01  3.021588e-02 
 2.831821e+01  3.021583e-02 
 2.831853e+01  3.021578e-02 
 2.831885e+01  3.021573e-02 
 2.831917e+01  3.021568e-02 
 2.831950e+01  3.021563e-02 
 2.831982e+01  3.021558e-02 
 2.832014e+01  3.021553e-02 
 2.832046e+01  3.021548e-02 
 2.832078e+01  3.021543e-02 
 2.832110e+01  3.021538e-02 
 2.832143e+01  3.021533e-02 
 2.832175e+01  3.021528e-02 
 2.832207e+01  3.021523e-02 
 2.832239e+01  3.021518e-02 
 2.832271e+01  3.021513e-02 
 2.832303e+01  3.021508e-02 
 2.832336e+01  3.021503e-02 
 2.832368e+01  3.021498e-02 
 2.832400e+01  3.021494e-02 
 2.832432e+01  3.021489e-02 
 2.832464e+01  3.021484e-02 
 2.832496e+01  3.021479e-02 
 2.832528e+01  3.021474e-02 
 2.832561e+01  3.021469e-02 
 2.832593e+01  3.021464e-02 
 2.832625e+01  3.021459e-02 
 2.832657e+01  3.021454e-02 
 2.832689e+01  3.021450e-02 
 2.832721e+01  3.021445e-02 
 2.832754e+01  3.021440e-02 
 2.832786e+01  3.021435e-02 
 2.832818e+01  3.021430e-02 
 2.832850e+01  3.021425e-02 
 2.832882e+01  3.021420e-02 
 2.832914e+01  3.021416e-02 
 2.832946e+01  3.021411e-02 
 2.832979e+01  3.021406e-02 
 2.833011e+01  3.021401e-02 
 2.833043e+01  3.021396e-02 
 2.833075e+01  3.021391e-02 
 2.833107e+01  3.021387e-02 
 2.833139e+01  3.021382e-02 
 2.833172e+01  3.021377e-02 
 2.833204e+01  3.021372e-02 
 2.833236e+01  3.021368e-02 
 2.833268e+01  3.021363e-02 
 2.833300e+01  3.021358e-02 
 2.833332e+01  3.021353e-02 
 2.833365e+01  3.021349e-02 
 2.833397e+01  3.021344e-02 
 2.833429e+01  3.021339e-02 
 2.833461e+01  3.021334e-02 
 2.833493e+01  3.021330e-02 
 2.833525e+01  3.021325e-02 
 2.833557e+01  3.021320e-02 
 2.833590e+01  3.021315e-02 
 2.833622e+01  3.021311e-02 
 2.833654e+01  3.021306e-02 
 2.833686e+01  3.021301e-02 
 2.833718e+01  3.021297e-02 
 2.833750e+01  3.021292e-02 
 2.833783e+01  3.021287e-02 
 2.833815e+01  3.021283e-02 
 2.833847e+01  3.021278e-02 
 2.833879e+01  3.021274e-02 
 2.833911e+01  3.021269e-02 
 2.833943e+01  3.021264e-02 
 2.833975e+01  3.021260e-02 
 2.834008e+01  3.021255e-02 
 2.834040e+01  3.021250e-02 
 2.834072e+01  3.021246e-02 
 2.834104e+01  3.021241e-02 
 2.834136e+01  3.021237e-02 
 2.834168e+01  3.021232e-02 
 2.834201e+01  3.021228e-02 
 2.834233e+01  3.021223e-02 
 2.834265e+01  3.021219e-02 
 2.834297e+01  3.021214e-02 
 2.834329e+01  3.021209e-02 
 2.834361e+01  3.021205e-02 
 2.834393e+01  3.021200e-02 
 2.834426e+01  3.021196e-02 
 2.834458e+01  3.021191e-02 
 2.834490e+01  3.021187e-02 
 2.834522e+01  3.021183e-02 
 2.834554e+01  3.021178e-02 
 2.834586e+01  3.021174e-02 
 2.834619e+01  3.021169e-02 
 2.834651e+01  3.021165e-02 
 2.834683e+01  3.021160e-02 
 2.834715e+01  3.021156e-02 
 2.834747e+01  3.021151e-02 
 2.834779e+01  3.021147e-02 
 2.834812e+01  3.021143e-02 
 2.834844e+01  3.021138e-02 
 2.834876e+01  3.021134e-02 
 2.834908e+01  3.021130e-02 
 2.834940e+01  3.021125e-02 
 2.834972e+01  3.021121e-02 
 2.835004e+01  3.021116e-02 
 2.835037e+01  3.021112e-02 
 2.835069e+01  3.021108e-02 
 2.835101e+01  3.021104e-02 
 2.835133e+01  3.021099e-02 
 2.835165e+01  3.021095e-02 
 2.835197e+01  3.021091e-02 
 2.835230e+01  3.021086e-02 
 2.835262e+01  3.021082e-02 
 2.835294e+01  3.021078e-02 
 2.835326e+01  3.021074e-02 
 2.835358e+01  3.021069e-02 
 2.835390e+01  3.021065e-02 
 2.835422e+01  3.021061e-02 
 2.835455e+01  3.021057e-02 
 2.835487e+01  3.021053e-02 
 2.835519e+01  3.021048e-02 
 2.835551e+01  3.021044e-02 
 2.835583e+01  3.021040e-02 
 2.835615e+01  3.021036e-02 
 2.835648e+01  3.021032e-02 
 2.835680e+01  3.021028e-02 
 2.835712e+01  3.021024e-02 
 2.835744e+01  3.021019e-02 
 2.835776e+01  3.021015e-02 
 2.835808e+01  3.021011e-02 
 2.835840e+01  3.021007e-02 
 2.835873e+01  3.021003e-02 
 2.835905e+01  3.020999e-02 
 2.835937e+01  3.020995e-02 
 2.835969e+01  3.020991e-02 
 2.836001e+01  3.020987e-02 
 2.836033e+01  3.020983e-02 
 2.836066e+01  3.020979e-02 
 2.836098e+01  3.020975e-02 
 2.836130e+01  3.020971e-02 
 2.836162e+01  3.020967e-02 
 2.836194e+01  3.020963e-02 
 2.836226e+01  3.020959e-02 
 2.836259e+01  3.020955e-02 
 2.836291e+01  3.020951e-02 
 2.836323e+01  3.020947e-02 
 2.836355e+01  3.020944e-02 
 2.836387e+01  3.020940e-02 
 2.836419e+01  3.020936e-02 
 2.836451e+01  3.020932e-02 
 2.836484e+01  3.020928e-02 
 2.836516e+01  3.020924e-02 
 2.836548e+01  3.020920e-02 
 2.836580e+01  3.020916e-02 
 2.836612e+01  3.020913e-02 
 2.836644e+01  3.020909e-02 
 2.836677e+01  3.020905e-02 
 2.836709e+01  3.020901e-02 
 2.836741e+01  3.020897e-02 
 2.836773e+01  3.020894e-02 
 2.836805e+01  3.020890e-02 
 2.836837e+01  3.020886e-02 
 2.836869e+01  3.020882e-02 
 2.836902e+01  3.020879e-02 
 2.836934e+01  3.020875e-02 
 2.836966e+01  3.020871e-02 
 2.836998e+01  3.020867e-02 
 2.837030e+01  3.020864e-02 
 2.837062e+01  3.020860e-02 
 2.837095e+01  3.020856e-02 
 2.837127e+01  3.020853e-02 
 2.837159e+01  3.020849e-02 
 2.837191e+01  3.020845e-02 
 2.837223e+01  3.020841e-02 
 2.837255e+01  3.020838e-02 
 2.837287e+01  3.020834e-02 
 2.837320e+01  3.020830e-02 
 2.837352e+01  3.020827e-02 
 2.837384e+01  3.020823e-02 
 2.837416e+01  3.020819e-02 
 2.837448e+01  3.020816e-02 
 2.837480e+01  3.020812e-02 
 2.837513e+01  3.020808e-02 
 2.837545e+01  3.020805e-02 
 2.837577e+01  3.020801e-02 
 2.837609e+01  3.020797e-02 
 2.837641e+01  3.020794e-02 
 2.837673e+01  3.020790e-02 
 2.837706e+01  3.020786e-02 
 2.837738e+01  3.020783e-02 
 2.837770e+01  3.020779e-02 
 2.837802e+01  3.020775e-02 
 2.837834e+01  3.020772e-02 
 2.837866e+01  3.020768e-02 
 2.837898e+01  3.020764e-02 
 2.837931e+01  3.020761e-02 
 2.837963e+01  3.020757e-02 
 2.837995e+01  3.020753e-02 
 2.838027e+01  3.020750e-02 
 2.838059e+01  3.020746e-02 
 2.838091e+01  3.020743e-02 
 2.838124e+01  3.020739e-02 
 2.838156e+01  3.020735e-02 
 2.838188e+01  3.020732e-02 
 2.838220e+01  3.020728e-02 
 2.838252e+01  3.020724e-02 
 2.838284e+01  3.020721e-02 
 2.838316e+01  3.020717e-02 
 2.838349e+01  3.020713e-02 
 2.838381e+01  3.020709e-02 
 2.838413e+01  3.020706e-02 
 2.838445e+01  3.020702e-02 
 2.838477e+01  3.020698e-02 
 2.838509e+01  3.020695e-02 
 2.838542e+01  3.020691e-02 
 2.838574e+01  3.020687e-02 
 2.838606e+01  3.020684e-02 
 2.838638e+01  3.020680e-02 
 2.838670e+01  3.020676e-02 
 2.838702e+01  3.020673e-02 
 2.838734e+01  3.020669e-02 
 2.838767e+01  3.020665e-02 
 2.838799e+01  3.020661e-02 
 2.838831e+01  3.020658e-02 
 2.838863e+01  3.020654e-02 
 2.838895e+01  3.020650e-02 
 2.838927e+01  3.020647e-02 
 2.838960e+01  3.020643e-02 
 2.838992e+01  3.020639e-02 
 2.839024e+01  3.020636e-02 
 2.839056e+01  3.020632e-02 
 2.839088e+01  3.020628e-02 
 2.839120e+01  3.020624e-02 
 2.839153e+01  3.020621e-02 
 2.839185e+01  3.020617e-02 
 2.839217e+01  3.020613e-02 
 2.839249e+01  3.020610e-02 
 2.839281e+01  3.020606e-02 
 2.839313e+01  3.020602e-02 
 2.839345e+01  3.020599e-02 
 2.839378e+01  3.020595e-02 
 2.839410e+01  3.020591e-02 
 2.839442e+01  3.020588e-02 
 2.839474e+01  3.020584e-02 
 2.839506e+01  3.020580e-02 
 2.839538e+01  3.020577e-02 
 2.839571e+01  3.020573e-02 
 2.839603e+01  3.020569e-02 
 2.839635e+01  3.020566e-02 
 2.839667e+01  3.020562e-02 
 2.839699e+01  3.020558e-02 
 2.839731e+01  3.020555e-02 
 2.839763e+01  3.020551e-02 
 2.839796e+01  3.020547e-02 
 2.839828e+01  3.020544e-02 
 2.839860e+01  3.020540e-02 
 2.839892e+01  3.020537e-02 
 2.839924e+01  3.020533e-02 
 2.839956e+01  3.020529e-02 
 2.839989e+01  3.020526e-02 
 2.840021e+01  3.020522e-02 
 2.840053e+01  3.020519e-02 
 2.840085e+01  3.020515e-02 
 2.840117e+01  3.020512e-02 
 2.840149e+01  3.020508e-02 
 2.840181e+01  3.020505e-02 
 2.840214e+01  3.020501e-02 
 2.840246e+01  3.020498e-02 
 2.840278e+01  3.020494e-02 
 2.840310e+01  3.020491e-02 
 2.840342e+01  3.020487e-02 
 2.840374e+01  3.020484e-02 
 2.840407e+01  3.020480e-02 
 2.840439e+01  3.020477e-02 
 2.840471e+01  3.020473e-02 
 2.840503e+01  3.020470e-02 
 2.840535e+01  3.020466e-02 
 2.840567e+01  3.020463e-02 
 2.840600e+01  3.020460e-02 
 2.840632e+01  3.020456e-02 
 2.840664e+01  3.020453e-02 
 2.840696e+01  3.020450e-02 
 2.840728e+01  3.020446e-02 
 2.840760e+01  3.020443e-02 
 2.840792e+01  3.020440e-02 
 2.840825e+01  3.020436e-02 
 2.840857e+01  3.020433e-02 
 2.840889e+01  3.020430e-02 
 2.840921e+01  3.020426e-02 
 2.840953e+01  3.020423e-02 
 2.840985e+01  3.020420e-02 
 2.841018e+01  3.020416e-02 
 2.841050e+01  3.020413e-02 
 2.841082e+01  3.020410e-02 
 2.841114e+01  3.020407e-02 
 2.841146e+01  3.020403e-02 
 2.841178e+01  3.020400e-02 
 2.841210e+01  3.020397e-02 
 2.841243e+01  3.020394e-02 
 2.841275e+01  3.020391e-02 
 2.841307e+01  3.020387e-02 
 2.841339e+01  3.020384e-02 
 2.841371e+01  3.020381e-02 
 2.841403e+01  3.020378e-02 
 2.841436e+01  3.020375e-02 
 2.841468e+01  3.020372e-02 
 2.841500e+01  3.020369e-02 
 2.841532e+01  3.020365e-02 
 2.841564e+01  3.020362e-02 
 2.841596e+01  3.020359e-02 
 2.841628e+01  3.020356e-02 
 2.841661e+01  3.020353e-02 
 2.841693e+01  3.020350e-02 
 2.841725e+01  3.020347e-02 
 2.841757e+01  3.020344e-02 
 2.841789e+01  3.020341e-02 
 2.841821e+01  3.020338e-02 
 2.841854e+01  3.020335e-02 
 2.841886e+01  3.020331e-02 
 2.841918e+01  3.020328e-02 
 2.841950e+01  3.020325e-02 
 2.841982e+01  3.020322e-02 
 2.842014e+01  3.020319e-02 
 2.842047e+01  3.020316e-02 
 2.842079e+01  3.020313e-02 
 2.842111e+01  3.020310e-02 
 2.842143e+01  3.020307e-02 
 2.842175e+01  3.020304e-02 
 2.842207e+01  3.020301e-02 
 2.842239e+01  3.020298e-02 
 2.842272e+01  3.020295e-02 
 2.842304e+01  3.020293e-02 
 2.842336e+01  3.020290e-02 
 2.842368e+01  3.020287e-02 
 2.842400e+01  3.020284e-02 
 2.842432e+01  3.020281e-02 
 2.842465e+01  3.020278e-02 
 2.842497e+01  3.020275e-02 
 2.842529e+01  3.020272e-02 
 2.842561e+01  3.020269e-02 
 2.842593e+01  3.020266e-02 
 2.842625e+01  3.020263e-02 
 2.842657e+01  3.020261e-02 
 2.842690e+01  3.020258e-02 
 2.842722e+01  3.020255e-02 
 2.842754e+01  3.020252e-02 
 2.842786e+01  3.020249e-02 
 2.842818e+01  3.020246e-02 
 2.842850e+01  3.020244e-02 
 2.842883e+01  3.020241e-02 
 2.842915e+01  3.020238e-02 
 2.842947e+01  3.020235e-02 
 2.842979e+01  3.020232e-02 
 2.843011e+01  3.020230e-02 
 2.843043e+01  3.020227e-02 
 2.843075e+01  3.020224e-02 
 2.843108e+01  3.020221e-02 
 2.843140e+01  3.020219e-02 
 2.843172e+01  3.020216e-02 
 2.843204e+01  3.020213e-02 
 2.843236e+01  3.020210e-02 
 2.843268e+01  3.020208e-02 
 2.843301e+01  3.020205e-02 
 2.843333e+01  3.020202e-02 
 2.843365e+01  3.020200e-02 
 2.843397e+01  3.020197e-02 
 2.843429e+01  3.020194e-02 
 2.843461e+01  3.020191e-02 
 2.843494e+01  3.020189e-02 
 2.843526e+01  3.020186e-02 
 2.843558e+01  3.020184e-02 
 2.843590e+01  3.020181e-02 
 2.843622e+01  3.020178e-02 
 2.843654e+01  3.020176e-02 
 2.843686e+01  3.020173e-02 
 2.843719e+01  3.020170e-02 
 2.843751e+01  3.020168e-02 
 2.843783e+01  3.020165e-02 
 2.843815e+01  3.020163e-02 
 2.843847e+01  3.020160e-02 
 2.843879e+01  3.020158e-02 
 2.843912e+01  3.020155e-02 
 2.843944e+01  3.020152e-02 
 2.843976e+01  3.020150e-02 
 2.844008e+01  3.020147e-02 
 2.844040e+01  3.020145e-02 
 2.844072e+01  3.020142e-02 
 2.844104e+01  3.020140e-02 
 2.844137e+01  3.020137e-02 
 2.844169e+01  3.020135e-02 
 2.844201e+01  3.020132e-02 
 2.844233e+01  3.020130e-02 
 2.844265e+01  3.020127e-02 
 2.844297e+01  3.020125e-02 
 2.844330e+01  3.020122e-02 
 2.844362e+01  3.020120e-02 
 2.844394e+01  3.020117e-02 
 2.844426e+01  3.020115e-02 
 2.844458e+01  3.020113e-02 
 2.844490e+01  3.020110e-02 
 2.844522e+01  3.020108e-02 
 2.844555e+01  3.020105e-02 
 2.844587e+01  3.020103e-02 
 2.844619e+01  3.020100e-02 
 2.844651e+01  3.020098e-02 
 2.844683e+01  3.020096e-02 
 2.844715e+01  3.020093e-02 
 2.844748e+01  3.020091e-02 
 2.844780e+01  3.020088e-02 
 2.844812e+01  3.020086e-02 
 2.844844e+01  3.020084e-02 
 2.844876e+01  3.020081e-02 
 2.844908e+01  3.020079e-02 
 2.844941e+01  3.020077e-02 
 2.844973e+01  3.020074e-02 
 2.845005e+01  3.020072e-02 
 2.845037e+01  3.020070e-02 
 2.845069e+01  3.020067e-02 
 2.845101e+01  3.020065e-02 
 2.845133e+01  3.020063e-02 
 2.845166e+01  3.020060e-02 
 2.845198e+01  3.020058e-02 
 2.845230e+01  3.020056e-02 
 2.845262e+01  3.020053e-02 
 2.845294e+01  3.020051e-02 
 2.845326e+01  3.020049e-02 
 2.845359e+01  3.020047e-02 
 2.845391e+01  3.020044e-02 
 2.845423e+01  3.020042e-02 
 2.845455e+01  3.020040e-02 
 2.845487e+01  3.020038e-02 
 2.845519e+01  3.020035e-02 
 2.845551e+01  3.020033e-02 
 2.845584e+01  3.020031e-02 
 2.845616e+01  3.020029e-02 
 2.845648e+01  3.020026e-02 
 2.845680e+01  3.020024e-02 
 2.845712e+01  3.020022e-02 
 2.845744e+01  3.020020e-02 
 2.845777e+01  3.020018e-02 
 2.845809e+01  3.020016e-02 
 2.845841e+01  3.020013e-02 
 2.845873e+01  3.020011e-02 
 2.845905e+01  3.020009e-02 
 2.845937e+01  3.020007e-02 
 2.845969e+01  3.020005e-02 
 2.846002e+01  3.020003e-02 
 2.846034e+01  3.020001e-02 
 2.846066e+01  3.019998e-02 
 2.846098e+01  3.019996e-02 
 2.846130e+01  3.019994e-02 
 2.846162e+01  3.019992e-02 
 2.846195e+01  3.019990e-02 
 2.846227e+01  3.019988e-02 
 2.846259e+01  3.019986e-02 
 2.846291e+01  3.019984e-02 
 2.846323e+01  3.019982e-02 
 2.846355e+01  3.019980e-02 
 2.846388e+01  3.019978e-02 
 2.846420e+01  3.019976e-02 
 2.846452e+01  3.019974e-02 
 2.846484e+01  3.019972e-02 
 2.846516e+01  3.019970e-02 
 2.846548e+01  3.019968e-02 
 2.846580e+01  3.019966e-02 
 2.846613e+01  3.019964e-02 
 2.846645e+01  3.019962e-02 
 2.846677e+01  3.019960e-02 
 2.846709e+01  3.019958e-02 
 2.846741e+01  3.019956e-02 
 2.846773e+01  3.019954e-02 
 2.846806e+01  3.019952e-02 
 2.846838e+01  3.019951e-02 
 2.846870e+01  3.019949e-02 
 2.846902e+01  3.019947e-02 
 2.846934e+01  3.019945e-02 
 2.846966e+01  3.019943e-02 
 2.846998e+01  3.019941e-02 
 2.847031e+01  3.019939e-02 
 2.847063e+01  3.019937e-02 
 2.847095e+01  3.019936e-02 
 2.847127e+01  3.019934e-02 
 2.847159e+01  3.019932e-02 
 2.847191e+01  3.019930e-02 
 2.847224e+01  3.019928e-02 
 2.847256e+01  3.019927e-02 
 2.847288e+01  3.019925e-02 
 2.847320e+01  3.019923e-02 
 2.847352e+01  3.019921e-02 
 2.847384e+01  3.019920e-02 
 2.847416e+01  3.019918e-02 
 2.847449e+01  3.019916e-02 
 2.847481e+01  3.019914e-02 
 2.847513e+01  3.019913e-02 
 2.847545e+01  3.019911e-02 
 2.847577e+01  3.019909e-02 
 2.847609e+01  3.019907e-02 
 2.847642e+01  3.019906e-02 
 2.847674e+01  3.019904e-02 
 2.847706e+01  3.019902e-02 
 2.847738e+01  3.019901e-02 
 2.847770e+01  3.019899e-02 
 2.847802e+01  3.019897e-02 
 2.847835e+01  3.019896e-02 
 2.847867e+01  3.019894e-02 
 2.847899e+01  3.019892e-02 
 2.847931e+01  3.019891e-02 
 2.847963e+01  3.019889e-02 
 2.847995e+01  3.019888e-02 
 2.848027e+01  3.019886e-02 
 2.848060e+01  3.019884e-02 
 2.848092e+01  3.019883e-02 
 2.848124e+01  3.019881e-02 
 2.848156e+01  3.019880e-02 
 2.848188e+01  3.019878e-02 
 2.848220e+01  3.019877e-02 
 2.848253e+01  3.019875e-02 
 2.848285e+01  3.019873e-02 
 2.848317e+01  3.019872e-02 
 2.848349e+01  3.019870e-02 
 2.848381e+01  3.019869e-02 
 2.848413e+01  3.019867e-02 
 2.848445e+01  3.019866e-02 
 2.848478e+01  3.019864e-02 
 2.848510e+01  3.019863e-02 
 2.848542e+01  3.019862e-02 
 2.848574e+01  3.019860e-02 
 2.848606e+01  3.019859e-02 
 2.848638e+01  3.019857e-02 
 2.848671e+01  3.019856e-02 
 2.848703e+01  3.019854e-02 
 2.848735e+01  3.019853e-02 
 2.848767e+01  3.019852e-02 
 2.848799e+01  3.019850e-02 
 2.848831e+01  3.019849e-02 
 2.848864e+01  3.019847e-02 
 2.848896e+01  3.019846e-02 
 2.848928e+01  3.019845e-02 
 2.848960e+01  3.019843e-02 
 2.848992e+01  3.019842e-02 
 2.849024e+01  3.019841e-02 
 2.849056e+01  3.019839e-02 
 2.849089e+01  3.019838e-02 
 2.849121e+01  3.019837e-02 
 2.849153e+01  3.019835e-02 
 2.849185e+01  3.019834e-02 
 2.849217e+01  3.019833e-02 
 2.849249e+01  3.019831e-02 
 2.849282e+01  3.019830e-02 
 2.849314e+01  3.019829e-02 
 2.849346e+01  3.019827e-02 
 2.849378e+01  3.019826e-02 
 2.849410e+01  3.019825e-02 
 2.849442e+01  3.019824e-02 
 2.849474e+01  3.019822e-02 
 2.849507e+01  3.019821e-02 
 2.849539e+01  3.019820e-02 
 2.849571e+01  3.019819e-02 
 2.849603e+01  3.019817e-02 
 2.849635e+01  3.019816e-02 
 2.849667e+01  3.019815e-02 
 2.849700e+01  3.019814e-02 
 2.849732e+01  3.019813e-02 
 2.849764e+01  3.019811e-02 
 2.849796e+01  3.019810e-02 
 2.849828e+01  3.019809e-02 
 2.849860e+01  3.019808e-02 
 2.849892e+01  3.019806e-02 
 2.849925e+01  3.019805e-02 
 2.849957e+01  3.019804e-02 
 2.849989e+01  3.019803e-02 
 2.850021e+01  3.019802e-02 
 2.850053e+01  3.019801e-02 
 2.850085e+01  3.019799e-02 
 2.850118e+01  3.019798e-02 
 2.850150e+01  3.019797e-02 
 2.850182e+01  3.019796e-02 
 2.850214e+01  3.019795e-02 
 2.850246e+01  3.019794e-02 
 2.850278e+01  3.019792e-02 
 2.850311e+01  3.019791e-02 
 2.850343e+01  3.019790e-02 
 2.850375e+01  3.019789e-02 
 2.850407e+01  3.019788e-02 
 2.850439e+01  3.019787e-02 
 2.850471e+01  3.019785e-02 
 2.850503e+01  3.019784e-02 
 2.850536e+01  3.019783e-02 
 2.850568e+01  3.019782e-02 
 2.850600e+01  3.019781e-02 
 2.850632e+01  3.019780e-02 
 2.850664e+01  3.019779e-02 
 2.850696e+01  3.019778e-02 
 2.850729e+01  3.019776e-02 
 2.850761e+01  3.019775e-02 
 2.850793e+01  3.019774e-02 
 2.850825e+01  3.019773e-02 
 2.850857e+01  3.019772e-02 
 2.850889e+01  3.019771e-02 
 2.850921e+01  3.019770e-02 
 2.850954e+01  3.019769e-02 
 2.850986e+01  3.019768e-02 
 2.851018e+01  3.019766e-02 
 2.851050e+01  3.019765e-02 
 2.851082e+01  3.019764e-02 
 2.851114e+01  3.019763e-02 
 2.851147e+01  3.019762e-02 
 2.851179e+01  3.019761e-02 
 2.851211e+01  3.019760e-02 
 2.851243e+01  3.019759e-02 
 2.851275e+01  3.019758e-02 
 2.851307e+01  3.019757e-02 
 2.851339e+01  3.019756e-02 
 2.851372e+01  3.019755e-02 
 2.851404e+01  3.019754e-02 
 2.851436e+01  3.019753e-02 
 2.851468e+01  3.019752e-02 
 2.851500e+01  3.019750e-02 
 2.851532e+01  3.019749e-02 
 2.851565e+01  3.019748e-02 
 2.851597e+01  3.019747e-02 
 2.851629e+01  3.019746e-02 
 2.851661e+01  3.019745e-02 
 2.851693e+01  3.019744e-02 
 2.851725e+01  3.019743e-02 
 2.851758e+01  3.019742e-02 
 2.851790e+01  3.019741e-02 
 2.851822e+01  3.019740e-02 
 2.851854e+01  3.019739e-02 
 2.851886e+01  3.019738e-02 
 2.851918e+01  3.019737e-02 
 2.851950e+01  3.019736e-02 
 2.851983e+01  3.019735e-02 
 2.852015e+01  3.019734e-02 
 2.852047e+01  3.019734e-02 
 2.852079e+01  3.019733e-02 
 2.852111e+01  3.019732e-02 
 2.852143e+01  3.019731e-02 
 2.852176e+01  3.019730e-02 
 2.852208e+01  3.019729e-02 
 2.852240e+01  3.019728e-02 
 2.852272e+01  3.019727e-02 
 2.852304e+01  3.019726e-02 
 2.852336e+01  3.019725e-02 
 2.852368e+01  3.019724e-02 
 2.852401e+01  3.019724e-02 
 2.852433e+01  3.019723e-02 
 2.852465e+01  3.019722e-02 
 2.852497e+01  3.019721e-02 
 2.852529e+01  3.019720e-02 
 2.852561e+01  3.019719e-02 
 2.852594e+01  3.019718e-02 
 2.852626e+01  3.019718e-02 
 2.852658e+01  3.019717e-02 
 2.852690e+01  3.019716e-02 
 2.852722e+01  3.019715e-02 
 2.852754e+01  3.019714e-02 
 2.852786e+01  3.019714e-02 
 2.852819e+01  3.019713e-02 
 2.852851e+01  3.019712e-02 
 2.852883e+01  3.019711e-02 
 2.852915e+01  3.019711e-02 
 2.852947e+01  3.019710e-02 
 2.852979e+01  3.019709e-02 
 2.853012e+01  3.019708e-02 
 2.853044e+01  3.019708e-02 
 2.853076e+01  3.019707e-02 
 2.853108e+01  3.019706e-02 
 2.853140e+01  3.019705e-02 
 2.853172e+01  3.019705e-02 
 2.853205e+01  3.019704e-02 
 2.853237e+01  3.019703e-02 
 2.853269e+01  3.019703e-02 
 2.853301e+01  3.019702e-02 
 2.853333e+01  3.019701e-02 
 2.853365e+01  3.019701e-02 
 2.853397e+01  3.019700e-02 
 2.853430e+01  3.019699e-02 
 2.853462e+01  3.019699e-02 
 2.853494e+01  3.019698e-02 
 2.853526e+01  3.019698e-02 
 2.853558e+01  3.019697e-02 
 2.853590e+01  3.019696e-02 
 2.853623e+01  3.019696e-02 
 2.853655e+01  3.019695e-02 
 2.853687e+01  3.019695e-02 
 2.853719e+01  3.019694e-02 
 2.853751e+01  3.019693e-02 
 2.853783e+01  3.019693e-02 
 2.853815e+01  3.019692e-02 
 2.853848e+01  3.019692e-02 
 2.853880e+01  3.019691e-02 
 2.853912e+01  3.019691e-02 
 2.853944e+01  3.019690e-02 
 2.853976e+01  3.019690e-02 
 2.854008e+01  3.019689e-02 
 2.854041e+01  3.019688e-02 
 2.854073e+01  3.019688e-02 
 2.854105e+01  3.019687e-02 
 2.854137e+01  3.019687e-02 
 2.854169e+01  3.019686e-02 
 2.854201e+01  3.019686e-02 
 2.854233e+01  3.019685e-02 
 2.854266e+01  3.019685e-02 
 2.854298e+01  3.019684e-02 
 2.854330e+01  3.019684e-02 
 2.854362e+01  3.019683e-02 
 2.854394e+01  3.019683e-02 
 2.854426e+01  3.019682e-02 
 2.854459e+01  3.019682e-02 
 2.854491e+01  3.019682e-02 
 2.854523e+01  3.019681e-02 
 2.854555e+01  3.019681e-02 
 2.854587e+01  3.019680e-02 
 2.854619e+01  3.019680e-02 
 2.854652e+01  3.019679e-02 
 2.854684e+01  3.019679e-02 
 2.854716e+01  3.019678e-02 
 2.854748e+01  3.019678e-02 
 2.854780e+01  3.019677e-02 
 2.854812e+01  3.019677e-02 
 2.854844e+01  3.019677e-02 
 2.854877e+01  3.019676e-02 
 2.854909e+01  3.019676e-02 
 2.854941e+01  3.019675e-02 
 2.854973e+01  3.019675e-02 
 2.855005e+01  3.019674e-02 
 2.855037e+01  3.019674e-02 
 2.855070e+01  3.019674e-02 
 2.855102e+01  3.019673e-02 
 2.855134e+01  3.019673e-02 
 2.855166e+01  3.019672e-02 
 2.855198e+01  3.019672e-02 
 2.855230e+01  3.019672e-02 
 2.855262e+01  3.019671e-02 
 2.855295e+01  3.019671e-02 
 2.855327e+01  3.019670e-02 
 2.855359e+01  3.019670e-02 
 2.855391e+01  3.019670e-02 
 2.855423e+01  3.019669e-02 
 2.855455e+01  3.019669e-02 
 2.855488e+01  3.019668e-02 
 2.855520e+01  3.019668e-02 
 2.855552e+01  3.019668e-02 
 2.855584e+01  3.019667e-02 
 2.855616e+01  3.019667e-02 
 2.855648e+01  3.019666e-02 
 2.855680e+01  3.019666e-02 
 2.855713e+01  3.019666e-02 
 2.855745e+01  3.019665e-02 
 2.855777e+01  3.019665e-02 
 2.855809e+01  3.019664e-02 
 2.855841e+01  3.019664e-02 
 2.855873e+01  3.019664e-02 
 2.855906e+01  3.019663e-02 
 2.855938e+01  3.019663e-02 
 2.855970e+01  3.019662e-02 
 2.856002e+01  3.019662e-02 
 2.856034e+01  3.019662e-02 
 2.856066e+01  3.019661e-02 
 2.856099e+01  3.019661e-02 
 2.856131e+01  3.019660e-02 
 2.856163e+01  3.019660e-02 
 2.856195e+01  3.019660e-02 
 2.856227e+01  3.019659e-02 
 2.856259e+01  3.019659e-02 
 2.856291e+01  3.019658e-02 
 2.856324e+01  3.019658e-02 
 2.856356e+01  3.019657e-02 
 2.856388e+01  3.019657e-02 
 2.856420e+01  3.019657e-02 
 2.856452e+01  3.019656e-02 
 2.856484e+01  3.019656e-02 
 2.856517e+01  3.019655e-02 
 2.856549e+01  3.019655e-02 
 2.856581e+01  3.019654e-02 
 2.856613e+01  3.019654e-02 
 2.856645e+01  3.019653e-02 
 2.856677e+01  3.019653e-02 
 2.856709e+01  3.019652e-02 
 2.856742e+01  3.019652e-02 
 2.856774e+01  3.019651e-02 
 2.856806e+01  3.019651e-02 
 2.856838e+01  3.019650e-02 
 2.856870e+01  3.019650e-02 
 2.856902e+01  3.019649e-02 
 2.856935e+01  3.019649e-02 
 2.856967e+01  3.019648e-02 
 2.856999e+01  3.019648e-02 
 2.857031e+01  3.019647e-02 
 2.857063e+01  3.019647e-02 
 2.857095e+01  3.019646e-02 
 2.857127e+01  3.019646e-02 
 2.857160e+01  3.019645e-02 
 2.857192e+01  3.019644e-02 
 2.857224e+01  3.019644e-02 
 2.857256e+01  3.019643e-02 
 2.857288e+01  3.019643e-02 
 2.857320e+01  3.019642e-02 
 2.857353e+01  3.019641e-02 
 2.857385e+01  3.019641e-02 
 2.857417e+01  3.019640e-02 
 2.857449e+01  3.019640e-02 
 2.857481e+01  3.019639e-02 
 2.857513e+01  3.019638e-02 
 2.857546e+01  3.019638e-02 
 2.857578e+01  3.019637e-02 
 2.857610e+01  3.019636e-02 
 2.857642e+01  3.019636e-02 
 2.857674e+01  3.019635e-02 
 2.857706e+01  3.019634e-02 
 2.857738e+01  3.019634e-02 
 2.857771e+01  3.019633e-02 
 2.857803e+01  3.019632e-02 
 2.857835e+01  3.019632e-02 
 2.857867e+01  3.019631e-02 
 2.857899e+01  3.019630e-02 
 2.857931e+01  3.019629e-02 
 2.857964e+01  3.019629e-02 
 2.857996e+01  3.019628e-02 
 2.858028e+01  3.019627e-02 
 2.858060e+01  3.019627e-02 
 2.858092e+01  3.019626e-02 
 2.858124e+01  3.019625e-02 
 2.858156e+01  3.019624e-02 
 2.858189e+01  3.019624e-02 
 2.858221e+01  3.019623e-02 
 2.858253e+01  3.019622e-02 
 2.858285e+01  3.019621e-02 
 2.858317e+01  3.019620e-02 
 2.858349e+01  3.019620e-02 
 2.858382e+01  3.019619e-02 
 2.858414e+01  3.019618e-02 
 2.858446e+01  3.019617e-02 
 2.858478e+01  3.019616e-02 
 2.858510e+01  3.019616e-02 
 2.858542e+01  3.019615e-02 
 2.858574e+01  3.019614e-02 
 2.858607e+01  3.019613e-02 
 2.858639e+01  3.019612e-02 
 2.858671e+01  3.019612e-02 
 2.858703e+01  3.019611e-02 
 2.858735e+01  3.019610e-02 
 2.858767e+01  3.019609e-02 
 2.858800e+01  3.019608e-02 
 2.858832e+01  3.019607e-02 
 2.858864e+01  3.019607e-02 
 2.858896e+01  3.019606e-02 
 2.858928e+01  3.019605e-02 
 2.858960e+01  3.019604e-02 
 2.858993e+01  3.019603e-02 
 2.859025e+01  3.019602e-02 
 2.859057e+01  3.019601e-02 
 2.859089e+01  3.019601e-02 
 2.859121e+01  3.019600e-02 
 2.859153e+01  3.019599e-02 
 2.859185e+01  3.019598e-02 
 2.859218e+01  3.019597e-02 
 2.859250e+01  3.019596e-02 
 2.859282e+01  3.019595e-02 
 2.859314e+01  3.019595e-02 
 2.859346e+01  3.019594e-02 
 2.859378e+01  3.019593e-02 
 2.859411e+01  3.019592e-02 
 2.859443e+01  3.019591e-02 
 2.859475e+01  3.019590e-02 
 2.859507e+01  3.019589e-02 
 2.859539e+01  3.019588e-02 
 2.859571e+01  3.019587e-02 
 2.859603e+01  3.019587e-02 
 2.859636e+01  3.019586e-02 
 2.859668e+01  3.019585e-02 
 2.859700e+01  3.019584e-02 
 2.859732e+01  3.019583e-02 
 2.859764e+01  3.019582e-02 
 2.859796e+01  3.019581e-02 
 2.859829e+01  3.019580e-02 
 2.859861e+01  3.019579e-02 
 2.859893e+01  3.019578e-02 
 2.859925e+01  3.019577e-02 
 2.859957e+01  3.019577e-02 
 2.859989e+01  3.019576e-02 
 2.860021e+01  3.019575e-02 
 2.860054e+01  3.019574e-02 
 2.860086e+01  3.019573e-02 
 2.860118e+01  3.019572e-02 
 2.860150e+01  3.019571e-02 
 2.860182e+01  3.019570e-02 
 2.860214e+01  3.019569e-02 
 2.860247e+01  3.019568e-02 
 2.860279e+01  3.019567e-02 
 2.860311e+01  3.019566e-02 
 2.860343e+01  3.019565e-02 
 2.860375e+01  3.019564e-02 
 2.860407e+01  3.019563e-02 
 2.860440e+01  3.019562e-02 
 2.860472e+01  3.019561e-02 
 2.860504e+01  3.019560e-02 
 2.860536e+01  3.019559e-02 
 2.860568e+01  3.019558e-02 
 2.860600e+01  3.019557e-02 
 2.860632e+01  3.019556e-02 
 2.860665e+01  3.019555e-02 
 2.860697e+01  3.019554e-02 
 2.860729e+01  3.019553e-02 
 2.860761e+01  3.019552e-02 
 2.860793e+01  3.019551e-02 
 2.860825e+01  3.019550e-02 
 2.860858e+01  3.019549e-02 
 2.860890e+01  3.019548e-02 
 2.860922e+01  3.019547e-02 
 2.860954e+01  3.019546e-02 
 2.860986e+01  3.019545e-02 
 2.861018e+01  3.019544e-02 
 2.861050e+01  3.019543e-02 
 2.861083e+01  3.019542e-02 
 2.861115e+01  3.019541e-02 
 2.861147e+01  3.019540e-02 
 2.861179e+01  3.019538e-02 
 2.861211e+01  3.019537e-02 
 2.861243e+01  3.019536e-02 
 2.861276e+01  3.019535e-02 
 2.861308e+01  3.019534e-02 
 2.861340e+01  3.019533e-02 
 2.861372e+01  3.019532e-02 
 2.861404e+01  3.019531e-02 
 2.861436e+01  3.019530e-02 
 2.861468e+01  3.019529e-02 
 2.861501e+01  3.019527e-02 
 2.861533e+01  3.019526e-02 
 2.861565e+01  3.019525e-02 
 2.861597e+01  3.019524e-02 
 2.861629e+01  3.019523e-02 
 2.861661e+01  3.019522e-02 
 2.861694e+01  3.019521e-02 
 2.861726e+01  3.019519e-02 
 2.861758e+01  3.019518e-02 
 2.861790e+01  3.019517e-02 
 2.861822e+01  3.019516e-02 
 2.861854e+01  3.019515e-02 
 2.861887e+01  3.019514e-02 
 2.861919e+01  3.019512e-02 
 2.861951e+01  3.019511e-02 
 2.861983e+01  3.019510e-02 
 2.862015e+01  3.019509e-02 
 2.862047e+01  3.019508e-02 
 2.862079e+01  3.019506e-02 
 2.862112e+01  3.019505e-02 
 2.862144e+01  3.019504e-02 
 2.862176e+01  3.019503e-02 
 2.862208e+01  3.019502e-02 
 2.862240e+01  3.019500e-02 
 2.862272e+01  3.019499e-02 
 2.862305e+01  3.019498e-02 
 2.862337e+01  3.019497e-02 
 2.862369e+01  3.019495e-02 
 2.862401e+01  3.019494e-02 
 2.862433e+01  3.019493e-02 
 2.862465e+01  3.019492e-02 
 2.862497e+01  3.019491e-02 
 2.862530e+01  3.019489e-02 
 2.862562e+01  3.019488e-02 
 2.862594e+01  3.019487e-02 
 2.862626e+01  3.019486e-02 
 2.862658e+01  3.019484e-02 
 2.862690e+01  3.019483e-02 
 2.862723e+01  3.019482e-02 
 2.862755e+01  3.019481e-02 
 2.862787e+01  3.019479e-02 
 2.862819e+01  3.019478e-02 
 2.862851e+01  3.019477e-02 
 2.862883e+01  3.019476e-02 
 2.862915e+01  3.019474e-02 
 2.862948e+01  3.019473e-02 
 2.862980e+01  3.019472e-02 
 2.863012e+01  3.019471e-02 
 2.863044e+01  3.019469e-02 
 2.863076e+01  3.019468e-02 
 2.863108e+01  3.019467e-02 
 2.863141e+01  3.019466e-02 
 2.863173e+01  3.019464e-02 
 2.863205e+01  3.019463e-02 
 2.863237e+01  3.019462e-02 
 2.863269e+01  3.019461e-02 
 2.863301e+01  3.019460e-02 
 2.863334e+01  3.019458e-02 
 2.863366e+01  3.019457e-02 
 2.863398e+01  3.019456e-02 
 2.863430e+01  3.019455e-02 
 2.863462e+01  3.019453e-02 
 2.863494e+01  3.019452e-02 
 2.863526e+01  3.019451e-02 
 2.863559e+01  3.019450e-02 
 2.863591e+01  3.019448e-02 
 2.863623e+01  3.019447e-02 
 2.863655e+01  3.019446e-02 
 2.863687e+01  3.019445e-02 
 2.863719e+01  3.019444e-02 
 2.863752e+01  3.019442e-02 
 2.863784e+01  3.019441e-02 
 2.863816e+01  3.019440e-02 
 2.863848e+01  3.019439e-02 
 2.863880e+01  3.019438e-02 
 2.863912e+01  3.019436e-02 
 2.863944e+01  3.019435e-02 
 2.863977e+01  3.019434e-02 
 2.864009e+01  3.019433e-02 
 2.864041e+01  3.019431e-02 
 2.864073e+01  3.019430e-02 
 2.864105e+01  3.019429e-02 
 2.864137e+01  3.019428e-02 
 2.864170e+01  3.019427e-02 
 2.864202e+01  3.019425e-02 
 2.864234e+01  3.019424e-02 
 2.864266e+01  3.019423e-02 
 2.864298e+01  3.019422e-02 
 2.864330e+01  3.019421e-02 
 2.864362e+01  3.019419e-02 
 2.864395e+01  3.019418e-02 
 2.864427e+01  3.019417e-02 
 2.864459e+01  3.019416e-02 
 2.864491e+01  3.019414e-02 
 2.864523e+01  3.019413e-02 
 2.864555e+01  3.019412e-02 
 2.864588e+01  3.019411e-02 
 2.864620e+01  3.019409e-02 
 2.864652e+01  3.019408e-02 
 2.864684e+01  3.019407e-02 
 2.864716e+01  3.019406e-02 
 2.864748e+01  3.019404e-02 
 2.864781e+01  3.019403e-02 
 2.864813e+01  3.019402e-02 
 2.864845e+01  3.019400e-02 
 2.864877e+01  3.019399e-02 
 2.864909e+01  3.019398e-02 
 2.864941e+01  3.019396e-02 
 2.864973e+01  3.019395e-02 
 2.865006e+01  3.019394e-02 
 2.865038e+01  3.019392e-02 
 2.865070e+01  3.019391e-02 
 2.865102e+01  3.019390e-02 
 2.865134e+01  3.019388e-02 
 2.865166e+01  3.019387e-02 
 2.865199e+01  3.019385e-02 
 2.865231e+01  3.019384e-02 
 2.865263e+01  3.019383e-02 
 2.865295e+01  3.019381e-02 
 2.865327e+01  3.019380e-02 
 2.865359e+01  3.019378e-02 
 2.865391e+01  3.019377e-02 
 2.865424e+01  3.019375e-02 
 2.865456e+01  3.019374e-02 
 2.865488e+01  3.019372e-02 
 2.865520e+01  3.019371e-02 
 2.865552e+01  3.019369e-02 
 2.865584e+01  3.019367e-02 
 2.865617e+01  3.019366e-02 
 2.865649e+01  3.019364e-02 
 2.865681e+01  3.019363e-02 
 2.865713e+01  3.019361e-02 
 2.865745e+01  3.019359e-02 
 2.865777e+01  3.019358e-02 
 2.865810e+01  3.019356e-02 
 2.865842e+01  3.019354e-02 
 2.865874e+01  3.019353e-02 
 2.865906e+01  3.019351e-02 
 2.865938e+01  3.019349e-02 
 2.865970e+01  3.019347e-02 
 2.866002e+01  3.019345e-02 
 2.866035e+01  3.019344e-02 
 2.866067e+01  3.019342e-02 
 2.866099e+01  3.019340e-02 
 2.866131e+01  3.019338e-02 
 2.866163e+01  3.019336e-02 
 2.866195e+01  3.019334e-02 
 2.866228e+01  3.019332e-02 
 2.866260e+01  3.019330e-02 
 2.866292e+01  3.019329e-02 
 2.866324e+01  3.019327e-02 
 2.866356e+01  3.019325e-02 
 2.866388e+01  3.019323e-02 
 2.866420e+01  3.019320e-02 
 2.866453e+01  3.019318e-02 
 2.866485e+01  3.019316e-02 
 2.866517e+01  3.019314e-02 
 2.866549e+01  3.019312e-02 
 2.866581e+01  3.019310e-02 
 2.866613e+01  3.019308e-02 
 2.866646e+01  3.019306e-02 
 2.866678e+01  3.019303e-02 
 2.866710e+01  3.019301e-02 
 2.866742e+01  3.019299e-02 
 2.866774e+01  3.019297e-02 
 2.866806e+01  3.019294e-02 
 2.866838e+01  3.019292e-02 
 2.866871e+01  3.019290e-02 
 2.866903e+01  3.019288e-02 
 2.866935e+01  3.019285e-02 
 2.866967e+01  3.019283e-02 
 2.866999e+01  3.019280e-02 
 2.867031e+01  3.019278e-02 
 2.867064e+01  3.019276e-02 
 2.867096e+01  3.019273e-02 
 2.867128e+01  3.019271e-02 
 2.867160e+01  3.019268e-02 
 2.867192e+01  3.019266e-02 
 2.867224e+01  3.019263e-02 
 2.867257e+01  3.019261e-02 
 2.867289e+01  3.019258e-02 
 2.867321e+01  3.019256e-02 
 2.867353e+01  3.019253e-02 
 2.867385e+01  3.019250e-02 
 2.867417e+01  3.019248e-02 
 2.867449e+01  3.019245e-02 
 2.867482e+01  3.019242e-02 
 2.867514e+01  3.019240e-02 
 2.867546e+01  3.019237e-02 
 2.867578e+01  3.019234e-02 
 2.867610e+01  3.019231e-02 
 2.867642e+01  3.019229e-02 
 2.867675e+01  3.019226e-02 
 2.867707e+01  3.019223e-02 
 2.867739e+01  3.019220e-02 
 2.867771e+01  3.019217e-02 
 2.867803e+01  3.019215e-02 
 2.867835e+01  3.019212e-02 
 2.867867e+01  3.019209e-02 
 2.867900e+01  3.019206e-02 
 2.867932e+01  3.019203e-02 
 2.867964e+01  3.019200e-02 
 2.867996e+01  3.019197e-02 
 2.868028e+01  3.019194e-02 
 2.868060e+01  3.019191e-02 
 2.868093e+01  3.019188e-02 
 2.868125e+01  3.019185e-02 
 2.868157e+01  3.019182e-02 
 2.868189e+01  3.019179e-02 
 2.868221e+01  3.019175e-02 
 2.868253e+01  3.019172e-02 
 2.868285e+01  3.019169e-02 
 2.868318e+01  3.019166e-02 
 2.868350e+01  3.019163e-02 
 2.868382e+01  3.019159e-02 
 2.868414e+01  3.019156e-02 
 2.868446e+01  3.019153e-02 
 2.868478e+01  3.019149e-02 
 2.868511e+01  3.019146e-02 
 2.868543e+01  3.019143e-02 
 2.868575e+01  3.019139e-02 
 2.868607e+01  3.019136e-02 
 2.868639e+01  3.019133e-02 
 2.868671e+01  3.019129e-02 
 2.868704e+01  3.019126e-02 
 2.868736e+01  3.019122e-02 
 2.868768e+01  3.019119e-02 
 2.868800e+01  3.019115e-02 
 2.868832e+01  3.019111e-02 
 2.868864e+01  3.019108e-02 
 2.868896e+01  3.019104e-02 
 2.868929e+01  3.019101e-02 
 2.868961e+01  3.019097e-02 
 2.868993e+01  3.019093e-02 
 2.869025e+01  3.019090e-02 
 2.869057e+01  3.019086e-02 
 2.869089e+01  3.019082e-02 
 2.869122e+01  3.019078e-02 
 2.869154e+01  3.019074e-02 
 2.869186e+01  3.019071e-02 
 2.869218e+01  3.019067e-02 
 2.869250e+01  3.019063e-02 
 2.869282e+01  3.019059e-02 
 2.869314e+01  3.019055e-02 
 2.869347e+01  3.019051e-02 
 2.869379e+01  3.019047e-02 
 2.869411e+01  3.019043e-02 
 2.869443e+01  3.019039e-02 
 2.869475e+01  3.019035e-02 
 2.869507e+01  3.019031e-02 
 2.869540e+01  3.019027e-02 
 2.869572e+01  3.019023e-02 
 2.869604e+01  3.019019e-02 
 2.869636e+01  3.019015e-02 
 2.869668e+01  3.019010e-02 
 2.869700e+01  3.019006e-02 
 2.869732e+01  3.019002e-02 
 2.869765e+01  3.018998e-02 
 2.869797e+01  3.018993e-02 
 2.869829e+01  3.018989e-02 
 2.869861e+01  3.018985e-02 
 2.869893e+01  3.018981e-02 
 2.869925e+01  3.018976e-02 
 2.869958e+01  3.018972e-02 
 2.869990e+01  3.018968e-02 
 2.870022e+01  3.018963e-02 
 2.870054e+01  3.018959e-02 
 2.870086e+01  3.018954e-02 
 2.870118e+01  3.018950e-02 
 2.870151e+01  3.018945e-02 
 2.870183e+01  3.018941e-02 
 2.870215e+01  3.018936e-02 
 2.870247e+01  3.018932e-02 
 2.870279e+01  3.018927e-02 
 2.870311e+01  3.018923e-02 
 2.870343e+01  3.018918e-02 
 2.870376e+01  3.018914e-02 
 2.870408e+01  3.018909e-02 
 2.870440e+01  3.018904e-02 
 2.870472e+01  3.018900e-02 
 2.870504e+01  3.018895e-02 
 2.870536e+01  3.018890e-02 
 2.870569e+01  3.018886e-02 
 2.870601e+01  3.018881e-02 
 2.870633e+01  3.018876e-02 
 2.870665e+01  3.018872e-02 
 2.870697e+01  3.018867e-02 
 2.870729e+01  3.018862e-02 
 2.870761e+01  3.018858e-02 
 2.870794e+01  3.018853e-02 
 2.870826e+01  3.018848e-02 
 2.870858e+01  3.018843e-02 
 2.870890e+01  3.018838e-02 
 2.870922e+01  3.018834e-02 
 2.870954e+01  3.018829e-02 
 2.870987e+01  3.018824e-02 
 2.871019e+01  3.018819e-02 
 2.871051e+01  3.018814e-02 
 2.871083e+01  3.018809e-02 
 2.871115e+01  3.018805e-02 
 2.871147e+01  3.018800e-02 
 2.871179e+01  3.018795e-02 
 2.871212e+01  3.018790e-02 
 2.871244e+01  3.018785e-02 
 2.871276e+01  3.018780e-02 
 2.871308e+01  3.018775e-02 
 2.871340e+01  3.018770e-02 
 2.871372e+01  3.018765e-02 
 2.871405e+01  3.018760e-02 
 2.871437e+01  3.018755e-02 
 2.871469e+01  3.018750e-02 
 2.871501e+01  3.018745e-02 
 2.871533e+01  3.018740e-02 
 2.871565e+01  3.018735e-02 
 2.871598e+01  3.018730e-02 
 2.871630e+01  3.018725e-02 
 2.871662e+01  3.018720e-02 
 2.871694e+01  3.018715e-02 
 2.871726e+01  3.018710e-02 
 2.871758e+01  3.018705e-02 
 2.871790e+01  3.018699e-02 
 2.871823e+01  3.018694e-02 
 2.871855e+01  3.018689e-02 
 2.871887e+01  3.018684e-02 
 2.871919e+01  3.018679e-02 
 2.871951e+01  3.018673e-02 
 2.871983e+01  3.018668e-02 
 2.872016e+01  3.018663e-02 
 2.872048e+01  3.018658e-02 
 2.872080e+01  3.018653e-02 
 2.872112e+01  3.018647e-02 
 2.872144e+01  3.018642e-02 
 2.872176e+01  3.018637e-02 
 2.872208e+01  3.018631e-02 
 2.872241e+01  3.018626e-02 
 2.872273e+01  3.018621e-02 
 2.872305e+01  3.018615e-02 
 2.872337e+01  3.018610e-02 
 2.872369e+01  3.018604e-02 
 2.872401e+01  3.018599e-02 
 2.872434e+01  3.018593e-02 
 2.872466e+01  3.018588e-02 
 2.872498e+01  3.018582e-02 
 2.872530e+01  3.018577e-02 
 2.872562e+01  3.018571e-02 
 2.872594e+01  3.018566e-02 
 2.872626e+01  3.018560e-02 
 2.872659e+01  3.018555e-02 
 2.872691e+01  3.018549e-02 
 2.872723e+01  3.018543e-02 
 2.872755e+01  3.018538e-02 
 2.872787e+01  3.018532e-02 
 2.872819e+01  3.018526e-02 
 2.872852e+01  3.018520e-02 
 2.872884e+01  3.018515e-02 
 2.872916e+01  3.018509e-02 
 2.872948e+01  3.018503e-02 
 2.872980e+01  3.018497e-02 
 2.873012e+01  3.018491e-02 
 2.873045e+01  3.018485e-02 
 2.873077e+01  3.018480e-02 
 2.873109e+01  3.018474e-02 
 2.873141e+01  3.018468e-02 
 2.873173e+01  3.018462e-02 
 2.873205e+01  3.018456e-02 
 2.873237e+01  3.018450e-02 
 2.873270e+01  3.018444e-02 
 2.873302e+01  3.018438e-02 
 2.873334e+01  3.018431e-02 
 2.873366e+01  3.018425e-02 
 2.873398e+01  3.018419e-02 
 2.873430e+01  3.018413e-02 
 2.873463e+01  3.018407e-02 
 2.873495e+01  3.018401e-02 
 2.873527e+01  3.018394e-02 
 2.873559e+01  3.018388e-02 
 2.873591e+01  3.018382e-02 
 2.873623e+01  3.018376e-02 
 2.873655e+01  3.018369e-02 
 2.873688e+01  3.018363e-02 
 2.873720e+01  3.018356e-02 
 2.873752e+01  3.018350e-02 
 2.873784e+01  3.018344e-02 
 2.873816e+01  3.018337e-02 
 2.873848e+01  3.018331e-02 
 2.873881e+01  3.018324e-02 
 2.873913e+01  3.018318e-02 
 2.873945e+01  3.018311e-02 
 2.873977e+01  3.018305e-02 
 2.874009e+01  3.018298e-02 
 2.874041e+01  3.018291e-02 
 2.874073e+01  3.018285e-02 
 2.874106e+01  3.018278e-02 
 2.874138e+01  3.018271e-02 
 2.874170e+01  3.018265e-02 
 2.874202e+01  3.018258e-02 
 2.874234e+01  3.018251e-02 
 2.874266e+01  3.018244e-02 
 2.874299e+01  3.018237e-02 
 2.874331e+01  3.018231e-02 
 2.874363e+01  3.018224e-02 
 2.874395e+01  3.018217e-02 
 2.874427e+01  3.018210e-02 
 2.874459e+01  3.018203e-02 
 2.874492e+01  3.018196e-02 
 2.874524e+01  3.018189e-02 
 2.874556e+01  3.018182e-02 
 2.874588e+01  3.018175e-02 
 2.874620e+01  3.018168e-02 
 2.874652e+01  3.018161e-02 
 2.874684e+01  3.018154e-02 
 2.874717e+01  3.018147e-02 
 2.874749e+01  3.018140e-02 
 2.874781e+01  3.018133e-02 
 2.874813e+01  3.018126e-02 
 2.874845e+01  3.018118e-02 
 2.874877e+01  3.018111e-02 
 2.874910e+01  3.018104e-02 
 2.874942e+01  3.018097e-02 
 2.874974e+01  3.018089e-02 
 2.875006e+01  3.018082e-02 
 2.875038e+01  3.018075e-02 
 2.875070e+01  3.018068e-02 
 2.875102e+01  3.018060e-02 
 2.875135e+01  3.018053e-02 
 2.875167e+01  3.018045e-02 
 2.875199e+01  3.018038e-02 
 2.875231e+01  3.018031e-02 
 2.875263e+01  3.018023e-02 
 2.875295e+01  3.018016e-02 
 2.875328e+01  3.018008e-02 
 2.875360e+01  3.018001e-02 
 2.875392e+01  3.017993e-02 
 2.875424e+01  3.017986e-02 
 2.875456e+01  3.017978e-02 
 2.875488e+01  3.017971e-02 
 2.875520e+01  3.017963e-02 
 2.875553e+01  3.017956e-02 
 2.875585e+01  3.017948e-02 
 2.875617e+01  3.017940e-02 
 2.875649e+01  3.017933e-02 
 2.875681e+01  3.017925e-02 
 2.875713e+01  3.017917e-02 
 2.875746e+01  3.017910e-02 
 2.875778e+01  3.017902e-02 
 2.875810e+01  3.017894e-02 
 2.875842e+01  3.017887e-02 
 2.875874e+01  3.017879e-02 
 2.875906e+01  3.017871e-02 
 2.875939e+01  3.017863e-02 
 2.875971e+01  3.017856e-02 
 2.876003e+01  3.017848e-02 
 2.876035e+01  3.017840e-02 
 2.876067e+01  3.017832e-02 
 2.876099e+01  3.017824e-02 
 2.876131e+01  3.017817e-02 
 2.876164e+01  3.017809e-02 
 2.876196e+01  3.017801e-02 
 2.876228e+01  3.017793e-02 
 2.876260e+01  3.017785e-02 
 2.876292e+01  3.017777e-02 
 2.876324e+01  3.017770e-02 
 2.876357e+01  3.017762e-02 
 2.876389e+01  3.017754e-02 
 2.876421e+01  3.017746e-02 
 2.876453e+01  3.017738e-02 
 2.876485e+01  3.017730e-02 
 2.876517e+01  3.017722e-02 
 2.876549e+01  3.017714e-02 
 2.876582e+01  3.017706e-02 
 2.876614e+01  3.017698e-02 
 2.876646e+01  3.017690e-02 
 2.876678e+01  3.017682e-02 
 2.876710e+01  3.017674e-02 
 2.876742e+01  3.017666e-02 
 2.876775e+01  3.017658e-02 
 2.876807e+01  3.017650e-02 
 2.876839e+01  3.017642e-02 
 2.876871e+01  3.017634e-02 
 2.876903e+01  3.017626e-02 
 2.876935e+01  3.017618e-02 
 2.876967e+01  3.017610e-02 
 2.877000e+01  3.017602e-02 
 2.877032e+01  3.017594e-02 
 2.877064e+01  3.017586e-02 
 2.877096e+01  3.017578e-02 
 2.877128e+01  3.017570e-02 
 2.877160e+01  3.017562e-02 
 2.877193e+01  3.017554e-02 
 2.877225e+01  3.017546e-02 
 2.877257e+01  3.017538e-02 
 2.877289e+01  3.017530e-02 
 2.877321e+01  3.017521e-02 
 2.877353e+01  3.017513e-02 
 2.877386e+01  3.017505e-02 
 2.877418e+01  3.017497e-02 
 2.877450e+01  3.017489e-02 
 2.877482e+01  3.017481e-02 
 2.877514e+01  3.017473e-02 
 2.877546e+01  3.017464e-02 
 2.877578e+01  3.017456e-02 
 2.877611e+01  3.017448e-02 
 2.877643e+01  3.017440e-02 
 2.877675e+01  3.017432e-02 
 2.877707e+01  3.017423e-02 
 2.877739e+01  3.017415e-02 
 2.877771e+01  3.017407e-02 
 2.877804e+01  3.017399e-02 
 2.877836e+01  3.017390e-02 
 2.877868e+01  3.017382e-02 
 2.877900e+01  3.017374e-02 
 2.877932e+01  3.017365e-02 
 2.877964e+01  3.017357e-02 
 2.877996e+01  3.017349e-02 
 2.878029e+01  3.017340e-02 
 2.878061e+01  3.017332e-02 
 2.878093e+01  3.017324e-02 
 2.878125e+01  3.017315e-02 
 2.878157e+01  3.017307e-02 
 2.878189e+01  3.017298e-02 
 2.878222e+01  3.017290e-02 
 2.878254e+01  3.017281e-02 
 2.878286e+01  3.017273e-02 
 2.878318e+01  3.017264e-02 
 2.878350e+01  3.017256e-02 
 2.878382e+01  3.017247e-02 
 2.878414e+01  3.017239e-02 
 2.878447e+01  3.017230e-02 
 2.878479e+01  3.017222e-02 
 2.878511e+01  3.017213e-02 
 2.878543e+01  3.017205e-02 
 2.878575e+01  3.017196e-02 
 2.878607e+01  3.017188e-02 
 2.878640e+01  3.017179e-02 
 2.878672e+01  3.017170e-02 
 2.878704e+01  3.017162e-02 
 2.878736e+01  3.017153e-02 
 2.878768e+01  3.017144e-02 
 2.878800e+01  3.017136e-02 
 2.878833e+01  3.017127e-02 
 2.878865e+01  3.017118e-02 
 2.878897e+01  3.017109e-02 
 2.878929e+01  3.017101e-02 
 2.878961e+01  3.017092e-02 
 2.878993e+01  3.017083e-02 
 2.879025e+01  3.017075e-02 
 2.879058e+01  3.017066e-02 
 2.879090e+01  3.017057e-02 
 2.879122e+01  3.017048e-02 
 2.879154e+01  3.017039e-02 
 2.879186e+01  3.017031e-02 
 2.879218e+01  3.017022e-02 
 2.879251e+01  3.017013e-02 
 2.879283e+01  3.017004e-02 
 2.879315e+01  3.016995e-02 
 2.879347e+01  3.016986e-02 
 2.879379e+01  3.016977e-02 
 2.879411e+01  3.016969e-02 
 2.879443e+01  3.016960e-02 
 2.879476e+01  3.016951e-02 
 2.879508e+01  3.016942e-02 
 2.879540e+01  3.016933e-02 
 2.879572e+01  3.016924e-02 
 2.879604e+01  3.016915e-02 
 2.879636e+01  3.016906e-02 
 2.879669e+01  3.016897e-02 
 2.879701e+01  3.016889e-02 
 2.879733e+01  3.016880e-02 
 2.879765e+01  3.016871e-02 
 2.879797e+01  3.016862e-02 
 2.879829e+01  3.016853e-02 
 2.879861e+01  3.016844e-02 
 2.879894e+01  3.016835e-02 
 2.879926e+01  3.016826e-02 
 2.879958e+01  3.016817e-02 
 2.879990e+01  3.016808e-02 
 2.880022e+01  3.016799e-02 
 2.880054e+01  3.016790e-02 
 2.880087e+01  3.016781e-02 
 2.880119e+01  3.016772e-02 
 2.880151e+01  3.016764e-02 
 2.880183e+01  3.016755e-02 
 2.880215e+01  3.016746e-02 
 2.880247e+01  3.016737e-02 
 2.880280e+01  3.016728e-02 
 2.880312e+01  3.016719e-02 
 2.880344e+01  3.016710e-02 
 2.880376e+01  3.016701e-02 
 2.880408e+01  3.016692e-02 
 2.880440e+01  3.016683e-02 
 2.880472e+01  3.016674e-02 
 2.880505e+01  3.016665e-02 
 2.880537e+01  3.016656e-02 
 2.880569e+01  3.016648e-02 
 2.880601e+01  3.016639e-02 
 2.880633e+01  3.016630e-02 
 2.880665e+01  3.016621e-02 
 2.880698e+01  3.016612e-02 
 2.880730e+01  3.016603e-02 
 2.880762e+01  3.016594e-02 
 2.880794e+01  3.016585e-02 
 2.880826e+01  3.016576e-02 
 2.880858e+01  3.016567e-02 
 2.880890e+01  3.016559e-02 
 2.880923e+01  3.016550e-02 
 2.880955e+01  3.016541e-02 
 2.880987e+01  3.016532e-02 
 2.881019e+01  3.016523e-02 
 2.881051e+01  3.016514e-02 
 2.881083e+01  3.016505e-02 
 2.881116e+01  3.016497e-02 
 2.881148e+01  3.016488e-02 
 2.881180e+01  3.016479e-02 
 2.881212e+01  3.016470e-02 
 2.881244e+01  3.016461e-02 
 2.881276e+01  3.016452e-02 
 2.881308e+01  3.016444e-02 
 2.881341e+01  3.016435e-02 
 2.881373e+01  3.016426e-02 
 2.881405e+01  3.016417e-02 
 2.881437e+01  3.016408e-02 
 2.881469e+01  3.016400e-02 
 2.881501e+01  3.016391e-02 
 2.881534e+01  3.016382e-02 
 2.881566e+01  3.016373e-02 
 2.881598e+01  3.016364e-02 
 2.881630e+01  3.016356e-02 
 2.881662e+01  3.016347e-02 
 2.881694e+01  3.016338e-02 
 2.881727e+01  3.016329e-02 
 2.881759e+01  3.016321e-02 
 2.881791e+01  3.016312e-02 
 2.881823e+01  3.016303e-02 
 2.881855e+01  3.016294e-02 
 2.881887e+01  3.016286e-02 
 2.881919e+01  3.016277e-02 
 2.881952e+01  3.016268e-02 
 2.881984e+01  3.016260e-02 
 2.882016e+01  3.016251e-02 
 2.882048e+01  3.016242e-02 
 2.882080e+01  3.016234e-02 
 2.882112e+01  3.016225e-02 
 2.882145e+01  3.016216e-02 
 2.882177e+01  3.016208e-02 
 2.882209e+01  3.016199e-02 
 2.882241e+01  3.016190e-02 
 2.882273e+01  3.016182e-02 
 2.882305e+01  3.016173e-02 
 2.882337e+01  3.016164e-02 
 2.882370e+01  3.016156e-02 
 2.882402e+01  3.016147e-02 
 2.882434e+01  3.016139e-02 
 2.882466e+01  3.016130e-02 
 2.882498e+01  3.016122e-02 
 2.882530e+01  3.016113e-02 
 2.882563e+01  3.016105e-02 
 2.882595e+01  3.016096e-02 
 2.882627e+01  3.016088e-02 
 2.882659e+01  3.016079e-02 
 2.882691e+01  3.016071e-02 
 2.882723e+01  3.016062e-02 
 2.882755e+01  3.016054e-02 
 2.882788e+01  3.016045e-02 
 2.882820e+01  3.016037e-02 
 2.882852e+01  3.016028e-02 
 2.882884e+01  3.016020e-02 
 2.882916e+01  3.016012e-02 
 2.882948e+01  3.016003e-02 
 2.882981e+01  3.015995e-02 
 2.883013e+01  3.015986e-02 
 2.883045e+01  3.015978e-02 
 2.883077e+01  3.015970e-02 
 2.883109e+01  3.015961e-02 
 2.883141e+01  3.015953e-02 
 2.883174e+01  3.015945e-02 
 2.883206e+01  3.015936e-02 
 2.883238e+01  3.015928e-02 
 2.883270e+01  3.015920e-02 
 2.883302e+01  3.015912e-02 
 2.883334e+01  3.015903e-02 
 2.883366e+01  3.015895e-02 
 2.883399e+01  3.015887e-02 
 2.883431e+01  3.015879e-02 
 2.883463e+01  3.015870e-02 
 2.883495e+01  3.015862e-02 
 2.883527e+01  3.015854e-02 
 2.883559e+01  3.015846e-02 
 2.883592e+01  3.015838e-02 
 2.883624e+01  3.015830e-02 
 2.883656e+01  3.015821e-02 
 2.883688e+01  3.015813e-02 
 2.883720e+01  3.015805e-02 
 2.883752e+01  3.015797e-02 
 2.883784e+01  3.015789e-02 
 2.883817e+01  3.015781e-02 
 2.883849e+01  3.015773e-02 
 2.883881e+01  3.015765e-02 
 2.883913e+01  3.015756e-02 
 2.883945e+01  3.015748e-02 
 2.883977e+01  3.015740e-02 
 2.884010e+01  3.015732e-02 
 2.884042e+01  3.015724e-02 
 2.884074e+01  3.015716e-02 
 2.884106e+01  3.015708e-02 
 2.884138e+01  3.015700e-02 
 2.884170e+01  3.015692e-02 
 2.884202e+01  3.015684e-02 
 2.884235e+01  3.015676e-02 
 2.884267e+01  3.015668e-02 
 2.884299e+01  3.015660e-02 
 2.884331e+01  3.015652e-02 
 2.884363e+01  3.015644e-02 
 2.884395e+01  3.015636e-02 
 2.884428e+01  3.015628e-02 
 2.884460e+01  3.015620e-02 
 2.884492e+01  3.015612e-02 
 2.884524e+01  3.015604e-02 
 2.884556e+01  3.015596e-02 
 2.884588e+01  3.015588e-02 
 2.884621e+01  3.015580e-02 
 2.884653e+01  3.015572e-02 
 2.884685e+01  3.015564e-02 
 2.884717e+01  3.015557e-02 
 2.884749e+01  3.015549e-02 
 2.884781e+01  3.015541e-02 
 2.884813e+01  3.015533e-02 
 2.884846e+01  3.015525e-02 
 2.884878e+01  3.015517e-02 
 2.884910e+01  3.015509e-02 
 2.884942e+01  3.015501e-02 
 2.884974e+01  3.015494e-02 
 2.885006e+01  3.015486e-02 
 2.885039e+01  3.015478e-02 
 2.885071e+01  3.015470e-02 
 2.885103e+01  3.015462e-02 
 2.885135e+01  3.015455e-02 
 2.885167e+01  3.015447e-02 
 2.885199e+01  3.015439e-02 
 2.885231e+01  3.015431e-02 
 2.885264e+01  3.015423e-02 
 2.885296e+01  3.015416e-02 
 2.885328e+01  3.015408e-02 
 2.885360e+01  3.015400e-02 
 2.885392e+01  3.015393e-02 
 2.885424e+01  3.015385e-02 
 2.885457e+01  3.015377e-02 
 2.885489e+01  3.015370e-02 
 2.885521e+01  3.015362e-02 
 2.885553e+01  3.015354e-02 
 2.885585e+01  3.015347e-02 
 2.885617e+01  3.015339e-02 
 2.885649e+01  3.015332e-02 
 2.885682e+01  3.015324e-02 
 2.885714e+01  3.015317e-02 
 2.885746e+01  3.015309e-02 
 2.885778e+01  3.015302e-02 
 2.885810e+01  3.015294e-02 
 2.885842e+01  3.015287e-02 
 2.885875e+01  3.015279e-02 
 2.885907e+01  3.015272e-02 
 2.885939e+01  3.015264e-02 
 2.885971e+01  3.015257e-02 
 2.886003e+01  3.015250e-02 
 2.886035e+01  3.015242e-02 
 2.886068e+01  3.015235e-02 
 2.886100e+01  3.015228e-02 
 2.886132e+01  3.015220e-02 
 2.886164e+01  3.015213e-02 
 2.886196e+01  3.015206e-02 
 2.886228e+01  3.015199e-02 
 2.886260e+01  3.015191e-02 
 2.886293e+01  3.015184e-02 
 2.886325e+01  3.015177e-02 
 2.886357e+01  3.015170e-02 
 2.886389e+01  3.015163e-02 
 2.886421e+01  3.015156e-02 
 2.886453e+01  3.015148e-02 
 2.886486e+01  3.015141e-02 
 2.886518e+01  3.015134e-02 
 2.886550e+01  3.015127e-02 
 2.886582e+01  3.015120e-02 
 2.886614e+01  3.015113e-02 
 2.886646e+01  3.015106e-02 
 2.886678e+01  3.015099e-02 
 2.886711e+01  3.015092e-02 
 2.886743e+01  3.015085e-02 
 2.886775e+01  3.015079e-02 
 2.886807e+01  3.015072e-02 
 2.886839e+01  3.015065e-02 
 2.886871e+01  3.015058e-02 
 2.886904e+01  3.015051e-02 
 2.886936e+01  3.015044e-02 
 2.886968e+01  3.015037e-02 
 2.887000e+01  3.015031e-02 
 2.887032e+01  3.015024e-02 
 2.887064e+01  3.015017e-02 
 2.887097e+01  3.015010e-02 
 2.887129e+01  3.015004e-02 
 2.887161e+01  3.014997e-02 
 2.887193e+01  3.014990e-02 
 2.887225e+01  3.014984e-02 
 2.887257e+01  3.014977e-02 
 2.887289e+01  3.014970e-02 
 2.887322e+01  3.014964e-02 
 2.887354e+01  3.014957e-02 
 2.887386e+01  3.014951e-02 
 2.887418e+01  3.014944e-02 
 2.887450e+01  3.014937e-02 
 2.887482e+01  3.014931e-02 
 2.887515e+01  3.014924e-02 
 2.887547e+01  3.014918e-02 
 2.887579e+01  3.014911e-02 
 2.887611e+01  3.014905e-02 
 2.887643e+01  3.014898e-02 
 2.887675e+01  3.014892e-02 
 2.887707e+01  3.014885e-02 
 2.887740e+01  3.014879e-02 
 2.887772e+01  3.014873e-02 
 2.887804e+01  3.014866e-02 
 2.887836e+01  3.014860e-02 
 2.887868e+01  3.014853e-02 
 2.887900e+01  3.014847e-02 
 2.887933e+01  3.014841e-02 
 2.887965e+01  3.014834e-02 
 2.887997e+01  3.014828e-02 
 2.888029e+01  3.014822e-02 
 2.888061e+01  3.014815e-02 
 2.888093e+01  3.014809e-02 
 2.888125e+01  3.014803e-02 
 2.888158e+01  3.014797e-02 
 2.888190e+01  3.014790e-02 
 2.888222e+01  3.014784e-02 
 2.888254e+01  3.014778e-02 
 2.888286e+01  3.014772e-02 
 2.888318e+01  3.014766e-02 
 2.888351e+01  3.014760e-02 
 2.888383e+01  3.014753e-02 
 2.888415e+01  3.014747e-02 
 2.888447e+01  3.014741e-02 
 2.888479e+01  3.014735e-02 
 2.888511e+01  3.014729e-02 
 2.888544e+01  3.014723e-02 
 2.888576e+01  3.014717e-02 
 2.888608e+01  3.014711e-02 
 2.888640e+01  3.014705e-02 
 2.888672e+01  3.014699e-02 
 2.888704e+01  3.014693e-02 
 2.888736e+01  3.014687e-02 
 2.888769e+01  3.014682e-02 
 2.888801e+01  3.014676e-02 
 2.888833e+01  3.014670e-02 
 2.888865e+01  3.014664e-02 
 2.888897e+01  3.014658e-02 
 2.888929e+01  3.014652e-02 
 2.888962e+01  3.014647e-02 
 2.888994e+01  3.014641e-02 
 2.889026e+01  3.014635e-02 
 2.889058e+01  3.014630e-02 
 2.889090e+01  3.014624e-02 
 2.889122e+01  3.014618e-02 
 2.889154e+01  3.014613e-02 
 2.889187e+01  3.014607e-02 
 2.889219e+01  3.014602e-02 
 2.889251e+01  3.014596e-02 
 2.889283e+01  3.014591e-02 
 2.889315e+01  3.014585e-02 
 2.889347e+01  3.014580e-02 
 2.889380e+01  3.014574e-02 
 2.889412e+01  3.014569e-02 
 2.889444e+01  3.014563e-02 
 2.889476e+01  3.014558e-02 
 2.889508e+01  3.014553e-02 
 2.889540e+01  3.014547e-02 
 2.889572e+01  3.014542e-02 
 2.889605e+01  3.014537e-02 
 2.889637e+01  3.014532e-02 
 2.889669e+01  3.014526e-02 
 2.889701e+01  3.014521e-02 
 2.889733e+01  3.014516e-02 
 2.889765e+01  3.014511e-02 
 2.889798e+01  3.014506e-02 
 2.889830e+01  3.014501e-02 
 2.889862e+01  3.014496e-02 
 2.889894e+01  3.014491e-02 
 2.889926e+01  3.014486e-02 
 2.889958e+01  3.014481e-02 
 2.889991e+01  3.014476e-02 
 2.890023e+01  3.014471e-02 
 2.890055e+01  3.014466e-02 
 2.890087e+01  3.014461e-02 
 2.890119e+01  3.014456e-02 
 2.890151e+01  3.014452e-02 
 2.890183e+01  3.014447e-02 
 2.890216e+01  3.014442e-02 
 2.890248e+01  3.014437e-02 
 2.890280e+01  3.014433e-02 
 2.890312e+01  3.014428e-02 
 2.890344e+01  3.014423e-02 
 2.890376e+01  3.014419e-02 
 2.890409e+01  3.014414e-02 
 2.890441e+01  3.014410e-02 
 2.890473e+01  3.014405e-02 
 2.890505e+01  3.014401e-02 
 2.890537e+01  3.014396e-02 
 2.890569e+01  3.014392e-02 
 2.890601e+01  3.014387e-02 
 2.890634e+01  3.014383e-02 
 2.890666e+01  3.014379e-02 
 2.890698e+01  3.014374e-02 
 2.890730e+01  3.014370e-02 
 2.890762e+01  3.014366e-02 
 2.890794e+01  3.014362e-02 
 2.890827e+01  3.014357e-02 
 2.890859e+01  3.014353e-02 
 2.890891e+01  3.014349e-02 
 2.890923e+01  3.014345e-02 
 2.890955e+01  3.014341e-02 
 2.890987e+01  3.014337e-02 
 2.891019e+01  3.014333e-02 
 2.891052e+01  3.014329e-02 
 2.891084e+01  3.014325e-02 
 2.891116e+01  3.014321e-02 
 2.891148e+01  3.014317e-02 
 2.891180e+01  3.014313e-02 
 2.891212e+01  3.014309e-02 
 2.891245e+01  3.014305e-02 
 2.891277e+01  3.014301e-02 
 2.891309e+01  3.014298e-02 
 2.891341e+01  3.014294e-02 
 2.891373e+01  3.014290e-02 
 2.891405e+01  3.014287e-02 
 2.891438e+01  3.014283e-02 
 2.891470e+01  3.014279e-02 
 2.891502e+01  3.014276e-02 
 2.891534e+01  3.014272e-02 
 2.891566e+01  3.014269e-02 
 2.891598e+01  3.014265e-02 
 2.891630e+01  3.014262e-02 
 2.891663e+01  3.014258e-02 
 2.891695e+01  3.014255e-02 
 2.891727e+01  3.014251e-02 
 2.891759e+01  3.014248e-02 
 2.891791e+01  3.014245e-02 
 2.891823e+01  3.014241e-02 
 2.891856e+01  3.014238e-02 
 2.891888e+01  3.014235e-02 
 2.891920e+01  3.014232e-02 
 2.891952e+01  3.014228e-02 
 2.891984e+01  3.014225e-02 
 2.892016e+01  3.014222e-02 
 2.892048e+01  3.014219e-02 
 2.892081e+01  3.014216e-02 
 2.892113e+01  3.014213e-02 
 2.892145e+01  3.014210e-02 
 2.892177e+01  3.014207e-02 
 2.892209e+01  3.014204e-02 
 2.892241e+01  3.014201e-02 
 2.892274e+01  3.014198e-02 
 2.892306e+01  3.014195e-02 
 2.892338e+01  3.014192e-02 
 2.892370e+01  3.014189e-02 
 2.892402e+01  3.014186e-02 
 2.892434e+01  3.014184e-02 
 2.892466e+01  3.014181e-02 
 2.892499e+01  3.014178e-02 
 2.892531e+01  3.014175e-02 
 2.892563e+01  3.014173e-02 
 2.892595e+01  3.014170e-02 
 2.892627e+01  3.014167e-02 
 2.892659e+01  3.014165e-02 
 2.892692e+01  3.014162e-02 
 2.892724e+01  3.014160e-02 
 2.892756e+01  3.014157e-02 
 2.892788e+01  3.014154e-02 
 2.892820e+01  3.014152e-02 
 2.892852e+01  3.014149e-02 
 2.892885e+01  3.014147e-02 
 2.892917e+01  3.014145e-02 
 2.892949e+01  3.014142e-02 
 2.892981e+01  3.014140e-02 
 2.893013e+01  3.014137e-02 
 2.893045e+01  3.014135e-02 
 2.893077e+01  3.014133e-02 
 2.893110e+01  3.014130e-02 
 2.893142e+01  3.014128e-02 
 2.893174e+01  3.014126e-02 
 2.893206e+01  3.014124e-02 
 2.893238e+01  3.014121e-02 
 2.893270e+01  3.014119e-02 
 2.893303e+01  3.014117e-02 
 2.893335e+01  3.014115e-02 
 2.893367e+01  3.014113e-02 
 2.893399e+01  3.014111e-02 
 2.893431e+01  3.014108e-02 
 2.893463e+01  3.014106e-02 
 2.893495e+01  3.014104e-02 
 2.893528e+01  3.014102e-02 
 2.893560e+01  3.014100e-02 
 2.893592e+01  3.014098e-02 
 2.893624e+01  3.014096e-02 
 2.893656e+01  3.014094e-02 
 2.893688e+01  3.014093e-02 
 2.893721e+01  3.014091e-02 
 2.893753e+01  3.014089e-02 
 2.893785e+01  3.014087e-02 
 2.893817e+01  3.014085e-02 
 2.893849e+01  3.014083e-02 
 2.893881e+01  3.014081e-02 
 2.893913e+01  3.014080e-02 
 2.893946e+01  3.014078e-02 
 2.893978e+01  3.014076e-02 
 2.894010e+01  3.014075e-02 
 2.894042e+01  3.014073e-02 
 2.894074e+01  3.014071e-02 
 2.894106e+01  3.014070e-02 
 2.894139e+01  3.014068e-02 
 2.894171e+01  3.014066e-02 
 2.894203e+01  3.014065e-02 
 2.894235e+01  3.014063e-02 
 2.894267e+01  3.014062e-02 
 2.894299e+01  3.014060e-02 
 2.894332e+01  3.014059e-02 
 2.894364e+01  3.014057e-02 
 2.894396e+01  3.014056e-02 
 2.894428e+01  3.014055e-02 
 2.894460e+01  3.014053e-02 
 2.894492e+01  3.014052e-02 
 2.894524e+01  3.014050e-02 
 2.894557e+01  3.014049e-02 
 2.894589e+01  3.014048e-02 
 2.894621e+01  3.014047e-02 
 2.894653e+01  3.014045e-02 
 2.894685e+01  3.014044e-02 
 2.894717e+01  3.014043e-02 
 2.894750e+01  3.014042e-02 
 2.894782e+01  3.014041e-02 
 2.894814e+01  3.014040e-02 
 2.894846e+01  3.014039e-02 
 2.894878e+01  3.014038e-02 
 2.894910e+01  3.014037e-02 
 2.894942e+01  3.014036e-02 
 2.894975e+01  3.014035e-02 
 2.895007e+01  3.014034e-02 
 2.895039e+01  3.014033e-02 
 2.895071e+01  3.014032e-02 
 2.895103e+01  3.014031e-02 
 2.895135e+01  3.014030e-02 
 2.895168e+01  3.014029e-02 
 2.895200e+01  3.014028e-02 
 2.895232e+01  3.014028e-02 
 2.895264e+01  3.014027e-02 
 2.895296e+01  3.014026e-02 
 2.895328e+01  3.014025e-02 
 2.895360e+01  3.014025e-02 
 2.895393e+01  3.014024e-02 
 2.895425e+01  3.014023e-02 
 2.895457e+01  3.014023e-02 
 2.895489e+01  3.014022e-02 
 2.895521e+01  3.014022e-02 
 2.895553e+01  3.014021e-02 
 2.895586e+01  3.014021e-02 
 2.895618e+01  3.014020e-02 
 2.895650e+01  3.014020e-02 
 2.895682e+01  3.014019e-02 
 2.895714e+01  3.014019e-02 
 2.895746e+01  3.014019e-02 
 2.895779e+01  3.014018e-02 
 2.895811e+01  3.014018e-02 
 2.895843e+01  3.014017e-02 
 2.895875e+01  3.014017e-02 
 2.895907e+01  3.014017e-02 
 2.895939e+01  3.014017e-02 
 2.895971e+01  3.014016e-02 
 2.896004e+01  3.014016e-02 
 2.896036e+01  3.014016e-02 
 2.896068e+01  3.014016e-02 
 2.896100e+01  3.014016e-02 
 2.896132e+01  3.014015e-02 
 2.896164e+01  3.014015e-02 
 2.896197e+01  3.014015e-02 
 2.896229e+01  3.014015e-02 
 2.896261e+01  3.014015e-02 
 2.896293e+01  3.014015e-02 
 2.896325e+01  3.014015e-02 
 2.896357e+01  3.014015e-02 
 2.896389e+01  3.014015e-02 
 2.896422e+01  3.014015e-02 
 2.896454e+01  3.014015e-02 
 2.896486e+01  3.014015e-02 
 2.896518e+01  3.014015e-02 
 2.896550e+01  3.014016e-02 
 2.896582e+01  3.014016e-02 
 2.896615e+01  3.014016e-02 
 2.896647e+01  3.014016e-02 
 2.896679e+01  3.014016e-02 
 2.896711e+01  3.014017e-02 
 2.896743e+01  3.014017e-02 
 2.896775e+01  3.014017e-02 
 2.896807e+01  3.014017e-02 
 2.896840e+01  3.014018e-02 
 2.896872e+01  3.014018e-02 
 2.896904e+01  3.014018e-02 
 2.896936e+01  3.014019e-02 
 2.896968e+01  3.014019e-02 
 2.897000e+01  3.014019e-02 
 2.897033e+01  3.014020e-02 
 2.897065e+01  3.014020e-02 
 2.897097e+01  3.014021e-02 
 2.897129e+01  3.014021e-02 
 2.897161e+01  3.014022e-02 
 2.897193e+01  3.014022e-02 
 2.897226e+01  3.014023e-02 
 2.897258e+01  3.014023e-02 
 2.897290e+01  3.014024e-02 
 2.897322e+01  3.014024e-02 
 2.897354e+01  3.014025e-02 
 2.897386e+01  3.014025e-02 
 2.897418e+01  3.014026e-02 
 2.897451e+01  3.014027e-02 
 2.897483e+01  3.014027e-02 
 2.897515e+01  3.014028e-02 
 2.897547e+01  3.014029e-02 
 2.897579e+01  3.014029e-02 
 2.897611e+01  3.014030e-02 
 2.897644e+01  3.014031e-02 
 2.897676e+01  3.014031e-02 
 2.897708e+01  3.014032e-02 
 2.897740e+01  3.014033e-02 
 2.897772e+01  3.014034e-02 
 2.897804e+01  3.014035e-02 
 2.897836e+01  3.014035e-02 
 2.897869e+01  3.014036e-02 
 2.897901e+01  3.014037e-02 
 2.897933e+01  3.014038e-02 
 2.897965e+01  3.014039e-02 
 2.897997e+01  3.014040e-02 
 2.898029e+01  3.014041e-02 
 2.898062e+01  3.014042e-02 
 2.898094e+01  3.014043e-02 
 2.898126e+01  3.014044e-02 
 2.898158e+01  3.014045e-02 
 2.898190e+01  3.014046e-02 
 2.898222e+01  3.014047e-02 
 2.898254e+01  3.014048e-02 
 2.898287e+01  3.014049e-02 
 2.898319e+01  3.014050e-02 
 2.898351e+01  3.014051e-02 
 2.898383e+01  3.014052e-02 
 2.898415e+01  3.014053e-02 
 2.898447e+01  3.014054e-02 
 2.898480e+01  3.014056e-02 
 2.898512e+01  3.014057e-02 
 2.898544e+01  3.014058e-02 
 2.898576e+01  3.014059e-02 
 2.898608e+01  3.014060e-02 
 2.898640e+01  3.014062e-02 
 2.898673e+01  3.014063e-02 
 2.898705e+01  3.014064e-02 
 2.898737e+01  3.014066e-02 
 2.898769e+01  3.014067e-02 
 2.898801e+01  3.014068e-02 
 2.898833e+01  3.014070e-02 
 2.898865e+01  3.014071e-02 
 2.898898e+01  3.014072e-02 
 2.898930e+01  3.014074e-02 
 2.898962e+01  3.014075e-02 
 2.898994e+01  3.014077e-02 
 2.899026e+01  3.014078e-02 
 2.899058e+01  3.014080e-02 
 2.899091e+01  3.014081e-02 
 2.899123e+01  3.014083e-02 
 2.899155e+01  3.014084e-02 
 2.899187e+01  3.014086e-02 
 2.899219e+01  3.014087e-02 
 2.899251e+01  3.014089e-02 
 2.899283e+01  3.014091e-02 
 2.899316e+01  3.014092e-02 
 2.899348e+01  3.014094e-02 
 2.899380e+01  3.014096e-02 
 2.899412e+01  3.014097e-02 
 2.899444e+01  3.014099e-02 
 2.899476e+01  3.014101e-02 
 2.899509e+01  3.014102e-02 
 2.899541e+01  3.014104e-02 
 2.899573e+01  3.014106e-02 
 2.899605e+01  3.014108e-02 
 2.899637e+01  3.014110e-02 
 2.899669e+01  3.014111e-02 
 2.899701e+01  3.014113e-02 
 2.899734e+01  3.014115e-02 
 2.899766e+01  3.014117e-02 
 2.899798e+01  3.014119e-02 
 2.899830e+01  3.014121e-02 
 2.899862e+01  3.014123e-02 
 2.899894e+01  3.014125e-02 
 2.899927e+01  3.014127e-02 
 2.899959e+01  3.014129e-02 
 2.899991e+01  3.014131e-02 
 2.900023e+01  3.014133e-02 
 2.900055e+01  3.014135e-02 
 2.900087e+01  3.014137e-02 
 2.900120e+01  3.014139e-02 
 2.900152e+01  3.014141e-02 
 2.900184e+01  3.014143e-02 
 2.900216e+01  3.014145e-02 
 2.900248e+01  3.014147e-02 
 2.900280e+01  3.014150e-02 
 2.900312e+01  3.014152e-02 
 2.900345e+01  3.014154e-02 
 2.900377e+01  3.014156e-02 
 2.900409e+01  3.014158e-02 
 2.900441e+01  3.014161e-02 
 2.900473e+01  3.014163e-02 
 2.900505e+01  3.014165e-02 
 2.900538e+01  3.014167e-02 
 2.900570e+01  3.014170e-02 
 2.900602e+01  3.014172e-02 
 2.900634e+01  3.014174e-02 
 2.900666e+01  3.014177e-02 
 2.900698e+01  3.014179e-02 
 2.900730e+01  3.014181e-02 
 2.900763e+01  3.014184e-02 
 2.900795e+01  3.014186e-02 
 2.900827e+01  3.014189e-02 
 2.900859e+01  3.014191e-02 
 2.900891e+01  3.014194e-02 
 2.900923e+01  3.014196e-02 
 2.900956e+01  3.014198e-02 
 2.900988e+01  3.014201e-02 
 2.901020e+01  3.014204e-02 
 2.901052e+01  3.014206e-02 
 2.901084e+01  3.014209e-02 
 2.901116e+01  3.014211e-02 
 2.901148e+01  3.014214e-02 
 2.901181e+01  3.014216e-02 
 2.901213e+01  3.014219e-02 
 2.901245e+01  3.014222e-02 
 2.901277e+01  3.014224e-02 
 2.901309e+01  3.014227e-02 
 2.901341e+01  3.014229e-02 
 2.901374e+01  3.014232e-02 
 2.901406e+01  3.014235e-02 
 2.901438e+01  3.014238e-02 
 2.901470e+01  3.014240e-02 
 2.901502e+01  3.014243e-02 
 2.901534e+01  3.014246e-02 
 2.901567e+01  3.014248e-02 
 2.901599e+01  3.014251e-02 
 2.901631e+01  3.014254e-02 
 2.901663e+01  3.014257e-02 
 2.901695e+01  3.014260e-02 
 2.901727e+01  3.014262e-02 
 2.901759e+01  3.014265e-02 
 2.901792e+01  3.014268e-02 
 2.901824e+01  3.014271e-02 
 2.901856e+01  3.014274e-02 
 2.901888e+01  3.014277e-02 
 2.901920e+01  3.014280e-02 
 2.901952e+01  3.014282e-02 
 2.901985e+01  3.014285e-02 
 2.902017e+01  3.014288e-02 
 2.902049e+01  3.014291e-02 
 2.902081e+01  3.014294e-02 
 2.902113e+01  3.014297e-02 
 2.902145e+01  3.014300e-02 
 2.902177e+01  3.014303e-02 
 2.902210e+01  3.014306e-02 
 2.902242e+01  3.014309e-02 
 2.902274e+01  3.014312e-02 
 2.902306e+01  3.014315e-02 
 2.902338e+01  3.014318e-02 
 2.902370e+01  3.014321e-02 
 2.902403e+01  3.014324e-02 
 2.902435e+01  3.014327e-02 
 2.902467e+01  3.014330e-02 
 2.902499e+01  3.014333e-02 
 2.902531e+01  3.014336e-02 
 2.902563e+01  3.014339e-02 
 2.902595e+01  3.014342e-02 
 2.902628e+01  3.014346e-02 
 2.902660e+01  3.014349e-02 
 2.902692e+01  3.014352e-02 
 2.902724e+01  3.014355e-02 
 2.902756e+01  3.014358e-02 
 2.902788e+01  3.014361e-02 
 2.902821e+01  3.014364e-02 
 2.902853e+01  3.014367e-02 
 2.902885e+01  3.014370e-02 
 2.902917e+01  3.014373e-02 
 2.902949e+01  3.014377e-02 
 2.902981e+01  3.014380e-02 
 2.903014e+01  3.014383e-02 
 2.903046e+01  3.014386e-02 
 2.903078e+01  3.014389e-02 
 2.903110e+01  3.014392e-02 
 2.903142e+01  3.014395e-02 
 2.903174e+01  3.014398e-02 
 2.903206e+01  3.014401e-02 
 2.903239e+01  3.014405e-02 
 2.903271e+01  3.014408e-02 
 2.903303e+01  3.014411e-02 
 2.903335e+01  3.014414e-02 
 2.903367e+01  3.014417e-02 
 2.903399e+01  3.014420e-02 
 2.903432e+01  3.014423e-02 
 2.903464e+01  3.014426e-02 
 2.903496e+01  3.014430e-02 
 2.903528e+01  3.014433e-02 
 2.903560e+01  3.014436e-02 
 2.903592e+01  3.014439e-02 
 2.903624e+01  3.014442e-02 
 2.903657e+01  3.014445e-02 
 2.903689e+01  3.014448e-02 
 2.903721e+01  3.014451e-02 
 2.903753e+01  3.014454e-02 
 2.903785e+01  3.014457e-02 
 2.903817e+01  3.014461e-02 
 2.903850e+01  3.014464e-02 
 2.903882e+01  3.014467e-02 
 2.903914e+01  3.014470e-02 
 2.903946e+01  3.014473e-02 
 2.903978e+01  3.014476e-02 
 2.904010e+01  3.014479e-02 
 2.904042e+01  3.014482e-02 
 2.904075e+01  3.014485e-02 
 2.904107e+01  3.014488e-02 
 2.904139e+01  3.014491e-02 
 2.904171e+01  3.014494e-02 
 2.904203e+01  3.014497e-02 
 2.904235e+01  3.014500e-02 
 2.904268e+01  3.014503e-02 
 2.904300e+01  3.014506e-02 
 2.904332e+01  3.014509e-02 
 2.904364e+01  3.014512e-02 
 2.904396e+01  3.014515e-02 
 2.904428e+01  3.014518e-02 
 2.904461e+01  3.014521e-02 
 2.904493e+01  3.014524e-02 
 2.904525e+01  3.014527e-02 
 2.904557e+01  3.014530e-02 
 2.904589e+01  3.014532e-02 
 2.904621e+01  3.014535e-02 
 2.904653e+01  3.014538e-02 
 2.904686e+01  3.014541e-02 
 2.904718e+01  3.014544e-02 
 2.904750e+01  3.014547e-02 
 2.904782e+01  3.014550e-02 
 2.904814e+01  3.014552e-02 
 2.904846e+01  3.014555e-02 
 2.904879e+01  3.014558e-02 
 2.904911e+01  3.014561e-02 
 2.904943e+01  3.014564e-02 
 2.904975e+01  3.014566e-02 
 2.905007e+01  3.014569e-02 
 2.905039e+01  3.014572e-02 
 2.905071e+01  3.014574e-02 
 2.905104e+01  3.014577e-02 
 2.905136e+01  3.014580e-02 
 2.905168e+01  3.014582e-02 
 2.905200e+01  3.014585e-02 
 2.905232e+01  3.014588e-02 
 2.905264e+01  3.014590e-02 
 2.905297e+01  3.014593e-02 
 2.905329e+01  3.014595e-02 
 2.905361e+01  3.014598e-02 
 2.905393e+01  3.014600e-02 
 2.905425e+01  3.014603e-02 
 2.905457e+01  3.014605e-02 
 2.905489e+01  3.014608e-02 
 2.905522e+01  3.014610e-02 
 2.905554e+01  3.014613e-02 
 2.905586e+01  3.014615e-02 
 2.905618e+01  3.014617e-02 
 2.905650e+01  3.014620e-02 
 2.905682e+01  3.014622e-02 
 2.905715e+01  3.014625e-02 
 2.905747e+01  3.014627e-02 
 2.905779e+01  3.014629e-02 
 2.905811e+01  3.014631e-02 
 2.905843e+01  3.014634e-02 
 2.905875e+01  3.014636e-02 
 2.905908e+01  3.014638e-02 
 2.905940e+01  3.014640e-02 
 2.905972e+01  3.014642e-02 
 2.906004e+01  3.014644e-02 
 2.906036e+01  3.014647e-02 
 2.906068e+01  3.014649e-02 
 2.906100e+01  3.014651e-02 
 2.906133e+01  3.014653e-02 
 2.906165e+01  3.014655e-02 
 2.906197e+01  3.014657e-02 
 2.906229e+01  3.014659e-02 
 2.906261e+01  3.014661e-02 
 2.906293e+01  3.014663e-02 
 2.906326e+01  3.014664e-02 
 2.906358e+01  3.014666e-02 
 2.906390e+01  3.014668e-02 
 2.906422e+01  3.014670e-02 
 2.906454e+01  3.014672e-02 
 2.906486e+01  3.014674e-02 
 2.906518e+01  3.014675e-02 
 2.906551e+01  3.014677e-02 
 2.906583e+01  3.014679e-02 
 2.906615e+01  3.014681e-02 
 2.906647e+01  3.014682e-02 
 2.906679e+01  3.014684e-02 
 2.906711e+01  3.014686e-02 
 2.906744e+01  3.014687e-02 
 2.906776e+01  3.014689e-02 
 2.906808e+01  3.014690e-02 
 2.906840e+01  3.014692e-02 
 2.906872e+01  3.014693e-02 
 2.906904e+01  3.014695e-02 
 2.906936e+01  3.014696e-02 
 2.906969e+01  3.014698e-02 
 2.907001e+01  3.014699e-02 
 2.907033e+01  3.014701e-02 
 2.907065e+01  3.014702e-02 
 2.907097e+01  3.014703e-02 
 2.907129e+01  3.014705e-02 
 2.907162e+01  3.014706e-02 
 2.907194e+01  3.014707e-02 
 2.907226e+01  3.014709e-02 
 2.907258e+01  3.014710e-02 
 2.907290e+01  3.014711e-02 
 2.907322e+01  3.014712e-02 
 2.907355e+01  3.014713e-02 
 2.907387e+01  3.014715e-02 
 2.907419e+01  3.014716e-02 
 2.907451e+01  3.014717e-02 
 2.907483e+01  3.014718e-02 
 2.907515e+01  3.014719e-02 
 2.907547e+01  3.014720e-02 
 2.907580e+01  3.014721e-02 
 2.907612e+01  3.014722e-02 
 2.907644e+01  3.014723e-02 
 2.907676e+01  3.014724e-02 
 2.907708e+01  3.014725e-02 
 2.907740e+01  3.014726e-02 
 2.907773e+01  3.014727e-02 
 2.907805e+01  3.014727e-02 
 2.907837e+01  3.014728e-02 
 2.907869e+01  3.014729e-02 
 2.907901e+01  3.014730e-02 
 2.907933e+01  3.014731e-02 
 2.907965e+01  3.014731e-02 
 2.907998e+01  3.014732e-02 
 2.908030e+01  3.014733e-02 
 2.908062e+01  3.014733e-02 
 2.908094e+01  3.014734e-02 
 2.908126e+01  3.014735e-02 
 2.908158e+01  3.014735e-02 
 2.908191e+01  3.014736e-02 
 2.908223e+01  3.014736e-02 
 2.908255e+01  3.014737e-02 
 2.908287e+01  3.014737e-02 
 2.908319e+01  3.014738e-02 
 2.908351e+01  3.014738e-02 
 2.908383e+01  3.014739e-02 
 2.908416e+01  3.014739e-02 
 2.908448e+01  3.014739e-02 
 2.908480e+01  3.014740e-02 
 2.908512e+01  3.014740e-02 
 2.908544e+01  3.014740e-02 
 2.908576e+01  3.014740e-02 
 2.908609e+01  3.014741e-02 
 2.908641e+01  3.014741e-02 
 2.908673e+01  3.014741e-02 
 2.908705e+01  3.014741e-02 
 2.908737e+01  3.014741e-02 
 2.908769e+01  3.014741e-02 
 2.908802e+01  3.014741e-02 
 2.908834e+01  3.014742e-02 
 2.908866e+01  3.014742e-02 
 2.908898e+01  3.014741e-02 
 2.908930e+01  3.014741e-02 
 2.908962e+01  3.014741e-02 
 2.908994e+01  3.014741e-02 
 2.909027e+01  3.014741e-02 
 2.909059e+01  3.014741e-02 
 2.909091e+01  3.014741e-02 
 2.909123e+01  3.014741e-02 
 2.909155e+01  3.014740e-02 
 2.909187e+01  3.014740e-02 
 2.909220e+01  3.014740e-02 
 2.909252e+01  3.014740e-02 
 2.909284e+01  3.014739e-02 
 2.909316e+01  3.014739e-02 
 2.909348e+01  3.014738e-02 
 2.909380e+01  3.014738e-02 
 2.909412e+01  3.014738e-02 
 2.909445e+01  3.014737e-02 
 2.909477e+01  3.014737e-02 
 2.909509e+01  3.014736e-02 
 2.909541e+01  3.014736e-02 
 2.909573e+01  3.014735e-02 
 2.909605e+01  3.014734e-02 
 2.909638e+01  3.014734e-02 
 2.909670e+01  3.014733e-02 
 2.909702e+01  3.014732e-02 
 2.909734e+01  3.014732e-02 
 2.909766e+01  3.014731e-02 
 2.909798e+01  3.014730e-02 
 2.909830e+01  3.014729e-02 
 2.909863e+01  3.014729e-02 
 2.909895e+01  3.014728e-02 
 2.909927e+01  3.014727e-02 
 2.909959e+01  3.014726e-02 
 2.909991e+01  3.014725e-02 
 2.910023e+01  3.014724e-02 
 2.910056e+01  3.014723e-02 
 2.910088e+01  3.014722e-02 
 2.910120e+01  3.014721e-02 
 2.910152e+01  3.014720e-02 
 2.910184e+01  3.014719e-02 
 2.910216e+01  3.014718e-02 
 2.910249e+01  3.014717e-02 
 2.910281e+01  3.014716e-02 
 2.910313e+01  3.014714e-02 
 2.910345e+01  3.014713e-02 
 2.910377e+01  3.014712e-02 
 2.910409e+01  3.014711e-02 
 2.910441e+01  3.014709e-02 
 2.910474e+01  3.014708e-02 
 2.910506e+01  3.014707e-02 
 2.910538e+01  3.014705e-02 
 2.910570e+01  3.014704e-02 
 2.910602e+01  3.014703e-02 
 2.910634e+01  3.014701e-02 
 2.910667e+01  3.014700e-02 
 2.910699e+01  3.014698e-02 
 2.910731e+01  3.014697e-02 
 2.910763e+01  3.014695e-02 
 2.910795e+01  3.014693e-02 
 2.910827e+01  3.014692e-02 
 2.910859e+01  3.014690e-02 
 2.910892e+01  3.014689e-02 
 2.910924e+01  3.014687e-02 
 2.910956e+01  3.014685e-02 
 2.910988e+01  3.014683e-02 
 2.911020e+01  3.014681e-02 
 2.911052e+01  3.014680e-02 
 2.911085e+01  3.014678e-02 
 2.911117e+01  3.014676e-02 
 2.911149e+01  3.014674e-02 
 2.911181e+01  3.014672e-02 
 2.911213e+01  3.014670e-02 
 2.911245e+01  3.014668e-02 
 2.911277e+01  3.014666e-02 
 2.911310e+01  3.014664e-02 
 2.911342e+01  3.014662e-02 
 2.911374e+01  3.014660e-02 
 2.911406e+01  3.014657e-02 
 2.911438e+01  3.014655e-02 
 2.911470e+01  3.014653e-02 
 2.911503e+01  3.014650e-02 
 2.911535e+01  3.014648e-02 
 2.911567e+01  3.014646e-02 
 2.911599e+01  3.014643e-02 
 2.911631e+01  3.014641e-02 
 2.911663e+01  3.014638e-02 
 2.911696e+01  3.014636e-02 
 2.911728e+01  3.014633e-02 
 2.911760e+01  3.014631e-02 
 2.911792e+01  3.014628e-02 
 2.911824e+01  3.014626e-02 
 2.911856e+01  3.014623e-02 
 2.911888e+01  3.014620e-02 
 2.911921e+01  3.014617e-02 
 2.911953e+01  3.014614e-02 
 2.911985e+01  3.014612e-02 
 2.912017e+01  3.014609e-02 
 2.912049e+01  3.014606e-02 
 2.912081e+01  3.014603e-02 
 2.912114e+01  3.014600e-02 
 2.912146e+01  3.014597e-02 
 2.912178e+01  3.014594e-02 
 2.912210e+01  3.014591e-02 
 2.912242e+01  3.014587e-02 
 2.912274e+01  3.014584e-02 
 2.912306e+01  3.014581e-02 
 2.912339e+01  3.014578e-02 
 2.912371e+01  3.014574e-02 
 2.912403e+01  3.014571e-02 
 2.912435e+01  3.014568e-02 
 2.912467e+01  3.014564e-02 
 2.912499e+01  3.014561e-02 
 2.912532e+01  3.014557e-02 
 2.912564e+01  3.014554e-02 
 2.912596e+01  3.014550e-02 
 2.912628e+01  3.014547e-02 
 2.912660e+01  3.014543e-02 
 2.912692e+01  3.014539e-02 
 2.912724e+01  3.014536e-02 
 2.912757e+01  3.014532e-02 
 2.912789e+01  3.014528e-02 
 2.912821e+01  3.014524e-02 
 2.912853e+01  3.014520e-02 
 2.912885e+01  3.014516e-02 
 2.912917e+01  3.014513e-02 
 2.912950e+01  3.014509e-02 
 2.912982e+01  3.014505e-02 
 2.913014e+01  3.014500e-02 
 2.913046e+01  3.014496e-02 
 2.913078e+01  3.014492e-02 
 2.913110e+01  3.014488e-02 
 2.913143e+01  3.014484e-02 
 2.913175e+01  3.014480e-02 
 2.913207e+01  3.014475e-02 
 2.913239e+01  3.014471e-02 
 2.913271e+01  3.014467e-02 
 2.913303e+01  3.014462e-02 
 2.913335e+01  3.014458e-02 
 2.913368e+01  3.014454e-02 
 2.913400e+01  3.014449e-02 
 2.913432e+01  3.014445e-02 
 2.913464e+01  3.014440e-02 
 2.913496e+01  3.014435e-02 
 2.913528e+01  3.014431e-02 
 2.913561e+01  3.014426e-02 
 2.913593e+01  3.014422e-02 
 2.913625e+01  3.014417e-02 
 2.913657e+01  3.014412e-02 
 2.913689e+01  3.014407e-02 
 2.913721e+01  3.014402e-02 
 2.913753e+01  3.014398e-02 
 2.913786e+01  3.014393e-02 
 2.913818e+01  3.014388e-02 
 2.913850e+01  3.014383e-02 
 2.913882e+01  3.014378e-02 
 2.913914e+01  3.014373e-02 
 2.913946e+01  3.014368e-02 
 2.913979e+01  3.014363e-02 
 2.914011e+01  3.014358e-02 
 2.914043e+01  3.014352e-02 
 2.914075e+01  3.014347e-02 
 2.914107e+01  3.014342e-02 
 2.914139e+01  3.014337e-02 
 2.914171e+01  3.014332e-02 
 2.914204e+01  3.014326e-02 
 2.914236e+01  3.014321e-02 
 2.914268e+01  3.014315e-02 
 2.914300e+01  3.014310e-02 
 2.914332e+01  3.014305e-02 
 2.914364e+01  3.014299e-02 
 2.914397e+01  3.014294e-02 
 2.914429e+01  3.014288e-02 
 2.914461e+01  3.014282e-02 
 2.914493e+01  3.014277e-02 
 2.914525e+01  3.014271e-02 
 2.914557e+01  3.014265e-02 
 2.914590e+01  3.014260e-02 
 2.914622e+01  3.014254e-02 
 2.914654e+01  3.014248e-02 
 2.914686e+01  3.014242e-02 
 2.914718e+01  3.014237e-02 
 2.914750e+01  3.014231e-02 
 2.914782e+01  3.014225e-02 
 2.914815e+01  3.014219e-02 
 2.914847e+01  3.014213e-02 
 2.914879e+01  3.014207e-02 
 2.914911e+01  3.014201e-02 
 2.914943e+01  3.014195e-02 
 2.914975e+01  3.014189e-02 
 2.915008e+01  3.014183e-02 
 2.915040e+01  3.014176e-02 
 2.915072e+01  3.014170e-02 
 2.915104e+01  3.014164e-02 
 2.915136e+01  3.014158e-02 
 2.915168e+01  3.014151e-02 
 2.915200e+01  3.014145e-02 
 2.915233e+01  3.014139e-02 
 2.915265e+01  3.014132e-02 
 2.915297e+01  3.014126e-02 
 2.915329e+01  3.014120e-02 
 2.915361e+01  3.014113e-02 
 2.915393e+01  3.014107e-02 
 2.915426e+01  3.014100e-02 
 2.915458e+01  3.014093e-02 
 2.915490e+01  3.014087e-02 
 2.915522e+01  3.014080e-02 
 2.915554e+01  3.014074e-02 
 2.915586e+01  3.014067e-02 
 2.915618e+01  3.014060e-02 
 2.915651e+01  3.014054e-02 
 2.915683e+01  3.014047e-02 
 2.915715e+01  3.014040e-02 
 2.915747e+01  3.014033e-02 
 2.915779e+01  3.014026e-02 
 2.915811e+01  3.014020e-02 
 2.915844e+01  3.014013e-02 
 2.915876e+01  3.014006e-02 
 2.915908e+01  3.013999e-02 
 2.915940e+01  3.013992e-02 
 2.915972e+01  3.013985e-02 
 2.916004e+01  3.013978e-02 
 2.916037e+01  3.013971e-02 
 2.916069e+01  3.013964e-02 
 2.916101e+01  3.013957e-02 
 2.916133e+01  3.013950e-02 
 2.916165e+01  3.013943e-02 
 2.916197e+01  3.013936e-02 
 2.916229e+01  3.013928e-02 
 2.916262e+01  3.013921e-02 
 2.916294e+01  3.013914e-02 
 2.916326e+01  3.013907e-02 
 2.916358e+01  3.013900e-02 
 2.916390e+01  3.013892e-02 
 2.916422e+01  3.013885e-02 
 2.916455e+01  3.013878e-02 
 2.916487e+01  3.013870e-02 
 2.916519e+01  3.013863e-02 
 2.916551e+01  3.013856e-02 
 2.916583e+01  3.013848e-02 
 2.916615e+01  3.013841e-02 
 2.916647e+01  3.013833e-02 
 2.916680e+01  3.013826e-02 
 2.916712e+01  3.013818e-02 
 2.916744e+01  3.013811e-02 
 2.916776e+01  3.013803e-02 
 2.916808e+01  3.013796e-02 
 2.916840e+01  3.013788e-02 
 2.916873e+01  3.013781e-02 
 2.916905e+01  3.013773e-02 
 2.916937e+01  3.013765e-02 
 2.916969e+01  3.013758e-02 
 2.917001e+01  3.013750e-02 
 2.917033e+01  3.013742e-02 
 2.917065e+01  3.013735e-02 
 2.917098e+01  3.013727e-02 
 2.917130e+01  3.013719e-02 
 2.917162e+01  3.013711e-02 
 2.917194e+01  3.013704e-02 
 2.917226e+01  3.013696e-02 
 2.917258e+01  3.013688e-02 
 2.917291e+01  3.013680e-02 
 2.917323e+01  3.013672e-02 
 2.917355e+01  3.013664e-02 
 2.917387e+01  3.013657e-02 
 2.917419e+01  3.013649e-02 
 2.917451e+01  3.013641e-02 
 2.917484e+01  3.013633e-02 
 2.917516e+01  3.013625e-02 
 2.917548e+01  3.013617e-02 
 2.917580e+01  3.013609e-02 
 2.917612e+01  3.013601e-02 
 2.917644e+01  3.013593e-02 
 2.917676e+01  3.013585e-02 
 2.917709e+01  3.013577e-02 
 2.917741e+01  3.013568e-02 
 2.917773e+01  3.013560e-02 
 2.917805e+01  3.013552e-02 
 2.917837e+01  3.013544e-02 
 2.917869e+01  3.013536e-02 
 2.917902e+01  3.013528e-02 
 2.917934e+01  3.013519e-02 
 2.917966e+01  3.013511e-02 
 2.917998e+01  3.013503e-02 
 2.918030e+01  3.013495e-02 
 2.918062e+01  3.013486e-02 
 2.918094e+01  3.013478e-02 
 2.918127e+01  3.013470e-02 
 2.918159e+01  3.013461e-02 
 2.918191e+01  3.013453e-02 
 2.918223e+01  3.013445e-02 
 2.918255e+01  3.013436e-02 
 2.918287e+01  3.013428e-02 
 2.918320e+01  3.013419e-02 
 2.918352e+01  3.013411e-02 
 2.918384e+01  3.013402e-02 
 2.918416e+01  3.013394e-02 
 2.918448e+01  3.013385e-02 
 2.918480e+01  3.013377e-02 
 2.918512e+01  3.013368e-02 
 2.918545e+01  3.013360e-02 
 2.918577e+01  3.013351e-02 
 2.918609e+01  3.013343e-02 
 2.918641e+01  3.013334e-02 
 2.918673e+01  3.013325e-02 
 2.918705e+01  3.013317e-02 
 2.918738e+01  3.013308e-02 
 2.918770e+01  3.013300e-02 
 2.918802e+01  3.013291e-02 
 2.918834e+01  3.013282e-02 
 2.918866e+01  3.013273e-02 
 2.918898e+01  3.013265e-02 
 2.918931e+01  3.013256e-02 
 2.918963e+01  3.013247e-02 
 2.918995e+01  3.013238e-02 
 2.919027e+01  3.013230e-02 
 2.919059e+01  3.013221e-02 
 2.919091e+01  3.013212e-02 
 2.919123e+01  3.013203e-02 
 2.919156e+01  3.013194e-02 
 2.919188e+01  3.013185e-02 
 2.919220e+01  3.013176e-02 
 2.919252e+01  3.013168e-02 
 2.919284e+01  3.013159e-02 
 2.919316e+01  3.013150e-02 
 2.919349e+01  3.013141e-02 
 2.919381e+01  3.013132e-02 
 2.919413e+01  3.013123e-02 
 2.919445e+01  3.013114e-02 
 2.919477e+01  3.013105e-02 
 2.919509e+01  3.013096e-02 
 2.919541e+01  3.013087e-02 
 2.919574e+01  3.013078e-02 
 2.919606e+01  3.013069e-02 
 2.919638e+01  3.013059e-02 
 2.919670e+01  3.013050e-02 
 2.919702e+01  3.013041e-02 
 2.919734e+01  3.013032e-02 
 2.919767e+01  3.013023e-02 
 2.919799e+01  3.013014e-02 
 2.919831e+01  3.013005e-02 
 2.919863e+01  3.012995e-02 
 2.919895e+01  3.012986e-02 
 2.919927e+01  3.012977e-02 
 2.919959e+01  3.012968e-02 
 2.919992e+01  3.012958e-02 
 2.920024e+01  3.012949e-02 
 2.920056e+01  3.012940e-02 
 2.920088e+01  3.012931e-02 
 2.920120e+01  3.012921e-02 
 2.920152e+01  3.012912e-02 
 2.920185e+01  3.012903e-02 
 2.920217e+01  3.012893e-02 
 2.920249e+01  3.012884e-02 
 2.920281e+01  3.012875e-02 
 2.920313e+01  3.012865e-02 
 2.920345e+01  3.012856e-02 
 2.920378e+01  3.012847e-02 
 2.920410e+01  3.012837e-02 
 2.920442e+01  3.012828e-02 
 2.920474e+01  3.012818e-02 
 2.920506e+01  3.012809e-02 
 2.920538e+01  3.012800e-02 
 2.920570e+01  3.012790e-02 
 2.920603e+01  3.012781e-02 
 2.920635e+01  3.012771e-02 
 2.920667e+01  3.012762e-02 
 2.920699e+01  3.012752e-02 
 2.920731e+01  3.012743e-02 
 2.920763e+01  3.012733e-02 
 2.920796e+01  3.012724e-02 
 2.920828e+01  3.012714e-02 
 2.920860e+01  3.012705e-02 
 2.920892e+01  3.012695e-02 
 2.920924e+01  3.012686e-02 
 2.920956e+01  3.012676e-02 
 2.920988e+01  3.012667e-02 
 2.921021e+01  3.012657e-02 
 2.921053e+01  3.012648e-02 
 2.921085e+01  3.012638e-02 
 2.921117e+01  3.012629e-02 
 2.921149e+01  3.012619e-02 
 2.921181e+01  3.012609e-02 
 2.921214e+01  3.012600e-02 
 2.921246e+01  3.012590e-02 
 2.921278e+01  3.012581e-02 
 2.921310e+01  3.012571e-02 
 2.921342e+01  3.012562e-02 
 2.921374e+01  3.012552e-02 
 2.921406e+01  3.012542e-02 
 2.921439e+01  3.012533e-02 
 2.921471e+01  3.012523e-02 
 2.921503e+01  3.012514e-02 
 2.921535e+01  3.012504e-02 
 2.921567e+01  3.012495e-02 
 2.921599e+01  3.012485e-02 
 2.921632e+01  3.012475e-02 
 2.921664e+01  3.012466e-02 
 2.921696e+01  3.012456e-02 
 2.921728e+01  3.012447e-02 
 2.921760e+01  3.012437e-02 
 2.921792e+01  3.012428e-02 
 2.921825e+01  3.012418e-02 
 2.921857e+01  3.012408e-02 
 2.921889e+01  3.012399e-02 
 2.921921e+01  3.012389e-02 
 2.921953e+01  3.012380e-02 
 2.921985e+01  3.012370e-02 
 2.922017e+01  3.012361e-02 
 2.922050e+01  3.012351e-02 
 2.922082e+01  3.012342e-02 
 2.922114e+01  3.012332e-02 
 2.922146e+01  3.012323e-02 
 2.922178e+01  3.012313e-02 
 2.922210e+01  3.012304e-02 
 2.922243e+01  3.012294e-02 
 2.922275e+01  3.012285e-02 
 2.922307e+01  3.012275e-02 
 2.922339e+01  3.012266e-02 
 2.922371e+01  3.012256e-02 
 2.922403e+01  3.012247e-02 
 2.922435e+01  3.012237e-02 
 2.922468e+01  3.012228e-02 
 2.922500e+01  3.012218e-02 
 2.922532e+01  3.012209e-02 
 2.922564e+01  3.012199e-02 
 2.922596e+01  3.012190e-02 
 2.922628e+01  3.012180e-02 
 2.922661e+01  3.012171e-02 
 2.922693e+01  3.012162e-02 
 2.922725e+01  3.012152e-02 
 2.922757e+01  3.012143e-02 
 2.922789e+01  3.012133e-02 
 2.922821e+01  3.012124e-02 
 2.922853e+01  3.012115e-02 
 2.922886e+01  3.012105e-02 
 2.922918e+01  3.012096e-02 
 2.922950e+01  3.012087e-02 
 2.922982e+01  3.012077e-02 
 2.923014e+01  3.012068e-02 
 2.923046e+01  3.012059e-02 
 2.923079e+01  3.012049e-02 
 2.923111e+01  3.012040e-02 
 2.923143e+01  3.012031e-02 
 2.923175e+01  3.012021e-02 
 2.923207e+01  3.012012e-02 
 2.923239e+01  3.012003e-02 
 2.923272e+01  3.011994e-02 
 2.923304e+01  3.011984e-02 
 2.923336e+01  3.011975e-02 
 2.923368e+01  3.011966e-02 
 2.923400e+01  3.011957e-02 
 2.923432e+01  3.011948e-02 
 2.923464e+01  3.011938e-02 
 2.923497e+01  3.011929e-02 
 2.923529e+01  3.011920e-02 
 2.923561e+01  3.011911e-02 
 2.923593e+01  3.011902e-02 
 2.923625e+01  3.011893e-02 
 2.923657e+01  3.011884e-02 
 2.923690e+01  3.011874e-02 
 2.923722e+01  3.011865e-02 
 2.923754e+01  3.011856e-02 
 2.923786e+01  3.011847e-02 
 2.923818e+01  3.011838e-02 
 2.923850e+01  3.011829e-02 
 2.923882e+01  3.011820e-02 
 2.923915e+01  3.011811e-02 
 2.923947e+01  3.011802e-02 
 2.923979e+01  3.011793e-02 
 2.924011e+01  3.011784e-02 
 2.924043e+01  3.011775e-02 
 2.924075e+01  3.011766e-02 
 2.924108e+01  3.011758e-02 
 2.924140e+01  3.011749e-02 
 2.924172e+01  3.011740e-02 
 2.924204e+01  3.011731e-02 
 2.924236e+01  3.011722e-02 
 2.924268e+01  3.011713e-02 
 2.924300e+01  3.011704e-02 
 2.924333e+01  3.011696e-02 
 2.924365e+01  3.011687e-02 
 2.924397e+01  3.011678e-02 
 2.924429e+01  3.011669e-02 
 2.924461e+01  3.011661e-02 
 2.924493e+01  3.011652e-02 
 2.924526e+01  3.011643e-02 
 2.924558e+01  3.011635e-02 
 2.924590e+01  3.011626e-02 
 2.924622e+01  3.011617e-02 
 2.924654e+01  3.011609e-02 
 2.924686e+01  3.011600e-02 
 2.924719e+01  3.011592e-02 
 2.924751e+01  3.011583e-02 
 2.924783e+01  3.011575e-02 
 2.924815e+01  3.011566e-02 
 2.924847e+01  3.011558e-02 
 2.924879e+01  3.011549e-02 
 2.924911e+01  3.011541e-02 
 2.924944e+01  3.011532e-02 
 2.924976e+01  3.011524e-02 
 2.925008e+01  3.011516e-02 
 2.925040e+01  3.011507e-02 
 2.925072e+01  3.011499e-02 
 2.925104e+01  3.011491e-02 
 2.925137e+01  3.011482e-02 
 2.925169e+01  3.011474e-02 
 2.925201e+01  3.011466e-02 
 2.925233e+01  3.011457e-02 
 2.925265e+01  3.011449e-02 
 2.925297e+01  3.011441e-02 
 2.925329e+01  3.011433e-02 
 2.925362e+01  3.011425e-02 
 2.925394e+01  3.011417e-02 
 2.925426e+01  3.011408e-02 
 2.925458e+01  3.011400e-02 
 2.925490e+01  3.011392e-02 
 2.925522e+01  3.011384e-02 
 2.925555e+01  3.011376e-02 
 2.925587e+01  3.011368e-02 
 2.925619e+01  3.011360e-02 
 2.925651e+01  3.011352e-02 
 2.925683e+01  3.011344e-02 
 2.925715e+01  3.011336e-02 
 2.925747e+01  3.011328e-02 
 2.925780e+01  3.011320e-02 
 2.925812e+01  3.011313e-02 
 2.925844e+01  3.011305e-02 
 2.925876e+01  3.011297e-02 
 2.925908e+01  3.011289e-02 
 2.925940e+01  3.011281e-02 
 2.925973e+01  3.011273e-02 
 2.926005e+01  3.011266e-02 
 2.926037e+01  3.011258e-02 
 2.926069e+01  3.011250e-02 
 2.926101e+01  3.011242e-02 
 2.926133e+01  3.011235e-02 
 2.926166e+01  3.011227e-02 
 2.926198e+01  3.011219e-02 
 2.926230e+01  3.011212e-02 
 2.926262e+01  3.011204e-02 
 2.926294e+01  3.011197e-02 
 2.926326e+01  3.011189e-02 
 2.926358e+01  3.011181e-02 
 2.926391e+01  3.011174e-02 
 2.926423e+01  3.011166e-02 
 2.926455e+01  3.011159e-02 
 2.926487e+01  3.011151e-02 
 2.926519e+01  3.011144e-02 
 2.926551e+01  3.011136e-02 
 2.926584e+01  3.011129e-02 
 2.926616e+01  3.011121e-02 
 2.926648e+01  3.011114e-02 
 2.926680e+01  3.011107e-02 
 2.926712e+01  3.011099e-02 
 2.926744e+01  3.011092e-02 
 2.926776e+01  3.011084e-02 
 2.926809e+01  3.011077e-02 
 2.926841e+01  3.011070e-02 
 2.926873e+01  3.011063e-02 
 2.926905e+01  3.011055e-02 
 2.926937e+01  3.011048e-02 
 2.926969e+01  3.011041e-02 
 2.927002e+01  3.011034e-02 
 2.927034e+01  3.011026e-02 
 2.927066e+01  3.011019e-02 
 2.927098e+01  3.011012e-02 
 2.927130e+01  3.011005e-02 
 2.927162e+01  3.010998e-02 
 2.927194e+01  3.010991e-02 
 2.927227e+01  3.010984e-02 
 2.927259e+01  3.010976e-02 
 2.927291e+01  3.010969e-02 
 2.927323e+01  3.010962e-02 
 2.927355e+01  3.010955e-02 
 2.927387e+01  3.010948e-02 
 2.927420e+01  3.010942e-02 
 2.927452e+01  3.010935e-02 
 2.927484e+01  3.010928e-02 
 2.927516e+01  3.010921e-02 
 2.927548e+01  3.010914e-02 
 2.927580e+01  3.010907e-02 
 2.927613e+01  3.010900e-02 
 2.927645e+01  3.010893e-02 
 2.927677e+01  3.010887e-02 
 2.927709e+01  3.010880e-02 
 2.927741e+01  3.010873e-02 
 2.927773e+01  3.010867e-02 
 2.927805e+01  3.010860e-02 
 2.927838e+01  3.010853e-02 
 2.927870e+01  3.010847e-02 
 2.927902e+01  3.010840e-02 
 2.927934e+01  3.010833e-02 
 2.927966e+01  3.010827e-02 
 2.927998e+01  3.010820e-02 
 2.928031e+01  3.010814e-02 
 2.928063e+01  3.010807e-02 
 2.928095e+01  3.010801e-02 
 2.928127e+01  3.010795e-02 
 2.928159e+01  3.010788e-02 
 2.928191e+01  3.010782e-02 
 2.928223e+01  3.010775e-02 
 2.928256e+01  3.010769e-02 
 2.928288e+01  3.010763e-02 
 2.928320e+01  3.010757e-02 
 2.928352e+01  3.010750e-02 
 2.928384e+01  3.010744e-02 
 2.928416e+01  3.010738e-02 
 2.928449e+01  3.010732e-02 
 2.928481e+01  3.010726e-02 
 2.928513e+01  3.010720e-02 
 2.928545e+01  3.010714e-02 
 2.928577e+01  3.010708e-02 
 2.928609e+01  3.010702e-02 
 2.928641e+01  3.010696e-02 
 2.928674e+01  3.010690e-02 
 2.928706e+01  3.010684e-02 
 2.928738e+01  3.010678e-02 
 2.928770e+01  3.010672e-02 
 2.928802e+01  3.010667e-02 
 2.928834e+01  3.010661e-02 
 2.928867e+01  3.010655e-02 
 2.928899e+01  3.010649e-02 
 2.928931e+01  3.010644e-02 
 2.928963e+01  3.010638e-02 
 2.928995e+01  3.010632e-02 
 2.929027e+01  3.010627e-02 
 2.929060e+01  3.010621e-02 
 2.929092e+01  3.010616e-02 
 2.929124e+01  3.010610e-02 
 2.929156e+01  3.010605e-02 
 2.929188e+01  3.010599e-02 
 2.929220e+01  3.010594e-02 
 2.929252e+01  3.010588e-02 
 2.929285e+01  3.010583e-02 
 2.929317e+01  3.010578e-02 
 2.929349e+01  3.010572e-02 
 2.929381e+01  3.010567e-02 
 2.929413e+01  3.010562e-02 
 2.929445e+01  3.010556e-02 
 2.929478e+01  3.010551e-02 
 2.929510e+01  3.010546e-02 
 2.929542e+01  3.010541e-02 
 2.929574e+01  3.010536e-02 
 2.929606e+01  3.010531e-02 
 2.929638e+01  3.010526e-02 
 2.929670e+01  3.010521e-02 
 2.929703e+01  3.010516e-02 
 2.929735e+01  3.010511e-02 
 2.929767e+01  3.010506e-02 
 2.929799e+01  3.010501e-02 
 2.929831e+01  3.010496e-02 
 2.929863e+01  3.010491e-02 
 2.929896e+01  3.010486e-02 
 2.929928e+01  3.010481e-02 
 2.929960e+01  3.010476e-02 
 2.929992e+01  3.010472e-02 
 2.930024e+01  3.010467e-02 
 2.930056e+01  3.010462e-02 
 2.930088e+01  3.010457e-02 
 2.930121e+01  3.010453e-02 
 2.930153e+01  3.010448e-02 
 2.930185e+01  3.010443e-02 
 2.930217e+01  3.010439e-02 
 2.930249e+01  3.010434e-02 
 2.930281e+01  3.010430e-02 
 2.930314e+01  3.010425e-02 
 2.930346e+01  3.010421e-02 
 2.930378e+01  3.010416e-02 
 2.930410e+01  3.010412e-02 
 2.930442e+01  3.010407e-02 
 2.930474e+01  3.010403e-02 
 2.930507e+01  3.010399e-02 
 2.930539e+01  3.010394e-02 
 2.930571e+01  3.010390e-02 
 2.930603e+01  3.010385e-02 
 2.930635e+01  3.010381e-02 
 2.930667e+01  3.010377e-02 
 2.930699e+01  3.010373e-02 
 2.930732e+01  3.010368e-02 
 2.930764e+01  3.010364e-02 
 2.930796e+01  3.010360e-02 
 2.930828e+01  3.010356e-02 
 2.930860e+01  3.010352e-02 
 2.930892e+01  3.010348e-02 
 2.930925e+01  3.010344e-02 
 2.930957e+01  3.010340e-02 
 2.930989e+01  3.010336e-02 
 2.931021e+01  3.010332e-02 
 2.931053e+01  3.010328e-02 
 2.931085e+01  3.010324e-02 
 2.931117e+01  3.010320e-02 
 2.931150e+01  3.010316e-02 
 2.931182e+01  3.010312e-02 
 2.931214e+01  3.010308e-02 
 2.931246e+01  3.010304e-02 
 2.931278e+01  3.010300e-02 
 2.931310e+01  3.010297e-02 
 2.931343e+01  3.010293e-02 
 2.931375e+01  3.010289e-02 
 2.931407e+01  3.010285e-02 
 2.931439e+01  3.010282e-02 
 2.931471e+01  3.010278e-02 
 2.931503e+01  3.010274e-02 
 2.931535e+01  3.010271e-02 
 2.931568e+01  3.010267e-02 
 2.931600e+01  3.010263e-02 
 2.931632e+01  3.010260e-02 
 2.931664e+01  3.010256e-02 
 2.931696e+01  3.010253e-02 
 2.931728e+01  3.010249e-02 
 2.931761e+01  3.010246e-02 
 2.931793e+01  3.010242e-02 
 2.931825e+01  3.010239e-02 
 2.931857e+01  3.010236e-02 
 2.931889e+01  3.010232e-02 
 2.931921e+01  3.010229e-02 
 2.931954e+01  3.010226e-02 
 2.931986e+01  3.010222e-02 
 2.932018e+01  3.010219e-02 
 2.932050e+01  3.010216e-02 
 2.932082e+01  3.010213e-02 
 2.932114e+01  3.010209e-02 
 2.932146e+01  3.010206e-02 
 2.932179e+01  3.010203e-02 
 2.932211e+01  3.010200e-02 
 2.932243e+01  3.010197e-02 
 2.932275e+01  3.010194e-02 
 2.932307e+01  3.010191e-02 
 2.932339e+01  3.010188e-02 
 2.932372e+01  3.010185e-02 
 2.932404e+01  3.010182e-02 
 2.932436e+01  3.010179e-02 
 2.932468e+01  3.010176e-02 
 2.932500e+01  3.010173e-02 
 2.932532e+01  3.010170e-02 
 2.932564e+01  3.010168e-02 
 2.932597e+01  3.010165e-02 
 2.932629e+01  3.010162e-02 
 2.932661e+01  3.010159e-02 
 2.932693e+01  3.010157e-02 
 2.932725e+01  3.010154e-02 
 2.932757e+01  3.010151e-02 
 2.932790e+01  3.010149e-02 
 2.932822e+01  3.010146e-02 
 2.932854e+01  3.010144e-02 
 2.932886e+01  3.010141e-02 
 2.932918e+01  3.010138e-02 
 2.932950e+01  3.010136e-02 
 2.932982e+01  3.010134e-02 
 2.933015e+01  3.010131e-02 
 2.933047e+01  3.010129e-02 
 2.933079e+01  3.010126e-02 
 2.933111e+01  3.010124e-02 
 2.933143e+01  3.010122e-02 
 2.933175e+01  3.010119e-02 
 2.933208e+01  3.010117e-02 
 2.933240e+01  3.010115e-02 
 2.933272e+01  3.010113e-02 
 2.933304e+01  3.010111e-02 
 2.933336e+01  3.010109e-02 
 2.933368e+01  3.010106e-02 
 2.933401e+01  3.010104e-02 
 2.933433e+01  3.010102e-02 
 2.933465e+01  3.010100e-02 
 2.933497e+01  3.010098e-02 
 2.933529e+01  3.010096e-02 
 2.933561e+01  3.010094e-02 
 2.933593e+01  3.010093e-02 
 2.933626e+01  3.010091e-02 
 2.933658e+01  3.010089e-02 
 2.933690e+01  3.010087e-02 
 2.933722e+01  3.010085e-02 
 2.933754e+01  3.010084e-02 
 2.933786e+01  3.010082e-02 
 2.933819e+01  3.010080e-02 
 2.933851e+01  3.010079e-02 
 2.933883e+01  3.010077e-02 
 2.933915e+01  3.010075e-02 
 2.933947e+01  3.010074e-02 
 2.933979e+01  3.010072e-02 
 2.934011e+01  3.010071e-02 
 2.934044e+01  3.010069e-02 
 2.934076e+01  3.010068e-02 
 2.934108e+01  3.010066e-02 
 2.934140e+01  3.010065e-02 
 2.934172e+01  3.010064e-02 
 2.934204e+01  3.010062e-02 
 2.934237e+01  3.010061e-02 
 2.934269e+01  3.010060e-02 
 2.934301e+01  3.010058e-02 
 2.934333e+01  3.010057e-02 
 2.934365e+01  3.010056e-02 
 2.934397e+01  3.010055e-02 
 2.934429e+01  3.010054e-02 
 2.934462e+01  3.010053e-02 
 2.934494e+01  3.010052e-02 
 2.934526e+01  3.010051e-02 
 2.934558e+01  3.010050e-02 
 2.934590e+01  3.010049e-02 
 2.934622e+01  3.010048e-02 
 2.934655e+01  3.010047e-02 
 2.934687e+01  3.010046e-02 
 2.934719e+01  3.010045e-02 
 2.934751e+01  3.010044e-02 
 2.934783e+01  3.010043e-02 
 2.934815e+01  3.010042e-02 
 2.934848e+01  3.010042e-02 
 2.934880e+01  3.010041e-02 
 2.934912e+01  3.010040e-02 
 2.934944e+01  3.010039e-02 
 2.934976e+01  3.010039e-02 
 2.935008e+01  3.010038e-02 
 2.935040e+01  3.010037e-02 
 2.935073e+01  3.010037e-02 
 2.935105e+01  3.010036e-02 
 2.935137e+01  3.010036e-02 
 2.935169e+01  3.010035e-02 
 2.935201e+01  3.010035e-02 
 2.935233e+01  3.010034e-02 
 2.935266e+01  3.010034e-02 
 2.935298e+01  3.010033e-02 
 2.935330e+01  3.010033e-02 
 2.935362e+01  3.010033e-02 
 2.935394e+01  3.010032e-02 
 2.935426e+01  3.010032e-02 
 2.935458e+01  3.010032e-02 
 2.935491e+01  3.010031e-02 
 2.935523e+01  3.010031e-02 
 2.935555e+01  3.010031e-02 
 2.935587e+01  3.010031e-02 
 2.935619e+01  3.010030e-02 
 2.935651e+01  3.010030e-02 
 2.935684e+01  3.010030e-02 
 2.935716e+01  3.010030e-02 
 2.935748e+01  3.010030e-02 
 2.935780e+01  3.010030e-02 
 2.935812e+01  3.010030e-02 
 2.935844e+01  3.010030e-02 
 2.935876e+01  3.010030e-02 
 2.935909e+01  3.010030e-02 
 2.935941e+01  3.010030e-02 
 2.935973e+01  3.010030e-02 
 2.936005e+01  3.010030e-02 
 2.936037e+01  3.010030e-02 
 2.936069e+01  3.010031e-02 
 2.936102e+01  3.010031e-02 
 2.936134e+01  3.010031e-02 
 2.936166e+01  3.010031e-02 
 2.936198e+01  3.010032e-02 
 2.936230e+01  3.010032e-02 
 2.936262e+01  3.010032e-02 
 2.936295e+01  3.010032e-02 
 2.936327e+01  3.010033e-02 
 2.936359e+01  3.010033e-02 
 2.936391e+01  3.010034e-02 
 2.936423e+01  3.010034e-02 
 2.936455e+01  3.010034e-02 
 2.936487e+01  3.010035e-02 
 2.936520e+01  3.010035e-02 
 2.936552e+01  3.010036e-02 
 2.936584e+01  3.010037e-02 
 2.936616e+01  3.010037e-02 
 2.936648e+01  3.010038e-02 
 2.936680e+01  3.010038e-02 
 2.936713e+01  3.010039e-02 
 2.936745e+01  3.010040e-02 
 2.936777e+01  3.010040e-02 
 2.936809e+01  3.010041e-02 
 2.936841e+01  3.010042e-02 
 2.936873e+01  3.010043e-02 
 2.936905e+01  3.010043e-02 
 2.936938e+01  3.010044e-02 
 2.936970e+01  3.010045e-02 
 2.937002e+01  3.010046e-02 
 2.937034e+01  3.010047e-02 
 2.937066e+01  3.010048e-02 
 2.937098e+01  3.010049e-02 
 2.937131e+01  3.010049e-02 
 2.937163e+01  3.010050e-02 
 2.937195e+01  3.010051e-02 
 2.937227e+01  3.010052e-02 
 2.937259e+01  3.010053e-02 
 2.937291e+01  3.010055e-02 
 2.937323e+01  3.010056e-02 
 2.937356e+01  3.010057e-02 
 2.937388e+01  3.010058e-02 
 2.937420e+01  3.010059e-02 
 2.937452e+01  3.010060e-02 
 2.937484e+01  3.010061e-02 
 2.937516e+01  3.010062e-02 
 2.937549e+01  3.010064e-02 
 2.937581e+01  3.010065e-02 
 2.937613e+01  3.010066e-02 
 2.937645e+01  3.010067e-02 
 2.937677e+01  3.010069e-02 
 2.937709e+01  3.010070e-02 
 2.937742e+01  3.010071e-02 
 2.937774e+01  3.010072e-02 
 2.937806e+01  3.010074e-02 
 2.937838e+01  3.010075e-02 
 2.937870e+01  3.010077e-02 
 2.937902e+01  3.010078e-02 
 2.937934e+01  3.010079e-02 
 2.937967e+01  3.010081e-02 
 2.937999e+01  3.010082e-02 
 2.938031e+01  3.010084e-02 
 2.938063e+01  3.010085e-02 
 2.938095e+01  3.010087e-02 
 2.938127e+01  3.010088e-02 
 2.938160e+01  3.010090e-02 
 2.938192e+01  3.010091e-02 
 2.938224e+01  3.010093e-02 
 2.938256e+01  3.010094e-02 
 2.938288e+01  3.010096e-02 
 2.938320e+01  3.010097e-02 
 2.938352e+01  3.010099e-02 
 2.938385e+01  3.010101e-02 
 2.938417e+01  3.010102e-02 
 2.938449e+01  3.010104e-02 
 2.938481e+01  3.010105e-02 
 2.938513e+01  3.010107e-02 
 2.938545e+01  3.010109e-02 
 2.938578e+01  3.010110e-02 
 2.938610e+01  3.010112e-02 
 2.938642e+01  3.010114e-02 
 2.938674e+01  3.010116e-02 
 2.938706e+01  3.010117e-02 
 2.938738e+01  3.010119e-02 
 2.938770e+01  3.010121e-02 
 2.938803e+01  3.010123e-02 
 2.938835e+01  3.010124e-02 
 2.938867e+01  3.010126e-02 
 2.938899e+01  3.010128e-02 
 2.938931e+01  3.010130e-02 
 2.938963e+01  3.010132e-02 
 2.938996e+01  3.010134e-02 
 2.939028e+01  3.010135e-02 
 2.939060e+01  3.010137e-02 
 2.939092e+01  3.010139e-02 
 2.939124e+01  3.010141e-02 
 2.939156e+01  3.010143e-02 
 2.939189e+01  3.010145e-02 
 2.939221e+01  3.010147e-02 
 2.939253e+01  3.010149e-02 
 2.939285e+01  3.010151e-02 
 2.939317e+01  3.010153e-02 
 2.939349e+01  3.010155e-02 
 2.939381e+01  3.010157e-02 
 2.939414e+01  3.010159e-02 
 2.939446e+01  3.010161e-02 
 2.939478e+01  3.010163e-02 
 2.939510e+01  3.010165e-02 
 2.939542e+01  3.010167e-02 
 2.939574e+01  3.010169e-02 
 2.939607e+01  3.010171e-02 
 2.939639e+01  3.010173e-02 
 2.939671e+01  3.010176e-02 
 2.939703e+01  3.010178e-02 
 2.939735e+01  3.010180e-02 
 2.939767e+01  3.010182e-02 
 2.939799e+01  3.010184e-02 
 2.939832e+01  3.010186e-02 
 2.939864e+01  3.010189e-02 
 2.939896e+01  3.010191e-02 
 2.939928e+01  3.010193e-02 
 2.939960e+01  3.010195e-02 
 2.939992e+01  3.010198e-02 
 2.940025e+01  3.010200e-02 
 2.940057e+01  3.010202e-02 
 2.940089e+01  3.010205e-02 
 2.940121e+01  3.010207e-02 
 2.940153e+01  3.010209e-02 
 2.940185e+01  3.010212e-02 
 2.940217e+01  3.010214e-02 
 2.940250e+01  3.010216e-02 
 2.940282e+01  3.010219e-02 
 2.940314e+01  3.010221e-02 
 2.940346e+01  3.010223e-02 
 2.940378e+01  3.010226e-02 
 2.940410e+01  3.010228e-02 
 2.940443e+01  3.010231e-02 
 2.940475e+01  3.010233e-02 
 2.940507e+01  3.010236e-02 
 2.940539e+01  3.010238e-02 
 2.940571e+01  3.010241e-02 
 2.940603e+01  3.010243e-02 
 2.940636e+01  3.010246e-02 
 2.940668e+01  3.010248e-02 
 2.940700e+01  3.010251e-02 
 2.940732e+01  3.010253e-02 
 2.940764e+01  3.010256e-02 
 2.940796e+01  3.010258e-02 
 2.940828e+01  3.010261e-02 
 2.940861e+01  3.010264e-02 
 2.940893e+01  3.010266e-02 
 2.940925e+01  3.010269e-02 
 2.940957e+01  3.010271e-02 
 2.940989e+01  3.010274e-02 
 2.941021e+01  3.010277e-02 
 2.941054e+01  3.010279e-02 
 2.941086e+01  3.010282e-02 
 2.941118e+01  3.010285e-02 
 2.941150e+01  3.010287e-02 
 2.941182e+01  3.010290e-02 
 2.941214e+01  3.010293e-02 
 2.941246e+01  3.010295e-02 
 2.941279e+01  3.010298e-02 
 2.941311e+01  3.010301e-02 
 2.941343e+01  3.010304e-02 
 2.941375e+01  3.010306e-02 
 2.941407e+01  3.010309e-02 
 2.941439e+01  3.010312e-02 
 2.941472e+01  3.010315e-02 
 2.941504e+01  3.010317e-02 
 2.941536e+01  3.010320e-02 
 2.941568e+01  3.010323e-02 
 2.941600e+01  3.010326e-02 
 2.941632e+01  3.010328e-02 
 2.941664e+01  3.010331e-02 
 2.941697e+01  3.010334e-02 
 2.941729e+01  3.010337e-02 
 2.941761e+01  3.010340e-02 
 2.941793e+01  3.010342e-02 
 2.941825e+01  3.010345e-02 
 2.941857e+01  3.010348e-02 
 2.941890e+01  3.010351e-02 
 2.941922e+01  3.010354e-02 
 2.941954e+01  3.010356e-02 
 2.941986e+01  3.010359e-02 
 2.942018e+01  3.010362e-02 
 2.942050e+01  3.010365e-02 
 2.942083e+01  3.010368e-02 
 2.942115e+01  3.010371e-02 
 2.942147e+01  3.010374e-02 
 2.942179e+01  3.010376e-02 
 2.942211e+01  3.010379e-02 
 2.942243e+01  3.010382e-02 
 2.942275e+01  3.010385e-02 
 2.942308e+01  3.010388e-02 
 2.942340e+01  3.010391e-02 
 2.942372e+01  3.010394e-02 
 2.942404e+01  3.010396e-02 
 2.942436e+01  3.010399e-02 
 2.942468e+01  3.010402e-02 
 2.942501e+01  3.010405e-02 
 2.942533e+01  3.010408e-02 
 2.942565e+01  3.010411e-02 
 2.942597e+01  3.010414e-02 
 2.942629e+01  3.010417e-02 
 2.942661e+01  3.010419e-02 
 2.942693e+01  3.010422e-02 
 2.942726e+01  3.010425e-02 
 2.942758e+01  3.010428e-02 
 2.942790e+01  3.010431e-02 
 2.942822e+01  3.010434e-02 
 2.942854e+01  3.010437e-02 
 2.942886e+01  3.010439e-02 
 2.942919e+01  3.010442e-02 
 2.942951e+01  3.010445e-02 
 2.942983e+01  3.010448e-02 
 2.943015e+01  3.010451e-02 
 2.943047e+01  3.010454e-02 
 2.943079e+01  3.010456e-02 
 2.943111e+01  3.010459e-02 
 2.943144e+01  3.010462e-02 
 2.943176e+01  3.010465e-02 
 2.943208e+01  3.010468e-02 
 2.943240e+01  3.010471e-02 
 2.943272e+01  3.010473e-02 
 2.943304e+01  3.010476e-02 
 2.943337e+01  3.010479e-02 
 2.943369e+01  3.010482e-02 
 2.943401e+01  3.010485e-02 
 2.943433e+01  3.010487e-02 
 2.943465e+01  3.010490e-02 
 2.943497e+01  3.010493e-02 
 2.943530e+01  3.010496e-02 
 2.943562e+01  3.010498e-02 
 2.943594e+01  3.010501e-02 
 2.943626e+01  3.010504e-02 
 2.943658e+01  3.010507e-02 
 2.943690e+01  3.010509e-02 
 2.943722e+01  3.010512e-02 
 2.943755e+01  3.010515e-02 
 2.943787e+01  3.010517e-02 
 2.943819e+01  3.010520e-02 
 2.943851e+01  3.010523e-02 
 2.943883e+01  3.010525e-02 
 2.943915e+01  3.010528e-02 
 2.943948e+01  3.010531e-02 
 2.943980e+01  3.010533e-02 
 2.944012e+01  3.010536e-02 
 2.944044e+01  3.010539e-02 
 2.944076e+01  3.010541e-02 
 2.944108e+01  3.010544e-02 
 2.944140e+01  3.010546e-02 
 2.944173e+01  3.010549e-02 
 2.944205e+01  3.010551e-02 
 2.944237e+01  3.010554e-02 
 2.944269e+01  3.010557e-02 
 2.944301e+01  3.010559e-02 
 2.944333e+01  3.010562e-02 
 2.944366e+01  3.010564e-02 
 2.944398e+01  3.010567e-02 
 2.944430e+01  3.010569e-02 
 2.944462e+01  3.010571e-02 
 2.944494e+01  3.010574e-02 
 2.944526e+01  3.010576e-02 
 2.944558e+01  3.010579e-02 
 2.944591e+01  3.010581e-02 
 2.944623e+01  3.010584e-02 
 2.944655e+01  3.010586e-02 
 2.944687e+01  3.010588e-02 
 2.944719e+01  3.010591e-02 
 2.944751e+01  3.010593e-02 
 2.944784e+01  3.010595e-02 
 2.944816e+01  3.010598e-02 
 2.944848e+01  3.010600e-02 
 2.944880e+01  3.010602e-02 
 2.944912e+01  3.010605e-02 
 2.944944e+01  3.010607e-02 
 2.944977e+01  3.010609e-02 
 2.945009e+01  3.010611e-02 
 2.945041e+01  3.010614e-02 
 2.945073e+01  3.010616e-02 
 2.945105e+01  3.010618e-02 
 2.945137e+01  3.010620e-02 
 2.945169e+01  3.010622e-02 
 2.945202e+01  3.010624e-02 
 2.945234e+01  3.010627e-02 
 2.945266e+01  3.010629e-02 
 2.945298e+01  3.010631e-02 
 2.945330e+01  3.010633e-02 
 2.945362e+01  3.010635e-02 
 2.945395e+01  3.010637e-02 
 2.945427e+01  3.010639e-02 
 2.945459e+01  3.010641e-02 
 2.945491e+01  3.010643e-02 
 2.945523e+01  3.010645e-02 
 2.945555e+01  3.010647e-02 
 2.945587e+01  3.010649e-02 
 2.945620e+01  3.010651e-02 
 2.945652e+01  3.010653e-02 
 2.945684e+01  3.010655e-02 
 2.945716e+01  3.010657e-02 
 2.945748e+01  3.010659e-02 
 2.945780e+01  3.010661e-02 
 2.945813e+01  3.010662e-02 
 2.945845e+01  3.010664e-02 
 2.945877e+01  3.010666e-02 
 2.945909e+01  3.010668e-02 
 2.945941e+01  3.010670e-02 
 2.945973e+01  3.010671e-02 
 2.946005e+01  3.010673e-02 
 2.946038e+01  3.010675e-02 
 2.946070e+01  3.010677e-02 
 2.946102e+01  3.010678e-02 
 2.946134e+01  3.010680e-02 
 2.946166e+01  3.010682e-02 
 2.946198e+01  3.010684e-02 
 2.946231e+01  3.010685e-02 
 2.946263e+01  3.010687e-02 
 2.946295e+01  3.010688e-02 
 2.946327e+01  3.010690e-02 
 2.946359e+01  3.010692e-02 
 2.946391e+01  3.010693e-02 
 2.946424e+01  3.010695e-02 
 2.946456e+01  3.010696e-02 
 2.946488e+01  3.010698e-02 
 2.946520e+01  3.010700e-02 
 2.946552e+01  3.010701e-02 
 2.946584e+01  3.010703e-02 
 2.946616e+01  3.010704e-02 
 2.946649e+01  3.010706e-02 
 2.946681e+01  3.010707e-02 
 2.946713e+01  3.010709e-02 
 2.946745e+01  3.010710e-02 
 2.946777e+01  3.010711e-02 
 2.946809e+01  3.010713e-02 
 2.946842e+01  3.010714e-02 
 2.946874e+01  3.010716e-02 
 2.946906e+01  3.010717e-02 
 2.946938e+01  3.010718e-02 
 2.946970e+01  3.010720e-02 
 2.947002e+01  3.010721e-02 
 2.947034e+01  3.010723e-02 
 2.947067e+01  3.010724e-02 
 2.947099e+01  3.010725e-02 
 2.947131e+01  3.010727e-02 
 2.947163e+01  3.010728e-02 
 2.947195e+01  3.010729e-02 
 2.947227e+01  3.010730e-02 
 2.947260e+01  3.010732e-02 
 2.947292e+01  3.010733e-02 
 2.947324e+01  3.010734e-02 
 2.947356e+01  3.010735e-02 
 2.947388e+01  3.010737e-02 
 2.947420e+01  3.010738e-02 
 2.947452e+01  3.010739e-02 
 2.947485e+01  3.010740e-02 
 2.947517e+01  3.010741e-02 
 2.947549e+01  3.010743e-02 
 2.947581e+01  3.010744e-02 
 2.947613e+01  3.010745e-02 
 2.947645e+01  3.010746e-02 
 2.947678e+01  3.010747e-02 
 2.947710e+01  3.010748e-02 
 2.947742e+01  3.010749e-02 
 2.947774e+01  3.010750e-02 
 2.947806e+01  3.010751e-02 
 2.947838e+01  3.010753e-02 
 2.947871e+01  3.010754e-02 
 2.947903e+01  3.010755e-02 
 2.947935e+01  3.010756e-02 
 2.947967e+01  3.010757e-02 
 2.947999e+01  3.010758e-02 
 2.948031e+01  3.010759e-02 
 2.948063e+01  3.010760e-02 
 2.948096e+01  3.010761e-02 
 2.948128e+01  3.010761e-02 
 2.948160e+01  3.010762e-02 
 2.948192e+01  3.010763e-02 
 2.948224e+01  3.010764e-02 
 2.948256e+01  3.010765e-02 
 2.948289e+01  3.010766e-02 
 2.948321e+01  3.010767e-02 
 2.948353e+01  3.010768e-02 
 2.948385e+01  3.010768e-02 
 2.948417e+01  3.010769e-02 
 2.948449e+01  3.010770e-02 
 2.948481e+01  3.010771e-02 
 2.948514e+01  3.010772e-02 
 2.948546e+01  3.010772e-02 
 2.948578e+01  3.010773e-02 
 2.948610e+01  3.010774e-02 
 2.948642e+01  3.010775e-02 
 2.948674e+01  3.010775e-02 
 2.948707e+01  3.010776e-02 
 2.948739e+01  3.010777e-02 
 2.948771e+01  3.010777e-02 
 2.948803e+01  3.010778e-02 
 2.948835e+01  3.010778e-02 
 2.948867e+01  3.010779e-02 
 2.948899e+01  3.010779e-02 
 2.948932e+01  3.010780e-02 
 2.948964e+01  3.010781e-02 
 2.948996e+01  3.010781e-02 
 2.949028e+01  3.010781e-02 
 2.949060e+01  3.010782e-02 
 2.949092e+01  3.010782e-02 
 2.949125e+01  3.010783e-02 
 2.949157e+01  3.010783e-02 
 2.949189e+01  3.010784e-02 
 2.949221e+01  3.010784e-02 
 2.949253e+01  3.010784e-02 
 2.949285e+01  3.010785e-02 
 2.949318e+01  3.010785e-02 
 2.949350e+01  3.010785e-02 
 2.949382e+01  3.010785e-02 
 2.949414e+01  3.010786e-02 
 2.949446e+01  3.010786e-02 
 2.949478e+01  3.010786e-02 
 2.949510e+01  3.010786e-02 
 2.949543e+01  3.010786e-02 
 2.949575e+01  3.010786e-02 
 2.949607e+01  3.010787e-02 
 2.949639e+01  3.010787e-02 
 2.949671e+01  3.010787e-02 
 2.949703e+01  3.010787e-02 
 2.949736e+01  3.010787e-02 
 2.949768e+01  3.010787e-02 
 2.949800e+01  3.010787e-02 
 2.949832e+01  3.010787e-02 
 2.949864e+01  3.010786e-02 
 2.949896e+01  3.010786e-02 
 2.949928e+01  3.010786e-02 
 2.949961e+01  3.010786e-02 
 2.949993e+01  3.010786e-02 
 2.950025e+01  3.010786e-02 
 2.950057e+01  3.010785e-02 
 2.950089e+01  3.010785e-02 
 2.950121e+01  3.010785e-02 
 2.950154e+01  3.010785e-02 
 2.950186e+01  3.010784e-02 
 2.950218e+01  3.010784e-02 
 2.950250e+01  3.010784e-02 
 2.950282e+01  3.010783e-02 
 2.950314e+01  3.010783e-02 
 2.950346e+01  3.010782e-02 
 2.950379e+01  3.010782e-02 
 2.950411e+01  3.010781e-02 
 2.950443e+01  3.010781e-02 
 2.950475e+01  3.010780e-02 
 2.950507e+01  3.010780e-02 
 2.950539e+01  3.010779e-02 
 2.950572e+01  3.010778e-02 
 2.950604e+01  3.010778e-02 
 2.950636e+01  3.010777e-02 
 2.950668e+01  3.010776e-02 
 2.950700e+01  3.010776e-02 
 2.950732e+01  3.010775e-02 
 2.950765e+01  3.010774e-02 
 2.950797e+01  3.010773e-02 
 2.950829e+01  3.010773e-02 
 2.950861e+01  3.010772e-02 
 2.950893e+01  3.010771e-02 
 2.950925e+01  3.010770e-02 
 2.950957e+01  3.010769e-02 
 2.950990e+01  3.010768e-02 
 2.951022e+01  3.010767e-02 
 2.951054e+01  3.010766e-02 
 2.951086e+01  3.010765e-02 
 2.951118e+01  3.010764e-02 
 2.951150e+01  3.010763e-02 
 2.951183e+01  3.010762e-02 
 2.951215e+01  3.010761e-02 
 2.951247e+01  3.010759e-02 
 2.951279e+01  3.010758e-02 
 2.951311e+01  3.010757e-02 
 2.951343e+01  3.010756e-02 
 2.951375e+01  3.010755e-02 
 2.951408e+01  3.010753e-02 
 2.951440e+01  3.010752e-02 
 2.951472e+01  3.010751e-02 
 2.951504e+01  3.010749e-02 
 2.951536e+01  3.010748e-02 
 2.951568e+01  3.010746e-02 
 2.951601e+01  3.010745e-02 
 2.951633e+01  3.010744e-02 
 2.951665e+01  3.010742e-02 
 2.951697e+01  3.010741e-02 
 2.951729e+01  3.010739e-02 
 2.951761e+01  3.010737e-02 
 2.951793e+01  3.010736e-02 
 2.951826e+01  3.010734e-02 
 2.951858e+01  3.010733e-02 
 2.951890e+01  3.010731e-02 
 2.951922e+01  3.010729e-02 
 2.951954e+01  3.010728e-02 
 2.951986e+01  3.010726e-02 
 2.952019e+01  3.010724e-02 
 2.952051e+01  3.010722e-02 
 2.952083e+01  3.010720e-02 
 2.952115e+01  3.010719e-02 
 2.952147e+01  3.010717e-02 
 2.952179e+01  3.010715e-02 
 2.952212e+01  3.010713e-02 
 2.952244e+01  3.010711e-02 
 2.952276e+01  3.010709e-02 
 2.952308e+01  3.010707e-02 
 2.952340e+01  3.010705e-02 
 2.952372e+01  3.010703e-02 
 2.952404e+01  3.010701e-02 
 2.952437e+01  3.010699e-02 
 2.952469e+01  3.010697e-02 
 2.952501e+01  3.010694e-02 
 2.952533e+01  3.010692e-02 
 2.952565e+01  3.010690e-02 
 2.952597e+01  3.010688e-02 
 2.952630e+01  3.010686e-02 
 2.952662e+01  3.010683e-02 
 2.952694e+01  3.010681e-02 
 2.952726e+01  3.010679e-02 
 2.952758e+01  3.010676e-02 
 2.952790e+01  3.010674e-02 
 2.952822e+01  3.010672e-02 
 2.952855e+01  3.010669e-02 
 2.952887e+01  3.010667e-02 
 2.952919e+01  3.010664e-02 
 2.952951e+01  3.010662e-02 
 2.952983e+01  3.010659e-02 
 2.953015e+01  3.010657e-02 
 2.953048e+01  3.010654e-02 
 2.953080e+01  3.010651e-02 
 2.953112e+01  3.010649e-02 
 2.953144e+01  3.010646e-02 
 2.953176e+01  3.010643e-02 
 2.953208e+01  3.010641e-02 
 2.953240e+01  3.010638e-02 
 2.953273e+01  3.010635e-02 
 2.953305e+01  3.010632e-02 
 2.953337e+01  3.010630e-02 
 2.953369e+01  3.010627e-02 
 2.953401e+01  3.010624e-02 
 2.953433e+01  3.010621e-02 
 2.953466e+01  3.010618e-02 
 2.953498e+01  3.010615e-02 
 2.953530e+01  3.010612e-02 
 2.953562e+01  3.010609e-02 
 2.953594e+01  3.010606e-02 
 2.953626e+01  3.010603e-02 
 2.953659e+01  3.010600e-02 
 2.953691e+01  3.010597e-02 
 2.953723e+01  3.010594e-02 
 2.953755e+01  3.010591e-02 
 2.953787e+01  3.010587e-02 
 2.953819e+01  3.010584e-02 
 2.953851e+01  3.010581e-02 
 2.953884e+01  3.010578e-02 
 2.953916e+01  3.010574e-02 
 2.953948e+01  3.010571e-02 
 2.953980e+01  3.010568e-02 
 2.954012e+01  3.010564e-02 
 2.954044e+01  3.010561e-02 
 2.954077e+01  3.010558e-02 
 2.954109e+01  3.010554e-02 
 2.954141e+01  3.010551e-02 
 2.954173e+01  3.010547e-02 
 2.954205e+01  3.010544e-02 
 2.954237e+01  3.010540e-02 
 2.954269e+01  3.010537e-02 
 2.954302e+01  3.010533e-02 
 2.954334e+01  3.010529e-02 
 2.954366e+01  3.010526e-02 
 2.954398e+01  3.010522e-02 
 2.954430e+01  3.010518e-02 
 2.954462e+01  3.010515e-02 
 2.954495e+01  3.010511e-02 
 2.954527e+01  3.010507e-02 
 2.954559e+01  3.010503e-02 
 2.954591e+01  3.010500e-02 
 2.954623e+01  3.010496e-02 
 2.954655e+01  3.010492e-02 
 2.954687e+01  3.010488e-02 
 2.954720e+01  3.010484e-02 
 2.954752e+01  3.010480e-02 
 2.954784e+01  3.010476e-02 
 2.954816e+01  3.010472e-02 
 2.954848e+01  3.010468e-02 
 2.954880e+01  3.010464e-02 
 2.954913e+01  3.010460e-02 
 2.954945e+01  3.010456e-02 
 2.954977e+01  3.010452e-02 
 2.955009e+01  3.010448e-02 
 2.955041e+01  3.010444e-02 
 2.955073e+01  3.010440e-02 
 2.955106e+01  3.010436e-02 
 2.955138e+01  3.010431e-02 
 2.955170e+01  3.010427e-02 
 2.955202e+01  3.010423e-02 
 2.955234e+01  3.010419e-02 
 2.955266e+01  3.010414e-02 
 2.955298e+01  3.010410e-02 
 2.955331e+01  3.010406e-02 
 2.955363e+01  3.010401e-02 
 2.955395e+01  3.010397e-02 
 2.955427e+01  3.010393e-02 
 2.955459e+01  3.010388e-02 
 2.955491e+01  3.010384e-02 
 2.955524e+01  3.010379e-02 
 2.955556e+01  3.010375e-02 
 2.955588e+01  3.010370e-02 
 2.955620e+01  3.010366e-02 
 2.955652e+01  3.010361e-02 
 2.955684e+01  3.010357e-02 
 2.955716e+01  3.010352e-02 
 2.955749e+01  3.010348e-02 
 2.955781e+01  3.010343e-02 
 2.955813e+01  3.010338e-02 
 2.955845e+01  3.010334e-02 
 2.955877e+01  3.010329e-02 
 2.955909e+01  3.010324e-02 
 2.955942e+01  3.010320e-02 
 2.955974e+01  3.010315e-02 
 2.956006e+01  3.010310e-02 
 2.956038e+01  3.010305e-02 
 2.956070e+01  3.010300e-02 
 2.956102e+01  3.010296e-02 
 2.956134e+01  3.010291e-02 
 2.956167e+01  3.010286e-02 
 2.956199e+01  3.010281e-02 
 2.956231e+01  3.010276e-02 
 2.956263e+01  3.010271e-02 
 2.956295e+01  3.010266e-02 
 2.956327e+01  3.010261e-02 
 2.956360e+01  3.010256e-02 
 2.956392e+01  3.010251e-02 
 2.956424e+01  3.010246e-02 
 2.956456e+01  3.010241e-02 
 2.956488e+01  3.010236e-02 
 2.956520e+01  3.010231e-02 
 2.956553e+01  3.010226e-02 
 2.956585e+01  3.010221e-02 
 2.956617e+01  3.010216e-02 
 2.956649e+01  3.010211e-02 
 2.956681e+01  3.010205e-02 
 2.956713e+01  3.010200e-02 
 2.956745e+01  3.010195e-02 
 2.956778e+01  3.010190e-02 
 2.956810e+01  3.010185e-02 
 2.956842e+01  3.010179e-02 
 2.956874e+01  3.010174e-02 
 2.956906e+01  3.010169e-02 
 2.956938e+01  3.010163e-02 
 2.956971e+01  3.010158e-02 
 2.957003e+01  3.010153e-02 
 2.957035e+01  3.010147e-02 
 2.957067e+01  3.010142e-02 
 2.957099e+01  3.010137e-02 
 2.957131e+01  3.010131e-02 
 2.957163e+01  3.010126e-02 
 2.957196e+01  3.010120e-02 
 2.957228e+01  3.010115e-02 
 2.957260e+01  3.010110e-02 
 2.957292e+01  3.010104e-02 
 2.957324e+01  3.010099e-02 
 2.957356e+01  3.010093e-02 
 2.957389e+01  3.010088e-02 
 2.957421e+01  3.010082e-02 
 2.957453e+01  3.010076e-02 
 2.957485e+01  3.010071e-02 
 2.957517e+01  3.010065e-02 
 2.957549e+01  3.010060e-02 
 2.957581e+01  3.010054e-02 
 2.957614e+01  3.010049e-02 
 2.957646e+01  3.010043e-02 
 2.957678e+01  3.010037e-02 
 2.957710e+01  3.010032e-02 
 2.957742e+01  3.010026e-02 
 2.957774e+01  3.010020e-02 
 2.957807e+01  3.010015e-02 
 2.957839e+01  3.010009e-02 
 2.957871e+01  3.010003e-02 
 2.957903e+01  3.009997e-02 
 2.957935e+01  3.009992e-02 
 2.957967e+01  3.009986e-02 
 2.958000e+01  3.009980e-02 
 2.958032e+01  3.009974e-02 
 2.958064e+01  3.009969e-02 
 2.958096e+01  3.009963e-02 
 2.958128e+01  3.009957e-02 
 2.958160e+01  3.009951e-02 
 2.958192e+01  3.009945e-02 
 2.958225e+01  3.009939e-02 
 2.958257e+01  3.009934e-02 
 2.958289e+01  3.009928e-02 
 2.958321e+01  3.009922e-02 
 2.958353e+01  3.009916e-02 
 2.958385e+01  3.009910e-02 
 2.958418e+01  3.009904e-02 
 2.958450e+01  3.009898e-02 
 2.958482e+01  3.009892e-02 
 2.958514e+01  3.009886e-02 
 2.958546e+01  3.009880e-02 
 2.958578e+01  3.009874e-02 
 2.958610e+01  3.009868e-02 
 2.958643e+01  3.009862e-02 
 2.958675e+01  3.009856e-02 
 2.958707e+01  3.009850e-02 
 2.958739e+01  3.009844e-02 
 2.958771e+01  3.009838e-02 
 2.958803e+01  3.009832e-02 
 2.958836e+01  3.009826e-02 
 2.958868e+01  3.009820e-02 
 2.958900e+01  3.009814e-02 
 2.958932e+01  3.009808e-02 
 2.958964e+01  3.009802e-02 
 2.958996e+01  3.009796e-02 
 2.959028e+01  3.009790e-02 
 2.959061e+01  3.009783e-02 
 2.959093e+01  3.009777e-02 
 2.959125e+01  3.009771e-02 
 2.959157e+01  3.009765e-02 
 2.959189e+01  3.009759e-02 
 2.959221e+01  3.009753e-02 
 2.959254e+01  3.009747e-02 
 2.959286e+01  3.009740e-02 
 2.959318e+01  3.009734e-02 
 2.959350e+01  3.009728e-02 
 2.959382e+01  3.009722e-02 
 2.959414e+01  3.009716e-02 
 2.959447e+01  3.009709e-02 
 2.959479e+01  3.009703e-02 
 2.959511e+01  3.009697e-02 
 2.959543e+01  3.009691e-02 
 2.959575e+01  3.009684e-02 
 2.959607e+01  3.009678e-02 
 2.959639e+01  3.009672e-02 
 2.959672e+01  3.009666e-02 
 2.959704e+01  3.009659e-02 
 2.959736e+01  3.009653e-02 
 2.959768e+01  3.009647e-02 
 2.959800e+01  3.009641e-02 
 2.959832e+01  3.009634e-02 
 2.959865e+01  3.009628e-02 
 2.959897e+01  3.009622e-02 
 2.959929e+01  3.009615e-02 
 2.959961e+01  3.009609e-02 
 2.959993e+01  3.009603e-02 
 2.960025e+01  3.009597e-02 
 2.960057e+01  3.009590e-02 
 2.960090e+01  3.009584e-02 
 2.960122e+01  3.009578e-02 
 2.960154e+01  3.009571e-02 
 2.960186e+01  3.009565e-02 
 2.960218e+01  3.009559e-02 
 2.960250e+01  3.009552e-02 
 2.960283e+01  3.009546e-02 
 2.960315e+01  3.009540e-02 
 2.960347e+01  3.009533e-02 
 2.960379e+01  3.009527e-02 
 2.960411e+01  3.009521e-02 
 2.960443e+01  3.009514e-02 
 2.960475e+01  3.009508e-02 
 2.960508e+01  3.009501e-02 
 2.960540e+01  3.009495e-02 
 2.960572e+01  3.009489e-02 
 2.960604e+01  3.009482e-02 
 2.960636e+01  3.009476e-02 
 2.960668e+01  3.009470e-02 
 2.960701e+01  3.009463e-02 
 2.960733e+01  3.009457e-02 
 2.960765e+01  3.009450e-02 
 2.960797e+01  3.009444e-02 
 2.960829e+01  3.009438e-02 
 2.960861e+01  3.009431e-02 
 2.960894e+01  3.009425e-02 
 2.960926e+01  3.009419e-02 
 2.960958e+01  3.009412e-02 
 2.960990e+01  3.009406e-02 
 2.961022e+01  3.009399e-02 
 2.961054e+01  3.009393e-02 
 2.961086e+01  3.009387e-02 
 2.961119e+01  3.009380e-02 
 2.961151e+01  3.009374e-02 
 2.961183e+01  3.009367e-02 
 2.961215e+01  3.009361e-02 
 2.961247e+01  3.009355e-02 
 2.961279e+01  3.009348e-02 
 2.961312e+01  3.009342e-02 
 2.961344e+01  3.009335e-02 
 2.961376e+01  3.009329e-02 
 2.961408e+01  3.009323e-02 
 2.961440e+01  3.009316e-02 
 2.961472e+01  3.009310e-02 
 2.961504e+01  3.009303e-02 
 2.961537e+01  3.009297e-02 
 2.961569e+01  3.009291e-02 
 2.961601e+01  3.009284e-02 
 2.961633e+01  3.009278e-02 
 2.961665e+01  3.009271e-02 
 2.961697e+01  3.009265e-02 
 2.961730e+01  3.009259e-02 
 2.961762e+01  3.009252e-02 
 2.961794e+01  3.009246e-02 
 2.961826e+01  3.009239e-02 
 2.961858e+01  3.009233e-02 
 2.961890e+01  3.009227e-02 
 2.961922e+01  3.009220e-02 
 2.961955e+01  3.009214e-02 
 2.961987e+01  3.009207e-02 
 2.962019e+01  3.009201e-02 
 2.962051e+01  3.009195e-02 
 2.962083e+01  3.009188e-02 
 2.962115e+01  3.009182e-02 
 2.962148e+01  3.009176e-02 
 2.962180e+01  3.009169e-02 
 2.962212e+01  3.009163e-02 
 2.962244e+01  3.009157e-02 
 2.962276e+01  3.009150e-02 
 2.962308e+01  3.009144e-02 
 2.962341e+01  3.009138e-02 
 2.962373e+01  3.009131e-02 
 2.962405e+01  3.009125e-02 
 2.962437e+01  3.009119e-02 
 2.962469e+01  3.009112e-02 
 2.962501e+01  3.009106e-02 
 2.962533e+01  3.009100e-02 
 2.962566e+01  3.009094e-02 
 2.962598e+01  3.009087e-02 
 2.962630e+01  3.009081e-02 
 2.962662e+01  3.009075e-02 
 2.962694e+01  3.009068e-02 
 2.962726e+01  3.009062e-02 
 2.962759e+01  3.009056e-02 
 2.962791e+01  3.009050e-02 
 2.962823e+01  3.009043e-02 
 2.962855e+01  3.009037e-02 
 2.962887e+01  3.009031e-02 
 2.962919e+01  3.009025e-02 
 2.962951e+01  3.009019e-02 
 2.962984e+01  3.009012e-02 
 2.963016e+01  3.009006e-02 
 2.963048e+01  3.009000e-02 
 2.963080e+01  3.008994e-02 
 2.963112e+01  3.008988e-02 
 2.963144e+01  3.008982e-02 
 2.963177e+01  3.008975e-02 
 2.963209e+01  3.008969e-02 
 2.963241e+01  3.008963e-02 
 2.963273e+01  3.008957e-02 
 2.963305e+01  3.008951e-02 
 2.963337e+01  3.008945e-02 
 2.963369e+01  3.008939e-02 
 2.963402e+01  3.008933e-02 
 2.963434e+01  3.008927e-02 
 2.963466e+01  3.008920e-02 
 2.963498e+01  3.008914e-02 
 2.963530e+01  3.008908e-02 
 2.963562e+01  3.008902e-02 
 2.963595e+01  3.008896e-02 
 2.963627e+01  3.008890e-02 
 2.963659e+01  3.008884e-02 
 2.963691e+01  3.008878e-02 
 2.963723e+01  3.008872e-02 
 2.963755e+01  3.008866e-02 
 2.963788e+01  3.008860e-02 
 2.963820e+01  3.008854e-02 
 2.963852e+01  3.008848e-02 
 2.963884e+01  3.008842e-02 
 2.963916e+01  3.008836e-02 
 2.963948e+01  3.008830e-02 
 2.963980e+01  3.008825e-02 
 2.964013e+01  3.008819e-02 
 2.964045e+01  3.008813e-02 
 2.964077e+01  3.008807e-02 
 2.964109e+01  3.008801e-02 
 2.964141e+01  3.008795e-02 
 2.964173e+01  3.008789e-02 
 2.964206e+01  3.008783e-02 
 2.964238e+01  3.008777e-02 
 2.964270e+01  3.008772e-02 
 2.964302e+01  3.008766e-02 
 2.964334e+01  3.008760e-02 
 2.964366e+01  3.008754e-02 
 2.964398e+01  3.008748e-02 
 2.964431e+01  3.008742e-02 
 2.964463e+01  3.008737e-02 
 2.964495e+01  3.008731e-02 
 2.964527e+01  3.008725e-02 
 2.964559e+01  3.008719e-02 
 2.964591e+01  3.008714e-02 
 2.964624e+01  3.008708e-02 
 2.964656e+01  3.008702e-02 
 2.964688e+01  3.008696e-02 
 2.964720e+01  3.008691e-02 
 2.964752e+01  3.008685e-02 
 2.964784e+01  3.008679e-02 
 2.964816e+01  3.008674e-02 
 2.964849e+01  3.008668e-02 
 2.964881e+01  3.008662e-02 
 2.964913e+01  3.008657e-02 
 2.964945e+01  3.008651e-02 
 2.964977e+01  3.008645e-02 
 2.965009e+01  3.008640e-02 
 2.965042e+01  3.008634e-02 
 2.965074e+01  3.008629e-02 
 2.965106e+01  3.008623e-02 
 2.965138e+01  3.008617e-02 
 2.965170e+01  3.008612e-02 
 2.965202e+01  3.008606e-02 
 2.965235e+01  3.008601e-02 
 2.965267e+01  3.008595e-02 
 2.965299e+01  3.008590e-02 
 2.965331e+01  3.008584e-02 
 2.965363e+01  3.008579e-02 
 2.965395e+01  3.008573e-02 
 2.965427e+01  3.008568e-02 
 2.965460e+01  3.008562e-02 
 2.965492e+01  3.008557e-02 
 2.965524e+01  3.008551e-02 
 2.965556e+01  3.008546e-02 
 2.965588e+01  3.008541e-02 
 2.965620e+01  3.008535e-02 
 2.965653e+01  3.008530e-02 
 2.965685e+01  3.008525e-02 
 2.965717e+01  3.008519e-02 
 2.965749e+01  3.008514e-02 
 2.965781e+01  3.008509e-02 
 2.965813e+01  3.008503e-02 
 2.965845e+01  3.008498e-02 
 2.965878e+01  3.008493e-02 
 2.965910e+01  3.008487e-02 
 2.965942e+01  3.008482e-02 
 2.965974e+01  3.008477e-02 
 2.966006e+01  3.008472e-02 
 2.966038e+01  3.008466e-02 
 2.966071e+01  3.008461e-02 
 2.966103e+01  3.008456e-02 
 2.966135e+01  3.008451e-02 
 2.966167e+01  3.008446e-02 
 2.966199e+01  3.008441e-02 
 2.966231e+01  3.008435e-02 
 2.966263e+01  3.008430e-02 
 2.966296e+01  3.008425e-02 
 2.966328e+01  3.008420e-02 
 2.966360e+01  3.008415e-02 
 2.966392e+01  3.008410e-02 
 2.966424e+01  3.008405e-02 
 2.966456e+01  3.008400e-02 
 2.966489e+01  3.008395e-02 
 2.966521e+01  3.008390e-02 
 2.966553e+01  3.008385e-02 
 2.966585e+01  3.008380e-02 
 2.966617e+01  3.008375e-02 
 2.966649e+01  3.008370e-02 
 2.966682e+01  3.008365e-02 
 2.966714e+01  3.008360e-02 
 2.966746e+01  3.008355e-02 
 2.966778e+01  3.008351e-02 
 2.966810e+01  3.008346e-02 
 2.966842e+01  3.008341e-02 
 2.966874e+01  3.008336e-02 
 2.966907e+01  3.008331e-02 
 2.966939e+01  3.008326e-02 
 2.966971e+01  3.008322e-02 
 2.967003e+01  3.008317e-02 
 2.967035e+01  3.008312e-02 
 2.967067e+01  3.008308e-02 
 2.967100e+01  3.008303e-02 
 2.967132e+01  3.008298e-02 
 2.967164e+01  3.008294e-02 
 2.967196e+01  3.008289e-02 
 2.967228e+01  3.008284e-02 
 2.967260e+01  3.008280e-02 
 2.967292e+01  3.008275e-02 
 2.967325e+01  3.008271e-02 
 2.967357e+01  3.008266e-02 
 2.967389e+01  3.008261e-02 
 2.967421e+01  3.008257e-02 
 2.967453e+01  3.008252e-02 
 2.967485e+01  3.008248e-02 
 2.967518e+01  3.008244e-02 
 2.967550e+01  3.008239e-02 
 2.967582e+01  3.008235e-02 
 2.967614e+01  3.008230e-02 
 2.967646e+01  3.008226e-02 
 2.967678e+01  3.008222e-02 
 2.967710e+01  3.008217e-02 
 2.967743e+01  3.008213e-02 
 2.967775e+01  3.008209e-02 
 2.967807e+01  3.008204e-02 
 2.967839e+01  3.008200e-02 
 2.967871e+01  3.008196e-02 
 2.967903e+01  3.008192e-02 
 2.967936e+01  3.008188e-02 
 2.967968e+01  3.008183e-02 
 2.968000e+01  3.008179e-02 
 2.968032e+01  3.008175e-02 
 2.968064e+01  3.008171e-02 
 2.968096e+01  3.008167e-02 
 2.968129e+01  3.008163e-02 
 2.968161e+01  3.008159e-02 
 2.968193e+01  3.008155e-02 
 2.968225e+01  3.008151e-02 
 2.968257e+01  3.008147e-02 
 2.968289e+01  3.008143e-02 
 2.968321e+01  3.008139e-02 
 2.968354e+01  3.008135e-02 
 2.968386e+01  3.008131e-02 
 2.968418e+01  3.008127e-02 
 2.968450e+01  3.008124e-02 
 2.968482e+01  3.008120e-02 
 2.968514e+01  3.008116e-02 
 2.968547e+01  3.008112e-02 
 2.968579e+01  3.008108e-02 
 2.968611e+01  3.008105e-02 
 2.968643e+01  3.008101e-02 
 2.968675e+01  3.008097e-02 
 2.968707e+01  3.008094e-02 
 2.968739e+01  3.008090e-02 
 2.968772e+01  3.008086e-02 
 2.968804e+01  3.008083e-02 
 2.968836e+01  3.008079e-02 
 2.968868e+01  3.008076e-02 
 2.968900e+01  3.008072e-02 
 2.968932e+01  3.008069e-02 
 2.968965e+01  3.008065e-02 
 2.968997e+01  3.008062e-02 
 2.969029e+01  3.008058e-02 
 2.969061e+01  3.008055e-02 
 2.969093e+01  3.008051e-02 
 2.969125e+01  3.008048e-02 
 2.969157e+01  3.008045e-02 
 2.969190e+01  3.008041e-02 
 2.969222e+01  3.008038e-02 
 2.969254e+01  3.008035e-02 
 2.969286e+01  3.008031e-02 
 2.969318e+01  3.008028e-02 
 2.969350e+01  3.008025e-02 
 2.969383e+01  3.008022e-02 
 2.969415e+01  3.008019e-02 
 2.969447e+01  3.008015e-02 
 2.969479e+01  3.008012e-02 
 2.969511e+01  3.008009e-02 
 2.969543e+01  3.008006e-02 
 2.969576e+01  3.008003e-02 
 2.969608e+01  3.008000e-02 
 2.969640e+01  3.007997e-02 
 2.969672e+01  3.007994e-02 
 2.969704e+01  3.007991e-02 
 2.969736e+01  3.007988e-02 
 2.969768e+01  3.007985e-02 
 2.969801e+01  3.007982e-02 
 2.969833e+01  3.007979e-02 
 2.969865e+01  3.007976e-02 
 2.969897e+01  3.007973e-02 
 2.969929e+01  3.007970e-02 
 2.969961e+01  3.007968e-02 
 2.969994e+01  3.007965e-02 
 2.970026e+01  3.007962e-02 
 2.970058e+01  3.007959e-02 
 2.970090e+01  3.007957e-02 
 2.970122e+01  3.007954e-02 
 2.970154e+01  3.007951e-02 
 2.970186e+01  3.007948e-02 
 2.970219e+01  3.007946e-02 
 2.970251e+01  3.007943e-02 
 2.970283e+01  3.007941e-02 
 2.970315e+01  3.007938e-02 
 2.970347e+01  3.007935e-02 
 2.970379e+01  3.007933e-02 
 2.970412e+01  3.007930e-02 
 2.970444e+01  3.007928e-02 
 2.970476e+01  3.007925e-02 
 2.970508e+01  3.007923e-02 
 2.970540e+01  3.007920e-02 
 2.970572e+01  3.007918e-02 
 2.970604e+01  3.007916e-02 
 2.970637e+01  3.007913e-02 
 2.970669e+01  3.007911e-02 
 2.970701e+01  3.007909e-02 
 2.970733e+01  3.007906e-02 
 2.970765e+01  3.007904e-02 
 2.970797e+01  3.007902e-02 
 2.970830e+01  3.007899e-02 
 2.970862e+01  3.007897e-02 
 2.970894e+01  3.007895e-02 
 2.970926e+01  3.007893e-02 
 2.970958e+01  3.007891e-02 
 2.970990e+01  3.007889e-02 
 2.971023e+01  3.007886e-02 
 2.971055e+01  3.007884e-02 
 2.971087e+01  3.007882e-02 
 2.971119e+01  3.007880e-02 
 2.971151e+01  3.007878e-02 
 2.971183e+01  3.007876e-02 
 2.971215e+01  3.007874e-02 
 2.971248e+01  3.007872e-02 
 2.971280e+01  3.007870e-02 
 2.971312e+01  3.007868e-02 
 2.971344e+01  3.007866e-02 
 2.971376e+01  3.007864e-02 
 2.971408e+01  3.007863e-02 
 2.971441e+01  3.007861e-02 
 2.971473e+01  3.007859e-02 
 2.971505e+01  3.007857e-02 
 2.971537e+01  3.007855e-02 
 2.971569e+01  3.007853e-02 
 2.971601e+01  3.007852e-02 
 2.971633e+01  3.007850e-02 
 2.971666e+01  3.007848e-02 
 2.971698e+01  3.007847e-02 
 2.971730e+01  3.007845e-02 
 2.971762e+01  3.007843e-02 
 2.971794e+01  3.007842e-02 
 2.971826e+01  3.007840e-02 
 2.971859e+01  3.007838e-02 
 2.971891e+01  3.007837e-02 
 2.971923e+01  3.007835e-02 
 2.971955e+01  3.007834e-02 
 2.971987e+01  3.007832e-02 
 2.972019e+01  3.007831e-02 
 2.972051e+01  3.007829e-02 
 2.972084e+01  3.007828e-02 
 2.972116e+01  3.007827e-02 
 2.972148e+01  3.007825e-02 
 2.972180e+01  3.007824e-02 
 2.972212e+01  3.007822e-02 
 2.972244e+01  3.007821e-02 
 2.972277e+01  3.007820e-02 
 2.972309e+01  3.007818e-02 
 2.972341e+01  3.007817e-02 
 2.972373e+01  3.007816e-02 
 2.972405e+01  3.007815e-02 
 2.972437e+01  3.007813e-02 
 2.972470e+01  3.007812e-02 
 2.972502e+01  3.007811e-02 
 2.972534e+01  3.007810e-02 
 2.972566e+01  3.007809e-02 
 2.972598e+01  3.007808e-02 
 2.972630e+01  3.007807e-02 
 2.972662e+01  3.007805e-02 
 2.972695e+01  3.007804e-02 
 2.972727e+01  3.007803e-02 
 2.972759e+01  3.007802e-02 
 2.972791e+01  3.007801e-02 
 2.972823e+01  3.007800e-02 
 2.972855e+01  3.007799e-02 
 2.972888e+01  3.007799e-02 
 2.972920e+01  3.007798e-02 
 2.972952e+01  3.007797e-02 
 2.972984e+01  3.007796e-02 
 2.973016e+01  3.007795e-02 
 2.973048e+01  3.007794e-02 
 2.973080e+01  3.007793e-02 
 2.973113e+01  3.007793e-02 
 2.973145e+01  3.007792e-02 
 2.973177e+01  3.007791e-02 
 2.973209e+01  3.007790e-02 
 2.973241e+01  3.007790e-02 
 2.973273e+01  3.007789e-02 
 2.973306e+01  3.007788e-02 
 2.973338e+01  3.007787e-02 
 2.973370e+01  3.007787e-02 
 2.973402e+01  3.007786e-02 
 2.973434e+01  3.007786e-02 
 2.973466e+01  3.007785e-02 
 2.973498e+01  3.007784e-02 
 2.973531e+01  3.007784e-02 
 2.973563e+01  3.007783e-02 
 2.973595e+01  3.007783e-02 
 2.973627e+01  3.007782e-02 
 2.973659e+01  3.007782e-02 
 2.973691e+01  3.007781e-02 
 2.973724e+01  3.007781e-02 
 2.973756e+01  3.007781e-02 
 2.973788e+01  3.007780e-02 
 2.973820e+01  3.007780e-02 
 2.973852e+01  3.007779e-02 
 2.973884e+01  3.007779e-02 
 2.973917e+01  3.007779e-02 
 2.973949e+01  3.007778e-02 
 2.973981e+01  3.007778e-02 
 2.974013e+01  3.007778e-02 
 2.974045e+01  3.007777e-02 
 2.974077e+01  3.007777e-02 
 2.974109e+01  3.007777e-02 
 2.974142e+01  3.007777e-02 
 2.974174e+01  3.007776e-02 
 2.974206e+01  3.007776e-02 
 2.974238e+01  3.007776e-02 
 2.974270e+01  3.007776e-02 
 2.974302e+01  3.007776e-02 
 2.974335e+01  3.007776e-02 
 2.974367e+01  3.007776e-02 
 2.974399e+01  3.007775e-02 
 2.974431e+01  3.007775e-02 
 2.974463e+01  3.007775e-02 
 2.974495e+01  3.007775e-02 
 2.974527e+01  3.007775e-02 
 2.974560e+01  3.007775e-02 
 2.974592e+01  3.007775e-02 
 2.974624e+01  3.007775e-02 
 2.974656e+01  3.007775e-02 
 2.974688e+01  3.007775e-02 
 2.974720e+01  3.007775e-02 
 2.974753e+01  3.007775e-02 
 2.974785e+01  3.007775e-02 
 2.974817e+01  3.007776e-02 
 2.974849e+01  3.007776e-02 
 2.974881e+01  3.007776e-02 
 2.974913e+01  3.007776e-02 
 2.974945e+01  3.007776e-02 
 2.974978e+01  3.007776e-02 
 2.975010e+01  3.007776e-02 
 2.975042e+01  3.007777e-02 
 2.975074e+01  3.007777e-02 
 2.975106e+01  3.007777e-02 
 2.975138e+01  3.007777e-02 
 2.975171e+01  3.007778e-02 
 2.975203e+01  3.007778e-02 
 2.975235e+01  3.007778e-02 
 2.975267e+01  3.007779e-02 
 2.975299e+01  3.007779e-02 
 2.975331e+01  3.007779e-02 
 2.975364e+01  3.007780e-02 
 2.975396e+01  3.007780e-02 
 2.975428e+01  3.007780e-02 
 2.975460e+01  3.007781e-02 
 2.975492e+01  3.007781e-02 
 2.975524e+01  3.007782e-02 
 2.975556e+01  3.007782e-02 
 2.975589e+01  3.007783e-02 
 2.975621e+01  3.007783e-02 
 2.975653e+01  3.007784e-02 
 2.975685e+01  3.007784e-02 
 2.975717e+01  3.007785e-02 
 2.975749e+01  3.007785e-02 
 2.975782e+01  3.007786e-02 
 2.975814e+01  3.007786e-02 
 2.975846e+01  3.007787e-02 
 2.975878e+01  3.007787e-02 
 2.975910e+01  3.007788e-02 
 2.975942e+01  3.007789e-02 
 2.975974e+01  3.007789e-02 
 2.976007e+01  3.007790e-02 
 2.976039e+01  3.007791e-02 
 2.976071e+01  3.007791e-02 
 2.976103e+01  3.007792e-02 
 2.976135e+01  3.007793e-02 
 2.976167e+01  3.007793e-02 
 2.976200e+01  3.007794e-02 
 2.976232e+01  3.007795e-02 
 2.976264e+01  3.007796e-02 
 2.976296e+01  3.007797e-02 
 2.976328e+01  3.007797e-02 
 2.976360e+01  3.007798e-02 
 2.976392e+01  3.007799e-02 
 2.976425e+01  3.007800e-02 
 2.976457e+01  3.007801e-02 
 2.976489e+01  3.007802e-02 
 2.976521e+01  3.007803e-02 
 2.976553e+01  3.007803e-02 
 2.976585e+01  3.007804e-02 
 2.976618e+01  3.007805e-02 
 2.976650e+01  3.007806e-02 
 2.976682e+01  3.007807e-02 
 2.976714e+01  3.007808e-02 
 2.976746e+01  3.007809e-02 
 2.976778e+01  3.007810e-02 
 2.976811e+01  3.007811e-02 
 2.976843e+01  3.007812e-02 
 2.976875e+01  3.007813e-02 
 2.976907e+01  3.007815e-02 
 2.976939e+01  3.007816e-02 
 2.976971e+01  3.007817e-02 
 2.977003e+01  3.007818e-02 
 2.977036e+01  3.007819e-02 
 2.977068e+01  3.007820e-02 
 2.977100e+01  3.007821e-02 
 2.977132e+01  3.007822e-02 
 2.977164e+01  3.007824e-02 
 2.977196e+01  3.007825e-02 
 2.977229e+01  3.007826e-02 
 2.977261e+01  3.007827e-02 
 2.977293e+01  3.007828e-02 
 2.977325e+01  3.007830e-02 
 2.977357e+01  3.007831e-02 
 2.977389e+01  3.007832e-02 
 2.977421e+01  3.007834e-02 
 2.977454e+01  3.007835e-02 
 2.977486e+01  3.007836e-02 
 2.977518e+01  3.007838e-02 
 2.977550e+01  3.007839e-02 
 2.977582e+01  3.007840e-02 
 2.977614e+01  3.007842e-02 
 2.977647e+01  3.007843e-02 
 2.977679e+01  3.007844e-02 
 2.977711e+01  3.007846e-02 
 2.977743e+01  3.007847e-02 
 2.977775e+01  3.007849e-02 
 2.977807e+01  3.007850e-02 
 2.977839e+01  3.007851e-02 
 2.977872e+01  3.007853e-02 
 2.977904e+01  3.007854e-02 
 2.977936e+01  3.007856e-02 
 2.977968e+01  3.007857e-02 
 2.978000e+01  3.007859e-02 
 2.978032e+01  3.007860e-02 
 2.978065e+01  3.007862e-02 
 2.978097e+01  3.007863e-02 
 2.978129e+01  3.007865e-02 
 2.978161e+01  3.007867e-02 
 2.978193e+01  3.007868e-02 
 2.978225e+01  3.007870e-02 
 2.978258e+01  3.007871e-02 
 2.978290e+01  3.007873e-02 
 2.978322e+01  3.007874e-02 
 2.978354e+01  3.007876e-02 
 2.978386e+01  3.007878e-02 
 2.978418e+01  3.007879e-02 
 2.978450e+01  3.007881e-02 
 2.978483e+01  3.007883e-02 
 2.978515e+01  3.007884e-02 
 2.978547e+01  3.007886e-02 
 2.978579e+01  3.007888e-02 
 2.978611e+01  3.007889e-02 
 2.978643e+01  3.007891e-02 
 2.978676e+01  3.007893e-02 
 2.978708e+01  3.007894e-02 
 2.978740e+01  3.007896e-02 
 2.978772e+01  3.007898e-02 
 2.978804e+01  3.007900e-02 
 2.978836e+01  3.007901e-02 
 2.978868e+01  3.007903e-02 
 2.978901e+01  3.007905e-02 
 2.978933e+01  3.007907e-02 
 2.978965e+01  3.007908e-02 
 2.978997e+01  3.007910e-02 
 2.979029e+01  3.007912e-02 
 2.979061e+01  3.007914e-02 
 2.979094e+01  3.007915e-02 
 2.979126e+01  3.007917e-02 
 2.979158e+01  3.007919e-02 
 2.979190e+01  3.007921e-02 
 2.979222e+01  3.007923e-02 
 2.979254e+01  3.007925e-02 
 2.979286e+01  3.007926e-02 
 2.979319e+01  3.007928e-02 
 2.979351e+01  3.007930e-02 
 2.979383e+01  3.007932e-02 
 2.979415e+01  3.007934e-02 
 2.979447e+01  3.007936e-02 
 2.979479e+01  3.007938e-02 
 2.979512e+01  3.007940e-02 
 2.979544e+01  3.007941e-02 
 2.979576e+01  3.007943e-02 
 2.979608e+01  3.007945e-02 
 2.979640e+01  3.007947e-02 
 2.979672e+01  3.007949e-02 
 2.979705e+01  3.007951e-02 
 2.979737e+01  3.007953e-02 
 2.979769e+01  3.007955e-02 
 2.979801e+01  3.007957e-02 
 2.979833e+01  3.007959e-02 
 2.979865e+01  3.007961e-02 
 2.979897e+01  3.007963e-02 
 2.979930e+01  3.007965e-02 
 2.979962e+01  3.007967e-02 
 2.979994e+01  3.007969e-02 
 2.980026e+01  3.007971e-02 
 2.980058e+01  3.007973e-02 
 2.980090e+01  3.007975e-02 
 2.980123e+01  3.007977e-02 
 2.980155e+01  3.007979e-02 
 2.980187e+01  3.007981e-02 
 2.980219e+01  3.007983e-02 
 2.980251e+01  3.007985e-02 
 2.980283e+01  3.007987e-02 
 2.980315e+01  3.007989e-02 
 2.980348e+01  3.007991e-02 
 2.980380e+01  3.007993e-02 
 2.980412e+01  3.007995e-02 
 2.980444e+01  3.007997e-02 
 2.980476e+01  3.007999e-02 
 2.980508e+01  3.008001e-02 
 2.980541e+01  3.008003e-02 
 2.980573e+01  3.008005e-02 
 2.980605e+01  3.008007e-02 
 2.980637e+01  3.008010e-02 
 2.980669e+01  3.008012e-02 
 2.980701e+01  3.008014e-02 
 2.980733e+01  3.008016e-02 
 2.980766e+01  3.008018e-02 
 2.980798e+01  3.008020e-02 
 2.980830e+01  3.008022e-02 
 2.980862e+01  3.008024e-02 
 2.980894e+01  3.008026e-02 
 2.980926e+01  3.008028e-02 
 2.980959e+01  3.008030e-02 
 2.980991e+01  3.008032e-02 
 2.981023e+01  3.008035e-02 
 2.981055e+01  3.008037e-02 
 2.981087e+01  3.008039e-02 
 2.981119e+01  3.008041e-02 
 2.981152e+01  3.008043e-02 
 2.981184e+01  3.008045e-02 
 2.981216e+01  3.008047e-02 
 2.981248e+01  3.008049e-02 
 2.981280e+01  3.008051e-02 
 2.981312e+01  3.008053e-02 
 2.981344e+01  3.008055e-02 
 2.981377e+01  3.008058e-02 
 2.981409e+01  3.008060e-02 
 2.981441e+01  3.008062e-02 
 2.981473e+01  3.008064e-02 
 2.981505e+01  3.008066e-02 
 2.981537e+01  3.008068e-02 
 2.981570e+01  3.008070e-02 
 2.981602e+01  3.008072e-02 
 2.981634e+01  3.008074e-02 
 2.981666e+01  3.008076e-02 
 2.981698e+01  3.008078e-02 
 2.981730e+01  3.008080e-02 
 2.981762e+01  3.008082e-02 
 2.981795e+01  3.008084e-02 
 2.981827e+01  3.008086e-02 
 2.981859e+01  3.008088e-02 
 2.981891e+01  3.008091e-02 
 2.981923e+01  3.008093e-02 
 2.981955e+01  3.008095e-02 
 2.981988e+01  3.008097e-02 
 2.982020e+01  3.008099e-02 
 2.982052e+01  3.008101e-02 
 2.982084e+01  3.008103e-02 
 2.982116e+01  3.008105e-02 
 2.982148e+01  3.008107e-02 
 2.982180e+01  3.008109e-02 
 2.982213e+01  3.008111e-02 
 2.982245e+01  3.008113e-02 
 2.982277e+01  3.008115e-02 
 2.982309e+01  3.008116e-02 
 2.982341e+01  3.008118e-02 
 2.982373e+01  3.008120e-02 
 2.982406e+01  3.008122e-02 
 2.982438e+01  3.008124e-02 
 2.982470e+01  3.008126e-02 
 2.982502e+01  3.008128e-02 
 2.982534e+01  3.008130e-02 
 2.982566e+01  3.008132e-02 
 2.982599e+01  3.008134e-02 
 2.982631e+01  3.008136e-02 
 2.982663e+01  3.008138e-02 
 2.982695e+01  3.008140e-02 
 2.982727e+01  3.008141e-02 
 2.982759e+01  3.008143e-02 
 2.982791e+01  3.008145e-02 
 2.982824e+01  3.008147e-02 
 2.982856e+01  3.008149e-02 
 2.982888e+01  3.008151e-02 
 2.982920e+01  3.008153e-02 
 2.982952e+01  3.008154e-02 
 2.982984e+01  3.008156e-02 
 2.983017e+01  3.008158e-02 
 2.983049e+01  3.008160e-02 
 2.983081e+01  3.008162e-02 
 2.983113e+01  3.008163e-02 
 2.983145e+01  3.008165e-02 
 2.983177e+01  3.008167e-02 
 2.983209e+01  3.008169e-02 
 2.983242e+01  3.008171e-02 
 2.983274e+01  3.008172e-02 
 2.983306e+01  3.008174e-02 
 2.983338e+01  3.008176e-02 
 2.983370e+01  3.008178e-02 
 2.983402e+01  3.008179e-02 
 2.983435e+01  3.008181e-02 
 2.983467e+01  3.008183e-02 
 2.983499e+01  3.008185e-02 
 2.983531e+01  3.008186e-02 
 2.983563e+01  3.008188e-02 
 2.983595e+01  3.008190e-02 
 2.983627e+01  3.008191e-02 
 2.983660e+01  3.008193e-02 
 2.983692e+01  3.008195e-02 
 2.983724e+01  3.008196e-02 
 2.983756e+01  3.008198e-02 
 2.983788e+01  3.008200e-02 
 2.983820e+01  3.008201e-02 
 2.983853e+01  3.008203e-02 
 2.983885e+01  3.008205e-02 
 2.983917e+01  3.008206e-02 
 2.983949e+01  3.008208e-02 
 2.983981e+01  3.008210e-02 
 2.984013e+01  3.008211e-02 
 2.984046e+01  3.008213e-02 
 2.984078e+01  3.008215e-02 
 2.984110e+01  3.008216e-02 
 2.984142e+01  3.008218e-02 
 2.984174e+01  3.008219e-02 
 2.984206e+01  3.008221e-02 
 2.984238e+01  3.008223e-02 
 2.984271e+01  3.008224e-02 
 2.984303e+01  3.008226e-02 
 2.984335e+01  3.008227e-02 
 2.984367e+01  3.008229e-02 
 2.984399e+01  3.008231e-02 
 2.984431e+01  3.008232e-02 
 2.984464e+01  3.008234e-02 
 2.984496e+01  3.008235e-02 
 2.984528e+01  3.008237e-02 
 2.984560e+01  3.008238e-02 
 2.984592e+01  3.008240e-02 
 2.984624e+01  3.008241e-02 
 2.984656e+01  3.008243e-02 
 2.984689e+01  3.008244e-02 
 2.984721e+01  3.008246e-02 
 2.984753e+01  3.008248e-02 
 2.984785e+01  3.008249e-02 
 2.984817e+01  3.008251e-02 
 2.984849e+01  3.008252e-02 
 2.984882e+01  3.008254e-02 
 2.984914e+01  3.008255e-02 
 2.984946e+01  3.008257e-02 
 2.984978e+01  3.008258e-02 
 2.985010e+01  3.008260e-02 
 2.985042e+01  3.008261e-02 
 2.985074e+01  3.008263e-02 
 2.985107e+01  3.008264e-02 
 2.985139e+01  3.008265e-02 
 2.985171e+01  3.008267e-02 
 2.985203e+01  3.008268e-02 
 2.985235e+01  3.008270e-02 
 2.985267e+01  3.008271e-02 
 2.985300e+01  3.008273e-02 
 2.985332e+01  3.008274e-02 
 2.985364e+01  3.008276e-02 
 2.985396e+01  3.008277e-02 
 2.985428e+01  3.008279e-02 
 2.985460e+01  3.008280e-02 
 2.985493e+01  3.008281e-02 
 2.985525e+01  3.008283e-02 
 2.985557e+01  3.008284e-02 
 2.985589e+01  3.008286e-02 
 2.985621e+01  3.008287e-02 
 2.985653e+01  3.008288e-02 
 2.985685e+01  3.008290e-02 
 2.985718e+01  3.008291e-02 
 2.985750e+01  3.008293e-02 
 2.985782e+01  3.008294e-02 
 2.985814e+01  3.008295e-02 
 2.985846e+01  3.008297e-02 
 2.985878e+01  3.008298e-02 
 2.985911e+01  3.008299e-02 
 2.985943e+01  3.008301e-02 
 2.985975e+01  3.008302e-02 
 2.986007e+01  3.008303e-02 
 2.986039e+01  3.008305e-02 
 2.986071e+01  3.008306e-02 
 2.986103e+01  3.008308e-02 
 2.986136e+01  3.008309e-02 
 2.986168e+01  3.008310e-02 
 2.986200e+01  3.008311e-02 
 2.986232e+01  3.008313e-02 
 2.986264e+01  3.008314e-02 
 2.986296e+01  3.008315e-02 
 2.986329e+01  3.008317e-02 
 2.986361e+01  3.008318e-02 
 2.986393e+01  3.008319e-02 
 2.986425e+01  3.008320e-02 
 2.986457e+01  3.008322e-02 
 2.986489e+01  3.008323e-02 
 2.986521e+01  3.008324e-02 
 2.986554e+01  3.008326e-02 
 2.986586e+01  3.008327e-02 
 2.986618e+01  3.008328e-02 
 2.986650e+01  3.008329e-02 
 2.986682e+01  3.008330e-02 
 2.986714e+01  3.008332e-02 
 2.986747e+01  3.008333e-02 
 2.986779e+01  3.008334e-02 
 2.986811e+01  3.008335e-02 
 2.986843e+01  3.008336e-02 
 2.986875e+01  3.008338e-02 
 2.986907e+01  3.008339e-02 
 2.986940e+01  3.008340e-02 
 2.986972e+01  3.008341e-02 
 2.987004e+01  3.008342e-02 
 2.987036e+01  3.008343e-02 
 2.987068e+01  3.008344e-02 
 2.987100e+01  3.008346e-02 
 2.987132e+01  3.008347e-02 
 2.987165e+01  3.008348e-02 
 2.987197e+01  3.008349e-02 
 2.987229e+01  3.008350e-02 
 2.987261e+01  3.008351e-02 
 2.987293e+01  3.008352e-02 
 2.987325e+01  3.008353e-02 
 2.987358e+01  3.008354e-02 
 2.987390e+01  3.008355e-02 
 2.987422e+01  3.008356e-02 
 2.987454e+01  3.008357e-02 
 2.987486e+01  3.008358e-02 
 2.987518e+01  3.008359e-02 
 2.987550e+01  3.008360e-02 
 2.987583e+01  3.008361e-02 
 2.987615e+01  3.008362e-02 
 2.987647e+01  3.008363e-02 
 2.987679e+01  3.008364e-02 
 2.987711e+01  3.008365e-02 
 2.987743e+01  3.008366e-02 
 2.987776e+01  3.008367e-02 
 2.987808e+01  3.008368e-02 
 2.987840e+01  3.008369e-02 
 2.987872e+01  3.008370e-02 
 2.987904e+01  3.008370e-02 
 2.987936e+01  3.008371e-02 
 2.987968e+01  3.008372e-02 
 2.988001e+01  3.008373e-02 
 2.988033e+01  3.008374e-02 
 2.988065e+01  3.008375e-02 
 2.988097e+01  3.008376e-02 
 2.988129e+01  3.008376e-02 
 2.988161e+01  3.008377e-02 
 2.988194e+01  3.008378e-02 
 2.988226e+01  3.008379e-02 
 2.988258e+01  3.008380e-02 
 2.988290e+01  3.008380e-02 
 2.988322e+01  3.008381e-02 
 2.988354e+01  3.008382e-02 
 2.988387e+01  3.008383e-02 
 2.988419e+01  3.008384e-02 
 2.988451e+01  3.008384e-02 
 2.988483e+01  3.008385e-02 
 2.988515e+01  3.008386e-02 
 2.988547e+01  3.008386e-02 
 2.988579e+01  3.008387e-02 
 2.988612e+01  3.008388e-02 
 2.988644e+01  3.008389e-02 
 2.988676e+01  3.008389e-02 
 2.988708e+01  3.008390e-02 
 2.988740e+01  3.008391e-02 
 2.988772e+01  3.008391e-02 
 2.988805e+01  3.008392e-02 
 2.988837e+01  3.008393e-02 
 2.988869e+01  3.008393e-02 
 2.988901e+01  3.008394e-02 
 2.988933e+01  3.008395e-02 
 2.988965e+01  3.008395e-02 
 2.988997e+01  3.008396e-02 
 2.989030e+01  3.008396e-02 
 2.989062e+01  3.008397e-02 
 2.989094e+01  3.008398e-02 
 2.989126e+01  3.008398e-02 
 2.989158e+01  3.008399e-02 
 2.989190e+01  3.008399e-02 
 2.989223e+01  3.008400e-02 
 2.989255e+01  3.008400e-02 
 2.989287e+01  3.008401e-02 
 2.989319e+01  3.008402e-02 
 2.989351e+01  3.008402e-02 
 2.989383e+01  3.008403e-02 
 2.989415e+01  3.008403e-02 
 2.989448e+01  3.008404e-02 
 2.989480e+01  3.008404e-02 
 2.989512e+01  3.008405e-02 
 2.989544e+01  3.008405e-02 
 2.989576e+01  3.008406e-02 
 2.989608e+01  3.008406e-02 
 2.989641e+01  3.008407e-02 
 2.989673e+01  3.008407e-02 
 2.989705e+01  3.008408e-02 
 2.989737e+01  3.008408e-02 
 2.989769e+01  3.008408e-02 
 2.989801e+01  3.008409e-02 
 2.989834e+01  3.008409e-02 
 2.989866e+01  3.008410e-02 
 2.989898e+01  3.008410e-02 
 2.989930e+01  3.008410e-02 
 2.989962e+01  3.008411e-02 
 2.989994e+01  3.008411e-02 
 2.990026e+01  3.008412e-02 
 2.990059e+01  3.008412e-02 
 2.990091e+01  3.008412e-02 
 2.990123e+01  3.008413e-02 
 2.990155e+01  3.008413e-02 
 2.990187e+01  3.008413e-02 
 2.990219e+01  3.008414e-02 
 2.990252e+01  3.008414e-02 
 2.990284e+01  3.008414e-02 
 2.990316e+01  3.008415e-02 
 2.990348e+01  3.008415e-02 
 2.990380e+01  3.008415e-02 
 2.990412e+01  3.008415e-02 
 2.990444e+01  3.008416e-02 
 2.990477e+01  3.008416e-02 
 2.990509e+01  3.008416e-02 
 2.990541e+01  3.008416e-02 
 2.990573e+01  3.008417e-02 
 2.990605e+01  3.008417e-02 
 2.990637e+01  3.008417e-02 
 2.990670e+01  3.008417e-02 
 2.990702e+01  3.008417e-02 
 2.990734e+01  3.008418e-02 
 2.990766e+01  3.008418e-02 
 2.990798e+01  3.008418e-02 
 2.990830e+01  3.008418e-02 
 2.990862e+01  3.008418e-02 
 2.990895e+01  3.008418e-02 
 2.990927e+01  3.008418e-02 
 2.990959e+01  3.008418e-02 
 2.990991e+01  3.008419e-02 
 2.991023e+01  3.008419e-02 
 2.991055e+01  3.008419e-02 
 2.991088e+01  3.008419e-02 
 2.991120e+01  3.008419e-02 
 2.991152e+01  3.008419e-02 
 2.991184e+01  3.008419e-02 
 2.991216e+01  3.008419e-02 
 2.991248e+01  3.008419e-02 
 2.991281e+01  3.008419e-02 
 2.991313e+01  3.008419e-02 
 2.991345e+01  3.008419e-02 
 2.991377e+01  3.008419e-02 
 2.991409e+01  3.008419e-02 
 2.991441e+01  3.008419e-02 
 2.991473e+01  3.008419e-02 
 2.991506e+01  3.008418e-02 
 2.991538e+01  3.008418e-02 
 2.991570e+01  3.008418e-02 
 2.991602e+01  3.008418e-02 
 2.991634e+01  3.008418e-02 
 2.991666e+01  3.008418e-02 
 2.991699e+01  3.008418e-02 
 2.991731e+01  3.008418e-02 
 2.991763e+01  3.008417e-02 
 2.991795e+01  3.008417e-02 
 2.991827e+01  3.008417e-02 
 2.991859e+01  3.008417e-02 
 2.991891e+01  3.008417e-02 
 2.991924e+01  3.008417e-02 
 2.991956e+01  3.008416e-02 
 2.991988e+01  3.008416e-02 
 2.992020e+01  3.008416e-02 
 2.992052e+01  3.008416e-02 
 2.992084e+01  3.008415e-02 
 2.992117e+01  3.008415e-02 
 2.992149e+01  3.008415e-02 
 2.992181e+01  3.008414e-02 
 2.992213e+01  3.008414e-02 
 2.992245e+01  3.008414e-02 
 2.992277e+01  3.008413e-02 
 2.992309e+01  3.008413e-02 
 2.992342e+01  3.008413e-02 
 2.992374e+01  3.008412e-02 
 2.992406e+01  3.008412e-02 
 2.992438e+01  3.008412e-02 
 2.992470e+01  3.008411e-02 
 2.992502e+01  3.008411e-02 
 2.992535e+01  3.008410e-02 
 2.992567e+01  3.008410e-02 
 2.992599e+01  3.008410e-02 
 2.992631e+01  3.008409e-02 
 2.992663e+01  3.008409e-02 
 2.992695e+01  3.008408e-02 
 2.992728e+01  3.008408e-02 
 2.992760e+01  3.008407e-02 
 2.992792e+01  3.008407e-02 
 2.992824e+01  3.008406e-02 
 2.992856e+01  3.008406e-02 
 2.992888e+01  3.008405e-02 
 2.992920e+01  3.008405e-02 
 2.992953e+01  3.008404e-02 
 2.992985e+01  3.008404e-02 
 2.993017e+01  3.008403e-02 
 2.993049e+01  3.008402e-02 
 2.993081e+01  3.008402e-02 
 2.993113e+01  3.008401e-02 
 2.993146e+01  3.008401e-02 
 2.993178e+01  3.008400e-02 
 2.993210e+01  3.008399e-02 
 2.993242e+01  3.008399e-02 
 2.993274e+01  3.008398e-02 
 2.993306e+01  3.008397e-02 
 2.993338e+01  3.008397e-02 
 2.993371e+01  3.008396e-02 
 2.993403e+01  3.008395e-02 
 2.993435e+01  3.008395e-02 
 2.993467e+01  3.008394e-02 
 2.993499e+01  3.008393e-02 
 2.993531e+01  3.008392e-02 
 2.993564e+01  3.008392e-02 
 2.993596e+01  3.008391e-02 
 2.993628e+01  3.008390e-02 
 2.993660e+01  3.008389e-02 
 2.993692e+01  3.008388e-02 
 2.993724e+01  3.008388e-02 
 2.993756e+01  3.008387e-02 
 2.993789e+01  3.008386e-02 
 2.993821e+01  3.008385e-02 
 2.993853e+01  3.008384e-02 
 2.993885e+01  3.008383e-02 
 2.993917e+01  3.008383e-02 
 2.993949e+01  3.008382e-02 
 2.993982e+01  3.008381e-02 
 2.994014e+01  3.008380e-02 
 2.994046e+01  3.008379e-02 
 2.994078e+01  3.008378e-02 
 2.994110e+01  3.008377e-02 
 2.994142e+01  3.008376e-02 
 2.994175e+01  3.008375e-02 
 2.994207e+01  3.008374e-02 
 2.994239e+01  3.008373e-02 
 2.994271e+01  3.008372e-02 
 2.994303e+01  3.008371e-02 
 2.994335e+01  3.008370e-02 
 2.994367e+01  3.008369e-02 
 2.994400e+01  3.008368e-02 
 2.994432e+01  3.008367e-02 
 2.994464e+01  3.008366e-02 
 2.994496e+01  3.008365e-02 
 2.994528e+01  3.008364e-02 
 2.994560e+01  3.008363e-02 
 2.994593e+01  3.008362e-02 
 2.994625e+01  3.008361e-02 
 2.994657e+01  3.008360e-02 
 2.994689e+01  3.008359e-02 
 2.994721e+01  3.008358e-02 
 2.994753e+01  3.008357e-02 
 2.994785e+01  3.008355e-02 
 2.994818e+01  3.008354e-02 
 2.994850e+01  3.008353e-02 
 2.994882e+01  3.008352e-02 
 2.994914e+01  3.008351e-02 
 2.994946e+01  3.008350e-02 
 2.994978e+01  3.008348e-02 
 2.995011e+01  3.008347e-02 
 2.995043e+01  3.008346e-02 
 2.995075e+01  3.008345e-02 
 2.995107e+01  3.008344e-02 
 2.995139e+01  3.008342e-02 
 2.995171e+01  3.008341e-02 
 2.995203e+01  3.008340e-02 
 2.995236e+01  3.008339e-02 
 2.995268e+01  3.008337e-02 
 2.995300e+01  3.008336e-02 
 2.995332e+01  3.008335e-02 
 2.995364e+01  3.008334e-02 
 2.995396e+01  3.008332e-02 
 2.995429e+01  3.008331e-02 
 2.995461e+01  3.008330e-02 
 2.995493e+01  3.008328e-02 
 2.995525e+01  3.008327e-02 
 2.995557e+01  3.008326e-02 
 2.995589e+01  3.008324e-02 
 2.995622e+01  3.008323e-02 
 2.995654e+01  3.008322e-02 
 2.995686e+01  3.008320e-02 
 2.995718e+01  3.008319e-02 
 2.995750e+01  3.008318e-02 
 2.995782e+01  3.008316e-02 
 2.995814e+01  3.008315e-02 
 2.995847e+01  3.008313e-02 
 2.995879e+01  3.008312e-02 
 2.995911e+01  3.008311e-02 
 2.995943e+01  3.008309e-02 
 2.995975e+01  3.008308e-02 
 2.996007e+01  3.008306e-02 
 2.996040e+01  3.008305e-02 
 2.996072e+01  3.008303e-02 
 2.996104e+01  3.008302e-02 
 2.996136e+01  3.008301e-02 
 2.996168e+01  3.008299e-02 
 2.996200e+01  3.008298e-02 
 2.996232e+01  3.008296e-02 
 2.996265e+01  3.008295e-02 
 2.996297e+01  3.008293e-02 
 2.996329e+01  3.008292e-02 
 2.996361e+01  3.008290e-02 
 2.996393e+01  3.008289e-02 
 2.996425e+01  3.008287e-02 
 2.996458e+01  3.008285e-02 
 2.996490e+01  3.008284e-02 
 2.996522e+01  3.008282e-02 
 2.996554e+01  3.008281e-02 
 2.996586e+01  3.008279e-02 
 2.996618e+01  3.008278e-02 
 2.996650e+01  3.008276e-02 
 2.996683e+01  3.008275e-02 
 2.996715e+01  3.008273e-02 
 2.996747e+01  3.008271e-02 
 2.996779e+01  3.008270e-02 
 2.996811e+01  3.008268e-02 
 2.996843e+01  3.008267e-02 
 2.996876e+01  3.008265e-02 
 2.996908e+01  3.008263e-02 
 2.996940e+01  3.008262e-02 
 2.996972e+01  3.008260e-02 
 2.997004e+01  3.008258e-02 
 2.997036e+01  3.008257e-02 
 2.997069e+01  3.008255e-02 
 2.997101e+01  3.008253e-02 
 2.997133e+01  3.008252e-02 
 2.997165e+01  3.008250e-02 
 2.997197e+01  3.008248e-02 
 2.997229e+01  3.008247e-02 
 2.997261e+01  3.008245e-02 
 2.997294e+01  3.008243e-02 
 2.997326e+01  3.008242e-02 
 2.997358e+01  3.008240e-02 
 2.997390e+01  3.008238e-02 
 2.997422e+01  3.008237e-02 
 2.997454e+01  3.008235e-02 
 2.997487e+01  3.008233e-02 
 2.997519e+01  3.008232e-02 
 2.997551e+01  3.008230e-02 
 2.997583e+01  3.008228e-02 
 2.997615e+01  3.008226e-02 
 2.997647e+01  3.008225e-02 
 2.997679e+01  3.008223e-02 
 2.997712e+01  3.008221e-02 
 2.997744e+01  3.008219e-02 
 2.997776e+01  3.008218e-02 
 2.997808e+01  3.008216e-02 
 2.997840e+01  3.008214e-02 
 2.997872e+01  3.008212e-02 
 2.997905e+01  3.008211e-02 
 2.997937e+01  3.008209e-02 
 2.997969e+01  3.008207e-02 
 2.998001e+01  3.008205e-02 
 2.998033e+01  3.008204e-02 
 2.998065e+01  3.008202e-02 
 2.998097e+01  3.008200e-02 
 2.998130e+01  3.008198e-02 
 2.998162e+01  3.008196e-02 
 2.998194e+01  3.008195e-02 
 2.998226e+01  3.008193e-02 
 2.998258e+01  3.008191e-02 
 2.998290e+01  3.008189e-02 
 2.998323e+01  3.008187e-02 
 2.998355e+01  3.008186e-02 
 2.998387e+01  3.008184e-02 
 2.998419e+01  3.008182e-02 
 2.998451e+01  3.008180e-02 
 2.998483e+01  3.008178e-02 
 2.998516e+01  3.008177e-02 
 2.998548e+01  3.008175e-02 
 2.998580e+01  3.008173e-02 
 2.998612e+01  3.008171e-02 
 2.998644e+01  3.008169e-02 
 2.998676e+01  3.008167e-02 
 2.998708e+01  3.008166e-02 
 2.998741e+01  3.008164e-02 
 2.998773e+01  3.008162e-02 
 2.998805e+01  3.008160e-02 
 2.998837e+01  3.008158e-02 
 2.998869e+01  3.008156e-02 
 2.998901e+01  3.008154e-02 
 2.998934e+01  3.008153e-02 
 2.998966e+01  3.008151e-02 
 2.998998e+01  3.008149e-02 
 2.999030e+01  3.008147e-02 
 2.999062e+01  3.008145e-02 
 2.999094e+01  3.008143e-02 
 2.999126e+01  3.008141e-02 
 2.999159e+01  3.008139e-02 
 2.999191e+01  3.008138e-02 
 2.999223e+01  3.008136e-02 
 2.999255e+01  3.008134e-02 
 2.999287e+01  3.008132e-02 
 2.999319e+01  3.008130e-02 
 2.999352e+01  3.008128e-02 
 2.999384e+01  3.008126e-02 
 2.999416e+01  3.008124e-02 
 2.999448e+01  3.008122e-02 
 2.999480e+01  3.008121e-02 
 2.999512e+01  3.008119e-02 
 2.999544e+01  3.008117e-02 
 2.999577e+01  3.008115e-02 
 2.999609e+01  3.008113e-02 
 2.999641e+01  3.008111e-02 
 2.999673e+01  3.008109e-02 
 2.999705e+01  3.008107e-02 
 2.999737e+01  3.008105e-02 
 2.999770e+01  3.008103e-02 
 2.999802e+01  3.008101e-02 
 2.999834e+01  3.008099e-02 
 2.999866e+01  3.008098e-02 
 2.999898e+01  3.008096e-02 
 2.999930e+01  3.008094e-02 
 2.999963e+01  3.008092e-02 
 2.999995e+01  3.008090e-02 
 3.000027e+01  3.008088e-02 
 3.000059e+01  3.008086e-02 
 3.000091e+01  3.008084e-02 
 3.000123e+01  3.008082e-02 
 3.000155e+01  3.008080e-02 
 3.000188e+01  3.008078e-02 
 3.000220e+01  3.008076e-02 
 3.000252e+01  3.008074e-02 
 3.000284e+01  3.008072e-02 
 3.000316e+01  3.008070e-02 
 3.000348e+01  3.008068e-02 
 3.000381e+01  3.008066e-02 
 3.000413e+01  3.008064e-02 
 3.000445e+01  3.008062e-02 
 3.000477e+01  3.008060e-02 
 3.000509e+01  3.008058e-02 
 3.000541e+01  3.008057e-02 
 3.000573e+01  3.008055e-02 
 3.000606e+01  3.008053e-02 
 3.000638e+01  3.008051e-02 
 3.000670e+01  3.008049e-02 
 3.000702e+01  3.008047e-02 
 3.000734e+01  3.008045e-02 
 3.000766e+01  3.008043e-02 
 3.000799e+01  3.008041e-02 
 3.000831e+01  3.008039e-02 
 3.000863e+01  3.008037e-02 
 3.000895e+01  3.008035e-02 
 3.000927e+01  3.008033e-02 
 3.000959e+01  3.008031e-02 
 3.000991e+01  3.008029e-02 
 3.001024e+01  3.008027e-02 
 3.001056e+01  3.008025e-02 
 3.001088e+01  3.008023e-02 
 3.001120e+01  3.008021e-02 
 3.001152e+01  3.008019e-02 
 3.001184e+01  3.008017e-02 
 3.001217e+01  3.008015e-02 
 3.001249e+01  3.008013e-02 
 3.001281e+01  3.008011e-02 
 3.001313e+01  3.008009e-02 
 3.001345e+01  3.008007e-02 
 3.001377e+01  3.008005e-02 
 3.001410e+01  3.008003e-02 
 3.001442e+01  3.008001e-02 
 3.001474e+01  3.007999e-02 
 3.001506e+01  3.007997e-02 
 3.001538e+01  3.007995e-02 
 3.001570e+01  3.007993e-02 
 3.001602e+01  3.007991e-02 
 3.001635e+01  3.007989e-02 
 3.001667e+01  3.007987e-02 
 3.001699e+01  3.007985e-02 
 3.001731e+01  3.007983e-02 
 3.001763e+01  3.007981e-02 
 3.001795e+01  3.007980e-02 
 3.001828e+01  3.007978e-02 
 3.001860e+01  3.007976e-02 
 3.001892e+01  3.007974e-02 
 3.001924e+01  3.007972e-02 
 3.001956e+01  3.007970e-02 
 3.001988e+01  3.007968e-02 
 3.002020e+01  3.007966e-02 
 3.002053e+01  3.007964e-02 
 3.002085e+01  3.007962e-02 
 3.002117e+01  3.007960e-02 
 3.002149e+01  3.007958e-02 
 3.002181e+01  3.007956e-02 
 3.002213e+01  3.007955e-02 
 3.002246e+01  3.007953e-02 
 3.002278e+01  3.007951e-02 
 3.002310e+01  3.007949e-02 
 3.002342e+01  3.007947e-02 
 3.002374e+01  3.007945e-02 
 3.002406e+01  3.007943e-02 
 3.002438e+01  3.007941e-02 
 3.002471e+01  3.007939e-02 
 3.002503e+01  3.007938e-02 
 3.002535e+01  3.007936e-02 
 3.002567e+01  3.007934e-02 
 3.002599e+01  3.007932e-02 
 3.002631e+01  3.007930e-02 
 3.002664e+01  3.007928e-02 
 3.002696e+01  3.007926e-02 
 3.002728e+01  3.007925e-02 
 3.002760e+01  3.007923e-02 
 3.002792e+01  3.007921e-02 
 3.002824e+01  3.007919e-02 
 3.002857e+01  3.007917e-02 
 3.002889e+01  3.007916e-02 
 3.002921e+01  3.007914e-02 
 3.002953e+01  3.007912e-02 
 3.002985e+01  3.007910e-02 
 3.003017e+01  3.007908e-02 
 3.003049e+01  3.007906e-02 
 3.003082e+01  3.007905e-02 
 3.003114e+01  3.007903e-02 
 3.003146e+01  3.007901e-02 
 3.003178e+01  3.007899e-02 
 3.003210e+01  3.007898e-02 
 3.003242e+01  3.007896e-02 
 3.003275e+01  3.007894e-02 
 3.003307e+01  3.007892e-02 
 3.003339e+01  3.007890e-02 
 3.003371e+01  3.007889e-02 
 3.003403e+01  3.007887e-02 
 3.003435e+01  3.007885e-02 
 3.003467e+01  3.007883e-02 
 3.003500e+01  3.007882e-02 
 3.003532e+01  3.007880e-02 
 3.003564e+01  3.007878e-02 
 3.003596e+01  3.007877e-02 
 3.003628e+01  3.007875e-02 
 3.003660e+01  3.007873e-02 
 3.003693e+01  3.007871e-02 
 3.003725e+01  3.007870e-02 
 3.003757e+01  3.007868e-02 
 3.003789e+01  3.007866e-02 
 3.003821e+01  3.007864e-02 
 3.003853e+01  3.007863e-02 
 3.003885e+01  3.007861e-02 
 3.003918e+01  3.007859e-02 
 3.003950e+01  3.007858e-02 
 3.003982e+01  3.007856e-02 
 3.004014e+01  3.007854e-02 
 3.004046e+01  3.007853e-02 
 3.004078e+01  3.007851e-02 
 3.004111e+01  3.007849e-02 
 3.004143e+01  3.007848e-02 
 3.004175e+01  3.007846e-02 
 3.004207e+01  3.007844e-02 
 3.004239e+01  3.007843e-02 
 3.004271e+01  3.007841e-02 
 3.004304e+01  3.007839e-02 
 3.004336e+01  3.007838e-02 
 3.004368e+01  3.007836e-02 
 3.004400e+01  3.007834e-02 
 3.004432e+01  3.007833e-02 
 3.004464e+01  3.007831e-02 
 3.004496e+01  3.007829e-02 
 3.004529e+01  3.007828e-02 
 3.004561e+01  3.007826e-02 
 3.004593e+01  3.007824e-02 
 3.004625e+01  3.007823e-02 
 3.004657e+01  3.007821e-02 
 3.004689e+01  3.007820e-02 
 3.004722e+01  3.007818e-02 
 3.004754e+01  3.007816e-02 
 3.004786e+01  3.007815e-02 
 3.004818e+01  3.007813e-02 
 3.004850e+01  3.007811e-02 
 3.004882e+01  3.007810e-02 
 3.004914e+01  3.007808e-02 
 3.004947e+01  3.007807e-02 
 3.004979e+01  3.007805e-02 
 3.005011e+01  3.007803e-02 
 3.005043e+01  3.007802e-02 
 3.005075e+01  3.007800e-02 
 3.005107e+01  3.007799e-02 
 3.005140e+01  3.007797e-02 
 3.005172e+01  3.007795e-02 
 3.005204e+01  3.007794e-02 
 3.005236e+01  3.007792e-02 
 3.005268e+01  3.007791e-02 
 3.005300e+01  3.007789e-02 
 3.005332e+01  3.007788e-02 
 3.005365e+01  3.007786e-02 
 3.005397e+01  3.007784e-02 
 3.005429e+01  3.007783e-02 
 3.005461e+01  3.007781e-02 
 3.005493e+01  3.007780e-02 
 3.005525e+01  3.007778e-02 
 3.005558e+01  3.007777e-02 
 3.005590e+01  3.007775e-02 
 3.005622e+01  3.007773e-02 
 3.005654e+01  3.007772e-02 
 3.005686e+01  3.007770e-02 
 3.005718e+01  3.007769e-02 
 3.005751e+01  3.007767e-02 
 3.005783e+01  3.007766e-02 
 3.005815e+01  3.007764e-02 
 3.005847e+01  3.007763e-02 
 3.005879e+01  3.007761e-02 
 3.005911e+01  3.007760e-02 
 3.005943e+01  3.007758e-02 
 3.005976e+01  3.007757e-02 
 3.006008e+01  3.007755e-02 
 3.006040e+01  3.007754e-02 
 3.006072e+01  3.007752e-02 
 3.006104e+01  3.007751e-02 
 3.006136e+01  3.007749e-02 
 3.006169e+01  3.007748e-02 
 3.006201e+01  3.007746e-02 
 3.006233e+01  3.007745e-02 
 3.006265e+01  3.007743e-02 
 3.006297e+01  3.007742e-02 
 3.006329e+01  3.007740e-02 
 3.006361e+01  3.007739e-02 
 3.006394e+01  3.007737e-02 
 3.006426e+01  3.007736e-02 
 3.006458e+01  3.007734e-02 
 3.006490e+01  3.007733e-02 
 3.006522e+01  3.007731e-02 
 3.006554e+01  3.007730e-02 
 3.006587e+01  3.007728e-02 
 3.006619e+01  3.007727e-02 
 3.006651e+01  3.007725e-02 
 3.006683e+01  3.007724e-02 
 3.006715e+01  3.007723e-02 
 3.006747e+01  3.007721e-02 
 3.006779e+01  3.007720e-02 
 3.006812e+01  3.007718e-02 
 3.006844e+01  3.007717e-02 
 3.006876e+01  3.007715e-02 
 3.006908e+01  3.007714e-02 
 3.006940e+01  3.007712e-02 
 3.006972e+01  3.007711e-02 
 3.007005e+01  3.007710e-02 
 3.007037e+01  3.007708e-02 
 3.007069e+01  3.007707e-02 
 3.007101e+01  3.007705e-02 
 3.007133e+01  3.007704e-02 
 3.007165e+01  3.007703e-02 
 3.007198e+01  3.007701e-02 
 3.007230e+01  3.007700e-02 
 3.007262e+01  3.007698e-02 
 3.007294e+01  3.007697e-02 
 3.007326e+01  3.007696e-02 
 3.007358e+01  3.007694e-02 
 3.007390e+01  3.007693e-02 
 3.007423e+01  3.007691e-02 
 3.007455e+01  3.007690e-02 
 3.007487e+01  3.007689e-02 
 3.007519e+01  3.007687e-02 
 3.007551e+01  3.007686e-02 
 3.007583e+01  3.007685e-02 
 3.007616e+01  3.007683e-02 
 3.007648e+01  3.007682e-02 
 3.007680e+01  3.007681e-02 
 3.007712e+01  3.007679e-02 
 3.007744e+01  3.007678e-02 
 3.007776e+01  3.007676e-02 
 3.007808e+01  3.007675e-02 
 3.007841e+01  3.007674e-02 
 3.007873e+01  3.007672e-02 
 3.007905e+01  3.007671e-02 
 3.007937e+01  3.007670e-02 
 3.007969e+01  3.007668e-02 
 3.008001e+01  3.007667e-02 
 3.008034e+01  3.007666e-02 
 3.008066e+01  3.007664e-02 
 3.008098e+01  3.007663e-02 
 3.008130e+01  3.007662e-02 
 3.008162e+01  3.007661e-02 
 3.008194e+01  3.007659e-02 
 3.008226e+01  3.007658e-02 
 3.008259e+01  3.007657e-02 
 3.008291e+01  3.007655e-02 
 3.008323e+01  3.007654e-02 
 3.008355e+01  3.007653e-02 
 3.008387e+01  3.007651e-02 
 3.008419e+01  3.007650e-02 
 3.008452e+01  3.007649e-02 
 3.008484e+01  3.007648e-02 
 3.008516e+01  3.007646e-02 
 3.008548e+01  3.007645e-02 
 3.008580e+01  3.007644e-02 
 3.008612e+01  3.007642e-02 
 3.008645e+01  3.007641e-02 
 3.008677e+01  3.007640e-02 
 3.008709e+01  3.007639e-02 
 3.008741e+01  3.007637e-02 
 3.008773e+01  3.007636e-02 
 3.008805e+01  3.007635e-02 
 3.008837e+01  3.007634e-02 
 3.008870e+01  3.007632e-02 
 3.008902e+01  3.007631e-02 
 3.008934e+01  3.007630e-02 
 3.008966e+01  3.007629e-02 
 3.008998e+01  3.007627e-02 
 3.009030e+01  3.007626e-02 
 3.009063e+01  3.007625e-02 
 3.009095e+01  3.007624e-02 
 3.009127e+01  3.007622e-02 
 3.009159e+01  3.007621e-02 
 3.009191e+01  3.007620e-02 
 3.009223e+01  3.007619e-02 
 3.009255e+01  3.007618e-02 
 3.009288e+01  3.007616e-02 
 3.009320e+01  3.007615e-02 
 3.009352e+01  3.007614e-02 
 3.009384e+01  3.007613e-02 
 3.009416e+01  3.007612e-02 
 3.009448e+01  3.007610e-02 
 3.009481e+01  3.007609e-02 
 3.009513e+01  3.007608e-02 
 3.009545e+01  3.007607e-02 
 3.009577e+01  3.007606e-02 
 3.009609e+01  3.007605e-02 
 3.009641e+01  3.007603e-02 
 3.009673e+01  3.007602e-02 
 3.009706e+01  3.007601e-02 
 3.009738e+01  3.007600e-02 
 3.009770e+01  3.007599e-02 
 3.009802e+01  3.007598e-02 
 3.009834e+01  3.007597e-02 
 3.009866e+01  3.007595e-02 
 3.009899e+01  3.007594e-02 
 3.009931e+01  3.007593e-02 
 3.009963e+01  3.007592e-02 
 3.009995e+01  3.007591e-02 
 3.010027e+01  3.007590e-02 
 3.010059e+01  3.007589e-02 
 3.010092e+01  3.007588e-02 
 3.010124e+01  3.007587e-02 
 3.010156e+01  3.007585e-02 
 3.010188e+01  3.007584e-02 
 3.010220e+01  3.007583e-02 
 3.010252e+01  3.007582e-02 
 3.010284e+01  3.007581e-02 
 3.010317e+01  3.007580e-02 
 3.010349e+01  3.007579e-02 
 3.010381e+01  3.007578e-02 
 3.010413e+01  3.007577e-02 
 3.010445e+01  3.007576e-02 
 3.010477e+01  3.007575e-02 
 3.010510e+01  3.007574e-02 
 3.010542e+01  3.007573e-02 
 3.010574e+01  3.007572e-02 
 3.010606e+01  3.007571e-02 
 3.010638e+01  3.007570e-02 
 3.010670e+01  3.007569e-02 
 3.010702e+01  3.007568e-02 
 3.010735e+01  3.007567e-02 
 3.010767e+01  3.007566e-02 
 3.010799e+01  3.007565e-02 
 3.010831e+01  3.007564e-02 
 3.010863e+01  3.007563e-02 
 3.010895e+01  3.007562e-02 
 3.010928e+01  3.007561e-02 
 3.010960e+01  3.007560e-02 
 3.010992e+01  3.007559e-02 
 3.011024e+01  3.007558e-02 
 3.011056e+01  3.007557e-02 
 3.011088e+01  3.007556e-02 
 3.011120e+01  3.007555e-02 
 3.011153e+01  3.007554e-02 
 3.011185e+01  3.007553e-02 
 3.011217e+01  3.007552e-02 
 3.011249e+01  3.007551e-02 
 3.011281e+01  3.007550e-02 
 3.011313e+01  3.007549e-02 
 3.011346e+01  3.007548e-02 
 3.011378e+01  3.007547e-02 
 3.011410e+01  3.007547e-02 
 3.011442e+01  3.007546e-02 
 3.011474e+01  3.007545e-02 
 3.011506e+01  3.007544e-02 
 3.011539e+01  3.007543e-02 
 3.011571e+01  3.007542e-02 
 3.011603e+01  3.007541e-02 
 3.011635e+01  3.007540e-02 
 3.011667e+01  3.007540e-02 
 3.011699e+01  3.007539e-02 
 3.011731e+01  3.007538e-02 
 3.011764e+01  3.007537e-02 
 3.011796e+01  3.007536e-02 
 3.011828e+01  3.007535e-02 
 3.011860e+01  3.007534e-02 
 3.011892e+01  3.007534e-02 
 3.011924e+01  3.007533e-02 
 3.011957e+01  3.007532e-02 
 3.011989e+01  3.007531e-02 
 3.012021e+01  3.007530e-02 
 3.012053e+01  3.007530e-02 
 3.012085e+01  3.007529e-02 
 3.012117e+01  3.007528e-02 
 3.012149e+01  3.007527e-02 
 3.012182e+01  3.007527e-02 
 3.012214e+01  3.007526e-02 
 3.012246e+01  3.007525e-02 
 3.012278e+01  3.007524e-02 
 3.012310e+01  3.007524e-02 
 3.012342e+01  3.007523e-02 
 3.012375e+01  3.007522e-02 
 3.012407e+01  3.007522e-02 
 3.012439e+01  3.007521e-02 
 3.012471e+01  3.007520e-02 
 3.012503e+01  3.007520e-02 
 3.012535e+01  3.007519e-02 
 3.012567e+01  3.007518e-02 
 3.012600e+01  3.007518e-02 
 3.012632e+01  3.007517e-02 
 3.012664e+01  3.007516e-02 
 3.012696e+01  3.007516e-02 
 3.012728e+01  3.007515e-02 
 3.012760e+01  3.007515e-02 
 3.012793e+01  3.007514e-02 
 3.012825e+01  3.007513e-02 
 3.012857e+01  3.007513e-02 
 3.012889e+01  3.007512e-02 
 3.012921e+01  3.007512e-02 
 3.012953e+01  3.007511e-02 
 3.012986e+01  3.007511e-02 
 3.013018e+01  3.007510e-02 
 3.013050e+01  3.007510e-02 
 3.013082e+01  3.007509e-02 
 3.013114e+01  3.007509e-02 
 3.013146e+01  3.007508e-02 
 3.013178e+01  3.007508e-02 
 3.013211e+01  3.007507e-02 
 3.013243e+01  3.007507e-02 
 3.013275e+01  3.007506e-02 
 3.013307e+01  3.007506e-02 
 3.013339e+01  3.007505e-02 
 3.013371e+01  3.007505e-02 
 3.013404e+01  3.007504e-02 
 3.013436e+01  3.007504e-02 
 3.013468e+01  3.007504e-02 
 3.013500e+01  3.007503e-02 
 3.013532e+01  3.007503e-02 
 3.013564e+01  3.007503e-02 
 3.013596e+01  3.007502e-02 
 3.013629e+01  3.007502e-02 
 3.013661e+01  3.007502e-02 
 3.013693e+01  3.007501e-02 
 3.013725e+01  3.007501e-02 
 3.013757e+01  3.007501e-02 
 3.013789e+01  3.007500e-02 
 3.013822e+01  3.007500e-02 
 3.013854e+01  3.007500e-02 
 3.013886e+01  3.007500e-02 
 3.013918e+01  3.007499e-02 
 3.013950e+01  3.007499e-02 
 3.013982e+01  3.007499e-02 
 3.014014e+01  3.007499e-02 
 3.014047e+01  3.007498e-02 
 3.014079e+01  3.007498e-02 
 3.014111e+01  3.007498e-02 
 3.014143e+01  3.007498e-02 
 3.014175e+01  3.007498e-02 
 3.014207e+01  3.007498e-02 
 3.014240e+01  3.007498e-02 
 3.014272e+01  3.007497e-02 
 3.014304e+01  3.007497e-02 
 3.014336e+01  3.007497e-02 
 3.014368e+01  3.007497e-02 
 3.014400e+01  3.007497e-02 
 3.014433e+01  3.007497e-02 
 3.014465e+01  3.007497e-02 
 3.014497e+01  3.007497e-02 
 3.014529e+01  3.007497e-02 
 3.014561e+01  3.007497e-02 
 3.014593e+01  3.007497e-02 
 3.014625e+01  3.007497e-02 
 3.014658e+01  3.007497e-02 
 3.014690e+01  3.007497e-02 
 3.014722e+01  3.007497e-02 
 3.014754e+01  3.007497e-02 
 3.014786e+01  3.007497e-02 
 3.014818e+01  3.007497e-02 
 3.014851e+01  3.007497e-02 
 3.014883e+01  3.007497e-02 
 3.014915e+01  3.007497e-02 
 3.014947e+01  3.007497e-02 
 3.014979e+01  3.007497e-02 
 3.015011e+01  3.007497e-02 
 3.015043e+01  3.007497e-02 
 3.015076e+01  3.007497e-02 
 3.015108e+01  3.007497e-02 
 3.015140e+01  3.007498e-02 
 3.015172e+01  3.007498e-02 
 3.015204e+01  3.007498e-02 
 3.015236e+01  3.007498e-02 
 3.015269e+01  3.007498e-02 
 3.015301e+01  3.007498e-02 
 3.015333e+01  3.007498e-02 
 3.015365e+01  3.007499e-02 
 3.015397e+01  3.007499e-02 
 3.015429e+01  3.007499e-02 
 3.015461e+01  3.007499e-02 
 3.015494e+01  3.007499e-02 
 3.015526e+01  3.007500e-02 
 3.015558e+01  3.007500e-02 
 3.015590e+01  3.007500e-02 
 3.015622e+01  3.007500e-02 
 3.015654e+01  3.007501e-02 
 3.015687e+01  3.007501e-02 
 3.015719e+01  3.007501e-02 
 3.015751e+01  3.007501e-02 
 3.015783e+01  3.007502e-02 
 3.015815e+01  3.007502e-02 
 3.015847e+01  3.007502e-02 
 3.015880e+01  3.007502e-02 
 3.015912e+01  3.007503e-02 
 3.015944e+01  3.007503e-02 
 3.015976e+01  3.007503e-02 
 3.016008e+01  3.007504e-02 
 3.016040e+01  3.007504e-02 
 3.016072e+01  3.007504e-02 
 3.016105e+01  3.007505e-02 
 3.016137e+01  3.007505e-02 
 3.016169e+01  3.007505e-02 
 3.016201e+01  3.007506e-02 
 3.016233e+01  3.007506e-02 
 3.016265e+01  3.007506e-02 
 3.016298e+01  3.007507e-02 
 3.016330e+01  3.007507e-02 
 3.016362e+01  3.007508e-02 
 3.016394e+01  3.007508e-02 
 3.016426e+01  3.007508e-02 
 3.016458e+01  3.007509e-02 
 3.016490e+01  3.007509e-02 
 3.016523e+01  3.007510e-02 
 3.016555e+01  3.007510e-02 
 3.016587e+01  3.007510e-02 
 3.016619e+01  3.007511e-02 
 3.016651e+01  3.007511e-02 
 3.016683e+01  3.007512e-02 
 3.016716e+01  3.007512e-02 
 3.016748e+01  3.007513e-02 
 3.016780e+01  3.007513e-02 
 3.016812e+01  3.007514e-02 
 3.016844e+01  3.007514e-02 
 3.016876e+01  3.007515e-02 
 3.016908e+01  3.007515e-02 
 3.016941e+01  3.007516e-02 
 3.016973e+01  3.007516e-02 
 3.017005e+01  3.007517e-02 
 3.017037e+01  3.007517e-02 
 3.017069e+01  3.007518e-02 
 3.017101e+01  3.007518e-02 
 3.017134e+01  3.007519e-02 
 3.017166e+01  3.007520e-02 
 3.017198e+01  3.007520e-02 
 3.017230e+01  3.007521e-02 
 3.017262e+01  3.007521e-02 
 3.017294e+01  3.007522e-02 
 3.017327e+01  3.007523e-02 
 3.017359e+01  3.007523e-02 
 3.017391e+01  3.007524e-02 
 3.017423e+01  3.007524e-02 
 3.017455e+01  3.007525e-02 
 3.017487e+01  3.007526e-02 
 3.017519e+01  3.007526e-02 
 3.017552e+01  3.007527e-02 
 3.017584e+01  3.007528e-02 
 3.017616e+01  3.007529e-02 
 3.017648e+01  3.007529e-02 
 3.017680e+01  3.007530e-02 
 3.017712e+01  3.007531e-02 
 3.017745e+01  3.007531e-02 
 3.017777e+01  3.007532e-02 
 3.017809e+01  3.007533e-02 
 3.017841e+01  3.007534e-02 
 3.017873e+01  3.007535e-02 
 3.017905e+01  3.007535e-02 
 3.017937e+01  3.007536e-02 
 3.017970e+01  3.007537e-02 
 3.018002e+01  3.007538e-02 
 3.018034e+01  3.007539e-02 
 3.018066e+01  3.007539e-02 
 3.018098e+01  3.007540e-02 
 3.018130e+01  3.007541e-02 
 3.018163e+01  3.007542e-02 
 3.018195e+01  3.007543e-02 
 3.018227e+01  3.007544e-02 
 3.018259e+01  3.007545e-02 
 3.018291e+01  3.007546e-02 
 3.018323e+01  3.007547e-02 
 3.018355e+01  3.007547e-02 
 3.018388e+01  3.007548e-02 
 3.018420e+01  3.007549e-02 
 3.018452e+01  3.007550e-02 
 3.018484e+01  3.007551e-02 
 3.018516e+01  3.007552e-02 
 3.018548e+01  3.007553e-02 
 3.018581e+01  3.007554e-02 
 3.018613e+01  3.007555e-02 
 3.018645e+01  3.007556e-02 
 3.018677e+01  3.007557e-02 
 3.018709e+01  3.007558e-02 
 3.018741e+01  3.007559e-02 
 3.018774e+01  3.007560e-02 
 3.018806e+01  3.007561e-02 
 3.018838e+01  3.007562e-02 
 3.018870e+01  3.007563e-02 
 3.018902e+01  3.007564e-02 
 3.018934e+01  3.007565e-02 
 3.018966e+01  3.007566e-02 
 3.018999e+01  3.007567e-02 
 3.019031e+01  3.007568e-02 
 3.019063e+01  3.007569e-02 
 3.019095e+01  3.007570e-02 
 3.019127e+01  3.007572e-02 
 3.019159e+01  3.007573e-02 
 3.019192e+01  3.007574e-02 
 3.019224e+01  3.007575e-02 
 3.019256e+01  3.007576e-02 
 3.019288e+01  3.007577e-02 
 3.019320e+01  3.007578e-02 
 3.019352e+01  3.007579e-02 
 3.019384e+01  3.007580e-02 
 3.019417e+01  3.007581e-02 
 3.019449e+01  3.007582e-02 
 3.019481e+01  3.007583e-02 
 3.019513e+01  3.007584e-02 
 3.019545e+01  3.007585e-02 
 3.019577e+01  3.007587e-02 
 3.019610e+01  3.007588e-02 
 3.019642e+01  3.007589e-02 
 3.019674e+01  3.007590e-02 
 3.019706e+01  3.007591e-02 
 3.019738e+01  3.007592e-02 
 3.019770e+01  3.007593e-02 
 3.019802e+01  3.007594e-02 
 3.019835e+01  3.007595e-02 
 3.019867e+01  3.007596e-02 
 3.019899e+01  3.007597e-02 
 3.019931e+01  3.007599e-02 
 3.019963e+01  3.007600e-02 
 3.019995e+01  3.007601e-02 
 3.020028e+01  3.007602e-02 
 3.020060e+01  3.007603e-02 
 3.020092e+01  3.007604e-02 
 3.020124e+01  3.007605e-02 
 3.020156e+01  3.007606e-02 
 3.020188e+01  3.007607e-02 
 3.020221e+01  3.007608e-02 
 3.020253e+01  3.007609e-02 
 3.020285e+01  3.007611e-02 
 3.020317e+01  3.007612e-02 
 3.020349e+01  3.007613e-02 
 3.020381e+01  3.007614e-02 
 3.020413e+01  3.007615e-02 
 3.020446e+01  3.007616e-02 
 3.020478e+01  3.007617e-02 
 3.020510e+01  3.007618e-02 
 3.020542e+01  3.007619e-02 
 3.020574e+01  3.007620e-02 
 3.020606e+01  3.007622e-02 
 3.020639e+01  3.007623e-02 
 3.020671e+01  3.007624e-02 
 3.020703e+01  3.007625e-02 
 3.020735e+01  3.007626e-02 
 3.020767e+01  3.007627e-02 
 3.020799e+01  3.007628e-02 
 3.020831e+01  3.007629e-02 
 3.020864e+01  3.007630e-02 
 3.020896e+01  3.007631e-02 
 3.020928e+01  3.007632e-02 
 3.020960e+01  3.007634e-02 
 3.020992e+01  3.007635e-02 
 3.021024e+01  3.007636e-02 
 3.021057e+01  3.007637e-02 
 3.021089e+01  3.007638e-02 
 3.021121e+01  3.007639e-02 
 3.021153e+01  3.007640e-02 
 3.021185e+01  3.007641e-02 
 3.021217e+01  3.007642e-02 
 3.021249e+01  3.007644e-02 
 3.021282e+01  3.007645e-02 
 3.021314e+01  3.007646e-02 
 3.021346e+01  3.007647e-02 
 3.021378e+01  3.007648e-02 
 3.021410e+01  3.007649e-02 
 3.021442e+01  3.007650e-02 
 3.021475e+01  3.007651e-02 
 3.021507e+01  3.007652e-02 
 3.021539e+01  3.007654e-02 
 3.021571e+01  3.007655e-02 
 3.021603e+01  3.007656e-02 
 3.021635e+01  3.007657e-02 
 3.021668e+01  3.007658e-02 
 3.021700e+01  3.007659e-02 
 3.021732e+01  3.007661e-02 
 3.021764e+01  3.007662e-02 
 3.021796e+01  3.007663e-02 
 3.021828e+01  3.007664e-02 
 3.021860e+01  3.007665e-02 
 3.021893e+01  3.007666e-02 
 3.021925e+01  3.007668e-02 
 3.021957e+01  3.007669e-02 
 3.021989e+01  3.007670e-02 
 3.022021e+01  3.007671e-02 
 3.022053e+01  3.007672e-02 
 3.022086e+01  3.007673e-02 
 3.022118e+01  3.007675e-02 
 3.022150e+01  3.007676e-02 
 3.022182e+01  3.007677e-02 
 3.022214e+01  3.007678e-02 
 3.022246e+01  3.007680e-02 
 3.022278e+01  3.007681e-02 
 3.022311e+01  3.007682e-02 
 3.022343e+01  3.007683e-02 
 3.022375e+01  3.007684e-02 
 3.022407e+01  3.007686e-02 
 3.022439e+01  3.007687e-02 
 3.022471e+01  3.007688e-02 
 3.022504e+01  3.007690e-02 
 3.022536e+01  3.007691e-02 
 3.022568e+01  3.007692e-02 
 3.022600e+01  3.007693e-02 
 3.022632e+01  3.007695e-02 
 3.022664e+01  3.007696e-02 
 3.022696e+01  3.007697e-02 
 3.022729e+01  3.007698e-02 
 3.022761e+01  3.007700e-02 
 3.022793e+01  3.007701e-02 
 3.022825e+01  3.007702e-02 
 3.022857e+01  3.007704e-02 
 3.022889e+01  3.007705e-02 
 3.022922e+01  3.007706e-02 
 3.022954e+01  3.007708e-02 
 3.022986e+01  3.007709e-02 
 3.023018e+01  3.007710e-02 
 3.023050e+01  3.007711e-02 
 3.023082e+01  3.007713e-02 
 3.023115e+01  3.007714e-02 
 3.023147e+01  3.007715e-02 
 3.023179e+01  3.007717e-02 
 3.023211e+01  3.007718e-02 
 3.023243e+01  3.007719e-02 
 3.023275e+01  3.007721e-02 
 3.023307e+01  3.007722e-02 
 3.023340e+01  3.007723e-02 
 3.023372e+01  3.007725e-02 
 3.023404e+01  3.007726e-02 
 3.023436e+01  3.007727e-02 
 3.023468e+01  3.007729e-02 
 3.023500e+01  3.007730e-02 
 3.023533e+01  3.007731e-02 
 3.023565e+01  3.007733e-02 
 3.023597e+01  3.007734e-02 
 3.023629e+01  3.007735e-02 
 3.023661e+01  3.007737e-02 
 3.023693e+01  3.007738e-02 
 3.023725e+01  3.007739e-02 
 3.023758e+01  3.007741e-02 
 3.023790e+01  3.007742e-02 
 3.023822e+01  3.007743e-02 
 3.023854e+01  3.007744e-02 
 3.023886e+01  3.007746e-02 
 3.023918e+01  3.007747e-02 
 3.023951e+01  3.007748e-02 
 3.023983e+01  3.007750e-02 
 3.024015e+01  3.007751e-02 
 3.024047e+01  3.007752e-02 
 3.024079e+01  3.007753e-02 
 3.024111e+01  3.007755e-02 
 3.024143e+01  3.007756e-02 
 3.024176e+01  3.007757e-02 
 3.024208e+01  3.007758e-02 
 3.024240e+01  3.007760e-02 
 3.024272e+01  3.007761e-02 
 3.024304e+01  3.007762e-02 
 3.024336e+01  3.007763e-02 
 3.024369e+01  3.007765e-02 
 3.024401e+01  3.007766e-02 
 3.024433e+01  3.007767e-02 
 3.024465e+01  3.007768e-02 
 3.024497e+01  3.007770e-02 
 3.024529e+01  3.007771e-02 
 3.024562e+01  3.007772e-02 
 3.024594e+01  3.007773e-02 
 3.024626e+01  3.007774e-02 
 3.024658e+01  3.007776e-02 
 3.024690e+01  3.007777e-02 
 3.024722e+01  3.007778e-02 
 3.024754e+01  3.007779e-02 
 3.024787e+01  3.007780e-02 
 3.024819e+01  3.007782e-02 
 3.024851e+01  3.007783e-02 
 3.024883e+01  3.007784e-02 
 3.024915e+01  3.007785e-02 
 3.024947e+01  3.007786e-02 
 3.024980e+01  3.007787e-02 
 3.025012e+01  3.007789e-02 
 3.025044e+01  3.007790e-02 
 3.025076e+01  3.007791e-02 
 3.025108e+01  3.007792e-02 
 3.025140e+01  3.007793e-02 
 3.025172e+01  3.007794e-02 
 3.025205e+01  3.007796e-02 
 3.025237e+01  3.007797e-02 
 3.025269e+01  3.007798e-02 
 3.025301e+01  3.007799e-02 
 3.025333e+01  3.007800e-02 
 3.025365e+01  3.007801e-02 
 3.025398e+01  3.007803e-02 
 3.025430e+01  3.007804e-02 
 3.025462e+01  3.007805e-02 
 3.025494e+01  3.007806e-02 
 3.025526e+01  3.007807e-02 
 3.025558e+01  3.007808e-02 
 3.025590e+01  3.007809e-02 
 3.025623e+01  3.007811e-02 
 3.025655e+01  3.007812e-02 
 3.025687e+01  3.007813e-02 
 3.025719e+01  3.007814e-02 
 3.025751e+01  3.007815e-02 
 3.025783e+01  3.007816e-02 
 3.025816e+01  3.007817e-02 
 3.025848e+01  3.007819e-02 
 3.025880e+01  3.007820e-02 
 3.025912e+01  3.007821e-02 
 3.025944e+01  3.007822e-02 
 3.025976e+01  3.007823e-02 
 3.026009e+01  3.007824e-02 
 3.026041e+01  3.007825e-02 
 3.026073e+01  3.007827e-02 
 3.026105e+01  3.007828e-02 
 3.026137e+01  3.007829e-02 
 3.026169e+01  3.007830e-02 
 3.026201e+01  3.007831e-02 
 3.026234e+01  3.007832e-02 
 3.026266e+01  3.007834e-02 
 3.026298e+01  3.007835e-02 
 3.026330e+01  3.007836e-02 
 3.026362e+01  3.007837e-02 
 3.026394e+01  3.007838e-02 
 3.026427e+01  3.007839e-02 
 3.026459e+01  3.007840e-02 
 3.026491e+01  3.007842e-02 
 3.026523e+01  3.007843e-02 
 3.026555e+01  3.007844e-02 
 3.026587e+01  3.007845e-02 
 3.026619e+01  3.007846e-02 
 3.026652e+01  3.007847e-02 
 3.026684e+01  3.007848e-02 
 3.026716e+01  3.007850e-02 
 3.026748e+01  3.007851e-02 
 3.026780e+01  3.007852e-02 
 3.026812e+01  3.007853e-02 
 3.026845e+01  3.007854e-02 
 3.026877e+01  3.007855e-02 
 3.026909e+01  3.007856e-02 
 3.026941e+01  3.007857e-02 
 3.026973e+01  3.007858e-02 
 3.027005e+01  3.007859e-02 
 3.027037e+01  3.007861e-02 
 3.027070e+01  3.007862e-02 
 3.027102e+01  3.007863e-02 
 3.027134e+01  3.007864e-02 
 3.027166e+01  3.007865e-02 
 3.027198e+01  3.007866e-02 
 3.027230e+01  3.007867e-02 
 3.027263e+01  3.007868e-02 
 3.027295e+01  3.007869e-02 
 3.027327e+01  3.007870e-02 
 3.027359e+01  3.007871e-02 
 3.027391e+01  3.007872e-02 
 3.027423e+01  3.007873e-02 
 3.027456e+01  3.007874e-02 
 3.027488e+01  3.007875e-02 
 3.027520e+01  3.007876e-02 
 3.027552e+01  3.007877e-02 
 3.027584e+01  3.007878e-02 
 3.027616e+01  3.007879e-02 
 3.027648e+01  3.007880e-02 
 3.027681e+01  3.007881e-02 
 3.027713e+01  3.007882e-02 
 3.027745e+01  3.007882e-02 
 3.027777e+01  3.007883e-02 
 3.027809e+01  3.007884e-02 
 3.027841e+01  3.007885e-02 
 3.027874e+01  3.007886e-02 
 3.027906e+01  3.007887e-02 
 3.027938e+01  3.007888e-02 
 3.027970e+01  3.007888e-02 
 3.028002e+01  3.007889e-02 
 3.028034e+01  3.007890e-02 
 3.028066e+01  3.007891e-02 
 3.028099e+01  3.007891e-02 
 3.028131e+01  3.007892e-02 
 3.028163e+01  3.007893e-02 
 3.028195e+01  3.007894e-02 
 3.028227e+01  3.007894e-02 
 3.028259e+01  3.007895e-02 
 3.028292e+01  3.007896e-02 
 3.028324e+01  3.007896e-02 
 3.028356e+01  3.007897e-02 
 3.028388e+01  3.007898e-02 
 3.028420e+01  3.007898e-02 
 3.028452e+01  3.007899e-02 
 3.028484e+01  3.007900e-02 
 3.028517e+01  3.007900e-02 
 3.028549e+01  3.007901e-02 
 3.028581e+01  3.007901e-02 
 3.028613e+01  3.007902e-02 
 3.028645e+01  3.007902e-02 
 3.028677e+01  3.007903e-02 
 3.028710e+01  3.007903e-02 
 3.028742e+01  3.007904e-02 
 3.028774e+01  3.007904e-02 
 3.028806e+01  3.007905e-02 
 3.028838e+01  3.007905e-02 
 3.028870e+01  3.007906e-02 
 3.028903e+01  3.007906e-02 
 3.028935e+01  3.007906e-02 
 3.028967e+01  3.007907e-02 
 3.028999e+01  3.007907e-02 
 3.029031e+01  3.007908e-02 
 3.029063e+01  3.007908e-02 
 3.029095e+01  3.007908e-02 
 3.029128e+01  3.007909e-02 
 3.029160e+01  3.007909e-02 
 3.029192e+01  3.007909e-02 
 3.029224e+01  3.007910e-02 
 3.029256e+01  3.007910e-02 
 3.029288e+01  3.007910e-02 
 3.029321e+01  3.007910e-02 
 3.029353e+01  3.007911e-02 
 3.029385e+01  3.007911e-02 
 3.029417e+01  3.007911e-02 
 3.029449e+01  3.007911e-02 
 3.029481e+01  3.007912e-02 
 3.029513e+01  3.007912e-02 
 3.029546e+01  3.007912e-02 
 3.029578e+01  3.007912e-02 
 3.029610e+01  3.007912e-02 
 3.029642e+01  3.007912e-02 
 3.029674e+01  3.007913e-02 
 3.029706e+01  3.007913e-02 
 3.029739e+01  3.007913e-02 
 3.029771e+01  3.007913e-02 
 3.029803e+01  3.007913e-02 
 3.029835e+01  3.007913e-02 
 3.029867e+01  3.007913e-02 
 3.029899e+01  3.007913e-02 
 3.029931e+01  3.007913e-02 
 3.029964e+01  3.007914e-02 
 3.029996e+01  3.007914e-02 
 3.030028e+01  3.007914e-02 
 3.030060e+01  3.007914e-02 
 3.030092e+01  3.007914e-02 
 3.030124e+01  3.007914e-02 
 3.030157e+01  3.007914e-02 
 3.030189e+01  3.007914e-02 
 3.030221e+01  3.007914e-02 
 3.030253e+01  3.007914e-02 
 3.030285e+01  3.007914e-02 
 3.030317e+01  3.007914e-02 
 3.030350e+01  3.007914e-02 
 3.030382e+01  3.007914e-02 
 3.030414e+01  3.007914e-02 
 3.030446e+01  3.007914e-02 
 3.030478e+01  3.007914e-02 
 3.030510e+01  3.007914e-02 
 3.030542e+01  3.007914e-02 
 3.030575e+01  3.007914e-02 
 3.030607e+01  3.007914e-02 
 3.030639e+01  3.007914e-02 
 3.030671e+01  3.007914e-02 
 3.030703e+01  3.007914e-02 
 3.030735e+01  3.007914e-02 
 3.030768e+01  3.007914e-02 
 3.030800e+01  3.007913e-02 
 3.030832e+01  3.007913e-02 
 3.030864e+01  3.007913e-02 
 3.030896e+01  3.007913e-02 
 3.030928e+01  3.007913e-02 
 3.030960e+01  3.007913e-02 
 3.030993e+01  3.007913e-02 
 3.031025e+01  3.007913e-02 
 3.031057e+01  3.007913e-02 
 3.031089e+01  3.007913e-02 
 3.031121e+01  3.007913e-02 
 3.031153e+01  3.007913e-02 
 3.031186e+01  3.007912e-02 
 3.031218e+01  3.007912e-02 
 3.031250e+01  3.007912e-02 
 3.031282e+01  3.007912e-02 
 3.031314e+01  3.007912e-02 
 3.031346e+01  3.007912e-02 
 3.031378e+01  3.007912e-02 
 3.031411e+01  3.007912e-02 
 3.031443e+01  3.007911e-02 
 3.031475e+01  3.007911e-02 
 3.031507e+01  3.007911e-02 
 3.031539e+01  3.007911e-02 
 3.031571e+01  3.007911e-02 
 3.031604e+01  3.007911e-02 
 3.031636e+01  3.007910e-02 
 3.031668e+01  3.007910e-02 
 3.031700e+01  3.007910e-02 
 3.031732e+01  3.007910e-02 
 3.031764e+01  3.007910e-02 
 3.031797e+01  3.007910e-02 
 3.031829e+01  3.007909e-02 
 3.031861e+01  3.007909e-02 
 3.031893e+01  3.007909e-02 
 3.031925e+01  3.007909e-02 
 3.031957e+01  3.007908e-02 
 3.031989e+01  3.007908e-02 
 3.032022e+01  3.007908e-02 
 3.032054e+01  3.007908e-02 
 3.032086e+01  3.007908e-02 
 3.032118e+01  3.007907e-02 
 3.032150e+01  3.007907e-02 
 3.032182e+01  3.007907e-02 
 3.032215e+01  3.007907e-02 
 3.032247e+01  3.007906e-02 
 3.032279e+01  3.007906e-02 
 3.032311e+01  3.007906e-02 
 3.032343e+01  3.007905e-02 
 3.032375e+01  3.007905e-02 
 3.032407e+01  3.007905e-02 
 3.032440e+01  3.007905e-02 
 3.032472e+01  3.007904e-02 
 3.032504e+01  3.007904e-02 
 3.032536e+01  3.007904e-02 
 3.032568e+01  3.007903e-02 
 3.032600e+01  3.007903e-02 
 3.032633e+01  3.007903e-02 
 3.032665e+01  3.007902e-02 
 3.032697e+01  3.007902e-02 
 3.032729e+01  3.007901e-02 
 3.032761e+01  3.007901e-02 
 3.032793e+01  3.007901e-02 
 3.032825e+01  3.007900e-02 
 3.032858e+01  3.007900e-02 
 3.032890e+01  3.007899e-02 
 3.032922e+01  3.007899e-02 
 3.032954e+01  3.007899e-02 
 3.032986e+01  3.007898e-02 
 3.033018e+01  3.007898e-02 
 3.033051e+01  3.007897e-02 
 3.033083e+01  3.007897e-02 
 3.033115e+01  3.007896e-02 
 3.033147e+01  3.007896e-02 
 3.033179e+01  3.007895e-02 
 3.033211e+01  3.007895e-02 
 3.033244e+01  3.007894e-02 
 3.033276e+01  3.007894e-02 
 3.033308e+01  3.007893e-02 
 3.033340e+01  3.007893e-02 
 3.033372e+01  3.007892e-02 
 3.033404e+01  3.007892e-02 
 3.033436e+01  3.007891e-02 
 3.033469e+01  3.007891e-02 
 3.033501e+01  3.007890e-02 
 3.033533e+01  3.007890e-02 
 3.033565e+01  3.007889e-02 
 3.033597e+01  3.007888e-02 
 3.033629e+01  3.007888e-02 
 3.033662e+01  3.007887e-02 
 3.033694e+01  3.007887e-02 
 3.033726e+01  3.007886e-02 
 3.033758e+01  3.007885e-02 
 3.033790e+01  3.007885e-02 
 3.033822e+01  3.007884e-02 
 3.033854e+01  3.007884e-02 
 3.033887e+01  3.007883e-02 
 3.033919e+01  3.007882e-02 
 3.033951e+01  3.007882e-02 
 3.033983e+01  3.007881e-02 
 3.034015e+01  3.007880e-02 
 3.034047e+01  3.007880e-02 
 3.034080e+01  3.007879e-02 
 3.034112e+01  3.007878e-02 
 3.034144e+01  3.007878e-02 
 3.034176e+01  3.007877e-02 
 3.034208e+01  3.007876e-02 
 3.034240e+01  3.007876e-02 
 3.034272e+01  3.007875e-02 
 3.034305e+01  3.007874e-02 
 3.034337e+01  3.007874e-02 
 3.034369e+01  3.007873e-02 
 3.034401e+01  3.007872e-02 
 3.034433e+01  3.007871e-02 
 3.034465e+01  3.007871e-02 
 3.034498e+01  3.007870e-02 
 3.034530e+01  3.007869e-02 
 3.034562e+01  3.007869e-02 
 3.034594e+01  3.007868e-02 
 3.034626e+01  3.007867e-02 
 3.034658e+01  3.007866e-02 
 3.034691e+01  3.007866e-02 
 3.034723e+01  3.007865e-02 
 3.034755e+01  3.007864e-02 
 3.034787e+01  3.007863e-02 
 3.034819e+01  3.007863e-02 
 3.034851e+01  3.007862e-02 
 3.034883e+01  3.007861e-02 
 3.034916e+01  3.007860e-02 
 3.034948e+01  3.007859e-02 
 3.034980e+01  3.007859e-02 
 3.035012e+01  3.007858e-02 
 3.035044e+01  3.007857e-02 
 3.035076e+01  3.007856e-02 
 3.035109e+01  3.007856e-02 
 3.035141e+01  3.007855e-02 
 3.035173e+01  3.007854e-02 
 3.035205e+01  3.007853e-02 
 3.035237e+01  3.007852e-02 
 3.035269e+01  3.007852e-02 
 3.035301e+01  3.007851e-02 
 3.035334e+01  3.007850e-02 
 3.035366e+01  3.007849e-02 
 3.035398e+01  3.007848e-02 
 3.035430e+01  3.007847e-02 
 3.035462e+01  3.007847e-02 
 3.035494e+01  3.007846e-02 
 3.035527e+01  3.007845e-02 
 3.035559e+01  3.007844e-02 
 3.035591e+01  3.007843e-02 
 3.035623e+01  3.007842e-02 
 3.035655e+01  3.007842e-02 
 3.035687e+01  3.007841e-02 
 3.035719e+01  3.007840e-02 
 3.035752e+01  3.007839e-02 
 3.035784e+01  3.007838e-02 
 3.035816e+01  3.007837e-02 
 3.035848e+01  3.007836e-02 
 3.035880e+01  3.007835e-02 
 3.035912e+01  3.007835e-02 
 3.035945e+01  3.007834e-02 
 3.035977e+01  3.007833e-02 
 3.036009e+01  3.007832e-02 
 3.036041e+01  3.007831e-02 
 3.036073e+01  3.007830e-02 
 3.036105e+01  3.007829e-02 
 3.036137e+01  3.007828e-02 
 3.036170e+01  3.007827e-02 
 3.036202e+01  3.007826e-02 
 3.036234e+01  3.007825e-02 
 3.036266e+01  3.007824e-02 
 3.036298e+01  3.007823e-02 
 3.036330e+01  3.007823e-02 
 3.036363e+01  3.007822e-02 
 3.036395e+01  3.007821e-02 
 3.036427e+01  3.007820e-02 
 3.036459e+01  3.007819e-02 
 3.036491e+01  3.007818e-02 
 3.036523e+01  3.007817e-02 
 3.036556e+01  3.007816e-02 
 3.036588e+01  3.007815e-02 
 3.036620e+01  3.007814e-02 
 3.036652e+01  3.007813e-02 
 3.036684e+01  3.007811e-02 
 3.036716e+01  3.007810e-02 
 3.036748e+01  3.007809e-02 
 3.036781e+01  3.007808e-02 
 3.036813e+01  3.007807e-02 
 3.036845e+01  3.007806e-02 
 3.036877e+01  3.007805e-02 
 3.036909e+01  3.007804e-02 
 3.036941e+01  3.007803e-02 
 3.036974e+01  3.007802e-02 
 3.037006e+01  3.007801e-02 
 3.037038e+01  3.007800e-02 
 3.037070e+01  3.007799e-02 
 3.037102e+01  3.007797e-02 
 3.037134e+01  3.007796e-02 
 3.037166e+01  3.007795e-02 
 3.037199e+01  3.007794e-02 
 3.037231e+01  3.007793e-02 
 3.037263e+01  3.007792e-02 
 3.037295e+01  3.007791e-02 
 3.037327e+01  3.007789e-02 
 3.037359e+01  3.007788e-02 
 3.037392e+01  3.007787e-02 
 3.037424e+01  3.007786e-02 
 3.037456e+01  3.007785e-02 
 3.037488e+01  3.007783e-02 
 3.037520e+01  3.007782e-02 
 3.037552e+01  3.007781e-02 
 3.037584e+01  3.007780e-02 
 3.037617e+01  3.007779e-02 
 3.037649e+01  3.007777e-02 
 3.037681e+01  3.007776e-02 
 3.037713e+01  3.007775e-02 
 3.037745e+01  3.007774e-02 
 3.037777e+01  3.007772e-02 
 3.037810e+01  3.007771e-02 
 3.037842e+01  3.007770e-02 
 3.037874e+01  3.007768e-02 
 3.037906e+01  3.007767e-02 
 3.037938e+01  3.007766e-02 
 3.037970e+01  3.007764e-02 
 3.038003e+01  3.007763e-02 
 3.038035e+01  3.007762e-02 
 3.038067e+01  3.007760e-02 
 3.038099e+01  3.007759e-02 
 3.038131e+01  3.007758e-02 
 3.038163e+01  3.007756e-02 
 3.038195e+01  3.007755e-02 
 3.038228e+01  3.007754e-02 
 3.038260e+01  3.007752e-02 
 3.038292e+01  3.007751e-02 
 3.038324e+01  3.007749e-02 
 3.038356e+01  3.007748e-02 
 3.038388e+01  3.007747e-02 
 3.038421e+01  3.007745e-02 
 3.038453e+01  3.007744e-02 
 3.038485e+01  3.007742e-02 
 3.038517e+01  3.007741e-02 
 3.038549e+01  3.007739e-02 
 3.038581e+01  3.007738e-02 
 3.038613e+01  3.007736e-02 
 3.038646e+01  3.007735e-02 
 3.038678e+01  3.007733e-02 
 3.038710e+01  3.007732e-02 
 3.038742e+01  3.007730e-02 
 3.038774e+01  3.007729e-02 
 3.038806e+01  3.007727e-02 
 3.038839e+01  3.007726e-02 
 3.038871e+01  3.007724e-02 
 3.038903e+01  3.007722e-02 
 3.038935e+01  3.007721e-02 
 3.038967e+01  3.007719e-02 
 3.038999e+01  3.007717e-02 
 3.039031e+01  3.007716e-02 
 3.039064e+01  3.007714e-02 
 3.039096e+01  3.007713e-02 
 3.039128e+01  3.007711e-02 
 3.039160e+01  3.007709e-02 
 3.039192e+01  3.007707e-02 
 3.039224e+01  3.007706e-02 
 3.039257e+01  3.007704e-02 
 3.039289e+01  3.007702e-02 
 3.039321e+01  3.007701e-02 
 3.039353e+01  3.007699e-02 
 3.039385e+01  3.007697e-02 
 3.039417e+01  3.007695e-02 
 3.039450e+01  3.007694e-02 
 3.039482e+01  3.007692e-02 
 3.039514e+01  3.007690e-02 
 3.039546e+01  3.007688e-02 
 3.039578e+01  3.007686e-02 
 3.039610e+01  3.007685e-02 
 3.039642e+01  3.007683e-02 
 3.039675e+01  3.007681e-02 
 3.039707e+01  3.007679e-02 
 3.039739e+01  3.007677e-02 
 3.039771e+01  3.007675e-02 
 3.039803e+01  3.007673e-02 
 3.039835e+01  3.007671e-02 
 3.039868e+01  3.007670e-02 
 3.039900e+01  3.007668e-02 
 3.039932e+01  3.007666e-02 
 3.039964e+01  3.007664e-02 
 3.039996e+01  3.007662e-02 
 3.040028e+01  3.007660e-02 
 3.040060e+01  3.007658e-02 
 3.040093e+01  3.007656e-02 
 3.040125e+01  3.007654e-02 
 3.040157e+01  3.007652e-02 
 3.040189e+01  3.007650e-02 
 3.040221e+01  3.007648e-02 
 3.040253e+01  3.007646e-02 
 3.040286e+01  3.007644e-02 
 3.040318e+01  3.007642e-02 
 3.040350e+01  3.007640e-02 
 3.040382e+01  3.007638e-02 
 3.040414e+01  3.007636e-02 
 3.040446e+01  3.007634e-02 
 3.040478e+01  3.007632e-02 
 3.040511e+01  3.007630e-02 
 3.040543e+01  3.007628e-02 
 3.040575e+01  3.007626e-02 
 3.040607e+01  3.007624e-02 
 3.040639e+01  3.007622e-02 
 3.040671e+01  3.007620e-02 
 3.040704e+01  3.007618e-02 
 3.040736e+01  3.007616e-02 
 3.040768e+01  3.007614e-02 
 3.040800e+01  3.007612e-02 
 3.040832e+01  3.007610e-02 
 3.040864e+01  3.007608e-02 
 3.040897e+01  3.007606e-02 
 3.040929e+01  3.007604e-02 
 3.040961e+01  3.007602e-02 
 3.040993e+01  3.007600e-02 
 3.041025e+01  3.007598e-02 
 3.041057e+01  3.007596e-02 
 3.041089e+01  3.007594e-02 
 3.041122e+01  3.007591e-02 
 3.041154e+01  3.007589e-02 
 3.041186e+01  3.007587e-02 
 3.041218e+01  3.007585e-02 
 3.041250e+01  3.007583e-02 
 3.041282e+01  3.007581e-02 
 3.041315e+01  3.007579e-02 
 3.041347e+01  3.007577e-02 
 3.041379e+01  3.007575e-02 
 3.041411e+01  3.007573e-02 
 3.041443e+01  3.007571e-02 
 3.041475e+01  3.007569e-02 
 3.041507e+01  3.007567e-02 
 3.041540e+01  3.007565e-02 
 3.041572e+01  3.007563e-02 
 3.041604e+01  3.007561e-02 
 3.041636e+01  3.007559e-02 
 3.041668e+01  3.007557e-02 
 3.041700e+01  3.007555e-02 
 3.041733e+01  3.007553e-02 
 3.041765e+01  3.007551e-02 
 3.041797e+01  3.007548e-02 
 3.041829e+01  3.007546e-02 
 3.041861e+01  3.007544e-02 
 3.041893e+01  3.007542e-02 
 3.041925e+01  3.007540e-02 
 3.041958e+01  3.007538e-02 
 3.041990e+01  3.007536e-02 
 3.042022e+01  3.007534e-02 
 3.042054e+01  3.007532e-02 
 3.042086e+01  3.007530e-02 
 3.042118e+01  3.007528e-02 
 3.042151e+01  3.007526e-02 
 3.042183e+01  3.007524e-02 
 3.042215e+01  3.007522e-02 
 3.042247e+01  3.007520e-02 
 3.042279e+01  3.007518e-02 
 3.042311e+01  3.007516e-02 
 3.042344e+01  3.007514e-02 
 3.042376e+01  3.007512e-02 
 3.042408e+01  3.007510e-02 
 3.042440e+01  3.007508e-02 
 3.042472e+01  3.007506e-02 
 3.042504e+01  3.007504e-02 
 3.042536e+01  3.007502e-02 
 3.042569e+01  3.007500e-02 
 3.042601e+01  3.007498e-02 
 3.042633e+01  3.007496e-02 
 3.042665e+01  3.007494e-02 
 3.042697e+01  3.007492e-02 
 3.042729e+01  3.007490e-02 
 3.042762e+01  3.007488e-02 
 3.042794e+01  3.007486e-02 
 3.042826e+01  3.007484e-02 
 3.042858e+01  3.007482e-02 
 3.042890e+01  3.007480e-02 
 3.042922e+01  3.007478e-02 
 3.042954e+01  3.007476e-02 
 3.042987e+01  3.007474e-02 
 3.043019e+01  3.007472e-02 
 3.043051e+01  3.007470e-02 
 3.043083e+01  3.007468e-02 
 3.043115e+01  3.007466e-02 
 3.043147e+01  3.007464e-02 
 3.043180e+01  3.007462e-02 
 3.043212e+01  3.007461e-02 
 3.043244e+01  3.007459e-02 
 3.043276e+01  3.007457e-02 
 3.043308e+01  3.007455e-02 
 3.043340e+01  3.007453e-02 
 3.043372e+01  3.007451e-02 
 3.043405e+01  3.007449e-02 
 3.043437e+01  3.007447e-02 
 3.043469e+01  3.007445e-02 
 3.043501e+01  3.007443e-02 
 3.043533e+01  3.007441e-02 
 3.043565e+01  3.007439e-02 
 3.043598e+01  3.007438e-02 
 3.043630e+01  3.007436e-02 
 3.043662e+01  3.007434e-02 
 3.043694e+01  3.007432e-02 
 3.043726e+01  3.007430e-02 
 3.043758e+01  3.007428e-02 
 3.043791e+01  3.007426e-02 
 3.043823e+01  3.007424e-02 
 3.043855e+01  3.007423e-02 
 3.043887e+01  3.007421e-02 
 3.043919e+01  3.007419e-02 
 3.043951e+01  3.007417e-02 
 3.043983e+01  3.007415e-02 
 3.044016e+01  3.007413e-02 
 3.044048e+01  3.007411e-02 
 3.044080e+01  3.007410e-02 
 3.044112e+01  3.007408e-02 
 3.044144e+01  3.007406e-02 
 3.044176e+01  3.007404e-02 
 3.044209e+01  3.007402e-02 
 3.044241e+01  3.007401e-02 
 3.044273e+01  3.007399e-02 
 3.044305e+01  3.007397e-02 
 3.044337e+01  3.007395e-02 
 3.044369e+01  3.007393e-02 
 3.044401e+01  3.007391e-02 
 3.044434e+01  3.007390e-02 
 3.044466e+01  3.007388e-02 
 3.044498e+01  3.007386e-02 
 3.044530e+01  3.007384e-02 
 3.044562e+01  3.007382e-02 
 3.044594e+01  3.007381e-02 
 3.044627e+01  3.007379e-02 
 3.044659e+01  3.007377e-02 
 3.044691e+01  3.007375e-02 
 3.044723e+01  3.007374e-02 
 3.044755e+01  3.007372e-02 
 3.044787e+01  3.007370e-02 
 3.044819e+01  3.007368e-02 
 3.044852e+01  3.007366e-02 
 3.044884e+01  3.007365e-02 
 3.044916e+01  3.007363e-02 
 3.044948e+01  3.007361e-02 
 3.044980e+01  3.007359e-02 
 3.045012e+01  3.007358e-02 
 3.045045e+01  3.007356e-02 
 3.045077e+01  3.007354e-02 
 3.045109e+01  3.007352e-02 
 3.045141e+01  3.007351e-02 
 3.045173e+01  3.007349e-02 
 3.045205e+01  3.007347e-02 
 3.045238e+01  3.007346e-02 
 3.045270e+01  3.007344e-02 
 3.045302e+01  3.007342e-02 
 3.045334e+01  3.007340e-02 
 3.045366e+01  3.007339e-02 
 3.045398e+01  3.007337e-02 
 3.045430e+01  3.007335e-02 
 3.045463e+01  3.007334e-02 
 3.045495e+01  3.007332e-02 
 3.045527e+01  3.007330e-02 
 3.045559e+01  3.007329e-02 
 3.045591e+01  3.007327e-02 
 3.045623e+01  3.007325e-02 
 3.045656e+01  3.007324e-02 
 3.045688e+01  3.007322e-02 
 3.045720e+01  3.007320e-02 
 3.045752e+01  3.007319e-02 
 3.045784e+01  3.007317e-02 
 3.045816e+01  3.007315e-02 
 3.045848e+01  3.007314e-02 
 3.045881e+01  3.007312e-02 
 3.045913e+01  3.007310e-02 
 3.045945e+01  3.007309e-02 
 3.045977e+01  3.007307e-02 
 3.046009e+01  3.007305e-02 
 3.046041e+01  3.007304e-02 
 3.046074e+01  3.007302e-02 
 3.046106e+01  3.007300e-02 
 3.046138e+01  3.007299e-02 
 3.046170e+01  3.007297e-02 
 3.046202e+01  3.007296e-02 
 3.046234e+01  3.007294e-02 
 3.046266e+01  3.007292e-02 
 3.046299e+01  3.007291e-02 
 3.046331e+01  3.007289e-02 
 3.046363e+01  3.007287e-02 
 3.046395e+01  3.007286e-02 
 3.046427e+01  3.007284e-02 
 3.046459e+01  3.007282e-02 
 3.046492e+01  3.007281e-02 
 3.046524e+01  3.007279e-02 
 3.046556e+01  3.007278e-02 
 3.046588e+01  3.007276e-02 
 3.046620e+01  3.007274e-02 
 3.046652e+01  3.007273e-02 
 3.046685e+01  3.007271e-02 
 3.046717e+01  3.007269e-02 
 3.046749e+01  3.007268e-02 
 3.046781e+01  3.007266e-02 
 3.046813e+01  3.007264e-02 
 3.046845e+01  3.007263e-02 
 3.046877e+01  3.007261e-02 
 3.046910e+01  3.007259e-02 
 3.046942e+01  3.007258e-02 
 3.046974e+01  3.007256e-02 
 3.047006e+01  3.007254e-02 
 3.047038e+01  3.007253e-02 
 3.047070e+01  3.007251e-02 
 3.047103e+01  3.007249e-02 
 3.047135e+01  3.007248e-02 
 3.047167e+01  3.007246e-02 
 3.047199e+01  3.007244e-02 
 3.047231e+01  3.007243e-02 
 3.047263e+01  3.007241e-02 
 3.047295e+01  3.007239e-02 
 3.047328e+01  3.007238e-02 
 3.047360e+01  3.007236e-02 
 3.047392e+01  3.007234e-02 
 3.047424e+01  3.007232e-02 
 3.047456e+01  3.007231e-02 
 3.047488e+01  3.007229e-02 
 3.047521e+01  3.007227e-02 
 3.047553e+01  3.007225e-02 
 3.047585e+01  3.007224e-02 
 3.047617e+01  3.007222e-02 
 3.047649e+01  3.007220e-02 
 3.047681e+01  3.007218e-02 
 3.047713e+01  3.007217e-02 
 3.047746e+01  3.007215e-02 
 3.047778e+01  3.007213e-02 
 3.047810e+01  3.007211e-02 
 3.047842e+01  3.007210e-02 
 3.047874e+01  3.007208e-02 
 3.047906e+01  3.007206e-02 
 3.047939e+01  3.007204e-02 
 3.047971e+01  3.007202e-02 
 3.048003e+01  3.007200e-02 
 3.048035e+01  3.007199e-02 
 3.048067e+01  3.007197e-02 
 3.048099e+01  3.007195e-02 
 3.048132e+01  3.007193e-02 
 3.048164e+01  3.007191e-02 
 3.048196e+01  3.007189e-02 
 3.048228e+01  3.007188e-02 
 3.048260e+01  3.007186e-02 
 3.048292e+01  3.007184e-02 
 3.048324e+01  3.007182e-02 
 3.048357e+01  3.007180e-02 
 3.048389e+01  3.007178e-02 
 3.048421e+01  3.007176e-02 
 3.048453e+01  3.007174e-02 
 3.048485e+01  3.007172e-02 
 3.048517e+01  3.007170e-02 
 3.048550e+01  3.007169e-02 
 3.048582e+01  3.007167e-02 
 3.048614e+01  3.007165e-02 
 3.048646e+01  3.007163e-02 
 3.048678e+01  3.007161e-02 
 3.048710e+01  3.007159e-02 
 3.048742e+01  3.007157e-02 
 3.048775e+01  3.007155e-02 
 3.048807e+01  3.007153e-02 
 3.048839e+01  3.007151e-02 
 3.048871e+01  3.007149e-02 
 3.048903e+01  3.007147e-02 
 3.048935e+01  3.007145e-02 
 3.048968e+01  3.007143e-02 
 3.049000e+01  3.007141e-02 
 3.049032e+01  3.007139e-02 
 3.049064e+01  3.007137e-02 
 3.049096e+01  3.007135e-02 
 3.049128e+01  3.007133e-02 
 3.049160e+01  3.007131e-02 
 3.049193e+01  3.007129e-02 
 3.049225e+01  3.007127e-02 
 3.049257e+01  3.007125e-02 
 3.049289e+01  3.007123e-02 
 3.049321e+01  3.007121e-02 
 3.049353e+01  3.007119e-02 
 3.049386e+01  3.007117e-02 
 3.049418e+01  3.007115e-02 
 3.049450e+01  3.007113e-02 
 3.049482e+01  3.007111e-02 
 3.049514e+01  3.007109e-02 
 3.049546e+01  3.007107e-02 
 3.049579e+01  3.007105e-02 
 3.049611e+01  3.007102e-02 
 3.049643e+01  3.007100e-02 
 3.049675e+01  3.007098e-02 
 3.049707e+01  3.007096e-02 
 3.049739e+01  3.007094e-02 
 3.049771e+01  3.007092e-02 
 3.049804e+01  3.007090e-02 
 3.049836e+01  3.007088e-02 
 3.049868e+01  3.007086e-02 
 3.049900e+01  3.007084e-02 
 3.049932e+01  3.007081e-02 
 3.049964e+01  3.007079e-02 
 3.049997e+01  3.007077e-02 
 3.050029e+01  3.007075e-02 
 3.050061e+01  3.007073e-02 
 3.050093e+01  3.007071e-02 
 3.050125e+01  3.007069e-02 
 3.050157e+01  3.007066e-02 
 3.050189e+01  3.007064e-02 
 3.050222e+01  3.007062e-02 
 3.050254e+01  3.007060e-02 
 3.050286e+01  3.007058e-02 
 3.050318e+01  3.007056e-02 
 3.050350e+01  3.007054e-02 
 3.050382e+01  3.007051e-02 
 3.050415e+01  3.007049e-02 
 3.050447e+01  3.007047e-02 
 3.050479e+01  3.007045e-02 
 3.050511e+01  3.007043e-02 
 3.050543e+01  3.007041e-02 
 3.050575e+01  3.007038e-02 
 3.050607e+01  3.007036e-02 
 3.050640e+01  3.007034e-02 
 3.050672e+01  3.007032e-02 
 3.050704e+01  3.007030e-02 
 3.050736e+01  3.007027e-02 
 3.050768e+01  3.007025e-02 
 3.050800e+01  3.007023e-02 
 3.050833e+01  3.007021e-02 
 3.050865e+01  3.007019e-02 
 3.050897e+01  3.007017e-02 
 3.050929e+01  3.007014e-02 
 3.050961e+01  3.007012e-02 
 3.050993e+01  3.007010e-02 
 3.051026e+01  3.007008e-02 
 3.051058e+01  3.007006e-02 
 3.051090e+01  3.007004e-02 
 3.051122e+01  3.007001e-02 
 3.051154e+01  3.006999e-02 
 3.051186e+01  3.006997e-02 
 3.051218e+01  3.006995e-02 
 3.051251e+01  3.006993e-02 
 3.051283e+01  3.006991e-02 
 3.051315e+01  3.006989e-02 
 3.051347e+01  3.006986e-02 
 3.051379e+01  3.006984e-02 
 3.051411e+01  3.006982e-02 
 3.051444e+01  3.006980e-02 
 3.051476e+01  3.006978e-02 
 3.051508e+01  3.006976e-02 
 3.051540e+01  3.006974e-02 
 3.051572e+01  3.006972e-02 
 3.051604e+01  3.006970e-02 
 3.051636e+01  3.006968e-02 
 3.051669e+01  3.006965e-02 
 3.051701e+01  3.006963e-02 
 3.051733e+01  3.006961e-02 
 3.051765e+01  3.006959e-02 
 3.051797e+01  3.006957e-02 
 3.051829e+01  3.006955e-02 
 3.051862e+01  3.006953e-02 
 3.051894e+01  3.006951e-02 
 3.051926e+01  3.006949e-02 
 3.051958e+01  3.006947e-02 
 3.051990e+01  3.006945e-02 
 3.052022e+01  3.006943e-02 
 3.052054e+01  3.006941e-02 
 3.052087e+01  3.006939e-02 
 3.052119e+01  3.006937e-02 
 3.052151e+01  3.006936e-02 
 3.052183e+01  3.006934e-02 
 3.052215e+01  3.006932e-02 
 3.052247e+01  3.006930e-02 
 3.052280e+01  3.006928e-02 
 3.052312e+01  3.006926e-02 
 3.052344e+01  3.006924e-02 
 3.052376e+01  3.006922e-02 
 3.052408e+01  3.006920e-02 
 3.052440e+01  3.006919e-02 
 3.052473e+01  3.006917e-02 
 3.052505e+01  3.006915e-02 
 3.052537e+01  3.006913e-02 
 3.052569e+01  3.006911e-02 
 3.052601e+01  3.006909e-02 
 3.052633e+01  3.006908e-02 
 3.052665e+01  3.006906e-02 
 3.052698e+01  3.006904e-02 
 3.052730e+01  3.006902e-02 
 3.052762e+01  3.006901e-02 
 3.052794e+01  3.006899e-02 
 3.052826e+01  3.006897e-02 
 3.052858e+01  3.006895e-02 
 3.052891e+01  3.006894e-02 
 3.052923e+01  3.006892e-02 
 3.052955e+01  3.006890e-02 
 3.052987e+01  3.006888e-02 
 3.053019e+01  3.006887e-02 
 3.053051e+01  3.006885e-02 
 3.053083e+01  3.006883e-02 
 3.053116e+01  3.006882e-02 
 3.053148e+01  3.006880e-02 
 3.053180e+01  3.006879e-02 
 3.053212e+01  3.006877e-02 
 3.053244e+01  3.006875e-02 
 3.053276e+01  3.006874e-02 
 3.053309e+01  3.006872e-02 
 3.053341e+01  3.006871e-02 
 3.053373e+01  3.006869e-02 
 3.053405e+01  3.006867e-02 
 3.053437e+01  3.006866e-02 
 3.053469e+01  3.006864e-02 
 3.053501e+01  3.006863e-02 
 3.053534e+01  3.006861e-02 
 3.053566e+01  3.006860e-02 
 3.053598e+01  3.006858e-02 
 3.053630e+01  3.006857e-02 
 3.053662e+01  3.006855e-02 
 3.053694e+01  3.006854e-02 
 3.053727e+01  3.006852e-02 
 3.053759e+01  3.006851e-02 
 3.053791e+01  3.006849e-02 
 3.053823e+01  3.006848e-02 
 3.053855e+01  3.006847e-02 
 3.053887e+01  3.006845e-02 
 3.053920e+01  3.006844e-02 
 3.053952e+01  3.006842e-02 
 3.053984e+01  3.006841e-02 
 3.054016e+01  3.006840e-02 
 3.054048e+01  3.006838e-02 
 3.054080e+01  3.006837e-02 
 3.054112e+01  3.006835e-02 
 3.054145e+01  3.006834e-02 
 3.054177e+01  3.006833e-02 
 3.054209e+01  3.006831e-02 
 3.054241e+01  3.006830e-02 
 3.054273e+01  3.006829e-02 
 3.054305e+01  3.006828e-02 
 3.054338e+01  3.006826e-02 
 3.054370e+01  3.006825e-02 
 3.054402e+01  3.006824e-02 
 3.054434e+01  3.006822e-02 
 3.054466e+01  3.006821e-02 
 3.054498e+01  3.006820e-02 
 3.054530e+01  3.006819e-02 
 3.054563e+01  3.006817e-02 
 3.054595e+01  3.006816e-02 
 3.054627e+01  3.006815e-02 
 3.054659e+01  3.006814e-02 
 3.054691e+01  3.006813e-02 
 3.054723e+01  3.006811e-02 
 3.054756e+01  3.006810e-02 
 3.054788e+01  3.006809e-02 
 3.054820e+01  3.006808e-02 
 3.054852e+01  3.006807e-02 
 3.054884e+01  3.006805e-02 
 3.054916e+01  3.006804e-02 
 3.054948e+01  3.006803e-02 
 3.054981e+01  3.006802e-02 
 3.055013e+01  3.006801e-02 
 3.055045e+01  3.006800e-02 
 3.055077e+01  3.006799e-02 
 3.055109e+01  3.006798e-02 
 3.055141e+01  3.006796e-02 
 3.055174e+01  3.006795e-02 
 3.055206e+01  3.006794e-02 
 3.055238e+01  3.006793e-02 
 3.055270e+01  3.006792e-02 
 3.055302e+01  3.006791e-02 
 3.055334e+01  3.006790e-02 
 3.055367e+01  3.006789e-02 
 3.055399e+01  3.006788e-02 
 3.055431e+01  3.006787e-02 
 3.055463e+01  3.006786e-02 
 3.055495e+01  3.006785e-02 
 3.055527e+01  3.006784e-02 
 3.055559e+01  3.006783e-02 
 3.055592e+01  3.006782e-02 
 3.055624e+01  3.006780e-02 
 3.055656e+01  3.006779e-02 
 3.055688e+01  3.006778e-02 
 3.055720e+01  3.006777e-02 
 3.055752e+01  3.006776e-02 
 3.055785e+01  3.006775e-02 
 3.055817e+01  3.006774e-02 
 3.055849e+01  3.006774e-02 
 3.055881e+01  3.006773e-02 
 3.055913e+01  3.006772e-02 
 3.055945e+01  3.006771e-02 
 3.055977e+01  3.006770e-02 
 3.056010e+01  3.006769e-02 
 3.056042e+01  3.006768e-02 
 3.056074e+01  3.006767e-02 
 3.056106e+01  3.006766e-02 
 3.056138e+01  3.006765e-02 
 3.056170e+01  3.006764e-02 
 3.056203e+01  3.006763e-02 
 3.056235e+01  3.006762e-02 
 3.056267e+01  3.006761e-02 
 3.056299e+01  3.006760e-02 
 3.056331e+01  3.006760e-02 
 3.056363e+01  3.006759e-02 
 3.056395e+01  3.006758e-02 
 3.056428e+01  3.006757e-02 
 3.056460e+01  3.006756e-02 
 3.056492e+01  3.006755e-02 
 3.056524e+01  3.006754e-02 
 3.056556e+01  3.006754e-02 
 3.056588e+01  3.006753e-02 
 3.056621e+01  3.006752e-02 
 3.056653e+01  3.006751e-02 
 3.056685e+01  3.006750e-02 
 3.056717e+01  3.006750e-02 
 3.056749e+01  3.006749e-02 
 3.056781e+01  3.006748e-02 
 3.056814e+01  3.006747e-02 
 3.056846e+01  3.006747e-02 
 3.056878e+01  3.006746e-02 
 3.056910e+01  3.006745e-02 
 3.056942e+01  3.006744e-02 
 3.056974e+01  3.006744e-02 
 3.057006e+01  3.006743e-02 
 3.057039e+01  3.006742e-02 
 3.057071e+01  3.006741e-02 
 3.057103e+01  3.006741e-02 
 3.057135e+01  3.006740e-02 
 3.057167e+01  3.006739e-02 
 3.057199e+01  3.006739e-02 
 3.057232e+01  3.006738e-02 
 3.057264e+01  3.006737e-02 
 3.057296e+01  3.006736e-02 
 3.057328e+01  3.006736e-02 
 3.057360e+01  3.006735e-02 
 3.057392e+01  3.006734e-02 
 3.057424e+01  3.006734e-02 
 3.057457e+01  3.006733e-02 
 3.057489e+01  3.006733e-02 
 3.057521e+01  3.006732e-02 
 3.057553e+01  3.006731e-02 
 3.057585e+01  3.006731e-02 
 3.057617e+01  3.006730e-02 
 3.057650e+01  3.006729e-02 
 3.057682e+01  3.006729e-02 
 3.057714e+01  3.006728e-02 
 3.057746e+01  3.006728e-02 
 3.057778e+01  3.006727e-02 
 3.057810e+01  3.006726e-02 
 3.057842e+01  3.006726e-02 
 3.057875e+01  3.006725e-02 
 3.057907e+01  3.006724e-02 
 3.057939e+01  3.006724e-02 
 3.057971e+01  3.006723e-02 
 3.058003e+01  3.006723e-02 
 3.058035e+01  3.006722e-02 
 3.058068e+01  3.006722e-02 
 3.058100e+01  3.006721e-02 
 3.058132e+01  3.006720e-02 
 3.058164e+01  3.006720e-02 
 3.058196e+01  3.006719e-02 
 3.058228e+01  3.006719e-02 
 3.058261e+01  3.006718e-02 
 3.058293e+01  3.006717e-02 
 3.058325e+01  3.006717e-02 
 3.058357e+01  3.006716e-02 
 3.058389e+01  3.006716e-02 
 3.058421e+01  3.006715e-02 
 3.058453e+01  3.006715e-02 
 3.058486e+01  3.006714e-02 
 3.058518e+01  3.006713e-02 
 3.058550e+01  3.006713e-02 
 3.058582e+01  3.006712e-02 
 3.058614e+01  3.006712e-02 
 3.058646e+01  3.006711e-02 
 3.058679e+01  3.006710e-02 
 3.058711e+01  3.006710e-02 
 3.058743e+01  3.006709e-02 
 3.058775e+01  3.006709e-02 
 3.058807e+01  3.006708e-02 
 3.058839e+01  3.006707e-02 
 3.058871e+01  3.006707e-02 
 3.058904e+01  3.006706e-02 
 3.058936e+01  3.006706e-02 
 3.058968e+01  3.006705e-02 
 3.059000e+01  3.006704e-02 
 3.059032e+01  3.006704e-02 
 3.059064e+01  3.006703e-02 
 3.059097e+01  3.006703e-02 
 3.059129e+01  3.006702e-02 
 3.059161e+01  3.006701e-02 
 3.059193e+01  3.006701e-02 
 3.059225e+01  3.006700e-02 
 3.059257e+01  3.006700e-02 
 3.059289e+01  3.006699e-02 
 3.059322e+01  3.006698e-02 
 3.059354e+01  3.006698e-02 
 3.059386e+01  3.006697e-02 
 3.059418e+01  3.006696e-02 
 3.059450e+01  3.006696e-02 
 3.059482e+01  3.006695e-02 
 3.059515e+01  3.006695e-02 
 3.059547e+01  3.006694e-02 
 3.059579e+01  3.006693e-02 
 3.059611e+01  3.006693e-02 
 3.059643e+01  3.006692e-02 
 3.059675e+01  3.006692e-02 
 3.059708e+01  3.006691e-02 
 3.059740e+01  3.006690e-02 
 3.059772e+01  3.006690e-02 
 3.059804e+01  3.006689e-02 
 3.059836e+01  3.006689e-02 
 3.059868e+01  3.006688e-02 
 3.059900e+01  3.006687e-02 
 3.059933e+01  3.006687e-02 
 3.059965e+01  3.006686e-02 
 3.059997e+01  3.006686e-02 
 3.060029e+01  3.006685e-02 
 3.060061e+01  3.006684e-02 
 3.060093e+01  3.006684e-02 
 3.060126e+01  3.006683e-02 
 3.060158e+01  3.006683e-02 
 3.060190e+01  3.006682e-02 
 3.060222e+01  3.006681e-02 
 3.060254e+01  3.006681e-02 
 3.060286e+01  3.006680e-02 
 3.060318e+01  3.006680e-02 
 3.060351e+01  3.006679e-02 
 3.060383e+01  3.006679e-02 
 3.060415e+01  3.006678e-02 
 3.060447e+01  3.006678e-02 
 3.060479e+01  3.006677e-02 
 3.060511e+01  3.006677e-02 
 3.060544e+01  3.006676e-02 
 3.060576e+01  3.006676e-02 
 3.060608e+01  3.006675e-02 
 3.060640e+01  3.006675e-02 
 3.060672e+01  3.006674e-02 
 3.060704e+01  3.006674e-02 
 3.060736e+01  3.006673e-02 
 3.060769e+01  3.006673e-02 
 3.060801e+01  3.006672e-02 
 3.060833e+01  3.006672e-02 
 3.060865e+01  3.006671e-02 
 3.060897e+01  3.006671e-02 
 3.060929e+01  3.006671e-02 
 3.060962e+01  3.006670e-02 
 3.060994e+01  3.006670e-02 
 3.061026e+01  3.006669e-02 
 3.061058e+01  3.006669e-02 
 3.061090e+01  3.006669e-02 
 3.061122e+01  3.006668e-02 
 3.061155e+01  3.006668e-02 
 3.061187e+01  3.006668e-02 
 3.061219e+01  3.006667e-02 
 3.061251e+01  3.006667e-02 
 3.061283e+01  3.006666e-02 
 3.061315e+01  3.006666e-02 
 3.061347e+01  3.006666e-02 
 3.061380e+01  3.006666e-02 
 3.061412e+01  3.006665e-02 
 3.061444e+01  3.006665e-02 
 3.061476e+01  3.006665e-02 
 3.061508e+01  3.006664e-02 
 3.061540e+01  3.006664e-02 
 3.061573e+01  3.006664e-02 
 3.061605e+01  3.006663e-02 
 3.061637e+01  3.006663e-02 
 3.061669e+01  3.006663e-02 
 3.061701e+01  3.006663e-02 
 3.061733e+01  3.006662e-02 
 3.061765e+01  3.006662e-02 
 3.061798e+01  3.006662e-02 
 3.061830e+01  3.006662e-02 
 3.061862e+01  3.006661e-02 
 3.061894e+01  3.006661e-02 
 3.061926e+01  3.006661e-02 
 3.061958e+01  3.006661e-02 
 3.061991e+01  3.006661e-02 
 3.062023e+01  3.006660e-02 
 3.062055e+01  3.006660e-02 
 3.062087e+01  3.006660e-02 
 3.062119e+01  3.006660e-02 
 3.062151e+01  3.006660e-02 
 3.062183e+01  3.006659e-02 
 3.062216e+01  3.006659e-02 
 3.062248e+01  3.006659e-02 
 3.062280e+01  3.006659e-02 
 3.062312e+01  3.006659e-02 
 3.062344e+01  3.006659e-02 
 3.062376e+01  3.006658e-02 
 3.062409e+01  3.006658e-02 
 3.062441e+01  3.006658e-02 
 3.062473e+01  3.006658e-02 
 3.062505e+01  3.006658e-02 
 3.062537e+01  3.006658e-02 
 3.062569e+01  3.006658e-02 
 3.062602e+01  3.006657e-02 
 3.062634e+01  3.006657e-02 
 3.062666e+01  3.006657e-02 
 3.062698e+01  3.006657e-02 
 3.062730e+01  3.006657e-02 
 3.062762e+01  3.006657e-02 
 3.062794e+01  3.006657e-02 
 3.062827e+01  3.006657e-02 
 3.062859e+01  3.006657e-02 
 3.062891e+01  3.006657e-02 
 3.062923e+01  3.006657e-02 
 3.062955e+01  3.006656e-02 
 3.062987e+01  3.006656e-02 
 3.063020e+01  3.006656e-02 
 3.063052e+01  3.006656e-02 
 3.063084e+01  3.006656e-02 
 3.063116e+01  3.006656e-02 
 3.063148e+01  3.006656e-02 
 3.063180e+01  3.006656e-02 
 3.063212e+01  3.006656e-02 
 3.063245e+01  3.006656e-02 
 3.063277e+01  3.006656e-02 
 3.063309e+01  3.006656e-02 
 3.063341e+01  3.006656e-02 
 3.063373e+01  3.006657e-02 
 3.063405e+01  3.006657e-02 
 3.063438e+01  3.006657e-02 
 3.063470e+01  3.006657e-02 
 3.063502e+01  3.006657e-02 
 3.063534e+01  3.006657e-02 
 3.063566e+01  3.006657e-02 
 3.063598e+01  3.006657e-02 
 3.063630e+01  3.006657e-02 
 3.063663e+01  3.006658e-02 
 3.063695e+01  3.006658e-02 
 3.063727e+01  3.006658e-02 
 3.063759e+01  3.006658e-02 
 3.063791e+01  3.006658e-02 
 3.063823e+01  3.006659e-02 
 3.063856e+01  3.006659e-02 
 3.063888e+01  3.006659e-02 
 3.063920e+01  3.006659e-02 
 3.063952e+01  3.006660e-02 
 3.063984e+01  3.006660e-02 
 3.064016e+01  3.006660e-02 
 3.064049e+01  3.006661e-02 
 3.064081e+01  3.006661e-02 
 3.064113e+01  3.006661e-02 
 3.064145e+01  3.006662e-02 
 3.064177e+01  3.006662e-02 
 3.064209e+01  3.006663e-02 
 3.064241e+01  3.006663e-02 
 3.064274e+01  3.006663e-02 
 3.064306e+01  3.006664e-02 
 3.064338e+01  3.006664e-02 
 3.064370e+01  3.006665e-02 
 3.064402e+01  3.006665e-02 
 3.064434e+01  3.006666e-02 
 3.064467e+01  3.006666e-02 
 3.064499e+01  3.006667e-02 
 3.064531e+01  3.006668e-02 
 3.064563e+01  3.006668e-02 
 3.064595e+01  3.006669e-02 
 3.064627e+01  3.006669e-02 
 3.064659e+01  3.006670e-02 
 3.064692e+01  3.006671e-02 
 3.064724e+01  3.006671e-02 
 3.064756e+01  3.006672e-02 
 3.064788e+01  3.006673e-02 
 3.064820e+01  3.006673e-02 
 3.064852e+01  3.006674e-02 
 3.064885e+01  3.006675e-02 
 3.064917e+01  3.006676e-02 
 3.064949e+01  3.006676e-02 
 3.064981e+01  3.006677e-02 
 3.065013e+01  3.006678e-02 
 3.065045e+01  3.006679e-02 
 3.065077e+01  3.006679e-02 
 3.065110e+01  3.006680e-02 
 3.065142e+01  3.006681e-02 
 3.065174e+01  3.006682e-02 
 3.065206e+01  3.006683e-02 
 3.065238e+01  3.006684e-02 
 3.065270e+01  3.006685e-02 
 3.065303e+01  3.006686e-02 
 3.065335e+01  3.006686e-02 
 3.065367e+01  3.006687e-02 
 3.065399e+01  3.006688e-02 
 3.065431e+01  3.006689e-02 
 3.065463e+01  3.006690e-02 
 3.065496e+01  3.006691e-02 
 3.065528e+01  3.006692e-02 
 3.065560e+01  3.006693e-02 
 3.065592e+01  3.006694e-02 
 3.065624e+01  3.006695e-02 
 3.065656e+01  3.006696e-02 
 3.065688e+01  3.006697e-02 
 3.065721e+01  3.006698e-02 
 3.065753e+01  3.006699e-02 
 3.065785e+01  3.006700e-02 
 3.065817e+01  3.006701e-02 
 3.065849e+01  3.006702e-02 
 3.065881e+01  3.006703e-02 
 3.065914e+01  3.006704e-02 
 3.065946e+01  3.006705e-02 
 3.065978e+01  3.006706e-02 
 3.066010e+01  3.006708e-02 
 3.066042e+01  3.006709e-02 
 3.066074e+01  3.006710e-02 
 3.066106e+01  3.006711e-02 
 3.066139e+01  3.006712e-02 
 3.066171e+01  3.006713e-02 
 3.066203e+01  3.006714e-02 
 3.066235e+01  3.006715e-02 
 3.066267e+01  3.006716e-02 
 3.066299e+01  3.006717e-02 
 3.066332e+01  3.006719e-02 
 3.066364e+01  3.006720e-02 
 3.066396e+01  3.006721e-02 
 3.066428e+01  3.006722e-02 
 3.066460e+01  3.006723e-02 
 3.066492e+01  3.006724e-02 
 3.066524e+01  3.006725e-02 
 3.066557e+01  3.006726e-02 
 3.066589e+01  3.006728e-02 
 3.066621e+01  3.006729e-02 
 3.066653e+01  3.006730e-02 
 3.066685e+01  3.006731e-02 
 3.066717e+01  3.006732e-02 
 3.066750e+01  3.006733e-02 
 3.066782e+01  3.006734e-02 
 3.066814e+01  3.006736e-02 
 3.066846e+01  3.006737e-02 
 3.066878e+01  3.006738e-02 
 3.066910e+01  3.006739e-02 
 3.066943e+01  3.006740e-02 
 3.066975e+01  3.006741e-02 
 3.067007e+01  3.006742e-02 
 3.067039e+01  3.006744e-02 
 3.067071e+01  3.006745e-02 
 3.067103e+01  3.006746e-02 
 3.067135e+01  3.006747e-02 
 3.067168e+01  3.006748e-02 
 3.067200e+01  3.006749e-02 
 3.067232e+01  3.006750e-02 
 3.067264e+01  3.006751e-02 
 3.067296e+01  3.006753e-02 
 3.067328e+01  3.006754e-02 
 3.067361e+01  3.006755e-02 
 3.067393e+01  3.006756e-02 
 3.067425e+01  3.006757e-02 
 3.067457e+01  3.006758e-02 
 3.067489e+01  3.006759e-02 
 3.067521e+01  3.006760e-02 
 3.067553e+01  3.006761e-02 
 3.067586e+01  3.006763e-02 
 3.067618e+01  3.006764e-02 
 3.067650e+01  3.006765e-02 
 3.067682e+01  3.006766e-02 
 3.067714e+01  3.006767e-02 
 3.067746e+01  3.006768e-02 
 3.067779e+01  3.006769e-02 
 3.067811e+01  3.006770e-02 
 3.067843e+01  3.006771e-02 
 3.067875e+01  3.006772e-02 
 3.067907e+01  3.006773e-02 
 3.067939e+01  3.006774e-02 
 3.067971e+01  3.006775e-02 
 3.068004e+01  3.006776e-02 
 3.068036e+01  3.006777e-02 
 3.068068e+01  3.006778e-02 
 3.068100e+01  3.006779e-02 
 3.068132e+01  3.006780e-02 
 3.068164e+01  3.006781e-02 
 3.068197e+01  3.006782e-02 
 3.068229e+01  3.006783e-02 
 3.068261e+01  3.006784e-02 
 3.068293e+01  3.006785e-02 
 3.068325e+01  3.006786e-02 
 3.068357e+01  3.006787e-02 
 3.068390e+01  3.006788e-02 
 3.068422e+01  3.006789e-02 
 3.068454e+01  3.006790e-02 
 3.068486e+01  3.006791e-02 
 3.068518e+01  3.006792e-02 
 3.068550e+01  3.006793e-02 
 3.068582e+01  3.006794e-02 
 3.068615e+01  3.006795e-02 
 3.068647e+01  3.006796e-02 
 3.068679e+01  3.006797e-02 
 3.068711e+01  3.006798e-02 
 3.068743e+01  3.006799e-02 
 3.068775e+01  3.006799e-02 
 3.068808e+01  3.006800e-02 
 3.068840e+01  3.006801e-02 
 3.068872e+01  3.006802e-02 
 3.068904e+01  3.006803e-02 
 3.068936e+01  3.006804e-02 
 3.068968e+01  3.006805e-02 
 3.069000e+01  3.006806e-02 
 3.069033e+01  3.006807e-02 
 3.069065e+01  3.006807e-02 
 3.069097e+01  3.006808e-02 
 3.069129e+01  3.006809e-02 
 3.069161e+01  3.006810e-02 
 3.069193e+01  3.006811e-02 
 3.069226e+01  3.006812e-02 
 3.069258e+01  3.006813e-02 
 3.069290e+01  3.006814e-02 
 3.069322e+01  3.006814e-02 
 3.069354e+01  3.006815e-02 
 3.069386e+01  3.006816e-02 
 3.069418e+01  3.006817e-02 
 3.069451e+01  3.006818e-02 
 3.069483e+01  3.006819e-02 
 3.069515e+01  3.006819e-02 
 3.069547e+01  3.006820e-02 
 3.069579e+01  3.006821e-02 
 3.069611e+01  3.006822e-02 
 3.069644e+01  3.006823e-02 
 3.069676e+01  3.006824e-02 
 3.069708e+01  3.006824e-02 
 3.069740e+01  3.006825e-02 
 3.069772e+01  3.006826e-02 
 3.069804e+01  3.006827e-02 
 3.069837e+01  3.006828e-02 
 3.069869e+01  3.006829e-02 
 3.069901e+01  3.006829e-02 
 3.069933e+01  3.006830e-02 
 3.069965e+01  3.006831e-02 
 3.069997e+01  3.006832e-02 
 3.070029e+01  3.006833e-02 
 3.070062e+01  3.006834e-02 
 3.070094e+01  3.006835e-02 
 3.070126e+01  3.006835e-02 
 3.070158e+01  3.006836e-02 
 3.070190e+01  3.006837e-02 
 3.070222e+01  3.006838e-02 
 3.070255e+01  3.006839e-02 
 3.070287e+01  3.006840e-02 
 3.070319e+01  3.006841e-02 
 3.070351e+01  3.006841e-02 
 3.070383e+01  3.006842e-02 
 3.070415e+01  3.006843e-02 
 3.070447e+01  3.006844e-02 
 3.070480e+01  3.006845e-02 
 3.070512e+01  3.006846e-02 
 3.070544e+01  3.006847e-02 
 3.070576e+01  3.006848e-02 
 3.070608e+01  3.006848e-02 
 3.070640e+01  3.006849e-02 
 3.070673e+01  3.006850e-02 
 3.070705e+01  3.006851e-02 
 3.070737e+01  3.006852e-02 
 3.070769e+01  3.006853e-02 
 3.070801e+01  3.006854e-02 
 3.070833e+01  3.006855e-02 
 3.070865e+01  3.006856e-02 
 3.070898e+01  3.006857e-02 
 3.070930e+01  3.006858e-02 
 3.070962e+01  3.006859e-02 
 3.070994e+01  3.006860e-02 
 3.071026e+01  3.006861e-02 
 3.071058e+01  3.006861e-02 
 3.071091e+01  3.006862e-02 
 3.071123e+01  3.006863e-02 
 3.071155e+01  3.006864e-02 
 3.071187e+01  3.006865e-02 
 3.071219e+01  3.006866e-02 
 3.071251e+01  3.006867e-02 
 3.071284e+01  3.006868e-02 
 3.071316e+01  3.006869e-02 
 3.071348e+01  3.006870e-02 
 3.071380e+01  3.006871e-02 
 3.071412e+01  3.006872e-02 
 3.071444e+01  3.006873e-02 
 3.071476e+01  3.006875e-02 
 3.071509e+01  3.006876e-02 
 3.071541e+01  3.006877e-02 
 3.071573e+01  3.006878e-02 
 3.071605e+01  3.006879e-02 
 3.071637e+01  3.006880e-02 
 3.071669e+01  3.006881e-02 
 3.071702e+01  3.006882e-02 
 3.071734e+01  3.006883e-02 
 3.071766e+01  3.006884e-02 
 3.071798e+01  3.006885e-02 
 3.071830e+01  3.006886e-02 
 3.071862e+01  3.006887e-02 
 3.071894e+01  3.006889e-02 
 3.071927e+01  3.006890e-02 
 3.071959e+01  3.006891e-02 
 3.071991e+01  3.006892e-02 
 3.072023e+01  3.006893e-02 
 3.072055e+01  3.006894e-02 
 3.072087e+01  3.006895e-02 
 3.072120e+01  3.006897e-02 
 3.072152e+01  3.006898e-02 
 3.072184e+01  3.006899e-02 
 3.072216e+01  3.006900e-02 
 3.072248e+01  3.006901e-02 
 3.072280e+01  3.006902e-02 
 3.072312e+01  3.006904e-02 
 3.072345e+01  3.006905e-02 
 3.072377e+01  3.006906e-02 
 3.072409e+01  3.006907e-02 
 3.072441e+01  3.006909e-02 
 3.072473e+01  3.006910e-02 
 3.072505e+01  3.006911e-02 
 3.072538e+01  3.006912e-02 
 3.072570e+01  3.006913e-02 
 3.072602e+01  3.006915e-02 
 3.072634e+01  3.006916e-02 
 3.072666e+01  3.006917e-02 
 3.072698e+01  3.006918e-02 
 3.072731e+01  3.006920e-02 
 3.072763e+01  3.006921e-02 
 3.072795e+01  3.006922e-02 
 3.072827e+01  3.006924e-02 
 3.072859e+01  3.006925e-02 
 3.072891e+01  3.006926e-02 
 3.072923e+01  3.006927e-02 
 3.072956e+01  3.006929e-02 
 3.072988e+01  3.006930e-02 
 3.073020e+01  3.006931e-02 
 3.073052e+01  3.006933e-02 
 3.073084e+01  3.006934e-02 
 3.073116e+01  3.006935e-02 
 3.073149e+01  3.006937e-02 
 3.073181e+01  3.006938e-02 
 3.073213e+01  3.006939e-02 
 3.073245e+01  3.006940e-02 
 3.073277e+01  3.006942e-02 
 3.073309e+01  3.006943e-02 
 3.073341e+01  3.006944e-02 
 3.073374e+01  3.006946e-02 
 3.073406e+01  3.006947e-02 
 3.073438e+01  3.006949e-02 
 3.073470e+01  3.006950e-02 
 3.073502e+01  3.006951e-02 
 3.073534e+01  3.006953e-02 
 3.073567e+01  3.006954e-02 
 3.073599e+01  3.006955e-02 
 3.073631e+01  3.006957e-02 
 3.073663e+01  3.006958e-02 
 3.073695e+01  3.006959e-02 
 3.073727e+01  3.006961e-02 
 3.073759e+01  3.006962e-02 
 3.073792e+01  3.006964e-02 
 3.073824e+01  3.006965e-02 
 3.073856e+01  3.006966e-02 
 3.073888e+01  3.006968e-02 
 3.073920e+01  3.006969e-02 
 3.073952e+01  3.006971e-02 
 3.073985e+01  3.006972e-02 
 3.074017e+01  3.006973e-02 
 3.074049e+01  3.006975e-02 
 3.074081e+01  3.006976e-02 
 3.074113e+01  3.006978e-02 
 3.074145e+01  3.006979e-02 
 3.074178e+01  3.006980e-02 
 3.074210e+01  3.006982e-02 
 3.074242e+01  3.006983e-02 
 3.074274e+01  3.006985e-02 
 3.074306e+01  3.006986e-02 
 3.074338e+01  3.006988e-02 
 3.074370e+01  3.006989e-02 
 3.074403e+01  3.006990e-02 
 3.074435e+01  3.006992e-02 
 3.074467e+01  3.006993e-02 
 3.074499e+01  3.006995e-02 
 3.074531e+01  3.006996e-02 
 3.074563e+01  3.006998e-02 
 3.074596e+01  3.006999e-02 
 3.074628e+01  3.007001e-02 
 3.074660e+01  3.007002e-02 
 3.074692e+01  3.007003e-02 
 3.074724e+01  3.007005e-02 
 3.074756e+01  3.007006e-02 
 3.074788e+01  3.007008e-02 
 3.074821e+01  3.007009e-02 
 3.074853e+01  3.007011e-02 
 3.074885e+01  3.007012e-02 
 3.074917e+01  3.007014e-02 
 3.074949e+01  3.007015e-02 
 3.074981e+01  3.007017e-02 
 3.075014e+01  3.007018e-02 
 3.075046e+01  3.007020e-02 
 3.075078e+01  3.007021e-02 
 3.075110e+01  3.007023e-02 
 3.075142e+01  3.007024e-02 
 3.075174e+01  3.007026e-02 
 3.075206e+01  3.007028e-02 
 3.075239e+01  3.007029e-02 
 3.075271e+01  3.007031e-02 
 3.075303e+01  3.007032e-02 
 3.075335e+01  3.007034e-02 
 3.075367e+01  3.007035e-02 
 3.075399e+01  3.007037e-02 
 3.075432e+01  3.007038e-02 
 3.075464e+01  3.007040e-02 
 3.075496e+01  3.007042e-02 
 3.075528e+01  3.007043e-02 
 3.075560e+01  3.007045e-02 
 3.075592e+01  3.007046e-02 
 3.075625e+01  3.007048e-02 
 3.075657e+01  3.007050e-02 
 3.075689e+01  3.007051e-02 
 3.075721e+01  3.007053e-02 
 3.075753e+01  3.007054e-02 
 3.075785e+01  3.007056e-02 
 3.075817e+01  3.007058e-02 
 3.075850e+01  3.007059e-02 
 3.075882e+01  3.007061e-02 
 3.075914e+01  3.007063e-02 
 3.075946e+01  3.007064e-02 
 3.075978e+01  3.007066e-02 
 3.076010e+01  3.007068e-02 
 3.076043e+01  3.007069e-02 
 3.076075e+01  3.007071e-02 
 3.076107e+01  3.007073e-02 
 3.076139e+01  3.007074e-02 
 3.076171e+01  3.007076e-02 
 3.076203e+01  3.007078e-02 
 3.076235e+01  3.007080e-02 
 3.076268e+01  3.007081e-02 
 3.076300e+01  3.007083e-02 
 3.076332e+01  3.007085e-02 
 3.076364e+01  3.007086e-02 
 3.076396e+01  3.007088e-02 
 3.076428e+01  3.007090e-02 
 3.076461e+01  3.007092e-02 
 3.076493e+01  3.007094e-02 
 3.076525e+01  3.007095e-02 
 3.076557e+01  3.007097e-02 
 3.076589e+01  3.007099e-02 
 3.076621e+01  3.007101e-02 
 3.076653e+01  3.007103e-02 
 3.076686e+01  3.007104e-02 
 3.076718e+01  3.007106e-02 
 3.076750e+01  3.007108e-02 
 3.076782e+01  3.007110e-02 
 3.076814e+01  3.007112e-02 
 3.076846e+01  3.007113e-02 
 3.076879e+01  3.007115e-02 
 3.076911e+01  3.007117e-02 
 3.076943e+01  3.007119e-02 
 3.076975e+01  3.007121e-02 
 3.077007e+01  3.007123e-02 
 3.077039e+01  3.007125e-02 
 3.077072e+01  3.007127e-02 
 3.077104e+01  3.007128e-02 
 3.077136e+01  3.007130e-02 
 3.077168e+01  3.007132e-02 
 3.077200e+01  3.007134e-02 
 3.077232e+01  3.007136e-02 
 3.077264e+01  3.007138e-02 
 3.077297e+01  3.007140e-02 
 3.077329e+01  3.007142e-02 
 3.077361e+01  3.007144e-02 
 3.077393e+01  3.007146e-02 
 3.077425e+01  3.007148e-02 
 3.077457e+01  3.007150e-02 
 3.077490e+01  3.007152e-02 
 3.077522e+01  3.007154e-02 
 3.077554e+01  3.007156e-02 
 3.077586e+01  3.007157e-02 
 3.077618e+01  3.007159e-02 
 3.077650e+01  3.007161e-02 
 3.077682e+01  3.007163e-02 
 3.077715e+01  3.007165e-02 
 3.077747e+01  3.007167e-02 
 3.077779e+01  3.007169e-02 
 3.077811e+01  3.007171e-02 
 3.077843e+01  3.007173e-02 
 3.077875e+01  3.007175e-02 
 3.077908e+01  3.007177e-02 
 3.077940e+01  3.007179e-02 
 3.077972e+01  3.007181e-02 
 3.078004e+01  3.007183e-02 
 3.078036e+01  3.007185e-02 
 3.078068e+01  3.007187e-02 
 3.078100e+01  3.007189e-02 
 3.078133e+01  3.007191e-02 
 3.078165e+01  3.007193e-02 
 3.078197e+01  3.007195e-02 
 3.078229e+01  3.007197e-02 
 3.078261e+01  3.007199e-02 
 3.078293e+01  3.007201e-02 
 3.078326e+01  3.007203e-02 
 3.078358e+01  3.007205e-02 
 3.078390e+01  3.007207e-02 
 3.078422e+01  3.007209e-02 
 3.078454e+01  3.007212e-02 
 3.078486e+01  3.007214e-02 
 3.078519e+01  3.007216e-02 
 3.078551e+01  3.007218e-02 
 3.078583e+01  3.007220e-02 
 3.078615e+01  3.007222e-02 
 3.078647e+01  3.007224e-02 
 3.078679e+01  3.007226e-02 
 3.078711e+01  3.007228e-02 
 3.078744e+01  3.007230e-02 
 3.078776e+01  3.007232e-02 
 3.078808e+01  3.007234e-02 
 3.078840e+01  3.007236e-02 
 3.078872e+01  3.007238e-02 
 3.078904e+01  3.007240e-02 
 3.078937e+01  3.007242e-02 
 3.078969e+01  3.007244e-02 
 3.079001e+01  3.007246e-02 
 3.079033e+01  3.007248e-02 
 3.079065e+01  3.007250e-02 
 3.079097e+01  3.007252e-02 
 3.079129e+01  3.007254e-02 
 3.079162e+01  3.007256e-02 
 3.079194e+01  3.007258e-02 
 3.079226e+01  3.007260e-02 
 3.079258e+01  3.007262e-02 
 3.079290e+01  3.007264e-02 
 3.079322e+01  3.007266e-02 
 3.079355e+01  3.007268e-02 
 3.079387e+01  3.007270e-02 
 3.079419e+01  3.007271e-02 
 3.079451e+01  3.007273e-02 
 3.079483e+01  3.007275e-02 
 3.079515e+01  3.007277e-02 
 3.079547e+01  3.007279e-02 
 3.079580e+01  3.007281e-02 
 3.079612e+01  3.007283e-02 
 3.079644e+01  3.007285e-02 
 3.079676e+01  3.007287e-02 
 3.079708e+01  3.007289e-02 
 3.079740e+01  3.007291e-02 
 3.079773e+01  3.007293e-02 
 3.079805e+01  3.007295e-02 
 3.079837e+01  3.007297e-02 
 3.079869e+01  3.007299e-02 
 3.079901e+01  3.007301e-02 
 3.079933e+01  3.007303e-02 
 3.079966e+01  3.007305e-02 
 3.079998e+01  3.007307e-02 
 3.080030e+01  3.007308e-02 
 3.080062e+01  3.007310e-02 
 3.080094e+01  3.007312e-02 
 3.080126e+01  3.007314e-02 
 3.080158e+01  3.007316e-02 
 3.080191e+01  3.007318e-02 
 3.080223e+01  3.007320e-02 
 3.080255e+01  3.007322e-02 
 3.080287e+01  3.007324e-02 
 3.080319e+01  3.007326e-02 
 3.080351e+01  3.007328e-02 
 3.080384e+01  3.007329e-02 
 3.080416e+01  3.007331e-02 
 3.080448e+01  3.007333e-02 
 3.080480e+01  3.007335e-02 
 3.080512e+01  3.007337e-02 
 3.080544e+01  3.007339e-02 
 3.080576e+01  3.007341e-02 
 3.080609e+01  3.007343e-02 
 3.080641e+01  3.007344e-02 
 3.080673e+01  3.007346e-02 
 3.080705e+01  3.007348e-02 
 3.080737e+01  3.007350e-02 
 3.080769e+01  3.007352e-02 
 3.080802e+01  3.007354e-02 
 3.080834e+01  3.007356e-02 
 3.080866e+01  3.007357e-02 
 3.080898e+01  3.007359e-02 
 3.080930e+01  3.007361e-02 
 3.080962e+01  3.007363e-02 
 3.080994e+01  3.007365e-02 
 3.081027e+01  3.007367e-02 
 3.081059e+01  3.007368e-02 
 3.081091e+01  3.007370e-02 
 3.081123e+01  3.007372e-02 
 3.081155e+01  3.007374e-02 
 3.081187e+01  3.007376e-02 
 3.081220e+01  3.007377e-02 
 3.081252e+01  3.007379e-02 
 3.081284e+01  3.007381e-02 
 3.081316e+01  3.007383e-02 
 3.081348e+01  3.007385e-02 
 3.081380e+01  3.007386e-02 
 3.081413e+01  3.007388e-02 
 3.081445e+01  3.007390e-02 
 3.081477e+01  3.007392e-02 
 3.081509e+01  3.007394e-02 
 3.081541e+01  3.007395e-02 
 3.081573e+01  3.007397e-02 
 3.081605e+01  3.007399e-02 
 3.081638e+01  3.007401e-02 
 3.081670e+01  3.007402e-02 
 3.081702e+01  3.007404e-02 
 3.081734e+01  3.007406e-02 
 3.081766e+01  3.007408e-02 
 3.081798e+01  3.007410e-02 
 3.081831e+01  3.007411e-02 
 3.081863e+01  3.007413e-02 
 3.081895e+01  3.007415e-02 
 3.081927e+01  3.007417e-02 
 3.081959e+01  3.007418e-02 
 3.081991e+01  3.007420e-02 
 3.082023e+01  3.007422e-02 
 3.082056e+01  3.007424e-02 
 3.082088e+01  3.007425e-02 
 3.082120e+01  3.007427e-02 
 3.082152e+01  3.007429e-02 
 3.082184e+01  3.007431e-02 
 3.082216e+01  3.007432e-02 
 3.082249e+01  3.007434e-02 
 3.082281e+01  3.007436e-02 
 3.082313e+01  3.007438e-02 
 3.082345e+01  3.007439e-02 
 3.082377e+01  3.007441e-02 
 3.082409e+01  3.007443e-02 
 3.082441e+01  3.007445e-02 
 3.082474e+01  3.007447e-02 
 3.082506e+01  3.007448e-02 
 3.082538e+01  3.007450e-02 
 3.082570e+01  3.007452e-02 
 3.082602e+01  3.007454e-02 
 3.082634e+01  3.007455e-02 
 3.082667e+01  3.007457e-02 
 3.082699e+01  3.007459e-02 
 3.082731e+01  3.007461e-02 
 3.082763e+01  3.007462e-02 
 3.082795e+01  3.007464e-02 
 3.082827e+01  3.007466e-02 
 3.082860e+01  3.007468e-02 
 3.082892e+01  3.007469e-02 
 3.082924e+01  3.007471e-02 
 3.082956e+01  3.007473e-02 
 3.082988e+01  3.007475e-02 
 3.083020e+01  3.007477e-02 
 3.083052e+01  3.007478e-02 
 3.083085e+01  3.007480e-02 
 3.083117e+01  3.007482e-02 
 3.083149e+01  3.007484e-02 
 3.083181e+01  3.007486e-02 
 3.083213e+01  3.007487e-02 
 3.083245e+01  3.007489e-02 
 3.083278e+01  3.007491e-02 
 3.083310e+01  3.007493e-02 
 3.083342e+01  3.007495e-02 
 3.083374e+01  3.007496e-02 
 3.083406e+01  3.007498e-02 
 3.083438e+01  3.007500e-02 
 3.083470e+01  3.007502e-02 
 3.083503e+01  3.007504e-02 
 3.083535e+01  3.007506e-02 
 3.083567e+01  3.007508e-02 
 3.083599e+01  3.007509e-02 
 3.083631e+01  3.007511e-02 
 3.083663e+01  3.007513e-02 
 3.083696e+01  3.007515e-02 
 3.083728e+01  3.007517e-02 
 3.083760e+01  3.007519e-02 
 3.083792e+01  3.007521e-02 
 3.083824e+01  3.007523e-02 
 3.083856e+01  3.007524e-02 
 3.083888e+01  3.007526e-02 
 3.083921e+01  3.007528e-02 
 3.083953e+01  3.007530e-02 
 3.083985e+01  3.007532e-02 
 3.084017e+01  3.007534e-02 
 3.084049e+01  3.007536e-02 
 3.084081e+01  3.007538e-02 
 3.084114e+01  3.007540e-02 
 3.084146e+01  3.007542e-02 
 3.084178e+01  3.007544e-02 
 3.084210e+01  3.007546e-02 
 3.084242e+01  3.007548e-02 
 3.084274e+01  3.007550e-02 
 3.084307e+01  3.007552e-02 
 3.084339e+01  3.007554e-02 
 3.084371e+01  3.007556e-02 
 3.084403e+01  3.007558e-02 
 3.084435e+01  3.007560e-02 
 3.084467e+01  3.007562e-02 
 3.084499e+01  3.007564e-02 
 3.084532e+01  3.007566e-02 
 3.084564e+01  3.007568e-02 
 3.084596e+01  3.007570e-02 
 3.084628e+01  3.007572e-02 
 3.084660e+01  3.007574e-02 
 3.084692e+01  3.007576e-02 
 3.084725e+01  3.007578e-02 
 3.084757e+01  3.007580e-02 
 3.084789e+01  3.007582e-02 
 3.084821e+01  3.007584e-02 
 3.084853e+01  3.007586e-02 
 3.084885e+01  3.007588e-02 
 3.084917e+01  3.007590e-02 
 3.084950e+01  3.007593e-02 
 3.084982e+01  3.007595e-02 
 3.085014e+01  3.007597e-02 
 3.085046e+01  3.007599e-02 
 3.085078e+01  3.007601e-02 
 3.085110e+01  3.007603e-02 
 3.085143e+01  3.007605e-02 
 3.085175e+01  3.007607e-02 
 3.085207e+01  3.007609e-02 
 3.085239e+01  3.007611e-02 
 3.085271e+01  3.007614e-02 
 3.085303e+01  3.007616e-02 
 3.085335e+01  3.007618e-02 
 3.085368e+01  3.007620e-02 
 3.085400e+01  3.007622e-02 
 3.085432e+01  3.007624e-02 
 3.085464e+01  3.007626e-02 
 3.085496e+01  3.007628e-02 
 3.085528e+01  3.007631e-02 
 3.085561e+01  3.007633e-02 
 3.085593e+01  3.007635e-02 
 3.085625e+01  3.007637e-02 
 3.085657e+01  3.007639e-02 
 3.085689e+01  3.007641e-02 
 3.085721e+01  3.007643e-02 
 3.085754e+01  3.007646e-02 
 3.085786e+01  3.007648e-02 
 3.085818e+01  3.007650e-02 
 3.085850e+01  3.007652e-02 
 3.085882e+01  3.007654e-02 
 3.085914e+01  3.007656e-02 
 3.085946e+01  3.007659e-02 
 3.085979e+01  3.007661e-02 
 3.086011e+01  3.007663e-02 
 3.086043e+01  3.007665e-02 
 3.086075e+01  3.007667e-02 
 3.086107e+01  3.007669e-02 
 3.086139e+01  3.007671e-02 
 3.086172e+01  3.007674e-02 
 3.086204e+01  3.007676e-02 
 3.086236e+01  3.007678e-02 
 3.086268e+01  3.007680e-02 
 3.086300e+01  3.007682e-02 
 3.086332e+01  3.007684e-02 
 3.086364e+01  3.007687e-02 
 3.086397e+01  3.007689e-02 
 3.086429e+01  3.007691e-02 
 3.086461e+01  3.007693e-02 
 3.086493e+01  3.007695e-02 
 3.086525e+01  3.007697e-02 
 3.086557e+01  3.007700e-02 
 3.086590e+01  3.007702e-02 
 3.086622e+01  3.007704e-02 
 3.086654e+01  3.007706e-02 
 3.086686e+01  3.007708e-02 
 3.086718e+01  3.007710e-02 
 3.086750e+01  3.007712e-02 
 3.086782e+01  3.007715e-02 
 3.086815e+01  3.007717e-02 
 3.086847e+01  3.007719e-02 
 3.086879e+01  3.007721e-02 
 3.086911e+01  3.007723e-02 
 3.086943e+01  3.007725e-02 
 3.086975e+01  3.007728e-02 
 3.087008e+01  3.007730e-02 
 3.087040e+01  3.007732e-02 
 3.087072e+01  3.007734e-02 
 3.087104e+01  3.007736e-02 
 3.087136e+01  3.007739e-02 
 3.087168e+01  3.007741e-02 
 3.087201e+01  3.007743e-02 
 3.087233e+01  3.007745e-02 
 3.087265e+01  3.007747e-02 
 3.087297e+01  3.007749e-02 
 3.087329e+01  3.007752e-02 
 3.087361e+01  3.007754e-02 
 3.087393e+01  3.007756e-02 
 3.087426e+01  3.007758e-02 
 3.087458e+01  3.007760e-02 
 3.087490e+01  3.007763e-02 
 3.087522e+01  3.007765e-02 
 3.087554e+01  3.007767e-02 
 3.087586e+01  3.007769e-02 
 3.087619e+01  3.007771e-02 
 3.087651e+01  3.007774e-02 
 3.087683e+01  3.007776e-02 
 3.087715e+01  3.007778e-02 
 3.087747e+01  3.007780e-02 
 3.087779e+01  3.007782e-02 
 3.087811e+01  3.007785e-02 
 3.087844e+01  3.007787e-02 
 3.087876e+01  3.007789e-02 
 3.087908e+01  3.007791e-02 
 3.087940e+01  3.007794e-02 
 3.087972e+01  3.007796e-02 
 3.088004e+01  3.007798e-02 
 3.088037e+01  3.007800e-02 
 3.088069e+01  3.007803e-02 
 3.088101e+01  3.007805e-02 
 3.088133e+01  3.007807e-02 
 3.088165e+01  3.007809e-02 
 3.088197e+01  3.007811e-02 
 3.088229e+01  3.007814e-02 
 3.088262e+01  3.007816e-02 
 3.088294e+01  3.007818e-02 
 3.088326e+01  3.007820e-02 
 3.088358e+01  3.007823e-02 
 3.088390e+01  3.007825e-02 
 3.088422e+01  3.007827e-02 
 3.088455e+01  3.007829e-02 
 3.088487e+01  3.007831e-02 
 3.088519e+01  3.007834e-02 
 3.088551e+01  3.007836e-02 
 3.088583e+01  3.007838e-02 
 3.088615e+01  3.007840e-02 
 3.088648e+01  3.007843e-02 
 3.088680e+01  3.007845e-02 
 3.088712e+01  3.007847e-02 
 3.088744e+01  3.007849e-02 
 3.088776e+01  3.007851e-02 
 3.088808e+01  3.007854e-02 
 3.088840e+01  3.007856e-02 
 3.088873e+01  3.007858e-02 
 3.088905e+01  3.007860e-02 
 3.088937e+01  3.007862e-02 
 3.088969e+01  3.007864e-02 
 3.089001e+01  3.007867e-02 
 3.089033e+01  3.007869e-02 
 3.089066e+01  3.007871e-02 
 3.089098e+01  3.007873e-02 
 3.089130e+01  3.007875e-02 
 3.089162e+01  3.007877e-02 
 3.089194e+01  3.007880e-02 
 3.089226e+01  3.007882e-02 
 3.089258e+01  3.007884e-02 
 3.089291e+01  3.007886e-02 
 3.089323e+01  3.007888e-02 
 3.089355e+01  3.007890e-02 
 3.089387e+01  3.007892e-02 
 3.089419e+01  3.007894e-02 
 3.089451e+01  3.007896e-02 
 3.089484e+01  3.007899e-02 
 3.089516e+01  3.007901e-02 
 3.089548e+01  3.007903e-02 
 3.089580e+01  3.007905e-02 
 3.089612e+01  3.007907e-02 
 3.089644e+01  3.007909e-02 
 3.089676e+01  3.007911e-02 
 3.089709e+01  3.007913e-02 
 3.089741e+01  3.007915e-02 
 3.089773e+01  3.007917e-02 
 3.089805e+01  3.007919e-02 
 3.089837e+01  3.007921e-02 
 3.089869e+01  3.007923e-02 
 3.089902e+01  3.007925e-02 
 3.089934e+01  3.007927e-02 
 3.089966e+01  3.007929e-02 
 3.089998e+01  3.007931e-02 
 3.090030e+01  3.007934e-02 
 3.090062e+01  3.007936e-02 
 3.090095e+01  3.007938e-02 
 3.090127e+01  3.007940e-02 
 3.090159e+01  3.007942e-02 
 3.090191e+01  3.007944e-02 
 3.090223e+01  3.007946e-02 
 3.090255e+01  3.007948e-02 
 3.090287e+01  3.007950e-02 
 3.090320e+01  3.007952e-02 
 3.090352e+01  3.007954e-02 
 3.090384e+01  3.007956e-02 
 3.090416e+01  3.007958e-02 
 3.090448e+01  3.007960e-02 
 3.090480e+01  3.007962e-02 
 3.090513e+01  3.007964e-02 
 3.090545e+01  3.007966e-02 
 3.090577e+01  3.007968e-02 
 3.090609e+01  3.007970e-02 
 3.090641e+01  3.007972e-02 
 3.090673e+01  3.007974e-02 
 3.090705e+01  3.007976e-02 
 3.090738e+01  3.007978e-02 
 3.090770e+01  3.007980e-02 
 3.090802e+01  3.007982e-02 
 3.090834e+01  3.007984e-02 
 3.090866e+01  3.007986e-02 
 3.090898e+01  3.007988e-02 
 3.090931e+01  3.007990e-02 
 3.090963e+01  3.007992e-02 
 3.090995e+01  3.007994e-02 
 3.091027e+01  3.007996e-02 
 3.091059e+01  3.007998e-02 
 3.091091e+01  3.008000e-02 
 3.091123e+01  3.008002e-02 
 3.091156e+01  3.008004e-02 
 3.091188e+01  3.008006e-02 
 3.091220e+01  3.008008e-02 
 3.091252e+01  3.008010e-02 
 3.091284e+01  3.008012e-02 
 3.091316e+01  3.008014e-02 
 3.091349e+01  3.008016e-02 
 3.091381e+01  3.008018e-02 
 3.091413e+01  3.008020e-02 
 3.091445e+01  3.008022e-02 
 3.091477e+01  3.008024e-02 
 3.091509e+01  3.008026e-02 
 3.091542e+01  3.008028e-02 
 3.091574e+01  3.008030e-02 
 3.091606e+01  3.008032e-02 
 3.091638e+01  3.008034e-02 
 3.091670e+01  3.008036e-02 
 3.091702e+01  3.008038e-02 
 3.091734e+01  3.008040e-02 
 3.091767e+01  3.008042e-02 
 3.091799e+01  3.008044e-02 
 3.091831e+01  3.008046e-02 
 3.091863e+01  3.008048e-02 
 3.091895e+01  3.008050e-02 
 3.091927e+01  3.008052e-02 
 3.091960e+01  3.008054e-02 
 3.091992e+01  3.008056e-02 
 3.092024e+01  3.008058e-02 
 3.092056e+01  3.008060e-02 
 3.092088e+01  3.008062e-02 
 3.092120e+01  3.008064e-02 
 3.092152e+01  3.008066e-02 
 3.092185e+01  3.008069e-02 
 3.092217e+01  3.008071e-02 
 3.092249e+01  3.008073e-02 
 3.092281e+01  3.008075e-02 
 3.092313e+01  3.008077e-02 
 3.092345e+01  3.008079e-02 
 3.092378e+01  3.008081e-02 
 3.092410e+01  3.008083e-02 
 3.092442e+01  3.008085e-02 
 3.092474e+01  3.008087e-02 
 3.092506e+01  3.008089e-02 
 3.092538e+01  3.008091e-02 
 3.092570e+01  3.008093e-02 
 3.092603e+01  3.008095e-02 
 3.092635e+01  3.008097e-02 
 3.092667e+01  3.008099e-02 
 3.092699e+01  3.008101e-02 
 3.092731e+01  3.008103e-02 
 3.092763e+01  3.008105e-02 
 3.092796e+01  3.008107e-02 
 3.092828e+01  3.008109e-02 
 3.092860e+01  3.008111e-02 
 3.092892e+01  3.008113e-02 
 3.092924e+01  3.008115e-02 
 3.092956e+01  3.008117e-02 
 3.092989e+01  3.008119e-02 
 3.093021e+01  3.008121e-02 
 3.093053e+01  3.008123e-02 
 3.093085e+01  3.008125e-02 
 3.093117e+01  3.008127e-02 
 3.093149e+01  3.008129e-02 
 3.093181e+01  3.008131e-02 
 3.093214e+01  3.008133e-02 
 3.093246e+01  3.008136e-02 
 3.093278e+01  3.008138e-02 
 3.093310e+01  3.008140e-02 
 3.093342e+01  3.008142e-02 
 3.093374e+01  3.008144e-02 
 3.093407e+01  3.008146e-02 
 3.093439e+01  3.008148e-02 
 3.093471e+01  3.008150e-02 
 3.093503e+01  3.008152e-02 
 3.093535e+01  3.008154e-02 
 3.093567e+01  3.008156e-02 
 3.093599e+01  3.008158e-02 
 3.093632e+01  3.008160e-02 
 3.093664e+01  3.008162e-02 
 3.093696e+01  3.008164e-02 
 3.093728e+01  3.008166e-02 
 3.093760e+01  3.008168e-02 
 3.093792e+01  3.008170e-02 
 3.093825e+01  3.008172e-02 
 3.093857e+01  3.008174e-02 
 3.093889e+01  3.008176e-02 
 3.093921e+01  3.008178e-02 
 3.093953e+01  3.008180e-02 
 3.093985e+01  3.008182e-02 
 3.094017e+01  3.008184e-02 
 3.094050e+01  3.008187e-02 
 3.094082e+01  3.008189e-02 
 3.094114e+01  3.008191e-02 
 3.094146e+01  3.008193e-02 
 3.094178e+01  3.008195e-02 
 3.094210e+01  3.008197e-02 
 3.094243e+01  3.008199e-02 
 3.094275e+01  3.008201e-02 
 3.094307e+01  3.008203e-02 
 3.094339e+01  3.008205e-02 
 3.094371e+01  3.008207e-02 
 3.094403e+01  3.008210e-02 
 3.094436e+01  3.008212e-02 
 3.094468e+01  3.008214e-02 
 3.094500e+01  3.008216e-02 
 3.094532e+01  3.008218e-02 
 3.094564e+01  3.008220e-02 
 3.094596e+01  3.008222e-02 
 3.094628e+01  3.008224e-02 
 3.094661e+01  3.008227e-02 
 3.094693e+01  3.008229e-02 
 3.094725e+01  3.008231e-02 
 3.094757e+01  3.008233e-02 
 3.094789e+01  3.008235e-02 
 3.094821e+01  3.008237e-02 
 3.094854e+01  3.008240e-02 
 3.094886e+01  3.008242e-02 
 3.094918e+01  3.008244e-02 
 3.094950e+01  3.008246e-02 
 3.094982e+01  3.008248e-02 
 3.095014e+01  3.008251e-02 
 3.095046e+01  3.008253e-02 
 3.095079e+01  3.008255e-02 
 3.095111e+01  3.008257e-02 
 3.095143e+01  3.008260e-02 
 3.095175e+01  3.008262e-02 
 3.095207e+01  3.008264e-02 
 3.095239e+01  3.008266e-02 
 3.095272e+01  3.008268e-02 
 3.095304e+01  3.008271e-02 
 3.095336e+01  3.008273e-02 
 3.095368e+01  3.008275e-02 
 3.095400e+01  3.008277e-02 
 3.095432e+01  3.008280e-02 
 3.095464e+01  3.008282e-02 
 3.095497e+01  3.008284e-02 
 3.095529e+01  3.008287e-02 
 3.095561e+01  3.008289e-02 
 3.095593e+01  3.008291e-02 
 3.095625e+01  3.008293e-02 
 3.095657e+01  3.008296e-02 
 3.095690e+01  3.008298e-02 
 3.095722e+01  3.008300e-02 
 3.095754e+01  3.008303e-02 
 3.095786e+01  3.008305e-02 
 3.095818e+01  3.008307e-02 
 3.095850e+01  3.008309e-02 
 3.095883e+01  3.008312e-02 
 3.095915e+01  3.008314e-02 
 3.095947e+01  3.008316e-02 
 3.095979e+01  3.008319e-02 
 3.096011e+01  3.008321e-02 
 3.096043e+01  3.008323e-02 
 3.096075e+01  3.008325e-02 
 3.096108e+01  3.008328e-02 
 3.096140e+01  3.008330e-02 
 3.096172e+01  3.008332e-02 
 3.096204e+01  3.008335e-02 
 3.096236e+01  3.008337e-02 
 3.096268e+01  3.008339e-02 
 3.096301e+01  3.008342e-02 
 3.096333e+01  3.008344e-02 
 3.096365e+01  3.008346e-02 
 3.096397e+01  3.008348e-02 
 3.096429e+01  3.008351e-02 
 3.096461e+01  3.008353e-02 
 3.096493e+01  3.008355e-02 
 3.096526e+01  3.008357e-02 
 3.096558e+01  3.008360e-02 
 3.096590e+01  3.008362e-02 
 3.096622e+01  3.008364e-02 
 3.096654e+01  3.008366e-02 
 3.096686e+01  3.008369e-02 
 3.096719e+01  3.008371e-02 
 3.096751e+01  3.008373e-02 
 3.096783e+01  3.008375e-02 
 3.096815e+01  3.008378e-02 
 3.096847e+01  3.008380e-02 
 3.096879e+01  3.008382e-02 
 3.096911e+01  3.008384e-02 
 3.096944e+01  3.008386e-02 
 3.096976e+01  3.008389e-02 
 3.097008e+01  3.008391e-02 
 3.097040e+01  3.008393e-02 
 3.097072e+01  3.008395e-02 
 3.097104e+01  3.008397e-02 
 3.097137e+01  3.008399e-02 
 3.097169e+01  3.008402e-02 
 3.097201e+01  3.008404e-02 
 3.097233e+01  3.008406e-02 
 3.097265e+01  3.008408e-02 
 3.097297e+01  3.008410e-02 
 3.097330e+01  3.008412e-02 
 3.097362e+01  3.008414e-02 
 3.097394e+01  3.008416e-02 
 3.097426e+01  3.008418e-02 
 3.097458e+01  3.008420e-02 
 3.097490e+01  3.008422e-02 
 3.097522e+01  3.008424e-02 
 3.097555e+01  3.008426e-02 
 3.097587e+01  3.008428e-02 
 3.097619e+01  3.008431e-02 
 3.097651e+01  3.008433e-02 
 3.097683e+01  3.008434e-02 
 3.097715e+01  3.008436e-02 
 3.097748e+01  3.008438e-02 
 3.097780e+01  3.008440e-02 
 3.097812e+01  3.008442e-02 
 3.097844e+01  3.008444e-02 
 3.097876e+01  3.008446e-02 
 3.097908e+01  3.008448e-02 
 3.097940e+01  3.008450e-02 
 3.097973e+01  3.008452e-02 
 3.098005e+01  3.008454e-02 
 3.098037e+01  3.008456e-02 
 3.098069e+01  3.008458e-02 
 3.098101e+01  3.008459e-02 
 3.098133e+01  3.008461e-02 
 3.098166e+01  3.008463e-02 
 3.098198e+01  3.008465e-02 
 3.098230e+01  3.008467e-02 
 3.098262e+01  3.008469e-02 
 3.098294e+01  3.008470e-02 
 3.098326e+01  3.008472e-02 
 3.098358e+01  3.008474e-02 
 3.098391e+01  3.008476e-02 
 3.098423e+01  3.008478e-02 
 3.098455e+01  3.008479e-02 
 3.098487e+01  3.008481e-02 
 3.098519e+01  3.008483e-02 
 3.098551e+01  3.008485e-02 
 3.098584e+01  3.008486e-02 
 3.098616e+01  3.008488e-02 
 3.098648e+01  3.008490e-02 
 3.098680e+01  3.008492e-02 
 3.098712e+01  3.008493e-02 
 3.098744e+01  3.008495e-02 
 3.098777e+01  3.008497e-02 
 3.098809e+01  3.008498e-02 
 3.098841e+01  3.008500e-02 
 3.098873e+01  3.008502e-02 
 3.098905e+01  3.008503e-02 
 3.098937e+01  3.008505e-02 
 3.098969e+01  3.008507e-02 
 3.099002e+01  3.008508e-02 
 3.099034e+01  3.008510e-02 
 3.099066e+01  3.008512e-02 
 3.099098e+01  3.008513e-02 
 3.099130e+01  3.008515e-02 
 3.099162e+01  3.008517e-02 
 3.099195e+01  3.008518e-02 
 3.099227e+01  3.008520e-02 
 3.099259e+01  3.008522e-02 
 3.099291e+01  3.008523e-02 
 3.099323e+01  3.008525e-02 
 3.099355e+01  3.008527e-02 
 3.099387e+01  3.008528e-02 
 3.099420e+01  3.008530e-02 
 3.099452e+01  3.008532e-02 
 3.099484e+01  3.008533e-02 
 3.099516e+01  3.008535e-02 
 3.099548e+01  3.008537e-02 
 3.099580e+01  3.008538e-02 
 3.099613e+01  3.008540e-02 
 3.099645e+01  3.008542e-02 
 3.099677e+01  3.008543e-02 
 3.099709e+01  3.008545e-02 
 3.099741e+01  3.008546e-02 
 3.099773e+01  3.008548e-02 
 3.099805e+01  3.008550e-02 
 3.099838e+01  3.008552e-02 
 3.099870e+01  3.008553e-02 
 3.099902e+01  3.008555e-02 
 3.099934e+01  3.008557e-02 
 3.099966e+01  3.008558e-02 
 3.099998e+01  3.008560e-02 
 3.100031e+01  3.008562e-02 
 3.100063e+01  3.008563e-02 
 3.100095e+01  3.008565e-02 
 3.100127e+01  3.008567e-02 
 3.100159e+01  3.008569e-02 
 3.100191e+01  3.008570e-02 
 3.100224e+01  3.008572e-02 
 3.100256e+01  3.008574e-02 
 3.100288e+01  3.008576e-02 
 3.100320e+01  3.008577e-02 
 3.100352e+01  3.008579e-02 
 3.100384e+01  3.008581e-02 
 3.100416e+01  3.008583e-02 
 3.100449e+01  3.008585e-02 
 3.100481e+01  3.008586e-02 
 3.100513e+01  3.008588e-02 
 3.100545e+01  3.008590e-02 
 3.100577e+01  3.008592e-02 
 3.100609e+01  3.008594e-02 
 3.100642e+01  3.008596e-02 
 3.100674e+01  3.008597e-02 
 3.100706e+01  3.008599e-02 
 3.100738e+01  3.008601e-02 
 3.100770e+01  3.008603e-02 
 3.100802e+01  3.008605e-02 
 3.100834e+01  3.008607e-02 
 3.100867e+01  3.008609e-02 
 3.100899e+01  3.008611e-02 
 3.100931e+01  3.008613e-02 
 3.100963e+01  3.008615e-02 
 3.100995e+01  3.008616e-02 
 3.101027e+01  3.008618e-02 
 3.101060e+01  3.008620e-02 
 3.101092e+01  3.008622e-02 
 3.101124e+01  3.008624e-02 
 3.101156e+01  3.008626e-02 
 3.101188e+01  3.008628e-02 
 3.101220e+01  3.008630e-02 
 3.101252e+01  3.008632e-02 
 3.101285e+01  3.008634e-02 
 3.101317e+01  3.008636e-02 
 3.101349e+01  3.008638e-02 
 3.101381e+01  3.008640e-02 
 3.101413e+01  3.008642e-02 
 3.101445e+01  3.008644e-02 
 3.101478e+01  3.008646e-02 
 3.101510e+01  3.008648e-02 
 3.101542e+01  3.008650e-02 
 3.101574e+01  3.008652e-02 
 3.101606e+01  3.008654e-02 
 3.101638e+01  3.008656e-02 
 3.101671e+01  3.008658e-02 
 3.101703e+01  3.008660e-02 
 3.101735e+01  3.008662e-02 
 3.101767e+01  3.008664e-02 
 3.101799e+01  3.008666e-02 
 3.101831e+01  3.008668e-02 
 3.101863e+01  3.008670e-02 
 3.101896e+01  3.008672e-02 
 3.101928e+01  3.008674e-02 
 3.101960e+01  3.008676e-02 
 3.101992e+01  3.008678e-02 
 3.102024e+01  3.008680e-02 
 3.102056e+01  3.008683e-02 
 3.102089e+01  3.008685e-02 
 3.102121e+01  3.008687e-02 
 3.102153e+01  3.008689e-02 
 3.102185e+01  3.008691e-02 
 3.102217e+01  3.008693e-02 
 3.102249e+01  3.008695e-02 
 3.102281e+01  3.008697e-02 
 3.102314e+01  3.008699e-02 
 3.102346e+01  3.008701e-02 
 3.102378e+01  3.008703e-02 
 3.102410e+01  3.008705e-02 
 3.102442e+01  3.008707e-02 
 3.102474e+01  3.008709e-02 
 3.102507e+01  3.008711e-02 
 3.102539e+01  3.008712e-02 
 3.102571e+01  3.008714e-02 
 3.102603e+01  3.008716e-02 
 3.102635e+01  3.008718e-02 
 3.102667e+01  3.008720e-02 
 3.102699e+01  3.008722e-02 
 3.102732e+01  3.008724e-02 
 3.102764e+01  3.008726e-02 
 3.102796e+01  3.008728e-02 
 3.102828e+01  3.008730e-02 
 3.102860e+01  3.008732e-02 
 3.102892e+01  3.008734e-02 
 3.102925e+01  3.008736e-02 
 3.102957e+01  3.008738e-02 
 3.102989e+01  3.008740e-02 
 3.103021e+01  3.008741e-02 
 3.103053e+01  3.008743e-02 
 3.103085e+01  3.008745e-02 
 3.103118e+01  3.008747e-02 
 3.103150e+01  3.008749e-02 
 3.103182e+01  3.008751e-02 
 3.103214e+01  3.008753e-02 
 3.103246e+01  3.008755e-02 
 3.103278e+01  3.008757e-02 
 3.103310e+01  3.008758e-02 
 3.103343e+01  3.008760e-02 
 3.103375e+01  3.008762e-02 
 3.103407e+01  3.008764e-02 
 3.103439e+01  3.008766e-02 
 3.103471e+01  3.008768e-02 
 3.103503e+01  3.008770e-02 
 3.103536e+01  3.008771e-02 
 3.103568e+01  3.008773e-02 
 3.103600e+01  3.008775e-02 
 3.103632e+01  3.008777e-02 
 3.103664e+01  3.008779e-02 
 3.103696e+01  3.008781e-02 
 3.103728e+01  3.008782e-02 
 3.103761e+01  3.008784e-02 
 3.103793e+01  3.008786e-02 
 3.103825e+01  3.008788e-02 
 3.103857e+01  3.008790e-02 
 3.103889e+01  3.008792e-02 
 3.103921e+01  3.008793e-02 
 3.103954e+01  3.008795e-02 
 3.103986e+01  3.008797e-02 
 3.104018e+01  3.008799e-02 
 3.104050e+01  3.008801e-02 
 3.104082e+01  3.008803e-02 
 3.104114e+01  3.008804e-02 
 3.104146e+01  3.008806e-02 
 3.104179e+01  3.008808e-02 
 3.104211e+01  3.008810e-02 
 3.104243e+01  3.008812e-02 
 3.104275e+01  3.008814e-02 
 3.104307e+01  3.008815e-02 
 3.104339e+01  3.008817e-02 
 3.104372e+01  3.008819e-02 
 3.104404e+01  3.008821e-02 
 3.104436e+01  3.008823e-02 
 3.104468e+01  3.008825e-02 
 3.104500e+01  3.008826e-02 
 3.104532e+01  3.008828e-02 
 3.104565e+01  3.008830e-02 
 3.104597e+01  3.008832e-02 
 3.104629e+01  3.008834e-02 
 3.104661e+01  3.008836e-02 
 3.104693e+01  3.008838e-02 
 3.104725e+01  3.008839e-02 
 3.104757e+01  3.008841e-02 
 3.104790e+01  3.008843e-02 
 3.104822e+01  3.008845e-02 
 3.104854e+01  3.008847e-02 
 3.104886e+01  3.008849e-02 
 3.104918e+01  3.008851e-02 
 3.104950e+01  3.008853e-02 
 3.104983e+01  3.008855e-02 
 3.105015e+01  3.008856e-02 
 3.105047e+01  3.008858e-02 
 3.105079e+01  3.008860e-02 
 3.105111e+01  3.008862e-02 
 3.105143e+01  3.008864e-02 
 3.105175e+01  3.008866e-02 
 3.105208e+01  3.008868e-02 
 3.105240e+01  3.008870e-02 
 3.105272e+01  3.008872e-02 
 3.105304e+01  3.008874e-02 
 3.105336e+01  3.008876e-02 
 3.105368e+01  3.008877e-02 
 3.105401e+01  3.008879e-02 
 3.105433e+01  3.008881e-02 
 3.105465e+01  3.008883e-02 
 3.105497e+01  3.008885e-02 
 3.105529e+01  3.008887e-02 
 3.105561e+01  3.008889e-02 
 3.105593e+01  3.008891e-02 
 3.105626e+01  3.008893e-02 
 3.105658e+01  3.008895e-02 
 3.105690e+01  3.008897e-02 
 3.105722e+01  3.008899e-02 
 3.105754e+01  3.008901e-02 
 3.105786e+01  3.008903e-02 
 3.105819e+01  3.008905e-02 
 3.105851e+01  3.008907e-02 
 3.105883e+01  3.008909e-02 
 3.105915e+01  3.008911e-02 
 3.105947e+01  3.008913e-02 
 3.105979e+01  3.008915e-02 
 3.106012e+01  3.008917e-02 
 3.106044e+01  3.008919e-02 
 3.106076e+01  3.008921e-02 
 3.106108e+01  3.008923e-02 
 3.106140e+01  3.008925e-02 
 3.106172e+01  3.008927e-02 
 3.106204e+01  3.008929e-02 
 3.106237e+01  3.008931e-02 
 3.106269e+01  3.008933e-02 
 3.106301e+01  3.008935e-02 
 3.106333e+01  3.008938e-02 
 3.106365e+01  3.008940e-02 
 3.106397e+01  3.008942e-02 
 3.106430e+01  3.008944e-02 
 3.106462e+01  3.008946e-02 
 3.106494e+01  3.008948e-02 
 3.106526e+01  3.008950e-02 
 3.106558e+01  3.008952e-02 
 3.106590e+01  3.008954e-02 
 3.106622e+01  3.008957e-02 
 3.106655e+01  3.008959e-02 
 3.106687e+01  3.008961e-02 
 3.106719e+01  3.008963e-02 
 3.106751e+01  3.008965e-02 
 3.106783e+01  3.008967e-02 
 3.106815e+01  3.008970e-02 
 3.106848e+01  3.008972e-02 
 3.106880e+01  3.008974e-02 
 3.106912e+01  3.008976e-02 
 3.106944e+01  3.008978e-02 
 3.106976e+01  3.008981e-02 
 3.107008e+01  3.008983e-02 
 3.107040e+01  3.008985e-02 
 3.107073e+01  3.008987e-02 
 3.107105e+01  3.008990e-02 
 3.107137e+01  3.008992e-02 
 3.107169e+01  3.008994e-02 
 3.107201e+01  3.008996e-02 
 3.107233e+01  3.008999e-02 
 3.107266e+01  3.009001e-02 
 3.107298e+01  3.009003e-02 
 3.107330e+01  3.009006e-02 
 3.107362e+01  3.009008e-02 
 3.107394e+01  3.009010e-02 
 3.107426e+01  3.009012e-02 
 3.107459e+01  3.009015e-02 
 3.107491e+01  3.009017e-02 
 3.107523e+01  3.009019e-02 
 3.107555e+01  3.009022e-02 
 3.107587e+01  3.009024e-02 
 3.107619e+01  3.009027e-02 
 3.107651e+01  3.009029e-02 
 3.107684e+01  3.009031e-02 
 3.107716e+01  3.009034e-02 
 3.107748e+01  3.009036e-02 
 3.107780e+01  3.009038e-02 
 3.107812e+01  3.009041e-02 
 3.107844e+01  3.009043e-02 
 3.107877e+01  3.009045e-02 
 3.107909e+01  3.009048e-02 
 3.107941e+01  3.009050e-02 
 3.107973e+01  3.009053e-02 
 3.108005e+01  3.009055e-02 
 3.108037e+01  3.009057e-02 
 3.108069e+01  3.009060e-02 
 3.108102e+01  3.009062e-02 
 3.108134e+01  3.009065e-02 
 3.108166e+01  3.009067e-02 
 3.108198e+01  3.009069e-02 
 3.108230e+01  3.009072e-02 
 3.108262e+01  3.009074e-02 
 3.108295e+01  3.009077e-02 
 3.108327e+01  3.009079e-02 
 3.108359e+01  3.009082e-02 
 3.108391e+01  3.009084e-02 
 3.108423e+01  3.009086e-02 
 3.108455e+01  3.009089e-02 
 3.108487e+01  3.009091e-02 
 3.108520e+01  3.009094e-02 
 3.108552e+01  3.009096e-02 
 3.108584e+01  3.009099e-02 
 3.108616e+01  3.009101e-02 
 3.108648e+01  3.009103e-02 
 3.108680e+01  3.009106e-02 
 3.108713e+01  3.009108e-02 
 3.108745e+01  3.009111e-02 
 3.108777e+01  3.009113e-02 
 3.108809e+01  3.009115e-02 
 3.108841e+01  3.009118e-02 
 3.108873e+01  3.009120e-02 
 3.108906e+01  3.009123e-02 
 3.108938e+01  3.009125e-02 
 3.108970e+01  3.009128e-02 
 3.109002e+01  3.009130e-02 
 3.109034e+01  3.009132e-02 
 3.109066e+01  3.009135e-02 
 3.109098e+01  3.009137e-02 
 3.109131e+01  3.009140e-02 
 3.109163e+01  3.009142e-02 
 3.109195e+01  3.009145e-02 
 3.109227e+01  3.009147e-02 
 3.109259e+01  3.009149e-02 
 3.109291e+01  3.009152e-02 
 3.109324e+01  3.009154e-02 
 3.109356e+01  3.009157e-02 
 3.109388e+01  3.009159e-02 
 3.109420e+01  3.009162e-02 
 3.109452e+01  3.009164e-02 
 3.109484e+01  3.009167e-02 
 3.109516e+01  3.009169e-02 
 3.109549e+01  3.009172e-02 
 3.109581e+01  3.009174e-02 
 3.109613e+01  3.009176e-02 
 3.109645e+01  3.009179e-02 
 3.109677e+01  3.009181e-02 
 3.109709e+01  3.009184e-02 
 3.109742e+01  3.009186e-02 
 3.109774e+01  3.009189e-02 
 3.109806e+01  3.009191e-02 
 3.109838e+01  3.009194e-02 
 3.109870e+01  3.009196e-02 
 3.109902e+01  3.009199e-02 
 3.109934e+01  3.009201e-02 
 3.109967e+01  3.009204e-02 
 3.109999e+01  3.009206e-02 
 3.110031e+01  3.009209e-02 
 3.110063e+01  3.009211e-02 
 3.110095e+01  3.009214e-02 
 3.110127e+01  3.009216e-02 
 3.110160e+01  3.009219e-02 
 3.110192e+01  3.009221e-02 
 3.110224e+01  3.009224e-02 
 3.110256e+01  3.009226e-02 
 3.110288e+01  3.009229e-02 
 3.110320e+01  3.009231e-02 
 3.110353e+01  3.009234e-02 
 3.110385e+01  3.009236e-02 
 3.110417e+01  3.009239e-02 
 3.110449e+01  3.009241e-02 
 3.110481e+01  3.009244e-02 
 3.110513e+01  3.009247e-02 
 3.110545e+01  3.009249e-02 
 3.110578e+01  3.009252e-02 
 3.110610e+01  3.009254e-02 
 3.110642e+01  3.009257e-02 
 3.110674e+01  3.009259e-02 
 3.110706e+01  3.009262e-02 
 3.110738e+01  3.009265e-02 
 3.110771e+01  3.009267e-02 
 3.110803e+01  3.009270e-02 
 3.110835e+01  3.009272e-02 
 3.110867e+01  3.009275e-02 
 3.110899e+01  3.009278e-02 
 3.110931e+01  3.009280e-02 
 3.110963e+01  3.009283e-02 
 3.110996e+01  3.009285e-02 
 3.111028e+01  3.009288e-02 
 3.111060e+01  3.009291e-02 
 3.111092e+01  3.009293e-02 
 3.111124e+01  3.009296e-02 
 3.111156e+01  3.009299e-02 
 3.111189e+01  3.009301e-02 
 3.111221e+01  3.009304e-02 
 3.111253e+01  3.009307e-02 
 3.111285e+01  3.009309e-02 
 3.111317e+01  3.009312e-02 
 3.111349e+01  3.009315e-02 
 3.111381e+01  3.009317e-02 
 3.111414e+01  3.009320e-02 
 3.111446e+01  3.009323e-02 
 3.111478e+01  3.009325e-02 
 3.111510e+01  3.009328e-02 
 3.111542e+01  3.009331e-02 
 3.111574e+01  3.009333e-02 
 3.111607e+01  3.009336e-02 
 3.111639e+01  3.009339e-02 
 3.111671e+01  3.009342e-02 
 3.111703e+01  3.009344e-02 
 3.111735e+01  3.009347e-02 
 3.111767e+01  3.009350e-02 
 3.111800e+01  3.009352e-02 
 3.111832e+01  3.009355e-02 
 3.111864e+01  3.009358e-02 
 3.111896e+01  3.009361e-02 
 3.111928e+01  3.009363e-02 
 3.111960e+01  3.009366e-02 
 3.111992e+01  3.009369e-02 
 3.112025e+01  3.009372e-02 
 3.112057e+01  3.009375e-02 
 3.112089e+01  3.009377e-02 
 3.112121e+01  3.009380e-02 
 3.112153e+01  3.009383e-02 
 3.112185e+01  3.009386e-02 
 3.112218e+01  3.009389e-02 
 3.112250e+01  3.009391e-02 
 3.112282e+01  3.009394e-02 
 3.112314e+01  3.009397e-02 
 3.112346e+01  3.009400e-02 
 3.112378e+01  3.009403e-02 
 3.112410e+01  3.009406e-02 
 3.112443e+01  3.009409e-02 
 3.112475e+01  3.009411e-02 
 3.112507e+01  3.009414e-02 
 3.112539e+01  3.009417e-02 
 3.112571e+01  3.009420e-02 
 3.112603e+01  3.009423e-02 
 3.112636e+01  3.009426e-02 
 3.112668e+01  3.009429e-02 
 3.112700e+01  3.009432e-02 
 3.112732e+01  3.009435e-02 
 3.112764e+01  3.009438e-02 
 3.112796e+01  3.009441e-02 
 3.112828e+01  3.009444e-02 
 3.112861e+01  3.009447e-02 
 3.112893e+01  3.009450e-02 
 3.112925e+01  3.009453e-02 
 3.112957e+01  3.009456e-02 
 3.112989e+01  3.009459e-02 
 3.113021e+01  3.009462e-02 
 3.113054e+01  3.009465e-02 
 3.113086e+01  3.009468e-02 
 3.113118e+01  3.009471e-02 
 3.113150e+01  3.009474e-02 
 3.113182e+01  3.009477e-02 
 3.113214e+01  3.009480e-02 
 3.113247e+01  3.009483e-02 
 3.113279e+01  3.009487e-02 
 3.113311e+01  3.009490e-02 
 3.113343e+01  3.009493e-02 
 3.113375e+01  3.009496e-02 
 3.113407e+01  3.009499e-02 
 3.113439e+01  3.009502e-02 
 3.113472e+01  3.009505e-02 
 3.113504e+01  3.009509e-02 
 3.113536e+01  3.009512e-02 
 3.113568e+01  3.009515e-02 
 3.113600e+01  3.009518e-02 
 3.113632e+01  3.009522e-02 
 3.113665e+01  3.009525e-02 
 3.113697e+01  3.009528e-02 
 3.113729e+01  3.009531e-02 
 3.113761e+01  3.009535e-02 
 3.113793e+01  3.009538e-02 
 3.113825e+01  3.009541e-02 
 3.113857e+01  3.009545e-02 
 3.113890e+01  3.009548e-02 
 3.113922e+01  3.009551e-02 
 3.113954e+01  3.009555e-02 
 3.113986e+01  3.009558e-02 
 3.114018e+01  3.009561e-02 
 3.114050e+01  3.009565e-02 
 3.114083e+01  3.009568e-02 
 3.114115e+01  3.009571e-02 
 3.114147e+01  3.009575e-02 
 3.114179e+01  3.009578e-02 
 3.114211e+01  3.009582e-02 
 3.114243e+01  3.009585e-02 
 3.114275e+01  3.009589e-02 
 3.114308e+01  3.009592e-02 
 3.114340e+01  3.009596e-02 
 3.114372e+01  3.009599e-02 
 3.114404e+01  3.009602e-02 
 3.114436e+01  3.009606e-02 
 3.114468e+01  3.009609e-02 
 3.114501e+01  3.009613e-02 
 3.114533e+01  3.009616e-02 
 3.114565e+01  3.009620e-02 
 3.114597e+01  3.009624e-02 
 3.114629e+01  3.009627e-02 
 3.114661e+01  3.009631e-02 
 3.114694e+01  3.009634e-02 
 3.114726e+01  3.009638e-02 
 3.114758e+01  3.009641e-02 
 3.114790e+01  3.009645e-02 
 3.114822e+01  3.009649e-02 
 3.114854e+01  3.009652e-02 
 3.114886e+01  3.009656e-02 
 3.114919e+01  3.009659e-02 
 3.114951e+01  3.009663e-02 
 3.114983e+01  3.009667e-02 
 3.115015e+01  3.009670e-02 
 3.115047e+01  3.009674e-02 
 3.115079e+01  3.009678e-02 
 3.115112e+01  3.009681e-02 
 3.115144e+01  3.009685e-02 
 3.115176e+01  3.009689e-02 
 3.115208e+01  3.009692e-02 
 3.115240e+01  3.009696e-02 
 3.115272e+01  3.009700e-02 
 3.115304e+01  3.009703e-02 
 3.115337e+01  3.009707e-02 
 3.115369e+01  3.009711e-02 
 3.115401e+01  3.009714e-02 
 3.115433e+01  3.009718e-02 
 3.115465e+01  3.009722e-02 
 3.115497e+01  3.009726e-02 
 3.115530e+01  3.009729e-02 
 3.115562e+01  3.009733e-02 
 3.115594e+01  3.009737e-02 
 3.115626e+01  3.009741e-02 
 3.115658e+01  3.009744e-02 
 3.115690e+01  3.009748e-02 
 3.115722e+01  3.009752e-02 
 3.115755e+01  3.009756e-02 
 3.115787e+01  3.009759e-02 
 3.115819e+01  3.009763e-02 
 3.115851e+01  3.009767e-02 
 3.115883e+01  3.009771e-02 
 3.115915e+01  3.009775e-02 
 3.115948e+01  3.009778e-02 
 3.115980e+01  3.009782e-02 
 3.116012e+01  3.009786e-02 
 3.116044e+01  3.009790e-02 
 3.116076e+01  3.009794e-02 
 3.116108e+01  3.009798e-02 
 3.116141e+01  3.009801e-02 
 3.116173e+01  3.009805e-02 
 3.116205e+01  3.009809e-02 
 3.116237e+01  3.009813e-02 
 3.116269e+01  3.009817e-02 
 3.116301e+01  3.009821e-02 
 3.116333e+01  3.009825e-02 
 3.116366e+01  3.009829e-02 
 3.116398e+01  3.009832e-02 
 3.116430e+01  3.009836e-02 
 3.116462e+01  3.009840e-02 
 3.116494e+01  3.009844e-02 
 3.116526e+01  3.009848e-02 
 3.116559e+01  3.009852e-02 
 3.116591e+01  3.009856e-02 
 3.116623e+01  3.009860e-02 
 3.116655e+01  3.009864e-02 
 3.116687e+01  3.009868e-02 
 3.116719e+01  3.009872e-02 
 3.116751e+01  3.009876e-02 
 3.116784e+01  3.009880e-02 
 3.116816e+01  3.009884e-02 
 3.116848e+01  3.009888e-02 
 3.116880e+01  3.009891e-02 
 3.116912e+01  3.009895e-02 
 3.116944e+01  3.009899e-02 
 3.116977e+01  3.009903e-02 
 3.117009e+01  3.009907e-02 
 3.117041e+01  3.009911e-02 
 3.117073e+01  3.009915e-02 
 3.117105e+01  3.009919e-02 
 3.117137e+01  3.009923e-02 
 3.117169e+01  3.009927e-02 
 3.117202e+01  3.009932e-02 
 3.117234e+01  3.009936e-02 
 3.117266e+01  3.009940e-02 
 3.117298e+01  3.009944e-02 
 3.117330e+01  3.009948e-02 
 3.117362e+01  3.009952e-02 
 3.117395e+01  3.009956e-02 
 3.117427e+01  3.009960e-02 
 3.117459e+01  3.009964e-02 
 3.117491e+01  3.009968e-02 
 3.117523e+01  3.009972e-02 
 3.117555e+01  3.009976e-02 
 3.117588e+01  3.009980e-02 
 3.117620e+01  3.009984e-02 
 3.117652e+01  3.009988e-02 
 3.117684e+01  3.009993e-02 
 3.117716e+01  3.009997e-02 
 3.117748e+01  3.010001e-02 
 3.117780e+01  3.010005e-02 
 3.117813e+01  3.010009e-02 
 3.117845e+01  3.010013e-02 
 3.117877e+01  3.010017e-02 
 3.117909e+01  3.010022e-02 
 3.117941e+01  3.010026e-02 
 3.117973e+01  3.010030e-02 
 3.118006e+01  3.010034e-02 
 3.118038e+01  3.010038e-02 
 3.118070e+01  3.010042e-02 
 3.118102e+01  3.010047e-02 
 3.118134e+01  3.010051e-02 
 3.118166e+01  3.010055e-02 
 3.118198e+01  3.010059e-02 
 3.118231e+01  3.010063e-02 
 3.118263e+01  3.010068e-02 
 3.118295e+01  3.010072e-02 
 3.118327e+01  3.010076e-02 
 3.118359e+01  3.010080e-02 
 3.118391e+01  3.010085e-02 
 3.118424e+01  3.010089e-02 
 3.118456e+01  3.010093e-02 
 3.118488e+01  3.010098e-02 
 3.118520e+01  3.010102e-02 
 3.118552e+01  3.010106e-02 
 3.118584e+01  3.010110e-02 
 3.118616e+01  3.010115e-02 
 3.118649e+01  3.010119e-02 
 3.118681e+01  3.010123e-02 
 3.118713e+01  3.010128e-02 
 3.118745e+01  3.010132e-02 
 3.118777e+01  3.010136e-02 
 3.118809e+01  3.010141e-02 
 3.118842e+01  3.010145e-02 
 3.118874e+01  3.010149e-02 
 3.118906e+01  3.010154e-02 
 3.118938e+01  3.010158e-02 
 3.118970e+01  3.010163e-02 
 3.119002e+01  3.010167e-02 
 3.119035e+01  3.010171e-02 
 3.119067e+01  3.010176e-02 
 3.119099e+01  3.010180e-02 
 3.119131e+01  3.010185e-02 
 3.119163e+01  3.010189e-02 
 3.119195e+01  3.010194e-02 
 3.119227e+01  3.010198e-02 
 3.119260e+01  3.010203e-02 
 3.119292e+01  3.010207e-02 
 3.119324e+01  3.010212e-02 
 3.119356e+01  3.010216e-02 
 3.119388e+01  3.010221e-02 
 3.119420e+01  3.010225e-02 
 3.119453e+01  3.010230e-02 
 3.119485e+01  3.010234e-02 
 3.119517e+01  3.010239e-02 
 3.119549e+01  3.010243e-02 
 3.119581e+01  3.010248e-02 
 3.119613e+01  3.010252e-02 
 3.119645e+01  3.010257e-02 
 3.119678e+01  3.010261e-02 
 3.119710e+01  3.010266e-02 
 3.119742e+01  3.010270e-02 
 3.119774e+01  3.010275e-02 
 3.119806e+01  3.010280e-02 
 3.119838e+01  3.010284e-02 
 3.119871e+01  3.010289e-02 
 3.119903e+01  3.010293e-02 
 3.119935e+01  3.010298e-02 
 3.119967e+01  3.010302e-02 
 3.119999e+01  3.010307e-02 
 3.120031e+01  3.010312e-02 
 3.120063e+01  3.010316e-02 
 3.120096e+01  3.010321e-02 
 3.120128e+01  3.010326e-02 
 3.120160e+01  3.010330e-02 
 3.120192e+01  3.010335e-02 
 3.120224e+01  3.010339e-02 
 3.120256e+01  3.010344e-02 
 3.120289e+01  3.010349e-02 
 3.120321e+01  3.010353e-02 
 3.120353e+01  3.010358e-02 
 3.120385e+01  3.010363e-02 
 3.120417e+01  3.010367e-02 
 3.120449e+01  3.010372e-02 
 3.120482e+01  3.010377e-02 
 3.120514e+01  3.010381e-02 
 3.120546e+01  3.010386e-02 
 3.120578e+01  3.010390e-02 
 3.120610e+01  3.010395e-02 
 3.120642e+01  3.010400e-02 
 3.120674e+01  3.010404e-02 
 3.120707e+01  3.010409e-02 
 3.120739e+01  3.010414e-02 
 3.120771e+01  3.010418e-02 
 3.120803e+01  3.010423e-02 
 3.120835e+01  3.010428e-02 
 3.120867e+01  3.010432e-02 
 3.120900e+01  3.010437e-02 
 3.120932e+01  3.010442e-02 
 3.120964e+01  3.010446e-02 
 3.120996e+01  3.010451e-02 
 3.121028e+01  3.010456e-02 
 3.121060e+01  3.010461e-02 
 3.121092e+01  3.010465e-02 
 3.121125e+01  3.010470e-02 
 3.121157e+01  3.010475e-02 
 3.121189e+01  3.010479e-02 
 3.121221e+01  3.010484e-02 
 3.121253e+01  3.010489e-02 
 3.121285e+01  3.010493e-02 
 3.121318e+01  3.010498e-02 
 3.121350e+01  3.010503e-02 
 3.121382e+01  3.010507e-02 
 3.121414e+01  3.010512e-02 
 3.121446e+01  3.010517e-02 
 3.121478e+01  3.010522e-02 
 3.121510e+01  3.010526e-02 
 3.121543e+01  3.010531e-02 
 3.121575e+01  3.010536e-02 
 3.121607e+01  3.010540e-02 
 3.121639e+01  3.010545e-02 
 3.121671e+01  3.010550e-02 
 3.121703e+01  3.010555e-02 
 3.121736e+01  3.010559e-02 
 3.121768e+01  3.010564e-02 
 3.121800e+01  3.010569e-02 
 3.121832e+01  3.010573e-02 
 3.121864e+01  3.010578e-02 
 3.121896e+01  3.010583e-02 
 3.121929e+01  3.010588e-02 
 3.121961e+01  3.010592e-02 
 3.121993e+01  3.010597e-02 
 3.122025e+01  3.010602e-02 
 3.122057e+01  3.010607e-02 
 3.122089e+01  3.010611e-02 
 3.122121e+01  3.010616e-02 
 3.122154e+01  3.010621e-02 
 3.122186e+01  3.010626e-02 
 3.122218e+01  3.010630e-02 
 3.122250e+01  3.010635e-02 
 3.122282e+01  3.010640e-02 
 3.122314e+01  3.010645e-02 
 3.122347e+01  3.010650e-02 
 3.122379e+01  3.010654e-02 
 3.122411e+01  3.010659e-02 
 3.122443e+01  3.010664e-02 
 3.122475e+01  3.010669e-02 
 3.122507e+01  3.010674e-02 
 3.122539e+01  3.010678e-02 
 3.122572e+01  3.010683e-02 
 3.122604e+01  3.010688e-02 
 3.122636e+01  3.010693e-02 
 3.122668e+01  3.010698e-02 
 3.122700e+01  3.010702e-02 
 3.122732e+01  3.010707e-02 
 3.122765e+01  3.010712e-02 
 3.122797e+01  3.010717e-02 
 3.122829e+01  3.010722e-02 
 3.122861e+01  3.010727e-02 
 3.122893e+01  3.010731e-02 
 3.122925e+01  3.010736e-02 
 3.122957e+01  3.010741e-02 
 3.122990e+01  3.010746e-02 
 3.123022e+01  3.010751e-02 
 3.123054e+01  3.010756e-02 
 3.123086e+01  3.010760e-02 
 3.123118e+01  3.010765e-02 
 3.123150e+01  3.010770e-02 
 3.123183e+01  3.010775e-02 
 3.123215e+01  3.010780e-02 
 3.123247e+01  3.010785e-02 
 3.123279e+01  3.010790e-02 
 3.123311e+01  3.010794e-02 
 3.123343e+01  3.010799e-02 
 3.123376e+01  3.010804e-02 
 3.123408e+01  3.010809e-02 
 3.123440e+01  3.010814e-02 
 3.123472e+01  3.010819e-02 
 3.123504e+01  3.010824e-02 
 3.123536e+01  3.010829e-02 
 3.123568e+01  3.010834e-02 
 3.123601e+01  3.010838e-02 
 3.123633e+01  3.010843e-02 
 3.123665e+01  3.010848e-02 
 3.123697e+01  3.010853e-02 
 3.123729e+01  3.010858e-02 
 3.123761e+01  3.010863e-02 
 3.123794e+01  3.010868e-02 
 3.123826e+01  3.010873e-02 
 3.123858e+01  3.010878e-02 
 3.123890e+01  3.010883e-02 
 3.123922e+01  3.010888e-02 
 3.123954e+01  3.010892e-02 
 3.123986e+01  3.010897e-02 
 3.124019e+01  3.010902e-02 
 3.124051e+01  3.010907e-02 
 3.124083e+01  3.010912e-02 
 3.124115e+01  3.010917e-02 
 3.124147e+01  3.010922e-02 
 3.124179e+01  3.010927e-02 
 3.124212e+01  3.010932e-02 
 3.124244e+01  3.010937e-02 
 3.124276e+01  3.010942e-02 
 3.124308e+01  3.010947e-02 
 3.124340e+01  3.010952e-02 
 3.124372e+01  3.010957e-02 
 3.124404e+01  3.010962e-02 
 3.124437e+01  3.010967e-02 
 3.124469e+01  3.010972e-02 
 3.124501e+01  3.010977e-02 
 3.124533e+01  3.010982e-02 
 3.124565e+01  3.010987e-02 
 3.124597e+01  3.010992e-02 
 3.124630e+01  3.010996e-02 
 3.124662e+01  3.011001e-02 
 3.124694e+01  3.011006e-02 
 3.124726e+01  3.011011e-02 
 3.124758e+01  3.011016e-02 
 3.124790e+01  3.011021e-02 
 3.124823e+01  3.011026e-02 
 3.124855e+01  3.011031e-02 
 3.124887e+01  3.011037e-02 
 3.124919e+01  3.011042e-02 
 3.124951e+01  3.011047e-02 
 3.124983e+01  3.011052e-02 
 3.125015e+01  3.011057e-02 
 3.125048e+01  3.011062e-02 
 3.125080e+01  3.011067e-02 
 3.125112e+01  3.011072e-02 
 3.125144e+01  3.011077e-02 
 3.125176e+01  3.011082e-02 
 3.125208e+01  3.011087e-02 
 3.125241e+01  3.011092e-02 
 3.125273e+01  3.011097e-02 
 3.125305e+01  3.011102e-02 
 3.125337e+01  3.011107e-02 
 3.125369e+01  3.011112e-02 
 3.125401e+01  3.011117e-02 
 3.125433e+01  3.011122e-02 
 3.125466e+01  3.011127e-02 
 3.125498e+01  3.011132e-02 
 3.125530e+01  3.011137e-02 
 3.125562e+01  3.011142e-02 
 3.125594e+01  3.011147e-02 
 3.125626e+01  3.011152e-02 
 3.125659e+01  3.011158e-02 
 3.125691e+01  3.011163e-02 
 3.125723e+01  3.011168e-02 
 3.125755e+01  3.011173e-02 
 3.125787e+01  3.011178e-02 
 3.125819e+01  3.011183e-02 
 3.125851e+01  3.011188e-02 
 3.125884e+01  3.011193e-02 
 3.125916e+01  3.011198e-02 
 3.125948e+01  3.011203e-02 
 3.125980e+01  3.011208e-02 
 3.126012e+01  3.011213e-02 
 3.126044e+01  3.011218e-02 
 3.126077e+01  3.011223e-02 
 3.126109e+01  3.011228e-02 
 3.126141e+01  3.011233e-02 
 3.126173e+01  3.011238e-02 
 3.126205e+01  3.011243e-02 
 3.126237e+01  3.011248e-02 
 3.126270e+01  3.011253e-02 
 3.126302e+01  3.011258e-02 
 3.126334e+01  3.011263e-02 
 3.126366e+01  3.011268e-02 
 3.126398e+01  3.011273e-02 
 3.126430e+01  3.011278e-02 
 3.126462e+01  3.011283e-02 
 3.126495e+01  3.011288e-02 
 3.126527e+01  3.011293e-02 
 3.126559e+01  3.011298e-02 
 3.126591e+01  3.011303e-02 
 3.126623e+01  3.011308e-02 
 3.126655e+01  3.011313e-02 
 3.126688e+01  3.011318e-02 
 3.126720e+01  3.011323e-02 
 3.126752e+01  3.011328e-02 
 3.126784e+01  3.011333e-02 
 3.126816e+01  3.011338e-02 
 3.126848e+01  3.011343e-02 
 3.126880e+01  3.011347e-02 
 3.126913e+01  3.011352e-02 
 3.126945e+01  3.011357e-02 
 3.126977e+01  3.011362e-02 
 3.127009e+01  3.011367e-02 
 3.127041e+01  3.011372e-02 
 3.127073e+01  3.011377e-02 
 3.127106e+01  3.011382e-02 
 3.127138e+01  3.011387e-02 
 3.127170e+01  3.011392e-02 
 3.127202e+01  3.011397e-02 
 3.127234e+01  3.011401e-02 
 3.127266e+01  3.011406e-02 
 3.127298e+01  3.011411e-02 
 3.127331e+01  3.011416e-02 
 3.127363e+01  3.011421e-02 
 3.127395e+01  3.011426e-02 
 3.127427e+01  3.011431e-02 
 3.127459e+01  3.011436e-02 
 3.127491e+01  3.011441e-02 
 3.127524e+01  3.011445e-02 
 3.127556e+01  3.011450e-02 
 3.127588e+01  3.011455e-02 
 3.127620e+01  3.011460e-02 
 3.127652e+01  3.011465e-02 
 3.127684e+01  3.011470e-02 
 3.127717e+01  3.011475e-02 
 3.127749e+01  3.011480e-02 
 3.127781e+01  3.011485e-02 
 3.127813e+01  3.011489e-02 
 3.127845e+01  3.011494e-02 
 3.127877e+01  3.011499e-02 
 3.127909e+01  3.011504e-02 
 3.127942e+01  3.011509e-02 
 3.127974e+01  3.011514e-02 
 3.128006e+01  3.011519e-02 
 3.128038e+01  3.011524e-02 
 3.128070e+01  3.011529e-02 
 3.128102e+01  3.011534e-02 
 3.128135e+01  3.011539e-02 
 3.128167e+01  3.011543e-02 
 3.128199e+01  3.011548e-02 
 3.128231e+01  3.011553e-02 
 3.128263e+01  3.011558e-02 
 3.128295e+01  3.011563e-02 
 3.128327e+01  3.011568e-02 
 3.128360e+01  3.011573e-02 
 3.128392e+01  3.011578e-02 
 3.128424e+01  3.011583e-02 
 3.128456e+01  3.011588e-02 
 3.128488e+01  3.011593e-02 
 3.128520e+01  3.011598e-02 
 3.128553e+01  3.011603e-02 
 3.128585e+01  3.011608e-02 
 3.128617e+01  3.011613e-02 
 3.128649e+01  3.011618e-02 
 3.128681e+01  3.011623e-02 
 3.128713e+01  3.011628e-02 
 3.128745e+01  3.011633e-02 
 3.128778e+01  3.011638e-02 
 3.128810e+01  3.011643e-02 
 3.128842e+01  3.011648e-02 
 3.128874e+01  3.011653e-02 
 3.128906e+01  3.011658e-02 
 3.128938e+01  3.011663e-02 
 3.128971e+01  3.011668e-02 
 3.129003e+01  3.011673e-02 
 3.129035e+01  3.011678e-02 
 3.129067e+01  3.011683e-02 
 3.129099e+01  3.011688e-02 
 3.129131e+01  3.011693e-02 
 3.129164e+01  3.011699e-02 
 3.129196e+01  3.011704e-02 
 3.129228e+01  3.011709e-02 
 3.129260e+01  3.011714e-02 
 3.129292e+01  3.011719e-02 
 3.129324e+01  3.011724e-02 
 3.129356e+01  3.011729e-02 
 3.129389e+01  3.011734e-02 
 3.129421e+01  3.011739e-02 
 3.129453e+01  3.011744e-02 
 3.129485e+01  3.011749e-02 
 3.129517e+01  3.011754e-02 
 3.129549e+01  3.011759e-02 
 3.129582e+01  3.011764e-02 
 3.129614e+01  3.011770e-02 
 3.129646e+01  3.011775e-02 
 3.129678e+01  3.011780e-02 
 3.129710e+01  3.011785e-02 
 3.129742e+01  3.011790e-02 
 3.129774e+01  3.011795e-02 
 3.129807e+01  3.011800e-02 
 3.129839e+01  3.011805e-02 
 3.129871e+01  3.011810e-02 
 3.129903e+01  3.011815e-02 
 3.129935e+01  3.011820e-02 
 3.129967e+01  3.011826e-02 
 3.130000e+01  3.011831e-02 
 3.130032e+01  3.011836e-02 
 3.130064e+01  3.011841e-02 
 3.130096e+01  3.011846e-02 
 3.130128e+01  3.011851e-02 
 3.130160e+01  3.011856e-02 
 3.130192e+01  3.011861e-02 
 3.130225e+01  3.011866e-02 
 3.130257e+01  3.011871e-02 
 3.130289e+01  3.011876e-02 
 3.130321e+01  3.011881e-02 
 3.130353e+01  3.011886e-02 
 3.130385e+01  3.011892e-02 
 3.130418e+01  3.011897e-02 
 3.130450e+01  3.011902e-02 
 3.130482e+01  3.011907e-02 
 3.130514e+01  3.011912e-02 
 3.130546e+01  3.011917e-02 
 3.130578e+01  3.011922e-02 
 3.130611e+01  3.011927e-02 
 3.130643e+01  3.011932e-02 
 3.130675e+01  3.011937e-02 
 3.130707e+01  3.011942e-02 
 3.130739e+01  3.011947e-02 
 3.130771e+01  3.011952e-02 
 3.130803e+01  3.011957e-02 
 3.130836e+01  3.011962e-02 
 3.130868e+01  3.011967e-02 
 3.130900e+01  3.011972e-02 
 3.130932e+01  3.011977e-02 
 3.130964e+01  3.011982e-02 
 3.130996e+01  3.011987e-02 
 3.131029e+01  3.011992e-02 
 3.131061e+01  3.011997e-02 
 3.131093e+01  3.012002e-02 
 3.131125e+01  3.012007e-02 
 3.131157e+01  3.012012e-02 
 3.131189e+01  3.012017e-02 
 3.131221e+01  3.012022e-02 
 3.131254e+01  3.012027e-02 
 3.131286e+01  3.012032e-02 
 3.131318e+01  3.012037e-02 
 3.131350e+01  3.012042e-02 
 3.131382e+01  3.012046e-02 
 3.131414e+01  3.012051e-02 
 3.131447e+01  3.012056e-02 
 3.131479e+01  3.012061e-02 
 3.131511e+01  3.012066e-02 
 3.131543e+01  3.012071e-02 
 3.131575e+01  3.012076e-02 
 3.131607e+01  3.012081e-02 
 3.131639e+01  3.012085e-02 
 3.131672e+01  3.012090e-02 
 3.131704e+01  3.012095e-02 
 3.131736e+01  3.012100e-02 
 3.131768e+01  3.012105e-02 
 3.131800e+01  3.012109e-02 
 3.131832e+01  3.012114e-02 
 3.131865e+01  3.012119e-02 
 3.131897e+01  3.012124e-02 
 3.131929e+01  3.012129e-02 
 3.131961e+01  3.012133e-02 
 3.131993e+01  3.012138e-02 
 3.132025e+01  3.012143e-02 
 3.132058e+01  3.012148e-02 
 3.132090e+01  3.012152e-02 
 3.132122e+01  3.012157e-02 
 3.132154e+01  3.012162e-02 
 3.132186e+01  3.012166e-02 
 3.132218e+01  3.012171e-02 
 3.132250e+01  3.012176e-02 
 3.132283e+01  3.012180e-02 
 3.132315e+01  3.012185e-02 
 3.132347e+01  3.012190e-02 
 3.132379e+01  3.012194e-02 
 3.132411e+01  3.012199e-02 
 3.132443e+01  3.012204e-02 
 3.132476e+01  3.012208e-02 
 3.132508e+01  3.012213e-02 
 3.132540e+01  3.012218e-02 
 3.132572e+01  3.012222e-02 
 3.132604e+01  3.012227e-02 
 3.132636e+01  3.012231e-02 
 3.132668e+01  3.012236e-02 
 3.132701e+01  3.012241e-02 
 3.132733e+01  3.012245e-02 
 3.132765e+01  3.012250e-02 
 3.132797e+01  3.012254e-02 
 3.132829e+01  3.012259e-02 
 3.132861e+01  3.012263e-02 
 3.132894e+01  3.012268e-02 
 3.132926e+01  3.012273e-02 
 3.132958e+01  3.012277e-02 
 3.132990e+01  3.012282e-02 
 3.133022e+01  3.012286e-02 
 3.133054e+01  3.012291e-02 
 3.133086e+01  3.012295e-02 
 3.133119e+01  3.012300e-02 
 3.133151e+01  3.012304e-02 
 3.133183e+01  3.012309e-02 
 3.133215e+01  3.012314e-02 
 3.133247e+01  3.012318e-02 
 3.133279e+01  3.012323e-02 
 3.133312e+01  3.012327e-02 
 3.133344e+01  3.012332e-02 
 3.133376e+01  3.012336e-02 
 3.133408e+01  3.012341e-02 
 3.133440e+01  3.012345e-02 
 3.133472e+01  3.012350e-02 
 3.133505e+01  3.012354e-02 
 3.133537e+01  3.012359e-02 
 3.133569e+01  3.012363e-02 
 3.133601e+01  3.012368e-02 
 3.133633e+01  3.012372e-02 
 3.133665e+01  3.012377e-02 
 3.133697e+01  3.012381e-02 
 3.133730e+01  3.012386e-02 
 3.133762e+01  3.012390e-02 
 3.133794e+01  3.012395e-02 
 3.133826e+01  3.012399e-02 
 3.133858e+01  3.012404e-02 
 3.133890e+01  3.012408e-02 
 3.133923e+01  3.012413e-02 
 3.133955e+01  3.012417e-02 
 3.133987e+01  3.012422e-02 
 3.134019e+01  3.012426e-02 
 3.134051e+01  3.012431e-02 
 3.134083e+01  3.012435e-02 
 3.134115e+01  3.012440e-02 
 3.134148e+01  3.012444e-02 
 3.134180e+01  3.012449e-02 
 3.134212e+01  3.012453e-02 
 3.134244e+01  3.012458e-02 
 3.134276e+01  3.012462e-02 
 3.134308e+01  3.012467e-02 
 3.134341e+01  3.012471e-02 
 3.134373e+01  3.012476e-02 
 3.134405e+01  3.012480e-02 
 3.134437e+01  3.012485e-02 
 3.134469e+01  3.012489e-02 
 3.134501e+01  3.012494e-02 
 3.134533e+01  3.012498e-02 
 3.134566e+01  3.012502e-02 
 3.134598e+01  3.012507e-02 
 3.134630e+01  3.012511e-02 
 3.134662e+01  3.012516e-02 
 3.134694e+01  3.012520e-02 
 3.134726e+01  3.012525e-02 
 3.134759e+01  3.012529e-02 
 3.134791e+01  3.012533e-02 
 3.134823e+01  3.012538e-02 
 3.134855e+01  3.012542e-02 
 3.134887e+01  3.012546e-02 
 3.134919e+01  3.012551e-02 
 3.134952e+01  3.012555e-02 
 3.134984e+01  3.012559e-02 
 3.135016e+01  3.012564e-02 
 3.135048e+01  3.012568e-02 
 3.135080e+01  3.012572e-02 
 3.135112e+01  3.012577e-02 
 3.135144e+01  3.012581e-02 
 3.135177e+01  3.012585e-02 
 3.135209e+01  3.012590e-02 
 3.135241e+01  3.012594e-02 
 3.135273e+01  3.012598e-02 
 3.135305e+01  3.012602e-02 
 3.135337e+01  3.012607e-02 
 3.135370e+01  3.012611e-02 
 3.135402e+01  3.012615e-02 
 3.135434e+01  3.012619e-02 
 3.135466e+01  3.012624e-02 
 3.135498e+01  3.012628e-02 
 3.135530e+01  3.012632e-02 
 3.135562e+01  3.012636e-02 
 3.135595e+01  3.012640e-02 
 3.135627e+01  3.012644e-02 
 3.135659e+01  3.012649e-02 
 3.135691e+01  3.012653e-02 
 3.135723e+01  3.012657e-02 
 3.135755e+01  3.012661e-02 
 3.135788e+01  3.012665e-02 
 3.135820e+01  3.012669e-02 
 3.135852e+01  3.012673e-02 
 3.135884e+01  3.012678e-02 
 3.135916e+01  3.012682e-02 
 3.135948e+01  3.012686e-02 
 3.135980e+01  3.012690e-02 
 3.136013e+01  3.012694e-02 
 3.136045e+01  3.012698e-02 
 3.136077e+01  3.012702e-02 
 3.136109e+01  3.012706e-02 
 3.136141e+01  3.012710e-02 
 3.136173e+01  3.012714e-02 
 3.136206e+01  3.012718e-02 
 3.136238e+01  3.012722e-02 
 3.136270e+01  3.012726e-02 
 3.136302e+01  3.012730e-02 
 3.136334e+01  3.012734e-02 
 3.136366e+01  3.012738e-02 
 3.136399e+01  3.012742e-02 
 3.136431e+01  3.012746e-02 
 3.136463e+01  3.012750e-02 
 3.136495e+01  3.012754e-02 
 3.136527e+01  3.012758e-02 
 3.136559e+01  3.012762e-02 
 3.136591e+01  3.012766e-02 
 3.136624e+01  3.012770e-02 
 3.136656e+01  3.012774e-02 
 3.136688e+01  3.012778e-02 
 3.136720e+01  3.012782e-02 
 3.136752e+01  3.012786e-02 
 3.136784e+01  3.012790e-02 
 3.136817e+01  3.012794e-02 
 3.136849e+01  3.012798e-02 
 3.136881e+01  3.012802e-02 
 3.136913e+01  3.012806e-02 
 3.136945e+01  3.012810e-02 
 3.136977e+01  3.012814e-02 
 3.137009e+01  3.012818e-02 
 3.137042e+01  3.012822e-02 
 3.137074e+01  3.012826e-02 
 3.137106e+01  3.012830e-02 
 3.137138e+01  3.012834e-02 
 3.137170e+01  3.012838e-02 
 3.137202e+01  3.012842e-02 
 3.137235e+01  3.012846e-02 
 3.137267e+01  3.012850e-02 
 3.137299e+01  3.012854e-02 
 3.137331e+01  3.012858e-02 
 3.137363e+01  3.012862e-02 
 3.137395e+01  3.012865e-02 
 3.137427e+01  3.012869e-02 
 3.137460e+01  3.012873e-02 
 3.137492e+01  3.012877e-02 
 3.137524e+01  3.012881e-02 
 3.137556e+01  3.012885e-02 
 3.137588e+01  3.012889e-02 
 3.137620e+01  3.012893e-02 
 3.137653e+01  3.012897e-02 
 3.137685e+01  3.012901e-02 
 3.137717e+01  3.012905e-02 
 3.137749e+01  3.012908e-02 
 3.137781e+01  3.012912e-02 
 3.137813e+01  3.012916e-02 
 3.137846e+01  3.012920e-02 
 3.137878e+01  3.012924e-02 
 3.137910e+01  3.012928e-02 
 3.137942e+01  3.012932e-02 
 3.137974e+01  3.012935e-02 
 3.138006e+01  3.012939e-02 
 3.138038e+01  3.012943e-02 
 3.138071e+01  3.012947e-02 
 3.138103e+01  3.012951e-02 
 3.138135e+01  3.012955e-02 
 3.138167e+01  3.012958e-02 
 3.138199e+01  3.012962e-02 
 3.138231e+01  3.012966e-02 
 3.138264e+01  3.012970e-02 
 3.138296e+01  3.012974e-02 
 3.138328e+01  3.012977e-02 
 3.138360e+01  3.012981e-02 
 3.138392e+01  3.012985e-02 
 3.138424e+01  3.012989e-02 
 3.138456e+01  3.012993e-02 
 3.138489e+01  3.012996e-02 
 3.138521e+01  3.013000e-02 
 3.138553e+01  3.013004e-02 
 3.138585e+01  3.013007e-02 
 3.138617e+01  3.013011e-02 
 3.138649e+01  3.013015e-02 
 3.138682e+01  3.013019e-02 
 3.138714e+01  3.013022e-02 
 3.138746e+01  3.013026e-02 
 3.138778e+01  3.013030e-02 
 3.138810e+01  3.013033e-02 
 3.138842e+01  3.013037e-02 
 3.138874e+01  3.013041e-02 
 3.138907e+01  3.013044e-02 
 3.138939e+01  3.013048e-02 
 3.138971e+01  3.013052e-02 
 3.139003e+01  3.013055e-02 
 3.139035e+01  3.013059e-02 
 3.139067e+01  3.013063e-02 
 3.139100e+01  3.013066e-02 
 3.139132e+01  3.013070e-02 
 3.139164e+01  3.013073e-02 
 3.139196e+01  3.013077e-02 
 3.139228e+01  3.013081e-02 
 3.139260e+01  3.013084e-02 
 3.139293e+01  3.013088e-02 
 3.139325e+01  3.013091e-02 
 3.139357e+01  3.013095e-02 
 3.139389e+01  3.013098e-02 
 3.139421e+01  3.013102e-02 
 3.139453e+01  3.013105e-02 
 3.139485e+01  3.013109e-02 
 3.139518e+01  3.013112e-02 
 3.139550e+01  3.013116e-02 
 3.139582e+01  3.013119e-02 
 3.139614e+01  3.013123e-02 
 3.139646e+01  3.013126e-02 
 3.139678e+01  3.013130e-02 
 3.139711e+01  3.013133e-02 
 3.139743e+01  3.013137e-02 
 3.139775e+01  3.013140e-02 
 3.139807e+01  3.013144e-02 
 3.139839e+01  3.013147e-02 
 3.139871e+01  3.013151e-02 
 3.139903e+01  3.013154e-02 
 3.139936e+01  3.013158e-02 
 3.139968e+01  3.013161e-02 
 3.140000e+01  3.013165e-02 
 3.140032e+01  3.013168e-02 
 3.140064e+01  3.013171e-02 
 3.140096e+01  3.013175e-02 
 3.140129e+01  3.013178e-02 
 3.140161e+01  3.013182e-02 
 3.140193e+01  3.013185e-02 
 3.140225e+01  3.013188e-02 
 3.140257e+01  3.013192e-02 
 3.140289e+01  3.013195e-02 
 3.140321e+01  3.013198e-02 
 3.140354e+01  3.013202e-02 
 3.140386e+01  3.013205e-02 
 3.140418e+01  3.013209e-02 
 3.140450e+01  3.013212e-02 
 3.140482e+01  3.013215e-02 
 3.140514e+01  3.013219e-02 
 3.140547e+01  3.013222e-02 
 3.140579e+01  3.013225e-02 
 3.140611e+01  3.013229e-02 
 3.140643e+01  3.013232e-02 
 3.140675e+01  3.013235e-02 
 3.140707e+01  3.013239e-02 
 3.140740e+01  3.013242e-02 
 3.140772e+01  3.013245e-02 
 3.140804e+01  3.013249e-02 
 3.140836e+01  3.013252e-02 
 3.140868e+01  3.013255e-02 
 3.140900e+01  3.013258e-02 
 3.140932e+01  3.013262e-02 
 3.140965e+01  3.013265e-02 
 3.140997e+01  3.013268e-02 
 3.141029e+01  3.013272e-02 
 3.141061e+01  3.013275e-02 
 3.141093e+01  3.013278e-02 
 3.141125e+01  3.013281e-02 
 3.141158e+01  3.013285e-02 
 3.141190e+01  3.013288e-02 
 3.141222e+01  3.013291e-02 
 3.141254e+01  3.013294e-02 
 3.141286e+01  3.013298e-02 
 3.141318e+01  3.013301e-02 
 3.141350e+01  3.013304e-02 
 3.141383e+01  3.013307e-02 
 3.141415e+01  3.013311e-02 
 3.141447e+01  3.013314e-02 
 3.141479e+01  3.013317e-02 
 3.141511e+01  3.013321e-02 
 3.141543e+01  3.013324e-02 
 3.141576e+01  3.013327e-02 
 3.141608e+01  3.013330e-02 
 3.141640e+01  3.013334e-02 
 3.141672e+01  3.013337e-02 
 3.141704e+01  3.013340e-02 
 3.141736e+01  3.013343e-02 
 3.141768e+01  3.013347e-02 
 3.141801e+01  3.013350e-02 
 3.141833e+01  3.013353e-02 
 3.141865e+01  3.013356e-02 
 3.141897e+01  3.013360e-02 
 3.141929e+01  3.013363e-02 
 3.141961e+01  3.013366e-02 
 3.141994e+01  3.013369e-02 
 3.142026e+01  3.013373e-02 
 3.142058e+01  3.013376e-02 
 3.142090e+01  3.013379e-02 
 3.142122e+01  3.013382e-02 
 3.142154e+01  3.013386e-02 
 3.142187e+01  3.013389e-02 
 3.142219e+01  3.013392e-02 
 3.142251e+01  3.013396e-02 
 3.142283e+01  3.013399e-02 
 3.142315e+01  3.013402e-02 
 3.142347e+01  3.013405e-02 
 3.142379e+01  3.013409e-02 
 3.142412e+01  3.013412e-02 
 3.142444e+01  3.013415e-02 
 3.142476e+01  3.013418e-02 
 3.142508e+01  3.013422e-02 
 3.142540e+01  3.013425e-02 
 3.142572e+01  3.013428e-02 
 3.142605e+01  3.013432e-02 
 3.142637e+01  3.013435e-02 
 3.142669e+01  3.013438e-02 
 3.142701e+01  3.013442e-02 
 3.142733e+01  3.013445e-02 
 3.142765e+01  3.013448e-02 
 3.142797e+01  3.013451e-02 
 3.142830e+01  3.013455e-02 
 3.142862e+01  3.013458e-02 
 3.142894e+01  3.013461e-02 
 3.142926e+01  3.013465e-02 
 3.142958e+01  3.013468e-02 
 3.142990e+01  3.013471e-02 
 3.143023e+01  3.013475e-02 
 3.143055e+01  3.013478e-02 
 3.143087e+01  3.013481e-02 
 3.143119e+01  3.013484e-02 
 3.143151e+01  3.013488e-02 
 3.143183e+01  3.013491e-02 
 3.143215e+01  3.013494e-02 
 3.143248e+01  3.013498e-02 
 3.143280e+01  3.013501e-02 
 3.143312e+01  3.013504e-02 
 3.143344e+01  3.013507e-02 
 3.143376e+01  3.013511e-02 
 3.143408e+01  3.013514e-02 
 3.143441e+01  3.013517e-02 
 3.143473e+01  3.013520e-02 
 3.143505e+01  3.013524e-02 
 3.143537e+01  3.013527e-02 
 3.143569e+01  3.013530e-02 
 3.143601e+01  3.013533e-02 
 3.143634e+01  3.013537e-02 
 3.143666e+01  3.013540e-02 
 3.143698e+01  3.013543e-02 
 3.143730e+01  3.013546e-02 
 3.143762e+01  3.013550e-02 
 3.143794e+01  3.013553e-02 
 3.143826e+01  3.013556e-02 
 3.143859e+01  3.013559e-02 
 3.143891e+01  3.013562e-02 
 3.143923e+01  3.013566e-02 
 3.143955e+01  3.013569e-02 
 3.143987e+01  3.013572e-02 
 3.144019e+01  3.013575e-02 
 3.144052e+01  3.013578e-02 
 3.144084e+01  3.013581e-02 
 3.144116e+01  3.013584e-02 
 3.144148e+01  3.013587e-02 
 3.144180e+01  3.013591e-02 
 3.144212e+01  3.013594e-02 
 3.144244e+01  3.013597e-02 
 3.144277e+01  3.013600e-02 
 3.144309e+01  3.013603e-02 
 3.144341e+01  3.013606e-02 
 3.144373e+01  3.013609e-02 
 3.144405e+01  3.013612e-02 
 3.144437e+01  3.013615e-02 
 3.144470e+01  3.013618e-02 
 3.144502e+01  3.013621e-02 
 3.144534e+01  3.013624e-02 
 3.144566e+01  3.013627e-02 
 3.144598e+01  3.013630e-02 
 3.144630e+01  3.013633e-02 
 3.144663e+01  3.013636e-02 
 3.144695e+01  3.013639e-02 
 3.144727e+01  3.013642e-02 
 3.144759e+01  3.013645e-02 
 3.144791e+01  3.013648e-02 
 3.144823e+01  3.013650e-02 
 3.144855e+01  3.013653e-02 
 3.144888e+01  3.013656e-02 
 3.144920e+01  3.013659e-02 
 3.144952e+01  3.013662e-02 
 3.144984e+01  3.013665e-02 
 3.145016e+01  3.013668e-02 
 3.145048e+01  3.013670e-02 
 3.145081e+01  3.013673e-02 
 3.145113e+01  3.013676e-02 
 3.145145e+01  3.013679e-02 
 3.145177e+01  3.013682e-02 
 3.145209e+01  3.013684e-02 
 3.145241e+01  3.013687e-02 
 3.145273e+01  3.013690e-02 
 3.145306e+01  3.013693e-02 
 3.145338e+01  3.013696e-02 
 3.145370e+01  3.013698e-02 
 3.145402e+01  3.013701e-02 
 3.145434e+01  3.013704e-02 
 3.145466e+01  3.013707e-02 
 3.145499e+01  3.013709e-02 
 3.145531e+01  3.013712e-02 
 3.145563e+01  3.013715e-02 
 3.145595e+01  3.013717e-02 
 3.145627e+01  3.013720e-02 
 3.145659e+01  3.013723e-02 
 3.145691e+01  3.013726e-02 
 3.145724e+01  3.013728e-02 
 3.145756e+01  3.013731e-02 
 3.145788e+01  3.013734e-02 
 3.145820e+01  3.013736e-02 
 3.145852e+01  3.013739e-02 
 3.145884e+01  3.013742e-02 
 3.145917e+01  3.013744e-02 
 3.145949e+01  3.013747e-02 
 3.145981e+01  3.013750e-02 
 3.146013e+01  3.013752e-02 
 3.146045e+01  3.013755e-02 
 3.146077e+01  3.013757e-02 
 3.146110e+01  3.013760e-02 
 3.146142e+01  3.013763e-02 
 3.146174e+01  3.013765e-02 
 3.146206e+01  3.013768e-02 
 3.146238e+01  3.013771e-02 
 3.146270e+01  3.013773e-02 
 3.146302e+01  3.013776e-02 
 3.146335e+01  3.013778e-02 
 3.146367e+01  3.013781e-02 
 3.146399e+01  3.013784e-02 
 3.146431e+01  3.013786e-02 
 3.146463e+01  3.013789e-02 
 3.146495e+01  3.013791e-02 
 3.146528e+01  3.013794e-02 
 3.146560e+01  3.013797e-02 
 3.146592e+01  3.013799e-02 
 3.146624e+01  3.013802e-02 
 3.146656e+01  3.013804e-02 
 3.146688e+01  3.013807e-02 
 3.146720e+01  3.013810e-02 
 3.146753e+01  3.013812e-02 
 3.146785e+01  3.013815e-02 
 3.146817e+01  3.013817e-02 
 3.146849e+01  3.013820e-02 
 3.146881e+01  3.013822e-02 
 3.146913e+01  3.013825e-02 
 3.146946e+01  3.013828e-02 
 3.146978e+01  3.013830e-02 
 3.147010e+01  3.013833e-02 
 3.147042e+01  3.013835e-02 
 3.147074e+01  3.013838e-02 
 3.147106e+01  3.013840e-02 
 3.147138e+01  3.013843e-02 
 3.147171e+01  3.013846e-02 
 3.147203e+01  3.013848e-02 
 3.147235e+01  3.013851e-02 
 3.147267e+01  3.013853e-02 
 3.147299e+01  3.013856e-02 
 3.147331e+01  3.013858e-02 
 3.147364e+01  3.013861e-02 
 3.147396e+01  3.013864e-02 
 3.147428e+01  3.013866e-02 
 3.147460e+01  3.013869e-02 
 3.147492e+01  3.013871e-02 
 3.147524e+01  3.013874e-02 
 3.147557e+01  3.013876e-02 
 3.147589e+01  3.013879e-02 
 3.147621e+01  3.013882e-02 
 3.147653e+01  3.013884e-02 
 3.147685e+01  3.013887e-02 
 3.147717e+01  3.013889e-02 
 3.147749e+01  3.013892e-02 
 3.147782e+01  3.013894e-02 
 3.147814e+01  3.013897e-02 
 3.147846e+01  3.013900e-02 
 3.147878e+01  3.013902e-02 
 3.147910e+01  3.013905e-02 
 3.147942e+01  3.013907e-02 
 3.147975e+01  3.013910e-02 
 3.148007e+01  3.013913e-02 
 3.148039e+01  3.013915e-02 
 3.148071e+01  3.013918e-02 
 3.148103e+01  3.013920e-02 
 3.148135e+01  3.013923e-02 
 3.148167e+01  3.013926e-02 
 3.148200e+01  3.013928e-02 
 3.148232e+01  3.013931e-02 
 3.148264e+01  3.013933e-02 
 3.148296e+01  3.013936e-02 
 3.148328e+01  3.013939e-02 
 3.148360e+01  3.013941e-02 
 3.148393e+01  3.013944e-02 
 3.148425e+01  3.013947e-02 
 3.148457e+01  3.013949e-02 
 3.148489e+01  3.013952e-02 
 3.148521e+01  3.013955e-02 
 3.148553e+01  3.013957e-02 
 3.148585e+01  3.013960e-02 
 3.148618e+01  3.013963e-02 
 3.148650e+01  3.013965e-02 
 3.148682e+01  3.013968e-02 
 3.148714e+01  3.013971e-02 
 3.148746e+01  3.013974e-02 
 3.148778e+01  3.013976e-02 
 3.148811e+01  3.013979e-02 
 3.148843e+01  3.013982e-02 
 3.148875e+01  3.013984e-02 
 3.148907e+01  3.013987e-02 
 3.148939e+01  3.013990e-02 
 3.148971e+01  3.013993e-02 
 3.149004e+01  3.013995e-02 
 3.149036e+01  3.013998e-02 
 3.149068e+01  3.014001e-02 
 3.149100e+01  3.014004e-02 
 3.149132e+01  3.014006e-02 
 3.149164e+01  3.014009e-02 
 3.149196e+01  3.014012e-02 
 3.149229e+01  3.014015e-02 
 3.149261e+01  3.014018e-02 
 3.149293e+01  3.014020e-02 
 3.149325e+01  3.014023e-02 
 3.149357e+01  3.014026e-02 
 3.149389e+01  3.014029e-02 
 3.149422e+01  3.014031e-02 
 3.149454e+01  3.014034e-02 
 3.149486e+01  3.014037e-02 
 3.149518e+01  3.014040e-02 
 3.149550e+01  3.014043e-02 
 3.149582e+01  3.014045e-02 
 3.149614e+01  3.014048e-02 
 3.149647e+01  3.014051e-02 
 3.149679e+01  3.014054e-02 
 3.149711e+01  3.014057e-02 
 3.149743e+01  3.014060e-02 
 3.149775e+01  3.014062e-02 
 3.149807e+01  3.014065e-02 
 3.149840e+01  3.014068e-02 
 3.149872e+01  3.014071e-02 
 3.149904e+01  3.014074e-02 
 3.149936e+01  3.014076e-02 
 3.149968e+01  3.014079e-02 
 3.150000e+01  3.014082e-02 
 3.150032e+01  3.014085e-02 
 3.150065e+01  3.014088e-02 
 3.150097e+01  3.014090e-02 
 3.150129e+01  3.014093e-02 
 3.150161e+01  3.014096e-02 
 3.150193e+01  3.014099e-02 
 3.150225e+01  3.014102e-02 
 3.150258e+01  3.014105e-02 
 3.150290e+01  3.014107e-02 
 3.150322e+01  3.014110e-02 
 3.150354e+01  3.014113e-02 
 3.150386e+01  3.014116e-02 
 3.150418e+01  3.014119e-02 
 3.150451e+01  3.014121e-02 
 3.150483e+01  3.014124e-02 
 3.150515e+01  3.014127e-02 
 3.150547e+01  3.014130e-02 
 3.150579e+01  3.014132e-02 
 3.150611e+01  3.014135e-02 
 3.150643e+01  3.014138e-02 
 3.150676e+01  3.014141e-02 
 3.150708e+01  3.014144e-02 
 3.150740e+01  3.014146e-02 
 3.150772e+01  3.014149e-02 
 3.150804e+01  3.014152e-02 
 3.150836e+01  3.014155e-02 
 3.150869e+01  3.014157e-02 
 3.150901e+01  3.014160e-02 
 3.150933e+01  3.014163e-02 
 3.150965e+01  3.014166e-02 
 3.150997e+01  3.014168e-02 
 3.151029e+01  3.014171e-02 
 3.151061e+01  3.014174e-02 
 3.151094e+01  3.014177e-02 
 3.151126e+01  3.014179e-02 
 3.151158e+01  3.014182e-02 
 3.151190e+01  3.014185e-02 
 3.151222e+01  3.014188e-02 
 3.151254e+01  3.014190e-02 
 3.151287e+01  3.014193e-02 
 3.151319e+01  3.014196e-02 
 3.151351e+01  3.014199e-02 
 3.151383e+01  3.014201e-02 
 3.151415e+01  3.014204e-02 
 3.151447e+01  3.014207e-02 
 3.151479e+01  3.014210e-02 
 3.151512e+01  3.014212e-02 
 3.151544e+01  3.014215e-02 
 3.151576e+01  3.014218e-02 
 3.151608e+01  3.014221e-02 
 3.151640e+01  3.014223e-02 
 3.151672e+01  3.014226e-02 
 3.151705e+01  3.014229e-02 
 3.151737e+01  3.014232e-02 
 3.151769e+01  3.014234e-02 
 3.151801e+01  3.014237e-02 
 3.151833e+01  3.014240e-02 
 3.151865e+01  3.014243e-02 
 3.151898e+01  3.014245e-02 
 3.151930e+01  3.014248e-02 
 3.151962e+01  3.014251e-02 
 3.151994e+01  3.014254e-02 
 3.152026e+01  3.014256e-02 
 3.152058e+01  3.014259e-02 
 3.152090e+01  3.014262e-02 
 3.152123e+01  3.014265e-02 
 3.152155e+01  3.014267e-02 
 3.152187e+01  3.014270e-02 
 3.152219e+01  3.014273e-02 
 3.152251e+01  3.014276e-02 
 3.152283e+01  3.014279e-02 
 3.152316e+01  3.014281e-02 
 3.152348e+01  3.014284e-02 
 3.152380e+01  3.014287e-02 
 3.152412e+01  3.014290e-02 
 3.152444e+01  3.014292e-02 
 3.152476e+01  3.014295e-02 
 3.152508e+01  3.014298e-02 
 3.152541e+01  3.014301e-02 
 3.152573e+01  3.014303e-02 
 3.152605e+01  3.014306e-02 
 3.152637e+01  3.014309e-02 
 3.152669e+01  3.014312e-02 
 3.152701e+01  3.014315e-02 
 3.152734e+01  3.014317e-02 
 3.152766e+01  3.014320e-02 
 3.152798e+01  3.014323e-02 
 3.152830e+01  3.014326e-02 
 3.152862e+01  3.014329e-02 
 3.152894e+01  3.014331e-02 
 3.152926e+01  3.014334e-02 
 3.152959e+01  3.014337e-02 
 3.152991e+01  3.014340e-02 
 3.153023e+01  3.014342e-02 
 3.153055e+01  3.014345e-02 
 3.153087e+01  3.014348e-02 
 3.153119e+01  3.014351e-02 
 3.153152e+01  3.014354e-02 
 3.153184e+01  3.014356e-02 
 3.153216e+01  3.014359e-02 
 3.153248e+01  3.014362e-02 
 3.153280e+01  3.014365e-02 
 3.153312e+01  3.014368e-02 
 3.153345e+01  3.014370e-02 
 3.153377e+01  3.014373e-02 
 3.153409e+01  3.014376e-02 
 3.153441e+01  3.014379e-02 
 3.153473e+01  3.014382e-02 
 3.153505e+01  3.014385e-02 
 3.153537e+01  3.014387e-02 
 3.153570e+01  3.014390e-02 
 3.153602e+01  3.014393e-02 
 3.153634e+01  3.014396e-02 
 3.153666e+01  3.014399e-02 
 3.153698e+01  3.014401e-02 
 3.153730e+01  3.014404e-02 
 3.153763e+01  3.014407e-02 
 3.153795e+01  3.014410e-02 
 3.153827e+01  3.014413e-02 
 3.153859e+01  3.014416e-02 
 3.153891e+01  3.014419e-02 
 3.153923e+01  3.014421e-02 
 3.153955e+01  3.014424e-02 
 3.153988e+01  3.014427e-02 
 3.154020e+01  3.014430e-02 
 3.154052e+01  3.014433e-02 
 3.154084e+01  3.014436e-02 
 3.154116e+01  3.014439e-02 
 3.154148e+01  3.014442e-02 
 3.154181e+01  3.014444e-02 
 3.154213e+01  3.014447e-02 
 3.154245e+01  3.014450e-02 
 3.154277e+01  3.014453e-02 
 3.154309e+01  3.014456e-02 
 3.154341e+01  3.014459e-02 
 3.154373e+01  3.014462e-02 
 3.154406e+01  3.014465e-02 
 3.154438e+01  3.014468e-02 
 3.154470e+01  3.014471e-02 
 3.154502e+01  3.014474e-02 
 3.154534e+01  3.014477e-02 
 3.154566e+01  3.014479e-02 
 3.154599e+01  3.014482e-02 
 3.154631e+01  3.014485e-02 
 3.154663e+01  3.014488e-02 
 3.154695e+01  3.014491e-02 
 3.154727e+01  3.014494e-02 
 3.154759e+01  3.014497e-02 
 3.154792e+01  3.014500e-02 
 3.154824e+01  3.014503e-02 
 3.154856e+01  3.014506e-02 
 3.154888e+01  3.014509e-02 
 3.154920e+01  3.014512e-02 
 3.154952e+01  3.014515e-02 
 3.154984e+01  3.014518e-02 
 3.155017e+01  3.014521e-02 
 3.155049e+01  3.014524e-02 
 3.155081e+01  3.014527e-02 
 3.155113e+01  3.014530e-02 
 3.155145e+01  3.014533e-02 
 3.155177e+01  3.014536e-02 
 3.155210e+01  3.014540e-02 
 3.155242e+01  3.014543e-02 
 3.155274e+01  3.014546e-02 
 3.155306e+01  3.014549e-02 
 3.155338e+01  3.014552e-02 
 3.155370e+01  3.014555e-02 
 3.155402e+01  3.014558e-02 
 3.155435e+01  3.014561e-02 
 3.155467e+01  3.014564e-02 
 3.155499e+01  3.014567e-02 
 3.155531e+01  3.014570e-02 
 3.155563e+01  3.014573e-02 
 3.155595e+01  3.014576e-02 
 3.155628e+01  3.014579e-02 
 3.155660e+01  3.014583e-02 
 3.155692e+01  3.014586e-02 
 3.155724e+01  3.014589e-02 
 3.155756e+01  3.014592e-02 
 3.155788e+01  3.014595e-02 
 3.155820e+01  3.014598e-02 
 3.155853e+01  3.014601e-02 
 3.155885e+01  3.014604e-02 
 3.155917e+01  3.014607e-02 
 3.155949e+01  3.014611e-02 
 3.155981e+01  3.014614e-02 
 3.156013e+01  3.014617e-02 
 3.156046e+01  3.014620e-02 
 3.156078e+01  3.014623e-02 
 3.156110e+01  3.014626e-02 
 3.156142e+01  3.014629e-02 
 3.156174e+01  3.014632e-02 
 3.156206e+01  3.014636e-02 
 3.156239e+01  3.014639e-02 
 3.156271e+01  3.014642e-02 
 3.156303e+01  3.014645e-02 
 3.156335e+01  3.014648e-02 
 3.156367e+01  3.014651e-02 
 3.156399e+01  3.014654e-02 
 3.156431e+01  3.014658e-02 
 3.156464e+01  3.014661e-02 
 3.156496e+01  3.014664e-02 
 3.156528e+01  3.014667e-02 
 3.156560e+01  3.014670e-02 
 3.156592e+01  3.014673e-02 
 3.156624e+01  3.014676e-02 
 3.156657e+01  3.014680e-02 
 3.156689e+01  3.014683e-02 
 3.156721e+01  3.014686e-02 
 3.156753e+01  3.014689e-02 
 3.156785e+01  3.014692e-02 
 3.156817e+01  3.014695e-02 
 3.156849e+01  3.014698e-02 
 3.156882e+01  3.014702e-02 
 3.156914e+01  3.014705e-02 
 3.156946e+01  3.014708e-02 
 3.156978e+01  3.014711e-02 
 3.157010e+01  3.014714e-02 
 3.157042e+01  3.014718e-02 
 3.157075e+01  3.014721e-02 
 3.157107e+01  3.014724e-02 
 3.157139e+01  3.014727e-02 
 3.157171e+01  3.014730e-02 
 3.157203e+01  3.014733e-02 
 3.157235e+01  3.014737e-02 
 3.157267e+01  3.014740e-02 
 3.157300e+01  3.014743e-02 
 3.157332e+01  3.014746e-02 
 3.157364e+01  3.014749e-02 
 3.157396e+01  3.014753e-02 
 3.157428e+01  3.014756e-02 
 3.157460e+01  3.014759e-02 
 3.157493e+01  3.014762e-02 
 3.157525e+01  3.014765e-02 
 3.157557e+01  3.014769e-02 
 3.157589e+01  3.014772e-02 
 3.157621e+01  3.014775e-02 
 3.157653e+01  3.014778e-02 
 3.157686e+01  3.014781e-02 
 3.157718e+01  3.014785e-02 
 3.157750e+01  3.014788e-02 
 3.157782e+01  3.014791e-02 
 3.157814e+01  3.014794e-02 
 3.157846e+01  3.014798e-02 
 3.157878e+01  3.014801e-02 
 3.157911e+01  3.014804e-02 
 3.157943e+01  3.014807e-02 
 3.157975e+01  3.014811e-02 
 3.158007e+01  3.014814e-02 
 3.158039e+01  3.014817e-02 
 3.158071e+01  3.014820e-02 
 3.158104e+01  3.014824e-02 
 3.158136e+01  3.014827e-02 
 3.158168e+01  3.014830e-02 
 3.158200e+01  3.014833e-02 
 3.158232e+01  3.014837e-02 
 3.158264e+01  3.014840e-02 
 3.158296e+01  3.014843e-02 
 3.158329e+01  3.014847e-02 
 3.158361e+01  3.014850e-02 
 3.158393e+01  3.014853e-02 
 3.158425e+01  3.014856e-02 
 3.158457e+01  3.014860e-02 
 3.158489e+01  3.014863e-02 
 3.158522e+01  3.014866e-02 
 3.158554e+01  3.014870e-02 
 3.158586e+01  3.014873e-02 
 3.158618e+01  3.014876e-02 
 3.158650e+01  3.014880e-02 
 3.158682e+01  3.014883e-02 
 3.158714e+01  3.014886e-02 
 3.158747e+01  3.014890e-02 
 3.158779e+01  3.014893e-02 
 3.158811e+01  3.014896e-02 
 3.158843e+01  3.014900e-02 
 3.158875e+01  3.014903e-02 
 3.158907e+01  3.014906e-02 
 3.158940e+01  3.014910e-02 
 3.158972e+01  3.014913e-02 
 3.159004e+01  3.014916e-02 
 3.159036e+01  3.014920e-02 
 3.159068e+01  3.014923e-02 
 3.159100e+01  3.014926e-02 
 3.159133e+01  3.014930e-02 
 3.159165e+01  3.014933e-02 
 3.159197e+01  3.014936e-02 
 3.159229e+01  3.014940e-02 
 3.159261e+01  3.014943e-02 
 3.159293e+01  3.014946e-02 
 3.159325e+01  3.014950e-02 
 3.159358e+01  3.014953e-02 
 3.159390e+01  3.014957e-02 
 3.159422e+01  3.014960e-02 
 3.159454e+01  3.014963e-02 
 3.159486e+01  3.014967e-02 
 3.159518e+01  3.014970e-02 
 3.159551e+01  3.014973e-02 
 3.159583e+01  3.014977e-02 
 3.159615e+01  3.014980e-02 
 3.159647e+01  3.014984e-02 
 3.159679e+01  3.014987e-02 
 3.159711e+01  3.014991e-02 
 3.159743e+01  3.014994e-02 
 3.159776e+01  3.014997e-02 
 3.159808e+01  3.015001e-02 
 3.159840e+01  3.015004e-02 
 3.159872e+01  3.015008e-02 
 3.159904e+01  3.015011e-02 
 3.159936e+01  3.015015e-02 
 3.159969e+01  3.015018e-02 
 3.160001e+01  3.015022e-02 
 3.160033e+01  3.015025e-02 
 3.160065e+01  3.015029e-02 
 3.160097e+01  3.015032e-02 
 3.160129e+01  3.015036e-02 
 3.160161e+01  3.015039e-02 
 3.160194e+01  3.015043e-02 
 3.160226e+01  3.015046e-02 
 3.160258e+01  3.015050e-02 
 3.160290e+01  3.015053e-02 
 3.160322e+01  3.015057e-02 
 3.160354e+01  3.015060e-02 
 3.160387e+01  3.015064e-02 
 3.160419e+01  3.015067e-02 
 3.160451e+01  3.015071e-02 
 3.160483e+01  3.015075e-02 
 3.160515e+01  3.015078e-02 
 3.160547e+01  3.015082e-02 
 3.160580e+01  3.015085e-02 
 3.160612e+01  3.015089e-02 
 3.160644e+01  3.015093e-02 
 3.160676e+01  3.015096e-02 
 3.160708e+01  3.015100e-02 
 3.160740e+01  3.015103e-02 
 3.160772e+01  3.015107e-02 
 3.160805e+01  3.015111e-02 
 3.160837e+01  3.015114e-02 
 3.160869e+01  3.015118e-02 
 3.160901e+01  3.015122e-02 
 3.160933e+01  3.015125e-02 
 3.160965e+01  3.015129e-02 
 3.160998e+01  3.015133e-02 
 3.161030e+01  3.015137e-02 
 3.161062e+01  3.015140e-02 
 3.161094e+01  3.015144e-02 
 3.161126e+01  3.015148e-02 
 3.161158e+01  3.015152e-02 
 3.161190e+01  3.015155e-02 
 3.161223e+01  3.015159e-02 
 3.161255e+01  3.015163e-02 
 3.161287e+01  3.015167e-02 
 3.161319e+01  3.015170e-02 
 3.161351e+01  3.015174e-02 
 3.161383e+01  3.015178e-02 
 3.161416e+01  3.015182e-02 
 3.161448e+01  3.015186e-02 
 3.161480e+01  3.015190e-02 
 3.161512e+01  3.015193e-02 
 3.161544e+01  3.015197e-02 
 3.161576e+01  3.015201e-02 
 3.161608e+01  3.015205e-02 
 3.161641e+01  3.015209e-02 
 3.161673e+01  3.015213e-02 
 3.161705e+01  3.015217e-02 
 3.161737e+01  3.015221e-02 
 3.161769e+01  3.015224e-02 
 3.161801e+01  3.015228e-02 
 3.161834e+01  3.015232e-02 
 3.161866e+01  3.015236e-02 
 3.161898e+01  3.015240e-02 
 3.161930e+01  3.015244e-02 
 3.161962e+01  3.015248e-02 
 3.161994e+01  3.015252e-02 
 3.162027e+01  3.015256e-02 
 3.162059e+01  3.015260e-02 
 3.162091e+01  3.015264e-02 
 3.162123e+01  3.015268e-02 
 3.162155e+01  3.015272e-02 
 3.162187e+01  3.015276e-02 
 3.162219e+01  3.015280e-02 
 3.162252e+01  3.015284e-02 
 3.162284e+01  3.015288e-02 
 3.162316e+01  3.015292e-02 
 3.162348e+01  3.015296e-02 
 3.162380e+01  3.015300e-02 
 3.162412e+01  3.015304e-02 
 3.162445e+01  3.015308e-02 
 3.162477e+01  3.015312e-02 
 3.162509e+01  3.015316e-02 
 3.162541e+01  3.015320e-02 
 3.162573e+01  3.015324e-02 
 3.162605e+01  3.015328e-02 
 3.162637e+01  3.015333e-02 
 3.162670e+01  3.015337e-02 
 3.162702e+01  3.015341e-02 
 3.162734e+01  3.015345e-02 
 3.162766e+01  3.015349e-02 
 3.162798e+01  3.015353e-02 
 3.162830e+01  3.015357e-02 
 3.162863e+01  3.015361e-02 
 3.162895e+01  3.015365e-02 
 3.162927e+01  3.015369e-02 
 3.162959e+01  3.015374e-02 
 3.162991e+01  3.015378e-02 
 3.163023e+01  3.015382e-02 
 3.163055e+01  3.015386e-02 
 3.163088e+01  3.015390e-02 
 3.163120e+01  3.015394e-02 
 3.163152e+01  3.015398e-02 
 3.163184e+01  3.015402e-02 
 3.163216e+01  3.015407e-02 
 3.163248e+01  3.015411e-02 
 3.163281e+01  3.015415e-02 
 3.163313e+01  3.015419e-02 
 3.163345e+01  3.015423e-02 
 3.163377e+01  3.015427e-02 
 3.163409e+01  3.015432e-02 
 3.163441e+01  3.015436e-02 
 3.163474e+01  3.015440e-02 
 3.163506e+01  3.015444e-02 
 3.163538e+01  3.015448e-02 
 3.163570e+01  3.015452e-02 
 3.163602e+01  3.015457e-02 
 3.163634e+01  3.015461e-02 
 3.163666e+01  3.015465e-02 
 3.163699e+01  3.015469e-02 
 3.163731e+01  3.015473e-02 
 3.163763e+01  3.015478e-02 
 3.163795e+01  3.015482e-02 
 3.163827e+01  3.015486e-02 
 3.163859e+01  3.015490e-02 
 3.163892e+01  3.015495e-02 
 3.163924e+01  3.015499e-02 
 3.163956e+01  3.015503e-02 
 3.163988e+01  3.015507e-02 
 3.164020e+01  3.015511e-02 
 3.164052e+01  3.015516e-02 
 3.164084e+01  3.015520e-02 
 3.164117e+01  3.015524e-02 
 3.164149e+01  3.015528e-02 
 3.164181e+01  3.015533e-02 
 3.164213e+01  3.015537e-02 
 3.164245e+01  3.015541e-02 
 3.164277e+01  3.015546e-02 
 3.164310e+01  3.015550e-02 
 3.164342e+01  3.015554e-02 
 3.164374e+01  3.015558e-02 
 3.164406e+01  3.015563e-02 
 3.164438e+01  3.015567e-02 
 3.164470e+01  3.015571e-02 
 3.164502e+01  3.015576e-02 
 3.164535e+01  3.015580e-02 
 3.164567e+01  3.015584e-02 
 3.164599e+01  3.015589e-02 
 3.164631e+01  3.015593e-02 
 3.164663e+01  3.015597e-02 
 3.164695e+01  3.015602e-02 
 3.164728e+01  3.015606e-02 
 3.164760e+01  3.015610e-02 
 3.164792e+01  3.015615e-02 
 3.164824e+01  3.015619e-02 
 3.164856e+01  3.015623e-02 
 3.164888e+01  3.015628e-02 
 3.164921e+01  3.015632e-02 
 3.164953e+01  3.015637e-02 
 3.164985e+01  3.015641e-02 
 3.165017e+01  3.015645e-02 
 3.165049e+01  3.015650e-02 
 3.165081e+01  3.015654e-02 
 3.165113e+01  3.015659e-02 
 3.165146e+01  3.015663e-02 
 3.165178e+01  3.015667e-02 
 3.165210e+01  3.015672e-02 
 3.165242e+01  3.015676e-02 
 3.165274e+01  3.015681e-02 
 3.165306e+01  3.015685e-02 
 3.165339e+01  3.015690e-02 
 3.165371e+01  3.015694e-02 
 3.165403e+01  3.015699e-02 
 3.165435e+01  3.015703e-02 
 3.165467e+01  3.015708e-02 
 3.165499e+01  3.015712e-02 
 3.165531e+01  3.015717e-02 
 3.165564e+01  3.015721e-02 
 3.165596e+01  3.015726e-02 
 3.165628e+01  3.015730e-02 
 3.165660e+01  3.015735e-02 
 3.165692e+01  3.015739e-02 
 3.165724e+01  3.015744e-02 
 3.165757e+01  3.015748e-02 
 3.165789e+01  3.015753e-02 
 3.165821e+01  3.015757e-02 
 3.165853e+01  3.015762e-02 
 3.165885e+01  3.015767e-02 
 3.165917e+01  3.015771e-02 
 3.165950e+01  3.015776e-02 
 3.165982e+01  3.015780e-02 
 3.166014e+01  3.015785e-02 
 3.166046e+01  3.015789e-02 
 3.166078e+01  3.015794e-02 
 3.166110e+01  3.015799e-02 
 3.166142e+01  3.015803e-02 
 3.166175e+01  3.015808e-02 
 3.166207e+01  3.015812e-02 
 3.166239e+01  3.015817e-02 
 3.166271e+01  3.015822e-02 
 3.166303e+01  3.015826e-02 
 3.166335e+01  3.015831e-02 
 3.166368e+01  3.015835e-02 
 3.166400e+01  3.015840e-02 
 3.166432e+01  3.015845e-02 
 3.166464e+01  3.015849e-02 
 3.166496e+01  3.015854e-02 
 3.166528e+01  3.015858e-02 
 3.166560e+01  3.015863e-02 
 3.166593e+01  3.015868e-02 
 3.166625e+01  3.015872e-02 
 3.166657e+01  3.015877e-02 
 3.166689e+01  3.015882e-02 
 3.166721e+01  3.015886e-02 
 3.166753e+01  3.015891e-02 
 3.166786e+01  3.015895e-02 
 3.166818e+01  3.015900e-02 
 3.166850e+01  3.015905e-02 
 3.166882e+01  3.015909e-02 
 3.166914e+01  3.015914e-02 
 3.166946e+01  3.015919e-02 
 3.166978e+01  3.015923e-02 
 3.167011e+01  3.015928e-02 
 3.167043e+01  3.015932e-02 
 3.167075e+01  3.015937e-02 
 3.167107e+01  3.015942e-02 
 3.167139e+01  3.015946e-02 
 3.167171e+01  3.015951e-02 
 3.167204e+01  3.015955e-02 
 3.167236e+01  3.015960e-02 
 3.167268e+01  3.015965e-02 
 3.167300e+01  3.015969e-02 
 3.167332e+01  3.015974e-02 
 3.167364e+01  3.015979e-02 
 3.167397e+01  3.015983e-02 
 3.167429e+01  3.015988e-02 
 3.167461e+01  3.015992e-02 
 3.167493e+01  3.015997e-02 
 3.167525e+01  3.016002e-02 
 3.167557e+01  3.016006e-02 
 3.167589e+01  3.016011e-02 
 3.167622e+01  3.016015e-02 
 3.167654e+01  3.016020e-02 
 3.167686e+01  3.016025e-02 
 3.167718e+01  3.016029e-02 
 3.167750e+01  3.016034e-02 
 3.167782e+01  3.016038e-02 
 3.167815e+01  3.016043e-02 
 3.167847e+01  3.016048e-02 
 3.167879e+01  3.016052e-02 
 3.167911e+01  3.016057e-02 
 3.167943e+01  3.016062e-02 
 3.167975e+01  3.016066e-02 
 3.168007e+01  3.016071e-02 
 3.168040e+01  3.016075e-02 
 3.168072e+01  3.016080e-02 
 3.168104e+01  3.016085e-02 
 3.168136e+01  3.016089e-02 
 3.168168e+01  3.016094e-02 
 3.168200e+01  3.016099e-02 
 3.168233e+01  3.016103e-02 
 3.168265e+01  3.016108e-02 
 3.168297e+01  3.016113e-02 
 3.168329e+01  3.016117e-02 
 3.168361e+01  3.016122e-02 
 3.168393e+01  3.016126e-02 
 3.168425e+01  3.016131e-02 
 3.168458e+01  3.016136e-02 
 3.168490e+01  3.016141e-02 
 3.168522e+01  3.016145e-02 
 3.168554e+01  3.016150e-02 
 3.168586e+01  3.016155e-02 
 3.168618e+01  3.016159e-02 
 3.168651e+01  3.016164e-02 
 3.168683e+01  3.016169e-02 
 3.168715e+01  3.016173e-02 
 3.168747e+01  3.016178e-02 
 3.168779e+01  3.016183e-02 
 3.168811e+01  3.016188e-02 
 3.168844e+01  3.016192e-02 
 3.168876e+01  3.016197e-02 
 3.168908e+01  3.016202e-02 
 3.168940e+01  3.016207e-02 
 3.168972e+01  3.016211e-02 
 3.169004e+01  3.016216e-02 
 3.169036e+01  3.016221e-02 
 3.169069e+01  3.016226e-02 
 3.169101e+01  3.016230e-02 
 3.169133e+01  3.016235e-02 
 3.169165e+01  3.016240e-02 
 3.169197e+01  3.016245e-02 
 3.169229e+01  3.016250e-02 
 3.169262e+01  3.016254e-02 
 3.169294e+01  3.016259e-02 
 3.169326e+01  3.016264e-02 
 3.169358e+01  3.016269e-02 
 3.169390e+01  3.016274e-02 
 3.169422e+01  3.016279e-02 
 3.169454e+01  3.016283e-02 
 3.169487e+01  3.016288e-02 
 3.169519e+01  3.016293e-02 
 3.169551e+01  3.016298e-02 
 3.169583e+01  3.016303e-02 
 3.169615e+01  3.016308e-02 
 3.169647e+01  3.016313e-02 
 3.169680e+01  3.016318e-02 
 3.169712e+01  3.016322e-02 
 3.169744e+01  3.016327e-02 
 3.169776e+01  3.016332e-02 
 3.169808e+01  3.016337e-02 
 3.169840e+01  3.016342e-02 
 3.169872e+01  3.016347e-02 
 3.169905e+01  3.016352e-02 
 3.169937e+01  3.016357e-02 
 3.169969e+01  3.016362e-02 
 3.170001e+01  3.016367e-02 
 3.170033e+01  3.016372e-02 
 3.170065e+01  3.016376e-02 
 3.170098e+01  3.016381e-02 
 3.170130e+01  3.016386e-02 
 3.170162e+01  3.016391e-02 
 3.170194e+01  3.016396e-02 
 3.170226e+01  3.016401e-02 
 3.170258e+01  3.016406e-02 
 3.170291e+01  3.016411e-02 
 3.170323e+01  3.016416e-02 
 3.170355e+01  3.016421e-02 
 3.170387e+01  3.016426e-02 
 3.170419e+01  3.016431e-02 
 3.170451e+01  3.016436e-02 
 3.170483e+01  3.016440e-02 
 3.170516e+01  3.016445e-02 
 3.170548e+01  3.016450e-02 
 3.170580e+01  3.016455e-02 
 3.170612e+01  3.016460e-02 
 3.170644e+01  3.016465e-02 
 3.170676e+01  3.016470e-02 
 3.170709e+01  3.016475e-02 
 3.170741e+01  3.016480e-02 
 3.170773e+01  3.016485e-02 
 3.170805e+01  3.016490e-02 
 3.170837e+01  3.016494e-02 
 3.170869e+01  3.016499e-02 
 3.170901e+01  3.016504e-02 
 3.170934e+01  3.016509e-02 
 3.170966e+01  3.016514e-02 
 3.170998e+01  3.016519e-02 
 3.171030e+01  3.016524e-02 
 3.171062e+01  3.016529e-02 
 3.171094e+01  3.016533e-02 
 3.171127e+01  3.016538e-02 
 3.171159e+01  3.016543e-02 
 3.171191e+01  3.016548e-02 
 3.171223e+01  3.016553e-02 
 3.171255e+01  3.016558e-02 
 3.171287e+01  3.016562e-02 
 3.171319e+01  3.016567e-02 
 3.171352e+01  3.016572e-02 
 3.171384e+01  3.016577e-02 
 3.171416e+01  3.016582e-02 
 3.171448e+01  3.016586e-02 
 3.171480e+01  3.016591e-02 
 3.171512e+01  3.016596e-02 
 3.171545e+01  3.016601e-02 
 3.171577e+01  3.016606e-02 
 3.171609e+01  3.016610e-02 
 3.171641e+01  3.016615e-02 
 3.171673e+01  3.016620e-02 
 3.171705e+01  3.016624e-02 
 3.171738e+01  3.016629e-02 
 3.171770e+01  3.016634e-02 
 3.171802e+01  3.016639e-02 
 3.171834e+01  3.016643e-02 
 3.171866e+01  3.016648e-02 
 3.171898e+01  3.016653e-02 
 3.171930e+01  3.016657e-02 
 3.171963e+01  3.016662e-02 
 3.171995e+01  3.016667e-02 
 3.172027e+01  3.016672e-02 
 3.172059e+01  3.016676e-02 
 3.172091e+01  3.016681e-02 
 3.172123e+01  3.016686e-02 
 3.172156e+01  3.016690e-02 
 3.172188e+01  3.016695e-02 
 3.172220e+01  3.016699e-02 
 3.172252e+01  3.016704e-02 
 3.172284e+01  3.016709e-02 
 3.172316e+01  3.016713e-02 
 3.172348e+01  3.016718e-02 
 3.172381e+01  3.016723e-02 
 3.172413e+01  3.016727e-02 
 3.172445e+01  3.016732e-02 
 3.172477e+01  3.016736e-02 
 3.172509e+01  3.016741e-02 
 3.172541e+01  3.016746e-02 
 3.172574e+01  3.016750e-02 
 3.172606e+01  3.016755e-02 
 3.172638e+01  3.016759e-02 
 3.172670e+01  3.016764e-02 
 3.172702e+01  3.016769e-02 
 3.172734e+01  3.016773e-02 
 3.172766e+01  3.016778e-02 
 3.172799e+01  3.016782e-02 
 3.172831e+01  3.016787e-02 
 3.172863e+01  3.016792e-02 
 3.172895e+01  3.016796e-02 
 3.172927e+01  3.016801e-02 
 3.172959e+01  3.016805e-02 
 3.172992e+01  3.016810e-02 
 3.173024e+01  3.016814e-02 
 3.173056e+01  3.016819e-02 
 3.173088e+01  3.016823e-02 
 3.173120e+01  3.016828e-02 
 3.173152e+01  3.016833e-02 
 3.173185e+01  3.016837e-02 
 3.173217e+01  3.016842e-02 
 3.173249e+01  3.016846e-02 
 3.173281e+01  3.016851e-02 
 3.173313e+01  3.016855e-02 
 3.173345e+01  3.016860e-02 
 3.173377e+01  3.016864e-02 
 3.173410e+01  3.016869e-02 
 3.173442e+01  3.016873e-02 
 3.173474e+01  3.016878e-02 
 3.173506e+01  3.016883e-02 
 3.173538e+01  3.016887e-02 
 3.173570e+01  3.016892e-02 
 3.173603e+01  3.016896e-02 
 3.173635e+01  3.016901e-02 
 3.173667e+01  3.016905e-02 
 3.173699e+01  3.016910e-02 
 3.173731e+01  3.016914e-02 
 3.173763e+01  3.016919e-02 
 3.173795e+01  3.016923e-02 
 3.173828e+01  3.016928e-02 
 3.173860e+01  3.016932e-02 
 3.173892e+01  3.016937e-02 
 3.173924e+01  3.016941e-02 
 3.173956e+01  3.016946e-02 
 3.173988e+01  3.016950e-02 
 3.174021e+01  3.016955e-02 
 3.174053e+01  3.016959e-02 
 3.174085e+01  3.016964e-02 
 3.174117e+01  3.016968e-02 
 3.174149e+01  3.016973e-02 
 3.174181e+01  3.016977e-02 
 3.174213e+01  3.016982e-02 
 3.174246e+01  3.016986e-02 
 3.174278e+01  3.016991e-02 
 3.174310e+01  3.016995e-02 
 3.174342e+01  3.017000e-02 
 3.174374e+01  3.017004e-02 
 3.174406e+01  3.017009e-02 
 3.174439e+01  3.017013e-02 
 3.174471e+01  3.017018e-02 
 3.174503e+01  3.017022e-02 
 3.174535e+01  3.017027e-02 
 3.174567e+01  3.017031e-02 
 3.174599e+01  3.017036e-02 
 3.174632e+01  3.017040e-02 
 3.174664e+01  3.017045e-02 
 3.174696e+01  3.017049e-02 
 3.174728e+01  3.017054e-02 
 3.174760e+01  3.017058e-02 
 3.174792e+01  3.017063e-02 
 3.174824e+01  3.017067e-02 
 3.174857e+01  3.017072e-02 
 3.174889e+01  3.017076e-02 
 3.174921e+01  3.017081e-02 
 3.174953e+01  3.017085e-02 
 3.174985e+01  3.017090e-02 
 3.175017e+01  3.017094e-02 
 3.175050e+01  3.017099e-02 
 3.175082e+01  3.017103e-02 
 3.175114e+01  3.017108e-02 
 3.175146e+01  3.017112e-02 
 3.175178e+01  3.017117e-02 
 3.175210e+01  3.017121e-02 
 3.175242e+01  3.017126e-02 
 3.175275e+01  3.017130e-02 
 3.175307e+01  3.017135e-02 
 3.175339e+01  3.017139e-02 
 3.175371e+01  3.017144e-02 
 3.175403e+01  3.017148e-02 
 3.175435e+01  3.017153e-02 
 3.175468e+01  3.017157e-02 
 3.175500e+01  3.017162e-02 
 3.175532e+01  3.017166e-02 
 3.175564e+01  3.017171e-02 
 3.175596e+01  3.017175e-02 
 3.175628e+01  3.017180e-02 
 3.175660e+01  3.017184e-02 
 3.175693e+01  3.017189e-02 
 3.175725e+01  3.017193e-02 
 3.175757e+01  3.017197e-02 
 3.175789e+01  3.017202e-02 
 3.175821e+01  3.017206e-02 
 3.175853e+01  3.017211e-02 
 3.175886e+01  3.017215e-02 
 3.175918e+01  3.017220e-02 
 3.175950e+01  3.017224e-02 
 3.175982e+01  3.017229e-02 
 3.176014e+01  3.017233e-02 
 3.176046e+01  3.017238e-02 
 3.176079e+01  3.017242e-02 
 3.176111e+01  3.017247e-02 
 3.176143e+01  3.017251e-02 
 3.176175e+01  3.017256e-02 
 3.176207e+01  3.017260e-02 
 3.176239e+01  3.017265e-02 
 3.176271e+01  3.017269e-02 
 3.176304e+01  3.017274e-02 
 3.176336e+01  3.017278e-02 
 3.176368e+01  3.017282e-02 
 3.176400e+01  3.017287e-02 
 3.176432e+01  3.017291e-02 
 3.176464e+01  3.017296e-02 
 3.176497e+01  3.017300e-02 
 3.176529e+01  3.017305e-02 
 3.176561e+01  3.017309e-02 
 3.176593e+01  3.017314e-02 
 3.176625e+01  3.017318e-02 
 3.176657e+01  3.017323e-02 
 3.176689e+01  3.017327e-02 
 3.176722e+01  3.017332e-02 
 3.176754e+01  3.017337e-02 
 3.176786e+01  3.017341e-02 
 3.176818e+01  3.017346e-02 
 3.176850e+01  3.017350e-02 
 3.176882e+01  3.017355e-02 
 3.176915e+01  3.017359e-02 
 3.176947e+01  3.017364e-02 
 3.176979e+01  3.017368e-02 
 3.177011e+01  3.017373e-02 
 3.177043e+01  3.017378e-02 
 3.177075e+01  3.017382e-02 
 3.177107e+01  3.017387e-02 
 3.177140e+01  3.017391e-02 
 3.177172e+01  3.017396e-02 
 3.177204e+01  3.017401e-02 
 3.177236e+01  3.017405e-02 
 3.177268e+01  3.017410e-02 
 3.177300e+01  3.017415e-02 
 3.177333e+01  3.017419e-02 
 3.177365e+01  3.017424e-02 
 3.177397e+01  3.017429e-02 
 3.177429e+01  3.017433e-02 
 3.177461e+01  3.017438e-02 
 3.177493e+01  3.017443e-02 
 3.177526e+01  3.017447e-02 
 3.177558e+01  3.017452e-02 
 3.177590e+01  3.017457e-02 
 3.177622e+01  3.017462e-02 
 3.177654e+01  3.017466e-02 
 3.177686e+01  3.017471e-02 
 3.177718e+01  3.017476e-02 
 3.177751e+01  3.017481e-02 
 3.177783e+01  3.017486e-02 
 3.177815e+01  3.017490e-02 
 3.177847e+01  3.017495e-02 
 3.177879e+01  3.017500e-02 
 3.177911e+01  3.017505e-02 
 3.177944e+01  3.017510e-02 
 3.177976e+01  3.017515e-02 
 3.178008e+01  3.017520e-02 
 3.178040e+01  3.017525e-02 
 3.178072e+01  3.017530e-02 
 3.178104e+01  3.017534e-02 
 3.178136e+01  3.017539e-02 
 3.178169e+01  3.017544e-02 
 3.178201e+01  3.017549e-02 
 3.178233e+01  3.017554e-02 
 3.178265e+01  3.017559e-02 
 3.178297e+01  3.017564e-02 
 3.178329e+01  3.017569e-02 
 3.178362e+01  3.017574e-02 
 3.178394e+01  3.017579e-02 
 3.178426e+01  3.017584e-02 
 3.178458e+01  3.017589e-02 
 3.178490e+01  3.017594e-02 
 3.178522e+01  3.017600e-02 
 3.178554e+01  3.017605e-02 
 3.178587e+01  3.017610e-02 
 3.178619e+01  3.017615e-02 
 3.178651e+01  3.017620e-02 
 3.178683e+01  3.017625e-02 
 3.178715e+01  3.017630e-02 
 3.178747e+01  3.017635e-02 
 3.178780e+01  3.017640e-02 
 3.178812e+01  3.017645e-02 
 3.178844e+01  3.017651e-02 
 3.178876e+01  3.017656e-02 
 3.178908e+01  3.017661e-02 
 3.178940e+01  3.017666e-02 
 3.178973e+01  3.017671e-02 
 3.179005e+01  3.017676e-02 
 3.179037e+01  3.017681e-02 
 3.179069e+01  3.017686e-02 
 3.179101e+01  3.017692e-02 
 3.179133e+01  3.017697e-02 
 3.179165e+01  3.017702e-02 
 3.179198e+01  3.017707e-02 
 3.179230e+01  3.017712e-02 
 3.179262e+01  3.017717e-02 
 3.179294e+01  3.017723e-02 
 3.179326e+01  3.017728e-02 
 3.179358e+01  3.017733e-02 
 3.179391e+01  3.017738e-02 
 3.179423e+01  3.017743e-02 
 3.179455e+01  3.017748e-02 
 3.179487e+01  3.017753e-02 
 3.179519e+01  3.017759e-02 
 3.179551e+01  3.017764e-02 
 3.179583e+01  3.017769e-02 
 3.179616e+01  3.017774e-02 
 3.179648e+01  3.017779e-02 
 3.179680e+01  3.017784e-02 
 3.179712e+01  3.017789e-02 
 3.179744e+01  3.017794e-02 
 3.179776e+01  3.017800e-02 
 3.179809e+01  3.017805e-02 
 3.179841e+01  3.017810e-02 
 3.179873e+01  3.017815e-02 
 3.179905e+01  3.017820e-02 
 3.179937e+01  3.017825e-02 
 3.179969e+01  3.017830e-02 
 3.180001e+01  3.017835e-02 
 3.180034e+01  3.017840e-02 
 3.180066e+01  3.017845e-02 
 3.180098e+01  3.017850e-02 
 3.180130e+01  3.017855e-02 
 3.180162e+01  3.017860e-02 
 3.180194e+01  3.017865e-02 
 3.180227e+01  3.017870e-02 
 3.180259e+01  3.017875e-02 
 3.180291e+01  3.017880e-02 
 3.180323e+01  3.017885e-02 
 3.180355e+01  3.017890e-02 
 3.180387e+01  3.017895e-02 
 3.180420e+01  3.017900e-02 
 3.180452e+01  3.017905e-02 
 3.180484e+01  3.017910e-02 
 3.180516e+01  3.017915e-02 
 3.180548e+01  3.017920e-02 
 3.180580e+01  3.017925e-02 
 3.180612e+01  3.017930e-02 
 3.180645e+01  3.017935e-02 
 3.180677e+01  3.017940e-02 
 3.180709e+01  3.017945e-02 
 3.180741e+01  3.017950e-02 
 3.180773e+01  3.017955e-02 
 3.180805e+01  3.017960e-02 
 3.180838e+01  3.017965e-02 
 3.180870e+01  3.017970e-02 
 3.180902e+01  3.017975e-02 
 3.180934e+01  3.017979e-02 
 3.180966e+01  3.017984e-02 
 3.180998e+01  3.017989e-02 
 3.181030e+01  3.017994e-02 
 3.181063e+01  3.017999e-02 
 3.181095e+01  3.018004e-02 
 3.181127e+01  3.018009e-02 
 3.181159e+01  3.018014e-02 
 3.181191e+01  3.018018e-02 
 3.181223e+01  3.018023e-02 
 3.181256e+01  3.018028e-02 
 3.181288e+01  3.018033e-02 
 3.181320e+01  3.018038e-02 
 3.181352e+01  3.018043e-02 
 3.181384e+01  3.018048e-02 
 3.181416e+01  3.018052e-02 
 3.181449e+01  3.018057e-02 
 3.181481e+01  3.018062e-02 
 3.181513e+01  3.018067e-02 
 3.181545e+01  3.018072e-02 
 3.181577e+01  3.018076e-02 
 3.181609e+01  3.018081e-02 
 3.181641e+01  3.018086e-02 
 3.181674e+01  3.018091e-02 
 3.181706e+01  3.018096e-02 
 3.181738e+01  3.018100e-02 
 3.181770e+01  3.018105e-02 
 3.181802e+01  3.018110e-02 
 3.181834e+01  3.018115e-02 
 3.181867e+01  3.018119e-02 
 3.181899e+01  3.018124e-02 
 3.181931e+01  3.018129e-02 
 3.181963e+01  3.018134e-02 
 3.181995e+01  3.018139e-02 
 3.182027e+01  3.018143e-02 
 3.182059e+01  3.018148e-02 
 3.182092e+01  3.018153e-02 
 3.182124e+01  3.018158e-02 
 3.182156e+01  3.018162e-02 
 3.182188e+01  3.018167e-02 
 3.182220e+01  3.018172e-02 
 3.182252e+01  3.018177e-02 
 3.182285e+01  3.018181e-02 
 3.182317e+01  3.018186e-02 
 3.182349e+01  3.018191e-02 
 3.182381e+01  3.018195e-02 
 3.182413e+01  3.018200e-02 
 3.182445e+01  3.018205e-02 
 3.182477e+01  3.018210e-02 
 3.182510e+01  3.018214e-02 
 3.182542e+01  3.018219e-02 
 3.182574e+01  3.018224e-02 
 3.182606e+01  3.018228e-02 
 3.182638e+01  3.018233e-02 
 3.182670e+01  3.018238e-02 
 3.182703e+01  3.018243e-02 
 3.182735e+01  3.018247e-02 
 3.182767e+01  3.018252e-02 
 3.182799e+01  3.018257e-02 
 3.182831e+01  3.018261e-02 
 3.182863e+01  3.018266e-02 
 3.182896e+01  3.018271e-02 
 3.182928e+01  3.018276e-02 
 3.182960e+01  3.018280e-02 
 3.182992e+01  3.018285e-02 
 3.183024e+01  3.018290e-02 
 3.183056e+01  3.018295e-02 
 3.183088e+01  3.018299e-02 
 3.183121e+01  3.018304e-02 
 3.183153e+01  3.018309e-02 
 3.183185e+01  3.018313e-02 
 3.183217e+01  3.018318e-02 
 3.183249e+01  3.018323e-02 
 3.183281e+01  3.018328e-02 
 3.183314e+01  3.018332e-02 
 3.183346e+01  3.018337e-02 
 3.183378e+01  3.018342e-02 
 3.183410e+01  3.018347e-02 
 3.183442e+01  3.018352e-02 
 3.183474e+01  3.018356e-02 
 3.183506e+01  3.018361e-02 
 3.183539e+01  3.018366e-02 
 3.183571e+01  3.018371e-02 
 3.183603e+01  3.018376e-02 
 3.183635e+01  3.018380e-02 
 3.183667e+01  3.018385e-02 
 3.183699e+01  3.018390e-02 
 3.183732e+01  3.018395e-02 
 3.183764e+01  3.018400e-02 
 3.183796e+01  3.018405e-02 
 3.183828e+01  3.018410e-02 
 3.183860e+01  3.018414e-02 
 3.183892e+01  3.018419e-02 
 3.183924e+01  3.018424e-02 
 3.183957e+01  3.018429e-02 
 3.183989e+01  3.018434e-02 
 3.184021e+01  3.018439e-02 
 3.184053e+01  3.018444e-02 
 3.184085e+01  3.018449e-02 
 3.184117e+01  3.018454e-02 
 3.184150e+01  3.018459e-02 
 3.184182e+01  3.018464e-02 
 3.184214e+01  3.018469e-02 
 3.184246e+01  3.018474e-02 
 3.184278e+01  3.018479e-02 
 3.184310e+01  3.018484e-02 
 3.184343e+01  3.018489e-02 
 3.184375e+01  3.018494e-02 
 3.184407e+01  3.018499e-02 
 3.184439e+01  3.018505e-02 
 3.184471e+01  3.018510e-02 
 3.184503e+01  3.018515e-02 
 3.184535e+01  3.018520e-02 
 3.184568e+01  3.018525e-02 
 3.184600e+01  3.018530e-02 
 3.184632e+01  3.018536e-02 
 3.184664e+01  3.018541e-02 
 3.184696e+01  3.018546e-02 
 3.184728e+01  3.018551e-02 
 3.184761e+01  3.018556e-02 
 3.184793e+01  3.018562e-02 
 3.184825e+01  3.018567e-02 
 3.184857e+01  3.018572e-02 
 3.184889e+01  3.018578e-02 
 3.184921e+01  3.018583e-02 
 3.184953e+01  3.018588e-02 
 3.184986e+01  3.018594e-02 
 3.185018e+01  3.018599e-02 
 3.185050e+01  3.018604e-02 
 3.185082e+01  3.018610e-02 
 3.185114e+01  3.018615e-02 
 3.185146e+01  3.018620e-02 
 3.185179e+01  3.018626e-02 
 3.185211e+01  3.018631e-02 
 3.185243e+01  3.018637e-02 
 3.185275e+01  3.018642e-02 
 3.185307e+01  3.018648e-02 
 3.185339e+01  3.018653e-02 
 3.185371e+01  3.018658e-02 
 3.185404e+01  3.018664e-02 
 3.185436e+01  3.018669e-02 
 3.185468e+01  3.018675e-02 
 3.185500e+01  3.018680e-02 
 3.185532e+01  3.018686e-02 
 3.185564e+01  3.018691e-02 
 3.185597e+01  3.018697e-02 
 3.185629e+01  3.018703e-02 
 3.185661e+01  3.018708e-02 
 3.185693e+01  3.018714e-02 
 3.185725e+01  3.018719e-02 
 3.185757e+01  3.018725e-02 
 3.185790e+01  3.018730e-02 
 3.185822e+01  3.018736e-02 
 3.185854e+01  3.018742e-02 
 3.185886e+01  3.018747e-02 
 3.185918e+01  3.018753e-02 
 3.185950e+01  3.018758e-02 
 3.185982e+01  3.018764e-02 
 3.186015e+01  3.018770e-02 
 3.186047e+01  3.018775e-02 
 3.186079e+01  3.018781e-02 
 3.186111e+01  3.018787e-02 
 3.186143e+01  3.018792e-02 
 3.186175e+01  3.018798e-02 
 3.186208e+01  3.018804e-02 
 3.186240e+01  3.018809e-02 
 3.186272e+01  3.018815e-02 
 3.186304e+01  3.018821e-02 
 3.186336e+01  3.018827e-02 
 3.186368e+01  3.018832e-02 
 3.186400e+01  3.018838e-02 
 3.186433e+01  3.018844e-02 
 3.186465e+01  3.018849e-02 
 3.186497e+01  3.018855e-02 
 3.186529e+01  3.018861e-02 
 3.186561e+01  3.018867e-02 
 3.186593e+01  3.018872e-02 
 3.186626e+01  3.018878e-02 
 3.186658e+01  3.018884e-02 
 3.186690e+01  3.018890e-02 
 3.186722e+01  3.018895e-02 
 3.186754e+01  3.018901e-02 
 3.186786e+01  3.018907e-02 
 3.186818e+01  3.018913e-02 
 3.186851e+01  3.018919e-02 
 3.186883e+01  3.018924e-02 
 3.186915e+01  3.018930e-02 
 3.186947e+01  3.018936e-02 
 3.186979e+01  3.018942e-02 
 3.187011e+01  3.018948e-02 
 3.187044e+01  3.018953e-02 
 3.187076e+01  3.018959e-02 
 3.187108e+01  3.018965e-02 
 3.187140e+01  3.018971e-02 
 3.187172e+01  3.018977e-02 
 3.187204e+01  3.018983e-02 
 3.187237e+01  3.018988e-02 
 3.187269e+01  3.018994e-02 
 3.187301e+01  3.019000e-02 
 3.187333e+01  3.019006e-02 
 3.187365e+01  3.019012e-02 
 3.187397e+01  3.019018e-02 
 3.187429e+01  3.019024e-02 
 3.187462e+01  3.019029e-02 
 3.187494e+01  3.019035e-02 
 3.187526e+01  3.019041e-02 
 3.187558e+01  3.019047e-02 
 3.187590e+01  3.019053e-02 
 3.187622e+01  3.019059e-02 
 3.187655e+01  3.019065e-02 
 3.187687e+01  3.019071e-02 
 3.187719e+01  3.019076e-02 
 3.187751e+01  3.019082e-02 
 3.187783e+01  3.019088e-02 
 3.187815e+01  3.019094e-02 
 3.187847e+01  3.019100e-02 
 3.187880e+01  3.019106e-02 
 3.187912e+01  3.019112e-02 
 3.187944e+01  3.019118e-02 
 3.187976e+01  3.019123e-02 
 3.188008e+01  3.019129e-02 
 3.188040e+01  3.019135e-02 
 3.188073e+01  3.019141e-02 
 3.188105e+01  3.019147e-02 
 3.188137e+01  3.019153e-02 
 3.188169e+01  3.019159e-02 
 3.188201e+01  3.019165e-02 
 3.188233e+01  3.019170e-02 
 3.188265e+01  3.019176e-02 
 3.188298e+01  3.019182e-02 
 3.188330e+01  3.019188e-02 
 3.188362e+01  3.019194e-02 
 3.188394e+01  3.019200e-02 
 3.188426e+01  3.019205e-02 
 3.188458e+01  3.019211e-02 
 3.188491e+01  3.019217e-02 
 3.188523e+01  3.019223e-02 
 3.188555e+01  3.019229e-02 
 3.188587e+01  3.019235e-02 
 3.188619e+01  3.019240e-02 
 3.188651e+01  3.019246e-02 
 3.188684e+01  3.019252e-02 
 3.188716e+01  3.019258e-02 
 3.188748e+01  3.019264e-02 
 3.188780e+01  3.019269e-02 
 3.188812e+01  3.019275e-02 
 3.188844e+01  3.019281e-02 
 3.188876e+01  3.019287e-02 
 3.188909e+01  3.019293e-02 
 3.188941e+01  3.019298e-02 
 3.188973e+01  3.019304e-02 
 3.189005e+01  3.019310e-02 
 3.189037e+01  3.019316e-02 
 3.189069e+01  3.019321e-02 
 3.189102e+01  3.019327e-02 
 3.189134e+01  3.019333e-02 
 3.189166e+01  3.019339e-02 
 3.189198e+01  3.019345e-02 
 3.189230e+01  3.019350e-02 
 3.189262e+01  3.019356e-02 
 3.189294e+01  3.019362e-02 
 3.189327e+01  3.019367e-02 
 3.189359e+01  3.019373e-02 
 3.189391e+01  3.019379e-02 
 3.189423e+01  3.019385e-02 
 3.189455e+01  3.019390e-02 
 3.189487e+01  3.019396e-02 
 3.189520e+01  3.019402e-02 
 3.189552e+01  3.019408e-02 
 3.189584e+01  3.019413e-02 
 3.189616e+01  3.019419e-02 
 3.189648e+01  3.019425e-02 
 3.189680e+01  3.019431e-02 
 3.189712e+01  3.019436e-02 
 3.189745e+01  3.019442e-02 
 3.189777e+01  3.019448e-02 
 3.189809e+01  3.019453e-02 
 3.189841e+01  3.019459e-02 
 3.189873e+01  3.019465e-02 
 3.189905e+01  3.019471e-02 
 3.189938e+01  3.019476e-02 
 3.189970e+01  3.019482e-02 
 3.190002e+01  3.019488e-02 
 3.190034e+01  3.019494e-02 
 3.190066e+01  3.019499e-02 
 3.190098e+01  3.019505e-02 
 3.190131e+01  3.019511e-02 
 3.190163e+01  3.019517e-02 
 3.190195e+01  3.019522e-02 
 3.190227e+01  3.019528e-02 
 3.190259e+01  3.019534e-02 
 3.190291e+01  3.019540e-02 
 3.190323e+01  3.019545e-02 
 3.190356e+01  3.019551e-02 
 3.190388e+01  3.019557e-02 
 3.190420e+01  3.019563e-02 
 3.190452e+01  3.019568e-02 
 3.190484e+01  3.019574e-02 
 3.190516e+01  3.019580e-02 
 3.190549e+01  3.019586e-02 
 3.190581e+01  3.019592e-02 
 3.190613e+01  3.019597e-02 
 3.190645e+01  3.019603e-02 
 3.190677e+01  3.019609e-02 
 3.190709e+01  3.019615e-02 
 3.190741e+01  3.019621e-02 
 3.190774e+01  3.019626e-02 
 3.190806e+01  3.019632e-02 
 3.190838e+01  3.019638e-02 
 3.190870e+01  3.019644e-02 
 3.190902e+01  3.019650e-02 
 3.190934e+01  3.019656e-02 
 3.190967e+01  3.019661e-02 
 3.190999e+01  3.019667e-02 
 3.191031e+01  3.019673e-02 
 3.191063e+01  3.019679e-02 
 3.191095e+01  3.019685e-02 
 3.191127e+01  3.019691e-02 
 3.191159e+01  3.019696e-02 
 3.191192e+01  3.019702e-02 
 3.191224e+01  3.019708e-02 
 3.191256e+01  3.019714e-02 
 3.191288e+01  3.019720e-02 
 3.191320e+01  3.019726e-02 
 3.191352e+01  3.019732e-02 
 3.191385e+01  3.019738e-02 
 3.191417e+01  3.019744e-02 
 3.191449e+01  3.019749e-02 
 3.191481e+01  3.019755e-02 
 3.191513e+01  3.019761e-02 
 3.191545e+01  3.019767e-02 
 3.191578e+01  3.019773e-02 
 3.191610e+01  3.019779e-02 
 3.191642e+01  3.019785e-02 
 3.191674e+01  3.019791e-02 
 3.191706e+01  3.019797e-02 
 3.191738e+01  3.019803e-02 
 3.191770e+01  3.019809e-02 
 3.191803e+01  3.019815e-02 
 3.191835e+01  3.019821e-02 
 3.191867e+01  3.019827e-02 
 3.191899e+01  3.019833e-02 
 3.191931e+01  3.019838e-02 
 3.191963e+01  3.019844e-02 
 3.191996e+01  3.019850e-02 
 3.192028e+01  3.019856e-02 
 3.192060e+01  3.019862e-02 
 3.192092e+01  3.019868e-02 
 3.192124e+01  3.019874e-02 
 3.192156e+01  3.019880e-02 
 3.192188e+01  3.019886e-02 
 3.192221e+01  3.019892e-02 
 3.192253e+01  3.019898e-02 
 3.192285e+01  3.019904e-02 
 3.192317e+01  3.019910e-02 
 3.192349e+01  3.019916e-02 
 3.192381e+01  3.019922e-02 
 3.192414e+01  3.019928e-02 
 3.192446e+01  3.019934e-02 
 3.192478e+01  3.019940e-02 
 3.192510e+01  3.019946e-02 
 3.192542e+01  3.019952e-02 
 3.192574e+01  3.019958e-02 
 3.192606e+01  3.019964e-02 
 3.192639e+01  3.019970e-02 
 3.192671e+01  3.019976e-02 
 3.192703e+01  3.019982e-02 
 3.192735e+01  3.019988e-02 
 3.192767e+01  3.019994e-02 
 3.192799e+01  3.020000e-02 
 3.192832e+01  3.020007e-02 
 3.192864e+01  3.020013e-02 
 3.192896e+01  3.020019e-02 
 3.192928e+01  3.020025e-02 
 3.192960e+01  3.020031e-02 
 3.192992e+01  3.020037e-02 
 3.193025e+01  3.020043e-02 
 3.193057e+01  3.020049e-02 
 3.193089e+01  3.020055e-02 
 3.193121e+01  3.020061e-02 
 3.193153e+01  3.020067e-02 
 3.193185e+01  3.020073e-02 
 3.193217e+01  3.020079e-02 
 3.193250e+01  3.020085e-02 
 3.193282e+01  3.020091e-02 
 3.193314e+01  3.020096e-02 
 3.193346e+01  3.020102e-02 
 3.193378e+01  3.020108e-02 
 3.193410e+01  3.020114e-02 
 3.193443e+01  3.020120e-02 
 3.193475e+01  3.020126e-02 
 3.193507e+01  3.020132e-02 
 3.193539e+01  3.020138e-02 
 3.193571e+01  3.020144e-02 
 3.193603e+01  3.020150e-02 
 3.193635e+01  3.020156e-02 
 3.193668e+01  3.020162e-02 
 3.193700e+01  3.020168e-02 
 3.193732e+01  3.020174e-02 
 3.193764e+01  3.020179e-02 
 3.193796e+01  3.020185e-02 
 3.193828e+01  3.020191e-02 
 3.193861e+01  3.020197e-02 
 3.193893e+01  3.020203e-02 
 3.193925e+01  3.020209e-02 
 3.193957e+01  3.020214e-02 
 3.193989e+01  3.020220e-02 
 3.194021e+01  3.020226e-02 
 3.194053e+01  3.020232e-02 
 3.194086e+01  3.020238e-02 
 3.194118e+01  3.020243e-02 
 3.194150e+01  3.020249e-02 
 3.194182e+01  3.020255e-02 
 3.194214e+01  3.020260e-02 
 3.194246e+01  3.020266e-02 
 3.194279e+01  3.020272e-02 
 3.194311e+01  3.020278e-02 
 3.194343e+01  3.020283e-02 
 3.194375e+01  3.020289e-02 
 3.194407e+01  3.020294e-02 
 3.194439e+01  3.020300e-02 
 3.194472e+01  3.020306e-02 
 3.194504e+01  3.020311e-02 
 3.194536e+01  3.020317e-02 
 3.194568e+01  3.020322e-02 
 3.194600e+01  3.020328e-02 
 3.194632e+01  3.020334e-02 
 3.194664e+01  3.020339e-02 
 3.194697e+01  3.020345e-02 
 3.194729e+01  3.020350e-02 
 3.194761e+01  3.020356e-02 
 3.194793e+01  3.020361e-02 
 3.194825e+01  3.020367e-02 
 3.194857e+01  3.020372e-02 
 3.194890e+01  3.020377e-02 
 3.194922e+01  3.020383e-02 
 3.194954e+01  3.020388e-02 
 3.194986e+01  3.020394e-02 
 3.195018e+01  3.020399e-02 
 3.195050e+01  3.020404e-02 
 3.195082e+01  3.020410e-02 
 3.195115e+01  3.020415e-02 
 3.195147e+01  3.020420e-02 
 3.195179e+01  3.020426e-02 
 3.195211e+01  3.020431e-02 
 3.195243e+01  3.020436e-02 
 3.195275e+01  3.020442e-02 
 3.195308e+01  3.020447e-02 
 3.195340e+01  3.020452e-02 
 3.195372e+01  3.020458e-02 
 3.195404e+01  3.020463e-02 
 3.195436e+01  3.020468e-02 
 3.195468e+01  3.020473e-02 
 3.195501e+01  3.020479e-02 
 3.195533e+01  3.020484e-02 
 3.195565e+01  3.020489e-02 
 3.195597e+01  3.020494e-02 
 3.195629e+01  3.020500e-02 
 3.195661e+01  3.020505e-02 
 3.195693e+01  3.020510e-02 
 3.195726e+01  3.020515e-02 
 3.195758e+01  3.020520e-02 
 3.195790e+01  3.020526e-02 
 3.195822e+01  3.020531e-02 
 3.195854e+01  3.020536e-02 
 3.195886e+01  3.020541e-02 
 3.195919e+01  3.020547e-02 
 3.195951e+01  3.020552e-02 
 3.195983e+01  3.020557e-02 
 3.196015e+01  3.020562e-02 
 3.196047e+01  3.020567e-02 
 3.196079e+01  3.020573e-02 
 3.196111e+01  3.020578e-02 
 3.196144e+01  3.020583e-02 
 3.196176e+01  3.020588e-02 
 3.196208e+01  3.020593e-02 
 3.196240e+01  3.020599e-02 
 3.196272e+01  3.020604e-02 
 3.196304e+01  3.020609e-02 
 3.196337e+01  3.020614e-02 
 3.196369e+01  3.020620e-02 
 3.196401e+01  3.020625e-02 
 3.196433e+01  3.020630e-02 
 3.196465e+01  3.020635e-02 
 3.196497e+01  3.020641e-02 
 3.196529e+01  3.020646e-02 
 3.196562e+01  3.020651e-02 
 3.196594e+01  3.020657e-02 
 3.196626e+01  3.020662e-02 
 3.196658e+01  3.020667e-02 
 3.196690e+01  3.020673e-02 
 3.196722e+01  3.020678e-02 
 3.196755e+01  3.020683e-02 
 3.196787e+01  3.020689e-02 
 3.196819e+01  3.020694e-02 
 3.196851e+01  3.020699e-02 
 3.196883e+01  3.020705e-02 
 3.196915e+01  3.020710e-02 
 3.196948e+01  3.020716e-02 
 3.196980e+01  3.020721e-02 
 3.197012e+01  3.020726e-02 
 3.197044e+01  3.020732e-02 
 3.197076e+01  3.020737e-02 
 3.197108e+01  3.020743e-02 
 3.197140e+01  3.020748e-02 
 3.197173e+01  3.020754e-02 
 3.197205e+01  3.020759e-02 
 3.197237e+01  3.020765e-02 
 3.197269e+01  3.020770e-02 
 3.197301e+01  3.020776e-02 
 3.197333e+01  3.020782e-02 
 3.197366e+01  3.020787e-02 
 3.197398e+01  3.020793e-02 
 3.197430e+01  3.020798e-02 
 3.197462e+01  3.020804e-02 
 3.197494e+01  3.020809e-02 
 3.197526e+01  3.020815e-02 
 3.197558e+01  3.020821e-02 
 3.197591e+01  3.020826e-02 
 3.197623e+01  3.020832e-02 
 3.197655e+01  3.020838e-02 
 3.197687e+01  3.020843e-02 
 3.197719e+01  3.020849e-02 
 3.197751e+01  3.020855e-02 
 3.197784e+01  3.020860e-02 
 3.197816e+01  3.020866e-02 
 3.197848e+01  3.020872e-02 
 3.197880e+01  3.020878e-02 
 3.197912e+01  3.020883e-02 
 3.197944e+01  3.020889e-02 
 3.197976e+01  3.020895e-02 
 3.198009e+01  3.020901e-02 
 3.198041e+01  3.020906e-02 
 3.198073e+01  3.020912e-02 
 3.198105e+01  3.020918e-02 
 3.198137e+01  3.020924e-02 
 3.198169e+01  3.020930e-02 
 3.198202e+01  3.020935e-02 
 3.198234e+01  3.020941e-02 
 3.198266e+01  3.020947e-02 
 3.198298e+01  3.020953e-02 
 3.198330e+01  3.020959e-02 
 3.198362e+01  3.020964e-02 
 3.198395e+01  3.020970e-02 
 3.198427e+01  3.020976e-02 
 3.198459e+01  3.020982e-02 
 3.198491e+01  3.020988e-02 
 3.198523e+01  3.020994e-02 
 3.198555e+01  3.021000e-02 
 3.198587e+01  3.021005e-02 
 3.198620e+01  3.021011e-02 
 3.198652e+01  3.021017e-02 
 3.198684e+01  3.021023e-02 
 3.198716e+01  3.021029e-02 
 3.198748e+01  3.021035e-02 
 3.198780e+01  3.021041e-02 
 3.198813e+01  3.021047e-02 
 3.198845e+01  3.021052e-02 
 3.198877e+01  3.021058e-02 
 3.198909e+01  3.021064e-02 
 3.198941e+01  3.021070e-02 
 3.198973e+01  3.021076e-02 
 3.199005e+01  3.021082e-02 
 3.199038e+01  3.021088e-02 
 3.199070e+01  3.021094e-02 
 3.199102e+01  3.021100e-02 
 3.199134e+01  3.021106e-02 
 3.199166e+01  3.021111e-02 
 3.199198e+01  3.021117e-02 
 3.199231e+01  3.021123e-02 
 3.199263e+01  3.021129e-02 
 3.199295e+01  3.021135e-02 
 3.199327e+01  3.021141e-02 
 3.199359e+01  3.021147e-02 
 3.199391e+01  3.021153e-02 
 3.199423e+01  3.021159e-02 
 3.199456e+01  3.021165e-02 
 3.199488e+01  3.021171e-02 
 3.199520e+01  3.021177e-02 
 3.199552e+01  3.021183e-02 
 3.199584e+01  3.021188e-02 
 3.199616e+01  3.021194e-02 
 3.199649e+01  3.021200e-02 
 3.199681e+01  3.021206e-02 
 3.199713e+01  3.021212e-02 
 3.199745e+01  3.021218e-02 
 3.199777e+01  3.021224e-02 
 3.199809e+01  3.021230e-02 
 3.199842e+01  3.021236e-02 
 3.199874e+01  3.021242e-02 
 3.199906e+01  3.021248e-02 
 3.199938e+01  3.021254e-02 
 3.199970e+01  3.021260e-02 
 3.200002e+01  3.021266e-02 
 3.200034e+01  3.021272e-02 
 3.200067e+01  3.021278e-02 
 3.200099e+01  3.021284e-02 
 3.200131e+01  3.021290e-02 
 3.200163e+01  3.021296e-02 
 3.200195e+01  3.021302e-02 
 3.200227e+01  3.021308e-02 
 3.200260e+01  3.021314e-02 
 3.200292e+01  3.021320e-02 
 3.200324e+01  3.021326e-02 
 3.200356e+01  3.021332e-02 
 3.200388e+01  3.021338e-02 
 3.200420e+01  3.021344e-02 
 3.200452e+01  3.021351e-02 
 3.200485e+01  3.021357e-02 
 3.200517e+01  3.021363e-02 
 3.200549e+01  3.021369e-02 
 3.200581e+01  3.021375e-02 
 3.200613e+01  3.021381e-02 
 3.200645e+01  3.021387e-02 
 3.200678e+01  3.021393e-02 
 3.200710e+01  3.021399e-02 
 3.200742e+01  3.021405e-02 
 3.200774e+01  3.021412e-02 
 3.200806e+01  3.021418e-02 
 3.200838e+01  3.021424e-02 
 3.200870e+01  3.021430e-02 
 3.200903e+01  3.021436e-02 
 3.200935e+01  3.021442e-02 
 3.200967e+01  3.021448e-02 
 3.200999e+01  3.021455e-02 
 3.201031e+01  3.021461e-02 
 3.201063e+01  3.021467e-02 
 3.201096e+01  3.021473e-02 
 3.201128e+01  3.021479e-02 
 3.201160e+01  3.021486e-02 
 3.201192e+01  3.021492e-02 
 3.201224e+01  3.021498e-02 
 3.201256e+01  3.021504e-02 
 3.201289e+01  3.021510e-02 
 3.201321e+01  3.021517e-02 
 3.201353e+01  3.021523e-02 
 3.201385e+01  3.021529e-02 
 3.201417e+01  3.021535e-02 
 3.201449e+01  3.021542e-02 
 3.201481e+01  3.021548e-02 
 3.201514e+01  3.021554e-02 
 3.201546e+01  3.021560e-02 
 3.201578e+01  3.021567e-02 
 3.201610e+01  3.021573e-02 
 3.201642e+01  3.021579e-02 
 3.201674e+01  3.021585e-02 
 3.201707e+01  3.021592e-02 
 3.201739e+01  3.021598e-02 
 3.201771e+01  3.021604e-02 
 3.201803e+01  3.021610e-02 
 3.201835e+01  3.021617e-02 
 3.201867e+01  3.021623e-02 
 3.201899e+01  3.021629e-02 
 3.201932e+01  3.021635e-02 
 3.201964e+01  3.021642e-02 
 3.201996e+01  3.021648e-02 
 3.202028e+01  3.021654e-02 
 3.202060e+01  3.021661e-02 
 3.202092e+01  3.021667e-02 
 3.202125e+01  3.021673e-02 
 3.202157e+01  3.021680e-02 
 3.202189e+01  3.021686e-02 
 3.202221e+01  3.021692e-02 
 3.202253e+01  3.021698e-02 
 3.202285e+01  3.021705e-02 
 3.202317e+01  3.021711e-02 
 3.202350e+01  3.021717e-02 
 3.202382e+01  3.021724e-02 
 3.202414e+01  3.021730e-02 
 3.202446e+01  3.021736e-02 
 3.202478e+01  3.021743e-02 
 3.202510e+01  3.021749e-02 
 3.202543e+01  3.021755e-02 
 3.202575e+01  3.021762e-02 
 3.202607e+01  3.021768e-02 
 3.202639e+01  3.021774e-02 
 3.202671e+01  3.021781e-02 
 3.202703e+01  3.021787e-02 
 3.202736e+01  3.021793e-02 
 3.202768e+01  3.021800e-02 
 3.202800e+01  3.021806e-02 
 3.202832e+01  3.021812e-02 
 3.202864e+01  3.021819e-02 
 3.202896e+01  3.021825e-02 
 3.202928e+01  3.021832e-02 
 3.202961e+01  3.021838e-02 
 3.202993e+01  3.021844e-02 
 3.203025e+01  3.021851e-02 
 3.203057e+01  3.021857e-02 
 3.203089e+01  3.021864e-02 
 3.203121e+01  3.021870e-02 
 3.203154e+01  3.021876e-02 
 3.203186e+01  3.021883e-02 
 3.203218e+01  3.021889e-02 
 3.203250e+01  3.021896e-02 
 3.203282e+01  3.021902e-02 
 3.203314e+01  3.021909e-02 
 3.203346e+01  3.021915e-02 
 3.203379e+01  3.021922e-02 
 3.203411e+01  3.021928e-02 
 3.203443e+01  3.021935e-02 
 3.203475e+01  3.021941e-02 
 3.203507e+01  3.021948e-02 
 3.203539e+01  3.021954e-02 
 3.203572e+01  3.021961e-02 
 3.203604e+01  3.021967e-02 
 3.203636e+01  3.021974e-02 
 3.203668e+01  3.021980e-02 
 3.203700e+01  3.021987e-02 
 3.203732e+01  3.021994e-02 
 3.203764e+01  3.022000e-02 
 3.203797e+01  3.022007e-02 
 3.203829e+01  3.022013e-02 
 3.203861e+01  3.022020e-02 
 3.203893e+01  3.022027e-02 
 3.203925e+01  3.022033e-02 
 3.203957e+01  3.022040e-02 
 3.203990e+01  3.022047e-02 
 3.204022e+01  3.022054e-02 
 3.204054e+01  3.022060e-02 
 3.204086e+01  3.022067e-02 
 3.204118e+01  3.022074e-02 
 3.204150e+01  3.022081e-02 
 3.204183e+01  3.022087e-02 
 3.204215e+01  3.022094e-02 
 3.204247e+01  3.022101e-02 
 3.204279e+01  3.022108e-02 
 3.204311e+01  3.022115e-02 
 3.204343e+01  3.022122e-02 
 3.204375e+01  3.022129e-02 
 3.204408e+01  3.022136e-02 
 3.204440e+01  3.022143e-02 
 3.204472e+01  3.022149e-02 
 3.204504e+01  3.022156e-02 
 3.204536e+01  3.022163e-02 
 3.204568e+01  3.022170e-02 
 3.204601e+01  3.022178e-02 
 3.204633e+01  3.022185e-02 
 3.204665e+01  3.022192e-02 
 3.204697e+01  3.022199e-02 
 3.204729e+01  3.022206e-02 
 3.204761e+01  3.022213e-02 
 3.204793e+01  3.022220e-02 
 3.204826e+01  3.022227e-02 
 3.204858e+01  3.022234e-02 
 3.204890e+01  3.022242e-02 
 3.204922e+01  3.022249e-02 
 3.204954e+01  3.022256e-02 
 3.204986e+01  3.022263e-02 
 3.205019e+01  3.022271e-02 
 3.205051e+01  3.022278e-02 
 3.205083e+01  3.022285e-02 
 3.205115e+01  3.022292e-02 
 3.205147e+01  3.022300e-02 
 3.205179e+01  3.022307e-02 
 3.205212e+01  3.022314e-02 
 3.205244e+01  3.022322e-02 
 3.205276e+01  3.022329e-02 
 3.205308e+01  3.022337e-02 
 3.205340e+01  3.022344e-02 
 3.205372e+01  3.022351e-02 
 3.205404e+01  3.022359e-02 
 3.205437e+01  3.022366e-02 
 3.205469e+01  3.022374e-02 
 3.205501e+01  3.022381e-02 
 3.205533e+01  3.022389e-02 
 3.205565e+01  3.022396e-02 
 3.205597e+01  3.022404e-02 
 3.205630e+01  3.022411e-02 
 3.205662e+01  3.022419e-02 
 3.205694e+01  3.022426e-02 
 3.205726e+01  3.022434e-02 
 3.205758e+01  3.022441e-02 
 3.205790e+01  3.022449e-02 
 3.205822e+01  3.022456e-02 
 3.205855e+01  3.022464e-02 
 3.205887e+01  3.022471e-02 
 3.205919e+01  3.022479e-02 
 3.205951e+01  3.022486e-02 
 3.205983e+01  3.022494e-02 
 3.206015e+01  3.022502e-02 
 3.206048e+01  3.022509e-02 
 3.206080e+01  3.022517e-02 
 3.206112e+01  3.022524e-02 
 3.206144e+01  3.022532e-02 
 3.206176e+01  3.022539e-02 
 3.206208e+01  3.022547e-02 
 3.206240e+01  3.022554e-02 
 3.206273e+01  3.022562e-02 
 3.206305e+01  3.022570e-02 
 3.206337e+01  3.022577e-02 
 3.206369e+01  3.022585e-02 
 3.206401e+01  3.022592e-02 
 3.206433e+01  3.022600e-02 
 3.206466e+01  3.022607e-02 
 3.206498e+01  3.022615e-02 
 3.206530e+01  3.022622e-02 
 3.206562e+01  3.022630e-02 
 3.206594e+01  3.022637e-02 
 3.206626e+01  3.022645e-02 
 3.206659e+01  3.022653e-02 
 3.206691e+01  3.022660e-02 
 3.206723e+01  3.022668e-02 
 3.206755e+01  3.022675e-02 
 3.206787e+01  3.022683e-02 
 3.206819e+01  3.022690e-02 
 3.206851e+01  3.022698e-02 
 3.206884e+01  3.022705e-02 
 3.206916e+01  3.022713e-02 
 3.206948e+01  3.022720e-02 
 3.206980e+01  3.022728e-02 
 3.207012e+01  3.022735e-02 
 3.207044e+01  3.022742e-02 
 3.207077e+01  3.022750e-02 
 3.207109e+01  3.022757e-02 
 3.207141e+01  3.022765e-02 
 3.207173e+01  3.022772e-02 
 3.207205e+01  3.022780e-02 
 3.207237e+01  3.022787e-02 
 3.207269e+01  3.022795e-02 
 3.207302e+01  3.022802e-02 
 3.207334e+01  3.022809e-02 
 3.207366e+01  3.022817e-02 
 3.207398e+01  3.022824e-02 
 3.207430e+01  3.022832e-02 
 3.207462e+01  3.022839e-02 
 3.207495e+01  3.022846e-02 
 3.207527e+01  3.022854e-02 
 3.207559e+01  3.022861e-02 
 3.207591e+01  3.022869e-02 
 3.207623e+01  3.022876e-02 
 3.207655e+01  3.022883e-02 
 3.207687e+01  3.022891e-02 
 3.207720e+01  3.022898e-02 
 3.207752e+01  3.022905e-02 
 3.207784e+01  3.022913e-02 
 3.207816e+01  3.022920e-02 
 3.207848e+01  3.022927e-02 
 3.207880e+01  3.022935e-02 
 3.207913e+01  3.022942e-02 
 3.207945e+01  3.022950e-02 
 3.207977e+01  3.022957e-02 
 3.208009e+01  3.022964e-02 
 3.208041e+01  3.022972e-02 
 3.208073e+01  3.022979e-02 
 3.208106e+01  3.022986e-02 
 3.208138e+01  3.022994e-02 
 3.208170e+01  3.023001e-02 
 3.208202e+01  3.023008e-02 
 3.208234e+01  3.023016e-02 
 3.208266e+01  3.023023e-02 
 3.208298e+01  3.023030e-02 
 3.208331e+01  3.023038e-02 
 3.208363e+01  3.023045e-02 
 3.208395e+01  3.023052e-02 
 3.208427e+01  3.023060e-02 
 3.208459e+01  3.023067e-02 
 3.208491e+01  3.023074e-02 
 3.208524e+01  3.023082e-02 
 3.208556e+01  3.023089e-02 
 3.208588e+01  3.023096e-02 
 3.208620e+01  3.023104e-02 
 3.208652e+01  3.023111e-02 
 3.208684e+01  3.023119e-02 
 3.208716e+01  3.023126e-02 
 3.208749e+01  3.023133e-02 
 3.208781e+01  3.023141e-02 
 3.208813e+01  3.023148e-02 
 3.208845e+01  3.023155e-02 
 3.208877e+01  3.023163e-02 
 3.208909e+01  3.023170e-02 
 3.208942e+01  3.023178e-02 
 3.208974e+01  3.023185e-02 
 3.209006e+01  3.023192e-02 
 3.209038e+01  3.023200e-02 
 3.209070e+01  3.023207e-02 
 3.209102e+01  3.023215e-02 
 3.209134e+01  3.023222e-02 
 3.209167e+01  3.023230e-02 
 3.209199e+01  3.023237e-02 
 3.209231e+01  3.023244e-02 
 3.209263e+01  3.023252e-02 
 3.209295e+01  3.023259e-02 
 3.209327e+01  3.023267e-02 
 3.209360e+01  3.023274e-02 
 3.209392e+01  3.023282e-02 
 3.209424e+01  3.023289e-02 
 3.209456e+01  3.023297e-02 
 3.209488e+01  3.023304e-02 
 3.209520e+01  3.023312e-02 
 3.209553e+01  3.023319e-02 
 3.209585e+01  3.023327e-02 
 3.209617e+01  3.023334e-02 
 3.209649e+01  3.023342e-02 
 3.209681e+01  3.023349e-02 
 3.209713e+01  3.023357e-02 
 3.209745e+01  3.023364e-02 
 3.209778e+01  3.023372e-02 
 3.209810e+01  3.023379e-02 
 3.209842e+01  3.023387e-02 
 3.209874e+01  3.023394e-02 
 3.209906e+01  3.023402e-02 
 3.209938e+01  3.023409e-02 
 3.209971e+01  3.023417e-02 
 3.210003e+01  3.023424e-02 
 3.210035e+01  3.023432e-02 
 3.210067e+01  3.023439e-02 
 3.210099e+01  3.023447e-02 
 3.210131e+01  3.023454e-02 
 3.210163e+01  3.023462e-02 
 3.210196e+01  3.023470e-02 
 3.210228e+01  3.023477e-02 
 3.210260e+01  3.023485e-02 
 3.210292e+01  3.023492e-02 
 3.210324e+01  3.023500e-02 
 3.210356e+01  3.023507e-02 
 3.210389e+01  3.023515e-02 
 3.210421e+01  3.023523e-02 
 3.210453e+01  3.023530e-02 
 3.210485e+01  3.023538e-02 
 3.210517e+01  3.023545e-02 
 3.210549e+01  3.023553e-02 
 3.210581e+01  3.023560e-02 
 3.210614e+01  3.023568e-02 
 3.210646e+01  3.023576e-02 
 3.210678e+01  3.023583e-02 
 3.210710e+01  3.023591e-02 
 3.210742e+01  3.023598e-02 
 3.210774e+01  3.023606e-02 
 3.210807e+01  3.023614e-02 
 3.210839e+01  3.023621e-02 
 3.210871e+01  3.023629e-02 
 3.210903e+01  3.023636e-02 
 3.210935e+01  3.023644e-02 
 3.210967e+01  3.023652e-02 
 3.211000e+01  3.023659e-02 
 3.211032e+01  3.023667e-02 
 3.211064e+01  3.023674e-02 
 3.211096e+01  3.023682e-02 
 3.211128e+01  3.023690e-02 
 3.211160e+01  3.023697e-02 
 3.211192e+01  3.023705e-02 
 3.211225e+01  3.023713e-02 
 3.211257e+01  3.023720e-02 
 3.211289e+01  3.023728e-02 
 3.211321e+01  3.023735e-02 
 3.211353e+01  3.023743e-02 
 3.211385e+01  3.023751e-02 
 3.211418e+01  3.023758e-02 
 3.211450e+01  3.023766e-02 
 3.211482e+01  3.023774e-02 
 3.211514e+01  3.023781e-02 
 3.211546e+01  3.023789e-02 
 3.211578e+01  3.023797e-02 
 3.211610e+01  3.023804e-02 
 3.211643e+01  3.023812e-02 
 3.211675e+01  3.023820e-02 
 3.211707e+01  3.023827e-02 
 3.211739e+01  3.023835e-02 
 3.211771e+01  3.023843e-02 
 3.211803e+01  3.023850e-02 
 3.211836e+01  3.023858e-02 
 3.211868e+01  3.023866e-02 
 3.211900e+01  3.023874e-02 
 3.211932e+01  3.023881e-02 
 3.211964e+01  3.023889e-02 
 3.211996e+01  3.023897e-02 
 3.212028e+01  3.023905e-02 
 3.212061e+01  3.023912e-02 
 3.212093e+01  3.023920e-02 
 3.212125e+01  3.023928e-02 
 3.212157e+01  3.023936e-02 
 3.212189e+01  3.023944e-02 
 3.212221e+01  3.023952e-02 
 3.212254e+01  3.023959e-02 
 3.212286e+01  3.023967e-02 
 3.212318e+01  3.023975e-02 
 3.212350e+01  3.023983e-02 
 3.212382e+01  3.023991e-02 
 3.212414e+01  3.023999e-02 
 3.212447e+01  3.024007e-02 
 3.212479e+01  3.024015e-02 
 3.212511e+01  3.024023e-02 
 3.212543e+01  3.024031e-02 
 3.212575e+01  3.024039e-02 
 3.212607e+01  3.024047e-02 
 3.212639e+01  3.024055e-02 
 3.212672e+01  3.024063e-02 
 3.212704e+01  3.024071e-02 
 3.212736e+01  3.024080e-02 
 3.212768e+01  3.024088e-02 
 3.212800e+01  3.024096e-02 
 3.212832e+01  3.024104e-02 
 3.212865e+01  3.024113e-02 
 3.212897e+01  3.024121e-02 
 3.212929e+01  3.024129e-02 
 3.212961e+01  3.024137e-02 
 3.212993e+01  3.024146e-02 
 3.213025e+01  3.024154e-02 
 3.213057e+01  3.024163e-02 
 3.213090e+01  3.024171e-02 
 3.213122e+01  3.024180e-02 
 3.213154e+01  3.024188e-02 
 3.213186e+01  3.024197e-02 
 3.213218e+01  3.024205e-02 
 3.213250e+01  3.024214e-02 
 3.213283e+01  3.024223e-02 
 3.213315e+01  3.024231e-02 
 3.213347e+01  3.024240e-02 
 3.213379e+01  3.024249e-02 
 3.213411e+01  3.024258e-02 
 3.213443e+01  3.024266e-02 
 3.213475e+01  3.024275e-02 
 3.213508e+01  3.024284e-02 
 3.213540e+01  3.024293e-02 
 3.213572e+01  3.024302e-02 
 3.213604e+01  3.024311e-02 
 3.213636e+01  3.024320e-02 
 3.213668e+01  3.024329e-02 
 3.213701e+01  3.024338e-02 
 3.213733e+01  3.024348e-02 
 3.213765e+01  3.024357e-02 
 3.213797e+01  3.024366e-02 
 3.213829e+01  3.024375e-02 
 3.213861e+01  3.024385e-02 
 3.213894e+01  3.024394e-02 
 3.213926e+01  3.024404e-02 
 3.213958e+01  3.024413e-02 
 3.213990e+01  3.024423e-02 
 3.214022e+01  3.024432e-02 
 3.214054e+01  3.024442e-02 
 3.214086e+01  3.024451e-02 
 3.214119e+01  3.024461e-02 
 3.214151e+01  3.024471e-02 
 3.214183e+01  3.024480e-02 
 3.214215e+01  3.024490e-02 
 3.214247e+01  3.024500e-02 
 3.214279e+01  3.024510e-02 
 3.214312e+01  3.024520e-02 
 3.214344e+01  3.024530e-02 
 3.214376e+01  3.024540e-02 
 3.214408e+01  3.024550e-02 
 3.214440e+01  3.024560e-02 
 3.214472e+01  3.024570e-02 
 3.214504e+01  3.024581e-02 
 3.214537e+01  3.024591e-02 
 3.214569e+01  3.024601e-02 
 3.214601e+01  3.024612e-02 
 3.214633e+01  3.024622e-02 
 3.214665e+01  3.024633e-02 
 3.214697e+01  3.024643e-02 
 3.214730e+01  3.024654e-02 
 3.214762e+01  3.024664e-02 
 3.214794e+01  3.024675e-02 
 3.214826e+01  3.024686e-02 
 3.214858e+01  3.024697e-02 
 3.214890e+01  3.024708e-02 
 3.214922e+01  3.024718e-02 
 3.214955e+01  3.024729e-02 
 3.214987e+01  3.024741e-02 
 3.215019e+01  3.024752e-02 
 3.215051e+01  3.024763e-02 
 3.215083e+01  3.024774e-02 
 3.215115e+01  3.024785e-02 
 3.215148e+01  3.024797e-02 
 3.215180e+01  3.024808e-02 
 3.215212e+01  3.024820e-02 
 3.215244e+01  3.024831e-02 
 3.215276e+01  3.024843e-02 
 3.215308e+01  3.024855e-02 
 3.215341e+01  3.024866e-02 
 3.215373e+01  3.024878e-02 
 3.215405e+01  3.024890e-02 
 3.215437e+01  3.024902e-02 
 3.215469e+01  3.024915e-02 
 3.215501e+01  3.024927e-02 
 3.215533e+01  3.024939e-02 
 3.215566e+01  3.024951e-02 
 3.215598e+01  3.024964e-02 
 3.215630e+01  3.024976e-02 
 3.215662e+01  3.024989e-02 
 3.215694e+01  3.025002e-02 
 3.215726e+01  3.025015e-02 
 3.215759e+01  3.025027e-02 
 3.215791e+01  3.025041e-02 
 3.215823e+01  3.025054e-02 
 3.215855e+01  3.025067e-02 
 3.215887e+01  3.025080e-02 
 3.215919e+01  3.025094e-02 
 3.215951e+01  3.025107e-02 
 3.215984e+01  3.025121e-02 
 3.216016e+01  3.025135e-02 
 3.216048e+01  3.025149e-02 
 3.216080e+01  3.025163e-02 
 3.216112e+01  3.025177e-02 
 3.216144e+01  3.025191e-02 
 3.216177e+01  3.025205e-02 
 3.216209e+01  3.025220e-02 
 3.216241e+01  3.025234e-02 
 3.216273e+01  3.025249e-02 
 3.216305e+01  3.025264e-02 
 3.216337e+01  3.025279e-02 
 3.216370e+01  3.025294e-02 
 3.216402e+01  3.025309e-02 
 3.216434e+01  3.025324e-02 
 3.216466e+01  3.025340e-02 
 3.216498e+01  3.025356e-02 
 3.216530e+01  3.025371e-02 
 3.216562e+01  3.025387e-02 
 3.216595e+01  3.025403e-02 
 3.216627e+01  3.025419e-02 
 3.216659e+01  3.025436e-02 
 3.216691e+01  3.025452e-02 
 3.216723e+01  3.025468e-02 
 3.216755e+01  3.025485e-02 
 3.216788e+01  3.025502e-02 
 3.216820e+01  3.025519e-02 
 3.216852e+01  3.025536e-02 
 3.216884e+01  3.025553e-02 
 3.216916e+01  3.025571e-02 
 3.216948e+01  3.025588e-02 
 3.216980e+01  3.025606e-02 
 3.217013e+01  3.025623e-02 
 3.217045e+01  3.025641e-02 
 3.217077e+01  3.025659e-02 
 3.217109e+01  3.025678e-02 
 3.217141e+01  3.025696e-02 
 3.217173e+01  3.025714e-02 
 3.217206e+01  3.025733e-02 
 3.217238e+01  3.025752e-02 
 3.217270e+01  3.025770e-02 
 3.217302e+01  3.025789e-02 
 3.217334e+01  3.025808e-02 
 3.217366e+01  3.025828e-02 
 3.217398e+01  3.025847e-02 
 3.217431e+01  3.025866e-02 
 3.217463e+01  3.025886e-02 
 3.217495e+01  3.025906e-02 
 3.217527e+01  3.025925e-02 
 3.217559e+01  3.025945e-02 
 3.217591e+01  3.025966e-02 
 3.217624e+01  3.025986e-02 
 3.217656e+01  3.026006e-02 
 3.217688e+01  3.026026e-02 
 3.217720e+01  3.026047e-02 
 3.217752e+01  3.026068e-02 
 3.217784e+01  3.026088e-02 
 3.217817e+01  3.026109e-02 
 3.217849e+01  3.026130e-02 
 3.217881e+01  3.026151e-02 
 3.217913e+01  3.026172e-02 
 3.217945e+01  3.026193e-02 
 3.217977e+01  3.026215e-02 
 3.218009e+01  3.026236e-02 
 3.218042e+01  3.026258e-02 
 3.218074e+01  3.026279e-02 
 3.218106e+01  3.026301e-02 
 3.218138e+01  3.026323e-02 
 3.218170e+01  3.026344e-02 
 3.218202e+01  3.026366e-02 
 3.218235e+01  3.026388e-02 
 3.218267e+01  3.026410e-02 
 3.218299e+01  3.026432e-02 
 3.218331e+01  3.026455e-02 
 3.218363e+01  3.026477e-02 
 3.218395e+01  3.026499e-02 
 3.218427e+01  3.026521e-02 
 3.218460e+01  3.026544e-02 
 3.218492e+01  3.026566e-02 
 3.218524e+01  3.026589e-02 
 3.218556e+01  3.026611e-02 
 3.218588e+01  3.026634e-02 
 3.218620e+01  3.026656e-02 
 3.218653e+01  3.026679e-02 
 3.218685e+01  3.026702e-02 
 3.218717e+01  3.026725e-02 
 3.218749e+01  3.026748e-02 
 3.218781e+01  3.026770e-02 
 3.218813e+01  3.026793e-02 
 3.218845e+01  3.026816e-02 
 3.218878e+01  3.026839e-02 
 3.218910e+01  3.026862e-02 
 3.218942e+01  3.026885e-02 
 3.218974e+01  3.026908e-02 
 3.219006e+01  3.026931e-02 
 3.219038e+01  3.026954e-02 
 3.219071e+01  3.026977e-02 
 3.219103e+01  3.027000e-02 
 3.219135e+01  3.027023e-02 
 3.219167e+01  3.027046e-02 
 3.219199e+01  3.027069e-02 
 3.219231e+01  3.027092e-02 
 3.219264e+01  3.027115e-02 
 3.219296e+01  3.027138e-02 
 3.219328e+01  3.027162e-02 
 3.219360e+01  3.027185e-02 
 3.219392e+01  3.027208e-02 
 3.219424e+01  3.027231e-02 
 3.219456e+01  3.027254e-02 
 3.219489e+01  3.027277e-02 
 3.219521e+01  3.027300e-02 
 3.219553e+01  3.027323e-02 
 3.219585e+01  3.027346e-02 
 3.219617e+01  3.027369e-02 
 3.219649e+01  3.027392e-02 
 3.219682e+01  3.027415e-02 
 3.219714e+01  3.027438e-02 
 3.219746e+01  3.027461e-02 
 3.219778e+01  3.027484e-02 
 3.219810e+01  3.027507e-02 
 3.219842e+01  3.027530e-02 
 3.219874e+01  3.027553e-02 
 3.219907e+01  3.027576e-02 
 3.219939e+01  3.027599e-02 
 3.219971e+01  3.027621e-02 
 3.220003e+01  3.027644e-02 
 3.220035e+01  3.027667e-02 
 3.220067e+01  3.027690e-02 
 3.220100e+01  3.027713e-02 
 3.220132e+01  3.027735e-02 
 3.220164e+01  3.027758e-02 
 3.220196e+01  3.027781e-02 
 3.220228e+01  3.027804e-02 
 3.220260e+01  3.027826e-02 
 3.220292e+01  3.027849e-02 
 3.220325e+01  3.027872e-02 
 3.220357e+01  3.027894e-02 
 3.220389e+01  3.027917e-02 
 3.220421e+01  3.027940e-02 
 3.220453e+01  3.027962e-02 
 3.220485e+01  3.027985e-02 
 3.220518e+01  3.028007e-02 
 3.220550e+01  3.028030e-02 
 3.220582e+01  3.028052e-02 
 3.220614e+01  3.028075e-02 
 3.220646e+01  3.028098e-02 
 3.220678e+01  3.028120e-02 
 3.220711e+01  3.028143e-02 
 3.220743e+01  3.028165e-02 
 3.220775e+01  3.028188e-02 
 3.220807e+01  3.028210e-02 
 3.220839e+01  3.028233e-02 
 3.220871e+01  3.028255e-02 
 3.220903e+01  3.028278e-02 
 3.220936e+01  3.028300e-02 
 3.220968e+01  3.028323e-02 
 3.221000e+01  3.028345e-02 
 3.221032e+01  3.028368e-02 
 3.221064e+01  3.028390e-02 
 3.221096e+01  3.028413e-02 
 3.221129e+01  3.028436e-02 
 3.221161e+01  3.028458e-02 
 3.221193e+01  3.028481e-02 
 3.221225e+01  3.028503e-02 
 3.221257e+01  3.028526e-02 
 3.221289e+01  3.028549e-02 
 3.221321e+01  3.028571e-02 
 3.221354e+01  3.028594e-02 
 3.221386e+01  3.028617e-02 
 3.221418e+01  3.028640e-02 
 3.221450e+01  3.028662e-02 
 3.221482e+01  3.028685e-02 
 3.221514e+01  3.028708e-02 
 3.221547e+01  3.028731e-02 
 3.221579e+01  3.028754e-02 
 3.221611e+01  3.028777e-02 
 3.221643e+01  3.028800e-02 
 3.221675e+01  3.028823e-02 
 3.221707e+01  3.028846e-02 
 3.221739e+01  3.028869e-02 
 3.221772e+01  3.028892e-02 
 3.221804e+01  3.028915e-02 
 3.221836e+01  3.028939e-02 
 3.221868e+01  3.028962e-02 
 3.221900e+01  3.028985e-02 
 3.221932e+01  3.029009e-02 
 3.221965e+01  3.029032e-02 
 3.221997e+01  3.029056e-02 
 3.222029e+01  3.029080e-02 
 3.222061e+01  3.029103e-02 
 3.222093e+01  3.029127e-02 
 3.222125e+01  3.029151e-02 
 3.222158e+01  3.029174e-02 
 3.222190e+01  3.029198e-02 
 3.222222e+01  3.029222e-02 
 3.222254e+01  3.029246e-02 
 3.222286e+01  3.029270e-02 
 3.222318e+01  3.029295e-02 
 3.222350e+01  3.029319e-02 
 3.222383e+01  3.029343e-02 
 3.222415e+01  3.029367e-02 
 3.222447e+01  3.029392e-02 
 3.222479e+01  3.029416e-02 
 3.222511e+01  3.029441e-02 
 3.222543e+01  3.029466e-02 
 3.222576e+01  3.029490e-02 
 3.222608e+01  3.029515e-02 
 3.222640e+01  3.029540e-02 
 3.222672e+01  3.029565e-02 
 3.222704e+01  3.029590e-02 
 3.222736e+01  3.029615e-02 
 3.222768e+01  3.029640e-02 
 3.222801e+01  3.029665e-02 
 3.222833e+01  3.029691e-02 
 3.222865e+01  3.029716e-02 
 3.222897e+01  3.029741e-02 
 3.222929e+01  3.029767e-02 
 3.222961e+01  3.029792e-02 
 3.222994e+01  3.029818e-02 
 3.223026e+01  3.029844e-02 
 3.223058e+01  3.029870e-02 
 3.223090e+01  3.029895e-02 
 3.223122e+01  3.029921e-02 
 3.223154e+01  3.029947e-02 
 3.223186e+01  3.029974e-02 
 3.223219e+01  3.030000e-02 
 3.223251e+01  3.030026e-02 
 3.223283e+01  3.030052e-02 
 3.223315e+01  3.030079e-02 
 3.223347e+01  3.030105e-02 
 3.223379e+01  3.030132e-02 
 3.223412e+01  3.030158e-02 
 3.223444e+01  3.030185e-02 
 3.223476e+01  3.030212e-02 
 3.223508e+01  3.030238e-02 
 3.223540e+01  3.030265e-02 
 3.223572e+01  3.030292e-02 
 3.223605e+01  3.030319e-02 
 3.223637e+01  3.030346e-02 
 3.223669e+01  3.030373e-02 
 3.223701e+01  3.030401e-02 
 3.223733e+01  3.030428e-02 
 3.223765e+01  3.030455e-02 
 3.223797e+01  3.030483e-02 
 3.223830e+01  3.030510e-02 
 3.223862e+01  3.030538e-02 
 3.223894e+01  3.030565e-02 
 3.223926e+01  3.030593e-02 
 3.223958e+01  3.030621e-02 
 3.223990e+01  3.030648e-02 
 3.224023e+01  3.030676e-02 
 3.224055e+01  3.030704e-02 
 3.224087e+01  3.030732e-02 
 3.224119e+01  3.030760e-02 
 3.224151e+01  3.030788e-02 
 3.224183e+01  3.030816e-02 
 3.224215e+01  3.030845e-02 
 3.224248e+01  3.030873e-02 
 3.224280e+01  3.030901e-02 
 3.224312e+01  3.030929e-02 
 3.224344e+01  3.030958e-02 
 3.224376e+01  3.030986e-02 
 3.224408e+01  3.031015e-02 
 3.224441e+01  3.031044e-02 
 3.224473e+01  3.031072e-02 
 3.224505e+01  3.031101e-02 
 3.224537e+01  3.031130e-02 
 3.224569e+01  3.031158e-02 
 3.224601e+01  3.031187e-02 
 3.224634e+01  3.031216e-02 
 3.224666e+01  3.031245e-02 
 3.224698e+01  3.031274e-02 
 3.224730e+01  3.031303e-02 
 3.224762e+01  3.031332e-02 
 3.224794e+01  3.031361e-02 
 3.224826e+01  3.031391e-02 
 3.224859e+01  3.031420e-02 
 3.224891e+01  3.031449e-02 
 3.224923e+01  3.031478e-02 
 3.224955e+01  3.031508e-02 
 3.224987e+01  3.031537e-02 
 3.225019e+01  3.031567e-02 
 3.225052e+01  3.031596e-02 
 3.225084e+01  3.031626e-02 
 3.225116e+01  3.031655e-02 
 3.225148e+01  3.031685e-02 
 3.225180e+01  3.031714e-02 
 3.225212e+01  3.031744e-02 
 3.225244e+01  3.031774e-02 
 3.225277e+01  3.031803e-02 
 3.225309e+01  3.031833e-02 
 3.225341e+01  3.031863e-02 
 3.225373e+01  3.031893e-02 
 3.225405e+01  3.031923e-02 
 3.225437e+01  3.031953e-02 
 3.225470e+01  3.031983e-02 
 3.225502e+01  3.032013e-02 
 3.225534e+01  3.032043e-02 
 3.225566e+01  3.032073e-02 
 3.225598e+01  3.032103e-02 
 3.225630e+01  3.032133e-02 
 3.225662e+01  3.032163e-02 
 3.225695e+01  3.032193e-02 
 3.225727e+01  3.032223e-02 
 3.225759e+01  3.032253e-02 
 3.225791e+01  3.032283e-02 
 3.225823e+01  3.032314e-02 
 3.225855e+01  3.032344e-02 
 3.225888e+01  3.032374e-02 
 3.225920e+01  3.032404e-02 
 3.225952e+01  3.032435e-02 
 3.225984e+01  3.032465e-02 
 3.226016e+01  3.032495e-02 
 3.226048e+01  3.032526e-02 
 3.226081e+01  3.032556e-02 
 3.226113e+01  3.032586e-02 
 3.226145e+01  3.032617e-02 
 3.226177e+01  3.032647e-02 
 3.226209e+01  3.032678e-02 
 3.226241e+01  3.032708e-02 
 3.226273e+01  3.032739e-02 
 3.226306e+01  3.032769e-02 
 3.226338e+01  3.032800e-02 
 3.226370e+01  3.032830e-02 
 3.226402e+01  3.032861e-02 
 3.226434e+01  3.032891e-02 
 3.226466e+01  3.032922e-02 
 3.226499e+01  3.032952e-02 
 3.226531e+01  3.032983e-02 
 3.226563e+01  3.033014e-02 
 3.226595e+01  3.033044e-02 
 3.226627e+01  3.033075e-02 
 3.226659e+01  3.033105e-02 
 3.226691e+01  3.033136e-02 
 3.226724e+01  3.033167e-02 
 3.226756e+01  3.033197e-02 
 3.226788e+01  3.033228e-02 
 3.226820e+01  3.033259e-02 
 3.226852e+01  3.033289e-02 
 3.226884e+01  3.033320e-02 
 3.226917e+01  3.033351e-02 
 3.226949e+01  3.033382e-02 
 3.226981e+01  3.033412e-02 
 3.227013e+01  3.033443e-02 
 3.227045e+01  3.033474e-02 
 3.227077e+01  3.033505e-02 
 3.227109e+01  3.033536e-02 
 3.227142e+01  3.033566e-02 
 3.227174e+01  3.033597e-02 
 3.227206e+01  3.033628e-02 
 3.227238e+01  3.033659e-02 
 3.227270e+01  3.033690e-02 
 3.227302e+01  3.033721e-02 
 3.227335e+01  3.033752e-02 
 3.227367e+01  3.033783e-02 
 3.227399e+01  3.033814e-02 
 3.227431e+01  3.033845e-02 
 3.227463e+01  3.033876e-02 
 3.227495e+01  3.033907e-02 
 3.227528e+01  3.033938e-02 
 3.227560e+01  3.033969e-02 
 3.227592e+01  3.034000e-02 
 3.227624e+01  3.034031e-02 
 3.227656e+01  3.034062e-02 
 3.227688e+01  3.034094e-02 
 3.227720e+01  3.034125e-02 
 3.227753e+01  3.034156e-02 
 3.227785e+01  3.034187e-02 
 3.227817e+01  3.034219e-02 
 3.227849e+01  3.034250e-02 
 3.227881e+01  3.034281e-02 
 3.227913e+01  3.034313e-02 
 3.227946e+01  3.034344e-02 
 3.227978e+01  3.034376e-02 
 3.228010e+01  3.034407e-02 
 3.228042e+01  3.034439e-02 
 3.228074e+01  3.034471e-02 
 3.228106e+01  3.034502e-02 
 3.228138e+01  3.034534e-02 
 3.228171e+01  3.034566e-02 
 3.228203e+01  3.034597e-02 
 3.228235e+01  3.034629e-02 
 3.228267e+01  3.034661e-02 
 3.228299e+01  3.034693e-02 
 3.228331e+01  3.034725e-02 
 3.228364e+01  3.034757e-02 
 3.228396e+01  3.034789e-02 
 3.228428e+01  3.034821e-02 
 3.228460e+01  3.034853e-02 
 3.228492e+01  3.034885e-02 
 3.228524e+01  3.034918e-02 
 3.228556e+01  3.034950e-02 
 3.228589e+01  3.034982e-02 
 3.228621e+01  3.035015e-02 
 3.228653e+01  3.035047e-02 
 3.228685e+01  3.035080e-02 
 3.228717e+01  3.035112e-02 
 3.228749e+01  3.035145e-02 
 3.228782e+01  3.035178e-02 
 3.228814e+01  3.035211e-02 
 3.228846e+01  3.035244e-02 
 3.228878e+01  3.035277e-02 
 3.228910e+01  3.035310e-02 
 3.228942e+01  3.035343e-02 
 3.228975e+01  3.035376e-02 
 3.229007e+01  3.035409e-02 
 3.229039e+01  3.035443e-02 
 3.229071e+01  3.035476e-02 
 3.229103e+01  3.035510e-02 
 3.229135e+01  3.035543e-02 
 3.229167e+01  3.035577e-02 
 3.229200e+01  3.035611e-02 
 3.229232e+01  3.035645e-02 
 3.229264e+01  3.035678e-02 
 3.229296e+01  3.035713e-02 
 3.229328e+01  3.035747e-02 
 3.229360e+01  3.035781e-02 
 3.229393e+01  3.035815e-02 
 3.229425e+01  3.035850e-02 
 3.229457e+01  3.035884e-02 
 3.229489e+01  3.035919e-02 
 3.229521e+01  3.035953e-02 
 3.229553e+01  3.035988e-02 
 3.229585e+01  3.036023e-02 
 3.229618e+01  3.036058e-02 
 3.229650e+01  3.036093e-02 
 3.229682e+01  3.036128e-02 
 3.229714e+01  3.036163e-02 
 3.229746e+01  3.036199e-02 
 3.229778e+01  3.036234e-02 
 3.229811e+01  3.036270e-02 
 3.229843e+01  3.036305e-02 
 3.229875e+01  3.036341e-02 
 3.229907e+01  3.036377e-02 
 3.229939e+01  3.036413e-02 
 3.229971e+01  3.036449e-02 
 3.230003e+01  3.036485e-02 
 3.230036e+01  3.036522e-02 
 3.230068e+01  3.036558e-02 
 3.230100e+01  3.036594e-02 
 3.230132e+01  3.036631e-02 
 3.230164e+01  3.036668e-02 
 3.230196e+01  3.036704e-02 
 3.230229e+01  3.036741e-02 
 3.230261e+01  3.036778e-02 
 3.230293e+01  3.036815e-02 
 3.230325e+01  3.036852e-02 
 3.230357e+01  3.036890e-02 
 3.230389e+01  3.036927e-02 
 3.230422e+01  3.036964e-02 
 3.230454e+01  3.037002e-02 
 3.230486e+01  3.037039e-02 
 3.230518e+01  3.037077e-02 
 3.230550e+01  3.037115e-02 
 3.230582e+01  3.037153e-02 
 3.230614e+01  3.037191e-02 
 3.230647e+01  3.037229e-02 
 3.230679e+01  3.037267e-02 
 3.230711e+01  3.037305e-02 
 3.230743e+01  3.037343e-02 
 3.230775e+01  3.037382e-02 
 3.230807e+01  3.037420e-02 
 3.230840e+01  3.037458e-02 
 3.230872e+01  3.037497e-02 
 3.230904e+01  3.037535e-02 
 3.230936e+01  3.037574e-02 
 3.230968e+01  3.037613e-02 
 3.231000e+01  3.037651e-02 
 3.231032e+01  3.037690e-02 
 3.231065e+01  3.037729e-02 
 3.231097e+01  3.037768e-02 
 3.231129e+01  3.037807e-02 
 3.231161e+01  3.037846e-02 
 3.231193e+01  3.037885e-02 
 3.231225e+01  3.037924e-02 
 3.231258e+01  3.037963e-02 
 3.231290e+01  3.038002e-02 
 3.231322e+01  3.038041e-02 
 3.231354e+01  3.038080e-02 
 3.231386e+01  3.038119e-02 
 3.231418e+01  3.038159e-02 
 3.231450e+01  3.038198e-02 
 3.231483e+01  3.038237e-02 
 3.231515e+01  3.038276e-02 
 3.231547e+01  3.038315e-02 
 3.231579e+01  3.038355e-02 
 3.231611e+01  3.038394e-02 
 3.231643e+01  3.038433e-02 
 3.231676e+01  3.038473e-02 
 3.231708e+01  3.038512e-02 
 3.231740e+01  3.038551e-02 
 3.231772e+01  3.038590e-02 
 3.231804e+01  3.038629e-02 
 3.231836e+01  3.038669e-02 
 3.231869e+01  3.038708e-02 
 3.231901e+01  3.038747e-02 
 3.231933e+01  3.038786e-02 
 3.231965e+01  3.038825e-02 
 3.231997e+01  3.038864e-02 
 3.232029e+01  3.038903e-02 
 3.232061e+01  3.038942e-02 
 3.232094e+01  3.038981e-02 
 3.232126e+01  3.039020e-02 
 3.232158e+01  3.039059e-02 
 3.232190e+01  3.039098e-02 
 3.232222e+01  3.039136e-02 
 3.232254e+01  3.039175e-02 
 3.232287e+01  3.039214e-02 
 3.232319e+01  3.039252e-02 
 3.232351e+01  3.039291e-02 
 3.232383e+01  3.039329e-02 
 3.232415e+01  3.039368e-02 
 3.232447e+01  3.039406e-02 
 3.232479e+01  3.039444e-02 
 3.232512e+01  3.039482e-02 
 3.232544e+01  3.039520e-02 
 3.232576e+01  3.039558e-02 
 3.232608e+01  3.039596e-02 
 3.232640e+01  3.039634e-02 
 3.232672e+01  3.039672e-02 
 3.232705e+01  3.039710e-02 
 3.232737e+01  3.039748e-02 
 3.232769e+01  3.039785e-02 
 3.232801e+01  3.039823e-02 
 3.232833e+01  3.039860e-02 
 3.232865e+01  3.039897e-02 
 3.232897e+01  3.039934e-02 
 3.232930e+01  3.039971e-02 
 3.232962e+01  3.040008e-02 
 3.232994e+01  3.040045e-02 
 3.233026e+01  3.040082e-02 
 3.233058e+01  3.040119e-02 
 3.233090e+01  3.040155e-02 
 3.233123e+01  3.040192e-02 
 3.233155e+01  3.040228e-02 
 3.233187e+01  3.040264e-02 
 3.233219e+01  3.040300e-02 
 3.233251e+01  3.040336e-02 
 3.233283e+01  3.040372e-02 
 3.233316e+01  3.040408e-02 
 3.233348e+01  3.040444e-02 
 3.233380e+01  3.040479e-02 
 3.233412e+01  3.040515e-02 
 3.233444e+01  3.040550e-02 
 3.233476e+01  3.040585e-02 
 3.233508e+01  3.040620e-02 
 3.233541e+01  3.040655e-02 
 3.233573e+01  3.040690e-02 
 3.233605e+01  3.040724e-02 
 3.233637e+01  3.040759e-02 
 3.233669e+01  3.040794e-02 
 3.233701e+01  3.040828e-02 
 3.233734e+01  3.040862e-02 
 3.233766e+01  3.040896e-02 
 3.233798e+01  3.040930e-02 
 3.233830e+01  3.040964e-02 
 3.233862e+01  3.040998e-02 
 3.233894e+01  3.041031e-02 
 3.233926e+01  3.041065e-02 
 3.233959e+01  3.041098e-02 
 3.233991e+01  3.041131e-02 
 3.234023e+01  3.041164e-02 
 3.234055e+01  3.041197e-02 
 3.234087e+01  3.041230e-02 
 3.234119e+01  3.041263e-02 
 3.234152e+01  3.041295e-02 
 3.234184e+01  3.041328e-02 
 3.234216e+01  3.041360e-02 
 3.234248e+01  3.041392e-02 
 3.234280e+01  3.041425e-02 
 3.234312e+01  3.041457e-02 
 3.234345e+01  3.041488e-02 
 3.234377e+01  3.041520e-02 
 3.234409e+01  3.041552e-02 
 3.234441e+01  3.041583e-02 
 3.234473e+01  3.041615e-02 
 3.234505e+01  3.041646e-02 
 3.234537e+01  3.041677e-02 
 3.234570e+01  3.041709e-02 
 3.234602e+01  3.041740e-02 
 3.234634e+01  3.041770e-02 
 3.234666e+01  3.041801e-02 
 3.234698e+01  3.041832e-02 
 3.234730e+01  3.041862e-02 
 3.234763e+01  3.041893e-02 
 3.234795e+01  3.041923e-02 
 3.234827e+01  3.041954e-02 
 3.234859e+01  3.041984e-02 
 3.234891e+01  3.042014e-02 
 3.234923e+01  3.042044e-02 
 3.234955e+01  3.042074e-02 
 3.234988e+01  3.042104e-02 
 3.235020e+01  3.042134e-02 
 3.235052e+01  3.042164e-02 
 3.235084e+01  3.042193e-02 
 3.235116e+01  3.042223e-02 
 3.235148e+01  3.042252e-02 
 3.235181e+01  3.042282e-02 
 3.235213e+01  3.042311e-02 
 3.235245e+01  3.042340e-02 
 3.235277e+01  3.042370e-02 
 3.235309e+01  3.042399e-02 
 3.235341e+01  3.042428e-02 
 3.235373e+01  3.042457e-02 
 3.235406e+01  3.042486e-02 
 3.235438e+01  3.042515e-02 
 3.235470e+01  3.042544e-02 
 3.235502e+01  3.042573e-02 
 3.235534e+01  3.042602e-02 
 3.235566e+01  3.042630e-02 
 3.235599e+01  3.042659e-02 
 3.235631e+01  3.042688e-02 
 3.235663e+01  3.042716e-02 
 3.235695e+01  3.042745e-02 
 3.235727e+01  3.042773e-02 
 3.235759e+01  3.042802e-02 
 3.235792e+01  3.042830e-02 
 3.235824e+01  3.042858e-02 
 3.235856e+01  3.042887e-02 
 3.235888e+01  3.042915e-02 
 3.235920e+01  3.042943e-02 
 3.235952e+01  3.042972e-02 
 3.235984e+01  3.043000e-02 
 3.236017e+01  3.043028e-02 
 3.236049e+01  3.043056e-02 
 3.236081e+01  3.043084e-02 
 3.236113e+01  3.043112e-02 
 3.236145e+01  3.043140e-02 
 3.236177e+01  3.043168e-02 
 3.236210e+01  3.043196e-02 
 3.236242e+01  3.043224e-02 
 3.236274e+01  3.043252e-02 
 3.236306e+01  3.043280e-02 
 3.236338e+01  3.043308e-02 
 3.236370e+01  3.043336e-02 
 3.236402e+01  3.043364e-02 
 3.236435e+01  3.043391e-02 
 3.236467e+01  3.043419e-02 
 3.236499e+01  3.043447e-02 
 3.236531e+01  3.043474e-02 
 3.236563e+01  3.043502e-02 
 3.236595e+01  3.043530e-02 
 3.236628e+01  3.043557e-02 
 3.236660e+01  3.043585e-02 
 3.236692e+01  3.043612e-02 
 3.236724e+01  3.043640e-02 
 3.236756e+01  3.043667e-02 
 3.236788e+01  3.043695e-02 
 3.236820e+01  3.043722e-02 
 3.236853e+01  3.043749e-02 
 3.236885e+01  3.043777e-02 
 3.236917e+01  3.043804e-02 
 3.236949e+01  3.043831e-02 
 3.236981e+01  3.043858e-02 
 3.237013e+01  3.043885e-02 
 3.237046e+01  3.043912e-02 
 3.237078e+01  3.043939e-02 
 3.237110e+01  3.043966e-02 
 3.237142e+01  3.043993e-02 
 3.237174e+01  3.044020e-02 
 3.237206e+01  3.044047e-02 
 3.237239e+01  3.044074e-02 
 3.237271e+01  3.044100e-02 
 3.237303e+01  3.044127e-02 
 3.237335e+01  3.044154e-02 
 3.237367e+01  3.044180e-02 
 3.237399e+01  3.044206e-02 
 3.237431e+01  3.044233e-02 
 3.237464e+01  3.044259e-02 
 3.237496e+01  3.044285e-02 
 3.237528e+01  3.044312e-02 
 3.237560e+01  3.044338e-02 
 3.237592e+01  3.044364e-02 
 3.237624e+01  3.044390e-02 
 3.237657e+01  3.044416e-02 
 3.237689e+01  3.044442e-02 
 3.237721e+01  3.044468e-02 
 3.237753e+01  3.044493e-02 
 3.237785e+01  3.044519e-02 
 3.237817e+01  3.044545e-02 
 3.237849e+01  3.044570e-02 
 3.237882e+01  3.044596e-02 
 3.237914e+01  3.044621e-02 
 3.237946e+01  3.044646e-02 
 3.237978e+01  3.044671e-02 
 3.238010e+01  3.044697e-02 
 3.238042e+01  3.044722e-02 
 3.238075e+01  3.044747e-02 
 3.238107e+01  3.044771e-02 
 3.238139e+01  3.044796e-02 
 3.238171e+01  3.044821e-02 
 3.238203e+01  3.044846e-02 
 3.238235e+01  3.044870e-02 
 3.238267e+01  3.044895e-02 
 3.238300e+01  3.044919e-02 
 3.238332e+01  3.044944e-02 
 3.238364e+01  3.044968e-02 
 3.238396e+01  3.044992e-02 
 3.238428e+01  3.045016e-02 
 3.238460e+01  3.045040e-02 
 3.238493e+01  3.045064e-02 
 3.238525e+01  3.045088e-02 
 3.238557e+01  3.045111e-02 
 3.238589e+01  3.045135e-02 
 3.238621e+01  3.045159e-02 
 3.238653e+01  3.045182e-02 
 3.238686e+01  3.045206e-02 
 3.238718e+01  3.045229e-02 
 3.238750e+01  3.045252e-02 
 3.238782e+01  3.045275e-02 
 3.238814e+01  3.045298e-02 
 3.238846e+01  3.045321e-02 
 3.238878e+01  3.045344e-02 
 3.238911e+01  3.045367e-02 
 3.238943e+01  3.045390e-02 
 3.238975e+01  3.045412e-02 
 3.239007e+01  3.045435e-02 
 3.239039e+01  3.045457e-02 
 3.239071e+01  3.045480e-02 
 3.239104e+01  3.045502e-02 
 3.239136e+01  3.045524e-02 
 3.239168e+01  3.045546e-02 
 3.239200e+01  3.045568e-02 
 3.239232e+01  3.045590e-02 
 3.239264e+01  3.045612e-02 
 3.239296e+01  3.045634e-02 
 3.239329e+01  3.045655e-02 
 3.239361e+01  3.045677e-02 
 3.239393e+01  3.045698e-02 
 3.239425e+01  3.045720e-02 
 3.239457e+01  3.045741e-02 
 3.239489e+01  3.045762e-02 
 3.239522e+01  3.045784e-02 
 3.239554e+01  3.045805e-02 
 3.239586e+01  3.045826e-02 
 3.239618e+01  3.045847e-02 
 3.239650e+01  3.045867e-02 
 3.239682e+01  3.045888e-02 
 3.239714e+01  3.045909e-02 
 3.239747e+01  3.045929e-02 
 3.239779e+01  3.045950e-02 
 3.239811e+01  3.045970e-02 
 3.239843e+01  3.045991e-02 
 3.239875e+01  3.046011e-02 
 3.239907e+01  3.046031e-02 
 3.239940e+01  3.046051e-02 
 3.239972e+01  3.046071e-02 
 3.240004e+01  3.046091e-02 
 3.240036e+01  3.046111e-02 
 3.240068e+01  3.046131e-02 
 3.240100e+01  3.046150e-02 
 3.240133e+01  3.046170e-02 
 3.240165e+01  3.046189e-02 
 3.240197e+01  3.046209e-02 
 3.240229e+01  3.046228e-02 
 3.240261e+01  3.046247e-02 
 3.240293e+01  3.046266e-02 
 3.240325e+01  3.046285e-02 
 3.240358e+01  3.046304e-02 
 3.240390e+01  3.046323e-02 
 3.240422e+01  3.046342e-02 
 3.240454e+01  3.046361e-02 
 3.240486e+01  3.046379e-02 
 3.240518e+01  3.046398e-02 
 3.240551e+01  3.046416e-02 
 3.240583e+01  3.046435e-02 
 3.240615e+01  3.046453e-02 
 3.240647e+01  3.046471e-02 
 3.240679e+01  3.046489e-02 
 3.240711e+01  3.046507e-02 
 3.240743e+01  3.046525e-02 
 3.240776e+01  3.046543e-02 
 3.240808e+01  3.046561e-02 
 3.240840e+01  3.046579e-02 
 3.240872e+01  3.046596e-02 
 3.240904e+01  3.046614e-02 
 3.240936e+01  3.046631e-02 
 3.240969e+01  3.046649e-02 
 3.241001e+01  3.046666e-02 
 3.241033e+01  3.046683e-02 
 3.241065e+01  3.046700e-02 
 3.241097e+01  3.046717e-02 
 3.241129e+01  3.046734e-02 
 3.241161e+01  3.046751e-02 
 3.241194e+01  3.046768e-02 
 3.241226e+01  3.046785e-02 
 3.241258e+01  3.046801e-02 
 3.241290e+01  3.046818e-02 
 3.241322e+01  3.046834e-02 
 3.241354e+01  3.046851e-02 
 3.241387e+01  3.046867e-02 
 3.241419e+01  3.046883e-02 
 3.241451e+01  3.046899e-02 
 3.241483e+01  3.046915e-02 
 3.241515e+01  3.046931e-02 
 3.241547e+01  3.046947e-02 
 3.241580e+01  3.046963e-02 
 3.241612e+01  3.046979e-02 
 3.241644e+01  3.046994e-02 
 3.241676e+01  3.047010e-02 
 3.241708e+01  3.047025e-02 
 3.241740e+01  3.047041e-02 
 3.241772e+01  3.047056e-02 
 3.241805e+01  3.047071e-02 
 3.241837e+01  3.047086e-02 
 3.241869e+01  3.047102e-02 
 3.241901e+01  3.047117e-02 
 3.241933e+01  3.047131e-02 
 3.241965e+01  3.047146e-02 
 3.241998e+01  3.047161e-02 
 3.242030e+01  3.047176e-02 
 3.242062e+01  3.047190e-02 
 3.242094e+01  3.047205e-02 
 3.242126e+01  3.047219e-02 
 3.242158e+01  3.047234e-02 
 3.242190e+01  3.047248e-02 
 3.242223e+01  3.047262e-02 
 3.242255e+01  3.047276e-02 
 3.242287e+01  3.047291e-02 
 3.242319e+01  3.047305e-02 
 3.242351e+01  3.047319e-02 
 3.242383e+01  3.047332e-02 
 3.242416e+01  3.047346e-02 
 3.242448e+01  3.047360e-02 
 3.242480e+01  3.047374e-02 
 3.242512e+01  3.047387e-02 
 3.242544e+01  3.047401e-02 
 3.242576e+01  3.047414e-02 
 3.242609e+01  3.047428e-02 
 3.242641e+01  3.047441e-02 
 3.242673e+01  3.047454e-02 
 3.242705e+01  3.047467e-02 
 3.242737e+01  3.047480e-02 
 3.242769e+01  3.047493e-02 
 3.242801e+01  3.047506e-02 
 3.242834e+01  3.047519e-02 
 3.242866e+01  3.047532e-02 
 3.242898e+01  3.047545e-02 
 3.242930e+01  3.047558e-02 
 3.242962e+01  3.047570e-02 
 3.242994e+01  3.047583e-02 
 3.243027e+01  3.047595e-02 
 3.243059e+01  3.047608e-02 
 3.243091e+01  3.047620e-02 
 3.243123e+01  3.047632e-02 
 3.243155e+01  3.047645e-02 
 3.243187e+01  3.047657e-02 
 3.243219e+01  3.047669e-02 
 3.243252e+01  3.047681e-02 
 3.243284e+01  3.047693e-02 
 3.243316e+01  3.047705e-02 
 3.243348e+01  3.047717e-02 
 3.243380e+01  3.047728e-02 
 3.243412e+01  3.047740e-02 
 3.243445e+01  3.047752e-02 
 3.243477e+01  3.047763e-02 
 3.243509e+01  3.047775e-02 
 3.243541e+01  3.047786e-02 
 3.243573e+01  3.047798e-02 
 3.243605e+01  3.047809e-02 
 3.243637e+01  3.047820e-02 
 3.243670e+01  3.047831e-02 
 3.243702e+01  3.047842e-02 
 3.243734e+01  3.047854e-02 
 3.243766e+01  3.047865e-02 
 3.243798e+01  3.047875e-02 
 3.243830e+01  3.047886e-02 
 3.243863e+01  3.047897e-02 
 3.243895e+01  3.047908e-02 
 3.243927e+01  3.047919e-02 
 3.243959e+01  3.047929e-02 
 3.243991e+01  3.047940e-02 
 3.244023e+01  3.047950e-02 
 3.244056e+01  3.047961e-02 
 3.244088e+01  3.047971e-02 
 3.244120e+01  3.047981e-02 
 3.244152e+01  3.047992e-02 
 3.244184e+01  3.048002e-02 
 3.244216e+01  3.048012e-02 
 3.244248e+01  3.048022e-02 
 3.244281e+01  3.048032e-02 
 3.244313e+01  3.048042e-02 
 3.244345e+01  3.048052e-02 
 3.244377e+01  3.048062e-02 
 3.244409e+01  3.048072e-02 
 3.244441e+01  3.048081e-02 
 3.244474e+01  3.048091e-02 
 3.244506e+01  3.048101e-02 
 3.244538e+01  3.048110e-02 
 3.244570e+01  3.048120e-02 
 3.244602e+01  3.048129e-02 
 3.244634e+01  3.048139e-02 
 3.244666e+01  3.048148e-02 
 3.244699e+01  3.048157e-02 
 3.244731e+01  3.048167e-02 
 3.244763e+01  3.048176e-02 
 3.244795e+01  3.048185e-02 
 3.244827e+01  3.048194e-02 
 3.244859e+01  3.048204e-02 
 3.244892e+01  3.048213e-02 
 3.244924e+01  3.048222e-02 
 3.244956e+01  3.048231e-02 
 3.244988e+01  3.048240e-02 
 3.245020e+01  3.048249e-02 
 3.245052e+01  3.048258e-02 
 3.245084e+01  3.048267e-02 
 3.245117e+01  3.048276e-02 
 3.245149e+01  3.048285e-02 
 3.245181e+01  3.048294e-02 
 3.245213e+01  3.048303e-02 
 3.245245e+01  3.048312e-02 
 3.245277e+01  3.048321e-02 
 3.245310e+01  3.048330e-02 
 3.245342e+01  3.048339e-02 
 3.245374e+01  3.048348e-02 
 3.245406e+01  3.048358e-02 
 3.245438e+01  3.048367e-02 
 3.245470e+01  3.048376e-02 
 3.245503e+01  3.048385e-02 
 3.245535e+01  3.048394e-02 
 3.245567e+01  3.048403e-02 
 3.245599e+01  3.048413e-02 
 3.245631e+01  3.048422e-02 
 3.245663e+01  3.048431e-02 
 3.245695e+01  3.048441e-02 
 3.245728e+01  3.048450e-02 
 3.245760e+01  3.048460e-02 
 3.245792e+01  3.048469e-02 
 3.245824e+01  3.048479e-02 
 3.245856e+01  3.048489e-02 
 3.245888e+01  3.048498e-02 
 3.245921e+01  3.048508e-02 
 3.245953e+01  3.048518e-02 
 3.245985e+01  3.048528e-02 
 3.246017e+01  3.048538e-02 
 3.246049e+01  3.048549e-02 
 3.246081e+01  3.048559e-02 
 3.246113e+01  3.048569e-02 
 3.246146e+01  3.048580e-02 
 3.246178e+01  3.048590e-02 
 3.246210e+01  3.048601e-02 
 3.246242e+01  3.048612e-02 
 3.246274e+01  3.048622e-02 
 3.246306e+01  3.048633e-02 
 3.246339e+01  3.048644e-02 
 3.246371e+01  3.048655e-02 
 3.246403e+01  3.048667e-02 
 3.246435e+01  3.048678e-02 
 3.246467e+01  3.048689e-02 
 3.246499e+01  3.048701e-02 
 3.246531e+01  3.048713e-02 
 3.246564e+01  3.048724e-02 
 3.246596e+01  3.048736e-02 
 3.246628e+01  3.048748e-02 
 3.246660e+01  3.048760e-02 
 3.246692e+01  3.048772e-02 
 3.246724e+01  3.048784e-02 
 3.246757e+01  3.048797e-02 
 3.246789e+01  3.048809e-02 
 3.246821e+01  3.048822e-02 
 3.246853e+01  3.048834e-02 
 3.246885e+01  3.048847e-02 
 3.246917e+01  3.048860e-02 
 3.246950e+01  3.048872e-02 
 3.246982e+01  3.048885e-02 
 3.247014e+01  3.048898e-02 
 3.247046e+01  3.048911e-02 
 3.247078e+01  3.048924e-02 
 3.247110e+01  3.048938e-02 
 3.247142e+01  3.048951e-02 
 3.247175e+01  3.048964e-02 
 3.247207e+01  3.048978e-02 
 3.247239e+01  3.048991e-02 
 3.247271e+01  3.049005e-02 
 3.247303e+01  3.049018e-02 
 3.247335e+01  3.049032e-02 
 3.247368e+01  3.049045e-02 
 3.247400e+01  3.049059e-02 
 3.247432e+01  3.049073e-02 
 3.247464e+01  3.049086e-02 
 3.247496e+01  3.049100e-02 
 3.247528e+01  3.049114e-02 
 3.247560e+01  3.049128e-02 
 3.247593e+01  3.049141e-02 
 3.247625e+01  3.049155e-02 
 3.247657e+01  3.049169e-02 
 3.247689e+01  3.049183e-02 
 3.247721e+01  3.049197e-02 
 3.247753e+01  3.049211e-02 
 3.247786e+01  3.049224e-02 
 3.247818e+01  3.049238e-02 
 3.247850e+01  3.049252e-02 
 3.247882e+01  3.049265e-02 
 3.247914e+01  3.049279e-02 
 3.247946e+01  3.049293e-02 
 3.247978e+01  3.049306e-02 
 3.248011e+01  3.049320e-02 
 3.248043e+01  3.049333e-02 
 3.248075e+01  3.049346e-02 
 3.248107e+01  3.049360e-02 
 3.248139e+01  3.049373e-02 
 3.248171e+01  3.049387e-02 
 3.248204e+01  3.049400e-02 
 3.248236e+01  3.049413e-02 
 3.248268e+01  3.049426e-02 
 3.248300e+01  3.049439e-02 
 3.248332e+01  3.049452e-02 
 3.248364e+01  3.049465e-02 
 3.248397e+01  3.049478e-02 
 3.248429e+01  3.049490e-02 
 3.248461e+01  3.049503e-02 
 3.248493e+01  3.049515e-02 
 3.248525e+01  3.049528e-02 
 3.248557e+01  3.049540e-02 
 3.248589e+01  3.049552e-02 
 3.248622e+01  3.049564e-02 
 3.248654e+01  3.049576e-02 
 3.248686e+01  3.049588e-02 
 3.248718e+01  3.049600e-02 
 3.248750e+01  3.049612e-02 
 3.248782e+01  3.049623e-02 
 3.248815e+01  3.049635e-02 
 3.248847e+01  3.049646e-02 
 3.248879e+01  3.049658e-02 
 3.248911e+01  3.049669e-02 
 3.248943e+01  3.049680e-02 
 3.248975e+01  3.049691e-02 
 3.249007e+01  3.049702e-02 
 3.249040e+01  3.049712e-02 
 3.249072e+01  3.049723e-02 
 3.249104e+01  3.049734e-02 
 3.249136e+01  3.049744e-02 
 3.249168e+01  3.049754e-02 
 3.249200e+01  3.049764e-02 
 3.249233e+01  3.049774e-02 
 3.249265e+01  3.049784e-02 
 3.249297e+01  3.049794e-02 
 3.249329e+01  3.049804e-02 
 3.249361e+01  3.049814e-02 
 3.249393e+01  3.049823e-02 
 3.249425e+01  3.049832e-02 
 3.249458e+01  3.049842e-02 
 3.249490e+01  3.049851e-02 
 3.249522e+01  3.049860e-02 
 3.249554e+01  3.049869e-02 
 3.249586e+01  3.049878e-02 
 3.249618e+01  3.049886e-02 
 3.249651e+01  3.049895e-02 
 3.249683e+01  3.049904e-02 
 3.249715e+01  3.049912e-02 
 3.249747e+01  3.049920e-02 
 3.249779e+01  3.049929e-02 
 3.249811e+01  3.049937e-02 
 3.249844e+01  3.049945e-02 
 3.249876e+01  3.049953e-02 
 3.249908e+01  3.049961e-02 
 3.249940e+01  3.049968e-02 
 3.249972e+01  3.049976e-02 
 3.250004e+01  3.049983e-02 
 3.250036e+01  3.049991e-02 
 3.250069e+01  3.049998e-02 
 3.250101e+01  3.050006e-02 
 3.250133e+01  3.050013e-02 
 3.250165e+01  3.050020e-02 
 3.250197e+01  3.050027e-02 
 3.250229e+01  3.050034e-02 
 3.250262e+01  3.050041e-02 
 3.250294e+01  3.050047e-02 
 3.250326e+01  3.050054e-02 
 3.250358e+01  3.050061e-02 
 3.250390e+01  3.050067e-02 
 3.250422e+01  3.050074e-02 
 3.250454e+01  3.050080e-02 
 3.250487e+01  3.050087e-02 
 3.250519e+01  3.050093e-02 
 3.250551e+01  3.050099e-02 
 3.250583e+01  3.050106e-02 
 3.250615e+01  3.050112e-02 
 3.250647e+01  3.050118e-02 
 3.250680e+01  3.050124e-02 
 3.250712e+01  3.050130e-02 
 3.250744e+01  3.050136e-02 
 3.250776e+01  3.050142e-02 
 3.250808e+01  3.050147e-02 
 3.250840e+01  3.050153e-02 
 3.250872e+01  3.050159e-02 
 3.250905e+01  3.050165e-02 
 3.250937e+01  3.050170e-02 
 3.250969e+01  3.050176e-02 
 3.251001e+01  3.050182e-02 
 3.251033e+01  3.050187e-02 
 3.251065e+01  3.050193e-02 
 3.251098e+01  3.050198e-02 
 3.251130e+01  3.050204e-02 
 3.251162e+01  3.050209e-02 
 3.251194e+01  3.050215e-02 
 3.251226e+01  3.050220e-02 
 3.251258e+01  3.050226e-02 
 3.251291e+01  3.050231e-02 
 3.251323e+01  3.050236e-02 
 3.251355e+01  3.050242e-02 
 3.251387e+01  3.050247e-02 
 3.251419e+01  3.050253e-02 
 3.251451e+01  3.050258e-02 
 3.251483e+01  3.050263e-02 
 3.251516e+01  3.050269e-02 
 3.251548e+01  3.050274e-02 
 3.251580e+01  3.050280e-02 
 3.251612e+01  3.050285e-02 
 3.251644e+01  3.050290e-02 
 3.251676e+01  3.050296e-02 
 3.251709e+01  3.050301e-02 
 3.251741e+01  3.050307e-02 
 3.251773e+01  3.050312e-02 
 3.251805e+01  3.050317e-02 
 3.251837e+01  3.050323e-02 
 3.251869e+01  3.050328e-02 
 3.251901e+01  3.050334e-02 
 3.251934e+01  3.050339e-02 
 3.251966e+01  3.050345e-02 
 3.251998e+01  3.050350e-02 
 3.252030e+01  3.050356e-02 
 3.252062e+01  3.050361e-02 
 3.252094e+01  3.050367e-02 
 3.252127e+01  3.050372e-02 
 3.252159e+01  3.050378e-02 
 3.252191e+01  3.050383e-02 
 3.252223e+01  3.050389e-02 
 3.252255e+01  3.050394e-02 
 3.252287e+01  3.050400e-02 
 3.252320e+01  3.050405e-02 
 3.252352e+01  3.050411e-02 
 3.252384e+01  3.050417e-02 
 3.252416e+01  3.050422e-02 
 3.252448e+01  3.050428e-02 
 3.252480e+01  3.050433e-02 
 3.252512e+01  3.050439e-02 
 3.252545e+01  3.050444e-02 
 3.252577e+01  3.050450e-02 
 3.252609e+01  3.050455e-02 
 3.252641e+01  3.050461e-02 
 3.252673e+01  3.050466e-02 
 3.252705e+01  3.050471e-02 
 3.252738e+01  3.050477e-02 
 3.252770e+01  3.050482e-02 
 3.252802e+01  3.050487e-02 
 3.252834e+01  3.050493e-02 
 3.252866e+01  3.050498e-02 
 3.252898e+01  3.050503e-02 
 3.252930e+01  3.050508e-02 
 3.252963e+01  3.050513e-02 
 3.252995e+01  3.050518e-02 
 3.253027e+01  3.050523e-02 
 3.253059e+01  3.050527e-02 
 3.253091e+01  3.050532e-02 
 3.253123e+01  3.050537e-02 
 3.253156e+01  3.050542e-02 
 3.253188e+01  3.050546e-02 
 3.253220e+01  3.050551e-02 
 3.253252e+01  3.050555e-02 
 3.253284e+01  3.050559e-02 
 3.253316e+01  3.050563e-02 
 3.253348e+01  3.050567e-02 
 3.253381e+01  3.050571e-02 
 3.253413e+01  3.050575e-02 
 3.253445e+01  3.050578e-02 
 3.253477e+01  3.050582e-02 
 3.253509e+01  3.050585e-02 
 3.253541e+01  3.050588e-02 
 3.253574e+01  3.050591e-02 
 3.253606e+01  3.050594e-02 
 3.253638e+01  3.050597e-02 
 3.253670e+01  3.050600e-02 
 3.253702e+01  3.050603e-02 
 3.253734e+01  3.050605e-02 
 3.253767e+01  3.050607e-02 
 3.253799e+01  3.050609e-02 
 3.253831e+01  3.050611e-02 
 3.253863e+01  3.050613e-02 
 3.253895e+01  3.050614e-02 
 3.253927e+01  3.050615e-02 
 3.253959e+01  3.050617e-02 
 3.253992e+01  3.050618e-02 
 3.254024e+01  3.050618e-02 
 3.254056e+01  3.050619e-02 
 3.254088e+01  3.050619e-02 
 3.254120e+01  3.050620e-02 
 3.254152e+01  3.050620e-02 
 3.254185e+01  3.050619e-02 
 3.254217e+01  3.050619e-02 
 3.254249e+01  3.050619e-02 
 3.254281e+01  3.050618e-02 
 3.254313e+01  3.050617e-02 
 3.254345e+01  3.050616e-02 
 3.254377e+01  3.050614e-02 
 3.254410e+01  3.050613e-02 
 3.254442e+01  3.050611e-02 
 3.254474e+01  3.050609e-02 
 3.254506e+01  3.050607e-02 
 3.254538e+01  3.050604e-02 
 3.254570e+01  3.050602e-02 
 3.254603e+01  3.050599e-02 
 3.254635e+01  3.050596e-02 
 3.254667e+01  3.050593e-02 
 3.254699e+01  3.050590e-02 
 3.254731e+01  3.050586e-02 
 3.254763e+01  3.050582e-02 
 3.254795e+01  3.050578e-02 
 3.254828e+01  3.050574e-02 
 3.254860e+01  3.050570e-02 
 3.254892e+01  3.050565e-02 
 3.254924e+01  3.050561e-02 
 3.254956e+01  3.050556e-02 
 3.254988e+01  3.050551e-02 
 3.255021e+01  3.050545e-02 
 3.255053e+01  3.050540e-02 
 3.255085e+01  3.050534e-02 
 3.255117e+01  3.050529e-02 
 3.255149e+01  3.050522e-02 
 3.255181e+01  3.050516e-02 
 3.255214e+01  3.050510e-02 
 3.255246e+01  3.050503e-02 
 3.255278e+01  3.050497e-02 
 3.255310e+01  3.050490e-02 
 3.255342e+01  3.050483e-02 
 3.255374e+01  3.050476e-02 
 3.255406e+01  3.050469e-02 
 3.255439e+01  3.050461e-02 
 3.255471e+01  3.050454e-02 
 3.255503e+01  3.050446e-02 
 3.255535e+01  3.050438e-02 
 3.255567e+01  3.050430e-02 
 3.255599e+01  3.050422e-02 
 3.255632e+01  3.050413e-02 
 3.255664e+01  3.050405e-02 
 3.255696e+01  3.050396e-02 
 3.255728e+01  3.050388e-02 
 3.255760e+01  3.050379e-02 
 3.255792e+01  3.050370e-02 
 3.255824e+01  3.050361e-02 
 3.255857e+01  3.050352e-02 
 3.255889e+01  3.050342e-02 
 3.255921e+01  3.050333e-02 
 3.255953e+01  3.050323e-02 
 3.255985e+01  3.050314e-02 
 3.256017e+01  3.050304e-02 
 3.256050e+01  3.050294e-02 
 3.256082e+01  3.050284e-02 
 3.256114e+01  3.050274e-02 
 3.256146e+01  3.050264e-02 
 3.256178e+01  3.050254e-02 
 3.256210e+01  3.050244e-02 
 3.256242e+01  3.050233e-02 
 3.256275e+01  3.050223e-02 
 3.256307e+01  3.050212e-02 
 3.256339e+01  3.050202e-02 
 3.256371e+01  3.050191e-02 
 3.256403e+01  3.050181e-02 
 3.256435e+01  3.050170e-02 
 3.256468e+01  3.050159e-02 
 3.256500e+01  3.050148e-02 
 3.256532e+01  3.050137e-02 
 3.256564e+01  3.050126e-02 
 3.256596e+01  3.050115e-02 
 3.256628e+01  3.050104e-02 
 3.256661e+01  3.050093e-02 
 3.256693e+01  3.050082e-02 
 3.256725e+01  3.050070e-02 
 3.256757e+01  3.050059e-02 
 3.256789e+01  3.050048e-02 
 3.256821e+01  3.050036e-02 
 3.256853e+01  3.050025e-02 
 3.256886e+01  3.050014e-02 
 3.256918e+01  3.050002e-02 
 3.256950e+01  3.049991e-02 
 3.256982e+01  3.049979e-02 
 3.257014e+01  3.049968e-02 
 3.257046e+01  3.049956e-02 
 3.257079e+01  3.049945e-02 
 3.257111e+01  3.049933e-02 
 3.257143e+01  3.049922e-02 
 3.257175e+01  3.049910e-02 
 3.257207e+01  3.049899e-02 
 3.257239e+01  3.049887e-02 
 3.257271e+01  3.049876e-02 
 3.257304e+01  3.049864e-02 
 3.257336e+01  3.049853e-02 
 3.257368e+01  3.049842e-02 
 3.257400e+01  3.049830e-02 
 3.257432e+01  3.049819e-02 
 3.257464e+01  3.049808e-02 
 3.257497e+01  3.049796e-02 
 3.257529e+01  3.049785e-02 
 3.257561e+01  3.049774e-02 
 3.257593e+01  3.049762e-02 
 3.257625e+01  3.049751e-02 
 3.257657e+01  3.049740e-02 
 3.257689e+01  3.049729e-02 
 3.257722e+01  3.049718e-02 
 3.257754e+01  3.049707e-02 
 3.257786e+01  3.049696e-02 
 3.257818e+01  3.049685e-02 
 3.257850e+01  3.049674e-02 
 3.257882e+01  3.049663e-02 
 3.257915e+01  3.049653e-02 
 3.257947e+01  3.049642e-02 
 3.257979e+01  3.049631e-02 
 3.258011e+01  3.049621e-02 
 3.258043e+01  3.049610e-02 
 3.258075e+01  3.049600e-02 
 3.258108e+01  3.049590e-02 
 3.258140e+01  3.049579e-02 
 3.258172e+01  3.049569e-02 
 3.258204e+01  3.049559e-02 
 3.258236e+01  3.049549e-02 
 3.258268e+01  3.049539e-02 
 3.258300e+01  3.049529e-02 
 3.258333e+01  3.049519e-02 
 3.258365e+01  3.049510e-02 
 3.258397e+01  3.049500e-02 
 3.258429e+01  3.049491e-02 
 3.258461e+01  3.049481e-02 
 3.258493e+01  3.049472e-02 
 3.258526e+01  3.049463e-02 
 3.258558e+01  3.049454e-02 
 3.258590e+01  3.049445e-02 
 3.258622e+01  3.049436e-02 
 3.258654e+01  3.049427e-02 
 3.258686e+01  3.049418e-02 
 3.258718e+01  3.049409e-02 
 3.258751e+01  3.049401e-02 
 3.258783e+01  3.049392e-02 
 3.258815e+01  3.049384e-02 
 3.258847e+01  3.049376e-02 
 3.258879e+01  3.049367e-02 
 3.258911e+01  3.049359e-02 
 3.258944e+01  3.049351e-02 
 3.258976e+01  3.049343e-02 
 3.259008e+01  3.049335e-02 
 3.259040e+01  3.049328e-02 
 3.259072e+01  3.049320e-02 
 3.259104e+01  3.049313e-02 
 3.259136e+01  3.049305e-02 
 3.259169e+01  3.049298e-02 
 3.259201e+01  3.049290e-02 
 3.259233e+01  3.049283e-02 
 3.259265e+01  3.049276e-02 
 3.259297e+01  3.049269e-02 
 3.259329e+01  3.049262e-02 
 3.259362e+01  3.049255e-02 
 3.259394e+01  3.049249e-02 
 3.259426e+01  3.049242e-02 
 3.259458e+01  3.049235e-02 
 3.259490e+01  3.049229e-02 
 3.259522e+01  3.049222e-02 
 3.259555e+01  3.049216e-02 
 3.259587e+01  3.049210e-02 
 3.259619e+01  3.049203e-02 
 3.259651e+01  3.049197e-02 
 3.259683e+01  3.049191e-02 
 3.259715e+01  3.049185e-02 
 3.259747e+01  3.049179e-02 
 3.259780e+01  3.049174e-02 
 3.259812e+01  3.049168e-02 
 3.259844e+01  3.049162e-02 
 3.259876e+01  3.049156e-02 
 3.259908e+01  3.049151e-02 
 3.259940e+01  3.049145e-02 
 3.259973e+01  3.049140e-02 
 3.260005e+01  3.049134e-02 
 3.260037e+01  3.049129e-02 
 3.260069e+01  3.049124e-02 
 3.260101e+01  3.049119e-02 
 3.260133e+01  3.049113e-02 
 3.260165e+01  3.049108e-02 
 3.260198e+01  3.049103e-02 
 3.260230e+01  3.049098e-02 
 3.260262e+01  3.049093e-02 
 3.260294e+01  3.049088e-02 
 3.260326e+01  3.049084e-02 
 3.260358e+01  3.049079e-02 
 3.260391e+01  3.049074e-02 
 3.260423e+01  3.049069e-02 
 3.260455e+01  3.049065e-02 
 3.260487e+01  3.049060e-02 
 3.260519e+01  3.049055e-02 
 3.260551e+01  3.049051e-02 
 3.260583e+01  3.049046e-02 
 3.260616e+01  3.049042e-02 
 3.260648e+01  3.049038e-02 
 3.260680e+01  3.049033e-02 
 3.260712e+01  3.049029e-02 
 3.260744e+01  3.049025e-02 
 3.260776e+01  3.049021e-02 
 3.260809e+01  3.049016e-02 
 3.260841e+01  3.049012e-02 
 3.260873e+01  3.049008e-02 
 3.260905e+01  3.049004e-02 
 3.260937e+01  3.049000e-02 
 3.260969e+01  3.048996e-02 
 3.261002e+01  3.048992e-02 
 3.261034e+01  3.048988e-02 
 3.261066e+01  3.048985e-02 
 3.261098e+01  3.048981e-02 
 3.261130e+01  3.048977e-02 
 3.261162e+01  3.048973e-02 
 3.261194e+01  3.048970e-02 
 3.261227e+01  3.048966e-02 
 3.261259e+01  3.048962e-02 
 3.261291e+01  3.048959e-02 
 3.261323e+01  3.048955e-02 
 3.261355e+01  3.048952e-02 
 3.261387e+01  3.048948e-02 
 3.261420e+01  3.048945e-02 
 3.261452e+01  3.048941e-02 
 3.261484e+01  3.048938e-02 
 3.261516e+01  3.048935e-02 
 3.261548e+01  3.048931e-02 
 3.261580e+01  3.048928e-02 
 3.261612e+01  3.048925e-02 
 3.261645e+01  3.048921e-02 
 3.261677e+01  3.048918e-02 
 3.261709e+01  3.048915e-02 
 3.261741e+01  3.048912e-02 
 3.261773e+01  3.048909e-02 
 3.261805e+01  3.048906e-02 
 3.261838e+01  3.048903e-02 
 3.261870e+01  3.048899e-02 
 3.261902e+01  3.048896e-02 
 3.261934e+01  3.048893e-02 
 3.261966e+01  3.048890e-02 
 3.261998e+01  3.048887e-02 
 3.262031e+01  3.048884e-02 
 3.262063e+01  3.048881e-02 
 3.262095e+01  3.048878e-02 
 3.262127e+01  3.048875e-02 
 3.262159e+01  3.048872e-02 
 3.262191e+01  3.048869e-02 
 3.262223e+01  3.048866e-02 
 3.262256e+01  3.048863e-02 
 3.262288e+01  3.048860e-02 
 3.262320e+01  3.048858e-02 
 3.262352e+01  3.048855e-02 
 3.262384e+01  3.048852e-02 
 3.262416e+01  3.048849e-02 
 3.262449e+01  3.048846e-02 
 3.262481e+01  3.048843e-02 
 3.262513e+01  3.048840e-02 
 3.262545e+01  3.048837e-02 
 3.262577e+01  3.048833e-02 
 3.262609e+01  3.048830e-02 
 3.262641e+01  3.048827e-02 
 3.262674e+01  3.048824e-02 
 3.262706e+01  3.048821e-02 
 3.262738e+01  3.048818e-02 
 3.262770e+01  3.048815e-02 
 3.262802e+01  3.048812e-02 
 3.262834e+01  3.048809e-02 
 3.262867e+01  3.048805e-02 
 3.262899e+01  3.048802e-02 
 3.262931e+01  3.048799e-02 
 3.262963e+01  3.048796e-02 
 3.262995e+01  3.048792e-02 
 3.263027e+01  3.048789e-02 
 3.263059e+01  3.048785e-02 
 3.263092e+01  3.048782e-02 
 3.263124e+01  3.048778e-02 
 3.263156e+01  3.048775e-02 
 3.263188e+01  3.048771e-02 
 3.263220e+01  3.048768e-02 
 3.263252e+01  3.048764e-02 
 3.263285e+01  3.048761e-02 
 3.263317e+01  3.048757e-02 
 3.263349e+01  3.048753e-02 
 3.263381e+01  3.048749e-02 
 3.263413e+01  3.048746e-02 
 3.263445e+01  3.048742e-02 
 3.263478e+01  3.048738e-02 
 3.263510e+01  3.048734e-02 
 3.263542e+01  3.048730e-02 
 3.263574e+01  3.048726e-02 
 3.263606e+01  3.048722e-02 
 3.263638e+01  3.048718e-02 
 3.263670e+01  3.048713e-02 
 3.263703e+01  3.048709e-02 
 3.263735e+01  3.048705e-02 
 3.263767e+01  3.048701e-02 
 3.263799e+01  3.048697e-02 
 3.263831e+01  3.048692e-02 
 3.263863e+01  3.048688e-02 
 3.263896e+01  3.048684e-02 
 3.263928e+01  3.048679e-02 
 3.263960e+01  3.048675e-02 
 3.263992e+01  3.048670e-02 
 3.264024e+01  3.048666e-02 
 3.264056e+01  3.048661e-02 
 3.264088e+01  3.048657e-02 
 3.264121e+01  3.048652e-02 
 3.264153e+01  3.048647e-02 
 3.264185e+01  3.048643e-02 
 3.264217e+01  3.048638e-02 
 3.264249e+01  3.048633e-02 
 3.264281e+01  3.048629e-02 
 3.264314e+01  3.048624e-02 
 3.264346e+01  3.048619e-02 
 3.264378e+01  3.048614e-02 
 3.264410e+01  3.048610e-02 
 3.264442e+01  3.048605e-02 
 3.264474e+01  3.048600e-02 
 3.264506e+01  3.048595e-02 
 3.264539e+01  3.048590e-02 
 3.264571e+01  3.048586e-02 
 3.264603e+01  3.048581e-02 
 3.264635e+01  3.048576e-02 
 3.264667e+01  3.048571e-02 
 3.264699e+01  3.048566e-02 
 3.264732e+01  3.048561e-02 
 3.264764e+01  3.048556e-02 
 3.264796e+01  3.048552e-02 
 3.264828e+01  3.048547e-02 
 3.264860e+01  3.048542e-02 
 3.264892e+01  3.048537e-02 
 3.264925e+01  3.048532e-02 
 3.264957e+01  3.048527e-02 
 3.264989e+01  3.048522e-02 
 3.265021e+01  3.048517e-02 
 3.265053e+01  3.048513e-02 
 3.265085e+01  3.048508e-02 
 3.265117e+01  3.048503e-02 
 3.265150e+01  3.048498e-02 
 3.265182e+01  3.048493e-02 
 3.265214e+01  3.048488e-02 
 3.265246e+01  3.048483e-02 
 3.265278e+01  3.048478e-02 
 3.265310e+01  3.048474e-02 
 3.265343e+01  3.048469e-02 
 3.265375e+01  3.048464e-02 
 3.265407e+01  3.048459e-02 
 3.265439e+01  3.048454e-02 
 3.265471e+01  3.048449e-02 
 3.265503e+01  3.048444e-02 
 3.265535e+01  3.048439e-02 
 3.265568e+01  3.048434e-02 
 3.265600e+01  3.048429e-02 
 3.265632e+01  3.048425e-02 
 3.265664e+01  3.048420e-02 
 3.265696e+01  3.048415e-02 
 3.265728e+01  3.048410e-02 
 3.265761e+01  3.048405e-02 
 3.265793e+01  3.048400e-02 
 3.265825e+01  3.048395e-02 
 3.265857e+01  3.048390e-02 
 3.265889e+01  3.048384e-02 
 3.265921e+01  3.048379e-02 
 3.265953e+01  3.048374e-02 
 3.265986e+01  3.048369e-02 
 3.266018e+01  3.048364e-02 
 3.266050e+01  3.048359e-02 
 3.266082e+01  3.048353e-02 
 3.266114e+01  3.048348e-02 
 3.266146e+01  3.048343e-02 
 3.266179e+01  3.048337e-02 
 3.266211e+01  3.048332e-02 
 3.266243e+01  3.048326e-02 
 3.266275e+01  3.048321e-02 
 3.266307e+01  3.048315e-02 
 3.266339e+01  3.048309e-02 
 3.266372e+01  3.048304e-02 
 3.266404e+01  3.048298e-02 
 3.266436e+01  3.048292e-02 
 3.266468e+01  3.048286e-02 
 3.266500e+01  3.048280e-02 
 3.266532e+01  3.048274e-02 
 3.266564e+01  3.048268e-02 
 3.266597e+01  3.048262e-02 
 3.266629e+01  3.048255e-02 
 3.266661e+01  3.048249e-02 
 3.266693e+01  3.048242e-02 
 3.266725e+01  3.048236e-02 
 3.266757e+01  3.048229e-02 
 3.266790e+01  3.048223e-02 
 3.266822e+01  3.048216e-02 
 3.266854e+01  3.048209e-02 
 3.266886e+01  3.048202e-02 
 3.266918e+01  3.048195e-02 
 3.266950e+01  3.048187e-02 
 3.266982e+01  3.048180e-02 
 3.267015e+01  3.048173e-02 
 3.267047e+01  3.048165e-02 
 3.267079e+01  3.048158e-02 
 3.267111e+01  3.048150e-02 
 3.267143e+01  3.048142e-02 
 3.267175e+01  3.048134e-02 
 3.267208e+01  3.048126e-02 
 3.267240e+01  3.048118e-02 
 3.267272e+01  3.048110e-02 
 3.267304e+01  3.048101e-02 
 3.267336e+01  3.048093e-02 
 3.267368e+01  3.048084e-02 
 3.267400e+01  3.048075e-02 
 3.267433e+01  3.048067e-02 
 3.267465e+01  3.048058e-02 
 3.267497e+01  3.048049e-02 
 3.267529e+01  3.048039e-02 
 3.267561e+01  3.048030e-02 
 3.267593e+01  3.048021e-02 
 3.267626e+01  3.048011e-02 
 3.267658e+01  3.048002e-02 
 3.267690e+01  3.047992e-02 
 3.267722e+01  3.047982e-02 
 3.267754e+01  3.047972e-02 
 3.267786e+01  3.047962e-02 
 3.267819e+01  3.047952e-02 
 3.267851e+01  3.047942e-02 
 3.267883e+01  3.047931e-02 
 3.267915e+01  3.047921e-02 
 3.267947e+01  3.047910e-02 
 3.267979e+01  3.047900e-02 
 3.268011e+01  3.047889e-02 
 3.268044e+01  3.047878e-02 
 3.268076e+01  3.047867e-02 
 3.268108e+01  3.047856e-02 
 3.268140e+01  3.047845e-02 
 3.268172e+01  3.047833e-02 
 3.268204e+01  3.047822e-02 
 3.268237e+01  3.047810e-02 
 3.268269e+01  3.047799e-02 
 3.268301e+01  3.047787e-02 
 3.268333e+01  3.047776e-02 
 3.268365e+01  3.047764e-02 
 3.268397e+01  3.047752e-02 
 3.268429e+01  3.047740e-02 
 3.268462e+01  3.047728e-02 
 3.268494e+01  3.047716e-02 
 3.268526e+01  3.047704e-02 
 3.268558e+01  3.047692e-02 
 3.268590e+01  3.047680e-02 
 3.268622e+01  3.047667e-02 
 3.268655e+01  3.047655e-02 
 3.268687e+01  3.047642e-02 
 3.268719e+01  3.047630e-02 
 3.268751e+01  3.047617e-02 
 3.268783e+01  3.047605e-02 
 3.268815e+01  3.047592e-02 
 3.268847e+01  3.047579e-02 
 3.268880e+01  3.047567e-02 
 3.268912e+01  3.047554e-02 
 3.268944e+01  3.047541e-02 
 3.268976e+01  3.047529e-02 
 3.269008e+01  3.047516e-02 
 3.269040e+01  3.047503e-02 
 3.269073e+01  3.047490e-02 
 3.269105e+01  3.047477e-02 
 3.269137e+01  3.047465e-02 
 3.269169e+01  3.047452e-02 
 3.269201e+01  3.047439e-02 
 3.269233e+01  3.047426e-02 
 3.269266e+01  3.047413e-02 
 3.269298e+01  3.047400e-02 
 3.269330e+01  3.047387e-02 
 3.269362e+01  3.047374e-02 
 3.269394e+01  3.047362e-02 
 3.269426e+01  3.047349e-02 
 3.269458e+01  3.047336e-02 
 3.269491e+01  3.047323e-02 
 3.269523e+01  3.047310e-02 
 3.269555e+01  3.047298e-02 
 3.269587e+01  3.047285e-02 
 3.269619e+01  3.047272e-02 
 3.269651e+01  3.047260e-02 
 3.269684e+01  3.047247e-02 
 3.269716e+01  3.047234e-02 
 3.269748e+01  3.047222e-02 
 3.269780e+01  3.047209e-02 
 3.269812e+01  3.047197e-02 
 3.269844e+01  3.047185e-02 
 3.269876e+01  3.047172e-02 
 3.269909e+01  3.047160e-02 
 3.269941e+01  3.047148e-02 
 3.269973e+01  3.047136e-02 
 3.270005e+01  3.047124e-02 
 3.270037e+01  3.047111e-02 
 3.270069e+01  3.047099e-02 
 3.270102e+01  3.047088e-02 
 3.270134e+01  3.047076e-02 
 3.270166e+01  3.047064e-02 
 3.270198e+01  3.047052e-02 
 3.270230e+01  3.047040e-02 
 3.270262e+01  3.047029e-02 
 3.270294e+01  3.047017e-02 
 3.270327e+01  3.047006e-02 
 3.270359e+01  3.046994e-02 
 3.270391e+01  3.046983e-02 
 3.270423e+01  3.046972e-02 
 3.270455e+01  3.046961e-02 
 3.270487e+01  3.046950e-02 
 3.270520e+01  3.046939e-02 
 3.270552e+01  3.046928e-02 
 3.270584e+01  3.046917e-02 
 3.270616e+01  3.046906e-02 
 3.270648e+01  3.046896e-02 
 3.270680e+01  3.046885e-02 
 3.270713e+01  3.046874e-02 
 3.270745e+01  3.046864e-02 
 3.270777e+01  3.046854e-02 
 3.270809e+01  3.046843e-02 
 3.270841e+01  3.046833e-02 
 3.270873e+01  3.046823e-02 
 3.270905e+01  3.046813e-02 
 3.270938e+01  3.046803e-02 
 3.270970e+01  3.046793e-02 
 3.271002e+01  3.046783e-02 
 3.271034e+01  3.046773e-02 
 3.271066e+01  3.046764e-02 
 3.271098e+01  3.046754e-02 
 3.271131e+01  3.046745e-02 
 3.271163e+01  3.046735e-02 
 3.271195e+01  3.046726e-02 
 3.271227e+01  3.046717e-02 
 3.271259e+01  3.046707e-02 
 3.271291e+01  3.046698e-02 
 3.271323e+01  3.046689e-02 
 3.271356e+01  3.046680e-02 
 3.271388e+01  3.046671e-02 
 3.271420e+01  3.046662e-02 
 3.271452e+01  3.046653e-02 
 3.271484e+01  3.046644e-02 
 3.271516e+01  3.046636e-02 
 3.271549e+01  3.046627e-02 
 3.271581e+01  3.046618e-02 
 3.271613e+01  3.046610e-02 
 3.271645e+01  3.046601e-02 
 3.271677e+01  3.046593e-02 
 3.271709e+01  3.046584e-02 
 3.271742e+01  3.046576e-02 
 3.271774e+01  3.046568e-02 
 3.271806e+01  3.046559e-02 
 3.271838e+01  3.046551e-02 
 3.271870e+01  3.046543e-02 
 3.271902e+01  3.046535e-02 
 3.271934e+01  3.046526e-02 
 3.271967e+01  3.046518e-02 
 3.271999e+01  3.046510e-02 
 3.272031e+01  3.046502e-02 
 3.272063e+01  3.046494e-02 
 3.272095e+01  3.046486e-02 
 3.272127e+01  3.046478e-02 
 3.272160e+01  3.046470e-02 
 3.272192e+01  3.046462e-02 
 3.272224e+01  3.046454e-02 
 3.272256e+01  3.046446e-02 
 3.272288e+01  3.046438e-02 
 3.272320e+01  3.046430e-02 
 3.272352e+01  3.046422e-02 
 3.272385e+01  3.046414e-02 
 3.272417e+01  3.046406e-02 
 3.272449e+01  3.046398e-02 
 3.272481e+01  3.046390e-02 
 3.272513e+01  3.046382e-02 
 3.272545e+01  3.046374e-02 
 3.272578e+01  3.046366e-02 
 3.272610e+01  3.046358e-02 
 3.272642e+01  3.046351e-02 
 3.272674e+01  3.046343e-02 
 3.272706e+01  3.046335e-02 
 3.272738e+01  3.046327e-02 
 3.272770e+01  3.046319e-02 
 3.272803e+01  3.046311e-02 
 3.272835e+01  3.046303e-02 
 3.272867e+01  3.046295e-02 
 3.272899e+01  3.046287e-02 
 3.272931e+01  3.046279e-02 
 3.272963e+01  3.046271e-02 
 3.272996e+01  3.046262e-02 
 3.273028e+01  3.046254e-02 
 3.273060e+01  3.046246e-02 
 3.273092e+01  3.046238e-02 
 3.273124e+01  3.046230e-02 
 3.273156e+01  3.046222e-02 
 3.273189e+01  3.046214e-02 
 3.273221e+01  3.046205e-02 
 3.273253e+01  3.046197e-02 
 3.273285e+01  3.046189e-02 
 3.273317e+01  3.046181e-02 
 3.273349e+01  3.046172e-02 
 3.273381e+01  3.046164e-02 
 3.273414e+01  3.046156e-02 
 3.273446e+01  3.046147e-02 
 3.273478e+01  3.046139e-02 
 3.273510e+01  3.046130e-02 
 3.273542e+01  3.046122e-02 
 3.273574e+01  3.046113e-02 
 3.273607e+01  3.046105e-02 
 3.273639e+01  3.046096e-02 
 3.273671e+01  3.046088e-02 
 3.273703e+01  3.046079e-02 
 3.273735e+01  3.046071e-02 
 3.273767e+01  3.046062e-02 
 3.273799e+01  3.046053e-02 
 3.273832e+01  3.046045e-02 
 3.273864e+01  3.046036e-02 
 3.273896e+01  3.046027e-02 
 3.273928e+01  3.046019e-02 
 3.273960e+01  3.046010e-02 
 3.273992e+01  3.046001e-02 
 3.274025e+01  3.045992e-02 
 3.274057e+01  3.045984e-02 
 3.274089e+01  3.045975e-02 
 3.274121e+01  3.045966e-02 
 3.274153e+01  3.045957e-02 
 3.274185e+01  3.045948e-02 
 3.274217e+01  3.045939e-02 
 3.274250e+01  3.045930e-02 
 3.274282e+01  3.045921e-02 
 3.274314e+01  3.045912e-02 
 3.274346e+01  3.045903e-02 
 3.274378e+01  3.045894e-02 
 3.274410e+01  3.045885e-02 
 3.274443e+01  3.045876e-02 
 3.274475e+01  3.045867e-02 
 3.274507e+01  3.045858e-02 
 3.274539e+01  3.045849e-02 
 3.274571e+01  3.045840e-02 
 3.274603e+01  3.045831e-02 
 3.274636e+01  3.045822e-02 
 3.274668e+01  3.045813e-02 
 3.274700e+01  3.045804e-02 
 3.274732e+01  3.045795e-02 
 3.274764e+01  3.045785e-02 
 3.274796e+01  3.045776e-02 
 3.274828e+01  3.045767e-02 
 3.274861e+01  3.045758e-02 
 3.274893e+01  3.045749e-02 
 3.274925e+01  3.045740e-02 
 3.274957e+01  3.045730e-02 
 3.274989e+01  3.045721e-02 
 3.275021e+01  3.045712e-02 
 3.275054e+01  3.045703e-02 
 3.275086e+01  3.045693e-02 
 3.275118e+01  3.045684e-02 
 3.275150e+01  3.045675e-02 
 3.275182e+01  3.045665e-02 
 3.275214e+01  3.045656e-02 
 3.275246e+01  3.045647e-02 
 3.275279e+01  3.045637e-02 
 3.275311e+01  3.045628e-02 
 3.275343e+01  3.045619e-02 
 3.275375e+01  3.045609e-02 
 3.275407e+01  3.045600e-02 
 3.275439e+01  3.045591e-02 
 3.275472e+01  3.045581e-02 
 3.275504e+01  3.045572e-02 
 3.275536e+01  3.045562e-02 
 3.275568e+01  3.045553e-02 
 3.275600e+01  3.045543e-02 
 3.275632e+01  3.045534e-02 
 3.275664e+01  3.045524e-02 
 3.275697e+01  3.045515e-02 
 3.275729e+01  3.045505e-02 
 3.275761e+01  3.045496e-02 
 3.275793e+01  3.045486e-02 
 3.275825e+01  3.045477e-02 
 3.275857e+01  3.045467e-02 
 3.275890e+01  3.045458e-02 
 3.275922e+01  3.045448e-02 
 3.275954e+01  3.045438e-02 
 3.275986e+01  3.045429e-02 
 3.276018e+01  3.045419e-02 
 3.276050e+01  3.045410e-02 
 3.276083e+01  3.045400e-02 
 3.276115e+01  3.045390e-02 
 3.276147e+01  3.045380e-02 
 3.276179e+01  3.045371e-02 
 3.276211e+01  3.045361e-02 
 3.276243e+01  3.045351e-02 
 3.276275e+01  3.045341e-02 
 3.276308e+01  3.045332e-02 
 3.276340e+01  3.045322e-02 
 3.276372e+01  3.045312e-02 
 3.276404e+01  3.045302e-02 
 3.276436e+01  3.045292e-02 
 3.276468e+01  3.045282e-02 
 3.276501e+01  3.045272e-02 
 3.276533e+01  3.045262e-02 
 3.276565e+01  3.045252e-02 
 3.276597e+01  3.045242e-02 
 3.276629e+01  3.045232e-02 
 3.276661e+01  3.045222e-02 
 3.276693e+01  3.045212e-02 
 3.276726e+01  3.045202e-02 
 3.276758e+01  3.045192e-02 
 3.276790e+01  3.045181e-02 
 3.276822e+01  3.045171e-02 
 3.276854e+01  3.045161e-02 
 3.276886e+01  3.045151e-02 
 3.276919e+01  3.045140e-02 
 3.276951e+01  3.045130e-02 
 3.276983e+01  3.045119e-02 
 3.277015e+01  3.045109e-02 
 3.277047e+01  3.045098e-02 
 3.277079e+01  3.045088e-02 
 3.277111e+01  3.045077e-02 
 3.277144e+01  3.045067e-02 
 3.277176e+01  3.045056e-02 
 3.277208e+01  3.045045e-02 
 3.277240e+01  3.045035e-02 
 3.277272e+01  3.045024e-02 
 3.277304e+01  3.045013e-02 
 3.277337e+01  3.045002e-02 
 3.277369e+01  3.044991e-02 
 3.277401e+01  3.044980e-02 
 3.277433e+01  3.044969e-02 
 3.277465e+01  3.044958e-02 
 3.277497e+01  3.044947e-02 
 3.277530e+01  3.044936e-02 
 3.277562e+01  3.044924e-02 
 3.277594e+01  3.044913e-02 
 3.277626e+01  3.044902e-02 
 3.277658e+01  3.044890e-02 
 3.277690e+01  3.044879e-02 
 3.277722e+01  3.044867e-02 
 3.277755e+01  3.044855e-02 
 3.277787e+01  3.044844e-02 
 3.277819e+01  3.044832e-02 
 3.277851e+01  3.044820e-02 
 3.277883e+01  3.044808e-02 
 3.277915e+01  3.044796e-02 
 3.277948e+01  3.044784e-02 
 3.277980e+01  3.044771e-02 
 3.278012e+01  3.044759e-02 
 3.278044e+01  3.044747e-02 
 3.278076e+01  3.044734e-02 
 3.278108e+01  3.044722e-02 
 3.278140e+01  3.044709e-02 
 3.278173e+01  3.044696e-02 
 3.278205e+01  3.044683e-02 
 3.278237e+01  3.044670e-02 
 3.278269e+01  3.044657e-02 
 3.278301e+01  3.044644e-02 
 3.278333e+01  3.044631e-02 
 3.278366e+01  3.044617e-02 
 3.278398e+01  3.044604e-02 
 3.278430e+01  3.044590e-02 
 3.278462e+01  3.044577e-02 
 3.278494e+01  3.044563e-02 
 3.278526e+01  3.044549e-02 
 3.278558e+01  3.044535e-02 
 3.278591e+01  3.044520e-02 
 3.278623e+01  3.044506e-02 
 3.278655e+01  3.044492e-02 
 3.278687e+01  3.044477e-02 
 3.278719e+01  3.044462e-02 
 3.278751e+01  3.044447e-02 
 3.278784e+01  3.044432e-02 
 3.278816e+01  3.044417e-02 
 3.278848e+01  3.044402e-02 
 3.278880e+01  3.044386e-02 
 3.278912e+01  3.044371e-02 
 3.278944e+01  3.044355e-02 
 3.278977e+01  3.044339e-02 
 3.279009e+01  3.044323e-02 
 3.279041e+01  3.044306e-02 
 3.279073e+01  3.044290e-02 
 3.279105e+01  3.044273e-02 
 3.279137e+01  3.044257e-02 
 3.279169e+01  3.044240e-02 
 3.279202e+01  3.044223e-02 
 3.279234e+01  3.044206e-02 
 3.279266e+01  3.044188e-02 
 3.279298e+01  3.044170e-02 
 3.279330e+01  3.044153e-02 
 3.279362e+01  3.044135e-02 
 3.279395e+01  3.044116e-02 
 3.279427e+01  3.044098e-02 
 3.279459e+01  3.044080e-02 
 3.279491e+01  3.044061e-02 
 3.279523e+01  3.044042e-02 
 3.279555e+01  3.044023e-02 
 3.279587e+01  3.044004e-02 
 3.279620e+01  3.043984e-02 
 3.279652e+01  3.043964e-02 
 3.279684e+01  3.043945e-02 
 3.279716e+01  3.043924e-02 
 3.279748e+01  3.043904e-02 
 3.279780e+01  3.043884e-02 
 3.279813e+01  3.043863e-02 
 3.279845e+01  3.043842e-02 
 3.279877e+01  3.043821e-02 
 3.279909e+01  3.043800e-02 
 3.279941e+01  3.043778e-02 
 3.279973e+01  3.043757e-02 
 3.280005e+01  3.043735e-02 
 3.280038e+01  3.043713e-02 
 3.280070e+01  3.043691e-02 
 3.280102e+01  3.043668e-02 
 3.280134e+01  3.043646e-02 
 3.280166e+01  3.043623e-02 
 3.280198e+01  3.043600e-02 
 3.280231e+01  3.043576e-02 
 3.280263e+01  3.043553e-02 
 3.280295e+01  3.043529e-02 
 3.280327e+01  3.043505e-02 
 3.280359e+01  3.043481e-02 
 3.280391e+01  3.043457e-02 
 3.280424e+01  3.043433e-02 
 3.280456e+01  3.043408e-02 
 3.280488e+01  3.043383e-02 
 3.280520e+01  3.043358e-02 
 3.280552e+01  3.043333e-02 
 3.280584e+01  3.043308e-02 
 3.280616e+01  3.043282e-02 
 3.280649e+01  3.043257e-02 
 3.280681e+01  3.043231e-02 
 3.280713e+01  3.043205e-02 
 3.280745e+01  3.043178e-02 
 3.280777e+01  3.043152e-02 
 3.280809e+01  3.043126e-02 
 3.280842e+01  3.043099e-02 
 3.280874e+01  3.043072e-02 
 3.280906e+01  3.043045e-02 
 3.280938e+01  3.043018e-02 
 3.280970e+01  3.042991e-02 
 3.281002e+01  3.042963e-02 
 3.281034e+01  3.042936e-02 
 3.281067e+01  3.042908e-02 
 3.281099e+01  3.042880e-02 
 3.281131e+01  3.042852e-02 
 3.281163e+01  3.042824e-02 
 3.281195e+01  3.042796e-02 
 3.281227e+01  3.042767e-02 
 3.281260e+01  3.042739e-02 
 3.281292e+01  3.042710e-02 
 3.281324e+01  3.042681e-02 
 3.281356e+01  3.042653e-02 
 3.281388e+01  3.042624e-02 
 3.281420e+01  3.042595e-02 
 3.281452e+01  3.042566e-02 
 3.281485e+01  3.042537e-02 
 3.281517e+01  3.042507e-02 
 3.281549e+01  3.042478e-02 
 3.281581e+01  3.042449e-02 
 3.281613e+01  3.042419e-02 
 3.281645e+01  3.042390e-02 
 3.281678e+01  3.042360e-02 
 3.281710e+01  3.042330e-02 
 3.281742e+01  3.042300e-02 
 3.281774e+01  3.042271e-02 
 3.281806e+01  3.042241e-02 
 3.281838e+01  3.042211e-02 
 3.281871e+01  3.042181e-02 
 3.281903e+01  3.042151e-02 
 3.281935e+01  3.042121e-02 
 3.281967e+01  3.042091e-02 
 3.281999e+01  3.042061e-02 
 3.282031e+01  3.042031e-02 
 3.282063e+01  3.042001e-02 
 3.282096e+01  3.041971e-02 
 3.282128e+01  3.041941e-02 
 3.282160e+01  3.041911e-02 
 3.282192e+01  3.041881e-02 
 3.282224e+01  3.041851e-02 
 3.282256e+01  3.041821e-02 
 3.282289e+01  3.041791e-02 
 3.282321e+01  3.041760e-02 
 3.282353e+01  3.041730e-02 
 3.282385e+01  3.041700e-02 
 3.282417e+01  3.041670e-02 
 3.282449e+01  3.041640e-02 
 3.282481e+01  3.041610e-02 
 3.282514e+01  3.041581e-02 
 3.282546e+01  3.041551e-02 
 3.282578e+01  3.041521e-02 
 3.282610e+01  3.041491e-02 
 3.282642e+01  3.041461e-02 
 3.282674e+01  3.041431e-02 
 3.282707e+01  3.041401e-02 
 3.282739e+01  3.041372e-02 
 3.282771e+01  3.041342e-02 
 3.282803e+01  3.041312e-02 
 3.282835e+01  3.041283e-02 
 3.282867e+01  3.041253e-02 
 3.282899e+01  3.041223e-02 
 3.282932e+01  3.041194e-02 
 3.282964e+01  3.041164e-02 
 3.282996e+01  3.041135e-02 
 3.283028e+01  3.041106e-02 
 3.283060e+01  3.041076e-02 
 3.283092e+01  3.041047e-02 
 3.283125e+01  3.041018e-02 
 3.283157e+01  3.040989e-02 
 3.283189e+01  3.040960e-02 
 3.283221e+01  3.040931e-02 
 3.283253e+01  3.040902e-02 
 3.283285e+01  3.040873e-02 
 3.283318e+01  3.040844e-02 
 3.283350e+01  3.040815e-02 
 3.283382e+01  3.040786e-02 
 3.283414e+01  3.040757e-02 
 3.283446e+01  3.040728e-02 
 3.283478e+01  3.040700e-02 
 3.283510e+01  3.040671e-02 
 3.283543e+01  3.040642e-02 
 3.283575e+01  3.040614e-02 
 3.283607e+01  3.040585e-02 
 3.283639e+01  3.040557e-02 
 3.283671e+01  3.040528e-02 
 3.283703e+01  3.040500e-02 
 3.283736e+01  3.040472e-02 
 3.283768e+01  3.040443e-02 
 3.283800e+01  3.040415e-02 
 3.283832e+01  3.040387e-02 
 3.283864e+01  3.040358e-02 
 3.283896e+01  3.040330e-02 
 3.283928e+01  3.040302e-02 
 3.283961e+01  3.040274e-02 
 3.283993e+01  3.040246e-02 
 3.284025e+01  3.040218e-02 
 3.284057e+01  3.040190e-02 
 3.284089e+01  3.040161e-02 
 3.284121e+01  3.040133e-02 
 3.284154e+01  3.040106e-02 
 3.284186e+01  3.040078e-02 
 3.284218e+01  3.040050e-02 
 3.284250e+01  3.040022e-02 
 3.284282e+01  3.039994e-02 
 3.284314e+01  3.039966e-02 
 3.284346e+01  3.039938e-02 
 3.284379e+01  3.039910e-02 
 3.284411e+01  3.039882e-02 
 3.284443e+01  3.039854e-02 
 3.284475e+01  3.039826e-02 
 3.284507e+01  3.039798e-02 
 3.284539e+01  3.039771e-02 
 3.284572e+01  3.039743e-02 
 3.284604e+01  3.039715e-02 
 3.284636e+01  3.039687e-02 
 3.284668e+01  3.039659e-02 
 3.284700e+01  3.039631e-02 
 3.284732e+01  3.039604e-02 
 3.284765e+01  3.039576e-02 
 3.284797e+01  3.039548e-02 
 3.284829e+01  3.039520e-02 
 3.284861e+01  3.039492e-02 
 3.284893e+01  3.039464e-02 
 3.284925e+01  3.039436e-02 
 3.284957e+01  3.039408e-02 
 3.284990e+01  3.039380e-02 
 3.285022e+01  3.039353e-02 
 3.285054e+01  3.039325e-02 
 3.285086e+01  3.039297e-02 
 3.285118e+01  3.039269e-02 
 3.285150e+01  3.039241e-02 
 3.285183e+01  3.039213e-02 
 3.285215e+01  3.039185e-02 
 3.285247e+01  3.039157e-02 
 3.285279e+01  3.039129e-02 
 3.285311e+01  3.039101e-02 
 3.285343e+01  3.039073e-02 
 3.285375e+01  3.039044e-02 
 3.285408e+01  3.039016e-02 
 3.285440e+01  3.038988e-02 
 3.285472e+01  3.038960e-02 
 3.285504e+01  3.038932e-02 
 3.285536e+01  3.038904e-02 
 3.285568e+01  3.038876e-02 
 3.285601e+01  3.038847e-02 
 3.285633e+01  3.038819e-02 
 3.285665e+01  3.038791e-02 
 3.285697e+01  3.038763e-02 
 3.285729e+01  3.038734e-02 
 3.285761e+01  3.038706e-02 
 3.285793e+01  3.038678e-02 
 3.285826e+01  3.038649e-02 
 3.285858e+01  3.038621e-02 
 3.285890e+01  3.038593e-02 
 3.285922e+01  3.038564e-02 
 3.285954e+01  3.038536e-02 
 3.285986e+01  3.038508e-02 
 3.286019e+01  3.038479e-02 
 3.286051e+01  3.038451e-02 
 3.286083e+01  3.038422e-02 
 3.286115e+01  3.038394e-02 
 3.286147e+01  3.038365e-02 
 3.286179e+01  3.038337e-02 
 3.286212e+01  3.038308e-02 
 3.286244e+01  3.038280e-02 
 3.286276e+01  3.038251e-02 
 3.286308e+01  3.038223e-02 
 3.286340e+01  3.038194e-02 
 3.286372e+01  3.038166e-02 
 3.286404e+01  3.038137e-02 
 3.286437e+01  3.038109e-02 
 3.286469e+01  3.038080e-02 
 3.286501e+01  3.038052e-02 
 3.286533e+01  3.038023e-02 
 3.286565e+01  3.037995e-02 
 3.286597e+01  3.037966e-02 
 3.286630e+01  3.037937e-02 
 3.286662e+01  3.037909e-02 
 3.286694e+01  3.037880e-02 
 3.286726e+01  3.037852e-02 
 3.286758e+01  3.037823e-02 
 3.286790e+01  3.037795e-02 
 3.286822e+01  3.037766e-02 
 3.286855e+01  3.037738e-02 
 3.286887e+01  3.037709e-02 
 3.286919e+01  3.037681e-02 
 3.286951e+01  3.037652e-02 
 3.286983e+01  3.037624e-02 
 3.287015e+01  3.037595e-02 
 3.287048e+01  3.037567e-02 
 3.287080e+01  3.037538e-02 
 3.287112e+01  3.037510e-02 
 3.287144e+01  3.037481e-02 
 3.287176e+01  3.037453e-02 
 3.287208e+01  3.037425e-02 
 3.287240e+01  3.037396e-02 
 3.287273e+01  3.037368e-02 
 3.287305e+01  3.037339e-02 
 3.287337e+01  3.037311e-02 
 3.287369e+01  3.037283e-02 
 3.287401e+01  3.037254e-02 
 3.287433e+01  3.037226e-02 
 3.287466e+01  3.037198e-02 
 3.287498e+01  3.037170e-02 
 3.287530e+01  3.037141e-02 
 3.287562e+01  3.037113e-02 
 3.287594e+01  3.037085e-02 
 3.287626e+01  3.037057e-02 
 3.287659e+01  3.037029e-02 
 3.287691e+01  3.037000e-02 
 3.287723e+01  3.036972e-02 
 3.287755e+01  3.036944e-02 
 3.287787e+01  3.036916e-02 
 3.287819e+01  3.036888e-02 
 3.287851e+01  3.036860e-02 
 3.287884e+01  3.036832e-02 
 3.287916e+01  3.036804e-02 
 3.287948e+01  3.036776e-02 
 3.287980e+01  3.036748e-02 
 3.288012e+01  3.036720e-02 
 3.288044e+01  3.036692e-02 
 3.288077e+01  3.036664e-02 
 3.288109e+01  3.036637e-02 
 3.288141e+01  3.036609e-02 
 3.288173e+01  3.036581e-02 
 3.288205e+01  3.036553e-02 
 3.288237e+01  3.036525e-02 
 3.288269e+01  3.036498e-02 
 3.288302e+01  3.036470e-02 
 3.288334e+01  3.036442e-02 
 3.288366e+01  3.036414e-02 
 3.288398e+01  3.036387e-02 
 3.288430e+01  3.036359e-02 
 3.288462e+01  3.036331e-02 
 3.288495e+01  3.036304e-02 
 3.288527e+01  3.036276e-02 
 3.288559e+01  3.036248e-02 
 3.288591e+01  3.036221e-02 
 3.288623e+01  3.036193e-02 
 3.288655e+01  3.036166e-02 
 3.288687e+01  3.036138e-02 
 3.288720e+01  3.036111e-02 
 3.288752e+01  3.036083e-02 
 3.288784e+01  3.036056e-02 
 3.288816e+01  3.036028e-02 
 3.288848e+01  3.036001e-02 
 3.288880e+01  3.035973e-02 
 3.288913e+01  3.035946e-02 
 3.288945e+01  3.035918e-02 
 3.288977e+01  3.035891e-02 
 3.289009e+01  3.035863e-02 
 3.289041e+01  3.035836e-02 
 3.289073e+01  3.035808e-02 
 3.289106e+01  3.035781e-02 
 3.289138e+01  3.035754e-02 
 3.289170e+01  3.035726e-02 
 3.289202e+01  3.035699e-02 
 3.289234e+01  3.035671e-02 
 3.289266e+01  3.035644e-02 
 3.289298e+01  3.035616e-02 
 3.289331e+01  3.035589e-02 
 3.289363e+01  3.035562e-02 
 3.289395e+01  3.035534e-02 
 3.289427e+01  3.035507e-02 
 3.289459e+01  3.035479e-02 
 3.289491e+01  3.035452e-02 
 3.289524e+01  3.035424e-02 
 3.289556e+01  3.035397e-02 
 3.289588e+01  3.035370e-02 
 3.289620e+01  3.035342e-02 
 3.289652e+01  3.035315e-02 
 3.289684e+01  3.035287e-02 
 3.289716e+01  3.035260e-02 
 3.289749e+01  3.035232e-02 
 3.289781e+01  3.035205e-02 
 3.289813e+01  3.035177e-02 
 3.289845e+01  3.035150e-02 
 3.289877e+01  3.035122e-02 
 3.289909e+01  3.035095e-02 
 3.289942e+01  3.035067e-02 
 3.289974e+01  3.035040e-02 
 3.290006e+01  3.035012e-02 
 3.290038e+01  3.034985e-02 
 3.290070e+01  3.034957e-02 
 3.290102e+01  3.034930e-02 
 3.290134e+01  3.034902e-02 
 3.290167e+01  3.034874e-02 
 3.290199e+01  3.034847e-02 
 3.290231e+01  3.034819e-02 
 3.290263e+01  3.034792e-02 
 3.290295e+01  3.034764e-02 
 3.290327e+01  3.034736e-02 
 3.290360e+01  3.034709e-02 
 3.290392e+01  3.034681e-02 
 3.290424e+01  3.034653e-02 
 3.290456e+01  3.034626e-02 
 3.290488e+01  3.034598e-02 
 3.290520e+01  3.034570e-02 
 3.290553e+01  3.034542e-02 
 3.290585e+01  3.034515e-02 
 3.290617e+01  3.034487e-02 
 3.290649e+01  3.034459e-02 
 3.290681e+01  3.034431e-02 
 3.290713e+01  3.034403e-02 
 3.290745e+01  3.034376e-02 
 3.290778e+01  3.034348e-02 
 3.290810e+01  3.034320e-02 
 3.290842e+01  3.034292e-02 
 3.290874e+01  3.034264e-02 
 3.290906e+01  3.034236e-02 
 3.290938e+01  3.034208e-02 
 3.290971e+01  3.034180e-02 
 3.291003e+01  3.034152e-02 
 3.291035e+01  3.034124e-02 
 3.291067e+01  3.034096e-02 
 3.291099e+01  3.034068e-02 
 3.291131e+01  3.034040e-02 
 3.291163e+01  3.034012e-02 
 3.291196e+01  3.033984e-02 
 3.291228e+01  3.033956e-02 
 3.291260e+01  3.033928e-02 
 3.291292e+01  3.033900e-02 
 3.291324e+01  3.033872e-02 
 3.291356e+01  3.033843e-02 
 3.291389e+01  3.033815e-02 
 3.291421e+01  3.033787e-02 
 3.291453e+01  3.033759e-02 
 3.291485e+01  3.033730e-02 
 3.291517e+01  3.033702e-02 
 3.291549e+01  3.033674e-02 
 3.291581e+01  3.033645e-02 
 3.291614e+01  3.033617e-02 
 3.291646e+01  3.033589e-02 
 3.291678e+01  3.033560e-02 
 3.291710e+01  3.033532e-02 
 3.291742e+01  3.033503e-02 
 3.291774e+01  3.033475e-02 
 3.291807e+01  3.033446e-02 
 3.291839e+01  3.033418e-02 
 3.291871e+01  3.033389e-02 
 3.291903e+01  3.033361e-02 
 3.291935e+01  3.033332e-02 
 3.291967e+01  3.033303e-02 
 3.292000e+01  3.033275e-02 
 3.292032e+01  3.033246e-02 
 3.292064e+01  3.033217e-02 
 3.292096e+01  3.033189e-02 
 3.292128e+01  3.033160e-02 
 3.292160e+01  3.033131e-02 
 3.292192e+01  3.033102e-02 
 3.292225e+01  3.033073e-02 
 3.292257e+01  3.033044e-02 
 3.292289e+01  3.033015e-02 
 3.292321e+01  3.032986e-02 
 3.292353e+01  3.032957e-02 
 3.292385e+01  3.032928e-02 
 3.292418e+01  3.032899e-02 
 3.292450e+01  3.032870e-02 
 3.292482e+01  3.032841e-02 
 3.292514e+01  3.032812e-02 
 3.292546e+01  3.032783e-02 
 3.292578e+01  3.032753e-02 
 3.292610e+01  3.032724e-02 
 3.292643e+01  3.032695e-02 
 3.292675e+01  3.032665e-02 
 3.292707e+01  3.032636e-02 
 3.292739e+01  3.032606e-02 
 3.292771e+01  3.032577e-02 
 3.292803e+01  3.032547e-02 
 3.292836e+01  3.032518e-02 
 3.292868e+01  3.032488e-02 
 3.292900e+01  3.032459e-02 
 3.292932e+01  3.032429e-02 
 3.292964e+01  3.032399e-02 
 3.292996e+01  3.032370e-02 
 3.293028e+01  3.032340e-02 
 3.293061e+01  3.032310e-02 
 3.293093e+01  3.032280e-02 
 3.293125e+01  3.032250e-02 
 3.293157e+01  3.032220e-02 
 3.293189e+01  3.032190e-02 
 3.293221e+01  3.032160e-02 
 3.293254e+01  3.032130e-02 
 3.293286e+01  3.032100e-02 
 3.293318e+01  3.032070e-02 
 3.293350e+01  3.032039e-02 
 3.293382e+01  3.032009e-02 
 3.293414e+01  3.031979e-02 
 3.293447e+01  3.031948e-02 
 3.293479e+01  3.031918e-02 
 3.293511e+01  3.031888e-02 
 3.293543e+01  3.031857e-02 
 3.293575e+01  3.031827e-02 
 3.293607e+01  3.031796e-02 
 3.293639e+01  3.031765e-02 
 3.293672e+01  3.031735e-02 
 3.293704e+01  3.031704e-02 
 3.293736e+01  3.031673e-02 
 3.293768e+01  3.031642e-02 
 3.293800e+01  3.031611e-02 
 3.293832e+01  3.031581e-02 
 3.293865e+01  3.031550e-02 
 3.293897e+01  3.031519e-02 
 3.293929e+01  3.031487e-02 
 3.293961e+01  3.031456e-02 
 3.293993e+01  3.031425e-02 
 3.294025e+01  3.031394e-02 
 3.294057e+01  3.031363e-02 
 3.294090e+01  3.031331e-02 
 3.294122e+01  3.031300e-02 
 3.294154e+01  3.031269e-02 
 3.294186e+01  3.031237e-02 
 3.294218e+01  3.031206e-02 
 3.294250e+01  3.031174e-02 
 3.294283e+01  3.031143e-02 
 3.294315e+01  3.031111e-02 
 3.294347e+01  3.031079e-02 
 3.294379e+01  3.031047e-02 
 3.294411e+01  3.031016e-02 
 3.294443e+01  3.030984e-02 
 3.294475e+01  3.030952e-02 
 3.294508e+01  3.030920e-02 
 3.294540e+01  3.030888e-02 
 3.294572e+01  3.030856e-02 
 3.294604e+01  3.030824e-02 
 3.294636e+01  3.030791e-02 
 3.294668e+01  3.030759e-02 
 3.294701e+01  3.030727e-02 
 3.294733e+01  3.030695e-02 
 3.294765e+01  3.030662e-02 
 3.294797e+01  3.030630e-02 
 3.294829e+01  3.030597e-02 
 3.294861e+01  3.030565e-02 
 3.294894e+01  3.030532e-02 
 3.294926e+01  3.030500e-02 
 3.294958e+01  3.030467e-02 
 3.294990e+01  3.030434e-02 
 3.295022e+01  3.030401e-02 
 3.295054e+01  3.030368e-02 
 3.295086e+01  3.030335e-02 
 3.295119e+01  3.030302e-02 
 3.295151e+01  3.030269e-02 
 3.295183e+01  3.030236e-02 
 3.295215e+01  3.030203e-02 
 3.295247e+01  3.030170e-02 
 3.295279e+01  3.030137e-02 
 3.295312e+01  3.030103e-02 
 3.295344e+01  3.030070e-02 
 3.295376e+01  3.030036e-02 
 3.295408e+01  3.030003e-02 
 3.295440e+01  3.029969e-02 
 3.295472e+01  3.029936e-02 
 3.295504e+01  3.029902e-02 
 3.295537e+01  3.029868e-02 
 3.295569e+01  3.029834e-02 
 3.295601e+01  3.029800e-02 
 3.295633e+01  3.029767e-02 
 3.295665e+01  3.029733e-02 
 3.295697e+01  3.029698e-02 
 3.295730e+01  3.029664e-02 
 3.295762e+01  3.029630e-02 
 3.295794e+01  3.029596e-02 
 3.295826e+01  3.029561e-02 
 3.295858e+01  3.029527e-02 
 3.295890e+01  3.029492e-02 
 3.295922e+01  3.029458e-02 
 3.295955e+01  3.029423e-02 
 3.295987e+01  3.029388e-02 
 3.296019e+01  3.029353e-02 
 3.296051e+01  3.029318e-02 
 3.296083e+01  3.029283e-02 
 3.296115e+01  3.029248e-02 
 3.296148e+01  3.029213e-02 
 3.296180e+01  3.029178e-02 
 3.296212e+01  3.029143e-02 
 3.296244e+01  3.029107e-02 
 3.296276e+01  3.029072e-02 
 3.296308e+01  3.029036e-02 
 3.296341e+01  3.029000e-02 
 3.296373e+01  3.028964e-02 
 3.296405e+01  3.028928e-02 
 3.296437e+01  3.028892e-02 
 3.296469e+01  3.028856e-02 
 3.296501e+01  3.028820e-02 
 3.296533e+01  3.028784e-02 
 3.296566e+01  3.028747e-02 
 3.296598e+01  3.028711e-02 
 3.296630e+01  3.028674e-02 
 3.296662e+01  3.028637e-02 
 3.296694e+01  3.028600e-02 
 3.296726e+01  3.028563e-02 
 3.296759e+01  3.028526e-02 
 3.296791e+01  3.028489e-02 
 3.296823e+01  3.028451e-02 
 3.296855e+01  3.028414e-02 
 3.296887e+01  3.028376e-02 
 3.296919e+01  3.028338e-02 
 3.296951e+01  3.028300e-02 
 3.296984e+01  3.028262e-02 
 3.297016e+01  3.028223e-02 
 3.297048e+01  3.028185e-02 
 3.297080e+01  3.028146e-02 
 3.297112e+01  3.028107e-02 
 3.297144e+01  3.028069e-02 
 3.297177e+01  3.028029e-02 
 3.297209e+01  3.027990e-02 
 3.297241e+01  3.027951e-02 
 3.297273e+01  3.027911e-02 
 3.297305e+01  3.027871e-02 
 3.297337e+01  3.027831e-02 
 3.297369e+01  3.027791e-02 
 3.297402e+01  3.027750e-02 
 3.297434e+01  3.027709e-02 
 3.297466e+01  3.027668e-02 
 3.297498e+01  3.027627e-02 
 3.297530e+01  3.027586e-02 
 3.297562e+01  3.027544e-02 
 3.297595e+01  3.027502e-02 
 3.297627e+01  3.027460e-02 
 3.297659e+01  3.027418e-02 
 3.297691e+01  3.027376e-02 
 3.297723e+01  3.027333e-02 
 3.297755e+01  3.027290e-02 
 3.297788e+01  3.027247e-02 
 3.297820e+01  3.027203e-02 
 3.297852e+01  3.027159e-02 
 3.297884e+01  3.027115e-02 
 3.297916e+01  3.027071e-02 
 3.297948e+01  3.027026e-02 
 3.297980e+01  3.026981e-02 
 3.298013e+01  3.026936e-02 
 3.298045e+01  3.026890e-02 
 3.298077e+01  3.026844e-02 
 3.298109e+01  3.026798e-02 
 3.298141e+01  3.026752e-02 
 3.298173e+01  3.026705e-02 
 3.298206e+01  3.026658e-02 
 3.298238e+01  3.026611e-02 
 3.298270e+01  3.026563e-02 
 3.298302e+01  3.026515e-02 
 3.298334e+01  3.026467e-02 
 3.298366e+01  3.026418e-02 
 3.298398e+01  3.026369e-02 
 3.298431e+01  3.026319e-02 
 3.298463e+01  3.026269e-02 
 3.298495e+01  3.026219e-02 
 3.298527e+01  3.026169e-02 
 3.298559e+01  3.026118e-02 
 3.298591e+01  3.026066e-02 
 3.298624e+01  3.026015e-02 
 3.298656e+01  3.025963e-02 
 3.298688e+01  3.025911e-02 
 3.298720e+01  3.025858e-02 
 3.298752e+01  3.025805e-02 
 3.298784e+01  3.025751e-02 
 3.298816e+01  3.025698e-02 
 3.298849e+01  3.025644e-02 
 3.298881e+01  3.025589e-02 
 3.298913e+01  3.025534e-02 
 3.298945e+01  3.025479e-02 
 3.298977e+01  3.025423e-02 
 3.299009e+01  3.025367e-02 
 3.299042e+01  3.025311e-02 
 3.299074e+01  3.025254e-02 
 3.299106e+01  3.025197e-02 
 3.299138e+01  3.025139e-02 
 3.299170e+01  3.025081e-02 
 3.299202e+01  3.025023e-02 
 3.299235e+01  3.024964e-02 
 3.299267e+01  3.024905e-02 
 3.299299e+01  3.024846e-02 
 3.299331e+01  3.024786e-02 
 3.299363e+01  3.024726e-02 
 3.299395e+01  3.024666e-02 
 3.299427e+01  3.024605e-02 
 3.299460e+01  3.024544e-02 
 3.299492e+01  3.024483e-02 
 3.299524e+01  3.024421e-02 
 3.299556e+01  3.024359e-02 
 3.299588e+01  3.024297e-02 
 3.299620e+01  3.024234e-02 
 3.299653e+01  3.024171e-02 
 3.299685e+01  3.024108e-02 
 3.299717e+01  3.024045e-02 
 3.299749e+01  3.023981e-02 
 3.299781e+01  3.023917e-02 
 3.299813e+01  3.023853e-02 
 3.299845e+01  3.023788e-02 
 3.299878e+01  3.023724e-02 
 3.299910e+01  3.023659e-02 
 3.299942e+01  3.023594e-02 
 3.299974e+01  3.023529e-02 
 3.300006e+01  3.023463e-02 
 3.300038e+01  3.023397e-02 
 3.300071e+01  3.023332e-02 
 3.300103e+01  3.023265e-02 
 3.300135e+01  3.023199e-02 
 3.300167e+01  3.023132e-02 
 3.300199e+01  3.023066e-02 
 3.300231e+01  3.022999e-02 
 3.300263e+01  3.022932e-02 
 3.300296e+01  3.022865e-02 
 3.300328e+01  3.022798e-02 
 3.300360e+01  3.022732e-02 
 3.300392e+01  3.022664e-02 
 3.300424e+01  3.022597e-02 
 3.300456e+01  3.022530e-02 
 3.300489e+01  3.022463e-02 
 3.300521e+01  3.022396e-02 
 3.300553e+01  3.022329e-02 
 3.300585e+01  3.022261e-02 
 3.300617e+01  3.022194e-02 
 3.300649e+01  3.022126e-02 
 3.300682e+01  3.022059e-02 
 3.300714e+01  3.021992e-02 
 3.300746e+01  3.021924e-02 
 3.300778e+01  3.021857e-02 
 3.300810e+01  3.021790e-02 
 3.300842e+01  3.021723e-02 
 3.300874e+01  3.021656e-02 
 3.300907e+01  3.021590e-02 
 3.300939e+01  3.021523e-02 
 3.300971e+01  3.021457e-02 
 3.301003e+01  3.021390e-02 
 3.301035e+01  3.021324e-02 
 3.301067e+01  3.021258e-02 
 3.301100e+01  3.021192e-02 
 3.301132e+01  3.021126e-02 
 3.301164e+01  3.021060e-02 
 3.301196e+01  3.020994e-02 
 3.301228e+01  3.020929e-02 
 3.301260e+01  3.020864e-02 
 3.301292e+01  3.020799e-02 
 3.301325e+01  3.020734e-02 
 3.301357e+01  3.020669e-02 
 3.301389e+01  3.020605e-02 
 3.301421e+01  3.020541e-02 
 3.301453e+01  3.020477e-02 
 3.301485e+01  3.020413e-02 
 3.301518e+01  3.020350e-02 
 3.301550e+01  3.020287e-02 
 3.301582e+01  3.020224e-02 
 3.301614e+01  3.020161e-02 
 3.301646e+01  3.020099e-02 
 3.301678e+01  3.020036e-02 
 3.301710e+01  3.019974e-02 
 3.301743e+01  3.019912e-02 
 3.301775e+01  3.019851e-02 
 3.301807e+01  3.019790e-02 
 3.301839e+01  3.019729e-02 
 3.301871e+01  3.019668e-02 
 3.301903e+01  3.019608e-02 
 3.301936e+01  3.019547e-02 
 3.301968e+01  3.019488e-02 
 3.302000e+01  3.019428e-02 
 3.302032e+01  3.019369e-02 
 3.302064e+01  3.019309e-02 
 3.302096e+01  3.019251e-02 
 3.302129e+01  3.019192e-02 
 3.302161e+01  3.019134e-02 
 3.302193e+01  3.019076e-02 
 3.302225e+01  3.019018e-02 
 3.302257e+01  3.018960e-02 
 3.302289e+01  3.018903e-02 
 3.302321e+01  3.018846e-02 
 3.302354e+01  3.018789e-02 
 3.302386e+01  3.018733e-02 
 3.302418e+01  3.018676e-02 
 3.302450e+01  3.018620e-02 
 3.302482e+01  3.018564e-02 
 3.302514e+01  3.018509e-02 
 3.302547e+01  3.018453e-02 
 3.302579e+01  3.018398e-02 
 3.302611e+01  3.018343e-02 
 3.302643e+01  3.018289e-02 
 3.302675e+01  3.018234e-02 
 3.302707e+01  3.018180e-02 
 3.302739e+01  3.018126e-02 
 3.302772e+01  3.018072e-02 
 3.302804e+01  3.018019e-02 
 3.302836e+01  3.017965e-02 
 3.302868e+01  3.017912e-02 
 3.302900e+01  3.017859e-02 
 3.302932e+01  3.017806e-02 
 3.302965e+01  3.017754e-02 
 3.302997e+01  3.017701e-02 
 3.303029e+01  3.017649e-02 
 3.303061e+01  3.017597e-02 
 3.303093e+01  3.017545e-02 
 3.303125e+01  3.017493e-02 
 3.303157e+01  3.017442e-02 
 3.303190e+01  3.017390e-02 
 3.303222e+01  3.017339e-02 
 3.303254e+01  3.017288e-02 
 3.303286e+01  3.017237e-02 
 3.303318e+01  3.017186e-02 
 3.303350e+01  3.017136e-02 
 3.303383e+01  3.017085e-02 
 3.303415e+01  3.017035e-02 
 3.303447e+01  3.016985e-02 
 3.303479e+01  3.016935e-02 
 3.303511e+01  3.016885e-02 
 3.303543e+01  3.016835e-02 
 3.303576e+01  3.016785e-02 
 3.303608e+01  3.016735e-02 
 3.303640e+01  3.016686e-02 
 3.303672e+01  3.016637e-02 
 3.303704e+01  3.016588e-02 
 3.303736e+01  3.016538e-02 
 3.303768e+01  3.016489e-02 
 3.303801e+01  3.016441e-02 
 3.303833e+01  3.016392e-02 
 3.303865e+01  3.016343e-02 
 3.303897e+01  3.016295e-02 
 3.303929e+01  3.016246e-02 
 3.303961e+01  3.016198e-02 
 3.303994e+01  3.016150e-02 
 3.304026e+01  3.016101e-02 
 3.304058e+01  3.016053e-02 
 3.304090e+01  3.016005e-02 
 3.304122e+01  3.015958e-02 
 3.304154e+01  3.015910e-02 
 3.304186e+01  3.015862e-02 
 3.304219e+01  3.015815e-02 
 3.304251e+01  3.015767e-02 
 3.304283e+01  3.015720e-02 
 3.304315e+01  3.015673e-02 
 3.304347e+01  3.015626e-02 
 3.304379e+01  3.015579e-02 
 3.304412e+01  3.015532e-02 
 3.304444e+01  3.015485e-02 
 3.304476e+01  3.015438e-02 
 3.304508e+01  3.015392e-02 
 3.304540e+01  3.015345e-02 
 3.304572e+01  3.015299e-02 
 3.304604e+01  3.015253e-02 
 3.304637e+01  3.015207e-02 
 3.304669e+01  3.015161e-02 
 3.304701e+01  3.015115e-02 
 3.304733e+01  3.015069e-02 
 3.304765e+01  3.015023e-02 
 3.304797e+01  3.014978e-02 
 3.304830e+01  3.014933e-02 
 3.304862e+01  3.014888e-02 
 3.304894e+01  3.014842e-02 
 3.304926e+01  3.014798e-02 
 3.304958e+01  3.014753e-02 
 3.304990e+01  3.014708e-02 
 3.305023e+01  3.014664e-02 
 3.305055e+01  3.014619e-02 
 3.305087e+01  3.014575e-02 
 3.305119e+01  3.014531e-02 
 3.305151e+01  3.014487e-02 
 3.305183e+01  3.014444e-02 
 3.305215e+01  3.014400e-02 
 3.305248e+01  3.014357e-02 
 3.305280e+01  3.014314e-02 
 3.305312e+01  3.014271e-02 
 3.305344e+01  3.014228e-02 
 3.305376e+01  3.014186e-02 
 3.305408e+01  3.014143e-02 
 3.305441e+01  3.014101e-02 
 3.305473e+01  3.014059e-02 
 3.305505e+01  3.014018e-02 
 3.305537e+01  3.013976e-02 
 3.305569e+01  3.013935e-02 
 3.305601e+01  3.013894e-02 
 3.305633e+01  3.013853e-02 
 3.305666e+01  3.013813e-02 
 3.305698e+01  3.013772e-02 
 3.305730e+01  3.013732e-02 
 3.305762e+01  3.013692e-02 
 3.305794e+01  3.013653e-02 
 3.305826e+01  3.013614e-02 
 3.305859e+01  3.013575e-02 
 3.305891e+01  3.013536e-02 
 3.305923e+01  3.013498e-02 
 3.305955e+01  3.013460e-02 
 3.305987e+01  3.013422e-02 
 3.306019e+01  3.013384e-02 
 3.306051e+01  3.013347e-02 
 3.306084e+01  3.013310e-02 
 3.306116e+01  3.013273e-02 
 3.306148e+01  3.013237e-02 
 3.306180e+01  3.013201e-02 
 3.306212e+01  3.013165e-02 
 3.306244e+01  3.013130e-02 
 3.306277e+01  3.013095e-02 
 3.306309e+01  3.013060e-02 
 3.306341e+01  3.013025e-02 
 3.306373e+01  3.012991e-02 
 3.306405e+01  3.012958e-02 
 3.306437e+01  3.012924e-02 
 3.306470e+01  3.012891e-02 
 3.306502e+01  3.012859e-02 
 3.306534e+01  3.012826e-02 
 3.306566e+01  3.012794e-02 
 3.306598e+01  3.012763e-02 
 3.306630e+01  3.012731e-02 
 3.306662e+01  3.012700e-02 
 3.306695e+01  3.012670e-02 
 3.306727e+01  3.012639e-02 
 3.306759e+01  3.012610e-02 
 3.306791e+01  3.012580e-02 
 3.306823e+01  3.012551e-02 
 3.306855e+01  3.012522e-02 
 3.306888e+01  3.012494e-02 
 3.306920e+01  3.012466e-02 
 3.306952e+01  3.012438e-02 
 3.306984e+01  3.012411e-02 
 3.307016e+01  3.012384e-02 
 3.307048e+01  3.012357e-02 
 3.307080e+01  3.012331e-02 
 3.307113e+01  3.012305e-02 
 3.307145e+01  3.012280e-02 
 3.307177e+01  3.012255e-02 
 3.307209e+01  3.012230e-02 
 3.307241e+01  3.012206e-02 
 3.307273e+01  3.012182e-02 
 3.307306e+01  3.012158e-02 
 3.307338e+01  3.012135e-02 
 3.307370e+01  3.012112e-02 
 3.307402e+01  3.012089e-02 
 3.307434e+01  3.012067e-02 
 3.307466e+01  3.012045e-02 
 3.307498e+01  3.012024e-02 
 3.307531e+01  3.012003e-02 
 3.307563e+01  3.011982e-02 
 3.307595e+01  3.011961e-02 
 3.307627e+01  3.011941e-02 
 3.307659e+01  3.011922e-02 
 3.307691e+01  3.011902e-02 
 3.307724e+01  3.011883e-02 
 3.307756e+01  3.011865e-02 
 3.307788e+01  3.011846e-02 
 3.307820e+01  3.011828e-02 
 3.307852e+01  3.011811e-02 
 3.307884e+01  3.011793e-02 
 3.307917e+01  3.011776e-02 
 3.307949e+01  3.011759e-02 
 3.307981e+01  3.011743e-02 
 3.308013e+01  3.011727e-02 
 3.308045e+01  3.011711e-02 
 3.308077e+01  3.011696e-02 
 3.308109e+01  3.011681e-02 
 3.308142e+01  3.011666e-02 
 3.308174e+01  3.011651e-02 
 3.308206e+01  3.011637e-02 
 3.308238e+01  3.011623e-02 
 3.308270e+01  3.011610e-02 
 3.308302e+01  3.011596e-02 
 3.308335e+01  3.011583e-02 
 3.308367e+01  3.011570e-02 
 3.308399e+01  3.011558e-02 
 3.308431e+01  3.011545e-02 
 3.308463e+01  3.011533e-02 
 3.308495e+01  3.011522e-02 
 3.308527e+01  3.011510e-02 
 3.308560e+01  3.011499e-02 
 3.308592e+01  3.011488e-02 
 3.308624e+01  3.011477e-02 
 3.308656e+01  3.011467e-02 
 3.308688e+01  3.011457e-02 
 3.308720e+01  3.011447e-02 
 3.308753e+01  3.011437e-02 
 3.308785e+01  3.011427e-02 
 3.308817e+01  3.011418e-02 
 3.308849e+01  3.011409e-02 
 3.308881e+01  3.011400e-02 
 3.308913e+01  3.011391e-02 
 3.308945e+01  3.011382e-02 
 3.308978e+01  3.011374e-02 
 3.309010e+01  3.011365e-02 
 3.309042e+01  3.011357e-02 
 3.309074e+01  3.011349e-02 
 3.309106e+01  3.011342e-02 
 3.309138e+01  3.011334e-02 
 3.309171e+01  3.011327e-02 
 3.309203e+01  3.011320e-02 
 3.309235e+01  3.011313e-02 
 3.309267e+01  3.011306e-02 
 3.309299e+01  3.011299e-02 
 3.309331e+01  3.011292e-02 
 3.309364e+01  3.011285e-02 
 3.309396e+01  3.011278e-02 
 3.309428e+01  3.011272e-02 
 3.309460e+01  3.011265e-02 
 3.309492e+01  3.011259e-02 
 3.309524e+01  3.011253e-02 
 3.309556e+01  3.011247e-02 
 3.309589e+01  3.011241e-02 
 3.309621e+01  3.011235e-02 
 3.309653e+01  3.011229e-02 
 3.309685e+01  3.011223e-02 
 3.309717e+01  3.011217e-02 
 3.309749e+01  3.011211e-02 
 3.309782e+01  3.011206e-02 
 3.309814e+01  3.011200e-02 
 3.309846e+01  3.011194e-02 
 3.309878e+01  3.011188e-02 
 3.309910e+01  3.011182e-02 
 3.309942e+01  3.011176e-02 
 3.309974e+01  3.011171e-02 
 3.310007e+01  3.011165e-02 
 3.310039e+01  3.011159e-02 
 3.310071e+01  3.011153e-02 
 3.310103e+01  3.011147e-02 
 3.310135e+01  3.011142e-02 
 3.310167e+01  3.011136e-02 
 3.310200e+01  3.011130e-02 
 3.310232e+01  3.011124e-02 
 3.310264e+01  3.011118e-02 
 3.310296e+01  3.011112e-02 
 3.310328e+01  3.011106e-02 
 3.310360e+01  3.011100e-02 
 3.310392e+01  3.011094e-02 
 3.310425e+01  3.011087e-02 
 3.310457e+01  3.011081e-02 
 3.310489e+01  3.011075e-02 
 3.310521e+01  3.011068e-02 
 3.310553e+01  3.011062e-02 
 3.310585e+01  3.011055e-02 
 3.310618e+01  3.011048e-02 
 3.310650e+01  3.011042e-02 
 3.310682e+01  3.011035e-02 
 3.310714e+01  3.011028e-02 
 3.310746e+01  3.011021e-02 
 3.310778e+01  3.011014e-02 
 3.310811e+01  3.011007e-02 
 3.310843e+01  3.011000e-02 
 3.310875e+01  3.010993e-02 
 3.310907e+01  3.010985e-02 
 3.310939e+01  3.010978e-02 
 3.310971e+01  3.010970e-02 
 3.311003e+01  3.010963e-02 
 3.311036e+01  3.010955e-02 
 3.311068e+01  3.010948e-02 
 3.311100e+01  3.010940e-02 
 3.311132e+01  3.010932e-02 
 3.311164e+01  3.010924e-02 
 3.311196e+01  3.010916e-02 
 3.311229e+01  3.010908e-02 
 3.311261e+01  3.010900e-02 
 3.311293e+01  3.010892e-02 
 3.311325e+01  3.010884e-02 
 3.311357e+01  3.010875e-02 
 3.311389e+01  3.010867e-02 
 3.311421e+01  3.010859e-02 
 3.311454e+01  3.010850e-02 
 3.311486e+01  3.010842e-02 
 3.311518e+01  3.010833e-02 
 3.311550e+01  3.010825e-02 
 3.311582e+01  3.010816e-02 
 3.311614e+01  3.010808e-02 
 3.311647e+01  3.010799e-02 
 3.311679e+01  3.010790e-02 
 3.311711e+01  3.010781e-02 
 3.311743e+01  3.010773e-02 
 3.311775e+01  3.010764e-02 
 3.311807e+01  3.010755e-02 
 3.311839e+01  3.010746e-02 
 3.311872e+01  3.010737e-02 
 3.311904e+01  3.010729e-02 
 3.311936e+01  3.010720e-02 
 3.311968e+01  3.010711e-02 
 3.312000e+01  3.010702e-02 
 3.312032e+01  3.010693e-02 
 3.312065e+01  3.010684e-02 
 3.312097e+01  3.010676e-02 
 3.312129e+01  3.010667e-02 
 3.312161e+01  3.010658e-02 
 3.312193e+01  3.010649e-02 
 3.312225e+01  3.010640e-02 
 3.312258e+01  3.010631e-02 
 3.312290e+01  3.010623e-02 
 3.312322e+01  3.010614e-02 
 3.312354e+01  3.010605e-02 
 3.312386e+01  3.010596e-02 
 3.312418e+01  3.010588e-02 
 3.312450e+01  3.010579e-02 
 3.312483e+01  3.010570e-02 
 3.312515e+01  3.010562e-02 
 3.312547e+01  3.010553e-02 
 3.312579e+01  3.010545e-02 
 3.312611e+01  3.010536e-02 
 3.312643e+01  3.010528e-02 
 3.312676e+01  3.010519e-02 
 3.312708e+01  3.010511e-02 
 3.312740e+01  3.010502e-02 
 3.312772e+01  3.010494e-02 
 3.312804e+01  3.010486e-02 
 3.312836e+01  3.010477e-02 
 3.312868e+01  3.010469e-02 
 3.312901e+01  3.010461e-02 
 3.312933e+01  3.010453e-02 
 3.312965e+01  3.010445e-02 
 3.312997e+01  3.010437e-02 
 3.313029e+01  3.010429e-02 
 3.313061e+01  3.010421e-02 
 3.313094e+01  3.010413e-02 
 3.313126e+01  3.010405e-02 
 3.313158e+01  3.010398e-02 
 3.313190e+01  3.010390e-02 
 3.313222e+01  3.010382e-02 
 3.313254e+01  3.010375e-02 
 3.313286e+01  3.010367e-02 
 3.313319e+01  3.010360e-02 
 3.313351e+01  3.010352e-02 
 3.313383e+01  3.010345e-02 
 3.313415e+01  3.010338e-02 
 3.313447e+01  3.010330e-02 
 3.313479e+01  3.010323e-02 
 3.313512e+01  3.010316e-02 
 3.313544e+01  3.010309e-02 
 3.313576e+01  3.010302e-02 
 3.313608e+01  3.010295e-02 
 3.313640e+01  3.010288e-02 
 3.313672e+01  3.010281e-02 
 3.313705e+01  3.010275e-02 
 3.313737e+01  3.010268e-02 
 3.313769e+01  3.010261e-02 
 3.313801e+01  3.010255e-02 
 3.313833e+01  3.010248e-02 
 3.313865e+01  3.010242e-02 
 3.313897e+01  3.010235e-02 
 3.313930e+01  3.010229e-02 
 3.313962e+01  3.010223e-02 
 3.313994e+01  3.010217e-02 
 3.314026e+01  3.010211e-02 
 3.314058e+01  3.010205e-02 
 3.314090e+01  3.010199e-02 
 3.314123e+01  3.010193e-02 
 3.314155e+01  3.010187e-02 
 3.314187e+01  3.010181e-02 
 3.314219e+01  3.010175e-02 
 3.314251e+01  3.010170e-02 
 3.314283e+01  3.010164e-02 
 3.314315e+01  3.010159e-02 
 3.314348e+01  3.010153e-02 
 3.314380e+01  3.010148e-02 
 3.314412e+01  3.010143e-02 
 3.314444e+01  3.010137e-02 
 3.314476e+01  3.010132e-02 
 3.314508e+01  3.010127e-02 
 3.314541e+01  3.010122e-02 
 3.314573e+01  3.010117e-02 
 3.314605e+01  3.010113e-02 
 3.314637e+01  3.010108e-02 
 3.314669e+01  3.010103e-02 
 3.314701e+01  3.010099e-02 
 3.314733e+01  3.010094e-02 
 3.314766e+01  3.010090e-02 
 3.314798e+01  3.010086e-02 
 3.314830e+01  3.010081e-02 
 3.314862e+01  3.010077e-02 
 3.314894e+01  3.010073e-02 
 3.314926e+01  3.010070e-02 
 3.314959e+01  3.010066e-02 
 3.314991e+01  3.010062e-02 
 3.315023e+01  3.010059e-02 
 3.315055e+01  3.010055e-02 
 3.315087e+01  3.010052e-02 
 3.315119e+01  3.010048e-02 
 3.315152e+01  3.010045e-02 
 3.315184e+01  3.010042e-02 
 3.315216e+01  3.010039e-02 
 3.315248e+01  3.010037e-02 
 3.315280e+01  3.010034e-02 
 3.315312e+01  3.010031e-02 
 3.315344e+01  3.010029e-02 
 3.315377e+01  3.010027e-02 
 3.315409e+01  3.010025e-02 
 3.315441e+01  3.010023e-02 
 3.315473e+01  3.010021e-02 
 3.315505e+01  3.010020e-02 
 3.315537e+01  3.010018e-02 
 3.315570e+01  3.010017e-02 
 3.315602e+01  3.010016e-02 
 3.315634e+01  3.010015e-02 
 3.315666e+01  3.010014e-02 
 3.315698e+01  3.010014e-02 
 3.315730e+01  3.010013e-02 
 3.315762e+01  3.010013e-02 
 3.315795e+01  3.010013e-02 
 3.315827e+01  3.010013e-02 
 3.315859e+01  3.010014e-02 
 3.315891e+01  3.010015e-02 
 3.315923e+01  3.010016e-02 
 3.315955e+01  3.010017e-02 
 3.315988e+01  3.010018e-02 
 3.316020e+01  3.010020e-02 
 3.316052e+01  3.010022e-02 
 3.316084e+01  3.010024e-02 
 3.316116e+01  3.010027e-02 
 3.316148e+01  3.010029e-02 
 3.316180e+01  3.010032e-02 
 3.316213e+01  3.010035e-02 
 3.316245e+01  3.010039e-02 
 3.316277e+01  3.010043e-02 
 3.316309e+01  3.010047e-02 
 3.316341e+01  3.010052e-02 
 3.316373e+01  3.010057e-02 
 3.316406e+01  3.010062e-02 
 3.316438e+01  3.010068e-02 
 3.316470e+01  3.010074e-02 
 3.316502e+01  3.010080e-02 
 3.316534e+01  3.010087e-02 
 3.316566e+01  3.010094e-02 
 3.316599e+01  3.010101e-02 
 3.316631e+01  3.010109e-02 
 3.316663e+01  3.010117e-02 
 3.316695e+01  3.010125e-02 
 3.316727e+01  3.010134e-02 
 3.316759e+01  3.010144e-02 
 3.316791e+01  3.010153e-02 
 3.316824e+01  3.010164e-02 
 3.316856e+01  3.010174e-02 
 3.316888e+01  3.010186e-02 
 3.316920e+01  3.010197e-02 
 3.316952e+01  3.010210e-02 
 3.316984e+01  3.010222e-02 
 3.317017e+01  3.010235e-02 
 3.317049e+01  3.010249e-02 
 3.317081e+01  3.010263e-02 
 3.317113e+01  3.010277e-02 
 3.317145e+01  3.010292e-02 
 3.317177e+01  3.010307e-02 
 3.317209e+01  3.010323e-02 
 3.317242e+01  3.010340e-02 
 3.317274e+01  3.010357e-02 
 3.317306e+01  3.010374e-02 
 3.317338e+01  3.010393e-02 
 3.317370e+01  3.010411e-02 
 3.317402e+01  3.010431e-02 
 3.317435e+01  3.010450e-02 
 3.317467e+01  3.010471e-02 
 3.317499e+01  3.010492e-02 
 3.317531e+01  3.010513e-02 
 3.317563e+01  3.010535e-02 
 3.317595e+01  3.010558e-02 
 3.317627e+01  3.010581e-02 
 3.317660e+01  3.010605e-02 
 3.317692e+01  3.010629e-02 
 3.317724e+01  3.010654e-02 
 3.317756e+01  3.010680e-02 
 3.317788e+01  3.010706e-02 
 3.317820e+01  3.010733e-02 
 3.317853e+01  3.010760e-02 
 3.317885e+01  3.010788e-02 
 3.317917e+01  3.010817e-02 
 3.317949e+01  3.010846e-02 
 3.317981e+01  3.010876e-02 
 3.318013e+01  3.010906e-02 
 3.318046e+01  3.010938e-02 
 3.318078e+01  3.010969e-02 
 3.318110e+01  3.011002e-02 
 3.318142e+01  3.011035e-02 
 3.318174e+01  3.011069e-02 
 3.318206e+01  3.011103e-02 
 3.318238e+01  3.011138e-02 
 3.318271e+01  3.011174e-02 
 3.318303e+01  3.011210e-02 
 3.318335e+01  3.011247e-02 
 3.318367e+01  3.011285e-02 
 3.318399e+01  3.011323e-02 
 3.318431e+01  3.011362e-02 
 3.318464e+01  3.011402e-02 
 3.318496e+01  3.011442e-02 
 3.318528e+01  3.011483e-02 
 3.318560e+01  3.011525e-02 
 3.318592e+01  3.011567e-02 
 3.318624e+01  3.011610e-02 
 3.318656e+01  3.011654e-02 
 3.318689e+01  3.011699e-02 
 3.318721e+01  3.011744e-02 
 3.318753e+01  3.011790e-02 
 3.318785e+01  3.011836e-02 
 3.318817e+01  3.011884e-02 
 3.318849e+01  3.011932e-02 
 3.318882e+01  3.011981e-02 
 3.318914e+01  3.012030e-02 
 3.318946e+01  3.012081e-02 
 3.318978e+01  3.012132e-02 
 3.319010e+01  3.012183e-02 
 3.319042e+01  3.012236e-02 
 3.319074e+01  3.012289e-02 
 3.319107e+01  3.012343e-02 
 3.319139e+01  3.012398e-02 
 3.319171e+01  3.012453e-02 
 3.319203e+01  3.012509e-02 
 3.319235e+01  3.012566e-02 
 3.319267e+01  3.012624e-02 
 3.319300e+01  3.012683e-02 
 3.319332e+01  3.012742e-02 
 3.319364e+01  3.012802e-02 
 3.319396e+01  3.012863e-02 
 3.319428e+01  3.012925e-02 
 3.319460e+01  3.012987e-02 
 3.319493e+01  3.013050e-02 
 3.319525e+01  3.013114e-02 
 3.319557e+01  3.013179e-02 
 3.319589e+01  3.013245e-02 
 3.319621e+01  3.013311e-02 
 3.319653e+01  3.013379e-02 
 3.319685e+01  3.013447e-02 
 3.319718e+01  3.013516e-02 
 3.319750e+01  3.013585e-02 
 3.319782e+01  3.013656e-02 
 3.319814e+01  3.013727e-02 
 3.319846e+01  3.013799e-02 
 3.319878e+01  3.013872e-02 
 3.319911e+01  3.013946e-02 
 3.319943e+01  3.014021e-02 
 3.319975e+01  3.014096e-02 
 3.320007e+01  3.014172e-02 
 3.320039e+01  3.014250e-02 
 3.320071e+01  3.014327e-02 
 3.320103e+01  3.014406e-02 
 3.320136e+01  3.014486e-02 
 3.320168e+01  3.014566e-02 
 3.320200e+01  3.014647e-02 
 3.320232e+01  3.014729e-02 
 3.320264e+01  3.014812e-02 
 3.320296e+01  3.014896e-02 
 3.320329e+01  3.014980e-02 
 3.320361e+01  3.015065e-02 
 3.320393e+01  3.015151e-02 
 3.320425e+01  3.015238e-02 
 3.320457e+01  3.015326e-02 
 3.320489e+01  3.015414e-02 
 3.320521e+01  3.015503e-02 
 3.320554e+01  3.015593e-02 
 3.320586e+01  3.015684e-02 
 3.320618e+01  3.015775e-02 
 3.320650e+01  3.015868e-02 
 3.320682e+01  3.015961e-02 
 3.320714e+01  3.016055e-02 
 3.320747e+01  3.016149e-02 
 3.320779e+01  3.016244e-02 
 3.320811e+01  3.016340e-02 
 3.320843e+01  3.016437e-02 
 3.320875e+01  3.016534e-02 
 3.320907e+01  3.016632e-02 
 3.320940e+01  3.016731e-02 
 3.320972e+01  3.016831e-02 
 3.321004e+01  3.016931e-02 
 3.321036e+01  3.017032e-02 
 3.321068e+01  3.017133e-02 
 3.321100e+01  3.017235e-02 
 3.321132e+01  3.017338e-02 
 3.321165e+01  3.017442e-02 
 3.321197e+01  3.017546e-02 
 3.321229e+01  3.017651e-02 
 3.321261e+01  3.017756e-02 
 3.321293e+01  3.017862e-02 
 3.321325e+01  3.017969e-02 
 3.321358e+01  3.018076e-02 
 3.321390e+01  3.018184e-02 
 3.321422e+01  3.018292e-02 
 3.321454e+01  3.018401e-02 
 3.321486e+01  3.018510e-02 
 3.321518e+01  3.018620e-02 
 3.321550e+01  3.018731e-02 
 3.321583e+01  3.018842e-02 
 3.321615e+01  3.018954e-02 
 3.321647e+01  3.019066e-02 
 3.321679e+01  3.019179e-02 
 3.321711e+01  3.019292e-02 
 3.321743e+01  3.019406e-02 
 3.321776e+01  3.019520e-02 
 3.321808e+01  3.019634e-02 
 3.321840e+01  3.019750e-02 
 3.321872e+01  3.019865e-02 
 3.321904e+01  3.019981e-02 
 3.321936e+01  3.020097e-02 
 3.321968e+01  3.020214e-02 
 3.322001e+01  3.020332e-02 
 3.322033e+01  3.020449e-02 
 3.322065e+01  3.020567e-02 
 3.322097e+01  3.020686e-02 
 3.322129e+01  3.020805e-02 
 3.322161e+01  3.020925e-02 
 3.322194e+01  3.021045e-02 
 3.322226e+01  3.021165e-02 
 3.322258e+01  3.021285e-02 
 3.322290e+01  3.021406e-02 
 3.322322e+01  3.021528e-02 
 3.322354e+01  3.021649e-02 
 3.322387e+01  3.021771e-02 
 3.322419e+01  3.021894e-02 
 3.322451e+01  3.022016e-02 
 3.322483e+01  3.022139e-02 
 3.322515e+01  3.022263e-02 
 3.322547e+01  3.022386e-02 
 3.322579e+01  3.022510e-02 
 3.322612e+01  3.022635e-02 
 3.322644e+01  3.022760e-02 
 3.322676e+01  3.022885e-02 
 3.322708e+01  3.023010e-02 
 3.322740e+01  3.023136e-02 
 3.322772e+01  3.023261e-02 
 3.322805e+01  3.023387e-02 
 3.322837e+01  3.023514e-02 
 3.322869e+01  3.023640e-02 
 3.322901e+01  3.023767e-02 
 3.322933e+01  3.023894e-02 
 3.322965e+01  3.024021e-02 
 3.322997e+01  3.024149e-02 
 3.323030e+01  3.024276e-02 
 3.323062e+01  3.024404e-02 
 3.323094e+01  3.024532e-02 
 3.323126e+01  3.024661e-02 
 3.323158e+01  3.024789e-02 
 3.323190e+01  3.024918e-02 
 3.323223e+01  3.025047e-02 
 3.323255e+01  3.025176e-02 
 3.323287e+01  3.025305e-02 
 3.323319e+01  3.025434e-02 
 3.323351e+01  3.025563e-02 
 3.323383e+01  3.025692e-02 
 3.323415e+01  3.025822e-02 
 3.323448e+01  3.025951e-02 
 3.323480e+01  3.026080e-02 
 3.323512e+01  3.026210e-02 
 3.323544e+01  3.026340e-02 
 3.323576e+01  3.026469e-02 
 3.323608e+01  3.026599e-02 
 3.323641e+01  3.026729e-02 
 3.323673e+01  3.026859e-02 
 3.323705e+01  3.026989e-02 
 3.323737e+01  3.027119e-02 
 3.323769e+01  3.027248e-02 
 3.323801e+01  3.027378e-02 
 3.323834e+01  3.027507e-02 
 3.323866e+01  3.027636e-02 
 3.323898e+01  3.027765e-02 
 3.323930e+01  3.027894e-02 
 3.323962e+01  3.028023e-02 
 3.323994e+01  3.028152e-02 
 3.324026e+01  3.028280e-02 
 3.324059e+01  3.028409e-02 
 3.324091e+01  3.028537e-02 
 3.324123e+01  3.028666e-02 
 3.324155e+01  3.028794e-02 
 3.324187e+01  3.028922e-02 
 3.324219e+01  3.029049e-02 
 3.324252e+01  3.029177e-02 
 3.324284e+01  3.029304e-02 
 3.324316e+01  3.029430e-02 
 3.324348e+01  3.029557e-02 
 3.324380e+01  3.029683e-02 
 3.324412e+01  3.029808e-02 
 3.324444e+01  3.029934e-02 
 3.324477e+01  3.030059e-02 
 3.324509e+01  3.030184e-02 
 3.324541e+01  3.030308e-02 
 3.324573e+01  3.030432e-02 
 3.324605e+01  3.030556e-02 
 3.324637e+01  3.030679e-02 
 3.324670e+01  3.030802e-02 
 3.324702e+01  3.030925e-02 
 3.324734e+01  3.031047e-02 
 3.324766e+01  3.031169e-02 
 3.324798e+01  3.031291e-02 
 3.324830e+01  3.031411e-02 
 3.324863e+01  3.031532e-02 
 3.324895e+01  3.031652e-02 
 3.324927e+01  3.031771e-02 
 3.324959e+01  3.031890e-02 
 3.324991e+01  3.032009e-02 
 3.325023e+01  3.032127e-02 
 3.325055e+01  3.032244e-02 
 3.325088e+01  3.032362e-02 
 3.325120e+01  3.032478e-02 
 3.325152e+01  3.032594e-02 
 3.325184e+01  3.032710e-02 
 3.325216e+01  3.032825e-02 
 3.325248e+01  3.032940e-02 
 3.325281e+01  3.033054e-02 
 3.325313e+01  3.033168e-02 
 3.325345e+01  3.033281e-02 
 3.325377e+01  3.033394e-02 
 3.325409e+01  3.033506e-02 
 3.325441e+01  3.033617e-02 
 3.325473e+01  3.033728e-02 
 3.325506e+01  3.033839e-02 
 3.325538e+01  3.033949e-02 
 3.325570e+01  3.034058e-02 
 3.325602e+01  3.034167e-02 
 3.325634e+01  3.034275e-02 
 3.325666e+01  3.034383e-02 
 3.325699e+01  3.034490e-02 
 3.325731e+01  3.034597e-02 
 3.325763e+01  3.034703e-02 
 3.325795e+01  3.034809e-02 
 3.325827e+01  3.034914e-02 
 3.325859e+01  3.035019e-02 
 3.325891e+01  3.035123e-02 
 3.325924e+01  3.035227e-02 
 3.325956e+01  3.035330e-02 
 3.325988e+01  3.035433e-02 
 3.326020e+01  3.035535e-02 
 3.326052e+01  3.035636e-02 
 3.326084e+01  3.035737e-02 
 3.326117e+01  3.035838e-02 
 3.326149e+01  3.035938e-02 
 3.326181e+01  3.036037e-02 
 3.326213e+01  3.036136e-02 
 3.326245e+01  3.036234e-02 
 3.326277e+01  3.036332e-02 
 3.326310e+01  3.036430e-02 
 3.326342e+01  3.036527e-02 
 3.326374e+01  3.036623e-02 
 3.326406e+01  3.036719e-02 
 3.326438e+01  3.036815e-02 
 3.326470e+01  3.036910e-02 
 3.326502e+01  3.037005e-02 
 3.326535e+01  3.037099e-02 
 3.326567e+01  3.037192e-02 
 3.326599e+01  3.037285e-02 
 3.326631e+01  3.037378e-02 
 3.326663e+01  3.037470e-02 
 3.326695e+01  3.037562e-02 
 3.326728e+01  3.037653e-02 
 3.326760e+01  3.037744e-02 
 3.326792e+01  3.037834e-02 
 3.326824e+01  3.037924e-02 
 3.326856e+01  3.038013e-02 
 3.326888e+01  3.038102e-02 
 3.326920e+01  3.038191e-02 
 3.326953e+01  3.038279e-02 
 3.326985e+01  3.038367e-02 
 3.327017e+01  3.038454e-02 
 3.327049e+01  3.038541e-02 
 3.327081e+01  3.038627e-02 
 3.327113e+01  3.038713e-02 
 3.327146e+01  3.038798e-02 
 3.327178e+01  3.038883e-02 
 3.327210e+01  3.038968e-02 
 3.327242e+01  3.039052e-02 
 3.327274e+01  3.039136e-02 
 3.327306e+01  3.039219e-02 
 3.327338e+01  3.039302e-02 
 3.327371e+01  3.039384e-02 
 3.327403e+01  3.039467e-02 
 3.327435e+01  3.039548e-02 
 3.327467e+01  3.039629e-02 
 3.327499e+01  3.039710e-02 
 3.327531e+01  3.039791e-02 
 3.327564e+01  3.039871e-02 
 3.327596e+01  3.039951e-02 
 3.327628e+01  3.040030e-02 
 3.327660e+01  3.040109e-02 
 3.327692e+01  3.040187e-02 
 3.327724e+01  3.040265e-02 
 3.327757e+01  3.040343e-02 
 3.327789e+01  3.040420e-02 
 3.327821e+01  3.040497e-02 
 3.327853e+01  3.040574e-02 
 3.327885e+01  3.040650e-02 
 3.327917e+01  3.040725e-02 
 3.327949e+01  3.040801e-02 
 3.327982e+01  3.040876e-02 
 3.328014e+01  3.040951e-02 
 3.328046e+01  3.041025e-02 
 3.328078e+01  3.041099e-02 
 3.328110e+01  3.041172e-02 
 3.328142e+01  3.041245e-02 
 3.328175e+01  3.041318e-02 
 3.328207e+01  3.041391e-02 
 3.328239e+01  3.041463e-02 
 3.328271e+01  3.041534e-02 
 3.328303e+01  3.041606e-02 
 3.328335e+01  3.041677e-02 
 3.328367e+01  3.041748e-02 
 3.328400e+01  3.041818e-02 
 3.328432e+01  3.041888e-02 
 3.328464e+01  3.041958e-02 
 3.328496e+01  3.042027e-02 
 3.328528e+01  3.042096e-02 
 3.328560e+01  3.042164e-02 
 3.328593e+01  3.042233e-02 
 3.328625e+01  3.042301e-02 
 3.328657e+01  3.042368e-02 
 3.328689e+01  3.042435e-02 
 3.328721e+01  3.042502e-02 
 3.328753e+01  3.042569e-02 
 3.328785e+01  3.042635e-02 
 3.328818e+01  3.042701e-02 
 3.328850e+01  3.042767e-02 
 3.328882e+01  3.042832e-02 
 3.328914e+01  3.042897e-02 
 3.328946e+01  3.042962e-02 
 3.328978e+01  3.043026e-02 
 3.329011e+01  3.043090e-02 
 3.329043e+01  3.043154e-02 
 3.329075e+01  3.043217e-02 
 3.329107e+01  3.043280e-02 
 3.329139e+01  3.043343e-02 
 3.329171e+01  3.043405e-02 
 3.329204e+01  3.043467e-02 
 3.329236e+01  3.043529e-02 
 3.329268e+01  3.043591e-02 
 3.329300e+01  3.043652e-02 
 3.329332e+01  3.043713e-02 
 3.329364e+01  3.043773e-02 
 3.329396e+01  3.043834e-02 
 3.329429e+01  3.043894e-02 
 3.329461e+01  3.043954e-02 
 3.329493e+01  3.044013e-02 
 3.329525e+01  3.044072e-02 
 3.329557e+01  3.044131e-02 
 3.329589e+01  3.044189e-02 
 3.329622e+01  3.044247e-02 
 3.329654e+01  3.044305e-02 
 3.329686e+01  3.044363e-02 
 3.329718e+01  3.044420e-02 
 3.329750e+01  3.044477e-02 
 3.329782e+01  3.044534e-02 
 3.329814e+01  3.044591e-02 
 3.329847e+01  3.044647e-02 
 3.329879e+01  3.044703e-02 
 3.329911e+01  3.044759e-02 
 3.329943e+01  3.044814e-02 
 3.329975e+01  3.044869e-02 
 3.330007e+01  3.044924e-02 
 3.330040e+01  3.044979e-02 
 3.330072e+01  3.045033e-02 
 3.330104e+01  3.045087e-02 
 3.330136e+01  3.045141e-02 
 3.330168e+01  3.045195e-02 
 3.330200e+01  3.045248e-02 
 3.330232e+01  3.045301e-02 
 3.330265e+01  3.045354e-02 
 3.330297e+01  3.045407e-02 
 3.330329e+01  3.045460e-02 
 3.330361e+01  3.045512e-02 
 3.330393e+01  3.045564e-02 
 3.330425e+01  3.045616e-02 
 3.330458e+01  3.045668e-02 
 3.330490e+01  3.045719e-02 
 3.330522e+01  3.045771e-02 
 3.330554e+01  3.045822e-02 
 3.330586e+01  3.045873e-02 
 3.330618e+01  3.045923e-02 
 3.330651e+01  3.045974e-02 
 3.330683e+01  3.046024e-02 
 3.330715e+01  3.046075e-02 
 3.330747e+01  3.046125e-02 
 3.330779e+01  3.046175e-02 
 3.330811e+01  3.046225e-02 
 3.330843e+01  3.046275e-02 
 3.330876e+01  3.046325e-02 
 3.330908e+01  3.046374e-02 
 3.330940e+01  3.046424e-02 
 3.330972e+01  3.046474e-02 
 3.331004e+01  3.046523e-02 
 3.331036e+01  3.046572e-02 
 3.331069e+01  3.046622e-02 
 3.331101e+01  3.046671e-02 
 3.331133e+01  3.046720e-02 
 3.331165e+01  3.046769e-02 
 3.331197e+01  3.046818e-02 
 3.331229e+01  3.046867e-02 
 3.331261e+01  3.046916e-02 
 3.331294e+01  3.046965e-02 
 3.331326e+01  3.047015e-02 
 3.331358e+01  3.047064e-02 
 3.331390e+01  3.047113e-02 
 3.331422e+01  3.047163e-02 
 3.331454e+01  3.047212e-02 
 3.331487e+01  3.047261e-02 
 3.331519e+01  3.047311e-02 
 3.331551e+01  3.047360e-02 
 3.331583e+01  3.047410e-02 
 3.331615e+01  3.047459e-02 
 3.331647e+01  3.047509e-02 
 3.331680e+01  3.047559e-02 
 3.331712e+01  3.047609e-02 
 3.331744e+01  3.047659e-02 
 3.331776e+01  3.047709e-02 
 3.331808e+01  3.047759e-02 
 3.331840e+01  3.047810e-02 
 3.331872e+01  3.047860e-02 
 3.331905e+01  3.047911e-02 
 3.331937e+01  3.047962e-02 
 3.331969e+01  3.048013e-02 
 3.332001e+01  3.048064e-02 
 3.332033e+01  3.048115e-02 
 3.332065e+01  3.048167e-02 
 3.332098e+01  3.048218e-02 
 3.332130e+01  3.048270e-02 
 3.332162e+01  3.048322e-02 
 3.332194e+01  3.048374e-02 
 3.332226e+01  3.048427e-02 
 3.332258e+01  3.048479e-02 
 3.332290e+01  3.048532e-02 
 3.332323e+01  3.048585e-02 
 3.332355e+01  3.048638e-02 
 3.332387e+01  3.048691e-02 
 3.332419e+01  3.048744e-02 
 3.332451e+01  3.048798e-02 
 3.332483e+01  3.048852e-02 
 3.332516e+01  3.048905e-02 
 3.332548e+01  3.048960e-02 
 3.332580e+01  3.049014e-02 
 3.332612e+01  3.049068e-02 
 3.332644e+01  3.049123e-02 
 3.332676e+01  3.049178e-02 
 3.332708e+01  3.049233e-02 
 3.332741e+01  3.049288e-02 
 3.332773e+01  3.049343e-02 
 3.332805e+01  3.049399e-02 
 3.332837e+01  3.049454e-02 
 3.332869e+01  3.049510e-02 
 3.332901e+01  3.049566e-02 
 3.332934e+01  3.049622e-02 
 3.332966e+01  3.049678e-02 
 3.332998e+01  3.049734e-02 
 3.333030e+01  3.049791e-02 
 3.333062e+01  3.049847e-02 
 3.333094e+01  3.049904e-02 
 3.333127e+01  3.049961e-02 
 3.333159e+01  3.050018e-02 
 3.333191e+01  3.050075e-02 
 3.333223e+01  3.050132e-02 
 3.333255e+01  3.050190e-02 
 3.333287e+01  3.050247e-02 
 3.333319e+01  3.050304e-02 
 3.333352e+01  3.050362e-02 
 3.333384e+01  3.050419e-02 
 3.333416e+01  3.050477e-02 
 3.333448e+01  3.050534e-02 
 3.333480e+01  3.050592e-02 
 3.333512e+01  3.050650e-02 
 3.333545e+01  3.050707e-02 
 3.333577e+01  3.050765e-02 
 3.333609e+01  3.050823e-02 
 3.333641e+01  3.050881e-02 
 3.333673e+01  3.050939e-02 
 3.333705e+01  3.050997e-02 
 3.333737e+01  3.051055e-02 
 3.333770e+01  3.051113e-02 
 3.333802e+01  3.051171e-02 
 3.333834e+01  3.051229e-02 
 3.333866e+01  3.051286e-02 
 3.333898e+01  3.051344e-02 
 3.333930e+01  3.051402e-02 
 3.333963e+01  3.051460e-02 
 3.333995e+01  3.051518e-02 
 3.334027e+01  3.051575e-02 
 3.334059e+01  3.051633e-02 
 3.334091e+01  3.051691e-02 
 3.334123e+01  3.051748e-02 
 3.334155e+01  3.051806e-02 
 3.334188e+01  3.051864e-02 
 3.334220e+01  3.051921e-02 
 3.334252e+01  3.051979e-02 
 3.334284e+01  3.052036e-02 
 3.334316e+01  3.052093e-02 
 3.334348e+01  3.052151e-02 
 3.334381e+01  3.052208e-02 
 3.334413e+01  3.052265e-02 
 3.334445e+01  3.052322e-02 
 3.334477e+01  3.052379e-02 
 3.334509e+01  3.052436e-02 
 3.334541e+01  3.052493e-02 
 3.334574e+01  3.052550e-02 
 3.334606e+01  3.052606e-02 
 3.334638e+01  3.052663e-02 
 3.334670e+01  3.052719e-02 
 3.334702e+01  3.052776e-02 
 3.334734e+01  3.052832e-02 
 3.334766e+01  3.052889e-02 
 3.334799e+01  3.052945e-02 
 3.334831e+01  3.053001e-02 
 3.334863e+01  3.053057e-02 
 3.334895e+01  3.053113e-02 
 3.334927e+01  3.053169e-02 
 3.334959e+01  3.053225e-02 
 3.334992e+01  3.053281e-02 
 3.335024e+01  3.053337e-02 
 3.335056e+01  3.053393e-02 
 3.335088e+01  3.053448e-02 
 3.335120e+01  3.053504e-02 
 3.335152e+01  3.053559e-02 
 3.335184e+01  3.053615e-02 
 3.335217e+01  3.053670e-02 
 3.335249e+01  3.053725e-02 
 3.335281e+01  3.053781e-02 
 3.335313e+01  3.053836e-02 
 3.335345e+01  3.053891e-02 
 3.335377e+01  3.053946e-02 
 3.335410e+01  3.054001e-02 
 3.335442e+01  3.054056e-02 
 3.335474e+01  3.054111e-02 
 3.335506e+01  3.054166e-02 
 3.335538e+01  3.054220e-02 
 3.335570e+01  3.054275e-02 
 3.335602e+01  3.054330e-02 
 3.335635e+01  3.054384e-02 
 3.335667e+01  3.054439e-02 
 3.335699e+01  3.054493e-02 
 3.335731e+01  3.054548e-02 
 3.335763e+01  3.054602e-02 
 3.335795e+01  3.054656e-02 
 3.335828e+01  3.054711e-02 
 3.335860e+01  3.054765e-02 
 3.335892e+01  3.054819e-02 
 3.335924e+01  3.054873e-02 
 3.335956e+01  3.054927e-02 
 3.335988e+01  3.054981e-02 
 3.336021e+01  3.055035e-02 
 3.336053e+01  3.055089e-02 
 3.336085e+01  3.055142e-02 
 3.336117e+01  3.055196e-02 
 3.336149e+01  3.055250e-02 
 3.336181e+01  3.055304e-02 
 3.336213e+01  3.055357e-02 
 3.336246e+01  3.055411e-02 
 3.336278e+01  3.055464e-02 
 3.336310e+01  3.055517e-02 
 3.336342e+01  3.055571e-02 
 3.336374e+01  3.055624e-02 
 3.336406e+01  3.055677e-02 
 3.336439e+01  3.055730e-02 
 3.336471e+01  3.055783e-02 
 3.336503e+01  3.055836e-02 
 3.336535e+01  3.055888e-02 
 3.336567e+01  3.055941e-02 
 3.336599e+01  3.055994e-02 
 3.336631e+01  3.056046e-02 
 3.336664e+01  3.056099e-02 
 3.336696e+01  3.056151e-02 
 3.336728e+01  3.056204e-02 
 3.336760e+01  3.056256e-02 
 3.336792e+01  3.056308e-02 
 3.336824e+01  3.056360e-02 
 3.336857e+01  3.056412e-02 
 3.336889e+01  3.056463e-02 
 3.336921e+01  3.056515e-02 
 3.336953e+01  3.056566e-02 
 3.336985e+01  3.056618e-02 
 3.337017e+01  3.056669e-02 
 3.337049e+01  3.056720e-02 
 3.337082e+01  3.056771e-02 
 3.337114e+01  3.056822e-02 
 3.337146e+01  3.056873e-02 
 3.337178e+01  3.056924e-02 
 3.337210e+01  3.056974e-02 
 3.337242e+01  3.057025e-02 
 3.337275e+01  3.057075e-02 
 3.337307e+01  3.057125e-02 
 3.337339e+01  3.057175e-02 
 3.337371e+01  3.057225e-02 
 3.337403e+01  3.057275e-02 
 3.337435e+01  3.057324e-02 
 3.337468e+01  3.057374e-02 
 3.337500e+01  3.057423e-02 
 3.337532e+01  3.057472e-02 
 3.337564e+01  3.057521e-02 
 3.337596e+01  3.057570e-02 
 3.337628e+01  3.057618e-02 
 3.337660e+01  3.057667e-02 
 3.337693e+01  3.057715e-02 
 3.337725e+01  3.057763e-02 
 3.337757e+01  3.057811e-02 
 3.337789e+01  3.057859e-02 
 3.337821e+01  3.057907e-02 
 3.337853e+01  3.057954e-02 
 3.337886e+01  3.058001e-02 
 3.337918e+01  3.058048e-02 
 3.337950e+01  3.058095e-02 
 3.337982e+01  3.058142e-02 
 3.338014e+01  3.058189e-02 
 3.338046e+01  3.058235e-02 
 3.338078e+01  3.058281e-02 
 3.338111e+01  3.058327e-02 
 3.338143e+01  3.058373e-02 
 3.338175e+01  3.058419e-02 
 3.338207e+01  3.058464e-02 
 3.338239e+01  3.058509e-02 
 3.338271e+01  3.058554e-02 
 3.338304e+01  3.058599e-02 
 3.338336e+01  3.058644e-02 
 3.338368e+01  3.058688e-02 
 3.338400e+01  3.058732e-02 
 3.338432e+01  3.058776e-02 
 3.338464e+01  3.058820e-02 
 3.338496e+01  3.058864e-02 
 3.338529e+01  3.058907e-02 
 3.338561e+01  3.058951e-02 
 3.338593e+01  3.058994e-02 
 3.338625e+01  3.059036e-02 
 3.338657e+01  3.059079e-02 
 3.338689e+01  3.059122e-02 
 3.338722e+01  3.059164e-02 
 3.338754e+01  3.059206e-02 
 3.338786e+01  3.059247e-02 
 3.338818e+01  3.059289e-02 
 3.338850e+01  3.059330e-02 
 3.338882e+01  3.059371e-02 
 3.338915e+01  3.059412e-02 
 3.338947e+01  3.059453e-02 
 3.338979e+01  3.059494e-02 
 3.339011e+01  3.059534e-02 
 3.339043e+01  3.059574e-02 
 3.339075e+01  3.059614e-02 
 3.339107e+01  3.059653e-02 
 3.339140e+01  3.059693e-02 
 3.339172e+01  3.059732e-02 
 3.339204e+01  3.059771e-02 
 3.339236e+01  3.059810e-02 
 3.339268e+01  3.059848e-02 
 3.339300e+01  3.059886e-02 
 3.339333e+01  3.059924e-02 
 3.339365e+01  3.059962e-02 
 3.339397e+01  3.060000e-02 
 3.339429e+01  3.060037e-02 
 3.339461e+01  3.060075e-02 
 3.339493e+01  3.060112e-02 
 3.339525e+01  3.060148e-02 
 3.339558e+01  3.060185e-02 
 3.339590e+01  3.060221e-02 
 3.339622e+01  3.060257e-02 
 3.339654e+01  3.060293e-02 
 3.339686e+01  3.060329e-02 
 3.339718e+01  3.060365e-02 
 3.339751e+01  3.060400e-02 
 3.339783e+01  3.060435e-02 
 3.339815e+01  3.060470e-02 
 3.339847e+01  3.060505e-02 
 3.339879e+01  3.060539e-02 
 3.339911e+01  3.060574e-02 
 3.339943e+01  3.060608e-02 
 3.339976e+01  3.060642e-02 
 3.340008e+01  3.060676e-02 
 3.340040e+01  3.060709e-02 
 3.340072e+01  3.060743e-02 
 3.340104e+01  3.060776e-02 
 3.340136e+01  3.060809e-02 
 3.340169e+01  3.060842e-02 
 3.340201e+01  3.060874e-02 
 3.340233e+01  3.060907e-02 
 3.340265e+01  3.060939e-02 
 3.340297e+01  3.060972e-02 
 3.340329e+01  3.061004e-02 
 3.340362e+01  3.061036e-02 
 3.340394e+01  3.061068e-02 
 3.340426e+01  3.061099e-02 
 3.340458e+01  3.061131e-02 
 3.340490e+01  3.061163e-02 
 3.340522e+01  3.061194e-02 
 3.340554e+01  3.061225e-02 
 3.340587e+01  3.061256e-02 
 3.340619e+01  3.061287e-02 
 3.340651e+01  3.061318e-02 
 3.340683e+01  3.061349e-02 
 3.340715e+01  3.061380e-02 
 3.340747e+01  3.061410e-02 
 3.340780e+01  3.061441e-02 
 3.340812e+01  3.061471e-02 
 3.340844e+01  3.061502e-02 
 3.340876e+01  3.061532e-02 
 3.340908e+01  3.061563e-02 
 3.340940e+01  3.061593e-02 
 3.340972e+01  3.061623e-02 
 3.341005e+01  3.061654e-02 
 3.341037e+01  3.061684e-02 
 3.341069e+01  3.061714e-02 
 3.341101e+01  3.061744e-02 
 3.341133e+01  3.061774e-02 
 3.341165e+01  3.061804e-02 
 3.341198e+01  3.061834e-02 
 3.341230e+01  3.061865e-02 
 3.341262e+01  3.061895e-02 
 3.341294e+01  3.061925e-02 
 3.341326e+01  3.061955e-02 
 3.341358e+01  3.061985e-02 
 3.341391e+01  3.062015e-02 
 3.341423e+01  3.062046e-02 
 3.341455e+01  3.062076e-02 
 3.341487e+01  3.062106e-02 
 3.341519e+01  3.062137e-02 
 3.341551e+01  3.062167e-02 
 3.341583e+01  3.062198e-02 
 3.341616e+01  3.062228e-02 
 3.341648e+01  3.062259e-02 
 3.341680e+01  3.062289e-02 
 3.341712e+01  3.062320e-02 
 3.341744e+01  3.062351e-02 
 3.341776e+01  3.062382e-02 
 3.341809e+01  3.062412e-02 
 3.341841e+01  3.062443e-02 
 3.341873e+01  3.062475e-02 
 3.341905e+01  3.062506e-02 
 3.341937e+01  3.062537e-02 
 3.341969e+01  3.062568e-02 
 3.342001e+01  3.062600e-02 
 3.342034e+01  3.062631e-02 
 3.342066e+01  3.062663e-02 
 3.342098e+01  3.062694e-02 
 3.342130e+01  3.062726e-02 
 3.342162e+01  3.062758e-02 
 3.342194e+01  3.062790e-02 
 3.342227e+01  3.062822e-02 
 3.342259e+01  3.062854e-02 
 3.342291e+01  3.062886e-02 
 3.342323e+01  3.062918e-02 
 3.342355e+01  3.062951e-02 
 3.342387e+01  3.062983e-02 
 3.342419e+01  3.063016e-02 
 3.342452e+01  3.063048e-02 
 3.342484e+01  3.063081e-02 
 3.342516e+01  3.063114e-02 
 3.342548e+01  3.063146e-02 
 3.342580e+01  3.063179e-02 
 3.342612e+01  3.063212e-02 
 3.342645e+01  3.063246e-02 
 3.342677e+01  3.063279e-02 
 3.342709e+01  3.063312e-02 
 3.342741e+01  3.063345e-02 
 3.342773e+01  3.063379e-02 
 3.342805e+01  3.063412e-02 
 3.342838e+01  3.063445e-02 
 3.342870e+01  3.063479e-02 
 3.342902e+01  3.063512e-02 
 3.342934e+01  3.063546e-02 
 3.342966e+01  3.063579e-02 
 3.342998e+01  3.063613e-02 
 3.343030e+01  3.063647e-02 
 3.343063e+01  3.063680e-02 
 3.343095e+01  3.063714e-02 
 3.343127e+01  3.063748e-02 
 3.343159e+01  3.063782e-02 
 3.343191e+01  3.063816e-02 
 3.343223e+01  3.063850e-02 
 3.343256e+01  3.063883e-02 
 3.343288e+01  3.063917e-02 
 3.343320e+01  3.063951e-02 
 3.343352e+01  3.063985e-02 
 3.343384e+01  3.064019e-02 
 3.343416e+01  3.064052e-02 
 3.343448e+01  3.064086e-02 
 3.343481e+01  3.064120e-02 
 3.343513e+01  3.064153e-02 
 3.343545e+01  3.064187e-02 
 3.343577e+01  3.064221e-02 
 3.343609e+01  3.064254e-02 
 3.343641e+01  3.064288e-02 
 3.343674e+01  3.064321e-02 
 3.343706e+01  3.064355e-02 
 3.343738e+01  3.064388e-02 
 3.343770e+01  3.064422e-02 
 3.343802e+01  3.064455e-02 
 3.343834e+01  3.064488e-02 
 3.343866e+01  3.064521e-02 
 3.343899e+01  3.064554e-02 
 3.343931e+01  3.064587e-02 
 3.343963e+01  3.064620e-02 
 3.343995e+01  3.064653e-02 
 3.344027e+01  3.064685e-02 
 3.344059e+01  3.064718e-02 
 3.344092e+01  3.064750e-02 
 3.344124e+01  3.064783e-02 
 3.344156e+01  3.064815e-02 
 3.344188e+01  3.064848e-02 
 3.344220e+01  3.064880e-02 
 3.344252e+01  3.064912e-02 
 3.344285e+01  3.064943e-02 
 3.344317e+01  3.064975e-02 
 3.344349e+01  3.065007e-02 
 3.344381e+01  3.065038e-02 
 3.344413e+01  3.065070e-02 
 3.344445e+01  3.065101e-02 
 3.344477e+01  3.065132e-02 
 3.344510e+01  3.065163e-02 
 3.344542e+01  3.065194e-02 
 3.344574e+01  3.065225e-02 
 3.344606e+01  3.065255e-02 
 3.344638e+01  3.065286e-02 
 3.344670e+01  3.065316e-02 
 3.344703e+01  3.065346e-02 
 3.344735e+01  3.065376e-02 
 3.344767e+01  3.065406e-02 
 3.344799e+01  3.065436e-02 
 3.344831e+01  3.065466e-02 
 3.344863e+01  3.065495e-02 
 3.344895e+01  3.065524e-02 
 3.344928e+01  3.065554e-02 
 3.344960e+01  3.065583e-02 
 3.344992e+01  3.065611e-02 
 3.345024e+01  3.065640e-02 
 3.345056e+01  3.065669e-02 
 3.345088e+01  3.065697e-02 
 3.345121e+01  3.065726e-02 
 3.345153e+01  3.065754e-02 
 3.345185e+01  3.065782e-02 
 3.345217e+01  3.065810e-02 
 3.345249e+01  3.065837e-02 
 3.345281e+01  3.065865e-02 
 3.345313e+01  3.065892e-02 
 3.345346e+01  3.065919e-02 
 3.345378e+01  3.065947e-02 
 3.345410e+01  3.065974e-02 
 3.345442e+01  3.066000e-02 
 3.345474e+01  3.066027e-02 
 3.345506e+01  3.066054e-02 
 3.345539e+01  3.066080e-02 
 3.345571e+01  3.066106e-02 
 3.345603e+01  3.066132e-02 
 3.345635e+01  3.066158e-02 
 3.345667e+01  3.066184e-02 
 3.345699e+01  3.066210e-02 
 3.345732e+01  3.066235e-02 
 3.345764e+01  3.066260e-02 
 3.345796e+01  3.066286e-02 
 3.345828e+01  3.066311e-02 
 3.345860e+01  3.066336e-02 
 3.345892e+01  3.066360e-02 
 3.345924e+01  3.066385e-02 
 3.345957e+01  3.066410e-02 
 3.345989e+01  3.066434e-02 
 3.346021e+01  3.066458e-02 
 3.346053e+01  3.066482e-02 
 3.346085e+01  3.066506e-02 
 3.346117e+01  3.066530e-02 
 3.346150e+01  3.066554e-02 
 3.346182e+01  3.066577e-02 
 3.346214e+01  3.066600e-02 
 3.346246e+01  3.066624e-02 
 3.346278e+01  3.066647e-02 
 3.346310e+01  3.066670e-02 
 3.346342e+01  3.066692e-02 
 3.346375e+01  3.066715e-02 
 3.346407e+01  3.066738e-02 
 3.346439e+01  3.066760e-02 
 3.346471e+01  3.066782e-02 
 3.346503e+01  3.066805e-02 
 3.346535e+01  3.066827e-02 
 3.346568e+01  3.066849e-02 
 3.346600e+01  3.066870e-02 
 3.346632e+01  3.066892e-02 
 3.346664e+01  3.066913e-02 
 3.346696e+01  3.066935e-02 
 3.346728e+01  3.066956e-02 
 3.346760e+01  3.066977e-02 
 3.346793e+01  3.066998e-02 
 3.346825e+01  3.067019e-02 
 3.346857e+01  3.067040e-02 
 3.346889e+01  3.067060e-02 
 3.346921e+01  3.067081e-02 
 3.346953e+01  3.067101e-02 
 3.346986e+01  3.067121e-02 
 3.347018e+01  3.067141e-02 
 3.347050e+01  3.067161e-02 
 3.347082e+01  3.067181e-02 
 3.347114e+01  3.067201e-02 
 3.347146e+01  3.067221e-02 
 3.347179e+01  3.067240e-02 
 3.347211e+01  3.067260e-02 
 3.347243e+01  3.067279e-02 
 3.347275e+01  3.067298e-02 
 3.347307e+01  3.067317e-02 
 3.347339e+01  3.067336e-02 
 3.347371e+01  3.067355e-02 
 3.347404e+01  3.067374e-02 
 3.347436e+01  3.067392e-02 
 3.347468e+01  3.067411e-02 
 3.347500e+01  3.067429e-02 
 3.347532e+01  3.067448e-02 
 3.347564e+01  3.067466e-02 
 3.347597e+01  3.067484e-02 
 3.347629e+01  3.067502e-02 
 3.347661e+01  3.067520e-02 
 3.347693e+01  3.067538e-02 
 3.347725e+01  3.067555e-02 
 3.347757e+01  3.067573e-02 
 3.347789e+01  3.067590e-02 
 3.347822e+01  3.067608e-02 
 3.347854e+01  3.067625e-02 
 3.347886e+01  3.067643e-02 
 3.347918e+01  3.067660e-02 
 3.347950e+01  3.067677e-02 
 3.347982e+01  3.067694e-02 
 3.348015e+01  3.067711e-02 
 3.348047e+01  3.067728e-02 
 3.348079e+01  3.067745e-02 
 3.348111e+01  3.067761e-02 
 3.348143e+01  3.067778e-02 
 3.348175e+01  3.067794e-02 
 3.348207e+01  3.067811e-02 
 3.348240e+01  3.067827e-02 
 3.348272e+01  3.067844e-02 
 3.348304e+01  3.067860e-02 
 3.348336e+01  3.067877e-02 
 3.348368e+01  3.067893e-02 
 3.348400e+01  3.067909e-02 
 3.348433e+01  3.067925e-02 
 3.348465e+01  3.067942e-02 
 3.348497e+01  3.067958e-02 
 3.348529e+01  3.067974e-02 
 3.348561e+01  3.067990e-02 
 3.348593e+01  3.068006e-02 
 3.348626e+01  3.068022e-02 
 3.348658e+01  3.068038e-02 
 3.348690e+01  3.068054e-02 
 3.348722e+01  3.068069e-02 
 3.348754e+01  3.068085e-02 
 3.348786e+01  3.068101e-02 
 3.348818e+01  3.068117e-02 
 3.348851e+01  3.068133e-02 
 3.348883e+01  3.068149e-02 
 3.348915e+01  3.068165e-02 
 3.348947e+01  3.068181e-02 
 3.348979e+01  3.068197e-02 
 3.349011e+01  3.068213e-02 
 3.349044e+01  3.068229e-02 
 3.349076e+01  3.068245e-02 
 3.349108e+01  3.068261e-02 
 3.349140e+01  3.068277e-02 
 3.349172e+01  3.068294e-02 
 3.349204e+01  3.068310e-02 
 3.349236e+01  3.068326e-02 
 3.349269e+01  3.068342e-02 
 3.349301e+01  3.068359e-02 
 3.349333e+01  3.068375e-02 
 3.349365e+01  3.068392e-02 
 3.349397e+01  3.068409e-02 
 3.349429e+01  3.068425e-02 
 3.349462e+01  3.068442e-02 
 3.349494e+01  3.068459e-02 
 3.349526e+01  3.068476e-02 
 3.349558e+01  3.068493e-02 
 3.349590e+01  3.068511e-02 
 3.349622e+01  3.068528e-02 
 3.349654e+01  3.068545e-02 
 3.349687e+01  3.068563e-02 
 3.349719e+01  3.068581e-02 
 3.349751e+01  3.068599e-02 
 3.349783e+01  3.068617e-02 
 3.349815e+01  3.068635e-02 
 3.349847e+01  3.068653e-02 
 3.349880e+01  3.068672e-02 
 3.349912e+01  3.068691e-02 
 3.349944e+01  3.068710e-02 
 3.349976e+01  3.068729e-02 
 3.350008e+01  3.068748e-02 
 3.350040e+01  3.068767e-02 
 3.350073e+01  3.068787e-02 
 3.350105e+01  3.068807e-02 
 3.350137e+01  3.068827e-02 
 3.350169e+01  3.068847e-02 
 3.350201e+01  3.068868e-02 
 3.350233e+01  3.068888e-02 
 3.350265e+01  3.068909e-02 
 3.350298e+01  3.068931e-02 
 3.350330e+01  3.068952e-02 
 3.350362e+01  3.068974e-02 
 3.350394e+01  3.068996e-02 
 3.350426e+01  3.069019e-02 
 3.350458e+01  3.069041e-02 
 3.350491e+01  3.069064e-02 
 3.350523e+01  3.069087e-02 
 3.350555e+01  3.069111e-02 
 3.350587e+01  3.069135e-02 
 3.350619e+01  3.069159e-02 
 3.350651e+01  3.069183e-02 
 3.350683e+01  3.069208e-02 
 3.350716e+01  3.069233e-02 
 3.350748e+01  3.069258e-02 
 3.350780e+01  3.069284e-02 
 3.350812e+01  3.069310e-02 
 3.350844e+01  3.069336e-02 
 3.350876e+01  3.069363e-02 
 3.350909e+01  3.069390e-02 
 3.350941e+01  3.069418e-02 
 3.350973e+01  3.069446e-02 
 3.351005e+01  3.069474e-02 
 3.351037e+01  3.069503e-02 
 3.351069e+01  3.069532e-02 
 3.351102e+01  3.069562e-02 
 3.351134e+01  3.069591e-02 
 3.351166e+01  3.069622e-02 
 3.351198e+01  3.069652e-02 
 3.351230e+01  3.069683e-02 
 3.351262e+01  3.069715e-02 
 3.351294e+01  3.069747e-02 
 3.351327e+01  3.069779e-02 
 3.351359e+01  3.069812e-02 
 3.351391e+01  3.069846e-02 
 3.351423e+01  3.069879e-02 
 3.351455e+01  3.069914e-02 
 3.351487e+01  3.069948e-02 
 3.351520e+01  3.069983e-02 
 3.351552e+01  3.070019e-02 
 3.351584e+01  3.070055e-02 
 3.351616e+01  3.070092e-02 
 3.351648e+01  3.070128e-02 
 3.351680e+01  3.070166e-02 
 3.351712e+01  3.070204e-02 
 3.351745e+01  3.070242e-02 
 3.351777e+01  3.070281e-02 
 3.351809e+01  3.070320e-02 
 3.351841e+01  3.070360e-02 
 3.351873e+01  3.070401e-02 
 3.351905e+01  3.070441e-02 
 3.351938e+01  3.070483e-02 
 3.351970e+01  3.070524e-02 
 3.352002e+01  3.070567e-02 
 3.352034e+01  3.070610e-02 
 3.352066e+01  3.070653e-02 
 3.352098e+01  3.070697e-02 
 3.352130e+01  3.070741e-02 
 3.352163e+01  3.070786e-02 
 3.352195e+01  3.070831e-02 
 3.352227e+01  3.070877e-02 
 3.352259e+01  3.070923e-02 
 3.352291e+01  3.070969e-02 
 3.352323e+01  3.071017e-02 
 3.352356e+01  3.071064e-02 
 3.352388e+01  3.071112e-02 
 3.352420e+01  3.071161e-02 
 3.352452e+01  3.071210e-02 
 3.352484e+01  3.071259e-02 
 3.352516e+01  3.071309e-02 
 3.352549e+01  3.071360e-02 
 3.352581e+01  3.071411e-02 
 3.352613e+01  3.071462e-02 
 3.352645e+01  3.071514e-02 
 3.352677e+01  3.071566e-02 
 3.352709e+01  3.071619e-02 
 3.352741e+01  3.071672e-02 
 3.352774e+01  3.071726e-02 
 3.352806e+01  3.071780e-02 
 3.352838e+01  3.071834e-02 
 3.352870e+01  3.071889e-02 
 3.352902e+01  3.071944e-02 
 3.352934e+01  3.072000e-02 
 3.352967e+01  3.072056e-02 
 3.352999e+01  3.072112e-02 
 3.353031e+01  3.072169e-02 
 3.353063e+01  3.072226e-02 
 3.353095e+01  3.072283e-02 
 3.353127e+01  3.072341e-02 
 3.353159e+01  3.072400e-02 
 3.353192e+01  3.072458e-02 
 3.353224e+01  3.072517e-02 
 3.353256e+01  3.072576e-02 
 3.353288e+01  3.072636e-02 
 3.353320e+01  3.072696e-02 
 3.353352e+01  3.072756e-02 
 3.353385e+01  3.072816e-02 
 3.353417e+01  3.072876e-02 
 3.353449e+01  3.072937e-02 
 3.353481e+01  3.072998e-02 
 3.353513e+01  3.073059e-02 
 3.353545e+01  3.073121e-02 
 3.353577e+01  3.073183e-02 
 3.353610e+01  3.073245e-02 
 3.353642e+01  3.073307e-02 
 3.353674e+01  3.073370e-02 
 3.353706e+01  3.073432e-02 
 3.353738e+01  3.073495e-02 
 3.353770e+01  3.073558e-02 
 3.353803e+01  3.073621e-02 
 3.353835e+01  3.073684e-02 
 3.353867e+01  3.073747e-02 
 3.353899e+01  3.073810e-02 
 3.353931e+01  3.073873e-02 
 3.353963e+01  3.073937e-02 
 3.353996e+01  3.074000e-02 
 3.354028e+01  3.074064e-02 
 3.354060e+01  3.074127e-02 
 3.354092e+01  3.074191e-02 
 3.354124e+01  3.074255e-02 
 3.354156e+01  3.074319e-02 
 3.354188e+01  3.074383e-02 
 3.354221e+01  3.074446e-02 
 3.354253e+01  3.074510e-02 
 3.354285e+01  3.074574e-02 
 3.354317e+01  3.074637e-02 
 3.354349e+01  3.074700e-02 
 3.354381e+01  3.074764e-02 
 3.354414e+01  3.074827e-02 
 3.354446e+01  3.074890e-02 
 3.354478e+01  3.074953e-02 
 3.354510e+01  3.075015e-02 
 3.354542e+01  3.075078e-02 
 3.354574e+01  3.075141e-02 
 3.354606e+01  3.075203e-02 
 3.354639e+01  3.075265e-02 
 3.354671e+01  3.075328e-02 
 3.354703e+01  3.075390e-02 
 3.354735e+01  3.075451e-02 
 3.354767e+01  3.075513e-02 
 3.354799e+01  3.075574e-02 
 3.354832e+01  3.075634e-02 
 3.354864e+01  3.075695e-02 
 3.354896e+01  3.075755e-02 
 3.354928e+01  3.075815e-02 
 3.354960e+01  3.075874e-02 
 3.354992e+01  3.075933e-02 
 3.355024e+01  3.075992e-02 
 3.355057e+01  3.076051e-02 
 3.355089e+01  3.076109e-02 
 3.355121e+01  3.076167e-02 
 3.355153e+01  3.076225e-02 
 3.355185e+01  3.076282e-02 
 3.355217e+01  3.076339e-02 
 3.355250e+01  3.076395e-02 
 3.355282e+01  3.076451e-02 
 3.355314e+01  3.076506e-02 
 3.355346e+01  3.076561e-02 
 3.355378e+01  3.076615e-02 
 3.355410e+01  3.076668e-02 
 3.355443e+01  3.076722e-02 
 3.355475e+01  3.076774e-02 
 3.355507e+01  3.076826e-02 
 3.355539e+01  3.076878e-02 
 3.355571e+01  3.076929e-02 
 3.355603e+01  3.076980e-02 
 3.355635e+01  3.077030e-02 
 3.355668e+01  3.077080e-02 
 3.355700e+01  3.077129e-02 
 3.355732e+01  3.077177e-02 
 3.355764e+01  3.077224e-02 
 3.355796e+01  3.077271e-02 
 3.355828e+01  3.077317e-02 
 3.355861e+01  3.077362e-02 
 3.355893e+01  3.077407e-02 
 3.355925e+01  3.077451e-02 
 3.355957e+01  3.077494e-02 
 3.355989e+01  3.077536e-02 
 3.356021e+01  3.077578e-02 
 3.356053e+01  3.077618e-02 
 3.356086e+01  3.077659e-02 
 3.356118e+01  3.077698e-02 
 3.356150e+01  3.077737e-02 
 3.356182e+01  3.077775e-02 
 3.356214e+01  3.077811e-02 
 3.356246e+01  3.077847e-02 
 3.356279e+01  3.077882e-02 
 3.356311e+01  3.077916e-02 
 3.356343e+01  3.077949e-02 
 3.356375e+01  3.077981e-02 
 3.356407e+01  3.078012e-02 
 3.356439e+01  3.078042e-02 
 3.356471e+01  3.078070e-02 
 3.356504e+01  3.078098e-02 
 3.356536e+01  3.078125e-02 
 3.356568e+01  3.078151e-02 
 3.356600e+01  3.078176e-02 
 3.356632e+01  3.078200e-02 
 3.356664e+01  3.078223e-02 
 3.356697e+01  3.078244e-02 
 3.356729e+01  3.078264e-02 
 3.356761e+01  3.078283e-02 
 3.356793e+01  3.078301e-02 
 3.356825e+01  3.078317e-02 
 3.356857e+01  3.078332e-02 
 3.356890e+01  3.078346e-02 
 3.356922e+01  3.078358e-02 
 3.356954e+01  3.078368e-02 
 3.356986e+01  3.078378e-02 
 3.357018e+01  3.078386e-02 
 3.357050e+01  3.078393e-02 
 3.357082e+01  3.078398e-02 
 3.357115e+01  3.078402e-02 
 3.357147e+01  3.078405e-02 
 3.357179e+01  3.078406e-02 
 3.357211e+01  3.078406e-02 
 3.357243e+01  3.078404e-02 
 3.357275e+01  3.078400e-02 
 3.357308e+01  3.078394e-02 
 3.357340e+01  3.078387e-02 
 3.357372e+01  3.078378e-02 
 3.357404e+01  3.078367e-02 
 3.357436e+01  3.078355e-02 
 3.357468e+01  3.078340e-02 
 3.357500e+01  3.078324e-02 
 3.357533e+01  3.078306e-02 
 3.357565e+01  3.078287e-02 
 3.357597e+01  3.078265e-02 
 3.357629e+01  3.078242e-02 
 3.357661e+01  3.078218e-02 
 3.357693e+01  3.078191e-02 
 3.357726e+01  3.078162e-02 
 3.357758e+01  3.078131e-02 
 3.357790e+01  3.078098e-02 
 3.357822e+01  3.078063e-02 
 3.357854e+01  3.078026e-02 
 3.357886e+01  3.077987e-02 
 3.357918e+01  3.077945e-02 
 3.357951e+01  3.077902e-02 
 3.357983e+01  3.077856e-02 
 3.358015e+01  3.077808e-02 
 3.358047e+01  3.077759e-02 
 3.358079e+01  3.077707e-02 
 3.358111e+01  3.077653e-02 
 3.358144e+01  3.077597e-02 
 3.358176e+01  3.077539e-02 
 3.358208e+01  3.077478e-02 
 3.358240e+01  3.077415e-02 
 3.358272e+01  3.077350e-02 
 3.358304e+01  3.077283e-02 
 3.358337e+01  3.077213e-02 
 3.358369e+01  3.077141e-02 
 3.358401e+01  3.077067e-02 
 3.358433e+01  3.076990e-02 
 3.358465e+01  3.076911e-02 
 3.358497e+01  3.076829e-02 
 3.358529e+01  3.076746e-02 
 3.358562e+01  3.076660e-02 
 3.358594e+01  3.076571e-02 
 3.358626e+01  3.076480e-02 
 3.358658e+01  3.076387e-02 
 3.358690e+01  3.076292e-02 
 3.358722e+01  3.076194e-02 
 3.358755e+01  3.076093e-02 
 3.358787e+01  3.075990e-02 
 3.358819e+01  3.075885e-02 
 3.358851e+01  3.075776e-02 
 3.358883e+01  3.075666e-02 
 3.358915e+01  3.075552e-02 
 3.358947e+01  3.075436e-02 
 3.358980e+01  3.075318e-02 
 3.359012e+01  3.075197e-02 
 3.359044e+01  3.075074e-02 
 3.359076e+01  3.074948e-02 
 3.359108e+01  3.074819e-02 
 3.359140e+01  3.074688e-02 
 3.359173e+01  3.074554e-02 
 3.359205e+01  3.074417e-02 
 3.359237e+01  3.074277e-02 
 3.359269e+01  3.074134e-02 
 3.359301e+01  3.073988e-02 
 3.359333e+01  3.073839e-02 
 3.359365e+01  3.073686e-02 
 3.359398e+01  3.073531e-02 
 3.359430e+01  3.073372e-02 
 3.359462e+01  3.073210e-02 
 3.359494e+01  3.073045e-02 
 3.359526e+01  3.072877e-02 
 3.359558e+01  3.072706e-02 
 3.359591e+01  3.072531e-02 
 3.359623e+01  3.072353e-02 
 3.359655e+01  3.072173e-02 
 3.359687e+01  3.071988e-02 
 3.359719e+01  3.071799e-02 
 3.359751e+01  3.071606e-02 
 3.359784e+01  3.071408e-02 
 3.359816e+01  3.071205e-02 
 3.359848e+01  3.070998e-02 
 3.359880e+01  3.070787e-02 
 3.359912e+01  3.070570e-02 
 3.359944e+01  3.070350e-02 
 3.359976e+01  3.070124e-02 
 3.360009e+01  3.069894e-02 
 3.360041e+01  3.069660e-02 
 3.360073e+01  3.069421e-02 
 3.360105e+01  3.069178e-02 
 3.360137e+01  3.068930e-02 
 3.360169e+01  3.068677e-02 
 3.360202e+01  3.068418e-02 
 3.360234e+01  3.068152e-02 
 3.360266e+01  3.067879e-02 
 3.360298e+01  3.067600e-02 
 3.360330e+01  3.067313e-02 
 3.360362e+01  3.067020e-02 
 3.360394e+01  3.066720e-02 
 3.360427e+01  3.066413e-02 
 3.360459e+01  3.066099e-02 
 3.360491e+01  3.065778e-02 
 3.360523e+01  3.065450e-02 
 3.360555e+01  3.065115e-02 
 3.360587e+01  3.064774e-02 
 3.360620e+01  3.064425e-02 
 3.360652e+01  3.064070e-02 
 3.360684e+01  3.063707e-02 
 3.360716e+01  3.063335e-02 
 3.360748e+01  3.062953e-02 
 3.360780e+01  3.062561e-02 
 3.360813e+01  3.062159e-02 
 3.360845e+01  3.061748e-02 
 3.360877e+01  3.061326e-02 
 3.360909e+01  3.060896e-02 
 3.360941e+01  3.060455e-02 
 3.360973e+01  3.060005e-02 
 3.361005e+01  3.059545e-02 
 3.361038e+01  3.059075e-02 
 3.361070e+01  3.058596e-02 
 3.361102e+01  3.058107e-02 
 3.361134e+01  3.057608e-02 
 3.361166e+01  3.057099e-02 
 3.361198e+01  3.056579e-02 
 3.361231e+01  3.056047e-02 
 3.361263e+01  3.055503e-02 
 3.361295e+01  3.054946e-02 
 3.361327e+01  3.054378e-02 
 3.361359e+01  3.053797e-02 
 3.361391e+01  3.053203e-02 
 3.361423e+01  3.052598e-02 
 3.361456e+01  3.051980e-02 
 3.361488e+01  3.051351e-02 
 3.361520e+01  3.050708e-02 
 3.361552e+01  3.050054e-02 
 3.361584e+01  3.049388e-02 
 3.361616e+01  3.048709e-02 
 3.361649e+01  3.048018e-02 
 3.361681e+01  3.047315e-02 
 3.361713e+01  3.046598e-02 
 3.361745e+01  3.045868e-02 
 3.361777e+01  3.045124e-02 
 3.361809e+01  3.044367e-02 
 3.361841e+01  3.043596e-02 
 3.361874e+01  3.042812e-02 
 3.361906e+01  3.042014e-02 
 3.361938e+01  3.041203e-02 
 3.361970e+01  3.040378e-02 
 3.362002e+01  3.039540e-02 
 3.362034e+01  3.038688e-02 
 3.362067e+01  3.037823e-02 
 3.362099e+01  3.036945e-02 
 3.362131e+01  3.036052e-02 
 3.362163e+01  3.035147e-02 
 3.362195e+01  3.034228e-02 
 3.362227e+01  3.033296e-02 
 3.362260e+01  3.032351e-02 
 3.362292e+01  3.031393e-02 
 3.362324e+01  3.030421e-02 
 3.362356e+01  3.029437e-02 
 3.362388e+01  3.028440e-02 
 3.362420e+01  3.027430e-02 
 3.362452e+01  3.026406e-02 
 3.362485e+01  3.025370e-02 
 3.362517e+01  3.024320e-02 
 3.362549e+01  3.023257e-02 
 3.362581e+01  3.022182e-02 
 3.362613e+01  3.021093e-02 
 3.362645e+01  3.019991e-02 
 3.362678e+01  3.018876e-02 
 3.362710e+01  3.017751e-02 
 3.362742e+01  3.016614e-02 
 3.362774e+01  3.015466e-02 
 3.362806e+01  3.014303e-02 
 3.362839e+01  3.013128e-02 
 3.362871e+01  3.011942e-02 
 3.362903e+01  3.010745e-02 
 3.362935e+01  3.009536e-02 
 3.362968e+01  3.008317e-02 
 3.363000e+01  3.007087e-02 
 3.363032e+01  3.005846e-02 
 3.363065e+01  3.004593e-02 
 3.363097e+01  3.003330e-02 
 3.363129e+01  3.002055e-02 
 3.363162e+01  3.000770e-02 
 3.363194e+01  2.999475e-02 
 3.363226e+01  2.998172e-02 
 3.363258e+01  2.996861e-02 
 3.363291e+01  2.995543e-02 
 3.363323e+01  2.994217e-02 
 3.363355e+01  2.992883e-02 
 3.363388e+01  2.991542e-02 
 3.363420e+01  2.990192e-02 
 3.363452e+01  2.988835e-02 
 3.363485e+01  2.987470e-02 
 3.363517e+01  2.986097e-02 
 3.363549e+01  2.984717e-02 
 3.363581e+01  2.983328e-02 
 3.363614e+01  2.981932e-02 
 3.363646e+01  2.980528e-02 
 3.363678e+01  2.979117e-02 
 3.363711e+01  2.977702e-02 
 3.363743e+01  2.976282e-02 
 3.363775e+01  2.974858e-02 
 3.363808e+01  2.973430e-02 
 3.363840e+01  2.971998e-02 
 3.363872e+01  2.970562e-02 
 3.363904e+01  2.969122e-02 
 3.363937e+01  2.967678e-02 
 3.363969e+01  2.966229e-02 
 3.364001e+01  2.964777e-02 
 3.364034e+01  2.963321e-02 
 3.364066e+01  2.961860e-02 
 3.364098e+01  2.960395e-02 
 3.364131e+01  2.958926e-02 
 3.364163e+01  2.957454e-02 
 3.364195e+01  2.955979e-02 
 3.364227e+01  2.954503e-02 
 3.364260e+01  2.953027e-02 
 3.364292e+01  2.951550e-02 
 3.364324e+01  2.950073e-02 
 3.364357e+01  2.948595e-02 
 3.364389e+01  2.947116e-02 
 3.364421e+01  2.945637e-02 
 3.364454e+01  2.944158e-02 
 3.364486e+01  2.942678e-02 
 3.364518e+01  2.941197e-02 
 3.364550e+01  2.939715e-02 
 3.364583e+01  2.938234e-02 
 3.364615e+01  2.936751e-02 
 3.364647e+01  2.935268e-02 
 3.364680e+01  2.933785e-02 
 3.364712e+01  2.932304e-02 
 3.364744e+01  2.930825e-02 
 3.364777e+01  2.929349e-02 
 3.364809e+01  2.927875e-02 
 3.364841e+01  2.926404e-02 
 3.364873e+01  2.924935e-02 
 3.364906e+01  2.923469e-02 
 3.364938e+01  2.922005e-02 
 3.364970e+01  2.920543e-02 
 3.365003e+01  2.919084e-02 
 3.365035e+01  2.917627e-02 
 3.365067e+01  2.916173e-02 
 3.365100e+01  2.914721e-02 
 3.365132e+01  2.913271e-02 
 3.365164e+01  2.911824e-02 
 3.365196e+01  2.910381e-02 
 3.365229e+01  2.908942e-02 
 3.365261e+01  2.907509e-02 
 3.365293e+01  2.906080e-02 
 3.365326e+01  2.904655e-02 
 3.365358e+01  2.903236e-02 
 3.365390e+01  2.901821e-02 
 3.365423e+01  2.900411e-02 
 3.365455e+01  2.899006e-02 
 3.365487e+01  2.897605e-02 
 3.365519e+01  2.896209e-02 
 3.365552e+01  2.894818e-02 
 3.365584e+01  2.893432e-02 
 3.365616e+01  2.892051e-02 
 3.365649e+01  2.890674e-02 
 3.365681e+01  2.889302e-02 
 3.365713e+01  2.887936e-02 
 3.365746e+01  2.886577e-02 
 3.365778e+01  2.885224e-02 
 3.365810e+01  2.883877e-02 
 3.365842e+01  2.882536e-02 
 3.365875e+01  2.881202e-02 
 3.365907e+01  2.879873e-02 
 3.365939e+01  2.878551e-02 
 3.365972e+01  2.877235e-02 
 3.366004e+01  2.875926e-02 
 3.366036e+01  2.874622e-02 
 3.366069e+01  2.873325e-02 
 3.366101e+01  2.872034e-02 
 3.366133e+01  2.870750e-02 
 3.366165e+01  2.869471e-02 
 3.366198e+01  2.868199e-02 
 3.366230e+01  2.866934e-02 
 3.366262e+01  2.865676e-02 
 3.366295e+01  2.864424e-02 
 3.366327e+01  2.863179e-02 
 3.366359e+01  2.861941e-02 
 3.366392e+01  2.860709e-02 
 3.366424e+01  2.859484e-02 
 3.366456e+01  2.858266e-02 
 3.366488e+01  2.857055e-02 
 3.366521e+01  2.855850e-02 
 3.366553e+01  2.854652e-02 
 3.366585e+01  2.853461e-02 
 3.366618e+01  2.852277e-02 
 3.366650e+01  2.851099e-02 
 3.366682e+01  2.849928e-02 
 3.366714e+01  2.848763e-02 
 3.366747e+01  2.847604e-02 
 3.366779e+01  2.846452e-02 
 3.366811e+01  2.845306e-02 
 3.366844e+01  2.844166e-02 
 3.366876e+01  2.843033e-02 
 3.366908e+01  2.841905e-02 
 3.366941e+01  2.840784e-02 
 3.366973e+01  2.839670e-02 
 3.367005e+01  2.838566e-02 
 3.367037e+01  2.837469e-02 
 3.367069e+01  2.836377e-02 
 3.367102e+01  2.835292e-02 
 3.367134e+01  2.834214e-02 
 3.367166e+01  2.833141e-02 
 3.367198e+01  2.832074e-02 
 3.367230e+01  2.831012e-02 
 3.367262e+01  2.829955e-02 
 3.367294e+01  2.828903e-02 
 3.367327e+01  2.827856e-02 
 3.367359e+01  2.826814e-02 
 3.367391e+01  2.825777e-02 
 3.367423e+01  2.824746e-02 
 3.367455e+01  2.823719e-02 
 3.367487e+01  2.822698e-02 
 3.367520e+01  2.821681e-02 
 3.367552e+01  2.820670e-02 
 3.367584e+01  2.819664e-02 
 3.367616e+01  2.818663e-02 
 3.367648e+01  2.817667e-02 
 3.367680e+01  2.816675e-02 
 3.367712e+01  2.815688e-02 
 3.367745e+01  2.814704e-02 
 3.367777e+01  2.813724e-02 
 3.367809e+01  2.812748e-02 
 3.367841e+01  2.811776e-02 
 3.367873e+01  2.810807e-02 
 3.367905e+01  2.809842e-02 
 3.367938e+01  2.808881e-02 
 3.367970e+01  2.807923e-02 
 3.368002e+01  2.806969e-02 
 3.368034e+01  2.806019e-02 
 3.368066e+01  2.805073e-02 
 3.368098e+01  2.804130e-02 
 3.368131e+01  2.803191e-02 
 3.368163e+01  2.802256e-02 
 3.368195e+01  2.801324e-02 
 3.368227e+01  2.800395e-02 
 3.368259e+01  2.799468e-02 
 3.368291e+01  2.798543e-02 
 3.368323e+01  2.797621e-02 
 3.368356e+01  2.796701e-02 
 3.368388e+01  2.795784e-02 
 3.368420e+01  2.794870e-02 
 3.368452e+01  2.793958e-02 
 3.368484e+01  2.793049e-02 
 3.368516e+01  2.792142e-02 
 3.368549e+01  2.791237e-02 
 3.368581e+01  2.790335e-02 
 3.368613e+01  2.789436e-02 
 3.368645e+01  2.788539e-02 
 3.368677e+01  2.787644e-02 
 3.368709e+01  2.786751e-02 
 3.368741e+01  2.785860e-02 
 3.368774e+01  2.784970e-02 
 3.368806e+01  2.784081e-02 
 3.368838e+01  2.783194e-02 
 3.368870e+01  2.782309e-02 
 3.368902e+01  2.781425e-02 
 3.368934e+01  2.780542e-02 
 3.368967e+01  2.779661e-02 
 3.368999e+01  2.778781e-02 
 3.369031e+01  2.777903e-02 
 3.369063e+01  2.777026e-02 
 3.369095e+01  2.776151e-02 
 3.369127e+01  2.775277e-02 
 3.369159e+01  2.774404e-02 
 3.369192e+01  2.773533e-02 
 3.369224e+01  2.772662e-02 
 3.369256e+01  2.771791e-02 
 3.369288e+01  2.770921e-02 
 3.369320e+01  2.770051e-02 
 3.369352e+01  2.769182e-02 
 3.369385e+01  2.768313e-02 
 3.369417e+01  2.767445e-02 
 3.369449e+01  2.766577e-02 
 3.369481e+01  2.765709e-02 
 3.369513e+01  2.764842e-02 
 3.369545e+01  2.763976e-02 
 3.369578e+01  2.763109e-02 
 3.369610e+01  2.762244e-02 
 3.369642e+01  2.761378e-02 
 3.369674e+01  2.760513e-02 
 3.369706e+01  2.759648e-02 
 3.369738e+01  2.758781e-02 
 3.369770e+01  2.757914e-02 
 3.369803e+01  2.757046e-02 
 3.369835e+01  2.756177e-02 
 3.369867e+01  2.755308e-02 
 3.369899e+01  2.754437e-02 
 3.369931e+01  2.753566e-02 
 3.369963e+01  2.752694e-02 
 3.369996e+01  2.751822e-02 
 3.370028e+01  2.750948e-02 
 3.370060e+01  2.750074e-02 
 3.370092e+01  2.749199e-02 
 3.370124e+01  2.748323e-02 
 3.370156e+01  2.747446e-02 
 3.370188e+01  2.746568e-02 
 3.370221e+01  2.745688e-02 
 3.370253e+01  2.744805e-02 
 3.370285e+01  2.743920e-02 
 3.370317e+01  2.743033e-02 
 3.370349e+01  2.742143e-02 
 3.370381e+01  2.741250e-02 
 3.370414e+01  2.740356e-02 
 3.370446e+01  2.739458e-02 
 3.370478e+01  2.738559e-02 
 3.370510e+01  2.737657e-02 
 3.370542e+01  2.736753e-02 
 3.370574e+01  2.735846e-02 
 3.370606e+01  2.734937e-02 
 3.370639e+01  2.734026e-02 
 3.370671e+01  2.733112e-02 
 3.370703e+01  2.732194e-02 
 3.370735e+01  2.731271e-02 
 3.370767e+01  2.730344e-02 
 3.370799e+01  2.729412e-02 
 3.370832e+01  2.728476e-02 
 3.370864e+01  2.727535e-02 
 3.370896e+01  2.726589e-02 
 3.370928e+01  2.725639e-02 
 3.370960e+01  2.724684e-02 
 3.370992e+01  2.723724e-02 
 3.371024e+01  2.722760e-02 
 3.371057e+01  2.721791e-02 
 3.371089e+01  2.720818e-02 
 3.371121e+01  2.719839e-02 
 3.371153e+01  2.718857e-02 
 3.371185e+01  2.717869e-02 
 3.371217e+01  2.716873e-02 
 3.371250e+01  2.715869e-02 
 3.371282e+01  2.714857e-02 
 3.371314e+01  2.713838e-02 
 3.371346e+01  2.712811e-02 
 3.371378e+01  2.711776e-02 
 3.371410e+01  2.710733e-02 
 3.371443e+01  2.709683e-02 
 3.371475e+01  2.708624e-02 
 3.371507e+01  2.707558e-02 
 3.371539e+01  2.706484e-02 
 3.371571e+01  2.705403e-02 
 3.371603e+01  2.704313e-02 
 3.371635e+01  2.703216e-02 
 3.371668e+01  2.702110e-02 
 3.371700e+01  2.700994e-02 
 3.371732e+01  2.699866e-02 
 3.371764e+01  2.698726e-02 
 3.371796e+01  2.697574e-02 
 3.371828e+01  2.696410e-02 
 3.371861e+01  2.695233e-02 
 3.371893e+01  2.694045e-02 
 3.371925e+01  2.692844e-02 
 3.371957e+01  2.691632e-02 
 3.371989e+01  2.690407e-02 
 3.372021e+01  2.689170e-02 
 3.372053e+01  2.687922e-02 
 3.372086e+01  2.686661e-02 
 3.372118e+01  2.685388e-02 
 3.372150e+01  2.684103e-02 
 3.372182e+01  2.682805e-02 
 3.372214e+01  2.681490e-02 
 3.372246e+01  2.680158e-02 
 3.372279e+01  2.678808e-02 
 3.372311e+01  2.677442e-02 
 3.372343e+01  2.676059e-02 
 3.372375e+01  2.674658e-02 
 3.372407e+01  2.673241e-02 
 3.372439e+01  2.671806e-02 
 3.372472e+01  2.670349e-02 
 3.372504e+01  2.668873e-02 
 3.372536e+01  2.667380e-02 
 3.372569e+01  2.665870e-02 
 3.372601e+01  2.664343e-02 
 3.372633e+01  2.662799e-02 
 3.372665e+01  2.661237e-02 
 3.372698e+01  2.659655e-02 
 3.372730e+01  2.658051e-02 
 3.372762e+01  2.656424e-02 
 3.372795e+01  2.654776e-02 
 3.372827e+01  2.653105e-02 
 3.372859e+01  2.651412e-02 
 3.372892e+01  2.649696e-02 
 3.372924e+01  2.647959e-02 
 3.372956e+01  2.646199e-02 
 3.372988e+01  2.644417e-02 
 3.373021e+01  2.642613e-02 
 3.373053e+01  2.640786e-02 
 3.373085e+01  2.638937e-02 
 3.373118e+01  2.637066e-02 
 3.373150e+01  2.635173e-02 
 3.373182e+01  2.633257e-02 
 3.373214e+01  2.631315e-02 
 3.373247e+01  2.629347e-02 
 3.373279e+01  2.627352e-02 
 3.373311e+01  2.625332e-02 
 3.373344e+01  2.623285e-02 
 3.373376e+01  2.621212e-02 
 3.373408e+01  2.619113e-02 
 3.373441e+01  2.616987e-02 
 3.373473e+01  2.614836e-02 
 3.373505e+01  2.612658e-02 
 3.373537e+01  2.610454e-02 
 3.373570e+01  2.608224e-02 
 3.373602e+01  2.605968e-02 
 3.373634e+01  2.603686e-02 
 3.373667e+01  2.601377e-02 
 3.373699e+01  2.599041e-02 
 3.373731e+01  2.596676e-02 
 3.373764e+01  2.594283e-02 
 3.373796e+01  2.591861e-02 
 3.373828e+01  2.589411e-02 
 3.373860e+01  2.586932e-02 
 3.373893e+01  2.584425e-02 
 3.373925e+01  2.581889e-02 
 3.373957e+01  2.579325e-02 
 3.373990e+01  2.576733e-02 
 3.374022e+01  2.574111e-02 
 3.374054e+01  2.571462e-02 
 3.374087e+01  2.568784e-02 
 3.374119e+01  2.566077e-02 
 3.374151e+01  2.563342e-02 
 3.374183e+01  2.560578e-02 
 3.374216e+01  2.557786e-02 
 3.374248e+01  2.554965e-02 
 3.374280e+01  2.552115e-02 
 3.374313e+01  2.549236e-02 
 3.374345e+01  2.546328e-02 
 3.374377e+01  2.543391e-02 
 3.374410e+01  2.540426e-02 
 3.374442e+01  2.537432e-02 
 3.374474e+01  2.534409e-02 
 3.374506e+01  2.531357e-02 
 3.374539e+01  2.528276e-02 
 3.374571e+01  2.525167e-02 
 3.374603e+01  2.522028e-02 
 3.374636e+01  2.518861e-02 
 3.374668e+01  2.515665e-02 
 3.374700e+01  2.512442e-02 
 3.374732e+01  2.509206e-02 
 3.374765e+01  2.505943e-02 
 3.374797e+01  2.502653e-02 
 3.374829e+01  2.499337e-02 
 3.374861e+01  2.495994e-02 
 3.374893e+01  2.492624e-02 
 3.374925e+01  2.489227e-02 
 3.374957e+01  2.485804e-02 
 3.374990e+01  2.482353e-02 
 3.375022e+01  2.478876e-02 
 3.375054e+01  2.475358e-02 
 3.375086e+01  2.471811e-02 
 3.375119e+01  2.468237e-02 
 3.375151e+01  2.464636e-02 
 3.375183e+01  2.461009e-02 
 3.375216e+01  2.457359e-02 
 3.375248e+01  2.453686e-02 
 3.375280e+01  2.449990e-02 
 3.375312e+01  2.446271e-02 
 3.375345e+01  2.442529e-02 
 3.375377e+01  2.438765e-02 
 3.375409e+01  2.434977e-02 
 3.375442e+01  2.431166e-02 
 3.375474e+01  2.427333e-02 
 3.375506e+01  2.423477e-02 
 3.375539e+01  2.419597e-02 
 3.375571e+01  2.415695e-02 
 3.375603e+01  2.411770e-02 
 3.375635e+01  2.407822e-02 
 3.375668e+01  2.403851e-02 
 3.375700e+01  2.399861e-02 
 3.375732e+01  2.395855e-02 
 3.375765e+01  2.391833e-02 
 3.375797e+01  2.387794e-02 
 3.375829e+01  2.383738e-02 
 3.375862e+01  2.379666e-02 
 3.375894e+01  2.375577e-02 
 3.375926e+01  2.371472e-02 
 3.375959e+01  2.367350e-02 
 3.375991e+01  2.363212e-02 
 3.376023e+01  2.359057e-02 
 3.376055e+01  2.354885e-02 
 3.376088e+01  2.350697e-02 
 3.376120e+01  2.346493e-02 
 3.376152e+01  2.342272e-02 
 3.376185e+01  2.338036e-02 
 3.376217e+01  2.333792e-02 
 3.376249e+01  2.329540e-02 
 3.376282e+01  2.325279e-02 
 3.376314e+01  2.321011e-02 
 3.376346e+01  2.316753e-02 
 3.376378e+01  2.312487e-02 
 3.376410e+01  2.308213e-02 
 3.376442e+01  2.303931e-02 
 3.376475e+01  2.299640e-02 
 3.376507e+01  2.295341e-02 
 3.376539e+01  2.291034e-02 
 3.376571e+01  2.286719e-02 
 3.376603e+01  2.282396e-02 
 3.376635e+01  2.278065e-02 
 3.376668e+01  2.273708e-02 
 3.376700e+01  2.269347e-02 
 3.376732e+01  2.264987e-02 
 3.376765e+01  2.260629e-02 
 3.376797e+01  2.256272e-02 
 3.376829e+01  2.251916e-02 
 3.376861e+01  2.247561e-02 
 3.376894e+01  2.243208e-02 
 3.376926e+01  2.238856e-02 
 3.376958e+01  2.234505e-02 
 3.376991e+01  2.230155e-02 
 3.377023e+01  2.225807e-02 
 3.377055e+01  2.221460e-02 
 3.377088e+01  2.217114e-02 
 3.377120e+01  2.212769e-02 
 3.377152e+01  2.208426e-02 
 3.377184e+01  2.204086e-02 
 3.377217e+01  2.199758e-02 
 3.377249e+01  2.195441e-02 
 3.377281e+01  2.191135e-02 
 3.377314e+01  2.186841e-02 
 3.377346e+01  2.182559e-02 
 3.377378e+01  2.178288e-02 
 3.377411e+01  2.174028e-02 
 3.377443e+01  2.169780e-02 
 3.377475e+01  2.165544e-02 
 3.377507e+01  2.161319e-02 
 3.377540e+01  2.157105e-02 
 3.377572e+01  2.152903e-02 
 3.377604e+01  2.148713e-02 
 3.377636e+01  2.144550e-02 
 3.377669e+01  2.140399e-02 
 3.377701e+01  2.136267e-02 
 3.377733e+01  2.132157e-02 
 3.377765e+01  2.128069e-02 
 3.377797e+01  2.124003e-02 
 3.377830e+01  2.119959e-02 
 3.377862e+01  2.115937e-02 
 3.377894e+01  2.111937e-02 
 3.377926e+01  2.107960e-02 
 3.377958e+01  2.103990e-02 
 3.377991e+01  2.100041e-02 
 3.378023e+01  2.096114e-02 
 3.378055e+01  2.092209e-02 
 3.378088e+01  2.088326e-02 
 3.378120e+01  2.084466e-02 
 3.378152e+01  2.080628e-02 
 3.378184e+01  2.076815e-02 
 3.378217e+01  2.073034e-02 
 3.378249e+01  2.069286e-02 
 3.378281e+01  2.065588e-02 
 3.378313e+01  2.061922e-02 
 3.378345e+01  2.058288e-02 
 3.378378e+01  2.054688e-02 
 3.378410e+01  2.051119e-02 
 3.378442e+01  2.047584e-02 
 3.378474e+01  2.044081e-02 
 3.378506e+01  2.040610e-02 
 3.378538e+01  2.037172e-02 
 3.378571e+01  2.033767e-02 
 3.378603e+01  2.030394e-02 
 3.378635e+01  2.027054e-02 
 3.378667e+01  2.023747e-02 
 3.378699e+01  2.020478e-02 
 3.378731e+01  2.017252e-02 
 3.378764e+01  2.014067e-02 
 3.378796e+01  2.010925e-02 
 3.378828e+01  2.007825e-02 
 3.378860e+01  2.004766e-02 
 3.378892e+01  2.001750e-02 
 3.378924e+01  1.998776e-02 
 3.378956e+01  1.995844e-02 
 3.378989e+01  1.992954e-02 
 3.379021e+01  1.990106e-02 
 3.379053e+01  1.987300e-02 
 3.379085e+01  1.984537e-02 
 3.379117e+01  1.981815e-02 
 3.379149e+01  1.979135e-02 
 3.379182e+01  1.976499e-02 
 3.379214e+01  1.973911e-02 
 3.379246e+01  1.971362e-02 
 3.379278e+01  1.968862e-02 
 3.379311e+01  1.966410e-02 
 3.379343e+01  1.964009e-02 
 3.379375e+01  1.961657e-02 
 3.379407e+01  1.959354e-02 
 3.379440e+01  1.957101e-02 
 3.379472e+01  1.954897e-02 
 3.379504e+01  1.952743e-02 
 3.379537e+01  1.950639e-02 
 3.379569e+01  1.948583e-02 
 3.379601e+01  1.946578e-02 
 3.379634e+01  1.944621e-02 
 3.379666e+01  1.942715e-02 
 3.379698e+01  1.940860e-02 
 3.379730e+01  1.939058e-02 
 3.379763e+01  1.937309e-02 
 3.379795e+01  1.935613e-02 
 3.379827e+01  1.933971e-02 
 3.379860e+01  1.932381e-02 
 3.379892e+01  1.930844e-02 
 3.379924e+01  1.929361e-02 
 3.379957e+01  1.927931e-02 
 3.379989e+01  1.926553e-02 
 3.380021e+01  1.925229e-02 
 3.380053e+01  1.923958e-02 
 3.380086e+01  1.922740e-02 
 3.380118e+01  1.921575e-02 
 3.380150e+01  1.920463e-02 
 3.380183e+01  1.919405e-02 
 3.380215e+01  1.918399e-02 
 3.380247e+01  1.917446e-02 
 3.380280e+01  1.916547e-02 
 3.380312e+01  1.915700e-02 
 3.380344e+01  1.914907e-02 
 3.380376e+01  1.914166e-02 
 3.380409e+01  1.913479e-02 
 3.380441e+01  1.912845e-02 
 3.380473e+01  1.912263e-02 
 3.380506e+01  1.911735e-02 
 3.380538e+01  1.911260e-02 
 3.380570e+01  1.910838e-02 
 3.380603e+01  1.910469e-02 
 3.380635e+01  1.910153e-02 
 3.380667e+01  1.909890e-02 
 3.380700e+01  1.909678e-02 
 3.380732e+01  1.909516e-02 
 3.380764e+01  1.909403e-02 
 3.380796e+01  1.909341e-02 
 3.380829e+01  1.909328e-02 
 3.380861e+01  1.909366e-02 
 3.380893e+01  1.909453e-02 
 3.380926e+01  1.909590e-02 
 3.380958e+01  1.909777e-02 
 3.380990e+01  1.910014e-02 
 3.381023e+01  1.910301e-02 
 3.381055e+01  1.910638e-02 
 3.381087e+01  1.911024e-02 
 3.381119e+01  1.911461e-02 
 3.381152e+01  1.911947e-02 
 3.381184e+01  1.912482e-02 
 3.381216e+01  1.913061e-02 
 3.381249e+01  1.913685e-02 
 3.381281e+01  1.914354e-02 
 3.381313e+01  1.915066e-02 
 3.381346e+01  1.915823e-02 
 3.381378e+01  1.916625e-02 
 3.381410e+01  1.917471e-02 
 3.381442e+01  1.918361e-02 
 3.381475e+01  1.919295e-02 
 3.381507e+01  1.920274e-02 
 3.381539e+01  1.921298e-02 
 3.381572e+01  1.922366e-02 
 3.381604e+01  1.923478e-02 
 3.381636e+01  1.924634e-02 
 3.381669e+01  1.925835e-02 
 3.381701e+01  1.927076e-02 
 3.381733e+01  1.928354e-02 
 3.381765e+01  1.929670e-02 
 3.381798e+01  1.931024e-02 
 3.381830e+01  1.932415e-02 
 3.381862e+01  1.933845e-02 
 3.381895e+01  1.935312e-02 
 3.381927e+01  1.936816e-02 
 3.381959e+01  1.938359e-02 
 3.381992e+01  1.939939e-02 
 3.382024e+01  1.941557e-02 
 3.382056e+01  1.943213e-02 
 3.382088e+01  1.944906e-02 
 3.382121e+01  1.946637e-02 
 3.382153e+01  1.948406e-02 
 3.382185e+01  1.950211e-02 
 3.382218e+01  1.952047e-02 
 3.382250e+01  1.953914e-02 
 3.382282e+01  1.955812e-02 
 3.382315e+01  1.957741e-02 
 3.382347e+01  1.959701e-02 
 3.382379e+01  1.961691e-02 
 3.382412e+01  1.963713e-02 
 3.382444e+01  1.965766e-02 
 3.382476e+01  1.967849e-02 
 3.382508e+01  1.969964e-02 
 3.382541e+01  1.972110e-02 
 3.382573e+01  1.974286e-02 
 3.382605e+01  1.976494e-02 
 3.382638e+01  1.978732e-02 
 3.382670e+01  1.981001e-02 
 3.382702e+01  1.983297e-02 
 3.382735e+01  1.985617e-02 
 3.382767e+01  1.987961e-02 
 3.382799e+01  1.990329e-02 
 3.382831e+01  1.992723e-02 
 3.382864e+01  1.995140e-02 
 3.382896e+01  1.997582e-02 
 3.382928e+01  2.000048e-02 
 3.382961e+01  2.002539e-02 
 3.382993e+01  2.005055e-02 
 3.383025e+01  2.007594e-02 
 3.383058e+01  2.010158e-02 
 3.383090e+01  2.012747e-02 
 3.383122e+01  2.015348e-02 
 3.383154e+01  2.017973e-02 
 3.383186e+01  2.020620e-02 
 3.383218e+01  2.023285e-02 
 3.383251e+01  2.025969e-02 
 3.383283e+01  2.028669e-02 
 3.383315e+01  2.031388e-02 
 3.383347e+01  2.034124e-02 
 3.383379e+01  2.036878e-02 
 3.383411e+01  2.039650e-02 
 3.383444e+01  2.042451e-02 
 3.383476e+01  2.045271e-02 
 3.383508e+01  2.048108e-02 
 3.383541e+01  2.050964e-02 
 3.383573e+01  2.053838e-02 
 3.383605e+01  2.056729e-02 
 3.383637e+01  2.059639e-02 
 3.383670e+01  2.062566e-02 
 3.383702e+01  2.065506e-02 
 3.383734e+01  2.068458e-02 
 3.383767e+01  2.071421e-02 
 3.383799e+01  2.074395e-02 
 3.383831e+01  2.077380e-02 
 3.383864e+01  2.080377e-02 
 3.383896e+01  2.083386e-02 
 3.383928e+01  2.086405e-02 
 3.383960e+01  2.089436e-02 
 3.383993e+01  2.092478e-02 
 3.384025e+01  2.095532e-02 
 3.384057e+01  2.098597e-02 
 3.384090e+01  2.101673e-02 
 3.384122e+01  2.104761e-02 
 3.384154e+01  2.107860e-02 
 3.384187e+01  2.110968e-02 
 3.384219e+01  2.114082e-02 
 3.384251e+01  2.117201e-02 
 3.384283e+01  2.120326e-02 
 3.384316e+01  2.123456e-02 
 3.384348e+01  2.126591e-02 
 3.384380e+01  2.129731e-02 
 3.384413e+01  2.132863e-02 
 3.384445e+01  2.135999e-02 
 3.384477e+01  2.139142e-02 
 3.384509e+01  2.142289e-02 
 3.384541e+01  2.145441e-02 
 3.384573e+01  2.148599e-02 
 3.384605e+01  2.151762e-02 
 3.384638e+01  2.154931e-02 
 3.384670e+01  2.158104e-02 
 3.384702e+01  2.161279e-02 
 3.384734e+01  2.164456e-02 
 3.384766e+01  2.167632e-02 
 3.384798e+01  2.170810e-02 
 3.384831e+01  2.173988e-02 
 3.384863e+01  2.177167e-02 
 3.384895e+01  2.180347e-02 
 3.384927e+01  2.183527e-02 
 3.384959e+01  2.186708e-02 
 3.384991e+01  2.189890e-02 
 3.385023e+01  2.193072e-02 
 3.385056e+01  2.196268e-02 
 3.385088e+01  2.199466e-02 
 3.385120e+01  2.202665e-02 
 3.385153e+01  2.205865e-02 
 3.385185e+01  2.209065e-02 
 3.385217e+01  2.212263e-02 
 3.385250e+01  2.215459e-02 
 3.385282e+01  2.218653e-02 
 3.385314e+01  2.221845e-02 
 3.385346e+01  2.225036e-02 
 3.385379e+01  2.228210e-02 
 3.385411e+01  2.231382e-02 
 3.385443e+01  2.234553e-02 
 3.385475e+01  2.237722e-02 
 3.385507e+01  2.240888e-02 
 3.385539e+01  2.244053e-02 
 3.385572e+01  2.247216e-02 
 3.385604e+01  2.250378e-02 
 3.385636e+01  2.253537e-02 
 3.385668e+01  2.256695e-02 
 3.385700e+01  2.259862e-02 
 3.385733e+01  2.263028e-02 
 3.385765e+01  2.266192e-02 
 3.385797e+01  2.269352e-02 
 3.385830e+01  2.272509e-02 
 3.385862e+01  2.275664e-02 
 3.385894e+01  2.278816e-02 
 3.385926e+01  2.281964e-02 
 3.385959e+01  2.285110e-02 
 3.385991e+01  2.288253e-02 
 3.386023e+01  2.291393e-02 
 3.386056e+01  2.294530e-02 
 3.386088e+01  2.297664e-02 
 3.386120e+01  2.300796e-02 
 3.386153e+01  2.303924e-02 
 3.386185e+01  2.307049e-02 
 3.386217e+01  2.310171e-02 
 3.386249e+01  2.313288e-02 
 3.386282e+01  2.316402e-02 
 3.386314e+01  2.319512e-02 
 3.386346e+01  2.322618e-02 
 3.386379e+01  2.325720e-02 
 3.386411e+01  2.328819e-02 
 3.386443e+01  2.331913e-02 
 3.386476e+01  2.335004e-02 
 3.386508e+01  2.338091e-02 
 3.386540e+01  2.341174e-02 
 3.386572e+01  2.344253e-02 
 3.386605e+01  2.347328e-02 
 3.386637e+01  2.350400e-02 
 3.386669e+01  2.353468e-02 
 3.386702e+01  2.356530e-02 
 3.386734e+01  2.359586e-02 
 3.386766e+01  2.362636e-02 
 3.386799e+01  2.365679e-02 
 3.386831e+01  2.368717e-02 
 3.386863e+01  2.371749e-02 
 3.386895e+01  2.374774e-02 
 3.386928e+01  2.377794e-02 
 3.386960e+01  2.380807e-02 
 3.386992e+01  2.383814e-02 
 3.387025e+01  2.386816e-02 
 3.387057e+01  2.389811e-02 
 3.387089e+01  2.392799e-02 
 3.387122e+01  2.395782e-02 
 3.387154e+01  2.398759e-02 
 3.387186e+01  2.401729e-02 
 3.387218e+01  2.404688e-02 
 3.387251e+01  2.407638e-02 
 3.387283e+01  2.410578e-02 
 3.387315e+01  2.413509e-02 
 3.387348e+01  2.416429e-02 
 3.387380e+01  2.419339e-02 
 3.387412e+01  2.422240e-02 
 3.387444e+01  2.425130e-02 
 3.387477e+01  2.428011e-02 
 3.387509e+01  2.430882e-02 
 3.387541e+01  2.433743e-02 
 3.387574e+01  2.436594e-02 
 3.387606e+01  2.439436e-02 
 3.387638e+01  2.442267e-02 
 3.387671e+01  2.445088e-02 
 3.387703e+01  2.447897e-02 
 3.387735e+01  2.450692e-02 
 3.387767e+01  2.453472e-02 
 3.387800e+01  2.456239e-02 
 3.387832e+01  2.458992e-02 
 3.387864e+01  2.461731e-02 
 3.387897e+01  2.464456e-02 
 3.387929e+01  2.467168e-02 
 3.387961e+01  2.469865e-02 
 3.387994e+01  2.472548e-02 
 3.388026e+01  2.475218e-02 
 3.388058e+01  2.477874e-02 
 3.388090e+01  2.480515e-02 
 3.388123e+01  2.483143e-02 
 3.388155e+01  2.485757e-02 
 3.388187e+01  2.488357e-02 
 3.388220e+01  2.490939e-02 
 3.388252e+01  2.493506e-02 
 3.388284e+01  2.496056e-02 
 3.388317e+01  2.498589e-02 
 3.388349e+01  2.501106e-02 
 3.388381e+01  2.503606e-02 
 3.388413e+01  2.506090e-02 
 3.388446e+01  2.508557e-02 
 3.388478e+01  2.511007e-02 
 3.388510e+01  2.513442e-02 
 3.388543e+01  2.515859e-02 
 3.388575e+01  2.518260e-02 
 3.388607e+01  2.520645e-02 
 3.388640e+01  2.523013e-02 
 3.388672e+01  2.525365e-02 
 3.388704e+01  2.527700e-02 
 3.388736e+01  2.530018e-02 
 3.388769e+01  2.532319e-02 
 3.388801e+01  2.534603e-02 
 3.388833e+01  2.536870e-02 
 3.388866e+01  2.539120e-02 
 3.388898e+01  2.541354e-02 
 3.388930e+01  2.543560e-02 
 3.388962e+01  2.545750e-02 
 3.388994e+01  2.547923e-02 
 3.389027e+01  2.550079e-02 
 3.389059e+01  2.552218e-02 
 3.389091e+01  2.554341e-02 
 3.389123e+01  2.556446e-02 
 3.389155e+01  2.558535e-02 
 3.389187e+01  2.560608e-02 
 3.389219e+01  2.562666e-02 
 3.389252e+01  2.564716e-02 
 3.389284e+01  2.566751e-02 
 3.389316e+01  2.568771e-02 
 3.389349e+01  2.570776e-02 
 3.389381e+01  2.572765e-02 
 3.389413e+01  2.574739e-02 
 3.389446e+01  2.576697e-02 
 3.389478e+01  2.578639e-02 
 3.389510e+01  2.580567e-02 
 3.389542e+01  2.582478e-02 
 3.389575e+01  2.584374e-02 
 3.389607e+01  2.586255e-02 
 3.389639e+01  2.588120e-02 
 3.389672e+01  2.589970e-02 
 3.389704e+01  2.591806e-02 
 3.389736e+01  2.593628e-02 
 3.389769e+01  2.595437e-02 
 3.389801e+01  2.597233e-02 
 3.389833e+01  2.599016e-02 
 3.389865e+01  2.600785e-02 
 3.389898e+01  2.602541e-02 
 3.389930e+01  2.604284e-02 
 3.389962e+01  2.606013e-02 
 3.389995e+01  2.607729e-02 
 3.390027e+01  2.609432e-02 
 3.390059e+01  2.611122e-02 
 3.390092e+01  2.612798e-02 
 3.390124e+01  2.614461e-02 
 3.390156e+01  2.616110e-02 
 3.390188e+01  2.617747e-02 
 3.390221e+01  2.619373e-02 
 3.390253e+01  2.620988e-02 
 3.390285e+01  2.622592e-02 
 3.390318e+01  2.624185e-02 
 3.390350e+01  2.625767e-02 
 3.390382e+01  2.627338e-02 
 3.390415e+01  2.628897e-02 
 3.390447e+01  2.630446e-02 
 3.390479e+01  2.631984e-02 
 3.390511e+01  2.633511e-02 
 3.390544e+01  2.635026e-02 
 3.390576e+01  2.636531e-02 
 3.390608e+01  2.638025e-02 
 3.390641e+01  2.639507e-02 
 3.390673e+01  2.640979e-02 
 3.390705e+01  2.642442e-02 
 3.390738e+01  2.643896e-02 
 3.390770e+01  2.645341e-02 
 3.390802e+01  2.646777e-02 
 3.390834e+01  2.648205e-02 
 3.390867e+01  2.649625e-02 
 3.390899e+01  2.651035e-02 
 3.390931e+01  2.652437e-02 
 3.390964e+01  2.653830e-02 
 3.390996e+01  2.655214e-02 
 3.391028e+01  2.656590e-02 
 3.391061e+01  2.657957e-02 
 3.391093e+01  2.659315e-02 
 3.391125e+01  2.660665e-02 
 3.391157e+01  2.662006e-02 
 3.391190e+01  2.663339e-02 
 3.391222e+01  2.664666e-02 
 3.391254e+01  2.665988e-02 
 3.391287e+01  2.667303e-02 
 3.391319e+01  2.668611e-02 
 3.391351e+01  2.669914e-02 
 3.391384e+01  2.671211e-02 
 3.391416e+01  2.672502e-02 
 3.391448e+01  2.673787e-02 
 3.391480e+01  2.675065e-02 
 3.391513e+01  2.676338e-02 
 3.391545e+01  2.677604e-02 
 3.391577e+01  2.678865e-02 
 3.391610e+01  2.680119e-02 
 3.391642e+01  2.681368e-02 
 3.391674e+01  2.682610e-02 
 3.391707e+01  2.683849e-02 
 3.391739e+01  2.685084e-02 
 3.391771e+01  2.686317e-02 
 3.391803e+01  2.687546e-02 
 3.391836e+01  2.688766e-02 
 3.391868e+01  2.689983e-02 
 3.391900e+01  2.691198e-02 
 3.391932e+01  2.692409e-02 
 3.391964e+01  2.693616e-02 
 3.391996e+01  2.694821e-02 
 3.392029e+01  2.696022e-02 
 3.392061e+01  2.697221e-02 
 3.392093e+01  2.698416e-02 
 3.392125e+01  2.699608e-02 
 3.392157e+01  2.700797e-02 
 3.392189e+01  2.701983e-02 
 3.392221e+01  2.703170e-02 
 3.392254e+01  2.704355e-02 
 3.392286e+01  2.705541e-02 
 3.392318e+01  2.706726e-02 
 3.392350e+01  2.707910e-02 
 3.392382e+01  2.709094e-02 
 3.392414e+01  2.710278e-02 
 3.392447e+01  2.711461e-02 
 3.392479e+01  2.712649e-02 
 3.392511e+01  2.713837e-02 
 3.392543e+01  2.715024e-02 
 3.392576e+01  2.716211e-02 
 3.392608e+01  2.717397e-02 
 3.392640e+01  2.718584e-02 
 3.392673e+01  2.719769e-02 
 3.392705e+01  2.720957e-02 
 3.392737e+01  2.722146e-02 
 3.392770e+01  2.723337e-02 
 3.392802e+01  2.724524e-02 
 3.392834e+01  2.725714e-02 
 3.392866e+01  2.726905e-02 
 3.392898e+01  2.728098e-02 
 3.392930e+01  2.729293e-02 
 3.392962e+01  2.730490e-02 
 3.392995e+01  2.731689e-02 
 3.393027e+01  2.732890e-02 
 3.393059e+01  2.734092e-02 
 3.393091e+01  2.735297e-02 
 3.393123e+01  2.736508e-02 
 3.393156e+01  2.737722e-02 
 3.393188e+01  2.738938e-02 
 3.393220e+01  2.740158e-02 
 3.393253e+01  2.741381e-02 
 3.393285e+01  2.742608e-02 
 3.393317e+01  2.743839e-02 
 3.393349e+01  2.745073e-02 
 3.393382e+01  2.746312e-02 
 3.393414e+01  2.747553e-02 
 3.393446e+01  2.748799e-02 
 3.393479e+01  2.750048e-02 
 3.393511e+01  2.751301e-02 
 3.393543e+01  2.752557e-02 
 3.393576e+01  2.753817e-02 
 3.393608e+01  2.755081e-02 
 3.393640e+01  2.756349e-02 
 3.393672e+01  2.757620e-02 
 3.393705e+01  2.758896e-02 
 3.393737e+01  2.760177e-02 
 3.393769e+01  2.761458e-02 
 3.393801e+01  2.762743e-02 
 3.393834e+01  2.764034e-02 
 3.393866e+01  2.765330e-02 
 3.393898e+01  2.766631e-02 
 3.393930e+01  2.767937e-02 
 3.393962e+01  2.769248e-02 
 3.393994e+01  2.770565e-02 
 3.394026e+01  2.771886e-02 
 3.394059e+01  2.773213e-02 
 3.394091e+01  2.774550e-02 
 3.394123e+01  2.775893e-02 
 3.394155e+01  2.777241e-02 
 3.394188e+01  2.778594e-02 
 3.394220e+01  2.779955e-02 
 3.394252e+01  2.781321e-02 
 3.394285e+01  2.782695e-02 
 3.394317e+01  2.784075e-02 
 3.394349e+01  2.785462e-02 
 3.394382e+01  2.786856e-02 
 3.394414e+01  2.788256e-02 
 3.394446e+01  2.789663e-02 
 3.394478e+01  2.791077e-02 
 3.394511e+01  2.792497e-02 
 3.394543e+01  2.793924e-02 
 3.394575e+01  2.795358e-02 
 3.394608e+01  2.796798e-02 
 3.394640e+01  2.798245e-02 
 3.394672e+01  2.799699e-02 
 3.394705e+01  2.801161e-02 
 3.394737e+01  2.802630e-02 
 3.394769e+01  2.804109e-02 
 3.394801e+01  2.805595e-02 
 3.394834e+01  2.807089e-02 
 3.394866e+01  2.808592e-02 
 3.394898e+01  2.810103e-02 
 3.394931e+01  2.811622e-02 
 3.394963e+01  2.813150e-02 
 3.394995e+01  2.814686e-02 
 3.395028e+01  2.816230e-02 
 3.395060e+01  2.817782e-02 
 3.395092e+01  2.819342e-02 
 3.395125e+01  2.820911e-02 
 3.395157e+01  2.822488e-02 
 3.395189e+01  2.824074e-02 
 3.395221e+01  2.825669e-02 
 3.395254e+01  2.827273e-02 
 3.395286e+01  2.828887e-02 
 3.395318e+01  2.830510e-02 
 3.395351e+01  2.832143e-02 
 3.395383e+01  2.833778e-02 
 3.395415e+01  2.835423e-02 
 3.395447e+01  2.837076e-02 
 3.395479e+01  2.838739e-02 
 3.395511e+01  2.840412e-02 
 3.395544e+01  2.842094e-02 
 3.395576e+01  2.843785e-02 
 3.395608e+01  2.845486e-02 
 3.395640e+01  2.847196e-02 
 3.395672e+01  2.848915e-02 
 3.395704e+01  2.850644e-02 
 3.395736e+01  2.852383e-02 
 3.395769e+01  2.854132e-02 
 3.395801e+01  2.855890e-02 
 3.395833e+01  2.857658e-02 
 3.395865e+01  2.859436e-02 
 3.395897e+01  2.861224e-02 
 3.395929e+01  2.863021e-02 
 3.395962e+01  2.864828e-02 
 3.395994e+01  2.866645e-02 
 3.396026e+01  2.868480e-02 
 3.396058e+01  2.870324e-02 
 3.396091e+01  2.872179e-02 
 3.396123e+01  2.874044e-02 
 3.396155e+01  2.875918e-02 
 3.396187e+01  2.877802e-02 
 3.396220e+01  2.879695e-02 
 3.396252e+01  2.881598e-02 
 3.396284e+01  2.883509e-02 
 3.396317e+01  2.885430e-02 
 3.396349e+01  2.887351e-02 
 3.396381e+01  2.889282e-02 
 3.396413e+01  2.891221e-02 
 3.396445e+01  2.893170e-02 
 3.396477e+01  2.895127e-02 
 3.396510e+01  2.897094e-02 
 3.396542e+01  2.899070e-02 
 3.396574e+01  2.901055e-02 
 3.396606e+01  2.903049e-02 
 3.396638e+01  2.905052e-02 
 3.396670e+01  2.907064e-02 
 3.396703e+01  2.909084e-02 
 3.396735e+01  2.911112e-02 
 3.396767e+01  2.913147e-02 
 3.396799e+01  2.915190e-02 
 3.396831e+01  2.917241e-02 
 3.396863e+01  2.919299e-02 
 3.396895e+01  2.921365e-02 
 3.396928e+01  2.923439e-02 
 3.396960e+01  2.925520e-02 
 3.396992e+01  2.927609e-02 
 3.397024e+01  2.929706e-02 
 3.397056e+01  2.931810e-02 
 3.397088e+01  2.933922e-02 
 3.397121e+01  2.936041e-02 
 3.397153e+01  2.938168e-02 
 3.397185e+01  2.940303e-02 
 3.397217e+01  2.942443e-02 
 3.397249e+01  2.944590e-02 
 3.397281e+01  2.946743e-02 
 3.397314e+01  2.948902e-02 
 3.397346e+01  2.951067e-02 
 3.397378e+01  2.953238e-02 
 3.397410e+01  2.955416e-02 
 3.397442e+01  2.957599e-02 
 3.397474e+01  2.959789e-02 
 3.397506e+01  2.961984e-02 
 3.397539e+01  2.964186e-02 
 3.397571e+01  2.966394e-02 
 3.397603e+01  2.968608e-02 
 3.397635e+01  2.970828e-02 
 3.397667e+01  2.973055e-02 
 3.397699e+01  2.975286e-02 
 3.397732e+01  2.977523e-02 
 3.397764e+01  2.979765e-02 
 3.397796e+01  2.982012e-02 
 3.397828e+01  2.984264e-02 
 3.397860e+01  2.986521e-02 
 3.397892e+01  2.988783e-02 
 3.397924e+01  2.991050e-02 
 3.397957e+01  2.993323e-02 
 3.397989e+01  2.995600e-02 
 3.398021e+01  2.997882e-02 
 3.398053e+01  3.000170e-02 
 3.398085e+01  3.002463e-02 
 3.398117e+01  3.004760e-02 
 3.398150e+01  3.007063e-02 
 3.398182e+01  3.009371e-02 
 3.398214e+01  3.011683e-02 
 3.398246e+01  3.014000e-02 
 3.398278e+01  3.016322e-02 
 3.398310e+01  3.018648e-02 
 3.398342e+01  3.020979e-02 
 3.398375e+01  3.023314e-02 
 3.398407e+01  3.025654e-02 
 3.398439e+01  3.027999e-02 
 3.398471e+01  3.030348e-02 
 3.398503e+01  3.032701e-02 
 3.398535e+01  3.035060e-02 
 3.398568e+01  3.037423e-02 
 3.398600e+01  3.039790e-02 
 3.398632e+01  3.042163e-02 
 3.398664e+01  3.044539e-02 
 3.398696e+01  3.046921e-02 
 3.398728e+01  3.049306e-02 
 3.398761e+01  3.051696e-02 
 3.398793e+01  3.054090e-02 
 3.398825e+01  3.056488e-02 
 3.398857e+01  3.058891e-02 
 3.398889e+01  3.061298e-02 
 3.398921e+01  3.063709e-02 
 3.398953e+01  3.066124e-02 
 3.398986e+01  3.068544e-02 
 3.399018e+01  3.070968e-02 
 3.399050e+01  3.073396e-02 
 3.399082e+01  3.075829e-02 
 3.399114e+01  3.078266e-02 
 3.399146e+01  3.080707e-02 
 3.399179e+01  3.083152e-02 
 3.399211e+01  3.085601e-02 
 3.399243e+01  3.088064e-02 
 3.399275e+01  3.090531e-02 
 3.399308e+01  3.093002e-02 
 3.399340e+01  3.095476e-02 
 3.399372e+01  3.097954e-02 
 3.399404e+01  3.100436e-02 
 3.399437e+01  3.102921e-02 
 3.399469e+01  3.105410e-02 
 3.399501e+01  3.107902e-02 
 3.399534e+01  3.110398e-02 
 3.399566e+01  3.112898e-02 
 3.399598e+01  3.115401e-02 
 3.399631e+01  3.117907e-02 
 3.399663e+01  3.120418e-02 
 3.399695e+01  3.122931e-02 
 3.399727e+01  3.125446e-02 
 3.399760e+01  3.127964e-02 
 3.399792e+01  3.130483e-02 
 3.399824e+01  3.133005e-02 
 3.399857e+01  3.135529e-02 
 3.399889e+01  3.138043e-02 
 3.399921e+01  3.140560e-02 
 3.399953e+01  3.143079e-02 
 3.399985e+01  3.145600e-02 
 3.400017e+01  3.148123e-02 
 3.400050e+01  3.150649e-02 
 3.400082e+01  3.153176e-02 
 3.400114e+01  3.155705e-02 
 3.400146e+01  3.158237e-02 
 3.400178e+01  3.160771e-02 
 3.400211e+01  3.163315e-02 
 3.400243e+01  3.165860e-02 
 3.400275e+01  3.168405e-02 
 3.400307e+01  3.170951e-02 
 3.400340e+01  3.173497e-02 
 3.400372e+01  3.176042e-02 
 3.400404e+01  3.178588e-02 
 3.400437e+01  3.181134e-02 
 3.400469e+01  3.183680e-02 
 3.400501e+01  3.186227e-02 
 3.400534e+01  3.188773e-02 
 3.400566e+01  3.191319e-02 
 3.400598e+01  3.193866e-02 
 3.400630e+01  3.196412e-02 
 3.400663e+01  3.198959e-02 
 3.400695e+01  3.201505e-02 
 3.400727e+01  3.204049e-02 
 3.400760e+01  3.206591e-02 
 3.400792e+01  3.209130e-02 
 3.400824e+01  3.211668e-02 
 3.400856e+01  3.214193e-02 
 3.400889e+01  3.216715e-02 
 3.400921e+01  3.219236e-02 
 3.400953e+01  3.221754e-02 
 3.400985e+01  3.224271e-02 
 3.401017e+01  3.226786e-02 
 3.401049e+01  3.229298e-02 
 3.401081e+01  3.231809e-02 
 3.401114e+01  3.234318e-02 
 3.401146e+01  3.236825e-02 
 3.401178e+01  3.239339e-02 
 3.401210e+01  3.241852e-02 
 3.401243e+01  3.244361e-02 
 3.401275e+01  3.246866e-02 
 3.401307e+01  3.249367e-02 
 3.401340e+01  3.251864e-02 
 3.401372e+01  3.254358e-02 
 3.401404e+01  3.256848e-02 
 3.401436e+01  3.259334e-02 
 3.401469e+01  3.261817e-02 
 3.401501e+01  3.264295e-02 
 3.401533e+01  3.266770e-02 
 3.401566e+01  3.269242e-02 
 3.401598e+01  3.271709e-02 
 3.401630e+01  3.274173e-02 
 3.401663e+01  3.276633e-02 
 3.401695e+01  3.279088e-02 
 3.401727e+01  3.281539e-02 
 3.401759e+01  3.283984e-02 
 3.401792e+01  3.286425e-02 
 3.401824e+01  3.288849e-02 
 3.401856e+01  3.291268e-02 
 3.401888e+01  3.293683e-02 
 3.401920e+01  3.296092e-02 
 3.401953e+01  3.298496e-02 
 3.401985e+01  3.300896e-02 
 3.402017e+01  3.303290e-02 
 3.402049e+01  3.305679e-02 
 3.402081e+01  3.308063e-02 
 3.402113e+01  3.310442e-02 
 3.402145e+01  3.312816e-02 
 3.402178e+01  3.315185e-02 
 3.402210e+01  3.317548e-02 
 3.402242e+01  3.319905e-02 
 3.402274e+01  3.322255e-02 
 3.402306e+01  3.324599e-02 
 3.402338e+01  3.326937e-02 
 3.402371e+01  3.329269e-02 
 3.402403e+01  3.331594e-02 
 3.402435e+01  3.333913e-02 
 3.402467e+01  3.336226e-02 
 3.402499e+01  3.338533e-02 
 3.402531e+01  3.340834e-02 
 3.402564e+01  3.343128e-02 
 3.402596e+01  3.345416e-02 
 3.402628e+01  3.347698e-02 
 3.402660e+01  3.349973e-02 
 3.402692e+01  3.352242e-02 
 3.402724e+01  3.354503e-02 
 3.402756e+01  3.356756e-02 
 3.402789e+01  3.359002e-02 
 3.402821e+01  3.361240e-02 
 3.402853e+01  3.363470e-02 
 3.402885e+01  3.365692e-02 
 3.402917e+01  3.367907e-02 
 3.402949e+01  3.370113e-02 
 3.402982e+01  3.372312e-02 
 3.403014e+01  3.374504e-02 
 3.403046e+01  3.376687e-02 
 3.403078e+01  3.378863e-02 
 3.403110e+01  3.381031e-02 
 3.403142e+01  3.383192e-02 
 3.403174e+01  3.385344e-02 
 3.403207e+01  3.387487e-02 
 3.403239e+01  3.389621e-02 
 3.403271e+01  3.391744e-02 
 3.403303e+01  3.393857e-02 
 3.403335e+01  3.395961e-02 
 3.403367e+01  3.398054e-02 
 3.403400e+01  3.400138e-02 
 3.403432e+01  3.402212e-02 
 3.403464e+01  3.404276e-02 
 3.403496e+01  3.406330e-02 
 3.403528e+01  3.408374e-02 
 3.403560e+01  3.410408e-02 
 3.403592e+01  3.412432e-02 
 3.403625e+01  3.414447e-02 
 3.403657e+01  3.416451e-02 
 3.403689e+01  3.418445e-02 
 3.403721e+01  3.420426e-02 
 3.403753e+01  3.422394e-02 
 3.403785e+01  3.424349e-02 
 3.403818e+01  3.426292e-02 
 3.403850e+01  3.428222e-02 
 3.403882e+01  3.430139e-02 
 3.403914e+01  3.432044e-02 
 3.403946e+01  3.433936e-02 
 3.403978e+01  3.435815e-02 
 3.404011e+01  3.437681e-02 
 3.404043e+01  3.439535e-02 
 3.404075e+01  3.441375e-02 
 3.404107e+01  3.443204e-02 
 3.404139e+01  3.445019e-02 
 3.404171e+01  3.446821e-02 
 3.404203e+01  3.448609e-02 
 3.404236e+01  3.450380e-02 
 3.404268e+01  3.452136e-02 
 3.404300e+01  3.453876e-02 
 3.404332e+01  3.455600e-02 
 3.404364e+01  3.457308e-02 
 3.404396e+01  3.459000e-02 
 3.404429e+01  3.460676e-02 
 3.404461e+01  3.462336e-02 
 3.404493e+01  3.463980e-02 
 3.404525e+01  3.465608e-02 
 3.404557e+01  3.467221e-02 
 3.404589e+01  3.468817e-02 
 3.404621e+01  3.470398e-02 
 3.404654e+01  3.471963e-02 
 3.404686e+01  3.473511e-02 
 3.404718e+01  3.475040e-02 
 3.404750e+01  3.476551e-02 
 3.404782e+01  3.478043e-02 
 3.404814e+01  3.479516e-02 
 3.404847e+01  3.480970e-02 
 3.404879e+01  3.482405e-02 
 3.404911e+01  3.483822e-02 
 3.404943e+01  3.485220e-02 
 3.404975e+01  3.486599e-02 
 3.405007e+01  3.487959e-02 
 3.405040e+01  3.489306e-02 
 3.405072e+01  3.490635e-02 
 3.405104e+01  3.491944e-02 
 3.405137e+01  3.493235e-02 
 3.405169e+01  3.494507e-02 
 3.405201e+01  3.495758e-02 
 3.405233e+01  3.496988e-02 
 3.405266e+01  3.498198e-02 
 3.405298e+01  3.499387e-02 
 3.405330e+01  3.500555e-02 
 3.405363e+01  3.501703e-02 
 3.405395e+01  3.502829e-02 
 3.405427e+01  3.503935e-02 
 3.405460e+01  3.505019e-02 
 3.405492e+01  3.506083e-02 
 3.405524e+01  3.507127e-02 
 3.405556e+01  3.508149e-02 
 3.405589e+01  3.509151e-02 
 3.405621e+01  3.510131e-02 
 3.405653e+01  3.511091e-02 
 3.405686e+01  3.512030e-02 
 3.405718e+01  3.512948e-02 
 3.405750e+01  3.513845e-02 
 3.405783e+01  3.514721e-02 
 3.405815e+01  3.515576e-02 
 3.405847e+01  3.516410e-02 
 3.405879e+01  3.517223e-02 
 3.405912e+01  3.518015e-02 
 3.405944e+01  3.518786e-02 
 3.405976e+01  3.519536e-02 
 3.406008e+01  3.520261e-02 
 3.406041e+01  3.520966e-02 
 3.406073e+01  3.521650e-02 
 3.406105e+01  3.522313e-02 
 3.406137e+01  3.522956e-02 
 3.406169e+01  3.523577e-02 
 3.406201e+01  3.524179e-02 
 3.406234e+01  3.524762e-02 
 3.406266e+01  3.525325e-02 
 3.406298e+01  3.525870e-02 
 3.406330e+01  3.526395e-02 
 3.406362e+01  3.526901e-02 
 3.406394e+01  3.527388e-02 
 3.406426e+01  3.527856e-02 
 3.406459e+01  3.528305e-02 
 3.406491e+01  3.528734e-02 
 3.406523e+01  3.529145e-02 
 3.406555e+01  3.529536e-02 
 3.406587e+01  3.529908e-02 
 3.406619e+01  3.530261e-02 
 3.406652e+01  3.530596e-02 
 3.406684e+01  3.530913e-02 
 3.406716e+01  3.531214e-02 
 3.406749e+01  3.531498e-02 
 3.406781e+01  3.531766e-02 
 3.406813e+01  3.532019e-02 
 3.406846e+01  3.532255e-02 
 3.406878e+01  3.532475e-02 
 3.406910e+01  3.532679e-02 
 3.406942e+01  3.532867e-02 
 3.406975e+01  3.533040e-02 
 3.407007e+01  3.533196e-02 
 3.407039e+01  3.533335e-02 
 3.407072e+01  3.533459e-02 
 3.407104e+01  3.533567e-02 
 3.407136e+01  3.533659e-02 
 3.407169e+01  3.533735e-02 
 3.407201e+01  3.533797e-02 
 3.407233e+01  3.533848e-02 
 3.407265e+01  3.533887e-02 
 3.407298e+01  3.533913e-02 
 3.407330e+01  3.533928e-02 
 3.407362e+01  3.533932e-02 
 3.407394e+01  3.533923e-02 
 3.407426e+01  3.533903e-02 
 3.407458e+01  3.533870e-02 
 3.407490e+01  3.533826e-02 
 3.407523e+01  3.533771e-02 
 3.407555e+01  3.533703e-02 
 3.407587e+01  3.533624e-02 
 3.407619e+01  3.533533e-02 
 3.407651e+01  3.533430e-02 
 3.407683e+01  3.533316e-02 
 3.407716e+01  3.533195e-02 
 3.407748e+01  3.533066e-02 
 3.407780e+01  3.532930e-02 
 3.407812e+01  3.532786e-02 
 3.407844e+01  3.532635e-02 
 3.407876e+01  3.532476e-02 
 3.407909e+01  3.532311e-02 
 3.407941e+01  3.532137e-02 
 3.407973e+01  3.531957e-02 
 3.408005e+01  3.531769e-02 
 3.408037e+01  3.531574e-02 
 3.408069e+01  3.531371e-02 
 3.408101e+01  3.531161e-02 
 3.408134e+01  3.530943e-02 
 3.408166e+01  3.530718e-02 
 3.408198e+01  3.530488e-02 
 3.408230e+01  3.530255e-02 
 3.408262e+01  3.530018e-02 
 3.408295e+01  3.529778e-02 
 3.408327e+01  3.529535e-02 
 3.408359e+01  3.529288e-02 
 3.408392e+01  3.529038e-02 
 3.408424e+01  3.528785e-02 
 3.408456e+01  3.528529e-02 
 3.408488e+01  3.528270e-02 
 3.408521e+01  3.528007e-02 
 3.408553e+01  3.527742e-02 
 3.408585e+01  3.527473e-02 
 3.408618e+01  3.527201e-02 
 3.408650e+01  3.526926e-02 
 3.408682e+01  3.526648e-02 
 3.408715e+01  3.526371e-02 
 3.408747e+01  3.526094e-02 
 3.408779e+01  3.525818e-02 
 3.408811e+01  3.525542e-02 
 3.408844e+01  3.525267e-02 
 3.408876e+01  3.524992e-02 
 3.408908e+01  3.524720e-02 
 3.408940e+01  3.524447e-02 
 3.408973e+01  3.524176e-02 
 3.409005e+01  3.523905e-02 
 3.409037e+01  3.523634e-02 
 3.409069e+01  3.523364e-02 
 3.409101e+01  3.523095e-02 
 3.409133e+01  3.522826e-02 
 3.409165e+01  3.522557e-02 
 3.409198e+01  3.522291e-02 
 3.409230e+01  3.522027e-02 
 3.409262e+01  3.521766e-02 
 3.409295e+01  3.521508e-02 
 3.409327e+01  3.521253e-02 
 3.409359e+01  3.521001e-02 
 3.409391e+01  3.520752e-02 
 3.409424e+01  3.520506e-02 
 3.409456e+01  3.520264e-02 
 3.409488e+01  3.520025e-02 
 3.409521e+01  3.519788e-02 
 3.409553e+01  3.519555e-02 
 3.409585e+01  3.519325e-02 
 3.409617e+01  3.519098e-02 
 3.409650e+01  3.518875e-02 
 3.409682e+01  3.518654e-02 
 3.409714e+01  3.518438e-02 
 3.409747e+01  3.518225e-02 
 3.409779e+01  3.518016e-02 
 3.409811e+01  3.517811e-02 
 3.409844e+01  3.517610e-02 
 3.409876e+01  3.517413e-02 
 3.409908e+01  3.517220e-02 
 3.409940e+01  3.517030e-02 
 3.409973e+01  3.516845e-02 
 3.410005e+01  3.516663e-02 
 3.410037e+01  3.516485e-02 
 3.410070e+01  3.516311e-02 
 3.410102e+01  3.516141e-02 
 3.410134e+01  3.515975e-02 
 3.410167e+01  3.515813e-02 
 3.410199e+01  3.515654e-02 
 3.410231e+01  3.515498e-02 
 3.410263e+01  3.515344e-02 
 3.410296e+01  3.515193e-02 
 3.410328e+01  3.515044e-02 
 3.410360e+01  3.514898e-02 
 3.410393e+01  3.514754e-02 
 3.410425e+01  3.514614e-02 
 3.410457e+01  3.514476e-02 
 3.410490e+01  3.514340e-02 
 3.410522e+01  3.514207e-02 
 3.410554e+01  3.514077e-02 
 3.410586e+01  3.513949e-02 
 3.410619e+01  3.513824e-02 
 3.410651e+01  3.513701e-02 
 3.410683e+01  3.513581e-02 
 3.410716e+01  3.513460e-02 
 3.410748e+01  3.513340e-02 
 3.410780e+01  3.513219e-02 
 3.410813e+01  3.513098e-02 
 3.410845e+01  3.512977e-02 
 3.410877e+01  3.512855e-02 
 3.410909e+01  3.512734e-02 
 3.410942e+01  3.512612e-02 
 3.410974e+01  3.512490e-02 
 3.411006e+01  3.512368e-02 
 3.411039e+01  3.512246e-02 
 3.411071e+01  3.512124e-02 
 3.411103e+01  3.512001e-02 
 3.411136e+01  3.511878e-02 
 3.411168e+01  3.511755e-02 
 3.411200e+01  3.511630e-02 
 3.411232e+01  3.511501e-02 
 3.411265e+01  3.511370e-02 
 3.411297e+01  3.511234e-02 
 3.411329e+01  3.511096e-02 
 3.411362e+01  3.510954e-02 
 3.411394e+01  3.510808e-02 
 3.411426e+01  3.510660e-02 
 3.411459e+01  3.510508e-02 
 3.411491e+01  3.510352e-02 
 3.411523e+01  3.510194e-02 
 3.411555e+01  3.510032e-02 
 3.411588e+01  3.509866e-02 
 3.411620e+01  3.509697e-02 
 3.411652e+01  3.509525e-02 
 3.411685e+01  3.509349e-02 
 3.411717e+01  3.509167e-02 
 3.411749e+01  3.508980e-02 
 3.411782e+01  3.508786e-02 
 3.411814e+01  3.508588e-02 
 3.411846e+01  3.508384e-02 
 3.411878e+01  3.508174e-02 
 3.411910e+01  3.507958e-02 
 3.411942e+01  3.507736e-02 
 3.411975e+01  3.507509e-02 
 3.412007e+01  3.507276e-02 
 3.412039e+01  3.507037e-02 
 3.412071e+01  3.506792e-02 
 3.412103e+01  3.506541e-02 
 3.412135e+01  3.506285e-02 
 3.412167e+01  3.506022e-02 
 3.412200e+01  3.505754e-02 
 3.412232e+01  3.505477e-02 
 3.412264e+01  3.505194e-02 
 3.412296e+01  3.504903e-02 
 3.412328e+01  3.504606e-02 
 3.412360e+01  3.504301e-02 
 3.412393e+01  3.503988e-02 
 3.412425e+01  3.503669e-02 
 3.412457e+01  3.503342e-02 
 3.412489e+01  3.503009e-02 
 3.412521e+01  3.502668e-02 
 3.412553e+01  3.502319e-02 
 3.412585e+01  3.501964e-02 
 3.412618e+01  3.501601e-02 
 3.412650e+01  3.501231e-02 
 3.412682e+01  3.500854e-02 
 3.412714e+01  3.500469e-02 
 3.412746e+01  3.500076e-02 
 3.412778e+01  3.499676e-02 
 3.412811e+01  3.499267e-02 
 3.412843e+01  3.498851e-02 
 3.412875e+01  3.498427e-02 
 3.412907e+01  3.497995e-02 
 3.412939e+01  3.497555e-02 
 3.412971e+01  3.497108e-02 
 3.413003e+01  3.496652e-02 
 3.413036e+01  3.496189e-02 
 3.413068e+01  3.495718e-02 
 3.413100e+01  3.495239e-02 
 3.413132e+01  3.494752e-02 
 3.413164e+01  3.494258e-02 
 3.413196e+01  3.493755e-02 
 3.413229e+01  3.493245e-02 
 3.413261e+01  3.492726e-02 
 3.413293e+01  3.492199e-02 
 3.413325e+01  3.491665e-02 
 3.413357e+01  3.491122e-02 
 3.413389e+01  3.490571e-02 
 3.413422e+01  3.490012e-02 
 3.413454e+01  3.489445e-02 
 3.413486e+01  3.488870e-02 
 3.413518e+01  3.488287e-02 
 3.413550e+01  3.487696e-02 
 3.413582e+01  3.487096e-02 
 3.413614e+01  3.486489e-02 
 3.413647e+01  3.485874e-02 
 3.413679e+01  3.485250e-02 
 3.413711e+01  3.484619e-02 
 3.413743e+01  3.483979e-02 
 3.413775e+01  3.483332e-02 
 3.413807e+01  3.482676e-02 
 3.413840e+01  3.482012e-02 
 3.413872e+01  3.481341e-02 
 3.413904e+01  3.480661e-02 
 3.413936e+01  3.479973e-02 
 3.413968e+01  3.479277e-02 
 3.414000e+01  3.478574e-02 
 3.414032e+01  3.477862e-02 
 3.414065e+01  3.477142e-02 
 3.414097e+01  3.476414e-02 
 3.414129e+01  3.475678e-02 
 3.414161e+01  3.474934e-02 
 3.414193e+01  3.474182e-02 
 3.414225e+01  3.473422e-02 
 3.414258e+01  3.472655e-02 
 3.414290e+01  3.471880e-02 
 3.414322e+01  3.471098e-02 
 3.414354e+01  3.470308e-02 
 3.414386e+01  3.469510e-02 
 3.414418e+01  3.468704e-02 
 3.414450e+01  3.467892e-02 
 3.414483e+01  3.467071e-02 
 3.414515e+01  3.466243e-02 
 3.414547e+01  3.465407e-02 
 3.414579e+01  3.464563e-02 
 3.414611e+01  3.463712e-02 
 3.414643e+01  3.462854e-02 
 3.414676e+01  3.461987e-02 
 3.414708e+01  3.461111e-02 
 3.414740e+01  3.460227e-02 
 3.414772e+01  3.459336e-02 
 3.414805e+01  3.458438e-02 
 3.414837e+01  3.457534e-02 
 3.414869e+01  3.456622e-02 
 3.414902e+01  3.455704e-02 
 3.414934e+01  3.454779e-02 
 3.414966e+01  3.453847e-02 
 3.414999e+01  3.452908e-02 
 3.415031e+01  3.451967e-02 
 3.415063e+01  3.451019e-02 
 3.415095e+01  3.450064e-02 
 3.415127e+01  3.449102e-02 
 3.415159e+01  3.448133e-02 
 3.415191e+01  3.447158e-02 
 3.415224e+01  3.446178e-02 
 3.415256e+01  3.445191e-02 
 3.415288e+01  3.444198e-02 
 3.415320e+01  3.443200e-02 
 3.415352e+01  3.442196e-02 
 3.415384e+01  3.441186e-02 
 3.415417e+01  3.440170e-02 
 3.415449e+01  3.439148e-02 
 3.415481e+01  3.438120e-02 
 3.415513e+01  3.437087e-02 
 3.415545e+01  3.436048e-02 
 3.415577e+01  3.435003e-02 
 3.415610e+01  3.433952e-02 
 3.415642e+01  3.432895e-02 
 3.415674e+01  3.431828e-02 
 3.415706e+01  3.430755e-02 
 3.415739e+01  3.429677e-02 
 3.415771e+01  3.428593e-02 
 3.415803e+01  3.427504e-02 
 3.415835e+01  3.426410e-02 
 3.415868e+01  3.425310e-02 
 3.415900e+01  3.424205e-02 
 3.415932e+01  3.423095e-02 
 3.415965e+01  3.421979e-02 
 3.415997e+01  3.420858e-02 
 3.416029e+01  3.419732e-02 
 3.416062e+01  3.418600e-02 
 3.416094e+01  3.417463e-02 
 3.416126e+01  3.416321e-02 
 3.416158e+01  3.415173e-02 
 3.416191e+01  3.414020e-02 
 3.416223e+01  3.412861e-02 
 3.416255e+01  3.411697e-02 
 3.416288e+01  3.410527e-02 
 3.416320e+01  3.409352e-02 
 3.416352e+01  3.408171e-02 
 3.416385e+01  3.406984e-02 
 3.416417e+01  3.405792e-02 
 3.416449e+01  3.404594e-02 
 3.416481e+01  3.403391e-02 
 3.416514e+01  3.402183e-02 
 3.416546e+01  3.400968e-02 
 3.416578e+01  3.399748e-02 
 3.416611e+01  3.398523e-02 
 3.416643e+01  3.397298e-02 
 3.416675e+01  3.396067e-02 
 3.416707e+01  3.394830e-02 
 3.416739e+01  3.393586e-02 
 3.416771e+01  3.392336e-02 
 3.416804e+01  3.391080e-02 
 3.416836e+01  3.389818e-02 
 3.416868e+01  3.388549e-02 
 3.416900e+01  3.387274e-02 
 3.416932e+01  3.385993e-02 
 3.416964e+01  3.384706e-02 
 3.416997e+01  3.383412e-02 
 3.417029e+01  3.382112e-02 
 3.417061e+01  3.380805e-02 
 3.417093e+01  3.379492e-02 
 3.417125e+01  3.378173e-02 
 3.417157e+01  3.376848e-02 
 3.417189e+01  3.375516e-02 
 3.417222e+01  3.374177e-02 
 3.417254e+01  3.372831e-02 
 3.417286e+01  3.371472e-02 
 3.417318e+01  3.370105e-02 
 3.417351e+01  3.368731e-02 
 3.417383e+01  3.367350e-02 
 3.417415e+01  3.365962e-02 
 3.417448e+01  3.364567e-02 
 3.417480e+01  3.363164e-02 
 3.417512e+01  3.361754e-02 
 3.417544e+01  3.360337e-02 
 3.417577e+01  3.358913e-02 
 3.417609e+01  3.357482e-02 
 3.417641e+01  3.356043e-02 
 3.417674e+01  3.354597e-02 
 3.417706e+01  3.353144e-02 
 3.417738e+01  3.351683e-02 
 3.417771e+01  3.350215e-02 
 3.417803e+01  3.348740e-02 
 3.417835e+01  3.347257e-02 
 3.417867e+01  3.345767e-02 
 3.417900e+01  3.344269e-02 
 3.417932e+01  3.342771e-02 
 3.417964e+01  3.341265e-02 
 3.417996e+01  3.339752e-02 
 3.418028e+01  3.338231e-02 
 3.418060e+01  3.336703e-02 
 3.418093e+01  3.335168e-02 
 3.418125e+01  3.333625e-02 
 3.418157e+01  3.332075e-02 
 3.418189e+01  3.330518e-02 
 3.418221e+01  3.328954e-02 
 3.418253e+01  3.327384e-02 
 3.418286e+01  3.325806e-02 
 3.418318e+01  3.324222e-02 
 3.418350e+01  3.322631e-02 
 3.418382e+01  3.321033e-02 
 3.418414e+01  3.319429e-02 
 3.418446e+01  3.317818e-02 
 3.418479e+01  3.316200e-02 
 3.418511e+01  3.314575e-02 
 3.418543e+01  3.312943e-02 
 3.418575e+01  3.311298e-02 
 3.418607e+01  3.309646e-02 
 3.418640e+01  3.307987e-02 
 3.418672e+01  3.306321e-02 
 3.418704e+01  3.304649e-02 
 3.418737e+01  3.302971e-02 
 3.418769e+01  3.301288e-02 
 3.418801e+01  3.299599e-02 
 3.418834e+01  3.297904e-02 
 3.418866e+01  3.296204e-02 
 3.418898e+01  3.294498e-02 
 3.418930e+01  3.292786e-02 
 3.418963e+01  3.291069e-02 
 3.418995e+01  3.289346e-02 
 3.419027e+01  3.287617e-02 
 3.419060e+01  3.285883e-02 
 3.419092e+01  3.284143e-02 
 3.419124e+01  3.282397e-02 
 3.419157e+01  3.280646e-02 
 3.419189e+01  3.278889e-02 
 3.419221e+01  3.277128e-02 
 3.419253e+01  3.275363e-02 
 3.419286e+01  3.273593e-02 
 3.419318e+01  3.271819e-02 
 3.419350e+01  3.270040e-02 
 3.419383e+01  3.268257e-02 
 3.419415e+01  3.266469e-02 
 3.419447e+01  3.264677e-02 
 3.419480e+01  3.262881e-02 
 3.419512e+01  3.261080e-02 
 3.419544e+01  3.259274e-02 
 3.419576e+01  3.257465e-02 
 3.419609e+01  3.255651e-02 
 3.419641e+01  3.253832e-02 
 3.419673e+01  3.252009e-02 
 3.419706e+01  3.250182e-02 
 3.419738e+01  3.248353e-02 
 3.419770e+01  3.246519e-02 
 3.419802e+01  3.244683e-02 
 3.419835e+01  3.242843e-02 
 3.419867e+01  3.241008e-02 
 3.419899e+01  3.239170e-02 
 3.419931e+01  3.237329e-02 
 3.419963e+01  3.235484e-02 
 3.419996e+01  3.233636e-02 
 3.420028e+01  3.231784e-02 
 3.420060e+01  3.229930e-02 
 3.420092e+01  3.228072e-02 
 3.420124e+01  3.226211e-02 
 3.420156e+01  3.224346e-02 
 3.420189e+01  3.222479e-02 
 3.420221e+01  3.220610e-02 
 3.420253e+01  3.218738e-02 
 3.420285e+01  3.216865e-02 
 3.420317e+01  3.214990e-02 
 3.420349e+01  3.213112e-02 
 3.420381e+01  3.211233e-02 
 3.420414e+01  3.209352e-02 
 3.420446e+01  3.207469e-02 
 3.420478e+01  3.205584e-02 
 3.420510e+01  3.203689e-02 
 3.420542e+01  3.201791e-02 
 3.420575e+01  3.199892e-02 
 3.420607e+01  3.197990e-02 
 3.420639e+01  3.196087e-02 
 3.420672e+01  3.194181e-02 
 3.420704e+01  3.192275e-02 
 3.420736e+01  3.190370e-02 
 3.420769e+01  3.188464e-02 
 3.420801e+01  3.186559e-02 
 3.420833e+01  3.184654e-02 
 3.420865e+01  3.182749e-02 
 3.420898e+01  3.180844e-02 
 3.420930e+01  3.178939e-02 
 3.420962e+01  3.177035e-02 
 3.420995e+01  3.175131e-02 
 3.421027e+01  3.173226e-02 
 3.421059e+01  3.171323e-02 
 3.421092e+01  3.169419e-02 
 3.421124e+01  3.167515e-02 
 3.421156e+01  3.165621e-02 
 3.421188e+01  3.163727e-02 
 3.421220e+01  3.161837e-02 
 3.421253e+01  3.159950e-02 
 3.421285e+01  3.158067e-02 
 3.421317e+01  3.156188e-02 
 3.421349e+01  3.154312e-02 
 3.421381e+01  3.152440e-02 
 3.421413e+01  3.150571e-02 
 3.421445e+01  3.148706e-02 
 3.421478e+01  3.146845e-02 
 3.421510e+01  3.144987e-02 
 3.421542e+01  3.143133e-02 
 3.421574e+01  3.141282e-02 
 3.421606e+01  3.139435e-02 
 3.421638e+01  3.137592e-02 
 3.421671e+01  3.135752e-02 
 3.421703e+01  3.133919e-02 
 3.421735e+01  3.132094e-02 
 3.421767e+01  3.130277e-02 
 3.421799e+01  3.128468e-02 
 3.421831e+01  3.126667e-02 
 3.421863e+01  3.124874e-02 
 3.421896e+01  3.123090e-02 
 3.421928e+01  3.121313e-02 
 3.421960e+01  3.119544e-02 
 3.421992e+01  3.117783e-02 
 3.422024e+01  3.116031e-02 
 3.422056e+01  3.114286e-02 
 3.422089e+01  3.112549e-02 
 3.422121e+01  3.110821e-02 
 3.422153e+01  3.109100e-02 
 3.422185e+01  3.107388e-02 
 3.422217e+01  3.105689e-02 
 3.422249e+01  3.104003e-02 
 3.422281e+01  3.102330e-02 
 3.422314e+01  3.100669e-02 
 3.422346e+01  3.099021e-02 
 3.422378e+01  3.097385e-02 
 3.422410e+01  3.095762e-02 
 3.422442e+01  3.094153e-02 
 3.422474e+01  3.092555e-02 
 3.422507e+01  3.090971e-02 
 3.422539e+01  3.089399e-02 
 3.422571e+01  3.087840e-02 
 3.422603e+01  3.086294e-02 
 3.422635e+01  3.084760e-02 
 3.422667e+01  3.083239e-02 
 3.422700e+01  3.081734e-02 
 3.422732e+01  3.080245e-02 
 3.422764e+01  3.078773e-02 
 3.422796e+01  3.077319e-02 
 3.422828e+01  3.075881e-02 
 3.422860e+01  3.074460e-02 
 3.422892e+01  3.073056e-02 
 3.422925e+01  3.071668e-02 
 3.422957e+01  3.070298e-02 
 3.422989e+01  3.068945e-02 
 3.423021e+01  3.067608e-02 
 3.423053e+01  3.066289e-02 
 3.423085e+01  3.064986e-02 
 3.423118e+01  3.063701e-02 
 3.423150e+01  3.062432e-02 
 3.423182e+01  3.061180e-02 
 3.423214e+01  3.059949e-02 
 3.423246e+01  3.058737e-02 
 3.423278e+01  3.057546e-02 
 3.423310e+01  3.056375e-02 
 3.423343e+01  3.055224e-02 
 3.423375e+01  3.054093e-02 
 3.423407e+01  3.052982e-02 
 3.423439e+01  3.051891e-02 
 3.423471e+01  3.050820e-02 
 3.423503e+01  3.049770e-02 
 3.423536e+01  3.048739e-02 
 3.423568e+01  3.047729e-02 
 3.423600e+01  3.046739e-02 
 3.423632e+01  3.045768e-02 
 3.423664e+01  3.044818e-02 
 3.423696e+01  3.043889e-02 
 3.423728e+01  3.042983e-02 
 3.423761e+01  3.042098e-02 
 3.423793e+01  3.041235e-02 
 3.423825e+01  3.040395e-02 
 3.423857e+01  3.039577e-02 
 3.423889e+01  3.038781e-02 
 3.423921e+01  3.038006e-02 
 3.423954e+01  3.037255e-02 
 3.423986e+01  3.036525e-02 
 3.424018e+01  3.035817e-02 
 3.424050e+01  3.035132e-02 
 3.424082e+01  3.034468e-02 
 3.424114e+01  3.033827e-02 
 3.424147e+01  3.033208e-02 
 3.424179e+01  3.032611e-02 
 3.424211e+01  3.032037e-02 
 3.424243e+01  3.031485e-02 
 3.424275e+01  3.030957e-02 
 3.424307e+01  3.030451e-02 
 3.424339e+01  3.029969e-02 
 3.424372e+01  3.029509e-02 
 3.424404e+01  3.029072e-02 
 3.424436e+01  3.028658e-02 
 3.424468e+01  3.028266e-02 
 3.424500e+01  3.027898e-02 
 3.424532e+01  3.027553e-02 
 3.424565e+01  3.027230e-02 
 3.424597e+01  3.026930e-02 
 3.424629e+01  3.026653e-02 
 3.424661e+01  3.026399e-02 
 3.424693e+01  3.026168e-02 
 3.424725e+01  3.025959e-02 
 3.424757e+01  3.025772e-02 
 3.424790e+01  3.025607e-02 
 3.424822e+01  3.025465e-02 
 3.424854e+01  3.025344e-02 
 3.424886e+01  3.025247e-02 
 3.424918e+01  3.025171e-02 
 3.424950e+01  3.025117e-02 
 3.424983e+01  3.025086e-02 
 3.425015e+01  3.025078e-02 
 3.425047e+01  3.025091e-02 
 3.425079e+01  3.025127e-02 
 3.425112e+01  3.025186e-02 
 3.425144e+01  3.025267e-02 
 3.425176e+01  3.025370e-02 
 3.425209e+01  3.025494e-02 
 3.425241e+01  3.025639e-02 
 3.425273e+01  3.025805e-02 
 3.425306e+01  3.025991e-02 
 3.425338e+01  3.026198e-02 
 3.425370e+01  3.026424e-02 
 3.425402e+01  3.026672e-02 
 3.425434e+01  3.026939e-02 
 3.425466e+01  3.027228e-02 
 3.425498e+01  3.027536e-02 
 3.425531e+01  3.027866e-02 
 3.425563e+01  3.028216e-02 
 3.425595e+01  3.028586e-02 
 3.425627e+01  3.028977e-02 
 3.425659e+01  3.029389e-02 
 3.425691e+01  3.029820e-02 
 3.425724e+01  3.030269e-02 
 3.425756e+01  3.030736e-02 
 3.425788e+01  3.031222e-02 
 3.425820e+01  3.031726e-02 
 3.425852e+01  3.032248e-02 
 3.425884e+01  3.032788e-02 
 3.425916e+01  3.033346e-02 
 3.425949e+01  3.033923e-02 
 3.425981e+01  3.034517e-02 
 3.426013e+01  3.035130e-02 
 3.426045e+01  3.035761e-02 
 3.426077e+01  3.036410e-02 
 3.426109e+01  3.037077e-02 
 3.426142e+01  3.037763e-02 
 3.426174e+01  3.038466e-02 
 3.426206e+01  3.039186e-02 
 3.426238e+01  3.039921e-02 
 3.426270e+01  3.040672e-02 
 3.426302e+01  3.041438e-02 
 3.426335e+01  3.042220e-02 
 3.426367e+01  3.043017e-02 
 3.426399e+01  3.043830e-02 
 3.426431e+01  3.044659e-02 
 3.426463e+01  3.045503e-02 
 3.426495e+01  3.046362e-02 
 3.426527e+01  3.047238e-02 
 3.426560e+01  3.048128e-02 
 3.426592e+01  3.049035e-02 
 3.426624e+01  3.049956e-02 
 3.426656e+01  3.050894e-02 
 3.426688e+01  3.051846e-02 
 3.426720e+01  3.052811e-02 
 3.426753e+01  3.053789e-02 
 3.426785e+01  3.054779e-02 
 3.426817e+01  3.055782e-02 
 3.426849e+01  3.056798e-02 
 3.426881e+01  3.057827e-02 
 3.426913e+01  3.058869e-02 
 3.426945e+01  3.059923e-02 
 3.426978e+01  3.060990e-02 
 3.427010e+01  3.062070e-02 
 3.427042e+01  3.063162e-02 
 3.427074e+01  3.064268e-02 
 3.427106e+01  3.065386e-02 
 3.427138e+01  3.066517e-02 
 3.427171e+01  3.067660e-02 
 3.427203e+01  3.068815e-02 
 3.427235e+01  3.069979e-02 
 3.427267e+01  3.071153e-02 
 3.427299e+01  3.072337e-02 
 3.427331e+01  3.073530e-02 
 3.427363e+01  3.074733e-02 
 3.427396e+01  3.075947e-02 
 3.427428e+01  3.077170e-02 
 3.427460e+01  3.078402e-02 
 3.427492e+01  3.079645e-02 
 3.427524e+01  3.080897e-02 
 3.427556e+01  3.082159e-02 
 3.427589e+01  3.083431e-02 
 3.427621e+01  3.084713e-02 
 3.427653e+01  3.086005e-02 
 3.427685e+01  3.087305e-02 
 3.427717e+01  3.088613e-02 
 3.427749e+01  3.089928e-02 
 3.427782e+01  3.091249e-02 
 3.427814e+01  3.092577e-02 
 3.427846e+01  3.093913e-02 
 3.427878e+01  3.095255e-02 
 3.427910e+01  3.096603e-02 
 3.427942e+01  3.097959e-02 
 3.427974e+01  3.099322e-02 
 3.428007e+01  3.100691e-02 
 3.428039e+01  3.102067e-02 
 3.428071e+01  3.103450e-02 
 3.428103e+01  3.104840e-02 
 3.428135e+01  3.106237e-02 
 3.428167e+01  3.107640e-02 
 3.428200e+01  3.109049e-02 
 3.428232e+01  3.110462e-02 
 3.428264e+01  3.111880e-02 
 3.428296e+01  3.113301e-02 
 3.428328e+01  3.114727e-02 
 3.428360e+01  3.116157e-02 
 3.428392e+01  3.117592e-02 
 3.428425e+01  3.119030e-02 
 3.428457e+01  3.120473e-02 
 3.428489e+01  3.121920e-02 
 3.428521e+01  3.123371e-02 
 3.428553e+01  3.124827e-02 
 3.428585e+01  3.126286e-02 
 3.428618e+01  3.127750e-02 
 3.428650e+01  3.129218e-02 
 3.428682e+01  3.130691e-02 
 3.428714e+01  3.132165e-02 
 3.428746e+01  3.133642e-02 
 3.428778e+01  3.135121e-02 
 3.428810e+01  3.136602e-02 
 3.428843e+01  3.138085e-02 
 3.428875e+01  3.139571e-02 
 3.428907e+01  3.141058e-02 
 3.428939e+01  3.142548e-02 
 3.428971e+01  3.144041e-02 
 3.429003e+01  3.145535e-02 
 3.429036e+01  3.147031e-02 
 3.429068e+01  3.148530e-02 
 3.429100e+01  3.150031e-02 
 3.429132e+01  3.151534e-02 
 3.429164e+01  3.153040e-02 
 3.429196e+01  3.154546e-02 
 3.429229e+01  3.156054e-02 
 3.429261e+01  3.157562e-02 
 3.429293e+01  3.159071e-02 
 3.429325e+01  3.160580e-02 
 3.429357e+01  3.162090e-02 
 3.429389e+01  3.163601e-02 
 3.429421e+01  3.165113e-02 
 3.429454e+01  3.166625e-02 
 3.429486e+01  3.168138e-02 
 3.429518e+01  3.169652e-02 
 3.429550e+01  3.171166e-02 
 3.429582e+01  3.172681e-02 
 3.429614e+01  3.174197e-02 
 3.429647e+01  3.175713e-02 
 3.429679e+01  3.177230e-02 
 3.429711e+01  3.178746e-02 
 3.429743e+01  3.180262e-02 
 3.429775e+01  3.181778e-02 
 3.429807e+01  3.183292e-02 
 3.429839e+01  3.184807e-02 
 3.429872e+01  3.186320e-02 
 3.429904e+01  3.187833e-02 
 3.429936e+01  3.189346e-02 
 3.429968e+01  3.190857e-02 
 3.430000e+01  3.192369e-02 
 3.430032e+01  3.193879e-02 
 3.430065e+01  3.195390e-02 
 3.430097e+01  3.196899e-02 
 3.430129e+01  3.198408e-02 
 3.430161e+01  3.199916e-02 
 3.430193e+01  3.201424e-02 
 3.430225e+01  3.202929e-02 
 3.430257e+01  3.204433e-02 
 3.430290e+01  3.205934e-02 
 3.430322e+01  3.207434e-02 
 3.430354e+01  3.208932e-02 
 3.430386e+01  3.210428e-02 
 3.430418e+01  3.211922e-02 
 3.430450e+01  3.213414e-02 
 3.430483e+01  3.214904e-02 
 3.430515e+01  3.216392e-02 
 3.430547e+01  3.217879e-02 
 3.430579e+01  3.219364e-02 
 3.430611e+01  3.220846e-02 
 3.430643e+01  3.222327e-02 
 3.430676e+01  3.223806e-02 
 3.430708e+01  3.225282e-02 
 3.430740e+01  3.226754e-02 
 3.430772e+01  3.228224e-02 
 3.430804e+01  3.229690e-02 
 3.430836e+01  3.231152e-02 
 3.430868e+01  3.232612e-02 
 3.430901e+01  3.234067e-02 
 3.430933e+01  3.235520e-02 
 3.430965e+01  3.236969e-02 
 3.430997e+01  3.238416e-02 
 3.431029e+01  3.239858e-02 
 3.431061e+01  3.241298e-02 
 3.431094e+01  3.242734e-02 
 3.431126e+01  3.244166e-02 
 3.431158e+01  3.245596e-02 
 3.431190e+01  3.247022e-02 
 3.431222e+01  3.248443e-02 
 3.431254e+01  3.249859e-02 
 3.431286e+01  3.251271e-02 
 3.431319e+01  3.252678e-02 
 3.431351e+01  3.254080e-02 
 3.431383e+01  3.255478e-02 
 3.431415e+01  3.256871e-02 
 3.431447e+01  3.258259e-02 
 3.431479e+01  3.259642e-02 
 3.431512e+01  3.261021e-02 
 3.431544e+01  3.262395e-02 
 3.431576e+01  3.263765e-02 
 3.431608e+01  3.265130e-02 
 3.431640e+01  3.266490e-02 
 3.431672e+01  3.267845e-02 
 3.431704e+01  3.269195e-02 
 3.431737e+01  3.270540e-02 
 3.431769e+01  3.271878e-02 
 3.431801e+01  3.273211e-02 
 3.431833e+01  3.274539e-02 
 3.431865e+01  3.275860e-02 
 3.431897e+01  3.277176e-02 
 3.431930e+01  3.278487e-02 
 3.431962e+01  3.279791e-02 
 3.431994e+01  3.281091e-02 
 3.432026e+01  3.282384e-02 
 3.432058e+01  3.283672e-02 
 3.432090e+01  3.284954e-02 
 3.432123e+01  3.286230e-02 
 3.432155e+01  3.287501e-02 
 3.432187e+01  3.288766e-02 
 3.432219e+01  3.290025e-02 
 3.432251e+01  3.291278e-02 
 3.432283e+01  3.292525e-02 
 3.432315e+01  3.293767e-02 
 3.432348e+01  3.295002e-02 
 3.432380e+01  3.296231e-02 
 3.432412e+01  3.297459e-02 
 3.432444e+01  3.298682e-02 
 3.432477e+01  3.299899e-02 
 3.432509e+01  3.301110e-02 
 3.432541e+01  3.302315e-02 
 3.432574e+01  3.303513e-02 
 3.432606e+01  3.304706e-02 
 3.432638e+01  3.305893e-02 
 3.432670e+01  3.307074e-02 
 3.432703e+01  3.308249e-02 
 3.432735e+01  3.309413e-02 
 3.432767e+01  3.310571e-02 
 3.432799e+01  3.311724e-02 
 3.432831e+01  3.312872e-02 
 3.432864e+01  3.314014e-02 
 3.432896e+01  3.315150e-02 
 3.432928e+01  3.316281e-02 
 3.432960e+01  3.317406e-02 
 3.432992e+01  3.318525e-02 
 3.433024e+01  3.319639e-02 
 3.433057e+01  3.320752e-02 
 3.433089e+01  3.321860e-02 
 3.433121e+01  3.322962e-02 
 3.433153e+01  3.324058e-02 
 3.433186e+01  3.325149e-02 
 3.433218e+01  3.326235e-02 
 3.433250e+01  3.327317e-02 
 3.433283e+01  3.328393e-02 
 3.433315e+01  3.329465e-02 
 3.433347e+01  3.330532e-02 
 3.433379e+01  3.331589e-02 
 3.433412e+01  3.332642e-02 
 3.433444e+01  3.333690e-02 
 3.433476e+01  3.334733e-02 
 3.433508e+01  3.335771e-02 
 3.433540e+01  3.336804e-02 
 3.433572e+01  3.337833e-02 
 3.433605e+01  3.338857e-02 
 3.433637e+01  3.339876e-02 
 3.433669e+01  3.340890e-02 
 3.433701e+01  3.341901e-02 
 3.433733e+01  3.342907e-02 
 3.433765e+01  3.343910e-02 
 3.433797e+01  3.344909e-02 
 3.433830e+01  3.345904e-02 
 3.433862e+01  3.346896e-02 
 3.433894e+01  3.347884e-02 
 3.433926e+01  3.348868e-02 
 3.433958e+01  3.349848e-02 
 3.433990e+01  3.350825e-02 
 3.434023e+01  3.351801e-02 
 3.434055e+01  3.352775e-02 
 3.434087e+01  3.353744e-02 
 3.434120e+01  3.354710e-02 
 3.434152e+01  3.355672e-02 
 3.434184e+01  3.356631e-02 
 3.434217e+01  3.357587e-02 
 3.434249e+01  3.358540e-02 
 3.434281e+01  3.359491e-02 
 3.434313e+01  3.360440e-02 
 3.434346e+01  3.361382e-02 
 3.434378e+01  3.362321e-02 
 3.434410e+01  3.363259e-02 
 3.434442e+01  3.364193e-02 
 3.434474e+01  3.365125e-02 
 3.434506e+01  3.366055e-02 
 3.434538e+01  3.366982e-02 
 3.434571e+01  3.367907e-02 
 3.434603e+01  3.368830e-02 
 3.434635e+01  3.369750e-02 
 3.434667e+01  3.370667e-02 
 3.434699e+01  3.371583e-02 
 3.434731e+01  3.372499e-02 
 3.434764e+01  3.373414e-02 
 3.434796e+01  3.374328e-02 
 3.434828e+01  3.375241e-02 
 3.434860e+01  3.376154e-02 
 3.434892e+01  3.377066e-02 
 3.434924e+01  3.377977e-02 
 3.434957e+01  3.378887e-02 
 3.434989e+01  3.379797e-02 
 3.435021e+01  3.380706e-02 
 3.435053e+01  3.381615e-02 
 3.435085e+01  3.382522e-02 
 3.435117e+01  3.383429e-02 
 3.435149e+01  3.384336e-02 
 3.435182e+01  3.385242e-02 
 3.435214e+01  3.386149e-02 
 3.435246e+01  3.387057e-02 
 3.435278e+01  3.387967e-02 
 3.435310e+01  3.388878e-02 
 3.435342e+01  3.389790e-02 
 3.435375e+01  3.390704e-02 
 3.435407e+01  3.391619e-02 
 3.435439e+01  3.392535e-02 
 3.435471e+01  3.393453e-02 
 3.435503e+01  3.394372e-02 
 3.435535e+01  3.395292e-02 
 3.435567e+01  3.396214e-02 
 3.435600e+01  3.397137e-02 
 3.435632e+01  3.398061e-02 
 3.435664e+01  3.398987e-02 
 3.435696e+01  3.399915e-02 
 3.435728e+01  3.400846e-02 
 3.435760e+01  3.401780e-02 
 3.435793e+01  3.402718e-02 
 3.435825e+01  3.403658e-02 
 3.435857e+01  3.404602e-02 
 3.435889e+01  3.405549e-02 
 3.435921e+01  3.406499e-02 
 3.435953e+01  3.407453e-02 
 3.435986e+01  3.408409e-02 
 3.436018e+01  3.409369e-02 
 3.436050e+01  3.410332e-02 
 3.436082e+01  3.411298e-02 
 3.436114e+01  3.412267e-02 
 3.436146e+01  3.413240e-02 
 3.436178e+01  3.414215e-02 
 3.436211e+01  3.415195e-02 
 3.436243e+01  3.416179e-02 
 3.436275e+01  3.417167e-02 
 3.436307e+01  3.418160e-02 
 3.436339e+01  3.419156e-02 
 3.436371e+01  3.420157e-02 
 3.436404e+01  3.421162e-02 
 3.436436e+01  3.422172e-02 
 3.436468e+01  3.423185e-02 
 3.436500e+01  3.424203e-02 
 3.436532e+01  3.425225e-02 
 3.436564e+01  3.426251e-02 
 3.436596e+01  3.427282e-02 
 3.436629e+01  3.428316e-02 
 3.436661e+01  3.429355e-02 
 3.436693e+01  3.430399e-02 
 3.436725e+01  3.431446e-02 
 3.436757e+01  3.432497e-02 
 3.436789e+01  3.433553e-02 
 3.436822e+01  3.434613e-02 
 3.436854e+01  3.435677e-02 
 3.436886e+01  3.436746e-02 
 3.436918e+01  3.437818e-02 
 3.436950e+01  3.438895e-02 
 3.436982e+01  3.439976e-02 
 3.437015e+01  3.441062e-02 
 3.437047e+01  3.442151e-02 
 3.437079e+01  3.443245e-02 
 3.437111e+01  3.444343e-02 
 3.437143e+01  3.445445e-02 
 3.437175e+01  3.446551e-02 
 3.437207e+01  3.447661e-02 
 3.437240e+01  3.448774e-02 
 3.437272e+01  3.449891e-02 
 3.437304e+01  3.451011e-02 
 3.437336e+01  3.452134e-02 
 3.437368e+01  3.453260e-02 
 3.437400e+01  3.454390e-02 
 3.437433e+01  3.455524e-02 
 3.437465e+01  3.456660e-02 
 3.437497e+01  3.457800e-02 
 3.437529e+01  3.458944e-02 
 3.437561e+01  3.460090e-02 
 3.437593e+01  3.461240e-02 
 3.437625e+01  3.462394e-02 
 3.437658e+01  3.463551e-02 
 3.437690e+01  3.464710e-02 
 3.437722e+01  3.465872e-02 
 3.437754e+01  3.467036e-02 
 3.437786e+01  3.468203e-02 
 3.437818e+01  3.469371e-02 
 3.437851e+01  3.470542e-02 
 3.437883e+01  3.471714e-02 
 3.437915e+01  3.472889e-02 
 3.437947e+01  3.474066e-02 
 3.437979e+01  3.475245e-02 
 3.438011e+01  3.476426e-02 
 3.438043e+01  3.477610e-02 
 3.438076e+01  3.478795e-02 
 3.438108e+01  3.479983e-02 
 3.438140e+01  3.481173e-02 
 3.438172e+01  3.482365e-02 
 3.438204e+01  3.483558e-02 
 3.438236e+01  3.484752e-02 
 3.438269e+01  3.485947e-02 
 3.438301e+01  3.487143e-02 
 3.438333e+01  3.488340e-02 
 3.438365e+01  3.489538e-02 
 3.438397e+01  3.490737e-02 
 3.438429e+01  3.491937e-02 
 3.438462e+01  3.493138e-02 
 3.438494e+01  3.494340e-02 
 3.438526e+01  3.495543e-02 
 3.438558e+01  3.496747e-02 
 3.438590e+01  3.497952e-02 
 3.438622e+01  3.499157e-02 
 3.438654e+01  3.500364e-02 
 3.438687e+01  3.501572e-02 
 3.438719e+01  3.502779e-02 
 3.438751e+01  3.503986e-02 
 3.438783e+01  3.505193e-02 
 3.438815e+01  3.506400e-02 
 3.438847e+01  3.507607e-02 
 3.438880e+01  3.508814e-02 
 3.438912e+01  3.510020e-02 
 3.438944e+01  3.511227e-02 
 3.438976e+01  3.512433e-02 
 3.439008e+01  3.513639e-02 
 3.439040e+01  3.514845e-02 
 3.439072e+01  3.516051e-02 
 3.439105e+01  3.517257e-02 
 3.439137e+01  3.518462e-02 
 3.439169e+01  3.519668e-02 
 3.439201e+01  3.520872e-02 
 3.439233e+01  3.522076e-02 
 3.439265e+01  3.523278e-02 
 3.439298e+01  3.524478e-02 
 3.439330e+01  3.525677e-02 
 3.439362e+01  3.526875e-02 
 3.439394e+01  3.528071e-02 
 3.439426e+01  3.529266e-02 
 3.439458e+01  3.530460e-02 
 3.439490e+01  3.531652e-02 
 3.439523e+01  3.532843e-02 
 3.439555e+01  3.534032e-02 
 3.439587e+01  3.535220e-02 
 3.439619e+01  3.536407e-02 
 3.439651e+01  3.537592e-02 
 3.439683e+01  3.538776e-02 
 3.439716e+01  3.539957e-02 
 3.439748e+01  3.541135e-02 
 3.439780e+01  3.542310e-02 
 3.439812e+01  3.543482e-02 
 3.439844e+01  3.544651e-02 
 3.439876e+01  3.545817e-02 
 3.439909e+01  3.546980e-02 
 3.439941e+01  3.548140e-02 
 3.439973e+01  3.549297e-02 
 3.440005e+01  3.550451e-02 
 3.440037e+01  3.551602e-02 
 3.440069e+01  3.552751e-02 
 3.440101e+01  3.553896e-02 
 3.440134e+01  3.555038e-02 
 3.440166e+01  3.556177e-02 
 3.440198e+01  3.557313e-02 
 3.440230e+01  3.558443e-02 
 3.440262e+01  3.559569e-02 
 3.440294e+01  3.560690e-02 
 3.440327e+01  3.561806e-02 
 3.440359e+01  3.562917e-02 
 3.440391e+01  3.564023e-02 
 3.440423e+01  3.565124e-02 
 3.440455e+01  3.566221e-02 
 3.440487e+01  3.567312e-02 
 3.440519e+01  3.568399e-02 
 3.440552e+01  3.569481e-02 
 3.440584e+01  3.570558e-02 
 3.440616e+01  3.571631e-02 
 3.440648e+01  3.572698e-02 
 3.440680e+01  3.573761e-02 
 3.440712e+01  3.574817e-02 
 3.440745e+01  3.575866e-02 
 3.440777e+01  3.576909e-02 
 3.440809e+01  3.577945e-02 
 3.440841e+01  3.578974e-02 
 3.440873e+01  3.579997e-02 
 3.440905e+01  3.581013e-02 
 3.440937e+01  3.582022e-02 
 3.440970e+01  3.583025e-02 
 3.441002e+01  3.584021e-02 
 3.441034e+01  3.585010e-02 
 3.441066e+01  3.585993e-02 
 3.441098e+01  3.586969e-02 
 3.441130e+01  3.587939e-02 
 3.441163e+01  3.588902e-02 
 3.441195e+01  3.589857e-02 
 3.441227e+01  3.590805e-02 
 3.441259e+01  3.591745e-02 
 3.441291e+01  3.592676e-02 
 3.441323e+01  3.593600e-02 
 3.441355e+01  3.594516e-02 
 3.441388e+01  3.595424e-02 
 3.441420e+01  3.596324e-02 
 3.441452e+01  3.597216e-02 
 3.441484e+01  3.598100e-02 
 3.441516e+01  3.598976e-02 
 3.441548e+01  3.599844e-02 
 3.441581e+01  3.600704e-02 
 3.441613e+01  3.601556e-02 
 3.441645e+01  3.602401e-02 
 3.441677e+01  3.603237e-02 
 3.441709e+01  3.604065e-02 
 3.441741e+01  3.604884e-02 
 3.441774e+01  3.605694e-02 
 3.441806e+01  3.606496e-02 
 3.441838e+01  3.607290e-02 
 3.441870e+01  3.608074e-02 
 3.441902e+01  3.608851e-02 
 3.441934e+01  3.609618e-02 
 3.441966e+01  3.610377e-02 
 3.441999e+01  3.611128e-02 
 3.442031e+01  3.611869e-02 
 3.442063e+01  3.612603e-02 
 3.442095e+01  3.613327e-02 
 3.442127e+01  3.614043e-02 
 3.442159e+01  3.614751e-02 
 3.442192e+01  3.615450e-02 
 3.442224e+01  3.616140e-02 
 3.442256e+01  3.616821e-02 
 3.442288e+01  3.617493e-02 
 3.442320e+01  3.618156e-02 
 3.442352e+01  3.618811e-02 
 3.442384e+01  3.619456e-02 
 3.442417e+01  3.620093e-02 
 3.442449e+01  3.620721e-02 
 3.442481e+01  3.621340e-02 
 3.442513e+01  3.621951e-02 
 3.442545e+01  3.622552e-02 
 3.442577e+01  3.623145e-02 
 3.442610e+01  3.623728e-02 
 3.442642e+01  3.624303e-02 
 3.442674e+01  3.624869e-02 
 3.442706e+01  3.625428e-02 
 3.442738e+01  3.625978e-02 
 3.442771e+01  3.626518e-02 
 3.442803e+01  3.627050e-02 
 3.442835e+01  3.627571e-02 
 3.442868e+01  3.628084e-02 
 3.442900e+01  3.628587e-02 
 3.442932e+01  3.629080e-02 
 3.442965e+01  3.629564e-02 
 3.442997e+01  3.630039e-02 
 3.443029e+01  3.630503e-02 
 3.443061e+01  3.630957e-02 
 3.443093e+01  3.631401e-02 
 3.443125e+01  3.631837e-02 
 3.443158e+01  3.632263e-02 
 3.443190e+01  3.632679e-02 
 3.443222e+01  3.633086e-02 
 3.443254e+01  3.633482e-02 
 3.443286e+01  3.633867e-02 
 3.443318e+01  3.634243e-02 
 3.443351e+01  3.634608e-02 
 3.443383e+01  3.634962e-02 
 3.443415e+01  3.635307e-02 
 3.443447e+01  3.635641e-02 
 3.443479e+01  3.635965e-02 
 3.443511e+01  3.636278e-02 
 3.443544e+01  3.636581e-02 
 3.443576e+01  3.636874e-02 
 3.443608e+01  3.637157e-02 
 3.443640e+01  3.637429e-02 
 3.443672e+01  3.637691e-02 
 3.443704e+01  3.637941e-02 
 3.443736e+01  3.638180e-02 
 3.443769e+01  3.638407e-02 
 3.443801e+01  3.638623e-02 
 3.443833e+01  3.638827e-02 
 3.443865e+01  3.639019e-02 
 3.443897e+01  3.639199e-02 
 3.443929e+01  3.639368e-02 
 3.443962e+01  3.639525e-02 
 3.443994e+01  3.639671e-02 
 3.444026e+01  3.639805e-02 
 3.444058e+01  3.639928e-02 
 3.444091e+01  3.640038e-02 
 3.444123e+01  3.640137e-02 
 3.444155e+01  3.640224e-02 
 3.444188e+01  3.640299e-02 
 3.444220e+01  3.640361e-02 
 3.444252e+01  3.640410e-02 
 3.444285e+01  3.640446e-02 
 3.444317e+01  3.640470e-02 
 3.444349e+01  3.640480e-02 
 3.444381e+01  3.640478e-02 
 3.444414e+01  3.640463e-02 
 3.444446e+01  3.640435e-02 
 3.444478e+01  3.640394e-02 
 3.444511e+01  3.640340e-02 
 3.444543e+01  3.640273e-02 
 3.444575e+01  3.640194e-02 
 3.444608e+01  3.640101e-02 
 3.444640e+01  3.639996e-02 
 3.444672e+01  3.639879e-02 
 3.444704e+01  3.639748e-02 
 3.444736e+01  3.639605e-02 
 3.444768e+01  3.639449e-02 
 3.444800e+01  3.639280e-02 
 3.444833e+01  3.639099e-02 
 3.444865e+01  3.638904e-02 
 3.444897e+01  3.638697e-02 
 3.444929e+01  3.638477e-02 
 3.444961e+01  3.638244e-02 
 3.444993e+01  3.637999e-02 
 3.445026e+01  3.637740e-02 
 3.445058e+01  3.637469e-02 
 3.445090e+01  3.637185e-02 
 3.445122e+01  3.636888e-02 
 3.445154e+01  3.636578e-02 
 3.445186e+01  3.636256e-02 
 3.445218e+01  3.635922e-02 
 3.445251e+01  3.635577e-02 
 3.445283e+01  3.635219e-02 
 3.445315e+01  3.634849e-02 
 3.445348e+01  3.634467e-02 
 3.445380e+01  3.634074e-02 
 3.445412e+01  3.633669e-02 
 3.445444e+01  3.633252e-02 
 3.445477e+01  3.632824e-02 
 3.445509e+01  3.632384e-02 
 3.445541e+01  3.631932e-02 
 3.445574e+01  3.631469e-02 
 3.445606e+01  3.630994e-02 
 3.445638e+01  3.630507e-02 
 3.445671e+01  3.630009e-02 
 3.445703e+01  3.629501e-02 
 3.445735e+01  3.628983e-02 
 3.445767e+01  3.628456e-02 
 3.445800e+01  3.627919e-02 
 3.445832e+01  3.627373e-02 
 3.445864e+01  3.626818e-02 
 3.445897e+01  3.626253e-02 
 3.445929e+01  3.625678e-02 
 3.445961e+01  3.625094e-02 
 3.445994e+01  3.624501e-02 
 3.446026e+01  3.623899e-02 
 3.446058e+01  3.623287e-02 
 3.446090e+01  3.622665e-02 
 3.446123e+01  3.622034e-02 
 3.446155e+01  3.621394e-02 
 3.446187e+01  3.620745e-02 
 3.446220e+01  3.620088e-02 
 3.446252e+01  3.619428e-02 
 3.446284e+01  3.618760e-02 
 3.446316e+01  3.618086e-02 
 3.446348e+01  3.617404e-02 
 3.446380e+01  3.616716e-02 
 3.446413e+01  3.616020e-02 
 3.446445e+01  3.615318e-02 
 3.446477e+01  3.614608e-02 
 3.446509e+01  3.613892e-02 
 3.446541e+01  3.613169e-02 
 3.446573e+01  3.612435e-02 
 3.446606e+01  3.611694e-02 
 3.446638e+01  3.610947e-02 
 3.446670e+01  3.610192e-02 
 3.446703e+01  3.609431e-02 
 3.446735e+01  3.608665e-02 
 3.446767e+01  3.607894e-02 
 3.446800e+01  3.607117e-02 
 3.446832e+01  3.606336e-02 
 3.446864e+01  3.605549e-02 
 3.446896e+01  3.604757e-02 
 3.446929e+01  3.603959e-02 
 3.446961e+01  3.603157e-02 
 3.446993e+01  3.602349e-02 
 3.447026e+01  3.601535e-02 
 3.447058e+01  3.600717e-02 
 3.447090e+01  3.599893e-02 
 3.447123e+01  3.599065e-02 
 3.447155e+01  3.598230e-02 
 3.447187e+01  3.597391e-02 
 3.447219e+01  3.596548e-02 
 3.447252e+01  3.595700e-02 
 3.447284e+01  3.594848e-02 
 3.447316e+01  3.593992e-02 
 3.447349e+01  3.593131e-02 
 3.447381e+01  3.592267e-02 
 3.447413e+01  3.591398e-02 
 3.447446e+01  3.590524e-02 
 3.447478e+01  3.589647e-02 
 3.447510e+01  3.588765e-02 
 3.447542e+01  3.587883e-02 
 3.447574e+01  3.586996e-02 
 3.447607e+01  3.586106e-02 
 3.447639e+01  3.585211e-02 
 3.447671e+01  3.584312e-02 
 3.447703e+01  3.583409e-02 
 3.447735e+01  3.582502e-02 
 3.447767e+01  3.581592e-02 
 3.447800e+01  3.580678e-02 
 3.447832e+01  3.579759e-02 
 3.447864e+01  3.578834e-02 
 3.447896e+01  3.577904e-02 
 3.447929e+01  3.576970e-02 
 3.447961e+01  3.576033e-02 
 3.447993e+01  3.575091e-02 
 3.448025e+01  3.574146e-02 
 3.448058e+01  3.573197e-02 
 3.448090e+01  3.572244e-02 
 3.448122e+01  3.571288e-02 
 3.448155e+01  3.570327e-02 
 3.448187e+01  3.569363e-02 
 3.448219e+01  3.568396e-02 
 3.448252e+01  3.567425e-02 
 3.448284e+01  3.566450e-02 
 3.448316e+01  3.565472e-02 
 3.448348e+01  3.564491e-02 
 3.448381e+01  3.563506e-02 
 3.448413e+01  3.562518e-02 
 3.448445e+01  3.561527e-02 
 3.448478e+01  3.560532e-02 
 3.448510e+01  3.559533e-02 
 3.448542e+01  3.558531e-02 
 3.448575e+01  3.557526e-02 
 3.448607e+01  3.556518e-02 
 3.448639e+01  3.555506e-02 
 3.448671e+01  3.554490e-02 
 3.448704e+01  3.553472e-02 
 3.448736e+01  3.552451e-02 
 3.448768e+01  3.551427e-02 
 3.448801e+01  3.550401e-02 
 3.448833e+01  3.549376e-02 
 3.448865e+01  3.548349e-02 
 3.448897e+01  3.547319e-02 
 3.448929e+01  3.546287e-02 
 3.448961e+01  3.545252e-02 
 3.448994e+01  3.544214e-02 
 3.449026e+01  3.543173e-02 
 3.449058e+01  3.542130e-02 
 3.449090e+01  3.541085e-02 
 3.449122e+01  3.540036e-02 
 3.449154e+01  3.538985e-02 
 3.449187e+01  3.537931e-02 
 3.449219e+01  3.536876e-02 
 3.449251e+01  3.535819e-02 
 3.449283e+01  3.534761e-02 
 3.449315e+01  3.533701e-02 
 3.449347e+01  3.532639e-02 
 3.449379e+01  3.531576e-02 
 3.449412e+01  3.530511e-02 
 3.449444e+01  3.529444e-02 
 3.449476e+01  3.528376e-02 
 3.449508e+01  3.527306e-02 
 3.449540e+01  3.526235e-02 
 3.449572e+01  3.525161e-02 
 3.449605e+01  3.524087e-02 
 3.449637e+01  3.523010e-02 
 3.449669e+01  3.521932e-02 
 3.449701e+01  3.520854e-02 
 3.449733e+01  3.519774e-02 
 3.449765e+01  3.518694e-02 
 3.449798e+01  3.517614e-02 
 3.449830e+01  3.516533e-02 
 3.449862e+01  3.515451e-02 
 3.449894e+01  3.514369e-02 
 3.449926e+01  3.513287e-02 
 3.449958e+01  3.512204e-02 
 3.449990e+01  3.511120e-02 
 3.450023e+01  3.510036e-02 
 3.450055e+01  3.508952e-02 
 3.450087e+01  3.507867e-02 
 3.450119e+01  3.506781e-02 
 3.450151e+01  3.505695e-02 
 3.450183e+01  3.504608e-02 
 3.450216e+01  3.503522e-02 
 3.450248e+01  3.502437e-02 
 3.450280e+01  3.501351e-02 
 3.450312e+01  3.500267e-02 
 3.450344e+01  3.499182e-02 
 3.450376e+01  3.498098e-02 
 3.450408e+01  3.497015e-02 
 3.450441e+01  3.495932e-02 
 3.450473e+01  3.494849e-02 
 3.450505e+01  3.493767e-02 
 3.450537e+01  3.492685e-02 
 3.450569e+01  3.491604e-02 
 3.450601e+01  3.490523e-02 
 3.450634e+01  3.489442e-02 
 3.450666e+01  3.488362e-02 
 3.450698e+01  3.487283e-02 
 3.450730e+01  3.486205e-02 
 3.450762e+01  3.485128e-02 
 3.450794e+01  3.484052e-02 
 3.450826e+01  3.482977e-02 
 3.450859e+01  3.481903e-02 
 3.450891e+01  3.480831e-02 
 3.450923e+01  3.479759e-02 
 3.450955e+01  3.478689e-02 
 3.450987e+01  3.477620e-02 
 3.451019e+01  3.476552e-02 
 3.451052e+01  3.475485e-02 
 3.451084e+01  3.474419e-02 
 3.451116e+01  3.473354e-02 
 3.451148e+01  3.472290e-02 
 3.451180e+01  3.471228e-02 
 3.451212e+01  3.470167e-02 
 3.451245e+01  3.469107e-02 
 3.451277e+01  3.468050e-02 
 3.451309e+01  3.466993e-02 
 3.451341e+01  3.465938e-02 
 3.451373e+01  3.464885e-02 
 3.451405e+01  3.463834e-02 
 3.451437e+01  3.462783e-02 
 3.451470e+01  3.461735e-02 
 3.451502e+01  3.460688e-02 
 3.451534e+01  3.459643e-02 
 3.451566e+01  3.458599e-02 
 3.451598e+01  3.457556e-02 
 3.451630e+01  3.456516e-02 
 3.451663e+01  3.455476e-02 
 3.451695e+01  3.454439e-02 
 3.451727e+01  3.453403e-02 
 3.451759e+01  3.452369e-02 
 3.451791e+01  3.451337e-02 
 3.451823e+01  3.450306e-02 
 3.451855e+01  3.449277e-02 
 3.451888e+01  3.448250e-02 
 3.451920e+01  3.447225e-02 
 3.451952e+01  3.446201e-02 
 3.451984e+01  3.445180e-02 
 3.452016e+01  3.444160e-02 
 3.452048e+01  3.443141e-02 
 3.452081e+01  3.442125e-02 
 3.452113e+01  3.441110e-02 
 3.452145e+01  3.440097e-02 
 3.452177e+01  3.439086e-02 
 3.452209e+01  3.438076e-02 
 3.452241e+01  3.437068e-02 
 3.452273e+01  3.436062e-02 
 3.452306e+01  3.435057e-02 
 3.452338e+01  3.434054e-02 
 3.452370e+01  3.433053e-02 
 3.452402e+01  3.432053e-02 
 3.452434e+01  3.431055e-02 
 3.452466e+01  3.430059e-02 
 3.452499e+01  3.429064e-02 
 3.452531e+01  3.428071e-02 
 3.452563e+01  3.427079e-02 
 3.452595e+01  3.426090e-02 
 3.452627e+01  3.425101e-02 
 3.452659e+01  3.424115e-02 
 3.452692e+01  3.423130e-02 
 3.452724e+01  3.422146e-02 
 3.452756e+01  3.421163e-02 
 3.452788e+01  3.420181e-02 
 3.452820e+01  3.419201e-02 
 3.452852e+01  3.418221e-02 
 3.452884e+01  3.417243e-02 
 3.452917e+01  3.416265e-02 
 3.452949e+01  3.415289e-02 
 3.452981e+01  3.414314e-02 
 3.453013e+01  3.413340e-02 
 3.453045e+01  3.412368e-02 
 3.453077e+01  3.411396e-02 
 3.453110e+01  3.410425e-02 
 3.453142e+01  3.409456e-02 
 3.453174e+01  3.408488e-02 
 3.453206e+01  3.407520e-02 
 3.453238e+01  3.406552e-02 
 3.453270e+01  3.405585e-02 
 3.453302e+01  3.404618e-02 
 3.453335e+01  3.403652e-02 
 3.453367e+01  3.402685e-02 
 3.453399e+01  3.401719e-02 
 3.453431e+01  3.400753e-02 
 3.453463e+01  3.399788e-02 
 3.453495e+01  3.398823e-02 
 3.453528e+01  3.397858e-02 
 3.453560e+01  3.396893e-02 
 3.453592e+01  3.395929e-02 
 3.453624e+01  3.394965e-02 
 3.453656e+01  3.394001e-02 
 3.453688e+01  3.393037e-02 
 3.453720e+01  3.392073e-02 
 3.453753e+01  3.391109e-02 
 3.453785e+01  3.390144e-02 
 3.453817e+01  3.389178e-02 
 3.453849e+01  3.388212e-02 
 3.453881e+01  3.387246e-02 
 3.453913e+01  3.386279e-02 
 3.453946e+01  3.385311e-02 
 3.453978e+01  3.384344e-02 
 3.454010e+01  3.383375e-02 
 3.454042e+01  3.382406e-02 
 3.454074e+01  3.381437e-02 
 3.454106e+01  3.380467e-02 
 3.454139e+01  3.379497e-02 
 3.454171e+01  3.378526e-02 
 3.454203e+01  3.377555e-02 
 3.454235e+01  3.376582e-02 
 3.454267e+01  3.375609e-02 
 3.454299e+01  3.374636e-02 
 3.454331e+01  3.373661e-02 
 3.454364e+01  3.372686e-02 
 3.454396e+01  3.371710e-02 
 3.454428e+01  3.370733e-02 
 3.454460e+01  3.369755e-02 
 3.454492e+01  3.368777e-02 
 3.454524e+01  3.367797e-02 
 3.454557e+01  3.366817e-02 
 3.454589e+01  3.365837e-02 
 3.454621e+01  3.364855e-02 
 3.454653e+01  3.363873e-02 
 3.454685e+01  3.362890e-02 
 3.454717e+01  3.361906e-02 
 3.454749e+01  3.360922e-02 
 3.454782e+01  3.359938e-02 
 3.454814e+01  3.358953e-02 
 3.454846e+01  3.357968e-02 
 3.454878e+01  3.356982e-02 
 3.454910e+01  3.355995e-02 
 3.454942e+01  3.355008e-02 
 3.454975e+01  3.354021e-02 
 3.455007e+01  3.353033e-02 
 3.455039e+01  3.352045e-02 
 3.455071e+01  3.351056e-02 
 3.455103e+01  3.350067e-02 
 3.455135e+01  3.349078e-02 
 3.455167e+01  3.348088e-02 
 3.455200e+01  3.347097e-02 
 3.455232e+01  3.346107e-02 
 3.455264e+01  3.345114e-02 
 3.455296e+01  3.344120e-02 
 3.455329e+01  3.343126e-02 
 3.455361e+01  3.342132e-02 
 3.455393e+01  3.341139e-02 
 3.455426e+01  3.340146e-02 
 3.455458e+01  3.339153e-02 
 3.455490e+01  3.338160e-02 
 3.455522e+01  3.337167e-02 
 3.455555e+01  3.336175e-02 
 3.455587e+01  3.335183e-02 
 3.455619e+01  3.334191e-02 
 3.455652e+01  3.333199e-02 
 3.455684e+01  3.332208e-02 
 3.455716e+01  3.331217e-02 
 3.455749e+01  3.330227e-02 
 3.455781e+01  3.329238e-02 
 3.455813e+01  3.328250e-02 
 3.455845e+01  3.327263e-02 
 3.455878e+01  3.326276e-02 
 3.455910e+01  3.325295e-02 
 3.455942e+01  3.324314e-02 
 3.455974e+01  3.323334e-02 
 3.456006e+01  3.322356e-02 
 3.456039e+01  3.321377e-02 
 3.456071e+01  3.320400e-02 
 3.456103e+01  3.319424e-02 
 3.456135e+01  3.318448e-02 
 3.456167e+01  3.317473e-02 
 3.456199e+01  3.316499e-02 
 3.456232e+01  3.315523e-02 
 3.456264e+01  3.314547e-02 
 3.456296e+01  3.313572e-02 
 3.456329e+01  3.312598e-02 
 3.456361e+01  3.311625e-02 
 3.456393e+01  3.310653e-02 
 3.456425e+01  3.309683e-02 
 3.456458e+01  3.308713e-02 
 3.456490e+01  3.307744e-02 
 3.456522e+01  3.306777e-02 
 3.456555e+01  3.305811e-02 
 3.456587e+01  3.304846e-02 
 3.456619e+01  3.303881e-02 
 3.456652e+01  3.302918e-02 
 3.456684e+01  3.301956e-02 
 3.456716e+01  3.300995e-02 
 3.456748e+01  3.300035e-02 
 3.456781e+01  3.299077e-02 
 3.456813e+01  3.298119e-02 
 3.456845e+01  3.297162e-02 
 3.456877e+01  3.296210e-02 
 3.456910e+01  3.295259e-02 
 3.456942e+01  3.294309e-02 
 3.456974e+01  3.293360e-02 
 3.457006e+01  3.292412e-02 
 3.457038e+01  3.291465e-02 
 3.457071e+01  3.290519e-02 
 3.457103e+01  3.289574e-02 
 3.457135e+01  3.288630e-02 
 3.457167e+01  3.287687e-02 
 3.457199e+01  3.286746e-02 
 3.457231e+01  3.285805e-02 
 3.457264e+01  3.284866e-02 
 3.457296e+01  3.283927e-02 
 3.457328e+01  3.282989e-02 
 3.457360e+01  3.282053e-02 
 3.457392e+01  3.281117e-02 
 3.457424e+01  3.280182e-02 
 3.457456e+01  3.279248e-02 
 3.457489e+01  3.278315e-02 
 3.457521e+01  3.277383e-02 
 3.457553e+01  3.276452e-02 
 3.457585e+01  3.275522e-02 
 3.457617e+01  3.274593e-02 
 3.457649e+01  3.273665e-02 
 3.457682e+01  3.272737e-02 
 3.457714e+01  3.271811e-02 
 3.457746e+01  3.270886e-02 
 3.457778e+01  3.269962e-02 
 3.457810e+01  3.269039e-02 
 3.457842e+01  3.268117e-02 
 3.457874e+01  3.267197e-02 
 3.457907e+01  3.266277e-02 
 3.457939e+01  3.265358e-02 
 3.457971e+01  3.264441e-02 
 3.458003e+01  3.263524e-02 
 3.458035e+01  3.262609e-02 
 3.458067e+01  3.261695e-02 
 3.458100e+01  3.260782e-02 
 3.458132e+01  3.259870e-02 
 3.458164e+01  3.258955e-02 
 3.458196e+01  3.258041e-02 
 3.458229e+01  3.257129e-02 
 3.458261e+01  3.256218e-02 
 3.458293e+01  3.255309e-02 
 3.458326e+01  3.254401e-02 
 3.458358e+01  3.253495e-02 
 3.458390e+01  3.252590e-02 
 3.458422e+01  3.251686e-02 
 3.458455e+01  3.250784e-02 
 3.458487e+01  3.249883e-02 
 3.458519e+01  3.248984e-02 
 3.458552e+01  3.248086e-02 
 3.458584e+01  3.247190e-02 
 3.458616e+01  3.246295e-02 
 3.458649e+01  3.245402e-02 
 3.458681e+01  3.244510e-02 
 3.458713e+01  3.243620e-02 
 3.458745e+01  3.242732e-02 
 3.458778e+01  3.241845e-02 
 3.458810e+01  3.240964e-02 
 3.458842e+01  3.240084e-02 
 3.458874e+01  3.239207e-02 
 3.458906e+01  3.238331e-02 
 3.458938e+01  3.237456e-02 
 3.458971e+01  3.236584e-02 
 3.459003e+01  3.235713e-02 
 3.459035e+01  3.234844e-02 
 3.459067e+01  3.233976e-02 
 3.459099e+01  3.233110e-02 
 3.459131e+01  3.232246e-02 
 3.459164e+01  3.231384e-02 
 3.459196e+01  3.230523e-02 
 3.459228e+01  3.229664e-02 
 3.459260e+01  3.228806e-02 
 3.459292e+01  3.227950e-02 
 3.459324e+01  3.227096e-02 
 3.459357e+01  3.226243e-02 
 3.459389e+01  3.225391e-02 
 3.459421e+01  3.224542e-02 
 3.459453e+01  3.223694e-02 
 3.459485e+01  3.222847e-02 
 3.459517e+01  3.222002e-02 
 3.459549e+01  3.221159e-02 
 3.459582e+01  3.220317e-02 
 3.459614e+01  3.219477e-02 
 3.459646e+01  3.218638e-02 
 3.459678e+01  3.217801e-02 
 3.459710e+01  3.216965e-02 
 3.459742e+01  3.216130e-02 
 3.459775e+01  3.215297e-02 
 3.459807e+01  3.214464e-02 
 3.459839e+01  3.213633e-02 
 3.459871e+01  3.212802e-02 
 3.459903e+01  3.211973e-02 
 3.459935e+01  3.211145e-02 
 3.459967e+01  3.210318e-02 
 3.460000e+01  3.209493e-02 
 3.460032e+01  3.208668e-02 
 3.460064e+01  3.207844e-02 
 3.460096e+01  3.207022e-02 
 3.460128e+01  3.206201e-02 
 3.460160e+01  3.205381e-02 
 3.460193e+01  3.204561e-02 
 3.460225e+01  3.203743e-02 
 3.460257e+01  3.202925e-02 
 3.460289e+01  3.202108e-02 
 3.460321e+01  3.201291e-02 
 3.460353e+01  3.200475e-02 
 3.460385e+01  3.199660e-02 
 3.460418e+01  3.198846e-02 
 3.460450e+01  3.198032e-02 
 3.460482e+01  3.197218e-02 
 3.460514e+01  3.196406e-02 
 3.460546e+01  3.195594e-02 
 3.460578e+01  3.194782e-02 
 3.460611e+01  3.193972e-02 
 3.460643e+01  3.193162e-02 
 3.460675e+01  3.192352e-02 
 3.460707e+01  3.191544e-02 
 3.460739e+01  3.190735e-02 
 3.460771e+01  3.189928e-02 
 3.460804e+01  3.189121e-02 
 3.460836e+01  3.188314e-02 
 3.460868e+01  3.187508e-02 
 3.460900e+01  3.186703e-02 
 3.460932e+01  3.185898e-02 
 3.460964e+01  3.185094e-02 
 3.460996e+01  3.184290e-02 
 3.461029e+01  3.183487e-02 
 3.461061e+01  3.182685e-02 
 3.461093e+01  3.181883e-02 
 3.461125e+01  3.181081e-02 
 3.461157e+01  3.180280e-02 
 3.461189e+01  3.179480e-02 
 3.461222e+01  3.178681e-02 
 3.461254e+01  3.177883e-02 
 3.461286e+01  3.177086e-02 
 3.461318e+01  3.176289e-02 
 3.461350e+01  3.175494e-02 
 3.461382e+01  3.174700e-02 
 3.461414e+01  3.173906e-02 
 3.461447e+01  3.173114e-02 
 3.461479e+01  3.172322e-02 
 3.461511e+01  3.171532e-02 
 3.461543e+01  3.170742e-02 
 3.461575e+01  3.169954e-02 
 3.461607e+01  3.169166e-02 
 3.461640e+01  3.168380e-02 
 3.461672e+01  3.167594e-02 
 3.461704e+01  3.166810e-02 
 3.461736e+01  3.166027e-02 
 3.461768e+01  3.165246e-02 
 3.461800e+01  3.164467e-02 
 3.461832e+01  3.163689e-02 
 3.461865e+01  3.162913e-02 
 3.461897e+01  3.162139e-02 
 3.461929e+01  3.161366e-02 
 3.461961e+01  3.160595e-02 
 3.461993e+01  3.159825e-02 
 3.462025e+01  3.159057e-02 
 3.462058e+01  3.158291e-02 
 3.462090e+01  3.157526e-02 
 3.462122e+01  3.156763e-02 
 3.462154e+01  3.156001e-02 
 3.462186e+01  3.155242e-02 
 3.462218e+01  3.154484e-02 
 3.462251e+01  3.153728e-02 
 3.462283e+01  3.152975e-02 
 3.462315e+01  3.152223e-02 
 3.462347e+01  3.151473e-02 
 3.462379e+01  3.150726e-02 
 3.462411e+01  3.149980e-02 
 3.462443e+01  3.149237e-02 
 3.462476e+01  3.148496e-02 
 3.462508e+01  3.147757e-02 
 3.462540e+01  3.147019e-02 
 3.462572e+01  3.146284e-02 
 3.462604e+01  3.145551e-02 
 3.462636e+01  3.144820e-02 
 3.462669e+01  3.144091e-02 
 3.462701e+01  3.143364e-02 
 3.462733e+01  3.142639e-02 
 3.462765e+01  3.141916e-02 
 3.462797e+01  3.141195e-02 
 3.462829e+01  3.140475e-02 
 3.462861e+01  3.139758e-02 
 3.462894e+01  3.139043e-02 
 3.462926e+01  3.138329e-02 
 3.462958e+01  3.137618e-02 
 3.462990e+01  3.136908e-02 
 3.463022e+01  3.136201e-02 
 3.463054e+01  3.135495e-02 
 3.463087e+01  3.134791e-02 
 3.463119e+01  3.134089e-02 
 3.463151e+01  3.133390e-02 
 3.463183e+01  3.132692e-02 
 3.463215e+01  3.131995e-02 
 3.463247e+01  3.131300e-02 
 3.463279e+01  3.130606e-02 
 3.463312e+01  3.129913e-02 
 3.463344e+01  3.129221e-02 
 3.463376e+01  3.128531e-02 
 3.463408e+01  3.127842e-02 
 3.463440e+01  3.127154e-02 
 3.463472e+01  3.126468e-02 
 3.463505e+01  3.125783e-02 
 3.463537e+01  3.125099e-02 
 3.463569e+01  3.124417e-02 
 3.463601e+01  3.123735e-02 
 3.463633e+01  3.123056e-02 
 3.463665e+01  3.122377e-02 
 3.463698e+01  3.121699e-02 
 3.463730e+01  3.121022e-02 
 3.463762e+01  3.120345e-02 
 3.463794e+01  3.119669e-02 
 3.463826e+01  3.118993e-02 
 3.463858e+01  3.118317e-02 
 3.463890e+01  3.117642e-02 
 3.463923e+01  3.116968e-02 
 3.463955e+01  3.116294e-02 
 3.463987e+01  3.115620e-02 
 3.464019e+01  3.114947e-02 
 3.464051e+01  3.114274e-02 
 3.464083e+01  3.113602e-02 
 3.464116e+01  3.112930e-02 
 3.464148e+01  3.112259e-02 
 3.464180e+01  3.111588e-02 
 3.464212e+01  3.110917e-02 
 3.464244e+01  3.110246e-02 
 3.464276e+01  3.109575e-02 
 3.464308e+01  3.108904e-02 
 3.464341e+01  3.108233e-02 
 3.464373e+01  3.107562e-02 
 3.464405e+01  3.106890e-02 
 3.464437e+01  3.106219e-02 
 3.464469e+01  3.105547e-02 
 3.464501e+01  3.104876e-02 
 3.464534e+01  3.104204e-02 
 3.464566e+01  3.103532e-02 
 3.464598e+01  3.102860e-02 
 3.464630e+01  3.102188e-02 
 3.464662e+01  3.101516e-02 
 3.464694e+01  3.100844e-02 
 3.464726e+01  3.100172e-02 
 3.464759e+01  3.099500e-02 
 3.464791e+01  3.098827e-02 
 3.464823e+01  3.098155e-02 
 3.464855e+01  3.097482e-02 
 3.464887e+01  3.096810e-02 
 3.464919e+01  3.096137e-02 
 3.464952e+01  3.095464e-02 
 3.464984e+01  3.094791e-02 
 3.465016e+01  3.094118e-02 
 3.465048e+01  3.093445e-02 
 3.465080e+01  3.092772e-02 
 3.465112e+01  3.092099e-02 
 3.465145e+01  3.091426e-02 
 3.465177e+01  3.090753e-02 
 3.465209e+01  3.090080e-02 
 3.465241e+01  3.089407e-02 
 3.465273e+01  3.088735e-02 
 3.465305e+01  3.088063e-02 
 3.465337e+01  3.087391e-02 
 3.465370e+01  3.086720e-02 
 3.465402e+01  3.086049e-02 
 3.465434e+01  3.085379e-02 
 3.465466e+01  3.084709e-02 
 3.465498e+01  3.084040e-02 
 3.465530e+01  3.083370e-02 
 3.465563e+01  3.082702e-02 
 3.465595e+01  3.082033e-02 
 3.465627e+01  3.081365e-02 
 3.465659e+01  3.080698e-02 
 3.465691e+01  3.080030e-02 
 3.465723e+01  3.079364e-02 
 3.465755e+01  3.078699e-02 
 3.465788e+01  3.078036e-02 
 3.465820e+01  3.077373e-02 
 3.465852e+01  3.076711e-02 
 3.465884e+01  3.076047e-02 
 3.465917e+01  3.075384e-02 
 3.465949e+01  3.074723e-02 
 3.465981e+01  3.074062e-02 
 3.466013e+01  3.073402e-02 
 3.466046e+01  3.072744e-02 
 3.466078e+01  3.072086e-02 
 3.466110e+01  3.071430e-02 
 3.466143e+01  3.070774e-02 
 3.466175e+01  3.070120e-02 
 3.466207e+01  3.069470e-02 
 3.466239e+01  3.068822e-02 
 3.466271e+01  3.068175e-02 
 3.466304e+01  3.067529e-02 
 3.466336e+01  3.066886e-02 
 3.466368e+01  3.066244e-02 
 3.466400e+01  3.065603e-02 
 3.466432e+01  3.064964e-02 
 3.466464e+01  3.064327e-02 
 3.466496e+01  3.063691e-02 
 3.466529e+01  3.063057e-02 
 3.466561e+01  3.062424e-02 
 3.466593e+01  3.061793e-02 
 3.466625e+01  3.061163e-02 
 3.466657e+01  3.060536e-02 
 3.466689e+01  3.059909e-02 
 3.466722e+01  3.059285e-02 
 3.466754e+01  3.058663e-02 
 3.466786e+01  3.058042e-02 
 3.466818e+01  3.057424e-02 
 3.466850e+01  3.056805e-02 
 3.466883e+01  3.056188e-02 
 3.466915e+01  3.055572e-02 
 3.466947e+01  3.054959e-02 
 3.466980e+01  3.054348e-02 
 3.467012e+01  3.053738e-02 
 3.467044e+01  3.053131e-02 
 3.467076e+01  3.052525e-02 
 3.467109e+01  3.051922e-02 
 3.467141e+01  3.051320e-02 
 3.467173e+01  3.050720e-02 
 3.467206e+01  3.050123e-02 
 3.467238e+01  3.049528e-02 
 3.467270e+01  3.048935e-02 
 3.467303e+01  3.048345e-02 
 3.467335e+01  3.047756e-02 
 3.467367e+01  3.047170e-02 
 3.467399e+01  3.046587e-02 
 3.467432e+01  3.046005e-02 
 3.467464e+01  3.045426e-02 
 3.467496e+01  3.044852e-02 
 3.467528e+01  3.044280e-02 
 3.467561e+01  3.043710e-02 
 3.467593e+01  3.043142e-02 
 3.467625e+01  3.042577e-02 
 3.467657e+01  3.042014e-02 
 3.467689e+01  3.041454e-02 
 3.467721e+01  3.040896e-02 
 3.467753e+01  3.040341e-02 
 3.467786e+01  3.039788e-02 
 3.467818e+01  3.039239e-02 
 3.467850e+01  3.038692e-02 
 3.467882e+01  3.038148e-02 
 3.467914e+01  3.037607e-02 
 3.467946e+01  3.037068e-02 
 3.467979e+01  3.036532e-02 
 3.468011e+01  3.035999e-02 
 3.468043e+01  3.035469e-02 
 3.468075e+01  3.034942e-02 
 3.468107e+01  3.034417e-02 
 3.468139e+01  3.033895e-02 
 3.468171e+01  3.033376e-02 
 3.468204e+01  3.032860e-02 
 3.468236e+01  3.032348e-02 
 3.468268e+01  3.031839e-02 
 3.468300e+01  3.031334e-02 
 3.468332e+01  3.030833e-02 
 3.468364e+01  3.030335e-02 
 3.468397e+01  3.029841e-02 
 3.468429e+01  3.029350e-02 
 3.468461e+01  3.028864e-02 
 3.468493e+01  3.028380e-02 
 3.468525e+01  3.027901e-02 
 3.468557e+01  3.027425e-02 
 3.468589e+01  3.026952e-02 
 3.468622e+01  3.026483e-02 
 3.468654e+01  3.026018e-02 
 3.468686e+01  3.025557e-02 
 3.468718e+01  3.025100e-02 
 3.468750e+01  3.024649e-02 
 3.468782e+01  3.024202e-02 
 3.468815e+01  3.023760e-02 
 3.468847e+01  3.023322e-02 
 3.468879e+01  3.022890e-02 
 3.468911e+01  3.022463e-02 
 3.468943e+01  3.022040e-02 
 3.468975e+01  3.021622e-02 
 3.469008e+01  3.021209e-02 
 3.469040e+01  3.020801e-02 
 3.469072e+01  3.020398e-02 
 3.469104e+01  3.019999e-02 
 3.469136e+01  3.019605e-02 
 3.469168e+01  3.019217e-02 
 3.469200e+01  3.018833e-02 
 3.469233e+01  3.018457e-02 
 3.469265e+01  3.018086e-02 
 3.469297e+01  3.017722e-02 
 3.469329e+01  3.017364e-02 
 3.469361e+01  3.017012e-02 
 3.469393e+01  3.016666e-02 
 3.469426e+01  3.016327e-02 
 3.469458e+01  3.015994e-02 
 3.469490e+01  3.015667e-02 
 3.469522e+01  3.015347e-02 
 3.469554e+01  3.015032e-02 
 3.469586e+01  3.014724e-02 
 3.469618e+01  3.014423e-02 
 3.469651e+01  3.014127e-02 
 3.469683e+01  3.013838e-02 
 3.469715e+01  3.013556e-02 
 3.469747e+01  3.013282e-02 
 3.469779e+01  3.013016e-02 
 3.469811e+01  3.012757e-02 
 3.469844e+01  3.012506e-02 
 3.469876e+01  3.012262e-02 
 3.469908e+01  3.012026e-02 
 3.469940e+01  3.011797e-02 
 3.469972e+01  3.011576e-02 
 3.470004e+01  3.011362e-02 
 3.470036e+01  3.011157e-02 
 3.470069e+01  3.010958e-02 
 3.470101e+01  3.010767e-02 
 3.470133e+01  3.010584e-02 
 3.470165e+01  3.010408e-02 
 3.470197e+01  3.010241e-02 
 3.470229e+01  3.010082e-02 
 3.470262e+01  3.009931e-02 
 3.470294e+01  3.009789e-02 
 3.470326e+01  3.009655e-02 
 3.470358e+01  3.009530e-02 
 3.470390e+01  3.009413e-02 
 3.470422e+01  3.009305e-02 
 3.470455e+01  3.009205e-02 
 3.470487e+01  3.009113e-02 
 3.470519e+01  3.009030e-02 
 3.470551e+01  3.008956e-02 
 3.470583e+01  3.008890e-02 
 3.470615e+01  3.008833e-02 
 3.470647e+01  3.008784e-02 
 3.470680e+01  3.008743e-02 
 3.470712e+01  3.008712e-02 
 3.470744e+01  3.008689e-02 
 3.470776e+01  3.008675e-02 
 3.470808e+01  3.008671e-02 
 3.470840e+01  3.008675e-02 
 3.470873e+01  3.008688e-02 
 3.470905e+01  3.008710e-02 
 3.470937e+01  3.008741e-02 
 3.470969e+01  3.008781e-02 
 3.471001e+01  3.008830e-02 
 3.471033e+01  3.008888e-02 
 3.471065e+01  3.008955e-02 
 3.471098e+01  3.009031e-02 
 3.471130e+01  3.009116e-02 
 3.471162e+01  3.009210e-02 
 3.471194e+01  3.009313e-02 
 3.471226e+01  3.009425e-02 
 3.471258e+01  3.009546e-02 
 3.471291e+01  3.009677e-02 
 3.471323e+01  3.009816e-02 
 3.471355e+01  3.009965e-02 
 3.471387e+01  3.010123e-02 
 3.471419e+01  3.010290e-02 
 3.471451e+01  3.010467e-02 
 3.471483e+01  3.010652e-02 
 3.471516e+01  3.010847e-02 
 3.471548e+01  3.011051e-02 
 3.471580e+01  3.011264e-02 
 3.471612e+01  3.011486e-02 
 3.471644e+01  3.011718e-02 
 3.471676e+01  3.011959e-02 
 3.471709e+01  3.012209e-02 
 3.471741e+01  3.012468e-02 
 3.471773e+01  3.012736e-02 
 3.471805e+01  3.013014e-02 
 3.471837e+01  3.013301e-02 
 3.471869e+01  3.013597e-02 
 3.471902e+01  3.013902e-02 
 3.471934e+01  3.014217e-02 
 3.471966e+01  3.014540e-02 
 3.471998e+01  3.014873e-02 
 3.472030e+01  3.015215e-02 
 3.472062e+01  3.015567e-02 
 3.472094e+01  3.015927e-02 
 3.472127e+01  3.016297e-02 
 3.472159e+01  3.016676e-02 
 3.472191e+01  3.017064e-02 
 3.472223e+01  3.017461e-02 
 3.472255e+01  3.017867e-02 
 3.472287e+01  3.018281e-02 
 3.472320e+01  3.018704e-02 
 3.472352e+01  3.019136e-02 
 3.472384e+01  3.019576e-02 
 3.472416e+01  3.020025e-02 
 3.472448e+01  3.020483e-02 
 3.472480e+01  3.020950e-02 
 3.472512e+01  3.021425e-02 
 3.472545e+01  3.021909e-02 
 3.472577e+01  3.022402e-02 
 3.472609e+01  3.022903e-02 
 3.472641e+01  3.023413e-02 
 3.472673e+01  3.023932e-02 
 3.472705e+01  3.024459e-02 
 3.472738e+01  3.024992e-02 
 3.472770e+01  3.025533e-02 
 3.472802e+01  3.026082e-02 
 3.472834e+01  3.026637e-02 
 3.472866e+01  3.027200e-02 
 3.472898e+01  3.027770e-02 
 3.472931e+01  3.028348e-02 
 3.472963e+01  3.028933e-02 
 3.472995e+01  3.029525e-02 
 3.473027e+01  3.030124e-02 
 3.473059e+01  3.030730e-02 
 3.473091e+01  3.031344e-02 
 3.473123e+01  3.031965e-02 
 3.473156e+01  3.032594e-02 
 3.473188e+01  3.033229e-02 
 3.473220e+01  3.033869e-02 
 3.473252e+01  3.034513e-02 
 3.473284e+01  3.035163e-02 
 3.473316e+01  3.035818e-02 
 3.473349e+01  3.036477e-02 
 3.473381e+01  3.037141e-02 
 3.473413e+01  3.037810e-02 
 3.473445e+01  3.038484e-02 
 3.473477e+01  3.039162e-02 
 3.473509e+01  3.039846e-02 
 3.473541e+01  3.040534e-02 
 3.473574e+01  3.041227e-02 
 3.473606e+01  3.041925e-02 
 3.473638e+01  3.042628e-02 
 3.473670e+01  3.043335e-02 
 3.473702e+01  3.044046e-02 
 3.473734e+01  3.044758e-02 
 3.473767e+01  3.045472e-02 
 3.473799e+01  3.046188e-02 
 3.473831e+01  3.046906e-02 
 3.473863e+01  3.047625e-02 
 3.473895e+01  3.048346e-02 
 3.473927e+01  3.049069e-02 
 3.473959e+01  3.049794e-02 
 3.473992e+01  3.050521e-02 
 3.474024e+01  3.051249e-02 
 3.474056e+01  3.051980e-02 
 3.474088e+01  3.052712e-02 
 3.474120e+01  3.053445e-02 
 3.474152e+01  3.054181e-02 
 3.474185e+01  3.054918e-02 
 3.474217e+01  3.055654e-02 
 3.474249e+01  3.056389e-02 
 3.474281e+01  3.057123e-02 
 3.474313e+01  3.057856e-02 
 3.474345e+01  3.058587e-02 
 3.474378e+01  3.059317e-02 
 3.474410e+01  3.060047e-02 
 3.474442e+01  3.060775e-02 
 3.474474e+01  3.061501e-02 
 3.474506e+01  3.062227e-02 
 3.474538e+01  3.062952e-02 
 3.474570e+01  3.063675e-02 
 3.474603e+01  3.064398e-02 
 3.474635e+01  3.065119e-02 
 3.474667e+01  3.065839e-02 
 3.474699e+01  3.066556e-02 
 3.474731e+01  3.067270e-02 
 3.474763e+01  3.067981e-02 
 3.474796e+01  3.068688e-02 
 3.474828e+01  3.069392e-02 
 3.474860e+01  3.070092e-02 
 3.474892e+01  3.070788e-02 
 3.474924e+01  3.071481e-02 
 3.474956e+01  3.072170e-02 
 3.474988e+01  3.072856e-02 
 3.475021e+01  3.073539e-02 
 3.475053e+01  3.074217e-02 
 3.475085e+01  3.074893e-02 
 3.475117e+01  3.075565e-02 
 3.475149e+01  3.076233e-02 
 3.475181e+01  3.076897e-02 
 3.475214e+01  3.077557e-02 
 3.475246e+01  3.078211e-02 
 3.475278e+01  3.078860e-02 
 3.475310e+01  3.079504e-02 
 3.475342e+01  3.080143e-02 
 3.475374e+01  3.080777e-02 
 3.475406e+01  3.081405e-02 
 3.475439e+01  3.082028e-02 
 3.475471e+01  3.082646e-02 
 3.475503e+01  3.083259e-02 
 3.475535e+01  3.083866e-02 
 3.475567e+01  3.084468e-02 
 3.475599e+01  3.085065e-02 
 3.475632e+01  3.085657e-02 
 3.475664e+01  3.086244e-02 
 3.475696e+01  3.086825e-02 
 3.475728e+01  3.087399e-02 
 3.475760e+01  3.087967e-02 
 3.475792e+01  3.088529e-02 
 3.475825e+01  3.089084e-02 
 3.475857e+01  3.089633e-02 
 3.475889e+01  3.090175e-02 
 3.475921e+01  3.090712e-02 
 3.475953e+01  3.091241e-02 
 3.475985e+01  3.091764e-02 
 3.476017e+01  3.092281e-02 
 3.476050e+01  3.092792e-02 
 3.476082e+01  3.093296e-02 
 3.476114e+01  3.093794e-02 
 3.476146e+01  3.094285e-02 
 3.476178e+01  3.094770e-02 
 3.476210e+01  3.095247e-02 
 3.476243e+01  3.095717e-02 
 3.476275e+01  3.096180e-02 
 3.476307e+01  3.096636e-02 
 3.476339e+01  3.097084e-02 
 3.476371e+01  3.097525e-02 
 3.476403e+01  3.097959e-02 
 3.476435e+01  3.098385e-02 
 3.476468e+01  3.098804e-02 
 3.476500e+01  3.099216e-02 
 3.476532e+01  3.099620e-02 
 3.476564e+01  3.100017e-02 
 3.476596e+01  3.100407e-02 
 3.476628e+01  3.100789e-02 
 3.476661e+01  3.101164e-02 
 3.476693e+01  3.101532e-02 
 3.476725e+01  3.101891e-02 
 3.476757e+01  3.102243e-02 
 3.476789e+01  3.102586e-02 
 3.476821e+01  3.102921e-02 
 3.476854e+01  3.103248e-02 
 3.476886e+01  3.103568e-02 
 3.476918e+01  3.103879e-02 
 3.476950e+01  3.104182e-02 
 3.476982e+01  3.104477e-02 
 3.477014e+01  3.104764e-02 
 3.477046e+01  3.105043e-02 
 3.477079e+01  3.105314e-02 
 3.477111e+01  3.105577e-02 
 3.477143e+01  3.105832e-02 
 3.477175e+01  3.106079e-02 
 3.477207e+01  3.106318e-02 
 3.477239e+01  3.106548e-02 
 3.477272e+01  3.106770e-02 
 3.477304e+01  3.106984e-02 
 3.477336e+01  3.107189e-02 
 3.477368e+01  3.107386e-02 
 3.477400e+01  3.107574e-02 
 3.477432e+01  3.107754e-02 
 3.477464e+01  3.107926e-02 
 3.477497e+01  3.108089e-02 
 3.477529e+01  3.108244e-02 
 3.477561e+01  3.108391e-02 
 3.477593e+01  3.108529e-02 
 3.477625e+01  3.108659e-02 
 3.477657e+01  3.108781e-02 
 3.477690e+01  3.108894e-02 
 3.477722e+01  3.108999e-02 
 3.477754e+01  3.109096e-02 
 3.477786e+01  3.109185e-02 
 3.477818e+01  3.109266e-02 
 3.477850e+01  3.109339e-02 
 3.477882e+01  3.109403e-02 
 3.477915e+01  3.109460e-02 
 3.477947e+01  3.109508e-02 
 3.477979e+01  3.109548e-02 
 3.478011e+01  3.109580e-02 
 3.478043e+01  3.109604e-02 
 3.478075e+01  3.109619e-02 
 3.478108e+01  3.109627e-02 
 3.478140e+01  3.109626e-02 
 3.478172e+01  3.109618e-02 
 3.478204e+01  3.109601e-02 
 3.478236e+01  3.109578e-02 
 3.478268e+01  3.109547e-02 
 3.478301e+01  3.109508e-02 
 3.478333e+01  3.109462e-02 
 3.478365e+01  3.109409e-02 
 3.478397e+01  3.109348e-02 
 3.478429e+01  3.109280e-02 
 3.478461e+01  3.109204e-02 
 3.478493e+01  3.109121e-02 
 3.478526e+01  3.109031e-02 
 3.478558e+01  3.108933e-02 
 3.478590e+01  3.108828e-02 
 3.478622e+01  3.108716e-02 
 3.478654e+01  3.108596e-02 
 3.478686e+01  3.108469e-02 
 3.478719e+01  3.108335e-02 
 3.478751e+01  3.108195e-02 
 3.478783e+01  3.108048e-02 
 3.478815e+01  3.107895e-02 
 3.478847e+01  3.107735e-02 
 3.478879e+01  3.107569e-02 
 3.478911e+01  3.107397e-02 
 3.478944e+01  3.107218e-02 
 3.478976e+01  3.107032e-02 
 3.479008e+01  3.106841e-02 
 3.479040e+01  3.106642e-02 
 3.479072e+01  3.106437e-02 
 3.479104e+01  3.106226e-02 
 3.479137e+01  3.106008e-02 
 3.479169e+01  3.105784e-02 
 3.479201e+01  3.105554e-02 
 3.479233e+01  3.105318e-02 
 3.479265e+01  3.105076e-02 
 3.479297e+01  3.104829e-02 
 3.479330e+01  3.104576e-02 
 3.479362e+01  3.104317e-02 
 3.479394e+01  3.104053e-02 
 3.479426e+01  3.103783e-02 
 3.479458e+01  3.103507e-02 
 3.479490e+01  3.103225e-02 
 3.479522e+01  3.102938e-02 
 3.479555e+01  3.102645e-02 
 3.479587e+01  3.102347e-02 
 3.479619e+01  3.102042e-02 
 3.479651e+01  3.101732e-02 
 3.479683e+01  3.101417e-02 
 3.479715e+01  3.101096e-02 
 3.479748e+01  3.100770e-02 
 3.479780e+01  3.100439e-02 
 3.479812e+01  3.100103e-02 
 3.479844e+01  3.099762e-02 
 3.479876e+01  3.099416e-02 
 3.479908e+01  3.099064e-02 
 3.479940e+01  3.098708e-02 
 3.479973e+01  3.098346e-02 
 3.480005e+01  3.097979e-02 
 3.480037e+01  3.097606e-02 
 3.480069e+01  3.097227e-02 
 3.480102e+01  3.096843e-02 
 3.480134e+01  3.096454e-02 
 3.480166e+01  3.096060e-02 
 3.480199e+01  3.095661e-02 
 3.480231e+01  3.095257e-02 
 3.480263e+01  3.094850e-02 
 3.480295e+01  3.094437e-02 
 3.480328e+01  3.094021e-02 
 3.480360e+01  3.093602e-02 
 3.480392e+01  3.093178e-02 
 3.480424e+01  3.092751e-02 
 3.480456e+01  3.092319e-02 
 3.480489e+01  3.091882e-02 
 3.480521e+01  3.091441e-02 
 3.480553e+01  3.090996e-02 
 3.480585e+01  3.090547e-02 
 3.480617e+01  3.090093e-02 
 3.480649e+01  3.089635e-02 
 3.480681e+01  3.089173e-02 
 3.480714e+01  3.088707e-02 
 3.480746e+01  3.088239e-02 
 3.480778e+01  3.087768e-02 
 3.480810e+01  3.087294e-02 
 3.480842e+01  3.086818e-02 
 3.480874e+01  3.086338e-02 
 3.480907e+01  3.085856e-02 
 3.480939e+01  3.085370e-02 
 3.480971e+01  3.084882e-02 
 3.481003e+01  3.084392e-02 
 3.481035e+01  3.083898e-02 
 3.481067e+01  3.083401e-02 
 3.481099e+01  3.082902e-02 
 3.481132e+01  3.082400e-02 
 3.481164e+01  3.081895e-02 
 3.481196e+01  3.081388e-02 
 3.481228e+01  3.080881e-02 
 3.481260e+01  3.080373e-02 
 3.481292e+01  3.079865e-02 
 3.481325e+01  3.079357e-02 
 3.481357e+01  3.078848e-02 
 3.481389e+01  3.078339e-02 
 3.481421e+01  3.077830e-02 
 3.481453e+01  3.077320e-02 
 3.481485e+01  3.076810e-02 
 3.481518e+01  3.076299e-02 
 3.481550e+01  3.075788e-02 
 3.481582e+01  3.075277e-02 
 3.481614e+01  3.074765e-02 
 3.481646e+01  3.074253e-02 
 3.481678e+01  3.073741e-02 
 3.481710e+01  3.073230e-02 
 3.481743e+01  3.072723e-02 
 3.481775e+01  3.072218e-02 
 3.481807e+01  3.071716e-02 
 3.481839e+01  3.071216e-02 
 3.481871e+01  3.070719e-02 
 3.481903e+01  3.070224e-02 
 3.481936e+01  3.069732e-02 
 3.481968e+01  3.069243e-02 
 3.482000e+01  3.068756e-02 
 3.482032e+01  3.068272e-02 
 3.482064e+01  3.067791e-02 
 3.482096e+01  3.067312e-02 
 3.482128e+01  3.066836e-02 
 3.482161e+01  3.066362e-02 
 3.482193e+01  3.065892e-02 
 3.482225e+01  3.065427e-02 
 3.482257e+01  3.064968e-02 
 3.482289e+01  3.064514e-02 
 3.482321e+01  3.064065e-02 
 3.482354e+01  3.063621e-02 
 3.482386e+01  3.063183e-02 
 3.482418e+01  3.062750e-02 
 3.482450e+01  3.062323e-02 
 3.482482e+01  3.061901e-02 
 3.482514e+01  3.061484e-02 
 3.482547e+01  3.061073e-02 
 3.482579e+01  3.060667e-02 
 3.482611e+01  3.060266e-02 
 3.482643e+01  3.059871e-02 
 3.482675e+01  3.059481e-02 
 3.482707e+01  3.059097e-02 
 3.482739e+01  3.058721e-02 
 3.482772e+01  3.058351e-02 
 3.482804e+01  3.057989e-02 
 3.482836e+01  3.057634e-02 
 3.482868e+01  3.057286e-02 
 3.482900e+01  3.056945e-02 
 3.482932e+01  3.056611e-02 
 3.482965e+01  3.056284e-02 
 3.482997e+01  3.055964e-02 
 3.483029e+01  3.055651e-02 
 3.483061e+01  3.055345e-02 
 3.483093e+01  3.055046e-02 
 3.483125e+01  3.054755e-02 
 3.483157e+01  3.054470e-02 
 3.483190e+01  3.054192e-02 
 3.483222e+01  3.053922e-02 
 3.483254e+01  3.053660e-02 
 3.483286e+01  3.053405e-02 
 3.483318e+01  3.053157e-02 
 3.483350e+01  3.052917e-02 
 3.483383e+01  3.052685e-02 
 3.483415e+01  3.052460e-02 
 3.483447e+01  3.052242e-02 
 3.483479e+01  3.052032e-02 
 3.483511e+01  3.051830e-02 
 3.483543e+01  3.051635e-02 
 3.483575e+01  3.051448e-02 
 3.483608e+01  3.051268e-02 
 3.483640e+01  3.051095e-02 
 3.483672e+01  3.050930e-02 
 3.483704e+01  3.050772e-02 
 3.483736e+01  3.050621e-02 
 3.483768e+01  3.050478e-02 
 3.483801e+01  3.050341e-02 
 3.483833e+01  3.050211e-02 
 3.483865e+01  3.050088e-02 
 3.483897e+01  3.049972e-02 
 3.483929e+01  3.049863e-02 
 3.483961e+01  3.049761e-02 
 3.483994e+01  3.049666e-02 
 3.484026e+01  3.049578e-02 
 3.484058e+01  3.049497e-02 
 3.484090e+01  3.049423e-02 
 3.484122e+01  3.049356e-02 
 3.484154e+01  3.049296e-02 
 3.484186e+01  3.049243e-02 
 3.484219e+01  3.049196e-02 
 3.484251e+01  3.049156e-02 
 3.484283e+01  3.049121e-02 
 3.484315e+01  3.049093e-02 
 3.484347e+01  3.049070e-02 
 3.484379e+01  3.049054e-02 
 3.484412e+01  3.049044e-02 
 3.484444e+01  3.049041e-02 
 3.484476e+01  3.049043e-02 
 3.484508e+01  3.049052e-02 
 3.484540e+01  3.049067e-02 
 3.484572e+01  3.049088e-02 
 3.484604e+01  3.049115e-02 
 3.484637e+01  3.049148e-02 
 3.484669e+01  3.049188e-02 
 3.484701e+01  3.049233e-02 
 3.484733e+01  3.049284e-02 
 3.484765e+01  3.049341e-02 
 3.484797e+01  3.049403e-02 
 3.484830e+01  3.049471e-02 
 3.484862e+01  3.049545e-02 
 3.484894e+01  3.049625e-02 
 3.484926e+01  3.049710e-02 
 3.484958e+01  3.049800e-02 
 3.484990e+01  3.049897e-02 
 3.485023e+01  3.049999e-02 
 3.485055e+01  3.050107e-02 
 3.485087e+01  3.050220e-02 
 3.485119e+01  3.050339e-02 
 3.485151e+01  3.050464e-02 
 3.485183e+01  3.050594e-02 
 3.485215e+01  3.050730e-02 
 3.485248e+01  3.050872e-02 
 3.485280e+01  3.051019e-02 
 3.485312e+01  3.051171e-02 
 3.485344e+01  3.051329e-02 
 3.485376e+01  3.051493e-02 
 3.485408e+01  3.051662e-02 
 3.485441e+01  3.051837e-02 
 3.485473e+01  3.052017e-02 
 3.485505e+01  3.052202e-02 
 3.485537e+01  3.052394e-02 
 3.485569e+01  3.052590e-02 
 3.485601e+01  3.052793e-02 
 3.485633e+01  3.053000e-02 
 3.485666e+01  3.053214e-02 
 3.485698e+01  3.053432e-02 
 3.485730e+01  3.053656e-02 
 3.485762e+01  3.053886e-02 
 3.485794e+01  3.054120e-02 
 3.485826e+01  3.054360e-02 
 3.485859e+01  3.054605e-02 
 3.485891e+01  3.054856e-02 
 3.485923e+01  3.055111e-02 
 3.485955e+01  3.055372e-02 
 3.485987e+01  3.055638e-02 
 3.486019e+01  3.055910e-02 
 3.486051e+01  3.056186e-02 
 3.486084e+01  3.056468e-02 
 3.486116e+01  3.056756e-02 
 3.486148e+01  3.057048e-02 
 3.486180e+01  3.057346e-02 
 3.486212e+01  3.057648e-02 
 3.486244e+01  3.057954e-02 
 3.486277e+01  3.058265e-02 
 3.486309e+01  3.058580e-02 
 3.486341e+01  3.058900e-02 
 3.486373e+01  3.059223e-02 
 3.486405e+01  3.059551e-02 
 3.486437e+01  3.059884e-02 
 3.486470e+01  3.060220e-02 
 3.486502e+01  3.060561e-02 
 3.486534e+01  3.060906e-02 
 3.486566e+01  3.061256e-02 
 3.486598e+01  3.061609e-02 
 3.486630e+01  3.061968e-02 
 3.486662e+01  3.062330e-02 
 3.486695e+01  3.062696e-02 
 3.486727e+01  3.063064e-02 
 3.486759e+01  3.063435e-02 
 3.486791e+01  3.063808e-02 
 3.486823e+01  3.064184e-02 
 3.486855e+01  3.064562e-02 
 3.486888e+01  3.064943e-02 
 3.486920e+01  3.065326e-02 
 3.486952e+01  3.065711e-02 
 3.486984e+01  3.066099e-02 
 3.487016e+01  3.066489e-02 
 3.487048e+01  3.066882e-02 
 3.487080e+01  3.067277e-02 
 3.487113e+01  3.067675e-02 
 3.487145e+01  3.068075e-02 
 3.487177e+01  3.068477e-02 
 3.487209e+01  3.068880e-02 
 3.487241e+01  3.069283e-02 
 3.487273e+01  3.069686e-02 
 3.487306e+01  3.070089e-02 
 3.487338e+01  3.070492e-02 
 3.487370e+01  3.070895e-02 
 3.487402e+01  3.071298e-02 
 3.487434e+01  3.071701e-02 
 3.487466e+01  3.072104e-02 
 3.487498e+01  3.072507e-02 
 3.487531e+01  3.072910e-02 
 3.487563e+01  3.073313e-02 
 3.487595e+01  3.073716e-02 
 3.487627e+01  3.074119e-02 
 3.487659e+01  3.074522e-02 
 3.487691e+01  3.074925e-02 
 3.487724e+01  3.075325e-02 
 3.487756e+01  3.075723e-02 
 3.487788e+01  3.076119e-02 
 3.487820e+01  3.076512e-02 
 3.487852e+01  3.076903e-02 
 3.487884e+01  3.077292e-02 
 3.487917e+01  3.077678e-02 
 3.487949e+01  3.078063e-02 
 3.487981e+01  3.078445e-02 
 3.488013e+01  3.078824e-02 
 3.488045e+01  3.079201e-02 
 3.488077e+01  3.079576e-02 
 3.488109e+01  3.079949e-02 
 3.488142e+01  3.080320e-02 
 3.488174e+01  3.080688e-02 
 3.488206e+01  3.081052e-02 
 3.488238e+01  3.081412e-02 
 3.488270e+01  3.081769e-02 
 3.488302e+01  3.082121e-02 
 3.488335e+01  3.082469e-02 
 3.488367e+01  3.082813e-02 
 3.488399e+01  3.083152e-02 
 3.488431e+01  3.083488e-02 
 3.488463e+01  3.083819e-02 
 3.488495e+01  3.084147e-02 
 3.488527e+01  3.084470e-02 
 3.488560e+01  3.084789e-02 
 3.488592e+01  3.085104e-02 
 3.488624e+01  3.085415e-02 
 3.488656e+01  3.085721e-02 
 3.488688e+01  3.086023e-02 
 3.488720e+01  3.086320e-02 
 3.488753e+01  3.086611e-02 
 3.488785e+01  3.086897e-02 
 3.488817e+01  3.087177e-02 
 3.488849e+01  3.087452e-02 
 3.488881e+01  3.087721e-02 
 3.488913e+01  3.087985e-02 
 3.488946e+01  3.088243e-02 
 3.488978e+01  3.088495e-02 
 3.489010e+01  3.088742e-02 
 3.489042e+01  3.088983e-02 
 3.489074e+01  3.089219e-02 
 3.489106e+01  3.089450e-02 
 3.489138e+01  3.089675e-02 
 3.489171e+01  3.089894e-02 
 3.489203e+01  3.090107e-02 
 3.489235e+01  3.090313e-02 
 3.489267e+01  3.090513e-02 
 3.489299e+01  3.090705e-02 
 3.489331e+01  3.090891e-02 
 3.489364e+01  3.091070e-02 
 3.489396e+01  3.091243e-02 
 3.489428e+01  3.091409e-02 
 3.489460e+01  3.091567e-02 
 3.489492e+01  3.091720e-02 
 3.489524e+01  3.091865e-02 
 3.489556e+01  3.092004e-02 
 3.489589e+01  3.092135e-02 
 3.489621e+01  3.092261e-02 
 3.489653e+01  3.092379e-02 
 3.489685e+01  3.092490e-02 
 3.489717e+01  3.092594e-02 
 3.489749e+01  3.092690e-02 
 3.489782e+01  3.092778e-02 
 3.489814e+01  3.092858e-02 
 3.489846e+01  3.092930e-02 
 3.489878e+01  3.092994e-02 
 3.489910e+01  3.093051e-02 
 3.489942e+01  3.093099e-02 
 3.489974e+01  3.093140e-02 
 3.490007e+01  3.093173e-02 
 3.490039e+01  3.093198e-02 
 3.490071e+01  3.093215e-02 
 3.490103e+01  3.093224e-02 
 3.490135e+01  3.093226e-02 
 3.490167e+01  3.093219e-02 
 3.490200e+01  3.093205e-02 
 3.490232e+01  3.093181e-02 
 3.490264e+01  3.093150e-02 
 3.490296e+01  3.093110e-02 
 3.490328e+01  3.093061e-02 
 3.490360e+01  3.093004e-02 
 3.490393e+01  3.092938e-02 
 3.490425e+01  3.092864e-02 
 3.490457e+01  3.092781e-02 
 3.490489e+01  3.092690e-02 
 3.490521e+01  3.092590e-02 
 3.490553e+01  3.092482e-02 
 3.490585e+01  3.092365e-02 
 3.490618e+01  3.092240e-02 
 3.490650e+01  3.092106e-02 
 3.490682e+01  3.091964e-02 
 3.490714e+01  3.091813e-02 
 3.490746e+01  3.091654e-02 
 3.490778e+01  3.091487e-02 
 3.490811e+01  3.091311e-02 
 3.490843e+01  3.091127e-02 
 3.490875e+01  3.090934e-02 
 3.490907e+01  3.090733e-02 
 3.490939e+01  3.090524e-02 
 3.490971e+01  3.090307e-02 
 3.491003e+01  3.090081e-02 
 3.491036e+01  3.089846e-02 
 3.491068e+01  3.089603e-02 
 3.491100e+01  3.089352e-02 
 3.491132e+01  3.089093e-02 
 3.491164e+01  3.088825e-02 
 3.491196e+01  3.088549e-02 
 3.491229e+01  3.088266e-02 
 3.491261e+01  3.087975e-02 
 3.491293e+01  3.087677e-02 
 3.491325e+01  3.087371e-02 
 3.491357e+01  3.087058e-02 
 3.491389e+01  3.086738e-02 
 3.491422e+01  3.086410e-02 
 3.491454e+01  3.086074e-02 
 3.491486e+01  3.085731e-02 
 3.491518e+01  3.085381e-02 
 3.491550e+01  3.085023e-02 
 3.491582e+01  3.084658e-02 
 3.491614e+01  3.084285e-02 
 3.491647e+01  3.083905e-02 
 3.491679e+01  3.083517e-02 
 3.491711e+01  3.083123e-02 
 3.491743e+01  3.082723e-02 
 3.491775e+01  3.082317e-02 
 3.491807e+01  3.081905e-02 
 3.491840e+01  3.081486e-02 
 3.491872e+01  3.081061e-02 
 3.491904e+01  3.080630e-02 
 3.491936e+01  3.080193e-02 
 3.491968e+01  3.079750e-02 
 3.492000e+01  3.079301e-02 
 3.492032e+01  3.078845e-02 
 3.492065e+01  3.078384e-02 
 3.492097e+01  3.077916e-02 
 3.492129e+01  3.077442e-02 
 3.492161e+01  3.076962e-02 
 3.492193e+01  3.076476e-02 
 3.492225e+01  3.075985e-02 
 3.492258e+01  3.075489e-02 
 3.492290e+01  3.074989e-02 
 3.492322e+01  3.074483e-02 
 3.492354e+01  3.073972e-02 
 3.492386e+01  3.073457e-02 
 3.492418e+01  3.072936e-02 
 3.492450e+01  3.072411e-02 
 3.492483e+01  3.071881e-02 
 3.492515e+01  3.071345e-02 
 3.492547e+01  3.070805e-02 
 3.492579e+01  3.070260e-02 
 3.492611e+01  3.069710e-02 
 3.492643e+01  3.069155e-02 
 3.492676e+01  3.068595e-02 
 3.492708e+01  3.068031e-02 
 3.492740e+01  3.067462e-02 
 3.492772e+01  3.066890e-02 
 3.492804e+01  3.066314e-02 
 3.492836e+01  3.065735e-02 
 3.492869e+01  3.065151e-02 
 3.492901e+01  3.064563e-02 
 3.492933e+01  3.063971e-02 
 3.492965e+01  3.063376e-02 
 3.492997e+01  3.062776e-02 
 3.493029e+01  3.062173e-02 
 3.493061e+01  3.061565e-02 
 3.493094e+01  3.060954e-02 
 3.493126e+01  3.060339e-02 
 3.493158e+01  3.059719e-02 
 3.493190e+01  3.059097e-02 
 3.493222e+01  3.058471e-02 
 3.493254e+01  3.057843e-02 
 3.493287e+01  3.057211e-02 
 3.493319e+01  3.056577e-02 
 3.493351e+01  3.055941e-02 
 3.493383e+01  3.055301e-02 
 3.493415e+01  3.054659e-02 
 3.493447e+01  3.054014e-02 
 3.493479e+01  3.053366e-02 
 3.493512e+01  3.052715e-02 
 3.493544e+01  3.052062e-02 
 3.493576e+01  3.051405e-02 
 3.493608e+01  3.050746e-02 
 3.493640e+01  3.050085e-02 
 3.493672e+01  3.049420e-02 
 3.493705e+01  3.048754e-02 
 3.493737e+01  3.048087e-02 
 3.493769e+01  3.047419e-02 
 3.493801e+01  3.046750e-02 
 3.493833e+01  3.046080e-02 
 3.493865e+01  3.045409e-02 
 3.493898e+01  3.044737e-02 
 3.493930e+01  3.044065e-02 
 3.493962e+01  3.043391e-02 
 3.493994e+01  3.042716e-02 
 3.494026e+01  3.042041e-02 
 3.494058e+01  3.041364e-02 
 3.494090e+01  3.040687e-02 
 3.494123e+01  3.040008e-02 
 3.494155e+01  3.039329e-02 
 3.494187e+01  3.038649e-02 
 3.494219e+01  3.037971e-02 
 3.494251e+01  3.037294e-02 
 3.494283e+01  3.036619e-02 
 3.494316e+01  3.035946e-02 
 3.494348e+01  3.035275e-02 
 3.494380e+01  3.034606e-02 
 3.494412e+01  3.033938e-02 
 3.494444e+01  3.033272e-02 
 3.494476e+01  3.032608e-02 
 3.494508e+01  3.031945e-02 
 3.494541e+01  3.031285e-02 
 3.494573e+01  3.030626e-02 
 3.494605e+01  3.029968e-02 
 3.494637e+01  3.029313e-02 
 3.494669e+01  3.028659e-02 
 3.494701e+01  3.028009e-02 
 3.494734e+01  3.027364e-02 
 3.494766e+01  3.026723e-02 
 3.494798e+01  3.026087e-02 
 3.494830e+01  3.025457e-02 
 3.494862e+01  3.024831e-02 
 3.494894e+01  3.024210e-02 
 3.494926e+01  3.023593e-02 
 3.494959e+01  3.022982e-02 
 3.494991e+01  3.022376e-02 
 3.495023e+01  3.021774e-02 
 3.495055e+01  3.021177e-02 
 3.495087e+01  3.020585e-02 
 3.495119e+01  3.019998e-02 
 3.495152e+01  3.019416e-02 
 3.495184e+01  3.018839e-02 
 3.495216e+01  3.018269e-02 
 3.495248e+01  3.017707e-02 
 3.495280e+01  3.017151e-02 
 3.495312e+01  3.016604e-02 
 3.495345e+01  3.016064e-02 
 3.495377e+01  3.015531e-02 
 3.495409e+01  3.015006e-02 
 3.495441e+01  3.014488e-02 
 3.495473e+01  3.013978e-02 
 3.495505e+01  3.013475e-02 
 3.495537e+01  3.012979e-02 
 3.495570e+01  3.012491e-02 
 3.495602e+01  3.012011e-02 
 3.495634e+01  3.011537e-02 
 3.495666e+01  3.011072e-02 
 3.495698e+01  3.010614e-02 
 3.495730e+01  3.010165e-02 
 3.495763e+01  3.009725e-02 
 3.495795e+01  3.009293e-02 
 3.495827e+01  3.008871e-02 
 3.495859e+01  3.008457e-02 
 3.495891e+01  3.008051e-02 
 3.495923e+01  3.007655e-02 
 3.495955e+01  3.007267e-02 
 3.495988e+01  3.006888e-02 
 3.496020e+01  3.006518e-02 
 3.496052e+01  3.006156e-02 
 3.496084e+01  3.005803e-02 
 3.496116e+01  3.005459e-02 
 3.496148e+01  3.005124e-02 
 3.496181e+01  3.004797e-02 
 3.496213e+01  3.004479e-02 
 3.496245e+01  3.004170e-02 
 3.496277e+01  3.003869e-02 
 3.496309e+01  3.003577e-02 
 3.496341e+01  3.003293e-02 
 3.496373e+01  3.003018e-02 
 3.496406e+01  3.002752e-02 
 3.496438e+01  3.002494e-02 
 3.496470e+01  3.002245e-02 
 3.496502e+01  3.002004e-02 
 3.496534e+01  3.001772e-02 
 3.496566e+01  3.001549e-02 
 3.496599e+01  3.001334e-02 
 3.496631e+01  3.001128e-02 
 3.496663e+01  3.000931e-02 
 3.496695e+01  3.000742e-02 
 3.496727e+01  3.000560e-02 
 3.496759e+01  3.000386e-02 
 3.496792e+01  3.000219e-02 
 3.496824e+01  3.000060e-02 
 3.496856e+01  2.999908e-02 
 3.496888e+01  2.999764e-02 
 3.496920e+01  2.999627e-02 
 3.496952e+01  2.999498e-02 
 3.496984e+01  2.999377e-02 
 3.497017e+01  2.999263e-02 
 3.497049e+01  2.999156e-02 
 3.497081e+01  2.999057e-02 
 3.497113e+01  2.998966e-02 
 3.497145e+01  2.998882e-02 
 3.497177e+01  2.998805e-02 
 3.497210e+01  2.998736e-02 
 3.497242e+01  2.998672e-02 
 3.497274e+01  2.998614e-02 
 3.497306e+01  2.998563e-02 
 3.497338e+01  2.998518e-02 
 3.497370e+01  2.998479e-02 
 3.497402e+01  2.998446e-02 
 3.497435e+01  2.998420e-02 
 3.497467e+01  2.998399e-02 
 3.497499e+01  2.998385e-02 
 3.497531e+01  2.998377e-02 
 3.497563e+01  2.998375e-02 
 3.497595e+01  2.998380e-02 
 3.497628e+01  2.998390e-02 
 3.497660e+01  2.998407e-02 
 3.497692e+01  2.998430e-02 
 3.497724e+01  2.998458e-02 
 3.497756e+01  2.998491e-02 
 3.497788e+01  2.998529e-02 
 3.497821e+01  2.998573e-02 
 3.497853e+01  2.998622e-02 
 3.497885e+01  2.998676e-02 
 3.497917e+01  2.998735e-02 
 3.497949e+01  2.998799e-02 
 3.497981e+01  2.998869e-02 
 3.498013e+01  2.998944e-02 
 3.498046e+01  2.999024e-02 
 3.498078e+01  2.999109e-02 
 3.498110e+01  2.999200e-02 
 3.498142e+01  2.999295e-02 
 3.498174e+01  2.999396e-02 
 3.498206e+01  2.999502e-02 
 3.498239e+01  2.999613e-02 
 3.498271e+01  2.999728e-02 
 3.498303e+01  2.999848e-02 
 3.498335e+01  2.999974e-02 
 3.498367e+01  3.000104e-02 
 3.498399e+01  3.000238e-02 
 3.498431e+01  3.000378e-02 
 3.498464e+01  3.000523e-02 
 3.498496e+01  3.000672e-02 
 3.498528e+01  3.000826e-02 
 3.498560e+01  3.000985e-02 
 3.498592e+01  3.001149e-02 
 3.498624e+01  3.001318e-02 
 3.498657e+01  3.001491e-02 
 3.498689e+01  3.001669e-02 
 3.498721e+01  3.001853e-02 
 3.498753e+01  3.002041e-02 
 3.498785e+01  3.002234e-02 
 3.498817e+01  3.002432e-02 
 3.498849e+01  3.002635e-02 
 3.498882e+01  3.002842e-02 
 3.498914e+01  3.003055e-02 
 3.498946e+01  3.003272e-02 
 3.498978e+01  3.003495e-02 
 3.499010e+01  3.003722e-02 
 3.499042e+01  3.003954e-02 
 3.499075e+01  3.004192e-02 
 3.499107e+01  3.004434e-02 
 3.499139e+01  3.004681e-02 
 3.499171e+01  3.004932e-02 
 3.499203e+01  3.005189e-02 
 3.499235e+01  3.005451e-02 
 3.499268e+01  3.005717e-02 
 3.499300e+01  3.005989e-02 
 3.499332e+01  3.006265e-02 
 3.499364e+01  3.006547e-02 
 3.499396e+01  3.006833e-02 
 3.499428e+01  3.007124e-02 
 3.499460e+01  3.007420e-02 
 3.499493e+01  3.007721e-02 
 3.499525e+01  3.008027e-02 
 3.499557e+01  3.008338e-02 
 3.499589e+01  3.008653e-02 
 3.499621e+01  3.008974e-02 
 3.499653e+01  3.009300e-02 
 3.499686e+01  3.009630e-02 
 3.499718e+01  3.009965e-02 
 3.499750e+01  3.010304e-02 
 3.499782e+01  3.010648e-02 
 3.499814e+01  3.010996e-02 
 3.499846e+01  3.011349e-02 
 3.499878e+01  3.011706e-02 
 3.499911e+01  3.012067e-02 
 3.499943e+01  3.012433e-02 
 3.499975e+01  3.012804e-02 
 3.500007e+01  3.013178e-02 
 3.500039e+01  3.013558e-02 
 3.500071e+01  3.013941e-02 
 3.500104e+01  3.014329e-02 
 3.500136e+01  3.014722e-02 
 3.500168e+01  3.015119e-02 
 3.500200e+01  3.015520e-02 
 3.500232e+01  3.015924e-02 
 3.500264e+01  3.016332e-02 
 3.500296e+01  3.016743e-02 
 3.500329e+01  3.017157e-02 
 3.500361e+01  3.017575e-02 
 3.500393e+01  3.017996e-02 
 3.500425e+01  3.018420e-02 
 3.500457e+01  3.018848e-02 
 3.500489e+01  3.019279e-02 
 3.500522e+01  3.019714e-02 
 3.500554e+01  3.020152e-02 
 3.500586e+01  3.020593e-02 
 3.500618e+01  3.021038e-02 
 3.500650e+01  3.021486e-02 
 3.500682e+01  3.021938e-02 
 3.500715e+01  3.022391e-02 
 3.500747e+01  3.022847e-02 
 3.500779e+01  3.023305e-02 
 3.500811e+01  3.023765e-02 
 3.500843e+01  3.024226e-02 
 3.500875e+01  3.024690e-02 
 3.500907e+01  3.025156e-02 
 3.500940e+01  3.025624e-02 
 3.500972e+01  3.026094e-02 
 3.501004e+01  3.026565e-02 
 3.501036e+01  3.027039e-02 
 3.501068e+01  3.027515e-02 
 3.501100e+01  3.027993e-02 
 3.501133e+01  3.028473e-02 
 3.501165e+01  3.028955e-02 
 3.501197e+01  3.029439e-02 
 3.501229e+01  3.029923e-02 
 3.501261e+01  3.030408e-02 
 3.501293e+01  3.030894e-02 
 3.501325e+01  3.031380e-02 
 3.501358e+01  3.031867e-02 
 3.501390e+01  3.032354e-02 
 3.501422e+01  3.032843e-02 
 3.501454e+01  3.033332e-02 
 3.501486e+01  3.033822e-02 
 3.501518e+01  3.034312e-02 
 3.501551e+01  3.034803e-02 
 3.501583e+01  3.035295e-02 
 3.501615e+01  3.035788e-02 
 3.501647e+01  3.036281e-02 
 3.501679e+01  3.036775e-02 
 3.501711e+01  3.037268e-02 
 3.501744e+01  3.037761e-02 
 3.501776e+01  3.038253e-02 
 3.501808e+01  3.038745e-02 
 3.501840e+01  3.039237e-02 
 3.501872e+01  3.039727e-02 
 3.501904e+01  3.040217e-02 
 3.501936e+01  3.040707e-02 
 3.501969e+01  3.041196e-02 
 3.502001e+01  3.041685e-02 
 3.502033e+01  3.042173e-02 
 3.502065e+01  3.042660e-02 
 3.502097e+01  3.043147e-02 
 3.502129e+01  3.043633e-02 
 3.502162e+01  3.044119e-02 
 3.502194e+01  3.044604e-02 
 3.502226e+01  3.045087e-02 
 3.502258e+01  3.045568e-02 
 3.502290e+01  3.046047e-02 
 3.502322e+01  3.046525e-02 
 3.502354e+01  3.047000e-02 
 3.502387e+01  3.047474e-02 
 3.502419e+01  3.047946e-02 
 3.502451e+01  3.048416e-02 
 3.502483e+01  3.048884e-02 
 3.502515e+01  3.049351e-02 
 3.502547e+01  3.049815e-02 
 3.502580e+01  3.050278e-02 
 3.502612e+01  3.050739e-02 
 3.502644e+01  3.051198e-02 
 3.502676e+01  3.051656e-02 
 3.502708e+01  3.052110e-02 
 3.502740e+01  3.052561e-02 
 3.502772e+01  3.053009e-02 
 3.502805e+01  3.053454e-02 
 3.502837e+01  3.053895e-02 
 3.502869e+01  3.054334e-02 
 3.502901e+01  3.054769e-02 
 3.502933e+01  3.055201e-02 
 3.502965e+01  3.055629e-02 
 3.502998e+01  3.056055e-02 
 3.503030e+01  3.056477e-02 
 3.503062e+01  3.056896e-02 
 3.503094e+01  3.057312e-02 
 3.503126e+01  3.057724e-02 
 3.503158e+01  3.058134e-02 
 3.503191e+01  3.058539e-02 
 3.503223e+01  3.058941e-02 
 3.503255e+01  3.059337e-02 
 3.503287e+01  3.059730e-02 
 3.503319e+01  3.060117e-02 
 3.503351e+01  3.060501e-02 
 3.503383e+01  3.060879e-02 
 3.503416e+01  3.061254e-02 
 3.503448e+01  3.061623e-02 
 3.503480e+01  3.061988e-02 
 3.503512e+01  3.062349e-02 
 3.503544e+01  3.062705e-02 
 3.503576e+01  3.063057e-02 
 3.503609e+01  3.063404e-02 
 3.503641e+01  3.063746e-02 
 3.503673e+01  3.064084e-02 
 3.503705e+01  3.064417e-02 
 3.503737e+01  3.064745e-02 
 3.503769e+01  3.065067e-02 
 3.503801e+01  3.065385e-02 
 3.503834e+01  3.065696e-02 
 3.503866e+01  3.066003e-02 
 3.503898e+01  3.066304e-02 
 3.503930e+01  3.066600e-02 
 3.503962e+01  3.066891e-02 
 3.503994e+01  3.067176e-02 
 3.504027e+01  3.067456e-02 
 3.504059e+01  3.067731e-02 
 3.504091e+01  3.068000e-02 
 3.504123e+01  3.068264e-02 
 3.504155e+01  3.068523e-02 
 3.504187e+01  3.068776e-02 
 3.504219e+01  3.069025e-02 
 3.504252e+01  3.069268e-02 
 3.504284e+01  3.069506e-02 
 3.504316e+01  3.069739e-02 
 3.504348e+01  3.069967e-02 
 3.504380e+01  3.070189e-02 
 3.504412e+01  3.070406e-02 
 3.504445e+01  3.070619e-02 
 3.504477e+01  3.070826e-02 
 3.504509e+01  3.071027e-02 
 3.504541e+01  3.071224e-02 
 3.504573e+01  3.071416e-02 
 3.504605e+01  3.071602e-02 
 3.504638e+01  3.071783e-02 
 3.504670e+01  3.071959e-02 
 3.504702e+01  3.072131e-02 
 3.504734e+01  3.072298e-02 
 3.504766e+01  3.072461e-02 
 3.504798e+01  3.072620e-02 
 3.504830e+01  3.072775e-02 
 3.504863e+01  3.072926e-02 
 3.504895e+01  3.073073e-02 
 3.504927e+01  3.073216e-02 
 3.504959e+01  3.073354e-02 
 3.504991e+01  3.073489e-02 
 3.505023e+01  3.073619e-02 
 3.505056e+01  3.073745e-02 
 3.505088e+01  3.073867e-02 
 3.505120e+01  3.073985e-02 
 3.505152e+01  3.074099e-02 
 3.505184e+01  3.074209e-02 
 3.505216e+01  3.074317e-02 
 3.505248e+01  3.074421e-02 
 3.505281e+01  3.074524e-02 
 3.505313e+01  3.074623e-02 
 3.505345e+01  3.074720e-02 
 3.505377e+01  3.074815e-02 
 3.505409e+01  3.074906e-02 
 3.505441e+01  3.074996e-02 
 3.505474e+01  3.075083e-02 
 3.505506e+01  3.075167e-02 
 3.505538e+01  3.075248e-02 
 3.505570e+01  3.075327e-02 
 3.505602e+01  3.075404e-02 
 3.505634e+01  3.075478e-02 
 3.505667e+01  3.075549e-02 
 3.505699e+01  3.075618e-02 
 3.505731e+01  3.075686e-02 
 3.505763e+01  3.075753e-02 
 3.505795e+01  3.075819e-02 
 3.505827e+01  3.075884e-02 
 3.505859e+01  3.075947e-02 
 3.505892e+01  3.076009e-02 
 3.505924e+01  3.076070e-02 
 3.505956e+01  3.076130e-02 
 3.505988e+01  3.076188e-02 
 3.506020e+01  3.076245e-02 
 3.506052e+01  3.076301e-02 
 3.506085e+01  3.076356e-02 
 3.506117e+01  3.076410e-02 
 3.506149e+01  3.076462e-02 
 3.506181e+01  3.076514e-02 
 3.506213e+01  3.076564e-02 
 3.506245e+01  3.076615e-02 
 3.506277e+01  3.076664e-02 
 3.506310e+01  3.076714e-02 
 3.506342e+01  3.076763e-02 
 3.506374e+01  3.076811e-02 
 3.506406e+01  3.076859e-02 
 3.506438e+01  3.076906e-02 
 3.506470e+01  3.076953e-02 
 3.506503e+01  3.077000e-02 
 3.506535e+01  3.077046e-02 
 3.506567e+01  3.077092e-02 
 3.506599e+01  3.077137e-02 
 3.506631e+01  3.077181e-02 
 3.506663e+01  3.077226e-02 
 3.506695e+01  3.077270e-02 
 3.506728e+01  3.077313e-02 
 3.506760e+01  3.077356e-02 
 3.506792e+01  3.077399e-02 
 3.506824e+01  3.077442e-02 
 3.506856e+01  3.077484e-02 
 3.506888e+01  3.077526e-02 
 3.506921e+01  3.077568e-02 
 3.506953e+01  3.077609e-02 
 3.506985e+01  3.077650e-02 
 3.507017e+01  3.077691e-02 
 3.507049e+01  3.077732e-02 
 3.507081e+01  3.077772e-02 
 3.507114e+01  3.077812e-02 
 3.507146e+01  3.077851e-02 
 3.507178e+01  3.077890e-02 
 3.507210e+01  3.077929e-02 
 3.507242e+01  3.077968e-02 
 3.507274e+01  3.078006e-02 
 3.507306e+01  3.078044e-02 
 3.507339e+01  3.078081e-02 
 3.507371e+01  3.078118e-02 
 3.507403e+01  3.078154e-02 
 3.507435e+01  3.078190e-02 
 3.507467e+01  3.078226e-02 
 3.507499e+01  3.078261e-02 
 3.507532e+01  3.078296e-02 
 3.507564e+01  3.078330e-02 
 3.507596e+01  3.078364e-02 
 3.507628e+01  3.078398e-02 
 3.507660e+01  3.078431e-02 
 3.507692e+01  3.078464e-02 
 3.507724e+01  3.078497e-02 
 3.507757e+01  3.078529e-02 
 3.507789e+01  3.078560e-02 
 3.507821e+01  3.078592e-02 
 3.507853e+01  3.078623e-02 
 3.507885e+01  3.078653e-02 
 3.507917e+01  3.078683e-02 
 3.507950e+01  3.078713e-02 
 3.507982e+01  3.078742e-02 
 3.508014e+01  3.078771e-02 
 3.508046e+01  3.078800e-02 
 3.508078e+01  3.078828e-02 
 3.508110e+01  3.078856e-02 
 3.508143e+01  3.078884e-02 
 3.508175e+01  3.078911e-02 
 3.508207e+01  3.078937e-02 
 3.508239e+01  3.078964e-02 
 3.508271e+01  3.078991e-02 
 3.508303e+01  3.079017e-02 
 3.508335e+01  3.079044e-02 
 3.508368e+01  3.079070e-02 
 3.508400e+01  3.079096e-02 
 3.508432e+01  3.079122e-02 
 3.508464e+01  3.079148e-02 
 3.508496e+01  3.079174e-02 
 3.508528e+01  3.079200e-02 
 3.508561e+01  3.079226e-02 
 3.508593e+01  3.079251e-02 
 3.508625e+01  3.079276e-02 
 3.508657e+01  3.079302e-02 
 3.508689e+01  3.079327e-02 
 3.508721e+01  3.079353e-02 
 3.508753e+01  3.079378e-02 
 3.508786e+01  3.079405e-02 
 3.508818e+01  3.079431e-02 
 3.508850e+01  3.079458e-02 
 3.508882e+01  3.079485e-02 
 3.508914e+01  3.079513e-02 
 3.508946e+01  3.079540e-02 
 3.508979e+01  3.079568e-02 
 3.509011e+01  3.079597e-02 
 3.509043e+01  3.079625e-02 
 3.509075e+01  3.079654e-02 
 3.509107e+01  3.079684e-02 
 3.509139e+01  3.079713e-02 
 3.509171e+01  3.079743e-02 
 3.509204e+01  3.079774e-02 
 3.509236e+01  3.079805e-02 
 3.509268e+01  3.079837e-02 
 3.509300e+01  3.079870e-02 
 3.509332e+01  3.079903e-02 
 3.509364e+01  3.079937e-02 
 3.509397e+01  3.079972e-02 
 3.509429e+01  3.080007e-02 
 3.509461e+01  3.080043e-02 
 3.509493e+01  3.080080e-02 
 3.509525e+01  3.080117e-02 
 3.509557e+01  3.080155e-02 
 3.509590e+01  3.080194e-02 
 3.509622e+01  3.080234e-02 
 3.509654e+01  3.080274e-02 
 3.509686e+01  3.080315e-02 
 3.509718e+01  3.080357e-02 
 3.509750e+01  3.080400e-02 
 3.509782e+01  3.080443e-02 
 3.509815e+01  3.080488e-02 
 3.509847e+01  3.080533e-02 
 3.509879e+01  3.080579e-02 
 3.509911e+01  3.080626e-02 
 3.509943e+01  3.080674e-02 
 3.509975e+01  3.080723e-02 
 3.510008e+01  3.080772e-02 
 3.510040e+01  3.080823e-02 
 3.510072e+01  3.080874e-02 
 3.510104e+01  3.080927e-02 
 3.510136e+01  3.080980e-02 
 3.510168e+01  3.081034e-02 
 3.510200e+01  3.081088e-02 
 3.510233e+01  3.081144e-02 
 3.510265e+01  3.081200e-02 
 3.510297e+01  3.081257e-02 
 3.510329e+01  3.081315e-02 
 3.510361e+01  3.081374e-02 
 3.510393e+01  3.081433e-02 
 3.510426e+01  3.081493e-02 
 3.510458e+01  3.081554e-02 
 3.510490e+01  3.081616e-02 
 3.510522e+01  3.081678e-02 
 3.510554e+01  3.081741e-02 
 3.510586e+01  3.081805e-02 
 3.510619e+01  3.081870e-02 
 3.510651e+01  3.081935e-02 
 3.510683e+01  3.082001e-02 
 3.510715e+01  3.082068e-02 
 3.510747e+01  3.082135e-02 
 3.510779e+01  3.082202e-02 
 3.510811e+01  3.082270e-02 
 3.510844e+01  3.082337e-02 
 3.510876e+01  3.082406e-02 
 3.510908e+01  3.082474e-02 
 3.510940e+01  3.082543e-02 
 3.510972e+01  3.082613e-02 
 3.511004e+01  3.082682e-02 
 3.511037e+01  3.082753e-02 
 3.511069e+01  3.082823e-02 
 3.511101e+01  3.082894e-02 
 3.511133e+01  3.082965e-02 
 3.511165e+01  3.083036e-02 
 3.511197e+01  3.083108e-02 
 3.511229e+01  3.083179e-02 
 3.511262e+01  3.083250e-02 
 3.511294e+01  3.083320e-02 
 3.511326e+01  3.083390e-02 
 3.511358e+01  3.083460e-02 
 3.511390e+01  3.083529e-02 
 3.511422e+01  3.083598e-02 
 3.511455e+01  3.083667e-02 
 3.511487e+01  3.083735e-02 
 3.511519e+01  3.083803e-02 
 3.511551e+01  3.083871e-02 
 3.511583e+01  3.083938e-02 
 3.511615e+01  3.084005e-02 
 3.511647e+01  3.084072e-02 
 3.511680e+01  3.084138e-02 
 3.511712e+01  3.084203e-02 
 3.511744e+01  3.084266e-02 
 3.511776e+01  3.084329e-02 
 3.511808e+01  3.084390e-02 
 3.511840e+01  3.084450e-02 
 3.511873e+01  3.084508e-02 
 3.511905e+01  3.084565e-02 
 3.511937e+01  3.084621e-02 
 3.511969e+01  3.084676e-02 
 3.512001e+01  3.084729e-02 
 3.512033e+01  3.084781e-02 
 3.512066e+01  3.084832e-02 
 3.512098e+01  3.084881e-02 
 3.512130e+01  3.084930e-02 
 3.512162e+01  3.084976e-02 
 3.512194e+01  3.085022e-02 
 3.512226e+01  3.085065e-02 
 3.512258e+01  3.085105e-02 
 3.512291e+01  3.085143e-02 
 3.512323e+01  3.085179e-02 
 3.512355e+01  3.085213e-02 
 3.512387e+01  3.085245e-02 
 3.512419e+01  3.085274e-02 
 3.512451e+01  3.085300e-02 
 3.512484e+01  3.085325e-02 
 3.512516e+01  3.085347e-02 
 3.512548e+01  3.085367e-02 
 3.512580e+01  3.085385e-02 
 3.512612e+01  3.085400e-02 
 3.512644e+01  3.085413e-02 
 3.512676e+01  3.085424e-02 
 3.512709e+01  3.085431e-02 
 3.512741e+01  3.085436e-02 
 3.512773e+01  3.085438e-02 
 3.512805e+01  3.085436e-02 
 3.512837e+01  3.085432e-02 
 3.512869e+01  3.085424e-02 
 3.512902e+01  3.085413e-02 
 3.512934e+01  3.085399e-02 
 3.512966e+01  3.085382e-02 
 3.512998e+01  3.085362e-02 
 3.513030e+01  3.085339e-02 
 3.513062e+01  3.085313e-02 
 3.513094e+01  3.085284e-02 
 3.513127e+01  3.085252e-02 
 3.513159e+01  3.085216e-02 
 3.513191e+01  3.085178e-02 
 3.513223e+01  3.085136e-02 
 3.513255e+01  3.085090e-02 
 3.513287e+01  3.085042e-02 
 3.513320e+01  3.084990e-02 
 3.513352e+01  3.084935e-02 
 3.513384e+01  3.084876e-02 
 3.513416e+01  3.084814e-02 
 3.513448e+01  3.084749e-02 
 3.513480e+01  3.084680e-02 
 3.513513e+01  3.084609e-02 
 3.513545e+01  3.084533e-02 
 3.513577e+01  3.084455e-02 
 3.513609e+01  3.084373e-02 
 3.513641e+01  3.084288e-02 
 3.513673e+01  3.084199e-02 
 3.513705e+01  3.084107e-02 
 3.513738e+01  3.084013e-02 
 3.513770e+01  3.083915e-02 
 3.513802e+01  3.083815e-02 
 3.513834e+01  3.083712e-02 
 3.513866e+01  3.083606e-02 
 3.513898e+01  3.083497e-02 
 3.513931e+01  3.083385e-02 
 3.513963e+01  3.083270e-02 
 3.513995e+01  3.083153e-02 
 3.514027e+01  3.083032e-02 
 3.514059e+01  3.082909e-02 
 3.514091e+01  3.082783e-02 
 3.514123e+01  3.082654e-02 
 3.514156e+01  3.082522e-02 
 3.514188e+01  3.082387e-02 
 3.514220e+01  3.082250e-02 
 3.514252e+01  3.082112e-02 
 3.514284e+01  3.081972e-02 
 3.514316e+01  3.081829e-02 
 3.514349e+01  3.081685e-02 
 3.514381e+01  3.081539e-02 
 3.514413e+01  3.081391e-02 
 3.514445e+01  3.081242e-02 
 3.514477e+01  3.081090e-02 
 3.514509e+01  3.080937e-02 
 3.514542e+01  3.080781e-02 
 3.514574e+01  3.080624e-02 
 3.514606e+01  3.080465e-02 
 3.514638e+01  3.080304e-02 
 3.514670e+01  3.080141e-02 
 3.514702e+01  3.079977e-02 
 3.514734e+01  3.079812e-02 
 3.514767e+01  3.079647e-02 
 3.514799e+01  3.079481e-02 
 3.514831e+01  3.079314e-02 
 3.514863e+01  3.079146e-02 
 3.514895e+01  3.078977e-02 
 3.514927e+01  3.078808e-02 
 3.514960e+01  3.078638e-02 
 3.514992e+01  3.078468e-02 
 3.515024e+01  3.078296e-02 
 3.515056e+01  3.078124e-02 
 3.515088e+01  3.077951e-02 
 3.515120e+01  3.077777e-02 
 3.515152e+01  3.077603e-02 
 3.515185e+01  3.077428e-02 
 3.515217e+01  3.077253e-02 
 3.515249e+01  3.077078e-02 
 3.515281e+01  3.076903e-02 
 3.515313e+01  3.076727e-02 
 3.515345e+01  3.076552e-02 
 3.515378e+01  3.076377e-02 
 3.515410e+01  3.076202e-02 
 3.515442e+01  3.076026e-02 
 3.515474e+01  3.075851e-02 
 3.515506e+01  3.075676e-02 
 3.515538e+01  3.075500e-02 
 3.515570e+01  3.075325e-02 
 3.515603e+01  3.075150e-02 
 3.515635e+01  3.074974e-02 
 3.515667e+01  3.074799e-02 
 3.515699e+01  3.074623e-02 
 3.515731e+01  3.074448e-02 
 3.515763e+01  3.074273e-02 
 3.515796e+01  3.074097e-02 
 3.515828e+01  3.073922e-02 
 3.515860e+01  3.073746e-02 
 3.515892e+01  3.073571e-02 
 3.515924e+01  3.073396e-02 
 3.515956e+01  3.073220e-02 
 3.515989e+01  3.073045e-02 
 3.516021e+01  3.072870e-02 
 3.516053e+01  3.072694e-02 
 3.516085e+01  3.072519e-02 
 3.516117e+01  3.072344e-02 
 3.516149e+01  3.072169e-02 
 3.516181e+01  3.071993e-02 
 3.516214e+01  3.071818e-02 
 3.516246e+01  3.071641e-02 
 3.516278e+01  3.071464e-02 
 3.516310e+01  3.071287e-02 
 3.516342e+01  3.071109e-02 
 3.516374e+01  3.070931e-02 
 3.516407e+01  3.070752e-02 
 3.516439e+01  3.070573e-02 
 3.516471e+01  3.070393e-02 
 3.516503e+01  3.070212e-02 
 3.516535e+01  3.070031e-02 
 3.516567e+01  3.069850e-02 
 3.516599e+01  3.069668e-02 
 3.516632e+01  3.069485e-02 
 3.516664e+01  3.069302e-02 
 3.516696e+01  3.069118e-02 
 3.516728e+01  3.068933e-02 
 3.516760e+01  3.068747e-02 
 3.516792e+01  3.068559e-02 
 3.516825e+01  3.068370e-02 
 3.516857e+01  3.068180e-02 
 3.516889e+01  3.067989e-02 
 3.516921e+01  3.067797e-02 
 3.516953e+01  3.067603e-02 
 3.516985e+01  3.067408e-02 
 3.517018e+01  3.067212e-02 
 3.517050e+01  3.067015e-02 
 3.517082e+01  3.066816e-02 
 3.517114e+01  3.066616e-02 
 3.517146e+01  3.066415e-02 
 3.517178e+01  3.066213e-02 
 3.517210e+01  3.066009e-02 
 3.517243e+01  3.065804e-02 
 3.517275e+01  3.065597e-02 
 3.517307e+01  3.065388e-02 
 3.517339e+01  3.065177e-02 
 3.517371e+01  3.064965e-02 
 3.517403e+01  3.064751e-02 
 3.517436e+01  3.064536e-02 
 3.517468e+01  3.064319e-02 
 3.517500e+01  3.064100e-02 
 3.517532e+01  3.063879e-02 
 3.517564e+01  3.063657e-02 
 3.517596e+01  3.063433e-02 
 3.517628e+01  3.063208e-02 
 3.517661e+01  3.062980e-02 
 3.517693e+01  3.062752e-02 
 3.517725e+01  3.062521e-02 
 3.517757e+01  3.062289e-02 
 3.517789e+01  3.062054e-02 
 3.517821e+01  3.061819e-02 
 3.517854e+01  3.061581e-02 
 3.517886e+01  3.061342e-02 
 3.517918e+01  3.061101e-02 
 3.517950e+01  3.060858e-02 
 3.517982e+01  3.060613e-02 
 3.518014e+01  3.060367e-02 
 3.518046e+01  3.060119e-02 
 3.518079e+01  3.059869e-02 
 3.518111e+01  3.059618e-02 
 3.518143e+01  3.059365e-02 
 3.518175e+01  3.059110e-02 
 3.518207e+01  3.058853e-02 
 3.518239e+01  3.058595e-02 
 3.518272e+01  3.058336e-02 
 3.518304e+01  3.058075e-02 
 3.518336e+01  3.057812e-02 
 3.518368e+01  3.057548e-02 
 3.518400e+01  3.057282e-02 
 3.518432e+01  3.057015e-02 
 3.518465e+01  3.056746e-02 
 3.518497e+01  3.056475e-02 
 3.518529e+01  3.056204e-02 
 3.518561e+01  3.055930e-02 
 3.518593e+01  3.055655e-02 
 3.518625e+01  3.055379e-02 
 3.518657e+01  3.055101e-02 
 3.518690e+01  3.054821e-02 
 3.518722e+01  3.054540e-02 
 3.518754e+01  3.054258e-02 
 3.518786e+01  3.053974e-02 
 3.518818e+01  3.053689e-02 
 3.518850e+01  3.053402e-02 
 3.518883e+01  3.053114e-02 
 3.518915e+01  3.052825e-02 
 3.518947e+01  3.052534e-02 
 3.518979e+01  3.052242e-02 
 3.519011e+01  3.051948e-02 
 3.519043e+01  3.051653e-02 
 3.519075e+01  3.051357e-02 
 3.519108e+01  3.051059e-02 
 3.519140e+01  3.050760e-02 
 3.519172e+01  3.050460e-02 
 3.519204e+01  3.050158e-02 
 3.519236e+01  3.049854e-02 
 3.519268e+01  3.049549e-02 
 3.519301e+01  3.049243e-02 
 3.519333e+01  3.048935e-02 
 3.519365e+01  3.048626e-02 
 3.519397e+01  3.048315e-02 
 3.519429e+01  3.048003e-02 
 3.519461e+01  3.047689e-02 
 3.519493e+01  3.047373e-02 
 3.519526e+01  3.047057e-02 
 3.519558e+01  3.046738e-02 
 3.519590e+01  3.046419e-02 
 3.519622e+01  3.046098e-02 
 3.519654e+01  3.045775e-02 
 3.519686e+01  3.045451e-02 
 3.519719e+01  3.045125e-02 
 3.519751e+01  3.044797e-02 
 3.519783e+01  3.044468e-02 
 3.519815e+01  3.044137e-02 
 3.519847e+01  3.043804e-02 
 3.519879e+01  3.043469e-02 
 3.519912e+01  3.043133e-02 
 3.519944e+01  3.042795e-02 
 3.519976e+01  3.042455e-02 
 3.520008e+01  3.042114e-02 
 3.520040e+01  3.041771e-02 
 3.520072e+01  3.041426e-02 
 3.520104e+01  3.041079e-02 
 3.520137e+01  3.040731e-02 
 3.520169e+01  3.040381e-02 
 3.520201e+01  3.040029e-02 
 3.520233e+01  3.039675e-02 
 3.520265e+01  3.039320e-02 
 3.520297e+01  3.038962e-02 
 3.520330e+01  3.038602e-02 
 3.520362e+01  3.038241e-02 
 3.520394e+01  3.037878e-02 
 3.520426e+01  3.037513e-02 
 3.520458e+01  3.037146e-02 
 3.520490e+01  3.036777e-02 
 3.520522e+01  3.036406e-02 
 3.520555e+01  3.036033e-02 
 3.520587e+01  3.035658e-02 
 3.520619e+01  3.035282e-02 
 3.520651e+01  3.034903e-02 
 3.520683e+01  3.034523e-02 
 3.520715e+01  3.034141e-02 
 3.520748e+01  3.033757e-02 
 3.520780e+01  3.033371e-02 
 3.520812e+01  3.032984e-02 
 3.520844e+01  3.032594e-02 
 3.520876e+01  3.032203e-02 
 3.520908e+01  3.031810e-02 
 3.520940e+01  3.031415e-02 
 3.520973e+01  3.031018e-02 
 3.521005e+01  3.030620e-02 
 3.521037e+01  3.030219e-02 
 3.521069e+01  3.029817e-02 
 3.521101e+01  3.029413e-02 
 3.521133e+01  3.029007e-02 
 3.521166e+01  3.028599e-02 
 3.521198e+01  3.028190e-02 
 3.521230e+01  3.027779e-02 
 3.521262e+01  3.027367e-02 
 3.521294e+01  3.026953e-02 
 3.521326e+01  3.026538e-02 
 3.521359e+01  3.026121e-02 
 3.521391e+01  3.025702e-02 
 3.521423e+01  3.025282e-02 
 3.521455e+01  3.024861e-02 
 3.521487e+01  3.024438e-02 
 3.521519e+01  3.024013e-02 
 3.521551e+01  3.023587e-02 
 3.521584e+01  3.023159e-02 
 3.521616e+01  3.022730e-02 
 3.521648e+01  3.022300e-02 
 3.521680e+01  3.021867e-02 
 3.521712e+01  3.021434e-02 
 3.521744e+01  3.020999e-02 
 3.521777e+01  3.020563e-02 
 3.521809e+01  3.020126e-02 
 3.521841e+01  3.019688e-02 
 3.521873e+01  3.019249e-02 
 3.521905e+01  3.018808e-02 
 3.521937e+01  3.018366e-02 
 3.521969e+01  3.017923e-02 
 3.522002e+01  3.017479e-02 
 3.522034e+01  3.017033e-02 
 3.522066e+01  3.016586e-02 
 3.522098e+01  3.016139e-02 
 3.522130e+01  3.015689e-02 
 3.522162e+01  3.015239e-02 
 3.522195e+01  3.014787e-02 
 3.522227e+01  3.014335e-02 
 3.522259e+01  3.013881e-02 
 3.522291e+01  3.013426e-02 
 3.522323e+01  3.012970e-02 
 3.522355e+01  3.012513e-02 
 3.522387e+01  3.012055e-02 
 3.522420e+01  3.011596e-02 
 3.522452e+01  3.011135e-02 
 3.522484e+01  3.010674e-02 
 3.522516e+01  3.010211e-02 
 3.522548e+01  3.009747e-02 
 3.522580e+01  3.009283e-02 
 3.522613e+01  3.008817e-02 
 3.522645e+01  3.008350e-02 
 3.522677e+01  3.007882e-02 
 3.522709e+01  3.007412e-02 
 3.522741e+01  3.006942e-02 
 3.522773e+01  3.006470e-02 
 3.522806e+01  3.005997e-02 
 3.522838e+01  3.005522e-02 
 3.522870e+01  3.005047e-02 
 3.522902e+01  3.004570e-02 
 3.522934e+01  3.004092e-02 
 3.522966e+01  3.003612e-02 
 3.522998e+01  3.003132e-02 
 3.523031e+01  3.002650e-02 
 3.523063e+01  3.002166e-02 
 3.523095e+01  3.001682e-02 
 3.523127e+01  3.001196e-02 
 3.523159e+01  3.000709e-02 
 3.523191e+01  3.000221e-02 
 3.523224e+01  2.999731e-02 
 3.523256e+01  2.999240e-02 
 3.523288e+01  2.998747e-02 
 3.523320e+01  2.998253e-02 
 3.523352e+01  2.997758e-02 
 3.523384e+01  2.997260e-02 
 3.523416e+01  2.996762e-02 
 3.523449e+01  2.996262e-02 
 3.523481e+01  2.995760e-02 
 3.523513e+01  2.995257e-02 
 3.523545e+01  2.994752e-02 
 3.523577e+01  2.994246e-02 
 3.523609e+01  2.993739e-02 
 3.523642e+01  2.993230e-02 
 3.523674e+01  2.992719e-02 
 3.523706e+01  2.992207e-02 
 3.523738e+01  2.991694e-02 
 3.523770e+01  2.991179e-02 
 3.523802e+01  2.990662e-02 
 3.523835e+01  2.990144e-02 
 3.523867e+01  2.989625e-02 
 3.523899e+01  2.989104e-02 
 3.523931e+01  2.988581e-02 
 3.523963e+01  2.988057e-02 
 3.523995e+01  2.987532e-02 
 3.524027e+01  2.987005e-02 
 3.524060e+01  2.986476e-02 
 3.524092e+01  2.985947e-02 
 3.524124e+01  2.985415e-02 
 3.524156e+01  2.984882e-02 
 3.524188e+01  2.984348e-02 
 3.524220e+01  2.983812e-02 
 3.524253e+01  2.983276e-02 
 3.524285e+01  2.982738e-02 
 3.524317e+01  2.982200e-02 
 3.524349e+01  2.981660e-02 
 3.524381e+01  2.981119e-02 
 3.524413e+01  2.980578e-02 
 3.524445e+01  2.980035e-02 
 3.524478e+01  2.979491e-02 
 3.524510e+01  2.978946e-02 
 3.524542e+01  2.978400e-02 
 3.524574e+01  2.977853e-02 
 3.524606e+01  2.977305e-02 
 3.524638e+01  2.976755e-02 
 3.524671e+01  2.976205e-02 
 3.524703e+01  2.975654e-02 
 3.524735e+01  2.975103e-02 
 3.524767e+01  2.974552e-02 
 3.524799e+01  2.974000e-02 
 3.524831e+01  2.973448e-02 
 3.524864e+01  2.972896e-02 
 3.524896e+01  2.972344e-02 
 3.524928e+01  2.971791e-02 
 3.524960e+01  2.971239e-02 
 3.524992e+01  2.970686e-02 
 3.525024e+01  2.970133e-02 
 3.525056e+01  2.969579e-02 
 3.525089e+01  2.969026e-02 
 3.525121e+01  2.968472e-02 
 3.525153e+01  2.967918e-02 
 3.525185e+01  2.967364e-02 
 3.525217e+01  2.966810e-02 
 3.525249e+01  2.966257e-02 
 3.525282e+01  2.965705e-02 
 3.525314e+01  2.965154e-02 
 3.525346e+01  2.964604e-02 
 3.525378e+01  2.964054e-02 
 3.525410e+01  2.963506e-02 
 3.525442e+01  2.962958e-02 
 3.525474e+01  2.962411e-02 
 3.525507e+01  2.961864e-02 
 3.525539e+01  2.961319e-02 
 3.525571e+01  2.960774e-02 
 3.525603e+01  2.960230e-02 
 3.525635e+01  2.959687e-02 
 3.525667e+01  2.959144e-02 
 3.525700e+01  2.958603e-02 
 3.525732e+01  2.958063e-02 
 3.525764e+01  2.957526e-02 
 3.525796e+01  2.956990e-02 
 3.525828e+01  2.956455e-02 
 3.525860e+01  2.955922e-02 
 3.525892e+01  2.955392e-02 
 3.525925e+01  2.954862e-02 
 3.525957e+01  2.954335e-02 
 3.525989e+01  2.953809e-02 
 3.526021e+01  2.953285e-02 
 3.526053e+01  2.952762e-02 
 3.526085e+01  2.952242e-02 
 3.526118e+01  2.951723e-02 
 3.526150e+01  2.951205e-02 
 3.526182e+01  2.950690e-02 
 3.526214e+01  2.950176e-02 
 3.526246e+01  2.949665e-02 
 3.526278e+01  2.949157e-02 
 3.526311e+01  2.948650e-02 
 3.526343e+01  2.948147e-02 
 3.526375e+01  2.947645e-02 
 3.526407e+01  2.947146e-02 
 3.526439e+01  2.946649e-02 
 3.526471e+01  2.946154e-02 
 3.526503e+01  2.945662e-02 
 3.526536e+01  2.945172e-02 
 3.526568e+01  2.944685e-02 
 3.526600e+01  2.944200e-02 
 3.526632e+01  2.943717e-02 
 3.526664e+01  2.943237e-02 
 3.526696e+01  2.942759e-02 
 3.526729e+01  2.942283e-02 
 3.526761e+01  2.941811e-02 
 3.526793e+01  2.941341e-02 
 3.526825e+01  2.940874e-02 
 3.526857e+01  2.940409e-02 
 3.526889e+01  2.939948e-02 
 3.526921e+01  2.939488e-02 
 3.526954e+01  2.939032e-02 
 3.526986e+01  2.938578e-02 
 3.527018e+01  2.938127e-02 
 3.527050e+01  2.937679e-02 
 3.527082e+01  2.937233e-02 
 3.527114e+01  2.936790e-02 
 3.527147e+01  2.936350e-02 
 3.527179e+01  2.935912e-02 
 3.527211e+01  2.935477e-02 
 3.527243e+01  2.935045e-02 
 3.527275e+01  2.934616e-02 
 3.527307e+01  2.934190e-02 
 3.527339e+01  2.933766e-02 
 3.527372e+01  2.933345e-02 
 3.527404e+01  2.932927e-02 
 3.527436e+01  2.932511e-02 
 3.527468e+01  2.932099e-02 
 3.527500e+01  2.931689e-02 
 3.527532e+01  2.931282e-02 
 3.527565e+01  2.930877e-02 
 3.527597e+01  2.930476e-02 
 3.527629e+01  2.930077e-02 
 3.527661e+01  2.929681e-02 
 3.527693e+01  2.929288e-02 
 3.527725e+01  2.928897e-02 
 3.527758e+01  2.928509e-02 
 3.527790e+01  2.928124e-02 
 3.527822e+01  2.927741e-02 
 3.527854e+01  2.927361e-02 
 3.527886e+01  2.926984e-02 
 3.527918e+01  2.926610e-02 
 3.527950e+01  2.926238e-02 
 3.527983e+01  2.925869e-02 
 3.528015e+01  2.925502e-02 
 3.528047e+01  2.925138e-02 
 3.528079e+01  2.924777e-02 
 3.528111e+01  2.924419e-02 
 3.528143e+01  2.924063e-02 
 3.528176e+01  2.923710e-02 
 3.528208e+01  2.923359e-02 
 3.528240e+01  2.923011e-02 
 3.528272e+01  2.922665e-02 
 3.528304e+01  2.922322e-02 
 3.528336e+01  2.921981e-02 
 3.528368e+01  2.921643e-02 
 3.528401e+01  2.921307e-02 
 3.528433e+01  2.920973e-02 
 3.528465e+01  2.920642e-02 
 3.528497e+01  2.920314e-02 
 3.528529e+01  2.919988e-02 
 3.528561e+01  2.919664e-02 
 3.528594e+01  2.919343e-02 
 3.528626e+01  2.919024e-02 
 3.528658e+01  2.918708e-02 
 3.528690e+01  2.918394e-02 
 3.528722e+01  2.918082e-02 
 3.528754e+01  2.917773e-02 
 3.528787e+01  2.917465e-02 
 3.528819e+01  2.917160e-02 
 3.528851e+01  2.916857e-02 
 3.528883e+01  2.916557e-02 
 3.528915e+01  2.916258e-02 
 3.528947e+01  2.915962e-02 
 3.528979e+01  2.915667e-02 
 3.529012e+01  2.915376e-02 
 3.529044e+01  2.915086e-02 
 3.529076e+01  2.914798e-02 
 3.529108e+01  2.914513e-02 
 3.529140e+01  2.914230e-02 
 3.529172e+01  2.913949e-02 
 3.529205e+01  2.913670e-02 
 3.529237e+01  2.913393e-02 
 3.529269e+01  2.913118e-02 
 3.529301e+01  2.912845e-02 
 3.529333e+01  2.912573e-02 
 3.529365e+01  2.912304e-02 
 3.529397e+01  2.912037e-02 
 3.529430e+01  2.911772e-02 
 3.529462e+01  2.911509e-02 
 3.529494e+01  2.911248e-02 
 3.529526e+01  2.910988e-02 
 3.529558e+01  2.910731e-02 
 3.529590e+01  2.910476e-02 
 3.529623e+01  2.910222e-02 
 3.529655e+01  2.909971e-02 
 3.529687e+01  2.909721e-02 
 3.529719e+01  2.909474e-02 
 3.529751e+01  2.909228e-02 
 3.529783e+01  2.908984e-02 
 3.529815e+01  2.908742e-02 
 3.529848e+01  2.908501e-02 
 3.529880e+01  2.908263e-02 
 3.529912e+01  2.908026e-02 
 3.529944e+01  2.907792e-02 
 3.529976e+01  2.907559e-02 
 3.530008e+01  2.907327e-02 
 3.530041e+01  2.907098e-02 
 3.530073e+01  2.906870e-02 
 3.530105e+01  2.906645e-02 
 3.530137e+01  2.906421e-02 
 3.530169e+01  2.906199e-02 
 3.530201e+01  2.905979e-02 
 3.530234e+01  2.905760e-02 
 3.530266e+01  2.905543e-02 
 3.530298e+01  2.905328e-02 
 3.530330e+01  2.905115e-02 
 3.530362e+01  2.904903e-02 
 3.530394e+01  2.904693e-02 
 3.530426e+01  2.904485e-02 
 3.530459e+01  2.904278e-02 
 3.530491e+01  2.904073e-02 
 3.530523e+01  2.903870e-02 
 3.530555e+01  2.903669e-02 
 3.530587e+01  2.903469e-02 
 3.530619e+01  2.903271e-02 
 3.530652e+01  2.903075e-02 
 3.530684e+01  2.902880e-02 
 3.530716e+01  2.902687e-02 
 3.530748e+01  2.902496e-02 
 3.530780e+01  2.902306e-02 
 3.530812e+01  2.902117e-02 
 3.530844e+01  2.901930e-02 
 3.530877e+01  2.901745e-02 
 3.530909e+01  2.901561e-02 
 3.530941e+01  2.901378e-02 
 3.530973e+01  2.901197e-02 
 3.531005e+01  2.901017e-02 
 3.531037e+01  2.900839e-02 
 3.531070e+01  2.900663e-02 
 3.531102e+01  2.900488e-02 
 3.531134e+01  2.900314e-02 
 3.531166e+01  2.900142e-02 
 3.531198e+01  2.899971e-02 
 3.531230e+01  2.899802e-02 
 3.531262e+01  2.899633e-02 
 3.531295e+01  2.899465e-02 
 3.531327e+01  2.899299e-02 
 3.531359e+01  2.899133e-02 
 3.531391e+01  2.898969e-02 
 3.531423e+01  2.898806e-02 
 3.531455e+01  2.898643e-02 
 3.531488e+01  2.898482e-02 
 3.531520e+01  2.898322e-02 
 3.531552e+01  2.898163e-02 
 3.531584e+01  2.898005e-02 
 3.531616e+01  2.897848e-02 
 3.531648e+01  2.897692e-02 
 3.531681e+01  2.897537e-02 
 3.531713e+01  2.897382e-02 
 3.531745e+01  2.897228e-02 
 3.531777e+01  2.897074e-02 
 3.531809e+01  2.896921e-02 
 3.531841e+01  2.896768e-02 
 3.531873e+01  2.896615e-02 
 3.531906e+01  2.896463e-02 
 3.531938e+01  2.896311e-02 
 3.531970e+01  2.896160e-02 
 3.532002e+01  2.896008e-02 
 3.532034e+01  2.895858e-02 
 3.532066e+01  2.895707e-02 
 3.532099e+01  2.895557e-02 
 3.532131e+01  2.895408e-02 
 3.532163e+01  2.895258e-02 
 3.532195e+01  2.895109e-02 
 3.532227e+01  2.894960e-02 
 3.532259e+01  2.894810e-02 
 3.532291e+01  2.894660e-02 
 3.532324e+01  2.894509e-02 
 3.532356e+01  2.894358e-02 
 3.532388e+01  2.894206e-02 
 3.532420e+01  2.894054e-02 
 3.532452e+01  2.893902e-02 
 3.532484e+01  2.893750e-02 
 3.532517e+01  2.893596e-02 
 3.532549e+01  2.893443e-02 
 3.532581e+01  2.893289e-02 
 3.532613e+01  2.893135e-02 
 3.532645e+01  2.892980e-02 
 3.532677e+01  2.892825e-02 
 3.532710e+01  2.892669e-02 
 3.532742e+01  2.892512e-02 
 3.532774e+01  2.892354e-02 
 3.532806e+01  2.892195e-02 
 3.532838e+01  2.892035e-02 
 3.532870e+01  2.891874e-02 
 3.532902e+01  2.891712e-02 
 3.532935e+01  2.891549e-02 
 3.532967e+01  2.891385e-02 
 3.532999e+01  2.891220e-02 
 3.533031e+01  2.891053e-02 
 3.533063e+01  2.890886e-02 
 3.533095e+01  2.890718e-02 
 3.533128e+01  2.890548e-02 
 3.533160e+01  2.890378e-02 
 3.533192e+01  2.890206e-02 
 3.533224e+01  2.890033e-02 
 3.533256e+01  2.889859e-02 
 3.533288e+01  2.889683e-02 
 3.533320e+01  2.889506e-02 
 3.533353e+01  2.889328e-02 
 3.533385e+01  2.889148e-02 
 3.533417e+01  2.888966e-02 
 3.533449e+01  2.888784e-02 
 3.533481e+01  2.888599e-02 
 3.533513e+01  2.888414e-02 
 3.533546e+01  2.888227e-02 
 3.533578e+01  2.888039e-02 
 3.533610e+01  2.887849e-02 
 3.533642e+01  2.887658e-02 
 3.533674e+01  2.887465e-02 
 3.533706e+01  2.887271e-02 
 3.533738e+01  2.887075e-02 
 3.533771e+01  2.886879e-02 
 3.533803e+01  2.886680e-02 
 3.533835e+01  2.886480e-02 
 3.533867e+01  2.886279e-02 
 3.533899e+01  2.886076e-02 
 3.533931e+01  2.885872e-02 
 3.533964e+01  2.885666e-02 
 3.533996e+01  2.885458e-02 
 3.534028e+01  2.885250e-02 
 3.534060e+01  2.885039e-02 
 3.534092e+01  2.884828e-02 
 3.534124e+01  2.884615e-02 
 3.534157e+01  2.884400e-02 
 3.534189e+01  2.884184e-02 
 3.534221e+01  2.883966e-02 
 3.534253e+01  2.883747e-02 
 3.534285e+01  2.883527e-02 
 3.534317e+01  2.883306e-02 
 3.534349e+01  2.883083e-02 
 3.534382e+01  2.882859e-02 
 3.534414e+01  2.882633e-02 
 3.534446e+01  2.882406e-02 
 3.534478e+01  2.882178e-02 
 3.534510e+01  2.881948e-02 
 3.534542e+01  2.881717e-02 
 3.534575e+01  2.881485e-02 
 3.534607e+01  2.881251e-02 
 3.534639e+01  2.881016e-02 
 3.534671e+01  2.880779e-02 
 3.534703e+01  2.880541e-02 
 3.534735e+01  2.880303e-02 
 3.534767e+01  2.880062e-02 
 3.534800e+01  2.879821e-02 
 3.534832e+01  2.879578e-02 
 3.534864e+01  2.879335e-02 
 3.534896e+01  2.879090e-02 
 3.534928e+01  2.878844e-02 
 3.534960e+01  2.878596e-02 
 3.534993e+01  2.878348e-02 
 3.535025e+01  2.878098e-02 
 3.535057e+01  2.877847e-02 
 3.535089e+01  2.877595e-02 
 3.535121e+01  2.877341e-02 
 3.535153e+01  2.877087e-02 
 3.535185e+01  2.876831e-02 
 3.535218e+01  2.876574e-02 
 3.535250e+01  2.876316e-02 
 3.535282e+01  2.876057e-02 
 3.535314e+01  2.875797e-02 
 3.535346e+01  2.875536e-02 
 3.535378e+01  2.875274e-02 
 3.535411e+01  2.875010e-02 
 3.535443e+01  2.874746e-02 
 3.535475e+01  2.874480e-02 
 3.535507e+01  2.874213e-02 
 3.535539e+01  2.873945e-02 
 3.535571e+01  2.873677e-02 
 3.535604e+01  2.873407e-02 
 3.535636e+01  2.873135e-02 
 3.535668e+01  2.872863e-02 
 3.535700e+01  2.872590e-02 
 3.535732e+01  2.872316e-02 
 3.535764e+01  2.872041e-02 
 3.535796e+01  2.871764e-02 
 3.535829e+01  2.871487e-02 
 3.535861e+01  2.871209e-02 
 3.535893e+01  2.870929e-02 
 3.535925e+01  2.870649e-02 
 3.535957e+01  2.870368e-02 
 3.535989e+01  2.870085e-02 
 3.536022e+01  2.869802e-02 
 3.536054e+01  2.869518e-02 
 3.536086e+01  2.869232e-02 
 3.536118e+01  2.868946e-02 
 3.536150e+01  2.868659e-02 
 3.536182e+01  2.868370e-02 
 3.536214e+01  2.868081e-02 
 3.536247e+01  2.867791e-02 
 3.536279e+01  2.867500e-02 
 3.536311e+01  2.867209e-02 
 3.536343e+01  2.866916e-02 
 3.536375e+01  2.866623e-02 
 3.536407e+01  2.866329e-02 
 3.536440e+01  2.866034e-02 
 3.536472e+01  2.865738e-02 
 3.536504e+01  2.865442e-02 
 3.536536e+01  2.865145e-02 
 3.536568e+01  2.864847e-02 
 3.536600e+01  2.864548e-02 
 3.536633e+01  2.864248e-02 
 3.536665e+01  2.863947e-02 
 3.536697e+01  2.863646e-02 
 3.536729e+01  2.863345e-02 
 3.536761e+01  2.863043e-02 
 3.536793e+01  2.862741e-02 
 3.536825e+01  2.862438e-02 
 3.536858e+01  2.862135e-02 
 3.536890e+01  2.861832e-02 
 3.536922e+01  2.861528e-02 
 3.536954e+01  2.861224e-02 
 3.536986e+01  2.860919e-02 
 3.537018e+01  2.860615e-02 
 3.537051e+01  2.860309e-02 
 3.537083e+01  2.860004e-02 
 3.537115e+01  2.859698e-02 
 3.537147e+01  2.859392e-02 
 3.537179e+01  2.859085e-02 
 3.537211e+01  2.858779e-02 
 3.537243e+01  2.858473e-02 
 3.537276e+01  2.858167e-02 
 3.537308e+01  2.857862e-02 
 3.537340e+01  2.857556e-02 
 3.537372e+01  2.857252e-02 
 3.537404e+01  2.856947e-02 
 3.537436e+01  2.856644e-02 
 3.537469e+01  2.856340e-02 
 3.537501e+01  2.856037e-02 
 3.537533e+01  2.855734e-02 
 3.537565e+01  2.855431e-02 
 3.537597e+01  2.855129e-02 
 3.537629e+01  2.854827e-02 
 3.537661e+01  2.854525e-02 
 3.537694e+01  2.854224e-02 
 3.537726e+01  2.853925e-02 
 3.537758e+01  2.853626e-02 
 3.537790e+01  2.853329e-02 
 3.537822e+01  2.853033e-02 
 3.537854e+01  2.852738e-02 
 3.537887e+01  2.852444e-02 
 3.537919e+01  2.852152e-02 
 3.537951e+01  2.851861e-02 
 3.537983e+01  2.851571e-02 
 3.538015e+01  2.851282e-02 
 3.538047e+01  2.850994e-02 
 3.538080e+01  2.850708e-02 
 3.538112e+01  2.850423e-02 
 3.538144e+01  2.850139e-02 
 3.538176e+01  2.849856e-02 
 3.538208e+01  2.849575e-02 
 3.538240e+01  2.849296e-02 
 3.538272e+01  2.849020e-02 
 3.538305e+01  2.848745e-02 
 3.538337e+01  2.848472e-02 
 3.538369e+01  2.848202e-02 
 3.538401e+01  2.847933e-02 
 3.538433e+01  2.847667e-02 
 3.538465e+01  2.847402e-02 
 3.538498e+01  2.847140e-02 
 3.538530e+01  2.846879e-02 
 3.538562e+01  2.846621e-02 
 3.538594e+01  2.846365e-02 
 3.538626e+01  2.846111e-02 
 3.538658e+01  2.845859e-02 
 3.538690e+01  2.845609e-02 
 3.538723e+01  2.845361e-02 
 3.538755e+01  2.845117e-02 
 3.538787e+01  2.844875e-02 
 3.538819e+01  2.844636e-02 
 3.538851e+01  2.844399e-02 
 3.538883e+01  2.844165e-02 
 3.538916e+01  2.843934e-02 
 3.538948e+01  2.843706e-02 
 3.538980e+01  2.843480e-02 
 3.539012e+01  2.843257e-02 
 3.539044e+01  2.843036e-02 
 3.539076e+01  2.842819e-02 
 3.539109e+01  2.842604e-02 
 3.539141e+01  2.842391e-02 
 3.539173e+01  2.842182e-02 
 3.539205e+01  2.841975e-02 
 3.539237e+01  2.841772e-02 
 3.539269e+01  2.841571e-02 
 3.539301e+01  2.841374e-02 
 3.539334e+01  2.841179e-02 
 3.539366e+01  2.840988e-02 
 3.539398e+01  2.840800e-02 
 3.539430e+01  2.840615e-02 
 3.539462e+01  2.840432e-02 
 3.539494e+01  2.840254e-02 
 3.539527e+01  2.840078e-02 
 3.539559e+01  2.839905e-02 
 3.539591e+01  2.839735e-02 
 3.539623e+01  2.839568e-02 
 3.539655e+01  2.839405e-02 
 3.539687e+01  2.839244e-02 
 3.539719e+01  2.839087e-02 
 3.539752e+01  2.838933e-02 
 3.539784e+01  2.838783e-02 
 3.539816e+01  2.838635e-02 
 3.539848e+01  2.838491e-02 
 3.539880e+01  2.838350e-02 
 3.539912e+01  2.838213e-02 
 3.539945e+01  2.838078e-02 
 3.539977e+01  2.837947e-02 
 3.540009e+01  2.837820e-02 
 3.540041e+01  2.837695e-02 
 3.540073e+01  2.837574e-02 
 3.540105e+01  2.837456e-02 
 3.540137e+01  2.837342e-02 
 3.540170e+01  2.837230e-02 
 3.540202e+01  2.837122e-02 
 3.540234e+01  2.837018e-02 
 3.540266e+01  2.836917e-02 
 3.540298e+01  2.836819e-02 
 3.540330e+01  2.836724e-02 
 3.540363e+01  2.836633e-02 
 3.540395e+01  2.836546e-02 
 3.540427e+01  2.836461e-02 
 3.540459e+01  2.836380e-02 
 3.540491e+01  2.836303e-02 
 3.540523e+01  2.836229e-02 
 3.540556e+01  2.836158e-02 
 3.540588e+01  2.836091e-02 
 3.540620e+01  2.836027e-02 
 3.540652e+01  2.835966e-02 
 3.540684e+01  2.835909e-02 
 3.540716e+01  2.835856e-02 
 3.540748e+01  2.835805e-02 
 3.540781e+01  2.835759e-02 
 3.540813e+01  2.835715e-02 
 3.540845e+01  2.835676e-02 
 3.540877e+01  2.835639e-02 
 3.540909e+01  2.835606e-02 
 3.540941e+01  2.835577e-02 
 3.540974e+01  2.835551e-02 
 3.541006e+01  2.835528e-02 
 3.541038e+01  2.835509e-02 
 3.541070e+01  2.835493e-02 
 3.541102e+01  2.835481e-02 
 3.541134e+01  2.835472e-02 
 3.541166e+01  2.835467e-02 
 3.541199e+01  2.835465e-02 
 3.541231e+01  2.835466e-02 
 3.541263e+01  2.835471e-02 
 3.541295e+01  2.835480e-02 
 3.541327e+01  2.835491e-02 
 3.541359e+01  2.835506e-02 
 3.541392e+01  2.835525e-02 
 3.541424e+01  2.835547e-02 
 3.541456e+01  2.835572e-02 
 3.541488e+01  2.835600e-02 
 3.541520e+01  2.835632e-02 
 3.541552e+01  2.835668e-02 
 3.541584e+01  2.835707e-02 
 3.541617e+01  2.835749e-02 
 3.541649e+01  2.835794e-02 
 3.541681e+01  2.835843e-02 
 3.541713e+01  2.835895e-02 
 3.541745e+01  2.835950e-02 
 3.541777e+01  2.836009e-02 
 3.541810e+01  2.836070e-02 
 3.541842e+01  2.836135e-02 
 3.541874e+01  2.836202e-02 
 3.541906e+01  2.836273e-02 
 3.541938e+01  2.836346e-02 
 3.541970e+01  2.836423e-02 
 3.542003e+01  2.836503e-02 
 3.542035e+01  2.836586e-02 
 3.542067e+01  2.836672e-02 
 3.542099e+01  2.836761e-02 
 3.542131e+01  2.836854e-02 
 3.542163e+01  2.836949e-02 
 3.542195e+01  2.837047e-02 
 3.542228e+01  2.837148e-02 
 3.542260e+01  2.837252e-02 
 3.542292e+01  2.837358e-02 
 3.542324e+01  2.837467e-02 
 3.542356e+01  2.837578e-02 
 3.542388e+01  2.837692e-02 
 3.542421e+01  2.837809e-02 
 3.542453e+01  2.837928e-02 
 3.542485e+01  2.838050e-02 
 3.542517e+01  2.838175e-02 
 3.542549e+01  2.838302e-02 
 3.542581e+01  2.838432e-02 
 3.542613e+01  2.838564e-02 
 3.542646e+01  2.838699e-02 
 3.542678e+01  2.838837e-02 
 3.542710e+01  2.838977e-02 
 3.542742e+01  2.839119e-02 
 3.542774e+01  2.839264e-02 
 3.542806e+01  2.839410e-02 
 3.542839e+01  2.839559e-02 
 3.542871e+01  2.839710e-02 
 3.542903e+01  2.839864e-02 
 3.542935e+01  2.840019e-02 
 3.542967e+01  2.840177e-02 
 3.542999e+01  2.840337e-02 
 3.543032e+01  2.840499e-02 
 3.543064e+01  2.840664e-02 
 3.543096e+01  2.840830e-02 
 3.543128e+01  2.840999e-02 
 3.543160e+01  2.841170e-02 
 3.543192e+01  2.841344e-02 
 3.543224e+01  2.841519e-02 
 3.543257e+01  2.841697e-02 
 3.543289e+01  2.841877e-02 
 3.543321e+01  2.842059e-02 
 3.543353e+01  2.842243e-02 
 3.543385e+01  2.842429e-02 
 3.543417e+01  2.842617e-02 
 3.543450e+01  2.842807e-02 
 3.543482e+01  2.843000e-02 
 3.543514e+01  2.843195e-02 
 3.543546e+01  2.843391e-02 
 3.543578e+01  2.843590e-02 
 3.543610e+01  2.843791e-02 
 3.543642e+01  2.843995e-02 
 3.543675e+01  2.844200e-02 
 3.543707e+01  2.844407e-02 
 3.543739e+01  2.844617e-02 
 3.543771e+01  2.844829e-02 
 3.543803e+01  2.845044e-02 
 3.543835e+01  2.845261e-02 
 3.543868e+01  2.845480e-02 
 3.543900e+01  2.845701e-02 
 3.543932e+01  2.845925e-02 
 3.543964e+01  2.846151e-02 
 3.543996e+01  2.846379e-02 
 3.544028e+01  2.846610e-02 
 3.544060e+01  2.846842e-02 
 3.544093e+01  2.847078e-02 
 3.544125e+01  2.847315e-02 
 3.544157e+01  2.847555e-02 
 3.544189e+01  2.847797e-02 
 3.544221e+01  2.848041e-02 
 3.544253e+01  2.848288e-02 
 3.544286e+01  2.848538e-02 
 3.544318e+01  2.848790e-02 
 3.544350e+01  2.849044e-02 
 3.544382e+01  2.849300e-02 
 3.544414e+01  2.849560e-02 
 3.544446e+01  2.849821e-02 
 3.544479e+01  2.850085e-02 
 3.544511e+01  2.850351e-02 
 3.544543e+01  2.850620e-02 
 3.544575e+01  2.850892e-02 
 3.544607e+01  2.851165e-02 
 3.544639e+01  2.851441e-02 
 3.544671e+01  2.851720e-02 
 3.544704e+01  2.852001e-02 
 3.544736e+01  2.852284e-02 
 3.544768e+01  2.852569e-02 
 3.544800e+01  2.852857e-02 
 3.544832e+01  2.853146e-02 
 3.544864e+01  2.853438e-02 
 3.544897e+01  2.853732e-02 
 3.544929e+01  2.854028e-02 
 3.544961e+01  2.854327e-02 
 3.544993e+01  2.854627e-02 
 3.545025e+01  2.854930e-02 
 3.545057e+01  2.855235e-02 
 3.545089e+01  2.855542e-02 
 3.545122e+01  2.855851e-02 
 3.545154e+01  2.856163e-02 
 3.545186e+01  2.856477e-02 
 3.545218e+01  2.856792e-02 
 3.545250e+01  2.857108e-02 
 3.545282e+01  2.857426e-02 
 3.545315e+01  2.857746e-02 
 3.545347e+01  2.858067e-02 
 3.545379e+01  2.858389e-02 
 3.545411e+01  2.858713e-02 
 3.545443e+01  2.859039e-02 
 3.545475e+01  2.859366e-02 
 3.545508e+01  2.859694e-02 
 3.545540e+01  2.860024e-02 
 3.545572e+01  2.860355e-02 
 3.545604e+01  2.860687e-02 
 3.545636e+01  2.861021e-02 
 3.545668e+01  2.861357e-02 
 3.545700e+01  2.861694e-02 
 3.545733e+01  2.862030e-02 
 3.545765e+01  2.862368e-02 
 3.545797e+01  2.862705e-02 
 3.545829e+01  2.863044e-02 
 3.545861e+01  2.863382e-02 
 3.545893e+01  2.863721e-02 
 3.545926e+01  2.864060e-02 
 3.545958e+01  2.864400e-02 
 3.545990e+01  2.864740e-02 
 3.546022e+01  2.865080e-02 
 3.546054e+01  2.865421e-02 
 3.546086e+01  2.865762e-02 
 3.546118e+01  2.866103e-02 
 3.546151e+01  2.866445e-02 
 3.546183e+01  2.866788e-02 
 3.546215e+01  2.867129e-02 
 3.546247e+01  2.867470e-02 
 3.546279e+01  2.867810e-02 
 3.546311e+01  2.868150e-02 
 3.546344e+01  2.868489e-02 
 3.546376e+01  2.868826e-02 
 3.546408e+01  2.869164e-02 
 3.546440e+01  2.869500e-02 
 3.546472e+01  2.869836e-02 
 3.546504e+01  2.870171e-02 
 3.546536e+01  2.870505e-02 
 3.546569e+01  2.870838e-02 
 3.546601e+01  2.871171e-02 
 3.546633e+01  2.871503e-02 
 3.546665e+01  2.871834e-02 
 3.546697e+01  2.872165e-02 
 3.546729e+01  2.872493e-02 
 3.546762e+01  2.872820e-02 
 3.546794e+01  2.873145e-02 
 3.546826e+01  2.873468e-02 
 3.546858e+01  2.873790e-02 
 3.546890e+01  2.874109e-02 
 3.546922e+01  2.874427e-02 
 3.546955e+01  2.874744e-02 
 3.546987e+01  2.875059e-02 
 3.547019e+01  2.875371e-02 
 3.547051e+01  2.875683e-02 
 3.547083e+01  2.875992e-02 
 3.547115e+01  2.876300e-02 
 3.547147e+01  2.876606e-02 
 3.547180e+01  2.876910e-02 
 3.547212e+01  2.877213e-02 
 3.547244e+01  2.877512e-02 
 3.547276e+01  2.877809e-02 
 3.547308e+01  2.878104e-02 
 3.547340e+01  2.878396e-02 
 3.547373e+01  2.878686e-02 
 3.547405e+01  2.878973e-02 
 3.547437e+01  2.879258e-02 
 3.547469e+01  2.879540e-02 
 3.547501e+01  2.879820e-02 
 3.547533e+01  2.880098e-02 
 3.547565e+01  2.880373e-02 
 3.547598e+01  2.880645e-02 
 3.547630e+01  2.880916e-02 
 3.547662e+01  2.881183e-02 
 3.547694e+01  2.881448e-02 
 3.547726e+01  2.881710e-02 
 3.547758e+01  2.881969e-02 
 3.547791e+01  2.882226e-02 
 3.547823e+01  2.882479e-02 
 3.547855e+01  2.882729e-02 
 3.547887e+01  2.882976e-02 
 3.547919e+01  2.883221e-02 
 3.547951e+01  2.883462e-02 
 3.547984e+01  2.883701e-02 
 3.548016e+01  2.883936e-02 
 3.548048e+01  2.884169e-02 
 3.548080e+01  2.884398e-02 
 3.548112e+01  2.884625e-02 
 3.548144e+01  2.884848e-02 
 3.548176e+01  2.885069e-02 
 3.548209e+01  2.885287e-02 
 3.548241e+01  2.885501e-02 
 3.548273e+01  2.885712e-02 
 3.548305e+01  2.885920e-02 
 3.548337e+01  2.886125e-02 
 3.548369e+01  2.886326e-02 
 3.548402e+01  2.886525e-02 
 3.548434e+01  2.886720e-02 
 3.548466e+01  2.886912e-02 
 3.548498e+01  2.887100e-02 
 3.548530e+01  2.887286e-02 
 3.548562e+01  2.887468e-02 
 3.548594e+01  2.887647e-02 
 3.548627e+01  2.887823e-02 
 3.548659e+01  2.887996e-02 
 3.548691e+01  2.888165e-02 
 3.548723e+01  2.888332e-02 
 3.548755e+01  2.888495e-02 
 3.548787e+01  2.888655e-02 
 3.548820e+01  2.888813e-02 
 3.548852e+01  2.888966e-02 
 3.548884e+01  2.889117e-02 
 3.548916e+01  2.889265e-02 
 3.548948e+01  2.889410e-02 
 3.548980e+01  2.889551e-02 
 3.549012e+01  2.889690e-02 
 3.549045e+01  2.889825e-02 
 3.549077e+01  2.889957e-02 
 3.549109e+01  2.890086e-02 
 3.549141e+01  2.890212e-02 
 3.549173e+01  2.890335e-02 
 3.549205e+01  2.890455e-02 
 3.549238e+01  2.890573e-02 
 3.549270e+01  2.890687e-02 
 3.549302e+01  2.890799e-02 
 3.549334e+01  2.890909e-02 
 3.549366e+01  2.891016e-02 
 3.549398e+01  2.891120e-02 
 3.549431e+01  2.891221e-02 
 3.549463e+01  2.891320e-02 
 3.549495e+01  2.891416e-02 
 3.549527e+01  2.891510e-02 
 3.549559e+01  2.891601e-02 
 3.549591e+01  2.891689e-02 
 3.549623e+01  2.891775e-02 
 3.549656e+01  2.891858e-02 
 3.549688e+01  2.891938e-02 
 3.549720e+01  2.892017e-02 
 3.549752e+01  2.892093e-02 
 3.549784e+01  2.892168e-02 
 3.549816e+01  2.892240e-02 
 3.549849e+01  2.892311e-02 
 3.549881e+01  2.892380e-02 
 3.549913e+01  2.892447e-02 
 3.549945e+01  2.892512e-02 
 3.549977e+01  2.892575e-02 
 3.550009e+01  2.892636e-02 
 3.550041e+01  2.892695e-02 
 3.550074e+01  2.892752e-02 
 3.550106e+01  2.892808e-02 
 3.550138e+01  2.892861e-02 
 3.550170e+01  2.892913e-02 
 3.550202e+01  2.892963e-02 
 3.550234e+01  2.893011e-02 
 3.550267e+01  2.893059e-02 
 3.550299e+01  2.893105e-02 
 3.550331e+01  2.893150e-02 
 3.550363e+01  2.893194e-02 
 3.550395e+01  2.893236e-02 
 3.550427e+01  2.893277e-02 
 3.550459e+01  2.893317e-02 
 3.550492e+01  2.893356e-02 
 3.550524e+01  2.893394e-02 
 3.550556e+01  2.893430e-02 
 3.550588e+01  2.893465e-02 
 3.550620e+01  2.893499e-02 
 3.550652e+01  2.893532e-02 
 3.550685e+01  2.893563e-02 
 3.550717e+01  2.893594e-02 
 3.550749e+01  2.893624e-02 
 3.550781e+01  2.893653e-02 
 3.550813e+01  2.893681e-02 
 3.550845e+01  2.893708e-02 
 3.550878e+01  2.893735e-02 
 3.550910e+01  2.893761e-02 
 3.550942e+01  2.893785e-02 
 3.550974e+01  2.893810e-02 
 3.551006e+01  2.893833e-02 
 3.551038e+01  2.893855e-02 
 3.551070e+01  2.893877e-02 
 3.551103e+01  2.893898e-02 
 3.551135e+01  2.893918e-02 
 3.551167e+01  2.893937e-02 
 3.551199e+01  2.893955e-02 
 3.551231e+01  2.893973e-02 
 3.551263e+01  2.893990e-02 
 3.551296e+01  2.894006e-02 
 3.551328e+01  2.894021e-02 
 3.551360e+01  2.894036e-02 
 3.551392e+01  2.894049e-02 
 3.551424e+01  2.894062e-02 
 3.551456e+01  2.894074e-02 
 3.551488e+01  2.894086e-02 
 3.551521e+01  2.894097e-02 
 3.551553e+01  2.894106e-02 
 3.551585e+01  2.894116e-02 
 3.551617e+01  2.894124e-02 
 3.551649e+01  2.894131e-02 
 3.551681e+01  2.894138e-02 
 3.551714e+01  2.894144e-02 
 3.551746e+01  2.894149e-02 
 3.551778e+01  2.894153e-02 
 3.551810e+01  2.894155e-02 
 3.551842e+01  2.894157e-02 
 3.551874e+01  2.894158e-02 
 3.551907e+01  2.894158e-02 
 3.551939e+01  2.894156e-02 
 3.551971e+01  2.894154e-02 
 3.552003e+01  2.894151e-02 
 3.552035e+01  2.894147e-02 
 3.552067e+01  2.894141e-02 
 3.552099e+01  2.894135e-02 
 3.552132e+01  2.894128e-02 
 3.552164e+01  2.894119e-02 
 3.552196e+01  2.894110e-02 
 3.552228e+01  2.894099e-02 
 3.552260e+01  2.894087e-02 
 3.552292e+01  2.894073e-02 
 3.552325e+01  2.894058e-02 
 3.552357e+01  2.894042e-02 
 3.552389e+01  2.894024e-02 
 3.552421e+01  2.894004e-02 
 3.552453e+01  2.893984e-02 
 3.552485e+01  2.893962e-02 
 3.552517e+01  2.893939e-02 
 3.552550e+01  2.893914e-02 
 3.552582e+01  2.893888e-02 
 3.552614e+01  2.893860e-02 
 3.552646e+01  2.893831e-02 
 3.552678e+01  2.893801e-02 
 3.552710e+01  2.893769e-02 
 3.552743e+01  2.893735e-02 
 3.552775e+01  2.893700e-02 
 3.552807e+01  2.893662e-02 
 3.552839e+01  2.893623e-02 
 3.552871e+01  2.893582e-02 
 3.552903e+01  2.893540e-02 
 3.552935e+01  2.893495e-02 
 3.552968e+01  2.893449e-02 
 3.553000e+01  2.893401e-02 
 3.553032e+01  2.893352e-02 
 3.553064e+01  2.893300e-02 
 3.553096e+01  2.893247e-02 
 3.553128e+01  2.893192e-02 
 3.553161e+01  2.893135e-02 
 3.553193e+01  2.893077e-02 
 3.553225e+01  2.893016e-02 
 3.553257e+01  2.892953e-02 
 3.553289e+01  2.892889e-02 
 3.553321e+01  2.892822e-02 
 3.553354e+01  2.892753e-02 
 3.553386e+01  2.892682e-02 
 3.553418e+01  2.892609e-02 
 3.553450e+01  2.892534e-02 
 3.553482e+01  2.892457e-02 
 3.553514e+01  2.892378e-02 
 3.553546e+01  2.892296e-02 
 3.553579e+01  2.892213e-02 
 3.553611e+01  2.892128e-02 
 3.553643e+01  2.892040e-02 
 3.553675e+01  2.891951e-02 
 3.553707e+01  2.891859e-02 
 3.553739e+01  2.891765e-02 
 3.553772e+01  2.891669e-02 
 3.553804e+01  2.891571e-02 
 3.553836e+01  2.891470e-02 
 3.553868e+01  2.891367e-02 
 3.553900e+01  2.891262e-02 
 3.553932e+01  2.891155e-02 
 3.553964e+01  2.891046e-02 
 3.553997e+01  2.890934e-02 
 3.554029e+01  2.890820e-02 
 3.554061e+01  2.890704e-02 
 3.554093e+01  2.890585e-02 
 3.554125e+01  2.890465e-02 
 3.554157e+01  2.890342e-02 
 3.554190e+01  2.890217e-02 
 3.554222e+01  2.890089e-02 
 3.554254e+01  2.889960e-02 
 3.554286e+01  2.889828e-02 
 3.554318e+01  2.889694e-02 
 3.554350e+01  2.889557e-02 
 3.554383e+01  2.889418e-02 
 3.554415e+01  2.889277e-02 
 3.554447e+01  2.889134e-02 
 3.554479e+01  2.888988e-02 
 3.554511e+01  2.888840e-02 
 3.554543e+01  2.888690e-02 
 3.554575e+01  2.888538e-02 
 3.554608e+01  2.888383e-02 
 3.554640e+01  2.888226e-02 
 3.554672e+01  2.888066e-02 
 3.554704e+01  2.887905e-02 
 3.554736e+01  2.887741e-02 
 3.554768e+01  2.887575e-02 
 3.554801e+01  2.887406e-02 
 3.554833e+01  2.887236e-02 
 3.554865e+01  2.887063e-02 
 3.554897e+01  2.886888e-02 
 3.554929e+01  2.886710e-02 
 3.554961e+01  2.886531e-02 
 3.554993e+01  2.886349e-02 
 3.555026e+01  2.886164e-02 
 3.555058e+01  2.885978e-02 
 3.555090e+01  2.885789e-02 
 3.555122e+01  2.885598e-02 
 3.555154e+01  2.885405e-02 
 3.555186e+01  2.885210e-02 
 3.555219e+01  2.885012e-02 
 3.555251e+01  2.884812e-02 
 3.555283e+01  2.884611e-02 
 3.555315e+01  2.884407e-02 
 3.555347e+01  2.884201e-02 
 3.555379e+01  2.883992e-02 
 3.555411e+01  2.883782e-02 
 3.555444e+01  2.883570e-02 
 3.555476e+01  2.883355e-02 
 3.555508e+01  2.883139e-02 
 3.555540e+01  2.882920e-02 
 3.555572e+01  2.882699e-02 
 3.555604e+01  2.882476e-02 
 3.555637e+01  2.882251e-02 
 3.555669e+01  2.882024e-02 
 3.555701e+01  2.881795e-02 
 3.555733e+01  2.881564e-02 
 3.555765e+01  2.881331e-02 
 3.555797e+01  2.881096e-02 
 3.555830e+01  2.880860e-02 
 3.555862e+01  2.880622e-02 
 3.555894e+01  2.880382e-02 
 3.555926e+01  2.880140e-02 
 3.555958e+01  2.879897e-02 
 3.555990e+01  2.879651e-02 
 3.556022e+01  2.879404e-02 
 3.556055e+01  2.879155e-02 
 3.556087e+01  2.878904e-02 
 3.556119e+01  2.878652e-02 
 3.556151e+01  2.878398e-02 
 3.556183e+01  2.878141e-02 
 3.556215e+01  2.877884e-02 
 3.556248e+01  2.877625e-02 
 3.556280e+01  2.877365e-02 
 3.556312e+01  2.877104e-02 
 3.556344e+01  2.876842e-02 
 3.556376e+01  2.876578e-02 
 3.556408e+01  2.876313e-02 
 3.556440e+01  2.876047e-02 
 3.556473e+01  2.875779e-02 
 3.556505e+01  2.875511e-02 
 3.556537e+01  2.875241e-02 
 3.556569e+01  2.874970e-02 
 3.556601e+01  2.874697e-02 
 3.556633e+01  2.874423e-02 
 3.556666e+01  2.874148e-02 
 3.556698e+01  2.873872e-02 
 3.556730e+01  2.873596e-02 
 3.556762e+01  2.873319e-02 
 3.556794e+01  2.873042e-02 
 3.556826e+01  2.872764e-02 
 3.556859e+01  2.872485e-02 
 3.556891e+01  2.872207e-02 
 3.556923e+01  2.871927e-02 
 3.556955e+01  2.871647e-02 
 3.556987e+01  2.871367e-02 
 3.557019e+01  2.871086e-02 
 3.557051e+01  2.870805e-02 
 3.557084e+01  2.870523e-02 
 3.557116e+01  2.870241e-02 
 3.557148e+01  2.869958e-02 
 3.557180e+01  2.869675e-02 
 3.557212e+01  2.869392e-02 
 3.557244e+01  2.869110e-02 
 3.557277e+01  2.868827e-02 
 3.557309e+01  2.868546e-02 
 3.557341e+01  2.868264e-02 
 3.557373e+01  2.867983e-02 
 3.557405e+01  2.867703e-02 
 3.557437e+01  2.867423e-02 
 3.557469e+01  2.867143e-02 
 3.557502e+01  2.866864e-02 
 3.557534e+01  2.866585e-02 
 3.557566e+01  2.866306e-02 
 3.557598e+01  2.866028e-02 
 3.557630e+01  2.865750e-02 
 3.557662e+01  2.865473e-02 
 3.557695e+01  2.865197e-02 
 3.557727e+01  2.864921e-02 
 3.557759e+01  2.864647e-02 
 3.557791e+01  2.864374e-02 
 3.557823e+01  2.864103e-02 
 3.557855e+01  2.863833e-02 
 3.557887e+01  2.863564e-02 
 3.557920e+01  2.863296e-02 
 3.557952e+01  2.863030e-02 
 3.557984e+01  2.862765e-02 
 3.558016e+01  2.862501e-02 
 3.558048e+01  2.862239e-02 
 3.558080e+01  2.861978e-02 
 3.558113e+01  2.861718e-02 
 3.558145e+01  2.861459e-02 
 3.558177e+01  2.861202e-02 
 3.558209e+01  2.860947e-02 
 3.558241e+01  2.860693e-02 
 3.558273e+01  2.860442e-02 
 3.558306e+01  2.860193e-02 
 3.558338e+01  2.859945e-02 
 3.558370e+01  2.859700e-02 
 3.558402e+01  2.859457e-02 
 3.558434e+01  2.859216e-02 
 3.558466e+01  2.858977e-02 
 3.558498e+01  2.858740e-02 
 3.558531e+01  2.858505e-02 
 3.558563e+01  2.858273e-02 
 3.558595e+01  2.858042e-02 
 3.558627e+01  2.857813e-02 
 3.558659e+01  2.857587e-02 
 3.558691e+01  2.857362e-02 
 3.558724e+01  2.857140e-02 
 3.558756e+01  2.856921e-02 
 3.558788e+01  2.856705e-02 
 3.558820e+01  2.856491e-02 
 3.558852e+01  2.856280e-02 
 3.558884e+01  2.856071e-02 
 3.558916e+01  2.855865e-02 
 3.558949e+01  2.855662e-02 
 3.558981e+01  2.855461e-02 
 3.559013e+01  2.855263e-02 
 3.559045e+01  2.855068e-02 
 3.559077e+01  2.854875e-02 
 3.559109e+01  2.854685e-02 
 3.559142e+01  2.854498e-02 
 3.559174e+01  2.854313e-02 
 3.559206e+01  2.854131e-02 
 3.559238e+01  2.853952e-02 
 3.559270e+01  2.853776e-02 
 3.559302e+01  2.853603e-02 
 3.559334e+01  2.853434e-02 
 3.559367e+01  2.853267e-02 
 3.559399e+01  2.853103e-02 
 3.559431e+01  2.852943e-02 
 3.559463e+01  2.852785e-02 
 3.559495e+01  2.852631e-02 
 3.559527e+01  2.852479e-02 
 3.559560e+01  2.852330e-02 
 3.559592e+01  2.852185e-02 
 3.559624e+01  2.852043e-02 
 3.559656e+01  2.851903e-02 
 3.559688e+01  2.851767e-02 
 3.559720e+01  2.851634e-02 
 3.559753e+01  2.851504e-02 
 3.559785e+01  2.851377e-02 
 3.559817e+01  2.851254e-02 
 3.559849e+01  2.851134e-02 
 3.559881e+01  2.851017e-02 
 3.559913e+01  2.850903e-02 
 3.559945e+01  2.850792e-02 
 3.559978e+01  2.850685e-02 
 3.560010e+01  2.850581e-02 
 3.560042e+01  2.850480e-02 
 3.560074e+01  2.850382e-02 
 3.560106e+01  2.850288e-02 
 3.560138e+01  2.850196e-02 
 3.560171e+01  2.850108e-02 
 3.560203e+01  2.850024e-02 
 3.560235e+01  2.849942e-02 
 3.560267e+01  2.849863e-02 
 3.560299e+01  2.849788e-02 
 3.560331e+01  2.849716e-02 
 3.560363e+01  2.849647e-02 
 3.560396e+01  2.849582e-02 
 3.560428e+01  2.849519e-02 
 3.560460e+01  2.849460e-02 
 3.560492e+01  2.849404e-02 
 3.560524e+01  2.849351e-02 
 3.560556e+01  2.849301e-02 
 3.560589e+01  2.849255e-02 
 3.560621e+01  2.849211e-02 
 3.560653e+01  2.849171e-02 
 3.560685e+01  2.849134e-02 
 3.560717e+01  2.849100e-02 
 3.560749e+01  2.849069e-02 
 3.560781e+01  2.849041e-02 
 3.560814e+01  2.849016e-02 
 3.560846e+01  2.848994e-02 
 3.560878e+01  2.848974e-02 
 3.560910e+01  2.848958e-02 
 3.560942e+01  2.848945e-02 
 3.560974e+01  2.848934e-02 
 3.561007e+01  2.848927e-02 
 3.561039e+01  2.848922e-02 
 3.561071e+01  2.848921e-02 
 3.561103e+01  2.848922e-02 
 3.561135e+01  2.848926e-02 
 3.561167e+01  2.848934e-02 
 3.561200e+01  2.848944e-02 
 3.561232e+01  2.848956e-02 
 3.561264e+01  2.848971e-02 
 3.561296e+01  2.848989e-02 
 3.561328e+01  2.849009e-02 
 3.561360e+01  2.849032e-02 
 3.561392e+01  2.849057e-02 
 3.561425e+01  2.849084e-02 
 3.561457e+01  2.849115e-02 
 3.561489e+01  2.849147e-02 
 3.561521e+01  2.849182e-02 
 3.561553e+01  2.849220e-02 
 3.561585e+01  2.849260e-02 
 3.561618e+01  2.849303e-02 
 3.561650e+01  2.849348e-02 
 3.561682e+01  2.849396e-02 
 3.561714e+01  2.849446e-02 
 3.561746e+01  2.849498e-02 
 3.561778e+01  2.849552e-02 
 3.561810e+01  2.849607e-02 
 3.561843e+01  2.849665e-02 
 3.561875e+01  2.849725e-02 
 3.561907e+01  2.849786e-02 
 3.561939e+01  2.849850e-02 
 3.561971e+01  2.849916e-02 
 3.562003e+01  2.849983e-02 
 3.562036e+01  2.850053e-02 
 3.562068e+01  2.850125e-02 
 3.562100e+01  2.850198e-02 
 3.562132e+01  2.850274e-02 
 3.562164e+01  2.850351e-02 
 3.562196e+01  2.850430e-02 
 3.562229e+01  2.850511e-02 
 3.562261e+01  2.850593e-02 
 3.562293e+01  2.850677e-02 
 3.562325e+01  2.850762e-02 
 3.562357e+01  2.850849e-02 
 3.562389e+01  2.850937e-02 
 3.562421e+01  2.851027e-02 
 3.562454e+01  2.851118e-02 
 3.562486e+01  2.851210e-02 
 3.562518e+01  2.851304e-02 
 3.562550e+01  2.851400e-02 
 3.562582e+01  2.851497e-02 
 3.562614e+01  2.851595e-02 
 3.562647e+01  2.851695e-02 
 3.562679e+01  2.851796e-02 
 3.562711e+01  2.851898e-02 
 3.562743e+01  2.852002e-02 
 3.562775e+01  2.852107e-02 
 3.562807e+01  2.852213e-02 
 3.562839e+01  2.852320e-02 
 3.562872e+01  2.852428e-02 
 3.562904e+01  2.852538e-02 
 3.562936e+01  2.852648e-02 
 3.562968e+01  2.852760e-02 
 3.563000e+01  2.852873e-02 
 3.563032e+01  2.852987e-02 
 3.563065e+01  2.853102e-02 
 3.563097e+01  2.853218e-02 
 3.563129e+01  2.853335e-02 
 3.563161e+01  2.853454e-02 
 3.563193e+01  2.853574e-02 
 3.563225e+01  2.853694e-02 
 3.563257e+01  2.853816e-02 
 3.563290e+01  2.853939e-02 
 3.563322e+01  2.854063e-02 
 3.563354e+01  2.854189e-02 
 3.563386e+01  2.854315e-02 
 3.563418e+01  2.854442e-02 
 3.563450e+01  2.854571e-02 
 3.563483e+01  2.854701e-02 
 3.563515e+01  2.854832e-02 
 3.563547e+01  2.854963e-02 
 3.563579e+01  2.855096e-02 
 3.563611e+01  2.855231e-02 
 3.563643e+01  2.855366e-02 
 3.563676e+01  2.855502e-02 
 3.563708e+01  2.855640e-02 
 3.563740e+01  2.855779e-02 
 3.563772e+01  2.855919e-02 
 3.563804e+01  2.856060e-02 
 3.563836e+01  2.856203e-02 
 3.563868e+01  2.856347e-02 
 3.563901e+01  2.856492e-02 
 3.563933e+01  2.856639e-02 
 3.563965e+01  2.856787e-02 
 3.563997e+01  2.856936e-02 
 3.564029e+01  2.857086e-02 
 3.564061e+01  2.857238e-02 
 3.564094e+01  2.857391e-02 
 3.564126e+01  2.857545e-02 
 3.564158e+01  2.857701e-02 
 3.564190e+01  2.857858e-02 
 3.564222e+01  2.858016e-02 
 3.564254e+01  2.858176e-02 
 3.564286e+01  2.858337e-02 
 3.564319e+01  2.858499e-02 
 3.564351e+01  2.858663e-02 
 3.564383e+01  2.858829e-02 
 3.564415e+01  2.858995e-02 
 3.564447e+01  2.859164e-02 
 3.564479e+01  2.859333e-02 
 3.564512e+01  2.859504e-02 
 3.564544e+01  2.859677e-02 
 3.564576e+01  2.859851e-02 
 3.564608e+01  2.860026e-02 
 3.564640e+01  2.860203e-02 
 3.564672e+01  2.860381e-02 
 3.564705e+01  2.860561e-02 
 3.564737e+01  2.860741e-02 
 3.564769e+01  2.860924e-02 
 3.564801e+01  2.861107e-02 
 3.564833e+01  2.861292e-02 
 3.564865e+01  2.861478e-02 
 3.564897e+01  2.861665e-02 
 3.564930e+01  2.861854e-02 
 3.564962e+01  2.862043e-02 
 3.564994e+01  2.862235e-02 
 3.565026e+01  2.862427e-02 
 3.565058e+01  2.862621e-02 
 3.565090e+01  2.862816e-02 
 3.565123e+01  2.863012e-02 
 3.565155e+01  2.863210e-02 
 3.565187e+01  2.863409e-02 
 3.565219e+01  2.863609e-02 
 3.565251e+01  2.863810e-02 
 3.565283e+01  2.864011e-02 
 3.565315e+01  2.864213e-02 
 3.565348e+01  2.864417e-02 
 3.565380e+01  2.864620e-02 
 3.565412e+01  2.864825e-02 
 3.565444e+01  2.865031e-02 
 3.565476e+01  2.865237e-02 
 3.565508e+01  2.865445e-02 
 3.565541e+01  2.865653e-02 
 3.565573e+01  2.865862e-02 
 3.565605e+01  2.866072e-02 
 3.565637e+01  2.866283e-02 
 3.565669e+01  2.866494e-02 
 3.565701e+01  2.866706e-02 
 3.565733e+01  2.866918e-02 
 3.565766e+01  2.867131e-02 
 3.565798e+01  2.867343e-02 
 3.565830e+01  2.867556e-02 
 3.565862e+01  2.867768e-02 
 3.565894e+01  2.867981e-02 
 3.565926e+01  2.868194e-02 
 3.565959e+01  2.868407e-02 
 3.565991e+01  2.868621e-02 
 3.566023e+01  2.868834e-02 
 3.566055e+01  2.869048e-02 
 3.566087e+01  2.869262e-02 
 3.566119e+01  2.869476e-02 
 3.566152e+01  2.869690e-02 
 3.566184e+01  2.869904e-02 
 3.566216e+01  2.870117e-02 
 3.566248e+01  2.870330e-02 
 3.566280e+01  2.870543e-02 
 3.566312e+01  2.870755e-02 
 3.566344e+01  2.870966e-02 
 3.566377e+01  2.871176e-02 
 3.566409e+01  2.871386e-02 
 3.566441e+01  2.871596e-02 
 3.566473e+01  2.871805e-02 
 3.566505e+01  2.872013e-02 
 3.566537e+01  2.872220e-02 
 3.566570e+01  2.872427e-02 
 3.566602e+01  2.872634e-02 
 3.566634e+01  2.872839e-02 
 3.566666e+01  2.873044e-02 
 3.566698e+01  2.873249e-02 
 3.566730e+01  2.873452e-02 
 3.566762e+01  2.873653e-02 
 3.566795e+01  2.873854e-02 
 3.566827e+01  2.874053e-02 
 3.566859e+01  2.874250e-02 
 3.566891e+01  2.874447e-02 
 3.566923e+01  2.874642e-02 
 3.566955e+01  2.874836e-02 
 3.566988e+01  2.875028e-02 
 3.567020e+01  2.875220e-02 
 3.567052e+01  2.875410e-02 
 3.567084e+01  2.875598e-02 
 3.567116e+01  2.875786e-02 
 3.567148e+01  2.875972e-02 
 3.567180e+01  2.876156e-02 
 3.567213e+01  2.876339e-02 
 3.567245e+01  2.876520e-02 
 3.567277e+01  2.876700e-02 
 3.567309e+01  2.876877e-02 
 3.567341e+01  2.877052e-02 
 3.567373e+01  2.877226e-02 
 3.567406e+01  2.877397e-02 
 3.567438e+01  2.877567e-02 
 3.567470e+01  2.877735e-02 
 3.567502e+01  2.877901e-02 
 3.567534e+01  2.878065e-02 
 3.567566e+01  2.878227e-02 
 3.567599e+01  2.878387e-02 
 3.567631e+01  2.878546e-02 
 3.567663e+01  2.878702e-02 
 3.567695e+01  2.878856e-02 
 3.567727e+01  2.879009e-02 
 3.567759e+01  2.879158e-02 
 3.567791e+01  2.879306e-02 
 3.567824e+01  2.879451e-02 
 3.567856e+01  2.879593e-02 
 3.567888e+01  2.879734e-02 
 3.567920e+01  2.879872e-02 
 3.567952e+01  2.880007e-02 
 3.567984e+01  2.880140e-02 
 3.568017e+01  2.880271e-02 
 3.568049e+01  2.880400e-02 
 3.568081e+01  2.880526e-02 
 3.568113e+01  2.880650e-02 
 3.568145e+01  2.880771e-02 
 3.568177e+01  2.880890e-02 
 3.568209e+01  2.881007e-02 
 3.568242e+01  2.881121e-02 
 3.568274e+01  2.881232e-02 
 3.568306e+01  2.881341e-02 
 3.568338e+01  2.881447e-02 
 3.568370e+01  2.881551e-02 
 3.568402e+01  2.881652e-02 
 3.568435e+01  2.881751e-02 
 3.568467e+01  2.881846e-02 
 3.568499e+01  2.881940e-02 
 3.568531e+01  2.882030e-02 
 3.568563e+01  2.882119e-02 
 3.568595e+01  2.882204e-02 
 3.568628e+01  2.882287e-02 
 3.568660e+01  2.882367e-02 
 3.568692e+01  2.882445e-02 
 3.568724e+01  2.882521e-02 
 3.568756e+01  2.882594e-02 
 3.568788e+01  2.882664e-02 
 3.568820e+01  2.882732e-02 
 3.568853e+01  2.882798e-02 
 3.568885e+01  2.882861e-02 
 3.568917e+01  2.882922e-02 
 3.568949e+01  2.882981e-02 
 3.568981e+01  2.883037e-02 
 3.569013e+01  2.883091e-02 
 3.569046e+01  2.883142e-02 
 3.569078e+01  2.883191e-02 
 3.569110e+01  2.883237e-02 
 3.569142e+01  2.883281e-02 
 3.569174e+01  2.883323e-02 
 3.569206e+01  2.883362e-02 
 3.569238e+01  2.883400e-02 
 3.569271e+01  2.883436e-02 
 3.569303e+01  2.883470e-02 
 3.569335e+01  2.883503e-02 
 3.569367e+01  2.883534e-02 
 3.569399e+01  2.883563e-02 
 3.569431e+01  2.883590e-02 
 3.569464e+01  2.883615e-02 
 3.569496e+01  2.883639e-02 
 3.569528e+01  2.883661e-02 
 3.569560e+01  2.883681e-02 
 3.569592e+01  2.883699e-02 
 3.569624e+01  2.883716e-02 
 3.569656e+01  2.883731e-02 
 3.569689e+01  2.883744e-02 
 3.569721e+01  2.883757e-02 
 3.569753e+01  2.883768e-02 
 3.569785e+01  2.883779e-02 
 3.569817e+01  2.883789e-02 
 3.569849e+01  2.883798e-02 
 3.569882e+01  2.883807e-02 
 3.569914e+01  2.883815e-02 
 3.569946e+01  2.883822e-02 
 3.569978e+01  2.883828e-02 
 3.570010e+01  2.883833e-02 
 3.570042e+01  2.883838e-02 
 3.570075e+01  2.883842e-02 
 3.570107e+01  2.883845e-02 
 3.570139e+01  2.883848e-02 
 3.570171e+01  2.883849e-02 
 3.570203e+01  2.883851e-02 
 3.570235e+01  2.883852e-02 
 3.570267e+01  2.883854e-02 
 3.570300e+01  2.883856e-02 
 3.570332e+01  2.883858e-02 
 3.570364e+01  2.883860e-02 
 3.570396e+01  2.883863e-02 
 3.570428e+01  2.883866e-02 
 3.570460e+01  2.883869e-02 
 3.570493e+01  2.883872e-02 
 3.570525e+01  2.883876e-02 
 3.570557e+01  2.883879e-02 
 3.570589e+01  2.883883e-02 
 3.570621e+01  2.883887e-02 
 3.570653e+01  2.883891e-02 
 3.570685e+01  2.883896e-02 
 3.570718e+01  2.883901e-02 
 3.570750e+01  2.883907e-02 
 3.570782e+01  2.883914e-02 
 3.570814e+01  2.883922e-02 
 3.570846e+01  2.883931e-02 
 3.570878e+01  2.883940e-02 
 3.570911e+01  2.883950e-02 
 3.570943e+01  2.883961e-02 
 3.570975e+01  2.883973e-02 
 3.571007e+01  2.883986e-02 
 3.571039e+01  2.883999e-02 
 3.571071e+01  2.884014e-02 
 3.571104e+01  2.884029e-02 
 3.571136e+01  2.884045e-02 
 3.571168e+01  2.884062e-02 
 3.571200e+01  2.884079e-02 
 3.571232e+01  2.884098e-02 
 3.571264e+01  2.884117e-02 
 3.571296e+01  2.884138e-02 
 3.571329e+01  2.884159e-02 
 3.571361e+01  2.884182e-02 
 3.571393e+01  2.884205e-02 
 3.571425e+01  2.884229e-02 
 3.571457e+01  2.884255e-02 
 3.571489e+01  2.884281e-02 
 3.571522e+01  2.884308e-02 
 3.571554e+01  2.884336e-02 
 3.571586e+01  2.884365e-02 
 3.571618e+01  2.884395e-02 
 3.571650e+01  2.884426e-02 
 3.571682e+01  2.884458e-02 
 3.571714e+01  2.884490e-02 
 3.571747e+01  2.884524e-02 
 3.571779e+01  2.884558e-02 
 3.571811e+01  2.884593e-02 
 3.571843e+01  2.884628e-02 
 3.571875e+01  2.884665e-02 
 3.571907e+01  2.884702e-02 
 3.571940e+01  2.884739e-02 
 3.571972e+01  2.884778e-02 
 3.572004e+01  2.884817e-02 
 3.572036e+01  2.884857e-02 
 3.572068e+01  2.884898e-02 
 3.572100e+01  2.884939e-02 
 3.572132e+01  2.884982e-02 
 3.572165e+01  2.885025e-02 
 3.572197e+01  2.885068e-02 
 3.572229e+01  2.885112e-02 
 3.572261e+01  2.885157e-02 
 3.572293e+01  2.885202e-02 
 3.572325e+01  2.885247e-02 
 3.572358e+01  2.885293e-02 
 3.572390e+01  2.885340e-02 
 3.572422e+01  2.885387e-02 
 3.572454e+01  2.885434e-02 
 3.572486e+01  2.885482e-02 
 3.572518e+01  2.885531e-02 
 3.572551e+01  2.885580e-02 
 3.572583e+01  2.885629e-02 
 3.572615e+01  2.885679e-02 
 3.572647e+01  2.885730e-02 
 3.572679e+01  2.885781e-02 
 3.572711e+01  2.885832e-02 
 3.572743e+01  2.885884e-02 
 3.572776e+01  2.885936e-02 
 3.572808e+01  2.885988e-02 
 3.572840e+01  2.886041e-02 
 3.572872e+01  2.886095e-02 
 3.572904e+01  2.886149e-02 
 3.572936e+01  2.886203e-02 
 3.572969e+01  2.886258e-02 
 3.573001e+01  2.886313e-02 
 3.573033e+01  2.886368e-02 
 3.573065e+01  2.886424e-02 
 3.573097e+01  2.886480e-02 
 3.573129e+01  2.886537e-02 
 3.573161e+01  2.886594e-02 
 3.573194e+01  2.886652e-02 
 3.573226e+01  2.886710e-02 
 3.573258e+01  2.886769e-02 
 3.573290e+01  2.886829e-02 
 3.573322e+01  2.886889e-02 
 3.573354e+01  2.886950e-02 
 3.573387e+01  2.887011e-02 
 3.573419e+01  2.887074e-02 
 3.573451e+01  2.887136e-02 
 3.573483e+01  2.887200e-02 
 3.573515e+01  2.887264e-02 
 3.573547e+01  2.887328e-02 
 3.573580e+01  2.887394e-02 
 3.573612e+01  2.887460e-02 
 3.573644e+01  2.887526e-02 
 3.573676e+01  2.887593e-02 
 3.573708e+01  2.887662e-02 
 3.573740e+01  2.887731e-02 
 3.573772e+01  2.887801e-02 
 3.573805e+01  2.887873e-02 
 3.573837e+01  2.887945e-02 
 3.573869e+01  2.888019e-02 
 3.573901e+01  2.888093e-02 
 3.573933e+01  2.888169e-02 
 3.573965e+01  2.888246e-02 
 3.573998e+01  2.888324e-02 
 3.574030e+01  2.888403e-02 
 3.574062e+01  2.888484e-02 
 3.574094e+01  2.888565e-02 
 3.574126e+01  2.888647e-02 
 3.574158e+01  2.888731e-02 
 3.574190e+01  2.888816e-02 
 3.574223e+01  2.888902e-02 
 3.574255e+01  2.888990e-02 
 3.574287e+01  2.889080e-02 
 3.574319e+01  2.889172e-02 
 3.574351e+01  2.889265e-02 
 3.574383e+01  2.889360e-02 
 3.574416e+01  2.889456e-02 
 3.574448e+01  2.889554e-02 
 3.574480e+01  2.889654e-02 
 3.574512e+01  2.889756e-02 
 3.574544e+01  2.889859e-02 
 3.574576e+01  2.889964e-02 
 3.574608e+01  2.890071e-02 
 3.574641e+01  2.890180e-02 
 3.574673e+01  2.890290e-02 
 3.574705e+01  2.890402e-02 
 3.574737e+01  2.890516e-02 
 3.574769e+01  2.890633e-02 
 3.574801e+01  2.890752e-02 
 3.574834e+01  2.890873e-02 
 3.574866e+01  2.890997e-02 
 3.574898e+01  2.891122e-02 
 3.574930e+01  2.891250e-02 
 3.574962e+01  2.891380e-02 
 3.574994e+01  2.891513e-02 
 3.575027e+01  2.891648e-02 
 3.575059e+01  2.891784e-02 
 3.575091e+01  2.891924e-02 
 3.575123e+01  2.892065e-02 
 3.575155e+01  2.892209e-02 
 3.575187e+01  2.892355e-02 
 3.575219e+01  2.892504e-02 
 3.575252e+01  2.892655e-02 
 3.575284e+01  2.892809e-02 
 3.575316e+01  2.892965e-02 
 3.575348e+01  2.893124e-02 
 3.575380e+01  2.893286e-02 
 3.575412e+01  2.893450e-02 
 3.575445e+01  2.893617e-02 
 3.575477e+01  2.893787e-02 
 3.575509e+01  2.893959e-02 
 3.575541e+01  2.894134e-02 
 3.575573e+01  2.894311e-02 
 3.575605e+01  2.894492e-02 
 3.575637e+01  2.894674e-02 
 3.575670e+01  2.894860e-02 
 3.575702e+01  2.895048e-02 
 3.575734e+01  2.895238e-02 
 3.575766e+01  2.895432e-02 
 3.575798e+01  2.895628e-02 
 3.575830e+01  2.895826e-02 
 3.575863e+01  2.896028e-02 
 3.575895e+01  2.896232e-02 
 3.575927e+01  2.896439e-02 
 3.575959e+01  2.896648e-02 
 3.575991e+01  2.896860e-02 
 3.576023e+01  2.897075e-02 
 3.576056e+01  2.897293e-02 
 3.576088e+01  2.897513e-02 
 3.576120e+01  2.897736e-02 
 3.576152e+01  2.897962e-02 
 3.576184e+01  2.898190e-02 
 3.576216e+01  2.898421e-02 
 3.576248e+01  2.898654e-02 
 3.576281e+01  2.898889e-02 
 3.576313e+01  2.899127e-02 
 3.576345e+01  2.899368e-02 
 3.576377e+01  2.899611e-02 
 3.576409e+01  2.899856e-02 
 3.576441e+01  2.900104e-02 
 3.576474e+01  2.900355e-02 
 3.576506e+01  2.900607e-02 
 3.576538e+01  2.900863e-02 
 3.576570e+01  2.901120e-02 
 3.576602e+01  2.901380e-02 
 3.576634e+01  2.901643e-02 
 3.576666e+01  2.901908e-02 
 3.576699e+01  2.902175e-02 
 3.576731e+01  2.902444e-02 
 3.576763e+01  2.902716e-02 
 3.576795e+01  2.902989e-02 
 3.576827e+01  2.903264e-02 
 3.576859e+01  2.903541e-02 
 3.576892e+01  2.903820e-02 
 3.576924e+01  2.904102e-02 
 3.576956e+01  2.904385e-02 
 3.576988e+01  2.904670e-02 
 3.577020e+01  2.904957e-02 
 3.577052e+01  2.905246e-02 
 3.577084e+01  2.905537e-02 
 3.577117e+01  2.905831e-02 
 3.577149e+01  2.906126e-02 
 3.577181e+01  2.906423e-02 
 3.577213e+01  2.906721e-02 
 3.577245e+01  2.907022e-02 
 3.577277e+01  2.907323e-02 
 3.577310e+01  2.907626e-02 
 3.577342e+01  2.907931e-02 
 3.577374e+01  2.908237e-02 
 3.577406e+01  2.908544e-02 
 3.577438e+01  2.908853e-02 
 3.577470e+01  2.909164e-02 
 3.577503e+01  2.909476e-02 
 3.577535e+01  2.909789e-02 
 3.577567e+01  2.910104e-02 
 3.577599e+01  2.910420e-02 
 3.577631e+01  2.910738e-02 
 3.577663e+01  2.911058e-02 
 3.577695e+01  2.911378e-02 
 3.577728e+01  2.911700e-02 
 3.577760e+01  2.912023e-02 
 3.577792e+01  2.912346e-02 
 3.577824e+01  2.912671e-02 
 3.577856e+01  2.912997e-02 
 3.577888e+01  2.913324e-02 
 3.577921e+01  2.913652e-02 
 3.577953e+01  2.913981e-02 
 3.577985e+01  2.914311e-02 
 3.578017e+01  2.914643e-02 
 3.578049e+01  2.914975e-02 
 3.578081e+01  2.915308e-02 
 3.578113e+01  2.915642e-02 
 3.578146e+01  2.915978e-02 
 3.578178e+01  2.916314e-02 
 3.578210e+01  2.916652e-02 
 3.578242e+01  2.916990e-02 
 3.578274e+01  2.917329e-02 
 3.578306e+01  2.917668e-02 
 3.578339e+01  2.918009e-02 
 3.578371e+01  2.918351e-02 
 3.578403e+01  2.918693e-02 
 3.578435e+01  2.919036e-02 
 3.578467e+01  2.919380e-02 
 3.578499e+01  2.919725e-02 
 3.578531e+01  2.920071e-02 
 3.578564e+01  2.920417e-02 
 3.578596e+01  2.920764e-02 
 3.578628e+01  2.921112e-02 
 3.578660e+01  2.921461e-02 
 3.578692e+01  2.921811e-02 
 3.578724e+01  2.922162e-02 
 3.578757e+01  2.922513e-02 
 3.578789e+01  2.922866e-02 
 3.578821e+01  2.923219e-02 
 3.578853e+01  2.923573e-02 
 3.578885e+01  2.923928e-02 
 3.578917e+01  2.924284e-02 
 3.578950e+01  2.924640e-02 
 3.578982e+01  2.924998e-02 
 3.579014e+01  2.925356e-02 
 3.579046e+01  2.925715e-02 
 3.579078e+01  2.926075e-02 
 3.579110e+01  2.926436e-02 
 3.579142e+01  2.926797e-02 
 3.579175e+01  2.927160e-02 
 3.579207e+01  2.927523e-02 
 3.579239e+01  2.927888e-02 
 3.579271e+01  2.928253e-02 
 3.579303e+01  2.928620e-02 
 3.579335e+01  2.928987e-02 
 3.579368e+01  2.929356e-02 
 3.579400e+01  2.929725e-02 
 3.579432e+01  2.930096e-02 
 3.579464e+01  2.930467e-02 
 3.579496e+01  2.930840e-02 
 3.579528e+01  2.931214e-02 
 3.579560e+01  2.931588e-02 
 3.579593e+01  2.931964e-02 
 3.579625e+01  2.932340e-02 
 3.579657e+01  2.932718e-02 
 3.579689e+01  2.933097e-02 
 3.579721e+01  2.933477e-02 
 3.579753e+01  2.933858e-02 
 3.579786e+01  2.934240e-02 
 3.579818e+01  2.934624e-02 
 3.579850e+01  2.935009e-02 
 3.579882e+01  2.935395e-02 
 3.579914e+01  2.935782e-02 
 3.579946e+01  2.936171e-02 
 3.579979e+01  2.936561e-02 
 3.580011e+01  2.936952e-02 
 3.580043e+01  2.937344e-02 
 3.580075e+01  2.937738e-02 
 3.580107e+01  2.938132e-02 
 3.580139e+01  2.938528e-02 
 3.580171e+01  2.938926e-02 
 3.580204e+01  2.939324e-02 
 3.580236e+01  2.939724e-02 
 3.580268e+01  2.940125e-02 
 3.580300e+01  2.940528e-02 
 3.580332e+01  2.940932e-02 
 3.580364e+01  2.941337e-02 
 3.580397e+01  2.941744e-02 
 3.580429e+01  2.942152e-02 
 3.580461e+01  2.942562e-02 
 3.580493e+01  2.942972e-02 
 3.580525e+01  2.943385e-02 
 3.580557e+01  2.943798e-02 
 3.580589e+01  2.944213e-02 
 3.580622e+01  2.944630e-02 
 3.580654e+01  2.945047e-02 
 3.580686e+01  2.945466e-02 
 3.580718e+01  2.945887e-02 
 3.580750e+01  2.946309e-02 
 3.580782e+01  2.946732e-02 
 3.580815e+01  2.947156e-02 
 3.580847e+01  2.947582e-02 
 3.580879e+01  2.948009e-02 
 3.580911e+01  2.948438e-02 
 3.580943e+01  2.948868e-02 
 3.580975e+01  2.949299e-02 
 3.581007e+01  2.949732e-02 
 3.581040e+01  2.950166e-02 
 3.581072e+01  2.950601e-02 
 3.581104e+01  2.951038e-02 
 3.581136e+01  2.951476e-02 
 3.581168e+01  2.951915e-02 
 3.581200e+01  2.952356e-02 
 3.581233e+01  2.952798e-02 
 3.581265e+01  2.953241e-02 
 3.581297e+01  2.953686e-02 
 3.581329e+01  2.954131e-02 
 3.581361e+01  2.954578e-02 
 3.581393e+01  2.955026e-02 
 3.581426e+01  2.955475e-02 
 3.581458e+01  2.955926e-02 
 3.581490e+01  2.956378e-02 
 3.581522e+01  2.956830e-02 
 3.581554e+01  2.957285e-02 
 3.581586e+01  2.957740e-02 
 3.581618e+01  2.958196e-02 
 3.581651e+01  2.958654e-02 
 3.581683e+01  2.959113e-02 
 3.581715e+01  2.959573e-02 
 3.581747e+01  2.960034e-02 
 3.581779e+01  2.960496e-02 
 3.581811e+01  2.960959e-02 
 3.581844e+01  2.961423e-02 
 3.581876e+01  2.961888e-02 
 3.581908e+01  2.962354e-02 
 3.581940e+01  2.962820e-02 
 3.581972e+01  2.963288e-02 
 3.582004e+01  2.963757e-02 
 3.582036e+01  2.964227e-02 
 3.582069e+01  2.964698e-02 
 3.582101e+01  2.965170e-02 
 3.582133e+01  2.965643e-02 
 3.582165e+01  2.966116e-02 
 3.582197e+01  2.966591e-02 
 3.582229e+01  2.967067e-02 
 3.582262e+01  2.967543e-02 
 3.582294e+01  2.968020e-02 
 3.582326e+01  2.968498e-02 
 3.582358e+01  2.968977e-02 
 3.582390e+01  2.969456e-02 
 3.582422e+01  2.969936e-02 
 3.582454e+01  2.970417e-02 
 3.582487e+01  2.970899e-02 
 3.582519e+01  2.971381e-02 
 3.582551e+01  2.971865e-02 
 3.582583e+01  2.972349e-02 
 3.582615e+01  2.972834e-02 
 3.582647e+01  2.973319e-02 
 3.582680e+01  2.973806e-02 
 3.582712e+01  2.974293e-02 
 3.582744e+01  2.974780e-02 
 3.582776e+01  2.975269e-02 
 3.582808e+01  2.975758e-02 
 3.582840e+01  2.976247e-02 
 3.582873e+01  2.976737e-02 
 3.582905e+01  2.977228e-02 
 3.582937e+01  2.977719e-02 
 3.582969e+01  2.978211e-02 
 3.583001e+01  2.978704e-02 
 3.583033e+01  2.979197e-02 
 3.583065e+01  2.979691e-02 
 3.583098e+01  2.980185e-02 
 3.583130e+01  2.980680e-02 
 3.583162e+01  2.981176e-02 
 3.583194e+01  2.981672e-02 
 3.583226e+01  2.982169e-02 
 3.583258e+01  2.982666e-02 
 3.583291e+01  2.983163e-02 
 3.583323e+01  2.983661e-02 
 3.583355e+01  2.984160e-02 
 3.583387e+01  2.984659e-02 
 3.583419e+01  2.985158e-02 
 3.583451e+01  2.985658e-02 
 3.583483e+01  2.986158e-02 
 3.583516e+01  2.986659e-02 
 3.583548e+01  2.987160e-02 
 3.583580e+01  2.987662e-02 
 3.583612e+01  2.988164e-02 
 3.583644e+01  2.988667e-02 
 3.583676e+01  2.989170e-02 
 3.583709e+01  2.989673e-02 
 3.583741e+01  2.990177e-02 
 3.583773e+01  2.990681e-02 
 3.583805e+01  2.991185e-02 
 3.583837e+01  2.991689e-02 
 3.583869e+01  2.992194e-02 
 3.583902e+01  2.992699e-02 
 3.583934e+01  2.993204e-02 
 3.583966e+01  2.993709e-02 
 3.583998e+01  2.994215e-02 
 3.584030e+01  2.994721e-02 
 3.584062e+01  2.995227e-02 
 3.584094e+01  2.995733e-02 
 3.584127e+01  2.996240e-02 
 3.584159e+01  2.996746e-02 
 3.584191e+01  2.997253e-02 
 3.584223e+01  2.997760e-02 
 3.584255e+01  2.998267e-02 
 3.584287e+01  2.998774e-02 
 3.584320e+01  2.999280e-02 
 3.584352e+01  2.999787e-02 
 3.584384e+01  3.000293e-02 
 3.584416e+01  3.000799e-02 
 3.584448e+01  3.001305e-02 
 3.584480e+01  3.001811e-02 
 3.584512e+01  3.002317e-02 
 3.584545e+01  3.002823e-02 
 3.584577e+01  3.003329e-02 
 3.584609e+01  3.003835e-02 
 3.584641e+01  3.004340e-02 
 3.584673e+01  3.004845e-02 
 3.584705e+01  3.005350e-02 
 3.584738e+01  3.005855e-02 
 3.584770e+01  3.006359e-02 
 3.584802e+01  3.006862e-02 
 3.584834e+01  3.007365e-02 
 3.584866e+01  3.007867e-02 
 3.584898e+01  3.008369e-02 
 3.584930e+01  3.008870e-02 
 3.584963e+01  3.009370e-02 
 3.584995e+01  3.009870e-02 
 3.585027e+01  3.010370e-02 
 3.585059e+01  3.010869e-02 
 3.585091e+01  3.011367e-02 
 3.585123e+01  3.011865e-02 
 3.585156e+01  3.012362e-02 
 3.585188e+01  3.012858e-02 
 3.585220e+01  3.013354e-02 
 3.585252e+01  3.013848e-02 
 3.585284e+01  3.014342e-02 
 3.585316e+01  3.014834e-02 
 3.585349e+01  3.015325e-02 
 3.585381e+01  3.015816e-02 
 3.585413e+01  3.016305e-02 
 3.585445e+01  3.016793e-02 
 3.585477e+01  3.017280e-02 
 3.585509e+01  3.017766e-02 
 3.585541e+01  3.018251e-02 
 3.585574e+01  3.018735e-02 
 3.585606e+01  3.019218e-02 
 3.585638e+01  3.019700e-02 
 3.585670e+01  3.020181e-02 
 3.585702e+01  3.020660e-02 
 3.585734e+01  3.021138e-02 
 3.585767e+01  3.021615e-02 
 3.585799e+01  3.022090e-02 
 3.585831e+01  3.022564e-02 
 3.585863e+01  3.023036e-02 
 3.585895e+01  3.023507e-02 
 3.585927e+01  3.023976e-02 
 3.585959e+01  3.024444e-02 
 3.585992e+01  3.024910e-02 
 3.586024e+01  3.025375e-02 
 3.586056e+01  3.025838e-02 
 3.586088e+01  3.026300e-02 
 3.586120e+01  3.026761e-02 
 3.586152e+01  3.027220e-02 
 3.586185e+01  3.027677e-02 
 3.586217e+01  3.028133e-02 
 3.586249e+01  3.028587e-02 
 3.586281e+01  3.029039e-02 
 3.586313e+01  3.029489e-02 
 3.586345e+01  3.029938e-02 
 3.586377e+01  3.030384e-02 
 3.586410e+01  3.030829e-02 
 3.586442e+01  3.031272e-02 
 3.586474e+01  3.031714e-02 
 3.586506e+01  3.032153e-02 
 3.586538e+01  3.032591e-02 
 3.586570e+01  3.033027e-02 
 3.586603e+01  3.033462e-02 
 3.586635e+01  3.033894e-02 
 3.586667e+01  3.034325e-02 
 3.586699e+01  3.034754e-02 
 3.586731e+01  3.035180e-02 
 3.586763e+01  3.035605e-02 
 3.586796e+01  3.036028e-02 
 3.586828e+01  3.036449e-02 
 3.586860e+01  3.036868e-02 
 3.586892e+01  3.037285e-02 
 3.586924e+01  3.037700e-02 
 3.586956e+01  3.038114e-02 
 3.586988e+01  3.038525e-02 
 3.587021e+01  3.038934e-02 
 3.587053e+01  3.039341e-02 
 3.587085e+01  3.039746e-02 
 3.587117e+01  3.040150e-02 
 3.587149e+01  3.040551e-02 
 3.587181e+01  3.040950e-02 
 3.587214e+01  3.041348e-02 
 3.587246e+01  3.041743e-02 
 3.587278e+01  3.042136e-02 
 3.587310e+01  3.042528e-02 
 3.587342e+01  3.042917e-02 
 3.587374e+01  3.043304e-02 
 3.587406e+01  3.043690e-02 
 3.587439e+01  3.044073e-02 
 3.587471e+01  3.044454e-02 
 3.587503e+01  3.044834e-02 
 3.587535e+01  3.045211e-02 
 3.587567e+01  3.045586e-02 
 3.587599e+01  3.045960e-02 
 3.587632e+01  3.046331e-02 
 3.587664e+01  3.046700e-02 
 3.587696e+01  3.047068e-02 
 3.587728e+01  3.047433e-02 
 3.587760e+01  3.047796e-02 
 3.587792e+01  3.048158e-02 
 3.587825e+01  3.048518e-02 
 3.587857e+01  3.048875e-02 
 3.587889e+01  3.049231e-02 
 3.587921e+01  3.049585e-02 
 3.587953e+01  3.049937e-02 
 3.587985e+01  3.050287e-02 
 3.588017e+01  3.050635e-02 
 3.588050e+01  3.050982e-02 
 3.588082e+01  3.051326e-02 
 3.588114e+01  3.051669e-02 
 3.588146e+01  3.052009e-02 
 3.588178e+01  3.052348e-02 
 3.588210e+01  3.052685e-02 
 3.588243e+01  3.053020e-02 
 3.588275e+01  3.053353e-02 
 3.588307e+01  3.053685e-02 
 3.588339e+01  3.054015e-02 
 3.588371e+01  3.054344e-02 
 3.588403e+01  3.054670e-02 
 3.588435e+01  3.054996e-02 
 3.588468e+01  3.055319e-02 
 3.588500e+01  3.055641e-02 
 3.588532e+01  3.055961e-02 
 3.588564e+01  3.056279e-02 
 3.588596e+01  3.056596e-02 
 3.588628e+01  3.056910e-02 
 3.588661e+01  3.057224e-02 
 3.588693e+01  3.057535e-02 
 3.588725e+01  3.057846e-02 
 3.588757e+01  3.058155e-02 
 3.588789e+01  3.058462e-02 
 3.588821e+01  3.058768e-02 
 3.588853e+01  3.059073e-02 
 3.588886e+01  3.059376e-02 
 3.588918e+01  3.059678e-02 
 3.588950e+01  3.059979e-02 
 3.588982e+01  3.060278e-02 
 3.589014e+01  3.060576e-02 
 3.589046e+01  3.060873e-02 
 3.589079e+01  3.061168e-02 
 3.589111e+01  3.061462e-02 
 3.589143e+01  3.061755e-02 
 3.589175e+01  3.062046e-02 
 3.589207e+01  3.062336e-02 
 3.589239e+01  3.062625e-02 
 3.589272e+01  3.062912e-02 
 3.589304e+01  3.063199e-02 
 3.589336e+01  3.063485e-02 
 3.589368e+01  3.063770e-02 
 3.589400e+01  3.064054e-02 
 3.589432e+01  3.064336e-02 
 3.589464e+01  3.064618e-02 
 3.589497e+01  3.064899e-02 
 3.589529e+01  3.065179e-02 
 3.589561e+01  3.065457e-02 
 3.589593e+01  3.065735e-02 
 3.589625e+01  3.066011e-02 
 3.589657e+01  3.066287e-02 
 3.589690e+01  3.066561e-02 
 3.589722e+01  3.066835e-02 
 3.589754e+01  3.067108e-02 
 3.589786e+01  3.067380e-02 
 3.589818e+01  3.067652e-02 
 3.589850e+01  3.067922e-02 
 3.589882e+01  3.068192e-02 
 3.589915e+01  3.068461e-02 
 3.589947e+01  3.068729e-02 
 3.589979e+01  3.068997e-02 
 3.590011e+01  3.069264e-02 
 3.590043e+01  3.069529e-02 
 3.590075e+01  3.069795e-02 
 3.590108e+01  3.070059e-02 
 3.590140e+01  3.070323e-02 
 3.590172e+01  3.070585e-02 
 3.590204e+01  3.070847e-02 
 3.590236e+01  3.071109e-02 
 3.590268e+01  3.071369e-02 
 3.590301e+01  3.071629e-02 
 3.590333e+01  3.071888e-02 
 3.590365e+01  3.072147e-02 
 3.590397e+01  3.072404e-02 
 3.590429e+01  3.072661e-02 
 3.590461e+01  3.072917e-02 
 3.590493e+01  3.073173e-02 
 3.590526e+01  3.073428e-02 
 3.590558e+01  3.073682e-02 
 3.590590e+01  3.073935e-02 
 3.590622e+01  3.074187e-02 
 3.590654e+01  3.074439e-02 
 3.590686e+01  3.074690e-02 
 3.590719e+01  3.074940e-02 
 3.590751e+01  3.075190e-02 
 3.590783e+01  3.075438e-02 
 3.590815e+01  3.075685e-02 
 3.590847e+01  3.075932e-02 
 3.590879e+01  3.076177e-02 
 3.590911e+01  3.076422e-02 
 3.590944e+01  3.076666e-02 
 3.590976e+01  3.076908e-02 
 3.591008e+01  3.077150e-02 
 3.591040e+01  3.077391e-02 
 3.591072e+01  3.077631e-02 
 3.591104e+01  3.077870e-02 
 3.591137e+01  3.078108e-02 
 3.591169e+01  3.078346e-02 
 3.591201e+01  3.078582e-02 
 3.591233e+01  3.078817e-02 
 3.591265e+01  3.079050e-02 
 3.591297e+01  3.079283e-02 
 3.591329e+01  3.079513e-02 
 3.591362e+01  3.079743e-02 
 3.591394e+01  3.079971e-02 
 3.591426e+01  3.080198e-02 
 3.591458e+01  3.080424e-02 
 3.591490e+01  3.080648e-02 
 3.591522e+01  3.080871e-02 
 3.591555e+01  3.081093e-02 
 3.591587e+01  3.081314e-02 
 3.591619e+01  3.081533e-02 
 3.591651e+01  3.081750e-02 
 3.591683e+01  3.081967e-02 
 3.591715e+01  3.082182e-02 
 3.591748e+01  3.082395e-02 
 3.591780e+01  3.082606e-02 
 3.591812e+01  3.082815e-02 
 3.591844e+01  3.083023e-02 
 3.591876e+01  3.083229e-02 
 3.591908e+01  3.083433e-02 
 3.591940e+01  3.083635e-02 
 3.591973e+01  3.083836e-02 
 3.592005e+01  3.084035e-02 
 3.592037e+01  3.084232e-02 
 3.592069e+01  3.084427e-02 
 3.592101e+01  3.084621e-02 
 3.592133e+01  3.084812e-02 
 3.592166e+01  3.085002e-02 
 3.592198e+01  3.085190e-02 
 3.592230e+01  3.085376e-02 
 3.592262e+01  3.085560e-02 
 3.592294e+01  3.085741e-02 
 3.592326e+01  3.085920e-02 
 3.592358e+01  3.086098e-02 
 3.592391e+01  3.086273e-02 
 3.592423e+01  3.086445e-02 
 3.592455e+01  3.086616e-02 
 3.592487e+01  3.086784e-02 
 3.592519e+01  3.086951e-02 
 3.592551e+01  3.087115e-02 
 3.592584e+01  3.087277e-02 
 3.592616e+01  3.087436e-02 
 3.592648e+01  3.087594e-02 
 3.592680e+01  3.087749e-02 
 3.592712e+01  3.087902e-02 
 3.592744e+01  3.088053e-02 
 3.592776e+01  3.088201e-02 
 3.592809e+01  3.088347e-02 
 3.592841e+01  3.088490e-02 
 3.592873e+01  3.088631e-02 
 3.592905e+01  3.088770e-02 
 3.592937e+01  3.088906e-02 
 3.592969e+01  3.089039e-02 
 3.593002e+01  3.089170e-02 
 3.593034e+01  3.089299e-02 
 3.593066e+01  3.089426e-02 
 3.593098e+01  3.089550e-02 
 3.593130e+01  3.089671e-02 
 3.593162e+01  3.089790e-02 
 3.593195e+01  3.089907e-02 
 3.593227e+01  3.090021e-02 
 3.593259e+01  3.090133e-02 
 3.593291e+01  3.090242e-02 
 3.593323e+01  3.090349e-02 
 3.593355e+01  3.090453e-02 
 3.593387e+01  3.090555e-02 
 3.593420e+01  3.090654e-02 
 3.593452e+01  3.090751e-02 
 3.593484e+01  3.090845e-02 
 3.593516e+01  3.090937e-02 
 3.593548e+01  3.091026e-02 
 3.593580e+01  3.091113e-02 
 3.593613e+01  3.091197e-02 
 3.593645e+01  3.091279e-02 
 3.593677e+01  3.091358e-02 
 3.593709e+01  3.091435e-02 
 3.593741e+01  3.091509e-02 
 3.593773e+01  3.091581e-02 
 3.593805e+01  3.091650e-02 
 3.593838e+01  3.091717e-02 
 3.593870e+01  3.091782e-02 
 3.593902e+01  3.091844e-02 
 3.593934e+01  3.091904e-02 
 3.593966e+01  3.091961e-02 
 3.593998e+01  3.092015e-02 
 3.594031e+01  3.092068e-02 
 3.594063e+01  3.092117e-02 
 3.594095e+01  3.092165e-02 
 3.594127e+01  3.092210e-02 
 3.594159e+01  3.092252e-02 
 3.594191e+01  3.092292e-02 
 3.594224e+01  3.092329e-02 
 3.594256e+01  3.092364e-02 
 3.594288e+01  3.092396e-02 
 3.594320e+01  3.092426e-02 
 3.594352e+01  3.092453e-02 
 3.594384e+01  3.092477e-02 
 3.594416e+01  3.092499e-02 
 3.594449e+01  3.092518e-02 
 3.594481e+01  3.092535e-02 
 3.594513e+01  3.092549e-02 
 3.594545e+01  3.092560e-02 
 3.594577e+01  3.092569e-02 
 3.594609e+01  3.092576e-02 
 3.594642e+01  3.092579e-02 
 3.594674e+01  3.092580e-02 
 3.594706e+01  3.092580e-02 
 3.594738e+01  3.092580e-02 
 3.594770e+01  3.092580e-02 
 3.594802e+01  3.092580e-02 
 3.594834e+01  3.092580e-02 
 3.594867e+01  3.092580e-02 
 3.594899e+01  3.092580e-02 
 3.594931e+01  3.092580e-02 
 3.594963e+01  3.092580e-02 
 3.594995e+01  3.092580e-02 
 3.595027e+01  3.092580e-02 
 3.595060e+01  3.092580e-02 
 3.595092e+01  3.092580e-02 
 3.595124e+01  3.092580e-02 
 3.595156e+01  3.092580e-02 
 3.595188e+01  3.092580e-02 
 3.595220e+01  3.092580e-02 
 3.595252e+01  3.092580e-02 
 3.595285e+01  3.092580e-02 
 3.595317e+01  3.092580e-02 
 3.595349e+01  3.092580e-02 
 3.595381e+01  3.092580e-02 
 3.595413e+01  3.092580e-02 
 3.595445e+01  3.092580e-02 
 3.595478e+01  3.092580e-02 
 3.595510e+01  3.092580e-02 
 3.595542e+01  3.092580e-02 
 3.595574e+01  3.092580e-02 
 3.595606e+01  3.092580e-02 
 3.595638e+01  3.092580e-02 
 3.595671e+01  3.092580e-02 
 3.595703e+01  3.092580e-02 
 3.595735e+01  3.092580e-02 
 3.595767e+01  3.092580e-02 
 3.595799e+01  3.092580e-02 
 3.595831e+01  3.092580e-02 
 3.595863e+01  3.092580e-02 
 3.595896e+01  3.092580e-02 
 3.595928e+01  3.092580e-02 
 3.595960e+01  3.092580e-02 
 3.595992e+01  3.092580e-02 
 3.596024e+01  3.092580e-02 
 3.596056e+01  3.092580e-02 
 3.596089e+01  3.092580e-02 
 3.596121e+01  3.092580e-02 
 3.596153e+01  3.092580e-02 
 3.596185e+01  3.092580e-02 
 3.596217e+01  3.092580e-02 
 3.596249e+01  3.092580e-02 
 3.596281e+01  3.092580e-02 
 3.596314e+01  3.092580e-02 
 3.596346e+01  3.092580e-02 
 3.596378e+01  3.092580e-02 
 3.596410e+01  3.092580e-02 
 3.596442e+01  3.092580e-02 
 3.596474e+01  3.092580e-02 
 3.596507e+01  3.092580e-02 
 3.596539e+01  3.092580e-02 
 3.596571e+01  3.092580e-02 
 3.596603e+01  3.092580e-02 
 3.596635e+01  3.092580e-02 
 3.596667e+01  3.092580e-02 
 3.596699e+01  3.092580e-02 
 3.596732e+01  3.092580e-02 
 3.596764e+01  3.092580e-02 
 3.596796e+01  3.092580e-02 
 3.596828e+01  3.092580e-02 
 3.596860e+01  3.092580e-02 
 3.596892e+01  3.092580e-02 
 3.596925e+01  3.092580e-02 
 3.596957e+01  3.092580e-02 
 3.596989e+01  3.092580e-02 
 3.597021e+01  3.092580e-02 
 3.597053e+01  3.092580e-02 
 3.597085e+01  3.092580e-02 
 3.597118e+01  3.092580e-02 
 3.597150e+01  3.092580e-02 
 3.597182e+01  3.092580e-02 
 3.597214e+01  3.092580e-02 
 3.597246e+01  3.092580e-02 
 3.597278e+01  3.092580e-02 
 3.597310e+01  3.092580e-02 
 3.597343e+01  3.092580e-02 
 3.597375e+01  3.092580e-02 
 3.597407e+01  3.092580e-02 
 3.597439e+01  3.092580e-02 
 3.597471e+01  3.092580e-02 
 3.597503e+01  3.092580e-02 
 3.597536e+01  3.092580e-02 
 3.597568e+01  3.092580e-02 
 3.597600e+01  3.092580e-02 
 3.597632e+01  3.092580e-02 
 3.597664e+01  3.092580e-02 
 3.597696e+01  3.092580e-02 
 3.597728e+01  3.092580e-02 
 3.597761e+01  3.092580e-02 
 3.597793e+01  3.092580e-02 
 3.597825e+01  3.092580e-02 
 3.597857e+01  3.092580e-02 
 3.597889e+01  3.092580e-02 
 3.597921e+01  3.092580e-02 
 3.597954e+01  3.092580e-02 
 3.597986e+01  3.092580e-02 
 3.598018e+01  3.092580e-02 
 3.598050e+01  3.092580e-02 
 3.598082e+01  3.092580e-02 
 3.598114e+01  3.092580e-02 
 3.598147e+01  3.092580e-02 
 3.598179e+01  3.092580e-02 
 3.598211e+01  3.092580e-02 
 3.598243e+01  3.092580e-02 
 3.598275e+01  3.092580e-02 
 3.598307e+01  3.092580e-02 
 3.598339e+01  3.092580e-02 
 3.598372e+01  3.092580e-02 
 3.598404e+01  3.092580e-02 
 3.598436e+01  3.092580e-02 
 3.598468e+01  3.092580e-02 
 3.598500e+01  3.092580e-02 
 3.598532e+01  3.092580e-02 
 3.598565e+01  3.092580e-02 
 3.598597e+01  3.092580e-02 
 3.598629e+01  3.092580e-02 
 3.598661e+01  3.092580e-02 
 3.598693e+01  3.092580e-02 
 3.598725e+01  3.092580e-02 
 3.598757e+01  3.092580e-02 
 3.598790e+01  3.092580e-02 
 3.598822e+01  3.092580e-02 
 3.598854e+01  3.092580e-02 
 3.598886e+01  3.092580e-02 
 3.598918e+01  3.092580e-02 
 3.598950e+01  3.092580e-02 
 3.598983e+01  3.092580e-02 
 3.599015e+01  3.092580e-02 
 3.599047e+01  3.092580e-02 
 3.599079e+01  3.092580e-02 
 3.599111e+01  3.092580e-02 
 3.599143e+01  3.092580e-02 
 3.599175e+01  3.092580e-02 
 3.599208e+01  3.092580e-02 
 3.599240e+01  3.092580e-02 
 3.599272e+01  3.092580e-02 
 3.599304e+01  3.092580e-02 
 3.599336e+01  3.092580e-02 
 3.599368e+01  3.092580e-02 
 3.599401e+01  3.092580e-02 
 3.599433e+01  3.092580e-02 
 3.599465e+01  3.092580e-02 
 3.599497e+01  3.092580e-02 
 3.599529e+01  3.092580e-02 
 3.599561e+01  3.092580e-02 
 3.599594e+01  3.092580e-02 
 3.599626e+01  3.092580e-02 
 3.599658e+01  3.092580e-02 
 3.599690e+01  3.092580e-02 
 3.599722e+01  3.092580e-02 
 3.599754e+01  3.092580e-02 
 3.599786e+01  3.092580e-02 
 3.599819e+01  3.092580e-02 
 3.599851e+01  3.092580e-02 
 3.599883e+01  3.092580e-02 
 3.599915e+01  3.092580e-02 
 3.599947e+01  3.092580e-02 
 3.599979e+01  3.092580e-02 
 3.600012e+01  3.092580e-02 
 3.600044e+01  3.092580e-02 
 3.600076e+01  3.092580e-02 
 3.600108e+01  3.092580e-02 
 3.600140e+01  3.092580e-02 
 3.600172e+01  3.092580e-02 
 3.600204e+01  3.092580e-02 
 3.600237e+01  3.092580e-02 
 3.600269e+01  3.092580e-02 
 3.600301e+01  3.092580e-02 
 3.600333e+01  3.092580e-02 
 3.600365e+01  3.092580e-02 
 3.600397e+01  3.092580e-02 
 3.600430e+01  3.092580e-02 
 3.600462e+01  3.092580e-02 
 3.600494e+01  3.092580e-02 
 3.600526e+01  3.092580e-02 
 3.600558e+01  3.092580e-02 
 3.600590e+01  3.092580e-02 
 3.600622e+01  3.092580e-02 
 3.600655e+01  3.092580e-02 
 3.600687e+01  3.092580e-02 
 3.600719e+01  3.092580e-02 
 3.600751e+01  3.092580e-02 
 3.600783e+01  3.092580e-02 
 3.600815e+01  3.092580e-02 
 3.600848e+01  3.092580e-02 
 3.600880e+01  3.092580e-02 
 3.600912e+01  3.092580e-02 
 3.600944e+01  3.092580e-02 
 3.600976e+01  3.092580e-02 
 3.601008e+01  3.092580e-02 
 3.601041e+01  3.092580e-02 
 3.601073e+01  3.092580e-02 
 3.601105e+01  3.092580e-02 
 3.601137e+01  3.092580e-02 
 3.601169e+01  3.092580e-02 
 3.601201e+01  3.092580e-02 
 3.601233e+01  3.092580e-02 
 3.601266e+01  3.092580e-02 
 3.601298e+01  3.092580e-02 
 3.601330e+01  3.092580e-02 
 3.601362e+01  3.092580e-02 
 3.601394e+01  3.092580e-02 
 3.601426e+01  3.092580e-02 
 3.601459e+01  3.092580e-02 
 3.601491e+01  3.092580e-02 
 3.601523e+01  3.092580e-02 
 3.601555e+01  3.092580e-02 
 3.601587e+01  3.092580e-02 
 3.601619e+01  3.092580e-02 
 3.601651e+01  3.092580e-02 
 3.601684e+01  3.092580e-02 
 3.601716e+01  3.092580e-02 
 3.601748e+01  3.092580e-02 
 3.601780e+01  3.092580e-02 
 3.601812e+01  3.092580e-02 
 3.601844e+01  3.092580e-02 
 3.601877e+01  3.092580e-02 
 3.601909e+01  3.092580e-02 
 3.601941e+01  3.092580e-02 
 3.601973e+01  3.092580e-02 
 3.602005e+01  3.092580e-02 
 3.602037e+01  3.092580e-02 
 3.602070e+01  3.092580e-02 
 3.602102e+01  3.092580e-02 
 3.602134e+01  3.092580e-02 
 3.602166e+01  3.092580e-02 
 3.602198e+01  3.092580e-02 
 3.602230e+01  3.092580e-02 
 3.602262e+01  3.092580e-02 
 3.602295e+01  3.092580e-02 
 3.602327e+01  3.092580e-02 
 3.602359e+01  3.092580e-02 
 3.602391e+01  3.092580e-02 
 3.602423e+01  3.092580e-02 
 3.602455e+01  3.092580e-02 
 3.602488e+01  3.092580e-02 
 3.602520e+01  3.092580e-02 
 3.602552e+01  3.092580e-02 
 3.602584e+01  3.092580e-02 
 3.602616e+01  3.092580e-02 
 3.602648e+01  3.092580e-02 
 3.602680e+01  3.092580e-02 
 3.602713e+01  3.092580e-02 
 3.602745e+01  3.092580e-02 
 3.602777e+01  3.092580e-02 
 3.602809e+01  3.092580e-02 
 3.602841e+01  3.092580e-02 
 3.602873e+01  3.092580e-02 
 3.602906e+01  3.092580e-02 
 3.602938e+01  3.092580e-02 
 3.602970e+01  3.092580e-02 
 3.603002e+01  3.092580e-02 
 3.603034e+01  3.092580e-02 
 3.603066e+01  3.092580e-02 
 3.603098e+01  3.092580e-02 
 3.603131e+01  3.092580e-02 
 3.603163e+01  3.092580e-02 
 3.603195e+01  3.092580e-02 
 3.603227e+01  3.092580e-02 
 3.603259e+01  3.092580e-02 
 3.603291e+01  3.092580e-02 
 3.603324e+01  3.092580e-02 
 3.603356e+01  3.092580e-02 
 3.603388e+01  3.092580e-02 
 3.603420e+01  3.092580e-02 
 3.603452e+01  3.092580e-02 
 3.603484e+01  3.092580e-02 
 3.603517e+01  3.092580e-02 
 3.603549e+01  3.092580e-02 
 3.603581e+01  3.092580e-02 
 3.603613e+01  3.092580e-02 
 3.603645e+01  3.092580e-02 
 3.603677e+01  3.092580e-02 
 3.603709e+01  3.092580e-02 
 3.603742e+01  3.092580e-02 
 3.603774e+01  3.092580e-02 
 3.603806e+01  3.092580e-02 
 3.603838e+01  3.092580e-02 
 3.603870e+01  3.092580e-02 
 3.603902e+01  3.092580e-02 
 3.603935e+01  3.092580e-02 
 3.603967e+01  3.092580e-02 
 3.603999e+01  3.092580e-02 
 3.604031e+01  3.092580e-02 
 3.604063e+01  3.092580e-02 
 3.604095e+01  3.092580e-02 
 3.604127e+01  3.092580e-02 
 3.604160e+01  3.092580e-02 
 3.604192e+01  3.092580e-02 
 3.604224e+01  3.092580e-02 
 3.604256e+01  3.092580e-02 
 3.604288e+01  3.092580e-02 
 3.604320e+01  3.092580e-02 
 3.604353e+01  3.092580e-02 
 3.604385e+01  3.092580e-02 
 3.604417e+01  3.092580e-02 
 3.604449e+01  3.092580e-02 
 3.604481e+01  3.092580e-02 
 3.604513e+01  3.092580e-02 
 3.604546e+01  3.092580e-02 
 3.604578e+01  3.092580e-02 
 3.604610e+01  3.092580e-02 
 3.604642e+01  3.092580e-02 
 3.604674e+01  3.092580e-02 
 3.604706e+01  3.092580e-02 
 3.604738e+01  3.092580e-02 
 3.604771e+01  3.092580e-02 
 3.604803e+01  3.092580e-02 
 3.604835e+01  3.092580e-02 
 3.604867e+01  3.092580e-02 
 3.604899e+01  3.092580e-02 
 3.604931e+01  3.092580e-02 
 3.604964e+01  3.092580e-02 
 3.604996e+01  3.092580e-02 
 3.605028e+01  3.092580e-02 
 3.605060e+01  3.092580e-02 
 3.605092e+01  3.092580e-02 
 3.605124e+01  3.092580e-02 
 3.605156e+01  3.092580e-02 
 3.605189e+01  3.092580e-02 
 3.605221e+01  3.092580e-02 
 3.605253e+01  3.092580e-02 
 3.605285e+01  3.092580e-02 
 3.605317e+01  3.092580e-02 
 3.605349e+01  3.092580e-02 
 3.605382e+01  3.092580e-02 
 3.605414e+01  3.092580e-02 
 3.605446e+01  3.092580e-02 
 3.605478e+01  3.092580e-02 
 3.605510e+01  3.092580e-02 
 3.605542e+01  3.092580e-02 
 3.605574e+01  3.092580e-02 
 3.605607e+01  3.092580e-02 
 3.605639e+01  3.092580e-02 
 3.605671e+01  3.092580e-02 
 3.605703e+01  3.092580e-02 
 3.605735e+01  3.092580e-02 
 3.605767e+01  3.092580e-02 
 3.605800e+01  3.092580e-02 
 3.605832e+01  3.092580e-02 
 3.605864e+01  3.092580e-02 
 3.605896e+01  3.092580e-02 
 3.605928e+01  3.092580e-02 
 3.605960e+01  3.092580e-02 
 3.605993e+01  3.092580e-02 
 3.606025e+01  3.092580e-02 
 3.606057e+01  3.092580e-02 
 3.606089e+01  3.092580e-02 
 3.606121e+01  3.092580e-02 
 3.606153e+01  3.092580e-02 
 3.606185e+01  3.092580e-02 
 3.606218e+01  3.092580e-02 
 3.606250e+01  3.092580e-02 
 3.606282e+01  3.092580e-02 
 3.606314e+01  3.092580e-02 
 3.606346e+01  3.092580e-02 
 3.606378e+01  3.092580e-02 
 3.606411e+01  3.092580e-02 
 3.606443e+01  3.092580e-02 
 3.606475e+01  3.092580e-02 
 3.606507e+01  3.092580e-02 
 3.606539e+01  3.092580e-02 
 3.606571e+01  3.092580e-02 
 3.606603e+01  3.092580e-02 
 3.606636e+01  3.092580e-02 
 3.606668e+01  3.092580e-02 
 3.606700e+01  3.092580e-02 
 3.606732e+01  3.092580e-02 
 3.606764e+01  3.092580e-02 
 3.606796e+01  3.092580e-02 
 3.606829e+01  3.092580e-02 
 3.606861e+01  3.092580e-02 
 3.606893e+01  3.092580e-02 
 3.606925e+01  3.092580e-02 
 3.606957e+01  3.092580e-02 
 3.606989e+01  3.092580e-02 
 3.607021e+01  3.092580e-02 
 3.607054e+01  3.092580e-02 
 3.607086e+01  3.092580e-02 
 3.607118e+01  3.092580e-02 
 3.607150e+01  3.092580e-02 
 3.607182e+01  3.092580e-02 
 3.607214e+01  3.092580e-02 
 3.607247e+01  3.092580e-02 
 3.607279e+01  3.092580e-02 
 3.607311e+01  3.092580e-02 
 3.607343e+01  3.092580e-02 
 3.607375e+01  3.092580e-02 
 3.607407e+01  3.092580e-02 
 3.607440e+01  3.092580e-02 
 3.607472e+01  3.092580e-02 
 3.607504e+01  3.092580e-02 
 3.607536e+01  3.092580e-02 
 3.607568e+01  3.092580e-02 
 3.607600e+01  3.092580e-02 
 3.607632e+01  3.092580e-02 
 3.607665e+01  3.092580e-02 
 3.607697e+01  3.092580e-02 
 3.607729e+01  3.092580e-02 
 3.607761e+01  3.092580e-02 
 3.607793e+01  3.092580e-02 
 3.607825e+01  3.092580e-02 
 3.607858e+01  3.092580e-02 
 3.607890e+01  3.092580e-02 
 3.607922e+01  3.092580e-02 
 3.607954e+01  3.092580e-02 
 3.607986e+01  3.092580e-02 
 3.608018e+01  3.092580e-02 
 3.608050e+01  3.092580e-02 
 3.608083e+01  3.092580e-02 
 3.608115e+01  3.092580e-02 
 3.608147e+01  3.092580e-02 
 3.608179e+01  3.092580e-02 
 3.608211e+01  3.092580e-02 
 3.608243e+01  3.092580e-02 
 3.608276e+01  3.092580e-02 
 3.608308e+01  3.092580e-02 
 3.608340e+01  3.092580e-02 
 3.608372e+01  3.092580e-02 
 3.608404e+01  3.092580e-02 
 3.608436e+01  3.092580e-02 
 3.608469e+01  3.092580e-02 
 3.608501e+01  3.092580e-02 
 3.608533e+01  3.092580e-02 
 3.608565e+01  3.092580e-02 
 3.608597e+01  3.092580e-02 
 3.608629e+01  3.092580e-02 
 3.608661e+01  3.092580e-02 
 3.608694e+01  3.092580e-02 
 3.608726e+01  3.092580e-02 
 3.608758e+01  3.092580e-02 
 3.608790e+01  3.092580e-02 
 3.608822e+01  3.092580e-02 
 3.608854e+01  3.092580e-02 
 3.608887e+01  3.092580e-02 
 3.608919e+01  3.092580e-02 
 3.608951e+01  3.092580e-02 
 3.608983e+01  3.092580e-02 
 3.609015e+01  3.092580e-02 
 3.609047e+01  3.092580e-02 
 3.609079e+01  3.092580e-02 
 3.609112e+01  3.092580e-02 
 3.609144e+01  3.092580e-02 
 3.609176e+01  3.092580e-02 
 3.609208e+01  3.092580e-02 
 3.609240e+01  3.092580e-02 
 3.609272e+01  3.092580e-02 
 3.609305e+01  3.092580e-02 
 3.609337e+01  3.092580e-02 
 3.609369e+01  3.092580e-02 
 3.609401e+01  3.092580e-02 
 3.609433e+01  3.092580e-02 
 3.609465e+01  3.092580e-02 
 3.609497e+01  3.092580e-02 
 3.609530e+01  3.092580e-02 
 3.609562e+01  3.092580e-02 
 3.609594e+01  3.092580e-02 
 3.609626e+01  3.092580e-02 
 3.609658e+01  3.092580e-02 
 3.609690e+01  3.092580e-02 
 3.609723e+01  3.092580e-02 
 3.609755e+01  3.092580e-02 
 3.609787e+01  3.092580e-02 
 3.609819e+01  3.092580e-02 
 3.609851e+01  3.092580e-02 
 3.609883e+01  3.092580e-02 
 3.609916e+01  3.092580e-02 
 3.609948e+01  3.092580e-02 
 3.609980e+01  3.092580e-02 
 3.610012e+01  3.092580e-02 
 3.610044e+01  3.092580e-02 
 3.610076e+01  3.092580e-02 
 3.610108e+01  3.092580e-02 
 3.610141e+01  3.092580e-02 
 3.610173e+01  3.092580e-02 
 3.610205e+01  3.092580e-02 
 3.610237e+01  3.092580e-02 
 3.610269e+01  3.092580e-02 
 3.610301e+01  3.092580e-02 
 3.610334e+01  3.092580e-02 
 3.610366e+01  3.092580e-02 
 3.610398e+01  3.092580e-02 
 3.610430e+01  3.092580e-02 
 3.610462e+01  3.092580e-02 
 3.610494e+01  3.092580e-02 
 3.610526e+01  3.092580e-02 
 3.610559e+01  3.092580e-02 
 3.610591e+01  3.092580e-02 
 3.610623e+01  3.092580e-02 
 3.610655e+01  3.092580e-02 
 3.610687e+01  3.092580e-02 
 3.610719e+01  3.092580e-02 
 3.610752e+01  3.092580e-02 
 3.610784e+01  3.092580e-02 
 3.610816e+01  3.092580e-02 
 3.610848e+01  3.092580e-02 
 3.610880e+01  3.092580e-02 
 3.610912e+01  3.092580e-02 
 3.610944e+01  3.092580e-02 
 3.610977e+01  3.092580e-02 
 3.611009e+01  3.092580e-02 
 3.611041e+01  3.092580e-02 
 3.611073e+01  3.092580e-02 
 3.611105e+01  3.092580e-02 
 3.611137e+01  3.092580e-02 
 3.611170e+01  3.092580e-02 
 3.611202e+01  3.092580e-02 
 3.611234e+01  3.092580e-02 
 3.611266e+01  3.092580e-02 
 3.611298e+01  3.092580e-02 
 3.611330e+01  3.092580e-02 
 3.611363e+01  3.092580e-02 
 3.611395e+01  3.092580e-02 
 3.611427e+01  3.092580e-02 
 3.611459e+01  3.092580e-02 
 3.611491e+01  3.092580e-02 
 3.611523e+01  3.092580e-02 
 3.611555e+01  3.092580e-02 
 3.611588e+01  3.092580e-02 
 3.611620e+01  3.092580e-02 
 3.611652e+01  3.092580e-02 
 3.611684e+01  3.092580e-02 
 3.611716e+01  3.092580e-02 
 3.611748e+01  3.092580e-02 
 3.611781e+01  3.092580e-02 
 3.611813e+01  3.092580e-02 
 3.611845e+01  3.092580e-02 
 3.611877e+01  3.092580e-02 
 3.611909e+01  3.092580e-02 
 3.611941e+01  3.092580e-02 
 3.611973e+01  3.092580e-02 
 3.612006e+01  3.092580e-02 
 3.612038e+01  3.092580e-02 
 3.612070e+01  3.092580e-02 
 3.612102e+01  3.092580e-02 
 3.612134e+01  3.092580e-02 
 3.612166e+01  3.092580e-02 
 3.612199e+01  3.092580e-02 
 3.612231e+01  3.092580e-02 
 3.612263e+01  3.092580e-02 
 3.612295e+01  3.092580e-02 
 3.612327e+01  3.092580e-02 
 3.612359e+01  3.092580e-02 
 3.612392e+01  3.092580e-02 
 3.612424e+01  3.092580e-02 
 3.612456e+01  3.092580e-02 
 3.612488e+01  3.092580e-02 
 3.612520e+01  3.092580e-02 
 3.612552e+01  3.092580e-02 
 3.612584e+01  3.092580e-02 
 3.612617e+01  3.092580e-02 
 3.612649e+01  3.092580e-02 
 3.612681e+01  3.092580e-02 
 3.612713e+01  3.092580e-02 
 3.612745e+01  3.092580e-02 
 3.612777e+01  3.092580e-02 
 3.612810e+01  3.092580e-02 
 3.612842e+01  3.092580e-02 
 3.612874e+01  3.092580e-02 
 3.612906e+01  3.092580e-02 
 3.612938e+01  3.092580e-02 
 3.612970e+01  3.092580e-02 
 3.613002e+01  3.092580e-02 
 3.613035e+01  3.092580e-02 
 3.613067e+01  3.092580e-02 
 3.613099e+01  3.092580e-02 
 3.613131e+01  3.092580e-02 
 3.613163e+01  3.092580e-02 
 3.613195e+01  3.092580e-02 
 3.613228e+01  3.092580e-02 
 3.613260e+01  3.092580e-02 
 3.613292e+01  3.092580e-02 
 3.613324e+01  3.092580e-02 
 3.613356e+01  3.092580e-02 
 3.613388e+01  3.092580e-02 
 3.613420e+01  3.092580e-02 
 3.613453e+01  3.092580e-02 
 3.613485e+01  3.092580e-02 
 3.613517e+01  3.092580e-02 
 3.613549e+01  3.092580e-02 
 3.613581e+01  3.092580e-02 
 3.613613e+01  3.092580e-02 
 3.613646e+01  3.092580e-02 
 3.613678e+01  3.092580e-02 
 3.613710e+01  3.092580e-02 
 3.613742e+01  3.092580e-02 
 3.613774e+01  3.092580e-02 
 3.613806e+01  3.092580e-02 
 3.613839e+01  3.092580e-02 
 3.613871e+01  3.092580e-02 
 3.613903e+01  3.092580e-02 
 3.613935e+01  3.092580e-02 
 3.613967e+01  3.092580e-02 
 3.613999e+01  3.092580e-02 
 3.614031e+01  3.092580e-02 
 3.614064e+01  3.092580e-02 
 3.614096e+01  3.092580e-02 
 3.614128e+01  3.092580e-02 
 3.614160e+01  3.092580e-02 
 3.614192e+01  3.092580e-02 
 3.614224e+01  3.092580e-02 
 3.614257e+01  3.092580e-02 
 3.614289e+01  3.092580e-02 
 3.614321e+01  3.092580e-02 
 3.614353e+01  3.092580e-02 
 3.614385e+01  3.092580e-02 
 3.614417e+01  3.092580e-02 
 3.614449e+01  3.092580e-02 
 3.614482e+01  3.092580e-02 
 3.614514e+01  3.092580e-02 
 3.614546e+01  3.092580e-02 
 3.614578e+01  3.092580e-02 
 3.614610e+01  3.092580e-02 
 3.614642e+01  3.092580e-02 
 3.614675e+01  3.092580e-02 
 3.614707e+01  3.092580e-02 
 3.614739e+01  3.092580e-02 
 3.614771e+01  3.092580e-02 
 3.614803e+01  3.092580e-02 
 3.614835e+01  3.092580e-02 
 3.614867e+01  3.092580e-02 
 3.614900e+01  3.092580e-02 
 3.614932e+01  3.092580e-02 
 3.614964e+01  3.092580e-02 
 3.614996e+01  3.092580e-02 
 3.615028e+01  3.092580e-02 
 3.615060e+01  3.092580e-02 
 3.615093e+01  3.092580e-02 
 3.615125e+01  3.092580e-02 
 3.615157e+01  3.092580e-02 
 3.615189e+01  3.092580e-02 
 3.615221e+01  3.092580e-02 
 3.615253e+01  3.092580e-02 
 3.615286e+01  3.092580e-02 
 3.615318e+01  3.092580e-02 
 3.615350e+01  3.092580e-02 
 3.615382e+01  3.092580e-02 
 3.615414e+01  3.092580e-02 
 3.615446e+01  3.092580e-02 
 3.615478e+01  3.092580e-02 
 3.615511e+01  3.092580e-02 
 3.615543e+01  3.092580e-02 
 3.615575e+01  3.092580e-02 
 3.615607e+01  3.092580e-02 
 3.615639e+01  3.092580e-02 
 3.615671e+01  3.092580e-02 
 3.615704e+01  3.092580e-02 
 3.615736e+01  3.092580e-02 
 3.615768e+01  3.092580e-02 
 3.615800e+01  3.092580e-02 
 3.615832e+01  3.092580e-02 
 3.615864e+01  3.092580e-02 
 3.615896e+01  3.092580e-02 
 3.615929e+01  3.092580e-02 
 3.615961e+01  3.092580e-02 
 3.615993e+01  3.092580e-02 
 3.616025e+01  3.092580e-02 
 3.616057e+01  3.092580e-02 
 3.616089e+01  3.092580e-02 
 3.616122e+01  3.092580e-02 
 3.616154e+01  3.092580e-02 
 3.616186e+01  3.092580e-02 
 3.616218e+01  3.092580e-02 
 3.616250e+01  3.092580e-02 
 3.616282e+01  3.092580e-02 
 3.616315e+01  3.092580e-02 
 3.616347e+01  3.092580e-02 
 3.616379e+01  3.092580e-02 
 3.616411e+01  3.092580e-02 
 3.616443e+01  3.092580e-02 
 3.616475e+01  3.092580e-02 
 3.616507e+01  3.092580e-02 
 3.616540e+01  3.092580e-02 
 3.616572e+01  3.092580e-02 
 3.616604e+01  3.092580e-02 
 3.616636e+01  3.092580e-02 
 3.616668e+01  3.092580e-02 
 3.616700e+01  3.092580e-02 
 3.616733e+01  3.092580e-02 
 3.616765e+01  3.092580e-02 
 3.616797e+01  3.092580e-02 
 3.616829e+01  3.092580e-02 
 3.616861e+01  3.092580e-02 
 3.616893e+01  3.092580e-02 
 3.616925e+01  3.092580e-02 
 3.616958e+01  3.092580e-02 
 3.616990e+01  3.092580e-02 
 3.617022e+01  3.092580e-02 
 3.617054e+01  3.092580e-02 
 3.617086e+01  3.092580e-02 
 3.617118e+01  3.092580e-02 
 3.617151e+01  3.092580e-02 
 3.617183e+01  3.092580e-02 
 3.617215e+01  3.092580e-02 
 3.617247e+01  3.092580e-02 
 3.617279e+01  3.092580e-02 
 3.617311e+01  3.092580e-02 
 3.617343e+01  3.092580e-02 
 3.617376e+01  3.092580e-02 
 3.617408e+01  3.092580e-02 
 3.617440e+01  3.092580e-02 
 3.617472e+01  3.092580e-02 
 3.617504e+01  3.092580e-02 
 3.617536e+01  3.092580e-02 
 3.617569e+01  3.092580e-02 
 3.617601e+01  3.092580e-02 
 3.617633e+01  3.092580e-02 
 3.617665e+01  3.092580e-02 
 3.617697e+01  3.092580e-02 
 3.617729e+01  3.092580e-02 
 3.617762e+01  3.092580e-02 
 3.617794e+01  3.092580e-02 
 3.617826e+01  3.092580e-02 
 3.617858e+01  3.092580e-02 
 3.617890e+01  3.092580e-02 
 3.617922e+01  3.092580e-02 
 3.617954e+01  3.092580e-02 
 3.617987e+01  3.092580e-02 
 3.618019e+01  3.092580e-02 
 3.618051e+01  3.092580e-02 
 3.618083e+01  3.092580e-02 
 3.618115e+01  3.092580e-02 
 3.618147e+01  3.092580e-02 
 3.618180e+01  3.092580e-02 
 3.618212e+01  3.092580e-02 
 3.618244e+01  3.092580e-02 
 3.618276e+01  3.092580e-02 
 3.618308e+01  3.092580e-02 
 3.618340e+01  3.092580e-02 
 3.618372e+01  3.092580e-02 
 3.618405e+01  3.092580e-02 
 3.618437e+01  3.092580e-02 
 3.618469e+01  3.092580e-02 
 3.618501e+01  3.092580e-02 
 3.618533e+01  3.092580e-02 
 3.618565e+01  3.092580e-02 
 3.618598e+01  3.092580e-02 
 3.618630e+01  3.092580e-02 
 3.618662e+01  3.092580e-02 
 3.618694e+01  3.092580e-02 
 3.618726e+01  3.092580e-02 
 3.618758e+01  3.092580e-02 
 3.618790e+01  3.092580e-02 
 3.618823e+01  3.092580e-02 
 3.618855e+01  3.092580e-02 
 3.618887e+01  3.092580e-02 
 3.618919e+01  3.092580e-02 
 3.618951e+01  3.092580e-02 
 3.618983e+01  3.092580e-02 
 3.619016e+01  3.092580e-02 
 3.619048e+01  3.092580e-02 
 3.619080e+01  3.092580e-02 
 3.619112e+01  3.092580e-02 
 3.619144e+01  3.092580e-02 
 3.619176e+01  3.092580e-02 
 3.619209e+01  3.092580e-02 
 3.619241e+01  3.092580e-02 
 3.619273e+01  3.092580e-02 
 3.619305e+01  3.092580e-02 
 3.619337e+01  3.092580e-02 
 3.619369e+01  3.092580e-02 
 3.619401e+01  3.092580e-02 
 3.619434e+01  3.092580e-02 
 3.619466e+01  3.092580e-02 
 3.619498e+01  3.092580e-02 
 3.619530e+01  3.092580e-02 
 3.619562e+01  3.092580e-02 
 3.619594e+01  3.092580e-02 
 3.619627e+01  3.092580e-02 
 3.619659e+01  3.092580e-02 
 3.619691e+01  3.092580e-02 
 3.619723e+01  3.092580e-02 
 3.619755e+01  3.092580e-02 
 3.619787e+01  3.092580e-02 
 3.619819e+01  3.092580e-02 
 3.619852e+01  3.092580e-02 
 3.619884e+01  3.092580e-02 
 3.619916e+01  3.092580e-02 
 3.619948e+01  3.092580e-02 
 3.619980e+01  3.092580e-02 
 3.620012e+01  3.092580e-02 
 3.620045e+01  3.092580e-02 
 3.620077e+01  3.092580e-02 
 3.620109e+01  3.092580e-02 
 3.620141e+01  3.092580e-02 
 3.620173e+01  3.092580e-02 
 3.620205e+01  3.092580e-02 
 3.620238e+01  3.092580e-02 
 3.620270e+01  3.092580e-02 
 3.620302e+01  3.092580e-02 
 3.620334e+01  3.092580e-02 
 3.620366e+01  3.092580e-02 
 3.620398e+01  3.092580e-02 
 3.620430e+01  3.092580e-02 
 3.620463e+01  3.092580e-02 
 3.620495e+01  3.092580e-02 
 3.620527e+01  3.092580e-02 
 3.620559e+01  3.092580e-02 
 3.620591e+01  3.092580e-02 
 3.620623e+01  3.092580e-02 
 3.620656e+01  3.092580e-02 
 3.620688e+01  3.092580e-02 
 3.620720e+01  3.092580e-02 
 3.620752e+01  3.092580e-02 
 3.620784e+01  3.092580e-02 
 3.620816e+01  3.092580e-02 
 3.620848e+01  3.092580e-02 
 3.620881e+01  3.092580e-02 
 3.620913e+01  3.092580e-02 
 3.620945e+01  3.092580e-02 
 3.620977e+01  3.092580e-02 
 3.621009e+01  3.092580e-02 
 3.621041e+01  3.092580e-02 
 3.621074e+01  3.092580e-02 
 3.621106e+01  3.092580e-02 
 3.621138e+01  3.092580e-02 
 3.621170e+01  3.092580e-02 
 3.621202e+01  3.092580e-02 
 3.621234e+01  3.092580e-02 
 3.621266e+01  3.092580e-02 
 3.621299e+01  3.092580e-02 
 3.621331e+01  3.092580e-02 
 3.621363e+01  3.092580e-02 
 3.621395e+01  3.092580e-02 
 3.621427e+01  3.092580e-02 
 3.621459e+01  3.092580e-02 
 3.621492e+01  3.092580e-02 
 3.621524e+01  3.092580e-02 
 3.621556e+01  3.092580e-02 
 3.621588e+01  3.092580e-02 
 3.621620e+01  3.092580e-02 
 3.621652e+01  3.092580e-02 
 3.621685e+01  3.092580e-02 
 3.621717e+01  3.092580e-02 
 3.621749e+01  3.092580e-02 
 3.621781e+01  3.092580e-02 
 3.621813e+01  3.092580e-02 
 3.621845e+01  3.092580e-02 
 3.621877e+01  3.092580e-02 
 3.621910e+01  3.092580e-02 
 3.621942e+01  3.092580e-02 
 3.621974e+01  3.092580e-02 
 3.622006e+01  3.092580e-02 
 3.622038e+01  3.092580e-02 
 3.622070e+01  3.092580e-02 
 3.622103e+01  3.092580e-02 
 3.622135e+01  3.092580e-02 
 3.622167e+01  3.092580e-02 
 3.622199e+01  3.092580e-02 
 3.622231e+01  3.092580e-02 
 3.622263e+01  3.092580e-02 
 3.622295e+01  3.092580e-02 
 3.622328e+01  3.092580e-02 
 3.622360e+01  3.092580e-02 
 3.622392e+01  3.092580e-02 
 3.622424e+01  3.092580e-02 
 3.622456e+01  3.092580e-02 
 3.622488e+01  3.092580e-02 
 3.622521e+01  3.092580e-02 
 3.622553e+01  3.092580e-02 
 3.622585e+01  3.092580e-02 
 3.622617e+01  3.092580e-02 
 3.622649e+01  3.092580e-02 
 3.622681e+01  3.092580e-02 
 3.622713e+01  3.092580e-02 
 3.622746e+01  3.092580e-02 
 3.622778e+01  3.092580e-02 
 3.622810e+01  3.092580e-02 
 3.622842e+01  3.092580e-02 
 3.622874e+01  3.092580e-02 
 3.622906e+01  3.092580e-02 
 3.622939e+01  3.092580e-02 
 3.622971e+01  3.092580e-02 
 3.623003e+01  3.092580e-02 
 3.623035e+01  3.092580e-02 
 3.623067e+01  3.092580e-02 
 3.623099e+01  3.092580e-02 
 3.623132e+01  3.092580e-02 
 3.623164e+01  3.092580e-02 
 3.623196e+01  3.092580e-02 
 3.623228e+01  3.092580e-02 
 3.623260e+01  3.092580e-02 
 3.623292e+01  3.092580e-02 
 3.623324e+01  3.092580e-02 
 3.623357e+01  3.092580e-02 
 3.623389e+01  3.092580e-02 
 3.623421e+01  3.092580e-02 
 3.623453e+01  3.092580e-02 
 3.623485e+01  3.092580e-02 
 3.623517e+01  3.092580e-02 
 3.623550e+01  3.092580e-02 
 3.623582e+01  3.092580e-02 
 3.623614e+01  3.092580e-02 
 3.623646e+01  3.092580e-02 
 3.623678e+01  3.092580e-02 
 3.623710e+01  3.092580e-02 
 3.623742e+01  3.092580e-02 
 3.623775e+01  3.092580e-02 
 3.623807e+01  3.092580e-02 
 3.623839e+01  3.092580e-02 
 3.623871e+01  3.092580e-02 
 3.623903e+01  3.092580e-02 
 3.623935e+01  3.092580e-02 
 3.623968e+01  3.092580e-02 
 3.624000e+01  3.092580e-02 
 3.624032e+01  3.092580e-02 
 3.624064e+01  3.092580e-02 
 3.624096e+01  3.092580e-02 
 3.624128e+01  3.092580e-02 
 3.624161e+01  3.092580e-02 
 3.624193e+01  3.092580e-02 
 3.624225e+01  3.092580e-02 
 3.624257e+01  3.092580e-02 
 3.624289e+01  3.092580e-02 
 3.624321e+01  3.092580e-02 
 3.624353e+01  3.092580e-02 
 3.624386e+01  3.092580e-02 
 3.624418e+01  3.092580e-02 
 3.624450e+01  3.092580e-02 
 3.624482e+01  3.092580e-02 
 3.624514e+01  3.092580e-02 
 3.624546e+01  3.092580e-02 
 3.624579e+01  3.092580e-02 
 3.624611e+01  3.092580e-02 
 3.624643e+01  3.092580e-02 
 3.624675e+01  3.092580e-02 
 3.624707e+01  3.092580e-02 
 3.624739e+01  3.092580e-02 
 3.624771e+01  3.092580e-02 
 3.624804e+01  3.092580e-02 
 3.624836e+01  3.092580e-02 
 3.624868e+01  3.092580e-02 
 3.624900e+01  3.092580e-02 
 3.624932e+01  3.092580e-02 
 3.624964e+01  3.092580e-02 
 3.624997e+01  3.092580e-02 
 3.625029e+01  3.092580e-02 
 3.625061e+01  3.092580e-02 
 3.625093e+01  3.092580e-02 
 3.625125e+01  3.092580e-02 
 3.625157e+01  3.092580e-02 
 3.625189e+01  3.092580e-02 
 3.625222e+01  3.092580e-02 
 3.625254e+01  3.092580e-02 
 3.625286e+01  3.092580e-02 
 3.625318e+01  3.092580e-02 
 3.625350e+01  3.092580e-02 
 3.625382e+01  3.092580e-02 
 3.625415e+01  3.092580e-02 
 3.625447e+01  3.092580e-02 
 3.625479e+01  3.092580e-02 
 3.625511e+01  3.092580e-02 
 3.625543e+01  3.092580e-02 
 3.625575e+01  3.092580e-02 
 3.625608e+01  3.092580e-02 
 3.625640e+01  3.092580e-02 
 3.625672e+01  3.092580e-02 
 3.625704e+01  3.092580e-02 
 3.625736e+01  3.092580e-02 
 3.625768e+01  3.092580e-02 
 3.625800e+01  3.092580e-02 
 3.625833e+01  3.092580e-02 
 3.625865e+01  3.092580e-02 
 3.625897e+01  3.092580e-02 
 3.625929e+01  3.092580e-02 
 3.625961e+01  3.092580e-02 
 3.625993e+01  3.092580e-02 
 3.626026e+01  3.092580e-02 
 3.626058e+01  3.092580e-02 
 3.626090e+01  3.092580e-02 
 3.626122e+01  3.092580e-02 
 3.626154e+01  3.092580e-02 
 3.626186e+01  3.092580e-02 
 3.626218e+01  3.092580e-02 
 3.626251e+01  3.092580e-02 
 3.626283e+01  3.092580e-02 
 3.626315e+01  3.092580e-02 
 3.626347e+01  3.092580e-02 
 3.626379e+01  3.092580e-02 
 3.626411e+01  3.092580e-02 
 3.626444e+01  3.092580e-02 
 3.626476e+01  3.092580e-02 
 3.626508e+01  3.092580e-02 
 3.626540e+01  3.092580e-02 
 3.626572e+01  3.092580e-02 
 3.626604e+01  3.092580e-02 
 3.626637e+01  3.092580e-02 
 3.626669e+01  3.092580e-02 
 3.626701e+01  3.092580e-02 
 3.626733e+01  3.092580e-02 
 3.626765e+01  3.092580e-02 
 3.626797e+01  3.092580e-02 
 3.626829e+01  3.092580e-02 
 3.626862e+01  3.092580e-02 
 3.626894e+01  3.092580e-02 
 3.626926e+01  3.092580e-02 
 3.626958e+01  3.092580e-02 
 3.626990e+01  3.092580e-02 
 3.627022e+01  3.092580e-02 
 3.627055e+01  3.092580e-02 
 3.627087e+01  3.092580e-02 
 3.627119e+01  3.092580e-02 
 3.627151e+01  3.092580e-02 
 3.627183e+01  3.092580e-02 
 3.627215e+01  3.092580e-02 
 3.627247e+01  3.092580e-02 
 3.627280e+01  3.092580e-02 
 3.627312e+01  3.092580e-02 
 3.627344e+01  3.092580e-02 
 3.627376e+01  3.092580e-02 
 3.627408e+01  3.092580e-02 
 3.627440e+01  3.092580e-02 
 3.627473e+01  3.092580e-02 
 3.627505e+01  3.092580e-02 
 3.627537e+01  3.092580e-02 
 3.627569e+01  3.092580e-02 
 3.627601e+01  3.092580e-02 
 3.627633e+01  3.092580e-02 
 3.627665e+01  3.092580e-02 
 3.627698e+01  3.092580e-02 
 3.627730e+01  3.092580e-02 
 3.627762e+01  3.092580e-02 
 3.627794e+01  3.092580e-02 
 3.627826e+01  3.092580e-02 
 3.627858e+01  3.092580e-02 
 3.627891e+01  3.092580e-02 
 3.627923e+01  3.092580e-02 
 3.627955e+01  3.092580e-02 
 3.627987e+01  3.092580e-02 
 3.628019e+01  3.092580e-02 
 3.628051e+01  3.092580e-02 
 3.628084e+01  3.092580e-02 
 3.628116e+01  3.092580e-02 
 3.628148e+01  3.092580e-02 
 3.628180e+01  3.092580e-02 
 3.628212e+01  3.092580e-02 
 3.628244e+01  3.092580e-02 
 3.628276e+01  3.092580e-02 
 3.628309e+01  3.092580e-02 
 3.628341e+01  3.092580e-02 
 3.628373e+01  3.092580e-02 
 3.628405e+01  3.092580e-02 
 3.628437e+01  3.092580e-02 
 3.628469e+01  3.092580e-02 
 3.628502e+01  3.092580e-02 
 3.628534e+01  3.092580e-02 
 3.628566e+01  3.092580e-02 
 3.628598e+01  3.092580e-02 
 3.628630e+01  3.092580e-02 
 3.628662e+01  3.092580e-02 
 3.628694e+01  3.092580e-02 
 3.628727e+01  3.092580e-02 
 3.628759e+01  3.092580e-02 
 3.628791e+01  3.092580e-02 
 3.628823e+01  3.092580e-02 
 3.628855e+01  3.092580e-02 
 3.628887e+01  3.092580e-02 
 3.628920e+01  3.092580e-02 
 3.628952e+01  3.092580e-02 
 3.628984e+01  3.092580e-02 
 3.629016e+01  3.092580e-02 
 3.629048e+01  3.092580e-02 
 3.629080e+01  3.092580e-02 
 3.629112e+01  3.092580e-02 
 3.629145e+01  3.092580e-02 
 3.629177e+01  3.092580e-02 
 3.629209e+01  3.092580e-02 
 3.629241e+01  3.092580e-02 
 3.629273e+01  3.092580e-02 
 3.629305e+01  3.092580e-02 
 3.629338e+01  3.092580e-02 
 3.629370e+01  3.092580e-02 
 3.629402e+01  3.092580e-02 
 3.629434e+01  3.092580e-02 
 3.629466e+01  3.092580e-02 
 3.629498e+01  3.092580e-02 
 3.629531e+01  3.092580e-02 
 3.629563e+01  3.092580e-02 
 3.629595e+01  3.092580e-02 
 3.629627e+01  3.092580e-02 
 3.629659e+01  3.092580e-02 
 3.629691e+01  3.092580e-02 
 3.629723e+01  3.092580e-02 
 3.629756e+01  3.092580e-02 
 3.629788e+01  3.092580e-02 
 3.629820e+01  3.092580e-02 
 3.629852e+01  3.092580e-02 
 3.629884e+01  3.092580e-02 
 3.629916e+01  3.092580e-02 
 3.629949e+01  3.092580e-02 
 3.629981e+01  3.092580e-02 
 3.630013e+01  3.092580e-02 
 3.630045e+01  3.092580e-02 
 3.630077e+01  3.092580e-02 
 3.630109e+01  3.092580e-02 
 3.630141e+01  3.092580e-02 
 3.630174e+01  3.092580e-02 
 3.630206e+01  3.092580e-02 
 3.630238e+01  3.092580e-02 
 3.630270e+01  3.092580e-02 
 3.630302e+01  3.092580e-02 
 3.630334e+01  3.092580e-02 
 3.630367e+01  3.092580e-02 
 3.630399e+01  3.092580e-02 
 3.630431e+01  3.092580e-02 
 3.630463e+01  3.092580e-02 
 3.630495e+01  3.092580e-02 
 3.630527e+01  3.092580e-02 
 3.630560e+01  3.092580e-02 
 3.630592e+01  3.092580e-02 
 3.630624e+01  3.092580e-02 
 3.630656e+01  3.092580e-02 
 3.630688e+01  3.092580e-02 
 3.630720e+01  3.092580e-02 
 3.630752e+01  3.092580e-02 
 3.630785e+01  3.092580e-02 
 3.630817e+01  3.092580e-02 
 3.630849e+01  3.092580e-02 
 3.630881e+01  3.092580e-02 
 3.630913e+01  3.092580e-02 
 3.630945e+01  3.092580e-02 
 3.630978e+01  3.092580e-02 
 3.631010e+01  3.092580e-02 
 3.631042e+01  3.092580e-02 
 3.631074e+01  3.092580e-02 
 3.631106e+01  3.092580e-02 
 3.631138e+01  3.092580e-02 
 3.631170e+01  3.092580e-02 
 3.631203e+01  3.092580e-02 
 3.631235e+01  3.092580e-02 
 3.631267e+01  3.092580e-02 
 3.631299e+01  3.092580e-02 
 3.631331e+01  3.092580e-02 
 3.631363e+01  3.092580e-02 
 3.631396e+01  3.092580e-02 
 3.631428e+01  3.092580e-02 
 3.631460e+01  3.092580e-02 
 3.631492e+01  3.092580e-02 
 3.631524e+01  3.092580e-02 
 3.631556e+01  3.092580e-02 
 3.631588e+01  3.092580e-02 
 3.631621e+01  3.092580e-02 
 3.631653e+01  3.092580e-02 
 3.631685e+01  3.092580e-02 
 3.631717e+01  3.092580e-02 
 3.631749e+01  3.092580e-02 
 3.631781e+01  3.092580e-02 
 3.631814e+01  3.092580e-02 
 3.631846e+01  3.092580e-02 
 3.631878e+01  3.092580e-02 
 3.631910e+01  3.092580e-02 
 3.631942e+01  3.092580e-02 
 3.631974e+01  3.092580e-02 
 3.632007e+01  3.092580e-02 
 3.632039e+01  3.092580e-02 
 3.632071e+01  3.092580e-02 
 3.632103e+01  3.092580e-02 
 3.632135e+01  3.092580e-02 
 3.632167e+01  3.092580e-02 
 3.632199e+01  3.092580e-02 
 3.632232e+01  3.092580e-02 
 3.632264e+01  3.092580e-02 
 3.632296e+01  3.092580e-02 
 3.632328e+01  3.092580e-02 
 3.632360e+01  3.092580e-02 
 3.632392e+01  3.092580e-02 
 3.632425e+01  3.092580e-02 
 3.632457e+01  3.092580e-02 
 3.632489e+01  3.092580e-02 
 3.632521e+01  3.092580e-02 
 3.632553e+01  3.092580e-02 
 3.632585e+01  3.092580e-02 
 3.632617e+01  3.092580e-02 
 3.632650e+01  3.092580e-02 
 3.632682e+01  3.092580e-02 
 3.632714e+01  3.092580e-02 
 3.632746e+01  3.092580e-02 
 3.632778e+01  3.092580e-02 
 3.632810e+01  3.092580e-02 
 3.632843e+01  3.092580e-02 
 3.632875e+01  3.092580e-02 
 3.632907e+01  3.092580e-02 
 3.632939e+01  3.092580e-02 
 3.632971e+01  3.092580e-02 
 3.633003e+01  3.092580e-02 
 3.633035e+01  3.092580e-02 
 3.633068e+01  3.092580e-02 
 3.633100e+01  3.092580e-02 
 3.633132e+01  3.092580e-02 
 3.633164e+01  3.092580e-02 
 3.633196e+01  3.092580e-02 
 3.633228e+01  3.092580e-02 
 3.633261e+01  3.092580e-02 
 3.633293e+01  3.092580e-02 
 3.633325e+01  3.092580e-02 
 3.633357e+01  3.092580e-02 
 3.633389e+01  3.092580e-02 
 3.633421e+01  3.092580e-02 
 3.633454e+01  3.092580e-02 
 3.633486e+01  3.092580e-02 
 3.633518e+01  3.092580e-02 
 3.633550e+01  3.092580e-02 
 3.633582e+01  3.092580e-02 
 3.633614e+01  3.092580e-02 
 3.633646e+01  3.092580e-02 
 3.633679e+01  3.092580e-02 
 3.633711e+01  3.092580e-02 
 3.633743e+01  3.092580e-02 
 3.633775e+01  3.092580e-02 
 3.633807e+01  3.092580e-02 
 3.633839e+01  3.092580e-02 
 3.633872e+01  3.092580e-02 
 3.633904e+01  3.092580e-02 
 3.633936e+01  3.092580e-02 
 3.633968e+01  3.092580e-02 
 3.634000e+01  3.092580e-02 
 3.634032e+01  3.092580e-02 
 3.634064e+01  3.092580e-02 
 3.634097e+01  3.092580e-02 
 3.634129e+01  3.092580e-02 
 3.634161e+01  3.092580e-02 
 3.634193e+01  3.092580e-02 
 3.634225e+01  3.092580e-02 
 3.634257e+01  3.092580e-02 
 3.634290e+01  3.092580e-02 
 3.634322e+01  3.092580e-02 
 3.634354e+01  3.092580e-02 
 3.634386e+01  3.092580e-02 
 3.634418e+01  3.092580e-02 
 3.634450e+01  3.092580e-02 
 3.634483e+01  3.092580e-02 
 3.634515e+01  3.092580e-02 
 3.634547e+01  3.092580e-02 
 3.634579e+01  3.092580e-02 
 3.634611e+01  3.092580e-02 
 3.634643e+01  3.092580e-02 
 3.634675e+01  3.092580e-02 
 3.634708e+01  3.092580e-02 
 3.634740e+01  3.092580e-02 
 3.634772e+01  3.092580e-02 
 3.634804e+01  3.092580e-02 
 3.634836e+01  3.092580e-02 
 3.634868e+01  3.092580e-02 
 3.634901e+01  3.092580e-02 
 3.634933e+01  3.092580e-02 
 3.634965e+01  3.092580e-02 
 3.634997e+01  3.092580e-02 
 3.635029e+01  3.092580e-02 
 3.635061e+01  3.092580e-02 
 3.635093e+01  3.092580e-02 
 3.635126e+01  3.092580e-02 
 3.635158e+01  3.092580e-02 
 3.635190e+01  3.092580e-02 
 3.635222e+01  3.092580e-02 
 3.635254e+01  3.092580e-02 
 3.635286e+01  3.092580e-02 
 3.635319e+01  3.092580e-02 
 3.635351e+01  3.092580e-02 
 3.635383e+01  3.092580e-02 
 3.635415e+01  3.092580e-02 
 3.635447e+01  3.092580e-02 
 3.635479e+01  3.092580e-02 
 3.635511e+01  3.092580e-02 
 3.635544e+01  3.092580e-02 
 3.635576e+01  3.092580e-02 
 3.635608e+01  3.092580e-02 
 3.635640e+01  3.092580e-02 
 3.635672e+01  3.092580e-02 
 3.635704e+01  3.092580e-02 
 3.635737e+01  3.092580e-02 
 3.635769e+01  3.092580e-02 
 3.635801e+01  3.092580e-02 
 3.635833e+01  3.092580e-02 
 3.635865e+01  3.092580e-02 
 3.635897e+01  3.092580e-02 
 3.635930e+01  3.092580e-02 
 3.635962e+01  3.092580e-02 
 3.635994e+01  3.092580e-02 
 3.636026e+01  3.092580e-02 
 3.636058e+01  3.092580e-02 
 3.636090e+01  3.092580e-02 
 3.636122e+01  3.092580e-02 
 3.636155e+01  3.092580e-02 
 3.636187e+01  3.092580e-02 
 3.636219e+01  3.092580e-02 
 3.636251e+01  3.092580e-02 
 3.636283e+01  3.092580e-02 
 3.636315e+01  3.092580e-02 
 3.636348e+01  3.092580e-02 
 3.636380e+01  3.092580e-02 
 3.636412e+01  3.092580e-02 
 3.636444e+01  3.092580e-02 
 3.636476e+01  3.092580e-02 
 3.636508e+01  3.092580e-02 
 3.636540e+01  3.092580e-02 
 3.636573e+01  3.092580e-02 
 3.636605e+01  3.092580e-02 
 3.636637e+01  3.092580e-02 
 3.636669e+01  3.092580e-02 
 3.636701e+01  3.092580e-02 
 3.636733e+01  3.092580e-02 
 3.636766e+01  3.092580e-02 
 3.636798e+01  3.092580e-02 
 3.636830e+01  3.092580e-02 
 3.636862e+01  3.092580e-02 
 3.636894e+01  3.092580e-02 
 3.636926e+01  3.092580e-02 
 3.636959e+01  3.092580e-02 
 3.636991e+01  3.092580e-02 
 3.637023e+01  3.092580e-02 
 3.637055e+01  3.092580e-02 
 3.637087e+01  3.092580e-02 
 3.637119e+01  3.092580e-02 
 3.637151e+01  3.092580e-02 
 3.637184e+01  3.092580e-02 
 3.637216e+01  3.092580e-02 
 3.637248e+01  3.092580e-02 
 3.637280e+01  3.092580e-02 
 3.637312e+01  3.092580e-02 
 3.637344e+01  3.092580e-02 
 3.637377e+01  3.092580e-02 
 3.637409e+01  3.092580e-02 
 3.637441e+01  3.092580e-02 
 3.637473e+01  3.092580e-02 
 3.637505e+01  3.092580e-02 
 3.637537e+01  3.092580e-02 
 3.637569e+01  3.092580e-02 
 3.637602e+01  3.092580e-02 
 3.637634e+01  3.092580e-02 
 3.637666e+01  3.092580e-02 
 3.637698e+01  3.092580e-02 
 3.637730e+01  3.092580e-02 
 3.637762e+01  3.092580e-02 
 3.637795e+01  3.092580e-02 
 3.637827e+01  3.092580e-02 
 3.637859e+01  3.092580e-02 
 3.637891e+01  3.092580e-02 
 3.637923e+01  3.092580e-02 
 3.637955e+01  3.092580e-02 
 3.637987e+01  3.092580e-02 
 3.638020e+01  3.092580e-02 
 3.638052e+01  3.092580e-02 
 3.638084e+01  3.092580e-02 
 3.638116e+01  3.092580e-02 
 3.638148e+01  3.092580e-02 
 3.638180e+01  3.092580e-02 
 3.638213e+01  3.092580e-02 
 3.638245e+01  3.092580e-02 
 3.638277e+01  3.092580e-02 
 3.638309e+01  3.092580e-02 
 3.638341e+01  3.092580e-02 
 3.638373e+01  3.092580e-02 
 3.638406e+01  3.092580e-02 
 3.638438e+01  3.092580e-02 
 3.638470e+01  3.092580e-02 
 3.638502e+01  3.092580e-02 
 3.638534e+01  3.092580e-02 
 3.638566e+01  3.092580e-02 
 3.638598e+01  3.092580e-02 
 3.638631e+01  3.092580e-02 
 3.638663e+01  3.092580e-02 
 3.638695e+01  3.092580e-02 
 3.638727e+01  3.092580e-02 
 3.638759e+01  3.092580e-02 
 3.638791e+01  3.092580e-02 
 3.638824e+01  3.092580e-02 
 3.638856e+01  3.092580e-02 
 3.638888e+01  3.092580e-02 
 3.638920e+01  3.092580e-02 
 3.638952e+01  3.092580e-02 
 3.638984e+01  3.092580e-02 
 3.639016e+01  3.092580e-02 
 3.639049e+01  3.092580e-02 
 3.639081e+01  3.092580e-02 
 3.639113e+01  3.092580e-02 
 3.639145e+01  3.092580e-02 
 3.639177e+01  3.092580e-02 
 3.639209e+01  3.092580e-02 
 3.639242e+01  3.092580e-02 
 3.639274e+01  3.092580e-02 
 3.639306e+01  3.092580e-02 
 3.639338e+01  3.092580e-02 
 3.639370e+01  3.092580e-02 
 3.639402e+01  3.092580e-02 
 3.639434e+01  3.092580e-02 
 3.639467e+01  3.092580e-02 
 3.639499e+01  3.092580e-02 
 3.639531e+01  3.092580e-02 
 3.639563e+01  3.092580e-02 
 3.639595e+01  3.092580e-02 
 3.639627e+01  3.092580e-02 
 3.639660e+01  3.092580e-02 
 3.639692e+01  3.092580e-02 
 3.639724e+01  3.092580e-02 
 3.639756e+01  3.092580e-02 
 3.639788e+01  3.092580e-02 
 3.639820e+01  3.092580e-02 
 3.639853e+01  3.092580e-02 
 3.639885e+01  3.092580e-02 
 3.639917e+01  3.092580e-02 
 3.639949e+01  3.092580e-02 
 3.639981e+01  3.092580e-02 
 3.640013e+01  3.092580e-02 
 3.640045e+01  3.092580e-02 
 3.640078e+01  3.092580e-02 
 3.640110e+01  3.092580e-02 
 3.640142e+01  3.092580e-02 
 3.640174e+01  3.092580e-02 
 3.640206e+01  3.092580e-02 
 3.640238e+01  3.092580e-02 
 3.640271e+01  3.092580e-02 
 3.640303e+01  3.092580e-02 
 3.640335e+01  3.092580e-02 
 3.640367e+01  3.092580e-02 
 3.640399e+01  3.092580e-02 
 3.640431e+01  3.092580e-02 
 3.640463e+01  3.092580e-02 
 3.640496e+01  3.092580e-02 
 3.640528e+01  3.092580e-02 
 3.640560e+01  3.092580e-02 
 3.640592e+01  3.092580e-02 
 3.640624e+01  3.092580e-02 
 3.640656e+01  3.092580e-02 
 3.640689e+01  3.092580e-02 
 3.640721e+01  3.092580e-02 
 3.640753e+01  3.092580e-02 
 3.640785e+01  3.092580e-02 
 3.640817e+01  3.092580e-02 
 3.640849e+01  3.092580e-02 
 3.640882e+01  3.092580e-02 
 3.640914e+01  3.092580e-02 
 3.640946e+01  3.092580e-02 
 3.640978e+01  3.092580e-02 
 3.641010e+01  3.092580e-02 
 3.641042e+01  3.092580e-02 
 3.641074e+01  3.092580e-02 
 3.641107e+01  3.092580e-02 
 3.641139e+01  3.092580e-02 
 3.641171e+01  3.092580e-02 
 3.641203e+01  3.092580e-02 
 3.641235e+01  3.092580e-02 
 3.641267e+01  3.092580e-02 
 3.641300e+01  3.092580e-02 
 3.641332e+01  3.092580e-02 
 3.641364e+01  3.092580e-02 
 3.641396e+01  3.092580e-02 
 3.641428e+01  3.092580e-02 
 3.641460e+01  3.092580e-02 
 3.641492e+01  3.092580e-02 
 3.641525e+01  3.092580e-02 
 3.641557e+01  3.092580e-02 
 3.641589e+01  3.092580e-02 
 3.641621e+01  3.092580e-02 
 3.641653e+01  3.092580e-02 
 3.641685e+01  3.092580e-02 
 3.641718e+01  3.092580e-02 
 3.641750e+01  3.092580e-02 
 3.641782e+01  3.092580e-02 
 3.641814e+01  3.092580e-02 
 3.641846e+01  3.092580e-02 
 3.641878e+01  3.092580e-02 
 3.641910e+01  3.092580e-02 
 3.641943e+01  3.092580e-02 
 3.641975e+01  3.092580e-02 
 3.642007e+01  3.092580e-02 
 3.642039e+01  3.092580e-02 
 3.642071e+01  3.092580e-02 
 3.642103e+01  3.092580e-02 
 3.642136e+01  3.092580e-02 
 3.642168e+01  3.092580e-02 
 3.642200e+01  3.092580e-02 
 3.642232e+01  3.092580e-02 
 3.642264e+01  3.092580e-02 
 3.642296e+01  3.092580e-02 
 3.642329e+01  3.092580e-02 
 3.642361e+01  3.092580e-02 
 3.642393e+01  3.092580e-02 
 3.642425e+01  3.092580e-02 
 3.642457e+01  3.092580e-02 
 3.642489e+01  3.092580e-02 
 3.642521e+01  3.092580e-02 
 3.642554e+01  3.092580e-02 
 3.642586e+01  3.092580e-02 
 3.642618e+01  3.092580e-02 
 3.642650e+01  3.092580e-02 
 3.642682e+01  3.092580e-02 
 3.642714e+01  3.092580e-02 
 3.642747e+01  3.092580e-02 
 3.642779e+01  3.092580e-02 
 3.642811e+01  3.092580e-02 
 3.642843e+01  3.092580e-02 
 3.642875e+01  3.092580e-02 
 3.642907e+01  3.092580e-02 
 3.642939e+01  3.092580e-02 
 3.642972e+01  3.092580e-02 
 3.643004e+01  3.092580e-02 
 3.643036e+01  3.092580e-02 
 3.643068e+01  3.092580e-02 
 3.643100e+01  3.092580e-02 
 3.643132e+01  3.092580e-02 
 3.643165e+01  3.092580e-02 
 3.643197e+01  3.092580e-02 
 3.643229e+01  3.092580e-02 
 3.643261e+01  3.092580e-02 
 3.643293e+01  3.092580e-02 
 3.643325e+01  3.092580e-02 
 3.643357e+01  3.092580e-02 
 3.643390e+01  3.092580e-02 
 3.643422e+01  3.092580e-02 
 3.643454e+01  3.092580e-02 
 3.643486e+01  3.092580e-02 
 3.643518e+01  3.092580e-02 
 3.643550e+01  3.092580e-02 
 3.643583e+01  3.092580e-02 
 3.643615e+01  3.092580e-02 
 3.643647e+01  3.092580e-02 
 3.643679e+01  3.092580e-02 
 3.643711e+01  3.092580e-02 
 3.643743e+01  3.092580e-02 
 3.643776e+01  3.092580e-02 
 3.643808e+01  3.092580e-02 
 3.643840e+01  3.092580e-02 
 3.643872e+01  3.092580e-02 
 3.643904e+01  3.092580e-02 
 3.643936e+01  3.092580e-02 
 3.643968e+01  3.092580e-02 
 3.644001e+01  3.092580e-02 
 3.644033e+01  3.092580e-02 
 3.644065e+01  3.092580e-02 
 3.644097e+01  3.092580e-02 
 3.644129e+01  3.092580e-02 
 3.644161e+01  3.092580e-02 
 3.644194e+01  3.092580e-02 
 3.644226e+01  3.092580e-02 
 3.644258e+01  3.092580e-02 
 3.644290e+01  3.092580e-02 
 3.644322e+01  3.092580e-02 
 3.644354e+01  3.092580e-02 
 3.644386e+01  3.092580e-02 
 3.644419e+01  3.092580e-02 
 3.644451e+01  3.092580e-02 
 3.644483e+01  3.092580e-02 
 3.644515e+01  3.092580e-02 
 3.644547e+01  3.092580e-02 
 3.644579e+01  3.092580e-02 
 3.644612e+01  3.092580e-02 
 3.644644e+01  3.092580e-02 
 3.644676e+01  3.092580e-02 
 3.644708e+01  3.092580e-02 
 3.644740e+01  3.092580e-02 
 3.644772e+01  3.092580e-02 
 3.644805e+01  3.092580e-02 
 3.644837e+01  3.092580e-02 
 3.644869e+01  3.092580e-02 
 3.644901e+01  3.092580e-02 
 3.644933e+01  3.092580e-02 
 3.644965e+01  3.092580e-02 
 3.644997e+01  3.092580e-02 
 3.645030e+01  3.092580e-02 
 3.645062e+01  3.092580e-02 
 3.645094e+01  3.092580e-02 
 3.645126e+01  3.092580e-02 
 3.645158e+01  3.092580e-02 
 3.645190e+01  3.092580e-02 
 3.645223e+01  3.092580e-02 
 3.645255e+01  3.092580e-02 
 3.645287e+01  3.092580e-02 
 3.645319e+01  3.092580e-02 
 3.645351e+01  3.092580e-02 
 3.645383e+01  3.092580e-02 
 3.645415e+01  3.092580e-02 
 3.645448e+01  3.092580e-02 
 3.645480e+01  3.092580e-02 
 3.645512e+01  3.092580e-02 
 3.645544e+01  3.092580e-02 
 3.645576e+01  3.092580e-02 
 3.645608e+01  3.092580e-02 
 3.645641e+01  3.092580e-02 
 3.645673e+01  3.092580e-02 
 3.645705e+01  3.092580e-02 
 3.645737e+01  3.092580e-02 
 3.645769e+01  3.092580e-02 
 3.645801e+01  3.092580e-02 
 3.645833e+01  3.092580e-02 
 3.645866e+01  3.092580e-02 
 3.645898e+01  3.092580e-02 
 3.645930e+01  3.092580e-02 
 3.645962e+01  3.092580e-02 
 3.645994e+01  3.092580e-02 
 3.646026e+01  3.092580e-02 
 3.646059e+01  3.092580e-02 
 3.646091e+01  3.092580e-02 
 3.646123e+01  3.092580e-02 
 3.646155e+01  3.092580e-02 
 3.646187e+01  3.092580e-02 
 3.646219e+01  3.092580e-02 
 3.646252e+01  3.092580e-02 
 3.646284e+01  3.092580e-02 
 3.646316e+01  3.092580e-02 
 3.646348e+01  3.092580e-02 
 3.646380e+01  3.092580e-02 
 3.646412e+01  3.092580e-02 
 3.646444e+01  3.092580e-02 
 3.646477e+01  3.092580e-02 
 3.646509e+01  3.092580e-02 
 3.646541e+01  3.092580e-02 
 3.646573e+01  3.092580e-02 
 3.646605e+01  3.092580e-02 
 3.646637e+01  3.092580e-02 
 3.646670e+01  3.092580e-02 
 3.646702e+01  3.092580e-02 
 3.646734e+01  3.092580e-02 
 3.646766e+01  3.092580e-02 
 3.646798e+01  3.092580e-02 
 3.646830e+01  3.092580e-02 
 3.646862e+01  3.092580e-02 
 3.646895e+01  3.092580e-02 
 3.646927e+01  3.092580e-02 
 3.646959e+01  3.092580e-02 
 3.646991e+01  3.092580e-02 
 3.647023e+01  3.092580e-02 
 3.647055e+01  3.092580e-02 
 3.647088e+01  3.092580e-02 
 3.647120e+01  3.092580e-02 
 3.647152e+01  3.092580e-02 
 3.647184e+01  3.092580e-02 
 3.647216e+01  3.092580e-02 
 3.647248e+01  3.092580e-02 
 3.647280e+01  3.092580e-02 
 3.647313e+01  3.092580e-02 
 3.647345e+01  3.092580e-02 
 3.647377e+01  3.092580e-02 
 3.647409e+01  3.092580e-02 
 3.647441e+01  3.092580e-02 
 3.647473e+01  3.092580e-02 
 3.647506e+01  3.092580e-02 
 3.647538e+01  3.092580e-02 
 3.647570e+01  3.092580e-02 
 3.647602e+01  3.092580e-02 
 3.647634e+01  3.092580e-02 
 3.647666e+01  3.092580e-02 
 3.647699e+01  3.092580e-02 
 3.647731e+01  3.092580e-02 
 3.647763e+01  3.092580e-02 
 3.647795e+01  3.092580e-02 
 3.647827e+01  3.092580e-02 
 3.647859e+01  3.092580e-02 
 3.647891e+01  3.092580e-02 
 3.647924e+01  3.092580e-02 
 3.647956e+01  3.092580e-02 
 3.647988e+01  3.092580e-02 
 3.648020e+01  3.092580e-02 
 3.648052e+01  3.092580e-02 
 3.648084e+01  3.092580e-02 
 3.648117e+01  3.092580e-02 
 3.648149e+01  3.092580e-02 
 3.648181e+01  3.092580e-02 
 3.648213e+01  3.092580e-02 
 3.648245e+01  3.092580e-02 
 3.648277e+01  3.092580e-02 
 3.648309e+01  3.092580e-02 
 3.648342e+01  3.092580e-02 
 3.648374e+01  3.092580e-02 
 3.648406e+01  3.092580e-02 
 3.648438e+01  3.092580e-02 
 3.648470e+01  3.092580e-02 
 3.648502e+01  3.092580e-02 
 3.648535e+01  3.092580e-02 
 3.648567e+01  3.092580e-02 
 3.648599e+01  3.092580e-02 
 3.648631e+01  3.092580e-02 
 3.648663e+01  3.092580e-02 
 3.648695e+01  3.092580e-02 
 3.648728e+01  3.092580e-02 
 3.648760e+01  3.092580e-02 
 3.648792e+01  3.092580e-02 
 3.648824e+01  3.092580e-02 
 3.648856e+01  3.092580e-02 
 3.648888e+01  3.092580e-02 
 3.648920e+01  3.092580e-02 
 3.648953e+01  3.092580e-02 
 3.648985e+01  3.092580e-02 
 3.649017e+01  3.092580e-02 
 3.649049e+01  3.092580e-02 
 3.649081e+01  3.092580e-02 
 3.649113e+01  3.092580e-02 
 3.649146e+01  3.092580e-02 
 3.649178e+01  3.092580e-02 
 3.649210e+01  3.092580e-02 
 3.649242e+01  3.092580e-02 
 3.649274e+01  3.092580e-02 
 3.649306e+01  3.092580e-02 
 3.649338e+01  3.092580e-02 
 3.649371e+01  3.092580e-02 
 3.649403e+01  3.092580e-02 
 3.649435e+01  3.092580e-02 
 3.649467e+01  3.092580e-02 
 3.649499e+01  3.092580e-02 
 3.649531e+01  3.092580e-02 
 3.649564e+01  3.092580e-02 
 3.649596e+01  3.092580e-02 
 3.649628e+01  3.092580e-02 
 3.649660e+01  3.092580e-02 
 3.649692e+01  3.092580e-02 
 3.649724e+01  3.092580e-02 
 3.649756e+01  3.092580e-02 
 3.649789e+01  3.092580e-02 
 3.649821e+01  3.092580e-02 
 3.649853e+01  3.092580e-02 
 3.649885e+01  3.092580e-02 
 3.649917e+01  3.092580e-02 
 3.649949e+01  3.092580e-02 
 3.649982e+01  3.092580e-02 
 3.650014e+01  3.092580e-02 
 3.650046e+01  3.092580e-02 
 3.650078e+01  3.092580e-02 
 3.650110e+01  3.092580e-02 
 3.650142e+01  3.092580e-02 
 3.650175e+01  3.092580e-02 
 3.650207e+01  3.092580e-02 
 3.650239e+01  3.092580e-02 
 3.650271e+01  3.092580e-02 
 3.650303e+01  3.092580e-02 
 3.650335e+01  3.092580e-02 
 3.650367e+01  3.092580e-02 
 3.650400e+01  3.092580e-02 
 3.650432e+01  3.092580e-02 
 3.650464e+01  3.092580e-02 
 3.650496e+01  3.092580e-02 
 3.650528e+01  3.092580e-02 
 3.650560e+01  3.092580e-02 
 3.650593e+01  3.092580e-02 
 3.650625e+01  3.092580e-02 
 3.650657e+01  3.092580e-02 
 3.650689e+01  3.092580e-02 
 3.650721e+01  3.092580e-02 
 3.650753e+01  3.092580e-02 
 3.650785e+01  3.092580e-02 
 3.650818e+01  3.092580e-02 
 3.650850e+01  3.092580e-02 
 3.650882e+01  3.092580e-02 
 3.650914e+01  3.092580e-02 
 3.650946e+01  3.092580e-02 
 3.650978e+01  3.092580e-02 
 3.651011e+01  3.092580e-02 
 3.651043e+01  3.092580e-02 
 3.651075e+01  3.092580e-02 
 3.651107e+01  3.092580e-02 
 3.651139e+01  3.092580e-02 
 3.651171e+01  3.092580e-02 
 3.651203e+01  3.092580e-02 
 3.651236e+01  3.092580e-02 
 3.651268e+01  3.092580e-02 
 3.651300e+01  3.092580e-02 
 3.651332e+01  3.092580e-02 
 3.651364e+01  3.092580e-02 
 3.651396e+01  3.092580e-02 
 3.651429e+01  3.092580e-02 
 3.651461e+01  3.092580e-02 
 3.651493e+01  3.092580e-02 
 3.651525e+01  3.092580e-02 
 3.651557e+01  3.092580e-02 
 3.651589e+01  3.092580e-02 
 3.651622e+01  3.092580e-02 
 3.651654e+01  3.092580e-02 
 3.651686e+01  3.092580e-02 
 3.651718e+01  3.092580e-02 
 3.651750e+01  3.092580e-02 
 3.651782e+01  3.092580e-02 
 3.651814e+01  3.092580e-02 
 3.651847e+01  3.092580e-02 
 3.651879e+01  3.092580e-02 
 3.651911e+01  3.092580e-02 
 3.651943e+01  3.092580e-02 
 3.651975e+01  3.092580e-02 
 3.652007e+01  3.092580e-02 
 3.652040e+01  3.092580e-02 
 3.652072e+01  3.092580e-02 
 3.652104e+01  3.092580e-02 
 3.652136e+01  3.092580e-02 
 3.652168e+01  3.092580e-02 
 3.652200e+01  3.092580e-02 
 3.652232e+01  3.092580e-02 
 3.652265e+01  3.092580e-02 
 3.652297e+01  3.092580e-02 
 3.652329e+01  3.092580e-02 
 3.652361e+01  3.092580e-02 
 3.652393e+01  3.092580e-02 
 3.652425e+01  3.092580e-02 
 3.652458e+01  3.092580e-02 
 3.652490e+01  3.092580e-02 
 3.652522e+01  3.092580e-02 
 3.652554e+01  3.092580e-02 
 3.652586e+01  3.092580e-02 
 3.652618e+01  3.092580e-02 
 3.652651e+01  3.092580e-02 
 3.652683e+01  3.092580e-02 
 3.652715e+01  3.092580e-02 
 3.652747e+01  3.092580e-02 
 3.652779e+01  3.092580e-02 
 3.652811e+01  3.092580e-02 
 3.652843e+01  3.092580e-02 
 3.652876e+01  3.092580e-02 
 3.652908e+01  3.092580e-02 
 3.652940e+01  3.092580e-02 
 3.652972e+01  3.092580e-02 
 3.653004e+01  3.092580e-02 
 3.653036e+01  3.092580e-02 
 3.653069e+01  3.092580e-02 
 3.653101e+01  3.092580e-02 
 3.653133e+01  3.092580e-02 
 3.653165e+01  3.092580e-02 
 3.653197e+01  3.092580e-02 
 3.653229e+01  3.092580e-02 
 3.653261e+01  3.092580e-02 
 3.653294e+01  3.092580e-02 
 3.653326e+01  3.092580e-02 
 3.653358e+01  3.092580e-02 
 3.653390e+01  3.092580e-02 
 3.653422e+01  3.092580e-02 
 3.653454e+01  3.092580e-02 
 3.653487e+01  3.092580e-02 
 3.653519e+01  3.092580e-02 
 3.653551e+01  3.092580e-02 
 3.653583e+01  3.092580e-02 
 3.653615e+01  3.092580e-02 
 3.653647e+01  3.092580e-02 
 3.653679e+01  3.092580e-02 
 3.653712e+01  3.092580e-02 
 3.653744e+01  3.092580e-02 
 3.653776e+01  3.092580e-02 
 3.653808e+01  3.092580e-02 
 3.653840e+01  3.092580e-02 
 3.653872e+01  3.092580e-02 
 3.653905e+01  3.092580e-02 
 3.653937e+01  3.092580e-02 
 3.653969e+01  3.092580e-02 
 3.654001e+01  3.092580e-02 
 3.654033e+01  3.092580e-02 
 3.654065e+01  3.092580e-02 
 3.654098e+01  3.092580e-02 
 3.654130e+01  3.092580e-02 
 3.654162e+01  3.092580e-02 
 3.654194e+01  3.092580e-02 
 3.654226e+01  3.092580e-02 
 3.654258e+01  3.092580e-02 
 3.654290e+01  3.092580e-02 
 3.654323e+01  3.092580e-02 
 3.654355e+01  3.092580e-02 
 3.654387e+01  3.092580e-02 
 3.654419e+01  3.092580e-02 
 3.654451e+01  3.092580e-02 
 3.654483e+01  3.092580e-02 
 3.654516e+01  3.092580e-02 
 3.654548e+01  3.092580e-02 
 3.654580e+01  3.092580e-02 
 3.654612e+01  3.092580e-02 
 3.654644e+01  3.092580e-02 
 3.654676e+01  3.092580e-02 
 3.654708e+01  3.092580e-02 
 3.654741e+01  3.092580e-02 
 3.654773e+01  3.092580e-02 
 3.654805e+01  3.092580e-02 
 3.654837e+01  3.092580e-02 
 3.654869e+01  3.092580e-02 
 3.654901e+01  3.092580e-02 
 3.654934e+01  3.092580e-02 
 3.654966e+01  3.092580e-02 
 3.654998e+01  3.092580e-02 
 3.655030e+01  3.092580e-02 
 3.655062e+01  3.092580e-02 
 3.655094e+01  3.092580e-02 
 3.655127e+01  3.092580e-02 
 3.655159e+01  3.092580e-02 
 3.655191e+01  3.092580e-02 
 3.655223e+01  3.092580e-02 
 3.655255e+01  3.092580e-02 
 3.655287e+01  3.092580e-02 
 3.655319e+01  3.092580e-02 
 3.655352e+01  3.092580e-02 
 3.655384e+01  3.092580e-02 
 3.655416e+01  3.092580e-02 
 3.655448e+01  3.092580e-02 
 3.655480e+01  3.092580e-02 
 3.655512e+01  3.092580e-02 
 3.655545e+01  3.092580e-02 
 3.655577e+01  3.092580e-02 
 3.655609e+01  3.092580e-02 
 3.655641e+01  3.092580e-02 
 3.655673e+01  3.092580e-02 
 3.655705e+01  3.092580e-02 
 3.655737e+01  3.092580e-02 
 3.655770e+01  3.092580e-02 
 3.655802e+01  3.092580e-02 
 3.655834e+01  3.092580e-02 
 3.655866e+01  3.092580e-02 
 3.655898e+01  3.092580e-02 
 3.655930e+01  3.092580e-02 
 3.655963e+01  3.092580e-02 
 3.655995e+01  3.092580e-02 
 3.656027e+01  3.092580e-02 
 3.656059e+01  3.092580e-02 
 3.656091e+01  3.092580e-02 
 3.656123e+01  3.092580e-02 
 3.656155e+01  3.092580e-02 
 3.656188e+01  3.092580e-02 
 3.656220e+01  3.092580e-02 
 3.656252e+01  3.092580e-02 
 3.656284e+01  3.092580e-02 
 3.656316e+01  3.092580e-02 
 3.656348e+01  3.092580e-02 
 3.656381e+01  3.092580e-02 
 3.656413e+01  3.092580e-02 
 3.656445e+01  3.092580e-02 
 3.656477e+01  3.092580e-02 
 3.656509e+01  3.092580e-02 
 3.656541e+01  3.092580e-02 
 3.656574e+01  3.092580e-02 
 3.656606e+01  3.092580e-02 
 3.656638e+01  3.092580e-02 
 3.656670e+01  3.092580e-02 
 3.656702e+01  3.092580e-02 
 3.656734e+01  3.092580e-02 
 3.656766e+01  3.092580e-02 
 3.656799e+01  3.092580e-02 
 3.656831e+01  3.092580e-02 
 3.656863e+01  3.092580e-02 
 3.656895e+01  3.092580e-02 
 3.656927e+01  3.092580e-02 
 3.656959e+01  3.092580e-02 
 3.656992e+01  3.092580e-02 
 3.657024e+01  3.092580e-02 
 3.657056e+01  3.092580e-02 
 3.657088e+01  3.092580e-02 
 3.657120e+01  3.092580e-02 
 3.657152e+01  3.092580e-02 
 3.657184e+01  3.092580e-02 
 3.657217e+01  3.092580e-02 
 3.657249e+01  3.092580e-02 
 3.657281e+01  3.092580e-02 
 3.657313e+01  3.092580e-02 
 3.657345e+01  3.092580e-02 
 3.657377e+01  3.092580e-02 
 3.657410e+01  3.092580e-02 
 3.657442e+01  3.092580e-02 
 3.657474e+01  3.092580e-02 
 3.657506e+01  3.092580e-02 
 3.657538e+01  3.092580e-02 
 3.657570e+01  3.092580e-02 
 3.657602e+01  3.092580e-02 
 3.657635e+01  3.092580e-02 
 3.657667e+01  3.092580e-02 
 3.657699e+01  3.092580e-02 
 3.657731e+01  3.092580e-02 
 3.657763e+01  3.092580e-02 
 3.657795e+01  3.092580e-02 
 3.657828e+01  3.092580e-02 
 3.657860e+01  3.092580e-02 
 3.657892e+01  3.092580e-02 
 3.657924e+01  3.092580e-02 
 3.657956e+01  3.092580e-02 
 3.657988e+01  3.092580e-02 
 3.658021e+01  3.092580e-02 
 3.658053e+01  3.092580e-02 
 3.658085e+01  3.092580e-02 
 3.658117e+01  3.092580e-02 
 3.658149e+01  3.092580e-02 
 3.658181e+01  3.092580e-02 
 3.658213e+01  3.092580e-02 
 3.658246e+01  3.092580e-02 
 3.658278e+01  3.092580e-02 
 3.658310e+01  3.092580e-02 
 3.658342e+01  3.092580e-02 
 3.658374e+01  3.092580e-02 
 3.658406e+01  3.092580e-02 
 3.658439e+01  3.092580e-02 
 3.658471e+01  3.092580e-02 
 3.658503e+01  3.092580e-02 
 3.658535e+01  3.092580e-02 
 3.658567e+01  3.092580e-02 
 3.658599e+01  3.092580e-02 
 3.658631e+01  3.092580e-02 
 3.658664e+01  3.092580e-02 
 3.658696e+01  3.092580e-02 
 3.658728e+01  3.092580e-02 
 3.658760e+01  3.092580e-02 
 3.658792e+01  3.092580e-02 
 3.658824e+01  3.092580e-02 
 3.658857e+01  3.092580e-02 
 3.658889e+01  3.092580e-02 
 3.658921e+01  3.092580e-02 
 3.658953e+01  3.092580e-02 
 3.658985e+01  3.092580e-02 
 3.659017e+01  3.092580e-02 
 3.659050e+01  3.092580e-02 
 3.659082e+01  3.092580e-02 
 3.659114e+01  3.092580e-02 
 3.659146e+01  3.092580e-02 
 3.659178e+01  3.092580e-02 
 3.659210e+01  3.092580e-02 
 3.659242e+01  3.092580e-02 
 3.659275e+01  3.092580e-02 
 3.659307e+01  3.092580e-02 
 3.659339e+01  3.092580e-02 
 3.659371e+01  3.092580e-02 
 3.659403e+01  3.092580e-02 
 3.659435e+01  3.092580e-02 
 3.659468e+01  3.092580e-02 
 3.659500e+01  3.092580e-02 
 3.659532e+01  3.092580e-02 
 3.659564e+01  3.092580e-02 
 3.659596e+01  3.092580e-02 
 3.659628e+01  3.092580e-02 
 3.659660e+01  3.092580e-02 
 3.659693e+01  3.092580e-02 
 3.659725e+01  3.092580e-02 
 3.659757e+01  3.092580e-02 
 3.659789e+01  3.092580e-02 
 3.659821e+01  3.092580e-02 
 3.659853e+01  3.092580e-02 
 3.659886e+01  3.092580e-02 
 3.659918e+01  3.092580e-02 
 3.659950e+01  3.092580e-02 
 3.659982e+01  3.092580e-02 
 3.660014e+01  3.092580e-02 
 3.660046e+01  3.092580e-02 
 3.660078e+01  3.092580e-02 
 3.660111e+01  3.092580e-02 
 3.660143e+01  3.092580e-02 
 3.660175e+01  3.092580e-02 
 3.660207e+01  3.092580e-02 
 3.660239e+01  3.092580e-02 
 3.660271e+01  3.092580e-02 
 3.660304e+01  3.092580e-02 
 3.660336e+01  3.092580e-02 
 3.660368e+01  3.092580e-02 
 3.660400e+01  3.092580e-02 
 3.660432e+01  3.092580e-02 
 3.660464e+01  3.092580e-02 
 3.660497e+01  3.092580e-02 
 3.660529e+01  3.092580e-02 
 3.660561e+01  3.092580e-02 
 3.660593e+01  3.092580e-02 
 3.660625e+01  3.092580e-02 
 3.660657e+01  3.092580e-02 
 3.660689e+01  3.092580e-02 
 3.660722e+01  3.092580e-02 
 3.660754e+01  3.092580e-02 
 3.660786e+01  3.092580e-02 
 3.660818e+01  3.092580e-02 
 3.660850e+01  3.092580e-02 
 3.660882e+01  3.092580e-02 
 3.660915e+01  3.092580e-02 
 3.660947e+01  3.092580e-02 
 3.660979e+01  3.092580e-02 
 3.661011e+01  3.092580e-02 
 3.661043e+01  3.092580e-02 
 3.661075e+01  3.092580e-02 
 3.661107e+01  3.092580e-02 
 3.661140e+01  3.092580e-02 
 3.661172e+01  3.092580e-02 
 3.661204e+01  3.092580e-02 
 3.661236e+01  3.092580e-02 
 3.661268e+01  3.092580e-02 
 3.661300e+01  3.092580e-02 
 3.661333e+01  3.092580e-02 
 3.661365e+01  3.092580e-02 
 3.661397e+01  3.092580e-02 
 3.661429e+01  3.092580e-02 
 3.661461e+01  3.092580e-02 
 3.661493e+01  3.092580e-02 
 3.661525e+01  3.092580e-02 
 3.661558e+01  3.092580e-02 
 3.661590e+01  3.092580e-02 
 3.661622e+01  3.092580e-02 
 3.661654e+01  3.092580e-02 
 3.661686e+01  3.092580e-02 
 3.661718e+01  3.092580e-02 
 3.661751e+01  3.092580e-02 
 3.661783e+01  3.092580e-02 
 3.661815e+01  3.092580e-02 
 3.661847e+01  3.092580e-02 
 3.661879e+01  3.092580e-02 
 3.661911e+01  3.092580e-02 
 3.661944e+01  3.092580e-02 
 3.661976e+01  3.092580e-02 
 3.662008e+01  3.092580e-02 
 3.662040e+01  3.092580e-02 
 3.662072e+01  3.092580e-02 
 3.662104e+01  3.092580e-02 
 3.662136e+01  3.092580e-02 
 3.662169e+01  3.092580e-02 
 3.662201e+01  3.092580e-02 
 3.662233e+01  3.092580e-02 
 3.662265e+01  3.092580e-02 
 3.662297e+01  3.092580e-02 
 3.662329e+01  3.092580e-02 
 3.662362e+01  3.092580e-02 
 3.662394e+01  3.092580e-02 
 3.662426e+01  3.092580e-02 
 3.662458e+01  3.092580e-02 
 3.662490e+01  3.092580e-02 
 3.662522e+01  3.092580e-02 
 3.662554e+01  3.092580e-02 
 3.662587e+01  3.092580e-02 
 3.662619e+01  3.092580e-02 
 3.662651e+01  3.092580e-02 
 3.662683e+01  3.092580e-02 
 3.662715e+01  3.092580e-02 
 3.662747e+01  3.092580e-02 
 3.662780e+01  3.092580e-02 
 3.662812e+01  3.092580e-02 
 3.662844e+01  3.092580e-02 
 3.662876e+01  3.092580e-02 
 3.662908e+01  3.092580e-02 
 3.662940e+01  3.092580e-02 
 3.662973e+01  3.092580e-02 
 3.663005e+01  3.092580e-02 
 3.663037e+01  3.092580e-02 
 3.663069e+01  3.092580e-02 
 3.663101e+01  3.092580e-02 
 3.663133e+01  3.092580e-02 
 3.663165e+01  3.092580e-02 
 3.663198e+01  3.092580e-02 
 3.663230e+01  3.092580e-02 
 3.663262e+01  3.092580e-02 
 3.663294e+01  3.092580e-02 
 3.663326e+01  3.092580e-02 
 3.663358e+01  3.092580e-02 
 3.663391e+01  3.092580e-02 
 3.663423e+01  3.092580e-02 
 3.663455e+01  3.092580e-02 
 3.663487e+01  3.092580e-02 
 3.663519e+01  3.092580e-02 
 3.663551e+01  3.092580e-02 
 3.663583e+01  3.092580e-02 
 3.663616e+01  3.092580e-02 
 3.663648e+01  3.092580e-02 
 3.663680e+01  3.092580e-02 
 3.663712e+01  3.092580e-02 
 3.663744e+01  3.092580e-02 
 3.663776e+01  3.092580e-02 
 3.663809e+01  3.092580e-02 
 3.663841e+01  3.092580e-02 
 3.663873e+01  3.092580e-02 
 3.663905e+01  3.092580e-02 
 3.663937e+01  3.092580e-02 
 3.663969e+01  3.092580e-02 
 3.664001e+01  3.092580e-02 
 3.664034e+01  3.092580e-02 
 3.664066e+01  3.092580e-02 
 3.664098e+01  3.092580e-02 
 3.664130e+01  3.092580e-02 
 3.664162e+01  3.092580e-02 
 3.664194e+01  3.092580e-02 
 3.664227e+01  3.092580e-02 
 3.664259e+01  3.092580e-02 
 3.664291e+01  3.092580e-02 
 3.664323e+01  3.092580e-02 
 3.664355e+01  3.092580e-02 
 3.664387e+01  3.092580e-02 
 3.664420e+01  3.092580e-02 
 3.664452e+01  3.092580e-02 
 3.664484e+01  3.092580e-02 
 3.664516e+01  3.092580e-02 
 3.664548e+01  3.092580e-02 
 3.664580e+01  3.092580e-02 
 3.664612e+01  3.092580e-02 
 3.664645e+01  3.092580e-02 
 3.664677e+01  3.092580e-02 
 3.664709e+01  3.092580e-02 
 3.664741e+01  3.092580e-02 
 3.664773e+01  3.092580e-02 
 3.664805e+01  3.092580e-02 
 3.664838e+01  3.092580e-02 
 3.664870e+01  3.092580e-02 
 3.664902e+01  3.092580e-02 
 3.664934e+01  3.092580e-02 
 3.664966e+01  3.092580e-02 
 3.664998e+01  3.092580e-02 
 3.665030e+01  3.092580e-02 
 3.665063e+01  3.092580e-02 
 3.665095e+01  3.092580e-02 
 3.665127e+01  3.092580e-02 
 3.665159e+01  3.092580e-02 
 3.665191e+01  3.092580e-02 
 3.665223e+01  3.092580e-02 
 3.665256e+01  3.092580e-02 
 3.665288e+01  3.092580e-02 
 3.665320e+01  3.092580e-02 
 3.665352e+01  3.092580e-02 
 3.665384e+01  3.092580e-02 
 3.665416e+01  3.092580e-02 
 3.665448e+01  3.092580e-02 
 3.665481e+01  3.092580e-02 
 3.665513e+01  3.092580e-02 
 3.665545e+01  3.092580e-02 
 3.665577e+01  3.092580e-02 
 3.665609e+01  3.092580e-02 
 3.665641e+01  3.092580e-02 
 3.665674e+01  3.092580e-02 
 3.665706e+01  3.092580e-02 
 3.665738e+01  3.092580e-02 
 3.665770e+01  3.092580e-02 
 3.665802e+01  3.092580e-02 
 3.665834e+01  3.092580e-02 
 3.665867e+01  3.092580e-02 
 3.665899e+01  3.092580e-02 
 3.665931e+01  3.092580e-02 
 3.665963e+01  3.092580e-02 
 3.665995e+01  3.092580e-02 
 3.666027e+01  3.092580e-02 
 3.666059e+01  3.092580e-02 
 3.666092e+01  3.092580e-02 
 3.666124e+01  3.092580e-02 
 3.666156e+01  3.092580e-02 
 3.666188e+01  3.092580e-02 
 3.666220e+01  3.092580e-02 
 3.666252e+01  3.092580e-02 
 3.666285e+01  3.092580e-02 
 3.666317e+01  3.092580e-02 
 3.666349e+01  3.092580e-02 
 3.666381e+01  3.092580e-02 
 3.666413e+01  3.092580e-02 
 3.666445e+01  3.092580e-02 
 3.666477e+01  3.092580e-02 
 3.666510e+01  3.092580e-02 
 3.666542e+01  3.092580e-02 
 3.666574e+01  3.092580e-02 
 3.666606e+01  3.092580e-02 
 3.666638e+01  3.092580e-02 
 3.666670e+01  3.092580e-02 
 3.666703e+01  3.092580e-02 
 3.666735e+01  3.092580e-02 
 3.666767e+01  3.092580e-02 
 3.666799e+01  3.092580e-02 
 3.666831e+01  3.092580e-02 
 3.666863e+01  3.092580e-02 
 3.666896e+01  3.092580e-02 
 3.666928e+01  3.092580e-02 
 3.666960e+01  3.092580e-02 
 3.666992e+01  3.092580e-02 
 3.667024e+01  3.092580e-02 
 3.667056e+01  3.092580e-02 
 3.667088e+01  3.092580e-02 
 3.667121e+01  3.092580e-02 
 3.667153e+01  3.092580e-02 
 3.667185e+01  3.092580e-02 
 3.667217e+01  3.092580e-02 
 3.667249e+01  3.092580e-02 
 3.667281e+01  3.092580e-02 
 3.667314e+01  3.092580e-02 
 3.667346e+01  3.092580e-02 
 3.667378e+01  3.092580e-02 
 3.667410e+01  3.092580e-02 
 3.667442e+01  3.092580e-02 
 3.667474e+01  3.092580e-02 
 3.667506e+01  3.092580e-02 
 3.667539e+01  3.092580e-02 
 3.667571e+01  3.092580e-02 
 3.667603e+01  3.092580e-02 
 3.667635e+01  3.092580e-02 
 3.667667e+01  3.092580e-02 
 3.667699e+01  3.092580e-02 
 3.667732e+01  3.092580e-02 
 3.667764e+01  3.092580e-02 
 3.667796e+01  3.092580e-02 
 3.667828e+01  3.092580e-02 
 3.667860e+01  3.092580e-02 
 3.667892e+01  3.092580e-02 
 3.667924e+01  3.092580e-02 
 3.667957e+01  3.092580e-02 
 3.667989e+01  3.092580e-02 
 3.668021e+01  3.092580e-02 
 3.668053e+01  3.092580e-02 
 3.668085e+01  3.092580e-02 
 3.668117e+01  3.092580e-02 
 3.668150e+01  3.092580e-02 
 3.668182e+01  3.092580e-02 
 3.668214e+01  3.092580e-02 
 3.668246e+01  3.092580e-02 
 3.668278e+01  3.092580e-02 
 3.668310e+01  3.092580e-02 
 3.668343e+01  3.092580e-02 
 3.668375e+01  3.092580e-02 
 3.668407e+01  3.092580e-02 
 3.668439e+01  3.092580e-02 
 3.668471e+01  3.092580e-02 
 3.668503e+01  3.092580e-02 
 3.668535e+01  3.092580e-02 
 3.668568e+01  3.092580e-02 
 3.668600e+01  3.092580e-02 
 3.668632e+01  3.092580e-02 
 3.668664e+01  3.092580e-02 
 3.668696e+01  3.092580e-02 
 3.668728e+01  3.092580e-02 
 3.668761e+01  3.092580e-02 
 3.668793e+01  3.092580e-02 
 3.668825e+01  3.092580e-02 
 3.668857e+01  3.092580e-02 
 3.668889e+01  3.092580e-02 
 3.668921e+01  3.092580e-02 
 3.668953e+01  3.092580e-02 
 3.668986e+01  3.092580e-02 
 3.669018e+01  3.092580e-02 
 3.669050e+01  3.092580e-02 
 3.669082e+01  3.092580e-02 
 3.669114e+01  3.092580e-02 
 3.669146e+01  3.092580e-02 
 3.669179e+01  3.092580e-02 
 3.669211e+01  3.092580e-02 
 3.669243e+01  3.092580e-02 
 3.669275e+01  3.092580e-02 
 3.669307e+01  3.092580e-02 
 3.669339e+01  3.092580e-02 
 3.669372e+01  3.092580e-02 
 3.669404e+01  3.092580e-02 
 3.669436e+01  3.092580e-02 
 3.669468e+01  3.092580e-02 
 3.669500e+01  3.092580e-02 
 3.669532e+01  3.092580e-02 
 3.669564e+01  3.092580e-02 
 3.669597e+01  3.092580e-02 
 3.669629e+01  3.092580e-02 
 3.669661e+01  3.092580e-02 
 3.669693e+01  3.092580e-02 
 3.669725e+01  3.092580e-02 
 3.669757e+01  3.092580e-02 
 3.669790e+01  3.092580e-02 
 3.669822e+01  3.092580e-02 
 3.669854e+01  3.092580e-02 
 3.669886e+01  3.092580e-02 
 3.669918e+01  3.092580e-02 
 3.669950e+01  3.092580e-02 
 3.669982e+01  3.092580e-02 
 3.670015e+01  3.092580e-02 
 3.670047e+01  3.092580e-02 
 3.670079e+01  3.092580e-02 
 3.670111e+01  3.092580e-02 
 3.670143e+01  3.092580e-02 
 3.670175e+01  3.092580e-02 
 3.670208e+01  3.092580e-02 
 3.670240e+01  3.092580e-02 
 3.670272e+01  3.092580e-02 
 3.670304e+01  3.092580e-02 
 3.670336e+01  3.092580e-02 
 3.670368e+01  3.092580e-02 
 3.670400e+01  3.092580e-02 
 3.670433e+01  3.092580e-02 
 3.670465e+01  3.092580e-02 
 3.670497e+01  3.092580e-02 
 3.670529e+01  3.092580e-02 
 3.670561e+01  3.092580e-02 
 3.670593e+01  3.092580e-02 
 3.670626e+01  3.092580e-02 
 3.670658e+01  3.092580e-02 
 3.670690e+01  3.092580e-02 
 3.670722e+01  3.092580e-02 
 3.670754e+01  3.092580e-02 
 3.670786e+01  3.092580e-02 
 3.670819e+01  3.092580e-02 
 3.670851e+01  3.092580e-02 
 3.670883e+01  3.092580e-02 
 3.670915e+01  3.092580e-02 
 3.670947e+01  3.092580e-02 
 3.670979e+01  3.092580e-02 
 3.671011e+01  3.092580e-02 
 3.671044e+01  3.092580e-02 
 3.671076e+01  3.092580e-02 
 3.671108e+01  3.092580e-02 
 3.671140e+01  3.092580e-02 
 3.671172e+01  3.092580e-02 
 3.671204e+01  3.092580e-02 
 3.671237e+01  3.092580e-02 
 3.671269e+01  3.092580e-02 
 3.671301e+01  3.092580e-02 
 3.671333e+01  3.092580e-02 
 3.671365e+01  3.092580e-02 
 3.671397e+01  3.092580e-02 
 3.671429e+01  3.092580e-02 
 3.671462e+01  3.092580e-02 
 3.671494e+01  3.092580e-02 
 3.671526e+01  3.092580e-02 
 3.671558e+01  3.092580e-02 
 3.671590e+01  3.092580e-02 
 3.671622e+01  3.092580e-02 
 3.671655e+01  3.092580e-02 
 3.671687e+01  3.092580e-02 
 3.671719e+01  3.092580e-02 
 3.671751e+01  3.092580e-02 
 3.671783e+01  3.092580e-02 
 3.671815e+01  3.092580e-02 
 3.671847e+01  3.092580e-02 
 3.671880e+01  3.092580e-02 
 3.671912e+01  3.092580e-02 
 3.671944e+01  3.092580e-02 
 3.671976e+01  3.092580e-02 
 3.672008e+01  3.092580e-02 
 3.672040e+01  3.092580e-02 
 3.672073e+01  3.092580e-02 
 3.672105e+01  3.092580e-02 
 3.672137e+01  3.092580e-02 
 3.672169e+01  3.092580e-02 
 3.672201e+01  3.092580e-02 
 3.672233e+01  3.092580e-02 
 3.672266e+01  3.092580e-02 
 3.672298e+01  3.092580e-02 
 3.672330e+01  3.092580e-02 
 3.672362e+01  3.092580e-02 
 3.672394e+01  3.092580e-02 
 3.672426e+01  3.092580e-02 
 3.672458e+01  3.092580e-02 
 3.672491e+01  3.092580e-02 
 3.672523e+01  3.092580e-02 
 3.672555e+01  3.092580e-02 
 3.672587e+01  3.092580e-02 
 3.672619e+01  3.092580e-02 
 3.672651e+01  3.092580e-02 
 3.672684e+01  3.092580e-02 
 3.672716e+01  3.092580e-02 
 3.672748e+01  3.092580e-02 
 3.672780e+01  3.092580e-02 
 3.672812e+01  3.092580e-02 
 3.672844e+01  3.092580e-02 
 3.672876e+01  3.092580e-02 
 3.672909e+01  3.092580e-02 
 3.672941e+01  3.092580e-02 
 3.672973e+01  3.092580e-02 
 3.673005e+01  3.092580e-02 
 3.673037e+01  3.092580e-02 
 3.673069e+01  3.092580e-02 
 3.673102e+01  3.092580e-02 
 3.673134e+01  3.092580e-02 
 3.673166e+01  3.092580e-02 
 3.673198e+01  3.092580e-02 
 3.673230e+01  3.092580e-02 
 3.673262e+01  3.092580e-02 
 3.673295e+01  3.092580e-02 
 3.673327e+01  3.092580e-02 
 3.673359e+01  3.092580e-02 
 3.673391e+01  3.092580e-02 
 3.673423e+01  3.092580e-02 
 3.673455e+01  3.092580e-02 
 3.673487e+01  3.092580e-02 
 3.673520e+01  3.092580e-02 
 3.673552e+01  3.092580e-02 
 3.673584e+01  3.092580e-02 
 3.673616e+01  3.092580e-02 
 3.673648e+01  3.092580e-02 
 3.673680e+01  3.092580e-02 
 3.673713e+01  3.092580e-02 
 3.673745e+01  3.092580e-02 
 3.673777e+01  3.092580e-02 
 3.673809e+01  3.092580e-02 
 3.673841e+01  3.092580e-02 
 3.673873e+01  3.092580e-02 
 3.673905e+01  3.092580e-02 
 3.673938e+01  3.092580e-02 
 3.673970e+01  3.092580e-02 
 3.674002e+01  3.092580e-02 
 3.674034e+01  3.092580e-02 
 3.674066e+01  3.092580e-02 
 3.674098e+01  3.092580e-02 
 3.674131e+01  3.092580e-02 
 3.674163e+01  3.092580e-02 
 3.674195e+01  3.092580e-02 
 3.674227e+01  3.092580e-02 
 3.674259e+01  3.092580e-02 
 3.674291e+01  3.092580e-02 
 3.674323e+01  3.092580e-02 
 3.674356e+01  3.092580e-02 
 3.674388e+01  3.092580e-02 
 3.674420e+01  3.092580e-02 
 3.674452e+01  3.092580e-02 
 3.674484e+01  3.092580e-02 
 3.674516e+01  3.092580e-02 
 3.674549e+01  3.092580e-02 
 3.674581e+01  3.092580e-02 
 3.674613e+01  3.092580e-02 
 3.674645e+01  3.092580e-02 
 3.674677e+01  3.092580e-02 
 3.674709e+01  3.092580e-02 
 3.674742e+01  3.092580e-02 
 3.674774e+01  3.092580e-02 
 3.674806e+01  3.092580e-02 
 3.674838e+01  3.092580e-02 
 3.674870e+01  3.092580e-02 
 3.674902e+01  3.092580e-02 
 3.674934e+01  3.092580e-02 
 3.674967e+01  3.092580e-02 
 3.674999e+01  3.092580e-02 
 3.675031e+01  3.092580e-02 
 3.675063e+01  3.092580e-02 
 3.675095e+01  3.092580e-02 
 3.675127e+01  3.092580e-02 
 3.675160e+01  3.092580e-02 
 3.675192e+01  3.092580e-02 
 3.675224e+01  3.092580e-02 
 3.675256e+01  3.092580e-02 
 3.675288e+01  3.092580e-02 
 3.675320e+01  3.092580e-02 
 3.675352e+01  3.092580e-02 
 3.675385e+01  3.092580e-02 
 3.675417e+01  3.092580e-02 
 3.675449e+01  3.092580e-02 
 3.675481e+01  3.092580e-02 
 3.675513e+01  3.092580e-02 
 3.675545e+01  3.092580e-02 
 3.675578e+01  3.092580e-02 
 3.675610e+01  3.092580e-02 
 3.675642e+01  3.092580e-02 
 3.675674e+01  3.092580e-02 
 3.675706e+01  3.092580e-02 
 3.675738e+01  3.092580e-02 
 3.675770e+01  3.092580e-02 
 3.675803e+01  3.092580e-02 
 3.675835e+01  3.092580e-02 
 3.675867e+01  3.092580e-02 
 3.675899e+01  3.092580e-02 
 3.675931e+01  3.092580e-02 
 3.675963e+01  3.092580e-02 
 3.675996e+01  3.092580e-02 
 3.676028e+01  3.092580e-02 
 3.676060e+01  3.092580e-02 
 3.676092e+01  3.092580e-02 
 3.676124e+01  3.092580e-02 
 3.676156e+01  3.092580e-02 
 3.676189e+01  3.092580e-02 
 3.676221e+01  3.092580e-02 
 3.676253e+01  3.092580e-02 
 3.676285e+01  3.092580e-02 
 3.676317e+01  3.092580e-02 
 3.676349e+01  3.092580e-02 
 3.676381e+01  3.092580e-02 
 3.676414e+01  3.092580e-02 
 3.676446e+01  3.092580e-02 
 3.676478e+01  3.092580e-02 
 3.676510e+01  3.092580e-02 
 3.676542e+01  3.092580e-02 
 3.676574e+01  3.092580e-02 
 3.676607e+01  3.092580e-02 
 3.676639e+01  3.092580e-02 
 3.676671e+01  3.092580e-02 
 3.676703e+01  3.092580e-02 
 3.676735e+01  3.092580e-02 
 3.676767e+01  3.092580e-02 
 3.676799e+01  3.092580e-02 
 3.676832e+01  3.092580e-02 
 3.676864e+01  3.092580e-02 
 3.676896e+01  3.092580e-02 
 3.676928e+01  3.092580e-02 
 3.676960e+01  3.092580e-02 
 3.676992e+01  3.092580e-02 
 3.677025e+01  3.092580e-02 
 3.677057e+01  3.092580e-02 
 3.677089e+01  3.092580e-02 
 3.677121e+01  3.092580e-02 
 3.677153e+01  3.092580e-02 
 3.677185e+01  3.092580e-02 
 3.677218e+01  3.092580e-02 
 3.677250e+01  3.092580e-02 
 3.677282e+01  3.092580e-02 
 3.677314e+01  3.092580e-02 
 3.677346e+01  3.092580e-02 
 3.677378e+01  3.092580e-02 
 3.677410e+01  3.092580e-02 
 3.677443e+01  3.092580e-02 
 3.677475e+01  3.092580e-02 
 3.677507e+01  3.092580e-02 
 3.677539e+01  3.092580e-02 
 3.677571e+01  3.092580e-02 
 3.677603e+01  3.092580e-02 
 3.677636e+01  3.092580e-02 
 3.677668e+01  3.092580e-02 
 3.677700e+01  3.092580e-02 
 3.677732e+01  3.092580e-02 
 3.677764e+01  3.092580e-02 
 3.677796e+01  3.092580e-02 
 3.677828e+01  3.092580e-02 
 3.677861e+01  3.092580e-02 
 3.677893e+01  3.092580e-02 
 3.677925e+01  3.092580e-02 
 3.677957e+01  3.092580e-02 
 3.677989e+01  3.092580e-02 
 3.678021e+01  3.092580e-02 
 3.678054e+01  3.092580e-02 
 3.678086e+01  3.092580e-02 
 3.678118e+01  3.092580e-02 
 3.678150e+01  3.092580e-02 
 3.678182e+01  3.092580e-02 
 3.678214e+01  3.092580e-02 
 3.678246e+01  3.092580e-02 
 3.678279e+01  3.092580e-02 
 3.678311e+01  3.092580e-02 
 3.678343e+01  3.092580e-02 
 3.678375e+01  3.092580e-02 
 3.678407e+01  3.092580e-02 
 3.678439e+01  3.092580e-02 
 3.678472e+01  3.092580e-02 
 3.678504e+01  3.092580e-02 
 3.678536e+01  3.092580e-02 
 3.678568e+01  3.092580e-02 
 3.678600e+01  3.092580e-02 
 3.678632e+01  3.092580e-02 
 3.678665e+01  3.092580e-02 
 3.678697e+01  3.092580e-02 
 3.678729e+01  3.092580e-02 
 3.678761e+01  3.092580e-02 
 3.678793e+01  3.092580e-02 
 3.678825e+01  3.092580e-02 
 3.678857e+01  3.092580e-02 
 3.678890e+01  3.092580e-02 
 3.678922e+01  3.092580e-02 
 3.678954e+01  3.092580e-02 
 3.678986e+01  3.092580e-02 
 3.679018e+01  3.092580e-02 
 3.679050e+01  3.092580e-02 
 3.679083e+01  3.092580e-02 
 3.679115e+01  3.092580e-02 
 3.679147e+01  3.092580e-02 
 3.679179e+01  3.092580e-02 
 3.679211e+01  3.092580e-02 
 3.679243e+01  3.092580e-02 
 3.679275e+01  3.092580e-02 
 3.679308e+01  3.092580e-02 
 3.679340e+01  3.092580e-02 
 3.679372e+01  3.092580e-02 
 3.679404e+01  3.092580e-02 
 3.679436e+01  3.092580e-02 
 3.679468e+01  3.092580e-02 
 3.679501e+01  3.092580e-02 
 3.679533e+01  3.092580e-02 
 3.679565e+01  3.092580e-02 
 3.679597e+01  3.092580e-02 
 3.679629e+01  3.092580e-02 
 3.679661e+01  3.092580e-02 
 3.679693e+01  3.092580e-02 
 3.679726e+01  3.092580e-02 
 3.679758e+01  3.092580e-02 
 3.679790e+01  3.092580e-02 
 3.679822e+01  3.092580e-02 
 3.679854e+01  3.092580e-02 
 3.679886e+01  3.092580e-02 
 3.679919e+01  3.092580e-02 
 3.679951e+01  3.092580e-02 
 3.679983e+01  3.092580e-02 
 3.680015e+01  3.092580e-02 
 3.680047e+01  3.092580e-02 
 3.680079e+01  3.092580e-02 
 3.680112e+01  3.092580e-02 
 3.680144e+01  3.092580e-02 
 3.680176e+01  3.092580e-02 
 3.680208e+01  3.092580e-02 
 3.680240e+01  3.092580e-02 
 3.680272e+01  3.092580e-02 
 3.680304e+01  3.092580e-02 
 3.680337e+01  3.092580e-02 
 3.680369e+01  3.092580e-02 
 3.680401e+01  3.092580e-02 
 3.680433e+01  3.092580e-02 
 3.680465e+01  3.092580e-02 
 3.680497e+01  3.092580e-02 
 3.680530e+01  3.092580e-02 
 3.680562e+01  3.092580e-02 
 3.680594e+01  3.092580e-02 
 3.680626e+01  3.092580e-02 
 3.680658e+01  3.092580e-02 
 3.680690e+01  3.092580e-02 
 3.680722e+01  3.092580e-02 
 3.680755e+01  3.092580e-02 
 3.680787e+01  3.092580e-02 
 3.680819e+01  3.092580e-02 
 3.680851e+01  3.092580e-02 
 3.680883e+01  3.092580e-02 
 3.680915e+01  3.092580e-02 
 3.680948e+01  3.092580e-02 
 3.680980e+01  3.092580e-02 
 3.681012e+01  3.092580e-02 
 3.681044e+01  3.092580e-02 
 3.681076e+01  3.092580e-02 
 3.681108e+01  3.092580e-02 
 3.681141e+01  3.092580e-02 
 3.681173e+01  3.092580e-02 
 3.681205e+01  3.092580e-02 
 3.681237e+01  3.092580e-02 
 3.681269e+01  3.092580e-02 
 3.681301e+01  3.092580e-02 
 3.681333e+01  3.092580e-02 
 3.681366e+01  3.092580e-02 
 3.681398e+01  3.092580e-02 
 3.681430e+01  3.092580e-02 
 3.681462e+01  3.092580e-02 
 3.681494e+01  3.092580e-02 
 3.681526e+01  3.092580e-02 
 3.681559e+01  3.092580e-02 
 3.681591e+01  3.092580e-02 
 3.681623e+01  3.092580e-02 
 3.681655e+01  3.092580e-02 
 3.681687e+01  3.092580e-02 
 3.681719e+01  3.092580e-02 
 3.681751e+01  3.092580e-02 
 3.681784e+01  3.092580e-02 
 3.681816e+01  3.092580e-02 
 3.681848e+01  3.092580e-02 
 3.681880e+01  3.092580e-02 
 3.681912e+01  3.092580e-02 
 3.681944e+01  3.092580e-02 
 3.681977e+01  3.092580e-02 
 3.682009e+01  3.092580e-02 
 3.682041e+01  3.092580e-02 
 3.682073e+01  3.092580e-02 
 3.682105e+01  3.092580e-02 
 3.682137e+01  3.092580e-02 
 3.682169e+01  3.092580e-02 
 3.682202e+01  3.092580e-02 
 3.682234e+01  3.092580e-02 
 3.682266e+01  3.092580e-02 
 3.682298e+01  3.092580e-02 
 3.682330e+01  3.092580e-02 
 3.682362e+01  3.092580e-02 
 3.682395e+01  3.092580e-02 
 3.682427e+01  3.092580e-02 
 3.682459e+01  3.092580e-02 
 3.682491e+01  3.092580e-02 
 3.682523e+01  3.092580e-02 
 3.682555e+01  3.092580e-02 
 3.682588e+01  3.092580e-02 
 3.682620e+01  3.092580e-02 
 3.682652e+01  3.092580e-02 
 3.682684e+01  3.092580e-02 
 3.682716e+01  3.092580e-02 
 3.682748e+01  3.092580e-02 
 3.682780e+01  3.092580e-02 
 3.682813e+01  3.092580e-02 
 3.682845e+01  3.092580e-02 
 3.682877e+01  3.092580e-02 
 3.682909e+01  3.092580e-02 
 3.682941e+01  3.092580e-02 
 3.682973e+01  3.092580e-02 
 3.683006e+01  3.092580e-02 
 3.683038e+01  3.092580e-02 
 3.683070e+01  3.092580e-02 
 3.683102e+01  3.092580e-02 
 3.683134e+01  3.092580e-02 
 3.683166e+01  3.092580e-02 
 3.683198e+01  3.092580e-02 
 3.683231e+01  3.092580e-02 
 3.683263e+01  3.092580e-02 
 3.683295e+01  3.092580e-02 
 3.683327e+01  3.092580e-02 
 3.683359e+01  3.092580e-02 
 3.683391e+01  3.092580e-02 
 3.683424e+01  3.092580e-02 
 3.683456e+01  3.092580e-02 
 3.683488e+01  3.092580e-02 
 3.683520e+01  3.092580e-02 
 3.683552e+01  3.092580e-02 
 3.683584e+01  3.092580e-02 
 3.683616e+01  3.092580e-02 
 3.683649e+01  3.092580e-02 
 3.683681e+01  3.092580e-02 
 3.683713e+01  3.092580e-02 
 3.683745e+01  3.092580e-02 
 3.683777e+01  3.092580e-02 
 3.683809e+01  3.092580e-02 
 3.683842e+01  3.092580e-02 
 3.683874e+01  3.092580e-02 
 3.683906e+01  3.092580e-02 
 3.683938e+01  3.092580e-02 
 3.683970e+01  3.092580e-02 
 3.684002e+01  3.092580e-02 
 3.684035e+01  3.092580e-02 
 3.684067e+01  3.092580e-02 
 3.684099e+01  3.092580e-02 
 3.684131e+01  3.092580e-02 
 3.684163e+01  3.092580e-02 
 3.684195e+01  3.092580e-02 
 3.684227e+01  3.092580e-02 
 3.684260e+01  3.092580e-02 
 3.684292e+01  3.092580e-02 
 3.684324e+01  3.092580e-02 
 3.684356e+01  3.092580e-02 
 3.684388e+01  3.092580e-02 
 3.684420e+01  3.092580e-02 
 3.684453e+01  3.092580e-02 
 3.684485e+01  3.092580e-02 
 3.684517e+01  3.092580e-02 
 3.684549e+01  3.092580e-02 
 3.684581e+01  3.092580e-02 
 3.684613e+01  3.092580e-02 
 3.684645e+01  3.092580e-02 
 3.684678e+01  3.092580e-02 
 3.684710e+01  3.092580e-02 
 3.684742e+01  3.092580e-02 
 3.684774e+01  3.092580e-02 
 3.684806e+01  3.092580e-02 
 3.684838e+01  3.092580e-02 
 3.684871e+01  3.092580e-02 
 3.684903e+01  3.092580e-02 
 3.684935e+01  3.092580e-02 
 3.684967e+01  3.092580e-02 
 3.684999e+01  3.092580e-02 
 3.685031e+01  3.092580e-02 
 3.685064e+01  3.092580e-02 
 3.685096e+01  3.092580e-02 
 3.685128e+01  3.092580e-02 
 3.685160e+01  3.092580e-02 
 3.685192e+01  3.092580e-02 
 3.685224e+01  3.092580e-02 
 3.685256e+01  3.092580e-02 
 3.685289e+01  3.092580e-02 
 3.685321e+01  3.092580e-02 
 3.685353e+01  3.092580e-02 
 3.685385e+01  3.092580e-02 
 3.685417e+01  3.092580e-02 
 3.685449e+01  3.092580e-02 
 3.685482e+01  3.092580e-02 
 3.685514e+01  3.092580e-02 
 3.685546e+01  3.092580e-02 
 3.685578e+01  3.092580e-02 
 3.685610e+01  3.092580e-02 
 3.685642e+01  3.092580e-02 
 3.685674e+01  3.092580e-02 
 3.685707e+01  3.092580e-02 
 3.685739e+01  3.092580e-02 
 3.685771e+01  3.092580e-02 
 3.685803e+01  3.092580e-02 
 3.685835e+01  3.092580e-02 
 3.685867e+01  3.092580e-02 
 3.685900e+01  3.092580e-02 
 3.685932e+01  3.092580e-02 
 3.685964e+01  3.092580e-02 
 3.685996e+01  3.092580e-02 
 3.686028e+01  3.092580e-02 
 3.686060e+01  3.092580e-02 
 3.686092e+01  3.092580e-02 
 3.686125e+01  3.092580e-02 
 3.686157e+01  3.092580e-02 
 3.686189e+01  3.092580e-02 
 3.686221e+01  3.092580e-02 
 3.686253e+01  3.092580e-02 
 3.686285e+01  3.092580e-02 
 3.686318e+01  3.092580e-02 
 3.686350e+01  3.092580e-02 
 3.686382e+01  3.092580e-02 
 3.686414e+01  3.092580e-02 
 3.686446e+01  3.092580e-02 
 3.686478e+01  3.092580e-02 
 3.686511e+01  3.092580e-02 
 3.686543e+01  3.092580e-02 
 3.686575e+01  3.092580e-02 
 3.686607e+01  3.092580e-02 
 3.686639e+01  3.092580e-02 
 3.686671e+01  3.092580e-02 
 3.686703e+01  3.092580e-02 
 3.686736e+01  3.092580e-02 
 3.686768e+01  3.092580e-02 
 3.686800e+01  3.092580e-02 
 3.686832e+01  3.092580e-02 
 3.686864e+01  3.092580e-02 
 3.686896e+01  3.092580e-02 
 3.686929e+01  3.092580e-02 
 3.686961e+01  3.092580e-02 
 3.686993e+01  3.092580e-02 
 3.687025e+01  3.092580e-02 
 3.687057e+01  3.092580e-02 
 3.687089e+01  3.092580e-02 
 3.687121e+01  3.092580e-02 
 3.687154e+01  3.092580e-02 
 3.687186e+01  3.092580e-02 
 3.687218e+01  3.092580e-02 
 3.687250e+01  3.092580e-02 
 3.687282e+01  3.092580e-02 
 3.687314e+01  3.092580e-02 
 3.687347e+01  3.092580e-02 
 3.687379e+01  3.092580e-02 
 3.687411e+01  3.092580e-02 
 3.687443e+01  3.092580e-02 
 3.687475e+01  3.092580e-02 
 3.687507e+01  3.092580e-02 
 3.687540e+01  3.092580e-02 
 3.687572e+01  3.092580e-02 
 3.687604e+01  3.092580e-02 
 3.687636e+01  3.092580e-02 
 3.687668e+01  3.092580e-02 
 3.687700e+01  3.092580e-02 
 3.687732e+01  3.092580e-02 
 3.687765e+01  3.092580e-02 
 3.687797e+01  3.092580e-02 
 3.687829e+01  3.092580e-02 
 3.687861e+01  3.092580e-02 
 3.687893e+01  3.092580e-02 
 3.687925e+01  3.092580e-02 
 3.687958e+01  3.092580e-02 
 3.687990e+01  3.092580e-02 
 3.688022e+01  3.092580e-02 
 3.688054e+01  3.092580e-02 
 3.688086e+01  3.092580e-02 
 3.688118e+01  3.092580e-02 
 3.688150e+01  3.092580e-02 
 3.688183e+01  3.092580e-02 
 3.688215e+01  3.092580e-02 
 3.688247e+01  3.092580e-02 
 3.688279e+01  3.092580e-02 
 3.688311e+01  3.092580e-02 
 3.688343e+01  3.092580e-02 
 3.688376e+01  3.092580e-02 
 3.688408e+01  3.092580e-02 
 3.688440e+01  3.092580e-02 
 3.688472e+01  3.092580e-02 
 3.688504e+01  3.092580e-02 
 3.688536e+01  3.092580e-02 
 3.688568e+01  3.092580e-02 
 3.688601e+01  3.092580e-02 
 3.688633e+01  3.092580e-02 
 3.688665e+01  3.092580e-02 
 3.688697e+01  3.092580e-02 
 3.688729e+01  3.092580e-02 
 3.688761e+01  3.092580e-02 
 3.688794e+01  3.092580e-02 
 3.688826e+01  3.092580e-02 
 3.688858e+01  3.092580e-02 
 3.688890e+01  3.092580e-02 
 3.688922e+01  3.092580e-02 
 3.688954e+01  3.092580e-02 
 3.688987e+01  3.092580e-02 
 3.689019e+01  3.092580e-02 
 3.689051e+01  3.092580e-02 
 3.689083e+01  3.092580e-02 
 3.689115e+01  3.092580e-02 
 3.689147e+01  3.092580e-02 
 3.689179e+01  3.092580e-02 
 3.689212e+01  3.092580e-02 
 3.689244e+01  3.092580e-02 
 3.689276e+01  3.092580e-02 
 3.689308e+01  3.092580e-02 
 3.689340e+01  3.092580e-02 
 3.689372e+01  3.092580e-02 
 3.689405e+01  3.092580e-02 
 3.689437e+01  3.092580e-02 
 3.689469e+01  3.092580e-02 
 3.689501e+01  3.092580e-02 
 3.689533e+01  3.092580e-02 
 3.689565e+01  3.092580e-02 
 3.689597e+01  3.092580e-02 
 3.689630e+01  3.092580e-02 
 3.689662e+01  3.092580e-02 
 3.689694e+01  3.092580e-02 
 3.689726e+01  3.092580e-02 
 3.689758e+01  3.092580e-02 
 3.689790e+01  3.092580e-02 
 3.689823e+01  3.092580e-02 
 3.689855e+01  3.092580e-02 
 3.689887e+01  3.092580e-02 
 3.689919e+01  3.092580e-02 
 3.689951e+01  3.092580e-02 
 3.689983e+01  3.092580e-02 
 3.690015e+01  3.092580e-02 
 3.690048e+01  3.092580e-02 
 3.690080e+01  3.092580e-02 
 3.690112e+01  3.092580e-02 
 3.690144e+01  3.092580e-02 
 3.690176e+01  3.092580e-02 
 3.690208e+01  3.092580e-02 
 3.690241e+01  3.092580e-02 
 3.690273e+01  3.092580e-02 
 3.690305e+01  3.092580e-02 
 3.690337e+01  3.092580e-02 
 3.690369e+01  3.092580e-02 
 3.690401e+01  3.092580e-02 
 3.690434e+01  3.092580e-02 
 3.690466e+01  3.092580e-02 
 3.690498e+01  3.092580e-02 
 3.690530e+01  3.092580e-02 
 3.690562e+01  3.092580e-02 
 3.690594e+01  3.092580e-02 
 3.690626e+01  3.092580e-02 
 3.690659e+01  3.092580e-02 
 3.690691e+01  3.092580e-02 
 3.690723e+01  3.092580e-02 
 3.690755e+01  3.092580e-02 
 3.690787e+01  3.092580e-02 
 3.690819e+01  3.092580e-02 
 3.690852e+01  3.092580e-02 
 3.690884e+01  3.092580e-02 
 3.690916e+01  3.092580e-02 
 3.690948e+01  3.092580e-02 
 3.690980e+01  3.092580e-02 
 3.691012e+01  3.092580e-02 
 3.691044e+01  3.092580e-02 
 3.691077e+01  3.092580e-02 
 3.691109e+01  3.092580e-02 
 3.691141e+01  3.092580e-02 
 3.691173e+01  3.092580e-02 
 3.691205e+01  3.092580e-02 
 3.691237e+01  3.092580e-02 
 3.691270e+01  3.092580e-02 
 3.691302e+01  3.092580e-02 
 3.691334e+01  3.092580e-02 
 3.691366e+01  3.092580e-02 
 3.691398e+01  3.092580e-02 
 3.691430e+01  3.092580e-02 
 3.691463e+01  3.092580e-02 
 3.691495e+01  3.092580e-02 
 3.691527e+01  3.092580e-02 
 3.691559e+01  3.092580e-02 
 3.691591e+01  3.092580e-02 
 3.691623e+01  3.092580e-02 
 3.691655e+01  3.092580e-02 
 3.691688e+01  3.092580e-02 
 3.691720e+01  3.092580e-02 
 3.691752e+01  3.092580e-02 
 3.691784e+01  3.092580e-02 
 3.691816e+01  3.092580e-02 
 3.691848e+01  3.092580e-02 
 3.691881e+01  3.092580e-02 
 3.691913e+01  3.092580e-02 
 3.691945e+01  3.092580e-02 
 3.691977e+01  3.092580e-02 
 3.692009e+01  3.092580e-02 
 3.692041e+01  3.092580e-02 
 3.692073e+01  3.092580e-02 
 3.692106e+01  3.092580e-02 
 3.692138e+01  3.092580e-02 
 3.692170e+01  3.092580e-02 
 3.692202e+01  3.092580e-02 
 3.692234e+01  3.092580e-02 
 3.692266e+01  3.092580e-02 
 3.692299e+01  3.092580e-02 
 3.692331e+01  3.092580e-02 
 3.692363e+01  3.092580e-02 
 3.692395e+01  3.092580e-02 
 3.692427e+01  3.092580e-02 
 3.692459e+01  3.092580e-02 
 3.692491e+01  3.092580e-02 
 3.692524e+01  3.092580e-02 
 3.692556e+01  3.092580e-02 
 3.692588e+01  3.092580e-02 
 3.692620e+01  3.092580e-02 
 3.692652e+01  3.092580e-02 
 3.692684e+01  3.092580e-02 
 3.692717e+01  3.092580e-02 
 3.692749e+01  3.092580e-02 
 3.692781e+01  3.092580e-02 
 3.692813e+01  3.092580e-02 
 3.692845e+01  3.092580e-02 
 3.692877e+01  3.092580e-02 
 3.692910e+01  3.092580e-02 
 3.692942e+01  3.092580e-02 
 3.692974e+01  3.092580e-02 
 3.693006e+01  3.092580e-02 
 3.693038e+01  3.092580e-02 
 3.693070e+01  3.092580e-02 
 3.693102e+01  3.092580e-02 
 3.693135e+01  3.092580e-02 
 3.693167e+01  3.092580e-02 
 3.693199e+01  3.092580e-02 
 3.693231e+01  3.092580e-02 
 3.693263e+01  3.092580e-02 
 3.693295e+01  3.092580e-02 
 3.693328e+01  3.092580e-02 
 3.693360e+01  3.092580e-02 
 3.693392e+01  3.092580e-02 
 3.693424e+01  3.092580e-02 
 3.693456e+01  3.092580e-02 
 3.693488e+01  3.092580e-02 
 3.693520e+01  3.092580e-02 
 3.693553e+01  3.092580e-02 
 3.693585e+01  3.092580e-02 
 3.693617e+01  3.092580e-02 
 3.693649e+01  3.092580e-02 
 3.693681e+01  3.092580e-02 
 3.693713e+01  3.092580e-02 
 3.693746e+01  3.092580e-02 
 3.693778e+01  3.092580e-02 
 3.693810e+01  3.092580e-02 
 3.693842e+01  3.092580e-02 
 3.693874e+01  3.092580e-02 
 3.693906e+01  3.092580e-02 
 3.693938e+01  3.092580e-02 
 3.693971e+01  3.092580e-02 
 3.694003e+01  3.092580e-02 
 3.694035e+01  3.092580e-02 
 3.694067e+01  3.092580e-02 
 3.694099e+01  3.092580e-02 
 3.694131e+01  3.092580e-02 
 3.694164e+01  3.092580e-02 
 3.694196e+01  3.092580e-02 
 3.694228e+01  3.092580e-02 
 3.694260e+01  3.092580e-02 
 3.694292e+01  3.092580e-02 
 3.694324e+01  3.092580e-02 
 3.694357e+01  3.092580e-02 
 3.694389e+01  3.092580e-02 
 3.694421e+01  3.092580e-02 
 3.694453e+01  3.092580e-02 
 3.694485e+01  3.092580e-02 
 3.694517e+01  3.092580e-02 
 3.694549e+01  3.092580e-02 
 3.694582e+01  3.092580e-02 
 3.694614e+01  3.092580e-02 
 3.694646e+01  3.092580e-02 
 3.694678e+01  3.092580e-02 
 3.694710e+01  3.092580e-02 
 3.694742e+01  3.092580e-02 
 3.694775e+01  3.092580e-02 
 3.694807e+01  3.092580e-02 
 3.694839e+01  3.092580e-02 
 3.694871e+01  3.092580e-02 
 3.694903e+01  3.092580e-02 
 3.694935e+01  3.092580e-02 
 3.694967e+01  3.092580e-02 
 3.695000e+01  3.092580e-02 
 3.695032e+01  3.092580e-02 
 3.695064e+01  3.092580e-02 
 3.695096e+01  3.092580e-02 
 3.695128e+01  3.092580e-02 
 3.695160e+01  3.092580e-02 
 3.695193e+01  3.092580e-02 
 3.695225e+01  3.092580e-02 
 3.695257e+01  3.092580e-02 
 3.695289e+01  3.092580e-02 
 3.695321e+01  3.092580e-02 
 3.695353e+01  3.092580e-02 
 3.695386e+01  3.092580e-02 
 3.695418e+01  3.092580e-02 
 3.695450e+01  3.092580e-02 
 3.695482e+01  3.092580e-02 
 3.695514e+01  3.092580e-02 
 3.695546e+01  3.092580e-02 
 3.695578e+01  3.092580e-02 
 3.695611e+01  3.092580e-02 
 3.695643e+01  3.092580e-02 
 3.695675e+01  3.092580e-02 
 3.695707e+01  3.092580e-02 
 3.695739e+01  3.092580e-02 
 3.695771e+01  3.092580e-02 
 3.695804e+01  3.092580e-02 
 3.695836e+01  3.092580e-02 
 3.695868e+01  3.092580e-02 
 3.695900e+01  3.092580e-02 
 3.695932e+01  3.092580e-02 
 3.695964e+01  3.092580e-02 
 3.695996e+01  3.092580e-02 
 3.696029e+01  3.092580e-02 
 3.696061e+01  3.092580e-02 
 3.696093e+01  3.092580e-02 
 3.696125e+01  3.092580e-02 
 3.696157e+01  3.092580e-02 
 3.696189e+01  3.092580e-02 
 3.696222e+01  3.092580e-02 
 3.696254e+01  3.092580e-02 
 3.696286e+01  3.092580e-02 
 3.696318e+01  3.092580e-02 
 3.696350e+01  3.092580e-02 
 3.696382e+01  3.092580e-02 
 3.696414e+01  3.092580e-02 
 3.696447e+01  3.092580e-02 
 3.696479e+01  3.092580e-02 
 3.696511e+01  3.092580e-02 
 3.696543e+01  3.092580e-02 
 3.696575e+01  3.092580e-02 
 3.696607e+01  3.092580e-02 
 3.696640e+01  3.092580e-02 
 3.696672e+01  3.092580e-02 
 3.696704e+01  3.092580e-02 
 3.696736e+01  3.092580e-02 
 3.696768e+01  3.092580e-02 
 3.696800e+01  3.092580e-02 
 3.696833e+01  3.092580e-02 
 3.696865e+01  3.092580e-02 
 3.696897e+01  3.092580e-02 
 3.696929e+01  3.092580e-02 
 3.696961e+01  3.092580e-02 
 3.696993e+01  3.092580e-02 
 3.697025e+01  3.092580e-02 
 3.697058e+01  3.092580e-02 
 3.697090e+01  3.092580e-02 
 3.697122e+01  3.092580e-02 
 3.697154e+01  3.092580e-02 
 3.697186e+01  3.092580e-02 
 3.697218e+01  3.092580e-02 
 3.697251e+01  3.092580e-02 
 3.697283e+01  3.092580e-02 
 3.697315e+01  3.092580e-02 
 3.697347e+01  3.092580e-02 
 3.697379e+01  3.092580e-02 
 3.697411e+01  3.092580e-02 
 3.697443e+01  3.092580e-02 
 3.697476e+01  3.092580e-02 
 3.697508e+01  3.092580e-02 
 3.697540e+01  3.092580e-02 
 3.697572e+01  3.092580e-02 
 3.697604e+01  3.092580e-02 
 3.697636e+01  3.092580e-02 
 3.697669e+01  3.092580e-02 
 3.697701e+01  3.092580e-02 
 3.697733e+01  3.092580e-02 
 3.697765e+01  3.092580e-02 
 3.697797e+01  3.092580e-02 
 3.697829e+01  3.092580e-02 
 3.697861e+01  3.092580e-02 
 3.697894e+01  3.092580e-02 
 3.697926e+01  3.092580e-02 
 3.697958e+01  3.092580e-02 
 3.697990e+01  3.092580e-02 
 3.698022e+01  3.092580e-02 
 3.698054e+01  3.092580e-02 
 3.698087e+01  3.092580e-02 
 3.698119e+01  3.092580e-02 
 3.698151e+01  3.092580e-02 
 3.698183e+01  3.092580e-02 
 3.698215e+01  3.092580e-02 
 3.698247e+01  3.092580e-02 
 3.698280e+01  3.092580e-02 
 3.698312e+01  3.092580e-02 
 3.698344e+01  3.092580e-02 
 3.698376e+01  3.092580e-02 
 3.698408e+01  3.092580e-02 
 3.698440e+01  3.092580e-02 
 3.698472e+01  3.092580e-02 
 3.698505e+01  3.092580e-02 
 3.698537e+01  3.092580e-02 
 3.698569e+01  3.092580e-02 
 3.698601e+01  3.092580e-02 
 3.698633e+01  3.092580e-02 
 3.698665e+01  3.092580e-02 
 3.698698e+01  3.092580e-02 
 3.698730e+01  3.092580e-02 
 3.698762e+01  3.092580e-02 
 3.698794e+01  3.092580e-02 
 3.698826e+01  3.092580e-02 
 3.698858e+01  3.092580e-02 
 3.698890e+01  3.092580e-02 
 3.698923e+01  3.092580e-02 
 3.698955e+01  3.092580e-02 
 3.698987e+01  3.092580e-02 
 3.699019e+01  3.092580e-02 
 3.699051e+01  3.092580e-02 
 3.699083e+01  3.092580e-02 
 3.699116e+01  3.092580e-02 
 3.699148e+01  3.092580e-02 
 3.699180e+01  3.092580e-02 
 3.699212e+01  3.092580e-02 
 3.699244e+01  3.092580e-02 
 3.699276e+01  3.092580e-02 
 3.699309e+01  3.092580e-02 
 3.699341e+01  3.092580e-02 
 3.699373e+01  3.092580e-02 
 3.699405e+01  3.092580e-02 
 3.699437e+01  3.092580e-02 
 3.699469e+01  3.092580e-02 
 3.699501e+01  3.092580e-02 
 3.699534e+01  3.092580e-02 
 3.699566e+01  3.092580e-02 
 3.699598e+01  3.092580e-02 
 3.699630e+01  3.092580e-02 
 3.699662e+01  3.092580e-02 
 3.699694e+01  3.092580e-02 
 3.699727e+01  3.092580e-02 
 3.699759e+01  3.092580e-02 
 3.699791e+01  3.092580e-02 
 3.699823e+01  3.092580e-02 
 3.699855e+01  3.092580e-02 
 3.699887e+01  3.092580e-02 
 3.699919e+01  3.092580e-02 
 3.699952e+01  3.092580e-02 
 3.699984e+01  3.092580e-02 
 3.700016e+01  3.092580e-02 
 3.700048e+01  3.092580e-02 
 3.700080e+01  3.092580e-02 
 3.700112e+01  3.092580e-02 
 3.700145e+01  3.092580e-02 
 3.700177e+01  3.092580e-02 
 3.700209e+01  3.092580e-02 
 3.700241e+01  3.092580e-02 
 3.700273e+01  3.092580e-02 
 3.700305e+01  3.092580e-02 
 3.700337e+01  3.092580e-02 
 3.700370e+01  3.092580e-02 
 3.700402e+01  3.092580e-02 
 3.700434e+01  3.092580e-02 
 3.700466e+01  3.092580e-02 
 3.700498e+01  3.092580e-02 
 3.700530e+01  3.092580e-02 
 3.700563e+01  3.092580e-02 
 3.700595e+01  3.092580e-02 
 3.700627e+01  3.092580e-02 
 3.700659e+01  3.092580e-02 
 3.700691e+01  3.092580e-02 
 3.700723e+01  3.092580e-02 
 3.700756e+01  3.092580e-02 
 3.700788e+01  3.092580e-02 
 3.700820e+01  3.092580e-02 
 3.700852e+01  3.092580e-02 
 3.700884e+01  3.092580e-02 
 3.700916e+01  3.092580e-02 
 3.700948e+01  3.092580e-02 
 3.700981e+01  3.092580e-02 
 3.701013e+01  3.092580e-02 
 3.701045e+01  3.092580e-02 
 3.701077e+01  3.092580e-02 
 3.701109e+01  3.092580e-02 
 3.701141e+01  3.092580e-02 
 3.701174e+01  3.092580e-02 
 3.701206e+01  3.092580e-02 
 3.701238e+01  3.092580e-02 
 3.701270e+01  3.092580e-02 
 3.701302e+01  3.092580e-02 
 3.701334e+01  3.092580e-02 
 3.701366e+01  3.092580e-02 
 3.701399e+01  3.092580e-02 
 3.701431e+01  3.092580e-02 
 3.701463e+01  3.092580e-02 
 3.701495e+01  3.092580e-02 
 3.701527e+01  3.092580e-02 
 3.701559e+01  3.092580e-02 
 3.701592e+01  3.092580e-02 
 3.701624e+01  3.092580e-02 
 3.701656e+01  3.092580e-02 
 3.701688e+01  3.092580e-02 
 3.701720e+01  3.092580e-02 
 3.701752e+01  3.092580e-02 
 3.701785e+01  3.092580e-02 
 3.701817e+01  3.092580e-02 
 3.701849e+01  3.092580e-02 
 3.701881e+01  3.092580e-02 
 3.701913e+01  3.092580e-02 
 3.701945e+01  3.092580e-02 
 3.701977e+01  3.092580e-02 
 3.702010e+01  3.092580e-02 
 3.702042e+01  3.092580e-02 
 3.702074e+01  3.092580e-02 
 3.702106e+01  3.092580e-02 
 3.702138e+01  3.092580e-02 
 3.702170e+01  3.092580e-02 
 3.702203e+01  3.092580e-02 
 3.702235e+01  3.092580e-02 
 3.702267e+01  3.092580e-02 
 3.702299e+01  3.092580e-02 
 3.702331e+01  3.092580e-02 
 3.702363e+01  3.092580e-02 
 3.702395e+01  3.092580e-02 
 3.702428e+01  3.092580e-02 
 3.702460e+01  3.092580e-02 
 3.702492e+01  3.092580e-02 
 3.702524e+01  3.092580e-02 
 3.702556e+01  3.092580e-02 
 3.702588e+01  3.092580e-02 
 3.702621e+01  3.092580e-02 
 3.702653e+01  3.092580e-02 
 3.702685e+01  3.092580e-02 
 3.702717e+01  3.092580e-02 
 3.702749e+01  3.092580e-02 
 3.702781e+01  3.092580e-02 
 3.702813e+01  3.092580e-02 
 3.702846e+01  3.092580e-02 
 3.702878e+01  3.092580e-02 
 3.702910e+01  3.092580e-02 
 3.702942e+01  3.092580e-02 
 3.702974e+01  3.092580e-02 
 3.703006e+01  3.092580e-02 
 3.703039e+01  3.092580e-02 
 3.703071e+01  3.092580e-02 
 3.703103e+01  3.092580e-02 
 3.703135e+01  3.092580e-02 
 3.703167e+01  3.092580e-02 
 3.703199e+01  3.092580e-02 
 3.703232e+01  3.092580e-02 
 3.703264e+01  3.092580e-02 
 3.703296e+01  3.092580e-02 
 3.703328e+01  3.092580e-02 
 3.703360e+01  3.092580e-02 
 3.703392e+01  3.092580e-02 
 3.703424e+01  3.092580e-02 
 3.703457e+01  3.092580e-02 
 3.703489e+01  3.092580e-02 
 3.703521e+01  3.092580e-02 
 3.703553e+01  3.092580e-02 
 3.703585e+01  3.092580e-02 
 3.703617e+01  3.092580e-02 
 3.703650e+01  3.092580e-02 
 3.703682e+01  3.092580e-02 
 3.703714e+01  3.092580e-02 
 3.703746e+01  3.092580e-02 
 3.703778e+01  3.092580e-02 
 3.703810e+01  3.092580e-02 
 3.703842e+01  3.092580e-02 
 3.703875e+01  3.092580e-02 
 3.703907e+01  3.092580e-02 
 3.703939e+01  3.092580e-02 
 3.703971e+01  3.092580e-02 
 3.704003e+01  3.092580e-02 
 3.704035e+01  3.092580e-02 
 3.704068e+01  3.092580e-02 
 3.704100e+01  3.092580e-02 
 3.704132e+01  3.092580e-02 
 3.704164e+01  3.092580e-02 
 3.704196e+01  3.092580e-02 
 3.704228e+01  3.092580e-02 
 3.704260e+01  3.092580e-02 
 3.704293e+01  3.092580e-02 
 3.704325e+01  3.092580e-02 
 3.704357e+01  3.092580e-02 
 3.704389e+01  3.092580e-02 
 3.704421e+01  3.092580e-02 
 3.704453e+01  3.092580e-02 
 3.704486e+01  3.092580e-02 
 3.704518e+01  3.092580e-02 
 3.704550e+01  3.092580e-02 
 3.704582e+01  3.092580e-02 
 3.704614e+01  3.092580e-02 
 3.704646e+01  3.092580e-02 
 3.704679e+01  3.092580e-02 
 3.704711e+01  3.092580e-02 
 3.704743e+01  3.092580e-02 
 3.704775e+01  3.092580e-02 
 3.704807e+01  3.092580e-02 
 3.704839e+01  3.092580e-02 
 3.704871e+01  3.092580e-02 
 3.704904e+01  3.092580e-02 
 3.704936e+01  3.092580e-02 
 3.704968e+01  3.092580e-02 
 3.705000e+01  3.092580e-02 
 3.705032e+01  3.092580e-02 
 3.705064e+01  3.092580e-02 
 3.705097e+01  3.092580e-02 
 3.705129e+01  3.092580e-02 
 3.705161e+01  3.092580e-02 
 3.705193e+01  3.092580e-02 
 3.705225e+01  3.092580e-02 
 3.705257e+01  3.092580e-02 
 3.705289e+01  3.092580e-02 
 3.705322e+01  3.092580e-02 
 3.705354e+01  3.092580e-02 
 3.705386e+01  3.092580e-02 
 3.705418e+01  3.092580e-02 
 3.705450e+01  3.092580e-02 
 3.705482e+01  3.092580e-02 
 3.705515e+01  3.092580e-02 
 3.705547e+01  3.092580e-02 
 3.705579e+01  3.092580e-02 
 3.705611e+01  3.092580e-02 
 3.705643e+01  3.092580e-02 
 3.705675e+01  3.092580e-02 
 3.705708e+01  3.092580e-02 
 3.705740e+01  3.092580e-02 
 3.705772e+01  3.092580e-02 
 3.705804e+01  3.092580e-02 
 3.705836e+01  3.092580e-02 
 3.705868e+01  3.092580e-02 
 3.705900e+01  3.092580e-02 
 3.705933e+01  3.092580e-02 
 3.705965e+01  3.092580e-02 
 3.705997e+01  3.092580e-02 
 3.706029e+01  3.092580e-02 
 3.706061e+01  3.092580e-02 
 3.706093e+01  3.092580e-02 
 3.706126e+01  3.092580e-02 
 3.706158e+01  3.092580e-02 
 3.706190e+01  3.092580e-02 
 3.706222e+01  3.092580e-02 
 3.706254e+01  3.092580e-02 
 3.706286e+01  3.092580e-02 
 3.706318e+01  3.092580e-02 
 3.706351e+01  3.092580e-02 
 3.706383e+01  3.092580e-02 
 3.706415e+01  3.092580e-02 
 3.706447e+01  3.092580e-02 
 3.706479e+01  3.092580e-02 
 3.706511e+01  3.092580e-02 
 3.706544e+01  3.092580e-02 
 3.706576e+01  3.092580e-02 
 3.706608e+01  3.092580e-02 
 3.706640e+01  3.092580e-02 
 3.706672e+01  3.092580e-02 
 3.706704e+01  3.092580e-02 
 3.706736e+01  3.092580e-02 
 3.706769e+01  3.092580e-02 
 3.706801e+01  3.092580e-02 
 3.706833e+01  3.092580e-02 
 3.706865e+01  3.092580e-02 
 3.706897e+01  3.092580e-02 
 3.706929e+01  3.092580e-02 
 3.706962e+01  3.092580e-02 
 3.706994e+01  3.092580e-02 
 3.707026e+01  3.092580e-02 
 3.707058e+01  3.092580e-02 
 3.707090e+01  3.092580e-02 
 3.707122e+01  3.092580e-02 
 3.707155e+01  3.092580e-02 
 3.707187e+01  3.092580e-02 
 3.707219e+01  3.092580e-02 
 3.707251e+01  3.092580e-02 
 3.707283e+01  3.092580e-02 
 3.707315e+01  3.092580e-02 
 3.707347e+01  3.092580e-02 
 3.707380e+01  3.092580e-02 
 3.707412e+01  3.092580e-02 
 3.707444e+01  3.092580e-02 
 3.707476e+01  3.092580e-02 
 3.707508e+01  3.092580e-02 
 3.707540e+01  3.092580e-02 
 3.707573e+01  3.092580e-02 
 3.707605e+01  3.092580e-02 
 3.707637e+01  3.092580e-02 
 3.707669e+01  3.092580e-02 
 3.707701e+01  3.092580e-02 
 3.707733e+01  3.092580e-02 
 3.707765e+01  3.092580e-02 
 3.707798e+01  3.092580e-02 
 3.707830e+01  3.092580e-02 
 3.707862e+01  3.092580e-02 
 3.707894e+01  3.092580e-02 
 3.707926e+01  3.092580e-02 
 3.707958e+01  3.092580e-02 
 3.707991e+01  3.092580e-02 
 3.708023e+01  3.092580e-02 
 3.708055e+01  3.092580e-02 
 3.708087e+01  3.092580e-02 
 3.708119e+01  3.092580e-02 
 3.708151e+01  3.092580e-02 
 3.708183e+01  3.092580e-02 
 3.708216e+01  3.092580e-02 
 3.708248e+01  3.092580e-02 
 3.708280e+01  3.092580e-02 
 3.708312e+01  3.092580e-02 
 3.708344e+01  3.092580e-02 
 3.708376e+01  3.092580e-02 
 3.708409e+01  3.092580e-02 
 3.708441e+01  3.092580e-02 
 3.708473e+01  3.092580e-02 
 3.708505e+01  3.092580e-02 
 3.708537e+01  3.092580e-02 
 3.708569e+01  3.092580e-02 
 3.708602e+01  3.092580e-02 
 3.708634e+01  3.092580e-02 
 3.708666e+01  3.092580e-02 
 3.708698e+01  3.092580e-02 
 3.708730e+01  3.092580e-02 
 3.708762e+01  3.092580e-02 
 3.708794e+01  3.092580e-02 
 3.708827e+01  3.092580e-02 
 3.708859e+01  3.092580e-02 
 3.708891e+01  3.092580e-02 
 3.708923e+01  3.092580e-02 
 3.708955e+01  3.092580e-02 
 3.708987e+01  3.092580e-02 
 3.709020e+01  3.092580e-02 
 3.709052e+01  3.092580e-02 
 3.709084e+01  3.092580e-02 
 3.709116e+01  3.092580e-02 
 3.709148e+01  3.092580e-02 
 3.709180e+01  3.092580e-02 
 3.709212e+01  3.092580e-02 
 3.709245e+01  3.092580e-02 
 3.709277e+01  3.092580e-02 
 3.709309e+01  3.092580e-02 
 3.709341e+01  3.092580e-02 
 3.709373e+01  3.092580e-02 
 3.709405e+01  3.092580e-02 
 3.709438e+01  3.092580e-02 
 3.709470e+01  3.092580e-02 
 3.709502e+01  3.092580e-02 
 3.709534e+01  3.092580e-02 
 3.709566e+01  3.092580e-02 
 3.709598e+01  3.092580e-02 
 3.709631e+01  3.092580e-02 
 3.709663e+01  3.092580e-02 
 3.709695e+01  3.092580e-02 
 3.709727e+01  3.092580e-02 
 3.709759e+01  3.092580e-02 
 3.709791e+01  3.092580e-02 
 3.709823e+01  3.092580e-02 
 3.709856e+01  3.092580e-02 
 3.709888e+01  3.092580e-02 
 3.709920e+01  3.092580e-02 
 3.709952e+01  3.092580e-02 
 3.709984e+01  3.092580e-02 
 3.710016e+01  3.092580e-02 
 3.710049e+01  3.092580e-02 
 3.710081e+01  3.092580e-02 
 3.710113e+01  3.092580e-02 
 3.710145e+01  3.092580e-02 
 3.710177e+01  3.092580e-02 
 3.710209e+01  3.092580e-02 
 3.710241e+01  3.092580e-02 
 3.710274e+01  3.092580e-02 
 3.710306e+01  3.092580e-02 
 3.710338e+01  3.092580e-02 
 3.710370e+01  3.092580e-02 
 3.710402e+01  3.092580e-02 
 3.710434e+01  3.092580e-02 
 3.710467e+01  3.092580e-02 
 3.710499e+01  3.092580e-02 
 3.710531e+01  3.092580e-02 
 3.710563e+01  3.092580e-02 
 3.710595e+01  3.092580e-02 
 3.710627e+01  3.092580e-02 
 3.710659e+01  3.092580e-02 
 3.710692e+01  3.092580e-02 
 3.710724e+01  3.092580e-02 
 3.710756e+01  3.092580e-02 
 3.710788e+01  3.092580e-02 
 3.710820e+01  3.092580e-02 
 3.710852e+01  3.092580e-02 
 3.710885e+01  3.092580e-02 
 3.710917e+01  3.092580e-02 
 3.710949e+01  3.092580e-02 
 3.710981e+01  3.092580e-02 
 3.711013e+01  3.092580e-02 
 3.711045e+01  3.092580e-02 
 3.711078e+01  3.092580e-02 
 3.711110e+01  3.092580e-02 
 3.711142e+01  3.092580e-02 
 3.711174e+01  3.092580e-02 
 3.711206e+01  3.092580e-02 
 3.711238e+01  3.092580e-02 
 3.711270e+01  3.092580e-02 
 3.711303e+01  3.092580e-02 
 3.711335e+01  3.092580e-02 
 3.711367e+01  3.092580e-02 
 3.711399e+01  3.092580e-02 
 3.711431e+01  3.092580e-02 
 3.711463e+01  3.092580e-02 
 3.711496e+01  3.092580e-02 
 3.711528e+01  3.092580e-02 
 3.711560e+01  3.092580e-02 
 3.711592e+01  3.092580e-02 
 3.711624e+01  3.092580e-02 
 3.711656e+01  3.092580e-02 
 3.711688e+01  3.092580e-02 
 3.711721e+01  3.092580e-02 
 3.711753e+01  3.092580e-02 
 3.711785e+01  3.092580e-02 
 3.711817e+01  3.092580e-02 
 3.711849e+01  3.092580e-02 
 3.711881e+01  3.092580e-02 
 3.711914e+01  3.092580e-02 
 3.711946e+01  3.092580e-02 
 3.711978e+01  3.092580e-02 
 3.712010e+01  3.092580e-02 
 3.712042e+01  3.092580e-02 
 3.712074e+01  3.092580e-02 
 3.712106e+01  3.092580e-02 
 3.712139e+01  3.092580e-02 
 3.712171e+01  3.092580e-02 
 3.712203e+01  3.092580e-02 
 3.712235e+01  3.092580e-02 
 3.712267e+01  3.092580e-02 
 3.712299e+01  3.092580e-02 
 3.712332e+01  3.092580e-02 
 3.712364e+01  3.092580e-02 
 3.712396e+01  3.092580e-02 
 3.712428e+01  3.092580e-02 
 3.712460e+01  3.092580e-02 
 3.712492e+01  3.092580e-02 
 3.712525e+01  3.092580e-02 
 3.712557e+01  3.092580e-02 
 3.712589e+01  3.092580e-02 
 3.712621e+01  3.092580e-02 
 3.712653e+01  3.092580e-02 
 3.712685e+01  3.092580e-02 
 3.712717e+01  3.092580e-02 
 3.712750e+01  3.092580e-02 
 3.712782e+01  3.092580e-02 
 3.712814e+01  3.092580e-02 
 3.712846e+01  3.092580e-02 
 3.712878e+01  3.092580e-02 
 3.712910e+01  3.092580e-02 
 3.712943e+01  3.092580e-02 
 3.712975e+01  3.092580e-02 
 3.713007e+01  3.092580e-02 
 3.713039e+01  3.092580e-02 
 3.713071e+01  3.092580e-02 
 3.713103e+01  3.092580e-02 
 3.713135e+01  3.092580e-02 
 3.713168e+01  3.092580e-02 
 3.713200e+01  3.092580e-02 
 3.713232e+01  3.092580e-02 
 3.713264e+01  3.092580e-02 
 3.713296e+01  3.092580e-02 
 3.713328e+01  3.092580e-02 
 3.713361e+01  3.092580e-02 
 3.713393e+01  3.092580e-02 
 3.713425e+01  3.092580e-02 
 3.713457e+01  3.092580e-02 
 3.713489e+01  3.092580e-02 
 3.713521e+01  3.092580e-02 
 3.713554e+01  3.092580e-02 
 3.713586e+01  3.092580e-02 
 3.713618e+01  3.092580e-02 
 3.713650e+01  3.092580e-02 
 3.713682e+01  3.092580e-02 
 3.713714e+01  3.092580e-02 
 3.713746e+01  3.092580e-02 
 3.713779e+01  3.092580e-02 
 3.713811e+01  3.092580e-02 
 3.713843e+01  3.092580e-02 
 3.713875e+01  3.092580e-02 
 3.713907e+01  3.092580e-02 
 3.713939e+01  3.092580e-02 
 3.713972e+01  3.092580e-02 
 3.714004e+01  3.092580e-02 
 3.714036e+01  3.092580e-02 
 3.714068e+01  3.092580e-02 
 3.714100e+01  3.092580e-02 
 3.714132e+01  3.092580e-02 
 3.714164e+01  3.092580e-02 
 3.714197e+01  3.092580e-02 
 3.714229e+01  3.092580e-02 
 3.714261e+01  3.092580e-02 
 3.714293e+01  3.092580e-02 
 3.714325e+01  3.092580e-02 
 3.714357e+01  3.092580e-02 
 3.714390e+01  3.092580e-02 
 3.714422e+01  3.092580e-02 
 3.714454e+01  3.092580e-02 
 3.714486e+01  3.092580e-02 
 3.714518e+01  3.092580e-02 
 3.714550e+01  3.092580e-02 
 3.714582e+01  3.092580e-02 
 3.714615e+01  3.092580e-02 
 3.714647e+01  3.092580e-02 
 3.714679e+01  3.092580e-02 
 3.714711e+01  3.092580e-02 
 3.714743e+01  3.092580e-02 
 3.714775e+01  3.092580e-02 
 3.714808e+01  3.092580e-02 
 3.714840e+01  3.092580e-02 
 3.714872e+01  3.092580e-02 
 3.714904e+01  3.092580e-02 
 3.714936e+01  3.092580e-02 
 3.714968e+01  3.092580e-02 
 3.715001e+01  3.092580e-02 
 3.715033e+01  3.092580e-02 
 3.715065e+01  3.092580e-02 
 3.715097e+01  3.092580e-02 
 3.715129e+01  3.092580e-02 
 3.715161e+01  3.092580e-02 
 3.715193e+01  3.092580e-02 
 3.715226e+01  3.092580e-02 
 3.715258e+01  3.092580e-02 
 3.715290e+01  3.092580e-02 
 3.715322e+01  3.092580e-02 
 3.715354e+01  3.092580e-02 
 3.715386e+01  3.092580e-02 
 3.715419e+01  3.092580e-02 
 3.715451e+01  3.092580e-02 
 3.715483e+01  3.092580e-02 
 3.715515e+01  3.092580e-02 
 3.715547e+01  3.092580e-02 
 3.715579e+01  3.092580e-02 
 3.715611e+01  3.092580e-02 
 3.715644e+01  3.092580e-02 
 3.715676e+01  3.092580e-02 
 3.715708e+01  3.092580e-02 
 3.715740e+01  3.092580e-02 
 3.715772e+01  3.092580e-02 
 3.715804e+01  3.092580e-02 
 3.715837e+01  3.092580e-02 
 3.715869e+01  3.092580e-02 
 3.715901e+01  3.092580e-02 
 3.715933e+01  3.092580e-02 
 3.715965e+01  3.092580e-02 
 3.715997e+01  3.092580e-02 
 3.716029e+01  3.092580e-02 
 3.716062e+01  3.092580e-02 
 3.716094e+01  3.092580e-02 
 3.716126e+01  3.092580e-02 
 3.716158e+01  3.092580e-02 
 3.716190e+01  3.092580e-02 
 3.716222e+01  3.092580e-02 
 3.716255e+01  3.092580e-02 
 3.716287e+01  3.092580e-02 
 3.716319e+01  3.092580e-02 
 3.716351e+01  3.092580e-02 
 3.716383e+01  3.092580e-02 
 3.716415e+01  3.092580e-02 
 3.716448e+01  3.092580e-02 
 3.716480e+01  3.092580e-02 
 3.716512e+01  3.092580e-02 
 3.716544e+01  3.092580e-02 
 3.716576e+01  3.092580e-02 
 3.716608e+01  3.092580e-02 
 3.716640e+01  3.092580e-02 
 3.716673e+01  3.092580e-02 
 3.716705e+01  3.092580e-02 
 3.716737e+01  3.092580e-02 
 3.716769e+01  3.092580e-02 
 3.716801e+01  3.092580e-02 
 3.716833e+01  3.092580e-02 
 3.716866e+01  3.092580e-02 
 3.716898e+01  3.092580e-02 
 3.716930e+01  3.092580e-02 
 3.716962e+01  3.092580e-02 
 3.716994e+01  3.092580e-02 
 3.717026e+01  3.092580e-02 
 3.717058e+01  3.092580e-02 
 3.717091e+01  3.092580e-02 
 3.717123e+01  3.092580e-02 
 3.717155e+01  3.092580e-02 
 3.717187e+01  3.092580e-02 
 3.717219e+01  3.092580e-02 
 3.717251e+01  3.092580e-02 
 3.717284e+01  3.092580e-02 
 3.717316e+01  3.092580e-02 
 3.717348e+01  3.092580e-02 
 3.717380e+01  3.092580e-02 
 3.717412e+01  3.092580e-02 
 3.717444e+01  3.092580e-02 
 3.717477e+01  3.092580e-02 
 3.717509e+01  3.092580e-02 
 3.717541e+01  3.092580e-02 
 3.717573e+01  3.092580e-02 
 3.717605e+01  3.092580e-02 
 3.717637e+01  3.092580e-02 
 3.717669e+01  3.092580e-02 
 3.717702e+01  3.092580e-02 
 3.717734e+01  3.092580e-02 
 3.717766e+01  3.092580e-02 
 3.717798e+01  3.092580e-02 
 3.717830e+01  3.092580e-02 
 3.717862e+01  3.092580e-02 
 3.717895e+01  3.092580e-02 
 3.717927e+01  3.092580e-02 
 3.717959e+01  3.092580e-02 
 3.717991e+01  3.092580e-02 
 3.718023e+01  3.092580e-02 
 3.718055e+01  3.092580e-02 
 3.718087e+01  3.092580e-02 
 3.718120e+01  3.092580e-02 
 3.718152e+01  3.092580e-02 
 3.718184e+01  3.092580e-02 
 3.718216e+01  3.092580e-02 
 3.718248e+01  3.092580e-02 
 3.718280e+01  3.092580e-02 
 3.718313e+01  3.092580e-02 
 3.718345e+01  3.092580e-02 
 3.718377e+01  3.092580e-02 
 3.718409e+01  3.092580e-02 
 3.718441e+01  3.092580e-02 
 3.718473e+01  3.092580e-02 
 3.718505e+01  3.092580e-02 
 3.718538e+01  3.092580e-02 
 3.718570e+01  3.092580e-02 
 3.718602e+01  3.092580e-02 
 3.718634e+01  3.092580e-02 
 3.718666e+01  3.092580e-02 
 3.718698e+01  3.092580e-02 
 3.718731e+01  3.092580e-02 
 3.718763e+01  3.092580e-02 
 3.718795e+01  3.092580e-02 
 3.718827e+01  3.092580e-02 
 3.718859e+01  3.092580e-02 
 3.718891e+01  3.092580e-02 
 3.718924e+01  3.092580e-02 
 3.718956e+01  3.092580e-02 
 3.718988e+01  3.092580e-02 
 3.719020e+01  3.092580e-02 
 3.719052e+01  3.092580e-02 
 3.719084e+01  3.092580e-02 
 3.719116e+01  3.092580e-02 
 3.719149e+01  3.092580e-02 
 3.719181e+01  3.092580e-02 
 3.719213e+01  3.092580e-02 
 3.719245e+01  3.092580e-02 
 3.719277e+01  3.092580e-02 
 3.719309e+01  3.092580e-02 
 3.719342e+01  3.092580e-02 
 3.719374e+01  3.092580e-02 
 3.719406e+01  3.092580e-02 
 3.719438e+01  3.092580e-02 
 3.719470e+01  3.092580e-02 
 3.719502e+01  3.092580e-02 
 3.719534e+01  3.092580e-02 
 3.719567e+01  3.092580e-02 
 3.719599e+01  3.092580e-02 
 3.719631e+01  3.092580e-02 
 3.719663e+01  3.092580e-02 
 3.719695e+01  3.092580e-02 
 3.719727e+01  3.092580e-02 
 3.719760e+01  3.092580e-02 
 3.719792e+01  3.092580e-02 
 3.719824e+01  3.092580e-02 
 3.719856e+01  3.092580e-02 
 3.719888e+01  3.092580e-02 
 3.719920e+01  3.092580e-02 
 3.719953e+01  3.092580e-02 
 3.719985e+01  3.092580e-02 
 3.720017e+01  3.092580e-02 
 3.720049e+01  3.092580e-02 
 3.720081e+01  3.092580e-02 
 3.720113e+01  3.092580e-02 
 3.720145e+01  3.092580e-02 
 3.720178e+01  3.092580e-02 
 3.720210e+01  3.092580e-02 
 3.720242e+01  3.092580e-02 
 3.720274e+01  3.092580e-02 
 3.720306e+01  3.092580e-02 
 3.720338e+01  3.092580e-02 
 3.720371e+01  3.092580e-02 
 3.720403e+01  3.092580e-02 
 3.720435e+01  3.092580e-02 
 3.720467e+01  3.092580e-02 
 3.720499e+01  3.092580e-02 
 3.720531e+01  3.092580e-02 
 3.720563e+01  3.092580e-02 
 3.720596e+01  3.092580e-02 
 3.720628e+01  3.092580e-02 
 3.720660e+01  3.092580e-02 
 3.720692e+01  3.092580e-02 
 3.720724e+01  3.092580e-02 
 3.720756e+01  3.092580e-02 
 3.720789e+01  3.092580e-02 
 3.720821e+01  3.092580e-02 
 3.720853e+01  3.092580e-02 
 3.720885e+01  3.092580e-02 
 3.720917e+01  3.092580e-02 
 3.720949e+01  3.092580e-02 
 3.720981e+01  3.092580e-02 
 3.721014e+01  3.092580e-02 
 3.721046e+01  3.092580e-02 
 3.721078e+01  3.092580e-02 
 3.721110e+01  3.092580e-02 
 3.721142e+01  3.092580e-02 
 3.721174e+01  3.092580e-02 
 3.721207e+01  3.092580e-02 
 3.721239e+01  3.092580e-02 
 3.721271e+01  3.092580e-02 
 3.721303e+01  3.092580e-02 
 3.721335e+01  3.092580e-02 
 3.721367e+01  3.092580e-02 
 3.721400e+01  3.092580e-02 
 3.721432e+01  3.092580e-02 
 3.721464e+01  3.092580e-02 
 3.721496e+01  3.092580e-02 
 3.721528e+01  3.092580e-02 
 3.721560e+01  3.092580e-02 
 3.721592e+01  3.092580e-02 
 3.721625e+01  3.092580e-02 
 3.721657e+01  3.092580e-02 
 3.721689e+01  3.092580e-02 
 3.721721e+01  3.092580e-02 
 3.721753e+01  3.092580e-02 
 3.721785e+01  3.092580e-02 
 3.721818e+01  3.092580e-02 
 3.721850e+01  3.092580e-02 
 3.721882e+01  3.092580e-02 
 3.721914e+01  3.092580e-02 
 3.721946e+01  3.092580e-02 
 3.721978e+01  3.092580e-02 
 3.722010e+01  3.092580e-02 
 3.722043e+01  3.092580e-02 
 3.722075e+01  3.092580e-02 
 3.722107e+01  3.092580e-02 
 3.722139e+01  3.092580e-02 
 3.722171e+01  3.092580e-02 
 3.722203e+01  3.092580e-02 
 3.722236e+01  3.092580e-02 
 3.722268e+01  3.092580e-02 
 3.722300e+01  3.092580e-02 
 3.722332e+01  3.092580e-02 
 3.722364e+01  3.092580e-02 
 3.722396e+01  3.092580e-02 
 3.722428e+01  3.092580e-02 
 3.722461e+01  3.092580e-02 
 3.722493e+01  3.092580e-02 
 3.722525e+01  3.092580e-02 
 3.722557e+01  3.092580e-02 
 3.722589e+01  3.092580e-02 
 3.722621e+01  3.092580e-02 
 3.722654e+01  3.092580e-02 
 3.722686e+01  3.092580e-02 
 3.722718e+01  3.092580e-02 
 3.722750e+01  3.092580e-02 
 3.722782e+01  3.092580e-02 
 3.722814e+01  3.092580e-02 
 3.722847e+01  3.092580e-02 
 3.722879e+01  3.092580e-02 
 3.722911e+01  3.092580e-02 
 3.722943e+01  3.092580e-02 
 3.722975e+01  3.092580e-02 
 3.723007e+01  3.092580e-02 
 3.723039e+01  3.092580e-02 
 3.723072e+01  3.092580e-02 
 3.723104e+01  3.092580e-02 
 3.723136e+01  3.092580e-02 
 3.723168e+01  3.092580e-02 
 3.723200e+01  3.092580e-02 
 3.723232e+01  3.092580e-02 
 3.723265e+01  3.092580e-02 
 3.723297e+01  3.092580e-02 
 3.723329e+01  3.092580e-02 
 3.723361e+01  3.092580e-02 
 3.723393e+01  3.092580e-02 
 3.723425e+01  3.092580e-02 
 3.723457e+01  3.092580e-02 
 3.723490e+01  3.092580e-02 
 3.723522e+01  3.092580e-02 
 3.723554e+01  3.092580e-02 
 3.723586e+01  3.092580e-02 
 3.723618e+01  3.092580e-02 
 3.723650e+01  3.092580e-02 
 3.723683e+01  3.092580e-02 
 3.723715e+01  3.092580e-02 
 3.723747e+01  3.092580e-02 
 3.723779e+01  3.092580e-02 
 3.723811e+01  3.092580e-02 
 3.723843e+01  3.092580e-02 
 3.723876e+01  3.092580e-02 
 3.723908e+01  3.092580e-02 
 3.723940e+01  3.092580e-02 
 3.723972e+01  3.092580e-02 
 3.724004e+01  3.092580e-02 
 3.724036e+01  3.092580e-02 
 3.724068e+01  3.092580e-02 
 3.724101e+01  3.092580e-02 
 3.724133e+01  3.092580e-02 
 3.724165e+01  3.092580e-02 
 3.724197e+01  3.092580e-02 
 3.724229e+01  3.092580e-02 
 3.724261e+01  3.092580e-02 
 3.724294e+01  3.092580e-02 
 3.724326e+01  3.092580e-02 
 3.724358e+01  3.092580e-02 
 3.724390e+01  3.092580e-02 
 3.724422e+01  3.092580e-02 
 3.724454e+01  3.092580e-02 
 3.724486e+01  3.092580e-02 
 3.724519e+01  3.092580e-02 
 3.724551e+01  3.092580e-02 
 3.724583e+01  3.092580e-02 
 3.724615e+01  3.092580e-02 
 3.724647e+01  3.092580e-02 
 3.724679e+01  3.092580e-02 
 3.724712e+01  3.092580e-02 
 3.724744e+01  3.092580e-02 
 3.724776e+01  3.092580e-02 
 3.724808e+01  3.092580e-02 
 3.724840e+01  3.092580e-02 
 3.724872e+01  3.092580e-02 
 3.724904e+01  3.092580e-02 
 3.724937e+01  3.092580e-02 
 3.724969e+01  3.092580e-02 
 3.725001e+01  3.092580e-02 
 3.725033e+01  3.092580e-02 
 3.725065e+01  3.092580e-02 
 3.725097e+01  3.092580e-02 
 3.725130e+01  3.092580e-02 
 3.725162e+01  3.092580e-02 
 3.725194e+01  3.092580e-02 
 3.725226e+01  3.092580e-02 
 3.725258e+01  3.092580e-02 
 3.725290e+01  3.092580e-02 
 3.725323e+01  3.092580e-02 
 3.725355e+01  3.092580e-02 
 3.725387e+01  3.092580e-02 
 3.725419e+01  3.092580e-02 
 3.725451e+01  3.092580e-02 
 3.725483e+01  3.092580e-02 
 3.725515e+01  3.092580e-02 
 3.725548e+01  3.092580e-02 
 3.725580e+01  3.092580e-02 
 3.725612e+01  3.092580e-02 
 3.725644e+01  3.092580e-02 
 3.725676e+01  3.092580e-02 
 3.725708e+01  3.092580e-02 
 3.725741e+01  3.092580e-02 
 3.725773e+01  3.092580e-02 
 3.725805e+01  3.092580e-02 
 3.725837e+01  3.092580e-02 
 3.725869e+01  3.092580e-02 
 3.725901e+01  3.092580e-02 
 3.725933e+01  3.092580e-02 
 3.725966e+01  3.092580e-02 
 3.725998e+01  3.092580e-02 
 3.726030e+01  3.092580e-02 
 3.726062e+01  3.092580e-02 
 3.726094e+01  3.092580e-02 
 3.726126e+01  3.092580e-02 
 3.726159e+01  3.092580e-02 
 3.726191e+01  3.092580e-02 
 3.726223e+01  3.092580e-02 
 3.726255e+01  3.092580e-02 
 3.726287e+01  3.092580e-02 
 3.726319e+01  3.092580e-02 
 3.726351e+01  3.092580e-02 
 3.726384e+01  3.092580e-02 
 3.726416e+01  3.092580e-02 
 3.726448e+01  3.092580e-02 
 3.726480e+01  3.092580e-02 
 3.726512e+01  3.092580e-02 
 3.726544e+01  3.092580e-02 
 3.726577e+01  3.092580e-02 
 3.726609e+01  3.092580e-02 
 3.726641e+01  3.092580e-02 
 3.726673e+01  3.092580e-02 
 3.726705e+01  3.092580e-02 
 3.726737e+01  3.092580e-02 
 3.726770e+01  3.092580e-02 
 3.726802e+01  3.092580e-02 
 3.726834e+01  3.092580e-02 
 3.726866e+01  3.092580e-02 
 3.726898e+01  3.092580e-02 
 3.726930e+01  3.092580e-02 
 3.726962e+01  3.092580e-02 
 3.726995e+01  3.092580e-02 
 3.727027e+01  3.092580e-02 
 3.727059e+01  3.092580e-02 
 3.727091e+01  3.092580e-02 
 3.727123e+01  3.092580e-02 
 3.727155e+01  3.092580e-02 
 3.727188e+01  3.092580e-02 
 3.727220e+01  3.092580e-02 
 3.727252e+01  3.092580e-02 
 3.727284e+01  3.092580e-02 
 3.727316e+01  3.092580e-02 
 3.727348e+01  3.092580e-02 
 3.727380e+01  3.092580e-02 
 3.727413e+01  3.092580e-02 
 3.727445e+01  3.092580e-02 
 3.727477e+01  3.092580e-02 
 3.727509e+01  3.092580e-02 
 3.727541e+01  3.092580e-02 
 3.727573e+01  3.092580e-02 
 3.727606e+01  3.092580e-02 
 3.727638e+01  3.092580e-02 
 3.727670e+01  3.092580e-02 
 3.727702e+01  3.092580e-02 
 3.727734e+01  3.092580e-02 
 3.727766e+01  3.092580e-02 
 3.727799e+01  3.092580e-02 
 3.727831e+01  3.092580e-02 
 3.727863e+01  3.092580e-02 
 3.727895e+01  3.092580e-02 
 3.727927e+01  3.092580e-02 
 3.727959e+01  3.092580e-02 
 3.727991e+01  3.092580e-02 
 3.728024e+01  3.092580e-02 
 3.728056e+01  3.092580e-02 
 3.728088e+01  3.092580e-02 
 3.728120e+01  3.092580e-02 
 3.728152e+01  3.092580e-02 
 3.728184e+01  3.092580e-02 
 3.728217e+01  3.092580e-02 
 3.728249e+01  3.092580e-02 
 3.728281e+01  3.092580e-02 
 3.728313e+01  3.092580e-02 
 3.728345e+01  3.092580e-02 
 3.728377e+01  3.092580e-02 
 3.728409e+01  3.092580e-02 
 3.728442e+01  3.092580e-02 
 3.728474e+01  3.092580e-02 
 3.728506e+01  3.092580e-02 
 3.728538e+01  3.092580e-02 
 3.728570e+01  3.092580e-02 
 3.728602e+01  3.092580e-02 
 3.728635e+01  3.092580e-02 
 3.728667e+01  3.092580e-02 
 3.728699e+01  3.092580e-02 
 3.728731e+01  3.092580e-02 
 3.728763e+01  3.092580e-02 
 3.728795e+01  3.092580e-02 
 3.728827e+01  3.092580e-02 
 3.728860e+01  3.092580e-02 
 3.728892e+01  3.092580e-02 
 3.728924e+01  3.092580e-02 
 3.728956e+01  3.092580e-02 
 3.728988e+01  3.092580e-02 
 3.729020e+01  3.092580e-02 
 3.729053e+01  3.092580e-02 
 3.729085e+01  3.092580e-02 
 3.729117e+01  3.092580e-02 
 3.729149e+01  3.092580e-02 
 3.729181e+01  3.092580e-02 
 3.729213e+01  3.092580e-02 
 3.729246e+01  3.092580e-02 
 3.729278e+01  3.092580e-02 
 3.729310e+01  3.092580e-02 
 3.729342e+01  3.092580e-02 
 3.729374e+01  3.092580e-02 
 3.729406e+01  3.092580e-02 
 3.729438e+01  3.092580e-02 
 3.729471e+01  3.092580e-02 
 3.729503e+01  3.092580e-02 
 3.729535e+01  3.092580e-02 
 3.729567e+01  3.092580e-02 
 3.729599e+01  3.092580e-02 
 3.729631e+01  3.092580e-02 
 3.729664e+01  3.092580e-02 
 3.729696e+01  3.092580e-02 
 3.729728e+01  3.092580e-02 
 3.729760e+01  3.092580e-02 
 3.729792e+01  3.092580e-02 
 3.729824e+01  3.092580e-02 
 3.729856e+01  3.092580e-02 
 3.729889e+01  3.092580e-02 
 3.729921e+01  3.092580e-02 
 3.729953e+01  3.092580e-02 
 3.729985e+01  3.092580e-02 
 3.730017e+01  3.092580e-02 
 3.730049e+01  3.092580e-02 
 3.730082e+01  3.092580e-02 
 3.730114e+01  3.092580e-02 
 3.730146e+01  3.092580e-02 
 3.730178e+01  3.092580e-02 
 3.730210e+01  3.092580e-02 
 3.730242e+01  3.092580e-02 
 3.730274e+01  3.092580e-02 
 3.730307e+01  3.092580e-02 
 3.730339e+01  3.092580e-02 
 3.730371e+01  3.092580e-02 
 3.730403e+01  3.092580e-02 
 3.730435e+01  3.092580e-02 
 3.730467e+01  3.092580e-02 
 3.730500e+01  3.092580e-02 
 3.730532e+01  3.092580e-02 
 3.730564e+01  3.092580e-02 
 3.730596e+01  3.092580e-02 
 3.730628e+01  3.092580e-02 
 3.730660e+01  3.092580e-02 
 3.730693e+01  3.092580e-02 
 3.730725e+01  3.092580e-02 
 3.730757e+01  3.092580e-02 
 3.730789e+01  3.092580e-02 
 3.730821e+01  3.092580e-02 
 3.730853e+01  3.092580e-02 
 3.730885e+01  3.092580e-02 
 3.730918e+01  3.092580e-02 
 3.730950e+01  3.092580e-02 
 3.730982e+01  3.092580e-02 
 3.731014e+01  3.092580e-02 
 3.731046e+01  3.092580e-02 
 3.731078e+01  3.092580e-02 
 3.731111e+01  3.092580e-02 
 3.731143e+01  3.092580e-02 
 3.731175e+01  3.092580e-02 
 3.731207e+01  3.092580e-02 
 3.731239e+01  3.092580e-02 
 3.731271e+01  3.092580e-02 
 3.731303e+01  3.092580e-02 
 3.731336e+01  3.092580e-02 
 3.731368e+01  3.092580e-02 
 3.731400e+01  3.092580e-02 
 3.731432e+01  3.092580e-02 
 3.731464e+01  3.092580e-02 
 3.731496e+01  3.092580e-02 
 3.731529e+01  3.092580e-02 
 3.731561e+01  3.092580e-02 
 3.731593e+01  3.092580e-02 
 3.731625e+01  3.092580e-02 
 3.731657e+01  3.092580e-02 
 3.731689e+01  3.092580e-02 
 3.731722e+01  3.092580e-02 
 3.731754e+01  3.092580e-02 
 3.731786e+01  3.092580e-02 
 3.731818e+01  3.092580e-02 
 3.731850e+01  3.092580e-02 
 3.731882e+01  3.092580e-02 
 3.731914e+01  3.092580e-02 
 3.731947e+01  3.092580e-02 
 3.731979e+01  3.092580e-02 
 3.732011e+01  3.092580e-02 
 3.732043e+01  3.092580e-02 
 3.732075e+01  3.092580e-02 
 3.732107e+01  3.092580e-02 
 3.732140e+01  3.092580e-02 
 3.732172e+01  3.092580e-02 
 3.732204e+01  3.092580e-02 
 3.732236e+01  3.092580e-02 
 3.732268e+01  3.092580e-02 
 3.732300e+01  3.092580e-02 
 3.732332e+01  3.092580e-02 
 3.732365e+01  3.092580e-02 
 3.732397e+01  3.092580e-02 
 3.732429e+01  3.092580e-02 
 3.732461e+01  3.092580e-02 
 3.732493e+01  3.092580e-02 
 3.732525e+01  3.092580e-02 
 3.732558e+01  3.092580e-02 
 3.732590e+01  3.092580e-02 
 3.732622e+01  3.092580e-02 
 3.732654e+01  3.092580e-02 
 3.732686e+01  3.092580e-02 
 3.732718e+01  3.092580e-02 
 3.732750e+01  3.092580e-02 
 3.732783e+01  3.092580e-02 
 3.732815e+01  3.092580e-02 
 3.732847e+01  3.092580e-02 
 3.732879e+01  3.092580e-02 
 3.732911e+01  3.092580e-02 
 3.732943e+01  3.092580e-02 
 3.732976e+01  3.092580e-02 
 3.733008e+01  3.092580e-02 
 3.733040e+01  3.092580e-02 
 3.733072e+01  3.092580e-02 
 3.733104e+01  3.092580e-02 
 3.733136e+01  3.092580e-02 
 3.733169e+01  3.092580e-02 
 3.733201e+01  3.092580e-02 
 3.733233e+01  3.092580e-02 
 3.733265e+01  3.092580e-02 
 3.733297e+01  3.092580e-02 
 3.733329e+01  3.092580e-02 
 3.733361e+01  3.092580e-02 
 3.733394e+01  3.092580e-02 
 3.733426e+01  3.092580e-02 
 3.733458e+01  3.092580e-02 
 3.733490e+01  3.092580e-02 
 3.733522e+01  3.092580e-02 
 3.733554e+01  3.092580e-02 
 3.733587e+01  3.092580e-02 
 3.733619e+01  3.092580e-02 
 3.733651e+01  3.092580e-02 
 3.733683e+01  3.092580e-02 
 3.733715e+01  3.092580e-02 
 3.733747e+01  3.092580e-02 
 3.733779e+01  3.092580e-02 
 3.733812e+01  3.092580e-02 
 3.733844e+01  3.092580e-02 
 3.733876e+01  3.092580e-02 
 3.733908e+01  3.092580e-02 
 3.733940e+01  3.092580e-02 
 3.733972e+01  3.092580e-02 
 3.734005e+01  3.092580e-02 
 3.734037e+01  3.092580e-02 
 3.734069e+01  3.092580e-02 
 3.734101e+01  3.092580e-02 
 3.734133e+01  3.092580e-02 
 3.734165e+01  3.092580e-02 
 3.734198e+01  3.092580e-02 
 3.734230e+01  3.092580e-02 
 3.734262e+01  3.092580e-02 
 3.734294e+01  3.092580e-02 
 3.734326e+01  3.092580e-02 
 3.734358e+01  3.092580e-02 
 3.734390e+01  3.092580e-02 
 3.734423e+01  3.092580e-02 
 3.734455e+01  3.092580e-02 
 3.734487e+01  3.092580e-02 
 3.734519e+01  3.092580e-02 
 3.734551e+01  3.092580e-02 
 3.734583e+01  3.092580e-02 
 3.734616e+01  3.092580e-02 
 3.734648e+01  3.092580e-02 
 3.734680e+01  3.092580e-02 
 3.734712e+01  3.092580e-02 
 3.734744e+01  3.092580e-02 
 3.734776e+01  3.092580e-02 
 3.734808e+01  3.092580e-02 
 3.734841e+01  3.092580e-02 
 3.734873e+01  3.092580e-02 
 3.734905e+01  3.092580e-02 
 3.734937e+01  3.092580e-02 
 3.734969e+01  3.092580e-02 
 3.735001e+01  3.092580e-02 
 3.735034e+01  3.092580e-02 
 3.735066e+01  3.092580e-02 
 3.735098e+01  3.092580e-02 
 3.735130e+01  3.092580e-02 
 3.735162e+01  3.092580e-02 
 3.735194e+01  3.092580e-02 
 3.735226e+01  3.092580e-02 
 3.735259e+01  3.092580e-02 
 3.735291e+01  3.092580e-02 
 3.735323e+01  3.092580e-02 
 3.735355e+01  3.092580e-02 
 3.735387e+01  3.092580e-02 
 3.735419e+01  3.092580e-02 
 3.735452e+01  3.092580e-02 
 3.735484e+01  3.092580e-02 
 3.735516e+01  3.092580e-02 
 3.735548e+01  3.092580e-02 
 3.735580e+01  3.092580e-02 
 3.735612e+01  3.092580e-02 
 3.735645e+01  3.092580e-02 
 3.735677e+01  3.092580e-02 
 3.735709e+01  3.092580e-02 
 3.735741e+01  3.092580e-02 
 3.735773e+01  3.092580e-02 
 3.735805e+01  3.092580e-02 
 3.735837e+01  3.092580e-02 
 3.735870e+01  3.092580e-02 
 3.735902e+01  3.092580e-02 
 3.735934e+01  3.092580e-02 
 3.735966e+01  3.092580e-02 
 3.735998e+01  3.092580e-02 
 3.736030e+01  3.092580e-02 
 3.736063e+01  3.092580e-02 
 3.736095e+01  3.092580e-02 
 3.736127e+01  3.092580e-02 
 3.736159e+01  3.092580e-02 
 3.736191e+01  3.092580e-02 
 3.736223e+01  3.092580e-02 
 3.736255e+01  3.092580e-02 
 3.736288e+01  3.092580e-02 
 3.736320e+01  3.092580e-02 
 3.736352e+01  3.092580e-02 
 3.736384e+01  3.092580e-02 
 3.736416e+01  3.092580e-02 
 3.736448e+01  3.092580e-02 
 3.736481e+01  3.092580e-02 
 3.736513e+01  3.092580e-02 
 3.736545e+01  3.092580e-02 
 3.736577e+01  3.092580e-02 
 3.736609e+01  3.092580e-02 
 3.736641e+01  3.092580e-02 
 3.736673e+01  3.092580e-02 
 3.736706e+01  3.092580e-02 
 3.736738e+01  3.092580e-02 
 3.736770e+01  3.092580e-02 
 3.736802e+01  3.092580e-02 
 3.736834e+01  3.092580e-02 
 3.736866e+01  3.092580e-02 
 3.736899e+01  3.092580e-02 
 3.736931e+01  3.092580e-02 
 3.736963e+01  3.092580e-02 
 3.736995e+01  3.092580e-02 
 3.737027e+01  3.092580e-02 
 3.737059e+01  3.092580e-02 
 3.737092e+01  3.092580e-02 
 3.737124e+01  3.092580e-02 
 3.737156e+01  3.092580e-02 
 3.737188e+01  3.092580e-02 
 3.737220e+01  3.092580e-02 
 3.737252e+01  3.092580e-02 
 3.737284e+01  3.092580e-02 
 3.737317e+01  3.092580e-02 
 3.737349e+01  3.092580e-02 
 3.737381e+01  3.092580e-02 
 3.737413e+01  3.092580e-02 
 3.737445e+01  3.092580e-02 
 3.737477e+01  3.092580e-02 
 3.737510e+01  3.092580e-02 
 3.737542e+01  3.092580e-02 
 3.737574e+01  3.092580e-02 
 3.737606e+01  3.092580e-02 
 3.737638e+01  3.092580e-02 
 3.737670e+01  3.092580e-02 
 3.737702e+01  3.092580e-02 
 3.737735e+01  3.092580e-02 
 3.737767e+01  3.092580e-02 
 3.737799e+01  3.092580e-02 
 3.737831e+01  3.092580e-02 
 3.737863e+01  3.092580e-02 
 3.737895e+01  3.092580e-02 
 3.737928e+01  3.092580e-02 
 3.737960e+01  3.092580e-02 
 3.737992e+01  3.092580e-02 
 3.738024e+01  3.092580e-02 
 3.738056e+01  3.092580e-02 
 3.738088e+01  3.092580e-02 
 3.738121e+01  3.092580e-02 
 3.738153e+01  3.092580e-02 
 3.738185e+01  3.092580e-02 
 3.738217e+01  3.092580e-02 
 3.738249e+01  3.092580e-02 
 3.738281e+01  3.092580e-02 
 3.738313e+01  3.092580e-02 
 3.738346e+01  3.092580e-02 
 3.738378e+01  3.092580e-02 
 3.738410e+01  3.092580e-02 
 3.738442e+01  3.092580e-02 
 3.738474e+01  3.092580e-02 
 3.738506e+01  3.092580e-02 
 3.738539e+01  3.092580e-02 
 3.738571e+01  3.092580e-02 
 3.738603e+01  3.092580e-02 
 3.738635e+01  3.092580e-02 
 3.738667e+01  3.092580e-02 
 3.738699e+01  3.092580e-02 
 3.738731e+01  3.092580e-02 
 3.738764e+01  3.092580e-02 
 3.738796e+01  3.092580e-02 
 3.738828e+01  3.092580e-02 
 3.738860e+01  3.092580e-02 
 3.738892e+01  3.092580e-02 
 3.738924e+01  3.092580e-02 
 3.738957e+01  3.092580e-02 
 3.738989e+01  3.092580e-02 
 3.739021e+01  3.092580e-02 
 3.739053e+01  3.092580e-02 
 3.739085e+01  3.092580e-02 
 3.739117e+01  3.092580e-02 
 3.739149e+01  3.092580e-02 
 3.739182e+01  3.092580e-02 
 3.739214e+01  3.092580e-02 
 3.739246e+01  3.092580e-02 
 3.739278e+01  3.092580e-02 
 3.739310e+01  3.092580e-02 
 3.739342e+01  3.092580e-02 
 3.739375e+01  3.092580e-02 
 3.739407e+01  3.092580e-02 
 3.739439e+01  3.092580e-02 
 3.739471e+01  3.092580e-02 
 3.739503e+01  3.092580e-02 
 3.739535e+01  3.092580e-02 
 3.739568e+01  3.092580e-02 
 3.739600e+01  3.092580e-02 
 3.739632e+01  3.092580e-02 
 3.739664e+01  3.092580e-02 
 3.739696e+01  3.092580e-02 
 3.739728e+01  3.092580e-02 
 3.739760e+01  3.092580e-02 
 3.739793e+01  3.092580e-02 
 3.739825e+01  3.092580e-02 
 3.739857e+01  3.092580e-02 
 3.739889e+01  3.092580e-02 
 3.739921e+01  3.092580e-02 
 3.739953e+01  3.092580e-02 
 3.739986e+01  3.092580e-02 
 3.740018e+01  3.092580e-02 
 3.740050e+01  3.092580e-02 
 3.740082e+01  3.092580e-02 
 3.740114e+01  3.092580e-02 
 3.740146e+01  3.092580e-02 
 3.740178e+01  3.092580e-02 
 3.740211e+01  3.092580e-02 
 3.740243e+01  3.092580e-02 
 3.740275e+01  3.092580e-02 
 3.740307e+01  3.092580e-02 
 3.740339e+01  3.092580e-02 
 3.740371e+01  3.092580e-02 
 3.740404e+01  3.092580e-02 
 3.740436e+01  3.092580e-02 
 3.740468e+01  3.092580e-02 
 3.740500e+01  3.092580e-02 
 3.740532e+01  3.092580e-02 
 3.740564e+01  3.092580e-02 
 3.740596e+01  3.092580e-02 
 3.740629e+01  3.092580e-02 
 3.740661e+01  3.092580e-02 
 3.740693e+01  3.092580e-02 
 3.740725e+01  3.092580e-02 
 3.740757e+01  3.092580e-02 
 3.740789e+01  3.092580e-02 
 3.740822e+01  3.092580e-02 
 3.740854e+01  3.092580e-02 
 3.740886e+01  3.092580e-02 
 3.740918e+01  3.092580e-02 
 3.740950e+01  3.092580e-02 
 3.740982e+01  3.092580e-02 
 3.741015e+01  3.092580e-02 
 3.741047e+01  3.092580e-02 
 3.741079e+01  3.092580e-02 
 3.741111e+01  3.092580e-02 
 3.741143e+01  3.092580e-02 
 3.741175e+01  3.092580e-02 
 3.741207e+01  3.092580e-02 
 3.741240e+01  3.092580e-02 
 3.741272e+01  3.092580e-02 
 3.741304e+01  3.092580e-02 
 3.741336e+01  3.092580e-02 
 3.741368e+01  3.092580e-02 
 3.741400e+01  3.092580e-02 
 3.741433e+01  3.092580e-02 
 3.741465e+01  3.092580e-02 
 3.741497e+01  3.092580e-02 
 3.741529e+01  3.092580e-02 
 3.741561e+01  3.092580e-02 
 3.741593e+01  3.092580e-02 
 3.741625e+01  3.092580e-02 
 3.741658e+01  3.092580e-02 
 3.741690e+01  3.092580e-02 
 3.741722e+01  3.092580e-02 
 3.741754e+01  3.092580e-02 
 3.741786e+01  3.092580e-02 
 3.741818e+01  3.092580e-02 
 3.741851e+01  3.092580e-02 
 3.741883e+01  3.092580e-02 
 3.741915e+01  3.092580e-02 
 3.741947e+01  3.092580e-02 
 3.741979e+01  3.092580e-02 
 3.742011e+01  3.092580e-02 
 3.742044e+01  3.092580e-02 
 3.742076e+01  3.092580e-02 
 3.742108e+01  3.092580e-02 
 3.742140e+01  3.092580e-02 
 3.742172e+01  3.092580e-02 
 3.742204e+01  3.092580e-02 
 3.742236e+01  3.092580e-02 
 3.742269e+01  3.092580e-02 
 3.742301e+01  3.092580e-02 
 3.742333e+01  3.092580e-02 
 3.742365e+01  3.092580e-02 
 3.742397e+01  3.092580e-02 
 3.742429e+01  3.092580e-02 
 3.742462e+01  3.092580e-02 
 3.742494e+01  3.092580e-02 
 3.742526e+01  3.092580e-02 
 3.742558e+01  3.092580e-02 
 3.742590e+01  3.092580e-02 
 3.742622e+01  3.092580e-02 
 3.742654e+01  3.092580e-02 
 3.742687e+01  3.092580e-02 
 3.742719e+01  3.092580e-02 
 3.742751e+01  3.092580e-02 
 3.742783e+01  3.092580e-02 
 3.742815e+01  3.092580e-02 
 3.742847e+01  3.092580e-02 
 3.742880e+01  3.092580e-02 
 3.742912e+01  3.092580e-02 
 3.742944e+01  3.092580e-02 
 3.742976e+01  3.092580e-02 
 3.743008e+01  3.092580e-02 
 3.743040e+01  3.092580e-02 
 3.743072e+01  3.092580e-02 
 3.743105e+01  3.092580e-02 
 3.743137e+01  3.092580e-02 
 3.743169e+01  3.092580e-02 
 3.743201e+01  3.092580e-02 
 3.743233e+01  3.092580e-02 
 3.743265e+01  3.092580e-02 
 3.743298e+01  3.092580e-02 
 3.743330e+01  3.092580e-02 
 3.743362e+01  3.092580e-02 
 3.743394e+01  3.092580e-02 
 3.743426e+01  3.092580e-02 
 3.743458e+01  3.092580e-02 
 3.743491e+01  3.092580e-02 
 3.743523e+01  3.092580e-02 
 3.743555e+01  3.092580e-02 
 3.743587e+01  3.092580e-02 
 3.743619e+01  3.092580e-02 
 3.743651e+01  3.092580e-02 
 3.743683e+01  3.092580e-02 
 3.743716e+01  3.092580e-02 
 3.743748e+01  3.092580e-02 
 3.743780e+01  3.092580e-02 
 3.743812e+01  3.092580e-02 
 3.743844e+01  3.092580e-02 
 3.743876e+01  3.092580e-02 
 3.743909e+01  3.092580e-02 
 3.743941e+01  3.092580e-02 
 3.743973e+01  3.092580e-02 
 3.744005e+01  3.092580e-02 
 3.744037e+01  3.092580e-02 
 3.744069e+01  3.092580e-02 
 3.744101e+01  3.092580e-02 
 3.744134e+01  3.092580e-02 
 3.744166e+01  3.092580e-02 
 3.744198e+01  3.092580e-02 
 3.744230e+01  3.092580e-02 
 3.744262e+01  3.092580e-02 
 3.744294e+01  3.092580e-02 
 3.744327e+01  3.092580e-02 
 3.744359e+01  3.092580e-02 
 3.744391e+01  3.092580e-02 
 3.744423e+01  3.092580e-02 
 3.744455e+01  3.092580e-02 
 3.744487e+01  3.092580e-02 
 3.744519e+01  3.092580e-02 
 3.744552e+01  3.092580e-02 
 3.744584e+01  3.092580e-02 
 3.744616e+01  3.092580e-02 
 3.744648e+01  3.092580e-02 
 3.744680e+01  3.092580e-02 
 3.744712e+01  3.092580e-02 
 3.744745e+01  3.092580e-02 
 3.744777e+01  3.092580e-02 
 3.744809e+01  3.092580e-02 
 3.744841e+01  3.092580e-02 
 3.744873e+01  3.092580e-02 
 3.744905e+01  3.092580e-02 
 3.744938e+01  3.092580e-02 
 3.744970e+01  3.092580e-02 
 3.745002e+01  3.092580e-02 
 3.745034e+01  3.092580e-02 
 3.745066e+01  3.092580e-02 
 3.745098e+01  3.092580e-02 
 3.745130e+01  3.092580e-02 
 3.745163e+01  3.092580e-02 
 3.745195e+01  3.092580e-02 
 3.745227e+01  3.092580e-02 
 3.745259e+01  3.092580e-02 
 3.745291e+01  3.092580e-02 
 3.745323e+01  3.092580e-02 
 3.745356e+01  3.092580e-02 
 3.745388e+01  3.092580e-02 
 3.745420e+01  3.092580e-02 
 3.745452e+01  3.092580e-02 
 3.745484e+01  3.092580e-02 
 3.745516e+01  3.092580e-02 
 3.745548e+01  3.092580e-02 
 3.745581e+01  3.092580e-02 
 3.745613e+01  3.092580e-02 
 3.745645e+01  3.092580e-02 
 3.745677e+01  3.092580e-02 
 3.745709e+01  3.092580e-02 
 3.745741e+01  3.092580e-02 
 3.745774e+01  3.092580e-02 
 3.745806e+01  3.092580e-02 
 3.745838e+01  3.092580e-02 
 3.745870e+01  3.092580e-02 
 3.745902e+01  3.092580e-02 
 3.745934e+01  3.092580e-02 
 3.745967e+01  3.092580e-02 
 3.745999e+01  3.092580e-02 
 3.746031e+01  3.092580e-02 
 3.746063e+01  3.092580e-02 
 3.746095e+01  3.092580e-02 
 3.746127e+01  3.092580e-02 
 3.746159e+01  3.092580e-02 
 3.746192e+01  3.092580e-02 
 3.746224e+01  3.092580e-02 
 3.746256e+01  3.092580e-02 
 3.746288e+01  3.092580e-02 
 3.746320e+01  3.092580e-02 
 3.746352e+01  3.092580e-02 
 3.746385e+01  3.092580e-02 
 3.746417e+01  3.092580e-02 
 3.746449e+01  3.092580e-02 
 3.746481e+01  3.092580e-02 
 3.746513e+01  3.092580e-02 
 3.746545e+01  3.092580e-02 
 3.746577e+01  3.092580e-02 
 3.746610e+01  3.092580e-02 
 3.746642e+01  3.092580e-02 
 3.746674e+01  3.092580e-02 
 3.746706e+01  3.092580e-02 
 3.746738e+01  3.092580e-02 
 3.746770e+01  3.092580e-02 
 3.746803e+01  3.092580e-02 
 3.746835e+01  3.092580e-02 
 3.746867e+01  3.092580e-02 
 3.746899e+01  3.092580e-02 
 3.746931e+01  3.092580e-02 
 3.746963e+01  3.092580e-02 
 3.746995e+01  3.092580e-02 
 3.747028e+01  3.092580e-02 
 3.747060e+01  3.092580e-02 
 3.747092e+01  3.092580e-02 
 3.747124e+01  3.092580e-02 
 3.747156e+01  3.092580e-02 
 3.747188e+01  3.092580e-02 
 3.747221e+01  3.092580e-02 
 3.747253e+01  3.092580e-02 
 3.747285e+01  3.092580e-02 
 3.747317e+01  3.092580e-02 
 3.747349e+01  3.092580e-02 
 3.747381e+01  3.092580e-02 
 3.747414e+01  3.092580e-02 
 3.747446e+01  3.092580e-02 
 3.747478e+01  3.092580e-02 
 3.747510e+01  3.092580e-02 
 3.747542e+01  3.092580e-02 
 3.747574e+01  3.092580e-02 
 3.747606e+01  3.092580e-02 
 3.747639e+01  3.092580e-02 
 3.747671e+01  3.092580e-02 
 3.747703e+01  3.092580e-02 
 3.747735e+01  3.092580e-02 
 3.747767e+01  3.092580e-02 
 3.747799e+01  3.092580e-02 
 3.747832e+01  3.092580e-02 
 3.747864e+01  3.092580e-02 
 3.747896e+01  3.092580e-02 
 3.747928e+01  3.092580e-02 
 3.747960e+01  3.092580e-02 
 3.747992e+01  3.092580e-02 
 3.748024e+01  3.092580e-02 
 3.748057e+01  3.092580e-02 
 3.748089e+01  3.092580e-02 
 3.748121e+01  3.092580e-02 
 3.748153e+01  3.092580e-02 
 3.748185e+01  3.092580e-02 
 3.748217e+01  3.092580e-02 
 3.748250e+01  3.092580e-02 
 3.748282e+01  3.092580e-02 
 3.748314e+01  3.092580e-02 
 3.748346e+01  3.092580e-02 
 3.748378e+01  3.092580e-02 
 3.748410e+01  3.092580e-02 
 3.748443e+01  3.092580e-02 
 3.748475e+01  3.092580e-02 
 3.748507e+01  3.092580e-02 
 3.748539e+01  3.092580e-02 
 3.748571e+01  3.092580e-02 
 3.748603e+01  3.092580e-02 
 3.748635e+01  3.092580e-02 
 3.748668e+01  3.092580e-02 
 3.748700e+01  3.092580e-02 
 3.748732e+01  3.092580e-02 
 3.748764e+01  3.092580e-02 
 3.748796e+01  3.092580e-02 
 3.748828e+01  3.092580e-02 
 3.748861e+01  3.092580e-02 
 3.748893e+01  3.092580e-02 
 3.748925e+01  3.092580e-02 
 3.748957e+01  3.092580e-02 
 3.748989e+01  3.092580e-02 
 3.749021e+01  3.092580e-02 
 3.749053e+01  3.092580e-02 
 3.749086e+01  3.092580e-02 
 3.749118e+01  3.092580e-02 
 3.749150e+01  3.092580e-02 
 3.749182e+01  3.092580e-02 
 3.749214e+01  3.092580e-02 
 3.749246e+01  3.092580e-02 
 3.749279e+01  3.092580e-02 
 3.749311e+01  3.092580e-02 
 3.749343e+01  3.092580e-02 
 3.749375e+01  3.092580e-02 
 3.749407e+01  3.092580e-02 
 3.749439e+01  3.092580e-02 
 3.749471e+01  3.092580e-02 
 3.749504e+01  3.092580e-02 
 3.749536e+01  3.092580e-02 
 3.749568e+01  3.092580e-02 
 3.749600e+01  3.092580e-02 
 3.749632e+01  3.092580e-02 
 3.749664e+01  3.092580e-02 
 3.749697e+01  3.092580e-02 
 3.749729e+01  3.092580e-02 
 3.749761e+01  3.092580e-02 
 3.749793e+01  3.092580e-02 
 3.749825e+01  3.092580e-02 
 3.749857e+01  3.092580e-02 
 3.749890e+01  3.092580e-02 
 3.749922e+01  3.092580e-02 
 3.749954e+01  3.092580e-02 
 3.749986e+01  3.092580e-02 
 3.750018e+01  3.092580e-02 
 3.750050e+01  3.092580e-02 
 3.750082e+01  3.092580e-02 
 3.750115e+01  3.092580e-02 
 3.750147e+01  3.092580e-02 
 3.750179e+01  3.092580e-02 
 3.750211e+01  3.092580e-02 
 3.750243e+01  3.092580e-02 
 3.750275e+01  3.092580e-02 
 3.750308e+01  3.092580e-02 
 3.750340e+01  3.092580e-02 
 3.750372e+01  3.092580e-02 
 3.750404e+01  3.092580e-02 
 3.750436e+01  3.092580e-02 
 3.750468e+01  3.092580e-02 
 3.750500e+01  3.092580e-02 
 3.750533e+01  3.092580e-02 
 3.750565e+01  3.092580e-02 
 3.750597e+01  3.092580e-02 
 3.750629e+01  3.092580e-02 
 3.750661e+01  3.092580e-02 
 3.750693e+01  3.092580e-02 
 3.750726e+01  3.092580e-02 
 3.750758e+01  3.092580e-02 
 3.750790e+01  3.092580e-02 
 3.750822e+01  3.092580e-02 
 3.750854e+01  3.092580e-02 
 3.750886e+01  3.092580e-02 
 3.750918e+01  3.092580e-02 
 3.750951e+01  3.092580e-02 
 3.750983e+01  3.092580e-02 
 3.751015e+01  3.092580e-02 
 3.751047e+01  3.092580e-02 
 3.751079e+01  3.092580e-02 
 3.751111e+01  3.092580e-02 
 3.751144e+01  3.092580e-02 
 3.751176e+01  3.092580e-02 
 3.751208e+01  3.092580e-02 
 3.751240e+01  3.092580e-02 
 3.751272e+01  3.092580e-02 
 3.751304e+01  3.092580e-02 
 3.751337e+01  3.092580e-02 
 3.751369e+01  3.092580e-02 
 3.751401e+01  3.092580e-02 
 3.751433e+01  3.092580e-02 
 3.751465e+01  3.092580e-02 
 3.751497e+01  3.092580e-02 
 3.751529e+01  3.092580e-02 
 3.751562e+01  3.092580e-02 
 3.751594e+01  3.092580e-02 
 3.751626e+01  3.092580e-02 
 3.751658e+01  3.092580e-02 
 3.751690e+01  3.092580e-02 
 3.751722e+01  3.092580e-02 
 3.751755e+01  3.092580e-02 
 3.751787e+01  3.092580e-02 
 3.751819e+01  3.092580e-02 
 3.751851e+01  3.092580e-02 
 3.751883e+01  3.092580e-02 
 3.751915e+01  3.092580e-02 
 3.751947e+01  3.092580e-02 
 3.751980e+01  3.092580e-02 
 3.752012e+01  3.092580e-02 
 3.752044e+01  3.092580e-02 
 3.752076e+01  3.092580e-02 
 3.752108e+01  3.092580e-02 
 3.752140e+01  3.092580e-02 
 3.752173e+01  3.092580e-02 
 3.752205e+01  3.092580e-02 
 3.752237e+01  3.092580e-02 
 3.752269e+01  3.092580e-02 
 3.752301e+01  3.092580e-02 
 3.752333e+01  3.092580e-02 
 3.752366e+01  3.092580e-02 
 3.752398e+01  3.092580e-02 
 3.752430e+01  3.092580e-02 
 3.752462e+01  3.092580e-02 
 3.752494e+01  3.092580e-02 
 3.752526e+01  3.092580e-02 
 3.752558e+01  3.092580e-02 
 3.752591e+01  3.092580e-02 
 3.752623e+01  3.092580e-02 
 3.752655e+01  3.092580e-02 
 3.752687e+01  3.092580e-02 
 3.752719e+01  3.092580e-02 
 3.752751e+01  3.092580e-02 
 3.752784e+01  3.092580e-02 
 3.752816e+01  3.092580e-02 
 3.752848e+01  3.092580e-02 
 3.752880e+01  3.092580e-02 
 3.752912e+01  3.092580e-02 
 3.752944e+01  3.092580e-02 
 3.752976e+01  3.092580e-02 
 3.753009e+01  3.092580e-02 
 3.753041e+01  3.092580e-02 
 3.753073e+01  3.092580e-02 
 3.753105e+01  3.092580e-02 
 3.753137e+01  3.092580e-02 
 3.753169e+01  3.092580e-02 
 3.753202e+01  3.092580e-02 
 3.753234e+01  3.092580e-02 
 3.753266e+01  3.092580e-02 
 3.753298e+01  3.092580e-02 
 3.753330e+01  3.092580e-02 
 3.753362e+01  3.092580e-02 
 3.753394e+01  3.092580e-02 
 3.753427e+01  3.092580e-02 
 3.753459e+01  3.092580e-02 
 3.753491e+01  3.092580e-02 
 3.753523e+01  3.092580e-02 
 3.753555e+01  3.092580e-02 
 3.753587e+01  3.092580e-02 
 3.753620e+01  3.092580e-02 
 3.753652e+01  3.092580e-02 
 3.753684e+01  3.092580e-02 
 3.753716e+01  3.092580e-02 
 3.753748e+01  3.092580e-02 
 3.753780e+01  3.092580e-02 
 3.753813e+01  3.092580e-02 
 3.753845e+01  3.092580e-02 
 3.753877e+01  3.092580e-02 
 3.753909e+01  3.092580e-02 
 3.753941e+01  3.092580e-02 
 3.753973e+01  3.092580e-02 
 3.754005e+01  3.092580e-02 
 3.754038e+01  3.092580e-02 
 3.754070e+01  3.092580e-02 
 3.754102e+01  3.092580e-02 
 3.754134e+01  3.092580e-02 
 3.754166e+01  3.092580e-02 
 3.754198e+01  3.092580e-02 
 3.754231e+01  3.092580e-02 
 3.754263e+01  3.092580e-02 
 3.754295e+01  3.092580e-02 
 3.754327e+01  3.092580e-02 
 3.754359e+01  3.092580e-02 
 3.754391e+01  3.092580e-02 
 3.754423e+01  3.092580e-02 
 3.754456e+01  3.092580e-02 
 3.754488e+01  3.092580e-02 
 3.754520e+01  3.092580e-02 
 3.754552e+01  3.092580e-02 
 3.754584e+01  3.092580e-02 
 3.754616e+01  3.092580e-02 
 3.754649e+01  3.092580e-02 
 3.754681e+01  3.092580e-02 
 3.754713e+01  3.092580e-02 
 3.754745e+01  3.092580e-02 
 3.754777e+01  3.092580e-02 
 3.754809e+01  3.092580e-02 
 3.754841e+01  3.092580e-02 
 3.754874e+01  3.092580e-02 
 3.754906e+01  3.092580e-02 
 3.754938e+01  3.092580e-02 
 3.754970e+01  3.092580e-02 
 3.755002e+01  3.092580e-02 
 3.755034e+01  3.092580e-02 
 3.755067e+01  3.092580e-02 
 3.755099e+01  3.092580e-02 
 3.755131e+01  3.092580e-02 
 3.755163e+01  3.092580e-02 
 3.755195e+01  3.092580e-02 
 3.755227e+01  3.092580e-02 
 3.755260e+01  3.092580e-02 
 3.755292e+01  3.092580e-02 
 3.755324e+01  3.092580e-02 
 3.755356e+01  3.092580e-02 
 3.755388e+01  3.092580e-02 
 3.755420e+01  3.092580e-02 
 3.755452e+01  3.092580e-02 
 3.755485e+01  3.092580e-02 
 3.755517e+01  3.092580e-02 
 3.755549e+01  3.092580e-02 
 3.755581e+01  3.092580e-02 
 3.755613e+01  3.092580e-02 
 3.755645e+01  3.092580e-02 
 3.755678e+01  3.092580e-02 
 3.755710e+01  3.092580e-02 
 3.755742e+01  3.092580e-02 
 3.755774e+01  3.092580e-02 
 3.755806e+01  3.092580e-02 
 3.755838e+01  3.092580e-02 
 3.755870e+01  3.092580e-02 
 3.755903e+01  3.092580e-02 
 3.755935e+01  3.092580e-02 
 3.755967e+01  3.092580e-02 
 3.755999e+01  3.092580e-02 
 3.756031e+01  3.092580e-02 
 3.756063e+01  3.092580e-02 
 3.756096e+01  3.092580e-02 
 3.756128e+01  3.092580e-02 
 3.756160e+01  3.092580e-02 
 3.756192e+01  3.092580e-02 
 3.756224e+01  3.092580e-02 
 3.756256e+01  3.092580e-02 
 3.756289e+01  3.092580e-02 
 3.756321e+01  3.092580e-02 
 3.756353e+01  3.092580e-02 
 3.756385e+01  3.092580e-02 
 3.756417e+01  3.092580e-02 
 3.756449e+01  3.092580e-02 
 3.756481e+01  3.092580e-02 
 3.756514e+01  3.092580e-02 
 3.756546e+01  3.092580e-02 
 3.756578e+01  3.092580e-02 
 3.756610e+01  3.092580e-02 
 3.756642e+01  3.092580e-02 
 3.756674e+01  3.092580e-02 
 3.756707e+01  3.092580e-02 
 3.756739e+01  3.092580e-02 
 3.756771e+01  3.092580e-02 
 3.756803e+01  3.092580e-02 
 3.756835e+01  3.092580e-02 
 3.756867e+01  3.092580e-02 
 3.756899e+01  3.092580e-02 
 3.756932e+01  3.092580e-02 
 3.756964e+01  3.092580e-02 
 3.756996e+01  3.092580e-02 
 3.757028e+01  3.092580e-02 
 3.757060e+01  3.092580e-02 
 3.757092e+01  3.092580e-02 
 3.757125e+01  3.092580e-02 
 3.757157e+01  3.092580e-02 
 3.757189e+01  3.092580e-02 
 3.757221e+01  3.092580e-02 
 3.757253e+01  3.092580e-02 
 3.757285e+01  3.092580e-02 
 3.757317e+01  3.092580e-02 
 3.757350e+01  3.092580e-02 
 3.757382e+01  3.092580e-02 
 3.757414e+01  3.092580e-02 
 3.757446e+01  3.092580e-02 
 3.757478e+01  3.092580e-02 
 3.757510e+01  3.092580e-02 
 3.757543e+01  3.092580e-02 
 3.757575e+01  3.092580e-02 
 3.757607e+01  3.092580e-02 
 3.757639e+01  3.092580e-02 
 3.757671e+01  3.092580e-02 
 3.757703e+01  3.092580e-02 
 3.757736e+01  3.092580e-02 
 3.757768e+01  3.092580e-02 
 3.757800e+01  3.092580e-02 
 3.757832e+01  3.092580e-02 
 3.757864e+01  3.092580e-02 
 3.757896e+01  3.092580e-02 
 3.757928e+01  3.092580e-02 
 3.757961e+01  3.092580e-02 
 3.757993e+01  3.092580e-02 
 3.758025e+01  3.092580e-02 
 3.758057e+01  3.092580e-02 
 3.758089e+01  3.092580e-02 
 3.758121e+01  3.092580e-02 
 3.758154e+01  3.092580e-02 
 3.758186e+01  3.092580e-02 
 3.758218e+01  3.092580e-02 
 3.758250e+01  3.092580e-02 
 3.758282e+01  3.092580e-02 
 3.758314e+01  3.092580e-02 
 3.758346e+01  3.092580e-02 
 3.758379e+01  3.092580e-02 
 3.758411e+01  3.092580e-02 
 3.758443e+01  3.092580e-02 
 3.758475e+01  3.092580e-02 
 3.758507e+01  3.092580e-02 
 3.758539e+01  3.092580e-02 
 3.758572e+01  3.092580e-02 
 3.758604e+01  3.092580e-02 
 3.758636e+01  3.092580e-02 
 3.758668e+01  3.092580e-02 
 3.758700e+01  3.092580e-02 
 3.758732e+01  3.092580e-02 
 3.758764e+01  3.092580e-02 
 3.758797e+01  3.092580e-02 
 3.758829e+01  3.092580e-02 
 3.758861e+01  3.092580e-02 
 3.758893e+01  3.092580e-02 
 3.758925e+01  3.092580e-02 
 3.758957e+01  3.092580e-02 
 3.758990e+01  3.092580e-02 
 3.759022e+01  3.092580e-02 
 3.759054e+01  3.092580e-02 
 3.759086e+01  3.092580e-02 
 3.759118e+01  3.092580e-02 
 3.759150e+01  3.092580e-02 
 3.759183e+01  3.092580e-02 
 3.759215e+01  3.092580e-02 
 3.759247e+01  3.092580e-02 
 3.759279e+01  3.092580e-02 
 3.759311e+01  3.092580e-02 
 3.759343e+01  3.092580e-02 
 3.759375e+01  3.092580e-02 
 3.759408e+01  3.092580e-02 
 3.759440e+01  3.092580e-02 
 3.759472e+01  3.092580e-02 
 3.759504e+01  3.092580e-02 
 3.759536e+01  3.092580e-02 
 3.759568e+01  3.092580e-02 
 3.759601e+01  3.092580e-02 
 3.759633e+01  3.092580e-02 
 3.759665e+01  3.092580e-02 
 3.759697e+01  3.092580e-02 
 3.759729e+01  3.092580e-02 
 3.759761e+01  3.092580e-02 
 3.759793e+01  3.092580e-02 
 3.759826e+01  3.092580e-02 
 3.759858e+01  3.092580e-02 
 3.759890e+01  3.092580e-02 
 3.759922e+01  3.092580e-02 
 3.759954e+01  3.092580e-02 
 3.759986e+01  3.092580e-02 
 3.760019e+01  3.092580e-02 
 3.760051e+01  3.092580e-02 
 3.760083e+01  3.092580e-02 
 3.760115e+01  3.092580e-02 
 3.760147e+01  3.092580e-02 
 3.760179e+01  3.092580e-02 
 3.760212e+01  3.092580e-02 
 3.760244e+01  3.092580e-02 
 3.760276e+01  3.092580e-02 
 3.760308e+01  3.092580e-02 
 3.760340e+01  3.092580e-02 
 3.760372e+01  3.092580e-02 
 3.760404e+01  3.092580e-02 
 3.760437e+01  3.092580e-02 
 3.760469e+01  3.092580e-02 
 3.760501e+01  3.092580e-02 
 3.760533e+01  3.092580e-02 
 3.760565e+01  3.092580e-02 
 3.760597e+01  3.092580e-02 
 3.760630e+01  3.092580e-02 
 3.760662e+01  3.092580e-02 
 3.760694e+01  3.092580e-02 
 3.760726e+01  3.092580e-02 
 3.760758e+01  3.092580e-02 
 3.760790e+01  3.092580e-02 
 3.760822e+01  3.092580e-02 
 3.760855e+01  3.092580e-02 
 3.760887e+01  3.092580e-02 
 3.760919e+01  3.092580e-02 
 3.760951e+01  3.092580e-02 
 3.760983e+01  3.092580e-02 
 3.761015e+01  3.092580e-02 
 3.761048e+01  3.092580e-02 
 3.761080e+01  3.092580e-02 
 3.761112e+01  3.092580e-02 
 3.761144e+01  3.092580e-02 
 3.761176e+01  3.092580e-02 
 3.761208e+01  3.092580e-02 
 3.761240e+01  3.092580e-02 
 3.761273e+01  3.092580e-02 
 3.761305e+01  3.092580e-02 
 3.761337e+01  3.092580e-02 
 3.761369e+01  3.092580e-02 
 3.761401e+01  3.092580e-02 
 3.761433e+01  3.092580e-02 
 3.761466e+01  3.092580e-02 
 3.761498e+01  3.092580e-02 
 3.761530e+01  3.092580e-02 
 3.761562e+01  3.092580e-02 
 3.761594e+01  3.092580e-02 
 3.761626e+01  3.092580e-02 
 3.761659e+01  3.092580e-02 
 3.761691e+01  3.092580e-02 
 3.761723e+01  3.092580e-02 
 3.761755e+01  3.092580e-02 
 3.761787e+01  3.092580e-02 
 3.761819e+01  3.092580e-02 
 3.761851e+01  3.092580e-02 
 3.761884e+01  3.092580e-02 
 3.761916e+01  3.092580e-02 
 3.761948e+01  3.092580e-02 
 3.761980e+01  3.092580e-02 
 3.762012e+01  3.092580e-02 
 3.762044e+01  3.092580e-02 
 3.762077e+01  3.092580e-02 
 3.762109e+01  3.092580e-02 
 3.762141e+01  3.092580e-02 
 3.762173e+01  3.092580e-02 
 3.762205e+01  3.092580e-02 
 3.762237e+01  3.092580e-02 
 3.762269e+01  3.092580e-02 
 3.762302e+01  3.092580e-02 
 3.762334e+01  3.092580e-02 
 3.762366e+01  3.092580e-02 
 3.762398e+01  3.092580e-02 
 3.762430e+01  3.092580e-02 
 3.762462e+01  3.092580e-02 
 3.762495e+01  3.092580e-02 
 3.762527e+01  3.092580e-02 
 3.762559e+01  3.092580e-02 
 3.762591e+01  3.092580e-02 
 3.762623e+01  3.092580e-02 
 3.762655e+01  3.092580e-02 
 3.762687e+01  3.092580e-02 
 3.762720e+01  3.092580e-02 
 3.762752e+01  3.092580e-02 
 3.762784e+01  3.092580e-02 
 3.762816e+01  3.092580e-02 
 3.762848e+01  3.092580e-02 
 3.762880e+01  3.092580e-02 
 3.762913e+01  3.092580e-02 
 3.762945e+01  3.092580e-02 
 3.762977e+01  3.092580e-02 
 3.763009e+01  3.092580e-02 
 3.763041e+01  3.092580e-02 
 3.763073e+01  3.092580e-02 
 3.763106e+01  3.092580e-02 
 3.763138e+01  3.092580e-02 
 3.763170e+01  3.092580e-02 
 3.763202e+01  3.092580e-02 
 3.763234e+01  3.092580e-02 
 3.763266e+01  3.092580e-02 
 3.763298e+01  3.092580e-02 
 3.763331e+01  3.092580e-02 
 3.763363e+01  3.092580e-02 
 3.763395e+01  3.092580e-02 
 3.763427e+01  3.092580e-02 
 3.763459e+01  3.092580e-02 
 3.763491e+01  3.092580e-02 
 3.763524e+01  3.092580e-02 
 3.763556e+01  3.092580e-02 
 3.763588e+01  3.092580e-02 
 3.763620e+01  3.092580e-02 
 3.763652e+01  3.092580e-02 
 3.763684e+01  3.092580e-02 
 3.763716e+01  3.092580e-02 
 3.763749e+01  3.092580e-02 
 3.763781e+01  3.092580e-02 
 3.763813e+01  3.092580e-02 
 3.763845e+01  3.092580e-02 
 3.763877e+01  3.092580e-02 
 3.763909e+01  3.092580e-02 
 3.763942e+01  3.092580e-02 
 3.763974e+01  3.092580e-02 
 3.764006e+01  3.092580e-02 
 3.764038e+01  3.092580e-02 
 3.764070e+01  3.092580e-02 
 3.764102e+01  3.092580e-02 
 3.764135e+01  3.092580e-02 
 3.764167e+01  3.092580e-02 
 3.764199e+01  3.092580e-02 
 3.764231e+01  3.092580e-02 
 3.764263e+01  3.092580e-02 
 3.764295e+01  3.092580e-02 
 3.764327e+01  3.092580e-02 
 3.764360e+01  3.092580e-02 
 3.764392e+01  3.092580e-02 
 3.764424e+01  3.092580e-02 
 3.764456e+01  3.092580e-02 
 3.764488e+01  3.092580e-02 
 3.764520e+01  3.092580e-02 
 3.764553e+01  3.092580e-02 
 3.764585e+01  3.092580e-02 
 3.764617e+01  3.092580e-02 
 3.764649e+01  3.092580e-02 
 3.764681e+01  3.092580e-02 
 3.764713e+01  3.092580e-02 
 3.764745e+01  3.092580e-02 
 3.764778e+01  3.092580e-02 
 3.764810e+01  3.092580e-02 
 3.764842e+01  3.092580e-02 
 3.764874e+01  3.092580e-02 
 3.764906e+01  3.092580e-02 
 3.764938e+01  3.092580e-02 
 3.764971e+01  3.092580e-02 
 3.765003e+01  3.092580e-02 
 3.765035e+01  3.092580e-02 
 3.765067e+01  3.092580e-02 
 3.765099e+01  3.092580e-02 
 3.765131e+01  3.092580e-02 
 3.765163e+01  3.092580e-02 
 3.765196e+01  3.092580e-02 
 3.765228e+01  3.092580e-02 
 3.765260e+01  3.092580e-02 
 3.765292e+01  3.092580e-02 
 3.765324e+01  3.092580e-02 
 3.765356e+01  3.092580e-02 
 3.765389e+01  3.092580e-02 
 3.765421e+01  3.092580e-02 
 3.765453e+01  3.092580e-02 
 3.765485e+01  3.092580e-02 
 3.765517e+01  3.092580e-02 
 3.765549e+01  3.092580e-02 
 3.765582e+01  3.092580e-02 
 3.765614e+01  3.092580e-02 
 3.765646e+01  3.092580e-02 
 3.765678e+01  3.092580e-02 
 3.765710e+01  3.092580e-02 
 3.765742e+01  3.092580e-02 
 3.765774e+01  3.092580e-02 
 3.765807e+01  3.092580e-02 
 3.765839e+01  3.092580e-02 
 3.765871e+01  3.092580e-02 
 3.765903e+01  3.092580e-02 
 3.765935e+01  3.092580e-02 
 3.765967e+01  3.092580e-02 
 3.766000e+01  3.092580e-02 
 3.766032e+01  3.092580e-02 
 3.766064e+01  3.092580e-02 
 3.766096e+01  3.092580e-02 
 3.766128e+01  3.092580e-02 
 3.766160e+01  3.092580e-02 
 3.766192e+01  3.092580e-02 
 3.766225e+01  3.092580e-02 
 3.766257e+01  3.092580e-02 
 3.766289e+01  3.092580e-02 
 3.766321e+01  3.092580e-02 
 3.766353e+01  3.092580e-02 
 3.766385e+01  3.092580e-02 
 3.766418e+01  3.092580e-02 
 3.766450e+01  3.092580e-02 
 3.766482e+01  3.092580e-02 
 3.766514e+01  3.092580e-02 
 3.766546e+01  3.092580e-02 
 3.766578e+01  3.092580e-02 
 3.766611e+01  3.092580e-02 
 3.766643e+01  3.092580e-02 
 3.766675e+01  3.092580e-02 
 3.766707e+01  3.092580e-02 
 3.766739e+01  3.092580e-02 
 3.766771e+01  3.092580e-02 
 3.766803e+01  3.092580e-02 
 3.766836e+01  3.092580e-02 
 3.766868e+01  3.092580e-02 
 3.766900e+01  3.092580e-02 
 3.766932e+01  3.092580e-02 
 3.766964e+01  3.092580e-02 
 3.766996e+01  3.092580e-02 
 3.767029e+01  3.092580e-02 
 3.767061e+01  3.092580e-02 
 3.767093e+01  3.092580e-02 
 3.767125e+01  3.092580e-02 
 3.767157e+01  3.092580e-02 
 3.767189e+01  3.092580e-02 
 3.767221e+01  3.092580e-02 
 3.767254e+01  3.092580e-02 
 3.767286e+01  3.092580e-02 
 3.767318e+01  3.092580e-02 
 3.767350e+01  3.092580e-02 
 3.767382e+01  3.092580e-02 
 3.767414e+01  3.092580e-02 
 3.767447e+01  3.092580e-02 
 3.767479e+01  3.092580e-02 
 3.767511e+01  3.092580e-02 
 3.767543e+01  3.092580e-02 
 3.767575e+01  3.092580e-02 
 3.767607e+01  3.092580e-02 
 3.767639e+01  3.092580e-02 
 3.767672e+01  3.092580e-02 
 3.767704e+01  3.092580e-02 
 3.767736e+01  3.092580e-02 
 3.767768e+01  3.092580e-02 
 3.767800e+01  3.092580e-02 
 3.767832e+01  3.092580e-02 
 3.767865e+01  3.092580e-02 
 3.767897e+01  3.092580e-02 
 3.767929e+01  3.092580e-02 
 3.767961e+01  3.092580e-02 
 3.767993e+01  3.092580e-02 
 3.768025e+01  3.092580e-02 
 3.768058e+01  3.092580e-02 
 3.768090e+01  3.092580e-02 
 3.768122e+01  3.092580e-02 
 3.768154e+01  3.092580e-02 
 3.768186e+01  3.092580e-02 
 3.768218e+01  3.092580e-02 
 3.768250e+01  3.092580e-02 
 3.768283e+01  3.092580e-02 
 3.768315e+01  3.092580e-02 
 3.768347e+01  3.092580e-02 
 3.768379e+01  3.092580e-02 
 3.768411e+01  3.092580e-02 
 3.768443e+01  3.092580e-02 
 3.768476e+01  3.092580e-02 
 3.768508e+01  3.092580e-02 
 3.768540e+01  3.092580e-02 
 3.768572e+01  3.092580e-02 
 3.768604e+01  3.092580e-02 
 3.768636e+01  3.092580e-02 
 3.768668e+01  3.092580e-02 
 3.768701e+01  3.092580e-02 
 3.768733e+01  3.092580e-02 
 3.768765e+01  3.092580e-02 
 3.768797e+01  3.092580e-02 
 3.768829e+01  3.092580e-02 
 3.768861e+01  3.092580e-02 
 3.768894e+01  3.092580e-02 
 3.768926e+01  3.092580e-02 
 3.768958e+01  3.092580e-02 
 3.768990e+01  3.092580e-02 
 3.769022e+01  3.092580e-02 
 3.769054e+01  3.092580e-02 
 3.769086e+01  3.092580e-02 
 3.769119e+01  3.092580e-02 
 3.769151e+01  3.092580e-02 
 3.769183e+01  3.092580e-02 
 3.769215e+01  3.092580e-02 
 3.769247e+01  3.092580e-02 
 3.769279e+01  3.092580e-02 
 3.769312e+01  3.092580e-02 
 3.769344e+01  3.092580e-02 
 3.769376e+01  3.092580e-02 
 3.769408e+01  3.092580e-02 
 3.769440e+01  3.092580e-02 
 3.769472e+01  3.092580e-02 
 3.769505e+01  3.092580e-02 
 3.769537e+01  3.092580e-02 
 3.769569e+01  3.092580e-02 
 3.769601e+01  3.092580e-02 
 3.769633e+01  3.092580e-02 
 3.769665e+01  3.092580e-02 
 3.769697e+01  3.092580e-02 
 3.769730e+01  3.092580e-02 
 3.769762e+01  3.092580e-02 
 3.769794e+01  3.092580e-02 
 3.769826e+01  3.092580e-02 
 3.769858e+01  3.092580e-02 
 3.769890e+01  3.092580e-02 
 3.769923e+01  3.092580e-02 
 3.769955e+01  3.092580e-02 
 3.769987e+01  3.092580e-02 
 3.770019e+01  3.092580e-02 
 3.770051e+01  3.092580e-02 
 3.770083e+01  3.092580e-02 
 3.770115e+01  3.092580e-02 
 3.770148e+01  3.092580e-02 
 3.770180e+01  3.092580e-02 
 3.770212e+01  3.092580e-02 
 3.770244e+01  3.092580e-02 
 3.770276e+01  3.092580e-02 
 3.770308e+01  3.092580e-02 
 3.770341e+01  3.092580e-02 
 3.770373e+01  3.092580e-02 
 3.770405e+01  3.092580e-02 
 3.770437e+01  3.092580e-02 
 3.770469e+01  3.092580e-02 
 3.770501e+01  3.092580e-02 
 3.770534e+01  3.092580e-02 
 3.770566e+01  3.092580e-02 
 3.770598e+01  3.092580e-02 
 3.770630e+01  3.092580e-02 
 3.770662e+01  3.092580e-02 
 3.770694e+01  3.092580e-02 
 3.770726e+01  3.092580e-02 
 3.770759e+01  3.092580e-02 
 3.770791e+01  3.092580e-02 
 3.770823e+01  3.092580e-02 
 3.770855e+01  3.092580e-02 
 3.770887e+01  3.092580e-02 
 3.770919e+01  3.092580e-02 
 3.770952e+01  3.092580e-02 
 3.770984e+01  3.092580e-02 
 3.771016e+01  3.092580e-02 
 3.771048e+01  3.092580e-02 
 3.771080e+01  3.092580e-02 
 3.771112e+01  3.092580e-02 
 3.771144e+01  3.092580e-02 
 3.771177e+01  3.092580e-02 
 3.771209e+01  3.092580e-02 
 3.771241e+01  3.092580e-02 
 3.771273e+01  3.092580e-02 
 3.771305e+01  3.092580e-02 
 3.771337e+01  3.092580e-02 
 3.771370e+01  3.092580e-02 
 3.771402e+01  3.092580e-02 
 3.771434e+01  3.092580e-02 
 3.771466e+01  3.092580e-02 
 3.771498e+01  3.092580e-02 
 3.771530e+01  3.092580e-02 
 3.771562e+01  3.092580e-02 
 3.771595e+01  3.092580e-02 
 3.771627e+01  3.092580e-02 
 3.771659e+01  3.092580e-02 
 3.771691e+01  3.092580e-02 
 3.771723e+01  3.092580e-02 
 3.771755e+01  3.092580e-02 
 3.771788e+01  3.092580e-02 
 3.771820e+01  3.092580e-02 
 3.771852e+01  3.092580e-02 
 3.771884e+01  3.092580e-02 
 3.771916e+01  3.092580e-02 
 3.771948e+01  3.092580e-02 
 3.771981e+01  3.092580e-02 
 3.772013e+01  3.092580e-02 
 3.772045e+01  3.092580e-02 
 3.772077e+01  3.092580e-02 
 3.772109e+01  3.092580e-02 
 3.772141e+01  3.092580e-02 
 3.772173e+01  3.092580e-02 
 3.772206e+01  3.092580e-02 
 3.772238e+01  3.092580e-02 
 3.772270e+01  3.092580e-02 
 3.772302e+01  3.092580e-02 
 3.772334e+01  3.092580e-02 
 3.772366e+01  3.092580e-02 
 3.772399e+01  3.092580e-02 
 3.772431e+01  3.092580e-02 
 3.772463e+01  3.092580e-02 
 3.772495e+01  3.092580e-02 
 3.772527e+01  3.092580e-02 
 3.772559e+01  3.092580e-02 
 3.772591e+01  3.092580e-02 
 3.772624e+01  3.092580e-02 
 3.772656e+01  3.092580e-02 
 3.772688e+01  3.092580e-02 
 3.772720e+01  3.092580e-02 
 3.772752e+01  3.092580e-02 
 3.772784e+01  3.092580e-02 
 3.772817e+01  3.092580e-02 
 3.772849e+01  3.092580e-02 
 3.772881e+01  3.092580e-02 
 3.772913e+01  3.092580e-02 
 3.772945e+01  3.092580e-02 
 3.772977e+01  3.092580e-02 
 3.773009e+01  3.092580e-02 
 3.773042e+01  3.092580e-02 
 3.773074e+01  3.092580e-02 
 3.773106e+01  3.092580e-02 
 3.773138e+01  3.092580e-02 
 3.773170e+01  3.092580e-02 
 3.773202e+01  3.092580e-02 
 3.773235e+01  3.092580e-02 
 3.773267e+01  3.092580e-02 
 3.773299e+01  3.092580e-02 
 3.773331e+01  3.092580e-02 
 3.773363e+01  3.092580e-02 
 3.773395e+01  3.092580e-02 
 3.773428e+01  3.092580e-02 
 3.773460e+01  3.092580e-02 
 3.773492e+01  3.092580e-02 
 3.773524e+01  3.092580e-02 
 3.773556e+01  3.092580e-02 
 3.773588e+01  3.092580e-02 
 3.773620e+01  3.092580e-02 
 3.773653e+01  3.092580e-02 
 3.773685e+01  3.092580e-02 
 3.773717e+01  3.092580e-02 
 3.773749e+01  3.092580e-02 
 3.773781e+01  3.092580e-02 
 3.773813e+01  3.092580e-02 
 3.773846e+01  3.092580e-02 
 3.773878e+01  3.092580e-02 
 3.773910e+01  3.092580e-02 
 3.773942e+01  3.092580e-02 
 3.773974e+01  3.092580e-02 
 3.774006e+01  3.092580e-02 
 3.774038e+01  3.092580e-02 
 3.774071e+01  3.092580e-02 
 3.774103e+01  3.092580e-02 
 3.774135e+01  3.092580e-02 
 3.774167e+01  3.092580e-02 
 3.774199e+01  3.092580e-02 
 3.774231e+01  3.092580e-02 
 3.774264e+01  3.092580e-02 
 3.774296e+01  3.092580e-02 
 3.774328e+01  3.092580e-02 
 3.774360e+01  3.092580e-02 
 3.774392e+01  3.092580e-02 
 3.774424e+01  3.092580e-02 
 3.774457e+01  3.092580e-02 
 3.774489e+01  3.092580e-02 
 3.774521e+01  3.092580e-02 
 3.774553e+01  3.092580e-02 
 3.774585e+01  3.092580e-02 
 3.774617e+01  3.092580e-02 
 3.774649e+01  3.092580e-02 
 3.774682e+01  3.092580e-02 
 3.774714e+01  3.092580e-02 
 3.774746e+01  3.092580e-02 
 3.774778e+01  3.092580e-02 
 3.774810e+01  3.092580e-02 
 3.774842e+01  3.092580e-02 
 3.774875e+01  3.092580e-02 
 3.774907e+01  3.092580e-02 
 3.774939e+01  3.092580e-02 
 3.774971e+01  3.092580e-02 
 3.775003e+01  3.092580e-02 
 3.775035e+01  3.092580e-02 
 3.775067e+01  3.092580e-02 
 3.775100e+01  3.092580e-02 
 3.775132e+01  3.092580e-02 
 3.775164e+01  3.092580e-02 
 3.775196e+01  3.092580e-02 
 3.775228e+01  3.092580e-02 
 3.775260e+01  3.092580e-02 
 3.775293e+01  3.092580e-02 
 3.775325e+01  3.092580e-02 
 3.775357e+01  3.092580e-02 
 3.775389e+01  3.092580e-02 
 3.775421e+01  3.092580e-02 
 3.775453e+01  3.092580e-02 
 3.775485e+01  3.092580e-02 
 3.775518e+01  3.092580e-02 
 3.775550e+01  3.092580e-02 
 3.775582e+01  3.092580e-02 
 3.775614e+01  3.092580e-02 
 3.775646e+01  3.092580e-02 
 3.775678e+01  3.092580e-02 
 3.775711e+01  3.092580e-02 
 3.775743e+01  3.092580e-02 
 3.775775e+01  3.092580e-02 
 3.775807e+01  3.092580e-02 
 3.775839e+01  3.092580e-02 
 3.775871e+01  3.092580e-02 
 3.775904e+01  3.092580e-02 
 3.775936e+01  3.092580e-02 
 3.775968e+01  3.092580e-02 
 3.776000e+01  3.092580e-02 
 3.776032e+01  3.092580e-02 
 3.776064e+01  3.092580e-02 
 3.776096e+01  3.092580e-02 
 3.776129e+01  3.092580e-02 
 3.776161e+01  3.092580e-02 
 3.776193e+01  3.092580e-02 
 3.776225e+01  3.092580e-02 
 3.776257e+01  3.092580e-02 
 3.776289e+01  3.092580e-02 
 3.776322e+01  3.092580e-02 
 3.776354e+01  3.092580e-02 
 3.776386e+01  3.092580e-02 
 3.776418e+01  3.092580e-02 
 3.776450e+01  3.092580e-02 
 3.776482e+01  3.092580e-02 
 3.776514e+01  3.092580e-02 
 3.776547e+01  3.092580e-02 
 3.776579e+01  3.092580e-02 
 3.776611e+01  3.092580e-02 
 3.776643e+01  3.092580e-02 
 3.776675e+01  3.092580e-02 
 3.776707e+01  3.092580e-02 
 3.776740e+01  3.092580e-02 
 3.776772e+01  3.092580e-02 
 3.776804e+01  3.092580e-02 
 3.776836e+01  3.092580e-02 
 3.776868e+01  3.092580e-02 
 3.776900e+01  3.092580e-02 
 3.776932e+01  3.092580e-02 
 3.776965e+01  3.092580e-02 
 3.776997e+01  3.092580e-02 
 3.777029e+01  3.092580e-02 
 3.777061e+01  3.092580e-02 
 3.777093e+01  3.092580e-02 
 3.777125e+01  3.092580e-02 
 3.777158e+01  3.092580e-02 
 3.777190e+01  3.092580e-02 
 3.777222e+01  3.092580e-02 
 3.777254e+01  3.092580e-02 
 3.777286e+01  3.092580e-02 
 3.777318e+01  3.092580e-02 
 3.777351e+01  3.092580e-02 
 3.777383e+01  3.092580e-02 
 3.777415e+01  3.092580e-02 
 3.777447e+01  3.092580e-02 
 3.777479e+01  3.092580e-02 
 3.777511e+01  3.092580e-02 
 3.777543e+01  3.092580e-02 
 3.777576e+01  3.092580e-02 
 3.777608e+01  3.092580e-02 
 3.777640e+01  3.092580e-02 
 3.777672e+01  3.092580e-02 
 3.777704e+01  3.092580e-02 
 3.777736e+01  3.092580e-02 
 3.777769e+01  3.092580e-02 
 3.777801e+01  3.092580e-02 
 3.777833e+01  3.092580e-02 
 3.777865e+01  3.092580e-02 
 3.777897e+01  3.092580e-02 
 3.777929e+01  3.092580e-02 
 3.777961e+01  3.092580e-02 
 3.777994e+01  3.092580e-02 
 3.778026e+01  3.092580e-02 
 3.778058e+01  3.092580e-02 
 3.778090e+01  3.092580e-02 
 3.778122e+01  3.092580e-02 
 3.778154e+01  3.092580e-02 
 3.778187e+01  3.092580e-02 
 3.778219e+01  3.092580e-02 
 3.778251e+01  3.092580e-02 
 3.778283e+01  3.092580e-02 
 3.778315e+01  3.092580e-02 
 3.778347e+01  3.092580e-02 
 3.778380e+01  3.092580e-02 
 3.778412e+01  3.092580e-02 
 3.778444e+01  3.092580e-02 
 3.778476e+01  3.092580e-02 
 3.778508e+01  3.092580e-02 
 3.778540e+01  3.092580e-02 
 3.778572e+01  3.092580e-02 
 3.778605e+01  3.092580e-02 
 3.778637e+01  3.092580e-02 
 3.778669e+01  3.092580e-02 
 3.778701e+01  3.092580e-02 
 3.778733e+01  3.092580e-02 
 3.778765e+01  3.092580e-02 
 3.778798e+01  3.092580e-02 
 3.778830e+01  3.092580e-02 
 3.778862e+01  3.092580e-02 
 3.778894e+01  3.092580e-02 
 3.778926e+01  3.092580e-02 
 3.778958e+01  3.092580e-02 
 3.778990e+01  3.092580e-02 
 3.779023e+01  3.092580e-02 
 3.779055e+01  3.092580e-02 
 3.779087e+01  3.092580e-02 
 3.779119e+01  3.092580e-02 
 3.779151e+01  3.092580e-02 
 3.779183e+01  3.092580e-02 
 3.779216e+01  3.092580e-02 
 3.779248e+01  3.092580e-02 
 3.779280e+01  3.092580e-02 
 3.779312e+01  3.092580e-02 
 3.779344e+01  3.092580e-02 
 3.779376e+01  3.092580e-02 
 3.779408e+01  3.092580e-02 
 3.779441e+01  3.092580e-02 
 3.779473e+01  3.092580e-02 
 3.779505e+01  3.092580e-02 
 3.779537e+01  3.092580e-02 
 3.779569e+01  3.092580e-02 
 3.779601e+01  3.092580e-02 
 3.779634e+01  3.092580e-02 
 3.779666e+01  3.092580e-02 
 3.779698e+01  3.092580e-02 
 3.779730e+01  3.092580e-02 
 3.779762e+01  3.092580e-02 
 3.779794e+01  3.092580e-02 
 3.779827e+01  3.092580e-02 
 3.779859e+01  3.092580e-02 
 3.779891e+01  3.092580e-02 
 3.779923e+01  3.092580e-02 
 3.779955e+01  3.092580e-02 
 3.779987e+01  3.092580e-02 
 3.780019e+01  3.092580e-02 
 3.780052e+01  3.092580e-02 
 3.780084e+01  3.092580e-02 
 3.780116e+01  3.092580e-02 
 3.780148e+01  3.092580e-02 
 3.780180e+01  3.092580e-02 
 3.780212e+01  3.092580e-02 
 3.780245e+01  3.092580e-02 
 3.780277e+01  3.092580e-02 
 3.780309e+01  3.092580e-02 
 3.780341e+01  3.092580e-02 
 3.780373e+01  3.092580e-02 
 3.780405e+01  3.092580e-02 
 3.780437e+01  3.092580e-02 
 3.780470e+01  3.092580e-02 
 3.780502e+01  3.092580e-02 
 3.780534e+01  3.092580e-02 
 3.780566e+01  3.092580e-02 
 3.780598e+01  3.092580e-02 
 3.780630e+01  3.092580e-02 
 3.780663e+01  3.092580e-02 
 3.780695e+01  3.092580e-02 
 3.780727e+01  3.092580e-02 
 3.780759e+01  3.092580e-02 
 3.780791e+01  3.092580e-02 
 3.780823e+01  3.092580e-02 
 3.780856e+01  3.092580e-02 
 3.780888e+01  3.092580e-02 
 3.780920e+01  3.092580e-02 
 3.780952e+01  3.092580e-02 
 3.780984e+01  3.092580e-02 
 3.781016e+01  3.092580e-02 
 3.781048e+01  3.092580e-02 
 3.781081e+01  3.092580e-02 
 3.781113e+01  3.092580e-02 
 3.781145e+01  3.092580e-02 
 3.781177e+01  3.092580e-02 
 3.781209e+01  3.092580e-02 
 3.781241e+01  3.092580e-02 
 3.781274e+01  3.092580e-02 
 3.781306e+01  3.092580e-02 
 3.781338e+01  3.092580e-02 
 3.781370e+01  3.092580e-02 
 3.781402e+01  3.092580e-02 
 3.781434e+01  3.092580e-02 
 3.781466e+01  3.092580e-02 
 3.781499e+01  3.092580e-02 
 3.781531e+01  3.092580e-02 
 3.781563e+01  3.092580e-02 
 3.781595e+01  3.092580e-02 
 3.781627e+01  3.092580e-02 
 3.781659e+01  3.092580e-02 
 3.781692e+01  3.092580e-02 
 3.781724e+01  3.092580e-02 
 3.781756e+01  3.092580e-02 
 3.781788e+01  3.092580e-02 
 3.781820e+01  3.092580e-02 
 3.781852e+01  3.092580e-02 
 3.781884e+01  3.092580e-02 
 3.781917e+01  3.092580e-02 
 3.781949e+01  3.092580e-02 
 3.781981e+01  3.092580e-02 
 3.782013e+01  3.092580e-02 
 3.782045e+01  3.092580e-02 
 3.782077e+01  3.092580e-02 
 3.782110e+01  3.092580e-02 
 3.782142e+01  3.092580e-02 
 3.782174e+01  3.092580e-02 
 3.782206e+01  3.092580e-02 
 3.782238e+01  3.092580e-02 
 3.782270e+01  3.092580e-02 
 3.782303e+01  3.092580e-02 
 3.782335e+01  3.092580e-02 
 3.782367e+01  3.092580e-02 
 3.782399e+01  3.092580e-02 
 3.782431e+01  3.092580e-02 
 3.782463e+01  3.092580e-02 
 3.782495e+01  3.092580e-02 
 3.782528e+01  3.092580e-02 
 3.782560e+01  3.092580e-02 
 3.782592e+01  3.092580e-02 
 3.782624e+01  3.092580e-02 
 3.782656e+01  3.092580e-02 
 3.782688e+01  3.092580e-02 
 3.782721e+01  3.092580e-02 
 3.782753e+01  3.092580e-02 
 3.782785e+01  3.092580e-02 
 3.782817e+01  3.092580e-02 
 3.782849e+01  3.092580e-02 
 3.782881e+01  3.092580e-02 
 3.782913e+01  3.092580e-02 
 3.782946e+01  3.092580e-02 
 3.782978e+01  3.092580e-02 
 3.783010e+01  3.092580e-02 
 3.783042e+01  3.092580e-02 
 3.783074e+01  3.092580e-02 
 3.783106e+01  3.092580e-02 
 3.783139e+01  3.092580e-02 
 3.783171e+01  3.092580e-02 
 3.783203e+01  3.092580e-02 
 3.783235e+01  3.092580e-02 
 3.783267e+01  3.092580e-02 
 3.783299e+01  3.092580e-02 
 3.783331e+01  3.092580e-02 
 3.783364e+01  3.092580e-02 
 3.783396e+01  3.092580e-02 
 3.783428e+01  3.092580e-02 
 3.783460e+01  3.092580e-02 
 3.783492e+01  3.092580e-02 
 3.783524e+01  3.092580e-02 
 3.783557e+01  3.092580e-02 
 3.783589e+01  3.092580e-02 
 3.783621e+01  3.092580e-02 
 3.783653e+01  3.092580e-02 
 3.783685e+01  3.092580e-02 
 3.783717e+01  3.092580e-02 
 3.783750e+01  3.092580e-02 
 3.783782e+01  3.092580e-02 
 3.783814e+01  3.092580e-02 
 3.783846e+01  3.092580e-02 
 3.783878e+01  3.092580e-02 
 3.783910e+01  3.092580e-02 
 3.783942e+01  3.092580e-02 
 3.783975e+01  3.092580e-02 
 3.784007e+01  3.092580e-02 
 3.784039e+01  3.092580e-02 
 3.784071e+01  3.092580e-02 
 3.784103e+01  3.092580e-02 
 3.784135e+01  3.092580e-02 
 3.784168e+01  3.092580e-02 
 3.784200e+01  3.092580e-02 
 3.784232e+01  3.092580e-02 
 3.784264e+01  3.092580e-02 
 3.784296e+01  3.092580e-02 
 3.784328e+01  3.092580e-02 
 3.784360e+01  3.092580e-02 
 3.784393e+01  3.092580e-02 
 3.784425e+01  3.092580e-02 
 3.784457e+01  3.092580e-02 
 3.784489e+01  3.092580e-02 
 3.784521e+01  3.092580e-02 
 3.784553e+01  3.092580e-02 
 3.784586e+01  3.092580e-02 
 3.784618e+01  3.092580e-02 
 3.784650e+01  3.092580e-02 
 3.784682e+01  3.092580e-02 
 3.784714e+01  3.092580e-02 
 3.784746e+01  3.092580e-02 
 3.784779e+01  3.092580e-02 
 3.784811e+01  3.092580e-02 
 3.784843e+01  3.092580e-02 
 3.784875e+01  3.092580e-02 
 3.784907e+01  3.092580e-02 
 3.784939e+01  3.092580e-02 
 3.784971e+01  3.092580e-02 
 3.785004e+01  3.092580e-02 
 3.785036e+01  3.092580e-02 
 3.785068e+01  3.092580e-02 
 3.785100e+01  3.092580e-02 
 3.785132e+01  3.092580e-02 
 3.785164e+01  3.092580e-02 
 3.785197e+01  3.092580e-02 
 3.785229e+01  3.092580e-02 
 3.785261e+01  3.092580e-02 
 3.785293e+01  3.092580e-02 
 3.785325e+01  3.092580e-02 
 3.785357e+01  3.092580e-02 
 3.785389e+01  3.092580e-02 
 3.785422e+01  3.092580e-02 
 3.785454e+01  3.092580e-02 
 3.785486e+01  3.092580e-02 
 3.785518e+01  3.092580e-02 
 3.785550e+01  3.092580e-02 
 3.785582e+01  3.092580e-02 
 3.785615e+01  3.092580e-02 
 3.785647e+01  3.092580e-02 
 3.785679e+01  3.092580e-02 
 3.785711e+01  3.092580e-02 
 3.785743e+01  3.092580e-02 
 3.785775e+01  3.092580e-02 
 3.785807e+01  3.092580e-02 
 3.785840e+01  3.092580e-02 
 3.785872e+01  3.092580e-02 
 3.785904e+01  3.092580e-02 
 3.785936e+01  3.092580e-02 
 3.785968e+01  3.092580e-02 
 3.786000e+01  3.092580e-02 
 3.786033e+01  3.092580e-02 
 3.786065e+01  3.092580e-02 
 3.786097e+01  3.092580e-02 
 3.786129e+01  3.092580e-02 
 3.786161e+01  3.092580e-02 
 3.786193e+01  3.092580e-02 
 3.786226e+01  3.092580e-02 
 3.786258e+01  3.092580e-02 
 3.786290e+01  3.092580e-02 
 3.786322e+01  3.092580e-02 
 3.786354e+01  3.092580e-02 
 3.786386e+01  3.092580e-02 
 3.786418e+01  3.092580e-02 
 3.786451e+01  3.092580e-02 
 3.786483e+01  3.092580e-02 
 3.786515e+01  3.092580e-02 
 3.786547e+01  3.092580e-02 
 3.786579e+01  3.092580e-02 
 3.786611e+01  3.092580e-02 
 3.786644e+01  3.092580e-02 
 3.786676e+01  3.092580e-02 
 3.786708e+01  3.092580e-02 
 3.786740e+01  3.092580e-02 
 3.786772e+01  3.092580e-02 
 3.786804e+01  3.092580e-02 
 3.786836e+01  3.092580e-02 
 3.786869e+01  3.092580e-02 
 3.786901e+01  3.092580e-02 
 3.786933e+01  3.092580e-02 
 3.786965e+01  3.092580e-02 
 3.786997e+01  3.092580e-02 
 3.787029e+01  3.092580e-02 
 3.787062e+01  3.092580e-02 
 3.787094e+01  3.092580e-02 
 3.787126e+01  3.092580e-02 
 3.787158e+01  3.092580e-02 
 3.787190e+01  3.092580e-02 
 3.787222e+01  3.092580e-02 
 3.787254e+01  3.092580e-02 
 3.787287e+01  3.092580e-02 
 3.787319e+01  3.092580e-02 
 3.787351e+01  3.092580e-02 
 3.787383e+01  3.092580e-02 
 3.787415e+01  3.092580e-02 
 3.787447e+01  3.092580e-02 
 3.787480e+01  3.092580e-02 
 3.787512e+01  3.092580e-02 
 3.787544e+01  3.092580e-02 
 3.787576e+01  3.092580e-02 
 3.787608e+01  3.092580e-02 
 3.787640e+01  3.092580e-02 
 3.787673e+01  3.092580e-02 
 3.787705e+01  3.092580e-02 
 3.787737e+01  3.092580e-02 
 3.787769e+01  3.092580e-02 
 3.787801e+01  3.092580e-02 
 3.787833e+01  3.092580e-02 
 3.787865e+01  3.092580e-02 
 3.787898e+01  3.092580e-02 
 3.787930e+01  3.092580e-02 
 3.787962e+01  3.092580e-02 
 3.787994e+01  3.092580e-02 
 3.788026e+01  3.092580e-02 
 3.788058e+01  3.092580e-02 
 3.788091e+01  3.092580e-02 
 3.788123e+01  3.092580e-02 
 3.788155e+01  3.092580e-02 
 3.788187e+01  3.092580e-02 
 3.788219e+01  3.092580e-02 
 3.788251e+01  3.092580e-02 
 3.788283e+01  3.092580e-02 
 3.788316e+01  3.092580e-02 
 3.788348e+01  3.092580e-02 
 3.788380e+01  3.092580e-02 
 3.788412e+01  3.092580e-02 
 3.788444e+01  3.092580e-02 
 3.788476e+01  3.092580e-02 
 3.788509e+01  3.092580e-02 
 3.788541e+01  3.092580e-02 
 3.788573e+01  3.092580e-02 
 3.788605e+01  3.092580e-02 
 3.788637e+01  3.092580e-02 
 3.788669e+01  3.092580e-02 
 3.788702e+01  3.092580e-02 
 3.788734e+01  3.092580e-02 
 3.788766e+01  3.092580e-02 
 3.788798e+01  3.092580e-02 
 3.788830e+01  3.092580e-02 
 3.788862e+01  3.092580e-02 
 3.788894e+01  3.092580e-02 
 3.788927e+01  3.092580e-02 
 3.788959e+01  3.092580e-02 
 3.788991e+01  3.092580e-02 
 3.789023e+01  3.092580e-02 
 3.789055e+01  3.092580e-02 
 3.789087e+01  3.092580e-02 
 3.789120e+01  3.092580e-02 
 3.789152e+01  3.092580e-02 
 3.789184e+01  3.092580e-02 
 3.789216e+01  3.092580e-02 
 3.789248e+01  3.092580e-02 
 3.789280e+01  3.092580e-02 
 3.789312e+01  3.092580e-02 
 3.789345e+01  3.092580e-02 
 3.789377e+01  3.092580e-02 
 3.789409e+01  3.092580e-02 
 3.789441e+01  3.092580e-02 
 3.789473e+01  3.092580e-02 
 3.789505e+01  3.092580e-02 
 3.789538e+01  3.092580e-02 
 3.789570e+01  3.092580e-02 
 3.789602e+01  3.092580e-02 
 3.789634e+01  3.092580e-02 
 3.789666e+01  3.092580e-02 
 3.789698e+01  3.092580e-02 
 3.789730e+01  3.092580e-02 
 3.789763e+01  3.092580e-02 
 3.789795e+01  3.092580e-02 
 3.789827e+01  3.092580e-02 
 3.789859e+01  3.092580e-02 
 3.789891e+01  3.092580e-02 
 3.789923e+01  3.092580e-02 
 3.789956e+01  3.092580e-02 
 3.789988e+01  3.092580e-02 
 3.790020e+01  3.092580e-02 
 3.790052e+01  3.092580e-02 
 3.790084e+01  3.092580e-02 
 3.790116e+01  3.092580e-02 
 3.790149e+01  3.092580e-02 
 3.790181e+01  3.092580e-02 
 3.790213e+01  3.092580e-02 
 3.790245e+01  3.092580e-02 
 3.790277e+01  3.092580e-02 
 3.790309e+01  3.092580e-02 
 3.790341e+01  3.092580e-02 
 3.790374e+01  3.092580e-02 
 3.790406e+01  3.092580e-02 
 3.790438e+01  3.092580e-02 
 3.790470e+01  3.092580e-02 
 3.790502e+01  3.092580e-02 
 3.790534e+01  3.092580e-02 
 3.790567e+01  3.092580e-02 
 3.790599e+01  3.092580e-02 
 3.790631e+01  3.092580e-02 
 3.790663e+01  3.092580e-02 
 3.790695e+01  3.092580e-02 
 3.790727e+01  3.092580e-02 
 3.790759e+01  3.092580e-02 
 3.790792e+01  3.092580e-02 
 3.790824e+01  3.092580e-02 
 3.790856e+01  3.092580e-02 
 3.790888e+01  3.092580e-02 
 3.790920e+01  3.092580e-02 
 3.790952e+01  3.092580e-02 
 3.790985e+01  3.092580e-02 
 3.791017e+01  3.092580e-02 
 3.791049e+01  3.092580e-02 
 3.791081e+01  3.092580e-02 
 3.791113e+01  3.092580e-02 
 3.791145e+01  3.092580e-02 
 3.791177e+01  3.092580e-02 
 3.791210e+01  3.092580e-02 
 3.791242e+01  3.092580e-02 
 3.791274e+01  3.092580e-02 
 3.791306e+01  3.092580e-02 
 3.791338e+01  3.092580e-02 
 3.791370e+01  3.092580e-02 
 3.791403e+01  3.092580e-02 
 3.791435e+01  3.092580e-02 
 3.791467e+01  3.092580e-02 
 3.791499e+01  3.092580e-02 
 3.791531e+01  3.092580e-02 
 3.791563e+01  3.092580e-02 
 3.791596e+01  3.092580e-02 
 3.791628e+01  3.092580e-02 
 3.791660e+01  3.092580e-02 
 3.791692e+01  3.092580e-02 
 3.791724e+01  3.092580e-02 
 3.791756e+01  3.092580e-02 
 3.791788e+01  3.092580e-02 
 3.791821e+01  3.092580e-02 
 3.791853e+01  3.092580e-02 
 3.791885e+01  3.092580e-02 
 3.791917e+01  3.092580e-02 
 3.791949e+01  3.092580e-02 
 3.791981e+01  3.092580e-02 
 3.792014e+01  3.092580e-02 
 3.792046e+01  3.092580e-02 
 3.792078e+01  3.092580e-02 
 3.792110e+01  3.092580e-02 
 3.792142e+01  3.092580e-02 
 3.792174e+01  3.092580e-02 
 3.792206e+01  3.092580e-02 
 3.792239e+01  3.092580e-02 
 3.792271e+01  3.092580e-02 
 3.792303e+01  3.092580e-02 
 3.792335e+01  3.092580e-02 
 3.792367e+01  3.092580e-02 
 3.792399e+01  3.092580e-02 
 3.792432e+01  3.092580e-02 
 3.792464e+01  3.092580e-02 
 3.792496e+01  3.092580e-02 
 3.792528e+01  3.092580e-02 
 3.792560e+01  3.092580e-02 
 3.792592e+01  3.092580e-02 
 3.792625e+01  3.092580e-02 
 3.792657e+01  3.092580e-02 
 3.792689e+01  3.092580e-02 
 3.792721e+01  3.092580e-02 
 3.792753e+01  3.092580e-02 
 3.792785e+01  3.092580e-02 
 3.792817e+01  3.092580e-02 
 3.792850e+01  3.092580e-02 
 3.792882e+01  3.092580e-02 
 3.792914e+01  3.092580e-02 
 3.792946e+01  3.092580e-02 
 3.792978e+01  3.092580e-02 
 3.793010e+01  3.092580e-02 
 3.793043e+01  3.092580e-02 
 3.793075e+01  3.092580e-02 
 3.793107e+01  3.092580e-02 
 3.793139e+01  3.092580e-02 
 3.793171e+01  3.092580e-02 
 3.793203e+01  3.092580e-02 
 3.793235e+01  3.092580e-02 
 3.793268e+01  3.092580e-02 
 3.793300e+01  3.092580e-02 
 3.793332e+01  3.092580e-02 
 3.793364e+01  3.092580e-02 
 3.793396e+01  3.092580e-02 
 3.793428e+01  3.092580e-02 
 3.793461e+01  3.092580e-02 
 3.793493e+01  3.092580e-02 
 3.793525e+01  3.092580e-02 
 3.793557e+01  3.092580e-02 
 3.793589e+01  3.092580e-02 
 3.793621e+01  3.092580e-02 
 3.793653e+01  3.092580e-02 
 3.793686e+01  3.092580e-02 
 3.793718e+01  3.092580e-02 
 3.793750e+01  3.092580e-02 
 3.793782e+01  3.092580e-02 
 3.793814e+01  3.092580e-02 
 3.793846e+01  3.092580e-02 
 3.793879e+01  3.092580e-02 
 3.793911e+01  3.092580e-02 
 3.793943e+01  3.092580e-02 
 3.793975e+01  3.092580e-02 
 3.794007e+01  3.092580e-02 
 3.794039e+01  3.092580e-02 
 3.794072e+01  3.092580e-02 
 3.794104e+01  3.092580e-02 
 3.794136e+01  3.092580e-02 
 3.794168e+01  3.092580e-02 
 3.794200e+01  3.092580e-02 
 3.794232e+01  3.092580e-02 
 3.794264e+01  3.092580e-02 
 3.794297e+01  3.092580e-02 
 3.794329e+01  3.092580e-02 
 3.794361e+01  3.092580e-02 
 3.794393e+01  3.092580e-02 
 3.794425e+01  3.092580e-02 
 3.794457e+01  3.092580e-02 
 3.794490e+01  3.092580e-02 
 3.794522e+01  3.092580e-02 
 3.794554e+01  3.092580e-02 
 3.794586e+01  3.092580e-02 
 3.794618e+01  3.092580e-02 
 3.794650e+01  3.092580e-02 
 3.794682e+01  3.092580e-02 
 3.794715e+01  3.092580e-02 
 3.794747e+01  3.092580e-02 
 3.794779e+01  3.092580e-02 
 3.794811e+01  3.092580e-02 
 3.794843e+01  3.092580e-02 
 3.794875e+01  3.092580e-02 
 3.794908e+01  3.092580e-02 
 3.794940e+01  3.092580e-02 
 3.794972e+01  3.092580e-02 
 3.795004e+01  3.092580e-02 
 3.795036e+01  3.092580e-02 
 3.795068e+01  3.092580e-02 
 3.795100e+01  3.092580e-02 
 3.795133e+01  3.092580e-02 
 3.795165e+01  3.092580e-02 
 3.795197e+01  3.092580e-02 
 3.795229e+01  3.092580e-02 
 3.795261e+01  3.092580e-02 
 3.795293e+01  3.092580e-02 
 3.795326e+01  3.092580e-02 
 3.795358e+01  3.092580e-02 
 3.795390e+01  3.092580e-02 
 3.795422e+01  3.092580e-02 
 3.795454e+01  3.092580e-02 
 3.795486e+01  3.092580e-02 
 3.795519e+01  3.092580e-02 
 3.795551e+01  3.092580e-02 
 3.795583e+01  3.092580e-02 
 3.795615e+01  3.092580e-02 
 3.795647e+01  3.092580e-02 
 3.795679e+01  3.092580e-02 
 3.795711e+01  3.092580e-02 
 3.795744e+01  3.092580e-02 
 3.795776e+01  3.092580e-02 
 3.795808e+01  3.092580e-02 
 3.795840e+01  3.092580e-02 
 3.795872e+01  3.092580e-02 
 3.795904e+01  3.092580e-02 
 3.795937e+01  3.092580e-02 
 3.795969e+01  3.092580e-02 
 3.796001e+01  3.092580e-02 
 3.796033e+01  3.092580e-02 
 3.796065e+01  3.092580e-02 
 3.796097e+01  3.092580e-02 
 3.796129e+01  3.092580e-02 
 3.796162e+01  3.092580e-02 
 3.796194e+01  3.092580e-02 
 3.796226e+01  3.092580e-02 
 3.796258e+01  3.092580e-02 
 3.796290e+01  3.092580e-02 
 3.796322e+01  3.092580e-02 
 3.796355e+01  3.092580e-02 
 3.796387e+01  3.092580e-02 
 3.796419e+01  3.092580e-02 
 3.796451e+01  3.092580e-02 
 3.796483e+01  3.092580e-02 
 3.796515e+01  3.092580e-02 
 3.796548e+01  3.092580e-02 
 3.796580e+01  3.092580e-02 
 3.796612e+01  3.092580e-02 
 3.796644e+01  3.092580e-02 
 3.796676e+01  3.092580e-02 
 3.796708e+01  3.092580e-02 
 3.796740e+01  3.092580e-02 
 3.796773e+01  3.092580e-02 
 3.796805e+01  3.092580e-02 
 3.796837e+01  3.092580e-02 
 3.796869e+01  3.092580e-02 
 3.796901e+01  3.092580e-02 
 3.796933e+01  3.092580e-02 
 3.796966e+01  3.092580e-02 
 3.796998e+01  3.092580e-02 
 3.797030e+01  3.092580e-02 
 3.797062e+01  3.092580e-02 
 3.797094e+01  3.092580e-02 
 3.797126e+01  3.092580e-02 
 3.797158e+01  3.092580e-02 
 3.797191e+01  3.092580e-02 
 3.797223e+01  3.092580e-02 
 3.797255e+01  3.092580e-02 
 3.797287e+01  3.092580e-02 
 3.797319e+01  3.092580e-02 
 3.797351e+01  3.092580e-02 
 3.797384e+01  3.092580e-02 
 3.797416e+01  3.092580e-02 
 3.797448e+01  3.092580e-02 
 3.797480e+01  3.092580e-02 
 3.797512e+01  3.092580e-02 
 3.797544e+01  3.092580e-02 
 3.797576e+01  3.092580e-02 
 3.797609e+01  3.092580e-02 
 3.797641e+01  3.092580e-02 
 3.797673e+01  3.092580e-02 
 3.797705e+01  3.092580e-02 
 3.797737e+01  3.092580e-02 
 3.797769e+01  3.092580e-02 
 3.797802e+01  3.092580e-02 
 3.797834e+01  3.092580e-02 
 3.797866e+01  3.092580e-02 
 3.797898e+01  3.092580e-02 
 3.797930e+01  3.092580e-02 
 3.797962e+01  3.092580e-02 
 3.797995e+01  3.092580e-02 
 3.798027e+01  3.092580e-02 
 3.798059e+01  3.092580e-02 
 3.798091e+01  3.092580e-02 
 3.798123e+01  3.092580e-02 
 3.798155e+01  3.092580e-02 
 3.798187e+01  3.092580e-02 
 3.798220e+01  3.092580e-02 
 3.798252e+01  3.092580e-02 
 3.798284e+01  3.092580e-02 
 3.798316e+01  3.092580e-02 
 3.798348e+01  3.092580e-02 
 3.798380e+01  3.092580e-02 
 3.798413e+01  3.092580e-02 
 3.798445e+01  3.092580e-02 
 3.798477e+01  3.092580e-02 
 3.798509e+01  3.092580e-02 
 3.798541e+01  3.092580e-02 
 3.798573e+01  3.092580e-02 
 3.798605e+01  3.092580e-02 
 3.798638e+01  3.092580e-02 
 3.798670e+01  3.092580e-02 
 3.798702e+01  3.092580e-02 
 3.798734e+01  3.092580e-02 
 3.798766e+01  3.092580e-02 
 3.798798e+01  3.092580e-02 
 3.798831e+01  3.092580e-02 
 3.798863e+01  3.092580e-02 
 3.798895e+01  3.092580e-02 
 3.798927e+01  3.092580e-02 
 3.798959e+01  3.092580e-02 
 3.798991e+01  3.092580e-02 
 3.799024e+01  3.092580e-02 
 3.799056e+01  3.092580e-02 
 3.799088e+01  3.092580e-02 
 3.799120e+01  3.092580e-02 
 3.799152e+01  3.092580e-02 
 3.799184e+01  3.092580e-02 
 3.799216e+01  3.092580e-02 
 3.799249e+01  3.092580e-02 
 3.799281e+01  3.092580e-02 
 3.799313e+01  3.092580e-02 
 3.799345e+01  3.092580e-02 
 3.799377e+01  3.092580e-02 
 3.799409e+01  3.092580e-02 
 3.799442e+01  3.092580e-02 
 3.799474e+01  3.092580e-02 
 3.799506e+01  3.092580e-02 
 3.799538e+01  3.092580e-02 
 3.799570e+01  3.092580e-02 
 3.799602e+01  3.092580e-02 
 3.799634e+01  3.092580e-02 
 3.799667e+01  3.092580e-02 
 3.799699e+01  3.092580e-02 
 3.799731e+01  3.092580e-02 
 3.799763e+01  3.092580e-02 
 3.799795e+01  3.092580e-02 
 3.799827e+01  3.092580e-02 
 3.799860e+01  3.092580e-02 
 3.799892e+01  3.092580e-02 
 3.799924e+01  3.092580e-02 
 3.799956e+01  3.092580e-02 
 3.799988e+01  3.092580e-02 
 3.800020e+01  3.092580e-02 
 3.800052e+01  3.092580e-02 
 3.800085e+01  3.092580e-02 
 3.800117e+01  3.092580e-02 
 3.800149e+01  3.092580e-02 
 3.800181e+01  3.092580e-02 
 3.800213e+01  3.092580e-02 
 3.800245e+01  3.092580e-02 
 3.800278e+01  3.092580e-02 
 3.800310e+01  3.092580e-02 
 3.800342e+01  3.092580e-02 
 3.800374e+01  3.092580e-02 
 3.800406e+01  3.092580e-02 
 3.800438e+01  3.092580e-02 
 3.800471e+01  3.092580e-02 
 3.800503e+01  3.092580e-02 
 3.800535e+01  3.092580e-02 
 3.800567e+01  3.092580e-02 
 3.800599e+01  3.092580e-02 
 3.800631e+01  3.092580e-02 
 3.800663e+01  3.092580e-02 
 3.800696e+01  3.092580e-02 
 3.800728e+01  3.092580e-02 
 3.800760e+01  3.092580e-02 
 3.800792e+01  3.092580e-02 
 3.800824e+01  3.092580e-02 
 3.800856e+01  3.092580e-02 
 3.800889e+01  3.092580e-02 
 3.800921e+01  3.092580e-02 
 3.800953e+01  3.092580e-02 
 3.800985e+01  3.092580e-02 
 3.801017e+01  3.092580e-02 
 3.801049e+01  3.092580e-02 
 3.801081e+01  3.092580e-02 
 3.801114e+01  3.092580e-02 
 3.801146e+01  3.092580e-02 
 3.801178e+01  3.092580e-02 
 3.801210e+01  3.092580e-02 
 3.801242e+01  3.092580e-02 
 3.801274e+01  3.092580e-02 
 3.801307e+01  3.092580e-02 
 3.801339e+01  3.092580e-02 
 3.801371e+01  3.092580e-02 
 3.801403e+01  3.092580e-02 
 3.801435e+01  3.092580e-02 
 3.801467e+01  3.092580e-02 
 3.801499e+01  3.092580e-02 
 3.801532e+01  3.092580e-02 
 3.801564e+01  3.092580e-02 
 3.801596e+01  3.092580e-02 
 3.801628e+01  3.092580e-02 
 3.801660e+01  3.092580e-02 
 3.801692e+01  3.092580e-02 
 3.801725e+01  3.092580e-02 
 3.801757e+01  3.092580e-02 
 3.801789e+01  3.092580e-02 
 3.801821e+01  3.092580e-02 
 3.801853e+01  3.092580e-02 
 3.801885e+01  3.092580e-02 
 3.801918e+01  3.092580e-02 
 3.801950e+01  3.092580e-02 
 3.801982e+01  3.092580e-02 
 3.802014e+01  3.092580e-02 
 3.802046e+01  3.092580e-02 
 3.802078e+01  3.092580e-02 
 3.802110e+01  3.092580e-02 
 3.802143e+01  3.092580e-02 
 3.802175e+01  3.092580e-02 
 3.802207e+01  3.092580e-02 
 3.802239e+01  3.092580e-02 
 3.802271e+01  3.092580e-02 
 3.802303e+01  3.092580e-02 
 3.802336e+01  3.092580e-02 
 3.802368e+01  3.092580e-02 
 3.802400e+01  3.092580e-02 
 3.802432e+01  3.092580e-02 
 3.802464e+01  3.092580e-02 
 3.802496e+01  3.092580e-02 
 3.802528e+01  3.092580e-02 
 3.802561e+01  3.092580e-02 
 3.802593e+01  3.092580e-02 
 3.802625e+01  3.092580e-02 
 3.802657e+01  3.092580e-02 
 3.802689e+01  3.092580e-02 
 3.802721e+01  3.092580e-02 
 3.802754e+01  3.092580e-02 
 3.802786e+01  3.092580e-02 
 3.802818e+01  3.092580e-02 
 3.802850e+01  3.092580e-02 
 3.802882e+01  3.092580e-02 
 3.802914e+01  3.092580e-02 
 3.802947e+01  3.092580e-02 
 3.802979e+01  3.092580e-02 
 3.803011e+01  3.092580e-02 
 3.803043e+01  3.092580e-02 
 3.803075e+01  3.092580e-02 
 3.803107e+01  3.092580e-02 
 3.803139e+01  3.092580e-02 
 3.803172e+01  3.092580e-02 
 3.803204e+01  3.092580e-02 
 3.803236e+01  3.092580e-02 
 3.803268e+01  3.092580e-02 
 3.803300e+01  3.092580e-02 
 3.803332e+01  3.092580e-02 
 3.803365e+01  3.092580e-02 
 3.803397e+01  3.092580e-02 
 3.803429e+01  3.092580e-02 
 3.803461e+01  3.092580e-02 
 3.803493e+01  3.092580e-02 
 3.803525e+01  3.092580e-02 
 3.803557e+01  3.092580e-02 
 3.803590e+01  3.092580e-02 
 3.803622e+01  3.092580e-02 
 3.803654e+01  3.092580e-02 
 3.803686e+01  3.092580e-02 
 3.803718e+01  3.092580e-02 
 3.803750e+01  3.092580e-02 
 3.803783e+01  3.092580e-02 
 3.803815e+01  3.092580e-02 
 3.803847e+01  3.092580e-02 
 3.803879e+01  3.092580e-02 
 3.803911e+01  3.092580e-02 
 3.803943e+01  3.092580e-02 
 3.803975e+01  3.092580e-02 
 3.804008e+01  3.092580e-02 
 3.804040e+01  3.092580e-02 
 3.804072e+01  3.092580e-02 
 3.804104e+01  3.092580e-02 
 3.804136e+01  3.092580e-02 
 3.804168e+01  3.092580e-02 
 3.804201e+01  3.092580e-02 
 3.804233e+01  3.092580e-02 
 3.804265e+01  3.092580e-02 
 3.804297e+01  3.092580e-02 
 3.804329e+01  3.092580e-02 
 3.804361e+01  3.092580e-02 
 3.804394e+01  3.092580e-02 
 3.804426e+01  3.092580e-02 
 3.804458e+01  3.092580e-02 
 3.804490e+01  3.092580e-02 
 3.804522e+01  3.092580e-02 
 3.804554e+01  3.092580e-02 
 3.804586e+01  3.092580e-02 
 3.804619e+01  3.092580e-02 
 3.804651e+01  3.092580e-02 
 3.804683e+01  3.092580e-02 
 3.804715e+01  3.092580e-02 
 3.804747e+01  3.092580e-02 
 3.804779e+01  3.092580e-02 
 3.804812e+01  3.092580e-02 
 3.804844e+01  3.092580e-02 
 3.804876e+01  3.092580e-02 
 3.804908e+01  3.092580e-02 
 3.804940e+01  3.092580e-02 
 3.804972e+01  3.092580e-02 
 3.805004e+01  3.092580e-02 
 3.805037e+01  3.092580e-02 
 3.805069e+01  3.092580e-02 
 3.805101e+01  3.092580e-02 
 3.805133e+01  3.092580e-02 
 3.805165e+01  3.092580e-02 
 3.805197e+01  3.092580e-02 
 3.805230e+01  3.092580e-02 
 3.805262e+01  3.092580e-02 
 3.805294e+01  3.092580e-02 
 3.805326e+01  3.092580e-02 
 3.805358e+01  3.092580e-02 
 3.805390e+01  3.092580e-02 
 3.805422e+01  3.092580e-02 
 3.805455e+01  3.092580e-02 
 3.805487e+01  3.092580e-02 
 3.805519e+01  3.092580e-02 
 3.805551e+01  3.092580e-02 
 3.805583e+01  3.092580e-02 
 3.805615e+01  3.092580e-02 
 3.805648e+01  3.092580e-02 
 3.805680e+01  3.092580e-02 
 3.805712e+01  3.092580e-02 
 3.805744e+01  3.092580e-02 
 3.805776e+01  3.092580e-02 
 3.805808e+01  3.092580e-02 
 3.805841e+01  3.092580e-02 
 3.805873e+01  3.092580e-02 
 3.805905e+01  3.092580e-02 
 3.805937e+01  3.092580e-02 
 3.805969e+01  3.092580e-02 
 3.806001e+01  3.092580e-02 
 3.806033e+01  3.092580e-02 
 3.806066e+01  3.092580e-02 
 3.806098e+01  3.092580e-02 
 3.806130e+01  3.092580e-02 
 3.806162e+01  3.092580e-02 
 3.806194e+01  3.092580e-02 
 3.806226e+01  3.092580e-02 
 3.806259e+01  3.092580e-02 
 3.806291e+01  3.092580e-02 
 3.806323e+01  3.092580e-02 
 3.806355e+01  3.092580e-02 
 3.806387e+01  3.092580e-02 
 3.806419e+01  3.092580e-02 
 3.806451e+01  3.092580e-02 
 3.806484e+01  3.092580e-02 
 3.806516e+01  3.092580e-02 
 3.806548e+01  3.092580e-02 
 3.806580e+01  3.092580e-02 
 3.806612e+01  3.092580e-02 
 3.806644e+01  3.092580e-02 
 3.806677e+01  3.092580e-02 
 3.806709e+01  3.092580e-02 
 3.806741e+01  3.092580e-02 
 3.806773e+01  3.092580e-02 
 3.806805e+01  3.092580e-02 
 3.806837e+01  3.092580e-02 
 3.806870e+01  3.092580e-02 
 3.806902e+01  3.092580e-02 
 3.806934e+01  3.092580e-02 
 3.806966e+01  3.092580e-02 
 3.806998e+01  3.092580e-02 
 3.807030e+01  3.092580e-02 
 3.807062e+01  3.092580e-02 
 3.807095e+01  3.092580e-02 
 3.807127e+01  3.092580e-02 
 3.807159e+01  3.092580e-02 
 3.807191e+01  3.092580e-02 
 3.807223e+01  3.092580e-02 
 3.807255e+01  3.092580e-02 
 3.807288e+01  3.092580e-02 
 3.807320e+01  3.092580e-02 
 3.807352e+01  3.092580e-02 
 3.807384e+01  3.092580e-02 
 3.807416e+01  3.092580e-02 
 3.807448e+01  3.092580e-02 
 3.807480e+01  3.092580e-02 
 3.807513e+01  3.092580e-02 
 3.807545e+01  3.092580e-02 
 3.807577e+01  3.092580e-02 
 3.807609e+01  3.092580e-02 
 3.807641e+01  3.092580e-02 
 3.807673e+01  3.092580e-02 
 3.807706e+01  3.092580e-02 
 3.807738e+01  3.092580e-02 
 3.807770e+01  3.092580e-02 
 3.807802e+01  3.092580e-02 
 3.807834e+01  3.092580e-02 
 3.807866e+01  3.092580e-02 
 3.807898e+01  3.092580e-02 
 3.807931e+01  3.092580e-02 
 3.807963e+01  3.092580e-02 
 3.807995e+01  3.092580e-02 
 3.808027e+01  3.092580e-02 
 3.808059e+01  3.092580e-02 
 3.808091e+01  3.092580e-02 
 3.808124e+01  3.092580e-02 
 3.808156e+01  3.092580e-02 
 3.808188e+01  3.092580e-02 
 3.808220e+01  3.092580e-02 
 3.808252e+01  3.092580e-02 
 3.808284e+01  3.092580e-02 
 3.808317e+01  3.092580e-02 
 3.808349e+01  3.092580e-02 
 3.808381e+01  3.092580e-02 
 3.808413e+01  3.092580e-02 
 3.808445e+01  3.092580e-02 
 3.808477e+01  3.092580e-02 
 3.808509e+01  3.092580e-02 
 3.808542e+01  3.092580e-02 
 3.808574e+01  3.092580e-02 
 3.808606e+01  3.092580e-02 
 3.808638e+01  3.092580e-02 
 3.808670e+01  3.092580e-02 
 3.808702e+01  3.092580e-02 
 3.808735e+01  3.092580e-02 
 3.808767e+01  3.092580e-02 
 3.808799e+01  3.092580e-02 
 3.808831e+01  3.092580e-02 
 3.808863e+01  3.092580e-02 
 3.808895e+01  3.092580e-02 
 3.808927e+01  3.092580e-02 
 3.808960e+01  3.092580e-02 
 3.808992e+01  3.092580e-02 
 3.809024e+01  3.092580e-02 
 3.809056e+01  3.092580e-02 
 3.809088e+01  3.092580e-02 
 3.809120e+01  3.092580e-02 
 3.809153e+01  3.092580e-02 
 3.809185e+01  3.092580e-02 
 3.809217e+01  3.092580e-02 
 3.809249e+01  3.092580e-02 
 3.809281e+01  3.092580e-02 
 3.809313e+01  3.092580e-02 
 3.809345e+01  3.092580e-02 
 3.809378e+01  3.092580e-02 
 3.809410e+01  3.092580e-02 
 3.809442e+01  3.092580e-02 
 3.809474e+01  3.092580e-02 
 3.809506e+01  3.092580e-02 
 3.809538e+01  3.092580e-02 
 3.809571e+01  3.092580e-02 
 3.809603e+01  3.092580e-02 
 3.809635e+01  3.092580e-02 
 3.809667e+01  3.092580e-02 
 3.809699e+01  3.092580e-02 
 3.809731e+01  3.092580e-02 
 3.809764e+01  3.092580e-02 
 3.809796e+01  3.092580e-02 
 3.809828e+01  3.092580e-02 
 3.809860e+01  3.092580e-02 
 3.809892e+01  3.092580e-02 
 3.809924e+01  3.092580e-02 
 3.809956e+01  3.092580e-02 
 3.809989e+01  3.092580e-02 
 3.810021e+01  3.092580e-02 
 3.810053e+01  3.092580e-02 
 3.810085e+01  3.092580e-02 
 3.810117e+01  3.092580e-02 
 3.810149e+01  3.092580e-02 
 3.810182e+01  3.092580e-02 
 3.810214e+01  3.092580e-02 
 3.810246e+01  3.092580e-02 
 3.810278e+01  3.092580e-02 
 3.810310e+01  3.092580e-02 
 3.810342e+01  3.092580e-02 
 3.810374e+01  3.092580e-02 
 3.810407e+01  3.092580e-02 
 3.810439e+01  3.092580e-02 
 3.810471e+01  3.092580e-02 
 3.810503e+01  3.092580e-02 
 3.810535e+01  3.092580e-02 
 3.810567e+01  3.092580e-02 
 3.810600e+01  3.092580e-02 
 3.810632e+01  3.092580e-02 
 3.810664e+01  3.092580e-02 
 3.810696e+01  3.092580e-02 
 3.810728e+01  3.092580e-02 
 3.810760e+01  3.092580e-02 
 3.810793e+01  3.092580e-02 
 3.810825e+01  3.092580e-02 
 3.810857e+01  3.092580e-02 
 3.810889e+01  3.092580e-02 
 3.810921e+01  3.092580e-02 
 3.810953e+01  3.092580e-02 
 3.810985e+01  3.092580e-02 
 3.811018e+01  3.092580e-02 
 3.811050e+01  3.092580e-02 
 3.811082e+01  3.092580e-02 
 3.811114e+01  3.092580e-02 
 3.811146e+01  3.092580e-02 
 3.811178e+01  3.092580e-02 
 3.811211e+01  3.092580e-02 
 3.811243e+01  3.092580e-02 
 3.811275e+01  3.092580e-02 
 3.811307e+01  3.092580e-02 
 3.811339e+01  3.092580e-02 
 3.811371e+01  3.092580e-02 
 3.811403e+01  3.092580e-02 
 3.811436e+01  3.092580e-02 
 3.811468e+01  3.092580e-02 
 3.811500e+01  3.092580e-02 
 3.811532e+01  3.092580e-02 
 3.811564e+01  3.092580e-02 
 3.811596e+01  3.092580e-02 
 3.811629e+01  3.092580e-02 
 3.811661e+01  3.092580e-02 
 3.811693e+01  3.092580e-02 
 3.811725e+01  3.092580e-02 
 3.811757e+01  3.092580e-02 
 3.811789e+01  3.092580e-02 
 3.811821e+01  3.092580e-02 
 3.811854e+01  3.092580e-02 
 3.811886e+01  3.092580e-02 
 3.811918e+01  3.092580e-02 
 3.811950e+01  3.092580e-02 
 3.811982e+01  3.092580e-02 
 3.812014e+01  3.092580e-02 
 3.812047e+01  3.092580e-02 
 3.812079e+01  3.092580e-02 
 3.812111e+01  3.092580e-02 
 3.812143e+01  3.092580e-02 
 3.812175e+01  3.092580e-02 
 3.812207e+01  3.092580e-02 
 3.812240e+01  3.092580e-02 
 3.812272e+01  3.092580e-02 
 3.812304e+01  3.092580e-02 
 3.812336e+01  3.092580e-02 
 3.812368e+01  3.092580e-02 
 3.812400e+01  3.092580e-02 
 3.812432e+01  3.092580e-02 
 3.812465e+01  3.092580e-02 
 3.812497e+01  3.092580e-02 
 3.812529e+01  3.092580e-02 
 3.812561e+01  3.092580e-02 
 3.812593e+01  3.092580e-02 
 3.812625e+01  3.092580e-02 
 3.812658e+01  3.092580e-02 
 3.812690e+01  3.092580e-02 
 3.812722e+01  3.092580e-02 
 3.812754e+01  3.092580e-02 
 3.812786e+01  3.092580e-02 
 3.812818e+01  3.092580e-02 
 3.812850e+01  3.092580e-02 
 3.812883e+01  3.092580e-02 
 3.812915e+01  3.092580e-02 
 3.812947e+01  3.092580e-02 
 3.812979e+01  3.092580e-02 
 3.813011e+01  3.092580e-02 
 3.813043e+01  3.092580e-02 
 3.813076e+01  3.092580e-02 
 3.813108e+01  3.092580e-02 
 3.813140e+01  3.092580e-02 
 3.813172e+01  3.092580e-02 
 3.813204e+01  3.092580e-02 
 3.813236e+01  3.092580e-02 
 3.813269e+01  3.092580e-02 
 3.813301e+01  3.092580e-02 
 3.813333e+01  3.092580e-02 
 3.813365e+01  3.092580e-02 
 3.813397e+01  3.092580e-02 
 3.813429e+01  3.092580e-02 
 3.813461e+01  3.092580e-02 
 3.813494e+01  3.092580e-02 
 3.813526e+01  3.092580e-02 
 3.813558e+01  3.092580e-02 
 3.813590e+01  3.092580e-02 
 3.813622e+01  3.092580e-02 
 3.813654e+01  3.092580e-02 
 3.813687e+01  3.092580e-02 
 3.813719e+01  3.092580e-02 
 3.813751e+01  3.092580e-02 
 3.813783e+01  3.092580e-02 
 3.813815e+01  3.092580e-02 
 3.813847e+01  3.092580e-02 
 3.813879e+01  3.092580e-02 
 3.813912e+01  3.092580e-02 
 3.813944e+01  3.092580e-02 
 3.813976e+01  3.092580e-02 
 3.814008e+01  3.092580e-02 
 3.814040e+01  3.092580e-02 
 3.814072e+01  3.092580e-02 
 3.814105e+01  3.092580e-02 
 3.814137e+01  3.092580e-02 
 3.814169e+01  3.092580e-02 
 3.814201e+01  3.092580e-02 
 3.814233e+01  3.092580e-02 
 3.814265e+01  3.092580e-02 
 3.814297e+01  3.092580e-02 
 3.814330e+01  3.092580e-02 
 3.814362e+01  3.092580e-02 
 3.814394e+01  3.092580e-02 
 3.814426e+01  3.092580e-02 
 3.814458e+01  3.092580e-02 
 3.814490e+01  3.092580e-02 
 3.814523e+01  3.092580e-02 
 3.814555e+01  3.092580e-02 
 3.814587e+01  3.092580e-02 
 3.814619e+01  3.092580e-02 
 3.814651e+01  3.092580e-02 
 3.814683e+01  3.092580e-02 
 3.814716e+01  3.092580e-02 
 3.814748e+01  3.092580e-02 
 3.814780e+01  3.092580e-02 
 3.814812e+01  3.092580e-02 
 3.814844e+01  3.092580e-02 
 3.814876e+01  3.092580e-02 
 3.814908e+01  3.092580e-02 
 3.814941e+01  3.092580e-02 
 3.814973e+01  3.092580e-02 
 3.815005e+01  3.092580e-02 
 3.815037e+01  3.092580e-02 
 3.815069e+01  3.092580e-02 
 3.815101e+01  3.092580e-02 
 3.815134e+01  3.092580e-02 
 3.815166e+01  3.092580e-02 
 3.815198e+01  3.092580e-02 
 3.815230e+01  3.092580e-02 
 3.815262e+01  3.092580e-02 
 3.815294e+01  3.092580e-02 
 3.815326e+01  3.092580e-02 
 3.815359e+01  3.092580e-02 
 3.815391e+01  3.092580e-02 
 3.815423e+01  3.092580e-02 
 3.815455e+01  3.092580e-02 
 3.815487e+01  3.092580e-02 
 3.815519e+01  3.092580e-02 
 3.815552e+01  3.092580e-02 
 3.815584e+01  3.092580e-02 
 3.815616e+01  3.092580e-02 
 3.815648e+01  3.092580e-02 
 3.815680e+01  3.092580e-02 
 3.815712e+01  3.092580e-02 
 3.815744e+01  3.092580e-02 
 3.815777e+01  3.092580e-02 
 3.815809e+01  3.092580e-02 
 3.815841e+01  3.092580e-02 
 3.815873e+01  3.092580e-02 
 3.815905e+01  3.092580e-02 
 3.815937e+01  3.092580e-02 
 3.815970e+01  3.092580e-02 
 3.816002e+01  3.092580e-02 
 3.816034e+01  3.092580e-02 
 3.816066e+01  3.092580e-02 
 3.816098e+01  3.092580e-02 
 3.816130e+01  3.092580e-02 
 3.816163e+01  3.092580e-02 
 3.816195e+01  3.092580e-02 
 3.816227e+01  3.092580e-02 
 3.816259e+01  3.092580e-02 
 3.816291e+01  3.092580e-02 
 3.816323e+01  3.092580e-02 
 3.816355e+01  3.092580e-02 
 3.816388e+01  3.092580e-02 
 3.816420e+01  3.092580e-02 
 3.816452e+01  3.092580e-02 
 3.816484e+01  3.092580e-02 
 3.816516e+01  3.092580e-02 
 3.816548e+01  3.092580e-02 
 3.816581e+01  3.092580e-02 
 3.816613e+01  3.092580e-02 
 3.816645e+01  3.092580e-02 
 3.816677e+01  3.092580e-02 
 3.816709e+01  3.092580e-02 
 3.816741e+01  3.092580e-02 
 3.816773e+01  3.092580e-02 
 3.816806e+01  3.092580e-02 
 3.816838e+01  3.092580e-02 
 3.816870e+01  3.092580e-02 
 3.816902e+01  3.092580e-02 
 3.816934e+01  3.092580e-02 
 3.816966e+01  3.092580e-02 
 3.816999e+01  3.092580e-02 
 3.817031e+01  3.092580e-02 
 3.817063e+01  3.092580e-02 
 3.817095e+01  3.092580e-02 
 3.817127e+01  3.092580e-02 
 3.817159e+01  3.092580e-02 
 3.817192e+01  3.092580e-02 
 3.817224e+01  3.092580e-02 
 3.817256e+01  3.092580e-02 
 3.817288e+01  3.092580e-02 
 3.817320e+01  3.092580e-02 
 3.817352e+01  3.092580e-02 
 3.817384e+01  3.092580e-02 
 3.817417e+01  3.092580e-02 
 3.817449e+01  3.092580e-02 
 3.817481e+01  3.092580e-02 
 3.817513e+01  3.092580e-02 
 3.817545e+01  3.092580e-02 
 3.817577e+01  3.092580e-02 
 3.817610e+01  3.092580e-02 
 3.817642e+01  3.092580e-02 
 3.817674e+01  3.092580e-02 
 3.817706e+01  3.092580e-02 
 3.817738e+01  3.092580e-02 
 3.817770e+01  3.092580e-02 
 3.817802e+01  3.092580e-02 
 3.817835e+01  3.092580e-02 
 3.817867e+01  3.092580e-02 
 3.817899e+01  3.092580e-02 
 3.817931e+01  3.092580e-02 
 3.817963e+01  3.092580e-02 
 3.817995e+01  3.092580e-02 
 3.818028e+01  3.092580e-02 
 3.818060e+01  3.092580e-02 
 3.818092e+01  3.092580e-02 
 3.818124e+01  3.092580e-02 
 3.818156e+01  3.092580e-02 
 3.818188e+01  3.092580e-02 
 3.818220e+01  3.092580e-02 
 3.818253e+01  3.092580e-02 
 3.818285e+01  3.092580e-02 
 3.818317e+01  3.092580e-02 
 3.818349e+01  3.092580e-02 
 3.818381e+01  3.092580e-02 
 3.818413e+01  3.092580e-02 
 3.818446e+01  3.092580e-02 
 3.818478e+01  3.092580e-02 
 3.818510e+01  3.092580e-02 
 3.818542e+01  3.092580e-02 
 3.818574e+01  3.092580e-02 
 3.818606e+01  3.092580e-02 
 3.818639e+01  3.092580e-02 
 3.818671e+01  3.092580e-02 
 3.818703e+01  3.092580e-02 
 3.818735e+01  3.092580e-02 
 3.818767e+01  3.092580e-02 
 3.818799e+01  3.092580e-02 
 3.818831e+01  3.092580e-02 
 3.818864e+01  3.092580e-02 
 3.818896e+01  3.092580e-02 
 3.818928e+01  3.092580e-02 
 3.818960e+01  3.092580e-02 
 3.818992e+01  3.092580e-02 
 3.819024e+01  3.092580e-02 
 3.819057e+01  3.092580e-02 
 3.819089e+01  3.092580e-02 
 3.819121e+01  3.092580e-02 
 3.819153e+01  3.092580e-02 
 3.819185e+01  3.092580e-02 
 3.819217e+01  3.092580e-02 
 3.819249e+01  3.092580e-02 
 3.819282e+01  3.092580e-02 
 3.819314e+01  3.092580e-02 
 3.819346e+01  3.092580e-02 
 3.819378e+01  3.092580e-02 
 3.819410e+01  3.092580e-02 
 3.819442e+01  3.092580e-02 
 3.819475e+01  3.092580e-02 
 3.819507e+01  3.092580e-02 
 3.819539e+01  3.092580e-02 
 3.819571e+01  3.092580e-02 
 3.819603e+01  3.092580e-02 
 3.819635e+01  3.092580e-02 
 3.819667e+01  3.092580e-02 
 3.819700e+01  3.092580e-02 
 3.819732e+01  3.092580e-02 
 3.819764e+01  3.092580e-02 
 3.819796e+01  3.092580e-02 
 3.819828e+01  3.092580e-02 
 3.819860e+01  3.092580e-02 
 3.819893e+01  3.092580e-02 
 3.819925e+01  3.092580e-02 
 3.819957e+01  3.092580e-02 
 3.819989e+01  3.092580e-02 
 3.820021e+01  3.092580e-02 
 3.820053e+01  3.092580e-02 
 3.820086e+01  3.092580e-02 
 3.820118e+01  3.092580e-02 
 3.820150e+01  3.092580e-02 
 3.820182e+01  3.092580e-02 
 3.820214e+01  3.092580e-02 
 3.820246e+01  3.092580e-02 
 3.820278e+01  3.092580e-02 
 3.820311e+01  3.092580e-02 
 3.820343e+01  3.092580e-02 
 3.820375e+01  3.092580e-02 
 3.820407e+01  3.092580e-02 
 3.820439e+01  3.092580e-02 
 3.820471e+01  3.092580e-02 
 3.820504e+01  3.092580e-02 
 3.820536e+01  3.092580e-02 
 3.820568e+01  3.092580e-02 
 3.820600e+01  3.092580e-02 
 3.820632e+01  3.092580e-02 
 3.820664e+01  3.092580e-02 
 3.820696e+01  3.092580e-02 
 3.820729e+01  3.092580e-02 
 3.820761e+01  3.092580e-02 
 3.820793e+01  3.092580e-02 
 3.820825e+01  3.092580e-02 
 3.820857e+01  3.092580e-02 
 3.820889e+01  3.092580e-02 
 3.820922e+01  3.092580e-02 
 3.820954e+01  3.092580e-02 
 3.820986e+01  3.092580e-02 
 3.821018e+01  3.092580e-02 
 3.821050e+01  3.092580e-02 
 3.821082e+01  3.092580e-02 
 3.821115e+01  3.092580e-02 
 3.821147e+01  3.092580e-02 
 3.821179e+01  3.092580e-02 
 3.821211e+01  3.092580e-02 
 3.821243e+01  3.092580e-02 
 3.821275e+01  3.092580e-02 
 3.821307e+01  3.092580e-02 
 3.821340e+01  3.092580e-02 
 3.821372e+01  3.092580e-02 
 3.821404e+01  3.092580e-02 
 3.821436e+01  3.092580e-02 
 3.821468e+01  3.092580e-02 
 3.821500e+01  3.092580e-02 
 3.821533e+01  3.092580e-02 
 3.821565e+01  3.092580e-02 
 3.821597e+01  3.092580e-02 
 3.821629e+01  3.092580e-02 
 3.821661e+01  3.092580e-02 
 3.821693e+01  3.092580e-02 
 3.821725e+01  3.092580e-02 
 3.821758e+01  3.092580e-02 
 3.821790e+01  3.092580e-02 
 3.821822e+01  3.092580e-02 
 3.821854e+01  3.092580e-02 
 3.821886e+01  3.092580e-02 
 3.821918e+01  3.092580e-02 
 3.821951e+01  3.092580e-02 
 3.821983e+01  3.092580e-02 
 3.822015e+01  3.092580e-02 
 3.822047e+01  3.092580e-02 
 3.822079e+01  3.092580e-02 
 3.822111e+01  3.092580e-02 
 3.822143e+01  3.092580e-02 
 3.822176e+01  3.092580e-02 
 3.822208e+01  3.092580e-02 
 3.822240e+01  3.092580e-02 
 3.822272e+01  3.092580e-02 
 3.822304e+01  3.092580e-02 
 3.822336e+01  3.092580e-02 
 3.822369e+01  3.092580e-02 
 3.822401e+01  3.092580e-02 
 3.822433e+01  3.092580e-02 
 3.822465e+01  3.092580e-02 
 3.822497e+01  3.092580e-02 
 3.822529e+01  3.092580e-02 
 3.822562e+01  3.092580e-02 
 3.822594e+01  3.092580e-02 
 3.822626e+01  3.092580e-02 
 3.822658e+01  3.092580e-02 
 3.822690e+01  3.092580e-02 
 3.822722e+01  3.092580e-02 
 3.822754e+01  3.092580e-02 
 3.822787e+01  3.092580e-02 
 3.822819e+01  3.092580e-02 
 3.822851e+01  3.092580e-02 
 3.822883e+01  3.092580e-02 
 3.822915e+01  3.092580e-02 
 3.822947e+01  3.092580e-02 
 3.822980e+01  3.092580e-02 
 3.823012e+01  3.092580e-02 
 3.823044e+01  3.092580e-02 
 3.823076e+01  3.092580e-02 
 3.823108e+01  3.092580e-02 
 3.823140e+01  3.092580e-02 
 3.823172e+01  3.092580e-02 
 3.823205e+01  3.092580e-02 
 3.823237e+01  3.092580e-02 
 3.823269e+01  3.092580e-02 
 3.823301e+01  3.092580e-02 
 3.823333e+01  3.092580e-02 
 3.823365e+01  3.092580e-02 
 3.823398e+01  3.092580e-02 
 3.823430e+01  3.092580e-02 
 3.823462e+01  3.092580e-02 
 3.823494e+01  3.092580e-02 
 3.823526e+01  3.092580e-02 
 3.823558e+01  3.092580e-02 
 3.823590e+01  3.092580e-02 
 3.823623e+01  3.092580e-02 
 3.823655e+01  3.092580e-02 
 3.823687e+01  3.092580e-02 
 3.823719e+01  3.092580e-02 
 3.823751e+01  3.092580e-02 
 3.823783e+01  3.092580e-02 
 3.823816e+01  3.092580e-02 
 3.823848e+01  3.092580e-02 
 3.823880e+01  3.092580e-02 
 3.823912e+01  3.092580e-02 
 3.823944e+01  3.092580e-02 
 3.823976e+01  3.092580e-02 
 3.824009e+01  3.092580e-02 
 3.824041e+01  3.092580e-02 
 3.824073e+01  3.092580e-02 
 3.824105e+01  3.092580e-02 
 3.824137e+01  3.092580e-02 
 3.824169e+01  3.092580e-02 
 3.824201e+01  3.092580e-02 
 3.824234e+01  3.092580e-02 
 3.824266e+01  3.092580e-02 
 3.824298e+01  3.092580e-02 
 3.824330e+01  3.092580e-02 
 3.824362e+01  3.092580e-02 
 3.824394e+01  3.092580e-02 
 3.824427e+01  3.092580e-02 
 3.824459e+01  3.092580e-02 
 3.824491e+01  3.092580e-02 
 3.824523e+01  3.092580e-02 
 3.824555e+01  3.092580e-02 
 3.824587e+01  3.092580e-02 
 3.824619e+01  3.092580e-02 
 3.824652e+01  3.092580e-02 
 3.824684e+01  3.092580e-02 
 3.824716e+01  3.092580e-02 
 3.824748e+01  3.092580e-02 
 3.824780e+01  3.092580e-02 
 3.824812e+01  3.092580e-02 
 3.824845e+01  3.092580e-02 
 3.824877e+01  3.092580e-02 
 3.824909e+01  3.092580e-02 
 3.824941e+01  3.092580e-02 
 3.824973e+01  3.092580e-02 
 3.825005e+01  3.092580e-02 
 3.825038e+01  3.092580e-02 
 3.825070e+01  3.092580e-02 
 3.825102e+01  3.092580e-02 
 3.825134e+01  3.092580e-02 
 3.825166e+01  3.092580e-02 
 3.825198e+01  3.092580e-02 
 3.825230e+01  3.092580e-02 
 3.825263e+01  3.092580e-02 
 3.825295e+01  3.092580e-02 
 3.825327e+01  3.092580e-02 
 3.825359e+01  3.092580e-02 
 3.825391e+01  3.092580e-02 
 3.825423e+01  3.092580e-02 
 3.825456e+01  3.092580e-02 
 3.825488e+01  3.092580e-02 
 3.825520e+01  3.092580e-02 
 3.825552e+01  3.092580e-02 
 3.825584e+01  3.092580e-02 
 3.825616e+01  3.092580e-02 
 3.825648e+01  3.092580e-02 
 3.825681e+01  3.092580e-02 
 3.825713e+01  3.092580e-02 
 3.825745e+01  3.092580e-02 
 3.825777e+01  3.092580e-02 
 3.825809e+01  3.092580e-02 
 3.825841e+01  3.092580e-02 
 3.825874e+01  3.092580e-02 
 3.825906e+01  3.092580e-02 
 3.825938e+01  3.092580e-02 
 3.825970e+01  3.092580e-02 
 3.826002e+01  3.092580e-02 
 3.826034e+01  3.092580e-02 
 3.826066e+01  3.092580e-02 
 3.826099e+01  3.092580e-02 
 3.826131e+01  3.092580e-02 
 3.826163e+01  3.092580e-02 
 3.826195e+01  3.092580e-02 
 3.826227e+01  3.092580e-02 
 3.826259e+01  3.092580e-02 
 3.826292e+01  3.092580e-02 
 3.826324e+01  3.092580e-02 
 3.826356e+01  3.092580e-02 
 3.826388e+01  3.092580e-02 
 3.826420e+01  3.092580e-02 
 3.826452e+01  3.092580e-02 
 3.826485e+01  3.092580e-02 
 3.826517e+01  3.092580e-02 
 3.826549e+01  3.092580e-02 
 3.826581e+01  3.092580e-02 
 3.826613e+01  3.092580e-02 
 3.826645e+01  3.092580e-02 
 3.826677e+01  3.092580e-02 
 3.826710e+01  3.092580e-02 
 3.826742e+01  3.092580e-02 
 3.826774e+01  3.092580e-02 
 3.826806e+01  3.092580e-02 
 3.826838e+01  3.092580e-02 
 3.826870e+01  3.092580e-02 
 3.826903e+01  3.092580e-02 
 3.826935e+01  3.092580e-02 
 3.826967e+01  3.092580e-02 
 3.826999e+01  3.092580e-02 
 3.827031e+01  3.092580e-02 
 3.827063e+01  3.092580e-02 
 3.827095e+01  3.092580e-02 
 3.827128e+01  3.092580e-02 
 3.827160e+01  3.092580e-02 
 3.827192e+01  3.092580e-02 
 3.827224e+01  3.092580e-02 
 3.827256e+01  3.092580e-02 
 3.827288e+01  3.092580e-02 
 3.827321e+01  3.092580e-02 
 3.827353e+01  3.092580e-02 
 3.827385e+01  3.092580e-02 
 3.827417e+01  3.092580e-02 
 3.827449e+01  3.092580e-02 
 3.827481e+01  3.092580e-02 
 3.827514e+01  3.092580e-02 
 3.827546e+01  3.092580e-02 
 3.827578e+01  3.092580e-02 
 3.827610e+01  3.092580e-02 
 3.827642e+01  3.092580e-02 
 3.827674e+01  3.092580e-02 
 3.827706e+01  3.092580e-02 
 3.827739e+01  3.092580e-02 
 3.827771e+01  3.092580e-02 
 3.827803e+01  3.092580e-02 
 3.827835e+01  3.092580e-02 
 3.827867e+01  3.092580e-02 
 3.827899e+01  3.092580e-02 
 3.827932e+01  3.092580e-02 
 3.827964e+01  3.092580e-02 
 3.827996e+01  3.092580e-02 
 3.828028e+01  3.092580e-02 
 3.828060e+01  3.092580e-02 
 3.828092e+01  3.092580e-02 
 3.828124e+01  3.092580e-02 
 3.828157e+01  3.092580e-02 
 3.828189e+01  3.092580e-02 
 3.828221e+01  3.092580e-02 
 3.828253e+01  3.092580e-02 
 3.828285e+01  3.092580e-02 
 3.828317e+01  3.092580e-02 
 3.828350e+01  3.092580e-02 
 3.828382e+01  3.092580e-02 
 3.828414e+01  3.092580e-02 
 3.828446e+01  3.092580e-02 
 3.828478e+01  3.092580e-02 
 3.828510e+01  3.092580e-02 
 3.828542e+01  3.092580e-02 
 3.828575e+01  3.092580e-02 
 3.828607e+01  3.092580e-02 
 3.828639e+01  3.092580e-02 
 3.828671e+01  3.092580e-02 
 3.828703e+01  3.092580e-02 
 3.828735e+01  3.092580e-02 
 3.828768e+01  3.092580e-02 
 3.828800e+01  3.092580e-02 
 3.828832e+01  3.092580e-02 
 3.828864e+01  3.092580e-02 
 3.828896e+01  3.092580e-02 
 3.828928e+01  3.092580e-02 
 3.828961e+01  3.092580e-02 
 3.828993e+01  3.092580e-02 
 3.829025e+01  3.092580e-02 
 3.829057e+01  3.092580e-02 
 3.829089e+01  3.092580e-02 
 3.829121e+01  3.092580e-02 
 3.829153e+01  3.092580e-02 
 3.829186e+01  3.092580e-02 
 3.829218e+01  3.092580e-02 
 3.829250e+01  3.092580e-02 
 3.829282e+01  3.092580e-02 
 3.829314e+01  3.092580e-02 
 3.829346e+01  3.092580e-02 
 3.829379e+01  3.092580e-02 
 3.829411e+01  3.092580e-02 
 3.829443e+01  3.092580e-02 
 3.829475e+01  3.092580e-02 
 3.829507e+01  3.092580e-02 
 3.829539e+01  3.092580e-02 
 3.829571e+01  3.092580e-02 
 3.829604e+01  3.092580e-02 
 3.829636e+01  3.092580e-02 
 3.829668e+01  3.092580e-02 
 3.829700e+01  3.092580e-02 
 3.829732e+01  3.092580e-02 
 3.829764e+01  3.092580e-02 
 3.829797e+01  3.092580e-02 
 3.829829e+01  3.092580e-02 
 3.829861e+01  3.092580e-02 
 3.829893e+01  3.092580e-02 
 3.829925e+01  3.092580e-02 
 3.829957e+01  3.092580e-02 
 3.829989e+01  3.092580e-02 
 3.830022e+01  3.092580e-02 
 3.830054e+01  3.092580e-02 
 3.830086e+01  3.092580e-02 
 3.830118e+01  3.092580e-02 
 3.830150e+01  3.092580e-02 
 3.830182e+01  3.092580e-02 
 3.830215e+01  3.092580e-02 
 3.830247e+01  3.092580e-02 
 3.830279e+01  3.092580e-02 
 3.830311e+01  3.092580e-02 
 3.830343e+01  3.092580e-02 
 3.830375e+01  3.092580e-02 
 3.830408e+01  3.092580e-02 
 3.830440e+01  3.092580e-02 
 3.830472e+01  3.092580e-02 
 3.830504e+01  3.092580e-02 
 3.830536e+01  3.092580e-02 
 3.830568e+01  3.092580e-02 
 3.830600e+01  3.092580e-02 
 3.830633e+01  3.092580e-02 
 3.830665e+01  3.092580e-02 
 3.830697e+01  3.092580e-02 
 3.830729e+01  3.092580e-02 
 3.830761e+01  3.092580e-02 
 3.830793e+01  3.092580e-02 
 3.830826e+01  3.092580e-02 
 3.830858e+01  3.092580e-02 
 3.830890e+01  3.092580e-02 
 3.830922e+01  3.092580e-02 
 3.830954e+01  3.092580e-02 
 3.830986e+01  3.092580e-02 
 3.831018e+01  3.092580e-02 
 3.831051e+01  3.092580e-02 
 3.831083e+01  3.092580e-02 
 3.831115e+01  3.092580e-02 
 3.831147e+01  3.092580e-02 
 3.831179e+01  3.092580e-02 
 3.831211e+01  3.092580e-02 
 3.831244e+01  3.092580e-02 
 3.831276e+01  3.092580e-02 
 3.831308e+01  3.092580e-02 
 3.831340e+01  3.092580e-02 
 3.831372e+01  3.092580e-02 
 3.831404e+01  3.092580e-02 
 3.831437e+01  3.092580e-02 
 3.831469e+01  3.092580e-02 
 3.831501e+01  3.092580e-02 
 3.831533e+01  3.092580e-02 
 3.831565e+01  3.092580e-02 
 3.831597e+01  3.092580e-02 
 3.831629e+01  3.092580e-02 
 3.831662e+01  3.092580e-02 
 3.831694e+01  3.092580e-02 
 3.831726e+01  3.092580e-02 
 3.831758e+01  3.092580e-02 
 3.831790e+01  3.092580e-02 
 3.831822e+01  3.092580e-02 
 3.831855e+01  3.092580e-02 
 3.831887e+01  3.092580e-02 
 3.831919e+01  3.092580e-02 
 3.831951e+01  3.092580e-02 
 3.831983e+01  3.092580e-02 
 3.832015e+01  3.092580e-02 
 3.832047e+01  3.092580e-02 
 3.832080e+01  3.092580e-02 
 3.832112e+01  3.092580e-02 
 3.832144e+01  3.092580e-02 
 3.832176e+01  3.092580e-02 
 3.832208e+01  3.092580e-02 
 3.832240e+01  3.092580e-02 
 3.832273e+01  3.092580e-02 
 3.832305e+01  3.092580e-02 
 3.832337e+01  3.092580e-02 
 3.832369e+01  3.092580e-02 
 3.832401e+01  3.092580e-02 
 3.832433e+01  3.092580e-02 
 3.832465e+01  3.092580e-02 
 3.832498e+01  3.092580e-02 
 3.832530e+01  3.092580e-02 
 3.832562e+01  3.092580e-02 
 3.832594e+01  3.092580e-02 
 3.832626e+01  3.092580e-02 
 3.832658e+01  3.092580e-02 
 3.832691e+01  3.092580e-02 
 3.832723e+01  3.092580e-02 
 3.832755e+01  3.092580e-02 
 3.832787e+01  3.092580e-02 
 3.832819e+01  3.092580e-02 
 3.832851e+01  3.092580e-02 
 3.832884e+01  3.092580e-02 
 3.832916e+01  3.092580e-02 
 3.832948e+01  3.092580e-02 
 3.832980e+01  3.092580e-02 
 3.833012e+01  3.092580e-02 
 3.833044e+01  3.092580e-02 
 3.833076e+01  3.092580e-02 
 3.833109e+01  3.092580e-02 
 3.833141e+01  3.092580e-02 
 3.833173e+01  3.092580e-02 
 3.833205e+01  3.092580e-02 
 3.833237e+01  3.092580e-02 
 3.833269e+01  3.092580e-02 
 3.833302e+01  3.092580e-02 
 3.833334e+01  3.092580e-02 
 3.833366e+01  3.092580e-02 
 3.833398e+01  3.092580e-02 
 3.833430e+01  3.092580e-02 
 3.833462e+01  3.092580e-02 
 3.833494e+01  3.092580e-02 
 3.833527e+01  3.092580e-02 
 3.833559e+01  3.092580e-02 
 3.833591e+01  3.092580e-02 
 3.833623e+01  3.092580e-02 
 3.833655e+01  3.092580e-02 
 3.833687e+01  3.092580e-02 
 3.833720e+01  3.092580e-02 
 3.833752e+01  3.092580e-02 
 3.833784e+01  3.092580e-02 
 3.833816e+01  3.092580e-02 
 3.833848e+01  3.092580e-02 
 3.833880e+01  3.092580e-02 
 3.833912e+01  3.092580e-02 
 3.833945e+01  3.092580e-02 
 3.833977e+01  3.092580e-02 
 3.834009e+01  3.092580e-02 
 3.834041e+01  3.092580e-02 
 3.834073e+01  3.092580e-02 
 3.834105e+01  3.092580e-02 
 3.834138e+01  3.092580e-02 
 3.834170e+01  3.092580e-02 
 3.834202e+01  3.092580e-02 
 3.834234e+01  3.092580e-02 
 3.834266e+01  3.092580e-02 
 3.834298e+01  3.092580e-02 
 3.834331e+01  3.092580e-02 
 3.834363e+01  3.092580e-02 
 3.834395e+01  3.092580e-02 
 3.834427e+01  3.092580e-02 
 3.834459e+01  3.092580e-02 
 3.834491e+01  3.092580e-02 
 3.834523e+01  3.092580e-02 
 3.834556e+01  3.092580e-02 
 3.834588e+01  3.092580e-02 
 3.834620e+01  3.092580e-02 
 3.834652e+01  3.092580e-02 
 3.834684e+01  3.092580e-02 
 3.834716e+01  3.092580e-02 
 3.834749e+01  3.092580e-02 
 3.834781e+01  3.092580e-02 
 3.834813e+01  3.092580e-02 
 3.834845e+01  3.092580e-02 
 3.834877e+01  3.092580e-02 
 3.834909e+01  3.092580e-02 
 3.834941e+01  3.092580e-02 
 3.834974e+01  3.092580e-02 
 3.835006e+01  3.092580e-02 
 3.835038e+01  3.092580e-02 
 3.835070e+01  3.092580e-02 
 3.835102e+01  3.092580e-02 
 3.835134e+01  3.092580e-02 
 3.835167e+01  3.092580e-02 
 3.835199e+01  3.092580e-02 
 3.835231e+01  3.092580e-02 
 3.835263e+01  3.092580e-02 
 3.835295e+01  3.092580e-02 
 3.835327e+01  3.092580e-02 
 3.835360e+01  3.092580e-02 
 3.835392e+01  3.092580e-02 
 3.835424e+01  3.092580e-02 
 3.835456e+01  3.092580e-02 
 3.835488e+01  3.092580e-02 
 3.835520e+01  3.092580e-02 
 3.835552e+01  3.092580e-02 
 3.835585e+01  3.092580e-02 
 3.835617e+01  3.092580e-02 
 3.835649e+01  3.092580e-02 
 3.835681e+01  3.092580e-02 
 3.835713e+01  3.092580e-02 
 3.835745e+01  3.092580e-02 
 3.835778e+01  3.092580e-02 
 3.835810e+01  3.092580e-02 
 3.835842e+01  3.092580e-02 
 3.835874e+01  3.092580e-02 
 3.835906e+01  3.092580e-02 
 3.835938e+01  3.092580e-02 
 3.835970e+01  3.092580e-02 
 3.836003e+01  3.092580e-02 
 3.836035e+01  3.092580e-02 
 3.836067e+01  3.092580e-02 
 3.836099e+01  3.092580e-02 
 3.836131e+01  3.092580e-02 
 3.836163e+01  3.092580e-02 
 3.836196e+01  3.092580e-02 
 3.836228e+01  3.092580e-02 
 3.836260e+01  3.092580e-02 
 3.836292e+01  3.092580e-02 
 3.836324e+01  3.092580e-02 
 3.836356e+01  3.092580e-02 
 3.836388e+01  3.092580e-02 
 3.836421e+01  3.092580e-02 
 3.836453e+01  3.092580e-02 
 3.836485e+01  3.092580e-02 
 3.836517e+01  3.092580e-02 
 3.836549e+01  3.092580e-02 
 3.836581e+01  3.092580e-02 
 3.836614e+01  3.092580e-02 
 3.836646e+01  3.092580e-02 
 3.836678e+01  3.092580e-02 
 3.836710e+01  3.092580e-02 
 3.836742e+01  3.092580e-02 
 3.836774e+01  3.092580e-02 
 3.836807e+01  3.092580e-02 
 3.836839e+01  3.092580e-02 
 3.836871e+01  3.092580e-02 
 3.836903e+01  3.092580e-02 
 3.836935e+01  3.092580e-02 
 3.836967e+01  3.092580e-02 
 3.836999e+01  3.092580e-02 
 3.837032e+01  3.092580e-02 
 3.837064e+01  3.092580e-02 
 3.837096e+01  3.092580e-02 
 3.837128e+01  3.092580e-02 
 3.837160e+01  3.092580e-02 
 3.837192e+01  3.092580e-02 
 3.837225e+01  3.092580e-02 
 3.837257e+01  3.092580e-02 
 3.837289e+01  3.092580e-02 
 3.837321e+01  3.092580e-02 
 3.837353e+01  3.092580e-02 
 3.837385e+01  3.092580e-02 
 3.837417e+01  3.092580e-02 
 3.837450e+01  3.092580e-02 
 3.837482e+01  3.092580e-02 
 3.837514e+01  3.092580e-02 
 3.837546e+01  3.092580e-02 
 3.837578e+01  3.092580e-02 
 3.837610e+01  3.092580e-02 
 3.837643e+01  3.092580e-02 
 3.837675e+01  3.092580e-02 
 3.837707e+01  3.092580e-02 
 3.837739e+01  3.092580e-02 
 3.837771e+01  3.092580e-02 
 3.837803e+01  3.092580e-02 
 3.837835e+01  3.092580e-02 
 3.837868e+01  3.092580e-02 
 3.837900e+01  3.092580e-02 
 3.837932e+01  3.092580e-02 
 3.837964e+01  3.092580e-02 
 3.837996e+01  3.092580e-02 
 3.838028e+01  3.092580e-02 
 3.838061e+01  3.092580e-02 
 3.838093e+01  3.092580e-02 
 3.838125e+01  3.092580e-02 
 3.838157e+01  3.092580e-02 
 3.838189e+01  3.092580e-02 
 3.838221e+01  3.092580e-02 
 3.838254e+01  3.092580e-02 
 3.838286e+01  3.092580e-02 
 3.838318e+01  3.092580e-02 
 3.838350e+01  3.092580e-02 
 3.838382e+01  3.092580e-02 
 3.838414e+01  3.092580e-02 
 3.838446e+01  3.092580e-02 
 3.838479e+01  3.092580e-02 
 3.838511e+01  3.092580e-02 
 3.838543e+01  3.092580e-02 
 3.838575e+01  3.092580e-02 
 3.838607e+01  3.092580e-02 
 3.838639e+01  3.092580e-02 
 3.838672e+01  3.092580e-02 
 3.838704e+01  3.092580e-02 
 3.838736e+01  3.092580e-02 
 3.838768e+01  3.092580e-02 
 3.838800e+01  3.092580e-02 
 3.838832e+01  3.092580e-02 
 3.838864e+01  3.092580e-02 
 3.838897e+01  3.092580e-02 
 3.838929e+01  3.092580e-02 
 3.838961e+01  3.092580e-02 
 3.838993e+01  3.092580e-02 
 3.839025e+01  3.092580e-02 
 3.839057e+01  3.092580e-02 
 3.839090e+01  3.092580e-02 
 3.839122e+01  3.092580e-02 
 3.839154e+01  3.092580e-02 
 3.839186e+01  3.092580e-02 
 3.839218e+01  3.092580e-02 
 3.839250e+01  3.092580e-02 
 3.839283e+01  3.092580e-02 
 3.839315e+01  3.092580e-02 
 3.839347e+01  3.092580e-02 
 3.839379e+01  3.092580e-02 
 3.839411e+01  3.092580e-02 
 3.839443e+01  3.092580e-02 
 3.839475e+01  3.092580e-02 
 3.839508e+01  3.092580e-02 
 3.839540e+01  3.092580e-02 
 3.839572e+01  3.092580e-02 
 3.839604e+01  3.092580e-02 
 3.839636e+01  3.092580e-02 
 3.839668e+01  3.092580e-02 
 3.839701e+01  3.092580e-02 
 3.839733e+01  3.092580e-02 
 3.839765e+01  3.092580e-02 
 3.839797e+01  3.092580e-02 
 3.839829e+01  3.092580e-02 
 3.839861e+01  3.092580e-02 
 3.839893e+01  3.092580e-02 
 3.839926e+01  3.092580e-02 
 3.839958e+01  3.092580e-02 
 3.839990e+01  3.092580e-02 
 3.840022e+01  3.092580e-02 
 3.840054e+01  3.092580e-02 
 3.840086e+01  3.092580e-02 
 3.840119e+01  3.092580e-02 
 3.840151e+01  3.092580e-02 
 3.840183e+01  3.092580e-02 
 3.840215e+01  3.092580e-02 
 3.840247e+01  3.092580e-02 
 3.840279e+01  3.092580e-02 
 3.840311e+01  3.092580e-02 
 3.840344e+01  3.092580e-02 
 3.840376e+01  3.092580e-02 
 3.840408e+01  3.092580e-02 
 3.840440e+01  3.092580e-02 
 3.840472e+01  3.092580e-02 
 3.840504e+01  3.092580e-02 
 3.840537e+01  3.092580e-02 
 3.840569e+01  3.092580e-02 
 3.840601e+01  3.092580e-02 
 3.840633e+01  3.092580e-02 
 3.840665e+01  3.092580e-02 
 3.840697e+01  3.092580e-02 
 3.840730e+01  3.092580e-02 
 3.840762e+01  3.092580e-02 
 3.840794e+01  3.092580e-02 
 3.840826e+01  3.092580e-02 
 3.840858e+01  3.092580e-02 
 3.840890e+01  3.092580e-02 
 3.840922e+01  3.092580e-02 
 3.840955e+01  3.092580e-02 
 3.840987e+01  3.092580e-02 
 3.841019e+01  3.092580e-02 
 3.841051e+01  3.092580e-02 
 3.841083e+01  3.092580e-02 
 3.841115e+01  3.092580e-02 
 3.841148e+01  3.092580e-02 
 3.841180e+01  3.092580e-02 
 3.841212e+01  3.092580e-02 
 3.841244e+01  3.092580e-02 
 3.841276e+01  3.092580e-02 
 3.841308e+01  3.092580e-02 
 3.841340e+01  3.092580e-02 
 3.841373e+01  3.092580e-02 
 3.841405e+01  3.092580e-02 
 3.841437e+01  3.092580e-02 
 3.841469e+01  3.092580e-02 
 3.841501e+01  3.092580e-02 
 3.841533e+01  3.092580e-02 
 3.841566e+01  3.092580e-02 
 3.841598e+01  3.092580e-02 
 3.841630e+01  3.092580e-02 
 3.841662e+01  3.092580e-02 
 3.841694e+01  3.092580e-02 
 3.841726e+01  3.092580e-02 
 3.841758e+01  3.092580e-02 
 3.841791e+01  3.092580e-02 
 3.841823e+01  3.092580e-02 
 3.841855e+01  3.092580e-02 
 3.841887e+01  3.092580e-02 
 3.841919e+01  3.092580e-02 
 3.841951e+01  3.092580e-02 
 3.841984e+01  3.092580e-02 
 3.842016e+01  3.092580e-02 
 3.842048e+01  3.092580e-02 
 3.842080e+01  3.092580e-02 
 3.842112e+01  3.092580e-02 
 3.842144e+01  3.092580e-02 
 3.842177e+01  3.092580e-02 
 3.842209e+01  3.092580e-02 
 3.842241e+01  3.092580e-02 
 3.842273e+01  3.092580e-02 
 3.842305e+01  3.092580e-02 
 3.842337e+01  3.092580e-02 
 3.842369e+01  3.092580e-02 
 3.842402e+01  3.092580e-02 
 3.842434e+01  3.092580e-02 
 3.842466e+01  3.092580e-02 
 3.842498e+01  3.092580e-02 
 3.842530e+01  3.092580e-02 
 3.842562e+01  3.092580e-02 
 3.842595e+01  3.092580e-02 
 3.842627e+01  3.092580e-02 
 3.842659e+01  3.092580e-02 
 3.842691e+01  3.092580e-02 
 3.842723e+01  3.092580e-02 
 3.842755e+01  3.092580e-02 
 3.842787e+01  3.092580e-02 
 3.842820e+01  3.092580e-02 
 3.842852e+01  3.092580e-02 
 3.842884e+01  3.092580e-02 
 3.842916e+01  3.092580e-02 
 3.842948e+01  3.092580e-02 
 3.842980e+01  3.092580e-02 
 3.843013e+01  3.092580e-02 
 3.843045e+01  3.092580e-02 
 3.843077e+01  3.092580e-02 
 3.843109e+01  3.092580e-02 
 3.843141e+01  3.092580e-02 
 3.843173e+01  3.092580e-02 
 3.843206e+01  3.092580e-02 
 3.843238e+01  3.092580e-02 
 3.843270e+01  3.092580e-02 
 3.843302e+01  3.092580e-02 
 3.843334e+01  3.092580e-02 
 3.843366e+01  3.092580e-02 
 3.843398e+01  3.092580e-02 
 3.843431e+01  3.092580e-02 
 3.843463e+01  3.092580e-02 
 3.843495e+01  3.092580e-02 
 3.843527e+01  3.092580e-02 
 3.843559e+01  3.092580e-02 
 3.843591e+01  3.092580e-02 
 3.843624e+01  3.092580e-02 
 3.843656e+01  3.092580e-02 
 3.843688e+01  3.092580e-02 
 3.843720e+01  3.092580e-02 
 3.843752e+01  3.092580e-02 
 3.843784e+01  3.092580e-02 
 3.843816e+01  3.092580e-02 
 3.843849e+01  3.092580e-02 
 3.843881e+01  3.092580e-02 
 3.843913e+01  3.092580e-02 
 3.843945e+01  3.092580e-02 
 3.843977e+01  3.092580e-02 
 3.844009e+01  3.092580e-02 
 3.844042e+01  3.092580e-02 
 3.844074e+01  3.092580e-02 
 3.844106e+01  3.092580e-02 
 3.844138e+01  3.092580e-02 
 3.844170e+01  3.092580e-02 
 3.844202e+01  3.092580e-02 
 3.844234e+01  3.092580e-02 
 3.844267e+01  3.092580e-02 
 3.844299e+01  3.092580e-02 
 3.844331e+01  3.092580e-02 
 3.844363e+01  3.092580e-02 
 3.844395e+01  3.092580e-02 
 3.844427e+01  3.092580e-02 
 3.844460e+01  3.092580e-02 
 3.844492e+01  3.092580e-02 
 3.844524e+01  3.092580e-02 
 3.844556e+01  3.092580e-02 
 3.844588e+01  3.092580e-02 
 3.844620e+01  3.092580e-02 
 3.844653e+01  3.092580e-02 
