Run22_FR76_s1p00
247	0
0.000000	0.000000000000e+00
0.001000	0.000000000000e+00
0.002000	0.000000000000e+00
0.003000	0.000000000000e+00
0.004000	0.000000000000e+00
0.005000	0.000000000000e+00
0.006000	0.000000000000e+00
0.007000	0.000000000000e+00
0.008000	0.000000000000e+00
0.009000	0.000000000000e+00
0.010000	0.000000000000e+00
0.011000	0.000000000000e+00
0.012000	0.000000000000e+00
0.013000	0.000000000000e+00
0.014000	0.000000000000e+00
0.015000	0.000000000000e+00
0.016000	0.000000000000e+00
0.017000	0.000000000000e+00
0.018000	0.000000000000e+00
0.019000	0.000000000000e+00
0.020000	0.000000000000e+00
0.021000	0.000000000000e+00
0.022000	0.000000000000e+00
0.023000	0.000000000000e+00
0.024000	0.000000000000e+00
0.025000	0.000000000000e+00
0.026000	0.000000000000e+00
0.027000	0.000000000000e+00
0.028000	0.000000000000e+00
0.029000	0.000000000000e+00
0.030000	0.000000000000e+00
0.031000	0.000000000000e+00
0.032000	0.000000000000e+00
0.033000	0.000000000000e+00
0.034000	0.000000000000e+00
0.035000	0.000000000000e+00
0.036000	0.000000000000e+00
0.037000	0.000000000000e+00
0.038000	0.000000000000e+00
0.039000	0.000000000000e+00
0.040000	0.000000000000e+00
0.041000	0.000000000000e+00
0.042000	0.000000000000e+00
0.043000	0.000000000000e+00
0.044000	0.000000000000e+00
0.045000	0.000000000000e+00
0.046000	0.000000000000e+00
0.047000	0.000000000000e+00
0.048000	0.000000000000e+00
0.049000	0.000000000000e+00
0.050000	0.000000000000e+00
0.051000	0.000000000000e+00
0.052000	0.000000000000e+00
0.053000	0.000000000000e+00
0.054000	0.000000000000e+00
0.055000	0.000000000000e+00
0.056000	0.000000000000e+00
0.057000	0.000000000000e+00
0.058000	0.000000000000e+00
0.059000	0.000000000000e+00
0.060000	0.000000000000e+00
0.061000	0.000000000000e+00
0.062000	0.000000000000e+00
0.063000	0.000000000000e+00
0.064000	0.000000000000e+00
0.065000	0.000000000000e+00
0.066000	0.000000000000e+00
0.067000	0.000000000000e+00
0.068000	0.000000000000e+00
0.069000	0.000000000000e+00
0.070000	0.000000000000e+00
0.071000	0.000000000000e+00
0.072000	0.000000000000e+00
0.073000	0.000000000000e+00
0.074000	0.000000000000e+00
0.075000	0.000000000000e+00
0.076000	0.000000000000e+00
0.077000	0.000000000000e+00
0.078000	0.000000000000e+00
0.079000	0.000000000000e+00
0.080000	0.000000000000e+00
0.081000	0.000000000000e+00
0.082000	0.000000000000e+00
0.083000	0.000000000000e+00
0.084000	0.000000000000e+00
0.085000	0.000000000000e+00
0.086000	0.000000000000e+00
0.087000	0.000000000000e+00
0.088000	0.000000000000e+00
0.089000	0.000000000000e+00
0.090000	0.000000000000e+00
0.091000	0.000000000000e+00
0.092000	0.000000000000e+00
0.093000	0.000000000000e+00
0.094000	0.000000000000e+00
0.095000	0.000000000000e+00
0.096000	0.000000000000e+00
0.097000	0.000000000000e+00
0.098000	0.000000000000e+00
0.099000	0.000000000000e+00
0.100000	0.000000000000e+00
0.101000	0.000000000000e+00
0.102000	0.000000000000e+00
0.103000	0.000000000000e+00
0.104000	0.000000000000e+00
0.105000	0.000000000000e+00
0.106000	0.000000000000e+00
0.107000	0.000000000000e+00
0.108000	0.000000000000e+00
0.109000	0.000000000000e+00
0.110000	0.000000000000e+00
0.111000	0.000000000000e+00
0.112000	0.000000000000e+00
0.113000	2.329447135691e-03
0.114000	4.653773641021e-03
0.115000	6.967870141886e-03
0.116000	9.266649751952e-03
0.117000	1.154505925474e-02
0.118000	1.379809021167e-02
0.119000	1.602078997174e-02
0.120000	1.820827255848e-02
0.121000	2.035572941042e-02
0.122000	2.245843995135e-02
0.123000	2.451178196713e-02
0.124000	2.651124176640e-02
0.125000	2.845242410257e-02
0.126000	3.033106183557e-02
0.127000	3.214302531195e-02
0.128000	3.388433144273e-02
0.129000	3.555115245914e-02
0.130000	3.713982432683e-02
0.131000	3.864685480024e-02
0.132000	4.006893109933e-02
0.133000	4.140292719176e-02
0.134000	4.264591066461e-02
0.135000	4.379514917043e-02
0.136000	4.484811643358e-02
0.137000	4.580249780348e-02
0.138000	4.665619534276e-02
0.139000	4.740733243895e-02
0.140000	4.805425792970e-02
0.141000	4.859554973236e-02
0.142000	4.903001797010e-02
0.143000	4.935670758741e-02
0.144000	4.957490044964e-02
0.145000	4.968411692151e-02
0.146000	4.968411692151e-02
0.147000	4.957490044964e-02
0.148000	4.935670758741e-02
0.149000	4.903001797010e-02
0.150000	4.859554973236e-02
0.151000	4.805425792970e-02
0.152000	4.740733243895e-02
0.153000	4.665619534276e-02
0.154000	4.580249780348e-02
0.155000	4.484811643358e-02
0.156000	4.379514917043e-02
0.157000	4.264591066461e-02
0.158000	4.140292719176e-02
0.159000	4.006893109933e-02
0.160000	3.864685480024e-02
0.161000	3.713982432683e-02
0.162000	3.555115245914e-02
0.163000	3.388433144273e-02
0.164000	3.214302531195e-02
0.165000	3.033106183557e-02
0.166000	2.845242410257e-02
0.167000	2.651124176640e-02
0.168000	2.451178196713e-02
0.169000	2.245843995135e-02
0.170000	2.035572941042e-02
0.171000	1.820827255848e-02
0.172000	1.602078997174e-02
0.173000	1.379809021167e-02
0.174000	1.154505925474e-02
0.175000	9.266649751952e-03
0.176000	6.967870141886e-03
0.177000	4.653773641021e-03
0.178000	2.329447135691e-03
0.179000	6.086222060086e-18
0.180000	-2.329447135691e-03
0.181000	-4.653773641021e-03
0.182000	-6.967870141886e-03
0.183000	-9.266649751952e-03
0.184000	-1.154505925474e-02
0.185000	-1.379809021167e-02
0.186000	-1.602078997174e-02
0.187000	-1.820827255848e-02
0.188000	-2.035572941042e-02
0.189000	-2.245843995135e-02
0.190000	-2.451178196713e-02
0.191000	-2.651124176640e-02
0.192000	-2.845242410257e-02
0.193000	-3.033106183557e-02
0.194000	-3.214302531195e-02
0.195000	-3.388433144273e-02
0.196000	-3.555115245914e-02
0.197000	-3.713982432683e-02
0.198000	-3.864685480024e-02
0.199000	-4.006893109933e-02
0.200000	-4.140292719176e-02
0.201000	-4.264591066461e-02
0.202000	-4.379514917043e-02
0.203000	-4.484811643358e-02
0.204000	-4.580249780348e-02
0.205000	-4.665619534276e-02
0.206000	-4.740733243895e-02
0.207000	-4.805425792970e-02
0.208000	-4.859554973236e-02
0.209000	-4.903001797010e-02
0.210000	-4.935670758741e-02
0.211000	-4.957490044964e-02
0.212000	-4.968411692151e-02
0.213000	-4.968411692151e-02
0.214000	-4.957490044964e-02
0.215000	-4.935670758741e-02
0.216000	-4.903001797010e-02
0.217000	-4.859554973236e-02
0.218000	-4.805425792970e-02
0.219000	-4.740733243895e-02
0.220000	-4.665619534276e-02
0.221000	-4.580249780348e-02
0.222000	-4.484811643358e-02
0.223000	-4.379514917043e-02
0.224000	-4.264591066461e-02
0.225000	-4.140292719176e-02
0.226000	-4.006893109933e-02
0.227000	-3.864685480024e-02
0.228000	-3.713982432683e-02
0.229000	-3.555115245914e-02
0.230000	-3.388433144273e-02
0.231000	-3.214302531195e-02
0.232000	-3.033106183557e-02
0.233000	-2.845242410257e-02
0.234000	-2.651124176640e-02
0.235000	-2.451178196713e-02
0.236000	-2.245843995135e-02
0.237000	-2.035572941042e-02
0.238000	-1.820827255848e-02
0.239000	-1.602078997174e-02
0.240000	-1.379809021167e-02
0.241000	-1.154505925474e-02
0.242000	-9.266649751952e-03
0.243000	-6.967870141886e-03
0.244000	-4.653773641021e-03
0.245000	-2.329447135691e-03
0.246000	0.000000000000e+00
