Run24_FR76_s1p75
247	0
0.000000	0.000000000000e+00
0.001000	0.000000000000e+00
0.002000	0.000000000000e+00
0.003000	0.000000000000e+00
0.004000	0.000000000000e+00
0.005000	0.000000000000e+00
0.006000	0.000000000000e+00
0.007000	0.000000000000e+00
0.008000	0.000000000000e+00
0.009000	0.000000000000e+00
0.010000	0.000000000000e+00
0.011000	0.000000000000e+00
0.012000	0.000000000000e+00
0.013000	0.000000000000e+00
0.014000	0.000000000000e+00
0.015000	0.000000000000e+00
0.016000	0.000000000000e+00
0.017000	0.000000000000e+00
0.018000	0.000000000000e+00
0.019000	0.000000000000e+00
0.020000	0.000000000000e+00
0.021000	0.000000000000e+00
0.022000	0.000000000000e+00
0.023000	0.000000000000e+00
0.024000	0.000000000000e+00
0.025000	0.000000000000e+00
0.026000	0.000000000000e+00
0.027000	0.000000000000e+00
0.028000	0.000000000000e+00
0.029000	0.000000000000e+00
0.030000	0.000000000000e+00
0.031000	0.000000000000e+00
0.032000	0.000000000000e+00
0.033000	0.000000000000e+00
0.034000	0.000000000000e+00
0.035000	0.000000000000e+00
0.036000	0.000000000000e+00
0.037000	0.000000000000e+00
0.038000	0.000000000000e+00
0.039000	0.000000000000e+00
0.040000	0.000000000000e+00
0.041000	0.000000000000e+00
0.042000	0.000000000000e+00
0.043000	0.000000000000e+00
0.044000	0.000000000000e+00
0.045000	0.000000000000e+00
0.046000	0.000000000000e+00
0.047000	0.000000000000e+00
0.048000	0.000000000000e+00
0.049000	0.000000000000e+00
0.050000	0.000000000000e+00
0.051000	0.000000000000e+00
0.052000	0.000000000000e+00
0.053000	0.000000000000e+00
0.054000	0.000000000000e+00
0.055000	0.000000000000e+00
0.056000	0.000000000000e+00
0.057000	0.000000000000e+00
0.058000	0.000000000000e+00
0.059000	0.000000000000e+00
0.060000	0.000000000000e+00
0.061000	0.000000000000e+00
0.062000	0.000000000000e+00
0.063000	0.000000000000e+00
0.064000	0.000000000000e+00
0.065000	0.000000000000e+00
0.066000	0.000000000000e+00
0.067000	0.000000000000e+00
0.068000	0.000000000000e+00
0.069000	0.000000000000e+00
0.070000	0.000000000000e+00
0.071000	0.000000000000e+00
0.072000	0.000000000000e+00
0.073000	0.000000000000e+00
0.074000	0.000000000000e+00
0.075000	0.000000000000e+00
0.076000	0.000000000000e+00
0.077000	0.000000000000e+00
0.078000	0.000000000000e+00
0.079000	0.000000000000e+00
0.080000	0.000000000000e+00
0.081000	0.000000000000e+00
0.082000	0.000000000000e+00
0.083000	0.000000000000e+00
0.084000	0.000000000000e+00
0.085000	0.000000000000e+00
0.086000	0.000000000000e+00
0.087000	0.000000000000e+00
0.088000	0.000000000000e+00
0.089000	0.000000000000e+00
0.090000	0.000000000000e+00
0.091000	0.000000000000e+00
0.092000	0.000000000000e+00
0.093000	0.000000000000e+00
0.094000	0.000000000000e+00
0.095000	0.000000000000e+00
0.096000	0.000000000000e+00
0.097000	0.000000000000e+00
0.098000	0.000000000000e+00
0.099000	0.000000000000e+00
0.100000	0.000000000000e+00
0.101000	0.000000000000e+00
0.102000	0.000000000000e+00
0.103000	0.000000000000e+00
0.104000	0.000000000000e+00
0.105000	0.000000000000e+00
0.106000	0.000000000000e+00
0.107000	0.000000000000e+00
0.108000	0.000000000000e+00
0.109000	0.000000000000e+00
0.110000	0.000000000000e+00
0.111000	0.000000000000e+00
0.112000	0.000000000000e+00
0.113000	4.076532487459e-03
0.114000	8.144103871786e-03
0.115000	1.219377274830e-02
0.116000	1.621663706592e-02
0.117000	2.020385369579e-02
0.118000	2.414665787042e-02
0.119000	2.803638245054e-02
0.120000	3.186447697734e-02
0.121000	3.562252646824e-02
0.122000	3.930226991486e-02
0.123000	4.289561844248e-02
0.124000	4.639467309120e-02
0.125000	4.979174217949e-02
0.126000	5.307935821224e-02
0.127000	5.625029429590e-02
0.128000	5.929758002478e-02
0.129000	6.221451680350e-02
0.130000	6.499469257195e-02
0.131000	6.763199590042e-02
0.132000	7.012062942383e-02
0.133000	7.245512258559e-02
0.134000	7.463034366307e-02
0.135000	7.664151104826e-02
0.136000	7.848420375877e-02
0.137000	8.015437115610e-02
0.138000	8.164834184984e-02
0.139000	8.296283176817e-02
0.140000	8.409495137697e-02
0.141000	8.504221203164e-02
0.142000	8.580253144767e-02
0.143000	8.637423827797e-02
0.144000	8.675607578687e-02
0.145000	8.694720461263e-02
0.146000	8.694720461263e-02
0.147000	8.675607578687e-02
0.148000	8.637423827797e-02
0.149000	8.580253144767e-02
0.150000	8.504221203164e-02
0.151000	8.409495137697e-02
0.152000	8.296283176817e-02
0.153000	8.164834184984e-02
0.154000	8.015437115610e-02
0.155000	7.848420375877e-02
0.156000	7.664151104826e-02
0.157000	7.463034366307e-02
0.158000	7.245512258559e-02
0.159000	7.012062942383e-02
0.160000	6.763199590042e-02
0.161000	6.499469257195e-02
0.162000	6.221451680350e-02
0.163000	5.929758002478e-02
0.164000	5.625029429590e-02
0.165000	5.307935821224e-02
0.166000	4.979174217949e-02
0.167000	4.639467309120e-02
0.168000	4.289561844248e-02
0.169000	3.930226991486e-02
0.170000	3.562252646824e-02
0.171000	3.186447697734e-02
0.172000	2.803638245054e-02
0.173000	2.414665787042e-02
0.174000	2.020385369579e-02
0.175000	1.621663706592e-02
0.176000	1.219377274830e-02
0.177000	8.144103871786e-03
0.178000	4.076532487459e-03
0.179000	1.065088860515e-17
0.180000	-4.076532487459e-03
0.181000	-8.144103871786e-03
0.182000	-1.219377274830e-02
0.183000	-1.621663706592e-02
0.184000	-2.020385369579e-02
0.185000	-2.414665787042e-02
0.186000	-2.803638245054e-02
0.187000	-3.186447697734e-02
0.188000	-3.562252646824e-02
0.189000	-3.930226991486e-02
0.190000	-4.289561844248e-02
0.191000	-4.639467309120e-02
0.192000	-4.979174217949e-02
0.193000	-5.307935821224e-02
0.194000	-5.625029429590e-02
0.195000	-5.929758002478e-02
0.196000	-6.221451680350e-02
0.197000	-6.499469257195e-02
0.198000	-6.763199590042e-02
0.199000	-7.012062942383e-02
0.200000	-7.245512258559e-02
0.201000	-7.463034366307e-02
0.202000	-7.664151104826e-02
0.203000	-7.848420375877e-02
0.204000	-8.015437115610e-02
0.205000	-8.164834184984e-02
0.206000	-8.296283176817e-02
0.207000	-8.409495137697e-02
0.208000	-8.504221203164e-02
0.209000	-8.580253144767e-02
0.210000	-8.637423827797e-02
0.211000	-8.675607578687e-02
0.212000	-8.694720461263e-02
0.213000	-8.694720461263e-02
0.214000	-8.675607578687e-02
0.215000	-8.637423827797e-02
0.216000	-8.580253144767e-02
0.217000	-8.504221203164e-02
0.218000	-8.409495137697e-02
0.219000	-8.296283176817e-02
0.220000	-8.164834184984e-02
0.221000	-8.015437115610e-02
0.222000	-7.848420375877e-02
0.223000	-7.664151104826e-02
0.224000	-7.463034366307e-02
0.225000	-7.245512258559e-02
0.226000	-7.012062942383e-02
0.227000	-6.763199590042e-02
0.228000	-6.499469257195e-02
0.229000	-6.221451680350e-02
0.230000	-5.929758002478e-02
0.231000	-5.625029429590e-02
0.232000	-5.307935821224e-02
0.233000	-4.979174217949e-02
0.234000	-4.639467309120e-02
0.235000	-4.289561844248e-02
0.236000	-3.930226991486e-02
0.237000	-3.562252646824e-02
0.238000	-3.186447697734e-02
0.239000	-2.803638245054e-02
0.240000	-2.414665787042e-02
0.241000	-2.020385369579e-02
0.242000	-1.621663706592e-02
0.243000	-1.219377274830e-02
0.244000	-8.144103871786e-03
0.245000	-4.076532487459e-03
0.246000	0.000000000000e+00
