Run25_FR76_s2p00
247	0
0.000000	0.000000000000e+00
0.001000	0.000000000000e+00
0.002000	0.000000000000e+00
0.003000	0.000000000000e+00
0.004000	0.000000000000e+00
0.005000	0.000000000000e+00
0.006000	0.000000000000e+00
0.007000	0.000000000000e+00
0.008000	0.000000000000e+00
0.009000	0.000000000000e+00
0.010000	0.000000000000e+00
0.011000	0.000000000000e+00
0.012000	0.000000000000e+00
0.013000	0.000000000000e+00
0.014000	0.000000000000e+00
0.015000	0.000000000000e+00
0.016000	0.000000000000e+00
0.017000	0.000000000000e+00
0.018000	0.000000000000e+00
0.019000	0.000000000000e+00
0.020000	0.000000000000e+00
0.021000	0.000000000000e+00
0.022000	0.000000000000e+00
0.023000	0.000000000000e+00
0.024000	0.000000000000e+00
0.025000	0.000000000000e+00
0.026000	0.000000000000e+00
0.027000	0.000000000000e+00
0.028000	0.000000000000e+00
0.029000	0.000000000000e+00
0.030000	0.000000000000e+00
0.031000	0.000000000000e+00
0.032000	0.000000000000e+00
0.033000	0.000000000000e+00
0.034000	0.000000000000e+00
0.035000	0.000000000000e+00
0.036000	0.000000000000e+00
0.037000	0.000000000000e+00
0.038000	0.000000000000e+00
0.039000	0.000000000000e+00
0.040000	0.000000000000e+00
0.041000	0.000000000000e+00
0.042000	0.000000000000e+00
0.043000	0.000000000000e+00
0.044000	0.000000000000e+00
0.045000	0.000000000000e+00
0.046000	0.000000000000e+00
0.047000	0.000000000000e+00
0.048000	0.000000000000e+00
0.049000	0.000000000000e+00
0.050000	0.000000000000e+00
0.051000	0.000000000000e+00
0.052000	0.000000000000e+00
0.053000	0.000000000000e+00
0.054000	0.000000000000e+00
0.055000	0.000000000000e+00
0.056000	0.000000000000e+00
0.057000	0.000000000000e+00
0.058000	0.000000000000e+00
0.059000	0.000000000000e+00
0.060000	0.000000000000e+00
0.061000	0.000000000000e+00
0.062000	0.000000000000e+00
0.063000	0.000000000000e+00
0.064000	0.000000000000e+00
0.065000	0.000000000000e+00
0.066000	0.000000000000e+00
0.067000	0.000000000000e+00
0.068000	0.000000000000e+00
0.069000	0.000000000000e+00
0.070000	0.000000000000e+00
0.071000	0.000000000000e+00
0.072000	0.000000000000e+00
0.073000	0.000000000000e+00
0.074000	0.000000000000e+00
0.075000	0.000000000000e+00
0.076000	0.000000000000e+00
0.077000	0.000000000000e+00
0.078000	0.000000000000e+00
0.079000	0.000000000000e+00
0.080000	0.000000000000e+00
0.081000	0.000000000000e+00
0.082000	0.000000000000e+00
0.083000	0.000000000000e+00
0.084000	0.000000000000e+00
0.085000	0.000000000000e+00
0.086000	0.000000000000e+00
0.087000	0.000000000000e+00
0.088000	0.000000000000e+00
0.089000	0.000000000000e+00
0.090000	0.000000000000e+00
0.091000	0.000000000000e+00
0.092000	0.000000000000e+00
0.093000	0.000000000000e+00
0.094000	0.000000000000e+00
0.095000	0.000000000000e+00
0.096000	0.000000000000e+00
0.097000	0.000000000000e+00
0.098000	0.000000000000e+00
0.099000	0.000000000000e+00
0.100000	0.000000000000e+00
0.101000	0.000000000000e+00
0.102000	0.000000000000e+00
0.103000	0.000000000000e+00
0.104000	0.000000000000e+00
0.105000	0.000000000000e+00
0.106000	0.000000000000e+00
0.107000	0.000000000000e+00
0.108000	0.000000000000e+00
0.109000	0.000000000000e+00
0.110000	0.000000000000e+00
0.111000	0.000000000000e+00
0.112000	0.000000000000e+00
0.113000	4.658894271382e-03
0.114000	9.307547282041e-03
0.115000	1.393574028377e-02
0.116000	1.853329950390e-02
0.117000	2.309011850947e-02
0.118000	2.759618042334e-02
0.119000	3.204157994348e-02
0.120000	3.641654511696e-02
0.121000	4.071145882085e-02
0.122000	4.491687990269e-02
0.123000	4.902356393427e-02
0.124000	5.302248353280e-02
0.125000	5.690484820513e-02
0.126000	6.066212367113e-02
0.127000	6.428605062389e-02
0.128000	6.776866288547e-02
0.129000	7.110230491828e-02
0.130000	7.427964865366e-02
0.131000	7.729370960048e-02
0.132000	8.013786219867e-02
0.133000	8.280585438353e-02
0.134000	8.529182132922e-02
0.135000	8.759029834087e-02
0.136000	8.969623286716e-02
0.137000	9.160499560697e-02
0.138000	9.331239068553e-02
0.139000	9.481466487791e-02
0.140000	9.610851585940e-02
0.141000	9.719109946473e-02
0.142000	9.806003594019e-02
0.143000	9.871341517483e-02
0.144000	9.914980089928e-02
0.145000	9.936823384301e-02
0.146000	9.936823384301e-02
0.147000	9.914980089928e-02
0.148000	9.871341517483e-02
0.149000	9.806003594019e-02
0.150000	9.719109946473e-02
0.151000	9.610851585940e-02
0.152000	9.481466487791e-02
0.153000	9.331239068553e-02
0.154000	9.160499560697e-02
0.155000	8.969623286716e-02
0.156000	8.759029834087e-02
0.157000	8.529182132922e-02
0.158000	8.280585438353e-02
0.159000	8.013786219867e-02
0.160000	7.729370960048e-02
0.161000	7.427964865366e-02
0.162000	7.110230491828e-02
0.163000	6.776866288547e-02
0.164000	6.428605062389e-02
0.165000	6.066212367113e-02
0.166000	5.690484820513e-02
0.167000	5.302248353280e-02
0.168000	4.902356393427e-02
0.169000	4.491687990269e-02
0.170000	4.071145882085e-02
0.171000	3.641654511696e-02
0.172000	3.204157994348e-02
0.173000	2.759618042334e-02
0.174000	2.309011850947e-02
0.175000	1.853329950390e-02
0.176000	1.393574028377e-02
0.177000	9.307547282041e-03
0.178000	4.658894271382e-03
0.179000	1.217244412017e-17
0.180000	-4.658894271382e-03
0.181000	-9.307547282041e-03
0.182000	-1.393574028377e-02
0.183000	-1.853329950390e-02
0.184000	-2.309011850947e-02
0.185000	-2.759618042334e-02
0.186000	-3.204157994348e-02
0.187000	-3.641654511696e-02
0.188000	-4.071145882085e-02
0.189000	-4.491687990269e-02
0.190000	-4.902356393427e-02
0.191000	-5.302248353280e-02
0.192000	-5.690484820513e-02
0.193000	-6.066212367113e-02
0.194000	-6.428605062389e-02
0.195000	-6.776866288547e-02
0.196000	-7.110230491828e-02
0.197000	-7.427964865366e-02
0.198000	-7.729370960048e-02
0.199000	-8.013786219867e-02
0.200000	-8.280585438353e-02
0.201000	-8.529182132922e-02
0.202000	-8.759029834087e-02
0.203000	-8.969623286716e-02
0.204000	-9.160499560697e-02
0.205000	-9.331239068553e-02
0.206000	-9.481466487791e-02
0.207000	-9.610851585940e-02
0.208000	-9.719109946473e-02
0.209000	-9.806003594019e-02
0.210000	-9.871341517483e-02
0.211000	-9.914980089928e-02
0.212000	-9.936823384301e-02
0.213000	-9.936823384301e-02
0.214000	-9.914980089928e-02
0.215000	-9.871341517483e-02
0.216000	-9.806003594019e-02
0.217000	-9.719109946473e-02
0.218000	-9.610851585940e-02
0.219000	-9.481466487791e-02
0.220000	-9.331239068553e-02
0.221000	-9.160499560697e-02
0.222000	-8.969623286716e-02
0.223000	-8.759029834087e-02
0.224000	-8.529182132922e-02
0.225000	-8.280585438353e-02
0.226000	-8.013786219867e-02
0.227000	-7.729370960048e-02
0.228000	-7.427964865366e-02
0.229000	-7.110230491828e-02
0.230000	-6.776866288547e-02
0.231000	-6.428605062389e-02
0.232000	-6.066212367113e-02
0.233000	-5.690484820513e-02
0.234000	-5.302248353280e-02
0.235000	-4.902356393427e-02
0.236000	-4.491687990269e-02
0.237000	-4.071145882085e-02
0.238000	-3.641654511696e-02
0.239000	-3.204157994348e-02
0.240000	-2.759618042334e-02
0.241000	-2.309011850947e-02
0.242000	-1.853329950390e-02
0.243000	-1.393574028377e-02
0.244000	-9.307547282041e-03
0.245000	-4.658894271382e-03
0.246000	0.000000000000e+00
