Run23_FR76_s1p50
247	0
0.000000	0.000000000000e+00
0.001000	0.000000000000e+00
0.002000	0.000000000000e+00
0.003000	0.000000000000e+00
0.004000	0.000000000000e+00
0.005000	0.000000000000e+00
0.006000	0.000000000000e+00
0.007000	0.000000000000e+00
0.008000	0.000000000000e+00
0.009000	0.000000000000e+00
0.010000	0.000000000000e+00
0.011000	0.000000000000e+00
0.012000	0.000000000000e+00
0.013000	0.000000000000e+00
0.014000	0.000000000000e+00
0.015000	0.000000000000e+00
0.016000	0.000000000000e+00
0.017000	0.000000000000e+00
0.018000	0.000000000000e+00
0.019000	0.000000000000e+00
0.020000	0.000000000000e+00
0.021000	0.000000000000e+00
0.022000	0.000000000000e+00
0.023000	0.000000000000e+00
0.024000	0.000000000000e+00
0.025000	0.000000000000e+00
0.026000	0.000000000000e+00
0.027000	0.000000000000e+00
0.028000	0.000000000000e+00
0.029000	0.000000000000e+00
0.030000	0.000000000000e+00
0.031000	0.000000000000e+00
0.032000	0.000000000000e+00
0.033000	0.000000000000e+00
0.034000	0.000000000000e+00
0.035000	0.000000000000e+00
0.036000	0.000000000000e+00
0.037000	0.000000000000e+00
0.038000	0.000000000000e+00
0.039000	0.000000000000e+00
0.040000	0.000000000000e+00
0.041000	0.000000000000e+00
0.042000	0.000000000000e+00
0.043000	0.000000000000e+00
0.044000	0.000000000000e+00
0.045000	0.000000000000e+00
0.046000	0.000000000000e+00
0.047000	0.000000000000e+00
0.048000	0.000000000000e+00
0.049000	0.000000000000e+00
0.050000	0.000000000000e+00
0.051000	0.000000000000e+00
0.052000	0.000000000000e+00
0.053000	0.000000000000e+00
0.054000	0.000000000000e+00
0.055000	0.000000000000e+00
0.056000	0.000000000000e+00
0.057000	0.000000000000e+00
0.058000	0.000000000000e+00
0.059000	0.000000000000e+00
0.060000	0.000000000000e+00
0.061000	0.000000000000e+00
0.062000	0.000000000000e+00
0.063000	0.000000000000e+00
0.064000	0.000000000000e+00
0.065000	0.000000000000e+00
0.066000	0.000000000000e+00
0.067000	0.000000000000e+00
0.068000	0.000000000000e+00
0.069000	0.000000000000e+00
0.070000	0.000000000000e+00
0.071000	0.000000000000e+00
0.072000	0.000000000000e+00
0.073000	0.000000000000e+00
0.074000	0.000000000000e+00
0.075000	0.000000000000e+00
0.076000	0.000000000000e+00
0.077000	0.000000000000e+00
0.078000	0.000000000000e+00
0.079000	0.000000000000e+00
0.080000	0.000000000000e+00
0.081000	0.000000000000e+00
0.082000	0.000000000000e+00
0.083000	0.000000000000e+00
0.084000	0.000000000000e+00
0.085000	0.000000000000e+00
0.086000	0.000000000000e+00
0.087000	0.000000000000e+00
0.088000	0.000000000000e+00
0.089000	0.000000000000e+00
0.090000	0.000000000000e+00
0.091000	0.000000000000e+00
0.092000	0.000000000000e+00
0.093000	0.000000000000e+00
0.094000	0.000000000000e+00
0.095000	0.000000000000e+00
0.096000	0.000000000000e+00
0.097000	0.000000000000e+00
0.098000	0.000000000000e+00
0.099000	0.000000000000e+00
0.100000	0.000000000000e+00
0.101000	0.000000000000e+00
0.102000	0.000000000000e+00
0.103000	0.000000000000e+00
0.104000	0.000000000000e+00
0.105000	0.000000000000e+00
0.106000	0.000000000000e+00
0.107000	0.000000000000e+00
0.108000	0.000000000000e+00
0.109000	0.000000000000e+00
0.110000	0.000000000000e+00
0.111000	0.000000000000e+00
0.112000	0.000000000000e+00
0.113000	3.494170703536e-03
0.114000	6.980660461531e-03
0.115000	1.045180521283e-02
0.116000	1.389997462793e-02
0.117000	1.731758888210e-02
0.118000	2.069713531751e-02
0.119000	2.403118495761e-02
0.120000	2.731240883772e-02
0.121000	3.053359411564e-02
0.122000	3.368765992702e-02
0.123000	3.676767295070e-02
0.124000	3.976686264960e-02
0.125000	4.267863615385e-02
0.126000	4.549659275335e-02
0.127000	4.821453796792e-02
0.128000	5.082649716410e-02
0.129000	5.332672868872e-02
0.130000	5.570973649025e-02
0.131000	5.797028220037e-02
0.132000	6.010339664900e-02
0.133000	6.210439078765e-02
0.134000	6.396886599692e-02
0.135000	6.569272375565e-02
0.136000	6.727217465037e-02
0.137000	6.870374670523e-02
0.138000	6.998429301415e-02
0.139000	7.111099865844e-02
0.140000	7.208138689455e-02
0.141000	7.289332459855e-02
0.142000	7.354502695515e-02
0.143000	7.403506138112e-02
0.144000	7.436235067446e-02
0.145000	7.452617538226e-02
0.146000	7.452617538226e-02
0.147000	7.436235067446e-02
0.148000	7.403506138112e-02
0.149000	7.354502695515e-02
0.150000	7.289332459855e-02
0.151000	7.208138689455e-02
0.152000	7.111099865844e-02
0.153000	6.998429301415e-02
0.154000	6.870374670523e-02
0.155000	6.727217465037e-02
0.156000	6.569272375565e-02
0.157000	6.396886599692e-02
0.158000	6.210439078765e-02
0.159000	6.010339664900e-02
0.160000	5.797028220037e-02
0.161000	5.570973649025e-02
0.162000	5.332672868872e-02
0.163000	5.082649716410e-02
0.164000	4.821453796792e-02
0.165000	4.549659275335e-02
0.166000	4.267863615385e-02
0.167000	3.976686264960e-02
0.168000	3.676767295070e-02
0.169000	3.368765992702e-02
0.170000	3.053359411564e-02
0.171000	2.731240883772e-02
0.172000	2.403118495761e-02
0.173000	2.069713531751e-02
0.174000	1.731758888210e-02
0.175000	1.389997462793e-02
0.176000	1.045180521283e-02
0.177000	6.980660461531e-03
0.178000	3.494170703536e-03
0.179000	9.129333090129e-18
0.180000	-3.494170703536e-03
0.181000	-6.980660461531e-03
0.182000	-1.045180521283e-02
0.183000	-1.389997462793e-02
0.184000	-1.731758888210e-02
0.185000	-2.069713531751e-02
0.186000	-2.403118495761e-02
0.187000	-2.731240883772e-02
0.188000	-3.053359411564e-02
0.189000	-3.368765992702e-02
0.190000	-3.676767295070e-02
0.191000	-3.976686264960e-02
0.192000	-4.267863615385e-02
0.193000	-4.549659275335e-02
0.194000	-4.821453796792e-02
0.195000	-5.082649716410e-02
0.196000	-5.332672868872e-02
0.197000	-5.570973649025e-02
0.198000	-5.797028220037e-02
0.199000	-6.010339664900e-02
0.200000	-6.210439078765e-02
0.201000	-6.396886599692e-02
0.202000	-6.569272375565e-02
0.203000	-6.727217465037e-02
0.204000	-6.870374670523e-02
0.205000	-6.998429301415e-02
0.206000	-7.111099865844e-02
0.207000	-7.208138689455e-02
0.208000	-7.289332459855e-02
0.209000	-7.354502695515e-02
0.210000	-7.403506138112e-02
0.211000	-7.436235067446e-02
0.212000	-7.452617538226e-02
0.213000	-7.452617538226e-02
0.214000	-7.436235067446e-02
0.215000	-7.403506138112e-02
0.216000	-7.354502695515e-02
0.217000	-7.289332459855e-02
0.218000	-7.208138689455e-02
0.219000	-7.111099865844e-02
0.220000	-6.998429301415e-02
0.221000	-6.870374670523e-02
0.222000	-6.727217465037e-02
0.223000	-6.569272375565e-02
0.224000	-6.396886599692e-02
0.225000	-6.210439078765e-02
0.226000	-6.010339664900e-02
0.227000	-5.797028220037e-02
0.228000	-5.570973649025e-02
0.229000	-5.332672868872e-02
0.230000	-5.082649716410e-02
0.231000	-4.821453796792e-02
0.232000	-4.549659275335e-02
0.233000	-4.267863615385e-02
0.234000	-3.976686264960e-02
0.235000	-3.676767295070e-02
0.236000	-3.368765992702e-02
0.237000	-3.053359411564e-02
0.238000	-2.731240883772e-02
0.239000	-2.403118495761e-02
0.240000	-2.069713531751e-02
0.241000	-1.731758888210e-02
0.242000	-1.389997462793e-02
0.243000	-1.045180521283e-02
0.244000	-6.980660461531e-03
0.245000	-3.494170703536e-03
0.246000	0.000000000000e+00
