         time tilt_up_se... 
------------- ------------- 
 1.988478e-04  4.492163e-03 
 5.965434e-04  5.057212e-03 
 9.942391e-04  5.651544e-03 
 1.391935e-03  6.283811e-03 
 1.789630e-03  6.963655e-03 
 2.187326e-03  7.698414e-03 
 2.585022e-03  8.491264e-03 
 2.982717e-03  9.351118e-03 
 3.380413e-03  1.028484e-02 
 3.778108e-03  1.128852e-02 
 4.175804e-03  1.235287e-02 
 4.573500e-03  1.345988e-02 
 4.971195e-03  1.458511e-02 
 5.368891e-03  1.570204e-02 
 5.766587e-03  1.679005e-02 
 6.164282e-03  1.783841e-02 
 6.561978e-03  1.883558e-02 
 6.959673e-03  1.978183e-02 
 7.357369e-03  2.066990e-02 
 7.755065e-03  2.149122e-02 
 8.152760e-03  2.223511e-02 
 8.550456e-03  2.289188e-02 
 8.948152e-03  2.346343e-02 
 9.345847e-03  2.395154e-02 
 9.743543e-03  2.436188e-02 
 1.014124e-02  2.470008e-02 
 1.053893e-02  2.497224e-02 
 1.093663e-02  2.517043e-02 
 1.133433e-02  2.529815e-02 
 1.173202e-02  2.535123e-02 
 1.212972e-02  2.533969e-02 
 1.252741e-02  2.526694e-02 
 1.292511e-02  2.514715e-02 
 1.332280e-02  2.498063e-02 
 1.372050e-02  2.476315e-02 
 1.411819e-02  2.448439e-02 
 1.451589e-02  2.412568e-02 
 1.491359e-02  2.367636e-02 
 1.531128e-02  2.313210e-02 
 1.570898e-02  2.249360e-02 
 1.610667e-02  2.177376e-02 
 1.650437e-02  2.098567e-02 
 1.690206e-02  2.014139e-02 
 1.729976e-02  1.924947e-02 
 1.769746e-02  1.831744e-02 
 1.809515e-02  1.735381e-02 
 1.849285e-02  1.637389e-02 
 1.889054e-02  1.539818e-02 
 1.928824e-02  1.444286e-02 
 1.968593e-02  1.352400e-02 
 2.008363e-02  1.264779e-02 
 2.048132e-02  1.181462e-02 
 2.087902e-02  1.102086e-02 
 2.127672e-02  1.026350e-02 
 2.167441e-02  9.544439e-03 
 2.207211e-02  8.871702e-03 
 2.246980e-02  8.259247e-03 
 2.286750e-02  7.705954e-03 
 2.326519e-02  7.208264e-03 
 2.366289e-02  6.755259e-03 
 2.406059e-02  6.331204e-03 
 2.445828e-02  5.927596e-03 
 2.485598e-02  5.543782e-03 
 2.525367e-02  5.182826e-03 
 2.565137e-02  4.853657e-03 
 2.604906e-02  4.562035e-03 
 2.644676e-02  4.308100e-03 
 2.684445e-02  4.089704e-03 
 2.724215e-02  3.904924e-03 
 2.763985e-02  3.755003e-03 
 2.803754e-02  3.644998e-03 
 2.843524e-02  3.576043e-03 
 2.883293e-02  3.547695e-03 
 2.923063e-02  3.557948e-03 
 2.962832e-02  3.595501e-03 
 3.002602e-02  3.646420e-03 
 3.042372e-02  3.691370e-03 
 3.082141e-02  3.722623e-03 
 3.121911e-02  3.735090e-03 
 3.161680e-02  3.735060e-03 
 3.201450e-02  3.728260e-03 
 3.241219e-02  3.725802e-03 
 3.280989e-02  3.734587e-03 
 3.320758e-02  3.750059e-03 
 3.360528e-02  3.768546e-03 
 3.400298e-02  3.789071e-03 
 3.440067e-02  3.812991e-03 
 3.479837e-02  3.851502e-03 
 3.519606e-02  3.909842e-03 
 3.559376e-02  3.997556e-03 
 3.599145e-02  4.109617e-03 
 3.638915e-02  4.244623e-03 
 3.678685e-02  4.392474e-03 
 3.718454e-02  4.543590e-03 
 3.758224e-02  4.693270e-03 
 3.797993e-02  4.841330e-03 
 3.837763e-02  4.984295e-03 
 3.877532e-02  5.113843e-03 
 3.917302e-02  5.216953e-03 
 3.957071e-02  5.276868e-03 
 3.996841e-02  5.276372e-03 
 4.036611e-02  5.204236e-03 
 4.076380e-02  5.066809e-03 
 4.116150e-02  4.876495e-03 
 4.155919e-02  4.653057e-03 
 4.195689e-02  4.416184e-03 
 4.235458e-02  4.180239e-03 
 4.275228e-02  3.952389e-03 
 4.314998e-02  3.738235e-03 
 4.354767e-02  3.538531e-03 
 4.394537e-02  3.361483e-03 
 4.434306e-02  3.212474e-03 
 4.474076e-02  3.091132e-03 
 4.513845e-02  2.995439e-03 
 4.553615e-02  2.915037e-03 
 4.593385e-02  2.834984e-03 
 4.633154e-02  2.740085e-03 
 4.672924e-02  2.618004e-03 
 4.712693e-02  2.462637e-03 
 4.752463e-02  2.270350e-03 
 4.792232e-02  2.042336e-03 
 4.832002e-02  1.785179e-03 
 4.871771e-02  1.497326e-03 
 4.911541e-02  1.182147e-03 
 4.951311e-02  8.421067e-04 
 4.991080e-02  4.801395e-04 
 5.030850e-02  1.179405e-04 
 5.070619e-02 -2.237252e-04 
 5.110389e-02 -5.218468e-04 
 5.150158e-02 -7.518078e-04 
 5.189928e-02 -9.039298e-04 
 5.229698e-02 -9.699332e-04 
 5.269467e-02 -9.510406e-04 
 5.309237e-02 -8.435396e-04 
 5.349006e-02 -6.539213e-04 
 5.388776e-02 -3.926383e-04 
 5.428545e-02 -6.472110e-05 
 5.468315e-02  3.139092e-04 
 5.508084e-02  7.203164e-04 
 5.547854e-02  1.132734e-03 
 5.587624e-02  1.529401e-03 
 5.627393e-02  1.890720e-03 
 5.667163e-02  2.208373e-03 
 5.706932e-02  2.479707e-03 
 5.746702e-02  2.711097e-03 
 5.786471e-02  2.904801e-03 
 5.826241e-02  3.066136e-03 
 5.866011e-02  3.201326e-03 
 5.905780e-02  3.311167e-03 
 5.945550e-02  3.397598e-03 
 5.985319e-02  3.464272e-03 
 6.025089e-02  3.519724e-03 
 6.064858e-02  3.574146e-03 
 6.104628e-02  3.639306e-03 
 6.144397e-02  3.721807e-03 
 6.184167e-02  3.822375e-03 
 6.223937e-02  3.934238e-03 
 6.263706e-02  4.048720e-03 
 6.303476e-02  4.155005e-03 
 6.343245e-02  4.245267e-03 
 6.383015e-02  4.313662e-03 
 6.422784e-02  4.354624e-03 
 6.462554e-02  4.351822e-03 
 6.502324e-02  4.290191e-03 
 6.542093e-02  4.151932e-03 
 6.581863e-02  3.922811e-03 
 6.621632e-02  3.598116e-03 
 6.661402e-02  3.178589e-03 
 6.701171e-02  2.675140e-03 
 6.740941e-02  2.100470e-03 
 6.780710e-02  1.473668e-03 
 6.820480e-02  8.065924e-04 
 6.860250e-02  1.089127e-04 
 6.900019e-02 -6.137945e-04 
 6.939789e-02 -1.345846e-03 
 6.979558e-02 -2.069855e-03 
 7.019328e-02 -2.763727e-03 
 7.059097e-02 -3.402605e-03 
 7.098867e-02 -3.972096e-03 
 7.138637e-02 -4.469839e-03 
 7.178406e-02 -4.897084e-03 
 7.218176e-02 -5.263644e-03 
 7.257945e-02 -5.581962e-03 
 7.297715e-02 -5.857170e-03 
 7.337484e-02 -6.100782e-03 
 7.377254e-02 -6.319364e-03 
 7.417023e-02 -6.534498e-03 
 7.456793e-02 -6.759166e-03 
 7.496563e-02 -7.011310e-03 
 7.536332e-02 -7.303336e-03 
 7.576102e-02 -7.643231e-03 
 7.615871e-02 -8.025931e-03 
 7.655641e-02 -8.439896e-03 
 7.695410e-02 -8.864606e-03 
 7.735180e-02 -9.279443e-03 
 7.774950e-02 -9.663637e-03 
 7.814719e-02 -1.000203e-02 
 7.854489e-02 -1.027987e-02 
 7.894258e-02 -1.048031e-02 
 7.934028e-02 -1.058444e-02 
 7.973797e-02 -1.057611e-02 
 8.013567e-02 -1.044794e-02 
 8.053336e-02 -1.019343e-02 
 8.093106e-02 -9.819668e-03 
 8.132876e-02 -9.342714e-03 
 8.172645e-02 -8.784331e-03 
 8.212415e-02 -8.163429e-03 
 8.252184e-02 -7.504248e-03 
 8.291954e-02 -6.820715e-03 
 8.331723e-02 -6.126695e-03 
 8.371493e-02 -5.433446e-03 
 8.411263e-02 -4.755559e-03 
 8.451032e-02 -4.108052e-03 
 8.490802e-02 -3.509621e-03 
 8.530571e-02 -2.961820e-03 
 8.570341e-02 -2.458978e-03 
 8.610110e-02 -1.985338e-03 
 8.649880e-02 -1.522154e-03 
 8.689649e-02 -1.052150e-03 
 8.729419e-02 -5.604344e-04 
 8.769189e-02 -4.246989e-05 
 8.808958e-02  5.064288e-04 
 8.848728e-02  1.087472e-03 
 8.888497e-02  1.701217e-03 
 8.928267e-02  2.348521e-03 
 8.968036e-02  3.026094e-03 
 9.007806e-02  3.726898e-03 
 9.047576e-02  4.435947e-03 
 9.087345e-02  5.139328e-03 
 9.127115e-02  5.819442e-03 
 9.166884e-02  6.451037e-03 
 9.206654e-02  7.024398e-03 
 9.246423e-02  7.527259e-03 
 9.286193e-02  7.955290e-03 
 9.325962e-02  8.301724e-03 
 9.365732e-02  8.561809e-03 
 9.405502e-02  8.738414e-03 
 9.445271e-02  8.830251e-03 
 9.485041e-02  8.849846e-03 
 9.524810e-02  8.815213e-03 
 9.564580e-02  8.748234e-03 
 9.604349e-02  8.679428e-03 
 9.644119e-02  8.622441e-03 
 9.683889e-02  8.599717e-03 
 9.723658e-02  8.617445e-03 
 9.763428e-02  8.681095e-03 
 9.803197e-02  8.788460e-03 
 9.842967e-02  8.943593e-03 
 9.882736e-02  9.142268e-03 
 9.922506e-02  9.381662e-03 
 9.962275e-02  9.650046e-03 
 1.000205e-01  9.934567e-03 
 1.004181e-01  1.021317e-02 
 1.008158e-01  1.046906e-02 
 1.012135e-01  1.069174e-02 
 1.016112e-01  1.087136e-02 
 1.020089e-01  1.100477e-02 
 1.024066e-01  1.109544e-02 
 1.028043e-01  1.115196e-02 
 1.032020e-01  1.117042e-02 
 1.035997e-01  1.115746e-02 
 1.039974e-01  1.111719e-02 
 1.043951e-01  1.106563e-02 
 1.047928e-01  1.101494e-02 
 1.051905e-01  1.098109e-02 
 1.055882e-01  1.097778e-02 
 1.059859e-01  1.101458e-02 
 1.063836e-01  1.108849e-02 
 1.067813e-01  1.119722e-02 
 1.071790e-01  1.133728e-02 
 1.075767e-01  1.150460e-02 
 1.079744e-01  1.169987e-02 
 1.083721e-01  1.191639e-02 
 1.087698e-01  1.214910e-02 
 1.091674e-01  1.239673e-02 
 1.095651e-01  1.264516e-02 
 1.099628e-01  1.289446e-02 
 1.103605e-01  1.314624e-02 
 1.107582e-01  1.340747e-02 
 1.111559e-01  1.368512e-02 
 1.115536e-01  1.398486e-02 
 1.119513e-01  1.431597e-02 
 1.123490e-01  1.467392e-02 
 1.127467e-01  1.505503e-02 
 1.131444e-01  1.545351e-02 
 1.135421e-01  1.586224e-02 
 1.139398e-01  1.628040e-02 
 1.143375e-01  1.670506e-02 
 1.147352e-01  1.713596e-02 
 1.151329e-01  1.757259e-02 
 1.155306e-01  1.800843e-02 
 1.159283e-01  1.840036e-02 
 1.163260e-01  1.878248e-02 
 1.167237e-01  1.911288e-02 
 1.171214e-01  1.943184e-02 
 1.175191e-01  1.974247e-02 
 1.179168e-01  2.003053e-02 
 1.183144e-01  2.029862e-02 
 1.187121e-01  2.050659e-02 
 1.191098e-01  2.066034e-02 
 1.195075e-01  2.074621e-02 
 1.199052e-01  2.076065e-02 
 1.203029e-01  2.070779e-02 
 1.207006e-01  2.057024e-02 
 1.210983e-01  2.035100e-02 
 1.214960e-01  2.005967e-02 
 1.218937e-01  1.967624e-02 
 1.222914e-01  1.922662e-02 
 1.226891e-01  1.869736e-02 
 1.230868e-01  1.809319e-02 
 1.234845e-01  1.744171e-02 
 1.238822e-01  1.672520e-02 
 1.242799e-01  1.597440e-02 
 1.246776e-01  1.518763e-02 
 1.250753e-01  1.435724e-02 
 1.254730e-01  1.349804e-02 
 1.258707e-01  1.262182e-02 
 1.262684e-01  1.174229e-02 
 1.266661e-01  1.087079e-02 
 1.270638e-01  1.000952e-02 
 1.274614e-01  9.170722e-03 
 1.278591e-01  8.344234e-03 
 1.282568e-01  7.526998e-03 
 1.286545e-01  6.725837e-03 
 1.290522e-01  5.950933e-03 
 1.294499e-01  5.217017e-03 
 1.298476e-01  4.532556e-03 
 1.302453e-01  3.901418e-03 
 1.306430e-01  3.325078e-03 
 1.310407e-01  2.795592e-03 
 1.314384e-01  2.325208e-03 
 1.318361e-01  1.923553e-03 
 1.322338e-01  1.588489e-03 
 1.326315e-01  1.327628e-03 
 1.330292e-01  1.133188e-03 
 1.334269e-01  9.995939e-04 
 1.338246e-01  9.112036e-04 
 1.342223e-01  8.552912e-04 
 1.346200e-01  8.183286e-04 
 1.350177e-01  7.925337e-04 
 1.354154e-01  7.766858e-04 
 1.358131e-01  7.582592e-04 
 1.362108e-01  7.478732e-04 
 1.366084e-01  7.433291e-04 
 1.370061e-01  7.546496e-04 
 1.374038e-01  7.738224e-04 
 1.378015e-01  8.073731e-04 
 1.381992e-01  8.745893e-04 
 1.385969e-01  9.734477e-04 
 1.389946e-01  1.114218e-03 
 1.393923e-01  1.297908e-03 
 1.397900e-01  1.521072e-03 
 1.401877e-01  1.784488e-03 
 1.405854e-01  2.075924e-03 
 1.409831e-01  2.397549e-03 
 1.413808e-01  2.754950e-03 
 1.417785e-01  3.140714e-03 
 1.421762e-01  3.548029e-03 
 1.425739e-01  3.963019e-03 
 1.429716e-01  4.375389e-03 
 1.433693e-01  4.776167e-03 
 1.437670e-01  5.142222e-03 
 1.441647e-01  5.469376e-03 
 1.445624e-01  5.769180e-03 
 1.449601e-01  6.040016e-03 
 1.453578e-01  6.285161e-03 
 1.457554e-01  6.520938e-03 
 1.461531e-01  6.748709e-03 
 1.465508e-01  6.968905e-03 
 1.469485e-01  7.185072e-03 
 1.473462e-01  7.397227e-03 
 1.477439e-01  7.635803e-03 
 1.481416e-01  7.898520e-03 
 1.485393e-01  8.198849e-03 
 1.489370e-01  8.524380e-03 
 1.493347e-01  8.852905e-03 
 1.497324e-01  9.167205e-03 
 1.501301e-01  9.437704e-03 
 1.505278e-01  9.647646e-03 
 1.509255e-01  9.782234e-03 
 1.513232e-01  9.818828e-03 
 1.517209e-01  9.761773e-03 
 1.521186e-01  9.581321e-03 
 1.525163e-01  9.275745e-03 
 1.529140e-01  8.850021e-03 
 1.533117e-01  8.310788e-03 
 1.537094e-01  7.670942e-03 
 1.541071e-01  6.950230e-03 
 1.545048e-01  6.174584e-03 
 1.549024e-01  5.364069e-03 
 1.553001e-01  4.536063e-03 
 1.556978e-01  3.706372e-03 
 1.560955e-01  2.890080e-03 
 1.564932e-01  2.109520e-03 
 1.568909e-01  1.388859e-03 
 1.572886e-01  7.348109e-04 
 1.576863e-01  1.526805e-04 
 1.580840e-01 -3.558412e-04 
 1.584817e-01 -8.149118e-04 
 1.588794e-01 -1.230780e-03 
 1.592771e-01 -1.624806e-03 
 1.596748e-01 -2.010137e-03 
 1.600725e-01 -2.389179e-03 
 1.604702e-01 -2.767253e-03 
 1.608679e-01 -3.146331e-03 
 1.612656e-01 -3.523956e-03 
 1.616633e-01 -3.906197e-03 
 1.620610e-01 -4.294466e-03 
 1.624587e-01 -4.683264e-03 
 1.628564e-01 -5.060512e-03 
 1.632541e-01 -5.406226e-03 
 1.636518e-01 -5.714468e-03 
 1.640494e-01 -5.963965e-03 
 1.644471e-01 -6.156862e-03 
 1.648448e-01 -6.276225e-03 
 1.652425e-01 -6.317744e-03 
 1.656402e-01 -6.288446e-03 
 1.660379e-01 -6.172900e-03 
 1.664356e-01 -5.980483e-03 
 1.668333e-01 -5.712623e-03 
 1.672310e-01 -5.398290e-03 
 1.676287e-01 -5.040616e-03 
 1.680264e-01 -4.665490e-03 
 1.684241e-01 -4.295164e-03 
 1.688218e-01 -3.952785e-03 
 1.692195e-01 -3.643426e-03 
 1.696172e-01 -3.376749e-03 
 1.700149e-01 -3.201677e-03 
 1.704126e-01 -3.089071e-03 
 1.708103e-01 -3.058367e-03 
 1.712080e-01 -3.110007e-03 
 1.716057e-01 -3.246352e-03 
 1.720034e-01 -3.444882e-03 
 1.724011e-01 -3.711129e-03 
 1.727988e-01 -4.014266e-03 
 1.731964e-01 -4.297447e-03 
 1.735941e-01 -4.578399e-03 
 1.739918e-01 -4.826541e-03 
 1.743895e-01 -5.009111e-03 
 1.747872e-01 -5.136057e-03 
 1.751849e-01 -5.182424e-03 
 1.755826e-01 -5.176462e-03 
 1.759803e-01 -5.117156e-03 
 1.763780e-01 -5.009018e-03 
 1.767757e-01 -4.900643e-03 
 1.771734e-01 -4.794637e-03 
 1.775711e-01 -4.677960e-03 
 1.779688e-01 -4.584370e-03 
 1.783665e-01 -4.492383e-03 
 1.787642e-01 -4.431559e-03 
 1.791619e-01 -4.408699e-03 
 1.795596e-01 -4.461359e-03 
 1.799573e-01 -4.583984e-03 
 1.803550e-01 -4.773948e-03 
 1.807527e-01 -5.021132e-03 
 1.811504e-01 -5.303292e-03 
 1.815481e-01 -5.598842e-03 
 1.819457e-01 -5.903166e-03 
 1.823434e-01 -6.208697e-03 
 1.827411e-01 -6.486610e-03 
 1.831388e-01 -6.727014e-03 
 1.835365e-01 -6.928852e-03 
 1.839342e-01 -7.079410e-03 
 1.843319e-01 -7.165911e-03 
 1.847296e-01 -7.199310e-03 
 1.851273e-01 -7.164740e-03 
 1.855250e-01 -7.051049e-03 
 1.859227e-01 -6.864250e-03 
 1.863204e-01 -6.588597e-03 
 1.867181e-01 -6.254190e-03 
 1.871158e-01 -5.876255e-03 
 1.875135e-01 -5.453222e-03 
 1.879112e-01 -5.009176e-03 
 1.883089e-01 -4.531816e-03 
 1.887066e-01 -4.066326e-03 
 1.891043e-01 -3.620263e-03 
 1.895020e-01 -3.173190e-03 
 1.898997e-01 -2.723515e-03 
 1.902974e-01 -2.246027e-03 
 1.906951e-01 -1.734207e-03 
 1.910927e-01 -1.183821e-03 
 1.914904e-01 -5.983908e-04 
 1.918881e-01  2.297117e-05 
 1.922858e-01  6.838937e-04 
 1.926835e-01  1.416145e-03 
 1.930812e-01  2.215357e-03 
 1.934789e-01  3.101455e-03 
 1.938766e-01  4.078904e-03 
 1.942743e-01  5.152833e-03 
 1.946720e-01  6.288574e-03 
 1.950697e-01  7.459235e-03 
 1.954674e-01  8.631127e-03 
 1.958651e-01  9.777227e-03 
 1.962628e-01  1.087258e-02 
 1.966605e-01  1.190485e-02 
 1.970582e-01  1.287470e-02 
 1.974559e-01  1.376609e-02 
 1.978536e-01  1.457640e-02 
 1.982513e-01  1.527855e-02 
 1.986490e-01  1.586702e-02 
 1.990467e-01  1.637039e-02 
 1.994444e-01  1.680080e-02 
 1.998421e-01  1.717281e-02 
 2.002397e-01  1.749208e-02 
 2.006374e-01  1.777879e-02 
 2.010351e-01  1.804226e-02 
 2.014328e-01  1.829469e-02 
 2.018305e-01  1.854230e-02 
 2.022282e-01  1.879584e-02 
 2.026259e-01  1.906332e-02 
 2.030236e-01  1.933660e-02 
 2.034213e-01  1.960509e-02 
 2.038190e-01  1.986593e-02 
 2.042167e-01  2.008997e-02 
 2.046144e-01  2.025806e-02 
 2.050121e-01  2.036701e-02 
 2.054098e-01  2.040454e-02 
 2.058075e-01  2.038526e-02 
 2.062052e-01  2.029544e-02 
 2.066029e-01  2.013982e-02 
 2.070006e-01  1.986567e-02 
 2.073983e-01  1.948529e-02 
 2.077960e-01  1.897844e-02 
 2.081937e-01  1.836162e-02 
 2.085914e-01  1.765973e-02 
 2.089891e-01  1.689557e-02 
 2.093867e-01  1.610965e-02 
 2.097844e-01  1.528461e-02 
 2.101821e-01  1.444800e-02 
 2.105798e-01  1.358795e-02 
 2.109775e-01  1.271578e-02 
 2.113752e-01  1.183259e-02 
 2.117729e-01  1.095069e-02 
 2.121706e-01  1.009420e-02 
 2.125683e-01  9.285868e-03 
 2.129660e-01  8.518803e-03 
 2.133637e-01  7.777341e-03 
 2.137614e-01  7.078447e-03 
 2.141591e-01  6.411081e-03 
 2.145568e-01  5.794755e-03 
 2.149545e-01  5.223592e-03 
 2.153522e-01  4.695705e-03 
 2.157499e-01  4.210930e-03 
 2.161476e-01  3.767242e-03 
 2.165453e-01  3.379341e-03 
 2.169430e-01  3.051846e-03 
 2.173407e-01  2.814055e-03 
 2.177384e-01  2.672671e-03 
 2.181361e-01  2.648070e-03 
 2.185337e-01  2.750268e-03 
 2.189314e-01  2.995877e-03 
 2.193291e-01  3.367124e-03 
 2.197268e-01  3.839022e-03 
 2.201245e-01  4.414842e-03 
 2.205222e-01  5.098497e-03 
 2.209199e-01  5.904374e-03 
 2.213176e-01  6.794700e-03 
 2.217153e-01  7.746438e-03 
 2.221130e-01  8.816311e-03 
 2.225107e-01  9.944451e-03 
 2.229084e-01  1.112320e-02 
 2.233061e-01  1.236679e-02 
 2.237038e-01  1.365354e-02 
 2.241015e-01  1.495073e-02 
 2.244992e-01  1.622909e-02 
 2.248969e-01  1.754562e-02 
 2.252946e-01  1.885284e-02 
 2.256923e-01  2.011463e-02 
 2.260900e-01  2.135575e-02 
 2.264877e-01  2.249938e-02 
 2.268854e-01  2.352711e-02 
 2.272831e-01  2.441521e-02 
 2.276807e-01  2.517149e-02 
 2.280784e-01  2.580338e-02 
 2.284761e-01  2.630529e-02 
 2.288738e-01  2.667329e-02 
 2.292715e-01  2.691287e-02 
 2.296692e-01  2.701246e-02 
 2.300669e-01  2.698040e-02 
 2.304646e-01  2.685070e-02 
 2.308623e-01  2.662556e-02 
 2.312600e-01  2.630287e-02 
 2.316577e-01  2.590956e-02 
 2.320554e-01  2.545151e-02 
 2.324531e-01  2.494573e-02 
 2.328508e-01  2.440327e-02 
 2.332485e-01  2.384877e-02 
 2.336462e-01  2.329767e-02 
 2.340439e-01  2.275518e-02 
 2.344416e-01  2.221151e-02 
 2.348393e-01  2.169395e-02 
 2.352370e-01  2.119298e-02 
 2.356347e-01  2.067633e-02 
 2.360324e-01  2.015436e-02 
 2.364301e-01  1.962906e-02 
 2.368277e-01  1.907234e-02 
 2.372254e-01  1.849846e-02 
 2.376231e-01  1.794675e-02 
 2.380208e-01  1.742372e-02 
 2.384185e-01  1.692938e-02 
 2.388162e-01  1.644218e-02 
 2.392139e-01  1.598982e-02 
 2.396116e-01  1.555535e-02 
 2.400093e-01  1.512932e-02 
 2.404070e-01  1.474035e-02 
 2.408047e-01  1.437697e-02 
 2.412024e-01  1.405322e-02 
 2.416001e-01  1.376350e-02 
 2.419978e-01  1.351179e-02 
 2.423955e-01  1.331045e-02 
 2.427932e-01  1.311997e-02 
 2.431909e-01  1.292562e-02 
 2.435886e-01  1.272528e-02 
 2.439863e-01  1.252723e-02 
 2.443840e-01  1.231279e-02 
 2.447817e-01  1.207373e-02 
 2.451794e-01  1.180666e-02 
 2.455771e-01  1.148365e-02 
 2.459747e-01  1.108743e-02 
 2.463724e-01  1.061168e-02 
 2.467701e-01  1.007071e-02 
 2.471678e-01  9.468026e-03 
 2.475655e-01  8.828034e-03 
 2.479632e-01  8.154303e-03 
 2.483609e-01  7.467967e-03 
 2.487586e-01  6.784337e-03 
 2.491563e-01  6.086188e-03 
 2.495540e-01  5.392279e-03 
 2.499517e-01  4.700200e-03 
 2.503494e-01  4.007192e-03 
 2.507471e-01  3.335084e-03 
 2.511448e-01  2.662663e-03 
 2.515425e-01  2.008662e-03 
 2.519402e-01  1.370610e-03 
 2.523379e-01  7.457840e-04 
 2.527356e-01  1.325355e-04 
 2.531333e-01 -4.615761e-04 
 2.535310e-01 -1.020842e-03 
 2.539287e-01 -1.525312e-03 
 2.543264e-01 -1.982708e-03 
 2.547240e-01 -2.421156e-03 
 2.551217e-01 -2.857818e-03 
 2.555194e-01 -3.335204e-03 
 2.559171e-01 -3.866709e-03 
 2.563148e-01 -4.453930e-03 
 2.567125e-01 -5.079572e-03 
 2.571102e-01 -5.731771e-03 
 2.575079e-01 -6.419201e-03 
 2.579056e-01 -7.142311e-03 
 2.583033e-01 -7.910539e-03 
 2.587010e-01 -8.727144e-03 
 2.590987e-01 -9.581945e-03 
 2.594964e-01 -1.044313e-02 
 2.598941e-01 -1.128717e-02 
 2.602918e-01 -1.210039e-02 
 2.606895e-01 -1.286360e-02 
 2.610872e-01 -1.356690e-02 
 2.614849e-01 -1.418933e-02 
 2.618826e-01 -1.474410e-02 
 2.622803e-01 -1.523443e-02 
 2.626780e-01 -1.565243e-02 
 2.630757e-01 -1.601348e-02 
 2.634734e-01 -1.631830e-02 
 2.638710e-01 -1.657913e-02 
 2.642687e-01 -1.681181e-02 
 2.646664e-01 -1.706614e-02 
 2.650641e-01 -1.735646e-02 
 2.654618e-01 -1.768574e-02 
 2.658595e-01 -1.805009e-02 
 2.662572e-01 -1.842835e-02 
 2.666549e-01 -1.877957e-02 
 2.670526e-01 -1.908552e-02 
 2.674503e-01 -1.929874e-02 
 2.678480e-01 -1.941493e-02 
 2.682457e-01 -1.938533e-02 
 2.686434e-01 -1.918545e-02 
 2.690411e-01 -1.881100e-02 
 2.694388e-01 -1.825488e-02 
 2.698365e-01 -1.750647e-02 
 2.702342e-01 -1.656770e-02 
 2.706319e-01 -1.546667e-02 
 2.710296e-01 -1.422219e-02 
 2.714273e-01 -1.287822e-02 
 2.718250e-01 -1.146934e-02 
 2.722227e-01 -1.002612e-02 
 2.726204e-01 -8.573384e-03 
 2.730180e-01 -7.113871e-03 
 2.734157e-01 -5.662922e-03 
 2.738134e-01 -4.242174e-03 
 2.742111e-01 -2.876653e-03 
 2.746088e-01 -1.584700e-03 
 2.750065e-01 -3.872881e-04 
 2.754042e-01  7.202078e-04 
 2.758019e-01  1.736620e-03 
 2.761996e-01  2.673241e-03 
 2.765973e-01  3.551522e-03 
 2.769950e-01  4.388092e-03 
 2.773927e-01  5.195464e-03 
 2.777904e-01  5.980901e-03 
 2.781881e-01  6.743452e-03 
 2.785858e-01  7.480225e-03 
 2.789835e-01  8.199746e-03 
 2.793812e-01  8.902275e-03 
 2.797789e-01  9.604254e-03 
 2.801766e-01  1.030413e-02 
 2.805743e-01  1.099775e-02 
 2.809720e-01  1.166159e-02 
 2.813697e-01  1.228069e-02 
 2.817674e-01  1.285255e-02 
 2.821650e-01  1.336250e-02 
 2.825627e-01  1.382231e-02 
 2.829604e-01  1.433077e-02 
 2.833581e-01  1.470913e-02 
 2.837558e-01  1.501507e-02 
 2.841535e-01  1.515572e-02 
 2.845512e-01  1.520274e-02 
 2.849489e-01  1.507414e-02 
 2.853466e-01  1.488076e-02 
 2.857443e-01  1.468457e-02 
 2.861420e-01  1.439124e-02 
 2.865397e-01  1.415547e-02 
 2.869374e-01  1.383414e-02 
 2.873351e-01  1.350216e-02 
 2.877328e-01  1.316663e-02 
 2.881305e-01  1.278500e-02 
 2.885282e-01  1.247002e-02 
 2.889259e-01  1.215472e-02 
 2.893236e-01  1.182723e-02 
 2.897213e-01  1.154149e-02 
 2.901190e-01  1.122320e-02 
 2.905167e-01  1.090691e-02 
 2.909144e-01  1.056923e-02 
 2.913120e-01  1.015292e-02 
 2.917097e-01  9.687895e-03 
 2.921074e-01  9.153172e-03 
 2.925051e-01  8.588020e-03 
 2.929028e-01  7.988524e-03 
 2.933005e-01  7.301252e-03 
 2.936982e-01  6.569344e-03 
 2.940959e-01  5.785181e-03 
 2.944936e-01  4.927933e-03 
 2.948913e-01  4.048140e-03 
 2.952890e-01  3.175367e-03 
 2.956867e-01  2.327347e-03 
 2.960844e-01  1.472938e-03 
 2.964821e-01  6.213606e-04 
 2.968798e-01 -1.763720e-04 
 2.972775e-01 -8.949368e-04 
 2.976752e-01 -1.505102e-03 
 2.980729e-01 -1.975702e-03 
 2.984706e-01 -2.286869e-03 
 2.988683e-01 -2.497036e-03 
 2.992660e-01 -2.627533e-03 
 2.996637e-01 -2.666320e-03 
 3.000614e-01 -2.638808e-03 
 3.004590e-01 -2.568747e-03 
 3.008567e-01 -2.460568e-03 
 3.012544e-01 -2.292277e-03 
 3.016521e-01 -2.072269e-03 
 3.020498e-01 -1.807346e-03 
 3.024475e-01 -1.527124e-03 
 3.028452e-01 -1.245874e-03 
 3.032429e-01 -1.016885e-03 
 3.036406e-01 -8.801885e-04 
 3.040383e-01 -8.125243e-04 
 3.044360e-01 -7.909156e-04 
 3.048337e-01 -7.722401e-04 
 3.052314e-01 -7.592160e-04 
 3.056291e-01 -7.301950e-04 
 3.060268e-01 -6.582553e-04 
 3.064245e-01 -5.530215e-04 
 3.068222e-01 -3.908242e-04 
 3.072199e-01 -1.887155e-04 
 3.076176e-01  6.851621e-05 
 3.080153e-01  4.091945e-04 
 3.084130e-01  7.747496e-04 
 3.088107e-01  1.191821e-03 
 3.092084e-01  1.610899e-03 
 3.096060e-01  2.031545e-03 
 3.100037e-01  2.419605e-03 
 3.104014e-01  2.762243e-03 
 3.107991e-01  3.051353e-03 
 3.111968e-01  3.310767e-03 
 3.115945e-01  3.505256e-03 
 3.119922e-01  3.615095e-03 
 3.123899e-01  3.579920e-03 
 3.127876e-01  3.383586e-03 
 3.131853e-01  3.076868e-03 
 3.135830e-01  2.718578e-03 
 3.139807e-01  2.329583e-03 
 3.143784e-01  1.963869e-03 
 3.147761e-01  1.566176e-03 
 3.151738e-01  1.184561e-03 
 3.155715e-01  8.249603e-04 
 3.159692e-01  5.560029e-04 
 3.163669e-01  3.735186e-04 
 3.167646e-01  3.496454e-04 
 3.171623e-01  4.625256e-04 
 3.175600e-01  6.707447e-04 
 3.179577e-01  9.963074e-04 
 3.183554e-01  1.350220e-03 
 3.187530e-01  1.817782e-03 
 3.191507e-01  2.344596e-03 
 3.195484e-01  2.932097e-03 
 3.199461e-01  3.528737e-03 
 3.203438e-01  4.137590e-03 
 3.207415e-01  4.720364e-03 
 3.211392e-01  5.362688e-03 
 3.215369e-01  6.055876e-03 
 3.219346e-01  6.765410e-03 
 3.223323e-01  7.479193e-03 
 3.227300e-01  8.136679e-03 
 3.231277e-01  8.789232e-03 
 3.235254e-01  9.462473e-03 
 3.239231e-01  1.012243e-02 
 3.243208e-01  1.083371e-02 
 3.247185e-01  1.159203e-02 
 3.251162e-01  1.236342e-02 
 3.255139e-01  1.321952e-02 
 3.259116e-01  1.417490e-02 
 3.263093e-01  1.528086e-02 
 3.267070e-01  1.650976e-02 
 3.271047e-01  1.786800e-02 
 3.275023e-01  1.937199e-02 
 3.279000e-01  2.100667e-02 
 3.282977e-01  2.276246e-02 
 3.286954e-01  2.466402e-02 
 3.290931e-01  2.671043e-02 
 3.294908e-01  2.886036e-02 
 3.298885e-01  3.105904e-02 
 3.302862e-01  3.326681e-02 
 3.306839e-01  3.548899e-02 
 3.310816e-01  3.765255e-02 
 3.314793e-01  3.973023e-02 
 3.318770e-01  4.163425e-02 
 3.322747e-01  4.330050e-02 
 3.326724e-01  4.465737e-02 
 3.330701e-01  4.565724e-02 
 3.334678e-01  4.640707e-02 
 3.338655e-01  4.685491e-02 
 3.342632e-01  4.703337e-02 
 3.346609e-01  4.701553e-02 
 3.350586e-01  4.676754e-02 
 3.354563e-01  4.637040e-02 
 3.358540e-01  4.587336e-02 
 3.362517e-01  4.528907e-02 
 3.366493e-01  4.466957e-02 
 3.370470e-01  4.405126e-02 
 3.374447e-01  4.344982e-02 
 3.378424e-01  4.285285e-02 
 3.382401e-01  4.221903e-02 
 3.386378e-01  4.155145e-02 
 3.390355e-01  4.080428e-02 
 3.394332e-01  3.995093e-02 
 3.398309e-01  3.900990e-02 
 3.402286e-01  3.796301e-02 
 3.406263e-01  3.683913e-02 
 3.410240e-01  3.553749e-02 
 3.414217e-01  3.409078e-02 
 3.418194e-01  3.249968e-02 
 3.422171e-01  3.075178e-02 
 3.426148e-01  2.893149e-02 
 3.430125e-01  2.705549e-02 
 3.434102e-01  2.518963e-02 
 3.438079e-01  2.332666e-02 
 3.442056e-01  2.148337e-02 
 3.446033e-01  1.976929e-02 
 3.450010e-01  1.822386e-02 
 3.453987e-01  1.685763e-02 
 3.457963e-01  1.573086e-02 
 3.461940e-01  1.481282e-02 
 3.465917e-01  1.413464e-02 
 3.469894e-01  1.367756e-02 
 3.473871e-01  1.340547e-02 
 3.477848e-01  1.331744e-02 
 3.481825e-01  1.335535e-02 
 3.485802e-01  1.348127e-02 
 3.489779e-01  1.370365e-02 
 3.493756e-01  1.398317e-02 
 3.497733e-01  1.430605e-02 
 3.501710e-01  1.462883e-02 
 3.505687e-01  1.490789e-02 
 3.509664e-01  1.508878e-02 
 3.513641e-01  1.510107e-02 
 3.517618e-01  1.495204e-02 
 3.521595e-01  1.463736e-02 
 3.525572e-01  1.416287e-02 
 3.529549e-01  1.349784e-02 
 3.533526e-01  1.264143e-02 
 3.537503e-01  1.161952e-02 
 3.541480e-01  1.045514e-02 
 3.545457e-01  9.193173e-03 
 3.549433e-01  7.876393e-03 
 3.553410e-01  6.538204e-03 
 3.557387e-01  5.191305e-03 
 3.561364e-01  3.867100e-03 
 3.565341e-01  2.556456e-03 
 3.569318e-01  1.264064e-03 
 3.573295e-01 -1.883041e-06 
 3.577272e-01 -1.286616e-03 
 3.581249e-01 -2.543487e-03 
 3.585226e-01 -3.804897e-03 
 3.589203e-01 -5.068831e-03 
 3.593180e-01 -6.355526e-03 
 3.597157e-01 -7.682114e-03 
 3.601134e-01 -9.065890e-03 
 3.605111e-01 -1.050916e-02 
 3.609088e-01 -1.203282e-02 
 3.613065e-01 -1.366392e-02 
 3.617042e-01 -1.538992e-02 
 3.621019e-01 -1.719206e-02 
 3.624996e-01 -1.909114e-02 
 3.628973e-01 -2.102384e-02 
 3.632950e-01 -2.297840e-02 
 3.636927e-01 -2.490180e-02 
 3.640903e-01 -2.672137e-02 
 3.644880e-01 -2.841832e-02 
 3.648857e-01 -2.989485e-02 
 3.652834e-01 -3.114401e-02 
 3.656811e-01 -3.214659e-02 
 3.660788e-01 -3.289338e-02 
 3.664765e-01 -3.342165e-02 
 3.668742e-01 -3.372629e-02 
 3.672719e-01 -3.382536e-02 
 3.676696e-01 -3.375780e-02 
 3.680673e-01 -3.357843e-02 
 3.684650e-01 -3.330602e-02 
 3.688627e-01 -3.293709e-02 
 3.692604e-01 -3.249539e-02 
 3.696581e-01 -3.199149e-02 
 3.700558e-01 -3.144371e-02 
 3.704535e-01 -3.086577e-02 
 3.708512e-01 -3.026106e-02 
 3.712489e-01 -2.959645e-02 
 3.716466e-01 -2.887055e-02 
 3.720443e-01 -2.808008e-02 
 3.724420e-01 -2.717935e-02 
 3.728397e-01 -2.615299e-02 
 3.732373e-01 -2.496524e-02 
 3.736350e-01 -2.358079e-02 
 3.740327e-01 -2.194488e-02 
 3.744304e-01 -2.006006e-02 
 3.748281e-01 -1.794275e-02 
 3.752258e-01 -1.558460e-02 
 3.756235e-01 -1.299819e-02 
 3.760212e-01 -1.022778e-02 
 3.764189e-01 -7.339495e-03 
 3.768166e-01 -4.365697e-03 
 3.772143e-01 -1.295987e-03 
 3.776120e-01  1.746026e-03 
 3.780097e-01  4.795159e-03 
 3.784074e-01  7.820164e-03 
 3.788051e-01  1.076347e-02 
 3.792028e-01  1.358916e-02 
 3.796005e-01  1.627793e-02 
 3.799982e-01  1.879169e-02 
 3.803959e-01  2.109866e-02 
 3.807936e-01  2.321601e-02 
 3.811913e-01  2.513743e-02 
 3.815890e-01  2.681889e-02 
 3.819867e-01  2.826377e-02 
 3.823843e-01  2.948513e-02 
 3.827820e-01  3.052224e-02 
 3.831797e-01  3.137071e-02 
 3.835774e-01  3.207382e-02 
 3.839751e-01  3.267859e-02 
 3.843728e-01  3.320569e-02 
 3.847705e-01  3.364569e-02 
 3.851682e-01  3.405824e-02 
 3.855659e-01  3.440364e-02 
 3.859636e-01  3.463620e-02 
 3.863613e-01  3.473459e-02 
 3.867590e-01  3.464850e-02 
 3.871567e-01  3.434741e-02 
 3.875544e-01  3.382136e-02 
 3.879521e-01  3.306324e-02 
 3.883498e-01  3.207951e-02 
 3.887475e-01  3.087681e-02 
 3.891452e-01  2.948224e-02 
 3.895429e-01  2.790985e-02 
 3.899406e-01  2.618013e-02 
 3.903383e-01  2.432186e-02 
 3.907360e-01  2.237455e-02 
 3.911337e-01  2.034629e-02 
 3.915313e-01  1.825682e-02 
 3.919290e-01  1.616993e-02 
 3.923267e-01  1.412594e-02 
 3.927244e-01  1.218018e-02 
 3.931221e-01  1.035461e-02 
 3.935198e-01  8.676289e-03 
 3.939175e-01  7.182768e-03 
 3.943152e-01  5.847134e-03 
 3.947129e-01  4.685735e-03 
 3.951106e-01  3.665121e-03 
 3.955083e-01  2.726467e-03 
 3.959060e-01  1.887941e-03 
 3.963037e-01  1.140172e-03 
 3.967014e-01  4.386218e-04 
 3.970991e-01 -2.205756e-04 
 3.974968e-01 -8.457644e-04 
 3.978945e-01 -1.453998e-03 
 3.982922e-01 -2.065326e-03 
 3.986899e-01 -2.699387e-03 
 3.990876e-01 -3.343567e-03 
 3.994853e-01 -4.023771e-03 
 3.998830e-01 -4.731942e-03 
 4.002806e-01 -5.443562e-03 
 4.006783e-01 -6.166047e-03 
 4.010760e-01 -6.898832e-03 
 4.014737e-01 -7.636010e-03 
 4.018714e-01 -8.354884e-03 
 4.022691e-01 -9.034945e-03 
 4.026668e-01 -9.661225e-03 
 4.030645e-01 -1.017798e-02 
 4.034622e-01 -1.054492e-02 
 4.038599e-01 -1.073174e-02 
 4.042576e-01 -1.070315e-02 
 4.046553e-01 -1.046226e-02 
 4.050530e-01 -1.002476e-02 
 4.054507e-01 -9.421880e-03 
 4.058484e-01 -8.678608e-03 
 4.062461e-01 -7.871051e-03 
 4.066438e-01 -7.083369e-03 
 4.070415e-01 -6.365915e-03 
 4.074392e-01 -5.745629e-03 
 4.078369e-01 -5.241529e-03 
 4.082346e-01 -4.858423e-03 
 4.086323e-01 -4.592799e-03 
 4.090300e-01 -4.429702e-03 
 4.094276e-01 -4.374599e-03 
 4.098253e-01 -4.409650e-03 
 4.102230e-01 -4.519180e-03 
 4.106207e-01 -4.695344e-03 
 4.110184e-01 -4.893929e-03 
 4.114161e-01 -5.086216e-03 
 4.118138e-01 -5.246049e-03 
 4.122115e-01 -5.333990e-03 
 4.126092e-01 -5.334472e-03 
 4.130069e-01 -5.238556e-03 
 4.134046e-01 -5.042657e-03 
 4.138023e-01 -4.769741e-03 
 4.142000e-01 -4.415149e-03 
 4.145977e-01 -4.004058e-03 
 4.149954e-01 -3.585266e-03 
 4.153931e-01 -3.204509e-03 
 4.157908e-01 -2.917631e-03 
 4.161885e-01 -2.734480e-03 
 4.165862e-01 -2.672097e-03 
 4.169839e-01 -2.720541e-03 
 4.173816e-01 -2.863134e-03 
 4.177793e-01 -3.114551e-03 
 4.181770e-01 -3.478360e-03 
 4.185746e-01 -3.930189e-03 
 4.189723e-01 -4.439456e-03 
 4.193700e-01 -4.967454e-03 
 4.197677e-01 -5.490558e-03 
 4.201654e-01 -5.974342e-03 
 4.205631e-01 -6.367130e-03 
 4.209608e-01 -6.628126e-03 
 4.213585e-01 -6.737565e-03 
 4.217562e-01 -6.687926e-03 
 4.221539e-01 -6.469611e-03 
 4.225516e-01 -6.038201e-03 
 4.229493e-01 -5.338809e-03 
 4.233470e-01 -4.354047e-03 
 4.237447e-01 -3.075211e-03 
 4.241424e-01 -1.515396e-03 
 4.245401e-01  2.952785e-04 
 4.249378e-01  2.286305e-03 
 4.253355e-01  4.427240e-03 
 4.257332e-01  6.666834e-03 
 4.261309e-01  8.940258e-03 
 4.265286e-01  1.124278e-02 
 4.269263e-01  1.351960e-02 
 4.273240e-01  1.576856e-02 
 4.277216e-01  1.794851e-02 
 4.281193e-01  2.005077e-02 
 4.285170e-01  2.208046e-02 
 4.289147e-01  2.403760e-02 
 4.293124e-01  2.592020e-02 
 4.297101e-01  2.775058e-02 
 4.301078e-01  2.953511e-02 
 4.305055e-01  3.126833e-02 
 4.309032e-01  3.297041e-02 
 4.313009e-01  3.469005e-02 
 4.316986e-01  3.644378e-02 
 4.320963e-01  3.825374e-02 
 4.324940e-01  4.015422e-02 
 4.328917e-01  4.213804e-02 
 4.332894e-01  4.422927e-02 
 4.336871e-01  4.640161e-02 
 4.340848e-01  4.863683e-02 
 4.344825e-01  5.088872e-02 
 4.348802e-01  5.309552e-02 
 4.352779e-01  5.520184e-02 
 4.356756e-01  5.713340e-02 
 4.360733e-01  5.881956e-02 
 4.364710e-01  6.026883e-02 
 4.368686e-01  6.147543e-02 
 4.372663e-01  6.239815e-02 
 4.376640e-01  6.295081e-02 
 4.380617e-01  6.315153e-02 
 4.384594e-01  6.300492e-02 
 4.388571e-01  6.248294e-02 
 4.392548e-01  6.165883e-02 
 4.396525e-01  6.052542e-02 
 4.400502e-01  5.921765e-02 
 4.404479e-01  5.767766e-02 
 4.408456e-01  5.600845e-02 
 4.412433e-01  5.425789e-02 
 4.416410e-01  5.238760e-02 
 4.420387e-01  5.054336e-02 
 4.424364e-01  4.869760e-02 
 4.428341e-01  4.688273e-02 
 4.432318e-01  4.510002e-02 
 4.436295e-01  4.327858e-02 
 4.440272e-01  4.142951e-02 
 4.444249e-01  3.951056e-02 
 4.448226e-01  3.755074e-02 
 4.452203e-01  3.548086e-02 
 4.456180e-01  3.325696e-02 
 4.460156e-01  3.087033e-02 
 4.464133e-01  2.833729e-02 
 4.468110e-01  2.566549e-02 
 4.472087e-01  2.284686e-02 
 4.476064e-01  1.994599e-02 
 4.480041e-01  1.701060e-02 
 4.484018e-01  1.402343e-02 
 4.487995e-01  1.107584e-02 
 4.491972e-01  8.206184e-03 
 4.495949e-01  5.492859e-03 
 4.499926e-01  2.946243e-03 
 4.503903e-01  5.587098e-04 
 4.507880e-01 -1.626392e-03 
 4.511857e-01 -3.609379e-03 
 4.515834e-01 -5.359640e-03 
 4.519811e-01 -6.806602e-03 
 4.523788e-01 -7.918638e-03 
 4.527765e-01 -8.691078e-03 
 4.531742e-01 -9.189373e-03 
 4.535719e-01 -9.441277e-03 
 4.539696e-01 -9.492266e-03 
 4.543673e-01 -9.434090e-03 
 4.547650e-01 -9.281422e-03 
 4.551626e-01 -9.074229e-03 
 4.555603e-01 -8.808749e-03 
 4.559580e-01 -8.518813e-03 
 4.563557e-01 -8.254500e-03 
 4.567534e-01 -7.994982e-03 
 4.571511e-01 -7.791806e-03 
 4.575488e-01 -7.641593e-03 
 4.579465e-01 -7.552631e-03 
 4.583442e-01 -7.467902e-03 
 4.587419e-01 -7.390333e-03 
 4.591396e-01 -7.340429e-03 
 4.595373e-01 -7.312278e-03 
 4.599350e-01 -7.336435e-03 
 4.603327e-01 -7.374823e-03 
 4.607304e-01 -7.453002e-03 
 4.611281e-01 -7.584297e-03 
 4.615258e-01 -7.711372e-03 
 4.619235e-01 -7.861803e-03 
 4.623212e-01 -8.028227e-03 
 4.627189e-01 -8.257526e-03 
 4.631166e-01 -8.598151e-03 
 4.635143e-01 -9.035733e-03 
 4.639119e-01 -9.624783e-03 
 4.643096e-01 -1.035270e-02 
 4.647073e-01 -1.119622e-02 
 4.651050e-01 -1.213535e-02 
 4.655027e-01 -1.319148e-02 
 4.659004e-01 -1.436320e-02 
 4.662981e-01 -1.564246e-02 
 4.666958e-01 -1.698757e-02 
 4.670935e-01 -1.838928e-02 
 4.674912e-01 -1.980376e-02 
 4.678889e-01 -2.116572e-02 
 4.682866e-01 -2.238955e-02 
 4.686843e-01 -2.349130e-02 
 4.690820e-01 -2.446466e-02 
 4.694797e-01 -2.534286e-02 
 4.698774e-01 -2.612437e-02 
 4.702751e-01 -2.678940e-02 
 4.706728e-01 -2.729394e-02 
 4.710705e-01 -2.755747e-02 
 4.714682e-01 -2.754852e-02 
 4.718659e-01 -2.730130e-02 
 4.722636e-01 -2.680733e-02 
 4.726613e-01 -2.612004e-02 
 4.730589e-01 -2.524098e-02 
 4.734566e-01 -2.419764e-02 
 4.738543e-01 -2.300373e-02 
 4.742520e-01 -2.172369e-02 
 4.746497e-01 -2.038928e-02 
 4.750474e-01 -1.904946e-02 
 4.754451e-01 -1.775176e-02 
 4.758428e-01 -1.646755e-02 
 4.762405e-01 -1.521167e-02 
 4.766382e-01 -1.392328e-02 
 4.770359e-01 -1.256115e-02 
 4.774336e-01 -1.106205e-02 
 4.778313e-01 -9.382180e-03 
 4.782290e-01 -7.535786e-03 
 4.786267e-01 -5.496761e-03 
 4.790244e-01 -3.278569e-03 
 4.794221e-01 -8.670769e-04 
 4.798198e-01  1.734892e-03 
 4.802175e-01  4.549617e-03 
 4.806152e-01  7.566737e-03 
 4.810129e-01  1.073081e-02 
 4.814106e-01  1.401963e-02 
 4.818083e-01  1.735208e-02 
 4.822059e-01  2.066316e-02 
 4.826036e-01  2.389740e-02 
 4.830013e-01  2.698260e-02 
 4.833990e-01  2.989066e-02 
 4.837967e-01  3.259563e-02 
 4.841944e-01  3.505762e-02 
 4.845921e-01  3.725487e-02 
 4.849898e-01  3.916687e-02 
 4.853875e-01  4.078963e-02 
 4.857852e-01  4.217110e-02 
 4.861829e-01  4.336960e-02 
 4.865806e-01  4.442292e-02 
 4.869783e-01  4.539147e-02 
 4.873760e-01  4.628349e-02 
 4.877737e-01  4.704249e-02 
 4.881714e-01  4.770541e-02 
 4.885691e-01  4.822700e-02 
 4.889668e-01  4.861439e-02 
 4.893645e-01  4.887316e-02 
 4.897622e-01  4.897161e-02 
 4.901599e-01  4.889656e-02 
 4.905576e-01  4.858627e-02 
 4.909553e-01  4.803047e-02 
 4.913529e-01  4.719660e-02 
 4.917506e-01  4.607667e-02 
 4.921483e-01  4.467793e-02 
 4.925460e-01  4.302257e-02 
 4.929437e-01  4.109799e-02 
 4.933414e-01  3.888731e-02 
 4.937391e-01  3.637667e-02 
 4.941368e-01  3.358762e-02 
 4.945345e-01  3.051982e-02 
 4.949322e-01  2.721291e-02 
 4.953299e-01  2.372639e-02 
 4.957276e-01  2.009962e-02 
 4.961253e-01  1.640816e-02 
 4.965230e-01  1.267135e-02 
 4.969207e-01  8.972629e-03 
 4.973184e-01  5.385745e-03 
 4.977161e-01  1.922438e-03 
 4.981138e-01 -1.375884e-03 
 4.985115e-01 -4.503251e-03 
 4.989092e-01 -7.434399e-03 
 4.993069e-01 -1.013490e-02 
 4.997046e-01 -1.262523e-02 
 5.001023e-01 -1.487838e-02 
 5.004999e-01 -1.688873e-02 
 5.008976e-01 -1.868810e-02 
 5.012953e-01 -2.028542e-02 
 5.016930e-01 -2.170055e-02 
 5.020907e-01 -2.294978e-02 
 5.024884e-01 -2.406880e-02 
 5.028861e-01 -2.508075e-02 
 5.032838e-01 -2.601147e-02 
 5.036815e-01 -2.686344e-02 
 5.040792e-01 -2.766252e-02 
 5.044769e-01 -2.841933e-02 
 5.048746e-01 -2.914843e-02 
 5.052723e-01 -2.984898e-02 
 5.056700e-01 -3.048598e-02 
 5.060677e-01 -3.102780e-02 
 5.064654e-01 -3.142617e-02 
 5.068631e-01 -3.164182e-02 
 5.072608e-01 -3.167385e-02 
 5.076585e-01 -3.149851e-02 
 5.080562e-01 -3.112083e-02 
 5.084539e-01 -3.051310e-02 
 5.088516e-01 -2.965999e-02 
 5.092493e-01 -2.856169e-02 
 5.096469e-01 -2.722322e-02 
 5.100446e-01 -2.568136e-02 
 5.104423e-01 -2.396476e-02 
 5.108400e-01 -2.210827e-02 
 5.112377e-01 -2.017399e-02 
 5.116354e-01 -1.819864e-02 
 5.120331e-01 -1.625300e-02 
 5.124308e-01 -1.437093e-02 
 5.128285e-01 -1.259822e-02 
 5.132262e-01 -1.097276e-02 
 5.136239e-01 -9.513797e-03 
 5.140216e-01 -8.252232e-03 
 5.144193e-01 -7.183296e-03 
 5.148170e-01 -6.296570e-03 
 5.152147e-01 -5.560370e-03 
 5.156124e-01 -4.908987e-03 
 5.160101e-01 -4.273997e-03 
 5.164078e-01 -3.609524e-03 
 5.168055e-01 -2.891317e-03 
 5.172032e-01 -2.075870e-03 
 5.176009e-01 -1.136585e-03 
 5.179986e-01 -7.420713e-05 
 5.183963e-01  1.097770e-03 
 5.187939e-01  2.381333e-03 
 5.191916e-01  3.769968e-03 
 5.195893e-01  5.218242e-03 
 5.199870e-01  6.655026e-03 
 5.203847e-01  8.032428e-03 
 5.207824e-01  9.302804e-03 
 5.211801e-01  1.042217e-02 
 5.215778e-01  1.138252e-02 
 5.219755e-01  1.218971e-02 
 5.223732e-01  1.283858e-02 
 5.227709e-01  1.331968e-02 
 5.231686e-01  1.359499e-02 
 5.235663e-01  1.368762e-02 
 5.239640e-01  1.362965e-02 
 5.243617e-01  1.345767e-02 
 5.247594e-01  1.323553e-02 
 5.251571e-01  1.304864e-02 
 5.255548e-01  1.295844e-02 
 5.259525e-01  1.300777e-02 
 5.263502e-01  1.322170e-02 
 5.267479e-01  1.360600e-02 
 5.271456e-01  1.417964e-02 
 5.275433e-01  1.494909e-02 
 5.279409e-01  1.592473e-02 
 5.283386e-01  1.712756e-02 
 5.287363e-01  1.854254e-02 
 5.291340e-01  2.016029e-02 
 5.295317e-01  2.192249e-02 
 5.299294e-01  2.376096e-02 
 5.303271e-01  2.564395e-02 
 5.307248e-01  2.755436e-02 
 5.311225e-01  2.949992e-02 
 5.315202e-01  3.147628e-02 
 5.319179e-01  3.346083e-02 
 5.323156e-01  3.540718e-02 
 5.327133e-01  3.730630e-02 
 5.331110e-01  3.913826e-02 
 5.335087e-01  4.091003e-02 
 5.339064e-01  4.262698e-02 
 5.343041e-01  4.433934e-02 
 5.347018e-01  4.604798e-02 
 5.350995e-01  4.776740e-02 
 5.354972e-01  4.947117e-02 
 5.358949e-01  5.114900e-02 
 5.362926e-01  5.278664e-02 
 5.366902e-01  5.438956e-02 
 5.370879e-01  5.597822e-02 
 5.374856e-01  5.757448e-02 
 5.378833e-01  5.917480e-02 
 5.382810e-01  6.075158e-02 
 5.386787e-01  6.224984e-02 
 5.390764e-01  6.361613e-02 
 5.394741e-01  6.481865e-02 
 5.398718e-01  6.585213e-02 
 5.402695e-01  6.673150e-02 
 5.406672e-01  6.748004e-02 
 5.410649e-01  6.808411e-02 
 5.414626e-01  6.849923e-02 
 5.418603e-01  6.866850e-02 
 5.422580e-01  6.855220e-02 
 5.426557e-01  6.813470e-02 
 5.430534e-01  6.739742e-02 
 5.434511e-01  6.637624e-02 
 5.438488e-01  6.507753e-02 
 5.442465e-01  6.348161e-02 
 5.446442e-01  6.177369e-02 
 5.450419e-01  5.991019e-02 
 5.454396e-01  5.795273e-02 
 5.458372e-01  5.600049e-02 
 5.462349e-01  5.407193e-02 
 5.466326e-01  5.220775e-02 
 5.470303e-01  5.043210e-02 
 5.474280e-01  4.877449e-02 
 5.478257e-01  4.720284e-02 
 5.482234e-01  4.570996e-02 
 5.486211e-01  4.427332e-02 
 5.490188e-01  4.283512e-02 
 5.494165e-01  4.136870e-02 
 5.498142e-01  3.986004e-02 
 5.502119e-01  3.830504e-02 
 5.506096e-01  3.667716e-02 
 5.510073e-01  3.489313e-02 
 5.514050e-01  3.291194e-02 
 5.518027e-01  3.071139e-02 
 5.522004e-01  2.826125e-02 
 5.525981e-01  2.563295e-02 
 5.529958e-01  2.291675e-02 
 5.533935e-01  2.014403e-02 
 5.537912e-01  1.742164e-02 
 5.541889e-01  1.477654e-02 
 5.545866e-01  1.227854e-02 
 5.549842e-01  9.914272e-03 
 5.553819e-01  7.687389e-03 
 5.557796e-01  5.654630e-03 
 5.561773e-01  3.798907e-03 
 5.565750e-01  2.107551e-03 
 5.569727e-01  5.864614e-04 
 5.573704e-01 -7.595241e-04 
 5.577681e-01 -1.971718e-03 
 5.581658e-01 -3.112583e-03 
 5.585635e-01 -4.231596e-03 
 5.589612e-01 -5.367275e-03 
 5.593589e-01 -6.564905e-03 
 5.597566e-01 -7.795356e-03 
 5.601543e-01 -9.010162e-03 
 5.605520e-01 -1.021731e-02 
 5.609497e-01 -1.142485e-02 
 5.613474e-01 -1.263469e-02 
 5.617451e-01 -1.380946e-02 
 5.621428e-01 -1.496336e-02 
 5.625405e-01 -1.609879e-02 
 5.629382e-01 -1.719692e-02 
 5.633359e-01 -1.824836e-02 
 5.637336e-01 -1.924824e-02 
 5.641312e-01 -2.021286e-02 
 5.645289e-01 -2.109939e-02 
 5.649266e-01 -2.189970e-02 
 5.653243e-01 -2.260034e-02 
 5.657220e-01 -2.322064e-02 
 5.661197e-01 -2.376362e-02 
 5.665174e-01 -2.422237e-02 
 5.669151e-01 -2.462702e-02 
 5.673128e-01 -2.501210e-02 
 5.677105e-01 -2.539634e-02 
 5.681082e-01 -2.582043e-02 
 5.685059e-01 -2.627525e-02 
 5.689036e-01 -2.676289e-02 
 5.693013e-01 -2.723690e-02 
 5.696990e-01 -2.767335e-02 
 5.700967e-01 -2.810924e-02 
 5.704944e-01 -2.852826e-02 
 5.708921e-01 -2.898058e-02 
 5.712898e-01 -2.947140e-02 
 5.716875e-01 -2.999301e-02 
 5.720852e-01 -3.053269e-02 
 5.724829e-01 -3.111473e-02 
 5.728806e-01 -3.161333e-02 
 5.732782e-01 -3.203342e-02 
 5.736759e-01 -3.234385e-02 
 5.740736e-01 -3.253608e-02 
 5.744713e-01 -3.256983e-02 
 5.748690e-01 -3.244353e-02 
 5.752667e-01 -3.214503e-02 
 5.756644e-01 -3.165578e-02 
 5.760621e-01 -3.087969e-02 
 5.764598e-01 -2.982877e-02 
 5.768575e-01 -2.851837e-02 
 5.772552e-01 -2.697552e-02 
 5.776529e-01 -2.522333e-02 
 5.780506e-01 -2.328708e-02 
 5.784483e-01 -2.123184e-02 
 5.788460e-01 -1.908089e-02 
 5.792437e-01 -1.685612e-02 
 5.796414e-01 -1.459570e-02 
 5.800391e-01 -1.226038e-02 
 5.804368e-01 -9.836400e-03 
 5.808345e-01 -7.388269e-03 
 5.812322e-01 -4.938917e-03 
 5.816299e-01 -2.501232e-03 
 5.820276e-01 -7.329637e-05 
 5.824252e-01  2.409759e-03 
 5.828229e-01  4.881858e-03 
 5.832206e-01  7.292185e-03 
 5.836183e-01  9.681701e-03 
 5.840160e-01  1.212505e-02 
 5.844137e-01  1.464779e-02 
 5.848114e-01  1.727829e-02 
 5.852091e-01  2.002612e-02 
 5.856068e-01  2.288043e-02 
 5.860045e-01  2.583353e-02 
 5.864022e-01  2.882127e-02 
 5.867999e-01  3.172813e-02 
 5.871976e-01  3.454282e-02 
 5.875953e-01  3.716637e-02 
 5.879930e-01  3.953334e-02 
 5.883907e-01  4.165746e-02 
 5.887884e-01  4.357018e-02 
 5.891861e-01  4.526904e-02 
 5.895838e-01  4.678743e-02 
 5.899815e-01  4.804880e-02 
 5.903792e-01  4.901238e-02 
 5.907769e-01  4.965426e-02 
 5.911746e-01  5.000734e-02 
 5.915722e-01  5.009449e-02 
 5.919699e-01  4.997237e-02 
 5.923676e-01  4.966065e-02 
 5.927653e-01  4.920931e-02 
 5.931630e-01  4.862104e-02 
 5.935607e-01  4.795372e-02 
 5.939584e-01  4.724233e-02 
 5.943561e-01  4.646621e-02 
 5.947538e-01  4.559646e-02 
 5.951515e-01  4.466129e-02 
 5.955492e-01  4.363539e-02 
 5.959469e-01  4.248623e-02 
 5.963446e-01  4.116345e-02 
 5.967423e-01  3.960719e-02 
 5.971400e-01  3.780729e-02 
 5.975377e-01  3.578915e-02 
 5.979354e-01  3.354613e-02 
 5.983331e-01  3.109054e-02 
 5.987308e-01  2.843497e-02 
 5.991285e-01  2.559109e-02 
 5.995262e-01  2.256090e-02 
 5.999239e-01  1.937952e-02 
 6.003216e-01  1.607390e-02 
 6.007192e-01  1.273450e-02 
 6.011169e-01  9.399395e-03 
 6.015146e-01  6.094611e-03 
 6.019123e-01  2.854684e-03 
 6.023100e-01 -2.944044e-04 
 6.027077e-01 -3.296153e-03 
 6.031054e-01 -6.166309e-03 
 6.035031e-01 -8.876633e-03 
 6.039008e-01 -1.138012e-02 
 6.042985e-01 -1.364915e-02 
 6.046962e-01 -1.563424e-02 
 6.050939e-01 -1.735109e-02 
 6.054916e-01 -1.881896e-02 
 6.058893e-01 -2.010435e-02 
 6.062870e-01 -2.125816e-02 
 6.066847e-01 -2.228690e-02 
 6.070824e-01 -2.319816e-02 
 6.074801e-01 -2.400665e-02 
 6.078778e-01 -2.474156e-02 
 6.082755e-01 -2.540426e-02 
 6.086732e-01 -2.595536e-02 
 6.090709e-01 -2.642388e-02 
 6.094685e-01 -2.680717e-02 
 6.098662e-01 -2.714684e-02 
 6.102639e-01 -2.747046e-02 
 6.106616e-01 -2.776636e-02 
 6.110593e-01 -2.804737e-02 
 6.114570e-01 -2.829054e-02 
 6.118547e-01 -2.849007e-02 
 6.122524e-01 -2.862180e-02 
 6.126501e-01 -2.865975e-02 
 6.130478e-01 -2.855676e-02 
 6.134455e-01 -2.825452e-02 
 6.138432e-01 -2.771744e-02 
 6.142409e-01 -2.695174e-02 
 6.146386e-01 -2.597866e-02 
 6.150363e-01 -2.482104e-02 
 6.154340e-01 -2.355197e-02 
 6.158317e-01 -2.221096e-02 
 6.162294e-01 -2.085562e-02 
 6.166271e-01 -1.955179e-02 
 6.170248e-01 -1.834717e-02 
 6.174225e-01 -1.728503e-02 
 6.178202e-01 -1.638776e-02 
 6.182179e-01 -1.570005e-02 
 6.186155e-01 -1.524884e-02 
 6.190132e-01 -1.504102e-02 
 6.194109e-01 -1.504680e-02 
 6.198086e-01 -1.522802e-02 
 6.202063e-01 -1.551477e-02 
 6.206040e-01 -1.583379e-02 
 6.210017e-01 -1.613439e-02 
 6.213994e-01 -1.637648e-02 
 6.217971e-01 -1.650634e-02 
 6.221948e-01 -1.646690e-02 
 6.225925e-01 -1.619999e-02 
 6.229902e-01 -1.568714e-02 
 6.233879e-01 -1.488056e-02 
 6.237856e-01 -1.374361e-02 
 6.241833e-01 -1.230017e-02 
 6.245810e-01 -1.060478e-02 
 6.249787e-01 -8.731504e-03 
 6.253764e-01 -6.758647e-03 
 6.257741e-01 -4.763299e-03 
 6.261718e-01 -2.815988e-03 
 6.265695e-01 -9.668214e-04 
 6.269672e-01  7.690251e-04 
 6.273649e-01  2.401055e-03 
 6.277625e-01  3.938927e-03 
 6.281602e-01  5.422966e-03 
 6.285579e-01  6.863199e-03 
 6.289556e-01  8.314364e-03 
 6.293533e-01  9.797700e-03 
 6.297510e-01  1.136076e-02 
 6.301487e-01  1.299927e-02 
 6.305464e-01  1.472190e-02 
 6.309441e-01  1.652797e-02 
 6.313418e-01  1.841688e-02 
 6.317395e-01  2.044172e-02 
 6.321372e-01  2.262164e-02 
 6.325349e-01  2.498623e-02 
 6.329326e-01  2.754424e-02 
 6.333303e-01  3.030045e-02 
 6.337280e-01  3.322031e-02 
 6.341257e-01  3.623839e-02 
 6.345234e-01  3.926618e-02 
 6.349211e-01  4.225264e-02 
 6.353188e-01  4.516046e-02 
 6.357165e-01  4.795261e-02 
 6.361142e-01  5.060149e-02 
 6.365119e-01  5.307861e-02 
 6.369095e-01  5.536230e-02 
 6.373072e-01  5.742901e-02 
 6.377049e-01  5.925840e-02 
 6.381026e-01  6.085280e-02 
 6.385003e-01  6.222751e-02 
 6.388980e-01  6.338370e-02 
 6.392957e-01  6.433235e-02 
 6.396934e-01  6.508630e-02 
 6.400911e-01  6.563170e-02 
 6.404888e-01  6.597905e-02 
 6.408865e-01  6.611969e-02 
 6.412842e-01  6.607853e-02 
 6.416819e-01  6.586234e-02 
 6.420796e-01  6.547047e-02 
 6.424773e-01  6.492792e-02 
 6.428750e-01  6.427903e-02 
 6.432727e-01  6.352963e-02 
 6.436704e-01  6.265066e-02 
 6.440681e-01  6.161977e-02 
 6.444658e-01  6.041760e-02 
 6.448635e-01  5.900945e-02 
 6.452612e-01  5.737029e-02 
 6.456589e-01  5.548140e-02 
 6.460565e-01  5.331598e-02 
 6.464542e-01  5.082415e-02 
 6.468519e-01  4.800289e-02 
 6.472496e-01  4.487263e-02 
 6.476473e-01  4.144555e-02 
 6.480450e-01  3.779406e-02 
 6.484427e-01  3.399002e-02 
 6.488404e-01  3.007998e-02 
 6.492381e-01  2.606746e-02 
 6.496358e-01  2.197117e-02 
 6.500335e-01  1.782607e-02 
 6.504312e-01  1.368061e-02 
 6.508289e-01  9.575897e-03 
 6.512266e-01  5.583688e-03 
 6.516243e-01  1.781931e-03 
 6.520220e-01 -1.765721e-03 
 6.524197e-01 -5.018433e-03 
 6.528174e-01 -7.949023e-03 
 6.532151e-01 -1.055498e-02 
 6.536128e-01 -1.286843e-02 
 6.540105e-01 -1.490797e-02 
 6.544082e-01 -1.669225e-02 
 6.548059e-01 -1.824879e-02 
 6.552035e-01 -1.962245e-02 
 6.556012e-01 -2.087675e-02 
 6.559989e-01 -2.205123e-02 
 6.563966e-01 -2.316293e-02 
 6.567943e-01 -2.421328e-02 
 6.571920e-01 -2.516947e-02 
 6.575897e-01 -2.598516e-02 
 6.579874e-01 -2.661679e-02 
 6.583851e-01 -2.701305e-02 
 6.587828e-01 -2.716290e-02 
 6.591805e-01 -2.708189e-02 
 6.595782e-01 -2.675023e-02 
 6.599759e-01 -2.616946e-02 
 6.603736e-01 -2.532928e-02 
 6.607713e-01 -2.421288e-02 
 6.611690e-01 -2.282987e-02 
 6.615667e-01 -2.119444e-02 
 6.619644e-01 -1.934662e-02 
 6.623621e-01 -1.733454e-02 
 6.627598e-01 -1.517229e-02 
 6.631575e-01 -1.288842e-02 
 6.635552e-01 -1.050824e-02 
 6.639529e-01 -8.082344e-03 
 6.643505e-01 -5.662605e-03 
 6.647482e-01 -3.289182e-03 
 6.651459e-01 -1.038679e-03 
 6.655436e-01  1.018589e-03 
 6.659413e-01  2.846929e-03 
 6.663390e-01  4.464162e-03 
 6.667367e-01  5.893174e-03 
 6.671344e-01  7.192627e-03 
 6.675321e-01  8.416316e-03 
 6.679298e-01  9.601538e-03 
 6.683275e-01  1.070735e-02 
 6.687252e-01  1.170211e-02 
 6.691229e-01  1.255964e-02 
 6.695206e-01  1.329592e-02 
 6.699183e-01  1.391415e-02 
 6.703160e-01  1.440703e-02 
 6.707137e-01  1.477412e-02 
 6.711114e-01  1.500531e-02 
 6.715091e-01  1.510860e-02 
 6.719068e-01  1.511881e-02 
 6.723045e-01  1.504109e-02 
 6.727022e-01  1.488170e-02 
 6.730999e-01  1.462495e-02 
 6.734975e-01  1.425891e-02 
 6.738952e-01  1.375542e-02 
 6.742929e-01  1.307438e-02 
 6.746906e-01  1.218418e-02 
 6.750883e-01  1.110475e-02 
 6.754860e-01  9.813849e-03 
 6.758837e-01  8.359375e-03 
 6.762814e-01  6.781192e-03 
 6.766791e-01  5.134646e-03 
 6.770768e-01  3.472523e-03 
 6.774745e-01  1.837295e-03 
 6.778722e-01  2.591402e-04 
 6.782699e-01 -1.280555e-03 
 6.786676e-01 -2.754748e-03 
 6.790653e-01 -4.141966e-03 
 6.794630e-01 -5.396569e-03 
 6.798607e-01 -6.484776e-03 
 6.802584e-01 -7.395300e-03 
 6.806561e-01 -8.107896e-03 
 6.810538e-01 -8.594908e-03 
 6.814515e-01 -8.854539e-03 
 6.818492e-01 -8.869429e-03 
 6.822468e-01 -8.634243e-03 
 6.826445e-01 -8.138934e-03 
 6.830422e-01 -7.380556e-03 
 6.834399e-01 -6.374099e-03 
 6.838376e-01 -5.166938e-03 
 6.842353e-01 -3.799144e-03 
 6.846330e-01 -2.344714e-03 
 6.850307e-01 -8.602056e-04 
 6.854284e-01  6.038537e-04 
 6.858261e-01  2.021372e-03 
 6.862238e-01  3.407260e-03 
 6.866215e-01  4.792686e-03 
 6.870192e-01  6.205474e-03 
 6.874169e-01  7.666818e-03 
 6.878146e-01  9.173577e-03 
 6.882123e-01  1.076535e-02 
 6.886100e-01  1.246612e-02 
 6.890077e-01  1.427738e-02 
 6.894054e-01  1.620954e-02 
 6.898031e-01  1.825519e-02 
 6.902008e-01  2.038560e-02 
 6.905985e-01  2.257779e-02 
 6.909962e-01  2.479147e-02 
 6.913938e-01  2.700707e-02 
 6.917915e-01  2.918427e-02 
 6.921892e-01  3.127766e-02 
 6.925869e-01  3.324664e-02 
 6.929846e-01  3.501505e-02 
 6.933823e-01  3.651771e-02 
 6.937800e-01  3.768913e-02 
 6.941777e-01  3.847596e-02 
 6.945754e-01  3.882987e-02 
 6.949731e-01  3.871963e-02 
 6.953708e-01  3.816248e-02 
 6.957685e-01  3.721141e-02 
 6.961662e-01  3.595505e-02 
 6.965639e-01  3.447404e-02 
 6.969616e-01  3.282761e-02 
 6.973593e-01  3.107527e-02 
 6.977570e-01  2.924161e-02 
 6.981547e-01  2.734528e-02 
 6.985524e-01  2.540259e-02 
 6.989501e-01  2.341051e-02 
 6.993478e-01  2.137544e-02 
 6.997455e-01  1.929130e-02 
 7.001432e-01  1.716067e-02 
 7.005408e-01  1.494678e-02 
 7.009385e-01  1.264297e-02 
 7.013362e-01  1.024031e-02 
 7.017339e-01  7.742183e-03 
 7.021316e-01  5.151586e-03 
 7.025293e-01  2.475964e-03 
 7.029270e-01 -2.731451e-04 
 7.033247e-01 -3.102302e-03 
 7.037224e-01 -6.035466e-03 
 7.041201e-01 -9.071496e-03 
 7.045178e-01 -1.221720e-02 
 7.049155e-01 -1.544298e-02 
 7.053132e-01 -1.870704e-02 
 7.057109e-01 -2.192687e-02 
 7.061086e-01 -2.502453e-02 
 7.065063e-01 -2.795126e-02 
 7.069040e-01 -3.066990e-02 
 7.073017e-01 -3.314893e-02 
 7.076994e-01 -3.536509e-02 
 7.080971e-01 -3.729094e-02 
 7.084948e-01 -3.888967e-02 
 7.088925e-01 -4.012171e-02 
 7.092902e-01 -4.098985e-02 
 7.096878e-01 -4.151901e-02 
 7.100855e-01 -4.173865e-02 
 7.104832e-01 -4.166418e-02 
 7.108809e-01 -4.131778e-02 
 7.112786e-01 -4.069821e-02 
 7.116763e-01 -3.981007e-02 
 7.120740e-01 -3.864971e-02 
 7.124717e-01 -3.724523e-02 
 7.128694e-01 -3.563707e-02 
 7.132671e-01 -3.387824e-02 
 7.136648e-01 -3.203831e-02 
 7.140625e-01 -3.016741e-02 
 7.144602e-01 -2.826978e-02 
 7.148579e-01 -2.631912e-02 
 7.152556e-01 -2.427115e-02 
 7.156533e-01 -2.207484e-02 
 7.160510e-01 -1.971630e-02 
 7.164487e-01 -1.718010e-02 
 7.168464e-01 -1.447403e-02 
 7.172441e-01 -1.158682e-02 
 7.176418e-01 -8.504735e-03 
 7.180395e-01 -5.222852e-03 
 7.184372e-01 -1.760610e-03 
 7.188348e-01  1.835826e-03 
 7.192325e-01  5.520796e-03 
 7.196302e-01  9.222547e-03 
 7.200279e-01  1.287414e-02 
 7.204256e-01  1.643620e-02 
 7.208233e-01  1.987044e-02 
 7.212210e-01  2.315113e-02 
 7.216187e-01  2.623820e-02 
 7.220164e-01  2.909048e-02 
 7.224141e-01  3.164555e-02 
 7.228118e-01  3.382971e-02 
 7.232095e-01  3.560022e-02 
 7.236072e-01  3.693610e-02 
 7.240049e-01  3.784996e-02 
 7.244026e-01  3.837501e-02 
 7.248003e-01  3.854533e-02 
 7.251980e-01  3.839227e-02 
 7.255957e-01  3.795671e-02 
 7.259934e-01  3.727839e-02 
 7.263911e-01  3.642572e-02 
 7.267888e-01  3.547955e-02 
 7.271865e-01  3.453233e-02 
 7.275842e-01  3.364716e-02 
 7.279818e-01  3.287170e-02 
 7.283795e-01  3.218992e-02 
 7.287772e-01  3.156156e-02 
 7.291749e-01  3.094036e-02 
 7.295726e-01  3.027569e-02 
 7.299703e-01  2.953557e-02 
 7.303680e-01  2.871174e-02 
 7.307657e-01  2.782482e-02 
 7.311634e-01  2.688298e-02 
 7.315611e-01  2.586678e-02 
 7.319588e-01  2.475132e-02 
 7.323565e-01  2.353238e-02 
 7.327542e-01  2.218862e-02 
 7.331519e-01  2.072449e-02 
 7.335496e-01  1.916613e-02 
 7.339473e-01  1.757270e-02 
 7.343450e-01  1.599533e-02 
 7.347427e-01  1.447319e-02 
 7.351404e-01  1.306923e-02 
 7.355381e-01  1.184302e-02 
 7.359358e-01  1.084446e-02 
 7.363335e-01  1.011797e-02 
 7.367312e-01  9.720732e-03 
 7.371288e-01  9.657665e-03 
 7.375265e-01  9.926479e-03 
 7.379242e-01  1.046687e-02 
 7.383219e-01  1.122359e-02 
 7.387196e-01  1.212812e-02 
 7.391173e-01  1.312692e-02 
 7.395150e-01  1.421354e-02 
 7.399127e-01  1.537947e-02 
 7.403104e-01  1.660456e-02 
 7.407081e-01  1.786846e-02 
 7.411058e-01  1.910790e-02 
 7.415035e-01  2.028989e-02 
 7.419012e-01  2.136370e-02 
 7.422989e-01  2.230500e-02 
 7.426966e-01  2.311710e-02 
 7.430943e-01  2.382864e-02 
 7.434920e-01  2.446706e-02 
 7.438897e-01  2.506649e-02 
 7.442874e-01  2.563315e-02 
 7.446851e-01  2.616465e-02 
 7.450828e-01  2.665613e-02 
 7.454805e-01  2.712922e-02 
 7.458782e-01  2.761666e-02 
 7.462758e-01  2.814459e-02 
 7.466735e-01  2.872186e-02 
 7.470712e-01  2.934206e-02 
 7.474689e-01  2.998872e-02 
 7.478666e-01  3.061572e-02 
 7.482643e-01  3.118429e-02 
 7.486620e-01  3.166101e-02 
 7.490597e-01  3.202678e-02 
 7.494574e-01  3.226652e-02 
 7.498551e-01  3.237577e-02 
 7.502528e-01  3.234314e-02 
 7.506505e-01  3.215104e-02 
 7.510482e-01  3.178597e-02 
 7.514459e-01  3.124125e-02 
 7.518436e-01  3.051816e-02 
 7.522413e-01  2.961831e-02 
 7.526390e-01  2.854691e-02 
 7.530367e-01  2.731632e-02 
 7.534344e-01  2.591282e-02 
 7.538321e-01  2.433264e-02 
 7.542298e-01  2.259710e-02 
 7.546275e-01  2.074959e-02 
 7.550251e-01  1.883873e-02 
 7.554228e-01  1.694033e-02 
 7.558205e-01  1.512692e-02 
 7.562182e-01  1.345519e-02 
 7.566159e-01  1.194945e-02 
 7.570136e-01  1.062998e-02 
 7.574113e-01  9.502325e-03 
 7.578090e-01  8.549780e-03 
 7.582067e-01  7.769085e-03 
 7.586044e-01  7.158368e-03 
 7.590021e-01  6.723769e-03 
 7.593998e-01  6.428785e-03 
 7.597975e-01  6.264232e-03 
 7.601952e-01  6.188138e-03 
 7.605929e-01  6.152200e-03 
 7.609906e-01  6.118097e-03 
 7.613883e-01  6.046613e-03 
 7.617860e-01  5.907600e-03 
 7.621837e-01  5.695559e-03 
 7.625814e-01  5.419656e-03 
 7.629791e-01  5.091978e-03 
 7.633768e-01  4.731927e-03 
 7.637745e-01  4.371732e-03 
 7.641721e-01  4.047587e-03 
 7.645698e-01  3.795269e-03 
 7.649675e-01  3.659717e-03 
 7.653652e-01  3.673631e-03 
 7.657629e-01  3.847391e-03 
 7.661606e-01  4.201436e-03 
 7.665583e-01  4.740016e-03 
 7.669560e-01  5.439725e-03 
 7.673537e-01  6.252689e-03 
 7.677514e-01  7.119545e-03 
 7.681491e-01  7.968443e-03 
 7.685468e-01  8.749078e-03 
 7.689445e-01  9.416139e-03 
 7.693422e-01  9.952695e-03 
 7.697399e-01  1.033861e-02 
 7.701376e-01  1.056173e-02 
 7.705353e-01  1.061045e-02 
 7.709330e-01  1.049310e-02 
 7.713307e-01  1.022535e-02 
 7.717284e-01  9.823808e-03 
 7.721261e-01  9.305065e-03 
 7.725238e-01  8.694030e-03 
 7.729215e-01  7.975779e-03 
 7.733191e-01  7.153381e-03 
 7.737168e-01  6.230994e-03 
 7.741145e-01  5.227120e-03 
 7.745122e-01  4.178877e-03 
 7.749099e-01  3.132018e-03 
 7.753076e-01  2.140583e-03 
 7.757053e-01  1.232609e-03 
 7.761030e-01  4.012447e-04 
 7.765007e-01 -3.719929e-04 
 7.768984e-01 -1.142581e-03 
 7.772961e-01 -1.938736e-03 
 7.776938e-01 -2.772675e-03 
 7.780915e-01 -3.626431e-03 
 7.784892e-01 -4.461682e-03 
 7.788869e-01 -5.255015e-03 
 7.792846e-01 -5.993064e-03 
 7.796823e-01 -6.692533e-03 
 7.800800e-01 -7.369544e-03 
 7.804777e-01 -8.070287e-03 
 7.808754e-01 -8.801146e-03 
 7.812731e-01 -9.566842e-03 
 7.816708e-01 -1.035294e-02 
 7.820685e-01 -1.114562e-02 
 7.824661e-01 -1.192095e-02 
 7.828638e-01 -1.268310e-02 
 7.832615e-01 -1.340583e-02 
 7.836592e-01 -1.406384e-02 
 7.840569e-01 -1.461818e-02 
 7.844546e-01 -1.503097e-02 
 7.848523e-01 -1.525470e-02 
 7.852500e-01 -1.525659e-02 
 7.856477e-01 -1.502231e-02 
 7.860454e-01 -1.455506e-02 
 7.864431e-01 -1.386612e-02 
 7.868408e-01 -1.298085e-02 
 7.872385e-01 -1.192451e-02 
 7.876362e-01 -1.068899e-02 
 7.880339e-01 -9.293071e-03 
 7.884316e-01 -7.741862e-03 
 7.888293e-01 -6.057990e-03 
 7.892270e-01 -4.294240e-03 
 7.896247e-01 -2.502322e-03 
 7.900224e-01 -7.114211e-04 
 7.904201e-01  1.053380e-03 
 7.908178e-01  2.795568e-03 
 7.912155e-01  4.531373e-03 
 7.916131e-01  6.251407e-03 
 7.920108e-01  7.912722e-03 
 7.924085e-01  9.473806e-03 
 7.928062e-01  1.092113e-02 
 7.932039e-01  1.225299e-02 
 7.936016e-01  1.352585e-02 
 7.939993e-01  1.479855e-02 
 7.943970e-01  1.613643e-02 
 7.947947e-01  1.756068e-02 
 7.951924e-01  1.908813e-02 
 7.955901e-01  2.068895e-02 
 7.959878e-01  2.231112e-02 
 7.963855e-01  2.389424e-02 
 7.967832e-01  2.539914e-02 
 7.971809e-01  2.678194e-02 
 7.975786e-01  2.800283e-02 
 7.979763e-01  2.903281e-02 
 7.983740e-01  2.982562e-02 
 7.987717e-01  3.033988e-02 
 7.991694e-01  3.052853e-02 
 7.995671e-01  3.036475e-02 
 7.999648e-01  2.985925e-02 
 8.003625e-01  2.903774e-02 
 8.007601e-01  2.792359e-02 
 8.011578e-01  2.653798e-02 
 8.015555e-01  2.491075e-02 
 8.019532e-01  2.306286e-02 
 8.023509e-01  2.103697e-02 
 8.027486e-01  1.889622e-02 
 8.031463e-01  1.670694e-02 
 8.035440e-01  1.455344e-02 
 8.039417e-01  1.248392e-02 
 8.043394e-01  1.053567e-02 
 8.047371e-01  8.701686e-03 
 8.051348e-01  6.955998e-03 
 8.055325e-01  5.280746e-03 
 8.059302e-01  3.641740e-03 
 8.063279e-01  2.049799e-03 
 8.067256e-01  4.968585e-04 
 8.071233e-01 -1.034535e-03 
 8.075210e-01 -2.559655e-03 
 8.079187e-01 -4.110112e-03 
 8.083164e-01 -5.712886e-03 
 8.087141e-01 -7.365537e-03 
 8.091118e-01 -9.036417e-03 
 8.095095e-01 -1.068032e-02 
 8.099071e-01 -1.223170e-02 
 8.103048e-01 -1.364640e-02 
 8.107025e-01 -1.491030e-02 
 8.111002e-01 -1.602452e-02 
 8.114979e-01 -1.701126e-02 
 8.118956e-01 -1.786541e-02 
 8.122933e-01 -1.855667e-02 
 8.126910e-01 -1.905981e-02 
 8.130887e-01 -1.932892e-02 
 8.134864e-01 -1.932963e-02 
 8.138841e-01 -1.905066e-02 
 8.142818e-01 -1.849708e-02 
 8.146795e-01 -1.768760e-02 
 8.150772e-01 -1.664009e-02 
 8.154749e-01 -1.538417e-02 
 8.158726e-01 -1.396314e-02 
 8.162703e-01 -1.240906e-02 
 8.166680e-01 -1.077692e-02 
 8.170657e-01 -9.116344e-03 
 8.174634e-01 -7.468514e-03 
 8.178611e-01 -5.858843e-03 
 8.182588e-01 -4.314555e-03 
 8.186564e-01 -2.835617e-03 
 8.190541e-01 -1.430284e-03 
 8.194518e-01 -1.003858e-04 
 8.198495e-01  1.154436e-03 
 8.202472e-01  2.312336e-03 
 8.206449e-01  3.378024e-03 
 8.210426e-01  4.356014e-03 
 8.214403e-01  5.248112e-03 
 8.218380e-01  6.079296e-03 
 8.222357e-01  6.885034e-03 
 8.226334e-01  7.688991e-03 
 8.230311e-01  8.516177e-03 
 8.234288e-01  9.374743e-03 
 8.238265e-01  1.026590e-02 
 8.242242e-01  1.116400e-02 
 8.246219e-01  1.204532e-02 
 8.250196e-01  1.288859e-02 
 8.254173e-01  1.367460e-02 
 8.258150e-01  1.436567e-02 
 8.262127e-01  1.492512e-02 
 8.266104e-01  1.531472e-02 
 8.270081e-01  1.549100e-02 
 8.274058e-01  1.540734e-02 
 8.278034e-01  1.504199e-02 
 8.282011e-01  1.437778e-02 
 8.285988e-01  1.342569e-02 
 8.289965e-01  1.221767e-02 
 8.293942e-01  1.081259e-02 
 8.297919e-01  9.265191e-03 
 8.301896e-01  7.624735e-03 
 8.305873e-01  5.911844e-03 
 8.309850e-01  4.170212e-03 
 8.313827e-01  2.438597e-03 
 8.317804e-01  7.604939e-04 
 8.321781e-01 -8.107061e-04 
 8.325758e-01 -2.202479e-03 
 8.329735e-01 -3.355689e-03 
 8.333712e-01 -4.217724e-03 
 8.337689e-01 -4.758197e-03 
 8.341666e-01 -4.966687e-03 
 8.345643e-01 -4.872153e-03 
 8.349620e-01 -4.529400e-03 
 8.353597e-01 -3.986758e-03 
 8.357574e-01 -3.298936e-03 
 8.361551e-01 -2.517858e-03 
 8.365528e-01 -1.678710e-03 
 8.369504e-01 -8.176922e-04 
 8.373481e-01  4.903638e-05 
 8.377458e-01  9.072129e-04 
 8.381435e-01  1.776584e-03 
 8.385412e-01  2.692360e-03 
 8.389389e-01  3.689023e-03 
 8.393366e-01  4.813443e-03 
 8.397343e-01  6.087298e-03 
 8.401320e-01  7.519101e-03 
 8.405297e-01  9.086697e-03 
 8.409274e-01  1.079930e-02 
 8.413251e-01  1.264331e-02 
 8.417228e-01  1.462137e-02 
 8.421205e-01  1.675123e-02 
 8.425182e-01  1.902908e-02 
 8.429159e-01  2.144247e-02 
 8.433136e-01  2.395409e-02 
 8.437113e-01  2.648745e-02 
 8.441090e-01  2.899122e-02 
 8.445067e-01  3.142975e-02 
 8.449044e-01  3.375587e-02 
 8.453021e-01  3.593209e-02 
 8.456998e-01  3.792958e-02 
 8.460974e-01  3.971181e-02 
 8.464951e-01  4.124829e-02 
 8.468928e-01  4.250187e-02 
 8.472905e-01  4.345754e-02 
 8.476882e-01  4.411495e-02 
 8.480859e-01  4.446673e-02 
 8.484836e-01  4.453771e-02 
 8.488813e-01  4.437107e-02 
 8.492790e-01  4.397250e-02 
 8.496767e-01  4.335058e-02 
 8.500744e-01  4.250337e-02 
 8.504721e-01  4.142583e-02 
 8.508698e-01  4.011979e-02 
 8.512675e-01  3.862017e-02 
 8.516652e-01  3.697110e-02 
 8.520629e-01  3.523239e-02 
 8.524606e-01  3.344666e-02 
 8.528583e-01  3.165274e-02 
 8.532560e-01  2.987656e-02 
 8.536537e-01  2.811178e-02 
 8.540514e-01  2.635994e-02 
 8.544491e-01  2.461477e-02 
 8.548468e-01  2.286912e-02 
 8.552444e-01  2.109069e-02 
 8.556421e-01  1.925662e-02 
 8.560398e-01  1.735216e-02 
 8.564375e-01  1.534266e-02 
 8.568352e-01  1.321020e-02 
 8.572329e-01  1.094964e-02 
 8.576306e-01  8.601047e-03 
 8.580283e-01  6.205875e-03 
 8.584260e-01  3.795243e-03 
 8.588237e-01  1.396847e-03 
 8.592214e-01 -9.979958e-04 
 8.596191e-01 -3.378326e-03 
 8.600168e-01 -5.725235e-03 
 8.604145e-01 -8.001883e-03 
 8.608122e-01 -1.013922e-02 
 8.612099e-01 -1.208249e-02 
 8.616076e-01 -1.376044e-02 
 8.620053e-01 -1.514642e-02 
 8.624030e-01 -1.620668e-02 
 8.628007e-01 -1.693351e-02 
 8.631984e-01 -1.731709e-02 
 8.635961e-01 -1.736957e-02 
 8.639938e-01 -1.709971e-02 
 8.643914e-01 -1.653434e-02 
 8.647891e-01 -1.569308e-02 
 8.651868e-01 -1.463875e-02 
 8.655845e-01 -1.341953e-02 
 8.659822e-01 -1.210779e-02 
 8.663799e-01 -1.073778e-02 
 8.667776e-01 -9.325465e-03 
 8.671753e-01 -7.883682e-03 
 8.675730e-01 -6.391180e-03 
 8.679707e-01 -4.839270e-03 
 8.683684e-01 -3.221368e-03 
 8.687661e-01 -1.543662e-03 
 8.691638e-01  2.033528e-04 
 8.695615e-01  2.014384e-03 
 8.699592e-01  3.892871e-03 
 8.703569e-01  5.831844e-03 
 8.707546e-01  7.822907e-03 
 8.711523e-01  9.875831e-03 
 8.715500e-01  1.198042e-02 
 8.719477e-01  1.412013e-02 
 8.723454e-01  1.629119e-02 
 8.727431e-01  1.846116e-02 
 8.731408e-01  2.060058e-02 
 8.735384e-01  2.267660e-02 
 8.739361e-01  2.462676e-02 
 8.743338e-01  2.639024e-02 
 8.747315e-01  2.789455e-02 
 8.751292e-01  2.906604e-02 
 8.755269e-01  2.985822e-02 
 8.759246e-01  3.024155e-02 
 8.763223e-01  3.021847e-02 
 8.767200e-01  2.983871e-02 
 8.771177e-01  2.914244e-02 
 8.775154e-01  2.815907e-02 
 8.779131e-01  2.692364e-02 
 8.783108e-01  2.544307e-02 
 8.787085e-01  2.372378e-02 
 8.791062e-01  2.177318e-02 
 8.795039e-01  1.961095e-02 
 8.799016e-01  1.726988e-02 
 8.802993e-01  1.478597e-02 
 8.806970e-01  1.219455e-02 
 8.810947e-01  9.542078e-03 
 8.814924e-01  6.849162e-03 
 8.818901e-01  4.151079e-03 
 8.822878e-01  1.487232e-03 
 8.826854e-01 -1.121936e-03 
 8.830831e-01 -3.636341e-03 
 8.834808e-01 -6.034835e-03 
 8.838785e-01 -8.301793e-03 
 8.842762e-01 -1.044714e-02 
 8.846739e-01 -1.248641e-02 
 8.850716e-01 -1.444631e-02 
 8.854693e-01 -1.633060e-02 
 8.858670e-01 -1.813275e-02 
 8.862647e-01 -1.984166e-02 
 8.866624e-01 -2.142778e-02 
 8.870601e-01 -2.287452e-02 
 8.874578e-01 -2.415893e-02 
 8.878555e-01 -2.527351e-02 
 8.882532e-01 -2.618648e-02 
 8.886509e-01 -2.688001e-02 
 8.890486e-01 -2.733556e-02 
 8.894463e-01 -2.753922e-02 
 8.898440e-01 -2.747638e-02 
 8.902417e-01 -2.713447e-02 
 8.906394e-01 -2.650766e-02 
 8.910371e-01 -2.559597e-02 
 8.914347e-01 -2.438470e-02 
 8.918324e-01 -2.287537e-02 
 8.922301e-01 -2.107374e-02 
 8.926278e-01 -1.899270e-02 
 8.930255e-01 -1.665564e-02 
 8.934232e-01 -1.411090e-02 
 8.938209e-01 -1.140963e-02 
 8.942186e-01 -8.638570e-03 
 8.946163e-01 -5.862459e-03 
 8.950140e-01 -3.170745e-03 
 8.954117e-01 -5.961386e-04 
 8.958094e-01  1.841817e-03 
 8.962071e-01  4.135909e-03 
 8.966048e-01  6.309108e-03 
 8.970025e-01  8.375974e-03 
 8.974002e-01  1.033394e-02 
 8.977979e-01  1.218378e-02 
 8.981956e-01  1.391565e-02 
 8.985933e-01  1.552824e-02 
 8.989910e-01  1.703632e-02 
 8.993887e-01  1.844075e-02 
 8.997864e-01  1.973556e-02 
 9.001841e-01  2.093597e-02 
 9.005817e-01  2.206166e-02 
 9.009794e-01  2.310315e-02 
 9.013771e-01  2.405688e-02 
 9.017748e-01  2.491760e-02 
 9.021725e-01  2.565295e-02 
 9.025702e-01  2.623727e-02 
 9.029679e-01  2.662995e-02 
 9.033656e-01  2.678353e-02 
 9.037633e-01  2.665795e-02 
 9.041610e-01  2.618803e-02 
 9.045587e-01  2.534181e-02 
 9.049564e-01  2.408583e-02 
 9.053541e-01  2.244220e-02 
 9.057518e-01  2.045582e-02 
 9.061495e-01  1.816248e-02 
 9.065472e-01  1.564123e-02 
 9.069449e-01  1.296741e-02 
 9.073426e-01  1.019603e-02 
 9.077403e-01  7.390560e-03 
 9.081380e-01  4.598438e-03 
 9.085357e-01  1.850239e-03 
 9.089334e-01 -8.194574e-04 
 9.093311e-01 -3.376893e-03 
 9.097287e-01 -5.811493e-03 
 9.101264e-01 -8.104574e-03 
 9.105241e-01 -1.026471e-02 
 9.109218e-01 -1.229758e-02 
 9.113195e-01 -1.421642e-02 
 9.117172e-01 -1.601620e-02 
 9.121149e-01 -1.768785e-02 
 9.125126e-01 -1.920859e-02 
 9.129103e-01 -2.057941e-02 
 9.133080e-01 -2.181172e-02 
 9.137057e-01 -2.291215e-02 
 9.141034e-01 -2.390064e-02 
 9.145011e-01 -2.476700e-02 
 9.148988e-01 -2.549129e-02 
 9.152965e-01 -2.601272e-02 
 9.156942e-01 -2.628128e-02 
 9.160919e-01 -2.625715e-02 
 9.164896e-01 -2.591767e-02 
 9.168873e-01 -2.526481e-02 
 9.172850e-01 -2.428873e-02 
 9.176827e-01 -2.300781e-02 
 9.180804e-01 -2.143565e-02 
 9.184781e-01 -1.956981e-02 
 9.188757e-01 -1.744515e-02 
 9.192734e-01 -1.509302e-02 
 9.196711e-01 -1.256213e-02 
 9.200688e-01 -9.882165e-03 
 9.204665e-01 -7.067656e-03 
 9.208642e-01 -4.156153e-03 
 9.212619e-01 -1.162288e-03 
 9.216596e-01  1.884349e-03 
 9.220573e-01  4.943324e-03 
 9.224550e-01  7.982322e-03 
 9.228527e-01  1.095787e-02 
 9.232504e-01  1.380096e-02 
 9.236481e-01  1.645357e-02 
 9.240458e-01  1.887893e-02 
 9.244435e-01  2.105855e-02 
 9.248412e-01  2.295923e-02 
 9.252389e-01  2.460902e-02 
 9.256366e-01  2.601122e-02 
 9.260343e-01  2.719813e-02 
 9.264320e-01  2.817502e-02 
 9.268297e-01  2.897224e-02 
 9.272274e-01  2.962320e-02 
 9.276251e-01  3.014653e-02 
 9.280227e-01  3.058128e-02 
 9.284204e-01  3.091708e-02 
 9.288181e-01  3.116323e-02 
 9.292158e-01  3.130323e-02 
 9.296135e-01  3.131733e-02 
 9.300112e-01  3.119457e-02 
 9.304089e-01  3.093048e-02 
 9.308066e-01  3.052171e-02 
 9.312043e-01  2.997557e-02 
 9.316020e-01  2.929013e-02 
 9.319997e-01  2.846559e-02 
 9.323974e-01  2.746067e-02 
 9.327951e-01  2.625858e-02 
 9.331928e-01  2.482605e-02 
 9.335905e-01  2.315486e-02 
 9.339882e-01  2.124511e-02 
 9.343859e-01  1.913062e-02 
 9.347836e-01  1.683070e-02 
 9.351813e-01  1.439200e-02 
 9.355790e-01  1.187742e-02 
 9.359767e-01  9.330530e-03 
 9.363744e-01  6.825649e-03 
 9.367721e-01  4.426987e-03 
 9.371697e-01  2.188784e-03 
 9.375674e-01  1.468471e-04 
 9.379651e-01 -1.677194e-03 
 9.383628e-01 -3.292391e-03 
 9.387605e-01 -4.679821e-03 
 9.391582e-01 -5.841790e-03 
 9.395559e-01 -6.771815e-03 
 9.399536e-01 -7.476232e-03 
 9.403513e-01 -7.948504e-03 
 9.407490e-01 -8.195988e-03 
 9.411467e-01 -8.241310e-03 
 9.415444e-01 -8.116105e-03 
 9.419421e-01 -7.861273e-03 
 9.423398e-01 -7.524129e-03 
 9.427375e-01 -7.149679e-03 
 9.431352e-01 -6.744423e-03 
 9.435329e-01 -6.319966e-03 
 9.439306e-01 -5.848315e-03 
 9.443283e-01 -5.314032e-03 
 9.447260e-01 -4.695075e-03 
 9.451237e-01 -3.963533e-03 
 9.455214e-01 -3.100005e-03 
 9.459191e-01 -2.072310e-03 
 9.463167e-01 -8.300037e-04 
 9.467144e-01  6.523047e-04 
 9.471121e-01  2.393529e-03 
 9.475098e-01  4.368059e-03 
 9.479075e-01  6.537102e-03 
 9.483052e-01  8.850434e-03 
 9.487029e-01  1.125505e-02 
 9.491006e-01  1.370931e-02 
 9.494983e-01  1.618260e-02 
 9.498960e-01  1.865105e-02 
 9.502937e-01  2.110057e-02 
 9.506914e-01  2.350783e-02 
 9.510891e-01  2.585954e-02 
 9.514868e-01  2.813054e-02 
 9.518845e-01  3.029355e-02 
 9.522822e-01  3.232611e-02 
 9.526799e-01  3.420296e-02 
 9.530776e-01  3.589748e-02 
 9.534753e-01  3.738526e-02 
 9.538730e-01  3.864629e-02 
 9.542707e-01  3.966767e-02 
 9.546684e-01  4.045477e-02 
 9.550661e-01  4.102531e-02 
 9.554637e-01  4.140908e-02 
 9.558614e-01  4.165357e-02 
 9.562591e-01  4.179238e-02 
 9.566568e-01  4.185456e-02 
 9.570545e-01  4.183987e-02 
 9.574522e-01  4.175057e-02 
 9.578499e-01  4.160514e-02 
 9.582476e-01  4.140982e-02 
 9.586453e-01  4.119120e-02 
 9.590430e-01  4.096351e-02 
 9.594407e-01  4.072356e-02 
 9.598384e-01  4.047944e-02 
 9.602361e-01  4.022881e-02 
 9.606338e-01  3.996887e-02 
 9.610315e-01  3.967954e-02 
 9.614292e-01  3.934477e-02 
 9.618269e-01  3.892788e-02 
 9.622246e-01  3.840521e-02 
 9.626223e-01  3.776472e-02 
 9.630200e-01  3.698924e-02 
 9.634177e-01  3.608485e-02 
 9.638154e-01  3.504730e-02 
 9.642130e-01  3.389498e-02 
 9.646107e-01  3.265193e-02 
 9.650084e-01  3.135776e-02 
 9.654061e-01  3.006191e-02 
 9.658038e-01  2.880559e-02 
 9.662015e-01  2.763504e-02 
 9.665992e-01  2.658876e-02 
 9.669969e-01  2.566182e-02 
 9.673946e-01  2.486961e-02 
 9.677923e-01  2.421520e-02 
 9.681900e-01  2.367846e-02 
 9.685877e-01  2.324828e-02 
 9.689854e-01  2.290202e-02 
 9.693831e-01  2.261167e-02 
 9.697808e-01  2.236473e-02 
 9.701785e-01  2.214786e-02 
 9.705762e-01  2.193325e-02 
 9.709739e-01  2.168966e-02 
 9.713716e-01  2.137978e-02 
 9.717693e-01  2.096663e-02 
 9.721670e-01  2.040783e-02 
 9.725647e-01  1.966028e-02 
 9.729624e-01  1.871708e-02 
 9.733600e-01  1.757478e-02 
 9.737577e-01  1.623825e-02 
 9.741554e-01  1.473759e-02 
 9.745531e-01  1.311958e-02 
 9.749508e-01  1.144260e-02 
 9.753485e-01  9.754403e-03 
 9.757462e-01  8.104371e-03 
 9.761439e-01  6.520966e-03 
 9.765416e-01  5.013667e-03 
 9.769393e-01  3.571264e-03 
 9.773370e-01  2.187546e-03 
 9.777347e-01  8.368537e-04 
 9.781324e-01 -4.933027e-04 
 9.785301e-01 -1.829356e-03 
 9.789278e-01 -3.181379e-03 
 9.793255e-01 -4.561249e-03 
 9.797232e-01 -6.002076e-03 
 9.801209e-01 -7.517894e-03 
 9.805186e-01 -9.157173e-03 
 9.809163e-01 -1.092530e-02 
 9.813140e-01 -1.282418e-02 
 9.817117e-01 -1.485569e-02 
 9.821094e-01 -1.701732e-02 
 9.825070e-01 -1.929069e-02 
 9.829047e-01 -2.165556e-02 
 9.833024e-01 -2.407387e-02 
 9.837001e-01 -2.648396e-02 
 9.840978e-01 -2.887949e-02 
 9.844955e-01 -3.117771e-02 
 9.848932e-01 -3.334627e-02 
 9.852909e-01 -3.531456e-02 
 9.856886e-01 -3.706857e-02 
 9.860863e-01 -3.859854e-02 
 9.864840e-01 -3.985665e-02 
 9.868817e-01 -4.085409e-02 
 9.872794e-01 -4.158470e-02 
 9.876771e-01 -4.210224e-02 
 9.880748e-01 -4.240020e-02 
 9.884725e-01 -4.244480e-02 
 9.888702e-01 -4.226936e-02 
 9.892679e-01 -4.188612e-02 
 9.896656e-01 -4.132343e-02 
 9.900633e-01 -4.055873e-02 
 9.904610e-01 -3.961086e-02 
 9.908587e-01 -3.843331e-02 
 9.912564e-01 -3.704749e-02 
 9.916540e-01 -3.548976e-02 
 9.920517e-01 -3.379915e-02 
 9.924494e-01 -3.200875e-02 
 9.928471e-01 -3.008079e-02 
 9.932448e-01 -2.802046e-02 
 9.936425e-01 -2.587614e-02 
 9.940402e-01 -2.369491e-02 
 9.944379e-01 -2.142492e-02 
 9.948356e-01 -1.897527e-02 
 9.952333e-01 -1.630098e-02 
 9.956310e-01 -1.341936e-02 
 9.960287e-01 -1.035976e-02 
 9.964264e-01 -7.148812e-03 
 9.968241e-01 -3.837807e-03 
 9.972218e-01 -4.750953e-04 
 9.976195e-01  2.914744e-03 
 9.980172e-01  6.348839e-03 
 9.984149e-01  9.732920e-03 
 9.988126e-01  1.301944e-02 
 9.992103e-01  1.615855e-02 
 9.996080e-01  1.916313e-02 
 1.000006e+00  2.200970e-02 
 1.000403e+00  2.470656e-02 
 1.000801e+00  2.718172e-02 
 1.001199e+00  2.940490e-02 
 1.001596e+00  3.135722e-02 
 1.001994e+00  3.303109e-02 
 1.002392e+00  3.443006e-02 
 1.002790e+00  3.553978e-02 
 1.003187e+00  3.637533e-02 
 1.003585e+00  3.696013e-02 
 1.003983e+00  3.736931e-02 
 1.004380e+00  3.767146e-02 
 1.004778e+00  3.789774e-02 
 1.005176e+00  3.803932e-02 
 1.005573e+00  3.807540e-02 
 1.005971e+00  3.803484e-02 
 1.006369e+00  3.791619e-02 
 1.006766e+00  3.772243e-02 
 1.007164e+00  3.741770e-02 
 1.007562e+00  3.697122e-02 
 1.007960e+00  3.639829e-02 
 1.008357e+00  3.568877e-02 
 1.008755e+00  3.484200e-02 
 1.009153e+00  3.383073e-02 
 1.009550e+00  3.267668e-02 
 1.009948e+00  3.137987e-02 
 1.010346e+00  2.992803e-02 
 1.010743e+00  2.833338e-02 
 1.011141e+00  2.661142e-02 
 1.011539e+00  2.478414e-02 
 1.011937e+00  2.285863e-02 
 1.012334e+00  2.086047e-02 
 1.012732e+00  1.883108e-02 
 1.013130e+00  1.685349e-02 
 1.013527e+00  1.500026e-02 
 1.013925e+00  1.332307e-02 
 1.014323e+00  1.181923e-02 
 1.014720e+00  1.050397e-02 
 1.015118e+00  9.384777e-03 
 1.015516e+00  8.456772e-03 
 1.015913e+00  7.662879e-03 
 1.016311e+00  6.953241e-03 
 1.016709e+00  6.294542e-03 
 1.017107e+00  5.687361e-03 
 1.017504e+00  5.120414e-03 
 1.017902e+00  4.571427e-03 
 1.018300e+00  4.008166e-03 
 1.018697e+00  3.410891e-03 
 1.019095e+00  2.823396e-03 
 1.019493e+00  2.264919e-03 
 1.019890e+00  1.774634e-03 
 1.020288e+00  1.343373e-03 
 1.020686e+00  9.293740e-04 
 1.021084e+00  5.433057e-04 
 1.021481e+00  1.752820e-04 
 1.021879e+00 -1.625098e-04 
 1.022277e+00 -4.794048e-04 
 1.022674e+00 -7.725330e-04 
 1.023072e+00 -1.061287e-03 
 1.023470e+00 -1.350792e-03 
 1.023867e+00 -1.613348e-03 
 1.024265e+00 -1.824316e-03 
 1.024663e+00 -1.978040e-03 
 1.025060e+00 -2.122083e-03 
 1.025458e+00 -2.251117e-03 
 1.025856e+00 -2.390651e-03 
 1.026254e+00 -2.556544e-03 
 1.026651e+00 -2.772645e-03 
 1.027049e+00 -3.083835e-03 
 1.027447e+00 -3.532360e-03 
 1.027844e+00 -4.157011e-03 
 1.028242e+00 -4.953068e-03 
 1.028640e+00 -5.897467e-03 
 1.029037e+00 -6.975886e-03 
 1.029435e+00 -8.216987e-03 
 1.029833e+00 -9.634099e-03 
 1.030231e+00 -1.122105e-02 
 1.030628e+00 -1.294193e-02 
 1.031026e+00 -1.478051e-02 
 1.031424e+00 -1.670325e-02 
 1.031821e+00 -1.868748e-02 
 1.032219e+00 -2.072068e-02 
 1.032617e+00 -2.272981e-02 
 1.033014e+00 -2.465342e-02 
 1.033412e+00 -2.642739e-02 
 1.033810e+00 -2.804718e-02 
 1.034207e+00 -2.947166e-02 
 1.034605e+00 -3.065479e-02 
 1.035003e+00 -3.158946e-02 
 1.035401e+00 -3.230323e-02 
 1.035798e+00 -3.280848e-02 
 1.036196e+00 -3.314291e-02 
 1.036594e+00 -3.332837e-02 
 1.036991e+00 -3.338239e-02 
 1.037389e+00 -3.329781e-02 
 1.037787e+00 -3.305336e-02 
 1.038184e+00 -3.263532e-02 
 1.038582e+00 -3.204952e-02 
 1.038980e+00 -3.128624e-02 
 1.039378e+00 -3.034705e-02 
 1.039775e+00 -2.923186e-02 
 1.040173e+00 -2.794070e-02 
 1.040571e+00 -2.647111e-02 
 1.040968e+00 -2.483851e-02 
 1.041366e+00 -2.305149e-02 
 1.041764e+00 -2.112626e-02 
 1.042161e+00 -1.902476e-02 
 1.042559e+00 -1.673617e-02 
 1.042957e+00 -1.425210e-02 
 1.043354e+00 -1.155186e-02 
 1.043752e+00 -8.607619e-03 
 1.044150e+00 -5.421029e-03 
 1.044548e+00 -1.996254e-03 
 1.044945e+00  1.613260e-03 
 1.045343e+00  5.342434e-03 
 1.045741e+00  9.142946e-03 
 1.046138e+00  1.297096e-02 
 1.046536e+00  1.675846e-02 
 1.046934e+00  2.043829e-02 
 1.047331e+00  2.397782e-02 
 1.047729e+00  2.734909e-02 
 1.048127e+00  3.054570e-02 
 1.048525e+00  3.355554e-02 
 1.048922e+00  3.635965e-02 
 1.049320e+00  3.896156e-02 
 1.049718e+00  4.134312e-02 
 1.050115e+00  4.351789e-02 
 1.050513e+00  4.549541e-02 
 1.050911e+00  4.730124e-02 
 1.051308e+00  4.894645e-02 
 1.051706e+00  5.045448e-02 
 1.052104e+00  5.186038e-02 
 1.052501e+00  5.318861e-02 
 1.052899e+00  5.447112e-02 
 1.053297e+00  5.570365e-02 
 1.053695e+00  5.686786e-02 
 1.054092e+00  5.792407e-02 
 1.054490e+00  5.885436e-02 
 1.054888e+00  5.962492e-02 
 1.055285e+00  6.019195e-02 
 1.055683e+00  6.052153e-02 
 1.056081e+00  6.058825e-02 
 1.056478e+00  6.033876e-02 
 1.056876e+00  5.978583e-02 
 1.057274e+00  5.895088e-02 
 1.057672e+00  5.783093e-02 
 1.058069e+00  5.648755e-02 
 1.058467e+00  5.492025e-02 
 1.058865e+00  5.316491e-02 
 1.059262e+00  5.124450e-02 
 1.059660e+00  4.917636e-02 
 1.060058e+00  4.698726e-02 
 1.060455e+00  4.466314e-02 
 1.060853e+00  4.222227e-02 
 1.061251e+00  3.970820e-02 
 1.061648e+00  3.712190e-02 
 1.062046e+00  3.448231e-02 
 1.062444e+00  3.183850e-02 
 1.062842e+00  2.923838e-02 
 1.063239e+00  2.671500e-02 
 1.063637e+00  2.429275e-02 
 1.064035e+00  2.201513e-02 
 1.064432e+00  1.989199e-02 
 1.064830e+00  1.793822e-02 
 1.065228e+00  1.612542e-02 
 1.065625e+00  1.443388e-02 
 1.066023e+00  1.285204e-02 
 1.066421e+00  1.132395e-02 
 1.066819e+00  9.861581e-03 
 1.067216e+00  8.480775e-03 
 1.067614e+00  7.182968e-03 
 1.068012e+00  5.959495e-03 
 1.068409e+00  4.793816e-03 
 1.068807e+00  3.711364e-03 
 1.069205e+00  2.726510e-03 
 1.069602e+00  1.816397e-03 
 1.070000e+00  1.009637e-03 
 1.070398e+00  3.107500e-04 
 1.070795e+00 -2.768571e-04 
 1.071193e+00 -7.441775e-04 
 1.071591e+00 -1.090852e-03 
 1.071989e+00 -1.301026e-03 
 1.072386e+00 -1.364282e-03 
 1.072784e+00 -1.264781e-03 
 1.073182e+00 -9.910612e-04 
 1.073579e+00 -5.558162e-04 
 1.073977e+00  7.983204e-06 
 1.074375e+00  6.549106e-04 
 1.074772e+00  1.324434e-03 
 1.075170e+00  1.944541e-03 
 1.075568e+00  2.465115e-03 
 1.075966e+00  2.855064e-03 
 1.076363e+00  3.093719e-03 
 1.076761e+00  3.152168e-03 
 1.077159e+00  2.986580e-03 
 1.077556e+00  2.616863e-03 
 1.077954e+00  2.041863e-03 
 1.078352e+00  1.283081e-03 
 1.078749e+00  3.882521e-04 
 1.079147e+00 -6.472889e-04 
 1.079545e+00 -1.818268e-03 
 1.079942e+00 -3.103411e-03 
 1.080340e+00 -4.470875e-03 
 1.080738e+00 -5.888917e-03 
 1.081136e+00 -7.352216e-03 
 1.081533e+00 -8.837479e-03 
 1.081931e+00 -1.032672e-02 
 1.082329e+00 -1.178943e-02 
 1.082726e+00 -1.320708e-02 
 1.083124e+00 -1.457409e-02 
 1.083522e+00 -1.591562e-02 
 1.083919e+00 -1.726958e-02 
 1.084317e+00 -1.864587e-02 
 1.084715e+00 -2.005797e-02 
 1.085113e+00 -2.152628e-02 
 1.085510e+00 -2.306852e-02 
 1.085908e+00 -2.465803e-02 
 1.086306e+00 -2.624286e-02 
 1.086703e+00 -2.781006e-02 
 1.087101e+00 -2.932502e-02 
 1.087499e+00 -3.074815e-02 
 1.087896e+00 -3.206506e-02 
 1.088294e+00 -3.325042e-02 
 1.088692e+00 -3.428065e-02 
 1.089089e+00 -3.512628e-02 
 1.089487e+00 -3.575738e-02 
 1.089885e+00 -3.618466e-02 
 1.090283e+00 -3.642520e-02 
 1.090680e+00 -3.648733e-02 
 1.091078e+00 -3.636047e-02 
 1.091476e+00 -3.603565e-02 
 1.091873e+00 -3.548630e-02 
 1.092271e+00 -3.472473e-02 
 1.092669e+00 -3.374864e-02 
 1.093066e+00 -3.256765e-02 
 1.093464e+00 -3.118599e-02 
 1.093862e+00 -2.958731e-02 
 1.094260e+00 -2.777336e-02 
 1.094657e+00 -2.578065e-02 
 1.095055e+00 -2.360598e-02 
 1.095453e+00 -2.126378e-02 
 1.095850e+00 -1.876762e-02 
 1.096248e+00 -1.614336e-02 
 1.096646e+00 -1.341579e-02 
 1.097043e+00 -1.059865e-02 
 1.097441e+00 -7.688212e-03 
 1.097839e+00 -4.661887e-03 
 1.098236e+00 -1.535379e-03 
 1.098634e+00  1.681379e-03 
 1.099032e+00  4.970349e-03 
 1.099430e+00  8.306055e-03 
 1.099827e+00  1.166841e-02 
 1.100225e+00  1.503228e-02 
 1.100623e+00  1.835602e-02 
 1.101020e+00  2.165002e-02 
 1.101418e+00  2.490919e-02 
 1.101816e+00  2.811711e-02 
 1.102213e+00  3.125811e-02 
 1.102611e+00  3.432134e-02 
 1.103009e+00  3.726949e-02 
 1.103407e+00  4.006199e-02 
 1.103804e+00  4.264667e-02 
 1.104202e+00  4.497718e-02 
 1.104600e+00  4.701941e-02 
 1.104997e+00  4.873456e-02 
 1.105395e+00  5.011178e-02 
 1.105793e+00  5.111507e-02 
 1.106190e+00  5.174196e-02 
 1.106588e+00  5.202735e-02 
 1.106986e+00  5.199945e-02 
 1.107383e+00  5.168313e-02 
 1.107781e+00  5.109547e-02 
 1.108179e+00  5.023952e-02 
 1.108577e+00  4.913150e-02 
 1.108974e+00  4.777644e-02 
 1.109372e+00  4.616811e-02 
 1.109770e+00  4.431383e-02 
 1.110167e+00  4.222998e-02 
 1.110565e+00  3.994534e-02 
 1.110963e+00  3.748754e-02 
 1.111360e+00  3.489268e-02 
 1.111758e+00  3.218420e-02 
 1.112156e+00  2.938157e-02 
 1.112554e+00  2.649302e-02 
 1.112951e+00  2.353504e-02 
 1.113349e+00  2.051923e-02 
 1.113747e+00  1.745559e-02 
 1.114144e+00  1.435358e-02 
 1.114542e+00  1.121549e-02 
 1.114940e+00  8.053054e-03 
 1.115337e+00  4.870041e-03 
 1.115735e+00  1.663763e-03 
 1.116133e+00 -1.524594e-03 
 1.116530e+00 -4.658391e-03 
 1.116928e+00 -7.702092e-03 
 1.117326e+00 -1.061854e-02 
 1.117724e+00 -1.338162e-02 
 1.118121e+00 -1.596866e-02 
 1.118519e+00 -1.836785e-02 
 1.118917e+00 -2.056378e-02 
 1.119314e+00 -2.255945e-02 
 1.119712e+00 -2.432447e-02 
 1.120110e+00 -2.582846e-02 
 1.120507e+00 -2.707785e-02 
 1.120905e+00 -2.808710e-02 
 1.121303e+00 -2.887511e-02 
 1.121701e+00 -2.944988e-02 
 1.122098e+00 -2.982074e-02 
 1.122496e+00 -3.001133e-02 
 1.122894e+00 -3.004651e-02 
 1.123291e+00 -2.994848e-02 
 1.123689e+00 -2.974490e-02 
 1.124087e+00 -2.946073e-02 
 1.124484e+00 -2.912039e-02 
 1.124882e+00 -2.871695e-02 
 1.125280e+00 -2.825597e-02 
 1.125677e+00 -2.770819e-02 
 1.126075e+00 -2.704362e-02 
 1.126473e+00 -2.622488e-02 
 1.126871e+00 -2.525085e-02 
 1.127268e+00 -2.414955e-02 
 1.127666e+00 -2.294375e-02 
 1.128064e+00 -2.164909e-02 
 1.128461e+00 -2.029405e-02 
 1.128859e+00 -1.889547e-02 
 1.129257e+00 -1.746810e-02 
 1.129654e+00 -1.604739e-02 
 1.130052e+00 -1.463796e-02 
 1.130450e+00 -1.326525e-02 
 1.130848e+00 -1.196004e-02 
 1.131245e+00 -1.072624e-02 
 1.131643e+00 -9.563341e-03 
 1.132041e+00 -8.462451e-03 
 1.132438e+00 -7.412912e-03 
 1.132836e+00 -6.436639e-03 
 1.133234e+00 -5.542680e-03 
 1.133631e+00 -4.746486e-03 
 1.134029e+00 -4.062700e-03 
 1.134427e+00 -3.494436e-03 
 1.134824e+00 -3.058940e-03 
 1.135222e+00 -2.749863e-03 
 1.135620e+00 -2.561682e-03 
 1.136018e+00 -2.504129e-03 
 1.136415e+00 -2.556188e-03 
 1.136813e+00 -2.709558e-03 
 1.137211e+00 -2.946387e-03 
 1.137608e+00 -3.249745e-03 
 1.138006e+00 -3.596059e-03 
 1.138404e+00 -3.956793e-03 
 1.138801e+00 -4.300361e-03 
 1.139199e+00 -4.613994e-03 
 1.139597e+00 -4.873029e-03 
 1.139995e+00 -5.074545e-03 
 1.140392e+00 -5.211527e-03 
 1.140790e+00 -5.254691e-03 
 1.141188e+00 -5.167315e-03 
 1.141585e+00 -4.910029e-03 
 1.141983e+00 -4.478916e-03 
 1.142381e+00 -3.883861e-03 
 1.142778e+00 -3.153528e-03 
 1.143176e+00 -2.332507e-03 
 1.143574e+00 -1.448163e-03 
 1.143971e+00 -5.296962e-04 
 1.144369e+00  4.014594e-04 
 1.144767e+00  1.346942e-03 
 1.145165e+00  2.349991e-03 
 1.145562e+00  3.452762e-03 
 1.145960e+00  4.686114e-03 
 1.146358e+00  6.070036e-03 
 1.146755e+00  7.618554e-03 
 1.147153e+00  9.350942e-03 
 1.147551e+00  1.125968e-02 
 1.147948e+00  1.336008e-02 
 1.148346e+00  1.565408e-02 
 1.148744e+00  1.812239e-02 
 1.149142e+00  2.076487e-02 
 1.149539e+00  2.352614e-02 
 1.149937e+00  2.637460e-02 
 1.150335e+00  2.928027e-02 
 1.150732e+00  3.221563e-02 
 1.151130e+00  3.513673e-02 
 1.151528e+00  3.799704e-02 
 1.151925e+00  4.072988e-02 
 1.152323e+00  4.327340e-02 
 1.152721e+00  4.558724e-02 
 1.153118e+00  4.762826e-02 
 1.153516e+00  4.937412e-02 
 1.153914e+00  5.082945e-02 
 1.154312e+00  5.201819e-02 
 1.154709e+00  5.296274e-02 
 1.155107e+00  5.368482e-02 
 1.155505e+00  5.421633e-02 
 1.155902e+00  5.458876e-02 
 1.156300e+00  5.482475e-02 
 1.156698e+00  5.494206e-02 
 1.157095e+00  5.494790e-02 
 1.157493e+00  5.483730e-02 
 1.157891e+00  5.460780e-02 
 1.158289e+00  5.424621e-02 
 1.158686e+00  5.373662e-02 
 1.159084e+00  5.305736e-02 
 1.159482e+00  5.218967e-02 
 1.159879e+00  5.111735e-02 
 1.160277e+00  4.986244e-02 
 1.160675e+00  4.845648e-02 
 1.161072e+00  4.690170e-02 
 1.161470e+00  4.522019e-02 
 1.161868e+00  4.342122e-02 
 1.162265e+00  4.152067e-02 
 1.162663e+00  3.951357e-02 
 1.163061e+00  3.741915e-02 
 1.163459e+00  3.525201e-02 
 1.163856e+00  3.300594e-02 
 1.164254e+00  3.070769e-02 
 1.164652e+00  2.836418e-02 
 1.165049e+00  2.601037e-02 
 1.165447e+00  2.367105e-02 
 1.165845e+00  2.136004e-02 
 1.166242e+00  1.909801e-02 
 1.166640e+00  1.687204e-02 
 1.167038e+00  1.466401e-02 
 1.167436e+00  1.248635e-02 
 1.167833e+00  1.033493e-02 
 1.168231e+00  8.205586e-03 
 1.168629e+00  6.100687e-03 
 1.169026e+00  4.025085e-03 
 1.169424e+00  2.011277e-03 
 1.169822e+00  7.025264e-05 
 1.170219e+00 -1.784209e-03 
 1.170617e+00 -3.550435e-03 
 1.171015e+00 -5.237256e-03 
 1.171412e+00 -6.848187e-03 
 1.171810e+00 -8.401061e-03 
 1.172208e+00 -9.905125e-03 
 1.172606e+00 -1.137663e-02 
 1.173003e+00 -1.283655e-02 
 1.173401e+00 -1.429403e-02 
 1.173799e+00 -1.572562e-02 
 1.174196e+00 -1.711302e-02 
 1.174594e+00 -1.842193e-02 
 1.174992e+00 -1.961336e-02 
 1.175389e+00 -2.066584e-02 
 1.175787e+00 -2.154263e-02 
 1.176185e+00 -2.221718e-02 
 1.176583e+00 -2.268787e-02 
 1.176980e+00 -2.294069e-02 
 1.177378e+00 -2.299249e-02 
 1.177776e+00 -2.285277e-02 
 1.178173e+00 -2.253807e-02 
 1.178571e+00 -2.209673e-02 
 1.178969e+00 -2.155740e-02 
 1.179366e+00 -2.094800e-02 
 1.179764e+00 -2.029850e-02 
 1.180162e+00 -1.962329e-02 
 1.180559e+00 -1.893496e-02 
 1.180957e+00 -1.823870e-02 
 1.181355e+00 -1.753647e-02 
 1.181753e+00 -1.687537e-02 
 1.182150e+00 -1.627819e-02 
 1.182548e+00 -1.576778e-02 
 1.182946e+00 -1.536740e-02 
 1.183343e+00 -1.507835e-02 
 1.183741e+00 -1.488126e-02 
 1.184139e+00 -1.474134e-02 
 1.184536e+00 -1.462331e-02 
 1.184934e+00 -1.449683e-02 
 1.185332e+00 -1.432628e-02 
 1.185730e+00 -1.409014e-02 
 1.186127e+00 -1.378692e-02 
 1.186525e+00 -1.339092e-02 
 1.186923e+00 -1.290703e-02 
 1.187320e+00 -1.233965e-02 
 1.187718e+00 -1.170567e-02 
 1.188116e+00 -1.103596e-02 
 1.188513e+00 -1.035860e-02 
 1.188911e+00 -9.675045e-03 
 1.189309e+00 -8.981302e-03 
 1.189706e+00 -8.270486e-03 
 1.190104e+00 -7.535913e-03 
 1.190502e+00 -6.809008e-03 
 1.190900e+00 -6.105586e-03 
 1.191297e+00 -5.457829e-03 
 1.191695e+00 -4.891603e-03 
 1.192093e+00 -4.401582e-03 
 1.192490e+00 -3.974767e-03 
 1.192888e+00 -3.568414e-03 
 1.193286e+00 -3.146320e-03 
 1.193683e+00 -2.689292e-03 
 1.194081e+00 -2.169364e-03 
 1.194479e+00 -1.579843e-03 
 1.194877e+00 -9.140413e-04 
 1.195274e+00 -1.522040e-04 
 1.195672e+00  7.120736e-04 
 1.196070e+00  1.687989e-03 
 1.196467e+00  2.761691e-03 
 1.196865e+00  3.913499e-03 
 1.197263e+00  5.108189e-03 
 1.197660e+00  6.321361e-03 
 1.198058e+00  7.537972e-03 
 1.198456e+00  8.748489e-03 
 1.198853e+00  9.951203e-03 
 1.199251e+00  1.115022e-02 
 1.199649e+00  1.234571e-02 
 1.200047e+00  1.355128e-02 
 1.200444e+00  1.477431e-02 
 1.200842e+00  1.600541e-02 
 1.201240e+00  1.722107e-02 
 1.201637e+00  1.841196e-02 
 1.202035e+00  1.957131e-02 
 1.202433e+00  2.067140e-02 
 1.202830e+00  2.171242e-02 
 1.203228e+00  2.267187e-02 
 1.203626e+00  2.353688e-02 
 1.204024e+00  2.430288e-02 
 1.204421e+00  2.496291e-02 
 1.204819e+00  2.554445e-02 
 1.205217e+00  2.605339e-02 
 1.205614e+00  2.651624e-02 
 1.206012e+00  2.695834e-02 
 1.206410e+00  2.737193e-02 
 1.206807e+00  2.773880e-02 
 1.207205e+00  2.803736e-02 
 1.207603e+00  2.826263e-02 
 1.208000e+00  2.842582e-02 
 1.208398e+00  2.854385e-02 
 1.208796e+00  2.863732e-02 
 1.209194e+00  2.870871e-02 
 1.209591e+00  2.874755e-02 
 1.209989e+00  2.873759e-02 
 1.210387e+00  2.863927e-02 
 1.210784e+00  2.842570e-02 
 1.211182e+00  2.807398e-02 
 1.211580e+00  2.755967e-02 
 1.211977e+00  2.685879e-02 
 1.212375e+00  2.594935e-02 
 1.212773e+00  2.482406e-02 
 1.213171e+00  2.343473e-02 
 1.213568e+00  2.181932e-02 
 1.213966e+00  1.999154e-02 
 1.214364e+00  1.799180e-02 
 1.214761e+00  1.587865e-02 
 1.215159e+00  1.368748e-02 
 1.215557e+00  1.144914e-02 
 1.215954e+00  9.169344e-03 
 1.216352e+00  6.864480e-03 
 1.216750e+00  4.534778e-03 
 1.217147e+00  2.197649e-03 
 1.217545e+00 -1.210633e-04 
 1.217943e+00 -2.408532e-03 
 1.218341e+00 -4.662255e-03 
 1.218738e+00 -6.890023e-03 
 1.219136e+00 -9.103761e-03 
 1.219534e+00 -1.130770e-02 
 1.219931e+00 -1.350053e-02 
 1.220329e+00 -1.568042e-02 
 1.220727e+00 -1.783361e-02 
 1.221124e+00 -1.995598e-02 
 1.221522e+00 -2.204725e-02 
 1.221920e+00 -2.411126e-02 
 1.222318e+00 -2.613409e-02 
 1.222715e+00 -2.809543e-02 
 1.223113e+00 -2.994188e-02 
 1.223511e+00 -3.163011e-02 
 1.223908e+00 -3.308937e-02 
 1.224306e+00 -3.428506e-02 
 1.224704e+00 -3.520028e-02 
 1.225101e+00 -3.582873e-02 
 1.225499e+00 -3.618190e-02 
 1.225897e+00 -3.629307e-02 
 1.226294e+00 -3.618620e-02 
 1.226692e+00 -3.588589e-02 
 1.227090e+00 -3.541818e-02 
 1.227488e+00 -3.481669e-02 
 1.227885e+00 -3.410681e-02 
 1.228283e+00 -3.331683e-02 
 1.228681e+00 -3.246049e-02 
 1.229078e+00 -3.154658e-02 
 1.229476e+00 -3.057304e-02 
 1.229874e+00 -2.953288e-02 
 1.230271e+00 -2.840740e-02 
 1.230669e+00 -2.721088e-02 
 1.231067e+00 -2.594307e-02 
 1.231465e+00 -2.461380e-02 
 1.231862e+00 -2.327647e-02 
 1.232260e+00 -2.191337e-02 
 1.232658e+00 -2.051133e-02 
 1.233055e+00 -1.906672e-02 
 1.233453e+00 -1.757569e-02 
 1.233851e+00 -1.604442e-02 
 1.234248e+00 -1.447891e-02 
 1.234646e+00 -1.290405e-02 
 1.235044e+00 -1.134879e-02 
 1.235441e+00 -9.828588e-03 
 1.235839e+00 -8.330166e-03 
 1.236237e+00 -6.846615e-03 
 1.236635e+00 -5.370102e-03 
 1.237032e+00 -3.889724e-03 
 1.237430e+00 -2.405685e-03 
 1.237828e+00 -9.374905e-04 
 1.238225e+00  5.013069e-04 
 1.238623e+00  1.917360e-03 
 1.239021e+00  3.316531e-03 
 1.239418e+00  4.708984e-03 
 1.239816e+00  6.083944e-03 
 1.240214e+00  7.429961e-03 
 1.240612e+00  8.730625e-03 
 1.241009e+00  9.958717e-03 
 1.241407e+00  1.109325e-02 
 1.241805e+00  1.212834e-02 
 1.242202e+00  1.307220e-02 
 1.242600e+00  1.393431e-02 
 1.242998e+00  1.474006e-02 
 1.243395e+00  1.551322e-02 
 1.243793e+00  1.627796e-02 
 1.244191e+00  1.705541e-02 
 1.244588e+00  1.786045e-02 
 1.244986e+00  1.869976e-02 
 1.245384e+00  1.958979e-02 
 1.245782e+00  2.053003e-02 
 1.246179e+00  2.150898e-02 
 1.246577e+00  2.248298e-02 
 1.246975e+00  2.340374e-02 
 1.247372e+00  2.425536e-02 
 1.247770e+00  2.500966e-02 
 1.248168e+00  2.567164e-02 
 1.248565e+00  2.624978e-02 
 1.248963e+00  2.677040e-02 
 1.249361e+00  2.723732e-02 
 1.249759e+00  2.766924e-02 
 1.250156e+00  2.807588e-02 
 1.250554e+00  2.845923e-02 
 1.250952e+00  2.883172e-02 
 1.251349e+00  2.919786e-02 
 1.251747e+00  2.957672e-02 
 1.252145e+00  3.000165e-02 
 1.252542e+00  3.049045e-02 
 1.252940e+00  3.107729e-02 
 1.253338e+00  3.177968e-02 
 1.253735e+00  3.261043e-02 
 1.254133e+00  3.355570e-02 
 1.254531e+00  3.460128e-02 
 1.254929e+00  3.571691e-02 
 1.255326e+00  3.688137e-02 
 1.255724e+00  3.806114e-02 
 1.256122e+00  3.919614e-02 
 1.256519e+00  4.026291e-02 
 1.256917e+00  4.120538e-02 
 1.257315e+00  4.200317e-02 
 1.257712e+00  4.261316e-02 
 1.258110e+00  4.302728e-02 
 1.258508e+00  4.323870e-02 
 1.258906e+00  4.325130e-02 
 1.259303e+00  4.306835e-02 
 1.259701e+00  4.270472e-02 
 1.260099e+00  4.215529e-02 
 1.260496e+00  4.143074e-02 
 1.260894e+00  4.055538e-02 
 1.261292e+00  3.955680e-02 
 1.261689e+00  3.845761e-02 
 1.262087e+00  3.729881e-02 
 1.262485e+00  3.608303e-02 
 1.262882e+00  3.481770e-02 
 1.263280e+00  3.348498e-02 
 1.263678e+00  3.208506e-02 
 1.264076e+00  3.060622e-02 
 1.264473e+00  2.903938e-02 
 1.264871e+00  2.738615e-02 
 1.265269e+00  2.564057e-02 
 1.265666e+00  2.380574e-02 
 1.266064e+00  2.186215e-02 
 1.266462e+00  1.981737e-02 
 1.266859e+00  1.767091e-02 
 1.267257e+00  1.544021e-02 
 1.267655e+00  1.314684e-02 
 1.268053e+00  1.083305e-02 
 1.268450e+00  8.532420e-03 
 1.268848e+00  6.279909e-03 
 1.269246e+00  4.093185e-03 
 1.269643e+00  2.009016e-03 
 1.270041e+00  3.667045e-05 
 1.270439e+00 -1.813132e-03 
 1.270836e+00 -3.549564e-03 
 1.271234e+00 -5.169891e-03 
 1.271632e+00 -6.681587e-03 
 1.272029e+00 -8.077716e-03 
 1.272427e+00 -9.358438e-03 
 1.272825e+00 -1.053573e-02 
 1.273223e+00 -1.161656e-02 
 1.273620e+00 -1.260641e-02 
 1.274018e+00 -1.351855e-02 
 1.274416e+00 -1.433019e-02 
 1.274813e+00 -1.504832e-02 
 1.275211e+00 -1.568500e-02 
 1.275609e+00 -1.623421e-02 
 1.276006e+00 -1.670451e-02 
 1.276404e+00 -1.709417e-02 
 1.276802e+00 -1.740058e-02 
 1.277200e+00 -1.762213e-02 
 1.277597e+00 -1.775097e-02 
 1.277995e+00 -1.779921e-02 
 1.278393e+00 -1.778071e-02 
 1.278790e+00 -1.770655e-02 
 1.279188e+00 -1.759793e-02 
 1.279586e+00 -1.747801e-02 
 1.279983e+00 -1.736390e-02 
 1.280381e+00 -1.724357e-02 
 1.280779e+00 -1.712717e-02 
 1.281176e+00 -1.698532e-02 
 1.281574e+00 -1.681955e-02 
 1.281972e+00 -1.662374e-02 
 1.282370e+00 -1.640810e-02 
 1.282767e+00 -1.617808e-02 
 1.283165e+00 -1.591519e-02 
 1.283563e+00 -1.559580e-02 
 1.283960e+00 -1.520342e-02 
 1.284358e+00 -1.470728e-02 
 1.284756e+00 -1.408925e-02 
 1.285153e+00 -1.335567e-02 
 1.285551e+00 -1.251660e-02 
 1.285949e+00 -1.159417e-02 
 1.286347e+00 -1.060599e-02 
 1.286744e+00 -9.557490e-03 
 1.287142e+00 -8.463020e-03 
 1.287540e+00 -7.333033e-03 
 1.287937e+00 -6.185687e-03 
 1.288335e+00 -5.037479e-03 
 1.288733e+00 -3.905037e-03 
 1.289130e+00 -2.804379e-03 
 1.289528e+00 -1.749293e-03 
 1.289926e+00 -7.368910e-04 
 1.290323e+00  2.408362e-04 
 1.290721e+00  1.196270e-03 
 1.291119e+00  2.143924e-03 
 1.291517e+00  3.082844e-03 
 1.291914e+00  4.018583e-03 
 1.292312e+00  4.956357e-03 
 1.292710e+00  5.883250e-03 
 1.293107e+00  6.825976e-03 
 1.293505e+00  7.778678e-03 
 1.293903e+00  8.724670e-03 
 1.294300e+00  9.637028e-03 
 1.294698e+00  1.047676e-02 
 1.295096e+00  1.121202e-02 
 1.295494e+00  1.182897e-02 
 1.295891e+00  1.233687e-02 
 1.296289e+00  1.276597e-02 
 1.296687e+00  1.313741e-02 
 1.297084e+00  1.349298e-02 
 1.297482e+00  1.384003e-02 
 1.297880e+00  1.420551e-02 
 1.298277e+00  1.460884e-02 
 1.298675e+00  1.504389e-02 
 1.299073e+00  1.553141e-02 
 1.299470e+00  1.607948e-02 
 1.299868e+00  1.671525e-02 
 1.300266e+00  1.743571e-02 
 1.300664e+00  1.823015e-02 
 1.301061e+00  1.908455e-02 
 1.301459e+00  1.994657e-02 
 1.301857e+00  2.077881e-02 
 1.302254e+00  2.155197e-02 
 1.302652e+00  2.224044e-02 
 1.303050e+00  2.283044e-02 
 1.303447e+00  2.333174e-02 
 1.303845e+00  2.372018e-02 
 1.304243e+00  2.400322e-02 
 1.304641e+00  2.418754e-02 
 1.305038e+00  2.429208e-02 
 1.305436e+00  2.435193e-02 
 1.305834e+00  2.439233e-02 
 1.306231e+00  2.442573e-02 
 1.306629e+00  2.445011e-02 
 1.307027e+00  2.443631e-02 
 1.307424e+00  2.434109e-02 
 1.307822e+00  2.412686e-02 
 1.308220e+00  2.377321e-02 
 1.308617e+00  2.325463e-02 
 1.309015e+00  2.256977e-02 
 1.309413e+00  2.171215e-02 
 1.309811e+00  2.067644e-02 
 1.310208e+00  1.944442e-02 
 1.310606e+00  1.801998e-02 
 1.311004e+00  1.643090e-02 
 1.311401e+00  1.469820e-02 
 1.311799e+00  1.287973e-02 
 1.312197e+00  1.102177e-02 
 1.312594e+00  9.173752e-03 
 1.312992e+00  7.354430e-03 
 1.313390e+00  5.585127e-03 
 1.313788e+00  3.861093e-03 
 1.314185e+00  2.167086e-03 
 1.314583e+00  4.905525e-04 
 1.314981e+00 -1.175584e-03 
 1.315378e+00 -2.841202e-03 
 1.315776e+00 -4.499676e-03 
 1.316174e+00 -6.173784e-03 
 1.316571e+00 -7.861266e-03 
 1.316969e+00 -9.561536e-03 
 1.317367e+00 -1.128010e-02 
 1.317764e+00 -1.301168e-02 
 1.318162e+00 -1.473545e-02 
 1.318560e+00 -1.644822e-02 
 1.318958e+00 -1.814232e-02 
 1.319355e+00 -1.979984e-02 
 1.319753e+00 -2.139835e-02 
 1.320151e+00 -2.288757e-02 
 1.320548e+00 -2.425124e-02 
 1.320946e+00 -2.545978e-02 
 1.321344e+00 -2.649341e-02 
 1.321741e+00 -2.735177e-02 
 1.322139e+00 -2.804187e-02 
 1.322537e+00 -2.859334e-02 
 1.322935e+00 -2.902698e-02 
 1.323332e+00 -2.937108e-02 
 1.323730e+00 -2.966376e-02 
 1.324128e+00 -2.991891e-02 
 1.324525e+00 -3.012999e-02 
 1.324923e+00 -3.029937e-02 
 1.325321e+00 -3.042371e-02 
 1.325718e+00 -3.050484e-02 
 1.326116e+00 -3.054423e-02 
 1.326514e+00 -3.054550e-02 
 1.326911e+00 -3.048791e-02 
 1.327309e+00 -3.036295e-02 
 1.327707e+00 -3.015563e-02 
 1.328105e+00 -2.985459e-02 
 1.328502e+00 -2.944993e-02 
 1.328900e+00 -2.891893e-02 
 1.329298e+00 -2.826347e-02 
 1.329695e+00 -2.746481e-02 
 1.330093e+00 -2.651901e-02 
 1.330491e+00 -2.542419e-02 
 1.330888e+00 -2.417998e-02 
 1.331286e+00 -2.279759e-02 
 1.331684e+00 -2.128678e-02 
 1.332082e+00 -1.966194e-02 
 1.332479e+00 -1.794562e-02 
 1.332877e+00 -1.617053e-02 
 1.333275e+00 -1.437970e-02 
 1.333672e+00 -1.261438e-02 
 1.334070e+00 -1.090191e-02 
 1.334468e+00 -9.254346e-03 
 1.334865e+00 -7.682403e-03 
 1.335263e+00 -6.186312e-03 
 1.335661e+00 -4.743911e-03 
 1.336058e+00 -3.330538e-03 
 1.336456e+00 -1.926087e-03 
 1.336854e+00 -5.202473e-04 
 1.337252e+00  8.904748e-04 
 1.337649e+00  2.305062e-03 
 1.338047e+00  3.716500e-03 
 1.338445e+00  5.117959e-03 
 1.338842e+00  6.511850e-03 
 1.339240e+00  7.889882e-03 
 1.339638e+00  9.240717e-03 
 1.340035e+00  1.055770e-02 
 1.340433e+00  1.183848e-02 
 1.340831e+00  1.307819e-02 
 1.341229e+00  1.426234e-02 
 1.341626e+00  1.538928e-02 
 1.342024e+00  1.644924e-02 
 1.342422e+00  1.742764e-02 
 1.342819e+00  1.830132e-02 
 1.343217e+00  1.906501e-02 
 1.343615e+00  1.973696e-02 
 1.344012e+00  2.032316e-02 
 1.344410e+00  2.085147e-02 
 1.344808e+00  2.135252e-02 
 1.345205e+00  2.184412e-02 
 1.345603e+00  2.233479e-02 
 1.346001e+00  2.282270e-02 
 1.346399e+00  2.331165e-02 
 1.346796e+00  2.378110e-02 
 1.347194e+00  2.423345e-02 
 1.347592e+00  2.466994e-02 
 1.347989e+00  2.508377e-02 
 1.348387e+00  2.548062e-02 
 1.348785e+00  2.584352e-02 
 1.349182e+00  2.618802e-02 
 1.349580e+00  2.649635e-02 
 1.349978e+00  2.676616e-02 
 1.350376e+00  2.700963e-02 
 1.350773e+00  2.723253e-02 
 1.351171e+00  2.744780e-02 
 1.351569e+00  2.765390e-02 
 1.351966e+00  2.784182e-02 
 1.352364e+00  2.798908e-02 
 1.352762e+00  2.807098e-02 
 1.353159e+00  2.806530e-02 
 1.353557e+00  2.796342e-02 
 1.353955e+00  2.774449e-02 
 1.354352e+00  2.740773e-02 
 1.354750e+00  2.695133e-02 
 1.355148e+00  2.636846e-02 
 1.355546e+00  2.566873e-02 
 1.355943e+00  2.486908e-02 
 1.356341e+00  2.398844e-02 
 1.356739e+00  2.305874e-02 
 1.357136e+00  2.209967e-02 
 1.357534e+00  2.111791e-02 
 1.357932e+00  2.012565e-02 
 1.358329e+00  1.912344e-02 
 1.358727e+00  1.810895e-02 
 1.359125e+00  1.710561e-02 
 1.359523e+00  1.613057e-02 
 1.359920e+00  1.519847e-02 
 1.360318e+00  1.433292e-02 
 1.360716e+00  1.355996e-02 
 1.361113e+00  1.286796e-02 
 1.361511e+00  1.222872e-02 
 1.361909e+00  1.160210e-02 
 1.362306e+00  1.095413e-02 
 1.362704e+00  1.025672e-02 
 1.363102e+00  9.505930e-03 
 1.363499e+00  8.711489e-03 
 1.363897e+00  7.897859e-03 
 1.364295e+00  7.088116e-03 
 1.364693e+00  6.307222e-03 
 1.365090e+00  5.571796e-03 
 1.365488e+00  4.907104e-03 
 1.365886e+00  4.327053e-03 
 1.366283e+00  3.843074e-03 
 1.366681e+00  3.465423e-03 
 1.367079e+00  3.197361e-03 
 1.367476e+00  3.006605e-03 
 1.367874e+00  2.874899e-03 
 1.368272e+00  2.759327e-03 
 1.368670e+00  2.605072e-03 
 1.369067e+00  2.389430e-03 
 1.369465e+00  2.083354e-03 
 1.369863e+00  1.678444e-03 
 1.370260e+00  1.162444e-03 
 1.370658e+00  5.430185e-04 
 1.371056e+00 -1.879601e-04 
 1.371453e+00 -1.029279e-03 
 1.371851e+00 -1.968096e-03 
 1.372249e+00 -2.966869e-03 
 1.372646e+00 -3.989462e-03 
 1.373044e+00 -4.984413e-03 
 1.373442e+00 -5.916926e-03 
 1.373840e+00 -6.758797e-03 
 1.374237e+00 -7.489374e-03 
 1.374635e+00 -8.104645e-03 
 1.375033e+00 -8.594765e-03 
 1.375430e+00 -8.950156e-03 
 1.375828e+00 -9.166394e-03 
 1.376226e+00 -9.253839e-03 
 1.376623e+00 -9.235003e-03 
 1.377021e+00 -9.154012e-03 
 1.377419e+00 -9.052246e-03 
 1.377817e+00 -8.973877e-03 
 1.378214e+00 -8.924625e-03 
 1.378612e+00 -8.903436e-03 
 1.379010e+00 -8.865384e-03 
 1.379407e+00 -8.774777e-03 
 1.379805e+00 -8.574382e-03 
 1.380203e+00 -8.230798e-03 
 1.380600e+00 -7.726854e-03 
 1.380998e+00 -7.061972e-03 
 1.381396e+00 -6.241399e-03 
 1.381793e+00 -5.274981e-03 
 1.382191e+00 -4.173467e-03 
 1.382589e+00 -2.956188e-03 
 1.382987e+00 -1.641219e-03 
 1.383384e+00 -2.644160e-04 
 1.383782e+00  1.133727e-03 
 1.384180e+00  2.523926e-03 
 1.384577e+00  3.887632e-03 
 1.384975e+00  5.217791e-03 
 1.385373e+00  6.504665e-03 
 1.385770e+00  7.746081e-03 
 1.386168e+00  8.930269e-03 
 1.386566e+00  1.003801e-02 
 1.386964e+00  1.105675e-02 
 1.387361e+00  1.197387e-02 
 1.387759e+00  1.278280e-02 
 1.388157e+00  1.349036e-02 
 1.388554e+00  1.410499e-02 
 1.388952e+00  1.465208e-02 
 1.389350e+00  1.514972e-02 
 1.389747e+00  1.561447e-02 
 1.390145e+00  1.604658e-02 
 1.390543e+00  1.644108e-02 
 1.390940e+00  1.680244e-02 
 1.391338e+00  1.712013e-02 
 1.391736e+00  1.740655e-02 
 1.392134e+00  1.766661e-02 
 1.392531e+00  1.790446e-02 
 1.392929e+00  1.812850e-02 
 1.393327e+00  1.832238e-02 
 1.393724e+00  1.848248e-02 
 1.394122e+00  1.861311e-02 
 1.394520e+00  1.872661e-02 
 1.394917e+00  1.884842e-02 
 1.395315e+00  1.898858e-02 
 1.395713e+00  1.914933e-02 
 1.396111e+00  1.931217e-02 
 1.396508e+00  1.944213e-02 
 1.396906e+00  1.950746e-02 
 1.397304e+00  1.948996e-02 
 1.397701e+00  1.937845e-02 
 1.398099e+00  1.918890e-02 
 1.398497e+00  1.892827e-02 
 1.398894e+00  1.863183e-02 
 1.399292e+00  1.831682e-02 
 1.399690e+00  1.798526e-02 
 1.400087e+00  1.763747e-02 
 1.400485e+00  1.727061e-02 
 1.400883e+00  1.689514e-02 
 1.401281e+00  1.649168e-02 
 1.401678e+00  1.605459e-02 
 1.402076e+00  1.556887e-02 
 1.402474e+00  1.501113e-02 
 1.402871e+00  1.435876e-02 
 1.403269e+00  1.359374e-02 
 1.403667e+00  1.272533e-02 
 1.404064e+00  1.177331e-02 
 1.404462e+00  1.076827e-02 
 1.404860e+00  9.750552e-03 
 1.405258e+00  8.738760e-03 
 1.405655e+00  7.741253e-03 
 1.406053e+00  6.743706e-03 
 1.406451e+00  5.738696e-03 
 1.406848e+00  4.726308e-03 
 1.407246e+00  3.710956e-03 
 1.407644e+00  2.704468e-03 
 1.408041e+00  1.729897e-03 
 1.408439e+00  8.005038e-04 
 1.408837e+00 -8.715117e-05 
 1.409234e+00 -9.474853e-04 
 1.409632e+00 -1.789881e-03 
 1.410030e+00 -2.621478e-03 
 1.410428e+00 -3.434749e-03 
 1.410825e+00 -4.213345e-03 
 1.411223e+00 -4.949078e-03 
 1.411621e+00 -5.647615e-03 
 1.412018e+00 -6.326139e-03 
 1.412416e+00 -7.009582e-03 
 1.412814e+00 -7.717008e-03 
 1.413211e+00 -8.454336e-03 
 1.413609e+00 -9.217020e-03 
 1.414007e+00 -9.984008e-03 
 1.414405e+00 -1.074846e-02 
 1.414802e+00 -1.150465e-02 
 1.415200e+00 -1.225478e-02 
 1.415598e+00 -1.302728e-02 
 1.415995e+00 -1.383542e-02 
 1.416393e+00 -1.468521e-02 
 1.416791e+00 -1.556622e-02 
 1.417188e+00 -1.647427e-02 
 1.417586e+00 -1.737503e-02 
 1.417984e+00 -1.825018e-02 
 1.418381e+00 -1.908336e-02 
 1.418779e+00 -1.986515e-02 
 1.419177e+00 -2.058315e-02 
 1.419575e+00 -2.122713e-02 
 1.419972e+00 -2.176944e-02 
 1.420370e+00 -2.220051e-02 
 1.420768e+00 -2.252360e-02 
 1.421165e+00 -2.275601e-02 
 1.421563e+00 -2.293158e-02 
 1.421961e+00 -2.308138e-02 
 1.422358e+00 -2.324464e-02 
 1.422756e+00 -2.342619e-02 
 1.423154e+00 -2.361367e-02 
 1.423551e+00 -2.376996e-02 
 1.423949e+00 -2.385399e-02 
 1.424347e+00 -2.384423e-02 
 1.424745e+00 -2.372417e-02 
 1.425142e+00 -2.349544e-02 
 1.425540e+00 -2.315740e-02 
 1.425938e+00 -2.270312e-02 
 1.426335e+00 -2.212028e-02 
 1.426733e+00 -2.137325e-02 
 1.427131e+00 -2.044915e-02 
 1.427528e+00 -1.934081e-02 
 1.427926e+00 -1.807249e-02 
 1.428324e+00 -1.667468e-02 
 1.428722e+00 -1.519522e-02 
 1.429119e+00 -1.366403e-02 
 1.429517e+00 -1.210017e-02 
 1.429915e+00 -1.050934e-02 
 1.430312e+00 -8.893059e-03 
 1.430710e+00 -7.286547e-03 
 1.431108e+00 -5.737701e-03 
 1.431505e+00 -4.282003e-03 
 1.431903e+00 -2.955428e-03 
 1.432301e+00 -1.760530e-03 
 1.432698e+00 -6.679224e-04 
 1.433096e+00  3.738059e-04 
 1.433494e+00  1.423303e-03 
 1.433892e+00  2.513392e-03 
 1.434289e+00  3.656898e-03 
 1.434687e+00  4.857420e-03 
 1.435085e+00  6.101699e-03 
 1.435482e+00  7.376331e-03 
 1.435880e+00  8.681031e-03 
 1.436278e+00  9.996439e-03 
 1.436675e+00  1.130844e-02 
 1.437073e+00  1.258472e-02 
 1.437471e+00  1.378571e-02 
 1.437869e+00  1.487247e-02 
 1.438266e+00  1.581893e-02 
 1.438664e+00  1.664254e-02 
 1.439062e+00  1.735802e-02 
 1.439459e+00  1.797609e-02 
 1.439857e+00  1.854101e-02 
 1.440255e+00  1.906530e-02 
 1.440652e+00  1.955408e-02 
 1.441050e+00  1.999855e-02 
 1.441448e+00  2.040165e-02 
 1.441845e+00  2.077034e-02 
 1.442243e+00  2.112482e-02 
 1.442641e+00  2.149068e-02 
 1.443039e+00  2.189476e-02 
 1.443436e+00  2.232292e-02 
 1.443834e+00  2.275274e-02 
 1.444232e+00  2.314964e-02 
 1.444629e+00  2.346068e-02 
 1.445027e+00  2.365233e-02 
 1.445425e+00  2.370565e-02 
 1.445822e+00  2.360727e-02 
 1.446220e+00  2.336636e-02 
 1.446618e+00  2.299381e-02 
 1.447016e+00  2.248693e-02 
 1.447413e+00  2.184153e-02 
 1.447811e+00  2.107222e-02 
 1.448209e+00  2.021025e-02 
 1.448606e+00  1.929718e-02 
 1.449004e+00  1.839476e-02 
 1.449402e+00  1.755285e-02 
 1.449799e+00  1.678151e-02 
 1.450197e+00  1.607426e-02 
 1.450595e+00  1.541781e-02 
 1.450992e+00  1.476734e-02 
 1.451390e+00  1.411096e-02 
 1.451788e+00  1.343333e-02 
 1.452186e+00  1.273994e-02 
 1.452583e+00  1.204579e-02 
 1.452981e+00  1.134325e-02 
 1.453379e+00  1.062533e-02 
 1.453776e+00  9.883111e-03 
 1.454174e+00  9.098890e-03 
 1.454572e+00  8.275669e-03 
 1.454969e+00  7.437126e-03 
 1.455367e+00  6.614282e-03 
 1.455765e+00  5.816113e-03 
 1.456163e+00  5.053886e-03 
 1.456560e+00  4.299997e-03 
 1.456958e+00  3.546620e-03 
 1.457356e+00  2.782411e-03 
 1.457753e+00  2.037054e-03 
 1.458151e+00  1.347702e-03 
 1.458549e+00  7.499221e-04 
 1.458946e+00  2.512646e-04 
 1.459344e+00 -1.446755e-04 
 1.459742e+00 -4.510040e-04 
 1.460139e+00 -6.999512e-04 
 1.460537e+00 -9.114603e-04 
 1.460935e+00 -1.097622e-03 
 1.461333e+00 -1.251773e-03 
 1.461730e+00 -1.377540e-03 
 1.462128e+00 -1.473422e-03 
 1.462526e+00 -1.556675e-03 
 1.462923e+00 -1.639015e-03 
 1.463321e+00 -1.763590e-03 
 1.463719e+00 -1.962897e-03 
 1.464116e+00 -2.257744e-03 
 1.464514e+00 -2.634194e-03 
 1.464912e+00 -3.085645e-03 
 1.465310e+00 -3.587806e-03 
 1.465707e+00 -4.146646e-03 
 1.466105e+00 -4.759771e-03 
 1.466503e+00 -5.435086e-03 
 1.466900e+00 -6.164781e-03 
 1.467298e+00 -6.911263e-03 
 1.467696e+00 -7.623979e-03 
 1.468093e+00 -8.248249e-03 
 1.468491e+00 -8.752480e-03 
 1.468889e+00 -9.111493e-03 
 1.469286e+00 -9.318386e-03 
 1.469684e+00 -9.371859e-03 
 1.470082e+00 -9.295002e-03 
 1.470480e+00 -9.094627e-03 
 1.470877e+00 -8.765452e-03 
 1.471275e+00 -8.295729e-03 
 1.471673e+00 -7.681131e-03 
 1.472070e+00 -6.939782e-03 
 1.472468e+00 -6.075799e-03 
 1.472866e+00 -5.106769e-03 
 1.473263e+00 -4.057327e-03 
 1.473661e+00 -2.947697e-03 
 1.474059e+00 -1.768937e-03 
 1.474457e+00 -5.253583e-04 
 1.474854e+00  7.656763e-04 
 1.475252e+00  2.070314e-03 
 1.475650e+00  3.360513e-03 
 1.476047e+00  4.613606e-03 
 1.476445e+00  5.799340e-03 
 1.476843e+00  6.915236e-03 
 1.477240e+00  7.981245e-03 
 1.477638e+00  9.019206e-03 
 1.478036e+00  1.005823e-02 
 1.478433e+00  1.111688e-02 
 1.478831e+00  1.220334e-02 
 1.479229e+00  1.331935e-02 
 1.479627e+00  1.444104e-02 
 1.480024e+00  1.556260e-02 
 1.480422e+00  1.668993e-02 
 1.480820e+00  1.782502e-02 
 1.481217e+00  1.896305e-02 
 1.481615e+00  2.010231e-02 
 1.482013e+00  2.122270e-02 
 1.482410e+00  2.227415e-02 
 1.482808e+00  2.321297e-02 
 1.483206e+00  2.400267e-02 
 1.483604e+00  2.464603e-02 
 1.484001e+00  2.516788e-02 
 1.484399e+00  2.559215e-02 
 1.484797e+00  2.593970e-02 
 1.485194e+00  2.619797e-02 
 1.485592e+00  2.637469e-02 
 1.485990e+00  2.650303e-02 
 1.486387e+00  2.660942e-02 
 1.486785e+00  2.674751e-02 
 1.487183e+00  2.697349e-02 
 1.487580e+00  2.728450e-02 
 1.487978e+00  2.769052e-02 
 1.488376e+00  2.816346e-02 
 1.488774e+00  2.866996e-02 
 1.489171e+00  2.917194e-02 
 1.489569e+00  2.963961e-02 
 1.489967e+00  3.005438e-02 
 1.490364e+00  3.038775e-02 
 1.490762e+00  3.061747e-02 
 1.491160e+00  3.071356e-02 
 1.491557e+00  3.066220e-02 
 1.491955e+00  3.043942e-02 
 1.492353e+00  3.004417e-02 
 1.492751e+00  2.945110e-02 
 1.493148e+00  2.870451e-02 
 1.493546e+00  2.782194e-02 
 1.493944e+00  2.687513e-02 
 1.494341e+00  2.588657e-02 
 1.494739e+00  2.485122e-02 
 1.495137e+00  2.380592e-02 
 1.495534e+00  2.270921e-02 
 1.495932e+00  2.160270e-02 
 1.496330e+00  2.046982e-02 
 1.496727e+00  1.933782e-02 
 1.497125e+00  1.821401e-02 
 1.497523e+00  1.706430e-02 
 1.497921e+00  1.588662e-02 
 1.498318e+00  1.463436e-02 
 1.498716e+00  1.328883e-02 
 1.499114e+00  1.183737e-02 
 1.499511e+00  1.026511e-02 
 1.499909e+00  8.590767e-03 
 1.500307e+00  6.831009e-03 
 1.500704e+00  4.997986e-03 
 1.501102e+00  3.125311e-03 
 1.501500e+00  1.226730e-03 
 1.501898e+00 -6.795515e-04 
 1.502295e+00 -2.547919e-03 
 1.502693e+00 -4.348737e-03 
 1.503091e+00 -6.050001e-03 
 1.503488e+00 -7.640734e-03 
 1.503886e+00 -9.121803e-03 
 1.504284e+00 -1.052773e-02 
 1.504681e+00 -1.188203e-02 
 1.505079e+00 -1.321406e-02 
 1.505477e+00 -1.452995e-02 
 1.505874e+00 -1.582492e-02 
 1.506272e+00 -1.709550e-02 
 1.506670e+00 -1.832405e-02 
 1.507068e+00 -1.952566e-02 
 1.507465e+00 -2.070006e-02 
 1.507863e+00 -2.185381e-02 
 1.508261e+00 -2.297297e-02 
 1.508658e+00 -2.404311e-02 
 1.509056e+00 -2.503098e-02 
 1.509454e+00 -2.591951e-02 
 1.509851e+00 -2.666816e-02 
 1.510249e+00 -2.728755e-02 
 1.510647e+00 -2.775570e-02 
 1.511045e+00 -2.807719e-02 
 1.511442e+00 -2.826849e-02 
 1.511840e+00 -2.833642e-02 
 1.512238e+00 -2.831326e-02 
 1.512635e+00 -2.818754e-02 
 1.513033e+00 -2.798162e-02 
 1.513431e+00 -2.770868e-02 
 1.513828e+00 -2.739658e-02 
 1.514226e+00 -2.704298e-02 
 1.514624e+00 -2.667760e-02 
 1.515021e+00 -2.628713e-02 
 1.515419e+00 -2.582773e-02 
 1.515817e+00 -2.527515e-02 
 1.516215e+00 -2.461853e-02 
 1.516612e+00 -2.384742e-02 
 1.517010e+00 -2.296319e-02 
 1.517408e+00 -2.194860e-02 
 1.517805e+00 -2.082101e-02 
 1.518203e+00 -1.957647e-02 
 1.518601e+00 -1.822451e-02 
 1.518998e+00 -1.679517e-02 
 1.519396e+00 -1.531151e-02 
 1.519794e+00 -1.380366e-02 
 1.520192e+00 -1.227964e-02 
 1.520589e+00 -1.075672e-02 
 1.520987e+00 -9.234312e-03 
 1.521385e+00 -7.703701e-03 
 1.521782e+00 -6.164262e-03 
 1.522180e+00 -4.634776e-03 
 1.522578e+00 -3.115341e-03 
 1.522975e+00 -1.611717e-03 
 1.523373e+00 -1.559582e-04 
 1.523771e+00  1.237275e-03 
 1.524168e+00  2.547114e-03 
 1.524566e+00  3.769779e-03 
 1.524964e+00  4.914774e-03 
 1.525362e+00  5.991569e-03 
 1.525759e+00  6.987703e-03 
 1.526157e+00  7.890442e-03 
 1.526555e+00  8.699618e-03 
 1.526952e+00  9.409160e-03 
 1.527350e+00  1.003824e-02 
 1.527748e+00  1.059398e-02 
 1.528145e+00  1.106340e-02 
 1.528543e+00  1.148623e-02 
 1.528941e+00  1.185870e-02 
 1.529339e+00  1.221330e-02 
 1.529736e+00  1.256376e-02 
 1.530134e+00  1.292477e-02 
 1.530532e+00  1.329804e-02 
 1.530929e+00  1.367711e-02 
 1.531327e+00  1.406272e-02 
 1.531725e+00  1.444184e-02 
 1.532122e+00  1.479869e-02 
 1.532520e+00  1.511751e-02 
 1.532918e+00  1.537234e-02 
 1.533315e+00  1.556687e-02 
 1.533713e+00  1.568510e-02 
 1.534111e+00  1.574823e-02 
 1.534509e+00  1.576658e-02 
 1.534906e+00  1.576250e-02 
 1.535304e+00  1.575688e-02 
 1.535702e+00  1.575389e-02 
 1.536099e+00  1.576973e-02 
 1.536497e+00  1.581004e-02 
 1.536895e+00  1.586377e-02 
 1.537292e+00  1.592004e-02 
 1.537690e+00  1.599059e-02 
 1.538088e+00  1.605736e-02 
 1.538486e+00  1.609709e-02 
 1.538883e+00  1.609904e-02 
 1.539281e+00  1.605583e-02 
 1.539679e+00  1.597247e-02 
 1.540076e+00  1.585245e-02 
 1.540474e+00  1.570982e-02 
 1.540872e+00  1.554645e-02 
 1.541269e+00  1.535745e-02 
 1.541667e+00  1.514186e-02 
 1.542065e+00  1.489419e-02 
 1.542462e+00  1.458919e-02 
 1.542860e+00  1.419152e-02 
 1.543258e+00  1.367520e-02 
 1.543656e+00  1.303158e-02 
 1.544053e+00  1.226656e-02 
 1.544451e+00  1.137868e-02 
 1.544849e+00  1.039844e-02 
 1.545246e+00  9.351675e-03 
 1.545644e+00  8.251403e-03 
 1.546042e+00  7.122333e-03 
 1.546439e+00  5.987423e-03 
 1.546837e+00  4.867793e-03 
 1.547235e+00  3.780369e-03 
 1.547633e+00  2.740734e-03 
 1.548030e+00  1.764424e-03 
 1.548428e+00  8.475200e-04 
 1.548826e+00 -1.341877e-05 
 1.549223e+00 -8.143014e-04 
 1.549621e+00 -1.563449e-03 
 1.550019e+00 -2.269965e-03 
 1.550416e+00 -2.959088e-03 
 1.550814e+00 -3.643282e-03 
 1.551212e+00 -4.349097e-03 
 1.551609e+00 -5.110705e-03 
 1.552007e+00 -5.956516e-03 
 1.552405e+00 -6.914936e-03 
 1.552803e+00 -7.977009e-03 
 1.553200e+00 -9.125873e-03 
 1.553598e+00 -1.031161e-02 
 1.553996e+00 -1.146813e-02 
 1.554393e+00 -1.255434e-02 
 1.554791e+00 -1.353642e-02 
 1.555189e+00 -1.439356e-02 
 1.555586e+00 -1.510022e-02 
 1.555984e+00 -1.565294e-02 
 1.556382e+00 -1.603881e-02 
 1.556780e+00 -1.626202e-02 
 1.557177e+00 -1.633969e-02 
 1.557575e+00 -1.631322e-02 
 1.557973e+00 -1.624154e-02 
 1.558370e+00 -1.617575e-02 
 1.558768e+00 -1.615112e-02 
 1.559166e+00 -1.619335e-02 
 1.559563e+00 -1.630379e-02 
 1.559961e+00 -1.645653e-02 
 1.560359e+00 -1.661993e-02 
 1.560756e+00 -1.676313e-02 
 1.561154e+00 -1.685661e-02 
 1.561552e+00 -1.687935e-02 
 1.561950e+00 -1.682208e-02 
 1.562347e+00 -1.666125e-02 
 1.562745e+00 -1.635733e-02 
 1.563143e+00 -1.588784e-02 
 1.563540e+00 -1.522903e-02 
 1.563938e+00 -1.437151e-02 
 1.564336e+00 -1.330613e-02 
 1.564733e+00 -1.204325e-02 
 1.565131e+00 -1.059426e-02 
 1.565529e+00 -8.964525e-03 
 1.565927e+00 -7.192355e-03 
 1.566324e+00 -5.318729e-03 
 1.566722e+00 -3.382280e-03 
 1.567120e+00 -1.449511e-03 
 1.567517e+00  4.252955e-04 
 1.567915e+00  2.187950e-03 
 1.568313e+00  3.810082e-03 
 1.568710e+00  5.309595e-03 
 1.569108e+00  6.704102e-03 
 1.569506e+00  8.021249e-03 
 1.569903e+00  9.279624e-03 
 1.570301e+00  1.051294e-02 
 1.570699e+00  1.173399e-02 
 1.571097e+00  1.293497e-02 
 1.571494e+00  1.413231e-02 
 1.571892e+00  1.531015e-02 
 1.572290e+00  1.647418e-02 
 1.572687e+00  1.762058e-02 
 1.573085e+00  1.875291e-02 
 1.573483e+00  1.985608e-02 
 1.573880e+00  2.091542e-02 
 1.574278e+00  2.191826e-02 
 1.574676e+00  2.287225e-02 
 1.575074e+00  2.379480e-02 
 1.575471e+00  2.470453e-02 
 1.575869e+00  2.561172e-02 
 1.576267e+00  2.651642e-02 
 1.576664e+00  2.740597e-02 
 1.577062e+00  2.824929e-02 
 1.577460e+00  2.902438e-02 
 1.577857e+00  2.971698e-02 
 1.578255e+00  3.032041e-02 
 1.578653e+00  3.084156e-02 
 1.579050e+00  3.128127e-02 
 1.579448e+00  3.164107e-02 
 1.579846e+00  3.192406e-02 
 1.580244e+00  3.213646e-02 
 1.580641e+00  3.228130e-02 
 1.581039e+00  3.233918e-02 
 1.581437e+00  3.232040e-02 
 1.581834e+00  3.223005e-02 
 1.582232e+00  3.207373e-02 
 1.582630e+00  3.186435e-02 
 1.583027e+00  3.161049e-02 
 1.583425e+00  3.133424e-02 
 1.583823e+00  3.105793e-02 
 1.584221e+00  3.080860e-02 
 1.584618e+00  3.061834e-02 
 1.585016e+00  3.050146e-02 
 1.585414e+00  3.045733e-02 
 1.585811e+00  3.045432e-02 
 1.586209e+00  3.044967e-02 
 1.586607e+00  3.037899e-02 
 1.587004e+00  3.018229e-02 
 1.587402e+00  2.980997e-02 
 1.587800e+00  2.923728e-02 
 1.588197e+00  2.845886e-02 
 1.588595e+00  2.748822e-02 
 1.588993e+00  2.636305e-02 
 1.589391e+00  2.513480e-02 
 1.589788e+00  2.384906e-02 
 1.590186e+00  2.254491e-02 
 1.590584e+00  2.125800e-02 
 1.590981e+00  2.002785e-02 
 1.591379e+00  1.888505e-02 
 1.591777e+00  1.786147e-02 
 1.592174e+00  1.696725e-02 
 1.592572e+00  1.618796e-02 
 1.592970e+00  1.550703e-02 
 1.593368e+00  1.489741e-02 
 1.593765e+00  1.434254e-02 
 1.594163e+00  1.383577e-02 
 1.594561e+00  1.334656e-02 
 1.594958e+00  1.287731e-02 
 1.595356e+00  1.241201e-02 
 1.595754e+00  1.193046e-02 
 1.596151e+00  1.140466e-02 
 1.596549e+00  1.081964e-02 
 1.596947e+00  1.015626e-02 
 1.597344e+00  9.421927e-03 
 1.597742e+00  8.635949e-03 
 1.598140e+00  7.815737e-03 
 1.598538e+00  6.981385e-03 
 1.598935e+00  6.137309e-03 
 1.599333e+00  5.297605e-03 
 1.599731e+00  4.445808e-03 
 1.600128e+00  3.582209e-03 
 1.600526e+00  2.699342e-03 
 1.600924e+00  1.796655e-03 
 1.601321e+00  8.704551e-04 
 1.601719e+00 -9.502755e-05 
 1.602117e+00 -1.122012e-03 
 1.602515e+00 -2.228514e-03 
 1.602912e+00 -3.434582e-03 
 1.603310e+00 -4.746753e-03 
 1.603708e+00 -6.130802e-03 
 1.604105e+00 -7.554674e-03 
 1.604503e+00 -8.990831e-03 
 1.604901e+00 -1.041098e-02 
 1.605298e+00 -1.179186e-02 
 1.605696e+00 -1.315833e-02 
 1.606094e+00 -1.452798e-02 
 1.606491e+00 -1.591930e-02 
 1.606889e+00 -1.732868e-02 
 1.607287e+00 -1.874190e-02 
 1.607685e+00 -2.014406e-02 
 1.608082e+00 -2.149167e-02 
 1.608480e+00 -2.275387e-02 
 1.608878e+00 -2.390851e-02 
 1.609275e+00 -2.494528e-02 
 1.609673e+00 -2.585327e-02 
 1.610071e+00 -2.662670e-02 
 1.610468e+00 -2.725108e-02 
 1.610866e+00 -2.770449e-02 
 1.611264e+00 -2.799754e-02 
 1.611662e+00 -2.815397e-02 
 1.612059e+00 -2.820375e-02 
 1.612457e+00 -2.818711e-02 
 1.612855e+00 -2.811261e-02 
 1.613252e+00 -2.799002e-02 
 1.613650e+00 -2.778945e-02 
 1.614048e+00 -2.747459e-02 
 1.614445e+00 -2.702334e-02 
 1.614843e+00 -2.640746e-02 
 1.615241e+00 -2.564422e-02 
 1.615638e+00 -2.471942e-02 
 1.616036e+00 -2.364871e-02 
 1.616434e+00 -2.243168e-02 
 1.616832e+00 -2.107318e-02 
 1.617229e+00 -1.958395e-02 
 1.617627e+00 -1.799034e-02 
 1.618025e+00 -1.632620e-02 
 1.618422e+00 -1.464204e-02 
 1.618820e+00 -1.297597e-02 
 1.619218e+00 -1.137381e-02 
 1.619615e+00 -9.839798e-03 
 1.620013e+00 -8.355713e-03 
 1.620411e+00 -6.908466e-03 
 1.620809e+00 -5.489564e-03 
 1.621206e+00 -4.113803e-03 
 1.621604e+00 -2.792314e-03 
 1.622002e+00 -1.540378e-03 
 1.622399e+00 -3.463897e-04 
 1.622797e+00  8.294025e-04 
 1.623195e+00  2.026758e-03 
 1.623592e+00  3.313337e-03 
 1.623990e+00  4.710408e-03 
 1.624388e+00  6.226695e-03 
 1.624785e+00  7.840672e-03 
 1.625183e+00  9.500337e-03 
 1.625581e+00  1.115696e-02 
 1.625979e+00  1.275645e-02 
 1.626376e+00  1.425085e-02 
 1.626774e+00  1.560765e-02 
 1.627172e+00  1.680944e-02 
 1.627569e+00  1.783020e-02 
 1.627967e+00  1.867116e-02 
 1.628365e+00  1.932403e-02 
 1.628762e+00  1.981134e-02 
 1.629160e+00  2.015970e-02 
 1.629558e+00  2.041560e-02 
 1.629956e+00  2.061513e-02 
 1.630353e+00  2.079057e-02 
 1.630751e+00  2.093975e-02 
 1.631149e+00  2.105082e-02 
 1.631546e+00  2.111317e-02 
 1.631944e+00  2.110158e-02 
 1.632342e+00  2.102215e-02 
 1.632739e+00  2.087253e-02 
 1.633137e+00  2.066511e-02 
 1.633535e+00  2.039361e-02 
 1.633932e+00  2.004306e-02 
 1.634330e+00  1.959631e-02 
 1.634728e+00  1.903511e-02 
 1.635126e+00  1.834883e-02 
 1.635523e+00  1.754164e-02 
 1.635921e+00  1.663523e-02 
 1.636319e+00  1.564618e-02 
 1.636716e+00  1.460472e-02 
 1.637114e+00  1.352509e-02 
 1.637512e+00  1.242480e-02 
 1.637909e+00  1.130966e-02 
 1.638307e+00  1.018457e-02 
 1.638705e+00  9.070583e-03 
 1.639103e+00  7.991765e-03 
 1.639500e+00  6.977742e-03 
 1.639898e+00  6.057818e-03 
 1.640296e+00  5.226985e-03 
 1.640693e+00  4.474690e-03 
 1.641091e+00  3.771226e-03 
 1.641489e+00  3.094083e-03 
 1.641886e+00  2.440028e-03 
 1.642284e+00  1.817891e-03 
 1.642682e+00  1.241274e-03 
 1.643079e+00  7.354903e-04 
 1.643477e+00  3.146482e-04 
 1.643875e+00 -1.875257e-05 
 1.644273e+00 -2.723536e-04 
 1.644670e+00 -4.605643e-04 
 1.645068e+00 -5.934867e-04 
 1.645466e+00 -6.896009e-04 
 1.645863e+00 -7.699303e-04 
 1.646261e+00 -8.620476e-04 
 1.646659e+00 -9.905709e-04 
 1.647056e+00 -1.193126e-03 
 1.647454e+00 -1.498614e-03 
 1.647852e+00 -1.910633e-03 
 1.648250e+00 -2.415457e-03 
 1.648647e+00 -2.994370e-03 
 1.649045e+00 -3.622678e-03 
 1.649443e+00 -4.274719e-03 
 1.649840e+00 -4.935359e-03 
 1.650238e+00 -5.607967e-03 
 1.650636e+00 -6.287135e-03 
 1.651033e+00 -6.942065e-03 
 1.651431e+00 -7.558832e-03 
 1.651829e+00 -8.100862e-03 
 1.652226e+00 -8.534898e-03 
 1.652624e+00 -8.843235e-03 
 1.653022e+00 -9.047720e-03 
 1.653420e+00 -9.171282e-03 
 1.653817e+00 -9.258109e-03 
 1.654215e+00 -9.369207e-03 
 1.654613e+00 -9.517525e-03 
 1.655010e+00 -9.735118e-03 
 1.655408e+00 -1.005648e-02 
 1.655806e+00 -1.048706e-02 
 1.656203e+00 -1.104960e-02 
 1.656601e+00 -1.175134e-02 
 1.656999e+00 -1.258464e-02 
 1.657397e+00 -1.352849e-02 
 1.657794e+00 -1.452660e-02 
 1.658192e+00 -1.550688e-02 
 1.658590e+00 -1.640033e-02 
 1.658987e+00 -1.714881e-02 
 1.659385e+00 -1.770155e-02 
 1.659783e+00 -1.803674e-02 
 1.660180e+00 -1.813500e-02 
 1.660578e+00 -1.800754e-02 
 1.660976e+00 -1.766422e-02 
 1.661373e+00 -1.712246e-02 
 1.661771e+00 -1.641969e-02 
 1.662169e+00 -1.560635e-02 
 1.662567e+00 -1.472897e-02 
 1.662964e+00 -1.383877e-02 
 1.663362e+00 -1.297191e-02 
 1.663760e+00 -1.215071e-02 
 1.664157e+00 -1.138921e-02 
 1.664555e+00 -1.067720e-02 
 1.664953e+00 -1.000800e-02 
 1.665350e+00 -9.366002e-03 
 1.665748e+00 -8.732881e-03 
 1.666146e+00 -8.097979e-03 
 1.666544e+00 -7.440346e-03 
 1.666941e+00 -6.731865e-03 
 1.667339e+00 -5.929781e-03 
 1.667737e+00 -4.987356e-03 
 1.668134e+00 -3.865626e-03 
 1.668532e+00 -2.533381e-03 
 1.668930e+00 -1.007471e-03 
 1.669327e+00  6.895182e-04 
 1.669725e+00  2.530095e-03 
 1.670123e+00  4.486408e-03 
 1.670520e+00  6.532379e-03 
 1.670918e+00  8.652652e-03 
 1.671316e+00  1.082666e-02 
 1.671714e+00  1.303635e-02 
 1.672111e+00  1.525826e-02 
 1.672509e+00  1.746993e-02 
 1.672907e+00  1.965318e-02 
 1.673304e+00  2.178138e-02 
 1.673702e+00  2.383196e-02 
 1.674100e+00  2.578541e-02 
 1.674497e+00  2.764526e-02 
 1.674895e+00  2.941598e-02 
 1.675293e+00  3.110539e-02 
 1.675691e+00  3.271365e-02 
 1.676088e+00  3.424720e-02 
 1.676486e+00  3.569814e-02 
 1.676884e+00  3.706457e-02 
 1.677281e+00  3.836710e-02 
 1.677679e+00  3.961072e-02 
 1.678077e+00  4.080586e-02 
 1.678474e+00  4.195580e-02 
 1.678872e+00  4.302753e-02 
 1.679270e+00  4.399572e-02 
 1.679667e+00  4.482621e-02 
 1.680065e+00  4.547850e-02 
 1.680463e+00  4.593569e-02 
 1.680861e+00  4.619414e-02 
 1.681258e+00  4.625918e-02 
 1.681656e+00  4.612780e-02 
 1.682054e+00  4.579341e-02 
 1.682451e+00  4.524846e-02 
 1.682849e+00  4.448616e-02 
 1.683247e+00  4.351049e-02 
 1.683644e+00  4.236896e-02 
 1.684042e+00  4.109884e-02 
 1.684440e+00  3.974532e-02 
 1.684838e+00  3.833464e-02 
 1.685235e+00  3.687078e-02 
 1.685633e+00  3.534289e-02 
 1.686031e+00  3.375357e-02 
 1.686428e+00  3.209344e-02 
 1.686826e+00  3.036902e-02 
 1.687224e+00  2.860988e-02 
 1.687621e+00  2.684398e-02 
 1.688019e+00  2.510077e-02 
 1.688417e+00  2.339025e-02 
 1.688814e+00  2.170660e-02 
 1.689212e+00  2.003795e-02 
 1.689610e+00  1.837112e-02 
 1.690008e+00  1.671224e-02 
 1.690405e+00  1.508119e-02 
 1.690803e+00  1.351113e-02 
 1.691201e+00  1.202351e-02 
 1.691598e+00  1.062205e-02 
 1.691996e+00  9.310919e-03 
 1.692394e+00  8.083035e-03 
 1.692791e+00  6.922681e-03 
 1.693189e+00  5.818860e-03 
 1.693587e+00  4.775391e-03 
 1.693985e+00  3.784026e-03 
 1.694382e+00  2.841176e-03 
 1.694780e+00  1.937174e-03 
 1.695178e+00  1.049221e-03 
 1.695575e+00  1.710365e-04 
 1.695973e+00 -6.926577e-04 
 1.696371e+00 -1.512872e-03 
 1.696768e+00 -2.249672e-03 
 1.697166e+00 -2.850659e-03 
 1.697564e+00 -3.288622e-03 
 1.697961e+00 -3.569669e-03 
 1.698359e+00 -3.722878e-03 
 1.698757e+00 -3.791851e-03 
 1.699155e+00 -3.822937e-03 
 1.699552e+00 -3.824924e-03 
 1.699950e+00 -3.827103e-03 
 1.700348e+00 -3.830725e-03 
 1.700745e+00 -3.843724e-03 
 1.701143e+00 -3.873856e-03 
 1.701541e+00 -3.958905e-03 
 1.701938e+00 -4.126206e-03 
 1.702336e+00 -4.387873e-03 
 1.702734e+00 -4.756548e-03 
 1.703132e+00 -5.208276e-03 
 1.703529e+00 -5.711435e-03 
 1.703927e+00 -6.222642e-03 
 1.704325e+00 -6.715780e-03 
 1.704722e+00 -7.189859e-03 
 1.705120e+00 -7.659591e-03 
 1.705518e+00 -8.138279e-03 
 1.705915e+00 -8.633112e-03 
 1.706313e+00 -9.125813e-03 
 1.706711e+00 -9.615930e-03 
 1.707108e+00 -1.009445e-02 
 1.707506e+00 -1.058170e-02 
 1.707904e+00 -1.111147e-02 
 1.708302e+00 -1.173280e-02 
 1.708699e+00 -1.247403e-02 
 1.709097e+00 -1.333706e-02 
 1.709495e+00 -1.431900e-02 
 1.709892e+00 -1.539032e-02 
 1.710290e+00 -1.651864e-02 
 1.710688e+00 -1.766169e-02 
 1.711085e+00 -1.879025e-02 
 1.711483e+00 -1.988859e-02 
 1.711881e+00 -2.093086e-02 
 1.712279e+00 -2.187182e-02 
 1.712676e+00 -2.267427e-02 
 1.713074e+00 -2.332016e-02 
 1.713472e+00 -2.379280e-02 
 1.713869e+00 -2.410827e-02 
 1.714267e+00 -2.429332e-02 
 1.714665e+00 -2.439250e-02 
 1.715062e+00 -2.442079e-02 
 1.715460e+00 -2.438190e-02 
 1.715858e+00 -2.426170e-02 
 1.716255e+00 -2.402586e-02 
 1.716653e+00 -2.366627e-02 
 1.717051e+00 -2.317915e-02 
 1.717449e+00 -2.255149e-02 
 1.717846e+00 -2.178397e-02 
 1.718244e+00 -2.088184e-02 
 1.718642e+00 -1.982360e-02 
 1.719039e+00 -1.857992e-02 
 1.719437e+00 -1.712865e-02 
 1.719835e+00 -1.543678e-02 
 1.720232e+00 -1.349899e-02 
 1.720630e+00 -1.132595e-02 
 1.721028e+00 -8.942612e-03 
 1.721426e+00 -6.375694e-03 
 1.721823e+00 -3.675643e-03 
 1.722221e+00 -8.745740e-04 
 1.722619e+00  1.980345e-03 
 1.723016e+00  4.836670e-03 
 1.723414e+00  7.633936e-03 
 1.723812e+00  1.032504e-02 
 1.724209e+00  1.287136e-02 
 1.724607e+00  1.525405e-02 
 1.725005e+00  1.745663e-02 
 1.725402e+00  1.948929e-02 
 1.725800e+00  2.137755e-02 
 1.726198e+00  2.315936e-02 
 1.726596e+00  2.484370e-02 
 1.726993e+00  2.644371e-02 
 1.727391e+00  2.797800e-02 
 1.727789e+00  2.943564e-02 
 1.728186e+00  3.081394e-02 
 1.728584e+00  3.210926e-02 
 1.728982e+00  3.331760e-02 
 1.729379e+00  3.441566e-02 
 1.729777e+00  3.536003e-02 
 1.730175e+00  3.610718e-02 
 1.730573e+00  3.662226e-02 
 1.730970e+00  3.689771e-02 
 1.731368e+00  3.692714e-02 
 1.731766e+00  3.671616e-02 
 1.732163e+00  3.628372e-02 
 1.732561e+00  3.564551e-02 
 1.732959e+00  3.479365e-02 
 1.733356e+00  3.372970e-02 
 1.733754e+00  3.245740e-02 
 1.734152e+00  3.098590e-02 
 1.734549e+00  2.933825e-02 
 1.734947e+00  2.754261e-02 
 1.735345e+00  2.565685e-02 
 1.735743e+00  2.372321e-02 
 1.736140e+00  2.178119e-02 
 1.736538e+00  1.983089e-02 
 1.736936e+00  1.788093e-02 
 1.737333e+00  1.592242e-02 
 1.737731e+00  1.395208e-02 
 1.738129e+00  1.196241e-02 
 1.738526e+00  9.952112e-03 
 1.738924e+00  7.919590e-03 
 1.739322e+00  5.852202e-03 
 1.739720e+00  3.754354e-03 
 1.740117e+00  1.632057e-03 
 1.740515e+00 -4.976512e-04 
 1.740913e+00 -2.603510e-03 
 1.741310e+00 -4.687789e-03 
 1.741708e+00 -6.728469e-03 
 1.742106e+00 -8.708715e-03 
 1.742503e+00 -1.063707e-02 
 1.742901e+00 -1.250612e-02 
 1.743299e+00 -1.431048e-02 
 1.743696e+00 -1.603386e-02 
 1.744094e+00 -1.764120e-02 
 1.744492e+00 -1.909942e-02 
 1.744890e+00 -2.037697e-02 
 1.745287e+00 -2.144494e-02 
 1.745685e+00 -2.230357e-02 
 1.746083e+00 -2.294445e-02 
 1.746480e+00 -2.337037e-02 
 1.746878e+00 -2.358872e-02 
 1.747276e+00 -2.360042e-02 
 1.747673e+00 -2.342182e-02 
 1.748071e+00 -2.307603e-02 
 1.748469e+00 -2.258678e-02 
 1.748867e+00 -2.197339e-02 
 1.749264e+00 -2.127387e-02 
 1.749662e+00 -2.052488e-02 
 1.750060e+00 -1.975141e-02 
 1.750457e+00 -1.896147e-02 
 1.750855e+00 -1.816437e-02 
 1.751253e+00 -1.734713e-02 
 1.751650e+00 -1.650559e-02 
 1.752048e+00 -1.563640e-02 
 1.752446e+00 -1.474502e-02 
 1.752843e+00 -1.384672e-02 
 1.753241e+00 -1.296517e-02 
 1.753639e+00 -1.212102e-02 
 1.754037e+00 -1.132180e-02 
 1.754434e+00 -1.057212e-02 
 1.754832e+00 -9.861119e-03 
 1.755230e+00 -9.167938e-03 
 1.755627e+00 -8.467510e-03 
 1.756025e+00 -7.765458e-03 
 1.756423e+00 -7.075368e-03 
 1.756820e+00 -6.409791e-03 
 1.757218e+00 -5.795870e-03 
 1.757616e+00 -5.244752e-03 
 1.758014e+00 -4.766779e-03 
 1.758411e+00 -4.359865e-03 
 1.758809e+00 -4.027245e-03 
 1.759207e+00 -3.788484e-03 
 1.759604e+00 -3.648141e-03 
 1.760002e+00 -3.593443e-03 
 1.760400e+00 -3.615407e-03 
 1.760797e+00 -3.704304e-03 
 1.761195e+00 -3.828308e-03 
 1.761593e+00 -3.973392e-03 
 1.761990e+00 -4.142748e-03 
 1.762388e+00 -4.335147e-03 
 1.762786e+00 -4.551420e-03 
 1.763184e+00 -4.780697e-03 
 1.763581e+00 -4.990948e-03 
 1.763979e+00 -5.132735e-03 
 1.764377e+00 -5.165070e-03 
 1.764774e+00 -5.048883e-03 
 1.765172e+00 -4.764628e-03 
 1.765570e+00 -4.327317e-03 
 1.765967e+00 -3.755820e-03 
 1.766365e+00 -3.087404e-03 
 1.766763e+00 -2.334863e-03 
 1.767161e+00 -1.518891e-03 
 1.767558e+00 -6.446971e-04 
 1.767956e+00  2.622789e-04 
 1.768354e+00  1.174679e-03 
 1.768751e+00  2.067816e-03 
 1.769149e+00  2.901036e-03 
 1.769547e+00  3.674819e-03 
 1.769944e+00  4.395389e-03 
 1.770342e+00  5.101869e-03 
 1.770740e+00  5.846325e-03 
 1.771137e+00  6.679837e-03 
 1.771535e+00  7.634974e-03 
 1.771933e+00  8.731617e-03 
 1.772331e+00  9.964887e-03 
 1.772728e+00  1.133169e-02 
 1.773126e+00  1.283208e-02 
 1.773524e+00  1.447729e-02 
 1.773921e+00  1.625187e-02 
 1.774319e+00  1.814400e-02 
 1.774717e+00  2.012478e-02 
 1.775114e+00  2.216132e-02 
 1.775512e+00  2.421063e-02 
 1.775910e+00  2.623143e-02 
 1.776308e+00  2.820020e-02 
 1.776705e+00  3.008491e-02 
 1.777103e+00  3.187266e-02 
 1.777501e+00  3.355592e-02 
 1.777898e+00  3.512042e-02 
 1.778296e+00  3.656489e-02 
 1.778694e+00  3.789789e-02 
 1.779091e+00  3.914254e-02 
 1.779489e+00  4.032585e-02 
 1.779887e+00  4.149687e-02 
 1.780284e+00  4.270347e-02 
 1.780682e+00  4.397296e-02 
 1.781080e+00  4.529230e-02 
 1.781478e+00  4.663533e-02 
 1.781875e+00  4.796773e-02 
 1.782273e+00  4.922871e-02 
 1.782671e+00  5.036593e-02 
 1.783068e+00  5.133533e-02 
 1.783466e+00  5.212125e-02 
 1.783864e+00  5.268628e-02 
 1.784261e+00  5.299157e-02 
 1.784659e+00  5.300729e-02 
 1.785057e+00  5.270409e-02 
 1.785455e+00  5.204635e-02 
 1.785852e+00  5.103674e-02 
 1.786250e+00  4.969617e-02 
 1.786648e+00  4.806367e-02 
 1.787045e+00  4.617904e-02 
 1.787443e+00  4.409089e-02 
 1.787841e+00  4.183145e-02 
 1.788238e+00  3.943603e-02 
 1.788636e+00  3.694769e-02 
 1.789034e+00  3.439757e-02 
 1.789431e+00  3.181694e-02 
 1.789829e+00  2.924161e-02 
 1.790227e+00  2.669298e-02 
 1.790625e+00  2.417668e-02 
 1.791022e+00  2.168197e-02 
 1.791420e+00  1.919826e-02 
 1.791818e+00  1.672406e-02 
 1.792215e+00  1.425083e-02 
 1.792613e+00  1.177864e-02 
 1.793011e+00  9.319707e-03 
 1.793408e+00  6.889282e-03 
 1.793806e+00  4.506716e-03 
 1.794204e+00  2.190335e-03 
 1.794602e+00 -2.289714e-05 
 1.794999e+00 -2.092451e-03 
 1.795397e+00 -3.984224e-03 
 1.795795e+00 -5.666193e-03 
 1.796192e+00 -7.122413e-03 
 1.796590e+00 -8.341375e-03 
 1.796988e+00 -9.334640e-03 
 1.797385e+00 -1.013546e-02 
 1.797783e+00 -1.076318e-02 
 1.798181e+00 -1.123394e-02 
 1.798578e+00 -1.156296e-02 
 1.798976e+00 -1.175782e-02 
 1.799374e+00 -1.180690e-02 
 1.799772e+00 -1.171427e-02 
 1.800169e+00 -1.148907e-02 
 1.800567e+00 -1.114116e-02 
 1.800965e+00 -1.069976e-02 
 1.801362e+00 -1.018380e-02 
 1.801760e+00 -9.626160e-03 
 1.802158e+00 -9.051281e-03 
 1.802555e+00 -8.497186e-03 
 1.802953e+00 -7.982781e-03 
 1.803351e+00 -7.530482e-03 
 1.803749e+00 -7.156016e-03 
 1.804146e+00 -6.878542e-03 
 1.804544e+00 -6.713175e-03 
 1.804942e+00 -6.663240e-03 
 1.805339e+00 -6.734131e-03 
 1.805737e+00 -6.921116e-03 
 1.806135e+00 -7.221159e-03 
 1.806532e+00 -7.612457e-03 
 1.806930e+00 -8.073492e-03 
 1.807328e+00 -8.579975e-03 
 1.807725e+00 -9.118211e-03 
 1.808123e+00 -9.661377e-03 
 1.808521e+00 -1.020142e-02 
 1.808919e+00 -1.072350e-02 
 1.809316e+00 -1.122945e-02 
 1.809714e+00 -1.169517e-02 
 1.810112e+00 -1.211645e-02 
 1.810509e+00 -1.250841e-02 
 1.810907e+00 -1.287983e-02 
 1.811305e+00 -1.324431e-02 
 1.811702e+00 -1.364652e-02 
 1.812100e+00 -1.409467e-02 
 1.812498e+00 -1.460209e-02 
 1.812896e+00 -1.517292e-02 
 1.813293e+00 -1.580641e-02 
 1.813691e+00 -1.648832e-02 
 1.814089e+00 -1.719628e-02 
 1.814486e+00 -1.788485e-02 
 1.814884e+00 -1.852785e-02 
 1.815282e+00 -1.909480e-02 
 1.815679e+00 -1.955948e-02 
 1.816077e+00 -1.989511e-02 
 1.816475e+00 -2.008675e-02 
 1.816872e+00 -2.013857e-02 
 1.817270e+00 -2.005418e-02 
 1.817668e+00 -1.982257e-02 
 1.818066e+00 -1.945062e-02 
 1.818463e+00 -1.891769e-02 
 1.818861e+00 -1.820907e-02 
 1.819259e+00 -1.733401e-02 
 1.819656e+00 -1.630634e-02 
 1.820054e+00 -1.513049e-02 
 1.820452e+00 -1.383276e-02 
 1.820849e+00 -1.242000e-02 
 1.821247e+00 -1.091018e-02 
 1.821645e+00 -9.317344e-03 
 1.822043e+00 -7.658106e-03 
 1.822440e+00 -5.941900e-03 
 1.822838e+00 -4.162730e-03 
 1.823236e+00 -2.340249e-03 
 1.823633e+00 -4.687017e-04 
 1.824031e+00  1.472799e-03 
 1.824429e+00  3.488079e-03 
 1.824826e+00  5.585540e-03 
 1.825224e+00  7.767502e-03 
 1.825622e+00  1.003552e-02 
 1.826019e+00  1.238701e-02 
 1.826417e+00  1.480587e-02 
 1.826815e+00  1.726940e-02 
 1.827213e+00  1.976862e-02 
 1.827610e+00  2.227131e-02 
 1.828008e+00  2.475027e-02 
 1.828406e+00  2.716423e-02 
 1.828803e+00  2.945866e-02 
 1.829201e+00  3.159581e-02 
 1.829599e+00  3.353954e-02 
 1.829996e+00  3.526120e-02 
 1.830394e+00  3.675738e-02 
 1.830792e+00  3.801741e-02 
 1.831190e+00  3.904337e-02 
 1.831587e+00  3.984058e-02 
 1.831985e+00  4.042724e-02 
 1.832383e+00  4.081040e-02 
 1.832780e+00  4.099321e-02 
 1.833178e+00  4.099216e-02 
 1.833576e+00  4.081356e-02 
 1.833973e+00  4.046869e-02 
 1.834371e+00  3.998140e-02 
 1.834769e+00  3.934399e-02 
 1.835166e+00  3.854698e-02 
 1.835564e+00  3.756872e-02 
 1.835962e+00  3.638449e-02 
 1.836360e+00  3.495483e-02 
 1.836757e+00  3.326970e-02 
 1.837155e+00  3.131445e-02 
 1.837553e+00  2.910156e-02 
 1.837950e+00  2.665226e-02 
 1.838348e+00  2.399533e-02 
 1.838746e+00  2.118407e-02 
 1.839143e+00  1.826735e-02 
 1.839541e+00  1.530170e-02 
 1.839939e+00  1.232736e-02 
 1.840337e+00  9.367738e-03 
 1.840734e+00  6.473598e-03 
 1.841132e+00  3.664392e-03 
 1.841530e+00  9.576783e-04 
 1.841927e+00 -1.632279e-03 
 1.842325e+00 -4.106707e-03 
 1.842723e+00 -6.476561e-03 
 1.843120e+00 -8.740902e-03 
 1.843518e+00 -1.090429e-02 
 1.843916e+00 -1.298087e-02 
 1.844313e+00 -1.499619e-02 
 1.844711e+00 -1.696091e-02 
 1.845109e+00 -1.887125e-02 
 1.845507e+00 -2.074347e-02 
 1.845904e+00 -2.255012e-02 
 1.846302e+00 -2.427415e-02 
 1.846700e+00 -2.588272e-02 
 1.847097e+00 -2.736042e-02 
 1.847495e+00 -2.867557e-02 
 1.847893e+00 -2.982301e-02 
 1.848290e+00 -3.078905e-02 
 1.848688e+00 -3.158125e-02 
 1.849086e+00 -3.217349e-02 
 1.849484e+00 -3.255856e-02 
 1.849881e+00 -3.273549e-02 
 1.850279e+00 -3.271044e-02 
 1.850677e+00 -3.249073e-02 
 1.851074e+00 -3.209222e-02 
 1.851472e+00 -3.155382e-02 
 1.851870e+00 -3.090083e-02 
 1.852267e+00 -3.016633e-02 
 1.852665e+00 -2.937904e-02 
 1.853063e+00 -2.856208e-02 
 1.853460e+00 -2.772944e-02 
 1.853858e+00 -2.687977e-02 
 1.854256e+00 -2.600284e-02 
 1.854654e+00 -2.508736e-02 
 1.855051e+00 -2.411661e-02 
 1.855449e+00 -2.307813e-02 
 1.855847e+00 -2.197342e-02 
 1.856244e+00 -2.079515e-02 
 1.856642e+00 -1.953711e-02 
 1.857040e+00 -1.820575e-02 
 1.857437e+00 -1.680025e-02 
 1.857835e+00 -1.532393e-02 
 1.858233e+00 -1.377578e-02 
 1.858631e+00 -1.215818e-02 
 1.859028e+00 -1.048404e-02 
 1.859426e+00 -8.790702e-03 
 1.859824e+00 -7.121473e-03 
 1.860221e+00 -5.518686e-03 
 1.860619e+00 -4.012138e-03 
 1.861017e+00 -2.616563e-03 
 1.861414e+00 -1.336666e-03 
 1.861812e+00 -1.694629e-04 
 1.862210e+00  8.880906e-04 
 1.862607e+00  1.828216e-03 
 1.863005e+00  2.653016e-03 
 1.863403e+00  3.353537e-03 
 1.863801e+00  3.932672e-03 
 1.864198e+00  4.405462e-03 
 1.864596e+00  4.775179e-03 
 1.864994e+00  5.043670e-03 
 1.865391e+00  5.227246e-03 
 1.865789e+00  5.336707e-03 
 1.866187e+00  5.379723e-03 
 1.866584e+00  5.365602e-03 
 1.866982e+00  5.309488e-03 
 1.867380e+00  5.227147e-03 
 1.867778e+00  5.137473e-03 
 1.868175e+00  5.075548e-03 
 1.868573e+00  5.064444e-03 
 1.868971e+00  5.106676e-03 
 1.869368e+00  5.213260e-03 
 1.869766e+00  5.405120e-03 
 1.870164e+00  5.701050e-03 
 1.870561e+00  6.112965e-03 
 1.870959e+00  6.640630e-03 
 1.871357e+00  7.272001e-03 
 1.871754e+00  8.009082e-03 
 1.872152e+00  8.825718e-03 
 1.872550e+00  9.696044e-03 
 1.872948e+00  1.060190e-02 
 1.873345e+00  1.153283e-02 
 1.873743e+00  1.249427e-02 
 1.874141e+00  1.350410e-02 
 1.874538e+00  1.459628e-02 
 1.874936e+00  1.578104e-02 
 1.875334e+00  1.707657e-02 
 1.875731e+00  1.848790e-02 
 1.876129e+00  2.002021e-02 
 1.876527e+00  2.165795e-02 
 1.876925e+00  2.340997e-02 
 1.877322e+00  2.528620e-02 
 1.877720e+00  2.728818e-02 
 1.878118e+00  2.939740e-02 
 1.878515e+00  3.156849e-02 
 1.878913e+00  3.374342e-02 
 1.879311e+00  3.585508e-02 
 1.879708e+00  3.783194e-02 
 1.880106e+00  3.964559e-02 
 1.880504e+00  4.124032e-02 
 1.880901e+00  4.260358e-02 
 1.881299e+00  4.371682e-02 
 1.881697e+00  4.458142e-02 
 1.882095e+00  4.518564e-02 
 1.882492e+00  4.555045e-02 
 1.882890e+00  4.567626e-02 
 1.883288e+00  4.560312e-02 
 1.883685e+00  4.536557e-02 
 1.884083e+00  4.498812e-02 
 1.884481e+00  4.449082e-02 
 1.884878e+00  4.387664e-02 
 1.885276e+00  4.315610e-02 
 1.885674e+00  4.231461e-02 
 1.886072e+00  4.134524e-02 
 1.886469e+00  4.026329e-02 
 1.886867e+00  3.907302e-02 
 1.887265e+00  3.777327e-02 
 1.887662e+00  3.635001e-02 
 1.888060e+00  3.476154e-02 
 1.888458e+00  3.298315e-02 
 1.888855e+00  3.098895e-02 
 1.889253e+00  2.877719e-02 
 1.889651e+00  2.634859e-02 
 1.890048e+00  2.372880e-02 
 1.890446e+00  2.094889e-02 
 1.890844e+00  1.803049e-02 
 1.891242e+00  1.498822e-02 
 1.891639e+00  1.184494e-02 
 1.892037e+00  8.627974e-03 
 1.892435e+00  5.367533e-03 
 1.892832e+00  2.105193e-03 
 1.893230e+00 -1.096338e-03 
 1.893628e+00 -4.193585e-03 
 1.894025e+00 -7.123889e-03 
 1.894423e+00 -9.862529e-03 
 1.894821e+00 -1.238376e-02 
 1.895219e+00 -1.468218e-02 
 1.895616e+00 -1.677290e-02 
 1.896014e+00 -1.866401e-02 
 1.896412e+00 -2.037001e-02 
 1.896809e+00 -2.189425e-02 
 1.897207e+00 -2.326189e-02 
 1.897605e+00 -2.449229e-02 
 1.898002e+00 -2.561027e-02 
 1.898400e+00 -2.663720e-02 
 1.898798e+00 -2.758445e-02 
 1.899195e+00 -2.843775e-02 
 1.899593e+00 -2.918910e-02 
 1.899991e+00 -2.980991e-02 
 1.900389e+00 -3.027775e-02 
 1.900786e+00 -3.056091e-02 
 1.901184e+00 -3.063340e-02 
 1.901582e+00 -3.045531e-02 
 1.901979e+00 -2.999488e-02 
 1.902377e+00 -2.923239e-02 
 1.902775e+00 -2.815156e-02 
 1.903172e+00 -2.677376e-02 
 1.903570e+00 -2.512879e-02 
 1.903968e+00 -2.325577e-02 
 1.904366e+00 -2.120294e-02 
 1.904763e+00 -1.902178e-02 
 1.905161e+00 -1.675955e-02 
 1.905559e+00 -1.444874e-02 
 1.905956e+00 -1.210878e-02 
 1.906354e+00 -9.771467e-03 
 1.906752e+00 -7.449161e-03 
 1.907149e+00 -5.176013e-03 
 1.907547e+00 -2.977028e-03 
 1.907945e+00 -8.695170e-04 
 1.908342e+00  1.131272e-03 
 1.908740e+00  3.032924e-03 
 1.909138e+00  4.837688e-03 
 1.909536e+00  6.555388e-03 
 1.909933e+00  8.183953e-03 
 1.910331e+00  9.713385e-03 
 1.910729e+00  1.113463e-02 
 1.911126e+00  1.243196e-02 
 1.911524e+00  1.360307e-02 
 1.911922e+00  1.463960e-02 
 1.912319e+00  1.554618e-02 
 1.912717e+00  1.632782e-02 
 1.913115e+00  1.698966e-02 
 1.913513e+00  1.752307e-02 
 1.913910e+00  1.793011e-02 
 1.914308e+00  1.821208e-02 
 1.914706e+00  1.835564e-02 
 1.915103e+00  1.837847e-02 
 1.915501e+00  1.831115e-02 
 1.915899e+00  1.815775e-02 
 1.916296e+00  1.792509e-02 
 1.916694e+00  1.761264e-02 
 1.917092e+00  1.722361e-02 
 1.917489e+00  1.676577e-02 
 1.917887e+00  1.624812e-02 
 1.918285e+00  1.568094e-02 
 1.918683e+00  1.507740e-02 
 1.919080e+00  1.444556e-02 
 1.919478e+00  1.378785e-02 
 1.919876e+00  1.310158e-02 
 1.920273e+00  1.239009e-02 
 1.920671e+00  1.167599e-02 
 1.921069e+00  1.098951e-02 
 1.921466e+00  1.036341e-02 
 1.921864e+00  9.836805e-03 
 1.922262e+00  9.421313e-03 
 1.922660e+00  9.117568e-03 
 1.923057e+00  8.920145e-03 
 1.923455e+00  8.800549e-03 
 1.923853e+00  8.756755e-03 
 1.924250e+00  8.756229e-03 
 1.924648e+00  8.799759e-03 
 1.925046e+00  8.864454e-03 
 1.925443e+00  8.958436e-03 
 1.925841e+00  9.076470e-03 
 1.926239e+00  9.212602e-03 
 1.926636e+00  9.371146e-03 
 1.927034e+00  9.542257e-03 
 1.927432e+00  9.708980e-03 
 1.927830e+00  9.875321e-03 
 1.928227e+00  1.005015e-02 
 1.928625e+00  1.023692e-02 
 1.929023e+00  1.045866e-02 
 1.929420e+00  1.072774e-02 
 1.929818e+00  1.102372e-02 
 1.930216e+00  1.137460e-02 
 1.930613e+00  1.176998e-02 
 1.931011e+00  1.220113e-02 
 1.931409e+00  1.265914e-02 
 1.931807e+00  1.312974e-02 
 1.932204e+00  1.359379e-02 
 1.932602e+00  1.402862e-02 
 1.933000e+00  1.440915e-02 
 1.933397e+00  1.470900e-02 
 1.933795e+00  1.489683e-02 
 1.934193e+00  1.496050e-02 
 1.934590e+00  1.490571e-02 
 1.934988e+00  1.473613e-02 
 1.935386e+00  1.445692e-02 
 1.935783e+00  1.406830e-02 
 1.936181e+00  1.358698e-02 
 1.936579e+00  1.301064e-02 
 1.936977e+00  1.234277e-02 
 1.937374e+00  1.161586e-02 
 1.937772e+00  1.086127e-02 
 1.938170e+00  1.008547e-02 
 1.938567e+00  9.278255e-03 
 1.938965e+00  8.412514e-03 
 1.939363e+00  7.466922e-03 
 1.939760e+00  6.389690e-03 
 1.940158e+00  5.154722e-03 
 1.940556e+00  3.742807e-03 
 1.940954e+00  2.154474e-03 
 1.941351e+00  4.009428e-04 
 1.941749e+00 -1.509163e-03 
 1.942147e+00 -3.547215e-03 
 1.942544e+00 -5.722007e-03 
 1.942942e+00 -8.012243e-03 
 1.943340e+00 -1.041726e-02 
 1.943737e+00 -1.289836e-02 
 1.944135e+00 -1.539773e-02 
 1.944533e+00 -1.786264e-02 
 1.944930e+00 -2.024002e-02 
 1.945328e+00 -2.246856e-02 
 1.945726e+00 -2.452905e-02 
 1.946124e+00 -2.640123e-02 
 1.946521e+00 -2.808441e-02 
 1.946919e+00 -2.958503e-02 
 1.947317e+00 -3.090694e-02 
 1.947714e+00 -3.204925e-02 
 1.948112e+00 -3.302607e-02 
 1.948510e+00 -3.383664e-02 
 1.948907e+00 -3.450236e-02 
 1.949305e+00 -3.502557e-02 
 1.949703e+00 -3.540712e-02 
 1.950101e+00 -3.563217e-02 
 1.950498e+00 -3.567919e-02 
 1.950896e+00 -3.551523e-02 
 1.951294e+00 -3.513652e-02 
 1.951691e+00 -3.452551e-02 
 1.952089e+00 -3.369963e-02 
 1.952487e+00 -3.267510e-02 
 1.952884e+00 -3.145546e-02 
 1.953282e+00 -3.006095e-02 
 1.953680e+00 -2.848340e-02 
 1.954077e+00 -2.673217e-02 
 1.954475e+00 -2.481093e-02 
 1.954873e+00 -2.275393e-02 
 1.955271e+00 -2.058737e-02 
 1.955668e+00 -1.834817e-02 
 1.956066e+00 -1.605915e-02 
 1.956464e+00 -1.373504e-02 
 1.956861e+00 -1.135293e-02 
 1.957259e+00 -8.908552e-03 
 1.957657e+00 -6.416717e-03 
 1.958054e+00 -3.892595e-03 
 1.958452e+00 -1.377643e-03 
 1.958850e+00  1.085646e-03 
 1.959248e+00  3.457762e-03 
 1.959645e+00  5.724425e-03 
 1.960043e+00  7.899682e-03 
 1.960441e+00  9.999133e-03 
 1.960838e+00  1.204711e-02 
 1.961236e+00  1.405219e-02 
 1.961634e+00  1.601684e-02 
 1.962031e+00  1.790616e-02 
 1.962429e+00  1.969175e-02 
 1.962827e+00  2.136371e-02 
 1.963224e+00  2.292862e-02 
 1.963622e+00  2.439284e-02 
 1.964020e+00  2.576258e-02 
 1.964418e+00  2.703319e-02 
 1.964815e+00  2.819053e-02 
 1.965213e+00  2.920105e-02 
 1.965611e+00  3.004072e-02 
 1.966008e+00  3.070251e-02 
 1.966406e+00  3.119631e-02 
 1.966804e+00  3.152889e-02 
 1.967201e+00  3.169979e-02 
 1.967599e+00  3.170642e-02 
 1.967997e+00  3.153384e-02 
 1.968395e+00  3.118341e-02 
 1.968792e+00  3.066918e-02 
 1.969190e+00  3.002739e-02 
 1.969588e+00  2.929264e-02 
 1.969985e+00  2.851242e-02 
 1.970383e+00  2.770732e-02 
 1.970781e+00  2.688644e-02 
 1.971178e+00  2.604672e-02 
 1.971576e+00  2.516971e-02 
 1.971974e+00  2.426226e-02 
 1.972371e+00  2.331957e-02 
 1.972769e+00  2.234872e-02 
 1.973167e+00  2.136989e-02 
 1.973565e+00  2.037004e-02 
 1.973962e+00  1.933688e-02 
 1.974360e+00  1.825023e-02 
 1.974758e+00  1.709737e-02 
 1.975155e+00  1.589143e-02 
 1.975553e+00  1.465062e-02 
 1.975951e+00  1.341866e-02 
 1.976348e+00  1.225688e-02 
 1.976746e+00  1.120512e-02 
 1.977144e+00  1.028438e-02 
 1.977542e+00  9.503728e-03 
 1.977939e+00  8.862805e-03 
 1.978337e+00  8.354010e-03 
 1.978735e+00  7.990270e-03 
 1.979132e+00  7.771918e-03 
 1.979530e+00  7.714527e-03 
 1.979928e+00  7.836199e-03 
 1.980325e+00  8.129757e-03 
 1.980723e+00  8.610801e-03 
 1.981121e+00  9.245698e-03 
 1.981518e+00  1.002746e-02 
 1.981916e+00  1.092015e-02 
 1.982314e+00  1.190356e-02 
 1.982712e+00  1.293919e-02 
 1.983109e+00  1.400289e-02 
 1.983507e+00  1.504931e-02 
 1.983905e+00  1.604725e-02 
 1.984302e+00  1.695860e-02 
 1.984700e+00  1.776555e-02 
 1.985098e+00  1.846510e-02 
 1.985495e+00  1.906293e-02 
 1.985893e+00  1.956486e-02 
 1.986291e+00  1.997197e-02 
 1.986689e+00  2.026382e-02 
 1.987086e+00  2.043750e-02 
 1.987484e+00  2.048115e-02 
 1.987882e+00  2.040263e-02 
 1.988279e+00  2.024084e-02 
 1.988677e+00  2.000520e-02 
 1.989075e+00  1.972841e-02 
 1.989472e+00  1.943147e-02 
 1.989870e+00  1.913536e-02 
 1.990268e+00  1.883357e-02 
 1.990665e+00  1.850913e-02 
 1.991063e+00  1.814824e-02 
 1.991461e+00  1.773735e-02 
 1.991859e+00  1.726814e-02 
 1.992256e+00  1.673847e-02 
 1.992654e+00  1.614369e-02 
 1.993052e+00  1.546950e-02 
 1.993449e+00  1.469368e-02 
 1.993847e+00  1.379653e-02 
 1.994245e+00  1.275980e-02 
 1.994642e+00  1.160159e-02 
 1.995040e+00  1.033749e-02 
 1.995438e+00  9.011138e-03 
 1.995836e+00  7.643471e-03 
 1.996233e+00  6.278860e-03 
 1.996631e+00  4.945503e-03 
 1.997029e+00  3.666339e-03 
 1.997426e+00  2.467120e-03 
 1.997824e+00  1.368064e-03 
 1.998222e+00  3.838309e-04 
 1.998619e+00 -4.906043e-04 
 1.999017e+00 -1.243042e-03 
 1.999415e+00 -1.886632e-03 
 1.999812e+00 -2.443712e-03 
 2.000210e+00 -2.946185e-03 
 2.000608e+00 -3.421192e-03 
 2.001006e+00 -3.885647e-03 
 2.001403e+00 -4.357377e-03 
 2.001801e+00 -4.875487e-03 
 2.002199e+00 -5.461320e-03 
 2.002596e+00 -6.136485e-03 
 2.002994e+00 -6.916009e-03 
 2.003392e+00 -7.798219e-03 
 2.003789e+00 -8.783176e-03 
 2.004187e+00 -9.796937e-03 
 2.004585e+00 -1.079444e-02 
 2.004983e+00 -1.170660e-02 
 2.005380e+00 -1.247590e-02 
 2.005778e+00 -1.306306e-02 
 2.006176e+00 -1.344322e-02 
 2.006573e+00 -1.360429e-02 
 2.006971e+00 -1.354473e-02 
 2.007369e+00 -1.326130e-02 
 2.007766e+00 -1.276516e-02 
 2.008164e+00 -1.207138e-02 
 2.008562e+00 -1.120482e-02 
 2.008959e+00 -1.018567e-02 
 2.009357e+00 -9.066055e-03 
 2.009755e+00 -7.890718e-03 
 2.010153e+00 -6.693561e-03 
 2.010550e+00 -5.492362e-03 
 2.010948e+00 -4.284943e-03 
 2.011346e+00 -3.058341e-03 
 2.011743e+00 -1.792066e-03 
 2.012141e+00 -4.563636e-04 
 2.012539e+00  9.636273e-04 
 2.012936e+00  2.474417e-03 
 2.013334e+00  4.078381e-03 
 2.013732e+00  5.765436e-03 
 2.014130e+00  7.543956e-03 
 2.014527e+00  9.417226e-03 
 2.014925e+00  1.137482e-02 
 2.015323e+00  1.340392e-02 
 2.015720e+00  1.547602e-02 
 2.016118e+00  1.756527e-02 
 2.016516e+00  1.962041e-02 
 2.016913e+00  2.159808e-02 
 2.017311e+00  2.346383e-02 
 2.017709e+00  2.518491e-02 
 2.018106e+00  2.674152e-02 
 2.018504e+00  2.811456e-02 
 2.018902e+00  2.928820e-02 
 2.019300e+00  3.023581e-02 
 2.019697e+00  3.093580e-02 
 2.020095e+00  3.138600e-02 
 2.020493e+00  3.159471e-02 
 2.020890e+00  3.157309e-02 
 2.021288e+00  3.132689e-02 
 2.021686e+00  3.088217e-02 
 2.022083e+00  3.022954e-02 
 2.022481e+00  2.937514e-02 
 2.022879e+00  2.833900e-02 
 2.023277e+00  2.714245e-02 
 2.023674e+00  2.584430e-02 
 2.024072e+00  2.449836e-02 
 2.024470e+00  2.315441e-02 
 2.024867e+00  2.184464e-02 
 2.025265e+00  2.056976e-02 
 2.025663e+00  1.933055e-02 
 2.026060e+00  1.810537e-02 
 2.026458e+00  1.687336e-02 
 2.026856e+00  1.560996e-02 
 2.027253e+00  1.431674e-02 
 2.027651e+00  1.299543e-02 
 2.028049e+00  1.164491e-02 
 2.028447e+00  1.024883e-02 
 2.028844e+00  8.803127e-03 
 2.029242e+00  7.279406e-03 
 2.029640e+00  5.670442e-03 
 2.030037e+00  3.979438e-03 
 2.030435e+00  2.239884e-03 
 2.030833e+00  4.979386e-04 
 2.031230e+00 -1.206178e-03 
 2.031628e+00 -2.834195e-03 
 2.032026e+00 -4.374378e-03 
 2.032424e+00 -5.810515e-03 
 2.032821e+00 -7.136020e-03 
 2.033219e+00 -8.329417e-03 
 2.033617e+00 -9.380168e-03 
 2.034014e+00 -1.027682e-02 
 2.034412e+00 -1.101825e-02 
 2.034810e+00 -1.162795e-02 
 2.035207e+00 -1.212528e-02 
 2.035605e+00 -1.254375e-02 
 2.036003e+00 -1.290621e-02 
 2.036400e+00 -1.323531e-02 
 2.036798e+00 -1.351588e-02 
 2.037196e+00 -1.375291e-02 
 2.037594e+00 -1.394557e-02 
 2.037991e+00 -1.409302e-02 
 2.038389e+00 -1.422511e-02 
 2.038787e+00 -1.435227e-02 
 2.039184e+00 -1.446616e-02 
 2.039582e+00 -1.455625e-02 
 2.039980e+00 -1.459994e-02 
 2.040377e+00 -1.456651e-02 
 2.040775e+00 -1.444546e-02 
 2.041173e+00 -1.423958e-02 
 2.041571e+00 -1.397158e-02 
 2.041968e+00 -1.365492e-02 
 2.042366e+00 -1.328532e-02 
 2.042764e+00 -1.284565e-02 
 2.043161e+00 -1.232176e-02 
 2.043559e+00 -1.169262e-02 
 2.043957e+00 -1.094706e-02 
 2.044354e+00 -1.009925e-02 
 2.044752e+00 -9.179068e-03 
 2.045150e+00 -8.229718e-03 
 2.045547e+00 -7.292559e-03 
 2.045945e+00 -6.413485e-03 
 2.046343e+00 -5.619738e-03 
 2.046741e+00 -4.937455e-03 
 2.047138e+00 -4.386979e-03 
 2.047536e+00 -3.982006e-03 
 2.047934e+00 -3.742070e-03 
 2.048331e+00 -3.671868e-03 
 2.048729e+00 -3.758532e-03 
 2.049127e+00 -4.002146e-03 
 2.049524e+00 -4.377755e-03 
 2.049922e+00 -4.871229e-03 
 2.050320e+00 -5.444038e-03 
 2.050718e+00 -6.072343e-03 
 2.051115e+00 -6.730061e-03 
 2.051513e+00 -7.382668e-03 
 2.051911e+00 -8.014712e-03 
 2.052308e+00 -8.599993e-03 
 2.052706e+00 -9.125106e-03 
 2.053104e+00 -9.599109e-03 
 2.053501e+00 -1.003281e-02 
 2.053899e+00 -1.044861e-02 
 2.054297e+00 -1.084973e-02 
 2.054694e+00 -1.124187e-02 
 2.055092e+00 -1.161095e-02 
 2.055490e+00 -1.195354e-02 
 2.055888e+00 -1.224926e-02 
 2.056285e+00 -1.248775e-02 
 2.056683e+00 -1.266285e-02 
 2.057081e+00 -1.276401e-02 
 2.057478e+00 -1.277601e-02 
 2.057876e+00 -1.269085e-02 
 2.058274e+00 -1.248925e-02 
 2.058671e+00 -1.215266e-02 
 2.059069e+00 -1.166945e-02 
 2.059467e+00 -1.104236e-02 
 2.059865e+00 -1.025609e-02 
 2.060262e+00 -9.313717e-03 
 2.060660e+00 -8.227628e-03 
 2.061058e+00 -7.018387e-03 
 2.061455e+00 -5.701478e-03 
 2.061853e+00 -4.293554e-03 
 2.062251e+00 -2.804896e-03 
 2.062648e+00 -1.248561e-03 
 2.063046e+00  3.724061e-04 
 2.063444e+00  2.063048e-03 
 2.063841e+00  3.834499e-03 
 2.064239e+00  5.671085e-03 
 2.064637e+00  7.547561e-03 
 2.065035e+00  9.433000e-03 
 2.065432e+00  1.129029e-02 
 2.065830e+00  1.311247e-02 
 2.066228e+00  1.490196e-02 
 2.066625e+00  1.664479e-02 
 2.067023e+00  1.836615e-02 
 2.067421e+00  2.006749e-02 
 2.067818e+00  2.175758e-02 
 2.068216e+00  2.340219e-02 
 2.068614e+00  2.497605e-02 
 2.069012e+00  2.644046e-02 
 2.069409e+00  2.775052e-02 
 2.069807e+00  2.890997e-02 
 2.070205e+00  2.990259e-02 
 2.070602e+00  3.071787e-02 
 2.071000e+00  3.136529e-02 
 2.071398e+00  3.186042e-02 
 2.071795e+00  3.220764e-02 
 2.072193e+00  3.242272e-02 
 2.072591e+00  3.251392e-02 
 2.072988e+00  3.249679e-02 
 2.073386e+00  3.240495e-02 
 2.073784e+00  3.224206e-02 
 2.074182e+00  3.201526e-02 
 2.074579e+00  3.173562e-02 
 2.074977e+00  3.141324e-02 
 2.075375e+00  3.103998e-02 
 2.075772e+00  3.061960e-02 
 2.076170e+00  3.014414e-02 
 2.076568e+00  2.960382e-02 
 2.076965e+00  2.897696e-02 
 2.077363e+00  2.822475e-02 
 2.077761e+00  2.730138e-02 
 2.078159e+00  2.616950e-02 
 2.078556e+00  2.481084e-02 
 2.078954e+00  2.323443e-02 
 2.079352e+00  2.146477e-02 
 2.079749e+00  1.953116e-02 
 2.080147e+00  1.743438e-02 
 2.080545e+00  1.520433e-02 
 2.080942e+00  1.285614e-02 
 2.081340e+00  1.040668e-02 
 2.081738e+00  7.893166e-03 
 2.082135e+00  5.364437e-03 
 2.082533e+00  2.885710e-03 
 2.082931e+00  5.190645e-04 
 2.083329e+00 -1.695983e-03 
 2.083726e+00 -3.754450e-03 
 2.084124e+00 -5.663156e-03 
 2.084522e+00 -7.433075e-03 
 2.084919e+00 -9.054842e-03 
 2.085317e+00 -1.051852e-02 
 2.085715e+00 -1.181341e-02 
 2.086112e+00 -1.290835e-02 
 2.086510e+00 -1.381123e-02 
 2.086908e+00 -1.451804e-02 
 2.087306e+00 -1.504116e-02 
 2.087703e+00 -1.540244e-02 
 2.088101e+00 -1.560655e-02 
 2.088499e+00 -1.565040e-02 
 2.088896e+00 -1.554637e-02 
 2.089294e+00 -1.531698e-02 
 2.089692e+00 -1.496561e-02 
 2.090089e+00 -1.451421e-02 
 2.090487e+00 -1.396256e-02 
 2.090885e+00 -1.329839e-02 
 2.091282e+00 -1.248273e-02 
 2.091680e+00 -1.147798e-02 
 2.092078e+00 -1.024776e-02 
 2.092476e+00 -8.771145e-03 
 2.092873e+00 -7.058423e-03 
 2.093271e+00 -5.145060e-03 
 2.093669e+00 -3.056865e-03 
 2.094066e+00 -8.316275e-04 
 2.094464e+00  1.505176e-03 
 2.094862e+00  3.934407e-03 
 2.095259e+00  6.413440e-03 
 2.095657e+00  8.899689e-03 
 2.096055e+00  1.133640e-02 
 2.096453e+00  1.366592e-02 
 2.096850e+00  1.581980e-02 
 2.097248e+00  1.775638e-02 
 2.097646e+00  1.945447e-02 
 2.098043e+00  2.090655e-02 
 2.098441e+00  2.212852e-02 
 2.098839e+00  2.311593e-02 
 2.099236e+00  2.386887e-02 
 2.099634e+00  2.437516e-02 
 2.100032e+00  2.464638e-02 
 2.100429e+00  2.470925e-02 
 2.100827e+00  2.458489e-02 
 2.101225e+00  2.431850e-02 
 2.101623e+00  2.394833e-02 
 2.102020e+00  2.350723e-02 
 2.102418e+00  2.301719e-02 
 2.102816e+00  2.247102e-02 
 2.103213e+00  2.187011e-02 
 2.103611e+00  2.118692e-02 
 2.104009e+00  2.041304e-02 
 2.104406e+00  1.952504e-02 
 2.104804e+00  1.851986e-02 
 2.105202e+00  1.740557e-02 
 2.105600e+00  1.618668e-02 
 2.105997e+00  1.488212e-02 
 2.106395e+00  1.350223e-02 
 2.106793e+00  1.207672e-02 
 2.107190e+00  1.062621e-02 
 2.107588e+00  9.151943e-03 
 2.107986e+00  7.662354e-03 
 2.108383e+00  6.162379e-03 
 2.108781e+00  4.637348e-03 
 2.109179e+00  3.079728e-03 
 2.109576e+00  1.506739e-03 
 2.109974e+00 -5.553733e-05 
 2.110372e+00 -1.570062e-03 
 2.110770e+00 -2.999099e-03 
 2.111167e+00 -4.281817e-03 
 2.111565e+00 -5.366917e-03 
 2.111963e+00 -6.234013e-03 
 2.112360e+00 -6.878729e-03 
 2.112758e+00 -7.305719e-03 
 2.113156e+00 -7.522329e-03 
 2.113553e+00 -7.531545e-03 
 2.113951e+00 -7.353448e-03 
 2.114349e+00 -7.002044e-03 
 2.114747e+00 -6.501175e-03 
 2.115144e+00 -5.872725e-03 
 2.115542e+00 -5.147347e-03 
 2.115940e+00 -4.348776e-03 
 2.116337e+00 -3.503781e-03 
 2.116735e+00 -2.620376e-03 
 2.117133e+00 -1.695895e-03 
 2.117530e+00 -7.161201e-04 
 2.117928e+00  3.378788e-04 
 2.118326e+00  1.480522e-03 
 2.118723e+00  2.717115e-03 
 2.119121e+00  4.053568e-03 
 2.119519e+00  5.485285e-03 
 2.119917e+00  7.000607e-03 
 2.120314e+00  8.595546e-03 
 2.120712e+00  1.025372e-02 
 2.121110e+00  1.196685e-02 
 2.121507e+00  1.371430e-02 
 2.121905e+00  1.546550e-02 
 2.122303e+00  1.718786e-02 
 2.122700e+00  1.883269e-02 
 2.123098e+00  2.035373e-02 
 2.123496e+00  2.170670e-02 
 2.123894e+00  2.283605e-02 
 2.124291e+00  2.370892e-02 
 2.124689e+00  2.431831e-02 
 2.125087e+00  2.466239e-02 
 2.125484e+00  2.474875e-02 
 2.125882e+00  2.459884e-02 
 2.126280e+00  2.423473e-02 
 2.126677e+00  2.367929e-02 
 2.127075e+00  2.295186e-02 
 2.127473e+00  2.206846e-02 
 2.127870e+00  2.103964e-02 
 2.128268e+00  1.985533e-02 
 2.128666e+00  1.850716e-02 
 2.129064e+00  1.698813e-02 
 2.129461e+00  1.528185e-02 
 2.129859e+00  1.339825e-02 
 2.130257e+00  1.135983e-02 
 2.130654e+00  9.192658e-03 
 2.131052e+00  6.936751e-03 
 2.131450e+00  4.601771e-03 
 2.131847e+00  2.210745e-03 
 2.132245e+00 -2.366810e-04 
 2.132643e+00 -2.732285e-03 
 2.133041e+00 -5.263491e-03 
 2.133438e+00 -7.807422e-03 
 2.133836e+00 -1.034143e-02 
 2.134234e+00 -1.284020e-02 
 2.134631e+00 -1.526081e-02 
 2.135029e+00 -1.757356e-02 
 2.135427e+00 -1.975546e-02 
 2.135824e+00 -2.180468e-02 
 2.136222e+00 -2.370582e-02 
 2.136620e+00 -2.544294e-02 
 2.137017e+00 -2.700087e-02 
 2.137415e+00 -2.835419e-02 
 2.137813e+00 -2.947376e-02 
 2.138211e+00 -3.035168e-02 
 2.138608e+00 -3.100010e-02 
 2.139006e+00 -3.144200e-02 
 2.139404e+00 -3.170295e-02 
 2.139801e+00 -3.180210e-02 
 2.140199e+00 -3.173811e-02 
 2.140597e+00 -3.149427e-02 
 2.140994e+00 -3.105869e-02 
 2.141392e+00 -3.043171e-02 
 2.141790e+00 -2.961730e-02 
 2.142187e+00 -2.862845e-02 
 2.142585e+00 -2.748090e-02 
 2.142983e+00 -2.618900e-02 
 2.143381e+00 -2.477401e-02 
 2.143778e+00 -2.324361e-02 
 2.144176e+00 -2.161606e-02 
 2.144574e+00 -1.989903e-02 
 2.144971e+00 -1.810371e-02 
 2.145369e+00 -1.624922e-02 
 2.145767e+00 -1.434918e-02 
 2.146164e+00 -1.240023e-02 
 2.146562e+00 -1.039923e-02 
 2.146960e+00 -8.342689e-03 
 2.147358e+00 -6.228427e-03 
 2.147755e+00 -4.094662e-03 
 2.148153e+00 -1.961511e-03 
 2.148551e+00  1.160779e-04 
 2.148948e+00  2.101434e-03 
 2.149346e+00  3.982175e-03 
 2.149744e+00  5.782640e-03 
 2.150141e+00  7.509266e-03 
 2.150539e+00  9.167450e-03 
 2.150937e+00  1.074580e-02 
 2.151334e+00  1.223452e-02 
 2.151732e+00  1.359542e-02 
 2.152130e+00  1.480606e-02 
 2.152528e+00  1.586195e-02 
 2.152925e+00  1.674283e-02 
 2.153323e+00  1.745810e-02 
 2.153721e+00  1.801539e-02 
 2.154118e+00  1.841156e-02 
 2.154516e+00  1.864192e-02 
 2.154914e+00  1.869557e-02 
 2.155311e+00  1.855890e-02 
 2.155709e+00  1.823471e-02 
 2.156107e+00  1.773135e-02 
 2.156505e+00  1.706795e-02 
 2.156902e+00  1.625494e-02 
 2.157300e+00  1.529949e-02 
 2.157698e+00  1.420399e-02 
 2.158095e+00  1.295737e-02 
 2.158493e+00  1.155770e-02 
 2.158891e+00  1.002501e-02 
 2.159288e+00  8.376037e-03 
 2.159686e+00  6.661883e-03 
 2.160084e+00  4.913644e-03 
 2.160481e+00  3.169369e-03 
 2.160879e+00  1.472611e-03 
 2.161277e+00 -1.427595e-04 
 2.161675e+00 -1.637722e-03 
 2.162072e+00 -2.997262e-03 
 2.162470e+00 -4.193732e-03 
 2.162868e+00 -5.211166e-03 
 2.163265e+00 -6.047412e-03 
 2.163663e+00 -6.724056e-03 
 2.164061e+00 -7.255817e-03 
 2.164458e+00 -7.661520e-03 
 2.164856e+00 -7.953548e-03 
 2.165254e+00 -8.132798e-03 
 2.165652e+00 -8.179930e-03 
 2.166049e+00 -8.089830e-03 
 2.166447e+00 -7.854032e-03 
 2.166845e+00 -7.486199e-03 
 2.167242e+00 -6.995471e-03 
 2.167640e+00 -6.396414e-03 
 2.168038e+00 -5.698582e-03 
 2.168435e+00 -4.892652e-03 
 2.168833e+00 -3.943467e-03 
 2.169231e+00 -2.835316e-03 
 2.169628e+00 -1.547541e-03 
 2.170026e+00 -8.383339e-05 
 2.170424e+00  1.551864e-03 
 2.170822e+00  3.342017e-03 
 2.171219e+00  5.260266e-03 
 2.171617e+00  7.274723e-03 
 2.172015e+00  9.346643e-03 
 2.172412e+00  1.144418e-02 
 2.172810e+00  1.353802e-02 
 2.173208e+00  1.559306e-02 
 2.173605e+00  1.756415e-02 
 2.174003e+00  1.940663e-02 
 2.174401e+00  2.109825e-02 
 2.174799e+00  2.260786e-02 
 2.175196e+00  2.391250e-02 
 2.175594e+00  2.499499e-02 
 2.175992e+00  2.583352e-02 
 2.176389e+00  2.642880e-02 
 2.176787e+00  2.675702e-02 
 2.177185e+00  2.681503e-02 
 2.177582e+00  2.662063e-02 
 2.177980e+00  2.618941e-02 
 2.178378e+00  2.556078e-02 
 2.178775e+00  2.476641e-02 
 2.179173e+00  2.384217e-02 
 2.179571e+00  2.281839e-02 
 2.179969e+00  2.170490e-02 
 2.180366e+00  2.053273e-02 
 2.180764e+00  1.933658e-02 
 2.181162e+00  1.813134e-02 
 2.181559e+00  1.692977e-02 
 2.181957e+00  1.571620e-02 
 2.182355e+00  1.445667e-02 
 2.182752e+00  1.310019e-02 
 2.183150e+00  1.161255e-02 
 2.183548e+00  9.956080e-03 
 2.183946e+00  8.115593e-03 
 2.184343e+00  6.088497e-03 
 2.184741e+00  3.896328e-03 
 2.185139e+00  1.562392e-03 
 2.185536e+00 -8.824936e-04 
 2.185934e+00 -3.386511e-03 
 2.186332e+00 -5.904737e-03 
 2.186729e+00 -8.379947e-03 
 2.187127e+00 -1.078401e-02 
 2.187525e+00 -1.305758e-02 
 2.187922e+00 -1.515581e-02 
 2.188320e+00 -1.703061e-02 
 2.188718e+00 -1.864279e-02 
 2.189116e+00 -1.995178e-02 
 2.189513e+00 -2.094807e-02 
 2.189911e+00 -2.160201e-02 
 2.190309e+00 -2.193862e-02 
 2.190706e+00 -2.197572e-02 
 2.191104e+00 -2.174340e-02 
 2.191502e+00 -2.128940e-02 
 2.191899e+00 -2.063641e-02 
 2.192297e+00 -1.980642e-02 
 2.192695e+00 -1.882763e-02 
 2.193093e+00 -1.770207e-02 
 2.193490e+00 -1.645776e-02 
 2.193888e+00 -1.509661e-02 
 2.194286e+00 -1.362697e-02 
 2.194683e+00 -1.204793e-02 
 2.195081e+00 -1.036016e-02 
 2.195479e+00 -8.559356e-03 
 2.195876e+00 -6.643416e-03 
 2.196274e+00 -4.607377e-03 
 2.196672e+00 -2.460211e-03 
 2.197069e+00 -2.072501e-04 
 2.197467e+00  2.144605e-03 
 2.197865e+00  4.592281e-03 
 2.198263e+00  7.114334e-03 
 2.198660e+00  9.700207e-03 
 2.199058e+00  1.232066e-02 
 2.199456e+00  1.495649e-02 
 2.199853e+00  1.758778e-02 
 2.200251e+00  2.018905e-02 
 2.200649e+00  2.273180e-02 
 2.201046e+00  2.520133e-02 
 2.201444e+00  2.757145e-02 
 2.201842e+00  2.981450e-02 
 2.202240e+00  3.188015e-02 
 2.202637e+00  3.373753e-02 
 2.203035e+00  3.533647e-02 
 2.203433e+00  3.665485e-02 
 2.203830e+00  3.766693e-02 
 2.204228e+00  3.837655e-02 
 2.204626e+00  3.879722e-02 
 2.205023e+00  3.896465e-02 
 2.205421e+00  3.892003e-02 
 2.205819e+00  3.869003e-02 
 2.206216e+00  3.828305e-02 
 2.206614e+00  3.770789e-02 
 2.207012e+00  3.698496e-02 
 2.207410e+00  3.614065e-02 
 2.207807e+00  3.520290e-02 
 2.208205e+00  3.420471e-02 
 2.208603e+00  3.317006e-02 
 2.209000e+00  3.212043e-02 
 2.209398e+00  3.106330e-02 
 2.209796e+00  2.999353e-02 
 2.210193e+00  2.891213e-02 
 2.210591e+00  2.781958e-02 
 2.210989e+00  2.672059e-02 
 2.211387e+00  2.560636e-02 
 2.211784e+00  2.445408e-02 
 2.212182e+00  2.325813e-02 
 2.212580e+00  2.199735e-02 
 2.212977e+00  2.067275e-02 
 2.213375e+00  1.928368e-02 
 2.213773e+00  1.783601e-02 
 2.214170e+00  1.633501e-02 
 2.214568e+00  1.482197e-02 
 2.214966e+00  1.331967e-02 
 2.215363e+00  1.184409e-02 
 2.215761e+00  1.039480e-02 
 2.216159e+00  8.975499e-03 
 2.216557e+00  7.603179e-03 
 2.216954e+00  6.303715e-03 
 2.217352e+00  5.093111e-03 
 2.217750e+00  3.988852e-03 
 2.218147e+00  2.990113e-03 
 2.218545e+00  2.087622e-03 
 2.218943e+00  1.275924e-03 
 2.219340e+00  5.292443e-04 
 2.219738e+00 -1.480423e-04 
 2.220136e+00 -7.644310e-04 
 2.220534e+00 -1.315236e-03 
 2.220931e+00 -1.800754e-03 
 2.221329e+00 -2.226158e-03 
 2.221727e+00 -2.607201e-03 
 2.222124e+00 -2.954650e-03 
 2.222522e+00 -3.279362e-03 
 2.222920e+00 -3.587981e-03 
 2.223317e+00 -3.879350e-03 
 2.223715e+00 -4.141859e-03 
 2.224113e+00 -4.353261e-03 
 2.224510e+00 -4.503377e-03 
 2.224908e+00 -4.578670e-03 
 2.225306e+00 -4.589047e-03 
 2.225704e+00 -4.551973e-03 
 2.226101e+00 -4.476757e-03 
 2.226499e+00 -4.369000e-03 
 2.226897e+00 -4.241477e-03 
 2.227294e+00 -4.098308e-03 
 2.227692e+00 -3.949322e-03 
 2.228090e+00 -3.805897e-03 
 2.228487e+00 -3.690976e-03 
 2.228885e+00 -3.606714e-03 
 2.229283e+00 -3.559423e-03 
 2.229681e+00 -3.541685e-03 
 2.230078e+00 -3.539876e-03 
 2.230476e+00 -3.553510e-03 
 2.230874e+00 -3.574851e-03 
 2.231271e+00 -3.615454e-03 
 2.231669e+00 -3.691229e-03 
 2.232067e+00 -3.814921e-03 
 2.232464e+00 -3.992410e-03 
 2.232862e+00 -4.232091e-03 
 2.233260e+00 -4.545561e-03 
 2.233657e+00 -4.909202e-03 
 2.234055e+00 -5.334264e-03 
 2.234453e+00 -5.814664e-03 
 2.234851e+00 -6.375634e-03 
 2.235248e+00 -7.038183e-03 
 2.235646e+00 -7.796515e-03 
 2.236044e+00 -8.650845e-03 
 2.236441e+00 -9.577397e-03 
 2.236839e+00 -1.056194e-02 
 2.237237e+00 -1.158158e-02 
 2.237634e+00 -1.261772e-02 
 2.238032e+00 -1.365259e-02 
 2.238430e+00 -1.467267e-02 
 2.238828e+00 -1.566190e-02 
 2.239225e+00 -1.658142e-02 
 2.239623e+00 -1.740878e-02 
 2.240021e+00 -1.810798e-02 
 2.240418e+00 -1.866888e-02 
 2.240816e+00 -1.907415e-02 
 2.241214e+00 -1.932124e-02 
 2.241611e+00 -1.941605e-02 
 2.242009e+00 -1.935484e-02 
 2.242407e+00 -1.914720e-02 
 2.242804e+00 -1.880515e-02 
 2.243202e+00 -1.833117e-02 
 2.243600e+00 -1.773059e-02 
 2.243998e+00 -1.702651e-02 
 2.244395e+00 -1.624675e-02 
 2.244793e+00 -1.541780e-02 
 2.245191e+00 -1.455480e-02 
 2.245588e+00 -1.365165e-02 
 2.245986e+00 -1.271238e-02 
 2.246384e+00 -1.170961e-02 
 2.246781e+00 -1.062762e-02 
 2.247179e+00 -9.461400e-03 
 2.247577e+00 -8.201417e-03 
 2.247975e+00 -6.839550e-03 
 2.248372e+00 -5.360240e-03 
 2.248770e+00 -3.762432e-03 
 2.249168e+00 -2.034109e-03 
 2.249565e+00 -1.833018e-04 
 2.249963e+00  1.767600e-03 
 2.250361e+00  3.785583e-03 
 2.250758e+00  5.830993e-03 
 2.251156e+00  7.869775e-03 
 2.251554e+00  9.854703e-03 
 2.251951e+00  1.175538e-02 
 2.252349e+00  1.354483e-02 
 2.252747e+00  1.521128e-02 
 2.253145e+00  1.675406e-02 
 2.253542e+00  1.816717e-02 
 2.253940e+00  1.944809e-02 
 2.254338e+00  2.060010e-02 
 2.254735e+00  2.163470e-02 
 2.255133e+00  2.257592e-02 
 2.255531e+00  2.344027e-02 
 2.255928e+00  2.426202e-02 
 2.256326e+00  2.503955e-02 
 2.256724e+00  2.579419e-02 
 2.257122e+00  2.651193e-02 
 2.257519e+00  2.717308e-02 
 2.257917e+00  2.776430e-02 
 2.258315e+00  2.826848e-02 
 2.258712e+00  2.868264e-02 
 2.259110e+00  2.899315e-02 
 2.259508e+00  2.917451e-02 
 2.259905e+00  2.921223e-02 
 2.260303e+00  2.908174e-02 
 2.260701e+00  2.876388e-02 
 2.261098e+00  2.824570e-02 
 2.261496e+00  2.753166e-02 
 2.261894e+00  2.662497e-02 
 2.262292e+00  2.554763e-02 
 2.262689e+00  2.431972e-02 
 2.263087e+00  2.295189e-02 
 2.263485e+00  2.144047e-02 
 2.263882e+00  1.978469e-02 
 2.264280e+00  1.798875e-02 
 2.264678e+00  1.606947e-02 
 2.265075e+00  1.404219e-02 
 2.265473e+00  1.193392e-02 
 2.265871e+00  9.782857e-03 
 2.266269e+00  7.611329e-03 
 2.266666e+00  5.447071e-03 
 2.267064e+00  3.309805e-03 
 2.267462e+00  1.220475e-03 
 2.267859e+00 -7.999143e-04 
 2.268257e+00 -2.725025e-03 
 2.268655e+00 -4.536035e-03 
 2.269052e+00 -6.210106e-03 
 2.269450e+00 -7.747212e-03 
 2.269848e+00 -9.147236e-03 
 2.270245e+00 -1.042623e-02 
 2.270643e+00 -1.160213e-02 
 2.271041e+00 -1.269129e-02 
 2.271439e+00 -1.370287e-02 
 2.271836e+00 -1.460946e-02 
 2.272234e+00 -1.538927e-02 
 2.272632e+00 -1.604008e-02 
 2.273029e+00 -1.654525e-02 
 2.273427e+00 -1.689837e-02 
 2.273825e+00 -1.710681e-02 
 2.274222e+00 -1.714965e-02 
 2.274620e+00 -1.700750e-02 
 2.275018e+00 -1.666560e-02 
 2.275416e+00 -1.612173e-02 
 2.275813e+00 -1.538106e-02 
 2.276211e+00 -1.446742e-02 
 2.276609e+00 -1.341344e-02 
 2.277006e+00 -1.226137e-02 
 2.277404e+00 -1.103822e-02 
 2.277802e+00 -9.775160e-03 
 2.278199e+00 -8.492026e-03 
 2.278597e+00 -7.220121e-03 
 2.278995e+00 -5.993492e-03 
 2.279392e+00 -4.843405e-03 
 2.279790e+00 -3.824695e-03 
 2.280188e+00 -2.962518e-03 
 2.280586e+00 -2.264225e-03 
 2.280983e+00 -1.724372e-03 
 2.281381e+00 -1.313912e-03 
 2.281779e+00 -1.007780e-03 
 2.282176e+00 -7.816744e-04 
 2.282574e+00 -6.277009e-04 
 2.282972e+00 -5.415223e-04 
 2.283369e+00 -5.251831e-04 
 2.283767e+00 -5.456424e-04 
 2.284165e+00 -5.804637e-04 
 2.284563e+00 -5.903680e-04 
 2.284960e+00 -5.523810e-04 
 2.285358e+00 -4.501116e-04 
 2.285756e+00 -2.817679e-04 
 2.286153e+00 -6.889997e-05 
 2.286551e+00  1.661298e-04 
 2.286949e+00  4.092583e-04 
 2.287346e+00  6.444857e-04 
 2.287744e+00  8.733137e-04 
 2.288142e+00  1.086931e-03 
 2.288539e+00  1.264085e-03 
 2.288937e+00  1.388185e-03 
 2.289335e+00  1.444041e-03 
 2.289733e+00  1.412218e-03 
 2.290130e+00  1.291708e-03 
 2.290528e+00  1.111163e-03 
 2.290926e+00  9.077199e-04 
 2.291323e+00  7.354730e-04 
 2.291721e+00  6.377464e-04 
 2.292119e+00  6.441032e-04 
 2.292516e+00  7.784051e-04 
 2.292914e+00  1.064143e-03 
 2.293312e+00  1.531286e-03 
 2.293710e+00  2.199007e-03 
 2.294107e+00  3.092604e-03 
 2.294505e+00  4.217675e-03 
 2.294903e+00  5.551800e-03 
 2.295300e+00  7.061444e-03 
 2.295698e+00  8.700092e-03 
 2.296096e+00  1.041751e-02 
 2.296493e+00  1.217489e-02 
 2.296891e+00  1.394332e-02 
 2.297289e+00  1.568756e-02 
 2.297686e+00  1.737857e-02 
 2.298084e+00  1.900689e-02 
 2.298482e+00  2.053500e-02 
 2.298880e+00  2.193363e-02 
 2.299277e+00  2.319069e-02 
 2.299675e+00  2.430640e-02 
 2.300073e+00  2.529461e-02 
 2.300470e+00  2.619395e-02 
 2.300868e+00  2.702800e-02 
 2.301266e+00  2.782691e-02 
 2.301663e+00  2.860084e-02 
 2.302061e+00  2.933749e-02 
 2.302459e+00  3.004061e-02 
 2.302857e+00  3.073649e-02 
 2.303254e+00  3.141333e-02 
 2.303652e+00  3.205796e-02 
 2.304050e+00  3.274801e-02 
 2.304447e+00  3.347560e-02 
 2.304845e+00  3.418943e-02 
 2.305243e+00  3.492037e-02 
 2.305640e+00  3.555066e-02 
 2.306038e+00  3.603821e-02 
 2.306436e+00  3.639142e-02 
 2.306833e+00  3.654854e-02 
 2.307231e+00  3.657025e-02 
 2.307629e+00  3.639126e-02 
 2.308027e+00  3.603539e-02 
 2.308424e+00  3.547578e-02 
 2.308822e+00  3.466401e-02 
 2.309220e+00  3.364005e-02 
 2.309617e+00  3.241471e-02 
 2.310015e+00  3.100642e-02 
 2.310413e+00  2.944779e-02 
 2.310810e+00  2.773577e-02 
 2.311208e+00  2.589285e-02 
 2.311606e+00  2.392243e-02 
 2.312004e+00  2.184976e-02 
 2.312401e+00  1.972372e-02 
 2.312799e+00  1.754686e-02 
 2.313197e+00  1.535589e-02 
 2.313594e+00  1.316658e-02 
 2.313992e+00  1.100333e-02 
 2.314390e+00  8.860356e-03 
 2.314787e+00  6.739825e-03 
 2.315185e+00  4.676231e-03 
 2.315583e+00  2.695565e-03 
 2.315980e+00  8.221184e-04 
 2.316378e+00 -8.832005e-04 
 2.316776e+00 -2.383978e-03 
 2.317174e+00 -3.682060e-03 
 2.317571e+00 -4.794508e-03 
 2.317969e+00 -5.758542e-03 
 2.318367e+00 -6.610856e-03 
 2.318764e+00 -7.387914e-03 
 2.319162e+00 -8.071157e-03 
 2.319560e+00 -8.656920e-03 
 2.319957e+00 -9.121401e-03 
 2.320355e+00 -9.487999e-03 
 2.320753e+00 -9.795112e-03 
 2.321151e+00 -1.006891e-02 
 2.321548e+00 -1.033357e-02 
 2.321946e+00 -1.059604e-02 
 2.322344e+00 -1.084804e-02 
 2.322741e+00 -1.105364e-02 
 2.323139e+00 -1.119813e-02 
 2.323537e+00 -1.127378e-02 
 2.323934e+00 -1.125494e-02 
 2.324332e+00 -1.112096e-02 
 2.324730e+00 -1.086501e-02 
 2.325127e+00 -1.049534e-02 
 2.325525e+00 -1.002071e-02 
 2.325923e+00 -9.470205e-03 
 2.326321e+00 -8.865474e-03 
 2.326718e+00 -8.247305e-03 
 2.327116e+00 -7.650507e-03 
 2.327514e+00 -7.085723e-03 
 2.327911e+00 -6.558452e-03 
 2.328309e+00 -6.091135e-03 
 2.328707e+00 -5.655525e-03 
 2.329104e+00 -5.249899e-03 
 2.329502e+00 -4.883039e-03 
 2.329900e+00 -4.567747e-03 
 2.330298e+00 -4.320018e-03 
 2.330695e+00 -4.144589e-03 
 2.331093e+00 -4.031253e-03 
 2.331491e+00 -3.979606e-03 
 2.331888e+00 -3.981380e-03 
 2.332286e+00 -4.011681e-03 
 2.332684e+00 -4.052525e-03 
 2.333081e+00 -4.112091e-03 
 2.333479e+00 -4.174210e-03 
 2.333877e+00 -4.259228e-03 
 2.334274e+00 -4.382299e-03 
 2.334672e+00 -4.540370e-03 
 2.335070e+00 -4.717608e-03 
 2.335468e+00 -4.852234e-03 
 2.335865e+00 -4.919692e-03 
 2.336263e+00 -4.879571e-03 
 2.336661e+00 -4.744095e-03 
 2.337058e+00 -4.526428e-03 
 2.337456e+00 -4.263656e-03 
 2.337854e+00 -3.976881e-03 
 2.338251e+00 -3.678357e-03 
 2.338649e+00 -3.390905e-03 
 2.339047e+00 -3.127672e-03 
 2.339445e+00 -2.896516e-03 
 2.339842e+00 -2.715458e-03 
 2.340240e+00 -2.607752e-03 
 2.340638e+00 -2.567528e-03 
 2.341035e+00 -2.564515e-03 
 2.341433e+00 -2.615679e-03 
 2.341831e+00 -2.694054e-03 
 2.342228e+00 -2.795882e-03 
 2.342626e+00 -2.902403e-03 
 2.343024e+00 -2.978362e-03 
 2.343421e+00 -2.996611e-03 
 2.343819e+00 -2.902135e-03 
 2.344217e+00 -2.674619e-03 
 2.344615e+00 -2.291993e-03 
 2.345012e+00 -1.748676e-03 
 2.345410e+00 -1.050348e-03 
 2.345808e+00 -2.187540e-04 
 2.346205e+00  7.086406e-04 
 2.346603e+00  1.711687e-03 
 2.347001e+00  2.774647e-03 
 2.347398e+00  3.863779e-03 
 2.347796e+00  4.984935e-03 
 2.348194e+00  6.118937e-03 
 2.348592e+00  7.237334e-03 
 2.348989e+00  8.324766e-03 
 2.349387e+00  9.343518e-03 
 2.349785e+00  1.025025e-02 
 2.350182e+00  1.103489e-02 
 2.350580e+00  1.168169e-02 
 2.350978e+00  1.222106e-02 
 2.351375e+00  1.267036e-02 
 2.351773e+00  1.305774e-02 
 2.352171e+00  1.343653e-02 
 2.352568e+00  1.382049e-02 
 2.352966e+00  1.420672e-02 
 2.353364e+00  1.461805e-02 
 2.353762e+00  1.504816e-02 
 2.354159e+00  1.551293e-02 
 2.354557e+00  1.599861e-02 
 2.354955e+00  1.648298e-02 
 2.355352e+00  1.695441e-02 
 2.355750e+00  1.738235e-02 
 2.356148e+00  1.774920e-02 
 2.356545e+00  1.800250e-02 
 2.356943e+00  1.810515e-02 
 2.357341e+00  1.800868e-02 
 2.357739e+00  1.767560e-02 
 2.358136e+00  1.707748e-02 
 2.358534e+00  1.621108e-02 
 2.358932e+00  1.509558e-02 
 2.359329e+00  1.376542e-02 
 2.359727e+00  1.225170e-02 
 2.360125e+00  1.062711e-02 
 2.360522e+00  8.931650e-03 
 2.360920e+00  7.216248e-03 
 2.361318e+00  5.519730e-03 
 2.361715e+00  3.888522e-03 
 2.362113e+00  2.354256e-03 
 2.362511e+00  9.231698e-04 
 2.362909e+00 -3.942258e-04 
 2.363306e+00 -1.585154e-03 
 2.363704e+00 -2.672500e-03 
 2.364102e+00 -3.663586e-03 
 2.364499e+00 -4.563376e-03 
 2.364897e+00 -5.382827e-03 
 2.365295e+00 -6.157405e-03 
 2.365692e+00 -6.915547e-03 
 2.366090e+00 -7.670005e-03 
 2.366488e+00 -8.450595e-03 
 2.366886e+00 -9.253547e-03 
 2.367283e+00 -1.005166e-02 
 2.367681e+00 -1.081634e-02 
 2.368079e+00 -1.153360e-02 
 2.368476e+00 -1.219616e-02 
 2.368874e+00 -1.279114e-02 
 2.369272e+00 -1.332393e-02 
 2.369669e+00 -1.379721e-02 
 2.370067e+00 -1.419339e-02 
 2.370465e+00 -1.448998e-02 
 2.370862e+00 -1.466497e-02 
 2.371260e+00 -1.472900e-02 
 2.371658e+00 -1.466853e-02 
 2.372056e+00 -1.449933e-02 
 2.372453e+00 -1.421287e-02 
 2.372851e+00 -1.382046e-02 
 2.373249e+00 -1.332990e-02 
 2.373646e+00 -1.276195e-02 
 2.374044e+00 -1.212890e-02 
 2.374442e+00 -1.145149e-02 
 2.374839e+00 -1.075498e-02 
 2.375237e+00 -1.005808e-02 
 2.375635e+00 -9.367237e-03 
 2.376033e+00 -8.690636e-03 
 2.376430e+00 -8.031970e-03 
 2.376828e+00 -7.389022e-03 
 2.377226e+00 -6.761533e-03 
 2.377623e+00 -6.153700e-03 
 2.378021e+00 -5.555952e-03 
 2.378419e+00 -4.946059e-03 
 2.378816e+00 -4.302827e-03 
 2.379214e+00 -3.601732e-03 
 2.379612e+00 -2.806214e-03 
 2.380009e+00 -1.884807e-03 
 2.380407e+00 -8.059667e-04 
 2.380805e+00  4.199273e-04 
 2.381203e+00  1.752838e-03 
 2.381600e+00  3.158659e-03 
 2.381998e+00  4.596047e-03 
 2.382396e+00  6.027208e-03 
 2.382793e+00  7.440942e-03 
 2.383191e+00  8.815052e-03 
 2.383589e+00  1.012400e-02 
 2.383986e+00  1.133050e-02 
 2.384384e+00  1.237584e-02 
 2.384782e+00  1.323301e-02 
 2.385180e+00  1.387075e-02 
 2.385577e+00  1.427970e-02 
 2.385975e+00  1.445940e-02 
 2.386373e+00  1.442968e-02 
 2.386770e+00  1.422840e-02 
 2.387168e+00  1.386672e-02 
 2.387566e+00  1.335838e-02 
 2.387963e+00  1.274778e-02 
 2.388361e+00  1.206030e-02 
 2.388759e+00  1.134311e-02 
 2.389156e+00  1.062105e-02 
 2.389554e+00  9.932740e-03 
 2.389952e+00  9.304626e-03 
 2.390350e+00  8.732327e-03 
 2.390747e+00  8.229629e-03 
 2.391145e+00  7.789559e-03 
 2.391543e+00  7.433289e-03 
 2.391940e+00  7.168965e-03 
 2.392338e+00  7.015542e-03 
 2.392736e+00  6.955138e-03 
 2.393133e+00  6.942753e-03 
 2.393531e+00  6.939789e-03 
 2.393929e+00  6.917635e-03 
 2.394327e+00  6.852447e-03 
 2.394724e+00  6.738997e-03 
 2.395122e+00  6.587110e-03 
 2.395520e+00  6.431193e-03 
 2.395917e+00  6.288035e-03 
 2.396315e+00  6.174986e-03 
 2.396713e+00  6.110567e-03 
 2.397110e+00  6.103666e-03 
 2.397508e+00  6.177112e-03 
 2.397906e+00  6.360052e-03 
 2.398303e+00  6.690393e-03 
 2.398701e+00  7.223820e-03 
 2.399099e+00  7.984265e-03 
 2.399497e+00  8.984675e-03 
 2.399894e+00  1.022076e-02 
 2.400292e+00  1.166826e-02 
 2.400690e+00  1.327218e-02 
 2.401087e+00  1.499591e-02 
 2.401485e+00  1.681691e-02 
 2.401883e+00  1.869750e-02 
 2.402280e+00  2.059882e-02 
 2.402678e+00  2.246840e-02 
 2.403076e+00  2.427022e-02 
 2.403474e+00  2.596369e-02 
 2.403871e+00  2.751096e-02 
 2.404269e+00  2.888196e-02 
 2.404667e+00  3.006875e-02 
 2.405064e+00  3.107014e-02 
 2.405462e+00  3.187927e-02 
 2.405860e+00  3.247338e-02 
 2.406257e+00  3.285266e-02 
 2.406655e+00  3.301881e-02 
 2.407053e+00  3.298846e-02 
 2.407450e+00  3.279812e-02 
 2.407848e+00  3.247803e-02 
 2.408246e+00  3.204984e-02 
 2.408644e+00  3.151022e-02 
 2.409041e+00  3.088881e-02 
 2.409439e+00  3.018595e-02 
 2.409837e+00  2.942397e-02 
 2.410234e+00  2.861522e-02 
 2.410632e+00  2.778410e-02 
 2.411030e+00  2.696705e-02 
 2.411427e+00  2.617885e-02 
 2.411825e+00  2.541460e-02 
 2.412223e+00  2.464725e-02 
 2.412621e+00  2.385020e-02 
 2.413018e+00  2.300920e-02 
 2.413416e+00  2.209796e-02 
 2.413814e+00  2.109431e-02 
 2.414211e+00  1.999504e-02 
 2.414609e+00  1.882761e-02 
 2.415007e+00  1.758570e-02 
 2.415404e+00  1.627928e-02 
 2.415802e+00  1.491487e-02 
 2.416200e+00  1.349731e-02 
 2.416597e+00  1.201365e-02 
 2.416995e+00  1.046219e-02 
 2.417393e+00  8.842399e-03 
 2.417791e+00  7.176047e-03 
 2.418188e+00  5.474557e-03 
 2.418586e+00  3.763079e-03 
 2.418984e+00  2.076954e-03 
 2.419381e+00  4.301938e-04 
 2.419779e+00 -1.145257e-03 
 2.420177e+00 -2.618479e-03 
 2.420574e+00 -3.964420e-03 
 2.420972e+00 -5.146809e-03 
 2.421370e+00 -6.157153e-03 
 2.421768e+00 -6.991730e-03 
 2.422165e+00 -7.632284e-03 
 2.422563e+00 -8.086431e-03 
 2.422961e+00 -8.350367e-03 
 2.423358e+00 -8.428500e-03 
 2.423756e+00 -8.320666e-03 
 2.424154e+00 -8.065403e-03 
 2.424551e+00 -7.693916e-03 
 2.424949e+00 -7.262381e-03 
 2.425347e+00 -6.829166e-03 
 2.425744e+00 -6.434591e-03 
 2.426142e+00 -6.116041e-03 
 2.426540e+00 -5.875897e-03 
 2.426938e+00 -5.716873e-03 
 2.427335e+00 -5.631661e-03 
 2.427733e+00 -5.600298e-03 
 2.428131e+00 -5.604363e-03 
 2.428528e+00 -5.623421e-03 
 2.428926e+00 -5.655300e-03 
 2.429324e+00 -5.670570e-03 
 2.429721e+00 -5.655177e-03 
 2.430119e+00 -5.567454e-03 
 2.430517e+00 -5.385702e-03 
 2.430915e+00 -5.084952e-03 
 2.431312e+00 -4.660759e-03 
 2.431710e+00 -4.133543e-03 
 2.432108e+00 -3.538225e-03 
 2.432505e+00 -2.936674e-03 
 2.432903e+00 -2.378024e-03 
 2.433301e+00 -1.918132e-03 
 2.433698e+00 -1.578048e-03 
 2.434096e+00 -1.355651e-03 
 2.434494e+00 -1.266607e-03 
 2.434891e+00 -1.325592e-03 
 2.435289e+00 -1.531711e-03 
 2.435687e+00 -1.888624e-03 
 2.436085e+00 -2.393994e-03 
 2.436482e+00 -3.007292e-03 
 2.436880e+00 -3.709023e-03 
 2.437278e+00 -4.475005e-03 
 2.437675e+00 -5.276192e-03 
 2.438073e+00 -6.079103e-03 
 2.438471e+00 -6.856875e-03 
 2.438868e+00 -7.570624e-03 
 2.439266e+00 -8.192256e-03 
 2.439664e+00 -8.689923e-03 
 2.440062e+00 -9.028163e-03 
 2.440459e+00 -9.198688e-03 
 2.440857e+00 -9.179855e-03 
 2.441255e+00 -8.984912e-03 
 2.441652e+00 -8.634233e-03 
 2.442050e+00 -8.158242e-03 
 2.442448e+00 -7.572266e-03 
 2.442845e+00 -6.875802e-03 
 2.443243e+00 -6.071764e-03 
 2.443641e+00 -5.180504e-03 
 2.444038e+00 -4.210346e-03 
 2.444436e+00 -3.206685e-03 
 2.444834e+00 -2.206349e-03 
 2.445232e+00 -1.233724e-03 
 2.445629e+00 -3.114979e-04 
 2.446027e+00  5.815046e-04 
 2.446425e+00  1.460525e-03 
 2.446822e+00  2.368896e-03 
 2.447220e+00  3.342017e-03 
 2.447618e+00  4.374557e-03 
 2.448015e+00  5.467722e-03 
 2.448413e+00  6.589050e-03 
 2.448811e+00  7.730719e-03 
 2.449209e+00  8.903563e-03 
 2.449606e+00  1.012972e-02 
 2.450004e+00  1.142615e-02 
 2.450402e+00  1.278662e-02 
 2.450799e+00  1.419279e-02 
 2.451197e+00  1.561612e-02 
 2.451595e+00  1.701035e-02 
 2.451992e+00  1.833375e-02 
 2.452390e+00  1.954227e-02 
 2.452788e+00  2.061879e-02 
 2.453185e+00  2.154962e-02 
 2.453583e+00  2.230964e-02 
 2.453981e+00  2.286691e-02 
 2.454379e+00  2.321285e-02 
 2.454776e+00  2.333406e-02 
 2.455174e+00  2.326273e-02 
 2.455572e+00  2.303596e-02 
 2.455969e+00  2.268571e-02 
 2.456367e+00  2.223196e-02 
 2.456765e+00  2.167576e-02 
 2.457162e+00  2.104120e-02 
 2.457560e+00  2.032493e-02 
 2.457958e+00  1.954293e-02 
 2.458356e+00  1.871700e-02 
 2.458753e+00  1.790096e-02 
 2.459151e+00  1.713522e-02 
 2.459549e+00  1.644542e-02 
 2.459946e+00  1.583223e-02 
 2.460344e+00  1.526170e-02 
 2.460742e+00  1.470457e-02 
 2.461139e+00  1.410584e-02 
 2.461537e+00  1.341109e-02 
 2.461935e+00  1.258609e-02 
 2.462332e+00  1.161900e-02 
 2.462730e+00  1.051028e-02 
 2.463128e+00  9.245056e-03 
 2.463526e+00  7.800837e-03 
 2.463923e+00  6.180448e-03 
 2.464321e+00  4.377717e-03 
 2.464719e+00  2.413335e-03 
 2.465116e+00  3.372288e-04 
 2.465514e+00 -1.771064e-03 
 2.465912e+00 -3.859567e-03 
 2.466309e+00 -5.865356e-03 
 2.466707e+00 -7.750702e-03 
 2.467105e+00 -9.499930e-03 
 2.467503e+00 -1.108690e-02 
 2.467900e+00 -1.250597e-02 
 2.468298e+00 -1.373734e-02 
 2.468696e+00 -1.477098e-02 
 2.469093e+00 -1.561136e-02 
 2.469491e+00 -1.627985e-02 
 2.469889e+00 -1.682088e-02 
 2.470286e+00 -1.725759e-02 
 2.470684e+00 -1.760925e-02 
 2.471082e+00 -1.789450e-02 
 2.471479e+00 -1.809948e-02 
 2.471877e+00 -1.821594e-02 
 2.472275e+00 -1.824133e-02 
 2.472673e+00 -1.820216e-02 
 2.473070e+00 -1.813072e-02 
 2.473468e+00 -1.803373e-02 
 2.473866e+00 -1.789478e-02 
 2.474263e+00 -1.767630e-02 
 2.474661e+00 -1.734038e-02 
 2.475059e+00 -1.686427e-02 
 2.475456e+00 -1.622114e-02 
 2.475854e+00 -1.540590e-02 
 2.476252e+00 -1.444364e-02 
 2.476650e+00 -1.335513e-02 
 2.477047e+00 -1.216079e-02 
 2.477445e+00 -1.087822e-02 
 2.477843e+00 -9.507651e-03 
 2.478240e+00 -8.055533e-03 
 2.478638e+00 -6.536270e-03 
 2.479036e+00 -4.956236e-03 
 2.479433e+00 -3.367327e-03 
 2.479831e+00 -1.813897e-03 
 2.480229e+00 -3.272210e-04 
 2.480626e+00  1.064147e-03 
 2.481024e+00  2.335870e-03 
 2.481422e+00  3.484587e-03 
 2.481820e+00  4.517398e-03 
 2.482217e+00  5.432995e-03 
 2.482615e+00  6.228278e-03 
 2.483013e+00  6.912873e-03 
 2.483410e+00  7.521219e-03 
 2.483808e+00  8.079679e-03 
 2.484206e+00  8.633047e-03 
 2.484603e+00  9.186207e-03 
 2.485001e+00  9.749034e-03 
 2.485399e+00  1.033904e-02 
 2.485797e+00  1.095474e-02 
 2.486194e+00  1.159648e-02 
 2.486592e+00  1.225932e-02 
 2.486990e+00  1.292781e-02 
 2.487387e+00  1.358675e-02 
 2.487785e+00  1.420779e-02 
 2.488183e+00  1.475004e-02 
 2.488580e+00  1.518568e-02 
 2.488978e+00  1.549330e-02 
 2.489376e+00  1.565336e-02 
 2.489773e+00  1.568754e-02 
 2.490171e+00  1.560681e-02 
 2.490569e+00  1.545006e-02 
 2.490967e+00  1.523047e-02 
 2.491364e+00  1.497514e-02 
 2.491762e+00  1.469272e-02 
 2.492160e+00  1.440578e-02 
 2.492557e+00  1.409473e-02 
 2.492955e+00  1.376389e-02 
 2.493353e+00  1.340684e-02 
 2.493750e+00  1.303452e-02 
 2.494148e+00  1.265910e-02 
 2.494546e+00  1.228322e-02 
 2.494944e+00  1.192546e-02 
 2.495341e+00  1.160786e-02 
 2.495739e+00  1.133041e-02 
 2.496137e+00  1.108014e-02 
 2.496534e+00  1.084533e-02 
 2.496932e+00  1.063620e-02 
 2.497330e+00  1.045445e-02 
 2.497727e+00  1.032548e-02 
 2.498125e+00  1.026702e-02 
 2.498523e+00  1.028990e-02 
 2.498920e+00  1.043283e-02 
 2.499318e+00  1.068089e-02 
 2.499716e+00  1.101037e-02 
 2.500114e+00  1.140873e-02 
 2.500511e+00  1.186980e-02 
 2.500909e+00  1.239988e-02 
 2.501307e+00  1.299933e-02 
 2.501704e+00  1.365920e-02 
 2.502102e+00  1.436198e-02 
 2.502500e+00  1.511613e-02 
 2.502897e+00  1.592715e-02 
 2.503295e+00  1.680922e-02 
 2.503693e+00  1.779039e-02 
 2.504091e+00  1.889688e-02 
 2.504488e+00  2.014471e-02 
 2.504886e+00  2.154186e-02 
 2.505284e+00  2.308042e-02 
 2.505681e+00  2.473478e-02 
 2.506079e+00  2.644963e-02 
 2.506477e+00  2.818349e-02 
 2.506874e+00  2.991423e-02 
 2.507272e+00  3.158341e-02 
 2.507670e+00  3.315890e-02 
 2.508067e+00  3.458202e-02 
 2.508465e+00  3.580388e-02 
 2.508863e+00  3.678595e-02 
 2.509261e+00  3.749316e-02 
 2.509658e+00  3.790869e-02 
 2.510056e+00  3.804512e-02 
 2.510454e+00  3.794591e-02 
 2.510851e+00  3.764520e-02 
 2.511249e+00  3.713511e-02 
 2.511647e+00  3.641654e-02 
 2.512044e+00  3.547918e-02 
 2.512442e+00  3.432626e-02 
 2.512840e+00  3.297025e-02 
 2.513238e+00  3.144298e-02 
 2.513635e+00  2.978808e-02 
 2.514033e+00  2.804554e-02 
 2.514431e+00  2.623523e-02 
 2.514828e+00  2.435313e-02 
 2.515226e+00  2.241525e-02 
 2.515624e+00  2.041844e-02 
 2.516021e+00  1.837162e-02 
 2.516419e+00  1.629105e-02 
 2.516817e+00  1.420551e-02 
 2.517214e+00  1.212202e-02 
 2.517612e+00  1.005674e-02 
 2.518010e+00  8.029218e-03 
 2.518408e+00  6.045649e-03 
 2.518805e+00  4.117635e-03 
 2.519203e+00  2.256026e-03 
 2.519601e+00  4.825137e-04 
 2.519998e+00 -1.182091e-03 
 2.520396e+00 -2.742215e-03 
 2.520794e+00 -4.220929e-03 
 2.521191e+00 -5.633872e-03 
 2.521589e+00 -6.995230e-03 
 2.521987e+00 -8.307598e-03 
 2.522385e+00 -9.563646e-03 
 2.522782e+00 -1.074654e-02 
 2.523180e+00 -1.184175e-02 
 2.523578e+00 -1.282240e-02 
 2.523975e+00 -1.368189e-02 
 2.524373e+00 -1.442562e-02 
 2.524771e+00 -1.505513e-02 
 2.525168e+00 -1.555678e-02 
 2.525566e+00 -1.591154e-02 
 2.525964e+00 -1.609817e-02 
 2.526361e+00 -1.610140e-02 
 2.526759e+00 -1.591601e-02 
 2.527157e+00 -1.554906e-02 
 2.527555e+00 -1.503087e-02 
 2.527952e+00 -1.440793e-02 
 2.528350e+00 -1.371120e-02 
 2.528748e+00 -1.298382e-02 
 2.529145e+00 -1.224030e-02 
 2.529543e+00 -1.149572e-02 
 2.529941e+00 -1.075500e-02 
 2.530338e+00 -1.003749e-02 
 2.530736e+00 -9.395725e-03 
 2.531134e+00 -8.840526e-03 
 2.531532e+00 -8.387598e-03 
 2.531929e+00 -8.011334e-03 
 2.532327e+00 -7.709713e-03 
 2.532725e+00 -7.456733e-03 
 2.533122e+00 -7.207065e-03 
 2.533520e+00 -6.937215e-03 
 2.533918e+00 -6.607957e-03 
 2.534315e+00 -6.191282e-03 
 2.534713e+00 -5.655945e-03 
 2.535111e+00 -4.955696e-03 
 2.535508e+00 -4.079962e-03 
 2.535906e+00 -3.031316e-03 
 2.536304e+00 -1.849473e-03 
 2.536702e+00 -5.776931e-04 
 2.537099e+00  7.248943e-04 
 2.537497e+00  2.010212e-03 
 2.537895e+00  3.253526e-03 
 2.538292e+00  4.427137e-03 
 2.538690e+00  5.519518e-03 
 2.539088e+00  6.503972e-03 
 2.539485e+00  7.351169e-03 
 2.539883e+00  8.047288e-03 
 2.540281e+00  8.573540e-03 
 2.540679e+00  8.923900e-03 
 2.541076e+00  9.103935e-03 
 2.541474e+00  9.155919e-03 
 2.541872e+00  9.126170e-03 
 2.542269e+00  9.033620e-03 
 2.542667e+00  8.940184e-03 
 2.543065e+00  8.884760e-03 
 2.543462e+00  8.869291e-03 
 2.543860e+00  8.903420e-03 
 2.544258e+00  8.992592e-03 
 2.544655e+00  9.154522e-03 
 2.545053e+00  9.424798e-03 
 2.545451e+00  9.789466e-03 
 2.545849e+00  1.025693e-02 
 2.546246e+00  1.081846e-02 
 2.546644e+00  1.145402e-02 
 2.547042e+00  1.212716e-02 
 2.547439e+00  1.281047e-02 
 2.547837e+00  1.345815e-02 
 2.548235e+00  1.405110e-02 
 2.548632e+00  1.457087e-02 
 2.549030e+00  1.501356e-02 
 2.549428e+00  1.537626e-02 
 2.549826e+00  1.563340e-02 
 2.550223e+00  1.577493e-02 
 2.550621e+00  1.582634e-02 
 2.551019e+00  1.580122e-02 
 2.551416e+00  1.572074e-02 
 2.551814e+00  1.562054e-02 
 2.552212e+00  1.552373e-02 
 2.552609e+00  1.546361e-02 
 2.553007e+00  1.544628e-02 
 2.553405e+00  1.549325e-02 
 2.553802e+00  1.560512e-02 
 2.554200e+00  1.580259e-02 
 2.554598e+00  1.609757e-02 
 2.554996e+00  1.647436e-02 
 2.555393e+00  1.688163e-02 
 2.555791e+00  1.727581e-02 
 2.556189e+00  1.760264e-02 
 2.556586e+00  1.781701e-02 
 2.556984e+00  1.785935e-02 
 2.557382e+00  1.769869e-02 
 2.557779e+00  1.731764e-02 
 2.558177e+00  1.673323e-02 
 2.558575e+00  1.594735e-02 
 2.558973e+00  1.498549e-02 
 2.559370e+00  1.386603e-02 
 2.559768e+00  1.261548e-02 
 2.560166e+00  1.125851e-02 
 2.560563e+00  9.819217e-03 
 2.560961e+00  8.324097e-03 
 2.561359e+00  6.803890e-03 
 2.561756e+00  5.296041e-03 
 2.562154e+00  3.841673e-03 
 2.562552e+00  2.469285e-03 
 2.562949e+00  1.162546e-03 
 2.563347e+00 -7.307670e-05 
 2.563745e+00 -1.233578e-03 
 2.564143e+00 -2.311990e-03 
 2.564540e+00 -3.299478e-03 
 2.564938e+00 -4.188550e-03 
 2.565336e+00 -4.994951e-03 
 2.565733e+00 -5.735371e-03 
 2.566131e+00 -6.419322e-03 
 2.566529e+00 -7.058293e-03 
 2.566926e+00 -7.669441e-03 
 2.567324e+00 -8.259231e-03 
 2.567722e+00 -8.824938e-03 
 2.568120e+00 -9.408668e-03 
 2.568517e+00 -1.002286e-02 
 2.568915e+00 -1.067229e-02 
 2.569313e+00 -1.137403e-02 
 2.569710e+00 -1.210195e-02 
 2.570108e+00 -1.285311e-02 
 2.570506e+00 -1.361758e-02 
 2.570903e+00 -1.436388e-02 
 2.571301e+00 -1.505533e-02 
 2.571699e+00 -1.563961e-02 
 2.572096e+00 -1.609897e-02 
 2.572494e+00 -1.642221e-02 
 2.572892e+00 -1.660427e-02 
 2.573290e+00 -1.662357e-02 
 2.573687e+00 -1.650071e-02 
 2.574085e+00 -1.624584e-02 
 2.574483e+00 -1.590452e-02 
 2.574880e+00 -1.552598e-02 
 2.575278e+00 -1.514908e-02 
 2.575676e+00 -1.479732e-02 
 2.576073e+00 -1.451096e-02 
 2.576471e+00 -1.430391e-02 
 2.576869e+00 -1.418006e-02 
 2.577267e+00 -1.411700e-02 
 2.577664e+00 -1.410230e-02 
 2.578062e+00 -1.408942e-02 
 2.578460e+00 -1.403486e-02 
 2.578857e+00 -1.390191e-02 
 2.579255e+00 -1.364451e-02 
 2.579653e+00 -1.321798e-02 
 2.580050e+00 -1.262178e-02 
 2.580448e+00 -1.183155e-02 
 2.580846e+00 -1.085404e-02 
 2.581243e+00 -9.685564e-03 
 2.581641e+00 -8.360953e-03 
 2.582039e+00 -6.907302e-03 
 2.582437e+00 -5.362350e-03 
 2.582834e+00 -3.776685e-03 
 2.583232e+00 -2.197666e-03 
 2.583630e+00 -6.811226e-04 
 2.584027e+00  7.395918e-04 
 2.584425e+00  2.031883e-03 
 2.584823e+00  3.196791e-03 
 2.585220e+00  4.237619e-03 
 2.585618e+00  5.165206e-03 
 2.586016e+00  6.001683e-03 
 2.586414e+00  6.737592e-03 
 2.586811e+00  7.401064e-03 
 2.587209e+00  8.027663e-03 
 2.587607e+00  8.637354e-03 
 2.588004e+00  9.266227e-03 
 2.588402e+00  9.906240e-03 
 2.588800e+00  1.056969e-02 
 2.589197e+00  1.124093e-02 
 2.589595e+00  1.191864e-02 
 2.589993e+00  1.259618e-02 
 2.590390e+00  1.326365e-02 
 2.590788e+00  1.394157e-02 
 2.591186e+00  1.464629e-02 
 2.591584e+00  1.534180e-02 
 2.591981e+00  1.602506e-02 
 2.592379e+00  1.666950e-02 
 2.592777e+00  1.726405e-02 
 2.593174e+00  1.781246e-02 
 2.593572e+00  1.831521e-02 
 2.593970e+00  1.879663e-02 
 2.594367e+00  1.927920e-02 
 2.594765e+00  1.975687e-02 
 2.595163e+00  2.022298e-02 
 2.595561e+00  2.065410e-02 
 2.595958e+00  2.105412e-02 
 2.596356e+00  2.142230e-02 
 2.596754e+00  2.177581e-02 
 2.597151e+00  2.213519e-02 
 2.597549e+00  2.250173e-02 
 2.597947e+00  2.289083e-02 
 2.598344e+00  2.329408e-02 
 2.598742e+00  2.372972e-02 
 2.599140e+00  2.419831e-02 
 2.599537e+00  2.470163e-02 
 2.599935e+00  2.525422e-02 
 2.600333e+00  2.585825e-02 
 2.600731e+00  2.650708e-02 
 2.601128e+00  2.718147e-02 
 2.601526e+00  2.785737e-02 
 2.601924e+00  2.851582e-02 
 2.602321e+00  2.914517e-02 
 2.602719e+00  2.970673e-02 
 2.603117e+00  3.018507e-02 
 2.603514e+00  3.054737e-02 
 2.603912e+00  3.078125e-02 
 2.604310e+00  3.086297e-02 
 2.604708e+00  3.075963e-02 
 2.605105e+00  3.044384e-02 
 2.605503e+00  2.989486e-02 
 2.605901e+00  2.912397e-02 
 2.606298e+00  2.814482e-02 
 2.606696e+00  2.697987e-02 
 2.607094e+00  2.565744e-02 
 2.607491e+00  2.420979e-02 
 2.607889e+00  2.267072e-02 
 2.608287e+00  2.107608e-02 
 2.608684e+00  1.944113e-02 
 2.609082e+00  1.779972e-02 
 2.609480e+00  1.619161e-02 
 2.609878e+00  1.465294e-02 
 2.610275e+00  1.320519e-02 
 2.610673e+00  1.186732e-02 
 2.611071e+00  1.063513e-02 
 2.611468e+00  9.523817e-03 
 2.611866e+00  8.525775e-03 
 2.612264e+00  7.639522e-03 
 2.612661e+00  6.855830e-03 
 2.613059e+00  6.166268e-03 
 2.613457e+00  5.562066e-03 
 2.613855e+00  5.033529e-03 
 2.614252e+00  4.556588e-03 
 2.614650e+00  4.132647e-03 
 2.615048e+00  3.742482e-03 
 2.615445e+00  3.385844e-03 
 2.615843e+00  3.069143e-03 
 2.616241e+00  2.784309e-03 
 2.616638e+00  2.555607e-03 
 2.617036e+00  2.388001e-03 
 2.617434e+00  2.284904e-03 
 2.617831e+00  2.256182e-03 
 2.618229e+00  2.293464e-03 
 2.618627e+00  2.412262e-03 
 2.619025e+00  2.623550e-03 
 2.619422e+00  2.948866e-03 
 2.619820e+00  3.403840e-03 
 2.620218e+00  4.002990e-03 
 2.620615e+00  4.748079e-03 
 2.621013e+00  5.642625e-03 
 2.621411e+00  6.680546e-03 
 2.621808e+00  7.839980e-03 
 2.622206e+00  9.092164e-03 
 2.622604e+00  1.040549e-02 
 2.623002e+00  1.176587e-02 
 2.623399e+00  1.313866e-02 
 2.623797e+00  1.448293e-02 
 2.624195e+00  1.574126e-02 
 2.624592e+00  1.686917e-02 
 2.624990e+00  1.783332e-02 
 2.625388e+00  1.860803e-02 
 2.625785e+00  1.919714e-02 
 2.626183e+00  1.960504e-02 
 2.626581e+00  1.984404e-02 
 2.626978e+00  1.993168e-02 
 2.627376e+00  1.988241e-02 
 2.627774e+00  1.971209e-02 
 2.628172e+00  1.943324e-02 
 2.628569e+00  1.906627e-02 
 2.628967e+00  1.861629e-02 
 2.629365e+00  1.810030e-02 
 2.629762e+00  1.754280e-02 
 2.630160e+00  1.696962e-02 
 2.630558e+00  1.640655e-02 
 2.630955e+00  1.585011e-02 
 2.631353e+00  1.530394e-02 
 2.631751e+00  1.476087e-02 
 2.632149e+00  1.420232e-02 
 2.632546e+00  1.362124e-02 
 2.632944e+00  1.301026e-02 
 2.633342e+00  1.235312e-02 
 2.633739e+00  1.162013e-02 
 2.634137e+00  1.077066e-02 
 2.634535e+00  9.783772e-03 
 2.634932e+00  8.616320e-03 
 2.635330e+00  7.278028e-03 
 2.635728e+00  5.763506e-03 
 2.636125e+00  4.087722e-03 
 2.636523e+00  2.306973e-03 
 2.636921e+00  4.445351e-04 
 2.637319e+00 -1.471539e-03 
 2.637716e+00 -3.397606e-03 
 2.638114e+00 -5.286119e-03 
 2.638512e+00 -7.094373e-03 
 2.638909e+00 -8.745693e-03 
 2.639307e+00 -1.015874e-02 
 2.639705e+00 -1.127537e-02 
 2.640102e+00 -1.204676e-02 
 2.640500e+00 -1.246202e-02 
 2.640898e+00 -1.253381e-02 
 2.641296e+00 -1.229348e-02 
 2.641693e+00 -1.176893e-02 
 2.642091e+00 -1.099556e-02 
 2.642489e+00 -1.002187e-02 
 2.642886e+00 -8.903900e-03 
 2.643284e+00 -7.713466e-03 
 2.643682e+00 -6.523921e-03 
 2.644079e+00 -5.420654e-03 
 2.644477e+00 -4.461343e-03 
 2.644875e+00 -3.658871e-03 
 2.645272e+00 -3.000376e-03 
 2.645670e+00 -2.440923e-03 
 2.646068e+00 -1.926134e-03 
 2.646466e+00 -1.428442e-03 
 2.646863e+00 -8.926610e-04 
 2.647261e+00 -3.068898e-04 
 2.647659e+00  3.719192e-04 
 2.648056e+00  1.183352e-03 
 2.648454e+00  2.148545e-03 
 2.648852e+00  3.295206e-03 
 2.649249e+00  4.630089e-03 
 2.649647e+00  6.140501e-03 
 2.650045e+00  7.787502e-03 
 2.650443e+00  9.533171e-03 
 2.650840e+00  1.130098e-02 
 2.651238e+00  1.302137e-02 
 2.651636e+00  1.464644e-02 
 2.652033e+00  1.614441e-02 
 2.652431e+00  1.748869e-02 
 2.652829e+00  1.863257e-02 
 2.653226e+00  1.953508e-02 
 2.653624e+00  2.015997e-02 
 2.654022e+00  2.049234e-02 
 2.654419e+00  2.054353e-02 
 2.654817e+00  2.035141e-02 
 2.655215e+00  1.997875e-02 
 2.655613e+00  1.947475e-02 
 2.656010e+00  1.886703e-02 
 2.656408e+00  1.817969e-02 
 2.656806e+00  1.743708e-02 
 2.657203e+00  1.664924e-02 
 2.657601e+00  1.583808e-02 
 2.657999e+00  1.503064e-02 
 2.658396e+00  1.426005e-02 
 2.658794e+00  1.355989e-02 
 2.659192e+00  1.292574e-02 
 2.659590e+00  1.234319e-02 
 2.659987e+00  1.177733e-02 
 2.660385e+00  1.120536e-02 
 2.660783e+00  1.059587e-02 
 2.661180e+00  9.954858e-03 
 2.661578e+00  9.277944e-03 
 2.661976e+00  8.538757e-03 
 2.662373e+00  7.729936e-03 
 2.662771e+00  6.812225e-03 
 2.663169e+00  5.738419e-03 
 2.663566e+00  4.502657e-03 
 2.663964e+00  3.112238e-03 
 2.664362e+00  1.580619e-03 
 2.664760e+00 -5.214047e-05 
 2.665157e+00 -1.749065e-03 
 2.665555e+00 -3.456997e-03 
 2.665953e+00 -5.151994e-03 
 2.666350e+00 -6.797127e-03 
 2.666748e+00 -8.357286e-03 
 2.667146e+00 -9.811599e-03 
 2.667543e+00 -1.111397e-02 
 2.667941e+00 -1.222563e-02 
 2.668339e+00 -1.312526e-02 
 2.668737e+00 -1.380716e-02 
 2.669134e+00 -1.426789e-02 
 2.669532e+00 -1.454570e-02 
 2.669930e+00 -1.468088e-02 
 2.670327e+00 -1.469381e-02 
 2.670725e+00 -1.459294e-02 
 2.671123e+00 -1.439031e-02 
 2.671520e+00 -1.410106e-02 
 2.671918e+00 -1.373561e-02 
 2.672316e+00 -1.333760e-02 
 2.672713e+00 -1.293771e-02 
 2.673111e+00 -1.257623e-02 
 2.673509e+00 -1.226177e-02 
 2.673907e+00 -1.196213e-02 
 2.674304e+00 -1.163277e-02 
 2.674702e+00 -1.123032e-02 
 2.675100e+00 -1.071367e-02 
 2.675497e+00 -1.006033e-02 
 2.675895e+00 -9.262066e-03 
 2.676293e+00 -8.317284e-03 
 2.676690e+00 -7.232527e-03 
 2.677088e+00 -5.999147e-03 
 2.677486e+00 -4.626519e-03 
 2.677884e+00 -3.111345e-03 
 2.678281e+00 -1.504994e-03 
 2.678679e+00  1.319771e-04 
 2.679077e+00  1.753449e-03 
 2.679474e+00  3.297988e-03 
 2.679872e+00  4.719637e-03 
 2.680270e+00  5.993967e-03 
 2.680667e+00  7.107137e-03 
 2.681065e+00  8.055815e-03 
 2.681463e+00  8.848912e-03 
 2.681860e+00  9.462010e-03 
 2.682258e+00  9.891554e-03 
 2.682656e+00  1.012694e-02 
 2.683054e+00  1.017615e-02 
 2.683451e+00  1.007053e-02 
 2.683849e+00  9.843455e-03 
 2.684247e+00  9.553232e-03 
 2.684644e+00  9.227687e-03 
 2.685042e+00  8.903685e-03 
 2.685440e+00  8.597682e-03 
 2.685837e+00  8.320191e-03 
 2.686235e+00  8.073975e-03 
 2.686633e+00  7.872103e-03 
 2.687031e+00  7.718856e-03 
 2.687428e+00  7.640753e-03 
 2.687826e+00  7.614072e-03 
 2.688224e+00  7.622396e-03 
 2.688621e+00  7.637886e-03 
 2.689019e+00  7.640168e-03 
 2.689417e+00  7.616380e-03 
 2.689814e+00  7.573154e-03 
 2.690212e+00  7.518692e-03 
 2.690610e+00  7.461916e-03 
 2.691007e+00  7.416206e-03 
 2.691405e+00  7.358823e-03 
 2.691803e+00  7.262306e-03 
 2.692201e+00  7.096410e-03 
 2.692598e+00  6.858646e-03 
 2.692996e+00  6.561649e-03 
 2.693394e+00  6.240539e-03 
 2.693791e+00  5.948867e-03 
 2.694189e+00  5.743201e-03 
 2.694587e+00  5.654407e-03 
 2.694984e+00  5.684794e-03 
 2.695382e+00  5.831541e-03 
 2.695780e+00  6.071998e-03 
 2.696178e+00  6.391379e-03 
 2.696575e+00  6.801971e-03 
 2.696973e+00  7.266647e-03 
 2.697371e+00  7.784298e-03 
 2.697768e+00  8.331931e-03 
 2.698166e+00  8.880046e-03 
 2.698564e+00  9.402578e-03 
 2.698961e+00  9.885501e-03 
 2.699359e+00  1.030995e-02 
 2.699757e+00  1.067590e-02 
 2.700154e+00  1.102739e-02 
 2.700552e+00  1.139125e-02 
 2.700950e+00  1.178458e-02 
 2.701348e+00  1.221161e-02 
 2.701745e+00  1.268367e-02 
 2.702143e+00  1.317887e-02 
 2.702541e+00  1.371866e-02 
 2.702938e+00  1.430245e-02 
 2.703336e+00  1.494871e-02 
 2.703734e+00  1.568063e-02 
 2.704131e+00  1.650464e-02 
 2.704529e+00  1.739131e-02 
 2.704927e+00  1.830870e-02 
 2.705325e+00  1.922716e-02 
 2.705722e+00  2.015269e-02 
 2.706120e+00  2.108590e-02 
 2.706518e+00  2.205453e-02 
 2.706915e+00  2.305764e-02 
 2.707313e+00  2.409925e-02 
 2.707711e+00  2.514323e-02 
 2.708108e+00  2.616195e-02 
 2.708506e+00  2.712140e-02 
 2.708904e+00  2.801311e-02 
 2.709301e+00  2.883639e-02 
 2.709699e+00  2.958955e-02 
 2.710097e+00  3.027355e-02 
 2.710495e+00  3.085678e-02 
 2.710892e+00  3.129207e-02 
 2.711290e+00  3.152073e-02 
 2.711688e+00  3.150769e-02 
 2.712085e+00  3.121760e-02 
 2.712483e+00  3.065331e-02 
 2.712881e+00  2.983608e-02 
 2.713278e+00  2.882536e-02 
 2.713676e+00  2.767049e-02 
 2.714074e+00  2.643197e-02 
 2.714472e+00  2.514433e-02 
 2.714869e+00  2.384801e-02 
 2.715267e+00  2.257395e-02 
 2.715665e+00  2.135919e-02 
 2.716062e+00  2.022284e-02 
 2.716460e+00  1.917867e-02 
 2.716858e+00  1.820052e-02 
 2.717255e+00  1.726643e-02 
 2.717653e+00  1.631706e-02 
 2.718051e+00  1.529376e-02 
 2.718448e+00  1.416355e-02 
 2.718846e+00  1.290196e-02 
 2.719244e+00  1.150963e-02 
 2.719642e+00  9.988434e-03 
 2.720039e+00  8.349577e-03 
 2.720437e+00  6.590004e-03 
 2.720835e+00  4.711977e-03 
 2.721232e+00  2.720434e-03 
 2.721630e+00  6.414861e-04 
 2.722028e+00 -1.493958e-03 
 2.722425e+00 -3.611625e-03 
 2.722823e+00 -5.650351e-03 
 2.723221e+00 -7.542130e-03 
 2.723619e+00 -9.268590e-03 
 2.724016e+00 -1.081830e-02 
 2.724414e+00 -1.220333e-02 
 2.724812e+00 -1.339448e-02 
 2.725209e+00 -1.437038e-02 
 2.725607e+00 -1.511010e-02 
 2.726005e+00 -1.560421e-02 
 2.726402e+00 -1.584690e-02 
 2.726800e+00 -1.586141e-02 
 2.727198e+00 -1.569070e-02 
 2.727595e+00 -1.535967e-02 
 2.727993e+00 -1.489706e-02 
 2.728391e+00 -1.431526e-02 
 2.728789e+00 -1.361036e-02 
 2.729186e+00 -1.278182e-02 
 2.729584e+00 -1.182801e-02 
 2.729982e+00 -1.077370e-02 
 2.730379e+00 -9.643770e-03 
 2.730777e+00 -8.495306e-03 
 2.731175e+00 -7.347672e-03 
 2.731572e+00 -6.225318e-03 
 2.731970e+00 -5.109951e-03 
 2.732368e+00 -3.977360e-03 
 2.732766e+00 -2.797411e-03 
 2.733163e+00 -1.545198e-03 
 2.733561e+00 -2.121361e-04 
 2.733959e+00  1.225121e-03 
 2.734356e+00  2.792112e-03 
 2.734754e+00  4.511463e-03 
 2.735152e+00  6.412828e-03 
 2.735549e+00  8.504543e-03 
 2.735947e+00  1.076813e-02 
 2.736345e+00  1.316218e-02 
 2.736742e+00  1.562816e-02 
 2.737140e+00  1.808888e-02 
 2.737538e+00  2.047238e-02 
 2.737936e+00  2.272503e-02 
 2.738333e+00  2.479392e-02 
 2.738731e+00  2.665172e-02 
 2.739129e+00  2.827238e-02 
 2.739526e+00  2.961099e-02 
 2.739924e+00  3.062575e-02 
 2.740322e+00  3.127867e-02 
 2.740719e+00  3.154888e-02 
 2.741117e+00  3.143727e-02 
 2.741515e+00  3.097953e-02 
 2.741913e+00  3.023975e-02 
 2.742310e+00  2.928344e-02 
 2.742708e+00  2.816069e-02 
 2.743106e+00  2.692265e-02 
 2.743503e+00  2.562499e-02 
 2.743901e+00  2.430203e-02 
 2.744299e+00  2.300493e-02 
 2.744696e+00  2.175918e-02 
 2.745094e+00  2.060142e-02 
 2.745492e+00  1.955492e-02 
 2.745889e+00  1.859866e-02 
 2.746287e+00  1.768570e-02 
 2.746685e+00  1.677334e-02 
 2.747083e+00  1.580269e-02 
 2.747480e+00  1.472991e-02 
 2.747878e+00  1.353866e-02 
 2.748276e+00  1.223506e-02 
 2.748673e+00  1.082775e-02 
 2.749071e+00  9.315362e-03 
 2.749469e+00  7.708077e-03 
 2.749866e+00  6.019330e-03 
 2.750264e+00  4.266218e-03 
 2.750662e+00  2.474069e-03 
 2.751060e+00  6.717649e-04 
 2.751457e+00 -1.078967e-03 
 2.751855e+00 -2.712753e-03 
 2.752253e+00 -4.188936e-03 
 2.752650e+00 -5.473434e-03 
 2.753048e+00 -6.536845e-03 
 2.753446e+00 -7.375121e-03 
 2.753843e+00 -7.974263e-03 
 2.754241e+00 -8.325555e-03 
 2.754639e+00 -8.435230e-03 
 2.755036e+00 -8.320645e-03 
 2.755434e+00 -8.032014e-03 
 2.755832e+00 -7.632723e-03 
 2.756230e+00 -7.186175e-03 
 2.756627e+00 -6.736645e-03 
 2.757025e+00 -6.337520e-03 
 2.757423e+00 -6.010584e-03 
 2.757820e+00 -5.762296e-03 
 2.758218e+00 -5.585749e-03 
 2.758616e+00 -5.475993e-03 
 2.759013e+00 -5.410319e-03 
 2.759411e+00 -5.406768e-03 
 2.759809e+00 -5.466784e-03 
 2.760207e+00 -5.584026e-03 
 2.760604e+00 -5.738455e-03 
 2.761002e+00 -5.883989e-03 
 2.761400e+00 -5.963906e-03 
 2.761797e+00 -5.944520e-03 
 2.762195e+00 -5.794609e-03 
 2.762593e+00 -5.513533e-03 
 2.762990e+00 -5.095271e-03 
 2.763388e+00 -4.572138e-03 
 2.763786e+00 -3.953127e-03 
 2.764183e+00 -3.246072e-03 
 2.764581e+00 -2.474983e-03 
 2.764979e+00 -1.671035e-03 
 2.765377e+00 -8.706013e-04 
 2.765774e+00 -1.301229e-04 
 2.766172e+00  4.844964e-04 
 2.766570e+00  9.395168e-04 
 2.766967e+00  1.205337e-03 
 2.767365e+00  1.271840e-03 
 2.767763e+00  1.157328e-03 
 2.768160e+00  8.848788e-04 
 2.768558e+00  4.700214e-04 
 2.768956e+00 -5.909669e-05 
 2.769354e+00 -6.940057e-04 
 2.769751e+00 -1.422042e-03 
 2.770149e+00 -2.191206e-03 
 2.770547e+00 -2.968600e-03 
 2.770944e+00 -3.713713e-03 
 2.771342e+00 -4.402724e-03 
 2.771740e+00 -5.042800e-03 
 2.772137e+00 -5.637455e-03 
 2.772535e+00 -6.222387e-03 
 2.772933e+00 -6.808703e-03 
 2.773330e+00 -7.403875e-03 
 2.773728e+00 -7.997610e-03 
 2.774126e+00 -8.580940e-03 
 2.774524e+00 -9.143456e-03 
 2.774921e+00 -9.701429e-03 
 2.775319e+00 -1.026829e-02 
 2.775717e+00 -1.086992e-02 
 2.776114e+00 -1.150853e-02 
 2.776512e+00 -1.216264e-02 
 2.776910e+00 -1.280251e-02 
 2.777307e+00 -1.338398e-02 
 2.777705e+00 -1.385440e-02 
 2.778103e+00 -1.420193e-02 
 2.778501e+00 -1.441896e-02 
 2.778898e+00 -1.450792e-02 
 2.779296e+00 -1.447319e-02 
 2.779694e+00 -1.431260e-02 
 2.780091e+00 -1.402355e-02 
 2.780489e+00 -1.356677e-02 
 2.780887e+00 -1.292323e-02 
 2.781284e+00 -1.207466e-02 
 2.781682e+00 -1.101939e-02 
 2.782080e+00 -9.767383e-03 
 2.782477e+00 -8.339935e-03 
 2.782875e+00 -6.753921e-03 
 2.783273e+00 -5.005156e-03 
 2.783671e+00 -3.091853e-03 
 2.784068e+00 -1.032533e-03 
 2.784466e+00  1.145948e-03 
 2.784864e+00  3.376737e-03 
 2.785261e+00  5.599481e-03 
 2.785659e+00  7.753491e-03 
 2.786057e+00  9.783182e-03 
 2.786454e+00  1.166004e-02 
 2.786852e+00  1.337152e-02 
 2.787250e+00  1.490907e-02 
 2.787648e+00  1.629011e-02 
 2.788045e+00  1.752252e-02 
 2.788443e+00  1.860173e-02 
 2.788841e+00  1.954494e-02 
 2.789238e+00  2.038704e-02 
 2.789636e+00  2.114990e-02 
 2.790034e+00  2.188295e-02 
 2.790431e+00  2.261275e-02 
 2.790829e+00  2.333723e-02 
 2.791227e+00  2.403291e-02 
 2.791624e+00  2.465816e-02 
 2.792022e+00  2.517584e-02 
 2.792420e+00  2.556591e-02 
 2.792818e+00  2.583113e-02 
 2.793215e+00  2.596405e-02 
 2.793613e+00  2.595216e-02 
 2.794011e+00  2.577843e-02 
 2.794408e+00  2.540433e-02 
 2.794806e+00  2.479909e-02 
 2.795204e+00  2.394646e-02 
 2.795601e+00  2.287759e-02 
 2.795999e+00  2.161759e-02 
 2.796397e+00  2.024230e-02 
 2.796795e+00  1.881076e-02 
 2.797192e+00  1.737405e-02 
 2.797590e+00  1.596988e-02 
 2.797988e+00  1.460839e-02 
 2.798385e+00  1.328371e-02 
 2.798783e+00  1.199471e-02 
 2.799181e+00  1.075584e-02 
 2.799578e+00  9.570563e-03 
 2.799976e+00  8.455917e-03 
 2.800374e+00  7.398496e-03 
 2.800771e+00  6.386297e-03 
 2.801169e+00  5.416999e-03 
 2.801567e+00  4.477549e-03 
 2.801965e+00  3.579062e-03 
 2.802362e+00  2.740071e-03 
 2.802760e+00  1.992339e-03 
 2.803158e+00  1.343909e-03 
 2.803555e+00  7.849150e-04 
 2.803953e+00  3.122310e-04 
 2.804351e+00 -9.370404e-05 
 2.804748e+00 -4.359069e-04 
 2.805146e+00 -7.108294e-04 
 2.805544e+00 -8.991020e-04 
 2.805942e+00 -9.755846e-04 
 2.806339e+00 -9.361838e-04 
 2.806737e+00 -7.796848e-04 
 2.807135e+00 -5.624769e-04 
 2.807532e+00 -3.089890e-04 
 2.807930e+00 -4.036798e-05 
 2.808328e+00  2.605079e-04 
 2.808725e+00  5.915867e-04 
 2.809123e+00  9.881606e-04 
 2.809521e+00  1.459463e-03 
 2.809918e+00  2.010279e-03 
 2.810316e+00  2.637477e-03 
 2.810714e+00  3.326804e-03 
 2.811112e+00  4.066344e-03 
 2.811509e+00  4.873095e-03 
 2.811907e+00  5.747999e-03 
 2.812305e+00  6.718578e-03 
 2.812702e+00  7.795630e-03 
 2.813100e+00  8.962906e-03 
 2.813498e+00  1.018015e-02 
 2.813895e+00  1.139131e-02 
 2.814293e+00  1.254454e-02 
 2.814691e+00  1.360213e-02 
 2.815089e+00  1.451795e-02 
 2.815486e+00  1.526249e-02 
 2.815884e+00  1.582481e-02 
 2.816282e+00  1.617966e-02 
 2.816679e+00  1.634528e-02 
 2.817077e+00  1.632563e-02 
 2.817475e+00  1.614322e-02 
 2.817872e+00  1.581741e-02 
 2.818270e+00  1.536588e-02 
 2.818668e+00  1.480584e-02 
 2.819065e+00  1.416292e-02 
 2.819463e+00  1.346792e-02 
 2.819861e+00  1.275505e-02 
 2.820259e+00  1.203018e-02 
 2.820656e+00  1.132233e-02 
 2.821054e+00  1.067485e-02 
 2.821452e+00  1.010936e-02 
 2.821849e+00  9.640325e-03 
 2.822247e+00  9.264195e-03 
 2.822645e+00  8.968225e-03 
 2.823042e+00  8.711822e-03 
 2.823440e+00  8.439952e-03 
 2.823838e+00  8.118879e-03 
 2.824236e+00  7.717779e-03 
 2.824633e+00  7.236377e-03 
 2.825031e+00  6.668890e-03 
 2.825429e+00  6.020458e-03 
 2.825826e+00  5.305267e-03 
 2.826224e+00  4.523401e-03 
 2.826622e+00  3.702051e-03 
 2.827019e+00  2.860397e-03 
 2.827417e+00  2.030102e-03 
 2.827815e+00  1.243046e-03 
 2.828212e+00  5.405335e-04 
 2.828610e+00 -2.586829e-05 
 2.829008e+00 -4.048863e-04 
 2.829406e+00 -5.715086e-04 
 2.829803e+00 -5.281831e-04 
 2.830201e+00 -2.626467e-04 
 2.830599e+00  2.193635e-04 
 2.830996e+00  9.034540e-04 
 2.831394e+00  1.778156e-03 
 2.831792e+00  2.810178e-03 
 2.832189e+00  3.978317e-03 
 2.832587e+00  5.242348e-03 
 2.832985e+00  6.565248e-03 
 2.833383e+00  7.883339e-03 
 2.833780e+00  9.129310e-03 
 2.834178e+00  1.024506e-02 
 2.834576e+00  1.119710e-02 
 2.834973e+00  1.196989e-02 
 2.835371e+00  1.257946e-02 
 2.835769e+00  1.303916e-02 
 2.836166e+00  1.338396e-02 
 2.836564e+00  1.364355e-02 
 2.836962e+00  1.384741e-02 
 2.837359e+00  1.402133e-02 
 2.837757e+00  1.419331e-02 
 2.838155e+00  1.440022e-02 
 2.838553e+00  1.466510e-02 
 2.838950e+00  1.501507e-02 
 2.839348e+00  1.545063e-02 
 2.839746e+00  1.596151e-02 
 2.840143e+00  1.653019e-02 
 2.840541e+00  1.713680e-02 
 2.840939e+00  1.775510e-02 
 2.841336e+00  1.838318e-02 
 2.841734e+00  1.900276e-02 
 2.842132e+00  1.957468e-02 
 2.842530e+00  2.005352e-02 
 2.842927e+00  2.038130e-02 
 2.843325e+00  2.052174e-02 
 2.843723e+00  2.044319e-02 
 2.844120e+00  2.014065e-02 
 2.844518e+00  1.963221e-02 
 2.844916e+00  1.892154e-02 
 2.845313e+00  1.802194e-02 
 2.845711e+00  1.694485e-02 
 2.846109e+00  1.569724e-02 
 2.846506e+00  1.429348e-02 
 2.846904e+00  1.274873e-02 
 2.847302e+00  1.109863e-02 
 2.847700e+00  9.391449e-03 
 2.848097e+00  7.688714e-03 
 2.848495e+00  6.034299e-03 
 2.848893e+00  4.463247e-03 
 2.849290e+00  2.981990e-03 
 2.849688e+00  1.574670e-03 
 2.850086e+00  2.449476e-04 
 2.850483e+00 -1.010950e-03 
 2.850881e+00 -2.192662e-03 
 2.851279e+00 -3.302233e-03 
 2.851676e+00 -4.352902e-03 
 2.852074e+00 -5.375678e-03 
 2.852472e+00 -6.416725e-03 
 2.852870e+00 -7.529829e-03 
 2.853267e+00 -8.755733e-03 
 2.853665e+00 -1.010061e-02 
 2.854063e+00 -1.156044e-02 
 2.854460e+00 -1.312635e-02 
 2.854858e+00 -1.477017e-02 
 2.855256e+00 -1.644376e-02 
 2.855653e+00 -1.810092e-02 
 2.856051e+00 -1.968010e-02 
 2.856449e+00 -2.111171e-02 
 2.856847e+00 -2.231220e-02 
 2.857244e+00 -2.320739e-02 
 2.857642e+00 -2.374477e-02 
 2.858040e+00 -2.390656e-02 
 2.858437e+00 -2.370083e-02 
 2.858835e+00 -2.316379e-02 
 2.859233e+00 -2.232680e-02 
 2.859630e+00 -2.122423e-02 
 2.860028e+00 -1.988650e-02 
 2.860426e+00 -1.834763e-02 
 2.860823e+00 -1.667234e-02 
 2.861221e+00 -1.491532e-02 
 2.861619e+00 -1.315174e-02 
 2.862017e+00 -1.143706e-02 
 2.862414e+00 -9.818874e-03 
 2.862812e+00 -8.345855e-03 
 2.863210e+00 -7.033217e-03 
 2.863607e+00 -5.876061e-03 
 2.864005e+00 -4.839967e-03 
 2.864403e+00 -3.911216e-03 
 2.864800e+00 -3.060071e-03 
 2.865198e+00 -2.240873e-03 
 2.865596e+00 -1.432725e-03 
 2.865994e+00 -6.331636e-04 
 2.866391e+00  1.703800e-04 
 2.866789e+00  9.946124e-04 
 2.867187e+00  1.841151e-03 
 2.867584e+00  2.705088e-03 
 2.867982e+00  3.577327e-03 
 2.868380e+00  4.423917e-03 
 2.868777e+00  5.239911e-03 
 2.869175e+00  6.003620e-03 
 2.869573e+00  6.691550e-03 
 2.869970e+00  7.292001e-03 
 2.870368e+00  7.794110e-03 
 2.870766e+00  8.195347e-03 
 2.871164e+00  8.480351e-03 
 2.871561e+00  8.639268e-03 
 2.871959e+00  8.655887e-03 
 2.872357e+00  8.531250e-03 
 2.872754e+00  8.278419e-03 
 2.873152e+00  7.900822e-03 
 2.873550e+00  7.420159e-03 
 2.873947e+00  6.851814e-03 
 2.874345e+00  6.199392e-03 
 2.874743e+00  5.485356e-03 
 2.875141e+00  4.741354e-03 
 2.875538e+00  3.996255e-03 
 2.875936e+00  3.287633e-03 
 2.876334e+00  2.635356e-03 
 2.876731e+00  2.045917e-03 
 2.877129e+00  1.529148e-03 
 2.877527e+00  1.060702e-03 
 2.877924e+00  6.260249e-04 
 2.878322e+00  2.188141e-04 
 2.878720e+00 -1.461280e-04 
 2.879117e+00 -4.635623e-04 
 2.879515e+00 -7.569137e-04 
 2.879913e+00 -1.033608e-03 
 2.880311e+00 -1.288831e-03 
 2.880708e+00 -1.524830e-03 
 2.881106e+00 -1.763049e-03 
 2.881504e+00 -1.999947e-03 
 2.881901e+00 -2.247620e-03 
 2.882299e+00 -2.501947e-03 
 2.882697e+00 -2.758702e-03 
 2.883094e+00 -3.009848e-03 
 2.883492e+00 -3.243382e-03 
 2.883890e+00 -3.417322e-03 
 2.884288e+00 -3.511487e-03 
 2.884685e+00 -3.497867e-03 
 2.885083e+00 -3.380482e-03 
 2.885481e+00 -3.145574e-03 
 2.885878e+00 -2.789747e-03 
 2.886276e+00 -2.306137e-03 
 2.886674e+00 -1.703188e-03 
 2.887071e+00 -9.757347e-04 
 2.887469e+00 -1.258135e-04 
 2.887867e+00  8.359617e-04 
 2.888264e+00  1.888502e-03 
 2.888662e+00  3.007226e-03 
 2.889060e+00  4.162632e-03 
 2.889458e+00  5.299826e-03 
 2.889855e+00  6.409845e-03 
 2.890253e+00  7.497223e-03 
 2.890651e+00  8.543762e-03 
 2.891048e+00  9.555573e-03 
 2.891446e+00  1.052364e-02 
 2.891844e+00  1.144680e-02 
 2.892241e+00  1.229373e-02 
 2.892639e+00  1.304642e-02 
 2.893037e+00  1.367662e-02 
 2.893435e+00  1.418909e-02 
 2.893832e+00  1.460089e-02 
 2.894230e+00  1.491613e-02 
 2.894628e+00  1.514706e-02 
 2.895025e+00  1.529353e-02 
 2.895423e+00  1.535021e-02 
 2.895821e+00  1.532392e-02 
 2.896218e+00  1.520704e-02 
 2.896616e+00  1.498825e-02 
 2.897014e+00  1.466583e-02 
 2.897411e+00  1.422350e-02 
 2.897809e+00  1.367383e-02 
 2.898207e+00  1.299155e-02 
 2.898605e+00  1.217917e-02 
 2.899002e+00  1.124127e-02 
 2.899400e+00  1.020101e-02 
 2.899798e+00  9.083297e-03 
 2.900195e+00  7.914921e-03 
 2.900593e+00  6.698902e-03 
 2.900991e+00  5.438659e-03 
 2.901388e+00  4.125117e-03 
 2.901786e+00  2.747520e-03 
 2.902184e+00  1.310209e-03 
 2.902582e+00 -1.489047e-04 
 2.902979e+00 -1.598435e-03 
 2.903377e+00 -2.996828e-03 
 2.903775e+00 -4.311064e-03 
 2.904172e+00 -5.504965e-03 
 2.904570e+00 -6.587863e-03 
 2.904968e+00 -7.529335e-03 
 2.905365e+00 -8.311550e-03 
 2.905763e+00 -8.940326e-03 
 2.906161e+00 -9.381240e-03 
 2.906558e+00 -9.636125e-03 
 2.906956e+00 -9.690879e-03 
 2.907354e+00 -9.554165e-03 
 2.907752e+00 -9.251232e-03 
 2.908149e+00 -8.831244e-03 
 2.908547e+00 -8.327990e-03 
 2.908945e+00 -7.764604e-03 
 2.909342e+00 -7.151882e-03 
 2.909740e+00 -6.500855e-03 
 2.910138e+00 -5.835889e-03 
 2.910535e+00 -5.173486e-03 
 2.910933e+00 -4.523777e-03 
 2.911331e+00 -3.892222e-03 
 2.911729e+00 -3.282827e-03 
 2.912126e+00 -2.680070e-03 
 2.912524e+00 -2.049926e-03 
 2.912922e+00 -1.368039e-03 
 2.913319e+00 -6.275920e-04 
 2.913717e+00  2.014725e-04 
 2.914115e+00  1.104434e-03 
 2.914512e+00  2.091741e-03 
 2.914910e+00  3.158905e-03 
 2.915308e+00  4.322419e-03 
 2.915705e+00  5.584954e-03 
 2.916103e+00  6.944667e-03 
 2.916501e+00  8.392010e-03 
 2.916899e+00  9.910229e-03 
 2.917296e+00  1.147094e-02 
 2.917694e+00  1.304519e-02 
 2.918092e+00  1.461233e-02 
 2.918489e+00  1.616767e-02 
 2.918887e+00  1.770792e-02 
 2.919285e+00  1.921008e-02 
 2.919682e+00  2.063561e-02 
 2.920080e+00  2.196592e-02 
 2.920478e+00  2.313378e-02 
 2.920876e+00  2.409170e-02 
 2.921273e+00  2.479818e-02 
 2.921671e+00  2.523316e-02 
 2.922069e+00  2.541138e-02 
 2.922466e+00  2.536138e-02 
 2.922864e+00  2.511639e-02 
 2.923262e+00  2.470541e-02 
 2.923659e+00  2.416954e-02 
 2.924057e+00  2.356101e-02 
 2.924455e+00  2.293137e-02 
 2.924852e+00  2.234696e-02 
 2.925250e+00  2.184052e-02 
 2.925648e+00  2.144611e-02 
 2.926046e+00  2.117860e-02 
 2.926443e+00  2.103347e-02 
 2.926841e+00  2.097720e-02 
 2.927239e+00  2.095549e-02 
 2.927636e+00  2.091610e-02 
 2.928034e+00  2.080555e-02 
 2.928432e+00  2.058312e-02 
 2.928829e+00  2.019900e-02 
 2.929227e+00  1.960392e-02 
 2.929625e+00  1.877828e-02 
 2.930023e+00  1.770610e-02 
 2.930420e+00  1.637182e-02 
 2.930818e+00  1.479977e-02 
 2.931216e+00  1.305135e-02 
 2.931613e+00  1.119982e-02 
 2.932011e+00  9.315706e-03 
 2.932409e+00  7.466513e-03 
 2.932806e+00  5.707359e-03 
 2.933204e+00  4.097883e-03 
 2.933602e+00  2.687776e-03 
 2.933999e+00  1.506002e-03 
 2.934397e+00  5.879104e-04 
 2.934795e+00 -4.796513e-05 
 2.935193e+00 -3.874255e-04 
 2.935590e+00 -4.671542e-04 
 2.935988e+00 -3.044558e-04 
 2.936386e+00  3.386628e-05 
 2.936783e+00  4.870953e-04 
 2.937181e+00  9.967777e-04 
 2.937579e+00  1.530491e-03 
 2.937976e+00  2.063852e-03 
 2.938374e+00  2.583605e-03 
 2.938772e+00  3.082107e-03 
 2.939170e+00  3.548140e-03 
 2.939567e+00  3.956900e-03 
 2.939965e+00  4.275545e-03 
 2.940363e+00  4.471989e-03 
 2.940760e+00  4.535443e-03 
 2.941158e+00  4.473446e-03 
 2.941556e+00  4.341096e-03 
 2.941953e+00  4.181105e-03 
 2.942351e+00  4.040470e-03 
 2.942749e+00  3.963612e-03 
 2.943146e+00  3.977756e-03 
 2.943544e+00  4.117674e-03 
 2.943942e+00  4.398103e-03 
 2.944340e+00  4.843735e-03 
 2.944737e+00  5.472474e-03 
 2.945135e+00  6.289775e-03 
 2.945533e+00  7.276536e-03 
 2.945930e+00  8.392188e-03 
 2.946328e+00  9.590208e-03 
 2.946726e+00  1.080938e-02 
 2.947123e+00  1.198104e-02 
 2.947521e+00  1.305834e-02 
 2.947919e+00  1.399320e-02 
 2.948317e+00  1.474432e-02 
 2.948714e+00  1.528969e-02 
 2.949112e+00  1.559705e-02 
 2.949510e+00  1.561577e-02 
 2.949907e+00  1.533838e-02 
 2.950305e+00  1.477943e-02 
 2.950703e+00  1.397189e-02 
 2.951100e+00  1.297613e-02 
 2.951498e+00  1.187136e-02 
 2.951896e+00  1.071034e-02 
 2.952293e+00  9.531519e-03 
 2.952691e+00  8.361305e-03 
 2.953089e+00  7.218221e-03 
 2.953487e+00  6.125778e-03 
 2.953884e+00  5.095177e-03 
 2.954282e+00  4.149600e-03 
 2.954680e+00  3.309522e-03 
 2.955077e+00  2.572241e-03 
 2.955475e+00  1.904802e-03 
 2.955873e+00  1.247778e-03 
 2.956270e+00  5.442737e-04 
 2.956668e+00 -2.563210e-04 
 2.957066e+00 -1.187643e-03 
 2.957464e+00 -2.247390e-03 
 2.957861e+00 -3.416214e-03 
 2.958259e+00 -4.688623e-03 
 2.958657e+00 -6.044946e-03 
 2.959054e+00 -7.495301e-03 
 2.959452e+00 -9.054584e-03 
 2.959850e+00 -1.070043e-02 
 2.960247e+00 -1.238590e-02 
 2.960645e+00 -1.406183e-02 
 2.961043e+00 -1.565865e-02 
 2.961440e+00 -1.711306e-02 
 2.961838e+00 -1.838604e-02 
 2.962236e+00 -1.944754e-02 
 2.962634e+00 -2.027299e-02 
 2.963031e+00 -2.085401e-02 
 2.963429e+00 -2.114816e-02 
 2.963827e+00 -2.114449e-02 
 2.964224e+00 -2.081851e-02 
 2.964622e+00 -2.019805e-02 
 2.965020e+00 -1.931918e-02 
 2.965417e+00 -1.823704e-02 
 2.965815e+00 -1.702021e-02 
 2.966213e+00 -1.573155e-02 
 2.966611e+00 -1.440570e-02 
 2.967008e+00 -1.307251e-02 
 2.967406e+00 -1.172945e-02 
 2.967804e+00 -1.038733e-02 
 2.968201e+00 -9.052702e-03 
 2.968599e+00 -7.757235e-03 
 2.968997e+00 -6.541465e-03 
 2.969394e+00 -5.406259e-03 
 2.969792e+00 -4.330545e-03 
 2.970190e+00 -3.269313e-03 
 2.970587e+00 -2.191727e-03 
 2.970985e+00 -1.072621e-03 
 2.971383e+00  9.806949e-05 
 2.971781e+00  1.284863e-03 
 2.972178e+00  2.464645e-03 
 2.972576e+00  3.617460e-03 
 2.972974e+00  4.747443e-03 
 2.973371e+00  5.865617e-03 
 2.973769e+00  6.989252e-03 
 2.974167e+00  8.105022e-03 
 2.974564e+00  9.179150e-03 
 2.974962e+00  1.017061e-02 
 2.975360e+00  1.102830e-02 
 2.975758e+00  1.172251e-02 
 2.976155e+00  1.221896e-02 
 2.976553e+00  1.252711e-02 
 2.976951e+00  1.266975e-02 
 2.977348e+00  1.267580e-02 
 2.977746e+00  1.254122e-02 
 2.978144e+00  1.226805e-02 
 2.978541e+00  1.184535e-02 
 2.978939e+00  1.128835e-02 
 2.979337e+00  1.063395e-02 
 2.979734e+00  9.907839e-03 
 2.980132e+00  9.163953e-03 
 2.980530e+00  8.412239e-03 
 2.980928e+00  7.657437e-03 
 2.981325e+00  6.917942e-03 
 2.981723e+00  6.176281e-03 
 2.982121e+00  5.447753e-03 
 2.982518e+00  4.752769e-03 
 2.982916e+00  4.104494e-03 
 2.983314e+00  3.510634e-03 
 2.983711e+00  2.963170e-03 
 2.984109e+00  2.435205e-03 
 2.984507e+00  1.902212e-03 
 2.984905e+00  1.333367e-03 
 2.985302e+00  7.066245e-04 
 2.985700e+00  4.079411e-05 
 2.986098e+00 -6.320427e-04 
 2.986495e+00 -1.288458e-03 
 2.986893e+00 -1.903439e-03 
 2.987291e+00 -2.476456e-03 
 2.987688e+00 -3.011528e-03 
 2.988086e+00 -3.547615e-03 
 2.988484e+00 -4.071471e-03 
 2.988881e+00 -4.566887e-03 
 2.989279e+00 -5.011688e-03 
 2.989677e+00 -5.386799e-03 
 2.990075e+00 -5.674622e-03 
 2.990472e+00 -5.896265e-03 
 2.990870e+00 -6.057502e-03 
 2.991268e+00 -6.182802e-03 
 2.991665e+00 -6.266597e-03 
 2.992063e+00 -6.276637e-03 
 2.992461e+00 -6.176098e-03 
 2.992858e+00 -5.931985e-03 
 2.993256e+00 -5.511402e-03 
 2.993654e+00 -4.909941e-03 
 2.994052e+00 -4.152338e-03 
 2.994449e+00 -3.248655e-03 
 2.994847e+00 -2.233380e-03 
 2.995245e+00 -1.121928e-03 
 2.995642e+00  5.159567e-05 
 2.996040e+00  1.276400e-03 
 2.996438e+00  2.510281e-03 
 2.996835e+00  3.715194e-03 
 2.997233e+00  4.855130e-03 
 2.997631e+00  5.881196e-03 
 2.998028e+00  6.780504e-03 
 2.998426e+00  7.554298e-03 
 2.998824e+00  8.233029e-03 
 2.999222e+00  8.847836e-03 
 2.999619e+00  9.402498e-03 
 3.000017e+00  9.898103e-03 
 3.000415e+00  1.034420e-02 
 3.000812e+00  1.074540e-02 
 3.001210e+00  1.111235e-02 
 3.001608e+00  1.147763e-02 
 3.002005e+00  1.187814e-02 
 3.002403e+00  1.233590e-02 
 3.002801e+00  1.284548e-02 
 3.003199e+00  1.336450e-02 
 3.003596e+00  1.383949e-02 
 3.003994e+00  1.420942e-02 
 3.004392e+00  1.442445e-02 
 3.004789e+00  1.446791e-02 
 3.005187e+00  1.433970e-02 
 3.005585e+00  1.403887e-02 
 3.005982e+00  1.358160e-02 
 3.006380e+00  1.296267e-02 
 3.006778e+00  1.218495e-02 
 3.007175e+00  1.123157e-02 
 3.007573e+00  1.010713e-02 
 3.007971e+00  8.853910e-03 
 3.008369e+00  7.519304e-03 
 3.008766e+00  6.147989e-03 
 3.009164e+00  4.774830e-03 
 3.009562e+00  3.422435e-03 
 3.009959e+00  2.105481e-03 
 3.010357e+00  8.335362e-04 
 3.010755e+00 -3.911359e-04 
 3.011152e+00 -1.534623e-03 
 3.011550e+00 -2.556506e-03 
 3.011948e+00 -3.425068e-03 
 3.012346e+00 -4.115875e-03 
 3.012743e+00 -4.634786e-03 
 3.013141e+00 -4.983151e-03 
 3.013539e+00 -5.178101e-03 
 3.013936e+00 -5.226343e-03 
 3.014334e+00 -5.145048e-03 
 3.014732e+00 -4.951546e-03 
 3.015129e+00 -4.672731e-03 
 3.015527e+00 -4.329013e-03 
 3.015925e+00 -3.959874e-03 
 3.016322e+00 -3.602605e-03 
 3.016720e+00 -3.289435e-03 
 3.017118e+00 -3.049649e-03 
 3.017516e+00 -2.864362e-03 
 3.017913e+00 -2.695248e-03 
 3.018311e+00 -2.498604e-03 
 3.018709e+00 -2.247117e-03 
 3.019106e+00 -1.890345e-03 
 3.019504e+00 -1.415677e-03 
 3.019902e+00 -8.175707e-04 
 3.020299e+00 -8.139467e-05 
 3.020697e+00  8.149882e-04 
 3.021095e+00  1.901180e-03 
 3.021493e+00  3.208705e-03 
 3.021890e+00  4.727944e-03 
 3.022288e+00  6.438822e-03 
 3.022686e+00  8.294680e-03 
 3.023083e+00  1.024024e-02 
 3.023481e+00  1.219052e-02 
 3.023879e+00  1.408855e-02 
 3.024276e+00  1.587823e-02 
 3.024674e+00  1.752740e-02 
 3.025072e+00  1.903017e-02 
 3.025469e+00  2.037604e-02 
 3.025867e+00  2.154877e-02 
 3.026265e+00  2.252932e-02 
 3.026663e+00  2.332086e-02 
 3.027060e+00  2.393819e-02 
 3.027458e+00  2.441065e-02 
 3.027856e+00  2.477183e-02 
 3.028253e+00  2.507321e-02 
 3.028651e+00  2.534661e-02 
 3.029049e+00  2.562376e-02 
 3.029446e+00  2.591538e-02 
 3.029844e+00  2.624059e-02 
 3.030242e+00  2.660545e-02 
 3.030640e+00  2.704095e-02 
 3.031037e+00  2.754213e-02 
 3.031435e+00  2.812308e-02 
 3.031833e+00  2.875979e-02 
 3.032230e+00  2.941597e-02 
 3.032628e+00  3.004896e-02 
 3.033026e+00  3.059056e-02 
 3.033423e+00  3.099037e-02 
 3.033821e+00  3.121412e-02 
 3.034219e+00  3.124686e-02 
 3.034616e+00  3.106065e-02 
 3.035014e+00  3.063660e-02 
 3.035412e+00  2.994486e-02 
 3.035810e+00  2.896597e-02 
 3.036207e+00  2.770908e-02 
 3.036605e+00  2.620795e-02 
 3.037003e+00  2.453983e-02 
 3.037400e+00  2.277647e-02 
 3.037798e+00  2.099418e-02 
 3.038196e+00  1.927114e-02 
 3.038593e+00  1.766120e-02 
 3.038991e+00  1.618591e-02 
 3.039389e+00  1.485159e-02 
 3.039787e+00  1.367389e-02 
 3.040184e+00  1.268745e-02 
 3.040582e+00  1.191041e-02 
 3.040980e+00  1.134803e-02 
 3.041377e+00  1.099874e-02 
 3.041775e+00  1.080987e-02 
 3.042173e+00  1.071792e-02 
 3.042570e+00  1.064008e-02 
 3.042968e+00  1.051709e-02 
 3.043366e+00  1.027735e-02 
 3.043763e+00  9.893955e-03 
 3.044161e+00  9.341329e-03 
 3.044559e+00  8.615488e-03 
 3.044957e+00  7.704833e-03 
 3.045354e+00  6.614502e-03 
 3.045752e+00  5.373727e-03 
 3.046150e+00  4.019145e-03 
 3.046547e+00  2.619730e-03 
 3.046945e+00  1.230879e-03 
 3.047343e+00 -1.032321e-04 
 3.047740e+00 -1.333753e-03 
 3.048138e+00 -2.443812e-03 
 3.048536e+00 -3.422532e-03 
 3.048934e+00 -4.256815e-03 
 3.049331e+00 -4.945013e-03 
 3.049729e+00 -5.467065e-03 
 3.050127e+00 -5.820350e-03 
 3.050524e+00 -6.036359e-03 
 3.050922e+00 -6.166807e-03 
 3.051320e+00 -6.274911e-03 
 3.051717e+00 -6.408234e-03 
 3.052115e+00 -6.627587e-03 
 3.052513e+00 -6.972540e-03 
 3.052910e+00 -7.464881e-03 
 3.053308e+00 -8.100908e-03 
 3.053706e+00 -8.863196e-03 
 3.054104e+00 -9.749379e-03 
 3.054501e+00 -1.074781e-02 
 3.054899e+00 -1.186785e-02 
 3.055297e+00 -1.308869e-02 
 3.055694e+00 -1.437608e-02 
 3.056092e+00 -1.566572e-02 
 3.056490e+00 -1.689149e-02 
 3.056887e+00 -1.798258e-02 
 3.057285e+00 -1.890825e-02 
 3.057683e+00 -1.963507e-02 
 3.058081e+00 -2.017389e-02 
 3.058478e+00 -2.054279e-02 
 3.058876e+00 -2.074355e-02 
 3.059274e+00 -2.078449e-02 
 3.059671e+00 -2.066096e-02 
 3.060069e+00 -2.039162e-02 
 3.060467e+00 -1.998713e-02 
 3.060864e+00 -1.947550e-02 
 3.061262e+00 -1.889488e-02 
 3.061660e+00 -1.826731e-02 
 3.062057e+00 -1.762104e-02 
 3.062455e+00 -1.697191e-02 
 3.062853e+00 -1.632121e-02 
 3.063251e+00 -1.570420e-02 
 3.063648e+00 -1.513562e-02 
 3.064046e+00 -1.466411e-02 
 3.064444e+00 -1.430728e-02 
 3.064841e+00 -1.405137e-02 
 3.065239e+00 -1.385503e-02 
 3.065637e+00 -1.366907e-02 
 3.066034e+00 -1.345169e-02 
 3.066432e+00 -1.316336e-02 
 3.066830e+00 -1.279403e-02 
 3.067228e+00 -1.233823e-02 
 3.067625e+00 -1.181272e-02 
 3.068023e+00 -1.120252e-02 
 3.068421e+00 -1.047370e-02 
 3.068818e+00 -9.606622e-03 
 3.069216e+00 -8.563415e-03 
 3.069614e+00 -7.341308e-03 
 3.070011e+00 -5.957117e-03 
 3.070409e+00 -4.445352e-03 
 3.070807e+00 -2.861394e-03 
 3.071204e+00 -1.228698e-03 
 3.071602e+00  3.973635e-04 
 3.072000e+00  1.994714e-03 
 3.072398e+00  3.542824e-03 
 3.072795e+00  5.036468e-03 
 3.073193e+00  6.456599e-03 
 3.073591e+00  7.776973e-03 
 3.073988e+00  9.005021e-03 
 3.074386e+00  1.012911e-02 
 3.074784e+00  1.118658e-02 
 3.075181e+00  1.221116e-02 
 3.075579e+00  1.322301e-02 
 3.075977e+00  1.424449e-02 
 3.076375e+00  1.528623e-02 
 3.076772e+00  1.634954e-02 
 3.077170e+00  1.742481e-02 
 3.077568e+00  1.849452e-02 
 3.077965e+00  1.956568e-02 
 3.078363e+00  2.063067e-02 
 3.078761e+00  2.167899e-02 
 3.079158e+00  2.267317e-02 
 3.079556e+00  2.357194e-02 
 3.079954e+00  2.435154e-02 
 3.080351e+00  2.498173e-02 
 3.080749e+00  2.546356e-02 
 3.081147e+00  2.580059e-02 
 3.081545e+00  2.600885e-02 
 3.081942e+00  2.609258e-02 
 3.082340e+00  2.605251e-02 
 3.082738e+00  2.586600e-02 
 3.083135e+00  2.551145e-02 
 3.083533e+00  2.496535e-02 
 3.083931e+00  2.423826e-02 
 3.084328e+00  2.335246e-02 
 3.084726e+00  2.234316e-02 
 3.085124e+00  2.124188e-02 
 3.085522e+00  2.007321e-02 
 3.085919e+00  1.886880e-02 
 3.086317e+00  1.762813e-02 
 3.086715e+00  1.637180e-02 
 3.087112e+00  1.509590e-02 
 3.087510e+00  1.381688e-02 
 3.087908e+00  1.254945e-02 
 3.088305e+00  1.132071e-02 
 3.088703e+00  1.015123e-02 
 3.089101e+00  9.060459e-03 
 3.089498e+00  8.056498e-03 
 3.089896e+00  7.135375e-03 
 3.090294e+00  6.290627e-03 
 3.090692e+00  5.499312e-03 
 3.091089e+00  4.720852e-03 
 3.091487e+00  3.945511e-03 
 3.091885e+00  3.152223e-03 
 3.092282e+00  2.322239e-03 
 3.092680e+00  1.441582e-03 
 3.093078e+00  4.876338e-04 
 3.093475e+00 -5.341347e-04 
 3.093873e+00 -1.632144e-03 
 3.094271e+00 -2.786146e-03 
 3.094669e+00 -3.975625e-03 
 3.095066e+00 -5.185691e-03 
 3.095464e+00 -6.393700e-03 
 3.095862e+00 -7.576398e-03 
 3.096259e+00 -8.712518e-03 
 3.096657e+00 -9.783020e-03 
 3.097055e+00 -1.076580e-02 
 3.097452e+00 -1.163749e-02 
 3.097850e+00 -1.239191e-02 
 3.098248e+00 -1.301743e-02 
 3.098645e+00 -1.351331e-02 
 3.099043e+00 -1.388137e-02 
 3.099441e+00 -1.414085e-02 
 3.099839e+00 -1.429625e-02 
 3.100236e+00 -1.437464e-02 
 3.100634e+00 -1.439000e-02 
 3.101032e+00 -1.433763e-02 
 3.101429e+00 -1.422817e-02 
 3.101827e+00 -1.407833e-02 
 3.102225e+00 -1.392316e-02 
 3.102622e+00 -1.379791e-02 
 3.103020e+00 -1.373184e-02 
 3.103418e+00 -1.374060e-02 
 3.103816e+00 -1.380584e-02 
 3.104213e+00 -1.390033e-02 
 3.104611e+00 -1.396816e-02 
 3.105009e+00 -1.396519e-02 
 3.105406e+00 -1.385908e-02 
 3.105804e+00 -1.362601e-02 
 3.106202e+00 -1.327008e-02 
 3.106599e+00 -1.279064e-02 
 3.106997e+00 -1.219444e-02 
 3.107395e+00 -1.147097e-02 
 3.107792e+00 -1.061662e-02 
 3.108190e+00 -9.651981e-03 
 3.108588e+00 -8.587767e-03 
 3.108986e+00 -7.454387e-03 
 3.109383e+00 -6.287427e-03 
 3.109781e+00 -5.127160e-03 
 3.110179e+00 -4.018399e-03 
 3.110576e+00 -2.977289e-03 
 3.110974e+00 -2.024973e-03 
 3.111372e+00 -1.190749e-03 
 3.111769e+00 -5.051726e-04 
 3.112167e+00  1.731960e-05 
 3.112565e+00  3.763118e-04 
 3.112963e+00  5.967460e-04 
 3.113360e+00  7.242399e-04 
 3.113758e+00  8.119427e-04 
 3.114156e+00  9.148345e-04 
 3.114553e+00  1.077313e-03 
 3.114951e+00  1.339308e-03 
 3.115349e+00  1.725622e-03 
 3.115746e+00  2.249434e-03 
 3.116144e+00  2.934414e-03 
 3.116542e+00  3.811556e-03 
 3.116939e+00  4.898127e-03 
 3.117337e+00  6.183293e-03 
 3.117735e+00  7.654557e-03 
 3.118133e+00  9.263371e-03 
 3.118530e+00  1.095366e-02 
 3.118928e+00  1.267109e-02 
 3.119326e+00  1.436647e-02 
 3.119723e+00  1.600593e-02 
 3.120121e+00  1.756848e-02 
 3.120519e+00  1.904998e-02 
 3.120916e+00  2.043133e-02 
 3.121314e+00  2.170094e-02 
 3.121712e+00  2.282539e-02 
 3.122110e+00  2.379530e-02 
 3.122507e+00  2.461664e-02 
 3.122905e+00  2.530392e-02 
 3.123303e+00  2.591377e-02 
 3.123700e+00  2.648647e-02 
 3.124098e+00  2.707401e-02 
 3.124496e+00  2.770923e-02 
 3.124893e+00  2.842146e-02 
 3.125291e+00  2.921493e-02 
 3.125689e+00  3.010692e-02 
 3.126086e+00  3.110281e-02 
 3.126484e+00  3.217888e-02 
 3.126882e+00  3.330484e-02 
 3.127280e+00  3.441886e-02 
 3.127677e+00  3.545626e-02 
 3.128075e+00  3.636021e-02 
 3.128473e+00  3.709134e-02 
 3.128870e+00  3.760890e-02 
 3.129268e+00  3.792195e-02 
 3.129666e+00  3.803571e-02 
 3.130063e+00  3.794536e-02 
 3.130461e+00  3.763273e-02 
 3.130859e+00  3.708579e-02 
 3.131257e+00  3.629849e-02 
 3.131654e+00  3.526885e-02 
 3.132052e+00  3.406688e-02 
 3.132450e+00  3.275446e-02 
 3.132847e+00  3.139829e-02 
 3.133245e+00  3.004498e-02 
 3.133643e+00  2.872456e-02 
 3.134040e+00  2.745804e-02 
 3.134438e+00  2.625789e-02 
 3.134836e+00  2.513293e-02 
 3.135233e+00  2.409760e-02 
 3.135631e+00  2.316523e-02 
 3.136029e+00  2.234710e-02 
 3.136427e+00  2.162458e-02 
 3.136824e+00  2.097593e-02 
 3.137222e+00  2.035444e-02 
 3.137620e+00  1.969572e-02 
 3.138017e+00  1.894524e-02 
 3.138415e+00  1.805926e-02 
 3.138813e+00  1.700446e-02 
 3.139210e+00  1.573646e-02 
 3.139608e+00  1.422442e-02 
 3.140006e+00  1.245084e-02 
 3.140404e+00  1.040709e-02 
 3.140801e+00  8.125380e-03 
 3.141199e+00  5.646613e-03 
 3.141597e+00  3.038577e-03 
 3.141994e+00  3.808337e-04 
 3.142392e+00 -2.255646e-03 
 3.142790e+00 -4.789636e-03 
 3.143187e+00 -7.174139e-03 
 3.143585e+00 -9.360441e-03 
 3.143983e+00 -1.130255e-02 
 3.144380e+00 -1.298422e-02 
 3.144778e+00 -1.437412e-02 
 3.145176e+00 -1.547970e-02 
 3.145574e+00 -1.632822e-02 
 3.145971e+00 -1.696336e-02 
 3.146369e+00 -1.746084e-02 
 3.146767e+00 -1.789760e-02 
 3.147164e+00 -1.834456e-02 
 3.147562e+00 -1.884336e-02 
 3.147960e+00 -1.942518e-02 
 3.148357e+00 -2.009177e-02 
 3.148755e+00 -2.083461e-02 
 3.149153e+00 -2.163861e-02 
 3.149551e+00 -2.248715e-02 
 3.149948e+00 -2.335194e-02 
 3.150346e+00 -2.420048e-02 
 3.150744e+00 -2.499468e-02 
 3.151141e+00 -2.567903e-02 
 3.151539e+00 -2.619926e-02 
 3.151937e+00 -2.651249e-02 
 3.152334e+00 -2.659903e-02 
 3.152732e+00 -2.644048e-02 
 3.153130e+00 -2.602870e-02 
 3.153527e+00 -2.535985e-02 
 3.153925e+00 -2.445306e-02 
 3.154323e+00 -2.333789e-02 
 3.154721e+00 -2.204330e-02 
 3.155118e+00 -2.061069e-02 
 3.155516e+00 -1.908422e-02 
 3.155914e+00 -1.749588e-02 
 3.156311e+00 -1.589527e-02 
 3.156709e+00 -1.431888e-02 
 3.157107e+00 -1.280193e-02 
 3.157504e+00 -1.136653e-02 
 3.157902e+00 -1.005225e-02 
 3.158300e+00 -8.870194e-03 
 3.158698e+00 -7.838342e-03 
 3.159095e+00 -6.951539e-03 
 3.159493e+00 -6.220330e-03 
 3.159891e+00 -5.628073e-03 
 3.160288e+00 -5.138360e-03 
 3.160686e+00 -4.708483e-03 
 3.161084e+00 -4.300859e-03 
 3.161481e+00 -3.864605e-03 
 3.161879e+00 -3.369785e-03 
 3.162277e+00 -2.781062e-03 
 3.162674e+00 -2.084707e-03 
 3.163072e+00 -1.266377e-03 
 3.163470e+00 -3.099042e-04 
 3.163868e+00  7.810988e-04 
 3.164265e+00  1.994347e-03 
 3.164663e+00  3.310486e-03 
 3.165061e+00  4.698579e-03 
 3.165458e+00  6.106311e-03 
 3.165856e+00  7.480876e-03 
 3.166254e+00  8.780881e-03 
 3.166651e+00  9.973096e-03 
 3.167049e+00  1.103504e-02 
 3.167447e+00  1.194452e-02 
 3.167845e+00  1.270308e-02 
 3.168242e+00  1.330632e-02 
 3.168640e+00  1.377755e-02 
 3.169038e+00  1.413224e-02 
 3.169435e+00  1.439702e-02 
 3.169833e+00  1.459223e-02 
 3.170231e+00  1.473093e-02 
 3.170628e+00  1.481909e-02 
 3.171026e+00  1.486720e-02 
 3.171424e+00  1.489248e-02 
 3.171821e+00  1.492890e-02 
 3.172219e+00  1.499525e-02 
 3.172617e+00  1.512489e-02 
 3.173015e+00  1.530716e-02 
 3.173412e+00  1.554458e-02 
 3.173810e+00  1.583528e-02 
 3.174208e+00  1.614839e-02 
 3.174605e+00  1.647750e-02 
 3.175003e+00  1.681112e-02 
 3.175401e+00  1.713944e-02 
 3.175798e+00  1.744671e-02 
 3.176196e+00  1.771126e-02 
 3.176594e+00  1.792031e-02 
 3.176992e+00  1.807121e-02 
 3.177389e+00  1.814098e-02 
 3.177787e+00  1.812269e-02 
 3.178185e+00  1.800704e-02 
 3.178582e+00  1.778335e-02 
 3.178980e+00  1.744799e-02 
 3.179378e+00  1.700446e-02 
 3.179775e+00  1.645696e-02 
 3.180173e+00  1.583518e-02 
 3.180571e+00  1.515674e-02 
 3.180968e+00  1.444975e-02 
 3.181366e+00  1.373868e-02 
 3.181764e+00  1.305067e-02 
 3.182162e+00  1.241110e-02 
 3.182559e+00  1.182697e-02 
 3.182957e+00  1.129064e-02 
 3.183355e+00  1.079880e-02 
 3.183752e+00  1.033847e-02 
 3.184150e+00  9.900722e-03 
 3.184548e+00  9.481389e-03 
 3.184945e+00  9.058964e-03 
 3.185343e+00  8.613024e-03 
 3.185741e+00  8.098369e-03 
 3.186139e+00  7.485556e-03 
 3.186536e+00  6.739687e-03 
 3.186934e+00  5.853307e-03 
 3.187332e+00  4.820934e-03 
 3.187729e+00  3.640928e-03 
 3.188127e+00  2.329518e-03 
 3.188525e+00  9.034563e-04 
 3.188922e+00 -6.282688e-04 
 3.189320e+00 -2.268398e-03 
 3.189718e+00 -4.005151e-03 
 3.190115e+00 -5.817541e-03 
 3.190513e+00 -7.675882e-03 
 3.190911e+00 -9.537761e-03 
 3.191309e+00 -1.137237e-02 
 3.191706e+00 -1.312834e-02 
 3.192104e+00 -1.478023e-02 
 3.192502e+00 -1.631240e-02 
 3.192899e+00 -1.770028e-02 
 3.193297e+00 -1.892765e-02 
 3.193695e+00 -1.999254e-02 
 3.194092e+00 -2.089818e-02 
 3.194490e+00 -2.168397e-02 
 3.194888e+00 -2.236478e-02 
 3.195286e+00 -2.297520e-02 
 3.195683e+00 -2.353156e-02 
 3.196081e+00 -2.403094e-02 
 3.196479e+00 -2.449171e-02 
 3.196876e+00 -2.491226e-02 
 3.197274e+00 -2.528700e-02 
 3.197672e+00 -2.563590e-02 
 3.198069e+00 -2.595355e-02 
 3.198467e+00 -2.622528e-02 
 3.198865e+00 -2.642246e-02 
 3.199262e+00 -2.652306e-02 
 3.199660e+00 -2.650301e-02 
 3.200058e+00 -2.632574e-02 
 3.200456e+00 -2.597457e-02 
 3.200853e+00 -2.543268e-02 
 3.201251e+00 -2.469116e-02 
 3.201649e+00 -2.375580e-02 
 3.202046e+00 -2.263347e-02 
 3.202444e+00 -2.134747e-02 
 3.202842e+00 -1.990712e-02 
 3.203239e+00 -1.834461e-02 
 3.203637e+00 -1.666336e-02 
 3.204035e+00 -1.489185e-02 
 3.204433e+00 -1.304525e-02 
 3.204830e+00 -1.114950e-02 
 3.205228e+00 -9.241130e-03 
 3.205626e+00 -7.330469e-03 
 3.206023e+00 -5.462242e-03 
 3.206421e+00 -3.656596e-03 
 3.206819e+00 -1.928483e-03 
 3.207216e+00 -3.024710e-04 
 3.207614e+00  1.218471e-03 
 3.208012e+00  2.621182e-03 
 3.208409e+00  3.922195e-03 
 3.208807e+00  5.135168e-03 
 3.209205e+00  6.260486e-03 
 3.209603e+00  7.330464e-03 
 3.210000e+00  8.364641e-03 
 3.210398e+00  9.397982e-03 
 3.210796e+00  1.047746e-02 
 3.211193e+00  1.164962e-02 
 3.211591e+00  1.295938e-02 
 3.211989e+00  1.443208e-02 
 3.212386e+00  1.608323e-02 
 3.212784e+00  1.787967e-02 
 3.213182e+00  1.978481e-02 
 3.213580e+00  2.173103e-02 
 3.213977e+00  2.365074e-02 
 3.214375e+00  2.548663e-02 
 3.214773e+00  2.717663e-02 
 3.215170e+00  2.866992e-02 
 3.215568e+00  2.992175e-02 
 3.215966e+00  3.089695e-02 
 3.216363e+00  3.158800e-02 
 3.216761e+00  3.199429e-02 
 3.217159e+00  3.212931e-02 
 3.217556e+00  3.203723e-02 
 3.217954e+00  3.177833e-02 
 3.218352e+00  3.139869e-02 
 3.218750e+00  3.094528e-02 
 3.219147e+00  3.047320e-02 
 3.219545e+00  3.004423e-02 
 3.219943e+00  2.969245e-02 
 3.220340e+00  2.948398e-02 
 3.220738e+00  2.944119e-02 
 3.221136e+00  2.956189e-02 
 3.221533e+00  2.981461e-02 
 3.221931e+00  3.015241e-02 
 3.222329e+00  3.054332e-02 
 3.222727e+00  3.091738e-02 
 3.223124e+00  3.122804e-02 
 3.223522e+00  3.144437e-02 
 3.223920e+00  3.152771e-02 
 3.224317e+00  3.144037e-02 
 3.224715e+00  3.116158e-02 
 3.225113e+00  3.068123e-02 
 3.225510e+00  2.997317e-02 
 3.225908e+00  2.904114e-02 
 3.226306e+00  2.790595e-02 
 3.226703e+00  2.660130e-02 
 3.227101e+00  2.518345e-02 
 3.227499e+00  2.370830e-02 
 3.227897e+00  2.223338e-02 
 3.228294e+00  2.080546e-02 
 3.228692e+00  1.945579e-02 
 3.229090e+00  1.821505e-02 
 3.229487e+00  1.712431e-02 
 3.229885e+00  1.622206e-02 
 3.230283e+00  1.553419e-02 
 3.230680e+00  1.506640e-02 
 3.231078e+00  1.481915e-02 
 3.231476e+00  1.477111e-02 
 3.231874e+00  1.488315e-02 
 3.232271e+00  1.510209e-02 
 3.232669e+00  1.535747e-02 
 3.233067e+00  1.559192e-02 
 3.233464e+00  1.573786e-02 
 3.233862e+00  1.572531e-02 
 3.234260e+00  1.548982e-02 
 3.234657e+00  1.498206e-02 
 3.235055e+00  1.417581e-02 
 3.235453e+00  1.309284e-02 
 3.235850e+00  1.177928e-02 
 3.236248e+00  1.030028e-02 
 3.236646e+00  8.735398e-03 
 3.237044e+00  7.137661e-03 
 3.237441e+00  5.569173e-03 
 3.237839e+00  4.069067e-03 
 3.238237e+00  2.667290e-03 
 3.238634e+00  1.415768e-03 
 3.239032e+00  3.442602e-04 
 3.239430e+00 -5.157241e-04 
 3.239827e+00 -1.140957e-03 
 3.240225e+00 -1.539993e-03 
 3.240623e+00 -1.742537e-03 
 3.241021e+00 -1.805155e-03 
 3.241418e+00 -1.777814e-03 
 3.241816e+00 -1.733635e-03 
 3.242214e+00 -1.725169e-03 
 3.242611e+00 -1.790145e-03 
 3.243009e+00 -1.966201e-03 
 3.243407e+00 -2.286367e-03 
 3.243804e+00 -2.788122e-03 
 3.244202e+00 -3.479932e-03 
 3.244600e+00 -4.367055e-03 
 3.244997e+00 -5.434309e-03 
 3.245395e+00 -6.667593e-03 
 3.245793e+00 -8.020993e-03 
 3.246191e+00 -9.447621e-03 
 3.246588e+00 -1.090653e-02 
 3.246986e+00 -1.234951e-02 
 3.247384e+00 -1.372646e-02 
 3.247781e+00 -1.500965e-02 
 3.248179e+00 -1.615252e-02 
 3.248577e+00 -1.711605e-02 
 3.248974e+00 -1.786407e-02 
 3.249372e+00 -1.836188e-02 
 3.249770e+00 -1.861008e-02 
 3.250168e+00 -1.862653e-02 
 3.250565e+00 -1.844302e-02 
 3.250963e+00 -1.809695e-02 
 3.251361e+00 -1.760788e-02 
 3.251758e+00 -1.700719e-02 
 3.252156e+00 -1.633285e-02 
 3.252554e+00 -1.564020e-02 
 3.252951e+00 -1.498742e-02 
 3.253349e+00 -1.444567e-02 
 3.253747e+00 -1.405132e-02 
 3.254144e+00 -1.382863e-02 
 3.254542e+00 -1.375102e-02 
 3.254940e+00 -1.378074e-02 
 3.255338e+00 -1.387258e-02 
 3.255735e+00 -1.394591e-02 
 3.256133e+00 -1.394398e-02 
 3.256531e+00 -1.382030e-02 
 3.256928e+00 -1.353547e-02 
 3.257326e+00 -1.306081e-02 
 3.257724e+00 -1.236545e-02 
 3.258121e+00 -1.143223e-02 
 3.258519e+00 -1.023513e-02 
 3.258917e+00 -8.771730e-03 
 3.259315e+00 -7.053722e-03 
 3.259712e+00 -5.102194e-03 
 3.260110e+00 -2.967627e-03 
 3.260508e+00 -7.078897e-04 
 3.260905e+00  1.626574e-03 
 3.261303e+00  3.966433e-03 
 3.261701e+00  6.251664e-03 
 3.262098e+00  8.437530e-03 
 3.262496e+00  1.047025e-02 
 3.262894e+00  1.231625e-02 
 3.263291e+00  1.392411e-02 
 3.263689e+00  1.527484e-02 
 3.264087e+00  1.636429e-02 
 3.264485e+00  1.722016e-02 
 3.264882e+00  1.787833e-02 
 3.265280e+00  1.837174e-02 
 3.265678e+00  1.873781e-02 
 3.266075e+00  1.900505e-02 
 3.266473e+00  1.919644e-02 
 3.266871e+00  1.933572e-02 
 3.267268e+00  1.945868e-02 
 3.267666e+00  1.959173e-02 
 3.268064e+00  1.976096e-02 
 3.268462e+00  1.996690e-02 
 3.268859e+00  2.021249e-02 
 3.269257e+00  2.047147e-02 
 3.269655e+00  2.071949e-02 
 3.270052e+00  2.091760e-02 
 3.270450e+00  2.104768e-02 
 3.270848e+00  2.110331e-02 
 3.271245e+00  2.108127e-02 
 3.271643e+00  2.095688e-02 
 3.272041e+00  2.072324e-02 
 3.272438e+00  2.035060e-02 
 3.272836e+00  1.982281e-02 
 3.273234e+00  1.909955e-02 
 3.273632e+00  1.819819e-02 
 3.274029e+00  1.712500e-02 
 3.274427e+00  1.590532e-02 
 3.274825e+00  1.457945e-02 
 3.275222e+00  1.317225e-02 
 3.275620e+00  1.172058e-02 
 3.276018e+00  1.025459e-02 
 3.276415e+00  8.794883e-03 
 3.276813e+00  7.363427e-03 
 3.277211e+00  5.974059e-03 
 3.277609e+00  4.647973e-03 
 3.278006e+00  3.400197e-03 
 3.278404e+00  2.251371e-03 
 3.278802e+00  1.201800e-03 
 3.279199e+00  2.482051e-04 
 3.279597e+00 -6.137641e-04 
 3.279995e+00 -1.399129e-03 
 3.280392e+00 -2.115941e-03 
 3.280790e+00 -2.767540e-03 
 3.281188e+00 -3.366535e-03 
 3.281585e+00 -3.928967e-03 
 3.281983e+00 -4.502978e-03 
 3.282381e+00 -5.110096e-03 
 3.282779e+00 -5.801108e-03 
 3.283176e+00 -6.611544e-03 
 3.283574e+00 -7.528904e-03 
 3.283972e+00 -8.551048e-03 
 3.284369e+00 -9.636831e-03 
 3.284767e+00 -1.076364e-02 
 3.285165e+00 -1.189467e-02 
 3.285562e+00 -1.298562e-02 
 3.285960e+00 -1.401431e-02 
 3.286358e+00 -1.493391e-02 
 3.286756e+00 -1.571204e-02 
 3.287153e+00 -1.631176e-02 
 3.287551e+00 -1.669532e-02 
 3.287949e+00 -1.684130e-02 
 3.288346e+00 -1.674225e-02 
 3.288744e+00 -1.641185e-02 
 3.289142e+00 -1.589576e-02 
 3.289539e+00 -1.522230e-02 
 3.289937e+00 -1.445051e-02 
 3.290335e+00 -1.362652e-02 
 3.290732e+00 -1.277159e-02 
 3.291130e+00 -1.193556e-02 
 3.291528e+00 -1.114844e-02 
 3.291926e+00 -1.045345e-02 
 3.292323e+00 -9.899578e-03 
 3.292721e+00 -9.518980e-03 
 3.293119e+00 -9.316794e-03 
 3.293516e+00 -9.292004e-03 
 3.293914e+00 -9.412151e-03 
 3.294312e+00 -9.631140e-03 
 3.294709e+00 -9.917071e-03 
 3.295107e+00 -1.022388e-02 
 3.295505e+00 -1.053259e-02 
 3.295903e+00 -1.081461e-02 
 3.296300e+00 -1.104755e-02 
 3.296698e+00 -1.121874e-02 
 3.297096e+00 -1.129121e-02 
 3.297493e+00 -1.124200e-02 
 3.297891e+00 -1.106608e-02 
 3.298289e+00 -1.076338e-02 
 3.298686e+00 -1.035396e-02 
 3.299084e+00 -9.858931e-03 
 3.299482e+00 -9.298153e-03 
 3.299879e+00 -8.694390e-03 
