Run06_EC40_s0p30
71	0
0.000000	0.000000000e+00
0.005000	5.170721516e-03
0.010000	9.922541926e-03
0.015000	1.387049700e-02
0.020000	1.669474690e-02
0.025000	1.816648769e-02
0.030000	1.816648769e-02
0.035000	1.669474690e-02
0.040000	1.387049700e-02
0.045000	9.922541926e-03
0.050000	5.170721516e-03
0.055000	2.247630741e-18
0.060000	-5.170721516e-03
0.065000	-9.922541926e-03
0.070000	-1.387049700e-02
0.075000	-1.669474690e-02
0.080000	-1.816648769e-02
0.085000	-1.816648769e-02
0.090000	-1.669474690e-02
0.095000	-1.387049700e-02
0.100000	-9.922541926e-03
0.105000	-5.170721516e-03
0.110000	-4.495261481e-18
0.115000	6.256893151e-03
0.120000	1.240672913e-02
0.125000	1.834428253e-02
0.130000	2.396796017e-02
0.135000	2.918153936e-02
0.140000	3.389581433e-02
0.145000	3.803012251e-02
0.150000	4.151372476e-02
0.155000	4.428701567e-02
0.160000	4.630254345e-02
0.165000	4.752582189e-02
0.170000	4.793592033e-02
0.175000	4.752582189e-02
0.180000	4.630254345e-02
0.185000	4.428701567e-02
0.190000	4.151372476e-02
0.195000	3.803012251e-02
0.200000	3.389581433e-02
0.205000	2.918153936e-02
0.210000	2.396796017e-02
0.215000	1.834428253e-02
0.220000	1.240672913e-02
0.225000	6.256893151e-03
0.230000	5.870457140e-18
0.235000	-6.256893151e-03
0.240000	-1.240672913e-02
0.245000	-1.834428253e-02
0.250000	-2.396796017e-02
0.255000	-2.918153936e-02
0.260000	-3.389581433e-02
0.265000	-3.803012251e-02
0.270000	-4.151372476e-02
0.275000	-4.428701567e-02
0.280000	-4.630254345e-02
0.285000	-4.752582189e-02
0.290000	-4.793592033e-02
0.295000	-4.752582189e-02
0.300000	-4.630254345e-02
0.305000	-4.428701567e-02
0.310000	-4.151372476e-02
0.315000	-3.803012251e-02
0.320000	-3.389581433e-02
0.325000	-2.918153936e-02
0.330000	-2.396796017e-02
0.335000	-1.834428253e-02
0.340000	-1.240672913e-02
0.345000	-6.256893151e-03
0.350000	-1.174091428e-17
