Run05_HU12_s1p25
71	0
0.000000	0.000000000e+00
0.005000	9.484013242e-03
0.010000	1.819968813e-02
0.015000	2.544093253e-02
0.020000	3.062110388e-02
0.025000	3.332053550e-02
0.030000	3.332053550e-02
0.035000	3.062110388e-02
0.040000	2.544093253e-02
0.045000	1.819968813e-02
0.050000	9.484013242e-03
0.055000	4.122550333e-18
0.060000	-9.484013242e-03
0.065000	-1.819968813e-02
0.070000	-2.544093253e-02
0.075000	-3.062110388e-02
0.080000	-3.332053550e-02
0.085000	-3.332053550e-02
0.090000	-3.062110388e-02
0.095000	-2.544093253e-02
0.100000	-1.819968813e-02
0.105000	-9.484013242e-03
0.110000	-8.245100665e-18
0.115000	3.762775815e-03
0.120000	7.461169493e-03
0.125000	1.103190049e-02
0.130000	1.441387261e-02
0.135000	1.754921938e-02
0.140000	2.038429414e-02
0.145000	2.287058797e-02
0.150000	2.496555970e-02
0.155000	2.663336379e-02
0.160000	2.784546363e-02
0.165000	2.858111987e-02
0.170000	2.882774523e-02
0.175000	2.858111987e-02
0.180000	2.784546363e-02
0.185000	2.663336379e-02
0.190000	2.496555970e-02
0.195000	2.287058797e-02
0.200000	2.038429414e-02
0.205000	1.754921938e-02
0.210000	1.441387261e-02
0.215000	1.103190049e-02
0.220000	7.461169493e-03
0.225000	3.762775815e-03
0.230000	3.530380592e-18
0.235000	-3.762775815e-03
0.240000	-7.461169493e-03
0.245000	-1.103190049e-02
0.250000	-1.441387261e-02
0.255000	-1.754921938e-02
0.260000	-2.038429414e-02
0.265000	-2.287058797e-02
0.270000	-2.496555970e-02
0.275000	-2.663336379e-02
0.280000	-2.784546363e-02
0.285000	-2.858111987e-02
0.290000	-2.882774523e-02
0.295000	-2.858111987e-02
0.300000	-2.784546363e-02
0.305000	-2.663336379e-02
0.310000	-2.496555970e-02
0.315000	-2.287058797e-02
0.320000	-2.038429414e-02
0.325000	-1.754921938e-02
0.330000	-1.441387261e-02
0.335000	-1.103190049e-02
0.340000	-7.461169493e-03
0.345000	-3.762775815e-03
0.350000	-7.060761184e-18
