Run04_HU12_s1p00
71	0
0.000000	0.000000000e+00
0.005000	7.587210593e-03
0.010000	1.455975051e-02
0.015000	2.035274603e-02
0.020000	2.449688310e-02
0.025000	2.665642840e-02
0.030000	2.665642840e-02
0.035000	2.449688310e-02
0.040000	2.035274603e-02
0.045000	1.455975051e-02
0.050000	7.587210593e-03
0.055000	3.298040266e-18
0.060000	-7.587210593e-03
0.065000	-1.455975051e-02
0.070000	-2.035274603e-02
0.075000	-2.449688310e-02
0.080000	-2.665642840e-02
0.085000	-2.665642840e-02
0.090000	-2.449688310e-02
0.095000	-2.035274603e-02
0.100000	-1.455975051e-02
0.105000	-7.587210593e-03
0.110000	-6.596080532e-18
0.115000	3.010220652e-03
0.120000	5.968935594e-03
0.125000	8.825520393e-03
0.130000	1.153109809e-02
0.135000	1.403937550e-02
0.140000	1.630743531e-02
0.145000	1.829647038e-02
0.150000	1.997244776e-02
0.155000	2.130669103e-02
0.160000	2.227637090e-02
0.165000	2.286489590e-02
0.170000	2.306219618e-02
0.175000	2.286489590e-02
0.180000	2.227637090e-02
0.185000	2.130669103e-02
0.190000	1.997244776e-02
0.195000	1.829647038e-02
0.200000	1.630743531e-02
0.205000	1.403937550e-02
0.210000	1.153109809e-02
0.215000	8.825520393e-03
0.220000	5.968935594e-03
0.225000	3.010220652e-03
0.230000	2.824304474e-18
0.235000	-3.010220652e-03
0.240000	-5.968935594e-03
0.245000	-8.825520393e-03
0.250000	-1.153109809e-02
0.255000	-1.403937550e-02
0.260000	-1.630743531e-02
0.265000	-1.829647038e-02
0.270000	-1.997244776e-02
0.275000	-2.130669103e-02
0.280000	-2.227637090e-02
0.285000	-2.286489590e-02
0.290000	-2.306219618e-02
0.295000	-2.286489590e-02
0.300000	-2.227637090e-02
0.305000	-2.130669103e-02
0.310000	-1.997244776e-02
0.315000	-1.829647038e-02
0.320000	-1.630743531e-02
0.325000	-1.403937550e-02
0.330000	-1.153109809e-02
0.335000	-8.825520393e-03
0.340000	-5.968935594e-03
0.345000	-3.010220652e-03
0.350000	-5.648608947e-18
