Run13_HU12_s2p50
71	0
0.000000	0.000000000e+00
0.005000	1.896802648e-02
0.010000	3.639937627e-02
0.015000	5.088186506e-02
0.020000	6.124220776e-02
0.025000	6.664107100e-02
0.030000	6.664107100e-02
0.035000	6.124220776e-02
0.040000	5.088186506e-02
0.045000	3.639937627e-02
0.050000	1.896802648e-02
0.055000	8.245100665e-18
0.060000	-1.896802648e-02
0.065000	-3.639937627e-02
0.070000	-5.088186506e-02
0.075000	-6.124220776e-02
0.080000	-6.664107100e-02
0.085000	-6.664107100e-02
0.090000	-6.124220776e-02
0.095000	-5.088186506e-02
0.100000	-3.639937627e-02
0.105000	-1.896802648e-02
0.110000	-1.649020133e-17
0.115000	7.525551630e-03
0.120000	1.492233899e-02
0.125000	2.206380098e-02
0.130000	2.882774523e-02
0.135000	3.509843876e-02
0.140000	4.076858827e-02
0.145000	4.574117594e-02
0.150000	4.993111940e-02
0.155000	5.326672757e-02
0.160000	5.569092726e-02
0.165000	5.716223974e-02
0.170000	5.765549046e-02
0.175000	5.716223974e-02
0.180000	5.569092726e-02
0.185000	5.326672757e-02
0.190000	4.993111940e-02
0.195000	4.574117594e-02
0.200000	4.076858827e-02
0.205000	3.509843876e-02
0.210000	2.882774523e-02
0.215000	2.206380098e-02
0.220000	1.492233899e-02
0.225000	7.525551630e-03
0.230000	7.060761184e-18
0.235000	-7.525551630e-03
0.240000	-1.492233899e-02
0.245000	-2.206380098e-02
0.250000	-2.882774523e-02
0.255000	-3.509843876e-02
0.260000	-4.076858827e-02
0.265000	-4.574117594e-02
0.270000	-4.993111940e-02
0.275000	-5.326672757e-02
0.280000	-5.569092726e-02
0.285000	-5.716223974e-02
0.290000	-5.765549046e-02
0.295000	-5.716223974e-02
0.300000	-5.569092726e-02
0.305000	-5.326672757e-02
0.310000	-4.993111940e-02
0.315000	-4.574117594e-02
0.320000	-4.076858827e-02
0.325000	-3.509843876e-02
0.330000	-2.882774523e-02
0.335000	-2.206380098e-02
0.340000	-1.492233899e-02
0.345000	-7.525551630e-03
0.350000	-1.412152237e-17
