Run25_FR76_s2p00_1_fixed_wall
71	0
0.000000	0.000000000e+00
0.005000	1.809892507e-03
0.010000	3.473158286e-03
0.015000	4.855049437e-03
0.020000	5.843613357e-03
0.025000	6.358762476e-03
0.030000	6.358762476e-03
0.035000	5.843613357e-03
0.040000	4.855049437e-03
0.045000	3.473158286e-03
0.050000	1.809892507e-03
0.055000	7.867316046e-19
0.060000	-1.809892507e-03
0.065000	-3.473158286e-03
0.070000	-4.855049437e-03
0.075000	-5.843613357e-03
0.080000	-6.358762476e-03
0.085000	-6.358762476e-03
0.090000	-5.843613357e-03
0.095000	-4.855049437e-03
0.100000	-3.473158286e-03
0.105000	-1.809892507e-03
0.110000	-1.573463209e-18
0.115000	3.556395719e-02
0.120000	7.051940521e-02
0.125000	1.042682467e-01
0.130000	1.362330295e-01
0.135000	1.658668274e-01
0.140000	1.926625980e-01
0.145000	2.161618580e-01
0.150000	2.359625288e-01
0.155000	2.517258152e-01
0.160000	2.631820032e-01
0.165000	2.701350741e-01
0.170000	2.724660590e-01
0.175000	2.701350741e-01
0.180000	2.631820032e-01
0.185000	2.517258152e-01
0.190000	2.359625288e-01
0.195000	2.161618580e-01
0.200000	1.926625980e-01
0.205000	1.658668274e-01
0.210000	1.362330295e-01
0.215000	1.042682467e-01
0.220000	7.051940521e-02
0.225000	3.556395719e-02
0.230000	3.336746870e-17
0.235000	-3.556395719e-02
0.240000	-7.051940521e-02
0.245000	-1.042682467e-01
0.250000	-1.362330295e-01
0.255000	-1.658668274e-01
0.260000	-1.926625980e-01
0.265000	-2.161618580e-01
0.270000	-2.359625288e-01
0.275000	-2.517258152e-01
0.280000	-2.631820032e-01
0.285000	-2.701350741e-01
0.290000	-2.724660590e-01
0.295000	-2.701350741e-01
0.300000	-2.631820032e-01
0.305000	-2.517258152e-01
0.310000	-2.359625288e-01
0.315000	-2.161618580e-01
0.320000	-1.926625980e-01
0.325000	-1.658668274e-01
0.330000	-1.362330295e-01
0.335000	-1.042682467e-01
0.340000	-7.051940521e-02
0.345000	-3.556395719e-02
0.350000	-6.673493740e-17
