Run24_FR76_s1p75_1_fixed_wall
71	0
0.000000	0.000000000e+00
0.005000	1.583655943e-03
0.010000	3.039013501e-03
0.015000	4.248168258e-03
0.020000	5.113161687e-03
0.025000	5.563917166e-03
0.030000	5.563917166e-03
0.035000	5.113161687e-03
0.040000	4.248168258e-03
0.045000	3.039013501e-03
0.050000	1.583655943e-03
0.055000	6.883901540e-19
0.060000	-1.583655943e-03
0.065000	-3.039013501e-03
0.070000	-4.248168258e-03
0.075000	-5.113161687e-03
0.080000	-5.563917166e-03
0.085000	-5.563917166e-03
0.090000	-5.113161687e-03
0.095000	-4.248168258e-03
0.100000	-3.039013501e-03
0.105000	-1.583655943e-03
0.110000	-1.376780308e-18
0.115000	3.111846254e-02
0.120000	6.170447956e-02
0.125000	9.123471583e-02
0.130000	1.192039008e-01
0.135000	1.451334740e-01
0.140000	1.685797732e-01
0.145000	1.891416258e-01
0.150000	2.064672127e-01
0.155000	2.202600883e-01
0.160000	2.302842528e-01
0.165000	2.363681898e-01
0.170000	2.384078016e-01
0.175000	2.363681898e-01
0.180000	2.302842528e-01
0.185000	2.202600883e-01
0.190000	2.064672127e-01
0.195000	1.891416258e-01
0.200000	1.685797732e-01
0.205000	1.451334740e-01
0.210000	1.192039008e-01
0.215000	9.123471583e-02
0.220000	6.170447956e-02
0.225000	3.111846254e-02
0.230000	2.919653511e-17
0.235000	-3.111846254e-02
0.240000	-6.170447956e-02
0.245000	-9.123471583e-02
0.250000	-1.192039008e-01
0.255000	-1.451334740e-01
0.260000	-1.685797732e-01
0.265000	-1.891416258e-01
0.270000	-2.064672127e-01
0.275000	-2.202600883e-01
0.280000	-2.302842528e-01
0.285000	-2.363681898e-01
0.290000	-2.384078016e-01
0.295000	-2.363681898e-01
0.300000	-2.302842528e-01
0.305000	-2.202600883e-01
0.310000	-2.064672127e-01
0.315000	-1.891416258e-01
0.320000	-1.685797732e-01
0.325000	-1.451334740e-01
0.330000	-1.192039008e-01
0.335000	-9.123471583e-02
0.340000	-6.170447956e-02
0.345000	-3.111846254e-02
0.350000	-5.839307023e-17
