Run23_FR76_s1p50_1_fixed_wall
71	0
0.000000	0.000000000e+00
0.005000	1.357419380e-03
0.010000	2.604868715e-03
0.015000	3.641287078e-03
0.020000	4.382710018e-03
0.025000	4.769071857e-03
0.030000	4.769071857e-03
0.035000	4.382710018e-03
0.040000	3.641287078e-03
0.045000	2.604868715e-03
0.050000	1.357419380e-03
0.055000	5.900487035e-19
0.060000	-1.357419380e-03
0.065000	-2.604868715e-03
0.070000	-3.641287078e-03
0.075000	-4.382710018e-03
0.080000	-4.769071857e-03
0.085000	-4.769071857e-03
0.090000	-4.382710018e-03
0.095000	-3.641287078e-03
0.100000	-2.604868715e-03
0.105000	-1.357419380e-03
0.110000	-1.180097407e-18
0.115000	2.667296789e-02
0.120000	5.288955391e-02
0.125000	7.820118499e-02
0.130000	1.021747721e-01
0.135000	1.244001206e-01
0.140000	1.444969485e-01
0.145000	1.621213935e-01
0.150000	1.769718966e-01
0.155000	1.887943614e-01
0.160000	1.973865024e-01
0.165000	2.026013056e-01
0.170000	2.043495442e-01
0.175000	2.026013056e-01
0.180000	1.973865024e-01
0.185000	1.887943614e-01
0.190000	1.769718966e-01
0.195000	1.621213935e-01
0.200000	1.444969485e-01
0.205000	1.244001206e-01
0.210000	1.021747721e-01
0.215000	7.820118499e-02
0.220000	5.288955391e-02
0.225000	2.667296789e-02
0.230000	2.502560153e-17
0.235000	-2.667296789e-02
0.240000	-5.288955391e-02
0.245000	-7.820118499e-02
0.250000	-1.021747721e-01
0.255000	-1.244001206e-01
0.260000	-1.444969485e-01
0.265000	-1.621213935e-01
0.270000	-1.769718966e-01
0.275000	-1.887943614e-01
0.280000	-1.973865024e-01
0.285000	-2.026013056e-01
0.290000	-2.043495442e-01
0.295000	-2.026013056e-01
0.300000	-1.973865024e-01
0.305000	-1.887943614e-01
0.310000	-1.769718966e-01
0.315000	-1.621213935e-01
0.320000	-1.444969485e-01
0.325000	-1.244001206e-01
0.330000	-1.021747721e-01
0.335000	-7.820118499e-02
0.340000	-5.288955391e-02
0.345000	-2.667296789e-02
0.350000	-5.005120305e-17
