Run22_FR76_s1p00_1_fixed_wall
71	0
0.000000	0.000000000e+00
0.005000	9.049462534e-04
0.010000	1.736579143e-03
0.015000	2.427524719e-03
0.020000	2.921806679e-03
0.025000	3.179381238e-03
0.030000	3.179381238e-03
0.035000	2.921806679e-03
0.040000	2.427524719e-03
0.045000	1.736579143e-03
0.050000	9.049462534e-04
0.055000	3.933658023e-19
0.060000	-9.049462534e-04
0.065000	-1.736579143e-03
0.070000	-2.427524719e-03
0.075000	-2.921806679e-03
0.080000	-3.179381238e-03
0.085000	-3.179381238e-03
0.090000	-2.921806679e-03
0.095000	-2.427524719e-03
0.100000	-1.736579143e-03
0.105000	-9.049462534e-04
0.110000	-7.867316046e-19
0.115000	1.778197859e-02
0.120000	3.525970261e-02
0.125000	5.213412333e-02
0.130000	6.811651475e-02
0.135000	8.293341372e-02
0.140000	9.633129898e-02
0.145000	1.080809290e-01
0.150000	1.179812644e-01
0.155000	1.258629076e-01
0.160000	1.315910016e-01
0.165000	1.350675370e-01
0.170000	1.362330295e-01
0.175000	1.350675370e-01
0.180000	1.315910016e-01
0.185000	1.258629076e-01
0.190000	1.179812644e-01
0.195000	1.080809290e-01
0.200000	9.633129898e-02
0.205000	8.293341372e-02
0.210000	6.811651475e-02
0.215000	5.213412333e-02
0.220000	3.525970261e-02
0.225000	1.778197859e-02
0.230000	1.668373435e-17
0.235000	-1.778197859e-02
0.240000	-3.525970261e-02
0.245000	-5.213412333e-02
0.250000	-6.811651475e-02
0.255000	-8.293341372e-02
0.260000	-9.633129898e-02
0.265000	-1.080809290e-01
0.270000	-1.179812644e-01
0.275000	-1.258629076e-01
0.280000	-1.315910016e-01
0.285000	-1.350675370e-01
0.290000	-1.362330295e-01
0.295000	-1.350675370e-01
0.300000	-1.315910016e-01
0.305000	-1.258629076e-01
0.310000	-1.179812644e-01
0.315000	-1.080809290e-01
0.320000	-9.633129898e-02
0.325000	-8.293341372e-02
0.330000	-6.811651475e-02
0.335000	-5.213412333e-02
0.340000	-3.525970261e-02
0.345000	-1.778197859e-02
0.350000	-3.336746870e-17
