Run22_FR76_s1p00
373	0
0.000000	0.000000000000e+00
0.001000	4.631411721494e-04
0.002000	9.248251308254e-04
0.003000	1.383599247488e-03
0.004000	1.838020049035e-03
0.005000	2.286657759506e-03
0.006000	2.728100798683e-03
0.007000	3.160960223448e-03
0.008000	3.583874097907e-03
0.009000	3.995511778549e-03
0.010000	4.394578100938e-03
0.011000	4.779817454785e-03
0.012000	5.150017734556e-03
0.013000	5.504014153212e-03
0.014000	5.840692907052e-03
0.015000	6.158994680159e-03
0.016000	6.457917977393e-03
0.017000	6.736522275471e-03
0.018000	6.993930982197e-03
0.019000	7.229334194548e-03
0.020000	7.441991246926e-03
0.021000	7.631233041570e-03
0.022000	7.796464153782e-03
0.023000	7.937164705351e-03
0.024000	8.052892000289e-03
0.025000	8.143281917712e-03
0.026000	8.208050057497e-03
0.027000	8.246992635115e-03
0.028000	8.259987122810e-03
0.029000	8.246992635115e-03
0.030000	8.208050057497e-03
0.031000	8.143281917712e-03
0.032000	8.052892000289e-03
0.033000	7.937164705351e-03
0.034000	7.796464153782e-03
0.035000	7.631233041570e-03
0.036000	7.441991246926e-03
0.037000	7.229334194548e-03
0.038000	6.993930982197e-03
0.039000	6.736522275471e-03
0.040000	6.457917977393e-03
0.041000	6.158994680159e-03
0.042000	5.840692907052e-03
0.043000	5.504014153212e-03
0.044000	5.150017734556e-03
0.045000	4.779817454785e-03
0.046000	4.394578100938e-03
0.047000	3.995511778549e-03
0.048000	3.583874097907e-03
0.049000	3.160960223448e-03
0.050000	2.728100798683e-03
0.051000	2.286657759506e-03
0.052000	1.838020049035e-03
0.053000	1.383599247488e-03
0.054000	9.248251308254e-04
0.055000	4.631411721494e-04
0.056000	1.011556679095e-18
0.057000	-4.631411721494e-04
0.058000	-9.248251308254e-04
0.059000	-1.383599247488e-03
0.060000	-1.838020049035e-03
0.061000	-2.286657759506e-03
0.062000	-2.728100798683e-03
0.063000	-3.160960223448e-03
0.064000	-3.583874097907e-03
0.065000	-3.995511778549e-03
0.066000	-4.394578100938e-03
0.067000	-4.779817454785e-03
0.068000	-5.150017734556e-03
0.069000	-5.504014153212e-03
0.070000	-5.840692907052e-03
0.071000	-6.158994680159e-03
0.072000	-6.457917977393e-03
0.073000	-6.736522275471e-03
0.074000	-6.993930982197e-03
0.075000	-7.229334194548e-03
0.076000	-7.441991246926e-03
0.077000	-7.631233041570e-03
0.078000	-7.796464153782e-03
0.079000	-7.937164705351e-03
0.080000	-8.052892000289e-03
0.081000	-8.143281917712e-03
0.082000	-8.208050057497e-03
0.083000	-8.246992635115e-03
0.084000	-8.259987122810e-03
0.085000	-8.246992635115e-03
0.086000	-8.208050057497e-03
0.087000	-8.143281917712e-03
0.088000	-8.052892000289e-03
0.089000	-7.937164705351e-03
0.090000	-7.796464153782e-03
0.091000	-7.631233041570e-03
0.092000	-7.441991246926e-03
0.093000	-7.229334194548e-03
0.094000	-6.993930982197e-03
0.095000	-6.736522275471e-03
0.096000	-6.457917977393e-03
0.097000	-6.158994680159e-03
0.098000	-5.840692907052e-03
0.099000	-5.504014153212e-03
0.100000	-5.150017734556e-03
0.101000	-4.779817454785e-03
0.102000	-4.394578100938e-03
0.103000	-3.995511778549e-03
0.104000	-3.583874097907e-03
0.105000	-3.160960223448e-03
0.106000	-2.728100798683e-03
0.107000	-2.286657759506e-03
0.108000	-1.838020049035e-03
0.109000	-1.383599247488e-03
0.110000	-9.248251308254e-04
0.111000	-4.631411721494e-04
0.112000	0.000000000000e+00
0.113000	3.053021162687e-03
0.114000	6.104259446990e-03
0.115000	9.151933015674e-03
0.116000	1.219426211320e-02
0.117000	1.522947010504e-02
0.118000	1.825578451522e-02
0.119000	2.127143806132e-02
0.120000	2.427466968661e-02
0.121000	2.726372558839e-02
0.122000	3.023686024218e-02
0.123000	3.319233742107e-02
0.124000	3.612843120961e-02
0.125000	3.904342701172e-02
0.126000	4.193562255193e-02
0.127000	4.480332886950e-02
0.128000	4.764487130468e-02
0.129000	5.045859047672e-02
0.130000	5.324284325286e-02
0.131000	5.599600370788e-02
0.132000	5.871646407359e-02
0.133000	6.140263567777e-02
0.134000	6.405294987184e-02
0.135000	6.666585894693e-02
0.136000	6.923983703774e-02
0.137000	7.177338101353e-02
0.138000	7.426501135598e-02
0.139000	7.671327302313e-02
0.140000	7.911673629911e-02
0.141000	8.147399762905e-02
0.142000	8.378368043872e-02
0.143000	8.604443593838e-02
0.144000	8.825494391051e-02
0.145000	9.041391348068e-02
0.146000	9.252008387147e-02
0.147000	9.457222513869e-02
0.148000	9.656913888961e-02
0.149000	9.850965898284e-02
0.150000	1.003926522093e-01
0.151000	1.022170189540e-01
0.152000	1.039816938380e-01
0.153000	1.056856463411e-01
0.154000	1.073278814028e-01
0.155000	1.089074400041e-01
0.156000	1.104233997274e-01
0.157000	1.118748752948e-01
0.158000	1.132610190855e-01
0.159000	1.145810216305e-01
0.160000	1.158341120855e-01
0.161000	1.170195586810e-01
0.162000	1.181366691496e-01
0.163000	1.191847911301e-01
0.164000	1.201633125489e-01
0.165000	1.210716619770e-01
0.166000	1.219093089639e-01
0.167000	1.226757643475e-01
0.168000	1.233705805392e-01
0.169000	1.239933517861e-01
0.170000	1.245437144072e-01
0.171000	1.250213470063e-01
0.172000	1.254259706594e-01
0.173000	1.257573490777e-01
0.174000	1.260152887455e-01
0.175000	1.261996390333e-01
0.176000	1.263102922858e-01
0.177000	1.263471838845e-01
0.178000	1.263102922858e-01
0.179000	1.261996390333e-01
0.180000	1.260152887455e-01
0.181000	1.257573490777e-01
0.182000	1.254259706594e-01
0.183000	1.250213470063e-01
0.184000	1.245437144072e-01
0.185000	1.239933517861e-01
0.186000	1.233705805392e-01
0.187000	1.226757643475e-01
0.188000	1.219093089639e-01
0.189000	1.210716619770e-01
0.190000	1.201633125489e-01
0.191000	1.191847911301e-01
0.192000	1.181366691496e-01
0.193000	1.170195586810e-01
0.194000	1.158341120855e-01
0.195000	1.145810216305e-01
0.196000	1.132610190855e-01
0.197000	1.118748752948e-01
0.198000	1.104233997274e-01
0.199000	1.089074400041e-01
0.200000	1.073278814028e-01
0.201000	1.056856463411e-01
0.202000	1.039816938380e-01
0.203000	1.022170189540e-01
0.204000	1.003926522093e-01
0.205000	9.850965898284e-02
0.206000	9.656913888961e-02
0.207000	9.457222513869e-02
0.208000	9.252008387147e-02
0.209000	9.041391348068e-02
0.210000	8.825494391051e-02
0.211000	8.604443593838e-02
0.212000	8.378368043872e-02
0.213000	8.147399762905e-02
0.214000	7.911673629911e-02
0.215000	7.671327302313e-02
0.216000	7.426501135598e-02
0.217000	7.177338101353e-02
0.218000	6.923983703774e-02
0.219000	6.666585894693e-02
0.220000	6.405294987184e-02
0.221000	6.140263567777e-02
0.222000	5.871646407359e-02
0.223000	5.599600370788e-02
0.224000	5.324284325286e-02
0.225000	5.045859047672e-02
0.226000	4.764487130468e-02
0.227000	4.480332886950e-02
0.228000	4.193562255193e-02
0.229000	3.904342701172e-02
0.230000	3.612843120961e-02
0.231000	3.319233742107e-02
0.232000	3.023686024218e-02
0.233000	2.726372558839e-02
0.234000	2.427466968661e-02
0.235000	2.127143806132e-02
0.236000	1.825578451522e-02
0.237000	1.522947010504e-02
0.238000	1.219426211320e-02
0.239000	9.151933015674e-03
0.240000	6.104259446990e-03
0.241000	3.053021162687e-03
0.242000	1.547306743254e-17
0.243000	-3.053021162687e-03
0.244000	-6.104259446990e-03
0.245000	-9.151933015674e-03
0.246000	-1.219426211320e-02
0.247000	-1.522947010504e-02
0.248000	-1.825578451522e-02
0.249000	-2.127143806132e-02
0.250000	-2.427466968661e-02
0.251000	-2.726372558839e-02
0.252000	-3.023686024218e-02
0.253000	-3.319233742107e-02
0.254000	-3.612843120961e-02
0.255000	-3.904342701172e-02
0.256000	-4.193562255193e-02
0.257000	-4.480332886950e-02
0.258000	-4.764487130468e-02
0.259000	-5.045859047672e-02
0.260000	-5.324284325286e-02
0.261000	-5.599600370788e-02
0.262000	-5.871646407359e-02
0.263000	-6.140263567777e-02
0.264000	-6.405294987184e-02
0.265000	-6.666585894693e-02
0.266000	-6.923983703774e-02
0.267000	-7.177338101353e-02
0.268000	-7.426501135598e-02
0.269000	-7.671327302313e-02
0.270000	-7.911673629911e-02
0.271000	-8.147399762905e-02
0.272000	-8.378368043872e-02
0.273000	-8.604443593838e-02
0.274000	-8.825494391051e-02
0.275000	-9.041391348068e-02
0.276000	-9.252008387147e-02
0.277000	-9.457222513869e-02
0.278000	-9.656913888961e-02
0.279000	-9.850965898284e-02
0.280000	-1.003926522093e-01
0.281000	-1.022170189540e-01
0.282000	-1.039816938380e-01
0.283000	-1.056856463411e-01
0.284000	-1.073278814028e-01
0.285000	-1.089074400041e-01
0.286000	-1.104233997274e-01
0.287000	-1.118748752948e-01
0.288000	-1.132610190855e-01
0.289000	-1.145810216305e-01
0.290000	-1.158341120855e-01
0.291000	-1.170195586810e-01
0.292000	-1.181366691496e-01
0.293000	-1.191847911301e-01
0.294000	-1.201633125489e-01
0.295000	-1.210716619770e-01
0.296000	-1.219093089639e-01
0.297000	-1.226757643475e-01
0.298000	-1.233705805392e-01
0.299000	-1.239933517861e-01
0.300000	-1.245437144072e-01
0.301000	-1.250213470063e-01
0.302000	-1.254259706594e-01
0.303000	-1.257573490777e-01
0.304000	-1.260152887455e-01
0.305000	-1.261996390333e-01
0.306000	-1.263102922858e-01
0.307000	-1.263471838845e-01
0.308000	-1.263102922858e-01
0.309000	-1.261996390333e-01
0.310000	-1.260152887455e-01
0.311000	-1.257573490777e-01
0.312000	-1.254259706594e-01
0.313000	-1.250213470063e-01
0.314000	-1.245437144072e-01
0.315000	-1.239933517861e-01
0.316000	-1.233705805392e-01
0.317000	-1.226757643475e-01
0.318000	-1.219093089639e-01
0.319000	-1.210716619770e-01
0.320000	-1.201633125489e-01
0.321000	-1.191847911301e-01
0.322000	-1.181366691496e-01
0.323000	-1.170195586810e-01
0.324000	-1.158341120855e-01
0.325000	-1.145810216305e-01
0.326000	-1.132610190855e-01
0.327000	-1.118748752948e-01
0.328000	-1.104233997274e-01
0.329000	-1.089074400041e-01
0.330000	-1.073278814028e-01
0.331000	-1.056856463411e-01
0.332000	-1.039816938380e-01
0.333000	-1.022170189540e-01
0.334000	-1.003926522093e-01
0.335000	-9.850965898284e-02
0.336000	-9.656913888961e-02
0.337000	-9.457222513869e-02
0.338000	-9.252008387147e-02
0.339000	-9.041391348068e-02
0.340000	-8.825494391051e-02
0.341000	-8.604443593838e-02
0.342000	-8.378368043872e-02
0.343000	-8.147399762905e-02
0.344000	-7.911673629911e-02
0.345000	-7.671327302313e-02
0.346000	-7.426501135598e-02
0.347000	-7.177338101353e-02
0.348000	-6.923983703774e-02
0.349000	-6.666585894693e-02
0.350000	-6.405294987184e-02
0.351000	-6.140263567777e-02
0.352000	-5.871646407359e-02
0.353000	-5.599600370788e-02
0.354000	-5.324284325286e-02
0.355000	-5.045859047672e-02
0.356000	-4.764487130468e-02
0.357000	-4.480332886950e-02
0.358000	-4.193562255193e-02
0.359000	-3.904342701172e-02
0.360000	-3.612843120961e-02
0.361000	-3.319233742107e-02
0.362000	-3.023686024218e-02
0.363000	-2.726372558839e-02
0.364000	-2.427466968661e-02
0.365000	-2.127143806132e-02
0.366000	-1.825578451522e-02
0.367000	-1.522947010504e-02
0.368000	-1.219426211320e-02
0.369000	-9.151933015674e-03
0.370000	-6.104259446990e-03
0.371000	-3.053021162687e-03
0.372000	0.000000000000e+00
