Run23_FR76_s1p50
373	0
0.000000	0.000000000000e+00
0.001000	6.947117582240e-04
0.002000	1.387237696238e-03
0.003000	2.075398871231e-03
0.004000	2.757030073552e-03
0.005000	3.429986639258e-03
0.006000	4.092151198025e-03
0.007000	4.741440335172e-03
0.008000	5.375811146861e-03
0.009000	5.993267667823e-03
0.010000	6.591867151407e-03
0.011000	7.169726182177e-03
0.012000	7.725026601834e-03
0.013000	8.256021229817e-03
0.014000	8.761039360578e-03
0.015000	9.238492020238e-03
0.016000	9.686876966089e-03
0.017000	1.010478341321e-02
0.018000	1.049089647329e-02
0.019000	1.084400129182e-02
0.020000	1.116298687039e-02
0.021000	1.144684956236e-02
0.022000	1.169469623067e-02
0.023000	1.190574705803e-02
0.024000	1.207933800043e-02
0.025000	1.221492287657e-02
0.026000	1.231207508624e-02
0.027000	1.237048895267e-02
0.028000	1.238998068421e-02
0.029000	1.237048895267e-02
0.030000	1.231207508624e-02
0.031000	1.221492287657e-02
0.032000	1.207933800043e-02
0.033000	1.190574705803e-02
0.034000	1.169469623067e-02
0.035000	1.144684956236e-02
0.036000	1.116298687039e-02
0.037000	1.084400129182e-02
0.038000	1.049089647329e-02
0.039000	1.010478341321e-02
0.040000	9.686876966089e-03
0.041000	9.238492020238e-03
0.042000	8.761039360578e-03
0.043000	8.256021229817e-03
0.044000	7.725026601834e-03
0.045000	7.169726182177e-03
0.046000	6.591867151407e-03
0.047000	5.993267667823e-03
0.048000	5.375811146861e-03
0.049000	4.741440335172e-03
0.050000	4.092151198025e-03
0.051000	3.429986639258e-03
0.052000	2.757030073552e-03
0.053000	2.075398871231e-03
0.054000	1.387237696238e-03
0.055000	6.947117582240e-04
0.056000	1.517335018642e-18
0.057000	-6.947117582240e-04
0.058000	-1.387237696238e-03
0.059000	-2.075398871231e-03
0.060000	-2.757030073552e-03
0.061000	-3.429986639258e-03
0.062000	-4.092151198025e-03
0.063000	-4.741440335172e-03
0.064000	-5.375811146861e-03
0.065000	-5.993267667823e-03
0.066000	-6.591867151407e-03
0.067000	-7.169726182177e-03
0.068000	-7.725026601834e-03
0.069000	-8.256021229817e-03
0.070000	-8.761039360578e-03
0.071000	-9.238492020238e-03
0.072000	-9.686876966089e-03
0.073000	-1.010478341321e-02
0.074000	-1.049089647329e-02
0.075000	-1.084400129182e-02
0.076000	-1.116298687039e-02
0.077000	-1.144684956236e-02
0.078000	-1.169469623067e-02
0.079000	-1.190574705803e-02
0.080000	-1.207933800043e-02
0.081000	-1.221492287657e-02
0.082000	-1.231207508624e-02
0.083000	-1.237048895267e-02
0.084000	-1.238998068421e-02
0.085000	-1.237048895267e-02
0.086000	-1.231207508624e-02
0.087000	-1.221492287657e-02
0.088000	-1.207933800043e-02
0.089000	-1.190574705803e-02
0.090000	-1.169469623067e-02
0.091000	-1.144684956236e-02
0.092000	-1.116298687039e-02
0.093000	-1.084400129182e-02
0.094000	-1.049089647329e-02
0.095000	-1.010478341321e-02
0.096000	-9.686876966089e-03
0.097000	-9.238492020238e-03
0.098000	-8.761039360578e-03
0.099000	-8.256021229817e-03
0.100000	-7.725026601834e-03
0.101000	-7.169726182177e-03
0.102000	-6.591867151407e-03
0.103000	-5.993267667823e-03
0.104000	-5.375811146861e-03
0.105000	-4.741440335172e-03
0.106000	-4.092151198025e-03
0.107000	-3.429986639258e-03
0.108000	-2.757030073552e-03
0.109000	-2.075398871231e-03
0.110000	-1.387237696238e-03
0.111000	-6.947117582240e-04
0.112000	0.000000000000e+00
0.113000	4.579531744031e-03
0.114000	9.156389170485e-03
0.115000	1.372789952351e-02
0.116000	1.829139316980e-02
0.117000	2.284420515757e-02
0.118000	2.738367677282e-02
0.119000	3.190715709198e-02
0.120000	3.641200452992e-02
0.121000	4.089558838258e-02
0.122000	4.535529036327e-02
0.123000	4.978850613160e-02
0.124000	5.419264681442e-02
0.125000	5.856514051758e-02
0.126000	6.290343382790e-02
0.127000	6.720499330425e-02
0.128000	7.146730695703e-02
0.129000	7.568788571509e-02
0.130000	7.986426487929e-02
0.131000	8.399400556181e-02
0.132000	8.807469611039e-02
0.133000	9.210395351666e-02
0.134000	9.607942480775e-02
0.135000	9.999878842040e-02
0.136000	1.038597555566e-01
0.137000	1.076600715203e-01
0.138000	1.113975170340e-01
0.139000	1.150699095347e-01
0.140000	1.186751044487e-01
0.141000	1.222109964436e-01
0.142000	1.256755206581e-01
0.143000	1.290666539076e-01
0.144000	1.323824158658e-01
0.145000	1.356208702210e-01
0.146000	1.387801258072e-01
0.147000	1.418583377080e-01
0.148000	1.448537083344e-01
0.149000	1.477644884743e-01
0.150000	1.505889783139e-01
0.151000	1.533255284309e-01
0.152000	1.559725407570e-01
0.153000	1.585284695116e-01
0.154000	1.609918221042e-01
0.155000	1.633611600062e-01
0.156000	1.656350995911e-01
0.157000	1.678123129422e-01
0.158000	1.698915286283e-01
0.159000	1.718715324458e-01
0.160000	1.737511681283e-01
0.161000	1.755293380215e-01
0.162000	1.772050037243e-01
0.163000	1.787771866951e-01
0.164000	1.802449688233e-01
0.165000	1.816074929655e-01
0.166000	1.828639634459e-01
0.167000	1.840136465212e-01
0.168000	1.850558708088e-01
0.169000	1.859900276791e-01
0.170000	1.868155716108e-01
0.171000	1.875320205095e-01
0.172000	1.881389559891e-01
0.173000	1.886360236166e-01
0.174000	1.890229331183e-01
0.175000	1.892994585500e-01
0.176000	1.894654384287e-01
0.177000	1.895207758267e-01
0.178000	1.894654384287e-01
0.179000	1.892994585500e-01
0.180000	1.890229331183e-01
0.181000	1.886360236166e-01
0.182000	1.881389559891e-01
0.183000	1.875320205095e-01
0.184000	1.868155716108e-01
0.185000	1.859900276791e-01
0.186000	1.850558708088e-01
0.187000	1.840136465212e-01
0.188000	1.828639634459e-01
0.189000	1.816074929655e-01
0.190000	1.802449688233e-01
0.191000	1.787771866951e-01
0.192000	1.772050037243e-01
0.193000	1.755293380215e-01
0.194000	1.737511681283e-01
0.195000	1.718715324458e-01
0.196000	1.698915286283e-01
0.197000	1.678123129422e-01
0.198000	1.656350995911e-01
0.199000	1.633611600062e-01
0.200000	1.609918221042e-01
0.201000	1.585284695116e-01
0.202000	1.559725407570e-01
0.203000	1.533255284309e-01
0.204000	1.505889783139e-01
0.205000	1.477644884743e-01
0.206000	1.448537083344e-01
0.207000	1.418583377080e-01
0.208000	1.387801258072e-01
0.209000	1.356208702210e-01
0.210000	1.323824158658e-01
0.211000	1.290666539076e-01
0.212000	1.256755206581e-01
0.213000	1.222109964436e-01
0.214000	1.186751044487e-01
0.215000	1.150699095347e-01
0.216000	1.113975170340e-01
0.217000	1.076600715203e-01
0.218000	1.038597555566e-01
0.219000	9.999878842040e-02
0.220000	9.607942480775e-02
0.221000	9.210395351666e-02
0.222000	8.807469611039e-02
0.223000	8.399400556181e-02
0.224000	7.986426487929e-02
0.225000	7.568788571509e-02
0.226000	7.146730695703e-02
0.227000	6.720499330425e-02
0.228000	6.290343382790e-02
0.229000	5.856514051758e-02
0.230000	5.419264681442e-02
0.231000	4.978850613160e-02
0.232000	4.535529036327e-02
0.233000	4.089558838258e-02
0.234000	3.641200452992e-02
0.235000	3.190715709198e-02
0.236000	2.738367677282e-02
0.237000	2.284420515757e-02
0.238000	1.829139316980e-02
0.239000	1.372789952351e-02
0.240000	9.156389170485e-03
0.241000	4.579531744031e-03
0.242000	2.320960114881e-17
0.243000	-4.579531744031e-03
0.244000	-9.156389170485e-03
0.245000	-1.372789952351e-02
0.246000	-1.829139316980e-02
0.247000	-2.284420515757e-02
0.248000	-2.738367677282e-02
0.249000	-3.190715709198e-02
0.250000	-3.641200452992e-02
0.251000	-4.089558838258e-02
0.252000	-4.535529036327e-02
0.253000	-4.978850613160e-02
0.254000	-5.419264681442e-02
0.255000	-5.856514051758e-02
0.256000	-6.290343382790e-02
0.257000	-6.720499330425e-02
0.258000	-7.146730695703e-02
0.259000	-7.568788571509e-02
0.260000	-7.986426487929e-02
0.261000	-8.399400556181e-02
0.262000	-8.807469611039e-02
0.263000	-9.210395351666e-02
0.264000	-9.607942480775e-02
0.265000	-9.999878842040e-02
0.266000	-1.038597555566e-01
0.267000	-1.076600715203e-01
0.268000	-1.113975170340e-01
0.269000	-1.150699095347e-01
0.270000	-1.186751044487e-01
0.271000	-1.222109964436e-01
0.272000	-1.256755206581e-01
0.273000	-1.290666539076e-01
0.274000	-1.323824158658e-01
0.275000	-1.356208702210e-01
0.276000	-1.387801258072e-01
0.277000	-1.418583377080e-01
0.278000	-1.448537083344e-01
0.279000	-1.477644884743e-01
0.280000	-1.505889783139e-01
0.281000	-1.533255284309e-01
0.282000	-1.559725407570e-01
0.283000	-1.585284695116e-01
0.284000	-1.609918221042e-01
0.285000	-1.633611600062e-01
0.286000	-1.656350995911e-01
0.287000	-1.678123129422e-01
0.288000	-1.698915286283e-01
0.289000	-1.718715324458e-01
0.290000	-1.737511681283e-01
0.291000	-1.755293380215e-01
0.292000	-1.772050037243e-01
0.293000	-1.787771866951e-01
0.294000	-1.802449688233e-01
0.295000	-1.816074929655e-01
0.296000	-1.828639634459e-01
0.297000	-1.840136465212e-01
0.298000	-1.850558708088e-01
0.299000	-1.859900276791e-01
0.300000	-1.868155716108e-01
0.301000	-1.875320205095e-01
0.302000	-1.881389559891e-01
0.303000	-1.886360236166e-01
0.304000	-1.890229331183e-01
0.305000	-1.892994585500e-01
0.306000	-1.894654384287e-01
0.307000	-1.895207758267e-01
0.308000	-1.894654384287e-01
0.309000	-1.892994585500e-01
0.310000	-1.890229331183e-01
0.311000	-1.886360236166e-01
0.312000	-1.881389559891e-01
0.313000	-1.875320205095e-01
0.314000	-1.868155716108e-01
0.315000	-1.859900276791e-01
0.316000	-1.850558708088e-01
0.317000	-1.840136465212e-01
0.318000	-1.828639634459e-01
0.319000	-1.816074929655e-01
0.320000	-1.802449688233e-01
0.321000	-1.787771866951e-01
0.322000	-1.772050037243e-01
0.323000	-1.755293380215e-01
0.324000	-1.737511681283e-01
0.325000	-1.718715324458e-01
0.326000	-1.698915286283e-01
0.327000	-1.678123129422e-01
0.328000	-1.656350995911e-01
0.329000	-1.633611600062e-01
0.330000	-1.609918221042e-01
0.331000	-1.585284695116e-01
0.332000	-1.559725407570e-01
0.333000	-1.533255284309e-01
0.334000	-1.505889783139e-01
0.335000	-1.477644884743e-01
0.336000	-1.448537083344e-01
0.337000	-1.418583377080e-01
0.338000	-1.387801258072e-01
0.339000	-1.356208702210e-01
0.340000	-1.323824158658e-01
0.341000	-1.290666539076e-01
0.342000	-1.256755206581e-01
0.343000	-1.222109964436e-01
0.344000	-1.186751044487e-01
0.345000	-1.150699095347e-01
0.346000	-1.113975170340e-01
0.347000	-1.076600715203e-01
0.348000	-1.038597555566e-01
0.349000	-9.999878842040e-02
0.350000	-9.607942480775e-02
0.351000	-9.210395351666e-02
0.352000	-8.807469611039e-02
0.353000	-8.399400556181e-02
0.354000	-7.986426487929e-02
0.355000	-7.568788571509e-02
0.356000	-7.146730695703e-02
0.357000	-6.720499330425e-02
0.358000	-6.290343382790e-02
0.359000	-5.856514051758e-02
0.360000	-5.419264681442e-02
0.361000	-4.978850613160e-02
0.362000	-4.535529036327e-02
0.363000	-4.089558838258e-02
0.364000	-3.641200452992e-02
0.365000	-3.190715709198e-02
0.366000	-2.738367677282e-02
0.367000	-2.284420515757e-02
0.368000	-1.829139316980e-02
0.369000	-1.372789952351e-02
0.370000	-9.156389170485e-03
0.371000	-4.579531744031e-03
0.372000	0.000000000000e+00
