Run25_FR76_s2p00
373	0
0.000000	0.000000000000e+00
0.001000	9.262823442987e-04
0.002000	1.849650261651e-03
0.003000	2.767198494975e-03
0.004000	3.676040098069e-03
0.005000	4.573315519011e-03
0.006000	5.456201597367e-03
0.007000	6.321920446896e-03
0.008000	7.167748195815e-03
0.009000	7.991023557098e-03
0.010000	8.789156201877e-03
0.011000	9.559634909569e-03
0.012000	1.030003546911e-02
0.013000	1.100802830642e-02
0.014000	1.168138581410e-02
0.015000	1.231798936032e-02
0.016000	1.291583595479e-02
0.017000	1.347304455094e-02
0.018000	1.398786196439e-02
0.019000	1.445866838910e-02
0.020000	1.488398249385e-02
0.021000	1.526246608314e-02
0.022000	1.559292830756e-02
0.023000	1.587432941070e-02
0.024000	1.610578400058e-02
0.025000	1.628656383542e-02
0.026000	1.641610011499e-02
0.027000	1.649398527023e-02
0.028000	1.651997424562e-02
0.029000	1.649398527023e-02
0.030000	1.641610011499e-02
0.031000	1.628656383542e-02
0.032000	1.610578400058e-02
0.033000	1.587432941070e-02
0.034000	1.559292830756e-02
0.035000	1.526246608314e-02
0.036000	1.488398249385e-02
0.037000	1.445866838910e-02
0.038000	1.398786196439e-02
0.039000	1.347304455094e-02
0.040000	1.291583595479e-02
0.041000	1.231798936032e-02
0.042000	1.168138581410e-02
0.043000	1.100802830642e-02
0.044000	1.030003546911e-02
0.045000	9.559634909569e-03
0.046000	8.789156201877e-03
0.047000	7.991023557098e-03
0.048000	7.167748195815e-03
0.049000	6.321920446896e-03
0.050000	5.456201597367e-03
0.051000	4.573315519011e-03
0.052000	3.676040098069e-03
0.053000	2.767198494975e-03
0.054000	1.849650261651e-03
0.055000	9.262823442987e-04
0.056000	2.023113358189e-18
0.057000	-9.262823442987e-04
0.058000	-1.849650261651e-03
0.059000	-2.767198494975e-03
0.060000	-3.676040098069e-03
0.061000	-4.573315519011e-03
0.062000	-5.456201597367e-03
0.063000	-6.321920446896e-03
0.064000	-7.167748195815e-03
0.065000	-7.991023557098e-03
0.066000	-8.789156201877e-03
0.067000	-9.559634909569e-03
0.068000	-1.030003546911e-02
0.069000	-1.100802830642e-02
0.070000	-1.168138581410e-02
0.071000	-1.231798936032e-02
0.072000	-1.291583595479e-02
0.073000	-1.347304455094e-02
0.074000	-1.398786196439e-02
0.075000	-1.445866838910e-02
0.076000	-1.488398249385e-02
0.077000	-1.526246608314e-02
0.078000	-1.559292830756e-02
0.079000	-1.587432941070e-02
0.080000	-1.610578400058e-02
0.081000	-1.628656383542e-02
0.082000	-1.641610011499e-02
0.083000	-1.649398527023e-02
0.084000	-1.651997424562e-02
0.085000	-1.649398527023e-02
0.086000	-1.641610011499e-02
0.087000	-1.628656383542e-02
0.088000	-1.610578400058e-02
0.089000	-1.587432941070e-02
0.090000	-1.559292830756e-02
0.091000	-1.526246608314e-02
0.092000	-1.488398249385e-02
0.093000	-1.445866838910e-02
0.094000	-1.398786196439e-02
0.095000	-1.347304455094e-02
0.096000	-1.291583595479e-02
0.097000	-1.231798936032e-02
0.098000	-1.168138581410e-02
0.099000	-1.100802830642e-02
0.100000	-1.030003546911e-02
0.101000	-9.559634909569e-03
0.102000	-8.789156201877e-03
0.103000	-7.991023557098e-03
0.104000	-7.167748195815e-03
0.105000	-6.321920446896e-03
0.106000	-5.456201597367e-03
0.107000	-4.573315519011e-03
0.108000	-3.676040098069e-03
0.109000	-2.767198494975e-03
0.110000	-1.849650261651e-03
0.111000	-9.262823442987e-04
0.112000	0.000000000000e+00
0.113000	6.106042325375e-03
0.114000	1.220851889398e-02
0.115000	1.830386603135e-02
0.116000	2.438852422640e-02
0.117000	3.045894021009e-02
0.118000	3.651156903043e-02
0.119000	4.254287612264e-02
0.120000	4.854933937322e-02
0.121000	5.452745117677e-02
0.122000	6.047372048435e-02
0.123000	6.638467484213e-02
0.124000	7.225686241922e-02
0.125000	7.808685402344e-02
0.126000	8.387124510387e-02
0.127000	8.960665773900e-02
0.128000	9.528974260937e-02
0.129000	1.009171809534e-01
0.130000	1.064856865057e-01
0.131000	1.119920074158e-01
0.132000	1.174329281472e-01
0.133000	1.228052713555e-01
0.134000	1.281058997437e-01
0.135000	1.333317178939e-01
0.136000	1.384796740755e-01
0.137000	1.435467620271e-01
0.138000	1.485300227120e-01
0.139000	1.534265460463e-01
0.140000	1.582334725982e-01
0.141000	1.629479952581e-01
0.142000	1.675673608774e-01
0.143000	1.720888718768e-01
0.144000	1.765098878210e-01
0.145000	1.808278269614e-01
0.146000	1.850401677429e-01
0.147000	1.891444502774e-01
0.148000	1.931382777792e-01
0.149000	1.970193179657e-01
0.150000	2.007853044186e-01
0.151000	2.044340379079e-01
0.152000	2.079633876761e-01
0.153000	2.113712926821e-01
0.154000	2.146557628055e-01
0.155000	2.178148800083e-01
0.156000	2.208467994548e-01
0.157000	2.237497505897e-01
0.158000	2.265220381710e-01
0.159000	2.291620432610e-01
0.160000	2.316682241710e-01
0.161000	2.340391173620e-01
0.162000	2.362733382991e-01
0.163000	2.383695822602e-01
0.164000	2.403266250978e-01
0.165000	2.421433239540e-01
0.166000	2.438186179279e-01
0.167000	2.453515286949e-01
0.168000	2.467411610784e-01
0.169000	2.479867035721e-01
0.170000	2.490874288144e-01
0.171000	2.500426940126e-01
0.172000	2.508519413188e-01
0.173000	2.515146981554e-01
0.174000	2.520305774910e-01
0.175000	2.523992780667e-01
0.176000	2.526205845716e-01
0.177000	2.526943677690e-01
0.178000	2.526205845716e-01
0.179000	2.523992780667e-01
0.180000	2.520305774910e-01
0.181000	2.515146981554e-01
0.182000	2.508519413188e-01
0.183000	2.500426940126e-01
0.184000	2.490874288144e-01
0.185000	2.479867035721e-01
0.186000	2.467411610784e-01
0.187000	2.453515286949e-01
0.188000	2.438186179279e-01
0.189000	2.421433239540e-01
0.190000	2.403266250978e-01
0.191000	2.383695822602e-01
0.192000	2.362733382991e-01
0.193000	2.340391173620e-01
0.194000	2.316682241710e-01
0.195000	2.291620432610e-01
0.196000	2.265220381710e-01
0.197000	2.237497505897e-01
0.198000	2.208467994548e-01
0.199000	2.178148800083e-01
0.200000	2.146557628055e-01
0.201000	2.113712926821e-01
0.202000	2.079633876761e-01
0.203000	2.044340379079e-01
0.204000	2.007853044186e-01
0.205000	1.970193179657e-01
0.206000	1.931382777792e-01
0.207000	1.891444502774e-01
0.208000	1.850401677429e-01
0.209000	1.808278269614e-01
0.210000	1.765098878210e-01
0.211000	1.720888718768e-01
0.212000	1.675673608774e-01
0.213000	1.629479952581e-01
0.214000	1.582334725982e-01
0.215000	1.534265460463e-01
0.216000	1.485300227120e-01
0.217000	1.435467620271e-01
0.218000	1.384796740755e-01
0.219000	1.333317178939e-01
0.220000	1.281058997437e-01
0.221000	1.228052713555e-01
0.222000	1.174329281472e-01
0.223000	1.119920074158e-01
0.224000	1.064856865057e-01
0.225000	1.009171809534e-01
0.226000	9.528974260937e-02
0.227000	8.960665773900e-02
0.228000	8.387124510387e-02
0.229000	7.808685402344e-02
0.230000	7.225686241922e-02
0.231000	6.638467484213e-02
0.232000	6.047372048435e-02
0.233000	5.452745117677e-02
0.234000	4.854933937322e-02
0.235000	4.254287612264e-02
0.236000	3.651156903043e-02
0.237000	3.045894021009e-02
0.238000	2.438852422640e-02
0.239000	1.830386603135e-02
0.240000	1.220851889398e-02
0.241000	6.106042325375e-03
0.242000	3.094613486508e-17
0.243000	-6.106042325375e-03
0.244000	-1.220851889398e-02
0.245000	-1.830386603135e-02
0.246000	-2.438852422640e-02
0.247000	-3.045894021009e-02
0.248000	-3.651156903043e-02
0.249000	-4.254287612264e-02
0.250000	-4.854933937322e-02
0.251000	-5.452745117677e-02
0.252000	-6.047372048435e-02
0.253000	-6.638467484213e-02
0.254000	-7.225686241922e-02
0.255000	-7.808685402344e-02
0.256000	-8.387124510387e-02
0.257000	-8.960665773900e-02
0.258000	-9.528974260937e-02
0.259000	-1.009171809534e-01
0.260000	-1.064856865057e-01
0.261000	-1.119920074158e-01
0.262000	-1.174329281472e-01
0.263000	-1.228052713555e-01
0.264000	-1.281058997437e-01
0.265000	-1.333317178939e-01
0.266000	-1.384796740755e-01
0.267000	-1.435467620271e-01
0.268000	-1.485300227120e-01
0.269000	-1.534265460463e-01
0.270000	-1.582334725982e-01
0.271000	-1.629479952581e-01
0.272000	-1.675673608774e-01
0.273000	-1.720888718768e-01
0.274000	-1.765098878210e-01
0.275000	-1.808278269614e-01
0.276000	-1.850401677429e-01
0.277000	-1.891444502774e-01
0.278000	-1.931382777792e-01
0.279000	-1.970193179657e-01
0.280000	-2.007853044186e-01
0.281000	-2.044340379079e-01
0.282000	-2.079633876761e-01
0.283000	-2.113712926821e-01
0.284000	-2.146557628055e-01
0.285000	-2.178148800083e-01
0.286000	-2.208467994548e-01
0.287000	-2.237497505897e-01
0.288000	-2.265220381710e-01
0.289000	-2.291620432610e-01
0.290000	-2.316682241710e-01
0.291000	-2.340391173620e-01
0.292000	-2.362733382991e-01
0.293000	-2.383695822602e-01
0.294000	-2.403266250978e-01
0.295000	-2.421433239540e-01
0.296000	-2.438186179279e-01
0.297000	-2.453515286949e-01
0.298000	-2.467411610784e-01
0.299000	-2.479867035721e-01
0.300000	-2.490874288144e-01
0.301000	-2.500426940126e-01
0.302000	-2.508519413188e-01
0.303000	-2.515146981554e-01
0.304000	-2.520305774910e-01
0.305000	-2.523992780667e-01
0.306000	-2.526205845716e-01
0.307000	-2.526943677690e-01
0.308000	-2.526205845716e-01
0.309000	-2.523992780667e-01
0.310000	-2.520305774910e-01
0.311000	-2.515146981554e-01
0.312000	-2.508519413188e-01
0.313000	-2.500426940126e-01
0.314000	-2.490874288144e-01
0.315000	-2.479867035721e-01
0.316000	-2.467411610784e-01
0.317000	-2.453515286949e-01
0.318000	-2.438186179279e-01
0.319000	-2.421433239540e-01
0.320000	-2.403266250978e-01
0.321000	-2.383695822602e-01
0.322000	-2.362733382991e-01
0.323000	-2.340391173620e-01
0.324000	-2.316682241710e-01
0.325000	-2.291620432610e-01
0.326000	-2.265220381710e-01
0.327000	-2.237497505897e-01
0.328000	-2.208467994548e-01
0.329000	-2.178148800083e-01
0.330000	-2.146557628055e-01
0.331000	-2.113712926821e-01
0.332000	-2.079633876761e-01
0.333000	-2.044340379079e-01
0.334000	-2.007853044186e-01
0.335000	-1.970193179657e-01
0.336000	-1.931382777792e-01
0.337000	-1.891444502774e-01
0.338000	-1.850401677429e-01
0.339000	-1.808278269614e-01
0.340000	-1.765098878210e-01
0.341000	-1.720888718768e-01
0.342000	-1.675673608774e-01
0.343000	-1.629479952581e-01
0.344000	-1.582334725982e-01
0.345000	-1.534265460463e-01
0.346000	-1.485300227120e-01
0.347000	-1.435467620271e-01
0.348000	-1.384796740755e-01
0.349000	-1.333317178939e-01
0.350000	-1.281058997437e-01
0.351000	-1.228052713555e-01
0.352000	-1.174329281472e-01
0.353000	-1.119920074158e-01
0.354000	-1.064856865057e-01
0.355000	-1.009171809534e-01
0.356000	-9.528974260937e-02
0.357000	-8.960665773900e-02
0.358000	-8.387124510387e-02
0.359000	-7.808685402344e-02
0.360000	-7.225686241922e-02
0.361000	-6.638467484213e-02
0.362000	-6.047372048435e-02
0.363000	-5.452745117677e-02
0.364000	-4.854933937322e-02
0.365000	-4.254287612264e-02
0.366000	-3.651156903043e-02
0.367000	-3.045894021009e-02
0.368000	-2.438852422640e-02
0.369000	-1.830386603135e-02
0.370000	-1.220851889398e-02
0.371000	-6.106042325375e-03
0.372000	0.000000000000e+00
