Run24_FR76_s1p75
373	0
0.000000	0.000000000000e+00
0.001000	8.104970512614e-04
0.002000	1.618443978944e-03
0.003000	2.421298683103e-03
0.004000	3.216535085811e-03
0.005000	4.001651079135e-03
0.006000	4.774176397696e-03
0.007000	5.531680391034e-03
0.008000	6.271779671338e-03
0.009000	6.992145612461e-03
0.010000	7.690511676642e-03
0.011000	8.364680545873e-03
0.012000	9.012531035473e-03
0.013000	9.632024768120e-03
0.014000	1.022121258734e-02
0.015000	1.077824069028e-02
0.016000	1.130135646044e-02
0.017000	1.178891398207e-02
0.018000	1.223937921884e-02
0.019000	1.265133484046e-02
0.020000	1.302348468212e-02
0.021000	1.335465782275e-02
0.022000	1.364381226912e-02
0.023000	1.389003823436e-02
0.024000	1.409256100051e-02
0.025000	1.425074335600e-02
0.026000	1.436408760062e-02
0.027000	1.443223711145e-02
0.028000	1.445497746492e-02
0.029000	1.443223711145e-02
0.030000	1.436408760062e-02
0.031000	1.425074335600e-02
0.032000	1.409256100051e-02
0.033000	1.389003823436e-02
0.034000	1.364381226912e-02
0.035000	1.335465782275e-02
0.036000	1.302348468212e-02
0.037000	1.265133484046e-02
0.038000	1.223937921884e-02
0.039000	1.178891398207e-02
0.040000	1.130135646044e-02
0.041000	1.077824069028e-02
0.042000	1.022121258734e-02
0.043000	9.632024768120e-03
0.044000	9.012531035473e-03
0.045000	8.364680545873e-03
0.046000	7.690511676642e-03
0.047000	6.992145612461e-03
0.048000	6.271779671338e-03
0.049000	5.531680391034e-03
0.050000	4.774176397696e-03
0.051000	4.001651079135e-03
0.052000	3.216535085811e-03
0.053000	2.421298683103e-03
0.054000	1.618443978944e-03
0.055000	8.104970512614e-04
0.056000	1.770224188416e-18
0.057000	-8.104970512614e-04
0.058000	-1.618443978944e-03
0.059000	-2.421298683103e-03
0.060000	-3.216535085811e-03
0.061000	-4.001651079135e-03
0.062000	-4.774176397696e-03
0.063000	-5.531680391034e-03
0.064000	-6.271779671338e-03
0.065000	-6.992145612461e-03
0.066000	-7.690511676642e-03
0.067000	-8.364680545873e-03
0.068000	-9.012531035473e-03
0.069000	-9.632024768120e-03
0.070000	-1.022121258734e-02
0.071000	-1.077824069028e-02
0.072000	-1.130135646044e-02
0.073000	-1.178891398207e-02
0.074000	-1.223937921884e-02
0.075000	-1.265133484046e-02
0.076000	-1.302348468212e-02
0.077000	-1.335465782275e-02
0.078000	-1.364381226912e-02
0.079000	-1.389003823436e-02
0.080000	-1.409256100051e-02
0.081000	-1.425074335600e-02
0.082000	-1.436408760062e-02
0.083000	-1.443223711145e-02
0.084000	-1.445497746492e-02
0.085000	-1.443223711145e-02
0.086000	-1.436408760062e-02
0.087000	-1.425074335600e-02
0.088000	-1.409256100051e-02
0.089000	-1.389003823436e-02
0.090000	-1.364381226912e-02
0.091000	-1.335465782275e-02
0.092000	-1.302348468212e-02
0.093000	-1.265133484046e-02
0.094000	-1.223937921884e-02
0.095000	-1.178891398207e-02
0.096000	-1.130135646044e-02
0.097000	-1.077824069028e-02
0.098000	-1.022121258734e-02
0.099000	-9.632024768120e-03
0.100000	-9.012531035473e-03
0.101000	-8.364680545873e-03
0.102000	-7.690511676642e-03
0.103000	-6.992145612461e-03
0.104000	-6.271779671338e-03
0.105000	-5.531680391034e-03
0.106000	-4.774176397696e-03
0.107000	-4.001651079135e-03
0.108000	-3.216535085811e-03
0.109000	-2.421298683103e-03
0.110000	-1.618443978944e-03
0.111000	-8.104970512614e-04
0.112000	0.000000000000e+00
0.113000	5.342787034703e-03
0.114000	1.068245403223e-02
0.115000	1.601588277743e-02
0.116000	2.133995869810e-02
0.117000	2.665157268383e-02
0.118000	3.194762290163e-02
0.119000	3.722501660731e-02
0.120000	4.248067195157e-02
0.121000	4.771151977968e-02
0.122000	5.291450542381e-02
0.123000	5.808659048687e-02
0.124000	6.322475461682e-02
0.125000	6.832599727051e-02
0.126000	7.338733946588e-02
0.127000	7.840582552162e-02
0.128000	8.337852478320e-02
0.129000	8.830253333427e-02
0.130000	9.317497569251e-02
0.131000	9.799300648878e-02
0.132000	1.027538121288e-01
0.133000	1.074546124361e-01
0.134000	1.120926622757e-01
0.135000	1.166652531571e-01
0.136000	1.211697148160e-01
0.137000	1.256034167737e-01
0.138000	1.299637698730e-01
0.139000	1.342482277905e-01
0.140000	1.384542885234e-01
0.141000	1.425794958508e-01
0.142000	1.466214407678e-01
0.143000	1.505777628922e-01
0.144000	1.544461518434e-01
0.145000	1.582243485912e-01
0.146000	1.619101467751e-01
0.147000	1.655013939927e-01
0.148000	1.689959930568e-01
0.149000	1.723919032200e-01
0.150000	1.756871413663e-01
0.151000	1.788797831694e-01
0.152000	1.819679642165e-01
0.153000	1.849498810968e-01
0.154000	1.878237924548e-01
0.155000	1.905880200072e-01
0.156000	1.932409495230e-01
0.157000	1.957810317660e-01
0.158000	1.982067833996e-01
0.159000	2.005167878534e-01
0.160000	2.027096961497e-01
0.161000	2.047842276918e-01
0.162000	2.067391710117e-01
0.163000	2.085733844776e-01
0.164000	2.102857969605e-01
0.165000	2.118754084597e-01
0.166000	2.133412906869e-01
0.167000	2.146825876081e-01
0.168000	2.158985159436e-01
0.169000	2.169883656256e-01
0.170000	2.179515002126e-01
0.171000	2.187873572610e-01
0.172000	2.194954486540e-01
0.173000	2.200753608860e-01
0.174000	2.205267553047e-01
0.175000	2.208493683083e-01
0.176000	2.210430115001e-01
0.177000	2.211075717978e-01
0.178000	2.210430115001e-01
0.179000	2.208493683083e-01
0.180000	2.205267553047e-01
0.181000	2.200753608860e-01
0.182000	2.194954486540e-01
0.183000	2.187873572610e-01
0.184000	2.179515002126e-01
0.185000	2.169883656256e-01
0.186000	2.158985159436e-01
0.187000	2.146825876081e-01
0.188000	2.133412906869e-01
0.189000	2.118754084597e-01
0.190000	2.102857969605e-01
0.191000	2.085733844776e-01
0.192000	2.067391710117e-01
0.193000	2.047842276918e-01
0.194000	2.027096961497e-01
0.195000	2.005167878534e-01
0.196000	1.982067833996e-01
0.197000	1.957810317660e-01
0.198000	1.932409495230e-01
0.199000	1.905880200072e-01
0.200000	1.878237924548e-01
0.201000	1.849498810968e-01
0.202000	1.819679642165e-01
0.203000	1.788797831694e-01
0.204000	1.756871413663e-01
0.205000	1.723919032200e-01
0.206000	1.689959930568e-01
0.207000	1.655013939927e-01
0.208000	1.619101467751e-01
0.209000	1.582243485912e-01
0.210000	1.544461518434e-01
0.211000	1.505777628922e-01
0.212000	1.466214407678e-01
0.213000	1.425794958508e-01
0.214000	1.384542885235e-01
0.215000	1.342482277905e-01
0.216000	1.299637698730e-01
0.217000	1.256034167737e-01
0.218000	1.211697148160e-01
0.219000	1.166652531571e-01
0.220000	1.120926622757e-01
0.221000	1.074546124361e-01
0.222000	1.027538121288e-01
0.223000	9.799300648878e-02
0.224000	9.317497569251e-02
0.225000	8.830253333427e-02
0.226000	8.337852478320e-02
0.227000	7.840582552162e-02
0.228000	7.338733946588e-02
0.229000	6.832599727051e-02
0.230000	6.322475461682e-02
0.231000	5.808659048687e-02
0.232000	5.291450542381e-02
0.233000	4.771151977968e-02
0.234000	4.248067195157e-02
0.235000	3.722501660731e-02
0.236000	3.194762290163e-02
0.237000	2.665157268383e-02
0.238000	2.133995869810e-02
0.239000	1.601588277743e-02
0.240000	1.068245403223e-02
0.241000	5.342787034703e-03
0.242000	2.707786800695e-17
0.243000	-5.342787034703e-03
0.244000	-1.068245403223e-02
0.245000	-1.601588277743e-02
0.246000	-2.133995869810e-02
0.247000	-2.665157268383e-02
0.248000	-3.194762290163e-02
0.249000	-3.722501660731e-02
0.250000	-4.248067195157e-02
0.251000	-4.771151977968e-02
0.252000	-5.291450542381e-02
0.253000	-5.808659048687e-02
0.254000	-6.322475461682e-02
0.255000	-6.832599727051e-02
0.256000	-7.338733946588e-02
0.257000	-7.840582552162e-02
0.258000	-8.337852478320e-02
0.259000	-8.830253333427e-02
0.260000	-9.317497569251e-02
0.261000	-9.799300648878e-02
0.262000	-1.027538121288e-01
0.263000	-1.074546124361e-01
0.264000	-1.120926622757e-01
0.265000	-1.166652531571e-01
0.266000	-1.211697148160e-01
0.267000	-1.256034167737e-01
0.268000	-1.299637698730e-01
0.269000	-1.342482277905e-01
0.270000	-1.384542885234e-01
0.271000	-1.425794958508e-01
0.272000	-1.466214407678e-01
0.273000	-1.505777628922e-01
0.274000	-1.544461518434e-01
0.275000	-1.582243485912e-01
0.276000	-1.619101467751e-01
0.277000	-1.655013939927e-01
0.278000	-1.689959930568e-01
0.279000	-1.723919032200e-01
0.280000	-1.756871413663e-01
0.281000	-1.788797831694e-01
0.282000	-1.819679642165e-01
0.283000	-1.849498810968e-01
0.284000	-1.878237924548e-01
0.285000	-1.905880200072e-01
0.286000	-1.932409495230e-01
0.287000	-1.957810317660e-01
0.288000	-1.982067833996e-01
0.289000	-2.005167878534e-01
0.290000	-2.027096961497e-01
0.291000	-2.047842276918e-01
0.292000	-2.067391710117e-01
0.293000	-2.085733844776e-01
0.294000	-2.102857969605e-01
0.295000	-2.118754084597e-01
0.296000	-2.133412906869e-01
0.297000	-2.146825876081e-01
0.298000	-2.158985159436e-01
0.299000	-2.169883656256e-01
0.300000	-2.179515002126e-01
0.301000	-2.187873572610e-01
0.302000	-2.194954486540e-01
0.303000	-2.200753608860e-01
0.304000	-2.205267553047e-01
0.305000	-2.208493683083e-01
0.306000	-2.210430115001e-01
0.307000	-2.211075717978e-01
0.308000	-2.210430115001e-01
0.309000	-2.208493683083e-01
0.310000	-2.205267553047e-01
0.311000	-2.200753608860e-01
0.312000	-2.194954486540e-01
0.313000	-2.187873572610e-01
0.314000	-2.179515002126e-01
0.315000	-2.169883656256e-01
0.316000	-2.158985159436e-01
0.317000	-2.146825876081e-01
0.318000	-2.133412906869e-01
0.319000	-2.118754084597e-01
0.320000	-2.102857969605e-01
0.321000	-2.085733844776e-01
0.322000	-2.067391710117e-01
0.323000	-2.047842276918e-01
0.324000	-2.027096961497e-01
0.325000	-2.005167878534e-01
0.326000	-1.982067833996e-01
0.327000	-1.957810317660e-01
0.328000	-1.932409495230e-01
0.329000	-1.905880200072e-01
0.330000	-1.878237924548e-01
0.331000	-1.849498810968e-01
0.332000	-1.819679642165e-01
0.333000	-1.788797831694e-01
0.334000	-1.756871413663e-01
0.335000	-1.723919032200e-01
0.336000	-1.689959930568e-01
0.337000	-1.655013939927e-01
0.338000	-1.619101467751e-01
0.339000	-1.582243485912e-01
0.340000	-1.544461518434e-01
0.341000	-1.505777628922e-01
0.342000	-1.466214407678e-01
0.343000	-1.425794958508e-01
0.344000	-1.384542885235e-01
0.345000	-1.342482277905e-01
0.346000	-1.299637698730e-01
0.347000	-1.256034167737e-01
0.348000	-1.211697148160e-01
0.349000	-1.166652531571e-01
0.350000	-1.120926622757e-01
0.351000	-1.074546124361e-01
0.352000	-1.027538121288e-01
0.353000	-9.799300648878e-02
0.354000	-9.317497569251e-02
0.355000	-8.830253333427e-02
0.356000	-8.337852478320e-02
0.357000	-7.840582552162e-02
0.358000	-7.338733946588e-02
0.359000	-6.832599727051e-02
0.360000	-6.322475461682e-02
0.361000	-5.808659048687e-02
0.362000	-5.291450542381e-02
0.363000	-4.771151977968e-02
0.364000	-4.248067195157e-02
0.365000	-3.722501660731e-02
0.366000	-3.194762290163e-02
0.367000	-2.665157268383e-02
0.368000	-2.133995869810e-02
0.369000	-1.601588277743e-02
0.370000	-1.068245403223e-02
0.371000	-5.342787034703e-03
0.372000	0.000000000000e+00
